Datetime,Ticker,Adj Close,Close,High,Low,Open,Volume
2024-07-03 09:30:00,AADI,1.350000023841858,1.350000023841858,1.350000023841858,1.350000023841858,1.350000023841858,15654.0
2024-07-03 09:30:00,ABCL,2.7720000743865967,2.7720000743865967,2.7899999618530273,2.759999990463257,2.7899999618530273,30561.0
2024-07-03 09:30:00,ABEO,4.255000114440918,4.255000114440918,4.255000114440918,4.2418999671936035,4.25,15491.0
2024-07-03 09:30:00,ABIO,3.680000066757202,3.680000066757202,3.740000009536743,3.569999933242798,3.740000009536743,7259.0
2024-07-03 09:30:00,ABOS,2.2899999618530273,2.2899999618530273,2.2899999618530273,2.2899999618530273,2.2899999618530273,3292.0
2024-07-03 09:30:00,ABSI,3.3399999141693115,3.3399999141693115,3.390000104904175,3.25,3.309999942779541,175963.0
2024-07-03 09:30:00,ABUS,3.1389999389648438,3.1389999389648438,3.1500000953674316,3.1389999389648438,3.1500000953674316,6415.0
2024-07-03 09:30:00,ACAD,15.819999694824219,15.819999694824219,15.880000114440918,15.819999694824219,15.880000114440918,0.0
2024-07-03 09:30:00,ACB,4.559999942779541,4.559999942779541,4.559999942779541,4.5,4.5,14468.0
2024-07-03 09:30:00,ACCD,3.5494000911712646,3.5494000911712646,3.569999933242798,3.5399999618530273,3.549999952316284,38103.0
2024-07-03 09:30:00,ACET,1.100000023841858,1.100000023841858,1.100000023841858,1.100000023841858,1.100000023841858,9927.0
2024-07-03 09:30:00,ACHC,66.63999938964844,66.63999938964844,66.63999938964844,66.63999938964844,66.63999938964844,0.0
2024-07-03 09:30:00,ACHL,0.833299994468689,0.833299994468689,0.833299994468689,0.833299994468689,0.833299994468689,0.0
2024-07-03 09:30:00,ACHV,4.559999942779541,4.559999942779541,4.559999942779541,4.559999942779541,4.559999942779541,4707.0
2024-07-03 09:30:00,ACIU,3.9000000953674316,3.9000000953674316,3.9000000953674316,3.9000000953674316,3.9000000953674316,10364.0
2024-07-03 09:30:00,ACLX,53.689998626708984,53.689998626708984,53.689998626708984,53.689998626708984,53.689998626708984,0.0
2024-07-03 09:30:00,ACON,0.29100000858306885,0.29100000858306885,0.29100000858306885,0.29100000858306885,0.29100000858306885,3630.0
2024-07-03 09:30:00,ACRS,1.1699999570846558,1.1699999570846558,1.1699999570846558,1.1699999570846558,1.1699999570846558,2842.0
2024-07-03 09:30:00,ACST,2.819999933242798,2.819999933242798,2.819999933242798,2.819999933242798,2.819999933242798,205.0
2024-07-03 09:30:00,ADAP,1.0499999523162842,1.0499999523162842,1.059999942779541,1.0499999523162842,1.0499999523162842,13514.0
2024-07-03 09:30:00,ADIL,1.0499999523162842,1.0499999523162842,1.0499999523162842,1.0499999523162842,1.0499999523162842,363.0
2024-07-03 09:30:00,ADMA,11.3100004196167,11.3100004196167,11.432999610900879,11.3100004196167,11.399999618530273,69525.0
2024-07-03 09:30:00,ADPT,3.3701000213623047,3.3701000213623047,3.380000114440918,3.369999885559082,3.380000114440918,6863.0
2024-07-03 09:30:00,ADVM,6.849999904632568,6.849999904632568,6.849999904632568,6.849999904632568,6.849999904632568,0.0
2024-07-03 09:30:00,AEMD,0.42879998683929443,0.42879998683929443,0.42879998683929443,0.41780000925064087,0.41780000925064087,85593.0
2024-07-03 09:30:00,AFIB,0.03200000151991844,0.03200000151991844,0.03200000151991844,0.03200000151991844,0.03200000151991844,0.0
2024-07-03 09:30:00,AFMD,5.119999885559082,5.119999885559082,5.119999885559082,5.119999885559082,5.119999885559082,1154.0
2024-07-03 09:30:00,AGEN,14.494999885559082,14.494999885559082,14.494999885559082,14.329999923706055,14.329999923706055,7730.0
2024-07-03 09:30:00,AGIO,42.36000061035156,42.36000061035156,42.36000061035156,42.36000061035156,42.36000061035156,0.0
2024-07-03 09:30:00,AGRX,1.409999966621399,1.409999966621399,1.409999966621399,1.409999966621399,1.409999966621399,0.0
2024-07-03 09:30:00,AHCO,9.880000114440918,9.880000114440918,9.920000076293945,9.850000381469727,9.920000076293945,0.0
2024-07-03 09:30:00,AIMD,0.8199999928474426,0.8199999928474426,0.8199999928474426,0.8199999928474426,0.8199999928474426,4485.0
2024-07-03 09:30:00,AIRS,3.9200000762939453,3.9200000762939453,3.9200000762939453,3.9200000762939453,3.9200000762939453,0.0
2024-07-03 09:30:00,AKBA,0.9648000001907349,0.9648000001907349,0.9668999910354614,0.9646999835968018,0.9646999835968018,18197.0
2024-07-03 09:30:00,AKRO,22.239999771118164,22.239999771118164,22.239999771118164,22.219999313354492,22.219999313354492,0.0
2024-07-03 09:30:00,AKYA,2.140000104904175,2.140000104904175,2.2100000381469727,2.140000104904175,2.2100000381469727,0.0
2024-07-03 09:30:00,ALDX,3.2200000286102295,3.2200000286102295,3.2200000286102295,3.2200000286102295,3.2200000286102295,0.0
2024-07-03 09:30:00,ALEC,4.270100116729736,4.270100116729736,4.369999885559082,4.270100116729736,4.369999885559082,0.0
2024-07-03 09:30:00,ALGN,240.38999938964844,240.38999938964844,240.5399932861328,240.00999450683594,240.00999450683594,4394.0
2024-07-03 09:30:00,ALGS,0.4050000011920929,0.4050000011920929,0.4050000011920929,0.4050000011920929,0.4050000011920929,3843.0
2024-07-03 09:30:00,ALHC,7.920000076293945,7.920000076293945,7.940000057220459,7.920000076293945,7.940000057220459,0.0
2024-07-03 09:30:00,ALIM,5.53000020980835,5.53000020980835,5.53000020980835,5.525000095367432,5.53000020980835,18165.0
2024-07-03 09:30:00,ALKS,24.3700008392334,24.3700008392334,24.3700008392334,24.3700008392334,24.3700008392334,0.0
2024-07-03 09:30:00,ALLK,0.8790000081062317,0.8790000081062317,0.8790000081062317,0.8623999953269958,0.8623999953269958,3477.0
2024-07-03 09:30:00,ALLO,2.180000066757202,2.180000066757202,2.200000047683716,2.1700000762939453,2.200000047683716,33074.0
2024-07-03 09:30:00,ALLR,0.21199999749660492,0.21199999749660492,0.21199999749660492,0.21199999749660492,0.21199999749660492,487110.0
2024-07-03 09:30:00,ALNY,247.5800018310547,247.5800018310547,247.62010192871094,247.3000030517578,247.3000030517578,12876.0
2024-07-03 09:30:00,ALT,6.760000228881836,6.760000228881836,6.789899826049805,6.75,6.769999980926514,42571.0
2024-07-03 09:30:00,ALVO,12.220000267028809,12.220000267028809,12.399999618530273,12.220000267028809,12.399999618530273,725.0
2024-07-03 09:30:00,ALVR,0.7350000143051147,0.7350000143051147,0.7350000143051147,0.7350000143051147,0.7350000143051147,1422.0
2024-07-03 09:30:00,ALXO,5.71999979019165,5.71999979019165,5.71999979019165,5.710000038146973,5.71999979019165,0.0
2024-07-03 09:30:00,ALZN,0.3797000050544739,0.3797000050544739,0.39590001106262207,0.3797000050544739,0.39590001106262207,0.0
2024-07-03 09:30:00,AMED,96.66999816894531,96.66999816894531,96.69000244140625,96.66999816894531,96.69000244140625,2804.0
2024-07-03 09:30:00,AMGN,311.989990234375,311.989990234375,312.4100036621094,311.0899963378906,311.489990234375,25174.0
2024-07-03 09:30:00,AMLX,1.75,1.75,1.75,1.75,1.75,47972.0
2024-07-03 09:30:00,AMPH,37.5,37.5,37.5,37.4900016784668,37.4900016784668,15854.0
2024-07-03 09:30:00,AMRN,0.7099999785423279,0.7099999785423279,0.7099999785423279,0.7099999785423279,0.7099999785423279,10611.0
2024-07-03 09:30:00,ANAB,24.59000015258789,24.59000015258789,24.59000015258789,24.59000015258789,24.59000015258789,8263.0
2024-07-03 09:30:00,ANEB,2.549999952316284,2.549999952316284,2.549999952316284,2.549999952316284,2.549999952316284,0.0
2024-07-03 09:30:00,ANGO,5.679999828338623,5.679999828338623,5.679999828338623,5.679999828338623,5.679999828338623,0.0
2024-07-03 09:30:00,ANIP,62.380001068115234,62.380001068115234,62.380001068115234,62.380001068115234,62.380001068115234,0.0
2024-07-03 09:30:00,ANIX,2.2699999809265137,2.2699999809265137,2.2699999809265137,2.2699999809265137,2.2699999809265137,242.0
2024-07-03 09:30:00,ANNX,4.663000106811523,4.663000106811523,4.663000106811523,4.630000114440918,4.659999847412109,46665.0
2024-07-03 09:30:00,ANTX,2.2899999618530273,2.2899999618530273,2.299999952316284,2.200000047683716,2.200000047683716,60164.0
2024-07-03 09:30:00,APDN,0.46149998903274536,0.46149998903274536,0.46720001101493835,0.46149998903274536,0.46720001101493835,120035.0
2024-07-03 09:30:00,APLS,35.439998626708984,35.439998626708984,35.72999954223633,35.439998626708984,35.72999954223633,9753.0
2024-07-03 09:30:00,APLT,4.349999904632568,4.349999904632568,4.349999904632568,4.349999904632568,4.349999904632568,4937.0
2024-07-03 09:30:00,APRE,3.7500998973846436,3.7500998973846436,3.7500998973846436,3.7200000286102295,3.7200000286102295,0.0
2024-07-03 09:30:00,APTO,0.7699999809265137,0.7699999809265137,0.7789999842643738,0.7699999809265137,0.7789999842643738,0.0
2024-07-03 09:30:00,APYX,1.340000033378601,1.340000033378601,1.340000033378601,1.340000033378601,1.340000033378601,0.0
2024-07-03 09:30:00,AQST,2.424999952316284,2.424999952316284,2.440000057220459,2.4100000858306885,2.4100000858306885,42242.0
2024-07-03 09:30:00,ARAY,1.75,1.75,1.75,1.75,1.75,1860.0
2024-07-03 09:30:00,ARCT,21.56999969482422,21.56999969482422,21.56999969482422,21.56999969482422,21.56999969482422,7794.0
2024-07-03 09:30:00,ARDX,5.460000038146973,5.460000038146973,5.559999942779541,5.429999828338623,5.559999942779541,781773.0
2024-07-03 09:30:00,ARGX,436.739990234375,436.739990234375,437.3500061035156,436.739990234375,437.0400085449219,3509.0
2024-07-03 09:30:00,ARQT,9.350000381469727,9.350000381469727,9.40999984741211,9.350000381469727,9.369999885559082,24207.0
2024-07-03 09:30:00,ARVN,24.850000381469727,24.850000381469727,25.149999618530273,24.850000381469727,24.8700008392334,3433.0
2024-07-03 09:30:00,ARWR,25.418800354003906,25.418800354003906,25.600000381469727,25.418800354003906,25.600000381469727,0.0
2024-07-03 09:30:00,ASMB,12.600000381469727,12.600000381469727,12.600000381469727,12.600000381469727,12.600000381469727,10062.0
2024-07-03 09:30:00,ASND,136.05999755859375,136.05999755859375,136.05999755859375,136.05999755859375,136.05999755859375,0.0
2024-07-03 09:30:00,ASRT,1.2187999486923218,1.2187999486923218,1.2187999486923218,1.2000000476837158,1.2000000476837158,35097.0
2024-07-03 09:30:00,ATAI,1.309999942779541,1.309999942779541,1.309999942779541,1.309999942779541,1.309999942779541,13693.0
2024-07-03 09:30:00,ATEC,10.020000457763672,10.020000457763672,10.140000343322754,9.960000038146973,9.960000038146973,0.0
2024-07-03 09:30:00,ATHA,2.5199999809265137,2.5199999809265137,2.5199999809265137,2.5199999809265137,2.5199999809265137,2232.0
2024-07-03 09:30:00,ATOS,1.1399999856948853,1.1399999856948853,1.1399999856948853,1.1399999856948853,1.1399999856948853,16165.0
2024-07-03 09:30:00,ATRA,7.610000133514404,7.610000133514404,7.610000133514404,7.610000133514404,7.610000133514404,1386.0
2024-07-03 09:30:00,ATRC,22.510000228881836,22.510000228881836,22.510000228881836,22.510000228881836,22.510000228881836,0.0
2024-07-03 09:30:00,ATRI,451.5,451.5,451.5,451.5,451.5,0.0
2024-07-03 09:30:00,ATXI,3.430000066757202,3.430000066757202,3.430000066757202,3.430000066757202,3.430000066757202,0.0
2024-07-03 09:30:00,ATXS,9.0,9.0,9.079999923706055,9.0,9.0,1490.0
2024-07-03 09:30:00,AUGX,0.9900000095367432,0.9900000095367432,0.9900000095367432,0.9900000095367432,0.9900000095367432,11100.0
2024-07-03 09:30:00,AUPH,5.380000114440918,5.380000114440918,5.420000076293945,5.360000133514404,5.420000076293945,33255.0
2024-07-03 09:30:00,AURA,7.179999828338623,7.179999828338623,7.179999828338623,7.179999828338623,7.179999828338623,0.0
2024-07-03 09:30:00,AUTL,3.484100103378296,3.484100103378296,3.484100103378296,3.4100000858306885,3.4100000858306885,5841.0
2024-07-03 09:30:00,AVAH,2.5100998878479004,2.5100998878479004,2.549999952316284,2.509999990463257,2.549999952316284,0.0
2024-07-03 09:30:00,AVDL,13.84000015258789,13.84000015258789,13.84000015258789,13.84000015258789,13.84000015258789,0.0
2024-07-03 09:30:00,AVIR,3.2200000286102295,3.2200000286102295,3.2200000286102295,3.2200000286102295,3.2200000286102295,0.0
2024-07-03 09:30:00,AVTE,1.649999976158142,1.649999976158142,1.6699999570846558,1.6299999952316284,1.6399999856948853,23908.0
2024-07-03 09:30:00,AVXL,4.159999847412109,4.159999847412109,4.197999954223633,4.150000095367432,4.150000095367432,0.0
2024-07-03 09:30:00,AWH,0.9433000087738037,0.9433000087738037,0.9433000087738037,0.9433000087738037,0.9433000087738037,12504.0
2024-07-03 09:30:00,AXGN,7.550000190734863,7.550000190734863,7.550000190734863,7.550000190734863,7.550000190734863,2944.0
2024-07-03 09:30:00,AXNX,67.19999694824219,67.19999694824219,67.5,67.19999694824219,67.5,2484.0
2024-07-03 09:30:00,AXSM,79.12000274658203,79.12000274658203,79.12000274658203,79.12000274658203,79.12000274658203,3723.0
2024-07-03 09:30:00,AZN,76.87000274658203,76.87000274658203,76.91999816894531,76.66000366210938,76.68000030517578,136832.0
2024-07-03 09:30:00,AZTA,51.529998779296875,51.529998779296875,51.529998779296875,51.529998779296875,51.529998779296875,0.0
2024-07-03 09:30:00,BBIO,25.020000457763672,25.020000457763672,25.219999313354492,25.020000457763672,25.020000457763672,8692.0
2024-07-03 09:30:00,BBLG,1.25,1.25,1.25,1.25,1.25,919.0
2024-07-03 09:30:00,BCAB,1.340000033378601,1.340000033378601,1.340000033378601,1.340000033378601,1.340000033378601,0.0
2024-07-03 09:30:00,BCDA,3.190000057220459,3.190000057220459,3.190000057220459,3.190000057220459,3.190000057220459,0.0
2024-07-03 09:30:00,BCLI,0.35010001063346863,0.35010001063346863,0.3528999984264374,0.35010001063346863,0.3528999984264374,5643.0
2024-07-03 09:30:00,BCRX,6.599999904632568,6.599999904632568,6.630000114440918,6.579999923706055,6.630000114440918,10740.0
2024-07-03 09:30:00,BCTX,1.0,1.0,1.0,1.0,1.0,0.0
2024-07-03 09:30:00,BCYC,19.84000015258789,19.84000015258789,19.84000015258789,19.84000015258789,19.84000015258789,0.0
2024-07-03 09:30:00,BDSX,1.590000033378601,1.590000033378601,1.6100000143051147,1.590000033378601,1.6100000143051147,0.0
2024-07-03 09:30:00,BDTX,4.150100231170654,4.150100231170654,4.230000019073486,4.150100231170654,4.230000019073486,6497.0
2024-07-03 09:30:00,BEAM,22.940000534057617,22.940000534057617,23.1200008392334,22.719999313354492,22.719999313354492,11302.0
2024-07-03 09:30:00,BEAT,3.0748000144958496,3.0748000144958496,3.109999895095825,3.069999933242798,3.069999933242798,21720.0
2024-07-03 09:30:00,BGNE,148.07000732421875,148.07000732421875,148.07000732421875,145.6033935546875,146.74000549316406,2585.0
2024-07-03 09:30:00,BGXX,0.2770000100135803,0.2770000100135803,0.2770000100135803,0.2770000100135803,0.2770000100135803,21885.0
2024-07-03 09:30:00,BIAF,2.200000047683716,2.200000047683716,2.200000047683716,2.200000047683716,2.200000047683716,1401.0
2024-07-03 09:30:00,BIIB,228.82000732421875,228.82000732421875,229.4499969482422,228.82000732421875,229.4499969482422,13848.0
2024-07-03 09:30:00,BIMI,1.2999999523162842,1.2999999523162842,1.2999999523162842,1.2999999523162842,1.2999999523162842,0.0
2024-07-03 09:30:00,BIOL,0.10000000149011612,0.10000000149011612,0.10000000149011612,0.10000000149011612,0.10000000149011612,0.0
2024-07-03 09:30:00,BIVI,0.4339999854564667,0.4339999854564667,0.43700000643730164,0.4242999851703644,0.4300000071525574,46810.0
2024-07-03 09:30:00,BJDX,0.6399999856948853,0.6399999856948853,0.6399999856948853,0.6399999856948853,0.6399999856948853,58510.0
2024-07-03 09:30:00,BLFS,20.360000610351562,20.360000610351562,20.3700008392334,20.360000610351562,20.3700008392334,0.0
2024-07-03 09:30:00,BLRX,0.5550000071525574,0.5550000071525574,0.5550000071525574,0.5425999760627747,0.5425999760627747,7674.0
2024-07-03 09:30:00,BLUE,0.9279999732971191,0.9279999732971191,0.9279999732971191,0.9261000156402588,0.9261000156402588,8337.0
2024-07-03 09:30:00,BMEA,4.429999828338623,4.429999828338623,4.460000038146973,4.429999828338623,4.440000057220459,12037.0
2024-07-03 09:30:00,BMRN,82.81999969482422,82.81999969482422,82.81999969482422,82.81999969482422,82.81999969482422,9544.0
2024-07-03 09:30:00,BNGO,0.5827999711036682,0.5827999711036682,0.5828999876976013,0.5799999833106995,0.5799999833106995,79204.0
2024-07-03 09:30:00,BNTC,9.100000381469727,9.100000381469727,9.100000381469727,9.100000381469727,9.100000381469727,2109.0
2024-07-03 09:30:00,BNTX,79.49500274658203,79.49500274658203,79.69000244140625,79.4000015258789,79.6500015258789,27041.0
2024-07-03 09:30:00,BPMC,110.43000030517578,110.43000030517578,110.43000030517578,110.43000030517578,110.43000030517578,2753.0
2024-07-03 09:30:00,BPTH,1.8799999952316284,1.8799999952316284,1.8799999952316284,1.8799999952316284,1.8799999952316284,0.0
2024-07-03 09:30:00,BRKR,61.8849983215332,61.8849983215332,62.22999954223633,61.79999923706055,62.22999954223633,7970.0
2024-07-03 09:30:00,BRTX,1.9199999570846558,1.9199999570846558,1.9199999570846558,1.9199999570846558,1.9199999570846558,2200.0
2024-07-03 09:30:00,BSGM,0.3400000035762787,0.3400000035762787,0.3400000035762787,0.3400000035762787,0.3400000035762787,0.0
2024-07-03 09:30:00,BTAI,1.1200000047683716,1.1200000047683716,1.121899962425232,1.1200000047683716,1.1200000047683716,25495.0
2024-07-03 09:30:00,BTCY,0.7699999809265137,0.7699999809265137,0.7699999809265137,0.7699999809265137,0.7699999809265137,2536.0
2024-07-03 09:30:00,BTMD,7.599999904632568,7.599999904632568,7.670000076293945,7.599999904632568,7.650000095367432,0.0
2024-07-03 09:30:00,BTTX,0.011300000362098217,0.011300000362098217,0.011300000362098217,0.011300000362098217,0.011300000362098217,0.0
2024-07-03 09:30:00,BVS,5.679999828338623,5.679999828338623,5.929999828338623,5.679999828338623,5.929999828338623,0.0
2024-07-03 09:30:00,BWAY,5.829999923706055,5.829999923706055,5.829999923706055,5.760000228881836,5.760000228881836,0.0
2024-07-03 09:30:00,BYSI,2.3399999141693115,2.3399999141693115,2.3399999141693115,2.3399999141693115,2.3399999141693115,0.0
2024-07-03 09:30:00,CABA,7.389999866485596,7.389999866485596,7.389999866485596,7.389999866485596,7.389999866485596,6473.0
2024-07-03 09:30:00,CADL,6.013599872589111,6.013599872589111,6.269999980926514,6.013599872589111,6.269999980926514,3472.0
2024-07-03 09:30:00,CALT,39.0099983215332,39.0099983215332,39.0099983215332,39.0099983215332,39.0099983215332,632.0
2024-07-03 09:30:00,CAPR,4.710000038146973,4.710000038146973,4.75,4.710000038146973,4.730000019073486,0.0
2024-07-03 09:30:00,CARA,0.2709999978542328,0.2709999978542328,0.2709999978542328,0.2709999978542328,0.2709999978542328,11095.0
2024-07-03 09:30:00,CASI,5.420000076293945,5.420000076293945,5.420000076293945,5.400000095367432,5.420000076293945,1949.0
2024-07-03 09:30:00,CCCC,4.505000114440918,4.505000114440918,4.505000114440918,4.480000019073486,4.480000019073486,28396.0
2024-07-03 09:30:00,CCRN,13.760000228881836,13.760000228881836,13.760000228881836,13.760000228881836,13.760000228881836,0.0
2024-07-03 09:30:00,CDMO,6.699999809265137,6.699999809265137,6.699999809265137,6.695000171661377,6.699999809265137,77540.0
2024-07-03 09:30:00,CDNA,15.039999961853027,15.039999961853027,15.039999961853027,15.039999961853027,15.039999961853027,0.0
2024-07-03 09:30:00,CDXC,2.569999933242798,2.569999933242798,2.569999933242798,2.569999933242798,2.569999933242798,0.0
2024-07-03 09:30:00,CDXS,2.9535000324249268,2.9535000324249268,2.9535000324249268,2.9200000762939453,2.9200000762939453,2216.0
2024-07-03 09:30:00,CELC,16.15999984741211,16.15999984741211,16.15999984741211,16.15999984741211,16.15999984741211,0.0
2024-07-03 09:30:00,CELU,3.200000047683716,3.200000047683716,3.200000047683716,3.200000047683716,3.200000047683716,0.0
2024-07-03 09:30:00,CELZ,3.7950000762939453,3.7950000762939453,3.7950000762939453,3.7300000190734863,3.7300000190734863,0.0
2024-07-03 09:30:00,CERE,41.435001373291016,41.435001373291016,41.56999969482422,41.34000015258789,41.470001220703125,3452.0
2024-07-03 09:30:00,CERS,1.7100000381469727,1.7100000381469727,1.7100000381469727,1.7000000476837158,1.7000000476837158,7812.0
2024-07-03 09:30:00,CERT,13.65999984741211,13.65999984741211,13.65999984741211,13.65999984741211,13.65999984741211,0.0
2024-07-03 09:30:00,CGC,6.364999771118164,6.364999771118164,6.364999771118164,6.300000190734863,6.300000190734863,44641.0
2024-07-03 09:30:00,CGEM,16.459999084472656,16.459999084472656,16.459999084472656,16.459999084472656,16.459999084472656,3150.0
2024-07-03 09:30:00,CGEN,1.7200000286102295,1.7200000286102295,1.7200000286102295,1.7200000286102295,1.7200000286102295,12162.0
2024-07-03 09:30:00,CGTX,1.7999999523162842,1.7999999523162842,1.7999999523162842,1.7999999523162842,1.7999999523162842,18933.0
2024-07-03 09:30:00,CHEK,1.9900000095367432,1.9900000095367432,1.9900000095367432,1.9900000095367432,1.9900000095367432,0.0
2024-07-03 09:30:00,CHRS,1.3885999917984009,1.3885999917984009,1.409999966621399,1.3848999738693237,1.409999966621399,33109.0
2024-07-03 09:30:00,CING,0.3149999976158142,0.3149999976158142,0.3149999976158142,0.3149999976158142,0.3149999976158142,59375.0
2024-07-03 09:30:00,CKPT,2.125,2.125,2.130000114440918,2.125,2.130000114440918,12793.0
2024-07-03 09:30:00,CLDX,37.2599983215332,37.2599983215332,37.2599983215332,37.2599983215332,37.2599983215332,3853.0
2024-07-03 09:30:00,CLGN,4.980000019073486,4.980000019073486,4.980000019073486,4.980000019073486,4.980000019073486,0.0
2024-07-03 09:30:00,CLLS,1.9700000286102295,1.9700000286102295,1.9700000286102295,1.9700000286102295,1.9700000286102295,632.0
2024-07-03 09:30:00,CLNN,0.3319999873638153,0.3319999873638153,0.3319999873638153,0.3319999873638153,0.3319999873638153,12603.0
2024-07-03 09:30:00,CLOV,1.2400000095367432,1.2400000095367432,1.2400000095367432,1.2200000286102295,1.2200000286102295,40434.0
2024-07-03 09:30:00,CLPT,5.320000171661377,5.320000171661377,5.320000171661377,5.320000171661377,5.320000171661377,0.0
2024-07-03 09:30:00,CLRB,2.449899911880493,2.449899911880493,2.449899911880493,2.390000104904175,2.390000104904175,7807.0
2024-07-03 09:30:00,CLSD,1.2300000190734863,1.2300000190734863,1.2300000190734863,1.2300000190734863,1.2300000190734863,2910.0
2024-07-03 09:30:00,CMAX,2.140000104904175,2.140000104904175,2.140000104904175,2.140000104904175,2.140000104904175,8660.0
2024-07-03 09:30:00,CMMB,0.9419000148773193,0.9419000148773193,0.9419000148773193,0.9419000148773193,0.9419000148773193,1.0
2024-07-03 09:30:00,CMPS,5.980000019073486,5.980000019073486,5.980000019073486,5.974999904632568,5.974999904632568,4521.0
2024-07-03 09:30:00,CMPX,0.9049999713897705,0.9049999713897705,0.9049999713897705,0.9049999713897705,0.9049999713897705,0.0
2024-07-03 09:30:00,CMRX,0.8700000047683716,0.8700000047683716,0.8700000047683716,0.8700000047683716,0.8700000047683716,1749.0
2024-07-03 09:30:00,CNSP,2.6519999504089355,2.6519999504089355,2.6700000762939453,2.6519999504089355,2.6519999504089355,17022318.0
2024-07-03 09:30:00,CNTA,8.800000190734863,8.800000190734863,8.800000190734863,8.800000190734863,8.800000190734863,1748.0
2024-07-03 09:30:00,CNTB,1.3600000143051147,1.3600000143051147,1.3600000143051147,1.3600000143051147,1.3600000143051147,3989.0
2024-07-03 09:30:00,CNTG,0.41100001335144043,0.41100001335144043,0.41100001335144043,0.41100001335144043,0.41100001335144043,8976.0
2024-07-03 09:30:00,CNTX,1.840000033378601,1.840000033378601,1.840000033378601,1.840000033378601,1.840000033378601,0.0
2024-07-03 09:30:00,COCP,2.3949999809265137,2.3949999809265137,2.3949999809265137,2.3949999809265137,2.3949999809265137,0.0
2024-07-03 09:30:00,COGT,8.300000190734863,8.300000190734863,8.329999923706055,8.25,8.25,6316.0
2024-07-03 09:30:00,COLL,32.150001525878906,32.150001525878906,32.150001525878906,32.150001525878906,32.150001525878906,0.0
2024-07-03 09:30:00,CORT,31.55500030517578,31.55500030517578,31.579999923706055,31.530000686645508,31.530000686645508,0.0
2024-07-03 09:30:00,COSM,1.0199999809265137,1.0199999809265137,1.031000018119812,1.0199999809265137,1.0199999809265137,82742.0
2024-07-03 09:30:00,CPRX,15.859999656677246,15.859999656677246,15.899999618530273,15.859999656677246,15.899999618530273,10070.0
2024-07-03 09:30:00,CRBP,48.279998779296875,48.279998779296875,48.279998779296875,48.279998779296875,48.279998779296875,0.0
2024-07-03 09:30:00,CRBU,1.600000023841858,1.600000023841858,1.6200000047683716,1.600000023841858,1.600000023841858,57862.0
2024-07-03 09:30:00,CRDF,2.0950000286102295,2.0950000286102295,2.0999999046325684,2.0799999237060547,2.0799999237060547,10177.0
2024-07-03 09:30:00,CRDL,1.9300999641418457,1.9300999641418457,1.9500000476837158,1.9300999641418457,1.9500000476837158,28018.0
2024-07-03 09:30:00,CRMD,4.170000076293945,4.170000076293945,4.170000076293945,4.150000095367432,4.150000095367432,0.0
2024-07-03 09:30:00,CRNX,45.470001220703125,45.470001220703125,45.470001220703125,45.470001220703125,45.470001220703125,0.0
2024-07-03 09:30:00,CRON,2.2799999713897705,2.2799999713897705,2.2799999713897705,2.259999990463257,2.259999990463257,32561.0
2024-07-03 09:30:00,CRSP,53.720001220703125,53.720001220703125,53.720001220703125,53.36000061035156,53.5099983215332,21156.0
2024-07-03 09:30:00,CRVS,1.7999999523162842,1.7999999523162842,1.7999999523162842,1.7999999523162842,1.7999999523162842,516.0
2024-07-03 09:30:00,CSTL,21.399999618530273,21.399999618530273,21.399999618530273,21.399999618530273,21.399999618530273,0.0
2024-07-03 09:30:00,CTKB,5.650000095367432,5.650000095367432,5.650000095367432,5.650000095367432,5.650000095367432,0.0
2024-07-03 09:30:00,CTMX,1.3200000524520874,1.3200000524520874,1.3200000524520874,1.3200000524520874,1.3200000524520874,3418.0
2024-07-03 09:30:00,CTSO,0.8598999977111816,0.8598999977111816,0.8598999977111816,0.8598999977111816,0.8598999977111816,4181.0
2024-07-03 09:30:00,CTXR,0.515999972820282,0.515999972820282,0.515999972820282,0.515999972820282,0.515999972820282,18762.0
2024-07-03 09:30:00,CUE,1.0800000429153442,1.0800000429153442,1.0800000429153442,1.0800000429153442,1.0800000429153442,2671.0
2024-07-03 09:30:00,CUTR,1.3650000095367432,1.3650000095367432,1.3799999952316284,1.3600000143051147,1.3600000143051147,5865.0
2024-07-03 09:30:00,CVAC,3.688699960708618,3.688699960708618,3.799999952316284,3.640000104904175,3.796999931335449,1958147.0
2024-07-03 09:30:00,CVRX,11.614800453186035,11.614800453186035,11.829999923706055,11.614800453186035,11.829999923706055,0.0
2024-07-03 09:30:00,CYTK,55.470001220703125,55.470001220703125,55.470001220703125,55.099998474121094,55.1349983215332,38575.0
2024-07-03 09:30:00,DARE,3.359999895095825,3.359999895095825,3.359999895095825,3.359999895095825,3.359999895095825,5946.0
2024-07-03 09:30:00,DAWN,13.680000305175781,13.680000305175781,13.680000305175781,13.579999923706055,13.579999923706055,0.0
2024-07-03 09:30:00,DCGO,2.997999906539917,2.997999906539917,2.997999906539917,2.9800000190734863,2.9800000190734863,0.0
2024-07-03 09:30:00,DCTH,7.920000076293945,7.920000076293945,7.920000076293945,7.920000076293945,7.920000076293945,3257.0
2024-07-03 09:30:00,DERM,5.25,5.25,5.25,5.25,5.25,0.0
2024-07-03 09:30:00,DH,5.498000144958496,5.498000144958496,5.498000144958496,5.449999809265137,5.449999809265137,0.0
2024-07-03 09:30:00,DMAC,2.869999885559082,2.869999885559082,2.869999885559082,2.809999942779541,2.809999942779541,2262.0
2024-07-03 09:30:00,DNLI,21.969999313354492,21.969999313354492,21.969999313354492,21.969999313354492,21.969999313354492,4044.0
2024-07-03 09:30:00,DRIO,1.1799999475479126,1.1799999475479126,1.1799999475479126,1.159999966621399,1.1799999475479126,0.0
2024-07-03 09:30:00,DRUG,1.1100000143051147,1.1100000143051147,1.1100000143051147,1.1100000143051147,1.1100000143051147,310.0
2024-07-03 09:30:00,DSGN,3.2300000190734863,3.2300000190734863,3.2300000190734863,3.2300000190734863,3.2300000190734863,0.0
2024-07-03 09:30:00,DTIL,9.5,9.5,9.5,9.399999618530273,9.399999618530273,1038.0
2024-07-03 09:30:00,DVAX,11.109999656677246,11.109999656677246,11.164999961853027,11.109999656677246,11.164999961853027,7158.0
2024-07-03 09:30:00,DXCM,111.6500015258789,111.6500015258789,112.48999786376953,111.6500015258789,112.4000015258789,98489.0
2024-07-03 09:30:00,DYAI,1.4800000190734863,1.4800000190734863,1.4800000190734863,1.4500000476837158,1.4500000476837158,0.0
2024-07-03 09:30:00,DYN,34.665000915527344,34.665000915527344,34.70000076293945,34.665000915527344,34.70000076293945,4879.0
2024-07-03 09:30:00,DYNT,0.22100000083446503,0.22100000083446503,0.22100000083446503,0.22100000083446503,0.22100000083446503,2016.0
2024-07-03 09:30:00,ECOR,6.25,6.25,6.25,6.25,6.25,0.0
2024-07-03 09:30:00,EDIT,4.650000095367432,4.650000095367432,4.659999847412109,4.579999923706055,4.599999904632568,35969.0
2024-07-03 09:30:00,EGRX,5.354800224304199,5.354800224304199,5.354800224304199,5.354800224304199,5.354800224304199,1265.0
2024-07-03 09:30:00,EKSO,1.0199999809265137,1.0199999809265137,1.0199999809265137,1.0199999809265137,1.0199999809265137,0.0
2024-07-03 09:30:00,ELDN,2.450000047683716,2.450000047683716,2.450000047683716,2.450000047683716,2.450000047683716,0.0
2024-07-03 09:30:00,ELEV,2.8299999237060547,2.8299999237060547,2.8299999237060547,2.8299999237060547,2.8299999237060547,30325.0
2024-07-03 09:30:00,EMBC,11.890000343322754,11.890000343322754,11.890000343322754,11.890000343322754,11.890000343322754,0.0
2024-07-03 09:30:00,ENLV,1.2999999523162842,1.2999999523162842,1.2999999523162842,1.2999999523162842,1.2999999523162842,2431.0
2024-07-03 09:30:00,ENSC,0.46129998564720154,0.46129998564720154,0.46129998564720154,0.46129998564720154,0.46129998564720154,2487.0
2024-07-03 09:30:00,ENSG,127.13500213623047,127.13500213623047,127.13500213623047,126.5199966430664,126.5199966430664,11999.0
2024-07-03 09:30:00,ENTA,13.479999542236328,13.479999542236328,13.479999542236328,13.479999542236328,13.479999542236328,0.0
2024-07-03 09:30:00,ENTX,1.7400000095367432,1.7400000095367432,1.7400000095367432,1.7100000381469727,1.7100000381469727,0.0
2024-07-03 09:30:00,ENVB,0.5533000230789185,0.5533000230789185,0.5533000230789185,0.5533000230789185,0.5533000230789185,9014.0
2024-07-03 09:30:00,EOLS,10.699999809265137,10.699999809265137,10.699999809265137,10.699999809265137,10.699999809265137,2958.0
2024-07-03 09:30:00,EQ,0.6710000038146973,0.6710000038146973,0.6710000038146973,0.6710000038146973,0.6710000038146973,3745.0
2024-07-03 09:30:00,ERAS,2.319999933242798,2.319999933242798,2.319999933242798,2.299999952316284,2.309999942779541,8671.0
2024-07-03 09:30:00,ESPR,2.3550000190734863,2.3550000190734863,2.359999895095825,2.3399999141693115,2.3399999141693115,173121.0
2024-07-03 09:30:00,ESTA,42.79999923706055,42.79999923706055,42.79999923706055,42.79999923706055,42.79999923706055,1267.0
2024-07-03 09:30:00,ETNB,7.659999847412109,7.659999847412109,7.659999847412109,7.659999847412109,7.659999847412109,0.0
2024-07-03 09:30:00,EVAX,2.890000104904175,2.890000104904175,2.890000104904175,2.890000104904175,2.890000104904175,0.0
2024-07-03 09:30:00,EVO,5.03000020980835,5.03000020980835,5.03000020980835,5.03000020980835,5.03000020980835,1818.0
2024-07-03 09:30:00,EWTX,18.399999618530273,18.399999618530273,18.399999618530273,18.399999618530273,18.399999618530273,6788.0
2024-07-03 09:30:00,EXAI,5.157299995422363,5.157299995422363,5.174499988555908,5.119999885559082,5.119999885559082,21261.0
2024-07-03 09:30:00,EXAS,43.7400016784668,43.7400016784668,43.7400016784668,43.279998779296875,43.61000061035156,21674.0
2024-07-03 09:30:00,EXEL,22.170000076293945,22.170000076293945,22.18000030517578,22.15999984741211,22.15999984741211,5573.0
2024-07-03 09:30:00,EYEN,0.7423999905586243,0.7423999905586243,0.7468000054359436,0.7400000095367432,0.7468000054359436,14993.0
2024-07-03 09:30:00,EYPT,8.029999732971191,8.029999732971191,8.029999732971191,7.949999809265137,7.989999771118164,4688.0
2024-07-03 09:30:00,FATE,3.190000057220459,3.190000057220459,3.2100000381469727,3.190000057220459,3.2100000381469727,8077.0
2024-07-03 09:30:00,FBIO,1.6878000497817993,1.6878000497817993,1.690000057220459,1.6878000497817993,1.690000057220459,5413.0
2024-07-03 09:30:00,FBIOP,16.0,16.0,16.0,16.0,16.0,0.0
2024-07-03 09:30:00,FBRX,0.5109999775886536,0.5109999775886536,0.5109999775886536,0.5109999775886536,0.5109999775886536,0.0
2024-07-03 09:30:00,FDMT,20.739999771118164,20.739999771118164,20.790000915527344,20.5,20.790000915527344,0.0
2024-07-03 09:30:00,FEMY,1.1399999856948853,1.1399999856948853,1.1399999856948853,1.1399999856948853,1.1399999856948853,0.0
2024-07-03 09:30:00,FENC,5.96999979019165,5.96999979019165,5.96999979019165,5.96999979019165,5.96999979019165,0.0
2024-07-03 09:30:00,FGEN,0.7429999709129333,0.7429999709129333,0.75,0.7429999709129333,0.7450000047683716,51662.0
2024-07-03 09:30:00,FHTX,5.679999828338623,5.679999828338623,5.679999828338623,5.480000019073486,5.480000019073486,0.0
2024-07-03 09:30:00,FLGC,1.0,1.0,1.0199999809265137,0.9760000109672546,1.0199999809265137,1831.0
2024-07-03 09:30:00,FLGT,20.0,20.0,20.0,20.0,20.0,0.0
2024-07-03 09:30:00,FOLD,9.949999809265137,9.949999809265137,9.949999809265137,9.949999809265137,9.949999809265137,0.0
2024-07-03 09:30:00,FORA,2.690000057220459,2.690000057220459,2.690000057220459,2.690000057220459,2.690000057220459,0.0
2024-07-03 09:30:00,FRTX,0.9100499749183655,0.9100499749183655,0.9100499749183655,0.9100499749183655,0.9100499749183655,0.0
2024-07-03 09:30:00,FULC,6.110000133514404,6.110000133514404,6.110000133514404,6.090000152587891,6.090000152587891,0.0
2024-07-03 09:30:00,GALT,2.299999952316284,2.299999952316284,2.299999952316284,2.2899999618530273,2.2899999618530273,1417.0
2024-07-03 09:30:00,GANX,1.190000057220459,1.190000057220459,1.190000057220459,1.190000057220459,1.190000057220459,15500.0
2024-07-03 09:30:00,GBIO,2.3499999046325684,2.3499999046325684,2.3499999046325684,2.3499999046325684,2.3499999046325684,0.0
2024-07-03 09:30:00,GDRX,7.78000020980835,7.78000020980835,7.820000171661377,7.78000020980835,7.800000190734863,3961.0
2024-07-03 09:30:00,GENE,1.399999976158142,1.399999976158142,1.399999976158142,1.399999976158142,1.399999976158142,0.0
2024-07-03 09:30:00,GERN,4.235000133514404,4.235000133514404,4.235000133514404,4.199999809265137,4.199999809265137,55401.0
2024-07-03 09:30:00,GH,28.549999237060547,28.549999237060547,28.81999969482422,28.549999237060547,28.81999969482422,7168.0
2024-07-03 09:30:00,GHRS,12.039999961853027,12.039999961853027,12.039999961853027,12.039999961853027,12.039999961853027,0.0
2024-07-03 09:30:00,GHSI,9.850000381469727,9.850000381469727,9.850000381469727,9.850000381469727,9.850000381469727,427.0
2024-07-03 09:30:00,GILD,68.11000061035156,68.11000061035156,68.33000183105469,68.05500030517578,68.23999786376953,63374.0
2024-07-03 09:30:00,GLMD,0.30000001192092896,0.30000001192092896,0.30000001192092896,0.30000001192092896,0.30000001192092896,2716.0
2024-07-03 09:30:00,GLPG,25.475000381469727,25.475000381469727,25.475000381469727,25.389999389648438,25.389999389648438,4830.0
2024-07-03 09:30:00,GLTO,0.4717000126838684,0.4717000126838684,0.4717000126838684,0.4717000126838684,0.4717000126838684,1174.0
2024-07-03 09:30:00,GLUE,3.638000011444092,3.638000011444092,3.638000011444092,3.5899999141693115,3.5899999141693115,4720.0
2024-07-03 09:30:00,GLYC,0.26669999957084656,0.26669999957084656,0.2687000036239624,0.26669999957084656,0.2687000036239624,62524.0
2024-07-03 09:30:00,GMAB,25.100000381469727,25.100000381469727,25.110000610351562,25.079999923706055,25.100000381469727,13962.0
2024-07-03 09:30:00,GOSS,0.9775000214576721,0.9775000214576721,0.9900000095367432,0.9775000214576721,0.9900000095367432,109645.0
2024-07-03 09:30:00,GOVX,3.210099935531616,3.210099935531616,3.25,3.210099935531616,3.25,64301.0
2024-07-03 09:30:00,GRFS,6.554999828338623,6.554999828338623,6.570000171661377,6.53000020980835,6.554999828338623,8650.0
2024-07-03 09:30:00,GRTS,0.5702999830245972,0.5702999830245972,0.5702999830245972,0.5699999928474426,0.5699999928474426,17322.0
2024-07-03 09:30:00,GTBP,2.7200000286102295,2.7200000286102295,2.7200000286102295,2.7200000286102295,2.7200000286102295,6560.0
2024-07-03 09:30:00,GTHX,2.440000057220459,2.440000057220459,2.450000047683716,2.440000057220459,2.450000047683716,3697.0
2024-07-03 09:30:00,HALO,51.3849983215332,51.3849983215332,51.538299560546875,51.27000045776367,51.459999084472656,7854.0
2024-07-03 09:30:00,HBIO,2.799999952316284,2.799999952316284,2.799999952316284,2.799999952316284,2.799999952316284,786.0
2024-07-03 09:30:00,HCAT,6.025000095367432,6.025000095367432,6.130000114440918,6.025000095367432,6.039999961853027,0.0
2024-07-03 09:30:00,HCM,17.389999389648438,17.389999389648438,17.389999389648438,17.389999389648438,17.389999389648438,0.0
2024-07-03 09:30:00,HCSG,11.229999542236328,11.229999542236328,11.229999542236328,11.229999542236328,11.229999542236328,4865.0
2024-07-03 09:30:00,HITI,2.130000114440918,2.130000114440918,2.130000114440918,2.119999885559082,2.119999885559082,16410.0
2024-07-03 09:30:00,HLVX,14.430000305175781,14.430000305175781,14.430000305175781,14.430000305175781,14.430000305175781,970.0
2024-07-03 09:30:00,HOLX,73.11000061035156,73.11000061035156,73.48999786376953,72.94999694824219,73.48999786376953,0.0
2024-07-03 09:30:00,HOOK,0.574999988079071,0.574999988079071,0.574999988079071,0.574999988079071,0.574999988079071,10345.0
2024-07-03 09:30:00,HOTH,0.8899999856948853,0.8899999856948853,0.8899999856948853,0.8899999856948853,0.8899999856948853,0.0
2024-07-03 09:30:00,HOWL,2.0950000286102295,2.0950000286102295,2.0950000286102295,2.0899999141693115,2.0899999141693115,4303.0
2024-07-03 09:30:00,HQY,84.97000122070312,84.97000122070312,85.20999908447266,84.97000122070312,85.20999908447266,0.0
2024-07-03 09:30:00,HRMY,30.079999923706055,30.079999923706055,30.079999923706055,30.079999923706055,30.079999923706055,1586.0
2024-07-03 09:30:00,HROW,21.399999618530273,21.399999618530273,21.399999618530273,21.030000686645508,21.030000686645508,0.0
2024-07-03 09:30:00,HRTX,2.765199899673462,2.765199899673462,2.7699999809265137,2.7300000190734863,2.759999990463257,145476.0
2024-07-03 09:30:00,HSCS,5.110000133514404,5.110000133514404,5.110000133514404,5.110000133514404,5.110000133514404,440.0
2024-07-03 09:30:00,HSDT,0.9700000286102295,0.9700000286102295,0.9700000286102295,0.9700000286102295,0.9700000286102295,790.0
2024-07-03 09:30:00,HSIC,65.78500366210938,65.78500366210938,65.93000030517578,65.38500213623047,65.79000091552734,13239.0
2024-07-03 09:30:00,HSTM,27.850000381469727,27.850000381469727,27.850000381469727,27.850000381469727,27.850000381469727,0.0
2024-07-03 09:30:00,HUGE,0.14990000426769257,0.14990000426769257,0.15000000596046448,0.14249999821186066,0.14300000667572021,102862.0
2024-07-03 09:30:00,HUMA,5.150000095367432,5.150000095367432,5.150000095367432,5.090000152587891,5.099999904632568,79445.0
2024-07-03 09:30:00,HYPR,0.9300000071525574,0.9300000071525574,0.9300000071525574,0.9300000071525574,0.9300000071525574,5996.0
2024-07-03 09:30:00,IART,29.15999984741211,29.15999984741211,29.15999984741211,29.15999984741211,29.15999984741211,0.0
2024-07-03 09:30:00,IBRX,6.199999809265137,6.199999809265137,6.213699817657471,6.179999828338623,6.179999828338623,35791.0
2024-07-03 09:30:00,ICAD,1.1950000524520874,1.1950000524520874,1.2000000476837158,1.1950000524520874,1.2000000476837158,9077.0
2024-07-03 09:30:00,ICCM,0.7400000095367432,0.7400000095367432,0.7400000095367432,0.7400000095367432,0.7400000095367432,1397.0
2024-07-03 09:30:00,ICLR,319.92999267578125,319.92999267578125,323.010009765625,318.3399963378906,323.010009765625,13903.0
2024-07-03 09:30:00,ICUI,117.4800033569336,117.4800033569336,117.4800033569336,117.4800033569336,117.4800033569336,0.0
2024-07-03 09:30:00,IDXX,475.9100036621094,475.9100036621094,475.9100036621094,475.9100036621094,475.9100036621094,5337.0
2024-07-03 09:30:00,IDYA,33.75,33.75,33.93000030517578,33.525001525878906,33.93000030517578,0.0
2024-07-03 09:30:00,IFRX,1.7400000095367432,1.7400000095367432,1.7400000095367432,1.7400000095367432,1.7400000095367432,0.0
2024-07-03 09:30:00,IGMS,6.46999979019165,6.46999979019165,6.46999979019165,6.46999979019165,6.46999979019165,0.0
2024-07-03 09:30:00,IINN,1.388700008392334,1.388700008392334,1.399999976158142,1.388700008392334,1.399999976158142,0.0
2024-07-03 09:30:00,IKT,1.149999976158142,1.149999976158142,1.149999976158142,1.149999976158142,1.149999976158142,0.0
2024-07-03 09:30:00,ILMN,105.32499694824219,105.32499694824219,105.91000366210938,105.32499694824219,105.44000244140625,16123.0
2024-07-03 09:30:00,IMAB,1.559999942779541,1.559999942779541,1.559999942779541,1.559999942779541,1.559999942779541,9372.0
2024-07-03 09:30:00,IMCC,0.4399000108242035,0.4399000108242035,0.4399000108242035,0.4399000108242035,0.4399000108242035,3965.0
2024-07-03 09:30:00,IMCR,35.0,35.0,35.0,35.0,35.0,0.0
2024-07-03 09:30:00,IMMP,1.9500000476837158,1.9500000476837158,1.9500000476837158,1.9500000476837158,1.9500000476837158,8886.0
2024-07-03 09:30:00,IMMX,2.0450000762939453,2.0450000762939453,2.049999952316284,2.0299999713897705,2.0299999713897705,9095.0
2024-07-03 09:30:00,IMNM,11.949999809265137,11.949999809265137,11.949999809265137,11.770000457763672,11.770000457763672,10419.0
2024-07-03 09:30:00,IMRX,1.100000023841858,1.100000023841858,1.100000023841858,1.100000023841858,1.100000023841858,0.0
2024-07-03 09:30:00,IMTX,12.039999961853027,12.039999961853027,12.039999961853027,12.039999961853027,12.039999961853027,0.0
2024-07-03 09:30:00,IMUX,1.1399999856948853,1.1399999856948853,1.1399999856948853,1.1399999856948853,1.1399999856948853,4651.0
2024-07-03 09:30:00,IMVT,26.700000762939453,26.700000762939453,26.700000762939453,26.700000762939453,26.700000762939453,2904.0
2024-07-03 09:30:00,INAB,0.8080000281333923,0.8080000281333923,0.8082000017166138,0.8080000281333923,0.8082000017166138,4637.0
2024-07-03 09:30:00,INBX,13.850000381469727,13.850000381469727,13.850000381469727,13.550000190734863,13.550000190734863,1835.0
2024-07-03 09:30:00,INCR,2.049999952316284,2.049999952316284,2.049999952316284,2.049999952316284,2.049999952316284,2705.0
2024-07-03 09:30:00,INCY,59.220001220703125,59.220001220703125,59.220001220703125,58.90999984741211,59.119998931884766,26797.0
2024-07-03 09:30:00,INDP,2.1600000858306885,2.1600000858306885,2.1600000858306885,2.1600000858306885,2.1600000858306885,3231.0
2024-07-03 09:30:00,INGN,7.71999979019165,7.71999979019165,7.71999979019165,7.71999979019165,7.71999979019165,0.0
2024-07-03 09:30:00,INKT,0.8899999856948853,0.8899999856948853,0.8899999856948853,0.8899999856948853,0.8899999856948853,774.0
2024-07-03 09:30:00,INM,0.24770000576972961,0.24770000576972961,0.24770000576972961,0.24770000576972961,0.24770000576972961,91646.0
2024-07-03 09:30:00,INMB,8.199999809265137,8.199999809265137,8.202799797058105,8.199999809265137,8.199999809265137,0.0
2024-07-03 09:30:00,INMD,17.524999618530273,17.524999618530273,17.524999618530273,17.440000534057617,17.450000762939453,19663.0
2024-07-03 09:30:00,INO,8.545000076293945,8.545000076293945,8.574999809265137,8.420000076293945,8.420000076293945,5029.0
2024-07-03 09:30:00,INSM,64.2699966430664,64.2699966430664,64.5,64.20500183105469,64.5,23550.0
2024-07-03 09:30:00,INVA,16.530000686645508,16.530000686645508,16.530000686645508,16.43000030517578,16.43000030517578,0.0
2024-07-03 09:30:00,INVO,0.7684999704360962,0.7684999704360962,0.7684999704360962,0.7684999704360962,0.7684999704360962,676.0
2024-07-03 09:30:00,INZY,4.460000038146973,4.460000038146973,4.460000038146973,4.460000038146973,4.460000038146973,0.0
2024-07-03 09:30:00,IONM,0.33000001311302185,0.33000001311302185,0.33000001311302185,0.33000001311302185,0.33000001311302185,78792.0
2024-07-03 09:30:00,IONS,44.869998931884766,44.869998931884766,44.869998931884766,44.869998931884766,44.869998931884766,20845.0
2024-07-03 09:30:00,IOVA,7.78000020980835,7.78000020980835,7.809999942779541,7.769999980926514,7.78000020980835,52092.0
2024-07-03 09:30:00,IPA,1.0499999523162842,1.0499999523162842,1.0499999523162842,1.0499999523162842,1.0499999523162842,2166.0
2024-07-03 09:30:00,IPSC,2.2200000286102295,2.2200000286102295,2.2200000286102295,2.2200000286102295,2.2200000286102295,0.0
2024-07-03 09:30:00,IRIX,1.98989999294281,1.98989999294281,2.0,1.98989999294281,1.9900000095367432,2250.0
2024-07-03 09:30:00,IRTC,98.61000061035156,98.61000061035156,98.61000061035156,98.61000061035156,98.61000061035156,0.0
2024-07-03 09:30:00,IRWD,6.239999771118164,6.239999771118164,6.239999771118164,6.239999771118164,6.239999771118164,8132.0
2024-07-03 09:30:00,ISPC,0.2946999967098236,0.2946999967098236,0.2946999967098236,0.2946999967098236,0.2946999967098236,4955.0
2024-07-03 09:30:00,ISRG,437.05999755859375,437.05999755859375,439.0,436.6400146484375,439.0,27271.0
2024-07-03 09:30:00,ITCI,67.68000030517578,67.68000030517578,68.26000213623047,67.68000030517578,67.80999755859375,9157.0
2024-07-03 09:30:00,ITOS,14.59000015258789,14.59000015258789,14.59000015258789,14.59000015258789,14.59000015258789,22504.0
2024-07-03 09:30:00,ITRM,1.100000023841858,1.100000023841858,1.100000023841858,1.100000023841858,1.100000023841858,0.0
2024-07-03 09:30:00,IVVD,1.1100000143051147,1.1100000143051147,1.1100000143051147,1.1100000143051147,1.1100000143051147,2611.0
2024-07-03 09:30:00,IXHL,2.799999952316284,2.799999952316284,2.8499999046325684,2.799999952316284,2.8499999046325684,2847.0
2024-07-03 09:30:00,JAGX,3.4200000762939453,3.4200000762939453,3.450000047683716,3.4200000762939453,3.450000047683716,9111.0
2024-07-03 09:30:00,JANX,39.130001068115234,39.130001068115234,39.130001068115234,39.119998931884766,39.119998931884766,4305.0
2024-07-03 09:30:00,JAZZ,105.44000244140625,105.44000244140625,105.44000244140625,105.44000244140625,105.44000244140625,5131.0
2024-07-03 09:30:00,JSPR,22.920000076293945,22.920000076293945,22.920000076293945,22.920000076293945,22.920000076293945,401.0
2024-07-03 09:30:00,JYNT,13.5,13.5,13.5,13.5,13.5,0.0
2024-07-03 09:30:00,KALA,6.579999923706055,6.579999923706055,6.579999923706055,6.579999923706055,6.579999923706055,1301.0
2024-07-03 09:30:00,KALV,11.4399995803833,11.4399995803833,11.4399995803833,11.4399995803833,11.4399995803833,0.0
2024-07-03 09:30:00,KIDS,29.524999618530273,29.524999618530273,29.579999923706055,29.3700008392334,29.3700008392334,0.0
2024-07-03 09:30:00,KMDA,5.429999828338623,5.429999828338623,5.429999828338623,5.429999828338623,5.429999828338623,23997.0
2024-07-03 09:30:00,KNSA,18.84000015258789,18.84000015258789,18.84000015258789,18.117399215698242,18.5,4045.0
2024-07-03 09:30:00,KOD,2.240000009536743,2.240000009536743,2.240000009536743,2.240000009536743,2.240000009536743,3856.0
2024-07-03 09:30:00,KPRX,4.232500076293945,4.232500076293945,4.25,4.232500076293945,4.25,4196.0
2024-07-03 09:30:00,KPTI,0.8582000136375427,0.8582000136375427,0.8582000136375427,0.8317000269889832,0.8317000269889832,4796.0
2024-07-03 09:30:00,KRMD,2.319999933242798,2.319999933242798,2.319999933242798,2.319999933242798,2.319999933242798,0.0
2024-07-03 09:30:00,KRON,1.1799999475479126,1.1799999475479126,1.1799999475479126,1.1799999475479126,1.1799999475479126,3912.0
2024-07-03 09:30:00,KROS,43.040000915527344,43.040000915527344,43.040000915527344,43.040000915527344,43.040000915527344,0.0
2024-07-03 09:30:00,KRYS,179.0,179.0,179.0,178.41000366210938,178.41000366210938,1134.0
2024-07-03 09:30:00,KTRA,0.265500009059906,0.265500009059906,0.265500009059906,0.265500009059906,0.265500009059906,210651.0
2024-07-03 09:30:00,KURA,20.7549991607666,20.7549991607666,20.7549991607666,20.719999313354492,20.719999313354492,3187.0
2024-07-03 09:30:00,KYMR,30.459999084472656,30.459999084472656,30.459999084472656,30.459999084472656,30.459999084472656,0.0
2024-07-03 09:30:00,KZIA,0.20999999344348907,0.20999999344348907,0.2142000049352646,0.20999999344348907,0.2142000049352646,2863.0
2024-07-03 09:30:00,KZR,0.5789999961853027,0.5789999961853027,0.5789999961853027,0.5789999961853027,0.5789999961853027,0.0
2024-07-03 09:30:00,LAB,1.7799999713897705,1.7799999713897705,1.784999966621399,1.7799999713897705,1.7799999713897705,3846.0
2024-07-03 09:30:00,LBPH,31.18000030517578,31.18000030517578,31.18000030517578,31.0,31.0,8353.0
2024-07-03 09:30:00,LEGN,44.279998779296875,44.279998779296875,44.65999984741211,44.279998779296875,44.65999984741211,4167.0
2024-07-03 09:30:00,LEXX,2.640000104904175,2.640000104904175,2.640000104904175,2.640000104904175,2.640000104904175,1178.0
2024-07-03 09:30:00,LFLY,2.0,2.0,2.0,2.0,2.0,14913.0
2024-07-03 09:30:00,LFMD,6.679999828338623,6.679999828338623,6.684999942779541,6.610000133514404,6.684999942779541,3875.0
2024-07-03 09:30:00,LFST,5.050000190734863,5.050000190734863,5.079999923706055,5.050000190734863,5.079999923706055,4943.0
2024-07-03 09:30:00,LGVN,1.68340003490448,1.68340003490448,1.68340003490448,1.6699999570846558,1.6699999570846558,44728.0
2024-07-03 09:30:00,LIVN,52.65999984741211,52.65999984741211,52.88999938964844,52.65999984741211,52.88999938964844,0.0
2024-07-03 09:30:00,LNSR,4.300000190734863,4.300000190734863,4.300000190734863,4.300000190734863,4.300000190734863,0.0
2024-07-03 09:30:00,LNTH,78.27999877929688,78.27999877929688,78.30000305175781,78.27999877929688,78.30000305175781,6897.0
2024-07-03 09:30:00,LOGC,5.610000133514404,5.610000133514404,5.610000133514404,5.610000133514404,5.610000133514404,5174.0
2024-07-03 09:30:00,LPTX,1.7200000286102295,1.7200000286102295,1.7200000286102295,1.7200000286102295,1.7200000286102295,0.0
2024-07-03 09:30:00,LQDA,11.96500015258789,11.96500015258789,11.96500015258789,11.899999618530273,11.899999618530273,4723.0
2024-07-03 09:30:00,LRMR,7.679999828338623,7.679999828338623,7.739999771118164,7.675000190734863,7.739999771118164,7239.0
2024-07-03 09:30:00,LSTA,3.680000066757202,3.680000066757202,3.680000066757202,3.680000066757202,3.680000066757202,0.0
2024-07-03 09:30:00,LTRN,4.380000114440918,4.380000114440918,4.380000114440918,4.380000114440918,4.380000114440918,1446.0
2024-07-03 09:30:00,LUCD,0.7649999856948853,0.7649999856948853,0.7649999856948853,0.7599999904632568,0.7599999904632568,9183.0
2024-07-03 09:30:00,LUCY,0.48500001430511475,0.48500001430511475,0.49000000953674316,0.47999998927116394,0.47999998927116394,278137.0
2024-07-03 09:30:00,LUCYW,0.08060000091791153,0.08060000091791153,0.08060000091791153,0.08060000091791153,0.08060000091791153,0.0
2024-07-03 09:30:00,LUMO,2.240000009536743,2.240000009536743,2.240000009536743,2.240000009536743,2.240000009536743,0.0
2024-07-03 09:30:00,LUNG,6.369999885559082,6.369999885559082,6.369999885559082,6.369999885559082,6.369999885559082,0.0
2024-07-03 09:30:00,LVTX,1.8799999952316284,1.8799999952316284,1.8799999952316284,1.8799999952316284,1.8799999952316284,0.0
2024-07-03 09:30:00,LXRX,1.6100000143051147,1.6100000143051147,1.6299999952316284,1.6074999570846558,1.6299999952316284,68925.0
2024-07-03 09:30:00,LYEL,1.4541000127792358,1.4541000127792358,1.4800000190734863,1.4541000127792358,1.4800000190734863,11259.0
2024-07-03 09:30:00,LYRA,0.2799000144004822,0.2799000144004822,0.2799000144004822,0.2799000144004822,0.2799000144004822,32277.0
2024-07-03 09:30:00,MASI,113.47000122070312,113.47000122070312,114.08999633789062,113.47000122070312,114.08999633789062,4951.0
2024-07-03 09:30:00,MASS,4.75,4.75,4.75,4.75,4.75,1591.0
2024-07-03 09:30:00,MBIO,0.5270000100135803,0.5270000100135803,0.5328999757766724,0.5199999809265137,0.5199999809265137,561160.0
2024-07-03 09:30:00,MBOT,0.9905999898910522,0.9905999898910522,0.9990000128746033,0.9904999732971191,0.9904999732971191,350446.0
2024-07-03 09:30:00,MCRB,0.7009999752044678,0.7009999752044678,0.7087000012397766,0.7009999752044678,0.7009999752044678,31918.0
2024-07-03 09:30:00,MDWD,15.5,15.5,15.5,15.5,15.5,568.0
2024-07-03 09:30:00,MDXG,6.820000171661377,6.820000171661377,6.820000171661377,6.769999980926514,6.769999980926514,0.0
2024-07-03 09:30:00,MDXH,2.2699999809265137,2.2699999809265137,2.2699999809265137,2.2699999809265137,2.2699999809265137,3509.0
2024-07-03 09:30:00,ME,0.3919999897480011,0.3919999897480011,0.4000000059604645,0.3919999897480011,0.4000000059604645,394711.0
2024-07-03 09:30:00,MEDP,404.6099853515625,404.6099853515625,404.6099853515625,404.6099853515625,404.6099853515625,1731.0
2024-07-03 09:30:00,MEDS,16.600000381469727,16.600000381469727,17.510000228881836,16.559999465942383,17.510000228881836,12016.0
2024-07-03 09:30:00,MESO,6.5,6.5,6.539999961853027,6.5,6.539999961853027,18159.0
2024-07-03 09:30:00,MGNX,4.099999904632568,4.099999904632568,4.110000133514404,4.099999904632568,4.099999904632568,6750.0
2024-07-03 09:30:00,MGTX,3.950000047683716,3.950000047683716,3.950000047683716,3.950000047683716,3.950000047683716,0.0
2024-07-03 09:30:00,MIRM,34.029998779296875,34.029998779296875,34.14440155029297,33.7599983215332,33.7599983215332,0.0
2024-07-03 09:30:00,MIST,1.340000033378601,1.340000033378601,1.340000033378601,1.340000033378601,1.340000033378601,1296.0
2024-07-03 09:30:00,MLTX,40.4900016784668,40.4900016784668,40.4900016784668,40.029998779296875,40.029998779296875,0.0
2024-07-03 09:30:00,MMSI,86.88999938964844,86.88999938964844,86.88999938964844,86.88999938964844,86.88999938964844,0.0
2024-07-03 09:30:00,MNKD,5.070000171661377,5.070000171661377,5.070000171661377,5.050000190734863,5.050000190734863,14567.0
2024-07-03 09:30:00,MNMD,7.025000095367432,7.025000095367432,7.025000095367432,7.0,7.0,36773.0
2024-07-03 09:30:00,MNOV,1.440000057220459,1.440000057220459,1.440000057220459,1.440000057220459,1.440000057220459,395.0
2024-07-03 09:30:00,MODD,1.5199999809265137,1.5199999809265137,1.5199999809265137,1.5199999809265137,1.5199999809265137,166.0
2024-07-03 09:30:00,MODV,28.319900512695312,28.319900512695312,28.5,28.319900512695312,28.5,4092.0
2024-07-03 09:30:00,MOLN,6.59499979019165,6.59499979019165,6.610000133514404,6.460000038146973,6.579999923706055,882.0
2024-07-03 09:30:00,MOR,18.149999618530273,18.149999618530273,18.149999618530273,18.149999618530273,18.149999618530273,1024.0
2024-07-03 09:30:00,MORF,31.459999084472656,31.459999084472656,31.459999084472656,31.459999084472656,31.459999084472656,0.0
2024-07-03 09:30:00,MOVE,0.3009999990463257,0.3009999990463257,0.3009999990463257,0.3009999990463257,0.3009999990463257,7396.0
2024-07-03 09:30:00,MREO,3.440000057220459,3.440000057220459,3.450000047683716,3.369999885559082,3.4000000953674316,26307.0
2024-07-03 09:30:00,MRKR,5.300000190734863,5.300000190734863,5.300000190734863,5.300000190734863,5.300000190734863,0.0
2024-07-03 09:30:00,MRNA,119.16000366210938,119.16000366210938,119.27069854736328,118.41000366210938,118.48999786376953,131632.0
2024-07-03 09:30:00,MRNS,1.1950000524520874,1.1950000524520874,1.2000000476837158,1.1950000524520874,1.2000000476837158,8875.0
2024-07-03 09:30:00,MRSN,1.8650000095367432,1.8650000095367432,1.8799999952316284,1.8650000095367432,1.8799999952316284,0.0
2024-07-03 09:30:00,MRUS,53.099998474121094,53.099998474121094,53.099998474121094,53.099998474121094,53.099998474121094,811.0
2024-07-03 09:30:00,MRVI,6.789999961853027,6.789999961853027,6.840000152587891,6.739999771118164,6.829999923706055,11581.0
2024-07-03 09:30:00,MTEM,1.159999966621399,1.159999966621399,1.159999966621399,1.159999966621399,1.159999966621399,0.0
2024-07-03 09:30:00,MXCT,3.6500000953674316,3.6500000953674316,3.740000009536743,3.6500000953674316,3.680000066757202,6468.0
2024-07-03 09:30:00,MYGN,24.899999618530273,24.899999618530273,24.899999618530273,24.899999618530273,24.899999618530273,0.0
2024-07-03 09:30:00,MYNZ,0.33889999985694885,0.33889999985694885,0.33889999985694885,0.33889999985694885,0.33889999985694885,25403.0
2024-07-03 09:30:00,NARI,49.720001220703125,49.720001220703125,49.720001220703125,49.45000076293945,49.45000076293945,3641.0
2024-07-03 09:30:00,NAUT,2.2899999618530273,2.2899999618530273,2.2899999618530273,2.2899999618530273,2.2899999618530273,0.0
2024-07-03 09:30:00,NBIX,138.625,138.625,138.625,138.1199951171875,138.1199951171875,4651.0
2024-07-03 09:30:00,NBTX,5.400000095367432,5.400000095367432,5.400000095367432,5.309999942779541,5.309999942779541,1041.0
2024-07-03 09:30:00,NCNA,2.549999952316284,2.549999952316284,2.549999952316284,2.549999952316284,2.549999952316284,0.0
2024-07-03 09:30:00,NDRA,0.08820000290870667,0.08820000290870667,0.08820000290870667,0.08810000121593475,0.08820000290870667,416247.0
2024-07-03 09:30:00,NEO,13.760000228881836,13.760000228881836,13.760000228881836,13.760000228881836,13.760000228881836,4671.0
2024-07-03 09:30:00,NEOG,15.109999656677246,15.109999656677246,15.180000305175781,15.109999656677246,15.180000305175781,8668.0
2024-07-03 09:30:00,NERV,3.119999885559082,3.119999885559082,3.119999885559082,3.119999885559082,3.119999885559082,720.0
2024-07-03 09:30:00,NKTR,1.2000000476837158,1.2000000476837158,1.2100000381469727,1.1699999570846558,1.1699999570846558,62614.0
2024-07-03 09:30:00,NKTX,5.21999979019165,5.21999979019165,5.330999851226807,5.210000038146973,5.260000228881836,20966.0
2024-07-03 09:30:00,NLSP,0.19550000131130219,0.19550000131130219,0.2045000046491623,0.19550000131130219,0.2045000046491623,195884.0
2024-07-03 09:30:00,NMTC,0.8600000143051147,0.8600000143051147,0.8600000143051147,0.8600000143051147,0.8600000143051147,612.0
2024-07-03 09:30:00,NNOX,7.005000114440918,7.005000114440918,7.005000114440918,6.929999828338623,6.929999828338623,32244.0
2024-07-03 09:30:00,NOTV,1.6100000143051147,1.6100000143051147,1.6100000143051147,1.6100000143051147,1.6100000143051147,3992.0
2024-07-03 09:30:00,NPCE,7.25,7.25,7.25,7.25,7.25,0.0
2024-07-03 09:30:00,NRBO,4.599999904632568,4.599999904632568,4.599999904632568,4.599999904632568,4.599999904632568,1352.0
2024-07-03 09:30:00,NRC,22.850000381469727,22.850000381469727,22.850000381469727,22.850000381469727,22.850000381469727,0.0
2024-07-03 09:30:00,NRIX,19.0,19.0,19.165000915527344,18.950000762939453,19.0,0.0
2024-07-03 09:30:00,NRSN,1.3799999952316284,1.3799999952316284,1.3799999952316284,1.3080999851226807,1.309999942779541,72939.0
2024-07-03 09:30:00,NTLA,22.420000076293945,22.420000076293945,22.5,22.149999618530273,22.420000076293945,20217.0
2024-07-03 09:30:00,NTRA,111.44000244140625,111.44000244140625,111.44000244140625,111.44000244140625,111.44000244140625,4961.0
2024-07-03 09:30:00,NTRB,5.730000019073486,5.730000019073486,5.730000019073486,5.730000019073486,5.730000019073486,3124.0
2024-07-03 09:30:00,NURO,3.5999999046325684,3.5999999046325684,3.5999999046325684,3.5999999046325684,3.5999999046325684,518.0
2024-07-03 09:30:00,NUTX,5.889999866485596,5.889999866485596,5.889999866485596,5.889999866485596,5.889999866485596,5200.0
2024-07-03 09:30:00,NUVL,72.66999816894531,72.66999816894531,72.66999816894531,72.66999816894531,72.66999816894531,0.0
2024-07-03 09:30:00,NUWE,4.150100231170654,4.150100231170654,4.230000019073486,4.150000095367432,4.179999828338623,16405.0
2024-07-03 09:30:00,NVAX,12.984999656677246,12.984999656677246,13.029999732971191,12.9399995803833,12.979999542236328,132037.0
2024-07-03 09:30:00,NVCR,16.790000915527344,16.790000915527344,16.920000076293945,16.790000915527344,16.84000015258789,12411.0
2024-07-03 09:30:00,NVCT,6.090000152587891,6.090000152587891,6.090000152587891,6.090000152587891,6.090000152587891,0.0
2024-07-03 09:30:00,NVNO,5.05019998550415,5.05019998550415,5.130000114440918,5.05019998550415,5.130000114440918,0.0
2024-07-03 09:30:00,NVOS,0.7549999952316284,0.7549999952316284,0.7609999775886536,0.7549999952316284,0.7609999775886536,26906.0
2024-07-03 09:30:00,NXL,1.559399962425232,1.559399962425232,1.559399962425232,1.5399999618530273,1.5399999618530273,34282.0
2024-07-03 09:30:00,NYXH,7.349999904632568,7.349999904632568,7.349999904632568,7.349999904632568,7.349999904632568,948.0
2024-07-03 09:30:00,OCGN,1.6449999809265137,1.6449999809265137,1.649999976158142,1.5700000524520874,1.600000023841858,294232.0
2024-07-03 09:30:00,OCUL,6.699999809265137,6.699999809265137,6.699999809265137,6.690000057220459,6.690000057220459,5456.0
2024-07-03 09:30:00,OCUP,1.5399999618530273,1.5399999618530273,1.5399999618530273,1.5399999618530273,1.5399999618530273,5073.0
2024-07-03 09:30:00,OFIX,13.279999732971191,13.279999732971191,13.279999732971191,13.279999732971191,13.279999732971191,0.0
2024-07-03 09:30:00,OGI,1.5149999856948853,1.5149999856948853,1.518399953842163,1.5099999904632568,1.5149999856948853,13726.0
2024-07-03 09:30:00,OLK,25.8799991607666,25.8799991607666,25.8799991607666,25.809999465942383,25.8700008392334,0.0
2024-07-03 09:30:00,OLMA,10.350000381469727,10.350000381469727,10.350000381469727,10.350000381469727,10.350000381469727,5993.0
2024-07-03 09:30:00,OM,3.7200000286102295,3.7200000286102295,3.815000057220459,3.690000057220459,3.7699999809265137,0.0
2024-07-03 09:30:00,OMCL,26.030000686645508,26.030000686645508,26.34000015258789,25.889999389648438,26.34000015258789,0.0
2024-07-03 09:30:00,OMER,3.859999895095825,3.859999895095825,3.859999895095825,3.859999895095825,3.859999895095825,1961.0
2024-07-03 09:30:00,OMGA,2.105799913406372,2.105799913406372,2.105799913406372,2.0899999141693115,2.0999999046325684,2474.0
2024-07-03 09:30:00,OMIC,8.510000228881836,8.510000228881836,8.510000228881836,8.510000228881836,8.510000228881836,0.0
2024-07-03 09:30:00,ONCY,1.0299999713897705,1.0299999713897705,1.0299999713897705,1.0099999904632568,1.0099999904632568,2104.0
2024-07-03 09:30:00,ONVO,0.75,0.75,0.75,0.75,0.75,2073.0
2024-07-03 09:31:00,AADI,1.3450000286102295,1.3450000286102295,1.3450000286102295,1.3450000286102295,1.3450000286102295,754.0
2024-07-03 09:31:00,ABCL,2.7699999809265137,2.7699999809265137,2.7799999713897705,2.7699999809265137,2.7799999713897705,2219.0
2024-07-03 09:31:00,ABEO,4.235000133514404,4.235000133514404,4.253699779510498,4.21999979019165,4.239999771118164,1800.0
2024-07-03 09:31:00,ABIO,3.700000047683716,3.700000047683716,3.734999895095825,3.569999933242798,3.569999933242798,3805.0
2024-07-03 09:31:00,ABSI,3.339099884033203,3.339099884033203,3.3399999141693115,3.2799999713897705,3.3285000324249268,36774.0
2024-07-03 09:31:00,ABUS,3.1449999809265137,3.1449999809265137,3.1449999809265137,3.140000104904175,3.140000104904175,1771.0
2024-07-03 09:31:00,ACAD,15.869999885559082,15.869999885559082,15.869999885559082,15.869999885559082,15.869999885559082,833.0
2024-07-03 09:31:00,ACB,4.539999961853027,4.539999961853027,4.539999961853027,4.520699977874756,4.520699977874756,1560.0
2024-07-03 09:31:00,ACCD,3.4907000064849854,3.4907000064849854,3.559999942779541,3.4800000190734863,3.549999952316284,25025.0
2024-07-03 09:31:00,ACET,1.100000023841858,1.100000023841858,1.1100000143051147,1.100000023841858,1.1100000143051147,869.0
2024-07-03 09:31:00,ACHC,66.81999969482422,66.81999969482422,66.81999969482422,66.81999969482422,66.81999969482422,1047.0
2024-07-03 09:31:00,ADAP,1.0499999523162842,1.0499999523162842,1.0499999523162842,1.0499999523162842,1.0499999523162842,547.0
2024-07-03 09:31:00,ADIL,1.0400999784469604,1.0400999784469604,1.0400999784469604,1.0400999784469604,1.0400999784469604,1920.0
2024-07-03 09:31:00,ADMA,11.319999694824219,11.319999694824219,11.359999656677246,11.290499687194824,11.319999694824219,13470.0
2024-07-03 09:31:00,ADPT,3.369999885559082,3.369999885559082,3.4000000953674316,3.369999885559082,3.4000000953674316,2204.0
2024-07-03 09:31:00,AGEN,14.469499588012695,14.469499588012695,14.515000343322754,14.270099639892578,14.515000343322754,6376.0
2024-07-03 09:31:00,AHCO,9.880000114440918,9.880000114440918,9.880000114440918,9.880000114440918,9.880000114440918,341.0
2024-07-03 09:31:00,AKAN,2.235100030899048,2.235100030899048,2.235100030899048,2.235100030899048,2.235100030899048,3288.0
2024-07-03 09:31:00,AKBA,0.9692999720573425,0.9692999720573425,0.9692999720573425,0.9692999720573425,0.9692999720573425,5039.0
2024-07-03 09:31:00,AKRO,22.25,22.25,22.25,22.209999084472656,22.209999084472656,1549.0
2024-07-03 09:31:00,ALEC,4.309999942779541,4.309999942779541,4.340000152587891,4.309999942779541,4.335000038146973,488.0
2024-07-03 09:31:00,ALHC,7.989999771118164,7.989999771118164,7.989999771118164,7.989999771118164,7.989999771118164,1765.0
2024-07-03 09:31:00,ALKS,24.190000534057617,24.190000534057617,24.190000534057617,24.190000534057617,24.190000534057617,428.0
2024-07-03 09:31:00,ALLK,0.8790000081062317,0.8790000081062317,0.8798999786376953,0.8603000044822693,0.8798999786376953,781.0
2024-07-03 09:31:00,ALLO,2.1500000953674316,2.1500000953674316,2.184999942779541,2.1500000953674316,2.180000066757202,11369.0
2024-07-03 09:31:00,ALLR,0.21089999377727509,0.21089999377727509,0.2125999927520752,0.21089999377727509,0.21199999749660492,24032.0
2024-07-03 09:31:00,ALNY,246.69000244140625,246.69000244140625,247.0854949951172,245.77000427246094,247.0854949951172,5542.0
2024-07-03 09:31:00,ALT,6.78000020980835,6.78000020980835,6.795000076293945,6.75,6.769999980926514,12586.0
2024-07-03 09:31:00,ALXO,5.724999904632568,5.724999904632568,5.744500160217285,5.71999979019165,5.71999979019165,2613.0
2024-07-03 09:31:00,AMED,96.45999908447266,96.45999908447266,96.45999908447266,96.45999908447266,96.45999908447266,422.0
2024-07-03 09:31:00,AMGN,311.6700134277344,311.6700134277344,312.5398864746094,311.6700134277344,312.5398864746094,2911.0
2024-07-03 09:31:00,AMLX,1.7200000286102295,1.7200000286102295,1.7450000047683716,1.7200000286102295,1.7450000047683716,21829.0
2024-07-03 09:31:00,AMPH,37.904998779296875,37.904998779296875,38.0,37.72999954223633,37.72999954223633,4782.0
2024-07-03 09:31:00,AMRN,0.7074999809265137,0.7074999809265137,0.7074999809265137,0.7074999809265137,0.7074999809265137,3977.0
2024-07-03 09:31:00,ANAB,25.219999313354492,25.219999313354492,25.25,24.5,24.5,4837.0
2024-07-03 09:31:00,ANIK,26.020000457763672,26.020000457763672,26.020000457763672,26.020000457763672,26.020000457763672,0.0
2024-07-03 09:31:00,ANNX,4.650000095367432,4.650000095367432,4.670000076293945,4.619999885559082,4.630000114440918,11847.0
2024-07-03 09:31:00,ANTX,2.299999952316284,2.299999952316284,2.299999952316284,2.265000104904175,2.2899999618530273,728.0
2024-07-03 09:31:00,APDN,0.4699999988079071,0.4699999988079071,0.4699999988079071,0.4699999988079071,0.4699999988079071,400.0
2024-07-03 09:31:00,APLS,35.51499938964844,35.51499938964844,35.51499938964844,35.45000076293945,35.45000076293945,683.0
2024-07-03 09:31:00,APLT,4.360000133514404,4.360000133514404,4.364999771118164,4.340000152587891,4.340000152587891,7859.0
2024-07-03 09:31:00,AQST,2.4100000858306885,2.4100000858306885,2.4193999767303467,2.4100000858306885,2.4193999767303467,2430.0
2024-07-03 09:31:00,ARCT,21.520000457763672,21.520000457763672,21.520000457763672,21.479999542236328,21.479999542236328,1622.0
2024-07-03 09:31:00,ARDX,5.309999942779541,5.309999942779541,5.454999923706055,5.309999942779541,5.454999923706055,107180.0
2024-07-03 09:31:00,ARGX,436.4849853515625,436.4849853515625,436.4849853515625,435.70001220703125,435.70001220703125,887.0
2024-07-03 09:31:00,ARQT,9.415499687194824,9.415499687194824,9.429900169372559,9.350000381469727,9.350000381469727,7741.0
2024-07-03 09:31:00,ARWR,25.802600860595703,25.802600860595703,25.802600860595703,25.802600860595703,25.802600860595703,644.0
2024-07-03 09:31:00,ASND,135.10000610351562,135.10000610351562,135.2100067138672,134.97999572753906,135.2100067138672,2806.0
2024-07-03 09:31:00,ASRT,1.215000033378601,1.215000033378601,1.219599962234497,1.2100000381469727,1.2100000381469727,9493.0
2024-07-03 09:31:00,ATEC,10.109999656677246,10.109999656677246,10.109999656677246,10.109999656677246,10.109999656677246,0.0
2024-07-03 09:31:00,ATRC,22.18000030517578,22.18000030517578,22.31999969482422,22.18000030517578,22.31999969482422,552.0
2024-07-03 09:31:00,ATXS,9.050000190734863,9.050000190734863,9.069999694824219,9.050000190734863,9.069999694824219,439.0
2024-07-03 09:31:00,AUGX,0.9800000190734863,0.9800000190734863,0.9810000061988831,0.9800000190734863,0.9810000061988831,1509.0
2024-07-03 09:31:00,AUPH,5.429999828338623,5.429999828338623,5.429999828338623,5.384699821472168,5.384699821472168,5461.0
2024-07-03 09:31:00,AUTL,3.450000047683716,3.450000047683716,3.450000047683716,3.450000047683716,3.450000047683716,0.0
2024-07-03 09:31:00,AVAH,2.586899995803833,2.586899995803833,2.586899995803833,2.586899995803833,2.586899995803833,1018.0
2024-07-03 09:31:00,AVTE,1.649999976158142,1.649999976158142,1.649999976158142,1.649999976158142,1.649999976158142,101.0
2024-07-03 09:31:00,AVXL,4.190000057220459,4.190000057220459,4.215199947357178,4.179999828338623,4.204999923706055,1044.0
2024-07-03 09:31:00,AWH,0.9599999785423279,0.9599999785423279,0.9599999785423279,0.9599999785423279,0.9599999785423279,3555.0
2024-07-03 09:31:00,AXNX,67.23999786376953,67.23999786376953,67.23999786376953,67.2300033569336,67.2300033569336,388.0
2024-07-03 09:31:00,AZN,76.83000183105469,76.83000183105469,76.95999908447266,76.77999877929688,76.84130096435547,17617.0
2024-07-03 09:31:00,BBIO,25.030000686645508,25.030000686645508,25.040000915527344,25.030000686645508,25.040000915527344,1283.0
2024-07-03 09:31:00,BCRX,6.590000152587891,6.590000152587891,6.610000133514404,6.579999923706055,6.579999923706055,1634.0
2024-07-03 09:31:00,BDTX,4.184999942779541,4.184999942779541,4.184999942779541,4.184999942779541,4.184999942779541,1108.0
2024-07-03 09:31:00,BEAM,22.920000076293945,22.920000076293945,22.94499969482422,22.780000686645508,22.940000534057617,5940.0
2024-07-03 09:31:00,BGNE,147.09500122070312,147.09500122070312,147.09500122070312,147.09500122070312,147.09500122070312,564.0
2024-07-03 09:31:00,BIIB,228.09500122070312,228.09500122070312,228.97999572753906,228.09500122070312,228.97999572753906,1360.0
2024-07-03 09:31:00,BIVI,0.41200000047683716,0.41200000047683716,0.43389999866485596,0.41200000047683716,0.43389999866485596,6571.0
2024-07-03 09:31:00,BJDX,0.6503999829292297,0.6503999829292297,0.6503999829292297,0.6503999829292297,0.6503999829292297,502.0
2024-07-03 09:31:00,BLUE,0.9240999817848206,0.9240999817848206,0.9294999837875366,0.9240000247955322,0.9269999861717224,2940.0
2024-07-03 09:31:00,BMEA,4.368000030517578,4.368000030517578,4.400000095367432,4.349999904632568,4.400000095367432,6034.0
2024-07-03 09:31:00,BMRN,82.54000091552734,82.54000091552734,82.54000091552734,82.5,82.5,2044.0
2024-07-03 09:31:00,BNGO,0.5927000045776367,0.5927000045776367,0.5927000045776367,0.5813999772071838,0.5813999772071838,2900.0
2024-07-03 09:31:00,BNTX,79.41000366210938,79.41000366210938,79.43000030517578,79.41000366210938,79.43000030517578,1021.0
2024-07-03 09:31:00,BPMC,110.37999725341797,110.37999725341797,110.37999725341797,110.16999816894531,110.30000305175781,1237.0
2024-07-03 09:31:00,BPTH,1.850000023841858,1.850000023841858,1.850000023841858,1.850000023841858,1.850000023841858,22020.0
2024-07-03 09:31:00,BVS,5.764999866485596,5.764999866485596,5.769999980926514,5.670000076293945,5.679999828338623,7902.0
2024-07-03 09:31:00,CABA,7.400000095367432,7.400000095367432,7.427999973297119,7.369999885559082,7.369999885559082,1745.0
2024-07-03 09:31:00,CARA,0.2750999927520752,0.2750999927520752,0.2750999927520752,0.2750999927520752,0.2750999927520752,410.0
2024-07-03 09:31:00,CCCC,4.508500099182129,4.508500099182129,4.508500099182129,4.494999885559082,4.505000114440918,1300.0
2024-07-03 09:31:00,CCRN,13.829999923706055,13.829999923706055,13.829999923706055,13.829999923706055,13.829999923706055,161.0
2024-07-03 09:31:00,CDMO,6.672399997711182,6.672399997711182,6.699999809265137,6.672399997711182,6.699999809265137,11299.0
2024-07-03 09:31:00,CDNA,14.899999618530273,14.899999618530273,14.9350004196167,14.899999618530273,14.9350004196167,799.0
2024-07-03 09:31:00,CELZ,3.786799907684326,3.786799907684326,3.786799907684326,3.786799907684326,3.786799907684326,500.0
2024-07-03 09:31:00,CERE,41.41999816894531,41.41999816894531,41.560001373291016,41.41999816894531,41.560001373291016,5995.0
2024-07-03 09:31:00,CGC,6.322299957275391,6.322299957275391,6.360000133514404,6.322299957275391,6.360000133514404,6346.0
2024-07-03 09:31:00,CGEM,16.209999084472656,16.209999084472656,16.209999084472656,16.209999084472656,16.209999084472656,477.0
2024-07-03 09:31:00,CGEN,1.7100000381469727,1.7100000381469727,1.7100000381469727,1.7100000381469727,1.7100000381469727,0.0
2024-07-03 09:31:00,CHRS,1.375,1.375,1.3799999952316284,1.375,1.3799999952316284,8236.0
2024-07-03 09:31:00,CING,0.3151000142097473,0.3151000142097473,0.3151000142097473,0.3151000142097473,0.3151000142097473,10000.0
2024-07-03 09:31:00,CLOV,1.2300000190734863,1.2300000190734863,1.2350000143051147,1.2300000190734863,1.2350000143051147,9173.0
2024-07-03 09:31:00,CMPS,6.041999816894531,6.041999816894531,6.041999816894531,6.0,6.0,2629.0
2024-07-03 09:31:00,CNSP,2.850100040435791,2.850100040435791,2.880000114440918,2.630000114440918,2.6600000858306885,1325993.0
2024-07-03 09:31:00,CODX,1.2300000190734863,1.2300000190734863,1.2300000190734863,1.2300000190734863,1.2300000190734863,1917.0
2024-07-03 09:31:00,COGT,8.300000190734863,8.300000190734863,8.300000190734863,8.300000190734863,8.300000190734863,543.0
2024-07-03 09:31:00,COLL,31.899999618530273,31.899999618530273,31.899999618530273,31.899999618530273,31.899999618530273,266.0
2024-07-03 09:31:00,CORT,31.190000534057617,31.190000534057617,31.55500030517578,31.09000015258789,31.530000686645508,4314.0
2024-07-03 09:31:00,COSM,1.027500033378601,1.027500033378601,1.027500033378601,1.0200999975204468,1.020300030708313,11674.0
2024-07-03 09:31:00,CRBU,1.6050000190734863,1.6050000190734863,1.6100000143051147,1.600000023841858,1.600000023841858,11940.0
2024-07-03 09:31:00,CRDL,1.940000057220459,1.940000057220459,1.940000057220459,1.9249999523162842,1.9249999523162842,0.0
2024-07-03 09:31:00,CRMD,4.139999866485596,4.139999866485596,4.139999866485596,4.139999866485596,4.139999866485596,836.0
2024-07-03 09:31:00,CRNX,45.380001068115234,45.380001068115234,45.380001068115234,45.380001068115234,45.380001068115234,2381.0
2024-07-03 09:31:00,CRON,2.2799999713897705,2.2799999713897705,2.2799999713897705,2.2699999809265137,2.2799999713897705,11864.0
2024-07-03 09:31:00,CRSP,53.13999938964844,53.13999938964844,53.66999816894531,53.13999938964844,53.66999816894531,3913.0
2024-07-03 09:31:00,CRVS,1.7699999809265137,1.7699999809265137,1.7699999809265137,1.7699999809265137,1.7699999809265137,84.0
2024-07-03 09:31:00,CTXR,0.5199999809265137,0.5199999809265137,0.5199999809265137,0.5199999809265137,0.5199999809265137,600.0
2024-07-03 09:31:00,CUTR,1.3601000308990479,1.3601000308990479,1.3601000308990479,1.3600000143051147,1.3600000143051147,3056.0
2024-07-03 09:31:00,CVAC,3.609999895095825,3.609999895095825,3.7100000381469727,3.5999999046325684,3.6700000762939453,118465.0
2024-07-03 09:31:00,DAWN,13.359999656677246,13.359999656677246,13.359999656677246,13.359999656677246,13.359999656677246,184.0
2024-07-03 09:31:00,DCGO,2.9600000381469727,2.9600000381469727,2.9600000381469727,2.950000047683716,2.9600000381469727,3430.0
2024-07-03 09:31:00,DH,5.4822001457214355,5.4822001457214355,5.489999771118164,5.4822001457214355,5.489999771118164,666.0
2024-07-03 09:31:00,DNLI,21.8700008392334,21.8700008392334,21.8700008392334,21.8700008392334,21.8700008392334,187.0
2024-07-03 09:31:00,DRIO,1.1799999475479126,1.1799999475479126,1.1799999475479126,1.1799999475479126,1.1799999475479126,0.0
2024-07-03 09:31:00,DTIL,9.399999618530273,9.399999618530273,9.415900230407715,9.399999618530273,9.415900230407715,700.0
2024-07-03 09:31:00,DVAX,11.0600004196167,11.0600004196167,11.149999618530273,11.0600004196167,11.119999885559082,1336.0
2024-07-03 09:31:00,DXCM,111.68000030517578,111.68000030517578,112.03500366210938,111.68000030517578,111.76499938964844,2257.0
2024-07-03 09:31:00,DYN,34.45000076293945,34.45000076293945,34.5099983215332,34.41999816894531,34.5099983215332,1477.0
2024-07-03 09:31:00,EDIT,4.570000171661377,4.570000171661377,4.650000095367432,4.559999942779541,4.650000095367432,6562.0
2024-07-03 09:31:00,EGRX,5.289999961853027,5.289999961853027,5.289999961853027,5.289999961853027,5.289999961853027,0.0
2024-07-03 09:31:00,ELEV,2.7300000190734863,2.7300000190734863,2.839900016784668,2.7300000190734863,2.839900016784668,0.0
2024-07-03 09:31:00,EMBC,11.8100004196167,11.8100004196167,11.880000114440918,11.8100004196167,11.880000114440918,775.0
2024-07-03 09:31:00,ENSG,127.57640075683594,127.57640075683594,128.11500549316406,127.0,127.0,7884.0
2024-07-03 09:31:00,ENTA,13.975000381469727,13.975000381469727,13.975000381469727,13.975000381469727,13.975000381469727,112.0
2024-07-03 09:31:00,ERAS,2.309999942779541,2.309999942779541,2.319999933242798,2.299999952316284,2.319999933242798,4159.0
2024-07-03 09:31:00,ESPR,2.3450000286102295,2.3450000286102295,2.359999895095825,2.3450000286102295,2.3550000190734863,20669.0
2024-07-03 09:31:00,ETNB,7.699999809265137,7.699999809265137,7.699999809265137,7.693900108337402,7.693900108337402,946.0
2024-07-03 09:31:00,EVO,5.039999961853027,5.039999961853027,5.039999961853027,5.039999961853027,5.039999961853027,154.0
2024-07-03 09:31:00,EWTX,18.270000457763672,18.270000457763672,18.270000457763672,18.200000762939453,18.25,2389.0
2024-07-03 09:31:00,EXAS,43.630001068115234,43.630001068115234,43.72999954223633,43.619998931884766,43.72999954223633,3534.0
2024-07-03 09:31:00,EXEL,22.139999389648438,22.139999389648438,22.139999389648438,22.1299991607666,22.139999389648438,724.0
2024-07-03 09:31:00,EYEN,0.7253999710083008,0.7253999710083008,0.7253999710083008,0.7253999710083008,0.7253999710083008,5957.0
2024-07-03 09:31:00,EYPT,8.015000343322754,8.015000343322754,8.09000015258789,8.010000228881836,8.09000015258789,163.0
2024-07-03 09:31:00,FATE,3.2149999141693115,3.2149999141693115,3.2149999141693115,3.190000057220459,3.190000057220459,1478.0
2024-07-03 09:31:00,FDMT,20.760000228881836,20.760000228881836,20.760000228881836,20.510000228881836,20.510000228881836,494.0
2024-07-03 09:31:00,FENC,5.980100154876709,5.980100154876709,5.980100154876709,5.980100154876709,5.980100154876709,513.0
2024-07-03 09:31:00,FGEN,0.7401000261306763,0.7401000261306763,0.7443000078201294,0.7400000095367432,0.7443000078201294,9589.0
2024-07-03 09:31:00,FHTX,5.514999866485596,5.514999866485596,5.514999866485596,5.482500076293945,5.482500076293945,710.0
2024-07-03 09:31:00,FOLD,9.949999809265137,9.949999809265137,9.989999771118164,9.949999809265137,9.989999771118164,317.0
2024-07-03 09:31:00,FULC,6.099999904632568,6.099999904632568,6.099999904632568,6.099999904632568,6.099999904632568,984.0
2024-07-03 09:31:00,GERN,4.270199775695801,4.270199775695801,4.28000020980835,4.230000019073486,4.230000019073486,34140.0
2024-07-03 09:31:00,GH,28.65999984741211,28.65999984741211,28.65999984741211,28.65999984741211,28.65999984741211,217.0
2024-07-03 09:31:00,GILD,67.94499969482422,67.94499969482422,68.14450073242188,67.91999816894531,68.14450073242188,3480.0
2024-07-03 09:31:00,GLPG,25.40999984741211,25.40999984741211,25.40999984741211,25.389999389648438,25.40999984741211,1287.0
2024-07-03 09:31:00,GLUE,3.70989990234375,3.70989990234375,3.70989990234375,3.640000104904175,3.640000104904175,552.0
2024-07-03 09:31:00,GLYC,0.26589998602867126,0.26589998602867126,0.26589998602867126,0.26429998874664307,0.26429998874664307,2449.0
2024-07-03 09:31:00,GMAB,25.079999923706055,25.079999923706055,25.100000381469727,25.079999923706055,25.100000381469727,1730.0
2024-07-03 09:31:00,GOSS,0.9739000201225281,0.9739000201225281,0.9739000201225281,0.9700000286102295,0.9700000286102295,354.0
2024-07-03 09:31:00,GOVX,3.2200000286102295,3.2200000286102295,3.2239999771118164,3.2200000286102295,3.2239999771118164,799.0
2024-07-03 09:31:00,GRFS,6.550000190734863,6.550000190734863,6.554999828338623,6.550000190734863,6.554999828338623,1114.0
2024-07-03 09:31:00,GRTS,0.5701000094413757,0.5701000094413757,0.5701000094413757,0.5699999928474426,0.5699999928474426,584.0
2024-07-03 09:31:00,HALO,50.93000030517578,50.93000030517578,51.380001068115234,50.93000030517578,51.380001068115234,3499.0
2024-07-03 09:31:00,HCAT,6.045000076293945,6.045000076293945,6.045000076293945,6.019999980926514,6.019999980926514,490.0
2024-07-03 09:31:00,HCM,17.670000076293945,17.670000076293945,17.670000076293945,17.649999618530273,17.649999618530273,233.0
2024-07-03 09:31:00,HITI,2.130000114440918,2.130000114440918,2.130000114440918,2.130000114440918,2.130000114440918,825.0
2024-07-03 09:31:00,HOLX,72.95999908447266,72.95999908447266,73.11000061035156,72.95999908447266,73.1072998046875,12625.0
2024-07-03 09:31:00,HOOK,0.5720999836921692,0.5720999836921692,0.5720999836921692,0.5720999836921692,0.5720999836921692,1043.0
2024-07-03 09:31:00,HQY,85.00499725341797,85.00499725341797,85.76000213623047,84.26000213623047,84.97000122070312,2232.0
2024-07-03 09:31:00,HRMY,30.0,30.0,30.0,30.0,30.0,309.0
2024-07-03 09:31:00,HROW,21.200000762939453,21.200000762939453,21.2450008392334,21.059999465942383,21.2450008392334,977.0
2024-07-03 09:31:00,HRTX,2.734999895095825,2.734999895095825,2.765000104904175,2.7149999141693115,2.759999990463257,5477.0
2024-07-03 09:31:00,HSIC,65.41500091552734,65.41500091552734,65.66999816894531,65.41500091552734,65.51000213623047,3101.0
2024-07-03 09:31:00,HUGE,0.14990000426769257,0.14990000426769257,0.14990000426769257,0.14249999821186066,0.14249999821186066,6292.0
2024-07-03 09:31:00,HUMA,5.159999847412109,5.159999847412109,5.170000076293945,5.15910005569458,5.15910005569458,9270.0
2024-07-03 09:31:00,IBRX,6.190000057220459,6.190000057220459,6.260000228881836,6.190000057220459,6.204999923706055,6832.0
2024-07-03 09:31:00,ICLR,320.8599853515625,320.8599853515625,320.8599853515625,319.80999755859375,319.82000732421875,3238.0
2024-07-03 09:31:00,IDXX,478.70001220703125,478.70001220703125,478.7699890136719,478.70001220703125,478.7200012207031,364.0
2024-07-03 09:31:00,IDYA,33.689998626708984,33.689998626708984,33.939998626708984,33.689998626708984,33.939998626708984,1115.0
2024-07-03 09:31:00,IFRX,1.7217999696731567,1.7217999696731567,1.7217999696731567,1.7101000547409058,1.7101000547409058,2830.0
2024-07-03 09:31:00,ILMN,105.3949966430664,105.3949966430664,105.3949966430664,105.3949966430664,105.3949966430664,1209.0
2024-07-03 09:31:00,IMMX,2.069999933242798,2.069999933242798,2.069999933242798,2.069999933242798,2.069999933242798,1900.0
2024-07-03 09:31:00,IMRN,2.0899999141693115,2.0899999141693115,2.0899999141693115,2.0899999141693115,2.0899999141693115,1864.0
2024-07-03 09:31:00,IMRX,1.1197999715805054,1.1197999715805054,1.1197999715805054,1.1197999715805054,1.1197999715805054,2716.0
2024-07-03 09:31:00,IMVT,26.71500015258789,26.71500015258789,26.71500015258789,26.540000915527344,26.71500015258789,530.0
2024-07-03 09:31:00,INCY,59.0099983215332,59.0099983215332,59.0099983215332,59.0099983215332,59.0099983215332,348.0
2024-07-03 09:31:00,INM,0.24570000171661377,0.24570000171661377,0.24570000171661377,0.24570000171661377,0.24570000171661377,6444.0
2024-07-03 09:31:00,INMB,8.132399559020996,8.132399559020996,8.199999809265137,8.132399559020996,8.199999809265137,3085.0
2024-07-03 09:31:00,INMD,17.59000015258789,17.59000015258789,17.59000015258789,17.59000015258789,17.59000015258789,3989.0
2024-07-03 09:31:00,INO,8.449999809265137,8.449999809265137,8.504599571228027,8.449999809265137,8.489999771118164,1014.0
2024-07-03 09:31:00,INSM,63.209999084472656,63.209999084472656,64.17500305175781,63.209999084472656,64.1500015258789,18691.0
2024-07-03 09:31:00,INVA,16.559999465942383,16.559999465942383,16.559999465942383,16.559999465942383,16.559999465942383,522.0
2024-07-03 09:31:00,INZY,4.523900032043457,4.523900032043457,4.523900032043457,4.523900032043457,4.523900032043457,156.0
2024-07-03 09:31:00,IONS,45.0099983215332,45.0099983215332,45.0099983215332,44.88999938964844,44.88999938964844,1590.0
2024-07-03 09:31:00,IOVA,7.789999961853027,7.789999961853027,7.840000152587891,7.769999980926514,7.770100116729736,19324.0
2024-07-03 09:31:00,IRIX,1.9900000095367432,1.9900000095367432,1.9900000095367432,1.9879000186920166,1.9879000186920166,200.0
2024-07-03 09:31:00,IRWD,6.139999866485596,6.139999866485596,6.199999809265137,6.139999866485596,6.199999809265137,3869.0
2024-07-03 09:31:00,ISRG,438.8599853515625,438.8599853515625,438.8599853515625,437.2049865722656,437.3599853515625,8550.0
2024-07-03 09:31:00,ITCI,67.87000274658203,67.87000274658203,67.87000274658203,67.87000274658203,67.87000274658203,147.0
2024-07-03 09:31:00,KOD,2.259999990463257,2.259999990463257,2.259999990463257,2.259999990463257,2.259999990463257,1256.0
2024-07-03 09:31:00,KPTI,0.8718000054359436,0.8718000054359436,0.8718000054359436,0.8718000054359436,0.8718000054359436,0.0
2024-07-03 09:31:00,KRYS,179.0500030517578,179.0500030517578,179.0500030517578,179.0399932861328,179.0399932861328,315.0
2024-07-03 09:31:00,KTRA,0.267300009727478,0.267300009727478,0.2678999900817871,0.2651999890804291,0.265500009059906,19611.0
2024-07-03 09:31:00,KYMR,30.34000015258789,30.34000015258789,30.780000686645508,30.34000015258789,30.719999313354492,1246.0
2024-07-03 09:31:00,LBPH,31.209999084472656,31.209999084472656,31.209999084472656,31.209999084472656,31.209999084472656,611.0
2024-07-03 09:31:00,LEGN,45.06999969482422,45.06999969482422,45.06999969482422,45.06999969482422,45.06999969482422,103.0
2024-07-03 09:31:00,LFST,5.059999942779541,5.059999942779541,5.110000133514404,5.059999942779541,5.099999904632568,4079.0
2024-07-03 09:31:00,LGVN,1.649999976158142,1.649999976158142,1.6799999475479126,1.6399999856948853,1.6799999475479126,18027.0
2024-07-03 09:31:00,LNTH,78.13700103759766,78.13700103759766,78.13700103759766,78.13700103759766,78.13700103759766,1224.0
2024-07-03 09:31:00,LOGC,5.619999885559082,5.619999885559082,5.639999866485596,5.570000171661377,5.581999778747559,30501.0
2024-07-03 09:31:00,LPTX,1.729200005531311,1.729200005531311,1.729200005531311,1.729200005531311,1.729200005531311,1000.0
2024-07-03 09:31:00,LUCY,0.48899999260902405,0.48899999260902405,0.49939998984336853,0.48010000586509705,0.48010000586509705,9924.0
2024-07-03 09:31:00,LXRX,1.600000023841858,1.600000023841858,1.6050000190734863,1.5950000286102295,1.6050000190734863,100357.0
2024-07-03 09:31:00,LYEL,1.4700000286102295,1.4700000286102295,1.4700000286102295,1.4700000286102295,1.4700000286102295,332.0
2024-07-03 09:31:00,LYRA,0.27709999680519104,0.27709999680519104,0.27709999680519104,0.27709999680519104,0.27709999680519104,2009.0
2024-07-03 09:31:00,MASS,4.730000019073486,4.730000019073486,4.809999942779541,4.730000019073486,4.809999942779541,366.0
2024-07-03 09:31:00,MBIO,0.5306000113487244,0.5306000113487244,0.5444999933242798,0.5281000137329102,0.5347999930381775,40220.0
2024-07-03 09:31:00,MCRB,0.7010999917984009,0.7010999917984009,0.7010999917984009,0.7010999917984009,0.7010999917984009,200.0
2024-07-03 09:31:00,MDXG,6.75,6.75,6.769999980926514,6.739999771118164,6.769999980926514,4693.0
2024-07-03 09:31:00,MDXH,2.369999885559082,2.369999885559082,2.369999885559082,2.369999885559082,2.369999885559082,200.0
2024-07-03 09:31:00,ME,0.39399999380111694,0.39399999380111694,0.39399999380111694,0.3919999897480011,0.3921000063419342,14639.0
2024-07-03 09:31:00,MGNX,4.050000190734863,4.050000190734863,4.105000019073486,4.03000020980835,4.079999923706055,25523.0
2024-07-03 09:31:00,MIRM,33.72999954223633,33.72999954223633,34.0,33.72999954223633,34.0,583.0
2024-07-03 09:31:00,MNKD,5.034999847412109,5.034999847412109,5.065000057220459,5.024199962615967,5.03000020980835,5301.0
2024-07-03 09:31:00,MODV,28.299999237060547,28.299999237060547,28.420000076293945,28.280000686645508,28.280000686645508,3186.0
2024-07-03 09:31:00,MREO,3.4600000381469727,3.4600000381469727,3.4600000381469727,3.4600000381469727,3.4600000381469727,458.0
2024-07-03 09:31:00,MRNA,117.58499908447266,117.58499908447266,119.02999877929688,117.3499984741211,119.02999877929688,26960.0
2024-07-03 09:31:00,MRNS,1.2000000476837158,1.2000000476837158,1.2050000429153442,1.190000057220459,1.190000057220459,35645.0
2024-07-03 09:31:00,MRSN,1.840000033378601,1.840000033378601,1.8550000190734863,1.840000033378601,1.8550000190734863,769.0
2024-07-03 09:31:00,MRVI,6.820000171661377,6.820000171661377,6.840000152587891,6.803699970245361,6.820000171661377,10786.0
2024-07-03 09:31:00,MXCT,3.6700000762939453,3.6700000762939453,3.7079999446868896,3.6700000762939453,3.7079999446868896,3015.0
2024-07-03 09:31:00,NARI,49.52000045776367,49.52000045776367,49.52000045776367,49.52000045776367,49.52000045776367,887.0
2024-07-03 09:31:00,NBIX,137.63999938964844,137.63999938964844,137.63999938964844,137.63999938964844,137.63999938964844,2350.0
2024-07-03 09:31:00,NCNA,2.549999952316284,2.549999952316284,2.549999952316284,2.549999952316284,2.549999952316284,600.0
2024-07-03 09:31:00,NEOG,15.095000267028809,15.095000267028809,15.095000267028809,15.095000267028809,15.095000267028809,34.0
2024-07-03 09:31:00,NKTR,1.2050000429153442,1.2050000429153442,1.2300000190734863,1.184999942779541,1.2000000476837158,48968.0
2024-07-03 09:31:00,NKTX,5.179999828338623,5.179999828338623,5.230000019073486,5.150000095367432,5.230000019073486,5320.0
2024-07-03 09:31:00,NNOX,7.019999980926514,7.019999980926514,7.050000190734863,7.019999980926514,7.050000190734863,2821.0
2024-07-03 09:31:00,NRIX,18.989999771118164,18.989999771118164,19.059999465942383,18.93000030517578,19.059999465942383,2287.0
2024-07-03 09:31:00,NRSN,1.3799999952316284,1.3799999952316284,1.399999976158142,1.3700000047683716,1.3799999952316284,20854.0
2024-07-03 09:31:00,NTLA,22.262100219726562,22.262100219726562,22.415000915527344,22.262100219726562,22.399999618530273,3818.0
2024-07-03 09:31:00,NTRB,6.0,6.0,6.0,5.989999771118164,5.989999771118164,2070.0
2024-07-03 09:31:00,NUVL,72.20999908447266,72.20999908447266,72.20999908447266,72.20999908447266,72.20999908447266,188.0
2024-07-03 09:31:00,NUWE,4.250100135803223,4.250100135803223,4.260000228881836,4.250100135803223,4.260000228881836,198.0
2024-07-03 09:31:00,NVAX,12.879599571228027,12.879599571228027,12.984999656677246,12.869999885559082,12.97089958190918,10813.0
2024-07-03 09:31:00,NVOS,0.75,0.75,0.7549999952316284,0.75,0.75,8666.0
2024-07-03 09:31:00,NXL,1.5599000453948975,1.5599000453948975,1.5599000453948975,1.5499999523162842,1.5592000484466553,2363.0
2024-07-03 09:31:00,OCGN,1.625,1.625,1.649999976158142,1.625,1.6449999809265137,17328.0
2024-07-03 09:31:00,OCUL,6.710000038146973,6.710000038146973,6.739999771118164,6.690000057220459,6.690000057220459,1964.0
2024-07-03 09:31:00,OGI,1.5157999992370605,1.5157999992370605,1.524999976158142,1.5149999856948853,1.524999976158142,1265.0
2024-07-03 09:31:00,OLK,25.8799991607666,25.8799991607666,25.8799991607666,25.84000015258789,25.8799991607666,98284.0
2024-07-03 09:31:00,OLMA,10.350000381469727,10.350000381469727,10.420000076293945,10.350000381469727,10.420000076293945,625.0
2024-07-03 09:31:00,OM,3.75,3.75,3.75,3.7249999046325684,3.7249999046325684,1270.0
2024-07-03 09:31:00,OMCL,25.719999313354492,25.719999313354492,25.924999237060547,25.719999313354492,25.924999237060547,1451.0
2024-07-03 09:32:00,ABCL,2.7799999713897705,2.7799999713897705,2.7799999713897705,2.75,2.7500998973846436,9630.0
2024-07-03 09:32:00,ABEO,4.239999771118164,4.239999771118164,4.239999771118164,4.239999771118164,4.239999771118164,4000.0
2024-07-03 09:32:00,ABIO,3.734999895095825,3.734999895095825,3.734999895095825,3.734999895095825,3.734999895095825,6590.0
2024-07-03 09:32:00,ABSI,3.4839000701904297,3.4839000701904297,3.515000104904175,3.3399999141693115,3.3399999141693115,65752.0
2024-07-03 09:32:00,ABUS,3.1500000953674316,3.1500000953674316,3.1500000953674316,3.1449999809265137,3.1449999809265137,4902.0
2024-07-03 09:32:00,ACB,4.539899826049805,4.539899826049805,4.539899826049805,4.539899826049805,4.539899826049805,508.0
2024-07-03 09:32:00,ACCD,3.505000114440918,3.505000114440918,3.505000114440918,3.5,3.5,1807.0
2024-07-03 09:32:00,ACET,1.100000023841858,1.100000023841858,1.1050000190734863,1.100000023841858,1.100100040435791,2420.0
2024-07-03 09:32:00,ACHL,0.8059999942779541,0.8059999942779541,0.8059999942779541,0.8059999942779541,0.8059999942779541,492.0
2024-07-03 09:32:00,ACRS,1.1699999570846558,1.1699999570846558,1.1779999732971191,1.1699999570846558,1.1759999990463257,3656.0
2024-07-03 09:32:00,ADAP,1.0499999523162842,1.0499999523162842,1.0499999523162842,1.0499999523162842,1.0499999523162842,3927.0
2024-07-03 09:32:00,ADMA,11.350000381469727,11.350000381469727,11.354999542236328,11.329999923706055,11.329999923706055,2024.0
2024-07-03 09:32:00,ADPT,3.369999885559082,3.369999885559082,3.380000114440918,3.359999895095825,3.359999895095825,842.0
2024-07-03 09:32:00,AEMD,0.41999998688697815,0.41999998688697815,0.4287000000476837,0.41999998688697815,0.4287000000476837,7527.0
2024-07-03 09:32:00,AGEN,14.529899597167969,14.529899597167969,14.529899597167969,14.529899597167969,14.529899597167969,388.0
2024-07-03 09:32:00,AGIO,42.349998474121094,42.349998474121094,42.36000061035156,42.349998474121094,42.36000061035156,452.0
2024-07-03 09:32:00,AKBA,0.9617999792098999,0.9617999792098999,0.9678000211715698,0.9599999785423279,0.9599999785423279,6694.0
2024-07-03 09:32:00,AKRO,22.1299991607666,22.1299991607666,22.135000228881836,22.1200008392334,22.1299991607666,1401.0
2024-07-03 09:32:00,ALEC,4.320000171661377,4.320000171661377,4.320000171661377,4.320000171661377,4.320000171661377,150.0
2024-07-03 09:32:00,ALGS,0.4171000123023987,0.4171000123023987,0.4171000123023987,0.40689998865127563,0.40880000591278076,2929.0
2024-07-03 09:32:00,ALKS,24.309999465942383,24.309999465942383,24.309999465942383,24.174999237060547,24.174999237060547,312.0
2024-07-03 09:32:00,ALLK,0.8593999743461609,0.8593999743461609,0.8604000210762024,0.8593999743461609,0.8604000210762024,693.0
2024-07-03 09:32:00,ALLO,2.1700000762939453,2.1700000762939453,2.1700000762939453,2.1500000953674316,2.1600000858306885,13740.0
2024-07-03 09:32:00,ALLR,0.21089999377727509,0.21089999377727509,0.210999995470047,0.21089999377727509,0.21089999377727509,1421.0
2024-07-03 09:32:00,ALNY,247.19500732421875,247.19500732421875,247.19500732421875,246.94000244140625,246.94000244140625,1072.0
2024-07-03 09:32:00,ALT,6.798999786376953,6.798999786376953,6.800000190734863,6.769999980926514,6.769999980926514,2734.0
2024-07-03 09:32:00,AMED,96.5,96.5,96.73999786376953,96.30000305175781,96.48999786376953,4908.0
2024-07-03 09:32:00,AMGN,311.6099853515625,311.6099853515625,312.0950012207031,311.2250061035156,311.70001220703125,13726.0
2024-07-03 09:32:00,AMLX,1.7300000190734863,1.7300000190734863,1.7300000190734863,1.7200000286102295,1.7200000286102295,3701.0
2024-07-03 09:32:00,AMPH,38.0,38.0,38.0099983215332,38.0,38.0099983215332,993.0
2024-07-03 09:32:00,ANNX,4.710000038146973,4.710000038146973,4.710000038146973,4.659999847412109,4.659999847412109,9619.0
2024-07-03 09:32:00,ANTX,2.240000009536743,2.240000009536743,2.299999952316284,2.240000009536743,2.299999952316284,200.0
2024-07-03 09:32:00,APDN,0.4699999988079071,0.4699999988079071,0.4699999988079071,0.4699999988079071,0.4699999988079071,889.0
2024-07-03 09:32:00,APLS,35.54999923706055,35.54999923706055,35.54999923706055,35.11069869995117,35.11069869995117,5330.0
2024-07-03 09:32:00,APLT,4.360000133514404,4.360000133514404,4.360000133514404,4.360000133514404,4.360000133514404,441.0
2024-07-03 09:32:00,AQST,2.4000000953674316,2.4000000953674316,2.4000000953674316,2.4000000953674316,2.4000000953674316,489.0
2024-07-03 09:32:00,ARCT,21.489999771118164,21.489999771118164,21.489999771118164,21.489999771118164,21.489999771118164,1714.0
2024-07-03 09:32:00,ARDX,5.224999904632568,5.224999904632568,5.320000171661377,5.215000152587891,5.309999942779541,144330.0
2024-07-03 09:32:00,ARGX,437.45001220703125,437.45001220703125,437.7799987792969,436.4700012207031,436.4700012207031,1929.0
2024-07-03 09:32:00,ARQT,9.510000228881836,9.510000228881836,9.510000228881836,9.380000114440918,9.380000114440918,12274.0
2024-07-03 09:32:00,ASMB,12.350000381469727,12.350000381469727,12.5,12.350000381469727,12.5,1855.0
2024-07-03 09:32:00,ASRT,1.2143000364303589,1.2143000364303589,1.2143000364303589,1.2100000381469727,1.2100000381469727,1506.0
2024-07-03 09:32:00,ATAI,1.309999942779541,1.309999942779541,1.309999942779541,1.309999942779541,1.309999942779541,3315.0
2024-07-03 09:32:00,ATRC,22.110000610351562,22.110000610351562,22.1200008392334,22.100000381469727,22.1200008392334,363.0
2024-07-03 09:32:00,AUPH,5.409999847412109,5.409999847412109,5.440000057220459,5.409999847412109,5.440000057220459,311.0
2024-07-03 09:32:00,AURA,7.099999904632568,7.099999904632568,7.099999904632568,7.099999904632568,7.099999904632568,302.0
2024-07-03 09:32:00,AVIR,3.2100000381469727,3.2100000381469727,3.2100000381469727,3.2100000381469727,3.2100000381469727,445.0
2024-07-03 09:32:00,AVTE,1.6399999856948853,1.6399999856948853,1.6399999856948853,1.6399999856948853,1.6399999856948853,1101.0
2024-07-03 09:32:00,AVXL,4.175000190734863,4.175000190734863,4.175000190734863,4.175000190734863,4.175000190734863,400.0
2024-07-03 09:32:00,AZN,76.86000061035156,76.86000061035156,76.86000061035156,76.77999877929688,76.82499694824219,30967.0
2024-07-03 09:32:00,BACK,1.733199954032898,1.733199954032898,1.733199954032898,1.733199954032898,1.733199954032898,685.0
2024-07-03 09:32:00,BCRX,6.59499979019165,6.59499979019165,6.610000133514404,6.570000171661377,6.599999904632568,23529.0
2024-07-03 09:32:00,BCYC,19.8799991607666,19.8799991607666,20.0,19.8700008392334,20.0,1034.0
2024-07-03 09:32:00,BDSX,1.5800000429153442,1.5800000429153442,1.5800000429153442,1.5800000429153442,1.5800000429153442,100.0
2024-07-03 09:32:00,BDTX,4.208000183105469,4.208000183105469,4.208000183105469,4.208000183105469,4.208000183105469,385.0
2024-07-03 09:32:00,BEAT,3.0399999618530273,3.0399999618530273,3.049999952316284,3.0299999713897705,3.049999952316284,3212.0
2024-07-03 09:32:00,BIIB,228.50999450683594,228.50999450683594,228.52999877929688,228.50999450683594,228.52999877929688,870.0
2024-07-03 09:32:00,BIVI,0.41999998688697815,0.41999998688697815,0.41999998688697815,0.41999998688697815,0.41999998688697815,1325.0
2024-07-03 09:32:00,BLRX,0.5425000190734863,0.5425000190734863,0.5425999760627747,0.5425000190734863,0.5425999760627747,2315.0
2024-07-03 09:32:00,BLTE,45.76300048828125,45.76300048828125,45.79999923706055,45.70000076293945,45.79999923706055,0.0
2024-07-03 09:32:00,BLUE,0.9241999983787537,0.9241999983787537,0.9241999983787537,0.9240999817848206,0.9240999817848206,25532.0
2024-07-03 09:32:00,BMEA,4.355000019073486,4.355000019073486,4.420000076293945,4.311699867248535,4.311699867248535,2522.0
2024-07-03 09:32:00,BMRN,82.51000213623047,82.51000213623047,82.52989959716797,82.33000183105469,82.52989959716797,1990.0
2024-07-03 09:32:00,BNGO,0.5954999923706055,0.5954999923706055,0.5954999923706055,0.5900999903678894,0.5928000211715698,25335.0
2024-07-03 09:32:00,BNTX,79.66999816894531,79.66999816894531,79.66999816894531,79.37999725341797,79.4000015258789,2489.0
2024-07-03 09:32:00,BPMC,110.75,110.75,110.75,110.75,110.75,459.0
2024-07-03 09:32:00,BPTH,1.850000023841858,1.850000023841858,1.850000023841858,1.850000023841858,1.850000023841858,28845.0
2024-07-03 09:32:00,BRKR,61.7400016784668,61.7400016784668,61.75,61.65999984741211,61.65999984741211,5408.0
2024-07-03 09:32:00,BVS,5.820000171661377,5.820000171661377,5.820000171661377,5.75,5.75,2639.0
2024-07-03 09:32:00,BYSI,2.3499999046325684,2.3499999046325684,2.3499999046325684,2.3499999046325684,2.3499999046325684,315.0
2024-07-03 09:32:00,CABA,7.329999923706055,7.329999923706055,7.369999885559082,7.329999923706055,7.369999885559082,623.0
2024-07-03 09:32:00,CARA,0.2680000066757202,0.2680000066757202,0.27000001072883606,0.2680000066757202,0.27000001072883606,1366.0
2024-07-03 09:32:00,CCCC,4.5,4.5,4.510000228881836,4.494999885559082,4.494999885559082,1749.0
2024-07-03 09:32:00,CDMO,6.699999809265137,6.699999809265137,6.699999809265137,6.670000076293945,6.675099849700928,25205.0
2024-07-03 09:32:00,CDNA,15.069999694824219,15.069999694824219,15.069999694824219,15.069999694824219,15.069999694824219,240.0
2024-07-03 09:32:00,CERE,41.244998931884766,41.244998931884766,41.38999938964844,41.119998931884766,41.119998931884766,11338.0
2024-07-03 09:32:00,CGC,6.335999965667725,6.335999965667725,6.340000152587891,6.320099830627441,6.340000152587891,3329.0
2024-07-03 09:32:00,CHRS,1.3701000213623047,1.3701000213623047,1.3791999816894531,1.3700000047683716,1.3700000047683716,17043.0
2024-07-03 09:32:00,CING,0.3151000142097473,0.3151000142097473,0.3151000142097473,0.3149999976158142,0.3149999976158142,0.0
2024-07-03 09:32:00,CLDX,36.904998779296875,36.904998779296875,36.904998779296875,36.904998779296875,36.904998779296875,115.0
2024-07-03 09:32:00,CLOV,1.2300000190734863,1.2300000190734863,1.2400000095367432,1.2300000190734863,1.2400000095367432,27545.0
2024-07-03 09:32:00,CMAX,2.1600000858306885,2.1600000858306885,2.1600000858306885,2.1600000858306885,2.1600000858306885,516.0
2024-07-03 09:32:00,CMPX,0.8999999761581421,0.8999999761581421,0.8999999761581421,0.8999999761581421,0.8999999761581421,144.0
2024-07-03 09:32:00,CNSP,2.515000104904175,2.515000104904175,2.9600000381469727,2.509999990463257,2.8580000400543213,2242049.0
2024-07-03 09:32:00,CODX,1.2300000190734863,1.2300000190734863,1.2300000190734863,1.2300000190734863,1.2300000190734863,2800.0
2024-07-03 09:32:00,COGT,8.395000457763672,8.395000457763672,8.395000457763672,8.347200393676758,8.347200393676758,2500.0
2024-07-03 09:32:00,CRBU,1.600000023841858,1.600000023841858,1.600000023841858,1.600000023841858,1.600000023841858,566.0
2024-07-03 09:32:00,CRDF,2.1198999881744385,2.1198999881744385,2.1198999881744385,2.1198999881744385,2.1198999881744385,208.0
2024-07-03 09:32:00,CRON,2.2799999713897705,2.2799999713897705,2.2799999713897705,2.2799999713897705,2.2799999713897705,3377.0
2024-07-03 09:32:00,CRSP,53.459999084472656,53.459999084472656,53.459999084472656,53.25640106201172,53.25640106201172,1775.0
2024-07-03 09:32:00,CTXR,0.5120000243186951,0.5120000243186951,0.5120000243186951,0.511900007724762,0.511900007724762,750.0
2024-07-03 09:32:00,CVAC,3.5950000286102295,3.5950000286102295,3.630000114440918,3.549999952316284,3.6098999977111816,75814.0
2024-07-03 09:32:00,CYTH,1.2100000381469727,1.2100000381469727,1.2100000381469727,1.2100000381469727,1.2100000381469727,0.0
2024-07-03 09:32:00,CYTK,55.220001220703125,55.220001220703125,55.470001220703125,55.220001220703125,55.470001220703125,728.0
2024-07-03 09:32:00,DAWN,13.390000343322754,13.390000343322754,13.390000343322754,13.390000343322754,13.390000343322754,319.0
2024-07-03 09:32:00,DCGO,2.930000066757202,2.930000066757202,2.9300999641418457,2.930000066757202,2.930000066757202,1340.0
2024-07-03 09:32:00,DNLI,21.81999969482422,21.81999969482422,21.920000076293945,21.81999969482422,21.920000076293945,531.0
2024-07-03 09:32:00,DTIL,9.330100059509277,9.330100059509277,9.600000381469727,9.330100059509277,9.600000381469727,1602.0
2024-07-03 09:32:00,DVAX,11.079999923706055,11.079999923706055,11.079999923706055,11.0600004196167,11.0600004196167,834.0
2024-07-03 09:32:00,DXCM,111.51499938964844,111.51499938964844,111.9000015258789,111.51499938964844,111.9000015258789,2117.0
2024-07-03 09:32:00,EDIT,4.590000152587891,4.590000152587891,4.599999904632568,4.570000171661377,4.570000171661377,3605.0
2024-07-03 09:32:00,EGRX,5.28000020980835,5.28000020980835,5.28000020980835,5.28000020980835,5.28000020980835,152.0
2024-07-03 09:32:00,EMBC,11.885000228881836,11.885000228881836,11.885000228881836,11.885000228881836,11.885000228881836,190.0
2024-07-03 09:32:00,ENSG,126.9000015258789,126.9000015258789,127.5,126.9000015258789,127.5,885.0
2024-07-03 09:32:00,ENTA,13.319999694824219,13.319999694824219,13.776000022888184,13.319999694824219,13.776000022888184,2083.0
2024-07-03 09:32:00,EOLS,10.829999923706055,10.829999923706055,10.829999923706055,10.8100004196167,10.8100004196167,403.0
2024-07-03 09:32:00,EQ,0.6797000169754028,0.6797000169754028,0.6797000169754028,0.6797000169754028,0.6797000169754028,120.0
2024-07-03 09:32:00,ERAS,2.309999942779541,2.309999942779541,2.309999942779541,2.309999942779541,2.309999942779541,123.0
2024-07-03 09:32:00,ESPR,2.3450000286102295,2.3450000286102295,2.3450000286102295,2.319999933242798,2.3450000286102295,52133.0
2024-07-03 09:32:00,EXAS,43.67499923706055,43.67499923706055,43.67499923706055,43.59000015258789,43.59000015258789,1812.0
2024-07-03 09:32:00,EXEL,22.15999984741211,22.15999984741211,22.15999984741211,22.105600357055664,22.105600357055664,2282.0
2024-07-03 09:32:00,FATE,3.2100000381469727,3.2100000381469727,3.2100000381469727,3.2100000381469727,3.2100000381469727,351.0
2024-07-03 09:32:00,FBIOP,16.5,16.5,16.5,16.5,16.5,1517.0
2024-07-03 09:32:00,FDMT,20.760000228881836,20.760000228881836,20.760000228881836,20.760000228881836,20.760000228881836,295.0
2024-07-03 09:32:00,FGEN,0.748199999332428,0.748199999332428,0.748199999332428,0.7300000190734863,0.7330999970436096,4486.0
2024-07-03 09:32:00,FLGC,0.9800000190734863,0.9800000190734863,0.9800000190734863,0.9800000190734863,0.9800000190734863,2410.0
2024-07-03 09:32:00,FOLD,9.880000114440918,9.880000114440918,9.899999618530273,9.880000114440918,9.899999618530273,1721.0
2024-07-03 09:32:00,FULC,6.105000019073486,6.105000019073486,6.105000019073486,6.105000019073486,6.105000019073486,111.0
2024-07-03 09:32:00,GDRX,7.820000171661377,7.820000171661377,7.820000171661377,7.78000020980835,7.78000020980835,2546.0
2024-07-03 09:32:00,GERN,4.260000228881836,4.260000228881836,4.28000020980835,4.25,4.275000095367432,11454.0
2024-07-03 09:32:00,GH,28.700000762939453,28.700000762939453,28.700000762939453,28.700000762939453,28.700000762939453,588.0
2024-07-03 09:32:00,GILD,67.99500274658203,67.99500274658203,67.99500274658203,67.87999725341797,67.91999816894531,6067.0
2024-07-03 09:32:00,GLPG,25.450000762939453,25.450000762939453,25.450000762939453,25.450000762939453,25.450000762939453,1590.0
2024-07-03 09:32:00,GLUE,3.688800096511841,3.688800096511841,3.688800096511841,3.688800096511841,3.688800096511841,1347.0
2024-07-03 09:32:00,GLYC,0.26840001344680786,0.26840001344680786,0.26840001344680786,0.26840001344680786,0.26840001344680786,5035.0
2024-07-03 09:32:00,GMAB,25.1200008392334,25.1200008392334,25.1200008392334,25.1200008392334,25.1200008392334,682.0
2024-07-03 09:32:00,GOSS,0.9492999911308289,0.9492999911308289,0.9599999785423279,0.9492999911308289,0.9599999785423279,16316.0
2024-07-03 09:32:00,GOVX,3.1700000762939453,3.1700000762939453,3.2100000381469727,3.160099983215332,3.2100000381469727,12435.0
2024-07-03 09:32:00,HALO,51.209999084472656,51.209999084472656,51.34000015258789,51.125,51.189998626708984,2831.0
2024-07-03 09:32:00,HCM,17.65999984741211,17.65999984741211,17.65999984741211,17.549999237060547,17.549999237060547,300.0
2024-07-03 09:32:00,HOLX,73.26000213623047,73.26000213623047,73.26000213623047,72.94000244140625,72.95999908447266,8007.0
2024-07-03 09:32:00,HQY,84.93000030517578,84.93000030517578,84.93000030517578,84.6449966430664,84.6449966430664,989.0
2024-07-03 09:32:00,HRMY,29.895000457763672,29.895000457763672,29.895000457763672,29.895000457763672,29.895000457763672,139.0
2024-07-03 09:32:00,HROW,21.204999923706055,21.204999923706055,21.209999084472656,21.204999923706055,21.209999084472656,393.0
2024-07-03 09:32:00,HRTX,2.7149999141693115,2.7149999141693115,2.744999885559082,2.7149999141693115,2.734999895095825,12729.0
2024-07-03 09:32:00,HSIC,65.44000244140625,65.44000244140625,65.44000244140625,65.44000244140625,65.44000244140625,405.0
2024-07-03 09:32:00,HUGE,0.14990000426769257,0.14990000426769257,0.14990000426769257,0.14990000426769257,0.14990000426769257,1946.0
2024-07-03 09:32:00,HUMA,5.236299991607666,5.236299991607666,5.28000020980835,5.16510009765625,5.16510009765625,31785.0
2024-07-03 09:32:00,IBRX,6.239999771118164,6.239999771118164,6.239999771118164,6.199999809265137,6.204999923706055,1978.0
2024-07-03 09:32:00,ICAD,1.2007999420166016,1.2007999420166016,1.2007999420166016,1.2007999420166016,1.2007999420166016,1368.0
2024-07-03 09:32:00,ICLR,319.80999755859375,319.80999755859375,321.9549865722656,319.80999755859375,321.9549865722656,1238.0
2024-07-03 09:32:00,IDXX,478.70001220703125,478.70001220703125,478.70001220703125,478.70001220703125,478.70001220703125,305.0
2024-07-03 09:32:00,ILMN,105.34500122070312,105.34500122070312,105.58999633789062,105.34500122070312,105.47000122070312,4366.0
2024-07-03 09:32:00,IMAB,1.5800000429153442,1.5800000429153442,1.5800000429153442,1.5800000429153442,1.5800000429153442,139.0
2024-07-03 09:32:00,IMMX,2.059999942779541,2.059999942779541,2.0801000595092773,2.059999942779541,2.0792999267578125,9627.0
2024-07-03 09:32:00,IMNM,11.710000038146973,11.710000038146973,11.90999984741211,11.710000038146973,11.90999984741211,451.0
2024-07-03 09:32:00,IMVT,26.670000076293945,26.670000076293945,26.670000076293945,26.670000076293945,26.670000076293945,816.0
2024-07-03 09:32:00,INCY,59.02000045776367,59.02000045776367,59.02000045776367,58.869998931884766,58.97999954223633,1957.0
2024-07-03 09:32:00,INMB,8.111200332641602,8.111200332641602,8.111200332641602,8.111200332641602,8.111200332641602,696.0
2024-07-03 09:32:00,INMD,17.649999618530273,17.649999618530273,17.65999984741211,17.540000915527344,17.610000610351562,15833.0
2024-07-03 09:32:00,INSM,64.0999984741211,64.0999984741211,64.0999984741211,63.280799865722656,63.280799865722656,13072.0
2024-07-03 09:32:00,INVA,16.520000457763672,16.520000457763672,16.520000457763672,16.520000457763672,16.520000457763672,200.0
2024-07-03 09:32:00,INZY,4.450099945068359,4.450099945068359,4.450099945068359,4.450099945068359,4.450099945068359,200.0
2024-07-03 09:32:00,IONM,0.33000001311302185,0.33000001311302185,0.3301999866962433,0.33000001311302185,0.33000001311302185,9720.0
2024-07-03 09:32:00,IONS,44.915000915527344,44.915000915527344,44.915000915527344,44.915000915527344,44.915000915527344,353.0
2024-07-03 09:32:00,IOVA,7.79010009765625,7.79010009765625,7.800000190734863,7.784999847412109,7.797900199890137,20147.0
2024-07-03 09:32:00,IPA,1.0199999809265137,1.0199999809265137,1.0199999809265137,1.0199999809265137,1.0199999809265137,2565.0
2024-07-03 09:32:00,IRIX,1.9879000186920166,1.9879000186920166,1.9879000186920166,1.9879000186920166,1.9879000186920166,100.0
2024-07-03 09:32:00,IRTC,97.4800033569336,97.4800033569336,97.4800033569336,97.4800033569336,97.4800033569336,169.0
2024-07-03 09:32:00,IRWD,6.199999809265137,6.199999809265137,6.199999809265137,6.175000190734863,6.179999828338623,2140.0
2024-07-03 09:32:00,ISRG,438.7200012207031,438.7200012207031,439.0,438.2099914550781,438.8349914550781,3239.0
2024-07-03 09:32:00,IVVD,1.090000033378601,1.090000033378601,1.1100000143051147,1.090000033378601,1.1100000143051147,7971.0
2024-07-03 09:32:00,JAZZ,105.05000305175781,105.05000305175781,105.05000305175781,105.05000305175781,105.05000305175781,949.0
2024-07-03 09:32:00,KPTI,0.8496000170707703,0.8496000170707703,0.8496000170707703,0.8496000170707703,0.8496000170707703,1909.0
2024-07-03 09:32:00,KRYS,179.8800048828125,179.8800048828125,179.8800048828125,179.8800048828125,179.8800048828125,267.0
2024-07-03 09:32:00,KTRA,0.26649999618530273,0.26649999618530273,0.26649999618530273,0.26649999618530273,0.26649999618530273,2100.0
2024-07-03 09:32:00,KZIA,0.20260000228881836,0.20260000228881836,0.210099995136261,0.20260000228881836,0.210099995136261,8290.0
2024-07-03 09:32:00,LAB,1.784999966621399,1.784999966621399,1.784999966621399,1.7799999713897705,1.7799999713897705,13246.0
2024-07-03 09:32:00,LEGN,44.69499969482422,44.69499969482422,44.70000076293945,44.685001373291016,44.70000076293945,533.0
2024-07-03 09:32:00,LMAT,81.83000183105469,81.83000183105469,81.83000183105469,81.7699966430664,81.7699966430664,1349.0
2024-07-03 09:32:00,LOGC,5.639999866485596,5.639999866485596,5.639999866485596,5.639999866485596,5.639999866485596,0.0
2024-07-03 09:32:00,LQDA,11.970000267028809,11.970000267028809,11.970000267028809,11.9399995803833,11.9399995803833,1754.0
2024-07-03 09:32:00,LUCD,0.7649999856948853,0.7649999856948853,0.7649999856948853,0.7649999856948853,0.7649999856948853,1600.0
2024-07-03 09:32:00,LUCY,0.4749999940395355,0.4749999940395355,0.492900013923645,0.4749999940395355,0.492900013923645,61657.0
2024-07-03 09:32:00,LUNG,6.289999961853027,6.289999961853027,6.480000019073486,6.289999961853027,6.300000190734863,1209.0
2024-07-03 09:32:00,LXRX,1.6050000190734863,1.6050000190734863,1.6050000190734863,1.600100040435791,1.600100040435791,2643.0
2024-07-03 09:32:00,LYEL,1.4500000476837158,1.4500000476837158,1.4500000476837158,1.4500000476837158,1.4500000476837158,725.0
2024-07-03 09:32:00,LYRA,0.27959999442100525,0.27959999442100525,0.27959999442100525,0.27959999442100525,0.27959999442100525,354.0
2024-07-03 09:32:00,MBIO,0.5299999713897705,0.5299999713897705,0.531000018119812,0.5299999713897705,0.531000018119812,15986.0
2024-07-03 09:32:00,MBOT,1.0099999904632568,1.0099999904632568,1.0099999904632568,1.0049999952316284,1.0049999952316284,4019.0
2024-07-03 09:32:00,MCRB,0.7010999917984009,0.7010999917984009,0.701200008392334,0.7010999917984009,0.7010999917984009,547.0
2024-07-03 09:32:00,MDXG,6.739999771118164,6.739999771118164,6.75,6.739999771118164,6.75,374.0
2024-07-03 09:32:00,ME,0.3903000056743622,0.3903000056743622,0.39239999651908875,0.3903000056743622,0.3919999897480011,12647.0
2024-07-03 09:32:00,MGNX,4.065000057220459,4.065000057220459,4.079999923706055,4.03000020980835,4.03000020980835,2756.0
2024-07-03 09:32:00,MIRM,33.77539825439453,33.77539825439453,34.0,33.77539825439453,34.0,808.0
2024-07-03 09:32:00,MLTX,40.560001373291016,40.560001373291016,40.560001373291016,40.560001373291016,40.560001373291016,323.0
2024-07-03 09:32:00,MNKD,5.03000020980835,5.03000020980835,5.079999923706055,4.989999771118164,5.050000190734863,13409.0
2024-07-03 09:32:00,MNMD,7.099999904632568,7.099999904632568,7.099999904632568,7.0,7.004000186920166,7382.0
2024-07-03 09:32:00,MOR,18.139999389648438,18.139999389648438,18.155000686645508,18.139999389648438,18.155000686645508,2011.0
2024-07-03 09:32:00,MRNA,118.25,118.25,118.25,117.48999786376953,117.62000274658203,9538.0
2024-07-03 09:32:00,MRSN,1.840000033378601,1.840000033378601,1.850000023841858,1.840000033378601,1.850000023841858,845.0
2024-07-03 09:32:00,MRUS,53.25,53.25,53.41999816894531,53.25,53.25,2233.0
2024-07-03 09:32:00,MRVI,6.800000190734863,6.800000190734863,6.800000190734863,6.800000190734863,6.800000190734863,351.0
2024-07-03 09:32:00,MXCT,3.674999952316284,3.674999952316284,3.700000047683716,3.674999952316284,3.697999954223633,2605.0
2024-07-03 09:32:00,MYGN,24.924999237060547,24.924999237060547,24.924999237060547,24.81999969482422,24.860000610351562,1794.0
2024-07-03 09:32:00,NDRA,0.08760000020265579,0.08760000020265579,0.08820000290870667,0.08720000088214874,0.08820000290870667,37680.0
2024-07-03 09:32:00,NEOG,15.0,15.0,15.0,15.0,15.0,183.0
2024-07-03 09:32:00,NKTR,1.2200000286102295,1.2200000286102295,1.2200000286102295,1.2200000286102295,1.2200000286102295,937.0
2024-07-03 09:32:00,NKTX,5.190000057220459,5.190000057220459,5.190000057220459,5.179999828338623,5.179999828338623,354.0
2024-07-03 09:32:00,NLSP,0.20010000467300415,0.20010000467300415,0.20010000467300415,0.20010000467300415,0.20010000467300415,1998.0
2024-07-03 09:32:00,NNOX,7.019999980926514,7.019999980926514,7.019999980926514,6.989999771118164,7.019800186157227,13958.0
2024-07-03 09:32:00,NOTV,1.600000023841858,1.600000023841858,1.6146999597549438,1.600000023841858,1.6146999597549438,2422.0
2024-07-03 09:32:00,NRIX,19.030000686645508,19.030000686645508,19.030000686645508,18.91010093688965,18.940000534057617,1937.0
2024-07-03 09:32:00,NRSN,1.3741999864578247,1.3741999864578247,1.3741999864578247,1.3600000143051147,1.3600000143051147,1545.0
2024-07-03 09:32:00,NTLA,22.52899932861328,22.52899932861328,22.540000915527344,22.34000015258789,22.34000015258789,3146.0
2024-07-03 09:32:00,NTRA,111.8499984741211,111.8499984741211,111.87999725341797,111.0,111.0250015258789,2953.0
2024-07-03 09:32:00,NUVL,72.92500305175781,72.92500305175781,72.92500305175781,72.92500305175781,72.92500305175781,419.0
2024-07-03 09:32:00,NVAX,12.859999656677246,12.859999656677246,12.90999984741211,12.800000190734863,12.890000343322754,20550.0
2024-07-03 09:32:00,NVCR,16.9950008392334,16.9950008392334,16.9950008392334,16.915000915527344,16.915000915527344,233.0
2024-07-03 09:32:00,NXL,1.5499999523162842,1.5499999523162842,1.554900050163269,1.5499999523162842,1.554900050163269,587.0
2024-07-03 09:32:00,OCGN,1.6172000169754028,1.6172000169754028,1.6299999952316284,1.6150000095367432,1.625,34532.0
2024-07-03 09:32:00,OCUL,6.7845001220703125,6.7845001220703125,6.8180999755859375,6.760000228881836,6.760000228881836,4497.0
2024-07-03 09:32:00,OLK,25.875,25.875,25.8799991607666,25.8700008392334,25.8799991607666,81467.0
2024-07-03 09:32:00,OLMA,10.369999885559082,10.369999885559082,10.420000076293945,10.300000190734863,10.350000381469727,921.0
2024-07-03 09:32:00,ONVO,0.7505000233650208,0.7505000233650208,0.7505000233650208,0.7505000233650208,0.7505000233650208,286.0
2024-07-03 09:33:00,ABCL,2.7799999713897705,2.7799999713897705,2.7799999713897705,2.7699999809265137,2.7699999809265137,2582.0
2024-07-03 09:33:00,ABEO,4.253900051116943,4.253900051116943,4.253900051116943,4.253600120544434,4.253600120544434,0.0
2024-07-03 09:33:00,ABSI,3.4149999618530273,3.4149999618530273,3.4900999069213867,3.4149999618530273,3.4900999069213867,4193.0
2024-07-03 09:33:00,ABUS,3.1449999809265137,3.1449999809265137,3.1549999713897705,3.1449999809265137,3.1549999713897705,5991.0
2024-07-03 09:33:00,ACAD,15.869999885559082,15.869999885559082,15.869999885559082,15.850000381469727,15.850000381469727,718.0
2024-07-03 09:33:00,ACB,4.53000020980835,4.53000020980835,4.53000020980835,4.53000020980835,4.53000020980835,1015.0
2024-07-03 09:33:00,ACCD,3.484999895095825,3.484999895095825,3.5,3.484999895095825,3.5,2043.0
2024-07-03 09:33:00,ACET,1.100000023841858,1.100000023841858,1.107100009918213,1.100000023841858,1.100000023841858,2655.0
2024-07-03 09:33:00,ACHV,4.599999904632568,4.599999904632568,4.599999904632568,4.567999839782715,4.567999839782715,3526.0
2024-07-03 09:33:00,ACIU,3.9000000953674316,3.9000000953674316,3.918100118637085,3.9000000953674316,3.918100118637085,615.0
2024-07-03 09:33:00,ACST,2.8499999046325684,2.8499999046325684,2.8499999046325684,2.8499999046325684,2.8499999046325684,1247.0
2024-07-03 09:33:00,ADAP,1.0499999523162842,1.0499999523162842,1.0499999523162842,1.0499999523162842,1.0499999523162842,2000.0
2024-07-03 09:33:00,ADMA,11.350000381469727,11.350000381469727,11.350000381469727,11.350000381469727,11.350000381469727,200.0
2024-07-03 09:33:00,ADPT,3.3499999046325684,3.3499999046325684,3.3745999336242676,3.3499999046325684,3.369999885559082,5669.0
2024-07-03 09:33:00,AEMD,0.42719998955726624,0.42719998955726624,0.42719998955726624,0.42719998955726624,0.42719998955726624,1679.0
2024-07-03 09:33:00,AGEN,14.628399848937988,14.628399848937988,14.630000114440918,14.510000228881836,14.510000228881836,2984.0
2024-07-03 09:33:00,AKAN,2.299999952316284,2.299999952316284,2.299999952316284,2.25,2.25,10215.0
2024-07-03 09:33:00,AKRO,22.1200008392334,22.1200008392334,22.1299991607666,22.1200008392334,22.1299991607666,768.0
2024-07-03 09:33:00,ALEC,4.320000171661377,4.320000171661377,4.320000171661377,4.320000171661377,4.320000171661377,105.0
2024-07-03 09:33:00,ALGN,238.72000122070312,238.72000122070312,238.9490966796875,238.72000122070312,238.9490966796875,568.0
2024-07-03 09:33:00,ALGS,0.4088999927043915,0.4088999927043915,0.41999998688697815,0.4088999927043915,0.41999998688697815,3700.0
2024-07-03 09:33:00,ALHC,7.96999979019165,7.96999979019165,7.96999979019165,7.96999979019165,7.96999979019165,220.0
2024-07-03 09:33:00,ALIM,5.53000020980835,5.53000020980835,5.53000020980835,5.53000020980835,5.53000020980835,1176.0
2024-07-03 09:33:00,ALKS,24.25,24.25,24.25,24.25,24.25,179.0
2024-07-03 09:33:00,ALLK,0.8779000043869019,0.8779000043869019,0.8779000043869019,0.8779000043869019,0.8779000043869019,129.0
2024-07-03 09:33:00,ALLO,2.1700000762939453,2.1700000762939453,2.174999952316284,2.1700000762939453,2.1700000762939453,1035.0
2024-07-03 09:33:00,ALLR,0.2125999927520752,0.2125999927520752,0.2125999927520752,0.21089999377727509,0.21089999377727509,10955.0
2024-07-03 09:33:00,ALNY,248.67999267578125,248.67999267578125,248.67999267578125,247.875,248.08059692382812,8275.0
2024-07-03 09:33:00,ALT,6.796000003814697,6.796000003814697,6.815000057220459,6.769999980926514,6.800000190734863,8233.0
2024-07-03 09:33:00,ALVO,12.399999618530273,12.399999618530273,12.399999618530273,12.399999618530273,12.399999618530273,200.0
2024-07-03 09:33:00,ALXO,5.769999980926514,5.769999980926514,5.769999980926514,5.735000133514404,5.735000133514404,3470.0
2024-07-03 09:33:00,AMED,96.69989776611328,96.69989776611328,96.69989776611328,96.66130065917969,96.66130065917969,2566.0
2024-07-03 09:33:00,AMGN,310.94000244140625,310.94000244140625,311.6499938964844,310.94000244140625,311.6000061035156,2496.0
2024-07-03 09:33:00,AMLX,1.7200000286102295,1.7200000286102295,1.725000023841858,1.7200000286102295,1.725000023841858,927.0
2024-07-03 09:33:00,AMPH,37.66999816894531,37.66999816894531,37.66999816894531,37.66999816894531,37.66999816894531,193.0
2024-07-03 09:33:00,ANAB,24.96380043029785,24.96380043029785,24.96380043029785,24.96380043029785,24.96380043029785,991.0
2024-07-03 09:33:00,ANGO,5.630000114440918,5.630000114440918,5.630000114440918,5.630000114440918,5.630000114440918,690.0
2024-07-03 09:33:00,ANNX,4.724999904632568,4.724999904632568,4.730000019073486,4.710700035095215,4.730000019073486,1395.0
2024-07-03 09:33:00,ANTX,2.2948999404907227,2.2948999404907227,2.2948999404907227,2.240000009536743,2.240000009536743,1765.0
2024-07-03 09:33:00,APDN,0.46149998903274536,0.46149998903274536,0.4790000021457672,0.46149998903274536,0.4699999988079071,2630.0
2024-07-03 09:33:00,AQST,2.369999885559082,2.369999885559082,2.400099992752075,2.359999895095825,2.400099992752075,15337.0
2024-07-03 09:33:00,ARCT,21.350000381469727,21.350000381469727,21.354999542236328,21.350000381469727,21.354999542236328,796.0
2024-07-03 09:33:00,ARDX,5.139999866485596,5.139999866485596,5.224999904632568,5.139999866485596,5.224999904632568,240772.0
2024-07-03 09:33:00,ARGX,438.3450012207031,438.3450012207031,438.3450012207031,438.2699890136719,438.2699890136719,750.0
2024-07-03 09:33:00,ARQT,9.5,9.5,9.520000457763672,9.489999771118164,9.5,4633.0
2024-07-03 09:33:00,ARVN,24.735000610351562,24.735000610351562,24.735000610351562,24.649999618530273,24.649999618530273,2078.0
2024-07-03 09:33:00,ATEC,9.975000381469727,9.975000381469727,9.975000381469727,9.975000381469727,9.975000381469727,333.0
2024-07-03 09:33:00,AUGX,0.9800000190734863,0.9800000190734863,0.9800000190734863,0.9800000190734863,0.9800000190734863,1581.0
2024-07-03 09:33:00,AUPH,5.449999809265137,5.449999809265137,5.449999809265137,5.449999809265137,5.449999809265137,505.0
2024-07-03 09:33:00,AUTL,3.440000057220459,3.440000057220459,3.440000057220459,3.440000057220459,3.440000057220459,300.0
2024-07-03 09:33:00,AVAH,2.590100049972534,2.590100049972534,2.590100049972534,2.590100049972534,2.590100049972534,1305.0
2024-07-03 09:33:00,AVDL,13.890000343322754,13.890000343322754,13.890000343322754,13.821999549865723,13.821999549865723,702.0
2024-07-03 09:33:00,AVIR,3.2200000286102295,3.2200000286102295,3.2300000190734863,3.2200000286102295,3.2200000286102295,2675.0
2024-07-03 09:33:00,AVTE,1.6399999856948853,1.6399999856948853,1.6399999856948853,1.6399999856948853,1.6399999856948853,214.0
2024-07-03 09:33:00,AVXL,4.175000190734863,4.175000190734863,4.190000057220459,4.159999847412109,4.1620001792907715,1371.0
2024-07-03 09:33:00,AWH,0.9998999834060669,0.9998999834060669,0.9998999834060669,0.9599999785423279,0.9599999785423279,425.0
2024-07-03 09:33:00,AXGN,7.460000038146973,7.460000038146973,7.550000190734863,7.460000038146973,7.550000190734863,644.0
2024-07-03 09:33:00,AZN,76.8499984741211,76.8499984741211,76.91000366210938,76.8499984741211,76.87999725341797,11766.0
2024-07-03 09:33:00,BCLI,0.35199999809265137,0.35199999809265137,0.35199999809265137,0.35199999809265137,0.35199999809265137,2125.0
2024-07-03 09:33:00,BCRX,6.559999942779541,6.559999942779541,6.59499979019165,6.559999942779541,6.59499979019165,2585.0
2024-07-03 09:33:00,BDTX,4.184999942779541,4.184999942779541,4.204999923706055,4.179999828338623,4.190000057220459,11388.0
2024-07-03 09:33:00,BEAT,2.940000057220459,2.940000057220459,2.990000009536743,2.940000057220459,2.990000009536743,5173.0
2024-07-03 09:33:00,BIIB,228.60000610351562,228.60000610351562,228.60000610351562,228.60000610351562,228.60000610351562,474.0
2024-07-03 09:33:00,BIOR,0.6297000050544739,0.6297000050544739,0.6297000050544739,0.6248999834060669,0.6248999834060669,5686.0
2024-07-03 09:33:00,BIVI,0.41999998688697815,0.41999998688697815,0.42100000381469727,0.41999998688697815,0.42100000381469727,6559.0
2024-07-03 09:33:00,BJDX,0.6484000086784363,0.6484000086784363,0.6484000086784363,0.6450999975204468,0.646399974822998,6682.0
2024-07-03 09:33:00,BLRX,0.5425999760627747,0.5425999760627747,0.5425999760627747,0.5425999760627747,0.5425999760627747,1404.0
2024-07-03 09:33:00,BLTE,46.0,46.0,46.0,45.459999084472656,46.0,1954.0
2024-07-03 09:33:00,BLUE,0.9150000214576721,0.9150000214576721,0.9240999817848206,0.9150000214576721,0.9240999817848206,23133.0
2024-07-03 09:33:00,BMEA,4.360000133514404,4.360000133514404,4.360099792480469,4.360000133514404,4.360099792480469,3005.0
2024-07-03 09:33:00,BMRN,82.38500213623047,82.38500213623047,82.38500213623047,82.38500213623047,82.38500213623047,249.0
2024-07-03 09:33:00,BNGO,0.5914000272750854,0.5914000272750854,0.5945000052452087,0.5899999737739563,0.5914000272750854,17327.0
2024-07-03 09:33:00,BNTX,79.74500274658203,79.74500274658203,79.74500274658203,79.55000305175781,79.55000305175781,1865.0
2024-07-03 09:33:00,BPMC,110.55989837646484,110.55989837646484,110.55989837646484,110.55989837646484,110.55989837646484,1987.0
2024-07-03 09:33:00,BPTH,1.840000033378601,1.840000033378601,1.850000023841858,1.840000033378601,1.850000023841858,0.0
2024-07-03 09:33:00,BRKR,61.93000030517578,61.93000030517578,61.93000030517578,61.790000915527344,61.790000915527344,1358.0
2024-07-03 09:33:00,BVS,5.860000133514404,5.860000133514404,5.860000133514404,5.860000133514404,5.860000133514404,283.0
2024-07-03 09:33:00,BYSI,2.3499999046325684,2.3499999046325684,2.3499999046325684,2.3499999046325684,2.3499999046325684,380.0
2024-07-03 09:33:00,CABA,7.260000228881836,7.260000228881836,7.320000171661377,7.260000228881836,7.320000171661377,7347.0
2024-07-03 09:33:00,CARA,0.26809999346733093,0.26809999346733093,0.26809999346733093,0.26809999346733093,0.26809999346733093,1031.0
2024-07-03 09:33:00,CCCC,4.5,4.5,4.519999980926514,4.5,4.519999980926514,560.0
2024-07-03 09:33:00,CCRN,13.789999961853027,13.789999961853027,13.789999961853027,13.789999961853027,13.789999961853027,112.0
2024-07-03 09:33:00,CDMO,6.699999809265137,6.699999809265137,6.71999979019165,6.699999809265137,6.710000038146973,30211.0
2024-07-03 09:33:00,CERE,41.33000183105469,41.33000183105469,41.33000183105469,41.150001525878906,41.150001525878906,3474.0
2024-07-03 09:33:00,CERT,13.619999885559082,13.619999885559082,13.619999885559082,13.619999885559082,13.619999885559082,112.0
2024-07-03 09:33:00,CGC,6.329699993133545,6.329699993133545,6.340000152587891,6.329699993133545,6.340000152587891,6694.0
2024-07-03 09:33:00,CGEM,16.475000381469727,16.475000381469727,16.475000381469727,16.475000381469727,16.475000381469727,950.0
2024-07-03 09:33:00,CHRS,1.370300054550171,1.370300054550171,1.3717000484466553,1.3700000047683716,1.3717000484466553,4835.0
2024-07-03 09:33:00,CING,0.3149999976158142,0.3149999976158142,0.3151000142097473,0.3149999976158142,0.3149999976158142,132133.0
2024-07-03 09:33:00,CKPT,2.109999895095825,2.109999895095825,2.109999895095825,2.109999895095825,2.109999895095825,3731.0
2024-07-03 09:33:00,CLDX,37.14500045776367,37.14500045776367,37.14500045776367,37.14500045776367,37.14500045776367,301.0
2024-07-03 09:33:00,CNSP,2.351099967956543,2.351099967956543,2.5399999618530273,2.3299999237060547,2.516700029373169,1216002.0
2024-07-03 09:33:00,COGT,8.350000381469727,8.350000381469727,8.380000114440918,8.350000381469727,8.375,3291.0
2024-07-03 09:33:00,COSM,1.0383000373840332,1.0383000373840332,1.0383000373840332,1.0383000373840332,1.0383000373840332,204.0
2024-07-03 09:33:00,CRBP,48.7599983215332,48.7599983215332,48.7599983215332,48.7599983215332,48.7599983215332,121.0
2024-07-03 09:33:00,CRBU,1.600000023841858,1.600000023841858,1.6100000143051147,1.600000023841858,1.6100000143051147,1175.0
2024-07-03 09:33:00,CRDF,2.140000104904175,2.140000104904175,2.140000104904175,2.112600088119507,2.112600088119507,10527.0
2024-07-03 09:33:00,CRDL,1.9199999570846558,1.9199999570846558,1.9199999570846558,1.9199999570846558,1.9199999570846558,200.0
2024-07-03 09:33:00,CRSP,53.22999954223633,53.22999954223633,53.45000076293945,53.22999954223633,53.45000076293945,415.0
2024-07-03 09:33:00,CSBR,4.860000133514404,4.860000133514404,4.860000133514404,4.860000133514404,4.860000133514404,0.0
2024-07-03 09:33:00,CTKB,5.639999866485596,5.639999866485596,5.659999847412109,5.639999866485596,5.659999847412109,3476.0
2024-07-03 09:33:00,CTMX,1.3350000381469727,1.3350000381469727,1.3350000381469727,1.3350000381469727,1.3350000381469727,205.0
2024-07-03 09:33:00,CTXR,0.5199999809265137,0.5199999809265137,0.5199999809265137,0.5199999809265137,0.5199999809265137,5442.0
2024-07-03 09:33:00,CUTR,1.3691999912261963,1.3691999912261963,1.3691999912261963,1.3691999912261963,1.3691999912261963,2285.0
2024-07-03 09:33:00,CVAC,3.6700000762939453,3.6700000762939453,3.690000057220459,3.569999933242798,3.5899999141693115,71170.0
2024-07-03 09:33:00,CYTK,55.23500061035156,55.23500061035156,55.23500061035156,55.23500061035156,55.23500061035156,230.0
2024-07-03 09:33:00,DCGO,2.930000066757202,2.930000066757202,2.930000066757202,2.930000066757202,2.930000066757202,200.0
2024-07-03 09:33:00,DCTH,7.900000095367432,7.900000095367432,7.900000095367432,7.900000095367432,7.900000095367432,200.0
2024-07-03 09:33:00,DMAC,2.809999942779541,2.809999942779541,2.809999942779541,2.809999942779541,2.809999942779541,7062.0
2024-07-03 09:33:00,DNLI,21.790000915527344,21.790000915527344,21.81999969482422,21.790000915527344,21.81999969482422,357.0
2024-07-03 09:33:00,DVAX,11.09000015258789,11.09000015258789,11.109999656677246,11.09000015258789,11.109999656677246,233.0
2024-07-03 09:33:00,DXCM,111.58499908447266,111.58499908447266,111.83999633789062,111.44999694824219,111.5,4307.0
2024-07-03 09:33:00,DYN,34.470001220703125,34.470001220703125,34.470001220703125,34.470001220703125,34.470001220703125,1915.0
2024-07-03 09:33:00,EDIT,4.590000152587891,4.590000152587891,4.59499979019165,4.579999923706055,4.579999923706055,1856.0
2024-07-03 09:33:00,ELEV,2.7219998836517334,2.7219998836517334,2.7219998836517334,2.7219998836517334,2.7219998836517334,523.0
2024-07-03 09:33:00,EMBC,11.949999809265137,11.949999809265137,11.949999809265137,11.9399995803833,11.9399995803833,885.0
2024-07-03 09:33:00,ENSG,127.47000122070312,127.47000122070312,127.51000213623047,127.25,127.25,6716.0
2024-07-03 09:33:00,ENTA,13.4399995803833,13.4399995803833,13.4399995803833,13.4399995803833,13.4399995803833,300.0
2024-07-03 09:33:00,EOLS,10.760000228881836,10.760000228881836,10.760000228881836,10.729999542236328,10.729999542236328,926.0
2024-07-03 09:33:00,ERAS,2.309999942779541,2.309999942779541,2.309999942779541,2.309999942779541,2.309999942779541,200.0
2024-07-03 09:33:00,ESPR,2.3691000938415527,2.3691000938415527,2.3691000938415527,2.3399999141693115,2.3450000286102295,13323.0
2024-07-03 09:33:00,ESTA,43.66999816894531,43.66999816894531,43.66999816894531,43.54999923706055,43.66999816894531,894.0
2024-07-03 09:33:00,ETNB,7.650000095367432,7.650000095367432,7.650000095367432,7.639999866485596,7.650000095367432,1104.0
2024-07-03 09:33:00,EVOK,0.5009999871253967,0.5009999871253967,0.5009999871253967,0.5009999871253967,0.5009999871253967,1038.0
2024-07-03 09:33:00,EWTX,18.114999771118164,18.114999771118164,18.114999771118164,18.114999771118164,18.114999771118164,247.0
2024-07-03 09:33:00,EXAI,5.164999961853027,5.164999961853027,5.164999961853027,5.164999961853027,5.164999961853027,105.0
2024-07-03 09:33:00,EXAS,43.46500015258789,43.46500015258789,43.4900016784668,43.46500015258789,43.47999954223633,1303.0
2024-07-03 09:33:00,FATE,3.2200000286102295,3.2200000286102295,3.2200000286102295,3.2100000381469727,3.2100000381469727,1346.0
2024-07-03 09:33:00,FDMT,20.795000076293945,20.795000076293945,20.795000076293945,20.795000076293945,20.795000076293945,359.0
2024-07-03 09:33:00,FGEN,0.7210000157356262,0.7210000157356262,0.7307000160217285,0.7210000157356262,0.7307000160217285,1019.0
2024-07-03 09:33:00,FLGC,0.9351000189781189,0.9351000189781189,0.9650999903678894,0.9301000237464905,0.9301000237464905,634.0
2024-07-03 09:33:00,FULC,6.105000019073486,6.105000019073486,6.105000019073486,6.105000019073486,6.105000019073486,209.0
2024-07-03 09:33:00,GALT,2.2950000762939453,2.2950000762939453,2.2950000762939453,2.2950000762939453,2.2950000762939453,284.0
2024-07-03 09:33:00,GERN,4.25,4.25,4.255000114440918,4.25,4.255000114440918,1934.0
2024-07-03 09:33:00,GILD,67.95500183105469,67.95500183105469,68.0199966430664,67.94999694824219,67.9749984741211,5174.0
2024-07-03 09:33:00,GLYC,0.2685000002384186,0.2685000002384186,0.2685000002384186,0.26589998602867126,0.26589998602867126,0.0
2024-07-03 09:33:00,GMAB,25.121000289916992,25.121000289916992,25.121000289916992,25.121000289916992,25.121000289916992,817.0
2024-07-03 09:33:00,GOSS,0.9387000203132629,0.9387000203132629,0.9387000203132629,0.9387000203132629,0.9387000203132629,571.0
2024-07-03 09:33:00,GOVX,3.190000057220459,3.190000057220459,3.210700035095215,3.190000057220459,3.210700035095215,2732.0
2024-07-03 09:33:00,GRFS,6.559999942779541,6.559999942779541,6.559999942779541,6.559999942779541,6.559999942779541,3941.0
2024-07-03 09:33:00,HALO,51.27000045776367,51.27000045776367,51.36000061035156,51.27000045776367,51.36000061035156,332.0
2024-07-03 09:33:00,HCM,17.65999984741211,17.65999984741211,17.670000076293945,17.549999237060547,17.549999237060547,300.0
2024-07-03 09:33:00,HITI,2.130000114440918,2.130000114440918,2.130000114440918,2.130000114440918,2.130000114440918,3567.0
2024-07-03 09:33:00,HOLX,73.29000091552734,73.29000091552734,73.29000091552734,73.26000213623047,73.26000213623047,1263.0
2024-07-03 09:33:00,HOOK,0.5702000260353088,0.5702000260353088,0.5702000260353088,0.5702000260353088,0.5702000260353088,662.0
2024-07-03 09:33:00,HOWL,2.0801000595092773,2.0801000595092773,2.0801000595092773,2.0801000595092773,2.0801000595092773,940.0
2024-07-03 09:33:00,HRMY,29.799999237060547,29.799999237060547,29.799999237060547,29.799999237060547,29.799999237060547,571.0
2024-07-03 09:33:00,HRTX,2.734999895095825,2.734999895095825,2.7481000423431396,2.7149999141693115,2.7149999141693115,13434.0
2024-07-03 09:33:00,HSCS,5.03000020980835,5.03000020980835,5.039999961853027,5.01230001449585,5.01230001449585,1158.0
2024-07-03 09:33:00,HSIC,65.41000366210938,65.41000366210938,65.41000366210938,65.41000366210938,65.41000366210938,329.0
2024-07-03 09:33:00,HUMA,5.199999809265137,5.199999809265137,5.244999885559082,5.199999809265137,5.244999885559082,4599.0
2024-07-03 09:33:00,ICLR,319.79998779296875,319.79998779296875,319.79998779296875,319.79998779296875,319.79998779296875,767.0
2024-07-03 09:33:00,ILMN,105.04879760742188,105.04879760742188,105.43000030517578,105.04879760742188,105.2699966430664,2768.0
2024-07-03 09:33:00,IMMP,1.9500000476837158,1.9500000476837158,1.9500000476837158,1.9199999570846558,1.937999963760376,6141.0
2024-07-03 09:33:00,IMMX,2.049999952316284,2.049999952316284,2.0799999237060547,2.049999952316284,2.0799999237060547,0.0
2024-07-03 09:33:00,IMNM,11.800000190734863,11.800000190734863,11.90999984741211,11.800000190734863,11.90999984741211,404.0
2024-07-03 09:33:00,IMRN,2.109999895095825,2.109999895095825,2.1500000953674316,2.109999895095825,2.1500000953674316,415.0
2024-07-03 09:33:00,INCY,59.04499816894531,59.04499816894531,59.04499816894531,59.04499816894531,59.04499816894531,609.0
2024-07-03 09:33:00,INMB,8.100000381469727,8.100000381469727,8.100000381469727,8.100000381469727,8.100000381469727,309.0
2024-07-03 09:33:00,INMD,17.709999084472656,17.709999084472656,17.719999313354492,17.700000762939453,17.700000762939453,911.0
2024-07-03 09:33:00,INO,8.532600402832031,8.532600402832031,8.532600402832031,8.532600402832031,8.532600402832031,393.0
2024-07-03 09:33:00,INSM,64.4999008178711,64.4999008178711,64.4999008178711,64.1050033569336,64.1050033569336,6097.0
2024-07-03 09:33:00,INVA,16.5,16.5,16.5,16.5,16.5,818.0
2024-07-03 09:33:00,IONS,44.98500061035156,44.98500061035156,44.98500061035156,44.94499969482422,44.94499969482422,755.0
2024-07-03 09:33:00,IOVA,7.775000095367432,7.775000095367432,7.775000095367432,7.769999980926514,7.775000095367432,9101.0
2024-07-03 09:33:00,IRIX,1.9700000286102295,1.9700000286102295,1.9700000286102295,1.9700000286102295,1.9700000286102295,100.0
2024-07-03 09:33:00,IRWD,6.190000057220459,6.190000057220459,6.190000057220459,6.190000057220459,6.190000057220459,308.0
2024-07-03 09:33:00,ISPC,0.2904999852180481,0.2904999852180481,0.2904999852180481,0.2904999852180481,0.2904999852180481,520.0
2024-07-03 09:33:00,ISRG,437.8399963378906,437.8399963378906,438.7200012207031,437.8399963378906,438.7200012207031,2248.0
2024-07-03 09:33:00,ITCI,67.9800033569336,67.9800033569336,67.9800033569336,67.9800033569336,67.9800033569336,334.0
2024-07-03 09:33:00,JAGX,3.4100000858306885,3.4100000858306885,3.4244000911712646,3.4100000858306885,3.4240000247955322,7680.0
2024-07-03 09:33:00,KMDA,5.419000148773193,5.419000148773193,5.429999828338623,5.409999847412109,5.429999828338623,2129.0
2024-07-03 09:33:00,KRMD,2.315000057220459,2.315000057220459,2.315000057220459,2.305000066757202,2.305000066757202,230.0
2024-07-03 09:33:00,KTRA,0.2662000060081482,0.2662000060081482,0.2662999927997589,0.2651999890804291,0.2662000060081482,7577.0
2024-07-03 09:33:00,KURA,20.5,20.5,20.540000915527344,20.5,20.540000915527344,594.0
2024-07-03 09:33:00,LAB,1.784999966621399,1.784999966621399,1.784999966621399,1.784999966621399,1.784999966621399,1329.0
2024-07-03 09:33:00,LBPH,31.049999237060547,31.049999237060547,31.344999313354492,31.049999237060547,31.344999313354492,1871.0
2024-07-03 09:33:00,LEGN,44.974998474121094,44.974998474121094,44.974998474121094,44.540000915527344,44.69499969482422,203.0
2024-07-03 09:33:00,LFST,5.090000152587891,5.090000152587891,5.090000152587891,5.090000152587891,5.090000152587891,167.0
2024-07-03 09:33:00,LGVN,1.6405999660491943,1.6405999660491943,1.645400047302246,1.6399999856948853,1.6399999856948853,1528.0
2024-07-03 09:33:00,LNTH,78.40499877929688,78.40499877929688,78.40499877929688,78.40499877929688,78.40499877929688,1097.0
2024-07-03 09:33:00,LOGC,5.639999866485596,5.639999866485596,5.639999866485596,5.639999866485596,5.639999866485596,310.0
2024-07-03 09:33:00,LPTX,1.7000999450683594,1.7000999450683594,1.7000999450683594,1.7000999450683594,1.7000999450683594,0.0
2024-07-03 09:33:00,LUCY,0.47850000858306885,0.47850000858306885,0.48489999771118164,0.4749999940395355,0.47999998927116394,45990.0
2024-07-03 09:33:00,LYEL,1.4305000305175781,1.4305000305175781,1.4305000305175781,1.4305000305175781,1.4305000305175781,786.0
2024-07-03 09:33:00,LYRA,0.2782000005245209,0.2782000005245209,0.2782000005245209,0.2782000005245209,0.2782000005245209,14418.0
2024-07-03 09:33:00,MBIO,0.5443999767303467,0.5443999767303467,0.5444999933242798,0.5320000052452087,0.5320000052452087,40547.0
2024-07-03 09:33:00,MBOT,1.0299999713897705,1.0299999713897705,1.0299999713897705,1.0049999952316284,1.0049999952316284,22584.0
2024-07-03 09:33:00,MCRB,0.701200008392334,0.701200008392334,0.701200008392334,0.701200008392334,0.701200008392334,1129.0
2024-07-03 09:33:00,MDXG,6.739999771118164,6.739999771118164,6.740699768066406,6.739999771118164,6.739999771118164,3627.0
2024-07-03 09:33:00,MDXH,2.259999990463257,2.259999990463257,2.259999990463257,2.259999990463257,2.259999990463257,300.0
2024-07-03 09:33:00,ME,0.3903000056743622,0.3903000056743622,0.3944000005722046,0.3903000056743622,0.3903000056743622,11000.0
2024-07-03 09:33:00,MEDS,16.600000381469727,16.600000381469727,16.600000381469727,16.600000381469727,16.600000381469727,740.0
2024-07-03 09:33:00,MGNX,4.125,4.125,4.139999866485596,4.119999885559082,4.119999885559082,2334.0
2024-07-03 09:33:00,MNKD,5.019999980926514,5.019999980926514,5.03000020980835,4.989999771118164,5.019999980926514,3776.0
2024-07-03 09:33:00,MNMD,7.079999923706055,7.079999923706055,7.09499979019165,7.079999923706055,7.09499979019165,565.0
2024-07-03 09:33:00,MODV,28.299999237060547,28.299999237060547,28.299999237060547,28.09000015258789,28.09000015258789,1568.0
2024-07-03 09:33:00,MOR,18.139999389648438,18.139999389648438,18.139999389648438,18.139999389648438,18.139999389648438,2.0
2024-07-03 09:33:00,MRNA,117.36000061035156,117.36000061035156,118.05999755859375,117.36000061035156,118.0,16288.0
2024-07-03 09:33:00,MRVI,6.800000190734863,6.800000190734863,6.800000190734863,6.78000020980835,6.78000020980835,401.0
2024-07-03 09:33:00,NBIX,138.3249969482422,138.3249969482422,138.3249969482422,138.3249969482422,138.3249969482422,152.0
2024-07-03 09:33:00,NDRA,0.08709999918937683,0.08709999918937683,0.08709999918937683,0.08709999918937683,0.08709999918937683,0.0
2024-07-03 09:33:00,NERV,3.0799999237060547,3.0799999237060547,3.0999999046325684,3.0799999237060547,3.0999999046325684,996.0
2024-07-03 09:33:00,NKTR,1.2200000286102295,1.2200000286102295,1.2200000286102295,1.2194000482559204,1.2194000482559204,2400.0
2024-07-03 09:33:00,NKTX,5.190000057220459,5.190000057220459,5.190000057220459,5.190000057220459,5.190000057220459,1460.0
2024-07-03 09:33:00,NRIX,18.989999771118164,18.989999771118164,19.034000396728516,18.920000076293945,19.034000396728516,698.0
2024-07-03 09:33:00,NRSN,1.350000023841858,1.350000023841858,1.3783999681472778,1.2999999523162842,1.340000033378601,10921.0
2024-07-03 09:33:00,NTLA,22.43000030517578,22.43000030517578,22.530000686645508,22.40999984741211,22.479999542236328,4616.0
2024-07-03 09:33:00,NVAX,12.821900367736816,12.821900367736816,12.850000381469727,12.8100004196167,12.850000381469727,8818.0
2024-07-03 09:33:00,NVCR,17.0,17.0,17.0,17.0,17.0,591.0
2024-07-03 09:33:00,NVOS,0.7400000095367432,0.7400000095367432,0.7409999966621399,0.7400000095367432,0.7409999966621399,14740.0
2024-07-03 09:33:00,NXL,1.5429999828338623,1.5429999828338623,1.5429999828338623,1.5429999828338623,1.5429999828338623,200.0
2024-07-03 09:33:00,OCGN,1.6159000396728516,1.6159000396728516,1.6159000396728516,1.6100000143051147,1.6100000143051147,2803.0
2024-07-03 09:33:00,OCUL,6.775000095367432,6.775000095367432,6.789999961853027,6.769999980926514,6.789999961853027,1152.0
2024-07-03 09:33:00,OLK,25.832500457763672,25.832500457763672,25.875,25.81999969482422,25.875,12230.0
2024-07-03 09:33:00,OLMA,10.260000228881836,10.260000228881836,10.260000228881836,10.260000228881836,10.260000228881836,110.0
2024-07-03 09:33:00,OMGA,2.1159000396728516,2.1159000396728516,2.1159000396728516,2.1159000396728516,2.1159000396728516,251.0
2024-07-03 09:34:00,ABCL,2.75,2.75,2.777400016784668,2.740000009536743,2.777400016784668,5968.0
2024-07-03 09:34:00,ABEO,4.340000152587891,4.340000152587891,4.340000152587891,4.21999979019165,4.235000133514404,14715.0
2024-07-03 09:34:00,ABOS,2.2701001167297363,2.2701001167297363,2.2709999084472656,2.2699999809265137,2.2699999809265137,4204.0
2024-07-03 09:34:00,ABSI,3.369999885559082,3.369999885559082,3.4149999618530273,3.369999885559082,3.4149999618530273,11775.0
2024-07-03 09:34:00,ABUS,3.1449999809265137,3.1449999809265137,3.1500000953674316,3.1449999809265137,3.1449999809265137,2975.0
2024-07-03 09:34:00,ACAD,15.832500457763672,15.832500457763672,15.832500457763672,15.832500457763672,15.832500457763672,382.0
2024-07-03 09:34:00,ACB,4.539899826049805,4.539899826049805,4.539999961853027,4.539899826049805,4.539999961853027,318.0
2024-07-03 09:34:00,ACCD,3.4911999702453613,3.4911999702453613,3.4911999702453613,3.484999895095825,3.48799991607666,2743.0
2024-07-03 09:34:00,ACET,1.100000023841858,1.100000023841858,1.100000023841858,1.100000023841858,1.100000023841858,345.0
2024-07-03 09:34:00,ADAP,1.0516999959945679,1.0516999959945679,1.0516999959945679,1.0516999959945679,1.0516999959945679,0.0
2024-07-03 09:34:00,ADMA,11.295000076293945,11.295000076293945,11.34000015258789,11.295000076293945,11.34000015258789,14597.0
2024-07-03 09:34:00,ADPT,3.319999933242798,3.319999933242798,3.3499999046325684,3.319999933242798,3.3499999046325684,3790.0
2024-07-03 09:34:00,AGEN,14.609999656677246,14.609999656677246,14.619999885559082,14.609999656677246,14.619999885559082,920.0
2024-07-03 09:34:00,AKBA,0.940500020980835,0.940500020980835,0.9559999704360962,0.940500020980835,0.9559999704360962,28282.0
2024-07-03 09:34:00,ALEC,4.320000171661377,4.320000171661377,4.320000171661377,4.320000171661377,4.320000171661377,143.0
2024-07-03 09:34:00,ALGN,238.27000427246094,238.27000427246094,238.27000427246094,238.27000427246094,238.27000427246094,921.0
2024-07-03 09:34:00,ALGS,0.41449999809265137,0.41449999809265137,0.41449999809265137,0.41449999809265137,0.41449999809265137,0.0
2024-07-03 09:34:00,ALHC,7.980000019073486,7.980000019073486,7.980000019073486,7.980000019073486,7.980000019073486,240.0
2024-07-03 09:34:00,ALKS,24.260000228881836,24.260000228881836,24.260000228881836,24.260000228881836,24.260000228881836,135.0
2024-07-03 09:34:00,ALLK,0.8593000173568726,0.8593000173568726,0.8593999743461609,0.8593000173568726,0.8593999743461609,494.0
2024-07-03 09:34:00,ALLO,2.168100118637085,2.168100118637085,2.168100118637085,2.168100118637085,2.168100118637085,937.0
2024-07-03 09:34:00,ALNY,247.8800048828125,247.8800048828125,247.8800048828125,247.8800048828125,247.8800048828125,600.0
2024-07-03 09:34:00,ALT,6.739999771118164,6.739999771118164,6.820000171661377,6.739999771118164,6.789999961853027,10763.0
2024-07-03 09:34:00,AMED,96.73999786376953,96.73999786376953,96.73999786376953,96.69999694824219,96.69999694824219,1849.0
2024-07-03 09:34:00,AMGN,310.4700012207031,310.4700012207031,310.95001220703125,310.4700012207031,310.95001220703125,2340.0
2024-07-03 09:34:00,AMLX,1.7000000476837158,1.7000000476837158,1.7200000286102295,1.7000000476837158,1.7200000286102295,19176.0
2024-07-03 09:34:00,AMPH,37.67499923706055,37.67499923706055,37.834999084472656,37.67499923706055,37.834999084472656,1011.0
2024-07-03 09:34:00,AMRN,0.7099000215530396,0.7099000215530396,0.7099000215530396,0.7050999999046326,0.7050999999046326,1753.0
2024-07-03 09:34:00,ANGO,5.630000114440918,5.630000114440918,5.630000114440918,5.630000114440918,5.630000114440918,320.0
2024-07-03 09:34:00,ANNX,4.71999979019165,4.71999979019165,4.71999979019165,4.715000152587891,4.715000152587891,4659.0
2024-07-03 09:34:00,ANTX,2.25,2.25,2.25,2.25,2.25,1139.0
2024-07-03 09:34:00,APDN,0.4699000120162964,0.4699000120162964,0.4699999988079071,0.4699000120162964,0.4699999988079071,1060.0
2024-07-03 09:34:00,APLS,35.73500061035156,35.73500061035156,35.73500061035156,35.73500061035156,35.73500061035156,284.0
2024-07-03 09:34:00,APLT,4.369999885559082,4.369999885559082,4.369999885559082,4.369999885559082,4.369999885559082,130.0
2024-07-03 09:34:00,APTO,0.8100000023841858,0.8100000023841858,0.8100000023841858,0.8100000023841858,0.8100000023841858,37.0
2024-07-03 09:34:00,APVO,0.30469998717308044,0.30469998717308044,0.30469998717308044,0.30469998717308044,0.30469998717308044,13264.0
2024-07-03 09:34:00,AQST,2.369999885559082,2.369999885559082,2.369999885559082,2.369999885559082,2.369999885559082,923.0
2024-07-03 09:34:00,ARDX,5.15500020980835,5.15500020980835,5.200500011444092,5.125,5.149899959564209,134764.0
2024-07-03 09:34:00,ARQT,9.470000267028809,9.470000267028809,9.489999771118164,9.430000305175781,9.430000305175781,15523.0
2024-07-03 09:34:00,ASRT,1.215000033378601,1.215000033378601,1.215000033378601,1.215000033378601,1.215000033378601,1220.0
2024-07-03 09:34:00,ATAI,1.309999942779541,1.309999942779541,1.312000036239624,1.309999942779541,1.312000036239624,1450.0
2024-07-03 09:34:00,ATEC,9.975000381469727,9.975000381469727,10.010000228881836,9.975000381469727,10.010000228881836,438.0
2024-07-03 09:34:00,ATOS,1.1399999856948853,1.1399999856948853,1.1504000425338745,1.1399999856948853,1.1502000093460083,2779.0
2024-07-03 09:34:00,ATXS,9.050000190734863,9.050000190734863,9.050000190734863,9.0,9.0,867.0
2024-07-03 09:34:00,AUPH,5.4303998947143555,5.4303998947143555,5.434999942779541,5.420000076293945,5.434999942779541,1201.0
2024-07-03 09:34:00,AUTL,3.4000000953674316,3.4000000953674316,3.4149999618530273,3.4000000953674316,3.4100000858306885,1238.0
2024-07-03 09:34:00,AVDL,13.989999771118164,13.989999771118164,13.989999771118164,13.899999618530273,13.899999618530273,1838.0
2024-07-03 09:34:00,AVIR,3.2200000286102295,3.2200000286102295,3.2200000286102295,3.2200000286102295,3.2200000286102295,301.0
2024-07-03 09:34:00,AVTE,1.6399999856948853,1.6399999856948853,1.6399999856948853,1.6399999856948853,1.6399999856948853,200.0
2024-07-03 09:34:00,AVXL,4.159999847412109,4.159999847412109,4.160099983215332,4.159999847412109,4.160099983215332,1673.0
2024-07-03 09:34:00,AXGN,7.440000057220459,7.440000057220459,7.440000057220459,7.440000057220459,7.440000057220459,754.0
2024-07-03 09:34:00,AZN,76.77999877929688,76.77999877929688,76.9000015258789,76.7699966430664,76.86000061035156,15199.0
2024-07-03 09:34:00,AZTA,51.61000061035156,51.61000061035156,51.61000061035156,51.470001220703125,51.47999954223633,1380.0
2024-07-03 09:34:00,BCRX,6.53000020980835,6.53000020980835,6.569900035858154,6.53000020980835,6.559999942779541,13025.0
2024-07-03 09:34:00,BDTX,4.202000141143799,4.202000141143799,4.202000141143799,4.190000057220459,4.190000057220459,6258.0
2024-07-03 09:34:00,BEAM,22.815000534057617,22.815000534057617,22.920000076293945,22.719999313354492,22.920000076293945,3345.0
2024-07-03 09:34:00,BEAT,2.9000000953674316,2.9000000953674316,2.9776999950408936,2.9000000953674316,2.9200000762939453,3762.0
2024-07-03 09:34:00,BIIB,226.97000122070312,226.97000122070312,228.27999877929688,226.97000122070312,228.27999877929688,1242.0
2024-07-03 09:34:00,BIVI,0.41990000009536743,0.41990000009536743,0.41990000009536743,0.41990000009536743,0.41990000009536743,142.0
2024-07-03 09:34:00,BLUE,0.9143999814987183,0.9143999814987183,0.9143999814987183,0.9100000262260437,0.9103000164031982,16584.0
2024-07-03 09:34:00,BMEA,4.360000133514404,4.360000133514404,4.360000133514404,4.360000133514404,4.360000133514404,575.0
2024-07-03 09:34:00,BMRA,0.45989999175071716,0.45989999175071716,0.45989999175071716,0.45989999175071716,0.45989999175071716,2653.0
2024-07-03 09:34:00,BMRN,82.22000122070312,82.22000122070312,82.2699966430664,82.19999694824219,82.2699966430664,1878.0
2024-07-03 09:34:00,BNGO,0.5953999757766724,0.5953999757766724,0.5953999757766724,0.5914000272750854,0.5928000211715698,4018.0
2024-07-03 09:34:00,BNTX,80.27999877929688,80.27999877929688,80.27999877929688,79.62000274658203,79.75499725341797,5201.0
2024-07-03 09:34:00,BPTH,1.809999942779541,1.809999942779541,1.809999942779541,1.809999942779541,1.809999942779541,390.0
2024-07-03 09:34:00,BVS,5.849999904632568,5.849999904632568,5.869999885559082,5.835000038146973,5.835000038146973,3155.0
2024-07-03 09:34:00,CABA,7.269999980926514,7.269999980926514,7.300000190734863,7.269999980926514,7.300000190734863,577.0
2024-07-03 09:34:00,CCCC,4.519999980926514,4.519999980926514,4.519999980926514,4.505000114440918,4.510000228881836,2231.0
2024-07-03 09:34:00,CDMO,6.699999809265137,6.699999809265137,6.699999809265137,6.619999885559082,6.679999828338623,29263.0
2024-07-03 09:34:00,CDXC,2.559999942779541,2.559999942779541,2.5799999237060547,2.559999942779541,2.5799999237060547,2455.0
2024-07-03 09:34:00,CDXS,2.9149999618530273,2.9149999618530273,2.9149999618530273,2.9149999618530273,2.9149999618530273,320.0
2024-07-03 09:34:00,CERE,41.21500015258789,41.21500015258789,41.2599983215332,41.20000076293945,41.20000076293945,7093.0
2024-07-03 09:34:00,CERS,1.715000033378601,1.715000033378601,1.7200000286102295,1.7100000381469727,1.715000033378601,4978.0
2024-07-03 09:34:00,CERT,13.614999771118164,13.614999771118164,13.614999771118164,13.614999771118164,13.614999771118164,246.0
2024-07-03 09:34:00,CGC,6.324999809265137,6.324999809265137,6.340000152587891,6.324999809265137,6.340000152587891,6392.0
2024-07-03 09:34:00,CGEN,1.7100000381469727,1.7100000381469727,1.7100000381469727,1.7100000381469727,1.7100000381469727,100.0
2024-07-03 09:34:00,CHRS,1.3550000190734863,1.3550000190734863,1.375,1.3550000190734863,1.3701000213623047,39224.0
2024-07-03 09:34:00,CLOV,1.2300000190734863,1.2300000190734863,1.2395999431610107,1.2300000190734863,1.233299970626831,8308.0
2024-07-03 09:34:00,CMPS,6.0,6.0,6.0,6.0,6.0,469.0
2024-07-03 09:34:00,CMRX,0.8701000213623047,0.8701000213623047,0.8701000213623047,0.8701000213623047,0.8701000213623047,1628.0
2024-07-03 09:34:00,CNSP,2.4505999088287354,2.4505999088287354,2.4700000286102295,2.309999942779541,2.3698999881744385,668299.0
2024-07-03 09:34:00,CODX,1.2300000190734863,1.2300000190734863,1.2300000190734863,1.2300000190734863,1.2300000190734863,50.0
2024-07-03 09:34:00,COGT,8.329999923706055,8.329999923706055,8.329999923706055,8.329999923706055,8.329999923706055,184.0
2024-07-03 09:34:00,COLL,32.150001525878906,32.150001525878906,32.150001525878906,32.150001525878906,32.150001525878906,112.0
2024-07-03 09:34:00,CORT,31.100000381469727,31.100000381469727,31.100000381469727,31.100000381469727,31.100000381469727,245.0
2024-07-03 09:34:00,COSM,1.0399999618530273,1.0399999618530273,1.0399999618530273,1.0299999713897705,1.0299999713897705,1685.0
2024-07-03 09:34:00,CPRX,15.864100456237793,15.864100456237793,15.864100456237793,15.796899795532227,15.796899795532227,392.0
2024-07-03 09:34:00,CRBU,1.5850000381469727,1.5850000381469727,1.6050000190734863,1.5850000381469727,1.6050000190734863,2928.0
2024-07-03 09:34:00,CRDL,1.934999942779541,1.934999942779541,1.940000057220459,1.934999942779541,1.934999942779541,1353.0
2024-07-03 09:34:00,CRMD,4.159999847412109,4.159999847412109,4.159999847412109,4.159999847412109,4.159999847412109,1107.0
2024-07-03 09:34:00,CRON,2.2750000953674316,2.2750000953674316,2.2750000953674316,2.2750000953674316,2.2750000953674316,2019.0
2024-07-03 09:34:00,CRSP,53.33000183105469,53.33000183105469,53.33000183105469,53.31999969482422,53.31999969482422,306.0
2024-07-03 09:34:00,CTMX,1.3200000524520874,1.3200000524520874,1.3300000429153442,1.3200000524520874,1.3300000429153442,3058.0
2024-07-03 09:34:00,CUE,1.0700000524520874,1.0700000524520874,1.0866999626159668,1.0700000524520874,1.0866999626159668,848.0
2024-07-03 09:34:00,CUTR,1.3650000095367432,1.3650000095367432,1.3650000095367432,1.3650000095367432,1.3650000095367432,1172.0
2024-07-03 09:34:00,CVAC,3.7200000286102295,3.7200000286102295,3.7200000286102295,3.5899999141693115,3.674799919128418,92854.0
2024-07-03 09:34:00,CYTK,54.97999954223633,54.97999954223633,55.209999084472656,54.970001220703125,55.209999084472656,3062.0
2024-07-03 09:34:00,DAWN,13.305000305175781,13.305000305175781,13.399999618530273,13.300000190734863,13.399999618530273,2109.0
2024-07-03 09:34:00,DCGO,2.944999933242798,2.944999933242798,2.944999933242798,2.930000066757202,2.930000066757202,671.0
2024-07-03 09:34:00,DCTH,7.940000057220459,7.940000057220459,7.940000057220459,7.889999866485596,7.889999866485596,541.0
2024-07-03 09:34:00,DNLI,21.905000686645508,21.905000686645508,21.905000686645508,21.799999237060547,21.799999237060547,2107.0
2024-07-03 09:34:00,DVAX,11.09000015258789,11.09000015258789,11.09000015258789,11.09000015258789,11.09000015258789,487.0
2024-07-03 09:34:00,DXCM,111.58000183105469,111.58000183105469,111.58999633789062,111.58000183105469,111.58999633789062,635.0
2024-07-03 09:34:00,DYN,34.470001220703125,34.470001220703125,34.470001220703125,34.470001220703125,34.470001220703125,67.0
2024-07-03 09:34:00,EDIT,4.570000171661377,4.570000171661377,4.579999923706055,4.570000171661377,4.570000171661377,2099.0
2024-07-03 09:34:00,EGRX,5.28000020980835,5.28000020980835,5.28000020980835,5.28000020980835,5.28000020980835,319.0
2024-07-03 09:34:00,ELEV,2.7300000190734863,2.7300000190734863,2.7300000190734863,2.7300000190734863,2.7300000190734863,1838.0
2024-07-03 09:34:00,EMBC,11.930000305175781,11.930000305175781,11.9350004196167,11.890000343322754,11.9350004196167,1540.0
2024-07-03 09:34:00,ENSC,0.47510001063346863,0.47510001063346863,0.47519999742507935,0.47510001063346863,0.47510001063346863,3352.0
2024-07-03 09:34:00,ENSG,127.25,127.25,127.48999786376953,127.25,127.48999786376953,299.0
2024-07-03 09:34:00,ENTA,13.3100004196167,13.3100004196167,13.319999694824219,13.3100004196167,13.3100004196167,747.0
2024-07-03 09:34:00,ENTX,1.690000057220459,1.690000057220459,1.690000057220459,1.690000057220459,1.690000057220459,350.0
2024-07-03 09:34:00,ENVB,0.5522000193595886,0.5522000193595886,0.5522000193595886,0.5522000193595886,0.5522000193595886,994.0
2024-07-03 09:34:00,EQ,0.6797000169754028,0.6797000169754028,0.6797000169754028,0.6797000169754028,0.6797000169754028,700.0
2024-07-03 09:34:00,ERAS,2.299999952316284,2.299999952316284,2.299999952316284,2.299999952316284,2.299999952316284,1430.0
2024-07-03 09:34:00,ESPR,2.3499999046325684,2.3499999046325684,2.369999885559082,2.3450000286102295,2.369999885559082,21957.0
2024-07-03 09:34:00,ETNB,7.679999828338623,7.679999828338623,7.679999828338623,7.679999828338623,7.679999828338623,547.0
2024-07-03 09:34:00,EVGN,0.6406000256538391,0.6406000256538391,0.6480000019073486,0.6406000256538391,0.6480000019073486,3245.0
2024-07-03 09:34:00,EWTX,18.030000686645508,18.030000686645508,18.040000915527344,18.010000228881836,18.030000686645508,1600.0
2024-07-03 09:34:00,EXAI,5.139999866485596,5.139999866485596,5.190000057220459,5.139999866485596,5.190000057220459,2419.0
2024-07-03 09:34:00,EXAS,43.310001373291016,43.310001373291016,43.369998931884766,43.08000183105469,43.369998931884766,5791.0
2024-07-03 09:34:00,EXEL,22.1200008392334,22.1200008392334,22.1299991607666,22.1200008392334,22.1299991607666,546.0
2024-07-03 09:34:00,EYPT,8.005000114440918,8.005000114440918,8.005000114440918,8.005000114440918,8.005000114440918,814.0
2024-07-03 09:34:00,FATE,3.2049999237060547,3.2049999237060547,3.2049999237060547,3.200000047683716,3.200000047683716,452.0
2024-07-03 09:34:00,FBIO,1.6699999570846558,1.6699999570846558,1.6710000038146973,1.6699999570846558,1.6699999570846558,1100.0
2024-07-03 09:34:00,FENC,6.050000190734863,6.050000190734863,6.050000190734863,6.050000190734863,6.050000190734863,258.0
2024-07-03 09:34:00,FGEN,0.7297000288963318,0.7297000288963318,0.7347000241279602,0.7297000288963318,0.7347000241279602,1208.0
2024-07-03 09:34:00,FLGC,0.9301000237464905,0.9301000237464905,0.9351000189781189,0.9301000237464905,0.9351000189781189,300.0
2024-07-03 09:34:00,FLGT,20.02989959716797,20.02989959716797,20.02989959716797,19.850000381469727,19.850000381469727,2519.0
2024-07-03 09:34:00,GALT,2.25,2.25,2.2816998958587646,2.25,2.2816998958587646,940.0
2024-07-03 09:34:00,GANX,1.1799999475479126,1.1799999475479126,1.1842000484466553,1.1799999475479126,1.1842000484466553,800.0
2024-07-03 09:34:00,GCTK,1.7100000381469727,1.7100000381469727,1.7100000381469727,1.7100000381469727,1.7100000381469727,0.0
2024-07-03 09:34:00,GDRX,7.769999980926514,7.769999980926514,7.78000020980835,7.760000228881836,7.78000020980835,844.0
2024-07-03 09:34:00,GENE,1.4038000106811523,1.4038000106811523,1.4038000106811523,1.4038000106811523,1.4038000106811523,1002.0
2024-07-03 09:34:00,GERN,4.240099906921387,4.240099906921387,4.244999885559082,4.240099906921387,4.244999885559082,1169.0
2024-07-03 09:34:00,GH,28.6200008392334,28.6200008392334,28.6200008392334,28.610000610351562,28.610000610351562,475.0
2024-07-03 09:34:00,GILD,67.87999725341797,67.87999725341797,67.94999694824219,67.80000305175781,67.91000366210938,13580.0
2024-07-03 09:34:00,GLUE,3.619999885559082,3.619999885559082,3.619999885559082,3.619999885559082,3.619999885559082,677.0
2024-07-03 09:34:00,GLYC,0.26589998602867126,0.26589998602867126,0.2685000002384186,0.26589998602867126,0.2685000002384186,1045.0
2024-07-03 09:34:00,GMAB,25.110000610351562,25.110000610351562,25.110000610351562,25.09000015258789,25.100000381469727,4790.0
2024-07-03 09:34:00,GOSS,0.9488000273704529,0.9488000273704529,0.949999988079071,0.9442999958992004,0.9442999958992004,13887.0
2024-07-03 09:34:00,GOVX,3.1449999809265137,3.1449999809265137,3.1500000953674316,3.130000114440918,3.1500000953674316,1973.0
2024-07-03 09:34:00,GRFS,6.559999942779541,6.559999942779541,6.559999942779541,6.554999828338623,6.559999942779541,1333.0
2024-07-03 09:34:00,GRTS,0.5701000094413757,0.5701000094413757,0.5701000094413757,0.5701000094413757,0.5701000094413757,287.0
2024-07-03 09:34:00,HALO,51.040000915527344,51.040000915527344,51.35499954223633,50.959999084472656,51.290000915527344,2839.0
2024-07-03 09:34:00,HCM,17.65999984741211,17.65999984741211,17.65999984741211,17.65999984741211,17.65999984741211,313.0
2024-07-03 09:34:00,HITI,2.1247000694274902,2.1247000694274902,2.125,2.119999885559082,2.125,4357.0
2024-07-03 09:34:00,HOLX,73.00499725341797,73.00499725341797,73.28500366210938,73.00499725341797,73.28500366210938,3404.0
2024-07-03 09:34:00,HOWL,2.0799999237060547,2.0799999237060547,2.0799999237060547,2.0799999237060547,2.0799999237060547,506.0
2024-07-03 09:34:00,HQY,84.7300033569336,84.7300033569336,84.7300033569336,84.5,84.5,425.0
2024-07-03 09:34:00,HROW,21.262399673461914,21.262399673461914,21.262399673461914,21.145000457763672,21.145000457763672,702.0
2024-07-03 09:34:00,HRTX,2.7300000190734863,2.7300000190734863,2.76990008354187,2.7300000190734863,2.75,27058.0
2024-07-03 09:34:00,HSIC,65.06500244140625,65.06500244140625,65.41000366210938,65.06500244140625,65.41000366210938,1621.0
2024-07-03 09:34:00,HUGE,0.15000000596046448,0.15000000596046448,0.15000000596046448,0.14900000393390656,0.15000000596046448,58132.0
2024-07-03 09:34:00,HUMA,5.21999979019165,5.21999979019165,5.21999979019165,5.199999809265137,5.199999809265137,22485.0
2024-07-03 09:34:00,IART,28.969999313354492,28.969999313354492,28.969999313354492,28.969999313354492,28.969999313354492,265.0
2024-07-03 09:34:00,IBRX,6.210000038146973,6.210000038146973,6.21999979019165,6.190000057220459,6.202700138092041,2891.0
2024-07-03 09:34:00,IDXX,478.2099914550781,478.2099914550781,478.2099914550781,478.2099914550781,478.2099914550781,590.0
2024-07-03 09:34:00,IFRX,1.6955000162124634,1.6955000162124634,1.6955000162124634,1.6955000162124634,1.6955000162124634,533.0
2024-07-03 09:34:00,ILMN,104.51000213623047,104.51000213623047,105.0,104.44999694824219,105.0,2742.0
2024-07-03 09:34:00,IMMX,2.0399999618530273,2.0399999618530273,2.0399999618530273,2.0350000858306885,2.0350000858306885,1801.0
2024-07-03 09:34:00,IMNM,11.920000076293945,11.920000076293945,11.920000076293945,11.920000076293945,11.920000076293945,106.0
2024-07-03 09:34:00,IMRN,2.119999885559082,2.119999885559082,2.1221001148223877,2.119999885559082,2.1221001148223877,400.0
2024-07-03 09:34:00,IMVT,26.5,26.5,26.5,26.440000534057617,26.479999542236328,1486.0
2024-07-03 09:34:00,INAB,0.7900999784469604,0.7900999784469604,0.7900999784469604,0.7900999784469604,0.7900999784469604,1194.0
2024-07-03 09:34:00,INCY,58.90999984741211,58.90999984741211,58.92499923706055,58.834999084472656,58.90999984741211,2907.0
2024-07-03 09:34:00,INMD,17.700000762939453,17.700000762939453,17.729999542236328,17.700000762939453,17.709999084472656,5452.0
2024-07-03 09:34:00,INO,8.420000076293945,8.420000076293945,8.430000305175781,8.420000076293945,8.430000305175781,1226.0
2024-07-03 09:34:00,INSM,64.31500244140625,64.31500244140625,64.31500244140625,64.31500244140625,64.31500244140625,1121.0
2024-07-03 09:34:00,INVA,16.5,16.5,16.510000228881836,16.5,16.5,1053.0
2024-07-03 09:34:00,INVO,0.7649000287055969,0.7649000287055969,0.7649000287055969,0.7649000287055969,0.7649000287055969,201.0
2024-07-03 09:34:00,INZY,4.494999885559082,4.494999885559082,4.494999885559082,4.494999885559082,4.494999885559082,3070.0
2024-07-03 09:34:00,IOBT,1.1239999532699585,1.1239999532699585,1.1239999532699585,1.1239999532699585,1.1239999532699585,0.0
2024-07-03 09:34:00,IONM,0.33000001311302185,0.33000001311302185,0.33000001311302185,0.33000001311302185,0.33000001311302185,1300.0
2024-07-03 09:34:00,IOVA,7.750999927520752,7.750999927520752,7.769999980926514,7.750999927520752,7.769999980926514,8674.0
2024-07-03 09:34:00,IRIX,1.9900000095367432,1.9900000095367432,1.9900000095367432,1.9879000186920166,1.9879000186920166,300.0
2024-07-03 09:34:00,IRTC,97.0999984741211,97.0999984741211,98.30500030517578,97.0999984741211,97.4800033569336,3659.0
2024-07-03 09:34:00,IRWD,6.179999828338623,6.179999828338623,6.179999828338623,6.179999828338623,6.179999828338623,563.0
2024-07-03 09:34:00,ISPC,0.28999999165534973,0.28999999165534973,0.28999999165534973,0.28999999165534973,0.28999999165534973,641.0
2024-07-03 09:34:00,ISRG,436.6199951171875,436.6199951171875,437.3349914550781,436.6199951171875,437.3349914550781,2238.0
2024-07-03 09:34:00,ITCI,68.23999786376953,68.23999786376953,68.25,67.88500213623047,67.98999786376953,12947.0
2024-07-03 09:34:00,JAGX,3.4386000633239746,3.4386000633239746,3.4386000633239746,3.4000000953674316,3.4000000953674316,3961.0
2024-07-03 09:34:00,JANX,39.125,39.125,39.125,39.125,39.125,321.0
2024-07-03 09:34:00,JAZZ,104.90499877929688,104.90499877929688,105.05500030517578,104.90499877929688,105.05500030517578,1113.0
2024-07-03 09:34:00,KALV,11.539999961853027,11.539999961853027,11.539999961853027,11.539999961853027,11.539999961853027,739.0
2024-07-03 09:34:00,KMDA,5.360099792480469,5.360099792480469,5.385000228881836,5.360099792480469,5.385000228881836,2080.0
2024-07-03 09:34:00,KNSA,18.59000015258789,18.59000015258789,18.59000015258789,18.59000015258789,18.59000015258789,1463.0
2024-07-03 09:34:00,KOD,2.190000057220459,2.190000057220459,2.190000057220459,2.190000057220459,2.190000057220459,246.0
2024-07-03 09:34:00,KRYS,178.8000030517578,178.8000030517578,179.0,178.8000030517578,179.0,1248.0
2024-07-03 09:34:00,KTRA,0.2660999894142151,0.2660999894142151,0.2662000060081482,0.26489999890327454,0.2662000060081482,26619.0
2024-07-03 09:34:00,LAB,1.784999966621399,1.784999966621399,1.784999966621399,1.784999966621399,1.784999966621399,104.0
2024-07-03 09:34:00,LBPH,30.93000030517578,30.93000030517578,31.110000610351562,30.895000457763672,31.010000228881836,9778.0
2024-07-03 09:34:00,LEGN,44.994998931884766,44.994998931884766,44.994998931884766,44.994998931884766,44.994998931884766,200.0
2024-07-03 09:34:00,LFMD,6.675000190734863,6.675000190734863,6.675000190734863,6.659999847412109,6.659999847412109,1501.0
2024-07-03 09:34:00,LFST,5.070000171661377,5.070000171661377,5.070000171661377,5.059999942779541,5.059999942779541,857.0
2024-07-03 09:34:00,LIVN,52.63999938964844,52.63999938964844,52.810001373291016,52.63999938964844,52.63999938964844,332.0
2024-07-03 09:34:00,LPCN,7.989999771118164,7.989999771118164,7.989999771118164,7.989999771118164,7.989999771118164,0.0
2024-07-03 09:34:00,LQDA,11.829999923706055,11.829999923706055,11.880000114440918,11.829999923706055,11.880000114440918,2035.0
2024-07-03 09:34:00,LRMR,7.704999923706055,7.704999923706055,7.704999923706055,7.704999923706055,7.704999923706055,117.0
2024-07-03 09:34:00,LUCD,0.7659000158309937,0.7659000158309937,0.7659000158309937,0.7659000158309937,0.7659000158309937,871.0
2024-07-03 09:34:00,LUCY,0.4814000129699707,0.4814000129699707,0.4819999933242798,0.475600004196167,0.4819999933242798,9844.0
2024-07-03 09:34:00,LXRX,1.6050000190734863,1.6050000190734863,1.6050000190734863,1.600000023841858,1.6050000190734863,18434.0
2024-07-03 09:34:00,LYEL,1.4299999475479126,1.4299999475479126,1.4299999475479126,1.4299999475479126,1.4299999475479126,377.0
2024-07-03 09:34:00,MASI,113.61000061035156,113.61000061035156,113.61000061035156,113.61000061035156,113.61000061035156,551.0
2024-07-03 09:34:00,MBIO,0.5378000140190125,0.5378000140190125,0.5443999767303467,0.5350000262260437,0.5350000262260437,15740.0
2024-07-03 09:34:00,MBOT,1.0299999713897705,1.0299999713897705,1.0299999713897705,1.0299999713897705,1.0299999713897705,20092.0
2024-07-03 09:34:00,MCRB,0.7013999819755554,0.7013999819755554,0.7013999819755554,0.7013999819755554,0.7013999819755554,681.0
2024-07-03 09:34:00,MDGL,273.07000732421875,273.07000732421875,273.07000732421875,273.07000732421875,273.07000732421875,2068.0
2024-07-03 09:34:00,MDXG,6.739999771118164,6.739999771118164,6.739999771118164,6.739999771118164,6.739999771118164,200.0
2024-07-03 09:34:00,MDXH,2.319999933242798,2.319999933242798,2.319999933242798,2.319999933242798,2.319999933242798,300.0
2024-07-03 09:34:00,ME,0.39239999651908875,0.39239999651908875,0.39239999651908875,0.3903000056743622,0.3903000056743622,1428.0
2024-07-03 09:34:00,MEDS,16.128799438476562,16.128799438476562,16.549999237060547,16.128799438476562,16.549999237060547,580.0
2024-07-03 09:34:00,MGNX,4.130000114440918,4.130000114440918,4.138000011444092,4.130000114440918,4.138000011444092,1852.0
2024-07-03 09:34:00,MIST,1.3009999990463257,1.3009999990463257,1.3009999990463257,1.3000999689102173,1.3000999689102173,300.0
2024-07-03 09:34:00,MLTX,40.28990173339844,40.28990173339844,40.28990173339844,40.28990173339844,40.28990173339844,804.0
2024-07-03 09:34:00,MNKD,5.010000228881836,5.010000228881836,5.019999980926514,5.0,5.010000228881836,1423.0
2024-07-03 09:34:00,MNMD,7.090000152587891,7.090000152587891,7.090000152587891,7.090000152587891,7.090000152587891,512.0
2024-07-03 09:34:00,MNPR,0.7120000123977661,0.7120000123977661,0.7120000123977661,0.7009999752044678,0.7120000123977661,4773.0
2024-07-03 09:34:00,MRKR,5.264999866485596,5.264999866485596,5.264999866485596,5.264999866485596,5.264999866485596,212.0
2024-07-03 09:34:00,MRNA,117.93000030517578,117.93000030517578,117.93000030517578,117.13999938964844,117.375,6809.0
2024-07-03 09:34:00,MRNS,1.2000000476837158,1.2000000476837158,1.2000000476837158,1.2000000476837158,1.2000000476837158,949.0
2024-07-03 09:34:00,MRVI,6.784999847412109,6.784999847412109,6.800000190734863,6.784999847412109,6.789999961853027,1004.0
2024-07-03 09:34:00,NBIX,138.50999450683594,138.50999450683594,138.50999450683594,138.50999450683594,138.50999450683594,905.0
2024-07-03 09:34:00,NEO,13.739999771118164,13.739999771118164,13.739999771118164,13.739999771118164,13.739999771118164,835.0
2024-07-03 09:34:00,NEOG,15.100000381469727,15.100000381469727,15.15999984741211,15.100000381469727,15.15999984741211,664.0
2024-07-03 09:34:00,NKTR,1.225000023841858,1.225000023841858,1.225000023841858,1.2200000286102295,1.2208000421524048,7188.0
2024-07-03 09:34:00,NLSP,0.2070000022649765,0.2070000022649765,0.2070000022649765,0.1996999979019165,0.1996999979019165,10093.0
2024-07-03 09:34:00,NNOX,7.075900077819824,7.075900077819824,7.075900077819824,7.059999942779541,7.059999942779541,3086.0
2024-07-03 09:34:00,NRIX,18.950000762939453,18.950000762939453,18.950000762939453,18.90999984741211,18.914499282836914,948.0
2024-07-03 09:34:00,NRSN,1.3300000429153442,1.3300000429153442,1.350000023841858,1.3300000429153442,1.350000023841858,1991.0
2024-07-03 09:34:00,NTLA,22.325000762939453,22.325000762939453,22.440000534057617,22.325000762939453,22.350000381469727,3766.0
2024-07-03 09:34:00,NTRA,111.73500061035156,111.73500061035156,111.73500061035156,111.69999694824219,111.69999694824219,690.0
2024-07-03 09:34:00,NVAX,12.850000381469727,12.850000381469727,12.859999656677246,12.813599586486816,12.813599586486816,16715.0
2024-07-03 09:34:00,NVCR,16.940500259399414,16.940500259399414,16.940500259399414,16.940500259399414,16.940500259399414,321.0
2024-07-03 09:34:00,NVOS,0.7350000143051147,0.7350000143051147,0.7350000143051147,0.7350000143051147,0.7350000143051147,2000.0
2024-07-03 09:34:00,NXGL,2.1500000953674316,2.1500000953674316,2.1500000953674316,2.1500000953674316,2.1500000953674316,0.0
2024-07-03 09:34:00,NXL,1.5,1.5,1.5499999523162842,1.5,1.5399999618530273,4729.0
2024-07-03 09:34:00,OCGN,1.6150000095367432,1.6150000095367432,1.6200000047683716,1.6100000143051147,1.6150000095367432,24057.0
2024-07-03 09:34:00,OCUL,6.760000228881836,6.760000228881836,6.795000076293945,6.760000228881836,6.795000076293945,1826.0
2024-07-03 09:34:00,OGI,1.5199999809265137,1.5199999809265137,1.5199999809265137,1.5199999809265137,1.5199999809265137,1524.0
2024-07-03 09:34:00,OLK,25.850000381469727,25.850000381469727,25.850000381469727,25.850000381469727,25.850000381469727,15201.0
2024-07-03 09:34:00,OLMA,10.37600040435791,10.37600040435791,10.430000305175781,10.369999885559082,10.369999885559082,1402.0
2024-07-03 09:34:00,OM,3.7300000190734863,3.7300000190734863,3.7300000190734863,3.7100000381469727,3.7200000286102295,2083.0
2024-07-03 09:34:00,OMCL,25.78059959411621,25.78059959411621,25.809999465942383,25.75309944152832,25.75309944152832,1609.0
2024-07-03 09:34:00,ONCY,1.0099999904632568,1.0099999904632568,1.0149999856948853,1.0099999904632568,1.0149999856948853,2524.0
2024-07-03 09:35:00,ABCL,2.7499001026153564,2.7499001026153564,2.7499001026153564,2.7460999488830566,2.7460999488830566,709.0
2024-07-03 09:35:00,ABEO,4.320000171661377,4.320000171661377,4.320000171661377,4.320000171661377,4.320000171661377,716.0
2024-07-03 09:35:00,ABSI,3.380000114440918,3.380000114440918,3.3898000717163086,3.350100040435791,3.369999885559082,4388.0
2024-07-03 09:35:00,ABUS,3.134999990463257,3.134999990463257,3.134999990463257,3.134999990463257,3.134999990463257,1739.0
2024-07-03 09:35:00,ACB,4.554999828338623,4.554999828338623,4.554999828338623,4.539999961853027,4.539999961853027,1872.0
2024-07-03 09:35:00,ACCD,3.5,3.5,3.5,3.5,3.5,1751.0
2024-07-03 09:35:00,ACET,1.100000023841858,1.100000023841858,1.100000023841858,1.100000023841858,1.100000023841858,2197.0
2024-07-03 09:35:00,ACRS,1.1799999475479126,1.1799999475479126,1.1799999475479126,1.1699999570846558,1.1699999570846558,2838.0
2024-07-03 09:35:00,ADAP,1.059999942779541,1.059999942779541,1.059999942779541,1.059999942779541,1.059999942779541,200.0
2024-07-03 09:35:00,ADMA,11.34000015258789,11.34000015258789,11.34000015258789,11.289999961853027,11.300000190734863,15673.0
2024-07-03 09:35:00,ADPT,3.325000047683716,3.325000047683716,3.3299999237060547,3.325000047683716,3.3299999237060547,0.0
2024-07-03 09:35:00,AEMD,0.41110000014305115,0.41110000014305115,0.41999998688697815,0.41110000014305115,0.41999998688697815,2168.0
2024-07-03 09:35:00,AGIO,42.20500183105469,42.20500183105469,42.20500183105469,41.90999984741211,41.90999984741211,3586.0
2024-07-03 09:35:00,AHCO,9.854999542236328,9.854999542236328,9.854999542236328,9.854999542236328,9.854999542236328,380.0
2024-07-03 09:35:00,ALEC,4.369999885559082,4.369999885559082,4.369999885559082,4.34499979019165,4.34499979019165,329.0
2024-07-03 09:35:00,ALGS,0.41999998688697815,0.41999998688697815,0.41999998688697815,0.41999998688697815,0.41999998688697815,1520.0
2024-07-03 09:35:00,ALHC,7.96999979019165,7.96999979019165,7.974999904632568,7.96999979019165,7.974999904632568,733.0
2024-07-03 09:35:00,ALKS,24.239999771118164,24.239999771118164,24.239999771118164,24.239999771118164,24.239999771118164,250.0
2024-07-03 09:35:00,ALLK,0.8592000007629395,0.8592000007629395,0.8592000007629395,0.8592000007629395,0.8592000007629395,65.0
2024-07-03 09:35:00,ALLO,2.1549999713897705,2.1549999713897705,2.1593000888824463,2.140000104904175,2.1593000888824463,3034.0
2024-07-03 09:35:00,ALLR,0.20800000429153442,0.20800000429153442,0.20999999344348907,0.20800000429153442,0.20999999344348907,32240.0
2024-07-03 09:35:00,ALNY,246.8249969482422,246.8249969482422,247.8300018310547,246.8249969482422,247.14999389648438,15164.0
2024-07-03 09:35:00,ALT,6.7378997802734375,6.7378997802734375,6.75,6.730000019073486,6.75,4527.0
2024-07-03 09:35:00,AMED,96.62000274658203,96.62000274658203,96.62000274658203,96.56999969482422,96.56999969482422,1727.0
2024-07-03 09:35:00,AMGN,310.0,310.0,310.2300109863281,310.0,310.2300109863281,2156.0
2024-07-03 09:35:00,AMLX,1.7000000476837158,1.7000000476837158,1.7100000381469727,1.690000057220459,1.690600037574768,3204.0
2024-07-03 09:35:00,AMPH,37.560001373291016,37.560001373291016,37.80500030517578,37.560001373291016,37.63999938964844,805.0
2024-07-03 09:35:00,ANAB,24.530000686645508,24.530000686645508,24.81999969482422,24.530000686645508,24.81999969482422,1996.0
2024-07-03 09:35:00,ANNX,4.659999847412109,4.659999847412109,4.71999979019165,4.659999847412109,4.715000152587891,4386.0
2024-07-03 09:35:00,ANTX,2.3399999141693115,2.3399999141693115,2.3399999141693115,2.2799999713897705,2.2799999713897705,9209.0
2024-07-03 09:35:00,APDN,0.46369999647140503,0.46369999647140503,0.4699000120162964,0.46369999647140503,0.4699000120162964,10470.0
2024-07-03 09:35:00,APLT,4.335000038146973,4.335000038146973,4.340000152587891,4.329999923706055,4.329999923706055,3589.0
2024-07-03 09:35:00,AQST,2.369999885559082,2.369999885559082,2.369999885559082,2.368000030517578,2.3694000244140625,3129.0
2024-07-03 09:35:00,ARAY,1.7599999904632568,1.7599999904632568,1.7599999904632568,1.7549999952316284,1.7549999952316284,2006.0
2024-07-03 09:35:00,ARCT,21.1299991607666,21.1299991607666,21.2549991607666,21.114999771118164,21.1875,1967.0
2024-07-03 09:35:00,ARDX,5.204999923706055,5.204999923706055,5.249899864196777,5.150100231170654,5.150100231170654,96669.0
2024-07-03 09:35:00,ARGX,437.1499938964844,437.1499938964844,437.1499938964844,437.1499938964844,437.1499938964844,628.0
2024-07-03 09:35:00,ARQT,9.5,9.5,9.5,9.479999542236328,9.489999771118164,6212.0
2024-07-03 09:35:00,ASLN,2.349100112915039,2.349100112915039,2.349100112915039,2.349100112915039,2.349100112915039,1294.0
2024-07-03 09:35:00,ASRT,1.2174999713897705,1.2174999713897705,1.2200000286102295,1.2174999713897705,1.219599962234497,10953.0
2024-07-03 09:35:00,ATAI,1.2999999523162842,1.2999999523162842,1.309999942779541,1.2999999523162842,1.309999942779541,905.0
2024-07-03 09:35:00,ATEC,9.970000267028809,9.970000267028809,9.975000381469727,9.970000267028809,9.975000381469727,1029.0
2024-07-03 09:35:00,ATOS,1.1401000022888184,1.1401000022888184,1.1449999809265137,1.1401000022888184,1.1449999809265137,2354.0
2024-07-03 09:35:00,ATRA,7.758800029754639,7.758800029754639,7.758800029754639,7.758800029754639,7.758800029754639,255.0
2024-07-03 09:35:00,AUGX,0.9821000099182129,0.9821000099182129,0.982699990272522,0.9821000099182129,0.9821000099182129,10802.0
2024-07-03 09:35:00,AUPH,5.440000057220459,5.440000057220459,5.440000057220459,5.440000057220459,5.440000057220459,617.0
2024-07-03 09:35:00,AVAH,2.640000104904175,2.640000104904175,2.640000104904175,2.640000104904175,2.640000104904175,156.0
2024-07-03 09:35:00,AVTE,1.6399999856948853,1.6399999856948853,1.6399999856948853,1.6299999952316284,1.6299999952316284,313.0
2024-07-03 09:35:00,AWH,1.0099999904632568,1.0099999904632568,1.0099999904632568,0.9998999834060669,0.9998999834060669,2118.0
2024-07-03 09:35:00,AXSM,79.0199966430664,79.0199966430664,79.0199966430664,79.0199966430664,79.0199966430664,152.0
2024-07-03 09:35:00,AZN,76.74500274658203,76.74500274658203,76.79000091552734,76.7300033569336,76.77999877929688,18127.0
2024-07-03 09:35:00,BACK,1.8282999992370605,1.8282999992370605,1.8282999992370605,1.8282999992370605,1.8282999992370605,254.0
2024-07-03 09:35:00,BBIO,24.770000457763672,24.770000457763672,24.770000457763672,24.770000457763672,24.770000457763672,235.0
2024-07-03 09:35:00,BCRX,6.534999847412109,6.534999847412109,6.534999847412109,6.534999847412109,6.534999847412109,3539.0
2024-07-03 09:35:00,BEAM,22.829999923706055,22.829999923706055,22.829999923706055,22.829999923706055,22.829999923706055,684.0
2024-07-03 09:35:00,BEAT,2.9700000286102295,2.9700000286102295,2.9700000286102295,2.9700000286102295,2.9700000286102295,502.0
2024-07-03 09:35:00,BIAF,2.189199924468994,2.189199924468994,2.189199924468994,2.189199924468994,2.189199924468994,750.0
2024-07-03 09:35:00,BIIB,228.1199951171875,228.1199951171875,228.1199951171875,228.1199951171875,228.1199951171875,411.0
2024-07-03 09:35:00,BLUE,0.9103000164031982,0.9103000164031982,0.9143999814987183,0.910099983215332,0.910099983215332,24025.0
2024-07-03 09:35:00,BMEA,4.349999904632568,4.349999904632568,4.349999904632568,4.349999904632568,4.349999904632568,211.0
2024-07-03 09:35:00,BMRA,0.46459999680519104,0.46459999680519104,0.46459999680519104,0.46459999680519104,0.46459999680519104,600.0
2024-07-03 09:35:00,BMRN,82.125,82.125,82.125,82.125,82.125,257.0
2024-07-03 09:35:00,BNGO,0.5879999995231628,0.5879999995231628,0.5879999995231628,0.5800999999046326,0.5873000025749207,3515.0
2024-07-03 09:35:00,BWAY,5.820000171661377,5.820000171661377,5.820000171661377,5.820000171661377,5.820000171661377,32.0
2024-07-03 09:35:00,CABA,7.269999980926514,7.269999980926514,7.309999942779541,7.260000228881836,7.269999980926514,3906.0
2024-07-03 09:35:00,CAPR,4.659999847412109,4.659999847412109,4.659999847412109,4.659999847412109,4.659999847412109,2547.0
2024-07-03 09:35:00,CCCC,4.534999847412109,4.534999847412109,4.550000190734863,4.53000020980835,4.53000020980835,3368.0
2024-07-03 09:35:00,CCRN,13.75,13.75,13.75,13.75,13.75,232.0
2024-07-03 09:35:00,CDMO,6.699999809265137,6.699999809265137,6.699999809265137,6.690000057220459,6.690000057220459,28015.0
2024-07-03 09:35:00,CDNA,14.96500015258789,14.96500015258789,14.96500015258789,14.96500015258789,14.96500015258789,1810.0
2024-07-03 09:35:00,CDTX,11.770000457763672,11.770000457763672,11.770000457763672,11.770000457763672,11.770000457763672,1009.0
2024-07-03 09:35:00,CERE,41.21500015258789,41.21500015258789,41.21500015258789,41.21500015258789,41.21500015258789,200.0
2024-07-03 09:35:00,CERT,13.609999656677246,13.609999656677246,13.609999656677246,13.579999923706055,13.579999923706055,759.0
2024-07-03 09:35:00,CGC,6.349899768829346,6.349899768829346,6.35860013961792,6.349899768829346,6.349999904632568,10993.0
2024-07-03 09:35:00,CGEM,16.780000686645508,16.780000686645508,16.780000686645508,16.780000686645508,16.780000686645508,200.0
2024-07-03 09:35:00,CGEN,1.7100000381469727,1.7100000381469727,1.7100000381469727,1.7100000381469727,1.7100000381469727,45.0
2024-07-03 09:35:00,CGTX,1.8450000286102295,1.8450000286102295,1.8450000286102295,1.8450000286102295,1.8450000286102295,1000.0
2024-07-03 09:35:00,CHRS,1.3598999977111816,1.3598999977111816,1.3700000047683716,1.3550000190734863,1.3550000190734863,139642.0
2024-07-03 09:35:00,CKPT,2.140000104904175,2.140000104904175,2.140000104904175,2.140000104904175,2.140000104904175,370.0
2024-07-03 09:35:00,CLDX,37.2400016784668,37.2400016784668,37.2400016784668,36.900001525878906,36.900001525878906,467.0
2024-07-03 09:35:00,CLOV,1.2400000095367432,1.2400000095367432,1.2400000095367432,1.2395000457763672,1.2395000457763672,2233.0
2024-07-03 09:35:00,CLPT,5.324999809265137,5.324999809265137,5.324999809265137,5.324999809265137,5.324999809265137,568.0
2024-07-03 09:35:00,CLRB,2.4049999713897705,2.4049999713897705,2.4049999713897705,2.4049999713897705,2.4049999713897705,0.0
2024-07-03 09:35:00,CNSP,2.4316000938415527,2.4316000938415527,2.509999990463257,2.369999885559082,2.4600000381469727,681630.0
2024-07-03 09:35:00,CNTB,1.3799999952316284,1.3799999952316284,1.3799999952316284,1.3799999952316284,1.3799999952316284,151.0
2024-07-03 09:35:00,CODX,1.2400000095367432,1.2400000095367432,1.2400000095367432,1.2400000095367432,1.2400000095367432,100.0
2024-07-03 09:35:00,COGT,8.319999694824219,8.319999694824219,8.329999923706055,8.289999961853027,8.329999923706055,906.0
2024-07-03 09:35:00,CORT,31.299999237060547,31.299999237060547,31.299999237060547,31.200000762939453,31.200000762939453,644.0
2024-07-03 09:35:00,COSM,1.0312000513076782,1.0312000513076782,1.0312000513076782,1.0311000347137451,1.0311000347137451,2274.0
2024-07-03 09:35:00,CRBP,48.79999923706055,48.79999923706055,48.79999923706055,48.79999923706055,48.79999923706055,113.0
2024-07-03 09:35:00,CRBU,1.5800000429153442,1.5800000429153442,1.5850000381469727,1.5800000429153442,1.5801000595092773,3373.0
2024-07-03 09:35:00,CRDF,2.1500000953674316,2.1500000953674316,2.1500000953674316,2.1500000953674316,2.1500000953674316,1470.0
2024-07-03 09:35:00,CRDL,1.9199999570846558,1.9199999570846558,1.9217000007629395,1.9199999570846558,1.9217000007629395,138.0
2024-07-03 09:35:00,CRMD,4.130000114440918,4.130000114440918,4.150000095367432,4.130000114440918,4.150000095367432,647.0
2024-07-03 09:35:00,CRON,2.2802999019622803,2.2802999019622803,2.2850000858306885,2.2799999713897705,2.2799999713897705,1183.0
2024-07-03 09:35:00,CRSP,53.32780075073242,53.32780075073242,53.34000015258789,53.25,53.31999969482422,2260.0
2024-07-03 09:35:00,CSTL,21.184999465942383,21.184999465942383,21.184999465942383,21.184999465942383,21.184999465942383,753.0
2024-07-03 09:35:00,CTKB,5.639999866485596,5.639999866485596,5.639999866485596,5.630000114440918,5.630000114440918,884.0
2024-07-03 09:35:00,CTXR,0.5202000141143799,0.5202000141143799,0.5202000141143799,0.5202000141143799,0.5202000141143799,7484.0
2024-07-03 09:35:00,CUE,1.059999942779541,1.059999942779541,1.059999942779541,1.059999942779541,1.059999942779541,700.0
2024-07-03 09:35:00,CUTR,1.361299991607666,1.361299991607666,1.3698999881744385,1.361299991607666,1.3698999881744385,2426.0
2024-07-03 09:35:00,CVAC,3.700000047683716,3.700000047683716,3.7300000190734863,3.6500000953674316,3.6500000953674316,50216.0
2024-07-03 09:35:00,CYCC,1.659999966621399,1.659999966621399,1.659999966621399,1.659999966621399,1.659999966621399,1520.0
2024-07-03 09:35:00,CYTK,54.875,54.875,54.875,54.875,54.875,682.0
2024-07-03 09:35:00,CYTO,1.190000057220459,1.190000057220459,1.190000057220459,1.190000057220459,1.190000057220459,1163.0
2024-07-03 09:35:00,DAWN,13.319999694824219,13.319999694824219,13.319999694824219,13.319999694824219,13.319999694824219,204.0
2024-07-03 09:35:00,DERM,5.380000114440918,5.380000114440918,5.380000114440918,5.380000114440918,5.380000114440918,1150.0
2024-07-03 09:35:00,DH,5.449999809265137,5.449999809265137,5.449999809265137,5.449999809265137,5.449999809265137,141.0
2024-07-03 09:35:00,DSGN,3.200000047683716,3.200000047683716,3.200000047683716,3.200000047683716,3.200000047683716,911.0
2024-07-03 09:35:00,DTIL,9.449999809265137,9.449999809265137,9.449999809265137,9.449999809265137,9.449999809265137,300.0
2024-07-03 09:35:00,DXCM,111.69999694824219,111.69999694824219,111.69999694824219,111.44999694824219,111.44999694824219,854.0
2024-07-03 09:35:00,DYN,34.38999938964844,34.38999938964844,34.38999938964844,34.38999938964844,34.38999938964844,1091.0
2024-07-03 09:35:00,EDIT,4.585000038146973,4.585000038146973,4.585000038146973,4.579999923706055,4.579999923706055,781.0
2024-07-03 09:35:00,EGRX,5.28000020980835,5.28000020980835,5.28000020980835,5.28000020980835,5.28000020980835,568.0
2024-07-03 09:35:00,ELEV,2.7300000190734863,2.7300000190734863,2.7300000190734863,2.7300000190734863,2.7300000190734863,315.0
2024-07-03 09:35:00,ELYM,6.789999961853027,6.789999961853027,6.789999961853027,6.789999961853027,6.789999961853027,554.0
2024-07-03 09:35:00,EMBC,11.920000076293945,11.920000076293945,11.920000076293945,11.880000114440918,11.880000114440918,538.0
2024-07-03 09:35:00,ENSG,127.9800033569336,127.9800033569336,127.9800033569336,127.5,127.5,6368.0
2024-07-03 09:35:00,EOLS,10.755000114440918,10.755000114440918,10.760000228881836,10.755000114440918,10.760000228881836,652.0
2024-07-03 09:35:00,ERAS,2.299999952316284,2.299999952316284,2.299999952316284,2.299999952316284,2.299999952316284,200.0
2024-07-03 09:35:00,ESPR,2.3550000190734863,2.3550000190734863,2.359999895095825,2.3450000286102295,2.3450000286102295,19650.0
2024-07-03 09:35:00,ETNB,7.769999980926514,7.769999980926514,7.769999980926514,7.769999980926514,7.769999980926514,1059.0
2024-07-03 09:35:00,EWTX,18.0,18.0,18.0,18.0,18.0,302.0
2024-07-03 09:35:00,EXAI,5.159999847412109,5.159999847412109,5.159999847412109,5.159999847412109,5.159999847412109,613.0
2024-07-03 09:35:00,EXAS,43.19499969482422,43.19499969482422,43.279998779296875,43.19499969482422,43.279998779296875,743.0
2024-07-03 09:35:00,EYPT,8.039999961853027,8.039999961853027,8.039999961853027,8.039999961853027,8.039999961853027,1341.0
2024-07-03 09:35:00,FATE,3.200000047683716,3.200000047683716,3.2100000381469727,3.194999933242798,3.2100000381469727,1895.0
2024-07-03 09:35:00,FGEN,0.7347000241279602,0.7347000241279602,0.7347000241279602,0.7347000241279602,0.7347000241279602,336.0
2024-07-03 09:35:00,FLGC,1.0,1.0,1.0,1.0,1.0,200.0
2024-07-03 09:35:00,FOLD,9.880000114440918,9.880000114440918,9.930000305175781,9.880000114440918,9.930000305175781,2471.0
2024-07-03 09:35:00,FRTX,0.9100499749183655,0.9100499749183655,0.9100499749183655,0.9100499749183655,0.9100499749183655,0.0
2024-07-03 09:35:00,FULC,6.112100124359131,6.112100124359131,6.112100124359131,6.090000152587891,6.090000152587891,226.0
2024-07-03 09:35:00,GALT,2.2674999237060547,2.2674999237060547,2.2674999237060547,2.25,2.25,384.0
2024-07-03 09:35:00,GANX,1.190000057220459,1.190000057220459,1.2000000476837158,1.190000057220459,1.190000057220459,3530.0
2024-07-03 09:35:00,GBIO,2.390000104904175,2.390000104904175,2.390000104904175,2.390000104904175,2.390000104904175,113040.0
2024-07-03 09:35:00,GDRX,7.739999771118164,7.739999771118164,7.739999771118164,7.739999771118164,7.739999771118164,138.0
2024-07-03 09:35:00,GERN,4.269999980926514,4.269999980926514,4.269999980926514,4.230299949645996,4.239999771118164,13942.0
2024-07-03 09:35:00,GILD,67.9800033569336,67.9800033569336,67.9800033569336,67.83999633789062,67.88999938964844,20269.0
2024-07-03 09:35:00,GLYC,0.26589998602867126,0.26589998602867126,0.26589998602867126,0.26589998602867126,0.26589998602867126,710.0
2024-07-03 09:35:00,GOVX,3.2479000091552734,3.2479000091552734,3.2479000091552734,3.2479000091552734,3.2479000091552734,3323.0
2024-07-03 09:35:00,GRFS,6.565000057220459,6.565000057220459,6.565000057220459,6.559999942779541,6.559999942779541,3362.0
2024-07-03 09:35:00,GTBP,2.7699999809265137,2.7699999809265137,2.7699999809265137,2.7699999809265137,2.7699999809265137,578.0
2024-07-03 09:35:00,GTHX,2.434999942779541,2.434999942779541,2.434999942779541,2.434999942779541,2.434999942779541,112.0
2024-07-03 09:35:00,HALO,51.21419906616211,51.21419906616211,51.21419906616211,51.0099983215332,51.029998779296875,728.0
2024-07-03 09:35:00,HCAT,6.019999980926514,6.019999980926514,6.019999980926514,6.010000228881836,6.019999980926514,1532.0
2024-07-03 09:35:00,HCSG,11.180000305175781,11.180000305175781,11.180000305175781,11.15999984741211,11.170000076293945,1211.0
2024-07-03 09:35:00,HITI,2.1196999549865723,2.1196999549865723,2.1196999549865723,2.1196999549865723,2.1196999549865723,1000.0
2024-07-03 09:35:00,HOLX,72.82499694824219,72.82499694824219,72.97000122070312,72.80000305175781,72.97000122070312,2849.0
2024-07-03 09:35:00,HOWL,2.099900007247925,2.099900007247925,2.099900007247925,2.099900007247925,2.099900007247925,1373.0
2024-07-03 09:35:00,HQY,84.66999816894531,84.66999816894531,84.67500305175781,84.44999694824219,84.51000213623047,1260.0
2024-07-03 09:35:00,HROW,21.280000686645508,21.280000686645508,21.280000686645508,21.280000686645508,21.280000686645508,530.0
2024-07-03 09:35:00,HRTX,2.7899999618530273,2.7899999618530273,2.7950000762939453,2.740000009536743,2.740000009536743,87786.0
2024-07-03 09:35:00,HSDT,0.9700000286102295,0.9700000286102295,0.9700000286102295,0.9700000286102295,0.9700000286102295,830.0
2024-07-03 09:35:00,HSTM,27.584999084472656,27.584999084472656,27.584999084472656,27.584999084472656,27.584999084472656,463.0
2024-07-03 09:35:00,HUGE,0.1550000011920929,0.1550000011920929,0.1550000011920929,0.14990000426769257,0.15000000596046448,34762.0
2024-07-03 09:35:00,HUMA,5.2399001121521,5.2399001121521,5.260000228881836,5.213099956512451,5.2153000831604,15945.0
2024-07-03 09:35:00,IBRX,6.190000057220459,6.190000057220459,6.210000038146973,6.190000057220459,6.210000038146973,253.0
2024-07-03 09:35:00,ICLR,318.6000061035156,318.6000061035156,318.6000061035156,318.6000061035156,318.6000061035156,626.0
2024-07-03 09:35:00,IDXX,478.8399963378906,478.8399963378906,478.8399963378906,478.8399963378906,478.8399963378906,389.0
2024-07-03 09:35:00,IDYA,33.27000045776367,33.27000045776367,33.27000045776367,33.27000045776367,33.27000045776367,385.0
2024-07-03 09:35:00,ILMN,104.73999786376953,104.73999786376953,104.73999786376953,104.5999984741211,104.5999984741211,1056.0
2024-07-03 09:35:00,IMAB,1.5500999689102173,1.5500999689102173,1.5800000429153442,1.5500999689102173,1.5800000429153442,2876.0
2024-07-03 09:35:00,IMMX,2.1500000953674316,2.1500000953674316,2.180000066757202,2.0201001167297363,2.0399999618530273,38226.0
2024-07-03 09:35:00,IMNM,11.827500343322754,11.827500343322754,11.84000015258789,11.779999732971191,11.779999732971191,1805.0
2024-07-03 09:35:00,IMVT,26.309999465942383,26.309999465942383,26.309999465942383,26.309999465942383,26.309999465942383,127.0
2024-07-03 09:35:00,INCY,58.880001068115234,58.880001068115234,58.880001068115234,58.8650016784668,58.880001068115234,1833.0
2024-07-03 09:35:00,INGN,7.630000114440918,7.630000114440918,7.630000114440918,7.630000114440918,7.630000114440918,568.0
2024-07-03 09:35:00,INM,0.24789999425411224,0.24789999425411224,0.24789999425411224,0.24789999425411224,0.24789999425411224,1001.0
2024-07-03 09:35:00,INMB,8.09000015258789,8.09000015258789,8.095000267028809,8.069999694824219,8.069999694824219,1526.0
2024-07-03 09:35:00,INMD,17.735000610351562,17.735000610351562,17.739999771118164,17.71030044555664,17.719999313354492,5238.0
2024-07-03 09:35:00,INO,8.449999809265137,8.449999809265137,8.449999809265137,8.449999809265137,8.449999809265137,103.0
2024-07-03 09:35:00,INSM,64.13749694824219,64.13749694824219,64.13999938964844,64.08999633789062,64.13999938964844,2126.0
2024-07-03 09:35:00,INVO,0.7649000287055969,0.7649000287055969,0.7649000287055969,0.7649000287055969,0.7649000287055969,100.0
2024-07-03 09:35:00,INZY,4.480000019073486,4.480000019073486,4.480000019073486,4.429999828338623,4.440000057220459,3827.0
2024-07-03 09:35:00,IONM,0.33009999990463257,0.33009999990463257,0.33009999990463257,0.33000001311302185,0.33000001311302185,15500.0
2024-07-03 09:35:00,IONS,44.994998931884766,44.994998931884766,44.994998931884766,44.994998931884766,44.994998931884766,730.0
2024-07-03 09:35:00,IOVA,7.784999847412109,7.784999847412109,7.880000114440918,7.755000114440918,7.755000114440918,61180.0
2024-07-03 09:35:00,ISRG,436.8599853515625,436.8599853515625,436.8599853515625,436.1199951171875,436.56561279296875,1431.0
2024-07-03 09:35:00,ITCI,67.98500061035156,67.98500061035156,67.99500274658203,67.98500061035156,67.99500274658203,329.0
2024-07-03 09:35:00,ITOS,14.539999961853027,14.539999961853027,14.539999961853027,14.539999961853027,14.539999961853027,140.0
2024-07-03 09:35:00,ITRM,1.0800000429153442,1.0800000429153442,1.0800000429153442,1.0800000429153442,1.0800000429153442,3564.0
2024-07-03 09:35:00,IVVD,1.1100000143051147,1.1100000143051147,1.1100000143051147,1.0950000286102295,1.0950000286102295,2471.0
2024-07-03 09:35:00,JANX,38.880001068115234,38.880001068115234,39.029998779296875,38.880001068115234,39.0,2895.0
2024-07-03 09:35:00,KALA,6.6184000968933105,6.6184000968933105,6.6184000968933105,6.6184000968933105,6.6184000968933105,1000.0
2024-07-03 09:35:00,KIDS,29.399999618530273,29.399999618530273,29.479999542236328,29.399999618530273,29.479999542236328,403.0
2024-07-03 09:35:00,KMDA,5.329999923706055,5.329999923706055,5.372600078582764,5.329999923706055,5.372600078582764,8941.0
2024-07-03 09:35:00,KPRX,4.232500076293945,4.232500076293945,4.232500076293945,4.232500076293945,4.232500076293945,1686.0
2024-07-03 09:35:00,KPTI,0.8276000022888184,0.8276000022888184,0.8295000195503235,0.8276000022888184,0.8295000195503235,2950.0
2024-07-03 09:35:00,KTRA,0.2662999927997589,0.2662999927997589,0.2662999927997589,0.26510000228881836,0.26570001244544983,58290.0
2024-07-03 09:35:00,KURA,20.520000457763672,20.520000457763672,20.520000457763672,20.520000457763672,20.520000457763672,980.0
2024-07-03 09:35:00,LAB,1.784999966621399,1.784999966621399,1.784999966621399,1.784999966621399,1.784999966621399,755.0
2024-07-03 09:35:00,LBPH,31.18000030517578,31.18000030517578,31.18000030517578,31.18000030517578,31.18000030517578,570.0
2024-07-03 09:35:00,LEGN,44.72999954223633,44.72999954223633,44.94499969482422,44.72999954223633,44.94499969482422,481.0
2024-07-03 09:35:00,LFST,5.070000171661377,5.070000171661377,5.070000171661377,5.070000171661377,5.070000171661377,2498.0
2024-07-03 09:35:00,LGVN,1.6497999429702759,1.6497999429702759,1.6497999429702759,1.6413999795913696,1.6413999795913696,3500.0
2024-07-03 09:35:00,LIVN,52.665000915527344,52.665000915527344,52.665000915527344,52.665000915527344,52.665000915527344,118.0
2024-07-03 09:35:00,LQDA,11.819999694824219,11.819999694824219,11.829999923706055,11.8100004196167,11.829999923706055,408.0
2024-07-03 09:35:00,LRMR,7.699999809265137,7.699999809265137,7.699999809265137,7.699999809265137,7.699999809265137,194.0
2024-07-03 09:35:00,LUCY,0.47999998927116394,0.47999998927116394,0.4810999929904938,0.4790000021457672,0.4810999929904938,11873.0
2024-07-03 09:35:00,LXRX,1.6050000190734863,1.6050000190734863,1.6050000190734863,1.6050000190734863,1.6050000190734863,5236.0
2024-07-03 09:35:00,LYEL,1.420199990272522,1.420199990272522,1.4299999475479126,1.4199999570846558,1.4299999475479126,5928.0
2024-07-03 09:35:00,MASS,4.735000133514404,4.735000133514404,4.735000133514404,4.710000038146973,4.710000038146973,245.0
2024-07-03 09:35:00,MBIO,0.5371999740600586,0.5371999740600586,0.5443999767303467,0.5320000052452087,0.5320000052452087,49480.0
2024-07-03 09:35:00,MBOT,1.0149999856948853,1.0149999856948853,1.027999997138977,1.0149999856948853,1.027999997138977,5915.0
2024-07-03 09:35:00,MCRB,0.7099000215530396,0.7099000215530396,0.7099000215530396,0.7099000215530396,0.7099000215530396,198.0
2024-07-03 09:35:00,MDXG,6.744999885559082,6.744999885559082,6.75,6.744999885559082,6.749899864196777,1774.0
2024-07-03 09:35:00,ME,0.39239999651908875,0.39239999651908875,0.39239999651908875,0.39239999651908875,0.39239999651908875,6345.0
2024-07-03 09:35:00,MEDS,16.270000457763672,16.270000457763672,16.270000457763672,16.270000457763672,16.270000457763672,645.0
2024-07-03 09:35:00,MGNX,4.179999828338623,4.179999828338623,4.179999828338623,4.139900207519531,4.139900207519531,2616.0
2024-07-03 09:35:00,MIRM,34.01499938964844,34.01499938964844,34.01499938964844,34.01499938964844,34.01499938964844,157.0
2024-07-03 09:35:00,MIST,1.3000999689102173,1.3000999689102173,1.3000999689102173,1.3000999689102173,1.3000999689102173,400.0
2024-07-03 09:35:00,MNKD,5.010000228881836,5.010000228881836,5.010000228881836,5.010000228881836,5.010000228881836,1012.0
2024-07-03 09:35:00,MNMD,7.070000171661377,7.070000171661377,7.070000171661377,7.070000171661377,7.070000171661377,586.0
2024-07-03 09:35:00,MREO,3.450000047683716,3.450000047683716,3.450000047683716,3.450000047683716,3.450000047683716,661.0
2024-07-03 09:35:00,MRNA,117.71990203857422,117.71990203857422,117.87000274658203,117.5,117.83999633789062,10026.0
2024-07-03 09:35:00,MRSN,1.8414000272750854,1.8414000272750854,1.8414000272750854,1.8414000272750854,1.8414000272750854,508.0
2024-07-03 09:35:00,MRVI,6.775000095367432,6.775000095367432,6.775000095367432,6.775000095367432,6.775000095367432,585.0
2024-07-03 09:35:00,MXCT,3.6600000858306885,3.6600000858306885,3.697999954223633,3.6600000858306885,3.697999954223633,4500.0
2024-07-03 09:35:00,NARI,49.3849983215332,49.3849983215332,49.3849983215332,49.3849983215332,49.3849983215332,6710.0
2024-07-03 09:35:00,NCNA,2.549999952316284,2.549999952316284,2.549999952316284,2.549999952316284,2.549999952316284,832.0
2024-07-03 09:35:00,NDRA,0.08699999749660492,0.08699999749660492,0.08749999850988388,0.08699999749660492,0.08749999850988388,69036.0
2024-07-03 09:35:00,NEOG,15.039999961853027,15.039999961853027,15.050000190734863,15.039999961853027,15.050000190734863,575.0
2024-07-03 09:35:00,NERV,3.069999933242798,3.069999933242798,3.069999933242798,3.069999933242798,3.069999933242798,146.0
2024-07-03 09:35:00,NKTR,1.2200000286102295,1.2200000286102295,1.2200000286102295,1.2200000286102295,1.2200000286102295,1656.0
2024-07-03 09:35:00,NLSP,0.20739999413490295,0.20739999413490295,0.20739999413490295,0.20100000500679016,0.20100000500679016,1275.0
2024-07-03 09:35:00,NNOX,7.050000190734863,7.050000190734863,7.079999923706055,7.039999961853027,7.059999942779541,5320.0
2024-07-03 09:35:00,NRBO,4.699999809265137,4.699999809265137,4.699999809265137,4.699999809265137,4.699999809265137,588.0
2024-07-03 09:35:00,NRIX,18.950000762939453,18.950000762939453,19.030000686645508,18.91010093688965,18.91010093688965,979.0
2024-07-03 09:35:00,NTLA,22.36989974975586,22.36989974975586,22.36989974975586,22.315000534057617,22.315000534057617,572.0
2024-07-03 09:35:00,NTRA,111.41999816894531,111.41999816894531,111.63500213623047,111.41500091552734,111.63500213623047,1033.0
2024-07-03 09:35:00,NTRB,5.630000114440918,5.630000114440918,5.630000114440918,5.630000114440918,5.630000114440918,300.0
2024-07-03 09:35:00,NUWE,4.349999904632568,4.349999904632568,4.349999904632568,4.349999904632568,4.349999904632568,850.0
2024-07-03 09:35:00,NVAX,12.869999885559082,12.869999885559082,12.869999885559082,12.850000381469727,12.854999542236328,8510.0
2024-07-03 09:35:00,NVCR,16.989999771118164,16.989999771118164,16.989999771118164,16.989999771118164,16.989999771118164,380.0
2024-07-03 09:35:00,NVOS,0.7398999929428101,0.7398999929428101,0.7398999929428101,0.7398999929428101,0.7398999929428101,517.0
2024-07-03 09:35:00,NXL,1.524999976158142,1.524999976158142,1.524999976158142,1.524999976158142,1.524999976158142,0.0
2024-07-03 09:35:00,OCGN,1.6150000095367432,1.6150000095367432,1.6150000095367432,1.6150000095367432,1.6150000095367432,2461.0
2024-07-03 09:35:00,OCUL,6.760000228881836,6.760000228881836,6.764999866485596,6.760000228881836,6.764999866485596,550.0
2024-07-03 09:35:00,OCX,2.9217000007629395,2.9217000007629395,2.9217000007629395,2.9217000007629395,2.9217000007629395,0.0
2024-07-03 09:35:00,OLMA,10.369999885559082,10.369999885559082,10.369999885559082,10.369999885559082,10.369999885559082,301.0
2024-07-03 09:35:00,OMCL,25.950000762939453,25.950000762939453,25.950000762939453,25.90999984741211,25.90999984741211,1802.0
2024-07-03 09:36:00,ABCL,2.744999885559082,2.744999885559082,2.7499001026153564,2.744999885559082,2.7499001026153564,1082.0
2024-07-03 09:36:00,ABEO,4.300000190734863,4.300000190734863,4.320000171661377,4.300000190734863,4.320000171661377,1221.0
2024-07-03 09:36:00,ABSI,3.361799955368042,3.361799955368042,3.380000114440918,3.361799955368042,3.369999885559082,4366.0
2024-07-03 09:36:00,ABUS,3.134999990463257,3.134999990463257,3.134999990463257,3.134999990463257,3.134999990463257,2819.0
2024-07-03 09:36:00,ABVC,0.7099999785423279,0.7099999785423279,0.7099999785423279,0.7099999785423279,0.7099999785423279,0.0
2024-07-03 09:36:00,ACB,4.610000133514404,4.610000133514404,4.610000133514404,4.5690999031066895,4.5690999031066895,6224.0
2024-07-03 09:36:00,ACCD,3.509999990463257,3.509999990463257,3.509999990463257,3.490000009536743,3.5,8234.0
2024-07-03 09:36:00,ACET,1.1050000190734863,1.1050000190734863,1.1100000143051147,1.0950000286102295,1.100000023841858,22001.0
2024-07-03 09:36:00,ACHV,4.599999904632568,4.599999904632568,4.599999904632568,4.579999923706055,4.579999923706055,595.0
2024-07-03 09:36:00,ACLX,53.375,53.375,53.375,53.375,53.375,201.0
2024-07-03 09:36:00,ADAP,1.059999942779541,1.059999942779541,1.059999942779541,1.059999942779541,1.059999942779541,2.0
2024-07-03 09:36:00,ADMA,11.34000015258789,11.34000015258789,11.34000015258789,11.3100004196167,11.329999923706055,12558.0
2024-07-03 09:36:00,ADPT,3.319999933242798,3.319999933242798,3.3350000381469727,3.319999933242798,3.3287999629974365,11514.0
2024-07-03 09:36:00,AEMD,0.42500001192092896,0.42500001192092896,0.42500001192092896,0.42500001192092896,0.42500001192092896,218.0
2024-07-03 09:36:00,AGIO,41.95000076293945,41.95000076293945,41.95000076293945,41.90999984741211,41.90999984741211,506.0
2024-07-03 09:36:00,AHCO,9.869999885559082,9.869999885559082,9.869999885559082,9.819999694824219,9.819999694824219,305.0
2024-07-03 09:36:00,AKAN,2.240000009536743,2.240000009536743,2.240000009536743,2.240000009536743,2.240000009536743,1585.0
2024-07-03 09:36:00,ALGN,237.94500732421875,237.94500732421875,238.27000427246094,237.47500610351562,237.47500610351562,1814.0
2024-07-03 09:36:00,ALHC,7.960000038146973,7.960000038146973,7.960000038146973,7.960000038146973,7.960000038146973,231.0
2024-07-03 09:36:00,ALKS,24.170000076293945,24.170000076293945,24.204999923706055,24.170000076293945,24.204999923706055,2183.0
2024-07-03 09:36:00,ALLK,0.8413000106811523,0.8413000106811523,0.8413000106811523,0.8413000106811523,0.8413000106811523,583.0
2024-07-03 09:36:00,ALLO,2.1549999713897705,2.1549999713897705,2.1591999530792236,2.1449999809265137,2.1500000953674316,2523.0
2024-07-03 09:36:00,ALLR,0.20659999549388885,0.20659999549388885,0.20800000429153442,0.20659999549388885,0.20800000429153442,16142.0
2024-07-03 09:36:00,ALNY,247.03500366210938,247.03500366210938,247.50999450683594,247.03500366210938,247.1199951171875,14722.0
2024-07-03 09:36:00,ALT,6.740099906921387,6.740099906921387,6.747799873352051,6.739999771118164,6.739999771118164,4575.0
2024-07-03 09:36:00,ALXO,5.695000171661377,5.695000171661377,5.739999771118164,5.695000171661377,5.739999771118164,1284.0
2024-07-03 09:36:00,ALZN,0.37709999084472656,0.37709999084472656,0.37709999084472656,0.37709999084472656,0.37709999084472656,700.0
2024-07-03 09:36:00,AMGN,310.07501220703125,310.07501220703125,310.17999267578125,309.9599914550781,310.17999267578125,2802.0
2024-07-03 09:36:00,AMLX,1.7100000381469727,1.7100000381469727,1.7100000381469727,1.7000000476837158,1.7000000476837158,2075.0
2024-07-03 09:36:00,AMPH,37.6260986328125,37.6260986328125,37.6260986328125,37.6260986328125,37.6260986328125,546.0
2024-07-03 09:36:00,AMRN,0.7099999785423279,0.7099999785423279,0.7099999785423279,0.6998000144958496,0.7049999833106995,31980.0
2024-07-03 09:36:00,ANGO,5.630000114440918,5.630000114440918,5.630000114440918,5.630000114440918,5.630000114440918,338.0
2024-07-03 09:36:00,ANNX,4.664999961853027,4.664999961853027,4.664999961853027,4.659999847412109,4.659999847412109,667.0
2024-07-03 09:36:00,ANTX,2.380000114440918,2.380000114440918,2.380000114440918,2.3589999675750732,2.359999895095825,8789.0
2024-07-03 09:36:00,APLS,35.61000061035156,35.61000061035156,35.61000061035156,35.61000061035156,35.61000061035156,205.0
2024-07-03 09:36:00,APLT,4.349999904632568,4.349999904632568,4.349999904632568,4.349999904632568,4.349999904632568,3000.0
2024-07-03 09:36:00,AQST,2.375,2.375,2.375,2.375,2.375,883.0
2024-07-03 09:36:00,ARAY,1.7799999713897705,1.7799999713897705,1.7899999618530273,1.774999976158142,1.774999976158142,17238.0
2024-07-03 09:36:00,ARCT,21.18000030517578,21.18000030517578,21.299999237060547,21.059999465942383,21.1299991607666,2377.0
2024-07-03 09:36:00,ARDX,5.258200168609619,5.258200168609619,5.259900093078613,5.184999942779541,5.199999809265137,39887.0
2024-07-03 09:36:00,ARGX,437.19500732421875,437.19500732421875,437.3800048828125,436.7300109863281,437.3800048828125,868.0
2024-07-03 09:36:00,ARQT,9.4350004196167,9.4350004196167,9.468400001525879,9.399999618530273,9.434000015258789,11347.0
2024-07-03 09:36:00,ARVN,24.579999923706055,24.579999923706055,24.579999923706055,24.5,24.5,2755.0
2024-07-03 09:36:00,ASLN,2.339400053024292,2.339400053024292,2.3499999046325684,2.2899999618530273,2.3485000133514404,1105.0
2024-07-03 09:36:00,ASRT,1.23989999294281,1.23989999294281,1.2400000095367432,1.2200000286102295,1.2200000286102295,9274.0
2024-07-03 09:36:00,ATAI,1.3009999990463257,1.3009999990463257,1.3009999990463257,1.3009999990463257,1.3009999990463257,456.0
2024-07-03 09:36:00,ATHA,2.494999885559082,2.494999885559082,2.494999885559082,2.494999885559082,2.494999885559082,2100.0
2024-07-03 09:36:00,ATOS,1.1299999952316284,1.1299999952316284,1.1399999856948853,1.1299999952316284,1.1399999856948853,2481.0
2024-07-03 09:36:00,AUGX,0.9943000078201294,0.9943000078201294,0.9943000078201294,0.9872999787330627,0.9872999787330627,4753.0
2024-07-03 09:36:00,AUPH,5.460000038146973,5.460000038146973,5.460000038146973,5.460000038146973,5.460000038146973,607.0
2024-07-03 09:36:00,AVIR,3.2300000190734863,3.2300000190734863,3.2300000190734863,3.2300000190734863,3.2300000190734863,200.0
2024-07-03 09:36:00,AVXL,4.159999847412109,4.159999847412109,4.159999847412109,4.159999847412109,4.159999847412109,900.0
2024-07-03 09:36:00,AXSM,79.0999984741211,79.0999984741211,79.0999984741211,79.0999984741211,79.0999984741211,339.0
2024-07-03 09:36:00,AZN,76.7699966430664,76.7699966430664,76.81999969482422,76.75,76.75,13099.0
2024-07-03 09:36:00,BBIO,24.709999084472656,24.709999084472656,24.709999084472656,24.709999084472656,24.709999084472656,1088.0
2024-07-03 09:36:00,BDSX,1.5800000429153442,1.5800000429153442,1.5809999704360962,1.5800000429153442,1.5809999704360962,2073.0
2024-07-03 09:36:00,BDTX,4.199999809265137,4.199999809265137,4.199999809265137,4.199699878692627,4.19980001449585,1547.0
2024-07-03 09:36:00,BEAM,22.825000762939453,22.825000762939453,22.825000762939453,22.825000762939453,22.825000762939453,22.0
2024-07-03 09:36:00,BEAT,2.9100000858306885,2.9100000858306885,2.9600000381469727,2.9100000858306885,2.9600000381469727,700.0
2024-07-03 09:36:00,BGNE,146.0399932861328,146.0399932861328,146.0399932861328,145.27000427246094,145.27000427246094,487.0
2024-07-03 09:36:00,BGXX,0.27000001072883606,0.27000001072883606,0.27000001072883606,0.27000001072883606,0.27000001072883606,450.0
2024-07-03 09:36:00,BJDX,0.6407999992370605,0.6407999992370605,0.6407999992370605,0.6399999856948853,0.6399999856948853,4961.0
2024-07-03 09:36:00,BLUE,0.9110999703407288,0.9110999703407288,0.9143999814987183,0.9103000164031982,0.9103000164031982,6409.0
2024-07-03 09:36:00,BMEA,4.340000152587891,4.340000152587891,4.340000152587891,4.340000152587891,4.340000152587891,1373.0
2024-07-03 09:36:00,BMRN,82.16000366210938,82.16000366210938,82.25,82.12999725341797,82.12999725341797,1759.0
2024-07-03 09:36:00,BNGO,0.5870000123977661,0.5870000123977661,0.5870000123977661,0.5827000141143799,0.5827000141143799,4947.0
2024-07-03 09:36:00,BNTX,80.31500244140625,80.31500244140625,80.47000122070312,80.08000183105469,80.08000183105469,3018.0
2024-07-03 09:36:00,BRKR,62.04249954223633,62.04249954223633,62.04249954223633,62.04249954223633,62.04249954223633,318.0
2024-07-03 09:36:00,BRTX,2.0,2.0,2.0,2.0,2.0,716.0
2024-07-03 09:36:00,BTAI,1.1200000047683716,1.1200000047683716,1.1200000047683716,1.1150000095367432,1.1200000047683716,9735.0
2024-07-03 09:36:00,BTMD,7.560699939727783,7.560699939727783,7.560699939727783,7.560699939727783,7.560699939727783,332.0
2024-07-03 09:36:00,BVS,5.860000133514404,5.860000133514404,5.860000133514404,5.820000171661377,5.820000171661377,9872.0
2024-07-03 09:36:00,BWAY,5.820000171661377,5.820000171661377,5.820000171661377,5.820000171661377,5.820000171661377,861.0
2024-07-03 09:36:00,CABA,7.239999771118164,7.239999771118164,7.260000228881836,7.235000133514404,7.260000228881836,3208.0
2024-07-03 09:36:00,CALT,39.040000915527344,39.040000915527344,39.040000915527344,39.040000915527344,39.040000915527344,1080.0
2024-07-03 09:36:00,CCCC,4.599999904632568,4.599999904632568,4.599999904632568,4.550000190734863,4.550000190734863,5069.0
2024-07-03 09:36:00,CDMO,6.696599960327148,6.696599960327148,6.699999809265137,6.696599960327148,6.699999809265137,24974.0
2024-07-03 09:36:00,CERE,41.279998779296875,41.279998779296875,41.279998779296875,41.185001373291016,41.2599983215332,3881.0
2024-07-03 09:36:00,CERS,1.7000000476837158,1.7000000476837158,1.7100000381469727,1.7000000476837158,1.7100000381469727,2552.0
2024-07-03 09:36:00,CGC,6.409999847412109,6.409999847412109,6.409999847412109,6.349999904632568,6.349999904632568,29015.0
2024-07-03 09:36:00,CGEM,16.719999313354492,16.719999313354492,16.719999313354492,16.475000381469727,16.475000381469727,4182.0
2024-07-03 09:36:00,CGEN,1.690000057220459,1.690000057220459,1.7100000381469727,1.690000057220459,1.7100000381469727,15663.0
2024-07-03 09:36:00,CHRS,1.3550000190734863,1.3550000190734863,1.3597999811172485,1.350000023841858,1.3597999811172485,24273.0
2024-07-03 09:36:00,CING,0.3091999888420105,0.3091999888420105,0.3091999888420105,0.3091999888420105,0.3091999888420105,0.0
2024-07-03 09:36:00,CKPT,2.125,2.125,2.125,2.125,2.125,420.0
2024-07-03 09:36:00,CLOV,1.2350000143051147,1.2350000143051147,1.2400000095367432,1.2350000143051147,1.2400000095367432,621.0
2024-07-03 09:36:00,CLRB,2.390000104904175,2.390000104904175,2.3901000022888184,2.390000104904175,2.3901000022888184,270.0
2024-07-03 09:36:00,CMPX,0.8799999952316284,0.8799999952316284,0.8799999952316284,0.8799999952316284,0.8799999952316284,1211.0
2024-07-03 09:36:00,CMRX,0.8700000047683716,0.8700000047683716,0.8700000047683716,0.8700000047683716,0.8700000047683716,2619.0
2024-07-03 09:36:00,CNSP,2.4900999069213867,2.4900999069213867,2.5199999809265137,2.430000066757202,2.449899911880493,428654.0
2024-07-03 09:36:00,CNTG,0.4399999976158142,0.4399999976158142,0.4399999976158142,0.4390000104904175,0.4390000104904175,2656.0
2024-07-03 09:36:00,COGT,8.295000076293945,8.295000076293945,8.295000076293945,8.285499572753906,8.285499572753906,701.0
2024-07-03 09:36:00,CORT,31.25,31.25,31.270000457763672,31.25,31.270000457763672,1040.0
2024-07-03 09:36:00,CRDF,2.119999885559082,2.119999885559082,2.119999885559082,2.119999885559082,2.119999885559082,400.0
2024-07-03 09:36:00,CRDL,1.9199999570846558,1.9199999570846558,1.9199999570846558,1.9199999570846558,1.9199999570846558,212.0
2024-07-03 09:36:00,CRMD,4.130000114440918,4.130000114440918,4.150000095367432,4.130000114440918,4.130000114440918,538.0
2024-07-03 09:36:00,CRNX,45.09000015258789,45.09000015258789,45.09000015258789,45.09000015258789,45.09000015258789,1018.0
2024-07-03 09:36:00,CRON,2.2850000858306885,2.2850000858306885,2.2850000858306885,2.2799999713897705,2.2799999713897705,346.0
2024-07-03 09:36:00,CRSP,53.56999969482422,53.56999969482422,53.630001068115234,53.369998931884766,53.369998931884766,4863.0
2024-07-03 09:36:00,CUE,1.059999942779541,1.059999942779541,1.059999942779541,1.059999942779541,1.059999942779541,0.0
2024-07-03 09:36:00,CVAC,3.6700000762939453,3.6700000762939453,3.684999942779541,3.6500000953674316,3.684999942779541,28175.0
2024-07-03 09:36:00,DAWN,13.3100004196167,13.3100004196167,13.3100004196167,13.3100004196167,13.3100004196167,200.0
2024-07-03 09:36:00,DMAC,2.809999942779541,2.809999942779541,2.809999942779541,2.799999952316284,2.799999952316284,4191.0
2024-07-03 09:36:00,DNLI,22.0,22.0,22.0,22.0,22.0,1881.0
2024-07-03 09:36:00,DXCM,111.73500061035156,111.73500061035156,111.94000244140625,111.55999755859375,111.69000244140625,4637.0
2024-07-03 09:36:00,EDIT,4.59499979019165,4.59499979019165,4.59499979019165,4.585000038146973,4.58620023727417,6676.0
2024-07-03 09:36:00,EMBC,11.880000114440918,11.880000114440918,11.90999984741211,11.880000114440918,11.90999984741211,300.0
2024-07-03 09:36:00,ENLV,1.309999942779541,1.309999942779541,1.309999942779541,1.309999942779541,1.309999942779541,1017.0
2024-07-03 09:36:00,ENSG,128.22000122070312,128.22000122070312,128.22000122070312,127.5,127.86959838867188,8714.0
2024-07-03 09:36:00,EOLS,10.755000114440918,10.755000114440918,10.755000114440918,10.720000267028809,10.720000267028809,1171.0
2024-07-03 09:36:00,ERAS,2.2899999618530273,2.2899999618530273,2.2906999588012695,2.2899999618530273,2.29010009765625,2338.0
2024-07-03 09:36:00,ESPR,2.375,2.375,2.375,2.3550000190734863,2.3550000190734863,138057.0
2024-07-03 09:36:00,EVO,5.039999961853027,5.039999961853027,5.039999961853027,5.039999961853027,5.039999961853027,525.0
2024-07-03 09:36:00,EXAI,5.159999847412109,5.159999847412109,5.159999847412109,5.159999847412109,5.159999847412109,105.0
2024-07-03 09:36:00,EXAS,43.185001373291016,43.185001373291016,43.279998779296875,43.10850143432617,43.10850143432617,996.0
2024-07-03 09:36:00,EXEL,22.1299991607666,22.1299991607666,22.1299991607666,22.1299991607666,22.1299991607666,539.0
2024-07-03 09:36:00,EYPT,8.039999961853027,8.039999961853027,8.039999961853027,8.020000457763672,8.020000457763672,936.0
2024-07-03 09:36:00,FDMT,20.610000610351562,20.610000610351562,20.6299991607666,20.610000610351562,20.6299991607666,902.0
2024-07-03 09:36:00,FHTX,5.385000228881836,5.385000228881836,5.385000228881836,5.385000228881836,5.385000228881836,300.0
2024-07-03 09:36:00,FLGC,0.9399999976158142,0.9399999976158142,0.9399999976158142,0.9399999976158142,0.9399999976158142,418.0
2024-07-03 09:36:00,FULC,6.070000171661377,6.070000171661377,6.118000030517578,6.070000171661377,6.118000030517578,2300.0
2024-07-03 09:36:00,GALT,2.244999885559082,2.244999885559082,2.25,2.244999885559082,2.25,1169.0
2024-07-03 09:36:00,GBIO,2.390000104904175,2.390000104904175,2.390000104904175,2.390000104904175,2.390000104904175,0.0
2024-07-03 09:36:00,GCTK,1.7023999691009521,1.7023999691009521,1.7023999691009521,1.7023999691009521,1.7023999691009521,142.0
2024-07-03 09:36:00,GERN,4.264999866485596,4.264999866485596,4.275000095367432,4.264999866485596,4.269999980926514,10588.0
2024-07-03 09:36:00,GH,28.604999542236328,28.604999542236328,28.604999542236328,28.402999877929688,28.530000686645508,3368.0
2024-07-03 09:36:00,GILD,68.0999984741211,68.0999984741211,68.1500015258789,68.0,68.0,10068.0
2024-07-03 09:36:00,GLUE,3.680000066757202,3.680000066757202,3.680000066757202,3.619999885559082,3.619999885559082,3605.0
2024-07-03 09:36:00,GMAB,25.1200008392334,25.1200008392334,25.1299991607666,25.1200008392334,25.1299991607666,2096.0
2024-07-03 09:36:00,GNFT,3.9600000381469727,3.9600000381469727,3.9600000381469727,3.9600000381469727,3.9600000381469727,0.0
2024-07-03 09:36:00,GOSS,0.9449999928474426,0.9449999928474426,0.9496999979019165,0.9449999928474426,0.9490000009536743,478.0
2024-07-03 09:36:00,GOVX,3.130000114440918,3.130000114440918,3.130000114440918,3.130000114440918,3.130000114440918,305.0
2024-07-03 09:36:00,GRFS,6.574999809265137,6.574999809265137,6.574999809265137,6.570000171661377,6.570000171661377,1174.0
2024-07-03 09:36:00,GRTS,0.5701000094413757,0.5701000094413757,0.5701000094413757,0.5701000094413757,0.5701000094413757,1143.0
2024-07-03 09:36:00,HALO,51.16999816894531,51.16999816894531,51.452598571777344,51.040000915527344,51.255001068115234,1513.0
2024-07-03 09:36:00,HCAT,6.03000020980835,6.03000020980835,6.03000020980835,6.03000020980835,6.03000020980835,482.0
2024-07-03 09:36:00,HCSG,11.119999885559082,11.119999885559082,11.119999885559082,11.109999656677246,11.119999885559082,2213.0
2024-07-03 09:36:00,HEPA,1.059999942779541,1.059999942779541,1.059999942779541,1.059999942779541,1.059999942779541,0.0
2024-07-03 09:36:00,HITI,2.130000114440918,2.130000114440918,2.130000114440918,2.1201000213623047,2.1201000213623047,770.0
2024-07-03 09:36:00,HOLX,72.86100006103516,72.86100006103516,72.88099670410156,72.77639770507812,72.77639770507812,2572.0
2024-07-03 09:36:00,HOOK,0.579800009727478,0.579800009727478,0.579800009727478,0.579800009727478,0.579800009727478,869.0
2024-07-03 09:36:00,HQY,84.4800033569336,84.4800033569336,84.66500091552734,84.4800033569336,84.66500091552734,767.0
2024-07-03 09:36:00,HROW,21.350000381469727,21.350000381469727,21.40999984741211,21.350000381469727,21.40999984741211,2364.0
2024-07-03 09:36:00,HRTX,2.7950000762939453,2.7950000762939453,2.7992000579833984,2.7850000858306885,2.7899999618530273,10572.0
2024-07-03 09:36:00,HSDT,0.9700000286102295,0.9700000286102295,0.9700000286102295,0.9700000286102295,0.9700000286102295,0.0
2024-07-03 09:36:00,HSIC,65.33499908447266,65.33499908447266,65.33499908447266,65.33499908447266,65.33499908447266,586.0
2024-07-03 09:36:00,HSTM,27.780000686645508,27.780000686645508,27.780000686645508,27.75,27.75,714.0
2024-07-03 09:36:00,HUGE,0.1551000028848648,0.1551000028848648,0.1599999964237213,0.15299999713897705,0.15320000052452087,107041.0
2024-07-03 09:36:00,HUMA,5.269999980926514,5.269999980926514,5.269999980926514,5.222899913787842,5.227399826049805,6192.0
2024-07-03 09:36:00,IBRX,6.203999996185303,6.203999996185303,6.204999923706055,6.203999996185303,6.204999923706055,1484.0
2024-07-03 09:36:00,ICLR,317.67999267578125,317.67999267578125,317.67999267578125,317.67999267578125,317.67999267578125,370.0
2024-07-03 09:36:00,IGMS,6.570000171661377,6.570000171661377,6.787600040435791,6.429999828338623,6.787600040435791,941.0
2024-07-03 09:36:00,IKT,1.1649999618530273,1.1649999618530273,1.1649999618530273,1.149999976158142,1.159999966621399,6847.0
2024-07-03 09:36:00,ILMN,105.08000183105469,105.08000183105469,105.18000030517578,104.625,104.63500213623047,8030.0
2024-07-03 09:36:00,IMMP,1.940000057220459,1.940000057220459,1.940000057220459,1.940000057220459,1.940000057220459,140.0
2024-07-03 09:36:00,IMMX,2.1301000118255615,2.1301000118255615,2.1301000118255615,2.130000114440918,2.130000114440918,1329.0
2024-07-03 09:36:00,IMNM,11.854999542236328,11.854999542236328,11.90999984741211,11.854999542236328,11.854999542236328,885.0
2024-07-03 09:36:00,IMRN,2.198199987411499,2.198199987411499,2.198199987411499,2.198199987411499,2.198199987411499,1558.0
2024-07-03 09:36:00,IMRX,1.1299999952316284,1.1299999952316284,1.1299999952316284,1.1299999952316284,1.1299999952316284,1004.0
2024-07-03 09:36:00,IMTX,11.979999542236328,11.979999542236328,11.979999542236328,11.979999542236328,11.979999542236328,222.0
2024-07-03 09:36:00,IMUX,1.1399999856948853,1.1399999856948853,1.1399999856948853,1.1399999856948853,1.1399999856948853,2184.0
2024-07-03 09:36:00,IMVT,26.389999389648438,26.389999389648438,26.389999389648438,26.309999465942383,26.309999465942383,267.0
2024-07-03 09:36:00,INAB,0.800000011920929,0.800000011920929,0.800000011920929,0.800000011920929,0.800000011920929,1600.0
2024-07-03 09:36:00,INCY,58.845001220703125,58.845001220703125,58.845001220703125,58.79999923706055,58.79999923706055,737.0
2024-07-03 09:36:00,INM,0.25,0.25,0.25,0.25,0.25,4494.0
2024-07-03 09:36:00,INMD,17.75,17.75,17.75,17.709999084472656,17.719999313354492,3530.0
2024-07-03 09:36:00,INO,8.49020004272461,8.49020004272461,8.49020004272461,8.49020004272461,8.49020004272461,894.0
2024-07-03 09:36:00,INSM,64.11000061035156,64.11000061035156,64.11000061035156,63.91999816894531,63.91999816894531,424.0
2024-07-03 09:36:00,INVA,16.5,16.5,16.510000228881836,16.5,16.510000228881836,1317.0
2024-07-03 09:36:00,INZY,4.465000152587891,4.465000152587891,4.465000152587891,4.465000152587891,4.465000152587891,200.0
2024-07-03 09:36:00,IONM,0.33009999990463257,0.33009999990463257,0.33009999990463257,0.33009999990463257,0.33009999990463257,0.0
2024-07-03 09:36:00,IOVA,7.790599822998047,7.790599822998047,7.800000190734863,7.790500164031982,7.795000076293945,16402.0
2024-07-03 09:36:00,IPA,1.0399999618530273,1.0399999618530273,1.0399999618530273,1.0399999618530273,1.0399999618530273,1030.0
2024-07-03 09:36:00,IPSC,2.25,2.25,2.25,2.25,2.25,906.0
2024-07-03 09:36:00,IRWD,6.190000057220459,6.190000057220459,6.190000057220459,6.190000057220459,6.190000057220459,1528.0
2024-07-03 09:36:00,ISPC,0.2904999852180481,0.2904999852180481,0.2904999852180481,0.2904999852180481,0.2904999852180481,2551.0
2024-07-03 09:36:00,ISRG,435.9649963378906,435.9649963378906,437.42999267578125,435.9649963378906,437.0,3771.0
2024-07-03 09:36:00,ITCI,68.0,68.0,68.0,68.0,68.0,1111.0
2024-07-03 09:36:00,ITOS,14.53499984741211,14.53499984741211,14.545000076293945,14.46049976348877,14.545000076293945,2098.0
2024-07-03 09:36:00,JANX,38.904998779296875,38.904998779296875,39.165000915527344,38.65999984741211,38.849998474121094,3441.0
2024-07-03 09:36:00,KALA,6.611599922180176,6.611599922180176,6.611599922180176,6.611599922180176,6.611599922180176,0.0
2024-07-03 09:36:00,KMDA,5.349999904632568,5.349999904632568,5.349999904632568,5.349999904632568,5.349999904632568,0.0
2024-07-03 09:36:00,KPTI,0.8145999908447266,0.8145999908447266,0.8145999908447266,0.8145999908447266,0.8145999908447266,300.0
2024-07-03 09:36:00,KRMD,2.315000057220459,2.315000057220459,2.315000057220459,2.315000057220459,2.315000057220459,414.0
2024-07-03 09:36:00,KTRA,0.26499998569488525,0.26499998569488525,0.26499998569488525,0.26010000705718994,0.2646999955177307,6750.0
2024-07-03 09:36:00,KZIA,0.20999999344348907,0.20999999344348907,0.20999999344348907,0.20999999344348907,0.20999999344348907,3114.0
2024-07-03 09:36:00,LEGN,44.849998474121094,44.849998474121094,44.970001220703125,44.82500076293945,44.93000030517578,1936.0
2024-07-03 09:36:00,LEXX,2.609999895095825,2.609999895095825,2.640000104904175,2.609999895095825,2.640000104904175,3595.0
2024-07-03 09:36:00,LFST,5.074999809265137,5.074999809265137,5.090000152587891,5.074999809265137,5.074999809265137,2912.0
2024-07-03 09:36:00,LGVN,1.6399999856948853,1.6399999856948853,1.6404999494552612,1.6399999856948853,1.6404999494552612,1573.0
2024-07-03 09:36:00,LOGC,5.670000076293945,5.670000076293945,5.670000076293945,5.670000076293945,5.670000076293945,692.0
2024-07-03 09:36:00,LQDA,11.800000190734863,11.800000190734863,11.819999694824219,11.779999732971191,11.819999694824219,7171.0
2024-07-03 09:36:00,LUCY,0.47699999809265137,0.47699999809265137,0.47999998927116394,0.47510001063346863,0.47999998927116394,20521.0
2024-07-03 09:36:00,LYEL,1.4500000476837158,1.4500000476837158,1.4500000476837158,1.4394999742507935,1.4394999742507935,4334.0
2024-07-03 09:36:00,LYRA,0.27810001373291016,0.27810001373291016,0.27810001373291016,0.2775999903678894,0.27790001034736633,11723.0
2024-07-03 09:36:00,MASS,4.710000038146973,4.710000038146973,4.710000038146973,4.710000038146973,4.710000038146973,450.0
2024-07-03 09:36:00,MBIO,0.5400999784469604,0.5400999784469604,0.5443000197410583,0.535099983215332,0.535099983215332,1737.0
2024-07-03 09:36:00,MBOT,1.0299999713897705,1.0299999713897705,1.0299999713897705,1.0299999713897705,1.0299999713897705,15707.0
2024-07-03 09:36:00,ME,0.38339999318122864,0.38339999318122864,0.39100000262260437,0.38339999318122864,0.39100000262260437,267012.0
2024-07-03 09:36:00,MEDP,402.1700134277344,402.1700134277344,402.1700134277344,402.1700134277344,402.1700134277344,451.0
2024-07-03 09:36:00,MGNX,4.190000057220459,4.190000057220459,4.190000057220459,4.179999828338623,4.179999828338623,6083.0
2024-07-03 09:36:00,MHUA,0.9599000215530396,0.9599000215530396,0.9599000215530396,0.9599000215530396,0.9599000215530396,1029.0
2024-07-03 09:36:00,MIRM,34.25,34.25,34.25,34.25,34.25,278.0
2024-07-03 09:36:00,MIST,1.3015999794006348,1.3015999794006348,1.3015999794006348,1.3015999794006348,1.3015999794006348,100.0
2024-07-03 09:36:00,MMSI,86.05999755859375,86.05999755859375,86.05999755859375,86.05999755859375,86.05999755859375,1705.0
2024-07-03 09:36:00,MNKD,5.0,5.0,5.0,4.989999771118164,5.0,2826.0
2024-07-03 09:36:00,MNMD,7.039999961853027,7.039999961853027,7.039999961853027,7.03000020980835,7.03000020980835,1008.0
2024-07-03 09:36:00,MNPR,0.7010999917984009,0.7010999917984009,0.7010999917984009,0.7009999752044678,0.7009999752044678,0.0
2024-07-03 09:36:00,MODV,28.299999237060547,28.299999237060547,28.299999237060547,28.280000686645508,28.280000686645508,585.0
2024-07-03 09:36:00,MORF,31.360000610351562,31.360000610351562,31.360000610351562,31.149999618530273,31.229999542236328,2288.0
2024-07-03 09:36:00,MRNA,117.76000213623047,117.76000213623047,117.76000213623047,117.29000091552734,117.4301986694336,4993.0
2024-07-03 09:36:00,MRSN,1.8600000143051147,1.8600000143051147,1.8600000143051147,1.8600000143051147,1.8600000143051147,200.0
2024-07-03 09:36:00,MRVI,6.8317999839782715,6.8317999839782715,6.840000152587891,6.789999961853027,6.800000190734863,7235.0
2024-07-03 09:36:00,MXCT,3.6600000858306885,3.6600000858306885,3.6600000858306885,3.6600000858306885,3.6600000858306885,223.0
2024-07-03 09:36:00,NBIX,137.9499969482422,137.9499969482422,138.50999450683594,137.3560028076172,138.02000427246094,3630.0
2024-07-03 09:36:00,NDRA,0.08550000190734863,0.08550000190734863,0.08760000020265579,0.08550000190734863,0.08760000020265579,95861.0
2024-07-03 09:36:00,NEOG,15.020000457763672,15.020000457763672,15.039999961853027,14.979999542236328,15.039999961853027,1418.0
2024-07-03 09:36:00,NKTR,1.2050000429153442,1.2050000429153442,1.215000033378601,1.2000000476837158,1.215000033378601,15501.0
2024-07-03 09:36:00,NKTX,5.210000038146973,5.210000038146973,5.210000038146973,5.210000038146973,5.210000038146973,456.0
2024-07-03 09:36:00,NLSP,0.20730000734329224,0.20730000734329224,0.20749999582767487,0.2054000049829483,0.20749999582767487,6502.0
2024-07-03 09:36:00,NNOX,7.017600059509277,7.017600059509277,7.079999923706055,7.017600059509277,7.079999923706055,4331.0
2024-07-03 09:36:00,NRBO,4.599999904632568,4.599999904632568,4.599999904632568,4.599999904632568,4.599999904632568,0.0
2024-07-03 09:36:00,NRIX,18.950000762939453,18.950000762939453,18.975000381469727,18.950000762939453,18.975000381469727,526.0
2024-07-03 09:36:00,NRSN,1.3300000429153442,1.3300000429153442,1.3550000190734863,1.2799999713897705,1.3550000190734863,18047.0
2024-07-03 09:36:00,NTLA,22.350000381469727,22.350000381469727,22.350000381469727,22.299999237060547,22.299999237060547,2687.0
2024-07-03 09:36:00,NTRA,111.62000274658203,111.62000274658203,111.63999938964844,111.40499877929688,111.41999816894531,7287.0
2024-07-03 09:36:00,NUVL,72.0199966430664,72.0199966430664,72.08999633789062,72.0199966430664,72.08999633789062,661.0
2024-07-03 09:36:00,NVAX,12.9350004196167,12.9350004196167,12.9350004196167,12.888999938964844,12.888999938964844,4275.0
2024-07-03 09:36:00,NVCR,16.989999771118164,16.989999771118164,16.989999771118164,16.989999771118164,16.989999771118164,1341.0
2024-07-03 09:36:00,OCGN,1.5950000286102295,1.5950000286102295,1.6150000095367432,1.5950000286102295,1.6150000095367432,21091.0
2024-07-03 09:36:00,OCUL,6.75,6.75,6.775000095367432,6.739999771118164,6.775000095367432,4671.0
2024-07-03 09:36:00,OGI,1.5299999713897705,1.5299999713897705,1.5299999713897705,1.5299999713897705,1.5299999713897705,3669.0
2024-07-03 09:36:00,OLK,25.84000015258789,25.84000015258789,25.844999313354492,25.84000015258789,25.84000015258789,5352.0
2024-07-03 09:36:00,OLMA,10.369999885559082,10.369999885559082,10.369999885559082,10.369999885559082,10.369999885559082,550.0
2024-07-03 09:36:00,OMCL,25.950000762939453,25.950000762939453,25.950000762939453,25.950000762939453,25.950000762939453,3144.0
2024-07-03 09:37:00,ABCL,2.7504000663757324,2.7504000663757324,2.7504000663757324,2.7504000663757324,2.7504000663757324,1025.0
2024-07-03 09:37:00,ABEO,4.300000190734863,4.300000190734863,4.300000190734863,4.300000190734863,4.300000190734863,2849.0
2024-07-03 09:37:00,ABSI,3.2699999809265137,3.2699999809265137,3.3766000270843506,3.2699999809265137,3.369999885559082,39533.0
2024-07-03 09:37:00,ABUS,3.134999990463257,3.134999990463257,3.140000104904175,3.134999990463257,3.140000104904175,2565.0
2024-07-03 09:37:00,ACAD,15.829999923706055,15.829999923706055,15.829999923706055,15.829999923706055,15.829999923706055,817.0
2024-07-03 09:37:00,ACB,4.610000133514404,4.610000133514404,4.614999771118164,4.599999904632568,4.610000133514404,2944.0
2024-07-03 09:37:00,ACCD,3.5299999713897705,3.5299999713897705,3.5399999618530273,3.5188000202178955,3.5188000202178955,5866.0
2024-07-03 09:37:00,ACET,1.1050000190734863,1.1050000190734863,1.1050000190734863,1.1050000190734863,1.1050000190734863,625.0
2024-07-03 09:37:00,ACLX,53.564998626708984,53.564998626708984,53.564998626708984,53.564998626708984,53.564998626708984,577.0
2024-07-03 09:37:00,ACRS,1.159999966621399,1.159999966621399,1.1699999570846558,1.159999966621399,1.1699999570846558,5220.0
2024-07-03 09:37:00,ADAP,1.059999942779541,1.059999942779541,1.059999942779541,1.059999942779541,1.059999942779541,206.0
2024-07-03 09:37:00,ADIL,1.0404000282287598,1.0404000282287598,1.0404000282287598,1.0404000282287598,1.0404000282287598,0.0
2024-07-03 09:37:00,ADMA,11.354999542236328,11.354999542236328,11.354999542236328,11.354999542236328,11.354999542236328,155.0
2024-07-03 09:37:00,ADPT,3.3299999237060547,3.3299999237060547,3.3299999237060547,3.3299999237060547,3.3299999237060547,214.0
2024-07-03 09:37:00,AGEN,14.454999923706055,14.454999923706055,14.454999923706055,14.454999923706055,14.454999923706055,608.0
2024-07-03 09:37:00,AHCO,9.829999923706055,9.829999923706055,9.869999885559082,9.819999694824219,9.869999885559082,2548.0
2024-07-03 09:37:00,AIMD,0.8299999833106995,0.8299999833106995,0.8299999833106995,0.8299999833106995,0.8299999833106995,718.0
2024-07-03 09:37:00,AKBA,0.9555000066757202,0.9555000066757202,0.9555000066757202,0.9555000066757202,0.9555000066757202,878.0
2024-07-03 09:37:00,AKRO,22.059999465942383,22.059999465942383,22.059999465942383,22.059999465942383,22.059999465942383,205.0
2024-07-03 09:37:00,ALEC,4.369999885559082,4.369999885559082,4.369999885559082,4.369999885559082,4.369999885559082,1206.0
2024-07-03 09:37:00,ALGN,238.00999450683594,238.00999450683594,238.2899932861328,238.00999450683594,238.2899932861328,726.0
2024-07-03 09:37:00,ALHC,7.989999771118164,7.989999771118164,8.010000228881836,7.989999771118164,8.0,1926.0
2024-07-03 09:37:00,ALIM,5.53000020980835,5.53000020980835,5.53000020980835,5.53000020980835,5.53000020980835,300.0
2024-07-03 09:37:00,ALKS,24.174999237060547,24.174999237060547,24.174999237060547,24.174999237060547,24.174999237060547,460.0
2024-07-03 09:37:00,ALLO,2.1570000648498535,2.1570000648498535,2.1570000648498535,2.1500000953674316,2.1549999713897705,2136.0
2024-07-03 09:37:00,ALLR,0.20659999549388885,0.20659999549388885,0.20659999549388885,0.20659999549388885,0.20659999549388885,20840.0
2024-07-03 09:37:00,ALNY,247.0500030517578,247.0500030517578,247.7613983154297,247.0,247.7613983154297,22234.0
2024-07-03 09:37:00,ALT,6.724999904632568,6.724999904632568,6.760000228881836,6.711999893188477,6.739999771118164,14485.0
2024-07-03 09:37:00,ALVO,12.1899995803833,12.1899995803833,12.399999618530273,12.1899995803833,12.399999618530273,396.0
2024-07-03 09:37:00,ALXO,5.695000171661377,5.695000171661377,5.695000171661377,5.695000171661377,5.695000171661377,100.0
2024-07-03 09:37:00,AMED,96.66999816894531,96.66999816894531,96.73999786376953,96.66999816894531,96.69999694824219,2906.0
2024-07-03 09:37:00,AMGN,310.6600036621094,310.6600036621094,310.6600036621094,310.3399963378906,310.3399963378906,2087.0
2024-07-03 09:37:00,AMLX,1.715000033378601,1.715000033378601,1.715000033378601,1.7100000381469727,1.7100000381469727,4728.0
2024-07-03 09:37:00,AMPH,37.790000915527344,37.790000915527344,37.88999938964844,37.790000915527344,37.88999938964844,391.0
2024-07-03 09:37:00,AMRN,0.7099000215530396,0.7099000215530396,0.7099000215530396,0.7099000215530396,0.7099000215530396,110.0
2024-07-03 09:37:00,ANGO,5.659999847412109,5.659999847412109,5.659999847412109,5.659999847412109,5.659999847412109,593.0
2024-07-03 09:37:00,ANNX,4.690000057220459,4.690000057220459,4.690000057220459,4.675000190734863,4.679999828338623,4829.0
2024-07-03 09:37:00,ANTX,2.359999895095825,2.359999895095825,2.380000114440918,2.3301000595092773,2.3301000595092773,4103.0
2024-07-03 09:37:00,APDN,0.4699000120162964,0.4699000120162964,0.4699000120162964,0.4699000120162964,0.4699000120162964,0.0
2024-07-03 09:37:00,APLS,35.685001373291016,35.685001373291016,35.685001373291016,35.685001373291016,35.685001373291016,516.0
2024-07-03 09:37:00,APLT,4.380000114440918,4.380000114440918,4.380000114440918,4.369999885559082,4.369999885559082,15034.0
2024-07-03 09:37:00,AQST,2.369999885559082,2.369999885559082,2.375,2.369999885559082,2.375,3245.0
2024-07-03 09:37:00,ARCT,21.420000076293945,21.420000076293945,21.420000076293945,21.420000076293945,21.420000076293945,465.0
2024-07-03 09:37:00,ARDX,5.264999866485596,5.264999866485596,5.320000171661377,5.260000228881836,5.260000228881836,45735.0
2024-07-03 09:37:00,ARGX,436.989990234375,436.989990234375,436.989990234375,436.989990234375,436.989990234375,660.0
2024-07-03 09:37:00,ARQT,9.481300354003906,9.481300354003906,9.481300354003906,9.4399995803833,9.4399995803833,1652.0
2024-07-03 09:37:00,ARVN,24.709999084472656,24.709999084472656,24.709999084472656,24.545000076293945,24.545000076293945,1046.0
2024-07-03 09:37:00,ARWR,25.399999618530273,25.399999618530273,25.495800018310547,25.399999618530273,25.495800018310547,507.0
2024-07-03 09:37:00,ASLN,2.3399999141693115,2.3399999141693115,2.3399999141693115,2.3399999141693115,2.3399999141693115,162.0
2024-07-03 09:37:00,ASRT,1.2698999643325806,1.2698999643325806,1.2698999643325806,1.2599999904632568,1.2599999904632568,6768.0
2024-07-03 09:37:00,ATAI,1.3049999475479126,1.3049999475479126,1.3049999475479126,1.3049999475479126,1.3049999475479126,340.0
2024-07-03 09:37:00,ATEC,10.010000228881836,10.010000228881836,10.010000228881836,9.979999542236328,9.979999542236328,2599.0
2024-07-03 09:37:00,ATHA,2.492000102996826,2.492000102996826,2.492000102996826,2.492000102996826,2.492000102996826,0.0
2024-07-03 09:37:00,ATOS,1.1398999691009521,1.1398999691009521,1.1398999691009521,1.1339999437332153,1.1339999437332153,1501.0
2024-07-03 09:37:00,ATRA,7.690000057220459,7.690000057220459,7.690000057220459,7.690000057220459,7.690000057220459,0.0
2024-07-03 09:37:00,AUPH,5.46999979019165,5.46999979019165,5.46999979019165,5.46999979019165,5.46999979019165,511.0
2024-07-03 09:37:00,AVTE,1.6399999856948853,1.6399999856948853,1.6399999856948853,1.6399999856948853,1.6399999856948853,1116.0
2024-07-03 09:37:00,AVXL,4.170000076293945,4.170000076293945,4.17140007019043,4.170000076293945,4.170000076293945,1772.0
2024-07-03 09:37:00,AXNX,67.22000122070312,67.22000122070312,67.22000122070312,67.22000122070312,67.22000122070312,494.0
2024-07-03 09:37:00,AYTU,2.8550000190734863,2.8550000190734863,2.8550000190734863,2.8550000190734863,2.8550000190734863,0.0
2024-07-03 09:37:00,AZN,76.77999877929688,76.77999877929688,76.81999969482422,76.76000213623047,76.76000213623047,8137.0
2024-07-03 09:37:00,BBIO,24.729999542236328,24.729999542236328,24.829999923706055,24.729999542236328,24.780000686645508,2338.0
2024-07-03 09:37:00,BCRX,6.550000190734863,6.550000190734863,6.559999942779541,6.550000190734863,6.550000190734863,5178.0
2024-07-03 09:37:00,BDTX,4.230000019073486,4.230000019073486,4.230000019073486,4.210000038146973,4.210000038146973,1045.0
2024-07-03 09:37:00,BEAM,22.89699935913086,22.89699935913086,22.899999618530273,22.889999389648438,22.899999618530273,2621.0
2024-07-03 09:37:00,BEAT,2.9649999141693115,2.9649999141693115,3.0,2.9100000858306885,2.9649999141693115,1608.0
2024-07-03 09:37:00,BFRI,0.8889999985694885,0.8889999985694885,0.8889999985694885,0.8889999985694885,0.8889999985694885,899.0
2024-07-03 09:37:00,BIIB,227.47500610351562,227.47500610351562,227.50999450683594,226.66000366210938,227.39999389648438,1752.0
2024-07-03 09:37:00,BIVI,0.41190001368522644,0.41190001368522644,0.41190001368522644,0.41190001368522644,0.41190001368522644,271.0
2024-07-03 09:37:00,BJDX,0.6309999823570251,0.6309999823570251,0.6349999904632568,0.6309999823570251,0.6349999904632568,8478.0
2024-07-03 09:37:00,BLRX,0.5372999906539917,0.5372999906539917,0.5425000190734863,0.5372999906539917,0.5425000190734863,13146.0
2024-07-03 09:37:00,BLUE,0.914900004863739,0.914900004863739,0.9169999957084656,0.9111999869346619,0.9111999869346619,4677.0
2024-07-03 09:37:00,BMRN,82.16999816894531,82.16999816894531,82.16999816894531,82.16999816894531,82.16999816894531,1762.0
2024-07-03 09:37:00,BNGO,0.5824999809265137,0.5824999809265137,0.5824999809265137,0.5824999809265137,0.5824999809265137,1030.0
2024-07-03 09:37:00,BNTX,80.54000091552734,80.54000091552734,80.54499816894531,80.41500091552734,80.41500091552734,1005.0
2024-07-03 09:37:00,BRKR,62.06999969482422,62.06999969482422,62.06999969482422,62.040000915527344,62.04499816894531,1994.0
2024-07-03 09:37:00,BTCY,0.7599999904632568,0.7599999904632568,0.7599999904632568,0.7599999904632568,0.7599999904632568,417.0
2024-07-03 09:37:00,BTMD,7.559999942779541,7.559999942779541,7.559999942779541,7.559999942779541,7.559999942779541,594.0
2024-07-03 09:37:00,BVS,5.860000133514404,5.860000133514404,5.880000114440918,5.860000133514404,5.864999771118164,4702.0
2024-07-03 09:37:00,CABA,7.260000228881836,7.260000228881836,7.28000020980835,7.260000228881836,7.264999866485596,501.0
2024-07-03 09:37:00,CADL,6.289999961853027,6.289999961853027,6.289999961853027,6.230000019073486,6.230000019073486,2083.0
2024-07-03 09:37:00,CAPR,4.650000095367432,4.650000095367432,4.650000095367432,4.650000095367432,4.650000095367432,686.0
2024-07-03 09:37:00,CCCC,4.630000114440918,4.630000114440918,4.630000114440918,4.599999904632568,4.619999885559082,4284.0
2024-07-03 09:37:00,CCRN,13.72760009765625,13.72760009765625,13.75,13.72760009765625,13.75,700.0
2024-07-03 09:37:00,CDMO,6.699999809265137,6.699999809265137,6.699999809265137,6.695000171661377,6.699999809265137,10412.0
2024-07-03 09:37:00,CDNA,15.180000305175781,15.180000305175781,15.220000267028809,14.975000381469727,14.975000381469727,4355.0
2024-07-03 09:37:00,CERE,41.279998779296875,41.279998779296875,41.279998779296875,41.2400016784668,41.25,7479.0
2024-07-03 09:37:00,CERS,1.7094000577926636,1.7094000577926636,1.7094000577926636,1.7094000577926636,1.7094000577926636,813.0
2024-07-03 09:37:00,CERT,13.649999618530273,13.649999618530273,13.649999618530273,13.630000114440918,13.649999618530273,2721.0
2024-07-03 09:37:00,CGC,6.434999942779541,6.434999942779541,6.449999809265137,6.409999847412109,6.409999847412109,28990.0
2024-07-03 09:37:00,CGEM,16.459999084472656,16.459999084472656,16.459999084472656,16.459999084472656,16.459999084472656,519.0
2024-07-03 09:37:00,CGEN,1.690000057220459,1.690000057220459,1.6950000524520874,1.690000057220459,1.6950000524520874,46.0
2024-07-03 09:37:00,CGTX,1.8200000524520874,1.8200000524520874,1.8200000524520874,1.8200000524520874,1.8200000524520874,0.0
2024-07-03 09:37:00,CHRS,1.3550000190734863,1.3550000190734863,1.3600000143051147,1.350000023841858,1.3587000370025635,29290.0
2024-07-03 09:37:00,CKPT,2.125,2.125,2.125,2.125,2.125,3128.0
2024-07-03 09:37:00,CLNN,0.3337000012397766,0.3337000012397766,0.3337000012397766,0.3337000012397766,0.3337000012397766,3331.0
2024-07-03 09:37:00,CLOV,1.25,1.25,1.2549999952316284,1.23989999294281,1.23989999294281,57757.0
2024-07-03 09:37:00,CMPS,6.03000020980835,6.03000020980835,6.03000020980835,6.03000020980835,6.03000020980835,794.0
2024-07-03 09:37:00,CMPX,0.8939999938011169,0.8939999938011169,0.8939999938011169,0.8939999938011169,0.8939999938011169,1055.0
2024-07-03 09:37:00,CNSP,2.3192999362945557,2.3192999362945557,2.5399999618530273,2.315000057220459,2.4997000694274902,501469.0
2024-07-03 09:37:00,COSM,1.024999976158142,1.024999976158142,1.0379999876022339,1.0199999809265137,1.0379999876022339,4811.0
2024-07-03 09:37:00,CPRX,15.835000038146973,15.835000038146973,15.835000038146973,15.835000038146973,15.835000038146973,273.0
2024-07-03 09:37:00,CRBP,48.7599983215332,48.7599983215332,48.7599983215332,48.7599983215332,48.7599983215332,733.0
2024-07-03 09:37:00,CRBU,1.5800000429153442,1.5800000429153442,1.5850000381469727,1.5800000429153442,1.5850000381469727,464.0
2024-07-03 09:37:00,CRDF,2.138000011444092,2.138000011444092,2.138000011444092,2.119999885559082,2.119999885559082,1369.0
2024-07-03 09:37:00,CRDL,1.9499000310897827,1.9499000310897827,1.9499000310897827,1.920300006866455,1.920300006866455,4464.0
2024-07-03 09:37:00,CRMD,4.130000114440918,4.130000114440918,4.130000114440918,4.130000114440918,4.130000114440918,768.0
2024-07-03 09:37:00,CRON,2.2899999618530273,2.2899999618530273,2.2899999618530273,2.2899999618530273,2.2899999618530273,202.0
2024-07-03 09:37:00,CRSP,53.56100082397461,53.56100082397461,53.68000030517578,53.540000915527344,53.560001373291016,2732.0
2024-07-03 09:37:00,CRVS,1.8049999475479126,1.8049999475479126,1.8049999475479126,1.8049999475479126,1.8049999475479126,1000.0
2024-07-03 09:37:00,CTXR,0.5200999975204468,0.5200999975204468,0.5200999975204468,0.5200999975204468,0.5200999975204468,709.0
2024-07-03 09:37:00,CUTR,1.3600000143051147,1.3600000143051147,1.3600000143051147,1.3600000143051147,1.3600000143051147,1340.0
2024-07-03 09:37:00,CVAC,3.6649999618530273,3.6649999618530273,3.7300000190734863,3.6649999618530273,3.680000066757202,23862.0
2024-07-03 09:37:00,DAWN,13.3149995803833,13.3149995803833,13.354999542236328,13.289999961853027,13.329999923706055,2110.0
2024-07-03 09:37:00,DCGO,2.950000047683716,2.950000047683716,2.950000047683716,2.950000047683716,2.950000047683716,1976.0
2024-07-03 09:37:00,DCTH,7.900000095367432,7.900000095367432,7.920000076293945,7.900000095367432,7.909999847412109,2301.0
2024-07-03 09:37:00,DERM,5.320000171661377,5.320000171661377,5.320000171661377,5.320000171661377,5.320000171661377,705.0
2024-07-03 09:37:00,DNLI,22.09000015258789,22.09000015258789,22.09000015258789,21.94499969482422,21.94499969482422,1656.0
2024-07-03 09:37:00,DTIL,9.510000228881836,9.510000228881836,9.510000228881836,9.510000228881836,9.510000228881836,224.0
2024-07-03 09:37:00,DVAX,11.119999885559082,11.119999885559082,11.119999885559082,11.100000381469727,11.100000381469727,1109.0
2024-07-03 09:37:00,DXCM,111.63999938964844,111.63999938964844,111.9800033569336,111.36000061035156,111.71499633789062,22335.0
2024-07-03 09:37:00,EDIT,4.619999885559082,4.619999885559082,4.619999885559082,4.59499979019165,4.59499979019165,8913.0
2024-07-03 09:37:00,ELEV,2.7421998977661133,2.7421998977661133,2.7421998977661133,2.7421998977661133,2.7421998977661133,203.0
2024-07-03 09:37:00,EMBC,11.914999961853027,11.914999961853027,11.914999961853027,11.914999961853027,11.914999961853027,922.0
2024-07-03 09:37:00,ENSG,127.75,127.75,127.98999786376953,127.66500091552734,127.98999786376953,5697.0
2024-07-03 09:37:00,EOLS,10.789999961853027,10.789999961853027,10.789999961853027,10.789999961853027,10.789999961853027,500.0
2024-07-03 09:37:00,ERAS,2.2899999618530273,2.2899999618530273,2.2899999618530273,2.2899999618530273,2.2899999618530273,400.0
2024-07-03 09:37:00,ESPR,2.384999990463257,2.384999990463257,2.384999990463257,2.3701000213623047,2.3701000213623047,12632.0
2024-07-03 09:37:00,EWTX,17.8799991607666,17.8799991607666,17.8799991607666,17.8799991607666,17.8799991607666,177.0
2024-07-03 09:37:00,EXAI,5.159999847412109,5.159999847412109,5.188000202178955,5.159999847412109,5.188000202178955,717.0
2024-07-03 09:37:00,EXAS,43.439998626708984,43.439998626708984,43.45000076293945,43.279998779296875,43.279998779296875,2806.0
2024-07-03 09:37:00,EXEL,22.123699188232422,22.123699188232422,22.123699188232422,22.123699188232422,22.123699188232422,271.0
2024-07-03 09:37:00,EYPT,8.079999923706055,8.079999923706055,8.079999923706055,8.079999923706055,8.079999923706055,116.0
2024-07-03 09:37:00,FATE,3.2100000381469727,3.2100000381469727,3.2200000286102295,3.2100000381469727,3.2100000381469727,1226.0
2024-07-03 09:37:00,FGEN,0.7391999959945679,0.7391999959945679,0.7391999959945679,0.7391999959945679,0.7391999959945679,2204.0
2024-07-03 09:37:00,FLGC,0.9399999976158142,0.9399999976158142,0.9399999976158142,0.9399999976158142,0.9399999976158142,1100.0
2024-07-03 09:37:00,FOLD,9.899999618530273,9.899999618530273,9.899999618530273,9.899999618530273,9.899999618530273,1710.0
2024-07-03 09:37:00,FULC,6.070000171661377,6.070000171661377,6.090000152587891,6.070000171661377,6.090000152587891,300.0
2024-07-03 09:37:00,GBIO,2.380000114440918,2.380000114440918,2.380000114440918,2.380000114440918,2.380000114440918,64.0
2024-07-03 09:37:00,GDRX,7.769999980926514,7.769999980926514,7.769999980926514,7.765500068664551,7.765500068664551,579.0
2024-07-03 09:37:00,GERN,4.269999980926514,4.269999980926514,4.269999980926514,4.269999980926514,4.269999980926514,12000.0
2024-07-03 09:37:00,GH,28.56439971923828,28.56439971923828,28.56439971923828,28.56439971923828,28.56439971923828,377.0
2024-07-03 09:37:00,GILD,68.0999984741211,68.0999984741211,68.11000061035156,68.02999877929688,68.08999633789062,6800.0
2024-07-03 09:37:00,GLPG,25.450000762939453,25.450000762939453,25.450000762939453,25.450000762939453,25.450000762939453,304.0
2024-07-03 09:37:00,GMAB,25.15999984741211,25.15999984741211,25.15999984741211,25.15999984741211,25.15999984741211,162.0
2024-07-03 09:37:00,GOSS,0.9399999976158142,0.9399999976158142,0.9496999979019165,0.9399999976158142,0.9496999979019165,31359.0
2024-07-03 09:37:00,GOVX,3.1600000858306885,3.1600000858306885,3.1600000858306885,3.1600000858306885,3.1600000858306885,818.0
2024-07-03 09:37:00,GRFS,6.605000019073486,6.605000019073486,6.610000133514404,6.590000152587891,6.590000152587891,11190.0
2024-07-03 09:37:00,GRTS,0.5701000094413757,0.5701000094413757,0.5701000094413757,0.5699999928474426,0.5701000094413757,1493.0
2024-07-03 09:37:00,GTHX,2.450000047683716,2.450000047683716,2.450000047683716,2.450000047683716,2.450000047683716,1382.0
2024-07-03 09:37:00,HALO,51.21500015258789,51.21500015258789,51.21500015258789,51.119998931884766,51.165000915527344,1066.0
2024-07-03 09:37:00,HCAT,6.059999942779541,6.059999942779541,6.070000171661377,6.050000190734863,6.050000190734863,1894.0
2024-07-03 09:37:00,HCM,17.579999923706055,17.579999923706055,17.579999923706055,17.579999923706055,17.579999923706055,415.0
2024-07-03 09:37:00,HITI,2.130000114440918,2.130000114440918,2.130000114440918,2.1205999851226807,2.1205999851226807,802.0
2024-07-03 09:37:00,HOLX,72.95999908447266,72.95999908447266,73.0,72.87999725341797,72.94999694824219,5939.0
2024-07-03 09:37:00,HOOK,0.5799000263214111,0.5799000263214111,0.5799000263214111,0.5799000263214111,0.5799000263214111,148.0
2024-07-03 09:37:00,HOWL,2.109999895095825,2.109999895095825,2.109999895095825,2.109999895095825,2.109999895095825,369.0
2024-07-03 09:37:00,HQY,84.4800033569336,84.4800033569336,84.4800033569336,84.4800033569336,84.4800033569336,421.0
2024-07-03 09:37:00,HROW,21.350000381469727,21.350000381469727,21.350000381469727,21.350000381469727,21.350000381469727,491.0
2024-07-03 09:37:00,HRTX,2.799999952316284,2.799999952316284,2.819999933242798,2.79010009765625,2.799999952316284,17369.0
2024-07-03 09:37:00,HSIC,65.08999633789062,65.08999633789062,65.08999633789062,65.08999633789062,65.08999633789062,829.0
2024-07-03 09:37:00,HUGE,0.15530000627040863,0.15530000627040863,0.1598999947309494,0.15520000457763672,0.1598999947309494,13977.0
2024-07-03 09:37:00,HUMA,5.269999980926514,5.269999980926514,5.275000095367432,5.230100154876709,5.275000095367432,8200.0
2024-07-03 09:37:00,IART,29.020000457763672,29.020000457763672,29.030000686645508,29.020000457763672,29.030000686645508,633.0
2024-07-03 09:37:00,IBRX,6.215000152587891,6.215000152587891,6.21999979019165,6.210100173950195,6.21999979019165,841.0
2024-07-03 09:37:00,ICLR,319.2699890136719,319.2699890136719,319.2699890136719,319.2699890136719,319.2699890136719,1768.0
2024-07-03 09:37:00,IDYA,33.470001220703125,33.470001220703125,33.470001220703125,33.46500015258789,33.46500015258789,226.0
2024-07-03 09:37:00,IINN,1.3882999420166016,1.3882999420166016,1.3882999420166016,1.3882999420166016,1.3882999420166016,501.0
2024-07-03 09:37:00,IKT,1.2100000381469727,1.2100000381469727,1.2100000381469727,1.2100000381469727,1.2100000381469727,2000.0
2024-07-03 09:37:00,ILMN,105.11000061035156,105.11000061035156,105.11000061035156,105.11000061035156,105.11000061035156,4601.0
2024-07-03 09:37:00,IMCC,0.4311999976634979,0.4311999976634979,0.4311999976634979,0.4311999976634979,0.4311999976634979,1020.0
2024-07-03 09:37:00,IMMP,1.9292999505996704,1.9292999505996704,1.9299999475479126,1.9292999505996704,1.9299999475479126,538.0
2024-07-03 09:37:00,IMMX,2.1600000858306885,2.1600000858306885,2.200000047683716,2.134999990463257,2.134999990463257,7074.0
2024-07-03 09:37:00,IMNM,11.880000114440918,11.880000114440918,11.880000114440918,11.869999885559082,11.869999885559082,500.0
2024-07-03 09:37:00,IMRX,1.100100040435791,1.100100040435791,1.100100040435791,1.100100040435791,1.100100040435791,2000.0
2024-07-03 09:37:00,IMVT,26.415000915527344,26.415000915527344,26.415000915527344,26.415000915527344,26.415000915527344,836.0
2024-07-03 09:37:00,INBX,13.649999618530273,13.649999618530273,13.649999618530273,13.649999618530273,13.649999618530273,492.0
2024-07-03 09:37:00,INCY,58.79999923706055,58.79999923706055,58.900001525878906,58.790000915527344,58.844398498535156,5006.0
2024-07-03 09:37:00,INMB,8.09000015258789,8.09000015258789,8.100000381469727,8.09000015258789,8.100000381469727,601.0
2024-07-03 09:37:00,INMD,17.84000015258789,17.84000015258789,17.84000015258789,17.780000686645508,17.780000686645508,6114.0
2024-07-03 09:37:00,INSM,63.95500183105469,63.95500183105469,64.11000061035156,63.95000076293945,63.974998474121094,3627.0
2024-07-03 09:37:00,INVA,16.514999389648438,16.514999389648438,16.514999389648438,16.514999389648438,16.514999389648438,0.0
2024-07-03 09:37:00,IONS,44.95000076293945,44.95000076293945,44.95000076293945,44.95000076293945,44.95000076293945,1123.0
2024-07-03 09:37:00,IOVA,7.800000190734863,7.800000190734863,7.824999809265137,7.793499946594238,7.800000190734863,11602.0
2024-07-03 09:37:00,IRWD,6.199999809265137,6.199999809265137,6.199999809265137,6.199999809265137,6.199999809265137,637.0
2024-07-03 09:37:00,ISRG,436.55999755859375,436.55999755859375,436.55999755859375,436.55999755859375,436.55999755859375,703.0
2024-07-03 09:37:00,ITCI,67.95999908447266,67.95999908447266,68.15499877929688,67.95999908447266,67.9800033569336,3621.0
2024-07-03 09:37:00,ITOS,14.569999694824219,14.569999694824219,14.600000381469727,14.5600004196167,14.59000015258789,5087.0
2024-07-03 09:37:00,IXHL,2.884999990463257,2.884999990463257,2.884999990463257,2.884999990463257,2.884999990463257,178.0
2024-07-03 09:37:00,JAGX,3.4200000762939453,3.4200000762939453,3.4200000762939453,3.4200000762939453,3.4200000762939453,804.0
2024-07-03 09:37:00,JANX,38.56999969482422,38.56999969482422,38.56999969482422,38.56999969482422,38.56999969482422,567.0
2024-07-03 09:37:00,KIDS,29.31999969482422,29.31999969482422,29.31999969482422,29.31999969482422,29.31999969482422,1693.0
2024-07-03 09:37:00,KNSA,18.579999923706055,18.579999923706055,18.6200008392334,18.579999923706055,18.6200008392334,2817.0
2024-07-03 09:37:00,KOD,2.2200000286102295,2.2200000286102295,2.2200000286102295,2.200000047683716,2.200000047683716,420.0
2024-07-03 09:37:00,KPTI,0.8299999833106995,0.8299999833106995,0.8370000123977661,0.8299999833106995,0.8370000123977661,337.0
2024-07-03 09:37:00,KRMD,2.2799999713897705,2.2799999713897705,2.2799999713897705,2.2799999713897705,2.2799999713897705,9.0
2024-07-03 09:37:00,KTRA,0.26499998569488525,0.26499998569488525,0.26499998569488525,0.26499998569488525,0.26499998569488525,1253.0
2024-07-03 09:37:00,LAB,1.784999966621399,1.784999966621399,1.784999966621399,1.784999966621399,1.784999966621399,2134.0
2024-07-03 09:37:00,LEGN,45.020599365234375,45.020599365234375,45.020599365234375,45.0099983215332,45.0099983215332,2374.0
2024-07-03 09:37:00,LGVN,1.6403000354766846,1.6403000354766846,1.6403000354766846,1.6402000188827515,1.6402000188827515,0.0
2024-07-03 09:37:00,LNTH,78.47989654541016,78.47989654541016,78.47989654541016,78.47989654541016,78.47989654541016,974.0
2024-07-03 09:37:00,LQDA,11.845000267028809,11.845000267028809,11.845000267028809,11.819999694824219,11.819999694824219,1835.0
2024-07-03 09:37:00,LUCY,0.4771000146865845,0.4771000146865845,0.48190000653266907,0.4754999876022339,0.4763000011444092,21693.0
2024-07-03 09:37:00,LXRX,1.6150000095367432,1.6150000095367432,1.6150000095367432,1.6050000190734863,1.6050000190734863,14724.0
2024-07-03 09:37:00,LYEL,1.4500000476837158,1.4500000476837158,1.4500000476837158,1.4500000476837158,1.4500000476837158,997.0
2024-07-03 09:37:00,LYRA,0.2766000032424927,0.2766000032424927,0.2766000032424927,0.2750000059604645,0.2750000059604645,8702.0
2024-07-03 09:37:00,MASS,4.710000038146973,4.710000038146973,4.710000038146973,4.710000038146973,4.710000038146973,200.0
2024-07-03 09:37:00,MBIO,0.5390999913215637,0.5390999913215637,0.5430999994277954,0.5357999801635742,0.5357999801635742,6810.0
2024-07-03 09:37:00,MBOT,1.0399999618530273,1.0399999618530273,1.0399999618530273,1.0299999713897705,1.034999966621399,3554.0
2024-07-03 09:37:00,MCRB,0.7099000215530396,0.7099000215530396,0.7099000215530396,0.7016000151634216,0.7016000151634216,1338.0
2024-07-03 09:37:00,MDGL,271.122802734375,271.122802734375,271.122802734375,271.122802734375,271.122802734375,726.0
2024-07-03 09:37:00,MDXG,6.75,6.75,6.769999980926514,6.744999885559082,6.75,3284.0
2024-07-03 09:37:00,ME,0.3840000033378601,0.3840000033378601,0.39239999651908875,0.3840000033378601,0.39239999651908875,8923.0
2024-07-03 09:37:00,MGNX,4.199999809265137,4.199999809265137,4.199999809265137,4.190000057220459,4.199999809265137,1300.0
2024-07-03 09:37:00,MIST,1.3200000524520874,1.3200000524520874,1.3200000524520874,1.3100999593734741,1.3200000524520874,1500.0
2024-07-03 09:37:00,MNKD,5.025000095367432,5.025000095367432,5.045000076293945,5.0,5.0,12981.0
2024-07-03 09:37:00,MNMD,7.039999961853027,7.039999961853027,7.039999961853027,7.039999961853027,7.039999961853027,415.0
2024-07-03 09:37:00,MODV,28.165000915527344,28.165000915527344,28.299999237060547,28.165000915527344,28.299999237060547,3492.0
2024-07-03 09:37:00,MREO,3.450000047683716,3.450000047683716,3.4600000381469727,3.450000047683716,3.4600000381469727,785.0
2024-07-03 09:37:00,MRNA,118.05000305175781,118.05000305175781,118.61000061035156,117.7300033569336,117.9800033569336,19133.0
2024-07-03 09:37:00,MRNS,1.2000000476837158,1.2000000476837158,1.2000000476837158,1.2000000476837158,1.2000000476837158,150.0
2024-07-03 09:37:00,MRSN,1.8700000047683716,1.8700000047683716,1.8700000047683716,1.8600000143051147,1.8600000143051147,1099.0
2024-07-03 09:37:00,MRVI,6.8480000495910645,6.8480000495910645,6.849999904632568,6.83050012588501,6.840000152587891,7275.0
2024-07-03 09:37:00,MXCT,3.6700000762939453,3.6700000762939453,3.6700000762939453,3.6700000762939453,3.6700000762939453,943.0
2024-07-03 09:37:00,MYGN,25.040000915527344,25.040000915527344,25.040000915527344,25.010000228881836,25.010000228881836,1126.0
2024-07-03 09:37:00,MYNZ,0.3398999869823456,0.3398999869823456,0.3398999869823456,0.33970001339912415,0.33970001339912415,6884.0
2024-07-03 09:37:00,NARI,49.5099983215332,49.5099983215332,49.5099983215332,49.43000030517578,49.43000030517578,1411.0
2024-07-03 09:37:00,NDRA,0.08550000190734863,0.08550000190734863,0.08810000121593475,0.08550000190734863,0.08810000121593475,20278.0
2024-07-03 09:37:00,NEOG,15.050000190734863,15.050000190734863,15.050000190734863,15.029999732971191,15.029999732971191,884.0
2024-07-03 09:37:00,NKTR,1.2110999822616577,1.2110999822616577,1.215000033378601,1.2110999822616577,1.215000033378601,203.0
2024-07-03 09:37:00,NLSP,0.20730000734329224,0.20730000734329224,0.20730000734329224,0.20730000734329224,0.20730000734329224,1059.0
2024-07-03 09:37:00,NRIX,19.03499984741211,19.03499984741211,19.03499984741211,18.92889976501465,18.92889976501465,1912.0
2024-07-03 09:37:00,NRSN,1.3000999689102173,1.3000999689102173,1.340000033378601,1.3000999689102173,1.3300000429153442,3535.0
2024-07-03 09:37:00,NSPR,2.3949999809265137,2.3949999809265137,2.3949999809265137,2.3949999809265137,2.3949999809265137,478.0
2024-07-03 09:37:00,NTLA,22.329999923706055,22.329999923706055,22.399999618530273,22.329999923706055,22.360000610351562,3378.0
2024-07-03 09:37:00,NTRA,111.98999786376953,111.98999786376953,112.0,111.88999938964844,111.88999938964844,4477.0
2024-07-03 09:37:00,NUWE,4.275000095367432,4.275000095367432,4.275000095367432,4.275000095367432,4.275000095367432,865.0
2024-07-03 09:37:00,NVAX,12.902400016784668,12.902400016784668,12.9399995803833,12.899999618530273,12.9399995803833,7583.0
2024-07-03 09:37:00,NVCR,17.010000228881836,17.010000228881836,17.010000228881836,16.950000762939453,16.989999771118164,5496.0
2024-07-03 09:37:00,NVOS,0.7350000143051147,0.7350000143051147,0.7350000143051147,0.7350000143051147,0.7350000143051147,1000.0
2024-07-03 09:37:00,NXL,1.5199999809265137,1.5199999809265137,1.5199999809265137,1.5199999809265137,1.5199999809265137,593.0
2024-07-03 09:37:00,OCGN,1.5950000286102295,1.5950000286102295,1.5950000286102295,1.5950000286102295,1.5950000286102295,10514.0
2024-07-03 09:37:00,OCUL,6.75,6.75,6.769999980926514,6.75,6.769999980926514,2024.0
2024-07-03 09:37:00,OLK,25.844999313354492,25.844999313354492,25.844999313354492,25.84000015258789,25.84000015258789,345.0
2024-07-03 09:37:00,OLMA,10.460000038146973,10.460000038146973,10.479999542236328,10.444999694824219,10.470000267028809,848.0
2024-07-03 09:37:00,OMCL,26.43000030517578,26.43000030517578,26.43000030517578,26.1200008392334,26.1200008392334,3786.0
2024-07-03 09:37:00,OMGA,2.119999885559082,2.119999885559082,2.119999885559082,2.119999885559082,2.119999885559082,210.0
2024-07-03 09:38:00,AADI,1.3495999574661255,1.3495999574661255,1.3495999574661255,1.3495999574661255,1.3495999574661255,526.0
2024-07-03 09:38:00,ABCL,2.7504000663757324,2.7504000663757324,2.7504000663757324,2.7504000663757324,2.7504000663757324,213.0
2024-07-03 09:38:00,ABEO,4.289999961853027,4.289999961853027,4.289999961853027,4.269999980926514,4.269999980926514,700.0
2024-07-03 09:38:00,ABSI,3.234999895095825,3.234999895095825,3.2939999103546143,3.234999895095825,3.2799999713897705,11508.0
2024-07-03 09:38:00,ABVC,0.7400000095367432,0.7400000095367432,0.7400000095367432,0.7400000095367432,0.7400000095367432,2736.0
2024-07-03 09:38:00,ACAD,15.84000015258789,15.84000015258789,15.84000015258789,15.829999923706055,15.829999923706055,730.0
2024-07-03 09:38:00,ACB,4.619999885559082,4.619999885559082,4.619999885559082,4.610000133514404,4.614999771118164,869.0
2024-07-03 09:38:00,ACCD,3.5313000679016113,3.5313000679016113,3.549999952316284,3.5299999713897705,3.5397000312805176,21318.0
2024-07-03 09:38:00,ACET,1.100000023841858,1.100000023841858,1.1100000143051147,1.100000023841858,1.1007000207901,780.0
2024-07-03 09:38:00,ADAP,1.059999942779541,1.059999942779541,1.059999942779541,1.059999942779541,1.059999942779541,222.0
2024-07-03 09:38:00,ADMA,11.34000015258789,11.34000015258789,11.350000381469727,11.329999923706055,11.350000381469727,2655.0
2024-07-03 09:38:00,ADPT,3.3299999237060547,3.3299999237060547,3.3350000381469727,3.327899932861328,3.3299999237060547,2024.0
2024-07-03 09:38:00,AEMD,0.4180999994277954,0.4180999994277954,0.4180999994277954,0.4180999994277954,0.4180999994277954,291.0
2024-07-03 09:38:00,AHCO,9.800000190734863,9.800000190734863,9.829999923706055,9.800000190734863,9.829999923706055,542.0
2024-07-03 09:38:00,AKBA,0.9449999928474426,0.9449999928474426,0.949999988079071,0.9449999928474426,0.949999988079071,5690.0
2024-07-03 09:38:00,AKRO,22.0,22.0,22.010000228881836,21.961999893188477,22.010000228881836,545.0
2024-07-03 09:38:00,ALGN,238.53500366210938,238.53500366210938,238.8300018310547,238.3249969482422,238.77999877929688,2100.0
2024-07-03 09:38:00,ALHC,7.985000133514404,7.985000133514404,7.985000133514404,7.985000133514404,7.985000133514404,436.0
2024-07-03 09:38:00,ALKS,24.1200008392334,24.1200008392334,24.170000076293945,24.1200008392334,24.170000076293945,811.0
2024-07-03 09:38:00,ALLK,0.8587999939918518,0.8587999939918518,0.8587999939918518,0.8587999939918518,0.8587999939918518,200.0
2024-07-03 09:38:00,ALLO,2.1500000953674316,2.1500000953674316,2.1500000953674316,2.1500000953674316,2.1500000953674316,1123.0
2024-07-03 09:38:00,ALLR,0.20659999549388885,0.20659999549388885,0.20800000429153442,0.20659999549388885,0.20730000734329224,12655.0
2024-07-03 09:38:00,ALNY,246.43080139160156,246.43080139160156,246.86000061035156,246.43080139160156,246.86000061035156,1673.0
2024-07-03 09:38:00,ALT,6.699999809265137,6.699999809265137,6.729300022125244,6.679999828338623,6.724999904632568,14563.0
2024-07-03 09:38:00,ALVO,12.199999809265137,12.199999809265137,12.199999809265137,12.199999809265137,12.199999809265137,101.0
2024-07-03 09:38:00,ALXO,5.75,5.75,5.769999980926514,5.684999942779541,5.684999942779541,6611.0
2024-07-03 09:38:00,AMED,96.66999816894531,96.66999816894531,96.66999816894531,96.53500366210938,96.53500366210938,5665.0
2024-07-03 09:38:00,AMGN,309.79998779296875,309.79998779296875,310.32501220703125,309.79998779296875,310.0199890136719,1001.0
2024-07-03 09:38:00,AMPH,37.869998931884766,37.869998931884766,37.869998931884766,37.869998931884766,37.869998931884766,474.0
2024-07-03 09:38:00,AMRN,0.7099000215530396,0.7099000215530396,0.7099000215530396,0.7099000215530396,0.7099000215530396,300.0
2024-07-03 09:38:00,ANAB,24.360000610351562,24.360000610351562,24.3799991607666,24.34000015258789,24.34000015258789,731.0
2024-07-03 09:38:00,ANGO,5.659999847412109,5.659999847412109,5.659999847412109,5.659999847412109,5.659999847412109,792.0
2024-07-03 09:38:00,ANNX,4.675000190734863,4.675000190734863,4.690000057220459,4.670000076293945,4.690000057220459,4995.0
2024-07-03 09:38:00,ANTX,2.430000066757202,2.430000066757202,2.430000066757202,2.359999895095825,2.359999895095825,6872.0
2024-07-03 09:38:00,APDN,0.4657000005245209,0.4657000005245209,0.4699000120162964,0.46160000562667847,0.46160000562667847,15908.0
2024-07-03 09:38:00,APLS,35.689998626708984,35.689998626708984,35.689998626708984,35.689998626708984,35.689998626708984,500.0
2024-07-03 09:38:00,APLT,4.333399772644043,4.333399772644043,4.360000133514404,4.333399772644043,4.360000133514404,0.0
2024-07-03 09:38:00,APRE,3.7100000381469727,3.7100000381469727,3.7100000381469727,3.7100000381469727,3.7100000381469727,516.0
2024-07-03 09:38:00,AQST,2.380000114440918,2.380000114440918,2.380000114440918,2.375,2.375,600.0
2024-07-03 09:38:00,ARCT,21.360000610351562,21.360000610351562,21.360000610351562,21.360000610351562,21.360000610351562,874.0
2024-07-03 09:38:00,ARDX,5.25,5.25,5.300000190734863,5.230000019073486,5.269999980926514,37678.0
2024-07-03 09:38:00,ARQT,9.489999771118164,9.489999771118164,9.489999771118164,9.479999542236328,9.479999542236328,1153.0
2024-07-03 09:38:00,ARVN,24.709999084472656,24.709999084472656,24.709999084472656,24.709999084472656,24.709999084472656,216.0
2024-07-03 09:38:00,ARWR,25.25,25.25,25.273099899291992,25.25,25.273099899291992,389.0
2024-07-03 09:38:00,ASLN,2.260499954223633,2.260499954223633,2.319999933242798,2.25,2.2899999618530273,3495.0
2024-07-03 09:38:00,ASRT,1.277999997138977,1.277999997138977,1.2783000469207764,1.2680000066757202,1.2680000066757202,2935.0
2024-07-03 09:38:00,ATEC,10.010000228881836,10.010000228881836,10.010000228881836,10.010000228881836,10.010000228881836,1545.0
2024-07-03 09:38:00,ATOS,1.1299999952316284,1.1299999952316284,1.1349999904632568,1.1299999952316284,1.1349999904632568,1550.0
2024-07-03 09:38:00,ATRC,22.079999923706055,22.079999923706055,22.110000610351562,22.079999923706055,22.110000610351562,2382.0
2024-07-03 09:38:00,AUGX,1.0299999713897705,1.0299999713897705,1.0299999713897705,1.0,1.0,7992.0
2024-07-03 09:38:00,AUTL,3.4000000953674316,3.4000000953674316,3.4000000953674316,3.4000000953674316,3.4000000953674316,252.0
2024-07-03 09:38:00,AVDL,13.979999542236328,13.979999542236328,13.979999542236328,13.979999542236328,13.979999542236328,363.0
2024-07-03 09:38:00,AVIR,3.2300000190734863,3.2300000190734863,3.2300000190734863,3.2300000190734863,3.2300000190734863,1.0
2024-07-03 09:38:00,AVTE,1.6200000047683716,1.6200000047683716,1.6200000047683716,1.6200000047683716,1.6200000047683716,15198.0
2024-07-03 09:38:00,AVXL,4.170000076293945,4.170000076293945,4.170000076293945,4.170000076293945,4.170000076293945,525.0
2024-07-03 09:38:00,AWH,1.0399999618530273,1.0399999618530273,1.0499999523162842,1.0199999809265137,1.0199999809265137,11510.0
2024-07-03 09:38:00,AXNX,67.44000244140625,67.44000244140625,67.44000244140625,67.44000244140625,67.44000244140625,1967.0
2024-07-03 09:38:00,AXSM,79.23999786376953,79.23999786376953,79.23999786376953,78.95999908447266,78.9800033569336,3516.0
2024-07-03 09:38:00,AZN,76.7699966430664,76.7699966430664,76.81999969482422,76.76000213623047,76.77999877929688,8231.0
2024-07-03 09:38:00,BBIO,24.760000228881836,24.760000228881836,24.760000228881836,24.75,24.75,641.0
2024-07-03 09:38:00,BCRX,6.554999828338623,6.554999828338623,6.559999942779541,6.554999828338623,6.559999942779541,1350.0
2024-07-03 09:38:00,BCYC,19.68000030517578,19.68000030517578,19.68000030517578,19.68000030517578,19.68000030517578,200.0
2024-07-03 09:38:00,BDSX,1.5700000524520874,1.5700000524520874,1.5700000524520874,1.5700000524520874,1.5700000524520874,400.0
2024-07-03 09:38:00,BIAF,2.198499917984009,2.198499917984009,2.198499917984009,2.198499917984009,2.198499917984009,0.0
2024-07-03 09:38:00,BIIB,227.83999633789062,227.83999633789062,227.83999633789062,227.83999633789062,227.83999633789062,362.0
2024-07-03 09:38:00,BJDX,0.6226999759674072,0.6226999759674072,0.6299999952316284,0.6226999759674072,0.6299999952316284,5679.0
2024-07-03 09:38:00,BLRX,0.5375000238418579,0.5375000238418579,0.541100025177002,0.5372999906539917,0.541100025177002,5086.0
2024-07-03 09:38:00,BLUE,0.9276000261306763,0.9276000261306763,0.9298999905586243,0.914900004863739,0.9168999791145325,66359.0
2024-07-03 09:38:00,BMEA,4.355000019073486,4.355000019073486,4.355000019073486,4.349999904632568,4.349999904632568,2815.0
2024-07-03 09:38:00,BMRN,81.98500061035156,81.98500061035156,81.98500061035156,81.98500061035156,81.98500061035156,512.0
2024-07-03 09:38:00,BNGO,0.5874000191688538,0.5874000191688538,0.5889000296592712,0.5859000086784363,0.5889000296592712,2153.0
2024-07-03 09:38:00,BNTX,80.56999969482422,80.56999969482422,80.71029663085938,80.31009674072266,80.54000091552734,6178.0
2024-07-03 09:38:00,BPTH,1.840000033378601,1.840000033378601,1.840000033378601,1.840000033378601,1.840000033378601,2250.0
2024-07-03 09:38:00,BRKR,61.63999938964844,61.63999938964844,62.06999969482422,61.63999938964844,62.06999969482422,3230.0
2024-07-03 09:38:00,CABA,7.409999847412109,7.409999847412109,7.409999847412109,7.260000228881836,7.260000228881836,11023.0
2024-07-03 09:38:00,CCCC,4.650000095367432,4.650000095367432,4.650000095367432,4.644999980926514,4.644999980926514,1566.0
2024-07-03 09:38:00,CDMO,6.695000171661377,6.695000171661377,6.71999979019165,6.690800189971924,6.699999809265137,59661.0
2024-07-03 09:38:00,CDNA,15.109999656677246,15.109999656677246,15.199999809265137,15.0600004196167,15.180000305175781,3489.0
2024-07-03 09:38:00,CDTX,11.979999542236328,11.979999542236328,11.979999542236328,11.979999542236328,11.979999542236328,302.0
2024-07-03 09:38:00,CERE,41.27000045776367,41.27000045776367,41.27000045776367,41.220001220703125,41.22999954223633,6041.0
2024-07-03 09:38:00,CGC,6.440000057220459,6.440000057220459,6.45989990234375,6.429999828338623,6.438899993896484,29109.0
2024-07-03 09:38:00,CGEM,16.68000030517578,16.68000030517578,16.68000030517578,16.68000030517578,16.68000030517578,416.0
2024-07-03 09:38:00,CGEN,1.7000000476837158,1.7000000476837158,1.7000000476837158,1.6950000524520874,1.6950000524520874,2697.0
2024-07-03 09:38:00,CHRS,1.3589999675750732,1.3589999675750732,1.3600000143051147,1.350100040435791,1.3550000190734863,38412.0
2024-07-03 09:38:00,CING,0.3091999888420105,0.3091999888420105,0.3091999888420105,0.3091999888420105,0.3091999888420105,10612.0
2024-07-03 09:38:00,CLOV,1.2599999904632568,1.2599999904632568,1.2599999904632568,1.250100016593933,1.2533999681472778,4258.0
2024-07-03 09:38:00,CLRB,2.4200000762939453,2.4200000762939453,2.4200000762939453,2.4200000762939453,2.4200000762939453,1600.0
2024-07-03 09:38:00,CMPX,0.8799999952316284,0.8799999952316284,0.8799999952316284,0.8799999952316284,0.8799999952316284,3400.0
2024-07-03 09:38:00,CNSP,2.3399999141693115,2.3399999141693115,2.359999895095825,2.240000009536743,2.299999952316284,538497.0
2024-07-03 09:38:00,CNTG,0.4009999930858612,0.4009999930858612,0.41100001335144043,0.4009999930858612,0.41100001335144043,437.0
2024-07-03 09:38:00,CNTX,1.8240000009536743,1.8240000009536743,1.8240000009536743,1.8240000009536743,1.8240000009536743,440.0
2024-07-03 09:38:00,COGT,8.27750015258789,8.27750015258789,8.27750015258789,8.27750015258789,8.27750015258789,200.0
2024-07-03 09:38:00,COLL,32.150001525878906,32.150001525878906,32.150001525878906,32.150001525878906,32.150001525878906,104.0
2024-07-03 09:38:00,CORT,31.06999969482422,31.06999969482422,31.070100784301758,31.06999969482422,31.070100784301758,372.0
2024-07-03 09:38:00,COSM,1.0199999809265137,1.0199999809265137,1.0199999809265137,1.0199999809265137,1.0199999809265137,3013.0
2024-07-03 09:38:00,CPRX,15.819999694824219,15.819999694824219,15.819999694824219,15.819999694824219,15.819999694824219,665.0
2024-07-03 09:38:00,CRBU,1.5950000286102295,1.5950000286102295,1.600000023841858,1.5950000286102295,1.5950000286102295,6278.0
2024-07-03 09:38:00,CRDL,1.9199999570846558,1.9199999570846558,1.9199999570846558,1.9199999570846558,1.9199999570846558,408.0
2024-07-03 09:38:00,CRMD,4.130000114440918,4.130000114440918,4.130000114440918,4.130000114440918,4.130000114440918,687.0
2024-07-03 09:38:00,CRON,2.2850000858306885,2.2850000858306885,2.2850000858306885,2.2850000858306885,2.2850000858306885,679.0
2024-07-03 09:38:00,CRSP,53.47999954223633,53.47999954223633,53.56999969482422,53.47999954223633,53.56999969482422,1062.0
2024-07-03 09:38:00,CSBR,4.849999904632568,4.849999904632568,4.849999904632568,4.849999904632568,4.849999904632568,415.0
2024-07-03 09:38:00,CTXR,0.5284000039100647,0.5284000039100647,0.5284000039100647,0.5284000039100647,0.5284000039100647,10345.0
2024-07-03 09:38:00,CUE,1.065000057220459,1.065000057220459,1.065000057220459,1.065000057220459,1.065000057220459,250.0
2024-07-03 09:38:00,CUTR,1.3698999881744385,1.3698999881744385,1.3698999881744385,1.3600000143051147,1.3601000308990479,1827.0
2024-07-03 09:38:00,CVAC,3.6389999389648438,3.6389999389648438,3.691999912261963,3.609999895095825,3.691999912261963,59722.0
2024-07-03 09:38:00,DH,5.420000076293945,5.420000076293945,5.420000076293945,5.420000076293945,5.420000076293945,230.0
2024-07-03 09:38:00,DNLI,22.040000915527344,22.040000915527344,22.040000915527344,22.040000915527344,22.040000915527344,578.0
2024-07-03 09:38:00,DXCM,111.83799743652344,111.83799743652344,111.83799743652344,111.5199966430664,111.66000366210938,1344.0
2024-07-03 09:38:00,DYAI,1.5299999713897705,1.5299999713897705,1.5299999713897705,1.5299999713897705,1.5299999713897705,400.0
2024-07-03 09:38:00,EDIT,4.614999771118164,4.614999771118164,4.625,4.610000133514404,4.614999771118164,4298.0
2024-07-03 09:38:00,ENSG,127.37000274658203,127.37000274658203,127.54499816894531,127.30000305175781,127.54499816894531,3629.0
2024-07-03 09:38:00,EQ,0.699999988079071,0.699999988079071,0.699999988079071,0.6990000009536743,0.6990000009536743,828.0
2024-07-03 09:38:00,ESPR,2.384999990463257,2.384999990463257,2.389699935913086,2.3801000118255615,2.384999990463257,7950.0
2024-07-03 09:38:00,ESTA,42.70000076293945,42.70000076293945,42.790000915527344,42.63999938964844,42.63999938964844,703.0
2024-07-03 09:38:00,EWTX,17.8700008392334,17.8700008392334,17.90999984741211,17.8700008392334,17.8799991607666,338.0
2024-07-03 09:38:00,EXAS,43.400001525878906,43.400001525878906,43.43000030517578,43.400001525878906,43.43000030517578,933.0
2024-07-03 09:38:00,EXEL,22.135000228881836,22.135000228881836,22.135000228881836,22.135000228881836,22.135000228881836,313.0
2024-07-03 09:38:00,EYPT,8.069999694824219,8.069999694824219,8.069999694824219,8.069999694824219,8.069999694824219,200.0
2024-07-03 09:38:00,FATE,3.240000009536743,3.240000009536743,3.240000009536743,3.2100000381469727,3.2100000381469727,1861.0
2024-07-03 09:38:00,FGEN,0.722000002861023,0.722000002861023,0.7391999959945679,0.722000002861023,0.7391999959945679,2150.0
2024-07-03 09:38:00,FHTX,5.364999771118164,5.364999771118164,5.385000228881836,5.364999771118164,5.385000228881836,183.0
2024-07-03 09:38:00,FLGC,0.9704999923706055,0.9704999923706055,0.9704999923706055,0.9399999976158142,0.9399999976158142,524.0
2024-07-03 09:38:00,FULC,6.090000152587891,6.090000152587891,6.090000152587891,6.090000152587891,6.090000152587891,200.0
2024-07-03 09:38:00,GALT,2.25,2.25,2.2799999713897705,2.2100000381469727,2.2100000381469727,5534.0
2024-07-03 09:38:00,GANX,1.1950000524520874,1.1950000524520874,1.1950000524520874,1.1900999546051025,1.1900999546051025,780.0
2024-07-03 09:38:00,GCTK,1.7100000381469727,1.7100000381469727,1.7100000381469727,1.7100000381469727,1.7100000381469727,500.0
2024-07-03 09:38:00,GENE,1.399999976158142,1.399999976158142,1.399999976158142,1.399999976158142,1.399999976158142,2144.0
2024-07-03 09:38:00,GERN,4.275000095367432,4.275000095367432,4.275000095367432,4.269999980926514,4.275000095367432,1018.0
2024-07-03 09:38:00,GH,28.690000534057617,28.690000534057617,28.690000534057617,28.690000534057617,28.690000534057617,1561.0
2024-07-03 09:38:00,GILD,68.02999877929688,68.02999877929688,68.13999938964844,68.02999877929688,68.0999984741211,5499.0
2024-07-03 09:38:00,GLTO,0.4699000120162964,0.4699000120162964,0.4700999855995178,0.46549999713897705,0.4700999855995178,6400.0
2024-07-03 09:38:00,GLUE,3.6600000858306885,3.6600000858306885,3.6600000858306885,3.6600000858306885,3.6600000858306885,747.0
2024-07-03 09:38:00,GLYC,0.2685000002384186,0.2685000002384186,0.2685000002384186,0.26750001311302185,0.26750001311302185,3000.0
2024-07-03 09:38:00,GMAB,25.149999618530273,25.149999618530273,25.149999618530273,25.149999618530273,25.149999618530273,371.0
2024-07-03 09:38:00,GOSS,0.9448999762535095,0.9448999762535095,0.9448999762535095,0.9365000128746033,0.9365000128746033,1539.0
2024-07-03 09:38:00,GOVX,3.1949000358581543,3.1949000358581543,3.2300000190734863,3.1949000358581543,3.200000047683716,6498.0
2024-07-03 09:38:00,GRFS,6.610000133514404,6.610000133514404,6.610000133514404,6.59499979019165,6.605000019073486,6752.0
2024-07-03 09:38:00,GRTS,0.5701000094413757,0.5701000094413757,0.5701000094413757,0.5701000094413757,0.5701000094413757,5779.0
2024-07-03 09:38:00,GTHX,2.4600000381469727,2.4600000381469727,2.4600000381469727,2.4549999237060547,2.4600000381469727,2828.0
2024-07-03 09:38:00,HALO,51.21500015258789,51.21500015258789,51.21500015258789,51.21500015258789,51.21500015258789,1000.0
2024-07-03 09:38:00,HBIO,2.7860000133514404,2.7860000133514404,2.7860000133514404,2.7860000133514404,2.7860000133514404,313.0
2024-07-03 09:38:00,HCSG,11.123600006103516,11.123600006103516,11.123600006103516,11.123600006103516,11.123600006103516,300.0
2024-07-03 09:38:00,HCTI,0.5099999904632568,0.5099999904632568,0.5099999904632568,0.5099999904632568,0.5099999904632568,0.0
2024-07-03 09:38:00,HITI,2.130000114440918,2.130000114440918,2.130000114440918,2.130000114440918,2.130000114440918,208.0
2024-07-03 09:38:00,HOLX,73.08999633789062,73.08999633789062,73.08999633789062,72.91500091552734,72.91500091552734,1862.0
2024-07-03 09:38:00,HOOK,0.572700023651123,0.572700023651123,0.572700023651123,0.572700023651123,0.572700023651123,1200.0
2024-07-03 09:38:00,HOWL,2.1013998985290527,2.1013998985290527,2.109999895095825,2.1013998985290527,2.109999895095825,1350.0
2024-07-03 09:38:00,HQY,84.5999984741211,84.5999984741211,84.76000213623047,84.5999984741211,84.62000274658203,1049.0
2024-07-03 09:38:00,HRMY,29.911100387573242,29.911100387573242,29.969999313354492,29.911100387573242,29.969999313354492,678.0
2024-07-03 09:38:00,HRTX,2.7799999713897705,2.7799999713897705,2.7899999618530273,2.7751998901367188,2.7899999618530273,28985.0
2024-07-03 09:38:00,HUGE,0.15970000624656677,0.15970000624656677,0.1599999964237213,0.1551000028848648,0.1551000028848648,19871.0
2024-07-03 09:38:00,HUMA,5.25,5.25,5.28000020980835,5.25,5.28000020980835,18058.0
2024-07-03 09:38:00,ICAD,1.2100000381469727,1.2100000381469727,1.2100000381469727,1.204200029373169,1.204200029373169,2069.0
2024-07-03 09:38:00,IDXX,477.2200012207031,477.2200012207031,478.56500244140625,477.2200012207031,477.3399963378906,4118.0
2024-07-03 09:38:00,IKT,1.2092000246047974,1.2092000246047974,1.2092000246047974,1.190000057220459,1.190000057220459,700.0
2024-07-03 09:38:00,ILMN,105.18000030517578,105.18000030517578,105.22000122070312,105.18000030517578,105.22000122070312,1167.0
2024-07-03 09:38:00,IMAB,1.600000023841858,1.600000023841858,1.6089999675750732,1.600000023841858,1.6089999675750732,721.0
2024-07-03 09:38:00,IMCC,0.4465999901294708,0.4465999901294708,0.4465999901294708,0.4465999901294708,0.4465999901294708,876.0
2024-07-03 09:38:00,IMMP,1.9299999475479126,1.9299999475479126,1.9299999475479126,1.9299999475479126,1.9299999475479126,1179.0
2024-07-03 09:38:00,IMMX,2.190000057220459,2.190000057220459,2.190000057220459,2.180000066757202,2.190000057220459,500.0
2024-07-03 09:38:00,IMNM,11.805000305175781,11.805000305175781,11.805000305175781,11.805000305175781,11.805000305175781,200.0
2024-07-03 09:38:00,IMRX,1.1330000162124634,1.1330000162124634,1.1330000162124634,1.1330000162124634,1.1330000162124634,0.0
2024-07-03 09:38:00,IMVT,26.5049991607666,26.5049991607666,26.520000457763672,26.5049991607666,26.520000457763672,260.0
2024-07-03 09:38:00,INCY,58.70000076293945,58.70000076293945,58.744998931884766,58.70000076293945,58.72999954223633,1723.0
2024-07-03 09:38:00,INMB,8.079999923706055,8.079999923706055,8.079999923706055,8.079999923706055,8.079999923706055,1100.0
2024-07-03 09:38:00,INMD,17.81999969482422,17.81999969482422,17.84000015258789,17.81999969482422,17.84000015258789,4037.0
2024-07-03 09:38:00,INSM,63.474998474121094,63.474998474121094,63.95500183105469,63.474998474121094,63.95500183105469,2488.0
2024-07-03 09:38:00,IOVA,7.820000171661377,7.820000171661377,7.820000171661377,7.800000190734863,7.809999942779541,4969.0
2024-07-03 09:38:00,ISRG,437.2900085449219,437.2900085449219,437.2900085449219,436.4949951171875,436.4949951171875,1114.0
2024-07-03 09:38:00,ITCI,68.20500183105469,68.20500183105469,68.20500183105469,68.04499816894531,68.04499816894531,3125.0
2024-07-03 09:38:00,ITOS,14.604999542236328,14.604999542236328,14.604999542236328,14.604999542236328,14.604999542236328,2567.0
2024-07-03 09:38:00,JAGX,3.450000047683716,3.450000047683716,3.450000047683716,3.4200000762939453,3.4200000762939453,1614.0
2024-07-03 09:38:00,JSPR,23.08180046081543,23.08180046081543,23.08180046081543,23.08180046081543,23.08180046081543,400.0
2024-07-03 09:38:00,KALA,6.619999885559082,6.619999885559082,6.619999885559082,6.619999885559082,6.619999885559082,634.0
2024-07-03 09:38:00,KTRA,0.26010000705718994,0.26010000705718994,0.26579999923706055,0.25999999046325684,0.26579999923706055,66553.0
2024-07-03 09:38:00,LBPH,30.950000762939453,30.950000762939453,30.950000762939453,30.950000762939453,30.950000762939453,444.0
2024-07-03 09:38:00,LEGN,44.9900016784668,44.9900016784668,45.01499938964844,44.875,44.88750076293945,743.0
2024-07-03 09:38:00,LFMD,6.650000095367432,6.650000095367432,6.650000095367432,6.650000095367432,6.650000095367432,204.0
2024-07-03 09:38:00,LFST,5.070000171661377,5.070000171661377,5.070000171661377,5.070000171661377,5.070000171661377,218.0
2024-07-03 09:38:00,LGVN,1.6100000143051147,1.6100000143051147,1.6449999809265137,1.6100000143051147,1.6449999809265137,11941.0
2024-07-03 09:38:00,LQDA,11.839699745178223,11.839699745178223,11.839699745178223,11.829999923706055,11.829999923706055,372.0
2024-07-03 09:38:00,LRMR,7.65500020980835,7.65500020980835,7.670000076293945,7.65500020980835,7.670000076293945,1246.0
2024-07-03 09:38:00,LTRN,4.420000076293945,4.420000076293945,4.420000076293945,4.420000076293945,4.420000076293945,498.0
2024-07-03 09:38:00,LUCY,0.48159998655319214,0.48159998655319214,0.48159998655319214,0.48159998655319214,0.48159998655319214,2000.0
2024-07-03 09:38:00,LXRX,1.6198999881744385,1.6198999881744385,1.6198999881744385,1.6117000579833984,1.6117000579833984,2283.0
2024-07-03 09:38:00,LYRA,0.2750000059604645,0.2750000059604645,0.27549999952316284,0.2750000059604645,0.27549999952316284,13667.0
2024-07-03 09:38:00,MASI,113.59500122070312,113.59500122070312,113.59500122070312,113.59500122070312,113.59500122070312,266.0
2024-07-03 09:38:00,MBIO,0.5221999883651733,0.5221999883651733,0.5375999808311462,0.5221999883651733,0.5354999899864197,156163.0
2024-07-03 09:38:00,MBOT,1.031000018119812,1.031000018119812,1.031000018119812,1.0299999713897705,1.0299999713897705,754.0
2024-07-03 09:38:00,MCRB,0.7056000232696533,0.7056000232696533,0.7077999711036682,0.7056000232696533,0.7077999711036682,4660.0
2024-07-03 09:38:00,MDGL,272.8699951171875,272.8699951171875,272.8699951171875,272.8699951171875,272.8699951171875,0.0
2024-07-03 09:38:00,ME,0.3944999873638153,0.3944999873638153,0.3944999873638153,0.38359999656677246,0.3889000117778778,7500.0
2024-07-03 09:38:00,MEDP,402.1650085449219,402.1650085449219,402.1650085449219,402.1650085449219,402.1650085449219,652.0
2024-07-03 09:38:00,MGNX,4.21999979019165,4.21999979019165,4.21999979019165,4.196300029754639,4.199999809265137,3919.0
2024-07-03 09:38:00,MIRM,34.51499938964844,34.51499938964844,34.51499938964844,34.51499938964844,34.51499938964844,200.0
2024-07-03 09:38:00,MIST,1.3200000524520874,1.3200000524520874,1.3200000524520874,1.3100999593734741,1.3100999593734741,1000.0
2024-07-03 09:38:00,MLTX,40.18000030517578,40.18000030517578,40.18000030517578,40.18000030517578,40.18000030517578,313.0
2024-07-03 09:38:00,MNKD,5.019999980926514,5.019999980926514,5.019999980926514,5.019999980926514,5.019999980926514,1065.0
2024-07-03 09:38:00,MNMD,7.040500164031982,7.040500164031982,7.065000057220459,7.040500164031982,7.065000057220459,1129.0
2024-07-03 09:38:00,MODV,28.2450008392334,28.2450008392334,28.299999237060547,27.764999389648438,28.15999984741211,3812.0
2024-07-03 09:38:00,MORF,31.219999313354492,31.219999313354492,31.219999313354492,31.219999313354492,31.219999313354492,243.0
2024-07-03 09:38:00,MREO,3.4600000381469727,3.4600000381469727,3.4600000381469727,3.4600000381469727,3.4600000381469727,113.0
2024-07-03 09:38:00,MRNA,118.37000274658203,118.37000274658203,118.59989929199219,118.1500015258789,118.21499633789062,4232.0
2024-07-03 09:38:00,MRSN,1.8700000047683716,1.8700000047683716,1.8700000047683716,1.8700000047683716,1.8700000047683716,572.0
2024-07-03 09:38:00,MRVI,6.823500156402588,6.823500156402588,6.848599910736084,6.823500156402588,6.848599910736084,1434.0
2024-07-03 09:38:00,MYGN,25.079999923706055,25.079999923706055,25.079999923706055,25.059999465942383,25.06999969482422,729.0
2024-07-03 09:38:00,MYNZ,0.33500000834465027,0.33500000834465027,0.33500000834465027,0.33500000834465027,0.33500000834465027,720.0
2024-07-03 09:38:00,NDRA,0.0869000032544136,0.0869000032544136,0.0869000032544136,0.0869000032544136,0.0869000032544136,0.0
2024-07-03 09:38:00,NKTX,5.170000076293945,5.170000076293945,5.190000057220459,5.170000076293945,5.190000057220459,1808.0
2024-07-03 09:38:00,NLSP,0.20419999957084656,0.20419999957084656,0.20730000734329224,0.2011999934911728,0.2020999938249588,19173.0
2024-07-03 09:38:00,NRIX,19.014999389648438,19.014999389648438,19.014999389648438,19.014999389648438,19.014999389648438,314.0
2024-07-03 09:38:00,NRSN,1.3488999605178833,1.3488999605178833,1.3488999605178833,1.2999999523162842,1.2999999523162842,3591.0
2024-07-03 09:38:00,NTLA,22.30500030517578,22.30500030517578,22.350000381469727,22.30500030517578,22.329999923706055,1021.0
2024-07-03 09:38:00,NTRA,111.73789978027344,111.73789978027344,111.73789978027344,111.73789978027344,111.73789978027344,447.0
2024-07-03 09:38:00,NTRB,6.0,6.0,6.0,5.855000019073486,5.855000019073486,3700.0
2024-07-03 09:38:00,NVAX,12.949999809265137,12.949999809265137,12.949999809265137,12.909500122070312,12.90999984741211,24670.0
2024-07-03 09:38:00,NVCR,17.0,17.0,17.024999618530273,17.0,17.024999618530273,265.0
2024-07-03 09:38:00,NVOS,0.75,0.75,0.75,0.75,0.75,1866.0
2024-07-03 09:38:00,NXL,1.5199999809265137,1.5199999809265137,1.5199999809265137,1.500100016593933,1.500100016593933,2086.0
2024-07-03 09:38:00,OCGN,1.6050000190734863,1.6050000190734863,1.6050000190734863,1.5950000286102295,1.5950000286102295,12944.0
2024-07-03 09:38:00,OCUL,6.760000228881836,6.760000228881836,6.760000228881836,6.742400169372559,6.760000228881836,761.0
2024-07-03 09:38:00,OLK,25.850000381469727,25.850000381469727,25.850000381469727,25.850000381469727,25.850000381469727,101.0
2024-07-03 09:38:00,OLMA,10.449999809265137,10.449999809265137,10.449999809265137,10.449999809265137,10.449999809265137,100.0
2024-07-03 09:38:00,OMGA,2.109999895095825,2.109999895095825,2.109999895095825,2.109999895095825,2.109999895095825,666.0
2024-07-03 09:39:00,AADI,1.3600000143051147,1.3600000143051147,1.3600000143051147,1.350000023841858,1.350000023841858,16534.0
2024-07-03 09:39:00,ABCL,2.750699996948242,2.750699996948242,2.759999990463257,2.7500998973846436,2.7500998973846436,749.0
2024-07-03 09:39:00,ABEO,4.289999961853027,4.289999961853027,4.289999961853027,4.239999771118164,4.239999771118164,505.0
2024-07-03 09:39:00,ABSI,3.2950000762939453,3.2950000762939453,3.299999952316284,3.2339999675750732,3.2339999675750732,12458.0
2024-07-03 09:39:00,ABUS,3.1449999809265137,3.1449999809265137,3.1449999809265137,3.140000104904175,3.140000104904175,1275.0
2024-07-03 09:39:00,ACB,4.610000133514404,4.610000133514404,4.619999885559082,4.598400115966797,4.619999885559082,1997.0
2024-07-03 09:39:00,ACCD,3.5299999713897705,3.5299999713897705,3.5299999713897705,3.5299999713897705,3.5299999713897705,1107.0
2024-07-03 09:39:00,ACET,1.100000023841858,1.100000023841858,1.1100000143051147,1.100000023841858,1.1100000143051147,611.0
2024-07-03 09:39:00,ACHC,66.5,66.5,66.66000366210938,66.04750061035156,66.66000366210938,2699.0
2024-07-03 09:39:00,ACIU,3.9000000953674316,3.9000000953674316,3.9000000953674316,3.9000000953674316,3.9000000953674316,1525.0
2024-07-03 09:39:00,ADAP,1.0499999523162842,1.0499999523162842,1.059999942779541,1.0499999523162842,1.059999942779541,9187.0
2024-07-03 09:39:00,ADIL,1.0499999523162842,1.0499999523162842,1.0499999523162842,1.0499999523162842,1.0499999523162842,898.0
2024-07-03 09:39:00,ADMA,11.329999923706055,11.329999923706055,11.350000381469727,11.3149995803833,11.345000267028809,12352.0
2024-07-03 09:39:00,ADPT,3.3499999046325684,3.3499999046325684,3.3499999046325684,3.33870005607605,3.33870005607605,1590.0
2024-07-03 09:39:00,AGIO,42.07500076293945,42.07500076293945,42.07500076293945,42.07500076293945,42.07500076293945,456.0
2024-07-03 09:39:00,AIMD,0.8299999833106995,0.8299999833106995,0.8299999833106995,0.8299999833106995,0.8299999833106995,1958.0
2024-07-03 09:39:00,AKBA,0.9480999708175659,0.9480999708175659,0.9480999708175659,0.9434999823570251,0.9434999823570251,770.0
2024-07-03 09:39:00,ALEC,4.380000114440918,4.380000114440918,4.380000114440918,4.369999885559082,4.369999885559082,345.0
2024-07-03 09:39:00,ALGN,238.30499267578125,238.30499267578125,238.30499267578125,238.30499267578125,238.30499267578125,203.0
2024-07-03 09:39:00,ALGS,0.4189999997615814,0.4189999997615814,0.4189999997615814,0.4189999997615814,0.4189999997615814,100.0
2024-07-03 09:39:00,ALIM,5.53000020980835,5.53000020980835,5.53000020980835,5.53000020980835,5.53000020980835,77545.0
2024-07-03 09:39:00,ALKS,24.149999618530273,24.149999618530273,24.149999618530273,24.149999618530273,24.149999618530273,717.0
2024-07-03 09:39:00,ALLK,0.8587999939918518,0.8587999939918518,0.8587999939918518,0.8587999939918518,0.8587999939918518,190.0
2024-07-03 09:39:00,ALLO,2.1549999713897705,2.1549999713897705,2.1549999713897705,2.1500000953674316,2.1500000953674316,1295.0
2024-07-03 09:39:00,ALLR,0.2070000022649765,0.2070000022649765,0.2093999981880188,0.2070000022649765,0.2093999981880188,2181.0
2024-07-03 09:39:00,ALT,6.699999809265137,6.699999809265137,6.710000038146973,6.679999828338623,6.68310022354126,6332.0
2024-07-03 09:39:00,ALVR,0.7490000128746033,0.7490000128746033,0.7490000128746033,0.7490000128746033,0.7490000128746033,222.0
2024-07-03 09:39:00,ALXO,5.715000152587891,5.715000152587891,5.730000019073486,5.704999923706055,5.704999923706055,37126.0
2024-07-03 09:39:00,ALZN,0.37709999084472656,0.37709999084472656,0.37709999084472656,0.37709999084472656,0.37709999084472656,54.0
2024-07-03 09:39:00,AMED,96.68499755859375,96.68499755859375,96.68499755859375,96.6500015258789,96.6500015258789,6530.0
2024-07-03 09:39:00,AMGN,309.75,309.75,309.75,309.75,309.75,2899.0
2024-07-03 09:39:00,AMLX,1.7100000381469727,1.7100000381469727,1.7100000381469727,1.7100000381469727,1.7100000381469727,161.0
2024-07-03 09:39:00,AMPH,37.79999923706055,37.79999923706055,37.80889892578125,37.79999923706055,37.80889892578125,1861.0
2024-07-03 09:39:00,AMRN,0.7099000215530396,0.7099000215530396,0.7099000215530396,0.7099000215530396,0.7099000215530396,100.0
2024-07-03 09:39:00,ANAB,24.399999618530273,24.399999618530273,24.454999923706055,24.309999465942383,24.309999465942383,1959.0
2024-07-03 09:39:00,ANNX,4.670000076293945,4.670000076293945,4.679999828338623,4.670000076293945,4.675000190734863,11731.0
2024-07-03 09:39:00,ANTX,2.4800000190734863,2.4800000190734863,2.492000102996826,2.450000047683716,2.4600000381469727,11638.0
2024-07-03 09:39:00,APDN,0.46160000562667847,0.46160000562667847,0.4690000116825104,0.46160000562667847,0.4690000116825104,1200.0
2024-07-03 09:39:00,APLS,35.72840118408203,35.72840118408203,35.80110168457031,35.68000030517578,35.685001373291016,585.0
2024-07-03 09:39:00,APVO,0.30469998717308044,0.30469998717308044,0.30469998717308044,0.30469998717308044,0.30469998717308044,208.0
2024-07-03 09:39:00,AQST,2.369999885559082,2.369999885559082,2.369999885559082,2.369999885559082,2.369999885559082,220.0
2024-07-03 09:39:00,ARCT,21.360000610351562,21.360000610351562,21.489999771118164,21.219999313354492,21.220300674438477,8065.0
2024-07-03 09:39:00,ARDX,5.204999923706055,5.204999923706055,5.239999771118164,5.190100193023682,5.239999771118164,81215.0
2024-07-03 09:39:00,ARGX,436.4800109863281,436.4800109863281,436.4800109863281,436.4800109863281,436.4800109863281,1411.0
2024-07-03 09:39:00,ARQT,9.539999961853027,9.539999961853027,9.550000190734863,9.490099906921387,9.529999732971191,10058.0
2024-07-03 09:39:00,ARWR,25.350000381469727,25.350000381469727,25.350000381469727,25.350000381469727,25.350000381469727,601.0
2024-07-03 09:39:00,ASLN,2.240499973297119,2.240499973297119,2.240499973297119,2.240499973297119,2.240499973297119,210.0
2024-07-03 09:39:00,ASMB,12.539999961853027,12.539999961853027,12.539999961853027,12.539999961853027,12.539999961853027,354.0
2024-07-03 09:39:00,ASRT,1.2795000076293945,1.2795000076293945,1.2795000076293945,1.2699999809265137,1.2699999809265137,7650.0
2024-07-03 09:39:00,ATOS,1.1398999691009521,1.1398999691009521,1.1399999856948853,1.1398999691009521,1.1399999856948853,568.0
2024-07-03 09:39:00,ATRC,22.274999618530273,22.274999618530273,22.274999618530273,22.1299991607666,22.190000534057617,2229.0
2024-07-03 09:39:00,AVDL,13.984999656677246,13.984999656677246,13.984999656677246,13.984999656677246,13.984999656677246,171.0
2024-07-03 09:39:00,AVIR,3.2300000190734863,3.2300000190734863,3.2300000190734863,3.2300000190734863,3.2300000190734863,200.0
2024-07-03 09:39:00,AVTE,1.610700011253357,1.610700011253357,1.6200000047683716,1.6100000143051147,1.6100000143051147,745.0
2024-07-03 09:39:00,AVXL,4.190000057220459,4.190000057220459,4.190000057220459,4.190000057220459,4.190000057220459,20.0
2024-07-03 09:39:00,AXSM,78.63999938964844,78.63999938964844,79.25,78.63999938964844,79.25,3173.0
2024-07-03 09:39:00,AZN,76.81999969482422,76.81999969482422,76.83000183105469,76.76499938964844,76.77999877929688,16631.0
2024-07-03 09:39:00,BBIO,24.887500762939453,24.887500762939453,24.920000076293945,24.787099838256836,24.787099838256836,2990.0
2024-07-03 09:39:00,BCAB,1.3300000429153442,1.3300000429153442,1.3300000429153442,1.3300000429153442,1.3300000429153442,1218.0
2024-07-03 09:39:00,BCRX,6.559999942779541,6.559999942779541,6.559999942779541,6.559999942779541,6.559999942779541,1153.0
2024-07-03 09:39:00,BEAM,23.010000228881836,23.010000228881836,23.010000228881836,22.899999618530273,22.899999618530273,1852.0
2024-07-03 09:39:00,BEAT,2.978600025177002,2.978600025177002,2.978600025177002,2.978600025177002,2.978600025177002,1076.0
2024-07-03 09:39:00,BFRI,0.8889999985694885,0.8889999985694885,0.8889999985694885,0.8889999985694885,0.8889999985694885,760.0
2024-07-03 09:39:00,BIIB,227.77999877929688,227.77999877929688,227.77999877929688,227.08999633789062,227.4600067138672,1214.0
2024-07-03 09:39:00,BIOL,0.10000000149011612,0.10000000149011612,0.10000000149011612,0.10000000149011612,0.10000000149011612,300.0
2024-07-03 09:39:00,BJDX,0.6283000111579895,0.6283000111579895,0.6283000111579895,0.6216999888420105,0.6218000054359436,8153.0
2024-07-03 09:39:00,BMEA,4.360000133514404,4.360000133514404,4.360000133514404,4.360000133514404,4.360000133514404,101.0
2024-07-03 09:39:00,BNGO,0.5859000086784363,0.5859000086784363,0.5859000086784363,0.5827999711036682,0.5849999785423279,2346.0
2024-07-03 09:39:00,BNTX,80.75499725341797,80.75499725341797,80.75499725341797,80.56500244140625,80.56500244140625,2225.0
2024-07-03 09:39:00,BRTX,1.9600000381469727,1.9600000381469727,1.9600000381469727,1.9600000381469727,1.9600000381469727,483.0
2024-07-03 09:39:00,BTAI,1.0800000429153442,1.0800000429153442,1.1100000143051147,1.0800000429153442,1.1100000143051147,26886.0
2024-07-03 09:39:00,BTCY,0.7598000168800354,0.7598000168800354,0.7598000168800354,0.7099999785423279,0.7099999785423279,5003.0
2024-07-03 09:39:00,BYSI,2.4200000762939453,2.4200000762939453,2.4200000762939453,2.4100000858306885,2.4100000858306885,520.0
2024-07-03 09:39:00,CABA,7.420000076293945,7.420000076293945,7.420000076293945,7.420000076293945,7.420000076293945,1656.0
2024-07-03 09:39:00,CCCC,4.644999980926514,4.644999980926514,4.649700164794922,4.630000114440918,4.649700164794922,4728.0
2024-07-03 09:39:00,CDNA,15.020000457763672,15.020000457763672,15.020000457763672,15.020000457763672,15.020000457763672,468.0
2024-07-03 09:39:00,CDTX,11.930000305175781,11.930000305175781,11.930000305175781,11.930000305175781,11.930000305175781,248.0
2024-07-03 09:39:00,CERE,41.290000915527344,41.290000915527344,41.290000915527344,41.244998931884766,41.244998931884766,769.0
2024-07-03 09:39:00,CERS,1.7000000476837158,1.7000000476837158,1.7050000429153442,1.7000000476837158,1.7050000429153442,1021.0
2024-07-03 09:39:00,CGC,6.420100212097168,6.420100212097168,6.460000038146973,6.420100212097168,6.449999809265137,7465.0
2024-07-03 09:39:00,CGTX,1.850000023841858,1.850000023841858,1.850000023841858,1.8250000476837158,1.8450000286102295,5074.0
2024-07-03 09:39:00,CHRS,1.3550000190734863,1.3550000190734863,1.3600000143051147,1.3550000190734863,1.3579000234603882,14557.0
2024-07-03 09:39:00,CLDX,37.130001068115234,37.130001068115234,37.130001068115234,37.130001068115234,37.130001068115234,121.0
2024-07-03 09:39:00,CLOV,1.2549999952316284,1.2549999952316284,1.2599999904632568,1.25,1.250100016593933,9177.0
2024-07-03 09:39:00,CMPX,0.8999999761581421,0.8999999761581421,0.8999999761581421,0.8899999856948853,0.8899999856948853,1600.0
2024-07-03 09:39:00,CNSP,2.3380000591278076,2.3380000591278076,2.3589000701904297,2.2200000286102295,2.3396999835968018,334710.0
2024-07-03 09:39:00,COLL,32.150001525878906,32.150001525878906,32.150001525878906,32.150001525878906,32.150001525878906,1003.0
2024-07-03 09:39:00,COSM,1.0099999904632568,1.0099999904632568,1.0199999809265137,1.0099999904632568,1.0199999809265137,1984.0
2024-07-03 09:39:00,CRBU,1.5950000286102295,1.5950000286102295,1.5950000286102295,1.5950000286102295,1.5950000286102295,3844.0
2024-07-03 09:39:00,CRDF,2.119999885559082,2.119999885559082,2.119999885559082,2.119999885559082,2.119999885559082,341.0
2024-07-03 09:39:00,CRDL,1.9199999570846558,1.9199999570846558,1.9199999570846558,1.9199999570846558,1.9199999570846558,100.0
2024-07-03 09:39:00,CRMD,4.110000133514404,4.110000133514404,4.139900207519531,4.110000133514404,4.130000114440918,1012.0
2024-07-03 09:39:00,CRSP,53.45000076293945,53.45000076293945,53.45000076293945,53.42020034790039,53.42020034790039,1091.0
2024-07-03 09:39:00,CTMX,1.309999942779541,1.309999942779541,1.309999942779541,1.309999942779541,1.309999942779541,167.0
2024-07-03 09:39:00,CTXR,0.5270000100135803,0.5270000100135803,0.5270000100135803,0.5230000019073486,0.5230000019073486,1368.0
2024-07-03 09:39:00,CUE,1.0700000524520874,1.0700000524520874,1.0700000524520874,1.0700000524520874,1.0700000524520874,321.0
2024-07-03 09:39:00,CUTR,1.3600000143051147,1.3600000143051147,1.3600000143051147,1.3600000143051147,1.3600000143051147,861.0
2024-07-03 09:39:00,CVAC,3.614000082015991,3.614000082015991,3.6700000762939453,3.609999895095825,3.634999990463257,33656.0
2024-07-03 09:39:00,CYTK,54.880001068115234,54.880001068115234,55.220001220703125,54.880001068115234,55.220001220703125,621.0
2024-07-03 09:39:00,DAWN,13.350000381469727,13.350000381469727,13.350000381469727,13.345000267028809,13.345000267028809,1886.0
2024-07-03 09:39:00,DH,5.445000171661377,5.445000171661377,5.445000171661377,5.445000171661377,5.445000171661377,422.0
2024-07-03 09:39:00,DNLI,22.030000686645508,22.030000686645508,22.030000686645508,22.030000686645508,22.030000686645508,360.0
2024-07-03 09:39:00,DVAX,11.109999656677246,11.109999656677246,11.109999656677246,11.109999656677246,11.109999656677246,686.0
2024-07-03 09:39:00,DXCM,111.61499786376953,111.61499786376953,111.61499786376953,111.52050018310547,111.52050018310547,1638.0
2024-07-03 09:39:00,EDIT,4.604800224304199,4.604800224304199,4.610000133514404,4.599999904632568,4.610000133514404,3032.0
2024-07-03 09:39:00,ELEV,2.755000114440918,2.755000114440918,2.755000114440918,2.755000114440918,2.755000114440918,1834.0
2024-07-03 09:39:00,ENSG,127.34200286865234,127.34200286865234,127.55120086669922,127.2699966430664,127.44000244140625,3067.0
2024-07-03 09:39:00,EOLS,10.760000228881836,10.760000228881836,10.760000228881836,10.75,10.75,3281.0
2024-07-03 09:39:00,EQ,0.7020000219345093,0.7020000219345093,0.7020000219345093,0.7020000219345093,0.7020000219345093,0.0
2024-07-03 09:39:00,ERAS,2.2739999294281006,2.2739999294281006,2.2739999294281006,2.2739999294281006,2.2739999294281006,702.0
2024-07-03 09:39:00,ESPR,2.3949999809265137,2.3949999809265137,2.3949999809265137,2.380000114440918,2.384999990463257,148766.0
2024-07-03 09:39:00,ESTA,42.994998931884766,42.994998931884766,42.994998931884766,42.994998931884766,42.994998931884766,155.0
2024-07-03 09:39:00,EXAI,5.139999866485596,5.139999866485596,5.139999866485596,5.139999866485596,5.139999866485596,114.0
2024-07-03 09:39:00,EXAS,43.40999984741211,43.40999984741211,43.41999816894531,43.40999984741211,43.41999816894531,1318.0
2024-07-03 09:39:00,FATE,3.200000047683716,3.200000047683716,3.2300000190734863,3.200000047683716,3.2200000286102295,3229.0
2024-07-03 09:39:00,FDMT,20.75,20.75,20.75,20.75,20.75,1072.0
2024-07-03 09:39:00,FLGC,0.9399999976158142,0.9399999976158142,0.9399999976158142,0.9399999976158142,0.9399999976158142,138.0
2024-07-03 09:39:00,FULC,6.090000152587891,6.090000152587891,6.090000152587891,6.090000152587891,6.090000152587891,101.0
2024-07-03 09:39:00,GALT,2.2200000286102295,2.2200000286102295,2.2200000286102295,2.2200000286102295,2.2200000286102295,200.0
2024-07-03 09:39:00,GANX,1.190000057220459,1.190000057220459,1.1950000524520874,1.190000057220459,1.1950000524520874,4085.0
2024-07-03 09:39:00,GDRX,7.745999813079834,7.745999813079834,7.745999813079834,7.745999813079834,7.745999813079834,854.0
2024-07-03 09:39:00,GERN,4.275000095367432,4.275000095367432,4.2779998779296875,4.269999980926514,4.269999980926514,15516.0
2024-07-03 09:39:00,GILD,68.0199966430664,68.0199966430664,68.08999633789062,67.9801025390625,68.08999633789062,3114.0
2024-07-03 09:39:00,GLMD,0.299699991941452,0.299699991941452,0.299699991941452,0.299699991941452,0.299699991941452,200.0
2024-07-03 09:39:00,GLPG,25.399999618530273,25.399999618530273,25.399999618530273,25.399999618530273,25.399999618530273,252.0
2024-07-03 09:39:00,GLTO,0.4699000120162964,0.4699000120162964,0.4699000120162964,0.4699000120162964,0.4699000120162964,126.0
2024-07-03 09:39:00,GLYC,0.26750001311302185,0.26750001311302185,0.26750001311302185,0.26750001311302185,0.26750001311302185,4298.0
2024-07-03 09:39:00,GMAB,25.14419937133789,25.14419937133789,25.149999618530273,25.14419937133789,25.149999618530273,814.0
2024-07-03 09:39:00,GOSS,0.9424999952316284,0.9424999952316284,0.9424999952316284,0.9424999952316284,0.9424999952316284,38.0
2024-07-03 09:39:00,GRFS,6.610000133514404,6.610000133514404,6.610000133514404,6.605000019073486,6.605000019073486,917.0
2024-07-03 09:39:00,GRTS,0.5701000094413757,0.5701000094413757,0.5701000094413757,0.5701000094413757,0.5701000094413757,152.0
2024-07-03 09:39:00,GTHX,2.4700000286102295,2.4700000286102295,2.4800000190734863,2.4600000381469727,2.4649999141693115,1104.0
2024-07-03 09:39:00,HALO,51.21500015258789,51.21500015258789,51.33000183105469,51.21500015258789,51.33000183105469,579.0
2024-07-03 09:39:00,HCTI,0.5001000165939331,0.5001000165939331,0.5001000165939331,0.5001000165939331,0.5001000165939331,2000.0
2024-07-03 09:39:00,HITI,2.125,2.125,2.129300117492676,2.125,2.129300117492676,866.0
2024-07-03 09:39:00,HLVX,13.869999885559082,13.869999885559082,14.170000076293945,13.869999885559082,14.170000076293945,409.0
2024-07-03 09:39:00,HOLX,73.13999938964844,73.13999938964844,73.13999938964844,73.08000183105469,73.08000183105469,653.0
2024-07-03 09:39:00,HOOK,0.5799000263214111,0.5799000263214111,0.5799000263214111,0.5702000260353088,0.5702000260353088,50112.0
2024-07-03 09:39:00,HOWL,2.0701000690460205,2.0701000690460205,2.0899999141693115,2.0701000690460205,2.0899999141693115,16.0
2024-07-03 09:39:00,HQY,84.68000030517578,84.68000030517578,85.08000183105469,84.5199966430664,84.72000122070312,1950.0
2024-07-03 09:39:00,HRTX,2.7750000953674316,2.7750000953674316,2.7799999713897705,2.7699999809265137,2.7699999809265137,4309.0
2024-07-03 09:39:00,HUGE,0.15039999783039093,0.15039999783039093,0.15489999949932098,0.15039999783039093,0.15489999949932098,3618.0
2024-07-03 09:39:00,HUMA,5.300000190734863,5.300000190734863,5.300000190734863,5.25,5.269999980926514,10294.0
2024-07-03 09:39:00,IBRX,6.2129998207092285,6.2129998207092285,6.2129998207092285,6.210000038146973,6.210000038146973,373.0
2024-07-03 09:39:00,ICAD,1.2100000381469727,1.2100000381469727,1.2100000381469727,1.2100000381469727,1.2100000381469727,100.0
2024-07-03 09:39:00,IDXX,476.8500061035156,476.8500061035156,476.8500061035156,476.8500061035156,476.8500061035156,1029.0
2024-07-03 09:39:00,IDYA,33.2599983215332,33.2599983215332,33.2599983215332,33.2599983215332,33.2599983215332,237.0
2024-07-03 09:39:00,IGMS,6.565000057220459,6.565000057220459,6.565000057220459,6.565000057220459,6.565000057220459,239.0
2024-07-03 09:39:00,IKT,1.1799999475479126,1.1799999475479126,1.1799999475479126,1.1799999475479126,1.1799999475479126,307.0
2024-07-03 09:39:00,IMAB,1.5800000429153442,1.5800000429153442,1.5800000429153442,1.5800000429153442,1.5800000429153442,182.0
2024-07-03 09:39:00,IMMP,1.940000057220459,1.940000057220459,1.940000057220459,1.940000057220459,1.940000057220459,8.0
2024-07-03 09:39:00,IMMX,2.1600000858306885,2.1600000858306885,2.190000057220459,2.1600000858306885,2.1600000858306885,700.0
2024-07-03 09:39:00,IMNM,11.8100004196167,11.8100004196167,11.8100004196167,11.805000305175781,11.805000305175781,1230.0
2024-07-03 09:39:00,IMRX,1.100000023841858,1.100000023841858,1.1009999513626099,1.100000023841858,1.100000023841858,886.0
2024-07-03 09:39:00,IMVT,26.450000762939453,26.450000762939453,26.450000762939453,26.450000762939453,26.450000762939453,1102.0
2024-07-03 09:39:00,INBX,13.550000190734863,13.550000190734863,13.630000114440918,13.550000190734863,13.630000114440918,4796.0
2024-07-03 09:39:00,INCY,58.70000076293945,58.70000076293945,58.79999923706055,58.70000076293945,58.779998779296875,5283.0
2024-07-03 09:39:00,INMB,8.079999923706055,8.079999923706055,8.079999923706055,8.079999923706055,8.079999923706055,1800.0
2024-07-03 09:39:00,INMD,17.81999969482422,17.81999969482422,17.81999969482422,17.81999969482422,17.81999969482422,704.0
2024-07-03 09:39:00,INSM,63.76499938964844,63.76499938964844,63.790000915527344,63.29999923706055,63.36000061035156,6466.0
2024-07-03 09:39:00,INVA,16.5,16.5,16.5,16.5,16.5,627.0
2024-07-03 09:39:00,INZY,4.465000152587891,4.465000152587891,4.480000019073486,4.465000152587891,4.465000152587891,3257.0
2024-07-03 09:39:00,IONM,0.33009999990463257,0.33009999990463257,0.33009999990463257,0.33000001311302185,0.33000001311302185,1060.0
2024-07-03 09:39:00,IOVA,7.840000152587891,7.840000152587891,7.84499979019165,7.800000190734863,7.800000190734863,5458.0
2024-07-03 09:39:00,IPSC,2.180000066757202,2.180000066757202,2.180000066757202,2.180000066757202,2.180000066757202,1087.0
2024-07-03 09:39:00,IRWD,6.190000057220459,6.190000057220459,6.190000057220459,6.190000057220459,6.190000057220459,667.0
2024-07-03 09:39:00,ISRG,436.42999267578125,436.42999267578125,436.42999267578125,436.010009765625,436.3999938964844,1082.0
2024-07-03 09:39:00,ITCI,67.98500061035156,67.98500061035156,68.16999816894531,67.9800033569336,68.16999816894531,3066.0
2024-07-03 09:39:00,IVVD,1.1150000095367432,1.1150000095367432,1.1150000095367432,1.1150000095367432,1.1150000095367432,301.0
2024-07-03 09:39:00,JANX,38.650001525878906,38.650001525878906,38.650001525878906,38.650001525878906,38.650001525878906,656.0
2024-07-03 09:39:00,JSPR,22.94499969482422,22.94499969482422,22.94499969482422,22.94499969482422,22.94499969482422,20404.0
2024-07-03 09:39:00,KMDA,5.34630012512207,5.34630012512207,5.34630012512207,5.34630012512207,5.34630012512207,2000.0
2024-07-03 09:39:00,KPRX,4.25,4.25,4.25,4.25,4.25,0.0
2024-07-03 09:39:00,KPTI,0.8371000289916992,0.8371000289916992,0.8371000289916992,0.8371000289916992,0.8371000289916992,191.0
2024-07-03 09:39:00,KTRA,0.26010000705718994,0.26010000705718994,0.2623000144958496,0.26010000705718994,0.2623000144958496,7011.0
2024-07-03 09:39:00,LEGN,45.34000015258789,45.34000015258789,45.779998779296875,44.8849983215332,44.8849983215332,11978.0
2024-07-03 09:39:00,LFST,5.081999778747559,5.081999778747559,5.081999778747559,5.081999778747559,5.081999778747559,104.0
2024-07-03 09:39:00,LGVN,1.6198999881744385,1.6198999881744385,1.6200000047683716,1.6150000095367432,1.6150000095367432,2470.0
2024-07-03 09:39:00,LIVN,52.529998779296875,52.529998779296875,52.529998779296875,52.529998779296875,52.529998779296875,536.0
2024-07-03 09:39:00,LOGC,5.75,5.75,5.75,5.698299884796143,5.698299884796143,3121.0
2024-07-03 09:39:00,LQDA,11.890000343322754,11.890000343322754,11.890000343322754,11.819999694824219,11.819999694824219,1840.0
2024-07-03 09:39:00,LUCY,0.48159998655319214,0.48159998655319214,0.4819999933242798,0.47999998927116394,0.48159998655319214,2534.0
2024-07-03 09:39:00,LXRX,1.6150000095367432,1.6150000095367432,1.6150000095367432,1.6150000095367432,1.6150000095367432,3865.0
2024-07-03 09:39:00,LYEL,1.440000057220459,1.440000057220459,1.440000057220459,1.430999994277954,1.440000057220459,1416.0
2024-07-03 09:39:00,MASS,4.710000038146973,4.710000038146973,4.730000019073486,4.710000038146973,4.730000019073486,301.0
2024-07-03 09:39:00,MBIO,0.5249999761581421,0.5249999761581421,0.5372999906539917,0.5210000276565552,0.5220000147819519,38183.0
2024-07-03 09:39:00,MBOT,1.0299999713897705,1.0299999713897705,1.034999966621399,1.0299999713897705,1.034999966621399,5696.0
2024-07-03 09:39:00,MDGL,272.8599853515625,272.8599853515625,272.8599853515625,272.8599853515625,272.8599853515625,31.0
2024-07-03 09:39:00,MDXG,6.760000228881836,6.760000228881836,6.760000228881836,6.760000228881836,6.760000228881836,8390.0
2024-07-03 09:39:00,ME,0.3937999904155731,0.3937999904155731,0.3937999904155731,0.38179999589920044,0.3882000148296356,3306.0
2024-07-03 09:39:00,MEDS,16.905000686645508,16.905000686645508,16.905000686645508,16.905000686645508,16.905000686645508,274.0
2024-07-03 09:39:00,MGNX,4.21999979019165,4.21999979019165,4.21999979019165,4.210000038146973,4.21999979019165,939.0
2024-07-03 09:39:00,MGTX,3.890000104904175,3.890000104904175,3.890000104904175,3.890000104904175,3.890000104904175,392.0
2024-07-03 09:39:00,MIRM,34.220001220703125,34.220001220703125,34.51499938964844,34.220001220703125,34.220001220703125,20845.0
2024-07-03 09:39:00,MLTX,40.18000030517578,40.18000030517578,40.18000030517578,40.18000030517578,40.18000030517578,218.0
2024-07-03 09:39:00,MNKD,5.025000095367432,5.025000095367432,5.039999961853027,5.025000095367432,5.025000095367432,3173.0
2024-07-03 09:39:00,MNMD,7.070000171661377,7.070000171661377,7.070000171661377,7.039999961853027,7.040999889373779,2840.0
2024-07-03 09:39:00,MODV,27.530000686645508,27.530000686645508,27.9950008392334,27.520000457763672,27.8700008392334,8768.0
2024-07-03 09:39:00,MRNA,118.00499725341797,118.00499725341797,118.37000274658203,117.91999816894531,118.22000122070312,4940.0
2024-07-03 09:39:00,MRNS,1.2000000476837158,1.2000000476837158,1.2000000476837158,1.2000000476837158,1.2000000476837158,476.0
2024-07-03 09:39:00,MRSN,1.8693000078201294,1.8693000078201294,1.8693000078201294,1.8693000078201294,1.8693000078201294,844.0
2024-07-03 09:39:00,MRVI,6.791999816894531,6.791999816894531,6.809999942779541,6.791999816894531,6.809999942779541,2251.0
2024-07-03 09:39:00,NBTX,5.400000095367432,5.400000095367432,5.400000095367432,5.400000095367432,5.400000095367432,596.0
2024-07-03 09:39:00,NCNA,2.671999931335449,2.671999931335449,2.688199996948242,2.671999931335449,2.688199996948242,1056.0
2024-07-03 09:39:00,NDRA,0.08780000358819962,0.08780000358819962,0.08780000358819962,0.08699999749660492,0.08699999749660492,19328.0
2024-07-03 09:39:00,NKTR,1.215000033378601,1.215000033378601,1.225000023841858,1.215000033378601,1.2200000286102295,6476.0
2024-07-03 09:39:00,NKTX,5.210000038146973,5.210000038146973,5.210000038146973,5.175000190734863,5.175000190734863,4952.0
2024-07-03 09:39:00,NNOX,7.039999961853027,7.039999961853027,7.039999961853027,7.022500038146973,7.022500038146973,659.0
2024-07-03 09:39:00,NRIX,18.93000030517578,18.93000030517578,18.93000030517578,18.920799255371094,18.920799255371094,1104.0
2024-07-03 09:39:00,NRSN,1.3312000036239624,1.3312000036239624,1.3312000036239624,1.3312000036239624,1.3312000036239624,1101.0
2024-07-03 09:39:00,NTLA,22.231700897216797,22.231700897216797,22.231700897216797,22.231700897216797,22.231700897216797,428.0
2024-07-03 09:39:00,NTRB,5.801400184631348,5.801400184631348,5.801400184631348,5.801400184631348,5.801400184631348,0.0
2024-07-03 09:39:00,NUTX,5.380000114440918,5.380000114440918,5.380000114440918,5.380000114440918,5.380000114440918,544.0
2024-07-03 09:39:00,NVAX,12.978599548339844,12.978599548339844,12.978599548339844,12.954999923706055,12.969900131225586,14497.0
2024-07-03 09:39:00,NVCR,17.002500534057617,17.002500534057617,17.002500534057617,17.002500534057617,17.002500534057617,121.0
2024-07-03 09:39:00,NVOS,0.75,0.75,0.75,0.75,0.75,482.0
2024-07-03 09:39:00,NXL,1.5199999809265137,1.5199999809265137,1.5199999809265137,1.5199999809265137,1.5199999809265137,200.0
2024-07-03 09:39:00,OCGN,1.6098999977111816,1.6098999977111816,1.6100000143051147,1.6050000190734863,1.6100000143051147,3200.0
2024-07-03 09:39:00,OCUL,6.760000228881836,6.760000228881836,6.764999866485596,6.75,6.760000228881836,7493.0
2024-07-03 09:39:00,OGI,1.534999966621399,1.534999966621399,1.534999966621399,1.534999966621399,1.534999966621399,301.0
2024-07-03 09:39:00,OLMA,10.444999694824219,10.444999694824219,10.444999694824219,10.444999694824219,10.444999694824219,6502.0
2024-07-03 09:39:00,OM,3.7100000381469727,3.7100000381469727,3.7100000381469727,3.7100000381469727,3.7100000381469727,449.0
2024-07-03 09:39:00,OMGA,2.109999895095825,2.109999895095825,2.109999895095825,2.109999895095825,2.109999895095825,334.0
2024-07-03 09:39:00,ONVO,0.7547000050544739,0.7547000050544739,0.7547000050544739,0.7547000050544739,0.7547000050544739,1042.0
2024-07-03 09:40:00,AADI,1.3694000244140625,1.3694000244140625,1.3694000244140625,1.3550000190734863,1.3550000190734863,2735.0
2024-07-03 09:40:00,ABCL,2.759000062942505,2.759000062942505,2.759999990463257,2.759000062942505,2.759999990463257,3473.0
2024-07-03 09:40:00,ABEO,4.239999771118164,4.239999771118164,4.239999771118164,4.239999771118164,4.239999771118164,487.0
2024-07-03 09:40:00,ABSI,3.2799999713897705,3.2799999713897705,3.299999952316284,3.2799999713897705,3.2999000549316406,8042.0
2024-07-03 09:40:00,ABUS,3.1449999809265137,3.1449999809265137,3.1449999809265137,3.1449999809265137,3.1449999809265137,347.0
2024-07-03 09:40:00,ACAD,15.854999542236328,15.854999542236328,15.859999656677246,15.829999923706055,15.829999923706055,1954.0
2024-07-03 09:40:00,ACB,4.6149001121521,4.6149001121521,4.6149001121521,4.5980000495910645,4.610000133514404,1943.0
2024-07-03 09:40:00,ACCD,3.569999933242798,3.569999933242798,3.569999933242798,3.5299999713897705,3.5299999713897705,5612.0
2024-07-03 09:40:00,ACIU,3.9049999713897705,3.9049999713897705,3.9049999713897705,3.9049999713897705,3.9049999713897705,2305.0
2024-07-03 09:40:00,ACLX,53.91999816894531,53.91999816894531,53.93000030517578,53.91999816894531,53.93000030517578,516.0
2024-07-03 09:40:00,ADAP,1.0499999523162842,1.0499999523162842,1.0499999523162842,1.0499999523162842,1.0499999523162842,1100.0
2024-07-03 09:40:00,ADMA,11.335000038146973,11.335000038146973,11.339900016784668,11.335000038146973,11.335000038146973,3185.0
2024-07-03 09:40:00,ADPT,3.359999895095825,3.359999895095825,3.359999895095825,3.359999895095825,3.359999895095825,407.0
2024-07-03 09:40:00,AEMD,0.4230000078678131,0.4230000078678131,0.4230000078678131,0.4230000078678131,0.4230000078678131,504.0
2024-07-03 09:40:00,AFMD,5.260000228881836,5.260000228881836,5.260000228881836,5.260000228881836,5.260000228881836,304.0
2024-07-03 09:40:00,AGEN,14.550000190734863,14.550000190734863,14.5600004196167,14.550000190734863,14.550000190734863,1219.0
2024-07-03 09:40:00,AIMD,0.8299999833106995,0.8299999833106995,0.8299999833106995,0.8151999711990356,0.8151999711990356,3321.0
2024-07-03 09:40:00,AKRO,22.139999389648438,22.139999389648438,22.139999389648438,22.079999923706055,22.139999389648438,497.0
2024-07-03 09:40:00,ALDX,3.1800999641418457,3.1800999641418457,3.1800999641418457,3.1800999641418457,3.1800999641418457,3234.0
2024-07-03 09:40:00,ALGN,238.49000549316406,238.49000549316406,238.49000549316406,238.49000549316406,238.49000549316406,725.0
2024-07-03 09:40:00,ALKS,24.219999313354492,24.219999313354492,24.219999313354492,24.184999465942383,24.184999465942383,453.0
2024-07-03 09:40:00,ALLO,2.1500000953674316,2.1500000953674316,2.1549999713897705,2.1500000953674316,2.1549999713897705,2492.0
2024-07-03 09:40:00,ALLR,0.20669999718666077,0.20669999718666077,0.20999999344348907,0.20669999718666077,0.20999999344348907,8631.0
2024-07-03 09:40:00,ALNY,247.39500427246094,247.39500427246094,247.6999969482422,246.84500122070312,247.3249969482422,4207.0
2024-07-03 09:40:00,ALT,6.731299877166748,6.731299877166748,6.731299877166748,6.679999828338623,6.695000171661377,5376.0
2024-07-03 09:40:00,ALVO,12.359999656677246,12.359999656677246,12.359999656677246,12.359999656677246,12.359999656677246,276.0
2024-07-03 09:40:00,AMED,96.66999816894531,96.66999816894531,96.73999786376953,96.6500015258789,96.68000030517578,612.0
2024-07-03 09:40:00,AMGN,310.09991455078125,310.09991455078125,310.09991455078125,309.79998779296875,309.79998779296875,2048.0
2024-07-03 09:40:00,AMLX,1.7200000286102295,1.7200000286102295,1.7200000286102295,1.7199000120162964,1.7199000120162964,5785.0
2024-07-03 09:40:00,AMRN,0.7099000215530396,0.7099000215530396,0.7099000215530396,0.7099000215530396,0.7099000215530396,400.0
2024-07-03 09:40:00,ANAB,24.530000686645508,24.530000686645508,24.530000686645508,24.530000686645508,24.530000686645508,273.0
2024-07-03 09:40:00,ANNX,4.719299793243408,4.719299793243408,4.71999979019165,4.670000076293945,4.679999828338623,9949.0
2024-07-03 09:40:00,ANTX,2.369999885559082,2.369999885559082,2.4100000858306885,2.369999885559082,2.4100000858306885,1343.0
2024-07-03 09:40:00,APDN,0.46480000019073486,0.46480000019073486,0.46480000019073486,0.46160000562667847,0.461899995803833,1153.0
2024-07-03 09:40:00,APLS,35.810001373291016,35.810001373291016,35.810001373291016,35.685001373291016,35.685001373291016,1788.0
2024-07-03 09:40:00,APLT,4.34499979019165,4.34499979019165,4.34499979019165,4.34499979019165,4.34499979019165,333.0
2024-07-03 09:40:00,AQST,2.384999990463257,2.384999990463257,2.384999990463257,2.380000114440918,2.380000114440918,3106.0
2024-07-03 09:40:00,ARDX,5.260000228881836,5.260000228881836,5.260000228881836,5.204999923706055,5.204999923706055,40502.0
2024-07-03 09:40:00,ARQT,9.666000366210938,9.666000366210938,9.666000366210938,9.558899879455566,9.558899879455566,20670.0
2024-07-03 09:40:00,ARVN,24.672500610351562,24.672500610351562,24.672500610351562,24.672500610351562,24.672500610351562,9600.0
2024-07-03 09:40:00,ARWR,25.43000030517578,25.43000030517578,25.43000030517578,25.43000030517578,25.43000030517578,353.0
2024-07-03 09:40:00,ASRT,1.2699999809265137,1.2699999809265137,1.2799999713897705,1.2699999809265137,1.274999976158142,10880.0
2024-07-03 09:40:00,ATAI,1.309999942779541,1.309999942779541,1.309999942779541,1.309999942779541,1.309999942779541,1271.0
2024-07-03 09:40:00,ATEC,10.0600004196167,10.0600004196167,10.0600004196167,9.994999885559082,9.994999885559082,3767.0
2024-07-03 09:40:00,ATOS,1.1398999691009521,1.1398999691009521,1.149999976158142,1.1349999904632568,1.1399999856948853,10263.0
2024-07-03 09:40:00,ATRC,22.329999923706055,22.329999923706055,22.329999923706055,22.209999084472656,22.209999084472656,193.0
2024-07-03 09:40:00,ATXS,8.970000267028809,8.970000267028809,9.055000305175781,8.970000267028809,9.055000305175781,2378.0
2024-07-03 09:40:00,AUGX,1.0299999713897705,1.0299999713897705,1.0299999713897705,1.027999997138977,1.027999997138977,9952.0
2024-07-03 09:40:00,AVDL,13.979999542236328,13.979999542236328,13.979999542236328,13.979999542236328,13.979999542236328,210.0
2024-07-03 09:40:00,AVIR,3.2200000286102295,3.2200000286102295,3.2200000286102295,3.2200000286102295,3.2200000286102295,500.0
2024-07-03 09:40:00,AVTE,1.6200000047683716,1.6200000047683716,1.6200000047683716,1.6200000047683716,1.6200000047683716,262.0
2024-07-03 09:40:00,AVXL,4.190100193023682,4.190100193023682,4.199999809265137,4.190100193023682,4.199999809265137,1280.0
2024-07-03 09:40:00,AWH,1.01010000705719,1.01010000705719,1.01010000705719,1.01010000705719,1.01010000705719,0.0
2024-07-03 09:40:00,AZN,76.87000274658203,76.87000274658203,76.87000274658203,76.83000183105469,76.83000183105469,8938.0
2024-07-03 09:40:00,BBIO,24.93000030517578,24.93000030517578,24.989900588989258,24.93000030517578,24.94499969482422,7870.0
2024-07-03 09:40:00,BCAB,1.3250000476837158,1.3250000476837158,1.3396999835968018,1.3200000524520874,1.3396999835968018,7050.0
2024-07-03 09:40:00,BCRX,6.554999828338623,6.554999828338623,6.559999942779541,6.550000190734863,6.559999942779541,32940.0
2024-07-03 09:40:00,BEAM,23.149999618530273,23.149999618530273,23.149999618530273,23.079999923706055,23.09000015258789,2566.0
2024-07-03 09:40:00,BGXX,0.2632000148296356,0.2632000148296356,0.27250000834465027,0.2632000148296356,0.27250000834465027,8857.0
2024-07-03 09:40:00,BIAF,2.200000047683716,2.200000047683716,2.200000047683716,2.200000047683716,2.200000047683716,289.0
2024-07-03 09:40:00,BIOL,0.10000000149011612,0.10000000149011612,0.10000000149011612,0.10000000149011612,0.10000000149011612,315.0
2024-07-03 09:40:00,BJDX,0.6381999850273132,0.6381999850273132,0.6381999850273132,0.6315000057220459,0.6315000057220459,265.0
2024-07-03 09:40:00,BLUE,0.9290000200271606,0.9290000200271606,0.9290000200271606,0.9279999732971191,0.9279999732971191,4402.0
2024-07-03 09:40:00,BMEA,4.360000133514404,4.360000133514404,4.360000133514404,4.360000133514404,4.360000133514404,506.0
2024-07-03 09:40:00,BMRA,0.4634999930858612,0.4634999930858612,0.4634999930858612,0.4634999930858612,0.4634999930858612,669.0
2024-07-03 09:40:00,BMRN,81.93000030517578,81.93000030517578,81.93000030517578,81.93000030517578,81.93000030517578,214.0
2024-07-03 09:40:00,BNGO,0.5859000086784363,0.5859000086784363,0.5859000086784363,0.5859000086784363,0.5859000086784363,778.0
2024-07-03 09:40:00,BNTX,80.80000305175781,80.80000305175781,80.80000305175781,80.75,80.75,1790.0
2024-07-03 09:40:00,BPMC,110.26000213623047,110.26000213623047,110.26000213623047,110.26000213623047,110.26000213623047,773.0
2024-07-03 09:40:00,BRKR,61.68000030517578,61.68000030517578,61.72999954223633,61.65999984741211,61.72999954223633,1078.0
2024-07-03 09:40:00,BTAI,1.0807000398635864,1.0807000398635864,1.093000054359436,1.0807000398635864,1.090000033378601,7383.0
2024-07-03 09:40:00,BVS,5.883999824523926,5.883999824523926,5.889999866485596,5.840000152587891,5.840000152587891,4105.0
2024-07-03 09:40:00,BWAY,5.909999847412109,5.909999847412109,5.909999847412109,5.909999847412109,5.909999847412109,1131.0
2024-07-03 09:40:00,CABA,7.449999809265137,7.449999809265137,7.449999809265137,7.449999809265137,7.449999809265137,1700.0
2024-07-03 09:40:00,CCCC,4.649400234222412,4.649400234222412,4.649400234222412,4.630000114440918,4.630000114440918,2609.0
2024-07-03 09:40:00,CDMO,7.090000152587891,7.090000152587891,7.099999904632568,6.699999809265137,6.699999809265137,20732.0
2024-07-03 09:40:00,CDNA,15.020000457763672,15.020000457763672,15.020000457763672,15.020000457763672,15.020000457763672,484.0
2024-07-03 09:40:00,CDXS,2.9200000762939453,2.9200000762939453,2.9200000762939453,2.9200000762939453,2.9200000762939453,931.0
2024-07-03 09:40:00,CERE,41.25,41.25,41.2599983215332,41.25,41.2599983215332,993.0
2024-07-03 09:40:00,CERT,13.680000305175781,13.680000305175781,13.680000305175781,13.670000076293945,13.670000076293945,2179.0
2024-07-03 09:40:00,CGC,6.448500156402588,6.448500156402588,6.449999809265137,6.410099983215332,6.425000190734863,18890.0
2024-07-03 09:40:00,CGEM,16.389999389648438,16.389999389648438,16.68000030517578,16.389999389648438,16.65999984741211,670.0
2024-07-03 09:40:00,CHRS,1.3550000190734863,1.3550000190734863,1.3550000190734863,1.350000023841858,1.3550000190734863,28472.0
2024-07-03 09:40:00,CLDX,36.974998474121094,36.974998474121094,37.02000045776367,36.974998474121094,37.02000045776367,784.0
2024-07-03 09:40:00,CLOV,1.2549999952316284,1.2549999952316284,1.2599999904632568,1.25,1.2599999904632568,19971.0
2024-07-03 09:40:00,CLRB,2.4010000228881836,2.4010000228881836,2.4010000228881836,2.3949999809265137,2.3949999809265137,454.0
2024-07-03 09:40:00,CNSP,2.2699999809265137,2.2699999809265137,2.4000000953674316,2.190000057220459,2.3399999141693115,407587.0
2024-07-03 09:40:00,CNTG,0.4399999976158142,0.4399999976158142,0.4490000009536743,0.43700000643730164,0.43700000643730164,3320.0
2024-07-03 09:40:00,CODX,1.2400000095367432,1.2400000095367432,1.2400000095367432,1.2400000095367432,1.2400000095367432,14.0
2024-07-03 09:40:00,COGT,8.319999694824219,8.319999694824219,8.319999694824219,8.319999694824219,8.319999694824219,201.0
2024-07-03 09:40:00,CORT,31.079999923706055,31.079999923706055,31.100000381469727,31.079999923706055,31.079999923706055,2126.0
2024-07-03 09:40:00,COSM,1.0099999904632568,1.0099999904632568,1.0199999809265137,1.0099999904632568,1.0199999809265137,3049.0
2024-07-03 09:40:00,CRBU,1.600000023841858,1.600000023841858,1.600000023841858,1.5950000286102295,1.5950000286102295,1785.0
2024-07-03 09:40:00,CRDF,2.130000114440918,2.130000114440918,2.130000114440918,2.119999885559082,2.119999885559082,6270.0
2024-07-03 09:40:00,CRDL,1.940000057220459,1.940000057220459,1.940000057220459,1.940000057220459,1.940000057220459,3348.0
2024-07-03 09:40:00,CRMD,4.119999885559082,4.119999885559082,4.130000114440918,4.110000133514404,4.110000133514404,4985.0
2024-07-03 09:40:00,CRNX,45.209999084472656,45.209999084472656,45.31999969482422,45.209999084472656,45.31999969482422,1792.0
2024-07-03 09:40:00,CRSP,53.540000915527344,53.540000915527344,53.540000915527344,53.37009811401367,53.52000045776367,1763.0
2024-07-03 09:40:00,CUE,1.059999942779541,1.059999942779541,1.065000057220459,1.059999942779541,1.065000057220459,1049.0
2024-07-03 09:40:00,CVAC,3.640000104904175,3.640000104904175,3.690000057220459,3.609999895095825,3.630000114440918,29909.0
2024-07-03 09:40:00,CYCN,2.3299999237060547,2.3299999237060547,2.3299999237060547,2.2899999618530273,2.2899999618530273,0.0
2024-07-03 09:40:00,CYTK,55.15999984741211,55.15999984741211,55.22999954223633,54.810001373291016,55.04999923706055,3655.0
2024-07-03 09:40:00,DAWN,13.390000343322754,13.390000343322754,13.390000343322754,13.390000343322754,13.390000343322754,366.0
2024-07-03 09:40:00,DCTH,7.900000095367432,7.900000095367432,7.940000057220459,7.900000095367432,7.940000057220459,650.0
2024-07-03 09:40:00,DH,5.442399978637695,5.442399978637695,5.442399978637695,5.442399978637695,5.442399978637695,475.0
2024-07-03 09:40:00,DNLI,22.139999389648438,22.139999389648438,22.139999389648438,22.059999465942383,22.059999465942383,1039.0
2024-07-03 09:40:00,DRMA,2.1500000953674316,2.1500000953674316,2.1600000858306885,2.1500000953674316,2.1600000858306885,0.0
2024-07-03 09:40:00,DTIL,9.329999923706055,9.329999923706055,9.329999923706055,9.329999923706055,9.329999923706055,300.0
2024-07-03 09:40:00,DVAX,11.130000114440918,11.130000114440918,11.130000114440918,11.119999885559082,11.119999885559082,1896.0
2024-07-03 09:40:00,DXCM,111.93000030517578,111.93000030517578,112.1500015258789,111.61499786376953,111.61499786376953,20831.0
2024-07-03 09:40:00,DYAI,1.5099999904632568,1.5099999904632568,1.5099999904632568,1.5099999904632568,1.5099999904632568,0.0
2024-07-03 09:40:00,DYN,34.560001373291016,34.560001373291016,34.560001373291016,34.560001373291016,34.560001373291016,111.0
2024-07-03 09:40:00,EDIT,4.610000133514404,4.610000133514404,4.610000133514404,4.599999904632568,4.599999904632568,1840.0
2024-07-03 09:40:00,EGRX,5.289999961853027,5.289999961853027,5.289999961853027,5.289999961853027,5.289999961853027,3088.0
2024-07-03 09:40:00,EMBC,11.949999809265137,11.949999809265137,11.949999809265137,11.949999809265137,11.949999809265137,630.0
2024-07-03 09:40:00,ENSG,127.0,127.0,127.20500183105469,127.0,127.20500183105469,2473.0
2024-07-03 09:40:00,EQ,0.7020000219345093,0.7020000219345093,0.7020000219345093,0.7020000219345093,0.7020000219345093,508.0
2024-07-03 09:40:00,ESPR,2.375,2.375,2.4000000953674316,2.375,2.3949999809265137,47861.0
2024-07-03 09:40:00,ESTA,42.91450119018555,42.91450119018555,42.91450119018555,42.76969909667969,42.78499984741211,977.0
2024-07-03 09:40:00,ETNB,7.75,7.75,7.75,7.75,7.75,331.0
2024-07-03 09:40:00,EVO,5.031899929046631,5.031899929046631,5.031899929046631,5.031899929046631,5.031899929046631,587.0
2024-07-03 09:40:00,EVOK,0.5005000233650208,0.5005000233650208,0.5005000233650208,0.5005000233650208,0.5005000233650208,182.0
2024-07-03 09:40:00,EWTX,17.889999389648438,17.889999389648438,17.91010093688965,17.850000381469727,17.850000381469727,1445.0
2024-07-03 09:40:00,EXAI,5.190000057220459,5.190000057220459,5.190000057220459,5.190000057220459,5.190000057220459,1623.0
2024-07-03 09:40:00,EXAS,43.40999984741211,43.40999984741211,43.41999816894531,43.3650016784668,43.40999984741211,1174.0
2024-07-03 09:40:00,EXEL,22.15999984741211,22.15999984741211,22.15999984741211,22.139999389648438,22.139999389648438,1331.0
2024-07-03 09:40:00,EYPT,8.050000190734863,8.050000190734863,8.050000190734863,8.050000190734863,8.050000190734863,804.0
2024-07-03 09:40:00,FATE,3.2200000286102295,3.2200000286102295,3.2200000286102295,3.2200000286102295,3.2200000286102295,600.0
2024-07-03 09:40:00,FBIO,1.6700999736785889,1.6700999736785889,1.6700999736785889,1.6700999736785889,1.6700999736785889,2096.0
2024-07-03 09:40:00,FDMT,20.795000076293945,20.795000076293945,20.795000076293945,20.795000076293945,20.795000076293945,290.0
2024-07-03 09:40:00,FGEN,0.7300000190734863,0.7300000190734863,0.7300000190734863,0.7300000190734863,0.7300000190734863,860.0
2024-07-03 09:40:00,FHTX,5.429999828338623,5.429999828338623,5.429999828338623,5.429999828338623,5.429999828338623,292.0
2024-07-03 09:40:00,FLGC,0.9399999976158142,0.9399999976158142,0.9399999976158142,0.9399999976158142,0.9399999976158142,300.0
2024-07-03 09:40:00,FOLD,9.869999885559082,9.869999885559082,9.880000114440918,9.859999656677246,9.880000114440918,1568.0
2024-07-03 09:40:00,FULC,6.090000152587891,6.090000152587891,6.090000152587891,6.090000152587891,6.090000152587891,200.0
2024-07-03 09:40:00,GANX,1.1950000524520874,1.1950000524520874,1.1950000524520874,1.1950000524520874,1.1950000524520874,2500.0
2024-07-03 09:40:00,GERN,4.310500144958496,4.310500144958496,4.315000057220459,4.275000095367432,4.275000095367432,36761.0
2024-07-03 09:40:00,GH,28.68000030517578,28.68000030517578,28.68000030517578,28.670000076293945,28.670000076293945,1146.0
2024-07-03 09:40:00,GILD,67.97000122070312,67.97000122070312,68.02999877929688,67.97000122070312,68.01000213623047,5188.0
2024-07-03 09:40:00,GLMD,0.2973000109195709,0.2973000109195709,0.2973000109195709,0.2973000109195709,0.2973000109195709,141.0
2024-07-03 09:40:00,GLYC,0.26739999651908875,0.26739999651908875,0.26739999651908875,0.26739999651908875,0.26739999651908875,230.0
2024-07-03 09:40:00,GMAB,25.187700271606445,25.187700271606445,25.187700271606445,25.15999984741211,25.15999984741211,617.0
2024-07-03 09:40:00,GOSS,0.9424999952316284,0.9424999952316284,0.9424999952316284,0.9412000179290771,0.9412000179290771,6940.0
2024-07-03 09:40:00,GOVX,3.2300000190734863,3.2300000190734863,3.2300000190734863,3.2300000190734863,3.2300000190734863,348.0
2024-07-03 09:40:00,GRFS,6.625,6.625,6.627999782562256,6.610000133514404,6.610000133514404,2321.0
2024-07-03 09:40:00,GRTS,0.5699999928474426,0.5699999928474426,0.5701000094413757,0.5699999928474426,0.5701000094413757,1706.0
2024-07-03 09:40:00,HALO,51.470001220703125,51.470001220703125,51.470001220703125,51.33000183105469,51.33000183105469,2436.0
2024-07-03 09:40:00,HCSG,11.130000114440918,11.130000114440918,11.130000114440918,11.109999656677246,11.109999656677246,2178.0
2024-07-03 09:40:00,HCTI,0.5098999738693237,0.5098999738693237,0.5098999738693237,0.5098999738693237,0.5098999738693237,1000.0
2024-07-03 09:40:00,HLVX,13.899999618530273,13.899999618530273,13.899999618530273,13.899999618530273,13.899999618530273,274.0
2024-07-03 09:40:00,HOLX,73.23500061035156,73.23500061035156,73.23500061035156,73.18000030517578,73.18000030517578,2922.0
2024-07-03 09:40:00,HOOK,0.5799000263214111,0.5799000263214111,0.5799000263214111,0.5799000263214111,0.5799000263214111,0.0
2024-07-03 09:40:00,HOWL,2.0950000286102295,2.0950000286102295,2.0950000286102295,2.0950000286102295,2.0950000286102295,634.0
2024-07-03 09:40:00,HQY,84.5999984741211,84.5999984741211,84.87000274658203,84.55999755859375,84.87000274658203,513.0
2024-07-03 09:40:00,HRMY,29.94499969482422,29.94499969482422,29.94499969482422,29.800100326538086,29.800100326538086,1423.0
2024-07-03 09:40:00,HROW,21.579999923706055,21.579999923706055,21.579999923706055,21.440000534057617,21.440000534057617,1543.0
2024-07-03 09:40:00,HRTX,2.779900074005127,2.779900074005127,2.7799999713897705,2.7750000953674316,2.7750000953674316,3212.0
2024-07-03 09:40:00,HUGE,0.15109999477863312,0.15109999477863312,0.15109999477863312,0.15109999477863312,0.15109999477863312,636.0
2024-07-03 09:40:00,HUMA,5.3454999923706055,5.3454999923706055,5.349999904632568,5.289999961853027,5.299300193786621,15502.0
2024-07-03 09:40:00,IART,29.030000686645508,29.030000686645508,29.030000686645508,29.030000686645508,29.030000686645508,484.0
2024-07-03 09:40:00,IBRX,6.205999851226807,6.205999851226807,6.205999851226807,6.205999851226807,6.205999851226807,419.0
2024-07-03 09:40:00,ICCM,0.7049999833106995,0.7049999833106995,0.7300000190734863,0.7049999833106995,0.7300000190734863,15213.0
2024-07-03 09:40:00,ICLR,318.2149963378906,318.2149963378906,318.2149963378906,318.2149963378906,318.2149963378906,247.0
2024-07-03 09:40:00,IDYA,33.56999969482422,33.56999969482422,33.619998931884766,33.37699890136719,33.37699890136719,2435.0
2024-07-03 09:40:00,IKT,1.2100000381469727,1.2100000381469727,1.2100000381469727,1.2100000381469727,1.2100000381469727,2119.0
2024-07-03 09:40:00,ILMN,105.33999633789062,105.33999633789062,105.66999816894531,105.19499969482422,105.19499969482422,17863.0
2024-07-03 09:40:00,IMCR,34.73310089111328,34.73310089111328,34.73310089111328,34.73310089111328,34.73310089111328,156.0
2024-07-03 09:40:00,IMMX,2.1814000606536865,2.1814000606536865,2.190000057220459,2.170099973678589,2.190000057220459,1441.0
2024-07-03 09:40:00,INCY,58.72999954223633,58.72999954223633,58.84000015258789,58.654998779296875,58.72520065307617,3338.0
2024-07-03 09:40:00,INMB,8.074999809265137,8.074999809265137,8.079999923706055,8.074999809265137,8.079999923706055,1754.0
2024-07-03 09:40:00,INMD,17.860000610351562,17.860000610351562,17.8799991607666,17.815000534057617,17.815000534057617,4754.0
2024-07-03 09:40:00,INO,8.510000228881836,8.510000228881836,8.510000228881836,8.470000267028809,8.470000267028809,2223.0
2024-07-03 09:40:00,INSM,63.89500045776367,63.89500045776367,63.89500045776367,63.65999984741211,63.68000030517578,6517.0
2024-07-03 09:40:00,IONM,0.3303000032901764,0.3303000032901764,0.3303000032901764,0.3303000032901764,0.3303000032901764,200.0
2024-07-03 09:40:00,IONS,45.099998474121094,45.099998474121094,45.150001525878906,44.97999954223633,44.97999954223633,3705.0
2024-07-03 09:40:00,IOVA,7.84250020980835,7.84250020980835,7.859899997711182,7.840000152587891,7.840000152587891,4095.0
2024-07-03 09:40:00,ISPC,0.2946000099182129,0.2946000099182129,0.2946000099182129,0.2946000099182129,0.2946000099182129,702.0
2024-07-03 09:40:00,ISRG,436.8999938964844,436.8999938964844,437.3999938964844,436.8999938964844,437.3999938964844,639.0
2024-07-03 09:40:00,ITOS,14.5649995803833,14.5649995803833,14.5649995803833,14.5649995803833,14.5649995803833,2179.0
2024-07-03 09:40:00,IVVD,1.1150000095367432,1.1150000095367432,1.1150000095367432,1.1150000095367432,1.1150000095367432,386.0
2024-07-03 09:40:00,IXHL,2.950000047683716,2.950000047683716,2.950000047683716,2.9040000438690186,2.9100000858306885,1683.0
2024-07-03 09:40:00,JAZZ,105.22000122070312,105.22000122070312,105.36000061035156,105.22000122070312,105.33000183105469,884.0
2024-07-03 09:40:00,KMDA,5.349999904632568,5.349999904632568,5.349999904632568,5.349999904632568,5.349999904632568,20.0
2024-07-03 09:40:00,KRON,1.2137000560760498,1.2137000560760498,1.2137000560760498,1.2137000560760498,1.2137000560760498,250.0
2024-07-03 09:40:00,KROS,42.560001373291016,42.560001373291016,42.630001068115234,42.560001373291016,42.630001068115234,402.0
2024-07-03 09:40:00,KTRA,0.26010000705718994,0.26010000705718994,0.26019999384880066,0.26010000705718994,0.26010000705718994,75411.0
2024-07-03 09:40:00,KURA,20.459999084472656,20.459999084472656,20.459999084472656,20.440000534057617,20.440000534057617,807.0
2024-07-03 09:40:00,KYMR,30.3700008392334,30.3700008392334,30.3700008392334,30.3700008392334,30.3700008392334,202.0
2024-07-03 09:40:00,LAB,1.774999976158142,1.774999976158142,1.774999976158142,1.774999976158142,1.774999976158142,1529.0
2024-07-03 09:40:00,LBPH,30.950000762939453,30.950000762939453,30.950000762939453,30.950000762939453,30.950000762939453,269.0
2024-07-03 09:40:00,LEGN,45.415000915527344,45.415000915527344,45.415000915527344,45.36000061035156,45.36000061035156,1652.0
2024-07-03 09:40:00,LEXX,2.609999895095825,2.609999895095825,2.609999895095825,2.609999895095825,2.609999895095825,109.0
2024-07-03 09:40:00,LFMD,6.590000152587891,6.590000152587891,6.670000076293945,6.590000152587891,6.650000095367432,4626.0
2024-07-03 09:40:00,LFST,5.059999942779541,5.059999942779541,5.059999942779541,5.059999942779541,5.059999942779541,113.0
2024-07-03 09:40:00,LGVN,1.6100000143051147,1.6100000143051147,1.6291999816894531,1.6100000143051147,1.6200000047683716,2452.0
2024-07-03 09:40:00,LPTX,1.708400011062622,1.708400011062622,1.708400011062622,1.708400011062622,1.708400011062622,3588.0
2024-07-03 09:40:00,LQDA,11.906999588012695,11.906999588012695,11.906999588012695,11.906999588012695,11.906999588012695,2247.0
2024-07-03 09:40:00,LTRN,4.474999904632568,4.474999904632568,4.474999904632568,4.420000076293945,4.420000076293945,94.0
2024-07-03 09:40:00,LUCY,0.47999998927116394,0.47999998927116394,0.4837999939918518,0.4779999852180481,0.4837999939918518,16598.0
2024-07-03 09:40:00,LYEL,1.4305000305175781,1.4305000305175781,1.4305000305175781,1.4305000305175781,1.4305000305175781,721.0
2024-07-03 09:40:00,LYRA,0.2766000032424927,0.2766000032424927,0.2766000032424927,0.2750000059604645,0.2750000059604645,5611.0
2024-07-03 09:40:00,MASI,113.06999969482422,113.06999969482422,113.16000366210938,113.06999969482422,113.16000366210938,1557.0
2024-07-03 09:40:00,MBIO,0.5289999842643738,0.5289999842643738,0.5289999842643738,0.5249999761581421,0.5249999761581421,11014.0
2024-07-03 09:40:00,MBOT,1.034999966621399,1.034999966621399,1.034999966621399,1.0299999713897705,1.0299999713897705,697.0
2024-07-03 09:40:00,MCRB,0.7016000151634216,0.7016000151634216,0.7016000151634216,0.7014999985694885,0.7014999985694885,2836.0
2024-07-03 09:40:00,MDGL,271.875,271.875,271.875,271.739990234375,271.739990234375,2434.0
2024-07-03 09:40:00,MDWD,15.6899995803833,15.6899995803833,15.6899995803833,15.6899995803833,15.6899995803833,200.0
2024-07-03 09:40:00,MDXG,6.764999866485596,6.764999866485596,6.764999866485596,6.764999866485596,6.764999866485596,222.0
2024-07-03 09:40:00,ME,0.387800008058548,0.387800008058548,0.387800008058548,0.387800008058548,0.387800008058548,10320.0
2024-07-03 09:40:00,MGNX,4.224999904632568,4.224999904632568,4.230000019073486,4.210000038146973,4.210100173950195,6585.0
2024-07-03 09:40:00,MGTX,3.9200000762939453,3.9200000762939453,3.9200000762939453,3.9200000762939453,3.9200000762939453,419.0
2024-07-03 09:40:00,MIRM,34.32500076293945,34.32500076293945,34.32500076293945,34.32500076293945,34.32500076293945,440.0
2024-07-03 09:40:00,MIST,1.3100999593734741,1.3100999593734741,1.3200000524520874,1.3100999593734741,1.3105000257492065,1690.0
2024-07-03 09:40:00,MLTX,40.32500076293945,40.32500076293945,40.32500076293945,40.07339859008789,40.07339859008789,1133.0
2024-07-03 09:40:00,MNKD,5.025000095367432,5.025000095367432,5.025000095367432,5.025000095367432,5.025000095367432,1457.0
2024-07-03 09:40:00,MNMD,7.039999961853027,7.039999961853027,7.070000171661377,7.039999961853027,7.070000171661377,1547.0
2024-07-03 09:40:00,MORF,31.200000762939453,31.200000762939453,31.389999389648438,31.200000762939453,31.389999389648438,1818.0
2024-07-03 09:40:00,MRNA,118.31999969482422,118.31999969482422,118.4000015258789,117.87300109863281,118.08999633789062,6489.0
2024-07-03 09:40:00,MRVI,6.800000190734863,6.800000190734863,6.800000190734863,6.800000190734863,6.800000190734863,459.0
2024-07-03 09:40:00,NCNA,2.7300000190734863,2.7300000190734863,2.7300000190734863,2.7300000190734863,2.7300000190734863,2.0
2024-07-03 09:40:00,NDRA,0.0869000032544136,0.0869000032544136,0.0869000032544136,0.0869000032544136,0.0869000032544136,152.0
2024-07-03 09:40:00,NEOG,15.079999923706055,15.079999923706055,15.079999923706055,15.079999923706055,15.079999923706055,404.0
2024-07-03 09:40:00,NKTR,1.225000023841858,1.225000023841858,1.225000023841858,1.2200000286102295,1.2200000286102295,9427.0
2024-07-03 09:40:00,NKTX,5.215000152587891,5.215000152587891,5.228799819946289,5.179999828338623,5.228799819946289,787.0
2024-07-03 09:40:00,NLSP,0.20499999821186066,0.20499999821186066,0.20499999821186066,0.20499999821186066,0.20499999821186066,1820.0
2024-07-03 09:40:00,NNOX,7.0,7.0,7.046299934387207,7.0,7.046299934387207,3689.0
2024-07-03 09:40:00,NRC,22.8700008392334,22.8700008392334,22.8700008392334,22.8700008392334,22.8700008392334,1001.0
2024-07-03 09:40:00,NRIX,18.9950008392334,18.9950008392334,19.040000915527344,18.876699447631836,18.876699447631836,1897.0
2024-07-03 09:40:00,NTLA,22.40999984741211,22.40999984741211,22.40999984741211,22.309499740600586,22.309499740600586,2857.0
2024-07-03 09:40:00,NTRA,111.62999725341797,111.62999725341797,111.83999633789062,111.62999725341797,111.68000030517578,1591.0
2024-07-03 09:40:00,NUVL,72.41000366210938,72.41000366210938,72.5,72.41000366210938,72.5,601.0
2024-07-03 09:40:00,NVAX,13.029999732971191,13.029999732971191,13.039999961853027,12.979999542236328,12.979999542236328,18909.0
2024-07-03 09:40:00,NVCR,16.989999771118164,16.989999771118164,17.040000915527344,16.989999771118164,17.0049991607666,2064.0
2024-07-03 09:40:00,NXL,1.5199999809265137,1.5199999809265137,1.5199999809265137,1.5,1.503999948501587,4352.0
2024-07-03 09:40:00,OCGN,1.6050000190734863,1.6050000190734863,1.6100000143051147,1.6050000190734863,1.6050000190734863,748.0
2024-07-03 09:40:00,OCUL,6.769999980926514,6.769999980926514,6.769999980926514,6.769999980926514,6.769999980926514,215.0
2024-07-03 09:40:00,OLK,25.844999313354492,25.844999313354492,25.844999313354492,25.844999313354492,25.844999313354492,2585.0
2024-07-03 09:40:00,OLMA,10.5,10.5,10.5,10.479999542236328,10.479999542236328,2032.0
2024-07-03 09:40:00,OMCL,26.200199127197266,26.200199127197266,26.200199127197266,26.200199127197266,26.200199127197266,1402.0
2024-07-03 09:40:00,OMGA,2.119999885559082,2.119999885559082,2.119999885559082,2.119999885559082,2.119999885559082,301.0
2024-07-03 09:40:00,ONCY,1.0099999904632568,1.0099999904632568,1.0099999904632568,1.0099999904632568,1.0099999904632568,455.0
2024-07-03 09:41:00,AADI,1.3700000047683716,1.3700000047683716,1.3700000047683716,1.3700000047683716,1.3700000047683716,908.0
2024-07-03 09:41:00,ABEO,4.244999885559082,4.244999885559082,4.244999885559082,4.239999771118164,4.239999771118164,5668.0
2024-07-03 09:41:00,ABSI,3.2799999713897705,3.2799999713897705,3.2799999713897705,3.259999990463257,3.2750000953674316,540.0
2024-07-03 09:41:00,ABUS,3.1500000953674316,3.1500000953674316,3.1500000953674316,3.1449999809265137,3.1500000953674316,3387.0
2024-07-03 09:41:00,ACB,4.609000205993652,4.609000205993652,4.609000205993652,4.599999904632568,4.599999904632568,3119.0
2024-07-03 09:41:00,ACCD,3.569999933242798,3.569999933242798,3.569999933242798,3.569999933242798,3.569999933242798,4361.0
2024-07-03 09:41:00,ACET,1.100000023841858,1.100000023841858,1.100000023841858,1.100000023841858,1.100000023841858,1923.0
2024-07-03 09:41:00,ACLX,53.709999084472656,53.709999084472656,53.72999954223633,53.709999084472656,53.72999954223633,402.0
2024-07-03 09:41:00,ACON,0.28999999165534973,0.28999999165534973,0.28999999165534973,0.28999999165534973,0.28999999165534973,2545.0
2024-07-03 09:41:00,ADAP,1.0499999523162842,1.0499999523162842,1.0499999523162842,1.0499999523162842,1.0499999523162842,7957.0
2024-07-03 09:41:00,ADMA,11.319999694824219,11.319999694824219,11.329999923706055,11.305000305175781,11.329999923706055,5939.0
2024-07-03 09:41:00,ADPT,3.369999885559082,3.369999885559082,3.369999885559082,3.369999885559082,3.369999885559082,400.0
2024-07-03 09:41:00,ADUS,116.7249984741211,116.7249984741211,116.7249984741211,116.7249984741211,116.7249984741211,0.0
2024-07-03 09:41:00,ADVM,6.835000038146973,6.835000038146973,6.866499900817871,6.835000038146973,6.866499900817871,438.0
2024-07-03 09:41:00,AGEN,14.859999656677246,14.859999656677246,14.859999656677246,14.520000457763672,14.520000457763672,10299.0
2024-07-03 09:41:00,AGIO,42.36000061035156,42.36000061035156,42.400001525878906,41.91999816894531,41.91999816894531,1616.0
2024-07-03 09:41:00,AHCO,9.760000228881836,9.760000228881836,9.770000457763672,9.75,9.770000457763672,10521.0
2024-07-03 09:41:00,AIMD,0.8003000020980835,0.8003000020980835,0.8003000020980835,0.8003000020980835,0.8003000020980835,3479.0
2024-07-03 09:41:00,AKBA,0.9449999928474426,0.9449999928474426,0.9449999928474426,0.9449999928474426,0.9449999928474426,190.0
2024-07-03 09:41:00,AKRO,22.079999923706055,22.079999923706055,22.079999923706055,22.079999923706055,22.079999923706055,270.0
2024-07-03 09:41:00,AKYA,2.1500000953674316,2.1500000953674316,2.1600000858306885,2.1500000953674316,2.1600000858306885,3614.0
2024-07-03 09:41:00,ALDX,3.2300000190734863,3.2300000190734863,3.2300000190734863,3.2100000381469727,3.2100000381469727,5222.0
2024-07-03 09:41:00,ALHC,8.020000457763672,8.020000457763672,8.020000457763672,8.020000457763672,8.020000457763672,200.0
2024-07-03 09:41:00,ALKS,24.200000762939453,24.200000762939453,24.200000762939453,24.18000030517578,24.18000030517578,1038.0
2024-07-03 09:41:00,ALLK,0.8454999923706055,0.8454999923706055,0.8454999923706055,0.8454999923706055,0.8454999923706055,1622.0
2024-07-03 09:41:00,ALLO,2.1549999713897705,2.1549999713897705,2.1575000286102295,2.1500000953674316,2.1500000953674316,4686.0
2024-07-03 09:41:00,ALLR,0.20679999887943268,0.20679999887943268,0.20999999344348907,0.20669999718666077,0.20999999344348907,12742.0
2024-07-03 09:41:00,ALNY,246.60000610351562,246.60000610351562,246.89999389648438,246.27999877929688,246.89999389648438,3021.0
2024-07-03 09:41:00,ALT,6.769999980926514,6.769999980926514,6.769999980926514,6.730000019073486,6.738699913024902,8099.0
2024-07-03 09:41:00,ALVO,12.199999809265137,12.199999809265137,12.199999809265137,12.199999809265137,12.199999809265137,422.0
2024-07-03 09:41:00,AMED,96.5999984741211,96.5999984741211,96.7300033569336,96.5999984741211,96.72000122070312,3435.0
2024-07-03 09:41:00,AMLX,1.7200000286102295,1.7200000286102295,1.7200000286102295,1.7200000286102295,1.7200000286102295,738.0
2024-07-03 09:41:00,AMPH,37.709999084472656,37.709999084472656,37.709999084472656,37.709999084472656,37.709999084472656,320.0
2024-07-03 09:41:00,AMRN,0.7099000215530396,0.7099000215530396,0.7099000215530396,0.7049000263214111,0.7049000263214111,2973.0
2024-07-03 09:41:00,ANAB,24.639999389648438,24.639999389648438,24.649999618530273,24.479000091552734,24.479000091552734,1540.0
2024-07-03 09:41:00,ANNX,4.715000152587891,4.715000152587891,4.715000152587891,4.710000038146973,4.710000038146973,1555.0
2024-07-03 09:41:00,ANTX,2.410099983215332,2.410099983215332,2.4200000762939453,2.3901000022888184,2.3901000022888184,708.0
2024-07-03 09:41:00,APDN,0.46790000796318054,0.46790000796318054,0.46790000796318054,0.46790000796318054,0.46790000796318054,1974.0
2024-07-03 09:41:00,APLS,35.77000045776367,35.77000045776367,35.790000915527344,35.689998626708984,35.790000915527344,546.0
2024-07-03 09:41:00,APLT,4.3516998291015625,4.3516998291015625,4.3516998291015625,4.3516998291015625,4.3516998291015625,628.0
2024-07-03 09:41:00,AQST,2.384999990463257,2.384999990463257,2.390000104904175,2.384999990463257,2.388200044631958,3303.0
2024-07-03 09:41:00,ARDX,5.210000038146973,5.210000038146973,5.25,5.195000171661377,5.25,176205.0
2024-07-03 09:41:00,ARQT,9.760000228881836,9.760000228881836,9.779999732971191,9.670000076293945,9.670000076293945,33275.0
2024-07-03 09:41:00,ARVN,24.739999771118164,24.739999771118164,24.799999237060547,24.68000030517578,24.68000030517578,0.0
2024-07-03 09:41:00,ARWR,25.389999389648438,25.389999389648438,25.450000762939453,25.389999389648438,25.450000762939453,676.0
2024-07-03 09:41:00,ASLN,2.2411999702453613,2.2411999702453613,2.2411999702453613,2.240000009536743,2.240000009536743,2906.0
2024-07-03 09:41:00,ATAI,1.3134000301361084,1.3134000301361084,1.3199000358581543,1.3134000301361084,1.3199000358581543,671.0
2024-07-03 09:41:00,ATOS,1.1396000385284424,1.1396000385284424,1.1399999856948853,1.1299999952316284,1.1349999904632568,10513.0
2024-07-03 09:41:00,ATRA,7.651100158691406,7.651100158691406,7.651100158691406,7.651100158691406,7.651100158691406,254.0
2024-07-03 09:41:00,ATRC,22.209999084472656,22.209999084472656,22.209999084472656,22.209999084472656,22.209999084472656,362.0
2024-07-03 09:41:00,AUPH,5.474999904632568,5.474999904632568,5.474999904632568,5.452199935913086,5.464700222015381,1917.0
2024-07-03 09:41:00,AUTL,3.4149999618530273,3.4149999618530273,3.4149999618530273,3.4100000858306885,3.4100000858306885,779.0
2024-07-03 09:41:00,AVDL,14.079999923706055,14.079999923706055,14.079999923706055,14.010000228881836,14.010000228881836,3676.0
2024-07-03 09:41:00,AVIR,3.2300000190734863,3.2300000190734863,3.2300000190734863,3.2300000190734863,3.2300000190734863,0.0
2024-07-03 09:41:00,AVXL,4.196300029754639,4.196300029754639,4.199999809265137,4.196300029754639,4.199999809265137,1085.0
2024-07-03 09:41:00,AZN,76.84210205078125,76.84210205078125,76.872802734375,76.83000183105469,76.872802734375,8028.0
2024-07-03 09:41:00,AZTA,51.560001373291016,51.560001373291016,51.560001373291016,51.560001373291016,51.560001373291016,317.0
2024-07-03 09:41:00,BBIO,24.979999542236328,24.979999542236328,24.979999542236328,24.979999542236328,24.979999542236328,233.0
2024-07-03 09:41:00,BCAB,1.3250000476837158,1.3250000476837158,1.3300000429153442,1.3200000524520874,1.3250000476837158,37544.0
2024-07-03 09:41:00,BCDA,2.9200000762939453,2.9200000762939453,2.9200000762939453,2.8499999046325684,2.8499999046325684,1406.0
2024-07-03 09:41:00,BCRX,6.550000190734863,6.550000190734863,6.550000190734863,6.53000020980835,6.53000020980835,5729.0
2024-07-03 09:41:00,BDSX,1.5850000381469727,1.5850000381469727,1.600000023841858,1.5800000429153442,1.5800000429153442,6888.0
2024-07-03 09:41:00,BEAM,23.295000076293945,23.295000076293945,23.309999465942383,23.220600128173828,23.229999542236328,4492.0
2024-07-03 09:41:00,BFRI,0.8999999761581421,0.8999999761581421,0.8999999761581421,0.8989999890327454,0.8989999890327454,2461.0
2024-07-03 09:41:00,BGXX,0.26440000534057617,0.26440000534057617,0.27300000190734863,0.2632000148296356,0.27300000190734863,6505.0
2024-07-03 09:41:00,BIIB,227.61000061035156,227.61000061035156,227.61000061035156,227.61000061035156,227.61000061035156,510.0
2024-07-03 09:41:00,BIOL,0.10000000149011612,0.10000000149011612,0.10000000149011612,0.10000000149011612,0.10000000149011612,350.0
2024-07-03 09:41:00,BIVI,0.415800005197525,0.415800005197525,0.415800005197525,0.415800005197525,0.415800005197525,2856.0
2024-07-03 09:41:00,BJDX,0.6449999809265137,0.6449999809265137,0.6449999809265137,0.6449999809265137,0.6449999809265137,333.0
2024-07-03 09:41:00,BLUE,0.9312000274658203,0.9312000274658203,0.9332000017166138,0.9290000200271606,0.9290000200271606,20928.0
2024-07-03 09:41:00,BMEA,4.372900009155273,4.372900009155273,4.372900009155273,4.372900009155273,4.372900009155273,472.0
2024-07-03 09:41:00,BMRN,81.9800033569336,81.9800033569336,81.9800033569336,81.94000244140625,81.94000244140625,1026.0
2024-07-03 09:41:00,BNGO,0.588100016117096,0.588100016117096,0.588100016117096,0.588100016117096,0.588100016117096,189.0
2024-07-03 09:41:00,BNTX,80.91999816894531,80.91999816894531,81.2699966430664,80.87999725341797,80.87999725341797,2330.0
2024-07-03 09:41:00,BRKR,61.5099983215332,61.5099983215332,61.68000030517578,61.5099983215332,61.68000030517578,2029.0
2024-07-03 09:41:00,BTAI,1.0819000005722046,1.0819000005722046,1.0819000005722046,1.0819000005722046,1.0819000005722046,741.0
2024-07-03 09:41:00,BVS,5.894999980926514,5.894999980926514,5.894999980926514,5.894999980926514,5.894999980926514,756.0
2024-07-03 09:41:00,BYSI,2.359999895095825,2.359999895095825,2.375,2.359999895095825,2.375,2150.0
2024-07-03 09:41:00,CABA,7.429999828338623,7.429999828338623,7.43209981918335,7.429999828338623,7.43209981918335,838.0
2024-07-03 09:41:00,CADL,6.289999961853027,6.289999961853027,6.289999961853027,6.289999961853027,6.289999961853027,179.0
2024-07-03 09:41:00,CASI,5.250100135803223,5.250100135803223,5.250100135803223,5.250100135803223,5.250100135803223,1352.0
2024-07-03 09:41:00,CCCC,4.679900169372559,4.679900169372559,4.679900169372559,4.639999866485596,4.641600131988525,5303.0
2024-07-03 09:41:00,CCRN,13.739999771118164,13.739999771118164,13.739999771118164,13.739999771118164,13.739999771118164,209.0
2024-07-03 09:41:00,CDMO,7.130000114440918,7.130000114440918,7.130000114440918,7.051000118255615,7.085000038146973,290.0
2024-07-03 09:41:00,CDNA,15.078900337219238,15.078900337219238,15.078900337219238,15.0,15.029999732971191,2501.0
2024-07-03 09:41:00,CERE,41.2599983215332,41.2599983215332,41.2599983215332,41.2400016784668,41.2400016784668,3952.0
2024-07-03 09:41:00,CERS,1.7000000476837158,1.7000000476837158,1.7050000429153442,1.7000000476837158,1.7050000429153442,2202.0
2024-07-03 09:41:00,CGC,6.46120023727417,6.46120023727417,6.46999979019165,6.440000057220459,6.440700054168701,19383.0
2024-07-03 09:41:00,CGEM,16.56999969482422,16.56999969482422,16.56999969482422,16.389999389648438,16.389999389648438,165.0
2024-07-03 09:41:00,CHRS,1.3450000286102295,1.3450000286102295,1.3550000190734863,1.340000033378601,1.350100040435791,61794.0
2024-07-03 09:41:00,CKPT,2.1549999713897705,2.1549999713897705,2.1600000858306885,2.147200107574463,2.1500000953674316,5724.0
2024-07-03 09:41:00,CLOV,1.2549999952316284,1.2549999952316284,1.2555999755859375,1.2549999952316284,1.2555999755859375,1407.0
2024-07-03 09:41:00,CLPT,5.315000057220459,5.315000057220459,5.315000057220459,5.315000057220459,5.315000057220459,628.0
2024-07-03 09:41:00,CMPS,6.045000076293945,6.045000076293945,6.045000076293945,6.045000076293945,6.045000076293945,1033.0
2024-07-03 09:41:00,CNSP,2.2499001026153564,2.2499001026153564,2.380000114440918,2.240000009536743,2.2797999382019043,202614.0
2024-07-03 09:41:00,COGT,8.295000076293945,8.295000076293945,8.295000076293945,8.295000076293945,8.295000076293945,28.0
2024-07-03 09:41:00,COLL,32.13999938964844,32.13999938964844,32.13999938964844,32.13999938964844,32.13999938964844,290.0
2024-07-03 09:41:00,CORT,31.125,31.125,31.260000228881836,31.100000381469727,31.260000228881836,2889.0
2024-07-03 09:41:00,COSM,1.0217000246047974,1.0217000246047974,1.0217000246047974,1.0217000246047974,1.0217000246047974,1369.0
2024-07-03 09:41:00,CPRX,15.84000015258789,15.84000015258789,15.84000015258789,15.829999923706055,15.829999923706055,1716.0
2024-07-03 09:41:00,CRBU,1.6050000190734863,1.6050000190734863,1.6050000190734863,1.6050000190734863,1.6050000190734863,675.0
2024-07-03 09:41:00,CRDF,2.119999885559082,2.119999885559082,2.119999885559082,2.119999885559082,2.119999885559082,464.0
2024-07-03 09:41:00,CRNX,45.31999969482422,45.31999969482422,45.31999969482422,45.31999969482422,45.31999969482422,1749.0
2024-07-03 09:41:00,CRSP,53.63880157470703,53.63880157470703,53.63880157470703,53.56999969482422,53.56999969482422,1020.0
2024-07-03 09:41:00,CTKB,5.659999847412109,5.659999847412109,5.659999847412109,5.659999847412109,5.659999847412109,231.0
2024-07-03 09:41:00,CTMX,1.315000057220459,1.315000057220459,1.315000057220459,1.315000057220459,1.315000057220459,847.0
2024-07-03 09:41:00,CUE,1.0499999523162842,1.0499999523162842,1.065000057220459,1.0499999523162842,1.065000057220459,919.0
2024-07-03 09:41:00,CVAC,3.619999885559082,3.619999885559082,3.6798999309539795,3.619999885559082,3.630000114440918,25929.0
2024-07-03 09:41:00,CVRX,11.630000114440918,11.630000114440918,11.630000114440918,11.630000114440918,11.630000114440918,618.0
2024-07-03 09:41:00,CYTK,54.92499923706055,54.92499923706055,54.92499923706055,54.92499923706055,54.92499923706055,1045.0
2024-07-03 09:41:00,DARE,3.3499999046325684,3.3499999046325684,3.3499999046325684,3.3499999046325684,3.3499999046325684,626.0
2024-07-03 09:41:00,DAWN,13.364999771118164,13.364999771118164,13.364999771118164,13.350000381469727,13.359999656677246,2382.0
2024-07-03 09:41:00,DCTH,7.929999828338623,7.929999828338623,7.929999828338623,7.900000095367432,7.900000095367432,1322.0
2024-07-03 09:41:00,DH,5.449999809265137,5.449999809265137,5.46999979019165,5.449999809265137,5.46999979019165,800.0
2024-07-03 09:41:00,DNLI,22.1200008392334,22.1200008392334,22.18000030517578,22.09000015258789,22.18000030517578,2310.0
2024-07-03 09:41:00,DTIL,9.220000267028809,9.220000267028809,9.220000267028809,9.220000267028809,9.220000267028809,100.0
2024-07-03 09:41:00,DXCM,111.94000244140625,111.94000244140625,111.94000244140625,111.94000244140625,111.94000244140625,297.0
2024-07-03 09:41:00,DYN,34.439998626708984,34.439998626708984,34.470001220703125,34.439998626708984,34.439998626708984,1186.0
2024-07-03 09:41:00,EDIT,4.619999885559082,4.619999885559082,4.630000114440918,4.610000133514404,4.610000133514404,1381.0
2024-07-03 09:41:00,ENSG,126.91000366210938,126.91000366210938,126.98999786376953,126.76000213623047,126.98999786376953,1869.0
2024-07-03 09:41:00,ENTA,13.310099601745605,13.310099601745605,13.310099601745605,13.310099601745605,13.310099601745605,511.0
2024-07-03 09:41:00,ERAS,2.282099962234497,2.282099962234497,2.282099962234497,2.282099962234497,2.282099962234497,1759.0
2024-07-03 09:41:00,ESPR,2.384999990463257,2.384999990463257,2.384999990463257,2.375,2.375,15003.0
2024-07-03 09:41:00,ESTA,42.78499984741211,42.78499984741211,42.78499984741211,42.78499984741211,42.78499984741211,174.0
2024-07-03 09:41:00,EVO,5.039999961853027,5.039999961853027,5.039999961853027,5.039999961853027,5.039999961853027,842.0
2024-07-03 09:41:00,EWTX,17.8799991607666,17.8799991607666,17.950000762939453,17.811800003051758,17.93000030517578,4809.0
2024-07-03 09:41:00,EXAI,5.199999809265137,5.199999809265137,5.229899883270264,5.199999809265137,5.199999809265137,2771.0
2024-07-03 09:41:00,EXAS,43.369998931884766,43.369998931884766,43.369998931884766,43.29999923706055,43.310001373291016,2549.0
2024-07-03 09:41:00,EXEL,22.15999984741211,22.15999984741211,22.170000076293945,22.15999984741211,22.170000076293945,922.0
2024-07-03 09:41:00,FATE,3.2200000286102295,3.2200000286102295,3.2200000286102295,3.2200000286102295,3.2200000286102295,1179.0
2024-07-03 09:41:00,FDMT,20.920000076293945,20.920000076293945,20.924999237060547,20.844999313354492,20.844999313354492,1442.0
2024-07-03 09:41:00,FLGC,0.9399999976158142,0.9399999976158142,0.9399999976158142,0.9399999976158142,0.9399999976158142,200.0
2024-07-03 09:41:00,FOLD,9.899999618530273,9.899999618530273,9.899999618530273,9.869999885559082,9.869999885559082,1097.0
2024-07-03 09:41:00,FULC,6.130000114440918,6.130000114440918,6.130000114440918,6.090000152587891,6.090000152587891,5844.0
2024-07-03 09:41:00,GALT,2.2200000286102295,2.2200000286102295,2.25,2.2200000286102295,2.25,2444.0
2024-07-03 09:41:00,GDRX,7.789999961853027,7.789999961853027,7.789999961853027,7.75,7.760000228881836,7907.0
2024-07-03 09:41:00,GERN,4.295000076293945,4.295000076293945,4.315000057220459,4.295000076293945,4.300000190734863,44314.0
2024-07-03 09:41:00,GILD,67.91000366210938,67.91000366210938,67.9749984741211,67.91000366210938,67.9749984741211,7099.0
2024-07-03 09:41:00,GLPG,25.420000076293945,25.420000076293945,25.420000076293945,25.3700008392334,25.3700008392334,1346.0
2024-07-03 09:41:00,GLSI,17.48780059814453,17.48780059814453,17.48780059814453,17.48780059814453,17.48780059814453,0.0
2024-07-03 09:41:00,GLTO,0.4699000120162964,0.4699000120162964,0.4699000120162964,0.4699000120162964,0.4699000120162964,2602.0
2024-07-03 09:41:00,GLYC,0.26589998602867126,0.26589998602867126,0.26739999651908875,0.26589998602867126,0.26739999651908875,1300.0
2024-07-03 09:41:00,GMAB,25.190000534057617,25.190000534057617,25.190000534057617,25.18000030517578,25.18000030517578,1600.0
2024-07-03 09:41:00,GNFT,3.9600000381469727,3.9600000381469727,3.9600000381469727,3.9600000381469727,3.9600000381469727,200.0
2024-07-03 09:41:00,GNPX,1.9850000143051147,1.9850000143051147,1.9850000143051147,1.9850000143051147,1.9850000143051147,1140.0
2024-07-03 09:41:00,GOSS,0.9434999823570251,0.9434999823570251,0.9434999823570251,0.9377999901771545,0.9377999901771545,10453.0
2024-07-03 09:41:00,GOVX,3.140000104904175,3.140000104904175,3.1500000953674316,3.140000104904175,3.1500000953674316,5468.0
2024-07-03 09:41:00,GRTS,0.5701000094413757,0.5701000094413757,0.5701000094413757,0.5701000094413757,0.5701000094413757,603.0
2024-07-03 09:41:00,GTHX,2.4800000190734863,2.4800000190734863,2.4800000190734863,2.4800000190734863,2.4800000190734863,301.0
2024-07-03 09:41:00,HALO,51.44499969482422,51.44499969482422,51.44499969482422,51.44499969482422,51.44499969482422,413.0
2024-07-03 09:41:00,HCM,17.5,17.5,17.549999237060547,17.479999542236328,17.549999237060547,1071.0
2024-07-03 09:41:00,HCSG,11.15999984741211,11.15999984741211,11.15999984741211,11.140000343322754,11.140000343322754,1145.0
2024-07-03 09:41:00,HOLX,73.30500030517578,73.30500030517578,73.30500030517578,73.23999786376953,73.29000091552734,992.0
2024-07-03 09:41:00,HOOK,0.5702000260353088,0.5702000260353088,0.5702000260353088,0.5702000260353088,0.5702000260353088,248.0
2024-07-03 09:41:00,HQY,84.62999725341797,84.62999725341797,85.19999694824219,84.57499694824219,84.58499908447266,1108.0
2024-07-03 09:41:00,HROW,21.559999465942383,21.559999465942383,21.610000610351562,21.469999313354492,21.510900497436523,12305.0
2024-07-03 09:41:00,HRTX,2.7890000343322754,2.7890000343322754,2.7899999618530273,2.7750000953674316,2.7750000953674316,10228.0
2024-07-03 09:41:00,HSIC,65.2300033569336,65.2300033569336,65.2300033569336,65.2300033569336,65.2300033569336,593.0
2024-07-03 09:41:00,HUGE,0.15489999949932098,0.15489999949932098,0.15489999949932098,0.15489999949932098,0.15489999949932098,1264.0
2024-07-03 09:41:00,HUMA,5.369999885559082,5.369999885559082,5.369999885559082,5.34499979019165,5.34499979019165,5524.0
2024-07-03 09:41:00,IART,29.010000228881836,29.010000228881836,29.010000228881836,29.010000228881836,29.010000228881836,285.0
2024-07-03 09:41:00,IBRX,6.192200183868408,6.192200183868408,6.202199935913086,6.192200183868408,6.202199935913086,488.0
2024-07-03 09:41:00,ICLR,317.5400085449219,317.5400085449219,318.2149963378906,317.5400085449219,318.2149963378906,1234.0
2024-07-03 09:41:00,IDYA,33.71500015258789,33.71500015258789,33.71500015258789,33.71500015258789,33.71500015258789,133.0
2024-07-03 09:41:00,ILMN,105.3949966430664,105.3949966430664,105.5199966430664,105.2300033569336,105.5199966430664,5218.0
2024-07-03 09:41:00,IMMP,1.940000057220459,1.940000057220459,1.940000057220459,1.940000057220459,1.940000057220459,200.0
2024-07-03 09:41:00,IMMX,2.184999942779541,2.184999942779541,2.184999942779541,2.1733999252319336,2.180000066757202,2262.0
2024-07-03 09:41:00,IMNM,11.795000076293945,11.795000076293945,11.800000190734863,11.75,11.765000343322754,1384.0
2024-07-03 09:41:00,IMRX,1.1299999952316284,1.1299999952316284,1.1299999952316284,1.1299999952316284,1.1299999952316284,541.0
2024-07-03 09:41:00,IMVT,26.520000457763672,26.520000457763672,26.520000457763672,26.459999084472656,26.520000457763672,1145.0
2024-07-03 09:41:00,INAB,0.800000011920929,0.800000011920929,0.800000011920929,0.800000011920929,0.800000011920929,0.0
2024-07-03 09:41:00,INBX,13.550000190734863,13.550000190734863,13.550000190734863,13.550000190734863,13.550000190734863,849.0
2024-07-03 09:41:00,INCY,58.84000015258789,58.84000015258789,58.84000015258789,58.77000045776367,58.77000045776367,1272.0
2024-07-03 09:41:00,INMB,8.069999694824219,8.069999694824219,8.069999694824219,8.069999694824219,8.069999694824219,0.0
2024-07-03 09:41:00,INMD,17.8799991607666,17.8799991607666,17.8799991607666,17.850000381469727,17.850000381469727,4410.0
2024-07-03 09:41:00,INO,8.534000396728516,8.534000396728516,8.539999961853027,8.479999542236328,8.539999961853027,1208.0
2024-07-03 09:41:00,INSM,63.86000061035156,63.86000061035156,63.90999984741211,63.810001373291016,63.90999984741211,1120.0
2024-07-03 09:41:00,IONM,0.33000001311302185,0.33000001311302185,0.33000001311302185,0.33000001311302185,0.33000001311302185,100.0
2024-07-03 09:41:00,IONS,45.10210037231445,45.10210037231445,45.10210037231445,45.10210037231445,45.10210037231445,495.0
2024-07-03 09:41:00,IOVA,7.840000152587891,7.840000152587891,7.849999904632568,7.829999923706055,7.840000152587891,9573.0
2024-07-03 09:41:00,ISRG,436.8900146484375,436.8900146484375,436.9549865722656,436.8900146484375,436.9549865722656,228.0
2024-07-03 09:41:00,ITCI,68.08999633789062,68.08999633789062,68.20500183105469,67.94000244140625,67.94000244140625,3554.0
2024-07-03 09:41:00,IVVD,1.1150000095367432,1.1150000095367432,1.1186000108718872,1.1150000095367432,1.1186000108718872,698.0
2024-07-03 09:41:00,JAZZ,105.16500091552734,105.16500091552734,105.16500091552734,105.16500091552734,105.16500091552734,504.0
2024-07-03 09:41:00,KALV,11.5600004196167,11.5600004196167,11.5600004196167,11.539999961853027,11.539999961853027,1007.0
2024-07-03 09:41:00,KOD,2.2200000286102295,2.2200000286102295,2.2458999156951904,2.2200000286102295,2.2458999156951904,542.0
2024-07-03 09:41:00,KPTI,0.8299999833106995,0.8299999833106995,0.8370000123977661,0.8199999928474426,0.8299999833106995,4704.0
2024-07-03 09:41:00,KRMD,2.315000057220459,2.315000057220459,2.315000057220459,2.315000057220459,2.315000057220459,134.0
2024-07-03 09:41:00,KROS,42.56999969482422,42.56999969482422,42.61000061035156,42.56999969482422,42.61000061035156,1549.0
2024-07-03 09:41:00,KYMR,30.600000381469727,30.600000381469727,30.649999618530273,30.56999969482422,30.56999969482422,1532.0
2024-07-03 09:41:00,KZIA,0.210099995136261,0.210099995136261,0.2175000011920929,0.210099995136261,0.2175000011920929,570.0
2024-07-03 09:41:00,LBPH,30.950000762939453,30.950000762939453,30.950000762939453,30.950000762939453,30.950000762939453,265.0
2024-07-03 09:41:00,LEGN,45.47999954223633,45.47999954223633,45.47999954223633,45.47999954223633,45.47999954223633,83.0
2024-07-03 09:41:00,LFST,5.059999942779541,5.059999942779541,5.059999942779541,5.059999942779541,5.059999942779541,220.0
2024-07-03 09:41:00,LGND,84.58999633789062,84.58999633789062,84.58999633789062,84.58999633789062,84.58999633789062,0.0
2024-07-03 09:41:00,LGVN,1.649999976158142,1.649999976158142,1.649999976158142,1.6299999952316284,1.6299999952316284,13346.0
2024-07-03 09:41:00,LMAT,81.86070251464844,81.86070251464844,81.86070251464844,81.86070251464844,81.86070251464844,809.0
2024-07-03 09:41:00,LNTH,78.375,78.375,78.375,78.375,78.375,599.0
2024-07-03 09:41:00,LTRN,4.489999771118164,4.489999771118164,4.489999771118164,4.489999771118164,4.489999771118164,450.0
2024-07-03 09:41:00,LUCY,0.4722000062465668,0.4722000062465668,0.47749999165534973,0.47099998593330383,0.47699999809265137,73642.0
2024-07-03 09:41:00,LXRX,1.6200000047683716,1.6200000047683716,1.625,1.6198999881744385,1.6198999881744385,22274.0
2024-07-03 09:41:00,LYEL,1.440000057220459,1.440000057220459,1.4464999437332153,1.4299999475479126,1.4464999437332153,3174.0
2024-07-03 09:41:00,LYRA,0.27469998598098755,0.27469998598098755,0.2750000059604645,0.27469998598098755,0.2750000059604645,44620.0
2024-07-03 09:41:00,MASS,4.730000019073486,4.730000019073486,4.730000019073486,4.699999809265137,4.710000038146973,1539.0
2024-07-03 09:41:00,MBIO,0.5367000102996826,0.5367000102996826,0.5383999943733215,0.5263000130653381,0.5350000262260437,30655.0
2024-07-03 09:41:00,MBOT,1.0299999713897705,1.0299999713897705,1.0299999713897705,1.0299999713897705,1.0299999713897705,908.0
2024-07-03 09:41:00,MDGL,271.9750061035156,271.9750061035156,271.9750061035156,271.9750061035156,271.9750061035156,943.0
2024-07-03 09:41:00,ME,0.3912999927997589,0.3912999927997589,0.3937999904155731,0.38280001282691956,0.3937999904155731,7503.0
2024-07-03 09:41:00,MESO,6.53000020980835,6.53000020980835,6.535699844360352,6.53000020980835,6.535699844360352,1360.0
2024-07-03 09:41:00,MGNX,4.230000019073486,4.230000019073486,4.230000019073486,4.210299968719482,4.210299968719482,1081.0
2024-07-03 09:41:00,MNKD,5.010000228881836,5.010000228881836,5.019999980926514,5.010000228881836,5.019999980926514,1360.0
2024-07-03 09:41:00,MNMD,7.039999961853027,7.039999961853027,7.050000190734863,7.039999961853027,7.050000190734863,885.0
2024-07-03 09:41:00,MREO,3.4549999237060547,3.4549999237060547,3.4549999237060547,3.4549999237060547,3.4549999237060547,266.0
2024-07-03 09:41:00,MRNA,118.31500244140625,118.31500244140625,118.44000244140625,118.12000274658203,118.19999694824219,7510.0
2024-07-03 09:41:00,MRVI,6.804999828338623,6.804999828338623,6.804999828338623,6.800000190734863,6.800000190734863,1196.0
2024-07-03 09:41:00,MYGN,25.190000534057617,25.190000534057617,25.190000534057617,25.190000534057617,25.190000534057617,113.0
2024-07-03 09:41:00,NBIX,137.72000122070312,137.72000122070312,137.72000122070312,137.72000122070312,137.72000122070312,427.0
2024-07-03 09:41:00,NDRA,0.0877000018954277,0.0877000018954277,0.0877000018954277,0.0877000018954277,0.0877000018954277,2000.0
2024-07-03 09:41:00,NKTR,1.225000023841858,1.225000023841858,1.225000023841858,1.225000023841858,1.225000023841858,200.0
2024-07-03 09:41:00,NKTX,5.244999885559082,5.244999885559082,5.269999980926514,5.21999979019165,5.21999979019165,1450.0
2024-07-03 09:41:00,NLSP,0.2062000036239624,0.2062000036239624,0.2062000036239624,0.2062000036239624,0.2062000036239624,0.0
2024-07-03 09:41:00,NNOX,6.996500015258789,6.996500015258789,6.996500015258789,6.996500015258789,6.996500015258789,883.0
2024-07-03 09:41:00,NRIX,19.014999389648438,19.014999389648438,19.014999389648438,18.920499801635742,18.920499801635742,398.0
2024-07-03 09:41:00,NRXP,2.640000104904175,2.640000104904175,2.640000104904175,2.640000104904175,2.640000104904175,850.0
2024-07-03 09:41:00,NTLA,22.40999984741211,22.40999984741211,22.40999984741211,22.329999923706055,22.34000015258789,3744.0
2024-07-03 09:41:00,NTRA,111.69999694824219,111.69999694824219,111.69999694824219,111.69999694824219,111.69999694824219,475.0
2024-07-03 09:41:00,NVAX,13.050000190734863,13.050000190734863,13.050000190734863,13.015000343322754,13.024999618530273,13761.0
2024-07-03 09:41:00,NXL,1.5,1.5,1.5,1.5,1.5,2396.0
2024-07-03 09:41:00,OCGN,1.6050000190734863,1.6050000190734863,1.608299970626831,1.600000023841858,1.600600004196167,6238.0
2024-07-03 09:41:00,OCUL,6.78000020980835,6.78000020980835,6.78000020980835,6.745999813079834,6.745999813079834,2828.0
2024-07-03 09:41:00,OFIX,13.180000305175781,13.180000305175781,13.1899995803833,13.180000305175781,13.1899995803833,671.0
2024-07-03 09:41:00,OGI,1.5398999452590942,1.5398999452590942,1.5398999452590942,1.5398999452590942,1.5398999452590942,549.0
2024-07-03 09:41:00,OLK,25.850000381469727,25.850000381469727,25.854999542236328,25.84000015258789,25.84000015258789,5231.0
2024-07-03 09:41:00,OLMA,10.5,10.5,10.5,10.5,10.5,252.0
2024-07-03 09:41:00,OMER,3.875,3.875,3.875,3.875,3.875,402.0
2024-07-03 09:41:00,OMGA,2.1001999378204346,2.1001999378204346,2.1001999378204346,2.1001999378204346,2.1001999378204346,212.0
2024-07-03 09:41:00,ONCY,1.0099999904632568,1.0099999904632568,1.0099999904632568,1.0099999904632568,1.0099999904632568,5233.0
2024-07-03 09:42:00,AADI,1.3600000143051147,1.3600000143051147,1.3600000143051147,1.3600000143051147,1.3600000143051147,201.0
2024-07-03 09:42:00,ABEO,4.230000019073486,4.230000019073486,4.230000019073486,4.21999979019165,4.21999979019165,394.0
2024-07-03 09:42:00,ABIO,3.7699999809265137,3.7699999809265137,3.7699999809265137,3.7699999809265137,3.7699999809265137,289.0
2024-07-03 09:42:00,ABSI,3.2799999713897705,3.2799999713897705,3.2899999618530273,3.2799999713897705,3.2839999198913574,6524.0
2024-07-03 09:42:00,ABUS,3.1500000953674316,3.1500000953674316,3.1500000953674316,3.1500000953674316,3.1500000953674316,262.0
2024-07-03 09:42:00,ABVC,0.7099999785423279,0.7099999785423279,0.7099999785423279,0.7099999785423279,0.7099999785423279,909.0
2024-07-03 09:42:00,ACAD,15.84000015258789,15.84000015258789,15.84000015258789,15.819999694824219,15.84000015258789,2183.0
2024-07-03 09:42:00,ACB,4.620100021362305,4.620100021362305,4.620100021362305,4.619999885559082,4.619999885559082,5249.0
2024-07-03 09:42:00,ACCD,3.549999952316284,3.549999952316284,3.559999942779541,3.549999952316284,3.559999942779541,950.0
2024-07-03 09:42:00,ACET,1.108199954032898,1.108199954032898,1.108199954032898,1.108199954032898,1.108199954032898,654.0
2024-07-03 09:42:00,ACHC,66.05000305175781,66.05000305175781,66.05000305175781,66.0,66.04000091552734,2186.0
2024-07-03 09:42:00,ACHV,4.599999904632568,4.599999904632568,4.599999904632568,4.599999904632568,4.599999904632568,160.0
2024-07-03 09:42:00,ACLX,53.70000076293945,53.70000076293945,53.70000076293945,53.70000076293945,53.70000076293945,174.0
2024-07-03 09:42:00,ACRS,1.159999966621399,1.159999966621399,1.159999966621399,1.159999966621399,1.159999966621399,1226.0
2024-07-03 09:42:00,ADAP,1.0499999523162842,1.0499999523162842,1.0499999523162842,1.0499999523162842,1.0499999523162842,8451.0
2024-07-03 09:42:00,ADIL,1.0700000524520874,1.0700000524520874,1.0700000524520874,1.0700000524520874,1.0700000524520874,0.0
2024-07-03 09:42:00,ADMA,11.324999809265137,11.324999809265137,11.324999809265137,11.3149995803833,11.3149995803833,1385.0
2024-07-03 09:42:00,ADPT,3.3550000190734863,3.3550000190734863,3.359999895095825,3.3550000190734863,3.359999895095825,1621.0
2024-07-03 09:42:00,ADVM,6.880000114440918,6.880000114440918,6.880000114440918,6.849999904632568,6.849999904632568,1005.0
2024-07-03 09:42:00,AGEN,14.829999923706055,14.829999923706055,14.829999923706055,14.760100364685059,14.760100364685059,1833.0
2024-07-03 09:42:00,AGIO,42.47999954223633,42.47999954223633,42.47999954223633,42.47999954223633,42.47999954223633,221.0
2024-07-03 09:42:00,AHCO,9.710000038146973,9.710000038146973,9.760000228881836,9.670000076293945,9.750100135803223,9870.0
2024-07-03 09:42:00,AKRO,22.06999969482422,22.06999969482422,22.06999969482422,22.06999969482422,22.06999969482422,471.0
2024-07-03 09:42:00,AKYA,2.130000114440918,2.130000114440918,2.130000114440918,2.130000114440918,2.130000114440918,400.0
2024-07-03 09:42:00,ALEC,4.389999866485596,4.389999866485596,4.389999866485596,4.389999866485596,4.389999866485596,200.0
2024-07-03 09:42:00,ALGN,238.51499938964844,238.51499938964844,238.51499938964844,238.51499938964844,238.51499938964844,105.0
2024-07-03 09:42:00,ALHC,7.994999885559082,7.994999885559082,7.994999885559082,7.994999885559082,7.994999885559082,564.0
2024-07-03 09:42:00,ALKS,24.290000915527344,24.290000915527344,24.290000915527344,24.190000534057617,24.200000762939453,1162.0
2024-07-03 09:42:00,ALLK,0.8453999757766724,0.8453999757766724,0.8453999757766724,0.8453999757766724,0.8453999757766724,1845.0
2024-07-03 09:42:00,ALLO,2.1549999713897705,2.1549999713897705,2.1549999713897705,2.1549999713897705,2.1549999713897705,1296.0
2024-07-03 09:42:00,ALLR,0.20669999718666077,0.20669999718666077,0.20999999344348907,0.20669999718666077,0.20669999718666077,1901.0
2024-07-03 09:42:00,ALNY,247.0,247.0,247.0,246.9199981689453,246.94500732421875,2859.0
2024-07-03 09:42:00,ALT,6.800000190734863,6.800000190734863,6.800000190734863,6.769999980926514,6.769999980926514,6927.0
2024-07-03 09:42:00,ALVR,0.7494999766349792,0.7494999766349792,0.7494999766349792,0.7494999766349792,0.7494999766349792,207.0
2024-07-03 09:42:00,AMED,96.62000274658203,96.62000274658203,96.62000274658203,96.5999984741211,96.5999984741211,908.0
2024-07-03 09:42:00,AMGN,310.3500061035156,310.3500061035156,310.3500061035156,310.3500061035156,310.3500061035156,1645.0
2024-07-03 09:42:00,AMLX,1.7297999858856201,1.7297999858856201,1.7297999858856201,1.715000033378601,1.7200000286102295,17211.0
2024-07-03 09:42:00,AMPH,37.83000183105469,37.83000183105469,37.83000183105469,37.83000183105469,37.83000183105469,113.0
2024-07-03 09:42:00,AMRN,0.7099000215530396,0.7099000215530396,0.7099000215530396,0.7099000215530396,0.7099000215530396,201.0
2024-07-03 09:42:00,ANNX,4.71999979019165,4.71999979019165,4.739999771118164,4.71999979019165,4.71999979019165,3988.0
2024-07-03 09:42:00,ANTX,2.434999942779541,2.434999942779541,2.450000047683716,2.4000000953674316,2.4100000858306885,3378.0
2024-07-03 09:42:00,APDN,0.4616999924182892,0.4616999924182892,0.46799999475479126,0.4616999924182892,0.4666999876499176,6715.0
2024-07-03 09:42:00,APLS,36.029998779296875,36.029998779296875,36.029998779296875,35.58470153808594,35.58470153808594,6477.0
2024-07-03 09:42:00,APLT,4.349999904632568,4.349999904632568,4.369999885559082,4.349999904632568,4.349999904632568,111385.0
2024-07-03 09:42:00,APTO,0.7797999978065491,0.7797999978065491,0.7797999978065491,0.7797999978065491,0.7797999978065491,631.0
2024-07-03 09:42:00,AQST,2.390000104904175,2.390000104904175,2.390000104904175,2.390000104904175,2.390000104904175,1655.0
2024-07-03 09:42:00,ARCT,21.459999084472656,21.459999084472656,21.459999084472656,21.344999313354492,21.344999313354492,1990.0
2024-07-03 09:42:00,ARDX,5.215000152587891,5.215000152587891,5.21999979019165,5.190000057220459,5.210000038146973,50451.0
2024-07-03 09:42:00,ARQT,9.820099830627441,9.820099830627441,9.838000297546387,9.739999771118164,9.770000457763672,24581.0
2024-07-03 09:42:00,ARVN,24.84000015258789,24.84000015258789,24.84000015258789,24.84000015258789,24.84000015258789,569.0
2024-07-03 09:42:00,ARWR,25.459999084472656,25.459999084472656,25.459999084472656,25.405000686645508,25.405000686645508,1259.0
2024-07-03 09:42:00,ASLN,2.2950000762939453,2.2950000762939453,2.2950000762939453,2.2300000190734863,2.2300000190734863,1110.0
2024-07-03 09:42:00,ASND,135.1199951171875,135.1199951171875,135.1199951171875,135.1199951171875,135.1199951171875,2312.0
2024-07-03 09:42:00,ASRT,1.274999976158142,1.274999976158142,1.274999976158142,1.274999976158142,1.274999976158142,506.0
2024-07-03 09:42:00,ATEC,10.050000190734863,10.050000190734863,10.0600004196167,10.029999732971191,10.03499984741211,2992.0
2024-07-03 09:42:00,ATHA,2.5199999809265137,2.5199999809265137,2.5199999809265137,2.5,2.5,1171.0
2024-07-03 09:42:00,ATOS,1.1399999856948853,1.1399999856948853,1.1399999856948853,1.1399999856948853,1.1399999856948853,0.0
2024-07-03 09:42:00,ATRA,7.701200008392334,7.701200008392334,7.701200008392334,7.701200008392334,7.701200008392334,200.0
2024-07-03 09:42:00,ATXS,9.039999961853027,9.039999961853027,9.039999961853027,9.039999961853027,9.039999961853027,200.0
2024-07-03 09:42:00,AUGX,1.0296000242233276,1.0296000242233276,1.0296000242233276,1.0296000242233276,1.0296000242233276,150.0
2024-07-03 09:42:00,AUPH,5.454999923706055,5.454999923706055,5.460000038146973,5.454999923706055,5.460000038146973,2209.0
2024-07-03 09:42:00,AVDL,14.09000015258789,14.09000015258789,14.09000015258789,14.079899787902832,14.079899787902832,1492.0
2024-07-03 09:42:00,AVIR,3.215100049972534,3.215100049972534,3.215100049972534,3.215100049972534,3.215100049972534,700.0
2024-07-03 09:42:00,AVTE,1.6150000095367432,1.6150000095367432,1.6198999881744385,1.6150000095367432,1.6198999881744385,1366.0
2024-07-03 09:42:00,AXSM,79.12999725341797,79.12999725341797,79.19000244140625,79.08000183105469,79.18000030517578,2952.0
2024-07-03 09:42:00,AZN,76.83999633789062,76.83999633789062,76.8427963256836,76.82279968261719,76.8427963256836,2931.0
2024-07-03 09:42:00,BBIO,24.950000762939453,24.950000762939453,24.950000762939453,24.950000762939453,24.950000762939453,312.0
2024-07-03 09:42:00,BCAB,1.3250000476837158,1.3250000476837158,1.3250000476837158,1.3250000476837158,1.3250000476837158,1841.0
2024-07-03 09:42:00,BCDA,2.9993999004364014,2.9993999004364014,2.9993999004364014,2.95989990234375,2.95989990234375,2275.0
2024-07-03 09:42:00,BCTX,1.0,1.0,1.0,1.0,1.0,200.0
2024-07-03 09:42:00,BCYC,19.59000015258789,19.59000015258789,19.639999389648438,19.59000015258789,19.639999389648438,278.0
2024-07-03 09:42:00,BDTX,4.235000133514404,4.235000133514404,4.260000228881836,4.229000091552734,4.229000091552734,7176.0
2024-07-03 09:42:00,BEAM,23.30500030517578,23.30500030517578,23.30500030517578,23.267900466918945,23.267900466918945,923.0
2024-07-03 09:42:00,BGNE,146.05999755859375,146.05999755859375,146.05999755859375,146.05999755859375,146.05999755859375,184.0
2024-07-03 09:42:00,BIIB,228.33999633789062,228.33999633789062,228.33999633789062,227.24000549316406,227.24000549316406,2992.0
2024-07-03 09:42:00,BIMI,1.3299000263214111,1.3299000263214111,1.3299000263214111,1.3299000263214111,1.3299000263214111,190.0
2024-07-03 09:42:00,BIVI,0.41990000009536743,0.41990000009536743,0.41990000009536743,0.41990000009536743,0.41990000009536743,0.0
2024-07-03 09:42:00,BJDX,0.625,0.625,0.625,0.625,0.625,5396.0
2024-07-03 09:42:00,BLRX,0.5300999879837036,0.5300999879837036,0.5375000238418579,0.5300999879837036,0.5375000238418579,5072.0
2024-07-03 09:42:00,BLUE,0.9301999807357788,0.9301999807357788,0.9330000281333923,0.9301999807357788,0.9315000176429749,8600.0
2024-07-03 09:42:00,BMEA,4.349999904632568,4.349999904632568,4.349999904632568,4.349999904632568,4.349999904632568,501.0
2024-07-03 09:42:00,BMRN,81.91500091552734,81.91500091552734,82.05000305175781,81.91500091552734,81.91999816894531,2331.0
2024-07-03 09:42:00,BNTX,80.9000015258789,80.9000015258789,80.92500305175781,80.9000015258789,80.92500305175781,675.0
2024-07-03 09:42:00,BRKR,61.67499923706055,61.67499923706055,61.68000030517578,61.52000045776367,61.584999084472656,5599.0
2024-07-03 09:42:00,BTAI,1.0850000381469727,1.0850000381469727,1.0850000381469727,1.0850000381469727,1.0850000381469727,453.0
2024-07-03 09:42:00,BVS,5.900000095367432,5.900000095367432,5.900000095367432,5.889999866485596,5.889999866485596,1535.0
2024-07-03 09:42:00,CABA,7.460000038146973,7.460000038146973,7.46999979019165,7.460000038146973,7.46999979019165,1071.0
2024-07-03 09:42:00,CAPR,4.699999809265137,4.699999809265137,4.699999809265137,4.699999809265137,4.699999809265137,1047.0
2024-07-03 09:42:00,CARA,0.2685999870300293,0.2685999870300293,0.2685999870300293,0.2685999870300293,0.2685999870300293,1082.0
2024-07-03 09:42:00,CCCC,4.690000057220459,4.690000057220459,4.690000057220459,4.664999961853027,4.670000076293945,3179.0
2024-07-03 09:42:00,CCRN,13.6899995803833,13.6899995803833,13.739999771118164,13.6899995803833,13.739999771118164,204.0
2024-07-03 09:42:00,CDMO,7.050000190734863,7.050000190734863,7.125,7.050000190734863,7.05709981918335,877.0
2024-07-03 09:42:00,CDNA,15.109999656677246,15.109999656677246,15.109999656677246,15.109999656677246,15.109999656677246,1587.0
2024-07-03 09:42:00,CDXS,2.9200000762939453,2.9200000762939453,2.9200000762939453,2.9200000762939453,2.9200000762939453,200.0
2024-07-03 09:42:00,CERE,41.23500061035156,41.23500061035156,41.27000045776367,41.23500061035156,41.23500061035156,2254.0
2024-07-03 09:42:00,CERT,13.6899995803833,13.6899995803833,13.720000267028809,13.6899995803833,13.710000038146973,1494.0
2024-07-03 09:42:00,CGC,6.4893999099731445,6.4893999099731445,6.489999771118164,6.460000038146973,6.4679999351501465,25719.0
2024-07-03 09:42:00,CGEM,16.56999969482422,16.56999969482422,16.56999969482422,16.56999969482422,16.56999969482422,123.0
2024-07-03 09:42:00,CGTX,1.809999942779541,1.809999942779541,1.809999942779541,1.809999942779541,1.809999942779541,101.0
2024-07-03 09:42:00,CHRS,1.3550000190734863,1.3550000190734863,1.3550000190734863,1.3450000286102295,1.3499000072479248,11850.0
2024-07-03 09:42:00,CKPT,2.174999952316284,2.174999952316284,2.174999952316284,2.1700000762939453,2.1700000762939453,3810.0
2024-07-03 09:42:00,CLOV,1.249899983406067,1.249899983406067,1.2502000331878662,1.249899983406067,1.25,14604.0
2024-07-03 09:42:00,CNSP,2.319999933242798,2.319999933242798,2.359999895095825,2.244999885559082,2.248800039291382,197489.0
2024-07-03 09:42:00,COGT,8.279999732971191,8.279999732971191,8.345000267028809,8.279999732971191,8.329999923706055,4821.0
2024-07-03 09:42:00,CORT,31.15130043029785,31.15130043029785,31.219999313354492,31.110000610351562,31.139999389648438,1041.0
2024-07-03 09:42:00,COSM,1.0111000537872314,1.0111000537872314,1.0111000537872314,1.0111000537872314,1.0111000537872314,2883.0
2024-07-03 09:42:00,CRBU,1.6050000190734863,1.6050000190734863,1.6050000190734863,1.600000023841858,1.600000023841858,2747.0
2024-07-03 09:42:00,CRDF,2.119999885559082,2.119999885559082,2.119999885559082,2.119999885559082,2.119999885559082,150.0
2024-07-03 09:42:00,CRMD,4.139999866485596,4.139999866485596,4.139999866485596,4.130000114440918,4.130000114440918,3380.0
2024-07-03 09:42:00,CRNX,45.540000915527344,45.540000915527344,45.540000915527344,45.540000915527344,45.540000915527344,205.0
2024-07-03 09:42:00,CRON,2.299999952316284,2.299999952316284,2.299999952316284,2.2899999618530273,2.2899999618530273,19085.0
2024-07-03 09:42:00,CRSP,53.77000045776367,53.77000045776367,53.77000045776367,53.57500076293945,53.57500076293945,1465.0
2024-07-03 09:42:00,CTXR,0.5268999934196472,0.5268999934196472,0.5268999934196472,0.5268999934196472,0.5268999934196472,4154.0
2024-07-03 09:42:00,CVAC,3.6187000274658203,3.6187000274658203,3.640000104904175,3.5899999141693115,3.609999895095825,85091.0
2024-07-03 09:42:00,CVRX,11.640000343322754,11.640000343322754,11.640000343322754,11.640000343322754,11.640000343322754,0.0
2024-07-03 09:42:00,CYCN,2.4800000190734863,2.4800000190734863,2.4800000190734863,2.4700000286102295,2.4800000190734863,432.0
2024-07-03 09:42:00,CYTK,54.9900016784668,54.9900016784668,55.0,54.939998626708984,54.9900016784668,1188.0
2024-07-03 09:42:00,DAWN,13.380000114440918,13.380000114440918,13.380000114440918,13.380000114440918,13.380000114440918,677.0
2024-07-03 09:42:00,DCTH,7.960000038146973,7.960000038146973,7.960000038146973,7.960000038146973,7.960000038146973,100.0
2024-07-03 09:42:00,DH,5.440000057220459,5.440000057220459,5.440000057220459,5.440000057220459,5.440000057220459,228.0
2024-07-03 09:42:00,DTIL,9.23289966583252,9.23289966583252,9.23289966583252,9.23289966583252,9.23289966583252,117.0
2024-07-03 09:42:00,DVAX,11.140000343322754,11.140000343322754,11.149999618530273,11.140000343322754,11.149999618530273,659.0
2024-07-03 09:42:00,DXCM,111.63999938964844,111.63999938964844,111.91999816894531,111.63999938964844,111.91999816894531,3687.0
2024-07-03 09:42:00,DYN,34.54499816894531,34.54499816894531,34.64500045776367,34.525001525878906,34.525001525878906,3378.0
2024-07-03 09:42:00,EDIT,4.625,4.625,4.635000228881836,4.625,4.625,5330.0
2024-07-03 09:42:00,EMBC,11.930000305175781,11.930000305175781,11.954999923706055,11.930000305175781,11.954999923706055,493.0
2024-07-03 09:42:00,ENLV,1.3108999729156494,1.3108999729156494,1.319100022315979,1.3000999689102173,1.319100022315979,6978.0
2024-07-03 09:42:00,ENSG,126.70999908447266,126.70999908447266,126.7300033569336,126.70999908447266,126.7300033569336,738.0
2024-07-03 09:42:00,ENTX,1.6200000047683716,1.6200000047683716,1.6200000047683716,1.6200000047683716,1.6200000047683716,805.0
2024-07-03 09:42:00,ENVB,0.5212000012397766,0.5212000012397766,0.5212000012397766,0.5199999809265137,0.5199999809265137,5232.0
2024-07-03 09:42:00,EOLS,10.8100004196167,10.8100004196167,10.8100004196167,10.800000190734863,10.800000190734863,596.0
2024-07-03 09:42:00,EPIX,4.999000072479248,4.999000072479248,4.999000072479248,4.949999809265137,4.949999809265137,0.0
2024-07-03 09:42:00,ERAS,2.2850000858306885,2.2850000858306885,2.2899999618530273,2.2799999713897705,2.2899999618530273,250.0
2024-07-03 09:42:00,ESPR,2.3949999809265137,2.3949999809265137,2.4000000953674316,2.384999990463257,2.384999990463257,11339.0
2024-07-03 09:42:00,ETNB,7.739999771118164,7.739999771118164,7.739999771118164,7.739999771118164,7.739999771118164,238.0
2024-07-03 09:42:00,EWTX,17.81999969482422,17.81999969482422,17.844999313354492,17.799999237060547,17.809999465942383,1396.0
2024-07-03 09:42:00,EXAI,5.21999979019165,5.21999979019165,5.21999979019165,5.21999979019165,5.21999979019165,4871.0
2024-07-03 09:42:00,EXAS,43.40999984741211,43.40999984741211,43.44499969482422,43.27000045776367,43.290000915527344,5209.0
2024-07-03 09:42:00,EXEL,22.18000030517578,22.18000030517578,22.18000030517578,22.15999984741211,22.15999984741211,1647.0
2024-07-03 09:42:00,FATE,3.2200000286102295,3.2200000286102295,3.2200000286102295,3.2200000286102295,3.2200000286102295,300.0
2024-07-03 09:42:00,FGEN,0.7300000190734863,0.7300000190734863,0.7391999959945679,0.7300000190734863,0.7391999959945679,783.0
2024-07-03 09:42:00,FHTX,5.360000133514404,5.360000133514404,5.360000133514404,5.360000133514404,5.360000133514404,10.0
2024-07-03 09:42:00,FLGC,0.9399999976158142,0.9399999976158142,0.9399999976158142,0.9399999976158142,0.9399999976158142,200.0
2024-07-03 09:42:00,FOLD,9.90999984741211,9.90999984741211,9.90999984741211,9.890000343322754,9.890000343322754,1793.0
2024-07-03 09:42:00,GALT,2.2300000190734863,2.2300000190734863,2.240000009536743,2.2300000190734863,2.240000009536743,1174.0
2024-07-03 09:42:00,GDRX,7.784999847412109,7.784999847412109,7.784999847412109,7.784999847412109,7.784999847412109,446.0
2024-07-03 09:42:00,GERN,4.300099849700928,4.300099849700928,4.320000171661377,4.295000076293945,4.295000076293945,93033.0
2024-07-03 09:42:00,GH,28.75,28.75,28.75,28.700000762939453,28.700000762939453,377.0
2024-07-03 09:42:00,GILD,67.83000183105469,67.83000183105469,67.87999725341797,67.81999969482422,67.83000183105469,5580.0
2024-07-03 09:42:00,GLYC,0.26600000262260437,0.26600000262260437,0.26649999618530273,0.2653000056743622,0.2653000056743622,4546.0
2024-07-03 09:42:00,GOSS,0.9434999823570251,0.9434999823570251,0.9434999823570251,0.9434999823570251,0.9434999823570251,1659.0
2024-07-03 09:42:00,GOVX,3.1500000953674316,3.1500000953674316,3.1700000762939453,3.1500000953674316,3.1700000762939453,1025.0
2024-07-03 09:42:00,GRFS,6.614999771118164,6.614999771118164,6.619999885559082,6.610000133514404,6.619999885559082,3648.0
2024-07-03 09:42:00,GRTS,0.5701000094413757,0.5701000094413757,0.5701000094413757,0.5701000094413757,0.5701000094413757,3018.0
2024-07-03 09:42:00,GTHX,2.4800000190734863,2.4800000190734863,2.4800000190734863,2.4800000190734863,2.4800000190734863,238.0
2024-07-03 09:42:00,HALO,51.44499969482422,51.44499969482422,51.5,51.44499969482422,51.5,762.0
2024-07-03 09:42:00,HCM,17.540000915527344,17.540000915527344,17.540000915527344,17.475000381469727,17.53499984741211,805.0
2024-07-03 09:42:00,HCTI,0.5,0.5,0.5,0.5,0.5,0.0
2024-07-03 09:42:00,HOLX,73.30500030517578,73.30500030517578,73.30999755859375,73.29100036621094,73.30500030517578,28069.0
2024-07-03 09:42:00,HQY,84.58999633789062,84.58999633789062,84.62999725341797,84.37000274658203,84.62999725341797,4748.0
2024-07-03 09:42:00,HROW,21.540000915527344,21.540000915527344,21.540000915527344,21.540000915527344,21.540000915527344,354.0
2024-07-03 09:42:00,HRTX,2.7850000858306885,2.7850000858306885,2.789799928665161,2.7850000858306885,2.789799928665161,3365.0
2024-07-03 09:42:00,HSIC,65.18000030517578,65.18000030517578,65.18000030517578,65.18000030517578,65.18000030517578,393.0
2024-07-03 09:42:00,HUGE,0.15489999949932098,0.15489999949932098,0.15489999949932098,0.15109999477863312,0.15109999477863312,7573.0
2024-07-03 09:42:00,HUMA,5.420000076293945,5.420000076293945,5.420000076293945,5.364999771118164,5.364999771118164,12577.0
2024-07-03 09:42:00,IBRX,6.239999771118164,6.239999771118164,6.239999771118164,6.21999979019165,6.21999979019165,492.0
2024-07-03 09:42:00,ICLR,317.5400085449219,317.5400085449219,317.5400085449219,317.5400085449219,317.5400085449219,446.0
2024-07-03 09:42:00,IDXX,476.8599853515625,476.8599853515625,476.8599853515625,476.8599853515625,476.8599853515625,412.0
2024-07-03 09:42:00,IDYA,33.654998779296875,33.654998779296875,33.65999984741211,33.654998779296875,33.65999984741211,816.0
2024-07-03 09:42:00,ILMN,105.16000366210938,105.16000366210938,105.2300033569336,105.06999969482422,105.2300033569336,2724.0
2024-07-03 09:42:00,IMMX,2.2750000953674316,2.2750000953674316,2.359999895095825,2.1733999252319336,2.1733999252319336,20831.0
2024-07-03 09:42:00,IMUX,1.1303999423980713,1.1303999423980713,1.1303999423980713,1.1303999423980713,1.1303999423980713,992.0
2024-07-03 09:42:00,IMVT,26.68000030517578,26.68000030517578,26.68000030517578,26.56999969482422,26.56999969482422,1058.0
2024-07-03 09:42:00,INBX,13.550000190734863,13.550000190734863,13.550000190734863,13.550000190734863,13.550000190734863,1905.0
2024-07-03 09:42:00,INCY,59.029998779296875,59.029998779296875,59.029998779296875,58.91999816894531,58.91999816894531,1846.0
2024-07-03 09:42:00,INMB,8.0600004196167,8.0600004196167,8.0600004196167,8.0600004196167,8.0600004196167,3050.0
2024-07-03 09:42:00,INMD,17.799999237060547,17.799999237060547,17.860000610351562,17.799999237060547,17.860000610351562,546.0
2024-07-03 09:42:00,INO,8.520000457763672,8.520000457763672,8.520000457763672,8.520000457763672,8.520000457763672,369.0
2024-07-03 09:42:00,INSM,63.93000030517578,63.93000030517578,63.93000030517578,63.93000030517578,63.93000030517578,165.0
2024-07-03 09:42:00,INVA,16.469999313354492,16.469999313354492,16.5,16.469999313354492,16.5,1043.0
2024-07-03 09:42:00,INZY,4.480000019073486,4.480000019073486,4.480000019073486,4.480000019073486,4.480000019073486,155.0
2024-07-03 09:42:00,IONS,45.099998474121094,45.099998474121094,45.10499954223633,45.040000915527344,45.10499954223633,936.0
2024-07-03 09:42:00,IOVA,7.824999809265137,7.824999809265137,7.835000038146973,7.815000057220459,7.829999923706055,4133.0
2024-07-03 09:42:00,IRTC,97.1449966430664,97.1449966430664,97.1449966430664,97.1449966430664,97.1449966430664,174.0
2024-07-03 09:42:00,IRWD,6.204999923706055,6.204999923706055,6.215000152587891,6.199999809265137,6.199999809265137,1653.0
2024-07-03 09:42:00,ISRG,436.2900085449219,436.2900085449219,437.5400085449219,436.2799987792969,437.5400085449219,3639.0
2024-07-03 09:42:00,JANX,38.81999969482422,38.81999969482422,38.81999969482422,38.81999969482422,38.81999969482422,126.0
2024-07-03 09:42:00,JSPR,23.329999923706055,23.329999923706055,23.329999923706055,23.329999923706055,23.329999923706055,115.0
2024-07-03 09:42:00,KMDA,5.340000152587891,5.340000152587891,5.340000152587891,5.340000152587891,5.340000152587891,227.0
2024-07-03 09:42:00,KTRA,0.26260000467300415,0.26260000467300415,0.26260000467300415,0.26019999384880066,0.26019999384880066,1606.0
2024-07-03 09:42:00,KYMR,30.600000381469727,30.600000381469727,30.600000381469727,30.600000381469727,30.600000381469727,362.0
2024-07-03 09:42:00,LAB,1.774999976158142,1.774999976158142,1.774999976158142,1.774999976158142,1.774999976158142,1139.0
2024-07-03 09:42:00,LEGN,45.459999084472656,45.459999084472656,45.459999084472656,45.459999084472656,45.459999084472656,227.0
2024-07-03 09:42:00,LFMD,6.598899841308594,6.598899841308594,6.598899841308594,6.59499979019165,6.59499979019165,1125.0
2024-07-03 09:42:00,LFST,5.034999847412109,5.034999847412109,5.050000190734863,5.034999847412109,5.050000190734863,1356.0
2024-07-03 09:42:00,LGVN,1.6299999952316284,1.6299999952316284,1.6398999691009521,1.6299999952316284,1.6398999691009521,0.0
2024-07-03 09:42:00,LPCN,7.760000228881836,7.760000228881836,7.760000228881836,7.760000228881836,7.760000228881836,206.0
2024-07-03 09:42:00,LRMR,7.690000057220459,7.690000057220459,7.690000057220459,7.690000057220459,7.690000057220459,116.0
2024-07-03 09:42:00,LTRN,4.534999847412109,4.534999847412109,4.534999847412109,4.519999980926514,4.519999980926514,987.0
2024-07-03 09:42:00,LUCY,0.4699999988079071,0.4699999988079071,0.4722000062465668,0.4684999883174896,0.4706000089645386,78370.0
2024-07-03 09:42:00,LUNG,6.300099849700928,6.300099849700928,6.300099849700928,6.300099849700928,6.300099849700928,516.0
2024-07-03 09:42:00,LXRX,1.6200000047683716,1.6200000047683716,1.6200000047683716,1.6180000305175781,1.6180000305175781,4393.0
2024-07-03 09:42:00,LYEL,1.4500000476837158,1.4500000476837158,1.4500000476837158,1.440000057220459,1.440000057220459,4391.0
2024-07-03 09:42:00,MBIO,0.5422000288963318,0.5422000288963318,0.5443999767303467,0.5364999771118164,0.5365999937057495,35004.0
2024-07-03 09:42:00,MBOT,1.031000018119812,1.031000018119812,1.031000018119812,1.0299999713897705,1.0299999713897705,2405.0
2024-07-03 09:42:00,MDXG,6.760000228881836,6.760000228881836,6.760000228881836,6.75,6.760000228881836,1017.0
2024-07-03 09:42:00,ME,0.3880000114440918,0.3880000114440918,0.3919999897480011,0.3880000114440918,0.3919999897480011,2818.0
2024-07-03 09:42:00,MEDS,16.90999984741211,16.90999984741211,16.90999984741211,16.90999984741211,16.90999984741211,1657.0
2024-07-03 09:42:00,MESO,6.599999904632568,6.599999904632568,6.599999904632568,6.599999904632568,6.599999904632568,3397.0
2024-07-03 09:42:00,MGNX,4.25,4.25,4.25,4.230000019073486,4.230000019073486,614.0
2024-07-03 09:42:00,MGTX,3.880000114440918,3.880000114440918,3.880000114440918,3.880000114440918,3.880000114440918,536.0
2024-07-03 09:42:00,MHUA,0.9593999981880188,0.9593999981880188,0.9593999981880188,0.9593999981880188,0.9593999981880188,911.0
2024-07-03 09:42:00,MIRM,34.31999969482422,34.31999969482422,34.31999969482422,34.31999969482422,34.31999969482422,264.0
2024-07-03 09:42:00,MNKD,4.994999885559082,4.994999885559082,5.010000228881836,4.989999771118164,5.010000228881836,2135.0
2024-07-03 09:42:00,MNMD,7.03000020980835,7.03000020980835,7.039999961853027,7.03000020980835,7.039999961853027,545.0
2024-07-03 09:42:00,MODD,1.5299999713897705,1.5299999713897705,1.5299999713897705,1.5299999713897705,1.5299999713897705,12767.0
2024-07-03 09:42:00,MRNA,118.24449920654297,118.24449920654297,118.43990325927734,118.1500015258789,118.42990112304688,8766.0
2024-07-03 09:42:00,MRNS,1.219099998474121,1.219099998474121,1.2200000286102295,1.2050000429153442,1.2100000381469727,9499.0
2024-07-03 09:42:00,MRVI,6.829999923706055,6.829999923706055,6.829999923706055,6.800000190734863,6.800000190734863,1391.0
2024-07-03 09:42:00,MXCT,3.7223000526428223,3.7223000526428223,3.7300000190734863,3.694999933242798,3.7079999446868896,4945.0
2024-07-03 09:42:00,MYGN,25.179899215698242,25.179899215698242,25.179899215698242,25.179899215698242,25.179899215698242,608.0
2024-07-03 09:42:00,NBIX,137.53500366210938,137.53500366210938,137.69000244140625,137.39999389648438,137.6699981689453,3910.0
2024-07-03 09:42:00,NDRA,0.08649999648332596,0.08649999648332596,0.0869000032544136,0.08649999648332596,0.0869000032544136,8268.0
2024-07-03 09:42:00,NEO,13.649999618530273,13.649999618530273,13.720000267028809,13.649999618530273,13.720000267028809,1041.0
2024-07-03 09:42:00,NEOG,15.057999610900879,15.057999610900879,15.0625,15.057999610900879,15.0625,459.0
2024-07-03 09:42:00,NKTR,1.225000023841858,1.225000023841858,1.225000023841858,1.2100000381469727,1.225000023841858,8129.0
2024-07-03 09:42:00,NKTX,5.28000020980835,5.28000020980835,5.28000020980835,5.269999980926514,5.269999980926514,650.0
2024-07-03 09:42:00,NLSP,0.20499999821186066,0.20499999821186066,0.20499999821186066,0.20499999821186066,0.20499999821186066,29097.0
2024-07-03 09:42:00,NNOX,6.954999923706055,6.954999923706055,6.96999979019165,6.954999923706055,6.96999979019165,2888.0
2024-07-03 09:42:00,NRC,22.929100036621094,22.929100036621094,22.929100036621094,22.929100036621094,22.929100036621094,748.0
2024-07-03 09:42:00,NRIX,19.017099380493164,19.017099380493164,19.017099380493164,19.017099380493164,19.017099380493164,432.0
2024-07-03 09:42:00,NRSN,1.309999942779541,1.309999942779541,1.309999942779541,1.3041000366210938,1.3041000366210938,1635.0
2024-07-03 09:42:00,NTLA,22.385000228881836,22.385000228881836,22.385000228881836,22.385000228881836,22.385000228881836,661.0
2024-07-03 09:42:00,NTRA,111.89550018310547,111.89550018310547,111.89550018310547,111.89550018310547,111.89550018310547,570.0
2024-07-03 09:42:00,NUTX,5.586100101470947,5.586100101470947,5.586100101470947,5.586100101470947,5.586100101470947,2051.0
2024-07-03 09:42:00,NUVL,72.5999984741211,72.5999984741211,72.5999984741211,72.5999984741211,72.5999984741211,318.0
2024-07-03 09:42:00,NUWE,4.185500144958496,4.185500144958496,4.185500144958496,4.150000095367432,4.150000095367432,2045.0
2024-07-03 09:42:00,NVAX,13.09000015258789,13.09000015258789,13.09000015258789,13.032400131225586,13.039999961853027,31378.0
2024-07-03 09:42:00,NVCR,16.979999542236328,16.979999542236328,17.0,16.969999313354492,16.979999542236328,4878.0
2024-07-03 09:42:00,NVOS,0.7425000071525574,0.7425000071525574,0.75,0.7425000071525574,0.75,1095.0
2024-07-03 09:42:00,OCGN,1.625,1.625,1.625,1.6100000143051147,1.6100000143051147,18559.0
2024-07-03 09:42:00,OCUL,6.78000020980835,6.78000020980835,6.78000020980835,6.78000020980835,6.78000020980835,1298.0
2024-07-03 09:42:00,OGI,1.5305999517440796,1.5305999517440796,1.5305999517440796,1.5305999517440796,1.5305999517440796,1028.0
2024-07-03 09:42:00,OLK,25.844999313354492,25.844999313354492,25.854999542236328,25.844999313354492,25.854999542236328,27644.0
2024-07-03 09:42:00,OMER,3.880000114440918,3.880000114440918,3.880000114440918,3.880000114440918,3.880000114440918,589.0
2024-07-03 09:42:00,OMGA,2.1001999378204346,2.1001999378204346,2.1001999378204346,2.1001999378204346,2.1001999378204346,451.0
2024-07-03 09:43:00,ABCL,2.765000104904175,2.765000104904175,2.765000104904175,2.765000104904175,2.765000104904175,684.0
2024-07-03 09:43:00,ABSI,3.2699999809265137,3.2699999809265137,3.2799999713897705,3.2699999809265137,3.2799999713897705,1473.0
2024-07-03 09:43:00,ABVC,0.7200000286102295,0.7200000286102295,0.7200000286102295,0.7200000286102295,0.7200000286102295,0.0
2024-07-03 09:43:00,ACAD,15.890000343322754,15.890000343322754,15.890000343322754,15.854999542236328,15.859999656677246,2137.0
2024-07-03 09:43:00,ACB,4.644999980926514,4.644999980926514,4.650000095367432,4.639100074768066,4.639100074768066,6000.0
2024-07-03 09:43:00,ACCD,3.559999942779541,3.559999942779541,3.559999942779541,3.5511999130249023,3.5511999130249023,1896.0
2024-07-03 09:43:00,ACET,1.1050000190734863,1.1050000190734863,1.1050000190734863,1.100000023841858,1.100000023841858,1063.0
2024-07-03 09:43:00,ACHC,65.91000366210938,65.91000366210938,65.91999816894531,65.91000366210938,65.91999816894531,793.0
2024-07-03 09:43:00,ACON,0.29510000348091125,0.29510000348091125,0.29510000348091125,0.29499998688697815,0.29499998688697815,1868.0
2024-07-03 09:43:00,ADAP,1.0449999570846558,1.0449999570846558,1.0449999570846558,1.0399999618530273,1.0399999618530273,3360.0
2024-07-03 09:43:00,ADMA,11.324999809265137,11.324999809265137,11.324999809265137,11.324999809265137,11.324999809265137,3553.0
2024-07-03 09:43:00,AGIO,42.43000030517578,42.43000030517578,42.43000030517578,42.2599983215332,42.2599983215332,7783.0
2024-07-03 09:43:00,AHCO,9.779999732971191,9.779999732971191,9.779999732971191,9.779999732971191,9.779999732971191,400.0
2024-07-03 09:43:00,AKBA,0.947700023651123,0.947700023651123,0.947700023651123,0.947700023651123,0.947700023651123,7000.0
2024-07-03 09:43:00,AKYA,2.130000114440918,2.130000114440918,2.130000114440918,2.130000114440918,2.130000114440918,200.0
2024-07-03 09:43:00,ALEC,4.367099761962891,4.367099761962891,4.367099761962891,4.367099761962891,4.367099761962891,1900.0
2024-07-03 09:43:00,ALGN,238.44500732421875,238.44500732421875,238.72999572753906,238.44500732421875,238.44500732421875,866.0
2024-07-03 09:43:00,ALHC,8.050000190734863,8.050000190734863,8.050000190734863,8.020000457763672,8.020000457763672,1036.0
2024-07-03 09:43:00,ALKS,24.280000686645508,24.280000686645508,24.280000686645508,24.280000686645508,24.280000686645508,365.0
2024-07-03 09:43:00,ALLO,2.1700000762939453,2.1700000762939453,2.1700000762939453,2.1549999713897705,2.1549999713897705,7344.0
2024-07-03 09:43:00,ALLR,0.2070000022649765,0.2070000022649765,0.20990000665187836,0.2070000022649765,0.2070000022649765,6297.0
2024-07-03 09:43:00,ALNY,246.5850067138672,246.5850067138672,246.5850067138672,246.00999450683594,246.5800018310547,3833.0
2024-07-03 09:43:00,ALT,6.777699947357178,6.777699947357178,6.80810022354126,6.760000228881836,6.80810022354126,3714.0
2024-07-03 09:43:00,ALVR,0.7494000196456909,0.7494000196456909,0.7494000196456909,0.7494000196456909,0.7494000196456909,4385.0
2024-07-03 09:43:00,ALXO,5.760000228881836,5.760000228881836,5.760000228881836,5.739999771118164,5.739999771118164,1407.0
2024-07-03 09:43:00,AMED,96.6050033569336,96.6050033569336,96.6050033569336,96.56490325927734,96.58999633789062,4784.0
2024-07-03 09:43:00,AMLX,1.7400000095367432,1.7400000095367432,1.7400000095367432,1.7300000190734863,1.7300000190734863,0.0
2024-07-03 09:43:00,AMPH,37.599998474121094,37.599998474121094,37.599998474121094,37.599998474121094,37.599998474121094,213.0
2024-07-03 09:43:00,ANAB,24.78190040588379,24.78190040588379,24.78190040588379,24.78190040588379,24.78190040588379,129.0
2024-07-03 09:43:00,ANNX,4.690000057220459,4.690000057220459,4.735000133514404,4.690000057220459,4.735000133514404,4504.0
2024-07-03 09:43:00,ANTX,2.434999942779541,2.434999942779541,2.46370005607605,2.434999942779541,2.4577999114990234,2507.0
2024-07-03 09:43:00,APDN,0.4616999924182892,0.4616999924182892,0.4616999924182892,0.4616999924182892,0.4616999924182892,572.0
2024-07-03 09:43:00,ARDX,5.204999923706055,5.204999923706055,5.219900131225586,5.184999942779541,5.215000152587891,39454.0
2024-07-03 09:43:00,ARQT,9.881999969482422,9.881999969482422,9.899999618530273,9.779999732971191,9.831399917602539,19684.0
2024-07-03 09:43:00,ASLN,2.2699999809265137,2.2699999809265137,2.309999942779541,2.2699999809265137,2.2950000762939453,3129.0
2024-07-03 09:43:00,ASRT,1.2734999656677246,1.2734999656677246,1.2734999656677246,1.2704999446868896,1.2704999446868896,866.0
2024-07-03 09:43:00,ATOS,1.149899959564209,1.149899959564209,1.149999976158142,1.149899959564209,1.149999976158142,42533.0
2024-07-03 09:43:00,AUGX,1.0199999809265137,1.0199999809265137,1.0199999809265137,1.0199999809265137,1.0199999809265137,703.0
2024-07-03 09:43:00,AUPH,5.460000038146973,5.460000038146973,5.460000038146973,5.460000038146973,5.460000038146973,1188.0
2024-07-03 09:43:00,AUTL,3.4000000953674316,3.4000000953674316,3.4000000953674316,3.4000000953674316,3.4000000953674316,833.0
2024-07-03 09:43:00,AVAH,2.5899999141693115,2.5899999141693115,2.5899999141693115,2.5899999141693115,2.5899999141693115,312.0
2024-07-03 09:43:00,AVDL,14.140000343322754,14.140000343322754,14.140000343322754,14.140000343322754,14.140000343322754,354.0
2024-07-03 09:43:00,AVIR,3.2300000190734863,3.2300000190734863,3.2300000190734863,3.2200000286102295,3.2200000286102295,0.0
2024-07-03 09:43:00,AVTE,1.6150000095367432,1.6150000095367432,1.6150000095367432,1.6150000095367432,1.6150000095367432,22.0
2024-07-03 09:43:00,AVXL,4.204999923706055,4.204999923706055,4.207499980926514,4.204999923706055,4.207499980926514,1858.0
2024-07-03 09:43:00,AXNX,67.4000015258789,67.4000015258789,67.4000015258789,67.3499984741211,67.3499984741211,500.0
2024-07-03 09:43:00,AZN,76.86000061035156,76.86000061035156,76.87000274658203,76.83499908447266,76.83999633789062,14042.0
2024-07-03 09:43:00,BBIO,24.989999771118164,24.989999771118164,24.989999771118164,24.989999771118164,24.989999771118164,676.0
2024-07-03 09:43:00,BCAB,1.3250000476837158,1.3250000476837158,1.3300000429153442,1.3250000476837158,1.3250000476837158,3135.0
2024-07-03 09:43:00,BCRX,6.554999828338623,6.554999828338623,6.554999828338623,6.545000076293945,6.545000076293945,1889.0
2024-07-03 09:43:00,BCTX,1.000100016593933,1.000100016593933,1.000100016593933,1.000100016593933,1.000100016593933,324.0
2024-07-03 09:43:00,BCYC,19.80500030517578,19.80500030517578,19.80500030517578,19.80500030517578,19.80500030517578,2.0
2024-07-03 09:43:00,BDTX,4.230000019073486,4.230000019073486,4.230000019073486,4.230000019073486,4.230000019073486,308.0
2024-07-03 09:43:00,BGXX,0.2741999924182892,0.2741999924182892,0.2741999924182892,0.2741999924182892,0.2741999924182892,146.0
2024-07-03 09:43:00,BIIB,227.92999267578125,227.92999267578125,227.92999267578125,227.5800018310547,227.8000030517578,2690.0
2024-07-03 09:43:00,BIVI,0.41200000047683716,0.41200000047683716,0.41600000858306885,0.41200000047683716,0.41600000858306885,878.0
2024-07-03 09:43:00,BLUE,0.9318000078201294,0.9318000078201294,0.9330999851226807,0.930899977684021,0.9330000281333923,59382.0
2024-07-03 09:43:00,BMEA,4.349999904632568,4.349999904632568,4.349999904632568,4.340000152587891,4.340000152587891,2201.0
2024-07-03 09:43:00,BMRA,0.45989999175071716,0.45989999175071716,0.46000000834465027,0.45989999175071716,0.46000000834465027,620.0
2024-07-03 09:43:00,BMRN,81.9800033569336,81.9800033569336,81.9800033569336,81.9800033569336,81.9800033569336,380.0
2024-07-03 09:43:00,BNGO,0.5835999846458435,0.5835999846458435,0.5871000289916992,0.5827000141143799,0.5871000289916992,5459.0
2024-07-03 09:43:00,BNTX,81.06500244140625,81.06500244140625,81.06500244140625,80.91999816894531,81.0199966430664,846.0
2024-07-03 09:43:00,BPMC,110.75509643554688,110.75509643554688,110.94000244140625,110.75509643554688,110.94000244140625,1061.0
2024-07-03 09:43:00,BRKR,61.58000183105469,61.58000183105469,61.68000030517578,61.58000183105469,61.68000030517578,250.0
2024-07-03 09:43:00,BTAI,1.0850000381469727,1.0850000381469727,1.090000033378601,1.0850000381469727,1.0850000381469727,11156.0
2024-07-03 09:43:00,BTMD,7.550000190734863,7.550000190734863,7.550000190734863,7.550000190734863,7.550000190734863,424.0
2024-07-03 09:43:00,BVS,5.900000095367432,5.900000095367432,5.900000095367432,5.900000095367432,5.900000095367432,223.0
2024-07-03 09:43:00,CABA,7.420000076293945,7.420000076293945,7.480000019073486,7.420000076293945,7.480000019073486,2458.0
2024-07-03 09:43:00,CADL,6.309999942779541,6.309999942779541,6.335000038146973,6.28000020980835,6.335000038146973,1124.0
2024-07-03 09:43:00,CCCC,4.679999828338623,4.679999828338623,4.699999809265137,4.659999847412109,4.670000076293945,4901.0
2024-07-03 09:43:00,CDMO,7.161099910736084,7.161099910736084,7.170000076293945,7.099699974060059,7.139999866485596,5750.0
2024-07-03 09:43:00,CDNA,15.1899995803833,15.1899995803833,15.1899995803833,15.180000305175781,15.180000305175781,928.0
2024-07-03 09:43:00,CDXS,2.9200000762939453,2.9200000762939453,2.9200000762939453,2.9200000762939453,2.9200000762939453,823.0
2024-07-03 09:43:00,CELC,16.190000534057617,16.190000534057617,16.190000534057617,16.190000534057617,16.190000534057617,148.0
2024-07-03 09:43:00,CERE,41.23500061035156,41.23500061035156,41.27000045776367,41.23500061035156,41.23500061035156,1924.0
2024-07-03 09:43:00,CERS,1.7000000476837158,1.7000000476837158,1.7050000429153442,1.7000000476837158,1.7050000429153442,150.0
2024-07-03 09:43:00,CGC,6.486000061035156,6.486000061035156,6.489999771118164,6.478799819946289,6.480000019073486,17443.0
2024-07-03 09:43:00,CGEM,16.399999618530273,16.399999618530273,16.56999969482422,16.399999618530273,16.399999618530273,1321.0
2024-07-03 09:43:00,CGEN,1.6950000524520874,1.6950000524520874,1.6950000524520874,1.6950000524520874,1.6950000524520874,739.0
2024-07-03 09:43:00,CGTX,1.8286999464035034,1.8286999464035034,1.850000023841858,1.8286999464035034,1.850000023841858,4001.0
2024-07-03 09:43:00,CHEK,2.079900026321411,2.079900026321411,2.079900026321411,2.079900026321411,2.079900026321411,2170.0
2024-07-03 09:43:00,CHRS,1.350100040435791,1.350100040435791,1.3600000143051147,1.350000023841858,1.3598999977111816,15554.0
2024-07-03 09:43:00,CING,0.3043999969959259,0.3043999969959259,0.3043999969959259,0.3043999969959259,0.3043999969959259,6935.0
2024-07-03 09:43:00,CKPT,2.190000057220459,2.190000057220459,2.190000057220459,2.180000066757202,2.180000066757202,845.0
2024-07-03 09:43:00,CLOV,1.249899983406067,1.249899983406067,1.249899983406067,1.249899983406067,1.249899983406067,5070.0
2024-07-03 09:43:00,CLRB,2.390000104904175,2.390000104904175,2.390000104904175,2.390000104904175,2.390000104904175,210.0
2024-07-03 09:43:00,CNSP,2.4300999641418457,2.4300999641418457,2.440000057220459,2.319999933242798,2.319999933242798,269875.0
2024-07-03 09:43:00,CODX,1.2594000101089478,1.2594000101089478,1.2594000101089478,1.2594000101089478,1.2594000101089478,1096.0
2024-07-03 09:43:00,COGT,8.260000228881836,8.260000228881836,8.260000228881836,8.260000228881836,8.260000228881836,416.0
2024-07-03 09:43:00,CORT,31.264999389648438,31.264999389648438,31.270000457763672,31.110000610351562,31.110000610351562,12827.0
2024-07-03 09:43:00,COSM,1.0099999904632568,1.0099999904632568,1.0247000455856323,1.0099999904632568,1.0247000455856323,2467.0
2024-07-03 09:43:00,CRDF,2.153700113296509,2.153700113296509,2.153700113296509,2.153700113296509,2.153700113296509,2354.0
2024-07-03 09:43:00,CRDL,1.9351999759674072,1.9351999759674072,1.9351999759674072,1.9299999475479126,1.9299999475479126,2357.0
2024-07-03 09:43:00,CRMD,4.15500020980835,4.15500020980835,4.15500020980835,4.15500020980835,4.15500020980835,279.0
2024-07-03 09:43:00,CRNX,45.560001373291016,45.560001373291016,45.560001373291016,45.22999954223633,45.22999954223633,1912.0
2024-07-03 09:43:00,CRON,2.305000066757202,2.305000066757202,2.305000066757202,2.305000066757202,2.305000066757202,1405.0
2024-07-03 09:43:00,CRSP,53.904998779296875,53.904998779296875,53.904998779296875,53.59000015258789,53.721500396728516,3239.0
2024-07-03 09:43:00,CTKB,5.659999847412109,5.659999847412109,5.659999847412109,5.659999847412109,5.659999847412109,1002.0
2024-07-03 09:43:00,CTXR,0.5270000100135803,0.5270000100135803,0.5270000100135803,0.5253999829292297,0.5253999829292297,6550.0
2024-07-03 09:43:00,CUTR,1.3600000143051147,1.3600000143051147,1.368399977684021,1.3600000143051147,1.3650000095367432,1907.0
2024-07-03 09:43:00,CVAC,3.5987000465393066,3.5987000465393066,3.619800090789795,3.5799999237060547,3.595099925994873,36005.0
2024-07-03 09:43:00,CVRX,11.630000114440918,11.630000114440918,11.630000114440918,11.630000114440918,11.630000114440918,203.0
2024-07-03 09:43:00,CYTK,54.970001220703125,54.970001220703125,54.9900016784668,54.970001220703125,54.9900016784668,410.0
2024-07-03 09:43:00,DCTH,8.0,8.0,8.0,8.0,8.0,1264.0
2024-07-03 09:43:00,DH,5.440000057220459,5.440000057220459,5.440000057220459,5.440000057220459,5.440000057220459,1292.0
2024-07-03 09:43:00,DTIL,9.249899864196777,9.249899864196777,9.25,9.239999771118164,9.239999771118164,740.0
2024-07-03 09:43:00,DVAX,11.149999618530273,11.149999618530273,11.149999618530273,11.149999618530273,11.149999618530273,415.0
2024-07-03 09:43:00,DXCM,111.5999984741211,111.5999984741211,111.5999984741211,111.5999984741211,111.5999984741211,2757.0
2024-07-03 09:43:00,EDIT,4.639999866485596,4.639999866485596,4.639999866485596,4.630000114440918,4.630000114440918,1011.0
2024-07-03 09:43:00,ENLV,1.3001999855041504,1.3001999855041504,1.3001999855041504,1.3001999855041504,1.3001999855041504,0.0
2024-07-03 09:43:00,ENSG,126.94000244140625,126.94000244140625,126.94999694824219,126.87999725341797,126.9000015258789,6466.0
2024-07-03 09:43:00,ERAS,2.2899999618530273,2.2899999618530273,2.2899999618530273,2.2899999618530273,2.2899999618530273,69.0
2024-07-03 09:43:00,ESPR,2.389400005340576,2.389400005340576,2.3949999809265137,2.369999885559082,2.3949999809265137,63840.0
2024-07-03 09:43:00,ESTA,42.94459915161133,42.94459915161133,42.94459915161133,42.94459915161133,42.94459915161133,271.0
2024-07-03 09:43:00,ETNB,7.739999771118164,7.739999771118164,7.739999771118164,7.739999771118164,7.739999771118164,110.0
2024-07-03 09:43:00,EWTX,17.829999923706055,17.829999923706055,17.829999923706055,17.809999465942383,17.809999465942383,475.0
2024-07-03 09:43:00,EXAI,5.277400016784668,5.277400016784668,5.277400016784668,5.269999980926514,5.269999980926514,389.0
2024-07-03 09:43:00,EXAS,43.5,43.5,43.5,43.5,43.5,530.0
2024-07-03 09:43:00,FDMT,20.934999465942383,20.934999465942383,20.934999465942383,20.934999465942383,20.934999465942383,219.0
2024-07-03 09:43:00,FEMY,1.1399999856948853,1.1399999856948853,1.1399999856948853,1.1399999856948853,1.1399999856948853,509.0
2024-07-03 09:43:00,FGEN,0.7391999959945679,0.7391999959945679,0.7480000257492065,0.7300000190734863,0.7391999959945679,31184.0
2024-07-03 09:43:00,FLGC,0.9399999976158142,0.9399999976158142,0.9399999976158142,0.9399999976158142,0.9399999976158142,300.0
2024-07-03 09:43:00,FOLD,9.899999618530273,9.899999618530273,9.899999618530273,9.899999618530273,9.899999618530273,721.0
2024-07-03 09:43:00,FONR,16.239999771118164,16.239999771118164,16.239999771118164,16.239999771118164,16.239999771118164,0.0
2024-07-03 09:43:00,FULC,6.135000228881836,6.135000228881836,6.150000095367432,6.130000114440918,6.150000095367432,1410.0
2024-07-03 09:43:00,GANX,1.1931999921798706,1.1931999921798706,1.1931999921798706,1.1931999921798706,1.1931999921798706,0.0
2024-07-03 09:43:00,GDRX,7.781400203704834,7.781400203704834,7.781400203704834,7.781400203704834,7.781400203704834,126.0
2024-07-03 09:43:00,GERN,4.300000190734863,4.300000190734863,4.304999828338623,4.300000190734863,4.303800106048584,11134.0
2024-07-03 09:43:00,GILD,67.76000213623047,67.76000213623047,67.83499908447266,67.75,67.83499908447266,18383.0
2024-07-03 09:43:00,GLPG,25.3799991607666,25.3799991607666,25.389999389648438,25.3799991607666,25.389999389648438,401.0
2024-07-03 09:43:00,GLYC,0.2662999927997589,0.2662999927997589,0.2662999927997589,0.2662999927997589,0.2662999927997589,1941.0
2024-07-03 09:43:00,GMAB,25.200000762939453,25.200000762939453,25.200000762939453,25.200000762939453,25.200000762939453,879.0
2024-07-03 09:43:00,GNFT,3.9700000286102295,3.9700000286102295,3.9800000190734863,3.9700000286102295,3.9800000190734863,592.0
2024-07-03 09:43:00,GOSS,0.9419999718666077,0.9419999718666077,0.9434999823570251,0.9419999718666077,0.9434999823570251,380.0
2024-07-03 09:43:00,GOVX,3.1600000858306885,3.1600000858306885,3.1760001182556152,3.1600000858306885,3.1714999675750732,2319.0
2024-07-03 09:43:00,GRFS,6.619999885559082,6.619999885559082,6.619999885559082,6.610000133514404,6.610000133514404,5717.0
2024-07-03 09:43:00,HALO,51.65919876098633,51.65919876098633,51.65919876098633,51.525001525878906,51.525001525878906,2589.0
2024-07-03 09:43:00,HBIO,2.7899999618530273,2.7899999618530273,2.7899999618530273,2.7899999618530273,2.7899999618530273,598.0
2024-07-03 09:43:00,HOLX,73.37999725341797,73.37999725341797,73.37999725341797,73.30500030517578,73.30500030517578,1083.0
2024-07-03 09:43:00,HOOK,0.5702000260353088,0.5702000260353088,0.5702000260353088,0.5702000260353088,0.5702000260353088,35576.0
2024-07-03 09:43:00,HQY,84.51000213623047,84.51000213623047,84.51499938964844,84.33999633789062,84.44999694824219,2087.0
2024-07-03 09:43:00,HRTX,2.7799999713897705,2.7799999713897705,2.7899999618530273,2.7799999713897705,2.7850000858306885,4307.0
2024-07-03 09:43:00,HSIC,65.08000183105469,65.08000183105469,65.08000183105469,65.08000183105469,65.08000183105469,288.0
2024-07-03 09:43:00,HUGE,0.15489999949932098,0.15489999949932098,0.15489999949932098,0.15489999949932098,0.15489999949932098,612.0
2024-07-03 09:43:00,HUMA,5.392300128936768,5.392300128936768,5.429999828338623,5.389999866485596,5.420000076293945,12429.0
2024-07-03 09:43:00,IBRX,6.230000019073486,6.230000019073486,6.230000019073486,6.230000019073486,6.230000019073486,326.0
2024-07-03 09:43:00,ICLR,316.1400146484375,316.1400146484375,316.1400146484375,316.1400146484375,316.1400146484375,2328.0
2024-07-03 09:43:00,IDXX,474.8599853515625,474.8599853515625,475.4100036621094,474.2099914550781,474.2099914550781,760.0
2024-07-03 09:43:00,IDYA,33.65999984741211,33.65999984741211,33.65999984741211,33.65999984741211,33.65999984741211,219.0
2024-07-03 09:43:00,ILMN,105.33000183105469,105.33000183105469,105.33000183105469,105.22000122070312,105.22000122070312,885.0
2024-07-03 09:43:00,IMMP,1.940000057220459,1.940000057220459,1.940000057220459,1.940000057220459,1.940000057220459,1140.0
2024-07-03 09:43:00,IMMX,2.319999933242798,2.319999933242798,2.3499999046325684,2.280100107192993,2.2899999618530273,4484.0
2024-07-03 09:43:00,IMUX,1.1303999423980713,1.1303999423980713,1.1303999423980713,1.1303999423980713,1.1303999423980713,450.0
2024-07-03 09:43:00,INCR,2.065000057220459,2.065000057220459,2.065000057220459,2.065000057220459,2.065000057220459,146.0
2024-07-03 09:43:00,INCY,59.130001068115234,59.130001068115234,59.130001068115234,59.130001068115234,59.130001068115234,397.0
2024-07-03 09:43:00,INMB,8.0600004196167,8.0600004196167,8.0600004196167,8.0600004196167,8.0600004196167,449.0
2024-07-03 09:43:00,INMD,17.729999542236328,17.729999542236328,17.760000228881836,17.710100173950195,17.760000228881836,2478.0
2024-07-03 09:43:00,INNV,5.164999961853027,5.164999961853027,5.164999961853027,5.164999961853027,5.164999961853027,0.0
2024-07-03 09:43:00,INO,8.470000267028809,8.470000267028809,8.470000267028809,8.470000267028809,8.470000267028809,454.0
2024-07-03 09:43:00,INSM,64.0199966430664,64.0199966430664,64.0199966430664,63.86000061035156,64.01000213623047,7495.0
2024-07-03 09:43:00,INZY,4.480100154876709,4.480100154876709,4.480100154876709,4.480100154876709,4.480100154876709,2520.0
2024-07-03 09:43:00,IONS,45.08000183105469,45.08000183105469,45.09000015258789,45.060001373291016,45.09000015258789,1934.0
2024-07-03 09:43:00,IOVA,7.824999809265137,7.824999809265137,7.829999923706055,7.820000171661377,7.820000171661377,4676.0
2024-07-03 09:43:00,IRWD,6.210000038146973,6.210000038146973,6.215000152587891,6.210000038146973,6.210000038146973,1638.0
2024-07-03 09:43:00,ITCI,68.05500030517578,68.05500030517578,68.05500030517578,68.05500030517578,68.05500030517578,287.0
2024-07-03 09:43:00,JAGX,3.4500999450683594,3.4500999450683594,3.4500999450683594,3.450000047683716,3.450000047683716,611.0
2024-07-03 09:43:00,JANX,38.83259963989258,38.83259963989258,38.83259963989258,38.83259963989258,38.83259963989258,534.0
2024-07-03 09:43:00,KALV,11.649999618530273,11.649999618530273,11.649999618530273,11.600000381469727,11.600000381469727,658.0
2024-07-03 09:43:00,KMDA,5.329999923706055,5.329999923706055,5.342700004577637,5.329999923706055,5.329999923706055,985.0
2024-07-03 09:43:00,KTRA,0.26019999384880066,0.26019999384880066,0.2614000141620636,0.26019999384880066,0.2614000141620636,5424.0
2024-07-03 09:43:00,KURA,20.547000885009766,20.547000885009766,20.547000885009766,20.450000762939453,20.489999771118164,1833.0
2024-07-03 09:43:00,LBPH,30.950000762939453,30.950000762939453,30.950000762939453,30.950000762939453,30.950000762939453,665.0
2024-07-03 09:43:00,LEGN,45.29999923706055,45.29999923706055,45.459999084472656,45.20500183105469,45.459999084472656,641.0
2024-07-03 09:43:00,LFMD,6.599999904632568,6.599999904632568,6.610000133514404,6.599999904632568,6.609899997711182,7328.0
2024-07-03 09:43:00,LFST,5.034999847412109,5.034999847412109,5.034999847412109,5.034999847412109,5.034999847412109,138.0
2024-07-03 09:43:00,LGVN,1.6299999952316284,1.6299999952316284,1.6399999856948853,1.6299999952316284,1.6399999856948853,1160.0
2024-07-03 09:43:00,LNTH,78.0999984741211,78.0999984741211,78.0999984741211,78.0999984741211,78.0999984741211,173.0
2024-07-03 09:43:00,LPCN,7.769999980926514,7.769999980926514,7.769999980926514,7.769999980926514,7.769999980926514,641.0
2024-07-03 09:43:00,LTRN,4.570000171661377,4.570000171661377,4.570000171661377,4.539999961853027,4.539999961853027,1758.0
2024-07-03 09:43:00,LUCY,0.4675000011920929,0.4675000011920929,0.4697999954223633,0.46129998564720154,0.4618000090122223,30550.0
2024-07-03 09:43:00,LXRX,1.6299999952316284,1.6299999952316284,1.6299999952316284,1.6246000528335571,1.6246000528335571,3487.0
2024-07-03 09:43:00,LYRA,0.27410000562667847,0.27410000562667847,0.27709999680519104,0.27410000562667847,0.27709999680519104,9154.0
2024-07-03 09:43:00,MASS,4.71999979019165,4.71999979019165,4.71999979019165,4.71999979019165,4.71999979019165,922.0
2024-07-03 09:43:00,MBIO,0.5444999933242798,0.5444999933242798,0.5450000166893005,0.5429999828338623,0.5429999828338623,5795.0
2024-07-03 09:43:00,MBOT,1.031000018119812,1.031000018119812,1.031000018119812,1.031000018119812,1.031000018119812,200.0
2024-07-03 09:43:00,MCRB,0.7017999887466431,0.7017999887466431,0.7017999887466431,0.7017999887466431,0.7017999887466431,1795.0
2024-07-03 09:43:00,MDXG,6.75,6.75,6.75,6.75,6.75,1048.0
2024-07-03 09:43:00,ME,0.3926999866962433,0.3926999866962433,0.39500001072883606,0.38999998569488525,0.3919999897480011,19062.0
2024-07-03 09:43:00,MEDP,400.1000061035156,400.1000061035156,400.1000061035156,400.1000061035156,400.1000061035156,668.0
2024-07-03 09:43:00,MGNX,4.239999771118164,4.239999771118164,4.239999771118164,4.21999979019165,4.239999771118164,11261.0
2024-07-03 09:43:00,MNKD,5.014999866485596,5.014999866485596,5.019999980926514,4.994999885559082,4.994999885559082,3009.0
2024-07-03 09:43:00,MNMD,7.039999961853027,7.039999961853027,7.050000190734863,7.039999961853027,7.050000190734863,648.0
2024-07-03 09:43:00,MNPR,0.7010999917984009,0.7010999917984009,0.7010999917984009,0.7010999917984009,0.7010999917984009,784.0
2024-07-03 09:43:00,MODD,1.4800000190734863,1.4800000190734863,1.5003000497817993,1.4800000190734863,1.5002000331878662,7850.0
2024-07-03 09:43:00,MRNA,118.45999908447266,118.45999908447266,118.57080078125,118.19000244140625,118.37999725341797,16020.0
2024-07-03 09:43:00,MRNS,1.2200000286102295,1.2200000286102295,1.2200000286102295,1.215000033378601,1.215000033378601,6679.0
2024-07-03 09:43:00,MRSN,1.8693000078201294,1.8693000078201294,1.8693000078201294,1.8693000078201294,1.8693000078201294,1209.0
2024-07-03 09:43:00,MRVI,6.829999923706055,6.829999923706055,6.829999923706055,6.829999923706055,6.829999923706055,2120.0
2024-07-03 09:43:00,MYGN,25.200000762939453,25.200000762939453,25.200000762939453,25.200000762939453,25.200000762939453,200.0
2024-07-03 09:43:00,MYNZ,0.34279999136924744,0.34279999136924744,0.34279999136924744,0.34279999136924744,0.34279999136924744,2200.0
2024-07-03 09:43:00,NARI,49.494998931884766,49.494998931884766,49.494998931884766,49.494998931884766,49.494998931884766,286.0
2024-07-03 09:43:00,NBIX,137.56500244140625,137.56500244140625,137.56500244140625,137.56500244140625,137.56500244140625,266.0
2024-07-03 09:43:00,NDRA,0.08780000358819962,0.08780000358819962,0.08780000358819962,0.0860000029206276,0.0860000029206276,22600.0
2024-07-03 09:43:00,NEOG,15.069999694824219,15.069999694824219,15.069999694824219,15.069999694824219,15.069999694824219,850.0
2024-07-03 09:43:00,NKTX,5.347899913787842,5.347899913787842,5.347899913787842,5.347899913787842,5.347899913787842,831.0
2024-07-03 09:43:00,NLSP,0.20520000159740448,0.20520000159740448,0.2061000019311905,0.20499999821186066,0.20499999821186066,5664.0
2024-07-03 09:43:00,NMTC,0.8409000039100647,0.8409000039100647,0.8409000039100647,0.8409000039100647,0.8409000039100647,680.0
2024-07-03 09:43:00,NOTV,1.6160000562667847,1.6160000562667847,1.6160000562667847,1.6160000562667847,1.6160000562667847,1503.0
2024-07-03 09:43:00,NRIX,19.033700942993164,19.033700942993164,19.033700942993164,19.033700942993164,19.033700942993164,331.0
2024-07-03 09:43:00,NTRA,111.91000366210938,111.91000366210938,111.91000366210938,111.91000366210938,111.91000366210938,1253.0
2024-07-03 09:43:00,NUVL,72.65499877929688,72.65499877929688,72.65499877929688,72.3550033569336,72.61000061035156,1841.0
2024-07-03 09:43:00,NUWE,4.090099811553955,4.090099811553955,4.090099811553955,4.090099811553955,4.090099811553955,447.0
2024-07-03 09:43:00,NVAX,13.079999923706055,13.079999923706055,13.100000381469727,13.074999809265137,13.09000015258789,14542.0
2024-07-03 09:43:00,NVCT,6.590000152587891,6.590000152587891,6.590000152587891,6.556000232696533,6.556000232696533,231.0
2024-07-03 09:43:00,NXL,1.5002000331878662,1.5002000331878662,1.5002000331878662,1.5002000331878662,1.5002000331878662,1158.0
2024-07-03 09:43:00,OCGN,1.625,1.625,1.6299999952316284,1.6200000047683716,1.6299999952316284,3968.0
2024-07-03 09:43:00,OCUL,6.789999961853027,6.789999961853027,6.789999961853027,6.789999961853027,6.789999961853027,429.0
2024-07-03 09:43:00,OLK,25.844999313354492,25.844999313354492,25.844999313354492,25.844999313354492,25.844999313354492,0.0
2024-07-03 09:43:00,OLMA,10.470000267028809,10.470000267028809,10.470000267028809,10.470000267028809,10.470000267028809,465.0
2024-07-03 09:44:00,AADI,1.3600000143051147,1.3600000143051147,1.3600000143051147,1.3600000143051147,1.3600000143051147,2240.0
2024-07-03 09:44:00,ABCL,2.7699999809265137,2.7699999809265137,2.7699999809265137,2.7620999813079834,2.7620999813079834,1234.0
2024-07-03 09:44:00,ABEO,4.21999979019165,4.21999979019165,4.21999979019165,4.21999979019165,4.21999979019165,208.0
2024-07-03 09:44:00,ABSI,3.2799999713897705,3.2799999713897705,3.2799999713897705,3.2699999809265137,3.2699999809265137,11101.0
2024-07-03 09:44:00,ABUS,3.1449999809265137,3.1449999809265137,3.1449999809265137,3.1449999809265137,3.1449999809265137,331.0
2024-07-03 09:44:00,ABVC,0.7200000286102295,0.7200000286102295,0.7200000286102295,0.7200000286102295,0.7200000286102295,100.0
2024-07-03 09:44:00,ACAD,15.890000343322754,15.890000343322754,15.899900436401367,15.869999885559082,15.885000228881836,1016.0
2024-07-03 09:44:00,ACB,4.650000095367432,4.650000095367432,4.658999919891357,4.644199848175049,4.644199848175049,5259.0
2024-07-03 09:44:00,ACCD,3.5450000762939453,3.5450000762939453,3.555000066757202,3.5450000762939453,3.555000066757202,1821.0
2024-07-03 09:44:00,ACET,1.100000023841858,1.100000023841858,1.1092000007629395,1.100000023841858,1.1092000007629395,569.0
2024-07-03 09:44:00,ACHC,65.87999725341797,65.87999725341797,65.91000366210938,65.87999725341797,65.91000366210938,957.0
2024-07-03 09:44:00,ACHL,0.8299999833106995,0.8299999833106995,0.8299999833106995,0.8299999833106995,0.8299999833106995,0.0
2024-07-03 09:44:00,ACLX,53.70000076293945,53.70000076293945,53.70000076293945,53.654998779296875,53.654998779296875,305.0
2024-07-03 09:44:00,ACRS,1.159999966621399,1.159999966621399,1.1699999570846558,1.159999966621399,1.1699999570846558,2225.0
2024-07-03 09:44:00,ADAP,1.0449999570846558,1.0449999570846558,1.0499999523162842,1.0449999570846558,1.0499999523162842,400.0
2024-07-03 09:44:00,ADMA,11.319999694824219,11.319999694824219,11.34000015258789,11.319999694824219,11.324999809265137,5768.0
2024-07-03 09:44:00,ADPT,3.3399999141693115,3.3399999141693115,3.3499999046325684,3.3399999141693115,3.3499999046325684,600.0
2024-07-03 09:44:00,AGEN,14.867300033569336,14.867300033569336,14.889900207519531,14.867300033569336,14.889900207519531,605.0
2024-07-03 09:44:00,AHCO,9.739999771118164,9.739999771118164,9.78499984741211,9.739999771118164,9.78499984741211,723.0
2024-07-03 09:44:00,AIMD,0.800000011920929,0.800000011920929,0.8003000020980835,0.800000011920929,0.8003000020980835,785.0
2024-07-03 09:44:00,AKBA,0.95169997215271,0.95169997215271,0.95169997215271,0.95169997215271,0.95169997215271,0.0
2024-07-03 09:44:00,AKRO,21.875,21.875,21.989999771118164,21.850000381469727,21.979999542236328,2737.0
2024-07-03 09:44:00,AKYA,2.140000104904175,2.140000104904175,2.140000104904175,2.130000114440918,2.1303000450134277,2988.0
2024-07-03 09:44:00,ALDX,3.2100000381469727,3.2100000381469727,3.2100000381469727,3.2100000381469727,3.2100000381469727,192.0
2024-07-03 09:44:00,ALEC,4.409999847412109,4.409999847412109,4.409999847412109,4.380000114440918,4.380000114440918,0.0
2024-07-03 09:44:00,ALGN,238.43499755859375,238.43499755859375,238.43499755859375,238.43499755859375,238.43499755859375,326.0
2024-07-03 09:44:00,ALHC,8.050000190734863,8.050000190734863,8.050000190734863,8.050000190734863,8.050000190734863,341.0
2024-07-03 09:44:00,ALKS,24.309999465942383,24.309999465942383,24.309999465942383,24.280000686645508,24.280000686645508,393.0
2024-07-03 09:44:00,ALLO,2.1700000762939453,2.1700000762939453,2.1700000762939453,2.1649999618530273,2.1700000762939453,10949.0
2024-07-03 09:44:00,ALLR,0.20229999721050262,0.20229999721050262,0.2070000022649765,0.20229999721050262,0.2070000022649765,72602.0
2024-07-03 09:44:00,ALNY,246.27000427246094,246.27000427246094,246.44500732421875,246.02000427246094,246.22000122070312,8430.0
2024-07-03 09:44:00,ALT,6.739999771118164,6.739999771118164,6.789999961853027,6.739999771118164,6.78000020980835,15613.0
2024-07-03 09:44:00,AMED,96.6050033569336,96.6050033569336,96.6050033569336,96.6050033569336,96.6050033569336,405.0
2024-07-03 09:44:00,AMGN,309.9599914550781,309.9599914550781,310.42999267578125,309.9599914550781,310.1499938964844,3639.0
2024-07-03 09:44:00,AMLX,1.7300000190734863,1.7300000190734863,1.739799976348877,1.7300000190734863,1.7350000143051147,2184.0
2024-07-03 09:44:00,AMRN,0.7080000042915344,0.7080000042915344,0.7080000042915344,0.7080000042915344,0.7080000042915344,400.0
2024-07-03 09:44:00,ANAB,24.7947998046875,24.7947998046875,24.7947998046875,24.7947998046875,24.7947998046875,290.0
2024-07-03 09:44:00,ANNX,4.704999923706055,4.704999923706055,4.704999923706055,4.690000057220459,4.690000057220459,2864.0
2024-07-03 09:44:00,ANTX,2.4100000858306885,2.4100000858306885,2.4583001136779785,2.4100000858306885,2.4583001136779785,4215.0
2024-07-03 09:44:00,APDN,0.46239998936653137,0.46239998936653137,0.46239998936653137,0.4616999924182892,0.4616999924182892,1920.0
2024-07-03 09:44:00,APLS,35.95500183105469,35.95500183105469,36.060001373291016,35.95500183105469,36.060001373291016,1302.0
2024-07-03 09:44:00,APLT,4.369999885559082,4.369999885559082,4.369999885559082,4.369999885559082,4.369999885559082,3735.0
2024-07-03 09:44:00,APVO,0.3052000105381012,0.3052000105381012,0.3052000105381012,0.3052000105381012,0.3052000105381012,362.0
2024-07-03 09:44:00,ARCT,21.670000076293945,21.670000076293945,21.670000076293945,21.56999969482422,21.614999771118164,1132.0
2024-07-03 09:44:00,ARDX,5.20989990234375,5.20989990234375,5.20989990234375,5.200099945068359,5.200099945068359,12189.0
2024-07-03 09:44:00,ARQT,9.800700187683105,9.800700187683105,9.895999908447266,9.800700187683105,9.895999908447266,19635.0
2024-07-03 09:44:00,ARVN,24.950000762939453,24.950000762939453,25.0,24.950000762939453,24.950000762939453,827.0
2024-07-03 09:44:00,ARWR,25.459999084472656,25.459999084472656,25.459999084472656,25.459999084472656,25.459999084472656,316.0
2024-07-03 09:44:00,ASLN,2.309999942779541,2.309999942779541,2.309999942779541,2.309999942779541,2.309999942779541,101.0
2024-07-03 09:44:00,ASMB,12.404999732971191,12.404999732971191,12.404999732971191,12.25,12.399999618530273,2785.0
2024-07-03 09:44:00,ASRT,1.2699999809265137,1.2699999809265137,1.2699999809265137,1.2699999809265137,1.2699999809265137,1030.0
2024-07-03 09:44:00,ATOS,1.1449999809265137,1.1449999809265137,1.1449999809265137,1.1449999809265137,1.1449999809265137,414.0
2024-07-03 09:44:00,ATXS,9.020000457763672,9.020000457763672,9.020000457763672,9.020000457763672,9.020000457763672,7.0
2024-07-03 09:44:00,AUGX,1.0,1.0,1.0,1.0,1.0,31904.0
2024-07-03 09:44:00,AUPH,5.445000171661377,5.445000171661377,5.449999809265137,5.445000171661377,5.449999809265137,514.0
2024-07-03 09:44:00,AVDL,14.140000343322754,14.140000343322754,14.140000343322754,14.140000343322754,14.140000343322754,484.0
2024-07-03 09:44:00,AVIR,3.2200000286102295,3.2200000286102295,3.2300000190734863,3.2100000381469727,3.2100000381469727,1708.0
2024-07-03 09:44:00,AXNX,67.38999938964844,67.38999938964844,67.45999908447266,67.36000061035156,67.37999725341797,3473.0
2024-07-03 09:44:00,AZN,76.8499984741211,76.8499984741211,76.8499984741211,76.83999633789062,76.84020233154297,1875.0
2024-07-03 09:44:00,AZTA,51.630001068115234,51.630001068115234,51.630001068115234,51.630001068115234,51.630001068115234,200.0
2024-07-03 09:44:00,BCAB,1.3250000476837158,1.3250000476837158,1.3250000476837158,1.3250000476837158,1.3250000476837158,978.0
2024-07-03 09:44:00,BCDA,3.0299999713897705,3.0299999713897705,3.0299999713897705,3.0299999713897705,3.0299999713897705,2772.0
2024-07-03 09:44:00,BCRX,6.559100151062012,6.559100151062012,6.559100151062012,6.558800220489502,6.558800220489502,2172.0
2024-07-03 09:44:00,BCTX,1.0017000436782837,1.0017000436782837,1.0017000436782837,1.0017000436782837,1.0017000436782837,1324.0
2024-07-03 09:44:00,BCYC,19.6299991607666,19.6299991607666,19.6299991607666,19.6299991607666,19.6299991607666,300.0
2024-07-03 09:44:00,BEAM,23.299999237060547,23.299999237060547,23.299999237060547,23.239999771118164,23.270000457763672,3938.0
2024-07-03 09:44:00,BFRI,0.8999999761581421,0.8999999761581421,0.9150000214576721,0.8899999856948853,0.8899999856948853,2839.0
2024-07-03 09:44:00,BGNE,145.72999572753906,145.72999572753906,145.72999572753906,145.72999572753906,145.72999572753906,323.0
2024-07-03 09:44:00,BGXX,0.27000001072883606,0.27000001072883606,0.2743000090122223,0.27000001072883606,0.2743000090122223,2013.0
2024-07-03 09:44:00,BIIB,227.60499572753906,227.60499572753906,227.60499572753906,227.60499572753906,227.60499572753906,764.0
2024-07-03 09:44:00,BLUE,0.9308000206947327,0.9308000206947327,0.9327999949455261,0.9308000206947327,0.9318000078201294,2776.0
2024-07-03 09:44:00,BMEA,4.369999885559082,4.369999885559082,4.369999885559082,4.369999885559082,4.369999885559082,1706.0
2024-07-03 09:44:00,BMRA,0.45509999990463257,0.45509999990463257,0.45509999990463257,0.45509999990463257,0.45509999990463257,1000.0
2024-07-03 09:44:00,BMRN,81.7699966430664,81.7699966430664,81.9000015258789,81.7699966430664,81.9000015258789,835.0
2024-07-03 09:44:00,BNGO,0.5810999870300293,0.5810999870300293,0.6000000238418579,0.580299973487854,0.5803999900817871,40391.0
2024-07-03 09:44:00,BNTX,81.08000183105469,81.08000183105469,81.19000244140625,81.01000213623047,81.19000244140625,2083.0
2024-07-03 09:44:00,BPTH,1.8257999420166016,1.8257999420166016,1.8494000434875488,1.8257999420166016,1.8494000434875488,300.0
2024-07-03 09:44:00,BRKR,61.650001525878906,61.650001525878906,61.65999984741211,61.47999954223633,61.56999969482422,2109.0
2024-07-03 09:44:00,BTAI,1.0910999774932861,1.0910999774932861,1.0950000286102295,1.0910999774932861,1.0950000286102295,15204.0
2024-07-03 09:44:00,BVS,5.929999828338623,5.929999828338623,5.929999828338623,5.894999980926514,5.894999980926514,11768.0
2024-07-03 09:44:00,CABA,7.420000076293945,7.420000076293945,7.440000057220459,7.420000076293945,7.420000076293945,650.0
2024-07-03 09:44:00,CCCC,4.695000171661377,4.695000171661377,4.71999979019165,4.690000057220459,4.699999809265137,2080.0
2024-07-03 09:44:00,CDMO,7.099999904632568,7.099999904632568,7.144999980926514,7.03000020980835,7.144999980926514,4603.0
2024-07-03 09:44:00,CDNA,15.135000228881836,15.135000228881836,15.18850040435791,15.135000228881836,15.15999984741211,1939.0
2024-07-03 09:44:00,CDXC,2.569999933242798,2.569999933242798,2.569999933242798,2.569999933242798,2.569999933242798,381.0
2024-07-03 09:44:00,CERE,41.244998931884766,41.244998931884766,41.27000045776367,41.23500061035156,41.23500061035156,1373.0
2024-07-03 09:44:00,CERT,13.65999984741211,13.65999984741211,13.670000076293945,13.65999984741211,13.65999984741211,1306.0
2024-07-03 09:44:00,CGC,6.479899883270264,6.479899883270264,6.489999771118164,6.460000038146973,6.4899001121521,20139.0
2024-07-03 09:44:00,CGEM,16.520000457763672,16.520000457763672,16.520000457763672,16.520000457763672,16.520000457763672,200.0
2024-07-03 09:44:00,CHRS,1.3550000190734863,1.3550000190734863,1.3600000143051147,1.3550000190734863,1.3585000038146973,4680.0
2024-07-03 09:44:00,CKPT,2.157599925994873,2.157599925994873,2.180000066757202,2.119999885559082,2.180000066757202,16757.0
2024-07-03 09:44:00,CLDX,37.209999084472656,37.209999084472656,37.209999084472656,37.119998931884766,37.119998931884766,635.0
2024-07-03 09:44:00,CLNN,0.335099995136261,0.335099995136261,0.335099995136261,0.335099995136261,0.335099995136261,400.0
2024-07-03 09:44:00,CLOV,1.249899983406067,1.249899983406067,1.249899983406067,1.2497999668121338,1.2497999668121338,3629.0
2024-07-03 09:44:00,CMPS,6.050000190734863,6.050000190734863,6.050000190734863,6.050000190734863,6.050000190734863,301.0
2024-07-03 09:44:00,CNSP,2.3499999046325684,2.3499999046325684,2.440000057220459,2.319999933242798,2.435699939727783,201729.0
2024-07-03 09:44:00,COLL,32.15999984741211,32.15999984741211,32.15999984741211,32.15999984741211,32.15999984741211,114.0
2024-07-03 09:44:00,CORT,31.15999984741211,31.15999984741211,31.368200302124023,31.149999618530273,31.368200302124023,4588.0
2024-07-03 09:44:00,COSM,1.0299999713897705,1.0299999713897705,1.0299999713897705,1.0199999809265137,1.0199999809265137,1598.0
2024-07-03 09:44:00,CRDF,2.149199962615967,2.149199962615967,2.149199962615967,2.149199962615967,2.149199962615967,193.0
2024-07-03 09:44:00,CRDL,1.934999942779541,1.934999942779541,1.934999942779541,1.934999942779541,1.934999942779541,0.0
2024-07-03 09:44:00,CRMD,4.159999847412109,4.159999847412109,4.159999847412109,4.159999847412109,4.159999847412109,141.0
2024-07-03 09:44:00,CRNX,45.66999816894531,45.66999816894531,45.66999816894531,45.66999816894531,45.66999816894531,1281.0
2024-07-03 09:44:00,CRON,2.309999942779541,2.309999942779541,2.319999933242798,2.309999942779541,2.309999942779541,14877.0
2024-07-03 09:44:00,CRSP,53.75,53.75,53.75,53.720001220703125,53.75,1940.0
2024-07-03 09:44:00,CSTL,20.959999084472656,20.959999084472656,21.200000762939453,20.90999984741211,21.200000762939453,25958.0
2024-07-03 09:44:00,CTKB,5.670000076293945,5.670000076293945,5.670000076293945,5.670000076293945,5.670000076293945,896.0
2024-07-03 09:44:00,CTMX,1.309999942779541,1.309999942779541,1.309999942779541,1.309999942779541,1.309999942779541,170.0
2024-07-03 09:44:00,CTXR,0.5238000154495239,0.5238000154495239,0.5238000154495239,0.5205000042915344,0.5205000042915344,7152.0
2024-07-03 09:44:00,CVAC,3.6098999977111816,3.6098999977111816,3.619999885559082,3.5299999713897705,3.5899999141693115,68161.0
2024-07-03 09:44:00,CYCN,2.363600015640259,2.363600015640259,2.363600015640259,2.363600015640259,2.363600015640259,0.0
2024-07-03 09:44:00,CYTK,54.9900016784668,54.9900016784668,54.9900016784668,54.9900016784668,54.9900016784668,302.0
2024-07-03 09:44:00,DAWN,13.319999694824219,13.319999694824219,13.359999656677246,13.319999694824219,13.359999656677246,1867.0
2024-07-03 09:44:00,DNLI,22.190000534057617,22.190000534057617,22.190000534057617,22.190000534057617,22.190000534057617,951.0
2024-07-03 09:44:00,DVAX,11.130000114440918,11.130000114440918,11.130000114440918,11.130000114440918,11.130000114440918,1320.0
2024-07-03 09:44:00,DYN,34.560001373291016,34.560001373291016,34.560001373291016,34.560001373291016,34.560001373291016,109.0
2024-07-03 09:44:00,DYNT,0.2199999988079071,0.2199999988079071,0.22010000050067902,0.2199999988079071,0.22010000050067902,14147.0
2024-07-03 09:44:00,EDIT,4.639999866485596,4.639999866485596,4.639999866485596,4.639999866485596,4.639999866485596,2127.0
2024-07-03 09:44:00,EMBC,11.850000381469727,11.850000381469727,11.979999542236328,11.819999694824219,11.960000038146973,11937.0
2024-07-03 09:44:00,ENSG,126.9000015258789,126.9000015258789,126.9000015258789,126.9000015258789,126.9000015258789,3560.0
2024-07-03 09:44:00,ENVB,0.5199999809265137,0.5199999809265137,0.5199999809265137,0.5199999809265137,0.5199999809265137,6097.0
2024-07-03 09:44:00,EOLS,10.819999694824219,10.819999694824219,10.880000114440918,10.819999694824219,10.869999885559082,1141.0
2024-07-03 09:44:00,ESPR,2.380000114440918,2.380000114440918,2.380000114440918,2.380000114440918,2.380000114440918,11.0
2024-07-03 09:44:00,ESTA,43.36840057373047,43.36840057373047,43.36840057373047,42.93000030517578,42.93000030517578,1461.0
2024-07-03 09:44:00,ETNB,7.730000019073486,7.730000019073486,7.730000019073486,7.730000019073486,7.730000019073486,851.0
2024-07-03 09:44:00,EWTX,17.709999084472656,17.709999084472656,17.774999618530273,17.709999084472656,17.774999618530273,593.0
2024-07-03 09:44:00,EXAS,43.43000030517578,43.43000030517578,43.5099983215332,43.415000915527344,43.459999084472656,1134.0
2024-07-03 09:44:00,EXEL,22.170000076293945,22.170000076293945,22.170000076293945,22.170000076293945,22.170000076293945,195.0
2024-07-03 09:44:00,EYPT,8.170000076293945,8.170000076293945,8.170000076293945,8.170000076293945,8.170000076293945,206.0
2024-07-03 09:44:00,FATE,3.2300000190734863,3.2300000190734863,3.240000009536743,3.2200000286102295,3.2200000286102295,1037.0
2024-07-03 09:44:00,FBIOP,16.0718994140625,16.0718994140625,16.0718994140625,16.0718994140625,16.0718994140625,598.0
2024-07-03 09:44:00,FDMT,20.989999771118164,20.989999771118164,21.010000228881836,20.989999771118164,21.010000228881836,1193.0
2024-07-03 09:44:00,FGEN,0.7350000143051147,0.7350000143051147,0.7416999936103821,0.7350000143051147,0.7350000143051147,3661.0
2024-07-03 09:44:00,FLGC,0.9399999976158142,0.9399999976158142,0.9399999976158142,0.9399999976158142,0.9399999976158142,200.0
2024-07-03 09:44:00,FLGT,20.030000686645508,20.030000686645508,20.030000686645508,20.030000686645508,20.030000686645508,101.0
2024-07-03 09:44:00,FULC,6.130000114440918,6.130000114440918,6.159999847412109,6.130000114440918,6.144999980926514,905.0
2024-07-03 09:44:00,GALT,2.234999895095825,2.234999895095825,2.234999895095825,2.234999895095825,2.234999895095825,200.0
2024-07-03 09:44:00,GBIO,2.3949999809265137,2.3949999809265137,2.3949999809265137,2.369999885559082,2.369999885559082,483.0
2024-07-03 09:44:00,GERN,4.2906999588012695,4.2906999588012695,4.304999828338623,4.29010009765625,4.304999828338623,30487.0
2024-07-03 09:44:00,GH,28.68000030517578,28.68000030517578,28.68000030517578,28.68000030517578,28.68000030517578,174.0
2024-07-03 09:44:00,GILD,67.66000366210938,67.66000366210938,67.78700256347656,67.66000366210938,67.78700256347656,8573.0
2024-07-03 09:44:00,GLSI,17.209999084472656,17.209999084472656,17.209999084472656,17.209999084472656,17.209999084472656,201.0
2024-07-03 09:44:00,GLTO,0.4699999988079071,0.4699999988079071,0.4699999988079071,0.4699000120162964,0.4699000120162964,6268.0
2024-07-03 09:44:00,GLUE,3.640000104904175,3.640000104904175,3.640000104904175,3.640000104904175,3.640000104904175,323.0
2024-07-03 09:44:00,GLYC,0.2662999927997589,0.2662999927997589,0.2662999927997589,0.2662999927997589,0.2662999927997589,431.0
2024-07-03 09:44:00,GOSS,0.9419999718666077,0.9419999718666077,0.9419999718666077,0.9419999718666077,0.9419999718666077,7371.0
2024-07-03 09:44:00,GOVX,3.18530011177063,3.18530011177063,3.18530011177063,3.174999952316284,3.174999952316284,951.0
2024-07-03 09:44:00,GRFS,6.619999885559082,6.619999885559082,6.619999885559082,6.610000133514404,6.614999771118164,2116.0
2024-07-03 09:44:00,GTHX,2.4800000190734863,2.4800000190734863,2.4800000190734863,2.4800000190734863,2.4800000190734863,130.0
2024-07-03 09:44:00,HCAT,6.085000038146973,6.085000038146973,6.085000038146973,6.085000038146973,6.085000038146973,103.0
2024-07-03 09:44:00,HOLX,73.3499984741211,73.3499984741211,73.45999908447266,73.2699966430664,73.37999725341797,9815.0
2024-07-03 09:44:00,HOOK,0.5788999795913696,0.5788999795913696,0.5788999795913696,0.5788999795913696,0.5788999795913696,0.0
2024-07-03 09:44:00,HQY,84.49500274658203,84.49500274658203,84.51000213623047,84.3499984741211,84.51000213623047,858.0
2024-07-03 09:44:00,HRMY,30.079999923706055,30.079999923706055,30.09000015258789,30.079999923706055,30.09000015258789,437.0
2024-07-03 09:44:00,HROW,21.719999313354492,21.719999313354492,21.719999313354492,21.600000381469727,21.600000381469727,1112.0
2024-07-03 09:44:00,HRTX,2.825000047683716,2.825000047683716,2.825000047683716,2.759999990463257,2.7699999809265137,35399.0
2024-07-03 09:44:00,HSCS,5.054100036621094,5.054100036621094,5.054100036621094,5.054100036621094,5.054100036621094,976.0
2024-07-03 09:44:00,HSIC,65.30999755859375,65.30999755859375,65.31999969482422,65.11000061035156,65.27999877929688,1071.0
2024-07-03 09:44:00,HUMA,5.360000133514404,5.360000133514404,5.389999866485596,5.360000133514404,5.385000228881836,9667.0
2024-07-03 09:44:00,IBRX,6.224999904632568,6.224999904632568,6.224999904632568,6.2220001220703125,6.2220001220703125,766.0
2024-07-03 09:44:00,ICLR,316.1549987792969,316.1549987792969,316.1549987792969,316.1549987792969,316.1549987792969,293.0
2024-07-03 09:44:00,ILMN,105.44000244140625,105.44000244140625,105.44000244140625,105.33999633789062,105.33999633789062,804.0
2024-07-03 09:44:00,IMAB,1.5549999475479126,1.5549999475479126,1.5549999475479126,1.5549999475479126,1.5549999475479126,581.0
2024-07-03 09:44:00,IMMX,2.2850000858306885,2.2850000858306885,2.3499999046325684,2.200000047683716,2.3499999046325684,12033.0
2024-07-03 09:44:00,IMTX,11.975000381469727,11.975000381469727,11.975000381469727,11.975000381469727,11.975000381469727,441.0
2024-07-03 09:44:00,IMVT,26.604999542236328,26.604999542236328,26.604999542236328,26.604999542236328,26.604999542236328,140.0
2024-07-03 09:44:00,INCY,58.98500061035156,58.98500061035156,59.154998779296875,58.94499969482422,59.13999938964844,3779.0
2024-07-03 09:44:00,INMB,8.0600004196167,8.0600004196167,8.0600004196167,8.0600004196167,8.0600004196167,318.0
2024-07-03 09:44:00,INMD,17.700000762939453,17.700000762939453,17.709999084472656,17.700000762939453,17.709999084472656,2839.0
2024-07-03 09:44:00,INSM,64.13999938964844,64.13999938964844,64.30000305175781,64.13999938964844,64.16999816894531,5987.0
2024-07-03 09:44:00,IONM,0.33009999990463257,0.33009999990463257,0.33009999990463257,0.33009999990463257,0.33009999990463257,100.0
2024-07-03 09:44:00,IONS,45.03499984741211,45.03499984741211,45.08000183105469,45.03499984741211,45.03499984741211,1405.0
2024-07-03 09:44:00,IOVA,7.801000118255615,7.801000118255615,7.835000038146973,7.800000190734863,7.835000038146973,7677.0
2024-07-03 09:44:00,IRTC,97.54000091552734,97.54000091552734,97.54000091552734,97.22000122070312,97.2699966430664,3045.0
2024-07-03 09:44:00,IRWD,6.199999809265137,6.199999809265137,6.199999809265137,6.199999809265137,6.199999809265137,563.0
2024-07-03 09:44:00,ISRG,436.760009765625,436.760009765625,436.760009765625,436.760009765625,436.760009765625,641.0
2024-07-03 09:44:00,JANX,39.0,39.0,39.0,38.939998626708984,38.939998626708984,1781.0
2024-07-03 09:44:00,KALV,11.600000381469727,11.600000381469727,11.645000457763672,11.600000381469727,11.645000457763672,600.0
2024-07-03 09:44:00,KIDS,29.579999923706055,29.579999923706055,29.579999923706055,29.579999923706055,29.579999923706055,103.0
2024-07-03 09:44:00,KMDA,5.339900016784668,5.339900016784668,5.339900016784668,5.339900016784668,5.339900016784668,4300.0
2024-07-03 09:44:00,LEGN,45.27000045776367,45.27000045776367,45.35499954223633,45.17499923706055,45.35499954223633,1522.0
2024-07-03 09:44:00,LFMD,6.599999904632568,6.599999904632568,6.619999885559082,6.599999904632568,6.619999885559082,1361.0
2024-07-03 09:44:00,LFST,5.034999847412109,5.034999847412109,5.034999847412109,5.03000020980835,5.034999847412109,6122.0
2024-07-03 09:44:00,LGVN,1.649399995803833,1.649399995803833,1.649399995803833,1.649399995803833,1.649399995803833,1062.0
2024-07-03 09:44:00,LOGC,5.739999771118164,5.739999771118164,5.739999771118164,5.739999771118164,5.739999771118164,836.0
2024-07-03 09:44:00,LQDA,11.899999618530273,11.899999618530273,11.899999618530273,11.899999618530273,11.899999618530273,1688.0
2024-07-03 09:44:00,LRMR,7.710000038146973,7.710000038146973,7.710000038146973,7.710000038146973,7.710000038146973,213.0
2024-07-03 09:44:00,LUCY,0.4620000123977661,0.4620000123977661,0.4674000144004822,0.46070000529289246,0.46630001068115234,19156.0
2024-07-03 09:44:00,LXRX,1.625,1.625,1.625,1.625,1.625,527.0
2024-07-03 09:44:00,LYEL,1.4500000476837158,1.4500000476837158,1.4500000476837158,1.4500000476837158,1.4500000476837158,432.0
2024-07-03 09:44:00,LYRA,0.2752000093460083,0.2752000093460083,0.2752000093460083,0.2752000093460083,0.2752000093460083,200.0
2024-07-03 09:44:00,MASI,113.23500061035156,113.23500061035156,113.23500061035156,113.23500061035156,113.23500061035156,987.0
2024-07-03 09:44:00,MASS,4.71999979019165,4.71999979019165,4.71999979019165,4.71999979019165,4.71999979019165,8.0
2024-07-03 09:44:00,MBIO,0.5400000214576721,0.5400000214576721,0.5443999767303467,0.5400000214576721,0.5425000190734863,13545.0
2024-07-03 09:44:00,MBOT,1.0399999618530273,1.0399999618530273,1.0399999618530273,1.034999966621399,1.034999966621399,39902.0
2024-07-03 09:44:00,MCRB,0.70169997215271,0.70169997215271,0.70169997215271,0.70169997215271,0.70169997215271,2408.0
2024-07-03 09:44:00,MDWD,15.419899940490723,15.419899940490723,15.419899940490723,15.419899940490723,15.419899940490723,223.0
2024-07-03 09:44:00,MEDP,397.9599914550781,397.9599914550781,398.00408935546875,397.202392578125,397.202392578125,836.0
2024-07-03 09:44:00,MGNX,4.170400142669678,4.170400142669678,4.25,4.170400142669678,4.25,24624.0
2024-07-03 09:44:00,MHUA,0.9154999852180481,0.9154999852180481,0.9154999852180481,0.9154999852180481,0.9154999852180481,200.0
2024-07-03 09:44:00,MIRM,34.310001373291016,34.310001373291016,34.310001373291016,34.310001373291016,34.310001373291016,480.0
2024-07-03 09:44:00,MIST,1.3100999593734741,1.3100999593734741,1.3100999593734741,1.3100999593734741,1.3100999593734741,1500.0
2024-07-03 09:44:00,MNKD,5.014999866485596,5.014999866485596,5.025000095367432,5.011000156402588,5.019999980926514,2179.0
2024-07-03 09:44:00,MNMD,7.039999961853027,7.039999961853027,7.059999942779541,7.039999961853027,7.059999942779541,573.0
2024-07-03 09:44:00,MNOV,1.436400055885315,1.436400055885315,1.436400055885315,1.436400055885315,1.436400055885315,135.0
2024-07-03 09:44:00,MORF,31.420000076293945,31.420000076293945,31.420000076293945,31.420000076293945,31.420000076293945,429.0
2024-07-03 09:44:00,MREO,3.450000047683716,3.450000047683716,3.450000047683716,3.450000047683716,3.450000047683716,152.0
2024-07-03 09:44:00,MRNA,117.95999908447266,117.95999908447266,118.5999984741211,117.9000015258789,118.58999633789062,13544.0
2024-07-03 09:44:00,MRNS,1.2200000286102295,1.2200000286102295,1.2200000286102295,1.215000033378601,1.2200000286102295,10433.0
2024-07-03 09:44:00,MRSN,1.8899999856948853,1.8899999856948853,1.8899999856948853,1.8849999904632568,1.8849999904632568,330.0
2024-07-03 09:44:00,MRUS,53.47999954223633,53.47999954223633,53.54999923706055,53.45000076293945,53.54999923706055,614.0
2024-07-03 09:44:00,MRVI,6.840000152587891,6.840000152587891,6.840000152587891,6.840000152587891,6.840000152587891,600.0
2024-07-03 09:44:00,NARI,49.494998931884766,49.494998931884766,49.494998931884766,49.36000061035156,49.36000061035156,1521.0
2024-07-03 09:44:00,NEO,13.670000076293945,13.670000076293945,13.680000305175781,13.65999984741211,13.661999702453613,1884.0
2024-07-03 09:44:00,NEOG,15.050000190734863,15.050000190734863,15.050000190734863,15.050000190734863,15.050000190734863,114.0
2024-07-03 09:44:00,NKTR,1.2101000547409058,1.2101000547409058,1.2101000547409058,1.2101000547409058,1.2101000547409058,847.0
2024-07-03 09:44:00,NKTX,5.320000171661377,5.320000171661377,5.329999923706055,5.320000171661377,5.329999923706055,3353.0
2024-07-03 09:44:00,NLSP,0.20550000667572021,0.20550000667572021,0.20550000667572021,0.20509999990463257,0.20509999990463257,6169.0
2024-07-03 09:44:00,NMTC,0.8409000039100647,0.8409000039100647,0.8409000039100647,0.8409000039100647,0.8409000039100647,1210.0
2024-07-03 09:44:00,NNOX,6.989999771118164,6.989999771118164,6.989999771118164,6.989999771118164,6.989999771118164,1651.0
2024-07-03 09:44:00,NRIX,18.959999084472656,18.959999084472656,19.06999969482422,18.952499389648438,18.952499389648438,2004.0
2024-07-03 09:44:00,NRSN,1.2899999618530273,1.2899999618530273,1.2899999618530273,1.2898999452590942,1.2899999618530273,10098.0
2024-07-03 09:44:00,NTLA,22.3700008392334,22.3700008392334,22.450000762939453,22.3700008392334,22.395000457763672,2412.0
2024-07-03 09:44:00,NTRA,111.87999725341797,111.87999725341797,111.87999725341797,111.79499816894531,111.79499816894531,467.0
2024-07-03 09:44:00,NVAX,13.109999656677246,13.109999656677246,13.130000114440918,13.079999923706055,13.09000015258789,31888.0
2024-07-03 09:44:00,NVOS,0.7498000264167786,0.7498000264167786,0.7498000264167786,0.7498000264167786,0.7498000264167786,4000.0
2024-07-03 09:44:00,NXL,1.4900000095367432,1.4900000095367432,1.5199999809265137,1.4900000095367432,1.5199999809265137,2566.0
2024-07-03 09:44:00,OCGN,1.6150000095367432,1.6150000095367432,1.625,1.6100000143051147,1.625,14966.0
2024-07-03 09:44:00,OCUL,6.789999961853027,6.789999961853027,6.789999961853027,6.789999961853027,6.789999961853027,266.0
2024-07-03 09:44:00,OGI,1.5390000343322754,1.5390000343322754,1.5396000146865845,1.5390000343322754,1.5396000146865845,1820.0
2024-07-03 09:44:00,OLK,25.844999313354492,25.844999313354492,25.844999313354492,25.844999313354492,25.844999313354492,200.0
2024-07-03 09:44:00,OLMA,10.505000114440918,10.505000114440918,10.505000114440918,10.505000114440918,10.505000114440918,125.0
2024-07-03 09:44:00,OMGA,2.0999999046325684,2.0999999046325684,2.0999999046325684,2.0999999046325684,2.0999999046325684,1532.0
2024-07-03 09:45:00,AADI,1.3700000047683716,1.3700000047683716,1.3700000047683716,1.3665000200271606,1.3665000200271606,580.0
2024-07-03 09:45:00,ABCL,2.7699999809265137,2.7699999809265137,2.7699999809265137,2.7699999809265137,2.7699999809265137,1267.0
2024-07-03 09:45:00,ABEO,4.21999979019165,4.21999979019165,4.21999979019165,4.21999979019165,4.21999979019165,307.0
2024-07-03 09:45:00,ABSI,3.2899999618530273,3.2899999618530273,3.2899999618530273,3.259999990463257,3.2750000953674316,18962.0
2024-07-03 09:45:00,ABUS,3.1500000953674316,3.1500000953674316,3.1500000953674316,3.1500000953674316,3.1500000953674316,124.0
2024-07-03 09:45:00,ACAD,15.90999984741211,15.90999984741211,15.90999984741211,15.899900436401367,15.899900436401367,1941.0
2024-07-03 09:45:00,ACB,4.659999847412109,4.659999847412109,4.670000076293945,4.650000095367432,4.659999847412109,5906.0
2024-07-03 09:45:00,ACCD,3.5399999618530273,3.5399999618530273,3.5450000762939453,3.5399999618530273,3.5450000762939453,286.0
2024-07-03 09:45:00,ACET,1.100000023841858,1.100000023841858,1.100000023841858,1.100000023841858,1.100000023841858,344.0
2024-07-03 09:45:00,ACIU,3.9000000953674316,3.9000000953674316,3.9000000953674316,3.9000000953674316,3.9000000953674316,400.0
2024-07-03 09:45:00,ACLX,53.654998779296875,53.654998779296875,53.654998779296875,53.654998779296875,53.654998779296875,614.0
2024-07-03 09:45:00,ADAP,1.0449999570846558,1.0449999570846558,1.0449999570846558,1.0449999570846558,1.0449999570846558,1700.0
2024-07-03 09:45:00,ADMA,11.3149995803833,11.3149995803833,11.319700241088867,11.3149995803833,11.319700241088867,1670.0
2024-07-03 09:45:00,ADPT,3.3299999237060547,3.3299999237060547,3.341200113296509,3.3299999237060547,3.341200113296509,1585.0
2024-07-03 09:45:00,AFMD,5.25,5.25,5.25,5.195000171661377,5.195000171661377,745.0
2024-07-03 09:45:00,AHCO,9.819999694824219,9.819999694824219,9.819999694824219,9.819999694824219,9.819999694824219,597.0
2024-07-03 09:45:00,AKBA,0.9503999948501587,0.9503999948501587,0.9503999948501587,0.9503999948501587,0.9503999948501587,2453.0
2024-07-03 09:45:00,AKRO,21.860000610351562,21.860000610351562,21.8799991607666,21.850000381469727,21.860000610351562,747.0
2024-07-03 09:45:00,ALGN,239.05999755859375,239.05999755859375,239.1199951171875,238.44000244140625,238.4600067138672,3431.0
2024-07-03 09:45:00,ALGS,0.414000004529953,0.414000004529953,0.4147999882698059,0.414000004529953,0.4147999882698059,1147.0
2024-07-03 09:45:00,ALHC,8.050000190734863,8.050000190734863,8.050000190734863,8.050000190734863,8.050000190734863,600.0
2024-07-03 09:45:00,ALKS,24.299999237060547,24.299999237060547,24.299999237060547,24.299999237060547,24.299999237060547,431.0
2024-07-03 09:45:00,ALLO,2.1500000953674316,2.1500000953674316,2.1700000762939453,2.1500000953674316,2.1700000762939453,15226.0
2024-07-03 09:45:00,ALLR,0.20069999992847443,0.20069999992847443,0.20239999890327454,0.20069999992847443,0.20229999721050262,14719.0
2024-07-03 09:45:00,ALT,6.75,6.75,6.755000114440918,6.75,6.755000114440918,1331.0
2024-07-03 09:45:00,ALXO,5.769999980926514,5.769999980926514,5.769999980926514,5.755000114440918,5.755000114440918,2145.0
2024-07-03 09:45:00,AMED,96.6050033569336,96.6050033569336,96.6050033569336,96.6050033569336,96.6050033569336,1104.0
2024-07-03 09:45:00,AMLX,1.7300000190734863,1.7300000190734863,1.7350000143051147,1.7300000190734863,1.7350000143051147,10433.0
2024-07-03 09:45:00,AMPH,37.70000076293945,37.70000076293945,37.70000076293945,37.599998474121094,37.599998474121094,5662.0
2024-07-03 09:45:00,AMRN,0.7080000042915344,0.7080000042915344,0.7080000042915344,0.7039999961853027,0.7039999961853027,131.0
2024-07-03 09:45:00,ANGO,5.670000076293945,5.670000076293945,5.670000076293945,5.670000076293945,5.670000076293945,1191.0
2024-07-03 09:45:00,ANNX,4.710000038146973,4.710000038146973,4.71999979019165,4.704999923706055,4.710000038146973,2036.0
2024-07-03 09:45:00,ANTX,2.4000000953674316,2.4000000953674316,2.4082000255584717,2.380000114440918,2.4000000953674316,2972.0
2024-07-03 09:45:00,APDN,0.4616999924182892,0.4616999924182892,0.4616999924182892,0.4616999924182892,0.4616999924182892,0.0
2024-07-03 09:45:00,APLS,36.09000015258789,36.09000015258789,36.09000015258789,36.09000015258789,36.09000015258789,671.0
2024-07-03 09:45:00,APLT,4.369999885559082,4.369999885559082,4.369999885559082,4.369999885559082,4.369999885559082,100.0
2024-07-03 09:45:00,AQST,2.3980000019073486,2.3980000019073486,2.3980000019073486,2.390000104904175,2.390000104904175,535.0
2024-07-03 09:45:00,ARCT,21.5,21.5,21.584999084472656,21.5,21.584999084472656,886.0
2024-07-03 09:45:00,ARDX,5.15500020980835,5.15500020980835,5.20989990234375,5.139999866485596,5.20989990234375,130397.0
2024-07-03 09:45:00,ARGX,436.0,436.0,436.0,436.0,436.0,746.0
2024-07-03 09:45:00,ARQT,9.710000038146973,9.710000038146973,9.850000381469727,9.6899995803833,9.850000381469727,16020.0
2024-07-03 09:45:00,ARVN,24.864999771118164,24.864999771118164,24.864999771118164,24.864999771118164,24.864999771118164,201.0
2024-07-03 09:45:00,ASLN,2.240000009536743,2.240000009536743,2.359999895095825,2.240000009536743,2.309999942779541,2739.0
2024-07-03 09:45:00,ASRT,1.2899999618530273,1.2899999618530273,1.2899999618530273,1.274999976158142,1.274999976158142,14404.0
2024-07-03 09:45:00,ATAI,1.3200000524520874,1.3200000524520874,1.3200000524520874,1.3200000524520874,1.3200000524520874,160.0
2024-07-03 09:45:00,ATEC,10.010000228881836,10.010000228881836,10.010000228881836,10.010000228881836,10.010000228881836,260.0
2024-07-03 09:45:00,ATHA,2.5,2.5,2.509999990463257,2.5,2.509999990463257,1020.0
2024-07-03 09:45:00,ATOS,1.1398999691009521,1.1398999691009521,1.1399999856948853,1.1398999691009521,1.1399999856948853,2181.0
2024-07-03 09:45:00,ATXS,9.010000228881836,9.010000228881836,9.020000457763672,9.010000228881836,9.020000457763672,396.0
2024-07-03 09:45:00,AUGX,1.0,1.0,1.0,1.0,1.0,27302.0
2024-07-03 09:45:00,AUPH,5.434999942779541,5.434999942779541,5.440000057220459,5.429999828338623,5.440000057220459,1434.0
2024-07-03 09:45:00,AVDL,14.09000015258789,14.09000015258789,14.125,14.079999923706055,14.125,2849.0
2024-07-03 09:45:00,AVIR,3.215100049972534,3.215100049972534,3.2200000286102295,3.215100049972534,3.2200000286102295,732.0
2024-07-03 09:45:00,AVTE,1.600000023841858,1.600000023841858,1.6100000143051147,1.600000023841858,1.6100000143051147,15804.0
2024-07-03 09:45:00,AVXL,4.199999809265137,4.199999809265137,4.210000038146973,4.199999809265137,4.203700065612793,3511.0
2024-07-03 09:45:00,AYTU,2.8447000980377197,2.8447000980377197,2.8447000980377197,2.8447000980377197,2.8447000980377197,812.0
2024-07-03 09:45:00,AZN,76.87000274658203,76.87000274658203,76.877197265625,76.84500122070312,76.84500122070312,7978.0
2024-07-03 09:45:00,AZTA,51.689998626708984,51.689998626708984,51.689998626708984,51.689998626708984,51.689998626708984,351.0
2024-07-03 09:45:00,BBIO,25.040000915527344,25.040000915527344,25.040000915527344,24.954999923706055,24.959999084472656,2958.0
2024-07-03 09:45:00,BCAB,1.3250000476837158,1.3250000476837158,1.3250000476837158,1.3250000476837158,1.3250000476837158,1542.0
2024-07-03 09:45:00,BCRX,6.545000076293945,6.545000076293945,6.545000076293945,6.545000076293945,6.545000076293945,1153.0
2024-07-03 09:45:00,BDSX,1.6054999828338623,1.6054999828338623,1.6054999828338623,1.6054999828338623,1.6054999828338623,365.0
2024-07-03 09:45:00,BDTX,4.199999809265137,4.199999809265137,4.199999809265137,4.199999809265137,4.199999809265137,386.0
2024-07-03 09:45:00,BEAM,23.209999084472656,23.209999084472656,23.349899291992188,23.209999084472656,23.349899291992188,1814.0
2024-07-03 09:45:00,BEAT,2.9649999141693115,2.9649999141693115,2.9649999141693115,2.9100000858306885,2.9621999263763428,2930.0
2024-07-03 09:45:00,BIIB,227.30999755859375,227.30999755859375,227.39999389648438,227.25999450683594,227.38499450683594,1218.0
2024-07-03 09:45:00,BJDX,0.6251000165939331,0.6251000165939331,0.6251000165939331,0.6251000165939331,0.6251000165939331,5134.0
2024-07-03 09:45:00,BLFS,20.274999618530273,20.274999618530273,20.274999618530273,20.219999313354492,20.219999313354492,720.0
2024-07-03 09:45:00,BLUE,0.9309999942779541,0.9309999942779541,0.9318000078201294,0.9308000206947327,0.9308000206947327,6907.0
2024-07-03 09:45:00,BMRN,81.76000213623047,81.76000213623047,81.89399719238281,81.76000213623047,81.76000213623047,1034.0
2024-07-03 09:45:00,BNGO,0.5889999866485596,0.5889999866485596,0.5889999866485596,0.5889999866485596,0.5889999866485596,615.0
2024-07-03 09:45:00,BNTX,81.22000122070312,81.22000122070312,81.27999877929688,81.0,81.11000061035156,5133.0
2024-07-03 09:45:00,BPMC,110.44000244140625,110.44000244140625,110.79499816894531,110.44000244140625,110.79499816894531,2070.0
2024-07-03 09:45:00,BPTH,1.8350000381469727,1.8350000381469727,1.8350000381469727,1.8350000381469727,1.8350000381469727,1950.0
2024-07-03 09:45:00,BRKR,61.560001373291016,61.560001373291016,61.65999984741211,61.54999923706055,61.54999923706055,2831.0
2024-07-03 09:45:00,BVS,5.925000190734863,5.925000190734863,5.940000057220459,5.920000076293945,5.929999828338623,2517.0
2024-07-03 09:45:00,CABA,7.360000133514404,7.360000133514404,7.409999847412109,7.360000133514404,7.402699947357178,2760.0
2024-07-03 09:45:00,CCCC,4.670000076293945,4.670000076293945,4.690000057220459,4.650000095367432,4.679999828338623,5317.0
2024-07-03 09:45:00,CCRN,13.645000457763672,13.645000457763672,13.6899995803833,13.645000457763672,13.6899995803833,1072.0
2024-07-03 09:45:00,CDMO,7.159999847412109,7.159999847412109,7.159999847412109,7.159999847412109,7.159999847412109,967.0
2024-07-03 09:45:00,CERE,41.244998931884766,41.244998931884766,41.27000045776367,41.244998931884766,41.27000045776367,2387.0
2024-07-03 09:45:00,CERT,13.670000076293945,13.670000076293945,13.670000076293945,13.635000228881836,13.635000228881836,1053.0
2024-07-03 09:45:00,CGC,6.494999885559082,6.494999885559082,6.5,6.460000038146973,6.460000038146973,20883.0
2024-07-03 09:45:00,CGEM,16.415000915527344,16.415000915527344,16.514999389648438,16.329999923706055,16.329999923706055,3723.0
2024-07-03 09:45:00,CGEN,1.7000000476837158,1.7000000476837158,1.7000000476837158,1.7000000476837158,1.7000000476837158,200.0
2024-07-03 09:45:00,CHRS,1.3499000072479248,1.3499000072479248,1.356600046157837,1.3450000286102295,1.356600046157837,14522.0
2024-07-03 09:45:00,CKPT,2.1700000762939453,2.1700000762939453,2.1700000762939453,2.1500000953674316,2.1500000953674316,567.0
2024-07-03 09:45:00,CLNN,0.33309999108314514,0.33309999108314514,0.33309999108314514,0.33309999108314514,0.33309999108314514,291.0
2024-07-03 09:45:00,CLOV,1.246999979019165,1.246999979019165,1.246999979019165,1.24399995803833,1.24399995803833,747.0
2024-07-03 09:45:00,CLRB,2.3949999809265137,2.3949999809265137,2.3949999809265137,2.3949999809265137,2.3949999809265137,100.0
2024-07-03 09:45:00,CMAX,2.200000047683716,2.200000047683716,2.200000047683716,2.200000047683716,2.200000047683716,353.0
2024-07-03 09:45:00,CMPX,0.8700000047683716,0.8700000047683716,0.8700000047683716,0.8700000047683716,0.8700000047683716,1661.0
2024-07-03 09:45:00,CMRX,0.8769999742507935,0.8769999742507935,0.8769999742507935,0.8769000172615051,0.8769000172615051,1524.0
2024-07-03 09:45:00,CNSP,2.360100030899048,2.360100030899048,2.440000057220459,2.3299999237060547,2.359999895095825,222026.0
2024-07-03 09:45:00,COGT,8.300000190734863,8.300000190734863,8.300000190734863,8.279999732971191,8.279999732971191,1418.0
2024-07-03 09:45:00,COLL,32.15999984741211,32.15999984741211,32.15999984741211,32.15999984741211,32.15999984741211,311.0
2024-07-03 09:45:00,CORT,31.270000457763672,31.270000457763672,31.270000457763672,31.19499969482422,31.19499969482422,1438.0
2024-07-03 09:45:00,COSM,1.0299999713897705,1.0299999713897705,1.0299999713897705,1.0299999713897705,1.0299999713897705,1000.0
2024-07-03 09:45:00,CRBP,48.720001220703125,48.720001220703125,48.95000076293945,48.720001220703125,48.95000076293945,2985.0
2024-07-03 09:45:00,CRBU,1.6050000190734863,1.6050000190734863,1.6050000190734863,1.6050000190734863,1.6050000190734863,320.0
2024-07-03 09:45:00,CRDF,2.137500047683716,2.137500047683716,2.1449999809265137,2.137500047683716,2.140399932861328,8422.0
2024-07-03 09:45:00,CRDL,1.9299999475479126,1.9299999475479126,1.934999942779541,1.9299999475479126,1.934999942779541,2031.0
2024-07-03 09:45:00,CRMD,4.159999847412109,4.159999847412109,4.159999847412109,4.159999847412109,4.159999847412109,354.0
2024-07-03 09:45:00,CRON,2.315000057220459,2.315000057220459,2.315000057220459,2.315000057220459,2.315000057220459,5319.0
2024-07-03 09:45:00,CRSP,53.70000076293945,53.70000076293945,53.7400016784668,53.70000076293945,53.720001220703125,971.0
2024-07-03 09:45:00,CTMX,1.315000057220459,1.315000057220459,1.315000057220459,1.315000057220459,1.315000057220459,801.0
2024-07-03 09:45:00,CVAC,3.6050000190734863,3.6050000190734863,3.630000114440918,3.5899999141693115,3.5899999141693115,24934.0
2024-07-03 09:45:00,CVRX,11.529999732971191,11.529999732971191,11.619999885559082,11.529999732971191,11.619999885559082,2973.0
2024-07-03 09:45:00,DARE,3.4100000858306885,3.4100000858306885,3.4100000858306885,3.4000000953674316,3.4000000953674316,1082.0
2024-07-03 09:45:00,DVAX,11.130000114440918,11.130000114440918,11.130000114440918,11.130000114440918,11.130000114440918,354.0
2024-07-03 09:45:00,DXCM,111.58999633789062,111.58999633789062,111.58999633789062,111.58999633789062,111.58999633789062,893.0
2024-07-03 09:45:00,DYAI,1.5,1.5,1.5,1.5,1.5,468.0
2024-07-03 09:45:00,DYN,34.53499984741211,34.53499984741211,34.540000915527344,34.529998779296875,34.537498474121094,792.0
2024-07-03 09:45:00,EDIT,4.635499954223633,4.635499954223633,4.639999866485596,4.635499954223633,4.639999866485596,3664.0
2024-07-03 09:45:00,ELDN,2.410399913787842,2.410399913787842,2.410399913787842,2.410399913787842,2.410399913787842,256.0
2024-07-03 09:45:00,ELYM,6.695000171661377,6.695000171661377,6.695000171661377,6.695000171661377,6.695000171661377,400.0
2024-07-03 09:45:00,EMBC,11.899999618530273,11.899999618530273,11.899999618530273,11.800000190734863,11.869999885559082,8112.0
2024-07-03 09:45:00,ENSG,126.69999694824219,126.69999694824219,126.72000122070312,126.69999694824219,126.72000122070312,383.0
2024-07-03 09:45:00,EOLS,10.845000267028809,10.845000267028809,10.845000267028809,10.819999694824219,10.819999694824219,1276.0
2024-07-03 09:45:00,ESPR,2.3803000450134277,2.3803000450134277,2.390000104904175,2.3803000450134277,2.390000104904175,4024.0
2024-07-03 09:45:00,ESTA,43.103599548339844,43.103599548339844,43.103599548339844,43.103599548339844,43.103599548339844,837.0
2024-07-03 09:45:00,EWTX,17.770000457763672,17.770000457763672,17.770000457763672,17.709999084472656,17.719999313354492,461.0
2024-07-03 09:45:00,EXAI,5.269999980926514,5.269999980926514,5.269999980926514,5.264999866485596,5.264999866485596,1521.0
2024-07-03 09:45:00,EXAS,43.54999923706055,43.54999923706055,43.54999923706055,43.439998626708984,43.54999923706055,782.0
2024-07-03 09:45:00,EXEL,22.15999984741211,22.15999984741211,22.174999237060547,22.15999984741211,22.170000076293945,1074.0
2024-07-03 09:45:00,EYPT,8.17490005493164,8.17490005493164,8.17490005493164,8.109999656677246,8.109999656677246,1515.0
2024-07-03 09:45:00,FATE,3.2300000190734863,3.2300000190734863,3.2300000190734863,3.2249999046325684,3.2300000190734863,3602.0
2024-07-03 09:45:00,FGEN,0.7258999943733215,0.7258999943733215,0.7416999936103821,0.7258999943733215,0.7416999936103821,9737.0
2024-07-03 09:45:00,FLGC,0.9399999976158142,0.9399999976158142,0.9399999976158142,0.9399999976158142,0.9399999976158142,200.0
2024-07-03 09:45:00,FOLD,9.890000343322754,9.890000343322754,9.904999732971191,9.890000343322754,9.904999732971191,2402.0
2024-07-03 09:45:00,FULC,6.119999885559082,6.119999885559082,6.139999866485596,6.119999885559082,6.139999866485596,627.0
2024-07-03 09:45:00,GALT,2.2300000190734863,2.2300000190734863,2.2300000190734863,2.2200000286102295,2.2249999046325684,1200.0
2024-07-03 09:45:00,GDRX,7.760000228881836,7.760000228881836,7.78000020980835,7.760000228881836,7.78000020980835,3154.0
2024-07-03 09:45:00,GERN,4.302800178527832,4.302800178527832,4.304999828338623,4.295000076293945,4.295000076293945,3439.0
2024-07-03 09:45:00,GH,28.540000915527344,28.540000915527344,28.704999923706055,28.540000915527344,28.704999923706055,980.0
2024-07-03 09:45:00,GILD,67.66999816894531,67.66999816894531,67.7300033569336,67.66000366210938,67.68000030517578,6780.0
2024-07-03 09:45:00,GLSI,17.209999084472656,17.209999084472656,17.209999084472656,17.209999084472656,17.209999084472656,115.0
2024-07-03 09:45:00,GLTO,0.4699999988079071,0.4699999988079071,0.4699999988079071,0.4699000120162964,0.4699000120162964,4832.0
2024-07-03 09:45:00,GMAB,25.170000076293945,25.170000076293945,25.170000076293945,25.170000076293945,25.170000076293945,786.0
2024-07-03 09:45:00,GOSS,0.9369999766349792,0.9369999766349792,0.9398999810218811,0.9365000128746033,0.9377999901771545,7374.0
2024-07-03 09:45:00,GRFS,6.599999904632568,6.599999904632568,6.614999771118164,6.599999904632568,6.614999771118164,2203.0
2024-07-03 09:45:00,GRTS,0.5699999928474426,0.5699999928474426,0.5699999928474426,0.5699999928474426,0.5699999928474426,200.0
2024-07-03 09:45:00,GTBP,2.859999895095825,2.859999895095825,2.859999895095825,2.859999895095825,2.859999895095825,159.0
2024-07-03 09:45:00,GTHX,2.4800000190734863,2.4800000190734863,2.4800000190734863,2.4800000190734863,2.4800000190734863,1059.0
2024-07-03 09:45:00,HALO,51.529998779296875,51.529998779296875,51.65999984741211,51.439998626708984,51.65999984741211,469.0
2024-07-03 09:45:00,HCAT,6.059999942779541,6.059999942779541,6.059999942779541,6.059999942779541,6.059999942779541,1045.0
2024-07-03 09:45:00,HITI,2.130000114440918,2.130000114440918,2.130000114440918,2.130000114440918,2.130000114440918,298.0
2024-07-03 09:45:00,HLVX,14.010000228881836,14.010000228881836,14.010000228881836,13.609999656677246,13.609999656677246,580.0
2024-07-03 09:45:00,HOLX,73.32499694824219,73.32499694824219,73.32499694824219,73.31500244140625,73.31500244140625,1920.0
2024-07-03 09:45:00,HOWL,2.0100998878479004,2.0100998878479004,2.0100998878479004,2.0100998878479004,2.0100998878479004,285.0
2024-07-03 09:45:00,HQY,84.27999877929688,84.27999877929688,84.37000274658203,84.27999877929688,84.36000061035156,1237.0
2024-07-03 09:45:00,HROW,21.645000457763672,21.645000457763672,21.739999771118164,21.645000457763672,21.739999771118164,416.0
2024-07-03 09:45:00,HRTX,2.8299999237060547,2.8299999237060547,2.8299999237060547,2.825000047683716,2.825000047683716,940.0
2024-07-03 09:45:00,HSIC,65.12999725341797,65.12999725341797,65.12999725341797,65.12999725341797,65.12999725341797,227.0
2024-07-03 09:45:00,HUMA,5.389999866485596,5.389999866485596,5.394999980926514,5.370500087738037,5.389900207519531,14777.0
2024-07-03 09:45:00,IART,28.93000030517578,28.93000030517578,28.959999084472656,28.93000030517578,28.959999084472656,817.0
2024-07-03 09:45:00,ICLR,315.989990234375,315.989990234375,315.989990234375,315.989990234375,315.989990234375,626.0
2024-07-03 09:45:00,IDXX,475.4100036621094,475.4100036621094,475.4100036621094,475.4100036621094,475.4100036621094,393.0
2024-07-03 09:45:00,IDYA,33.65999984741211,33.65999984741211,33.65999984741211,33.65999984741211,33.65999984741211,887.0
2024-07-03 09:45:00,IFRX,1.6994999647140503,1.6994999647140503,1.7008999586105347,1.690000057220459,1.7008999586105347,11890.0
2024-07-03 09:45:00,ILMN,105.44999694824219,105.44999694824219,105.44999694824219,105.44999694824219,105.44999694824219,603.0
2024-07-03 09:45:00,IMMX,2.265000104904175,2.265000104904175,2.2850000858306885,2.265000104904175,2.2850000858306885,632.0
2024-07-03 09:45:00,INAB,0.807200014591217,0.807200014591217,0.807200014591217,0.807200014591217,0.807200014591217,200.0
2024-07-03 09:45:00,INCY,58.80500030517578,58.80500030517578,58.94499969482422,58.80500030517578,58.94499969482422,1089.0
2024-07-03 09:45:00,INMB,8.0600004196167,8.0600004196167,8.0600004196167,8.0600004196167,8.0600004196167,300.0
2024-07-03 09:45:00,INMD,17.649999618530273,17.649999618530273,17.690000534057617,17.649999618530273,17.690000534057617,704.0
2024-07-03 09:45:00,INSM,64.08000183105469,64.08000183105469,64.13999938964844,64.08000183105469,64.13999938964844,1468.0
2024-07-03 09:45:00,INVA,16.459999084472656,16.459999084472656,16.459999084472656,16.459999084472656,16.459999084472656,278.0
2024-07-03 09:45:00,INZY,4.494999885559082,4.494999885559082,4.494999885559082,4.494999885559082,4.494999885559082,637.0
2024-07-03 09:45:00,IONM,0.33000001311302185,0.33000001311302185,0.33009999990463257,0.33000001311302185,0.33009999990463257,1437.0
2024-07-03 09:45:00,IONS,45.0,45.0,45.06999969482422,45.0,45.04999923706055,824.0
2024-07-03 09:45:00,IOVA,7.800000190734863,7.800000190734863,7.809999942779541,7.795000076293945,7.800000190734863,6249.0
2024-07-03 09:45:00,ISPC,0.29899999499320984,0.29899999499320984,0.29899999499320984,0.29899999499320984,0.29899999499320984,223.0
2024-07-03 09:45:00,ISRG,436.9150085449219,436.9150085449219,436.9150085449219,436.9150085449219,436.9150085449219,699.0
2024-07-03 09:45:00,ITCI,68.05000305175781,68.05000305175781,68.05000305175781,68.05000305175781,68.05000305175781,200.0
2024-07-03 09:45:00,ITOS,14.609999656677246,14.609999656677246,14.609999656677246,14.550000190734863,14.550000190734863,792.0
2024-07-03 09:45:00,IVVD,1.1100000143051147,1.1100000143051147,1.1100000143051147,1.1100000143051147,1.1100000143051147,907.0
2024-07-03 09:45:00,JSPR,23.309999465942383,23.309999465942383,23.389999389648438,23.309999465942383,23.389999389648438,1398.0
2024-07-03 09:45:00,KALV,11.600000381469727,11.600000381469727,11.600000381469727,11.600000381469727,11.600000381469727,798.0
2024-07-03 09:45:00,KNSA,18.580900192260742,18.580900192260742,18.580900192260742,18.580900192260742,18.580900192260742,937.0
2024-07-03 09:45:00,KTRA,0.25999999046325684,0.25999999046325684,0.26019999384880066,0.25999999046325684,0.26019999384880066,4429.0
2024-07-03 09:45:00,LEGN,45.15999984741211,45.15999984741211,45.15999984741211,45.15999984741211,45.15999984741211,492.0
2024-07-03 09:45:00,LEXX,2.549999952316284,2.549999952316284,2.5999999046325684,2.549999952316284,2.5999999046325684,2011.0
2024-07-03 09:45:00,LFST,5.039999961853027,5.039999961853027,5.039999961853027,5.034999847412109,5.034999847412109,2335.0
2024-07-03 09:45:00,LNTH,78.2417984008789,78.2417984008789,78.2417984008789,78.2417984008789,78.2417984008789,116.0
2024-07-03 09:45:00,LQDA,11.914999961853027,11.914999961853027,11.9399995803833,11.914999961853027,11.9399995803833,1393.0
2024-07-03 09:45:00,LUCY,0.474700003862381,0.474700003862381,0.474700003862381,0.46129998564720154,0.4620000123977661,63397.0
2024-07-03 09:45:00,LXRX,1.6100000143051147,1.6100000143051147,1.625,1.6100000143051147,1.625,13702.0
2024-07-03 09:45:00,LYEL,1.4299999475479126,1.4299999475479126,1.4500000476837158,1.4299999475479126,1.4500000476837158,7708.0
2024-07-03 09:45:00,LYRA,0.27709999680519104,0.27709999680519104,0.27709999680519104,0.27399998903274536,0.27399998903274536,2442.0
2024-07-03 09:45:00,MBIO,0.5425000190734863,0.5425000190734863,0.5425000190734863,0.5400000214576721,0.5400000214576721,7243.0
2024-07-03 09:45:00,MBOT,1.034999966621399,1.034999966621399,1.034999966621399,1.034999966621399,1.034999966621399,0.0
2024-07-03 09:45:00,MCRB,0.6956999897956848,0.6956999897956848,0.7017999887466431,0.6956999897956848,0.70169997215271,16692.0
2024-07-03 09:45:00,MDXG,6.75,6.75,6.75,6.744999885559082,6.744999885559082,2776.0
2024-07-03 09:45:00,ME,0.4007999897003174,0.4007999897003174,0.40209999680519104,0.39969998598098755,0.4000000059604645,4838.0
2024-07-03 09:45:00,MEDP,397.3599853515625,397.3599853515625,397.3599853515625,396.70599365234375,396.70599365234375,2299.0
2024-07-03 09:45:00,MEDS,17.204999923706055,17.204999923706055,17.204999923706055,17.204999923706055,17.204999923706055,810.0
2024-07-03 09:45:00,MGNX,4.210000038146973,4.210000038146973,4.210000038146973,4.210000038146973,4.210000038146973,549.0
2024-07-03 09:45:00,MGTX,3.9200000762939453,3.9200000762939453,3.9200000762939453,3.9149999618530273,3.9149999618530273,349.0
2024-07-03 09:45:00,MIRM,34.18000030517578,34.18000030517578,34.33000183105469,34.130001068115234,34.314998626708984,3653.0
2024-07-03 09:45:00,MNKD,5.014999866485596,5.014999866485596,5.014999866485596,5.014999866485596,5.014999866485596,1211.0
2024-07-03 09:45:00,MNMD,7.03000020980835,7.03000020980835,7.039999961853027,7.03000020980835,7.039999961853027,1398.0
2024-07-03 09:45:00,MRNA,117.87000274658203,117.87000274658203,118.01000213623047,117.79000091552734,117.79000091552734,4664.0
2024-07-03 09:45:00,MRSN,1.8849999904632568,1.8849999904632568,1.8849999904632568,1.8849999904632568,1.8849999904632568,491.0
2024-07-03 09:45:00,MRUS,53.244998931884766,53.244998931884766,53.52000045776367,53.209999084472656,53.349998474121094,3506.0
2024-07-03 09:45:00,MRVI,6.804999828338623,6.804999828338623,6.840000152587891,6.801000118255615,6.829999923706055,4250.0
2024-07-03 09:45:00,MXCT,3.7100000381469727,3.7100000381469727,3.7200000286102295,3.700000047683716,3.7200000286102295,4878.0
2024-07-03 09:45:00,MYGN,25.094999313354492,25.094999313354492,25.15999984741211,25.094999313354492,25.15999984741211,554.0
2024-07-03 09:45:00,MYNZ,0.3499999940395355,0.3499999940395355,0.3499999940395355,0.3499999940395355,0.3499999940395355,840.0
2024-07-03 09:45:00,NARI,49.29999923706055,49.29999923706055,49.30500030517578,49.0,49.30500030517578,1456.0
2024-07-03 09:45:00,NBIX,137.74000549316406,137.74000549316406,137.74000549316406,137.56500244140625,137.56500244140625,474.0
2024-07-03 09:45:00,NDRA,0.08550000190734863,0.08550000190734863,0.08659999817609787,0.08550000190734863,0.08560000360012054,13863.0
2024-07-03 09:45:00,NEO,13.6899995803833,13.6899995803833,13.6899995803833,13.640000343322754,13.640000343322754,526.0
2024-07-03 09:45:00,NEOG,15.050000190734863,15.050000190734863,15.0600004196167,15.050000190734863,15.0600004196167,585.0
2024-07-03 09:45:00,NLSP,0.2070000022649765,0.2070000022649765,0.2070000022649765,0.20520000159740448,0.2054000049829483,23135.0
2024-07-03 09:45:00,NRIX,18.96500015258789,18.96500015258789,18.985000610351562,18.96500015258789,18.985000610351562,818.0
2024-07-03 09:45:00,NRSN,1.2599999904632568,1.2599999904632568,1.2599999904632568,1.2599999904632568,1.2599999904632568,10044.0
2024-07-03 09:45:00,NTLA,22.350000381469727,22.350000381469727,22.350000381469727,22.329999923706055,22.34000015258789,2409.0
2024-07-03 09:45:00,NTRA,111.94000244140625,111.94000244140625,111.95999908447266,111.80999755859375,111.80999755859375,2561.0
2024-07-03 09:45:00,NVAX,13.119999885559082,13.119999885559082,13.140000343322754,13.095000267028809,13.109999656677246,34007.0
2024-07-03 09:45:00,NVNO,5.188600063323975,5.188600063323975,5.188600063323975,5.188600063323975,5.188600063323975,508.0
2024-07-03 09:45:00,NVOS,0.7498000264167786,0.7498000264167786,0.7498000264167786,0.7498000264167786,0.7498000264167786,1136.0
2024-07-03 09:45:00,NXL,1.4800000190734863,1.4800000190734863,1.4900000095367432,1.4800000190734863,1.4800000190734863,12172.0
2024-07-03 09:45:00,OCGN,1.6150000095367432,1.6150000095367432,1.6200000047683716,1.6150000095367432,1.6200000047683716,4089.0
2024-07-03 09:45:00,OCUL,6.789999961853027,6.789999961853027,6.789999961853027,6.789999961853027,6.789999961853027,659.0
2024-07-03 09:45:00,OGI,1.5399999618530273,1.5399999618530273,1.5399999618530273,1.5399999618530273,1.5399999618530273,849.0
2024-07-03 09:45:00,OLK,25.850000381469727,25.850000381469727,25.850000381469727,25.844999313354492,25.844999313354492,300.0
2024-07-03 09:45:00,OLMA,10.5,10.5,10.5,10.5,10.5,175.0
2024-07-03 09:45:00,OMER,3.884999990463257,3.884999990463257,3.884999990463257,3.884999990463257,3.884999990463257,384.0
2024-07-03 09:46:00,AADI,1.3600000143051147,1.3600000143051147,1.3650000095367432,1.3600000143051147,1.3650000095367432,313.0
2024-07-03 09:46:00,ABCL,2.759999990463257,2.759999990463257,2.759999990463257,2.759999990463257,2.759999990463257,1204.0
2024-07-03 09:46:00,ABEO,4.21999979019165,4.21999979019165,4.230000019073486,4.21999979019165,4.230000019073486,451.0
2024-07-03 09:46:00,ABSI,3.2750000953674316,3.2750000953674316,3.2899999618530273,3.2750000953674316,3.2899999618530273,1698.0
2024-07-03 09:46:00,ABUS,3.1449999809265137,3.1449999809265137,3.1500000953674316,3.1449999809265137,3.1500000953674316,622.0
2024-07-03 09:46:00,ACAD,15.875,15.875,15.890000343322754,15.875,15.890000343322754,970.0
2024-07-03 09:46:00,ACB,4.650000095367432,4.650000095367432,4.659999847412109,4.650000095367432,4.659999847412109,2445.0
2024-07-03 09:46:00,ACCD,3.549999952316284,3.549999952316284,3.549999952316284,3.549999952316284,3.549999952316284,1308.0
2024-07-03 09:46:00,ACET,1.100000023841858,1.100000023841858,1.100000023841858,1.100000023841858,1.100000023841858,361.0
2024-07-03 09:46:00,ACHL,0.8299999833106995,0.8299999833106995,0.8299999833106995,0.8299999833106995,0.8299999833106995,1009.0
2024-07-03 09:46:00,ACHV,4.599999904632568,4.599999904632568,4.599999904632568,4.599999904632568,4.599999904632568,4025.0
2024-07-03 09:46:00,ACIU,3.8949999809265137,3.8949999809265137,3.8949999809265137,3.8949999809265137,3.8949999809265137,1.0
2024-07-03 09:46:00,ADAP,1.0449999570846558,1.0449999570846558,1.0499999523162842,1.0449999570846558,1.0499999523162842,117.0
2024-07-03 09:46:00,ADMA,11.295000076293945,11.295000076293945,11.3100004196167,11.295000076293945,11.3100004196167,7634.0
2024-07-03 09:46:00,ADPT,3.319999933242798,3.319999933242798,3.319999933242798,3.315000057220459,3.315000057220459,940.0
2024-07-03 09:46:00,AEMD,0.42500001192092896,0.42500001192092896,0.42500001192092896,0.42089998722076416,0.42089998722076416,4012.0
2024-07-03 09:46:00,AFMD,5.175000190734863,5.175000190734863,5.175000190734863,5.175000190734863,5.175000190734863,26.0
2024-07-03 09:46:00,AGEN,14.770000457763672,14.770000457763672,14.849900245666504,14.760000228881836,14.849900245666504,1284.0
2024-07-03 09:46:00,AHCO,9.8100004196167,9.8100004196167,9.8149995803833,9.8100004196167,9.8149995803833,503.0
2024-07-03 09:46:00,AIMD,0.8003000020980835,0.8003000020980835,0.8003000020980835,0.8003000020980835,0.8003000020980835,580.0
2024-07-03 09:46:00,AKBA,0.955299973487854,0.955299973487854,0.955299973487854,0.955299973487854,0.955299973487854,309.0
2024-07-03 09:46:00,AKRO,21.8700008392334,21.8700008392334,21.8700008392334,21.8700008392334,21.8700008392334,1048.0
2024-07-03 09:46:00,ALEC,4.400000095367432,4.400000095367432,4.400000095367432,4.375,4.375,621.0
2024-07-03 09:46:00,ALGN,238.7949981689453,238.7949981689453,238.7949981689453,238.7949981689453,238.7949981689453,145.0
2024-07-03 09:46:00,ALHC,8.0600004196167,8.0600004196167,8.0600004196167,8.050000190734863,8.050000190734863,922.0
2024-07-03 09:46:00,ALIM,5.53000020980835,5.53000020980835,5.53000020980835,5.53000020980835,5.53000020980835,110.0
2024-07-03 09:46:00,ALKS,24.309999465942383,24.309999465942383,24.309999465942383,24.309999465942383,24.309999465942383,313.0
2024-07-03 09:46:00,ALLO,2.1500000953674316,2.1500000953674316,2.1500000953674316,2.1500000953674316,2.1500000953674316,427.0
2024-07-03 09:46:00,ALLR,0.20100000500679016,0.20100000500679016,0.20399999618530273,0.20100000500679016,0.20250000059604645,11190.0
2024-07-03 09:46:00,ALNY,246.3249969482422,246.3249969482422,246.3300018310547,246.30999755859375,246.3300018310547,1973.0
2024-07-03 09:46:00,ALT,6.769999980926514,6.769999980926514,6.78000020980835,6.75,6.750100135803223,6619.0
2024-07-03 09:46:00,ALVR,0.7490000128746033,0.7490000128746033,0.7490000128746033,0.7490000128746033,0.7490000128746033,16957.0
2024-07-03 09:46:00,ALXO,5.775000095367432,5.775000095367432,5.775000095367432,5.75,5.760000228881836,1800.0
2024-07-03 09:46:00,AMED,96.6500015258789,96.6500015258789,96.69999694824219,96.6050033569336,96.68000030517578,3226.0
2024-07-03 09:46:00,AMGN,310.2099914550781,310.2099914550781,310.2550048828125,310.2099914550781,310.2550048828125,1240.0
2024-07-03 09:46:00,AMLX,1.7300000190734863,1.7300000190734863,1.7300000190734863,1.7300000190734863,1.7300000190734863,1136.0
2024-07-03 09:46:00,AMRN,0.7080000042915344,0.7080000042915344,0.7080000042915344,0.7080000042915344,0.7080000042915344,400.0
2024-07-03 09:46:00,ANAB,24.764999389648438,24.764999389648438,24.764999389648438,24.764999389648438,24.764999389648438,640.0
2024-07-03 09:46:00,ANNX,4.71999979019165,4.71999979019165,4.730000019073486,4.710000038146973,4.71999979019165,1773.0
2024-07-03 09:46:00,ANTX,2.4100000858306885,2.4100000858306885,2.4100000858306885,2.4100000858306885,2.4100000858306885,341.0
2024-07-03 09:46:00,APDN,0.4616999924182892,0.4616999924182892,0.4616999924182892,0.4616999924182892,0.4616999924182892,700.0
2024-07-03 09:46:00,APLS,36.125,36.125,36.15999984741211,36.08000183105469,36.09000015258789,1590.0
2024-07-03 09:46:00,APLT,4.389999866485596,4.389999866485596,4.389999866485596,4.375,4.375,1799.0
2024-07-03 09:46:00,AQST,2.390000104904175,2.390000104904175,2.399899959564209,2.390000104904175,2.399899959564209,2314.0
2024-07-03 09:46:00,ARCT,21.405000686645508,21.405000686645508,21.405000686645508,21.405000686645508,21.405000686645508,201.0
2024-07-03 09:46:00,ARDX,5.149899959564209,5.149899959564209,5.157199859619141,5.140100002288818,5.150100231170654,15462.0
2024-07-03 09:46:00,ARQT,9.65999984741211,9.65999984741211,9.71500015258789,9.65999984741211,9.699999809265137,5251.0
2024-07-03 09:46:00,ASRT,1.284999966621399,1.284999966621399,1.2899999618530273,1.284999966621399,1.284999966621399,5892.0
2024-07-03 09:46:00,ATAI,1.3200000524520874,1.3200000524520874,1.3200000524520874,1.3200000524520874,1.3200000524520874,121.0
2024-07-03 09:46:00,ATEC,10.0600004196167,10.0600004196167,10.0600004196167,10.020000457763672,10.020000457763672,12380.0
2024-07-03 09:46:00,ATXS,9.055000305175781,9.055000305175781,9.055000305175781,9.039999961853027,9.039999961853027,1141.0
2024-07-03 09:46:00,AUGX,1.0098999738693237,1.0098999738693237,1.0098999738693237,0.9800000190734863,0.9800000190734863,3000.0
2024-07-03 09:46:00,AUPH,5.454999923706055,5.454999923706055,5.454999923706055,5.434999942779541,5.434999942779541,1518.0
2024-07-03 09:46:00,AUTL,3.4200000762939453,3.4200000762939453,3.4200000762939453,3.4000000953674316,3.4000000953674316,3000.0
2024-07-03 09:46:00,AVDL,14.069999694824219,14.069999694824219,14.069999694824219,14.069999694824219,14.069999694824219,1248.0
2024-07-03 09:46:00,AVIR,3.2300000190734863,3.2300000190734863,3.2300000190734863,3.2300000190734863,3.2300000190734863,844.0
2024-07-03 09:46:00,AVTE,1.5950000286102295,1.5950000286102295,1.5950000286102295,1.5950000286102295,1.5950000286102295,802.0
2024-07-03 09:46:00,AVXL,4.190000057220459,4.190000057220459,4.199999809265137,4.190000057220459,4.199999809265137,923.0
2024-07-03 09:46:00,AZN,76.86000061035156,76.86000061035156,76.86000061035156,76.83000183105469,76.83999633789062,6823.0
2024-07-03 09:46:00,AZTA,51.766300201416016,51.766300201416016,51.766300201416016,51.766300201416016,51.766300201416016,186.0
2024-07-03 09:46:00,BBIO,25.03499984741211,25.03499984741211,25.03499984741211,25.03499984741211,25.03499984741211,1031.0
2024-07-03 09:46:00,BCRX,6.539999961853027,6.539999961853027,6.545000076293945,6.539999961853027,6.545000076293945,1790.0
2024-07-03 09:46:00,BFRI,0.8901000022888184,0.8901000022888184,0.8901000022888184,0.8901000022888184,0.8901000022888184,1196.0
2024-07-03 09:46:00,BIAF,2.2100000381469727,2.2100000381469727,2.2100000381469727,2.2100000381469727,2.2100000381469727,4600.0
2024-07-03 09:46:00,BIIB,227.28500366210938,227.28500366210938,227.5135040283203,227.28500366210938,227.5135040283203,2372.0
2024-07-03 09:46:00,BJDX,0.6309000253677368,0.6309000253677368,0.6363000273704529,0.625,0.6276999711990356,3470.0
2024-07-03 09:46:00,BLUE,0.9275000095367432,0.9275000095367432,0.9312999844551086,0.920799970626831,0.9309999942779541,38015.0
2024-07-03 09:46:00,BMEA,4.329999923706055,4.329999923706055,4.340000152587891,4.329999923706055,4.340000152587891,2230.0
2024-07-03 09:46:00,BMRA,0.4571000039577484,0.4571000039577484,0.4571000039577484,0.4571000039577484,0.4571000039577484,0.0
2024-07-03 09:46:00,BNGO,0.5889999866485596,0.5889999866485596,0.5889999866485596,0.5867000222206116,0.5867000222206116,9100.0
2024-07-03 09:46:00,BNTC,9.0,9.0,9.0,9.0,9.0,230.0
2024-07-03 09:46:00,BNTX,81.33499908447266,81.33499908447266,81.33499908447266,81.1500015258789,81.1500015258789,3266.0
2024-07-03 09:46:00,BRKR,61.65999984741211,61.65999984741211,61.72999954223633,61.65999984741211,61.72999954223633,950.0
2024-07-03 09:46:00,BTMD,7.539999961853027,7.539999961853027,7.579999923706055,7.539999961853027,7.579999923706055,2863.0
2024-07-03 09:46:00,BVS,5.985000133514404,5.985000133514404,5.985000133514404,5.940000057220459,5.940000057220459,4120.0
2024-07-03 09:46:00,CABA,7.400000095367432,7.400000095367432,7.40500020980835,7.369999885559082,7.400000095367432,3679.0
2024-07-03 09:46:00,CADL,6.227499961853027,6.227499961853027,6.304999828338623,6.227499961853027,6.289999961853027,452.0
2024-07-03 09:46:00,CCCC,4.710000038146973,4.710000038146973,4.710000038146973,4.684999942779541,4.690000057220459,3548.0
2024-07-03 09:46:00,CDMO,7.039999961853027,7.039999961853027,7.039999961853027,7.010000228881836,7.039999961853027,1059.0
2024-07-03 09:46:00,CDXC,2.559999942779541,2.559999942779541,2.5799999237060547,2.559999942779541,2.5799999237060547,1804.0
2024-07-03 09:46:00,CDXS,2.924999952316284,2.924999952316284,2.924999952316284,2.9149999618530273,2.9149999618530273,1682.0
2024-07-03 09:46:00,CELC,16.09000015258789,16.09000015258789,16.09000015258789,16.09000015258789,16.09000015258789,240.0
2024-07-03 09:46:00,CERE,41.2400016784668,41.2400016784668,41.27000045776367,41.2400016784668,41.244998931884766,2305.0
2024-07-03 09:46:00,CERS,1.7050000429153442,1.7050000429153442,1.7050000429153442,1.7050000429153442,1.7050000429153442,1581.0
2024-07-03 09:46:00,CERT,13.680000305175781,13.680000305175781,13.680000305175781,13.680000305175781,13.680000305175781,686.0
2024-07-03 09:46:00,CGC,6.494999885559082,6.494999885559082,6.5,6.474999904632568,6.494999885559082,30551.0
2024-07-03 09:46:00,CGEM,16.43000030517578,16.43000030517578,16.43000030517578,16.405000686645508,16.405000686645508,1657.0
2024-07-03 09:46:00,CHRS,1.3550000190734863,1.3550000190734863,1.3587000370025635,1.350000023841858,1.350000023841858,10542.0
2024-07-03 09:46:00,CKPT,2.1500000953674316,2.1500000953674316,2.1700000762939453,2.119999885559082,2.1438000202178955,9757.0
2024-07-03 09:46:00,CLDX,37.029998779296875,37.029998779296875,37.04999923706055,37.029998779296875,37.029998779296875,608.0
2024-07-03 09:46:00,CLPT,5.316699981689453,5.316699981689453,5.316699981689453,5.316699981689453,5.316699981689453,304.0
2024-07-03 09:46:00,CNSP,2.347899913787842,2.347899913787842,2.469399929046631,2.3299999237060547,2.360599994659424,345072.0
2024-07-03 09:46:00,COGT,8.279999732971191,8.279999732971191,8.279999732971191,8.279999732971191,8.279999732971191,337.0
2024-07-03 09:46:00,CORT,31.239999771118164,31.239999771118164,31.239999771118164,31.100000381469727,31.239999771118164,15029.0
2024-07-03 09:46:00,COSM,1.010200023651123,1.010200023651123,1.0111000537872314,1.010200023651123,1.0111000537872314,6008.0
2024-07-03 09:46:00,CPRX,15.869999885559082,15.869999885559082,15.869999885559082,15.869999885559082,15.869999885559082,245.0
2024-07-03 09:46:00,CRBU,1.600000023841858,1.600000023841858,1.6024999618530273,1.600000023841858,1.600000023841858,2762.0
2024-07-03 09:46:00,CRDF,2.130000114440918,2.130000114440918,2.130000114440918,2.130000114440918,2.130000114440918,557.0
2024-07-03 09:46:00,CRON,2.309999942779541,2.309999942779541,2.319000005722046,2.309999942779541,2.315000057220459,2679.0
2024-07-03 09:46:00,CRSP,53.689998626708984,53.689998626708984,53.689998626708984,53.60499954223633,53.60499954223633,928.0
2024-07-03 09:46:00,CTXR,0.5199999809265137,0.5199999809265137,0.5200999975204468,0.5199999809265137,0.5200999975204468,2504.0
2024-07-03 09:46:00,CVAC,3.5899999141693115,3.5899999141693115,3.5999999046325684,3.569999933242798,3.5899999141693115,36847.0
2024-07-03 09:46:00,CYTK,54.814998626708984,54.814998626708984,54.95000076293945,54.814998626708984,54.95000076293945,1977.0
2024-07-03 09:46:00,DNLI,22.227500915527344,22.227500915527344,22.270000457763672,22.212299346923828,22.212299346923828,2797.0
2024-07-03 09:46:00,DRUG,1.1187000274658203,1.1187000274658203,1.1200000047683716,1.1187000274658203,1.1200000047683716,930.0
2024-07-03 09:46:00,DXCM,111.65499877929688,111.65499877929688,111.65499877929688,111.65499877929688,111.65499877929688,421.0
2024-07-03 09:46:00,DYN,34.560001373291016,34.560001373291016,34.560001373291016,34.525001525878906,34.53499984741211,3713.0
2024-07-03 09:46:00,EDIT,4.639999866485596,4.639999866485596,4.639999866485596,4.639999866485596,4.639999866485596,462.0
2024-07-03 09:46:00,EMBC,11.890000343322754,11.890000343322754,11.890000343322754,11.890000343322754,11.890000343322754,480.0
2024-07-03 09:46:00,ENSG,126.75499725341797,126.75499725341797,126.75499725341797,126.75499725341797,126.75499725341797,915.0
2024-07-03 09:46:00,ESPR,2.384999990463257,2.384999990463257,2.384999990463257,2.3801000118255615,2.3801000118255615,6914.0
2024-07-03 09:46:00,ESTA,43.06999969482422,43.06999969482422,43.150001525878906,43.06999969482422,43.150001525878906,456.0
2024-07-03 09:46:00,EWTX,17.709999084472656,17.709999084472656,17.709999084472656,17.709999084472656,17.709999084472656,1057.0
2024-07-03 09:46:00,EXAS,43.439998626708984,43.439998626708984,43.5099983215332,43.439998626708984,43.5,1409.0
2024-07-03 09:46:00,EXEL,22.170000076293945,22.170000076293945,22.170000076293945,22.170000076293945,22.170000076293945,127.0
2024-07-03 09:46:00,EYPT,8.145000457763672,8.145000457763672,8.170000076293945,8.109999656677246,8.119999885559082,1465.0
2024-07-03 09:46:00,FATE,3.2200000286102295,3.2200000286102295,3.2200000286102295,3.2100000381469727,3.2200000286102295,1562.0
2024-07-03 09:46:00,FBIO,1.7000000476837158,1.7000000476837158,1.7000000476837158,1.7000000476837158,1.7000000476837158,300.0
2024-07-03 09:46:00,FGEN,0.7391999959945679,0.7391999959945679,0.7391999959945679,0.7300000190734863,0.7350000143051147,7300.0
2024-07-03 09:46:00,FLGC,0.9998999834060669,0.9998999834060669,0.9998999834060669,0.9399999976158142,0.9399999976158142,401.0
2024-07-03 09:46:00,FLGT,20.020000457763672,20.020000457763672,20.020000457763672,20.020000457763672,20.020000457763672,750.0
2024-07-03 09:46:00,FOLD,9.885000228881836,9.885000228881836,9.885000228881836,9.885000228881836,9.885000228881836,235.0
2024-07-03 09:46:00,FULC,6.130000114440918,6.130000114440918,6.130000114440918,6.130000114440918,6.130000114440918,1.0
2024-07-03 09:46:00,GALT,2.2200000286102295,2.2200000286102295,2.2200000286102295,2.2200000286102295,2.2200000286102295,0.0
2024-07-03 09:46:00,GDRX,7.789999961853027,7.789999961853027,7.789999961853027,7.769999980926514,7.769999980926514,2017.0
2024-07-03 09:46:00,GERN,4.300000190734863,4.300000190734863,4.300000190734863,4.300000190734863,4.300000190734863,1494.0
2024-07-03 09:46:00,GH,28.479999542236328,28.479999542236328,28.549999237060547,28.450000762939453,28.549999237060547,4085.0
2024-07-03 09:46:00,GILD,67.62999725341797,67.62999725341797,67.66999816894531,67.5999984741211,67.66999816894531,11740.0
2024-07-03 09:46:00,GLYC,0.26589998602867126,0.26589998602867126,0.2662999927997589,0.26589998602867126,0.2662999927997589,2644.0
2024-07-03 09:46:00,GOSS,0.9330000281333923,0.9330000281333923,0.9363999962806702,0.9330000281333923,0.9363999962806702,362.0
2024-07-03 09:46:00,GRFS,6.585000038146973,6.585000038146973,6.59499979019165,6.585000038146973,6.59499979019165,2380.0
2024-07-03 09:46:00,GRTS,0.5699999928474426,0.5699999928474426,0.5699999928474426,0.5699999928474426,0.5699999928474426,1213.0
2024-07-03 09:46:00,GTHX,2.490000009536743,2.490000009536743,2.490000009536743,2.4700000286102295,2.490000009536743,1609.0
2024-07-03 09:46:00,HALO,51.505001068115234,51.505001068115234,51.505001068115234,51.505001068115234,51.505001068115234,299.0
2024-07-03 09:46:00,HCSG,11.119999885559082,11.119999885559082,11.119999885559082,11.119999885559082,11.119999885559082,468.0
2024-07-03 09:46:00,HITI,2.130000114440918,2.130000114440918,2.130000114440918,2.130000114440918,2.130000114440918,993.0
2024-07-03 09:46:00,HOLX,73.29000091552734,73.29000091552734,73.30000305175781,73.26499938964844,73.30000305175781,786.0
2024-07-03 09:46:00,HOOK,0.5702000260353088,0.5702000260353088,0.5751000046730042,0.5702000260353088,0.574999988079071,50007.0
2024-07-03 09:46:00,HQY,84.44000244140625,84.44000244140625,84.45500183105469,84.27999877929688,84.45500183105469,1273.0
2024-07-03 09:46:00,HRMY,30.15999984741211,30.15999984741211,30.15999984741211,30.15999984741211,30.15999984741211,543.0
2024-07-03 09:46:00,HROW,21.759899139404297,21.759899139404297,21.759899139404297,21.729999542236328,21.729999542236328,509.0
2024-07-03 09:46:00,HRTX,2.8101000785827637,2.8101000785827637,2.8299999237060547,2.809999942779541,2.819999933242798,11634.0
2024-07-03 09:46:00,HSIC,65.16500091552734,65.16500091552734,65.25,65.08000183105469,65.08000183105469,1638.0
2024-07-03 09:46:00,HUGE,0.15389999747276306,0.15389999747276306,0.15389999747276306,0.15389999747276306,0.15389999747276306,1638.0
2024-07-03 09:46:00,HUMA,5.429999828338623,5.429999828338623,5.429999828338623,5.389999866485596,5.390900135040283,9467.0
2024-07-03 09:46:00,HYPR,0.9298999905586243,0.9298999905586243,0.9300000071525574,0.9298999905586243,0.9300000071525574,209.0
2024-07-03 09:46:00,IBRX,6.199999809265137,6.199999809265137,6.204999923706055,6.199999809265137,6.204999923706055,1106.0
2024-07-03 09:46:00,IDXX,475.9800109863281,475.9800109863281,476.5400085449219,475.9800109863281,476.3900146484375,1761.0
2024-07-03 09:46:00,IGMS,6.559999942779541,6.559999942779541,6.559999942779541,6.559999942779541,6.559999942779541,227.0
2024-07-03 09:46:00,IMCR,35.04999923706055,35.04999923706055,35.41999816894531,35.0099983215332,35.0099983215332,9832.0
2024-07-03 09:46:00,IMMP,1.940000057220459,1.940000057220459,1.940000057220459,1.940000057220459,1.940000057220459,40.0
2024-07-03 09:46:00,IMMX,2.244999885559082,2.244999885559082,2.299999952316284,2.244999885559082,2.299999952316284,2140.0
2024-07-03 09:46:00,IMUX,1.1200000047683716,1.1200000047683716,1.1349999904632568,1.1200000047683716,1.1349999904632568,8668.0
2024-07-03 09:46:00,IMVT,26.559999465942383,26.559999465942383,26.559999465942383,26.559999465942383,26.559999465942383,157.0
2024-07-03 09:46:00,INAB,0.800000011920929,0.800000011920929,0.800000011920929,0.800000011920929,0.800000011920929,1500.0
2024-07-03 09:46:00,INCY,58.779998779296875,58.779998779296875,58.8650016784668,58.779998779296875,58.8650016784668,1558.0
2024-07-03 09:46:00,INMB,8.0600004196167,8.0600004196167,8.0600004196167,8.0600004196167,8.0600004196167,100.0
2024-07-03 09:46:00,INMD,17.649999618530273,17.649999618530273,17.649999618530273,17.633899688720703,17.633899688720703,707.0
2024-07-03 09:46:00,INO,8.505000114440918,8.505000114440918,8.505000114440918,8.505000114440918,8.505000114440918,524.0
2024-07-03 09:46:00,INSM,64.05500030517578,64.05500030517578,64.05500030517578,64.05000305175781,64.05000305175781,606.0
2024-07-03 09:46:00,INZY,4.480000019073486,4.480000019073486,4.480000019073486,4.480000019073486,4.480000019073486,1007.0
2024-07-03 09:46:00,IONM,0.33000001311302185,0.33000001311302185,0.33000001311302185,0.33000001311302185,0.33000001311302185,830.0
2024-07-03 09:46:00,IONS,45.0,45.0,45.06999969482422,44.9900016784668,45.06999969482422,1464.0
2024-07-03 09:46:00,IOVA,7.78000020980835,7.78000020980835,7.800000190734863,7.78000020980835,7.789999961853027,10733.0
2024-07-03 09:46:00,ISRG,436.6000061035156,436.6000061035156,436.6700134277344,436.6000061035156,436.6700134277344,1718.0
2024-07-03 09:46:00,ITCI,68.09500122070312,68.09500122070312,68.09500122070312,68.07499694824219,68.07499694824219,267.0
2024-07-03 09:46:00,IVVD,1.1074999570846558,1.1074999570846558,1.1100000143051147,1.100000023841858,1.1050000190734863,3039.0
2024-07-03 09:46:00,JAGX,3.449399948120117,3.449399948120117,3.449399948120117,3.449399948120117,3.449399948120117,260.0
2024-07-03 09:46:00,JSPR,23.440000534057617,23.440000534057617,23.739999771118164,23.440000534057617,23.6200008392334,701.0
2024-07-03 09:46:00,KIDS,29.59000015258789,29.59000015258789,29.59000015258789,29.559999465942383,29.559999465942383,2117.0
2024-07-03 09:46:00,KMDA,5.300000190734863,5.300000190734863,5.300000190734863,5.300000190734863,5.300000190734863,807.0
2024-07-03 09:46:00,KPTI,0.8299999833106995,0.8299999833106995,0.8299999833106995,0.8299999833106995,0.8299999833106995,1569.0
2024-07-03 09:46:00,KROS,42.494998931884766,42.494998931884766,42.59000015258789,42.494998931884766,42.59000015258789,887.0
2024-07-03 09:46:00,KTRA,0.2590000033378601,0.2590000033378601,0.25999999046325684,0.25429999828338623,0.25999999046325684,22328.0
2024-07-03 09:46:00,KURA,20.450000762939453,20.450000762939453,20.450000762939453,20.450000762939453,20.450000762939453,202.0
2024-07-03 09:46:00,KZIA,0.2151000052690506,0.2151000052690506,0.2151000052690506,0.2151000052690506,0.2151000052690506,10.0
2024-07-03 09:46:00,LBPH,30.950000762939453,30.950000762939453,30.950000762939453,30.950000762939453,30.950000762939453,105.0
2024-07-03 09:46:00,LEGN,45.0099983215332,45.0099983215332,45.1349983215332,45.0099983215332,45.1349983215332,571.0
2024-07-03 09:46:00,LGVN,1.6449999809265137,1.6449999809265137,1.6449999809265137,1.6449999809265137,1.6449999809265137,700.0
2024-07-03 09:46:00,LIVN,52.685001373291016,52.685001373291016,52.685001373291016,52.68000030517578,52.68000030517578,233.0
2024-07-03 09:46:00,LNSR,4.075099945068359,4.075099945068359,4.075099945068359,4.075099945068359,4.075099945068359,431.0
2024-07-03 09:46:00,LNTH,78.4000015258789,78.4000015258789,78.4000015258789,78.4000015258789,78.4000015258789,130.0
2024-07-03 09:46:00,LPTX,1.7100000381469727,1.7100000381469727,1.7100000381469727,1.7100000381469727,1.7100000381469727,1386.0
2024-07-03 09:46:00,LRMR,7.639999866485596,7.639999866485596,7.699999809265137,7.639999866485596,7.675000190734863,2610.0
2024-07-03 09:46:00,LUCY,0.4699999988079071,0.4699999988079071,0.4700999855995178,0.4699999988079071,0.4700999855995178,2819.0
2024-07-03 09:46:00,LYEL,1.4484000205993652,1.4484000205993652,1.4484000205993652,1.4484000205993652,1.4484000205993652,1224.0
2024-07-03 09:46:00,MASI,112.9800033569336,112.9800033569336,112.9800033569336,112.9800033569336,112.9800033569336,1183.0
2024-07-03 09:46:00,MBIO,0.5400000214576721,0.5400000214576721,0.5400000214576721,0.5400000214576721,0.5400000214576721,493.0
2024-07-03 09:46:00,MBRX,3.5,3.5,3.5,3.5,3.5,0.0
2024-07-03 09:46:00,MCRB,0.7016000151634216,0.7016000151634216,0.7017999887466431,0.7014999985694885,0.7014999985694885,8430.0
2024-07-03 09:46:00,ME,0.4000000059604645,0.4000000059604645,0.4020000100135803,0.4000000059604645,0.4020000100135803,4006.0
2024-07-03 09:46:00,MGNX,4.181099891662598,4.181099891662598,4.181099891662598,4.181099891662598,4.181099891662598,2449.0
2024-07-03 09:46:00,MIRM,34.14500045776367,34.14500045776367,34.15999984741211,34.130001068115234,34.15999984741211,1360.0
2024-07-03 09:46:00,MLTX,40.20000076293945,40.20000076293945,40.20000076293945,40.20000076293945,40.20000076293945,1869.0
2024-07-03 09:46:00,MMSI,85.97000122070312,85.97000122070312,85.9749984741211,85.97000122070312,85.97000122070312,1383.0
2024-07-03 09:46:00,MNKD,5.019999980926514,5.019999980926514,5.019999980926514,5.019999980926514,5.019999980926514,430.0
2024-07-03 09:46:00,MNMD,7.025000095367432,7.025000095367432,7.039999961853027,7.0,7.039999961853027,9216.0
2024-07-03 09:46:00,MORF,31.44499969482422,31.44499969482422,31.44499969482422,31.360000610351562,31.3799991607666,1235.0
2024-07-03 09:46:00,MREO,3.4600000381469727,3.4600000381469727,3.4600000381469727,3.4600000381469727,3.4600000381469727,119.0
2024-07-03 09:46:00,MRNA,117.5999984741211,117.5999984741211,117.79499816894531,117.53009796142578,117.77999877929688,11312.0
2024-07-03 09:46:00,MRSN,1.889299988746643,1.889299988746643,1.889299988746643,1.8849999904632568,1.8849999904632568,911.0
2024-07-03 09:46:00,MRUS,52.970001220703125,52.970001220703125,53.209999084472656,52.970001220703125,53.209999084472656,4555.0
2024-07-03 09:46:00,MRVI,6.820000171661377,6.820000171661377,6.840000152587891,6.809999942779541,6.809999942779541,4691.0
2024-07-03 09:46:00,MXCT,3.700000047683716,3.700000047683716,3.700000047683716,3.700000047683716,3.700000047683716,1239.0
2024-07-03 09:46:00,MYMD,1.809999942779541,1.809999942779541,1.809999942779541,1.809999942779541,1.809999942779541,167.0
2024-07-03 09:46:00,NBIX,137.6750030517578,137.6750030517578,137.6750030517578,137.6750030517578,137.6750030517578,146.0
2024-07-03 09:46:00,NDRA,0.0860000029206276,0.0860000029206276,0.0860000029206276,0.0860000029206276,0.0860000029206276,14473.0
2024-07-03 09:46:00,NEOG,15.010000228881836,15.010000228881836,15.010000228881836,15.010000228881836,15.010000228881836,200.0
2024-07-03 09:46:00,NKTX,5.309999942779541,5.309999942779541,5.320000171661377,5.309999942779541,5.320000171661377,3534.0
2024-07-03 09:46:00,NLSP,0.20499999821186066,0.20499999821186066,0.2070000022649765,0.20499999821186066,0.20509999990463257,25600.0
2024-07-03 09:46:00,NMTC,0.8399999737739563,0.8399999737739563,0.8399999737739563,0.8399999737739563,0.8399999737739563,600.0
2024-07-03 09:46:00,NNOX,6.960000038146973,6.960000038146973,6.9899001121521,6.960000038146973,6.9899001121521,1166.0
2024-07-03 09:46:00,NRIX,18.969999313354492,18.969999313354492,18.969999313354492,18.969999313354492,18.969999313354492,402.0
2024-07-03 09:46:00,NTLA,22.3799991607666,22.3799991607666,22.3799991607666,22.3799991607666,22.3799991607666,121.0
2024-07-03 09:46:00,NTRA,112.22000122070312,112.22000122070312,112.29000091552734,112.0,112.02999877929688,7046.0
2024-07-03 09:46:00,NUWE,4.090000152587891,4.090000152587891,4.090000152587891,4.090000152587891,4.090000152587891,3329.0
2024-07-03 09:46:00,NVAX,13.069999694824219,13.069999694824219,13.130000114440918,13.069999694824219,13.109999656677246,27871.0
2024-07-03 09:46:00,NXL,1.5,1.5,1.5,1.5,1.5,200.0
2024-07-03 09:46:00,OCGN,1.6100000143051147,1.6100000143051147,1.6150000095367432,1.6100000143051147,1.6150000095367432,520.0
2024-07-03 09:46:00,OCUL,6.829500198364258,6.829500198364258,6.829500198364258,6.800000190734863,6.800000190734863,16695.0
2024-07-03 09:46:00,OLK,25.834999084472656,25.834999084472656,25.844999313354492,25.834999084472656,25.844999313354492,38706.0
2024-07-03 09:46:00,OLMA,10.494999885559082,10.494999885559082,10.494999885559082,10.494999885559082,10.494999885559082,410.0
2024-07-03 09:46:00,OM,3.680000066757202,3.680000066757202,3.690000057220459,3.680000066757202,3.690000057220459,6684.0
2024-07-03 09:47:00,ABCL,2.765000104904175,2.765000104904175,2.765000104904175,2.755000114440918,2.755000114440918,2308.0
2024-07-03 09:47:00,ABEO,4.230000019073486,4.230000019073486,4.230000019073486,4.21999979019165,4.21999979019165,428.0
2024-07-03 09:47:00,ABOS,2.259999990463257,2.259999990463257,2.259999990463257,2.259999990463257,2.259999990463257,1500.0
2024-07-03 09:47:00,ABSI,3.259999990463257,3.259999990463257,3.2850000858306885,3.259999990463257,3.2799999713897705,7378.0
2024-07-03 09:47:00,ABUS,3.1500000953674316,3.1500000953674316,3.1500000953674316,3.1401000022888184,3.1401000022888184,1944.0
2024-07-03 09:47:00,ACAD,15.859999656677246,15.859999656677246,15.859999656677246,15.859999656677246,15.859999656677246,300.0
2024-07-03 09:47:00,ACB,4.648499965667725,4.648499965667725,4.659999847412109,4.648499965667725,4.659999847412109,2142.0
2024-07-03 09:47:00,ACCD,3.558799982070923,3.558799982070923,3.558799982070923,3.5511999130249023,3.555000066757202,780.0
2024-07-03 09:47:00,ACET,1.100000023841858,1.100000023841858,1.100000023841858,1.100000023841858,1.100000023841858,639.0
2024-07-03 09:47:00,ACHC,65.94999694824219,65.94999694824219,65.94999694824219,65.83000183105469,65.83000183105469,416.0
2024-07-03 09:47:00,ACHV,4.599999904632568,4.599999904632568,4.599999904632568,4.599999904632568,4.599999904632568,138.0
2024-07-03 09:47:00,ACRS,1.1649999618530273,1.1649999618530273,1.1649999618530273,1.1649999618530273,1.1649999618530273,415.0
2024-07-03 09:47:00,ADAG,2.990000009536743,2.990000009536743,2.990000009536743,2.990000009536743,2.990000009536743,0.0
2024-07-03 09:47:00,ADAP,1.0449999570846558,1.0449999570846558,1.0449999570846558,1.0449999570846558,1.0449999570846558,1552.0
2024-07-03 09:47:00,ADMA,11.295000076293945,11.295000076293945,11.295000076293945,11.295000076293945,11.295000076293945,1254.0
2024-07-03 09:47:00,ADPT,3.309999942779541,3.309999942779541,3.325000047683716,3.309999942779541,3.325000047683716,2024.0
2024-07-03 09:47:00,AEMD,0.4287000000476837,0.4287000000476837,0.4287000000476837,0.4287000000476837,0.4287000000476837,285.0
2024-07-03 09:47:00,AGEN,14.920000076293945,14.920000076293945,14.920000076293945,14.774999618530273,14.774999618530273,8434.0
2024-07-03 09:47:00,AGIO,42.33000183105469,42.33000183105469,42.34000015258789,42.33000183105469,42.34000015258789,614.0
2024-07-03 09:47:00,AIMD,0.800000011920929,0.800000011920929,0.800000011920929,0.800000011920929,0.800000011920929,200.0
2024-07-03 09:47:00,AKBA,0.9484000205993652,0.9484000205993652,0.9484000205993652,0.9484000205993652,0.9484000205993652,124.0
2024-07-03 09:47:00,ALGN,238.82000732421875,238.82000732421875,238.82000732421875,238.82000732421875,238.82000732421875,2379.0
2024-07-03 09:47:00,ALGS,0.4099999964237213,0.4099999964237213,0.4099999964237213,0.4099999964237213,0.4099999964237213,510.0
2024-07-03 09:47:00,ALHC,8.055000305175781,8.055000305175781,8.079999923706055,8.055000305175781,8.079999923706055,1093.0
2024-07-03 09:47:00,ALKS,24.309999465942383,24.309999465942383,24.309999465942383,24.309999465942383,24.309999465942383,1028.0
2024-07-03 09:47:00,ALLK,0.8450000286102295,0.8450000286102295,0.8450000286102295,0.8450000286102295,0.8450000286102295,238.0
2024-07-03 09:47:00,ALLO,2.1549999713897705,2.1549999713897705,2.1600000858306885,2.1500000953674316,2.1500000953674316,16744.0
2024-07-03 09:47:00,ALLR,0.2011999934911728,0.2011999934911728,0.20399999618530273,0.20110000669956207,0.20110000669956207,24364.0
2024-07-03 09:47:00,ALNY,246.35499572753906,246.35499572753906,246.35499572753906,246.35499572753906,246.35499572753906,967.0
2024-07-03 09:47:00,ALT,6.769999980926514,6.769999980926514,6.789999961853027,6.769999980926514,6.769999980926514,7435.0
2024-07-03 09:47:00,ALVR,0.7450000047683716,0.7450000047683716,0.7450000047683716,0.7450000047683716,0.7450000047683716,39.0
2024-07-03 09:47:00,ALXO,5.78000020980835,5.78000020980835,5.78000020980835,5.739999771118164,5.75,1223.0
2024-07-03 09:47:00,AMED,96.6500015258789,96.6500015258789,96.7300033569336,96.6500015258789,96.69000244140625,984.0
2024-07-03 09:47:00,AMGN,310.05999755859375,310.05999755859375,310.05999755859375,310.05999755859375,310.05999755859375,491.0
2024-07-03 09:47:00,AMLX,1.7450000047683716,1.7450000047683716,1.7450000047683716,1.7300000190734863,1.7300000190734863,10321.0
2024-07-03 09:47:00,AMPH,37.790000915527344,37.790000915527344,37.89500045776367,37.70000076293945,37.7599983215332,3787.0
2024-07-03 09:47:00,ANNX,4.730000019073486,4.730000019073486,4.730000019073486,4.710000038146973,4.71999979019165,2034.0
2024-07-03 09:47:00,ANTX,2.4100000858306885,2.4100000858306885,2.4100000858306885,2.4100000858306885,2.4100000858306885,1347.0
2024-07-03 09:47:00,APDN,0.46000000834465027,0.46000000834465027,0.46149998903274536,0.46000000834465027,0.46149998903274536,1450.0
2024-07-03 09:47:00,APLS,36.20000076293945,36.20000076293945,36.20000076293945,36.20000076293945,36.20000076293945,494.0
2024-07-03 09:47:00,APLT,4.38670015335083,4.38670015335083,4.38670015335083,4.38670015335083,4.38670015335083,512.0
2024-07-03 09:47:00,APVO,0.3070000112056732,0.3070000112056732,0.3070000112056732,0.3070000112056732,0.3070000112056732,2000.0
2024-07-03 09:47:00,AQST,2.380000114440918,2.380000114440918,2.380000114440918,2.380000114440918,2.380000114440918,477.0
2024-07-03 09:47:00,ARCT,21.545000076293945,21.545000076293945,21.545000076293945,21.540000915527344,21.540000915527344,438.0
2024-07-03 09:47:00,ARDX,5.130000114440918,5.130000114440918,5.159999847412109,5.130000114440918,5.144999980926514,68865.0
2024-07-03 09:47:00,ARGX,436.0,436.0,436.0,436.0,436.0,1249.0
2024-07-03 09:47:00,ARQT,9.699999809265137,9.699999809265137,9.734000205993652,9.680000305175781,9.6899995803833,8209.0
2024-07-03 09:47:00,ARWR,25.375,25.375,25.375,25.375,25.375,298.0
2024-07-03 09:47:00,ASLN,2.240000009536743,2.240000009536743,2.240000009536743,2.240000009536743,2.240000009536743,212.0
2024-07-03 09:47:00,ASRT,1.2949999570846558,1.2949999570846558,1.2949999570846558,1.2879999876022339,1.289199948310852,5536.0
2024-07-03 09:47:00,ATEC,10.055000305175781,10.055000305175781,10.069999694824219,10.055000305175781,10.0600004196167,5233.0
2024-07-03 09:47:00,ATOS,1.1399999856948853,1.1399999856948853,1.1399999856948853,1.1399999856948853,1.1399999856948853,1000.0
2024-07-03 09:47:00,ATRC,22.229999542236328,22.229999542236328,22.229999542236328,22.229999542236328,22.229999542236328,122.0
2024-07-03 09:47:00,ATRI,452.07501220703125,452.07501220703125,452.07501220703125,452.07501220703125,452.07501220703125,390.0
2024-07-03 09:47:00,AUGX,1.0096999406814575,1.0096999406814575,1.0096999406814575,0.9825000166893005,0.9825000166893005,242.0
2024-07-03 09:47:00,AUPH,5.454999923706055,5.454999923706055,5.454999923706055,5.454999923706055,5.454999923706055,166.0
2024-07-03 09:47:00,AUTL,3.4100000858306885,3.4100000858306885,3.4100000858306885,3.4100000858306885,3.4100000858306885,137.0
2024-07-03 09:47:00,AVDL,14.050000190734863,14.050000190734863,14.09000015258789,14.050000190734863,14.09000015258789,1051.0
2024-07-03 09:47:00,AVXL,4.180099964141846,4.180099964141846,4.180200099945068,4.180099964141846,4.180200099945068,700.0
2024-07-03 09:47:00,AZN,76.80999755859375,76.80999755859375,76.8499984741211,76.80000305175781,76.83999633789062,12256.0
2024-07-03 09:47:00,AZTA,51.849998474121094,51.849998474121094,51.86000061035156,51.84000015258789,51.86000061035156,1649.0
2024-07-03 09:47:00,BCAB,1.3250000476837158,1.3250000476837158,1.3250000476837158,1.3250000476837158,1.3250000476837158,692.0
2024-07-03 09:47:00,BCRX,6.545000076293945,6.545000076293945,6.545000076293945,6.534999847412109,6.534999847412109,2932.0
2024-07-03 09:47:00,BDTX,4.199999809265137,4.199999809265137,4.199999809265137,4.199999809265137,4.199999809265137,640.0
2024-07-03 09:47:00,BEAM,23.139999389648438,23.139999389648438,23.200000762939453,23.139999389648438,23.200000762939453,2482.0
2024-07-03 09:47:00,BIIB,227.00999450683594,227.00999450683594,227.25999450683594,227.00999450683594,227.2550048828125,2358.0
2024-07-03 09:47:00,BIOR,0.6262999773025513,0.6262999773025513,0.6262999773025513,0.6262999773025513,0.6262999773025513,392.0
2024-07-03 09:47:00,BJDX,0.6349999904632568,0.6349999904632568,0.6362000107765198,0.6301000118255615,0.6301000118255615,997.0
2024-07-03 09:47:00,BLUE,0.9211000204086304,0.9211000204086304,0.925000011920929,0.9208999872207642,0.9229999780654907,21000.0
2024-07-03 09:47:00,BMEA,4.335000038146973,4.335000038146973,4.335000038146973,4.335000038146973,4.335000038146973,5.0
2024-07-03 09:47:00,BMRA,0.4555000066757202,0.4555000066757202,0.4555000066757202,0.4553999900817871,0.4555000066757202,756.0
2024-07-03 09:47:00,BMRN,81.69000244140625,81.69000244140625,81.69000244140625,81.69000244140625,81.69000244140625,1229.0
2024-07-03 09:47:00,BNGO,0.5899999737739563,0.5899999737739563,0.5899999737739563,0.5817000269889832,0.5817000269889832,32327.0
2024-07-03 09:47:00,BNTC,8.758700370788574,8.758700370788574,8.758700370788574,8.758700370788574,8.758700370788574,563.0
2024-07-03 09:47:00,BNTX,80.95999908447266,80.95999908447266,81.30500030517578,80.95999908447266,81.30500030517578,5570.0
2024-07-03 09:47:00,BRKR,61.875,61.875,61.875,61.775001525878906,61.775001525878906,1178.0
2024-07-03 09:47:00,BRTX,1.9500000476837158,1.9500000476837158,1.9500000476837158,1.9199999570846558,1.9199999570846558,430.0
2024-07-03 09:47:00,BVS,6.0,6.0,6.010000228881836,5.989999771118164,5.989999771118164,17476.0
2024-07-03 09:47:00,CAPR,4.710000038146973,4.710000038146973,4.710000038146973,4.699999809265137,4.699999809265137,1797.0
2024-07-03 09:47:00,CCCC,4.699999809265137,4.699999809265137,4.704999923706055,4.670000076293945,4.679999828338623,9014.0
2024-07-03 09:47:00,CDMO,7.039999961853027,7.039999961853027,7.039999961853027,7.039999961853027,7.039999961853027,254.0
2024-07-03 09:47:00,CDXC,2.609999895095825,2.609999895095825,2.609999895095825,2.5999999046325684,2.609100103378296,5671.0
2024-07-03 09:47:00,CERE,41.2400016784668,41.2400016784668,41.2599983215332,41.2400016784668,41.2400016784668,1727.0
2024-07-03 09:47:00,CERT,13.6899995803833,13.6899995803833,13.734999656677246,13.6899995803833,13.734999656677246,1815.0
2024-07-03 09:47:00,CGC,6.518499851226807,6.518499851226807,6.519999980926514,6.489999771118164,6.494999885559082,27662.0
2024-07-03 09:47:00,CGEM,16.40999984741211,16.40999984741211,16.40999984741211,16.40999984741211,16.40999984741211,431.0
2024-07-03 09:47:00,CGEN,1.690000057220459,1.690000057220459,1.6907000541687012,1.690000057220459,1.6907000541687012,5030.0
2024-07-03 09:47:00,CGTX,1.8069000244140625,1.8069000244140625,1.850000023841858,1.8069000244140625,1.850000023841858,824.0
2024-07-03 09:47:00,CHRS,1.3550000190734863,1.3550000190734863,1.3589999675750732,1.350100040435791,1.350100040435791,2119.0
2024-07-03 09:47:00,CKPT,2.1898999214172363,2.1898999214172363,2.1898999214172363,2.1600000858306885,2.166300058364868,5866.0
2024-07-03 09:47:00,CLDX,36.939998626708984,36.939998626708984,36.939998626708984,36.939998626708984,36.939998626708984,414.0
2024-07-03 09:47:00,CLOV,1.2412999868392944,1.2412999868392944,1.249899983406067,1.2412999868392944,1.249899983406067,2171.0
2024-07-03 09:47:00,CLPT,5.320000171661377,5.320000171661377,5.320000171661377,5.320000171661377,5.320000171661377,513.0
2024-07-03 09:47:00,CLRB,2.3801000118255615,2.3801000118255615,2.3901000022888184,2.3801000118255615,2.3901000022888184,600.0
2024-07-03 09:47:00,CMPS,6.059999942779541,6.059999942779541,6.070000171661377,6.050000190734863,6.059999942779541,6691.0
2024-07-03 09:47:00,CMPX,0.8799999952316284,0.8799999952316284,0.8799999952316284,0.8799999952316284,0.8799999952316284,0.0
2024-07-03 09:47:00,CNSP,2.4100000858306885,2.4100000858306885,2.4800000190734863,2.240000009536743,2.3399999141693115,366417.0
2024-07-03 09:47:00,COGT,8.279999732971191,8.279999732971191,8.279999732971191,8.279999732971191,8.279999732971191,100.0
2024-07-03 09:47:00,CORT,31.155000686645508,31.155000686645508,31.155000686645508,31.052000045776367,31.052000045776367,676.0
2024-07-03 09:47:00,COSM,1.0153000354766846,1.0153000354766846,1.0153000354766846,1.0153000354766846,1.0153000354766846,2033.0
2024-07-03 09:47:00,CPRX,15.851300239562988,15.851300239562988,15.851300239562988,15.851300239562988,15.851300239562988,896.0
2024-07-03 09:47:00,CRBU,1.5950000286102295,1.5950000286102295,1.600000023841858,1.5950000286102295,1.5950000286102295,913.0
2024-07-03 09:47:00,CRDF,2.1500000953674316,2.1500000953674316,2.1500000953674316,2.1500000953674316,2.1500000953674316,450.0
2024-07-03 09:47:00,CRMD,4.156000137329102,4.156000137329102,4.159999847412109,4.156000137329102,4.159999847412109,606.0
2024-07-03 09:47:00,CRNX,45.525001525878906,45.525001525878906,45.529998779296875,45.525001525878906,45.529998779296875,913.0
2024-07-03 09:47:00,CRON,2.3197999000549316,2.3197999000549316,2.319999933242798,2.309999942779541,2.309999942779541,4057.0
2024-07-03 09:47:00,CRSP,53.63460159301758,53.63460159301758,53.68000030517578,53.63460159301758,53.68000030517578,2149.0
2024-07-03 09:47:00,CRVS,1.8083000183105469,1.8083000183105469,1.8083000183105469,1.8083000183105469,1.8083000183105469,407.0
2024-07-03 09:47:00,CVAC,3.575000047683716,3.575000047683716,3.599900007247925,3.569999933242798,3.5950000286102295,11402.0
2024-07-03 09:47:00,CYTK,54.79499816894531,54.79499816894531,54.86000061035156,54.79499816894531,54.86000061035156,701.0
2024-07-03 09:47:00,DNLI,22.1299991607666,22.1299991607666,22.209999084472656,22.1299991607666,22.209999084472656,3049.0
2024-07-03 09:47:00,DVAX,11.14799976348877,11.14799976348877,11.14799976348877,11.140000343322754,11.140000343322754,356.0
2024-07-03 09:47:00,DXCM,111.69000244140625,111.69000244140625,111.69000244140625,111.55999755859375,111.63500213623047,3443.0
2024-07-03 09:47:00,DYN,34.560001373291016,34.560001373291016,34.560001373291016,34.560001373291016,34.560001373291016,775.0
2024-07-03 09:47:00,EDAP,5.28000020980835,5.28000020980835,5.28000020980835,5.28000020980835,5.28000020980835,0.0
2024-07-03 09:47:00,EDIT,4.635000228881836,4.635000228881836,4.635000228881836,4.625,4.635000228881836,6490.0
2024-07-03 09:47:00,ELEV,2.7750000953674316,2.7750000953674316,2.7750000953674316,2.7750000953674316,2.7750000953674316,723.0
2024-07-03 09:47:00,ENSG,126.30000305175781,126.30000305175781,126.5999984741211,126.30000305175781,126.5999984741211,2870.0
2024-07-03 09:47:00,ENVB,0.5113000273704529,0.5113000273704529,0.5200999975204468,0.5112000107765198,0.5112000107765198,18454.0
2024-07-03 09:47:00,ERAS,2.2750000953674316,2.2750000953674316,2.2750000953674316,2.2750000953674316,2.2750000953674316,200.0
2024-07-03 09:47:00,ESPR,2.390000104904175,2.390000104904175,2.3949999809265137,2.384999990463257,2.3894999027252197,20753.0
2024-07-03 09:47:00,ETNB,7.739999771118164,7.739999771118164,7.739999771118164,7.739999771118164,7.739999771118164,187.0
2024-07-03 09:47:00,EWTX,17.739999771118164,17.739999771118164,17.739999771118164,17.739999771118164,17.739999771118164,896.0
2024-07-03 09:47:00,EXAI,5.260000228881836,5.260000228881836,5.260000228881836,5.260000228881836,5.260000228881836,248.0
2024-07-03 09:47:00,EXAS,43.470001220703125,43.470001220703125,43.529998779296875,43.41999816894531,43.48500061035156,7189.0
2024-07-03 09:47:00,EXEL,22.18000030517578,22.18000030517578,22.18000030517578,22.170000076293945,22.170000076293945,779.0
2024-07-03 09:47:00,EYEN,0.7427999973297119,0.7427999973297119,0.7427999973297119,0.7427999973297119,0.7427999973297119,641.0
2024-07-03 09:47:00,EYPT,8.145000457763672,8.145000457763672,8.145000457763672,8.145000457763672,8.145000457763672,307.0
2024-07-03 09:47:00,FATE,3.2100000381469727,3.2100000381469727,3.2200000286102295,3.2100000381469727,3.2200000286102295,600.0
2024-07-03 09:47:00,FDMT,20.895000457763672,20.895000457763672,21.040000915527344,20.829999923706055,21.040000915527344,1789.0
2024-07-03 09:47:00,FGEN,0.7300000190734863,0.7300000190734863,0.7391999959945679,0.7300000190734863,0.7391999959945679,23410.0
2024-07-03 09:47:00,FHTX,5.34499979019165,5.34499979019165,5.34499979019165,5.34499979019165,5.34499979019165,203.0
2024-07-03 09:47:00,FLGC,0.9399999976158142,0.9399999976158142,0.9399999976158142,0.9399999976158142,0.9399999976158142,275.0
2024-07-03 09:47:00,FULC,6.139999866485596,6.139999866485596,6.139999866485596,6.110000133514404,6.119999885559082,2327.0
2024-07-03 09:47:00,GALT,2.2200000286102295,2.2200000286102295,2.2300000190734863,2.2200000286102295,2.2200000286102295,3436.0
2024-07-03 09:47:00,GERN,4.304999828338623,4.304999828338623,4.304999828338623,4.304999828338623,4.304999828338623,470.0
2024-07-03 09:47:00,GH,28.43000030517578,28.43000030517578,28.520000457763672,28.420000076293945,28.520000457763672,3310.0
2024-07-03 09:47:00,GILD,67.73999786376953,67.73999786376953,67.73999786376953,67.62999725341797,67.63990020751953,9590.0
2024-07-03 09:47:00,GLSI,17.451799392700195,17.451799392700195,17.451799392700195,17.451799392700195,17.451799392700195,257.0
2024-07-03 09:47:00,GMAB,25.170000076293945,25.170000076293945,25.170000076293945,25.15999984741211,25.15999984741211,342.0
2024-07-03 09:47:00,GOSS,0.9157999753952026,0.9157999753952026,0.9330000281333923,0.9157999753952026,0.9330000281333923,46340.0
2024-07-03 09:47:00,GRFS,6.599999904632568,6.599999904632568,6.605000019073486,6.585000038146973,6.585000038146973,7502.0
2024-07-03 09:47:00,GTHX,2.4700000286102295,2.4700000286102295,2.4700000286102295,2.4700000286102295,2.4700000286102295,1567.0
2024-07-03 09:47:00,HALO,51.726600646972656,51.726600646972656,51.726600646972656,51.65999984741211,51.65999984741211,790.0
2024-07-03 09:47:00,HCM,17.469999313354492,17.469999313354492,17.469999313354492,17.469999313354492,17.469999313354492,180.0
2024-07-03 09:47:00,HCTI,0.5098999738693237,0.5098999738693237,0.5098999738693237,0.5098999738693237,0.5098999738693237,171.0
2024-07-03 09:47:00,HEPA,1.0507999658584595,1.0507999658584595,1.0507999658584595,1.0507999658584595,1.0507999658584595,1303.0
2024-07-03 09:47:00,HITI,2.1449999809265137,2.1449999809265137,2.1449999809265137,2.1449999809265137,2.1449999809265137,6530.0
2024-07-03 09:47:00,HLVX,14.039999961853027,14.039999961853027,14.039999961853027,14.039999961853027,14.039999961853027,556.0
2024-07-03 09:47:00,HOLX,73.30999755859375,73.30999755859375,73.33000183105469,73.29000091552734,73.29000091552734,2416.0
2024-07-03 09:47:00,HOWL,2.0799999237060547,2.0799999237060547,2.0799999237060547,2.0199999809265137,2.0199999809265137,600.0
2024-07-03 09:47:00,HQY,84.50499725341797,84.50499725341797,84.56999969482422,84.43499755859375,84.44000244140625,4979.0
2024-07-03 09:47:00,HRMY,30.290000915527344,30.290000915527344,30.290000915527344,30.280000686645508,30.280000686645508,1212.0
2024-07-03 09:47:00,HROW,21.729999542236328,21.729999542236328,21.75,21.65999984741211,21.75,2420.0
2024-07-03 09:47:00,HRTX,2.815000057220459,2.815000057220459,2.819999933242798,2.799999952316284,2.815000057220459,7544.0
2024-07-03 09:47:00,HSIC,65.1500015258789,65.1500015258789,65.1500015258789,65.08999633789062,65.08999633789062,4896.0
2024-07-03 09:47:00,HSTM,27.739999771118164,27.739999771118164,27.739999771118164,27.739999771118164,27.739999771118164,101.0
2024-07-03 09:47:00,HUMA,5.440000057220459,5.440000057220459,5.449999809265137,5.430099964141846,5.438199996948242,8138.0
2024-07-03 09:47:00,IART,28.979999542236328,28.979999542236328,28.979999542236328,28.969999313354492,28.969999313354492,1338.0
2024-07-03 09:47:00,IBRX,6.190000057220459,6.190000057220459,6.195000171661377,6.190000057220459,6.195000171661377,1540.0
2024-07-03 09:47:00,ICLR,316.739990234375,316.739990234375,316.739990234375,316.5899963378906,316.5899963378906,1893.0
2024-07-03 09:47:00,IDYA,33.505001068115234,33.505001068115234,33.584999084472656,33.5,33.584999084472656,1416.0
2024-07-03 09:47:00,ILMN,105.43000030517578,105.43000030517578,105.54499816894531,105.125,105.125,4088.0
2024-07-03 09:47:00,IMAB,1.5994000434875488,1.5994000434875488,1.5994000434875488,1.5994000434875488,1.5994000434875488,578.0
2024-07-03 09:47:00,IMRX,1.1299999952316284,1.1299999952316284,1.1299999952316284,1.1150000095367432,1.1150000095367432,535.0
2024-07-03 09:47:00,IMTX,11.975000381469727,11.975000381469727,11.975000381469727,11.975000381469727,11.975000381469727,271.0
2024-07-03 09:47:00,IMVT,26.565000534057617,26.565000534057617,26.565000534057617,26.565000534057617,26.565000534057617,146.0
2024-07-03 09:47:00,INCY,58.57500076293945,58.57500076293945,58.70000076293945,58.57500076293945,58.70000076293945,5344.0
2024-07-03 09:47:00,INMB,8.0600004196167,8.0600004196167,8.0600004196167,8.020000457763672,8.020000457763672,305.0
2024-07-03 09:47:00,INMD,17.75,17.75,17.760000228881836,17.65999984741211,17.65999984741211,2458.0
2024-07-03 09:47:00,INNV,5.161900043487549,5.161900043487549,5.161900043487549,5.161900043487549,5.161900043487549,180.0
2024-07-03 09:47:00,INSM,63.95000076293945,63.95000076293945,63.95000076293945,63.95000076293945,63.95000076293945,645.0
2024-07-03 09:47:00,INVO,0.777999997138977,0.777999997138977,0.777999997138977,0.777999997138977,0.777999997138977,334.0
2024-07-03 09:47:00,IONM,0.33000001311302185,0.33000001311302185,0.33000001311302185,0.33000001311302185,0.33000001311302185,2081.0
2024-07-03 09:47:00,IONS,44.900001525878906,44.900001525878906,44.900001525878906,44.900001525878906,44.900001525878906,126.0
2024-07-03 09:47:00,IOVA,7.784999847412109,7.784999847412109,7.795000076293945,7.78000020980835,7.78000020980835,8593.0
2024-07-03 09:47:00,IRIX,1.9950000047683716,1.9950000047683716,1.9950000047683716,1.9950000047683716,1.9950000047683716,150.0
2024-07-03 09:47:00,ISRG,436.4700012207031,436.4700012207031,436.8399963378906,436.4700012207031,436.8399963378906,812.0
2024-07-03 09:47:00,ITCI,68.125,68.125,68.125,68.125,68.125,165.0
2024-07-03 09:47:00,IXHL,2.9200000762939453,2.9200000762939453,2.940000057220459,2.9200000762939453,2.940000057220459,1000.0
2024-07-03 09:47:00,JANX,39.084999084472656,39.084999084472656,39.084999084472656,39.084999084472656,39.084999084472656,668.0
2024-07-03 09:47:00,JAZZ,105.0999984741211,105.0999984741211,105.13500213623047,104.94000244140625,105.13500213623047,3466.0
2024-07-03 09:47:00,JSPR,23.809999465942383,23.809999465942383,23.809999465942383,23.809999465942383,23.809999465942383,280.0
2024-07-03 09:47:00,KALA,6.749199867248535,6.749199867248535,6.78000020980835,6.704999923706055,6.769999980926514,1248.0
2024-07-03 09:47:00,KPTI,0.8287000060081482,0.8287000060081482,0.8287000060081482,0.8287000060081482,0.8287000060081482,274.0
2024-07-03 09:47:00,KRMD,2.319999933242798,2.319999933242798,2.319999933242798,2.309999942779541,2.309999942779541,300.0
2024-07-03 09:47:00,KTRA,0.2597000002861023,0.2597000002861023,0.2597000002861023,0.25429999828338623,0.25429999828338623,36173.0
2024-07-03 09:47:00,KYMR,30.700000762939453,30.700000762939453,30.700000762939453,30.549999237060547,30.549999237060547,1196.0
2024-07-03 09:47:00,KZR,0.5679000020027161,0.5679000020027161,0.5679000020027161,0.5679000020027161,0.5679000020027161,546.0
2024-07-03 09:47:00,LBPH,30.710100173950195,30.710100173950195,30.950000762939453,30.710100173950195,30.950000762939453,229.0
2024-07-03 09:47:00,LEGN,44.744998931884766,44.744998931884766,45.005001068115234,44.744998931884766,45.005001068115234,1999.0
2024-07-03 09:47:00,LFMD,6.650000095367432,6.650000095367432,6.650000095367432,6.619999885559082,6.619999885559082,1657.0
2024-07-03 09:47:00,LFST,5.039999961853027,5.039999961853027,5.039999961853027,5.03000020980835,5.03000020980835,1286.0
2024-07-03 09:47:00,LGVN,1.6497999429702759,1.6497999429702759,1.649999976158142,1.6497999429702759,1.649999976158142,1250.0
2024-07-03 09:47:00,LIVN,52.685001373291016,52.685001373291016,52.79999923706055,52.56999969482422,52.56999969482422,718.0
2024-07-03 09:47:00,LNTH,78.23999786376953,78.23999786376953,78.23999786376953,78.23999786376953,78.23999786376953,2396.0
2024-07-03 09:47:00,LUCD,0.7649999856948853,0.7649999856948853,0.7649999856948853,0.7649999856948853,0.7649999856948853,702.0
2024-07-03 09:47:00,LUCY,0.4699999988079071,0.4699999988079071,0.4900999963283539,0.4699000120162964,0.4699999988079071,212830.0
2024-07-03 09:47:00,LXRX,1.6200000047683716,1.6200000047683716,1.6200000047683716,1.6150000095367432,1.6150000095367432,976.0
2024-07-03 09:47:00,MBIO,0.5353000164031982,0.5353000164031982,0.5400000214576721,0.5351999998092651,0.5400000214576721,14950.0
2024-07-03 09:47:00,MBOT,1.059999942779541,1.059999942779541,1.059999942779541,1.0399999618530273,1.0399999618530273,24806.0
2024-07-03 09:47:00,MDXG,6.755000114440918,6.755000114440918,6.755000114440918,6.755000114440918,6.755000114440918,388.0
2024-07-03 09:47:00,ME,0.4016000032424927,0.4016000032424927,0.4016000032424927,0.4016000032424927,0.4016000032424927,310.0
2024-07-03 09:47:00,MGNX,4.199999809265137,4.199999809265137,4.199999809265137,4.199999809265137,4.199999809265137,1010.0
2024-07-03 09:47:00,MGTX,3.924999952316284,3.924999952316284,3.924999952316284,3.924999952316284,3.924999952316284,200.0
2024-07-03 09:47:00,MIRM,34.040000915527344,34.040000915527344,34.04999923706055,34.040000915527344,34.04999923706055,974.0
2024-07-03 09:47:00,MIST,1.3200000524520874,1.3200000524520874,1.3200000524520874,1.3100999593734741,1.3100999593734741,953.0
2024-07-03 09:47:00,MNKD,5.03000020980835,5.03000020980835,5.03000020980835,5.019999980926514,5.019999980926514,3121.0
2024-07-03 09:47:00,MNMD,7.050000190734863,7.050000190734863,7.070000171661377,7.019999980926514,7.019999980926514,8975.0
2024-07-03 09:47:00,MREO,3.4600000381469727,3.4600000381469727,3.4600000381469727,3.4600000381469727,3.4600000381469727,226.0
2024-07-03 09:47:00,MRNA,117.62999725341797,117.62999725341797,117.74639892578125,117.5999984741211,117.5999984741211,1384.0
2024-07-03 09:47:00,MRNS,1.215000033378601,1.215000033378601,1.215000033378601,1.215000033378601,1.215000033378601,800.0
2024-07-03 09:47:00,MRSN,1.8899999856948853,1.8899999856948853,1.8899999856948853,1.8849999904632568,1.8849999904632568,242.0
2024-07-03 09:47:00,MRVI,6.820000171661377,6.820000171661377,6.820000171661377,6.810999870300293,6.810999870300293,1446.0
2024-07-03 09:47:00,MXCT,3.700000047683716,3.700000047683716,3.700000047683716,3.700000047683716,3.700000047683716,545.0
2024-07-03 09:47:00,NBIX,137.7100067138672,137.7100067138672,137.72500610351562,137.7100067138672,137.72500610351562,425.0
2024-07-03 09:47:00,NDRA,0.0860000029206276,0.0860000029206276,0.08609999716281891,0.08590000122785568,0.0860000029206276,47945.0
2024-07-03 09:47:00,NEOG,15.029999732971191,15.029999732971191,15.029999732971191,15.029999732971191,15.029999732971191,102.0
2024-07-03 09:47:00,NKTR,1.215000033378601,1.215000033378601,1.215000033378601,1.215000033378601,1.215000033378601,1001.0
2024-07-03 09:47:00,NLSP,0.20499999821186066,0.20499999821186066,0.20499999821186066,0.20499999821186066,0.20499999821186066,8932.0
2024-07-03 09:47:00,NNOX,6.949999809265137,6.949999809265137,6.949999809265137,6.929999828338623,6.940000057220459,1965.0
2024-07-03 09:47:00,NRIX,18.94499969482422,18.94499969482422,18.986400604248047,18.934999465942383,18.986400604248047,1474.0
2024-07-03 09:47:00,NTLA,22.344999313354492,22.344999313354492,22.369699478149414,22.34000015258789,22.34000015258789,1789.0
2024-07-03 09:47:00,NTRA,112.02999877929688,112.02999877929688,112.24500274658203,112.02999877929688,112.24500274658203,581.0
2024-07-03 09:47:00,NVAX,13.069999694824219,13.069999694824219,13.079999923706055,13.010100364685059,13.079999923706055,17345.0
2024-07-03 09:47:00,NVCR,17.0049991607666,17.0049991607666,17.0049991607666,17.0049991607666,17.0049991607666,120.0
2024-07-03 09:47:00,NVCT,6.409999847412109,6.409999847412109,6.53000020980835,6.409999847412109,6.53000020980835,5253.0
2024-07-03 09:47:00,NXL,1.4800000190734863,1.4800000190734863,1.4800000190734863,1.4800000190734863,1.4800000190734863,1062.0
2024-07-03 09:47:00,OCGN,1.6150000095367432,1.6150000095367432,1.6150000095367432,1.6150000095367432,1.6150000095367432,581.0
2024-07-03 09:47:00,OCUL,6.829999923706055,6.829999923706055,6.829999923706055,6.829999923706055,6.829999923706055,2541.0
2024-07-03 09:47:00,OLK,25.829999923706055,25.829999923706055,25.834999084472656,25.81999969482422,25.834999084472656,1708.0
2024-07-03 09:47:00,OLMA,10.58899974822998,10.58899974822998,10.59000015258789,10.479999542236328,10.479999542236328,2932.0
2024-07-03 09:47:00,OM,3.6649999618530273,3.6649999618530273,3.674999952316284,3.6649999618530273,3.674999952316284,2092.0
2024-07-03 09:47:00,OMGA,2.069999933242798,2.069999933242798,2.0799999237060547,2.069999933242798,2.0799999237060547,846.0
2024-07-03 09:48:00,ABCL,2.7699999809265137,2.7699999809265137,2.7799999713897705,2.759999990463257,2.759999990463257,10334.0
2024-07-03 09:48:00,ABEO,4.21999979019165,4.21999979019165,4.230000019073486,4.21999979019165,4.230000019073486,741.0
2024-07-03 09:48:00,ABOS,2.2799999713897705,2.2799999713897705,2.2799999713897705,2.259999990463257,2.259999990463257,1107.0
2024-07-03 09:48:00,ABSI,3.251199960708618,3.251199960708618,3.255000114440918,3.25,3.25,2186.0
2024-07-03 09:48:00,ABUS,3.1549999713897705,3.1549999713897705,3.1600000858306885,3.1449999809265137,3.1449999809265137,5118.0
2024-07-03 09:48:00,ACAD,15.86989974975586,15.86989974975586,15.86989974975586,15.86989974975586,15.86989974975586,233.0
2024-07-03 09:48:00,ACB,4.651100158691406,4.651100158691406,4.651100158691406,4.651100158691406,4.651100158691406,1225.0
2024-07-03 09:48:00,ACCD,3.549999952316284,3.549999952316284,3.5508999824523926,3.549999952316284,3.5508999824523926,3263.0
2024-07-03 09:48:00,ACET,1.100000023841858,1.100000023841858,1.1050000190734863,1.100000023841858,1.100000023841858,2090.0
2024-07-03 09:48:00,ACRS,1.1649999618530273,1.1649999618530273,1.1649999618530273,1.1649999618530273,1.1649999618530273,1327.0
2024-07-03 09:48:00,ADAP,1.0499999523162842,1.0499999523162842,1.0499999523162842,1.0499999523162842,1.0499999523162842,3.0
2024-07-03 09:48:00,ADMA,11.289999961853027,11.289999961853027,11.289999961853027,11.289999961853027,11.289999961853027,202.0
2024-07-03 09:48:00,ADPT,3.319999933242798,3.319999933242798,3.319999933242798,3.319999933242798,3.319999933242798,980.0
2024-07-03 09:48:00,ADVM,6.920000076293945,6.920000076293945,6.920000076293945,6.920000076293945,6.920000076293945,316.0
2024-07-03 09:48:00,AHCO,9.760000228881836,9.760000228881836,9.760000228881836,9.760000228881836,9.760000228881836,323.0
2024-07-03 09:48:00,AIMD,0.800000011920929,0.800000011920929,0.800000011920929,0.800000011920929,0.800000011920929,200.0
2024-07-03 09:48:00,ALHC,8.020000457763672,8.020000457763672,8.029999732971191,7.989999771118164,8.029999732971191,3924.0
2024-07-03 09:48:00,ALLK,0.8454999923706055,0.8454999923706055,0.8454999923706055,0.8454999923706055,0.8454999923706055,409.0
2024-07-03 09:48:00,ALLO,2.1549999713897705,2.1549999713897705,2.1591999530792236,2.1549999713897705,2.1549999713897705,2103.0
2024-07-03 09:48:00,ALLR,0.2029999941587448,0.2029999941587448,0.20399999618530273,0.2012999951839447,0.20399999618530273,22374.0
2024-07-03 09:48:00,ALNY,246.35499572753906,246.35499572753906,246.35499572753906,246.35000610351562,246.35499572753906,3498.0
2024-07-03 09:48:00,ALT,6.730000019073486,6.730000019073486,6.769899845123291,6.71999979019165,6.760000228881836,12042.0
2024-07-03 09:48:00,ALVOW,3.049999952316284,3.049999952316284,3.0799999237060547,3.049999952316284,3.0799999237060547,2008.0
2024-07-03 09:48:00,ALVR,0.7383000254631042,0.7383000254631042,0.7383000254631042,0.7383000254631042,0.7383000254631042,2000.0
2024-07-03 09:48:00,ALXO,5.764999866485596,5.764999866485596,5.764999866485596,5.764999866485596,5.764999866485596,200.0
2024-07-03 09:48:00,AMED,96.68000030517578,96.68000030517578,96.69999694824219,96.68000030517578,96.69999694824219,2450.0
2024-07-03 09:48:00,AMGN,310.69000244140625,310.69000244140625,310.69000244140625,310.67999267578125,310.67999267578125,1291.0
2024-07-03 09:48:00,AMLX,1.7450000047683716,1.7450000047683716,1.7450000047683716,1.7400000095367432,1.7400000095367432,706.0
2024-07-03 09:48:00,AMPH,37.77000045776367,37.77000045776367,37.77000045776367,37.77000045776367,37.77000045776367,215.0
2024-07-03 09:48:00,AMRN,0.7080000042915344,0.7080000042915344,0.7080000042915344,0.7080000042915344,0.7080000042915344,101.0
2024-07-03 09:48:00,ANGO,5.699999809265137,5.699999809265137,5.699999809265137,5.695000171661377,5.699999809265137,1358.0
2024-07-03 09:48:00,ANNX,4.7399001121521,4.7399001121521,4.739999771118164,4.71999979019165,4.71999979019165,3511.0
2024-07-03 09:48:00,APDN,0.44999998807907104,0.44999998807907104,0.4602999985218048,0.44999998807907104,0.4602999985218048,17254.0
2024-07-03 09:48:00,APLS,36.14500045776367,36.14500045776367,36.290000915527344,36.1349983215332,36.1349983215332,11717.0
2024-07-03 09:48:00,APVO,0.30469998717308044,0.30469998717308044,0.30469998717308044,0.30469998717308044,0.30469998717308044,0.0
2024-07-03 09:48:00,AQST,2.380000114440918,2.380000114440918,2.380000114440918,2.380000114440918,2.380000114440918,594.0
2024-07-03 09:48:00,ARCT,21.614999771118164,21.614999771118164,21.638099670410156,21.614999771118164,21.614999771118164,1463.0
2024-07-03 09:48:00,ARDX,5.125,5.125,5.139999866485596,5.100500106811523,5.135000228881836,44154.0
2024-07-03 09:48:00,ARQT,9.744999885559082,9.744999885559082,9.744999885559082,9.680000305175781,9.680000305175781,3870.0
2024-07-03 09:48:00,ARVN,24.875,24.875,24.875,24.829999923706055,24.829999923706055,457.0
2024-07-03 09:48:00,ASRT,1.2999000549316406,1.2999000549316406,1.2999000549316406,1.2899999618530273,1.2899999618530273,3943.0
2024-07-03 09:48:00,ATAI,1.315000057220459,1.315000057220459,1.315000057220459,1.315000057220459,1.315000057220459,323.0
2024-07-03 09:48:00,ATEC,10.010000228881836,10.010000228881836,10.045000076293945,10.010000228881836,10.045000076293945,4256.0
2024-07-03 09:48:00,ATOS,1.1349999904632568,1.1349999904632568,1.1349999904632568,1.1349999904632568,1.1349999904632568,1922.0
2024-07-03 09:48:00,ATRA,7.699999809265137,7.699999809265137,7.699999809265137,7.699999809265137,7.699999809265137,30.0
2024-07-03 09:48:00,ATRC,22.219999313354492,22.219999313354492,22.219999313354492,22.219999313354492,22.219999313354492,148.0
2024-07-03 09:48:00,AUGX,0.9825000166893005,0.9825000166893005,0.9825000166893005,0.9825000166893005,0.9825000166893005,1130.0
2024-07-03 09:48:00,AUPH,5.460000038146973,5.460000038146973,5.460000038146973,5.460000038146973,5.460000038146973,172.0
2024-07-03 09:48:00,AUTL,3.4200000762939453,3.4200000762939453,3.4200000762939453,3.4200000762939453,3.4200000762939453,131.0
2024-07-03 09:48:00,AVIR,3.2200000286102295,3.2200000286102295,3.2200000286102295,3.2100000381469727,3.2100000381469727,525.0
2024-07-03 09:48:00,AVTE,1.5950000286102295,1.5950000286102295,1.5950000286102295,1.5950000286102295,1.5950000286102295,552.0
2024-07-03 09:48:00,AZN,76.83000183105469,76.83000183105469,76.84500122070312,76.81999969482422,76.81999969482422,8339.0
2024-07-03 09:48:00,BBIO,25.020000457763672,25.020000457763672,25.020000457763672,24.989999771118164,24.989999771118164,425.0
2024-07-03 09:48:00,BCAB,1.3200000524520874,1.3200000524520874,1.3200000524520874,1.3200000524520874,1.3200000524520874,7870.0
2024-07-03 09:48:00,BCRX,6.540999889373779,6.540999889373779,6.545000076293945,6.540999889373779,6.545000076293945,1071.0
2024-07-03 09:48:00,BEAM,23.200000762939453,23.200000762939453,23.219999313354492,23.15999984741211,23.19969940185547,9304.0
2024-07-03 09:48:00,BEAT,2.819999933242798,2.819999933242798,2.9100000858306885,2.819999933242798,2.9100000858306885,9464.0
2024-07-03 09:48:00,BGNE,146.23500061035156,146.23500061035156,146.23500061035156,146.23500061035156,146.23500061035156,634.0
2024-07-03 09:48:00,BIAF,2.2155001163482666,2.2155001163482666,2.2155001163482666,2.2155001163482666,2.2155001163482666,0.0
2024-07-03 09:48:00,BIIB,227.6199951171875,227.6199951171875,227.6199951171875,227.41000366210938,227.41000366210938,2279.0
2024-07-03 09:48:00,BJDX,0.625,0.625,0.625,0.625,0.625,106.0
2024-07-03 09:48:00,BLUE,0.9232000112533569,0.9232000112533569,0.9248999953269958,0.9211000204086304,0.9211000204086304,31583.0
2024-07-03 09:48:00,BMEA,4.335000038146973,4.335000038146973,4.335000038146973,4.335000038146973,4.335000038146973,500.0
2024-07-03 09:48:00,BNGO,0.5910000205039978,0.5910000205039978,0.5910000205039978,0.5909000039100647,0.5910000205039978,10960.0
2024-07-03 09:48:00,BNTX,80.87000274658203,80.87000274658203,80.96499633789062,80.86060333251953,80.86060333251953,1727.0
2024-07-03 09:48:00,BRKR,61.907100677490234,61.907100677490234,61.939998626708984,61.79999923706055,61.810001373291016,6070.0
2024-07-03 09:48:00,BTAI,1.0936000347137451,1.0936000347137451,1.0996999740600586,1.0936000347137451,1.0996999740600586,370.0
2024-07-03 09:48:00,BVS,6.010000228881836,6.010000228881836,6.010000228881836,5.980000019073486,5.980000019073486,4455.0
2024-07-03 09:48:00,CABA,7.400000095367432,7.400000095367432,7.400000095367432,7.400000095367432,7.400000095367432,821.0
2024-07-03 09:48:00,CADL,6.256400108337402,6.256400108337402,6.256400108337402,6.256400108337402,6.256400108337402,226.0
2024-07-03 09:48:00,CAPR,4.739999771118164,4.739999771118164,4.739999771118164,4.71999979019165,4.71999979019165,777.0
2024-07-03 09:48:00,CCCC,4.710000038146973,4.710000038146973,4.730000019073486,4.684999942779541,4.695000171661377,2177.0
2024-07-03 09:48:00,CDTX,12.079999923706055,12.079999923706055,12.089900016784668,12.079999923706055,12.089900016784668,573.0
2024-07-03 09:48:00,CDXC,2.5999999046325684,2.5999999046325684,2.619999885559082,2.5999999046325684,2.619999885559082,3432.0
2024-07-03 09:48:00,CERE,41.26499938964844,41.26499938964844,41.27000045776367,41.2400016784668,41.2400016784668,11400.0
2024-07-03 09:48:00,CERS,1.7100000381469727,1.7100000381469727,1.7100000381469727,1.7050000429153442,1.7050000429153442,526.0
2024-07-03 09:48:00,CERT,13.686200141906738,13.686200141906738,13.6899995803833,13.65999984741211,13.6899995803833,2200.0
2024-07-03 09:48:00,CGC,6.550000190734863,6.550000190734863,6.550000190734863,6.5100998878479,6.5100998878479,40313.0
2024-07-03 09:48:00,CGEM,16.34000015258789,16.34000015258789,16.34000015258789,16.290000915527344,16.34000015258789,1126.0
2024-07-03 09:48:00,CHRS,1.3550000190734863,1.3550000190734863,1.3597999811172485,1.3550000190734863,1.3597999811172485,3060.0
2024-07-03 09:48:00,CLSD,1.25,1.25,1.2649999856948853,1.2300000190734863,1.2649999856948853,7216.0
2024-07-03 09:48:00,CNSP,2.4600000381469727,2.4600000381469727,2.509999990463257,2.3499999046325684,2.400099992752075,510986.0
2024-07-03 09:48:00,COGT,8.307000160217285,8.307000160217285,8.307000160217285,8.307000160217285,8.307000160217285,221.0
2024-07-03 09:48:00,COLL,32.1349983215332,32.1349983215332,32.1349983215332,32.1349983215332,32.1349983215332,200.0
2024-07-03 09:48:00,CORT,31.280000686645508,31.280000686645508,31.280000686645508,31.229999542236328,31.229999542236328,1388.0
2024-07-03 09:48:00,COSM,1.0199999809265137,1.0199999809265137,1.0199999809265137,1.0199999809265137,1.0199999809265137,562.0
2024-07-03 09:48:00,CRBP,48.689998626708984,48.689998626708984,48.689998626708984,48.689998626708984,48.689998626708984,201.0
2024-07-03 09:48:00,CRBU,1.5950000286102295,1.5950000286102295,1.600000023841858,1.5950000286102295,1.5950000286102295,6963.0
2024-07-03 09:48:00,CRDF,2.1549999713897705,2.1549999713897705,2.1549999713897705,2.150099992752075,2.150099992752075,5525.0
2024-07-03 09:48:00,CRON,2.3157999515533447,2.3157999515533447,2.3157999515533447,2.309999942779541,2.315000057220459,1425.0
2024-07-03 09:48:00,CRSP,53.619998931884766,53.619998931884766,53.63330078125,53.529998779296875,53.529998779296875,2763.0
2024-07-03 09:48:00,CSTL,21.260000228881836,21.260000228881836,21.260000228881836,21.25,21.25,1262.0
2024-07-03 09:48:00,CTMX,1.320099949836731,1.320099949836731,1.320099949836731,1.3200000524520874,1.3200000524520874,3886.0
2024-07-03 09:48:00,CUE,1.0549999475479126,1.0549999475479126,1.059999942779541,1.0499999523162842,1.059999942779541,4159.0
2024-07-03 09:48:00,CVAC,3.548799991607666,3.548799991607666,3.569999933242798,3.5399999618530273,3.569999933242798,18926.0
2024-07-03 09:48:00,CYTK,54.86000061035156,54.86000061035156,54.86000061035156,54.83000183105469,54.83000183105469,698.0
2024-07-03 09:48:00,DERM,5.380000114440918,5.380000114440918,5.389999866485596,5.340000152587891,5.340000152587891,1381.0
2024-07-03 09:48:00,DH,5.410699844360352,5.410699844360352,5.410699844360352,5.410699844360352,5.410699844360352,779.0
2024-07-03 09:48:00,DVAX,11.130200386047363,11.130200386047363,11.130200386047363,11.130200386047363,11.130200386047363,516.0
2024-07-03 09:48:00,DXCM,111.65499877929688,111.65499877929688,111.65499877929688,111.58999633789062,111.61000061035156,2863.0
2024-07-03 09:48:00,DYN,34.55500030517578,34.55500030517578,34.560001373291016,34.55500030517578,34.560001373291016,367.0
2024-07-03 09:48:00,DYNT,0.2264000028371811,0.2264000028371811,0.2264000028371811,0.2264000028371811,0.2264000028371811,1149.0
2024-07-03 09:48:00,EDIT,4.635000228881836,4.635000228881836,4.635000228881836,4.625,4.635000228881836,3497.0
2024-07-03 09:48:00,ENSG,126.56999969482422,126.56999969482422,126.5999984741211,126.56999969482422,126.5999984741211,3471.0
2024-07-03 09:48:00,EOLS,10.8100004196167,10.8100004196167,10.8100004196167,10.8100004196167,10.8100004196167,711.0
2024-07-03 09:48:00,EQ,0.6901000142097473,0.6901000142097473,0.6901000142097473,0.6901000142097473,0.6901000142097473,3896.0
2024-07-03 09:48:00,ERAS,2.2750000953674316,2.2750000953674316,2.2750000953674316,2.2750000953674316,2.2750000953674316,29.0
2024-07-03 09:48:00,ESPR,2.390000104904175,2.390000104904175,2.390000104904175,2.384999990463257,2.384999990463257,5340.0
2024-07-03 09:48:00,EWTX,17.7549991607666,17.7549991607666,17.7549991607666,17.7549991607666,17.7549991607666,668.0
2024-07-03 09:48:00,EXAS,43.505001068115234,43.505001068115234,43.52000045776367,43.43000030517578,43.46500015258789,2350.0
2024-07-03 09:48:00,EXEL,22.174999237060547,22.174999237060547,22.174999237060547,22.174999237060547,22.174999237060547,107.0
2024-07-03 09:48:00,EYEN,0.733299970626831,0.733299970626831,0.733299970626831,0.733299970626831,0.733299970626831,568.0
2024-07-03 09:48:00,EYPT,8.109999656677246,8.109999656677246,8.109999656677246,8.109999656677246,8.109999656677246,200.0
2024-07-03 09:48:00,FATE,3.2200000286102295,3.2200000286102295,3.2200000286102295,3.2100000381469727,3.2100000381469727,436.0
2024-07-03 09:48:00,FDMT,20.895000457763672,20.895000457763672,20.895000457763672,20.895000457763672,20.895000457763672,209.0
2024-07-03 09:48:00,FGEN,0.7300000190734863,0.7300000190734863,0.7350000143051147,0.7300000190734863,0.7342000007629395,9187.0
2024-07-03 09:48:00,FLGC,0.9399999976158142,0.9399999976158142,0.9399999976158142,0.9399999976158142,0.9399999976158142,200.0
2024-07-03 09:48:00,FLGT,20.079999923706055,20.079999923706055,20.079999923706055,19.979900360107422,19.979900360107422,236.0
2024-07-03 09:48:00,FOLD,9.890000343322754,9.890000343322754,9.890000343322754,9.890000343322754,9.890000343322754,358.0
2024-07-03 09:48:00,GALT,2.2200000286102295,2.2200000286102295,2.2200000286102295,2.2100000381469727,2.2200000286102295,1058.0
2024-07-03 09:48:00,GDRX,7.789999961853027,7.789999961853027,7.789999961853027,7.784999847412109,7.784999847412109,900.0
2024-07-03 09:48:00,GERN,4.300000190734863,4.300000190734863,4.304999828338623,4.300000190734863,4.304999828338623,279.0
2024-07-03 09:48:00,GH,28.469999313354492,28.469999313354492,28.49880027770996,28.469999313354492,28.49880027770996,1336.0
2024-07-03 09:48:00,GILD,67.81199645996094,67.81199645996094,67.83000183105469,67.76000213623047,67.76000213623047,7554.0
2024-07-03 09:48:00,GLTO,0.4700999855995178,0.4700999855995178,0.4700999855995178,0.4700999855995178,0.4700999855995178,200.0
2024-07-03 09:48:00,GLYC,0.26589998602867126,0.26589998602867126,0.26589998602867126,0.26589998602867126,0.26589998602867126,7100.0
2024-07-03 09:48:00,GMAB,25.15999984741211,25.15999984741211,25.18000030517578,25.15999984741211,25.18000030517578,901.0
2024-07-03 09:48:00,GOSS,0.9254999756813049,0.9254999756813049,0.9254999756813049,0.9157999753952026,0.9160000085830688,0.0
2024-07-03 09:48:00,GOVX,3.1549999713897705,3.1549999713897705,3.1600000858306885,3.130000114440918,3.1600000858306885,4112.0
2024-07-03 09:48:00,GRFS,6.599999904632568,6.599999904632568,6.599999904632568,6.599999904632568,6.599999904632568,399.0
2024-07-03 09:48:00,GTHX,2.4800000190734863,2.4800000190734863,2.4800000190734863,2.4700000286102295,2.4700000286102295,1080.0
2024-07-03 09:48:00,HALO,51.720001220703125,51.720001220703125,51.720001220703125,51.720001220703125,51.720001220703125,457.0
2024-07-03 09:48:00,HCSG,11.114800453186035,11.114800453186035,11.117300033569336,11.114800453186035,11.117300033569336,357.0
2024-07-03 09:48:00,HOLX,73.30999755859375,73.30999755859375,73.31500244140625,73.2699966430664,73.30999755859375,2061.0
2024-07-03 09:48:00,HOOK,0.570900022983551,0.570900022983551,0.570900022983551,0.570900022983551,0.570900022983551,0.0
2024-07-03 09:48:00,HQY,84.51499938964844,84.51499938964844,84.5374984741211,84.5,84.5,1018.0
2024-07-03 09:48:00,HRMY,30.290000915527344,30.290000915527344,30.290000915527344,30.270000457763672,30.270000457763672,1942.0
2024-07-03 09:48:00,HROW,21.729999542236328,21.729999542236328,21.729999542236328,21.719999313354492,21.719999313354492,2092.0
2024-07-03 09:48:00,HRTX,2.815000057220459,2.815000057220459,2.819999933242798,2.809999942779541,2.815000057220459,11778.0
2024-07-03 09:48:00,HSIC,65.20999908447266,65.20999908447266,65.20999908447266,65.20999908447266,65.20999908447266,2149.0
2024-07-03 09:48:00,HUMA,5.481900215148926,5.481900215148926,5.499899864196777,5.449999809265137,5.449999809265137,28818.0
2024-07-03 09:48:00,HYPR,0.9298999905586243,0.9298999905586243,0.9298999905586243,0.9298999905586243,0.9298999905586243,1002.0
2024-07-03 09:48:00,IART,28.989999771118164,28.989999771118164,28.989999771118164,28.989999771118164,28.989999771118164,1033.0
2024-07-03 09:48:00,IBRX,6.190000057220459,6.190000057220459,6.190000057220459,6.170000076293945,6.181000232696533,10356.0
2024-07-03 09:48:00,ICAD,1.2000000476837158,1.2000000476837158,1.2000000476837158,1.2000000476837158,1.2000000476837158,4806.0
2024-07-03 09:48:00,ICLR,316.6549987792969,316.6549987792969,316.6549987792969,316.6549987792969,316.6549987792969,744.0
2024-07-03 09:48:00,IDXX,476.95001220703125,476.95001220703125,477.70001220703125,476.30499267578125,476.30499267578125,2369.0
2024-07-03 09:48:00,IGMS,6.440000057220459,6.440000057220459,6.440000057220459,6.440000057220459,6.440000057220459,218.0
2024-07-03 09:48:00,IINN,1.350000023841858,1.350000023841858,1.350000023841858,1.350000023841858,1.350000023841858,283.0
2024-07-03 09:48:00,ILMN,105.53500366210938,105.53500366210938,105.58999633789062,105.45999908447266,105.57869720458984,7541.0
2024-07-03 09:48:00,IMMP,1.9249999523162842,1.9249999523162842,1.940000057220459,1.9249999523162842,1.940000057220459,526.0
2024-07-03 09:48:00,IMMX,2.2339999675750732,2.2339999675750732,2.240000009536743,2.2200000286102295,2.2293999195098877,2089.0
2024-07-03 09:48:00,IMNM,11.805000305175781,11.805000305175781,11.805000305175781,11.805000305175781,11.805000305175781,600.0
2024-07-03 09:48:00,IMUX,1.1150000095367432,1.1150000095367432,1.1200000047683716,1.1100000143051147,1.1200000047683716,2100.0
2024-07-03 09:48:00,IMVT,26.575000762939453,26.575000762939453,26.575000762939453,26.575000762939453,26.575000762939453,401.0
2024-07-03 09:48:00,INBX,13.550000190734863,13.550000190734863,13.550000190734863,13.550000190734863,13.550000190734863,365.0
2024-07-03 09:48:00,INCY,58.599998474121094,58.599998474121094,58.630001068115234,58.52000045776367,58.55139923095703,4265.0
2024-07-03 09:48:00,INMB,8.0600004196167,8.0600004196167,8.0600004196167,8.0600004196167,8.0600004196167,264.0
2024-07-03 09:48:00,INMD,17.75,17.75,17.770000457763672,17.75,17.75,1301.0
2024-07-03 09:48:00,INSM,63.900001525878906,63.900001525878906,64.01000213623047,63.79999923706055,63.84000015258789,10836.0
2024-07-03 09:48:00,IOBT,1.1246999502182007,1.1246999502182007,1.1246999502182007,1.1246999502182007,1.1246999502182007,200.0
2024-07-03 09:48:00,IONS,44.95000076293945,44.95000076293945,44.95000076293945,44.95000076293945,44.95000076293945,487.0
2024-07-03 09:48:00,IOVA,7.760000228881836,7.760000228881836,7.789999961853027,7.760000228881836,7.78000020980835,13963.0
2024-07-03 09:48:00,IRWD,6.179999828338623,6.179999828338623,6.179999828338623,6.159999847412109,6.159999847412109,602.0
2024-07-03 09:48:00,ISRG,436.6000061035156,436.6000061035156,436.67999267578125,436.5400085449219,436.67999267578125,1773.0
2024-07-03 09:48:00,ITCI,68.1500015258789,68.1500015258789,68.19999694824219,68.1500015258789,68.19999694824219,493.0
2024-07-03 09:48:00,JAGX,3.440000057220459,3.440000057220459,3.450000047683716,3.440000057220459,3.450000047683716,1835.0
2024-07-03 09:48:00,JANX,39.06999969482422,39.06999969482422,39.06999969482422,39.06999969482422,39.06999969482422,782.0
2024-07-03 09:48:00,JAZZ,105.1050033569336,105.1050033569336,105.1050033569336,104.9000015258789,104.9000015258789,447.0
2024-07-03 09:48:00,JSPR,23.594999313354492,23.594999313354492,23.594999313354492,23.594999313354492,23.594999313354492,505.0
2024-07-03 09:48:00,KMDA,5.2779998779296875,5.2779998779296875,5.289999961853027,5.269999980926514,5.289999961853027,1126.0
2024-07-03 09:48:00,KTRA,0.25209999084472656,0.25209999084472656,0.2574999928474426,0.25209999084472656,0.2549000084400177,27776.0
2024-07-03 09:48:00,KZR,0.5726000070571899,0.5726000070571899,0.5726000070571899,0.5726000070571899,0.5726000070571899,675.0
2024-07-03 09:48:00,LBPH,30.950000762939453,30.950000762939453,30.950000762939453,30.950000762939453,30.950000762939453,257.0
2024-07-03 09:48:00,LEGN,44.81999969482422,44.81999969482422,44.81999969482422,44.60499954223633,44.67499923706055,1834.0
2024-07-03 09:48:00,LFMD,6.650000095367432,6.650000095367432,6.650000095367432,6.650000095367432,6.650000095367432,511.0
2024-07-03 09:48:00,LFMDP,23.600000381469727,23.600000381469727,23.600000381469727,23.600000381469727,23.600000381469727,0.0
2024-07-03 09:48:00,LFST,5.039999961853027,5.039999961853027,5.039999961853027,5.039999961853027,5.039999961853027,205.0
2024-07-03 09:48:00,LGVN,1.6399999856948853,1.6399999856948853,1.649999976158142,1.6399999856948853,1.649999976158142,1552.0
2024-07-03 09:48:00,LIVN,52.779998779296875,52.779998779296875,52.79999923706055,52.689998626708984,52.689998626708984,1208.0
2024-07-03 09:48:00,LNTH,78.38999938964844,78.38999938964844,78.38999938964844,78.25589752197266,78.25589752197266,1731.0
2024-07-03 09:48:00,LUCY,0.491100013256073,0.491100013256073,0.4975999891757965,0.4699999988079071,0.47839999198913574,60460.0
2024-07-03 09:48:00,LXRX,1.6150000095367432,1.6150000095367432,1.6150000095367432,1.6150000095367432,1.6150000095367432,303.0
2024-07-03 09:48:00,LYEL,1.4299999475479126,1.4299999475479126,1.4299999475479126,1.4299999475479126,1.4299999475479126,533.0
2024-07-03 09:48:00,MASI,112.77999877929688,112.77999877929688,112.77999877929688,112.77999877929688,112.77999877929688,627.0
2024-07-03 09:48:00,MBIO,0.5351999998092651,0.5351999998092651,0.539900004863739,0.5351999998092651,0.539900004863739,2577.0
2024-07-03 09:48:00,MBOT,1.059999942779541,1.059999942779541,1.059999942779541,1.0500999689102173,1.0549999475479126,4178.0
2024-07-03 09:48:00,MDXG,6.755000114440918,6.755000114440918,6.755000114440918,6.744999885559082,6.744999885559082,667.0
2024-07-03 09:48:00,ME,0.40400001406669617,0.40400001406669617,0.40400001406669617,0.40400001406669617,0.40400001406669617,403.0
2024-07-03 09:48:00,MEDP,398.8349914550781,398.8349914550781,398.8349914550781,398.8349914550781,398.8349914550781,558.0
2024-07-03 09:48:00,MEDS,17.489999771118164,17.489999771118164,17.5,17.358600616455078,17.5,2063.0
2024-07-03 09:48:00,MGNX,4.210000038146973,4.210000038146973,4.210000038146973,4.210000038146973,4.210000038146973,529.0
2024-07-03 09:48:00,MGTX,3.9000000953674316,3.9000000953674316,3.940000057220459,3.9000000953674316,3.940000057220459,320.0
2024-07-03 09:48:00,MIST,1.3200000524520874,1.3200000524520874,1.3200000524520874,1.3200000524520874,1.3200000524520874,1047.0
2024-07-03 09:48:00,MMSI,86.01000213623047,86.01000213623047,86.19999694824219,86.01000213623047,86.19999694824219,913.0
2024-07-03 09:48:00,MNKD,5.039999961853027,5.039999961853027,5.045000076293945,5.03000020980835,5.034999847412109,2862.0
2024-07-03 09:48:00,MNMD,7.050000190734863,7.050000190734863,7.050000190734863,7.039999961853027,7.039999961853027,1231.0
2024-07-03 09:48:00,MNPR,0.699999988079071,0.699999988079071,0.699999988079071,0.699999988079071,0.699999988079071,6090.0
2024-07-03 09:48:00,MORF,31.565000534057617,31.565000534057617,31.565000534057617,31.565000534057617,31.565000534057617,397.0
2024-07-03 09:48:00,MRNA,117.7300033569336,117.7300033569336,117.75,117.54000091552734,117.6500015258789,5097.0
2024-07-03 09:48:00,MRSN,1.8849999904632568,1.8849999904632568,1.8899999856948853,1.8849999904632568,1.8899999856948853,1321.0
2024-07-03 09:48:00,MRVI,6.837100028991699,6.837100028991699,6.837100028991699,6.837100028991699,6.837100028991699,2202.0
2024-07-03 09:48:00,MXCT,3.700000047683716,3.700000047683716,3.700000047683716,3.700000047683716,3.700000047683716,440.0
2024-07-03 09:48:00,MYGN,25.125900268554688,25.125900268554688,25.139999389648438,25.125900268554688,25.139999389648438,695.0
2024-07-03 09:48:00,NBIX,138.10000610351562,138.10000610351562,138.10000610351562,137.7100067138672,137.7100067138672,1201.0
2024-07-03 09:48:00,NDRA,0.0860000029206276,0.0860000029206276,0.0860000029206276,0.08560000360012054,0.08590000122785568,29042.0
2024-07-03 09:48:00,NEOG,15.0649995803833,15.0649995803833,15.0649995803833,15.050000190734863,15.050000190734863,3117.0
2024-07-03 09:48:00,NLSP,0.20659999549388885,0.20659999549388885,0.20659999549388885,0.20659999549388885,0.20659999549388885,0.0
2024-07-03 09:48:00,NNOX,6.960000038146973,6.960000038146973,6.960000038146973,6.956600189208984,6.956600189208984,416.0
2024-07-03 09:48:00,NRIX,18.94499969482422,18.94499969482422,18.94499969482422,18.94499969482422,18.94499969482422,414.0
2024-07-03 09:48:00,NRSN,1.2538000345230103,1.2538000345230103,1.2538000345230103,1.2538000345230103,1.2538000345230103,5900.0
2024-07-03 09:48:00,NRXP,2.684299945831299,2.684299945831299,2.684299945831299,2.6709001064300537,2.6709001064300537,863.0
2024-07-03 09:48:00,NTLA,22.389999389648438,22.389999389648438,22.389999389648438,22.350000381469727,22.354999542236328,1098.0
2024-07-03 09:48:00,NTRA,112.6719970703125,112.6719970703125,112.80999755859375,112.04979705810547,112.04979705810547,4357.0
2024-07-03 09:48:00,NVAX,13.077899932861328,13.077899932861328,13.08489990234375,13.0600004196167,13.0600004196167,8642.0
2024-07-03 09:48:00,NVCR,17.0049991607666,17.0049991607666,17.0049991607666,16.98699951171875,16.98699951171875,438.0
2024-07-03 09:48:00,NVCT,6.409999847412109,6.409999847412109,6.409999847412109,6.409999847412109,6.409999847412109,172.0
2024-07-03 09:48:00,NXL,1.4800000190734863,1.4800000190734863,1.4900000095367432,1.4800000190734863,1.4900000095367432,633.0
2024-07-03 09:48:00,OCGN,1.6197999715805054,1.6197999715805054,1.6197999715805054,1.6197999715805054,1.6197999715805054,10762.0
2024-07-03 09:48:00,OCUL,6.824999809265137,6.824999809265137,6.840000152587891,6.824999809265137,6.840000152587891,1268.0
2024-07-03 09:48:00,OCUP,1.5499999523162842,1.5499999523162842,1.5516999959945679,1.5499999523162842,1.5516999959945679,2677.0
2024-07-03 09:48:00,OLK,25.80500030517578,25.80500030517578,25.80500030517578,25.80500030517578,25.80500030517578,100.0
2024-07-03 09:48:00,OLMA,10.609999656677246,10.609999656677246,10.649999618530273,10.589900016784668,10.589900016784668,615.0
2024-07-03 09:48:00,OMGA,2.0724000930786133,2.0724000930786133,2.0724000930786133,2.0724000930786133,2.0724000930786133,1094.0
2024-07-03 09:49:00,ABCL,2.7750000953674316,2.7750000953674316,2.7750000953674316,2.7750000953674316,2.7750000953674316,500.0
2024-07-03 09:49:00,ABEO,4.21999979019165,4.21999979019165,4.230000019073486,4.199999809265137,4.21999979019165,9165.0
2024-07-03 09:49:00,ABSI,3.25,3.25,3.259999990463257,3.240000009536743,3.255000114440918,17230.0
2024-07-03 09:49:00,ABUS,3.1649999618530273,3.1649999618530273,3.1649999618530273,3.1600000858306885,3.1600000858306885,7127.0
2024-07-03 09:49:00,ABVC,0.7099999785423279,0.7099999785423279,0.7099999785423279,0.7099999785423279,0.7099999785423279,1300.0
2024-07-03 09:49:00,ACAD,15.8100004196167,15.8100004196167,15.84000015258789,15.8100004196167,15.84000015258789,1259.0
2024-07-03 09:49:00,ACB,4.679999828338623,4.679999828338623,4.679999828338623,4.664999961853027,4.670000076293945,2605.0
2024-07-03 09:49:00,ACCD,3.559999942779541,3.559999942779541,3.559999942779541,3.5592000484466553,3.5592000484466553,1656.0
2024-07-03 09:49:00,ACET,1.100000023841858,1.100000023841858,1.1050000190734863,1.100000023841858,1.100000023841858,3294.0
2024-07-03 09:49:00,ACHC,66.06999969482422,66.06999969482422,66.06999969482422,65.94000244140625,65.94000244140625,1480.0
2024-07-03 09:49:00,ACLX,53.90999984741211,53.90999984741211,53.90999984741211,53.90999984741211,53.90999984741211,1988.0
2024-07-03 09:49:00,ADAP,1.0499999523162842,1.0499999523162842,1.0499999523162842,1.0499999523162842,1.0499999523162842,499.0
2024-07-03 09:49:00,ADIL,1.059999942779541,1.059999942779541,1.059999942779541,1.059999942779541,1.059999942779541,142.0
2024-07-03 09:49:00,ADMA,11.289999961853027,11.289999961853027,11.289999961853027,11.289999961853027,11.289999961853027,2834.0
2024-07-03 09:49:00,ADPT,3.325000047683716,3.325000047683716,3.3299999237060547,3.319999933242798,3.3299999237060547,3868.0
2024-07-03 09:49:00,ADVM,6.920000076293945,6.920000076293945,6.920000076293945,6.920000076293945,6.920000076293945,975.0
2024-07-03 09:49:00,AEMD,0.42879998683929443,0.42879998683929443,0.42879998683929443,0.42500001192092896,0.42500001192092896,899.0
2024-07-03 09:49:00,AGEN,14.859100341796875,14.859100341796875,14.91919994354248,14.859100341796875,14.91919994354248,971.0
2024-07-03 09:49:00,AGIO,42.20000076293945,42.20000076293945,42.20000076293945,42.18000030517578,42.18000030517578,261.0
2024-07-03 09:49:00,AHCO,9.789999961853027,9.789999961853027,9.84000015258789,9.789999961853027,9.84000015258789,642.0
2024-07-03 09:49:00,AIMD,0.800000011920929,0.800000011920929,0.800000011920929,0.800000011920929,0.800000011920929,120.0
2024-07-03 09:49:00,AKAN,2.25,2.25,2.259999990463257,2.25,2.259999990463257,259.0
2024-07-03 09:49:00,AKBA,0.946399986743927,0.946399986743927,0.946399986743927,0.946399986743927,0.946399986743927,16052.0
2024-07-03 09:49:00,AKYA,2.1500000953674316,2.1500000953674316,2.1500000953674316,2.1500000953674316,2.1500000953674316,205.0
2024-07-03 09:49:00,ALEC,4.400000095367432,4.400000095367432,4.400000095367432,4.400000095367432,4.400000095367432,367.0
2024-07-03 09:49:00,ALGN,238.85499572753906,238.85499572753906,238.85499572753906,238.85499572753906,238.85499572753906,442.0
2024-07-03 09:49:00,ALGS,0.4074999988079071,0.4074999988079071,0.4099000096321106,0.4050000011920929,0.40939998626708984,45466.0
2024-07-03 09:49:00,ALIM,5.53000020980835,5.53000020980835,5.53000020980835,5.53000020980835,5.53000020980835,445.0
2024-07-03 09:49:00,ALLO,2.1500000953674316,2.1500000953674316,2.1549999713897705,2.1500000953674316,2.1549999713897705,918.0
2024-07-03 09:49:00,ALLR,0.20749999582767487,0.20749999582767487,0.20749999582767487,0.2029999941587448,0.2029999941587448,15766.0
2024-07-03 09:49:00,ALT,6.769999980926514,6.769999980926514,6.769999980926514,6.740699768066406,6.740699768066406,4618.0
2024-07-03 09:49:00,ALVOW,3.049999952316284,3.049999952316284,3.049999952316284,3.049999952316284,3.049999952316284,0.0
2024-07-03 09:49:00,ALVR,0.7350000143051147,0.7350000143051147,0.7350000143051147,0.7350000143051147,0.7350000143051147,5456.0
2024-07-03 09:49:00,AMED,96.68000030517578,96.68000030517578,96.68000030517578,96.68000030517578,96.68000030517578,1014.0
2024-07-03 09:49:00,AMGN,311.20001220703125,311.20001220703125,311.20001220703125,311.20001220703125,311.20001220703125,160.0
2024-07-03 09:49:00,AMLX,1.7411999702453613,1.7411999702453613,1.7450000047683716,1.7400000095367432,1.7450000047683716,4192.0
2024-07-03 09:49:00,AMRN,0.7078999876976013,0.7078999876976013,0.7078999876976013,0.7078999876976013,0.7078999876976013,1111.0
2024-07-03 09:49:00,ANGO,5.690000057220459,5.690000057220459,5.699999809265137,5.690000057220459,5.699999809265137,998.0
2024-07-03 09:49:00,ANIX,2.305000066757202,2.305000066757202,2.305000066757202,2.305000066757202,2.305000066757202,200.0
2024-07-03 09:49:00,ANNX,4.750100135803223,4.750100135803223,4.760000228881836,4.71999979019165,4.730000019073486,6030.0
2024-07-03 09:49:00,ANTX,2.4200000762939453,2.4200000762939453,2.4293999671936035,2.4200000762939453,2.4293999671936035,706.0
2024-07-03 09:49:00,APLS,36.13999938964844,36.13999938964844,36.13999938964844,36.13999938964844,36.13999938964844,350.0
2024-07-03 09:49:00,AQST,2.3777999877929688,2.3777999877929688,2.380000114440918,2.369999885559082,2.380000114440918,2278.0
2024-07-03 09:49:00,ARAY,1.7725000381469727,1.7725000381469727,1.7725000381469727,1.7725000381469727,1.7725000381469727,200.0
2024-07-03 09:49:00,ARCT,21.6200008392334,21.6200008392334,21.6200008392334,21.6200008392334,21.6200008392334,185.0
2024-07-03 09:49:00,ARDX,5.139999866485596,5.139999866485596,5.139999866485596,5.119999885559082,5.125,27067.0
2024-07-03 09:49:00,ARQT,9.765000343322754,9.765000343322754,9.779999732971191,9.699999809265137,9.734999656677246,7117.0
2024-07-03 09:49:00,ARTL,1.3313000202178955,1.3313000202178955,1.3313000202178955,1.3313000202178955,1.3313000202178955,521.0
2024-07-03 09:49:00,ARVN,24.979999542236328,24.979999542236328,24.979999542236328,24.979999542236328,24.979999542236328,1531.0
2024-07-03 09:49:00,ARWR,25.351900100708008,25.351900100708008,25.40999984741211,25.351900100708008,25.40999984741211,1867.0
2024-07-03 09:49:00,ASRT,1.3049999475479126,1.3049999475479126,1.3049999475479126,1.2905000448226929,1.2949999570846558,12789.0
2024-07-03 09:49:00,ATRA,7.659999847412109,7.659999847412109,7.659999847412109,7.659999847412109,7.659999847412109,378.0
2024-07-03 09:49:00,AUGX,0.9900000095367432,0.9900000095367432,1.0,0.9825000166893005,0.9825000166893005,11406.0
2024-07-03 09:49:00,AUPH,5.465000152587891,5.465000152587891,5.465000152587891,5.460000038146973,5.460000038146973,920.0
2024-07-03 09:49:00,AUTL,3.4305999279022217,3.4305999279022217,3.4305999279022217,3.430000066757202,3.430000066757202,1462.0
2024-07-03 09:49:00,AVDL,14.079999923706055,14.079999923706055,14.079999923706055,14.079999923706055,14.079999923706055,546.0
2024-07-03 09:49:00,AVTE,1.590000033378601,1.590000033378601,1.590000033378601,1.5850000381469727,1.590000033378601,1617.0
2024-07-03 09:49:00,AVXL,4.184999942779541,4.184999942779541,4.184999942779541,4.184999942779541,4.184999942779541,775.0
2024-07-03 09:49:00,AXGN,7.505000114440918,7.505000114440918,7.505000114440918,7.5,7.5,616.0
2024-07-03 09:49:00,AXSM,79.48999786376953,79.48999786376953,79.52999877929688,79.38999938964844,79.38999938964844,1230.0
2024-07-03 09:49:00,AZN,76.80500030517578,76.80500030517578,76.81500244140625,76.79499816894531,76.80500030517578,9304.0
2024-07-03 09:49:00,BBIO,25.0,25.0,25.030000686645508,25.0,25.030000686645508,334.0
2024-07-03 09:49:00,BCAB,1.3200000524520874,1.3200000524520874,1.3200000524520874,1.3200000524520874,1.3200000524520874,1066.0
2024-07-03 09:49:00,BCRX,6.574999809265137,6.574999809265137,6.574999809265137,6.545000076293945,6.545000076293945,3800.0
2024-07-03 09:49:00,BDTX,4.190000057220459,4.190000057220459,4.190000057220459,4.170000076293945,4.179999828338623,3591.0
2024-07-03 09:49:00,BEAM,23.25,23.25,23.280000686645508,23.25,23.280000686645508,1821.0
2024-07-03 09:49:00,BEAT,2.8299999237060547,2.8299999237060547,2.950000047683716,2.8299999237060547,2.8499999046325684,3291.0
2024-07-03 09:49:00,BIAF,2.2100000381469727,2.2100000381469727,2.2100000381469727,2.2100000381469727,2.2100000381469727,250.0
2024-07-03 09:49:00,BIIB,227.22000122070312,227.22000122070312,227.47300720214844,227.22000122070312,227.47300720214844,1014.0
2024-07-03 09:49:00,BJDX,0.6251000165939331,0.6251000165939331,0.6259999871253967,0.6251000165939331,0.6259999871253967,1872.0
2024-07-03 09:49:00,BLUE,0.9251000285148621,0.9251000285148621,0.9251000285148621,0.9218999743461609,0.9248999953269958,43162.0
2024-07-03 09:49:00,BMEA,4.329999923706055,4.329999923706055,4.33620023727417,4.329999923706055,4.335000038146973,639.0
2024-07-03 09:49:00,BMRA,0.45509999990463257,0.45509999990463257,0.45509999990463257,0.45509999990463257,0.45509999990463257,300.0
2024-07-03 09:49:00,BMRN,81.9000015258789,81.9000015258789,81.9000015258789,81.80999755859375,81.80999755859375,2290.0
2024-07-03 09:49:00,BNGO,0.5899999737739563,0.5899999737739563,0.5932999849319458,0.5899999737739563,0.5932000279426575,14333.0
2024-07-03 09:49:00,BNTX,81.01000213623047,81.01000213623047,81.06990051269531,80.85009765625,80.85009765625,3376.0
2024-07-03 09:49:00,BOLT,0.7343000173568726,0.7343000173568726,0.7343000173568726,0.7343000173568726,0.7343000173568726,0.0
2024-07-03 09:49:00,BPMC,110.75,110.75,110.83999633789062,110.55999755859375,110.55999755859375,1555.0
2024-07-03 09:49:00,BRKR,61.91999816894531,61.91999816894531,61.91999816894531,61.915000915527344,61.915000915527344,4068.0
2024-07-03 09:49:00,BVS,6.03000020980835,6.03000020980835,6.03000020980835,5.980000019073486,5.980000019073486,8381.0
2024-07-03 09:49:00,BWAY,5.949999809265137,5.949999809265137,5.949999809265137,5.900000095367432,5.909999847412109,3010.0
2024-07-03 09:49:00,CADL,6.300000190734863,6.300000190734863,6.300000190734863,6.300000190734863,6.300000190734863,226.0
2024-07-03 09:49:00,CASI,5.25,5.25,5.25,5.25,5.25,697.0
2024-07-03 09:49:00,CCCC,4.730000019073486,4.730000019073486,4.739999771118164,4.679999828338623,4.679999828338623,1680.0
2024-07-03 09:49:00,CCRN,13.640000343322754,13.640000343322754,13.640000343322754,13.640000343322754,13.640000343322754,226.0
2024-07-03 09:49:00,CDMO,7.287199974060059,7.287199974060059,7.289999961853027,7.130000114440918,7.130000114440918,13379.0
2024-07-03 09:49:00,CDTX,12.09000015258789,12.09000015258789,12.09000015258789,12.09000015258789,12.09000015258789,487.0
2024-07-03 09:49:00,CELC,16.18000030517578,16.18000030517578,16.18000030517578,16.15999984741211,16.15999984741211,1387.0
2024-07-03 09:49:00,CERE,41.279998779296875,41.279998779296875,41.279998779296875,41.255001068115234,41.27000045776367,3151.0
2024-07-03 09:49:00,CERS,1.7100000381469727,1.7100000381469727,1.7100000381469727,1.7100000381469727,1.7100000381469727,1200.0
2024-07-03 09:49:00,CGC,6.579999923706055,6.579999923706055,6.590000152587891,6.541600227355957,6.548799991607666,66823.0
2024-07-03 09:49:00,CGEM,16.405000686645508,16.405000686645508,16.405000686645508,16.405000686645508,16.405000686645508,246.0
2024-07-03 09:49:00,CGEN,1.6950000524520874,1.6950000524520874,1.6950000524520874,1.6950000524520874,1.6950000524520874,0.0
2024-07-03 09:49:00,CHRS,1.3550000190734863,1.3550000190734863,1.3590999841690063,1.3549000024795532,1.3590999841690063,1817.0
2024-07-03 09:49:00,CKPT,2.184999942779541,2.184999942779541,2.190000057220459,2.184999942779541,2.190000057220459,1350.0
2024-07-03 09:49:00,CLDX,36.95000076293945,36.95000076293945,36.95500183105469,36.939998626708984,36.95500183105469,782.0
2024-07-03 09:49:00,CLLS,1.9800000190734863,1.9800000190734863,1.9853999614715576,1.9800000190734863,1.9853999614715576,400.0
2024-07-03 09:49:00,CLOV,1.2493000030517578,1.2493000030517578,1.2493000030517578,1.2450000047683716,1.2450000047683716,2374.0
2024-07-03 09:49:00,CLPT,5.300000190734863,5.300000190734863,5.300000190734863,5.300000190734863,5.300000190734863,299.0
2024-07-03 09:49:00,CLRB,2.4100000858306885,2.4100000858306885,2.4100000858306885,2.3826000690460205,2.3826000690460205,687.0
2024-07-03 09:49:00,CMRX,0.8773000240325928,0.8773000240325928,0.8773000240325928,0.8773000240325928,0.8773000240325928,0.0
2024-07-03 09:49:00,CNSP,2.490000009536743,2.490000009536743,2.549999952316284,2.430000066757202,2.4530999660491943,569508.0
2024-07-03 09:49:00,CNTA,8.75,8.75,8.75,8.75,8.75,310.0
2024-07-03 09:49:00,CORT,31.280000686645508,31.280000686645508,31.280000686645508,31.280000686645508,31.280000686645508,443.0
2024-07-03 09:49:00,COSM,1.0198999643325806,1.0198999643325806,1.0198999643325806,1.0198999643325806,1.0198999643325806,2702.0
2024-07-03 09:49:00,CPRX,15.860099792480469,15.860099792480469,15.860099792480469,15.860099792480469,15.860099792480469,1570.0
2024-07-03 09:49:00,CRBU,1.5950000286102295,1.5950000286102295,1.5950000286102295,1.5950000286102295,1.5950000286102295,231.0
2024-07-03 09:49:00,CRDF,2.180000066757202,2.180000066757202,2.180000066757202,2.1600000858306885,2.1600000858306885,1564.0
2024-07-03 09:49:00,CRDL,1.9299999475479126,1.9299999475479126,1.9299999475479126,1.9299999475479126,1.9299999475479126,4584.0
2024-07-03 09:49:00,CRMD,4.159999847412109,4.159999847412109,4.159999847412109,4.159999847412109,4.159999847412109,200.0
2024-07-03 09:49:00,CRNX,45.52000045776367,45.52000045776367,45.52000045776367,45.52000045776367,45.52000045776367,1785.0
2024-07-03 09:49:00,CRON,2.319999933242798,2.319999933242798,2.3201000690460205,2.319999933242798,2.319999933242798,9444.0
2024-07-03 09:49:00,CRSP,53.60499954223633,53.60499954223633,53.66699981689453,53.52000045776367,53.60200119018555,4070.0
2024-07-03 09:49:00,CUE,1.0499999523162842,1.0499999523162842,1.0499999523162842,1.0499999523162842,1.0499999523162842,739.0
2024-07-03 09:49:00,CUTR,1.3604999780654907,1.3604999780654907,1.3650000095367432,1.3600000143051147,1.3650000095367432,1376.0
2024-07-03 09:49:00,CVAC,3.5350000858306885,3.5350000858306885,3.555000066757202,3.5201001167297363,3.5399999618530273,28424.0
2024-07-03 09:49:00,CYTK,54.83000183105469,54.83000183105469,54.97999954223633,54.83000183105469,54.97999954223633,362.0
2024-07-03 09:49:00,DARE,3.399899959564209,3.399899959564209,3.399899959564209,3.399899959564209,3.399899959564209,318.0
2024-07-03 09:49:00,DAWN,13.3149995803833,13.3149995803833,13.319999694824219,13.3149995803833,13.319999694824219,666.0
2024-07-03 09:49:00,DERM,5.400000095367432,5.400000095367432,5.420000076293945,5.349999904632568,5.420000076293945,7377.0
2024-07-03 09:49:00,DH,5.409999847412109,5.409999847412109,5.409999847412109,5.409999847412109,5.409999847412109,225.0
2024-07-03 09:49:00,DTIL,9.289999961853027,9.289999961853027,9.289999961853027,9.289999961853027,9.289999961853027,160.0
2024-07-03 09:49:00,DVAX,11.154999732971191,11.154999732971191,11.15999984741211,11.154999732971191,11.15999984741211,909.0
2024-07-03 09:49:00,DXCM,111.6449966430664,111.6449966430664,111.6449966430664,111.6449966430664,111.6449966430664,1521.0
2024-07-03 09:49:00,DYN,34.564998626708984,34.564998626708984,34.564998626708984,34.4900016784668,34.4900016784668,2844.0
2024-07-03 09:49:00,EDIT,4.644999980926514,4.644999980926514,4.644999980926514,4.635000228881836,4.635000228881836,4536.0
2024-07-03 09:49:00,EGRX,5.320000171661377,5.320000171661377,5.320000171661377,5.320000171661377,5.320000171661377,245.0
2024-07-03 09:49:00,ELDN,2.4100000858306885,2.4100000858306885,2.410099983215332,2.4100000858306885,2.410099983215332,206.0
2024-07-03 09:49:00,EMBC,11.920000076293945,11.920000076293945,11.930000305175781,11.920000076293945,11.930000305175781,310.0
2024-07-03 09:49:00,EQ,0.6899999976158142,0.6899999976158142,0.6901000142097473,0.6899999976158142,0.6901000142097473,3405.0
2024-07-03 09:49:00,ERAS,2.2799999713897705,2.2799999713897705,2.2799999713897705,2.2799999713897705,2.2799999713897705,458.0
2024-07-03 09:49:00,ESPR,2.384999990463257,2.384999990463257,2.390000104904175,2.384999990463257,2.3877999782562256,5000.0
2024-07-03 09:49:00,ESTA,43.099998474121094,43.099998474121094,43.1088981628418,43.099998474121094,43.1088981628418,1694.0
2024-07-03 09:49:00,ETNB,7.730000019073486,7.730000019073486,7.730000019073486,7.730000019073486,7.730000019073486,323.0
2024-07-03 09:49:00,EVO,5.039999961853027,5.039999961853027,5.039999961853027,5.039999961853027,5.039999961853027,400.0
2024-07-03 09:49:00,EWTX,17.825000762939453,17.825000762939453,17.825000762939453,17.790000915527344,17.790000915527344,414.0
2024-07-03 09:49:00,EXAI,5.275000095367432,5.275000095367432,5.275000095367432,5.275000095367432,5.275000095367432,700.0
2024-07-03 09:49:00,EXAS,43.45009994506836,43.45009994506836,43.5,43.43000030517578,43.5,3506.0
2024-07-03 09:49:00,EXEL,22.18000030517578,22.18000030517578,22.18000030517578,22.18000030517578,22.18000030517578,105.0
2024-07-03 09:49:00,EYPT,8.110699653625488,8.110699653625488,8.110699653625488,8.110099792480469,8.110099792480469,300.0
2024-07-03 09:49:00,FATE,3.2100000381469727,3.2100000381469727,3.2100000381469727,3.2049999237060547,3.2100000381469727,2084.0
2024-07-03 09:49:00,FDMT,20.829999923706055,20.829999923706055,20.915000915527344,20.829999923706055,20.90999984741211,480.0
2024-07-03 09:49:00,FGEN,0.7210000157356262,0.7210000157356262,0.7278000116348267,0.7210000157356262,0.7278000116348267,10244.0
2024-07-03 09:49:00,FHTX,5.34499979019165,5.34499979019165,5.34499979019165,5.34499979019165,5.34499979019165,100.0
2024-07-03 09:49:00,FLGC,0.9399999976158142,0.9399999976158142,0.9399999976158142,0.9399999976158142,0.9399999976158142,250.0
2024-07-03 09:49:00,FOLD,9.899999618530273,9.899999618530273,9.899999618530273,9.899999618530273,9.899999618530273,429.0
2024-07-03 09:49:00,FONR,16.014999389648438,16.014999389648438,16.014999389648438,16.014999389648438,16.014999389648438,1081.0
2024-07-03 09:49:00,FULC,6.15500020980835,6.15500020980835,6.15500020980835,6.15500020980835,6.15500020980835,103.0
2024-07-03 09:49:00,GANX,1.1999000310897827,1.1999000310897827,1.1999000310897827,1.1999000310897827,1.1999000310897827,100.0
2024-07-03 09:49:00,GDRX,7.789999961853027,7.789999961853027,7.789999961853027,7.789999961853027,7.789999961853027,0.0
2024-07-03 09:49:00,GERN,4.295000076293945,4.295000076293945,4.300000190734863,4.295000076293945,4.300000190734863,5346.0
2024-07-03 09:49:00,GH,28.549999237060547,28.549999237060547,28.594600677490234,28.469999313354492,28.469999313354492,2061.0
2024-07-03 09:49:00,GILD,67.78089904785156,67.78089904785156,67.83000183105469,67.7699966430664,67.83000183105469,7928.0
2024-07-03 09:49:00,GLPG,25.3799991607666,25.3799991607666,25.389999389648438,25.3799991607666,25.389999389648438,837.0
2024-07-03 09:49:00,GLSI,17.020000457763672,17.020000457763672,17.020000457763672,17.020000457763672,17.020000457763672,301.0
2024-07-03 09:49:00,GLUE,3.651900053024292,3.651900053024292,3.651900053024292,3.651900053024292,3.651900053024292,2999.0
2024-07-03 09:49:00,GLYC,0.2685000002384186,0.2685000002384186,0.2685000002384186,0.26409998536109924,0.26409998536109924,0.0
2024-07-03 09:49:00,GMAB,25.170000076293945,25.170000076293945,25.170000076293945,25.15999984741211,25.15999984741211,2088.0
2024-07-03 09:49:00,GOSS,0.9160000085830688,0.9160000085830688,0.9254999756813049,0.9160000085830688,0.9254999756813049,2327.0
2024-07-03 09:49:00,GOVX,3.1500000953674316,3.1500000953674316,3.1500000953674316,3.140000104904175,3.140000104904175,11555.0
2024-07-03 09:49:00,GRFS,6.599999904632568,6.599999904632568,6.599999904632568,6.599999904632568,6.599999904632568,810.0
2024-07-03 09:49:00,GRTS,0.5699999928474426,0.5699999928474426,0.5701000094413757,0.5699999928474426,0.5701000094413757,1539.0
2024-07-03 09:49:00,GTHX,2.490000009536743,2.490000009536743,2.490000009536743,2.490000009536743,2.490000009536743,2114.0
2024-07-03 09:49:00,HALO,51.77000045776367,51.77000045776367,51.77000045776367,51.67499923706055,51.67499923706055,2424.0
2024-07-03 09:49:00,HCAT,6.050000190734863,6.050000190734863,6.050000190734863,6.050000190734863,6.050000190734863,300.0
2024-07-03 09:49:00,HCM,17.469999313354492,17.469999313354492,17.469999313354492,17.469999313354492,17.469999313354492,258.0
2024-07-03 09:49:00,HCSG,11.130000114440918,11.130000114440918,11.130000114440918,11.130000114440918,11.130000114440918,445.0
2024-07-03 09:49:00,HITI,2.1449999809265137,2.1449999809265137,2.1449999809265137,2.1449999809265137,2.1449999809265137,1354.0
2024-07-03 09:49:00,HOLX,73.30000305175781,73.30000305175781,73.3499984741211,73.30000305175781,73.3499984741211,1957.0
2024-07-03 09:49:00,HOTH,0.8950999975204468,0.8950999975204468,0.8950999975204468,0.8950999975204468,0.8950999975204468,7127.0
2024-07-03 09:49:00,HOWL,2.0685999393463135,2.0685999393463135,2.0685999393463135,2.0685999393463135,2.0685999393463135,616.0
2024-07-03 09:49:00,HQY,84.4000015258789,84.4000015258789,84.4000015258789,84.4000015258789,84.4000015258789,895.0
2024-07-03 09:49:00,HRMY,30.225099563598633,30.225099563598633,30.225099563598633,30.225099563598633,30.225099563598633,204.0
2024-07-03 09:49:00,HROW,21.655000686645508,21.655000686645508,21.729999542236328,21.600000381469727,21.655000686645508,2549.0
2024-07-03 09:49:00,HRTX,2.809999942779541,2.809999942779541,2.819999933242798,2.809999942779541,2.815000057220459,2847.0
2024-07-03 09:49:00,HSIC,65.25,65.25,65.25,65.2300033569336,65.2300033569336,1169.0
2024-07-03 09:49:00,HUGE,0.15289999544620514,0.15289999544620514,0.15289999544620514,0.15289999544620514,0.15289999544620514,4032.0
2024-07-03 09:49:00,HUMA,5.48799991607666,5.48799991607666,5.514999866485596,5.480000019073486,5.480100154876709,16713.0
2024-07-03 09:49:00,IART,28.950000762939453,28.950000762939453,28.950000762939453,28.924999237060547,28.93000030517578,1534.0
2024-07-03 09:49:00,IBRX,6.214799880981445,6.214799880981445,6.214799880981445,6.199999809265137,6.199999809265137,330.0
2024-07-03 09:49:00,IDXX,477.1300048828125,477.1300048828125,478.9849853515625,477.1300048828125,478.9849853515625,330.0
2024-07-03 09:49:00,IDYA,33.505001068115234,33.505001068115234,33.505001068115234,33.505001068115234,33.505001068115234,226.0
2024-07-03 09:49:00,IGMS,6.389999866485596,6.389999866485596,6.420000076293945,6.389999866485596,6.420000076293945,621.0
2024-07-03 09:49:00,ILMN,105.58999633789062,105.58999633789062,105.68000030517578,105.56999969482422,105.68000030517578,7643.0
2024-07-03 09:49:00,IMCR,34.88999938964844,34.88999938964844,35.310001373291016,34.79499816894531,35.11000061035156,19810.0
2024-07-03 09:49:00,IMMX,2.199899911880493,2.199899911880493,2.2100000381469727,2.191999912261963,2.200200080871582,3159.0
2024-07-03 09:49:00,IMNM,11.829999923706055,11.829999923706055,11.850000381469727,11.805000305175781,11.805000305175781,2839.0
2024-07-03 09:49:00,IMRN,2.069999933242798,2.069999933242798,2.069999933242798,2.069999933242798,2.069999933242798,1412.0
2024-07-03 09:49:00,IMUX,1.1200000047683716,1.1200000047683716,1.1200000047683716,1.1200000047683716,1.1200000047683716,0.0
2024-07-03 09:49:00,INAB,0.8036999702453613,0.8036999702453613,0.8036999702453613,0.8036999702453613,0.8036999702453613,1500.0
2024-07-03 09:49:00,INCY,58.54999923706055,58.54999923706055,58.630001068115234,58.54999923706055,58.595001220703125,2290.0
2024-07-03 09:49:00,INMB,8.0600004196167,8.0600004196167,8.0600004196167,8.020000457763672,8.0600004196167,492.0
2024-07-03 09:49:00,INMD,17.760000228881836,17.760000228881836,17.81999969482422,17.760000228881836,17.770000457763672,3978.0
2024-07-03 09:49:00,INSM,64.1050033569336,64.1050033569336,64.29000091552734,63.95500183105469,63.95500183105469,18886.0
2024-07-03 09:49:00,INZY,4.474999904632568,4.474999904632568,4.474999904632568,4.474999904632568,4.474999904632568,562.0
2024-07-03 09:49:00,IONM,0.33000001311302185,0.33000001311302185,0.33000001311302185,0.33000001311302185,0.33000001311302185,6983.0
2024-07-03 09:49:00,IONS,44.94499969482422,44.94499969482422,44.94499969482422,44.94499969482422,44.94499969482422,604.0
2024-07-03 09:49:00,IOVA,7.769999980926514,7.769999980926514,7.784999847412109,7.769999980926514,7.769999980926514,6974.0
2024-07-03 09:49:00,IRTC,96.68000030517578,96.68000030517578,97.0999984741211,96.68000030517578,97.0999984741211,704.0
2024-07-03 09:49:00,IRWD,6.170000076293945,6.170000076293945,6.170000076293945,6.170000076293945,6.170000076293945,531.0
2024-07-03 09:49:00,ISRG,437.30499267578125,437.30499267578125,437.7099914550781,436.875,436.9800109863281,2683.0
2024-07-03 09:49:00,ITCI,68.15499877929688,68.15499877929688,68.15499877929688,68.15499877929688,68.15499877929688,244.0
2024-07-03 09:49:00,ITOS,14.600000381469727,14.600000381469727,14.600000381469727,14.600000381469727,14.600000381469727,591.0
2024-07-03 09:49:00,IXHL,2.916599988937378,2.916599988937378,2.916599988937378,2.916599988937378,2.916599988937378,100.0
2024-07-03 09:49:00,JAZZ,105.12999725341797,105.12999725341797,105.12999725341797,105.12999725341797,105.12999725341797,170.0
2024-07-03 09:49:00,JSPR,23.665000915527344,23.665000915527344,23.989999771118164,23.665000915527344,23.989999771118164,1328.0
2024-07-03 09:49:00,KALA,6.730000019073486,6.730000019073486,6.730000019073486,6.650000095367432,6.650000095367432,1256.0
2024-07-03 09:49:00,KMDA,5.260000228881836,5.260000228881836,5.260000228881836,5.239999771118164,5.239999771118164,858.0
2024-07-03 09:49:00,KNSA,18.600000381469727,18.600000381469727,18.610000610351562,18.56999969482422,18.56999969482422,2708.0
2024-07-03 09:49:00,KPTI,0.8371999859809875,0.8371999859809875,0.8371999859809875,0.8303999900817871,0.8360000252723694,2447.0
2024-07-03 09:49:00,KRMD,2.2899999618530273,2.2899999618530273,2.2899999618530273,2.2899999618530273,2.2899999618530273,105.0
2024-07-03 09:49:00,KROS,42.47999954223633,42.47999954223633,42.47999954223633,42.47999954223633,42.47999954223633,230.0
2024-07-03 09:49:00,KTRA,0.2529999911785126,0.2529999911785126,0.2554999887943268,0.25209999084472656,0.25220000743865967,43058.0
2024-07-03 09:49:00,KURA,20.5,20.5,20.5,20.469999313354492,20.469999313354492,1456.0
2024-07-03 09:49:00,LAB,1.784999966621399,1.784999966621399,1.784999966621399,1.7799999713897705,1.7799999713897705,5219.0
2024-07-03 09:49:00,LEGN,44.88999938964844,44.88999938964844,44.91669845581055,44.88999938964844,44.91669845581055,685.0
2024-07-03 09:49:00,LFMD,6.659999847412109,6.659999847412109,6.659999847412109,6.659999847412109,6.659999847412109,1501.0
2024-07-03 09:49:00,LFST,5.050000190734863,5.050000190734863,5.050000190734863,5.050000190734863,5.050000190734863,1006.0
2024-07-03 09:49:00,LGND,83.82589721679688,83.82589721679688,83.82589721679688,83.82589721679688,83.82589721679688,1363.0
2024-07-03 09:49:00,LGVN,1.6399999856948853,1.6399999856948853,1.6404999494552612,1.6399999856948853,1.6404999494552612,398.0
2024-07-03 09:49:00,LIVN,52.75,52.75,52.75,52.75,52.75,150.0
2024-07-03 09:49:00,LUCY,0.4749999940395355,0.4749999940395355,0.4749999940395355,0.4749999940395355,0.4749999940395355,905.0
2024-07-03 09:49:00,LXRX,1.625,1.625,1.625,1.6150000095367432,1.6198999881744385,9337.0
2024-07-03 09:49:00,LYEL,1.440000057220459,1.440000057220459,1.440000057220459,1.440000057220459,1.440000057220459,559.0
2024-07-03 09:49:00,LYRA,0.2752000093460083,0.2752000093460083,0.2752000093460083,0.2752000093460083,0.2752000093460083,1025.0
2024-07-03 09:49:00,MBIO,0.5300999879837036,0.5300999879837036,0.5351999998092651,0.525600016117096,0.5351999998092651,40915.0
2024-07-03 09:49:00,MBOT,1.059999942779541,1.059999942779541,1.0700000524520874,1.0551999807357788,1.0551999807357788,2948.0
2024-07-03 09:49:00,MDXG,6.750800132751465,6.750800132751465,6.750800132751465,6.75,6.75,867.0
2024-07-03 09:49:00,ME,0.4002000093460083,0.4002000093460083,0.4025999903678894,0.4000999927520752,0.4025999903678894,36419.0
2024-07-03 09:49:00,MEDS,17.985700607299805,17.985700607299805,17.985700607299805,17.600000381469727,17.600000381469727,1562.0
2024-07-03 09:49:00,MGNX,4.210000038146973,4.210000038146973,4.210000038146973,4.199999809265137,4.210000038146973,968.0
2024-07-03 09:49:00,MIRM,34.0099983215332,34.0099983215332,34.029998779296875,34.0,34.02000045776367,3830.0
2024-07-03 09:49:00,MODV,26.829999923706055,26.829999923706055,26.829999923706055,26.829999923706055,26.829999923706055,1657.0
2024-07-03 09:49:00,MOLN,6.579999923706055,6.579999923706055,6.579999923706055,6.579999923706055,6.579999923706055,333.0
2024-07-03 09:49:00,MREO,3.450000047683716,3.450000047683716,3.4600000381469727,3.444999933242798,3.444999933242798,750.0
2024-07-03 09:49:00,MRNA,117.58999633789062,117.58999633789062,117.87999725341797,117.58999633789062,117.69999694824219,9216.0
2024-07-03 09:49:00,MRNS,1.215000033378601,1.215000033378601,1.215000033378601,1.215000033378601,1.215000033378601,201.0
2024-07-03 09:49:00,MRSN,1.8849999904632568,1.8849999904632568,1.8849999904632568,1.8849999904632568,1.8849999904632568,22.0
2024-07-03 09:49:00,MRVI,6.840000152587891,6.840000152587891,6.840000152587891,6.820000171661377,6.820000171661377,302.0
2024-07-03 09:49:00,MXCT,3.700000047683716,3.700000047683716,3.700000047683716,3.700000047683716,3.700000047683716,0.0
2024-07-03 09:49:00,MYGN,25.114999771118164,25.114999771118164,25.114999771118164,25.09000015258789,25.09000015258789,231.0
2024-07-03 09:49:00,NARI,49.244998931884766,49.244998931884766,49.244998931884766,49.244998931884766,49.244998931884766,1946.0
2024-07-03 09:49:00,NBIX,137.9949951171875,137.9949951171875,137.9949951171875,137.9949951171875,137.9949951171875,501.0
2024-07-03 09:49:00,NEO,13.710000038146973,13.710000038146973,13.720000267028809,13.710000038146973,13.720000267028809,432.0
2024-07-03 09:49:00,NEOG,15.079999923706055,15.079999923706055,15.085000038146973,15.0649995803833,15.0649995803833,3324.0
2024-07-03 09:49:00,NKTR,1.2000000476837158,1.2000000476837158,1.2199000120162964,1.2000000476837158,1.2199000120162964,59805.0
2024-07-03 09:49:00,NKTX,5.332499980926514,5.332499980926514,5.332499980926514,5.309999942779541,5.309999942779541,1568.0
2024-07-03 09:49:00,NLSP,0.20659999549388885,0.20659999549388885,0.20659999549388885,0.20659999549388885,0.20659999549388885,464.0
2024-07-03 09:49:00,NMTC,0.8499000072479248,0.8499000072479248,0.8499000072479248,0.8499000072479248,0.8499000072479248,1473.0
2024-07-03 09:49:00,NRIX,19.010000228881836,19.010000228881836,19.010000228881836,18.91830062866211,18.91830062866211,4492.0
2024-07-03 09:49:00,NRSN,1.267699956893921,1.267699956893921,1.267699956893921,1.267699956893921,1.267699956893921,0.0
2024-07-03 09:49:00,NRXP,2.6703999042510986,2.6703999042510986,2.6703999042510986,2.6703999042510986,2.6703999042510986,642.0
2024-07-03 09:49:00,NTLA,22.364999771118164,22.364999771118164,22.36750030517578,22.34000015258789,22.34000015258789,171.0
2024-07-03 09:49:00,NUVL,72.22000122070312,72.22000122070312,72.22000122070312,72.22000122070312,72.22000122070312,403.0
2024-07-03 09:49:00,NVAX,13.100000381469727,13.100000381469727,13.109100341796875,13.050000190734863,13.069999694824219,14533.0
2024-07-03 09:49:00,NVCR,17.0,17.0,17.0,17.0,17.0,913.0
2024-07-03 09:49:00,NXL,1.4900000095367432,1.4900000095367432,1.5,1.4900000095367432,1.5,775.0
2024-07-03 09:49:00,OCGN,1.625,1.625,1.625,1.6150000095367432,1.6150000095367432,15050.0
2024-07-03 09:49:00,OCUL,6.850100040435791,6.850100040435791,6.850100040435791,6.840000152587891,6.840000152587891,3715.0
2024-07-03 09:49:00,OGI,1.545699954032898,1.545699954032898,1.545699954032898,1.5399999618530273,1.5399999618530273,4562.0
2024-07-03 09:49:00,OLMA,10.649999618530273,10.649999618530273,10.649999618530273,10.649999618530273,10.649999618530273,215.0
2024-07-03 09:49:00,OM,3.7300000190734863,3.7300000190734863,3.7300000190734863,3.7300000190734863,3.7300000190734863,644.0
2024-07-03 09:49:00,OMER,3.8949999809265137,3.8949999809265137,3.8949999809265137,3.880000114440918,3.890000104904175,1604.0
2024-07-03 09:50:00,AADI,1.3550000190734863,1.3550000190734863,1.3550000190734863,1.3550000190734863,1.3550000190734863,4600.0
2024-07-03 09:50:00,ABCL,2.779900074005127,2.779900074005127,2.779900074005127,2.7790000438690186,2.7790000438690186,720.0
2024-07-03 09:50:00,ABEO,4.21999979019165,4.21999979019165,4.224999904632568,4.21999979019165,4.224999904632568,2885.0
2024-07-03 09:50:00,ABOS,2.309999942779541,2.309999942779541,2.309999942779541,2.2899999618530273,2.2899999618530273,4118.0
2024-07-03 09:50:00,ABSI,3.2200000286102295,3.2200000286102295,3.257999897003174,3.2200000286102295,3.25,4055.0
2024-07-03 09:50:00,ABUS,3.1649999618530273,3.1649999618530273,3.1700000762939453,3.1649999618530273,3.1700000762939453,1420.0
2024-07-03 09:50:00,ACB,4.71999979019165,4.71999979019165,4.71999979019165,4.670000076293945,4.679999828338623,18203.0
2024-07-03 09:50:00,ACCD,3.561199903488159,3.561199903488159,3.569999933242798,3.550100088119507,3.559999942779541,12059.0
2024-07-03 09:50:00,ACET,1.1050000190734863,1.1050000190734863,1.1050000190734863,1.1050000190734863,1.1050000190734863,251.0
2024-07-03 09:50:00,ACHC,66.1050033569336,66.1050033569336,66.1050033569336,66.1050033569336,66.1050033569336,389.0
2024-07-03 09:50:00,ACLX,53.935001373291016,53.935001373291016,53.935001373291016,53.935001373291016,53.935001373291016,910.0
2024-07-03 09:50:00,ACRS,1.1649999618530273,1.1649999618530273,1.1699999570846558,1.1649999618530273,1.1699999570846558,300.0
2024-07-03 09:50:00,ADAP,1.0499999523162842,1.0499999523162842,1.0499999523162842,1.0499999523162842,1.0499999523162842,100.0
2024-07-03 09:50:00,ADMA,11.300000190734863,11.300000190734863,11.300000190734863,11.295000076293945,11.295000076293945,7951.0
2024-07-03 09:50:00,ADPT,3.3299999237060547,3.3299999237060547,3.3317999839782715,3.319999933242798,3.319999933242798,3143.0
2024-07-03 09:50:00,ADVM,6.980000019073486,6.980000019073486,6.980000019073486,6.980000019073486,6.980000019073486,2564.0
2024-07-03 09:50:00,AEMD,0.42480000853538513,0.42480000853538513,0.42879998683929443,0.42480000853538513,0.42879998683929443,925.0
2024-07-03 09:50:00,AGEN,14.800000190734863,14.800000190734863,14.8100004196167,14.800000190734863,14.8100004196167,954.0
2024-07-03 09:50:00,AGIO,42.18000030517578,42.18000030517578,42.18000030517578,42.18000030517578,42.18000030517578,560.0
2024-07-03 09:50:00,AHCO,9.779999732971191,9.779999732971191,9.779999732971191,9.779999732971191,9.779999732971191,200.0
2024-07-03 09:50:00,AKAN,2.25,2.25,2.25,2.25,2.25,308.0
2024-07-03 09:50:00,AKBA,0.946399986743927,0.946399986743927,0.9509000182151794,0.946399986743927,0.9485999941825867,40546.0
2024-07-03 09:50:00,AKYA,2.1500000953674316,2.1500000953674316,2.1600000858306885,2.1500000953674316,2.1500000953674316,2086.0
2024-07-03 09:50:00,ALEC,4.409999847412109,4.409999847412109,4.409999847412109,4.409999847412109,4.409999847412109,104.0
2024-07-03 09:50:00,ALGS,0.4099000096321106,0.4099000096321106,0.4099000096321106,0.4074999988079071,0.4074999988079071,1450.0
2024-07-03 09:50:00,ALKS,24.270000457763672,24.270000457763672,24.295000076293945,24.270000457763672,24.290000915527344,1803.0
2024-07-03 09:50:00,ALLK,0.8454999923706055,0.8454999923706055,0.8454999923706055,0.8454999923706055,0.8454999923706055,254.0
2024-07-03 09:50:00,ALLO,2.1500000953674316,2.1500000953674316,2.1549999713897705,2.1500000953674316,2.1500000953674316,2033.0
2024-07-03 09:50:00,ALLR,0.20749999582767487,0.20749999582767487,0.20749999582767487,0.20749999582767487,0.20749999582767487,385.0
2024-07-03 09:50:00,ALNY,246.36000061035156,246.36000061035156,246.36000061035156,246.35499572753906,246.35499572753906,2249.0
2024-07-03 09:50:00,ALT,6.760000228881836,6.760000228881836,6.7789998054504395,6.760000228881836,6.775000095367432,1696.0
2024-07-03 09:50:00,ALVR,0.7379999756813049,0.7379999756813049,0.7379999756813049,0.7350000143051147,0.7350000143051147,547.0
2024-07-03 09:50:00,ALZN,0.40959998965263367,0.40959998965263367,0.41990000009536743,0.3984000086784363,0.41990000009536743,7520.0
2024-07-03 09:50:00,AMED,96.68000030517578,96.68000030517578,96.68000030517578,96.68000030517578,96.68000030517578,1233.0
2024-07-03 09:50:00,AMGN,311.2200012207031,311.2200012207031,311.4200134277344,310.9949951171875,310.9949951171875,2750.0
2024-07-03 09:50:00,AMLX,1.7405999898910522,1.7405999898910522,1.75,1.7405999898910522,1.75,13290.0
2024-07-03 09:50:00,AMPH,37.75,37.75,37.75,37.75,37.75,353.0
2024-07-03 09:50:00,AMRN,0.7080000042915344,0.7080000042915344,0.7080000042915344,0.7080000042915344,0.7080000042915344,0.0
2024-07-03 09:50:00,ANNX,4.75,4.75,4.760000228881836,4.730000019073486,4.760000228881836,4436.0
2024-07-03 09:50:00,ANTX,2.450000047683716,2.450000047683716,2.450000047683716,2.420099973678589,2.420099973678589,907.0
2024-07-03 09:50:00,APDN,0.45750001072883606,0.45750001072883606,0.45750001072883606,0.45750001072883606,0.45750001072883606,1799.0
2024-07-03 09:50:00,APLS,36.16999816894531,36.16999816894531,36.310001373291016,36.060001373291016,36.10499954223633,5647.0
2024-07-03 09:50:00,APLT,4.400000095367432,4.400000095367432,4.429999828338623,4.400000095367432,4.400000095367432,8236.0
2024-07-03 09:50:00,APVO,0.30480000376701355,0.30480000376701355,0.30480000376701355,0.3046000003814697,0.3046000003814697,6026.0
2024-07-03 09:50:00,AQST,2.375,2.375,2.375,2.375,2.375,1580.0
2024-07-03 09:50:00,ARAY,1.7699999809265137,1.7699999809265137,1.7702000141143799,1.7699999809265137,1.7700999975204468,5622.0
2024-07-03 09:50:00,ARCT,21.81999969482422,21.81999969482422,21.81999969482422,21.6299991607666,21.6299991607666,2167.0
2024-07-03 09:50:00,ARDX,5.130000114440918,5.130000114440918,5.150000095367432,5.122499942779541,5.135000228881836,62507.0
2024-07-03 09:50:00,ARQT,9.779999732971191,9.779999732971191,9.829999923706055,9.765000343322754,9.788000106811523,6148.0
2024-07-03 09:50:00,ARVN,25.0,25.0,25.0,25.0,25.0,771.0
2024-07-03 09:50:00,ARWR,25.450000762939453,25.450000762939453,25.459999084472656,25.450000762939453,25.450000762939453,1493.0
2024-07-03 09:50:00,ASND,135.88999938964844,135.88999938964844,135.88999938964844,135.88999938964844,135.88999938964844,713.0
2024-07-03 09:50:00,ASRT,1.3049999475479126,1.3049999475479126,1.309999942779541,1.3049999475479126,1.3076000213623047,2724.0
2024-07-03 09:50:00,ATEC,10.005000114440918,10.005000114440918,10.005000114440918,10.005000114440918,10.005000114440918,227.0
2024-07-03 09:50:00,ATRC,22.280000686645508,22.280000686645508,22.299999237060547,22.219999313354492,22.219999313354492,971.0
2024-07-03 09:50:00,ATXS,9.037500381469727,9.037500381469727,9.039999961853027,9.020000457763672,9.039999961853027,665.0
2024-07-03 09:50:00,AUGX,0.9957000017166138,0.9957000017166138,0.9998999834060669,0.9800000190734863,0.9998999834060669,10590.0
2024-07-03 09:50:00,AURA,7.159999847412109,7.159999847412109,7.159999847412109,7.159999847412109,7.159999847412109,256.0
2024-07-03 09:50:00,AVTE,1.5800000429153442,1.5800000429153442,1.5850000381469727,1.5800000429153442,1.5850000381469727,3027.0
2024-07-03 09:50:00,AXGN,7.309999942779541,7.309999942779541,7.489999771118164,7.23199987411499,7.480000019073486,37237.0
2024-07-03 09:50:00,AXSM,79.55000305175781,79.55000305175781,79.56999969482422,79.55000305175781,79.56999969482422,2260.0
2024-07-03 09:50:00,AZN,76.79000091552734,76.79000091552734,76.80999755859375,76.79000091552734,76.80000305175781,14303.0
2024-07-03 09:50:00,AZTA,52.08000183105469,52.08000183105469,52.08000183105469,52.08000183105469,52.08000183105469,329.0
2024-07-03 09:50:00,BBIO,24.9950008392334,24.9950008392334,24.9950008392334,24.9950008392334,24.9950008392334,387.0
2024-07-03 09:50:00,BCAB,1.3250000476837158,1.3250000476837158,1.3250000476837158,1.3200000524520874,1.3200000524520874,4066.0
2024-07-03 09:50:00,BCRX,6.639999866485596,6.639999866485596,6.639999866485596,6.570000171661377,6.574999809265137,12092.0
2024-07-03 09:50:00,BCTX,1.0299999713897705,1.0299999713897705,1.0299999713897705,1.0175000429153442,1.0175000429153442,1091.0
2024-07-03 09:50:00,BDTX,4.195000171661377,4.195000171661377,4.195000171661377,4.195000171661377,4.195000171661377,420.0
2024-07-03 09:50:00,BEAM,23.3799991607666,23.3799991607666,23.3799991607666,23.3799991607666,23.3799991607666,656.0
2024-07-03 09:50:00,BEAT,2.9000000953674316,2.9000000953674316,2.9000000953674316,2.9000000953674316,2.9000000953674316,140.0
2024-07-03 09:50:00,BFRI,0.8974999785423279,0.8974999785423279,0.8974999785423279,0.8974999785423279,0.8974999785423279,231.0
2024-07-03 09:50:00,BIIB,227.35000610351562,227.35000610351562,227.35000610351562,227.35000610351562,227.35000610351562,201.0
2024-07-03 09:50:00,BIMI,1.309999942779541,1.309999942779541,1.309999942779541,1.309999942779541,1.309999942779541,0.0
2024-07-03 09:50:00,BLRX,0.5375000238418579,0.5375000238418579,0.5449000000953674,0.5375000238418579,0.5447999835014343,2102.0
2024-07-03 09:50:00,BLUE,0.9240000247955322,0.9240000247955322,0.9246000051498413,0.9240000247955322,0.9240999817848206,46301.0
2024-07-03 09:50:00,BMEA,4.369999885559082,4.369999885559082,4.369999885559082,4.335000038146973,4.349899768829346,3228.0
2024-07-03 09:50:00,BNGO,0.5888000130653381,0.5888000130653381,0.5888000130653381,0.5799999833106995,0.5855000019073486,13335.0
2024-07-03 09:50:00,BNTX,81.05999755859375,81.05999755859375,81.05999755859375,81.03500366210938,81.03500366210938,639.0
2024-07-03 09:50:00,BPTH,1.8300000429153442,1.8300000429153442,1.8301000595092773,1.8300000429153442,1.8300000429153442,2100.0
2024-07-03 09:50:00,BRKR,61.91999816894531,61.91999816894531,61.91999816894531,61.91999816894531,61.91999816894531,5710.0
2024-07-03 09:50:00,BTAI,1.090000033378601,1.090000033378601,1.0908000469207764,1.090000033378601,1.090000033378601,16052.0
2024-07-03 09:50:00,BVS,6.005000114440918,6.005000114440918,6.005000114440918,5.989999771118164,5.989999771118164,2100.0
2024-07-03 09:50:00,CABA,7.429999828338623,7.429999828338623,7.429999828338623,7.420000076293945,7.420000076293945,1099.0
2024-07-03 09:50:00,CAPR,4.739999771118164,4.739999771118164,4.739999771118164,4.739999771118164,4.739999771118164,225.0
2024-07-03 09:50:00,CASI,5.190000057220459,5.190000057220459,5.190000057220459,5.190000057220459,5.190000057220459,59.0
2024-07-03 09:50:00,CCCC,4.699999809265137,4.699999809265137,4.730000019073486,4.699999809265137,4.730000019073486,3498.0
2024-07-03 09:50:00,CCRN,13.670000076293945,13.670000076293945,13.670000076293945,13.640000343322754,13.640000343322754,1362.0
2024-07-03 09:50:00,CDMO,7.239999771118164,7.239999771118164,7.380000114440918,7.230000019073486,7.360000133514404,3380.0
2024-07-03 09:50:00,CDNA,15.149999618530273,15.149999618530273,15.149999618530273,15.130000114440918,15.130000114440918,634.0
2024-07-03 09:50:00,CDXC,2.5899999141693115,2.5899999141693115,2.601799964904785,2.5899999141693115,2.601799964904785,12169.0
2024-07-03 09:50:00,CDXS,2.940000057220459,2.940000057220459,2.940000057220459,2.930000066757202,2.930000066757202,500.0
2024-07-03 09:50:00,CERE,41.28499984741211,41.28499984741211,41.310001373291016,41.279998779296875,41.279998779296875,8074.0
2024-07-03 09:50:00,CERS,1.7100000381469727,1.7100000381469727,1.7100000381469727,1.7000000476837158,1.7050000429153442,5059.0
2024-07-03 09:50:00,CGC,6.599999904632568,6.599999904632568,6.599999904632568,6.559999942779541,6.571100234985352,29461.0
2024-07-03 09:50:00,CGEM,16.360000610351562,16.360000610351562,16.405000686645508,16.360000610351562,16.405000686645508,526.0
2024-07-03 09:50:00,CGEN,1.7000000476837158,1.7000000476837158,1.7000000476837158,1.690000057220459,1.6950000524520874,2950.0
2024-07-03 09:50:00,CGTX,1.8250000476837158,1.8250000476837158,1.850000023841858,1.8250000476837158,1.8258999586105347,651.0
2024-07-03 09:50:00,CHRS,1.3550000190734863,1.3550000190734863,1.3550000190734863,1.3550000190734863,1.3550000190734863,1212.0
2024-07-03 09:50:00,CKPT,2.190000057220459,2.190000057220459,2.190000057220459,2.180000066757202,2.180000066757202,3263.0
2024-07-03 09:50:00,CLOV,1.2649999856948853,1.2649999856948853,1.2699999809265137,1.25,1.25,41757.0
2024-07-03 09:50:00,CNSP,2.424999952316284,2.424999952316284,2.5399999618530273,2.3499999046325684,2.490000009536743,506788.0
2024-07-03 09:50:00,CNTA,8.75,8.75,8.75,8.75,8.75,686.0
2024-07-03 09:50:00,CNTX,1.8200000524520874,1.8200000524520874,1.8200000524520874,1.7949999570846558,1.7949999570846558,3629.0
2024-07-03 09:50:00,COGT,8.335000038146973,8.335000038146973,8.34000015258789,8.295000076293945,8.295000076293945,1262.0
2024-07-03 09:50:00,COLL,32.154998779296875,32.154998779296875,32.154998779296875,32.154998779296875,32.154998779296875,223.0
2024-07-03 09:50:00,CORT,31.424999237060547,31.424999237060547,31.469999313354492,31.290000915527344,31.290000915527344,4112.0
2024-07-03 09:50:00,CPRX,15.850000381469727,15.850000381469727,15.859999656677246,15.850000381469727,15.850000381469727,1706.0
2024-07-03 09:50:00,CRBP,48.787498474121094,48.787498474121094,48.787498474121094,48.787498474121094,48.787498474121094,213.0
2024-07-03 09:50:00,CRBU,1.5950000286102295,1.5950000286102295,1.5950000286102295,1.5950000286102295,1.5950000286102295,2043.0
2024-07-03 09:50:00,CRDF,2.174999952316284,2.174999952316284,2.180000066757202,2.174999952316284,2.180000066757202,1544.0
2024-07-03 09:50:00,CRMD,4.150000095367432,4.150000095367432,4.159999847412109,4.150000095367432,4.159999847412109,4861.0
2024-07-03 09:50:00,CRNX,45.459999084472656,45.459999084472656,45.630001068115234,45.459999084472656,45.630001068115234,1372.0
2024-07-03 09:50:00,CRON,2.319999933242798,2.319999933242798,2.319999933242798,2.319999933242798,2.319999933242798,3913.0
2024-07-03 09:50:00,CRSP,53.83259963989258,53.83259963989258,53.834999084472656,53.63010025024414,53.63010025024414,6498.0
2024-07-03 09:50:00,CTKB,5.679999828338623,5.679999828338623,5.679999828338623,5.65500020980835,5.65500020980835,1083.0
2024-07-03 09:50:00,CTMX,1.3250000476837158,1.3250000476837158,1.3250000476837158,1.3250000476837158,1.3250000476837158,200.0
2024-07-03 09:50:00,CTSO,0.8299000263214111,0.8299000263214111,0.8299000263214111,0.8299000263214111,0.8299000263214111,600.0
2024-07-03 09:50:00,CUE,1.0299999713897705,1.0299999713897705,1.0399999618530273,1.0299999713897705,1.0399999618530273,724.0
2024-07-03 09:50:00,CUTR,1.3650000095367432,1.3650000095367432,1.3700000047683716,1.3600000143051147,1.3700000047683716,7564.0
2024-07-03 09:50:00,CVAC,3.490000009536743,3.490000009536743,3.5399999618530273,3.4700000286102295,3.5320000648498535,125153.0
2024-07-03 09:50:00,DCGO,2.940000057220459,2.940000057220459,2.940000057220459,2.938800096511841,2.938800096511841,966.0
2024-07-03 09:50:00,DERM,5.309999942779541,5.309999942779541,5.340000152587891,5.309999942779541,5.340000152587891,1003.0
2024-07-03 09:50:00,DNLI,22.15999984741211,22.15999984741211,22.200000762939453,22.09000015258789,22.09000015258789,789.0
2024-07-03 09:50:00,DVAX,11.15999984741211,11.15999984741211,11.15999984741211,11.15999984741211,11.15999984741211,322.0
2024-07-03 09:50:00,DXCM,111.62000274658203,111.62000274658203,111.70999908447266,111.58999633789062,111.68000030517578,11118.0
2024-07-03 09:50:00,DYAI,1.5,1.5,1.5199999809265137,1.5,1.5199999809265137,9756.0
2024-07-03 09:50:00,DYN,34.505001068115234,34.505001068115234,34.564998626708984,34.41999816894531,34.52000045776367,5236.0
2024-07-03 09:50:00,EDIT,4.650000095367432,4.650000095367432,4.650000095367432,4.630000114440918,4.644999980926514,15103.0
2024-07-03 09:50:00,ELEV,2.7200000286102295,2.7200000286102295,2.759999990463257,2.7200000286102295,2.759999990463257,1084.0
2024-07-03 09:50:00,ENSG,126.5,126.5,126.6449966430664,126.5,126.6449966430664,3644.0
2024-07-03 09:50:00,ERAS,2.2750000953674316,2.2750000953674316,2.2750000953674316,2.2750000953674316,2.2750000953674316,319.0
2024-07-03 09:50:00,ESPR,2.4000000953674316,2.4000000953674316,2.4000000953674316,2.386899948120117,2.390000104904175,42013.0
2024-07-03 09:50:00,ETNB,7.789999961853027,7.789999961853027,7.789999961853027,7.739999771118164,7.739999771118164,2017.0
2024-07-03 09:50:00,EVO,5.045000076293945,5.045000076293945,5.045000076293945,5.039999961853027,5.039999961853027,1526.0
2024-07-03 09:50:00,EVOK,0.5353000164031982,0.5353000164031982,0.5353000164031982,0.5180000066757202,0.5351999998092651,530.0
2024-07-03 09:50:00,EWTX,17.920000076293945,17.920000076293945,17.920000076293945,17.8700008392334,17.8700008392334,620.0
2024-07-03 09:50:00,EXAI,5.284999847412109,5.284999847412109,5.284999847412109,5.284999847412109,5.284999847412109,208.0
2024-07-03 09:50:00,EXAS,43.625,43.625,43.65999984741211,43.41999816894531,43.43000030517578,6756.0
2024-07-03 09:50:00,EXEL,22.19499969482422,22.19499969482422,22.19499969482422,22.18000030517578,22.18000030517578,1239.0
2024-07-03 09:50:00,EYPT,8.154999732971191,8.154999732971191,8.180000305175781,8.145000457763672,8.145000457763672,986.0
2024-07-03 09:50:00,FATE,3.2100000381469727,3.2100000381469727,3.2100000381469727,3.2100000381469727,3.2100000381469727,2134.0
2024-07-03 09:50:00,FGEN,0.7210999727249146,0.7210999727249146,0.7325999736785889,0.7210999727249146,0.7210999727249146,4101.0
2024-07-03 09:50:00,FHTX,5.34499979019165,5.34499979019165,5.34499979019165,5.34499979019165,5.34499979019165,28.0
2024-07-03 09:50:00,FOLD,9.920000076293945,9.920000076293945,9.920000076293945,9.90999984741211,9.90999984741211,1196.0
2024-07-03 09:50:00,GDRX,7.800000190734863,7.800000190734863,7.809999942779541,7.800000190734863,7.800000190734863,1060.0
2024-07-03 09:50:00,GERN,4.295000076293945,4.295000076293945,4.304999828338623,4.295000076293945,4.295000076293945,18338.0
2024-07-03 09:50:00,GH,28.594999313354492,28.594999313354492,28.594999313354492,28.594999313354492,28.594999313354492,666.0
2024-07-03 09:50:00,GILD,67.83999633789062,67.83999633789062,67.83999633789062,67.7771987915039,67.80000305175781,2697.0
2024-07-03 09:50:00,GLPG,25.3799991607666,25.3799991607666,25.3799991607666,25.3799991607666,25.3799991607666,602.0
2024-07-03 09:50:00,GLYC,0.2685000002384186,0.2685000002384186,0.2685000002384186,0.26510000228881836,0.26510000228881836,2960.0
2024-07-03 09:50:00,GMAB,25.170000076293945,25.170000076293945,25.170000076293945,25.170000076293945,25.170000076293945,293.0
2024-07-03 09:50:00,GOSS,0.9300000071525574,0.9300000071525574,0.9350000023841858,0.925000011920929,0.925000011920929,15616.0
2024-07-03 09:50:00,GRFS,6.599999904632568,6.599999904632568,6.599999904632568,6.599999904632568,6.599999904632568,222.0
2024-07-03 09:50:00,GTHX,2.5,2.5,2.5,2.5,2.5,130.0
2024-07-03 09:50:00,HALO,51.834999084472656,51.834999084472656,51.834999084472656,51.68000030517578,51.685001373291016,3066.0
2024-07-03 09:50:00,HCSG,11.109999656677246,11.109999656677246,11.119999885559082,11.109999656677246,11.119999885559082,1674.0
2024-07-03 09:50:00,HOLX,73.2300033569336,73.2300033569336,73.30000305175781,73.20999908447266,73.26000213623047,4714.0
2024-07-03 09:50:00,HOWL,2.0209999084472656,2.0209999084472656,2.0209999084472656,2.0201001167297363,2.0201001167297363,370.0
2024-07-03 09:50:00,HQY,84.42500305175781,84.42500305175781,84.52999877929688,84.31999969482422,84.33499908447266,1971.0
2024-07-03 09:50:00,HROW,21.65999984741211,21.65999984741211,21.65999984741211,21.65999984741211,21.65999984741211,141.0
2024-07-03 09:50:00,HRTX,2.815000057220459,2.815000057220459,2.815000057220459,2.81030011177063,2.815000057220459,860.0
2024-07-03 09:50:00,HSTM,27.704999923706055,27.704999923706055,27.704999923706055,27.704999923706055,27.704999923706055,162.0
2024-07-03 09:50:00,HUMA,5.485000133514404,5.485000133514404,5.519700050354004,5.46999979019165,5.489999771118164,38635.0
2024-07-03 09:50:00,IBRX,6.21999979019165,6.21999979019165,6.230000019073486,6.199999809265137,6.210000038146973,5539.0
2024-07-03 09:50:00,ICLR,316.79998779296875,316.79998779296875,316.79998779296875,316.79998779296875,316.79998779296875,645.0
2024-07-03 09:50:00,ICUI,117.69999694824219,117.69999694824219,117.69999694824219,117.6500015258789,117.6500015258789,1674.0
2024-07-03 09:50:00,IDXX,475.8699951171875,475.8699951171875,476.95001220703125,475.8699951171875,476.95001220703125,999.0
2024-07-03 09:50:00,IDYA,33.40999984741211,33.40999984741211,33.5,33.40999984741211,33.45000076293945,743.0
2024-07-03 09:50:00,IKNA,1.6299999952316284,1.6299999952316284,1.6299999952316284,1.6299999952316284,1.6299999952316284,0.0
2024-07-03 09:50:00,ILMN,105.75879669189453,105.75879669189453,105.75879669189453,105.57499694824219,105.57499694824219,3647.0
2024-07-03 09:50:00,IMMP,1.9249999523162842,1.9249999523162842,1.9249999523162842,1.9249999523162842,1.9249999523162842,276.0
2024-07-03 09:50:00,IMTX,11.975000381469727,11.975000381469727,11.975000381469727,11.975000381469727,11.975000381469727,188.0
2024-07-03 09:50:00,IMUX,1.1200000047683716,1.1200000047683716,1.1200000047683716,1.1200000047683716,1.1200000047683716,2204.0
2024-07-03 09:50:00,IMVT,26.719999313354492,26.719999313354492,26.719999313354492,26.719999313354492,26.719999313354492,201.0
2024-07-03 09:50:00,INBX,13.574999809265137,13.574999809265137,13.574999809265137,13.574999809265137,13.574999809265137,139.0
2024-07-03 09:50:00,INCY,58.650001525878906,58.650001525878906,58.68000030517578,58.58000183105469,58.58000183105469,4432.0
2024-07-03 09:50:00,INMD,17.79360008239746,17.79360008239746,17.81999969482422,17.79360008239746,17.809999465942383,2017.0
2024-07-03 09:50:00,INSM,64.08999633789062,64.08999633789062,64.18000030517578,64.0199966430664,64.0999984741211,17284.0
2024-07-03 09:50:00,INVA,16.469999313354492,16.469999313354492,16.469999313354492,16.469999313354492,16.469999313354492,143.0
2024-07-03 09:50:00,IONM,0.33009999990463257,0.33009999990463257,0.33009999990463257,0.33000001311302185,0.33000001311302185,17107.0
2024-07-03 09:50:00,IONS,45.005001068115234,45.005001068115234,45.05500030517578,44.97999954223633,44.97999954223633,3591.0
2024-07-03 09:50:00,IOVA,7.78000020980835,7.78000020980835,7.789999961853027,7.760000228881836,7.775000095367432,16293.0
2024-07-03 09:50:00,ISRG,437.3900146484375,437.3900146484375,437.614990234375,437.30499267578125,437.30499267578125,2127.0
2024-07-03 09:50:00,ITCI,68.23999786376953,68.23999786376953,68.23999786376953,68.16000366210938,68.19999694824219,3042.0
2024-07-03 09:50:00,ITRM,1.1160000562667847,1.1160000562667847,1.1160000562667847,1.1160000562667847,1.1160000562667847,0.0
2024-07-03 09:50:00,IVVD,1.1150000095367432,1.1150000095367432,1.1150000095367432,1.1150000095367432,1.1150000095367432,890.0
2024-07-03 09:50:00,JANX,39.0099983215332,39.0099983215332,39.150001525878906,39.0099983215332,39.029998779296875,1845.0
2024-07-03 09:50:00,JSPR,23.674999237060547,23.674999237060547,23.674999237060547,23.674999237060547,23.674999237060547,503.0
2024-07-03 09:50:00,KALV,11.65999984741211,11.65999984741211,11.65999984741211,11.649999618530273,11.649999618530273,991.0
2024-07-03 09:50:00,KMDA,5.21999979019165,5.21999979019165,5.239999771118164,5.21999979019165,5.239999771118164,217.0
2024-07-03 09:50:00,KNSA,18.56999969482422,18.56999969482422,18.6200008392334,18.56999969482422,18.6200008392334,857.0
2024-07-03 09:50:00,KPTI,0.8371000289916992,0.8371000289916992,0.8371000289916992,0.8371000289916992,0.8371000289916992,1077.0
2024-07-03 09:50:00,KROS,42.439998626708984,42.439998626708984,42.439998626708984,42.439998626708984,42.439998626708984,618.0
2024-07-03 09:50:00,KTRA,0.2540000081062317,0.2540000081062317,0.25780001282691956,0.2540000081062317,0.2554999887943268,17309.0
2024-07-03 09:50:00,KYMR,30.611900329589844,30.611900329589844,30.709999084472656,30.611900329589844,30.709999084472656,782.0
2024-07-03 09:50:00,KZIA,0.2249000072479248,0.2249000072479248,0.2249000072479248,0.2249000072479248,0.2249000072479248,10000.0
2024-07-03 09:50:00,KZR,0.5724999904632568,0.5724999904632568,0.5742999911308289,0.5724999904632568,0.5726000070571899,7265.0
2024-07-03 09:50:00,LAB,1.784999966621399,1.784999966621399,1.784999966621399,1.784999966621399,1.784999966621399,101.0
2024-07-03 09:50:00,LEGN,44.97999954223633,44.97999954223633,44.97999954223633,44.810001373291016,44.810001373291016,1910.0
2024-07-03 09:50:00,LFST,5.070000171661377,5.070000171661377,5.070000171661377,5.070000171661377,5.070000171661377,332.0
2024-07-03 09:50:00,LGVN,1.649999976158142,1.649999976158142,1.649999976158142,1.6407999992370605,1.6407999992370605,800.0
2024-07-03 09:50:00,LIVN,52.73500061035156,52.73500061035156,52.73500061035156,52.73500061035156,52.73500061035156,287.0
2024-07-03 09:50:00,LNTH,78.5999984741211,78.5999984741211,78.70999908447266,78.27999877929688,78.33999633789062,4953.0
2024-07-03 09:50:00,LOGC,5.699999809265137,5.699999809265137,5.699999809265137,5.699999809265137,5.699999809265137,304.0
2024-07-03 09:50:00,LQDA,11.914999961853027,11.914999961853027,11.917400360107422,11.914999961853027,11.917400360107422,1344.0
2024-07-03 09:50:00,LRMR,7.71999979019165,7.71999979019165,7.71999979019165,7.710000038146973,7.710000038146973,1208.0
2024-07-03 09:50:00,LUCD,0.7699000239372253,0.7699000239372253,0.7699000239372253,0.7699000239372253,0.7699000239372253,100.0
2024-07-03 09:50:00,LUCY,0.4894999861717224,0.4894999861717224,0.4896000027656555,0.4894999861717224,0.4896000027656555,2577.0
2024-07-03 09:50:00,LUNG,6.28000020980835,6.28000020980835,6.28000020980835,6.28000020980835,6.28000020980835,210.0
2024-07-03 09:50:00,LYEL,1.4299999475479126,1.4299999475479126,1.4299999475479126,1.4299999475479126,1.4299999475479126,553.0
2024-07-03 09:50:00,LYRA,0.2775999903678894,0.2775999903678894,0.2775999903678894,0.2775999903678894,0.2775999903678894,2002.0
2024-07-03 09:50:00,MASI,112.97000122070312,112.97000122070312,112.9749984741211,112.83000183105469,112.9749984741211,923.0
2024-07-03 09:50:00,MASS,4.739999771118164,4.739999771118164,4.739999771118164,4.739999771118164,4.739999771118164,1530.0
2024-07-03 09:50:00,MBIO,0.5375000238418579,0.5375000238418579,0.5375999808311462,0.5303999781608582,0.5303999781608582,30208.0
2024-07-03 09:50:00,MBOT,1.065000057220459,1.065000057220459,1.0700000524520874,1.059999942779541,1.059999942779541,10068.0
2024-07-03 09:50:00,MCRB,0.699999988079071,0.699999988079071,0.699999988079071,0.699999988079071,0.699999988079071,1564.0
2024-07-03 09:50:00,MDXG,6.75,6.75,6.75,6.744999885559082,6.744999885559082,600.0
2024-07-03 09:50:00,ME,0.4004000127315521,0.4004000127315521,0.4049000144004822,0.4004000127315521,0.4049000144004822,24565.0
2024-07-03 09:50:00,MEDP,399.07000732421875,399.07000732421875,399.07000732421875,399.07000732421875,399.07000732421875,1686.0
2024-07-03 09:50:00,MGNX,4.210000038146973,4.210000038146973,4.210000038146973,4.190000057220459,4.190899848937988,1810.0
2024-07-03 09:50:00,MGTX,3.944999933242798,3.944999933242798,3.950000047683716,3.930000066757202,3.930000066757202,3649.0
2024-07-03 09:50:00,MHUA,0.9300000071525574,0.9300000071525574,0.9300000071525574,0.9300000071525574,0.9300000071525574,593.0
2024-07-03 09:50:00,MIRM,34.06999969482422,34.06999969482422,34.06999969482422,34.06999969482422,34.06999969482422,457.0
2024-07-03 09:50:00,MNKD,5.070000171661377,5.070000171661377,5.070000171661377,5.050000190734863,5.050000190734863,3207.0
2024-07-03 09:50:00,MNMD,7.050000190734863,7.050000190734863,7.059899806976318,7.047500133514404,7.059899806976318,2491.0
2024-07-03 09:50:00,MORF,31.56999969482422,31.56999969482422,31.56999969482422,31.56999969482422,31.56999969482422,206.0
2024-07-03 09:50:00,MREO,3.4600000381469727,3.4600000381469727,3.4600000381469727,3.4600000381469727,3.4600000381469727,1577.0
2024-07-03 09:50:00,MRNA,118.07499694824219,118.07499694824219,118.07499694824219,117.66000366210938,117.7300033569336,5109.0
2024-07-03 09:50:00,MRSN,1.8849999904632568,1.8849999904632568,1.8849999904632568,1.8849999904632568,1.8849999904632568,2359.0
2024-07-03 09:50:00,MRVI,6.840000152587891,6.840000152587891,6.840000152587891,6.784999847412109,6.829999923706055,8902.0
2024-07-03 09:50:00,MXCT,3.7149999141693115,3.7149999141693115,3.7149999141693115,3.700000047683716,3.700000047683716,4410.0
2024-07-03 09:50:00,MYGN,25.15999984741211,25.15999984741211,25.15999984741211,25.15999984741211,25.15999984741211,1047.0
2024-07-03 09:50:00,NARI,49.27000045776367,49.27000045776367,49.27000045776367,49.27000045776367,49.27000045776367,197.0
2024-07-03 09:50:00,NBIX,138.6300048828125,138.6300048828125,138.6300048828125,138.0749969482422,138.0749969482422,4177.0
2024-07-03 09:50:00,NDRA,0.08579999953508377,0.08579999953508377,0.0860000029206276,0.08579999953508377,0.08590000122785568,19959.0
2024-07-03 09:50:00,NEO,13.71500015258789,13.71500015258789,13.71500015258789,13.71500015258789,13.71500015258789,1262.0
2024-07-03 09:50:00,NEOG,15.109999656677246,15.109999656677246,15.109999656677246,15.079999923706055,15.100000381469727,1608.0
2024-07-03 09:50:00,NERV,3.369999885559082,3.369999885559082,3.369999885559082,3.369999885559082,3.369999885559082,152.0
2024-07-03 09:50:00,NKTR,1.215000033378601,1.215000033378601,1.215000033378601,1.2000000476837158,1.2000000476837158,2940.0
2024-07-03 09:50:00,NLSP,0.20499999821186066,0.20499999821186066,0.20499999821186066,0.20499999821186066,0.20499999821186066,619.0
2024-07-03 09:50:00,NNOX,6.9695000648498535,6.9695000648498535,6.96999979019165,6.9695000648498535,6.96999979019165,2415.0
2024-07-03 09:50:00,NRIX,18.985000610351562,18.985000610351562,19.01609992980957,18.979999542236328,19.01609992980957,1144.0
2024-07-03 09:50:00,NRSN,1.2799999713897705,1.2799999713897705,1.2799999713897705,1.2699999809265137,1.2699999809265137,624.0
2024-07-03 09:50:00,NRXP,2.6500000953674316,2.6500000953674316,2.6500000953674316,2.6500000953674316,2.6500000953674316,1048.0
2024-07-03 09:50:00,NTLA,22.43000030517578,22.43000030517578,22.459999084472656,22.36199951171875,22.36199951171875,1747.0
2024-07-03 09:50:00,NTRA,112.98999786376953,112.98999786376953,113.0,112.98999786376953,113.0,2100.0
2024-07-03 09:50:00,NVAX,13.109999656677246,13.109999656677246,13.117600440979004,13.069999694824219,13.100000381469727,6763.0
2024-07-03 09:50:00,NVCR,17.0,17.0,17.0,17.0,17.0,283.0
2024-07-03 09:50:00,NVCT,6.5,6.5,6.5,6.5,6.5,506.0
2024-07-03 09:50:00,NXL,1.4800000190734863,1.4800000190734863,1.4807000160217285,1.4800000190734863,1.4807000160217285,3854.0
2024-07-03 09:50:00,OCGN,1.6399999856948853,1.6399999856948853,1.6399999856948853,1.6276999711990356,1.6276999711990356,10025.0
2024-07-03 09:50:00,OCUL,6.864999771118164,6.864999771118164,6.864999771118164,6.864999771118164,6.864999771118164,590.0
2024-07-03 09:50:00,OGI,1.5499000549316406,1.5499000549316406,1.5499000549316406,1.5499000549316406,1.5499000549316406,0.0
2024-07-03 09:50:00,OLK,25.80500030517578,25.80500030517578,25.80500030517578,25.80500030517578,25.80500030517578,100.0
2024-07-03 09:50:00,OLMA,10.649999618530273,10.649999618530273,10.649999618530273,10.649999618530273,10.649999618530273,1436.0
2024-07-03 09:50:00,OMGA,2.055000066757202,2.055000066757202,2.059999942779541,2.055000066757202,2.059999942779541,441.0
2024-07-03 09:51:00,AADI,1.350100040435791,1.350100040435791,1.3600000143051147,1.350100040435791,1.350100040435791,21029.0
2024-07-03 09:51:00,ABEO,4.215000152587891,4.215000152587891,4.215000152587891,4.210000038146973,4.210000038146973,248.0
2024-07-03 09:51:00,ABSI,3.240000009536743,3.240000009536743,3.25,3.2300000190734863,3.2300000190734863,2638.0
2024-07-03 09:51:00,ABUS,3.1649999618530273,3.1649999618530273,3.1700000762939453,3.161400079727173,3.161400079727173,4529.0
2024-07-03 09:51:00,ACAD,15.824999809265137,15.824999809265137,15.829500198364258,15.8100004196167,15.8100004196167,545.0
2024-07-03 09:51:00,ACB,4.75,4.75,4.769999980926514,4.730599880218506,4.730599880218506,29881.0
2024-07-03 09:51:00,ACCD,3.509999990463257,3.509999990463257,3.5601000785827637,3.509999990463257,3.5601000785827637,25068.0
2024-07-03 09:51:00,ACET,1.100000023841858,1.100000023841858,1.100000023841858,1.100000023841858,1.100000023841858,1054.0
2024-07-03 09:51:00,ACHC,66.04000091552734,66.04000091552734,66.08000183105469,65.875,66.08000183105469,1900.0
2024-07-03 09:51:00,ACHV,4.585000038146973,4.585000038146973,4.630000114440918,4.579999923706055,4.579999923706055,3105.0
2024-07-03 09:51:00,ACRS,1.1698999404907227,1.1698999404907227,1.1699999570846558,1.1698999404907227,1.1699999570846558,849.0
2024-07-03 09:51:00,ADAP,1.0499999523162842,1.0499999523162842,1.0499999523162842,1.0499999523162842,1.0499999523162842,10301.0
2024-07-03 09:51:00,ADMA,11.31149959564209,11.31149959564209,11.324999809265137,11.31149959564209,11.324999809265137,3862.0
2024-07-03 09:51:00,ADPT,3.3299999237060547,3.3299999237060547,3.3299999237060547,3.3299999237060547,3.3299999237060547,820.0
2024-07-03 09:51:00,ADVM,6.989999771118164,6.989999771118164,6.989999771118164,6.989999771118164,6.989999771118164,1730.0
2024-07-03 09:51:00,AEMD,0.4287000000476837,0.4287000000476837,0.4287000000476837,0.42480000853538513,0.42480000853538513,1438.0
2024-07-03 09:51:00,AGEN,14.720000267028809,14.720000267028809,14.760000228881836,14.720000267028809,14.720000267028809,675.0
2024-07-03 09:51:00,AGIO,42.15999984741211,42.15999984741211,42.15999984741211,42.15999984741211,42.15999984741211,913.0
2024-07-03 09:51:00,AHCO,9.779999732971191,9.779999732971191,9.779999732971191,9.779999732971191,9.779999732971191,4.0
2024-07-03 09:51:00,AKBA,0.9506999850273132,0.9506999850273132,0.9506999850273132,0.9506999850273132,0.9506999850273132,929.0
2024-07-03 09:51:00,AKYA,2.1500000953674316,2.1500000953674316,2.1500000953674316,2.1500000953674316,2.1500000953674316,518.0
2024-07-03 09:51:00,ALEC,4.389999866485596,4.389999866485596,4.389999866485596,4.389999866485596,4.389999866485596,228.0
2024-07-03 09:51:00,ALGN,238.5,238.5,238.5,238.5,238.5,586.0
2024-07-03 09:51:00,ALGS,0.4140999913215637,0.4140999913215637,0.4140999913215637,0.40869998931884766,0.40869998931884766,11105.0
2024-07-03 09:51:00,ALHC,8.010000228881836,8.010000228881836,8.042699813842773,8.010000228881836,8.039999961853027,2869.0
2024-07-03 09:51:00,ALKS,24.229999542236328,24.229999542236328,24.250099182128906,24.229999542236328,24.250099182128906,2045.0
2024-07-03 09:51:00,ALLK,0.8499000072479248,0.8499000072479248,0.8499000072479248,0.8499000072479248,0.8499000072479248,359.0
2024-07-03 09:51:00,ALLO,2.140000104904175,2.140000104904175,2.1503000259399414,2.140000104904175,2.1500000953674316,14713.0
2024-07-03 09:51:00,ALLR,0.20499999821186066,0.20499999821186066,0.2076999992132187,0.20499999821186066,0.20739999413490295,3011.0
2024-07-03 09:51:00,ALNY,246.4199981689453,246.4199981689453,246.4199981689453,246.4199981689453,246.4199981689453,600.0
2024-07-03 09:51:00,ALT,6.71999979019165,6.71999979019165,6.760000228881836,6.71999979019165,6.760000228881836,1618.0
2024-07-03 09:51:00,ALVO,12.350000381469727,12.350000381469727,12.350000381469727,12.350000381469727,12.350000381469727,320.0
2024-07-03 09:51:00,ALXO,5.764999866485596,5.764999866485596,5.764999866485596,5.764999866485596,5.764999866485596,209.0
2024-07-03 09:51:00,ALZN,0.4147999882698059,0.4147999882698059,0.4147999882698059,0.4147999882698059,0.4147999882698059,0.0
2024-07-03 09:51:00,AMED,96.61000061035156,96.61000061035156,96.69999694824219,96.61000061035156,96.68000030517578,2226.0
2024-07-03 09:51:00,AMGN,311.25,311.25,311.5400085449219,311.25,311.5400085449219,657.0
2024-07-03 09:51:00,AMLX,1.75,1.75,1.75,1.75,1.75,101.0
2024-07-03 09:51:00,AMPH,37.65119934082031,37.65119934082031,37.65119934082031,37.65119934082031,37.65119934082031,237.0
2024-07-03 09:51:00,ANIX,2.2701001167297363,2.2701001167297363,2.2701001167297363,2.2701001167297363,2.2701001167297363,7486.0
2024-07-03 09:51:00,ANNX,4.760000228881836,4.760000228881836,4.760000228881836,4.739999771118164,4.739999771118164,1880.0
2024-07-03 09:51:00,ANTX,2.4700000286102295,2.4700000286102295,2.490000009536743,2.4600000381469727,2.4700000286102295,9657.0
2024-07-03 09:51:00,APDN,0.46000000834465027,0.46000000834465027,0.46000000834465027,0.45500001311302185,0.45500001311302185,12881.0
2024-07-03 09:51:00,APLS,36.0,36.0,36.0,36.0,36.0,412.0
2024-07-03 09:51:00,APLT,4.389999866485596,4.389999866485596,4.389999866485596,4.389999866485596,4.389999866485596,1041.0
2024-07-03 09:51:00,AQST,2.375,2.375,2.375,2.375,2.375,552.0
2024-07-03 09:51:00,ARAY,1.7699999809265137,1.7699999809265137,1.7699999809265137,1.7699999809265137,1.7699999809265137,435.0
2024-07-03 09:51:00,ARCT,21.655000686645508,21.655000686645508,21.740100860595703,21.56999969482422,21.740100860595703,2397.0
2024-07-03 09:51:00,ARDX,5.199999809265137,5.199999809265137,5.210000038146973,5.130000114440918,5.135000228881836,110411.0
2024-07-03 09:51:00,ARQT,9.609999656677246,9.609999656677246,9.770000457763672,9.609999656677246,9.770000457763672,14175.0
2024-07-03 09:51:00,ARWR,25.415000915527344,25.415000915527344,25.420000076293945,25.415000915527344,25.420000076293945,564.0
2024-07-03 09:51:00,ASRT,1.315000057220459,1.315000057220459,1.3179999589920044,1.2999999523162842,1.2999999523162842,18847.0
2024-07-03 09:51:00,ATOS,1.1449999809265137,1.1449999809265137,1.1449999809265137,1.1449999809265137,1.1449999809265137,417.0
2024-07-03 09:51:00,ATRC,22.235000610351562,22.235000610351562,22.309999465942383,22.235000610351562,22.235000610351562,382.0
2024-07-03 09:51:00,AUGX,0.9800000190734863,0.9800000190734863,0.9800000190734863,0.9800000190734863,0.9800000190734863,9305.0
2024-07-03 09:51:00,AUPH,5.46999979019165,5.46999979019165,5.46999979019165,5.46999979019165,5.46999979019165,1479.0
2024-07-03 09:51:00,AUTL,3.434999942779541,3.434999942779541,3.440000057220459,3.430000066757202,3.430000066757202,4016.0
2024-07-03 09:51:00,AVAH,2.5899999141693115,2.5899999141693115,2.5899999141693115,2.5899999141693115,2.5899999141693115,763.0
2024-07-03 09:51:00,AVDL,14.039999961853027,14.039999961853027,14.039999961853027,14.039999961853027,14.039999961853027,139.0
2024-07-03 09:51:00,AVIR,3.2300000190734863,3.2300000190734863,3.2300000190734863,3.2300000190734863,3.2300000190734863,1322.0
2024-07-03 09:51:00,AVTE,1.5850000381469727,1.5850000381469727,1.5850000381469727,1.5850000381469727,1.5850000381469727,200.0
2024-07-03 09:51:00,AVXL,4.195000171661377,4.195000171661377,4.195000171661377,4.195000171661377,4.195000171661377,1321.0
2024-07-03 09:51:00,AXGN,7.440000057220459,7.440000057220459,7.440000057220459,7.360000133514404,7.360000133514404,4421.0
2024-07-03 09:51:00,AZN,76.81999969482422,76.81999969482422,76.83999633789062,76.78500366210938,76.79000091552734,9405.0
2024-07-03 09:51:00,BCAB,1.3250000476837158,1.3250000476837158,1.3250000476837158,1.3250000476837158,1.3250000476837158,0.0
2024-07-03 09:51:00,BCRX,6.610000133514404,6.610000133514404,6.635000228881836,6.610000133514404,6.619999885559082,17170.0
2024-07-03 09:51:00,BCTX,1.0299999713897705,1.0299999713897705,1.0399999618530273,1.0149999856948853,1.0390000343322754,2474.0
2024-07-03 09:51:00,BCYC,19.719999313354492,19.719999313354492,19.7450008392334,19.579999923706055,19.674999237060547,5962.0
2024-07-03 09:51:00,BDTX,4.190000057220459,4.190000057220459,4.190000057220459,4.190000057220459,4.190000057220459,1664.0
2024-07-03 09:51:00,BEAM,23.26569938659668,23.26569938659668,23.389999389648438,23.26569938659668,23.389999389648438,6169.0
2024-07-03 09:51:00,BEAT,2.8299999237060547,2.8299999237060547,2.8299999237060547,2.8299999237060547,2.8299999237060547,880.0
2024-07-03 09:51:00,BGXX,0.27160000801086426,0.27160000801086426,0.27160000801086426,0.27160000801086426,0.27160000801086426,1140.0
2024-07-03 09:51:00,BIAF,2.2100000381469727,2.2100000381469727,2.2100000381469727,2.200000047683716,2.2100000381469727,3023.0
2024-07-03 09:51:00,BIIB,227.1699981689453,227.1699981689453,227.3800048828125,227.1699981689453,227.36000061035156,1951.0
2024-07-03 09:51:00,BJDX,0.6299999952316284,0.6299999952316284,0.6299999952316284,0.6273000240325928,0.6273000240325928,6952.0
2024-07-03 09:51:00,BLFS,20.264999389648438,20.264999389648438,20.264999389648438,20.264999389648438,20.264999389648438,1089.0
2024-07-03 09:51:00,BLUE,0.9236000180244446,0.9236000180244446,0.925000011920929,0.9200000166893005,0.9246000051498413,37992.0
2024-07-03 09:51:00,BMRA,0.45489999651908875,0.45489999651908875,0.45489999651908875,0.45489999651908875,0.45489999651908875,200.0
2024-07-03 09:51:00,BMRN,82.16999816894531,82.16999816894531,82.16999816894531,82.08809661865234,82.08809661865234,733.0
2024-07-03 09:51:00,BNGO,0.5802000164985657,0.5802000164985657,0.5889000296592712,0.5799999833106995,0.5889000296592712,7690.0
2024-07-03 09:51:00,BNTX,81.13999938964844,81.13999938964844,81.13999938964844,81.04000091552734,81.04000091552734,811.0
2024-07-03 09:51:00,BRKR,61.91999816894531,61.91999816894531,61.91999816894531,61.91999816894531,61.91999816894531,327.0
2024-07-03 09:51:00,BTAI,1.085800051689148,1.085800051689148,1.085800051689148,1.085800051689148,1.085800051689148,548.0
2024-07-03 09:51:00,BTCY,0.7480000257492065,0.7480000257492065,0.7480000257492065,0.7480000257492065,0.7480000257492065,522.0
2024-07-03 09:51:00,CABA,7.465000152587891,7.465000152587891,7.465000152587891,7.465000152587891,7.465000152587891,632.0
2024-07-03 09:51:00,CADL,6.327499866485596,6.327499866485596,6.327499866485596,6.327499866485596,6.327499866485596,138.0
2024-07-03 09:51:00,CAPR,4.730000019073486,4.730000019073486,4.745299816131592,4.730000019073486,4.745299816131592,1773.0
2024-07-03 09:51:00,CCCC,4.710000038146973,4.710000038146973,4.710000038146973,4.699999809265137,4.710000038146973,1169.0
2024-07-03 09:51:00,CDMO,7.300000190734863,7.300000190734863,7.369999885559082,7.170000076293945,7.260000228881836,14279.0
2024-07-03 09:51:00,CDXC,2.559999942779541,2.559999942779541,2.559999942779541,2.559999942779541,2.559999942779541,3215.0
2024-07-03 09:51:00,CELC,16.217500686645508,16.217500686645508,16.260000228881836,16.217500686645508,16.260000228881836,419.0
2024-07-03 09:51:00,CERE,41.31999969482422,41.31999969482422,41.31999969482422,41.28499984741211,41.28499984741211,2619.0
2024-07-03 09:51:00,CERS,1.715000033378601,1.715000033378601,1.7200000286102295,1.7100000381469727,1.7100000381469727,3949.0
2024-07-03 09:51:00,CERT,13.739999771118164,13.739999771118164,13.739999771118164,13.739999771118164,13.739999771118164,581.0
2024-07-03 09:51:00,CGC,6.610000133514404,6.610000133514404,6.630000114440918,6.59499979019165,6.599800109863281,66283.0
2024-07-03 09:51:00,CGEM,16.309999465942383,16.309999465942383,16.309999465942383,16.309999465942383,16.309999465942383,320.0
2024-07-03 09:51:00,CHRS,1.3550000190734863,1.3550000190734863,1.3550000190734863,1.3550000190734863,1.3550000190734863,1260.0
2024-07-03 09:51:00,CING,0.3009999990463257,0.3009999990463257,0.3009999990463257,0.3009999990463257,0.3009999990463257,2189.0
2024-07-03 09:51:00,CKPT,2.190000057220459,2.190000057220459,2.190000057220459,2.190000057220459,2.190000057220459,664.0
2024-07-03 09:51:00,CLNN,0.33500000834465027,0.33500000834465027,0.33500000834465027,0.33500000834465027,0.33500000834465027,270.0
2024-07-03 09:51:00,CLOV,1.2591999769210815,1.2591999769210815,1.2688000202178955,1.2591999769210815,1.2599999904632568,38451.0
2024-07-03 09:51:00,CLRB,2.4100000858306885,2.4100000858306885,2.4100000858306885,2.3801000118255615,2.3801000118255615,1802.0
2024-07-03 09:51:00,CMAX,2.1549999713897705,2.1549999713897705,2.1549999713897705,2.1549999713897705,2.1549999713897705,200.0
2024-07-03 09:51:00,CMPS,6.090000152587891,6.090000152587891,6.090000152587891,6.090000152587891,6.090000152587891,3662.0
2024-07-03 09:51:00,CNSP,2.3949999809265137,2.3949999809265137,2.5,2.3901000022888184,2.4398999214172363,242703.0
2024-07-03 09:51:00,COGT,8.350000381469727,8.350000381469727,8.350000381469727,8.329999923706055,8.329999923706055,2060.0
2024-07-03 09:51:00,CORT,31.479999542236328,31.479999542236328,31.479999542236328,31.420000076293945,31.420000076293945,926.0
2024-07-03 09:51:00,COSM,1.0149999856948853,1.0149999856948853,1.0199999809265137,1.0149999856948853,1.0198999643325806,1104.0
2024-07-03 09:51:00,CPRX,15.875,15.875,15.875,15.875,15.875,1858.0
2024-07-03 09:51:00,CRBP,48.79499816894531,48.79499816894531,48.79499816894531,48.79499816894531,48.79499816894531,143.0
2024-07-03 09:51:00,CRBU,1.5999000072479248,1.5999000072479248,1.600000023841858,1.590000033378601,1.590000033378601,7404.0
2024-07-03 09:51:00,CRDF,2.1549999713897705,2.1549999713897705,2.1789000034332275,2.1549999713897705,2.1789000034332275,3674.0
2024-07-03 09:51:00,CRNX,45.06999969482422,45.06999969482422,45.505001068115234,45.06999969482422,45.505001068115234,10647.0
2024-07-03 09:51:00,CRON,2.325000047683716,2.325000047683716,2.325000047683716,2.325000047683716,2.325000047683716,207.0
2024-07-03 09:51:00,CRSP,53.7599983215332,53.7599983215332,53.845001220703125,53.7400016784668,53.845001220703125,3212.0
2024-07-03 09:51:00,CSTL,21.270000457763672,21.270000457763672,21.270000457763672,21.270000457763672,21.270000457763672,310.0
2024-07-03 09:51:00,CTXR,0.5268999934196472,0.5268999934196472,0.5268999934196472,0.5199000239372253,0.5199000239372253,9060.0
2024-07-03 09:51:00,CUE,1.0299999713897705,1.0299999713897705,1.0299999713897705,1.0299999713897705,1.0299999713897705,1302.0
2024-07-03 09:51:00,CUTR,1.3600000143051147,1.3600000143051147,1.3650000095367432,1.3600000143051147,1.3604999780654907,858.0
2024-07-03 09:51:00,CVAC,3.450000047683716,3.450000047683716,3.490000009536743,3.440000057220459,3.4800000190734863,112750.0
2024-07-03 09:51:00,CYTK,54.97999954223633,54.97999954223633,54.97999954223633,54.97999954223633,54.97999954223633,418.0
2024-07-03 09:51:00,DARE,3.3499999046325684,3.3499999046325684,3.3499999046325684,3.3499999046325684,3.3499999046325684,1334.0
2024-07-03 09:51:00,DAWN,13.319999694824219,13.319999694824219,13.329999923706055,13.319999694824219,13.329999923706055,552.0
2024-07-03 09:51:00,DCGO,2.934999942779541,2.934999942779541,2.934999942779541,2.934999942779541,2.934999942779541,1140.0
2024-07-03 09:51:00,DCTH,7.929999828338623,7.929999828338623,7.929999828338623,7.929999828338623,7.929999828338623,2526.0
2024-07-03 09:51:00,DMAC,2.8598999977111816,2.8598999977111816,2.8598999977111816,2.8598999977111816,2.8598999977111816,131.0
2024-07-03 09:51:00,DNLI,22.200000762939453,22.200000762939453,22.200000762939453,22.18000030517578,22.18000030517578,530.0
2024-07-03 09:51:00,DSGN,3.2300000190734863,3.2300000190734863,3.2300000190734863,3.2300000190734863,3.2300000190734863,808.0
2024-07-03 09:51:00,DXCM,111.30999755859375,111.30999755859375,111.5,111.30999755859375,111.5,2421.0
2024-07-03 09:51:00,DYN,34.494998931884766,34.494998931884766,34.56999969482422,34.41999816894531,34.5099983215332,4548.0
2024-07-03 09:51:00,EDIT,4.644999980926514,4.644999980926514,4.657400131225586,4.644999980926514,4.657400131225586,4248.0
2024-07-03 09:51:00,ENSG,126.3949966430664,126.3949966430664,126.77469635009766,126.3949966430664,126.77469635009766,3375.0
2024-07-03 09:51:00,ERAS,2.240000009536743,2.240000009536743,2.2799999713897705,2.240000009536743,2.2799999713897705,29792.0
2024-07-03 09:51:00,ESPR,2.4000000953674316,2.4000000953674316,2.4049999713897705,2.397700071334839,2.4000000953674316,124538.0
2024-07-03 09:51:00,ETNB,7.78000020980835,7.78000020980835,7.78000020980835,7.78000020980835,7.78000020980835,900.0
2024-07-03 09:51:00,EWTX,17.94499969482422,17.94499969482422,17.94499969482422,17.93000030517578,17.93000030517578,431.0
2024-07-03 09:51:00,EXAI,5.28000020980835,5.28000020980835,5.300000190734863,5.269999980926514,5.300000190734863,2012.0
2024-07-03 09:51:00,EXAS,43.630001068115234,43.630001068115234,43.630001068115234,43.59199905395508,43.630001068115234,1385.0
2024-07-03 09:51:00,EXEL,22.19499969482422,22.19499969482422,22.19499969482422,22.19499969482422,22.19499969482422,562.0
2024-07-03 09:51:00,EYPT,8.140000343322754,8.140000343322754,8.199999809265137,8.140000343322754,8.180000305175781,400.0
2024-07-03 09:51:00,FATE,3.2100000381469727,3.2100000381469727,3.2100000381469727,3.2100000381469727,3.2100000381469727,1400.0
2024-07-03 09:51:00,FDMT,20.899999618530273,20.899999618530273,20.920000076293945,20.899999618530273,20.920000076293945,823.0
2024-07-03 09:51:00,FEMY,1.1299999952316284,1.1299999952316284,1.1299999952316284,1.1299999952316284,1.1299999952316284,200.0
2024-07-03 09:51:00,FGEN,0.7293000221252441,0.7293000221252441,0.7293000221252441,0.7210999727249146,0.7210999727249146,2405.0
2024-07-03 09:51:00,FOLD,9.90999984741211,9.90999984741211,9.90999984741211,9.90999984741211,9.90999984741211,450.0
2024-07-03 09:51:00,FULC,6.15500020980835,6.15500020980835,6.15500020980835,6.15500020980835,6.15500020980835,274.0
2024-07-03 09:51:00,GALT,2.2300000190734863,2.2300000190734863,2.2300000190734863,2.2300000190734863,2.2300000190734863,977.0
2024-07-03 09:51:00,GERN,4.275000095367432,4.275000095367432,4.295000076293945,4.269999980926514,4.295000076293945,3933.0
2024-07-03 09:51:00,GILD,67.73999786376953,67.73999786376953,67.83999633789062,67.73999786376953,67.83999633789062,4864.0
2024-07-03 09:51:00,GLTO,0.47209998965263367,0.47209998965263367,0.47209998965263367,0.47209998965263367,0.47209998965263367,401.0
2024-07-03 09:51:00,GLYC,0.2671999931335449,0.2671999931335449,0.2671999931335449,0.2671999931335449,0.2671999931335449,2134.0
2024-07-03 09:51:00,GOSS,0.9235000014305115,0.9235000014305115,0.9300000071525574,0.9235000014305115,0.9300000071525574,2714.0
2024-07-03 09:51:00,GOVX,3.140000104904175,3.140000104904175,3.1524999141693115,3.135999917984009,3.1524999141693115,612.0
2024-07-03 09:51:00,GRFS,6.599999904632568,6.599999904632568,6.599999904632568,6.599999904632568,6.599999904632568,400.0
2024-07-03 09:51:00,GTHX,2.509999990463257,2.509999990463257,2.509999990463257,2.509999990463257,2.509999990463257,941.0
2024-07-03 09:51:00,HALO,51.834999084472656,51.834999084472656,51.834999084472656,51.81999969482422,51.81999969482422,1141.0
2024-07-03 09:51:00,HCAT,6.079999923706055,6.079999923706055,6.079999923706055,6.079999923706055,6.079999923706055,1.0
2024-07-03 09:51:00,HCM,17.469999313354492,17.469999313354492,17.469999313354492,17.469999313354492,17.469999313354492,200.0
2024-07-03 09:51:00,HCSG,11.100000381469727,11.100000381469727,11.100000381469727,11.085000038146973,11.085000038146973,818.0
2024-07-03 09:51:00,HITI,2.1449999809265137,2.1449999809265137,2.1449999809265137,2.140000104904175,2.140000104904175,500.0
2024-07-03 09:51:00,HLVX,14.199999809265137,14.199999809265137,14.199999809265137,14.199999809265137,14.199999809265137,130.0
2024-07-03 09:51:00,HOLX,73.25,73.25,73.25,73.23500061035156,73.23500061035156,1430.0
2024-07-03 09:51:00,HOOK,0.574999988079071,0.574999988079071,0.574999988079071,0.574999988079071,0.574999988079071,866.0
2024-07-03 09:51:00,HQY,84.63500213623047,84.63500213623047,84.70999908447266,84.42500305175781,84.42500305175781,2247.0
2024-07-03 09:51:00,HRMY,30.219999313354492,30.219999313354492,30.290000915527344,30.219999313354492,30.235000610351562,1182.0
2024-07-03 09:51:00,HROW,21.68000030517578,21.68000030517578,21.68000030517578,21.68000030517578,21.68000030517578,182.0
2024-07-03 09:51:00,HRTX,2.8199000358581543,2.8199000358581543,2.8199000358581543,2.809999942779541,2.809999942779541,4061.0
2024-07-03 09:51:00,HSIC,65.0999984741211,65.0999984741211,65.19499969482422,65.06999969482422,65.12000274658203,4543.0
2024-07-03 09:51:00,HUMA,5.490099906921387,5.490099906921387,5.4980998039245605,5.4770002365112305,5.4770002365112305,5112.0
2024-07-03 09:51:00,IBRX,6.227200031280518,6.227200031280518,6.227200031280518,6.227200031280518,6.227200031280518,238.0
2024-07-03 09:51:00,ICCM,0.710099995136261,0.710099995136261,0.710099995136261,0.710099995136261,0.710099995136261,380.0
2024-07-03 09:51:00,IDYA,33.43000030517578,33.43000030517578,33.4468994140625,33.43000030517578,33.4468994140625,642.0
2024-07-03 09:51:00,IKNA,1.6299999952316284,1.6299999952316284,1.6299999952316284,1.6299999952316284,1.6299999952316284,2164.0
2024-07-03 09:51:00,ILMN,105.69499969482422,105.69499969482422,105.75,105.69499969482422,105.70999908447266,873.0
2024-07-03 09:51:00,IMMX,2.299999952316284,2.299999952316284,2.299999952316284,2.20740008354187,2.20740008354187,23663.0
2024-07-03 09:51:00,IMNM,11.824999809265137,11.824999809265137,11.824999809265137,11.824999809265137,11.824999809265137,588.0
2024-07-03 09:51:00,IMTX,11.960000038146973,11.960000038146973,11.960000038146973,11.960000038146973,11.960000038146973,427.0
2024-07-03 09:51:00,INCY,58.595001220703125,58.595001220703125,58.70000076293945,58.583900451660156,58.63999938964844,4967.0
2024-07-03 09:51:00,INMD,17.829999923706055,17.829999923706055,17.829999923706055,17.829999923706055,17.829999923706055,486.0
2024-07-03 09:51:00,INNV,5.208099842071533,5.208099842071533,5.208099842071533,5.208099842071533,5.208099842071533,291.0
2024-07-03 09:51:00,INSM,64.19000244140625,64.19000244140625,64.26000213623047,64.05000305175781,64.12999725341797,31307.0
2024-07-03 09:51:00,IONM,0.33000001311302185,0.33000001311302185,0.33000001311302185,0.33000001311302185,0.33000001311302185,2088.0
2024-07-03 09:51:00,IONS,45.0,45.0,45.0,45.0,45.0,433.0
2024-07-03 09:51:00,IOVA,7.769999980926514,7.769999980926514,7.784999847412109,7.769999980926514,7.78000020980835,6150.0
2024-07-03 09:51:00,IRTC,97.51000213623047,97.51000213623047,97.51000213623047,97.22000122070312,97.22000122070312,1446.0
2024-07-03 09:51:00,IRWD,6.150000095367432,6.150000095367432,6.150000095367432,6.150000095367432,6.150000095367432,200.0
2024-07-03 09:51:00,ISRG,437.375,437.375,437.375,437.375,437.375,439.0
2024-07-03 09:51:00,ITOS,14.65999984741211,14.65999984741211,14.65999984741211,14.65999984741211,14.65999984741211,570.0
2024-07-03 09:51:00,IXHL,2.9100000858306885,2.9100000858306885,2.9100000858306885,2.9100000858306885,2.9100000858306885,100.0
2024-07-03 09:51:00,JANX,39.0,39.0,39.0,39.0,39.0,144.0
2024-07-03 09:51:00,KALV,11.680000305175781,11.680000305175781,11.680000305175781,11.680000305175781,11.680000305175781,251.0
2024-07-03 09:51:00,KMDA,5.230000019073486,5.230000019073486,5.230000019073486,5.210000038146973,5.230000019073486,1295.0
2024-07-03 09:51:00,KPTI,0.8299999833106995,0.8299999833106995,0.8303999900817871,0.8277000188827515,0.8303999900817871,1881.0
2024-07-03 09:51:00,KRMD,2.325000047683716,2.325000047683716,2.325000047683716,2.325000047683716,2.325000047683716,1282.0
2024-07-03 09:51:00,KRON,1.1799999475479126,1.1799999475479126,1.1799999475479126,1.1799999475479126,1.1799999475479126,307.0
2024-07-03 09:51:00,KRYS,179.3249969482422,179.3249969482422,179.3249969482422,179.3249969482422,179.3249969482422,206.0
2024-07-03 09:51:00,KTRA,0.25780001282691956,0.25780001282691956,0.25999999046325684,0.2535000145435333,0.25780001282691956,12505.0
2024-07-03 09:51:00,KYMR,30.610000610351562,30.610000610351562,30.6200008392334,30.610000610351562,30.6200008392334,4982.0
2024-07-03 09:51:00,KZIA,0.2249000072479248,0.2249000072479248,0.2249000072479248,0.2198999971151352,0.2198999971151352,0.0
2024-07-03 09:51:00,KZR,0.5742999911308289,0.5742999911308289,0.5742999911308289,0.5726000070571899,0.5726000070571899,0.0
2024-07-03 09:51:00,LAB,1.7899999618530273,1.7899999618530273,1.7899999618530273,1.7899999618530273,1.7899999618530273,1167.0
2024-07-03 09:51:00,LBPH,30.954999923706055,30.954999923706055,30.954999923706055,30.954999923706055,30.954999923706055,136.0
2024-07-03 09:51:00,LFMD,6.690000057220459,6.690000057220459,6.690000057220459,6.679999828338623,6.679999828338623,1272.0
2024-07-03 09:51:00,LFST,5.085000038146973,5.085000038146973,5.085000038146973,5.079999923706055,5.079999923706055,883.0
2024-07-03 09:51:00,LGVN,1.65910005569458,1.65910005569458,1.65910005569458,1.65910005569458,1.65910005569458,1056.0
2024-07-03 09:51:00,LIVN,52.619998931884766,52.619998931884766,52.619998931884766,52.5,52.619998931884766,3775.0
2024-07-03 09:51:00,LNTH,78.79000091552734,78.79000091552734,78.79000091552734,78.70999908447266,78.70999908447266,1436.0
2024-07-03 09:51:00,LRMR,7.699999809265137,7.699999809265137,7.699999809265137,7.699999809265137,7.699999809265137,315.0
2024-07-03 09:51:00,LUCD,0.7649999856948853,0.7649999856948853,0.7699000239372253,0.7649999856948853,0.7699000239372253,100.0
2024-07-03 09:51:00,LUCY,0.4771000146865845,0.4771000146865845,0.48500001430511475,0.47699999809265137,0.48500001430511475,18692.0
2024-07-03 09:51:00,LXRX,1.6200000047683716,1.6200000047683716,1.6298999786376953,1.6150000095367432,1.625,24778.0
2024-07-03 09:51:00,LYEL,1.4299999475479126,1.4299999475479126,1.4299999475479126,1.4299999475479126,1.4299999475479126,468.0
2024-07-03 09:51:00,MASI,112.98999786376953,112.98999786376953,112.98999786376953,112.8949966430664,112.8949966430664,960.0
2024-07-03 09:51:00,MASS,4.739999771118164,4.739999771118164,4.739999771118164,4.739999771118164,4.739999771118164,1.0
2024-07-03 09:51:00,MBIO,0.536300003528595,0.536300003528595,0.5375999808311462,0.5310999751091003,0.532800018787384,27539.0
2024-07-03 09:51:00,MBOT,1.0600999593734741,1.0600999593734741,1.0700000524520874,1.0600999593734741,1.0638999938964844,2964.0
2024-07-03 09:51:00,MDXG,6.75,6.75,6.760000228881836,6.75,6.760000228881836,726.0
2024-07-03 09:51:00,ME,0.4025999903678894,0.4025999903678894,0.4025999903678894,0.4025999903678894,0.4025999903678894,0.0
2024-07-03 09:51:00,MEDS,17.979999542236328,17.979999542236328,17.986499786376953,17.855100631713867,17.986499786376953,2538.0
2024-07-03 09:51:00,MGNX,4.199999809265137,4.199999809265137,4.215000152587891,4.199999809265137,4.200099945068359,2757.0
2024-07-03 09:51:00,MGTX,3.921099901199341,3.921099901199341,3.921099901199341,3.921099901199341,3.921099901199341,310.0
2024-07-03 09:51:00,MHUA,0.9003999829292297,0.9003999829292297,0.9003999829292297,0.9003999829292297,0.9003999829292297,400.0
2024-07-03 09:51:00,MIST,1.3100999593734741,1.3100999593734741,1.3100999593734741,1.3100999593734741,1.3100999593734741,500.0
2024-07-03 09:51:00,MLTX,40.19499969482422,40.19499969482422,40.19499969482422,40.189998626708984,40.189998626708984,1160.0
2024-07-03 09:51:00,MNKD,5.074999809265137,5.074999809265137,5.074999809265137,5.074999809265137,5.074999809265137,901.0
2024-07-03 09:51:00,MNMD,7.059999942779541,7.059999942779541,7.074999809265137,7.059999942779541,7.070000171661377,1373.0
2024-07-03 09:51:00,MRNA,117.94730377197266,117.94730377197266,118.05419921875,117.83000183105469,118.04499816894531,5078.0
2024-07-03 09:51:00,MRNS,1.2100000381469727,1.2100000381469727,1.2100000381469727,1.2100000381469727,1.2100000381469727,208.0
2024-07-03 09:51:00,MRVI,6.829999923706055,6.829999923706055,6.829999923706055,6.829999923706055,6.829999923706055,337.0
2024-07-03 09:51:00,MXCT,3.7149999141693115,3.7149999141693115,3.7300000190734863,3.7149999141693115,3.7300000190734863,987.0
2024-07-03 09:51:00,NARI,49.26499938964844,49.26499938964844,49.26499938964844,49.26499938964844,49.26499938964844,276.0
2024-07-03 09:51:00,NBIX,138.4499969482422,138.4499969482422,138.85000610351562,138.4199981689453,138.85000610351562,2770.0
2024-07-03 09:51:00,NDRA,0.08569999784231186,0.08569999784231186,0.08579999953508377,0.08569999784231186,0.08579999953508377,1200.0
2024-07-03 09:51:00,NEOG,15.079999923706055,15.079999923706055,15.100000381469727,15.079999923706055,15.100000381469727,475.0
2024-07-03 09:51:00,NERV,3.085400104522705,3.085400104522705,3.085400104522705,3.085400104522705,3.085400104522705,122.0
2024-07-03 09:51:00,NKTR,1.2100000381469727,1.2100000381469727,1.215000033378601,1.2100000381469727,1.215000033378601,1016.0
2024-07-03 09:51:00,NKTX,5.305300235748291,5.305300235748291,5.305300235748291,5.305300235748291,5.305300235748291,467.0
2024-07-03 09:51:00,NLSP,0.2070000022649765,0.2070000022649765,0.2070000022649765,0.2070000022649765,0.2070000022649765,4000.0
2024-07-03 09:51:00,NRIX,18.950000762939453,18.950000762939453,19.024900436401367,18.950000762939453,19.024900436401367,710.0
2024-07-03 09:51:00,NRSN,1.2764999866485596,1.2764999866485596,1.2764999866485596,1.2764999866485596,1.2764999866485596,10.0
2024-07-03 09:51:00,NTLA,22.3799991607666,22.3799991607666,22.459999084472656,22.3799991607666,22.459999084472656,2849.0
2024-07-03 09:51:00,NTRA,112.66999816894531,112.66999816894531,113.05500030517578,112.66999816894531,113.03500366210938,4996.0
2024-07-03 09:51:00,NUVL,72.05500030517578,72.05500030517578,72.05500030517578,71.9800033569336,71.9800033569336,456.0
2024-07-03 09:51:00,NVAX,13.019399642944336,13.019399642944336,13.119999885559082,13.019399642944336,13.100000381469727,11782.0
2024-07-03 09:51:00,NVCR,17.0,17.0,17.059999465942383,16.989999771118164,17.0049991607666,5649.0
2024-07-03 09:51:00,OCGN,1.6399999856948853,1.6399999856948853,1.6399999856948853,1.6399999856948853,1.6399999856948853,4410.0
2024-07-03 09:51:00,OCUL,6.869999885559082,6.869999885559082,6.869999885559082,6.869999885559082,6.869999885559082,510.0
2024-07-03 09:51:00,OFIX,13.234999656677246,13.234999656677246,13.234999656677246,13.234999656677246,13.234999656677246,495.0
2024-07-03 09:51:00,OGI,1.5499999523162842,1.5499999523162842,1.5499999523162842,1.5449999570846558,1.5455000400543213,7045.0
2024-07-03 09:51:00,OLK,25.80500030517578,25.80500030517578,25.80500030517578,25.80500030517578,25.80500030517578,100.0
2024-07-03 09:51:00,OLMA,10.65999984741211,10.65999984741211,10.65999984741211,10.656000137329102,10.656000137329102,697.0
2024-07-03 09:51:00,OMGA,2.049999952316284,2.049999952316284,2.053299903869629,2.049999952316284,2.053299903869629,2616.0
2024-07-03 09:52:00,AADI,1.350000023841858,1.350000023841858,1.350000023841858,1.350000023841858,1.350000023841858,5102.0
2024-07-03 09:52:00,ABCL,2.7750000953674316,2.7750000953674316,2.7750000953674316,2.7750000953674316,2.7750000953674316,657.0
2024-07-03 09:52:00,ABEO,4.202000141143799,4.202000141143799,4.202000141143799,4.202000141143799,4.202000141143799,240.0
2024-07-03 09:52:00,ABSI,3.240000009536743,3.240000009536743,3.25,3.240000009536743,3.25,1657.0
2024-07-03 09:52:00,ABUS,3.1649999618530273,3.1649999618530273,3.1649999618530273,3.1649999618530273,3.1649999618530273,311.0
2024-07-03 09:52:00,ACAD,15.779999732971191,15.779999732971191,15.779999732971191,15.779999732971191,15.779999732971191,435.0
2024-07-03 09:52:00,ACB,4.724999904632568,4.724999904632568,4.759900093078613,4.724999904632568,4.759900093078613,7472.0
2024-07-03 09:52:00,ACCD,3.5311999320983887,3.5311999320983887,3.5311999320983887,3.5199999809265137,3.5199999809265137,1151.0
2024-07-03 09:52:00,ACHV,4.585000038146973,4.585000038146973,4.590000152587891,4.579999923706055,4.590000152587891,1504.0
2024-07-03 09:52:00,ACLX,53.70000076293945,53.70000076293945,53.83000183105469,53.70000076293945,53.83000183105469,734.0
2024-07-03 09:52:00,ADAP,1.0399999618530273,1.0399999618530273,1.0499999523162842,1.0399999618530273,1.0479999780654907,1340.0
2024-07-03 09:52:00,ADMA,11.315799713134766,11.315799713134766,11.319999694824219,11.305000305175781,11.3100004196167,6630.0
2024-07-03 09:52:00,ADPT,3.325000047683716,3.325000047683716,3.3299999237060547,3.325000047683716,3.329900026321411,2175.0
2024-07-03 09:52:00,AGEN,14.710000038146973,14.710000038146973,14.710000038146973,14.710000038146973,14.710000038146973,1518.0
2024-07-03 09:52:00,AHCO,9.737500190734863,9.737500190734863,9.739999771118164,9.737500190734863,9.739999771118164,1139.0
2024-07-03 09:52:00,AKBA,0.946399986743927,0.946399986743927,0.946399986743927,0.946399986743927,0.946399986743927,200.0
2024-07-03 09:52:00,AKRO,21.959999084472656,21.959999084472656,21.959999084472656,21.8700008392334,21.8700008392334,554.0
2024-07-03 09:52:00,ALEC,4.409999847412109,4.409999847412109,4.409999847412109,4.409999847412109,4.409999847412109,105.0
2024-07-03 09:52:00,ALGN,238.3000030517578,238.3000030517578,238.5,238.3000030517578,238.5,1384.0
2024-07-03 09:52:00,ALGS,0.4140999913215637,0.4140999913215637,0.41819998621940613,0.4099999964237213,0.4140999913215637,10594.0
2024-07-03 09:52:00,ALHC,8.010000228881836,8.010000228881836,8.029999732971191,8.010000228881836,8.010000228881836,1576.0
2024-07-03 09:52:00,ALKS,24.235000610351562,24.235000610351562,24.235000610351562,24.235000610351562,24.235000610351562,846.0
2024-07-03 09:52:00,ALLO,2.125,2.125,2.134999990463257,2.125,2.134999990463257,3369.0
2024-07-03 09:52:00,ALLR,0.2076999992132187,0.2076999992132187,0.2076999992132187,0.20499999821186066,0.2076999992132187,2725.0
2024-07-03 09:52:00,ALNY,246.26499938964844,246.26499938964844,246.5800018310547,245.47999572753906,246.4199981689453,9303.0
2024-07-03 09:52:00,ALT,6.71999979019165,6.71999979019165,6.727499961853027,6.710000038146973,6.715000152587891,2249.0
2024-07-03 09:52:00,ALVR,0.7350000143051147,0.7350000143051147,0.7379999756813049,0.7350000143051147,0.7379999756813049,2185.0
2024-07-03 09:52:00,ALXO,5.764999866485596,5.764999866485596,5.78000020980835,5.764999866485596,5.78000020980835,237.0
2024-07-03 09:52:00,AMED,96.59989929199219,96.59989929199219,96.63200378417969,96.51000213623047,96.63200378417969,5646.0
2024-07-03 09:52:00,AMGN,311.489990234375,311.489990234375,311.489990234375,311.1600036621094,311.1600036621094,2853.0
2024-07-03 09:52:00,AMLX,1.75,1.75,1.75,1.75,1.75,506.0
2024-07-03 09:52:00,AMPH,37.69499969482422,37.69499969482422,37.69499969482422,37.595001220703125,37.595001220703125,519.0
2024-07-03 09:52:00,AMRN,0.7080000042915344,0.7080000042915344,0.7080000042915344,0.7080000042915344,0.7080000042915344,301.0
2024-07-03 09:52:00,ANAB,24.889999389648438,24.889999389648438,24.889999389648438,24.889999389648438,24.889999389648438,330.0
2024-07-03 09:52:00,ANGO,5.695000171661377,5.695000171661377,5.695000171661377,5.679999828338623,5.679999828338623,1452.0
2024-07-03 09:52:00,ANNX,4.71999979019165,4.71999979019165,4.760000228881836,4.71999979019165,4.760000228881836,9197.0
2024-07-03 09:52:00,APLS,36.05500030517578,36.05500030517578,36.05500030517578,36.04499816894531,36.04499816894531,314.0
2024-07-03 09:52:00,AQST,2.369999885559082,2.369999885559082,2.369999885559082,2.369999885559082,2.369999885559082,815.0
2024-07-03 09:52:00,ARCT,21.514999389648438,21.514999389648438,21.702699661254883,21.489999771118164,21.702699661254883,1751.0
2024-07-03 09:52:00,ARDX,5.195000171661377,5.195000171661377,5.210000038146973,5.190000057220459,5.199999809265137,15294.0
2024-07-03 09:52:00,ARGX,436.4549865722656,436.4549865722656,436.57000732421875,436.1300048828125,436.57000732421875,484.0
2024-07-03 09:52:00,ARQT,9.539999961853027,9.539999961853027,9.609999656677246,9.539999961853027,9.609999656677246,9887.0
2024-07-03 09:52:00,ARVN,24.915000915527344,24.915000915527344,24.915000915527344,24.915000915527344,24.915000915527344,2031.0
2024-07-03 09:52:00,ARWR,25.299999237060547,25.299999237060547,25.399999618530273,25.299999237060547,25.389999389648438,3712.0
2024-07-03 09:52:00,ASRT,1.3179999589920044,1.3179999589920044,1.3194999694824219,1.3136999607086182,1.3136999607086182,3323.0
2024-07-03 09:52:00,ATAI,1.315000057220459,1.315000057220459,1.315000057220459,1.315000057220459,1.315000057220459,221.0
2024-07-03 09:52:00,ATEC,9.979999542236328,9.979999542236328,9.989999771118164,9.979999542236328,9.989999771118164,621.0
2024-07-03 09:52:00,ATHA,2.5799999237060547,2.5799999237060547,2.5799999237060547,2.5260000228881836,2.5260000228881836,6639.0
2024-07-03 09:52:00,ATOS,1.1405999660491943,1.1405999660491943,1.1405999660491943,1.1405999660491943,1.1405999660491943,600.0
2024-07-03 09:52:00,AUGX,0.9800000190734863,0.9800000190734863,0.9900000095367432,0.9800000190734863,0.9800000190734863,400.0
2024-07-03 09:52:00,AUPH,5.474999904632568,5.474999904632568,5.474999904632568,5.474999904632568,5.474999904632568,300.0
2024-07-03 09:52:00,AURA,7.150000095367432,7.150000095367432,7.150000095367432,7.139999866485596,7.150000095367432,788.0
2024-07-03 09:52:00,AUTL,3.430000066757202,3.430000066757202,3.430000066757202,3.430000066757202,3.430000066757202,0.0
2024-07-03 09:52:00,AVDL,14.045000076293945,14.045000076293945,14.050000190734863,14.045000076293945,14.050000190734863,575.0
2024-07-03 09:52:00,AVTE,1.590000033378601,1.590000033378601,1.590000033378601,1.5806000232696533,1.5850000381469727,9253.0
2024-07-03 09:52:00,AVXL,4.179999828338623,4.179999828338623,4.190000057220459,4.179999828338623,4.190000057220459,1164.0
2024-07-03 09:52:00,AXGN,7.40500020980835,7.40500020980835,7.409999847412109,7.40500020980835,7.409999847412109,1167.0
2024-07-03 09:52:00,AZN,76.80000305175781,76.80000305175781,76.80999755859375,76.80000305175781,76.80999755859375,2083.0
2024-07-03 09:52:00,BBIO,24.940000534057617,24.940000534057617,24.989999771118164,24.934999465942383,24.989999771118164,1989.0
2024-07-03 09:52:00,BCAB,1.3250000476837158,1.3250000476837158,1.3294999599456787,1.3250000476837158,1.3294999599456787,628.0
2024-07-03 09:52:00,BCDA,3.190000057220459,3.190000057220459,3.190000057220459,3.190000057220459,3.190000057220459,1667.0
2024-07-03 09:52:00,BCLI,0.35359999537467957,0.35359999537467957,0.35359999537467957,0.35359999537467957,0.35359999537467957,784.0
2024-07-03 09:52:00,BCRX,6.620699882507324,6.620699882507324,6.620699882507324,6.620699882507324,6.620699882507324,1037.0
2024-07-03 09:52:00,BCYC,19.610000610351562,19.610000610351562,19.610000610351562,19.56999969482422,19.579999923706055,1758.0
2024-07-03 09:52:00,BEAM,23.260000228881836,23.260000228881836,23.270000457763672,23.239999771118164,23.260000228881836,977.0
2024-07-03 09:52:00,BEAT,2.95989990234375,2.95989990234375,2.95989990234375,2.95989990234375,2.95989990234375,808.0
2024-07-03 09:52:00,BGXX,0.27320000529289246,0.27320000529289246,0.27320000529289246,0.27320000529289246,0.27320000529289246,148.0
2024-07-03 09:52:00,BIIB,227.02999877929688,227.02999877929688,227.05999755859375,226.96499633789062,227.05999755859375,5471.0
2024-07-03 09:52:00,BIVI,0.40799999237060547,0.40799999237060547,0.41190001368522644,0.4072999954223633,0.41190001368522644,8985.0
2024-07-03 09:52:00,BJDX,0.625,0.625,0.6265000104904175,0.625,0.6265000104904175,2884.0
2024-07-03 09:52:00,BLUE,0.9192000031471252,0.9192000031471252,0.9225999712944031,0.9192000031471252,0.9218999743461609,15134.0
2024-07-03 09:52:00,BMEA,4.375,4.375,4.375,4.360000133514404,4.360000133514404,803.0
2024-07-03 09:52:00,BMRN,82.0999984741211,82.0999984741211,82.0999984741211,82.06999969482422,82.06999969482422,894.0
2024-07-03 09:52:00,BNGO,0.5888000130653381,0.5888000130653381,0.5888000130653381,0.5888000130653381,0.5888000130653381,246.0
2024-07-03 09:52:00,BNTX,80.8499984741211,80.8499984741211,80.94999694824219,80.76000213623047,80.94000244140625,3685.0
2024-07-03 09:52:00,BOLT,0.7343999743461609,0.7343999743461609,0.7343999743461609,0.7342000007629395,0.7343000173568726,616.0
2024-07-03 09:52:00,BPTH,1.8200000524520874,1.8200000524520874,1.8200000524520874,1.8200000524520874,1.8200000524520874,3451.0
2024-07-03 09:52:00,BRKR,62.154998779296875,62.154998779296875,62.26499938964844,61.915000915527344,61.915000915527344,15888.0
2024-07-03 09:52:00,BTAI,1.0700000524520874,1.0700000524520874,1.089900016784668,1.0700000524520874,1.089900016784668,10131.0
2024-07-03 09:52:00,CABA,7.46999979019165,7.46999979019165,7.480000019073486,7.465000152587891,7.480000019073486,521.0
2024-07-03 09:52:00,CADL,6.300099849700928,6.300099849700928,6.300099849700928,6.300099849700928,6.300099849700928,771.0
2024-07-03 09:52:00,CAPR,4.7399001121521,4.7399001121521,4.7399001121521,4.7399001121521,4.7399001121521,1092.0
2024-07-03 09:52:00,CCCC,4.710000038146973,4.710000038146973,4.730000019073486,4.699999809265137,4.730000019073486,1808.0
2024-07-03 09:52:00,CDMO,7.239999771118164,7.239999771118164,7.239999771118164,7.239999771118164,7.239999771118164,437.0
2024-07-03 09:52:00,CDXS,2.940000057220459,2.940000057220459,2.940000057220459,2.940000057220459,2.940000057220459,317.0
2024-07-03 09:52:00,CERE,41.28499984741211,41.28499984741211,41.31999969482422,41.28499984741211,41.28499984741211,2153.0
2024-07-03 09:52:00,CERS,1.715000033378601,1.715000033378601,1.715000033378601,1.715000033378601,1.715000033378601,310.0
2024-07-03 09:52:00,CGC,6.59119987487793,6.59119987487793,6.610000133514404,6.579999923706055,6.605000019073486,28773.0
2024-07-03 09:52:00,CGEM,16.385000228881836,16.385000228881836,16.385000228881836,16.385000228881836,16.385000228881836,253.0
2024-07-03 09:52:00,CGTX,1.8260999917984009,1.8260999917984009,1.8264000415802002,1.8260999917984009,1.8264000415802002,305.0
2024-07-03 09:52:00,CHRS,1.3550000190734863,1.3550000190734863,1.3550000190734863,1.350100040435791,1.3550000190734863,6411.0
2024-07-03 09:52:00,CING,0.3043000102043152,0.3043000102043152,0.3043000102043152,0.3043000102043152,0.3043000102043152,261.0
2024-07-03 09:52:00,CKPT,2.200000047683716,2.200000047683716,2.200000047683716,2.199899911880493,2.199899911880493,861.0
2024-07-03 09:52:00,CLDX,36.83000183105469,36.83000183105469,36.83000183105469,36.81999969482422,36.83000183105469,1252.0
2024-07-03 09:52:00,CLOV,1.2595000267028809,1.2595000267028809,1.2595000267028809,1.250100016593933,1.250100016593933,0.0
2024-07-03 09:52:00,CLRB,2.397599935531616,2.397599935531616,2.397599935531616,2.397599935531616,2.397599935531616,200.0
2024-07-03 09:52:00,CMAX,2.110100030899048,2.110100030899048,2.110100030899048,2.110100030899048,2.110100030899048,1339.0
2024-07-03 09:52:00,CNSP,2.484999895095825,2.484999895095825,2.509999990463257,2.3901000022888184,2.390700101852417,229910.0
2024-07-03 09:52:00,COGT,8.265000343322754,8.265000343322754,8.319999694824219,8.265000343322754,8.319999694824219,4312.0
2024-07-03 09:52:00,CORT,31.420000076293945,31.420000076293945,31.420000076293945,31.420000076293945,31.420000076293945,526.0
2024-07-03 09:52:00,COSM,1.0192999839782715,1.0192999839782715,1.0199999809265137,1.0192999839782715,1.0199999809265137,16950.0
2024-07-03 09:52:00,CPRX,15.859999656677246,15.859999656677246,15.859999656677246,15.859999656677246,15.859999656677246,325.0
2024-07-03 09:52:00,CRBP,48.832000732421875,48.832000732421875,48.832000732421875,48.832000732421875,48.832000732421875,1588.0
2024-07-03 09:52:00,CRBU,1.5800000429153442,1.5800000429153442,1.5950000286102295,1.5800000429153442,1.5950000286102295,3451.0
2024-07-03 09:52:00,CRDL,1.9299999475479126,1.9299999475479126,1.9300999641418457,1.9299999475479126,1.9300999641418457,5527.0
2024-07-03 09:52:00,CRIS,6.400000095367432,6.400000095367432,6.400000095367432,6.400000095367432,6.400000095367432,8473.0
2024-07-03 09:52:00,CRNX,44.95000076293945,44.95000076293945,45.06999969482422,44.95000076293945,45.06999969482422,3664.0
2024-07-03 09:52:00,CRSP,53.560001373291016,53.560001373291016,53.689998626708984,53.560001373291016,53.689998626708984,1409.0
2024-07-03 09:52:00,CRVS,1.8200000524520874,1.8200000524520874,1.8200000524520874,1.8200000524520874,1.8200000524520874,900.0
2024-07-03 09:52:00,CSTL,21.170000076293945,21.170000076293945,21.190000534057617,21.170000076293945,21.190000534057617,301.0
2024-07-03 09:52:00,CTMX,1.3250000476837158,1.3250000476837158,1.3250000476837158,1.3200000524520874,1.3200000524520874,9008.0
2024-07-03 09:52:00,CTSO,0.8450000286102295,0.8450000286102295,0.8450000286102295,0.8399999737739563,0.8399999737739563,4099.0
2024-07-03 09:52:00,CVAC,3.390000104904175,3.390000104904175,3.4600000381469727,3.390000104904175,3.4488000869750977,55915.0
2024-07-03 09:52:00,CYTK,54.904998779296875,54.904998779296875,54.904998779296875,54.904998779296875,54.904998779296875,202.0
2024-07-03 09:52:00,DAWN,13.300000190734863,13.300000190734863,13.300000190734863,13.300000190734863,13.300000190734863,1866.0
2024-07-03 09:52:00,DCGO,2.9200000762939453,2.9200000762939453,2.930000066757202,2.9200000762939453,2.930000066757202,2401.0
2024-07-03 09:52:00,DCTH,7.840000152587891,7.840000152587891,7.860000133514404,7.840000152587891,7.860000133514404,12998.0
2024-07-03 09:52:00,DNLI,22.149999618530273,22.149999618530273,22.15999984741211,22.1200008392334,22.15999984741211,1362.0
2024-07-03 09:52:00,DRIO,1.1779999732971191,1.1779999732971191,1.1779999732971191,1.1779999732971191,1.1779999732971191,0.0
2024-07-03 09:52:00,DSGN,3.2300000190734863,3.2300000190734863,3.2300000190734863,3.2300000190734863,3.2300000190734863,310.0
2024-07-03 09:52:00,DTIL,9.331399917602539,9.331399917602539,9.331399917602539,9.331399917602539,9.331399917602539,635.0
2024-07-03 09:52:00,DVAX,11.140000343322754,11.140000343322754,11.149999618530273,11.140000343322754,11.149999618530273,1106.0
2024-07-03 09:52:00,DXCM,111.08999633789062,111.08999633789062,111.33499908447266,110.98999786376953,111.33499908447266,12224.0
2024-07-03 09:52:00,DYN,34.48500061035156,34.48500061035156,34.48500061035156,34.48500061035156,34.48500061035156,272.0
2024-07-03 09:52:00,EDIT,4.625,4.625,4.644999980926514,4.625,4.644999980926514,7849.0
2024-07-03 09:52:00,ELEV,2.7200000286102295,2.7200000286102295,2.759999990463257,2.7200000286102295,2.740000009536743,6580.0
2024-07-03 09:52:00,ENSG,126.26000213623047,126.26000213623047,126.26000213623047,126.26000213623047,126.26000213623047,2508.0
2024-07-03 09:52:00,EOLS,10.8149995803833,10.8149995803833,10.8149995803833,10.805000305175781,10.805000305175781,367.0
2024-07-03 09:52:00,ERAS,2.240000009536743,2.240000009536743,2.240000009536743,2.240000009536743,2.240000009536743,1159.0
2024-07-03 09:52:00,ESPR,2.390000104904175,2.390000104904175,2.4000000953674316,2.380000114440918,2.390000104904175,25027.0
2024-07-03 09:52:00,ETNB,7.769999980926514,7.769999980926514,7.769999980926514,7.760000228881836,7.769999980926514,697.0
2024-07-03 09:52:00,EWTX,18.0,18.0,18.0,18.0,18.0,434.0
2024-07-03 09:52:00,EXAS,43.59000015258789,43.59000015258789,43.59000015258789,43.54999923706055,43.56999969482422,7741.0
2024-07-03 09:52:00,EXEL,22.174999237060547,22.174999237060547,22.19499969482422,22.174999237060547,22.19499969482422,2979.0
2024-07-03 09:52:00,EYPT,8.199999809265137,8.199999809265137,8.199999809265137,8.199999809265137,8.199999809265137,1.0
2024-07-03 09:52:00,FATE,3.2100000381469727,3.2100000381469727,3.217900037765503,3.2100000381469727,3.217900037765503,451.0
2024-07-03 09:52:00,FBIO,1.6799999475479126,1.6799999475479126,1.6799999475479126,1.6799999475479126,1.6799999475479126,1146.0
2024-07-03 09:52:00,FBIOP,16.270000457763672,16.270000457763672,16.270000457763672,16.270000457763672,16.270000457763672,462.0
2024-07-03 09:52:00,FDMT,20.80500030517578,20.80500030517578,20.80500030517578,20.80500030517578,20.80500030517578,628.0
2024-07-03 09:52:00,FEMY,1.1299999952316284,1.1299999952316284,1.1299999952316284,1.1299999952316284,1.1299999952316284,1046.0
2024-07-03 09:52:00,FGEN,0.7210999727249146,0.7210999727249146,0.7246000170707703,0.7210999727249146,0.7210999727249146,2845.0
2024-07-03 09:52:00,FLGC,0.9650999903678894,0.9650999903678894,0.9650999903678894,0.9650999903678894,0.9650999903678894,3141.0
2024-07-03 09:52:00,FOLD,9.895000457763672,9.895000457763672,9.899999618530273,9.895000457763672,9.899999618530273,271.0
2024-07-03 09:52:00,FULC,6.15500020980835,6.15500020980835,6.15500020980835,6.15500020980835,6.15500020980835,341.0
2024-07-03 09:52:00,GERN,4.275000095367432,4.275000095367432,4.278800010681152,4.275000095367432,4.278800010681152,1643.0
2024-07-03 09:52:00,GILD,67.66000366210938,67.66000366210938,67.75,67.66000366210938,67.75,3579.0
2024-07-03 09:52:00,GLYC,0.26600000262260437,0.26600000262260437,0.26600000262260437,0.26600000262260437,0.26600000262260437,200.0
2024-07-03 09:52:00,GOSS,0.929099977016449,0.929099977016449,0.929099977016449,0.9235000014305115,0.9235000014305115,841.0
2024-07-03 09:52:00,GRFS,6.599999904632568,6.599999904632568,6.610000133514404,6.599999904632568,6.610000133514404,500.0
2024-07-03 09:52:00,GTHX,2.5199999809265137,2.5199999809265137,2.549999952316284,2.509999990463257,2.5199999809265137,15386.0
2024-07-03 09:52:00,HALO,51.7599983215332,51.7599983215332,51.88999938964844,51.75,51.88999938964844,1603.0
2024-07-03 09:52:00,HCAT,6.110000133514404,6.110000133514404,6.110000133514404,6.079999923706055,6.079999923706055,314.0
2024-07-03 09:52:00,HCM,17.44499969482422,17.44499969482422,17.5,17.44499969482422,17.479999542236328,355.0
2024-07-03 09:52:00,HCSG,11.109999656677246,11.109999656677246,11.109999656677246,11.100000381469727,11.109999656677246,529.0
2024-07-03 09:52:00,HITI,2.1500000953674316,2.1500000953674316,2.1500000953674316,2.1422998905181885,2.1422998905181885,2136.0
2024-07-03 09:52:00,HLVX,14.114999771118164,14.114999771118164,14.114999771118164,14.114999771118164,14.114999771118164,199.0
2024-07-03 09:52:00,HOLX,73.23500061035156,73.23500061035156,73.23500061035156,73.23500061035156,73.23500061035156,1571.0
2024-07-03 09:52:00,HOWL,2.0615999698638916,2.0615999698638916,2.0615999698638916,2.0615999698638916,2.0615999698638916,538.0
2024-07-03 09:52:00,HRMY,30.344999313354492,30.344999313354492,30.344999313354492,30.277099609375,30.33970069885254,2807.0
2024-07-03 09:52:00,HRTX,2.815000057220459,2.815000057220459,2.815000057220459,2.815000057220459,2.815000057220459,425.0
2024-07-03 09:52:00,HUMA,5.498000144958496,5.498000144958496,5.510000228881836,5.498000144958496,5.500999927520752,2341.0
2024-07-03 09:52:00,IBRX,6.199999809265137,6.199999809265137,6.228099822998047,6.190000057220459,6.21999979019165,21443.0
2024-07-03 09:52:00,ICCM,0.7300000190734863,0.7300000190734863,0.7300000190734863,0.7300000190734863,0.7300000190734863,1219.0
2024-07-03 09:52:00,ICLR,316.79998779296875,316.79998779296875,316.79998779296875,316.79998779296875,316.79998779296875,380.0
2024-07-03 09:52:00,IDXX,475.6700134277344,475.6700134277344,476.4800109863281,475.6700134277344,476.4800109863281,520.0
2024-07-03 09:52:00,ILMN,105.55500030517578,105.55500030517578,105.70500183105469,105.5,105.69499969482422,10769.0
2024-07-03 09:52:00,IMAB,1.5549999475479126,1.5549999475479126,1.5549999475479126,1.5549999475479126,1.5549999475479126,442.0
2024-07-03 09:52:00,IMMP,1.940000057220459,1.940000057220459,1.940000057220459,1.940000057220459,1.940000057220459,373.0
2024-07-03 09:52:00,IMMX,2.2300000190734863,2.2300000190734863,2.242500066757202,2.2279000282287598,2.242500066757202,0.0
2024-07-03 09:52:00,IMVT,26.700000762939453,26.700000762939453,26.700000762939453,26.649999618530273,26.700000762939453,815.0
2024-07-03 09:52:00,INCY,58.60499954223633,58.60499954223633,58.60499954223633,58.57500076293945,58.57500076293945,392.0
2024-07-03 09:52:00,INMB,8.0600004196167,8.0600004196167,8.0600004196167,8.020000457763672,8.020000457763672,1001.0
2024-07-03 09:52:00,INMD,17.829999923706055,17.829999923706055,17.829999923706055,17.809999465942383,17.809999465942383,4958.0
2024-07-03 09:52:00,INSM,64.08000183105469,64.08000183105469,64.13999938964844,64.05000305175781,64.13999938964844,2084.0
2024-07-03 09:52:00,INVO,0.777999997138977,0.777999997138977,0.777999997138977,0.777999997138977,0.777999997138977,870.0
2024-07-03 09:52:00,IONS,44.90999984741211,44.90999984741211,44.95500183105469,44.90999984741211,44.95500183105469,768.0
2024-07-03 09:52:00,IOVA,7.739799976348877,7.739799976348877,7.764999866485596,7.730000019073486,7.764999866485596,14467.0
2024-07-03 09:52:00,IRIX,1.9900000095367432,1.9900000095367432,1.9900000095367432,1.9900000095367432,1.9900000095367432,0.0
2024-07-03 09:52:00,IRTC,97.19999694824219,97.19999694824219,98.01000213623047,97.19999694824219,98.01000213623047,5759.0
2024-07-03 09:52:00,IRWD,6.166500091552734,6.166500091552734,6.166500091552734,6.144999980926514,6.150000095367432,4502.0
2024-07-03 09:52:00,ISRG,436.739990234375,436.739990234375,436.8500061035156,436.739990234375,436.8500061035156,1317.0
2024-07-03 09:52:00,ITCI,67.98500061035156,67.98500061035156,68.0999984741211,67.98500061035156,68.08999633789062,3505.0
2024-07-03 09:52:00,ITOS,14.710000038146973,14.710000038146973,14.710000038146973,14.710000038146973,14.710000038146973,201.0
2024-07-03 09:52:00,JAZZ,104.74500274658203,104.74500274658203,105.08499908447266,104.69999694824219,105.08499908447266,2674.0
2024-07-03 09:52:00,JSPR,23.735000610351562,23.735000610351562,23.920000076293945,23.735000610351562,23.920000076293945,604.0
2024-07-03 09:52:00,KALV,11.640000343322754,11.640000343322754,11.640000343322754,11.640000343322754,11.640000343322754,261.0
2024-07-03 09:52:00,KMDA,5.210000038146973,5.210000038146973,5.210000038146973,5.210000038146973,5.210000038146973,618.0
2024-07-03 09:52:00,KPTI,0.8349999785423279,0.8349999785423279,0.8349999785423279,0.8349999785423279,0.8349999785423279,600.0
2024-07-03 09:52:00,KTRA,0.258899986743927,0.258899986743927,0.2599000036716461,0.258899986743927,0.2599000036716461,1991.0
2024-07-03 09:52:00,KYMR,30.684999465942383,30.684999465942383,30.760000228881836,30.610000610351562,30.610000610351562,3160.0
2024-07-03 09:52:00,LAB,1.784999966621399,1.784999966621399,1.784999966621399,1.784999966621399,1.784999966621399,2284.0
2024-07-03 09:52:00,LBPH,31.0049991607666,31.0049991607666,31.18000030517578,31.0049991607666,31.06999969482422,13098.0
2024-07-03 09:52:00,LEGN,44.939998626708984,44.939998626708984,44.939998626708984,44.93000030517578,44.93000030517578,803.0
2024-07-03 09:52:00,LFST,5.079999923706055,5.079999923706055,5.079999923706055,5.079999923706055,5.079999923706055,1151.0
2024-07-03 09:52:00,LGVN,1.6549999713897705,1.6549999713897705,1.659999966621399,1.6549999713897705,1.659000039100647,7130.0
2024-07-03 09:52:00,LNTH,78.72000122070312,78.72000122070312,78.7300033569336,78.62000274658203,78.7300033569336,1302.0
2024-07-03 09:52:00,LOGC,5.684999942779541,5.684999942779541,5.684999942779541,5.684999942779541,5.684999942779541,429.0
2024-07-03 09:52:00,LSTA,3.4560999870300293,3.4560999870300293,3.4560999870300293,3.450000047683716,3.450000047683716,271.0
2024-07-03 09:52:00,LUCY,0.47999998927116394,0.47999998927116394,0.47999998927116394,0.47999998927116394,0.47999998927116394,4100.0
2024-07-03 09:52:00,LXRX,1.6150000095367432,1.6150000095367432,1.6150000095367432,1.6150000095367432,1.6150000095367432,1545.0
2024-07-03 09:52:00,MASI,112.98999786376953,112.98999786376953,112.98999786376953,112.98999786376953,112.98999786376953,1103.0
2024-07-03 09:52:00,MASS,4.730000019073486,4.730000019073486,4.7484002113342285,4.730000019073486,4.7484002113342285,556.0
2024-07-03 09:52:00,MBIO,0.5350000262260437,0.5350000262260437,0.5374000072479248,0.5350000262260437,0.5374000072479248,3074.0
2024-07-03 09:52:00,MBOT,1.065000057220459,1.065000057220459,1.0700000524520874,1.0601999759674072,1.0700000524520874,1500.0
2024-07-03 09:52:00,MBRX,3.4700000286102295,3.4700000286102295,3.4700000286102295,3.4700000286102295,3.4700000286102295,360.0
2024-07-03 09:52:00,MDXG,6.760000228881836,6.760000228881836,6.760000228881836,6.760000228881836,6.760000228881836,1924.0
2024-07-03 09:52:00,ME,0.4041999876499176,0.4041999876499176,0.4041999876499176,0.40049999952316284,0.4025000035762787,13423.0
2024-07-03 09:52:00,MEIP,2.809999942779541,2.809999942779541,2.809999942779541,2.809999942779541,2.809999942779541,0.0
2024-07-03 09:52:00,MGNX,4.210100173950195,4.210100173950195,4.21999979019165,4.210000038146973,4.21999979019165,2177.0
2024-07-03 09:52:00,MGTX,3.9700000286102295,3.9700000286102295,3.9700000286102295,3.9700000286102295,3.9700000286102295,19.0
2024-07-03 09:52:00,MHUA,0.8999999761581421,0.8999999761581421,0.8999999761581421,0.8999999761581421,0.8999999761581421,1008.0
2024-07-03 09:52:00,MIRM,34.084999084472656,34.084999084472656,34.084999084472656,34.084999084472656,34.084999084472656,635.0
2024-07-03 09:52:00,MMSI,86.01499938964844,86.01499938964844,86.01499938964844,86.01499938964844,86.01499938964844,439.0
2024-07-03 09:52:00,MNKD,5.070000171661377,5.070000171661377,5.074999809265137,5.059999942779541,5.070700168609619,9857.0
2024-07-03 09:52:00,MNMD,7.079999923706055,7.079999923706055,7.079999923706055,7.065000057220459,7.065000057220459,450.0
2024-07-03 09:52:00,MORF,31.34000015258789,31.34000015258789,31.34000015258789,31.34000015258789,31.34000015258789,244.0
2024-07-03 09:52:00,MRNA,117.75,117.75,117.90989685058594,117.54000091552734,117.80000305175781,7911.0
2024-07-03 09:52:00,MRSN,1.8849999904632568,1.8849999904632568,1.8849999904632568,1.8849999904632568,1.8849999904632568,605.0
2024-07-03 09:52:00,MRVI,6.809999942779541,6.809999942779541,6.829999923706055,6.809999942779541,6.829999923706055,1222.0
2024-07-03 09:52:00,MYGN,25.1200008392334,25.1200008392334,25.1200008392334,25.1200008392334,25.1200008392334,191.0
2024-07-03 09:52:00,NARI,49.26499938964844,49.26499938964844,49.26499938964844,49.26499938964844,49.26499938964844,433.0
2024-07-03 09:52:00,NEO,13.739999771118164,13.739999771118164,13.739999771118164,13.739999771118164,13.739999771118164,221.0
2024-07-03 09:52:00,NEOG,15.0600004196167,15.0600004196167,15.069999694824219,15.0600004196167,15.069999694824219,479.0
2024-07-03 09:52:00,NKTR,1.215000033378601,1.215000033378601,1.215000033378601,1.215000033378601,1.215000033378601,509.0
2024-07-03 09:52:00,NLSP,0.20200000703334808,0.20200000703334808,0.2070000022649765,0.20200000703334808,0.2070000022649765,11778.0
2024-07-03 09:52:00,NNOX,6.960000038146973,6.960000038146973,6.960000038146973,6.960000038146973,6.960000038146973,1578.0
2024-07-03 09:52:00,NRIX,18.979999542236328,18.979999542236328,19.0049991607666,18.940000534057617,18.987199783325195,3189.0
2024-07-03 09:52:00,NRSN,1.250100016593933,1.250100016593933,1.26010000705719,1.250100016593933,1.26010000705719,10935.0
2024-07-03 09:52:00,NTLA,22.3700008392334,22.3700008392334,22.3700008392334,22.3700008392334,22.3700008392334,805.0
2024-07-03 09:52:00,NTRA,112.61000061035156,112.61000061035156,112.62999725341797,112.55999755859375,112.61000061035156,1111.0
2024-07-03 09:52:00,NUVL,71.78500366210938,71.78500366210938,71.78500366210938,71.76000213623047,71.76000213623047,1076.0
2024-07-03 09:52:00,NVAX,12.920000076293945,12.920000076293945,13.029999732971191,12.920000076293945,13.029999732971191,32896.0
2024-07-03 09:52:00,NVCR,17.1200008392334,17.1200008392334,17.1200008392334,17.079999923706055,17.079999923706055,1390.0
2024-07-03 09:52:00,NVCT,6.420000076293945,6.420000076293945,6.420000076293945,6.420000076293945,6.420000076293945,520.0
2024-07-03 09:52:00,OCGN,1.6349999904632568,1.6349999904632568,1.6399999856948853,1.6349999904632568,1.639799952507019,8676.0
2024-07-03 09:52:00,OCUL,6.855000019073486,6.855000019073486,6.879499912261963,6.855000019073486,6.879499912261963,4177.0
2024-07-03 09:52:00,OLK,25.80500030517578,25.80500030517578,25.80500030517578,25.80500030517578,25.80500030517578,100.0
2024-07-03 09:52:00,OLMA,10.670000076293945,10.670000076293945,10.670000076293945,10.65999984741211,10.65999984741211,522.0
2024-07-03 09:52:00,OM,3.7200000286102295,3.7200000286102295,3.7200000286102295,3.7200000286102295,3.7200000286102295,104.0
2024-07-03 09:52:00,OMCL,26.1299991607666,26.1299991607666,26.1299991607666,26.1299991607666,26.1299991607666,328.0
2024-07-03 09:52:00,OMGA,2.049999952316284,2.049999952316284,2.049999952316284,2.049999952316284,2.049999952316284,803.0
2024-07-03 09:53:00,AADI,1.350000023841858,1.350000023841858,1.350000023841858,1.350000023841858,1.350000023841858,609.0
2024-07-03 09:53:00,ABCL,2.7750000953674316,2.7750000953674316,2.7750000953674316,2.7699999809265137,2.7699999809265137,1350.0
2024-07-03 09:53:00,ABEO,4.170000076293945,4.170000076293945,4.199999809265137,4.170000076293945,4.199999809265137,399.0
2024-07-03 09:53:00,ABSI,3.239300012588501,3.239300012588501,3.25,3.2279999256134033,3.240000009536743,8511.0
2024-07-03 09:53:00,ABUS,3.1649999618530273,3.1649999618530273,3.1649999618530273,3.1549999713897705,3.1649999618530273,18436.0
2024-07-03 09:53:00,ACAD,15.779999732971191,15.779999732971191,15.779999732971191,15.779999732971191,15.779999732971191,441.0
2024-07-03 09:53:00,ACB,4.75,4.75,4.75,4.735000133514404,4.735000133514404,5220.0
2024-07-03 09:53:00,ACCD,3.5113000869750977,3.5113000869750977,3.5350000858306885,3.5113000869750977,3.5350000858306885,2089.0
2024-07-03 09:53:00,ACET,1.090000033378601,1.090000033378601,1.100000023841858,1.090000033378601,1.100000023841858,7292.0
2024-07-03 09:53:00,ACHV,4.585000038146973,4.585000038146973,4.585000038146973,4.585000038146973,4.585000038146973,900.0
2024-07-03 09:53:00,ACIU,3.880000114440918,3.880000114440918,3.880000114440918,3.880000114440918,3.880000114440918,1819.0
2024-07-03 09:53:00,ACLX,53.71500015258789,53.71500015258789,53.71500015258789,53.70000076293945,53.70000076293945,439.0
2024-07-03 09:53:00,ADAP,1.0499999523162842,1.0499999523162842,1.0499999523162842,1.0410000085830688,1.0499999523162842,1791.0
2024-07-03 09:53:00,ADMA,11.279999732971191,11.279999732971191,11.319999694824219,11.279999732971191,11.3149995803833,6412.0
2024-07-03 09:53:00,ADPT,3.309999942779541,3.309999942779541,3.319999933242798,3.309999942779541,3.319999933242798,718.0
2024-07-03 09:53:00,ADUS,117.02999877929688,117.02999877929688,117.02999877929688,117.02999877929688,117.02999877929688,105.0
2024-07-03 09:53:00,AEMD,0.4178999960422516,0.4178999960422516,0.4287000000476837,0.4178999960422516,0.4287000000476837,9331.0
2024-07-03 09:53:00,AGEN,14.609999656677246,14.609999656677246,14.670000076293945,14.609999656677246,14.670000076293945,555.0
2024-07-03 09:53:00,AIMD,0.800000011920929,0.800000011920929,0.8001999855041504,0.800000011920929,0.8001999855041504,692.0
2024-07-03 09:53:00,AKBA,0.9498999714851379,0.9498999714851379,0.951200008392334,0.9441999793052673,0.9459999799728394,4151.0
2024-07-03 09:53:00,AKRO,21.8799991607666,21.8799991607666,21.8799991607666,21.8799991607666,21.8799991607666,174.0
2024-07-03 09:53:00,ALEC,4.389999866485596,4.389999866485596,4.389999866485596,4.389999866485596,4.389999866485596,1217.0
2024-07-03 09:53:00,ALGN,238.4199981689453,238.4199981689453,238.4199981689453,237.91000366210938,237.91000366210938,1733.0
2024-07-03 09:53:00,ALGS,0.4099999964237213,0.4099999964237213,0.4099999964237213,0.4099999964237213,0.4099999964237213,112.0
2024-07-03 09:53:00,ALHC,8.0,8.0,8.0,8.0,8.0,1472.0
2024-07-03 09:53:00,ALLK,0.8425999879837036,0.8425999879837036,0.8450000286102295,0.8425999879837036,0.8450000286102295,2100.0
2024-07-03 09:53:00,ALLO,2.119999885559082,2.119999885559082,2.140000104904175,2.119999885559082,2.125,16537.0
2024-07-03 09:53:00,ALLR,0.20630000531673431,0.20630000531673431,0.20630000531673431,0.20600000023841858,0.20600000023841858,2054.0
2024-07-03 09:53:00,ALNY,246.23500061035156,246.23500061035156,246.23500061035156,246.0749969482422,246.0749969482422,3855.0
2024-07-03 09:53:00,ALT,6.699999809265137,6.699999809265137,6.71999979019165,6.699999809265137,6.71999979019165,21014.0
2024-07-03 09:53:00,AMED,96.51000213623047,96.51000213623047,96.51000213623047,96.51000213623047,96.51000213623047,350.0
2024-07-03 09:53:00,AMGN,311.1199951171875,311.1199951171875,311.5249938964844,311.1199951171875,311.5249938964844,6226.0
2024-07-03 09:53:00,AMLX,1.7450000047683716,1.7450000047683716,1.75,1.7450000047683716,1.75,5151.0
2024-07-03 09:53:00,ANGO,5.670000076293945,5.670000076293945,5.679999828338623,5.670000076293945,5.679999828338623,1150.0
2024-07-03 09:53:00,ANNX,4.690000057220459,4.690000057220459,4.71999979019165,4.690000057220459,4.71999979019165,4844.0
2024-07-03 09:53:00,ANTX,2.4700000286102295,2.4700000286102295,2.4700000286102295,2.4700000286102295,2.4700000286102295,2746.0
2024-07-03 09:53:00,APDN,0.45010000467300415,0.45010000467300415,0.45509999990463257,0.45010000467300415,0.45509999990463257,7117.0
2024-07-03 09:53:00,APLS,36.04999923706055,36.04999923706055,36.04999923706055,36.04999923706055,36.04999923706055,638.0
2024-07-03 09:53:00,AQST,2.369999885559082,2.369999885559082,2.375,2.369999885559082,2.3701000213623047,1623.0
2024-07-03 09:53:00,ARCT,21.479999542236328,21.479999542236328,21.5,21.479999542236328,21.5,521.0
2024-07-03 09:53:00,ARDX,5.15500020980835,5.15500020980835,5.204999923706055,5.15500020980835,5.195000171661377,36569.0
2024-07-03 09:53:00,ARGX,436.0,436.0,436.4049987792969,436.0,436.4049987792969,791.0
2024-07-03 09:53:00,ARQT,9.489999771118164,9.489999771118164,9.545000076293945,9.489999771118164,9.539999961853027,5906.0
2024-07-03 09:53:00,ARVN,24.959999084472656,24.959999084472656,24.959999084472656,24.959999084472656,24.959999084472656,174.0
2024-07-03 09:53:00,ASRT,1.2949999570846558,1.2949999570846558,1.315999984741211,1.2949999570846558,1.315999984741211,16026.0
2024-07-03 09:53:00,ATXS,9.029999732971191,9.029999732971191,9.029999732971191,9.029999732971191,9.029999732971191,201.0
2024-07-03 09:53:00,AUGX,0.993399977684021,0.993399977684021,0.9998999834060669,0.9800000190734863,0.9800000190734863,24281.0
2024-07-03 09:53:00,AUPH,5.474999904632568,5.474999904632568,5.474999904632568,5.474999904632568,5.474999904632568,425.0
2024-07-03 09:53:00,AUTL,3.4200000762939453,3.4200000762939453,3.4200000762939453,3.4200000762939453,3.4200000762939453,1992.0
2024-07-03 09:53:00,AVTE,1.5950000286102295,1.5950000286102295,1.5999000072479248,1.5901000499725342,1.5901000499725342,1283.0
2024-07-03 09:53:00,AXDX,1.1749999523162842,1.1749999523162842,1.1749999523162842,1.1749999523162842,1.1749999523162842,0.0
2024-07-03 09:53:00,AZN,76.79499816894531,76.79499816894531,76.80500030517578,76.79000091552734,76.79499816894531,4588.0
2024-07-03 09:53:00,BACK,1.7870999574661255,1.7870999574661255,1.7870999574661255,1.7870999574661255,1.7870999574661255,988.0
2024-07-03 09:53:00,BCAB,1.3200000524520874,1.3200000524520874,1.3200000524520874,1.3200000524520874,1.3200000524520874,219.0
2024-07-03 09:53:00,BCDA,3.0399999618530273,3.0399999618530273,3.0399999618530273,3.0299999713897705,3.0299999713897705,1014.0
2024-07-03 09:53:00,BCRX,6.620500087738037,6.620500087738037,6.620500087738037,6.619999885559082,6.619999885559082,1637.0
2024-07-03 09:53:00,BCTX,1.0312999486923218,1.0312999486923218,1.0312999486923218,1.0175000429153442,1.024999976158142,1749.0
2024-07-03 09:53:00,BCYC,19.739999771118164,19.739999771118164,19.75,19.639999389648438,19.639999389648438,965.0
2024-07-03 09:53:00,BDTX,4.170000076293945,4.170000076293945,4.190000057220459,4.170000076293945,4.190000057220459,1283.0
2024-07-03 09:53:00,BEAM,23.229999542236328,23.229999542236328,23.229999542236328,23.229999542236328,23.229999542236328,270.0
2024-07-03 09:53:00,BEAT,2.8949999809265137,2.8949999809265137,2.8949999809265137,2.875,2.875,742.0
2024-07-03 09:53:00,BGXX,0.2700999975204468,0.2700999975204468,0.271699994802475,0.2700999975204468,0.271699994802475,890.0
2024-07-03 09:53:00,BIIB,226.08999633789062,226.08999633789062,226.66000366210938,226.05999755859375,226.66000366210938,2522.0
2024-07-03 09:53:00,BJDX,0.6220999956130981,0.6220999956130981,0.6220999956130981,0.6220999956130981,0.6220999956130981,608.0
2024-07-03 09:53:00,BLUE,0.9172000288963318,0.9172000288963318,0.9193999767303467,0.9172000288963318,0.9186000227928162,21916.0
2024-07-03 09:53:00,BMRN,82.0,82.0,82.0,82.0,82.0,542.0
2024-07-03 09:53:00,BNGO,0.5873000025749207,0.5873000025749207,0.5888000130653381,0.5873000025749207,0.5888000130653381,3401.0
2024-07-03 09:53:00,BNTX,80.80500030517578,80.80500030517578,80.86000061035156,80.66999816894531,80.86000061035156,1883.0
2024-07-03 09:53:00,BOLT,0.7371000051498413,0.7371000051498413,0.7371000051498413,0.7371000051498413,0.7371000051498413,4696.0
2024-07-03 09:53:00,BRKR,62.04499816894531,62.04499816894531,62.10499954223633,62.04499816894531,62.099998474121094,997.0
2024-07-03 09:53:00,BTAI,1.065000057220459,1.065000057220459,1.0699000358581543,1.059999942779541,1.0699000358581543,627.0
2024-07-03 09:53:00,BTCY,0.7470999956130981,0.7470999956130981,0.7470999956130981,0.7470999956130981,0.7470999956130981,241.0
2024-07-03 09:53:00,CABA,7.53000020980835,7.53000020980835,7.53000020980835,7.460000038146973,7.460000038146973,6300.0
2024-07-03 09:53:00,CASI,5.179999828338623,5.179999828338623,5.179999828338623,5.179999828338623,5.179999828338623,156.0
2024-07-03 09:53:00,CCCC,4.675000190734863,4.675000190734863,4.730000019073486,4.675000190734863,4.730000019073486,3102.0
2024-07-03 09:53:00,CDMO,7.190999984741211,7.190999984741211,7.190999984741211,7.190999984741211,7.190999984741211,2033.0
2024-07-03 09:53:00,CDNA,15.149999618530273,15.149999618530273,15.149999618530273,15.149999618530273,15.149999618530273,317.0
2024-07-03 09:53:00,CDXS,2.930000066757202,2.930000066757202,2.930000066757202,2.930000066757202,2.930000066757202,275.0
2024-07-03 09:53:00,CERS,1.7050000429153442,1.7050000429153442,1.7100000381469727,1.7050000429153442,1.7100000381469727,7931.0
2024-07-03 09:53:00,CGC,6.605000019073486,6.605000019073486,6.619999885559082,6.590000152587891,6.590000152587891,42391.0
2024-07-03 09:53:00,CGEM,16.350000381469727,16.350000381469727,16.350000381469727,16.350000381469727,16.350000381469727,253.0
2024-07-03 09:53:00,CGEN,1.690000057220459,1.690000057220459,1.690000057220459,1.690000057220459,1.690000057220459,200.0
2024-07-03 09:53:00,CGTX,1.8260999917984009,1.8260999917984009,1.8260999917984009,1.8000999689102173,1.8000999689102173,300.0
2024-07-03 09:53:00,CHRS,1.3550000190734863,1.3550000190734863,1.3600000143051147,1.350100040435791,1.3580000400543213,3873.0
2024-07-03 09:53:00,CING,0.30149999260902405,0.30149999260902405,0.30149999260902405,0.30149999260902405,0.30149999260902405,880.0
2024-07-03 09:53:00,CKPT,2.1949000358581543,2.1949000358581543,2.200000047683716,2.1700000762939453,2.180000066757202,16799.0
2024-07-03 09:53:00,CLDX,36.65999984741211,36.65999984741211,36.810001373291016,36.650001525878906,36.79999923706055,4084.0
2024-07-03 09:53:00,CLOV,1.2450000047683716,1.2450000047683716,1.2549999952316284,1.2450000047683716,1.2549999952316284,39500.0
2024-07-03 09:53:00,CLRB,2.4200000762939453,2.4200000762939453,2.4200000762939453,2.3875999450683594,2.3875999450683594,275.0
2024-07-03 09:53:00,CMPX,0.8799999952316284,0.8799999952316284,0.8799999952316284,0.8701000213623047,0.8701000213623047,8848.0
2024-07-03 09:53:00,CNSP,2.559999942779541,2.559999942779541,2.5899999141693115,2.440000057220459,2.484999895095825,780616.0
2024-07-03 09:53:00,CNTB,1.3899999856948853,1.3899999856948853,1.3899999856948853,1.3600000143051147,1.3899999856948853,3215.0
2024-07-03 09:53:00,COGT,8.288000106811523,8.288000106811523,8.289999961853027,8.265000343322754,8.265000343322754,5122.0
2024-07-03 09:53:00,CORT,31.364999771118164,31.364999771118164,31.420000076293945,31.34000015258789,31.415000915527344,9389.0
2024-07-03 09:53:00,COSM,1.0099999904632568,1.0099999904632568,1.0099999904632568,1.0099999904632568,1.0099999904632568,4828.0
2024-07-03 09:53:00,CRBU,1.5700000524520874,1.5700000524520874,1.5850000381469727,1.5700000524520874,1.5850000381469727,16919.0
2024-07-03 09:53:00,CRNX,44.95000076293945,44.95000076293945,44.95000076293945,44.95000076293945,44.95000076293945,215.0
2024-07-03 09:53:00,CRON,2.325000047683716,2.325000047683716,2.3299999237060547,2.325000047683716,2.3299999237060547,620.0
2024-07-03 09:53:00,CRSP,53.43000030517578,53.43000030517578,53.5,53.43000030517578,53.5,2302.0
2024-07-03 09:53:00,CRVS,1.7999999523162842,1.7999999523162842,1.7999999523162842,1.7999999523162842,1.7999999523162842,3714.0
2024-07-03 09:53:00,CSTL,21.049999237060547,21.049999237060547,21.15999984741211,21.049999237060547,21.1299991607666,1936.0
2024-07-03 09:53:00,CTKB,5.690000057220459,5.690000057220459,5.690000057220459,5.679999828338623,5.679999828338623,3425.0
2024-07-03 09:53:00,CTMX,1.3272000551223755,1.3272000551223755,1.3272000551223755,1.3200000524520874,1.3200000524520874,246.0
2024-07-03 09:53:00,CTXR,0.5199999809265137,0.5199999809265137,0.5270000100135803,0.5199999809265137,0.5270000100135803,15440.0
2024-07-03 09:53:00,CUE,1.0099999904632568,1.0099999904632568,1.0199999809265137,1.0099999904632568,1.0199999809265137,564.0
2024-07-03 09:53:00,CUTR,1.3695000410079956,1.3695000410079956,1.3695000410079956,1.3695000410079956,1.3695000410079956,980.0
2024-07-03 09:53:00,CVAC,3.450000047683716,3.450000047683716,3.4600000381469727,3.390000104904175,3.3949999809265137,66916.0
2024-07-03 09:53:00,CYTK,54.95000076293945,54.95000076293945,54.95000076293945,54.95000076293945,54.95000076293945,318.0
2024-07-03 09:53:00,DCGO,2.9100000858306885,2.9100000858306885,2.9200000762939453,2.9100000858306885,2.9200000762939453,2751.0
2024-07-03 09:53:00,DCTH,7.889999866485596,7.889999866485596,7.889999866485596,7.880000114440918,7.880000114440918,2660.0
2024-07-03 09:53:00,DNLI,22.1299991607666,22.1299991607666,22.1299991607666,22.075000762939453,22.075000762939453,1156.0
2024-07-03 09:53:00,DXCM,111.052001953125,111.052001953125,111.052001953125,111.01499938964844,111.01499938964844,2821.0
2024-07-03 09:53:00,EDIT,4.610000133514404,4.610000133514404,4.625,4.610000133514404,4.625,2127.0
2024-07-03 09:53:00,ELEV,2.7200000286102295,2.7200000286102295,2.7200000286102295,2.700000047683716,2.7100000381469727,748.0
2024-07-03 09:53:00,EMBC,11.890000343322754,11.890000343322754,11.890000343322754,11.890000343322754,11.890000343322754,287.0
2024-07-03 09:53:00,ENTA,13.404999732971191,13.404999732971191,13.404999732971191,13.404999732971191,13.404999732971191,254.0
2024-07-03 09:53:00,ENVB,0.5400000214576721,0.5400000214576721,0.5400000214576721,0.5400000214576721,0.5400000214576721,425.0
2024-07-03 09:53:00,ESPR,2.384999990463257,2.384999990463257,2.390000104904175,2.3826000690460205,2.390000104904175,6975.0
2024-07-03 09:53:00,ESTA,42.939998626708984,42.939998626708984,43.20500183105469,42.939998626708984,43.0099983215332,1247.0
2024-07-03 09:53:00,ETNB,7.739999771118164,7.739999771118164,7.739999771118164,7.739999771118164,7.739999771118164,326.0
2024-07-03 09:53:00,EWTX,18.065000534057617,18.065000534057617,18.100000381469727,18.049999237060547,18.049999237060547,1251.0
2024-07-03 09:53:00,EXAI,5.28000020980835,5.28000020980835,5.28000020980835,5.28000020980835,5.28000020980835,287.0
2024-07-03 09:53:00,EXAS,43.465999603271484,43.465999603271484,43.540000915527344,43.45000076293945,43.540000915527344,2214.0
2024-07-03 09:53:00,EXEL,22.18000030517578,22.18000030517578,22.184999465942383,22.18000030517578,22.18000030517578,1375.0
2024-07-03 09:53:00,EYEN,0.7303000092506409,0.7303000092506409,0.7400000095367432,0.7303000092506409,0.7400000095367432,4579.0
2024-07-03 09:53:00,EYPT,8.175000190734863,8.175000190734863,8.199999809265137,8.140000343322754,8.199999809265137,2317.0
2024-07-03 09:53:00,FATE,3.1700000762939453,3.1700000762939453,3.200000047683716,3.1700000762939453,3.200000047683716,2379.0
2024-07-03 09:53:00,FDMT,20.75,20.75,20.75,20.75,20.75,202.0
2024-07-03 09:53:00,FENC,6.03000020980835,6.03000020980835,6.03000020980835,6.03000020980835,6.03000020980835,1005.0
2024-07-03 09:53:00,FGEN,0.7149999737739563,0.7149999737739563,0.7287999987602234,0.7149999737739563,0.7200000286102295,48357.0
2024-07-03 09:53:00,FHTX,5.335000038146973,5.335000038146973,5.335000038146973,5.335000038146973,5.335000038146973,201.0
2024-07-03 09:53:00,FOLD,9.890000343322754,9.890000343322754,9.890000343322754,9.880000114440918,9.890000343322754,1163.0
2024-07-03 09:53:00,FULC,6.139999866485596,6.139999866485596,6.15500020980835,6.139999866485596,6.15500020980835,500.0
2024-07-03 09:53:00,GALT,2.2249999046325684,2.2249999046325684,2.2249999046325684,2.2249999046325684,2.2249999046325684,200.0
2024-07-03 09:53:00,GDRX,7.789999961853027,7.789999961853027,7.789999961853027,7.789999961853027,7.789999961853027,256.0
2024-07-03 09:53:00,GERN,4.260000228881836,4.260000228881836,4.269999980926514,4.260000228881836,4.269999980926514,1734.0
2024-07-03 09:53:00,GH,28.549999237060547,28.549999237060547,28.549999237060547,28.540000915527344,28.549999237060547,1613.0
2024-07-03 09:53:00,GILD,67.61229705810547,67.61229705810547,67.63999938964844,67.58999633789062,67.63999938964844,6132.0
2024-07-03 09:53:00,GMAB,25.170000076293945,25.170000076293945,25.170000076293945,25.170000076293945,25.170000076293945,1566.0
2024-07-03 09:53:00,GOSS,0.9197999835014343,0.9197999835014343,0.925000011920929,0.9150000214576721,0.9150000214576721,11738.0
2024-07-03 09:53:00,GOVX,3.1303000450134277,3.1303000450134277,3.1303000450134277,3.130000114440918,3.130000114440918,8669.0
2024-07-03 09:53:00,GRFS,6.599999904632568,6.599999904632568,6.599999904632568,6.599999904632568,6.599999904632568,111.0
2024-07-03 09:53:00,GRTS,0.5701000094413757,0.5701000094413757,0.5701000094413757,0.5701000094413757,0.5701000094413757,402.0
2024-07-03 09:53:00,GTHX,2.549999952316284,2.549999952316284,2.549999952316284,2.549999952316284,2.549999952316284,302.0
2024-07-03 09:53:00,HALO,51.525001525878906,51.525001525878906,51.709999084472656,51.5,51.709999084472656,3878.0
2024-07-03 09:53:00,HCM,17.44499969482422,17.44499969482422,17.44499969482422,17.44499969482422,17.44499969482422,500.0
2024-07-03 09:53:00,HLVX,13.989999771118164,13.989999771118164,14.039999961853027,13.989999771118164,14.039999961853027,357.0
2024-07-03 09:53:00,HOLX,73.19499969482422,73.19499969482422,73.2300033569336,73.16999816894531,73.2300033569336,3903.0
2024-07-03 09:53:00,HQY,84.1500015258789,84.1500015258789,84.44000244140625,84.1500015258789,84.44000244140625,3524.0
2024-07-03 09:53:00,HRMY,30.260000228881836,30.260000228881836,30.354999542236328,30.25,30.354999542236328,813.0
2024-07-03 09:53:00,HROW,21.55500030517578,21.55500030517578,21.600000381469727,21.5,21.600000381469727,3045.0
2024-07-03 09:53:00,HRTX,2.7750000953674316,2.7750000953674316,2.815000057220459,2.7750000953674316,2.815000057220459,25818.0
2024-07-03 09:53:00,HSIC,64.88999938964844,64.88999938964844,65.0199966430664,64.88999938964844,64.94000244140625,2349.0
2024-07-03 09:53:00,HSTM,27.670000076293945,27.670000076293945,27.670000076293945,27.670000076293945,27.670000076293945,1257.0
2024-07-03 09:53:00,HUGE,0.15360000729560852,0.15360000729560852,0.15360000729560852,0.15360000729560852,0.15360000729560852,1077.0
2024-07-03 09:53:00,HUMA,5.494999885559082,5.494999885559082,5.494999885559082,5.489999771118164,5.493500232696533,3218.0
2024-07-03 09:53:00,HYPR,0.925000011920929,0.925000011920929,0.925000011920929,0.925000011920929,0.925000011920929,200.0
2024-07-03 09:53:00,IBRX,6.190000057220459,6.190000057220459,6.206699848175049,6.190000057220459,6.206699848175049,601.0
2024-07-03 09:53:00,IDXX,475.8800048828125,475.8800048828125,475.8800048828125,475.8800048828125,475.8800048828125,540.0
2024-07-03 09:53:00,IDYA,33.36000061035156,33.36000061035156,33.36000061035156,33.36000061035156,33.36000061035156,528.0
2024-07-03 09:53:00,IGMS,6.420000076293945,6.420000076293945,6.420000076293945,6.420000076293945,6.420000076293945,200.0
2024-07-03 09:53:00,ILMN,105.38999938964844,105.38999938964844,105.55500030517578,105.38999938964844,105.55500030517578,1852.0
2024-07-03 09:53:00,IMMX,2.309999942779541,2.309999942779541,2.359999895095825,2.240000009536743,2.240000009536743,36995.0
2024-07-03 09:53:00,IMNM,11.8100004196167,11.8100004196167,11.8149995803833,11.800000190734863,11.800000190734863,1355.0
2024-07-03 09:53:00,IMVT,26.610000610351562,26.610000610351562,26.610000610351562,26.610000610351562,26.610000610351562,308.0
2024-07-03 09:53:00,INCR,2.0510001182556152,2.0510001182556152,2.0510001182556152,2.0510001182556152,2.0510001182556152,280.0
2024-07-03 09:53:00,INCY,58.61000061035156,58.61000061035156,58.61000061035156,58.56999969482422,58.59000015258789,1097.0
2024-07-03 09:53:00,INGN,7.690000057220459,7.690000057220459,7.690000057220459,7.690000057220459,7.690000057220459,202.0
2024-07-03 09:53:00,INMB,8.0600004196167,8.0600004196167,8.0600004196167,8.020000457763672,8.020000457763672,263.0
2024-07-03 09:53:00,INMD,17.75,17.75,17.825000762939453,17.75,17.809999465942383,20745.0
2024-07-03 09:53:00,INO,8.5,8.5,8.5,8.5,8.5,300.0
2024-07-03 09:53:00,INSM,64.01000213623047,64.01000213623047,64.16999816894531,64.0000991821289,64.06999969482422,2000.0
2024-07-03 09:53:00,INVA,16.450000762939453,16.450000762939453,16.450000762939453,16.450000762939453,16.450000762939453,187.0
2024-07-03 09:53:00,INZY,4.454999923706055,4.454999923706055,4.465000152587891,4.449999809265137,4.460000038146973,5231.0
2024-07-03 09:53:00,IOBT,1.1100000143051147,1.1100000143051147,1.1200000047683716,1.1100000143051147,1.1200000047683716,1320.0
2024-07-03 09:53:00,IONM,0.33009999990463257,0.33009999990463257,0.33009999990463257,0.33000001311302185,0.33000001311302185,3950.0
2024-07-03 09:53:00,IONS,44.845001220703125,44.845001220703125,44.901100158691406,44.845001220703125,44.900001525878906,883.0
2024-07-03 09:53:00,IOVA,7.730000019073486,7.730000019073486,7.735000133514404,7.71999979019165,7.735000133514404,15212.0
2024-07-03 09:53:00,IRWD,6.150000095367432,6.150000095367432,6.150000095367432,6.150000095367432,6.150000095367432,322.0
2024-07-03 09:53:00,ISRG,436.82501220703125,436.82501220703125,436.82501220703125,436.4700012207031,436.4700012207031,2300.0
2024-07-03 09:53:00,ITOS,14.720000267028809,14.720000267028809,14.720000267028809,14.720000267028809,14.720000267028809,530.0
2024-07-03 09:53:00,IXHL,2.9200000762939453,2.9200000762939453,2.9200000762939453,2.9200000762939453,2.9200000762939453,100.0
2024-07-03 09:53:00,JAZZ,104.80999755859375,104.80999755859375,104.80999755859375,104.74500274658203,104.74500274658203,4435.0
2024-07-03 09:53:00,JSPR,23.7450008392334,23.7450008392334,23.7450008392334,23.7450008392334,23.7450008392334,200.0
2024-07-03 09:53:00,KALV,11.59000015258789,11.59000015258789,11.635000228881836,11.59000015258789,11.619999885559082,1180.0
2024-07-03 09:53:00,KNSA,18.649999618530273,18.649999618530273,18.649999618530273,18.649999618530273,18.649999618530273,200.0
2024-07-03 09:53:00,KPTI,0.8267999887466431,0.8267999887466431,0.8299999833106995,0.8267999887466431,0.8267999887466431,524.0
2024-07-03 09:53:00,KROS,42.400001525878906,42.400001525878906,42.400001525878906,42.400001525878906,42.400001525878906,841.0
2024-07-03 09:53:00,KRYS,178.50999450683594,178.50999450683594,178.50999450683594,178.50999450683594,178.50999450683594,627.0
2024-07-03 09:53:00,KTRA,0.25999999046325684,0.25999999046325684,0.25999999046325684,0.259799987077713,0.259799987077713,2575.0
2024-07-03 09:53:00,KURA,20.479999542236328,20.479999542236328,20.510000228881836,20.479999542236328,20.510000228881836,753.0
2024-07-03 09:53:00,KYMR,30.530000686645508,30.530000686645508,30.69499969482422,30.530000686645508,30.69499969482422,2891.0
2024-07-03 09:53:00,LAB,1.7799999713897705,1.7799999713897705,1.7799999713897705,1.7799999713897705,1.7799999713897705,200.0
2024-07-03 09:53:00,LBPH,31.0,31.0,31.020000457763672,31.0,31.020000457763672,6874.0
2024-07-03 09:53:00,LEGN,44.73500061035156,44.73500061035156,44.86000061035156,44.73500061035156,44.86000061035156,1041.0
2024-07-03 09:53:00,LFST,5.079999923706055,5.079999923706055,5.079999923706055,5.079999923706055,5.079999923706055,13.0
2024-07-03 09:53:00,LGVN,1.659500002861023,1.659500002861023,1.659999966621399,1.659500002861023,1.659999966621399,87.0
2024-07-03 09:53:00,LNTH,78.7300033569336,78.7300033569336,78.7300033569336,78.72000122070312,78.72000122070312,918.0
2024-07-03 09:53:00,LQDA,11.880000114440918,11.880000114440918,11.890000343322754,11.880000114440918,11.890000343322754,1240.0
2024-07-03 09:53:00,LRMR,7.644999980926514,7.644999980926514,7.684999942779541,7.644999980926514,7.670000076293945,895.0
2024-07-03 09:53:00,LUCD,0.7609999775886536,0.7609999775886536,0.7609999775886536,0.7609999775886536,0.7609999775886536,300.0
2024-07-03 09:53:00,LUCY,0.4700999855995178,0.4700999855995178,0.47999998927116394,0.4700999855995178,0.47999998927116394,17120.0
2024-07-03 09:53:00,LVTX,1.8799999952316284,1.8799999952316284,1.906000018119812,1.8799999952316284,1.8890999555587769,41555.0
2024-07-03 09:53:00,LXRX,1.5999000072479248,1.5999000072479248,1.6100000143051147,1.5950000286102295,1.6100000143051147,38827.0
2024-07-03 09:53:00,LYEL,1.4249999523162842,1.4249999523162842,1.4332000017166138,1.4249999523162842,1.4329999685287476,3604.0
2024-07-03 09:53:00,LYRA,0.27570000290870667,0.27570000290870667,0.27570000290870667,0.27570000290870667,0.27570000290870667,222.0
2024-07-03 09:53:00,MASI,113.2699966430664,113.2699966430664,113.2699966430664,113.1500015258789,113.16999816894531,1504.0
2024-07-03 09:53:00,MBIO,0.5350000262260437,0.5350000262260437,0.5350000262260437,0.5350000262260437,0.5350000262260437,25300.0
2024-07-03 09:53:00,MBOT,1.0700000524520874,1.0700000524520874,1.0700000524520874,1.0645999908447266,1.0674999952316284,20240.0
2024-07-03 09:53:00,MCRB,0.7081000208854675,0.7081000208854675,0.7081000208854675,0.7081000208854675,0.7081000208854675,6678.0
2024-07-03 09:53:00,MDWD,15.289999961853027,15.289999961853027,15.336000442504883,15.289999961853027,15.336000442504883,790.0
2024-07-03 09:53:00,ME,0.39739999175071716,0.39739999175071716,0.4041999876499176,0.39739999175071716,0.4041999876499176,4005.0
2024-07-03 09:53:00,MGNX,4.199999809265137,4.199999809265137,4.210000038146973,4.199999809265137,4.210000038146973,492.0
2024-07-03 09:53:00,MNKD,5.050000190734863,5.050000190734863,5.059999942779541,5.050000190734863,5.059999942779541,3024.0
2024-07-03 09:53:00,MNMD,7.059999942779541,7.059999942779541,7.079999923706055,7.059999942779541,7.079999923706055,963.0
2024-07-03 09:53:00,MORF,31.200000762939453,31.200000762939453,31.200000762939453,31.200000762939453,31.200000762939453,890.0
2024-07-03 09:53:00,MREO,3.450000047683716,3.450000047683716,3.450000047683716,3.450000047683716,3.450000047683716,409.0
2024-07-03 09:53:00,MRNA,117.36000061035156,117.36000061035156,117.72000122070312,117.16000366210938,117.58999633789062,8001.0
2024-07-03 09:53:00,MRSN,1.8849999904632568,1.8849999904632568,1.8849999904632568,1.8849999904632568,1.8849999904632568,600.0
2024-07-03 09:53:00,MRVI,6.769999980926514,6.769999980926514,6.789999961853027,6.769999980926514,6.789999961853027,846.0
2024-07-03 09:53:00,MYMD,1.8250000476837158,1.8250000476837158,1.8250000476837158,1.8250000476837158,1.8250000476837158,1553.0
2024-07-03 09:53:00,MYNZ,0.3499000072479248,0.3499000072479248,0.3499000072479248,0.3499000072479248,0.3499000072479248,0.0
2024-07-03 09:53:00,NDRA,0.08579999953508377,0.08579999953508377,0.08579999953508377,0.08550000190734863,0.08569999784231186,14535.0
2024-07-03 09:53:00,NEO,13.699999809265137,13.699999809265137,13.720000267028809,13.699999809265137,13.720000267028809,903.0
2024-07-03 09:53:00,NEOG,15.020000457763672,15.020000457763672,15.050000190734863,15.020000457763672,15.050000190734863,662.0
2024-07-03 09:53:00,NERV,3.140000104904175,3.140000104904175,3.140000104904175,3.140000104904175,3.140000104904175,395.0
2024-07-03 09:53:00,NKTR,1.2100000381469727,1.2100000381469727,1.215000033378601,1.2100000381469727,1.2120000123977661,12654.0
2024-07-03 09:53:00,NKTX,5.230000019073486,5.230000019073486,5.28000020980835,5.230000019073486,5.28000020980835,4019.0
2024-07-03 09:53:00,NLSP,0.20200000703334808,0.20200000703334808,0.20200000703334808,0.20160000026226044,0.20160000026226044,852.0
2024-07-03 09:53:00,NNOX,6.96999979019165,6.96999979019165,6.96999979019165,6.96999979019165,6.96999979019165,1567.0
2024-07-03 09:53:00,NRIX,18.979999542236328,18.979999542236328,18.979999542236328,18.979999542236328,18.979999542236328,228.0
2024-07-03 09:53:00,NRSN,1.2400000095367432,1.2400000095367432,1.25,1.2400000095367432,1.25,21786.0
2024-07-03 09:53:00,NTLA,22.280000686645508,22.280000686645508,22.360000610351562,22.260000228881836,22.34000015258789,4982.0
2024-07-03 09:53:00,NTRA,112.5,112.5,112.58499908447266,112.5,112.58499908447266,592.0
2024-07-03 09:53:00,NTRB,5.804999828338623,5.804999828338623,5.804999828338623,5.804999828338623,5.804999828338623,3073.0
2024-07-03 09:53:00,NUWE,4.144999980926514,4.144999980926514,4.144999980926514,4.144999980926514,4.144999980926514,343.0
2024-07-03 09:53:00,NVAX,12.899999618530273,12.899999618530273,12.90999984741211,12.880000114440918,12.909899711608887,21847.0
2024-07-03 09:53:00,NVCR,17.100000381469727,17.100000381469727,17.100000381469727,17.079999923706055,17.100000381469727,2048.0
2024-07-03 09:53:00,OCGN,1.6394000053405762,1.6394000053405762,1.6399999856948853,1.6394000053405762,1.6399999856948853,5877.0
2024-07-03 09:53:00,OCUL,6.849999904632568,6.849999904632568,6.849999904632568,6.840000152587891,6.849999904632568,2823.0
2024-07-03 09:53:00,OFIX,13.199999809265137,13.199999809265137,13.199999809265137,13.199999809265137,13.199999809265137,644.0
2024-07-03 09:53:00,OGI,1.5499999523162842,1.5499999523162842,1.5499999523162842,1.5499999523162842,1.5499999523162842,422.0
2024-07-03 09:53:00,OLMA,10.574999809265137,10.574999809265137,10.65999984741211,10.569999694824219,10.65999984741211,3264.0
2024-07-03 09:53:00,OM,3.7174999713897705,3.7174999713897705,3.7174999713897705,3.7174999713897705,3.7174999713897705,608.0
2024-07-03 09:53:00,OMER,3.890000104904175,3.890000104904175,3.890000104904175,3.880000114440918,3.880000114440918,316.0
2024-07-03 09:53:00,ONCT,7.139999866485596,7.139999866485596,7.139999866485596,7.139999866485596,7.139999866485596,0.0
2024-07-03 09:54:00,ABCL,2.765000104904175,2.765000104904175,2.7709999084472656,2.765000104904175,2.770400047302246,6890.0
2024-07-03 09:54:00,ABSI,3.237499952316284,3.237499952316284,3.2399001121520996,3.2304000854492188,3.239799976348877,2297.0
2024-07-03 09:54:00,ABUS,3.1700000762939453,3.1700000762939453,3.1700000762939453,3.1649999618530273,3.1649999618530273,902.0
2024-07-03 09:54:00,ACAD,15.789899826049805,15.789899826049805,15.789899826049805,15.789899826049805,15.789899826049805,369.0
2024-07-03 09:54:00,ACB,4.750100135803223,4.750100135803223,4.760000228881836,4.739999771118164,4.760000228881836,10979.0
2024-07-03 09:54:00,ACCD,3.5299999713897705,3.5299999713897705,3.5299999713897705,3.5201001167297363,3.5299999713897705,11766.0
2024-07-03 09:54:00,ACET,1.090399980545044,1.090399980545044,1.090399980545044,1.090399980545044,1.090399980545044,574.0
2024-07-03 09:54:00,ACHC,65.93000030517578,65.93000030517578,65.93000030517578,65.87000274658203,65.88999938964844,2633.0
2024-07-03 09:54:00,ACHV,4.550000190734863,4.550000190734863,4.585000038146973,4.5,4.585000038146973,30896.0
2024-07-03 09:54:00,ACLX,53.595001220703125,53.595001220703125,53.595001220703125,53.595001220703125,53.595001220703125,2.0
2024-07-03 09:54:00,ACRS,1.1699999570846558,1.1699999570846558,1.1699999570846558,1.1699999570846558,1.1699999570846558,329.0
2024-07-03 09:54:00,ADAP,1.0400999784469604,1.0400999784469604,1.0400999784469604,1.0400999784469604,1.0400999784469604,817.0
2024-07-03 09:54:00,ADMA,11.25,11.25,11.271300315856934,11.239999771118164,11.271300315856934,8364.0
2024-07-03 09:54:00,ADPT,3.309999942779541,3.309999942779541,3.309999942779541,3.305299997329712,3.305299997329712,836.0
2024-07-03 09:54:00,ADUS,117.05000305175781,117.05000305175781,117.05000305175781,117.05000305175781,117.05000305175781,104.0
2024-07-03 09:54:00,AGEN,14.489999771118164,14.489999771118164,14.520000457763672,14.479999542236328,14.520000457763672,1487.0
2024-07-03 09:54:00,AIMD,0.7975000143051147,0.7975000143051147,0.7975000143051147,0.7975000143051147,0.7975000143051147,200.0
2024-07-03 09:54:00,AKAN,2.25,2.25,2.25,2.25,2.25,828.0
2024-07-03 09:54:00,AKBA,0.9448000192642212,0.9448000192642212,0.9448000192642212,0.9423999786376953,0.9423999786376953,1814.0
2024-07-03 09:54:00,AKRO,21.81999969482422,21.81999969482422,21.8700008392334,21.739999771118164,21.8700008392334,2256.0
2024-07-03 09:54:00,ALGS,0.4140999913215637,0.4140999913215637,0.4140999913215637,0.4099999964237213,0.4099999964237213,10694.0
2024-07-03 09:54:00,ALLO,2.119999885559082,2.119999885559082,2.125,2.119999885559082,2.119999885559082,1504.0
2024-07-03 09:54:00,ALLR,0.20749999582767487,0.20749999582767487,0.20749999582767487,0.20600000023841858,0.20600000023841858,6685.0
2024-07-03 09:54:00,ALNY,245.89999389648438,245.89999389648438,246.63499450683594,245.88999938964844,246.63499450683594,6855.0
2024-07-03 09:54:00,ALT,6.695000171661377,6.695000171661377,6.699999809265137,6.679999828338623,6.690000057220459,9301.0
2024-07-03 09:54:00,ALVR,0.7365999817848206,0.7365999817848206,0.7365999817848206,0.7365999817848206,0.7365999817848206,200.0
2024-07-03 09:54:00,ALXO,5.739999771118164,5.739999771118164,5.760000228881836,5.739999771118164,5.739999771118164,1005.0
2024-07-03 09:54:00,AMED,96.55500030517578,96.55500030517578,96.55500030517578,96.55500030517578,96.55500030517578,876.0
2024-07-03 09:54:00,AMGN,311.5849914550781,311.5849914550781,311.5849914550781,311.3500061035156,311.3500061035156,2583.0
2024-07-03 09:54:00,AMLX,1.7400000095367432,1.7400000095367432,1.7400000095367432,1.7400000095367432,1.7400000095367432,2002.0
2024-07-03 09:54:00,AMPH,37.7400016784668,37.7400016784668,37.75,37.724998474121094,37.7400016784668,1694.0
2024-07-03 09:54:00,AMRN,0.7080000042915344,0.7080000042915344,0.7080000042915344,0.7080000042915344,0.7080000042915344,201.0
2024-07-03 09:54:00,ANAB,24.920000076293945,24.920000076293945,24.920000076293945,24.90999984741211,24.90999984741211,914.0
2024-07-03 09:54:00,ANIX,2.2916998863220215,2.2916998863220215,2.2916998863220215,2.2916998863220215,2.2916998863220215,1090.0
2024-07-03 09:54:00,ANNX,4.690000057220459,4.690000057220459,4.690000057220459,4.684999942779541,4.684999942779541,3664.0
2024-07-03 09:54:00,ANTX,2.484999895095825,2.484999895095825,2.5,2.4600000381469727,2.4899001121520996,6641.0
2024-07-03 09:54:00,APDN,0.45010000467300415,0.45010000467300415,0.45010000467300415,0.45010000467300415,0.45010000467300415,0.0
2024-07-03 09:54:00,APLS,36.04499816894531,36.04499816894531,36.04499816894531,36.04499816894531,36.04499816894531,620.0
2024-07-03 09:54:00,APLT,4.389999866485596,4.389999866485596,4.389999866485596,4.389999866485596,4.389999866485596,667.0
2024-07-03 09:54:00,AQST,2.375,2.375,2.375,2.369999885559082,2.369999885559082,511.0
2024-07-03 09:54:00,ARDX,5.164999961853027,5.164999961853027,5.165200233459473,5.144999980926514,5.159999847412109,19695.0
2024-07-03 09:54:00,ARQT,9.420000076293945,9.420000076293945,9.47659969329834,9.420000076293945,9.470000267028809,9274.0
2024-07-03 09:54:00,ARVN,24.850000381469727,24.850000381469727,24.905000686645508,24.850000381469727,24.850000381469727,1552.0
2024-07-03 09:54:00,ARWR,25.239999771118164,25.239999771118164,25.295000076293945,25.239999771118164,25.295000076293945,1677.0
2024-07-03 09:54:00,ASMB,12.420000076293945,12.420000076293945,12.420000076293945,12.404999732971191,12.404999732971191,1220.0
2024-07-03 09:54:00,ASRT,1.3099000453948975,1.3099000453948975,1.309999942779541,1.3006999492645264,1.3079999685287476,3506.0
2024-07-03 09:54:00,ATEC,9.96500015258789,9.96500015258789,9.96500015258789,9.96500015258789,9.96500015258789,447.0
2024-07-03 09:54:00,ATOS,1.1469000577926636,1.1469000577926636,1.1469000577926636,1.1469000577926636,1.1469000577926636,368.0
2024-07-03 09:54:00,AURA,7.139999866485596,7.139999866485596,7.139999866485596,7.139999866485596,7.139999866485596,240173.0
2024-07-03 09:54:00,AVDL,14.039999961853027,14.039999961853027,14.039999961853027,14.039999961853027,14.039999961853027,608.0
2024-07-03 09:54:00,AXGN,7.40500020980835,7.40500020980835,7.40500020980835,7.40500020980835,7.40500020980835,669.0
2024-07-03 09:54:00,AZN,76.79000091552734,76.79000091552734,76.80500030517578,76.79000091552734,76.79499816894531,12538.0
2024-07-03 09:54:00,AZTA,52.189998626708984,52.189998626708984,52.189998626708984,52.060001373291016,52.06999969482422,3904.0
2024-07-03 09:54:00,BACK,1.7655999660491943,1.7655999660491943,1.7799999713897705,1.7400000095367432,1.7400000095367432,2026.0
2024-07-03 09:54:00,BBIO,24.924999237060547,24.924999237060547,24.940000534057617,24.920000076293945,24.940000534057617,831.0
2024-07-03 09:54:00,BCAB,1.3250000476837158,1.3250000476837158,1.3250000476837158,1.3200000524520874,1.3200000524520874,488.0
2024-07-03 09:54:00,BCDA,3.009999990463257,3.009999990463257,3.009999990463257,3.009999990463257,3.009999990463257,499.0
2024-07-03 09:54:00,BCRX,6.619999885559082,6.619999885559082,6.625,6.619999885559082,6.625,1411.0
2024-07-03 09:54:00,BCYC,19.760000228881836,19.760000228881836,19.760000228881836,19.639999389648438,19.65999984741211,2880.0
2024-07-03 09:54:00,BEAM,23.229999542236328,23.229999542236328,23.229999542236328,23.229999542236328,23.229999542236328,231.0
2024-07-03 09:54:00,BFRI,0.8700000047683716,0.8700000047683716,0.8700000047683716,0.8700000047683716,0.8700000047683716,557.0
2024-07-03 09:54:00,BGNE,146.58590698242188,146.58590698242188,146.58599853515625,146.58590698242188,146.58590698242188,568.0
2024-07-03 09:54:00,BGXX,0.2700999975204468,0.2700999975204468,0.2700999975204468,0.2700999975204468,0.2700999975204468,161.0
2024-07-03 09:54:00,BIIB,226.76499938964844,226.76499938964844,226.77000427246094,226.22000122070312,226.41000366210938,2615.0
2024-07-03 09:54:00,BIVI,0.4131999909877777,0.4131999909877777,0.4131999909877777,0.4131999909877777,0.4131999909877777,72.0
2024-07-03 09:54:00,BJDX,0.6220999956130981,0.6220999956130981,0.6220999956130981,0.621999979019165,0.621999979019165,2110.0
2024-07-03 09:54:00,BLUE,0.9172000288963318,0.9172000288963318,0.9193999767303467,0.9172000288963318,0.9172000288963318,33075.0
2024-07-03 09:54:00,BMEA,4.369999885559082,4.369999885559082,4.369999885559082,4.369999885559082,4.369999885559082,1025.0
2024-07-03 09:54:00,BMRN,82.0,82.0,82.01000213623047,82.0,82.01000213623047,283.0
2024-07-03 09:54:00,BNGO,0.5888000130653381,0.5888000130653381,0.5889000296592712,0.5849000215530396,0.5849000215530396,6389.0
2024-07-03 09:54:00,BNTX,81.08999633789062,81.08999633789062,81.08999633789062,80.8550033569336,80.8550033569336,2840.0
2024-07-03 09:54:00,BPMC,110.54499816894531,110.54499816894531,110.54499816894531,110.54499816894531,110.54499816894531,176.0
2024-07-03 09:54:00,BRKR,62.02000045776367,62.02000045776367,62.02000045776367,62.02000045776367,62.02000045776367,610.0
2024-07-03 09:54:00,BTMD,7.442800045013428,7.442800045013428,7.442800045013428,7.440100193023682,7.440100193023682,2572.0
2024-07-03 09:54:00,CABA,7.519999980926514,7.519999980926514,7.53000020980835,7.514999866485596,7.53000020980835,1423.0
2024-07-03 09:54:00,CADL,6.315000057220459,6.315000057220459,6.315000057220459,6.315000057220459,6.315000057220459,102.0
2024-07-03 09:54:00,CASI,5.2042999267578125,5.2042999267578125,5.2042999267578125,5.2042999267578125,5.2042999267578125,1000.0
2024-07-03 09:54:00,CCCC,4.639999866485596,4.639999866485596,4.670000076293945,4.619999885559082,4.670000076293945,10491.0
2024-07-03 09:54:00,CDMO,7.234300136566162,7.234300136566162,7.234300136566162,7.234300136566162,7.234300136566162,0.0
2024-07-03 09:54:00,CDXS,2.940000057220459,2.940000057220459,2.940000057220459,2.940000057220459,2.940000057220459,1383.0
2024-07-03 09:54:00,CELC,16.219999313354492,16.219999313354492,16.219999313354492,16.219999313354492,16.219999313354492,115.0
2024-07-03 09:54:00,CERE,41.28499984741211,41.28499984741211,41.28499984741211,41.28499984741211,41.28499984741211,3046.0
2024-07-03 09:54:00,CGC,6.599999904632568,6.599999904632568,6.610000133514404,6.580900192260742,6.605000019073486,19600.0
2024-07-03 09:54:00,CGEM,16.399999618530273,16.399999618530273,16.399999618530273,16.399999618530273,16.399999618530273,318.0
2024-07-03 09:54:00,CGEN,1.690000057220459,1.690000057220459,1.690000057220459,1.690000057220459,1.690000057220459,2000.0
2024-07-03 09:54:00,CHRS,1.3499000072479248,1.3499000072479248,1.3550000190734863,1.3450000286102295,1.3550000190734863,8941.0
2024-07-03 09:54:00,CKPT,2.200000047683716,2.200000047683716,2.200000047683716,2.200000047683716,2.200000047683716,50554.0
2024-07-03 09:54:00,CLDX,36.637901306152344,36.637901306152344,36.637901306152344,36.54499816894531,36.54499816894531,568.0
2024-07-03 09:54:00,CLNN,0.335099995136261,0.335099995136261,0.335099995136261,0.335099995136261,0.335099995136261,9995.0
2024-07-03 09:54:00,CLOV,1.2450000047683716,1.2450000047683716,1.2450000047683716,1.2400000095367432,1.2400000095367432,959.0
2024-07-03 09:54:00,CLRB,2.4179999828338623,2.4179999828338623,2.4179999828338623,2.4179999828338623,2.4179999828338623,1114.0
2024-07-03 09:54:00,CMPX,0.8700000047683716,0.8700000047683716,0.8701000213623047,0.8700000047683716,0.8701000213623047,1110.0
2024-07-03 09:54:00,CNSP,2.805000066757202,2.805000066757202,2.8499999046325684,2.5399999618530273,2.550100088119507,1613855.0
2024-07-03 09:54:00,CNTB,1.3601000308990479,1.3601000308990479,1.3601000308990479,1.3601000308990479,1.3601000308990479,157.0
2024-07-03 09:54:00,COGT,8.279999732971191,8.279999732971191,8.279999732971191,8.279999732971191,8.279999732971191,318.0
2024-07-03 09:54:00,COLL,32.30099868774414,32.30099868774414,32.30099868774414,32.30099868774414,32.30099868774414,120.0
2024-07-03 09:54:00,CORT,31.329999923706055,31.329999923706055,31.364999771118164,31.329999923706055,31.364999771118164,2245.0
2024-07-03 09:54:00,COSM,0.9800000190734863,0.9800000190734863,1.0016000270843506,0.9800000190734863,1.0002000331878662,62784.0
2024-07-03 09:54:00,CPRX,15.850299835205078,15.850299835205078,15.869999885559082,15.829999923706055,15.84469985961914,5114.0
2024-07-03 09:54:00,CRMD,4.139999866485596,4.139999866485596,4.139999866485596,4.139999866485596,4.139999866485596,653.0
2024-07-03 09:54:00,CRNX,44.95500183105469,44.95500183105469,44.95500183105469,44.95500183105469,44.95500183105469,1347.0
2024-07-03 09:54:00,CRSP,53.46849822998047,53.46849822998047,53.46849822998047,53.46849822998047,53.46849822998047,603.0
2024-07-03 09:54:00,CSTL,21.1200008392334,21.1200008392334,21.1200008392334,21.1200008392334,21.1200008392334,204.0
2024-07-03 09:54:00,CTMX,1.3200000524520874,1.3200000524520874,1.3200000524520874,1.3200000524520874,1.3200000524520874,559.0
2024-07-03 09:54:00,CTSO,0.8449000120162964,0.8449000120162964,0.8449000120162964,0.8449000120162964,0.8449000120162964,0.0
2024-07-03 09:54:00,CTXR,0.5268999934196472,0.5268999934196472,0.5268999934196472,0.5268999934196472,0.5268999934196472,20000.0
2024-07-03 09:54:00,CUE,1.0199999809265137,1.0199999809265137,1.0261000394821167,1.0199999809265137,1.0261000394821167,1200.0
2024-07-03 09:54:00,CVAC,3.438199996948242,3.438199996948242,3.4700000286102295,3.430000066757202,3.4588000774383545,44298.0
2024-07-03 09:54:00,CYCC,1.6399999856948853,1.6399999856948853,1.6399999856948853,1.6399999856948853,1.6399999856948853,277.0
2024-07-03 09:54:00,CYTK,54.88999938964844,54.88999938964844,54.88999938964844,54.88999938964844,54.88999938964844,259.0
2024-07-03 09:54:00,DARE,3.3499999046325684,3.3499999046325684,3.3499999046325684,3.3499999046325684,3.3499999046325684,4064.0
2024-07-03 09:54:00,DCGO,2.9100000858306885,2.9100000858306885,2.9100000858306885,2.9100000858306885,2.9100000858306885,1516.0
2024-07-03 09:54:00,DCTH,7.909999847412109,7.909999847412109,7.909999847412109,7.889699935913086,7.889999866485596,2713.0
2024-07-03 09:54:00,DERM,5.320000171661377,5.320000171661377,5.320000171661377,5.309999942779541,5.309999942779541,253.0
2024-07-03 09:54:00,DH,5.400000095367432,5.400000095367432,5.400000095367432,5.400000095367432,5.400000095367432,772.0
2024-07-03 09:54:00,DNLI,22.079999923706055,22.079999923706055,22.079999923706055,22.079999923706055,22.079999923706055,224.0
2024-07-03 09:54:00,DSGN,3.2300000190734863,3.2300000190734863,3.2300000190734863,3.2300000190734863,3.2300000190734863,21793.0
2024-07-03 09:54:00,DXCM,111.2699966430664,111.2699966430664,111.36000061035156,111.08999633789062,111.08999633789062,4057.0
2024-07-03 09:54:00,DYAI,1.5199999809265137,1.5199999809265137,1.5199999809265137,1.5199999809265137,1.5199999809265137,0.0
2024-07-03 09:54:00,DYN,34.400001525878906,34.400001525878906,34.45000076293945,34.400001525878906,34.45000076293945,540.0
2024-07-03 09:54:00,EDIT,4.614999771118164,4.614999771118164,4.614999771118164,4.610000133514404,4.610000133514404,628.0
2024-07-03 09:54:00,EKSO,1.0299999713897705,1.0299999713897705,1.0299999713897705,1.0299999713897705,1.0299999713897705,200.0
2024-07-03 09:54:00,ELEV,2.6700000762939453,2.6700000762939453,2.7100000381469727,2.6700000762939453,2.7100000381469727,12067.0
2024-07-03 09:54:00,EMBC,11.920000076293945,11.920000076293945,11.944999694824219,11.920000076293945,11.944999694824219,244.0
2024-07-03 09:54:00,ENLV,1.2999999523162842,1.2999999523162842,1.2999999523162842,1.2999999523162842,1.2999999523162842,1013.0
2024-07-03 09:54:00,ENSG,126.25,126.25,126.25,126.2300033569336,126.23999786376953,5153.0
2024-07-03 09:54:00,ENTA,13.329999923706055,13.329999923706055,13.34000015258789,13.329999923706055,13.34000015258789,897.0
2024-07-03 09:54:00,EOLS,10.8149995803833,10.8149995803833,10.8149995803833,10.8149995803833,10.8149995803833,159.0
2024-07-03 09:54:00,EPIX,4.949999809265137,4.949999809265137,4.949999809265137,4.949999809265137,4.949999809265137,362.0
2024-07-03 09:54:00,ERAS,2.2149999141693115,2.2149999141693115,2.2149999141693115,2.2149999141693115,2.2149999141693115,890.0
2024-07-03 09:54:00,ESPR,2.384999990463257,2.384999990463257,2.384999990463257,2.384999990463257,2.384999990463257,810.0
2024-07-03 09:54:00,ETNB,7.724999904632568,7.724999904632568,7.730000019073486,7.71999979019165,7.730000019073486,1052.0
2024-07-03 09:54:00,EWTX,18.065000534057617,18.065000534057617,18.065000534057617,18.065000534057617,18.065000534057617,140.0
2024-07-03 09:54:00,EXAS,43.41999816894531,43.41999816894531,43.5,43.380001068115234,43.5,2491.0
2024-07-03 09:54:00,EXEL,22.15999984741211,22.15999984741211,22.174999237060547,22.15999984741211,22.174999237060547,21341.0
2024-07-03 09:54:00,EYPT,8.175000190734863,8.175000190734863,8.175000190734863,8.175000190734863,8.175000190734863,112.0
2024-07-03 09:54:00,FATE,3.1600000858306885,3.1600000858306885,3.1600000858306885,3.1600000858306885,3.1600000858306885,260.0
2024-07-03 09:54:00,FDMT,20.600000381469727,20.600000381469727,20.690000534057617,20.600000381469727,20.690000534057617,365.0
2024-07-03 09:54:00,FGEN,0.7149999737739563,0.7149999737739563,0.7218999862670898,0.7149999737739563,0.7149999737739563,7642.0
2024-07-03 09:54:00,FORA,2.630000114440918,2.630000114440918,2.630000114440918,2.630000114440918,2.630000114440918,323.0
2024-07-03 09:54:00,FULC,6.125,6.125,6.125,6.125,6.125,286.0
2024-07-03 09:54:00,GALT,2.200000047683716,2.200000047683716,2.2300000190734863,2.200000047683716,2.2300000190734863,15440.0
2024-07-03 09:54:00,GERN,4.244999885559082,4.244999885559082,4.255000114440918,4.239999771118164,4.250400066375732,9401.0
2024-07-03 09:54:00,GH,28.559999465942383,28.559999465942383,28.559999465942383,28.559999465942383,28.559999465942383,392.0
2024-07-03 09:54:00,GILD,67.60009765625,67.60009765625,67.62999725341797,67.58999633789062,67.58999633789062,4837.0
2024-07-03 09:54:00,GLYC,0.2685000002384186,0.2685000002384186,0.2685000002384186,0.2685000002384186,0.2685000002384186,11795.0
2024-07-03 09:54:00,GOSS,0.9244999885559082,0.9244999885559082,0.9244999885559082,0.9172999858856201,0.9194999933242798,34462.0
2024-07-03 09:54:00,GOVX,3.13100004196167,3.13100004196167,3.13100004196167,3.130000114440918,3.130000114440918,2326.0
2024-07-03 09:54:00,GRFS,6.610000133514404,6.610000133514404,6.610000133514404,6.610000133514404,6.610000133514404,201.0
2024-07-03 09:54:00,GRTS,0.5701000094413757,0.5701000094413757,0.5701000094413757,0.5701000094413757,0.5701000094413757,1006.0
2024-07-03 09:54:00,GTHX,2.559999942779541,2.559999942779541,2.559999942779541,2.549999952316284,2.549999952316284,8708.0
2024-07-03 09:54:00,HALO,51.4900016784668,51.4900016784668,51.4900016784668,51.45000076293945,51.45000076293945,1197.0
2024-07-03 09:54:00,HCSG,11.079999923706055,11.079999923706055,11.095000267028809,11.079999923706055,11.095000267028809,1658.0
2024-07-03 09:54:00,HITI,2.140000104904175,2.140000104904175,2.140000104904175,2.1368000507354736,2.140000104904175,1420.0
2024-07-03 09:54:00,HOLX,73.26000213623047,73.26000213623047,73.26000213623047,73.18000030517578,73.18000030517578,1535.0
2024-07-03 09:54:00,HRMY,30.2549991607666,30.2549991607666,30.2549991607666,30.2549991607666,30.2549991607666,237.0
2024-07-03 09:54:00,HROW,21.659799575805664,21.659799575805664,21.65999984741211,21.489999771118164,21.489999771118164,1924.0
2024-07-03 09:54:00,HRTX,2.7899999618530273,2.7899999618530273,2.7899999618530273,2.7750000953674316,2.7750000953674316,9130.0
2024-07-03 09:54:00,HSIC,64.80500030517578,64.80500030517578,64.9000015258789,64.80500030517578,64.88999938964844,2525.0
2024-07-03 09:54:00,HUMA,5.550000190734863,5.550000190734863,5.565000057220459,5.490799903869629,5.490799903869629,23177.0
2024-07-03 09:54:00,IBRX,6.181000232696533,6.181000232696533,6.190000057220459,6.179999828338623,6.190000057220459,1087.0
2024-07-03 09:54:00,ICLR,317.3999938964844,317.3999938964844,317.3999938964844,316.6300048828125,316.6300048828125,2664.0
2024-07-03 09:54:00,IDXX,475.5,475.5,475.8299865722656,474.989990234375,474.989990234375,2051.0
2024-07-03 09:54:00,IGMS,6.349999904632568,6.349999904632568,6.349999904632568,6.349999904632568,6.349999904632568,149.0
2024-07-03 09:54:00,ILMN,105.73999786376953,105.73999786376953,105.73999786376953,105.45999908447266,105.5,2608.0
2024-07-03 09:54:00,IMAB,1.559999942779541,1.559999942779541,1.559999942779541,1.559999942779541,1.559999942779541,720.0
2024-07-03 09:54:00,IMMX,2.292099952697754,2.292099952697754,2.326200008392334,2.2799999713897705,2.326200008392334,1350.0
2024-07-03 09:54:00,IMNM,11.795000076293945,11.795000076293945,11.795000076293945,11.795000076293945,11.795000076293945,105.0
2024-07-03 09:54:00,IMVT,26.520000457763672,26.520000457763672,26.575000762939453,26.520000457763672,26.575000762939453,358.0
2024-07-03 09:54:00,INCR,2.0510001182556152,2.0510001182556152,2.069999933242798,2.0510001182556152,2.069999933242798,1157.0
2024-07-03 09:54:00,INCY,58.58000183105469,58.58000183105469,58.59000015258789,58.58000183105469,58.59000015258789,296.0
2024-07-03 09:54:00,INMB,8.0600004196167,8.0600004196167,8.0600004196167,8.020000457763672,8.0600004196167,523.0
2024-07-03 09:54:00,INMD,17.75,17.75,17.75,17.729999542236328,17.75,4594.0
2024-07-03 09:54:00,INO,8.390000343322754,8.390000343322754,8.479999542236328,8.390000343322754,8.479999542236328,3345.0
2024-07-03 09:54:00,INSM,63.970001220703125,63.970001220703125,63.970001220703125,63.84000015258789,63.84000015258789,675.0
2024-07-03 09:54:00,INZY,4.449399948120117,4.449399948120117,4.449399948120117,4.449399948120117,4.449399948120117,1533.0
2024-07-03 09:54:00,IOBT,1.1686999797821045,1.1686999797821045,1.1686999797821045,1.1686999797821045,1.1686999797821045,740.0
2024-07-03 09:54:00,IONM,0.33000001311302185,0.33000001311302185,0.33000001311302185,0.33000001311302185,0.33000001311302185,376.0
2024-07-03 09:54:00,IONS,44.89500045776367,44.89500045776367,44.89500045776367,44.89500045776367,44.89500045776367,174.0
2024-07-03 09:54:00,IOVA,7.729899883270264,7.729899883270264,7.730000019073486,7.71999979019165,7.724999904632568,3982.0
2024-07-03 09:54:00,IRMD,43.95000076293945,43.95000076293945,43.95000076293945,43.56999969482422,43.56999969482422,0.0
2024-07-03 09:54:00,IRWD,6.139999866485596,6.139999866485596,6.139999866485596,6.139999866485596,6.139999866485596,637.0
2024-07-03 09:54:00,ISRG,436.79998779296875,436.79998779296875,436.79998779296875,436.79998779296875,436.79998779296875,1109.0
2024-07-03 09:54:00,ITCI,67.97000122070312,67.97000122070312,67.9800033569336,67.97000122070312,67.9800033569336,1882.0
2024-07-03 09:54:00,JANX,39.02000045776367,39.02000045776367,39.02000045776367,39.02000045776367,39.02000045776367,932.0
2024-07-03 09:54:00,JAZZ,104.77999877929688,104.77999877929688,104.81999969482422,104.7125015258789,104.71499633789062,3510.0
2024-07-03 09:54:00,JSPR,23.7549991607666,23.7549991607666,23.850000381469727,23.7549991607666,23.850000381469727,114.0
2024-07-03 09:54:00,KNSA,18.610000610351562,18.610000610351562,18.610000610351562,18.610000610351562,18.610000610351562,73.0
2024-07-03 09:54:00,KPTI,0.8299999833106995,0.8299999833106995,0.8299999833106995,0.8206999897956848,0.8206999897956848,839.0
2024-07-03 09:54:00,KTRA,0.2590000033378601,0.2590000033378601,0.2590000033378601,0.257999986410141,0.257999986410141,20302.0
2024-07-03 09:54:00,LAB,1.784999966621399,1.784999966621399,1.784999966621399,1.784999966621399,1.784999966621399,960.0
2024-07-03 09:54:00,LBPH,31.0,31.0,31.0,31.0,31.0,909.0
2024-07-03 09:54:00,LEGN,44.60499954223633,44.60499954223633,44.685001373291016,44.599998474121094,44.66999816894531,519.0
2024-07-03 09:54:00,LFMD,6.679999828338623,6.679999828338623,6.684999942779541,6.670000076293945,6.684999942779541,1802.0
2024-07-03 09:54:00,LFST,5.079999923706055,5.079999923706055,5.079999923706055,5.079999923706055,5.079999923706055,254.0
2024-07-03 09:54:00,LGVN,1.6549999713897705,1.6549999713897705,1.659999966621399,1.6549999713897705,1.656999945640564,724.0
2024-07-03 09:54:00,LQDA,11.890000343322754,11.890000343322754,11.890000343322754,11.869999885559082,11.880000114440918,2090.0
2024-07-03 09:54:00,LRMR,7.635000228881836,7.635000228881836,7.635000228881836,7.635000228881836,7.635000228881836,106.0
2024-07-03 09:54:00,LUCY,0.4699999988079071,0.4699999988079071,0.47839999198913574,0.4632999897003174,0.4700999855995178,24824.0
2024-07-03 09:54:00,LVTX,1.8799999952316284,1.8799999952316284,1.8799999952316284,1.8799999952316284,1.8799999952316284,0.0
2024-07-03 09:54:00,LXRX,1.5901000499725342,1.5901000499725342,1.5950000286102295,1.5901000499725342,1.5950000286102295,1859.0
2024-07-03 09:54:00,MASI,113.38999938964844,113.38999938964844,113.38999938964844,113.38999938964844,113.38999938964844,983.0
2024-07-03 09:54:00,MASS,4.75,4.75,4.75,4.730000019073486,4.730000019073486,537.0
2024-07-03 09:54:00,MBIO,0.5422999858856201,0.5422999858856201,0.5425000190734863,0.531000018119812,0.5313000082969666,34909.0
2024-07-03 09:54:00,MBOT,1.0750000476837158,1.0750000476837158,1.0750000476837158,1.0676000118255615,1.0700000524520874,9384.0
2024-07-03 09:54:00,MCRB,0.7042999863624573,0.7042999863624573,0.7042999863624573,0.7035999894142151,0.7035999894142151,0.0
2024-07-03 09:54:00,ME,0.3950999975204468,0.3950999975204468,0.3950999975204468,0.3950999975204468,0.3950999975204468,2400.0
2024-07-03 09:54:00,MEDP,399.260009765625,399.260009765625,399.260009765625,399.260009765625,399.260009765625,941.0
2024-07-03 09:54:00,MESO,6.619999885559082,6.619999885559082,6.619999885559082,6.619999885559082,6.619999885559082,200.0
2024-07-03 09:54:00,MGNX,4.210000038146973,4.210000038146973,4.210000038146973,4.195000171661377,4.195000171661377,1433.0
2024-07-03 09:54:00,MIRM,33.970001220703125,33.970001220703125,33.970001220703125,33.959999084472656,33.959999084472656,647.0
2024-07-03 09:54:00,MIST,1.3100999593734741,1.3100999593734741,1.3104000091552734,1.3100999593734741,1.3104000091552734,1600.0
2024-07-03 09:54:00,MNKD,5.070000171661377,5.070000171661377,5.070000171661377,5.050000190734863,5.050000190734863,2003.0
2024-07-03 09:54:00,MNMD,7.050000190734863,7.050000190734863,7.050000190734863,7.050000190734863,7.050000190734863,961.0
2024-07-03 09:54:00,MREO,3.450000047683716,3.450000047683716,3.450000047683716,3.444999933242798,3.444999933242798,809.0
2024-07-03 09:54:00,MRNA,117.18009948730469,117.18009948730469,117.37000274658203,117.18009948730469,117.2300033569336,1228.0
2024-07-03 09:54:00,MRNS,1.2000000476837158,1.2000000476837158,1.215000033378601,1.1950000524520874,1.215000033378601,10647.0
2024-07-03 09:54:00,MRSN,1.8849999904632568,1.8849999904632568,1.8849999904632568,1.8799999952316284,1.8849999904632568,318.0
2024-07-03 09:54:00,MRUS,53.08000183105469,53.08000183105469,53.08000183105469,53.08000183105469,53.08000183105469,232.0
2024-07-03 09:54:00,MRVI,6.804999828338623,6.804999828338623,6.804999828338623,6.78000020980835,6.78000020980835,2110.0
2024-07-03 09:54:00,MXCT,3.7100000381469727,3.7100000381469727,3.7100000381469727,3.7100000381469727,3.7100000381469727,274.0
2024-07-03 09:54:00,MYGN,25.149999618530273,25.149999618530273,25.149999618530273,25.049999237060547,25.079999923706055,1939.0
2024-07-03 09:54:00,NARI,49.23500061035156,49.23500061035156,49.23500061035156,49.23500061035156,49.23500061035156,2325.0
2024-07-03 09:54:00,NBIX,138.05999755859375,138.05999755859375,138.21499633789062,138.05999755859375,138.19000244140625,2789.0
2024-07-03 09:54:00,NDRA,0.08569999784231186,0.08569999784231186,0.08569999784231186,0.08569999784231186,0.08569999784231186,305.0
2024-07-03 09:54:00,NEOG,15.031499862670898,15.031499862670898,15.03499984741211,15.029999732971191,15.03499984741211,766.0
2024-07-03 09:54:00,NKTR,1.215000033378601,1.215000033378601,1.215000033378601,1.215000033378601,1.215000033378601,601.0
2024-07-03 09:54:00,NLSP,0.20149999856948853,0.20149999856948853,0.20200000703334808,0.20149999856948853,0.20160000026226044,2676.0
2024-07-03 09:54:00,NNOX,6.96999979019165,6.96999979019165,6.96999979019165,6.940000057220459,6.960000038146973,2415.0
2024-07-03 09:54:00,NOTV,1.649999976158142,1.649999976158142,1.659999966621399,1.649999976158142,1.649999976158142,12181.0
2024-07-03 09:54:00,NRIX,18.854999542236328,18.854999542236328,18.940000534057617,18.850000381469727,18.919200897216797,4871.0
2024-07-03 09:54:00,NTLA,22.239999771118164,22.239999771118164,22.286500930786133,22.200000762939453,22.286500930786133,1468.0
2024-07-03 09:54:00,NTRA,112.52999877929688,112.52999877929688,112.76000213623047,112.52999877929688,112.52999877929688,458.0
2024-07-03 09:54:00,NVAX,12.920000076293945,12.920000076293945,12.930000305175781,12.899999618530273,12.90999984741211,6406.0
2024-07-03 09:54:00,NVCR,17.100000381469727,17.100000381469727,17.100000381469727,17.100000381469727,17.100000381469727,5331.0
2024-07-03 09:54:00,NXL,1.4900000095367432,1.4900000095367432,1.4900000095367432,1.4900000095367432,1.4900000095367432,471.0
2024-07-03 09:54:00,OCGN,1.6369999647140503,1.6369999647140503,1.6399999856948853,1.6349999904632568,1.6349999904632568,10655.0
2024-07-03 09:54:00,OCUL,6.840000152587891,6.840000152587891,6.840000152587891,6.840000152587891,6.840000152587891,310.0
2024-07-03 09:54:00,OGI,1.5499999523162842,1.5499999523162842,1.5499999523162842,1.5499999523162842,1.5499999523162842,404.0
2024-07-03 09:54:00,OLK,25.799999237060547,25.799999237060547,25.80500030517578,25.795000076293945,25.80500030517578,4810.0
2024-07-03 09:54:00,OMCL,25.8799991607666,25.8799991607666,26.110000610351562,25.8799991607666,26.110000610351562,1055.0
2024-07-03 09:54:00,OMGA,2.0299999713897705,2.0299999713897705,2.0299999713897705,2.0299999713897705,2.0299999713897705,347.0
2024-07-03 09:55:00,ABCL,2.7699999809265137,2.7699999809265137,2.7750000953674316,2.7699999809265137,2.7699999809265137,400.0
2024-07-03 09:55:00,ABEO,4.159999847412109,4.159999847412109,4.159999847412109,4.159999847412109,4.159999847412109,101.0
2024-07-03 09:55:00,ABIO,3.625,3.625,3.625,3.625,3.625,102.0
2024-07-03 09:55:00,ABSI,3.234999895095825,3.234999895095825,3.2395999431610107,3.234999895095825,3.234999895095825,967.0
2024-07-03 09:55:00,ABVC,0.710099995136261,0.710099995136261,0.710099995136261,0.710099995136261,0.710099995136261,0.0
2024-07-03 09:55:00,ACAD,15.774999618530273,15.774999618530273,15.774999618530273,15.774999618530273,15.774999618530273,684.0
2024-07-03 09:55:00,ACB,4.769999980926514,4.769999980926514,4.769999980926514,4.75,4.754499912261963,5959.0
2024-07-03 09:55:00,ACCD,3.5250000953674316,3.5250000953674316,3.5299999713897705,3.5199999809265137,3.5213000774383545,2242.0
2024-07-03 09:55:00,ACET,1.0850000381469727,1.0850000381469727,1.090000033378601,1.0800000429153442,1.090000033378601,2141.0
2024-07-03 09:55:00,ACHC,66.02999877929688,66.02999877929688,66.04000091552734,65.81999969482422,65.81999969482422,2518.0
2024-07-03 09:55:00,ACHV,4.53000020980835,4.53000020980835,4.539999961853027,4.510000228881836,4.533999919891357,10858.0
2024-07-03 09:55:00,ACLX,53.70500183105469,53.70500183105469,53.70500183105469,53.70500183105469,53.70500183105469,645.0
2024-07-03 09:55:00,ACRS,1.1649999618530273,1.1649999618530273,1.1699999570846558,1.1649999618530273,1.1699999570846558,1097.0
2024-07-03 09:55:00,ADAP,1.0399999618530273,1.0399999618530273,1.0499999523162842,1.0399999618530273,1.0499999523162842,3896.0
2024-07-03 09:55:00,ADMA,11.265000343322754,11.265000343322754,11.265000343322754,11.255000114440918,11.255000114440918,2256.0
2024-07-03 09:55:00,ADPT,3.305000066757202,3.305000066757202,3.309999942779541,3.3011999130249023,3.309999942779541,659.0
2024-07-03 09:55:00,ADUS,117.04499816894531,117.04499816894531,117.04499816894531,117.04499816894531,117.04499816894531,626.0
2024-07-03 09:55:00,ADVM,7.010000228881836,7.010000228881836,7.010000228881836,7.0,7.0,1110.0
2024-07-03 09:55:00,AGEN,14.479999542236328,14.479999542236328,14.640000343322754,14.479999542236328,14.640000343322754,525.0
2024-07-03 09:55:00,AGRX,1.409999966621399,1.409999966621399,1.409999966621399,1.409999966621399,1.409999966621399,7503.0
2024-07-03 09:55:00,AIMD,0.800000011920929,0.800000011920929,0.800000011920929,0.800000011920929,0.800000011920929,458.0
2024-07-03 09:55:00,AKBA,0.9401000142097473,0.9401000142097473,0.9477999806404114,0.9401000142097473,0.9409999847412109,18270.0
2024-07-03 09:55:00,AKRO,21.889999389648438,21.889999389648438,21.940000534057617,21.84000015258789,21.860000610351562,3791.0
2024-07-03 09:55:00,ALGN,238.0850067138672,238.0850067138672,238.47000122070312,238.05999755859375,238.47000122070312,4037.0
2024-07-03 09:55:00,ALGS,0.4140999913215637,0.4140999913215637,0.4140999913215637,0.4140999913215637,0.4140999913215637,4284.0
2024-07-03 09:55:00,ALHC,7.980000019073486,7.980000019073486,8.0,7.980000019073486,8.0,1511.0
2024-07-03 09:55:00,ALKS,24.25,24.25,24.25,24.235000610351562,24.235000610351562,931.0
2024-07-03 09:55:00,ALLK,0.8456000089645386,0.8456000089645386,0.8456000089645386,0.8434000015258789,0.8434000015258789,1793.0
2024-07-03 09:55:00,ALLO,2.115000009536743,2.115000009536743,2.125,2.109999895095825,2.125,11463.0
2024-07-03 09:55:00,ALLR,0.20600000023841858,0.20600000023841858,0.2076999992132187,0.20600000023841858,0.20739999413490295,12671.0
2024-07-03 09:55:00,ALNY,246.47999572753906,246.47999572753906,246.47999572753906,245.99000549316406,245.99000549316406,7581.0
2024-07-03 09:55:00,ALT,6.701200008392334,6.701200008392334,6.701200008392334,6.690000057220459,6.695000171661377,7532.0
2024-07-03 09:55:00,ALVO,12.350000381469727,12.350000381469727,12.350000381469727,12.350000381469727,12.350000381469727,79.0
2024-07-03 09:55:00,ALXO,5.75,5.75,5.760000228881836,5.715000152587891,5.739999771118164,2741.0
2024-07-03 09:55:00,AMED,96.6050033569336,96.6050033569336,96.63500213623047,96.55500030517578,96.5999984741211,2849.0
2024-07-03 09:55:00,AMGN,311.8599853515625,311.8599853515625,311.8599853515625,311.7799987792969,311.7799987792969,2258.0
2024-07-03 09:55:00,AMLX,1.7450000047683716,1.7450000047683716,1.75,1.7400000095367432,1.7400000095367432,1477.0
2024-07-03 09:55:00,AMPH,37.85499954223633,37.85499954223633,37.86000061035156,37.790000915527344,37.790000915527344,1685.0
2024-07-03 09:55:00,AMRN,0.7080000042915344,0.7080000042915344,0.7080000042915344,0.7078999876976013,0.7080000042915344,1545.0
2024-07-03 09:55:00,ANGO,5.690000057220459,5.690000057220459,5.690000057220459,5.679999828338623,5.679999828338623,1663.0
2024-07-03 09:55:00,ANNX,4.684999942779541,4.684999942779541,4.690000057220459,4.675000190734863,4.690000057220459,7735.0
2024-07-03 09:55:00,ANTX,2.5,2.5,2.5,2.4820001125335693,2.4820001125335693,2331.0
2024-07-03 09:55:00,APLS,36.15999984741211,36.15999984741211,36.179901123046875,36.05500030517578,36.05500030517578,954.0
2024-07-03 09:55:00,AQST,2.375,2.375,2.375,2.369999885559082,2.369999885559082,871.0
2024-07-03 09:55:00,ARCT,21.540000915527344,21.540000915527344,21.540000915527344,21.540000915527344,21.540000915527344,200.0
2024-07-03 09:55:00,ARDX,5.164999961853027,5.164999961853027,5.184999942779541,5.159999847412109,5.164999961853027,13317.0
2024-07-03 09:55:00,ARQT,9.380000114440918,9.380000114440918,9.460000038146973,9.380000114440918,9.420000076293945,37203.0
2024-07-03 09:55:00,ASND,135.92999267578125,135.92999267578125,135.92999267578125,135.92999267578125,135.92999267578125,258.0
2024-07-03 09:55:00,ASRT,1.2994999885559082,1.2994999885559082,1.309999942779541,1.2949999570846558,1.3042999505996704,3328.0
2024-07-03 09:55:00,ATAI,1.309999942779541,1.309999942779541,1.309999942779541,1.309999942779541,1.309999942779541,200.0
2024-07-03 09:55:00,ATEC,9.96500015258789,9.96500015258789,9.96500015258789,9.96500015258789,9.96500015258789,102.0
2024-07-03 09:55:00,ATHA,2.569999933242798,2.569999933242798,2.569999933242798,2.569999933242798,2.569999933242798,10535.0
2024-07-03 09:55:00,ATRC,22.225000381469727,22.225000381469727,22.225000381469727,22.225000381469727,22.225000381469727,317.0
2024-07-03 09:55:00,ATXS,9.0,9.0,9.0,9.0,9.0,212.0
2024-07-03 09:55:00,AUGX,0.9950000047683716,0.9950000047683716,0.9950000047683716,0.9950000047683716,0.9950000047683716,90200.0
2024-07-03 09:55:00,AUPH,5.460000038146973,5.460000038146973,5.46999979019165,5.460000038146973,5.46999979019165,1071.0
2024-07-03 09:55:00,AVDL,14.085000038146973,14.085000038146973,14.109999656677246,14.029999732971191,14.029999732971191,3313.0
2024-07-03 09:55:00,AVTE,1.5906000137329102,1.5906000137329102,1.5950000286102295,1.590000033378601,1.5950000286102295,886.0
2024-07-03 09:55:00,AZN,76.81500244140625,76.81500244140625,76.84500122070312,76.80000305175781,76.80000305175781,6921.0
2024-07-03 09:55:00,AZTA,52.31999969482422,52.31999969482422,52.31999969482422,52.290000915527344,52.290000915527344,573.0
2024-07-03 09:55:00,BACK,1.7897000312805176,1.7897000312805176,1.7898999452590942,1.7652000188827515,1.7699999809265137,4800.0
2024-07-03 09:55:00,BBIO,24.979999542236328,24.979999542236328,24.979999542236328,24.979999542236328,24.979999542236328,775.0
2024-07-03 09:55:00,BCAB,1.3200000524520874,1.3200000524520874,1.3200000524520874,1.3200000524520874,1.3200000524520874,126.0
2024-07-03 09:55:00,BCRX,6.619999885559082,6.619999885559082,6.630000114440918,6.619999885559082,6.630000114440918,3928.0
2024-07-03 09:55:00,BEAM,23.219999313354492,23.219999313354492,23.219999313354492,23.190000534057617,23.190000534057617,440.0
2024-07-03 09:55:00,BFRI,0.8399999737739563,0.8399999737739563,0.8399999737739563,0.8399999737739563,0.8399999737739563,1516.0
2024-07-03 09:55:00,BIIB,226.9499969482422,226.9499969482422,226.9499969482422,226.75,226.75,2719.0
2024-07-03 09:55:00,BJDX,0.6220999956130981,0.6220999956130981,0.6220999956130981,0.621999979019165,0.621999979019165,346.0
2024-07-03 09:55:00,BLUE,0.9193999767303467,0.9193999767303467,0.9221000075340271,0.9172000288963318,0.9174000024795532,31259.0
2024-07-03 09:55:00,BMEA,4.369999885559082,4.369999885559082,4.369999885559082,4.369999885559082,4.369999885559082,249.0
2024-07-03 09:55:00,BMRN,81.8949966430664,81.8949966430664,82.02999877929688,81.81999969482422,82.01499938964844,12303.0
2024-07-03 09:55:00,BNGO,0.5879999995231628,0.5879999995231628,0.5879999995231628,0.5879999995231628,0.5879999995231628,0.0
2024-07-03 09:55:00,BNTX,81.01969909667969,81.01969909667969,81.11000061035156,81.01969909667969,81.08999633789062,2527.0
2024-07-03 09:55:00,BPMC,110.61000061035156,110.61000061035156,110.72000122070312,110.61000061035156,110.72000122070312,1935.0
2024-07-03 09:55:00,BRKR,62.029998779296875,62.029998779296875,62.06999969482422,62.0099983215332,62.02000045776367,21268.0
2024-07-03 09:55:00,BVS,6.005000114440918,6.005000114440918,6.019999980926514,6.005000114440918,6.010000228881836,5327.0
2024-07-03 09:55:00,CABA,7.480000019073486,7.480000019073486,7.515999794006348,7.480000019073486,7.515999794006348,3640.0
2024-07-03 09:55:00,CADL,6.289999961853027,6.289999961853027,6.289999961853027,6.289999961853027,6.289999961853027,257.0
2024-07-03 09:55:00,CCCC,4.664999961853027,4.664999961853027,4.670000076293945,4.639999866485596,4.670000076293945,7797.0
2024-07-03 09:55:00,CCRN,13.654999732971191,13.654999732971191,13.654999732971191,13.654999732971191,13.654999732971191,424.0
2024-07-03 09:55:00,CDMO,7.200099945068359,7.200099945068359,7.20959997177124,7.200099945068359,7.20959997177124,1010.0
2024-07-03 09:55:00,CDNA,15.149999618530273,15.149999618530273,15.149999618530273,15.149999618530273,15.149999618530273,401.0
2024-07-03 09:55:00,CDXS,2.947700023651123,2.947700023651123,2.950000047683716,2.947700023651123,2.950000047683716,1366.0
2024-07-03 09:55:00,CERE,41.31999969482422,41.31999969482422,41.31999969482422,41.275001525878906,41.275001525878906,8775.0
2024-07-03 09:55:00,CERS,1.715000033378601,1.715000033378601,1.715000033378601,1.7050000429153442,1.7050000429153442,9937.0
2024-07-03 09:55:00,CERT,13.739999771118164,13.739999771118164,13.739999771118164,13.739999771118164,13.739999771118164,395.0
2024-07-03 09:55:00,CGC,6.610000133514404,6.610000133514404,6.619999885559082,6.590000152587891,6.599999904632568,39703.0
2024-07-03 09:55:00,CGEN,1.6950000524520874,1.6950000524520874,1.7000000476837158,1.6950000524520874,1.7000000476837158,917.0
2024-07-03 09:55:00,CGTX,1.809999942779541,1.809999942779541,1.8257999420166016,1.809999942779541,1.8257999420166016,200.0
2024-07-03 09:55:00,CHRS,1.3450000286102295,1.3450000286102295,1.3497999906539917,1.3450000286102295,1.3496999740600586,1681.0
2024-07-03 09:55:00,CING,0.30149999260902405,0.30149999260902405,0.30149999260902405,0.30149999260902405,0.30149999260902405,22654.0
2024-07-03 09:55:00,CKPT,2.2300000190734863,2.2300000190734863,2.2300000190734863,2.200000047683716,2.200000047683716,49074.0
2024-07-03 09:55:00,CLDX,36.43000030517578,36.43000030517578,36.650001525878906,36.43000030517578,36.6349983215332,6453.0
2024-07-03 09:55:00,CLNN,0.335099995136261,0.335099995136261,0.335099995136261,0.335099995136261,0.335099995136261,0.0
2024-07-03 09:55:00,CLOV,1.2450000047683716,1.2450000047683716,1.2450000047683716,1.2450000047683716,1.2450000047683716,2800.0
2024-07-03 09:55:00,CLRB,2.4200000762939453,2.4200000762939453,2.4200000762939453,2.4100000858306885,2.4200000762939453,2832.0
2024-07-03 09:55:00,CMAX,2.169600009918213,2.169600009918213,2.169600009918213,2.169600009918213,2.169600009918213,4759.0
2024-07-03 09:55:00,CNSP,2.8199000358581543,2.8199000358581543,2.819999933242798,2.7200000286102295,2.799999952316284,1050266.0
2024-07-03 09:55:00,COGT,8.289999961853027,8.289999961853027,8.319999694824219,8.289999961853027,8.319999694824219,950.0
2024-07-03 09:55:00,COLL,32.185001373291016,32.185001373291016,32.185001373291016,32.185001373291016,32.185001373291016,321.0
2024-07-03 09:55:00,CORT,31.459999084472656,31.459999084472656,31.459999084472656,31.354999542236328,31.354999542236328,2503.0
2024-07-03 09:55:00,COSM,0.9799000024795532,0.9799000024795532,0.9900000095367432,0.9700000286102295,0.9883000254631042,22393.0
2024-07-03 09:55:00,CPRX,15.890000343322754,15.890000343322754,15.890000343322754,15.890000343322754,15.890000343322754,694.0
2024-07-03 09:55:00,CRBP,48.755001068115234,48.755001068115234,48.755001068115234,48.310001373291016,48.689998626708984,5035.0
2024-07-03 09:55:00,CRBU,1.5750000476837158,1.5750000476837158,1.5750000476837158,1.5750000476837158,1.5750000476837158,225.0
2024-07-03 09:55:00,CRNX,44.83000183105469,44.83000183105469,44.83000183105469,44.83000183105469,44.83000183105469,702.0
2024-07-03 09:55:00,CRSP,53.43170166015625,53.43170166015625,53.470001220703125,53.369998931884766,53.380001068115234,3860.0
2024-07-03 09:55:00,CTKB,5.699999809265137,5.699999809265137,5.699999809265137,5.699999809265137,5.699999809265137,115.0
2024-07-03 09:55:00,CTXR,0.5267999768257141,0.5267999768257141,0.5268999934196472,0.5235000252723694,0.5268999934196472,10520.0
2024-07-03 09:55:00,CUE,1.0149999856948853,1.0149999856948853,1.0149999856948853,1.0099999904632568,1.0099999904632568,728.0
2024-07-03 09:55:00,CUTR,1.3600000143051147,1.3600000143051147,1.3600000143051147,1.3600000143051147,1.3600000143051147,200.0
2024-07-03 09:55:00,CVAC,3.430000066757202,3.430000066757202,3.440000057220459,3.4100000858306885,3.434999942779541,30095.0
2024-07-03 09:55:00,CVRX,11.510000228881836,11.510000228881836,11.579999923706055,11.510000228881836,11.545000076293945,757.0
2024-07-03 09:55:00,DARE,3.359999895095825,3.359999895095825,3.359999895095825,3.359999895095825,3.359999895095825,462.0
2024-07-03 09:55:00,DCTH,7.940000057220459,7.940000057220459,7.96999979019165,7.909999847412109,7.96999979019165,1100.0
2024-07-03 09:55:00,DH,5.409999847412109,5.409999847412109,5.409999847412109,5.400000095367432,5.409999847412109,2111.0
2024-07-03 09:55:00,DNLI,22.040000915527344,22.040000915527344,22.1200008392334,22.040000915527344,22.075000762939453,2512.0
2024-07-03 09:55:00,DSGN,3.2100000381469727,3.2100000381469727,3.2300000190734863,3.2100000381469727,3.2300000190734863,3681.0
2024-07-03 09:55:00,DVAX,11.149999618530273,11.149999618530273,11.149999618530273,11.142499923706055,11.142499923706055,1128.0
2024-07-03 09:55:00,DXCM,111.21749877929688,111.21749877929688,111.37999725341797,111.02999877929688,111.25,1904.0
2024-07-03 09:55:00,DYN,34.47999954223633,34.47999954223633,34.47999954223633,34.47999954223633,34.47999954223633,352.0
2024-07-03 09:55:00,EDIT,4.619999885559082,4.619999885559082,4.619999885559082,4.614999771118164,4.614999771118164,2916.0
2024-07-03 09:55:00,ELDN,2.446199893951416,2.446199893951416,2.446199893951416,2.446199893951416,2.446199893951416,305.0
2024-07-03 09:55:00,ELEV,2.684999942779541,2.684999942779541,2.684999942779541,2.684999942779541,2.684999942779541,150.0
2024-07-03 09:55:00,EMBC,11.949999809265137,11.949999809265137,11.949999809265137,11.949999809265137,11.949999809265137,726.0
2024-07-03 09:55:00,ENLV,1.2999999523162842,1.2999999523162842,1.2999999523162842,1.2999999523162842,1.2999999523162842,100.0
2024-07-03 09:55:00,ENSG,126.41000366210938,126.41000366210938,126.41000366210938,126.41000366210938,126.41000366210938,478.0
2024-07-03 09:55:00,EPIX,4.909999847412109,4.909999847412109,4.909999847412109,4.900000095367432,4.909999847412109,735.0
2024-07-03 09:55:00,ERAS,2.2100000381469727,2.2100000381469727,2.2149999141693115,2.209700107574463,2.2100000381469727,8073.0
2024-07-03 09:55:00,ESPR,2.390000104904175,2.390000104904175,2.390000104904175,2.384999990463257,2.388400077819824,2670.0
2024-07-03 09:55:00,EWTX,18.059999465942383,18.059999465942383,18.059999465942383,18.059999465942383,18.059999465942383,393.0
2024-07-03 09:55:00,EXAS,43.47999954223633,43.47999954223633,43.48500061035156,43.39950180053711,43.39950180053711,1922.0
2024-07-03 09:55:00,EXEL,22.15999984741211,22.15999984741211,22.15999984741211,22.15999984741211,22.15999984741211,3520.0
2024-07-03 09:55:00,EYPT,8.175000190734863,8.175000190734863,8.175000190734863,8.175000190734863,8.175000190734863,300.0
2024-07-03 09:55:00,FATE,3.1600000858306885,3.1600000858306885,3.1600000858306885,3.1600000858306885,3.1600000858306885,810.0
2024-07-03 09:55:00,FBIO,1.7100000381469727,1.7100000381469727,1.7100000381469727,1.690000057220459,1.7000000476837158,7622.0
2024-07-03 09:55:00,FDMT,20.725000381469727,20.725000381469727,20.725000381469727,20.639999389648438,20.639999389648438,742.0
2024-07-03 09:55:00,FGEN,0.7117000222206116,0.7117000222206116,0.7192000150680542,0.7117000222206116,0.7149999737739563,2150.0
2024-07-03 09:55:00,FHTX,5.40500020980835,5.40500020980835,5.510000228881836,5.389999866485596,5.389999866485596,1689.0
2024-07-03 09:55:00,FOLD,9.890000343322754,9.890000343322754,9.890000343322754,9.885000228881836,9.885000228881836,715.0
2024-07-03 09:55:00,FULC,6.110000133514404,6.110000133514404,6.110000133514404,6.110000133514404,6.110000133514404,400.0
2024-07-03 09:55:00,GALT,2.2100000381469727,2.2100000381469727,2.2100000381469727,2.2100000381469727,2.2100000381469727,1000.0
2024-07-03 09:55:00,GBIO,2.3399999141693115,2.3399999141693115,2.3399999141693115,2.3399999141693115,2.3399999141693115,0.0
2024-07-03 09:55:00,GDRX,7.789999961853027,7.789999961853027,7.789999961853027,7.789999961853027,7.789999961853027,324.0
2024-07-03 09:55:00,GERN,4.264999866485596,4.264999866485596,4.264999866485596,4.244999885559082,4.244999885559082,12605.0
2024-07-03 09:55:00,GILD,67.67500305175781,67.67500305175781,67.68000030517578,67.5999984741211,67.5999984741211,4857.0
2024-07-03 09:55:00,GLUE,3.609999895095825,3.609999895095825,3.609999895095825,3.609999895095825,3.609999895095825,361.0
2024-07-03 09:55:00,GLYC,0.2671999931335449,0.2671999931335449,0.2671999931335449,0.2671999931335449,0.2671999931335449,950.0
2024-07-03 09:55:00,GMAB,25.15999984741211,25.15999984741211,25.170000076293945,25.15999984741211,25.15999984741211,1704.0
2024-07-03 09:55:00,GOSS,0.9194999933242798,0.9194999933242798,0.9194999933242798,0.9194999933242798,0.9194999933242798,535.0
2024-07-03 09:55:00,GRFS,6.605000019073486,6.605000019073486,6.610000133514404,6.599999904632568,6.607999801635742,1095.0
2024-07-03 09:55:00,GRTS,0.5698999762535095,0.5698999762535095,0.5699999928474426,0.5698000192642212,0.5699999928474426,12691.0
2024-07-03 09:55:00,GTBP,2.805000066757202,2.805000066757202,2.805000066757202,2.805000066757202,2.805000066757202,2101.0
2024-07-03 09:55:00,GTHX,2.5594000816345215,2.5594000816345215,2.5594000816345215,2.5594000816345215,2.5594000816345215,1124.0
2024-07-03 09:55:00,HALO,51.439998626708984,51.439998626708984,51.494998931884766,51.439998626708984,51.4900016784668,894.0
2024-07-03 09:55:00,HCAT,6.0100998878479,6.0100998878479,6.050000190734863,6.0,6.050000190734863,16478.0
2024-07-03 09:55:00,HCM,17.457500457763672,17.457500457763672,17.479999542236328,17.434999465942383,17.440000534057617,683.0
2024-07-03 09:55:00,HCSG,11.050000190734863,11.050000190734863,11.069999694824219,11.050000190734863,11.0649995803833,1645.0
2024-07-03 09:55:00,HITI,2.140000104904175,2.140000104904175,2.140000104904175,2.134999990463257,2.139899969100952,1408.0
2024-07-03 09:55:00,HOLX,73.20999908447266,73.20999908447266,73.25499725341797,73.20999908447266,73.25499725341797,1015.0
2024-07-03 09:55:00,HOWL,2.0201001167297363,2.0201001167297363,2.0201001167297363,2.0201001167297363,2.0201001167297363,420.0
2024-07-03 09:55:00,HQY,84.16999816894531,84.16999816894531,84.27999877929688,84.04499816894531,84.0999984741211,2059.0
2024-07-03 09:55:00,HRMY,30.19499969482422,30.19499969482422,30.19499969482422,30.19499969482422,30.19499969482422,228.0
2024-07-03 09:55:00,HRTX,2.805000066757202,2.805000066757202,2.809999942779541,2.7850000858306885,2.7892000675201416,8041.0
2024-07-03 09:55:00,HSIC,64.83000183105469,64.83000183105469,64.91999816894531,64.83000183105469,64.87000274658203,2686.0
2024-07-03 09:55:00,HUGE,0.15369999408721924,0.15369999408721924,0.15369999408721924,0.15360000729560852,0.15360000729560852,2124.0
2024-07-03 09:55:00,HUMA,5.534999847412109,5.534999847412109,5.559999942779541,5.519999980926514,5.545000076293945,8279.0
2024-07-03 09:55:00,IART,28.920000076293945,28.920000076293945,28.93000030517578,28.920000076293945,28.93000030517578,213.0
2024-07-03 09:55:00,IBRX,6.188600063323975,6.188600063323975,6.188600063323975,6.179999828338623,6.179999828338623,643.0
2024-07-03 09:55:00,ICAD,1.2100000381469727,1.2100000381469727,1.2100000381469727,1.2100000381469727,1.2100000381469727,400.0
2024-07-03 09:55:00,ICLR,317.6700134277344,317.6700134277344,317.6700134277344,317.6700134277344,317.6700134277344,584.0
2024-07-03 09:55:00,IDXX,475.8500061035156,475.8500061035156,475.8500061035156,475.8500061035156,475.8500061035156,107.0
2024-07-03 09:55:00,IDYA,33.2400016784668,33.2400016784668,33.2400016784668,33.2400016784668,33.2400016784668,724.0
2024-07-03 09:55:00,IKNA,1.6399999856948853,1.6399999856948853,1.6399999856948853,1.6399999856948853,1.6399999856948853,134.0
2024-07-03 09:55:00,ILMN,106.12000274658203,106.12000274658203,106.29139709472656,105.91999816894531,105.91999816894531,6990.0
2024-07-03 09:55:00,IMCR,34.95500183105469,34.95500183105469,34.95500183105469,34.95500183105469,34.95500183105469,125.0
2024-07-03 09:55:00,IMMP,1.909999966621399,1.909999966621399,1.9299999475479126,1.909999966621399,1.9299999475479126,3796.0
2024-07-03 09:55:00,IMMX,2.2699999809265137,2.2699999809265137,2.2699999809265137,2.259999990463257,2.2613000869750977,3308.0
2024-07-03 09:55:00,IMNM,11.789999961853027,11.789999961853027,11.789999961853027,11.789999961853027,11.789999961853027,281.0
2024-07-03 09:55:00,IMUX,1.118399977684021,1.118399977684021,1.118399977684021,1.118399977684021,1.118399977684021,2100.0
2024-07-03 09:55:00,IMVT,26.510000228881836,26.510000228881836,26.510000228881836,26.510000228881836,26.510000228881836,309.0
2024-07-03 09:55:00,INAB,0.8007000088691711,0.8007000088691711,0.8007000088691711,0.8007000088691711,0.8007000088691711,650.0
2024-07-03 09:55:00,INCY,58.599998474121094,58.599998474121094,58.67689895629883,58.599998474121094,58.61000061035156,4867.0
2024-07-03 09:55:00,INMB,8.0600004196167,8.0600004196167,8.0600004196167,8.0600004196167,8.0600004196167,311.0
2024-07-03 09:55:00,INMD,17.780000686645508,17.780000686645508,17.780000686645508,17.75029945373535,17.764999389648438,1547.0
2024-07-03 09:55:00,INO,8.395000457763672,8.395000457763672,8.395000457763672,8.369999885559082,8.369999885559082,1426.0
2024-07-03 09:55:00,INSM,64.0,64.0,64.0,63.974998474121094,63.974998474121094,359.0
2024-07-03 09:55:00,INVA,16.450000762939453,16.450000762939453,16.450000762939453,16.450000762939453,16.450000762939453,716.0
2024-07-03 09:55:00,INVO,0.7781000137329102,0.7781000137329102,0.7781000137329102,0.7781000137329102,0.7781000137329102,0.0
2024-07-03 09:55:00,IONS,44.89500045776367,44.89500045776367,44.89500045776367,44.89500045776367,44.89500045776367,630.0
2024-07-03 09:55:00,IOVA,7.739999771118164,7.739999771118164,7.739999771118164,7.724999904632568,7.730000019073486,4385.0
2024-07-03 09:55:00,IPSC,2.2112998962402344,2.2112998962402344,2.2112998962402344,2.2112998962402344,2.2112998962402344,1139.0
2024-07-03 09:55:00,IRTC,97.52999877929688,97.52999877929688,97.76000213623047,97.43000030517578,97.75,3916.0
2024-07-03 09:55:00,IRWD,6.150000095367432,6.150000095367432,6.15500020980835,6.144999980926514,6.150000095367432,3004.0
2024-07-03 09:55:00,ISRG,436.57000732421875,436.57000732421875,436.7699890136719,436.5400085449219,436.7699890136719,2201.0
2024-07-03 09:55:00,IVVD,1.1150000095367432,1.1150000095367432,1.1150000095367432,1.1150000095367432,1.1150000095367432,620.0
2024-07-03 09:55:00,JAGX,3.440000057220459,3.440000057220459,3.440000057220459,3.440000057220459,3.440000057220459,2822.0
2024-07-03 09:55:00,JAZZ,104.94000244140625,104.94000244140625,104.97000122070312,104.94000244140625,104.97000122070312,436.0
2024-07-03 09:55:00,JSPR,23.4950008392334,23.4950008392334,23.59000015258789,23.329999923706055,23.59000015258789,1737.0
2024-07-03 09:55:00,KALA,6.78000020980835,6.78000020980835,6.78000020980835,6.78000020980835,6.78000020980835,400.0
2024-07-03 09:55:00,KMDA,5.159999847412109,5.159999847412109,5.199999809265137,5.159999847412109,5.199999809265137,2797.0
2024-07-03 09:55:00,KNSA,18.59000015258789,18.59000015258789,18.610000610351562,18.59000015258789,18.610000610351562,2423.0
2024-07-03 09:55:00,KPTI,0.8274000287055969,0.8274000287055969,0.8274000287055969,0.8264999985694885,0.8264999985694885,539.0
2024-07-03 09:55:00,KTRA,0.258899986743927,0.258899986743927,0.2590000033378601,0.25850000977516174,0.2590000033378601,5027.0
2024-07-03 09:55:00,KYMR,30.489999771118164,30.489999771118164,30.489999771118164,30.489999771118164,30.489999771118164,523.0
2024-07-03 09:55:00,KZR,0.5719000101089478,0.5719000101089478,0.5719000101089478,0.5719000101089478,0.5719000101089478,130.0
2024-07-03 09:55:00,LAB,1.784999966621399,1.784999966621399,1.784999966621399,1.784999966621399,1.784999966621399,239.0
2024-07-03 09:55:00,LBPH,31.0,31.0,31.0,30.97249984741211,30.989999771118164,2894.0
2024-07-03 09:55:00,LEGN,44.67499923706055,44.67499923706055,44.73500061035156,44.60499954223633,44.61000061035156,2573.0
2024-07-03 09:55:00,LFST,5.085000038146973,5.085000038146973,5.085000038146973,5.085000038146973,5.085000038146973,452.0
2024-07-03 09:55:00,LIVN,52.70600128173828,52.70600128173828,52.70600128173828,52.68000030517578,52.70000076293945,739.0
2024-07-03 09:55:00,LNTH,78.73999786376953,78.73999786376953,78.73999786376953,78.73999786376953,78.73999786376953,433.0
2024-07-03 09:55:00,LQDA,11.875,11.875,11.880000114440918,11.875,11.880000114440918,281.0
2024-07-03 09:55:00,LUCY,0.4876999855041504,0.4876999855041504,0.4876999855041504,0.46209999918937683,0.46209999918937683,56990.0
2024-07-03 09:55:00,LXRX,1.5964000225067139,1.5964000225067139,1.600000023841858,1.5917999744415283,1.600000023841858,8554.0
2024-07-03 09:55:00,LYEL,1.4299999475479126,1.4299999475479126,1.4299999475479126,1.409999966621399,1.409999966621399,7801.0
2024-07-03 09:55:00,LYRA,0.27799999713897705,0.27799999713897705,0.27799999713897705,0.2773999869823456,0.2773999869823456,1469.0
2024-07-03 09:55:00,MASS,4.75,4.75,4.760000228881836,4.75,4.75,1103.0
2024-07-03 09:55:00,MBIO,0.535099983215332,0.535099983215332,0.5439000129699707,0.5324000120162964,0.5357000231742859,29738.0
2024-07-03 09:55:00,MBOT,1.090000033378601,1.090000033378601,1.090000033378601,1.0800000429153442,1.0800000429153442,5950.0
2024-07-03 09:55:00,MDWD,15.59000015258789,15.59000015258789,15.59000015258789,15.395000457763672,15.489999771118164,4206.0
2024-07-03 09:55:00,ME,0.397599995136261,0.397599995136261,0.39959999918937683,0.397599995136261,0.39959999918937683,11615.0
2024-07-03 09:55:00,MEDP,400.7699890136719,400.7699890136719,400.7699890136719,400.7699890136719,400.7699890136719,424.0
2024-07-03 09:55:00,MESO,6.630000114440918,6.630000114440918,6.630000114440918,6.630000114440918,6.630000114440918,428.0
2024-07-03 09:55:00,MGNX,4.199999809265137,4.199999809265137,4.210000038146973,4.199999809265137,4.210000038146973,897.0
2024-07-03 09:55:00,MGTX,3.950000047683716,3.950000047683716,3.9800000190734863,3.950000047683716,3.9700000286102295,3200.0
2024-07-03 09:55:00,MNKD,5.065000057220459,5.065000057220459,5.065000057220459,5.059999942779541,5.059999942779541,2844.0
2024-07-03 09:55:00,MODD,1.496000051498413,1.496000051498413,1.496000051498413,1.496000051498413,1.496000051498413,185.0
2024-07-03 09:55:00,MREO,3.450000047683716,3.450000047683716,3.450000047683716,3.450000047683716,3.450000047683716,981.0
2024-07-03 09:55:00,MRNA,117.56999969482422,117.56999969482422,117.61000061035156,117.27999877929688,117.33589935302734,4718.0
2024-07-03 09:55:00,MRNS,1.2000000476837158,1.2000000476837158,1.2050000429153442,1.1950000524520874,1.2000000476837158,18643.0
2024-07-03 09:55:00,MRSN,1.8849999904632568,1.8849999904632568,1.8849999904632568,1.8799999952316284,1.8849999904632568,9304.0
2024-07-03 09:55:00,MRVI,6.800000190734863,6.800000190734863,6.809999942779541,6.800000190734863,6.809999942779541,829.0
2024-07-03 09:55:00,MXCT,3.7100000381469727,3.7100000381469727,3.7100000381469727,3.7100000381469727,3.7100000381469727,101.0
2024-07-03 09:55:00,MYGN,25.09000015258789,25.09000015258789,25.09000015258789,25.09000015258789,25.09000015258789,104.0
2024-07-03 09:55:00,NARI,49.470001220703125,49.470001220703125,49.470001220703125,49.43000030517578,49.43000030517578,429.0
2024-07-03 09:55:00,NDRA,0.08560000360012054,0.08560000360012054,0.08569999784231186,0.08560000360012054,0.08569999784231186,12154.0
2024-07-03 09:55:00,NEO,13.71500015258789,13.71500015258789,13.71500015258789,13.6850004196167,13.6850004196167,3836.0
2024-07-03 09:55:00,NEOG,15.039999961853027,15.039999961853027,15.039999961853027,15.020000457763672,15.03499984741211,896.0
2024-07-03 09:55:00,NKTR,1.215000033378601,1.215000033378601,1.215000033378601,1.215000033378601,1.215000033378601,510.0
2024-07-03 09:55:00,NLSP,0.20149999856948853,0.20149999856948853,0.20149999856948853,0.20149999856948853,0.20149999856948853,29350.0
2024-07-03 09:55:00,NNOX,6.985000133514404,6.985000133514404,6.986400127410889,6.985000133514404,6.986400127410889,738.0
2024-07-03 09:55:00,NOTV,1.659999966621399,1.659999966621399,1.659999966621399,1.659999966621399,1.659999966621399,394.0
2024-07-03 09:55:00,NRC,22.834999084472656,22.834999084472656,22.860000610351562,22.834999084472656,22.860000610351562,1376.0
2024-07-03 09:55:00,NRIX,18.854999542236328,18.854999542236328,18.854999542236328,18.854999542236328,18.854999542236328,319.0
2024-07-03 09:55:00,NRSN,1.2401000261306763,1.2401000261306763,1.2401000261306763,1.2401000261306763,1.2401000261306763,233.0
2024-07-03 09:55:00,NRXP,2.6500000953674316,2.6500000953674316,2.6500000953674316,2.6500000953674316,2.6500000953674316,301.0
2024-07-03 09:55:00,NTLA,22.299999237060547,22.299999237060547,22.315000534057617,22.260000228881836,22.260000228881836,4235.0
2024-07-03 09:55:00,NTRA,112.52999877929688,112.52999877929688,112.58999633789062,112.51000213623047,112.51000213623047,2962.0
2024-07-03 09:55:00,NVAX,13.050000190734863,13.050000190734863,13.050000190734863,12.920000076293945,12.920000076293945,41438.0
2024-07-03 09:55:00,NVCR,17.100000381469727,17.100000381469727,17.100000381469727,17.100000381469727,17.100000381469727,3007.0
2024-07-03 09:55:00,OCGN,1.6399999856948853,1.6399999856948853,1.6399999856948853,1.6399999856948853,1.6399999856948853,1238.0
2024-07-03 09:55:00,OCUL,6.855000019073486,6.855000019073486,6.855000019073486,6.849999904632568,6.849999904632568,826.0
2024-07-03 09:55:00,OCUP,1.5635000467300415,1.5635000467300415,1.5635000467300415,1.5635000467300415,1.5635000467300415,263.0
2024-07-03 09:55:00,OGI,1.5449999570846558,1.5449999570846558,1.5499999523162842,1.5449999570846558,1.5499999523162842,3249.0
2024-07-03 09:55:00,OLK,25.80500030517578,25.80500030517578,25.80500030517578,25.80500030517578,25.80500030517578,1232.0
2024-07-03 09:55:00,OLMA,10.550000190734863,10.550000190734863,10.550000190734863,10.550000190734863,10.550000190734863,213.0
2024-07-03 09:55:00,OM,3.7300000190734863,3.7300000190734863,3.7300000190734863,3.7149999141693115,3.7149999141693115,593.0
2024-07-03 09:55:00,OMGA,2.02020001411438,2.02020001411438,2.02020001411438,2.02020001411438,2.02020001411438,1102.0
2024-07-03 09:56:00,ABCL,2.7699999809265137,2.7699999809265137,2.7699999809265137,2.7699999809265137,2.7699999809265137,1300.0
2024-07-03 09:56:00,ABOS,2.2939999103546143,2.2939999103546143,2.2939999103546143,2.2939999103546143,2.2939999103546143,135.0
2024-07-03 09:56:00,ABSI,3.239500045776367,3.239500045776367,3.240000009536743,3.2300000190734863,3.240000009536743,5220.0
2024-07-03 09:56:00,ABUS,3.1600000858306885,3.1600000858306885,3.1649999618530273,3.1600000858306885,3.1600000858306885,2637.0
2024-07-03 09:56:00,ACB,4.78000020980835,4.78000020980835,4.789999961853027,4.755000114440918,4.755000114440918,7061.0
2024-07-03 09:56:00,ACCD,3.515000104904175,3.515000104904175,3.5199999809265137,3.509999990463257,3.5199999809265137,3499.0
2024-07-03 09:56:00,ACET,1.0800000429153442,1.0800000429153442,1.0850000381469727,1.0800000429153442,1.0850000381469727,6653.0
2024-07-03 09:56:00,ACHC,65.87000274658203,65.87000274658203,66.04499816894531,65.86000061035156,66.03500366210938,6464.0
2024-07-03 09:56:00,ACLX,53.790000915527344,53.790000915527344,53.790000915527344,53.67499923706055,53.70000076293945,3580.0
2024-07-03 09:56:00,ACXP,2.115000009536743,2.115000009536743,2.115000009536743,2.115000009536743,2.115000009536743,2367.0
2024-07-03 09:56:00,ADAP,1.0099999904632568,1.0099999904632568,1.0399999618530273,1.0099999904632568,1.0399999618530273,35809.0
2024-07-03 09:56:00,ADMA,11.255000114440918,11.255000114440918,11.260000228881836,11.244999885559082,11.260000228881836,2764.0
2024-07-03 09:56:00,ADVM,7.010000228881836,7.010000228881836,7.014999866485596,7.010000228881836,7.014999866485596,853.0
2024-07-03 09:56:00,AGEN,14.40999984741211,14.40999984741211,14.510000228881836,14.40999984741211,14.470000267028809,1501.0
2024-07-03 09:56:00,AGIO,42.1150016784668,42.1150016784668,42.1150016784668,42.1150016784668,42.1150016784668,358.0
2024-07-03 09:56:00,AKBA,0.9440000057220459,0.9440000057220459,0.9440000057220459,0.9440000057220459,0.9440000057220459,292.0
2024-07-03 09:56:00,AKRO,21.864999771118164,21.864999771118164,21.864999771118164,21.864999771118164,21.864999771118164,198.0
2024-07-03 09:56:00,ALEC,4.369999885559082,4.369999885559082,4.369999885559082,4.369999885559082,4.369999885559082,228.0
2024-07-03 09:56:00,ALGN,238.11000061035156,238.11000061035156,238.11000061035156,238.11000061035156,238.11000061035156,774.0
2024-07-03 09:56:00,ALHC,7.960000038146973,7.960000038146973,7.972899913787842,7.960000038146973,7.972899913787842,583.0
2024-07-03 09:56:00,ALKS,24.260000228881836,24.260000228881836,24.260000228881836,24.260000228881836,24.260000228881836,154.0
2024-07-03 09:56:00,ALLK,0.8456000089645386,0.8456000089645386,0.8456000089645386,0.8456000089645386,0.8456000089645386,101.0
2024-07-03 09:56:00,ALLO,2.109999895095825,2.109999895095825,2.1191999912261963,2.109999895095825,2.115000009536743,3377.0
2024-07-03 09:56:00,ALLR,0.20600000023841858,0.20600000023841858,0.20749999582767487,0.20600000023841858,0.20730000734329224,2700.0
2024-07-03 09:56:00,ALNY,246.10000610351562,246.10000610351562,246.10000610351562,246.10000610351562,246.10000610351562,519.0
2024-07-03 09:56:00,ALT,6.692500114440918,6.692500114440918,6.715000152587891,6.692500114440918,6.715000152587891,3623.0
2024-07-03 09:56:00,ALXO,5.735000133514404,5.735000133514404,5.735000133514404,5.735000133514404,5.735000133514404,47.0
2024-07-03 09:56:00,AMED,96.6050033569336,96.6050033569336,96.6050033569336,96.6050033569336,96.6050033569336,404.0
2024-07-03 09:56:00,AMGN,311.3800048828125,311.3800048828125,311.80999755859375,311.3800048828125,311.80999755859375,4052.0
2024-07-03 09:56:00,AMLX,1.7400000095367432,1.7400000095367432,1.7450000047683716,1.7400000095367432,1.7450000047683716,1072.0
2024-07-03 09:56:00,AMPH,37.849998474121094,37.849998474121094,37.849998474121094,37.849998474121094,37.849998474121094,139.0
2024-07-03 09:56:00,AMRN,0.7080000042915344,0.7080000042915344,0.7080000042915344,0.7080000042915344,0.7080000042915344,400.0
2024-07-03 09:56:00,ANAB,24.889999389648438,24.889999389648438,24.895000457763672,24.799999237060547,24.809200286865234,4210.0
2024-07-03 09:56:00,ANIP,62.400001525878906,62.400001525878906,62.40999984741211,62.400001525878906,62.40999984741211,3940.0
2024-07-03 09:56:00,ANNX,4.65500020980835,4.65500020980835,4.679999828338623,4.65500020980835,4.679999828338623,10651.0
2024-07-03 09:56:00,ANTX,2.5199999809265137,2.5199999809265137,2.5399999618530273,2.509999990463257,2.509999990463257,7926.0
2024-07-03 09:56:00,APDN,0.45190000534057617,0.45190000534057617,0.45190000534057617,0.45190000534057617,0.45190000534057617,932.0
2024-07-03 09:56:00,APLS,35.92499923706055,35.92499923706055,36.07500076293945,35.88999938964844,36.07500076293945,8283.0
2024-07-03 09:56:00,APLT,4.380000114440918,4.380000114440918,4.400000095367432,4.369999885559082,4.400000095367432,4307.0
2024-07-03 09:56:00,AQST,2.375,2.375,2.378700017929077,2.369999885559082,2.369999885559082,1310.0
2024-07-03 09:56:00,ARCT,21.513700485229492,21.513700485229492,21.513700485229492,21.513700485229492,21.513700485229492,1182.0
2024-07-03 09:56:00,ARDX,5.15500020980835,5.15500020980835,5.169899940490723,5.144999980926514,5.159999847412109,123764.0
2024-07-03 09:56:00,ARGX,435.2900085449219,435.2900085449219,435.3500061035156,435.2900085449219,435.3500061035156,1168.0
2024-07-03 09:56:00,ARQT,9.399999618530273,9.399999618530273,9.427200317382812,9.380000114440918,9.405500411987305,7713.0
2024-07-03 09:56:00,ARWR,25.1299991607666,25.1299991607666,25.1299991607666,25.1299991607666,25.1299991607666,493.0
2024-07-03 09:56:00,ASRT,1.2984000444412231,1.2984000444412231,1.2984000444412231,1.2984000444412231,1.2984000444412231,1156.0
2024-07-03 09:56:00,ATEC,9.949999809265137,9.949999809265137,9.95009994506836,9.949999809265137,9.95009994506836,4695.0
2024-07-03 09:56:00,ATOS,1.1399999856948853,1.1399999856948853,1.1449999809265137,1.1399999856948853,1.1449999809265137,719.0
2024-07-03 09:56:00,ATXS,8.9399995803833,8.9399995803833,9.029999732971191,8.9399995803833,9.029999732971191,1112.0
2024-07-03 09:56:00,AUGX,1.0190000534057617,1.0190000534057617,1.0199999809265137,1.0089999437332153,1.0089999437332153,0.0
2024-07-03 09:56:00,AUPH,5.449999809265137,5.449999809265137,5.449999809265137,5.440000057220459,5.449999809265137,1041.0
2024-07-03 09:56:00,AURA,7.179999828338623,7.179999828338623,7.179999828338623,7.099999904632568,7.130000114440918,0.0
2024-07-03 09:56:00,AUTL,3.380000114440918,3.380000114440918,3.4000000953674316,3.380000114440918,3.4000000953674316,874.0
2024-07-03 09:56:00,AVDL,14.020000457763672,14.020000457763672,14.100000381469727,14.010000228881836,14.069999694824219,3401.0
2024-07-03 09:56:00,AVTE,1.590000033378601,1.590000033378601,1.590000033378601,1.590000033378601,1.590000033378601,200.0
2024-07-03 09:56:00,AVXL,4.164999961853027,4.164999961853027,4.164999961853027,4.159999847412109,4.159999847412109,514.0
2024-07-03 09:56:00,AWH,1.0199999809265137,1.0199999809265137,1.0199999809265137,1.0199999809265137,1.0199999809265137,300.0
2024-07-03 09:56:00,AXGN,7.380000114440918,7.380000114440918,7.380000114440918,7.380000114440918,7.380000114440918,778.0
2024-07-03 09:56:00,AZN,76.82499694824219,76.82499694824219,76.83000183105469,76.82499694824219,76.82499694824219,1989.0
2024-07-03 09:56:00,AZTA,52.2406005859375,52.2406005859375,52.2406005859375,52.2406005859375,52.2406005859375,1590.0
2024-07-03 09:56:00,BACK,1.7799999713897705,1.7799999713897705,1.7899999618530273,1.7599999904632568,1.7599999904632568,3801.0
2024-07-03 09:56:00,BBIO,24.954999923706055,24.954999923706055,24.959999084472656,24.940000534057617,24.950000762939453,1096.0
2024-07-03 09:56:00,BCAB,1.2949999570846558,1.2949999570846558,1.3200000524520874,1.2899999618530273,1.3200000524520874,63009.0
2024-07-03 09:56:00,BCRX,6.610000133514404,6.610000133514404,6.610000133514404,6.610000133514404,6.610000133514404,4437.0
2024-07-03 09:56:00,BCYC,19.75,19.75,19.75,19.611900329589844,19.611900329589844,800.0
2024-07-03 09:56:00,BEAM,23.100000381469727,23.100000381469727,23.190000534057617,23.100000381469727,23.190000534057617,858.0
2024-07-03 09:56:00,BEAT,2.8499999046325684,2.8499999046325684,2.8499999046325684,2.840100049972534,2.8499999046325684,1994.0
2024-07-03 09:56:00,BJDX,0.6219000220298767,0.6219000220298767,0.6219000220298767,0.6218000054359436,0.6218000054359436,3222.0
2024-07-03 09:56:00,BLFS,20.049999237060547,20.049999237060547,20.18000030517578,20.049999237060547,20.18000030517578,1406.0
2024-07-03 09:56:00,BLUE,0.9200000166893005,0.9200000166893005,0.9222000241279602,0.9200000166893005,0.9218000173568726,35369.0
2024-07-03 09:56:00,BMRN,81.68000030517578,81.68000030517578,81.87000274658203,81.68000030517578,81.87000274658203,1360.0
2024-07-03 09:56:00,BNGO,0.5888000130653381,0.5888000130653381,0.5888000130653381,0.5888000130653381,0.5888000130653381,736.0
2024-07-03 09:56:00,BNTX,81.05500030517578,81.05500030517578,81.1500015258789,80.96499633789062,81.01000213623047,3510.0
2024-07-03 09:56:00,BPMC,110.4749984741211,110.4749984741211,110.5,110.2699966430664,110.5,2402.0
2024-07-03 09:56:00,BRKR,62.05500030517578,62.05500030517578,62.06999969482422,62.029998779296875,62.029998779296875,10706.0
2024-07-03 09:56:00,BTAI,1.065000057220459,1.065000057220459,1.065000057220459,1.065000057220459,1.065000057220459,18000.0
2024-07-03 09:56:00,BVS,6.005000114440918,6.005000114440918,6.019999980926514,6.005000114440918,6.019999980926514,398.0
2024-07-03 09:56:00,BWAY,5.910099983215332,5.910099983215332,5.910099983215332,5.910099983215332,5.910099983215332,246.0
2024-07-03 09:56:00,CADL,6.269999980926514,6.269999980926514,6.269999980926514,6.269999980926514,6.269999980926514,308.0
2024-07-03 09:56:00,CARA,0.27000001072883606,0.27000001072883606,0.27000001072883606,0.27000001072883606,0.27000001072883606,104.0
2024-07-03 09:56:00,CCCC,4.679999828338623,4.679999828338623,4.679999828338623,4.650000095367432,4.679999828338623,2127.0
2024-07-03 09:56:00,CDMO,7.449999809265137,7.449999809265137,7.449999809265137,7.230000019073486,7.230000019073486,9293.0
2024-07-03 09:56:00,CDNA,15.125,15.125,15.125,15.100099563598633,15.100099563598633,1616.0
2024-07-03 09:56:00,CERE,41.290000915527344,41.290000915527344,41.29999923706055,41.279998779296875,41.29999923706055,1854.0
2024-07-03 09:56:00,CERT,13.744999885559082,13.744999885559082,13.744999885559082,13.744999885559082,13.744999885559082,315.0
2024-07-03 09:56:00,CGC,6.630000114440918,6.630000114440918,6.630000114440918,6.600599765777588,6.610000133514404,65394.0
2024-07-03 09:56:00,CGEM,16.34000015258789,16.34000015258789,16.399999618530273,16.290000915527344,16.399999618530273,811.0
2024-07-03 09:56:00,CGEN,1.7000000476837158,1.7000000476837158,1.7000000476837158,1.6950000524520874,1.6950000524520874,560.0
2024-07-03 09:56:00,CGTX,1.8250000476837158,1.8250000476837158,1.8257999420166016,1.8086999654769897,1.8250000476837158,1070.0
2024-07-03 09:56:00,CHRS,1.3497999906539917,1.3497999906539917,1.350000023841858,1.3450000286102295,1.350000023841858,2165.0
2024-07-03 09:56:00,CKPT,2.2300000190734863,2.2300000190734863,2.2300000190734863,2.2200000286102295,2.22979998588562,6399.0
2024-07-03 09:56:00,CLDX,36.48500061035156,36.48500061035156,36.5,36.459999084472656,36.470001220703125,5721.0
2024-07-03 09:56:00,CLNN,0.3368000090122223,0.3368000090122223,0.3368000090122223,0.335099995136261,0.335099995136261,16904.0
2024-07-03 09:56:00,CLOV,1.2461999654769897,1.2461999654769897,1.2487000226974487,1.2450000047683716,1.2487000226974487,1820.0
2024-07-03 09:56:00,CLPT,5.300000190734863,5.300000190734863,5.300000190734863,5.300000190734863,5.300000190734863,216.0
2024-07-03 09:56:00,CNSP,2.869999885559082,2.869999885559082,2.9149999618530273,2.7200000286102295,2.811000108718872,1447020.0
2024-07-03 09:56:00,CNTA,8.706299781799316,8.706299781799316,8.706299781799316,8.706299781799316,8.706299781799316,672.0
2024-07-03 09:56:00,COGT,8.289999961853027,8.289999961853027,8.289999961853027,8.289999961853027,8.289999961853027,401.0
2024-07-03 09:56:00,COSM,0.960099995136261,0.960099995136261,0.9650999903678894,0.9599999785423279,0.9617000222206116,13961.0
2024-07-03 09:56:00,CRBU,1.5700000524520874,1.5700000524520874,1.5800000429153442,1.5700000524520874,1.5800000429153442,5603.0
2024-07-03 09:56:00,CRDF,2.130000114440918,2.130000114440918,2.130000114440918,2.130000114440918,2.130000114440918,408.0
2024-07-03 09:56:00,CRNX,44.59000015258789,44.59000015258789,44.81999969482422,44.59000015258789,44.81999969482422,1986.0
2024-07-03 09:56:00,CRON,2.319999933242798,2.319999933242798,2.3299999237060547,2.319999933242798,2.3299999237060547,2452.0
2024-07-03 09:56:00,CRSP,53.380001068115234,53.380001068115234,53.394901275634766,53.369998931884766,53.394901275634766,2710.0
2024-07-03 09:56:00,CTKB,5.699999809265137,5.699999809265137,5.699999809265137,5.699999809265137,5.699999809265137,484.0
2024-07-03 09:56:00,CTMX,1.3200000524520874,1.3200000524520874,1.3200000524520874,1.3200000524520874,1.3200000524520874,200.0
2024-07-03 09:56:00,CTXR,0.5199999809265137,0.5199999809265137,0.5199999809265137,0.5199999809265137,0.5199999809265137,1528.0
2024-07-03 09:56:00,CUE,1.0199999809265137,1.0199999809265137,1.0199999809265137,1.0099999904632568,1.0149999856948853,2219.0
2024-07-03 09:56:00,CUTR,1.3600000143051147,1.3600000143051147,1.3700000047683716,1.3600000143051147,1.3700000047683716,2165.0
2024-07-03 09:56:00,CVAC,3.359999895095825,3.359999895095825,3.430000066757202,3.3399999141693115,3.424999952316284,75843.0
2024-07-03 09:56:00,CVRX,11.649999618530273,11.649999618530273,11.649999618530273,11.569999694824219,11.579999923706055,1805.0
2024-07-03 09:56:00,CYCC,1.6201000213623047,1.6201000213623047,1.6201000213623047,1.6201000213623047,1.6201000213623047,2850.0
2024-07-03 09:56:00,CYTK,54.939998626708984,54.939998626708984,54.939998626708984,54.72999954223633,54.814998626708984,5995.0
2024-07-03 09:56:00,DARE,3.359999895095825,3.359999895095825,3.359999895095825,3.359999895095825,3.359999895095825,1361.0
2024-07-03 09:56:00,DAWN,13.260000228881836,13.260000228881836,13.270000457763672,13.260000228881836,13.260000228881836,692.0
2024-07-03 09:56:00,DCTH,7.909999847412109,7.909999847412109,7.951700210571289,7.909999847412109,7.940000057220459,9320.0
2024-07-03 09:56:00,DH,5.400000095367432,5.400000095367432,5.400000095367432,5.400000095367432,5.400000095367432,415.0
2024-07-03 09:56:00,DNLI,22.024999618530273,22.024999618530273,22.049999237060547,22.024999618530273,22.049999237060547,3459.0
2024-07-03 09:56:00,DRUG,1.1299999952316284,1.1299999952316284,1.1299999952316284,1.1299999952316284,1.1299999952316284,205.0
2024-07-03 09:56:00,DSGN,3.200000047683716,3.200000047683716,3.200000047683716,3.200000047683716,3.200000047683716,419.0
2024-07-03 09:56:00,DVAX,11.130000114440918,11.130000114440918,11.145000457763672,11.130000114440918,11.135000228881836,1905.0
2024-07-03 09:56:00,DXCM,111.18499755859375,111.18499755859375,111.18499755859375,111.18499755859375,111.18499755859375,212.0
2024-07-03 09:56:00,DYN,34.31999969482422,34.31999969482422,34.45000076293945,34.20500183105469,34.400001525878906,5470.0
2024-07-03 09:56:00,EDAP,5.281199932098389,5.281199932098389,5.281199932098389,5.281199932098389,5.281199932098389,0.0
2024-07-03 09:56:00,EDIT,4.614999771118164,4.614999771118164,4.619999885559082,4.614999771118164,4.619999885559082,3579.0
2024-07-03 09:56:00,EMBC,11.925000190734863,11.925000190734863,11.925000190734863,11.920000076293945,11.920000076293945,1100.0
2024-07-03 09:56:00,ENSG,126.50289916992188,126.50289916992188,126.50299835205078,126.50289916992188,126.50289916992188,3308.0
2024-07-03 09:56:00,EOLS,10.800000190734863,10.800000190734863,10.800000190734863,10.800000190734863,10.800000190734863,201.0
2024-07-03 09:56:00,EQ,0.6653000116348267,0.6653000116348267,0.6653000116348267,0.6653000116348267,0.6653000116348267,1250.0
2024-07-03 09:56:00,ERAS,2.190000057220459,2.190000057220459,2.2049999237060547,2.190000057220459,2.2049999237060547,12852.0
2024-07-03 09:56:00,ESPR,2.384999990463257,2.384999990463257,2.3949999809265137,2.384999990463257,2.3949999809265137,16031.0
2024-07-03 09:56:00,ESTA,43.01499938964844,43.01499938964844,43.01499938964844,43.01499938964844,43.01499938964844,1085.0
2024-07-03 09:56:00,ETNB,7.670000076293945,7.670000076293945,7.670000076293945,7.670000076293945,7.670000076293945,490.0
2024-07-03 09:56:00,EVO,5.050000190734863,5.050000190734863,5.050000190734863,5.050000190734863,5.050000190734863,102.0
2024-07-03 09:56:00,EWTX,18.03499984741211,18.03499984741211,18.03499984741211,18.03499984741211,18.03499984741211,366.0
2024-07-03 09:56:00,EXAI,5.239999771118164,5.239999771118164,5.239999771118164,5.239999771118164,5.239999771118164,331.0
2024-07-03 09:56:00,EXAS,43.349998474121094,43.349998474121094,43.438899993896484,43.310001373291016,43.438899993896484,2976.0
2024-07-03 09:56:00,EXEL,22.139999389648438,22.139999389648438,22.149999618530273,22.139999389648438,22.149999618530273,2299.0
2024-07-03 09:56:00,EYEN,0.7386999726295471,0.7386999726295471,0.7386999726295471,0.7386999726295471,0.7386999726295471,300.0
2024-07-03 09:56:00,EYPT,8.175000190734863,8.175000190734863,8.199999809265137,8.175000190734863,8.175000190734863,450.0
2024-07-03 09:56:00,FATE,3.1500000953674316,3.1500000953674316,3.1600000858306885,3.1500000953674316,3.1600000858306885,954.0
2024-07-03 09:56:00,FDMT,20.6200008392334,20.6200008392334,20.684999465942383,20.540000915527344,20.59000015258789,5148.0
2024-07-03 09:56:00,FGEN,0.7117000222206116,0.7117000222206116,0.7192000150680542,0.7117000222206116,0.7117000222206116,18514.0
2024-07-03 09:56:00,FHTX,5.489999771118164,5.489999771118164,5.489999771118164,5.400000095367432,5.400000095367432,103.0
2024-07-03 09:56:00,FOLD,9.859999656677246,9.859999656677246,9.880000114440918,9.859999656677246,9.880000114440918,1221.0
2024-07-03 09:56:00,FULC,6.100100040435791,6.100100040435791,6.100100040435791,6.099999904632568,6.099999904632568,3089.0
2024-07-03 09:56:00,GALT,2.200000047683716,2.200000047683716,2.200000047683716,2.190000057220459,2.194000005722046,4001.0
2024-07-03 09:56:00,GDRX,7.775000095367432,7.775000095367432,7.775000095367432,7.775000095367432,7.775000095367432,502.0
2024-07-03 09:56:00,GERN,4.262499809265137,4.262499809265137,4.269999980926514,4.262499809265137,4.269999980926514,3923.0
2024-07-03 09:56:00,GH,28.559999465942383,28.559999465942383,28.584999084472656,28.549999237060547,28.549999237060547,1084.0
2024-07-03 09:56:00,GILD,67.4800033569336,67.4800033569336,67.66000366210938,67.4800033569336,67.66000366210938,21593.0
2024-07-03 09:56:00,GLSI,17.45989990234375,17.45989990234375,17.45989990234375,17.45989990234375,17.45989990234375,878.0
2024-07-03 09:56:00,GLUE,3.609999895095825,3.609999895095825,3.609999895095825,3.609999895095825,3.609999895095825,610.0
2024-07-03 09:56:00,GLYC,0.26840001344680786,0.26840001344680786,0.2685000002384186,0.267300009727478,0.26759999990463257,2475.0
2024-07-03 09:56:00,GOSS,0.92330002784729,0.92330002784729,0.9244999885559082,0.9204999804496765,0.9204999804496765,5677.0
2024-07-03 09:56:00,GOVX,3.1314001083374023,3.1314001083374023,3.1338000297546387,3.130199909210205,3.13100004196167,4887.0
2024-07-03 09:56:00,GRFS,6.619999885559082,6.619999885559082,6.619999885559082,6.619999885559082,6.619999885559082,283.0
2024-07-03 09:56:00,GRTS,0.569599986076355,0.569599986076355,0.5697000026702881,0.569599986076355,0.5697000026702881,1708.0
2024-07-03 09:56:00,GTHX,2.555000066757202,2.555000066757202,2.555000066757202,2.549999952316284,2.549999952316284,3961.0
2024-07-03 09:56:00,HALO,51.48500061035156,51.48500061035156,51.4900016784668,51.48500061035156,51.4900016784668,579.0
2024-07-03 09:56:00,HCAT,6.03000020980835,6.03000020980835,6.050000190734863,6.03000020980835,6.050000190734863,0.0
2024-07-03 09:56:00,HCM,17.399999618530273,17.399999618530273,17.399999618530273,17.399999618530273,17.399999618530273,313.0
2024-07-03 09:56:00,HITI,2.1500000953674316,2.1500000953674316,2.1500000953674316,2.140000104904175,2.140000104904175,1752.0
2024-07-03 09:56:00,HOLX,73.18000030517578,73.18000030517578,73.2249984741211,73.1500015258789,73.2249984741211,2022.0
2024-07-03 09:56:00,HQY,84.29000091552734,84.29000091552734,84.31500244140625,84.29000091552734,84.31500244140625,238.0
2024-07-03 09:56:00,HROW,21.54129981994629,21.54129981994629,21.594999313354492,21.54129981994629,21.594999313354492,540.0
2024-07-03 09:56:00,HRTX,2.7950000762939453,2.7950000762939453,2.7950000762939453,2.7950000762939453,2.7950000762939453,212.0
2024-07-03 09:56:00,HSIC,64.94999694824219,64.94999694824219,64.9800033569336,64.94999694824219,64.9800033569336,908.0
2024-07-03 09:56:00,HUGE,0.1543000042438507,0.1543000042438507,0.1543000042438507,0.15399999916553497,0.15399999916553497,3746.0
2024-07-03 09:56:00,HUMA,5.480000019073486,5.480000019073486,5.534999847412109,5.480000019073486,5.534999847412109,10694.0
2024-07-03 09:56:00,IART,28.954999923706055,28.954999923706055,28.954999923706055,28.954999923706055,28.954999923706055,184.0
2024-07-03 09:56:00,IBRX,6.199999809265137,6.199999809265137,6.199999809265137,6.199999809265137,6.199999809265137,457.0
2024-07-03 09:56:00,ICLR,318.2799987792969,318.2799987792969,318.2799987792969,318.2799987792969,318.2799987792969,351.0
2024-07-03 09:56:00,IDXX,475.8500061035156,475.8500061035156,475.8500061035156,475.8500061035156,475.8500061035156,359.0
2024-07-03 09:56:00,IDYA,33.189998626708984,33.189998626708984,33.189998626708984,33.189998626708984,33.189998626708984,102.0
2024-07-03 09:56:00,IGMS,6.369999885559082,6.369999885559082,6.369999885559082,6.369999885559082,6.369999885559082,150.0
2024-07-03 09:56:00,IKNA,1.6349999904632568,1.6349999904632568,1.6399999856948853,1.6349999904632568,1.6399999856948853,597.0
2024-07-03 09:56:00,ILMN,106.08999633789062,106.08999633789062,106.23999786376953,106.08999633789062,106.23999786376953,3995.0
2024-07-03 09:56:00,IMCR,34.95500183105469,34.95500183105469,34.95500183105469,34.95500183105469,34.95500183105469,200.0
2024-07-03 09:56:00,IMMX,2.2699999809265137,2.2699999809265137,2.2699999809265137,2.2699999809265137,2.2699999809265137,289.0
2024-07-03 09:56:00,IMNM,11.8100004196167,11.8100004196167,11.8149995803833,11.789999961853027,11.789999961853027,3638.0
2024-07-03 09:56:00,IMRX,1.125,1.125,1.125,1.125,1.125,218.0
2024-07-03 09:56:00,IMTX,11.960000038146973,11.960000038146973,11.960000038146973,11.960000038146973,11.960000038146973,118.0
2024-07-03 09:56:00,INBX,13.569999694824219,13.569999694824219,13.569999694824219,13.569999694824219,13.569999694824219,489.0
2024-07-03 09:56:00,INCY,58.560001373291016,58.560001373291016,58.58000183105469,58.54999923706055,58.56999969482422,1534.0
2024-07-03 09:56:00,INGN,7.710000038146973,7.710000038146973,7.710000038146973,7.710000038146973,7.710000038146973,365.0
2024-07-03 09:56:00,INMB,8.0600004196167,8.0600004196167,8.0600004196167,8.0600004196167,8.0600004196167,400.0
2024-07-03 09:56:00,INMD,17.790000915527344,17.790000915527344,17.790000915527344,17.790000915527344,17.790000915527344,146.0
2024-07-03 09:56:00,INSM,63.73500061035156,63.73500061035156,64.0,63.68000030517578,63.98500061035156,4846.0
2024-07-03 09:56:00,INVO,0.777999997138977,0.777999997138977,0.777999997138977,0.777999997138977,0.777999997138977,912.0
2024-07-03 09:56:00,INZY,4.429999828338623,4.429999828338623,4.449999809265137,4.429999828338623,4.440000057220459,2009.0
2024-07-03 09:56:00,IONM,0.3310999870300293,0.3310999870300293,0.3310999870300293,0.33000001311302185,0.33009999990463257,21659.0
2024-07-03 09:56:00,IONS,44.900001525878906,44.900001525878906,44.900001525878906,44.89500045776367,44.89500045776367,784.0
2024-07-03 09:56:00,IOVA,7.730000019073486,7.730000019073486,7.739999771118164,7.730000019073486,7.7399001121521,4575.0
2024-07-03 09:56:00,IPA,1.0199999809265137,1.0199999809265137,1.0199999809265137,1.0199999809265137,1.0199999809265137,215.0
2024-07-03 09:56:00,IRMD,43.83769989013672,43.83769989013672,43.83769989013672,43.83769989013672,43.83769989013672,682.0
2024-07-03 09:56:00,IRTC,97.51000213623047,97.51000213623047,97.51000213623047,97.51000213623047,97.51000213623047,132.0
2024-07-03 09:56:00,IRWD,6.119999885559082,6.119999885559082,6.139999866485596,6.119999885559082,6.139999866485596,2528.0
2024-07-03 09:56:00,ISRG,435.6300048828125,435.6300048828125,435.6300048828125,435.55999755859375,435.55999755859375,637.0
2024-07-03 09:56:00,ITOS,14.670000076293945,14.670000076293945,14.670000076293945,14.670000076293945,14.670000076293945,200.0
2024-07-03 09:56:00,IXHL,2.9021999835968018,2.9021999835968018,2.9100000858306885,2.9021999835968018,2.9100000858306885,201.0
2024-07-03 09:56:00,JSPR,23.530000686645508,23.530000686645508,23.530000686645508,23.530000686645508,23.530000686645508,304.0
2024-07-03 09:56:00,KALA,6.800000190734863,6.800000190734863,6.800000190734863,6.769999980926514,6.774700164794922,3396.0
2024-07-03 09:56:00,KALV,11.4399995803833,11.4399995803833,11.59000015258789,11.4399995803833,11.59000015258789,6471.0
2024-07-03 09:56:00,KMDA,5.119999885559082,5.119999885559082,5.119999885559082,5.119999885559082,5.119999885559082,203.0
2024-07-03 09:56:00,KNSA,18.59000015258789,18.59000015258789,18.59000015258789,18.59000015258789,18.59000015258789,461.0
2024-07-03 09:56:00,KOD,2.2200000286102295,2.2200000286102295,2.2200000286102295,2.2200000286102295,2.2200000286102295,581.0
2024-07-03 09:56:00,KRMD,2.309999942779541,2.309999942779541,2.309999942779541,2.309999942779541,2.309999942779541,366.0
2024-07-03 09:56:00,KRYS,177.97999572753906,177.97999572753906,177.97999572753906,177.97999572753906,177.97999572753906,299.0
2024-07-03 09:56:00,KTRA,0.25850000977516174,0.25850000977516174,0.25850000977516174,0.257999986410141,0.257999986410141,2052.0
2024-07-03 09:56:00,KURA,20.440000534057617,20.440000534057617,20.450000762939453,20.440000534057617,20.450000762939453,588.0
2024-07-03 09:56:00,KZR,0.5727999806404114,0.5727999806404114,0.5727999806404114,0.5708000063896179,0.5726000070571899,1560.0
2024-07-03 09:56:00,LBPH,31.049999237060547,31.049999237060547,31.170000076293945,30.989999771118164,30.989999771118164,3343.0
2024-07-03 09:56:00,LEGN,44.349998474121094,44.349998474121094,44.654998779296875,44.34000015258789,44.654998779296875,6211.0
2024-07-03 09:56:00,LFMD,6.690000057220459,6.690000057220459,6.690000057220459,6.690000057220459,6.690000057220459,663.0
2024-07-03 09:56:00,LFST,5.085000038146973,5.085000038146973,5.085000038146973,5.085000038146973,5.085000038146973,539.0
2024-07-03 09:56:00,LGVN,1.6553000211715698,1.6553000211715698,1.6553000211715698,1.6553000211715698,1.6553000211715698,241.0
2024-07-03 09:56:00,LIVN,52.70000076293945,52.70000076293945,52.70000076293945,52.599998474121094,52.599998474121094,636.0
2024-07-03 09:56:00,LMAT,81.2699966430664,81.2699966430664,81.69000244140625,81.2699966430664,81.69000244140625,327.0
2024-07-03 09:56:00,LOGC,5.699999809265137,5.699999809265137,5.699999809265137,5.699999809265137,5.699999809265137,418.0
2024-07-03 09:56:00,LQDA,11.84000015258789,11.84000015258789,11.84000015258789,11.84000015258789,11.84000015258789,161.0
2024-07-03 09:56:00,LRMR,7.599999904632568,7.599999904632568,7.619999885559082,7.599999904632568,7.619999885559082,419.0
2024-07-03 09:56:00,LUCD,0.7649999856948853,0.7649999856948853,0.7649999856948853,0.7649999856948853,0.7649999856948853,2272.0
2024-07-03 09:56:00,LUCY,0.4652000069618225,0.4652000069618225,0.4652000069618225,0.4652000069618225,0.4652000069618225,1346.0
2024-07-03 09:56:00,LXRX,1.600000023841858,1.600000023841858,1.600000023841858,1.5924999713897705,1.5950000286102295,2834.0
2024-07-03 09:56:00,LYEL,1.4249999523162842,1.4249999523162842,1.4249999523162842,1.4249999523162842,1.4249999523162842,928.0
2024-07-03 09:56:00,MASS,4.739999771118164,4.739999771118164,4.739999771118164,4.739999771118164,4.739999771118164,145.0
2024-07-03 09:56:00,MBIO,0.5400000214576721,0.5400000214576721,0.5437999963760376,0.5400000214576721,0.5437999963760376,5529.0
2024-07-03 09:56:00,MBOT,1.090000033378601,1.090000033378601,1.100000023841858,1.0800000429153442,1.090000033378601,14192.0
2024-07-03 09:56:00,MCRB,0.7042999863624573,0.7042999863624573,0.7080000042915344,0.7042999863624573,0.7080000042915344,1167.0
2024-07-03 09:56:00,MDGL,270.989990234375,270.989990234375,270.989990234375,270.989990234375,270.989990234375,1664.0
2024-07-03 09:56:00,MDXG,6.744999885559082,6.744999885559082,6.744999885559082,6.744999885559082,6.744999885559082,290.0
2024-07-03 09:56:00,ME,0.397599995136261,0.397599995136261,0.397599995136261,0.397599995136261,0.397599995136261,1037.0
2024-07-03 09:56:00,MEDS,18.499900817871094,18.499900817871094,18.499900817871094,18.499900817871094,18.499900817871094,516.0
2024-07-03 09:56:00,MGNX,4.184999942779541,4.184999942779541,4.199999809265137,4.184999942779541,4.199999809265137,1031.0
2024-07-03 09:56:00,MGTX,3.975100040435791,3.975100040435791,3.9791998863220215,3.950000047683716,3.9791998863220215,1038.0
2024-07-03 09:56:00,MHUA,0.9049999713897705,0.9049999713897705,0.9049999713897705,0.9049999713897705,0.9049999713897705,200.0
2024-07-03 09:56:00,MIRM,33.900001525878906,33.900001525878906,33.900001525878906,33.900001525878906,33.900001525878906,475.0
2024-07-03 09:56:00,MLTX,39.980098724365234,39.980098724365234,40.05500030517578,39.980098724365234,40.0,2011.0
2024-07-03 09:56:00,MNKD,5.050000190734863,5.050000190734863,5.065000057220459,5.039999961853027,5.065000057220459,2156.0
2024-07-03 09:56:00,MNMD,7.059999942779541,7.059999942779541,7.090000152587891,7.059999942779541,7.070000171661377,2736.0
2024-07-03 09:56:00,MREO,3.450000047683716,3.450000047683716,3.450000047683716,3.450000047683716,3.450000047683716,1920.0
2024-07-03 09:56:00,MRNA,118.19999694824219,118.19999694824219,118.2300033569336,117.58999633789062,117.58999633789062,4049.0
2024-07-03 09:56:00,MRNS,1.1950000524520874,1.1950000524520874,1.1950000524520874,1.1950000524520874,1.1950000524520874,294.0
2024-07-03 09:56:00,MRSN,1.8849999904632568,1.8849999904632568,1.8849999904632568,1.8849999904632568,1.8849999904632568,222.0
2024-07-03 09:56:00,MXCT,3.7100000381469727,3.7100000381469727,3.7100000381469727,3.7100000381469727,3.7100000381469727,1516.0
2024-07-03 09:56:00,MYGN,25.110000610351562,25.110000610351562,25.110000610351562,25.059999465942383,25.110000610351562,1006.0
2024-07-03 09:56:00,NARI,49.505001068115234,49.505001068115234,49.505001068115234,49.407901763916016,49.407901763916016,830.0
2024-07-03 09:56:00,NBIX,138.1999969482422,138.1999969482422,138.4499969482422,138.1999969482422,138.4499969482422,4543.0
2024-07-03 09:56:00,NDRA,0.08550000190734863,0.08550000190734863,0.08550000190734863,0.08550000190734863,0.08550000190734863,13924.0
2024-07-03 09:56:00,NEO,13.71500015258789,13.71500015258789,13.739999771118164,13.6899995803833,13.729999542236328,3826.0
2024-07-03 09:56:00,NEOG,15.050000190734863,15.050000190734863,15.050000190734863,15.050000190734863,15.050000190734863,372.0
2024-07-03 09:56:00,NKTR,1.215000033378601,1.215000033378601,1.215000033378601,1.215000033378601,1.215000033378601,845.0
2024-07-03 09:56:00,NKTX,5.21999979019165,5.21999979019165,5.21999979019165,5.210000038146973,5.210000038146973,1031.0
2024-07-03 09:56:00,NNOX,6.989999771118164,6.989999771118164,6.989999771118164,6.985000133514404,6.985000133514404,1493.0
2024-07-03 09:56:00,NRIX,18.854999542236328,18.854999542236328,18.854999542236328,18.854999542236328,18.854999542236328,573.0
2024-07-03 09:56:00,NRSN,1.2599999904632568,1.2599999904632568,1.2599999904632568,1.2599999904632568,1.2599999904632568,1280.0
2024-07-03 09:56:00,NTLA,22.299999237060547,22.299999237060547,22.350000381469727,22.295000076293945,22.299999237060547,3444.0
2024-07-03 09:56:00,NTRA,112.5250015258789,112.5250015258789,112.52999877929688,112.43000030517578,112.43009948730469,2175.0
2024-07-03 09:56:00,NUVL,71.69000244140625,71.69000244140625,71.69000244140625,71.6500015258789,71.66999816894531,1187.0
2024-07-03 09:56:00,NUWE,4.170000076293945,4.170000076293945,4.170000076293945,4.143199920654297,4.143199920654297,890.0
2024-07-03 09:56:00,NVAX,13.030099868774414,13.030099868774414,13.050000190734863,13.020099639892578,13.039999961853027,14449.0
2024-07-03 09:56:00,NVCR,17.100000381469727,17.100000381469727,17.110000610351562,17.100000381469727,17.110000610351562,613.0
2024-07-03 09:56:00,NVOS,0.7448999881744385,0.7448999881744385,0.7448999881744385,0.7448999881744385,0.7448999881744385,1600.0
2024-07-03 09:56:00,NXL,1.4950000047683716,1.4950000047683716,1.4950000047683716,1.4950000047683716,1.4950000047683716,425.0
2024-07-03 09:56:00,OCGN,1.6397000551223755,1.6397000551223755,1.6399999856948853,1.638200044631958,1.639799952507019,7408.0
2024-07-03 09:56:00,OCUL,6.809999942779541,6.809999942779541,6.840000152587891,6.809999942779541,6.840000152587891,2762.0
2024-07-03 09:56:00,OCX,2.976900100708008,2.976900100708008,2.976900100708008,2.976900100708008,2.976900100708008,1085.0
2024-07-03 09:56:00,OLMA,10.489999771118164,10.489999771118164,10.489999771118164,10.479999542236328,10.479999542236328,1352.0
2024-07-03 09:57:00,AADI,1.340000033378601,1.340000033378601,1.340000033378601,1.340000033378601,1.340000033378601,338.0
2024-07-03 09:57:00,ABCL,2.765000104904175,2.765000104904175,2.7702999114990234,2.759999990463257,2.7699999809265137,1817.0
2024-07-03 09:57:00,ABIO,3.5999999046325684,3.5999999046325684,3.5999999046325684,3.5999999046325684,3.5999999046325684,1379.0
2024-07-03 09:57:00,ABSI,3.259999990463257,3.259999990463257,3.2799999713897705,3.244999885559082,3.244999885559082,10919.0
2024-07-03 09:57:00,ABUS,3.1600000858306885,3.1600000858306885,3.1649999618530273,3.1600000858306885,3.1649999618530273,1223.0
2024-07-03 09:57:00,ACAD,15.774999618530273,15.774999618530273,15.789999961853027,15.770000457763672,15.789999961853027,1631.0
2024-07-03 09:57:00,ACB,4.769999980926514,4.769999980926514,4.786600112915039,4.769899845123291,4.786600112915039,4305.0
2024-07-03 09:57:00,ACCD,3.5250000953674316,3.5250000953674316,3.5250000953674316,3.509999990463257,3.509999990463257,2701.0
2024-07-03 09:57:00,ACET,1.0750000476837158,1.0750000476837158,1.0750000476837158,1.0700000524520874,1.070099949836731,9918.0
2024-07-03 09:57:00,ACHC,66.0,66.0,66.0,65.9800033569336,65.9800033569336,410.0
2024-07-03 09:57:00,ACXP,2.115000009536743,2.115000009536743,2.119999885559082,2.0917000770568848,2.115000009536743,1968.0
2024-07-03 09:57:00,ADAP,1.0099999904632568,1.0099999904632568,1.0199999809265137,1.0099999904632568,1.0199999809265137,2720.0
2024-07-03 09:57:00,ADIL,1.0601999759674072,1.0601999759674072,1.0601999759674072,1.0601999759674072,1.0601999759674072,157.0
2024-07-03 09:57:00,ADMA,11.265000343322754,11.265000343322754,11.265000343322754,11.255000114440918,11.255000114440918,13538.0
2024-07-03 09:57:00,ADPT,3.309999942779541,3.309999942779541,3.309999942779541,3.305000066757202,3.305000066757202,2373.0
2024-07-03 09:57:00,ADVM,7.065000057220459,7.065000057220459,7.065000057220459,7.010000228881836,7.010000228881836,1394.0
2024-07-03 09:57:00,AEMD,0.4262999892234802,0.4262999892234802,0.4262999892234802,0.4262999892234802,0.4262999892234802,200.0
2024-07-03 09:57:00,AGEN,14.509400367736816,14.509400367736816,14.509400367736816,14.399999618530273,14.399999618530273,2091.0
2024-07-03 09:57:00,AIMD,0.7975000143051147,0.7975000143051147,0.7975000143051147,0.7975000143051147,0.7975000143051147,488.0
2024-07-03 09:57:00,AKBA,0.9401000142097473,0.9401000142097473,0.9401000142097473,0.9401000142097473,0.9401000142097473,169.0
2024-07-03 09:57:00,AKRO,21.889999389648438,21.889999389648438,21.950000762939453,21.844999313354492,21.889999389648438,920.0
2024-07-03 09:57:00,AKYA,2.1500000953674316,2.1500000953674316,2.1500000953674316,2.1500000953674316,2.1500000953674316,250.0
2024-07-03 09:57:00,ALEC,4.389999866485596,4.389999866485596,4.389999866485596,4.380000114440918,4.380000114440918,3907.0
2024-07-03 09:57:00,ALKS,24.225000381469727,24.225000381469727,24.239999771118164,24.225000381469727,24.229999542236328,1173.0
2024-07-03 09:57:00,ALLK,0.8456000089645386,0.8456000089645386,0.8456000089645386,0.8456000089645386,0.8456000089645386,700.0
2024-07-03 09:57:00,ALLO,2.109999895095825,2.109999895095825,2.11929988861084,2.1050000190734863,2.115000009536743,8968.0
2024-07-03 09:57:00,ALLR,0.2070000022649765,0.2070000022649765,0.20759999752044678,0.20600000023841858,0.20749999582767487,2466.0
2024-07-03 09:57:00,ALNY,246.19500732421875,246.19500732421875,246.25,246.10000610351562,246.10000610351562,2183.0
2024-07-03 09:57:00,ALT,6.679999828338623,6.679999828338623,6.685299873352051,6.670000076293945,6.679999828338623,3941.0
2024-07-03 09:57:00,ALVR,0.738099992275238,0.738099992275238,0.738099992275238,0.738099992275238,0.738099992275238,583.0
2024-07-03 09:57:00,AMED,96.6050033569336,96.6050033569336,96.6050033569336,96.6050033569336,96.6050033569336,1192.0
2024-07-03 09:57:00,AMGN,311.3200988769531,311.3200988769531,311.4700012207031,311.32000732421875,311.4700012207031,940.0
2024-07-03 09:57:00,AMLX,1.7450000047683716,1.7450000047683716,1.75,1.7400000095367432,1.7450000047683716,4115.0
2024-07-03 09:57:00,AMPH,37.86000061035156,37.86000061035156,37.904998779296875,37.849998474121094,37.880001068115234,1240.0
2024-07-03 09:57:00,ANNX,4.65500020980835,4.65500020980835,4.659999847412109,4.654600143432617,4.659999847412109,4755.0
2024-07-03 09:57:00,ANTX,2.609999895095825,2.609999895095825,2.6113998889923096,2.5299999713897705,2.5399999618530273,27810.0
2024-07-03 09:57:00,ARDX,5.15500020980835,5.15500020980835,5.159999847412109,5.150000095367432,5.150000095367432,21165.0
2024-07-03 09:57:00,ARGX,435.67999267578125,435.67999267578125,435.67999267578125,435.3500061035156,435.3599853515625,1584.0
2024-07-03 09:57:00,ARQT,9.40999984741211,9.40999984741211,9.40999984741211,9.390000343322754,9.40999984741211,2070.0
2024-07-03 09:57:00,ARVN,24.780000686645508,24.780000686645508,24.780000686645508,24.780000686645508,24.780000686645508,299.0
2024-07-03 09:57:00,ASLN,2.2500998973846436,2.2500998973846436,2.2500998973846436,2.2500998973846436,2.2500998973846436,762.0
2024-07-03 09:57:00,ASRT,1.3049999475479126,1.3049999475479126,1.309999942779541,1.2949999570846558,1.2999999523162842,22130.0
2024-07-03 09:57:00,ATAI,1.309999942779541,1.309999942779541,1.309999942779541,1.309999942779541,1.309999942779541,892.0
2024-07-03 09:57:00,ATEC,9.96500015258789,9.96500015258789,9.96500015258789,9.96500015258789,9.96500015258789,530.0
2024-07-03 09:57:00,ATOS,1.1449999809265137,1.1449999809265137,1.1449999809265137,1.1449999809265137,1.1449999809265137,1796.0
2024-07-03 09:57:00,ATRC,22.31999969482422,22.31999969482422,22.350000381469727,22.15999984741211,22.16939926147461,6239.0
2024-07-03 09:57:00,ATXS,8.9399995803833,8.9399995803833,8.9399995803833,8.9399995803833,8.9399995803833,200.0
2024-07-03 09:57:00,AUPH,5.449999809265137,5.449999809265137,5.449999809265137,5.440000057220459,5.440000057220459,1051.0
2024-07-03 09:57:00,AURA,7.099999904632568,7.099999904632568,7.099999904632568,7.099999904632568,7.099999904632568,0.0
2024-07-03 09:57:00,AUTL,3.390000104904175,3.390000104904175,3.390000104904175,3.380000114440918,3.380000114440918,717.0
2024-07-03 09:57:00,AVDL,14.069999694824219,14.069999694824219,14.069999694824219,14.039999961853027,14.039999961853027,1496.0
2024-07-03 09:57:00,AVIR,3.2300000190734863,3.2300000190734863,3.2300000190734863,3.2300000190734863,3.2300000190734863,940.0
2024-07-03 09:57:00,AVXL,4.159999847412109,4.159999847412109,4.159999847412109,4.159999847412109,4.159999847412109,562.0
2024-07-03 09:57:00,AXSM,79.19999694824219,79.19999694824219,79.19999694824219,79.19999694824219,79.19999694824219,133.0
2024-07-03 09:57:00,AZN,76.81999969482422,76.81999969482422,76.82499694824219,76.80000305175781,76.82499694824219,9065.0
2024-07-03 09:57:00,BCAB,1.2899999618530273,1.2899999618530273,1.2949999570846558,1.2899999618530273,1.2949999570846558,3199.0
2024-07-03 09:57:00,BCRX,6.619699954986572,6.619699954986572,6.619699954986572,6.605000019073486,6.614999771118164,2383.0
2024-07-03 09:57:00,BCYC,19.670000076293945,19.670000076293945,19.739999771118164,19.670000076293945,19.739999771118164,364.0
2024-07-03 09:57:00,BEAM,23.09000015258789,23.09000015258789,23.135000228881836,23.09000015258789,23.135000228881836,1024.0
2024-07-03 09:57:00,BEAT,2.840100049972534,2.840100049972534,2.9000000953674316,2.840100049972534,2.9000000953674316,4588.0
2024-07-03 09:57:00,BJDX,0.628600001335144,0.628600001335144,0.6287000179290771,0.6218000054359436,0.6218000054359436,1701.0
2024-07-03 09:57:00,BLFS,20.094999313354492,20.094999313354492,20.094999313354492,20.094999313354492,20.094999313354492,190.0
2024-07-03 09:57:00,BLRX,0.5304999947547913,0.5304999947547913,0.5447999835014343,0.5304999947547913,0.5447999835014343,18932.0
2024-07-03 09:57:00,BLUE,0.9225000143051147,0.9225000143051147,0.9225000143051147,0.9225000143051147,0.9225000143051147,1067.0
2024-07-03 09:57:00,BMEA,4.360000133514404,4.360000133514404,4.360000133514404,4.360000133514404,4.360000133514404,1054.0
2024-07-03 09:57:00,BMRA,0.45010000467300415,0.45010000467300415,0.450300008058548,0.45010000467300415,0.450300008058548,1702.0
2024-07-03 09:57:00,BMRN,81.72000122070312,81.72000122070312,81.72000122070312,81.72000122070312,81.72000122070312,591.0
2024-07-03 09:57:00,BNGO,0.5889000296592712,0.5889000296592712,0.5889000296592712,0.5805000066757202,0.5889000296592712,3390.0
2024-07-03 09:57:00,BNTX,81.0,81.0,81.05999755859375,80.94999694824219,81.05999755859375,4569.0
2024-07-03 09:57:00,BRKR,62.05500030517578,62.05500030517578,62.05500030517578,62.05500030517578,62.05500030517578,733.0
2024-07-03 09:57:00,BTAI,1.059999942779541,1.059999942779541,1.065000057220459,1.059999942779541,1.065000057220459,0.0
2024-07-03 09:57:00,BYSI,2.359999895095825,2.359999895095825,2.359999895095825,2.359999895095825,2.359999895095825,480.0
2024-07-03 09:57:00,CARA,0.2696000039577484,0.2696000039577484,0.2696000039577484,0.2696000039577484,0.2696000039577484,5616.0
2024-07-03 09:57:00,CCCC,4.679999828338623,4.679999828338623,4.679999828338623,4.650000095367432,4.664999961853027,1478.0
2024-07-03 09:57:00,CCRN,13.670000076293945,13.670000076293945,13.670000076293945,13.670000076293945,13.670000076293945,338.0
2024-07-03 09:57:00,CDMO,7.401299953460693,7.401299953460693,7.449999809265137,7.401299953460693,7.429999828338623,2994.0
2024-07-03 09:57:00,CDNA,15.21500015258789,15.21500015258789,15.21500015258789,15.149999618530273,15.149999618530273,257.0
2024-07-03 09:57:00,CDXS,2.9700000286102295,2.9700000286102295,2.9700000286102295,2.950000047683716,2.950000047683716,1677.0
2024-07-03 09:57:00,CELC,16.260000228881836,16.260000228881836,16.260000228881836,16.190000534057617,16.190000534057617,323.0
2024-07-03 09:57:00,CERE,41.290000915527344,41.290000915527344,41.290000915527344,41.2599983215332,41.28499984741211,9818.0
2024-07-03 09:57:00,CERS,1.715000033378601,1.715000033378601,1.715000033378601,1.715000033378601,1.715000033378601,666.0
2024-07-03 09:57:00,CERT,13.760000228881836,13.760000228881836,13.760000228881836,13.760000228881836,13.760000228881836,497.0
2024-07-03 09:57:00,CGC,6.625,6.625,6.639999866485596,6.619999885559082,6.639999866485596,23778.0
2024-07-03 09:57:00,CGEM,16.274999618530273,16.274999618530273,16.309999465942383,16.239999771118164,16.270000457763672,1218.0
2024-07-03 09:57:00,CGEN,1.7000000476837158,1.7000000476837158,1.7000000476837158,1.6900999546051025,1.6900999546051025,2953.0
2024-07-03 09:57:00,CGTX,1.809999942779541,1.809999942779541,1.8257999420166016,1.809999942779541,1.8257999420166016,0.0
2024-07-03 09:57:00,CHRS,1.350100040435791,1.350100040435791,1.3550000190734863,1.350000023841858,1.350000023841858,5843.0
2024-07-03 09:57:00,CING,0.3043000102043152,0.3043000102043152,0.3043000102043152,0.3043000102043152,0.3043000102043152,0.0
2024-07-03 09:57:00,CKPT,2.259999990463257,2.259999990463257,2.2699999809265137,2.2300000190734863,2.240000009536743,13811.0
2024-07-03 09:57:00,CLDX,36.3849983215332,36.3849983215332,36.5,36.3849983215332,36.5,4045.0
2024-07-03 09:57:00,CLOV,1.2482000589370728,1.2482000589370728,1.2482000589370728,1.2450000047683716,1.2450000047683716,2280.0
2024-07-03 09:57:00,CMPS,6.110000133514404,6.110000133514404,6.110000133514404,6.110000133514404,6.110000133514404,2088.0
2024-07-03 09:57:00,CMPX,0.8705999851226807,0.8705999851226807,0.8705999851226807,0.8705999851226807,0.8705999851226807,966.0
2024-07-03 09:57:00,CNSP,2.8289999961853027,2.8289999961853027,2.950000047683716,2.75,2.8399999141693115,1225770.0
2024-07-03 09:57:00,CNTX,1.8200000524520874,1.8200000524520874,1.8200000524520874,1.8200000524520874,1.8200000524520874,1169.0
2024-07-03 09:57:00,CODX,1.2598999738693237,1.2598999738693237,1.2598999738693237,1.2598999738693237,1.2598999738693237,2000.0
2024-07-03 09:57:00,COGT,8.295000076293945,8.295000076293945,8.329999923706055,8.289999961853027,8.289999961853027,2692.0
2024-07-03 09:57:00,COSM,0.9793000221252441,0.9793000221252441,0.9800999760627747,0.9624999761581421,0.9624999761581421,18792.0
2024-07-03 09:57:00,CPRX,15.859999656677246,15.859999656677246,15.859999656677246,15.859999656677246,15.859999656677246,316.0
2024-07-03 09:57:00,CRNX,44.5,44.5,44.54999923706055,44.38999938964844,44.54999923706055,2517.0
2024-07-03 09:57:00,CRON,2.319999933242798,2.319999933242798,2.3201000690460205,2.319999933242798,2.3201000690460205,2101.0
2024-07-03 09:57:00,CRSP,53.400001525878906,53.400001525878906,53.400001525878906,53.36000061035156,53.400001525878906,2601.0
2024-07-03 09:57:00,CSTL,21.135000228881836,21.135000228881836,21.135000228881836,21.135000228881836,21.135000228881836,153.0
2024-07-03 09:57:00,CTMX,1.3200000524520874,1.3200000524520874,1.3300000429153442,1.3200000524520874,1.3200000524520874,3590.0
2024-07-03 09:57:00,CTXR,0.5220000147819519,0.5220000147819519,0.5268999934196472,0.5175999999046326,0.5268999934196472,6405.0
2024-07-03 09:57:00,CVAC,3.3949999809265137,3.3949999809265137,3.3998000621795654,3.33240008354187,3.369999885559082,82180.0
2024-07-03 09:57:00,CYTK,54.8650016784668,54.8650016784668,54.8650016784668,54.8650016784668,54.8650016784668,570.0
2024-07-03 09:57:00,DAWN,13.265000343322754,13.265000343322754,13.265000343322754,13.25,13.25,1990.0
2024-07-03 09:57:00,DCTH,7.909999847412109,7.909999847412109,7.909999847412109,7.909999847412109,7.909999847412109,1040.0
2024-07-03 09:57:00,DRUG,1.1399999856948853,1.1399999856948853,1.1399999856948853,1.1399999856948853,1.1399999856948853,308.0
2024-07-03 09:57:00,DVAX,11.119999885559082,11.119999885559082,11.119999885559082,11.119999885559082,11.119999885559082,276.0
2024-07-03 09:57:00,DXCM,111.1500015258789,111.1500015258789,111.1500015258789,111.04000091552734,111.04000091552734,850.0
2024-07-03 09:57:00,DYN,34.26499938964844,34.26499938964844,34.26499938964844,34.26499938964844,34.26499938964844,300.0
2024-07-03 09:57:00,EDIT,4.614999771118164,4.614999771118164,4.614999771118164,4.614999771118164,4.614999771118164,5123.0
2024-07-03 09:57:00,EGRX,5.277500152587891,5.277500152587891,5.277500152587891,5.267499923706055,5.275000095367432,2345.0
2024-07-03 09:57:00,ELEV,2.740000009536743,2.740000009536743,2.740000009536743,2.670099973678589,2.684999942779541,12283.0
2024-07-03 09:57:00,EOLS,10.770000457763672,10.770000457763672,10.8149995803833,10.770000457763672,10.800000190734863,1560.0
2024-07-03 09:57:00,ERAS,2.194999933242798,2.194999933242798,2.200000047683716,2.190000057220459,2.190000057220459,8790.0
2024-07-03 09:57:00,ESPR,2.384999990463257,2.384999990463257,2.390000104904175,2.384999990463257,2.390000104904175,1350.0
2024-07-03 09:57:00,ETNB,7.659999847412109,7.659999847412109,7.659999847412109,7.659999847412109,7.659999847412109,320.0
2024-07-03 09:57:00,EXAS,43.380001068115234,43.380001068115234,43.380001068115234,43.34000015258789,43.369998931884766,1385.0
2024-07-03 09:57:00,EXEL,22.139999389648438,22.139999389648438,22.139999389648438,22.139999389648438,22.139999389648438,392.0
2024-07-03 09:57:00,EYEN,0.739799976348877,0.739799976348877,0.739799976348877,0.7365000247955322,0.7365000247955322,700.0
2024-07-03 09:57:00,EYPT,8.140000343322754,8.140000343322754,8.210000038146973,8.140000343322754,8.140000343322754,2903.0
2024-07-03 09:57:00,FATE,3.180000066757202,3.180000066757202,3.184999942779541,3.1500000953674316,3.1600000858306885,4731.0
2024-07-03 09:57:00,FDMT,20.729900360107422,20.729900360107422,20.77750015258789,20.610000610351562,20.65999984741211,2389.0
2024-07-03 09:57:00,FGEN,0.7117000222206116,0.7117000222206116,0.7117000222206116,0.7117000222206116,0.7117000222206116,1190.0
2024-07-03 09:57:00,FLGT,19.944499969482422,19.944499969482422,19.969999313354492,19.944499969482422,19.96500015258789,681.0
2024-07-03 09:57:00,FOLD,9.859999656677246,9.859999656677246,9.869999885559082,9.850000381469727,9.859999656677246,3672.0
2024-07-03 09:57:00,FULC,6.070000171661377,6.070000171661377,6.079999923706055,6.070000171661377,6.079999923706055,523.0
2024-07-03 09:57:00,GALT,2.200000047683716,2.200000047683716,2.200000047683716,2.200000047683716,2.200000047683716,1207.0
2024-07-03 09:57:00,GDRX,7.769999980926514,7.769999980926514,7.789999961853027,7.769999980926514,7.78000020980835,1865.0
2024-07-03 09:57:00,GERN,4.275000095367432,4.275000095367432,4.275000095367432,4.264999866485596,4.264999866485596,5914.0
2024-07-03 09:57:00,GH,28.559999465942383,28.559999465942383,28.600000381469727,28.559999465942383,28.56999969482422,761.0
2024-07-03 09:57:00,GHSI,10.119999885559082,10.119999885559082,10.119999885559082,10.119999885559082,10.119999885559082,381.0
2024-07-03 09:57:00,GILD,67.5199966430664,67.5199966430664,67.52999877929688,67.48999786376953,67.48999786376953,5274.0
2024-07-03 09:57:00,GLYC,0.2685000002384186,0.2685000002384186,0.2685000002384186,0.267300009727478,0.267300009727478,993.0
2024-07-03 09:57:00,GMAB,25.18000030517578,25.18000030517578,25.18000030517578,25.18000030517578,25.18000030517578,233.0
2024-07-03 09:57:00,GOSS,0.9275000095367432,0.9275000095367432,0.9275000095367432,0.9222000241279602,0.9261000156402588,1555.0
2024-07-03 09:57:00,GOVX,3.1303000450134277,3.1303000450134277,3.1303000450134277,3.1303000450134277,3.1303000450134277,75.0
2024-07-03 09:57:00,GRFS,6.648200035095215,6.648200035095215,6.648200035095215,6.610000133514404,6.610000133514404,2627.0
2024-07-03 09:57:00,GRTS,0.5708000063896179,0.5708000063896179,0.5708000063896179,0.5697000026702881,0.5697000026702881,15594.0
2024-07-03 09:57:00,GRTX,0.13500000536441803,0.13500000536441803,0.13500000536441803,0.13500000536441803,0.13500000536441803,0.0
2024-07-03 09:57:00,HALO,51.439998626708984,51.439998626708984,51.61000061035156,51.41999816894531,51.61000061035156,2469.0
2024-07-03 09:57:00,HCM,17.299999237060547,17.299999237060547,17.34000015258789,17.280000686645508,17.34000015258789,1191.0
2024-07-03 09:57:00,HOLX,73.25,73.25,73.25,73.18499755859375,73.19000244140625,4051.0
2024-07-03 09:57:00,HOWL,2.0799999237060547,2.0799999237060547,2.0799999237060547,2.0199999809265137,2.0199999809265137,7245.0
2024-07-03 09:57:00,HQY,84.16000366210938,84.16000366210938,84.16999816894531,84.13999938964844,84.13999938964844,619.0
2024-07-03 09:57:00,HRTX,2.7950000762939453,2.7950000762939453,2.7950000762939453,2.7950000762939453,2.7950000762939453,149.0
2024-07-03 09:57:00,HSIC,65.13999938964844,65.13999938964844,65.13999938964844,64.98500061035156,64.98500061035156,2455.0
2024-07-03 09:57:00,HUGE,0.1543000042438507,0.1543000042438507,0.1543000042438507,0.1543000042438507,0.1543000042438507,1000.0
2024-07-03 09:57:00,HUMA,5.510000228881836,5.510000228881836,5.510000228881836,5.460000038146973,5.480000019073486,14910.0
2024-07-03 09:57:00,IBRX,6.179999828338623,6.179999828338623,6.190000057220459,6.179999828338623,6.190000057220459,2939.0
2024-07-03 09:57:00,ICLR,318.239990234375,318.239990234375,318.239990234375,317.739990234375,317.739990234375,870.0
2024-07-03 09:57:00,ICUI,117.93000030517578,117.93000030517578,117.93000030517578,117.93000030517578,117.93000030517578,535.0
2024-07-03 09:57:00,IDXX,475.8500061035156,475.8500061035156,475.8500061035156,475.8500061035156,475.8500061035156,298.0
2024-07-03 09:57:00,IDYA,33.20000076293945,33.20000076293945,33.20000076293945,33.20000076293945,33.20000076293945,793.0
2024-07-03 09:57:00,IFRX,1.6749999523162842,1.6749999523162842,1.6899000406265259,1.6749999523162842,1.6899000406265259,1037.0
2024-07-03 09:57:00,IKNA,1.6299999952316284,1.6299999952316284,1.6299999952316284,1.6299999952316284,1.6299999952316284,198.0
2024-07-03 09:57:00,ILMN,106.05500030517578,106.05500030517578,106.2300033569336,106.05500030517578,106.13999938964844,3748.0
2024-07-03 09:57:00,IMMX,2.2500998973846436,2.2500998973846436,2.259700059890747,2.2500998973846436,2.257499933242798,2163.0
2024-07-03 09:57:00,IMNM,11.789999961853027,11.789999961853027,11.789999961853027,11.789999961853027,11.789999961853027,169.0
2024-07-03 09:57:00,IMRX,1.1100000143051147,1.1100000143051147,1.1100000143051147,1.1100000143051147,1.1100000143051147,100.0
2024-07-03 09:57:00,IMTX,11.920000076293945,11.920000076293945,11.920000076293945,11.920000076293945,11.920000076293945,317.0
2024-07-03 09:57:00,IMUX,1.1150000095367432,1.1150000095367432,1.1200000047683716,1.1150000095367432,1.1200000047683716,0.0
2024-07-03 09:57:00,IMVT,26.5,26.5,26.530000686645508,26.440000534057617,26.440000534057617,916.0
2024-07-03 09:57:00,INAB,0.800000011920929,0.800000011920929,0.800000011920929,0.800000011920929,0.800000011920929,0.0
2024-07-03 09:57:00,INBX,13.479999542236328,13.479999542236328,13.550000190734863,13.479999542236328,13.550000190734863,2323.0
2024-07-03 09:57:00,INCY,58.55500030517578,58.55500030517578,58.560001373291016,58.55500030517578,58.560001373291016,2324.0
2024-07-03 09:57:00,INM,0.2540999948978424,0.2540999948978424,0.2540999948978424,0.2540999948978424,0.2540999948978424,4100.0
2024-07-03 09:57:00,INMB,8.050000190734863,8.050000190734863,8.055000305175781,8.020000457763672,8.055000305175781,400.0
2024-07-03 09:57:00,INMD,17.790000915527344,17.790000915527344,17.799999237060547,17.790000915527344,17.790000915527344,5187.0
2024-07-03 09:57:00,INSM,63.900001525878906,63.900001525878906,64.0250015258789,63.83000183105469,63.83000183105469,22898.0
2024-07-03 09:57:00,INVA,16.40999984741211,16.40999984741211,16.40999984741211,16.40999984741211,16.40999984741211,112.0
2024-07-03 09:57:00,INZY,4.429999828338623,4.429999828338623,4.429999828338623,4.429999828338623,4.429999828338623,463.0
2024-07-03 09:57:00,IONM,0.3303000032901764,0.3303000032901764,0.3303000032901764,0.33000001311302185,0.33000001311302185,3347.0
2024-07-03 09:57:00,IONS,44.86000061035156,44.86000061035156,44.90999984741211,44.86000061035156,44.90999984741211,965.0
2024-07-03 09:57:00,IOVA,7.729899883270264,7.729899883270264,7.739999771118164,7.724299907684326,7.7399001121521,7255.0
2024-07-03 09:57:00,IRTC,97.82499694824219,97.82499694824219,97.82499694824219,97.82499694824219,97.82499694824219,183.0
2024-07-03 09:57:00,IRWD,6.125,6.125,6.150000095367432,6.125,6.139999866485596,4896.0
2024-07-03 09:57:00,ISPC,0.29010000824928284,0.29010000824928284,0.29339998960494995,0.29010000824928284,0.29339998960494995,4756.0
2024-07-03 09:57:00,ISRG,435.3699951171875,435.3699951171875,436.18499755859375,435.3699951171875,436.18499755859375,5467.0
2024-07-03 09:57:00,ITCI,67.9800033569336,67.9800033569336,68.01000213623047,67.9749984741211,68.0,952.0
2024-07-03 09:57:00,ITOS,14.710000038146973,14.710000038146973,14.710000038146973,14.710000038146973,14.710000038146973,231.0
2024-07-03 09:57:00,JAGX,3.450000047683716,3.450000047683716,3.450000047683716,3.450000047683716,3.450000047683716,782.0
2024-07-03 09:57:00,KALA,6.840000152587891,6.840000152587891,6.840000152587891,6.800000190734863,6.800000190734863,1350.0
2024-07-03 09:57:00,KALV,11.4399995803833,11.4399995803833,11.4399995803833,11.4399995803833,11.4399995803833,186.0
2024-07-03 09:57:00,KNSA,18.6200008392334,18.6200008392334,18.6200008392334,18.6200008392334,18.6200008392334,630.0
2024-07-03 09:57:00,KOD,2.2100000381469727,2.2100000381469727,2.2100000381469727,2.2100000381469727,2.2100000381469727,805.0
2024-07-03 09:57:00,KPTI,0.8299999833106995,0.8299999833106995,0.8299999833106995,0.8299999833106995,0.8299999833106995,316.0
2024-07-03 09:57:00,KRMD,2.299999952316284,2.299999952316284,2.299999952316284,2.299999952316284,2.299999952316284,508.0
2024-07-03 09:57:00,KROS,42.36000061035156,42.36000061035156,42.36000061035156,42.16999816894531,42.16999816894531,1104.0
2024-07-03 09:57:00,KTRA,0.25839999318122864,0.25839999318122864,0.25850000977516174,0.25769999623298645,0.25850000977516174,10007.0
2024-07-03 09:57:00,KYMR,30.56999969482422,30.56999969482422,30.56999969482422,30.559999465942383,30.559999465942383,210.0
2024-07-03 09:57:00,KZR,0.5710999965667725,0.5710999965667725,0.5710999965667725,0.5699999928474426,0.5708000063896179,2957.0
2024-07-03 09:57:00,LAB,1.784999966621399,1.784999966621399,1.784999966621399,1.7799999713897705,1.7799999713897705,462.0
2024-07-03 09:57:00,LEGN,44.38999938964844,44.38999938964844,44.38999938964844,44.38999938964844,44.38999938964844,303.0
2024-07-03 09:57:00,LFMD,6.690000057220459,6.690000057220459,6.690000057220459,6.690000057220459,6.690000057220459,184.0
2024-07-03 09:57:00,LGVN,1.649999976158142,1.649999976158142,1.6598999500274658,1.649999976158142,1.6598999500274658,253.0
2024-07-03 09:57:00,LIVN,52.80500030517578,52.80500030517578,52.880001068115234,52.79999923706055,52.79999923706055,2889.0
2024-07-03 09:57:00,LNTH,78.86000061035156,78.86000061035156,78.91999816894531,78.86000061035156,78.91999816894531,885.0
2024-07-03 09:57:00,LQDA,11.84000015258789,11.84000015258789,11.84000015258789,11.84000015258789,11.84000015258789,215.0
2024-07-03 09:57:00,LRMR,7.5960001945495605,7.5960001945495605,7.5960001945495605,7.590000152587891,7.590000152587891,302.0
2024-07-03 09:57:00,LUCY,0.48429998755455017,0.48429998755455017,0.48429998755455017,0.4652000069618225,0.4661000072956085,14630.0
2024-07-03 09:57:00,LUNG,6.340000152587891,6.340000152587891,6.340000152587891,6.340000152587891,6.340000152587891,300.0
2024-07-03 09:57:00,LXRX,1.5950000286102295,1.5950000286102295,1.600000023841858,1.5950000286102295,1.5950000286102295,12932.0
2024-07-03 09:57:00,LYEL,1.4249999523162842,1.4249999523162842,1.4249999523162842,1.4249999523162842,1.4249999523162842,311.0
2024-07-03 09:57:00,LYRA,0.275299996137619,0.275299996137619,0.2775999903678894,0.275299996137619,0.2775999903678894,8790.0
2024-07-03 09:57:00,MASI,113.74500274658203,113.74500274658203,113.74500274658203,113.74500274658203,113.74500274658203,955.0
2024-07-03 09:57:00,MBIO,0.539900004863739,0.539900004863739,0.539900004863739,0.5394999980926514,0.5394999980926514,625.0
2024-07-03 09:57:00,MBOT,1.100000023841858,1.100000023841858,1.100000023841858,1.0950000286102295,1.0999000072479248,6259.0
2024-07-03 09:57:00,MCRB,0.7077999711036682,0.7077999711036682,0.7080000042915344,0.7042999863624573,0.7080000042915344,11727.0
2024-07-03 09:57:00,MDXG,6.75,6.75,6.75,6.75,6.75,780.0
2024-07-03 09:57:00,ME,0.39559999108314514,0.39559999108314514,0.39959999918937683,0.39559999108314514,0.39959999918937683,649.0
2024-07-03 09:57:00,MEDP,401.989990234375,401.989990234375,402.5,401.989990234375,402.5,2582.0
2024-07-03 09:57:00,MEDS,18.1299991607666,18.1299991607666,18.1299991607666,18.1299991607666,18.1299991607666,710.0
2024-07-03 09:57:00,MESO,6.639999866485596,6.639999866485596,6.639999866485596,6.639999866485596,6.639999866485596,4800.0
2024-07-03 09:57:00,MGNX,4.204999923706055,4.204999923706055,4.204999923706055,4.179999828338623,4.180099964141846,10363.0
2024-07-03 09:57:00,MLTX,40.040000915527344,40.040000915527344,40.040000915527344,40.040000915527344,40.040000915527344,926.0
2024-07-03 09:57:00,MNKD,5.039999961853027,5.039999961853027,5.050000190734863,5.039999961853027,5.050000190734863,1182.0
2024-07-03 09:57:00,MNMD,7.059999942779541,7.059999942779541,7.059999942779541,7.059999942779541,7.059999942779541,740.0
2024-07-03 09:57:00,MREO,3.450000047683716,3.450000047683716,3.450000047683716,3.450000047683716,3.450000047683716,1014.0
2024-07-03 09:57:00,MRNA,118.03060150146484,118.03060150146484,118.32990264892578,118.03060150146484,118.32990264892578,5262.0
2024-07-03 09:57:00,MRNS,1.2000000476837158,1.2000000476837158,1.2000000476837158,1.2000000476837158,1.2000000476837158,53.0
2024-07-03 09:57:00,MRSN,1.8849999904632568,1.8849999904632568,1.8849999904632568,1.8849999904632568,1.8849999904632568,439.0
2024-07-03 09:57:00,MRUS,52.849998474121094,52.849998474121094,52.849998474121094,52.849998474121094,52.849998474121094,236.0
2024-07-03 09:57:00,MRVI,6.800000190734863,6.800000190734863,6.800000190734863,6.800000190734863,6.800000190734863,738.0
2024-07-03 09:57:00,MYGN,25.18000030517578,25.18000030517578,25.270000457763672,25.100000381469727,25.139999389648438,20137.0
2024-07-03 09:57:00,NARI,49.5,49.5,49.5,49.435001373291016,49.435001373291016,1297.0
2024-07-03 09:57:00,NBIX,138.25,138.25,138.25,138.25,138.25,433.0
2024-07-03 09:57:00,NDRA,0.0843999981880188,0.0843999981880188,0.08550000190734863,0.0843999981880188,0.08550000190734863,129608.0
2024-07-03 09:57:00,NEO,13.699999809265137,13.699999809265137,13.699999809265137,13.699999809265137,13.699999809265137,237.0
2024-07-03 09:57:00,NEOG,15.050000190734863,15.050000190734863,15.0600004196167,15.050000190734863,15.0600004196167,741.0
2024-07-03 09:57:00,NKTR,1.215000033378601,1.215000033378601,1.215000033378601,1.215000033378601,1.215000033378601,897.0
2024-07-03 09:57:00,NKTX,5.215000152587891,5.215000152587891,5.220699787139893,5.215000152587891,5.220699787139893,617.0
2024-07-03 09:57:00,NLSP,0.2070000022649765,0.2070000022649765,0.2070000022649765,0.2020999938249588,0.2020999938249588,4395.0
2024-07-03 09:57:00,NNOX,7.010000228881836,7.010000228881836,7.010000228881836,6.994999885559082,6.994999885559082,3035.0
2024-07-03 09:57:00,NRBO,4.800000190734863,4.800000190734863,4.800000190734863,4.75,4.75,1937.0
2024-07-03 09:57:00,NRIX,18.854999542236328,18.854999542236328,18.8700008392334,18.854999542236328,18.861600875854492,811.0
2024-07-03 09:57:00,NRSN,1.2682000398635864,1.2682000398635864,1.2682000398635864,1.2682000398635864,1.2682000398635864,411.0
2024-07-03 09:57:00,NTLA,22.336999893188477,22.336999893188477,22.336999893188477,22.336999893188477,22.336999893188477,463.0
2024-07-03 09:57:00,NTRA,112.7699966430664,112.7699966430664,112.7699966430664,112.56999969482422,112.62000274658203,3083.0
2024-07-03 09:57:00,NUVL,71.30500030517578,71.30500030517578,71.31999969482422,71.30500030517578,71.31999969482422,645.0
2024-07-03 09:57:00,NVAX,13.039999961853027,13.039999961853027,13.069999694824219,13.029999732971191,13.0600004196167,22849.0
2024-07-03 09:57:00,NVCR,17.1200008392334,17.1200008392334,17.1200008392334,17.100000381469727,17.100000381469727,2250.0
2024-07-03 09:57:00,OCGN,1.6399999856948853,1.6399999856948853,1.6399999856948853,1.6349999904632568,1.6399999856948853,4385.0
2024-07-03 09:57:00,OCUL,6.815000057220459,6.815000057220459,6.815000057220459,6.809999942779541,6.815000057220459,853.0
2024-07-03 09:57:00,OLK,25.815000534057617,25.815000534057617,25.815000534057617,25.815000534057617,25.815000534057617,10401.0
2024-07-03 09:57:00,OLMA,10.460000038146973,10.460000038146973,10.460000038146973,10.460000038146973,10.460000038146973,459.0
2024-07-03 09:57:00,OMER,3.875,3.875,3.875,3.875,3.875,524.0
2024-07-03 09:58:00,AADI,1.340000033378601,1.340000033378601,1.340000033378601,1.340000033378601,1.340000033378601,200.0
2024-07-03 09:58:00,ABEO,4.195000171661377,4.195000171661377,4.195000171661377,4.170000076293945,4.170000076293945,1436.0
2024-07-03 09:58:00,ABIO,3.630000114440918,3.630000114440918,3.630000114440918,3.5999999046325684,3.6294000148773193,2165.0
2024-07-03 09:58:00,ABSI,3.2576000690460205,3.2576000690460205,3.2769999504089355,3.2300000190734863,3.2750000953674316,23162.0
2024-07-03 09:58:00,ABUS,3.1600000858306885,3.1600000858306885,3.1649999618530273,3.1600000858306885,3.1600000858306885,793.0
2024-07-03 09:58:00,ACAD,15.765000343322754,15.765000343322754,15.770000457763672,15.75,15.770000457763672,599.0
2024-07-03 09:58:00,ACB,4.779799938201904,4.779799938201904,4.78000020980835,4.760000228881836,4.763299942016602,7338.0
2024-07-03 09:58:00,ACCD,3.5299999713897705,3.5299999713897705,3.5299999713897705,3.5199999809265137,3.5299999713897705,2744.0
2024-07-03 09:58:00,ACET,1.0700000524520874,1.0700000524520874,1.0750000476837158,1.0700000524520874,1.0750000476837158,479.0
2024-07-03 09:58:00,ACLX,53.9900016784668,53.9900016784668,53.9900016784668,53.9900016784668,53.9900016784668,400.0
2024-07-03 09:58:00,ACXP,2.115000009536743,2.115000009536743,2.115000009536743,2.115000009536743,2.115000009536743,529.0
2024-07-03 09:58:00,ADAP,1.0299999713897705,1.0299999713897705,1.0299999713897705,1.0099999904632568,1.0199999809265137,10903.0
2024-07-03 09:58:00,ADIL,1.0700000524520874,1.0700000524520874,1.0700000524520874,1.059999942779541,1.059999942779541,2963.0
2024-07-03 09:58:00,ADMA,11.280500411987305,11.280500411987305,11.28499984741211,11.25,11.270000457763672,21222.0
2024-07-03 09:58:00,ADPT,3.309999942779541,3.309999942779541,3.309999942779541,3.305000066757202,3.305000066757202,475.0
2024-07-03 09:58:00,ADVM,7.03000020980835,7.03000020980835,7.03000020980835,7.03000020980835,7.03000020980835,6.0
2024-07-03 09:58:00,AEMD,0.42640000581741333,0.42640000581741333,0.42640000581741333,0.42640000581741333,0.42640000581741333,20.0
2024-07-03 09:58:00,AGEN,14.420000076293945,14.420000076293945,14.420000076293945,14.420000076293945,14.420000076293945,383.0
2024-07-03 09:58:00,AKRO,21.8700008392334,21.8700008392334,21.8700008392334,21.8700008392334,21.8700008392334,384.0
2024-07-03 09:58:00,AKYA,2.140000104904175,2.140000104904175,2.1500000953674316,2.140000104904175,2.1500000953674316,966.0
2024-07-03 09:58:00,ALGN,238.82000732421875,238.82000732421875,238.82000732421875,238.0800018310547,238.0800018310547,3598.0
2024-07-03 09:58:00,ALHC,8.0,8.0,8.0,7.960000038146973,7.9710001945495605,3417.0
2024-07-03 09:58:00,ALKS,24.239999771118164,24.239999771118164,24.239999771118164,24.225000381469727,24.225000381469727,533.0
2024-07-03 09:58:00,ALLK,0.8450000286102295,0.8450000286102295,0.8450000286102295,0.8411999940872192,0.8411999940872192,1368.0
2024-07-03 09:58:00,ALLO,2.1101999282836914,2.1101999282836914,2.115000009536743,2.1050000190734863,2.1050000190734863,12521.0
2024-07-03 09:58:00,ALLR,0.20759999752044678,0.20759999752044678,0.2076999992132187,0.20600000023841858,0.2076999992132187,8874.0
2024-07-03 09:58:00,ALNY,246.5,246.5,246.5,246.41000366210938,246.47999572753906,3464.0
2024-07-03 09:58:00,ALT,6.690000057220459,6.690000057220459,6.690000057220459,6.670000076293945,6.670000076293945,10057.0
2024-07-03 09:58:00,ALVR,0.738099992275238,0.738099992275238,0.738099992275238,0.738099992275238,0.738099992275238,200.0
2024-07-03 09:58:00,AMED,96.5999984741211,96.5999984741211,96.68000030517578,96.59500122070312,96.6050033569336,5078.0
2024-07-03 09:58:00,AMGN,311.739990234375,311.739990234375,311.739990234375,311.6000061035156,311.6000061035156,557.0
2024-07-03 09:58:00,AMLX,1.7410000562667847,1.7410000562667847,1.7450000047683716,1.7400000095367432,1.7450000047683716,11244.0
2024-07-03 09:58:00,AMPH,37.878700256347656,37.878700256347656,37.878700256347656,37.878700256347656,37.878700256347656,445.0
2024-07-03 09:58:00,ANGO,5.690000057220459,5.690000057220459,5.690000057220459,5.690000057220459,5.690000057220459,604.0
2024-07-03 09:58:00,ANNX,4.670000076293945,4.670000076293945,4.670000076293945,4.65500020980835,4.65500020980835,4485.0
2024-07-03 09:58:00,ANTX,2.5699000358581543,2.5699000358581543,2.609999895095825,2.530100107192993,2.609999895095825,39301.0
2024-07-03 09:58:00,APDN,0.45190000534057617,0.45190000534057617,0.45190000534057617,0.45190000534057617,0.45190000534057617,5684.0
2024-07-03 09:58:00,APLT,4.389999866485596,4.389999866485596,4.389999866485596,4.380000114440918,4.389999866485596,3834.0
2024-07-03 09:58:00,AQST,2.390000104904175,2.390000104904175,2.390000104904175,2.369999885559082,2.378999948501587,4898.0
2024-07-03 09:58:00,ARAY,1.7649999856948853,1.7649999856948853,1.7649999856948853,1.7649999856948853,1.7649999856948853,683.0
2024-07-03 09:58:00,ARCT,21.389999389648438,21.389999389648438,21.389999389648438,21.389999389648438,21.389999389648438,195.0
2024-07-03 09:58:00,ARDX,5.15500020980835,5.15500020980835,5.159999847412109,5.150000095367432,5.15500020980835,34315.0
2024-07-03 09:58:00,ARQT,9.40999984741211,9.40999984741211,9.430000305175781,9.390000343322754,9.420000076293945,4221.0
2024-07-03 09:58:00,ARWR,25.1299991607666,25.1299991607666,25.1299991607666,25.1299991607666,25.1299991607666,134.0
2024-07-03 09:58:00,ASRT,1.309999942779541,1.309999942779541,1.3200000524520874,1.2999999523162842,1.309999942779541,10012.0
2024-07-03 09:58:00,ATAI,1.3049999475479126,1.3049999475479126,1.309999942779541,1.3049999475479126,1.309999942779541,1076.0
2024-07-03 09:58:00,ATEC,9.949999809265137,9.949999809265137,9.96500015258789,9.949999809265137,9.96500015258789,3147.0
2024-07-03 09:58:00,ATHA,2.5299999713897705,2.5299999713897705,2.5299999713897705,2.5299999713897705,2.5299999713897705,651.0
2024-07-03 09:58:00,ATRC,22.290000915527344,22.290000915527344,22.389999389648438,22.239999771118164,22.360000610351562,2451.0
2024-07-03 09:58:00,ATXS,8.979999542236328,8.979999542236328,8.979999542236328,8.949999809265137,8.960000038146973,1180.0
2024-07-03 09:58:00,AUPH,5.464700222015381,5.464700222015381,5.480000019073486,5.440000057220459,5.449999809265137,7951.0
2024-07-03 09:58:00,AURA,7.099999904632568,7.099999904632568,7.099999904632568,7.099999904632568,7.099999904632568,335.0
2024-07-03 09:58:00,AUTL,3.380000114440918,3.380000114440918,3.380000114440918,3.380000114440918,3.380000114440918,330.0
2024-07-03 09:58:00,AVDL,14.114999771118164,14.114999771118164,14.114999771118164,14.100000381469727,14.100000381469727,644.0
2024-07-03 09:58:00,AVTE,1.5850000381469727,1.5850000381469727,1.590000033378601,1.5850000381469727,1.590000033378601,2701.0
2024-07-03 09:58:00,AVXL,4.159999847412109,4.159999847412109,4.164999961853027,4.159999847412109,4.163400173187256,4297.0
2024-07-03 09:58:00,AXGN,7.324999809265137,7.324999809265137,7.369999885559082,7.324999809265137,7.369999885559082,9450.0
2024-07-03 09:58:00,AXSM,79.16999816894531,79.16999816894531,79.16999816894531,79.16999816894531,79.16999816894531,905.0
2024-07-03 09:58:00,AZN,76.80999755859375,76.80999755859375,76.8499984741211,76.80999755859375,76.83000183105469,9665.0
2024-07-03 09:58:00,AZTA,52.25,52.25,52.25,52.25,52.25,1538.0
2024-07-03 09:58:00,BBIO,24.969900131225586,24.969900131225586,24.969900131225586,24.889999389648438,24.889999389648438,367.0
2024-07-03 09:58:00,BCRX,6.610000133514404,6.610000133514404,6.619999885559082,6.610000133514404,6.619999885559082,2809.0
2024-07-03 09:58:00,BCYC,19.665000915527344,19.665000915527344,19.665000915527344,19.639999389648438,19.639999389648438,242.0
2024-07-03 09:58:00,BDSX,1.590000033378601,1.590000033378601,1.590000033378601,1.590000033378601,1.590000033378601,594.0
2024-07-03 09:58:00,BEAM,23.059999465942383,23.059999465942383,23.09000015258789,23.059999465942383,23.09000015258789,1445.0
2024-07-03 09:58:00,BEAT,2.801500082015991,2.801500082015991,2.890000104904175,2.799999952316284,2.799999952316284,4149.0
2024-07-03 09:58:00,BGXX,0.2775000035762787,0.2775000035762787,0.2775000035762787,0.271699994802475,0.27320000529289246,12499.0
2024-07-03 09:58:00,BJDX,0.6294000148773193,0.6294000148773193,0.6299999952316284,0.6258000135421753,0.6258000135421753,900.0
2024-07-03 09:58:00,BLUE,0.9200999736785889,0.9200999736785889,0.9211999773979187,0.9200999736785889,0.9200999736785889,3938.0
2024-07-03 09:58:00,BMRA,0.45489999651908875,0.45489999651908875,0.45489999651908875,0.45489999651908875,0.45489999651908875,0.0
2024-07-03 09:58:00,BNGO,0.5803999900817871,0.5803999900817871,0.5889000296592712,0.5803999900817871,0.5879999995231628,13722.0
2024-07-03 09:58:00,BNTX,81.04000091552734,81.04000091552734,81.05000305175781,80.94999694824219,80.94999694824219,6019.0
2024-07-03 09:58:00,BTAI,1.065000057220459,1.065000057220459,1.065000057220459,1.065000057220459,1.065000057220459,558.0
2024-07-03 09:58:00,BTCY,0.7480000257492065,0.7480000257492065,0.7480000257492065,0.7480000257492065,0.7480000257492065,3090.0
2024-07-03 09:58:00,BVS,5.949999809265137,5.949999809265137,6.005000114440918,5.949999809265137,6.005000114440918,22264.0
2024-07-03 09:58:00,CAPR,4.679999828338623,4.679999828338623,4.690000057220459,4.679999828338623,4.690000057220459,492.0
2024-07-03 09:58:00,CASI,5.105000019073486,5.105000019073486,5.159999847412109,5.105000019073486,5.159999847412109,3430.0
2024-07-03 09:58:00,CCCC,4.675000190734863,4.675000190734863,4.679999828338623,4.664999961853027,4.664999961853027,2969.0
2024-07-03 09:58:00,CDMO,7.389999866485596,7.389999866485596,7.46999979019165,7.360000133514404,7.46999979019165,2676.0
2024-07-03 09:58:00,CDNA,15.149999618530273,15.149999618530273,15.221199989318848,15.149999618530273,15.221199989318848,1408.0
2024-07-03 09:58:00,CDXS,2.9700000286102295,2.9700000286102295,2.9700000286102295,2.9700000286102295,2.9700000286102295,200.0
2024-07-03 09:58:00,CELC,16.28499984741211,16.28499984741211,16.28499984741211,16.25,16.25,857.0
2024-07-03 09:58:00,CERE,41.26499938964844,41.26499938964844,41.310001373291016,41.25,41.290000915527344,6757.0
2024-07-03 09:58:00,CERS,1.7200000286102295,1.7200000286102295,1.7200000286102295,1.715000033378601,1.715000033378601,446.0
2024-07-03 09:58:00,CGC,6.630000114440918,6.630000114440918,6.639999866485596,6.619999885559082,6.628799915313721,20178.0
2024-07-03 09:58:00,CGEM,16.239999771118164,16.239999771118164,16.309999465942383,16.219999313354492,16.309999465942383,494.0
2024-07-03 09:58:00,CGTX,1.8257999420166016,1.8257999420166016,1.8257999420166016,1.8086999654769897,1.8086999654769897,400.0
2024-07-03 09:58:00,CHRS,1.3550000190734863,1.3550000190734863,1.3700000047683716,1.3550000190734863,1.3597999811172485,12308.0
2024-07-03 09:58:00,CKPT,2.2699999809265137,2.2699999809265137,2.2699999809265137,2.259999990463257,2.2699999809265137,10943.0
2024-07-03 09:58:00,CLLS,1.9900000095367432,1.9900000095367432,1.9900000095367432,1.9900000095367432,1.9900000095367432,82.0
2024-07-03 09:58:00,CLOV,1.2450000047683716,1.2450000047683716,1.2450000047683716,1.2410999536514282,1.2426999807357788,5360.0
2024-07-03 09:58:00,CLRB,2.4049999713897705,2.4049999713897705,2.4049999713897705,2.4049999713897705,2.4049999713897705,1013.0
2024-07-03 09:58:00,CNSP,2.8399999141693115,2.8399999141693115,2.8399999141693115,2.720099925994873,2.8299999237060547,562268.0
2024-07-03 09:58:00,CODX,1.2599999904632568,1.2599999904632568,1.2599999904632568,1.2599999904632568,1.2599999904632568,0.0
2024-07-03 09:58:00,COGT,8.295000076293945,8.295000076293945,8.295000076293945,8.289999961853027,8.289999961853027,132.0
2024-07-03 09:58:00,COSM,0.960099995136261,0.960099995136261,0.9799000024795532,0.9599999785423279,0.9793000221252441,20637.0
2024-07-03 09:58:00,CPRX,15.859999656677246,15.859999656677246,15.859999656677246,15.859999656677246,15.859999656677246,331.0
2024-07-03 09:58:00,CRBU,1.5700000524520874,1.5700000524520874,1.5750000476837158,1.5700000524520874,1.5750000476837158,804.0
2024-07-03 09:58:00,CRDL,1.9199999570846558,1.9199999570846558,1.9199999570846558,1.9199999570846558,1.9199999570846558,300.0
2024-07-03 09:58:00,CRMD,4.139999866485596,4.139999866485596,4.150000095367432,4.139999866485596,4.150000095367432,342.0
2024-07-03 09:58:00,CRNX,44.51259994506836,44.51259994506836,44.560001373291016,44.51259994506836,44.560001373291016,1311.0
2024-07-03 09:58:00,CRON,2.3282999992370605,2.3282999992370605,2.3282999992370605,2.3282999992370605,2.3282999992370605,708.0
2024-07-03 09:58:00,CRSP,53.40250015258789,53.40250015258789,53.40250015258789,53.40250015258789,53.40250015258789,2000.0
2024-07-03 09:58:00,CSTL,21.139999389648438,21.139999389648438,21.139999389648438,21.139999389648438,21.139999389648438,150.0
2024-07-03 09:58:00,CTKB,5.695000171661377,5.695000171661377,5.695000171661377,5.695000171661377,5.695000171661377,499.0
2024-07-03 09:58:00,CTXR,0.5170000195503235,0.5170000195503235,0.5170000195503235,0.5170000195503235,0.5170000195503235,1060.0
2024-07-03 09:58:00,CUE,1.0149999856948853,1.0149999856948853,1.0199999809265137,1.0149999856948853,1.0149999856948853,2412.0
2024-07-03 09:58:00,CVAC,3.4189000129699707,3.4189000129699707,3.428800106048584,3.390000104904175,3.3949999809265137,18226.0
2024-07-03 09:58:00,CYTK,54.83000183105469,54.83000183105469,54.97999954223633,54.83000183105469,54.97999954223633,842.0
2024-07-03 09:58:00,DAWN,13.260000228881836,13.260000228881836,13.260000228881836,13.260000228881836,13.260000228881836,233.0
2024-07-03 09:58:00,DNLI,22.024999618530273,22.024999618530273,22.024999618530273,22.024999618530273,22.024999618530273,801.0
2024-07-03 09:58:00,DRUG,1.1200000047683716,1.1200000047683716,1.1200000047683716,1.1200000047683716,1.1200000047683716,410.0
2024-07-03 09:58:00,DVAX,11.135000228881836,11.135000228881836,11.149999618530273,11.119999885559082,11.119999885559082,4758.0
2024-07-03 09:58:00,DXCM,110.5199966430664,110.5199966430664,111.16999816894531,110.5,111.16999816894531,13106.0
2024-07-03 09:58:00,DYN,34.23500061035156,34.23500061035156,34.23500061035156,34.23500061035156,34.23500061035156,109.0
2024-07-03 09:58:00,EDIT,4.605000019073486,4.605000019073486,4.614999771118164,4.605000019073486,4.614999771118164,6067.0
2024-07-03 09:58:00,EGRX,5.239999771118164,5.239999771118164,5.260000228881836,5.239999771118164,5.260000228881836,415.0
2024-07-03 09:58:00,ENLV,1.2999999523162842,1.2999999523162842,1.2999999523162842,1.2999999523162842,1.2999999523162842,643.0
2024-07-03 09:58:00,ENVB,0.5299999713897705,0.5299999713897705,0.5299999713897705,0.5299999713897705,0.5299999713897705,500.0
2024-07-03 09:58:00,EOLS,10.805000305175781,10.805000305175781,10.8100004196167,10.789999961853027,10.789999961853027,3794.0
2024-07-03 09:58:00,ERAS,2.194999933242798,2.194999933242798,2.2100000381469727,2.194999933242798,2.200000047683716,7746.0
2024-07-03 09:58:00,ESPR,2.384999990463257,2.384999990463257,2.384999990463257,2.380000114440918,2.384999990463257,4623.0
2024-07-03 09:58:00,ETNB,7.659999847412109,7.659999847412109,7.659999847412109,7.659999847412109,7.659999847412109,430.0
2024-07-03 09:58:00,ETON,3.3459999561309814,3.3459999561309814,3.3459999561309814,3.3459999561309814,3.3459999561309814,0.0
2024-07-03 09:58:00,EVO,5.050000190734863,5.050000190734863,5.050000190734863,5.050000190734863,5.050000190734863,151.0
2024-07-03 09:58:00,EXAI,5.264999866485596,5.264999866485596,5.264999866485596,5.264999866485596,5.264999866485596,1040.0
2024-07-03 09:58:00,EXAS,43.35499954223633,43.35499954223633,43.369998931884766,43.279998779296875,43.369998931884766,4276.0
2024-07-03 09:58:00,EXEL,22.139999389648438,22.139999389648438,22.139999389648438,22.1299991607666,22.1299991607666,1478.0
2024-07-03 09:58:00,EYEN,0.7364000082015991,0.7364000082015991,0.7397000193595886,0.7364000082015991,0.7364000082015991,581.0
2024-07-03 09:58:00,EYPT,8.175000190734863,8.175000190734863,8.175000190734863,8.175000190734863,8.175000190734863,400.0
2024-07-03 09:58:00,FDMT,20.6200008392334,20.6200008392334,20.75,20.610000610351562,20.75,7972.0
2024-07-03 09:58:00,FGEN,0.715499997138977,0.715499997138977,0.715499997138977,0.7117000222206116,0.715499997138977,4700.0
2024-07-03 09:58:00,FHTX,5.394999980926514,5.394999980926514,5.394999980926514,5.394999980926514,5.394999980926514,200.0
2024-07-03 09:58:00,FLGC,0.9300000071525574,0.9300000071525574,0.9300000071525574,0.9300000071525574,0.9300000071525574,391.0
2024-07-03 09:58:00,FOLD,9.859999656677246,9.859999656677246,9.869999885559082,9.859999656677246,9.869999885559082,581.0
2024-07-03 09:58:00,FULC,6.079999923706055,6.079999923706055,6.079999923706055,6.050000190734863,6.065000057220459,3401.0
2024-07-03 09:58:00,GDRX,7.78000020980835,7.78000020980835,7.78000020980835,7.760000228881836,7.769999980926514,3029.0
2024-07-03 09:58:00,GERN,4.264999866485596,4.264999866485596,4.28000020980835,4.260000228881836,4.28000020980835,32822.0
2024-07-03 09:58:00,GH,28.59000015258789,28.59000015258789,28.59000015258789,28.59000015258789,28.59000015258789,328.0
2024-07-03 09:58:00,GILD,67.52999877929688,67.52999877929688,67.55000305175781,67.5199966430664,67.55000305175781,17171.0
2024-07-03 09:58:00,GLSI,17.059999465942383,17.059999465942383,17.059999465942383,17.059999465942383,17.059999465942383,252.0
2024-07-03 09:58:00,GLUE,3.6600000858306885,3.6600000858306885,3.6600000858306885,3.6600000858306885,3.6600000858306885,129.0
2024-07-03 09:58:00,GLYC,0.26840001344680786,0.26840001344680786,0.26840001344680786,0.2660999894142151,0.267300009727478,10200.0
2024-07-03 09:58:00,GMAB,25.190000534057617,25.190000534057617,25.190000534057617,25.190000534057617,25.190000534057617,1477.0
2024-07-03 09:58:00,GOSS,0.9300000071525574,0.9300000071525574,0.9300000071525574,0.9300000071525574,0.9300000071525574,2300.0
2024-07-03 09:58:00,GOVX,3.130199909210205,3.130199909210205,3.1394999027252197,3.130199909210205,3.1394999027252197,793.0
2024-07-03 09:58:00,GRFS,6.630000114440918,6.630000114440918,6.639999866485596,6.630000114440918,6.639999866485596,1643.0
2024-07-03 09:58:00,GRTS,0.5702000260353088,0.5702000260353088,0.5705000162124634,0.5702000260353088,0.5705000162124634,2277.0
2024-07-03 09:58:00,GTHX,2.559000015258789,2.559000015258789,2.559000015258789,2.555000066757202,2.555000066757202,1778.0
2024-07-03 09:58:00,HALO,51.45000076293945,51.45000076293945,51.52000045776367,51.45000076293945,51.45000076293945,1330.0
2024-07-03 09:58:00,HCM,17.28499984741211,17.28499984741211,17.28499984741211,17.28499984741211,17.28499984741211,201.0
2024-07-03 09:58:00,HITI,2.140000104904175,2.140000104904175,2.140000104904175,2.140000104904175,2.140000104904175,478.0
2024-07-03 09:58:00,HLVX,13.890000343322754,13.890000343322754,13.890000343322754,13.890000343322754,13.890000343322754,107.0
2024-07-03 09:58:00,HOLX,73.26000213623047,73.26000213623047,73.26000213623047,73.2300033569336,73.2300033569336,1568.0
2024-07-03 09:58:00,HOWL,2.1061999797821045,2.1061999797821045,2.119999885559082,2.1061999797821045,2.119999885559082,8915.0
2024-07-03 09:58:00,HQY,84.16500091552734,84.16500091552734,84.16500091552734,84.12999725341797,84.13999938964844,1496.0
2024-07-03 09:58:00,HROW,21.551000595092773,21.551000595092773,21.59000015258789,21.551000595092773,21.59000015258789,1071.0
2024-07-03 09:58:00,HRTX,2.795599937438965,2.795599937438965,2.795599937438965,2.795599937438965,2.795599937438965,481.0
2024-07-03 09:58:00,HSIC,65.26000213623047,65.26000213623047,65.26000213623047,65.22100067138672,65.23999786376953,1247.0
2024-07-03 09:58:00,HUGE,0.15399999916553497,0.15399999916553497,0.15399999916553497,0.15399999916553497,0.15399999916553497,2700.0
2024-07-03 09:58:00,HUMA,5.519999980926514,5.519999980926514,5.53000020980835,5.500100135803223,5.519000053405762,12111.0
2024-07-03 09:58:00,IART,28.915000915527344,28.915000915527344,28.955799102783203,28.915000915527344,28.955799102783203,2950.0
2024-07-03 09:58:00,IBRX,6.21999979019165,6.21999979019165,6.230000019073486,6.199999809265137,6.199999809265137,1905.0
2024-07-03 09:58:00,ICLR,318.06500244140625,318.06500244140625,318.06500244140625,318.0,318.010009765625,1508.0
2024-07-03 09:58:00,ILMN,106.01499938964844,106.01499938964844,106.06500244140625,105.93000030517578,106.06500244140625,4139.0
2024-07-03 09:58:00,IMAB,1.5700000524520874,1.5700000524520874,1.5700000524520874,1.559999942779541,1.559999942779541,731.0
2024-07-03 09:58:00,IMCR,34.869998931884766,34.869998931884766,34.95500183105469,34.869998931884766,34.95500183105469,1000.0
2024-07-03 09:58:00,IMMX,2.234999895095825,2.234999895095825,2.234999895095825,2.234999895095825,2.234999895095825,430.0
2024-07-03 09:58:00,IMNM,11.800000190734863,11.800000190734863,11.819999694824219,11.789999961853027,11.819999694824219,3604.0
2024-07-03 09:58:00,IMRX,1.125,1.125,1.125,1.125,1.125,1979.0
2024-07-03 09:58:00,IMTX,11.95930004119873,11.95930004119873,11.95930004119873,11.899999618530273,11.899999618530273,4345.0
2024-07-03 09:58:00,IMUX,1.1200000047683716,1.1200000047683716,1.1200000047683716,1.1150000095367432,1.1150000095367432,201.0
2024-07-03 09:58:00,IMVT,26.440000534057617,26.440000534057617,26.440000534057617,26.440000534057617,26.440000534057617,116.0
2024-07-03 09:58:00,INAB,0.785099983215332,0.785099983215332,0.7878000140190125,0.785099983215332,0.7878000140190125,11308.0
2024-07-03 09:58:00,INCY,58.57500076293945,58.57500076293945,58.58000183105469,58.54600143432617,58.54999923706055,3348.0
2024-07-03 09:58:00,INMB,8.050000190734863,8.050000190734863,8.050000190734863,8.050000190734863,8.050000190734863,3.0
2024-07-03 09:58:00,INMD,17.790000915527344,17.790000915527344,17.791500091552734,17.780000686645508,17.790000915527344,7336.0
2024-07-03 09:58:00,INSM,63.904998779296875,63.904998779296875,63.904998779296875,63.849998474121094,63.869998931884766,2183.0
2024-07-03 09:58:00,INVA,16.40999984741211,16.40999984741211,16.40999984741211,16.40999984741211,16.40999984741211,355.0
2024-07-03 09:58:00,INZY,4.440000057220459,4.440000057220459,4.440000057220459,4.429999828338623,4.440000057220459,971.0
2024-07-03 09:58:00,IONM,0.33000001311302185,0.33000001311302185,0.33000001311302185,0.33000001311302185,0.33000001311302185,1425.0
2024-07-03 09:58:00,IOVA,7.71999979019165,7.71999979019165,7.730000019073486,7.715000152587891,7.71999979019165,7907.0
2024-07-03 09:58:00,IPSC,2.2300000190734863,2.2300000190734863,2.25,2.2300000190734863,2.2300000190734863,500.0
2024-07-03 09:58:00,IRMD,43.84000015258789,43.84000015258789,43.84000015258789,43.84000015258789,43.84000015258789,5325.0
2024-07-03 09:58:00,IRWD,6.130000114440918,6.130000114440918,6.130000114440918,6.130000114440918,6.130000114440918,322.0
2024-07-03 09:58:00,ISPC,0.29330000281333923,0.29330000281333923,0.29330000281333923,0.29330000281333923,0.29330000281333923,8047.0
2024-07-03 09:58:00,ISRG,434.6199951171875,434.6199951171875,435.3800048828125,434.6199951171875,435.239990234375,6235.0
2024-07-03 09:58:00,ITCI,67.98999786376953,67.98999786376953,68.0,67.98999786376953,68.0,1463.0
2024-07-03 09:58:00,JAGX,3.451200008392334,3.451200008392334,3.451200008392334,3.451200008392334,3.451200008392334,3009.0
2024-07-03 09:58:00,JAZZ,105.0999984741211,105.0999984741211,105.11000061035156,104.94750213623047,104.97000122070312,1735.0
2024-07-03 09:58:00,KALA,6.929999828338623,6.929999828338623,6.929999828338623,6.829999923706055,6.881199836730957,2094.0
2024-07-03 09:58:00,KALV,11.4399995803833,11.4399995803833,11.4399995803833,11.4399995803833,11.4399995803833,313.0
2024-07-03 09:58:00,KPTI,0.8327000141143799,0.8327000141143799,0.8327000141143799,0.8299999833106995,0.8299999833106995,1140.0
2024-07-03 09:58:00,KRMD,2.2799999713897705,2.2799999713897705,2.305000066757202,2.2799999713897705,2.305000066757202,2020.0
2024-07-03 09:58:00,KRON,1.159999966621399,1.159999966621399,1.159999966621399,1.159999966621399,1.159999966621399,4527.0
2024-07-03 09:58:00,KTRA,0.25870001316070557,0.25870001316070557,0.25870001316070557,0.2581999897956848,0.2583000063896179,3050.0
2024-07-03 09:58:00,KURA,20.3700008392334,20.3700008392334,20.3700008392334,20.3700008392334,20.3700008392334,191.0
2024-07-03 09:58:00,KYMR,30.530000686645508,30.530000686645508,30.579999923706055,30.520000457763672,30.520000457763672,3712.0
2024-07-03 09:58:00,KZR,0.5742999911308289,0.5742999911308289,0.5742999911308289,0.5742999911308289,0.5742999911308289,1329.0
2024-07-03 09:58:00,LAB,1.784999966621399,1.784999966621399,1.784999966621399,1.784999966621399,1.784999966621399,143.0
2024-07-03 09:58:00,LBPH,31.68000030517578,31.68000030517578,31.68000030517578,31.104999542236328,31.104999542236328,5228.0
2024-07-03 09:58:00,LEGN,44.459999084472656,44.459999084472656,44.459999084472656,44.459999084472656,44.459999084472656,82.0
2024-07-03 09:58:00,LGND,84.26000213623047,84.26000213623047,84.26000213623047,84.26000213623047,84.26000213623047,430.0
2024-07-03 09:58:00,LMAT,81.2699966430664,81.2699966430664,81.2699966430664,81.2699966430664,81.2699966430664,969.0
2024-07-03 09:58:00,LNTH,78.77999877929688,78.77999877929688,78.79000091552734,78.77999877929688,78.79000091552734,423.0
2024-07-03 09:58:00,LOGC,5.679999828338623,5.679999828338623,5.679999828338623,5.679999828338623,5.679999828338623,599.0
2024-07-03 09:58:00,LQDA,11.869000434875488,11.869000434875488,11.869000434875488,11.84000015258789,11.84000015258789,1167.0
2024-07-03 09:58:00,LRMR,7.607999801635742,7.607999801635742,7.610000133514404,7.559999942779541,7.559999942779541,646.0
2024-07-03 09:58:00,LUCY,0.48429998755455017,0.48429998755455017,0.48429998755455017,0.48429998755455017,0.48429998755455017,18044.0
2024-07-03 09:58:00,LUNG,6.269999980926514,6.269999980926514,6.329999923706055,6.269999980926514,6.28000020980835,585.0
2024-07-03 09:58:00,LXRX,1.5950000286102295,1.5950000286102295,1.5999000072479248,1.5950000286102295,1.5950000286102295,19257.0
2024-07-03 09:58:00,LYEL,1.4249999523162842,1.4249999523162842,1.4249999523162842,1.4249999523162842,1.4249999523162842,2648.0
2024-07-03 09:58:00,MASS,4.749899864196777,4.749899864196777,4.749899864196777,4.749899864196777,4.749899864196777,204.0
2024-07-03 09:58:00,MBIO,0.5356000065803528,0.5356000065803528,0.5356000065803528,0.5356000065803528,0.5356000065803528,6054.0
2024-07-03 09:58:00,MBOT,1.1097999811172485,1.1097999811172485,1.1100000143051147,1.0950000286102295,1.100000023841858,4689.0
2024-07-03 09:58:00,MDGL,270.1700134277344,270.1700134277344,270.1700134277344,270.1700134277344,270.1700134277344,1435.0
2024-07-03 09:58:00,ME,0.39739999175071716,0.39739999175071716,0.39739999175071716,0.39739999175071716,0.39739999175071716,1344.0
2024-07-03 09:58:00,MGNX,4.21999979019165,4.21999979019165,4.21999979019165,4.215000152587891,4.215000152587891,618.0
2024-07-03 09:58:00,MLTX,40.02000045776367,40.02000045776367,40.02000045776367,40.02000045776367,40.02000045776367,102.0
2024-07-03 09:58:00,MMSI,85.80999755859375,85.80999755859375,86.0,85.80999755859375,85.8499984741211,2348.0
2024-07-03 09:58:00,MNKD,5.054999828338623,5.054999828338623,5.054999828338623,5.045000076293945,5.045000076293945,1679.0
2024-07-03 09:58:00,MNMD,7.070000171661377,7.070000171661377,7.070000171661377,7.059999942779541,7.059999942779541,921.0
2024-07-03 09:58:00,MODV,26.59000015258789,26.59000015258789,26.59000015258789,26.59000015258789,26.59000015258789,523.0
2024-07-03 09:58:00,MORF,31.450000762939453,31.450000762939453,31.450000762939453,31.420000076293945,31.420000076293945,626.0
2024-07-03 09:58:00,MRNA,118.5999984741211,118.5999984741211,118.5999984741211,118.13999938964844,118.16000366210938,5440.0
2024-07-03 09:58:00,MRSN,1.8600000143051147,1.8600000143051147,1.8846999406814575,1.8600000143051147,1.8846999406814575,4109.0
2024-07-03 09:58:00,MRUS,53.0,53.0,53.0099983215332,52.834999084472656,52.849998474121094,3310.0
2024-07-03 09:58:00,MXCT,3.700000047683716,3.700000047683716,3.700000047683716,3.700000047683716,3.700000047683716,200.0
2024-07-03 09:58:00,NARI,49.505001068115234,49.505001068115234,49.505001068115234,49.505001068115234,49.505001068115234,120.0
2024-07-03 09:58:00,NBIX,138.07000732421875,138.07000732421875,138.07000732421875,138.07000732421875,138.07000732421875,4970.0
2024-07-03 09:58:00,NDRA,0.08500000089406967,0.08500000089406967,0.08560000360012054,0.08500000089406967,0.08500000089406967,13960.0
2024-07-03 09:58:00,NEO,13.739999771118164,13.739999771118164,13.739999771118164,13.739999771118164,13.739999771118164,202.0
2024-07-03 09:58:00,NEOG,15.039999961853027,15.039999961853027,15.050000190734863,15.039999961853027,15.050000190734863,1110.0
2024-07-03 09:58:00,NKTR,1.2050000429153442,1.2050000429153442,1.2100000381469727,1.2050000429153442,1.2100000381469727,10178.0
2024-07-03 09:58:00,NKTX,5.215000152587891,5.215000152587891,5.215000152587891,5.215000152587891,5.215000152587891,228.0
2024-07-03 09:58:00,NLSP,0.2069000005722046,0.2069000005722046,0.2069000005722046,0.2069000005722046,0.2069000005722046,7380.0
2024-07-03 09:58:00,NNOX,7.025000095367432,7.025000095367432,7.0304999351501465,7.021200180053711,7.03000020980835,1060.0
2024-07-03 09:58:00,NRBO,4.720799922943115,4.720799922943115,4.720799922943115,4.720799922943115,4.720799922943115,247.0
2024-07-03 09:58:00,NRIX,18.809999465942383,18.809999465942383,18.854999542236328,18.809999465942383,18.854999542236328,1013.0
2024-07-03 09:58:00,NRSN,1.2649999856948853,1.2649999856948853,1.2649999856948853,1.2649999856948853,1.2649999856948853,1436.0
2024-07-03 09:58:00,NTLA,22.299999237060547,22.299999237060547,22.299999237060547,22.299999237060547,22.299999237060547,1700.0
2024-07-03 09:58:00,NVAX,13.029999732971191,13.029999732971191,13.050000190734863,13.010000228881836,13.050000190734863,5502.0
2024-07-03 09:58:00,NVCR,17.104999542236328,17.104999542236328,17.110000610351562,17.104999542236328,17.110000610351562,500.0
2024-07-03 09:58:00,NVOS,0.7497000098228455,0.7497000098228455,0.7497000098228455,0.7497000098228455,0.7497000098228455,1572.0
2024-07-03 09:58:00,NXL,1.4900000095367432,1.4900000095367432,1.4900000095367432,1.4900000095367432,1.4900000095367432,800.0
2024-07-03 09:58:00,OCGN,1.6299999952316284,1.6299999952316284,1.6399999856948853,1.6299999952316284,1.6399999856948853,21284.0
2024-07-03 09:58:00,OCUL,6.784999847412109,6.784999847412109,6.804999828338623,6.784999847412109,6.789999961853027,1198.0
2024-07-03 09:58:00,OGI,1.5449999570846558,1.5449999570846558,1.5449999570846558,1.5449999570846558,1.5449999570846558,626.0
2024-07-03 09:58:00,OLK,25.81999969482422,25.81999969482422,25.81999969482422,25.80500030517578,25.815000534057617,43063.0
2024-07-03 09:59:00,ABCL,2.7604000568389893,2.7604000568389893,2.765000104904175,2.7604000568389893,2.765000104904175,1332.0
2024-07-03 09:59:00,ABEO,4.210000038146973,4.210000038146973,4.210000038146973,4.199999809265137,4.199999809265137,2225.0
2024-07-03 09:59:00,ABOS,2.2799999713897705,2.2799999713897705,2.2799999713897705,2.2799999713897705,2.2799999713897705,200.0
2024-07-03 09:59:00,ABSI,3.2249999046325684,3.2249999046325684,3.2699999809265137,3.2100000381469727,3.25,41466.0
2024-07-03 09:59:00,ACAD,15.734999656677246,15.734999656677246,15.75,15.734999656677246,15.75,610.0
2024-07-03 09:59:00,ACB,4.757599830627441,4.757599830627441,4.789000034332275,4.757599830627441,4.774700164794922,4196.0
2024-07-03 09:59:00,ACCD,3.559999942779541,3.559999942779541,3.559999942779541,3.5299999713897705,3.5399999618530273,14848.0
2024-07-03 09:59:00,ACET,1.0700000524520874,1.0700000524520874,1.0795999765396118,1.0700000524520874,1.0750000476837158,2312.0
2024-07-03 09:59:00,ACHC,65.98999786376953,65.98999786376953,65.98999786376953,65.72000122070312,65.93000030517578,1485.0
2024-07-03 09:59:00,ACLX,54.029998779296875,54.029998779296875,54.029998779296875,53.78499984741211,53.78499984741211,222.0
2024-07-03 09:59:00,ACXP,2.1500000953674316,2.1500000953674316,2.1500000953674316,2.0938000679016113,2.0938000679016113,3279.0
2024-07-03 09:59:00,ADAP,1.0199999809265137,1.0199999809265137,1.0299999713897705,1.0119999647140503,1.0199999809265137,2846.0
2024-07-03 09:59:00,ADPT,3.315000057220459,3.315000057220459,3.315000057220459,3.309999942779541,3.309999942779541,1301.0
2024-07-03 09:59:00,ADUS,116.97000122070312,116.97000122070312,116.97000122070312,116.97000122070312,116.97000122070312,248.0
2024-07-03 09:59:00,ADVM,7.070000171661377,7.070000171661377,7.070000171661377,7.070000171661377,7.070000171661377,650.0
2024-07-03 09:59:00,AEMD,0.4262999892234802,0.4262999892234802,0.4262999892234802,0.4262999892234802,0.4262999892234802,301.0
2024-07-03 09:59:00,AGEN,14.510000228881836,14.510000228881836,14.529999732971191,14.461999893188477,14.461999893188477,2526.0
2024-07-03 09:59:00,AKBA,0.9369000196456909,0.9369000196456909,0.9402999877929688,0.9369000196456909,0.9401000142097473,32326.0
2024-07-03 09:59:00,AKRO,21.864900588989258,21.864900588989258,21.864900588989258,21.864900588989258,21.864900588989258,1335.0
2024-07-03 09:59:00,ALDX,3.200200080871582,3.200200080871582,3.200200080871582,3.200200080871582,3.200200080871582,523.0
2024-07-03 09:59:00,ALEC,4.389999866485596,4.389999866485596,4.389999866485596,4.389999866485596,4.389999866485596,1248.0
2024-07-03 09:59:00,ALGN,238.3800048828125,238.3800048828125,238.3800048828125,238.3300018310547,238.33999633789062,1093.0
2024-07-03 09:59:00,ALKS,24.239999771118164,24.239999771118164,24.239999771118164,24.229999542236328,24.229999542236328,613.0
2024-07-03 09:59:00,ALLK,0.8324000239372253,0.8324000239372253,0.8464000225067139,0.8299999833106995,0.8411999940872192,42050.0
2024-07-03 09:59:00,ALLO,2.119999885559082,2.119999885559082,2.119999885559082,2.109999895095825,2.109999895095825,5717.0
2024-07-03 09:59:00,ALLR,0.20600000023841858,0.20600000023841858,0.20759999752044678,0.20600000023841858,0.20600000023841858,12951.0
2024-07-03 09:59:00,ALNY,246.27000427246094,246.27000427246094,246.75999450683594,246.27000427246094,246.5,601.0
2024-07-03 09:59:00,ALT,6.71999979019165,6.71999979019165,6.75,6.690000057220459,6.690000057220459,24314.0
2024-07-03 09:59:00,ALVO,12.350000381469727,12.350000381469727,12.350000381469727,12.350000381469727,12.350000381469727,200.0
2024-07-03 09:59:00,ALVR,0.738099992275238,0.738099992275238,0.738099992275238,0.738099992275238,0.738099992275238,208.0
2024-07-03 09:59:00,ALXO,5.75,5.75,5.75,5.75,5.75,636.0
2024-07-03 09:59:00,AMED,96.625,96.625,96.68000030517578,96.5999984741211,96.63999938964844,3180.0
2024-07-03 09:59:00,AMGN,311.70208740234375,311.70208740234375,311.8399963378906,311.64910888671875,311.64910888671875,1281.0
2024-07-03 09:59:00,AMLX,1.7450000047683716,1.7450000047683716,1.75,1.7400000095367432,1.7400000095367432,10247.0
2024-07-03 09:59:00,AMRN,0.7008000016212463,0.7008000016212463,0.7008000016212463,0.7008000016212463,0.7008000016212463,301.0
2024-07-03 09:59:00,ANNX,4.690000057220459,4.690000057220459,4.699999809265137,4.670000076293945,4.670000076293945,5254.0
2024-07-03 09:59:00,ANTX,2.630000114440918,2.630000114440918,2.640000104904175,2.569999933242798,2.569999933242798,23806.0
2024-07-03 09:59:00,APDN,0.4519999921321869,0.4519999921321869,0.4519999921321869,0.4519999921321869,0.4519999921321869,2149.0
2024-07-03 09:59:00,APLS,35.94499969482422,35.94499969482422,35.94499969482422,35.94499969482422,35.94499969482422,200.0
2024-07-03 09:59:00,APLT,4.389999866485596,4.389999866485596,4.389999866485596,4.389999866485596,4.389999866485596,126.0
2024-07-03 09:59:00,AQST,2.384999990463257,2.384999990463257,2.384999990463257,2.380000114440918,2.380000114440918,2251.0
2024-07-03 09:59:00,ARAY,1.76010000705719,1.76010000705719,1.76010000705719,1.76010000705719,1.76010000705719,4000.0
2024-07-03 09:59:00,ARCT,21.25,21.25,21.530000686645508,21.25,21.440000534057617,91670.0
2024-07-03 09:59:00,ARDX,5.175000190734863,5.175000190734863,5.19789981842041,5.15500020980835,5.15500020980835,60372.0
2024-07-03 09:59:00,ARQT,9.380000114440918,9.380000114440918,9.430800437927246,9.380000114440918,9.430000305175781,5942.0
2024-07-03 09:59:00,ARVN,24.780000686645508,24.780000686645508,24.80500030517578,24.780000686645508,24.80500030517578,276.0
2024-07-03 09:59:00,ARWR,25.229999542236328,25.229999542236328,25.239999771118164,25.229999542236328,25.229999542236328,849.0
2024-07-03 09:59:00,ASND,135.66659545898438,135.66659545898438,135.66700744628906,135.66659545898438,135.66659545898438,343.0
2024-07-03 09:59:00,ASRT,1.315000057220459,1.315000057220459,1.3200000524520874,1.309999942779541,1.3173999786376953,31459.0
2024-07-03 09:59:00,ATEC,9.920000076293945,9.920000076293945,9.925700187683105,9.920000076293945,9.925700187683105,1289.0
2024-07-03 09:59:00,ATHA,2.549999952316284,2.549999952316284,2.549999952316284,2.549999952316284,2.549999952316284,3920.0
2024-07-03 09:59:00,ATOS,1.1399999856948853,1.1399999856948853,1.1449999809265137,1.1399999856948853,1.1449999809265137,1643.0
2024-07-03 09:59:00,ATRC,22.190000534057617,22.190000534057617,22.190000534057617,22.18000030517578,22.18000030517578,1167.0
2024-07-03 09:59:00,AUGX,1.0,1.0,1.0,1.0,1.0,3260.0
2024-07-03 09:59:00,AUPH,5.46999979019165,5.46999979019165,5.46999979019165,5.46999979019165,5.46999979019165,1149.0
2024-07-03 09:59:00,AVDL,14.119999885559082,14.119999885559082,14.119999885559082,14.069999694824219,14.069999694824219,2537.0
2024-07-03 09:59:00,AVIR,3.2249999046325684,3.2249999046325684,3.2249999046325684,3.2249999046325684,3.2249999046325684,1165.0
2024-07-03 09:59:00,AVTE,1.5750000476837158,1.5750000476837158,1.5800000429153442,1.5750000476837158,1.5800000429153442,6834.0
2024-07-03 09:59:00,AXGN,7.328800201416016,7.328800201416016,7.360000133514404,7.328800201416016,7.349999904632568,4814.0
2024-07-03 09:59:00,AZN,76.77999877929688,76.77999877929688,76.80999755859375,76.77999877929688,76.80999755859375,13081.0
2024-07-03 09:59:00,AZTA,52.25,52.25,52.25,52.25,52.25,1074.0
2024-07-03 09:59:00,BACK,1.7755000591278076,1.7755000591278076,1.7899999618530273,1.7549999952316284,1.7799999713897705,4500.0
2024-07-03 09:59:00,BBIO,24.954999923706055,24.954999923706055,24.954999923706055,24.954999923706055,24.954999923706055,790.0
2024-07-03 09:59:00,BCAB,1.2899999618530273,1.2899999618530273,1.2949999570846558,1.2899999618530273,1.2949999570846558,4906.0
2024-07-03 09:59:00,BCRX,6.619999885559082,6.619999885559082,6.619999885559082,6.619999885559082,6.619999885559082,4462.0
2024-07-03 09:59:00,BCTX,1.024999976158142,1.024999976158142,1.0399999618530273,1.024999976158142,1.0390000343322754,2501.0
2024-07-03 09:59:00,BCYC,19.65999984741211,19.65999984741211,19.65999984741211,19.584999084472656,19.584999084472656,380.0
2024-07-03 09:59:00,BDSX,1.600000023841858,1.600000023841858,1.600000023841858,1.600000023841858,1.600000023841858,556.0
2024-07-03 09:59:00,BDTX,4.177499771118164,4.177499771118164,4.177499771118164,4.177499771118164,4.177499771118164,1065.0
2024-07-03 09:59:00,BEAM,23.1299991607666,23.1299991607666,23.1299991607666,23.040000915527344,23.059999465942383,2359.0
2024-07-03 09:59:00,BEAT,2.799999952316284,2.799999952316284,2.8499999046325684,2.799999952316284,2.8489999771118164,5751.0
2024-07-03 09:59:00,BIIB,227.14999389648438,227.14999389648438,227.14999389648438,227.05499267578125,227.05499267578125,1167.0
2024-07-03 09:59:00,BIVI,0.4131999909877777,0.4131999909877777,0.4131999909877777,0.4131999909877777,0.4131999909877777,2948.0
2024-07-03 09:59:00,BJDX,0.6287000179290771,0.6287000179290771,0.6308000087738037,0.6287000179290771,0.6305999755859375,3033.0
2024-07-03 09:59:00,BLUE,0.9200999736785889,0.9200999736785889,0.920799970626831,0.919700026512146,0.920799970626831,54805.0
2024-07-03 09:59:00,BMEA,4.380000114440918,4.380000114440918,4.380000114440918,4.380000114440918,4.380000114440918,5042.0
2024-07-03 09:59:00,BMRA,0.45019999146461487,0.45019999146461487,0.45019999146461487,0.45019999146461487,0.45019999146461487,957.0
2024-07-03 09:59:00,BMRN,81.70999908447266,81.70999908447266,81.70999908447266,81.70999908447266,81.70999908447266,214.0
2024-07-03 09:59:00,BNGO,0.5601000189781189,0.5601000189781189,0.5800999999046326,0.5600000023841858,0.5800999999046326,112755.0
2024-07-03 09:59:00,BNTC,8.539999961853027,8.539999961853027,8.8100004196167,8.539999961853027,8.8100004196167,1120.0
2024-07-03 09:59:00,BNTX,81.07499694824219,81.07499694824219,81.16999816894531,80.99829864501953,81.07499694824219,502.0
2024-07-03 09:59:00,BPMC,110.79460144042969,110.79460144042969,110.79460144042969,110.62000274658203,110.62000274658203,1113.0
2024-07-03 09:59:00,BRKR,62.06999969482422,62.06999969482422,62.06999969482422,62.06999969482422,62.06999969482422,213.0
2024-07-03 09:59:00,BTAI,1.065000057220459,1.065000057220459,1.065000057220459,1.065000057220459,1.065000057220459,264.0
2024-07-03 09:59:00,BVS,6.0,6.0,6.0,5.949999809265137,5.949999809265137,7676.0
2024-07-03 09:59:00,CABA,7.489999771118164,7.489999771118164,7.489999771118164,7.489999771118164,7.489999771118164,400.0
2024-07-03 09:59:00,CAPR,4.690000057220459,4.690000057220459,4.690000057220459,4.690000057220459,4.690000057220459,400.0
2024-07-03 09:59:00,CCCC,4.639999866485596,4.639999866485596,4.690000057220459,4.639999866485596,4.690000057220459,1933.0
2024-07-03 09:59:00,CDNA,15.175000190734863,15.175000190734863,15.220000267028809,15.175000190734863,15.220000267028809,1564.0
2024-07-03 09:59:00,CDXS,2.9600000381469727,2.9600000381469727,2.9700000286102295,2.9600000381469727,2.9700000286102295,1885.0
2024-07-03 09:59:00,CERE,41.275001525878906,41.275001525878906,41.279998779296875,41.26499938964844,41.26499938964844,5534.0
2024-07-03 09:59:00,CERS,1.7200000286102295,1.7200000286102295,1.7200000286102295,1.715000033378601,1.715000033378601,788.0
2024-07-03 09:59:00,CERT,13.755000114440918,13.755000114440918,13.755000114440918,13.755000114440918,13.755000114440918,950.0
2024-07-03 09:59:00,CGC,6.630000114440918,6.630000114440918,6.639999866485596,6.629799842834473,6.630000114440918,28679.0
2024-07-03 09:59:00,CGEM,16.239999771118164,16.239999771118164,16.239999771118164,16.239999771118164,16.239999771118164,520.0
2024-07-03 09:59:00,CGTX,1.809999942779541,1.809999942779541,1.809999942779541,1.8000999689102173,1.809999942779541,600.0
2024-07-03 09:59:00,CHRS,1.3650000095367432,1.3650000095367432,1.3696999549865723,1.3650000095367432,1.3650000095367432,3470.0
2024-07-03 09:59:00,CKPT,2.265000104904175,2.265000104904175,2.27810001373291,2.25,2.27810001373291,10716.0
2024-07-03 09:59:00,CLNN,0.33709999918937683,0.33709999918937683,0.33709999918937683,0.33709999918937683,0.33709999918937683,4148.0
2024-07-03 09:59:00,CLOV,1.2450000047683716,1.2450000047683716,1.2450000047683716,1.2401000261306763,1.2401000261306763,3721.0
2024-07-03 09:59:00,CLPT,5.289999961853027,5.289999961853027,5.289999961853027,5.28000020980835,5.289999961853027,1064.0
2024-07-03 09:59:00,CLRB,2.4049999713897705,2.4049999713897705,2.4100000858306885,2.4049999713897705,2.4049999713897705,2054.0
2024-07-03 09:59:00,CNSP,2.706399917602539,2.706399917602539,2.859999895095825,2.6700000762939453,2.819999933242798,739491.0
2024-07-03 09:59:00,CNTA,8.75,8.75,8.75,8.75,8.75,3088.0
2024-07-03 09:59:00,CODX,1.2697999477386475,1.2697999477386475,1.2697999477386475,1.2697999477386475,1.2697999477386475,0.0
2024-07-03 09:59:00,COGT,8.27750015258789,8.27750015258789,8.27750015258789,8.27750015258789,8.27750015258789,106.0
2024-07-03 09:59:00,CORT,31.459999084472656,31.459999084472656,31.459999084472656,31.440000534057617,31.440000534057617,878.0
2024-07-03 09:59:00,COSM,0.9610999822616577,0.9610999822616577,0.9700000286102295,0.9599999785423279,0.9603000283241272,20752.0
2024-07-03 09:59:00,CPRX,15.847800254821777,15.847800254821777,15.847800254821777,15.847800254821777,15.847800254821777,1182.0
2024-07-03 09:59:00,CRBP,48.755001068115234,48.755001068115234,48.81999969482422,48.689998626708984,48.81999969482422,1225.0
2024-07-03 09:59:00,CRBU,1.5799000263214111,1.5799000263214111,1.5799000263214111,1.565000057220459,1.5750000476837158,1468.0
2024-07-03 09:59:00,CRDF,2.130000114440918,2.130000114440918,2.138400077819824,2.130000114440918,2.1366000175476074,2341.0
2024-07-03 09:59:00,CRNX,44.540000915527344,44.540000915527344,44.54499816894531,44.390098571777344,44.390098571777344,2016.0
2024-07-03 09:59:00,CRSP,53.45000076293945,53.45000076293945,53.5,53.41999816894531,53.43000030517578,1492.0
2024-07-03 09:59:00,CSTL,21.139999389648438,21.139999389648438,21.149999618530273,21.135000228881836,21.135000228881836,495.0
2024-07-03 09:59:00,CTXR,0.5170999765396118,0.5170999765396118,0.5268999934196472,0.5170999765396118,0.5268999934196472,920.0
2024-07-03 09:59:00,CUE,1.0099999904632568,1.0099999904632568,1.0099999904632568,1.0099999904632568,1.0099999904632568,202.0
2024-07-03 09:59:00,CUTR,1.3601000308990479,1.3601000308990479,1.3614000082015991,1.3601000308990479,1.3614000082015991,1860.0
2024-07-03 09:59:00,CVAC,3.4049999713897705,3.4049999713897705,3.4200000762939453,3.369999885559082,3.4149999618530273,31560.0
2024-07-03 09:59:00,CYTK,54.82500076293945,54.82500076293945,54.93000030517578,54.72999954223633,54.93000030517578,6911.0
2024-07-03 09:59:00,DCTH,7.929999828338623,7.929999828338623,7.929999828338623,7.929999828338623,7.929999828338623,369.0
2024-07-03 09:59:00,DRMA,2.259999990463257,2.259999990463257,2.259999990463257,2.240000009536743,2.240000009536743,1685.0
2024-07-03 09:59:00,DRRX,1.3600000143051147,1.3600000143051147,1.3600000143051147,1.350000023841858,1.3550000190734863,0.0
2024-07-03 09:59:00,DSGN,3.194999933242798,3.194999933242798,3.194999933242798,3.194999933242798,3.194999933242798,627.0
2024-07-03 09:59:00,DXCM,110.66500091552734,110.66500091552734,110.69999694824219,110.4800033569336,110.57499694824219,9895.0
2024-07-03 09:59:00,DYN,34.22999954223633,34.22999954223633,34.22999954223633,34.16999816894531,34.22999954223633,1000.0
2024-07-03 09:59:00,EDIT,4.605000019073486,4.605000019073486,4.605000019073486,4.605000019073486,4.605000019073486,1458.0
2024-07-03 09:59:00,ELEV,2.7200000286102295,2.7200000286102295,2.7200000286102295,2.7200000286102295,2.7200000286102295,980.0
2024-07-03 09:59:00,ELYM,6.789999961853027,6.789999961853027,6.789999961853027,6.789999961853027,6.789999961853027,439.0
2024-07-03 09:59:00,EMBC,11.914999961853027,11.914999961853027,11.914999961853027,11.890000343322754,11.890000343322754,849.0
2024-07-03 09:59:00,ENTX,1.6399999856948853,1.6399999856948853,1.6399999856948853,1.6399999856948853,1.6399999856948853,270.0
2024-07-03 09:59:00,EOLS,10.800000190734863,10.800000190734863,10.800000190734863,10.800000190734863,10.800000190734863,139.0
2024-07-03 09:59:00,ERAS,2.194999933242798,2.194999933242798,2.200000047683716,2.194999933242798,2.200000047683716,3633.0
2024-07-03 09:59:00,ESPR,2.384999990463257,2.384999990463257,2.384999990463257,2.384999990463257,2.384999990463257,2610.0
2024-07-03 09:59:00,ETNB,7.679999828338623,7.679999828338623,7.679999828338623,7.659999847412109,7.659999847412109,2569.0
2024-07-03 09:59:00,ETON,3.2799999713897705,3.2799999713897705,3.2799999713897705,3.2799999713897705,3.2799999713897705,300.0
2024-07-03 09:59:00,EXAS,43.36000061035156,43.36000061035156,43.380001068115234,43.310001373291016,43.36000061035156,1907.0
2024-07-03 09:59:00,EYPT,8.175000190734863,8.175000190734863,8.175000190734863,8.175000190734863,8.175000190734863,286.0
2024-07-03 09:59:00,FATE,3.1700000762939453,3.1700000762939453,3.1700000762939453,3.1700000762939453,3.1700000762939453,1037.0
2024-07-03 09:59:00,FDMT,20.6200008392334,20.6200008392334,20.700000762939453,20.6200008392334,20.6299991607666,2154.0
2024-07-03 09:59:00,FGEN,0.7123000025749207,0.7123000025749207,0.7192999720573425,0.7117000222206116,0.7117999792098999,4422.0
2024-07-03 09:59:00,FLGC,0.9300000071525574,0.9300000071525574,0.9300000071525574,0.9300000071525574,0.9300000071525574,205.0
2024-07-03 09:59:00,FOLD,9.859700202941895,9.859700202941895,9.859700202941895,9.859700202941895,9.859700202941895,928.0
2024-07-03 09:59:00,FULC,6.079999923706055,6.079999923706055,6.079999923706055,6.079999923706055,6.079999923706055,1164.0
2024-07-03 09:59:00,GDRX,7.78000020980835,7.78000020980835,7.78000020980835,7.775000095367432,7.775000095367432,329.0
2024-07-03 09:59:00,GERN,4.260000228881836,4.260000228881836,4.264999866485596,4.260000228881836,4.264999866485596,2353.0
2024-07-03 09:59:00,GH,28.6200008392334,28.6200008392334,28.6200008392334,28.610000610351562,28.610000610351562,631.0
2024-07-03 09:59:00,GILD,67.32599639892578,67.32599639892578,67.5199966430664,67.31999969482422,67.51000213623047,28836.0
2024-07-03 09:59:00,GLUE,3.6459999084472656,3.6459999084472656,3.6459999084472656,3.569999933242798,3.630000114440918,7311.0
2024-07-03 09:59:00,GLYC,0.2671999931335449,0.2671999931335449,0.26829999685287476,0.2671999931335449,0.26829999685287476,900.0
2024-07-03 09:59:00,GMAB,25.190000534057617,25.190000534057617,25.190000534057617,25.190000534057617,25.190000534057617,664.0
2024-07-03 09:59:00,GNPX,1.98989999294281,1.98989999294281,1.98989999294281,1.9800000190734863,1.9800000190734863,8900.0
2024-07-03 09:59:00,GOSS,0.9350000023841858,0.9350000023841858,0.9350000023841858,0.9275000095367432,0.9275000095367432,10626.0
2024-07-03 09:59:00,GOVX,3.1301000118255615,3.1301000118255615,3.1449999809265137,3.130000114440918,3.130000114440918,768.0
2024-07-03 09:59:00,GRFS,6.630000114440918,6.630000114440918,6.630000114440918,6.630000114440918,6.630000114440918,426.0
2024-07-03 09:59:00,GRTS,0.5702000260353088,0.5702000260353088,0.5705000162124634,0.5702000260353088,0.5705000162124634,1237.0
2024-07-03 09:59:00,HALO,51.459999084472656,51.459999084472656,51.52000045776367,51.45000076293945,51.52000045776367,1891.0
2024-07-03 09:59:00,HCAT,6.039999961853027,6.039999961853027,6.039999961853027,6.039999961853027,6.039999961853027,642.0
2024-07-03 09:59:00,HCM,17.28499984741211,17.28499984741211,17.28499984741211,17.28499984741211,17.28499984741211,1870.0
2024-07-03 09:59:00,HCSG,11.039999961853027,11.039999961853027,11.050000190734863,11.039999961853027,11.050000190734863,1355.0
2024-07-03 09:59:00,HITI,2.134999990463257,2.134999990463257,2.136699914932251,2.134999990463257,2.136699914932251,700.0
2024-07-03 09:59:00,HOLX,73.16500091552734,73.16500091552734,73.26000213623047,73.16500091552734,73.26000213623047,17225.0
2024-07-03 09:59:00,HOWL,2.0799999237060547,2.0799999237060547,2.119999885559082,2.0799999237060547,2.0999999046325684,2996.0
2024-07-03 09:59:00,HQY,84.0,84.0,84.0,84.0,84.0,722.0
2024-07-03 09:59:00,HRMY,30.219999313354492,30.219999313354492,30.219999313354492,30.200000762939453,30.200000762939453,903.0
2024-07-03 09:59:00,HROW,21.549999237060547,21.549999237060547,21.6200008392334,21.530000686645508,21.530000686645508,5431.0
2024-07-03 09:59:00,HRTX,2.799999952316284,2.799999952316284,2.819999933242798,2.799999952316284,2.799999952316284,18633.0
2024-07-03 09:59:00,HSIC,65.26000213623047,65.26000213623047,65.27999877929688,65.20999908447266,65.27999877929688,2063.0
2024-07-03 09:59:00,HUMA,5.51639986038208,5.51639986038208,5.5289998054504395,5.512899875640869,5.519999980926514,2415.0
2024-07-03 09:59:00,IART,28.920000076293945,28.920000076293945,28.94499969482422,28.90999984741211,28.90999984741211,2081.0
2024-07-03 09:59:00,IBRX,6.230000019073486,6.230000019073486,6.230000019073486,6.230000019073486,6.230000019073486,3371.0
2024-07-03 09:59:00,ICAD,1.208899974822998,1.208899974822998,1.208899974822998,1.208899974822998,1.208899974822998,233.0
2024-07-03 09:59:00,IDXX,475.1199951171875,475.1199951171875,475.1700134277344,475.1199951171875,475.1600036621094,1775.0
2024-07-03 09:59:00,IDYA,33.13999938964844,33.13999938964844,33.20000076293945,33.13999938964844,33.20000076293945,592.0
2024-07-03 09:59:00,IGMS,6.349999904632568,6.349999904632568,6.349999904632568,6.349999904632568,6.349999904632568,145.0
2024-07-03 09:59:00,IKNA,1.6399999856948853,1.6399999856948853,1.6399999856948853,1.6399999856948853,1.6399999856948853,496.0
2024-07-03 09:59:00,ILMN,106.05030059814453,106.05030059814453,106.08000183105469,106.01499938964844,106.01499938964844,1752.0
2024-07-03 09:59:00,IMCR,34.91999816894531,34.91999816894531,34.974998474121094,34.90999984741211,34.939998626708984,1225.0
2024-07-03 09:59:00,IMMX,2.2200000286102295,2.2200000286102295,2.2300000190734863,2.2200000286102295,2.2300000190734863,3931.0
2024-07-03 09:59:00,IMNM,11.819999694824219,11.819999694824219,11.819999694824219,11.819999694824219,11.819999694824219,357.0
2024-07-03 09:59:00,IMTX,11.989999771118164,11.989999771118164,11.989999771118164,11.954999923706055,11.989999771118164,4221.0
2024-07-03 09:59:00,IMVT,26.5049991607666,26.5049991607666,26.5049991607666,26.5049991607666,26.5049991607666,732.0
2024-07-03 09:59:00,INBX,13.390000343322754,13.390000343322754,13.399999618530273,13.369999885559082,13.369999885559082,1556.0
2024-07-03 09:59:00,INCY,58.56999969482422,58.56999969482422,58.584999084472656,58.560001373291016,58.560001373291016,794.0
2024-07-03 09:59:00,INMB,8.005000114440918,8.005000114440918,8.037799835205078,8.005000114440918,8.020000457763672,934.0
2024-07-03 09:59:00,INMD,17.780000686645508,17.780000686645508,17.799999237060547,17.780000686645508,17.780000686645508,12028.0
2024-07-03 09:59:00,INSM,63.904998779296875,63.904998779296875,63.959999084472656,63.849998474121094,63.904998779296875,4295.0
2024-07-03 09:59:00,INZY,4.449999809265137,4.449999809265137,4.449999809265137,4.449999809265137,4.449999809265137,4521.0
2024-07-03 09:59:00,IONM,0.33000001311302185,0.33000001311302185,0.33070001006126404,0.33000001311302185,0.33070001006126404,2300.0
2024-07-03 09:59:00,IONS,44.9900016784668,44.9900016784668,45.040000915527344,44.95000076293945,44.95000076293945,2932.0
2024-07-03 09:59:00,IOVA,7.71999979019165,7.71999979019165,7.71999979019165,7.715000152587891,7.715000152587891,2547.0
2024-07-03 09:59:00,IPSC,2.2699999809265137,2.2699999809265137,2.2699999809265137,2.2300000190734863,2.2300000190734863,2930.0
2024-07-03 09:59:00,IRWD,6.139999866485596,6.139999866485596,6.139999866485596,6.130000114440918,6.130000114440918,2238.0
2024-07-03 09:59:00,ISRG,434.67999267578125,434.67999267578125,435.2699890136719,434.57000732421875,434.8500061035156,4869.0
2024-07-03 09:59:00,ITCI,67.99500274658203,67.99500274658203,68.0,67.98999786376953,67.98999786376953,714.0
2024-07-03 09:59:00,ITOS,14.720000267028809,14.720000267028809,14.720000267028809,14.720000267028809,14.720000267028809,481.0
2024-07-03 09:59:00,JANX,38.869998931884766,38.869998931884766,38.869998931884766,38.86000061035156,38.86000061035156,392.0
2024-07-03 09:59:00,JAZZ,105.29000091552734,105.29000091552734,105.29000091552734,105.11000061035156,105.11000061035156,1636.0
2024-07-03 09:59:00,JSPR,23.584999084472656,23.584999084472656,23.584999084472656,23.584999084472656,23.584999084472656,300.0
2024-07-03 09:59:00,KALA,6.900000095367432,6.900000095367432,6.900000095367432,6.900000095367432,6.900000095367432,631.0
2024-07-03 09:59:00,KTRA,0.2599000036716461,0.2599000036716461,0.26109999418258667,0.2581000030040741,0.2587999999523163,20440.0
2024-07-03 09:59:00,KURA,20.399999618530273,20.399999618530273,20.399999618530273,20.399999618530273,20.399999618530273,117.0
2024-07-03 09:59:00,KZIA,0.2240000069141388,0.2240000069141388,0.2240000069141388,0.2240000069141388,0.2240000069141388,6071.0
2024-07-03 09:59:00,KZR,0.5722000002861023,0.5722000002861023,0.5722000002861023,0.5722000002861023,0.5722000002861023,329.0
2024-07-03 09:59:00,LAB,1.784999966621399,1.784999966621399,1.784999966621399,1.784999966621399,1.784999966621399,669.0
2024-07-03 09:59:00,LEGN,44.290000915527344,44.290000915527344,44.459999084472656,44.28499984741211,44.459999084472656,4923.0
2024-07-03 09:59:00,LFMD,6.695000171661377,6.695000171661377,6.695000171661377,6.695000171661377,6.695000171661377,350.0
2024-07-03 09:59:00,LFST,5.085000038146973,5.085000038146973,5.085000038146973,5.085000038146973,5.085000038146973,250.0
2024-07-03 09:59:00,LGVN,1.6505999565124512,1.6505999565124512,1.6549999713897705,1.649999976158142,1.6549999713897705,1214.0
2024-07-03 09:59:00,LIVN,52.71500015258789,52.71500015258789,52.71500015258789,52.68000030517578,52.709999084472656,1066.0
2024-07-03 09:59:00,LNTH,78.6500015258789,78.6500015258789,78.6500015258789,78.5779037475586,78.5779037475586,394.0
2024-07-03 09:59:00,LQDA,11.869999885559082,11.869999885559082,11.869999885559082,11.86989974975586,11.86989974975586,715.0
2024-07-03 09:59:00,LRMR,7.585000038146973,7.585000038146973,7.585000038146973,7.585000038146973,7.585000038146973,114.0
2024-07-03 09:59:00,LSTA,3.5899999141693115,3.5899999141693115,3.5899999141693115,3.450000047683716,3.5899999141693115,2578.0
2024-07-03 09:59:00,LUCY,0.47999998927116394,0.47999998927116394,0.48429998755455017,0.47999998927116394,0.48429998755455017,0.0
2024-07-03 09:59:00,LUMO,2.2750000953674316,2.2750000953674316,2.2750000953674316,2.2750000953674316,2.2750000953674316,0.0
2024-07-03 09:59:00,LUNG,6.230000019073486,6.230000019073486,6.25,6.230000019073486,6.25,948.0
2024-07-03 09:59:00,LXRX,1.5950000286102295,1.5950000286102295,1.5950000286102295,1.5950000286102295,1.5950000286102295,159.0
2024-07-03 09:59:00,LYEL,1.4394999742507935,1.4394999742507935,1.4394999742507935,1.4249999523162842,1.4249999523162842,7212.0
2024-07-03 09:59:00,LYRA,0.28060001134872437,0.28060001134872437,0.28060001134872437,0.27799999713897705,0.27799999713897705,12717.0
2024-07-03 09:59:00,MBIO,0.5300999879837036,0.5300999879837036,0.5374000072479248,0.5300999879837036,0.5356000065803528,78523.0
2024-07-03 09:59:00,MBOT,1.090000033378601,1.090000033378601,1.1098999977111816,1.090000033378601,1.1098999977111816,18844.0
2024-07-03 09:59:00,MDXH,2.380000114440918,2.380000114440918,2.380000114440918,2.380000114440918,2.380000114440918,0.0
2024-07-03 09:59:00,ME,0.39739999175071716,0.39739999175071716,0.39910000562667847,0.39739999175071716,0.39910000562667847,463.0
2024-07-03 09:59:00,MGNX,4.210299968719482,4.210299968719482,4.21999979019165,4.210100173950195,4.21999979019165,3900.0
2024-07-03 09:59:00,MGTX,3.950000047683716,3.950000047683716,3.950000047683716,3.950000047683716,3.950000047683716,720.0
2024-07-03 09:59:00,MIRM,33.970001220703125,33.970001220703125,33.970001220703125,33.88999938964844,33.88999938964844,1364.0
2024-07-03 09:59:00,MLTX,40.064998626708984,40.064998626708984,40.064998626708984,40.064998626708984,40.064998626708984,284.0
2024-07-03 09:59:00,MMSI,85.9800033569336,85.9800033569336,85.9800033569336,85.80999755859375,85.80999755859375,420.0
2024-07-03 09:59:00,MNKD,5.054999828338623,5.054999828338623,5.054999828338623,5.054999828338623,5.054999828338623,978.0
2024-07-03 09:59:00,MNMD,7.079999923706055,7.079999923706055,7.079999923706055,7.079999923706055,7.079999923706055,900.0
2024-07-03 09:59:00,MODD,1.496500015258789,1.496500015258789,1.496500015258789,1.496500015258789,1.496500015258789,741.0
2024-07-03 09:59:00,MORF,31.299999237060547,31.299999237060547,31.299999237060547,31.299999237060547,31.299999237060547,441.0
2024-07-03 09:59:00,MREO,3.450000047683716,3.450000047683716,3.4600000381469727,3.450000047683716,3.450000047683716,1799.0
2024-07-03 09:59:00,MRNA,118.91000366210938,118.91000366210938,119.0,118.37999725341797,118.62999725341797,13624.0
2024-07-03 09:59:00,MRNS,1.2000000476837158,1.2000000476837158,1.2000000476837158,1.1950000524520874,1.1999000310897827,4649.0
2024-07-03 09:59:00,MRUS,53.157501220703125,53.157501220703125,53.189998626708984,53.157501220703125,53.15999984741211,1289.0
2024-07-03 09:59:00,MRVI,6.801000118255615,6.801000118255615,6.829999923706055,6.801000118255615,6.809999942779541,3422.0
2024-07-03 09:59:00,MXCT,3.700000047683716,3.700000047683716,3.700000047683716,3.700000047683716,3.700000047683716,367.0
2024-07-03 09:59:00,MYGN,25.264999389648438,25.264999389648438,25.264999389648438,25.154800415039062,25.154800415039062,204.0
2024-07-03 09:59:00,NARI,49.619998931884766,49.619998931884766,49.619998931884766,49.505001068115234,49.505001068115234,1655.0
2024-07-03 09:59:00,NDRA,0.08550000190734863,0.08550000190734863,0.08550000190734863,0.0843999981880188,0.08550000190734863,45262.0
2024-07-03 09:59:00,NEO,13.739999771118164,13.739999771118164,13.739999771118164,13.739999771118164,13.739999771118164,539.0
2024-07-03 09:59:00,NKTR,1.2050000429153442,1.2050000429153442,1.2050000429153442,1.2050000429153442,1.2050000429153442,819.0
2024-07-03 09:59:00,NLSP,0.2070000022649765,0.2070000022649765,0.2070000022649765,0.2070000022649765,0.2070000022649765,145.0
2024-07-03 09:59:00,NNOX,7.0100998878479,7.0100998878479,7.0100998878479,7.0100998878479,7.0100998878479,158.0
2024-07-03 09:59:00,NOTV,1.6500999927520752,1.6500999927520752,1.6500999927520752,1.6500999927520752,1.6500999927520752,2669.0
2024-07-03 09:59:00,NRIX,18.985000610351562,18.985000610351562,19.059999465942383,18.809999465942383,18.809999465942383,7715.0
2024-07-03 09:59:00,NRSN,1.25,1.25,1.2699999809265137,1.25,1.2699999809265137,0.0
2024-07-03 09:59:00,NUVL,71.81999969482422,71.81999969482422,71.81999969482422,71.81999969482422,71.81999969482422,282.0
2024-07-03 09:59:00,NVAX,13.020000457763672,13.020000457763672,13.029999732971191,13.010000228881836,13.020000457763672,18294.0
2024-07-03 09:59:00,NVCR,17.099000930786133,17.099000930786133,17.099000930786133,17.079999923706055,17.09000015258789,1204.0
2024-07-03 09:59:00,NXL,1.4800000190734863,1.4800000190734863,1.4800000190734863,1.4800000190734863,1.4800000190734863,663.0
2024-07-03 09:59:00,OCGN,1.6349999904632568,1.6349999904632568,1.6399999856948853,1.6325000524520874,1.6399999856948853,2005.0
2024-07-03 09:59:00,OCUL,6.784999847412109,6.784999847412109,6.784999847412109,6.784999847412109,6.784999847412109,118.0
2024-07-03 09:59:00,OLK,25.790000915527344,25.790000915527344,25.81999969482422,25.790000915527344,25.81999969482422,5029.0
2024-07-03 09:59:00,OLMA,10.479999542236328,10.479999542236328,10.479999542236328,10.479999542236328,10.479999542236328,116.0
2024-07-03 09:59:00,OM,3.690000057220459,3.690000057220459,3.703000068664551,3.6575000286102295,3.703000068664551,7631.0
2024-07-03 09:59:00,OMGA,2.0299999713897705,2.0299999713897705,2.0299999713897705,2.0299999713897705,2.0299999713897705,247.0
2024-07-03 10:00:00,AADI,1.340000033378601,1.340000033378601,1.340000033378601,1.340000033378601,1.340000033378601,120.0
2024-07-03 10:00:00,ABCL,2.7699999809265137,2.7699999809265137,2.771199941635132,2.7699999809265137,2.7699999809265137,2201.0
2024-07-03 10:00:00,ABEO,4.230000019073486,4.230000019073486,4.230000019073486,4.230000019073486,4.230000019073486,201.0
2024-07-03 10:00:00,ABOS,2.2850000858306885,2.2850000858306885,2.2850000858306885,2.2799999713897705,2.2799999713897705,603.0
2024-07-03 10:00:00,ABSI,3.240000009536743,3.240000009536743,3.249000072479248,3.2300000190734863,3.2300000190734863,1835.0
2024-07-03 10:00:00,ABUS,3.1649999618530273,3.1649999618530273,3.1700000762939453,3.1649999618530273,3.1700000762939453,4774.0
2024-07-03 10:00:00,ABVC,0.7200000286102295,0.7200000286102295,0.7200000286102295,0.7200000286102295,0.7200000286102295,1000.0
2024-07-03 10:00:00,ACAD,15.753399848937988,15.753399848937988,15.760000228881836,15.753399848937988,15.760000228881836,2656.0
2024-07-03 10:00:00,ACB,4.804999828338623,4.804999828338623,4.809999942779541,4.78000020980835,4.78000020980835,28305.0
2024-07-03 10:00:00,ACCD,3.5899999141693115,3.5899999141693115,3.5999999046325684,3.575000047683716,3.5999999046325684,6984.0
2024-07-03 10:00:00,ACET,1.0750000476837158,1.0750000476837158,1.0800000429153442,1.0750000476837158,1.0800000429153442,2367.0
2024-07-03 10:00:00,ACHV,4.539999961853027,4.539999961853027,4.539999961853027,4.539999961853027,4.539999961853027,2357.0
2024-07-03 10:00:00,ACLX,54.025001525878906,54.025001525878906,54.025001525878906,54.025001525878906,54.025001525878906,426.0
2024-07-03 10:00:00,ACON,0.2919999957084656,0.2919999957084656,0.2919999957084656,0.2919999957084656,0.2919999957084656,700.0
2024-07-03 10:00:00,ACRS,1.1675000190734863,1.1675000190734863,1.1675000190734863,1.159999966621399,1.1649999618530273,1849.0
2024-07-03 10:00:00,ADAP,1.0219999551773071,1.0219999551773071,1.034999966621399,1.0199999809265137,1.0199999809265137,15258.0
2024-07-03 10:00:00,ADMA,11.305000305175781,11.305000305175781,11.305000305175781,11.289999961853027,11.300000190734863,1922.0
2024-07-03 10:00:00,ADPT,3.3299999237060547,3.3299999237060547,3.3299999237060547,3.315000057220459,3.319999933242798,1555.0
2024-07-03 10:00:00,AFMD,5.130000114440918,5.130000114440918,5.16510009765625,5.130000114440918,5.16510009765625,1233.0
2024-07-03 10:00:00,AGIO,42.38999938964844,42.38999938964844,42.38999938964844,42.380001068115234,42.380001068115234,2412.0
2024-07-03 10:00:00,AHCO,9.729999542236328,9.729999542236328,9.741000175476074,9.710000038146973,9.739999771118164,2942.0
2024-07-03 10:00:00,AKBA,0.9399999976158142,0.9399999976158142,0.9399999976158142,0.9399999976158142,0.9399999976158142,591.0
2024-07-03 10:00:00,ALGN,238.0894012451172,238.0894012451172,238.0894012451172,237.8800048828125,237.8800048828125,330.0
2024-07-03 10:00:00,ALHC,8.029999732971191,8.029999732971191,8.039999961853027,8.010000228881836,8.020000457763672,7444.0
2024-07-03 10:00:00,ALKS,24.247900009155273,24.247900009155273,24.31999969482422,24.239999771118164,24.239999771118164,1701.0
2024-07-03 10:00:00,ALLK,0.8302000164985657,0.8302000164985657,0.8349000215530396,0.8302000164985657,0.8324000239372253,7892.0
2024-07-03 10:00:00,ALLO,2.125,2.125,2.140000104904175,2.115000009536743,2.115000009536743,15644.0
2024-07-03 10:00:00,ALLR,0.20600000023841858,0.20600000023841858,0.20759999752044678,0.20600000023841858,0.20759999752044678,1100.0
2024-07-03 10:00:00,ALNY,246.66250610351562,246.66250610351562,246.77000427246094,246.66250610351562,246.77000427246094,1690.0
2024-07-03 10:00:00,ALT,6.800000190734863,6.800000190734863,6.800000190734863,6.730000019073486,6.739999771118164,9060.0
2024-07-03 10:00:00,ALVR,0.738099992275238,0.738099992275238,0.738099992275238,0.738099992275238,0.738099992275238,200.0
2024-07-03 10:00:00,ALXO,5.800000190734863,5.800000190734863,5.800000190734863,5.760000228881836,5.760000228881836,1915.0
2024-07-03 10:00:00,AMED,96.51000213623047,96.51000213623047,96.62989807128906,96.51000213623047,96.6050033569336,883.0
2024-07-03 10:00:00,AMGN,311.6700134277344,311.6700134277344,312.4100036621094,311.6700134277344,311.9100036621094,4425.0
2024-07-03 10:00:00,AMLX,1.75,1.75,1.7580000162124634,1.75,1.75,13987.0
2024-07-03 10:00:00,AMPH,37.95500183105469,37.95500183105469,37.959999084472656,37.90999984741211,37.959999084472656,2290.0
2024-07-03 10:00:00,ANGO,5.679999828338623,5.679999828338623,5.690000057220459,5.679999828338623,5.690000057220459,1584.0
2024-07-03 10:00:00,ANIK,26.389999389648438,26.389999389648438,26.389999389648438,26.389999389648438,26.389999389648438,592.0
2024-07-03 10:00:00,ANIP,62.09000015258789,62.09000015258789,62.09000015258789,62.09000015258789,62.09000015258789,183.0
2024-07-03 10:00:00,ANNX,4.699999809265137,4.699999809265137,4.71999979019165,4.690000057220459,4.690000057220459,4010.0
2024-07-03 10:00:00,ANTX,2.6040000915527344,2.6040000915527344,2.640000104904175,2.600800037384033,2.609999895095825,17832.0
2024-07-03 10:00:00,APDN,0.4560000002384186,0.4560000002384186,0.4560000002384186,0.4560000002384186,0.4560000002384186,878.0
2024-07-03 10:00:00,APLS,36.2400016784668,36.2400016784668,36.459999084472656,36.02000045776367,36.040000915527344,3763.0
2024-07-03 10:00:00,APLT,4.409999847412109,4.409999847412109,4.409999847412109,4.400000095367432,4.400000095367432,1096.0
2024-07-03 10:00:00,AQST,2.384999990463257,2.384999990463257,2.384999990463257,2.384999990463257,2.384999990463257,378.0
2024-07-03 10:00:00,ARAY,1.7649999856948853,1.7649999856948853,1.7649999856948853,1.7649999856948853,1.7649999856948853,0.0
2024-07-03 10:00:00,ARCT,21.450000762939453,21.450000762939453,21.450000762939453,21.20439910888672,21.264999389648438,2321.0
2024-07-03 10:00:00,ARDX,5.164999961853027,5.164999961853027,5.175000190734863,5.153600215911865,5.175000190734863,50525.0
2024-07-03 10:00:00,ARGX,435.8399963378906,435.8399963378906,435.9700012207031,435.7799987792969,435.9700012207031,1604.0
2024-07-03 10:00:00,ARQT,9.457500457763672,9.457500457763672,9.457500457763672,9.3100004196167,9.404999732971191,41585.0
2024-07-03 10:00:00,ARVN,24.969999313354492,24.969999313354492,24.969999313354492,24.84000015258789,24.84000015258789,1806.0
2024-07-03 10:00:00,ARWR,25.309999465942383,25.309999465942383,25.31999969482422,25.290000915527344,25.290000915527344,778.0
2024-07-03 10:00:00,ASND,136.57000732421875,136.57000732421875,136.57000732421875,136.0,136.0,1166.0
2024-07-03 10:00:00,ASRT,1.3187999725341797,1.3187999725341797,1.3187999725341797,1.3187999725341797,1.3187999725341797,310.0
2024-07-03 10:00:00,ATAI,1.309999942779541,1.309999942779541,1.309999942779541,1.3009999990463257,1.3009999990463257,336.0
2024-07-03 10:00:00,ATEC,9.9399995803833,9.9399995803833,9.949999809265137,9.930000305175781,9.930000305175781,1499.0
2024-07-03 10:00:00,ATOS,1.1399999856948853,1.1399999856948853,1.1399999856948853,1.1399999856948853,1.1399999856948853,213.0
2024-07-03 10:00:00,ATRC,22.020000457763672,22.020000457763672,22.219999313354492,22.020000457763672,22.1200008392334,1886.0
2024-07-03 10:00:00,ATXS,9.020000457763672,9.020000457763672,9.020000457763672,9.010000228881836,9.010000228881836,679.0
2024-07-03 10:00:00,AUGX,1.0,1.0,1.0,1.0,1.0,1400.0
2024-07-03 10:00:00,AUPH,5.474999904632568,5.474999904632568,5.485000133514404,5.46999979019165,5.485000133514404,1962.0
2024-07-03 10:00:00,AUTL,3.4200000762939453,3.4200000762939453,3.4200000762939453,3.390000104904175,3.390000104904175,1719.0
2024-07-03 10:00:00,AVDL,14.109999656677246,14.109999656677246,14.130000114440918,14.109999656677246,14.119999885559082,2216.0
2024-07-03 10:00:00,AVTE,1.5800000429153442,1.5800000429153442,1.5800000429153442,1.5750000476837158,1.5800000429153442,1838.0
2024-07-03 10:00:00,AVXL,4.190000057220459,4.190000057220459,4.190000057220459,4.170000076293945,4.170000076293945,4149.0
2024-07-03 10:00:00,AZN,76.81999969482422,76.81999969482422,76.94999694824219,76.80000305175781,76.81999969482422,41545.0
2024-07-03 10:00:00,BACK,1.7899999618530273,1.7899999618530273,1.7899999618530273,1.7549999952316284,1.7549999952316284,6900.0
2024-07-03 10:00:00,BBIO,24.989999771118164,24.989999771118164,25.049999237060547,24.969999313354492,24.969999313354492,3255.0
2024-07-03 10:00:00,BCAB,1.2949999570846558,1.2949999570846558,1.3049999475479126,1.2949999570846558,1.2999999523162842,6867.0
2024-07-03 10:00:00,BCRX,6.630000114440918,6.630000114440918,6.630000114440918,6.619999885559082,6.630000114440918,37592.0
2024-07-03 10:00:00,BCTX,1.024999976158142,1.024999976158142,1.024999976158142,1.024999976158142,1.024999976158142,0.0
2024-07-03 10:00:00,BCYC,19.559999465942383,19.559999465942383,19.729999542236328,19.559999465942383,19.566600799560547,1380.0
2024-07-03 10:00:00,BDTX,4.21999979019165,4.21999979019165,4.21999979019165,4.179999828338623,4.190000057220459,3372.0
2024-07-03 10:00:00,BEAM,23.2450008392334,23.2450008392334,23.2450008392334,23.15999984741211,23.15999984741211,3202.0
2024-07-03 10:00:00,BEAT,2.7869999408721924,2.7869999408721924,2.7869999408721924,2.785599946975708,2.785599946975708,1381.0
2024-07-03 10:00:00,BIIB,226.83999633789062,226.83999633789062,227.2899932861328,226.83999633789062,227.2899932861328,1059.0
2024-07-03 10:00:00,BJDX,0.6251999735832214,0.6251999735832214,0.6252999901771545,0.6251999735832214,0.6252999901771545,2600.0
2024-07-03 10:00:00,BLFS,20.049999237060547,20.049999237060547,20.094999313354492,20.049999237060547,20.094999313354492,718.0
2024-07-03 10:00:00,BLUE,0.9196000099182129,0.9196000099182129,0.9200999736785889,0.9196000099182129,0.9200999736785889,9678.0
2024-07-03 10:00:00,BMEA,4.440000057220459,4.440000057220459,4.440000057220459,4.420000076293945,4.420000076293945,1918.0
2024-07-03 10:00:00,BMRA,0.45010000467300415,0.45010000467300415,0.45010000467300415,0.45010000467300415,0.45010000467300415,794.0
2024-07-03 10:00:00,BMRN,81.80000305175781,81.80000305175781,81.83000183105469,81.62000274658203,81.62000274658203,2127.0
2024-07-03 10:00:00,BNGO,0.5601000189781189,0.5601000189781189,0.5601000189781189,0.5601000189781189,0.5601000189781189,27345.0
2024-07-03 10:00:00,BNTX,81.36000061035156,81.36000061035156,81.4000015258789,81.08000183105469,81.08000183105469,5168.0
2024-07-03 10:00:00,BOLT,0.7371000051498413,0.7371000051498413,0.7371000051498413,0.7371000051498413,0.7371000051498413,400.0
2024-07-03 10:00:00,BPMC,110.83000183105469,110.83000183105469,110.83000183105469,110.83000183105469,110.83000183105469,914.0
2024-07-03 10:00:00,BPTH,1.8287999629974365,1.8287999629974365,1.8287999629974365,1.8287999629974365,1.8287999629974365,200.0
2024-07-03 10:00:00,BRKR,62.165000915527344,62.165000915527344,62.20000076293945,62.04999923706055,62.04999923706055,15665.0
2024-07-03 10:00:00,BTAI,1.059999942779541,1.059999942779541,1.065000057220459,1.059999942779541,1.059999942779541,7598.0
2024-07-03 10:00:00,CABA,7.489999771118164,7.489999771118164,7.489999771118164,7.46999979019165,7.489999771118164,2850.0
2024-07-03 10:00:00,CADL,6.210000038146973,6.210000038146973,6.239999771118164,6.210000038146973,6.212800025939941,823.0
2024-07-03 10:00:00,CAPR,4.699999809265137,4.699999809265137,4.699999809265137,4.690000057220459,4.690000057220459,3683.0
2024-07-03 10:00:00,CCCC,4.619999885559082,4.619999885559082,4.670000076293945,4.590000152587891,4.644999980926514,5635.0
2024-07-03 10:00:00,CDMO,7.53000020980835,7.53000020980835,7.578100204467773,7.447299957275391,7.447299957275391,19691.0
2024-07-03 10:00:00,CDNA,15.241399765014648,15.241399765014648,15.241399765014648,15.229999542236328,15.239999771118164,756.0
2024-07-03 10:00:00,CDXS,2.9800000190734863,2.9800000190734863,2.9800000190734863,2.9700000286102295,2.9700000286102295,1252.0
2024-07-03 10:00:00,CELU,3.0250000953674316,3.0250000953674316,3.0250000953674316,3.0250000953674316,3.0250000953674316,200.0
2024-07-03 10:00:00,CERE,41.275001525878906,41.275001525878906,41.279998779296875,41.26499938964844,41.26499938964844,2510.0
2024-07-03 10:00:00,CERS,1.7200000286102295,1.7200000286102295,1.7200000286102295,1.7200000286102295,1.7200000286102295,1044.0
2024-07-03 10:00:00,CERT,13.729999542236328,13.729999542236328,13.760000228881836,13.729999542236328,13.760000228881836,2077.0
2024-07-03 10:00:00,CGC,6.638899803161621,6.638899803161621,6.650000095367432,6.619999885559082,6.644999980926514,34421.0
2024-07-03 10:00:00,CGEM,16.309999465942383,16.309999465942383,16.309999465942383,16.299999237060547,16.299999237060547,1100.0
2024-07-03 10:00:00,CGEN,1.690000057220459,1.690000057220459,1.690000057220459,1.690000057220459,1.690000057220459,805.0
2024-07-03 10:00:00,CGTX,1.8250000476837158,1.8250000476837158,1.8257999420166016,1.809999942779541,1.8250000476837158,809.0
2024-07-03 10:00:00,CHRS,1.3650000095367432,1.3650000095367432,1.3691999912261963,1.3650000095367432,1.3650000095367432,5545.0
2024-07-03 10:00:00,CKPT,2.240000009536743,2.240000009536743,2.259999990463257,2.180000066757202,2.259999990463257,11010.0
2024-07-03 10:00:00,CLDX,36.2400016784668,36.2400016784668,36.2599983215332,36.2400016784668,36.2599983215332,674.0
2024-07-03 10:00:00,CLOV,1.2450000047683716,1.2450000047683716,1.25,1.2450000047683716,1.2450000047683716,1299.0
2024-07-03 10:00:00,CMPS,6.150000095367432,6.150000095367432,6.150000095367432,6.139999866485596,6.139999866485596,1328.0
2024-07-03 10:00:00,CMPX,0.869700014591217,0.869700014591217,0.869700014591217,0.8648999929428101,0.8648999929428101,759.0
2024-07-03 10:00:00,CNSP,2.369999885559082,2.369999885559082,2.7799999713897705,2.2899999618530273,2.7200000286102295,1284033.0
2024-07-03 10:00:00,COGT,8.295000076293945,8.295000076293945,8.295000076293945,8.295000076293945,8.295000076293945,804.0
2024-07-03 10:00:00,COLL,32.1349983215332,32.1349983215332,32.1349983215332,32.1349983215332,32.1349983215332,124.0
2024-07-03 10:00:00,CORT,31.44499969482422,31.44499969482422,31.44499969482422,31.44499969482422,31.44499969482422,297.0
2024-07-03 10:00:00,COSM,0.949999988079071,0.949999988079071,0.9629999995231628,0.949999988079071,0.9629999995231628,36610.0
2024-07-03 10:00:00,CPRX,15.84000015258789,15.84000015258789,15.899999618530273,15.84000015258789,15.869999885559082,1374.0
2024-07-03 10:00:00,CRBU,1.5750000476837158,1.5750000476837158,1.5750000476837158,1.5700000524520874,1.5750000476837158,2230.0
2024-07-03 10:00:00,CRDL,1.9299999475479126,1.9299999475479126,1.9299999475479126,1.9299999475479126,1.9299999475479126,500.0
2024-07-03 10:00:00,CRMD,4.139999866485596,4.139999866485596,4.150000095367432,4.139999866485596,4.139999866485596,1133.0
2024-07-03 10:00:00,CRNX,44.70000076293945,44.70000076293945,44.70000076293945,44.529998779296875,44.70000076293945,3970.0
2024-07-03 10:00:00,CRON,2.3299999237060547,2.3299999237060547,2.3299999237060547,2.325000047683716,2.3299999237060547,11069.0
2024-07-03 10:00:00,CRSP,53.81999969482422,53.81999969482422,53.81999969482422,53.619998931884766,53.619998931884766,2590.0
2024-07-03 10:00:00,CSTL,21.2549991607666,21.2549991607666,21.2549991607666,21.135000228881836,21.209999084472656,737.0
2024-07-03 10:00:00,CTKB,5.710000038146973,5.710000038146973,5.710000038146973,5.710000038146973,5.710000038146973,678.0
2024-07-03 10:00:00,CTMX,1.3250000476837158,1.3250000476837158,1.3250000476837158,1.3250000476837158,1.3250000476837158,370.0
2024-07-03 10:00:00,CUE,1.0099999904632568,1.0099999904632568,1.0099999904632568,1.0099999904632568,1.0099999904632568,300.0
2024-07-03 10:00:00,CUTR,1.3600000143051147,1.3600000143051147,1.3695000410079956,1.3600000143051147,1.3650000095367432,265.0
2024-07-03 10:00:00,CVAC,3.4000000953674316,3.4000000953674316,3.408799886703491,3.359999895095825,3.4049999713897705,32244.0
2024-07-03 10:00:00,CVRX,11.59000015258789,11.59000015258789,11.59000015258789,11.59000015258789,11.59000015258789,465.0
2024-07-03 10:00:00,CYTK,54.814998626708984,54.814998626708984,54.9900016784668,54.75,54.75,4312.0
2024-07-03 10:00:00,DAWN,13.279999732971191,13.279999732971191,13.289999961853027,13.279999732971191,13.289999961853027,2713.0
2024-07-03 10:00:00,DCGO,2.9310998916625977,2.9310998916625977,2.9310998916625977,2.9200000762939453,2.9200000762939453,5634.0
2024-07-03 10:00:00,DCTH,7.929999828338623,7.929999828338623,7.940000057220459,7.929999828338623,7.929999828338623,6210.0
2024-07-03 10:00:00,DH,5.409999847412109,5.409999847412109,5.409999847412109,5.409999847412109,5.409999847412109,910.0
2024-07-03 10:00:00,DNLI,22.149999618530273,22.149999618530273,22.155000686645508,22.059999465942383,22.059999465942383,3218.0
2024-07-03 10:00:00,DRMA,2.255199909210205,2.255199909210205,2.255199909210205,2.255199909210205,2.255199909210205,1807.0
2024-07-03 10:00:00,DVAX,11.180000305175781,11.180000305175781,11.1899995803833,11.15999984741211,11.15999984741211,1145.0
2024-07-03 10:00:00,DXCM,110.37000274658203,110.37000274658203,110.66999816894531,110.23760223388672,110.6500015258789,7949.0
2024-07-03 10:00:00,DYN,34.5,34.5,34.5,34.310001373291016,34.310001373291016,2025.0
2024-07-03 10:00:00,EDIT,4.579999923706055,4.579999923706055,4.630000114440918,4.579999923706055,4.610000133514404,19662.0
2024-07-03 10:00:00,ELDN,2.450000047683716,2.450000047683716,2.450000047683716,2.450000047683716,2.450000047683716,396.0
2024-07-03 10:00:00,ELEV,2.7249999046325684,2.7249999046325684,2.7249999046325684,2.7249999046325684,2.7249999046325684,173.0
2024-07-03 10:00:00,EMBC,11.925000190734863,11.925000190734863,11.925000190734863,11.925000190734863,11.925000190734863,260.0
2024-07-03 10:00:00,ENTA,13.350000381469727,13.350000381469727,13.350000381469727,13.350000381469727,13.350000381469727,2863.0
2024-07-03 10:00:00,EOLS,10.819999694824219,10.819999694824219,10.819999694824219,10.8100004196167,10.8100004196167,924.0
2024-07-03 10:00:00,ERAS,2.2200000286102295,2.2200000286102295,2.2249999046325684,2.200000047683716,2.200000047683716,7464.0
2024-07-03 10:00:00,ESPR,2.359999895095825,2.359999895095825,2.390000104904175,2.359999895095825,2.384999990463257,32084.0
2024-07-03 10:00:00,ESTA,43.38999938964844,43.38999938964844,43.38999938964844,43.33000183105469,43.33000183105469,428.0
2024-07-03 10:00:00,ETNB,7.679999828338623,7.679999828338623,7.730000019073486,7.677499771118164,7.677499771118164,1012.0
2024-07-03 10:00:00,EWTX,18.05620002746582,18.05620002746582,18.079999923706055,18.05620002746582,18.079999923706055,1002.0
2024-07-03 10:00:00,EXAI,5.300000190734863,5.300000190734863,5.300000190734863,5.300000190734863,5.300000190734863,156.0
2024-07-03 10:00:00,EXAS,43.279998779296875,43.279998779296875,43.400001525878906,43.119998931884766,43.369998931884766,3209.0
2024-07-03 10:00:00,EXEL,22.190000534057617,22.190000534057617,22.190000534057617,22.15999984741211,22.15999984741211,564.0
2024-07-03 10:00:00,EYPT,8.175000190734863,8.175000190734863,8.175000190734863,8.140000343322754,8.140000343322754,761.0
2024-07-03 10:00:00,FATE,3.2049999237060547,3.2049999237060547,3.2100000381469727,3.180000066757202,3.180000066757202,3362.0
2024-07-03 10:00:00,FBIO,1.7200000286102295,1.7200000286102295,1.7200000286102295,1.7199000120162964,1.7199000120162964,2886.0
2024-07-03 10:00:00,FDMT,20.760000228881836,20.760000228881836,20.780000686645508,20.68000030517578,20.709999084472656,2763.0
2024-07-03 10:00:00,FGEN,0.715499997138977,0.715499997138977,0.715499997138977,0.715499997138977,0.715499997138977,1831.0
2024-07-03 10:00:00,FHTX,5.486999988555908,5.486999988555908,5.486999988555908,5.486999988555908,5.486999988555908,315.0
2024-07-03 10:00:00,FLGC,0.9300000071525574,0.9300000071525574,0.9300000071525574,0.9300000071525574,0.9300000071525574,1097.0
2024-07-03 10:00:00,FOLD,9.885000228881836,9.885000228881836,9.899999618530273,9.880000114440918,9.880000114440918,3769.0
2024-07-03 10:00:00,FULC,6.059999942779541,6.059999942779541,6.090000152587891,6.059999942779541,6.090000152587891,2427.0
2024-07-03 10:00:00,GANX,1.190000057220459,1.190000057220459,1.190000057220459,1.190000057220459,1.190000057220459,3136.0
2024-07-03 10:00:00,GDRX,7.800000190734863,7.800000190734863,7.800000190734863,7.78000020980835,7.78000020980835,690.0
2024-07-03 10:00:00,GERN,4.304999828338623,4.304999828338623,4.304999828338623,4.264999866485596,4.269999980926514,26183.0
2024-07-03 10:00:00,GH,28.59000015258789,28.59000015258789,28.760000228881836,28.59000015258789,28.670000076293945,1541.0
2024-07-03 10:00:00,GILD,67.31999969482422,67.31999969482422,67.44000244140625,67.30000305175781,67.38999938964844,12032.0
2024-07-03 10:00:00,GLUE,3.609999895095825,3.609999895095825,3.609999895095825,3.609999895095825,3.609999895095825,125.0
2024-07-03 10:00:00,GLYC,0.26660001277923584,0.26660001277923584,0.2671999931335449,0.266400009393692,0.2671999931335449,609.0
2024-07-03 10:00:00,GMAB,25.219999313354492,25.219999313354492,25.270000457763672,25.200000762939453,25.200000762939453,2000.0
2024-07-03 10:00:00,GOSS,0.9300000071525574,0.9300000071525574,0.9301000237464905,0.9300000071525574,0.9301000237464905,200.0
2024-07-03 10:00:00,GOVX,3.1510000228881836,3.1510000228881836,3.1510000228881836,3.1510000228881836,3.1510000228881836,1072.0
2024-07-03 10:00:00,GRFS,6.679999828338623,6.679999828338623,6.679999828338623,6.639999866485596,6.639999866485596,490.0
2024-07-03 10:00:00,GRTS,0.5713000297546387,0.5713000297546387,0.5713000297546387,0.5705000162124634,0.5708000063896179,3108.0
2024-07-03 10:00:00,GTHX,2.559999942779541,2.559999942779541,2.559999942779541,2.559999942779541,2.559999942779541,1300.0
2024-07-03 10:00:00,HALO,51.44499969482422,51.44499969482422,51.59000015258789,51.38999938964844,51.59000015258789,3722.0
2024-07-03 10:00:00,HCAT,6.050000190734863,6.050000190734863,6.050000190734863,6.050000190734863,6.050000190734863,2027.0
2024-07-03 10:00:00,HCM,17.299999237060547,17.299999237060547,17.299999237060547,17.299999237060547,17.299999237060547,1004.0
2024-07-03 10:00:00,HCSG,11.069999694824219,11.069999694824219,11.069999694824219,11.024999618530273,11.0600004196167,2309.0
2024-07-03 10:00:00,HITI,2.130000114440918,2.130000114440918,2.134999990463257,2.130000114440918,2.134999990463257,1092.0
2024-07-03 10:00:00,HLVX,14.069999694824219,14.069999694824219,14.069999694824219,13.984999656677246,13.984999656677246,327.0
2024-07-03 10:00:00,HOLX,73.19999694824219,73.19999694824219,73.20500183105469,73.15499877929688,73.19000244140625,7247.0
2024-07-03 10:00:00,HQY,84.1500015258789,84.1500015258789,84.1500015258789,84.01000213623047,84.01000213623047,699.0
2024-07-03 10:00:00,HRMY,30.200000762939453,30.200000762939453,30.309999465942383,30.200000762939453,30.309999465942383,776.0
2024-07-03 10:00:00,HROW,21.579999923706055,21.579999923706055,21.65999984741211,21.579999923706055,21.6299991607666,3288.0
2024-07-03 10:00:00,HRTX,2.8399999141693115,2.8399999141693115,2.8399999141693115,2.819999933242798,2.819999933242798,8220.0
2024-07-03 10:00:00,HSIC,65.30500030517578,65.30500030517578,65.30500030517578,65.30500030517578,65.30500030517578,1211.0
2024-07-03 10:00:00,HUGE,0.15199999511241913,0.15199999511241913,0.15209999680519104,0.15199999511241913,0.15209999680519104,18400.0
2024-07-03 10:00:00,HUMA,5.599999904632568,5.599999904632568,5.599999904632568,5.510000228881836,5.510000228881836,59788.0
2024-07-03 10:00:00,HYPR,0.9298999905586243,0.9298999905586243,0.9300000071525574,0.9298999905586243,0.9300000071525574,25482.0
2024-07-03 10:00:00,IART,28.96500015258789,28.96500015258789,28.969999313354492,28.959999084472656,28.959999084472656,1059.0
2024-07-03 10:00:00,IBRX,6.260000228881836,6.260000228881836,6.260000228881836,6.239999771118164,6.239999771118164,4985.0
2024-07-03 10:00:00,ICAD,1.2100000381469727,1.2100000381469727,1.2100000381469727,1.2100000381469727,1.2100000381469727,12676.0
2024-07-03 10:00:00,ICLR,318.5899963378906,318.5899963378906,319.1099853515625,318.1300048828125,318.6600036621094,1782.0
2024-07-03 10:00:00,IDXX,475.32501220703125,475.32501220703125,475.5400085449219,474.6499938964844,474.69000244140625,3907.0
2024-07-03 10:00:00,IDYA,33.34000015258789,33.34000015258789,33.34000015258789,33.27000045776367,33.27000045776367,1215.0
2024-07-03 10:00:00,ILMN,106.05999755859375,106.05999755859375,106.2750015258789,105.90499877929688,106.11000061035156,9823.0
2024-07-03 10:00:00,IMCR,34.91999816894531,34.91999816894531,34.93000030517578,34.810001373291016,34.810001373291016,953.0
2024-07-03 10:00:00,IMMX,2.2200000286102295,2.2200000286102295,2.2300000190734863,2.2109999656677246,2.2300000190734863,8477.0
2024-07-03 10:00:00,IMNM,11.895000457763672,11.895000457763672,11.895000457763672,11.819999694824219,11.819999694824219,2298.0
2024-07-03 10:00:00,IMVT,26.700000762939453,26.700000762939453,26.774999618530273,26.6200008392334,26.6200008392334,1478.0
2024-07-03 10:00:00,INAB,0.8036999702453613,0.8036999702453613,0.8036999702453613,0.8036999702453613,0.8036999702453613,0.0
2024-07-03 10:00:00,INBX,13.380000114440918,13.380000114440918,13.380000114440918,13.292499542236328,13.292499542236328,635.0
2024-07-03 10:00:00,INCY,58.599998474121094,58.599998474121094,58.625,58.56999969482422,58.61000061035156,5369.0
2024-07-03 10:00:00,INM,0.25600001215934753,0.25600001215934753,0.25600001215934753,0.25600001215934753,0.25600001215934753,0.0
2024-07-03 10:00:00,INMD,17.770000457763672,17.770000457763672,17.809999465942383,17.770000457763672,17.78499984741211,17509.0
2024-07-03 10:00:00,INO,8.390000343322754,8.390000343322754,8.390000343322754,8.390000343322754,8.390000343322754,123.0
2024-07-03 10:00:00,INSM,63.95000076293945,63.95000076293945,64.04000091552734,63.849998474121094,63.95000076293945,29173.0
2024-07-03 10:00:00,INVA,16.459999084472656,16.459999084472656,16.459999084472656,16.440000534057617,16.440000534057617,782.0
2024-07-03 10:00:00,IONM,0.33000001311302185,0.33000001311302185,0.33000001311302185,0.33000001311302185,0.33000001311302185,2006.0
2024-07-03 10:00:00,IONS,44.95000076293945,44.95000076293945,45.02000045776367,44.95000076293945,45.02000045776367,1005.0
2024-07-03 10:00:00,IOVA,7.735000133514404,7.735000133514404,7.789999961853027,7.71999979019165,7.730000019073486,12767.0
2024-07-03 10:00:00,IPA,1.0399999618530273,1.0399999618530273,1.0399999618530273,1.0399999618530273,1.0399999618530273,106.0
2024-07-03 10:00:00,IPSC,2.319999933242798,2.319999933242798,2.319999933242798,2.319999933242798,2.319999933242798,200.0
2024-07-03 10:00:00,IRTC,97.84249877929688,97.84249877929688,97.84249877929688,97.84249877929688,97.84249877929688,116.0
2024-07-03 10:00:00,IRWD,6.179999828338623,6.179999828338623,6.179999828338623,6.150000095367432,6.150000095367432,3789.0
2024-07-03 10:00:00,ISRG,435.0372009277344,435.0372009277344,435.29998779296875,434.2799987792969,435.2900085449219,3825.0
2024-07-03 10:00:00,ITCI,68.00499725341797,68.00499725341797,68.08000183105469,68.0,68.05000305175781,1909.0
2024-07-03 10:00:00,ITOS,14.770000457763672,14.770000457763672,14.779999732971191,14.760000228881836,14.760000228881836,1313.0
2024-07-03 10:00:00,IVVD,1.1100000143051147,1.1100000143051147,1.1150000095367432,1.1100000143051147,1.1150000095367432,528.0
2024-07-03 10:00:00,IXHL,2.9149999618530273,2.9149999618530273,2.9149999618530273,2.9149999618530273,2.9149999618530273,544.0
2024-07-03 10:00:00,JSPR,23.450000762939453,23.450000762939453,23.610000610351562,23.450000762939453,23.604999542236328,927.0
2024-07-03 10:00:00,KALV,11.505000114440918,11.505000114440918,11.550000190734863,11.470000267028809,11.520000457763672,3584.0
2024-07-03 10:00:00,KIDS,29.670000076293945,29.670000076293945,29.670000076293945,29.670000076293945,29.670000076293945,145.0
2024-07-03 10:00:00,KMDA,5.150000095367432,5.150000095367432,5.150000095367432,5.150000095367432,5.150000095367432,866.0
2024-07-03 10:00:00,KPTI,0.8299999833106995,0.8299999833106995,0.8299999833106995,0.8274999856948853,0.8274999856948853,1098.0
2024-07-03 10:00:00,KROS,42.42499923706055,42.42499923706055,42.42499923706055,42.34000015258789,42.34000015258789,243.0
2024-07-03 10:00:00,KRYS,178.57000732421875,178.57000732421875,178.57000732421875,178.52999877929688,178.52999877929688,366.0
2024-07-03 10:00:00,KTRA,0.2619999945163727,0.2619999945163727,0.2619999945163727,0.2599000036716461,0.2599000036716461,1042.0
2024-07-03 10:00:00,KURA,20.450000762939453,20.450000762939453,20.450000762939453,20.440000534057617,20.440000534057617,990.0
2024-07-03 10:00:00,KYMR,30.5,30.5,30.59000015258789,30.479999542236328,30.579999923706055,5023.0
2024-07-03 10:00:00,LEGN,44.42499923706055,44.42499923706055,44.459999084472656,44.189998626708984,44.25,3914.0
2024-07-03 10:00:00,LFMD,6.71999979019165,6.71999979019165,6.71999979019165,6.699999809265137,6.699999809265137,1841.0
2024-07-03 10:00:00,LFST,5.105000019073486,5.105000019073486,5.119999885559082,5.090000152587891,5.090000152587891,3693.0
2024-07-03 10:00:00,LGVN,1.649999976158142,1.649999976158142,1.652500033378601,1.649999976158142,1.652500033378601,1968.0
2024-07-03 10:00:00,LIVN,52.75,52.75,52.75,52.75,52.75,313.0
2024-07-03 10:00:00,LNTH,78.76000213623047,78.76000213623047,78.76000213623047,78.75,78.75,974.0
2024-07-03 10:00:00,LQDA,11.930000305175781,11.930000305175781,11.979999542236328,11.90999984741211,11.90999984741211,2213.0
2024-07-03 10:00:00,LRMR,7.510000228881836,7.510000228881836,7.659999847412109,7.510000228881836,7.610000133514404,1055.0
2024-07-03 10:00:00,LXRX,1.6089999675750732,1.6089999675750732,1.6089999675750732,1.5950000286102295,1.5950000286102295,12355.0
2024-07-03 10:00:00,LYEL,1.4494999647140503,1.4494999647140503,1.4494999647140503,1.440000057220459,1.440000057220459,3234.0
2024-07-03 10:00:00,LYRA,0.2809999883174896,0.2809999883174896,0.2809999883174896,0.2809999883174896,0.2809999883174896,23190.0
2024-07-03 10:00:00,MASI,114.02999877929688,114.02999877929688,114.02999877929688,114.02999877929688,114.02999877929688,3251.0
2024-07-03 10:00:00,MBIO,0.5360000133514404,0.5360000133514404,0.5360000133514404,0.5360000133514404,0.5360000133514404,3049.0
2024-07-03 10:00:00,MBOT,1.090000033378601,1.090000033378601,1.1100000143051147,1.090000033378601,1.1009999513626099,12127.0
2024-07-03 10:00:00,MCRB,0.703499972820282,0.703499972820282,0.703499972820282,0.703499972820282,0.703499972820282,731.0
2024-07-03 10:00:00,MDXG,6.789999961853027,6.789999961853027,6.789999961853027,6.75,6.75,4336.0
2024-07-03 10:00:00,ME,0.39739999175071716,0.39739999175071716,0.3991999924182892,0.39739999175071716,0.3991999924182892,2963.0
2024-07-03 10:00:00,MEDP,403.0050048828125,403.0050048828125,403.0050048828125,403.0050048828125,403.0050048828125,1514.0
2024-07-03 10:00:00,MGNX,4.235000133514404,4.235000133514404,4.239999771118164,4.220099925994873,4.230000019073486,1914.0
2024-07-03 10:00:00,MGTX,3.9514999389648438,3.9514999389648438,4.0,3.9514999389648438,3.9800000190734863,1110.0
2024-07-03 10:00:00,MLTX,40.15999984741211,40.15999984741211,40.345001220703125,40.15999984741211,40.22999954223633,925.0
2024-07-03 10:00:00,MMSI,85.80999755859375,85.80999755859375,85.80999755859375,85.80999755859375,85.80999755859375,386.0
2024-07-03 10:00:00,MNKD,5.099999904632568,5.099999904632568,5.099999904632568,5.059999942779541,5.059999942779541,4662.0
2024-07-03 10:00:00,MNMD,7.086999893188477,7.086999893188477,7.110000133514404,7.086999893188477,7.110000133514404,1783.0
2024-07-03 10:00:00,MORF,31.44499969482422,31.44499969482422,31.524999618530273,31.44499969482422,31.524999618530273,533.0
2024-07-03 10:00:00,MOVE,0.3138999938964844,0.3138999938964844,0.3138999938964844,0.3138999938964844,0.3138999938964844,2560.0
2024-07-03 10:00:00,MREO,3.4600000381469727,3.4600000381469727,3.4700000286102295,3.4600000381469727,3.4700000286102295,1189.0
2024-07-03 10:00:00,MRNA,118.98999786376953,118.98999786376953,119.38999938964844,118.80999755859375,119.16999816894531,22055.0
2024-07-03 10:00:00,MRNS,1.2000000476837158,1.2000000476837158,1.2000000476837158,1.2000000476837158,1.2000000476837158,200.0
2024-07-03 10:00:00,MRSN,1.8693000078201294,1.8693000078201294,1.8693000078201294,1.8693000078201294,1.8693000078201294,400.0
2024-07-03 10:00:00,MRVI,6.824999809265137,6.824999809265137,6.824999809265137,6.809999942779541,6.809999942779541,762.0
2024-07-03 10:00:00,MXCT,3.7100000381469727,3.7100000381469727,3.7100000381469727,3.7100000381469727,3.7100000381469727,2428.0
2024-07-03 10:00:00,MYGN,25.309999465942383,25.309999465942383,25.315000534057617,25.25,25.260000228881836,901.0
2024-07-03 10:00:00,NARI,49.584999084472656,49.584999084472656,49.65999984741211,49.52000045776367,49.619998931884766,4315.0
2024-07-03 10:00:00,NDRA,0.08560000360012054,0.08560000360012054,0.08560000360012054,0.08449999988079071,0.08449999988079071,0.0
2024-07-03 10:00:00,NEO,13.760000228881836,13.760000228881836,13.760000228881836,13.744999885559082,13.75,2293.0
2024-07-03 10:00:00,NEOG,15.085000038146973,15.085000038146973,15.085000038146973,15.0600004196167,15.0600004196167,1385.0
2024-07-03 10:00:00,NKTR,1.1950000524520874,1.1950000524520874,1.2000000476837158,1.1699999570846558,1.2000000476837158,49056.0
2024-07-03 10:00:00,NKTX,5.230000019073486,5.230000019073486,5.230000019073486,5.230000019073486,5.230000019073486,1375.0
2024-07-03 10:00:00,NLSP,0.2069000005722046,0.2069000005722046,0.2069000005722046,0.2069000005722046,0.2069000005722046,2324.0
2024-07-03 10:00:00,NNOX,7.039400100708008,7.039400100708008,7.050000190734863,7.026000022888184,7.039999961853027,4219.0
2024-07-03 10:00:00,NOTV,1.659999966621399,1.659999966621399,1.659999966621399,1.659999966621399,1.659999966621399,0.0
2024-07-03 10:00:00,NRBO,4.800000190734863,4.800000190734863,4.800000190734863,4.76039981842041,4.76039981842041,305.0
2024-07-03 10:00:00,NRC,22.899999618530273,22.899999618530273,22.899999618530273,22.8700008392334,22.8700008392334,1194.0
2024-07-03 10:00:00,NRIX,19.079999923706055,19.079999923706055,19.079999923706055,19.030000686645508,19.040000915527344,2087.0
2024-07-03 10:00:00,NRSN,1.2537000179290771,1.2537000179290771,1.2541999816894531,1.25,1.25,4839.0
2024-07-03 10:00:00,NTLA,22.350000381469727,22.350000381469727,22.389999389648438,22.34000015258789,22.34000015258789,2290.0
2024-07-03 10:00:00,NTRA,112.76000213623047,112.76000213623047,113.18000030517578,112.6500015258789,112.97000122070312,5392.0
2024-07-03 10:00:00,NUVL,72.0,72.0,72.0,71.88999938964844,71.88999938964844,1851.0
2024-07-03 10:00:00,NVAX,13.079999923706055,13.079999923706055,13.109999656677246,13.029999732971191,13.029999732971191,16967.0
2024-07-03 10:00:00,NVCR,17.139999389648438,17.139999389648438,17.149999618530273,17.1299991607666,17.1299991607666,8199.0
2024-07-03 10:00:00,NVCT,6.304999828338623,6.304999828338623,6.329999923706055,6.304999828338623,6.329999923706055,443.0
2024-07-03 10:00:00,NXL,1.4908000230789185,1.4908000230789185,1.4908000230789185,1.4908000230789185,1.4908000230789185,789.0
2024-07-03 10:00:00,OCGN,1.649999976158142,1.649999976158142,1.649999976158142,1.6399999856948853,1.6399999856948853,9927.0
2024-07-03 10:00:00,OCUL,6.855000019073486,6.855000019073486,6.855000019073486,6.78000020980835,6.800000190734863,6072.0
2024-07-03 10:00:00,OCUP,1.5700000524520874,1.5700000524520874,1.5700000524520874,1.5700000524520874,1.5700000524520874,602.0
2024-07-03 10:00:00,OLK,25.799999237060547,25.799999237060547,25.799999237060547,25.799999237060547,25.799999237060547,1256.0
2024-07-03 10:00:00,OLMA,10.46049976348877,10.46049976348877,10.5,10.46049976348877,10.5,1709.0
2024-07-03 10:00:00,OM,3.7200000286102295,3.7200000286102295,3.7200000286102295,3.7049999237060547,3.7049999237060547,1814.0
2024-07-03 10:00:00,OMGA,2.059999942779541,2.059999942779541,2.059999942779541,2.0399999618530273,2.0399999618530273,6985.0
2024-07-03 10:01:00,AADI,1.340000033378601,1.340000033378601,1.340000033378601,1.340000033378601,1.340000033378601,486.0
2024-07-03 10:01:00,ABCL,2.7699999809265137,2.7699999809265137,2.7795000076293945,2.7699999809265137,2.7795000076293945,4978.0
2024-07-03 10:01:00,ABSI,3.200000047683716,3.200000047683716,3.2300000190734863,3.200000047683716,3.2300000190734863,14528.0
2024-07-03 10:01:00,ABUS,3.1700000762939453,3.1700000762939453,3.1700000762939453,3.1649999618530273,3.1649999618530273,3983.0
2024-07-03 10:01:00,ACAD,15.765000343322754,15.765000343322754,15.765000343322754,15.765000343322754,15.765000343322754,237.0
2024-07-03 10:01:00,ACB,4.800000190734863,4.800000190734863,4.809899806976318,4.799900054931641,4.799900054931641,4043.0
2024-07-03 10:01:00,ACCD,3.555000066757202,3.555000066757202,3.5950000286102295,3.555000066757202,3.5950000286102295,17190.0
2024-07-03 10:01:00,ACHC,65.80999755859375,65.80999755859375,65.83000183105469,65.80999755859375,65.83000183105469,571.0
2024-07-03 10:01:00,ACHV,4.53000020980835,4.53000020980835,4.53000020980835,4.53000020980835,4.53000020980835,443.0
2024-07-03 10:01:00,ACLX,54.0099983215332,54.0099983215332,54.02000045776367,54.0099983215332,54.02000045776367,1111.0
2024-07-03 10:01:00,ADAP,1.0199999809265137,1.0199999809265137,1.0219999551773071,1.0199999809265137,1.0219999551773071,667.0
2024-07-03 10:01:00,ADMA,11.28499984741211,11.28499984741211,11.300000190734863,11.279999732971191,11.300000190734863,2584.0
2024-07-03 10:01:00,ADPT,3.3299999237060547,3.3299999237060547,3.3299999237060547,3.3299999237060547,3.3299999237060547,3313.0
2024-07-03 10:01:00,ADUS,117.29000091552734,117.29000091552734,117.29000091552734,117.29000091552734,117.29000091552734,546.0
2024-07-03 10:01:00,ADVM,7.071899890899658,7.071899890899658,7.071899890899658,7.071899890899658,7.071899890899658,144.0
2024-07-03 10:01:00,AEMD,0.42250001430511475,0.42250001430511475,0.42250001430511475,0.42250001430511475,0.42250001430511475,1725.0
2024-07-03 10:01:00,AFMD,5.079999923706055,5.079999923706055,5.15500020980835,5.079999923706055,5.15500020980835,5130.0
2024-07-03 10:01:00,AGEN,14.505000114440918,14.505000114440918,14.505000114440918,14.505000114440918,14.505000114440918,467.0
2024-07-03 10:01:00,AGIO,42.470001220703125,42.470001220703125,42.470001220703125,42.470001220703125,42.470001220703125,567.0
2024-07-03 10:01:00,AHCO,9.699999809265137,9.699999809265137,9.699999809265137,9.694999694824219,9.694999694824219,625.0
2024-07-03 10:01:00,AIMD,0.8198999762535095,0.8198999762535095,0.8201000094413757,0.8198999762535095,0.8201000094413757,1897.0
2024-07-03 10:01:00,AKBA,0.9399999976158142,0.9399999976158142,0.9453999996185303,0.9399999976158142,0.9453999996185303,866.0
2024-07-03 10:01:00,AKRO,22.020000457763672,22.020000457763672,22.020000457763672,21.954999923706055,21.954999923706055,1411.0
2024-07-03 10:01:00,ALGN,238.11000061035156,238.11000061035156,238.8300018310547,238.11000061035156,238.8300018310547,923.0
2024-07-03 10:01:00,ALHC,8.055000305175781,8.055000305175781,8.0600004196167,8.039999961853027,8.039999961853027,2362.0
2024-07-03 10:01:00,ALIM,5.53000020980835,5.53000020980835,5.53000020980835,5.53000020980835,5.53000020980835,1346.0
2024-07-03 10:01:00,ALKS,24.299999237060547,24.299999237060547,24.299999237060547,24.299999237060547,24.299999237060547,3243.0
2024-07-03 10:01:00,ALLK,0.8349999785423279,0.8349999785423279,0.8349999785423279,0.8349999785423279,0.8349999785423279,141.0
2024-07-03 10:01:00,ALLO,2.130000114440918,2.130000114440918,2.134999990463257,2.125,2.125,5384.0
2024-07-03 10:01:00,ALLR,0.20600000023841858,0.20600000023841858,0.2062000036239624,0.20600000023841858,0.20600000023841858,11601.0
2024-07-03 10:01:00,ALNY,247.49000549316406,247.49000549316406,247.56500244140625,246.89999389648438,246.89999389648438,1697.0
2024-07-03 10:01:00,ALT,6.755000114440918,6.755000114440918,6.795000076293945,6.744999885559082,6.795000076293945,11426.0
2024-07-03 10:01:00,ALVR,0.738099992275238,0.738099992275238,0.738099992275238,0.738099992275238,0.738099992275238,202.0
2024-07-03 10:01:00,AMED,96.5999984741211,96.5999984741211,96.60900115966797,96.51000213623047,96.51000213623047,667.0
2024-07-03 10:01:00,AMGN,312.0299987792969,312.0299987792969,312.29998779296875,311.95001220703125,312.29998779296875,3426.0
2024-07-03 10:01:00,AMLX,1.7400000095367432,1.7400000095367432,1.7450000047683716,1.7400000095367432,1.7450000047683716,1532.0
2024-07-03 10:01:00,AMPH,37.98500061035156,37.98500061035156,38.130001068115234,37.98500061035156,38.0,2776.0
2024-07-03 10:01:00,AMRN,0.7008000016212463,0.7008000016212463,0.7008000016212463,0.7008000016212463,0.7008000016212463,0.0
2024-07-03 10:01:00,ANAB,25.0,25.0,25.030000686645508,25.0,25.020000457763672,2342.0
2024-07-03 10:01:00,ANGO,5.684999942779541,5.684999942779541,5.690000057220459,5.684999942779541,5.690000057220459,1300.0
2024-07-03 10:01:00,ANNX,4.699999809265137,4.699999809265137,4.699999809265137,4.699999809265137,4.699999809265137,1602.0
2024-07-03 10:01:00,ANTX,2.619999885559082,2.619999885559082,2.6298999786376953,2.559999942779541,2.61929988861084,13889.0
2024-07-03 10:01:00,APDN,0.46000000834465027,0.46000000834465027,0.46000000834465027,0.46000000834465027,0.46000000834465027,440.0
2024-07-03 10:01:00,APLS,36.220001220703125,36.220001220703125,36.220001220703125,36.220001220703125,36.220001220703125,1172.0
2024-07-03 10:01:00,APLT,4.429699897766113,4.429699897766113,4.429699897766113,4.414999961853027,4.414999961853027,1219.0
2024-07-03 10:01:00,APVO,0.30469998717308044,0.30469998717308044,0.30469998717308044,0.30469998717308044,0.30469998717308044,400.0
2024-07-03 10:01:00,AQST,2.380000114440918,2.380000114440918,2.380000114440918,2.380000114440918,2.380000114440918,233.0
2024-07-03 10:01:00,ARAY,1.774999976158142,1.774999976158142,1.774999976158142,1.7649999856948853,1.7699999809265137,951.0
2024-07-03 10:01:00,ARCT,21.420000076293945,21.420000076293945,21.530000686645508,21.420000076293945,21.530000686645508,989.0
2024-07-03 10:01:00,ARDX,5.184999942779541,5.184999942779541,5.199999809265137,5.160099983215332,5.164999961853027,39461.0
2024-07-03 10:01:00,ARQT,9.4399995803833,9.4399995803833,9.503299713134766,9.4350004196167,9.444999694824219,14968.0
2024-07-03 10:01:00,ARVN,24.989999771118164,24.989999771118164,24.989999771118164,24.929500579833984,24.979999542236328,373.0
2024-07-03 10:01:00,ARWR,25.309999465942383,25.309999465942383,25.309999465942383,25.309999465942383,25.309999465942383,523.0
2024-07-03 10:01:00,ASRT,1.2899999618530273,1.2899999618530273,1.309999942779541,1.2899999618530273,1.309999942779541,7505.0
2024-07-03 10:01:00,ATAI,1.3049999475479126,1.3049999475479126,1.3049999475479126,1.2999999523162842,1.3049999475479126,2579.0
2024-07-03 10:01:00,ATEC,9.944999694824219,9.944999694824219,9.949999809265137,9.944999694824219,9.944999694824219,2582.0
2024-07-03 10:01:00,ATOS,1.1449999809265137,1.1449999809265137,1.1449999809265137,1.1449999809265137,1.1449999809265137,2449.0
2024-07-03 10:01:00,ATRC,22.1299991607666,22.1299991607666,22.1299991607666,22.1299991607666,22.1299991607666,112.0
2024-07-03 10:01:00,AUGX,0.9800999760627747,0.9800999760627747,0.9800999760627747,0.9800999760627747,0.9800999760627747,101.0
2024-07-03 10:01:00,AUPH,5.480000019073486,5.480000019073486,5.480000019073486,5.480000019073486,5.480000019073486,265.0
2024-07-03 10:01:00,AUTL,3.4149999618530273,3.4149999618530273,3.4200000762939453,3.4149999618530273,3.4200000762939453,3109.0
2024-07-03 10:01:00,AVDL,14.170000076293945,14.170000076293945,14.170000076293945,14.15999984741211,14.15999984741211,985.0
2024-07-03 10:01:00,AVTE,1.590000033378601,1.590000033378601,1.590000033378601,1.5700000524520874,1.5700000524520874,2909.0
2024-07-03 10:01:00,AVXL,4.199999809265137,4.199999809265137,4.199999809265137,4.199999809265137,4.199999809265137,235.0
2024-07-03 10:01:00,AXNX,67.37999725341797,67.37999725341797,67.37999725341797,67.37999725341797,67.37999725341797,144.0
2024-07-03 10:01:00,AZN,76.80000305175781,76.80000305175781,76.86000061035156,76.80000305175781,76.83000183105469,15060.0
2024-07-03 10:01:00,AZTA,52.459999084472656,52.459999084472656,52.459999084472656,52.38999938964844,52.38999938964844,960.0
2024-07-03 10:01:00,BCAB,1.2949999570846558,1.2949999570846558,1.2949999570846558,1.2899999618530273,1.2899999618530273,6708.0
2024-07-03 10:01:00,BCRX,6.659999847412109,6.659999847412109,6.664999961853027,6.650000095367432,6.6508002281188965,11851.0
2024-07-03 10:01:00,BCYC,19.6299991607666,19.6299991607666,19.639999389648438,19.6299991607666,19.639999389648438,890.0
2024-07-03 10:01:00,BDTX,4.195000171661377,4.195000171661377,4.195000171661377,4.195000171661377,4.195000171661377,858.0
2024-07-03 10:01:00,BEAM,23.30500030517578,23.30500030517578,23.31999969482422,23.280000686645508,23.309999465942383,1260.0
2024-07-03 10:01:00,BEAT,2.759999990463257,2.759999990463257,2.7850000858306885,2.759999990463257,2.7850000858306885,885.0
2024-07-03 10:01:00,BGXX,0.2734000086784363,0.2734000086784363,0.2734000086784363,0.2732999920845032,0.2732999920845032,10384.0
2024-07-03 10:01:00,BIIB,226.61000061035156,226.61000061035156,226.84500122070312,226.61000061035156,226.84500122070312,657.0
2024-07-03 10:01:00,BIVI,0.4081000089645386,0.4081000089645386,0.4081000089645386,0.4081000089645386,0.4081000089645386,0.0
2024-07-03 10:01:00,BJDX,0.6363000273704529,0.6363000273704529,0.6363000273704529,0.6236000061035156,0.6236000061035156,398.0
2024-07-03 10:01:00,BLRX,0.5449000000953674,0.5449000000953674,0.5449000000953674,0.5307999849319458,0.5336999893188477,46378.0
2024-07-03 10:01:00,BLUE,0.9196000099182129,0.9196000099182129,0.9200999736785889,0.9185000061988831,0.9200999736785889,33787.0
2024-07-03 10:01:00,BMEA,4.454400062561035,4.454400062561035,4.454400062561035,4.449999809265137,4.449999809265137,501.0
2024-07-03 10:01:00,BMRA,0.4505000114440918,0.4505000114440918,0.4505000114440918,0.45019999146461487,0.45019999146461487,100.0
2024-07-03 10:01:00,BMRN,81.95999908447266,81.95999908447266,82.00499725341797,81.91999816894531,82.00499725341797,1784.0
2024-07-03 10:01:00,BNGO,0.5601999759674072,0.5601999759674072,0.5602999925613403,0.5601000189781189,0.5601000189781189,14291.0
2024-07-03 10:01:00,BNTX,81.08000183105469,81.08000183105469,81.47000122070312,81.05500030517578,81.37000274658203,6970.0
2024-07-03 10:01:00,BPMC,110.66999816894531,110.66999816894531,110.66999816894531,110.66999816894531,110.66999816894531,529.0
2024-07-03 10:01:00,BRKR,62.310001373291016,62.310001373291016,62.310001373291016,62.165000915527344,62.20000076293945,13666.0
2024-07-03 10:01:00,BTAI,1.063599944114685,1.063599944114685,1.065000057220459,1.063599944114685,1.065000057220459,532.0
2024-07-03 10:01:00,BVS,6.019999980926514,6.019999980926514,6.019999980926514,5.989999771118164,5.989999771118164,2029.0
2024-07-03 10:01:00,CCCC,4.639999866485596,4.639999866485596,4.639999866485596,4.619999885559082,4.630000114440918,1637.0
2024-07-03 10:01:00,CDMO,7.557300090789795,7.557300090789795,7.557499885559082,7.460100173950195,7.519999980926514,4732.0
2024-07-03 10:01:00,CDNA,15.211700439453125,15.211700439453125,15.25,15.211700439453125,15.25,466.0
2024-07-03 10:01:00,CDXS,2.9800000190734863,2.9800000190734863,2.9800000190734863,2.9800000190734863,2.9800000190734863,121.0
2024-07-03 10:01:00,CERE,41.30500030517578,41.30500030517578,41.310001373291016,41.275001525878906,41.279998779296875,6026.0
2024-07-03 10:01:00,CERS,1.7100000381469727,1.7100000381469727,1.725000023841858,1.7100000381469727,1.725000023841858,2285.0
2024-07-03 10:01:00,CGC,6.605500221252441,6.605500221252441,6.639999866485596,6.579999923706055,6.635000228881836,22486.0
2024-07-03 10:01:00,CGEM,16.309999465942383,16.309999465942383,16.309999465942383,16.309999465942383,16.309999465942383,569.0
2024-07-03 10:01:00,CGTX,1.8250000476837158,1.8250000476837158,1.8257999420166016,1.8086999654769897,1.8086999654769897,400.0
2024-07-03 10:01:00,CHRS,1.360700011253357,1.360700011253357,1.3700000047683716,1.3601000308990479,1.3650000095367432,19184.0
2024-07-03 10:01:00,CING,0.30399999022483826,0.30399999022483826,0.3043999969959259,0.30399999022483826,0.3043999969959259,10597.0
2024-07-03 10:01:00,CKPT,2.200000047683716,2.200000047683716,2.240000009536743,2.200000047683716,2.240000009536743,2304.0
2024-07-03 10:01:00,CLDX,36.2400016784668,36.2400016784668,36.33000183105469,36.2400016784668,36.33000183105469,915.0
2024-07-03 10:01:00,CLNN,0.33709999918937683,0.33709999918937683,0.33719998598098755,0.33709999918937683,0.33719998598098755,0.0
2024-07-03 10:01:00,CLOV,1.25,1.25,1.25,1.2450000047683716,1.249400019645691,6640.0
2024-07-03 10:01:00,CMPS,6.150000095367432,6.150000095367432,6.150000095367432,6.150000095367432,6.150000095367432,510.0
2024-07-03 10:01:00,CMPX,0.885200023651123,0.885200023651123,0.885200023651123,0.885200023651123,0.885200023651123,731.0
2024-07-03 10:01:00,CNSP,2.3199000358581543,2.3199000358581543,2.389400005340576,2.2701001167297363,2.359999895095825,663097.0
2024-07-03 10:01:00,COGT,8.335000038146973,8.335000038146973,8.335000038146973,8.295000076293945,8.329999923706055,2794.0
2024-07-03 10:01:00,COLL,32.290000915527344,32.290000915527344,32.290000915527344,32.2599983215332,32.2599983215332,971.0
2024-07-03 10:01:00,CORT,31.459999084472656,31.459999084472656,31.459999084472656,31.44499969482422,31.44499969482422,464.0
2024-07-03 10:01:00,COSM,0.9699000120162964,0.9699000120162964,0.9699000120162964,0.9531000256538391,0.9531000256538391,3391.0
2024-07-03 10:01:00,CPRX,15.859999656677246,15.859999656677246,15.859999656677246,15.859999656677246,15.859999656677246,200.0
2024-07-03 10:01:00,CRBP,48.43000030517578,48.43000030517578,48.94559860229492,48.43000030517578,48.94559860229492,3533.0
2024-07-03 10:01:00,CRBU,1.5850000381469727,1.5850000381469727,1.5850000381469727,1.5750000476837158,1.5750000476837158,3119.0
2024-07-03 10:01:00,CRDF,2.1600000858306885,2.1600000858306885,2.1600000858306885,2.130000114440918,2.130000114440918,1688.0
2024-07-03 10:01:00,CRDL,1.929900050163269,1.929900050163269,1.929900050163269,1.929900050163269,1.929900050163269,1200.0
2024-07-03 10:01:00,CRMD,4.135000228881836,4.135000228881836,4.139999866485596,4.110000133514404,4.139999866485596,4271.0
2024-07-03 10:01:00,CRNX,44.67499923706055,44.67499923706055,44.685001373291016,44.67499923706055,44.685001373291016,536.0
2024-07-03 10:01:00,CRON,2.3299999237060547,2.3299999237060547,2.3299999237060547,2.325000047683716,2.325000047683716,10795.0
2024-07-03 10:01:00,CRSP,54.04999923706055,54.04999923706055,54.119998931884766,53.88999938964844,53.88999938964844,8859.0
2024-07-03 10:01:00,CUE,1.0199999809265137,1.0199999809265137,1.0199999809265137,1.0198999643325806,1.0198999643325806,228.0
2024-07-03 10:01:00,CUTR,1.3650000095367432,1.3650000095367432,1.3698999881744385,1.3600000143051147,1.3698999881744385,4465.0
2024-07-03 10:01:00,CVAC,3.3887999057769775,3.3887999057769775,3.4049999713897705,3.3887999057769775,3.399899959564209,39268.0
2024-07-03 10:01:00,CYTK,54.814998626708984,54.814998626708984,54.814998626708984,54.814998626708984,54.814998626708984,183.0
2024-07-03 10:01:00,DAWN,13.279999732971191,13.279999732971191,13.279999732971191,13.279999732971191,13.279999732971191,336.0
2024-07-03 10:01:00,DCTH,8.010000228881836,8.010000228881836,8.010000228881836,7.929999828338623,7.929999828338623,7739.0
2024-07-03 10:01:00,DVAX,11.175000190734863,11.175000190734863,11.1850004196167,11.175000190734863,11.180000305175781,1002.0
2024-07-03 10:01:00,DXCM,110.38500213623047,110.38500213623047,110.58499908447266,110.375,110.375,3508.0
2024-07-03 10:01:00,DYN,34.3650016784668,34.3650016784668,34.3650016784668,34.3650016784668,34.3650016784668,331.0
2024-07-03 10:01:00,EDIT,4.59499979019165,4.59499979019165,4.59499979019165,4.585000038146973,4.585000038146973,2380.0
2024-07-03 10:01:00,ENSG,126.20500183105469,126.20500183105469,126.20500183105469,126.20500183105469,126.20500183105469,1594.0
2024-07-03 10:01:00,ENTX,1.6684999465942383,1.6684999465942383,1.6684999465942383,1.6399999856948853,1.6399999856948853,994.0
2024-07-03 10:01:00,EOLS,10.824999809265137,10.824999809265137,10.824999809265137,10.824999809265137,10.824999809265137,325.0
2024-07-03 10:01:00,ERAS,2.2149999141693115,2.2149999141693115,2.2249999046325684,2.2149999141693115,2.2249999046325684,7665.0
2024-07-03 10:01:00,ESPR,2.3550000190734863,2.3550000190734863,2.375,2.3499999046325684,2.369999885559082,42430.0
2024-07-03 10:01:00,ESTA,43.20000076293945,43.20000076293945,43.20000076293945,43.20000076293945,43.20000076293945,1573.0
2024-07-03 10:01:00,ETNB,7.710000038146973,7.710000038146973,7.710000038146973,7.704999923706055,7.704999923706055,800.0
2024-07-03 10:01:00,EVO,5.050000190734863,5.050000190734863,5.050000190734863,5.050000190734863,5.050000190734863,154.0
2024-07-03 10:01:00,EXAI,5.300000190734863,5.300000190734863,5.300000190734863,5.300000190734863,5.300000190734863,1364.0
2024-07-03 10:01:00,EXAS,43.5099983215332,43.5099983215332,43.5099983215332,43.5099983215332,43.5099983215332,743.0
2024-07-03 10:01:00,EXEL,22.149999618530273,22.149999618530273,22.170000076293945,22.149999618530273,22.170000076293945,1535.0
2024-07-03 10:01:00,EYEN,0.7397000193595886,0.7397000193595886,0.7397000193595886,0.7397000193595886,0.7397000193595886,300.0
2024-07-03 10:01:00,EYPT,8.16189956665039,8.16189956665039,8.16189956665039,8.16189956665039,8.16189956665039,141.0
2024-07-03 10:01:00,FATE,3.2100000381469727,3.2100000381469727,3.2300000190734863,3.2100000381469727,3.2100000381469727,4704.0
2024-07-03 10:01:00,FDMT,20.6200008392334,20.6200008392334,20.6200008392334,20.6200008392334,20.6200008392334,319.0
2024-07-03 10:01:00,FGEN,0.7117000222206116,0.7117000222206116,0.7117000222206116,0.7117000222206116,0.7117000222206116,400.0
2024-07-03 10:01:00,FLGC,0.9603999853134155,0.9603999853134155,0.9603999853134155,0.9603999853134155,0.9603999853134155,1688.0
2024-07-03 10:01:00,FOLD,9.899999618530273,9.899999618530273,9.899999618530273,9.890000343322754,9.890000343322754,813.0
2024-07-03 10:01:00,FULC,6.070000171661377,6.070000171661377,6.070000171661377,6.070000171661377,6.070000171661377,301.0
2024-07-03 10:01:00,GALT,2.180000066757202,2.180000066757202,2.190000057220459,2.180000066757202,2.180000066757202,1179.0
2024-07-03 10:01:00,GDRX,7.809999942779541,7.809999942779541,7.809999942779541,7.809999942779541,7.809999942779541,201.0
2024-07-03 10:01:00,GERN,4.295000076293945,4.295000076293945,4.307499885559082,4.295000076293945,4.304999828338623,17068.0
2024-07-03 10:01:00,GH,28.6200008392334,28.6200008392334,28.6200008392334,28.6200008392334,28.6200008392334,388.0
2024-07-03 10:01:00,GHRS,11.84000015258789,11.84000015258789,11.84000015258789,11.84000015258789,11.84000015258789,909.0
2024-07-03 10:01:00,GILD,67.30500030517578,67.30500030517578,67.37000274658203,67.30000305175781,67.30580139160156,18927.0
2024-07-03 10:01:00,GLPG,25.3799991607666,25.3799991607666,25.3799991607666,25.3799991607666,25.3799991607666,666.0
2024-07-03 10:01:00,GLYC,0.2660999894142151,0.2660999894142151,0.266400009393692,0.2660999894142151,0.266400009393692,3077.0
2024-07-03 10:01:00,GMAB,25.209999084472656,25.209999084472656,25.219999313354492,25.209999084472656,25.209999084472656,1193.0
2024-07-03 10:01:00,GOSS,0.9300000071525574,0.9300000071525574,0.9300000071525574,0.9300000071525574,0.9300000071525574,200.0
2024-07-03 10:01:00,GOVX,3.1700000762939453,3.1700000762939453,3.1798999309539795,3.1700000762939453,3.1798999309539795,6321.0
2024-07-03 10:01:00,GRFS,6.662300109863281,6.662300109863281,6.664999961853027,6.6620001792907715,6.664999961853027,3094.0
2024-07-03 10:01:00,GRTS,0.5723000168800354,0.5723000168800354,0.5723000168800354,0.5716000199317932,0.5716000199317932,3792.0
2024-07-03 10:01:00,GTHX,2.559999942779541,2.559999942779541,2.559999942779541,2.555000066757202,2.555000066757202,732.0
2024-07-03 10:01:00,HALO,51.400001525878906,51.400001525878906,51.560001373291016,51.36000061035156,51.54999923706055,3882.0
2024-07-03 10:01:00,HCAT,6.079999923706055,6.079999923706055,6.079999923706055,6.079999923706055,6.079999923706055,591.0
2024-07-03 10:01:00,HCM,17.299999237060547,17.299999237060547,17.299999237060547,17.299999237060547,17.299999237060547,301.0
2024-07-03 10:01:00,HCSG,11.031999588012695,11.031999588012695,11.039999961853027,11.029999732971191,11.029999732971191,1662.0
2024-07-03 10:01:00,HITI,2.109999895095825,2.109999895095825,2.134999990463257,2.0999999046325684,2.134999990463257,45981.0
2024-07-03 10:01:00,HOLX,73.04000091552734,73.04000091552734,73.08000183105469,73.04000091552734,73.08000183105469,420.0
2024-07-03 10:01:00,HOWL,2.140000104904175,2.140000104904175,2.140000104904175,2.140000104904175,2.140000104904175,112.0
2024-07-03 10:01:00,HQY,84.01000213623047,84.01000213623047,84.12999725341797,83.91999816894531,84.01000213623047,1786.0
2024-07-03 10:01:00,HRMY,30.31999969482422,30.31999969482422,30.31999969482422,30.31999969482422,30.31999969482422,250.0
2024-07-03 10:01:00,HROW,21.579999923706055,21.579999923706055,21.579999923706055,21.579999923706055,21.579999923706055,129.0
2024-07-03 10:01:00,HRTX,2.8399999141693115,2.8399999141693115,2.8399999141693115,2.8301000595092773,2.8399999141693115,6403.0
2024-07-03 10:01:00,HSIC,65.22000122070312,65.22000122070312,65.30000305175781,65.20999908447266,65.2699966430664,2733.0
2024-07-03 10:01:00,HUGE,0.15109999477863312,0.15109999477863312,0.15199999511241913,0.15109999477863312,0.15199999511241913,4200.0
2024-07-03 10:01:00,HUMA,5.630000114440918,5.630000114440918,5.630000114440918,5.601600170135498,5.601600170135498,21547.0
2024-07-03 10:01:00,HYPR,0.9297999739646912,0.9297999739646912,0.9297999739646912,0.9297999739646912,0.9297999739646912,18300.0
2024-07-03 10:01:00,IART,28.96500015258789,28.96500015258789,28.96500015258789,28.96500015258789,28.96500015258789,321.0
2024-07-03 10:01:00,IBRX,6.298799991607666,6.298799991607666,6.300000190734863,6.269999980926514,6.279900074005127,8504.0
2024-07-03 10:01:00,ICLR,318.5899963378906,318.5899963378906,319.1099853515625,318.5899963378906,318.5899963378906,1132.0
2024-07-03 10:01:00,IDXX,475.4599914550781,475.4599914550781,476.1199951171875,475.2950134277344,475.2950134277344,1298.0
2024-07-03 10:01:00,IDYA,33.38999938964844,33.38999938964844,33.40999984741211,33.38999938964844,33.404998779296875,997.0
2024-07-03 10:01:00,IINN,1.3885999917984009,1.3885999917984009,1.3885999917984009,1.3885999917984009,1.3885999917984009,0.0
2024-07-03 10:01:00,ILMN,106.11000061035156,106.11000061035156,106.16000366210938,106.01499938964844,106.07499694824219,6895.0
2024-07-03 10:01:00,IMMX,2.212399959564209,2.212399959564209,2.212399959564209,2.190700054168701,2.190700054168701,3513.0
2024-07-03 10:01:00,IMUX,1.1198999881744385,1.1198999881744385,1.1198999881744385,1.1198999881744385,1.1198999881744385,500.0
2024-07-03 10:01:00,IMVT,26.670000076293945,26.670000076293945,26.670000076293945,26.670000076293945,26.670000076293945,303.0
2024-07-03 10:01:00,INCY,58.5099983215332,58.5099983215332,58.560001373291016,58.5099983215332,58.55500030517578,2044.0
2024-07-03 10:01:00,INGN,7.739999771118164,7.739999771118164,7.739999771118164,7.739999771118164,7.739999771118164,894.0
2024-07-03 10:01:00,INMD,17.790000915527344,17.790000915527344,17.829999923706055,17.780000686645508,17.780000686645508,12964.0
2024-07-03 10:01:00,INNV,5.230000019073486,5.230000019073486,5.230000019073486,5.230000019073486,5.230000019073486,359.0
2024-07-03 10:01:00,INO,8.430000305175781,8.430000305175781,8.430000305175781,8.390000343322754,8.390000343322754,840.0
2024-07-03 10:01:00,INSM,64.00499725341797,64.00499725341797,64.00499725341797,63.95000076293945,63.95000076293945,13284.0
2024-07-03 10:01:00,IONM,0.33009999990463257,0.33009999990463257,0.33009999990463257,0.33009999990463257,0.33009999990463257,2000.0
2024-07-03 10:01:00,IONS,44.9900016784668,44.9900016784668,44.9900016784668,44.88999938964844,44.88999938964844,2109.0
2024-07-03 10:01:00,IOVA,7.744999885559082,7.744999885559082,7.75,7.735000133514404,7.735000133514404,5199.0
2024-07-03 10:01:00,IRTC,96.94999694824219,96.94999694824219,97.82250213623047,96.94999694824219,97.82250213623047,2952.0
2024-07-03 10:01:00,IRWD,6.139999866485596,6.139999866485596,6.179999828338623,6.139999866485596,6.179999828338623,1847.0
2024-07-03 10:01:00,ISRG,434.3299865722656,434.3299865722656,434.56500244140625,434.3299865722656,434.56500244140625,1647.0
2024-07-03 10:01:00,ITCI,68.06999969482422,68.06999969482422,68.06999969482422,67.94000244140625,68.0,1287.0
2024-07-03 10:01:00,IXHL,2.9000000953674316,2.9000000953674316,2.902100086212158,2.9000000953674316,2.902100086212158,228.0
2024-07-03 10:01:00,JANX,39.064998626708984,39.064998626708984,39.064998626708984,39.064998626708984,39.064998626708984,638.0
2024-07-03 10:01:00,JAZZ,105.5,105.5,105.5,105.5,105.5,514.0
2024-07-03 10:01:00,KALA,6.849999904632568,6.849999904632568,6.849999904632568,6.849999904632568,6.849999904632568,485.0
2024-07-03 10:01:00,KMDA,5.159999847412109,5.159999847412109,5.159999847412109,5.150000095367432,5.150000095367432,2544.0
2024-07-03 10:01:00,KPTI,0.8299999833106995,0.8299999833106995,0.8330000042915344,0.8299999833106995,0.8320000171661377,1960.0
2024-07-03 10:01:00,KRMD,2.2799999713897705,2.2799999713897705,2.2799999713897705,2.2799999713897705,2.2799999713897705,200.0
2024-07-03 10:01:00,KTRA,0.265500009059906,0.265500009059906,0.26589998602867126,0.2646999955177307,0.2646999955177307,18728.0
2024-07-03 10:01:00,KURA,20.434999465942383,20.434999465942383,20.434999465942383,20.434999465942383,20.434999465942383,351.0
2024-07-03 10:01:00,KYMR,30.670799255371094,30.670799255371094,30.670799255371094,30.670799255371094,30.670799255371094,313.0
2024-07-03 10:01:00,LAB,1.784999966621399,1.784999966621399,1.784999966621399,1.784999966621399,1.784999966621399,201.0
2024-07-03 10:01:00,LBPH,31.71109962463379,31.71109962463379,31.71109962463379,31.71109962463379,31.71109962463379,140.0
2024-07-03 10:01:00,LEGN,44.52000045776367,44.52000045776367,44.52000045776367,44.52000045776367,44.52000045776367,174.0
2024-07-03 10:01:00,LFST,5.105000019073486,5.105000019073486,5.105000019073486,5.090000152587891,5.090000152587891,834.0
2024-07-03 10:01:00,LGVN,1.6500999927520752,1.6500999927520752,1.6502000093460083,1.6500999927520752,1.6502000093460083,1390.0
2024-07-03 10:01:00,LQDA,11.960000038146973,11.960000038146973,11.960000038146973,11.960000038146973,11.960000038146973,114.0
2024-07-03 10:01:00,LRMR,7.659999847412109,7.659999847412109,7.659999847412109,7.630000114440918,7.630000114440918,406.0
2024-07-03 10:01:00,LSTA,3.4700000286102295,3.4700000286102295,3.4700000286102295,3.4700000286102295,3.4700000286102295,1752.0
2024-07-03 10:01:00,LUCY,0.47909998893737793,0.47909998893737793,0.47909998893737793,0.46540001034736633,0.4749999940395355,56369.0
2024-07-03 10:01:00,LXRX,1.6050000190734863,1.6050000190734863,1.6050000190734863,1.6050000190734863,1.6050000190734863,805.0
2024-07-03 10:01:00,LYEL,1.4450000524520874,1.4450000524520874,1.4450000524520874,1.4450000524520874,1.4450000524520874,567.0
2024-07-03 10:01:00,LYRA,0.2797999978065491,0.2797999978065491,0.2797999978065491,0.2797999978065491,0.2797999978065491,4002.0
2024-07-03 10:01:00,MASS,4.75,4.75,4.75,4.75,4.75,1214.0
2024-07-03 10:01:00,MBIO,0.5375999808311462,0.5375999808311462,0.5375999808311462,0.5299999713897705,0.5360000133514404,43825.0
2024-07-03 10:01:00,MBOT,1.0999000072479248,1.0999000072479248,1.0999000072479248,1.0901000499725342,1.0901000499725342,12768.0
2024-07-03 10:01:00,MCRB,0.703499972820282,0.703499972820282,0.703499972820282,0.703499972820282,0.703499972820282,107.0
2024-07-03 10:01:00,MDWD,15.529999732971191,15.529999732971191,15.529999732971191,15.489999771118164,15.489999771118164,1215.0
2024-07-03 10:01:00,MDXG,6.775000095367432,6.775000095367432,6.775000095367432,6.775000095367432,6.775000095367432,683.0
2024-07-03 10:01:00,ME,0.3971000015735626,0.3971000015735626,0.3971000015735626,0.3971000015735626,0.3971000015735626,1614.0
2024-07-03 10:01:00,MGNX,4.244999885559082,4.244999885559082,4.25,4.239999771118164,4.239999771118164,1288.0
2024-07-03 10:01:00,MGTX,3.9700000286102295,3.9700000286102295,3.9700000286102295,3.9700000286102295,3.9700000286102295,233.0
2024-07-03 10:01:00,MIST,1.3200000524520874,1.3200000524520874,1.3200000524520874,1.3200000524520874,1.3200000524520874,1500.0
2024-07-03 10:01:00,MLTX,40.43000030517578,40.43000030517578,40.43000030517578,40.43000030517578,40.43000030517578,1336.0
2024-07-03 10:01:00,MNKD,5.110000133514404,5.110000133514404,5.119999885559082,5.099999904632568,5.099999904632568,11802.0
2024-07-03 10:01:00,MNMD,7.079999923706055,7.079999923706055,7.079999923706055,7.079999923706055,7.079999923706055,617.0
2024-07-03 10:01:00,MOTS,0.06499999761581421,0.06499999761581421,0.06499999761581421,0.06499999761581421,0.06499999761581421,0.0
2024-07-03 10:01:00,MREO,3.455899953842163,3.455899953842163,3.455899953842163,3.455899953842163,3.455899953842163,104.0
2024-07-03 10:01:00,MRNA,118.5999984741211,118.5999984741211,119.20500183105469,118.5999984741211,119.05000305175781,11610.0
2024-07-03 10:01:00,MRNS,1.2000000476837158,1.2000000476837158,1.2000000476837158,1.1950000524520874,1.1950000524520874,6461.0
2024-07-03 10:01:00,MRSN,1.8600000143051147,1.8600000143051147,1.8650000095367432,1.8600000143051147,1.8650000095367432,320.0
2024-07-03 10:01:00,MRUS,53.31999969482422,53.31999969482422,53.31999969482422,53.11000061035156,53.11000061035156,419.0
2024-07-03 10:01:00,MRVI,6.809999942779541,6.809999942779541,6.815000057220459,6.809999942779541,6.809999942779541,1691.0
2024-07-03 10:01:00,MTEM,1.2395999431610107,1.2395999431610107,1.2395999431610107,1.2395999431610107,1.2395999431610107,0.0
2024-07-03 10:01:00,MYGN,25.290000915527344,25.290000915527344,25.3799991607666,25.270000457763672,25.274999618530273,1193.0
2024-07-03 10:01:00,NARI,49.599998474121094,49.599998474121094,49.599998474121094,49.599998474121094,49.599998474121094,430.0
2024-07-03 10:01:00,NDRA,0.0851999968290329,0.0851999968290329,0.08550000190734863,0.08299999684095383,0.08500000089406967,146767.0
2024-07-03 10:01:00,NEO,13.78499984741211,13.78499984741211,13.78499984741211,13.779999732971191,13.779999732971191,444.0
2024-07-03 10:01:00,NEOG,15.0600004196167,15.0600004196167,15.0649995803833,15.0600004196167,15.0649995803833,550.0
2024-07-03 10:01:00,NKTR,1.1950000524520874,1.1950000524520874,1.1950000524520874,1.1950000524520874,1.1950000524520874,361.0
2024-07-03 10:01:00,NKTX,5.264999866485596,5.264999866485596,5.264999866485596,5.264999866485596,5.264999866485596,116.0
2024-07-03 10:01:00,NNOX,7.070000171661377,7.070000171661377,7.070000171661377,7.050000190734863,7.050000190734863,3103.0
2024-07-03 10:01:00,NOTV,1.6603000164031982,1.6603000164031982,1.6699999570846558,1.659999966621399,1.6649999618530273,3512.0
2024-07-03 10:01:00,NRIX,19.280000686645508,19.280000686645508,19.280000686645508,19.042699813842773,19.042699813842773,2094.0
2024-07-03 10:01:00,NTLA,22.43000030517578,22.43000030517578,22.43000030517578,22.43000030517578,22.43000030517578,902.0
2024-07-03 10:01:00,NUWE,4.0991997718811035,4.0991997718811035,4.0991997718811035,4.0991997718811035,4.0991997718811035,819.0
2024-07-03 10:01:00,NVAX,13.0600004196167,13.0600004196167,13.100000381469727,13.0600004196167,13.080100059509277,8863.0
2024-07-03 10:01:00,NVCT,6.284999847412109,6.284999847412109,6.284999847412109,6.284999847412109,6.284999847412109,199.0
2024-07-03 10:01:00,NXL,1.5399999618530273,1.5399999618530273,1.5399999618530273,1.5,1.5,25002.0
2024-07-03 10:01:00,NXLIW,0.26899999380111694,0.26899999380111694,0.26899999380111694,0.26899999380111694,0.26899999380111694,0.0
2024-07-03 10:01:00,OCGN,1.6549999713897705,1.6549999713897705,1.659999966621399,1.6449999809265137,1.6449999809265137,54055.0
2024-07-03 10:01:00,OCUL,6.849999904632568,6.849999904632568,6.849999904632568,6.849999904632568,6.849999904632568,313.0
2024-07-03 10:01:00,OFIX,13.210000038146973,13.210000038146973,13.210000038146973,13.199999809265137,13.199999809265137,463.0
2024-07-03 10:01:00,OGI,1.5549999475479126,1.5549999475479126,1.5598000288009644,1.5549999475479126,1.5549999475479126,9294.0
2024-07-03 10:01:00,OLK,25.795000076293945,25.795000076293945,25.795000076293945,25.795000076293945,25.795000076293945,888.0
2024-07-03 10:01:00,OLMA,10.5,10.5,10.5,10.5,10.5,474.0
2024-07-03 10:01:00,OM,3.7300000190734863,3.7300000190734863,3.7300000190734863,3.7300000190734863,3.7300000190734863,1077.0
2024-07-03 10:01:00,OMCL,26.190000534057617,26.190000534057617,26.190000534057617,26.0049991607666,26.010000228881836,1150.0
2024-07-03 10:01:00,OMER,3.875,3.875,3.875,3.875,3.875,1284.0
2024-07-03 10:01:00,OMGA,2.059999942779541,2.059999942779541,2.059999942779541,2.049999952316284,2.049999952316284,451.0
2024-07-03 10:02:00,ABEO,4.215000152587891,4.215000152587891,4.215000152587891,4.215000152587891,4.215000152587891,267.0
2024-07-03 10:02:00,ABSI,3.200000047683716,3.200000047683716,3.200000047683716,3.200000047683716,3.200000047683716,407.0
2024-07-03 10:02:00,ABUS,3.1649999618530273,3.1649999618530273,3.1700000762939453,3.1600000858306885,3.1649999618530273,4105.0
2024-07-03 10:02:00,ACAD,15.770000457763672,15.770000457763672,15.770000457763672,15.75,15.760000228881836,5119.0
2024-07-03 10:02:00,ACB,4.760000228881836,4.760000228881836,4.784999847412109,4.759900093078613,4.784999847412109,9842.0
2024-07-03 10:02:00,ACCD,3.549999952316284,3.549999952316284,3.549999952316284,3.5450000762939453,3.549999952316284,3430.0
2024-07-03 10:02:00,ACET,1.0700000524520874,1.0700000524520874,1.0746999979019165,1.0700000524520874,1.0700000524520874,7319.0
2024-07-03 10:02:00,ACON,0.28600001335144043,0.28600001335144043,0.28600001335144043,0.28600001335144043,0.28600001335144043,0.0
2024-07-03 10:02:00,ACRS,1.1649999618530273,1.1649999618530273,1.1649999618530273,1.1649999618530273,1.1649999618530273,6187.0
2024-07-03 10:02:00,ADAP,1.0,1.0,1.0299999713897705,1.0,1.0199999809265137,108058.0
2024-07-03 10:02:00,ADMA,11.270099639892578,11.270099639892578,11.279999732971191,11.270000457763672,11.279999732971191,6646.0
2024-07-03 10:02:00,ADPT,3.3350000381469727,3.3350000381469727,3.3350000381469727,3.3299999237060547,3.3308000564575195,1807.0
2024-07-03 10:02:00,ADUS,117.26000213623047,117.26000213623047,117.37999725341797,117.26000213623047,117.37999725341797,810.0
2024-07-03 10:02:00,ADVM,7.079999923706055,7.079999923706055,7.079999923706055,7.034999847412109,7.034999847412109,333.0
2024-07-03 10:02:00,AEMD,0.421999990940094,0.421999990940094,0.421999990940094,0.421999990940094,0.421999990940094,0.0
2024-07-03 10:02:00,AFMD,5.130000114440918,5.130000114440918,5.130000114440918,5.130000114440918,5.130000114440918,3960.0
2024-07-03 10:02:00,AGIO,42.3849983215332,42.3849983215332,42.39500045776367,42.3849983215332,42.39500045776367,379.0
2024-07-03 10:02:00,AHCO,9.704999923706055,9.704999923706055,9.710000038146973,9.704999923706055,9.710000038146973,584.0
2024-07-03 10:02:00,AIMD,0.819599986076355,0.819599986076355,0.819599986076355,0.819599986076355,0.819599986076355,1833.0
2024-07-03 10:02:00,AKBA,0.9399999976158142,0.9399999976158142,0.9416000247001648,0.9399999976158142,0.9399999976158142,2532.0
2024-07-03 10:02:00,AKYA,2.134999990463257,2.134999990463257,2.14739990234375,2.134999990463257,2.14739990234375,479.0
2024-07-03 10:02:00,ALDX,3.2200000286102295,3.2200000286102295,3.2200000286102295,3.2049999237060547,3.2100000381469727,3181.0
2024-07-03 10:02:00,ALGN,238.31500244140625,238.31500244140625,238.31500244140625,238.1199951171875,238.1300048828125,2775.0
2024-07-03 10:02:00,ALHC,8.03499984741211,8.03499984741211,8.039999961853027,8.029999732971191,8.039999961853027,1950.0
2024-07-03 10:02:00,ALKS,24.309999465942383,24.309999465942383,24.31999969482422,24.299999237060547,24.299999237060547,1273.0
2024-07-03 10:02:00,ALLK,0.8398000001907349,0.8398000001907349,0.8398000001907349,0.8349999785423279,0.8349999785423279,711.0
2024-07-03 10:02:00,ALLO,2.140000104904175,2.140000104904175,2.140000104904175,2.130000114440918,2.130000114440918,10536.0
2024-07-03 10:02:00,ALNY,247.0050048828125,247.0050048828125,247.1300048828125,246.47999572753906,247.1300048828125,4037.0
2024-07-03 10:02:00,ALT,6.754199981689453,6.754199981689453,6.759500026702881,6.75,6.75,1324.0
2024-07-03 10:02:00,ALXO,5.769999980926514,5.769999980926514,5.784999847412109,5.769999980926514,5.784999847412109,1174.0
2024-07-03 10:02:00,AMED,96.5999984741211,96.5999984741211,96.60099792480469,96.55999755859375,96.55999755859375,890.0
2024-07-03 10:02:00,AMGN,311.8699951171875,311.8699951171875,312.0150146484375,311.8699951171875,312.010009765625,1576.0
2024-07-03 10:02:00,AMLX,1.7450000047683716,1.7450000047683716,1.7450000047683716,1.7403000593185425,1.7450000047683716,11327.0
2024-07-03 10:02:00,ANAB,24.959999084472656,24.959999084472656,24.959999084472656,24.959999084472656,24.959999084472656,3487.0
2024-07-03 10:02:00,ANGO,5.679999828338623,5.679999828338623,5.679999828338623,5.679999828338623,5.679999828338623,183.0
2024-07-03 10:02:00,ANNX,4.679999828338623,4.679999828338623,4.695000171661377,4.664999961853027,4.695000171661377,12693.0
2024-07-03 10:02:00,ANTX,2.589900016784668,2.589900016784668,2.5899999141693115,2.562000036239624,2.562000036239624,2809.0
2024-07-03 10:02:00,APDN,0.453000009059906,0.453000009059906,0.453000009059906,0.453000009059906,0.453000009059906,1305.0
2024-07-03 10:02:00,APLS,36.185001373291016,36.185001373291016,36.21500015258789,36.13999938964844,36.13999938964844,1688.0
2024-07-03 10:02:00,APLT,4.409999847412109,4.409999847412109,4.409999847412109,4.409999847412109,4.409999847412109,979.0
2024-07-03 10:02:00,APVO,0.30480000376701355,0.30480000376701355,0.30480000376701355,0.30480000376701355,0.30480000376701355,1136.0
2024-07-03 10:02:00,AQST,2.389899969100952,2.389899969100952,2.389899969100952,2.380000114440918,2.384999990463257,1573.0
2024-07-03 10:02:00,ARAY,1.7699999809265137,1.7699999809265137,1.7699999809265137,1.7699999809265137,1.7699999809265137,90.0
2024-07-03 10:02:00,ARDX,5.159999847412109,5.159999847412109,5.189799785614014,5.15500020980835,5.180099964141846,21590.0
2024-07-03 10:02:00,ARGX,435.2699890136719,435.2699890136719,435.3500061035156,435.2699890136719,435.3500061035156,500.0
2024-07-03 10:02:00,ARQT,9.449999809265137,9.449999809265137,9.460000038146973,9.420000076293945,9.4399995803833,22782.0
2024-07-03 10:02:00,ARVN,25.0,25.0,25.0,24.989999771118164,24.989999771118164,1144.0
2024-07-03 10:02:00,ARWR,25.354999542236328,25.354999542236328,25.354999542236328,25.350000381469727,25.350000381469727,490.0
2024-07-03 10:02:00,ASMB,12.25,12.25,12.25,12.25,12.25,246.0
2024-07-03 10:02:00,ASND,136.49000549316406,136.49000549316406,136.49000549316406,136.49000549316406,136.49000549316406,251.0
2024-07-03 10:02:00,ASRT,1.309999942779541,1.309999942779541,1.309999942779541,1.2949999570846558,1.2949999570846558,4539.0
2024-07-03 10:02:00,ATEC,9.949999809265137,9.949999809265137,9.949999809265137,9.949999809265137,9.949999809265137,630.0
2024-07-03 10:02:00,ATRC,22.219999313354492,22.219999313354492,22.219999313354492,22.06999969482422,22.1299991607666,2269.0
2024-07-03 10:02:00,AUGX,0.9919000267982483,0.9919000267982483,0.9998000264167786,0.9919000267982483,0.9919000267982483,6036.0
2024-07-03 10:02:00,AUPH,5.474999904632568,5.474999904632568,5.474999904632568,5.465000152587891,5.46999979019165,2116.0
2024-07-03 10:02:00,AVDL,14.1899995803833,14.1899995803833,14.1899995803833,14.1899995803833,14.1899995803833,210.0
2024-07-03 10:02:00,AVTE,1.5850000381469727,1.5850000381469727,1.589900016784668,1.5800000429153442,1.589900016784668,2720.0
2024-07-03 10:02:00,AVXL,4.195000171661377,4.195000171661377,4.208499908447266,4.195000171661377,4.208499908447266,2225.0
2024-07-03 10:02:00,AZN,76.73999786376953,76.73999786376953,76.80999755859375,76.7249984741211,76.80000305175781,10931.0
2024-07-03 10:02:00,AZTA,52.40999984741211,52.40999984741211,52.40999984741211,52.40999984741211,52.40999984741211,1522.0
2024-07-03 10:02:00,BBIO,24.959999084472656,24.959999084472656,24.959999084472656,24.959999084472656,24.959999084472656,615.0
2024-07-03 10:02:00,BCAB,1.3049999475479126,1.3049999475479126,1.3049999475479126,1.2949999570846558,1.2949999570846558,9598.0
2024-07-03 10:02:00,BCRX,6.670000076293945,6.670000076293945,6.670000076293945,6.65500020980835,6.65500020980835,1866.0
2024-07-03 10:02:00,BCTX,1.0299999713897705,1.0299999713897705,1.0299999713897705,1.0299999713897705,1.0299999713897705,3187.0
2024-07-03 10:02:00,BDTX,4.21999979019165,4.21999979019165,4.21999979019165,4.21999979019165,4.21999979019165,660.0
2024-07-03 10:02:00,BEAM,23.229999542236328,23.229999542236328,23.260000228881836,23.209999084472656,23.260000228881836,2131.0
2024-07-03 10:02:00,BEAT,2.7291998863220215,2.7291998863220215,2.75,2.700000047683716,2.75,6083.0
2024-07-03 10:02:00,BGXX,0.27320000529289246,0.27320000529289246,0.27320000529289246,0.27320000529289246,0.27320000529289246,239.0
2024-07-03 10:02:00,BIIB,226.86000061035156,226.86000061035156,226.86000061035156,226.72500610351562,226.8000030517578,1785.0
2024-07-03 10:02:00,BLFS,20.100000381469727,20.100000381469727,20.100000381469727,20.100000381469727,20.100000381469727,194.0
2024-07-03 10:02:00,BLUE,0.9180999994277954,0.9180999994277954,0.9187999963760376,0.9179999828338623,0.9179999828338623,21945.0
2024-07-03 10:02:00,BMEA,4.440100193023682,4.440100193023682,4.46999979019165,4.440100193023682,4.46999979019165,487.0
2024-07-03 10:02:00,BMRN,81.79499816894531,81.79499816894531,81.80000305175781,81.77999877929688,81.77999877929688,1031.0
2024-07-03 10:02:00,BNGO,0.5602999925613403,0.5602999925613403,0.5602999925613403,0.5601999759674072,0.5601999759674072,28657.0
2024-07-03 10:02:00,BNTX,81.23500061035156,81.23500061035156,81.25070190429688,81.1500015258789,81.1500015258789,1429.0
2024-07-03 10:02:00,BRKR,62.30500030517578,62.30500030517578,62.30500030517578,62.209999084472656,62.2400016784668,2998.0
2024-07-03 10:02:00,BTAI,1.065000057220459,1.065000057220459,1.065000057220459,1.065000057220459,1.065000057220459,228.0
2024-07-03 10:02:00,BTCY,0.7580000162124634,0.7580000162124634,0.7580000162124634,0.7580000162124634,0.7580000162124634,5774.0
2024-07-03 10:02:00,BWAY,5.910099983215332,5.910099983215332,5.910099983215332,5.910099983215332,5.910099983215332,0.0
2024-07-03 10:02:00,CABA,7.480000019073486,7.480000019073486,7.480000019073486,7.460000038146973,7.460000038146973,1852.0
2024-07-03 10:02:00,CADL,6.210000038146973,6.210000038146973,6.210000038146973,6.199999809265137,6.210000038146973,2413.0
2024-07-03 10:02:00,CCCC,4.650000095367432,4.650000095367432,4.650000095367432,4.639999866485596,4.650000095367432,6849.0
2024-07-03 10:02:00,CCRN,13.670000076293945,13.670000076293945,13.670000076293945,13.670000076293945,13.670000076293945,105.0
2024-07-03 10:02:00,CDMO,7.559999942779541,7.559999942779541,7.599999904632568,7.479700088500977,7.539999961853027,13735.0
2024-07-03 10:02:00,CDNA,15.289999961853027,15.289999961853027,15.289999961853027,15.289999961853027,15.289999961853027,663.0
2024-07-03 10:02:00,CDXS,2.930000066757202,2.930000066757202,2.9700000286102295,2.930000066757202,2.9700000286102295,17035.0
2024-07-03 10:02:00,CELU,3.0399999618530273,3.0399999618530273,3.0399999618530273,3.0399999618530273,3.0399999618530273,1913.0
2024-07-03 10:02:00,CERE,41.29999923706055,41.29999923706055,41.310001373291016,41.29999923706055,41.29999923706055,14168.0
2024-07-03 10:02:00,CERS,1.715000033378601,1.715000033378601,1.715000033378601,1.715000033378601,1.715000033378601,10267.0
2024-07-03 10:02:00,CGC,6.539700031280518,6.539700031280518,6.599400043487549,6.519999980926514,6.594299793243408,46958.0
2024-07-03 10:02:00,CGEM,16.309999465942383,16.309999465942383,16.309999465942383,16.309999465942383,16.309999465942383,254.0
2024-07-03 10:02:00,CHRS,1.3650000095367432,1.3650000095367432,1.3650000095367432,1.3650000095367432,1.3650000095367432,200.0
2024-07-03 10:02:00,CLDX,36.16999816894531,36.16999816894531,36.20000076293945,36.16999816894531,36.20000076293945,1062.0
2024-07-03 10:02:00,CLOV,1.2599999904632568,1.2599999904632568,1.2599999904632568,1.2549999952316284,1.2549999952316284,28787.0
2024-07-03 10:02:00,CLSD,1.25,1.25,1.25,1.2300000190734863,1.2400000095367432,10363.0
2024-07-03 10:02:00,CNSP,2.319999933242798,2.319999933242798,2.3299999237060547,2.25,2.302000045776367,472551.0
2024-07-03 10:02:00,COGT,8.279999732971191,8.279999732971191,8.319999694824219,8.279999732971191,8.319999694824219,458421.0
2024-07-03 10:02:00,CORT,31.450000762939453,31.450000762939453,31.450000762939453,31.450000762939453,31.450000762939453,658.0
2024-07-03 10:02:00,COSM,0.9570000171661377,0.9570000171661377,0.960099995136261,0.9539999961853027,0.960099995136261,13800.0
2024-07-03 10:02:00,CPRX,15.819999694824219,15.819999694824219,15.859999656677246,15.819999694824219,15.850000381469727,1628.0
2024-07-03 10:02:00,CRBU,1.5800000429153442,1.5800000429153442,1.5800000429153442,1.5800000429153442,1.5800000429153442,1557.0
2024-07-03 10:02:00,CRMD,4.130000114440918,4.130000114440918,4.130000114440918,4.130000114440918,4.130000114440918,600.0
2024-07-03 10:02:00,CRNX,44.67499923706055,44.67499923706055,44.67499923706055,44.53499984741211,44.53499984741211,721.0
2024-07-03 10:02:00,CRON,2.319999933242798,2.319999933242798,2.319999933242798,2.319999933242798,2.319999933242798,2304.0
2024-07-03 10:02:00,CRSP,53.95500183105469,53.95500183105469,54.1150016784668,53.89500045776367,54.02000045776367,14664.0
2024-07-03 10:02:00,CTMX,1.3250000476837158,1.3250000476837158,1.3250000476837158,1.3250000476837158,1.3250000476837158,151.0
2024-07-03 10:02:00,CUTR,1.3695000410079956,1.3695000410079956,1.3695000410079956,1.3695000410079956,1.3695000410079956,552.0
2024-07-03 10:02:00,CVAC,3.399899959564209,3.399899959564209,3.4100000858306885,3.3499999046325684,3.388000011444092,81300.0
2024-07-03 10:02:00,CYTK,54.779998779296875,54.779998779296875,54.91999816894531,54.7400016784668,54.91999816894531,2021.0
2024-07-03 10:02:00,DAWN,13.329999923706055,13.329999923706055,13.329999923706055,13.295000076293945,13.300000190734863,2701.0
2024-07-03 10:02:00,DCGO,2.9200000762939453,2.9200000762939453,2.934999942779541,2.9200000762939453,2.934999942779541,2205.0
2024-07-03 10:02:00,DCTH,8.019000053405762,8.019000053405762,8.019000053405762,8.019000053405762,8.019000053405762,0.0
2024-07-03 10:02:00,DNLI,22.15999984741211,22.15999984741211,22.15999984741211,22.15999984741211,22.15999984741211,242.0
2024-07-03 10:02:00,DVAX,11.154999732971191,11.154999732971191,11.170000076293945,11.154999732971191,11.170000076293945,1070.0
2024-07-03 10:02:00,DXCM,110.2699966430664,110.2699966430664,110.38999938964844,110.23999786376953,110.37999725341797,2070.0
2024-07-03 10:02:00,DYN,34.35499954223633,34.35499954223633,34.35499954223633,34.35499954223633,34.35499954223633,106.0
2024-07-03 10:02:00,EDIT,4.59499979019165,4.59499979019165,4.59499979019165,4.590000152587891,4.590000152587891,1240.0
2024-07-03 10:02:00,EGRX,5.300000190734863,5.300000190734863,5.329999923706055,5.28000020980835,5.28000020980835,3379.0
2024-07-03 10:02:00,ELEV,2.740000009536743,2.740000009536743,2.740000009536743,2.7209999561309814,2.7209999561309814,445.0
2024-07-03 10:02:00,EMBC,11.895000457763672,11.895000457763672,11.895000457763672,11.850000381469727,11.890000343322754,9367.0
2024-07-03 10:02:00,ENTX,1.659999966621399,1.659999966621399,1.659999966621399,1.659999966621399,1.659999966621399,694.0
2024-07-03 10:02:00,ENVB,0.5199999809265137,0.5199999809265137,0.5199999809265137,0.5199999809265137,0.5199999809265137,560.0
2024-07-03 10:02:00,ERAS,2.2149999141693115,2.2149999141693115,2.2200000286102295,2.2149999141693115,2.219899892807007,2362.0
2024-07-03 10:02:00,ESPR,2.3450000286102295,2.3450000286102295,2.359800100326538,2.3450000286102295,2.3564999103546143,16640.0
2024-07-03 10:02:00,EWTX,18.06999969482422,18.06999969482422,18.06999969482422,18.0,18.06999969482422,3716.0
2024-07-03 10:02:00,EXAS,43.40999984741211,43.40999984741211,43.40999984741211,43.40999984741211,43.40999984741211,200.0
2024-07-03 10:02:00,EXEL,22.170000076293945,22.170000076293945,22.174999237060547,22.15999984741211,22.15999984741211,2318.0
2024-07-03 10:02:00,EYEN,0.7426000237464905,0.7426000237464905,0.7427999973297119,0.7378000020980835,0.7396000027656555,31870.0
2024-07-03 10:02:00,EYPT,8.170000076293945,8.170000076293945,8.170000076293945,8.170000076293945,8.170000076293945,689.0
2024-07-03 10:02:00,FATE,3.2149999141693115,3.2149999141693115,3.2149999141693115,3.2149999141693115,3.2149999141693115,203.0
2024-07-03 10:02:00,FBIO,1.75,1.75,1.75,1.7400000095367432,1.75,5655.0
2024-07-03 10:02:00,FDMT,20.674999237060547,20.674999237060547,20.674999237060547,20.674999237060547,20.674999237060547,346.0
2024-07-03 10:02:00,FGEN,0.7156000137329102,0.7156000137329102,0.7156000137329102,0.7117999792098999,0.7117999792098999,153.0
2024-07-03 10:02:00,FOLD,9.885000228881836,9.885000228881836,9.895000457763672,9.880000114440918,9.895000457763672,3063.0
2024-07-03 10:02:00,FULC,6.065000057220459,6.065000057220459,6.065000057220459,6.065000057220459,6.065000057220459,5400.0
2024-07-03 10:02:00,GANX,1.1900999546051025,1.1900999546051025,1.1900999546051025,1.190000057220459,1.190000057220459,3533.0
2024-07-03 10:02:00,GDRX,7.809999942779541,7.809999942779541,7.809999942779541,7.809999942779541,7.809999942779541,131.0
2024-07-03 10:02:00,GERN,4.304999828338623,4.304999828338623,4.304999828338623,4.300000190734863,4.300000190734863,23329.0
2024-07-03 10:02:00,GH,28.639999389648438,28.639999389648438,28.639999389648438,28.639999389648438,28.639999389648438,1489.0
2024-07-03 10:02:00,GILD,67.2300033569336,67.2300033569336,67.30500030517578,67.2300033569336,67.30000305175781,10888.0
2024-07-03 10:02:00,GLUE,3.609999895095825,3.609999895095825,3.609999895095825,3.609999895095825,3.609999895095825,421.0
2024-07-03 10:02:00,GLYC,0.2662000060081482,0.2662000060081482,0.266400009393692,0.2660999894142151,0.266400009393692,8422.0
2024-07-03 10:02:00,GMAB,25.17009925842285,25.17009925842285,25.200000762939453,25.17009925842285,25.197900772094727,1257.0
2024-07-03 10:02:00,GOSS,0.9332000017166138,0.9332000017166138,0.9332000017166138,0.9253000020980835,0.9276000261306763,5638.0
2024-07-03 10:02:00,GOVX,3.160099983215332,3.160099983215332,3.160099983215332,3.160099983215332,3.160099983215332,689.0
2024-07-03 10:02:00,GRFS,6.650000095367432,6.650000095367432,6.659999847412109,6.650000095367432,6.659999847412109,1551.0
2024-07-03 10:02:00,GRTS,0.571399986743927,0.571399986743927,0.5716999769210815,0.5709999799728394,0.5709999799728394,25220.0
2024-07-03 10:02:00,GTHX,2.559999942779541,2.559999942779541,2.559999942779541,2.555000066757202,2.555000066757202,957.0
2024-07-03 10:02:00,HALO,51.40999984741211,51.40999984741211,51.40999984741211,51.29999923706055,51.29999923706055,510.0
2024-07-03 10:02:00,HCM,17.329999923706055,17.329999923706055,17.360000610351562,17.329999923706055,17.360000610351562,103.0
2024-07-03 10:02:00,HCSG,11.050000190734863,11.050000190734863,11.050000190734863,11.03499984741211,11.039999961853027,1763.0
2024-07-03 10:02:00,HITI,2.109999895095825,2.109999895095825,2.115000009536743,2.109999895095825,2.109999895095825,1772.0
2024-07-03 10:02:00,HOLX,73.05999755859375,73.05999755859375,73.05999755859375,73.01249694824219,73.03500366210938,685.0
2024-07-03 10:02:00,HOOK,0.5716999769210815,0.5716999769210815,0.5716999769210815,0.5716999769210815,0.5716999769210815,200.0
2024-07-03 10:02:00,HOWL,2.109999895095825,2.109999895095825,2.109999895095825,2.109999895095825,2.109999895095825,500.0
2024-07-03 10:02:00,HQY,84.12000274658203,84.12000274658203,84.12000274658203,83.95999908447266,84.12000274658203,1475.0
2024-07-03 10:02:00,HRMY,30.280000686645508,30.280000686645508,30.280000686645508,30.280000686645508,30.280000686645508,545.0
2024-07-03 10:02:00,HRTX,2.8450000286102295,2.8450000286102295,2.8499999046325684,2.8399999141693115,2.840399980545044,16202.0
2024-07-03 10:02:00,HSIC,65.26499938964844,65.26499938964844,65.27999877929688,65.19999694824219,65.19999694824219,2097.0
2024-07-03 10:02:00,HUGE,0.15129999816417694,0.15129999816417694,0.15399999916553497,0.15129999816417694,0.15399999916553497,7572.0
2024-07-03 10:02:00,HUMA,5.629700183868408,5.629700183868408,5.630000114440918,5.599999904632568,5.629799842834473,14173.0
2024-07-03 10:02:00,HYPR,0.9300000071525574,0.9300000071525574,0.9300000071525574,0.9298999905586243,0.9298999905586243,18347.0
2024-07-03 10:02:00,IART,29.0,29.0,29.0,28.989999771118164,28.989999771118164,818.0
2024-07-03 10:02:00,IBRX,6.269999980926514,6.269999980926514,6.28000020980835,6.269999980926514,6.28000020980835,1942.0
2024-07-03 10:02:00,ICUI,118.1500015258789,118.1500015258789,118.1500015258789,118.1500015258789,118.1500015258789,309.0
2024-07-03 10:02:00,IDXX,475.42498779296875,475.42498779296875,475.42498779296875,475.42498779296875,475.42498779296875,260.0
2024-07-03 10:02:00,IGMS,6.25,6.25,6.380000114440918,6.25,6.380000114440918,365.0
2024-07-03 10:02:00,IKNA,1.6399999856948853,1.6399999856948853,1.6399999856948853,1.6399999856948853,1.6399999856948853,216.0
2024-07-03 10:02:00,ILMN,106.16500091552734,106.16500091552734,106.17500305175781,106.08499908447266,106.08499908447266,1528.0
2024-07-03 10:02:00,IMCR,34.959999084472656,34.959999084472656,34.959999084472656,34.91999816894531,34.959999084472656,599.0
2024-07-03 10:02:00,IMMP,1.9199999570846558,1.9199999570846558,1.9199999570846558,1.9199999570846558,1.9199999570846558,200.0
2024-07-03 10:02:00,IMNM,11.880000114440918,11.880000114440918,11.880000114440918,11.880000114440918,11.880000114440918,984.0
2024-07-03 10:02:00,IMUX,1.1200000047683716,1.1200000047683716,1.1200000047683716,1.1150000095367432,1.1150000095367432,1721.0
2024-07-03 10:02:00,IMVT,26.690000534057617,26.690000534057617,26.690000534057617,26.59000015258789,26.59000015258789,1530.0
2024-07-03 10:02:00,INCY,58.41999816894531,58.41999816894531,58.49399948120117,58.41999816894531,58.4900016784668,3006.0
2024-07-03 10:02:00,INMB,7.96999979019165,7.96999979019165,7.96999979019165,7.96999979019165,7.96999979019165,160.0
2024-07-03 10:02:00,INMD,17.774999618530273,17.774999618530273,17.78499984741211,17.770000457763672,17.78499984741211,3365.0
2024-07-03 10:02:00,INO,8.444999694824219,8.444999694824219,8.444999694824219,8.444999694824219,8.444999694824219,815.0
2024-07-03 10:02:00,INSM,64.38500213623047,64.38500213623047,64.41000366210938,64.0,64.00499725341797,14602.0
2024-07-03 10:02:00,IONS,44.94499969482422,44.94499969482422,44.94499969482422,44.94499969482422,44.94499969482422,262.0
2024-07-03 10:02:00,IOVA,7.744999885559082,7.744999885559082,7.744999885559082,7.735000133514404,7.739999771118164,6929.0
2024-07-03 10:02:00,IPSC,2.319999933242798,2.319999933242798,2.319999933242798,2.319999933242798,2.319999933242798,167.0
2024-07-03 10:02:00,IRTC,97.0199966430664,97.0199966430664,97.41999816894531,97.01000213623047,97.4000015258789,7506.0
2024-07-03 10:02:00,IRWD,6.15500020980835,6.15500020980835,6.15500020980835,6.144999980926514,6.144999980926514,1687.0
2024-07-03 10:02:00,ISRG,434.30999755859375,434.30999755859375,434.3299865722656,434.1549987792969,434.3299865722656,1654.0
2024-07-03 10:02:00,ITCI,67.98999786376953,67.98999786376953,67.98999786376953,67.98500061035156,67.98500061035156,1012.0
2024-07-03 10:02:00,IVVD,1.1150000095367432,1.1150000095367432,1.1150000095367432,1.1150000095367432,1.1150000095367432,736.0
2024-07-03 10:02:00,IXHL,2.753499984741211,2.753499984741211,2.753499984741211,2.753499984741211,2.753499984741211,1307.0
2024-07-03 10:02:00,JANX,38.849998474121094,38.849998474121094,39.099998474121094,38.7400016784668,39.099998474121094,4305.0
2024-07-03 10:02:00,JAZZ,105.4800033569336,105.4800033569336,105.4800033569336,105.4800033569336,105.4800033569336,198.0
2024-07-03 10:02:00,KIDS,29.780000686645508,29.780000686645508,29.780000686645508,29.780000686645508,29.780000686645508,614.0
2024-07-03 10:02:00,KPTI,0.8360000252723694,0.8360000252723694,0.8360000252723694,0.8299999833106995,0.8330000042915344,1121.0
2024-07-03 10:02:00,KTRA,0.2669000029563904,0.2669000029563904,0.2669000029563904,0.26660001277923584,0.26660001277923584,4252.0
2024-07-03 10:02:00,KYMR,30.454999923706055,30.454999923706055,30.5,30.454999923706055,30.5,770.0
2024-07-03 10:02:00,KZR,0.571399986743927,0.571399986743927,0.571399986743927,0.5699999928474426,0.5699999928474426,2093.0
2024-07-03 10:02:00,LAB,1.784999966621399,1.784999966621399,1.784999966621399,1.784999966621399,1.784999966621399,305.0
2024-07-03 10:02:00,LBPH,31.860000610351562,31.860000610351562,31.8700008392334,31.533599853515625,31.533599853515625,2796.0
2024-07-03 10:02:00,LEGN,44.3849983215332,44.3849983215332,44.40999984741211,44.3849983215332,44.40999984741211,822.0
2024-07-03 10:02:00,LFMD,6.75,6.75,6.75,6.739999771118164,6.739999771118164,301.0
2024-07-03 10:02:00,LFST,5.105000019073486,5.105000019073486,5.105000019073486,5.105000019073486,5.105000019073486,655.0
2024-07-03 10:02:00,LNTH,78.74500274658203,78.74500274658203,78.74500274658203,78.74500274658203,78.74500274658203,198.0
2024-07-03 10:02:00,LRMR,7.659999847412109,7.659999847412109,7.659999847412109,7.659999847412109,7.659999847412109,620.0
2024-07-03 10:02:00,LUCY,0.47839999198913574,0.47839999198913574,0.47839999198913574,0.46700000762939453,0.47839999198913574,68243.0
2024-07-03 10:02:00,LXRX,1.6050000190734863,1.6050000190734863,1.6050000190734863,1.6050000190734863,1.6050000190734863,1207.0
2024-07-03 10:02:00,LYEL,1.4494999647140503,1.4494999647140503,1.4494999647140503,1.4494999647140503,1.4494999647140503,635.0
2024-07-03 10:02:00,LYRA,0.2809000015258789,0.2809000015258789,0.2809000015258789,0.2809000015258789,0.2809000015258789,389.0
2024-07-03 10:02:00,MBIO,0.5311999917030334,0.5311999917030334,0.5370000004768372,0.5300999879837036,0.5357000231742859,13734.0
2024-07-03 10:02:00,MBOT,1.0950000286102295,1.0950000286102295,1.1002000570297241,1.0950000286102295,1.1002000570297241,9786.0
2024-07-03 10:02:00,MCRB,0.703499972820282,0.703499972820282,0.703499972820282,0.7006000280380249,0.7006000280380249,1164.0
2024-07-03 10:02:00,MDGL,272.30999755859375,272.30999755859375,272.30999755859375,272.30999755859375,272.30999755859375,999.0
2024-07-03 10:02:00,MDXG,6.78000020980835,6.78000020980835,6.78000020980835,6.78000020980835,6.78000020980835,307.0
2024-07-03 10:02:00,ME,0.3970000147819519,0.3970000147819519,0.39730000495910645,0.39590001106262207,0.39730000495910645,1877.0
2024-07-03 10:02:00,MGNX,4.21999979019165,4.21999979019165,4.240200042724609,4.21999979019165,4.239999771118164,3815.0
2024-07-03 10:02:00,MHUA,0.949999988079071,0.949999988079071,0.949999988079071,0.949999988079071,0.949999988079071,1195.0
2024-07-03 10:02:00,MIST,1.3300000429153442,1.3300000429153442,1.3300000429153442,1.3101999759674072,1.3101999759674072,500.0
2024-07-03 10:02:00,MNKD,5.105000019073486,5.105000019073486,5.105000019073486,5.100500106811523,5.100500106811523,1434.0
2024-07-03 10:02:00,MNMD,7.106299877166748,7.106299877166748,7.106299877166748,7.084700107574463,7.084700107574463,2121.0
2024-07-03 10:02:00,MORF,31.514999389648438,31.514999389648438,31.59000015258789,31.467500686645508,31.467500686645508,951.0
2024-07-03 10:02:00,MOTS,0.06499999761581421,0.06499999761581421,0.06499999761581421,0.06499999761581421,0.06499999761581421,39069.0
2024-07-03 10:02:00,MREO,3.4600000381469727,3.4600000381469727,3.4600000381469727,3.4539999961853027,3.4539999961853027,498.0
2024-07-03 10:02:00,MRNA,118.57499694824219,118.57499694824219,118.8405990600586,118.41999816894531,118.8405990600586,4024.0
2024-07-03 10:02:00,MRNS,1.2000000476837158,1.2000000476837158,1.2000000476837158,1.2000000476837158,1.2000000476837158,100.0
2024-07-03 10:02:00,MRSN,1.8650000095367432,1.8650000095367432,1.8650000095367432,1.8650000095367432,1.8650000095367432,794.0
2024-07-03 10:02:00,MRUS,53.08000183105469,53.08000183105469,53.34859848022461,53.08000183105469,53.34859848022461,2444.0
2024-07-03 10:02:00,MRVI,6.804999828338623,6.804999828338623,6.809999942779541,6.804999828338623,6.809999942779541,943.0
2024-07-03 10:02:00,MXCT,3.7100000381469727,3.7100000381469727,3.7149999141693115,3.7100000381469727,3.7149999141693115,715.0
2024-07-03 10:02:00,MYGN,25.360000610351562,25.360000610351562,25.360000610351562,25.360000610351562,25.360000610351562,214.0
2024-07-03 10:02:00,NBIX,138.22000122070312,138.22000122070312,138.25,138.19000244140625,138.25,1492.0
2024-07-03 10:02:00,NDRA,0.08540000021457672,0.08540000021457672,0.08540000021457672,0.08489999920129776,0.08540000021457672,17638.0
2024-07-03 10:02:00,NEO,13.739999771118164,13.739999771118164,13.770000457763672,13.739999771118164,13.770000457763672,914.0
2024-07-03 10:02:00,NEOG,15.050000190734863,15.050000190734863,15.050000190734863,15.045000076293945,15.050000190734863,840.0
2024-07-03 10:02:00,NKTR,1.1950000524520874,1.1950000524520874,1.1950000524520874,1.1950000524520874,1.1950000524520874,1345.0
2024-07-03 10:02:00,NKTX,5.28000020980835,5.28000020980835,5.28000020980835,5.260000228881836,5.269999980926514,1212.0
2024-07-03 10:02:00,NLSP,0.2069000005722046,0.2069000005722046,0.2069000005722046,0.2069000005722046,0.2069000005722046,500.0
2024-07-03 10:02:00,NNOX,7.059999942779541,7.059999942779541,7.070000171661377,7.059999942779541,7.070000171661377,2556.0
2024-07-03 10:02:00,NRBO,4.771200180053711,4.771200180053711,4.771200180053711,4.75,4.760000228881836,8384.0
2024-07-03 10:02:00,NRIX,19.11009979248047,19.11009979248047,19.11009979248047,19.11009979248047,19.11009979248047,134.0
2024-07-03 10:02:00,NTLA,22.420000076293945,22.420000076293945,22.43000030517578,22.420000076293945,22.43000030517578,1186.0
2024-07-03 10:02:00,NVAX,13.052000045776367,13.052000045776367,13.0600004196167,13.039999961853027,13.050100326538086,6641.0
2024-07-03 10:02:00,NVCR,17.190000534057617,17.190000534057617,17.190000534057617,17.190000534057617,17.190000534057617,415.0
2024-07-03 10:02:00,NXL,1.4900000095367432,1.4900000095367432,1.5099999904632568,1.4900000095367432,1.5,4613.0
2024-07-03 10:02:00,OCGN,1.6449999809265137,1.6449999809265137,1.6549999713897705,1.6449999809265137,1.6549999713897705,2916.0
2024-07-03 10:02:00,OCUL,6.840000152587891,6.840000152587891,6.849999904632568,6.829999923706055,6.848499774932861,1039.0
2024-07-03 10:02:00,OFIX,13.300000190734863,13.300000190734863,13.300000190734863,13.229999542236328,13.229999542236328,4334.0
2024-07-03 10:02:00,OLK,25.795000076293945,25.795000076293945,25.795000076293945,25.795000076293945,25.795000076293945,1996.0
2024-07-03 10:02:00,OMGA,2.049999952316284,2.049999952316284,2.049999952316284,2.049999952316284,2.049999952316284,1585.0
2024-07-03 10:03:00,ABCL,2.7699999809265137,2.7699999809265137,2.7699999809265137,2.7699999809265137,2.7699999809265137,1770.0
2024-07-03 10:03:00,ABOS,2.2750000953674316,2.2750000953674316,2.2799999713897705,2.2750000953674316,2.2799999713897705,328.0
2024-07-03 10:03:00,ABSI,3.184999942779541,3.184999942779541,3.2100000381469727,3.184999942779541,3.200000047683716,3514.0
2024-07-03 10:03:00,ABUS,3.1600000858306885,3.1600000858306885,3.1649999618530273,3.1600000858306885,3.1649999618530273,4055.0
2024-07-03 10:03:00,ABVC,0.7200000286102295,0.7200000286102295,0.7200000286102295,0.7200000286102295,0.7200000286102295,0.0
2024-07-03 10:03:00,ACB,4.730000019073486,4.730000019073486,4.75,4.730000019073486,4.75,3704.0
2024-07-03 10:03:00,ACCD,3.5299999713897705,3.5299999713897705,3.5399999618530273,3.5299999713897705,3.5399999618530273,4272.0
2024-07-03 10:03:00,ACET,1.059999942779541,1.059999942779541,1.0700000524520874,1.059999942779541,1.0700000524520874,6556.0
2024-07-03 10:03:00,ACHC,65.94999694824219,65.94999694824219,65.97000122070312,65.83000183105469,65.83000183105469,2686.0
2024-07-03 10:03:00,ACLX,54.18000030517578,54.18000030517578,54.18000030517578,53.779998779296875,53.779998779296875,611.0
2024-07-03 10:03:00,ACXP,2.184999942779541,2.184999942779541,2.184999942779541,2.184999942779541,2.184999942779541,2237.0
2024-07-03 10:03:00,ADAP,1.0099999904632568,1.0099999904632568,1.0099999904632568,1.0,1.0049999952316284,33578.0
2024-07-03 10:03:00,ADMA,11.270000457763672,11.270000457763672,11.274999618530273,11.260000228881836,11.274999618530273,6625.0
2024-07-03 10:03:00,ADPT,3.315000057220459,3.315000057220459,3.315000057220459,3.315000057220459,3.315000057220459,740.0
2024-07-03 10:03:00,ADUS,116.9800033569336,116.9800033569336,117.18000030517578,116.9800033569336,117.18000030517578,1288.0
2024-07-03 10:03:00,AGEN,14.529999732971191,14.529999732971191,14.529999732971191,14.510100364685059,14.510100364685059,755.0
2024-07-03 10:03:00,AGIO,42.255001068115234,42.255001068115234,42.279998779296875,42.255001068115234,42.279998779296875,896.0
2024-07-03 10:03:00,AHCO,9.710000038146973,9.710000038146973,9.734999656677246,9.699999809265137,9.710000038146973,2779.0
2024-07-03 10:03:00,AKBA,0.9388999938964844,0.9388999938964844,0.9388999938964844,0.9388999938964844,0.9388999938964844,1942.0
2024-07-03 10:03:00,AKRO,22.079999923706055,22.079999923706055,22.079999923706055,22.079999923706055,22.079999923706055,473.0
2024-07-03 10:03:00,AKYA,2.134999990463257,2.134999990463257,2.134999990463257,2.134999990463257,2.134999990463257,200.0
2024-07-03 10:03:00,ALDX,3.2300000190734863,3.2300000190734863,3.2300000190734863,3.2200000286102295,3.2200000286102295,4677.0
2024-07-03 10:03:00,ALEC,4.420000076293945,4.420000076293945,4.420000076293945,4.420000076293945,4.420000076293945,306.0
2024-07-03 10:03:00,ALGN,237.86000061035156,237.86000061035156,238.32000732421875,237.80999755859375,238.32000732421875,2850.0
2024-07-03 10:03:00,ALHC,8.029999732971191,8.029999732971191,8.039999961853027,8.020000457763672,8.039999961853027,1393.0
2024-07-03 10:03:00,ALKS,24.309999465942383,24.309999465942383,24.329999923706055,24.290000915527344,24.309999465942383,2625.0
2024-07-03 10:03:00,ALLK,0.8389000296592712,0.8389000296592712,0.8389000296592712,0.8379999995231628,0.8381999731063843,1919.0
2024-07-03 10:03:00,ALLO,2.125,2.125,2.140000104904175,2.125,2.134000062942505,6953.0
2024-07-03 10:03:00,ALLR,0.20600000023841858,0.20600000023841858,0.20600000023841858,0.20600000023841858,0.20600000023841858,400.0
2024-07-03 10:03:00,ALT,6.730000019073486,6.730000019073486,6.764999866485596,6.730000019073486,6.755000114440918,5204.0
2024-07-03 10:03:00,ALVO,12.350000381469727,12.350000381469727,12.350000381469727,12.350000381469727,12.350000381469727,189.0
2024-07-03 10:03:00,ALXO,5.755000114440918,5.755000114440918,5.769999980926514,5.755000114440918,5.769999980926514,1015.0
2024-07-03 10:03:00,AMED,96.61000061035156,96.61000061035156,96.61000061035156,96.56500244140625,96.5999984741211,1401.0
2024-07-03 10:03:00,AMGN,311.6300048828125,311.6300048828125,311.7900085449219,311.6300048828125,311.7900085449219,295.0
2024-07-03 10:03:00,AMLX,1.7450000047683716,1.7450000047683716,1.7450000047683716,1.7400000095367432,1.7400000095367432,5443.0
2024-07-03 10:03:00,AMPH,37.970001220703125,37.970001220703125,38.02000045776367,37.970001220703125,38.02000045776367,1207.0
2024-07-03 10:03:00,ANAB,25.048200607299805,25.048200607299805,25.048200607299805,24.96500015258789,24.96500015258789,1226.0
2024-07-03 10:03:00,ANGO,5.659999847412109,5.659999847412109,5.679999828338623,5.659999847412109,5.675000190734863,1819.0
2024-07-03 10:03:00,ANTX,2.569999933242798,2.569999933242798,2.5810999870300293,2.549999952316284,2.5810999870300293,13128.0
2024-07-03 10:03:00,APDN,0.45190000534057617,0.45190000534057617,0.45899999141693115,0.45190000534057617,0.45899999141693115,5157.0
2024-07-03 10:03:00,APLS,36.165000915527344,36.165000915527344,36.165000915527344,36.099998474121094,36.099998474121094,760.0
2024-07-03 10:03:00,APLT,4.420000076293945,4.420000076293945,4.420000076293945,4.409999847412109,4.409999847412109,2285.0
2024-07-03 10:03:00,APVO,0.3149999976158142,0.3149999976158142,0.3149999976158142,0.3068999946117401,0.3068999946117401,5147.0
2024-07-03 10:03:00,AQST,2.390000104904175,2.390000104904175,2.390000104904175,2.384999990463257,2.384999990463257,966.0
2024-07-03 10:03:00,ARAY,1.7798999547958374,1.7798999547958374,1.7798999547958374,1.7798999547958374,1.7798999547958374,784.0
2024-07-03 10:03:00,ARCT,21.53499984741211,21.53499984741211,21.53499984741211,21.53499984741211,21.53499984741211,1373.0
2024-07-03 10:03:00,ARDX,5.150100231170654,5.150100231170654,5.179999828338623,5.150100231170654,5.15500020980835,32286.0
2024-07-03 10:03:00,ARGX,435.7799987792969,435.7799987792969,435.7799987792969,435.7799987792969,435.7799987792969,153.0
2024-07-03 10:03:00,ARQT,9.470000267028809,9.470000267028809,9.510000228881836,9.457500457763672,9.460000038146973,12057.0
2024-07-03 10:03:00,ASRT,1.2999999523162842,1.2999999523162842,1.3108999729156494,1.2999999523162842,1.3108999729156494,5842.0
2024-07-03 10:03:00,ATAI,1.3049999475479126,1.3049999475479126,1.3049999475479126,1.3049999475479126,1.3049999475479126,2728.0
2024-07-03 10:03:00,ATEC,9.90999984741211,9.90999984741211,9.9399995803833,9.90999984741211,9.9399995803833,1694.0
2024-07-03 10:03:00,ATRC,22.079999923706055,22.079999923706055,22.079999923706055,22.059999465942383,22.06999969482422,1576.0
2024-07-03 10:03:00,ATXS,9.010000228881836,9.010000228881836,9.029999732971191,9.010000228881836,9.029999732971191,358.0
2024-07-03 10:03:00,AUGX,1.0,1.0,1.0,0.9998999834060669,1.0,1900.0
2024-07-03 10:03:00,AUPH,5.46999979019165,5.46999979019165,5.474999904632568,5.46999979019165,5.474999904632568,2332.0
2024-07-03 10:03:00,AURA,7.15500020980835,7.15500020980835,7.15500020980835,7.15500020980835,7.15500020980835,124.0
2024-07-03 10:03:00,AUTL,3.4100000858306885,3.4100000858306885,3.4100000858306885,3.4100000858306885,3.4100000858306885,200.0
2024-07-03 10:03:00,AVDL,14.210000038146973,14.210000038146973,14.210000038146973,14.149999618530273,14.149999618530273,5143.0
2024-07-03 10:03:00,AVIR,3.240000009536743,3.240000009536743,3.240000009536743,3.2200000286102295,3.2200000286102295,8126.0
2024-07-03 10:03:00,AVTE,1.5800000429153442,1.5800000429153442,1.5800000429153442,1.5700000524520874,1.5800000429153442,2075.0
2024-07-03 10:03:00,AVXL,4.190000057220459,4.190000057220459,4.190000057220459,4.190000057220459,4.190000057220459,0.0
2024-07-03 10:03:00,AZN,76.75,76.75,76.75,76.72000122070312,76.73500061035156,14579.0
2024-07-03 10:03:00,AZTA,52.400001525878906,52.400001525878906,52.400001525878906,52.400001525878906,52.400001525878906,1080.0
2024-07-03 10:03:00,BACK,1.7869000434875488,1.7869000434875488,1.7869000434875488,1.7869000434875488,1.7869000434875488,1272.0
2024-07-03 10:03:00,BBIO,25.0,25.0,25.029399871826172,25.0,25.029399871826172,693.0
2024-07-03 10:03:00,BCAB,1.3049999475479126,1.3049999475479126,1.309999942779541,1.3049999475479126,1.3049999475479126,5724.0
2024-07-03 10:03:00,BCRX,6.650000095367432,6.650000095367432,6.670599937438965,6.650000095367432,6.670599937438965,5928.0
2024-07-03 10:03:00,BEAM,23.13010025024414,23.13010025024414,23.260000228881836,23.13010025024414,23.25,3665.0
2024-07-03 10:03:00,BEAT,2.720099925994873,2.720099925994873,2.7300000190734863,2.7200000286102295,2.7200000286102295,1913.0
2024-07-03 10:03:00,BGNE,146.3000030517578,146.3000030517578,146.3000030517578,146.3000030517578,146.3000030517578,780.0
2024-07-03 10:03:00,BIAF,2.200000047683716,2.200000047683716,2.200000047683716,2.200000047683716,2.200000047683716,125.0
2024-07-03 10:03:00,BIIB,226.84500122070312,226.84500122070312,226.9149932861328,226.84500122070312,226.8800048828125,1557.0
2024-07-03 10:03:00,BLFS,20.100000381469727,20.100000381469727,20.100000381469727,20.100000381469727,20.100000381469727,3024.0
2024-07-03 10:03:00,BLUE,0.9175000190734863,0.9175000190734863,0.9185000061988831,0.9161999821662903,0.9174000024795532,13685.0
2024-07-03 10:03:00,BMRA,0.4546999931335449,0.4546999931335449,0.4546999931335449,0.4546999931335449,0.4546999931335449,300.0
2024-07-03 10:03:00,BMRN,81.70999908447266,81.70999908447266,81.80000305175781,81.70999908447266,81.80000305175781,1311.0
2024-07-03 10:03:00,BNGO,0.5602999925613403,0.5602999925613403,0.5602999925613403,0.5602999925613403,0.5602999925613403,6891.0
2024-07-03 10:03:00,BNOX,0.7049999833106995,0.7049999833106995,0.7049999833106995,0.7049999833106995,0.7049999833106995,1489.0
2024-07-03 10:03:00,BNTC,8.8100004196167,8.8100004196167,8.8100004196167,8.8100004196167,8.8100004196167,677.0
2024-07-03 10:03:00,BNTX,81.32499694824219,81.32499694824219,81.32499694824219,81.32499694824219,81.32499694824219,832.0
2024-07-03 10:03:00,BPTH,1.829800009727478,1.829800009727478,1.8299000263214111,1.829699993133545,1.829800009727478,3200.0
2024-07-03 10:03:00,BRKR,62.209999084472656,62.209999084472656,62.209999084472656,62.18000030517578,62.209999084472656,2106.0
2024-07-03 10:03:00,BTAI,1.0699000358581543,1.0699000358581543,1.0699000358581543,1.065000057220459,1.065000057220459,478.0
2024-07-03 10:03:00,BYSI,2.369999885559082,2.369999885559082,2.369999885559082,2.369999885559082,2.369999885559082,1160.0
2024-07-03 10:03:00,CABA,7.494999885559082,7.494999885559082,7.494999885559082,7.480000019073486,7.494999885559082,1470.0
2024-07-03 10:03:00,CADL,6.079999923706055,6.079999923706055,6.175000190734863,6.079999923706055,6.164999961853027,4066.0
2024-07-03 10:03:00,CCCC,4.659999847412109,4.659999847412109,4.679999828338623,4.650000095367432,4.650000095367432,2763.0
2024-07-03 10:03:00,CCRN,13.670000076293945,13.670000076293945,13.670000076293945,13.630000114440918,13.664999961853027,1887.0
2024-07-03 10:03:00,CDMO,7.550000190734863,7.550000190734863,7.579999923706055,7.489999771118164,7.534999847412109,9873.0
2024-07-03 10:03:00,CDXS,2.950000047683716,2.950000047683716,2.950000047683716,2.950000047683716,2.950000047683716,300.0
2024-07-03 10:03:00,CELC,16.274999618530273,16.274999618530273,16.274999618530273,16.270000457763672,16.270000457763672,318.0
2024-07-03 10:03:00,CERE,41.30500030517578,41.30500030517578,41.310001373291016,41.275001525878906,41.29999923706055,14271.0
2024-07-03 10:03:00,CERT,13.75,13.75,13.760000228881836,13.744999885559082,13.744999885559082,2193.0
2024-07-03 10:03:00,CGC,6.530099868774414,6.530099868774414,6.545000076293945,6.4918999671936035,6.539899826049805,26869.0
2024-07-03 10:03:00,CGEM,16.3799991607666,16.3799991607666,16.3799991607666,16.325000762939453,16.34000015258789,586.0
2024-07-03 10:03:00,CGTX,1.809999942779541,1.809999942779541,1.809999942779541,1.809999942779541,1.809999942779541,100.0
2024-07-03 10:03:00,CHRS,1.3650000095367432,1.3650000095367432,1.3650000095367432,1.3650000095367432,1.3650000095367432,3484.0
2024-07-03 10:03:00,CLDX,36.08000183105469,36.08000183105469,36.119998931884766,36.08000183105469,36.119998931884766,3609.0
2024-07-03 10:03:00,CLNN,0.33719998598098755,0.33719998598098755,0.33719998598098755,0.33719998598098755,0.33719998598098755,500.0
2024-07-03 10:03:00,CLOV,1.2450000047683716,1.2450000047683716,1.2549999952316284,1.2450000047683716,1.2549999952316284,33593.0
2024-07-03 10:03:00,CLSD,1.2549999952316284,1.2549999952316284,1.2549999952316284,1.2549999952316284,1.2549999952316284,10006.0
2024-07-03 10:03:00,CNSP,2.300100088119507,2.300100088119507,2.3399999141693115,2.2799999713897705,2.3299999237060547,258659.0
2024-07-03 10:03:00,COGT,8.319999694824219,8.319999694824219,8.319999694824219,8.289999961853027,8.289999961853027,1606.0
2024-07-03 10:03:00,COLL,32.33000183105469,32.33000183105469,32.33000183105469,32.33000183105469,32.33000183105469,200.0
2024-07-03 10:03:00,CORT,31.459999084472656,31.459999084472656,31.459999084472656,31.459999084472656,31.459999084472656,230.0
2024-07-03 10:03:00,COSM,0.9797999858856201,0.9797999858856201,0.9797999858856201,0.9539999961853027,0.9539999961853027,36561.0
2024-07-03 10:03:00,CRBU,1.5750000476837158,1.5750000476837158,1.5750000476837158,1.5750000476837158,1.5750000476837158,200.0
2024-07-03 10:03:00,CRDL,1.9294999837875366,1.9294999837875366,1.9294999837875366,1.9294999837875366,1.9294999837875366,3769.0
2024-07-03 10:03:00,CRMD,4.130000114440918,4.130000114440918,4.130000114440918,4.130000114440918,4.130000114440918,40.0
2024-07-03 10:03:00,CRNX,44.67499923706055,44.67499923706055,44.7599983215332,44.67499923706055,44.7599983215332,530.0
2024-07-03 10:03:00,CRON,2.315000057220459,2.315000057220459,2.315000057220459,2.315000057220459,2.315000057220459,720.0
2024-07-03 10:03:00,CRSP,53.875,53.875,53.956298828125,53.845001220703125,53.956298828125,2789.0
2024-07-03 10:03:00,CTKB,5.71999979019165,5.71999979019165,5.71999979019165,5.71999979019165,5.71999979019165,1019.0
2024-07-03 10:03:00,CTMX,1.3250000476837158,1.3250000476837158,1.3250000476837158,1.3250000476837158,1.3250000476837158,1848.0
2024-07-03 10:03:00,CTXR,0.5254999995231628,0.5254999995231628,0.5254999995231628,0.5254999995231628,0.5254999995231628,421.0
2024-07-03 10:03:00,CUE,1.0197999477386475,1.0197999477386475,1.0197999477386475,1.0149999856948853,1.0149999856948853,1677.0
2024-07-03 10:03:00,CVAC,3.399899959564209,3.399899959564209,3.408600091934204,3.380000114440918,3.390000104904175,13848.0
2024-07-03 10:03:00,CVRX,11.613800048828125,11.613800048828125,11.613800048828125,11.613800048828125,11.613800048828125,979.0
2024-07-03 10:03:00,DAWN,13.3100004196167,13.3100004196167,13.3100004196167,13.3100004196167,13.3100004196167,679.0
2024-07-03 10:03:00,DCGO,2.9149999618530273,2.9149999618530273,2.9149999618530273,2.9149999618530273,2.9149999618530273,2898.0
2024-07-03 10:03:00,DCTH,7.989999771118164,7.989999771118164,8.0,7.989999771118164,7.989999771118164,2683.0
2024-07-03 10:03:00,DH,5.380000114440918,5.380000114440918,5.400000095367432,5.380000114440918,5.400000095367432,947.0
2024-07-03 10:03:00,DNLI,22.100000381469727,22.100000381469727,22.15999984741211,22.100000381469727,22.15999984741211,2877.0
2024-07-03 10:03:00,DVAX,11.119999885559082,11.119999885559082,11.149999618530273,11.119999885559082,11.149999618530273,1640.0
2024-07-03 10:03:00,DXCM,110.1449966430664,110.1449966430664,110.25,110.12000274658203,110.19999694824219,4877.0
2024-07-03 10:03:00,DYN,34.35499954223633,34.35499954223633,34.35499954223633,34.35499954223633,34.35499954223633,265.0
2024-07-03 10:03:00,EDIT,4.579999923706055,4.579999923706055,4.590000152587891,4.579999923706055,4.590000152587891,2559.0
2024-07-03 10:03:00,EGRX,5.269999980926514,5.269999980926514,5.295000076293945,5.269999980926514,5.295000076293945,1004.0
2024-07-03 10:03:00,ELEV,2.7200000286102295,2.7200000286102295,2.7200000286102295,2.7200000286102295,2.7200000286102295,792.0
2024-07-03 10:03:00,ENSG,125.81999969482422,125.81999969482422,125.81999969482422,125.81999969482422,125.81999969482422,668.0
2024-07-03 10:03:00,ENVB,0.5400000214576721,0.5400000214576721,0.5400000214576721,0.51419997215271,0.51419997215271,4118.0
2024-07-03 10:03:00,EOLS,10.819999694824219,10.819999694824219,10.819999694824219,10.819999694824219,10.819999694824219,1705.0
2024-07-03 10:03:00,ESPR,2.3399999141693115,2.3399999141693115,2.349900007247925,2.3299999237060547,2.3450000286102295,17526.0
2024-07-03 10:03:00,ETNB,7.699999809265137,7.699999809265137,7.718800067901611,7.699999809265137,7.718800067901611,1966.0
2024-07-03 10:03:00,EWTX,18.138200759887695,18.138200759887695,18.170000076293945,18.079999923706055,18.079999923706055,1615.0
2024-07-03 10:03:00,EXAI,5.320000171661377,5.320000171661377,5.320000171661377,5.320000171661377,5.320000171661377,110.0
2024-07-03 10:03:00,EXAS,43.369998931884766,43.369998931884766,43.47999954223633,43.369998931884766,43.44499969482422,6887.0
2024-07-03 10:03:00,EXEL,22.170000076293945,22.170000076293945,22.190000534057617,22.170000076293945,22.190000534057617,939.0
2024-07-03 10:03:00,EYEN,0.75,0.75,0.75,0.75,0.75,6478.0
2024-07-03 10:03:00,EYPT,8.149999618530273,8.149999618530273,8.170000076293945,8.149999618530273,8.170000076293945,48.0
2024-07-03 10:03:00,FATE,3.2100000381469727,3.2100000381469727,3.2149999141693115,3.2100000381469727,3.2149999141693115,2523.0
2024-07-03 10:03:00,FDMT,20.670000076293945,20.670000076293945,20.670000076293945,20.670000076293945,20.670000076293945,559.0
2024-07-03 10:03:00,FGEN,0.7192999720573425,0.7192999720573425,0.7193999886512756,0.7121999859809875,0.7156000137329102,18229.0
2024-07-03 10:03:00,FLGC,0.9200000166893005,0.9200000166893005,0.9200000166893005,0.9200000166893005,0.9200000166893005,300.0
2024-07-03 10:03:00,FLGT,19.96500015258789,19.96500015258789,19.96500015258789,19.96500015258789,19.96500015258789,200.0
2024-07-03 10:03:00,FOLD,9.864999771118164,9.864999771118164,9.880000114440918,9.864999771118164,9.880000114440918,1615.0
2024-07-03 10:03:00,FULC,6.059999942779541,6.059999942779541,6.070000171661377,6.059999942779541,6.059999942779541,1986.0
2024-07-03 10:03:00,GALT,2.180000066757202,2.180000066757202,2.180000066757202,2.180000066757202,2.180000066757202,302.0
2024-07-03 10:03:00,GANX,1.1950000524520874,1.1950000524520874,1.1950000524520874,1.1950000524520874,1.1950000524520874,600.0
2024-07-03 10:03:00,GCTK,1.698799967765808,1.698799967765808,1.698799967765808,1.698799967765808,1.698799967765808,743.0
2024-07-03 10:03:00,GERN,4.309999942779541,4.309999942779541,4.320000171661377,4.300000190734863,4.304999828338623,57756.0
2024-07-03 10:03:00,GILD,67.31909942626953,67.31909942626953,67.32209777832031,67.24500274658203,67.24500274658203,14943.0
2024-07-03 10:03:00,GLSI,16.850000381469727,16.850000381469727,16.850000381469727,16.850000381469727,16.850000381469727,139.0
2024-07-03 10:03:00,GLYC,0.2671000063419342,0.2671000063419342,0.2671000063419342,0.2671000063419342,0.2671000063419342,1121.0
2024-07-03 10:03:00,GMAB,25.139999389648438,25.139999389648438,25.15999984741211,25.139999389648438,25.15999984741211,1896.0
2024-07-03 10:03:00,GOSS,0.9316999912261963,0.9316999912261963,0.9332000017166138,0.9316999912261963,0.9332000017166138,5424.0
2024-07-03 10:03:00,GRTS,0.5709999799728394,0.5709999799728394,0.571399986743927,0.5709999799728394,0.571399986743927,3092.0
2024-07-03 10:03:00,GTBP,2.799999952316284,2.799999952316284,2.799999952316284,2.799999952316284,2.799999952316284,0.0
2024-07-03 10:03:00,GTHX,2.5399999618530273,2.5399999618530273,2.559999942779541,2.5399999618530273,2.549999952316284,5688.0
2024-07-03 10:03:00,HALO,51.28499984741211,51.28499984741211,51.290000915527344,51.28499984741211,51.290000915527344,890.0
2024-07-03 10:03:00,HCM,17.405000686645508,17.405000686645508,17.510000228881836,17.395000457763672,17.40999984741211,4643.0
2024-07-03 10:03:00,HCSG,11.039999961853027,11.039999961853027,11.050000190734863,11.039999961853027,11.050000190734863,708.0
2024-07-03 10:03:00,HITI,2.0899999141693115,2.0899999141693115,2.115000009536743,2.0899999141693115,2.109999895095825,4715.0
2024-07-03 10:03:00,HOLX,73.09500122070312,73.09500122070312,73.09500122070312,73.05999755859375,73.05999755859375,2890.0
2024-07-03 10:03:00,HOWL,2.0799999237060547,2.0799999237060547,2.0899999141693115,2.0799999237060547,2.0899999141693115,308.0
2024-07-03 10:03:00,HQY,83.68000030517578,83.68000030517578,83.97000122070312,83.68000030517578,83.97000122070312,2278.0
2024-07-03 10:03:00,HRTX,2.8399999141693115,2.8399999141693115,2.8450000286102295,2.8350000381469727,2.8450000286102295,1742.0
2024-07-03 10:03:00,HSIC,65.26499938964844,65.26499938964844,65.26499938964844,65.26499938964844,65.26499938964844,995.0
2024-07-03 10:03:00,HUMA,5.609899997711182,5.609899997711182,5.644999980926514,5.590000152587891,5.639999866485596,25163.0
2024-07-03 10:03:00,HYPR,0.9300000071525574,0.9300000071525574,0.9300000071525574,0.9300000071525574,0.9300000071525574,4649.0
2024-07-03 10:03:00,IART,29.0,29.0,29.010000228881836,29.0,29.0,1745.0
2024-07-03 10:03:00,IBRX,6.269999980926514,6.269999980926514,6.300000190734863,6.269999980926514,6.28000020980835,12675.0
2024-07-03 10:03:00,ICLR,319.17999267578125,319.17999267578125,319.17999267578125,317.8999938964844,318.07000732421875,1925.0
2024-07-03 10:03:00,ICUI,117.87000274658203,117.87000274658203,117.87000274658203,117.87000274658203,117.87000274658203,857.0
2024-07-03 10:03:00,IDXX,474.6000061035156,474.6000061035156,475.05999755859375,474.6000061035156,475.05999755859375,2004.0
2024-07-03 10:03:00,IDYA,33.375,33.375,33.375,33.375,33.375,435.0
2024-07-03 10:03:00,IGMS,6.25,6.25,6.304999828338623,6.25,6.304999828338623,639.0
2024-07-03 10:03:00,IKNA,1.6399999856948853,1.6399999856948853,1.6399999856948853,1.6399999856948853,1.6399999856948853,342.0
2024-07-03 10:03:00,ILMN,106.33000183105469,106.33000183105469,106.37000274658203,106.16500091552734,106.16500091552734,5635.0
2024-07-03 10:03:00,IMCR,34.959999084472656,34.959999084472656,34.959999084472656,34.959999084472656,34.959999084472656,588.0
2024-07-03 10:03:00,IMNM,11.892499923706055,11.892499923706055,11.892499923706055,11.890000343322754,11.890000343322754,995.0
2024-07-03 10:03:00,IMUX,1.1200000047683716,1.1200000047683716,1.1200000047683716,1.1200000047683716,1.1200000047683716,200.0
2024-07-03 10:03:00,INCY,58.349998474121094,58.349998474121094,58.43000030517578,58.349998474121094,58.43000030517578,1871.0
2024-07-03 10:03:00,INMB,7.957499980926514,7.957499980926514,7.96999979019165,7.909999847412109,7.96999979019165,1950.0
2024-07-03 10:03:00,INMD,17.75,17.75,17.780000686645508,17.75,17.780000686645508,4752.0
2024-07-03 10:03:00,INSM,64.51000213623047,64.51000213623047,64.68000030517578,64.44000244140625,64.58499908447266,9440.0
2024-07-03 10:03:00,IONM,0.33009999990463257,0.33009999990463257,0.33009999990463257,0.33009999990463257,0.33009999990463257,0.0
2024-07-03 10:03:00,IONS,44.959999084472656,44.959999084472656,44.959999084472656,44.94499969482422,44.95000076293945,1489.0
2024-07-03 10:03:00,IOVA,7.755000114440918,7.755000114440918,7.769999980926514,7.744999885559082,7.744999885559082,15336.0
2024-07-03 10:03:00,IRTC,96.66000366210938,96.66000366210938,96.94999694824219,96.66000366210938,96.94999694824219,2988.0
2024-07-03 10:03:00,IRWD,6.170000076293945,6.170000076293945,6.170000076293945,6.159999847412109,6.159999847412109,3226.0
2024-07-03 10:03:00,ISRG,433.6400146484375,433.6400146484375,434.0899963378906,433.6400146484375,434.0899963378906,3554.0
2024-07-03 10:03:00,ITCI,67.98750305175781,67.98750305175781,68.05999755859375,67.93000030517578,68.0,6124.0
2024-07-03 10:03:00,ITOS,14.75,14.75,14.75,14.75,14.75,154.0
2024-07-03 10:03:00,IXHL,2.8550000190734863,2.8550000190734863,2.8550000190734863,2.8550000190734863,2.8550000190734863,0.0
2024-07-03 10:03:00,JAZZ,105.29000091552734,105.29000091552734,105.29000091552734,105.29000091552734,105.29000091552734,1206.0
2024-07-03 10:03:00,JSPR,23.5,23.5,23.5,23.5,23.5,259.0
2024-07-03 10:03:00,KALV,11.449999809265137,11.449999809265137,11.489999771118164,11.4399995803833,11.489999771118164,1776.0
2024-07-03 10:03:00,KRMD,2.2799999713897705,2.2799999713897705,2.2799999713897705,2.2799999713897705,2.2799999713897705,9.0
2024-07-03 10:03:00,KROS,42.290000915527344,42.290000915527344,42.290000915527344,42.290000915527344,42.290000915527344,509.0
2024-07-03 10:03:00,KTRA,0.27309998869895935,0.27309998869895935,0.27309998869895935,0.2669999897480011,0.2669999897480011,32183.0
2024-07-03 10:03:00,KURA,20.389999389648438,20.389999389648438,20.389999389648438,20.389999389648438,20.389999389648438,670.0
2024-07-03 10:03:00,KYMR,30.40999984741211,30.40999984741211,30.40999984741211,30.40999984741211,30.40999984741211,297.0
2024-07-03 10:03:00,LBPH,31.850000381469727,31.850000381469727,31.850000381469727,31.573999404907227,31.573999404907227,950.0
2024-07-03 10:03:00,LEGN,44.35749816894531,44.35749816894531,44.35749816894531,44.35749816894531,44.35749816894531,421.0
2024-07-03 10:03:00,LFMD,6.739999771118164,6.739999771118164,6.744999885559082,6.730000019073486,6.744999885559082,2232.0
2024-07-03 10:03:00,LFST,5.085000038146973,5.085000038146973,5.105000019073486,5.085000038146973,5.105000019073486,1689.0
2024-07-03 10:03:00,LGVN,1.649999976158142,1.649999976158142,1.649999976158142,1.649999976158142,1.649999976158142,2455.0
2024-07-03 10:03:00,LIVN,52.7400016784668,52.7400016784668,52.7400016784668,52.7400016784668,52.7400016784668,128.0
2024-07-03 10:03:00,LNTH,78.63999938964844,78.63999938964844,78.63999938964844,78.63999938964844,78.63999938964844,310.0
2024-07-03 10:03:00,LOGC,5.659999847412109,5.659999847412109,5.659999847412109,5.659999847412109,5.659999847412109,458.0
2024-07-03 10:03:00,LQDA,11.95359992980957,11.95359992980957,11.95359992980957,11.920000076293945,11.920000076293945,1691.0
2024-07-03 10:03:00,LSTA,3.4700000286102295,3.4700000286102295,3.4700000286102295,3.4700000286102295,3.4700000286102295,1589.0
2024-07-03 10:03:00,LUCY,0.4781999886035919,0.4781999886035919,0.478300005197525,0.47269999980926514,0.47269999980926514,5763.0
2024-07-03 10:03:00,LXRX,1.600100040435791,1.600100040435791,1.6050000190734863,1.600100040435791,1.6050000190734863,8432.0
2024-07-03 10:03:00,LYEL,1.434999942779541,1.434999942779541,1.440000057220459,1.434999942779541,1.440000057220459,1987.0
2024-07-03 10:03:00,MASS,4.755000114440918,4.755000114440918,4.755000114440918,4.755000114440918,4.755000114440918,918.0
2024-07-03 10:03:00,MBIO,0.531499981880188,0.531499981880188,0.531499981880188,0.5299999713897705,0.5299999713897705,8312.0
2024-07-03 10:03:00,MBOT,1.090999960899353,1.090999960899353,1.0920000076293945,1.0902999639511108,1.090999960899353,1851.0
2024-07-03 10:03:00,MDXG,6.769999980926514,6.769999980926514,6.784999847412109,6.769999980926514,6.784999847412109,1701.0
2024-07-03 10:03:00,ME,0.4016999900341034,0.4016999900341034,0.4016999900341034,0.3968000113964081,0.3968999981880188,73696.0
2024-07-03 10:03:00,MGNX,4.231200218200684,4.231200218200684,4.235000133514404,4.21999979019165,4.21999979019165,1886.0
2024-07-03 10:03:00,MGTX,4.010000228881836,4.010000228881836,4.010000228881836,3.9700000286102295,3.9700000286102295,742.0
2024-07-03 10:03:00,MHUA,0.880299985408783,0.880299985408783,0.9136000275611877,0.880299985408783,0.9136000275611877,4508.0
2024-07-03 10:03:00,MIRM,34.17530059814453,34.17530059814453,34.17530059814453,34.17530059814453,34.17530059814453,580.0
2024-07-03 10:03:00,MIST,1.3200000524520874,1.3200000524520874,1.3200000524520874,1.3200000524520874,1.3200000524520874,103.0
2024-07-03 10:03:00,MMSI,85.80999755859375,85.80999755859375,85.80999755859375,85.80999755859375,85.80999755859375,290.0
2024-07-03 10:03:00,MNKD,5.099999904632568,5.099999904632568,5.110000133514404,5.09499979019165,5.099999904632568,6525.0
2024-07-03 10:03:00,MNMD,7.0920000076293945,7.0920000076293945,7.099999904632568,7.0920000076293945,7.099999904632568,1652.0
2024-07-03 10:03:00,MORF,31.635000228881836,31.635000228881836,31.709999084472656,31.600000381469727,31.610000610351562,1468.0
2024-07-03 10:03:00,MOVE,0.3248000144958496,0.3248000144958496,0.3248000144958496,0.3248000144958496,0.3248000144958496,0.0
2024-07-03 10:03:00,MRNA,118.05000305175781,118.05000305175781,118.54000091552734,118.05000305175781,118.33999633789062,8761.0
2024-07-03 10:03:00,MRNS,1.2000000476837158,1.2000000476837158,1.2000000476837158,1.1950000524520874,1.1950000524520874,1867.0
2024-07-03 10:03:00,MRSN,1.8600000143051147,1.8600000143051147,1.8650000095367432,1.8600000143051147,1.8600000143051147,751.0
2024-07-03 10:03:00,MRUS,53.29999923706055,53.29999923706055,53.35499954223633,53.29999923706055,53.35499954223633,362.0
2024-07-03 10:03:00,MRVI,6.803599834442139,6.803599834442139,6.809999942779541,6.803599834442139,6.809999942779541,1645.0
2024-07-03 10:03:00,MYGN,25.239999771118164,25.239999771118164,25.299999237060547,25.239999771118164,25.299999237060547,812.0
2024-07-03 10:03:00,NARI,49.61000061035156,49.61000061035156,49.61000061035156,49.61000061035156,49.61000061035156,287.0
2024-07-03 10:03:00,NAUT,2.2699999809265137,2.2699999809265137,2.2699999809265137,2.2699999809265137,2.2699999809265137,821.0
2024-07-03 10:03:00,NBIX,138.41000366210938,138.41000366210938,138.41000366210938,138.41000366210938,138.41000366210938,211.0
2024-07-03 10:03:00,NDRA,0.08399999886751175,0.08399999886751175,0.08479999750852585,0.08399999886751175,0.08479999750852585,5476.0
2024-07-03 10:03:00,NEO,13.6850004196167,13.6850004196167,13.739999771118164,13.6850004196167,13.739999771118164,770.0
2024-07-03 10:03:00,NEOG,15.085000038146973,15.085000038146973,15.109999656677246,15.055000305175781,15.055000305175781,2661.0
2024-07-03 10:03:00,NKTR,1.1950000524520874,1.1950000524520874,1.2000000476837158,1.1950000524520874,1.2000000476837158,397.0
2024-07-03 10:03:00,NKTX,5.275000095367432,5.275000095367432,5.275000095367432,5.269999980926514,5.269999980926514,1263.0
2024-07-03 10:03:00,NLSP,0.2021999955177307,0.2021999955177307,0.2021999955177307,0.2021999955177307,0.2021999955177307,1750.0
2024-07-03 10:03:00,NNOX,7.059899806976318,7.059899806976318,7.070000171661377,7.050000190734863,7.070000171661377,1510.0
2024-07-03 10:03:00,NRIX,19.329999923706055,19.329999923706055,19.329999923706055,19.11009979248047,19.11009979248047,748.0
2024-07-03 10:03:00,NRSN,1.249899983406067,1.249899983406067,1.25,1.249899983406067,1.25,6620.0
2024-07-03 10:03:00,NTLA,22.34000015258789,22.34000015258789,22.440000534057617,22.34000015258789,22.440000534057617,1756.0
2024-07-03 10:03:00,NTRA,112.2699966430664,112.2699966430664,112.74500274658203,112.25,112.68000030517578,3817.0
2024-07-03 10:03:00,NUTX,5.769999980926514,5.769999980926514,5.769999980926514,5.769999980926514,5.769999980926514,118.0
2024-07-03 10:03:00,NUVL,71.61000061035156,71.61000061035156,71.61000061035156,71.61000061035156,71.61000061035156,1472.0
2024-07-03 10:03:00,NVAX,12.989999771118164,12.989999771118164,13.069999694824219,12.989999771118164,13.069999694824219,6492.0
2024-07-03 10:03:00,NVCR,17.110000610351562,17.110000610351562,17.149999618530273,17.110000610351562,17.149999618530273,2397.0
2024-07-03 10:03:00,NXL,1.5,1.5,1.5,1.4908000230789185,1.4908000230789185,768.0
2024-07-03 10:03:00,OCGN,1.6649999618530273,1.6649999618530273,1.6699999570846558,1.649999976158142,1.6549999713897705,102523.0
2024-07-03 10:03:00,OCUL,6.835000038146973,6.835000038146973,6.840000152587891,6.829999923706055,6.840000152587891,911.0
2024-07-03 10:03:00,OFIX,13.295000076293945,13.295000076293945,13.300000190734863,13.295000076293945,13.300000190734863,217.0
2024-07-03 10:03:00,OGI,1.5499999523162842,1.5499999523162842,1.5499999523162842,1.5499999523162842,1.5499999523162842,1880.0
2024-07-03 10:03:00,OLK,25.790000915527344,25.790000915527344,25.795000076293945,25.790000915527344,25.795000076293945,5397.0
2024-07-03 10:03:00,OLMA,10.520000457763672,10.520000457763672,10.520000457763672,10.520000457763672,10.520000457763672,420.0
2024-07-03 10:03:00,OM,3.700000047683716,3.700000047683716,3.700000047683716,3.700000047683716,3.700000047683716,789.0
2024-07-03 10:03:00,OMCL,26.1299991607666,26.1299991607666,26.1299991607666,26.1299991607666,26.1299991607666,1051.0
2024-07-03 10:03:00,OMGA,2.049999952316284,2.049999952316284,2.049999952316284,2.049999952316284,2.049999952316284,449.0
2024-07-03 10:03:00,ONCY,1.0099999904632568,1.0099999904632568,1.0099999904632568,1.0099999904632568,1.0099999904632568,27444.0
2024-07-03 10:04:00,AADI,1.340000033378601,1.340000033378601,1.340000033378601,1.340000033378601,1.340000033378601,586.0
2024-07-03 10:04:00,ABCL,2.7699999809265137,2.7699999809265137,2.7699999809265137,2.768199920654297,2.768199920654297,208.0
2024-07-03 10:04:00,ABSI,3.184999942779541,3.184999942779541,3.200000047683716,3.1700000762939453,3.200000047683716,3922.0
2024-07-03 10:04:00,ACAD,15.739999771118164,15.739999771118164,15.760000228881836,15.739999771118164,15.75,1665.0
2024-07-03 10:04:00,ACB,4.769999980926514,4.769999980926514,4.769999980926514,4.760000228881836,4.760000228881836,1235.0
2024-07-03 10:04:00,ACCD,3.5199999809265137,3.5199999809265137,3.5350000858306885,3.5199999809265137,3.5350000858306885,9825.0
2024-07-03 10:04:00,ACET,1.065000057220459,1.065000057220459,1.065000057220459,1.059999942779541,1.059999942779541,1833.0
2024-07-03 10:04:00,ACHC,65.94999694824219,65.94999694824219,65.98999786376953,65.93000030517578,65.93000030517578,1618.0
2024-07-03 10:04:00,ACHL,0.8299999833106995,0.8299999833106995,0.8299999833106995,0.8299999833106995,0.8299999833106995,0.0
2024-07-03 10:04:00,ADAP,1.0199999809265137,1.0199999809265137,1.0199999809265137,1.0049999952316284,1.0049999952316284,9500.0
2024-07-03 10:04:00,ADIL,1.0400999784469604,1.0400999784469604,1.0400999784469604,1.0400999784469604,1.0400999784469604,2000.0
2024-07-03 10:04:00,ADMA,11.255000114440918,11.255000114440918,11.260000228881836,11.25,11.260000228881836,2157.0
2024-07-03 10:04:00,AGIO,42.19499969482422,42.19499969482422,42.19499969482422,42.19499969482422,42.19499969482422,676.0
2024-07-03 10:04:00,AHCO,9.729999542236328,9.729999542236328,9.729999542236328,9.710000038146973,9.71500015258789,1178.0
2024-07-03 10:04:00,AKBA,0.9343000054359436,0.9343000054359436,0.9376000165939331,0.933899998664856,0.9369000196456909,10331.0
2024-07-03 10:04:00,AKRO,22.0,22.0,22.0,22.0,22.0,1227.0
2024-07-03 10:04:00,ALDX,3.240000009536743,3.240000009536743,3.240000009536743,3.2300000190734863,3.2300000190734863,430.0
2024-07-03 10:04:00,ALEC,4.389999866485596,4.389999866485596,4.400000095367432,4.389999866485596,4.400000095367432,1133.0
2024-07-03 10:04:00,ALGN,237.14999389648438,237.14999389648438,237.7100067138672,237.14999389648438,237.7100067138672,1294.0
2024-07-03 10:04:00,ALKS,24.290000915527344,24.290000915527344,24.299999237060547,24.290000915527344,24.299999237060547,1371.0
2024-07-03 10:04:00,ALLK,0.8414000272750854,0.8414000272750854,0.8414000272750854,0.8398000001907349,0.8398000001907349,2193.0
2024-07-03 10:04:00,ALLO,2.119999885559082,2.119999885559082,2.125,2.119999885559082,2.125,4587.0
2024-07-03 10:04:00,ALLR,0.20600000023841858,0.20600000023841858,0.20759999752044678,0.20600000023841858,0.20759999752044678,11160.0
2024-07-03 10:04:00,ALNY,247.0050048828125,247.0050048828125,247.1199951171875,247.0050048828125,247.1199951171875,3283.0
2024-07-03 10:04:00,ALT,6.744999885559082,6.744999885559082,6.744999885559082,6.724999904632568,6.728700160980225,2743.0
2024-07-03 10:04:00,ALZN,0.40799999237060547,0.40799999237060547,0.40799999237060547,0.40799999237060547,0.40799999237060547,340.0
2024-07-03 10:04:00,AMED,96.5999984741211,96.5999984741211,96.61000061035156,96.55000305175781,96.60399627685547,2232.0
2024-07-03 10:04:00,AMGN,311.7250061035156,311.7250061035156,311.7250061035156,311.6119079589844,311.6119079589844,697.0
2024-07-03 10:04:00,AMPH,37.970001220703125,37.970001220703125,37.970001220703125,37.970001220703125,37.970001220703125,167.0
2024-07-03 10:04:00,ANNX,4.690000057220459,4.690000057220459,4.690000057220459,4.675000190734863,4.675000190734863,4876.0
2024-07-03 10:04:00,ANTX,2.5501999855041504,2.5501999855041504,2.5580999851226807,2.550100088119507,2.553100109100342,3770.0
2024-07-03 10:04:00,APLT,4.429999828338623,4.429999828338623,4.429999828338623,4.429999828338623,4.429999828338623,304.0
2024-07-03 10:04:00,AQST,2.384999990463257,2.384999990463257,2.384999990463257,2.384999990463257,2.384999990463257,817.0
2024-07-03 10:04:00,ARCT,21.489999771118164,21.489999771118164,21.489999771118164,21.489999771118164,21.489999771118164,438.0
2024-07-03 10:04:00,ARDX,5.15500020980835,5.15500020980835,5.159999847412109,5.15500020980835,5.15500020980835,17083.0
2024-07-03 10:04:00,ARGX,435.9549865722656,435.9549865722656,435.9549865722656,435.9549865722656,435.9549865722656,132.0
2024-07-03 10:04:00,ARQT,9.449999809265137,9.449999809265137,9.468000411987305,9.425000190734863,9.46500015258789,4436.0
2024-07-03 10:04:00,ARWR,25.325000762939453,25.325000762939453,25.325000762939453,25.325000762939453,25.325000762939453,373.0
2024-07-03 10:04:00,ASRT,1.2900999784469604,1.2900999784469604,1.2999999523162842,1.2899999618530273,1.2999999523162842,1809.0
2024-07-03 10:04:00,ATEC,9.914999961853027,9.914999961853027,9.914999961853027,9.914999961853027,9.914999961853027,400.0
2024-07-03 10:04:00,ATHA,2.5799999237060547,2.5799999237060547,2.5799999237060547,2.5799999237060547,2.5799999237060547,0.0
2024-07-03 10:04:00,ATRC,22.149999618530273,22.149999618530273,22.149999618530273,22.09000015258789,22.104999542236328,1627.0
2024-07-03 10:04:00,AUPH,5.465000152587891,5.465000152587891,5.465000152587891,5.465000152587891,5.465000152587891,836.0
2024-07-03 10:04:00,AUTL,3.434999942779541,3.434999942779541,3.434999942779541,3.4100000858306885,3.4100000858306885,4205.0
2024-07-03 10:04:00,AVDL,14.260000228881836,14.260000228881836,14.289999961853027,14.180000305175781,14.1899995803833,7371.0
2024-07-03 10:04:00,AVIR,3.25,3.25,3.25,3.25,3.25,229.0
2024-07-03 10:04:00,AVTE,1.5700000524520874,1.5700000524520874,1.5750000476837158,1.5700000524520874,1.5700000524520874,2324.0
2024-07-03 10:04:00,AVXL,4.175000190734863,4.175000190734863,4.179999828338623,4.175000190734863,4.179999828338623,548.0
2024-07-03 10:04:00,AXGN,7.340000152587891,7.340000152587891,7.340000152587891,7.340000152587891,7.340000152587891,6199.0
2024-07-03 10:04:00,AXSM,79.37000274658203,79.37000274658203,79.37000274658203,79.36499786376953,79.36499786376953,1308.0
2024-07-03 10:04:00,AZN,76.68499755859375,76.68499755859375,76.75,76.67559814453125,76.75,11238.0
2024-07-03 10:04:00,AZTA,52.400001525878906,52.400001525878906,52.400001525878906,52.400001525878906,52.400001525878906,5350.0
2024-07-03 10:04:00,BBIO,24.969999313354492,24.969999313354492,24.969999313354492,24.969999313354492,24.969999313354492,1567.0
2024-07-03 10:04:00,BCAB,1.309999942779541,1.309999942779541,1.309999942779541,1.3049999475479126,1.3049999475479126,0.0
2024-07-03 10:04:00,BCRX,6.639999866485596,6.639999866485596,6.650000095367432,6.639999866485596,6.650000095367432,4176.0
2024-07-03 10:04:00,BCTX,1.0299999713897705,1.0299999713897705,1.0299999713897705,1.0299999713897705,1.0299999713897705,300.0
2024-07-03 10:04:00,BEAM,23.139999389648438,23.139999389648438,23.190000534057617,23.139999389648438,23.15999984741211,2072.0
2024-07-03 10:04:00,BEAT,2.7295000553131104,2.7295000553131104,2.7681000232696533,2.7295000553131104,2.7681000232696533,5607.0
2024-07-03 10:04:00,BIIB,226.75999450683594,226.75999450683594,227.0800018310547,226.75999450683594,227.0800018310547,825.0
2024-07-03 10:04:00,BLUE,0.9168000221252441,0.9168000221252441,0.9175000190734863,0.9161999821662903,0.9175000190734863,3131.0
2024-07-03 10:04:00,BMEA,4.440000057220459,4.440000057220459,4.454999923706055,4.440000057220459,4.454999923706055,1532.0
2024-07-03 10:04:00,BMRA,0.45489999651908875,0.45489999651908875,0.45489999651908875,0.45489999651908875,0.45489999651908875,100.0
2024-07-03 10:04:00,BMRN,81.7699966430664,81.7699966430664,81.91000366210938,81.72000122070312,81.91000366210938,2666.0
2024-07-03 10:04:00,BNGO,0.5602999925613403,0.5602999925613403,0.5604000091552734,0.5602999925613403,0.5602999925613403,4476.0
2024-07-03 10:04:00,BNTX,81.41999816894531,81.41999816894531,81.4800033569336,81.4000015258789,81.41000366210938,1160.0
2024-07-03 10:04:00,BRKR,62.165000915527344,62.165000915527344,62.165000915527344,62.130001068115234,62.130001068115234,870.0
2024-07-03 10:04:00,BTAI,1.0850000381469727,1.0850000381469727,1.0850000381469727,1.065000057220459,1.065000057220459,6205.0
2024-07-03 10:04:00,BTMD,7.429999828338623,7.429999828338623,7.429999828338623,7.429999828338623,7.429999828338623,590.0
2024-07-03 10:04:00,BVS,6.005000114440918,6.005000114440918,6.005000114440918,6.005000114440918,6.005000114440918,104.0
2024-07-03 10:04:00,CABA,7.605000019073486,7.605000019073486,7.619999885559082,7.510000228881836,7.510000228881836,12989.0
2024-07-03 10:04:00,CADL,6.144999980926514,6.144999980926514,6.144999980926514,6.144999980926514,6.144999980926514,3368.0
2024-07-03 10:04:00,CCCC,4.659999847412109,4.659999847412109,4.670000076293945,4.639999866485596,4.659999847412109,3698.0
2024-07-03 10:04:00,CDMO,7.690000057220459,7.690000057220459,7.697199821472168,7.600100040435791,7.614999771118164,11133.0
2024-07-03 10:04:00,CDNA,15.1899995803833,15.1899995803833,15.1899995803833,15.1899995803833,15.1899995803833,363.0
2024-07-03 10:04:00,CELC,16.270000457763672,16.270000457763672,16.270000457763672,16.270000457763672,16.270000457763672,793.0
2024-07-03 10:04:00,CERE,41.27000045776367,41.27000045776367,41.30500030517578,41.27000045776367,41.29999923706055,3823.0
2024-07-03 10:04:00,CERT,13.760000228881836,13.760000228881836,13.760000228881836,13.739999771118164,13.739999771118164,1815.0
2024-07-03 10:04:00,CGC,6.559999942779541,6.559999942779541,6.559999942779541,6.550000190734863,6.550000190734863,9098.0
2024-07-03 10:04:00,CGEM,16.34000015258789,16.34000015258789,16.34000015258789,16.34000015258789,16.34000015258789,118.0
2024-07-03 10:04:00,CGEN,1.690000057220459,1.690000057220459,1.690000057220459,1.690000057220459,1.690000057220459,456.0
2024-07-03 10:04:00,CHRS,1.3650000095367432,1.3650000095367432,1.3650000095367432,1.3600000143051147,1.3650000095367432,7941.0
2024-07-03 10:04:00,CING,0.3043000102043152,0.3043000102043152,0.3043000102043152,0.3043000102043152,0.3043000102043152,350.0
2024-07-03 10:04:00,CKPT,2.2699999809265137,2.2699999809265137,2.279900074005127,2.200000047683716,2.2200000286102295,16912.0
2024-07-03 10:04:00,CLDX,36.0099983215332,36.0099983215332,36.04999923706055,35.97999954223633,36.029998779296875,1827.0
2024-07-03 10:04:00,CLOV,1.2450000047683716,1.2450000047683716,1.249500036239624,1.2400000095367432,1.2400000095367432,6304.0
2024-07-03 10:04:00,CMPS,6.159999847412109,6.159999847412109,6.159999847412109,6.159999847412109,6.159999847412109,231.0
2024-07-03 10:04:00,CNSP,2.2899999618530273,2.2899999618530273,2.319999933242798,2.25,2.309799909591675,215515.0
2024-07-03 10:04:00,COGT,8.3100004196167,8.3100004196167,8.324999809265137,8.3100004196167,8.324999809265137,1276.0
2024-07-03 10:04:00,COLL,32.224998474121094,32.224998474121094,32.224998474121094,32.224998474121094,32.224998474121094,240.0
2024-07-03 10:04:00,CORT,31.443300247192383,31.443300247192383,31.443300247192383,31.43000030517578,31.43000030517578,902.0
2024-07-03 10:04:00,CPRX,15.779999732971191,15.779999732971191,15.819999694824219,15.779999732971191,15.819999694824219,853.0
2024-07-03 10:04:00,CRBU,1.5791000127792358,1.5791000127792358,1.5791000127792358,1.5791000127792358,1.5791000127792358,1287.0
2024-07-03 10:04:00,CRDL,1.9299999475479126,1.9299999475479126,1.9299999475479126,1.9199999570846558,1.9199999570846558,982.0
2024-07-03 10:04:00,CRMD,4.135700225830078,4.135700225830078,4.139999866485596,4.130000114440918,4.130000114440918,993.0
2024-07-03 10:04:00,CRNX,44.6349983215332,44.6349983215332,44.70000076293945,44.599998474121094,44.70000076293945,5492.0
2024-07-03 10:04:00,CRON,2.319999933242798,2.319999933242798,2.319999933242798,2.319999933242798,2.319999933242798,313.0
2024-07-03 10:04:00,CRSP,53.95000076293945,53.95000076293945,53.95000076293945,53.939998626708984,53.94990158081055,2983.0
2024-07-03 10:04:00,CSTL,21.315000534057617,21.315000534057617,21.315000534057617,21.315000534057617,21.315000534057617,310.0
2024-07-03 10:04:00,CTMX,1.3300000429153442,1.3300000429153442,1.3300000429153442,1.3250000476837158,1.3250000476837158,3354.0
2024-07-03 10:04:00,CTXR,0.5199999809265137,0.5199999809265137,0.5199999809265137,0.5199999809265137,0.5199999809265137,1195.0
2024-07-03 10:04:00,CUE,1.0099999904632568,1.0099999904632568,1.0199999809265137,1.0099999904632568,1.0199999809265137,1100.0
2024-07-03 10:04:00,CVAC,3.4049999713897705,3.4049999713897705,3.4049999713897705,3.390000104904175,3.399899959564209,15867.0
2024-07-03 10:04:00,CVRX,11.765000343322754,11.765000343322754,11.84000015258789,11.649999618530273,11.649999618530273,10888.0
2024-07-03 10:04:00,CYTK,54.63999938964844,54.63999938964844,54.63999938964844,54.599998474121094,54.599998474121094,944.0
2024-07-03 10:04:00,DAWN,13.40999984741211,13.40999984741211,13.40999984741211,13.325499534606934,13.325499534606934,3188.0
2024-07-03 10:04:00,DNLI,22.059999465942383,22.059999465942383,22.094999313354492,22.030000686645508,22.094999313354492,2666.0
2024-07-03 10:04:00,DXCM,110.30000305175781,110.30000305175781,110.30000305175781,110.11499786376953,110.22000122070312,6914.0
2024-07-03 10:04:00,DYN,34.290000915527344,34.290000915527344,34.290000915527344,34.2599983215332,34.2599983215332,830.0
2024-07-03 10:04:00,EDIT,4.585000038146973,4.585000038146973,4.585000038146973,4.585000038146973,4.585000038146973,1674.0
2024-07-03 10:04:00,EGRX,5.25,5.25,5.25,5.25,5.25,401.0
2024-07-03 10:04:00,ELEV,2.7249999046325684,2.7249999046325684,2.7249999046325684,2.7249999046325684,2.7249999046325684,597.0
2024-07-03 10:04:00,ENSG,125.9000015258789,125.9000015258789,125.9000015258789,125.9000015258789,125.9000015258789,341.0
2024-07-03 10:04:00,ENTX,1.6200000047683716,1.6200000047683716,1.6200000047683716,1.6200000047683716,1.6200000047683716,253.0
2024-07-03 10:04:00,EPIX,4.910399913787842,4.910399913787842,4.919000148773193,4.900000095367432,4.900000095367432,2512.0
2024-07-03 10:04:00,ERAS,2.2100000381469727,2.2100000381469727,2.2100000381469727,2.2100000381469727,2.2100000381469727,127.0
2024-07-03 10:04:00,ESPR,2.3399999141693115,2.3399999141693115,2.3399999141693115,2.3299999237060547,2.3350000381469727,4475.0
2024-07-03 10:04:00,EVO,5.076300144195557,5.076300144195557,5.076300144195557,5.076300144195557,5.076300144195557,411.0
2024-07-03 10:04:00,EXAI,5.320000171661377,5.320000171661377,5.329999923706055,5.320000171661377,5.329999923706055,345.0
2024-07-03 10:04:00,EXAS,43.35499954223633,43.35499954223633,43.41999816894531,43.31999969482422,43.369998931884766,3955.0
2024-07-03 10:04:00,EXEL,22.155000686645508,22.155000686645508,22.15999984741211,22.145000457763672,22.15999984741211,2075.0
2024-07-03 10:04:00,EYPT,8.1899995803833,8.1899995803833,8.1899995803833,8.1899995803833,8.1899995803833,163.0
2024-07-03 10:04:00,FATE,3.2149999141693115,3.2149999141693115,3.2200000286102295,3.2100000381469727,3.2149999141693115,6374.0
2024-07-03 10:04:00,FBIO,1.7400000095367432,1.7400000095367432,1.7400000095367432,1.729099988937378,1.729099988937378,469.0
2024-07-03 10:04:00,FDMT,20.6200008392334,20.6200008392334,20.665000915527344,20.6200008392334,20.6200008392334,741.0
2024-07-03 10:04:00,FGEN,0.7175999879837036,0.7175999879837036,0.7193999886512756,0.7157999873161316,0.7157999873161316,50012.0
2024-07-03 10:04:00,FLGC,0.8999999761581421,0.8999999761581421,0.9200000166893005,0.8999999761581421,0.9200000166893005,3318.0
2024-07-03 10:04:00,FLGT,20.020000457763672,20.020000457763672,20.020000457763672,20.020000457763672,20.020000457763672,183.0
2024-07-03 10:04:00,FOLD,9.880000114440918,9.880000114440918,9.880000114440918,9.869999885559082,9.869999885559082,1091.0
2024-07-03 10:04:00,FULC,6.050000190734863,6.050000190734863,6.050000190734863,6.050000190734863,6.050000190734863,1157.0
2024-07-03 10:04:00,GANX,1.190000057220459,1.190000057220459,1.190000057220459,1.190000057220459,1.190000057220459,0.0
2024-07-03 10:04:00,GDRX,7.791399955749512,7.791399955749512,7.809999942779541,7.784999847412109,7.809999942779541,6604.0
2024-07-03 10:04:00,GERN,4.320000171661377,4.320000171661377,4.320000171661377,4.309999942779541,4.315000057220459,26219.0
2024-07-03 10:04:00,GILD,67.27999877929688,67.27999877929688,67.33000183105469,67.23999786376953,67.33000183105469,8760.0
2024-07-03 10:04:00,GLUE,3.5999999046325684,3.5999999046325684,3.5999999046325684,3.5999999046325684,3.5999999046325684,300.0
2024-07-03 10:04:00,GLYC,0.2671000063419342,0.2671000063419342,0.2671000063419342,0.2671000063419342,0.2671000063419342,58.0
2024-07-03 10:04:00,GOSS,0.9301000237464905,0.9301000237464905,0.9316999912261963,0.9301000237464905,0.9316999912261963,700.0
2024-07-03 10:04:00,GOVX,3.1010000705718994,3.1010000705718994,3.1700000762939453,3.0999999046325684,3.1700000762939453,2915.0
2024-07-03 10:04:00,GRFS,6.650000095367432,6.650000095367432,6.650000095367432,6.639999866485596,6.644999980926514,8045.0
2024-07-03 10:04:00,GRTS,0.5641000270843506,0.5641000270843506,0.5716999769210815,0.5641000270843506,0.5716999769210815,26529.0
2024-07-03 10:04:00,GTBP,2.7578999996185303,2.7578999996185303,2.7578999996185303,2.7578999996185303,2.7578999996185303,0.0
2024-07-03 10:04:00,GTHX,2.5350000858306885,2.5350000858306885,2.5350000858306885,2.5299999713897705,2.5299999713897705,2108.0
2024-07-03 10:04:00,HALO,51.279998779296875,51.279998779296875,51.32500076293945,51.279998779296875,51.32500076293945,1075.0
2024-07-03 10:04:00,HCAT,6.074999809265137,6.074999809265137,6.074999809265137,6.074999809265137,6.074999809265137,304.0
2024-07-03 10:04:00,HCM,17.459999084472656,17.459999084472656,17.466999053955078,17.459999084472656,17.459999084472656,2558.0
2024-07-03 10:04:00,HCSG,11.024999618530273,11.024999618530273,11.029999732971191,11.024999618530273,11.029999732971191,718.0
2024-07-03 10:04:00,HITI,2.0799999237060547,2.0799999237060547,2.0959999561309814,2.0799999237060547,2.0908000469207764,11926.0
2024-07-03 10:04:00,HOLX,73.02999877929688,73.02999877929688,73.11000061035156,73.0199966430664,73.08000183105469,5721.0
2024-07-03 10:04:00,HOWL,2.0899999141693115,2.0899999141693115,2.109999895095825,2.0899999141693115,2.109999895095825,324.0
2024-07-03 10:04:00,HQY,83.5199966430664,83.5199966430664,83.53500366210938,83.45999908447266,83.53500366210938,1081.0
2024-07-03 10:04:00,HRMY,30.219999313354492,30.219999313354492,30.219999313354492,30.219999313354492,30.219999313354492,237.0
2024-07-03 10:04:00,HROW,21.65999984741211,21.65999984741211,21.65999984741211,21.6200008392334,21.6200008392334,1139.0
2024-07-03 10:04:00,HRTX,2.8350000381469727,2.8350000381469727,2.8350000381469727,2.8350000381469727,2.8350000381469727,966.0
2024-07-03 10:04:00,HSIC,65.25,65.25,65.25,65.25,65.25,329.0
2024-07-03 10:04:00,HUMA,5.646500110626221,5.646500110626221,5.646500110626221,5.60129976272583,5.60129976272583,10268.0
2024-07-03 10:04:00,IBRX,6.269899845123291,6.269899845123291,6.269999980926514,6.260000228881836,6.269999980926514,1834.0
2024-07-03 10:04:00,ICUI,117.69499969482422,117.69499969482422,117.69499969482422,117.69499969482422,117.69499969482422,590.0
2024-07-03 10:04:00,IDXX,474.6000061035156,474.6000061035156,474.6000061035156,474.6000061035156,474.6000061035156,1691.0
2024-07-03 10:04:00,IDYA,33.34000015258789,33.34000015258789,33.34000015258789,33.290000915527344,33.290000915527344,397.0
2024-07-03 10:04:00,IGMS,6.309999942779541,6.309999942779541,6.340000152587891,6.269999980926514,6.269999980926514,1727.0
2024-07-03 10:04:00,ILMN,106.30500030517578,106.30500030517578,106.41999816894531,106.27999877929688,106.33499908447266,10272.0
2024-07-03 10:04:00,IMAB,1.5800000429153442,1.5800000429153442,1.5800000429153442,1.5800000429153442,1.5800000429153442,229.0
2024-07-03 10:04:00,IMCR,34.959999084472656,34.959999084472656,34.959999084472656,34.959999084472656,34.959999084472656,489.0
2024-07-03 10:04:00,INCR,2.059999942779541,2.059999942779541,2.059999942779541,2.059999942779541,2.059999942779541,286.0
2024-07-03 10:04:00,INCY,58.314998626708984,58.314998626708984,58.35499954223633,58.2599983215332,58.35499954223633,4846.0
2024-07-03 10:04:00,INMB,7.954999923706055,7.954999923706055,7.954999923706055,7.954999923706055,7.954999923706055,914.0
2024-07-03 10:04:00,INMD,17.760000228881836,17.760000228881836,17.760000228881836,17.7549991607666,17.7549991607666,2216.0
2024-07-03 10:04:00,INSM,64.38999938964844,64.38999938964844,64.52999877929688,64.38999938964844,64.52999877929688,2473.0
2024-07-03 10:04:00,INVA,16.405000686645508,16.405000686645508,16.405000686645508,16.405000686645508,16.405000686645508,4565.0
2024-07-03 10:04:00,IONM,0.33009999990463257,0.33009999990463257,0.33009999990463257,0.33009999990463257,0.33009999990463257,136.0
2024-07-03 10:04:00,IONS,44.95500183105469,44.95500183105469,44.959999084472656,44.95500183105469,44.959999084472656,470.0
2024-07-03 10:04:00,IOVA,7.755000114440918,7.755000114440918,7.755000114440918,7.750100135803223,7.755000114440918,5976.0
2024-07-03 10:04:00,IPSC,2.2899999618530273,2.2899999618530273,2.2899999618530273,2.2899999618530273,2.2899999618530273,322.0
2024-07-03 10:04:00,IRTC,96.43499755859375,96.43499755859375,96.66999816894531,96.43499755859375,96.4800033569336,4158.0
2024-07-03 10:04:00,IRWD,6.184999942779541,6.184999942779541,6.184999942779541,6.184999942779541,6.184999942779541,850.0
2024-07-03 10:04:00,ISRG,433.9800109863281,433.9800109863281,434.1000061035156,433.3399963378906,433.82000732421875,6880.0
2024-07-03 10:04:00,ITCI,68.0,68.0,68.06999969482422,67.94339752197266,67.9800033569336,936.0
2024-07-03 10:04:00,JSPR,23.5,23.5,23.5,23.5,23.5,501.0
2024-07-03 10:04:00,KALV,11.454999923706055,11.454999923706055,11.454999923706055,11.449999809265137,11.449999809265137,1645.0
2024-07-03 10:04:00,KPRX,4.230000019073486,4.230000019073486,4.230000019073486,4.230000019073486,4.230000019073486,153.0
2024-07-03 10:04:00,KPTI,0.8313000202178955,0.8313000202178955,0.8319000005722046,0.8313000202178955,0.8319000005722046,1602.0
2024-07-03 10:04:00,KRMD,2.2799999713897705,2.2799999713897705,2.2799999713897705,2.2799999713897705,2.2799999713897705,590.0
2024-07-03 10:04:00,KROS,42.40999984741211,42.40999984741211,42.4900016784668,42.3849983215332,42.4900016784668,522.0
2024-07-03 10:04:00,KTRA,0.2750000059604645,0.2750000059604645,0.2750000059604645,0.2718999981880188,0.2718999981880188,5758.0
2024-07-03 10:04:00,KURA,20.389999389648438,20.389999389648438,20.389999389648438,20.389999389648438,20.389999389648438,468.0
2024-07-03 10:04:00,KYMR,30.3799991607666,30.3799991607666,30.389999389648438,30.360000610351562,30.389999389648438,434.0
2024-07-03 10:04:00,LEGN,44.380001068115234,44.380001068115234,44.380001068115234,44.380001068115234,44.380001068115234,332.0
2024-07-03 10:04:00,LFST,5.09499979019165,5.09499979019165,5.09499979019165,5.09499979019165,5.09499979019165,313.0
2024-07-03 10:04:00,LGND,84.47209930419922,84.47209930419922,84.47209930419922,84.47209930419922,84.47209930419922,485.0
2024-07-03 10:04:00,LGVN,1.6234999895095825,1.6234999895095825,1.6299999952316284,1.6234999895095825,1.6299999952316284,1262.0
2024-07-03 10:04:00,LMAT,81.66999816894531,81.66999816894531,81.66999816894531,81.66999816894531,81.66999816894531,1047.0
2024-07-03 10:04:00,LNTH,78.5199966430664,78.5199966430664,78.5199966430664,78.5199966430664,78.5199966430664,216.0
2024-07-03 10:04:00,LUCY,0.46810001134872437,0.46810001134872437,0.4699999988079071,0.46810001134872437,0.4699999988079071,2286.0
2024-07-03 10:04:00,LXRX,1.6050000190734863,1.6050000190734863,1.6050000190734863,1.6050000190734863,1.6050000190734863,2178.0
2024-07-03 10:04:00,LYEL,1.4450000524520874,1.4450000524520874,1.4450000524520874,1.434999942779541,1.434999942779541,4570.0
2024-07-03 10:04:00,MASI,113.0,113.0,113.27999877929688,113.0,113.27999877929688,851.0
2024-07-03 10:04:00,MBIO,0.5206000208854675,0.5206000208854675,0.5299999713897705,0.5206000208854675,0.5299999713897705,113922.0
2024-07-03 10:04:00,MBOT,1.0800000429153442,1.0800000429153442,1.090000033378601,1.0720000267028809,1.090000033378601,8249.0
2024-07-03 10:04:00,MDWD,15.539999961853027,15.539999961853027,15.539999961853027,15.539999961853027,15.539999961853027,546.0
2024-07-03 10:04:00,MDXG,6.769999980926514,6.769999980926514,6.775000095367432,6.764999866485596,6.764999866485596,1521.0
2024-07-03 10:04:00,ME,0.40459999442100525,0.40459999442100525,0.40459999442100525,0.400299996137619,0.4016999900341034,35856.0
2024-07-03 10:04:00,MGNX,4.235000133514404,4.235000133514404,4.235000133514404,4.235000133514404,4.235000133514404,200.0
2024-07-03 10:04:00,MGTX,3.9700000286102295,3.9700000286102295,4.003699779510498,3.9700000286102295,4.0,1178.0
2024-07-03 10:04:00,MMSI,85.83999633789062,85.83999633789062,85.83999633789062,85.83999633789062,85.83999633789062,715.0
2024-07-03 10:04:00,MNKD,5.099999904632568,5.099999904632568,5.099999904632568,5.09499979019165,5.09499979019165,2766.0
2024-07-03 10:04:00,MNMD,7.110000133514404,7.110000133514404,7.110000133514404,7.099999904632568,7.099999904632568,2356.0
2024-07-03 10:04:00,MNPR,0.7099999785423279,0.7099999785423279,0.7099999785423279,0.7099999785423279,0.7099999785423279,0.0
2024-07-03 10:04:00,MORF,31.735000610351562,31.735000610351562,31.735000610351562,31.735000610351562,31.735000610351562,224.0
2024-07-03 10:04:00,MOVE,0.3248000144958496,0.3248000144958496,0.3248000144958496,0.3248000144958496,0.3248000144958496,100.0
2024-07-03 10:04:00,MREO,3.4549999237060547,3.4549999237060547,3.4549999237060547,3.4549999237060547,3.4549999237060547,145.0
2024-07-03 10:04:00,MRNA,117.94999694824219,117.94999694824219,118.11000061035156,117.66999816894531,117.9800033569336,7350.0
2024-07-03 10:04:00,MRNS,1.1900999546051025,1.1900999546051025,1.1900999546051025,1.1900999546051025,1.1900999546051025,1116.0
2024-07-03 10:04:00,MRSN,1.8600000143051147,1.8600000143051147,1.8650000095367432,1.8600000143051147,1.8650000095367432,773.0
2024-07-03 10:04:00,MRUS,53.45000076293945,53.45000076293945,53.45000076293945,53.45000076293945,53.45000076293945,571.0
2024-07-03 10:04:00,MRVI,6.804999828338623,6.804999828338623,6.804999828338623,6.789999961853027,6.800000190734863,2537.0
2024-07-03 10:04:00,MXCT,3.694999933242798,3.694999933242798,3.7200000286102295,3.694999933242798,3.7149999141693115,4637.0
2024-07-03 10:04:00,MYGN,25.299999237060547,25.299999237060547,25.299999237060547,25.299999237060547,25.299999237060547,176.0
2024-07-03 10:04:00,NARI,49.525001525878906,49.525001525878906,49.525001525878906,49.525001525878906,49.525001525878906,393.0
2024-07-03 10:04:00,NBIX,138.75999450683594,138.75999450683594,138.75999450683594,138.56500244140625,138.6999969482422,724.0
2024-07-03 10:04:00,NDRA,0.0843999981880188,0.0843999981880188,0.0843999981880188,0.08410000056028366,0.08410000056028366,7666.0
2024-07-03 10:04:00,NEOG,15.074999809265137,15.074999809265137,15.074999809265137,15.069999694824219,15.069999694824219,672.0
2024-07-03 10:04:00,NKTR,1.1950000524520874,1.1950000524520874,1.1950000524520874,1.1950000524520874,1.1950000524520874,361.0
2024-07-03 10:04:00,NLSP,0.20360000431537628,0.20360000431537628,0.20360000431537628,0.20360000431537628,0.20360000431537628,1000.0
2024-07-03 10:04:00,NNOX,7.050000190734863,7.050000190734863,7.059899806976318,7.050000190734863,7.059899806976318,2717.0
2024-07-03 10:04:00,NRC,22.899999618530273,22.899999618530273,22.899999618530273,22.899999618530273,22.899999618530273,349.0
2024-07-03 10:04:00,NRIX,19.239999771118164,19.239999771118164,19.385000228881836,19.199499130249023,19.199499130249023,20726.0
2024-07-03 10:04:00,NRSN,1.3115999698638916,1.3115999698638916,1.3115999698638916,1.2599999904632568,1.2599999904632568,4957.0
2024-07-03 10:04:00,NTLA,22.329999923706055,22.329999923706055,22.329999923706055,22.299999237060547,22.299999237060547,4679.0
2024-07-03 10:04:00,NTRA,112.22000122070312,112.22000122070312,112.45249938964844,112.04000091552734,112.25,1735.0
2024-07-03 10:04:00,NUTX,5.769999980926514,5.769999980926514,5.769999980926514,5.650000095367432,5.650000095367432,792.0
2024-07-03 10:04:00,NVAX,12.960000038146973,12.960000038146973,13.015000343322754,12.960000038146973,13.015000343322754,5914.0
2024-07-03 10:04:00,NVCR,17.100000381469727,17.100000381469727,17.100000381469727,17.100000381469727,17.100000381469727,1059.0
2024-07-03 10:04:00,NVCT,6.199999809265137,6.199999809265137,6.28000020980835,6.199999809265137,6.209000110626221,5619.0
2024-07-03 10:04:00,NXL,1.4900000095367432,1.4900000095367432,1.4900000095367432,1.4900000095367432,1.4900000095367432,425.0
2024-07-03 10:04:00,OCGN,1.6649999618530273,1.6649999618530273,1.6649999618530273,1.6649999618530273,1.6649999618530273,5784.0
2024-07-03 10:04:00,OFIX,13.289999961853027,13.289999961853027,13.289999961853027,13.289999961853027,13.289999961853027,235.0
2024-07-03 10:04:00,OLMA,10.520000457763672,10.520000457763672,10.520000457763672,10.520000457763672,10.520000457763672,502.0
2024-07-03 10:04:00,OM,3.7100000381469727,3.7100000381469727,3.7100000381469727,3.7100000381469727,3.7100000381469727,324.0
2024-07-03 10:04:00,OMGA,2.0399999618530273,2.0399999618530273,2.0450000762939453,2.0399999618530273,2.0450000762939453,1050.0
2024-07-03 10:05:00,AADI,1.340000033378601,1.340000033378601,1.340000033378601,1.340000033378601,1.340000033378601,393.0
2024-07-03 10:05:00,ABCL,2.779900074005127,2.779900074005127,2.779900074005127,2.7699999809265137,2.7699999809265137,1577.0
2024-07-03 10:05:00,ABSI,3.1449999809265137,3.1449999809265137,3.180000066757202,3.140000104904175,3.180000066757202,13073.0
2024-07-03 10:05:00,ABUS,3.1521999835968018,3.1521999835968018,3.1600000858306885,3.1521999835968018,3.1600000858306885,1641.0
2024-07-03 10:05:00,ACAD,15.760000228881836,15.760000228881836,15.760000228881836,15.760000228881836,15.760000228881836,481.0
2024-07-03 10:05:00,ACCD,3.5250000953674316,3.5250000953674316,3.5299999713897705,3.521899938583374,3.5250000953674316,19024.0
2024-07-03 10:05:00,ACLX,53.86000061035156,53.86000061035156,53.86000061035156,53.86000061035156,53.86000061035156,498.0
2024-07-03 10:05:00,ADIL,1.0595999956130981,1.0595999956130981,1.0595999956130981,1.0595999956130981,1.0595999956130981,40.0
2024-07-03 10:05:00,ADMA,11.255000114440918,11.255000114440918,11.255800247192383,11.255000114440918,11.255000114440918,1773.0
2024-07-03 10:05:00,ADPT,3.309999942779541,3.309999942779541,3.319999933242798,3.299999952316284,3.319999933242798,4917.0
2024-07-03 10:05:00,ADUS,117.03500366210938,117.03500366210938,117.03500366210938,117.03500366210938,117.03500366210938,485.0
2024-07-03 10:05:00,AEMD,0.41110000014305115,0.41110000014305115,0.42010000348091125,0.41110000014305115,0.41999998688697815,11764.0
2024-07-03 10:05:00,AGEN,14.479999542236328,14.479999542236328,14.550000190734863,14.479999542236328,14.550000190734863,460.0
2024-07-03 10:05:00,AHCO,9.744999885559082,9.744999885559082,9.75,9.744999885559082,9.75,1066.0
2024-07-03 10:05:00,AKBA,0.9388999938964844,0.9388999938964844,0.9388999938964844,0.9333999752998352,0.9333999752998352,9431.0
2024-07-03 10:05:00,AKRO,22.010000228881836,22.010000228881836,22.010000228881836,22.010000228881836,22.010000228881836,956.0
2024-07-03 10:05:00,ALDX,3.2300000190734863,3.2300000190734863,3.2300000190734863,3.2300000190734863,3.2300000190734863,821.0
2024-07-03 10:05:00,ALEC,4.400000095367432,4.400000095367432,4.400000095367432,4.400000095367432,4.400000095367432,531.0
2024-07-03 10:05:00,ALGN,237.50999450683594,237.50999450683594,237.50999450683594,237.0811004638672,237.14999389648438,1848.0
2024-07-03 10:05:00,ALIM,5.520100116729736,5.520100116729736,5.520100116729736,5.520100116729736,5.520100116729736,1312.0
2024-07-03 10:05:00,ALKS,24.309999465942383,24.309999465942383,24.31999969482422,24.299999237060547,24.299999237060547,2646.0
2024-07-03 10:05:00,ALLR,0.20759999752044678,0.20759999752044678,0.20759999752044678,0.20600000023841858,0.20600000023841858,2134.0
2024-07-03 10:05:00,ALNY,247.1300048828125,247.1300048828125,247.1300048828125,247.1300048828125,247.1300048828125,810.0
2024-07-03 10:05:00,ALT,6.71999979019165,6.71999979019165,6.75,6.71999979019165,6.744999885559082,2879.0
2024-07-03 10:05:00,ALXO,5.760000228881836,5.760000228881836,5.760000228881836,5.75,5.760000228881836,1662.0
2024-07-03 10:05:00,AMED,96.6500015258789,96.6500015258789,96.697998046875,96.5999984741211,96.5999984741211,2377.0
2024-07-03 10:05:00,AMGN,310.8900146484375,310.8900146484375,311.7340087890625,310.8900146484375,311.7340087890625,1370.0
2024-07-03 10:05:00,AMLX,1.7450000047683716,1.7450000047683716,1.7450000047683716,1.7450000047683716,1.7450000047683716,315.0
2024-07-03 10:05:00,AMPH,37.92340087890625,37.92340087890625,37.92340087890625,37.92340087890625,37.92340087890625,215.0
2024-07-03 10:05:00,ANAB,24.979999542236328,24.979999542236328,24.979999542236328,24.979999542236328,24.979999542236328,707.0
2024-07-03 10:05:00,ANGO,5.659999847412109,5.659999847412109,5.659999847412109,5.659999847412109,5.659999847412109,1123.0
2024-07-03 10:05:00,ANIK,26.18000030517578,26.18000030517578,26.18000030517578,26.18000030517578,26.18000030517578,1184.0
2024-07-03 10:05:00,ANNX,4.690000057220459,4.690000057220459,4.699999809265137,4.690000057220459,4.690000057220459,1485.0
2024-07-03 10:05:00,ANTX,2.5501999855041504,2.5501999855041504,2.5669000148773193,2.549999952316284,2.559999942779541,6250.0
2024-07-03 10:05:00,APLT,4.429999828338623,4.429999828338623,4.429999828338623,4.420000076293945,4.420000076293945,1466.0
2024-07-03 10:05:00,APRE,3.700000047683716,3.700000047683716,3.700000047683716,3.700000047683716,3.700000047683716,120.0
2024-07-03 10:05:00,ARCT,21.43000030517578,21.43000030517578,21.565000534057617,21.424999237060547,21.510000228881836,4038.0
2024-07-03 10:05:00,ARDX,5.170000076293945,5.170000076293945,5.190000057220459,5.15500020980835,5.159200191497803,47242.0
2024-07-03 10:05:00,ARGX,435.42999267578125,435.42999267578125,435.739990234375,435.42999267578125,435.739990234375,848.0
2024-07-03 10:05:00,ARQT,9.470000267028809,9.470000267028809,9.479999542236328,9.460000038146973,9.475000381469727,3856.0
2024-07-03 10:05:00,ARWR,25.354999542236328,25.354999542236328,25.360000610351562,25.354999542236328,25.360000610351562,454.0
2024-07-03 10:05:00,ASRT,1.309999942779541,1.309999942779541,1.309999942779541,1.2949999570846558,1.2949999570846558,13828.0
2024-07-03 10:05:00,ATEC,9.914999961853027,9.914999961853027,9.914999961853027,9.914999961853027,9.914999961853027,633.0
2024-07-03 10:05:00,ATRC,22.139999389648438,22.139999389648438,22.18000030517578,22.1299991607666,22.1299991607666,1064.0
2024-07-03 10:05:00,ATXS,9.050000190734863,9.050000190734863,9.050000190734863,9.010000228881836,9.050000190734863,426.0
2024-07-03 10:05:00,AUGX,0.9998000264167786,0.9998000264167786,0.9998000264167786,0.9921000003814697,0.9921000003814697,615.0
2024-07-03 10:05:00,AUTL,3.440000057220459,3.440000057220459,3.440000057220459,3.440000057220459,3.440000057220459,817.0
2024-07-03 10:05:00,AVDL,14.319999694824219,14.319999694824219,14.319999694824219,14.260000228881836,14.260000228881836,1806.0
2024-07-03 10:05:00,AVXL,4.175000190734863,4.175000190734863,4.175000190734863,4.170000076293945,4.170000076293945,276.0
2024-07-03 10:05:00,AZN,76.70999908447266,76.70999908447266,76.75,76.69000244140625,76.69000244140625,14111.0
2024-07-03 10:05:00,AZTA,52.38999938964844,52.38999938964844,52.400001525878906,52.38999938964844,52.400001525878906,1966.0
2024-07-03 10:05:00,BBIO,24.989999771118164,24.989999771118164,24.989999771118164,24.989999771118164,24.989999771118164,1210.0
2024-07-03 10:05:00,BBLG,1.2200000286102295,1.2200000286102295,1.2200000286102295,1.2200000286102295,1.2200000286102295,495.0
2024-07-03 10:05:00,BCAB,1.3049999475479126,1.3049999475479126,1.3049999475479126,1.3049999475479126,1.3049999475479126,200.0
2024-07-03 10:05:00,BCRX,6.619999885559082,6.619999885559082,6.639999866485596,6.619999885559082,6.639999866485596,2940.0
2024-07-03 10:05:00,BCTX,1.0299999713897705,1.0299999713897705,1.0299999713897705,1.0299999713897705,1.0299999713897705,162.0
2024-07-03 10:05:00,BCYC,19.579999923706055,19.579999923706055,19.59000015258789,19.5,19.540000915527344,1999.0
2024-07-03 10:05:00,BEAM,23.190000534057617,23.190000534057617,23.190000534057617,23.16010093688965,23.16010093688965,375.0
2024-07-03 10:05:00,BIIB,226.94000244140625,226.94000244140625,226.94000244140625,226.8000030517578,226.8000030517578,929.0
2024-07-03 10:05:00,BIOL,0.10000000149011612,0.10000000149011612,0.10000000149011612,0.10000000149011612,0.10000000149011612,455.0
2024-07-03 10:05:00,BLFS,20.1299991607666,20.1299991607666,20.170000076293945,20.1299991607666,20.15999984741211,1042.0
2024-07-03 10:05:00,BLRX,0.5350000262260437,0.5350000262260437,0.5350000262260437,0.5350000262260437,0.5350000262260437,200.0
2024-07-03 10:05:00,BLUE,0.9253000020980835,0.9253000020980835,0.9253000020980835,0.9168000221252441,0.9175999760627747,115460.0
2024-07-03 10:05:00,BMRN,81.70999908447266,81.70999908447266,81.70999908447266,81.70999908447266,81.70999908447266,773.0
2024-07-03 10:05:00,BNGO,0.5602999925613403,0.5602999925613403,0.5602999925613403,0.5602999925613403,0.5602999925613403,1309.0
2024-07-03 10:05:00,BNR,6.175000190734863,6.175000190734863,6.175000190734863,6.175000190734863,6.175000190734863,0.0
2024-07-03 10:05:00,BNTX,81.33000183105469,81.33000183105469,81.5,81.30000305175781,81.41999816894531,4469.0
2024-07-03 10:05:00,BOLT,0.7398999929428101,0.7398999929428101,0.7398999929428101,0.7398999929428101,0.7398999929428101,3529.0
2024-07-03 10:05:00,BPTH,1.7999999523162842,1.7999999523162842,1.7999999523162842,1.7999999523162842,1.7999999523162842,2189.0
2024-07-03 10:05:00,BRKR,62.095001220703125,62.095001220703125,62.095001220703125,62.095001220703125,62.095001220703125,349.0
2024-07-03 10:05:00,CCCC,4.650000095367432,4.650000095367432,4.650000095367432,4.639999866485596,4.639999866485596,1324.0
2024-07-03 10:05:00,CDMO,7.710000038146973,7.710000038146973,7.710000038146973,7.684999942779541,7.699999809265137,2157.0
2024-07-03 10:05:00,CDNA,15.180100440979004,15.180100440979004,15.180100440979004,15.180100440979004,15.180100440979004,2590.0
2024-07-03 10:05:00,CERT,13.75,13.75,13.75,13.75,13.75,790.0
2024-07-03 10:05:00,CGC,6.5971999168396,6.5971999168396,6.599899768829346,6.560699939727783,6.560699939727783,28471.0
2024-07-03 10:05:00,CGEM,16.309999465942383,16.309999465942383,16.309999465942383,16.309999465942383,16.309999465942383,604.0
2024-07-03 10:05:00,CGEN,1.684999942779541,1.684999942779541,1.690000057220459,1.684999942779541,1.690000057220459,4200.0
2024-07-03 10:05:00,CHRS,1.3650000095367432,1.3650000095367432,1.3650000095367432,1.3600000143051147,1.3650000095367432,2556.0
2024-07-03 10:05:00,CLDX,36.04999923706055,36.04999923706055,36.11000061035156,36.04999923706055,36.06999969482422,704.0
2024-07-03 10:05:00,CLOV,1.2497999668121338,1.2497999668121338,1.2497999668121338,1.2450000047683716,1.2450000047683716,2130.0
2024-07-03 10:05:00,CLPT,5.28000020980835,5.28000020980835,5.28000020980835,5.25,5.25,1123.0
2024-07-03 10:05:00,CMAX,2.1898999214172363,2.1898999214172363,2.1898999214172363,2.1549999713897705,2.1549999713897705,691.0
2024-07-03 10:05:00,CNSP,2.2950000762939453,2.2950000762939453,2.319999933242798,2.2600998878479004,2.280100107192993,187877.0
2024-07-03 10:05:00,COGT,8.359999656677246,8.359999656677246,8.40999984741211,8.295000076293945,8.295000076293945,16365.0
2024-07-03 10:05:00,CORT,31.420000076293945,31.420000076293945,31.420000076293945,31.420000076293945,31.420000076293945,847.0
2024-07-03 10:05:00,COSM,0.9599999785423279,0.9599999785423279,0.9800000190734863,0.9599999785423279,0.9700000286102295,11958.0
2024-07-03 10:05:00,CPRX,15.75,15.75,15.779999732971191,15.75,15.779999732971191,764.0
2024-07-03 10:05:00,CRBP,48.264801025390625,48.264801025390625,48.264801025390625,48.264801025390625,48.264801025390625,2662.0
2024-07-03 10:05:00,CRDF,2.1449999809265137,2.1449999809265137,2.1449999809265137,2.1449999809265137,2.1449999809265137,112.0
2024-07-03 10:05:00,CRDL,1.9249999523162842,1.9249999523162842,1.9249999523162842,1.9249999523162842,1.9249999523162842,116.0
2024-07-03 10:05:00,CRNX,44.400001525878906,44.400001525878906,44.70000076293945,44.400001525878906,44.560001373291016,4011.0
2024-07-03 10:05:00,CRON,2.319999933242798,2.319999933242798,2.319999933242798,2.319999933242798,2.319999933242798,2429.0
2024-07-03 10:05:00,CRSP,54.025001525878906,54.025001525878906,54.06999969482422,53.97999954223633,54.0,3796.0
2024-07-03 10:05:00,CRVS,1.7999999523162842,1.7999999523162842,1.7999999523162842,1.7999999523162842,1.7999999523162842,234.0
2024-07-03 10:05:00,CSTL,21.3700008392334,21.3700008392334,21.3700008392334,21.3700008392334,21.3700008392334,478.0
2024-07-03 10:05:00,CUE,1.0149999856948853,1.0149999856948853,1.0180000066757202,1.0099999904632568,1.0099999904632568,1999.0
2024-07-03 10:05:00,CUTR,1.3650000095367432,1.3650000095367432,1.3650000095367432,1.3650000095367432,1.3650000095367432,1100.0
2024-07-03 10:05:00,CVAC,3.4049999713897705,3.4049999713897705,3.4100000858306885,3.380000114440918,3.399899959564209,27195.0
2024-07-03 10:05:00,CVRX,11.930000305175781,11.930000305175781,11.930000305175781,11.930000305175781,11.930000305175781,10136.0
2024-07-03 10:05:00,CYTK,54.564998626708984,54.564998626708984,54.564998626708984,54.54499816894531,54.54499816894531,1114.0
2024-07-03 10:05:00,DAWN,13.420000076293945,13.420000076293945,13.420000076293945,13.420000076293945,13.420000076293945,1016.0
2024-07-03 10:05:00,DCTH,7.989999771118164,7.989999771118164,7.989999771118164,7.989999771118164,7.989999771118164,580.0
2024-07-03 10:05:00,DH,5.394999980926514,5.394999980926514,5.394999980926514,5.377500057220459,5.377500057220459,1288.0
2024-07-03 10:05:00,DNLI,22.040000915527344,22.040000915527344,22.065000534057617,22.040000915527344,22.065000534057617,446.0
2024-07-03 10:05:00,DSGN,3.2100000381469727,3.2100000381469727,3.2100000381469727,3.2100000381469727,3.2100000381469727,655.0
2024-07-03 10:05:00,DVAX,11.130000114440918,11.130000114440918,11.140000343322754,11.125,11.125,998.0
2024-07-03 10:05:00,DXCM,110.33000183105469,110.33000183105469,110.36000061035156,110.27999877929688,110.27999877929688,2467.0
2024-07-03 10:05:00,DYN,34.29999923706055,34.29999923706055,34.29999923706055,34.29999923706055,34.29999923706055,266.0
2024-07-03 10:05:00,DYNT,0.23270000517368317,0.23270000517368317,0.23270000517368317,0.23270000517368317,0.23270000517368317,5033.0
2024-07-03 10:05:00,EDIT,4.599999904632568,4.599999904632568,4.605000019073486,4.599899768829346,4.599999904632568,4507.0
2024-07-03 10:05:00,ELEV,2.7200000286102295,2.7200000286102295,2.7200000286102295,2.7200000286102295,2.7200000286102295,125.0
2024-07-03 10:05:00,ENSG,125.88500213623047,125.88500213623047,125.88500213623047,125.88500213623047,125.88500213623047,127.0
2024-07-03 10:05:00,EPIX,4.900000095367432,4.900000095367432,4.900000095367432,4.900000095367432,4.900000095367432,0.0
2024-07-03 10:05:00,ERAS,2.2149999141693115,2.2149999141693115,2.2149999141693115,2.2100000381469727,2.2100000381469727,1266.0
2024-07-03 10:05:00,ESPR,2.3513998985290527,2.3513998985290527,2.3550000190734863,2.340100049972534,2.3450000286102295,45129.0
2024-07-03 10:05:00,ETNB,7.75,7.75,7.75,7.730000019073486,7.730000019073486,676.0
2024-07-03 10:05:00,EWTX,18.079999923706055,18.079999923706055,18.079999923706055,18.079999923706055,18.079999923706055,235.0
2024-07-03 10:05:00,EXAI,5.320000171661377,5.320000171661377,5.320000171661377,5.320000171661377,5.320000171661377,9.0
2024-07-03 10:05:00,EXAS,43.35499954223633,43.35499954223633,43.43000030517578,43.29999923706055,43.40999984741211,5202.0
2024-07-03 10:05:00,EYEN,0.7572000026702881,0.7572000026702881,0.7599999904632568,0.7529000043869019,0.7529000043869019,4891.0
2024-07-03 10:05:00,EYPT,8.239999771118164,8.239999771118164,8.279999732971191,8.199999809265137,8.199999809265137,13000.0
2024-07-03 10:05:00,FATE,3.234999895095825,3.234999895095825,3.234999895095825,3.2149999141693115,3.2200000286102295,4428.0
2024-07-03 10:05:00,FDMT,20.700000762939453,20.700000762939453,20.700000762939453,20.639999389648438,20.639999389648438,2235.0
2024-07-03 10:05:00,FGEN,0.7214999794960022,0.7214999794960022,0.7253999710083008,0.7175999879837036,0.7175999879837036,93819.0
2024-07-03 10:05:00,FOLD,9.880000114440918,9.880000114440918,9.890000343322754,9.880000114440918,9.885000228881836,1136.0
2024-07-03 10:05:00,FULC,6.050000190734863,6.050000190734863,6.054999828338623,6.050000190734863,6.054999828338623,421.0
2024-07-03 10:05:00,GERN,4.304999828338623,4.304999828338623,4.320000171661377,4.300099849700928,4.317500114440918,42489.0
2024-07-03 10:05:00,GH,28.565000534057617,28.565000534057617,28.565000534057617,28.565000534057617,28.565000534057617,2271.0
2024-07-03 10:05:00,GHRS,11.88010025024414,11.88010025024414,11.890000343322754,11.88010025024414,11.890000343322754,418.0
2024-07-03 10:05:00,GILD,67.16000366210938,67.16000366210938,67.26000213623047,67.1500015258789,67.25,18386.0
2024-07-03 10:05:00,GMAB,25.139999389648438,25.139999389648438,25.170000076293945,25.139999389648438,25.15999984741211,4081.0
2024-07-03 10:05:00,GOSS,0.9301000237464905,0.9301000237464905,0.9301000237464905,0.9301000237464905,0.9301000237464905,500.0
2024-07-03 10:05:00,GOVX,3.1210999488830566,3.1210999488830566,3.1210999488830566,3.0999999046325684,3.0999999046325684,6724.0
2024-07-03 10:05:00,GRFS,6.659999847412109,6.659999847412109,6.684999942779541,6.659999847412109,6.659999847412109,2458.0
2024-07-03 10:05:00,GRTS,0.5641000270843506,0.5641000270843506,0.5672000050544739,0.5641000270843506,0.5672000050544739,2810.0
2024-07-03 10:05:00,GTHX,2.5350000858306885,2.5350000858306885,2.5350000858306885,2.5299999713897705,2.5299999713897705,1857.0
2024-07-03 10:05:00,HALO,51.375,51.375,51.38999938964844,51.375,51.38999938964844,1278.0
2024-07-03 10:05:00,HCAT,6.090000152587891,6.090000152587891,6.090000152587891,6.090000152587891,6.090000152587891,109.0
2024-07-03 10:05:00,HCM,17.460100173950195,17.460100173950195,17.489999771118164,17.459999084472656,17.460100173950195,3506.0
2024-07-03 10:05:00,HITI,2.0850000381469727,2.0850000381469727,2.0899999141693115,2.0799999237060547,2.0850000381469727,20712.0
2024-07-03 10:05:00,HOLX,73.08000183105469,73.08000183105469,73.08000183105469,73.05000305175781,73.06999969482422,4615.0
2024-07-03 10:05:00,HOWL,2.1050000190734863,2.1050000190734863,2.1050000190734863,2.1050000190734863,2.1050000190734863,715.0
2024-07-03 10:05:00,HQY,83.45999908447266,83.45999908447266,83.56999969482422,83.45999908447266,83.56999969482422,1419.0
2024-07-03 10:05:00,HRMY,30.170000076293945,30.170000076293945,30.170000076293945,30.170000076293945,30.170000076293945,456.0
2024-07-03 10:05:00,HROW,21.6200008392334,21.6200008392334,21.6200008392334,21.6200008392334,21.6200008392334,238.0
2024-07-03 10:05:00,HRTX,2.8350000381469727,2.8350000381469727,2.8350000381469727,2.8350000381469727,2.8350000381469727,400.0
2024-07-03 10:05:00,HSDT,0.9700000286102295,0.9700000286102295,0.9700000286102295,0.9700000286102295,0.9700000286102295,3619.0
2024-07-03 10:05:00,HSIC,65.20500183105469,65.20500183105469,65.2750015258789,65.19999694824219,65.26499938964844,7964.0
2024-07-03 10:05:00,HUMA,5.610000133514404,5.610000133514404,5.6596999168396,5.610000133514404,5.639999866485596,110425.0
2024-07-03 10:05:00,IART,29.030000686645508,29.030000686645508,29.030000686645508,29.0,29.0,1703.0
2024-07-03 10:05:00,IBRX,6.28000020980835,6.28000020980835,6.289899826049805,6.28000020980835,6.28000020980835,1888.0
2024-07-03 10:05:00,IDYA,33.345001220703125,33.345001220703125,33.345001220703125,33.345001220703125,33.345001220703125,301.0
2024-07-03 10:05:00,IGMS,6.349999904632568,6.349999904632568,6.418600082397461,6.269999980926514,6.269999980926514,3920.0
2024-07-03 10:05:00,IKNA,1.6399999856948853,1.6399999856948853,1.6399999856948853,1.6399999856948853,1.6399999856948853,183.0
2024-07-03 10:05:00,ILMN,106.16500091552734,106.16500091552734,106.40989685058594,106.1500015258789,106.40989685058594,1901.0
2024-07-03 10:05:00,IMAB,1.559999942779541,1.559999942779541,1.559999942779541,1.559999942779541,1.559999942779541,431.0
2024-07-03 10:05:00,IMCR,35.0099983215332,35.0099983215332,35.0099983215332,35.0099983215332,35.0099983215332,13370.0
2024-07-03 10:05:00,IMMP,1.9199999570846558,1.9199999570846558,1.9199999570846558,1.9199999570846558,1.9199999570846558,40.0
2024-07-03 10:05:00,IMMX,2.2249999046325684,2.2249999046325684,2.2249999046325684,2.2249999046325684,2.2249999046325684,575.0
2024-07-03 10:05:00,IMNM,11.920000076293945,11.920000076293945,11.944999694824219,11.90999984741211,11.90999984741211,2297.0
2024-07-03 10:05:00,IMUX,1.1200000047683716,1.1200000047683716,1.1200000047683716,1.1200000047683716,1.1200000047683716,1326.0
2024-07-03 10:05:00,INCY,58.349998474121094,58.349998474121094,58.380001068115234,58.31999969482422,58.31999969482422,2219.0
2024-07-03 10:05:00,INMD,17.75,17.75,17.760000228881836,17.75,17.75,4759.0
2024-07-03 10:05:00,INO,8.425000190734863,8.425000190734863,8.425000190734863,8.425000190734863,8.425000190734863,138.0
2024-07-03 10:05:00,INSM,64.29000091552734,64.29000091552734,64.62000274658203,64.29000091552734,64.44000244140625,9822.0
2024-07-03 10:05:00,IONM,0.33219999074935913,0.33219999074935913,0.33219999074935913,0.33000001311302185,0.33009999990463257,8698.0
2024-07-03 10:05:00,IONS,44.99250030517578,44.99250030517578,45.0,44.9900016784668,45.0,1736.0
2024-07-03 10:05:00,IOVA,7.755000114440918,7.755000114440918,7.769999980926514,7.75,7.755000114440918,12109.0
2024-07-03 10:05:00,IRTC,96.06999969482422,96.06999969482422,96.76000213623047,96.06999969482422,96.69000244140625,4418.0
2024-07-03 10:05:00,IRWD,6.175000190734863,6.175000190734863,6.175000190734863,6.175000190734863,6.175000190734863,297.0
2024-07-03 10:05:00,ISRG,434.20001220703125,434.20001220703125,434.3299865722656,434.20001220703125,434.260009765625,2479.0
2024-07-03 10:05:00,ITOS,14.789999961853027,14.789999961853027,14.789999961853027,14.789999961853027,14.789999961853027,1731.0
2024-07-03 10:05:00,IXHL,2.819999933242798,2.819999933242798,2.819999933242798,2.819999933242798,2.819999933242798,834.0
2024-07-03 10:05:00,JAGX,3.490000009536743,3.490000009536743,3.490000009536743,3.490000009536743,3.490000009536743,5726.0
2024-07-03 10:05:00,JANX,38.83000183105469,38.83000183105469,38.83000183105469,38.83000183105469,38.83000183105469,112.0
2024-07-03 10:05:00,JSPR,23.295000076293945,23.295000076293945,23.295000076293945,23.295000076293945,23.295000076293945,163.0
2024-07-03 10:05:00,KALV,11.474800109863281,11.474800109863281,11.475000381469727,11.474800109863281,11.475000381469727,929.0
2024-07-03 10:05:00,KTRA,0.2709999978542328,0.2709999978542328,0.2750000059604645,0.2702000141143799,0.27250000834465027,7415.0
2024-07-03 10:05:00,KURA,20.375,20.375,20.375,20.375,20.375,282.0
2024-07-03 10:05:00,KYMR,30.34000015258789,30.34000015258789,30.3700008392334,30.34000015258789,30.3700008392334,486.0
2024-07-03 10:05:00,LAB,1.7899999618530273,1.7899999618530273,1.7899999618530273,1.784999966621399,1.784999966621399,5337.0
2024-07-03 10:05:00,LBPH,31.684999465942383,31.684999465942383,31.81999969482422,31.684999465942383,31.81999969482422,300.0
2024-07-03 10:05:00,LEGN,44.349998474121094,44.349998474121094,44.41999816894531,44.349998474121094,44.41999816894531,766.0
2024-07-03 10:05:00,LFLY,2.049999952316284,2.049999952316284,2.049999952316284,2.049999952316284,2.049999952316284,260.0
2024-07-03 10:05:00,LFMD,6.75,6.75,6.764999866485596,6.739999771118164,6.739999771118164,3081.0
2024-07-03 10:05:00,LIVN,52.79999923706055,52.79999923706055,52.79999923706055,52.79999923706055,52.79999923706055,142.0
2024-07-03 10:05:00,LNTH,78.58000183105469,78.58000183105469,78.5999984741211,78.51000213623047,78.51000213623047,1049.0
2024-07-03 10:05:00,LOGC,5.670000076293945,5.670000076293945,5.670000076293945,5.670000076293945,5.670000076293945,306.0
2024-07-03 10:05:00,LUCY,0.4767000079154968,0.4767000079154968,0.4767000079154968,0.46950000524520874,0.4729999899864197,3097.0
2024-07-03 10:05:00,MASI,113.04499816894531,113.04499816894531,113.04499816894531,113.04499816894531,113.04499816894531,553.0
2024-07-03 10:05:00,MASS,4.755000114440918,4.755000114440918,4.755000114440918,4.755000114440918,4.755000114440918,644.0
2024-07-03 10:05:00,MBIO,0.5281000137329102,0.5281000137329102,0.5285000205039978,0.5206999778747559,0.5206999778747559,34961.0
2024-07-03 10:05:00,MBOT,1.0850000381469727,1.0850000381469727,1.0850000381469727,1.0850000381469727,1.0850000381469727,5274.0
2024-07-03 10:05:00,ME,0.4041999876499176,0.4041999876499176,0.4050999879837036,0.4041000008583069,0.4050999879837036,66631.0
2024-07-03 10:05:00,MEDS,17.780099868774414,17.780099868774414,17.780099868774414,17.780099868774414,17.780099868774414,912.0
2024-07-03 10:05:00,MGNX,4.260000228881836,4.260000228881836,4.260000228881836,4.230100154876709,4.230100154876709,6775.0
2024-07-03 10:05:00,MNKD,5.114999771118164,5.114999771118164,5.114999771118164,5.114999771118164,5.114999771118164,4109.0
2024-07-03 10:05:00,MNMD,7.097499847412109,7.097499847412109,7.097499847412109,7.097499847412109,7.097499847412109,3484.0
2024-07-03 10:05:00,MORF,31.71500015258789,31.71500015258789,31.71500015258789,31.71500015258789,31.71500015258789,136.0
2024-07-03 10:05:00,MOVE,0.3248000144958496,0.3248000144958496,0.3248000144958496,0.3248000144958496,0.3248000144958496,2031.0
2024-07-03 10:05:00,MREO,3.458400011062622,3.458400011062622,3.458400011062622,3.458400011062622,3.458400011062622,120.0
2024-07-03 10:05:00,MRNA,117.68000030517578,117.68000030517578,118.12000274658203,117.68000030517578,118.01000213623047,7190.0
2024-07-03 10:05:00,MRVI,6.795000076293945,6.795000076293945,6.804999828338623,6.789999961853027,6.800000190734863,6757.0
2024-07-03 10:05:00,MXCT,3.690000057220459,3.690000057220459,3.690000057220459,3.690000057220459,3.690000057220459,1610.0
2024-07-03 10:05:00,MYGN,25.2450008392334,25.2450008392334,25.2450008392334,25.2450008392334,25.2450008392334,413.0
2024-07-03 10:05:00,NARI,49.560001373291016,49.560001373291016,49.560001373291016,49.560001373291016,49.560001373291016,296.0
2024-07-03 10:05:00,NBIX,138.6699981689453,138.6699981689453,138.80999755859375,138.42999267578125,138.80999755859375,1574.0
2024-07-03 10:05:00,NDRA,0.08370000123977661,0.08370000123977661,0.08489999920129776,0.08250000327825546,0.08449999988079071,178274.0
2024-07-03 10:05:00,NEOG,15.085000038146973,15.085000038146973,15.085000038146973,15.085000038146973,15.085000038146973,1065.0
2024-07-03 10:05:00,NKTR,1.2050000429153442,1.2050000429153442,1.2050000429153442,1.2000000476837158,1.2000000476837158,16330.0
2024-07-03 10:05:00,NLSP,0.20360000431537628,0.20360000431537628,0.20360000431537628,0.20360000431537628,0.20360000431537628,2098.0
2024-07-03 10:05:00,NNOX,7.065000057220459,7.065000057220459,7.065000057220459,7.059999942779541,7.059999942779541,883.0
2024-07-03 10:05:00,NRSN,1.2799999713897705,1.2799999713897705,1.3199000358581543,1.2799999713897705,1.3199000358581543,1058.0
2024-07-03 10:05:00,NTLA,22.295000076293945,22.295000076293945,22.295000076293945,22.295000076293945,22.295000076293945,306.0
2024-07-03 10:05:00,NTRA,111.9800033569336,111.9800033569336,112.2249984741211,111.9800033569336,112.2249984741211,1271.0
2024-07-03 10:05:00,NUTX,5.650000095367432,5.650000095367432,5.650000095367432,5.650000095367432,5.650000095367432,2374.0
2024-07-03 10:05:00,NVAX,12.90999984741211,12.90999984741211,12.979999542236328,12.90999984741211,12.979900360107422,11661.0
2024-07-03 10:05:00,NXL,1.5,1.5,1.5,1.5,1.5,162.0
2024-07-03 10:05:00,OCGN,1.6655999422073364,1.6655999422073364,1.6699999570846558,1.6649999618530273,1.6649999618530273,7563.0
2024-07-03 10:05:00,OCUL,6.810500144958496,6.810500144958496,6.840000152587891,6.800000190734863,6.829999923706055,4259.0
2024-07-03 10:05:00,OGI,1.5549999475479126,1.5549999475479126,1.5549999475479126,1.5549999475479126,1.5549999475479126,452.0
2024-07-03 10:05:00,OM,3.7200000286102295,3.7200000286102295,3.7200000286102295,3.7100000381469727,3.7100000381469727,2212.0
2024-07-03 10:05:00,OMCL,26.1299991607666,26.1299991607666,26.1299991607666,26.1299991607666,26.1299991607666,770.0
2024-07-03 10:05:00,OMGA,2.0250000953674316,2.0250000953674316,2.0250000953674316,2.0250000953674316,2.0250000953674316,3408.0
2024-07-03 10:06:00,AADI,1.350000023841858,1.350000023841858,1.350000023841858,1.350000023841858,1.350000023841858,6937.0
2024-07-03 10:06:00,ABCL,2.7750000953674316,2.7750000953674316,2.7750000953674316,2.7750000953674316,2.7750000953674316,24719.0
2024-07-03 10:06:00,ACAD,15.779999732971191,15.779999732971191,15.779999732971191,15.779999732971191,15.779999732971191,1609.0
2024-07-03 10:06:00,ACET,1.0499999523162842,1.0499999523162842,1.0499999523162842,1.0499999523162842,1.0499999523162842,11944.0
2024-07-03 10:06:00,ACHC,65.87000274658203,65.87000274658203,65.87000274658203,65.87000274658203,65.87000274658203,1862.0
2024-07-03 10:06:00,ACLX,54.040000915527344,54.040000915527344,54.040000915527344,54.040000915527344,54.040000915527344,1343.0
2024-07-03 10:06:00,ADMA,11.289999961853027,11.289999961853027,11.289999961853027,11.289999961853027,11.289999961853027,3972.0
2024-07-03 10:06:00,ADPT,3.319999933242798,3.319999933242798,3.319999933242798,3.319999933242798,3.319999933242798,1146.0
2024-07-03 10:06:00,ADVM,7.045000076293945,7.045000076293945,7.045000076293945,7.045000076293945,7.045000076293945,531.0
2024-07-03 10:06:00,AGEN,14.436699867248535,14.436699867248535,14.436699867248535,14.436699867248535,14.436699867248535,894.0
2024-07-03 10:06:00,AGIO,42.279998779296875,42.279998779296875,42.279998779296875,42.279998779296875,42.279998779296875,1208.0
2024-07-03 10:06:00,AIMD,0.8194000124931335,0.8194000124931335,0.8194000124931335,0.8194000124931335,0.8194000124931335,2225.0
2024-07-03 10:06:00,ALEC,4.400000095367432,4.400000095367432,4.400000095367432,4.400000095367432,4.400000095367432,911.0
2024-07-03 10:06:00,ALGN,237.60499572753906,237.60499572753906,237.60499572753906,237.60499572753906,237.60499572753906,1663.0
2024-07-03 10:06:00,ALIM,5.53000020980835,5.53000020980835,5.53000020980835,5.53000020980835,5.53000020980835,1742.0
2024-07-03 10:06:00,ALKS,24.350000381469727,24.350000381469727,24.350000381469727,24.350000381469727,24.350000381469727,1300.0
2024-07-03 10:06:00,ALLO,2.134999990463257,2.134999990463257,2.134999990463257,2.134999990463257,2.134999990463257,10854.0
2024-07-03 10:06:00,ALLR,0.20759999752044678,0.20759999752044678,0.20759999752044678,0.20759999752044678,0.20759999752044678,349.0
2024-07-03 10:06:00,ALNY,247.07000732421875,247.07000732421875,247.07000732421875,247.07000732421875,247.07000732421875,2874.0
2024-07-03 10:06:00,ALXO,5.78000020980835,5.78000020980835,5.78000020980835,5.78000020980835,5.78000020980835,3648.0
2024-07-03 10:06:00,AMGN,310.875,310.875,310.875,310.875,310.875,1267.0
2024-07-03 10:06:00,AMLX,1.7549999952316284,1.7549999952316284,1.7549999952316284,1.7549999952316284,1.7549999952316284,5872.0
2024-07-03 10:06:00,AMRN,0.7096999883651733,0.7096999883651733,0.7096999883651733,0.7096999883651733,0.7096999883651733,21115.0
2024-07-03 10:06:00,ANIP,62.040000915527344,62.040000915527344,62.040000915527344,62.040000915527344,62.040000915527344,356.0
2024-07-03 10:06:00,ANNX,4.704999923706055,4.704999923706055,4.704999923706055,4.704999923706055,4.704999923706055,3266.0
2024-07-03 10:06:00,APLS,36.209999084472656,36.209999084472656,36.209999084472656,36.209999084472656,36.209999084472656,4751.0
2024-07-03 10:06:00,APLT,4.420000076293945,4.420000076293945,4.420000076293945,4.420000076293945,4.420000076293945,1933.0
2024-07-03 10:06:00,AQST,2.384999990463257,2.384999990463257,2.384999990463257,2.384999990463257,2.384999990463257,6572.0
2024-07-03 10:06:00,ARCT,21.489999771118164,21.489999771118164,21.489999771118164,21.489999771118164,21.489999771118164,2095.0
2024-07-03 10:06:00,ARGX,435.8999938964844,435.8999938964844,435.8999938964844,435.8999938964844,435.8999938964844,390.0
2024-07-03 10:06:00,ARVN,24.969999313354492,24.969999313354492,24.969999313354492,24.969999313354492,24.969999313354492,817.0
2024-07-03 10:06:00,ARWR,25.43000030517578,25.43000030517578,25.43000030517578,25.43000030517578,25.43000030517578,820.0
2024-07-03 10:06:00,ASMB,12.34000015258789,12.34000015258789,12.34000015258789,12.34000015258789,12.34000015258789,348.0
2024-07-03 10:06:00,ASND,136.5050048828125,136.5050048828125,136.5050048828125,136.5050048828125,136.5050048828125,382.0
2024-07-03 10:06:00,ASRT,1.309999942779541,1.309999942779541,1.309999942779541,1.309999942779541,1.309999942779541,13983.0
2024-07-03 10:06:00,ATEC,9.899999618530273,9.899999618530273,9.899999618530273,9.899999618530273,9.899999618530273,768.0
2024-07-03 10:06:00,ATNF,1.5609999895095825,1.5609999895095825,1.5609999895095825,1.5609999895095825,1.5609999895095825,332.0
2024-07-03 10:06:00,ATRC,22.229999542236328,22.229999542236328,22.229999542236328,22.229999542236328,22.229999542236328,527.0
2024-07-03 10:06:00,ATXS,9.055000305175781,9.055000305175781,9.055000305175781,9.055000305175781,9.055000305175781,592.0
2024-07-03 10:06:00,AUPH,5.470699787139893,5.470699787139893,5.470699787139893,5.470699787139893,5.470699787139893,1432.0
2024-07-03 10:06:00,AUTL,3.440000057220459,3.440000057220459,3.440000057220459,3.440000057220459,3.440000057220459,353.0
2024-07-03 10:06:00,AVDL,14.350000381469727,14.350000381469727,14.350000381469727,14.350000381469727,14.350000381469727,16119.0
2024-07-03 10:06:00,AVIR,3.247499942779541,3.247499942779541,3.247499942779541,3.247499942779541,3.247499942779541,134.0
2024-07-03 10:06:00,AVXL,4.195000171661377,4.195000171661377,4.195000171661377,4.195000171661377,4.195000171661377,1647.0
2024-07-03 10:06:00,AXNX,67.41000366210938,67.41000366210938,67.41000366210938,67.41000366210938,67.41000366210938,565.0
2024-07-03 10:06:00,BCRX,6.635000228881836,6.635000228881836,6.635000228881836,6.635000228881836,6.635000228881836,898.0
2024-07-03 10:06:00,BCYC,19.5,19.5,19.5,19.5,19.5,704.0
2024-07-03 10:06:00,BEAM,23.260000228881836,23.260000228881836,23.260000228881836,23.260000228881836,23.260000228881836,2869.0
2024-07-03 10:06:00,BIIB,226.97999572753906,226.97999572753906,226.97999572753906,226.97999572753906,226.97999572753906,867.0
2024-07-03 10:06:00,BLFS,20.184999465942383,20.184999465942383,20.184999465942383,20.184999465942383,20.184999465942383,851.0
2024-07-03 10:06:00,BLRX,0.5449000000953674,0.5449000000953674,0.5449000000953674,0.5342000126838684,0.5400000214576721,9200.0
2024-07-03 10:06:00,BMEA,4.439899921417236,4.439899921417236,4.439899921417236,4.439899921417236,4.439899921417236,936.0
2024-07-03 10:06:00,BNGO,0.5602999925613403,0.5602999925613403,0.5602999925613403,0.5602999925613403,0.5602999925613403,1073.0
2024-07-03 10:06:00,BNTX,81.30999755859375,81.30999755859375,81.30999755859375,81.30999755859375,81.30999755859375,717.0
2024-07-03 10:06:00,BPMC,110.80000305175781,110.80000305175781,110.80000305175781,110.80000305175781,110.80000305175781,2023.0
2024-07-03 10:06:00,BRKR,62.08000183105469,62.08000183105469,62.08000183105469,62.08000183105469,62.08000183105469,640.0
2024-07-03 10:06:00,BRTX,1.9900000095367432,1.9900000095367432,1.9900000095367432,1.9900000095367432,1.9900000095367432,1005.0
2024-07-03 10:06:00,CABA,7.650000095367432,7.650000095367432,7.650000095367432,7.650000095367432,7.650000095367432,2622.0
2024-07-03 10:06:00,CAPR,4.730000019073486,4.730000019073486,4.730000019073486,4.730000019073486,4.730000019073486,208.0
2024-07-03 10:06:00,CASI,5.110599994659424,5.110599994659424,5.110599994659424,5.110599994659424,5.110599994659424,210.0
2024-07-03 10:06:00,CCCC,4.670000076293945,4.670000076293945,4.670000076293945,4.659999847412109,4.659999847412109,4041.0
2024-07-03 10:06:00,CCRN,13.65999984741211,13.65999984741211,13.65999984741211,13.65999984741211,13.65999984741211,1150.0
2024-07-03 10:06:00,CDMO,7.690000057220459,7.690000057220459,7.690000057220459,7.690000057220459,7.690000057220459,2887.0
2024-07-03 10:06:00,CELC,16.2549991607666,16.2549991607666,16.2549991607666,16.2549991607666,16.2549991607666,113.0
2024-07-03 10:06:00,CERE,41.279998779296875,41.279998779296875,41.279998779296875,41.279998779296875,41.279998779296875,7753.0
2024-07-03 10:06:00,CGC,6.599999904632568,6.599999904632568,6.599999904632568,6.599999904632568,6.599999904632568,21891.0
2024-07-03 10:06:00,CGEM,16.350000381469727,16.350000381469727,16.350000381469727,16.350000381469727,16.350000381469727,540.0
2024-07-03 10:06:00,CGEN,1.690000057220459,1.690000057220459,1.690000057220459,1.690000057220459,1.690000057220459,8969.0
2024-07-03 10:06:00,CHRS,1.3650000095367432,1.3650000095367432,1.3650000095367432,1.3650000095367432,1.3650000095367432,2994.0
2024-07-03 10:06:00,CKPT,2.2699999809265137,2.2699999809265137,2.2699999809265137,2.2699999809265137,2.2699999809265137,210.0
2024-07-03 10:06:00,CLDX,36.310001373291016,36.310001373291016,36.310001373291016,36.310001373291016,36.310001373291016,764.0
2024-07-03 10:06:00,CLPT,5.258800029754639,5.258800029754639,5.258800029754639,5.258800029754639,5.258800029754639,544.0
2024-07-03 10:06:00,CMAX,2.1858999729156494,2.1858999729156494,2.1858999729156494,2.1858999729156494,2.1858999729156494,208.0
2024-07-03 10:06:00,CMPS,6.170000076293945,6.170000076293945,6.170000076293945,6.170000076293945,6.170000076293945,1629.0
2024-07-03 10:06:00,CNSP,2.4091999530792236,2.4091999530792236,2.4100000858306885,2.4000000953674316,2.409899950027466,280398.0
2024-07-03 10:06:00,COGT,8.359999656677246,8.359999656677246,8.359999656677246,8.359999656677246,8.359999656677246,673.0
2024-07-03 10:06:00,CORT,31.405000686645508,31.405000686645508,31.405000686645508,31.405000686645508,31.405000686645508,1406.0
2024-07-03 10:06:00,COSM,0.960099995136261,0.960099995136261,0.960099995136261,0.960099995136261,0.960099995136261,0.0
2024-07-03 10:06:00,CPRX,15.770000457763672,15.770000457763672,15.770000457763672,15.770000457763672,15.770000457763672,893.0
2024-07-03 10:06:00,CRBU,1.5750000476837158,1.5750000476837158,1.5750000476837158,1.5750000476837158,1.5750000476837158,1778.0
2024-07-03 10:06:00,CRMD,4.130000114440918,4.130000114440918,4.139999866485596,4.130000114440918,4.139999866485596,12517.0
2024-07-03 10:06:00,CRNX,44.310001373291016,44.310001373291016,44.310001373291016,44.310001373291016,44.310001373291016,4327.0
2024-07-03 10:06:00,CRON,2.325000047683716,2.325000047683716,2.325000047683716,2.325000047683716,2.325000047683716,6727.0
2024-07-03 10:06:00,CRSP,54.190101623535156,54.190101623535156,54.190101623535156,54.190101623535156,54.190101623535156,6749.0
2024-07-03 10:06:00,CUTR,1.3600000143051147,1.3600000143051147,1.3600000143051147,1.3600000143051147,1.3600000143051147,54.0
2024-07-03 10:06:00,CVAC,3.409899950027466,3.409899950027466,3.409899950027466,3.4000000953674316,3.409899950027466,7138.0
2024-07-03 10:06:00,CYTK,54.76380157470703,54.76380157470703,54.76380157470703,54.76380157470703,54.76380157470703,955.0
2024-07-03 10:06:00,DAWN,13.460000038146973,13.460000038146973,13.460000038146973,13.460000038146973,13.460000038146973,746.0
2024-07-03 10:06:00,DH,5.400000095367432,5.400000095367432,5.400000095367432,5.400000095367432,5.400000095367432,417.0
2024-07-03 10:06:00,DVAX,11.149999618530273,11.149999618530273,11.149999618530273,11.149999618530273,11.149999618530273,269.0
2024-07-03 10:06:00,DYN,34.34000015258789,34.34000015258789,34.34000015258789,34.34000015258789,34.34000015258789,934.0
2024-07-03 10:06:00,EDIT,4.614999771118164,4.614999771118164,4.614999771118164,4.614999771118164,4.614999771118164,9592.0
2024-07-03 10:06:00,EKSO,1.0392999649047852,1.0392999649047852,1.0392999649047852,1.0392999649047852,1.0392999649047852,1338.0
2024-07-03 10:06:00,ENSG,126.05999755859375,126.05999755859375,126.05999755859375,126.05999755859375,126.05999755859375,392.0
2024-07-03 10:06:00,ERAS,2.240000009536743,2.240000009536743,2.240000009536743,2.240000009536743,2.240000009536743,6823.0
2024-07-03 10:06:00,ETNB,7.769999980926514,7.769999980926514,7.769999980926514,7.769999980926514,7.769999980926514,525.0
2024-07-03 10:06:00,EXAI,5.324999809265137,5.324999809265137,5.324999809265137,5.324999809265137,5.324999809265137,1101.0
2024-07-03 10:06:00,EXAS,43.38999938964844,43.38999938964844,43.38999938964844,43.38999938964844,43.38999938964844,3895.0
2024-07-03 10:06:00,EXEL,22.139999389648438,22.139999389648438,22.139999389648438,22.139999389648438,22.139999389648438,3673.0
2024-07-03 10:06:00,EYEN,0.7598999738693237,0.7598999738693237,0.7598999738693237,0.7598999738693237,0.7598999738693237,973.0
2024-07-03 10:06:00,EYPT,8.239999771118164,8.239999771118164,8.239999771118164,8.239999771118164,8.239999771118164,105.0
2024-07-03 10:06:00,FDMT,20.75,20.75,20.75,20.75,20.75,514.0
2024-07-03 10:06:00,GHRS,11.829999923706055,11.829999923706055,11.829999923706055,11.829999923706055,11.829999923706055,1374.0
2024-07-03 10:06:00,GILD,67.18499755859375,67.18499755859375,67.1969985961914,67.12000274658203,67.15499877929688,17239.0
2024-07-03 10:06:00,GMAB,25.15999984741211,25.15999984741211,25.15999984741211,25.15999984741211,25.15999984741211,4350.0
2024-07-03 10:06:00,GOVX,3.1050000190734863,3.1050000190734863,3.1050000190734863,3.1050000190734863,3.1050000190734863,2669.0
2024-07-03 10:06:00,GRTS,0.5644999742507935,0.5644999742507935,0.5644999742507935,0.5644999742507935,0.5644999742507935,540.0
2024-07-03 10:06:00,GTHX,2.5250000953674316,2.5250000953674316,2.5250000953674316,2.5250000953674316,2.5250000953674316,5740.0
2024-07-03 10:06:00,HCM,17.510000228881836,17.510000228881836,17.510000228881836,17.510000228881836,17.510000228881836,2672.0
2024-07-03 10:06:00,HLVX,14.220000267028809,14.220000267028809,14.220000267028809,14.220000267028809,14.220000267028809,1515.0
2024-07-03 10:06:00,HROW,21.6200008392334,21.6200008392334,21.6200008392334,21.6200008392334,21.6200008392334,249.0
2024-07-03 10:06:00,HRTX,2.840100049972534,2.840100049972534,2.8499999046325684,2.8369998931884766,2.8369998931884766,11865.0
2024-07-03 10:06:00,IART,29.024999618530273,29.024999618530273,29.024999618530273,29.024999618530273,29.024999618530273,262.0
2024-07-03 10:06:00,IBRX,6.304999828338623,6.304999828338623,6.304999828338623,6.304999828338623,6.304999828338623,11750.0
2024-07-03 10:06:00,ICLR,318.510009765625,318.510009765625,318.510009765625,318.510009765625,318.510009765625,832.0
2024-07-03 10:06:00,ICUI,117.54000091552734,117.54000091552734,117.54000091552734,117.54000091552734,117.54000091552734,2255.0
2024-07-03 10:06:00,IDXX,475.0,475.0,475.0,475.0,475.0,1372.0
2024-07-03 10:06:00,IDYA,33.36000061035156,33.36000061035156,33.36000061035156,33.36000061035156,33.36000061035156,1367.0
2024-07-03 10:06:00,IGMS,6.340000152587891,6.340000152587891,6.340000152587891,6.340000152587891,6.340000152587891,102.0
2024-07-03 10:06:00,IKNA,1.6399999856948853,1.6399999856948853,1.6399999856948853,1.6399999856948853,1.6399999856948853,847.0
2024-07-03 10:06:00,IKT,1.1699999570846558,1.1699999570846558,1.1699999570846558,1.1699999570846558,1.1699999570846558,247.0
2024-07-03 10:06:00,ILMN,106.58999633789062,106.58999633789062,106.58999633789062,106.58999633789062,106.58999633789062,6627.0
2024-07-03 10:06:00,IMMP,1.9199999570846558,1.9199999570846558,1.9199999570846558,1.9199999570846558,1.9199999570846558,101.0
2024-07-03 10:06:00,IMNM,11.9350004196167,11.9350004196167,11.949899673461914,11.9350004196167,11.9350004196167,1450.0
2024-07-03 10:06:00,IMVT,26.739999771118164,26.739999771118164,26.739999771118164,26.739999771118164,26.739999771118164,1472.0
2024-07-03 10:06:00,INBX,13.449999809265137,13.449999809265137,13.449999809265137,13.449999809265137,13.449999809265137,653.0
2024-07-03 10:06:00,INCY,58.439998626708984,58.439998626708984,58.439998626708984,58.439998626708984,58.439998626708984,2998.0
2024-07-03 10:06:00,INMD,17.75,17.75,17.75,17.75,17.75,2088.0
2024-07-03 10:06:00,INO,8.425000190734863,8.425000190734863,8.425000190734863,8.425000190734863,8.425000190734863,310.0
2024-07-03 10:06:00,INSM,64.25,64.25,64.25,64.23999786376953,64.25,1091.0
2024-07-03 10:06:00,IONM,0.33219999074935913,0.33219999074935913,0.33219999074935913,0.33219999074935913,0.33219999074935913,10668.0
2024-07-03 10:06:00,IOVA,7.760000228881836,7.760000228881836,7.760000228881836,7.760000228881836,7.760000228881836,5774.0
2024-07-03 10:06:00,IRTC,95.9000015258789,95.9000015258789,96.36000061035156,95.9000015258789,96.36000061035156,1769.0
2024-07-03 10:06:00,IRWD,6.184999942779541,6.184999942779541,6.184999942779541,6.184999942779541,6.184999942779541,1049.0
2024-07-03 10:06:00,ISRG,434.6099853515625,434.6099853515625,434.6099853515625,434.6099853515625,434.6099853515625,360.0
2024-07-03 10:06:00,ITCI,68.08999633789062,68.08999633789062,68.08999633789062,68.08999633789062,68.08999633789062,2458.0
2024-07-03 10:06:00,JANX,38.849998474121094,38.849998474121094,38.849998474121094,38.849998474121094,38.849998474121094,504.0
2024-07-03 10:06:00,KALV,11.470000267028809,11.470000267028809,11.470000267028809,11.470000267028809,11.470000267028809,1024.0
2024-07-03 10:06:00,KPTI,0.8299999833106995,0.8299999833106995,0.8299999833106995,0.8299999833106995,0.8299999833106995,1868.0
2024-07-03 10:06:00,KROS,42.40999984741211,42.40999984741211,42.40999984741211,42.40999984741211,42.40999984741211,105.0
2024-07-03 10:06:00,KTRA,0.27480000257492065,0.27480000257492065,0.27480000257492065,0.2709999978542328,0.27250000834465027,4790.0
2024-07-03 10:06:00,KURA,20.40999984741211,20.40999984741211,20.40999984741211,20.40999984741211,20.40999984741211,1020.0
2024-07-03 10:06:00,KYMR,30.440000534057617,30.440000534057617,30.440000534057617,30.440000534057617,30.440000534057617,549.0
2024-07-03 10:06:00,LBPH,31.739999771118164,31.739999771118164,31.739999771118164,31.684999465942383,31.684999465942383,2205.0
2024-07-03 10:06:00,LFST,5.105000019073486,5.105000019073486,5.105000019073486,5.09499979019165,5.09499979019165,659.0
2024-07-03 10:06:00,LGVN,1.6299999952316284,1.6299999952316284,1.6299999952316284,1.6299999952316284,1.6299999952316284,1006.0
2024-07-03 10:06:00,LMAT,81.12000274658203,81.12000274658203,81.12000274658203,81.12000274658203,81.12000274658203,784.0
2024-07-03 10:06:00,LNTH,78.63999938964844,78.63999938964844,78.63999938964844,78.63999938964844,78.63999938964844,1263.0
2024-07-03 10:06:00,LQDA,11.949999809265137,11.949999809265137,11.949999809265137,11.949999809265137,11.949999809265137,2911.0
2024-07-03 10:06:00,LRMR,7.659999847412109,7.659999847412109,7.659999847412109,7.659999847412109,7.659999847412109,109.0
2024-07-03 10:06:00,LUCY,0.4702000021934509,0.4702000021934509,0.4702000021934509,0.4684999883174896,0.46860000491142273,10592.0
2024-07-03 10:06:00,LUNG,6.215000152587891,6.215000152587891,6.215000152587891,6.215000152587891,6.215000152587891,1102.0
2024-07-03 10:06:00,LXRX,1.6050000190734863,1.6050000190734863,1.6050000190734863,1.6050000190734863,1.6050000190734863,1575.0
2024-07-03 10:06:00,LYRA,0.2833000123500824,0.2833000123500824,0.2833000123500824,0.2833000123500824,0.2833000123500824,1116.0
2024-07-03 10:06:00,MASI,113.16999816894531,113.16999816894531,113.16999816894531,113.16999816894531,113.16999816894531,1701.0
2024-07-03 10:06:00,MDXG,6.789999961853027,6.789999961853027,6.789999961853027,6.789999961853027,6.789999961853027,611.0
2024-07-03 10:06:00,MHUA,0.9200999736785889,0.9200999736785889,0.9200999736785889,0.9200999736785889,0.9200999736785889,293.0
2024-07-03 10:06:00,MIRM,34.119998931884766,34.119998931884766,34.119998931884766,34.119998931884766,34.119998931884766,708.0
2024-07-03 10:06:00,MMSI,85.69000244140625,85.69000244140625,85.69000244140625,85.69000244140625,85.69000244140625,230.0
2024-07-03 10:06:00,MNMD,7.139999866485596,7.139999866485596,7.139999866485596,7.139999866485596,7.139999866485596,4082.0
2024-07-03 10:06:00,MOR,18.18000030517578,18.18000030517578,18.18000030517578,18.18000030517578,18.18000030517578,0.0
2024-07-03 10:06:00,MREO,3.4549999237060547,3.4549999237060547,3.4549999237060547,3.4549999237060547,3.4549999237060547,178.0
2024-07-03 10:06:00,MRNA,117.87000274658203,117.87000274658203,117.93000030517578,117.75,117.87000274658203,2020.0
2024-07-03 10:06:00,MRSN,1.8650000095367432,1.8650000095367432,1.8650000095367432,1.8650000095367432,1.8650000095367432,3441.0
2024-07-03 10:06:00,MRVI,6.809999942779541,6.809999942779541,6.809999942779541,6.809999942779541,6.809999942779541,1781.0
2024-07-03 10:06:00,MXCT,3.7049999237060547,3.7049999237060547,3.7049999237060547,3.700000047683716,3.700000047683716,6820.0
2024-07-03 10:06:00,MYGN,25.204999923706055,25.204999923706055,25.204999923706055,25.204999923706055,25.204999923706055,462.0
2024-07-03 10:06:00,NBIX,138.43499755859375,138.43499755859375,138.43499755859375,138.43499755859375,138.43499755859375,1564.0
2024-07-03 10:06:00,NEOG,15.100000381469727,15.100000381469727,15.100000381469727,15.100000381469727,15.100000381469727,921.0
2024-07-03 10:06:00,NKTX,5.300000190734863,5.300000190734863,5.300000190734863,5.300000190734863,5.300000190734863,1463.0
2024-07-03 10:06:00,NLSP,0.2053000032901764,0.2053000032901764,0.2053000032901764,0.2053000032901764,0.2053000032901764,1531.0
2024-07-03 10:06:00,NRBO,4.650000095367432,4.650000095367432,4.650000095367432,4.650000095367432,4.650000095367432,1760.0
2024-07-03 10:06:00,NRC,22.899999618530273,22.899999618530273,22.899999618530273,22.899999618530273,22.899999618530273,634.0
2024-07-03 10:06:00,NRIX,19.295000076293945,19.295000076293945,19.295000076293945,19.295000076293945,19.295000076293945,1681.0
2024-07-03 10:06:00,NRSN,1.3200000524520874,1.3200000524520874,1.3200000524520874,1.3200000524520874,1.3200000524520874,1065.0
2024-07-03 10:06:00,NUWE,4.139999866485596,4.139999866485596,4.139999866485596,4.139999866485596,4.139999866485596,549.0
2024-07-03 10:06:00,OCGN,1.6549999713897705,1.6549999713897705,1.6699999570846558,1.6549999713897705,1.6649999618530273,26084.0
2024-07-03 10:06:00,OCUL,6.824999809265137,6.824999809265137,6.824999809265137,6.820000171661377,6.820000171661377,217.0
2024-07-03 10:06:00,OLK,25.799999237060547,25.799999237060547,25.799999237060547,25.799999237060547,25.799999237060547,511.0
2024-07-03 10:06:00,OLMA,10.529999732971191,10.529999732971191,10.529999732971191,10.529999732971191,10.529999732971191,1714.0
2024-07-03 10:06:00,OM,3.744999885559082,3.744999885559082,3.744999885559082,3.744999885559082,3.744999885559082,122.0
2024-07-03 10:06:00,OMCL,26.020000457763672,26.020000457763672,26.020000457763672,26.020000457763672,26.020000457763672,622.0
2024-07-03 10:07:00,ABEO,4.239999771118164,4.239999771118164,4.239999771118164,4.239999771118164,4.239999771118164,621.0
2024-07-03 10:07:00,ABOS,2.2780001163482666,2.2780001163482666,2.2780001163482666,2.2780001163482666,2.2780001163482666,550.0
2024-07-03 10:07:00,ABSI,3.1649999618530273,3.1649999618530273,3.180000066757202,3.1449999809265137,3.1449999809265137,9399.0
2024-07-03 10:07:00,ABUS,3.1600000858306885,3.1600000858306885,3.1600000858306885,3.1600000858306885,3.1600000858306885,2672.0
2024-07-03 10:07:00,ACAD,15.78499984741211,15.78499984741211,15.78499984741211,15.78499984741211,15.78499984741211,768.0
2024-07-03 10:07:00,ACB,4.788400173187256,4.788400173187256,4.809999942779541,4.788400173187256,4.801700115203857,9940.0
2024-07-03 10:07:00,ACCD,3.5399999618530273,3.5399999618530273,3.565000057220459,3.5399999618530273,3.559999942779541,113324.0
2024-07-03 10:07:00,ACET,1.0549999475479126,1.0549999475479126,1.0549999475479126,1.0549999475479126,1.0549999475479126,541.0
2024-07-03 10:07:00,ACHC,65.83499908447266,65.83499908447266,65.83999633789062,65.83499908447266,65.83499908447266,886.0
2024-07-03 10:07:00,ACST,2.9000000953674316,2.9000000953674316,2.9000000953674316,2.869999885559082,2.869999885559082,1466.0
2024-07-03 10:07:00,ADAP,1.0210000276565552,1.0210000276565552,1.0210000276565552,1.0149999856948853,1.0199999809265137,18699.0
2024-07-03 10:07:00,ADMA,11.289999961853027,11.289999961853027,11.295000076293945,11.28499984741211,11.28499984741211,3586.0
2024-07-03 10:07:00,ADPT,3.320499897003174,3.320499897003174,3.320499897003174,3.320499897003174,3.320499897003174,630.0
2024-07-03 10:07:00,ADTX,1.4900000095367432,1.4900000095367432,1.4900000095367432,1.4900000095367432,1.4900000095367432,0.0
2024-07-03 10:07:00,AEMD,0.41119998693466187,0.41119998693466187,0.41119998693466187,0.41119998693466187,0.41119998693466187,0.0
2024-07-03 10:07:00,AGEN,14.579999923706055,14.579999923706055,14.600000381469727,14.550000190734863,14.550000190734863,2939.0
2024-07-03 10:07:00,AHCO,9.720000267028809,9.720000267028809,9.720000267028809,9.699999809265137,9.699999809265137,2302.0
2024-07-03 10:07:00,AKBA,0.9399999976158142,0.9399999976158142,0.9399999976158142,0.9352999925613403,0.9399999976158142,1993.0
2024-07-03 10:07:00,AKRO,22.059999465942383,22.059999465942383,22.06999969482422,22.049999237060547,22.06999969482422,3286.0
2024-07-03 10:07:00,AKYA,2.140000104904175,2.140000104904175,2.140000104904175,2.140000104904175,2.140000104904175,279.0
2024-07-03 10:07:00,ALDX,3.2493999004364014,3.2493999004364014,3.2493999004364014,3.240000009536743,3.240000009536743,11004.0
2024-07-03 10:07:00,ALEC,4.420000076293945,4.420000076293945,4.420000076293945,4.420000076293945,4.420000076293945,821.0
2024-07-03 10:07:00,ALGN,237.60000610351562,237.60000610351562,237.60000610351562,237.60000610351562,237.60000610351562,495.0
2024-07-03 10:07:00,ALHC,7.989999771118164,7.989999771118164,8.020000457763672,7.989999771118164,8.020000457763672,5408.0
2024-07-03 10:07:00,ALKS,24.3700008392334,24.3700008392334,24.375,24.3700008392334,24.3700008392334,1712.0
2024-07-03 10:07:00,ALLK,0.8446000218391418,0.8446000218391418,0.8446000218391418,0.8445000052452087,0.8446000218391418,7348.0
2024-07-03 10:07:00,ALLO,2.130000114440918,2.130000114440918,2.134999990463257,2.130000114440918,2.134999990463257,5849.0
2024-07-03 10:07:00,ALLR,0.2061000019311905,0.2061000019311905,0.2061000019311905,0.2061000019311905,0.2061000019311905,200.0
2024-07-03 10:07:00,ALNY,247.49000549316406,247.49000549316406,247.49000549316406,247.49000549316406,247.49000549316406,627.0
2024-07-03 10:07:00,ALT,6.724999904632568,6.724999904632568,6.724999904632568,6.710700035095215,6.710700035095215,7042.0
2024-07-03 10:07:00,ALXO,5.79010009765625,5.79010009765625,5.829999923706055,5.784999847412109,5.784999847412109,3796.0
2024-07-03 10:07:00,AMED,96.5999984741211,96.5999984741211,96.66999816894531,96.55500030517578,96.66999816894531,3684.0
2024-07-03 10:07:00,AMGN,311.19500732421875,311.19500732421875,311.30999755859375,310.8200988769531,311.168212890625,3850.0
2024-07-03 10:07:00,AMLX,1.7549999952316284,1.7549999952316284,1.7549999952316284,1.750599980354309,1.750599980354309,731.0
2024-07-03 10:07:00,AMPH,38.20000076293945,38.20000076293945,38.20000076293945,38.1349983215332,38.1349983215332,3040.0
2024-07-03 10:07:00,ANNX,4.715000152587891,4.715000152587891,4.71999979019165,4.710000038146973,4.710000038146973,4492.0
2024-07-03 10:07:00,ANTX,2.5899999141693115,2.5899999141693115,2.5999999046325684,2.569999933242798,2.5899999141693115,25420.0
2024-07-03 10:07:00,APLS,36.2599983215332,36.2599983215332,36.2599983215332,36.2599983215332,36.2599983215332,418.0
2024-07-03 10:07:00,APLT,4.448999881744385,4.448999881744385,4.448999881744385,4.429999828338623,4.429999828338623,4180.0
2024-07-03 10:07:00,AQST,2.380000114440918,2.380000114440918,2.389899969100952,2.380000114440918,2.389899969100952,5382.0
2024-07-03 10:07:00,ARDX,5.175000190734863,5.175000190734863,5.199900150299072,5.170100212097168,5.195000171661377,77945.0
2024-07-03 10:07:00,ARQT,9.46500015258789,9.46500015258789,9.5,9.460000038146973,9.5,22492.0
2024-07-03 10:07:00,ARVN,24.969999313354492,24.969999313354492,24.979999542236328,24.969999313354492,24.969999313354492,436.0
2024-07-03 10:07:00,ASND,136.6999969482422,136.6999969482422,136.6999969482422,136.6999969482422,136.6999969482422,472.0
2024-07-03 10:07:00,ASRT,1.284999966621399,1.284999966621399,1.3049999475479126,1.284999966621399,1.3000999689102173,9262.0
2024-07-03 10:07:00,ATAI,1.3099000453948975,1.3099000453948975,1.3099000453948975,1.3099000453948975,1.3099000453948975,595.0
2024-07-03 10:07:00,ATOS,1.149999976158142,1.149999976158142,1.149999976158142,1.1449999809265137,1.1449999809265137,4708.0
2024-07-03 10:07:00,ATRC,22.25,22.25,22.25,22.25,22.25,1115.0
2024-07-03 10:07:00,AUGX,1.0099999904632568,1.0099999904632568,1.0099999904632568,1.0099999904632568,1.0099999904632568,4352.0
2024-07-03 10:07:00,AUTL,3.444999933242798,3.444999933242798,3.444999933242798,3.444999933242798,3.444999933242798,725.0
2024-07-03 10:07:00,AVDL,14.34000015258789,14.34000015258789,14.34000015258789,14.34000015258789,14.34000015258789,501.0
2024-07-03 10:07:00,AVTE,1.5750000476837158,1.5750000476837158,1.5750000476837158,1.5750000476837158,1.5750000476837158,4406.0
2024-07-03 10:07:00,AWH,0.9901000261306763,0.9901000261306763,1.0299999713897705,0.9901000261306763,1.0299999713897705,8653.0
2024-07-03 10:07:00,AXGN,7.425000190734863,7.425000190734863,7.429999828338623,7.380000114440918,7.380000114440918,3224.0
2024-07-03 10:07:00,AXSM,79.51000213623047,79.51000213623047,79.51000213623047,79.37999725341797,79.37999725341797,1075.0
2024-07-03 10:07:00,AZN,76.80999755859375,76.80999755859375,76.81500244140625,76.76000213623047,76.76000213623047,29445.0
2024-07-03 10:07:00,AZTA,52.53499984741211,52.53499984741211,52.53499984741211,52.53499984741211,52.53499984741211,1955.0
2024-07-03 10:07:00,BCAB,1.3049999475479126,1.3049999475479126,1.3049999475479126,1.2999999523162842,1.2999999523162842,1273.0
2024-07-03 10:07:00,BCLI,0.36000001430511475,0.36000001430511475,0.36010000109672546,0.36000001430511475,0.36010000109672546,11631.0
2024-07-03 10:07:00,BCRX,6.639999866485596,6.639999866485596,6.650000095367432,6.639999866485596,6.650000095367432,3247.0
2024-07-03 10:07:00,BDSX,1.590000033378601,1.590000033378601,1.590000033378601,1.590000033378601,1.590000033378601,597.0
2024-07-03 10:07:00,BDTX,4.2179999351501465,4.2179999351501465,4.2179999351501465,4.2179999351501465,4.2179999351501465,2649.0
2024-07-03 10:07:00,BEAM,23.20009994506836,23.20009994506836,23.25,23.20009994506836,23.25,1017.0
2024-07-03 10:07:00,BEAT,2.75,2.75,2.7999000549316406,2.75,2.7999000549316406,7973.0
2024-07-03 10:07:00,BIIB,226.89500427246094,226.89500427246094,227.00999450683594,226.89500427246094,227.00999450683594,1678.0
2024-07-03 10:07:00,BLUE,0.9262999892234802,0.9262999892234802,0.9271000027656555,0.9262999892234802,0.9271000027656555,38900.0
2024-07-03 10:07:00,BMRN,81.80000305175781,81.80000305175781,81.83000183105469,81.80000305175781,81.80000305175781,1772.0
2024-07-03 10:07:00,BNGO,0.5604000091552734,0.5604000091552734,0.5605000257492065,0.5604000091552734,0.5604000091552734,14888.0
2024-07-03 10:07:00,BNTX,81.44000244140625,81.44000244140625,81.45999908447266,81.44000244140625,81.45999908447266,956.0
2024-07-03 10:07:00,BPTH,1.7877000570297241,1.7877000570297241,1.7877000570297241,1.7877000570297241,1.7877000570297241,2115.0
2024-07-03 10:07:00,BRKR,62.07500076293945,62.07500076293945,62.07500076293945,62.07500076293945,62.07500076293945,834.0
2024-07-03 10:07:00,BTAI,1.089900016784668,1.089900016784668,1.089900016784668,1.0801000595092773,1.0801000595092773,4423.0
2024-07-03 10:07:00,BTMD,7.440000057220459,7.440000057220459,7.440000057220459,7.440000057220459,7.440000057220459,1588.0
2024-07-03 10:07:00,BVS,6.019999980926514,6.019999980926514,6.03000020980835,6.005000114440918,6.005000114440918,2421.0
2024-07-03 10:07:00,CABA,7.675000190734863,7.675000190734863,7.675000190734863,7.675000190734863,7.675000190734863,1047.0
2024-07-03 10:07:00,CAPR,4.730000019073486,4.730000019073486,4.730000019073486,4.730000019073486,4.730000019073486,115.0
2024-07-03 10:07:00,CCCC,4.664999961853027,4.664999961853027,4.679999828338623,4.659999847412109,4.664999961853027,2813.0
2024-07-03 10:07:00,CDMO,7.599999904632568,7.599999904632568,7.71999979019165,7.599999904632568,7.71999979019165,15119.0
2024-07-03 10:07:00,CDXS,2.9200000762939453,2.9200000762939453,2.9200000762939453,2.9200000762939453,2.9200000762939453,25927.0
2024-07-03 10:07:00,CERE,41.290000915527344,41.290000915527344,41.290000915527344,41.290000915527344,41.290000915527344,431.0
2024-07-03 10:07:00,CERS,1.715000033378601,1.715000033378601,1.715000033378601,1.715000033378601,1.715000033378601,482.0
2024-07-03 10:07:00,CERT,13.795000076293945,13.795000076293945,13.795000076293945,13.795000076293945,13.795000076293945,1572.0
2024-07-03 10:07:00,CGC,6.605500221252441,6.605500221252441,6.619999885559082,6.605000019073486,6.610000133514404,6828.0
2024-07-03 10:07:00,CGEM,16.420000076293945,16.420000076293945,16.420000076293945,16.325000762939453,16.325000762939453,599.0
2024-07-03 10:07:00,CGEN,1.684999942779541,1.684999942779541,1.684999942779541,1.684999942779541,1.684999942779541,0.0
2024-07-03 10:07:00,CGTX,1.7999999523162842,1.7999999523162842,1.7999999523162842,1.7999999523162842,1.7999999523162842,200.0
2024-07-03 10:07:00,CHRS,1.3700000047683716,1.3700000047683716,1.3700000047683716,1.3700000047683716,1.3700000047683716,6103.0
2024-07-03 10:07:00,CKPT,2.2100000381469727,2.2100000381469727,2.255000114440918,2.2100000381469727,2.2300000190734863,4302.0
2024-07-03 10:07:00,CLDX,36.505001068115234,36.505001068115234,36.505001068115234,36.349998474121094,36.349998474121094,3972.0
2024-07-03 10:07:00,CLNN,0.33230000734329224,0.33230000734329224,0.33250001072883606,0.33230000734329224,0.33250001072883606,22035.0
2024-07-03 10:07:00,CLOV,1.2450000047683716,1.2450000047683716,1.25,1.2410999536514282,1.2410999536514282,5408.0
2024-07-03 10:07:00,CNSP,2.359999895095825,2.359999895095825,2.4100000858306885,2.3499999046325684,2.400099992752075,176939.0
2024-07-03 10:07:00,CNTG,0.42989999055862427,0.42989999055862427,0.42989999055862427,0.42989999055862427,0.42989999055862427,8260.0
2024-07-03 10:07:00,CORT,31.405000686645508,31.405000686645508,31.405000686645508,31.405000686645508,31.405000686645508,577.0
2024-07-03 10:07:00,COSM,0.9700000286102295,0.9700000286102295,0.9700000286102295,0.9700000286102295,0.9700000286102295,3797.0
2024-07-03 10:07:00,CPRX,15.739999771118164,15.739999771118164,15.779999732971191,15.739999771118164,15.779999732971191,2448.0
2024-07-03 10:07:00,CRDF,2.15910005569458,2.15910005569458,2.15910005569458,2.15910005569458,2.15910005569458,1097.0
2024-07-03 10:07:00,CRIS,6.400000095367432,6.400000095367432,6.400000095367432,6.400000095367432,6.400000095367432,654.0
2024-07-03 10:07:00,CRMD,4.150000095367432,4.150000095367432,4.150000095367432,4.139999866485596,4.139999866485596,1130.0
2024-07-03 10:07:00,CRNX,44.290000915527344,44.290000915527344,44.435001373291016,44.2400016784668,44.2400016784668,2057.0
2024-07-03 10:07:00,CRSP,54.32500076293945,54.32500076293945,54.32500076293945,54.2400016784668,54.290000915527344,4825.0
2024-07-03 10:07:00,CTKB,5.730000019073486,5.730000019073486,5.730000019073486,5.730000019073486,5.730000019073486,1348.0
2024-07-03 10:07:00,CTMX,1.3294999599456787,1.3294999599456787,1.3294999599456787,1.3294999599456787,1.3294999599456787,500.0
2024-07-03 10:07:00,CTXR,0.5250999927520752,0.5250999927520752,0.5254999995231628,0.522599995136261,0.5254999995231628,21018.0
2024-07-03 10:07:00,CUE,1.0099999904632568,1.0099999904632568,1.0099999904632568,1.0099999904632568,1.0099999904632568,465.0
2024-07-03 10:07:00,CVAC,3.4149999618530273,3.4149999618530273,3.424999952316284,3.384999990463257,3.4049999713897705,66198.0
2024-07-03 10:07:00,CYTK,54.68000030517578,54.68000030517578,54.755001068115234,54.68000030517578,54.755001068115234,277.0
2024-07-03 10:07:00,DAWN,13.46500015258789,13.46500015258789,13.46500015258789,13.46500015258789,13.46500015258789,296.0
2024-07-03 10:07:00,DCTH,7.980000019073486,7.980000019073486,7.980000019073486,7.929999828338623,7.980000019073486,5472.0
2024-07-03 10:07:00,DERM,5.269999980926514,5.269999980926514,5.269999980926514,5.269999980926514,5.269999980926514,655.0
2024-07-03 10:07:00,DH,5.409999847412109,5.409999847412109,5.409999847412109,5.409999847412109,5.409999847412109,302.0
2024-07-03 10:07:00,DNLI,22.0,22.0,22.0,21.989999771118164,22.0,5044.0
2024-07-03 10:07:00,DRRX,1.3600000143051147,1.3600000143051147,1.3600000143051147,1.3600000143051147,1.3600000143051147,1037.0
2024-07-03 10:07:00,DSGN,3.194999933242798,3.194999933242798,3.2100000381469727,3.194999933242798,3.2100000381469727,300.0
2024-07-03 10:07:00,DVAX,11.15999984741211,11.15999984741211,11.15999984741211,11.149999618530273,11.149999618530273,589.0
2024-07-03 10:07:00,DXCM,110.29000091552734,110.29000091552734,110.33000183105469,110.22000122070312,110.2699966430664,6491.0
2024-07-03 10:07:00,EDIT,4.61929988861084,4.61929988861084,4.61929988861084,4.61929988861084,4.61929988861084,319.0
2024-07-03 10:07:00,ELEV,2.7249999046325684,2.7249999046325684,2.740000009536743,2.7249999046325684,2.7249999046325684,1050.0
2024-07-03 10:07:00,EMBC,11.880000114440918,11.880000114440918,11.890000343322754,11.869999885559082,11.869999885559082,9717.0
2024-07-03 10:07:00,ENSG,126.05000305175781,126.05000305175781,126.05000305175781,126.05000305175781,126.05000305175781,1108.0
2024-07-03 10:07:00,EOLS,10.8149995803833,10.8149995803833,10.8149995803833,10.8149995803833,10.8149995803833,554.0
2024-07-03 10:07:00,ERAS,2.240000009536743,2.240000009536743,2.240000009536743,2.234999895095825,2.234999895095825,671.0
2024-07-03 10:07:00,ESPR,2.359999895095825,2.359999895095825,2.359999895095825,2.3550000190734863,2.359299898147583,24260.0
2024-07-03 10:07:00,ESTA,43.33000183105469,43.33000183105469,43.380001068115234,43.33000183105469,43.36000061035156,545.0
2024-07-03 10:07:00,ETNB,7.769999980926514,7.769999980926514,7.769999980926514,7.769999980926514,7.769999980926514,1865.0
2024-07-03 10:07:00,EVO,5.059999942779541,5.059999942779541,5.059999942779541,5.059999942779541,5.059999942779541,489.0
2024-07-03 10:07:00,EWTX,18.139999389648438,18.139999389648438,18.139999389648438,18.100000381469727,18.100000381469727,8643.0
2024-07-03 10:07:00,EXAS,43.439998626708984,43.439998626708984,43.45000076293945,43.439998626708984,43.439998626708984,827.0
2024-07-03 10:07:00,EXEL,22.155000686645508,22.155000686645508,22.155000686645508,22.155000686645508,22.155000686645508,2157.0
2024-07-03 10:07:00,EYEN,0.7570000290870667,0.7570000290870667,0.7599999904632568,0.7570000290870667,0.7599999904632568,16342.0
2024-07-03 10:07:00,EYPT,8.270000457763672,8.270000457763672,8.270000457763672,8.270000457763672,8.270000457763672,945.0
2024-07-03 10:07:00,FATE,3.240000009536743,3.240000009536743,3.2427000999450684,3.234999895095825,3.2427000999450684,5540.0
2024-07-03 10:07:00,FGEN,0.7170000076293945,0.7170000076293945,0.7171000242233276,0.7170000076293945,0.7171000242233276,10674.0
2024-07-03 10:07:00,FLGC,0.9799000024795532,0.9799000024795532,0.9799000024795532,0.9799000024795532,0.9799000024795532,1385.0
2024-07-03 10:07:00,FOLD,9.899999618530273,9.899999618530273,9.90999984741211,9.899999618530273,9.90999984741211,1892.0
2024-07-03 10:07:00,FULC,6.070000171661377,6.070000171661377,6.079999923706055,6.070000171661377,6.079999923706055,3407.0
2024-07-03 10:07:00,GALT,2.1700000762939453,2.1700000762939453,2.1700000762939453,2.1700000762939453,2.1700000762939453,1195.0
2024-07-03 10:07:00,GANX,1.1799999475479126,1.1799999475479126,1.1799999475479126,1.1799999475479126,1.1799999475479126,1476.0
2024-07-03 10:07:00,GDRX,7.789999961853027,7.789999961853027,7.789999961853027,7.789999961853027,7.789999961853027,7246.0
2024-07-03 10:07:00,GERN,4.320000171661377,4.320000171661377,4.320000171661377,4.310100078582764,4.320000171661377,19402.0
2024-07-03 10:07:00,GILD,67.20999908447266,67.20999908447266,67.23999786376953,67.16999816894531,67.18499755859375,14917.0
2024-07-03 10:07:00,GLPG,25.415000915527344,25.415000915527344,25.415000915527344,25.415000915527344,25.415000915527344,322.0
2024-07-03 10:07:00,GLUE,3.630000114440918,3.630000114440918,3.630000114440918,3.630000114440918,3.630000114440918,322.0
2024-07-03 10:07:00,GLYC,0.26809999346733093,0.26809999346733093,0.26809999346733093,0.2662000060081482,0.2671000063419342,2030.0
2024-07-03 10:07:00,GMAB,25.170000076293945,25.170000076293945,25.170000076293945,25.164499282836914,25.16790008544922,4129.0
2024-07-03 10:07:00,GRFS,6.65500020980835,6.65500020980835,6.65500020980835,6.630000114440918,6.644999980926514,18975.0
2024-07-03 10:07:00,GTHX,2.5199999809265137,2.5199999809265137,2.5250000953674316,2.5199999809265137,2.5250000953674316,977.0
2024-07-03 10:07:00,HALO,51.36000061035156,51.36000061035156,51.36000061035156,51.2400016784668,51.290000915527344,3816.0
2024-07-03 10:07:00,HCAT,6.110000133514404,6.110000133514404,6.110000133514404,6.085000038146973,6.085000038146973,817.0
2024-07-03 10:07:00,HCSG,11.010000228881836,11.010000228881836,11.010000228881836,11.010000228881836,11.010000228881836,6597.0
2024-07-03 10:07:00,HITI,2.1050000190734863,2.1050000190734863,2.1050000190734863,2.0799999237060547,2.0799999237060547,25526.0
2024-07-03 10:07:00,HOLX,73.04000091552734,73.04000091552734,73.04000091552734,73.04000091552734,73.04000091552734,3591.0
2024-07-03 10:07:00,HOOK,0.5716999769210815,0.5716999769210815,0.5716999769210815,0.5716999769210815,0.5716999769210815,300.0
2024-07-03 10:07:00,HOWL,2.0799999237060547,2.0799999237060547,2.0799999237060547,2.0799999237060547,2.0799999237060547,409.0
2024-07-03 10:07:00,HQY,83.5425033569336,83.5425033569336,83.63999938964844,83.5425033569336,83.58999633789062,3726.0
2024-07-03 10:07:00,HRTX,2.8499999046325684,2.8499999046325684,2.8550000190734863,2.8499999046325684,2.8550000190734863,8362.0
2024-07-03 10:07:00,HSIC,65.09500122070312,65.09500122070312,65.1500015258789,65.09500122070312,65.1500015258789,1263.0
2024-07-03 10:07:00,HUGE,0.1525000035762787,0.1525000035762787,0.1525000035762787,0.1525000035762787,0.1525000035762787,863.0
2024-07-03 10:07:00,HUMA,5.659200191497803,5.659200191497803,5.659999847412109,5.639999866485596,5.639999866485596,85042.0
2024-07-03 10:07:00,HYPR,0.9300000071525574,0.9300000071525574,0.9300000071525574,0.9300000071525574,0.9300000071525574,865.0
2024-07-03 10:07:00,IART,29.084999084472656,29.084999084472656,29.084999084472656,29.049999237060547,29.049999237060547,1325.0
2024-07-03 10:07:00,IBRX,6.260000228881836,6.260000228881836,6.304999828338623,6.260000228881836,6.304999828338623,6049.0
2024-07-03 10:07:00,ICAD,1.2100000381469727,1.2100000381469727,1.2200000286102295,1.2100000381469727,1.218999981880188,20110.0
2024-07-03 10:07:00,ICLR,318.42498779296875,318.42498779296875,318.42498779296875,318.42498779296875,318.42498779296875,152.0
2024-07-03 10:07:00,IDXX,474.3550109863281,474.3550109863281,474.80499267578125,474.3550109863281,474.80499267578125,289.0
2024-07-03 10:07:00,IGMS,6.440000057220459,6.440000057220459,6.440000057220459,6.440000057220459,6.440000057220459,105.0
2024-07-03 10:07:00,ILMN,106.5,106.5,106.5999984741211,106.48999786376953,106.58999633789062,1476.0
2024-07-03 10:07:00,IMCR,35.060001373291016,35.060001373291016,35.060001373291016,35.060001373291016,35.060001373291016,1277.0
2024-07-03 10:07:00,IMNM,11.925000190734863,11.925000190734863,11.925000190734863,11.925000190734863,11.925000190734863,261.0
2024-07-03 10:07:00,INBX,13.404999732971191,13.404999732971191,13.404999732971191,13.404999732971191,13.404999732971191,413.0
2024-07-03 10:07:00,INCY,58.494998931884766,58.494998931884766,58.494998931884766,58.45500183105469,58.45500183105469,1640.0
2024-07-03 10:07:00,INM,0.2549999952316284,0.2549999952316284,0.2549999952316284,0.2549999952316284,0.2549999952316284,35475.0
2024-07-03 10:07:00,INMD,17.739999771118164,17.739999771118164,17.7549991607666,17.739999771118164,17.75,4419.0
2024-07-03 10:07:00,INO,8.400099754333496,8.400099754333496,8.400099754333496,8.400099754333496,8.400099754333496,937.0
2024-07-03 10:07:00,INSM,64.13999938964844,64.13999938964844,64.25,64.13999938964844,64.25,4182.0
2024-07-03 10:07:00,INVA,16.415000915527344,16.415000915527344,16.415000915527344,16.40999984741211,16.40999984741211,1399.0
2024-07-03 10:07:00,IONS,44.97999954223633,44.97999954223633,44.97999954223633,44.95000076293945,44.97999954223633,4866.0
2024-07-03 10:07:00,IOVA,7.75,7.75,7.78000020980835,7.75,7.760000228881836,14860.0
2024-07-03 10:07:00,IRTC,95.54499816894531,95.54499816894531,95.91000366210938,95.41000366210938,95.91000366210938,9882.0
2024-07-03 10:07:00,IRWD,6.184999942779541,6.184999942779541,6.184999942779541,6.184999942779541,6.184999942779541,215.0
2024-07-03 10:07:00,ISRG,433.8500061035156,433.8500061035156,433.8500061035156,433.8500061035156,433.8500061035156,2883.0
2024-07-03 10:07:00,ITCI,68.1500015258789,68.1500015258789,68.16000366210938,68.08999633789062,68.08999633789062,2333.0
2024-07-03 10:07:00,ITRM,1.100000023841858,1.100000023841858,1.100000023841858,1.100000023841858,1.100000023841858,3112.0
2024-07-03 10:07:00,IVVD,1.1150000095367432,1.1150000095367432,1.1150000095367432,1.1150000095367432,1.1150000095367432,382.0
2024-07-03 10:07:00,JAGX,3.487799882888794,3.487799882888794,3.487799882888794,3.48009991645813,3.48009991645813,3421.0
2024-07-03 10:07:00,JAZZ,105.37000274658203,105.37000274658203,105.37000274658203,105.37000274658203,105.37000274658203,333.0
2024-07-03 10:07:00,KNSA,18.690000534057617,18.690000534057617,18.690000534057617,18.690000534057617,18.690000534057617,908.0
2024-07-03 10:07:00,KTRA,0.2728999853134155,0.2728999853134155,0.2728999853134155,0.2709999978542328,0.2709999978542328,18124.0
2024-07-03 10:07:00,LAB,1.7999999523162842,1.7999999523162842,1.7999999523162842,1.7999999523162842,1.7999999523162842,6906.0
2024-07-03 10:07:00,LBPH,31.450000762939453,31.450000762939453,31.450000762939453,31.450000762939453,31.450000762939453,2430.0
2024-07-03 10:07:00,LEGN,44.4900016784668,44.4900016784668,44.4900016784668,44.4900016784668,44.4900016784668,1279.0
2024-07-03 10:07:00,LFMD,6.775000095367432,6.775000095367432,6.775000095367432,6.775000095367432,6.775000095367432,2552.0
2024-07-03 10:07:00,LFST,5.105000019073486,5.105000019073486,5.105000019073486,5.105000019073486,5.105000019073486,493.0
2024-07-03 10:07:00,LGND,84.62010192871094,84.62010192871094,84.62010192871094,84.62010192871094,84.62010192871094,199.0
2024-07-03 10:07:00,LIVN,52.86000061035156,52.86000061035156,52.86000061035156,52.86000061035156,52.86000061035156,2870.0
2024-07-03 10:07:00,LNTH,78.7249984741211,78.7249984741211,78.7249984741211,78.7249984741211,78.7249984741211,279.0
2024-07-03 10:07:00,LTRN,4.569900035858154,4.569900035858154,4.569900035858154,4.569900035858154,4.569900035858154,1392.0
2024-07-03 10:07:00,LUCD,0.7609999775886536,0.7609999775886536,0.7699000239372253,0.7609999775886536,0.7699000239372253,1674.0
2024-07-03 10:07:00,LXRX,1.604099988937378,1.604099988937378,1.6050000190734863,1.604099988937378,1.6050000190734863,3436.0
2024-07-03 10:07:00,LYEL,1.4550000429153442,1.4550000429153442,1.4550000429153442,1.454699993133545,1.454699993133545,8152.0
2024-07-03 10:07:00,MASI,112.7750015258789,112.7750015258789,113.0,112.7750015258789,112.91999816894531,2189.0
2024-07-03 10:07:00,MBIO,0.5254999995231628,0.5254999995231628,0.526199996471405,0.522599995136261,0.526199996471405,47560.0
2024-07-03 10:07:00,MCRB,0.7013000249862671,0.7013000249862671,0.7073000073432922,0.7013000249862671,0.7073000073432922,7352.0
2024-07-03 10:07:00,MDXG,6.800000190734863,6.800000190734863,6.800000190734863,6.800000190734863,6.800000190734863,548.0
2024-07-03 10:07:00,ME,0.40369999408721924,0.40369999408721924,0.40369999408721924,0.40369999408721924,0.40369999408721924,2287.0
2024-07-03 10:07:00,MEDP,402.45001220703125,402.45001220703125,403.05999755859375,402.45001220703125,402.6200866699219,1648.0
2024-07-03 10:07:00,MGNX,4.279099941253662,4.279099941253662,4.279099941253662,4.269999980926514,4.269999980926514,3513.0
2024-07-03 10:07:00,MGTX,3.9800000190734863,3.9800000190734863,3.9800000190734863,3.9800000190734863,3.9800000190734863,801.0
2024-07-03 10:07:00,MIRM,34.415000915527344,34.415000915527344,34.415000915527344,34.22999954223633,34.22999954223633,994.0
2024-07-03 10:07:00,MNMD,7.1255998611450195,7.1255998611450195,7.130000114440918,7.119999885559082,7.130000114440918,1233.0
2024-07-03 10:07:00,MODV,26.665000915527344,26.665000915527344,26.665000915527344,26.665000915527344,26.665000915527344,1748.0
2024-07-03 10:07:00,MORF,31.717500686645508,31.717500686645508,31.717500686645508,31.717500686645508,31.717500686645508,164.0
2024-07-03 10:07:00,MRNA,117.62999725341797,117.62999725341797,118.05000305175781,117.62000274658203,117.8196029663086,12004.0
2024-07-03 10:07:00,MRNS,1.1950000524520874,1.1950000524520874,1.1950000524520874,1.1950000524520874,1.1950000524520874,871.0
2024-07-03 10:07:00,MRSN,1.8650000095367432,1.8650000095367432,1.8650000095367432,1.8650000095367432,1.8650000095367432,805.0
2024-07-03 10:07:00,MRUS,53.48500061035156,53.48500061035156,53.48500061035156,53.48500061035156,53.48500061035156,500.0
2024-07-03 10:07:00,MRVI,6.815000057220459,6.815000057220459,6.815000057220459,6.809999942779541,6.809999942779541,1671.0
2024-07-03 10:07:00,MXCT,3.7049999237060547,3.7049999237060547,3.7049999237060547,3.7049999237060547,3.7049999237060547,4137.0
2024-07-03 10:07:00,MYGN,25.25,25.25,25.25,25.25,25.25,856.0
2024-07-03 10:07:00,NDRA,0.08489999920129776,0.08489999920129776,0.08489999920129776,0.08370000123977661,0.08389999717473984,81858.0
2024-07-03 10:07:00,NEO,13.710000038146973,13.710000038146973,13.710000038146973,13.710000038146973,13.710000038146973,3350.0
2024-07-03 10:07:00,NEOG,15.100000381469727,15.100000381469727,15.119999885559082,15.100000381469727,15.119999885559082,5544.0
2024-07-03 10:07:00,NEXI,2.4800000190734863,2.4800000190734863,2.4800000190734863,2.4800000190734863,2.4800000190734863,0.0
2024-07-03 10:07:00,NKTR,1.1950000524520874,1.1950000524520874,1.1950000524520874,1.1950000524520874,1.1950000524520874,15972.0
2024-07-03 10:07:00,NNOX,7.070000171661377,7.070000171661377,7.079999923706055,7.070000171661377,7.070000171661377,4930.0
2024-07-03 10:07:00,NOTV,1.6749999523162842,1.6749999523162842,1.690000057220459,1.6549999713897705,1.6549999713897705,13280.0
2024-07-03 10:07:00,NRIX,19.28499984741211,19.28499984741211,19.28499984741211,19.28499984741211,19.28499984741211,576.0
2024-07-03 10:07:00,NTLA,22.3799991607666,22.3799991607666,22.399999618530273,22.3799991607666,22.3799991607666,5390.0
2024-07-03 10:07:00,NTRA,112.12989807128906,112.12989807128906,112.12989807128906,112.12989807128906,112.12989807128906,1762.0
2024-07-03 10:07:00,NVAX,13.01990032196045,13.01990032196045,13.01990032196045,12.989999771118164,12.989999771118164,22088.0
2024-07-03 10:07:00,NVCR,17.065000534057617,17.065000534057617,17.065000534057617,17.065000534057617,17.065000534057617,1517.0
2024-07-03 10:07:00,NVCT,6.264999866485596,6.264999866485596,6.264999866485596,6.264999866485596,6.264999866485596,882.0
2024-07-03 10:07:00,OCGN,1.6549999713897705,1.6549999713897705,1.6598999500274658,1.6549999713897705,1.6549999713897705,13561.0
2024-07-03 10:07:00,OCUL,6.824999809265137,6.824999809265137,6.824999809265137,6.824999809265137,6.824999809265137,401.0
2024-07-03 10:07:00,OCUP,1.5700000524520874,1.5700000524520874,1.5700000524520874,1.559999942779541,1.569100022315979,1406.0
2024-07-03 10:07:00,OLK,25.799999237060547,25.799999237060547,25.799999237060547,25.799999237060547,25.799999237060547,1012.0
2024-07-03 10:07:00,OLMA,10.550000190734863,10.550000190734863,10.550000190734863,10.550000190734863,10.550000190734863,632.0
2024-07-03 10:07:00,OM,3.755000114440918,3.755000114440918,3.755000114440918,3.75,3.75,721.0
2024-07-03 10:07:00,OMCL,26.094999313354492,26.094999313354492,26.094999313354492,26.030000686645508,26.051300048828125,1127.0
2024-07-03 10:07:00,ONCY,1.0099999904632568,1.0099999904632568,1.0099999904632568,1.0099999904632568,1.0099999904632568,7424.0
2024-07-03 10:08:00,ABOS,2.2750000953674316,2.2750000953674316,2.2750000953674316,2.2750000953674316,2.2750000953674316,826.0
2024-07-03 10:08:00,ABSI,3.130000114440918,3.130000114440918,3.1700000762939453,3.130000114440918,3.1649999618530273,6971.0
2024-07-03 10:08:00,ABUS,3.1649999618530273,3.1649999618530273,3.1649999618530273,3.1600000858306885,3.1600000858306885,3195.0
2024-07-03 10:08:00,ACAD,15.779999732971191,15.779999732971191,15.779999732971191,15.779999732971191,15.779999732971191,1180.0
2024-07-03 10:08:00,ACB,4.789899826049805,4.789899826049805,4.789999961853027,4.769999980926514,4.789999961853027,3633.0
2024-07-03 10:08:00,ACCD,3.5399999618530273,3.5399999618530273,3.5450000762939453,3.5299999713897705,3.5399999618530273,8644.0
2024-07-03 10:08:00,ACET,1.0499999523162842,1.0499999523162842,1.0585999488830566,1.0499999523162842,1.0549999475479126,3929.0
2024-07-03 10:08:00,ADMA,11.295000076293945,11.295000076293945,11.300000190734863,11.295000076293945,11.295000076293945,994.0
2024-07-03 10:08:00,AEMD,0.41999998688697815,0.41999998688697815,0.41999998688697815,0.41990000009536743,0.41990000009536743,151.0
2024-07-03 10:08:00,AFMD,5.079999923706055,5.079999923706055,5.079999923706055,5.079999923706055,5.079999923706055,544.0
2024-07-03 10:08:00,AGIO,42.220001220703125,42.220001220703125,42.220001220703125,42.220001220703125,42.220001220703125,322.0
2024-07-03 10:08:00,AHCO,9.6850004196167,9.6850004196167,9.729999542236328,9.6850004196167,9.729999542236328,998.0
2024-07-03 10:08:00,AKBA,0.9399999976158142,0.9399999976158142,0.9399999976158142,0.9399999976158142,0.9399999976158142,346.0
2024-07-03 10:08:00,AKRO,21.969999313354492,21.969999313354492,22.049999237060547,21.969999313354492,22.049999237060547,2295.0
2024-07-03 10:08:00,AKYA,2.1475000381469727,2.1475000381469727,2.1475000381469727,2.1475000381469727,2.1475000381469727,102.0
2024-07-03 10:08:00,ALDX,3.25600004196167,3.25600004196167,3.259999990463257,3.25,3.25,3457.0
2024-07-03 10:08:00,ALGN,237.55499267578125,237.55499267578125,237.76840209960938,237.3000030517578,237.3000030517578,1253.0
2024-07-03 10:08:00,ALKS,24.375,24.375,24.389999389648438,24.375,24.389999389648438,643.0
2024-07-03 10:08:00,ALLK,0.8476999998092651,0.8476999998092651,0.8476999998092651,0.8461999893188477,0.8461999893188477,1698.0
2024-07-03 10:08:00,ALLO,2.125,2.125,2.130000114440918,2.125,2.130000114440918,3650.0
2024-07-03 10:08:00,ALLR,0.2061000019311905,0.2061000019311905,0.20749999582767487,0.2061000019311905,0.20749999582767487,1500.0
2024-07-03 10:08:00,ALT,6.712500095367432,6.712500095367432,6.715000152587891,6.704999923706055,6.715000152587891,6227.0
2024-07-03 10:08:00,ALVR,0.7350000143051147,0.7350000143051147,0.7350000143051147,0.7350000143051147,0.7350000143051147,1369.0
2024-07-03 10:08:00,ALXO,5.860000133514404,5.860000133514404,5.860000133514404,5.815000057220459,5.815000057220459,3546.0
2024-07-03 10:08:00,AMED,96.73500061035156,96.73500061035156,96.73500061035156,96.53500366210938,96.53500366210938,2025.0
2024-07-03 10:08:00,AMGN,311.1400146484375,311.1400146484375,311.1400146484375,311.1300048828125,311.1300048828125,474.0
2024-07-03 10:08:00,AMLX,1.75,1.75,1.7599999904632568,1.75,1.75,7035.0
2024-07-03 10:08:00,AMPH,38.130001068115234,38.130001068115234,38.185001373291016,38.130001068115234,38.1349983215332,974.0
2024-07-03 10:08:00,ANNX,4.710000038146973,4.710000038146973,4.710000038146973,4.710000038146973,4.710000038146973,2073.0
2024-07-03 10:08:00,ANTX,2.630000114440918,2.630000114440918,2.640000104904175,2.589900016784668,2.589900016784668,24666.0
2024-07-03 10:08:00,APLS,36.244998931884766,36.244998931884766,36.244998931884766,36.20000076293945,36.20000076293945,660.0
2024-07-03 10:08:00,AQST,2.375,2.375,2.380000114440918,2.375,2.380000114440918,2436.0
2024-07-03 10:08:00,ARCT,21.40999984741211,21.40999984741211,21.40999984741211,21.40999984741211,21.40999984741211,925.0
2024-07-03 10:08:00,ARDS,0.0689999982714653,0.0689999982714653,0.0689999982714653,0.0689999982714653,0.0689999982714653,0.0
2024-07-03 10:08:00,ARDX,5.175000190734863,5.175000190734863,5.179999828338623,5.170000076293945,5.175000190734863,27731.0
2024-07-03 10:08:00,ARGX,435.7300109863281,435.7300109863281,435.7300109863281,435.7300109863281,435.7300109863281,284.0
2024-07-03 10:08:00,ARQT,9.4399995803833,9.4399995803833,9.475000381469727,9.4399995803833,9.449999809265137,5089.0
2024-07-03 10:08:00,ASRT,1.2835999727249146,1.2835999727249146,1.2835999727249146,1.2799999713897705,1.2799999713897705,565.0
2024-07-03 10:08:00,ATEC,9.890000343322754,9.890000343322754,9.899999618530273,9.890000343322754,9.899999618530273,243.0
2024-07-03 10:08:00,ATHA,2.5950000286102295,2.5950000286102295,2.5950000286102295,2.5950000286102295,2.5950000286102295,5897.0
2024-07-03 10:08:00,ATRA,7.670000076293945,7.670000076293945,7.730000019073486,7.670000076293945,7.730000019073486,408.0
2024-07-03 10:08:00,ATRC,22.31999969482422,22.31999969482422,22.31999969482422,22.25,22.25,264.0
2024-07-03 10:08:00,ATXS,9.050000190734863,9.050000190734863,9.050000190734863,9.050000190734863,9.050000190734863,1706.0
2024-07-03 10:08:00,AUGX,1.0099999904632568,1.0099999904632568,1.0099999904632568,1.0098999738693237,1.0098999738693237,6301.0
2024-07-03 10:08:00,AUPH,5.474999904632568,5.474999904632568,5.474999904632568,5.474999904632568,5.474999904632568,1232.0
2024-07-03 10:08:00,AVDL,14.34000015258789,14.34000015258789,14.34000015258789,14.329999923706055,14.329999923706055,1211.0
2024-07-03 10:08:00,AVGR,1.774899959564209,1.774899959564209,1.774899959564209,1.774899959564209,1.774899959564209,0.0
2024-07-03 10:08:00,AVIR,3.25,3.25,3.25,3.25,3.25,1561.0
2024-07-03 10:08:00,AVTE,1.5750000476837158,1.5750000476837158,1.5750000476837158,1.5750000476837158,1.5750000476837158,201.0
2024-07-03 10:08:00,AVXL,4.195000171661377,4.195000171661377,4.195000171661377,4.195000171661377,4.195000171661377,866.0
2024-07-03 10:08:00,AXGN,7.400000095367432,7.400000095367432,7.420000076293945,7.400000095367432,7.420000076293945,697.0
2024-07-03 10:08:00,AXNX,67.37000274658203,67.37000274658203,67.37000274658203,67.3550033569336,67.3550033569336,406.0
2024-07-03 10:08:00,AXSM,79.56999969482422,79.56999969482422,79.56999969482422,79.56999969482422,79.56999969482422,426.0
2024-07-03 10:08:00,AZN,76.77999877929688,76.77999877929688,76.81999969482422,76.7750015258789,76.81999969482422,12285.0
2024-07-03 10:08:00,AZTA,52.619998931884766,52.619998931884766,52.619998931884766,52.560001373291016,52.560001373291016,1225.0
2024-07-03 10:08:00,BBIO,25.079999923706055,25.079999923706055,25.100000381469727,25.06999969482422,25.079999923706055,1518.0
2024-07-03 10:08:00,BCAB,1.3049999475479126,1.3049999475479126,1.3049999475479126,1.3049999475479126,1.3049999475479126,2133.0
2024-07-03 10:08:00,BCDA,2.9700000286102295,2.9700000286102295,2.9700000286102295,2.9700000286102295,2.9700000286102295,310.0
2024-07-03 10:08:00,BCRX,6.650000095367432,6.650000095367432,6.650000095367432,6.644999980926514,6.644999980926514,1438.0
2024-07-03 10:08:00,BEAM,23.20009994506836,23.20009994506836,23.239999771118164,23.20009994506836,23.239999771118164,1847.0
2024-07-03 10:08:00,BEAT,2.75,2.75,2.75,2.75,2.75,401.0
2024-07-03 10:08:00,BIIB,226.58999633789062,226.58999633789062,226.81500244140625,226.58999633789062,226.81500244140625,1291.0
2024-07-03 10:08:00,BJDX,0.6349999904632568,0.6349999904632568,0.6349999904632568,0.6349999904632568,0.6349999904632568,988.0
2024-07-03 10:08:00,BLUE,0.9257000088691711,0.9257000088691711,0.9257000088691711,0.9240999817848206,0.9257000088691711,923.0
2024-07-03 10:08:00,BMEA,4.429999828338623,4.429999828338623,4.429999828338623,4.429999828338623,4.429999828338623,1819.0
2024-07-03 10:08:00,BMRN,81.70330047607422,81.70330047607422,81.70330047607422,81.70330047607422,81.70330047607422,260.0
2024-07-03 10:08:00,BNGO,0.5604000091552734,0.5604000091552734,0.5604000091552734,0.5604000091552734,0.5604000091552734,7882.0
2024-07-03 10:08:00,BNTX,80.8634033203125,80.8634033203125,81.45999908447266,80.8634033203125,81.45999908447266,6487.0
2024-07-03 10:08:00,BRKR,62.1150016784668,62.1150016784668,62.1150016784668,62.1150016784668,62.1150016784668,780.0
2024-07-03 10:08:00,BTAI,1.0800000429153442,1.0800000429153442,1.0800000429153442,1.0800000429153442,1.0800000429153442,0.0
2024-07-03 10:08:00,BVS,6.059999942779541,6.059999942779541,6.059999942779541,6.03000020980835,6.03000020980835,4570.0
2024-07-03 10:08:00,CABA,7.675000190734863,7.675000190734863,7.699999809265137,7.675000190734863,7.675000190734863,2648.0
2024-07-03 10:08:00,CALT,39.22669982910156,39.22669982910156,39.22669982910156,39.22669982910156,39.22669982910156,3176.0
2024-07-03 10:08:00,CAPR,4.699999809265137,4.699999809265137,4.699999809265137,4.699999809265137,4.699999809265137,536.0
2024-07-03 10:08:00,CARA,0.27149999141693115,0.27149999141693115,0.27149999141693115,0.27149999141693115,0.27149999141693115,4377.0
2024-07-03 10:08:00,CCCC,4.670000076293945,4.670000076293945,4.670000076293945,4.664999961853027,4.670000076293945,2256.0
2024-07-03 10:08:00,CCRN,13.6899995803833,13.6899995803833,13.6899995803833,13.6899995803833,13.6899995803833,392.0
2024-07-03 10:08:00,CDMO,7.572000026702881,7.572000026702881,7.602799892425537,7.52269983291626,7.599999904632568,52878.0
2024-07-03 10:08:00,CDNA,15.170000076293945,15.170000076293945,15.175000190734863,15.170000076293945,15.170000076293945,528.0
2024-07-03 10:08:00,CELC,16.2450008392334,16.2450008392334,16.2450008392334,16.2450008392334,16.2450008392334,224.0
2024-07-03 10:08:00,CERE,41.279998779296875,41.279998779296875,41.310001373291016,41.279998779296875,41.290000915527344,36550.0
2024-07-03 10:08:00,CGC,6.585000038146973,6.585000038146973,6.599999904632568,6.585000038146973,6.599999904632568,18249.0
2024-07-03 10:08:00,CGEN,1.684999942779541,1.684999942779541,1.690000057220459,1.684999942779541,1.684999942779541,4446.0
2024-07-03 10:08:00,CGTX,1.8200000524520874,1.8200000524520874,1.8200000524520874,1.7999999523162842,1.7999999523162842,800.0
2024-07-03 10:08:00,CHRS,1.375,1.375,1.3799999952316284,1.3732999563217163,1.375,6734.0
2024-07-03 10:08:00,CING,0.304500013589859,0.304500013589859,0.3149999976158142,0.304500013589859,0.3149999976158142,9201.0
2024-07-03 10:08:00,CLDX,36.4900016784668,36.4900016784668,36.52000045776367,36.439998626708984,36.439998626708984,1097.0
2024-07-03 10:08:00,CLGN,5.0,5.0,5.0,5.0,5.0,0.0
2024-07-03 10:08:00,CLNN,0.33250001072883606,0.33250001072883606,0.33250001072883606,0.33250001072883606,0.33250001072883606,700.0
2024-07-03 10:08:00,CLOV,1.2450000047683716,1.2450000047683716,1.2482999563217163,1.2450000047683716,1.2482999563217163,3154.0
2024-07-03 10:08:00,CLRB,2.4149999618530273,2.4149999618530273,2.4149999618530273,2.4149999618530273,2.4149999618530273,533.0
2024-07-03 10:08:00,CMAX,2.189300060272217,2.189300060272217,2.189300060272217,2.189300060272217,2.189300060272217,203.0
2024-07-03 10:08:00,CMPS,6.175000190734863,6.175000190734863,6.175000190734863,6.175000190734863,6.175000190734863,518.0
2024-07-03 10:08:00,CNSP,2.25,2.25,2.380000114440918,2.2300000190734863,2.3499999046325684,209624.0
2024-07-03 10:08:00,COGT,8.34000015258789,8.34000015258789,8.34000015258789,8.34000015258789,8.34000015258789,485.0
2024-07-03 10:08:00,CPRX,15.729999542236328,15.729999542236328,15.729999542236328,15.729999542236328,15.729999542236328,237.0
2024-07-03 10:08:00,CRBU,1.5750000476837158,1.5750000476837158,1.5750000476837158,1.5750000476837158,1.5750000476837158,2630.0
2024-07-03 10:08:00,CRIS,6.440000057220459,6.440000057220459,6.440000057220459,6.429999828338623,6.429999828338623,332.0
2024-07-03 10:08:00,CRMD,4.15500020980835,4.15500020980835,4.15500020980835,4.15500020980835,4.15500020980835,412.0
2024-07-03 10:08:00,CRNX,44.45000076293945,44.45000076293945,44.45000076293945,44.27000045776367,44.310001373291016,5505.0
2024-07-03 10:08:00,CRSP,54.220001220703125,54.220001220703125,54.31999969482422,54.20000076293945,54.31999969482422,4169.0
2024-07-03 10:08:00,CTKB,5.730000019073486,5.730000019073486,5.730000019073486,5.730000019073486,5.730000019073486,641.0
2024-07-03 10:08:00,CTMX,1.3300000429153442,1.3300000429153442,1.3300000429153442,1.3300000429153442,1.3300000429153442,202.0
2024-07-03 10:08:00,CTXR,0.522599995136261,0.522599995136261,0.522599995136261,0.522599995136261,0.522599995136261,7342.0
2024-07-03 10:08:00,CVAC,3.4049999713897705,3.4049999713897705,3.4200000762939453,3.4000000953674316,3.4100000858306885,32465.0
2024-07-03 10:08:00,CVRX,12.039999961853027,12.039999961853027,12.039999961853027,11.880000114440918,11.880000114440918,1688.0
2024-07-03 10:08:00,CYTK,54.63999938964844,54.63999938964844,54.77000045776367,54.63999938964844,54.720001220703125,1181.0
2024-07-03 10:08:00,DAWN,13.5,13.5,13.5,13.449999809265137,13.449999809265137,1735.0
2024-07-03 10:08:00,DCTH,8.005000114440918,8.005000114440918,8.020000457763672,8.0,8.010000228881836,1075.0
2024-07-03 10:08:00,DSGN,3.2100000381469727,3.2100000381469727,3.2100000381469727,3.2100000381469727,3.2100000381469727,143.0
2024-07-03 10:08:00,DVAX,11.149999618530273,11.149999618530273,11.149999618530273,11.149999618530273,11.149999618530273,466.0
2024-07-03 10:08:00,DXCM,110.22000122070312,110.22000122070312,110.37999725341797,110.22000122070312,110.31999969482422,4412.0
2024-07-03 10:08:00,DYN,34.22999954223633,34.22999954223633,34.25,34.22999954223633,34.25,898.0
2024-07-03 10:08:00,EDIT,4.610000133514404,4.610000133514404,4.610000133514404,4.610000133514404,4.610000133514404,1353.0
2024-07-03 10:08:00,EMBC,11.875,11.875,11.875,11.875,11.875,200.0
2024-07-03 10:08:00,ENTX,1.6200000047683716,1.6200000047683716,1.6200000047683716,1.6200000047683716,1.6200000047683716,495.0
2024-07-03 10:08:00,ENVB,0.5113000273704529,0.5113000273704529,0.5127999782562256,0.5113000273704529,0.5127999782562256,11100.0
2024-07-03 10:08:00,ESPR,2.369999885559082,2.369999885559082,2.369999885559082,2.359999895095825,2.359999895095825,11153.0
2024-07-03 10:08:00,ETNB,7.739999771118164,7.739999771118164,7.739999771118164,7.739999771118164,7.739999771118164,782.0
2024-07-03 10:08:00,EWTX,18.100000381469727,18.100000381469727,18.100000381469727,18.100000381469727,18.100000381469727,130.0
2024-07-03 10:08:00,EXAS,43.34000015258789,43.34000015258789,43.40999984741211,43.310001373291016,43.400001525878906,6588.0
2024-07-03 10:08:00,EXEL,22.149999618530273,22.149999618530273,22.149999618530273,22.149999618530273,22.149999618530273,345.0
2024-07-03 10:08:00,FATE,3.234999895095825,3.234999895095825,3.240000009536743,3.234999895095825,3.240000009536743,400.0
2024-07-03 10:08:00,FDMT,20.760000228881836,20.760000228881836,20.790000915527344,20.75,20.770000457763672,924.0
2024-07-03 10:08:00,FGEN,0.7261999845504761,0.7261999845504761,0.7261999845504761,0.7170000076293945,0.7215999960899353,4440.0
2024-07-03 10:08:00,FOLD,9.904999732971191,9.904999732971191,9.904999732971191,9.899999618530273,9.904999732971191,1583.0
2024-07-03 10:08:00,FULC,6.059999942779541,6.059999942779541,6.070000171661377,6.059999942779541,6.070000171661377,299.0
2024-07-03 10:08:00,GALT,2.180000066757202,2.180000066757202,2.194999933242798,2.180000066757202,2.180000066757202,601.0
2024-07-03 10:08:00,GANX,1.1799999475479126,1.1799999475479126,1.1799999475479126,1.1799999475479126,1.1799999475479126,200.0
2024-07-03 10:08:00,GDRX,7.78000020980835,7.78000020980835,7.78000020980835,7.775000095367432,7.776199817657471,1912.0
2024-07-03 10:08:00,GERN,4.315000057220459,4.315000057220459,4.320000171661377,4.304999828338623,4.320000171661377,12301.0
2024-07-03 10:08:00,GH,28.579999923706055,28.579999923706055,28.610000610351562,28.579999923706055,28.59000015258789,834.0
2024-07-03 10:08:00,GILD,67.18499755859375,67.18499755859375,67.20999908447266,67.13999938964844,67.19999694824219,10947.0
2024-07-03 10:08:00,GLUE,3.6050000190734863,3.6050000190734863,3.6050000190734863,3.6050000190734863,3.6050000190734863,200.0
2024-07-03 10:08:00,GLYC,0.2671000063419342,0.2671000063419342,0.2680000066757202,0.2660999894142151,0.2660999894142151,4500.0
2024-07-03 10:08:00,GMAB,25.170000076293945,25.170000076293945,25.170000076293945,25.16010093688965,25.16010093688965,2723.0
2024-07-03 10:08:00,GOSS,0.9315000176429749,0.9315000176429749,0.9327999949455261,0.9301000237464905,0.9301000237464905,11200.0
2024-07-03 10:08:00,GOVX,3.0899999141693115,3.0899999141693115,3.0899999141693115,3.0899999141693115,3.0899999141693115,416.0
2024-07-03 10:08:00,GRFS,6.639999866485596,6.639999866485596,6.639999866485596,6.639999866485596,6.639999866485596,600.0
2024-07-03 10:08:00,GRTS,0.5673999786376953,0.5673999786376953,0.5673999786376953,0.5645999908447266,0.5645999908447266,495.0
2024-07-03 10:08:00,GTHX,2.5250000953674316,2.5250000953674316,2.5250000953674316,2.5199999809265137,2.5199999809265137,706.0
2024-07-03 10:08:00,HALO,51.31999969482422,51.31999969482422,51.380001068115234,51.29999923706055,51.36000061035156,6581.0
2024-07-03 10:08:00,HCAT,6.09499979019165,6.09499979019165,6.119999885559082,6.09499979019165,6.119999885559082,622.0
2024-07-03 10:08:00,HCSG,10.960000038146973,10.960000038146973,10.994999885559082,10.960000038146973,10.994999885559082,1842.0
2024-07-03 10:08:00,HITI,2.109999895095825,2.109999895095825,2.109999895095825,2.109999895095825,2.109999895095825,927.0
2024-07-03 10:08:00,HLVX,14.170000076293945,14.170000076293945,14.170000076293945,14.170000076293945,14.170000076293945,437.0
2024-07-03 10:08:00,HOLX,73.04000091552734,73.04000091552734,73.04000091552734,73.02999877929688,73.02999877929688,1367.0
2024-07-03 10:08:00,HOOK,0.5716999769210815,0.5716999769210815,0.5716999769210815,0.5716999769210815,0.5716999769210815,500.0
2024-07-03 10:08:00,HOWL,2.0875000953674316,2.0875000953674316,2.0875000953674316,2.0875000953674316,2.0875000953674316,526.0
2024-07-03 10:08:00,HQY,83.83499908447266,83.83499908447266,83.83499908447266,83.66999816894531,83.66999816894531,1688.0
2024-07-03 10:08:00,HROW,21.6200008392334,21.6200008392334,21.6200008392334,21.6200008392334,21.6200008392334,1420.0
2024-07-03 10:08:00,HRTX,2.8450000286102295,2.8450000286102295,2.8499999046325684,2.8403000831604004,2.8499999046325684,13856.0
2024-07-03 10:08:00,HSIC,65.05999755859375,65.05999755859375,65.1500015258789,65.04000091552734,65.08999633789062,4266.0
2024-07-03 10:08:00,HUGE,0.1509999930858612,0.1509999930858612,0.1525000035762787,0.1509999930858612,0.15129999816417694,56038.0
2024-07-03 10:08:00,HUMA,5.642399787902832,5.642399787902832,5.669899940490723,5.619999885559082,5.659999847412109,9271.0
2024-07-03 10:08:00,IART,29.030000686645508,29.030000686645508,29.084999084472656,29.030000686645508,29.084999084472656,2179.0
2024-07-03 10:08:00,IBRX,6.25,6.25,6.25,6.244999885559082,6.245999813079834,5314.0
2024-07-03 10:08:00,ICAD,1.2100000381469727,1.2100000381469727,1.2395999431610107,1.2100000381469727,1.2395999431610107,5344.0
2024-07-03 10:08:00,ICLR,318.42498779296875,318.42498779296875,318.42498779296875,318.42498779296875,318.42498779296875,1080.0
2024-07-03 10:08:00,IDXX,474.3500061035156,474.3500061035156,474.3500061035156,474.3500061035156,474.3500061035156,210.0
2024-07-03 10:08:00,IDYA,33.349998474121094,33.349998474121094,33.349998474121094,33.349998474121094,33.349998474121094,397.0
2024-07-03 10:08:00,IGMS,6.360000133514404,6.360000133514404,6.360000133514404,6.360000133514404,6.360000133514404,200.0
2024-07-03 10:08:00,IKNA,1.6399999856948853,1.6399999856948853,1.6399999856948853,1.6399999856948853,1.6399999856948853,183.0
2024-07-03 10:08:00,ILMN,106.36000061035156,106.36000061035156,106.55000305175781,106.30000305175781,106.50499725341797,4104.0
2024-07-03 10:08:00,IMCR,35.08000183105469,35.08000183105469,35.08000183105469,35.08000183105469,35.08000183105469,326.0
2024-07-03 10:08:00,IMMX,2.25,2.25,2.25,2.2425999641418457,2.2425999641418457,4897.0
2024-07-03 10:08:00,IMRX,1.1299999952316284,1.1299999952316284,1.1399999856948853,1.1299999952316284,1.1399999856948853,2840.0
2024-07-03 10:08:00,IMTX,11.994000434875488,11.994000434875488,11.994000434875488,11.994000434875488,11.994000434875488,507.0
2024-07-03 10:08:00,IMUX,1.1200000047683716,1.1200000047683716,1.1200000047683716,1.1200000047683716,1.1200000047683716,200.0
2024-07-03 10:08:00,IMVT,26.790000915527344,26.790000915527344,26.790000915527344,26.702499389648438,26.702499389648438,794.0
2024-07-03 10:08:00,INCY,58.439998626708984,58.439998626708984,58.4900016784668,58.41999816894531,58.4900016784668,2159.0
2024-07-03 10:08:00,INMB,7.971399784088135,7.971399784088135,7.971399784088135,7.971399784088135,7.971399784088135,1098.0
2024-07-03 10:08:00,INMD,17.709999084472656,17.709999084472656,17.739999771118164,17.690000534057617,17.739999771118164,5596.0
2024-07-03 10:08:00,INNV,5.230000019073486,5.230000019073486,5.25,5.230000019073486,5.230000019073486,2800.0
2024-07-03 10:08:00,INSM,63.90999984741211,63.90999984741211,64.04199981689453,63.90999984741211,64.02999877929688,2565.0
2024-07-03 10:08:00,IONS,45.040000915527344,45.040000915527344,45.040000915527344,44.970001220703125,44.97999954223633,4106.0
2024-07-03 10:08:00,IOVA,7.755000114440918,7.755000114440918,7.755000114440918,7.75,7.753399848937988,5011.0
2024-07-03 10:08:00,IPHA,2.1500000953674316,2.1500000953674316,2.1500000953674316,2.1500000953674316,2.1500000953674316,4369.0
2024-07-03 10:08:00,IPSC,2.2750000953674316,2.2750000953674316,2.2750000953674316,2.2750000953674316,2.2750000953674316,236.0
2024-07-03 10:08:00,IRTC,94.83999633789062,94.83999633789062,95.41000366210938,94.83999633789062,95.41000366210938,7900.0
2024-07-03 10:08:00,IRWD,6.195000171661377,6.195000171661377,6.195000171661377,6.184999942779541,6.184999942779541,1016.0
2024-07-03 10:08:00,ISRG,434.0469055175781,434.0469055175781,434.0469055175781,434.0469055175781,434.0469055175781,2373.0
2024-07-03 10:08:00,ITCI,68.1500015258789,68.1500015258789,68.16000366210938,68.11000061035156,68.16000366210938,813.0
2024-07-03 10:08:00,ITRM,1.100000023841858,1.100000023841858,1.100000023841858,1.100000023841858,1.100000023841858,607.0
2024-07-03 10:08:00,JAGX,3.4700000286102295,3.4700000286102295,3.4700000286102295,3.4700000286102295,3.4700000286102295,492.0
2024-07-03 10:08:00,JAZZ,105.13999938964844,105.13999938964844,105.13999938964844,105.13999938964844,105.13999938964844,425.0
2024-07-03 10:08:00,KIDS,29.834999084472656,29.834999084472656,29.834999084472656,29.809999465942383,29.809999465942383,486.0
2024-07-03 10:08:00,KNSA,18.729999542236328,18.729999542236328,18.729999542236328,18.729999542236328,18.729999542236328,602.0
2024-07-03 10:08:00,KROS,42.54499816894531,42.54499816894531,42.54499816894531,42.54499816894531,42.54499816894531,1310.0
2024-07-03 10:08:00,KRYS,178.4949951171875,178.4949951171875,178.55499267578125,178.4949951171875,178.55499267578125,1232.0
2024-07-03 10:08:00,KTRA,0.27469998598098755,0.27469998598098755,0.27469998598098755,0.27469998598098755,0.27469998598098755,2304.0
2024-07-03 10:08:00,KURA,20.43000030517578,20.43000030517578,20.43000030517578,20.43000030517578,20.43000030517578,179.0
2024-07-03 10:08:00,KZR,0.5710999965667725,0.5710999965667725,0.5710999965667725,0.5710999965667725,0.5710999965667725,1064.0
2024-07-03 10:08:00,LAB,1.7999999523162842,1.7999999523162842,1.7999999523162842,1.7999999523162842,1.7999999523162842,221.0
2024-07-03 10:08:00,LBPH,31.6200008392334,31.6200008392334,31.6200008392334,31.6200008392334,31.6200008392334,152.0
2024-07-03 10:08:00,LEGN,44.470001220703125,44.470001220703125,44.470001220703125,44.470001220703125,44.470001220703125,531.0
2024-07-03 10:08:00,LFMD,6.775000095367432,6.775000095367432,6.775000095367432,6.775000095367432,6.775000095367432,518.0
2024-07-03 10:08:00,LFST,5.085000038146973,5.085000038146973,5.090000152587891,5.085000038146973,5.090000152587891,415.0
2024-07-03 10:08:00,LGVN,1.6299999952316284,1.6299999952316284,1.6299999952316284,1.6299999952316284,1.6299999952316284,710.0
2024-07-03 10:08:00,LNTH,78.61710357666016,78.61710357666016,78.61710357666016,78.61710357666016,78.61710357666016,426.0
2024-07-03 10:08:00,LPTX,1.7400000095367432,1.7400000095367432,1.7400000095367432,1.7400000095367432,1.7400000095367432,3720.0
2024-07-03 10:08:00,LQDA,11.949999809265137,11.949999809265137,11.949999809265137,11.949999809265137,11.949999809265137,1094.0
2024-07-03 10:08:00,LRMR,7.699999809265137,7.699999809265137,7.699999809265137,7.659999847412109,7.659999847412109,953.0
2024-07-03 10:08:00,LUCY,0.4731000065803528,0.4731000065803528,0.4731000065803528,0.4731000065803528,0.4731000065803528,49623.0
2024-07-03 10:08:00,LXRX,1.6050000190734863,1.6050000190734863,1.6050000190734863,1.6002000570297241,1.6050000190734863,11913.0
2024-07-03 10:08:00,LYEL,1.4500000476837158,1.4500000476837158,1.4500000476837158,1.4500000476837158,1.4500000476837158,2341.0
2024-07-03 10:08:00,MASI,112.69499969482422,112.69499969482422,112.69499969482422,112.69499969482422,112.69499969482422,177.0
2024-07-03 10:08:00,MBIO,0.5343000292778015,0.5343000292778015,0.5343000292778015,0.5256999731063843,0.5277000069618225,7103.0
2024-07-03 10:08:00,MBOT,1.0800000429153442,1.0800000429153442,1.0800000429153442,1.0800000429153442,1.0800000429153442,230.0
2024-07-03 10:08:00,MCRB,0.7013999819755554,0.7013999819755554,0.7013999819755554,0.7013000249862671,0.7013000249862671,1017.0
2024-07-03 10:08:00,ME,0.4025000035762787,0.4025000035762787,0.4025000035762787,0.4023999869823456,0.4023999869823456,1273.0
2024-07-03 10:08:00,MGNX,4.264999866485596,4.264999866485596,4.28000020980835,4.255000114440918,4.275000095367432,2732.0
2024-07-03 10:08:00,MGTX,4.0,4.0,4.019999980926514,3.9800000190734863,3.9800000190734863,3050.0
2024-07-03 10:08:00,MIRM,34.279998779296875,34.279998779296875,34.279998779296875,34.279998779296875,34.279998779296875,402.0
2024-07-03 10:08:00,MIST,1.3100999593734741,1.3100999593734741,1.3100999593734741,1.3100999593734741,1.3100999593734741,1997.0
2024-07-03 10:08:00,MMSI,85.80999755859375,85.80999755859375,85.95999908447266,85.75,85.75,2351.0
2024-07-03 10:08:00,MNKD,5.15500020980835,5.15500020980835,5.159999847412109,5.119900226593018,5.119900226593018,18461.0
2024-07-03 10:08:00,MNMD,7.099999904632568,7.099999904632568,7.139999866485596,7.099999904632568,7.139999866485596,3285.0
2024-07-03 10:08:00,MORF,31.732500076293945,31.732500076293945,31.788999557495117,31.732500076293945,31.770000457763672,688.0
2024-07-03 10:08:00,MRNA,117.47000122070312,117.47000122070312,117.70989990234375,117.43000030517578,117.61000061035156,9063.0
2024-07-03 10:08:00,MRNS,1.2050000429153442,1.2050000429153442,1.2050000429153442,1.190000057220459,1.1950000524520874,20276.0
2024-07-03 10:08:00,MRSN,1.8698999881744385,1.8698999881744385,1.8698999881744385,1.8650000095367432,1.8650000095367432,508.0
2024-07-03 10:08:00,MRVI,6.809999942779541,6.809999942779541,6.829999923706055,6.804999828338623,6.824999809265137,7411.0
2024-07-03 10:08:00,MXCT,3.7049999237060547,3.7049999237060547,3.7049999237060547,3.7049999237060547,3.7049999237060547,155.0
2024-07-03 10:08:00,MYGN,25.344999313354492,25.344999313354492,25.420000076293945,25.295000076293945,25.295000076293945,1976.0
2024-07-03 10:08:00,NARI,49.61000061035156,49.61000061035156,49.61000061035156,49.61000061035156,49.61000061035156,463.0
2024-07-03 10:08:00,NBIX,138.57000732421875,138.57000732421875,138.57000732421875,138.47500610351562,138.47500610351562,696.0
2024-07-03 10:08:00,NDRA,0.08389999717473984,0.08389999717473984,0.08489999920129776,0.08389999717473984,0.08489999920129776,2102.0
2024-07-03 10:08:00,NEO,13.65999984741211,13.65999984741211,13.6899995803833,13.65999984741211,13.6899995803833,872.0
2024-07-03 10:08:00,NEOG,15.085000038146973,15.085000038146973,15.085000038146973,15.085000038146973,15.085000038146973,1015.0
2024-07-03 10:08:00,NKTR,1.1950000524520874,1.1950000524520874,1.1950000524520874,1.1950000524520874,1.1950000524520874,1643.0
2024-07-03 10:08:00,NLSP,0.20229999721050262,0.20229999721050262,0.20229999721050262,0.20229999721050262,0.20229999721050262,2000.0
2024-07-03 10:08:00,NNOX,7.076099872589111,7.076099872589111,7.077600002288818,7.070000171661377,7.077600002288818,728.0
2024-07-03 10:08:00,NRC,22.790000915527344,22.790000915527344,22.850000381469727,22.709999084472656,22.850000381469727,3103.0
2024-07-03 10:08:00,NRIX,19.239999771118164,19.239999771118164,19.28499984741211,19.239999771118164,19.280000686645508,2129.0
2024-07-03 10:08:00,NRSN,1.274999976158142,1.274999976158142,1.2899999618530273,1.2699999809265137,1.2899999618530273,6123.0
2024-07-03 10:08:00,NTLA,22.375,22.375,22.3799991607666,22.354999542236328,22.3700008392334,2168.0
2024-07-03 10:08:00,NTRA,111.94000244140625,111.94000244140625,112.12999725341797,111.94000244140625,112.11000061035156,1906.0
2024-07-03 10:08:00,NUTX,5.769999980926514,5.769999980926514,5.769999980926514,5.769999980926514,5.769999980926514,345.0
2024-07-03 10:08:00,NVAX,12.979999542236328,12.979999542236328,13.0,12.979999542236328,13.0,4565.0
2024-07-03 10:08:00,NVCT,6.34499979019165,6.34499979019165,6.34499979019165,6.28000020980835,6.289999961853027,738.0
2024-07-03 10:08:00,OCGN,1.6549999713897705,1.6549999713897705,1.659999966621399,1.649999976158142,1.6598999500274658,22282.0
2024-07-03 10:08:00,OCUL,6.815000057220459,6.815000057220459,6.815000057220459,6.809999942779541,6.815000057220459,406.0
2024-07-03 10:08:00,OGI,1.559000015258789,1.559000015258789,1.559999942779541,1.5528000593185425,1.559999942779541,3770.0
2024-07-03 10:08:00,OM,3.740000009536743,3.740000009536743,3.744999885559082,3.740000009536743,3.744999885559082,729.0
2024-07-03 10:08:00,OMCL,26.139999389648438,26.139999389648438,26.139999389648438,26.09000015258789,26.100000381469727,3289.0
2024-07-03 10:09:00,AADI,1.350000023841858,1.350000023841858,1.350000023841858,1.350000023841858,1.350000023841858,400.0
2024-07-03 10:09:00,ABCL,2.7750000953674316,2.7750000953674316,2.7750000953674316,2.7750000953674316,2.7750000953674316,400.0
2024-07-03 10:09:00,ABEO,4.25,4.25,4.25,4.25,4.25,6.0
2024-07-03 10:09:00,ABIO,3.5999999046325684,3.5999999046325684,3.6600000858306885,3.5999999046325684,3.6600000858306885,12293.0
2024-07-03 10:09:00,ABSI,3.1500000953674316,3.1500000953674316,3.1600000858306885,3.134999990463257,3.140000104904175,4317.0
2024-07-03 10:09:00,ABUS,3.1700000762939453,3.1700000762939453,3.1700000762939453,3.1649999618530273,3.1649999618530273,935.0
2024-07-03 10:09:00,ACAD,15.779999732971191,15.779999732971191,15.795000076293945,15.779999732971191,15.789999961853027,1757.0
2024-07-03 10:09:00,ACB,4.789999961853027,4.789999961853027,4.789999961853027,4.789999961853027,4.789999961853027,2107.0
2024-07-03 10:09:00,ACCD,3.5299999713897705,3.5299999713897705,3.549999952316284,3.5299999713897705,3.5399999618530273,11529.0
2024-07-03 10:09:00,ACET,1.0499999523162842,1.0499999523162842,1.0599000453948975,1.0499999523162842,1.0499999523162842,9338.0
2024-07-03 10:09:00,ACHC,66.0,66.0,66.05000305175781,66.0,66.04000091552734,5009.0
2024-07-03 10:09:00,ADAP,1.0199999809265137,1.0199999809265137,1.0199999809265137,1.0149999856948853,1.0199999809265137,2833.0
2024-07-03 10:09:00,ADMA,11.295000076293945,11.295000076293945,11.295000076293945,11.295000076293945,11.295000076293945,1010.0
2024-07-03 10:09:00,ADPT,3.3299999237060547,3.3299999237060547,3.3350000381469727,3.3299999237060547,3.3299999237060547,2135.0
2024-07-03 10:09:00,ADUS,117.38999938964844,117.38999938964844,117.38999938964844,117.38999938964844,117.38999938964844,145.0
2024-07-03 10:09:00,AEMD,0.41999998688697815,0.41999998688697815,0.41999998688697815,0.41990000009536743,0.41990000009536743,1806.0
2024-07-03 10:09:00,AHCO,9.65999984741211,9.65999984741211,9.65999984741211,9.65999984741211,9.65999984741211,354.0
2024-07-03 10:09:00,AKRO,21.989999771118164,21.989999771118164,21.989999771118164,21.920000076293945,21.93000030517578,1155.0
2024-07-03 10:09:00,ALEC,4.429999828338623,4.429999828338623,4.429999828338623,4.429999828338623,4.429999828338623,2241.0
2024-07-03 10:09:00,ALHC,7.989999771118164,7.989999771118164,7.989999771118164,7.980000019073486,7.980000019073486,789.0
2024-07-03 10:09:00,ALIM,5.525000095367432,5.525000095367432,5.525000095367432,5.525000095367432,5.525000095367432,1888.0
2024-07-03 10:09:00,ALKS,24.389999389648438,24.389999389648438,24.389999389648438,24.389999389648438,24.389999389648438,1670.0
2024-07-03 10:09:00,ALLO,2.1384999752044678,2.1384999752044678,2.13919997215271,2.125,2.130000114440918,16865.0
2024-07-03 10:09:00,ALLR,0.2061000019311905,0.2061000019311905,0.2062000036239624,0.2061000019311905,0.2062000036239624,503.0
2024-07-03 10:09:00,ALNY,247.3699951171875,247.3699951171875,247.38999938964844,247.3699951171875,247.38999938964844,1086.0
2024-07-03 10:09:00,ALT,6.730000019073486,6.730000019073486,6.739999771118164,6.71999979019165,6.71999979019165,2546.0
2024-07-03 10:09:00,ALVR,0.738099992275238,0.738099992275238,0.738099992275238,0.738099992275238,0.738099992275238,125.0
2024-07-03 10:09:00,ALXO,5.909999847412109,5.909999847412109,5.909999847412109,5.869999885559082,5.869999885559082,1978.0
2024-07-03 10:09:00,AMED,96.66999816894531,96.66999816894531,96.73500061035156,96.55999755859375,96.68499755859375,5266.0
2024-07-03 10:09:00,AMGN,311.2349853515625,311.2349853515625,311.2349853515625,311.2349853515625,311.2349853515625,391.0
2024-07-03 10:09:00,AMLX,1.7549999952316284,1.7549999952316284,1.7549999952316284,1.7549999952316284,1.7549999952316284,1230.0
2024-07-03 10:09:00,ANAB,25.049999237060547,25.049999237060547,25.049999237060547,25.049999237060547,25.049999237060547,238.0
2024-07-03 10:09:00,ANGO,5.679999828338623,5.679999828338623,5.679999828338623,5.679999828338623,5.679999828338623,224.0
2024-07-03 10:09:00,ANIP,62.0,62.0,62.040000915527344,62.0,62.040000915527344,870.0
2024-07-03 10:09:00,ANNX,4.730000019073486,4.730000019073486,4.730000019073486,4.719200134277344,4.71999979019165,4841.0
2024-07-03 10:09:00,ANTX,2.5799999237060547,2.5799999237060547,2.630000114440918,2.5299999713897705,2.6249001026153564,35902.0
2024-07-03 10:09:00,APLS,36.244998931884766,36.244998931884766,36.244998931884766,36.244998931884766,36.244998931884766,896.0
2024-07-03 10:09:00,APLT,4.420000076293945,4.420000076293945,4.445000171661377,4.420000076293945,4.445000171661377,4832.0
2024-07-03 10:09:00,AQST,2.384999990463257,2.384999990463257,2.390000104904175,2.375,2.375,11264.0
2024-07-03 10:09:00,ARDX,5.1682000160217285,5.1682000160217285,5.175000190734863,5.164999961853027,5.170000076293945,31059.0
2024-07-03 10:09:00,ARQT,9.425000190734863,9.425000190734863,9.4350004196167,9.425000190734863,9.4350004196167,2164.0
2024-07-03 10:09:00,ARVN,24.989999771118164,24.989999771118164,25.0,24.989999771118164,25.0,1968.0
2024-07-03 10:09:00,ARWR,25.43000030517578,25.43000030517578,25.43000030517578,25.43000030517578,25.43000030517578,352.0
2024-07-03 10:09:00,ASLN,2.3499999046325684,2.3499999046325684,2.3499999046325684,2.3499999046325684,2.3499999046325684,564.0
2024-07-03 10:09:00,ASRT,1.2799999713897705,1.2799999713897705,1.2899999618530273,1.2799999713897705,1.284999966621399,5441.0
2024-07-03 10:09:00,ATAI,1.3049999475479126,1.3049999475479126,1.3049999475479126,1.2999999523162842,1.2999999523162842,330.0
2024-07-03 10:09:00,ATEC,9.914999961853027,9.914999961853027,9.914999961853027,9.895000457763672,9.899999618530273,1782.0
2024-07-03 10:09:00,ATHA,2.5950000286102295,2.5950000286102295,2.5950000286102295,2.5950000286102295,2.5950000286102295,730.0
2024-07-03 10:09:00,ATRA,7.704999923706055,7.704999923706055,7.704999923706055,7.704999923706055,7.704999923706055,1101.0
2024-07-03 10:09:00,ATRC,22.25,22.25,22.25,22.200000762939453,22.25,620.0
2024-07-03 10:09:00,AUPH,5.485000133514404,5.485000133514404,5.485000133514404,5.480000019073486,5.480000019073486,342.0
2024-07-03 10:09:00,AVDL,14.319999694824219,14.319999694824219,14.34000015258789,14.289999961853027,14.34000015258789,4687.0
2024-07-03 10:09:00,AVIR,3.2699999809265137,3.2699999809265137,3.2699999809265137,3.2699999809265137,3.2699999809265137,180.0
2024-07-03 10:09:00,AVTE,1.5750000476837158,1.5750000476837158,1.5750000476837158,1.5750000476837158,1.5750000476837158,867.0
2024-07-03 10:09:00,AYTU,2.9100000858306885,2.9100000858306885,2.9100000858306885,2.9100000858306885,2.9100000858306885,385.0
2024-07-03 10:09:00,AZN,76.80500030517578,76.80500030517578,76.81500244140625,76.77999877929688,76.79000091552734,22126.0
2024-07-03 10:09:00,AZTA,52.619998931884766,52.619998931884766,52.619998931884766,52.59000015258789,52.59000015258789,1655.0
2024-07-03 10:09:00,BCAB,1.3049999475479126,1.3049999475479126,1.3049999475479126,1.3049999475479126,1.3049999475479126,523.0
2024-07-03 10:09:00,BCRX,6.639999866485596,6.639999866485596,6.65500020980835,6.639999866485596,6.65500020980835,3845.0
2024-07-03 10:09:00,BCTX,1.0299999713897705,1.0299999713897705,1.0299999713897705,1.0299999713897705,1.0299999713897705,200.0
2024-07-03 10:09:00,BDTX,4.21999979019165,4.21999979019165,4.21999979019165,4.210000038146973,4.210000038146973,1142.0
2024-07-03 10:09:00,BEAT,2.740000009536743,2.740000009536743,2.7899999618530273,2.7300000190734863,2.7899999618530273,2624.0
2024-07-03 10:09:00,BGNE,145.6300048828125,145.6300048828125,146.77000427246094,145.6300048828125,146.33999633789062,1484.0
2024-07-03 10:09:00,BIIB,226.7550048828125,226.7550048828125,226.77999877929688,226.47000122070312,226.47000122070312,859.0
2024-07-03 10:09:00,BJDX,0.6348999738693237,0.6348999738693237,0.6348999738693237,0.6299999952316284,0.6299999952316284,2202.0
2024-07-03 10:09:00,BLRX,0.5375999808311462,0.5375999808311462,0.5375999808311462,0.5375999808311462,0.5375999808311462,1200.0
2024-07-03 10:09:00,BLUE,0.927299976348877,0.927299976348877,0.927299976348877,0.9257000088691711,0.9257000088691711,2200.0
2024-07-03 10:09:00,BMEA,4.460000038146973,4.460000038146973,4.460000038146973,4.429999828338623,4.429999828338623,2561.0
2024-07-03 10:09:00,BMRA,0.44999998807907104,0.44999998807907104,0.45010000467300415,0.44999998807907104,0.45010000467300415,1063.0
2024-07-03 10:09:00,BMRN,81.73999786376953,81.73999786376953,81.73999786376953,81.73999786376953,81.73999786376953,1148.0
2024-07-03 10:09:00,BNGO,0.5605999827384949,0.5605999827384949,0.5605999827384949,0.5604000091552734,0.5604000091552734,2975.0
2024-07-03 10:09:00,BNTX,80.94000244140625,80.94000244140625,80.95999908447266,80.87480163574219,80.95999908447266,1437.0
2024-07-03 10:09:00,BRKR,62.119998931884766,62.119998931884766,62.119998931884766,62.119998931884766,62.119998931884766,339.0
2024-07-03 10:09:00,BRTX,1.9500999450683594,1.9500999450683594,1.9500999450683594,1.9500000476837158,1.9500000476837158,1107.0
2024-07-03 10:09:00,BTAI,1.0850000381469727,1.0850000381469727,1.0850000381469727,1.0800000429153442,1.0800000429153442,6089.0
2024-07-03 10:09:00,BVS,6.079999923706055,6.079999923706055,6.079999923706055,6.059999942779541,6.059999942779541,2770.0
2024-07-03 10:09:00,CABA,7.679999828338623,7.679999828338623,7.679999828338623,7.679999828338623,7.679999828338623,105.0
2024-07-03 10:09:00,CADL,6.150000095367432,6.150000095367432,6.150000095367432,6.150000095367432,6.150000095367432,224.0
2024-07-03 10:09:00,CAPR,4.71999979019165,4.71999979019165,4.71999979019165,4.71999979019165,4.71999979019165,1105.0
2024-07-03 10:09:00,CCCC,4.690000057220459,4.690000057220459,4.690000057220459,4.670000076293945,4.679999828338623,1699.0
2024-07-03 10:09:00,CDMO,7.59499979019165,7.59499979019165,7.650000095367432,7.579999923706055,7.619999885559082,4723.0
2024-07-03 10:09:00,CELC,16.299999237060547,16.299999237060547,16.299999237060547,16.299999237060547,16.299999237060547,1420.0
2024-07-03 10:09:00,CERE,41.28499984741211,41.28499984741211,41.28499984741211,41.28499984741211,41.28499984741211,704.0
2024-07-03 10:09:00,CERS,1.715000033378601,1.715000033378601,1.715000033378601,1.715000033378601,1.715000033378601,108.0
2024-07-03 10:09:00,CERT,13.829999923706055,13.829999923706055,13.829999923706055,13.829999923706055,13.829999923706055,423.0
2024-07-03 10:09:00,CGC,6.579999923706055,6.579999923706055,6.589900016784668,6.574999809265137,6.585000038146973,7592.0
2024-07-03 10:09:00,CGEM,16.600000381469727,16.600000381469727,16.600000381469727,16.450000762939453,16.450000762939453,1768.0
2024-07-03 10:09:00,CGEN,1.684999942779541,1.684999942779541,1.684999942779541,1.684999942779541,1.684999942779541,1139.0
2024-07-03 10:09:00,CGTX,1.7999999523162842,1.7999999523162842,1.7999999523162842,1.7999999523162842,1.7999999523162842,0.0
2024-07-03 10:09:00,CHRS,1.375,1.375,1.375,1.3701000213623047,1.375,5620.0
2024-07-03 10:09:00,CKPT,2.203000068664551,2.203000068664551,2.2300000190734863,2.190000057220459,2.2300000190734863,4365.0
2024-07-03 10:09:00,CLOV,1.249899983406067,1.249899983406067,1.249899983406067,1.249899983406067,1.249899983406067,582.0
2024-07-03 10:09:00,CLPT,5.260000228881836,5.260000228881836,5.260000228881836,5.260000228881836,5.260000228881836,102.0
2024-07-03 10:09:00,CMPS,6.179299831390381,6.179299831390381,6.179299831390381,6.179299831390381,6.179299831390381,355.0
2024-07-03 10:09:00,CNSP,2.249500036239624,2.249500036239624,2.299999952316284,2.2200000286102295,2.2599000930786133,251334.0
2024-07-03 10:09:00,COGT,8.3100004196167,8.3100004196167,8.3149995803833,8.3100004196167,8.3149995803833,1239.0
2024-07-03 10:09:00,CORT,31.3700008392334,31.3700008392334,31.3700008392334,31.3700008392334,31.3700008392334,338.0
2024-07-03 10:09:00,COSM,0.9799000024795532,0.9799000024795532,0.9799000024795532,0.9700999855995178,0.9799000024795532,10524.0
2024-07-03 10:09:00,CPRX,15.71500015258789,15.71500015258789,15.71500015258789,15.699999809265137,15.699999809265137,562.0
2024-07-03 10:09:00,CRBU,1.5800000429153442,1.5800000429153442,1.5850000381469727,1.5750000476837158,1.5750000476837158,5949.0
2024-07-03 10:09:00,CRDL,1.9249999523162842,1.9249999523162842,1.9249999523162842,1.9249999523162842,1.9249999523162842,800.0
2024-07-03 10:09:00,CRIS,6.46999979019165,6.46999979019165,6.46999979019165,6.46999979019165,6.46999979019165,400.0
2024-07-03 10:09:00,CRNX,44.310001373291016,44.310001373291016,44.46500015258789,44.275001525878906,44.415000915527344,7171.0
2024-07-03 10:09:00,CRON,2.325000047683716,2.325000047683716,2.325000047683716,2.325000047683716,2.325000047683716,637.0
2024-07-03 10:09:00,CRSP,54.34000015258789,54.34000015258789,54.380001068115234,54.25,54.25,2813.0
2024-07-03 10:09:00,CSTL,21.3700008392334,21.3700008392334,21.3700008392334,21.3700008392334,21.3700008392334,379.0
2024-07-03 10:09:00,CTMX,1.3250000476837158,1.3250000476837158,1.3250000476837158,1.3250000476837158,1.3250000476837158,200.0
2024-07-03 10:09:00,CUE,1.0149999856948853,1.0149999856948853,1.0149999856948853,1.0099999904632568,1.0149999856948853,1284.0
2024-07-03 10:09:00,CVAC,3.4200000762939453,3.4200000762939453,3.440000057220459,3.4049999713897705,3.4049999713897705,26160.0
2024-07-03 10:09:00,DARE,3.3787999153137207,3.3787999153137207,3.3787999153137207,3.3787999153137207,3.3787999153137207,597.0
2024-07-03 10:09:00,DAWN,13.489999771118164,13.489999771118164,13.489999771118164,13.489999771118164,13.489999771118164,888.0
2024-07-03 10:09:00,DCTH,8.010000228881836,8.010000228881836,8.010000228881836,8.005000114440918,8.005000114440918,607.0
2024-07-03 10:09:00,DNLI,21.969999313354492,21.969999313354492,21.969999313354492,21.969999313354492,21.969999313354492,239.0
2024-07-03 10:09:00,DSGN,3.2100000381469727,3.2100000381469727,3.2100000381469727,3.2100000381469727,3.2100000381469727,429.0
2024-07-03 10:09:00,DVAX,11.149999618530273,11.149999618530273,11.149999618530273,11.145000457763672,11.145000457763672,775.0
2024-07-03 10:09:00,DXCM,110.30000305175781,110.30000305175781,110.37999725341797,110.22000122070312,110.2323989868164,3466.0
2024-07-03 10:09:00,EDIT,4.625,4.625,4.630000114440918,4.625,4.630000114440918,624.0
2024-07-03 10:09:00,ELEV,2.7249999046325684,2.7249999046325684,2.7249999046325684,2.7249999046325684,2.7249999046325684,421.0
2024-07-03 10:09:00,EMBC,11.875,11.875,11.875,11.875,11.875,31.0
2024-07-03 10:09:00,ENSG,126.13999938964844,126.13999938964844,126.20999908447266,126.13999938964844,126.20999908447266,730.0
2024-07-03 10:09:00,ERAS,2.240000009536743,2.240000009536743,2.240000009536743,2.234999895095825,2.234999895095825,879.0
2024-07-03 10:09:00,ESPR,2.365000009536743,2.365000009536743,2.375,2.365000009536743,2.369999885559082,21114.0
2024-07-03 10:09:00,ETNB,7.744999885559082,7.744999885559082,7.760000228881836,7.744999885559082,7.75,3122.0
2024-07-03 10:09:00,EVGN,0.6338000297546387,0.6338000297546387,0.6349999904632568,0.6338000297546387,0.6349999904632568,6113.0
2024-07-03 10:09:00,EXAI,5.329899787902832,5.329899787902832,5.329899787902832,5.329899787902832,5.329899787902832,2173.0
2024-07-03 10:09:00,EXAS,43.415000915527344,43.415000915527344,43.459999084472656,43.3650016784668,43.3650016784668,3768.0
2024-07-03 10:09:00,EXEL,22.145000457763672,22.145000457763672,22.145000457763672,22.139999389648438,22.139999389648438,1491.0
2024-07-03 10:09:00,EYEN,0.7569000124931335,0.7569000124931335,0.7569000124931335,0.7569000124931335,0.7569000124931335,403.0
2024-07-03 10:09:00,EYPT,8.300000190734863,8.300000190734863,8.300000190734863,8.300000190734863,8.300000190734863,341.0
2024-07-03 10:09:00,FATE,3.244999885559082,3.244999885559082,3.244999885559082,3.240000009536743,3.240000009536743,828.0
2024-07-03 10:09:00,FDMT,20.790000915527344,20.790000915527344,20.790000915527344,20.790000915527344,20.790000915527344,772.0
2024-07-03 10:09:00,FOLD,9.90999984741211,9.90999984741211,9.90999984741211,9.90999984741211,9.90999984741211,134.0
2024-07-03 10:09:00,FULC,6.065000057220459,6.065000057220459,6.065000057220459,6.065000057220459,6.065000057220459,379.0
2024-07-03 10:09:00,GALT,2.180000066757202,2.180000066757202,2.180000066757202,2.180000066757202,2.180000066757202,200.0
2024-07-03 10:09:00,GDRX,7.784999847412109,7.784999847412109,7.789999961853027,7.784999847412109,7.785200119018555,1592.0
2024-07-03 10:09:00,GERN,4.308499813079834,4.308499813079834,4.315000057220459,4.289999961853027,4.315000057220459,165284.0
2024-07-03 10:09:00,GH,28.6299991607666,28.6299991607666,28.6299991607666,28.6299991607666,28.6299991607666,329.0
2024-07-03 10:09:00,GILD,67.26499938964844,67.26499938964844,67.29000091552734,67.19000244140625,67.19000244140625,13827.0
2024-07-03 10:09:00,GLSI,16.8799991607666,16.8799991607666,16.8799991607666,16.8799991607666,16.8799991607666,194.0
2024-07-03 10:09:00,GLTO,0.4702000021934509,0.4702000021934509,0.4702000021934509,0.4702000021934509,0.4702000021934509,400.0
2024-07-03 10:09:00,GLUE,3.634999990463257,3.634999990463257,3.634999990463257,3.630000114440918,3.630000114440918,1324.0
2024-07-03 10:09:00,GLYC,0.2678999900817871,0.2678999900817871,0.2678999900817871,0.2660999894142151,0.26750001311302185,6197.0
2024-07-03 10:09:00,GMAB,25.170000076293945,25.170000076293945,25.170000076293945,25.170000076293945,25.170000076293945,459.0
2024-07-03 10:09:00,GOSS,0.9301000237464905,0.9301000237464905,0.9301000237464905,0.9301000237464905,0.9301000237464905,1629.0
2024-07-03 10:09:00,GOVX,3.0999999046325684,3.0999999046325684,3.0999999046325684,3.079200029373169,3.079200029373169,2530.0
2024-07-03 10:09:00,GRFS,6.630000114440918,6.630000114440918,6.639999866485596,6.630000114440918,6.639999866485596,956.0
2024-07-03 10:09:00,GTHX,2.5199999809265137,2.5199999809265137,2.5199999809265137,2.5199999809265137,2.5199999809265137,763.0
2024-07-03 10:09:00,HALO,51.505001068115234,51.505001068115234,51.505001068115234,51.40999984741211,51.40999984741211,1747.0
2024-07-03 10:09:00,HCAT,6.119999885559082,6.119999885559082,6.119999885559082,6.119999885559082,6.119999885559082,844.0
2024-07-03 10:09:00,HCSG,10.944999694824219,10.944999694824219,10.954999923706055,10.944999694824219,10.954999923706055,432.0
2024-07-03 10:09:00,HITI,2.1050000190734863,2.1050000190734863,2.1050000190734863,2.1050000190734863,2.1050000190734863,337.0
2024-07-03 10:09:00,HOLX,73.06999969482422,73.06999969482422,73.08999633789062,73.05999755859375,73.05999755859375,2104.0
2024-07-03 10:09:00,HOOK,0.5748000144958496,0.5748000144958496,0.5748000144958496,0.5748000144958496,0.5748000144958496,974.0
2024-07-03 10:09:00,HOWL,2.126800060272217,2.126800060272217,2.126800060272217,2.0810000896453857,2.0810000896453857,692.0
2024-07-03 10:09:00,HQY,83.95999908447266,83.95999908447266,84.0199966430664,83.83999633789062,83.83999633789062,3471.0
2024-07-03 10:09:00,HROW,21.625,21.625,21.63789939880371,21.625,21.63789939880371,419.0
2024-07-03 10:09:00,HRTX,2.8499999046325684,2.8499999046325684,2.8499999046325684,2.8450000286102295,2.8450000286102295,1225.0
2024-07-03 10:09:00,HSIC,65.02999877929688,65.02999877929688,65.02999877929688,65.02999877929688,65.02999877929688,331.0
2024-07-03 10:09:00,HUMA,5.614999771118164,5.614999771118164,5.649899959564209,5.610000133514404,5.649899959564209,6120.0
2024-07-03 10:09:00,HYPR,0.9300000071525574,0.9300000071525574,0.9300000071525574,0.9300000071525574,0.9300000071525574,0.0
2024-07-03 10:09:00,IART,29.040000915527344,29.040000915527344,29.040000915527344,29.040000915527344,29.040000915527344,302.0
2024-07-03 10:09:00,IBRX,6.239999771118164,6.239999771118164,6.244999885559082,6.235000133514404,6.239999771118164,3534.0
2024-07-03 10:09:00,IDXX,474.6099853515625,474.6099853515625,474.6099853515625,474.6099853515625,474.6099853515625,866.0
2024-07-03 10:09:00,IDYA,33.40999984741211,33.40999984741211,33.40999984741211,33.380001068115234,33.380001068115234,730.0
2024-07-03 10:09:00,IFRX,1.6899000406265259,1.6899000406265259,1.6899000406265259,1.6749999523162842,1.6749999523162842,1277.0
2024-07-03 10:09:00,IGMS,6.420000076293945,6.420000076293945,6.420000076293945,6.420000076293945,6.420000076293945,386.0
2024-07-03 10:09:00,ILMN,106.4000015258789,106.4000015258789,106.4000015258789,106.37999725341797,106.37999725341797,772.0
2024-07-03 10:09:00,IMAB,1.5606000423431396,1.5606000423431396,1.5606000423431396,1.5606000423431396,1.5606000423431396,502.0
2024-07-03 10:09:00,IMCR,35.19260025024414,35.19260025024414,35.19260025024414,35.13999938964844,35.13999938964844,788.0
2024-07-03 10:09:00,IMMX,2.2588999271392822,2.2588999271392822,2.2588999271392822,2.2070999145507812,2.2070999145507812,732.0
2024-07-03 10:09:00,IMNM,11.930000305175781,11.930000305175781,11.930000305175781,11.930000305175781,11.930000305175781,217.0
2024-07-03 10:09:00,IMTX,11.989999771118164,11.989999771118164,12.010000228881836,11.989999771118164,12.010000228881836,1395.0
2024-07-03 10:09:00,IMVT,26.84000015258789,26.84000015258789,26.84000015258789,26.790000915527344,26.790000915527344,919.0
2024-07-03 10:09:00,INCY,58.45500183105469,58.45500183105469,58.47999954223633,58.41999816894531,58.41999816894531,3456.0
2024-07-03 10:09:00,INKT,0.9079999923706055,0.9079999923706055,0.9079999923706055,0.9079999923706055,0.9079999923706055,1255.0
2024-07-03 10:09:00,INMD,17.690000534057617,17.690000534057617,17.729999542236328,17.690000534057617,17.71500015258789,5858.0
2024-07-03 10:09:00,INO,8.45680046081543,8.45680046081543,8.460000038146973,8.449999809265137,8.449999809265137,1780.0
2024-07-03 10:09:00,INSM,63.90999984741211,63.90999984741211,63.9900016784668,63.90999984741211,63.9900016784668,5921.0
2024-07-03 10:09:00,INVA,16.3799991607666,16.3799991607666,16.3799991607666,16.3799991607666,16.3799991607666,257.0
2024-07-03 10:09:00,IONS,44.915000915527344,44.915000915527344,45.06999969482422,44.915000915527344,45.040000915527344,8318.0
2024-07-03 10:09:00,IOVA,7.759799957275391,7.759799957275391,7.759799957275391,7.75,7.755000114440918,3602.0
2024-07-03 10:09:00,IRTC,94.37999725341797,94.37999725341797,95.12999725341797,94.36000061035156,95.12999725341797,3689.0
2024-07-03 10:09:00,IRWD,6.195000171661377,6.195000171661377,6.195000171661377,6.195000171661377,6.195000171661377,477.0
2024-07-03 10:09:00,ITCI,68.11000061035156,68.11000061035156,68.11000061035156,68.11000061035156,68.11000061035156,377.0
2024-07-03 10:09:00,JAGX,3.4700000286102295,3.4700000286102295,3.4700000286102295,3.4700000286102295,3.4700000286102295,127.0
2024-07-03 10:09:00,KOD,2.2100000381469727,2.2100000381469727,2.2100000381469727,2.2100000381469727,2.2100000381469727,1010.0
2024-07-03 10:09:00,KPTI,0.8310999870300293,0.8310999870300293,0.8310999870300293,0.8310999870300293,0.8310999870300293,900.0
2024-07-03 10:09:00,KTRA,0.27300000190734863,0.27300000190734863,0.27480000257492065,0.27300000190734863,0.27459999918937683,8183.0
2024-07-03 10:09:00,KURA,20.43000030517578,20.43000030517578,20.43000030517578,20.43000030517578,20.43000030517578,240.0
2024-07-03 10:09:00,KZR,0.5699999928474426,0.5699999928474426,0.5709999799728394,0.569599986076355,0.5709999799728394,3730.0
2024-07-03 10:09:00,LAB,1.7999999523162842,1.7999999523162842,1.7999999523162842,1.7949999570846558,1.7949999570846558,1732.0
2024-07-03 10:09:00,LBPH,31.75,31.75,31.75,31.6200008392334,31.6200008392334,1612.0
2024-07-03 10:09:00,LEGN,44.470001220703125,44.470001220703125,44.5099983215332,44.470001220703125,44.5099983215332,642.0
2024-07-03 10:09:00,LEXX,2.5601000785827637,2.5601000785827637,2.5601000785827637,2.5601000785827637,2.5601000785827637,3266.0
2024-07-03 10:09:00,LIVN,52.86000061035156,52.86000061035156,52.880001068115234,52.86000061035156,52.880001068115234,201.0
2024-07-03 10:09:00,LNTH,78.70999908447266,78.70999908447266,78.70999908447266,78.61219787597656,78.68000030517578,758.0
2024-07-03 10:09:00,LPCN,7.989999771118164,7.989999771118164,7.989999771118164,7.989999771118164,7.989999771118164,400.0
2024-07-03 10:09:00,LPTX,1.739799976348877,1.739799976348877,1.739799976348877,1.739799976348877,1.739799976348877,1200.0
2024-07-03 10:09:00,LUCY,0.47999998927116394,0.47999998927116394,0.48410001397132874,0.47999998927116394,0.48410001397132874,6087.0
2024-07-03 10:09:00,LYEL,1.4505000114440918,1.4505000114440918,1.4505000114440918,1.4505000114440918,1.4505000114440918,1440.0
2024-07-03 10:09:00,MASI,112.7699966430664,112.7699966430664,112.7699966430664,112.7699966430664,112.7699966430664,417.0
2024-07-03 10:09:00,MASS,4.744999885559082,4.744999885559082,4.744999885559082,4.744999885559082,4.744999885559082,276.0
2024-07-03 10:09:00,MBIO,0.525600016117096,0.525600016117096,0.5343999862670898,0.525600016117096,0.5317999720573425,16367.0
2024-07-03 10:09:00,MBOT,1.0850000381469727,1.0850000381469727,1.090000033378601,1.0850000381469727,1.090000033378601,843.0
2024-07-03 10:09:00,MCRB,0.7032999992370605,0.7032999992370605,0.7032999992370605,0.7032999992370605,0.7032999992370605,1029.0
2024-07-03 10:09:00,MDGL,271.6499938964844,271.6499938964844,271.6499938964844,271.6499938964844,271.6499938964844,280.0
2024-07-03 10:09:00,MDWD,15.420000076293945,15.420000076293945,15.420000076293945,15.420000076293945,15.420000076293945,845.0
2024-07-03 10:09:00,MDXG,6.78000020980835,6.78000020980835,6.795000076293945,6.78000020980835,6.795000076293945,2061.0
2024-07-03 10:09:00,ME,0.40369999408721924,0.40369999408721924,0.40369999408721924,0.40369999408721924,0.40369999408721924,2124.0
2024-07-03 10:09:00,MGNX,4.264999866485596,4.264999866485596,4.264999866485596,4.2606000900268555,4.2606000900268555,1743.0
2024-07-03 10:09:00,MGTX,4.0,4.0,4.03000020980835,3.990000009536743,3.990000009536743,623.0
2024-07-03 10:09:00,MIRM,34.459999084472656,34.459999084472656,34.459999084472656,34.459999084472656,34.459999084472656,137.0
2024-07-03 10:09:00,MNKD,5.164999961853027,5.164999961853027,5.170000076293945,5.150000095367432,5.1504998207092285,16538.0
2024-07-03 10:09:00,MNMD,7.111000061035156,7.111000061035156,7.111000061035156,7.111000061035156,7.111000061035156,998.0
2024-07-03 10:09:00,MORF,31.81999969482422,31.81999969482422,31.81999969482422,31.790000915527344,31.790000915527344,1242.0
2024-07-03 10:09:00,MREO,3.4549999237060547,3.4549999237060547,3.4549999237060547,3.450000047683716,3.4549999237060547,12745.0
2024-07-03 10:09:00,MRNA,117.48500061035156,117.48500061035156,117.58000183105469,117.4000015258789,117.58000183105469,3713.0
2024-07-03 10:09:00,MRNS,1.2300000190734863,1.2300000190734863,1.2350000143051147,1.2077000141143799,1.2077000141143799,16059.0
2024-07-03 10:09:00,MRSN,1.8650000095367432,1.8650000095367432,1.8700000047683716,1.8650000095367432,1.8650000095367432,1165.0
2024-07-03 10:09:00,MRVI,6.804999828338623,6.804999828338623,6.815000057220459,6.804999828338623,6.809999942779541,1740.0
2024-07-03 10:09:00,MXCT,3.700000047683716,3.700000047683716,3.700000047683716,3.700000047683716,3.700000047683716,720.0
2024-07-03 10:09:00,MYGN,25.440000534057617,25.440000534057617,25.469999313354492,25.399999618530273,25.399999618530273,3751.0
2024-07-03 10:09:00,MYNZ,0.36899998784065247,0.36899998784065247,0.36899998784065247,0.36899998784065247,0.36899998784065247,5758.0
2024-07-03 10:09:00,NBIX,138.60000610351562,138.60000610351562,138.60000610351562,138.57000732421875,138.57000732421875,856.0
2024-07-03 10:09:00,NDRA,0.08479999750852585,0.08479999750852585,0.08500000089406967,0.08449999988079071,0.08449999988079071,11755.0
2024-07-03 10:09:00,NEO,13.670000076293945,13.670000076293945,13.672499656677246,13.65999984741211,13.65999984741211,1357.0
2024-07-03 10:09:00,NEOG,15.09000015258789,15.09000015258789,15.09000015258789,15.085000038146973,15.085000038146973,447.0
2024-07-03 10:09:00,NLSP,0.20499999821186066,0.20499999821186066,0.20520000159740448,0.20200000703334808,0.20229999721050262,11805.0
2024-07-03 10:09:00,NNOX,7.079999923706055,7.079999923706055,7.079999923706055,7.070099830627441,7.070099830627441,840.0
2024-07-03 10:09:00,NRC,22.899999618530273,22.899999618530273,22.899999618530273,22.899999618530273,22.899999618530273,1184.0
2024-07-03 10:09:00,NRIX,19.329999923706055,19.329999923706055,19.329999923706055,19.290000915527344,19.290000915527344,444.0
2024-07-03 10:09:00,NRSN,1.2999999523162842,1.2999999523162842,1.2999999523162842,1.2949999570846558,1.2949999570846558,1021.0
2024-07-03 10:09:00,NTLA,22.399999618530273,22.399999618530273,22.399999618530273,22.352500915527344,22.352500915527344,3109.0
2024-07-03 10:09:00,NTRA,111.96499633789062,111.96499633789062,112.0999984741211,111.87000274658203,111.97000122070312,1358.0
2024-07-03 10:09:00,NVAX,13.010000228881836,13.010000228881836,13.01990032196045,12.960000038146973,12.979999542236328,17461.0
2024-07-03 10:09:00,NVCR,17.049999237060547,17.049999237060547,17.059999465942383,17.040000915527344,17.040000915527344,2874.0
2024-07-03 10:09:00,NXTC,1.5,1.5,1.5,1.5,1.5,0.0
2024-07-03 10:09:00,OCGN,1.6549999713897705,1.6549999713897705,1.6549999713897705,1.6500999927520752,1.6549999713897705,3406.0
2024-07-03 10:09:00,OCUL,6.8028998374938965,6.8028998374938965,6.824999809265137,6.8028998374938965,6.819900035858154,5017.0
2024-07-03 10:09:00,OLK,25.799999237060547,25.799999237060547,25.799999237060547,25.799999237060547,25.799999237060547,400.0
2024-07-03 10:09:00,OMCL,26.149999618530273,26.149999618530273,26.149999618530273,26.110000610351562,26.110000610351562,3795.0
2024-07-03 10:09:00,OMGA,2.0250000953674316,2.0250000953674316,2.0309998989105225,2.0199999809265137,2.0299999713897705,12305.0
2024-07-03 10:10:00,AADI,1.3504999876022339,1.3504999876022339,1.3504999876022339,1.3504999876022339,1.3504999876022339,5630.0
2024-07-03 10:10:00,ABEO,4.260000228881836,4.260000228881836,4.260000228881836,4.260000228881836,4.260000228881836,501.0
2024-07-03 10:10:00,ABSI,3.1500000953674316,3.1500000953674316,3.1500000953674316,3.1449999809265137,3.149899959564209,2728.0
2024-07-03 10:10:00,ABUS,3.1700000762939453,3.1700000762939453,3.1700000762939453,3.1700000762939453,3.1700000762939453,4084.0
2024-07-03 10:10:00,ACB,4.811500072479248,4.811500072479248,4.811500072479248,4.790299892425537,4.790299892425537,3464.0
2024-07-03 10:10:00,ACCD,3.549999952316284,3.549999952316284,3.549999952316284,3.5350000858306885,3.5350000858306885,12228.0
2024-07-03 10:10:00,ACET,1.0595999956130981,1.0595999956130981,1.0595999956130981,1.0499999523162842,1.0500999689102173,9086.0
2024-07-03 10:10:00,ACHC,66.0,66.0,66.01000213623047,66.0,66.01000213623047,1014.0
2024-07-03 10:10:00,ACIU,3.875,3.875,3.890000104904175,3.869999885559082,3.890000104904175,601501.0
2024-07-03 10:10:00,ACLX,54.41999816894531,54.41999816894531,54.41999816894531,54.15999984741211,54.25,826.0
2024-07-03 10:10:00,ACXP,2.123699903488159,2.123699903488159,2.123699903488159,2.123699903488159,2.123699903488159,731.0
2024-07-03 10:10:00,ADAG,3.049999952316284,3.049999952316284,3.049999952316284,3.0299999713897705,3.049999952316284,572.0
2024-07-03 10:10:00,ADAP,1.0210000276565552,1.0210000276565552,1.0210000276565552,1.0210000276565552,1.0210000276565552,2280.0
2024-07-03 10:10:00,ADMA,11.359999656677246,11.359999656677246,11.359999656677246,11.300000190734863,11.300000190734863,17281.0
2024-07-03 10:10:00,ADPT,3.3399999141693115,3.3399999141693115,3.3399999141693115,3.3399999141693115,3.3399999141693115,355.0
2024-07-03 10:10:00,ADTX,1.4600000381469727,1.4600000381469727,1.4600000381469727,1.4600000381469727,1.4600000381469727,872.0
2024-07-03 10:10:00,AFMD,5.079999923706055,5.079999923706055,5.079999923706055,5.079999923706055,5.079999923706055,491.0
2024-07-03 10:10:00,AGEN,14.545000076293945,14.545000076293945,14.545000076293945,14.545000076293945,14.545000076293945,1806.0
2024-07-03 10:10:00,AGIO,42.20000076293945,42.20000076293945,42.20000076293945,42.20000076293945,42.20000076293945,960.0
2024-07-03 10:10:00,AHCO,9.670000076293945,9.670000076293945,9.670000076293945,9.670000076293945,9.670000076293945,974.0
2024-07-03 10:10:00,AIRS,4.053599834442139,4.053599834442139,4.053599834442139,4.053599834442139,4.053599834442139,1909.0
2024-07-03 10:10:00,AKAN,2.259999990463257,2.259999990463257,2.259999990463257,2.259999990463257,2.259999990463257,106.0
2024-07-03 10:10:00,AKBA,0.9408000111579895,0.9408000111579895,0.9408000111579895,0.9376000165939331,0.9376000165939331,2100.0
2024-07-03 10:10:00,AKRO,21.989999771118164,21.989999771118164,21.989999771118164,21.979999542236328,21.979999542236328,512.0
2024-07-03 10:10:00,ALGN,238.0800018310547,238.0800018310547,238.3699951171875,237.6199951171875,237.6199951171875,10269.0
2024-07-03 10:10:00,ALHC,7.989999771118164,7.989999771118164,7.989999771118164,7.989999771118164,7.989999771118164,547.0
2024-07-03 10:10:00,ALIM,5.525000095367432,5.525000095367432,5.525000095367432,5.525000095367432,5.525000095367432,433.0
2024-07-03 10:10:00,ALKS,24.40999984741211,24.40999984741211,24.40999984741211,24.399999618530273,24.405000686645508,2134.0
2024-07-03 10:10:00,ALLK,0.8500000238418579,0.8500000238418579,0.8500000238418579,0.8474000096321106,0.8478000164031982,3215.0
2024-07-03 10:10:00,ALLO,2.134999990463257,2.134999990463257,2.140000104904175,2.130000114440918,2.13919997215271,24374.0
2024-07-03 10:10:00,ALNY,247.60000610351562,247.60000610351562,247.60000610351562,247.60000610351562,247.60000610351562,459.0
2024-07-03 10:10:00,ALRN,2.849900007247925,2.849900007247925,2.849900007247925,2.8350000381469727,2.8399999141693115,0.0
2024-07-03 10:10:00,ALT,6.78000020980835,6.78000020980835,6.78000020980835,6.735000133514404,6.735000133514404,2938.0
2024-07-03 10:10:00,ALXO,5.929999828338623,5.929999828338623,5.929999828338623,5.929999828338623,5.929999828338623,177.0
2024-07-03 10:10:00,AMED,96.5999984741211,96.5999984741211,96.73500061035156,96.5999984741211,96.66999816894531,9208.0
2024-07-03 10:10:00,AMGN,311.1099853515625,311.1099853515625,311.1099853515625,311.0799865722656,311.1099853515625,1053.0
2024-07-03 10:10:00,AMLX,1.7549999952316284,1.7549999952316284,1.7549999952316284,1.7549999952316284,1.7549999952316284,1231.0
2024-07-03 10:10:00,AMPH,38.18000030517578,38.18000030517578,38.18000030517578,38.16999816894531,38.16999816894531,628.0
2024-07-03 10:10:00,AMRN,0.7099000215530396,0.7099000215530396,0.7099000215530396,0.7099000215530396,0.7099000215530396,205.0
2024-07-03 10:10:00,ANAB,25.0,25.0,25.0,24.979999542236328,24.979999542236328,1203.0
2024-07-03 10:10:00,ANGO,5.679999828338623,5.679999828338623,5.679999828338623,5.679999828338623,5.679999828338623,825.0
2024-07-03 10:10:00,ANNX,4.739999771118164,4.739999771118164,4.744999885559082,4.724999904632568,4.724999904632568,3832.0
2024-07-03 10:10:00,ANTX,2.5799999237060547,2.5799999237060547,2.5799999237060547,2.579699993133545,2.5799999237060547,1491.0
2024-07-03 10:10:00,APLS,36.20000076293945,36.20000076293945,36.20000076293945,36.20000076293945,36.20000076293945,264.0
2024-07-03 10:10:00,APLT,4.400000095367432,4.400000095367432,4.400000095367432,4.400000095367432,4.400000095367432,656.0
2024-07-03 10:10:00,APVO,0.3050999939441681,0.3050999939441681,0.3050999939441681,0.3050999939441681,0.3050999939441681,710.0
2024-07-03 10:10:00,AQST,2.384999990463257,2.384999990463257,2.384999990463257,2.382499933242798,2.382499933242798,1309.0
2024-07-03 10:10:00,ARCT,21.510000228881836,21.510000228881836,21.510000228881836,21.420000076293945,21.5,714.0
2024-07-03 10:10:00,ARDX,5.164999961853027,5.164999961853027,5.179999828338623,5.164999961853027,5.164999961853027,23332.0
2024-07-03 10:10:00,ARGX,435.6199951171875,435.6199951171875,435.6199951171875,435.6199951171875,435.6199951171875,989.0
2024-07-03 10:10:00,ARQT,9.460000038146973,9.460000038146973,9.460000038146973,9.414999961853027,9.420000076293945,2924.0
2024-07-03 10:10:00,ARVN,24.850000381469727,24.850000381469727,24.899999618530273,24.81999969482422,24.899999618530273,6163.0
2024-07-03 10:10:00,ARWR,25.510000228881836,25.510000228881836,25.510000228881836,25.450000762939453,25.450000762939453,1660.0
2024-07-03 10:10:00,ASND,135.9949951171875,135.9949951171875,135.9949951171875,135.9949951171875,135.9949951171875,409.0
2024-07-03 10:10:00,ASRT,1.309999942779541,1.309999942779541,1.309999942779541,1.2999999523162842,1.2999999523162842,5652.0
2024-07-03 10:10:00,ATEC,9.949999809265137,9.949999809265137,9.949999809265137,9.914999961853027,9.920000076293945,1162.0
2024-07-03 10:10:00,ATHA,2.6500000953674316,2.6500000953674316,2.6500000953674316,2.609999895095825,2.609999895095825,12815.0
2024-07-03 10:10:00,ATRA,7.699999809265137,7.699999809265137,7.699999809265137,7.699999809265137,7.699999809265137,114.0
2024-07-03 10:10:00,AVDL,14.234999656677246,14.234999656677246,14.234999656677246,14.220000267028809,14.220000267028809,1220.0
2024-07-03 10:10:00,AVIR,3.2674999237060547,3.2674999237060547,3.2674999237060547,3.2674999237060547,3.2674999237060547,200.0
2024-07-03 10:10:00,AVTE,1.590000033378601,1.590000033378601,1.590000033378601,1.5800000429153442,1.5800000429153442,2220.0
2024-07-03 10:10:00,AVXL,4.199999809265137,4.199999809265137,4.204999923706055,4.199999809265137,4.199999809265137,1996.0
2024-07-03 10:10:00,AWH,1.0299999713897705,1.0299999713897705,1.0299999713897705,1.0299999713897705,1.0299999713897705,1032.0
2024-07-03 10:10:00,AXNX,67.43000030517578,67.43000030517578,67.43000030517578,67.36799621582031,67.36799621582031,907.0
2024-07-03 10:10:00,AZN,76.81500244140625,76.81500244140625,76.81999969482422,76.81500244140625,76.81999969482422,3806.0
2024-07-03 10:10:00,BBIO,25.135000228881836,25.135000228881836,25.149999618530273,25.100000381469727,25.1200008392334,1615.0
2024-07-03 10:10:00,BCAB,1.309999942779541,1.309999942779541,1.309999942779541,1.3049999475479126,1.3049999475479126,10246.0
2024-07-03 10:10:00,BCRX,6.630000114440918,6.630000114440918,6.650000095367432,6.625,6.650000095367432,12479.0
2024-07-03 10:10:00,BCYC,19.65999984741211,19.65999984741211,19.65999984741211,19.65999984741211,19.65999984741211,211.0
2024-07-03 10:10:00,BDTX,4.21999979019165,4.21999979019165,4.21999979019165,4.21999979019165,4.21999979019165,1143.0
2024-07-03 10:10:00,BEAM,23.329999923706055,23.329999923706055,23.34000015258789,23.200000762939453,23.200000762939453,2416.0
2024-07-03 10:10:00,BIIB,226.57000732421875,226.57000732421875,226.7100067138672,226.57000732421875,226.7100067138672,1141.0
2024-07-03 10:10:00,BIOL,0.10000000149011612,0.10000000149011612,0.10000000149011612,0.10000000149011612,0.10000000149011612,250.0
2024-07-03 10:10:00,BIVI,0.414000004529953,0.414000004529953,0.414000004529953,0.414000004529953,0.414000004529953,280.0
2024-07-03 10:10:00,BLUE,0.9272000193595886,0.9272000193595886,0.9272000193595886,0.9259999990463257,0.9259999990463257,903.0
2024-07-03 10:10:00,BMEA,4.46999979019165,4.46999979019165,4.46999979019165,4.46999979019165,4.46999979019165,681.0
2024-07-03 10:10:00,BNGO,0.5503000020980835,0.5503000020980835,0.5605000257492065,0.5503000020980835,0.5605000257492065,38215.0
2024-07-03 10:10:00,BNTX,80.94499969482422,80.94499969482422,80.94499969482422,80.94499969482422,80.94499969482422,391.0
2024-07-03 10:10:00,BRKR,62.119998931884766,62.119998931884766,62.119998931884766,62.119998931884766,62.119998931884766,363.0
2024-07-03 10:10:00,BTAI,1.0850000381469727,1.0850000381469727,1.0850000381469727,1.0850000381469727,1.0850000381469727,5856.0
2024-07-03 10:10:00,BVS,6.079999923706055,6.079999923706055,6.079999923706055,6.070000171661377,6.070000171661377,671.0
2024-07-03 10:10:00,CABA,7.699999809265137,7.699999809265137,7.699999809265137,7.699999809265137,7.699999809265137,638.0
2024-07-03 10:10:00,CAPR,4.747799873352051,4.747799873352051,4.747799873352051,4.730000019073486,4.730000019073486,1852.0
2024-07-03 10:10:00,CCCC,4.715000152587891,4.715000152587891,4.715000152587891,4.675000190734863,4.679999828338623,3117.0
2024-07-03 10:10:00,CDMO,7.539999961853027,7.539999961853027,7.559999942779541,7.539999961853027,7.559999942779541,1242.0
2024-07-03 10:10:00,CDNA,15.210000038146973,15.210000038146973,15.210000038146973,15.210000038146973,15.210000038146973,484.0
2024-07-03 10:10:00,CDXC,2.549999952316284,2.549999952316284,2.569999933242798,2.549999952316284,2.559999942779541,2104.0
2024-07-03 10:10:00,CDXS,2.9200000762939453,2.9200000762939453,2.9200000762939453,2.9200000762939453,2.9200000762939453,212.0
2024-07-03 10:10:00,CERE,41.29999923706055,41.29999923706055,41.29999923706055,41.28499984741211,41.29999923706055,1137.0
2024-07-03 10:10:00,CERS,1.7200000286102295,1.7200000286102295,1.7200000286102295,1.7200000286102295,1.7200000286102295,1350.0
2024-07-03 10:10:00,CGC,6.616199970245361,6.616199970245361,6.619999885559082,6.599999904632568,6.599999904632568,20645.0
2024-07-03 10:10:00,CGEM,16.614999771118164,16.614999771118164,16.614999771118164,16.610000610351562,16.610000610351562,675.0
2024-07-03 10:10:00,CGEN,1.690000057220459,1.690000057220459,1.690000057220459,1.684999942779541,1.684999942779541,3106.0
2024-07-03 10:10:00,CHRS,1.3849999904632568,1.3849999904632568,1.3849999904632568,1.375,1.375,14466.0
2024-07-03 10:10:00,CING,0.3043999969959259,0.3043999969959259,0.3043999969959259,0.3043000102043152,0.3043000102043152,44470.0
2024-07-03 10:10:00,CKPT,2.259999990463257,2.259999990463257,2.259999990463257,2.259999990463257,2.259999990463257,4275.0
2024-07-03 10:10:00,CLDX,36.599998474121094,36.599998474121094,36.599998474121094,36.5,36.5,1243.0
2024-07-03 10:10:00,CLOV,1.2649999856948853,1.2649999856948853,1.2690000534057617,1.25,1.25,98711.0
2024-07-03 10:10:00,CLPT,5.255000114440918,5.255000114440918,5.255000114440918,5.255000114440918,5.255000114440918,643.0
2024-07-03 10:10:00,CMMB,0.9200000166893005,0.9200000166893005,0.9300000071525574,0.9200000166893005,0.9300000071525574,707.0
2024-07-03 10:10:00,CMPS,6.199999809265137,6.199999809265137,6.199999809265137,6.199999809265137,6.199999809265137,2076.0
2024-07-03 10:10:00,CNSP,2.299999952316284,2.299999952316284,2.299999952316284,2.23009991645813,2.23009991645813,158735.0
2024-07-03 10:10:00,CNTA,8.8100004196167,8.8100004196167,8.8100004196167,8.770000457763672,8.800000190734863,2255.0
2024-07-03 10:10:00,COGT,8.28499984741211,8.28499984741211,8.289999961853027,8.234999656677246,8.279999732971191,9827.0
2024-07-03 10:10:00,COLL,32.15999984741211,32.15999984741211,32.15999984741211,32.119998931884766,32.119998931884766,1333.0
2024-07-03 10:10:00,CORT,31.290000915527344,31.290000915527344,31.3799991607666,31.229999542236328,31.3700008392334,3960.0
2024-07-03 10:10:00,COSM,0.9799000024795532,0.9799000024795532,0.9799000024795532,0.9729999899864197,0.9729999899864197,1080.0
2024-07-03 10:10:00,CPRX,15.75,15.75,15.75,15.720000267028809,15.720000267028809,1933.0
2024-07-03 10:10:00,CRBU,1.5850000381469727,1.5850000381469727,1.5882999897003174,1.5850000381469727,1.5882999897003174,302.0
2024-07-03 10:10:00,CRDF,2.1549999713897705,2.1549999713897705,2.1549999713897705,2.1549999713897705,2.1549999713897705,343.0
2024-07-03 10:10:00,CRDL,1.9249999523162842,1.9249999523162842,1.9249999523162842,1.9249999523162842,1.9249999523162842,30.0
2024-07-03 10:10:00,CRMD,4.15500020980835,4.15500020980835,4.15500020980835,4.15500020980835,4.15500020980835,401.0
2024-07-03 10:10:00,CRNX,44.209999084472656,44.209999084472656,44.310001373291016,44.209999084472656,44.310001373291016,5700.0
2024-07-03 10:10:00,CRSP,54.38999938964844,54.38999938964844,54.38999938964844,54.32500076293945,54.3484992980957,1986.0
2024-07-03 10:10:00,CTMX,1.340000033378601,1.340000033378601,1.340000033378601,1.3300000429153442,1.3300000429153442,4813.0
2024-07-03 10:10:00,CTXR,0.5220999717712402,0.5220999717712402,0.5220999717712402,0.5205000042915344,0.5205000042915344,4200.0
2024-07-03 10:10:00,CVAC,3.4000000953674316,3.4000000953674316,3.4005000591278076,3.3949999809265137,3.4005000591278076,32400.0
2024-07-03 10:10:00,CVRX,11.930000305175781,11.930000305175781,11.930000305175781,11.90999984741211,11.90999984741211,1863.0
2024-07-03 10:10:00,CYTK,54.8650016784668,54.8650016784668,54.8650016784668,54.709999084472656,54.75,1698.0
2024-07-03 10:10:00,CYTO,1.179900050163269,1.179900050163269,1.190000057220459,1.179900050163269,1.190000057220459,652.0
2024-07-03 10:10:00,DAWN,13.5,13.5,13.5,13.5,13.5,890.0
2024-07-03 10:10:00,DCTH,7.949999809265137,7.949999809265137,7.949999809265137,7.949999809265137,7.949999809265137,2988.0
2024-07-03 10:10:00,DH,5.414999961853027,5.414999961853027,5.414999961853027,5.40500020980835,5.40500020980835,796.0
2024-07-03 10:10:00,DNLI,21.969999313354492,21.969999313354492,22.0,21.940000534057617,21.969999313354492,1947.0
2024-07-03 10:10:00,DSGN,3.200000047683716,3.200000047683716,3.200000047683716,3.200000047683716,3.200000047683716,9621.0
2024-07-03 10:10:00,DVAX,11.154999732971191,11.154999732971191,11.15999984741211,11.154999732971191,11.15999984741211,948.0
2024-07-03 10:10:00,DXCM,110.38500213623047,110.38500213623047,110.4000015258789,110.25,110.26249694824219,4330.0
2024-07-03 10:10:00,DYAI,1.5758999586105347,1.5758999586105347,1.5758999586105347,1.5758999586105347,1.5758999586105347,9924.0
2024-07-03 10:10:00,DYN,34.26499938964844,34.26499938964844,34.26499938964844,34.25,34.2599983215332,1351.0
2024-07-03 10:10:00,DYNT,0.226500004529953,0.226500004529953,0.226500004529953,0.226500004529953,0.226500004529953,1595.0
2024-07-03 10:10:00,EDIT,4.639999866485596,4.639999866485596,4.639999866485596,4.625,4.625,4067.0
2024-07-03 10:10:00,EDSA,4.21999979019165,4.21999979019165,4.347700119018555,4.21999979019165,4.239999771118164,0.0
2024-07-03 10:10:00,ELEV,2.7249999046325684,2.7249999046325684,2.7249999046325684,2.7249999046325684,2.7249999046325684,386.0
2024-07-03 10:10:00,EMBC,11.869999885559082,11.869999885559082,11.875,11.829999923706055,11.875,2535.0
2024-07-03 10:10:00,ENLV,1.2999999523162842,1.2999999523162842,1.2999999523162842,1.2999999523162842,1.2999999523162842,2356.0
2024-07-03 10:10:00,ENVB,0.529699981212616,0.529699981212616,0.5392000079154968,0.5120000243186951,0.5392000079154968,2775.0
2024-07-03 10:10:00,EOLS,10.779999732971191,10.779999732971191,10.800000190734863,10.779999732971191,10.800000190734863,2087.0
2024-07-03 10:10:00,EQ,0.6700999736785889,0.6700999736785889,0.6710000038146973,0.6700999736785889,0.6710000038146973,2884.0
2024-07-03 10:10:00,ERAS,2.244999885559082,2.244999885559082,2.244999885559082,2.240000009536743,2.240000009536743,1046.0
2024-07-03 10:10:00,ESPR,2.3698999881744385,2.3698999881744385,2.369999885559082,2.365000009536743,2.365000009536743,20303.0
2024-07-03 10:10:00,ETNB,7.800000190734863,7.800000190734863,7.800000190734863,7.760000228881836,7.760000228881836,2437.0
2024-07-03 10:10:00,EVOK,0.5353999733924866,0.5353999733924866,0.5353999733924866,0.5353999733924866,0.5353999733924866,4705.0
2024-07-03 10:10:00,EWTX,18.0,18.0,18.09000015258789,18.0,18.09000015258789,2168.0
2024-07-03 10:10:00,EXAS,43.43000030517578,43.43000030517578,43.470001220703125,43.43000030517578,43.470001220703125,1298.0
2024-07-03 10:10:00,EXEL,22.135000228881836,22.135000228881836,22.155000686645508,22.135000228881836,22.155000686645508,1171.0
2024-07-03 10:10:00,EYPT,8.359999656677246,8.359999656677246,8.399999618530273,8.300000190734863,8.300000190734863,8284.0
2024-07-03 10:10:00,FATE,3.255000114440918,3.255000114440918,3.255000114440918,3.240000009536743,3.244999885559082,6004.0
2024-07-03 10:10:00,FDMT,20.84000015258789,20.84000015258789,20.90999984741211,20.81999969482422,20.829999923706055,1429.0
2024-07-03 10:10:00,FGEN,0.7202000021934509,0.7202000021934509,0.7267000079154968,0.7202000021934509,0.7261999845504761,18254.0
2024-07-03 10:10:00,FOLD,9.920000076293945,9.920000076293945,9.925000190734863,9.899999618530273,9.90999984741211,3441.0
2024-07-03 10:10:00,FULC,6.050000190734863,6.050000190734863,6.070000171661377,6.050000190734863,6.070000171661377,4815.0
2024-07-03 10:10:00,GALT,2.180000066757202,2.180000066757202,2.180000066757202,2.180000066757202,2.180000066757202,216.0
2024-07-03 10:10:00,GDRX,7.789999961853027,7.789999961853027,7.789999961853027,7.789999961853027,7.789999961853027,508.0
2024-07-03 10:10:00,GERN,4.315000057220459,4.315000057220459,4.315000057220459,4.300000190734863,4.300000190734863,30068.0
2024-07-03 10:10:00,GH,28.6299991607666,28.6299991607666,28.649999618530273,28.6299991607666,28.649999618530273,578.0
2024-07-03 10:10:00,GILD,67.22000122070312,67.22000122070312,67.25,67.20999908447266,67.25,11090.0
2024-07-03 10:10:00,GLPG,25.389999389648438,25.389999389648438,25.389999389648438,25.389999389648438,25.389999389648438,888.0
2024-07-03 10:10:00,GLYC,0.2660999894142151,0.2660999894142151,0.2678999900817871,0.2660999894142151,0.2660999894142151,6261.0
2024-07-03 10:10:00,GMAB,25.18000030517578,25.18000030517578,25.18000030517578,25.16010093688965,25.16010093688965,4613.0
2024-07-03 10:10:00,GOSS,0.9301000237464905,0.9301000237464905,0.9301000237464905,0.9301000237464905,0.9301000237464905,330.0
2024-07-03 10:10:00,GRFS,6.630000114440918,6.630000114440918,6.635000228881836,6.625,6.630000114440918,3840.0
2024-07-03 10:10:00,GTHX,2.509999990463257,2.509999990463257,2.5199999809265137,2.505000114440918,2.5199999809265137,4240.0
2024-07-03 10:10:00,HALO,51.56999969482422,51.56999969482422,51.56999969482422,51.459999084472656,51.529998779296875,3311.0
2024-07-03 10:10:00,HCSG,10.979999542236328,10.979999542236328,10.979999542236328,10.949999809265137,10.949999809265137,1300.0
2024-07-03 10:10:00,HOLX,73.08999633789062,73.08999633789062,73.08999633789062,73.05000305175781,73.06999969482422,7139.0
2024-07-03 10:10:00,HOOK,0.579200029373169,0.579200029373169,0.579200029373169,0.579200029373169,0.579200029373169,280.0
2024-07-03 10:10:00,HQY,83.8949966430664,83.8949966430664,83.95999908447266,83.83000183105469,83.95999908447266,1013.0
2024-07-03 10:10:00,HRMY,30.239900588989258,30.239900588989258,30.239900588989258,30.239900588989258,30.239900588989258,651.0
2024-07-03 10:10:00,HRTX,2.8598999977111816,2.8598999977111816,2.859999895095825,2.849900007247925,2.849900007247925,3999.0
2024-07-03 10:10:00,HSDT,0.9599999785423279,0.9599999785423279,0.9599999785423279,0.9599999785423279,0.9599999785423279,300.0
2024-07-03 10:10:00,HSIC,65.05999755859375,65.05999755859375,65.08000183105469,65.02999877929688,65.07499694824219,951.0
2024-07-03 10:10:00,HUGE,0.1428000032901764,0.1428000032901764,0.1428000032901764,0.14259999990463257,0.14259999990463257,12271.0
2024-07-03 10:10:00,HUMA,5.619999885559082,5.619999885559082,5.619999885559082,5.600100040435791,5.610000133514404,6566.0
2024-07-03 10:10:00,IART,29.05500030517578,29.05500030517578,29.05500030517578,29.049999237060547,29.049999237060547,1105.0
2024-07-03 10:10:00,IBRX,6.250100135803223,6.250100135803223,6.250100135803223,6.238500118255615,6.239999771118164,5120.0
2024-07-03 10:10:00,ICCM,0.7099999785423279,0.7099999785423279,0.7099999785423279,0.7099999785423279,0.7099999785423279,0.0
2024-07-03 10:10:00,IDXX,474.5249938964844,474.5249938964844,474.5249938964844,474.5249938964844,474.5249938964844,202.0
2024-07-03 10:10:00,IDYA,33.540000915527344,33.540000915527344,33.540000915527344,33.470001220703125,33.470001220703125,1235.0
2024-07-03 10:10:00,IGMS,6.429999828338623,6.429999828338623,6.429999828338623,6.429999828338623,6.429999828338623,106.0
2024-07-03 10:10:00,IKNA,1.6399999856948853,1.6399999856948853,1.6399999856948853,1.6399999856948853,1.6399999856948853,186.0
2024-07-03 10:10:00,ILMN,106.36499786376953,106.36499786376953,106.44999694824219,106.31999969482422,106.37999725341797,5684.0
2024-07-03 10:10:00,IMAB,1.5700000524520874,1.5700000524520874,1.5700000524520874,1.5700000524520874,1.5700000524520874,292.0
2024-07-03 10:10:00,IMCR,35.150001525878906,35.150001525878906,35.150001525878906,35.099998474121094,35.099998474121094,749.0
2024-07-03 10:10:00,IMMX,2.259700059890747,2.259700059890747,2.259700059890747,2.259700059890747,2.259700059890747,379.0
2024-07-03 10:10:00,IMNM,11.949999809265137,11.949999809265137,11.960000038146973,11.949999809265137,11.949999809265137,1445.0
2024-07-03 10:10:00,IMUX,1.1150000095367432,1.1150000095367432,1.1200000047683716,1.1150000095367432,1.1200000047683716,2287.0
2024-07-03 10:10:00,INAB,0.7900000214576721,0.7900000214576721,0.7900000214576721,0.7900000214576721,0.7900000214576721,3416.0
2024-07-03 10:10:00,INCY,58.43000030517578,58.43000030517578,58.459999084472656,58.38999938964844,58.459999084472656,2827.0
2024-07-03 10:10:00,INMB,8.005000114440918,8.005000114440918,8.005000114440918,7.980000019073486,7.989999771118164,4030.0
2024-07-03 10:10:00,INMD,17.737499237060547,17.737499237060547,17.737499237060547,17.709999084472656,17.729999542236328,2871.0
2024-07-03 10:10:00,INNV,5.300000190734863,5.300000190734863,5.300000190734863,5.260000228881836,5.260000228881836,546.0
2024-07-03 10:10:00,INO,8.5,8.5,8.5,8.5,8.5,582.0
2024-07-03 10:10:00,INSM,63.900001525878906,63.900001525878906,63.935001373291016,63.900001525878906,63.935001373291016,464.0
2024-07-03 10:10:00,INVA,16.389999389648438,16.389999389648438,16.389999389648438,16.385000228881836,16.385000228881836,945.0
2024-07-03 10:10:00,INVO,0.7501000165939331,0.7501000165939331,0.7501000165939331,0.7501000165939331,0.7501000165939331,3655.0
2024-07-03 10:10:00,INZY,4.480000019073486,4.480000019073486,4.480000019073486,4.460000038146973,4.460000038146973,1587.0
2024-07-03 10:10:00,IONM,0.33329999446868896,0.33329999446868896,0.33329999446868896,0.33230000734329224,0.33230000734329224,3908.0
2024-07-03 10:10:00,IONS,44.904998779296875,44.904998779296875,44.904998779296875,44.880001068115234,44.880001068115234,842.0
2024-07-03 10:10:00,IOVA,7.755000114440918,7.755000114440918,7.759799957275391,7.75,7.759799957275391,15856.0
2024-07-03 10:10:00,IPSC,2.240000009536743,2.240000009536743,2.240000009536743,2.240000009536743,2.240000009536743,200.0
2024-07-03 10:10:00,IRMD,44.099998474121094,44.099998474121094,44.16999816894531,44.099998474121094,44.16999816894531,721.0
2024-07-03 10:10:00,IRTC,94.2699966430664,94.2699966430664,94.4800033569336,94.2699966430664,94.44000244140625,2752.0
2024-07-03 10:10:00,IRWD,6.224999904632568,6.224999904632568,6.224999904632568,6.195000171661377,6.195000171661377,3777.0
2024-07-03 10:10:00,ISRG,433.7300109863281,433.7300109863281,433.7300109863281,433.4100036621094,433.7300109863281,450.0
2024-07-03 10:10:00,ITCI,68.1500015258789,68.1500015258789,68.1500015258789,68.11000061035156,68.11000061035156,844.0
2024-07-03 10:10:00,ITOS,14.819999694824219,14.819999694824219,14.819999694824219,14.819999694824219,14.819999694824219,303.0
2024-07-03 10:10:00,IXHL,2.809999942779541,2.809999942779541,2.809999942779541,2.809999942779541,2.809999942779541,230.0
2024-07-03 10:10:00,JANX,38.77000045776367,38.77000045776367,38.77000045776367,38.77000045776367,38.77000045776367,719.0
2024-07-03 10:10:00,JSPR,23.360000610351562,23.360000610351562,23.360000610351562,23.360000610351562,23.360000610351562,111.0
2024-07-03 10:10:00,KALA,6.849999904632568,6.849999904632568,6.849999904632568,6.849999904632568,6.849999904632568,202.0
2024-07-03 10:10:00,KALV,11.510000228881836,11.510000228881836,11.510000228881836,11.510000228881836,11.510000228881836,503.0
2024-07-03 10:10:00,KIDS,29.889999389648438,29.889999389648438,29.889999389648438,29.889999389648438,29.889999389648438,831.0
2024-07-03 10:10:00,KNSA,18.760000228881836,18.760000228881836,18.760000228881836,18.760000228881836,18.760000228881836,1763.0
2024-07-03 10:10:00,KPTI,0.8378000259399414,0.8378000259399414,0.8378000259399414,0.8281999826431274,0.8281999826431274,2916.0
2024-07-03 10:10:00,KRON,1.1792999505996704,1.1792999505996704,1.1792999505996704,1.1792999505996704,1.1792999505996704,1366.0
2024-07-03 10:10:00,KROS,42.630001068115234,42.630001068115234,42.630001068115234,42.599998474121094,42.599998474121094,911.0
2024-07-03 10:10:00,KTRA,0.2759000062942505,0.2759000062942505,0.2759000062942505,0.27300000190734863,0.27300000190734863,17444.0
2024-07-03 10:10:00,KURA,20.450000762939453,20.450000762939453,20.450000762939453,20.450000762939453,20.450000762939453,674.0
2024-07-03 10:10:00,KZR,0.5702999830245972,0.5702999830245972,0.5702999830245972,0.5702999830245972,0.5702999830245972,778.0
2024-07-03 10:10:00,LBPH,31.75,31.75,31.75,31.75,31.75,588.0
2024-07-03 10:10:00,LEXX,2.5601000785827637,2.5601000785827637,2.5601000785827637,2.5601000785827637,2.5601000785827637,2097.0
2024-07-03 10:10:00,LFMD,6.78000020980835,6.78000020980835,6.789999961853027,6.78000020980835,6.789999961853027,1308.0
2024-07-03 10:10:00,LFMDP,23.749099731445312,23.749099731445312,23.749099731445312,23.749099731445312,23.749099731445312,2341.0
2024-07-03 10:10:00,LFST,5.09499979019165,5.09499979019165,5.09499979019165,5.090000152587891,5.090000152587891,1251.0
2024-07-03 10:10:00,LGND,84.21499633789062,84.21499633789062,84.21499633789062,84.21499633789062,84.21499633789062,745.0
2024-07-03 10:10:00,LGVN,1.6299999952316284,1.6299999952316284,1.6302000284194946,1.6299999952316284,1.6302000284194946,3979.0
2024-07-03 10:10:00,LIVN,52.8650016784668,52.8650016784668,52.8650016784668,52.845001220703125,52.86000061035156,3020.0
2024-07-03 10:10:00,LNTH,78.93000030517578,78.93000030517578,78.93000030517578,78.70999908447266,78.70999908447266,2729.0
2024-07-03 10:10:00,LQDA,11.979999542236328,11.979999542236328,11.979999542236328,11.970000267028809,11.970000267028809,829.0
2024-07-03 10:10:00,LUCY,0.47780001163482666,0.47780001163482666,0.4830000102519989,0.47780001163482666,0.4830000102519989,5740.0
2024-07-03 10:10:00,LXRX,1.6050000190734863,1.6050000190734863,1.6050000190734863,1.6050000190734863,1.6050000190734863,597.0
2024-07-03 10:10:00,LYEL,1.4550000429153442,1.4550000429153442,1.4550000429153442,1.4550000429153442,1.4550000429153442,1135.0
2024-07-03 10:10:00,MASI,113.08999633789062,113.08999633789062,113.1449966430664,112.87000274658203,112.94000244140625,4840.0
2024-07-03 10:10:00,MBIO,0.5260000228881836,0.5260000228881836,0.5322999954223633,0.5254999995231628,0.5260000228881836,34048.0
2024-07-03 10:10:00,MBOT,1.0839999914169312,1.0839999914169312,1.0839999914169312,1.0800000429153442,1.0800000429153442,865.0
2024-07-03 10:10:00,MCRB,0.7081000208854675,0.7081000208854675,0.7081000208854675,0.7049000263214111,0.7049999833106995,16161.0
2024-07-03 10:10:00,MDXG,6.800000190734863,6.800000190734863,6.804999828338623,6.800000190734863,6.804999828338623,431.0
2024-07-03 10:10:00,ME,0.4027999937534332,0.4027999937534332,0.40369999408721924,0.4023999869823456,0.40369999408721924,16967.0
2024-07-03 10:10:00,MESO,6.68310022354126,6.68310022354126,6.68310022354126,6.68310022354126,6.68310022354126,576.0
2024-07-03 10:10:00,MGNX,4.261199951171875,4.261199951171875,4.265100002288818,4.255000114440918,4.265100002288818,2272.0
2024-07-03 10:10:00,MNKD,5.179999828338623,5.179999828338623,5.179999828338623,5.159999847412109,5.164999961853027,16657.0
2024-07-03 10:10:00,MORF,31.729999542236328,31.729999542236328,31.729999542236328,31.729999542236328,31.729999542236328,103.0
2024-07-03 10:10:00,MREO,3.4749999046325684,3.4749999046325684,3.4749999046325684,3.4549999237060547,3.4549999237060547,2194.0
2024-07-03 10:10:00,MRNA,118.02999877929688,118.02999877929688,118.05999755859375,117.53500366210938,117.56999969482422,10772.0
2024-07-03 10:10:00,MRNS,1.225000023841858,1.225000023841858,1.225000023841858,1.225000023841858,1.225000023841858,956.0
2024-07-03 10:10:00,MRSN,1.8799999952316284,1.8799999952316284,1.8799999952316284,1.8680000305175781,1.8680000305175781,9711.0
2024-07-03 10:10:00,MRUS,53.470001220703125,53.470001220703125,53.64500045776367,53.470001220703125,53.64500045776367,3879.0
2024-07-03 10:10:00,MRVI,6.817999839782715,6.817999839782715,6.817999839782715,6.809999942779541,6.809999942779541,3042.0
2024-07-03 10:10:00,MXCT,3.7049999237060547,3.7049999237060547,3.7100000381469727,3.700000047683716,3.700000047683716,1239.0
2024-07-03 10:10:00,MYGN,25.434200286865234,25.434200286865234,25.434999465942383,25.40999984741211,25.434999465942383,1167.0
2024-07-03 10:10:00,NARI,49.599998474121094,49.599998474121094,49.6234016418457,49.54999923706055,49.6234016418457,1178.0
2024-07-03 10:10:00,NBIX,138.33999633789062,138.33999633789062,138.60000610351562,138.33999633789062,138.60000610351562,4637.0
2024-07-03 10:10:00,NDRA,0.08550000190734863,0.08550000190734863,0.08550000190734863,0.08399999886751175,0.08399999886751175,38384.0
2024-07-03 10:10:00,NEO,13.670000076293945,13.670000076293945,13.670000076293945,13.670000076293945,13.670000076293945,430.0
2024-07-03 10:10:00,NEOG,15.119999885559082,15.119999885559082,15.119999885559082,15.085000038146973,15.085000038146973,3138.0
2024-07-03 10:10:00,NKTR,1.2000000476837158,1.2000000476837158,1.2000000476837158,1.1950000524520874,1.1950000524520874,922.0
2024-07-03 10:10:00,NKTX,5.349999904632568,5.349999904632568,5.349999904632568,5.349999904632568,5.349999904632568,897.0
2024-07-03 10:10:00,NLSP,0.20010000467300415,0.20010000467300415,0.20110000669956207,0.20010000467300415,0.20110000669956207,0.0
2024-07-03 10:10:00,NNOX,7.099999904632568,7.099999904632568,7.110000133514404,7.070000171661377,7.070000171661377,11480.0
2024-07-03 10:10:00,NOTV,1.6779999732971191,1.6779999732971191,1.6779999732971191,1.6706000566482544,1.6706000566482544,525.0
2024-07-03 10:10:00,NRIX,19.389999389648438,19.389999389648438,19.5,19.290000915527344,19.290000915527344,10265.0
2024-07-03 10:10:00,NTLA,22.459999084472656,22.459999084472656,22.459999084472656,22.459999084472656,22.459999084472656,619.0
2024-07-03 10:10:00,NTRA,112.0,112.0,112.0999984741211,111.96499633789062,111.96499633789062,1824.0
2024-07-03 10:10:00,NUVL,72.18000030517578,72.18000030517578,72.23999786376953,71.98999786376953,71.98999786376953,768.0
2024-07-03 10:10:00,NUWE,4.179999828338623,4.179999828338623,4.179999828338623,4.179999828338623,4.179999828338623,880.0
2024-07-03 10:10:00,NVAX,13.069999694824219,13.069999694824219,13.069999694824219,13.010000228881836,13.013299942016602,13425.0
2024-07-03 10:10:00,NVCR,17.06999969482422,17.06999969482422,17.06999969482422,17.065000534057617,17.06999969482422,7693.0
2024-07-03 10:10:00,NXL,1.4900000095367432,1.4900000095367432,1.5,1.4900000095367432,1.5,1447.0
2024-07-03 10:10:00,OCGN,1.6649999618530273,1.6649999618530273,1.6649999618530273,1.6549999713897705,1.6549999713897705,12067.0
2024-07-03 10:10:00,OCUL,6.849999904632568,6.849999904632568,6.849999904632568,6.809999942779541,6.809999942779541,3034.0
2024-07-03 10:10:00,OCX,3.0399999618530273,3.0399999618530273,3.069999933242798,3.0399999618530273,3.069999933242798,11333.0
2024-07-03 10:10:00,OGI,1.559999942779541,1.559999942779541,1.559999942779541,1.559999942779541,1.559999942779541,1194.0
2024-07-03 10:10:00,OLK,25.799999237060547,25.799999237060547,25.799999237060547,25.799999237060547,25.799999237060547,1956.0
2024-07-03 10:10:00,OLMA,10.550000190734863,10.550000190734863,10.550000190734863,10.550000190734863,10.550000190734863,488.0
2024-07-03 10:10:00,OM,3.740000009536743,3.740000009536743,3.740000009536743,3.740000009536743,3.740000009536743,806.0
2024-07-03 10:10:00,OMER,3.8949999809265137,3.8949999809265137,3.8949999809265137,3.8949999809265137,3.8949999809265137,604.0
2024-07-03 10:10:00,OMGA,2.0250000953674316,2.0250000953674316,2.0250000953674316,2.0250000953674316,2.0250000953674316,213.0
2024-07-03 10:11:00,AADI,1.3550000190734863,1.3550000190734863,1.3600000143051147,1.3550000190734863,1.3580000400543213,4991.0
2024-07-03 10:11:00,ABCL,2.7750000953674316,2.7750000953674316,2.7750000953674316,2.7708001136779785,2.7708001136779785,3460.0
2024-07-03 10:11:00,ABSI,3.180000066757202,3.180000066757202,3.180000066757202,3.1700000762939453,3.1749000549316406,3661.0
2024-07-03 10:11:00,ABUS,3.188199996948242,3.188199996948242,3.190000057220459,3.1700000762939453,3.1700000762939453,32136.0
2024-07-03 10:11:00,ACAD,15.779999732971191,15.779999732971191,15.779999732971191,15.779999732971191,15.779999732971191,775.0
2024-07-03 10:11:00,ACB,4.800099849700928,4.800099849700928,4.809999942779541,4.800000190734863,4.804999828338623,2480.0
2024-07-03 10:11:00,ACCD,3.549999952316284,3.549999952316284,3.549999952316284,3.5299999713897705,3.549999952316284,24280.0
2024-07-03 10:11:00,ACET,1.0501999855041504,1.0501999855041504,1.058500051498413,1.0499999523162842,1.0549999475479126,2002.0
2024-07-03 10:11:00,ACHC,66.0999984741211,66.0999984741211,66.16000366210938,66.0999984741211,66.1500015258789,3206.0
2024-07-03 10:11:00,ACHV,4.539999961853027,4.539999961853027,4.539999961853027,4.539999961853027,4.539999961853027,154.0
2024-07-03 10:11:00,ACIU,3.869999885559082,3.869999885559082,3.9100000858306885,3.859999895095825,3.859999895095825,4201.0
2024-07-03 10:11:00,ADAP,1.016800045967102,1.016800045967102,1.0199999809265137,1.0149999856948853,1.0199999809265137,1910.0
2024-07-03 10:11:00,ADMA,11.3774995803833,11.3774995803833,11.3774995803833,11.364999771118164,11.364999771118164,1777.0
2024-07-03 10:11:00,ADPT,3.3550000190734863,3.3550000190734863,3.3550000190734863,3.3499999046325684,3.3499999046325684,445.0
2024-07-03 10:11:00,ADUS,117.73999786376953,117.73999786376953,117.73999786376953,117.73999786376953,117.73999786376953,412.0
2024-07-03 10:11:00,AHCO,9.675000190734863,9.675000190734863,9.680000305175781,9.670000076293945,9.680000305175781,984.0
2024-07-03 10:11:00,AKBA,0.9462000131607056,0.9462000131607056,0.9462000131607056,0.9430999755859375,0.9430999755859375,2250.0
2024-07-03 10:11:00,AKRO,22.100000381469727,22.100000381469727,22.100000381469727,22.030000686645508,22.030000686645508,1472.0
2024-07-03 10:11:00,AKYA,2.1500000953674316,2.1500000953674316,2.1500000953674316,2.1449999809265137,2.1449999809265137,2276.0
2024-07-03 10:11:00,ALEC,4.440000057220459,4.440000057220459,4.440000057220459,4.440000057220459,4.440000057220459,545.0
2024-07-03 10:11:00,ALGN,238.05499267578125,238.05499267578125,238.05499267578125,238.05499267578125,238.05499267578125,607.0
2024-07-03 10:11:00,ALKS,24.420000076293945,24.420000076293945,24.420000076293945,24.40999984741211,24.420000076293945,2618.0
2024-07-03 10:11:00,ALLK,0.8500000238418579,0.8500000238418579,0.8551999926567078,0.8500000238418579,0.8500000238418579,1875.0
2024-07-03 10:11:00,ALLO,2.130000114440918,2.130000114440918,2.130000114440918,2.130000114440918,2.130000114440918,960.0
2024-07-03 10:11:00,ALLR,0.20759999752044678,0.20759999752044678,0.20759999752044678,0.20630000531673431,0.20630000531673431,414.0
2024-07-03 10:11:00,ALNY,247.8800048828125,247.8800048828125,247.8800048828125,247.58999633789062,247.58999633789062,1226.0
2024-07-03 10:11:00,ALRN,2.7799999713897705,2.7799999713897705,2.7799999713897705,2.7799999713897705,2.7799999713897705,0.0
2024-07-03 10:11:00,ALT,6.784999847412109,6.784999847412109,6.800000190734863,6.78000020980835,6.784999847412109,12883.0
2024-07-03 10:11:00,ALVO,12.350000381469727,12.350000381469727,12.350000381469727,12.350000381469727,12.350000381469727,660.0
2024-07-03 10:11:00,ALXO,5.960000038146973,5.960000038146973,5.960000038146973,5.920000076293945,5.920000076293945,2234.0
2024-07-03 10:11:00,AMED,96.63999938964844,96.63999938964844,96.69499969482422,96.63999938964844,96.69000244140625,4274.0
2024-07-03 10:11:00,AMGN,311.2900085449219,311.2900085449219,311.4200134277344,311.1299133300781,311.1299133300781,1966.0
2024-07-03 10:11:00,AMLX,1.7599999904632568,1.7599999904632568,1.7599999904632568,1.75,1.7599999904632568,17177.0
2024-07-03 10:11:00,AMPH,38.11000061035156,38.11000061035156,38.11000061035156,38.11000061035156,38.11000061035156,436.0
2024-07-03 10:11:00,AMRN,0.7053999900817871,0.7053999900817871,0.7099000215530396,0.7053999900817871,0.7099000215530396,924.0
2024-07-03 10:11:00,ANAB,25.05500030517578,25.05500030517578,25.059999465942383,25.05500030517578,25.059999465942383,981.0
2024-07-03 10:11:00,ANIP,62.09239959716797,62.09239959716797,62.09239959716797,62.09239959716797,62.09239959716797,489.0
2024-07-03 10:11:00,ANNX,4.744999885559082,4.744999885559082,4.75,4.744999885559082,4.75,929.0
2024-07-03 10:11:00,ANTX,2.5862998962402344,2.5862998962402344,2.609999895095825,2.5862998962402344,2.59060001373291,3695.0
2024-07-03 10:11:00,APDN,0.45100000500679016,0.45100000500679016,0.45489999651908875,0.45100000500679016,0.45489999651908875,5408.0
2024-07-03 10:11:00,APLS,36.22999954223633,36.22999954223633,36.22999954223633,36.22999954223633,36.22999954223633,229.0
2024-07-03 10:11:00,APLT,4.380000114440918,4.380000114440918,4.380000114440918,4.380000114440918,4.380000114440918,1924.0
2024-07-03 10:11:00,AQST,2.4049999713897705,2.4049999713897705,2.4049999713897705,2.390000104904175,2.390000104904175,5038.0
2024-07-03 10:11:00,ARAY,1.774999976158142,1.774999976158142,1.774999976158142,1.774999976158142,1.774999976158142,500.0
2024-07-03 10:11:00,ARDX,5.190000057220459,5.190000057220459,5.190000057220459,5.164999961853027,5.164999961853027,18876.0
2024-07-03 10:11:00,ARQT,9.5,9.5,9.5,9.462499618530273,9.462499618530273,4904.0
2024-07-03 10:11:00,ARVN,24.8700008392334,24.8700008392334,24.920000076293945,24.8700008392334,24.8700008392334,15418.0
2024-07-03 10:11:00,ARWR,25.53059959411621,25.53059959411621,25.53059959411621,25.53059959411621,25.53059959411621,1277.0
2024-07-03 10:11:00,ASMB,12.3100004196167,12.3100004196167,12.3100004196167,12.3100004196167,12.3100004196167,769.0
2024-07-03 10:11:00,ASRT,1.2999999523162842,1.2999999523162842,1.2999999523162842,1.2999999523162842,1.2999999523162842,916.0
2024-07-03 10:11:00,ATAI,1.309999942779541,1.309999942779541,1.309999942779541,1.309999942779541,1.309999942779541,8359.0
2024-07-03 10:11:00,ATOS,1.1425000429153442,1.1425000429153442,1.1510000228881836,1.1399999856948853,1.1510000228881836,47275.0
2024-07-03 10:11:00,AUPH,5.490099906921387,5.490099906921387,5.494999885559082,5.490099906921387,5.494999885559082,632.0
2024-07-03 10:11:00,AURA,7.144999980926514,7.144999980926514,7.144999980926514,7.144999980926514,7.144999980926514,144.0
2024-07-03 10:11:00,AUTL,3.440000057220459,3.440000057220459,3.440000057220459,3.440000057220459,3.440000057220459,129.0
2024-07-03 10:11:00,AVDL,14.239999771118164,14.239999771118164,14.25,14.220000267028809,14.25,6358.0
2024-07-03 10:11:00,AVIR,3.2699999809265137,3.2699999809265137,3.2699999809265137,3.2699999809265137,3.2699999809265137,803.0
2024-07-03 10:11:00,AVXL,4.204999923706055,4.204999923706055,4.204999923706055,4.199999809265137,4.204999923706055,1427.0
2024-07-03 10:11:00,AZN,76.76499938964844,76.76499938964844,76.81999969482422,76.76499938964844,76.81999969482422,8646.0
2024-07-03 10:11:00,AZTA,52.59000015258789,52.59000015258789,52.619998931884766,52.59000015258789,52.619998931884766,4664.0
2024-07-03 10:11:00,BBIO,25.190000534057617,25.190000534057617,25.190000534057617,25.190000534057617,25.190000534057617,134.0
2024-07-03 10:11:00,BCRX,6.640600204467773,6.640600204467773,6.650000095367432,6.639999866485596,6.639999866485596,4823.0
2024-07-03 10:11:00,BCTX,1.024999976158142,1.024999976158142,1.0398999452590942,1.024999976158142,1.0398999452590942,3100.0
2024-07-03 10:11:00,BEAM,23.350000381469727,23.350000381469727,23.350000381469727,23.350000381469727,23.350000381469727,3138.0
2024-07-03 10:11:00,BGXX,0.2732999920845032,0.2732999920845032,0.2732999920845032,0.2732999920845032,0.2732999920845032,887.0
2024-07-03 10:11:00,BIIB,226.9499969482422,226.9499969482422,226.9499969482422,226.9499969482422,226.9499969482422,942.0
2024-07-03 10:11:00,BIVI,0.4171999990940094,0.4171999990940094,0.4171999990940094,0.4108999967575073,0.4142000079154968,3548.0
2024-07-03 10:11:00,BLFS,20.252500534057617,20.252500534057617,20.252500534057617,20.190000534057617,20.190000534057617,1505.0
2024-07-03 10:11:00,BLUE,0.9253000020980835,0.9253000020980835,0.9262999892234802,0.9253000020980835,0.9262999892234802,1858.0
2024-07-03 10:11:00,BMRA,0.4480000138282776,0.4480000138282776,0.4481000006198883,0.4480000138282776,0.4481000006198883,1800.0
2024-07-03 10:11:00,BNGO,0.5503000020980835,0.5503000020980835,0.5503000020980835,0.5503000020980835,0.5503000020980835,26066.0
2024-07-03 10:11:00,BNTX,80.93000030517578,80.93000030517578,80.9800033569336,80.93000030517578,80.9800033569336,628.0
2024-07-03 10:11:00,BRKR,62.310001373291016,62.310001373291016,62.310001373291016,62.119998931884766,62.119998931884766,1873.0
2024-07-03 10:11:00,BTAI,1.0884000062942505,1.0884000062942505,1.0884000062942505,1.0850000381469727,1.0850000381469727,0.0
2024-07-03 10:11:00,CABA,7.699999809265137,7.699999809265137,7.699999809265137,7.699999809265137,7.699999809265137,139.0
2024-07-03 10:11:00,CASI,5.190000057220459,5.190000057220459,5.190000057220459,5.190000057220459,5.190000057220459,1088.0
2024-07-03 10:11:00,CCCC,4.710000038146973,4.710000038146973,4.71999979019165,4.710000038146973,4.71999979019165,3361.0
2024-07-03 10:11:00,CCRN,13.670000076293945,13.670000076293945,13.670000076293945,13.670000076293945,13.670000076293945,216.0
2024-07-03 10:11:00,CDMO,7.554999828338623,7.554999828338623,7.599999904632568,7.532700061798096,7.599999904632568,3934.0
2024-07-03 10:11:00,CDNA,15.25,15.25,15.25,15.229999542236328,15.229999542236328,2016.0
2024-07-03 10:11:00,CDXC,2.5799999237060547,2.5799999237060547,2.5799999237060547,2.579900026321411,2.579900026321411,1802.0
2024-07-03 10:11:00,CDXS,2.934999942779541,2.934999942779541,2.940000057220459,2.924999952316284,2.930000066757202,1889.0
2024-07-03 10:11:00,CELC,16.31999969482422,16.31999969482422,16.31999969482422,16.31999969482422,16.31999969482422,235.0
2024-07-03 10:11:00,CERE,41.29499816894531,41.29499816894531,41.29499816894531,41.29499816894531,41.29499816894531,387.0
2024-07-03 10:11:00,CERS,1.7200000286102295,1.7200000286102295,1.7200000286102295,1.715000033378601,1.7200000286102295,610.0
2024-07-03 10:11:00,CERT,13.84000015258789,13.84000015258789,13.84000015258789,13.84000015258789,13.84000015258789,172.0
2024-07-03 10:11:00,CGC,6.61959981918335,6.61959981918335,6.619900226593018,6.605000019073486,6.619900226593018,12145.0
2024-07-03 10:11:00,CGEM,16.700000762939453,16.700000762939453,16.700000762939453,16.645000457763672,16.645000457763672,520.0
2024-07-03 10:11:00,CGEN,1.6799999475479126,1.6799999475479126,1.6799999475479126,1.6799999475479126,1.6799999475479126,16.0
2024-07-03 10:11:00,CGTX,1.8300000429153442,1.8300000429153442,1.840000033378601,1.8300000429153442,1.840000033378601,4123.0
2024-07-03 10:11:00,CHRS,1.3949999809265137,1.3949999809265137,1.3949999809265137,1.3898999691009521,1.3898999691009521,8496.0
2024-07-03 10:11:00,CINGW,0.007400000002235174,0.007400000002235174,0.018300000578165054,0.007400000002235174,0.018300000578165054,0.0
2024-07-03 10:11:00,CKPT,2.2695000171661377,2.2695000171661377,2.2695000171661377,2.2695000171661377,2.2695000171661377,0.0
2024-07-03 10:11:00,CLDX,36.63999938964844,36.63999938964844,36.63999938964844,36.63999938964844,36.63999938964844,327.0
2024-07-03 10:11:00,CLOV,1.2640999555587769,1.2640999555587769,1.2649999856948853,1.2640000581741333,1.2649999856948853,1758.0
2024-07-03 10:11:00,CLRB,2.4200000762939453,2.4200000762939453,2.4200000762939453,2.4200000762939453,2.4200000762939453,211.0
2024-07-03 10:11:00,CNSP,2.23009991645813,2.23009991645813,2.299999952316284,2.2200000286102295,2.2999000549316406,140202.0
2024-07-03 10:11:00,COLL,32.15999984741211,32.15999984741211,32.15999984741211,32.15999984741211,32.15999984741211,105.0
2024-07-03 10:11:00,CORT,31.139999389648438,31.139999389648438,31.209999084472656,31.1200008392334,31.209999084472656,2350.0
2024-07-03 10:11:00,COSM,0.9700000286102295,0.9700000286102295,0.9799000024795532,0.9700000286102295,0.9700999855995178,2757.0
2024-07-03 10:11:00,CPRX,15.75,15.75,15.75,15.75,15.75,354.0
2024-07-03 10:11:00,CRBU,1.5850000381469727,1.5850000381469727,1.590000033378601,1.5850000381469727,1.5850000381469727,2982.0
2024-07-03 10:11:00,CRDF,2.1549999713897705,2.1549999713897705,2.159899950027466,2.1549999713897705,2.159899950027466,526.0
2024-07-03 10:11:00,CRDL,1.9450000524520874,1.9450000524520874,1.9450000524520874,1.9249999523162842,1.9249999523162842,11468.0
2024-07-03 10:11:00,CRMD,4.159999847412109,4.159999847412109,4.159999847412109,4.159999847412109,4.159999847412109,1431.0
2024-07-03 10:11:00,CRNX,44.16999816894531,44.16999816894531,44.209999084472656,44.150001525878906,44.209999084472656,4947.0
2024-07-03 10:11:00,CRON,2.325000047683716,2.325000047683716,2.325000047683716,2.319999933242798,2.325000047683716,3920.0
2024-07-03 10:11:00,CRSP,54.3650016784668,54.3650016784668,54.400001525878906,54.349998474121094,54.400001525878906,2682.0
2024-07-03 10:11:00,CTMX,1.3450000286102295,1.3450000286102295,1.3450000286102295,1.3351999521255493,1.340000033378601,4640.0
2024-07-03 10:11:00,CUE,1.0099999904632568,1.0099999904632568,1.0099999904632568,1.0099999904632568,1.0099999904632568,118.0
2024-07-03 10:11:00,CUTR,1.3600000143051147,1.3600000143051147,1.3700000047683716,1.3600000143051147,1.3700000047683716,2490.0
2024-07-03 10:11:00,CVAC,3.390000104904175,3.390000104904175,3.4100000858306885,3.390000104904175,3.4000000953674316,43961.0
2024-07-03 10:11:00,CVRX,11.899999618530273,11.899999618530273,11.90999984741211,11.899999618530273,11.90999984741211,11159.0
2024-07-03 10:11:00,CYTH,1.2145999670028687,1.2145999670028687,1.2145999670028687,1.2145999670028687,1.2145999670028687,707.0
2024-07-03 10:11:00,CYTO,1.159999966621399,1.159999966621399,1.1799999475479126,1.159999966621399,1.1799999475479126,807.0
2024-07-03 10:11:00,DAWN,13.470000267028809,13.470000267028809,13.489999771118164,13.470000267028809,13.489999771118164,1144.0
2024-07-03 10:11:00,DCGO,2.9200000762939453,2.9200000762939453,2.9200000762939453,2.9200000762939453,2.9200000762939453,2281.0
2024-07-03 10:11:00,DCTH,8.015000343322754,8.015000343322754,8.015000343322754,8.015000343322754,8.015000343322754,103.0
2024-07-03 10:11:00,DH,5.420000076293945,5.420000076293945,5.420000076293945,5.420000076293945,5.420000076293945,711.0
2024-07-03 10:11:00,DSGN,3.2200000286102295,3.2200000286102295,3.2200000286102295,3.2100000381469727,3.2100000381469727,365.0
2024-07-03 10:11:00,DVAX,11.15999984741211,11.15999984741211,11.15999984741211,11.15999984741211,11.15999984741211,1845.0
2024-07-03 10:11:00,DXCM,110.4000015258789,110.4000015258789,110.4800033569336,110.36000061035156,110.36000061035156,3393.0
2024-07-03 10:11:00,DYAI,1.590000033378601,1.590000033378601,1.590000033378601,1.5800000429153442,1.590000033378601,9179.0
2024-07-03 10:11:00,DYN,34.35499954223633,34.35499954223633,34.35499954223633,34.35499954223633,34.35499954223633,863.0
2024-07-03 10:11:00,EDIT,4.644999980926514,4.644999980926514,4.644999980926514,4.644999980926514,4.644999980926514,2110.0
2024-07-03 10:11:00,ELEV,2.7100000381469727,2.7100000381469727,2.740000009536743,2.7100000381469727,2.740000009536743,1820.0
2024-07-03 10:11:00,EMBC,11.890000343322754,11.890000343322754,11.890000343322754,11.890000343322754,11.890000343322754,152.0
2024-07-03 10:11:00,ENSG,126.7699966430664,126.7699966430664,126.7699966430664,126.48999786376953,126.48999786376953,4433.0
2024-07-03 10:11:00,EOLS,10.8100004196167,10.8100004196167,10.8100004196167,10.800000190734863,10.800000190734863,1229.0
2024-07-03 10:11:00,ERAS,2.25,2.25,2.25,2.25,2.25,210.0
2024-07-03 10:11:00,ESPR,2.369999885559082,2.369999885559082,2.369999885559082,2.365000009536743,2.3698999881744385,1294.0
2024-07-03 10:11:00,ESTA,43.39500045776367,43.39500045776367,43.41999816894531,43.36000061035156,43.40999984741211,2613.0
2024-07-03 10:11:00,ETNB,7.809999942779541,7.809999942779541,7.829999923706055,7.809999942779541,7.829999923706055,5130.0
2024-07-03 10:11:00,EXAS,43.369998931884766,43.369998931884766,43.5,43.310001373291016,43.5,3450.0
2024-07-03 10:11:00,EXEL,22.139999389648438,22.139999389648438,22.139999389648438,22.139999389648438,22.139999389648438,160.0
2024-07-03 10:11:00,EYEN,0.7569000124931335,0.7569000124931335,0.7569000124931335,0.7569000124931335,0.7569000124931335,410.0
2024-07-03 10:11:00,EYPT,8.380000114440918,8.380000114440918,8.390000343322754,8.329999923706055,8.380000114440918,900.0
2024-07-03 10:11:00,FATE,3.255000114440918,3.255000114440918,3.259999990463257,3.255000114440918,3.255000114440918,802.0
2024-07-03 10:11:00,FDMT,20.895000457763672,20.895000457763672,20.895000457763672,20.895000457763672,20.895000457763672,173.0
2024-07-03 10:11:00,FGEN,0.724399983882904,0.724399983882904,0.724399983882904,0.724399983882904,0.724399983882904,1020.0
2024-07-03 10:11:00,FHTX,5.5,5.5,5.5,5.389999866485596,5.389999866485596,320.0
2024-07-03 10:11:00,FOLD,9.925000190734863,9.925000190734863,9.930000305175781,9.920000076293945,9.920000076293945,766.0
2024-07-03 10:11:00,FULC,6.070000171661377,6.070000171661377,6.070000171661377,6.059999942779541,6.059999942779541,1643.0
2024-07-03 10:11:00,GALT,2.180000066757202,2.180000066757202,2.180000066757202,2.180000066757202,2.180000066757202,401.0
2024-07-03 10:11:00,GANX,1.1799999475479126,1.1799999475479126,1.1799999475479126,1.1799999475479126,1.1799999475479126,200.0
2024-07-03 10:11:00,GDRX,7.784999847412109,7.784999847412109,7.784999847412109,7.784999847412109,7.784999847412109,145.0
2024-07-03 10:11:00,GERN,4.320000171661377,4.320000171661377,4.320000171661377,4.315000057220459,4.317399978637695,4181.0
2024-07-03 10:11:00,GILD,67.25,67.25,67.25,67.20999908447266,67.22000122070312,6398.0
2024-07-03 10:11:00,GLYC,0.265500009059906,0.265500009059906,0.265500009059906,0.265500009059906,0.265500009059906,1849.0
2024-07-03 10:11:00,GMAB,25.18000030517578,25.18000030517578,25.18000030517578,25.18000030517578,25.18000030517578,706.0
2024-07-03 10:11:00,GOSS,0.942300021648407,0.942300021648407,0.9437000155448914,0.9301000237464905,0.9301000237464905,95587.0
2024-07-03 10:11:00,GOVX,3.140000104904175,3.140000104904175,3.140000104904175,3.115000009536743,3.115000009536743,1005.0
2024-07-03 10:11:00,GRFS,6.619999885559082,6.619999885559082,6.625,6.619999885559082,6.619999885559082,2906.0
2024-07-03 10:11:00,GRTS,0.5645999908447266,0.5645999908447266,0.5645999908447266,0.5644999742507935,0.5644999742507935,1922.0
2024-07-03 10:11:00,HALO,51.52000045776367,51.52000045776367,51.52000045776367,51.5099983215332,51.5099983215332,2104.0
2024-07-03 10:11:00,HITI,2.1050000190734863,2.1050000190734863,2.109999895095825,2.1050000190734863,2.109999895095825,18389.0
2024-07-03 10:11:00,HOLX,73.1050033569336,73.1050033569336,73.1050033569336,73.1050033569336,73.1050033569336,1603.0
2024-07-03 10:11:00,HOOK,0.5792999863624573,0.5792999863624573,0.5792999863624573,0.5792999863624573,0.5792999863624573,15004.0
2024-07-03 10:11:00,HOWL,2.1600000858306885,2.1600000858306885,2.1600000858306885,2.119999885559082,2.119999885559082,585.0
2024-07-03 10:11:00,HQY,83.76000213623047,83.76000213623047,83.76000213623047,83.76000213623047,83.76000213623047,954.0
2024-07-03 10:11:00,HRMY,30.2450008392334,30.2450008392334,30.2450008392334,30.2450008392334,30.2450008392334,318.0
2024-07-03 10:11:00,HRTX,2.865000009536743,2.865000009536743,2.865499973297119,2.859999895095825,2.8613998889923096,1284.0
2024-07-03 10:11:00,HSDT,0.9520000219345093,0.9520000219345093,0.9520000219345093,0.9520000219345093,0.9520000219345093,1150.0
2024-07-03 10:11:00,HSIC,65.02999877929688,65.02999877929688,65.06999969482422,65.02999877929688,65.02999877929688,2619.0
2024-07-03 10:11:00,HUGE,0.14990000426769257,0.14990000426769257,0.14990000426769257,0.14990000426769257,0.14990000426769257,223.0
2024-07-03 10:11:00,HUMA,5.6417999267578125,5.6417999267578125,5.6417999267578125,5.600500106811523,5.602499961853027,9200.0
2024-07-03 10:11:00,ICLR,318.489990234375,318.489990234375,318.489990234375,318.489990234375,318.489990234375,389.0
2024-07-03 10:11:00,IDXX,474.69000244140625,474.69000244140625,474.69000244140625,474.69000244140625,474.69000244140625,197.0
2024-07-03 10:11:00,IDYA,33.540000915527344,33.540000915527344,33.540000915527344,33.540000915527344,33.540000915527344,224.0
2024-07-03 10:11:00,IKNA,1.6399999856948853,1.6399999856948853,1.6399999856948853,1.6399999856948853,1.6399999856948853,111.0
2024-07-03 10:11:00,ILMN,106.4000015258789,106.4000015258789,106.51000213623047,106.3949966430664,106.44999694824219,7753.0
2024-07-03 10:11:00,IMAB,1.5793999433517456,1.5793999433517456,1.5793999433517456,1.5793999433517456,1.5793999433517456,253.0
2024-07-03 10:11:00,IMCR,35.2400016784668,35.2400016784668,35.2400016784668,35.20000076293945,35.20000076293945,679.0
2024-07-03 10:11:00,IMMP,1.9199999570846558,1.9199999570846558,1.9199999570846558,1.909999966621399,1.909999966621399,301.0
2024-07-03 10:11:00,IMMX,2.259000062942505,2.259000062942505,2.259999990463257,2.259000062942505,2.259999990463257,2042.0
2024-07-03 10:11:00,IMNM,11.9399995803833,11.9399995803833,11.949999809265137,11.9399995803833,11.9399995803833,1660.0
2024-07-03 10:11:00,IMRX,1.1549999713897705,1.1549999713897705,1.1549999713897705,1.1549999713897705,1.1549999713897705,355.0
2024-07-03 10:11:00,IMUX,1.1200000047683716,1.1200000047683716,1.1200000047683716,1.1200000047683716,1.1200000047683716,400.0
2024-07-03 10:11:00,IMVT,26.895000457763672,26.895000457763672,26.895000457763672,26.829999923706055,26.829999923706055,1410.0
2024-07-03 10:11:00,INCR,2.0799999237060547,2.0799999237060547,2.0799999237060547,2.075000047683716,2.0799999237060547,900.0
2024-07-03 10:11:00,INCY,58.459999084472656,58.459999084472656,58.470001220703125,58.43000030517578,58.43000030517578,3686.0
2024-07-03 10:11:00,INMB,8.010000228881836,8.010000228881836,8.039999961853027,8.010000228881836,8.039999961853027,402.0
2024-07-03 10:11:00,INMD,17.709999084472656,17.709999084472656,17.729999542236328,17.700000762939453,17.729999542236328,17314.0
2024-07-03 10:11:00,INO,8.4399995803833,8.4399995803833,8.479999542236328,8.4399995803833,8.479999542236328,2637.0
2024-07-03 10:11:00,INSM,63.98500061035156,63.98500061035156,64.02999877929688,63.959999084472656,63.970001220703125,7005.0
2024-07-03 10:11:00,INVO,0.75,0.75,0.75,0.75,0.75,730.0
2024-07-03 10:11:00,INZY,4.480000019073486,4.480000019073486,4.480000019073486,4.480000019073486,4.480000019073486,24.0
2024-07-03 10:11:00,IONS,44.98500061035156,44.98500061035156,45.040000915527344,44.92499923706055,44.93000030517578,3034.0
2024-07-03 10:11:00,IOVA,7.755000114440918,7.755000114440918,7.769999980926514,7.75,7.755000114440918,13797.0
2024-07-03 10:11:00,IPSC,2.25,2.25,2.25,2.25,2.25,135.0
2024-07-03 10:11:00,IRTC,94.27999877929688,94.27999877929688,94.44000244140625,94.27999877929688,94.44000244140625,5051.0
2024-07-03 10:11:00,IRWD,6.224999904632568,6.224999904632568,6.224999904632568,6.224999904632568,6.224999904632568,930.0
2024-07-03 10:11:00,ISRG,434.2099914550781,434.2099914550781,434.239990234375,434.17498779296875,434.239990234375,2797.0
2024-07-03 10:11:00,ITOS,14.850000381469727,14.850000381469727,14.850000381469727,14.84000015258789,14.84000015258789,1692.0
2024-07-03 10:11:00,IVVD,1.1150000095367432,1.1150000095367432,1.1150000095367432,1.1150000095367432,1.1150000095367432,340.0
2024-07-03 10:11:00,JANX,38.73500061035156,38.73500061035156,38.75,38.720001220703125,38.720001220703125,747.0
2024-07-03 10:11:00,JAZZ,105.12000274658203,105.12000274658203,105.26000213623047,105.12000274658203,105.26000213623047,1008.0
2024-07-03 10:11:00,KALA,6.78000020980835,6.78000020980835,6.78000020980835,6.78000020980835,6.78000020980835,100.0
2024-07-03 10:11:00,KNSA,18.84000015258789,18.84000015258789,18.84000015258789,18.84000015258789,18.84000015258789,257.0
2024-07-03 10:11:00,KPTI,0.8396999835968018,0.8396999835968018,0.8396999835968018,0.8396999835968018,0.8396999835968018,2632.0
2024-07-03 10:11:00,KRMD,2.2799999713897705,2.2799999713897705,2.305000066757202,2.2799999713897705,2.2799999713897705,957.0
2024-07-03 10:11:00,KRON,1.1699999570846558,1.1699999570846558,1.1699999570846558,1.1699999570846558,1.1699999570846558,1026.0
2024-07-03 10:11:00,KROS,42.77000045776367,42.77000045776367,42.77000045776367,42.7400016784668,42.7400016784668,372.0
2024-07-03 10:11:00,KTRA,0.273499995470047,0.273499995470047,0.2784999907016754,0.273499995470047,0.2757999897003174,36328.0
2024-07-03 10:11:00,KURA,20.559999465942383,20.559999465942383,20.559999465942383,20.475000381469727,20.5,1705.0
2024-07-03 10:11:00,LBPH,31.594999313354492,31.594999313354492,31.594999313354492,31.594999313354492,31.594999313354492,1808.0
2024-07-03 10:11:00,LEGN,44.79999923706055,44.79999923706055,44.79999923706055,44.529998779296875,44.529998779296875,2467.0
2024-07-03 10:11:00,LFMD,6.769999980926514,6.769999980926514,6.789999961853027,6.769999980926514,6.78000020980835,2823.0
2024-07-03 10:11:00,LFMDP,23.77429962158203,23.77429962158203,23.77429962158203,23.77429962158203,23.77429962158203,800.0
2024-07-03 10:11:00,LIVN,52.81999969482422,52.81999969482422,52.900001525878906,52.7599983215332,52.86000061035156,8170.0
2024-07-03 10:11:00,LNTH,78.93000030517578,78.93000030517578,78.93000030517578,78.88249969482422,78.93000030517578,990.0
2024-07-03 10:11:00,LOGC,5.710000038146973,5.710000038146973,5.710000038146973,5.670000076293945,5.670000076293945,1445.0
2024-07-03 10:11:00,LPTX,1.7400000095367432,1.7400000095367432,1.7400000095367432,1.725000023841858,1.725000023841858,1196.0
2024-07-03 10:11:00,LQDA,11.994999885559082,11.994999885559082,11.994999885559082,11.994999885559082,11.994999885559082,124.0
2024-07-03 10:11:00,LRMR,7.75,7.75,7.75,7.75,7.75,157.0
2024-07-03 10:11:00,LUCY,0.4788999855518341,0.4788999855518341,0.4790000021457672,0.47690001130104065,0.47780001163482666,7641.0
2024-07-03 10:11:00,LUNG,6.255000114440918,6.255000114440918,6.260000228881836,6.210000038146973,6.210000038146973,2619.0
2024-07-03 10:11:00,LVTX,1.8874000310897827,1.8874000310897827,1.8874000310897827,1.8874000310897827,1.8874000310897827,5303.0
2024-07-03 10:11:00,LXRX,1.6050000190734863,1.6050000190734863,1.6050000190734863,1.6050000190734863,1.6050000190734863,2054.0
2024-07-03 10:11:00,LYEL,1.465000033378601,1.465000033378601,1.465000033378601,1.4594999551773071,1.4594999551773071,4658.0
2024-07-03 10:11:00,MASI,113.08999633789062,113.08999633789062,113.08999633789062,113.08999633789062,113.08999633789062,618.0
2024-07-03 10:11:00,MASS,4.75,4.75,4.75,4.75,4.75,202.0
2024-07-03 10:11:00,MBIO,0.5299999713897705,0.5299999713897705,0.5299999713897705,0.526199996471405,0.526199996471405,2361.0
2024-07-03 10:11:00,MBOT,1.0800000429153442,1.0800000429153442,1.0800000429153442,1.0800000429153442,1.0800000429153442,471.0
2024-07-03 10:11:00,MCRB,0.7142000198364258,0.7142000198364258,0.7142000198364258,0.7081000208854675,0.7081000208854675,6328.0
2024-07-03 10:11:00,ME,0.40220001339912415,0.40220001339912415,0.40369999408721924,0.40220001339912415,0.40369999408721924,3267.0
2024-07-03 10:11:00,MESO,6.684500217437744,6.684500217437744,6.684500217437744,6.684500217437744,6.684500217437744,612.0
2024-07-03 10:11:00,MGNX,4.2600998878479,4.2600998878479,4.269999980926514,4.2600998878479,4.269999980926514,2437.0
2024-07-03 10:11:00,MIRM,34.38999938964844,34.38999938964844,34.45000076293945,34.31999969482422,34.45000076293945,4046.0
2024-07-03 10:11:00,MIST,1.3100999593734741,1.3100999593734741,1.3102999925613403,1.3100999593734741,1.3100999593734741,2578.0
2024-07-03 10:11:00,MLTX,40.7400016784668,40.7400016784668,40.7400016784668,40.7400016784668,40.7400016784668,102.0
2024-07-03 10:11:00,MMSI,85.98500061035156,85.98500061035156,85.98500061035156,85.98500061035156,85.98500061035156,435.0
2024-07-03 10:11:00,MNKD,5.199900150299072,5.199900150299072,5.199900150299072,5.179999828338623,5.179999828338623,10787.0
2024-07-03 10:11:00,MODV,26.774999618530273,26.774999618530273,26.774999618530273,26.774999618530273,26.774999618530273,509.0
2024-07-03 10:11:00,MORF,31.739999771118164,31.739999771118164,31.809999465942383,31.739999771118164,31.809999465942383,997.0
2024-07-03 10:11:00,MREO,3.4749999046325684,3.4749999046325684,3.4749999046325684,3.4749999046325684,3.4749999046325684,415.0
2024-07-03 10:11:00,MRNA,117.7300033569336,117.7300033569336,118.0,117.7300033569336,117.83999633789062,6610.0
2024-07-03 10:11:00,MRSN,1.8849999904632568,1.8849999904632568,1.8849999904632568,1.8849999904632568,1.8849999904632568,966.0
2024-07-03 10:11:00,MRUS,53.369998931884766,53.369998931884766,53.45000076293945,53.18000030517578,53.45000076293945,7888.0
2024-07-03 10:11:00,MRVI,6.820000171661377,6.820000171661377,6.820000171661377,6.820000171661377,6.820000171661377,339.0
2024-07-03 10:11:00,MXCT,3.7049999237060547,3.7049999237060547,3.7049999237060547,3.7049999237060547,3.7049999237060547,491.0
2024-07-03 10:11:00,MYGN,25.479999542236328,25.479999542236328,25.5,25.459999084472656,25.459999084472656,7700.0
2024-07-03 10:11:00,NDRA,0.08479999750852585,0.08479999750852585,0.08479999750852585,0.08479999750852585,0.08479999750852585,0.0
2024-07-03 10:11:00,NEO,13.699999809265137,13.699999809265137,13.699999809265137,13.680000305175781,13.680000305175781,2992.0
2024-07-03 10:11:00,NEOG,15.154999732971191,15.154999732971191,15.15999984741211,15.154999732971191,15.15999984741211,380.0
2024-07-03 10:11:00,NKTR,1.2100000381469727,1.2100000381469727,1.215000033378601,1.1950000524520874,1.2000000476837158,17780.0
2024-07-03 10:11:00,NNOX,7.099999904632568,7.099999904632568,7.099999904632568,7.093699932098389,7.093699932098389,1252.0
2024-07-03 10:11:00,NRIX,19.280000686645508,19.280000686645508,19.389999389648438,19.280000686645508,19.389999389648438,4901.0
2024-07-03 10:11:00,NRXP,2.5999999046325684,2.5999999046325684,2.5999999046325684,2.5999999046325684,2.5999999046325684,581.0
2024-07-03 10:11:00,NTLA,22.469999313354492,22.469999313354492,22.510000228881836,22.469999313354492,22.479999542236328,2909.0
2024-07-03 10:11:00,NTRA,112.06999969482422,112.06999969482422,112.07499694824219,112.0,112.0,463.0
2024-07-03 10:11:00,NUVL,72.29000091552734,72.29000091552734,72.29000091552734,72.29000091552734,72.29000091552734,250.0
2024-07-03 10:11:00,NVAX,13.050100326538086,13.050100326538086,13.100000381469727,13.050100326538086,13.09000015258789,10337.0
2024-07-03 10:11:00,NVCR,17.010000228881836,17.010000228881836,17.059999465942383,17.010000228881836,17.059999465942383,2840.0
2024-07-03 10:11:00,OCGN,1.6649999618530273,1.6649999618530273,1.6649999618530273,1.6649999618530273,1.6649999618530273,3621.0
2024-07-03 10:11:00,OFIX,13.3100004196167,13.3100004196167,13.319999694824219,13.3100004196167,13.3100004196167,2224.0
2024-07-03 10:11:00,OGI,1.5750000476837158,1.5750000476837158,1.5800000429153442,1.5700000524520874,1.5700000524520874,2662.0
2024-07-03 10:11:00,OLK,25.790000915527344,25.790000915527344,25.790000915527344,25.790000915527344,25.790000915527344,606.0
2024-07-03 10:11:00,OLMA,10.579999923706055,10.579999923706055,10.579999923706055,10.5600004196167,10.5600004196167,789.0
2024-07-03 10:11:00,OMCL,26.104999542236328,26.104999542236328,26.18000030517578,26.104999542236328,26.18000030517578,653.0
2024-07-03 10:11:00,OMGA,2.0250000953674316,2.0250000953674316,2.0250000953674316,2.0250000953674316,2.0250000953674316,864.0
2024-07-03 10:12:00,ABCL,2.779099941253662,2.779099941253662,2.779099941253662,2.779099941253662,2.779099941253662,262.0
2024-07-03 10:12:00,ABSI,3.190000057220459,3.190000057220459,3.200000047683716,3.1798999309539795,3.180000066757202,21314.0
2024-07-03 10:12:00,ABUS,3.184999942779541,3.184999942779541,3.190000057220459,3.184999942779541,3.184999942779541,908.0
2024-07-03 10:12:00,ACAD,15.770000457763672,15.770000457763672,15.770000457763672,15.770000457763672,15.770000457763672,1893.0
2024-07-03 10:12:00,ACB,4.809999942779541,4.809999942779541,4.809999942779541,4.804999828338623,4.804999828338623,2389.0
2024-07-03 10:12:00,ACCD,3.549999952316284,3.549999952316284,3.549999952316284,3.5450000762939453,3.549999952316284,2302.0
2024-07-03 10:12:00,ACET,1.0499999523162842,1.0499999523162842,1.059999942779541,1.0499999523162842,1.0500999689102173,10928.0
2024-07-03 10:12:00,ACHC,66.05999755859375,66.05999755859375,66.05999755859375,66.05999755859375,66.05999755859375,830.0
2024-07-03 10:12:00,ACHV,4.550000190734863,4.550000190734863,4.550000190734863,4.545000076293945,4.545000076293945,1739.0
2024-07-03 10:12:00,ACLX,54.279998779296875,54.279998779296875,54.279998779296875,54.27989959716797,54.27989959716797,1082.0
2024-07-03 10:12:00,ADAP,1.0199999809265137,1.0199999809265137,1.0199999809265137,1.0149999856948853,1.0199999809265137,1265.0
2024-07-03 10:12:00,ADMA,11.3774995803833,11.3774995803833,11.379899978637695,11.3774995803833,11.379899978637695,879.0
2024-07-03 10:12:00,ADPT,3.359999895095825,3.359999895095825,3.359999895095825,3.359999895095825,3.359999895095825,244.0
2024-07-03 10:12:00,AHCO,9.664999961853027,9.664999961853027,9.664999961853027,9.65999984741211,9.65999984741211,264.0
2024-07-03 10:12:00,AIMD,0.7901999950408936,0.7901999950408936,0.7901999950408936,0.7901999950408936,0.7901999950408936,708.0
2024-07-03 10:12:00,AKAN,2.240000009536743,2.240000009536743,2.259999990463257,2.240000009536743,2.259999990463257,908.0
2024-07-03 10:12:00,AKBA,0.9444000124931335,0.9444000124931335,0.9458000063896179,0.9417999982833862,0.9437000155448914,30229.0
2024-07-03 10:12:00,AKRO,22.190000534057617,22.190000534057617,22.190000534057617,22.149999618530273,22.149999618530273,1363.0
2024-07-03 10:12:00,ALGN,237.82000732421875,237.82000732421875,237.82000732421875,237.82000732421875,237.82000732421875,549.0
2024-07-03 10:12:00,ALHC,7.989999771118164,7.989999771118164,7.989999771118164,7.989999771118164,7.989999771118164,1316.0
2024-07-03 10:12:00,ALKS,24.40999984741211,24.40999984741211,24.40999984741211,24.40999984741211,24.40999984741211,116.0
2024-07-03 10:12:00,ALLK,0.8519999980926514,0.8519999980926514,0.8519999980926514,0.8519999980926514,0.8519999980926514,300.0
2024-07-03 10:12:00,ALLO,2.130000114440918,2.130000114440918,2.130000114440918,2.130000114440918,2.130000114440918,1736.0
2024-07-03 10:12:00,ALT,6.809999942779541,6.809999942779541,6.809999942779541,6.789999961853027,6.789999961853027,7381.0
2024-07-03 10:12:00,ALXO,5.960000038146973,5.960000038146973,5.960000038146973,5.960000038146973,5.960000038146973,1398.0
2024-07-03 10:12:00,AMED,96.62999725341797,96.62999725341797,96.62999725341797,96.61499786376953,96.62989807128906,4479.0
2024-07-03 10:12:00,AMGN,311.5150146484375,311.5150146484375,311.59991455078125,311.4150085449219,311.4150085449219,1273.0
2024-07-03 10:12:00,AMLX,1.7599999904632568,1.7599999904632568,1.7599999904632568,1.7549999952316284,1.7599999904632568,901.0
2024-07-03 10:12:00,AMRN,0.7099000215530396,0.7099000215530396,0.7099000215530396,0.7060999870300293,0.7098000049591064,3038.0
2024-07-03 10:12:00,ANAB,25.1299991607666,25.1299991607666,25.1299991607666,25.1299991607666,25.1299991607666,845.0
2024-07-03 10:12:00,ANNX,4.760000228881836,4.760000228881836,4.760000228881836,4.75,4.75,2136.0
2024-07-03 10:12:00,ANTX,2.5299999713897705,2.5299999713897705,2.559999942779541,2.5299999713897705,2.559999942779541,12535.0
2024-07-03 10:12:00,APLS,36.2400016784668,36.2400016784668,36.2599983215332,36.20000076293945,36.20000076293945,432.0
2024-07-03 10:12:00,APLT,4.400000095367432,4.400000095367432,4.400000095367432,4.400000095367432,4.400000095367432,240.0
2024-07-03 10:12:00,ARCT,21.584999084472656,21.584999084472656,21.584999084472656,21.459999084472656,21.514999389648438,1623.0
2024-07-03 10:12:00,ARDX,5.184999942779541,5.184999942779541,5.190000057220459,5.179999828338623,5.179999828338623,15333.0
2024-07-03 10:12:00,ARQT,9.5,9.5,9.524999618530273,9.5,9.524999618530273,9175.0
2024-07-03 10:12:00,ARTL,1.346500039100647,1.346500039100647,1.348099946975708,1.346500039100647,1.348099946975708,421.0
2024-07-03 10:12:00,ARVN,25.0,25.0,25.040000915527344,25.0,25.040000915527344,1140.0
2024-07-03 10:12:00,ARWR,25.600000381469727,25.600000381469727,25.600000381469727,25.59000015258789,25.59000015258789,903.0
2024-07-03 10:12:00,ASRT,1.2899999618530273,1.2899999618530273,1.2899999618530273,1.284999966621399,1.284999966621399,2525.0
2024-07-03 10:12:00,ATAI,1.309999942779541,1.309999942779541,1.309999942779541,1.309999942779541,1.309999942779541,200.0
2024-07-03 10:12:00,ATEC,9.975000381469727,9.975000381469727,9.975000381469727,9.96500015258789,9.96500015258789,434.0
2024-07-03 10:12:00,ATOS,1.149999976158142,1.149999976158142,1.149999976158142,1.1399999856948853,1.1399999856948853,11600.0
2024-07-03 10:12:00,ATRA,7.670000076293945,7.670000076293945,7.670000076293945,7.670000076293945,7.670000076293945,200.0
2024-07-03 10:12:00,AUGX,1.0099999904632568,1.0099999904632568,1.0099999904632568,1.0099999904632568,1.0099999904632568,10354.0
2024-07-03 10:12:00,AUPH,5.494999885559082,5.494999885559082,5.5,5.494999885559082,5.5,3739.0
2024-07-03 10:12:00,AURA,7.139999866485596,7.139999866485596,7.150000095367432,7.139999866485596,7.139999866485596,674.0
2024-07-03 10:12:00,AUTL,3.450000047683716,3.450000047683716,3.450000047683716,3.440000057220459,3.440000057220459,3781.0
2024-07-03 10:12:00,AVDL,14.220000267028809,14.220000267028809,14.220000267028809,14.220000267028809,14.220000267028809,1200.0
2024-07-03 10:12:00,AXNX,67.37999725341797,67.37999725341797,67.37999725341797,67.37999725341797,67.37999725341797,101.0
2024-07-03 10:12:00,AZN,76.81500244140625,76.81500244140625,76.81500244140625,76.75499725341797,76.75499725341797,11160.0
2024-07-03 10:12:00,BBIO,25.18000030517578,25.18000030517578,25.18000030517578,25.15999984741211,25.15999984741211,2585.0
2024-07-03 10:12:00,BCAB,1.309999942779541,1.309999942779541,1.309999942779541,1.309999942779541,1.309999942779541,340.0
2024-07-03 10:12:00,BCRX,6.650000095367432,6.650000095367432,6.650000095367432,6.650000095367432,6.650000095367432,3071.0
2024-07-03 10:12:00,BCTX,1.024999976158142,1.024999976158142,1.024999976158142,1.024999976158142,1.024999976158142,600.0
2024-07-03 10:12:00,BCYC,19.649999618530273,19.649999618530273,19.649999618530273,19.649999618530273,19.649999618530273,286.0
2024-07-03 10:12:00,BEAM,23.34000015258789,23.34000015258789,23.34000015258789,23.329999923706055,23.329999923706055,1739.0
2024-07-03 10:12:00,BEAT,2.7300000190734863,2.7300000190734863,2.7300000190734863,2.7300000190734863,2.7300000190734863,105.0
2024-07-03 10:12:00,BFRI,0.8500000238418579,0.8500000238418579,0.8500000238418579,0.8500000238418579,0.8500000238418579,6216.0
2024-07-03 10:12:00,BGXX,0.27489998936653137,0.27489998936653137,0.27489998936653137,0.27489998936653137,0.27489998936653137,105.0
2024-07-03 10:12:00,BIOR,0.6230999827384949,0.6230999827384949,0.6230999827384949,0.6230999827384949,0.6230999827384949,386.0
2024-07-03 10:12:00,BLUE,0.927299976348877,0.927299976348877,0.927299976348877,0.9251999855041504,0.9272000193595886,8775.0
2024-07-03 10:12:00,BMEA,4.485000133514404,4.485000133514404,4.485000133514404,4.485000133514404,4.485000133514404,444.0
2024-07-03 10:12:00,BMRA,0.4449999928474426,0.4449999928474426,0.44850000739097595,0.4449999928474426,0.44850000739097595,1641.0
2024-07-03 10:12:00,BMRN,81.70999908447266,81.70999908447266,81.70999908447266,81.69000244140625,81.69000244140625,1700.0
2024-07-03 10:12:00,BNGO,0.5504000186920166,0.5504000186920166,0.5504000186920166,0.5501999855041504,0.5503000020980835,9768.0
2024-07-03 10:12:00,BNTX,80.82499694824219,80.82499694824219,81.0,80.80000305175781,81.0,4700.0
2024-07-03 10:12:00,BPMC,111.0,111.0,111.0,111.0,111.0,1088.0
2024-07-03 10:12:00,BRKR,62.27000045776367,62.27000045776367,62.28499984741211,62.20000076293945,62.28499984741211,1079.0
2024-07-03 10:12:00,BTAI,1.0850000381469727,1.0850000381469727,1.090000033378601,1.0850000381469727,1.090000033378601,9887.0
2024-07-03 10:12:00,BVS,6.079999923706055,6.079999923706055,6.079999923706055,6.079999923706055,6.079999923706055,101.0
2024-07-03 10:12:00,CABA,7.695000171661377,7.695000171661377,7.710000038146973,7.684999942779541,7.699999809265137,2991.0
2024-07-03 10:12:00,CCCC,4.690000057220459,4.690000057220459,4.710000038146973,4.690000057220459,4.710000038146973,2210.0
2024-07-03 10:12:00,CDMO,7.599999904632568,7.599999904632568,7.599999904632568,7.554999828338623,7.554999828338623,587.0
2024-07-03 10:12:00,CDXS,2.930000066757202,2.930000066757202,2.930000066757202,2.930000066757202,2.930000066757202,200.0
2024-07-03 10:12:00,CELC,16.34000015258789,16.34000015258789,16.34000015258789,16.34000015258789,16.34000015258789,318.0
2024-07-03 10:12:00,CERE,41.290000915527344,41.290000915527344,41.30500030517578,41.290000915527344,41.30500030517578,19702.0
2024-07-03 10:12:00,CERS,1.7100000381469727,1.7100000381469727,1.715000033378601,1.7100000381469727,1.715000033378601,7305.0
2024-07-03 10:12:00,CERT,13.829999923706055,13.829999923706055,13.850000381469727,13.829999923706055,13.84000015258789,829.0
2024-07-03 10:12:00,CGC,6.619999885559082,6.619999885559082,6.619999885559082,6.605000019073486,6.614999771118164,5017.0
2024-07-03 10:12:00,CGEM,16.700000762939453,16.700000762939453,16.700000762939453,16.649999618530273,16.649999618530273,177.0
2024-07-03 10:12:00,CHRS,1.3949999809265137,1.3949999809265137,1.399999976158142,1.3949999809265137,1.3949999809265137,5333.0
2024-07-03 10:12:00,CING,0.3043000102043152,0.3043000102043152,0.3043999969959259,0.3043000102043152,0.3043999969959259,0.0
2024-07-03 10:12:00,CKPT,2.2699999809265137,2.2699999809265137,2.2699999809265137,2.248699903488159,2.248699903488159,3112.0
2024-07-03 10:12:00,CLDX,36.665000915527344,36.665000915527344,36.72999954223633,36.665000915527344,36.72999954223633,323.0
2024-07-03 10:12:00,CLLS,1.9900000095367432,1.9900000095367432,1.9900000095367432,1.9636000394821167,1.9636000394821167,1143.0
2024-07-03 10:12:00,CLNN,0.33250001072883606,0.33250001072883606,0.33250001072883606,0.33250001072883606,0.33250001072883606,700.0
2024-07-03 10:12:00,CLOV,1.2599999904632568,1.2599999904632568,1.2699999809265137,1.2599999904632568,1.2599999904632568,14528.0
2024-07-03 10:12:00,CLPT,5.264999866485596,5.264999866485596,5.269999980926514,5.264999866485596,5.269999980926514,216.0
2024-07-03 10:12:00,CLRB,2.4200000762939453,2.4200000762939453,2.4200000762939453,2.4200000762939453,2.4200000762939453,1866.0
2024-07-03 10:12:00,CMAX,2.190000057220459,2.190000057220459,2.190000057220459,2.190000057220459,2.190000057220459,202.0
2024-07-03 10:12:00,CMPX,0.8726000189781189,0.8726000189781189,0.8726000189781189,0.8726000189781189,0.8726000189781189,803.0
2024-07-03 10:12:00,CNSP,2.089200019836426,2.089200019836426,2.25,2.0799999237060547,2.25,582526.0
2024-07-03 10:12:00,CNTX,1.820099949836731,1.820099949836731,1.820099949836731,1.820099949836731,1.820099949836731,816.0
2024-07-03 10:12:00,COGT,8.289999961853027,8.289999961853027,8.289999961853027,8.289999961853027,8.289999961853027,672.0
2024-07-03 10:12:00,CORT,31.1299991607666,31.1299991607666,31.1299991607666,31.1299991607666,31.1299991607666,780.0
2024-07-03 10:12:00,COSM,0.9768000245094299,0.9768000245094299,0.9768000245094299,0.9768000245094299,0.9768000245094299,730.0
2024-07-03 10:12:00,CPRX,15.755000114440918,15.755000114440918,15.76990032196045,15.755000114440918,15.76990032196045,528.0
2024-07-03 10:12:00,CRBU,1.5950000286102295,1.5950000286102295,1.600000023841858,1.590000033378601,1.590000033378601,2656.0
2024-07-03 10:12:00,CRDF,2.1600000858306885,2.1600000858306885,2.1600000858306885,2.1600000858306885,2.1600000858306885,200.0
2024-07-03 10:12:00,CRDL,1.9450000524520874,1.9450000524520874,1.9450000524520874,1.9450000524520874,1.9450000524520874,700.0
2024-07-03 10:12:00,CRON,2.3299999237060547,2.3299999237060547,2.3299999237060547,2.325000047683716,2.325000047683716,1202.0
2024-07-03 10:12:00,CRSP,54.340999603271484,54.340999603271484,54.340999603271484,54.2765998840332,54.31999969482422,1800.0
2024-07-03 10:12:00,CTKB,5.75,5.75,5.75,5.75,5.75,445.0
2024-07-03 10:12:00,CTSO,0.843999981880188,0.843999981880188,0.843999981880188,0.8429999947547913,0.8429999947547913,300.0
2024-07-03 10:12:00,CUE,1.0180000066757202,1.0180000066757202,1.0180000066757202,1.0180000066757202,1.0180000066757202,300.0
2024-07-03 10:12:00,CUTR,1.3650000095367432,1.3650000095367432,1.3650000095367432,1.3650000095367432,1.3650000095367432,266.0
2024-07-03 10:12:00,CVAC,3.4149999618530273,3.4149999618530273,3.4149999618530273,3.3726000785827637,3.38919997215271,25319.0
2024-07-03 10:12:00,DARE,3.380000114440918,3.380000114440918,3.380000114440918,3.380000114440918,3.380000114440918,857.0
2024-07-03 10:12:00,DAWN,13.475000381469727,13.475000381469727,13.475000381469727,13.475000381469727,13.475000381469727,65.0
2024-07-03 10:12:00,DCGO,2.9200000762939453,2.9200000762939453,2.9200000762939453,2.9100000858306885,2.9100000858306885,1343.0
2024-07-03 10:12:00,DCTH,8.020000457763672,8.020000457763672,8.020000457763672,8.020000457763672,8.020000457763672,300.0
2024-07-03 10:12:00,DH,5.414999961853027,5.414999961853027,5.414999961853027,5.414999961853027,5.414999961853027,308.0
2024-07-03 10:12:00,DNLI,22.0,22.0,22.020000457763672,22.0,22.0,1013.0
2024-07-03 10:12:00,DSGN,3.2200000286102295,3.2200000286102295,3.2200000286102295,3.2200000286102295,3.2200000286102295,606.0
2024-07-03 10:12:00,DVAX,11.15999984741211,11.15999984741211,11.15999984741211,11.15999984741211,11.15999984741211,107.0
2024-07-03 10:12:00,DXCM,110.41000366210938,110.41000366210938,110.45999908447266,110.40499877929688,110.45999908447266,912.0
2024-07-03 10:12:00,EDIT,4.650000095367432,4.650000095367432,4.650000095367432,4.644999980926514,4.650000095367432,1550.0
2024-07-03 10:12:00,EGRX,5.244999885559082,5.244999885559082,5.244999885559082,5.244999885559082,5.244999885559082,202.0
2024-07-03 10:12:00,ELDN,2.4749999046325684,2.4749999046325684,2.4749999046325684,2.4749999046325684,2.4749999046325684,105.0
2024-07-03 10:12:00,ENLV,1.2899999618530273,1.2899999618530273,1.2899999618530273,1.2899999618530273,1.2899999618530273,2459.0
2024-07-03 10:12:00,ENSC,0.475600004196167,0.475600004196167,0.475600004196167,0.475600004196167,0.475600004196167,2476.0
2024-07-03 10:12:00,ENSG,127.05000305175781,127.05000305175781,127.05000305175781,127.05000305175781,127.05000305175781,215.0
2024-07-03 10:12:00,ERAS,2.255000114440918,2.255000114440918,2.255000114440918,2.25,2.25,3406.0
2024-07-03 10:12:00,ESPR,2.365000009536743,2.365000009536743,2.369999885559082,2.365000009536743,2.369999885559082,2823.0
2024-07-03 10:12:00,ESTA,43.25,43.25,43.349998474121094,43.13999938964844,43.25,1487.0
2024-07-03 10:12:00,ETNB,7.822500228881836,7.822500228881836,7.822500228881836,7.815000057220459,7.815000057220459,1076.0
2024-07-03 10:12:00,EWTX,18.05500030517578,18.05500030517578,18.05500030517578,18.049999237060547,18.049999237060547,1305.0
2024-07-03 10:12:00,EXAS,43.35499954223633,43.35499954223633,43.36000061035156,43.290000915527344,43.36000061035156,933.0
2024-07-03 10:12:00,EXEL,22.135000228881836,22.135000228881836,22.139999389648438,22.135000228881836,22.139999389648438,828.0
2024-07-03 10:12:00,FATE,3.2699999809265137,3.2699999809265137,3.2699999809265137,3.259999990463257,3.259999990463257,1265.0
2024-07-03 10:12:00,FDMT,20.950000762939453,20.950000762939453,20.950000762939453,20.940000534057617,20.940000534057617,543.0
2024-07-03 10:12:00,FGEN,0.7232999801635742,0.7232999801635742,0.7232999801635742,0.7232999801635742,0.7232999801635742,2000.0
2024-07-03 10:12:00,FOLD,9.9399995803833,9.9399995803833,9.9399995803833,9.930000305175781,9.930000305175781,856.0
2024-07-03 10:12:00,FULC,6.090000152587891,6.090000152587891,6.090000152587891,6.079999923706055,6.079999923706055,1532.0
2024-07-03 10:12:00,GALT,2.180000066757202,2.180000066757202,2.200000047683716,2.180000066757202,2.180000066757202,1505.0
2024-07-03 10:12:00,GANX,1.1799999475479126,1.1799999475479126,1.1799999475479126,1.1799999475479126,1.1799999475479126,300.0
2024-07-03 10:12:00,GDRX,7.775000095367432,7.775000095367432,7.78000020980835,7.775000095367432,7.78000020980835,970.0
2024-07-03 10:12:00,GERN,4.309999942779541,4.309999942779541,4.315199851989746,4.304999828338623,4.315199851989746,13823.0
2024-07-03 10:12:00,GH,28.760000228881836,28.760000228881836,28.760000228881836,28.610000610351562,28.610000610351562,2144.0
2024-07-03 10:12:00,GHRS,11.449999809265137,11.449999809265137,11.449999809265137,11.449999809265137,11.449999809265137,292.0
2024-07-03 10:12:00,GILD,67.31500244140625,67.31500244140625,67.31999969482422,67.25990295410156,67.25990295410156,9107.0
2024-07-03 10:12:00,GLUE,3.634999990463257,3.634999990463257,3.634999990463257,3.634999990463257,3.634999990463257,1794.0
2024-07-03 10:12:00,GLYC,0.26600000262260437,0.26600000262260437,0.26600000262260437,0.26600000262260437,0.26600000262260437,2886.0
2024-07-03 10:12:00,GMAB,25.170000076293945,25.170000076293945,25.170000076293945,25.170000076293945,25.170000076293945,827.0
2024-07-03 10:12:00,GNPX,1.992300033569336,1.992300033569336,1.992300033569336,1.9703999757766724,1.9703999757766724,0.0
2024-07-03 10:12:00,GOSS,0.9434999823570251,0.9434999823570251,0.9434999823570251,0.9376999735832214,0.9420999884605408,1100.0
2024-07-03 10:12:00,GOVX,3.130000114440918,3.130000114440918,3.130000114440918,3.130000114440918,3.130000114440918,644.0
2024-07-03 10:12:00,GRFS,6.650100231170654,6.650100231170654,6.650100231170654,6.630000114440918,6.630000114440918,11515.0
2024-07-03 10:12:00,GRTS,0.5673999786376953,0.5673999786376953,0.5673999786376953,0.5673999786376953,0.5673999786376953,0.0
2024-07-03 10:12:00,GTHX,2.5250000953674316,2.5250000953674316,2.5250000953674316,2.5250000953674316,2.5250000953674316,327.0
2024-07-03 10:12:00,HALO,51.52000045776367,51.52000045776367,51.56719970703125,51.459999084472656,51.52000045776367,2712.0
2024-07-03 10:12:00,HCSG,10.989999771118164,10.989999771118164,10.989999771118164,10.989999771118164,10.989999771118164,327.0
2024-07-03 10:12:00,HITI,2.109999895095825,2.109999895095825,2.109999895095825,2.0999999046325684,2.109999895095825,2855.0
2024-07-03 10:12:00,HLVX,14.180000305175781,14.180000305175781,14.180000305175781,14.180000305175781,14.180000305175781,158.0
2024-07-03 10:12:00,HOOK,0.5752000212669373,0.5752000212669373,0.5794000029563904,0.5752000212669373,0.5794000029563904,0.0
2024-07-03 10:12:00,HOWL,2.140000104904175,2.140000104904175,2.140000104904175,2.119999885559082,2.119999885559082,1055.0
2024-07-03 10:12:00,HQY,83.68000030517578,83.68000030517578,83.76000213623047,83.68000030517578,83.76000213623047,1709.0
2024-07-03 10:12:00,HRMY,30.170000076293945,30.170000076293945,30.170000076293945,30.170000076293945,30.170000076293945,2323.0
2024-07-03 10:12:00,HRTX,2.8606998920440674,2.8606998920440674,2.869999885559082,2.860100030899048,2.865000009536743,2911.0
2024-07-03 10:12:00,HSDT,0.9375,0.9375,0.9375,0.9375,0.9375,1211.0
2024-07-03 10:12:00,HSIC,65.00499725341797,65.00499725341797,65.00499725341797,64.95999908447266,64.95999908447266,2750.0
2024-07-03 10:12:00,HUGE,0.14659999310970306,0.14659999310970306,0.14659999310970306,0.14659999310970306,0.14659999310970306,501.0
2024-07-03 10:12:00,HUMA,5.639999866485596,5.639999866485596,5.650000095367432,5.619900226593018,5.639999866485596,12452.0
2024-07-03 10:12:00,IART,29.05299949645996,29.05299949645996,29.05299949645996,29.05299949645996,29.05299949645996,246.0
2024-07-03 10:12:00,IBRX,6.260000228881836,6.260000228881836,6.260000228881836,6.255000114440918,6.260000228881836,1954.0
2024-07-03 10:12:00,IDXX,473.8299865722656,473.8299865722656,473.8299865722656,473.8299865722656,473.8299865722656,574.0
2024-07-03 10:12:00,IDYA,33.59000015258789,33.59000015258789,33.59000015258789,33.540000915527344,33.540000915527344,937.0
2024-07-03 10:12:00,IKNA,1.6399999856948853,1.6399999856948853,1.6399999856948853,1.6399999856948853,1.6399999856948853,184.0
2024-07-03 10:12:00,ILMN,106.44000244140625,106.44000244140625,106.44000244140625,106.37999725341797,106.44000244140625,1361.0
2024-07-03 10:12:00,IMAB,1.5700000524520874,1.5700000524520874,1.5700000524520874,1.5700000524520874,1.5700000524520874,200.0
2024-07-03 10:12:00,IMCR,35.3650016784668,35.3650016784668,35.4900016784668,35.2515983581543,35.29999923706055,9004.0
2024-07-03 10:12:00,IMMP,1.9392999410629272,1.9392999410629272,1.9392999410629272,1.9392999410629272,1.9392999410629272,595.0
2024-07-03 10:12:00,IMMX,2.2590999603271484,2.2590999603271484,2.259999990463257,2.2590999603271484,2.259999990463257,2425.0
2024-07-03 10:12:00,IMNM,11.920000076293945,11.920000076293945,11.920000076293945,11.920000076293945,11.920000076293945,606.0
2024-07-03 10:12:00,INAB,0.803600013256073,0.803600013256073,0.803600013256073,0.803600013256073,0.803600013256073,1113.0
2024-07-03 10:12:00,INCR,2.071000099182129,2.071000099182129,2.0950000286102295,2.071000099182129,2.0799999237060547,1224.0
2024-07-03 10:12:00,INCY,58.65999984741211,58.65999984741211,58.70000076293945,58.47999954223633,58.4900016784668,15146.0
2024-07-03 10:12:00,INKT,0.8901000022888184,0.8901000022888184,0.8901000022888184,0.8901000022888184,0.8901000022888184,270.0
2024-07-03 10:12:00,INM,0.2531999945640564,0.2531999945640564,0.2531999945640564,0.2531999945640564,0.2531999945640564,0.0
2024-07-03 10:12:00,INMB,7.985000133514404,7.985000133514404,7.985000133514404,7.96999979019165,7.96999979019165,1612.0
2024-07-03 10:12:00,INMD,17.700000762939453,17.700000762939453,17.709999084472656,17.690000534057617,17.709999084472656,4234.0
2024-07-03 10:12:00,INSM,63.98500061035156,63.98500061035156,63.98500061035156,63.98500061035156,63.98500061035156,750.0
2024-07-03 10:12:00,IONM,0.33379998803138733,0.33379998803138733,0.33469998836517334,0.33309999108314514,0.33469998836517334,2901.0
2024-07-03 10:12:00,IONS,45.04999923706055,45.04999923706055,45.04999923706055,44.970001220703125,44.97999954223633,3035.0
2024-07-03 10:12:00,IOVA,7.784999847412109,7.784999847412109,7.7891998291015625,7.755000114440918,7.755000114440918,15853.0
2024-07-03 10:12:00,IRWD,6.230000019073486,6.230000019073486,6.235000133514404,6.230000019073486,6.235000133514404,2095.0
2024-07-03 10:12:00,ISRG,434.4209899902344,434.4209899902344,434.44000244140625,434.4209899902344,434.44000244140625,1212.0
2024-07-03 10:12:00,ITCI,68.11499786376953,68.11499786376953,68.16000366210938,68.11499786376953,68.15499877929688,691.0
2024-07-03 10:12:00,IXHL,2.7500998973846436,2.7500998973846436,2.7500998973846436,2.7500998973846436,2.7500998973846436,861.0
2024-07-03 10:12:00,JAGX,3.4602999687194824,3.4602999687194824,3.4711999893188477,3.4602999687194824,3.4700000286102295,2352.0
2024-07-03 10:12:00,JANX,38.70000076293945,38.70000076293945,38.70000076293945,38.70000076293945,38.70000076293945,30.0
2024-07-03 10:12:00,JAZZ,105.16000366210938,105.16000366210938,105.20500183105469,105.16000366210938,105.20500183105469,256.0
2024-07-03 10:12:00,KMDA,5.199999809265137,5.199999809265137,5.199999809265137,5.199999809265137,5.199999809265137,6474.0
2024-07-03 10:12:00,KNSA,18.896299362182617,18.896299362182617,18.896299362182617,18.850000381469727,18.850000381469727,2073.0
2024-07-03 10:12:00,KPRX,4.243500232696533,4.243500232696533,4.243500232696533,4.243500232696533,4.243500232696533,355.0
2024-07-03 10:12:00,KTRA,0.2770000100135803,0.2770000100135803,0.2784999907016754,0.2757999897003174,0.2784999907016754,0.0
2024-07-03 10:12:00,KYMR,30.690000534057617,30.690000534057617,30.690000534057617,30.520000457763672,30.520000457763672,1068.0
2024-07-03 10:12:00,LEGN,44.86000061035156,44.86000061035156,44.86000061035156,44.86000061035156,44.86000061035156,732.0
2024-07-03 10:12:00,LFMD,6.769999980926514,6.769999980926514,6.769999980926514,6.760000228881836,6.760000228881836,858.0
2024-07-03 10:12:00,LGVN,1.6100000143051147,1.6100000143051147,1.6200000047683716,1.6100000143051147,1.6200000047683716,879.0
2024-07-03 10:12:00,LNTH,78.83499908447266,78.83499908447266,78.93000030517578,78.74109649658203,78.74109649658203,1174.0
2024-07-03 10:12:00,LPCN,7.940000057220459,7.940000057220459,7.940000057220459,7.940000057220459,7.940000057220459,452.0
2024-07-03 10:12:00,LPTX,1.75,1.75,1.75,1.75,1.75,0.0
2024-07-03 10:12:00,LQDA,12.010000228881836,12.010000228881836,12.010000228881836,12.010000228881836,12.010000228881836,367.0
2024-07-03 10:12:00,LRMR,7.75,7.75,7.75,7.71999979019165,7.71999979019165,517.0
2024-07-03 10:12:00,LUCD,0.7699999809265137,0.7699999809265137,0.7699999809265137,0.7699999809265137,0.7699999809265137,124.0
2024-07-03 10:12:00,LUCY,0.47690001130104065,0.47690001130104065,0.4779999852180481,0.47690001130104065,0.4779999852180481,6777.0
2024-07-03 10:12:00,LXRX,1.6050000190734863,1.6050000190734863,1.6050000190734863,1.600000023841858,1.600000023841858,2307.0
2024-07-03 10:12:00,LYEL,1.465000033378601,1.465000033378601,1.465000033378601,1.465000033378601,1.465000033378601,1656.0
2024-07-03 10:12:00,MBIO,0.5263000130653381,0.5263000130653381,0.5263000130653381,0.5263000130653381,0.5263000130653381,1626.0
2024-07-03 10:12:00,MBOT,1.0850000381469727,1.0850000381469727,1.0850000381469727,1.0850000381469727,1.0850000381469727,352.0
2024-07-03 10:12:00,MCRB,0.7132999897003174,0.7132999897003174,0.7153000235557556,0.7132999897003174,0.7149999737739563,94168.0
2024-07-03 10:12:00,MDGL,271.7349853515625,271.7349853515625,271.7349853515625,271.7149963378906,271.7149963378906,520.0
2024-07-03 10:12:00,MDXG,6.800000190734863,6.800000190734863,6.804999828338623,6.800000190734863,6.804999828338623,797.0
2024-07-03 10:12:00,MEDP,403.67999267578125,403.67999267578125,403.67999267578125,402.1300048828125,402.1300048828125,6132.0
2024-07-03 10:12:00,MGNX,4.28000020980835,4.28000020980835,4.28000020980835,4.261199951171875,4.261199951171875,15936.0
2024-07-03 10:12:00,MIRM,34.42499923706055,34.42499923706055,34.42499923706055,34.42499923706055,34.42499923706055,170.0
2024-07-03 10:12:00,MNKD,5.195000171661377,5.195000171661377,5.199999809265137,5.190299987792969,5.190299987792969,3543.0
2024-07-03 10:12:00,MNMD,7.099999904632568,7.099999904632568,7.100599765777588,7.099999904632568,7.100599765777588,2149.0
2024-07-03 10:12:00,MREO,3.4749999046325684,3.4749999046325684,3.4749999046325684,3.4749999046325684,3.4749999046325684,174.0
2024-07-03 10:12:00,MRNA,117.95999908447266,117.95999908447266,117.98999786376953,117.80999755859375,117.80999755859375,7621.0
2024-07-03 10:12:00,MRNS,1.2299000024795532,1.2299000024795532,1.2300000190734863,1.2299000024795532,1.2300000190734863,2235.0
2024-07-03 10:12:00,MRSN,1.8849999904632568,1.8849999904632568,1.8849999904632568,1.8849999904632568,1.8849999904632568,927.0
2024-07-03 10:12:00,MRUS,53.1349983215332,53.1349983215332,53.41999816894531,53.1349983215332,53.41999816894531,14500.0
2024-07-03 10:12:00,MRVI,6.815000057220459,6.815000057220459,6.815000057220459,6.815000057220459,6.815000057220459,717.0
2024-07-03 10:12:00,MXCT,3.7049999237060547,3.7049999237060547,3.7049999237060547,3.7049999237060547,3.7049999237060547,504.0
2024-07-03 10:12:00,MYGN,25.5,25.5,25.5,25.469999313354492,25.469999313354492,8016.0
2024-07-03 10:12:00,NARI,49.60499954223633,49.60499954223633,49.60499954223633,49.60499954223633,49.60499954223633,342.0
2024-07-03 10:12:00,NKTR,1.2050000429153442,1.2050000429153442,1.2050000429153442,1.2000000476837158,1.2050000429153442,2900.0
2024-07-03 10:12:00,NLSP,0.20649999380111694,0.20649999380111694,0.20649999380111694,0.20059999823570251,0.20059999823570251,10450.0
2024-07-03 10:12:00,NNOX,7.110000133514404,7.110000133514404,7.110000133514404,7.099999904632568,7.099999904632568,1607.0
2024-07-03 10:12:00,NOTV,1.659999966621399,1.659999966621399,1.6749999523162842,1.659999966621399,1.6749999523162842,3197.0
2024-07-03 10:12:00,NRIX,19.280000686645508,19.280000686645508,19.350000381469727,19.280000686645508,19.31999969482422,1483.0
2024-07-03 10:12:00,NTLA,22.5,22.5,22.5,22.5,22.5,1098.0
2024-07-03 10:12:00,NTRA,112.18000030517578,112.18000030517578,112.18000030517578,112.08999633789062,112.08999633789062,1115.0
2024-07-03 10:12:00,NUTX,5.65500020980835,5.65500020980835,5.65500020980835,5.65500020980835,5.65500020980835,215.0
2024-07-03 10:12:00,NVAX,13.050000190734863,13.050000190734863,13.052599906921387,13.039999961853027,13.0516996383667,7101.0
2024-07-03 10:12:00,NVCR,16.969999313354492,16.969999313354492,17.0,16.969999313354492,17.0,806.0
2024-07-03 10:12:00,NXL,1.4550000429153442,1.4550000429153442,1.4900000095367432,1.4500000476837158,1.4900000095367432,14919.0
2024-07-03 10:12:00,OCGN,1.6649999618530273,1.6649999618530273,1.6699999570846558,1.6549999713897705,1.6698999404907227,13387.0
2024-07-03 10:12:00,OCUL,6.861599922180176,6.861599922180176,6.869999885559082,6.852399826049805,6.864999771118164,1418.0
2024-07-03 10:12:00,OGI,1.5750000476837158,1.5750000476837158,1.5779000520706177,1.5750000476837158,1.5779000520706177,649.0
2024-07-03 10:12:00,OLMA,10.609999656677246,10.609999656677246,10.609999656677246,10.609999656677246,10.609999656677246,223.0
2024-07-03 10:12:00,OM,3.740000009536743,3.740000009536743,3.740000009536743,3.740000009536743,3.740000009536743,635.0
2024-07-03 10:13:00,ABCL,2.7799999713897705,2.7799999713897705,2.7799999713897705,2.7750000953674316,2.7799999713897705,5424.0
2024-07-03 10:13:00,ABEO,4.279900074005127,4.279900074005127,4.279900074005127,4.279900074005127,4.279900074005127,5903.0
2024-07-03 10:13:00,ABIO,3.609999895095825,3.609999895095825,3.609999895095825,3.609999895095825,3.609999895095825,581.0
2024-07-03 10:13:00,ABSI,3.1700000762939453,3.1700000762939453,3.200000047683716,3.1700000762939453,3.200000047683716,5171.0
2024-07-03 10:13:00,ABUS,3.190000057220459,3.190000057220459,3.190000057220459,3.190000057220459,3.190000057220459,1053.0
2024-07-03 10:13:00,ACAD,15.769599914550781,15.769599914550781,15.769599914550781,15.769599914550781,15.769599914550781,1051.0
2024-07-03 10:13:00,ACB,4.809999942779541,4.809999942779541,4.829899787902832,4.809999942779541,4.815000057220459,14658.0
2024-07-03 10:13:00,ACCD,3.549999952316284,3.549999952316284,3.549999952316284,3.54010009765625,3.549999952316284,5421.0
2024-07-03 10:13:00,ACET,1.0499999523162842,1.0499999523162842,1.0499999523162842,1.0499999523162842,1.0499999523162842,1087.0
2024-07-03 10:13:00,ACIU,3.9000000953674316,3.9000000953674316,3.9000000953674316,3.9000000953674316,3.9000000953674316,600.0
2024-07-03 10:13:00,ACLX,54.38999938964844,54.38999938964844,54.38999938964844,54.38999938964844,54.38999938964844,614.0
2024-07-03 10:13:00,ACRS,1.159999966621399,1.159999966621399,1.1649999618530273,1.159999966621399,1.1649999618530273,391.0
2024-07-03 10:13:00,ADMA,11.385000228881836,11.385000228881836,11.390000343322754,11.380000114440918,11.380000114440918,2198.0
2024-07-03 10:13:00,ADPT,3.359999895095825,3.359999895095825,3.359999895095825,3.357800006866455,3.357800006866455,696.0
2024-07-03 10:13:00,ADUS,117.80999755859375,117.80999755859375,117.80999755859375,117.80999755859375,117.80999755859375,861.0
2024-07-03 10:13:00,AEMD,0.4156000018119812,0.4156000018119812,0.4156000018119812,0.4156000018119812,0.4156000018119812,1646.0
2024-07-03 10:13:00,AFMD,5.079999923706055,5.079999923706055,5.090000152587891,5.079999923706055,5.090000152587891,659.0
2024-07-03 10:13:00,AGIO,42.290000915527344,42.290000915527344,42.29999923706055,42.290000915527344,42.290000915527344,884.0
2024-07-03 10:13:00,AHCO,9.670000076293945,9.670000076293945,9.670000076293945,9.670000076293945,9.670000076293945,200.0
2024-07-03 10:13:00,AKBA,0.9431999921798706,0.9431999921798706,0.9434999823570251,0.9430999755859375,0.9430999755859375,80439.0
2024-07-03 10:13:00,AKRO,22.200000762939453,22.200000762939453,22.200000762939453,22.200000762939453,22.200000762939453,812.0
2024-07-03 10:13:00,AKYA,2.1600000858306885,2.1600000858306885,2.1600000858306885,2.1600000858306885,2.1600000858306885,451.0
2024-07-03 10:13:00,ALEC,4.480000019073486,4.480000019073486,4.480000019073486,4.480000019073486,4.480000019073486,200.0
2024-07-03 10:13:00,ALHC,7.960000038146973,7.960000038146973,7.980000019073486,7.960000038146973,7.980000019073486,1687.0
2024-07-03 10:13:00,ALKS,24.424999237060547,24.424999237060547,24.440000534057617,24.40999984741211,24.40999984741211,587.0
2024-07-03 10:13:00,ALLK,0.8551999926567078,0.8551999926567078,0.8551999926567078,0.8526999950408936,0.8551999926567078,1117.0
2024-07-03 10:13:00,ALLO,2.1449999809265137,2.1449999809265137,2.1449999809265137,2.134999990463257,2.13919997215271,15847.0
2024-07-03 10:13:00,ALNY,247.47999572753906,247.47999572753906,247.47999572753906,247.47999572753906,247.47999572753906,591.0
2024-07-03 10:13:00,ALRN,2.7899999618530273,2.7899999618530273,2.7899999618530273,2.7899999618530273,2.7899999618530273,100.0
2024-07-03 10:13:00,ALT,6.809999942779541,6.809999942779541,6.820000171661377,6.800000190734863,6.800899982452393,9220.0
2024-07-03 10:13:00,ALXO,5.989999771118164,5.989999771118164,5.989999771118164,5.974999904632568,5.974999904632568,350.0
2024-07-03 10:13:00,AMED,96.6500015258789,96.6500015258789,96.6500015258789,96.63999938964844,96.63999938964844,1507.0
2024-07-03 10:13:00,AMGN,311.489990234375,311.489990234375,311.5050048828125,311.489990234375,311.5050048828125,1282.0
2024-07-03 10:13:00,AMLX,1.7599999904632568,1.7599999904632568,1.7599999904632568,1.7599999904632568,1.7599999904632568,5571.0
2024-07-03 10:13:00,AMPH,38.43000030517578,38.43000030517578,38.439998626708984,38.25,38.25,1878.0
2024-07-03 10:13:00,AMRN,0.7060999870300293,0.7060999870300293,0.7099000215530396,0.7060999870300293,0.7099000215530396,1701.0
2024-07-03 10:13:00,ANGO,5.679999828338623,5.679999828338623,5.679999828338623,5.679999828338623,5.679999828338623,475.0
2024-07-03 10:13:00,ANIP,61.70000076293945,61.70000076293945,61.709999084472656,61.70000076293945,61.709999084472656,530.0
2024-07-03 10:13:00,ANNX,4.789999961853027,4.789999961853027,4.789999961853027,4.769999980926514,4.769999980926514,8413.0
2024-07-03 10:13:00,ANTX,2.5399999618530273,2.5399999618530273,2.5499000549316406,2.5299999713897705,2.5302000045776367,5499.0
2024-07-03 10:13:00,APDN,0.44999998807907104,0.44999998807907104,0.44999998807907104,0.44999998807907104,0.44999998807907104,3949.0
2024-07-03 10:13:00,APLS,36.31999969482422,36.31999969482422,36.31999969482422,36.23500061035156,36.310001373291016,3082.0
2024-07-03 10:13:00,APLT,4.400000095367432,4.400000095367432,4.400000095367432,4.389999866485596,4.389999866485596,2764.0
2024-07-03 10:13:00,ARCT,21.5575008392334,21.5575008392334,21.5575008392334,21.5575008392334,21.5575008392334,588.0
2024-07-03 10:13:00,ARDX,5.238800048828125,5.238800048828125,5.238800048828125,5.184999942779541,5.184999942779541,45986.0
2024-07-03 10:13:00,ARGX,436.260009765625,436.260009765625,436.260009765625,436.010009765625,436.2200012207031,1358.0
2024-07-03 10:13:00,ARQT,9.520000457763672,9.520000457763672,9.539999961853027,9.505000114440918,9.505000114440918,16045.0
2024-07-03 10:13:00,ARVN,25.05500030517578,25.05500030517578,25.10890007019043,25.0,25.075000762939453,987.0
2024-07-03 10:13:00,ARWR,25.610000610351562,25.610000610351562,25.610000610351562,25.559999465942383,25.59000015258789,4707.0
2024-07-03 10:13:00,ASRT,1.2949999570846558,1.2949999570846558,1.2949999570846558,1.2949999570846558,1.2949999570846558,818.0
2024-07-03 10:13:00,ATAI,1.309999942779541,1.309999942779541,1.315000057220459,1.309999942779541,1.315000057220459,207.0
2024-07-03 10:13:00,ATOS,1.149999976158142,1.149999976158142,1.149999976158142,1.1449999809265137,1.1449999809265137,615.0
2024-07-03 10:13:00,ATRC,22.204999923706055,22.204999923706055,22.204999923706055,22.204999923706055,22.204999923706055,200.0
2024-07-03 10:13:00,ATXI,3.3592000007629395,3.3592000007629395,3.3592000007629395,3.3592000007629395,3.3592000007629395,108.0
2024-07-03 10:13:00,AUGX,1.0099999904632568,1.0099999904632568,1.0099999904632568,1.0099999904632568,1.0099999904632568,0.0
2024-07-03 10:13:00,AUPH,5.5,5.5,5.5,5.494999885559082,5.494999885559082,416.0
2024-07-03 10:13:00,AUTL,3.450000047683716,3.450000047683716,3.450000047683716,3.450000047683716,3.450000047683716,104.0
2024-07-03 10:13:00,AVDL,14.239999771118164,14.239999771118164,14.239999771118164,14.199999809265137,14.225000381469727,1879.0
2024-07-03 10:13:00,AVIR,3.309999942779541,3.309999942779541,3.309999942779541,3.2799999713897705,3.2799999713897705,6999.0
2024-07-03 10:13:00,AVTE,1.600000023841858,1.600000023841858,1.600000023841858,1.5850000381469727,1.5850000381469727,5351.0
2024-07-03 10:13:00,AVXL,4.210000038146973,4.210000038146973,4.210000038146973,4.204999923706055,4.204999923706055,485.0
2024-07-03 10:13:00,AXNX,67.43000030517578,67.43000030517578,67.43000030517578,67.43000030517578,67.43000030517578,201.0
2024-07-03 10:13:00,AXSM,79.76000213623047,79.76000213623047,79.81999969482422,79.62999725341797,79.62999725341797,3634.0
2024-07-03 10:13:00,AZN,76.7750015258789,76.7750015258789,76.80999755859375,76.7750015258789,76.80999755859375,14780.0
2024-07-03 10:13:00,AZTA,52.650001525878906,52.650001525878906,52.650001525878906,52.63999938964844,52.63999938964844,963.0
2024-07-03 10:13:00,BCRX,6.669899940490723,6.669899940490723,6.670000076293945,6.650000095367432,6.650000095367432,7590.0
2024-07-03 10:13:00,BDTX,4.230000019073486,4.230000019073486,4.230000019073486,4.230000019073486,4.230000019073486,3359.0
2024-07-03 10:13:00,BEAM,23.43000030517578,23.43000030517578,23.43000030517578,23.399999618530273,23.399999618530273,1654.0
2024-07-03 10:13:00,BEAT,2.764400005340576,2.764400005340576,2.764400005340576,2.764400005340576,2.764400005340576,752.0
2024-07-03 10:13:00,BGXX,0.2732999920845032,0.2732999920845032,0.27639999985694885,0.2732999920845032,0.27639999985694885,4024.0
2024-07-03 10:13:00,BIIB,226.8300018310547,226.8300018310547,226.8300018310547,226.8300018310547,226.8300018310547,177.0
2024-07-03 10:13:00,BLUE,0.927299976348877,0.927299976348877,0.927299976348877,0.9251999855041504,0.926800012588501,1926.0
2024-07-03 10:13:00,BMRN,81.70999908447266,81.70999908447266,81.75,81.69999694824219,81.73999786376953,2011.0
2024-07-03 10:13:00,BNGO,0.5504999756813049,0.5504999756813049,0.5504999756813049,0.5504000186920166,0.5504000186920166,7258.0
2024-07-03 10:13:00,BNTX,80.87000274658203,80.87000274658203,80.87000274658203,80.86499786376953,80.86499786376953,1285.0
2024-07-03 10:13:00,BPMC,111.03500366210938,111.03500366210938,111.125,110.9800033569336,110.98999786376953,2800.0
2024-07-03 10:13:00,BVS,6.099999904632568,6.099999904632568,6.099999904632568,6.070000171661377,6.072000026702881,3833.0
2024-07-03 10:13:00,CABA,7.685699939727783,7.685699939727783,7.699999809265137,7.685699939727783,7.699999809265137,1345.0
2024-07-03 10:13:00,CCCC,4.704999923706055,4.704999923706055,4.710000038146973,4.684999942779541,4.684999942779541,2508.0
2024-07-03 10:13:00,CCRN,13.649999618530273,13.649999618530273,13.670000076293945,13.649999618530273,13.670000076293945,499.0
2024-07-03 10:13:00,CDMO,7.635000228881836,7.635000228881836,7.63730001449585,7.600100040435791,7.63730001449585,1004.0
2024-07-03 10:13:00,CDNA,15.300000190734863,15.300000190734863,15.300000190734863,15.300000190734863,15.300000190734863,567.0
2024-07-03 10:13:00,CDXC,2.589900016784668,2.589900016784668,2.5899999141693115,2.5850000381469727,2.5899999141693115,1937.0
2024-07-03 10:13:00,CELC,16.40999984741211,16.40999984741211,16.40999984741211,16.34000015258789,16.34000015258789,797.0
2024-07-03 10:13:00,CERE,41.279998779296875,41.279998779296875,41.290000915527344,41.279998779296875,41.279998779296875,3037.0
2024-07-03 10:13:00,CERS,1.7200000286102295,1.7200000286102295,1.7200000286102295,1.715000033378601,1.715000033378601,414.0
2024-07-03 10:13:00,CGC,6.630000114440918,6.630000114440918,6.639999866485596,6.615499973297119,6.619900226593018,35265.0
2024-07-03 10:13:00,CGEM,16.739999771118164,16.739999771118164,16.739999771118164,16.674999237060547,16.739999771118164,648.0
2024-07-03 10:13:00,CHRS,1.4049999713897705,1.4049999713897705,1.409600019454956,1.3949999809265137,1.3949999809265137,10840.0
2024-07-03 10:13:00,CKPT,2.2300000190734863,2.2300000190734863,2.25,2.2300000190734863,2.25,2551.0
2024-07-03 10:13:00,CLDX,36.72999954223633,36.72999954223633,36.72999954223633,36.72999954223633,36.72999954223633,456.0
2024-07-03 10:13:00,CLOV,1.2549999952316284,1.2549999952316284,1.2599999904632568,1.2549999952316284,1.2599999904632568,5773.0
2024-07-03 10:13:00,CLPT,5.289999961853027,5.289999961853027,5.289999961853027,5.289999961853027,5.289999961853027,161.0
2024-07-03 10:13:00,CLRB,2.4200000762939453,2.4200000762939453,2.4200000762939453,2.4173998832702637,2.4173998832702637,1026.0
2024-07-03 10:13:00,CMMB,0.9675999879837036,0.9675999879837036,0.9675999879837036,0.9675999879837036,0.9675999879837036,5962.0
2024-07-03 10:13:00,CMPS,6.21999979019165,6.21999979019165,6.21999979019165,6.21999979019165,6.21999979019165,208.0
2024-07-03 10:13:00,CNSP,2.1282999515533447,2.1282999515533447,2.130000114440918,2.0708000659942627,2.088599920272827,313885.0
2024-07-03 10:13:00,CNTA,8.76550006866455,8.76550006866455,8.76550006866455,8.76550006866455,8.76550006866455,1027.0
2024-07-03 10:13:00,COLL,32.150001525878906,32.150001525878906,32.150001525878906,32.150001525878906,32.150001525878906,178.0
2024-07-03 10:13:00,CORT,31.15999984741211,31.15999984741211,31.15999984741211,31.110000610351562,31.110000610351562,2705.0
2024-07-03 10:13:00,COSM,0.9750000238418579,0.9750000238418579,0.9799000024795532,0.9700000286102295,0.9750000238418579,2922.0
2024-07-03 10:13:00,CPRX,15.760000228881836,15.760000228881836,15.760000228881836,15.760000228881836,15.760000228881836,267.0
2024-07-03 10:13:00,CRBU,1.600000023841858,1.600000023841858,1.600000023841858,1.590000033378601,1.5967999696731567,3027.0
2024-07-03 10:13:00,CRDF,2.180000066757202,2.180000066757202,2.180000066757202,2.1649999618530273,2.1675000190734863,3218.0
2024-07-03 10:13:00,CRMD,4.164999961853027,4.164999961853027,4.164999961853027,4.164999961853027,4.164999961853027,711.0
2024-07-03 10:13:00,CRNX,44.400001525878906,44.400001525878906,44.42399978637695,44.150001525878906,44.28499984741211,4564.0
2024-07-03 10:13:00,CRON,2.3350000381469727,2.3350000381469727,2.3350000381469727,2.325000047683716,2.325000047683716,6914.0
2024-07-03 10:13:00,CRSP,54.334999084472656,54.334999084472656,54.3849983215332,54.2400016784668,54.25,3451.0
2024-07-03 10:13:00,CSTL,21.420000076293945,21.420000076293945,21.420000076293945,21.420000076293945,21.420000076293945,288.0
2024-07-03 10:13:00,CTMX,1.350000023841858,1.350000023841858,1.350000023841858,1.350000023841858,1.350000023841858,15137.0
2024-07-03 10:13:00,CTXR,0.5224999785423279,0.5224999785423279,0.5224999785423279,0.5199999809265137,0.5199999809265137,1422.0
2024-07-03 10:13:00,CVAC,3.4149999618530273,3.4149999618530273,3.4200000762939453,3.4000000953674316,3.4200000762939453,25502.0
2024-07-03 10:13:00,CVRX,11.864999771118164,11.864999771118164,11.864999771118164,11.8100004196167,11.8100004196167,309.0
2024-07-03 10:13:00,CYCC,1.6200000047683716,1.6200000047683716,1.6299999952316284,1.6200000047683716,1.6299999952316284,1605.0
2024-07-03 10:13:00,CYTK,54.869998931884766,54.869998931884766,54.869998931884766,54.869998931884766,54.869998931884766,149.0
2024-07-03 10:13:00,DARE,3.360100030899048,3.360100030899048,3.360100030899048,3.360100030899048,3.360100030899048,958.0
2024-07-03 10:13:00,DAWN,13.489999771118164,13.489999771118164,13.489999771118164,13.475000381469727,13.475000381469727,252.0
2024-07-03 10:13:00,DCTH,8.0,8.0,8.010000228881836,8.0,8.010000228881836,316.0
2024-07-03 10:13:00,DH,5.429999828338623,5.429999828338623,5.429999828338623,5.429999828338623,5.429999828338623,387.0
2024-07-03 10:13:00,DNLI,22.030000686645508,22.030000686645508,22.049999237060547,22.0049991607666,22.0049991607666,1637.0
2024-07-03 10:13:00,DVAX,11.180000305175781,11.180000305175781,11.180000305175781,11.170000076293945,11.170000076293945,1362.0
2024-07-03 10:13:00,DXCM,110.3499984741211,110.3499984741211,110.39689636230469,110.30999755859375,110.3499984741211,2821.0
2024-07-03 10:13:00,DYN,34.42509841918945,34.42509841918945,34.42509841918945,34.42509841918945,34.42509841918945,397.0
2024-07-03 10:13:00,EDIT,4.664999961853027,4.664999961853027,4.670000076293945,4.640699863433838,4.640699863433838,8500.0
2024-07-03 10:13:00,ELEV,2.7200000286102295,2.7200000286102295,2.7200000286102295,2.7149999141693115,2.7200000286102295,2621.0
2024-07-03 10:13:00,EMBC,11.880000114440918,11.880000114440918,11.880000114440918,11.880000114440918,11.880000114440918,583.0
2024-07-03 10:13:00,ENSG,127.16999816894531,127.16999816894531,127.16999816894531,127.13600158691406,127.13600158691406,514.0
2024-07-03 10:13:00,EOLS,10.8100004196167,10.8100004196167,10.8100004196167,10.8100004196167,10.8100004196167,419.0
2024-07-03 10:13:00,ERAS,2.2799999713897705,2.2799999713897705,2.2799999713897705,2.257999897003174,2.257999897003174,7379.0
2024-07-03 10:13:00,ESPR,2.365000009536743,2.365000009536743,2.365000009536743,2.365000009536743,2.365000009536743,1158.0
2024-07-03 10:13:00,EWTX,18.049999237060547,18.049999237060547,18.049999237060547,18.049999237060547,18.049999237060547,310.0
2024-07-03 10:13:00,EXAI,5.320000171661377,5.320000171661377,5.320000171661377,5.320000171661377,5.320000171661377,360.0
2024-07-03 10:13:00,EXAS,43.40999984741211,43.40999984741211,43.45000076293945,43.40999984741211,43.45000076293945,1146.0
2024-07-03 10:13:00,EXEL,22.115699768066406,22.115699768066406,22.1200008392334,22.114999771118164,22.1200008392334,2848.0
2024-07-03 10:13:00,EYEN,0.7699999809265137,0.7699999809265137,0.7699999809265137,0.7609000205993652,0.7609000205993652,4425.0
2024-07-03 10:13:00,FATE,3.305000066757202,3.305000066757202,3.305000066757202,3.2799999713897705,3.2799999713897705,4401.0
2024-07-03 10:13:00,FBIO,1.7300000190734863,1.7300000190734863,1.7300000190734863,1.725000023841858,1.725000023841858,2201.0
2024-07-03 10:13:00,FDMT,20.950000762939453,20.950000762939453,20.950000762939453,20.950000762939453,20.950000762939453,183.0
2024-07-03 10:13:00,FGEN,0.7282999753952026,0.7282999753952026,0.7287999987602234,0.724399983882904,0.724399983882904,4327.0
2024-07-03 10:13:00,FHTX,5.389999866485596,5.389999866485596,5.389999866485596,5.389999866485596,5.389999866485596,200.0
2024-07-03 10:13:00,FOLD,9.949999809265137,9.949999809265137,9.949999809265137,9.9350004196167,9.9350004196167,1397.0
2024-07-03 10:13:00,FULC,6.099999904632568,6.099999904632568,6.099999904632568,6.099999904632568,6.099999904632568,1979.0
2024-07-03 10:13:00,GDRX,7.775000095367432,7.775000095367432,7.775000095367432,7.775000095367432,7.775000095367432,202.0
2024-07-03 10:13:00,GERN,4.315000057220459,4.315000057220459,4.315000057220459,4.309999942779541,4.309999942779541,4495.0
2024-07-03 10:13:00,GH,28.770000457763672,28.770000457763672,28.770000457763672,28.770000457763672,28.770000457763672,527.0
2024-07-03 10:13:00,GHRS,11.550000190734863,11.550000190734863,11.569999694824219,11.550000190734863,11.569999694824219,523.0
2024-07-03 10:13:00,GILD,67.29000091552734,67.29000091552734,67.31999969482422,67.26000213623047,67.31500244140625,11710.0
2024-07-03 10:13:00,GLYC,0.2660999894142151,0.2660999894142151,0.2660999894142151,0.26570001244544983,0.26600000262260437,10414.0
2024-07-03 10:13:00,GOSS,0.9469000101089478,0.9469000101089478,0.9469000101089478,0.9434999823570251,0.9434999823570251,1400.0
2024-07-03 10:13:00,GOVX,3.0992000102996826,3.0992000102996826,3.0992000102996826,3.0899999141693115,3.0899999141693115,1297.0
2024-07-03 10:13:00,GRFS,6.65500020980835,6.65500020980835,6.664999961853027,6.65500020980835,6.65500020980835,4039.0
2024-07-03 10:13:00,GRTS,0.5673999786376953,0.5673999786376953,0.5673999786376953,0.567300021648407,0.567300021648407,864.0
2024-07-03 10:13:00,GTHX,2.5250000953674316,2.5250000953674316,2.5250000953674316,2.5199999809265137,2.5199999809265137,516.0
2024-07-03 10:13:00,HALO,51.53499984741211,51.53499984741211,51.58000183105469,51.529998779296875,51.58000183105469,4095.0
2024-07-03 10:13:00,HITI,2.1050000190734863,2.1050000190734863,2.109999895095825,2.1050000190734863,2.109999895095825,1797.0
2024-07-03 10:13:00,HOLX,73.11000061035156,73.11000061035156,73.11000061035156,73.11000061035156,73.11000061035156,1899.0
2024-07-03 10:13:00,HOOK,0.5715000033378601,0.5715000033378601,0.5715000033378601,0.5715000033378601,0.5715000033378601,1358.0
2024-07-03 10:13:00,HQY,83.81999969482422,83.81999969482422,83.81999969482422,83.81999969482422,83.81999969482422,681.0
2024-07-03 10:13:00,HRMY,30.260000228881836,30.260000228881836,30.260000228881836,30.204999923706055,30.204999923706055,2731.0
2024-07-03 10:13:00,HRTX,2.869999885559082,2.869999885559082,2.869999885559082,2.8610999584198,2.8610999584198,11659.0
2024-07-03 10:13:00,HSIC,65.03500366210938,65.03500366210938,65.0999984741211,65.0,65.01499938964844,3102.0
2024-07-03 10:13:00,HUGE,0.14659999310970306,0.14659999310970306,0.14659999310970306,0.14659999310970306,0.14659999310970306,201.0
2024-07-03 10:13:00,HUMA,5.6579999923706055,5.6579999923706055,5.6579999923706055,5.630000114440918,5.630000114440918,3058.0
2024-07-03 10:13:00,HYPR,0.9300000071525574,0.9300000071525574,0.9300000071525574,0.9300000071525574,0.9300000071525574,3911.0
2024-07-03 10:13:00,IBRX,6.275000095367432,6.275000095367432,6.275000095367432,6.25,6.25,1730.0
2024-07-03 10:13:00,ICLR,319.1600036621094,319.1600036621094,319.1600036621094,318.28131103515625,318.489990234375,2104.0
2024-07-03 10:13:00,IDXX,474.4200134277344,474.4200134277344,474.4849853515625,473.8399963378906,474.4849853515625,4159.0
2024-07-03 10:13:00,IKNA,1.6399999856948853,1.6399999856948853,1.6399999856948853,1.6399999856948853,1.6399999856948853,349.0
2024-07-03 10:13:00,ILMN,106.43499755859375,106.43499755859375,106.5,106.43499755859375,106.46089935302734,5315.0
2024-07-03 10:13:00,IMAB,1.5700000524520874,1.5700000524520874,1.5700000524520874,1.5700000524520874,1.5700000524520874,100.0
2024-07-03 10:13:00,IMCR,35.459999084472656,35.459999084472656,35.459999084472656,35.459999084472656,35.459999084472656,229.0
2024-07-03 10:13:00,IMMP,1.9600000381469727,1.9600000381469727,1.9600000381469727,1.9299999475479126,1.9299999475479126,4334.0
2024-07-03 10:13:00,IMMX,2.2046000957489014,2.2046000957489014,2.2046000957489014,2.2046000957489014,2.2046000957489014,886.0
2024-07-03 10:13:00,IMNM,11.920000076293945,11.920000076293945,11.920000076293945,11.920000076293945,11.920000076293945,550.0
2024-07-03 10:13:00,IMVT,26.920000076293945,26.920000076293945,26.920000076293945,26.920000076293945,26.920000076293945,144.0
2024-07-03 10:13:00,INCY,58.599998474121094,58.599998474121094,58.65999984741211,58.57500076293945,58.64500045776367,6192.0
2024-07-03 10:13:00,INMB,7.974999904632568,7.974999904632568,7.985000133514404,7.960100173950195,7.985000133514404,1774.0
2024-07-03 10:13:00,INMD,17.729999542236328,17.729999542236328,17.735000610351562,17.719999313354492,17.719999313354492,6624.0
2024-07-03 10:13:00,INSM,64.0250015258789,64.0250015258789,64.05000305175781,63.98500061035156,63.98500061035156,2255.0
2024-07-03 10:13:00,INVA,16.440000534057617,16.440000534057617,16.440000534057617,16.440000534057617,16.440000534057617,1851.0
2024-07-03 10:13:00,INVO,0.7634999752044678,0.7634999752044678,0.7634999752044678,0.7634999752044678,0.7634999752044678,882.0
2024-07-03 10:13:00,IONS,45.07500076293945,45.07500076293945,45.08000183105469,45.02000045776367,45.02000045776367,3885.0
2024-07-03 10:13:00,IOVA,7.795000076293945,7.795000076293945,7.795000076293945,7.784999847412109,7.784999847412109,9695.0
2024-07-03 10:13:00,IRTC,93.01000213623047,93.01000213623047,93.25,92.66999816894531,93.25,14983.0
2024-07-03 10:13:00,IRWD,6.21999979019165,6.21999979019165,6.224999904632568,6.21999979019165,6.224999904632568,6936.0
2024-07-03 10:13:00,ISRG,434.6000061035156,434.6000061035156,434.8598937988281,434.2300109863281,434.8598937988281,1519.0
2024-07-03 10:13:00,ITCI,68.34500122070312,68.34500122070312,68.34500122070312,68.11499786376953,68.1500015258789,7170.0
2024-07-03 10:13:00,ITOS,14.880000114440918,14.880000114440918,14.880000114440918,14.880000114440918,14.880000114440918,1795.0
2024-07-03 10:13:00,JAGX,3.4749999046325684,3.4749999046325684,3.4749999046325684,3.4749999046325684,3.4749999046325684,0.0
2024-07-03 10:13:00,JANX,38.61000061035156,38.61000061035156,38.72999954223633,38.61000061035156,38.65999984741211,7266.0
2024-07-03 10:13:00,JAZZ,105.19999694824219,105.19999694824219,105.19999694824219,105.19000244140625,105.19000244140625,744.0
2024-07-03 10:13:00,JSPR,23.559999465942383,23.559999465942383,23.729999542236328,23.53499984741211,23.729999542236328,1423.0
2024-07-03 10:13:00,KALV,11.59000015258789,11.59000015258789,11.59000015258789,11.5600004196167,11.5600004196167,1773.0
2024-07-03 10:13:00,KNSA,18.899999618530273,18.899999618530273,18.899999618530273,18.889999389648438,18.899999618530273,1345.0
2024-07-03 10:13:00,KPRX,4.249899864196777,4.249899864196777,4.249899864196777,4.249899864196777,4.249899864196777,101.0
2024-07-03 10:13:00,KRYS,178.85000610351562,178.85000610351562,178.85000610351562,178.85000610351562,178.85000610351562,694.0
2024-07-03 10:13:00,KTRA,0.2773999869823456,0.2773999869823456,0.27790001034736633,0.2773999869823456,0.27790001034736633,9237.0
2024-07-03 10:13:00,KURA,20.59000015258789,20.59000015258789,20.59000015258789,20.59000015258789,20.59000015258789,748.0
2024-07-03 10:13:00,KYMR,30.639999389648438,30.639999389648438,30.639999389648438,30.639999389648438,30.639999389648438,860.0
2024-07-03 10:13:00,LAB,1.7999999523162842,1.7999999523162842,1.7999999523162842,1.7949999570846558,1.7999999523162842,1678.0
2024-07-03 10:13:00,LBPH,31.594999313354492,31.594999313354492,31.594999313354492,31.594999313354492,31.594999313354492,212.0
2024-07-03 10:13:00,LEGN,44.95000076293945,44.95000076293945,44.959999084472656,44.89500045776367,44.89500045776367,321.0
2024-07-03 10:13:00,LFMD,6.769999980926514,6.769999980926514,6.769999980926514,6.769999980926514,6.769999980926514,214.0
2024-07-03 10:13:00,LFMDP,23.865100860595703,23.865100860595703,23.865100860595703,23.865100860595703,23.865100860595703,0.0
2024-07-03 10:13:00,LFST,5.090000152587891,5.090000152587891,5.090000152587891,5.090000152587891,5.090000152587891,496.0
2024-07-03 10:13:00,LGVN,1.6100000143051147,1.6100000143051147,1.6100000143051147,1.600000023841858,1.6100000143051147,13826.0
2024-07-03 10:13:00,LIVN,52.86000061035156,52.86000061035156,52.86000061035156,52.79999923706055,52.79999923706055,1097.0
2024-07-03 10:13:00,LNTH,78.82350158691406,78.82350158691406,78.83000183105469,78.8218002319336,78.83000183105469,1231.0
2024-07-03 10:13:00,LOGC,5.730000019073486,5.730000019073486,5.730000019073486,5.730000019073486,5.730000019073486,323.0
2024-07-03 10:13:00,LQDA,12.048999786376953,12.048999786376953,12.048999786376953,12.020000457763672,12.020000457763672,877.0
2024-07-03 10:13:00,LUCY,0.47690001130104065,0.47690001130104065,0.4787999987602234,0.47690001130104065,0.47690001130104065,14705.0
2024-07-03 10:13:00,LXRX,1.6150000095367432,1.6150000095367432,1.6150000095367432,1.6050000190734863,1.6050000190734863,26751.0
2024-07-03 10:13:00,LYRA,0.2833000123500824,0.2833000123500824,0.2833999991416931,0.2833000123500824,0.2833000123500824,16061.0
2024-07-03 10:13:00,MBIO,0.5273000001907349,0.5273000001907349,0.5273000001907349,0.5273000001907349,0.5273000001907349,148.0
2024-07-03 10:13:00,MBOT,1.080299973487854,1.080299973487854,1.080299973487854,1.080299973487854,1.080299973487854,551.0
2024-07-03 10:13:00,MCRB,0.7131999731063843,0.7131999731063843,0.7132999897003174,0.7131999731063843,0.7132999897003174,1686.0
2024-07-03 10:13:00,MDGL,271.7349853515625,271.7349853515625,271.7349853515625,271.7349853515625,271.7349853515625,196.0
2024-07-03 10:13:00,MDXG,6.809999942779541,6.809999942779541,6.815000057220459,6.809999942779541,6.815000057220459,1272.0
2024-07-03 10:13:00,ME,0.40369999408721924,0.40369999408721924,0.4052000045776367,0.4027999937534332,0.4052000045776367,1916.0
2024-07-03 10:13:00,MGNX,4.295000076293945,4.295000076293945,4.300000190734863,4.289999961853027,4.289999961853027,2395.0
2024-07-03 10:13:00,MGTX,4.039999961853027,4.039999961853027,4.039999961853027,4.039999961853027,4.039999961853027,117.0
2024-07-03 10:13:00,MIRM,34.46500015258789,34.46500015258789,34.46500015258789,34.46500015258789,34.46500015258789,197.0
2024-07-03 10:13:00,MLTX,40.709999084472656,40.709999084472656,40.779998779296875,40.540000915527344,40.540000915527344,1972.0
2024-07-03 10:13:00,MNKD,5.195000171661377,5.195000171661377,5.199999809265137,5.190000057220459,5.195000171661377,9303.0
2024-07-03 10:13:00,MREO,3.4800000190734863,3.4800000190734863,3.4800000190734863,3.4749999046325684,3.4749999046325684,2994.0
2024-07-03 10:13:00,MRNA,118.18499755859375,118.18499755859375,118.25,117.97329711914062,117.97329711914062,9276.0
2024-07-03 10:13:00,MRNS,1.2259000539779663,1.2259000539779663,1.2300000190734863,1.225000023841858,1.2300000190734863,0.0
2024-07-03 10:13:00,MRSN,1.8799999952316284,1.8799999952316284,1.8849999904632568,1.8700000047683716,1.8849999904632568,10621.0
2024-07-03 10:13:00,MRUS,53.04999923706055,53.04999923706055,53.26250076293945,53.04999923706055,53.255001068115234,2489.0
2024-07-03 10:13:00,MRVI,6.809999942779541,6.809999942779541,6.820000171661377,6.809999942779541,6.820000171661377,8132.0
2024-07-03 10:13:00,MXCT,3.7049999237060547,3.7049999237060547,3.7049999237060547,3.7049999237060547,3.7049999237060547,737.0
2024-07-03 10:13:00,MYGN,25.520000457763672,25.520000457763672,25.59000015258789,25.479999542236328,25.5,10262.0
2024-07-03 10:13:00,NDRA,0.08410000056028366,0.08410000056028366,0.08410000056028366,0.08399999886751175,0.08410000056028366,10802.0
2024-07-03 10:13:00,NEO,13.710000038146973,13.710000038146973,13.710000038146973,13.6899995803833,13.6899995803833,1473.0
2024-07-03 10:13:00,NEOG,15.170000076293945,15.170000076293945,15.170000076293945,15.15999984741211,15.15999984741211,1406.0
2024-07-03 10:13:00,NKTR,1.2100000381469727,1.2100000381469727,1.2100000381469727,1.2100000381469727,1.2100000381469727,1603.0
2024-07-03 10:13:00,NKTX,5.46999979019165,5.46999979019165,5.46999979019165,5.46999979019165,5.46999979019165,4417.0
2024-07-03 10:13:00,NRIX,19.4950008392334,19.4950008392334,19.5,19.329999923706055,19.329999923706055,9115.0
2024-07-03 10:13:00,NTLA,22.575000762939453,22.575000762939453,22.579999923706055,22.510000228881836,22.510000228881836,4226.0
2024-07-03 10:13:00,NTRA,112.2300033569336,112.2300033569336,112.27999877929688,112.2300033569336,112.27999877929688,2236.0
2024-07-03 10:13:00,NVAX,13.050000190734863,13.050000190734863,13.050000190734863,13.029999732971191,13.039999961853027,3753.0
2024-07-03 10:13:00,NVCR,16.975000381469727,16.975000381469727,16.975000381469727,16.969999313354492,16.969999313354492,908.0
2024-07-03 10:13:00,NXL,1.4700000286102295,1.4700000286102295,1.4700000286102295,1.4700000286102295,1.4700000286102295,337.0
2024-07-03 10:13:00,OCGN,1.6649999618530273,1.6649999618530273,1.6649999618530273,1.6549999713897705,1.6549999713897705,5860.0
2024-07-03 10:13:00,OCUL,6.880000114440918,6.880000114440918,6.880000114440918,6.880000114440918,6.880000114440918,2426.0
2024-07-03 10:13:00,OCUP,1.559999942779541,1.559999942779541,1.559999942779541,1.559999942779541,1.559999942779541,406.0
2024-07-03 10:13:00,OGI,1.5800000429153442,1.5800000429153442,1.5800000429153442,1.5800000429153442,1.5800000429153442,2101.0
2024-07-03 10:13:00,OLK,25.78499984741211,25.78499984741211,25.78499984741211,25.780000686645508,25.780000686645508,1468.0
2024-07-03 10:13:00,OLMA,10.609999656677246,10.609999656677246,10.609999656677246,10.609999656677246,10.609999656677246,727.0
2024-07-03 10:13:00,OM,3.7249999046325684,3.7249999046325684,3.7249999046325684,3.7249999046325684,3.7249999046325684,252.0
2024-07-03 10:13:00,OMIC,8.53499984741211,8.53499984741211,8.53499984741211,8.53499984741211,8.53499984741211,257.0
2024-07-03 10:14:00,AADI,1.3600000143051147,1.3600000143051147,1.3600000143051147,1.3600000143051147,1.3600000143051147,100.0
2024-07-03 10:14:00,ABCL,2.7799999713897705,2.7799999713897705,2.7799999713897705,2.7799999713897705,2.7799999713897705,4102.0
2024-07-03 10:14:00,ABOS,2.299999952316284,2.299999952316284,2.299999952316284,2.2899999618530273,2.2899999618530273,708.0
2024-07-03 10:14:00,ABSI,3.1798999309539795,3.1798999309539795,3.1798999309539795,3.1798999309539795,3.1798999309539795,1226.0
2024-07-03 10:14:00,ABUS,3.2049999237060547,3.2049999237060547,3.2100000381469727,3.190000057220459,3.190000057220459,10654.0
2024-07-03 10:14:00,ACAD,15.760000228881836,15.760000228881836,15.760000228881836,15.760000228881836,15.760000228881836,629.0
2024-07-03 10:14:00,ACCD,3.5450000762939453,3.5450000762939453,3.549999952316284,3.5450000762939453,3.5490000247955322,8407.0
2024-07-03 10:14:00,ACET,1.0549999475479126,1.0549999475479126,1.0549999475479126,1.0503000020980835,1.0503000020980835,2333.0
2024-07-03 10:14:00,ACHC,66.0,66.0,66.04000091552734,65.98999786376953,65.98999786376953,1056.0
2024-07-03 10:14:00,ADAP,1.024999976158142,1.024999976158142,1.024999976158142,1.024999976158142,1.024999976158142,5110.0
2024-07-03 10:14:00,ADMA,11.390000343322754,11.390000343322754,11.390000343322754,11.385000228881836,11.390000343322754,2970.0
2024-07-03 10:14:00,ADPT,3.359999895095825,3.359999895095825,3.359999895095825,3.359999895095825,3.359999895095825,722.0
2024-07-03 10:14:00,ADVM,7.050000190734863,7.050000190734863,7.050000190734863,7.050000190734863,7.050000190734863,602.0
2024-07-03 10:14:00,AGEN,14.585000038146973,14.585000038146973,14.640000343322754,14.585000038146973,14.600000381469727,2381.0
2024-07-03 10:14:00,AGIO,42.400001525878906,42.400001525878906,42.400001525878906,42.400001525878906,42.400001525878906,212.0
2024-07-03 10:14:00,AHCO,9.680000305175781,9.680000305175781,9.6875,9.670000076293945,9.670000076293945,1107.0
2024-07-03 10:14:00,AIRS,4.011499881744385,4.011499881744385,4.011499881744385,4.011499881744385,4.011499881744385,53.0
2024-07-03 10:14:00,AKBA,0.9452000260353088,0.9452000260353088,0.9452000260353088,0.9431999921798706,0.9433000087738037,9826.0
2024-07-03 10:14:00,ALEC,4.480000019073486,4.480000019073486,4.480000019073486,4.480000019073486,4.480000019073486,23.0
2024-07-03 10:14:00,ALGN,237.88999938964844,237.88999938964844,237.88999938964844,237.88999938964844,237.88999938964844,150.0
2024-07-03 10:14:00,ALGS,0.4138999879360199,0.4138999879360199,0.41519999504089355,0.4138999879360199,0.4138999879360199,600.0
2024-07-03 10:14:00,ALHC,7.960000038146973,7.960000038146973,7.960000038146973,7.960000038146973,7.960000038146973,530.0
2024-07-03 10:14:00,ALKS,24.43000030517578,24.43000030517578,24.43000030517578,24.40999984741211,24.40999984741211,1025.0
2024-07-03 10:14:00,ALLK,0.855400025844574,0.855400025844574,0.855400025844574,0.855400025844574,0.855400025844574,224.0
2024-07-03 10:14:00,ALLO,2.1549999713897705,2.1549999713897705,2.1549999713897705,2.1449999809265137,2.1449999809265137,5669.0
2024-07-03 10:14:00,ALLR,0.20630000531673431,0.20630000531673431,0.20759999752044678,0.20630000531673431,0.20759999752044678,1305.0
2024-07-03 10:14:00,ALNY,247.7550048828125,247.7550048828125,248.02000427246094,247.7550048828125,247.8800048828125,1533.0
2024-07-03 10:14:00,ALT,6.849999904632568,6.849999904632568,6.849999904632568,6.815000057220459,6.815000057220459,7428.0
2024-07-03 10:14:00,ALVR,0.738099992275238,0.738099992275238,0.738099992275238,0.738099992275238,0.738099992275238,208.0
2024-07-03 10:14:00,ALXO,6.019999980926514,6.019999980926514,6.019999980926514,5.980000019073486,5.989999771118164,1853.0
2024-07-03 10:14:00,AMED,96.66500091552734,96.66500091552734,96.66500091552734,96.6500015258789,96.6500015258789,631.0
2024-07-03 10:14:00,AMGN,311.3299865722656,311.3299865722656,311.43499755859375,311.3299865722656,311.43499755859375,751.0
2024-07-03 10:14:00,AMLX,1.774999976158142,1.774999976158142,1.774999976158142,1.7599999904632568,1.7599999904632568,22470.0
2024-07-03 10:14:00,AMPH,38.32749938964844,38.32749938964844,38.351200103759766,38.27000045776367,38.34000015258789,1831.0
2024-07-03 10:14:00,AMRN,0.7099999785423279,0.7099999785423279,0.7099999785423279,0.7060999870300293,0.7060999870300293,34826.0
2024-07-03 10:14:00,ANAB,25.34000015258789,25.34000015258789,25.344999313354492,25.31999969482422,25.31999969482422,887.0
2024-07-03 10:14:00,ANGO,5.675000190734863,5.675000190734863,5.679999828338623,5.670000076293945,5.679999828338623,892.0
2024-07-03 10:14:00,ANNX,4.784999847412109,4.784999847412109,4.789999961853027,4.784999847412109,4.789999961853027,2482.0
2024-07-03 10:14:00,ANTX,2.555000066757202,2.555000066757202,2.569999933242798,2.549999952316284,2.549999952316284,2303.0
2024-07-03 10:14:00,APDN,0.44999998807907104,0.44999998807907104,0.44999998807907104,0.44999998807907104,0.44999998807907104,2000.0
2024-07-03 10:14:00,APLS,36.48500061035156,36.48500061035156,36.560001373291016,36.349998474121094,36.459999084472656,20401.0
2024-07-03 10:14:00,APLT,4.420000076293945,4.420000076293945,4.420000076293945,4.40500020980835,4.40500020980835,646.0
2024-07-03 10:14:00,APRE,3.7000999450683594,3.7000999450683594,3.7000999450683594,3.7000999450683594,3.7000999450683594,1540.0
2024-07-03 10:14:00,AQST,2.4149999618530273,2.4149999618530273,2.4198999404907227,2.40910005569458,2.40910005569458,2407.0
2024-07-03 10:14:00,ARCT,21.799999237060547,21.799999237060547,21.799999237060547,21.59000015258789,21.59000015258789,2050.0
2024-07-03 10:14:00,ARDX,5.241399765014648,5.241399765014648,5.241399765014648,5.224999904632568,5.231200218200684,15362.0
2024-07-03 10:14:00,ARQT,9.524999618530273,9.524999618530273,9.524999618530273,9.507499694824219,9.524999618530273,7128.0
2024-07-03 10:14:00,ARVN,25.0,25.0,25.049999237060547,25.0,25.049999237060547,1131.0
2024-07-03 10:14:00,ARWR,25.610000610351562,25.610000610351562,25.6299991607666,25.610000610351562,25.6299991607666,1844.0
2024-07-03 10:14:00,ASRT,1.2998000383377075,1.2998000383377075,1.2998000383377075,1.2998000383377075,1.2998000383377075,600.0
2024-07-03 10:14:00,ATEC,9.984999656677246,9.984999656677246,9.984999656677246,9.979999542236328,9.979999542236328,884.0
2024-07-03 10:14:00,ATHA,2.6135001182556152,2.6135001182556152,2.6135001182556152,2.6135001182556152,2.6135001182556152,1587.0
2024-07-03 10:14:00,ATOS,1.1449999809265137,1.1449999809265137,1.149999976158142,1.1449999809265137,1.149999976158142,6385.0
2024-07-03 10:14:00,ATRA,7.699999809265137,7.699999809265137,7.699999809265137,7.699999809265137,7.699999809265137,967.0
2024-07-03 10:14:00,ATRC,22.2549991607666,22.2549991607666,22.2549991607666,22.2549991607666,22.2549991607666,538.0
2024-07-03 10:14:00,AUGX,1.0199999809265137,1.0199999809265137,1.0199999809265137,1.0198999643325806,1.0198999643325806,6920.0
2024-07-03 10:14:00,AUPH,5.510000228881836,5.510000228881836,5.510000228881836,5.5,5.5,4246.0
2024-07-03 10:14:00,AUTL,3.450000047683716,3.450000047683716,3.45989990234375,3.450000047683716,3.450000047683716,916.0
2024-07-03 10:14:00,AVDL,14.260000228881836,14.260000228881836,14.260000228881836,14.234700202941895,14.234700202941895,1107.0
2024-07-03 10:14:00,AVTE,1.6100000143051147,1.6100000143051147,1.6100000143051147,1.5950000286102295,1.600000023841858,13494.0
2024-07-03 10:14:00,AVXL,4.218999862670898,4.218999862670898,4.218999862670898,4.210000038146973,4.210000038146973,633.0
2024-07-03 10:14:00,AZN,76.75499725341797,76.75499725341797,76.79499816894531,76.75499725341797,76.77999877929688,5362.0
2024-07-03 10:14:00,AZTA,52.66999816894531,52.66999816894531,52.66999816894531,52.66999816894531,52.66999816894531,111.0
2024-07-03 10:14:00,BBIO,25.290000915527344,25.290000915527344,25.290000915527344,25.280000686645508,25.280000686645508,1578.0
2024-07-03 10:14:00,BCLI,0.36000001430511475,0.36000001430511475,0.36010000109672546,0.36000001430511475,0.36010000109672546,300.0
2024-07-03 10:14:00,BCRX,6.664999961853027,6.664999961853027,6.670000076293945,6.664999961853027,6.670000076293945,4092.0
2024-07-03 10:14:00,BCTX,1.021399974822998,1.021399974822998,1.0219999551773071,1.021399974822998,1.0219999551773071,100.0
2024-07-03 10:14:00,BCYC,19.595800399780273,19.595800399780273,19.595800399780273,19.595800399780273,19.595800399780273,361.0
2024-07-03 10:14:00,BDTX,4.21999979019165,4.21999979019165,4.230000019073486,4.210000038146973,4.230000019073486,8195.0
2024-07-03 10:14:00,BEAM,23.5,23.5,23.5,23.431900024414062,23.431900024414062,1891.0
2024-07-03 10:14:00,BFRI,0.8399999737739563,0.8399999737739563,0.8500000238418579,0.8399999737739563,0.8500000238418579,2425.0
2024-07-03 10:14:00,BGNE,147.02499389648438,147.02499389648438,147.05999755859375,147.0,147.0,1387.0
2024-07-03 10:14:00,BGXX,0.27399998903274536,0.27399998903274536,0.27399998903274536,0.2732999920845032,0.2732999920845032,1993.0
2024-07-03 10:14:00,BIIB,226.8592987060547,226.8592987060547,226.8592987060547,226.52000427246094,226.74000549316406,1688.0
2024-07-03 10:14:00,BIMI,1.2599999904632568,1.2599999904632568,1.2999999523162842,1.2599999904632568,1.2999999523162842,2205.0
2024-07-03 10:14:00,BIVI,0.4171999990940094,0.4171999990940094,0.4171999990940094,0.4171999990940094,0.4171999990940094,570.0
2024-07-03 10:14:00,BJDX,0.6251000165939331,0.6251000165939331,0.6251000165939331,0.6251000165939331,0.6251000165939331,2937.0
2024-07-03 10:14:00,BLFS,20.21500015258789,20.21500015258789,20.219999313354492,20.21500015258789,20.219999313354492,545.0
2024-07-03 10:14:00,BLUE,0.9279000163078308,0.9279000163078308,0.9279000163078308,0.9251999855041504,0.9262999892234802,10541.0
2024-07-03 10:14:00,BMEA,4.515399932861328,4.515399932861328,4.515399932861328,4.505000114440918,4.505000114440918,892.0
2024-07-03 10:14:00,BMRN,81.73999786376953,81.73999786376953,81.79499816894531,81.73999786376953,81.79499816894531,459.0
2024-07-03 10:14:00,BNGO,0.5508000254631042,0.5508000254631042,0.5525000095367432,0.5504999756813049,0.5504999756813049,26597.0
2024-07-03 10:14:00,BNTC,9.033499717712402,9.033499717712402,9.033499717712402,9.033499717712402,9.033499717712402,135.0
2024-07-03 10:14:00,BNTX,80.8499984741211,80.8499984741211,80.8499984741211,80.8499984741211,80.8499984741211,562.0
2024-07-03 10:14:00,BOLT,0.7371000051498413,0.7371000051498413,0.7371000051498413,0.7371000051498413,0.7371000051498413,200.0
2024-07-03 10:14:00,BPMC,111.0999984741211,111.0999984741211,111.12999725341797,110.88999938964844,111.12000274658203,3243.0
2024-07-03 10:14:00,BRKR,62.22999954223633,62.22999954223633,62.22999954223633,62.22999954223633,62.22999954223633,274.0
2024-07-03 10:14:00,BTAI,1.0850000381469727,1.0850000381469727,1.0850000381469727,1.0850000381469727,1.0850000381469727,373.0
2024-07-03 10:14:00,CABA,7.699999809265137,7.699999809265137,7.699999809265137,7.679999828338623,7.690000057220459,2123.0
2024-07-03 10:14:00,CADL,6.230000019073486,6.230000019073486,6.230000019073486,6.170000076293945,6.170000076293945,5029.0
2024-07-03 10:14:00,CCCC,4.710000038146973,4.710000038146973,4.71999979019165,4.704999923706055,4.710000038146973,2578.0
2024-07-03 10:14:00,CCRN,13.630800247192383,13.630800247192383,13.669599533081055,13.630800247192383,13.669599533081055,1117.0
2024-07-03 10:14:00,CDMO,7.679999828338623,7.679999828338623,7.699900150299072,7.639999866485596,7.639999866485596,3147.0
2024-07-03 10:14:00,CDXC,2.603800058364868,2.603800058364868,2.6050000190734863,2.5899999141693115,2.5899999141693115,3435.0
2024-07-03 10:14:00,CDXS,2.9365999698638916,2.9365999698638916,2.940000057220459,2.9365999698638916,2.940000057220459,2000.0
2024-07-03 10:14:00,CERE,41.279998779296875,41.279998779296875,41.279998779296875,41.279998779296875,41.279998779296875,633.0
2024-07-03 10:14:00,CERS,1.7100000381469727,1.7100000381469727,1.715000033378601,1.7100000381469727,1.715000033378601,4442.0
2024-07-03 10:14:00,CERT,13.821999549865723,13.821999549865723,13.86460018157959,13.821999549865723,13.845000267028809,1175.0
2024-07-03 10:14:00,CGC,6.630000114440918,6.630000114440918,6.639999866485596,6.630000114440918,6.639999866485596,8912.0
2024-07-03 10:14:00,CGEM,16.729999542236328,16.729999542236328,16.729999542236328,16.729999542236328,16.729999542236328,1194.0
2024-07-03 10:14:00,CHRS,1.4149999618530273,1.4149999618530273,1.4199999570846558,1.409999966621399,1.409999966621399,34934.0
2024-07-03 10:14:00,CLDX,36.81999969482422,36.81999969482422,36.81999969482422,36.81999969482422,36.81999969482422,267.0
2024-07-03 10:14:00,CLNN,0.33239999413490295,0.33239999413490295,0.33239999413490295,0.33239999413490295,0.33239999413490295,950.0
2024-07-03 10:14:00,CLOV,1.2598999738693237,1.2598999738693237,1.2599999904632568,1.2549999952316284,1.2549999952316284,13082.0
2024-07-03 10:14:00,CLPT,5.293900012969971,5.293900012969971,5.293900012969971,5.293900012969971,5.293900012969971,2503.0
2024-07-03 10:14:00,CMPS,6.199999809265137,6.199999809265137,6.199999809265137,6.199999809265137,6.199999809265137,949.0
2024-07-03 10:14:00,CNSP,2.118799924850464,2.118799924850464,2.129699945449829,2.0999999046325684,2.1287999153137207,105200.0
2024-07-03 10:14:00,CNTA,8.739999771118164,8.739999771118164,8.75,8.739999771118164,8.75,655.0
2024-07-03 10:14:00,CODX,1.284999966621399,1.284999966621399,1.284999966621399,1.284999966621399,1.284999966621399,9397.0
2024-07-03 10:14:00,COGT,8.3149995803833,8.3149995803833,8.3149995803833,8.270000457763672,8.270000457763672,979.0
2024-07-03 10:14:00,COLL,32.20000076293945,32.20000076293945,32.20000076293945,32.20000076293945,32.20000076293945,444.0
2024-07-03 10:14:00,CORT,31.239999771118164,31.239999771118164,31.239999771118164,31.170000076293945,31.170000076293945,1346.0
2024-07-03 10:14:00,CPRX,15.779999732971191,15.779999732971191,15.779999732971191,15.750900268554688,15.750900268554688,2107.0
2024-07-03 10:14:00,CRBP,48.98040008544922,48.98040008544922,48.98040008544922,48.7599983215332,48.970001220703125,4292.0
2024-07-03 10:14:00,CRBU,1.5950000286102295,1.5950000286102295,1.600000023841858,1.5950000286102295,1.600000023841858,1322.0
2024-07-03 10:14:00,CRDL,1.9700000286102295,1.9700000286102295,1.9700000286102295,1.9500000476837158,1.9500000476837158,7558.0
2024-07-03 10:14:00,CRMD,4.175000190734863,4.175000190734863,4.175000190734863,4.170000076293945,4.170000076293945,2281.0
2024-07-03 10:14:00,CRNX,44.44499969482422,44.44499969482422,44.529998779296875,44.34000015258789,44.345001220703125,4754.0
2024-07-03 10:14:00,CRON,2.337599992752075,2.337599992752075,2.337599992752075,2.3357999324798584,2.3357999324798584,2390.0
2024-07-03 10:14:00,CRSP,54.349998474121094,54.349998474121094,54.380001068115234,54.27000045776367,54.29999923706055,4398.0
2024-07-03 10:14:00,CRVS,1.7999999523162842,1.7999999523162842,1.7999999523162842,1.7999999523162842,1.7999999523162842,800.0
2024-07-03 10:14:00,CSTL,21.3799991607666,21.3799991607666,21.420000076293945,21.3799991607666,21.420000076293945,1212.0
2024-07-03 10:14:00,CTKB,5.759900093078613,5.759900093078613,5.759900093078613,5.759900093078613,5.759900093078613,242.0
2024-07-03 10:14:00,CTMX,1.3450000286102295,1.3450000286102295,1.350000023841858,1.3450000286102295,1.350000023841858,3694.0
2024-07-03 10:14:00,CTSO,0.858299970626831,0.858299970626831,0.858299970626831,0.858299970626831,0.858299970626831,495.0
2024-07-03 10:14:00,CTXR,0.5200999975204468,0.5200999975204468,0.5200999975204468,0.5200999975204468,0.5200999975204468,1695.0
2024-07-03 10:14:00,CUE,1.0195000171661377,1.0195000171661377,1.0195000171661377,1.0099999904632568,1.0099999904632568,425.0
2024-07-03 10:14:00,CUTR,1.3600000143051147,1.3600000143051147,1.3646999597549438,1.3600000143051147,1.3646999597549438,494.0
2024-07-03 10:14:00,CVAC,3.4000000953674316,3.4000000953674316,3.430000066757202,3.4000000953674316,3.4149999618530273,23253.0
2024-07-03 10:14:00,CYTK,54.900001525878906,54.900001525878906,54.900001525878906,54.81999969482422,54.88999938964844,1682.0
2024-07-03 10:14:00,DAWN,13.5,13.5,13.5,13.475000381469727,13.475000381469727,1303.0
2024-07-03 10:14:00,DNLI,22.049999237060547,22.049999237060547,22.049999237060547,22.049999237060547,22.049999237060547,337.0
2024-07-03 10:14:00,DTIL,9.40999984741211,9.40999984741211,9.420000076293945,9.399999618530273,9.399999618530273,652.0
2024-07-03 10:14:00,DVAX,11.175000190734863,11.175000190734863,11.180000305175781,11.175000190734863,11.180000305175781,1751.0
2024-07-03 10:14:00,DXCM,110.28230285644531,110.28230285644531,110.41000366210938,110.25,110.30999755859375,4543.0
2024-07-03 10:14:00,DYN,34.439998626708984,34.439998626708984,34.529998779296875,34.439998626708984,34.529998779296875,486.0
2024-07-03 10:14:00,EDIT,4.699999809265137,4.699999809265137,4.699999809265137,4.659999847412109,4.664999961853027,11178.0
2024-07-03 10:14:00,EGRX,5.25,5.25,5.25,5.244999885559082,5.244999885559082,675.0
2024-07-03 10:14:00,ENSG,126.58499908447266,126.58499908447266,126.84500122070312,126.27999877929688,126.84500122070312,3322.0
2024-07-03 10:14:00,ENTX,1.6200000047683716,1.6200000047683716,1.6200000047683716,1.6200000047683716,1.6200000047683716,200.0
2024-07-03 10:14:00,ENVB,0.5284000039100647,0.5284000039100647,0.5284000039100647,0.5284000039100647,0.5284000039100647,135.0
2024-07-03 10:14:00,EOLS,10.819999694824219,10.819999694824219,10.819999694824219,10.819999694824219,10.819999694824219,105.0
2024-07-03 10:14:00,ERAS,2.2799999713897705,2.2799999713897705,2.2799999713897705,2.2750000953674316,2.2799999713897705,1636.0
2024-07-03 10:14:00,ESPR,2.380000114440918,2.380000114440918,2.380000114440918,2.369999885559082,2.369999885559082,14416.0
2024-07-03 10:14:00,ETNB,7.822500228881836,7.822500228881836,7.822500228881836,7.809999942779541,7.809999942779541,1994.0
2024-07-03 10:14:00,EWTX,18.114999771118164,18.114999771118164,18.114999771118164,18.059999465942383,18.059999465942383,1286.0
2024-07-03 10:14:00,EXAI,5.340000152587891,5.340000152587891,5.340000152587891,5.320000171661377,5.320000171661377,1832.0
2024-07-03 10:14:00,EXAS,43.52000045776367,43.52000045776367,43.540000915527344,43.44350051879883,43.44350051879883,7359.0
2024-07-03 10:14:00,EXEL,22.13010025024414,22.13010025024414,22.139299392700195,22.110000610351562,22.114999771118164,2215.0
2024-07-03 10:14:00,EYEN,0.7753999829292297,0.7753999829292297,0.7771999835968018,0.7753999829292297,0.7771999835968018,3911.0
2024-07-03 10:14:00,EYPT,8.390000343322754,8.390000343322754,8.390000343322754,8.369999885559082,8.390000343322754,1750.0
2024-07-03 10:14:00,FATE,3.315000057220459,3.315000057220459,3.319999933242798,3.305000066757202,3.305000066757202,1155.0
2024-07-03 10:14:00,FBIO,1.75,1.75,1.75,1.75,1.75,0.0
2024-07-03 10:14:00,FDMT,21.040000915527344,21.040000915527344,21.040000915527344,21.040000915527344,21.040000915527344,288.0
2024-07-03 10:14:00,FGEN,0.7300000190734863,0.7300000190734863,0.7300000190734863,0.7246000170707703,0.7300000190734863,6707.0
2024-07-03 10:14:00,FLGT,19.916000366210938,19.916000366210938,19.975000381469727,19.916000366210938,19.975000381469727,681.0
2024-07-03 10:14:00,FOLD,9.949799537658691,9.949799537658691,9.949799537658691,9.930000305175781,9.9399995803833,3707.0
2024-07-03 10:14:00,GALT,2.180000066757202,2.180000066757202,2.180000066757202,2.180000066757202,2.180000066757202,524.0
2024-07-03 10:14:00,GDRX,7.775000095367432,7.775000095367432,7.775000095367432,7.770100116729736,7.770100116729736,1339.0
2024-07-03 10:14:00,GERN,4.320000171661377,4.320000171661377,4.320000171661377,4.309999942779541,4.309999942779541,8084.0
2024-07-03 10:14:00,GH,28.75,28.75,28.81999969482422,28.75,28.81999969482422,656.0
2024-07-03 10:14:00,GILD,67.2699966430664,67.2699966430664,67.31999969482422,67.2699966430664,67.29000091552734,9023.0
2024-07-03 10:14:00,GLUE,3.634999990463257,3.634999990463257,3.634999990463257,3.634999990463257,3.634999990463257,385.0
2024-07-03 10:14:00,GLYC,0.2669000029563904,0.2669000029563904,0.2669000029563904,0.26570001244544983,0.26579999923706055,4445.0
2024-07-03 10:14:00,GMAB,25.160200119018555,25.160200119018555,25.160200119018555,25.160200119018555,25.160200119018555,380.0
2024-07-03 10:14:00,GOSS,0.941100001335144,0.941100001335144,0.941100001335144,0.9399999976158142,0.9399999976158142,3933.0
2024-07-03 10:14:00,GOVX,3.0999999046325684,3.0999999046325684,3.1050000190734863,3.0999999046325684,3.0999999046325684,2195.0
2024-07-03 10:14:00,GRFS,6.659999847412109,6.659999847412109,6.659999847412109,6.651700019836426,6.65500020980835,796.0
2024-07-03 10:14:00,GRTS,0.5673999786376953,0.5673999786376953,0.5673999786376953,0.5673999786376953,0.5673999786376953,200.0
2024-07-03 10:14:00,GTHX,2.5299999713897705,2.5299999713897705,2.5299999713897705,2.5199999809265137,2.5199999809265137,810.0
2024-07-03 10:14:00,HALO,51.48500061035156,51.48500061035156,51.5099983215332,51.48500061035156,51.5099983215332,2373.0
2024-07-03 10:14:00,HCAT,6.119999885559082,6.119999885559082,6.119999885559082,6.119999885559082,6.119999885559082,1123.0
2024-07-03 10:14:00,HCSG,10.930000305175781,10.930000305175781,10.983799934387207,10.930000305175781,10.983799934387207,2398.0
2024-07-03 10:14:00,HITI,2.0950000286102295,2.0950000286102295,2.1050000190734863,2.0950000286102295,2.1050000190734863,7503.0
2024-07-03 10:14:00,HLVX,14.239999771118164,14.239999771118164,14.239999771118164,14.239999771118164,14.239999771118164,523.0
2024-07-03 10:14:00,HOLX,73.04000091552734,73.04000091552734,73.08000183105469,73.04000091552734,73.08000183105469,3444.0
2024-07-03 10:14:00,HOWL,2.1500000953674316,2.1500000953674316,2.1600000858306885,2.1500000953674316,2.1600000858306885,5890.0
2024-07-03 10:14:00,HPCO,0.8300999999046326,0.8300999999046326,0.8300999999046326,0.8300999999046326,0.8300999999046326,2028.0
2024-07-03 10:14:00,HQY,83.70999908447266,83.70999908447266,83.73999786376953,83.66000366210938,83.70999908447266,2584.0
2024-07-03 10:14:00,HRMY,30.341299057006836,30.341299057006836,30.341299057006836,30.341299057006836,30.341299057006836,457.0
2024-07-03 10:14:00,HROW,21.75,21.75,21.790000915527344,21.625,21.625,7714.0
2024-07-03 10:14:00,HRTX,2.8596999645233154,2.8596999645233154,2.865000009536743,2.8499999046325684,2.8606998920440674,13656.0
2024-07-03 10:14:00,HSDT,0.9319999814033508,0.9319999814033508,0.9319999814033508,0.9319999814033508,0.9319999814033508,432.0
2024-07-03 10:14:00,HSIC,65.04419708251953,65.04419708251953,65.08000183105469,65.04419708251953,65.05999755859375,2602.0
2024-07-03 10:14:00,HUGE,0.14980000257492065,0.14980000257492065,0.14990000426769257,0.14669999480247498,0.14990000426769257,903.0
2024-07-03 10:14:00,HUMA,5.679999828338623,5.679999828338623,5.679999828338623,5.639999866485596,5.650000095367432,21656.0
2024-07-03 10:14:00,HYPR,0.9298999905586243,0.9298999905586243,0.9300000071525574,0.9298999905586243,0.9298999905586243,20399.0
2024-07-03 10:14:00,IART,29.014999389648438,29.014999389648438,29.0585994720459,29.014999389648438,29.0585994720459,2120.0
2024-07-03 10:14:00,IBRX,6.284999847412109,6.284999847412109,6.289999961853027,6.2846999168396,6.2846999168396,1531.0
2024-07-03 10:14:00,ICLR,319.6650085449219,319.6650085449219,320.04998779296875,319.6650085449219,320.04998779296875,1372.0
2024-07-03 10:14:00,IDXX,473.19500732421875,473.19500732421875,473.9649963378906,473.19500732421875,473.9649963378906,2089.0
2024-07-03 10:14:00,IDYA,33.599998474121094,33.599998474121094,33.64500045776367,33.599998474121094,33.64500045776367,585.0
2024-07-03 10:14:00,IGMS,6.510000228881836,6.510000228881836,6.570000171661377,6.510000228881836,6.570000171661377,854.0
2024-07-03 10:14:00,ILMN,106.43499755859375,106.43499755859375,106.43499755859375,106.43499755859375,106.43499755859375,779.0
2024-07-03 10:14:00,IMCC,0.43320000171661377,0.43320000171661377,0.43320000171661377,0.43320000171661377,0.43320000171661377,110.0
2024-07-03 10:14:00,IMCR,35.459999084472656,35.459999084472656,35.4900016784668,35.45180130004883,35.459999084472656,2039.0
2024-07-03 10:14:00,IMMP,1.9700000286102295,1.9700000286102295,1.9700000286102295,1.9500000476837158,1.9500000476837158,656.0
2024-07-03 10:14:00,IMMX,2.2750000953674316,2.2750000953674316,2.2839999198913574,2.2750000953674316,2.2839999198913574,771.0
2024-07-03 10:14:00,IMNM,11.930000305175781,11.930000305175781,11.930000305175781,11.930000305175781,11.930000305175781,217.0
2024-07-03 10:14:00,IMUX,1.1200000047683716,1.1200000047683716,1.1200000047683716,1.1196000576019287,1.1196000576019287,580.0
2024-07-03 10:14:00,IMVT,26.8799991607666,26.8799991607666,26.8799991607666,26.8799991607666,26.8799991607666,159.0
2024-07-03 10:14:00,INCY,58.54999923706055,58.54999923706055,58.61000061035156,58.54999923706055,58.560001373291016,4191.0
2024-07-03 10:14:00,INMB,7.949999809265137,7.949999809265137,7.949999809265137,7.949999809265137,7.949999809265137,1949.0
2024-07-03 10:14:00,INMD,17.735000610351562,17.735000610351562,17.735000610351562,17.729999542236328,17.729999542236328,1063.0
2024-07-03 10:14:00,INSM,64.05000305175781,64.05000305175781,64.05000305175781,63.959999084472656,64.0250015258789,1379.0
2024-07-03 10:14:00,INZY,4.485000133514404,4.485000133514404,4.485000133514404,4.485000133514404,4.485000133514404,418.0
2024-07-03 10:14:00,IONS,45.04999923706055,45.04999923706055,45.07500076293945,45.04999923706055,45.07500076293945,2119.0
2024-07-03 10:14:00,IOVA,7.795000076293945,7.795000076293945,7.800000190734863,7.789999961853027,7.793300151824951,15905.0
2024-07-03 10:14:00,IRTC,92.30999755859375,92.30999755859375,93.1947021484375,92.30999755859375,93.1947021484375,3403.0
2024-07-03 10:14:00,IRWD,6.21999979019165,6.21999979019165,6.21999979019165,6.215000152587891,6.21999979019165,3529.0
2024-07-03 10:14:00,ISRG,434.4800109863281,434.4800109863281,434.4800109863281,434.30999755859375,434.30999755859375,4614.0
2024-07-03 10:14:00,ITCI,68.5999984741211,68.5999984741211,68.5999984741211,68.375,68.375,2170.0
2024-07-03 10:14:00,IVVD,1.1200000047683716,1.1200000047683716,1.1200000047683716,1.1150000095367432,1.1150000095367432,2503.0
2024-07-03 10:14:00,JANX,38.66999816894531,38.66999816894531,38.67499923706055,38.61000061035156,38.61000061035156,1364.0
2024-07-03 10:14:00,KNSA,18.875,18.875,18.889999389648438,18.84000015258789,18.889999389648438,2616.0
2024-07-03 10:14:00,KPTI,0.836899995803833,0.836899995803833,0.8398000001907349,0.836899995803833,0.8398000001907349,1207.0
2024-07-03 10:14:00,KRYS,178.8000030517578,178.8000030517578,179.02999877929688,178.8000030517578,179.02999877929688,2629.0
2024-07-03 10:14:00,KTRA,0.27549999952316284,0.27549999952316284,0.2800000011920929,0.27549999952316284,0.2777000069618225,26005.0
2024-07-03 10:14:00,KURA,20.65999984741211,20.65999984741211,20.65999984741211,20.559999465942383,20.600000381469727,1685.0
2024-07-03 10:14:00,KZR,0.5702999830245972,0.5702999830245972,0.5702999830245972,0.5702999830245972,0.5702999830245972,3050.0
2024-07-03 10:14:00,LAB,1.7949999570846558,1.7949999570846558,1.7999999523162842,1.7949999570846558,1.7999999523162842,21523.0
2024-07-03 10:14:00,LBPH,31.594999313354492,31.594999313354492,31.594999313354492,31.594999313354492,31.594999313354492,489.0
2024-07-03 10:14:00,LEGN,45.02000045776367,45.02000045776367,45.02000045776367,44.970001220703125,44.970001220703125,880.0
2024-07-03 10:14:00,LFST,5.09499979019165,5.09499979019165,5.09499979019165,5.090000152587891,5.090000152587891,834.0
2024-07-03 10:14:00,LGVN,1.6101000308990479,1.6101000308990479,1.6200000047683716,1.6101000308990479,1.6150000095367432,1812.0
2024-07-03 10:14:00,LIVN,52.82500076293945,52.82500076293945,52.86000061035156,52.82500076293945,52.86000061035156,4091.0
2024-07-03 10:14:00,LNTH,78.56999969482422,78.56999969482422,78.74099731445312,78.52999877929688,78.74099731445312,5522.0
2024-07-03 10:14:00,LPTX,1.7599999904632568,1.7599999904632568,1.7599999904632568,1.7599999904632568,1.7599999904632568,1109.0
2024-07-03 10:14:00,LQDA,12.0649995803833,12.0649995803833,12.09000015258789,12.050000190734863,12.050000190734863,2121.0
2024-07-03 10:14:00,LRMR,7.800000190734863,7.800000190734863,7.800000190734863,7.71999979019165,7.75,2183.0
2024-07-03 10:14:00,LSTA,3.5199999809265137,3.5199999809265137,3.5199999809265137,3.5199999809265137,3.5199999809265137,200.0
2024-07-03 10:14:00,LUCY,0.4787999987602234,0.4787999987602234,0.4787999987602234,0.4778999984264374,0.4778999984264374,0.0
2024-07-03 10:14:00,LXRX,1.6150000095367432,1.6150000095367432,1.6150000095367432,1.6100000143051147,1.6150000095367432,2773.0
2024-07-03 10:14:00,LYEL,1.4800000190734863,1.4800000190734863,1.4800000190734863,1.4700000286102295,1.4700000286102295,5199.0
2024-07-03 10:14:00,MASI,113.15499877929688,113.15499877929688,113.15499877929688,113.0,113.04499816894531,1870.0
2024-07-03 10:14:00,MASS,4.800000190734863,4.800000190734863,4.800000190734863,4.760000228881836,4.760000228881836,2343.0
2024-07-03 10:14:00,MBIO,0.5199999809265137,0.5199999809265137,0.5277000069618225,0.5199999809265137,0.5277000069618225,149125.0
2024-07-03 10:14:00,MBOT,1.0800000429153442,1.0800000429153442,1.089900016784668,1.0800000429153442,1.0850000381469727,867.0
2024-07-03 10:14:00,MCRB,0.7135000228881836,0.7135000228881836,0.7149999737739563,0.7120000123977661,0.7135000228881836,26625.0
2024-07-03 10:14:00,MDGL,271.7349853515625,271.7349853515625,271.7349853515625,271.7349853515625,271.7349853515625,589.0
2024-07-03 10:14:00,MDWD,15.484999656677246,15.484999656677246,15.484999656677246,15.484999656677246,15.484999656677246,1506.0
2024-07-03 10:14:00,MDXG,6.795000076293945,6.795000076293945,6.795000076293945,6.795000076293945,6.795000076293945,139.0
2024-07-03 10:14:00,ME,0.4032000005245209,0.4032000005245209,0.4032999873161316,0.40209999680519104,0.40209999680519104,6053.0
2024-07-03 10:14:00,MGNX,4.289999961853027,4.289999961853027,4.300000190734863,4.289999961853027,4.295000076293945,3120.0
2024-07-03 10:14:00,MGTX,4.079999923706055,4.079999923706055,4.079999923706055,4.079999923706055,4.079999923706055,104.0
2024-07-03 10:14:00,MIRM,34.525001525878906,34.525001525878906,34.525001525878906,34.525001525878906,34.525001525878906,351.0
2024-07-03 10:14:00,MIST,1.3100999593734741,1.3100999593734741,1.3100999593734741,1.3100999593734741,1.3100999593734741,1324.0
2024-07-03 10:14:00,MLTX,41.16999816894531,41.16999816894531,41.16999816894531,40.88999938964844,40.88999938964844,481.0
2024-07-03 10:14:00,MMSI,85.9000015258789,85.9000015258789,86.05000305175781,85.79000091552734,86.0250015258789,6560.0
2024-07-03 10:14:00,MNKD,5.210000038146973,5.210000038146973,5.230000019073486,5.190000057220459,5.195000171661377,24431.0
2024-07-03 10:14:00,MNMD,7.119999885559082,7.119999885559082,7.119999885559082,7.119999885559082,7.119999885559082,1084.0
2024-07-03 10:14:00,MODV,26.96500015258789,26.96500015258789,26.96500015258789,26.7450008392334,26.809999465942383,4374.0
2024-07-03 10:14:00,MORF,31.8799991607666,31.8799991607666,31.8799991607666,31.8075008392334,31.8075008392334,209.0
2024-07-03 10:14:00,MOTS,0.050200000405311584,0.050200000405311584,0.050200000405311584,0.050200000405311584,0.050200000405311584,6.0
2024-07-03 10:14:00,MREO,3.484999895095825,3.484999895095825,3.484999895095825,3.484999895095825,3.484999895095825,771.0
2024-07-03 10:14:00,MRNA,118.16999816894531,118.16999816894531,118.25,118.05000305175781,118.17500305175781,9053.0
2024-07-03 10:14:00,MRNS,1.225000023841858,1.225000023841858,1.2300000190734863,1.225000023841858,1.225000023841858,868.0
2024-07-03 10:14:00,MRSN,1.8799999952316284,1.8799999952316284,1.8799999952316284,1.8799999952316284,1.8799999952316284,2188.0
2024-07-03 10:14:00,MRUS,52.97999954223633,52.97999954223633,53.08000183105469,52.97999954223633,53.08000183105469,906.0
2024-07-03 10:14:00,MRVI,6.829999923706055,6.829999923706055,6.829999923706055,6.820000171661377,6.820000171661377,1321.0
2024-07-03 10:14:00,MYGN,25.520000457763672,25.520000457763672,25.569599151611328,25.510099411010742,25.520000457763672,1915.0
2024-07-03 10:14:00,NARI,49.60499954223633,49.60499954223633,49.60499954223633,49.60499954223633,49.60499954223633,199.0
2024-07-03 10:14:00,NAUT,2.2899999618530273,2.2899999618530273,2.2899999618530273,2.2899999618530273,2.2899999618530273,289.0
2024-07-03 10:14:00,NBIX,138.24000549316406,138.24000549316406,138.3699951171875,138.24000549316406,138.3699951171875,1625.0
2024-07-03 10:14:00,NCNA,2.7300000190734863,2.7300000190734863,2.7300000190734863,2.7300000190734863,2.7300000190734863,1102.0
2024-07-03 10:14:00,NDRA,0.08380000293254852,0.08380000293254852,0.08420000225305557,0.08370000123977661,0.08399999886751175,28740.0
2024-07-03 10:14:00,NEO,13.729999542236328,13.729999542236328,13.729999542236328,13.729999542236328,13.729999542236328,1089.0
2024-07-03 10:14:00,NEOG,15.199999809265137,15.199999809265137,15.199999809265137,15.199999809265137,15.199999809265137,726.0
2024-07-03 10:14:00,NKTR,1.215000033378601,1.215000033378601,1.2200000286102295,1.2100000381469727,1.2100000381469727,9252.0
2024-07-03 10:14:00,NKTX,5.489999771118164,5.489999771118164,5.489999771118164,5.489999771118164,5.489999771118164,1354.0
2024-07-03 10:14:00,NRIX,19.47100067138672,19.47100067138672,19.610000610351562,19.459999084472656,19.489999771118164,8395.0
2024-07-03 10:14:00,NTLA,22.68000030517578,22.68000030517578,22.690000534057617,22.575000762939453,22.610000610351562,6276.0
2024-07-03 10:14:00,NTRA,112.30999755859375,112.30999755859375,112.30999755859375,112.30999755859375,112.30999755859375,150.0
2024-07-03 10:14:00,NUVL,72.55500030517578,72.55500030517578,72.55500030517578,72.53500366210938,72.53500366210938,1600.0
2024-07-03 10:14:00,NVAX,13.069899559020996,13.069899559020996,13.074999809265137,13.029999732971191,13.059900283813477,9793.0
2024-07-03 10:14:00,NVCR,16.8799991607666,16.8799991607666,16.959999084472656,16.871000289916992,16.959999084472656,5687.0
2024-07-03 10:14:00,NXL,1.4600000381469727,1.4600000381469727,1.4600000381469727,1.4600000381469727,1.4600000381469727,1132.0
2024-07-03 10:14:00,OCGN,1.6649999618530273,1.6649999618530273,1.6649999618530273,1.6649999618530273,1.6649999618530273,700.0
2024-07-03 10:14:00,OCUL,6.889999866485596,6.889999866485596,6.889999866485596,6.885000228881836,6.889999866485596,1169.0
2024-07-03 10:14:00,OGI,1.590000033378601,1.590000033378601,1.590000033378601,1.5799000263214111,1.5799000263214111,31369.0
2024-07-03 10:14:00,OLMA,10.619999885559082,10.619999885559082,10.619999885559082,10.619999885559082,10.619999885559082,443.0
2024-07-03 10:14:00,OM,3.765000104904175,3.765000104904175,3.7699999809265137,3.7202999591827393,3.7202999591827393,4155.0
2024-07-03 10:14:00,OMCL,26.20639991760254,26.20639991760254,26.20639991760254,26.20639991760254,26.20639991760254,467.0
2024-07-03 10:14:00,OMGA,2.0399999618530273,2.0399999618530273,2.0399999618530273,2.0399999618530273,2.0399999618530273,3327.0
2024-07-03 10:14:00,OMIC,8.5,8.5,8.5,8.5,8.5,497.0
2024-07-03 10:15:00,AADI,1.3650000095367432,1.3650000095367432,1.3650000095367432,1.3600000143051147,1.3600000143051147,450.0
2024-07-03 10:15:00,ABCL,2.7709999084472656,2.7709999084472656,2.7850000858306885,2.7709999084472656,2.7750000953674316,14576.0
2024-07-03 10:15:00,ABEO,4.275000095367432,4.275000095367432,4.275000095367432,4.275000095367432,4.275000095367432,405.0
2024-07-03 10:15:00,ABSI,3.174999952316284,3.174999952316284,3.174999952316284,3.1705000400543213,3.1705000400543213,1013.0
2024-07-03 10:15:00,ABUS,3.2200000286102295,3.2200000286102295,3.2200000286102295,3.2100000381469727,3.2100000381469727,25428.0
2024-07-03 10:15:00,ACAD,15.800000190734863,15.800000190734863,15.800000190734863,15.770000457763672,15.770000457763672,2831.0
2024-07-03 10:15:00,ACB,4.824999809265137,4.824999809265137,4.840000152587891,4.815000057220459,4.815000057220459,18416.0
2024-07-03 10:15:00,ACCD,3.565000057220459,3.565000057220459,3.569999933242798,3.549999952316284,3.549999952316284,29167.0
2024-07-03 10:15:00,ACET,1.0549999475479126,1.0549999475479126,1.0599000453948975,1.0499999523162842,1.0499999523162842,6723.0
2024-07-03 10:15:00,ACHC,66.01000213623047,66.01000213623047,66.01000213623047,65.91999816894531,66.0,1229.0
2024-07-03 10:15:00,ACHV,4.590000152587891,4.590000152587891,4.590000152587891,4.590000152587891,4.590000152587891,1379.0
2024-07-03 10:15:00,ACIU,3.7100000381469727,3.7100000381469727,3.9200000762939453,3.7100000381469727,3.9149999618530273,17519.0
2024-07-03 10:15:00,ACLX,54.41999816894531,54.41999816894531,54.41999816894531,54.41999816894531,54.41999816894531,1818.0
2024-07-03 10:15:00,ACRS,1.1675000190734863,1.1675000190734863,1.1692999601364136,1.159999966621399,1.1692999601364136,3316.0
2024-07-03 10:15:00,ADMA,11.375,11.375,11.383199691772461,11.375,11.380200386047363,4222.0
2024-07-03 10:15:00,ADUS,117.63500213623047,117.63500213623047,117.66999816894531,117.58999633789062,117.66999816894531,1081.0
2024-07-03 10:15:00,AEMD,0.4203000068664551,0.4203000068664551,0.4203000068664551,0.4156000018119812,0.4156000018119812,12541.0
2024-07-03 10:15:00,AFMD,5.105000019073486,5.105000019073486,5.105000019073486,5.105000019073486,5.105000019073486,303.0
2024-07-03 10:15:00,AGIO,42.310001373291016,42.310001373291016,42.310001373291016,42.310001373291016,42.310001373291016,930.0
2024-07-03 10:15:00,AHCO,9.6899995803833,9.6899995803833,9.6899995803833,9.6899995803833,9.6899995803833,1346.0
2024-07-03 10:15:00,AIRS,4.119999885559082,4.119999885559082,4.119999885559082,4.119999885559082,4.119999885559082,203.0
2024-07-03 10:15:00,AKBA,0.9476000070571899,0.9476000070571899,0.9476000070571899,0.9449999928474426,0.9451000094413757,13919.0
2024-07-03 10:15:00,ALEC,4.480000019073486,4.480000019073486,4.480000019073486,4.480000019073486,4.480000019073486,798.0
2024-07-03 10:15:00,ALGN,237.85000610351562,237.85000610351562,237.85000610351562,237.85000610351562,237.85000610351562,713.0
2024-07-03 10:15:00,ALGS,0.4138999879360199,0.4138999879360199,0.4138999879360199,0.4138999879360199,0.4138999879360199,800.0
2024-07-03 10:15:00,ALKS,24.440000534057617,24.440000534057617,24.440000534057617,24.40999984741211,24.40999984741211,1556.0
2024-07-03 10:15:00,ALLO,2.1500000953674316,2.1500000953674316,2.1549999713897705,2.1500000953674316,2.1549999713897705,5878.0
2024-07-03 10:15:00,ALLR,0.20630000531673431,0.20630000531673431,0.20630000531673431,0.20630000531673431,0.20630000531673431,2647.0
2024-07-03 10:15:00,ALNY,247.7550048828125,247.7550048828125,247.7550048828125,247.7550048828125,247.7550048828125,658.0
2024-07-03 10:15:00,ALRN,2.788300037384033,2.788300037384033,2.788300037384033,2.788300037384033,2.788300037384033,300.0
2024-07-03 10:15:00,ALT,6.880000114440918,6.880000114440918,6.88640022277832,6.864999771118164,6.864999771118164,8675.0
2024-07-03 10:15:00,ALXO,6.025000095367432,6.025000095367432,6.059999942779541,6.019999980926514,6.023099899291992,1928.0
2024-07-03 10:15:00,AMED,96.68499755859375,96.68499755859375,96.68499755859375,96.6500015258789,96.6500015258789,2164.0
2024-07-03 10:15:00,AMGN,311.3500061035156,311.3500061035156,311.385009765625,311.3500061035156,311.385009765625,1233.0
2024-07-03 10:15:00,AMLX,1.774999976158142,1.774999976158142,1.7799999713897705,1.774999976158142,1.774999976158142,2593.0
2024-07-03 10:15:00,AMPH,38.36000061035156,38.36000061035156,38.36000061035156,38.36000061035156,38.36000061035156,354.0
2024-07-03 10:15:00,AMRN,0.718999981880188,0.718999981880188,0.718999981880188,0.7063000202178955,0.7063000202178955,0.0
2024-07-03 10:15:00,ANAB,25.350000381469727,25.350000381469727,25.350000381469727,25.350000381469727,25.350000381469727,646.0
2024-07-03 10:15:00,ANNX,4.789999961853027,4.789999961853027,4.789999961853027,4.784999847412109,4.784999847412109,1457.0
2024-07-03 10:15:00,ANTX,2.549999952316284,2.549999952316284,2.5680999755859375,2.549999952316284,2.5680999755859375,2514.0
2024-07-03 10:15:00,APDN,0.4410000145435333,0.4410000145435333,0.4505000114440918,0.4410000145435333,0.4505000114440918,2337.0
2024-07-03 10:15:00,APLS,36.52000045776367,36.52000045776367,36.52000045776367,36.52000045776367,36.52000045776367,836.0
2024-07-03 10:15:00,APLT,4.409999847412109,4.409999847412109,4.420000076293945,4.409999847412109,4.420000076293945,1162.0
2024-07-03 10:15:00,ARCT,21.875,21.875,21.899999618530273,21.81999969482422,21.899999618530273,1247.0
2024-07-03 10:15:00,ARDX,5.269000053405762,5.269000053405762,5.269999980926514,5.235000133514404,5.244999885559082,32407.0
2024-07-03 10:15:00,ARQT,9.529999732971191,9.529999732971191,9.53499984741211,9.484999656677246,9.524999618530273,17836.0
2024-07-03 10:15:00,ARVN,25.014999389648438,25.014999389648438,25.049999237060547,25.0,25.049999237060547,1075.0
2024-07-03 10:15:00,ARWR,25.670000076293945,25.670000076293945,25.670000076293945,25.600000381469727,25.610000610351562,1534.0
2024-07-03 10:15:00,ASLN,2.2997000217437744,2.2997000217437744,2.2997000217437744,2.2850000858306885,2.2850000858306885,604.0
2024-07-03 10:15:00,ASND,136.4149932861328,136.4149932861328,136.4149932861328,136.4149932861328,136.4149932861328,430.0
2024-07-03 10:15:00,ASRT,1.315000057220459,1.315000057220459,1.315000057220459,1.2999999523162842,1.2999999523162842,5155.0
2024-07-03 10:15:00,ATAI,1.309999942779541,1.309999942779541,1.309999942779541,1.309999942779541,1.309999942779541,235.0
2024-07-03 10:15:00,ATEC,9.979999542236328,9.979999542236328,9.989999771118164,9.979999542236328,9.984999656677246,2352.0
2024-07-03 10:15:00,ATRC,22.25,22.25,22.25,22.25,22.25,254.0
2024-07-03 10:15:00,ATXI,3.3499999046325684,3.3499999046325684,3.3499999046325684,3.3499999046325684,3.3499999046325684,589.0
2024-07-03 10:15:00,ATXS,9.095000267028809,9.095000267028809,9.095000267028809,9.09000015258789,9.09000015258789,1551.0
2024-07-03 10:15:00,AUTL,3.450500011444092,3.450500011444092,3.453200101852417,3.450500011444092,3.453200101852417,431.0
2024-07-03 10:15:00,AVDL,14.289999961853027,14.289999961853027,14.289999961853027,14.279999732971191,14.279999732971191,4598.0
2024-07-03 10:15:00,AVTE,1.6150000095367432,1.6150000095367432,1.6150000095367432,1.6150000095367432,1.6150000095367432,423.0
2024-07-03 10:15:00,AVXL,4.230000019073486,4.230000019073486,4.230000019073486,4.21999979019165,4.21999979019165,788.0
2024-07-03 10:15:00,AXGN,7.440000057220459,7.440000057220459,7.440000057220459,7.440000057220459,7.440000057220459,285.0
2024-07-03 10:15:00,AXNX,67.43000030517578,67.43000030517578,67.43000030517578,67.43000030517578,67.43000030517578,321.0
2024-07-03 10:15:00,AZN,76.79000091552734,76.79000091552734,76.79000091552734,76.76000213623047,76.76000213623047,17734.0
2024-07-03 10:15:00,AZTA,52.65999984741211,52.65999984741211,52.66999816894531,52.65999984741211,52.66999816894531,2090.0
2024-07-03 10:15:00,BBIO,25.31999969482422,25.31999969482422,25.329999923706055,25.31999969482422,25.329999923706055,3314.0
2024-07-03 10:15:00,BCAB,1.309999942779541,1.309999942779541,1.309999942779541,1.309999942779541,1.309999942779541,139.0
2024-07-03 10:15:00,BCLI,0.35519999265670776,0.35519999265670776,0.36000001430511475,0.35519999265670776,0.36000001430511475,5454.0
2024-07-03 10:15:00,BCRX,6.695000171661377,6.695000171661377,6.695000171661377,6.675000190734863,6.679999828338623,3299.0
2024-07-03 10:15:00,BCTX,1.0399999618530273,1.0399999618530273,1.0399999618530273,1.0399999618530273,1.0399999618530273,804.0
2024-07-03 10:15:00,BCYC,19.719999313354492,19.719999313354492,19.719999313354492,19.709999084472656,19.709999084472656,611.0
2024-07-03 10:15:00,BEAM,23.56999969482422,23.56999969482422,23.59000015258789,23.510000228881836,23.510000228881836,2792.0
2024-07-03 10:15:00,BGXX,0.2743000090122223,0.2743000090122223,0.2743000090122223,0.2743000090122223,0.2743000090122223,694.0
2024-07-03 10:15:00,BIAF,2.2197000980377197,2.2197000980377197,2.2200000286102295,2.2197000980377197,2.2200000286102295,2253.0
2024-07-03 10:15:00,BIIB,226.55999755859375,226.55999755859375,226.55999755859375,226.55999755859375,226.55999755859375,731.0
2024-07-03 10:15:00,BIVI,0.4171999990940094,0.4171999990940094,0.4171999990940094,0.4171999990940094,0.4171999990940094,710.0
2024-07-03 10:15:00,BLFS,20.21500015258789,20.21500015258789,20.21500015258789,20.21500015258789,20.21500015258789,843.0
2024-07-03 10:15:00,BLTE,45.81999969482422,45.81999969482422,45.81999969482422,45.81999969482422,45.81999969482422,235.0
2024-07-03 10:15:00,BLUE,0.932699978351593,0.932699978351593,0.932699978351593,0.9300000071525574,0.9300000071525574,38436.0
2024-07-03 10:15:00,BMRN,81.81999969482422,81.81999969482422,81.87000274658203,81.78500366210938,81.78500366210938,2852.0
2024-07-03 10:15:00,BNGO,0.550599992275238,0.550599992275238,0.5508000254631042,0.5504999756813049,0.5508000254631042,101781.0
2024-07-03 10:15:00,BNTX,81.05999755859375,81.05999755859375,81.05999755859375,80.9000015258789,80.9000015258789,1996.0
2024-07-03 10:15:00,BRKR,62.290000915527344,62.290000915527344,62.290000915527344,62.290000915527344,62.290000915527344,542.0
2024-07-03 10:15:00,BTAI,1.0850000381469727,1.0850000381469727,1.0850000381469727,1.0850000381469727,1.0850000381469727,178.0
2024-07-03 10:15:00,BVS,6.099999904632568,6.099999904632568,6.099999904632568,6.090000152587891,6.099999904632568,2202.0
2024-07-03 10:15:00,BWAY,5.910099983215332,5.910099983215332,5.910099983215332,5.910099983215332,5.910099983215332,11474.0
2024-07-03 10:15:00,CABA,7.675000190734863,7.675000190734863,7.71999979019165,7.675000190734863,7.710000038146973,6448.0
2024-07-03 10:15:00,CADL,6.21999979019165,6.21999979019165,6.21999979019165,6.21999979019165,6.21999979019165,1136.0
2024-07-03 10:15:00,CARA,0.28200000524520874,0.28200000524520874,0.28200000524520874,0.2727999985218048,0.2727999985218048,747.0
2024-07-03 10:15:00,CASI,5.190000057220459,5.190000057220459,5.190000057220459,5.179999828338623,5.179999828338623,1465.0
2024-07-03 10:15:00,CCCC,4.71999979019165,4.71999979019165,4.71999979019165,4.710000038146973,4.71999979019165,2499.0
2024-07-03 10:15:00,CDMO,7.65500020980835,7.65500020980835,7.691500186920166,7.639999866485596,7.691500186920166,3641.0
2024-07-03 10:15:00,CDNA,15.300000190734863,15.300000190734863,15.300000190734863,15.289999961853027,15.300000190734863,1668.0
2024-07-03 10:15:00,CDXC,2.5999999046325684,2.5999999046325684,2.6041998863220215,2.5999999046325684,2.5999999046325684,2570.0
2024-07-03 10:15:00,CDXS,2.940000057220459,2.940000057220459,2.940000057220459,2.940000057220459,2.940000057220459,0.0
2024-07-03 10:15:00,CERE,41.279998779296875,41.279998779296875,41.279998779296875,41.279998779296875,41.279998779296875,247.0
2024-07-03 10:15:00,CGC,6.635000228881836,6.635000228881836,6.639400005340576,6.625,6.630000114440918,9291.0
2024-07-03 10:15:00,CGTX,1.889299988746643,1.889299988746643,1.889299988746643,1.889299988746643,1.889299988746643,0.0
2024-07-03 10:15:00,CING,0.3043999969959259,0.3043999969959259,0.3043999969959259,0.3043999969959259,0.3043999969959259,13979.0
2024-07-03 10:15:00,CKPT,2.2200000286102295,2.2200000286102295,2.2300000190734863,2.2200000286102295,2.2300000190734863,6819.0
2024-07-03 10:15:00,CLDX,36.72999954223633,36.72999954223633,36.72999954223633,36.72999954223633,36.72999954223633,543.0
2024-07-03 10:15:00,CLOV,1.2549999952316284,1.2549999952316284,1.2549999952316284,1.2549999952316284,1.2549999952316284,2000.0
2024-07-03 10:15:00,CLRB,2.4200000762939453,2.4200000762939453,2.4200000762939453,2.416800022125244,2.416800022125244,3718.0
2024-07-03 10:15:00,CMPS,6.224999904632568,6.224999904632568,6.224999904632568,6.224999904632568,6.224999904632568,122.0
2024-07-03 10:15:00,CMPX,0.800000011920929,0.800000011920929,0.8600000143051147,0.800000011920929,0.8600000143051147,15925.0
2024-07-03 10:15:00,CNSP,2.109999895095825,2.109999895095825,2.130000114440918,2.0999999046325684,2.11899995803833,100690.0
2024-07-03 10:15:00,COGT,8.329999923706055,8.329999923706055,8.329999923706055,8.3100004196167,8.3100004196167,1409.0
2024-07-03 10:15:00,CORT,31.209999084472656,31.209999084472656,31.209999084472656,31.209999084472656,31.209999084472656,260.0
2024-07-03 10:15:00,COSM,0.9700999855995178,0.9700999855995178,0.9700999855995178,0.9700999855995178,0.9700999855995178,851.0
2024-07-03 10:15:00,CRBU,1.6100000143051147,1.6100000143051147,1.6100000143051147,1.600000023841858,1.600000023841858,4481.0
2024-07-03 10:15:00,CRDF,2.184999942779541,2.184999942779541,2.190000057220459,2.180000066757202,2.180000066757202,2978.0
2024-07-03 10:15:00,CRMD,4.175000190734863,4.175000190734863,4.179999828338623,4.175000190734863,4.179999828338623,420.0
2024-07-03 10:15:00,CRNX,44.44499969482422,44.44499969482422,44.44499969482422,44.44499969482422,44.44499969482422,407.0
2024-07-03 10:15:00,CRON,2.3350000381469727,2.3350000381469727,2.3399999141693115,2.3350000381469727,2.3399999141693115,1117.0
2024-07-03 10:15:00,CRSP,54.29999923706055,54.29999923706055,54.41999816894531,54.290000915527344,54.41999816894531,5702.0
2024-07-03 10:15:00,CSTL,21.354999542236328,21.354999542236328,21.360000610351562,21.329999923706055,21.360000610351562,1963.0
2024-07-03 10:15:00,CTKB,5.760000228881836,5.760000228881836,5.760000228881836,5.760000228881836,5.760000228881836,677.0
2024-07-03 10:15:00,CTSO,0.8400999903678894,0.8400999903678894,0.8400999903678894,0.8400999903678894,0.8400999903678894,200.0
2024-07-03 10:15:00,CTXR,0.5170000195503235,0.5170000195503235,0.5248000025749207,0.5170000195503235,0.5248000025749207,9250.0
2024-07-03 10:15:00,CUE,1.0196000337600708,1.0196000337600708,1.0196000337600708,1.0099999904632568,1.0099999904632568,400.0
2024-07-03 10:15:00,CUTR,1.3619999885559082,1.3619999885559082,1.3619999885559082,1.3619999885559082,1.3619999885559082,312.0
2024-07-03 10:15:00,CVAC,3.5,3.5,3.505000114440918,3.4049999713897705,3.4049999713897705,88745.0
2024-07-03 10:15:00,CVRX,11.789999961853027,11.789999961853027,11.800000190734863,11.789999961853027,11.800000190734863,621.0
2024-07-03 10:15:00,CYTK,54.875,54.875,55.0,54.875,54.904998779296875,2850.0
2024-07-03 10:15:00,DAWN,13.520000457763672,13.520000457763672,13.520000457763672,13.520000457763672,13.520000457763672,322.0
2024-07-03 10:15:00,DCTH,8.0,8.0,8.0,7.985000133514404,7.985000133514404,526.0
2024-07-03 10:15:00,DNLI,22.084999084472656,22.084999084472656,22.084999084472656,22.059999465942383,22.06999969482422,2167.0
2024-07-03 10:15:00,DSGN,3.2100000381469727,3.2100000381469727,3.2100000381469727,3.2100000381469727,3.2100000381469727,1497.0
2024-07-03 10:15:00,DVAX,11.170000076293945,11.170000076293945,11.180000305175781,11.170000076293945,11.180000305175781,1625.0
2024-07-03 10:15:00,DXCM,110.29609680175781,110.29609680175781,110.41999816894531,110.29609680175781,110.32499694824219,3034.0
2024-07-03 10:15:00,DYN,34.5525016784668,34.5525016784668,34.595001220703125,34.5099983215332,34.529998779296875,2430.0
2024-07-03 10:15:00,EDIT,4.704999923706055,4.704999923706055,4.704999923706055,4.699999809265137,4.699999809265137,7270.0
2024-07-03 10:15:00,ELDN,2.490000009536743,2.490000009536743,2.490000009536743,2.490000009536743,2.490000009536743,846.0
2024-07-03 10:15:00,ELEV,2.734999895095825,2.734999895095825,2.734999895095825,2.7100000381469727,2.7197000980377197,7071.0
2024-07-03 10:15:00,ENSG,126.48999786376953,126.48999786376953,126.48999786376953,126.48999786376953,126.48999786376953,885.0
2024-07-03 10:15:00,ENTA,13.470000267028809,13.470000267028809,13.470000267028809,13.470000267028809,13.470000267028809,654.0
2024-07-03 10:15:00,EOLS,10.835000038146973,10.835000038146973,10.835000038146973,10.819999694824219,10.819999694824219,935.0
2024-07-03 10:15:00,EPIX,4.760000228881836,4.760000228881836,4.760000228881836,4.760000228881836,4.760000228881836,8194.0
2024-07-03 10:15:00,ERAS,2.2850000858306885,2.2850000858306885,2.2850000858306885,2.2799999713897705,2.2799999713897705,5232.0
2024-07-03 10:15:00,ESPR,2.375,2.375,2.380000114440918,2.373699903488159,2.376800060272217,2795.0
2024-07-03 10:15:00,ESTA,43.08000183105469,43.08000183105469,43.08000183105469,43.08000183105469,43.08000183105469,1393.0
2024-07-03 10:15:00,ETNB,7.809999942779541,7.809999942779541,7.815000057220459,7.809999942779541,7.815000057220459,1330.0
2024-07-03 10:15:00,EWTX,18.139999389648438,18.139999389648438,18.15999984741211,18.139999389648438,18.149999618530273,915.0
2024-07-03 10:15:00,EXAS,43.54999923706055,43.54999923706055,43.58000183105469,43.54999923706055,43.58000183105469,598.0
2024-07-03 10:15:00,EYEN,0.7771999835968018,0.7771999835968018,0.7771999835968018,0.7771999835968018,0.7771999835968018,290.0
2024-07-03 10:15:00,EYPT,8.369999885559082,8.369999885559082,8.40999984741211,8.359999656677246,8.399999618530273,4081.0
2024-07-03 10:15:00,FATE,3.319999933242798,3.319999933242798,3.319999933242798,3.309999942779541,3.315000057220459,3044.0
2024-07-03 10:15:00,FBIO,1.7350000143051147,1.7350000143051147,1.7350000143051147,1.7350000143051147,1.7350000143051147,200.0
2024-07-03 10:15:00,FDMT,20.9950008392334,20.9950008392334,21.049999237060547,20.950000762939453,21.049999237060547,3081.0
2024-07-03 10:15:00,FENC,6.045400142669678,6.045400142669678,6.045400142669678,6.045400142669678,6.045400142669678,946.0
2024-07-03 10:15:00,FGEN,0.7296000123023987,0.7296000123023987,0.7300000190734863,0.7296000123023987,0.7300000190734863,2454.0
2024-07-03 10:15:00,FOLD,9.944999694824219,9.944999694824219,9.949999809265137,9.944999694824219,9.944999694824219,660.0
2024-07-03 10:15:00,GDRX,7.784999847412109,7.784999847412109,7.789999961853027,7.78000020980835,7.78000020980835,1506.0
2024-07-03 10:15:00,GERN,4.315000057220459,4.315000057220459,4.320000171661377,4.315000057220459,4.315000057220459,1118.0
2024-07-03 10:15:00,GH,28.75,28.75,28.75,28.75,28.75,466.0
2024-07-03 10:15:00,GHRS,11.5600004196167,11.5600004196167,11.600000381469727,11.5600004196167,11.600000381469727,373.0
2024-07-03 10:15:00,GILD,67.22000122070312,67.22000122070312,67.30000305175781,67.19999694824219,67.29000091552734,10408.0
2024-07-03 10:15:00,GLYC,0.2667999863624573,0.2667999863624573,0.2667999863624573,0.2667999863624573,0.2667999863624573,836.0
2024-07-03 10:15:00,GOSS,0.9469000101089478,0.9469000101089478,0.9469000101089478,0.9466999769210815,0.9466999769210815,1658.0
2024-07-03 10:15:00,GOVX,3.099900007247925,3.099900007247925,3.099900007247925,3.091599941253662,3.091599941253662,1539.0
2024-07-03 10:15:00,GRTS,0.567300021648407,0.567300021648407,0.5673999786376953,0.5644999742507935,0.5645999908447266,22246.0
2024-07-03 10:15:00,GTHX,2.5299999713897705,2.5299999713897705,2.5299999713897705,2.5199999809265137,2.5199999809265137,769.0
2024-07-03 10:15:00,HALO,51.41999816894531,51.41999816894531,51.5359992980957,51.41999816894531,51.5359992980957,2338.0
2024-07-03 10:15:00,HCM,17.53499984741211,17.53499984741211,17.559999465942383,17.520000457763672,17.559999465942383,739.0
2024-07-03 10:15:00,HITI,2.0999999046325684,2.0999999046325684,2.0999999046325684,2.097899913787842,2.097899913787842,900.0
2024-07-03 10:15:00,HOLX,73.04000091552734,73.04000091552734,73.04000091552734,73.04000091552734,73.04000091552734,2497.0
2024-07-03 10:15:00,HOWL,2.1500000953674316,2.1500000953674316,2.1500000953674316,2.1500000953674316,2.1500000953674316,816.0
2024-07-03 10:15:00,HQY,83.68499755859375,83.68499755859375,83.68499755859375,83.68499755859375,83.68499755859375,132.0
2024-07-03 10:15:00,HROW,21.77869987487793,21.77869987487793,21.77869987487793,21.77869987487793,21.77869987487793,206.0
2024-07-03 10:15:00,HRTX,2.8550000190734863,2.8550000190734863,2.8550000190734863,2.8550000190734863,2.8550000190734863,429.0
2024-07-03 10:15:00,HSIC,65.2699966430664,65.2699966430664,65.2699966430664,65.03500366210938,65.03500366210938,3297.0
2024-07-03 10:15:00,HSTM,27.690000534057617,27.690000534057617,27.690000534057617,27.690000534057617,27.690000534057617,967.0
2024-07-03 10:15:00,HUMA,5.73799991607666,5.73799991607666,5.739999771118164,5.679999828338623,5.679999828338623,21304.0
2024-07-03 10:15:00,HYPR,0.9298999905586243,0.9298999905586243,0.9298999905586243,0.9298999905586243,0.9298999905586243,100.0
2024-07-03 10:15:00,IART,28.969999313354492,28.969999313354492,28.969999313354492,28.969999313354492,28.969999313354492,710.0
2024-07-03 10:15:00,IBRX,6.260000228881836,6.260000228881836,6.299900054931641,6.260000228881836,6.289999961853027,19045.0
2024-07-03 10:15:00,IDXX,473.2699890136719,473.2699890136719,474.0199890136719,473.1499938964844,473.5199890136719,6225.0
2024-07-03 10:15:00,IGMS,6.460000038146973,6.460000038146973,6.460000038146973,6.460000038146973,6.460000038146973,1019.0
2024-07-03 10:15:00,IKNA,1.6399999856948853,1.6399999856948853,1.6399999856948853,1.6399999856948853,1.6399999856948853,314.0
2024-07-03 10:15:00,ILMN,106.56500244140625,106.56500244140625,106.72000122070312,106.43499755859375,106.43499755859375,12520.0
2024-07-03 10:15:00,IMCR,35.540000915527344,35.540000915527344,35.540000915527344,35.540000915527344,35.540000915527344,407.0
2024-07-03 10:15:00,IMMX,2.2699999809265137,2.2699999809265137,2.2699999809265137,2.2699999809265137,2.2699999809265137,700.0
2024-07-03 10:15:00,IMNM,11.9399995803833,11.9399995803833,11.944999694824219,11.9399995803833,11.9399995803833,914.0
2024-07-03 10:15:00,IMRX,1.159999966621399,1.159999966621399,1.159999966621399,1.159999966621399,1.159999966621399,563.0
2024-07-03 10:15:00,IMTX,11.994999885559082,11.994999885559082,11.994999885559082,11.994999885559082,11.994999885559082,302.0
2024-07-03 10:15:00,IMUX,1.1200000047683716,1.1200000047683716,1.1200000047683716,1.1200000047683716,1.1200000047683716,1000.0
2024-07-03 10:15:00,IMVT,27.0,27.0,27.0,26.889999389648438,26.889999389648438,2403.0
2024-07-03 10:15:00,INBX,13.404999732971191,13.404999732971191,13.404999732971191,13.404999732971191,13.404999732971191,535.0
2024-07-03 10:15:00,INCY,58.470001220703125,58.470001220703125,58.56380081176758,58.470001220703125,58.56380081176758,1643.0
2024-07-03 10:15:00,INMD,17.739999771118164,17.739999771118164,17.75,17.729999542236328,17.735000610351562,10459.0
2024-07-03 10:15:00,INSM,64.02999877929688,64.02999877929688,64.08000183105469,64.0250015258789,64.0250015258789,1218.0
2024-07-03 10:15:00,INVA,16.40999984741211,16.40999984741211,16.40999984741211,16.40999984741211,16.40999984741211,324.0
2024-07-03 10:15:00,IONM,0.3253999948501587,0.3253999948501587,0.33009999990463257,0.3253999948501587,0.33009999990463257,2423.0
2024-07-03 10:15:00,IONS,45.0099983215332,45.0099983215332,45.02000045776367,45.0099983215332,45.02000045776367,626.0
2024-07-03 10:15:00,IOVA,7.795000076293945,7.795000076293945,7.800000190734863,7.795000076293945,7.795000076293945,9042.0
2024-07-03 10:15:00,IPSC,2.2750000953674316,2.2750000953674316,2.2750000953674316,2.2750000953674316,2.2750000953674316,830.0
2024-07-03 10:15:00,IRTC,92.0,92.0,92.63999938964844,92.0,92.63999938964844,5328.0
2024-07-03 10:15:00,IRWD,6.224999904632568,6.224999904632568,6.229499816894531,6.204999923706055,6.229499816894531,5115.0
2024-07-03 10:15:00,ISPC,0.2930999994277954,0.2930999994277954,0.2930999994277954,0.2930999994277954,0.2930999994277954,104.0
2024-07-03 10:15:00,ISRG,434.1499938964844,434.1499938964844,434.17999267578125,434.1499938964844,434.17999267578125,613.0
2024-07-03 10:15:00,ITCI,68.3499984741211,68.3499984741211,68.55999755859375,68.30999755859375,68.51499938964844,4591.0
2024-07-03 10:15:00,IXHL,2.75,2.75,2.75,2.75,2.75,219.0
2024-07-03 10:15:00,JAGX,3.4798998832702637,3.4798998832702637,3.4798998832702637,3.4798998832702637,3.4798998832702637,128.0
2024-07-03 10:15:00,JAZZ,104.83499908447266,104.83499908447266,105.12000274658203,104.83000183105469,105.12000274658203,1956.0
2024-07-03 10:15:00,JSPR,23.450000762939453,23.450000762939453,23.450000762939453,23.450000762939453,23.450000762939453,366.0
2024-07-03 10:15:00,KALA,6.78000020980835,6.78000020980835,6.78000020980835,6.769999980926514,6.769999980926514,1503.0
2024-07-03 10:15:00,KOD,2.2200000286102295,2.2200000286102295,2.2200000286102295,2.2200000286102295,2.2200000286102295,276.0
2024-07-03 10:15:00,KPRX,4.309999942779541,4.309999942779541,4.309999942779541,4.230000019073486,4.25,2335.0
2024-07-03 10:15:00,KPTI,0.8414000272750854,0.8414000272750854,0.8420000076293945,0.8382999897003174,0.8417999744415283,4132.0
2024-07-03 10:15:00,KRON,1.159999966621399,1.159999966621399,1.1799999475479126,1.159999966621399,1.1799999475479126,12120.0
2024-07-03 10:15:00,KROS,42.935001373291016,42.935001373291016,42.970001220703125,42.935001373291016,42.970001220703125,800.0
2024-07-03 10:15:00,KRYS,179.17999267578125,179.17999267578125,179.17999267578125,179.10000610351562,179.10000610351562,2613.0
2024-07-03 10:15:00,KTRA,0.27630001306533813,0.27630001306533813,0.27630001306533813,0.274399995803833,0.274399995803833,7741.0
2024-07-03 10:15:00,KURA,20.65999984741211,20.65999984741211,20.65999984741211,20.649999618530273,20.65999984741211,1889.0
2024-07-03 10:15:00,KZR,0.5716999769210815,0.5716999769210815,0.5723999738693237,0.570900022983551,0.5709999799728394,10715.0
2024-07-03 10:15:00,LAB,1.7999999523162842,1.7999999523162842,1.7999999523162842,1.7999999523162842,1.7999999523162842,900.0
2024-07-03 10:15:00,LBPH,31.594999313354492,31.594999313354492,31.594999313354492,31.594999313354492,31.594999313354492,347.0
2024-07-03 10:15:00,LFMD,6.775000095367432,6.775000095367432,6.775000095367432,6.775000095367432,6.775000095367432,935.0
2024-07-03 10:15:00,LFST,5.105000019073486,5.105000019073486,5.105000019073486,5.0914998054504395,5.0914998054504395,3503.0
2024-07-03 10:15:00,LGVN,1.6100000143051147,1.6100000143051147,1.6200000047683716,1.6100000143051147,1.6200000047683716,4448.0
2024-07-03 10:15:00,LIVN,52.77000045776367,52.77000045776367,52.77000045776367,52.77000045776367,52.77000045776367,681.0
2024-07-03 10:15:00,LPCN,7.949999809265137,7.949999809265137,7.949999809265137,7.949999809265137,7.949999809265137,598.0
2024-07-03 10:15:00,LQDA,12.109999656677246,12.109999656677246,12.15999984741211,12.09000015258789,12.09000015258789,9167.0
2024-07-03 10:15:00,LSTA,3.508500099182129,3.508500099182129,3.508500099182129,3.440000057220459,3.508500099182129,2467.0
2024-07-03 10:15:00,LUCY,0.47839999198913574,0.47839999198913574,0.47839999198913574,0.4778999984264374,0.4778999984264374,2162.0
2024-07-03 10:15:00,MASI,113.12000274658203,113.12000274658203,113.12000274658203,112.972900390625,112.972900390625,959.0
2024-07-03 10:15:00,MASS,4.800000190734863,4.800000190734863,4.813300132751465,4.800000190734863,4.813300132751465,494.0
2024-07-03 10:15:00,MBIO,0.5188000202178955,0.5188000202178955,0.5200999975204468,0.5184999704360962,0.5199999809265137,70133.0
2024-07-03 10:15:00,MBOT,1.0894999504089355,1.0894999504089355,1.090000033378601,1.0800000429153442,1.0800000429153442,996.0
2024-07-03 10:15:00,MCRB,0.711899995803833,0.711899995803833,0.7121999859809875,0.711899995803833,0.7121999859809875,2053.0
2024-07-03 10:15:00,MDXG,6.795000076293945,6.795000076293945,6.795000076293945,6.795000076293945,6.795000076293945,352.0
2024-07-03 10:15:00,ME,0.40230000019073486,0.40230000019073486,0.4032000005245209,0.40230000019073486,0.4032000005245209,975.0
2024-07-03 10:15:00,MEDS,17.83209991455078,17.83209991455078,17.83209991455078,17.83209991455078,17.83209991455078,752.0
2024-07-03 10:15:00,MESO,6.656799793243408,6.656799793243408,6.656799793243408,6.656799793243408,6.656799793243408,171.0
2024-07-03 10:15:00,MGNX,4.2906999588012695,4.2906999588012695,4.300000190734863,4.2906999588012695,4.295000076293945,1599.0
2024-07-03 10:15:00,MGTX,4.045000076293945,4.045000076293945,4.045000076293945,4.045000076293945,4.045000076293945,200.0
2024-07-03 10:15:00,MIRM,34.46500015258789,34.46500015258789,34.46500015258789,34.46500015258789,34.46500015258789,744.0
2024-07-03 10:15:00,MNKD,5.215000152587891,5.215000152587891,5.215000152587891,5.210000038146973,5.210000038146973,8357.0
2024-07-03 10:15:00,MNMD,7.144999980926514,7.144999980926514,7.144999980926514,7.139999866485596,7.139999866485596,999.0
2024-07-03 10:15:00,MOR,18.209999084472656,18.209999084472656,18.209999084472656,18.209999084472656,18.209999084472656,15361.0
2024-07-03 10:15:00,MORF,31.979999542236328,31.979999542236328,31.979999542236328,31.899999618530273,31.899999618530273,1563.0
2024-07-03 10:15:00,MREO,3.494999885559082,3.494999885559082,3.4981000423431396,3.494999885559082,3.4981000423431396,411.0
2024-07-03 10:15:00,MRNA,118.15499877929688,118.15499877929688,118.4000015258789,118.05999755859375,118.19000244140625,11541.0
2024-07-03 10:15:00,MRNS,1.2300000190734863,1.2300000190734863,1.2300000190734863,1.2300000190734863,1.2300000190734863,100.0
2024-07-03 10:15:00,MRSN,1.8861000537872314,1.8861000537872314,1.8861000537872314,1.8861000537872314,1.8861000537872314,356.0
2024-07-03 10:15:00,MRUS,53.04499816894531,53.04499816894531,53.11000061035156,52.849998474121094,52.849998474121094,5474.0
2024-07-03 10:15:00,MRVI,6.815000057220459,6.815000057220459,6.8308000564575195,6.815000057220459,6.8308000564575195,6556.0
2024-07-03 10:15:00,MYGN,25.520000457763672,25.520000457763672,25.59000015258789,25.49810028076172,25.56999969482422,7407.0
2024-07-03 10:15:00,NARI,49.61000061035156,49.61000061035156,49.61000061035156,49.61000061035156,49.61000061035156,505.0
2024-07-03 10:15:00,NBIX,138.23350524902344,138.23350524902344,138.41000366210938,138.23350524902344,138.41000366210938,1355.0
2024-07-03 10:15:00,NBTX,5.400000095367432,5.400000095367432,5.460000038146973,5.400000095367432,5.460000038146973,540.0
2024-07-03 10:15:00,NDRA,0.08370000123977661,0.08370000123977661,0.08370000123977661,0.08330000191926956,0.08330000191926956,9455.0
2024-07-03 10:15:00,NEO,13.71500015258789,13.71500015258789,13.729999542236328,13.71500015258789,13.729999542236328,1009.0
2024-07-03 10:15:00,NEOG,15.216699600219727,15.216699600219727,15.216699600219727,15.216699600219727,15.216699600219727,492.0
2024-07-03 10:15:00,NKTR,1.225000023841858,1.225000023841858,1.225000023841858,1.2200000286102295,1.2200000286102295,9687.0
2024-07-03 10:15:00,NKTX,5.510000228881836,5.510000228881836,5.510000228881836,5.510000228881836,5.510000228881836,508.0
2024-07-03 10:15:00,NOTV,1.659999966621399,1.659999966621399,1.6649999618530273,1.659999966621399,1.6649999618530273,515.0
2024-07-03 10:15:00,NRC,22.899999618530273,22.899999618530273,22.899999618530273,22.899999618530273,22.899999618530273,346.0
2024-07-03 10:15:00,NRIX,19.540000915527344,19.540000915527344,19.540000915527344,19.510000228881836,19.510000228881836,917.0
2024-07-03 10:15:00,NRSN,1.2800999879837036,1.2800999879837036,1.281000018119812,1.2800999879837036,1.281000018119812,1845.0
2024-07-03 10:15:00,NTLA,22.7549991607666,22.7549991607666,22.770000457763672,22.69099998474121,22.700000762939453,23220.0
2024-07-03 10:15:00,NTRA,112.2699966430664,112.2699966430664,112.2750015258789,112.2699966430664,112.2750015258789,1385.0
2024-07-03 10:15:00,NTRB,5.784999847412109,5.784999847412109,5.784999847412109,5.784999847412109,5.784999847412109,216.0
2024-07-03 10:15:00,NVAX,13.140000343322754,13.140000343322754,13.170000076293945,13.054699897766113,13.054699897766113,44661.0
2024-07-03 10:15:00,NVCR,16.850000381469727,16.850000381469727,16.899999618530273,16.850000381469727,16.899999618530273,3567.0
2024-07-03 10:15:00,NXL,1.4601000547409058,1.4601000547409058,1.4601000547409058,1.4601000547409058,1.4601000547409058,714.0
2024-07-03 10:15:00,OCGN,1.6649999618530273,1.6649999618530273,1.6649999618530273,1.6649999618530273,1.6649999618530273,1599.0
2024-07-03 10:15:00,OGI,1.5850000381469727,1.5850000381469727,1.590000033378601,1.5801000595092773,1.5801000595092773,46938.0
2024-07-03 10:15:00,OLMA,10.720000267028809,10.720000267028809,10.720000267028809,10.640000343322754,10.640000343322754,2019.0
2024-07-03 10:15:00,OM,3.7750000953674316,3.7750000953674316,3.7750000953674316,3.7750000953674316,3.7750000953674316,823.0
2024-07-03 10:15:00,OMCL,26.360000610351562,26.360000610351562,26.360000610351562,26.18199920654297,26.29840087890625,1688.0
2024-07-03 10:15:00,OMER,3.9200000762939453,3.9200000762939453,3.9200000762939453,3.9000000953674316,3.9000000953674316,982.0
2024-07-03 10:16:00,AADI,1.3600000143051147,1.3600000143051147,1.3600000143051147,1.3600000143051147,1.3600000143051147,38.0
2024-07-03 10:16:00,ABCL,2.7711000442504883,2.7711000442504883,2.7799999713897705,2.7711000442504883,2.7799999713897705,14721.0
2024-07-03 10:16:00,ABSI,3.174999952316284,3.174999952316284,3.180000066757202,3.174999952316284,3.180000066757202,2239.0
2024-07-03 10:16:00,ABUS,3.194999933242798,3.194999933242798,3.219899892807007,3.190000057220459,3.2149999141693115,17942.0
2024-07-03 10:16:00,ACAD,15.819999694824219,15.819999694824219,15.829999923706055,15.800000190734863,15.800000190734863,2170.0
2024-07-03 10:16:00,ACB,4.835000038146973,4.835000038146973,4.835000038146973,4.829999923706055,4.829999923706055,7549.0
2024-07-03 10:16:00,ACCD,3.565000057220459,3.565000057220459,3.565000057220459,3.559999942779541,3.565000057220459,30622.0
2024-07-03 10:16:00,ACET,1.0549999475479126,1.0549999475479126,1.059999942779541,1.0499999523162842,1.0499999523162842,15334.0
2024-07-03 10:16:00,ACIU,3.8299999237060547,3.8299999237060547,3.8299999237060547,3.819999933242798,3.819999933242798,900.0
2024-07-03 10:16:00,ADAP,1.0299999713897705,1.0299999713897705,1.0299999713897705,1.024999976158142,1.024999976158142,13809.0
2024-07-03 10:16:00,ADMA,11.404999732971191,11.404999732971191,11.40999984741211,11.375,11.375,9603.0
2024-07-03 10:16:00,ADPT,3.375,3.375,3.375,3.365000009536743,3.369999885559082,1806.0
2024-07-03 10:16:00,ADVM,7.110000133514404,7.110000133514404,7.110000133514404,7.110000133514404,7.110000133514404,896.0
2024-07-03 10:16:00,AEZS,4.355000019073486,4.355000019073486,4.355000019073486,4.355000019073486,4.355000019073486,0.0
2024-07-03 10:16:00,AGEN,14.680000305175781,14.680000305175781,14.680000305175781,14.680000305175781,14.680000305175781,479.0
2024-07-03 10:16:00,AHCO,9.680000305175781,9.680000305175781,9.6850004196167,9.680000305175781,9.6850004196167,919.0
2024-07-03 10:16:00,AIMD,0.7960000038146973,0.7960000038146973,0.7960000038146973,0.7960000038146973,0.7960000038146973,543.0
2024-07-03 10:16:00,AKRO,22.212299346923828,22.212299346923828,22.212299346923828,22.212299346923828,22.212299346923828,868.0
2024-07-03 10:16:00,AKYA,2.190000057220459,2.190000057220459,2.190000057220459,2.190000057220459,2.190000057220459,151.0
2024-07-03 10:16:00,ALEC,4.5,4.5,4.5,4.5,4.5,354.0
2024-07-03 10:16:00,ALGS,0.4138999879360199,0.4138999879360199,0.4138999879360199,0.4138999879360199,0.4138999879360199,110.0
2024-07-03 10:16:00,ALKS,24.447500228881836,24.447500228881836,24.450000762939453,24.440000534057617,24.440000534057617,1274.0
2024-07-03 10:16:00,ALLK,0.8568000197410583,0.8568000197410583,0.8568000197410583,0.8553000092506409,0.8553000092506409,1617.0
2024-07-03 10:16:00,ALLO,2.1549999713897705,2.1549999713897705,2.1549999713897705,2.1449999809265137,2.1449999809265137,6099.0
2024-07-03 10:16:00,ALLR,0.20630000531673431,0.20630000531673431,0.20630000531673431,0.20630000531673431,0.20630000531673431,9958.0
2024-07-03 10:16:00,ALNY,247.75999450683594,247.75999450683594,248.0800018310547,247.75999450683594,248.0800018310547,775.0
2024-07-03 10:16:00,ALRN,2.7899999618530273,2.7899999618530273,2.7899999618530273,2.7899999618530273,2.7899999618530273,0.0
2024-07-03 10:16:00,ALT,6.900000095367432,6.900000095367432,6.900000095367432,6.880000114440918,6.880099773406982,10844.0
2024-07-03 10:16:00,ALVR,0.7365999817848206,0.7365999817848206,0.7365999817848206,0.7365999817848206,0.7365999817848206,113.0
2024-07-03 10:16:00,ALXO,6.039999961853027,6.039999961853027,6.039999961853027,6.03000020980835,6.03000020980835,843.0
2024-07-03 10:16:00,AMED,96.55500030517578,96.55500030517578,96.66999816894531,96.5199966430664,96.66999816894531,12981.0
2024-07-03 10:16:00,AMGN,311.3599853515625,311.3599853515625,311.3949890136719,311.2950134277344,311.3949890136719,815.0
2024-07-03 10:16:00,AMLX,1.7799999713897705,1.7799999713897705,1.7799999713897705,1.774999976158142,1.774999976158142,936.0
2024-07-03 10:16:00,AMPH,38.39500045776367,38.39500045776367,38.39500045776367,38.27289962768555,38.349998474121094,2772.0
2024-07-03 10:16:00,AMRN,0.7171000242233276,0.7171000242233276,0.7171000242233276,0.7171000242233276,0.7171000242233276,731.0
2024-07-03 10:16:00,ANAB,25.3700008392334,25.3700008392334,25.3700008392334,25.3700008392334,25.3700008392334,101.0
2024-07-03 10:16:00,ANNX,4.78000020980835,4.78000020980835,4.800000190734863,4.775000095367432,4.800000190734863,6812.0
2024-07-03 10:16:00,ANTX,2.5678999423980713,2.5678999423980713,2.5678999423980713,2.551500082015991,2.551500082015991,2261.0
2024-07-03 10:16:00,APDN,0.44999998807907104,0.44999998807907104,0.44999998807907104,0.44999998807907104,0.44999998807907104,400.0
2024-07-03 10:16:00,APLT,4.400000095367432,4.400000095367432,4.409999847412109,4.400000095367432,4.409999847412109,975.0
2024-07-03 10:16:00,ARAY,1.774999976158142,1.774999976158142,1.774999976158142,1.774999976158142,1.774999976158142,300.0
2024-07-03 10:16:00,ARCT,21.950000762939453,21.950000762939453,22.030000686645508,21.950000762939453,21.954999923706055,1195.0
2024-07-03 10:16:00,ARDX,5.255000114440918,5.255000114440918,5.269899845123291,5.25,5.269800186157227,11176.0
2024-07-03 10:16:00,ARGX,436.07000732421875,436.07000732421875,436.07000732421875,436.07000732421875,436.07000732421875,186.0
2024-07-03 10:16:00,ARQT,9.59749984741211,9.59749984741211,9.59749984741211,9.53499984741211,9.53499984741211,21049.0
2024-07-03 10:16:00,ARVN,24.979999542236328,24.979999542236328,25.065000534057617,24.979999542236328,25.03499984741211,1347.0
2024-07-03 10:16:00,ARWR,25.713499069213867,25.713499069213867,25.713499069213867,25.713499069213867,25.713499069213867,1031.0
2024-07-03 10:16:00,ASRT,1.3200000524520874,1.3200000524520874,1.3200000524520874,1.315000057220459,1.3199000358581543,7922.0
2024-07-03 10:16:00,ATAI,1.3183000087738037,1.3183000087738037,1.3200000524520874,1.3183000087738037,1.3200000524520874,1157.0
2024-07-03 10:16:00,ATHA,2.5899999141693115,2.5899999141693115,2.5899999141693115,2.5899999141693115,2.5899999141693115,573.0
2024-07-03 10:16:00,ATOS,1.1549999713897705,1.1549999713897705,1.159999966621399,1.149999976158142,1.149999976158142,8504.0
2024-07-03 10:16:00,ATRA,7.71999979019165,7.71999979019165,7.71999979019165,7.71999979019165,7.71999979019165,1497.0
2024-07-03 10:16:00,ATRC,22.25,22.25,22.25,22.25,22.25,382.0
2024-07-03 10:16:00,AUPH,5.519999980926514,5.519999980926514,5.519999980926514,5.505000114440918,5.505000114440918,3008.0
2024-07-03 10:16:00,AUTL,3.4600000381469727,3.4600000381469727,3.4600000381469727,3.4549999237060547,3.4549999237060547,1148.0
2024-07-03 10:16:00,AVDL,14.319999694824219,14.319999694824219,14.319999694824219,14.300100326538086,14.300100326538086,2605.0
2024-07-03 10:16:00,AVTE,1.6200000047683716,1.6200000047683716,1.6200000047683716,1.6200000047683716,1.6200000047683716,832.0
2024-07-03 10:16:00,AVXL,4.239999771118164,4.239999771118164,4.239999771118164,4.230000019073486,4.230000019073486,3872.0
2024-07-03 10:16:00,AXGN,7.460000038146973,7.460000038146973,7.460000038146973,7.440000057220459,7.449999809265137,1560.0
2024-07-03 10:16:00,AZN,76.7750015258789,76.7750015258789,76.80000305175781,76.7750015258789,76.79000091552734,17302.0
2024-07-03 10:16:00,AZTA,52.709999084472656,52.709999084472656,52.73500061035156,52.709999084472656,52.720001220703125,2355.0
2024-07-03 10:16:00,BBIO,25.350000381469727,25.350000381469727,25.3700008392334,25.350000381469727,25.3700008392334,826.0
2024-07-03 10:16:00,BCRX,6.690000057220459,6.690000057220459,6.710000038146973,6.690000057220459,6.704999923706055,28430.0
2024-07-03 10:16:00,BCYC,19.950000762939453,19.950000762939453,19.950000762939453,19.950000762939453,19.950000762939453,200.0
2024-07-03 10:16:00,BDSX,1.590000033378601,1.590000033378601,1.590000033378601,1.590000033378601,1.590000033378601,955.0
2024-07-03 10:16:00,BEAM,23.700000762939453,23.700000762939453,23.700000762939453,23.59000015258789,23.59000015258789,2818.0
2024-07-03 10:16:00,BEAT,2.7100000381469727,2.7100000381469727,2.7200000286102295,2.7100000381469727,2.7200000286102295,5738.0
2024-07-03 10:16:00,BIIB,226.4499969482422,226.4499969482422,226.4499969482422,226.4499969482422,226.4499969482422,286.0
2024-07-03 10:16:00,BIVI,0.4171999990940094,0.4171999990940094,0.4171999990940094,0.4171999990940094,0.4171999990940094,1038.0
2024-07-03 10:16:00,BJDX,0.6256999969482422,0.6256999969482422,0.6256999969482422,0.6256999969482422,0.6256999969482422,105.0
2024-07-03 10:16:00,BLFS,20.219999313354492,20.219999313354492,20.219999313354492,20.219999313354492,20.219999313354492,206.0
2024-07-03 10:16:00,BLUE,0.9329000115394592,0.9329000115394592,0.9329000115394592,0.932699978351593,0.932699978351593,2712.0
2024-07-03 10:16:00,BMEA,4.519999980926514,4.519999980926514,4.519999980926514,4.503399848937988,4.503399848937988,1028.0
2024-07-03 10:16:00,BMRN,81.88410186767578,81.88410186767578,81.9000015258789,81.87000274658203,81.87000274658203,631.0
2024-07-03 10:16:00,BNGO,0.550599992275238,0.550599992275238,0.550599992275238,0.550599992275238,0.550599992275238,2605.0
2024-07-03 10:16:00,BNTC,9.089900016784668,9.089900016784668,9.089900016784668,9.020000457763672,9.020000457763672,283.0
2024-07-03 10:16:00,BNTX,80.97000122070312,80.97000122070312,80.97000122070312,80.97000122070312,80.97000122070312,1008.0
2024-07-03 10:16:00,BPMC,111.08000183105469,111.08000183105469,111.0999984741211,111.08000183105469,111.08000183105469,1031.0
2024-07-03 10:16:00,BTAI,1.090000033378601,1.090000033378601,1.090000033378601,1.0850000381469727,1.0850000381469727,8614.0
2024-07-03 10:16:00,BTMD,7.480000019073486,7.480000019073486,7.480000019073486,7.480000019073486,7.480000019073486,1664.0
2024-07-03 10:16:00,BVS,6.179999828338623,6.179999828338623,6.179999828338623,6.099999904632568,6.099999904632568,6922.0
2024-07-03 10:16:00,CABA,7.695000171661377,7.695000171661377,7.699999809265137,7.639999866485596,7.670000076293945,10303.0
2024-07-03 10:16:00,CCCC,4.71999979019165,4.71999979019165,4.730000019073486,4.704999923706055,4.704999923706055,8767.0
2024-07-03 10:16:00,CDMO,7.670000076293945,7.670000076293945,7.699999809265137,7.650100231170654,7.699999809265137,2519.0
2024-07-03 10:16:00,CDTX,11.944999694824219,11.944999694824219,11.944999694824219,11.944999694824219,11.944999694824219,101.0
2024-07-03 10:16:00,CDXC,2.5999999046325684,2.5999999046325684,2.611299991607666,2.5999999046325684,2.5999999046325684,2411.0
2024-07-03 10:16:00,CDXS,2.950000047683716,2.950000047683716,2.950000047683716,2.940000057220459,2.940000057220459,2324.0
2024-07-03 10:16:00,CERE,41.279998779296875,41.279998779296875,41.290000915527344,41.279998779296875,41.279998779296875,1196.0
2024-07-03 10:16:00,CGC,6.650000095367432,6.650000095367432,6.650000095367432,6.630099773406982,6.639599800109863,23345.0
2024-07-03 10:16:00,CGEM,16.75,16.75,16.799999237060547,16.75,16.790000915527344,1469.0
2024-07-03 10:16:00,CHRS,1.4149999618530273,1.4149999618530273,1.4149999618530273,1.4149999618530273,1.4149999618530273,3239.0
2024-07-03 10:16:00,CKPT,2.200000047683716,2.200000047683716,2.2300000190734863,2.200000047683716,2.2300000190734863,7013.0
2024-07-03 10:16:00,CLDX,36.81999969482422,36.81999969482422,36.81999969482422,36.81999969482422,36.81999969482422,271.0
2024-07-03 10:16:00,CLOV,1.2649999856948853,1.2649999856948853,1.2649999856948853,1.250100016593933,1.2591999769210815,10985.0
2024-07-03 10:16:00,CLRB,2.4200000762939453,2.4200000762939453,2.4200000762939453,2.4200000762939453,2.4200000762939453,364.0
2024-07-03 10:16:00,CMMB,0.9200000166893005,0.9200000166893005,0.9200000166893005,0.9200000166893005,0.9200000166893005,2770.0
2024-07-03 10:16:00,CMPS,6.23799991607666,6.23799991607666,6.23799991607666,6.23799991607666,6.23799991607666,1762.0
2024-07-03 10:16:00,CMPX,0.8500000238418579,0.8500000238418579,0.8500000238418579,0.8500000238418579,0.8500000238418579,2194.0
2024-07-03 10:16:00,CMRX,0.8600000143051147,0.8600000143051147,0.8600000143051147,0.8600000143051147,0.8600000143051147,8911.0
2024-07-03 10:16:00,CNSP,2.0801000595092773,2.0801000595092773,2.130000114440918,2.0799999237060547,2.119999885559082,154040.0
2024-07-03 10:16:00,COGT,8.359999656677246,8.359999656677246,8.359999656677246,8.319999694824219,8.319999694824219,1092.0
2024-07-03 10:16:00,COLL,32.165000915527344,32.165000915527344,32.165000915527344,32.165000915527344,32.165000915527344,209.0
2024-07-03 10:16:00,CORT,31.170000076293945,31.170000076293945,31.170000076293945,31.145000457763672,31.149999618530273,2056.0
2024-07-03 10:16:00,COSM,0.9700000286102295,0.9700000286102295,0.972000002861023,0.9700000286102295,0.9700000286102295,9496.0
2024-07-03 10:16:00,CPRX,15.770000457763672,15.770000457763672,15.789999961853027,15.770000457763672,15.770000457763672,1440.0
2024-07-03 10:16:00,CRBP,48.7599983215332,48.7599983215332,48.7599983215332,48.7599983215332,48.7599983215332,1030.0
2024-07-03 10:16:00,CRBU,1.6200000047683716,1.6200000047683716,1.6200000047683716,1.6050000190734863,1.6050000190734863,2620.0
2024-07-03 10:16:00,CRDF,2.190000057220459,2.190000057220459,2.199899911880493,2.190000057220459,2.190000057220459,1253.0
2024-07-03 10:16:00,CRDL,1.9600000381469727,1.9600000381469727,1.970900058746338,1.9600000381469727,1.970900058746338,10647.0
2024-07-03 10:16:00,CRIS,6.338399887084961,6.338399887084961,6.338399887084961,6.338399887084961,6.338399887084961,501.0
2024-07-03 10:16:00,CRNX,44.84000015258789,44.84000015258789,44.900001525878906,44.44499969482422,44.44499969482422,7233.0
2024-07-03 10:16:00,CRON,2.339900016784668,2.339900016784668,2.339900016784668,2.339900016784668,2.339900016784668,369.0
2024-07-03 10:16:00,CRSP,54.46500015258789,54.46500015258789,54.470001220703125,54.310001373291016,54.310001373291016,4324.0
2024-07-03 10:16:00,CTSO,0.8299000263214111,0.8299000263214111,0.8495000004768372,0.8299000263214111,0.8400999903678894,2398.0
2024-07-03 10:16:00,CTXR,0.5170000195503235,0.5170000195503235,0.5199999809265137,0.5170000195503235,0.5199999809265137,5279.0
2024-07-03 10:16:00,CUE,1.0149999856948853,1.0149999856948853,1.0149999856948853,1.0149999856948853,1.0149999856948853,404.0
2024-07-03 10:16:00,CUTR,1.3600000143051147,1.3600000143051147,1.3600000143051147,1.3600000143051147,1.3600000143051147,212.0
2024-07-03 10:16:00,CVAC,3.4872000217437744,3.4872000217437744,3.5199999809265137,3.4800000190734863,3.5,49527.0
2024-07-03 10:16:00,CYTK,54.93000030517578,54.93000030517578,54.970001220703125,54.89500045776367,54.959999084472656,1447.0
2024-07-03 10:16:00,DAWN,13.510000228881836,13.510000228881836,13.510000228881836,13.510000228881836,13.510000228881836,769.0
2024-07-03 10:16:00,DCGO,2.9149999618530273,2.9149999618530273,2.9149999618530273,2.9149999618530273,2.9149999618530273,321.0
2024-07-03 10:16:00,DH,5.420000076293945,5.420000076293945,5.429999828338623,5.420000076293945,5.420000076293945,1016.0
2024-07-03 10:16:00,DNLI,22.059999465942383,22.059999465942383,22.110000610351562,22.059999465942383,22.084999084472656,3652.0
2024-07-03 10:16:00,DVAX,11.170000076293945,11.170000076293945,11.175000190734863,11.170000076293945,11.175000190734863,790.0
2024-07-03 10:16:00,DXCM,110.27999877929688,110.27999877929688,110.27999877929688,110.25,110.27999877929688,1453.0
2024-07-03 10:16:00,DYAI,1.5880000591278076,1.5880000591278076,1.5880000591278076,1.5600999593734741,1.5600999593734741,300.0
2024-07-03 10:16:00,EDIT,4.710000038146973,4.710000038146973,4.710000038146973,4.699999809265137,4.700099945068359,11273.0
2024-07-03 10:16:00,EMBC,11.90999984741211,11.90999984741211,11.90999984741211,11.899999618530273,11.899999618530273,564.0
2024-07-03 10:16:00,ERAS,2.2899999618530273,2.2899999618530273,2.2899999618530273,2.2850000858306885,2.2899999618530273,3561.0
2024-07-03 10:16:00,ESPR,2.390000104904175,2.390000104904175,2.390000104904175,2.375,2.380000114440918,7955.0
2024-07-03 10:16:00,ETNB,7.739999771118164,7.739999771118164,7.829999923706055,7.739999771118164,7.809999942779541,11921.0
2024-07-03 10:16:00,EVGN,0.625,0.625,0.625,0.625,0.625,2429.0
2024-07-03 10:16:00,EVO,5.090000152587891,5.090000152587891,5.090000152587891,5.090000152587891,5.090000152587891,193.0
2024-07-03 10:16:00,EWTX,18.184999465942383,18.184999465942383,18.184999465942383,18.18000030517578,18.18000030517578,744.0
2024-07-03 10:16:00,EXAI,5.369999885559082,5.369999885559082,5.369999885559082,5.369999885559082,5.369999885559082,3168.0
2024-07-03 10:16:00,EXAS,43.565399169921875,43.565399169921875,43.58000183105469,43.564998626708984,43.564998626708984,577.0
2024-07-03 10:16:00,EXEL,22.1200008392334,22.1200008392334,22.1299991607666,22.1200008392334,22.1299991607666,707.0
2024-07-03 10:16:00,EYEN,0.7736999988555908,0.7736999988555908,0.7768999934196472,0.7736999988555908,0.7768999934196472,11380.0
2024-07-03 10:16:00,EYPT,8.359999656677246,8.359999656677246,8.380000114440918,8.359999656677246,8.380000114440918,1017.0
2024-07-03 10:16:00,FATE,3.325000047683716,3.325000047683716,3.325000047683716,3.3199000358581543,3.319999933242798,5869.0
2024-07-03 10:16:00,FBIO,1.75,1.75,1.75,1.75,1.75,50.0
2024-07-03 10:16:00,FDMT,20.950000762939453,20.950000762939453,20.989999771118164,20.950000762939453,20.989999771118164,221.0
2024-07-03 10:16:00,FGEN,0.7296000123023987,0.7296000123023987,0.7296000123023987,0.7296000123023987,0.7296000123023987,2127.0
2024-07-03 10:16:00,FLGC,0.8999999761581421,0.8999999761581421,0.9599999785423279,0.8999999761581421,0.9599999785423279,1403.0
2024-07-03 10:16:00,FOLD,9.954999923706055,9.954999923706055,9.954999923706055,9.949999809265137,9.949999809265137,3547.0
2024-07-03 10:16:00,FULC,6.130000114440918,6.130000114440918,6.130000114440918,6.118000030517578,6.118000030517578,956.0
2024-07-03 10:16:00,GDRX,7.789999961853027,7.789999961853027,7.789999961853027,7.784999847412109,7.784999847412109,1692.0
2024-07-03 10:16:00,GERN,4.340099811553955,4.340099811553955,4.34499979019165,4.313799858093262,4.320000171661377,39533.0
2024-07-03 10:16:00,GH,28.75,28.75,28.774999618530273,28.75,28.75,1167.0
2024-07-03 10:16:00,GHRS,11.600000381469727,11.600000381469727,11.600000381469727,11.579999923706055,11.579999923706055,536.0
2024-07-03 10:16:00,GILD,67.05000305175781,67.05000305175781,67.22000122070312,66.97000122070312,67.20999908447266,38474.0
2024-07-03 10:16:00,GLUE,3.7100000381469727,3.7100000381469727,3.7100000381469727,3.6700000762939453,3.6700000762939453,862.0
2024-07-03 10:16:00,GLYC,0.2669000029563904,0.2669000029563904,0.2669000029563904,0.2667999863624573,0.2667999863624573,1314.0
2024-07-03 10:16:00,GMAB,25.190000534057617,25.190000534057617,25.190000534057617,25.190000534057617,25.190000534057617,476.0
2024-07-03 10:16:00,GOVX,3.109999895095825,3.109999895095825,3.1196000576019287,3.109999895095825,3.1196000576019287,727.0
2024-07-03 10:16:00,GRFS,6.664999961853027,6.664999961853027,6.664999961853027,6.659999847412109,6.659999847412109,1082.0
2024-07-03 10:16:00,GRTS,0.5651000142097473,0.5651000142097473,0.5701000094413757,0.5644999742507935,0.5673999786376953,42650.0
2024-07-03 10:16:00,GTHX,2.5299999713897705,2.5299999713897705,2.5350000858306885,2.5199999809265137,2.5199999809265137,2916.0
2024-07-03 10:16:00,HALO,51.459999084472656,51.459999084472656,51.492401123046875,51.459999084472656,51.492401123046875,2357.0
2024-07-03 10:16:00,HCSG,10.90999984741211,10.90999984741211,10.90999984741211,10.90999984741211,10.90999984741211,382.0
2024-07-03 10:16:00,HITI,2.0899999141693115,2.0899999141693115,2.1050000190734863,2.0899999141693115,2.0999999046325684,12282.0
2024-07-03 10:16:00,HOLX,73.05000305175781,73.05000305175781,73.05000305175781,73.04499816894531,73.04499816894531,1742.0
2024-07-03 10:16:00,HOOK,0.5794000029563904,0.5794000029563904,0.5794000029563904,0.5794000029563904,0.5794000029563904,0.0
2024-07-03 10:16:00,HOWL,2.1500000953674316,2.1500000953674316,2.1500000953674316,2.1500000953674316,2.1500000953674316,1058.0
2024-07-03 10:16:00,HQY,83.68499755859375,83.68499755859375,83.68499755859375,83.62000274658203,83.62000274658203,1070.0
2024-07-03 10:16:00,HRMY,30.31999969482422,30.31999969482422,30.31999969482422,30.309999465942383,30.309999465942383,371.0
2024-07-03 10:16:00,HROW,21.790000915527344,21.790000915527344,21.809999465942383,21.71500015258789,21.71500015258789,4202.0
2024-07-03 10:16:00,HRTX,2.8550000190734863,2.8550000190734863,2.8550000190734863,2.8550000190734863,2.8550000190734863,761.0
2024-07-03 10:16:00,HSDT,0.9699000120162964,0.9699000120162964,0.9699000120162964,0.9699000120162964,0.9699000120162964,279.0
2024-07-03 10:16:00,HSIC,65.29499816894531,65.29499816894531,65.30999755859375,65.27999877929688,65.27999877929688,1243.0
2024-07-03 10:16:00,HUMA,5.75,5.75,5.760000228881836,5.730000019073486,5.739999771118164,65679.0
2024-07-03 10:16:00,HYPR,0.9298999905586243,0.9298999905586243,0.9300000071525574,0.9298999905586243,0.9300000071525574,16100.0
2024-07-03 10:16:00,IART,28.979999542236328,28.979999542236328,28.979999542236328,28.979999542236328,28.979999542236328,514.0
2024-07-03 10:16:00,IBRX,6.269899845123291,6.269899845123291,6.269999980926514,6.26200008392334,6.264999866485596,3137.0
2024-07-03 10:16:00,IDXX,474.0450134277344,474.0450134277344,474.0450134277344,473.18499755859375,473.18499755859375,2497.0
2024-07-03 10:16:00,IDYA,33.775001525878906,33.775001525878906,33.775001525878906,33.67499923706055,33.72999954223633,936.0
2024-07-03 10:16:00,IINN,1.3860000371932983,1.3860000371932983,1.3860000371932983,1.3860000371932983,1.3860000371932983,5119.0
2024-07-03 10:16:00,IKNA,1.649999976158142,1.649999976158142,1.649999976158142,1.6399999856948853,1.6399999856948853,898.0
2024-07-03 10:16:00,ILMN,106.4800033569336,106.4800033569336,106.49500274658203,106.4800033569336,106.49500274658203,2646.0
2024-07-03 10:16:00,IMAB,1.5789999961853027,1.5789999961853027,1.5789999961853027,1.559999942779541,1.559999942779541,2362.0
2024-07-03 10:16:00,IMCR,35.525001525878906,35.525001525878906,35.54999923706055,35.525001525878906,35.54999923706055,524.0
2024-07-03 10:16:00,IMMP,1.9700000286102295,1.9700000286102295,1.9700000286102295,1.9700000286102295,1.9700000286102295,212.0
2024-07-03 10:16:00,IMMX,2.26990008354187,2.26990008354187,2.26990008354187,2.22379994392395,2.259999990463257,2201.0
2024-07-03 10:16:00,IMNM,12.005000114440918,12.005000114440918,12.005000114440918,11.998000144958496,11.998000144958496,4108.0
2024-07-03 10:16:00,IMTX,12.029999732971191,12.029999732971191,12.029999732971191,12.029999732971191,12.029999732971191,270.0
2024-07-03 10:16:00,IMUX,1.1200000047683716,1.1200000047683716,1.1200000047683716,1.1200000047683716,1.1200000047683716,750.0
2024-07-03 10:16:00,IMVT,27.020000457763672,27.020000457763672,27.020000457763672,27.020000457763672,27.020000457763672,642.0
2024-07-03 10:16:00,INCY,58.43000030517578,58.43000030517578,58.47999954223633,58.43000030517578,58.470001220703125,4707.0
2024-07-03 10:16:00,INGN,7.795000076293945,7.795000076293945,7.795000076293945,7.795000076293945,7.795000076293945,324.0
2024-07-03 10:16:00,INMB,7.945000171661377,7.945000171661377,7.945000171661377,7.945000171661377,7.945000171661377,342.0
2024-07-03 10:16:00,INMD,17.729999542236328,17.729999542236328,17.770000457763672,17.719999313354492,17.75,21512.0
2024-07-03 10:16:00,INSM,64.03500366210938,64.03500366210938,64.03500366210938,64.03500366210938,64.03500366210938,895.0
2024-07-03 10:16:00,INVA,16.389999389648438,16.389999389648438,16.389999389648438,16.389999389648438,16.389999389648438,188.0
2024-07-03 10:16:00,IONS,45.04499816894531,45.04499816894531,45.04499816894531,45.02000045776367,45.02000045776367,1176.0
2024-07-03 10:16:00,IOVA,7.809999942779541,7.809999942779541,7.815000057220459,7.800000190734863,7.800000190734863,22264.0
2024-07-03 10:16:00,IRTC,90.93000030517578,90.93000030517578,91.58000183105469,90.93000030517578,91.53500366210938,4181.0
2024-07-03 10:16:00,IRWD,6.239999771118164,6.239999771118164,6.239999771118164,6.230000019073486,6.230000019073486,685.0
2024-07-03 10:16:00,ISRG,433.79998779296875,433.79998779296875,433.8349914550781,433.6300048828125,433.6700134277344,1241.0
2024-07-03 10:16:00,ITCI,68.29000091552734,68.29000091552734,68.3499984741211,68.29000091552734,68.33999633789062,1303.0
2024-07-03 10:16:00,IVVD,1.1200000047683716,1.1200000047683716,1.1200000047683716,1.1200000047683716,1.1200000047683716,114.0
2024-07-03 10:16:00,IXHL,2.750999927520752,2.750999927520752,2.750999927520752,2.75,2.75,536.0
2024-07-03 10:16:00,JAGX,3.4700000286102295,3.4700000286102295,3.4700000286102295,3.4700000286102295,3.4700000286102295,991.0
2024-07-03 10:16:00,JANX,38.834999084472656,38.834999084472656,38.834999084472656,38.61000061035156,38.61000061035156,8351.0
2024-07-03 10:16:00,JAZZ,104.86499786376953,104.86499786376953,104.9800033569336,104.86499786376953,104.9800033569336,1424.0
2024-07-03 10:16:00,KALA,6.972799777984619,6.972799777984619,6.972799777984619,6.972799777984619,6.972799777984619,110.0
2024-07-03 10:16:00,KMDA,5.349899768829346,5.349899768829346,5.349899768829346,5.349899768829346,5.349899768829346,3483.0
2024-07-03 10:16:00,KOD,2.234999895095825,2.234999895095825,2.234999895095825,2.234999895095825,2.234999895095825,378.0
2024-07-03 10:16:00,KPRX,4.329999923706055,4.329999923706055,4.329999923706055,4.300000190734863,4.300000190734863,1698.0
2024-07-03 10:16:00,KPTI,0.842199981212616,0.842199981212616,0.8478999733924866,0.842199981212616,0.8463000059127808,11482.0
2024-07-03 10:16:00,KRYS,179.52999877929688,179.52999877929688,179.52999877929688,179.27000427246094,179.27000427246094,1102.0
2024-07-03 10:16:00,KTRA,0.27489998936653137,0.27489998936653137,0.27630001306533813,0.27489998936653137,0.27630001306533813,0.0
2024-07-03 10:16:00,KZR,0.5716000199317932,0.5716000199317932,0.5716000199317932,0.5716000199317932,0.5716000199317932,131.0
2024-07-03 10:16:00,LAB,1.8049999475479126,1.8049999475479126,1.8049999475479126,1.7949999570846558,1.7999999523162842,11460.0
2024-07-03 10:16:00,LBPH,31.760000228881836,31.760000228881836,31.760000228881836,31.594999313354492,31.594999313354492,1917.0
2024-07-03 10:16:00,LEGN,45.02000045776367,45.02000045776367,45.02000045776367,45.02000045776367,45.02000045776367,237.0
2024-07-03 10:16:00,LFST,5.130000114440918,5.130000114440918,5.130000114440918,5.114999771118164,5.114999771118164,1133.0
2024-07-03 10:16:00,LIVN,52.830101013183594,52.830101013183594,52.830101013183594,52.830101013183594,52.830101013183594,573.0
2024-07-03 10:16:00,LPTX,1.7899999618530273,1.7899999618530273,1.7899999618530273,1.7899999618530273,1.7899999618530273,106.0
2024-07-03 10:16:00,LQDA,12.109999656677246,12.109999656677246,12.109999656677246,12.109999656677246,12.109999656677246,275.0
2024-07-03 10:16:00,LUCD,0.7599999904632568,0.7599999904632568,0.7599999904632568,0.7599999904632568,0.7599999904632568,515.0
2024-07-03 10:16:00,LUCY,0.4778999984264374,0.4778999984264374,0.4778999984264374,0.4778999984264374,0.4778999984264374,289.0
2024-07-03 10:16:00,LXRX,1.625,1.625,1.6299999952316284,1.6150000095367432,1.6150000095367432,7337.0
2024-07-03 10:16:00,LYEL,1.4900000095367432,1.4900000095367432,1.4900000095367432,1.4850000143051147,1.4850000143051147,1452.0
2024-07-03 10:16:00,MBIO,0.5228999853134155,0.5228999853134155,0.5228999853134155,0.5210000276565552,0.5210999846458435,5903.0
2024-07-03 10:16:00,MBOT,1.0850000381469727,1.0850000381469727,1.0850000381469727,1.0850000381469727,1.0850000381469727,2236.0
2024-07-03 10:16:00,MCRB,0.7080000042915344,0.7080000042915344,0.711899995803833,0.7080000042915344,0.711899995803833,2751.0
2024-07-03 10:16:00,MDGL,272.3699951171875,272.3699951171875,272.3699951171875,272.3699951171875,272.3699951171875,562.0
2024-07-03 10:16:00,MDXG,6.791800022125244,6.791800022125244,6.791800022125244,6.789999961853027,6.789999961853027,1053.0
2024-07-03 10:16:00,ME,0.40380001068115234,0.40380001068115234,0.40380001068115234,0.40209999680519104,0.4032000005245209,1462.0
2024-07-03 10:16:00,MGNX,4.304999828338623,4.304999828338623,4.309999942779541,4.300000190734863,4.300000190734863,7546.0
2024-07-03 10:16:00,MGTX,4.045000076293945,4.045000076293945,4.045000076293945,4.045000076293945,4.045000076293945,851.0
2024-07-03 10:16:00,MIRM,34.3650016784668,34.3650016784668,34.46500015258789,34.20000076293945,34.46500015258789,6353.0
2024-07-03 10:16:00,MLTX,41.150001525878906,41.150001525878906,41.17499923706055,41.150001525878906,41.17499923706055,509.0
2024-07-03 10:16:00,MMSI,85.66999816894531,85.66999816894531,85.8550033569336,85.66999816894531,85.72000122070312,2228.0
2024-07-03 10:16:00,MNKD,5.230000019073486,5.230000019073486,5.230000019073486,5.219900131225586,5.219900131225586,8407.0
2024-07-03 10:16:00,MNMD,7.239999771118164,7.239999771118164,7.239999771118164,7.150000095367432,7.150000095367432,30872.0
2024-07-03 10:16:00,MODV,27.139999389648438,27.139999389648438,27.139999389648438,27.139999389648438,27.139999389648438,263.0
2024-07-03 10:16:00,MORF,31.962499618530273,31.962499618530273,31.962499618530273,31.962499618530273,31.962499618530273,749.0
2024-07-03 10:16:00,MREO,3.5,3.5,3.5,3.494999885559082,3.4999001026153564,3724.0
2024-07-03 10:16:00,MRNA,118.29499816894531,118.29499816894531,118.37999725341797,118.16999816894531,118.19000244140625,8342.0
2024-07-03 10:16:00,MRSN,1.899999976158142,1.899999976158142,1.899999976158142,1.8899999856948853,1.8899999856948853,11099.0
2024-07-03 10:16:00,MRUS,53.154998779296875,53.154998779296875,53.154998779296875,52.93000030517578,52.93000030517578,1530.0
2024-07-03 10:16:00,MRVI,6.809999942779541,6.809999942779541,6.809999942779541,6.809999942779541,6.809999942779541,855.0
2024-07-03 10:16:00,MXCT,3.7049999237060547,3.7049999237060547,3.7049999237060547,3.7049999237060547,3.7049999237060547,250.0
2024-07-03 10:16:00,MYGN,25.56999969482422,25.56999969482422,25.56999969482422,25.46500015258789,25.513500213623047,3151.0
2024-07-03 10:16:00,NARI,49.52000045776367,49.52000045776367,49.60499954223633,49.52000045776367,49.60499954223633,1444.0
2024-07-03 10:16:00,NBIX,138.38999938964844,138.38999938964844,138.38999938964844,138.38999938964844,138.38999938964844,139.0
2024-07-03 10:16:00,NDRA,0.08370000123977661,0.08370000123977661,0.08370000123977661,0.08290000259876251,0.08290000259876251,114959.0
2024-07-03 10:16:00,NEO,13.729999542236328,13.729999542236328,13.729999542236328,13.729999542236328,13.729999542236328,380.0
2024-07-03 10:16:00,NEOG,15.270000457763672,15.270000457763672,15.270000457763672,15.220000267028809,15.220000267028809,8399.0
2024-07-03 10:16:00,NKTR,1.2300000190734863,1.2300000190734863,1.2300000190734863,1.225000023841858,1.225000023841858,450.0
2024-07-03 10:16:00,NKTX,5.53000020980835,5.53000020980835,5.53000020980835,5.519999980926514,5.519999980926514,2705.0
2024-07-03 10:16:00,NLSP,0.20739999413490295,0.20739999413490295,0.20739999413490295,0.2070000022649765,0.2070000022649765,15100.0
2024-07-03 10:16:00,NNOX,7.130000114440918,7.130000114440918,7.130000114440918,7.130000114440918,7.130000114440918,1310.0
2024-07-03 10:16:00,NOTV,1.6649999618530273,1.6649999618530273,1.6649999618530273,1.6649999618530273,1.6649999618530273,200.0
2024-07-03 10:16:00,NRIX,19.5,19.5,19.5,19.5,19.5,163.0
2024-07-03 10:16:00,NRSN,1.281599998474121,1.281599998474121,1.281599998474121,1.281599998474121,1.281599998474121,432.0
2024-07-03 10:16:00,NTLA,22.75,22.75,22.77989959716797,22.65999984741211,22.762100219726562,14736.0
2024-07-03 10:16:00,NTRA,112.36000061035156,112.36000061035156,112.36000061035156,112.36000061035156,112.36000061035156,542.0
2024-07-03 10:16:00,NUTX,5.670000076293945,5.670000076293945,5.670000076293945,5.670000076293945,5.670000076293945,367.0
2024-07-03 10:16:00,NUWE,4.135000228881836,4.135000228881836,4.135000228881836,4.135000228881836,4.135000228881836,587.0
2024-07-03 10:16:00,NVAX,13.179200172424316,13.179200172424316,13.1899995803833,13.15999984741211,13.15999984741211,55310.0
2024-07-03 10:16:00,NVCR,16.899999618530273,16.899999618530273,16.899999618530273,16.8799991607666,16.889999389648438,5619.0
2024-07-03 10:16:00,NVCT,6.34499979019165,6.34499979019165,6.34499979019165,6.34499979019165,6.34499979019165,501.0
2024-07-03 10:16:00,NXL,1.410099983215332,1.410099983215332,1.4500000476837158,1.409999966621399,1.4500000476837158,31546.0
2024-07-03 10:16:00,OCGN,1.6649999618530273,1.6649999618530273,1.6698999404907227,1.6649999618530273,1.6649999618530273,2750.0
2024-07-03 10:16:00,OCUL,6.894999980926514,6.894999980926514,6.90500020980835,6.885000228881836,6.900000095367432,4338.0
2024-07-03 10:16:00,OCUP,1.5700000524520874,1.5700000524520874,1.5700000524520874,1.5700000524520874,1.5700000524520874,1214.0
2024-07-03 10:16:00,OGI,1.590000033378601,1.590000033378601,1.590000033378601,1.5850000381469727,1.5850000381469727,4254.0
2024-07-03 10:16:00,OLK,25.767499923706055,25.767499923706055,25.767499923706055,25.767499923706055,25.767499923706055,105.0
2024-07-03 10:16:00,OLMA,10.729999542236328,10.729999542236328,10.729999542236328,10.729999542236328,10.729999542236328,511.0
2024-07-03 10:16:00,OM,3.7799999713897705,3.7799999713897705,3.7799999713897705,3.7799999713897705,3.7799999713897705,685.0
2024-07-03 10:16:00,OMER,3.927999973297119,3.927999973297119,3.927999973297119,3.927999973297119,3.927999973297119,257.0
2024-07-03 10:16:00,OMGA,2.049999952316284,2.049999952316284,2.049999952316284,2.049999952316284,2.049999952316284,1042.0
2024-07-03 10:17:00,ABCL,2.819999933242798,2.819999933242798,2.825000047683716,2.7701001167297363,2.7701001167297363,46979.0
2024-07-03 10:17:00,ABEO,4.309999942779541,4.309999942779541,4.309999942779541,4.289999961853027,4.289999961853027,3793.0
2024-07-03 10:17:00,ABOS,2.315200090408325,2.315200090408325,2.319999933242798,2.315200090408325,2.319999933242798,832.0
2024-07-03 10:17:00,ABSI,3.200000047683716,3.200000047683716,3.2100000381469727,3.1900999546051025,3.1900999546051025,2703.0
2024-07-03 10:17:00,ABUS,3.200000047683716,3.200000047683716,3.200000047683716,3.194999933242798,3.194999933242798,564.0
2024-07-03 10:17:00,ACAD,15.819999694824219,15.819999694824219,15.819999694824219,15.810099601745605,15.819999694824219,1639.0
2024-07-03 10:17:00,ACB,4.840000152587891,4.840000152587891,4.840000152587891,4.829999923706055,4.838500022888184,269.0
2024-07-03 10:17:00,ACCD,3.555000066757202,3.555000066757202,3.5699000358581543,3.555000066757202,3.565000057220459,108861.0
2024-07-03 10:17:00,ACET,1.0606000423431396,1.0606000423431396,1.065000057220459,1.0598000288009644,1.0598000288009644,13444.0
2024-07-03 10:17:00,ACIU,3.890000104904175,3.890000104904175,3.890000104904175,3.8399999141693115,3.8499999046325684,1951.0
2024-07-03 10:17:00,ACRS,1.159999966621399,1.159999966621399,1.1649999618530273,1.159999966621399,1.1649999618530273,1544.0
2024-07-03 10:17:00,ADAP,1.0399999618530273,1.0399999618530273,1.0399999618530273,1.0399999618530273,1.0399999618530273,9600.0
2024-07-03 10:17:00,ADMA,11.429699897766113,11.429699897766113,11.430000305175781,11.404999732971191,11.409899711608887,6332.0
2024-07-03 10:17:00,ADPT,3.384999990463257,3.384999990463257,3.384999990463257,3.384999990463257,3.384999990463257,1472.0
2024-07-03 10:17:00,ADUS,117.79499816894531,117.79499816894531,117.80500030517578,117.79499816894531,117.80000305175781,848.0
2024-07-03 10:17:00,AEMD,0.42010000348091125,0.42010000348091125,0.42010000348091125,0.41999998688697815,0.41999998688697815,26605.0
2024-07-03 10:17:00,AHCO,9.829999923706055,9.829999923706055,9.829999923706055,9.664999961853027,9.670000076293945,36221.0
2024-07-03 10:17:00,AIMD,0.7901999950408936,0.7901999950408936,0.7910000085830688,0.7901999950408936,0.7910000085830688,702.0
2024-07-03 10:17:00,AKAN,2.240000009536743,2.240000009536743,2.240000009536743,2.240000009536743,2.240000009536743,0.0
2024-07-03 10:17:00,AKBA,0.9451000094413757,0.9451000094413757,0.9476000070571899,0.9449999928474426,0.9449999928474426,16936.0
2024-07-03 10:17:00,ALDX,3.25,3.25,3.25,3.25,3.25,372.0
2024-07-03 10:17:00,ALEC,4.482100009918213,4.482100009918213,4.482100009918213,4.482100009918213,4.482100009918213,300.0
2024-07-03 10:17:00,ALGN,237.91000366210938,237.91000366210938,237.91000366210938,237.91000366210938,237.91000366210938,255.0
2024-07-03 10:17:00,ALHC,7.980000019073486,7.980000019073486,7.980000019073486,7.96999979019165,7.96999979019165,1118.0
2024-07-03 10:17:00,ALKS,24.450000762939453,24.450000762939453,24.469999313354492,24.440000534057617,24.469999313354492,2158.0
2024-07-03 10:17:00,ALLK,0.8567000031471252,0.8567000031471252,0.8567000031471252,0.8567000031471252,0.8567000031471252,201.0
2024-07-03 10:17:00,ALLR,0.2070000022649765,0.2070000022649765,0.2070000022649765,0.2070000022649765,0.2070000022649765,1181.0
2024-07-03 10:17:00,ALT,6.909999847412109,6.909999847412109,6.909999847412109,6.889999866485596,6.899899959564209,6030.0
2024-07-03 10:17:00,ALVR,0.7365999817848206,0.7365999817848206,0.7365999817848206,0.7365999817848206,0.7365999817848206,306.0
2024-07-03 10:17:00,AMED,96.70999908447266,96.70999908447266,96.70999908447266,96.55500030517578,96.55500030517578,8214.0
2024-07-03 10:17:00,AMGN,311.31060791015625,311.31060791015625,311.31060791015625,311.2950134277344,311.2950134277344,845.0
2024-07-03 10:17:00,AMLX,1.784999966621399,1.784999966621399,1.787500023841858,1.7799999713897705,1.7799999713897705,13195.0
2024-07-03 10:17:00,AMPH,38.38999938964844,38.38999938964844,38.38999938964844,38.38999938964844,38.38999938964844,752.0
2024-07-03 10:17:00,ANGO,5.675000190734863,5.675000190734863,5.675000190734863,5.675000190734863,5.675000190734863,167.0
2024-07-03 10:17:00,ANIX,2.2600998878479004,2.2600998878479004,2.296999931335449,2.259999990463257,2.296999931335449,1552.0
2024-07-03 10:17:00,ANNX,4.789999961853027,4.789999961853027,4.789999961853027,4.789999961853027,4.789999961853027,1495.0
2024-07-03 10:17:00,ANTX,2.5699000358581543,2.5699000358581543,2.5699000358581543,2.5699000358581543,2.5699000358581543,468.0
2024-07-03 10:17:00,APDN,0.4410000145435333,0.4410000145435333,0.44999998807907104,0.4410000145435333,0.44999998807907104,1000.0
2024-07-03 10:17:00,APLS,36.58000183105469,36.58000183105469,36.58000183105469,36.439998626708984,36.439998626708984,8251.0
2024-07-03 10:17:00,APLT,4.409999847412109,4.409999847412109,4.409999847412109,4.409999847412109,4.409999847412109,1405.0
2024-07-03 10:17:00,AQST,2.4149999618530273,2.4149999618530273,2.4159998893737793,2.4149999618530273,2.4159998893737793,1249.0
2024-07-03 10:17:00,ARAY,1.774999976158142,1.774999976158142,1.774999976158142,1.774999976158142,1.774999976158142,504.0
2024-07-03 10:17:00,ARCT,22.0,22.0,22.06999969482422,22.0,22.0,690.0
2024-07-03 10:17:00,ARDX,5.255000114440918,5.255000114440918,5.264999866485596,5.250100135803223,5.250100135803223,13958.0
2024-07-03 10:17:00,ARGX,436.1449890136719,436.1449890136719,436.1449890136719,436.1449890136719,436.1449890136719,178.0
2024-07-03 10:17:00,ARQT,9.5649995803833,9.5649995803833,9.595000267028809,9.555000305175781,9.595000267028809,5669.0
2024-07-03 10:17:00,ARVN,25.03499984741211,25.03499984741211,25.03499984741211,24.985000610351562,24.985000610351562,525.0
2024-07-03 10:17:00,ARWR,25.72010040283203,25.72010040283203,25.72010040283203,25.72010040283203,25.72010040283203,900.0
2024-07-03 10:17:00,ASLN,2.31469988822937,2.31469988822937,2.31469988822937,2.31469988822937,2.31469988822937,1644.0
2024-07-03 10:17:00,ASRT,1.3101999759674072,1.3101999759674072,1.3178000450134277,1.309999942779541,1.3178000450134277,3945.0
2024-07-03 10:17:00,ATAI,1.309999942779541,1.309999942779541,1.309999942779541,1.309999942779541,1.309999942779541,300.0
2024-07-03 10:17:00,ATHA,2.5899999141693115,2.5899999141693115,2.5899999141693115,2.5899999141693115,2.5899999141693115,2652.0
2024-07-03 10:17:00,ATOS,1.1549999713897705,1.1549999713897705,1.1549999713897705,1.1549999713897705,1.1549999713897705,863.0
2024-07-03 10:17:00,ATRC,22.260000228881836,22.260000228881836,22.260000228881836,22.2549991607666,22.2549991607666,5517.0
2024-07-03 10:17:00,ATRI,452.8699951171875,452.8699951171875,452.8699951171875,452.8699951171875,452.8699951171875,209.0
2024-07-03 10:17:00,AUTL,3.4700000286102295,3.4700000286102295,3.4700000286102295,3.4700000286102295,3.4700000286102295,209.0
2024-07-03 10:17:00,AVDL,14.319999694824219,14.319999694824219,14.319999694824219,14.319999694824219,14.319999694824219,942.0
2024-07-03 10:17:00,AVIR,3.3299999237060547,3.3299999237060547,3.3350000381469727,3.319999933242798,3.319999933242798,5707.0
2024-07-03 10:17:00,AVTE,1.625,1.625,1.625,1.6205999851226807,1.6205999851226807,10707.0
2024-07-03 10:17:00,AVXL,4.269999980926514,4.269999980926514,4.269999980926514,4.25,4.25,8852.0
2024-07-03 10:17:00,AXGN,7.449999809265137,7.449999809265137,7.449999809265137,7.449999809265137,7.449999809265137,517.0
2024-07-03 10:17:00,AXNX,67.41000366210938,67.41000366210938,67.41000366210938,67.41000366210938,67.41000366210938,359.0
2024-07-03 10:17:00,AXSM,80.0,80.0,80.0,79.97000122070312,79.97000122070312,991.0
2024-07-03 10:17:00,AZN,76.84500122070312,76.84500122070312,76.84500122070312,76.77999877929688,76.77999877929688,24333.0
2024-07-03 10:17:00,BBIO,25.389999389648438,25.389999389648438,25.399999618530273,25.354999542236328,25.354999542236328,2142.0
2024-07-03 10:17:00,BCAB,1.3350000381469727,1.3350000381469727,1.3350000381469727,1.315000057220459,1.315000057220459,30909.0
2024-07-03 10:17:00,BCRX,6.704999923706055,6.704999923706055,6.715000152587891,6.690000057220459,6.695000171661377,29018.0
2024-07-03 10:17:00,BCTX,1.0499000549316406,1.0499000549316406,1.0499000549316406,1.0499000549316406,1.0499000549316406,754.0
2024-07-03 10:17:00,BDTX,4.21999979019165,4.21999979019165,4.21999979019165,4.21999979019165,4.21999979019165,945.0
2024-07-03 10:17:00,BEAM,23.65999984741211,23.65999984741211,23.69659996032715,23.6200008392334,23.6200008392334,2000.0
2024-07-03 10:17:00,BEAT,2.680000066757202,2.680000066757202,2.734999895095825,2.680000066757202,2.7109999656677246,15812.0
2024-07-03 10:17:00,BIIB,226.58999633789062,226.58999633789062,226.60499572753906,226.47999572753906,226.60499572753906,2693.0
2024-07-03 10:17:00,BIMI,1.25,1.25,1.2599999904632568,1.25,1.2599999904632568,5286.0
2024-07-03 10:17:00,BIVI,0.4171999990940094,0.4171999990940094,0.4171999990940094,0.4171999990940094,0.4171999990940094,500.0
2024-07-03 10:17:00,BLFS,20.25,20.25,20.260000228881836,20.219999313354492,20.219999313354492,955.0
2024-07-03 10:17:00,BLTE,46.11000061035156,46.11000061035156,46.11000061035156,46.11000061035156,46.11000061035156,300.0
2024-07-03 10:17:00,BLUE,0.9373999834060669,0.9373999834060669,0.9375,0.9343000054359436,0.9343000054359436,6623.0
2024-07-03 10:17:00,BMRA,0.44999998807907104,0.44999998807907104,0.44999998807907104,0.44999998807907104,0.44999998807907104,101.0
2024-07-03 10:17:00,BMRN,81.91000366210938,81.91000366210938,81.91000366210938,81.91000366210938,81.91000366210938,268.0
2024-07-03 10:17:00,BNGO,0.5508000254631042,0.5508000254631042,0.5508000254631042,0.550599992275238,0.550599992275238,7344.0
2024-07-03 10:17:00,BNTX,80.93000030517578,80.93000030517578,80.93499755859375,80.93000030517578,80.93499755859375,444.0
2024-07-03 10:17:00,BPMC,111.08000183105469,111.08000183105469,111.08000183105469,111.08000183105469,111.08000183105469,434.0
2024-07-03 10:17:00,BPTH,1.809000015258789,1.809000015258789,1.809999942779541,1.809000015258789,1.809999942779541,1200.0
2024-07-03 10:17:00,BRKR,62.22999954223633,62.22999954223633,62.2400016784668,62.22999954223633,62.2400016784668,1081.0
2024-07-03 10:17:00,BTCY,0.7469000220298767,0.7469000220298767,0.7469000220298767,0.7321000099182129,0.7321000099182129,1001.0
2024-07-03 10:17:00,BYSI,2.4000000953674316,2.4000000953674316,2.4000000953674316,2.369999885559082,2.369999885559082,2984.0
2024-07-03 10:17:00,CABA,7.710000038146973,7.710000038146973,7.710000038146973,7.695000171661377,7.695000171661377,1153.0
2024-07-03 10:17:00,CADL,6.239999771118164,6.239999771118164,6.239999771118164,6.239999771118164,6.239999771118164,105.0
2024-07-03 10:17:00,CCCC,4.739999771118164,4.739999771118164,4.75,4.724999904632568,4.730000019073486,3694.0
2024-07-03 10:17:00,CCRN,13.694999694824219,13.694999694824219,13.694999694824219,13.649999618530273,13.649999618530273,899.0
2024-07-03 10:17:00,CDMO,7.695000171661377,7.695000171661377,7.695000171661377,7.695000171661377,7.695000171661377,314.0
2024-07-03 10:17:00,CERE,41.27000045776367,41.27000045776367,41.279998779296875,41.27000045776367,41.279998779296875,3346.0
2024-07-03 10:17:00,CERS,1.7161999940872192,1.7161999940872192,1.7161999940872192,1.7161999940872192,1.7161999940872192,200.0
2024-07-03 10:17:00,CGC,6.650000095367432,6.650000095367432,6.650000095367432,6.610000133514404,6.640100002288818,72747.0
2024-07-03 10:17:00,CGEM,16.740100860595703,16.740100860595703,16.790000915527344,16.739999771118164,16.790000915527344,776.0
2024-07-03 10:17:00,CHRS,1.4299999475479126,1.4299999475479126,1.4299999475479126,1.4184999465942383,1.4199999570846558,17772.0
2024-07-03 10:17:00,CKPT,2.2699999809265137,2.2699999809265137,2.2699999809265137,2.2699999809265137,2.2699999809265137,2076.0
2024-07-03 10:17:00,CLDX,36.95000076293945,36.95000076293945,36.95000076293945,36.95000076293945,36.95000076293945,860.0
2024-07-03 10:17:00,CLOV,1.2649999856948853,1.2649999856948853,1.2699999809265137,1.2649999856948853,1.2649999856948853,724.0
2024-07-03 10:17:00,CLSD,1.278499960899353,1.278499960899353,1.278499960899353,1.278499960899353,1.278499960899353,410.0
2024-07-03 10:17:00,CMMB,0.9675999879837036,0.9675999879837036,0.9675999879837036,0.9675999879837036,0.9675999879837036,0.0
2024-07-03 10:17:00,CMPX,0.8500000238418579,0.8500000238418579,0.8500000238418579,0.8500000238418579,0.8500000238418579,1389.0
2024-07-03 10:17:00,CNSP,2.078200101852417,2.078200101852417,2.0999999046325684,2.059999942779541,2.071199893951416,157061.0
2024-07-03 10:17:00,COLL,32.165000915527344,32.165000915527344,32.165000915527344,32.165000915527344,32.165000915527344,3.0
2024-07-03 10:17:00,CORT,31.145000457763672,31.145000457763672,31.209999084472656,31.145000457763672,31.209999084472656,829.0
2024-07-03 10:17:00,COSM,0.960099995136261,0.960099995136261,0.960099995136261,0.960099995136261,0.960099995136261,2245.0
2024-07-03 10:17:00,CPRX,15.765000343322754,15.765000343322754,15.765000343322754,15.760499954223633,15.760499954223633,661.0
2024-07-03 10:17:00,CRBU,1.6200000047683716,1.6200000047683716,1.6200000047683716,1.6150000095367432,1.6150000095367432,837.0
2024-07-03 10:17:00,CRDF,2.200000047683716,2.200000047683716,2.200000047683716,2.200000047683716,2.200000047683716,652.0
2024-07-03 10:17:00,CRDL,1.9600000381469727,1.9600000381469727,1.9600000381469727,1.9600000381469727,1.9600000381469727,810.0
2024-07-03 10:17:00,CRIS,6.400000095367432,6.400000095367432,6.400000095367432,6.400000095367432,6.400000095367432,1316.0
2024-07-03 10:17:00,CRMD,4.179999828338623,4.179999828338623,4.179999828338623,4.179999828338623,4.179999828338623,200.0
2024-07-03 10:17:00,CRNX,44.720001220703125,44.720001220703125,44.720001220703125,44.720001220703125,44.720001220703125,168.0
2024-07-03 10:17:00,CRON,2.3350000381469727,2.3350000381469727,2.3450000286102295,2.3350000381469727,2.3399999141693115,26217.0
2024-07-03 10:17:00,CRSP,54.52450180053711,54.52450180053711,54.58000183105469,54.429901123046875,54.45159912109375,19736.0
2024-07-03 10:17:00,CRVS,1.7949999570846558,1.7949999570846558,1.7949999570846558,1.7949999570846558,1.7949999570846558,472.0
2024-07-03 10:17:00,CTSO,0.8299000263214111,0.8299000263214111,0.8299000263214111,0.8299000263214111,0.8299000263214111,204.0
2024-07-03 10:17:00,CUTR,1.3650000095367432,1.3650000095367432,1.3698999881744385,1.3600000143051147,1.3698999881744385,2973.0
2024-07-03 10:17:00,CVAC,3.484999895095825,3.484999895095825,3.5099000930786133,3.4700000286102295,3.488800048828125,22353.0
2024-07-03 10:17:00,CYTK,54.94499969482422,54.94499969482422,55.0,54.93000030517578,54.93000030517578,4764.0
2024-07-03 10:17:00,CYTO,1.159999966621399,1.159999966621399,1.159999966621399,1.159999966621399,1.159999966621399,1260.0
2024-07-03 10:17:00,DARE,3.4000000953674316,3.4000000953674316,3.4000000953674316,3.4000000953674316,3.4000000953674316,408.0
2024-07-03 10:17:00,DAWN,13.479999542236328,13.479999542236328,13.520000457763672,13.460000038146973,13.510000228881836,5181.0
2024-07-03 10:17:00,DCTH,8.020000457763672,8.020000457763672,8.020000457763672,8.020000457763672,8.020000457763672,651.0
2024-07-03 10:17:00,DH,5.4278998374938965,5.4278998374938965,5.4278998374938965,5.4278998374938965,5.4278998374938965,459.0
2024-07-03 10:17:00,DNLI,22.110000610351562,22.110000610351562,22.110000610351562,22.110000610351562,22.110000610351562,805.0
2024-07-03 10:17:00,DSGN,3.2300000190734863,3.2300000190734863,3.2300000190734863,3.2200000286102295,3.2300000190734863,1340.0
2024-07-03 10:17:00,DVAX,11.170000076293945,11.170000076293945,11.170000076293945,11.170000076293945,11.170000076293945,1360.0
2024-07-03 10:17:00,DXCM,110.2300033569336,110.2300033569336,110.30000305175781,110.2300033569336,110.2699966430664,3625.0
2024-07-03 10:17:00,DYN,34.529998779296875,34.529998779296875,34.77000045776367,34.529998779296875,34.66999816894531,1800.0
2024-07-03 10:17:00,EDIT,4.710000038146973,4.710000038146973,4.710000038146973,4.704999923706055,4.710000038146973,1419.0
2024-07-03 10:17:00,EMBC,11.9399995803833,11.9399995803833,11.9399995803833,11.9399995803833,11.9399995803833,142.0
2024-07-03 10:17:00,ERAS,2.2899999618530273,2.2899999618530273,2.2899999618530273,2.2899999618530273,2.2899999618530273,234.0
2024-07-03 10:17:00,ESPR,2.375,2.375,2.384999990463257,2.375,2.384999990463257,14994.0
2024-07-03 10:17:00,EXAS,43.58000183105469,43.58000183105469,43.58000183105469,43.540000915527344,43.58000183105469,845.0
2024-07-03 10:17:00,EXEL,22.104999542236328,22.104999542236328,22.1200008392334,22.10059928894043,22.1200008392334,2103.0
2024-07-03 10:17:00,EYEN,0.7800999879837036,0.7800999879837036,0.7800999879837036,0.7736999988555908,0.7736999988555908,19138.0
2024-07-03 10:17:00,FATE,3.3450000286102295,3.3450000286102295,3.3450000286102295,3.3299999237060547,3.3299999237060547,1834.0
2024-07-03 10:17:00,FBIO,1.7350000143051147,1.7350000143051147,1.7350000143051147,1.7350000143051147,1.7350000143051147,302.0
2024-07-03 10:17:00,FGEN,0.7325000166893005,0.7325000166893005,0.7325000166893005,0.7311000227928162,0.7311000227928162,12082.0
2024-07-03 10:17:00,FHTX,5.389999866485596,5.389999866485596,5.389999866485596,5.389999866485596,5.389999866485596,225.0
2024-07-03 10:17:00,FLGC,0.8999999761581421,0.8999999761581421,0.9599999785423279,0.8999999761581421,0.8999999761581421,366.0
2024-07-03 10:17:00,FOLD,9.954999923706055,9.954999923706055,9.960000038146973,9.954999923706055,9.960000038146973,0.0
2024-07-03 10:17:00,GALT,2.180000066757202,2.180000066757202,2.180000066757202,2.180000066757202,2.180000066757202,932.0
2024-07-03 10:17:00,GDRX,7.795000076293945,7.795000076293945,7.800000190734863,7.789999961853027,7.789999961853027,380.0
2024-07-03 10:17:00,GERN,4.355000019073486,4.355000019073486,4.355000019073486,4.340199947357178,4.34499979019165,12496.0
2024-07-03 10:17:00,GH,28.740100860595703,28.740100860595703,28.740100860595703,28.740100860595703,28.740100860595703,407.0
2024-07-03 10:17:00,GHRS,11.800000190734863,11.800000190734863,11.800000190734863,11.800000190734863,11.800000190734863,1138.0
2024-07-03 10:17:00,GILD,67.23999786376953,67.23999786376953,67.23999786376953,67.05000305175781,67.05500030517578,19106.0
2024-07-03 10:17:00,GLUE,3.7200000286102295,3.7200000286102295,3.7200000286102295,3.7200000286102295,3.7200000286102295,70.0
2024-07-03 10:17:00,GLYC,0.2667999863624573,0.2667999863624573,0.2667999863624573,0.2667999863624573,0.2667999863624573,743.0
2024-07-03 10:17:00,GMAB,25.190000534057617,25.190000534057617,25.190000534057617,25.190000534057617,25.190000534057617,793.0
2024-07-03 10:17:00,GOSS,0.949999988079071,0.949999988079071,0.9514999985694885,0.9498999714851379,0.949999988079071,7953.0
2024-07-03 10:17:00,GOVX,3.134999990463257,3.134999990463257,3.1500000953674316,3.119999885559082,3.119999885559082,37064.0
2024-07-03 10:17:00,GRFS,6.666999816894531,6.666999816894531,6.670000076293945,6.666999816894531,6.670000076293945,856.0
2024-07-03 10:17:00,GRTS,0.5681999921798706,0.5681999921798706,0.5701000094413757,0.5654000043869019,0.5654000043869019,69900.0
2024-07-03 10:17:00,HALO,51.5099983215332,51.5099983215332,51.5099983215332,51.439998626708984,51.439998626708984,3700.0
2024-07-03 10:17:00,HCSG,10.899999618530273,10.899999618530273,10.899999618530273,10.890000343322754,10.899999618530273,1793.0
2024-07-03 10:17:00,HEPA,1.0700000524520874,1.0700000524520874,1.0700000524520874,1.0700000524520874,1.0700000524520874,517.0
2024-07-03 10:17:00,HLVX,14.40999984741211,14.40999984741211,14.40999984741211,14.300000190734863,14.300000190734863,3159.0
2024-07-03 10:17:00,HOLX,73.06999969482422,73.06999969482422,73.06999969482422,73.05500030517578,73.05500030517578,3589.0
2024-07-03 10:17:00,HQY,83.76000213623047,83.76000213623047,83.76000213623047,83.61000061035156,83.61000061035156,1236.0
2024-07-03 10:17:00,HRMY,30.299999237060547,30.299999237060547,30.299999237060547,30.299999237060547,30.299999237060547,44.0
2024-07-03 10:17:00,HROW,21.911100387573242,21.911100387573242,21.911100387573242,21.909500122070312,21.909500122070312,3016.0
2024-07-03 10:17:00,HRTX,2.859999895095825,2.859999895095825,2.865000009536743,2.8499999046325684,2.8499999046325684,24682.0
2024-07-03 10:17:00,HSIC,65.4000015258789,65.4000015258789,65.4000015258789,65.33000183105469,65.33000183105469,4128.0
2024-07-03 10:17:00,HUMA,5.743299961090088,5.743299961090088,5.75,5.730000019073486,5.75,9446.0
2024-07-03 10:17:00,HYPR,0.9298999905586243,0.9298999905586243,0.9300000071525574,0.9298999905586243,0.9300000071525574,20900.0
2024-07-03 10:17:00,IBRX,6.275000095367432,6.275000095367432,6.279900074005127,6.269999980926514,6.269999980926514,4482.0
2024-07-03 10:17:00,ICCM,0.7297999858856201,0.7297999858856201,0.7297999858856201,0.7286999821662903,0.7286999821662903,10054.0
2024-07-03 10:17:00,IDXX,473.67498779296875,473.67498779296875,473.94500732421875,473.5,473.94500732421875,3188.0
2024-07-03 10:17:00,ILMN,106.25499725341797,106.25499725341797,106.38999938964844,106.23999786376953,106.38999938964844,2996.0
2024-07-03 10:17:00,IMAB,1.5700000524520874,1.5700000524520874,1.5800000429153442,1.5700000524520874,1.5800000429153442,1750.0
2024-07-03 10:17:00,IMCR,35.665000915527344,35.665000915527344,35.75,35.560001373291016,35.599998474121094,2044.0
2024-07-03 10:17:00,IMMP,1.9800000190734863,1.9800000190734863,1.9800000190734863,1.9800000190734863,1.9800000190734863,335.0
2024-07-03 10:17:00,IMNM,12.039999961853027,12.039999961853027,12.039999961853027,12.0,12.0,1978.0
2024-07-03 10:17:00,IMRX,1.1649999618530273,1.1649999618530273,1.1699999570846558,1.159999966621399,1.1699999570846558,1703.0
2024-07-03 10:17:00,IMVT,27.049999237060547,27.049999237060547,27.049999237060547,27.049999237060547,27.049999237060547,186.0
2024-07-03 10:17:00,INCY,58.47999954223633,58.47999954223633,58.47999954223633,58.45000076293945,58.45000076293945,2572.0
2024-07-03 10:17:00,INMB,7.909999847412109,7.909999847412109,7.949999809265137,7.909999847412109,7.949999809265137,1574.0
2024-07-03 10:17:00,INMD,17.729999542236328,17.729999542236328,17.739999771118164,17.729999542236328,17.739999771118164,1182.0
2024-07-03 10:17:00,INO,8.569999694824219,8.569999694824219,8.569999694824219,8.5,8.5,2420.0
2024-07-03 10:17:00,INSM,63.9900016784668,63.9900016784668,63.9900016784668,63.9900016784668,63.9900016784668,259.0
2024-07-03 10:17:00,INZY,4.5,4.5,4.519999980926514,4.5,4.519999980926514,735.0
2024-07-03 10:17:00,IONS,45.040000915527344,45.040000915527344,45.09000015258789,45.040000915527344,45.04499816894531,2191.0
2024-07-03 10:17:00,IOVA,7.824999809265137,7.824999809265137,7.824999809265137,7.789999961853027,7.809999942779541,28397.0
2024-07-03 10:17:00,IRTC,92.12940216064453,92.12940216064453,92.12940216064453,91.13500213623047,91.26000213623047,7092.0
2024-07-03 10:17:00,IRWD,6.244999885559082,6.244999885559082,6.25,6.239999771118164,6.239999771118164,4677.0
2024-07-03 10:17:00,ISRG,433.75,433.75,433.75,433.4599914550781,433.75,1426.0
2024-07-03 10:17:00,ITCI,68.41999816894531,68.41999816894531,68.43000030517578,68.26000213623047,68.43000030517578,1462.0
2024-07-03 10:17:00,IVVD,1.125,1.125,1.125,1.125,1.125,282.0
2024-07-03 10:17:00,JAGX,3.4798998832702637,3.4798998832702637,3.4800000190734863,3.4700000286102295,3.4798998832702637,6631.0
2024-07-03 10:17:00,KALA,6.894499778747559,6.894499778747559,6.900000095367432,6.869999885559082,6.869999885559082,1533.0
2024-07-03 10:17:00,KALV,11.699999809265137,11.699999809265137,11.699999809265137,11.6899995803833,11.6899995803833,719.0
2024-07-03 10:17:00,KIDS,30.040000915527344,30.040000915527344,30.040000915527344,30.040000915527344,30.040000915527344,128.0
2024-07-03 10:17:00,KOD,2.240000009536743,2.240000009536743,2.240000009536743,2.240000009536743,2.240000009536743,23.0
2024-07-03 10:17:00,KPTI,0.8476999998092651,0.8476999998092651,0.8476999998092651,0.8454999923706055,0.8454999923706055,561.0
2024-07-03 10:17:00,KTRA,0.2736000120639801,0.2736000120639801,0.274399995803833,0.2736000120639801,0.274399995803833,5158.0
2024-07-03 10:17:00,KYMR,30.899999618530273,30.899999618530273,30.899999618530273,30.899999618530273,30.899999618530273,427.0
2024-07-03 10:17:00,KZR,0.5730999708175659,0.5730999708175659,0.5730999708175659,0.5730999708175659,0.5730999708175659,1359.0
2024-07-03 10:17:00,LAB,1.8049999475479126,1.8049999475479126,1.8049999475479126,1.8000999689102173,1.8049999475479126,3021.0
2024-07-03 10:17:00,LBPH,31.75,31.75,31.75,31.75,31.75,297.0
2024-07-03 10:17:00,LEGN,45.099998474121094,45.099998474121094,45.099998474121094,45.029998779296875,45.029998779296875,2034.0
2024-07-03 10:17:00,LFST,5.135000228881836,5.135000228881836,5.135000228881836,5.135000228881836,5.135000228881836,319.0
2024-07-03 10:17:00,LGVN,1.6299999952316284,1.6299999952316284,1.6299999952316284,1.6150000095367432,1.6150000095367432,4031.0
2024-07-03 10:17:00,LIVN,52.83000183105469,52.83000183105469,52.83000183105469,52.810001373291016,52.83000183105469,1429.0
2024-07-03 10:17:00,LOGC,5.730000019073486,5.730000019073486,5.730000019073486,5.730000019073486,5.730000019073486,559.0
2024-07-03 10:17:00,LQDA,12.130000114440918,12.130000114440918,12.130000114440918,12.109999656677246,12.109999656677246,934.0
2024-07-03 10:17:00,LRMR,7.809999942779541,7.809999942779541,7.809999942779541,7.809999942779541,7.809999942779541,281.0
2024-07-03 10:17:00,LUCD,0.7649000287055969,0.7649000287055969,0.7649000287055969,0.7649000287055969,0.7649000287055969,177.0
2024-07-03 10:17:00,LUCY,0.47859999537467957,0.47859999537467957,0.47870001196861267,0.47859999537467957,0.47870001196861267,1723.0
2024-07-03 10:17:00,LUNG,6.25,6.25,6.25,6.25,6.25,467.0
2024-07-03 10:17:00,LXRX,1.6200000047683716,1.6200000047683716,1.6299999952316284,1.6200000047683716,1.625,2133.0
2024-07-03 10:17:00,LYEL,1.499500036239624,1.499500036239624,1.499500036239624,1.4900000095367432,1.4900000095367432,4339.0
2024-07-03 10:17:00,MASI,112.93000030517578,112.93000030517578,112.93000030517578,112.93000030517578,112.93000030517578,298.0
2024-07-03 10:17:00,MASS,4.800000190734863,4.800000190734863,4.800000190734863,4.800000190734863,4.800000190734863,500.0
2024-07-03 10:17:00,MBIO,0.5228999853134155,0.5228999853134155,0.5231999754905701,0.5228999853134155,0.5228999853134155,13625.0
2024-07-03 10:17:00,MCRB,0.7098000049591064,0.7098000049591064,0.7099000215530396,0.7063000202178955,0.7070000171661377,18421.0
2024-07-03 10:17:00,MDGL,272.54998779296875,272.54998779296875,272.54998779296875,272.54998779296875,272.54998779296875,743.0
2024-07-03 10:17:00,MDXG,6.795000076293945,6.795000076293945,6.795000076293945,6.795000076293945,6.795000076293945,466.0
2024-07-03 10:17:00,ME,0.40230000019073486,0.40230000019073486,0.4032000005245209,0.40209999680519104,0.40209999680519104,12698.0
2024-07-03 10:17:00,MESO,6.679900169372559,6.679900169372559,6.679900169372559,6.679900169372559,6.679900169372559,301.0
2024-07-03 10:17:00,MGNX,4.306000232696533,4.306000232696533,4.309999942779541,4.306000232696533,4.309999942779541,2484.0
2024-07-03 10:17:00,MMSI,85.91000366210938,85.91000366210938,85.91000366210938,85.91000366210938,85.91000366210938,378.0
2024-07-03 10:17:00,MNKD,5.199999809265137,5.199999809265137,5.230000019073486,5.199999809265137,5.230000019073486,5720.0
2024-07-03 10:17:00,MNMD,7.269999980926514,7.269999980926514,7.269999980926514,7.239999771118164,7.239999771118164,2778.0
2024-07-03 10:17:00,MRNA,118.05000305175781,118.05000305175781,118.58000183105469,118.05000305175781,118.31999969482422,13582.0
2024-07-03 10:17:00,MRNS,1.225000023841858,1.225000023841858,1.225000023841858,1.2201000452041626,1.225000023841858,2312.0
2024-07-03 10:17:00,MRSN,1.9049999713897705,1.9049999713897705,1.9049999713897705,1.899999976158142,1.899999976158142,51956.0
2024-07-03 10:17:00,MRUS,53.154998779296875,53.154998779296875,53.154998779296875,53.154998779296875,53.154998779296875,1035.0
2024-07-03 10:17:00,MRVI,6.804999828338623,6.804999828338623,6.804999828338623,6.804999828338623,6.804999828338623,346.0
2024-07-03 10:17:00,MXCT,3.7149999141693115,3.7149999141693115,3.7200000286102295,3.7049999237060547,3.7049999237060547,2169.0
2024-07-03 10:17:00,MYGN,25.59000015258789,25.59000015258789,25.59000015258789,25.489999771118164,25.559999465942383,3017.0
2024-07-03 10:17:00,NARI,49.51499938964844,49.51499938964844,49.52239990234375,49.51499938964844,49.52239990234375,299.0
2024-07-03 10:17:00,NBIX,138.47999572753906,138.47999572753906,138.47999572753906,138.47999572753906,138.47999572753906,685.0
2024-07-03 10:17:00,NEO,13.739999771118164,13.739999771118164,13.739999771118164,13.739999771118164,13.739999771118164,145.0
2024-07-03 10:17:00,NEOG,15.255000114440918,15.255000114440918,15.265000343322754,15.255000114440918,15.265000343322754,2481.0
2024-07-03 10:17:00,NKTR,1.2300000190734863,1.2300000190734863,1.2300000190734863,1.225000023841858,1.225000023841858,1194.0
2024-07-03 10:17:00,NKTX,5.550000190734863,5.550000190734863,5.550000190734863,5.539999961853027,5.539999961853027,825.0
2024-07-03 10:17:00,NLSP,0.20720000565052032,0.20720000565052032,0.20720000565052032,0.20720000565052032,0.20720000565052032,0.0
2024-07-03 10:17:00,NNOX,7.16949987411499,7.16949987411499,7.16949987411499,7.150000095367432,7.150000095367432,1406.0
2024-07-03 10:17:00,NRIX,19.59000015258789,19.59000015258789,19.600000381469727,19.549999237060547,19.549999237060547,3869.0
2024-07-03 10:17:00,NRSN,1.2799999713897705,1.2799999713897705,1.2999999523162842,1.2799999713897705,1.2899999618530273,23539.0
2024-07-03 10:17:00,NTLA,22.795000076293945,22.795000076293945,22.795000076293945,22.75,22.75,3396.0
2024-07-03 10:17:00,NTRA,112.4800033569336,112.4800033569336,112.4800033569336,112.4800033569336,112.4800033569336,369.0
2024-07-03 10:17:00,NUTX,5.559999942779541,5.559999942779541,5.590000152587891,5.559999942779541,5.590000152587891,1688.0
2024-07-03 10:17:00,NVAX,13.15999984741211,13.15999984741211,13.210000038146973,13.154999732971191,13.17710018157959,48975.0
2024-07-03 10:17:00,NVOS,0.7401000261306763,0.7401000261306763,0.7401000261306763,0.7401000261306763,0.7401000261306763,200.0
2024-07-03 10:17:00,NXL,1.409999966621399,1.409999966621399,1.4193999767303467,1.409999966621399,1.4193999767303467,1906.0
2024-07-03 10:17:00,OCGN,1.6899000406265259,1.6899000406265259,1.6899000406265259,1.6699999570846558,1.6699999570846558,31882.0
2024-07-03 10:17:00,OCUL,6.900000095367432,6.900000095367432,6.900000095367432,6.894999980926514,6.894999980926514,657.0
2024-07-03 10:17:00,OGI,1.590000033378601,1.590000033378601,1.590000033378601,1.5857000350952148,1.590000033378601,2405.0
2024-07-03 10:17:00,OM,3.7899999618530273,3.7899999618530273,3.7899999618530273,3.7850000858306885,3.7850000858306885,672.0
2024-07-03 10:18:00,AADI,1.3650000095367432,1.3650000095367432,1.3650000095367432,1.3600000143051147,1.3600000143051147,2392.0
2024-07-03 10:18:00,ABCL,2.8101000785827637,2.8101000785827637,2.825000047683716,2.8101000785827637,2.819999933242798,11657.0
2024-07-03 10:18:00,ABEO,4.2906999588012695,4.2906999588012695,4.2906999588012695,4.2906999588012695,4.2906999588012695,8326.0
2024-07-03 10:18:00,ABSI,3.2093000411987305,3.2093000411987305,3.2100000381469727,3.200000047683716,3.200000047683716,1003.0
2024-07-03 10:18:00,ACB,4.840000152587891,4.840000152587891,4.840000152587891,4.839900016784668,4.839900016784668,1261.0
2024-07-03 10:18:00,ACCD,3.565000057220459,3.565000057220459,3.565000057220459,3.555000066757202,3.555000066757202,6500.0
2024-07-03 10:18:00,ACET,1.059999942779541,1.059999942779541,1.059999942779541,1.059999942779541,1.059999942779541,827.0
2024-07-03 10:18:00,ACHC,66.13999938964844,66.13999938964844,66.13999938964844,66.12000274658203,66.12000274658203,2310.0
2024-07-03 10:18:00,ACIU,3.930000066757202,3.930000066757202,3.950000047683716,3.880000114440918,3.880000114440918,8170.0
2024-07-03 10:18:00,ACRS,1.1699999570846558,1.1699999570846558,1.1699999570846558,1.159999966621399,1.159999966621399,3978.0
2024-07-03 10:18:00,ADAP,1.0449999570846558,1.0449999570846558,1.0449999570846558,1.0401999950408936,1.0401999950408936,1862.0
2024-07-03 10:18:00,ADMA,11.4399995803833,11.4399995803833,11.4399995803833,11.4350004196167,11.4350004196167,4176.0
2024-07-03 10:18:00,ADUS,117.6449966430664,117.6449966430664,117.71640014648438,117.6449966430664,117.68009948730469,4319.0
2024-07-03 10:18:00,AEMD,0.42489999532699585,0.42489999532699585,0.42489999532699585,0.42489999532699585,0.42489999532699585,0.0
2024-07-03 10:18:00,AFMD,5.159599781036377,5.159599781036377,5.159599781036377,5.130000114440918,5.130000114440918,725.0
2024-07-03 10:18:00,AGEN,14.725000381469727,14.725000381469727,14.779999732971191,14.711400032043457,14.711400032043457,2774.0
2024-07-03 10:18:00,AHCO,9.810999870300293,9.810999870300293,9.824999809265137,9.8100004196167,9.824999809265137,2185.0
2024-07-03 10:18:00,AKBA,0.946399986743927,0.946399986743927,0.946399986743927,0.946399986743927,0.946399986743927,209.0
2024-07-03 10:18:00,AKRO,22.31999969482422,22.31999969482422,22.31999969482422,22.280000686645508,22.280000686645508,2117.0
2024-07-03 10:18:00,AKYA,2.200000047683716,2.200000047683716,2.200000047683716,2.200000047683716,2.200000047683716,200.0
2024-07-03 10:18:00,ALEC,4.510000228881836,4.510000228881836,4.510000228881836,4.5,4.5,409.0
2024-07-03 10:18:00,ALGN,237.7899932861328,237.7899932861328,237.99000549316406,237.72000122070312,237.99000549316406,1933.0
2024-07-03 10:18:00,ALGS,0.41519999504089355,0.41519999504089355,0.41519999504089355,0.41260001063346863,0.4138999879360199,769.0
2024-07-03 10:18:00,ALHC,7.989999771118164,7.989999771118164,7.989999771118164,7.989999771118164,7.989999771118164,1167.0
2024-07-03 10:18:00,ALKS,24.479999542236328,24.479999542236328,24.479999542236328,24.479999542236328,24.479999542236328,727.0
2024-07-03 10:18:00,ALLK,0.8583999872207642,0.8583999872207642,0.8583999872207642,0.8550999760627747,0.8551999926567078,2842.0
2024-07-03 10:18:00,ALLO,2.1500000953674316,2.1500000953674316,2.159899950027466,2.1500000953674316,2.159899950027466,4517.0
2024-07-03 10:18:00,ALLR,0.20759999752044678,0.20759999752044678,0.20759999752044678,0.2070000022649765,0.2070000022649765,4096.0
2024-07-03 10:18:00,ALNY,247.84500122070312,247.84500122070312,247.84500122070312,247.84500122070312,247.84500122070312,986.0
2024-07-03 10:18:00,ALT,6.940000057220459,6.940000057220459,6.940000057220459,6.880000114440918,6.900000095367432,20126.0
2024-07-03 10:18:00,ALVR,0.7379999756813049,0.7379999756813049,0.7379999756813049,0.7379999756813049,0.7379999756813049,1048.0
2024-07-03 10:18:00,ALXO,6.039999961853027,6.039999961853027,6.050000190734863,6.039999961853027,6.050000190734863,1377.0
2024-07-03 10:18:00,AMED,96.73999786376953,96.73999786376953,96.73999786376953,96.69999694824219,96.73999786376953,5604.0
2024-07-03 10:18:00,AMGN,311.2200012207031,311.2200012207031,311.2200012207031,311.18011474609375,311.18011474609375,1803.0
2024-07-03 10:18:00,AMLX,1.7799999713897705,1.7799999713897705,1.784999966621399,1.7799999713897705,1.784999966621399,15656.0
2024-07-03 10:18:00,AMRN,0.7063000202178955,0.7063000202178955,0.7188000082969666,0.7063000202178955,0.7188000082969666,3757.0
2024-07-03 10:18:00,ANAB,25.375,25.375,25.375,25.3700008392334,25.3700008392334,641.0
2024-07-03 10:18:00,ANNX,4.820000171661377,4.820000171661377,4.840000152587891,4.800000190734863,4.800000190734863,5688.0
2024-07-03 10:18:00,ANTX,2.5699000358581543,2.5699000358581543,2.5699000358581543,2.5699000358581543,2.5699000358581543,1002.0
2024-07-03 10:18:00,APDN,0.427700012922287,0.427700012922287,0.4399999976158142,0.4101000130176544,0.4399999976158142,145068.0
2024-07-03 10:18:00,APLS,36.529998779296875,36.529998779296875,36.619998931884766,36.5099983215332,36.525001525878906,10698.0
2024-07-03 10:18:00,APLT,4.440000057220459,4.440000057220459,4.440000057220459,4.440000057220459,4.440000057220459,324.0
2024-07-03 10:18:00,APYX,1.3650000095367432,1.3650000095367432,1.3650000095367432,1.3650000095367432,1.3650000095367432,466.0
2024-07-03 10:18:00,ARAY,1.774999976158142,1.774999976158142,1.774999976158142,1.774999976158142,1.774999976158142,100.0
2024-07-03 10:18:00,ARCT,22.079999923706055,22.079999923706055,22.219999313354492,22.045000076293945,22.132999420166016,2181.0
2024-07-03 10:18:00,ARDX,5.255000114440918,5.255000114440918,5.28000020980835,5.25,5.255000114440918,19223.0
2024-07-03 10:18:00,ARGX,437.0199890136719,437.0199890136719,437.0199890136719,436.1199951171875,436.1199951171875,1121.0
2024-07-03 10:18:00,ARQT,9.5649995803833,9.5649995803833,9.5649995803833,9.545000076293945,9.5649995803833,7761.0
2024-07-03 10:18:00,ARVN,25.020000457763672,25.020000457763672,25.047500610351562,25.014999389648438,25.014999389648438,1703.0
2024-07-03 10:18:00,ARWR,25.799999237060547,25.799999237060547,25.799999237060547,25.7549991607666,25.7549991607666,2534.0
2024-07-03 10:18:00,ASND,136.77000427246094,136.77000427246094,136.77000427246094,136.5449981689453,136.5449981689453,350.0
2024-07-03 10:18:00,ASRT,1.2999999523162842,1.2999999523162842,1.3100999593734741,1.2999999523162842,1.309999942779541,2743.0
2024-07-03 10:18:00,ATAI,1.315000057220459,1.315000057220459,1.315000057220459,1.315000057220459,1.315000057220459,900.0
2024-07-03 10:18:00,ATOS,1.1597000360488892,1.1597000360488892,1.1597000360488892,1.1597000360488892,1.1597000360488892,5073.0
2024-07-03 10:18:00,ATRC,22.204999923706055,22.204999923706055,22.264999389648438,22.149999618530273,22.264999389648438,2569.0
2024-07-03 10:18:00,ATXS,9.119999885559082,9.119999885559082,9.119999885559082,9.079999923706055,9.09000015258789,609.0
2024-07-03 10:18:00,AUGX,1.0099999904632568,1.0099999904632568,1.0149999856948853,1.0099999904632568,1.0149999856948853,701.0
2024-07-03 10:18:00,AUPH,5.519999980926514,5.519999980926514,5.519999980926514,5.519999980926514,5.519999980926514,1317.0
2024-07-03 10:18:00,AURA,7.170000076293945,7.170000076293945,7.179999828338623,7.150000095367432,7.175000190734863,1622.0
2024-07-03 10:18:00,AUTL,3.4800000190734863,3.4800000190734863,3.4800000190734863,3.4800000190734863,3.4800000190734863,354.0
2024-07-03 10:18:00,AVDL,14.300000190734863,14.300000190734863,14.300000190734863,14.300000190734863,14.300000190734863,1050.0
2024-07-03 10:18:00,AVTE,1.6299999952316284,1.6299999952316284,1.6349999904632568,1.6299999952316284,1.6302000284194946,8562.0
2024-07-03 10:18:00,AVXL,4.270100116729736,4.270100116729736,4.28000020980835,4.270100116729736,4.28000020980835,717.0
2024-07-03 10:18:00,AZN,76.83499908447266,76.83499908447266,76.87000274658203,76.83499908447266,76.86000061035156,6929.0
2024-07-03 10:18:00,AZTA,52.85499954223633,52.85499954223633,52.85499954223633,52.81999969482422,52.81999969482422,629.0
2024-07-03 10:18:00,BBIO,25.440000534057617,25.440000534057617,25.440000534057617,25.440000534057617,25.440000534057617,409.0
2024-07-03 10:18:00,BCRX,6.684999942779541,6.684999942779541,6.699999809265137,6.684999942779541,6.699999809265137,11454.0
2024-07-03 10:18:00,BCTX,1.027500033378601,1.027500033378601,1.027500033378601,1.027500033378601,1.027500033378601,225.0
2024-07-03 10:18:00,BCYC,19.885000228881836,19.885000228881836,19.93869972229004,19.885000228881836,19.93869972229004,374.0
2024-07-03 10:18:00,BEAM,23.709999084472656,23.709999084472656,23.709999084472656,23.709999084472656,23.709999084472656,3307.0
2024-07-03 10:18:00,BEAT,2.75,2.75,2.75,2.75,2.75,54.0
2024-07-03 10:18:00,BIIB,226.75,226.75,226.92999267578125,226.6300048828125,226.72000122070312,1936.0
2024-07-03 10:18:00,BIVI,0.41110000014305115,0.41110000014305115,0.4171999990940094,0.41110000014305115,0.4171999990940094,700.0
2024-07-03 10:18:00,BJDX,0.6299999952316284,0.6299999952316284,0.6299999952316284,0.6299999952316284,0.6299999952316284,1000.0
2024-07-03 10:18:00,BLTE,46.2400016784668,46.2400016784668,46.2400016784668,46.11000061035156,46.11000061035156,1209.0
2024-07-03 10:18:00,BLUE,0.9373999834060669,0.9373999834060669,0.9373999834060669,0.9373999834060669,0.9373999834060669,721.0
2024-07-03 10:18:00,BMEA,4.53000020980835,4.53000020980835,4.53000020980835,4.53000020980835,4.53000020980835,1343.0
2024-07-03 10:18:00,BNGO,0.5509999990463257,0.5509999990463257,0.5509999990463257,0.5508999824523926,0.5508999824523926,7552.0
2024-07-03 10:18:00,BNTX,80.91439819335938,80.91439819335938,80.91439819335938,80.91439819335938,80.91439819335938,103.0
2024-07-03 10:18:00,BPMC,111.25499725341797,111.25499725341797,111.3998031616211,111.18000030517578,111.20999908447266,2442.0
2024-07-03 10:18:00,BRKR,62.310001373291016,62.310001373291016,62.310001373291016,62.310001373291016,62.310001373291016,794.0
2024-07-03 10:18:00,BTAI,1.0950000286102295,1.0950000286102295,1.0950000286102295,1.090000033378601,1.090000033378601,501.0
2024-07-03 10:18:00,CABA,7.71999979019165,7.71999979019165,7.71999979019165,7.71999979019165,7.71999979019165,867.0
2024-07-03 10:18:00,CCCC,4.760000228881836,4.760000228881836,4.760000228881836,4.744999885559082,4.744999885559082,3487.0
2024-07-03 10:18:00,CDMO,7.659999847412109,7.659999847412109,7.710000038146973,7.659999847412109,7.695000171661377,3735.0
2024-07-03 10:18:00,CERE,41.290000915527344,41.290000915527344,41.290000915527344,41.27000045776367,41.27000045776367,7284.0
2024-07-03 10:18:00,CERS,1.715000033378601,1.715000033378601,1.7200000286102295,1.715000033378601,1.7200000286102295,7663.0
2024-07-03 10:18:00,CERT,13.850000381469727,13.850000381469727,13.850000381469727,13.850000381469727,13.850000381469727,642.0
2024-07-03 10:18:00,CGC,6.644999980926514,6.644999980926514,6.650000095367432,6.641200065612793,6.641200065612793,19665.0
2024-07-03 10:18:00,CGEM,16.8700008392334,16.8700008392334,16.8700008392334,16.8700008392334,16.8700008392334,327.0
2024-07-03 10:18:00,CHRS,1.4299999475479126,1.4299999475479126,1.4299999475479126,1.4299999475479126,1.4299999475479126,637.0
2024-07-03 10:18:00,CING,0.3149000108242035,0.3149000108242035,0.3149000108242035,0.3149000108242035,0.3149000108242035,700.0
2024-07-03 10:18:00,CKPT,2.2699999809265137,2.2699999809265137,2.2699999809265137,2.25,2.25,5571.0
2024-07-03 10:18:00,CLOV,1.2649999856948853,1.2649999856948853,1.2649999856948853,1.2649999856948853,1.2649999856948853,1063.0
2024-07-03 10:18:00,CLPT,5.269999980926514,5.269999980926514,5.269999980926514,5.269999980926514,5.269999980926514,476.0
2024-07-03 10:18:00,CLRB,2.443700075149536,2.443700075149536,2.443700075149536,2.443700075149536,2.443700075149536,1000.0
2024-07-03 10:18:00,CMMB,0.9700999855995178,0.9700999855995178,0.9700999855995178,0.910099983215332,0.910099983215332,419.0
2024-07-03 10:18:00,CMPS,6.28000020980835,6.28000020980835,6.28000020980835,6.249800205230713,6.25,2405.0
2024-07-03 10:18:00,CMRX,0.8600000143051147,0.8600000143051147,0.8600000143051147,0.8600000143051147,0.8600000143051147,403.0
2024-07-03 10:18:00,CNSP,2.109999895095825,2.109999895095825,2.1196000576019287,2.0399999618530273,2.075000047683716,203110.0
2024-07-03 10:18:00,COGT,8.375,8.375,8.375,8.369999885559082,8.369999885559082,1567.0
2024-07-03 10:18:00,COLL,32.15999984741211,32.15999984741211,32.15999984741211,32.15999984741211,32.15999984741211,318.0
2024-07-03 10:18:00,CORT,31.200000762939453,31.200000762939453,31.200000762939453,31.190000534057617,31.190000534057617,2314.0
2024-07-03 10:18:00,COSM,0.9599999785423279,0.9599999785423279,0.9610000252723694,0.9599999785423279,0.9610000252723694,401.0
2024-07-03 10:18:00,CPRX,15.75,15.75,15.765000343322754,15.75,15.765000343322754,1579.0
2024-07-03 10:18:00,CRBU,1.6200000047683716,1.6200000047683716,1.625,1.6150000095367432,1.6198999881744385,8232.0
2024-07-03 10:18:00,CRDF,2.2100000381469727,2.2100000381469727,2.2100000381469727,2.194999933242798,2.200000047683716,1580.0
2024-07-03 10:18:00,CRDL,1.9600000381469727,1.9600000381469727,1.9600000381469727,1.9600000381469727,1.9600000381469727,906.0
2024-07-03 10:18:00,CRMD,4.175000190734863,4.175000190734863,4.175000190734863,4.175000190734863,4.175000190734863,313.0
2024-07-03 10:18:00,CRNX,45.01499938964844,45.01499938964844,45.01499938964844,44.970001220703125,44.970001220703125,613.0
2024-07-03 10:18:00,CRON,2.3368000984191895,2.3368000984191895,2.3368000984191895,2.3368000984191895,2.3368000984191895,28.0
2024-07-03 10:18:00,CRSP,54.70560073852539,54.70560073852539,54.72999954223633,54.53010177612305,54.56999969482422,4444.0
2024-07-03 10:18:00,CTMX,1.3450000286102295,1.3450000286102295,1.3450000286102295,1.3450000286102295,1.3450000286102295,2538.0
2024-07-03 10:18:00,CTSO,0.8399999737739563,0.8399999737739563,0.8399999737739563,0.8399999737739563,0.8399999737739563,1279.0
2024-07-03 10:18:00,CUE,1.0299999713897705,1.0299999713897705,1.0299999713897705,1.0149999856948853,1.0149999856948853,2582.0
2024-07-03 10:18:00,CUTR,1.3600000143051147,1.3600000143051147,1.3600000143051147,1.3600000143051147,1.3600000143051147,181.0
2024-07-03 10:18:00,CVAC,3.505000114440918,3.505000114440918,3.509999990463257,3.484999895095825,3.484999895095825,20298.0
2024-07-03 10:18:00,CVRX,11.75,11.75,11.75,11.699999809265137,11.710000038146973,1136.0
2024-07-03 10:18:00,CYTK,54.970001220703125,54.970001220703125,54.970001220703125,54.970001220703125,54.970001220703125,514.0
2024-07-03 10:18:00,CYTO,1.149999976158142,1.149999976158142,1.149999976158142,1.149999976158142,1.149999976158142,653.0
2024-07-03 10:18:00,DARE,3.3785998821258545,3.3785998821258545,3.3785998821258545,3.369999885559082,3.369999885559082,330.0
2024-07-03 10:18:00,DAWN,13.470000267028809,13.470000267028809,13.479999542236328,13.46500015258789,13.470000267028809,1677.0
2024-07-03 10:18:00,DCTH,8.0,8.0,8.0,8.0,8.0,276.0
2024-07-03 10:18:00,DNLI,22.114999771118164,22.114999771118164,22.114999771118164,22.114999771118164,22.114999771118164,631.0
2024-07-03 10:18:00,DRMA,2.259999990463257,2.259999990463257,2.259999990463257,2.259999990463257,2.259999990463257,280.0
2024-07-03 10:18:00,DSGN,3.2300000190734863,3.2300000190734863,3.2300000190734863,3.2300000190734863,3.2300000190734863,200.0
2024-07-03 10:18:00,DXCM,110.45999908447266,110.45999908447266,110.45999908447266,110.18190002441406,110.18190002441406,4181.0
2024-07-03 10:18:00,DYAI,1.5800000429153442,1.5800000429153442,1.5800000429153442,1.5800000429153442,1.5800000429153442,650.0
2024-07-03 10:18:00,EDIT,4.730000019073486,4.730000019073486,4.7399001121521,4.71999979019165,4.71999979019165,4168.0
2024-07-03 10:18:00,EGRX,5.244999885559082,5.244999885559082,5.244999885559082,5.210000038146973,5.210000038146973,238.0
2024-07-03 10:18:00,ELEV,2.7799999713897705,2.7799999713897705,2.7950000762939453,2.765000104904175,2.765000104904175,25790.0
2024-07-03 10:18:00,EMBC,11.949999809265137,11.949999809265137,11.949999809265137,11.949999809265137,11.949999809265137,374.0
2024-07-03 10:18:00,ENTA,13.520000457763672,13.520000457763672,13.550000190734863,13.520000457763672,13.539999961853027,931.0
2024-07-03 10:18:00,ERAS,2.299999952316284,2.299999952316284,2.299999952316284,2.2899999618530273,2.2899999618530273,1375.0
2024-07-03 10:18:00,ESPR,2.384999990463257,2.384999990463257,2.384999990463257,2.369999885559082,2.3701000213623047,143658.0
2024-07-03 10:18:00,ETNB,7.739999771118164,7.739999771118164,7.739999771118164,7.739999771118164,7.739999771118164,2903.0
2024-07-03 10:18:00,EVGN,0.6298999786376953,0.6298999786376953,0.6298999786376953,0.6298999786376953,0.6298999786376953,101.0
2024-07-03 10:18:00,EWTX,18.190000534057617,18.190000534057617,18.190000534057617,18.184999465942383,18.190000534057617,2601.0
2024-07-03 10:18:00,EXAS,43.60499954223633,43.60499954223633,43.60499954223633,43.59000015258789,43.59000015258789,978.0
2024-07-03 10:18:00,EYEN,0.7901999950408936,0.7901999950408936,0.7901999950408936,0.7889999747276306,0.7889999747276306,19817.0
2024-07-03 10:18:00,EYPT,8.390000343322754,8.390000343322754,8.40999984741211,8.390000343322754,8.399999618530273,6467.0
2024-07-03 10:18:00,FATE,3.3499999046325684,3.3499999046325684,3.3499999046325684,3.3399999141693115,3.3399999141693115,2575.0
2024-07-03 10:18:00,FDMT,21.100000381469727,21.100000381469727,21.100000381469727,21.040000915527344,21.040000915527344,1241.0
2024-07-03 10:18:00,FGEN,0.7325999736785889,0.7325999736785889,0.7325999736785889,0.7282000184059143,0.7282000184059143,581.0
2024-07-03 10:18:00,FHTX,5.5,5.5,5.5,5.489999771118164,5.5,1344.0
2024-07-03 10:18:00,FLGC,0.8999999761581421,0.8999999761581421,0.8999999761581421,0.8999999761581421,0.8999999761581421,200.0
2024-07-03 10:18:00,FOLD,9.960000038146973,9.960000038146973,9.960000038146973,9.954999923706055,9.960000038146973,2411.0
2024-07-03 10:18:00,FULC,6.119999885559082,6.119999885559082,6.119999885559082,6.119999885559082,6.119999885559082,547.0
2024-07-03 10:18:00,GBIO,2.340100049972534,2.340100049972534,2.340100049972534,2.340100049972534,2.340100049972534,122217.0
2024-07-03 10:18:00,GDRX,7.789999961853027,7.789999961853027,7.789999961853027,7.784999847412109,7.789999961853027,1146.0
2024-07-03 10:18:00,GERN,4.380000114440918,4.380000114440918,4.380000114440918,4.360000133514404,4.360000133514404,22321.0
2024-07-03 10:18:00,GH,28.69499969482422,28.69499969482422,28.829999923706055,28.69499969482422,28.75,2989.0
2024-07-03 10:18:00,GILD,67.19999694824219,67.19999694824219,67.22000122070312,67.18499755859375,67.20999908447266,7685.0
2024-07-03 10:18:00,GLYC,0.2667999863624573,0.2667999863624573,0.2667999863624573,0.2667999863624573,0.2667999863624573,570.0
2024-07-03 10:18:00,GMAB,25.20009994506836,25.20009994506836,25.20009994506836,25.20009994506836,25.20009994506836,400.0
2024-07-03 10:18:00,GOSS,0.9490000009536743,0.9490000009536743,0.9490000009536743,0.9490000009536743,0.9490000009536743,326.0
2024-07-03 10:18:00,GOVX,3.0899999141693115,3.0899999141693115,3.140000104904175,3.0799999237060547,3.140000104904175,18171.0
2024-07-03 10:18:00,GRTS,0.5644000172615051,0.5644000172615051,0.5683000087738037,0.5644000172615051,0.5683000087738037,49795.0
2024-07-03 10:18:00,GTHX,2.5399999618530273,2.5399999618530273,2.5399999618530273,2.5350000858306885,2.5399999618530273,524.0
2024-07-03 10:18:00,HALO,51.46500015258789,51.46500015258789,51.5099983215332,51.459999084472656,51.5099983215332,1406.0
2024-07-03 10:18:00,HCAT,6.130000114440918,6.130000114440918,6.139999866485596,6.119999885559082,6.119999885559082,2718.0
2024-07-03 10:18:00,HCSG,10.90999984741211,10.90999984741211,10.90999984741211,10.899999618530273,10.90999984741211,2308.0
2024-07-03 10:18:00,HITI,2.094599962234497,2.094599962234497,2.099900007247925,2.094599962234497,2.099900007247925,990.0
2024-07-03 10:18:00,HLVX,14.329999923706055,14.329999923706055,14.40999984741211,14.329999923706055,14.40999984741211,1556.0
2024-07-03 10:18:00,HOLX,73.0999984741211,73.0999984741211,73.0999984741211,73.05000305175781,73.07499694824219,12313.0
2024-07-03 10:18:00,HOOK,0.579800009727478,0.579800009727478,0.579800009727478,0.5789999961853027,0.5789999961853027,6680.0
2024-07-03 10:18:00,HOWL,2.146199941635132,2.146199941635132,2.15120005607605,2.146199941635132,2.15120005607605,1871.0
2024-07-03 10:18:00,HQY,83.82499694824219,83.82499694824219,83.82499694824219,83.80999755859375,83.80999755859375,561.0
2024-07-03 10:18:00,HRMY,30.240100860595703,30.240100860595703,30.240100860595703,30.240100860595703,30.240100860595703,327.0
2024-07-03 10:18:00,HROW,21.93000030517578,21.93000030517578,21.93000030517578,21.895000457763672,21.895000457763672,449.0
2024-07-03 10:18:00,HRTX,2.879499912261963,2.879499912261963,2.880000114440918,2.869999885559082,2.869999885559082,17309.0
2024-07-03 10:18:00,HUMA,5.820000171661377,5.820000171661377,5.849999904632568,5.749000072479248,5.75,42738.0
2024-07-03 10:18:00,HYPR,0.9300000071525574,0.9300000071525574,0.9300000071525574,0.9298999905586243,0.9300000071525574,63606.0
2024-07-03 10:18:00,IBRX,6.279900074005127,6.279900074005127,6.279900074005127,6.275000095367432,6.275000095367432,2176.0
2024-07-03 10:18:00,ICLR,320.0299987792969,320.0299987792969,320.1000061035156,320.0,320.0,1620.0
2024-07-03 10:18:00,IDXX,473.3900146484375,473.3900146484375,473.3900146484375,473.20001220703125,473.2099914550781,810.0
2024-07-03 10:18:00,IDYA,33.79499816894531,33.79499816894531,33.79499816894531,33.79499816894531,33.79499816894531,262.0
2024-07-03 10:18:00,IKNA,1.649999976158142,1.649999976158142,1.649999976158142,1.649999976158142,1.649999976158142,226.0
2024-07-03 10:18:00,ILMN,106.2249984741211,106.2249984741211,106.30000305175781,106.2249984741211,106.30000305175781,1629.0
2024-07-03 10:18:00,IMCR,35.869998931884766,35.869998931884766,35.88999938964844,35.79999923706055,35.79999923706055,4265.0
2024-07-03 10:18:00,IMNM,12.109999656677246,12.109999656677246,12.109999656677246,12.079999923706055,12.079999923706055,1475.0
2024-07-03 10:18:00,IMRX,1.1549999713897705,1.1549999713897705,1.160099983215332,1.149999976158142,1.160099983215332,5784.0
2024-07-03 10:18:00,IMTX,12.069999694824219,12.069999694824219,12.069999694824219,12.069999694824219,12.069999694824219,451.0
2024-07-03 10:18:00,IMVT,27.049999237060547,27.049999237060547,27.049999237060547,27.049999237060547,27.049999237060547,378.0
2024-07-03 10:18:00,INCY,58.459999084472656,58.459999084472656,58.5099983215332,58.45000076293945,58.45000076293945,2299.0
2024-07-03 10:18:00,INM,0.25040000677108765,0.25040000677108765,0.25040000677108765,0.25040000677108765,0.25040000677108765,150.0
2024-07-03 10:18:00,INMB,7.909999847412109,7.909999847412109,7.909999847412109,7.909999847412109,7.909999847412109,0.0
2024-07-03 10:18:00,INMD,17.766199111938477,17.766199111938477,17.766199111938477,17.7450008392334,17.7450008392334,499.0
2024-07-03 10:18:00,INO,8.520000457763672,8.520000457763672,8.529999732971191,8.520000457763672,8.529999732971191,3510.0
2024-07-03 10:18:00,INSM,64.11499786376953,64.11499786376953,64.19000244140625,63.970001220703125,63.97999954223633,15471.0
2024-07-03 10:18:00,INVA,16.399999618530273,16.399999618530273,16.399999618530273,16.399999618530273,16.399999618530273,890.0
2024-07-03 10:18:00,INVO,0.7634999752044678,0.7634999752044678,0.7634999752044678,0.7634999752044678,0.7634999752044678,0.0
2024-07-03 10:18:00,INZY,4.525000095367432,4.525000095367432,4.525000095367432,4.525000095367432,4.525000095367432,1010.0
2024-07-03 10:18:00,IONM,0.3257000148296356,0.3257000148296356,0.3260999917984009,0.3257000148296356,0.3260999917984009,577.0
2024-07-03 10:18:00,IONS,45.060001373291016,45.060001373291016,45.099998474121094,45.040000915527344,45.064998626708984,2896.0
2024-07-03 10:18:00,IOVA,7.84499979019165,7.84499979019165,7.850100040435791,7.824999809265137,7.824999809265137,15518.0
2024-07-03 10:18:00,IRWD,6.255000114440918,6.255000114440918,6.255000114440918,6.25,6.25,2124.0
2024-07-03 10:18:00,ISRG,434.1000061035156,434.1000061035156,434.1000061035156,433.8500061035156,433.8500061035156,1541.0
2024-07-03 10:18:00,ITCI,68.41000366210938,68.41000366210938,68.41000366210938,68.34500122070312,68.34500122070312,566.0
2024-07-03 10:18:00,ITOS,14.90999984741211,14.90999984741211,14.930000305175781,14.90999984741211,14.930000305175781,389.0
2024-07-03 10:18:00,IVVD,1.125,1.125,1.125,1.125,1.125,204.0
2024-07-03 10:18:00,JAGX,3.499500036239624,3.499500036239624,3.5,3.490000009536743,3.490000009536743,1888.0
2024-07-03 10:18:00,JANX,38.77000045776367,38.77000045776367,38.959999084472656,38.72999954223633,38.90250015258789,8467.0
2024-07-03 10:18:00,KPTI,0.8454999923706055,0.8454999923706055,0.8454999923706055,0.8454999923706055,0.8454999923706055,509.0
2024-07-03 10:18:00,KROS,43.064998626708984,43.064998626708984,43.064998626708984,43.064998626708984,43.064998626708984,473.0
2024-07-03 10:18:00,KURA,20.809999465942383,20.809999465942383,20.809999465942383,20.809999465942383,20.809999465942383,400.0
2024-07-03 10:18:00,KZR,0.5717999935150146,0.5717999935150146,0.5730999708175659,0.5717999935150146,0.5730999708175659,477.0
2024-07-03 10:18:00,LAB,1.8001999855041504,1.8001999855041504,1.8001999855041504,1.8001999855041504,1.8001999855041504,1600.0
2024-07-03 10:18:00,LEGN,45.16999816894531,45.16999816894531,45.16999816894531,45.10499954223633,45.10499954223633,5106.0
2024-07-03 10:18:00,LFST,5.139999866485596,5.139999866485596,5.144999980926514,5.139999866485596,5.139999866485596,653.0
2024-07-03 10:18:00,LGND,84.22209930419922,84.22209930419922,84.22209930419922,84.22209930419922,84.22209930419922,143.0
2024-07-03 10:18:00,LGVN,1.6299999952316284,1.6299999952316284,1.6340999603271484,1.6299999952316284,1.6340999603271484,1276.0
2024-07-03 10:18:00,LNTH,78.68450164794922,78.68450164794922,78.68450164794922,78.68450164794922,78.68450164794922,1457.0
2024-07-03 10:18:00,LOGC,5.739999771118164,5.739999771118164,5.739999771118164,5.739999771118164,5.739999771118164,314.0
2024-07-03 10:18:00,LPCN,7.949999809265137,7.949999809265137,7.949999809265137,7.949999809265137,7.949999809265137,1648.0
2024-07-03 10:18:00,LPTX,1.7899999618530273,1.7899999618530273,1.7899999618530273,1.7899999618530273,1.7899999618530273,1000.0
2024-07-03 10:18:00,LQDA,12.149999618530273,12.149999618530273,12.170000076293945,12.140000343322754,12.140000343322754,5021.0
2024-07-03 10:18:00,LRMR,7.820000171661377,7.820000171661377,7.820000171661377,7.820000171661377,7.820000171661377,956.0
2024-07-03 10:18:00,LUCY,0.47859999537467957,0.47859999537467957,0.47859999537467957,0.47839999198913574,0.47850000858306885,11072.0
2024-07-03 10:18:00,LXRX,1.6299999952316284,1.6299999952316284,1.6299999952316284,1.6299999952316284,1.6299999952316284,449.0
2024-07-03 10:18:00,MASI,113.11499786376953,113.11499786376953,113.12000274658203,113.11499786376953,113.12000274658203,1240.0
2024-07-03 10:18:00,MASS,4.800000190734863,4.800000190734863,4.800000190734863,4.800000190734863,4.800000190734863,1252.0
2024-07-03 10:18:00,MBIO,0.5263000130653381,0.5263000130653381,0.5263000130653381,0.5228999853134155,0.5263000130653381,3031.0
2024-07-03 10:18:00,MCRB,0.708299994468689,0.708299994468689,0.708299994468689,0.708299994468689,0.708299994468689,608.0
2024-07-03 10:18:00,MDGL,272.2200012207031,272.2200012207031,272.2200012207031,272.2200012207031,272.2200012207031,540.0
2024-07-03 10:18:00,MDXG,6.795000076293945,6.795000076293945,6.795000076293945,6.795000076293945,6.795000076293945,481.0
2024-07-03 10:18:00,ME,0.40209999680519104,0.40209999680519104,0.4041999876499176,0.40209999680519104,0.4041999876499176,21722.0
2024-07-03 10:18:00,MGNX,4.324999809265137,4.324999809265137,4.329999923706055,4.309999942779541,4.309999942779541,4220.0
2024-07-03 10:18:00,MMSI,85.93000030517578,85.93000030517578,85.93000030517578,85.91000366210938,85.91000366210938,1257.0
2024-07-03 10:18:00,MNKD,5.204999923706055,5.204999923706055,5.204999923706055,5.204999923706055,5.204999923706055,1022.0
2024-07-03 10:18:00,MNMD,7.269999980926514,7.269999980926514,7.278200149536133,7.269999980926514,7.269999980926514,2402.0
2024-07-03 10:18:00,MODV,27.25,27.25,27.25,27.25,27.25,112.0
2024-07-03 10:18:00,MORF,32.189998626708984,32.189998626708984,32.189998626708984,32.189998626708984,32.189998626708984,236.0
2024-07-03 10:18:00,MREO,3.515000104904175,3.515000104904175,3.515000104904175,3.515000104904175,3.515000104904175,1253.0
2024-07-03 10:18:00,MRNA,118.20999908447266,118.20999908447266,118.31999969482422,118.0999984741211,118.0999984741211,2688.0
2024-07-03 10:18:00,MRNS,1.2203999757766724,1.2203999757766724,1.225000023841858,1.2203999757766724,1.225000023841858,1745.0
2024-07-03 10:18:00,MRSN,1.899999976158142,1.899999976158142,1.899999976158142,1.899999976158142,1.899999976158142,3077.0
2024-07-03 10:18:00,MRUS,53.099998474121094,53.099998474121094,53.10499954223633,53.099998474121094,53.10499954223633,770.0
2024-07-03 10:18:00,MRVI,6.804999828338623,6.804999828338623,6.804999828338623,6.804999828338623,6.804999828338623,278.0
2024-07-03 10:18:00,MXCT,3.7149999141693115,3.7149999141693115,3.7149999141693115,3.7149999141693115,3.7149999141693115,939.0
2024-07-03 10:18:00,MYGN,25.600000381469727,25.600000381469727,25.600000381469727,25.520000457763672,25.520000457763672,4607.0
2024-07-03 10:18:00,NARI,49.51499938964844,49.51499938964844,49.51499938964844,49.51499938964844,49.51499938964844,230.0
2024-07-03 10:18:00,NBTX,5.506100177764893,5.506100177764893,5.506100177764893,5.506100177764893,5.506100177764893,188.0
2024-07-03 10:18:00,NCNA,2.6826999187469482,2.6826999187469482,2.6826999187469482,2.6826999187469482,2.6826999187469482,373.0
2024-07-03 10:18:00,NEO,13.729999542236328,13.729999542236328,13.729999542236328,13.729999542236328,13.729999542236328,728.0
2024-07-03 10:18:00,NEOG,15.255000114440918,15.255000114440918,15.255000114440918,15.255000114440918,15.255000114440918,669.0
2024-07-03 10:18:00,NKTX,5.550000190734863,5.550000190734863,5.550000190734863,5.550000190734863,5.550000190734863,668.0
2024-07-03 10:18:00,NNOX,7.190000057220459,7.190000057220459,7.190000057220459,7.170000076293945,7.170000076293945,7229.0
2024-07-03 10:18:00,NOTV,1.6699999570846558,1.6699999570846558,1.6699999570846558,1.6699999570846558,1.6699999570846558,1107.0
2024-07-03 10:18:00,NRBO,4.710100173950195,4.710100173950195,4.710100173950195,4.710100173950195,4.710100173950195,332.0
2024-07-03 10:18:00,NRIX,19.639999389648438,19.639999389648438,19.639999389648438,19.639999389648438,19.639999389648438,101.0
2024-07-03 10:18:00,NRSN,1.2699999809265137,1.2699999809265137,1.2799999713897705,1.2699999809265137,1.2799999713897705,2669.0
2024-07-03 10:18:00,NTLA,22.860000610351562,22.860000610351562,22.8700008392334,22.790000915527344,22.790000915527344,5773.0
2024-07-03 10:18:00,NTRA,112.23999786376953,112.23999786376953,112.23999786376953,112.23999786376953,112.23999786376953,661.0
2024-07-03 10:18:00,NUVL,72.51000213623047,72.51000213623047,72.52999877929688,72.5,72.5,1301.0
2024-07-03 10:18:00,NVAX,13.199999809265137,13.199999809265137,13.210000038146973,13.159899711608887,13.180000305175781,22101.0
2024-07-03 10:18:00,NVCR,16.920000076293945,16.920000076293945,16.940000534057617,16.90999984741211,16.90999984741211,4353.0
2024-07-03 10:18:00,NVOS,0.7401999831199646,0.7401999831199646,0.7401999831199646,0.7401999831199646,0.7401999831199646,798.0
2024-07-03 10:18:00,NXL,1.413100004196167,1.413100004196167,1.413100004196167,1.410099983215332,1.4106999635696411,890.0
2024-07-03 10:18:00,OCGN,1.684999942779541,1.684999942779541,1.690000057220459,1.6799999475479126,1.684999942779541,47805.0
2024-07-03 10:18:00,OCUL,6.90500020980835,6.90500020980835,6.909999847412109,6.900100231170654,6.909999847412109,4653.0
2024-07-03 10:18:00,OGI,1.5896999835968018,1.5896999835968018,1.590000033378601,1.5896999835968018,1.590000033378601,347.0
2024-07-03 10:18:00,OLK,25.76110076904297,25.76110076904297,25.76110076904297,25.76110076904297,25.76110076904297,548.0
2024-07-03 10:18:00,OLMA,10.729999542236328,10.729999542236328,10.729999542236328,10.729999542236328,10.729999542236328,102.0
2024-07-03 10:19:00,AADI,1.3600000143051147,1.3600000143051147,1.3600000143051147,1.3600000143051147,1.3600000143051147,200.0
2024-07-03 10:19:00,ABCL,2.809999942779541,2.809999942779541,2.809999942779541,2.809999942779541,2.809999942779541,1662.0
2024-07-03 10:19:00,ABEO,4.300000190734863,4.300000190734863,4.329999923706055,4.300000190734863,4.329999923706055,900.0
2024-07-03 10:19:00,ABSI,3.240000009536743,3.240000009536743,3.25,3.20989990234375,3.2100000381469727,5550.0
2024-07-03 10:19:00,ABUS,3.194999933242798,3.194999933242798,3.194999933242798,3.194999933242798,3.194999933242798,900.0
2024-07-03 10:19:00,ACAD,15.8100004196167,15.8100004196167,15.8100004196167,15.805000305175781,15.8100004196167,1509.0
2024-07-03 10:19:00,ACB,4.846199989318848,4.846199989318848,4.848800182342529,4.839000225067139,4.84499979019165,6547.0
2024-07-03 10:19:00,ACCD,3.565000057220459,3.565000057220459,3.5669000148773193,3.565000057220459,3.565000057220459,1905.0
2024-07-03 10:19:00,ACET,1.059999942779541,1.059999942779541,1.059999942779541,1.059999942779541,1.059999942779541,2284.0
2024-07-03 10:19:00,ACHC,66.04000091552734,66.04000091552734,66.13999938964844,66.04000091552734,66.08000183105469,802.0
2024-07-03 10:19:00,ACRS,1.1699999570846558,1.1699999570846558,1.1699999570846558,1.1699999570846558,1.1699999570846558,200.0
2024-07-03 10:19:00,ADAP,1.0499999523162842,1.0499999523162842,1.0499999523162842,1.0399999618530273,1.0399999618530273,300.0
2024-07-03 10:19:00,ADMA,11.43970012664795,11.43970012664795,11.449999809265137,11.425000190734863,11.4350004196167,8434.0
2024-07-03 10:19:00,ADPT,3.380000114440918,3.380000114440918,3.390000104904175,3.380000114440918,3.390000104904175,1502.0
2024-07-03 10:19:00,ADUS,117.25499725341797,117.25499725341797,117.56999969482422,117.25499725341797,117.56999969482422,1650.0
2024-07-03 10:19:00,AEMD,0.42250001430511475,0.42250001430511475,0.42500001192092896,0.42250001430511475,0.42500001192092896,3268.0
2024-07-03 10:19:00,AHCO,9.800000190734863,9.800000190734863,9.800000190734863,9.800000190734863,9.800000190734863,1112.0
2024-07-03 10:19:00,AKBA,0.9470000267028809,0.9470000267028809,0.9470999836921692,0.9470000267028809,0.9470999836921692,859.0
2024-07-03 10:19:00,AKYA,2.190000057220459,2.190000057220459,2.190000057220459,2.190000057220459,2.190000057220459,401.0
2024-07-03 10:19:00,ALGN,237.61000061035156,237.61000061035156,237.61000061035156,237.61000061035156,237.61000061035156,528.0
2024-07-03 10:19:00,ALHC,7.989999771118164,7.989999771118164,7.989999771118164,7.989999771118164,7.989999771118164,854.0
2024-07-03 10:19:00,ALKS,24.479999542236328,24.479999542236328,24.489999771118164,24.479999542236328,24.489999771118164,1392.0
2024-07-03 10:19:00,ALLK,0.8568000197410583,0.8568000197410583,0.8586999773979187,0.8568000197410583,0.8586999773979187,1100.0
2024-07-03 10:19:00,ALLO,2.1500000953674316,2.1500000953674316,2.1500000953674316,2.1500000953674316,2.1500000953674316,124.0
2024-07-03 10:19:00,ALNY,247.85499572753906,247.85499572753906,247.85499572753906,247.85499572753906,247.85499572753906,535.0
2024-07-03 10:19:00,ALRN,2.7899999618530273,2.7899999618530273,2.7899999618530273,2.7899999618530273,2.7899999618530273,137.0
2024-07-03 10:19:00,ALT,6.959700107574463,6.959700107574463,7.0,6.940000057220459,6.940000057220459,108673.0
2024-07-03 10:19:00,ALVR,0.738099992275238,0.738099992275238,0.738099992275238,0.738099992275238,0.738099992275238,117.0
2024-07-03 10:19:00,ALXO,6.03000020980835,6.03000020980835,6.039999961853027,6.019999980926514,6.039999961853027,6031.0
2024-07-03 10:19:00,AMED,96.73999786376953,96.73999786376953,96.73999786376953,96.7300033569336,96.7300033569336,3939.0
2024-07-03 10:19:00,AMGN,311.0,311.0,311.0,311.0,311.0,1267.0
2024-07-03 10:19:00,AMPH,38.326499938964844,38.326499938964844,38.38999938964844,38.326499938964844,38.38999938964844,1088.0
2024-07-03 10:19:00,ANAB,25.344999313354492,25.344999313354492,25.344999313354492,25.274999618530273,25.280000686645508,3604.0
2024-07-03 10:19:00,ANNX,4.860000133514404,4.860000133514404,4.860000133514404,4.824999809265137,4.840000152587891,11468.0
2024-07-03 10:19:00,APDN,0.4327000081539154,0.4327000081539154,0.4327000081539154,0.4307999908924103,0.4327000081539154,4034.0
2024-07-03 10:19:00,APLS,36.435001373291016,36.435001373291016,36.459999084472656,36.41999816894531,36.44499969482422,7443.0
2024-07-03 10:19:00,APLT,4.440000057220459,4.440000057220459,4.440000057220459,4.440000057220459,4.440000057220459,170.0
2024-07-03 10:19:00,AQST,2.424999952316284,2.424999952316284,2.424999952316284,2.4200000762939453,2.4200000762939453,4184.0
2024-07-03 10:19:00,ARAY,1.774999976158142,1.774999976158142,1.774999976158142,1.7699999809265137,1.7699999809265137,5966.0
2024-07-03 10:19:00,ARCT,22.040000915527344,22.040000915527344,22.084999084472656,22.030000686645508,22.084999084472656,1121.0
2024-07-03 10:19:00,ARDX,5.259300231933594,5.259300231933594,5.259900093078613,5.231200218200684,5.251200199127197,31384.0
2024-07-03 10:19:00,ARGX,436.79998779296875,436.79998779296875,436.79998779296875,436.79998779296875,436.79998779296875,314.0
2024-07-03 10:19:00,ARQT,9.505000114440918,9.505000114440918,9.600000381469727,9.5,9.5649995803833,22416.0
2024-07-03 10:19:00,ARVN,25.020000457763672,25.020000457763672,25.040000915527344,25.020000457763672,25.020000457763672,1194.0
2024-07-03 10:19:00,ARWR,25.850000381469727,25.850000381469727,25.850000381469727,25.850000381469727,25.850000381469727,300.0
2024-07-03 10:19:00,ASND,136.5449981689453,136.5449981689453,136.5449981689453,136.5449981689453,136.5449981689453,425.0
2024-07-03 10:19:00,ATAI,1.309999942779541,1.309999942779541,1.315000057220459,1.309999942779541,1.315000057220459,826.0
2024-07-03 10:19:00,ATEC,9.975000381469727,9.975000381469727,9.975000381469727,9.975000381469727,9.975000381469727,691.0
2024-07-03 10:19:00,ATOS,1.1649999618530273,1.1649999618530273,1.1699999570846558,1.159000039100647,1.159999966621399,14282.0
2024-07-03 10:19:00,ATRC,22.200000762939453,22.200000762939453,22.229999542236328,22.170000076293945,22.170000076293945,1318.0
2024-07-03 10:19:00,ATXS,9.104999542236328,9.104999542236328,9.104999542236328,9.104999542236328,9.104999542236328,104.0
2024-07-03 10:19:00,AUGX,1.0,1.0,1.0099999904632568,1.0,1.0099999904632568,6967.0
2024-07-03 10:19:00,AUPH,5.514999866485596,5.514999866485596,5.514999866485596,5.514999866485596,5.514999866485596,2069.0
2024-07-03 10:19:00,AVDL,14.279999732971191,14.279999732971191,14.289999961853027,14.279999732971191,14.289999961853027,2195.0
2024-07-03 10:19:00,AVXL,4.275000095367432,4.275000095367432,4.28000020980835,4.275000095367432,4.28000020980835,436.0
2024-07-03 10:19:00,AXNX,67.44000244140625,67.44000244140625,67.44000244140625,67.44000244140625,67.44000244140625,656.0
2024-07-03 10:19:00,AXSM,79.96499633789062,79.96499633789062,79.96499633789062,79.95999908447266,79.95999908447266,209.0
2024-07-03 10:19:00,AZN,76.77999877929688,76.77999877929688,76.83000183105469,76.77999877929688,76.83000183105469,12255.0
2024-07-03 10:19:00,AZTA,52.79999923706055,52.79999923706055,52.81999969482422,52.79999923706055,52.81999969482422,6272.0
2024-07-03 10:19:00,BBIO,25.389999389648438,25.389999389648438,25.420000076293945,25.3799991607666,25.401500701904297,1710.0
2024-07-03 10:19:00,BCAB,1.3350000381469727,1.3350000381469727,1.3350000381469727,1.3350000381469727,1.3350000381469727,664.0
2024-07-03 10:19:00,BCRX,6.675000190734863,6.675000190734863,6.679999828338623,6.675000190734863,6.679999828338623,1969.0
2024-07-03 10:19:00,BCTX,1.0199999809265137,1.0199999809265137,1.0499999523162842,1.0199999809265137,1.0499999523162842,1000.0
2024-07-03 10:19:00,BDTX,4.230000019073486,4.230000019073486,4.230000019073486,4.230000019073486,4.230000019073486,2453.0
2024-07-03 10:19:00,BEAM,23.760000228881836,23.760000228881836,23.760000228881836,23.735000610351562,23.75,2452.0
2024-07-03 10:19:00,BIIB,225.9600067138672,225.9600067138672,226.72500610351562,225.9600067138672,226.57000732421875,5975.0
2024-07-03 10:19:00,BIVI,0.4171999990940094,0.4171999990940094,0.4171999990940094,0.4171999990940094,0.4171999990940094,1900.0
2024-07-03 10:19:00,BJDX,0.6262999773025513,0.6262999773025513,0.6262999773025513,0.6251999735832214,0.6262999773025513,4750.0
2024-07-03 10:19:00,BLRX,0.5350000262260437,0.5350000262260437,0.5350000262260437,0.5350000262260437,0.5350000262260437,1850.0
2024-07-03 10:19:00,BLUE,0.9373000264167786,0.9373000264167786,0.9373000264167786,0.932699978351593,0.9372000098228455,4279.0
2024-07-03 10:19:00,BMEA,4.549699783325195,4.549699783325195,4.549699783325195,4.549699783325195,4.549699783325195,180.0
2024-07-03 10:19:00,BMRN,81.7699966430664,81.7699966430664,81.87000274658203,81.7699966430664,81.87000274658203,3938.0
2024-07-03 10:19:00,BNGO,0.5511999726295471,0.5511999726295471,0.5511999726295471,0.5509999990463257,0.5509999990463257,3107.0
2024-07-03 10:19:00,BNTX,80.71499633789062,80.71499633789062,80.88999938964844,80.6500015258789,80.81999969482422,2839.0
2024-07-03 10:19:00,BPMC,111.27960205078125,111.27960205078125,111.27960205078125,111.25,111.25499725341797,699.0
2024-07-03 10:19:00,BPTH,1.7900999784469604,1.7900999784469604,1.7900999784469604,1.7900999784469604,1.7900999784469604,4831.0
2024-07-03 10:19:00,BRKR,62.22999954223633,62.22999954223633,62.22999954223633,62.22999954223633,62.22999954223633,1071.0
2024-07-03 10:19:00,BTAI,1.090000033378601,1.090000033378601,1.090000033378601,1.090000033378601,1.090000033378601,527.0
2024-07-03 10:19:00,BVS,6.179999828338623,6.179999828338623,6.179999828338623,6.159999847412109,6.170000076293945,2405.0
2024-07-03 10:19:00,CABA,7.769999980926514,7.769999980926514,7.769999980926514,7.730000019073486,7.730000019073486,2439.0
2024-07-03 10:19:00,CCCC,4.760000228881836,4.760000228881836,4.764999866485596,4.755000114440918,4.755000114440918,3620.0
2024-07-03 10:19:00,CCRN,13.702500343322754,13.702500343322754,13.702500343322754,13.699999809265137,13.699999809265137,822.0
2024-07-03 10:19:00,CDMO,7.690000057220459,7.690000057220459,7.690000057220459,7.690000057220459,7.690000057220459,461.0
2024-07-03 10:19:00,CDTX,11.944999694824219,11.944999694824219,11.944999694824219,11.944999694824219,11.944999694824219,435.0
2024-07-03 10:19:00,CELC,16.3700008392334,16.3700008392334,16.3700008392334,16.3700008392334,16.3700008392334,273.0
2024-07-03 10:19:00,CERE,41.279998779296875,41.279998779296875,41.290000915527344,41.279998779296875,41.290000915527344,567.0
2024-07-03 10:19:00,CERS,1.715000033378601,1.715000033378601,1.7200000286102295,1.715000033378601,1.7200000286102295,1804.0
2024-07-03 10:19:00,CERT,13.850000381469727,13.850000381469727,13.850000381469727,13.850000381469727,13.850000381469727,175.0
2024-07-03 10:19:00,CGC,6.65500020980835,6.65500020980835,6.659999847412109,6.630000114440918,6.649899959564209,42359.0
2024-07-03 10:19:00,CGEM,16.81999969482422,16.81999969482422,16.8700008392334,16.81999969482422,16.8700008392334,1013.0
2024-07-03 10:19:00,CGEN,1.6799999475479126,1.6799999475479126,1.6799999475479126,1.6799999475479126,1.6799999475479126,200.0
2024-07-03 10:19:00,CHRS,1.434999942779541,1.434999942779541,1.434999942779541,1.4299999475479126,1.4299999475479126,2130.0
2024-07-03 10:19:00,CKPT,2.2699999809265137,2.2699999809265137,2.2699999809265137,2.2699999809265137,2.2699999809265137,1634.0
2024-07-03 10:19:00,CLDX,37.025001525878906,37.025001525878906,37.025001525878906,37.025001525878906,37.025001525878906,238.0
2024-07-03 10:19:00,CLOV,1.2649999856948853,1.2649999856948853,1.2699999809265137,1.2649999856948853,1.2699999809265137,4864.0
2024-07-03 10:19:00,CLRB,2.450000047683716,2.450000047683716,2.450000047683716,2.447999954223633,2.447999954223633,431.0
2024-07-03 10:19:00,CMPS,6.250699996948242,6.250699996948242,6.264999866485596,6.250699996948242,6.252299785614014,2423.0
2024-07-03 10:19:00,CMPX,0.8500000238418579,0.8500000238418579,0.8500000238418579,0.8500000238418579,0.8500000238418579,1919.0
2024-07-03 10:19:00,CNSP,2.1700000762939453,2.1700000762939453,2.1700000762939453,2.109999895095825,2.11929988861084,195619.0
2024-07-03 10:19:00,CNTG,0.4138000011444092,0.4138000011444092,0.44699999690055847,0.4138000011444092,0.4138000011444092,0.0
2024-07-03 10:19:00,CORT,31.209999084472656,31.209999084472656,31.209999084472656,31.209999084472656,31.209999084472656,106.0
2024-07-03 10:19:00,COSM,0.9700000286102295,0.9700000286102295,0.9700000286102295,0.9599999785423279,0.9599999785423279,2558.0
2024-07-03 10:19:00,CRBU,1.6299999952316284,1.6299999952316284,1.6299999952316284,1.6200000047683716,1.6200000047683716,1774.0
2024-07-03 10:19:00,CRDF,2.2100000381469727,2.2100000381469727,2.2100000381469727,2.2100000381469727,2.2100000381469727,200.0
2024-07-03 10:19:00,CRDL,1.9600000381469727,1.9600000381469727,1.9600000381469727,1.9600000381469727,1.9600000381469727,422.0
2024-07-03 10:19:00,CRMD,4.179999828338623,4.179999828338623,4.179999828338623,4.179999828338623,4.179999828338623,2594.0
2024-07-03 10:19:00,CRNX,45.15999984741211,45.15999984741211,45.25,45.15999984741211,45.25,753.0
2024-07-03 10:19:00,CRON,2.3399999141693115,2.3399999141693115,2.3399999141693115,2.3310999870300293,2.3310999870300293,10625.0
2024-07-03 10:19:00,CRSP,54.58000183105469,54.58000183105469,54.7400016784668,54.56999969482422,54.599998474121094,7298.0
2024-07-03 10:19:00,CTKB,5.775000095367432,5.775000095367432,5.775000095367432,5.775000095367432,5.775000095367432,830.0
2024-07-03 10:19:00,CTMX,1.350000023841858,1.350000023841858,1.350000023841858,1.350000023841858,1.350000023841858,3002.0
2024-07-03 10:19:00,CUTR,1.3650000095367432,1.3650000095367432,1.3700000047683716,1.3600000143051147,1.3695000410079956,16845.0
2024-07-03 10:19:00,CVAC,3.505000114440918,3.505000114440918,3.509999990463257,3.484999895095825,3.5,11413.0
2024-07-03 10:19:00,CYTK,54.92499923706055,54.92499923706055,54.92499923706055,54.92499923706055,54.92499923706055,398.0
2024-07-03 10:19:00,DARE,3.3601999282836914,3.3601999282836914,3.3601999282836914,3.359999895095825,3.359999895095825,2284.0
2024-07-03 10:19:00,DAWN,13.449999809265137,13.449999809265137,13.449999809265137,13.4399995803833,13.4399995803833,1086.0
2024-07-03 10:19:00,DCGO,2.9193999767303467,2.9193999767303467,2.9193999767303467,2.9193999767303467,2.9193999767303467,1341.0
2024-07-03 10:19:00,DH,5.420000076293945,5.420000076293945,5.420000076293945,5.420000076293945,5.420000076293945,624.0
2024-07-03 10:19:00,DSGN,3.2300000190734863,3.2300000190734863,3.2300000190734863,3.2300000190734863,3.2300000190734863,742.0
2024-07-03 10:19:00,DXCM,110.56999969482422,110.56999969482422,110.68000030517578,110.48999786376953,110.48999786376953,3532.0
2024-07-03 10:19:00,DYAI,1.5880000591278076,1.5880000591278076,1.5880000591278076,1.5880000591278076,1.5880000591278076,0.0
2024-07-03 10:19:00,DYN,34.875,34.875,34.875,34.875,34.875,128.0
2024-07-03 10:19:00,EDIT,4.715000152587891,4.715000152587891,4.730000019073486,4.715000152587891,4.730000019073486,6043.0
2024-07-03 10:19:00,EGRX,5.235000133514404,5.235000133514404,5.244999885559082,5.235000133514404,5.244999885559082,762.0
2024-07-03 10:19:00,ELEV,2.7750000953674316,2.7750000953674316,2.7750000953674316,2.7750000953674316,2.7750000953674316,200.0
2024-07-03 10:19:00,ENVB,0.5284000039100647,0.5284000039100647,0.5284000039100647,0.5284000039100647,0.5284000039100647,376.0
2024-07-03 10:19:00,EOLS,10.850000381469727,10.850000381469727,10.850000381469727,10.850000381469727,10.850000381469727,532.0
2024-07-03 10:19:00,ERAS,2.268899917602539,2.268899917602539,2.309999942779541,2.268899917602539,2.309999942779541,37020.0
2024-07-03 10:19:00,ESPR,2.384999990463257,2.384999990463257,2.384999990463257,2.380000114440918,2.384999990463257,1838.0
2024-07-03 10:19:00,ETON,3.3450000286102295,3.3450000286102295,3.3499999046325684,3.3450000286102295,3.3499999046325684,419.0
2024-07-03 10:19:00,EWTX,18.200000762939453,18.200000762939453,18.200000762939453,18.200000762939453,18.200000762939453,426.0
2024-07-03 10:19:00,EXAS,43.40999984741211,43.40999984741211,43.63999938964844,43.40999984741211,43.630001068115234,5555.0
2024-07-03 10:19:00,EXEL,22.1299991607666,22.1299991607666,22.1299991607666,22.110000610351562,22.110000610351562,5386.0
2024-07-03 10:19:00,EYEN,0.8051999807357788,0.8051999807357788,0.8052999973297119,0.7960000038146973,0.7960000038146973,17711.0
2024-07-03 10:19:00,EYPT,8.399999618530273,8.399999618530273,8.399999618530273,8.369999885559082,8.390000343322754,6008.0
2024-07-03 10:19:00,FATE,3.3399999141693115,3.3399999141693115,3.3499999046325684,3.3299999237060547,3.3499999046325684,6482.0
2024-07-03 10:19:00,FDMT,21.1200008392334,21.1200008392334,21.1200008392334,21.09000015258789,21.09000015258789,765.0
2024-07-03 10:19:00,FEMY,1.12909996509552,1.12909996509552,1.12909996509552,1.12909996509552,1.12909996509552,314.0
2024-07-03 10:19:00,FGEN,0.7282999753952026,0.7282999753952026,0.7282999753952026,0.7282000184059143,0.7282000184059143,7049.0
2024-07-03 10:19:00,FHTX,5.579999923706055,5.579999923706055,5.579999923706055,5.579999923706055,5.579999923706055,651.0
2024-07-03 10:19:00,FLGC,0.9100000262260437,0.9100000262260437,0.9100000262260437,0.8999999761581421,0.8999999761581421,200.0
2024-07-03 10:19:00,FOLD,9.954999923706055,9.954999923706055,9.96500015258789,9.949999809265137,9.949999809265137,7020.0
2024-07-03 10:19:00,FULC,6.119999885559082,6.119999885559082,6.119999885559082,6.119999885559082,6.119999885559082,522.0
2024-07-03 10:19:00,GDRX,7.789999961853027,7.789999961853027,7.789999961853027,7.789999961853027,7.789999961853027,224.0
2024-07-03 10:19:00,GERN,4.375,4.375,4.380000114440918,4.375,4.380000114440918,3871.0
2024-07-03 10:19:00,GH,28.6200008392334,28.6200008392334,28.68000030517578,28.610000610351562,28.68000030517578,2440.0
2024-07-03 10:19:00,GILD,67.19499969482422,67.19499969482422,67.23999786376953,67.16999816894531,67.20989990234375,10282.0
2024-07-03 10:19:00,GLMD,0.29159998893737793,0.29159998893737793,0.29159998893737793,0.29159998893737793,0.29159998893737793,922.0
2024-07-03 10:19:00,GLTO,0.4749999940395355,0.4749999940395355,0.4797999858856201,0.4749999940395355,0.4778999984264374,7600.0
2024-07-03 10:19:00,GLUE,3.7300000190734863,3.7300000190734863,3.7300000190734863,3.7300000190734863,3.7300000190734863,518.0
2024-07-03 10:19:00,GLYC,0.2667999863624573,0.2667999863624573,0.2667999863624573,0.2667999863624573,0.2667999863624573,700.0
2024-07-03 10:19:00,GMAB,25.170000076293945,25.170000076293945,25.200000762939453,25.170000076293945,25.200000762939453,7826.0
2024-07-03 10:19:00,GOSS,0.9480000138282776,0.9480000138282776,0.9490000009536743,0.9480000138282776,0.9480999708175659,10331.0
2024-07-03 10:19:00,GOVX,3.0999999046325684,3.0999999046325684,3.0999999046325684,3.069999933242798,3.069999933242798,4677.0
2024-07-03 10:19:00,GRFS,6.659999847412109,6.659999847412109,6.659999847412109,6.659999847412109,6.659999847412109,532.0
2024-07-03 10:19:00,GRTS,0.5644000172615051,0.5644000172615051,0.5666999816894531,0.5644000172615051,0.5666999816894531,10840.0
2024-07-03 10:19:00,GTHX,2.5399999618530273,2.5399999618530273,2.5399999618530273,2.5350000858306885,2.5350000858306885,3426.0
2024-07-03 10:19:00,HALO,51.459999084472656,51.459999084472656,51.46329879760742,51.459999084472656,51.459999084472656,1687.0
2024-07-03 10:19:00,HCAT,6.150000095367432,6.150000095367432,6.150000095367432,6.150000095367432,6.150000095367432,148.0
2024-07-03 10:19:00,HCSG,10.880000114440918,10.880000114440918,10.880000114440918,10.880000114440918,10.880000114440918,919.0
2024-07-03 10:19:00,HLVX,14.399999618530273,14.399999618530273,14.399999618530273,14.399999618530273,14.399999618530273,483.0
2024-07-03 10:19:00,HOLX,73.07749938964844,73.07749938964844,73.08999633789062,73.07749938964844,73.08999633789062,3309.0
2024-07-03 10:19:00,HQY,83.66999816894531,83.66999816894531,83.75,83.66999816894531,83.75,1197.0
2024-07-03 10:19:00,HROW,21.860000610351562,21.860000610351562,21.8700008392334,21.84000015258789,21.8700008392334,3497.0
2024-07-03 10:19:00,HRTX,2.8399999141693115,2.8399999141693115,2.884999990463257,2.8399999141693115,2.880000114440918,44450.0
2024-07-03 10:19:00,HSIC,65.2699966430664,65.2699966430664,65.37000274658203,65.2699966430664,65.37000274658203,4000.0
2024-07-03 10:19:00,HUMA,5.746799945831299,5.746799945831299,5.820000171661377,5.739999771118164,5.820000171661377,16309.0
2024-07-03 10:19:00,HYPR,0.9297999739646912,0.9297999739646912,0.9300000071525574,0.9297999739646912,0.9298999905586243,0.0
2024-07-03 10:19:00,IART,28.959999084472656,28.959999084472656,28.961000442504883,28.959999084472656,28.961000442504883,706.0
2024-07-03 10:19:00,IBRX,6.264999866485596,6.264999866485596,6.28000020980835,6.26200008392334,6.28000020980835,2263.0
2024-07-03 10:19:00,ICLR,319.9375,319.9375,320.0050048828125,319.9375,320.0,970.0
2024-07-03 10:19:00,ICUI,118.05000305175781,118.05000305175781,118.05000305175781,118.05000305175781,118.05000305175781,1891.0
2024-07-03 10:19:00,IDXX,473.4599914550781,473.4599914550781,473.4599914550781,473.1499938964844,473.1499938964844,784.0
2024-07-03 10:19:00,IDYA,33.755001068115234,33.755001068115234,33.77000045776367,33.75,33.7599983215332,1145.0
2024-07-03 10:19:00,ILMN,106.12000274658203,106.12000274658203,106.19499969482422,106.12000274658203,106.13999938964844,2081.0
2024-07-03 10:19:00,IMCR,35.900001525878906,35.900001525878906,35.90999984741211,35.77000045776367,35.88999938964844,4960.0
2024-07-03 10:19:00,IMMX,2.2699999809265137,2.2699999809265137,2.2699999809265137,2.2699999809265137,2.2699999809265137,1154.0
2024-07-03 10:19:00,IMNM,12.114999771118164,12.114999771118164,12.119999885559082,12.109999656677246,12.109999656677246,1163.0
2024-07-03 10:19:00,IMRX,1.149999976158142,1.149999976158142,1.149999976158142,1.149999976158142,1.149999976158142,1229.0
2024-07-03 10:19:00,IMVT,27.010000228881836,27.010000228881836,27.09000015258789,27.010000228881836,27.09000015258789,2628.0
2024-07-03 10:19:00,INCY,58.27000045776367,58.27000045776367,58.4193000793457,58.27000045776367,58.40999984741211,5058.0
2024-07-03 10:19:00,INMB,7.864999771118164,7.864999771118164,7.864999771118164,7.864999771118164,7.864999771118164,602.0
2024-07-03 10:19:00,INMD,17.760000228881836,17.760000228881836,17.760000228881836,17.760000228881836,17.760000228881836,373.0
2024-07-03 10:19:00,INO,8.520000457763672,8.520000457763672,8.520000457763672,8.520000457763672,8.520000457763672,675.0
2024-07-03 10:19:00,INSM,63.904998779296875,63.904998779296875,64.11499786376953,63.880001068115234,64.11499786376953,10133.0
2024-07-03 10:19:00,INVA,16.405000686645508,16.405000686645508,16.405000686645508,16.405000686645508,16.405000686645508,914.0
2024-07-03 10:19:00,IONM,0.32600000500679016,0.32600000500679016,0.3292999863624573,0.32600000500679016,0.32600000500679016,16255.0
2024-07-03 10:19:00,IONS,45.07500076293945,45.07500076293945,45.08000183105469,45.04999923706055,45.060001373291016,4654.0
2024-07-03 10:19:00,IOVA,7.804999828338623,7.804999828338623,7.84499979019165,7.800000190734863,7.84499979019165,26605.0
2024-07-03 10:19:00,IRTC,92.5,92.5,92.93499755859375,92.25,92.25,5022.0
2024-07-03 10:19:00,IRWD,6.25,6.25,6.25,6.25,6.25,2632.0
2024-07-03 10:19:00,ISPC,0.2930000126361847,0.2930000126361847,0.2930000126361847,0.2930000126361847,0.2930000126361847,3004.0
2024-07-03 10:19:00,ISRG,434.29998779296875,434.29998779296875,434.29998779296875,434.0,434.0,1009.0
2024-07-03 10:19:00,ITCI,68.26000213623047,68.26000213623047,68.4000015258789,68.26000213623047,68.29000091552734,1554.0
2024-07-03 10:19:00,IVVD,1.125,1.125,1.125,1.125,1.125,425.0
2024-07-03 10:19:00,IXHL,2.756999969482422,2.756999969482422,2.756999969482422,2.756999969482422,2.756999969482422,406.0
2024-07-03 10:19:00,JSPR,23.614999771118164,23.614999771118164,23.6200008392334,23.5,23.6200008392334,2105.0
2024-07-03 10:19:00,KALV,11.710000038146973,11.710000038146973,11.710000038146973,11.710000038146973,11.710000038146973,215.0
2024-07-03 10:19:00,KIDS,29.924999237060547,29.924999237060547,30.0,29.924999237060547,30.0,273.0
2024-07-03 10:19:00,KNSA,18.940000534057617,18.940000534057617,18.940000534057617,18.934999465942383,18.934999465942383,491.0
2024-07-03 10:19:00,KOD,2.25,2.25,2.25,2.25,2.25,285.0
2024-07-03 10:19:00,KPTI,0.8476999998092651,0.8476999998092651,0.8476999998092651,0.8476999998092651,0.8476999998092651,1022.0
2024-07-03 10:19:00,KRON,1.1649999618530273,1.1649999618530273,1.1649999618530273,1.1649999618530273,1.1649999618530273,800.0
2024-07-03 10:19:00,KRYS,179.79750061035156,179.79750061035156,179.79750061035156,179.79750061035156,179.79750061035156,308.0
2024-07-03 10:19:00,KTRA,0.27250000834465027,0.27250000834465027,0.273499995470047,0.2711000144481659,0.27230000495910645,18390.0
2024-07-03 10:19:00,KURA,20.829999923706055,20.829999923706055,20.868999481201172,20.809999465942383,20.81999969482422,3438.0
2024-07-03 10:19:00,LAB,1.8049999475479126,1.8049999475479126,1.8049999475479126,1.8049999475479126,1.8049999475479126,3269.0
2024-07-03 10:19:00,LBPH,31.735000610351562,31.735000610351562,31.735000610351562,31.735000610351562,31.735000610351562,526.0
2024-07-03 10:19:00,LEGN,45.10499954223633,45.10499954223633,45.14500045776367,45.10499954223633,45.14500045776367,835.0
2024-07-03 10:19:00,LFMD,6.78000020980835,6.78000020980835,6.78000020980835,6.78000020980835,6.78000020980835,204.0
2024-07-03 10:19:00,LIVN,52.880001068115234,52.880001068115234,52.880001068115234,52.845001220703125,52.845001220703125,1024.0
2024-07-03 10:19:00,LNTH,78.62000274658203,78.62000274658203,78.63999938964844,78.52999877929688,78.57499694824219,2565.0
2024-07-03 10:19:00,LOGC,5.75,5.75,5.75,5.75,5.75,103.0
2024-07-03 10:19:00,LQDA,12.159899711608887,12.159899711608887,12.159899711608887,12.159899711608887,12.159899711608887,577.0
2024-07-03 10:19:00,LSTA,3.5799999237060547,3.5799999237060547,3.5799999237060547,3.43149995803833,3.43149995803833,1594.0
2024-07-03 10:19:00,LUCY,0.47850000858306885,0.47850000858306885,0.47850000858306885,0.47839999198913574,0.47850000858306885,4727.0
2024-07-03 10:19:00,LXRX,1.6294000148773193,1.6294000148773193,1.6299999952316284,1.628600001335144,1.628600001335144,3642.0
2024-07-03 10:19:00,LYEL,1.4850000143051147,1.4850000143051147,1.4950000047683716,1.4800000190734863,1.4950000047683716,2304.0
2024-07-03 10:19:00,MASI,113.30999755859375,113.30999755859375,113.30999755859375,113.29000091552734,113.29000091552734,825.0
2024-07-03 10:19:00,MBIO,0.5220000147819519,0.5220000147819519,0.5249999761581421,0.5181000232696533,0.5228999853134155,33280.0
2024-07-03 10:19:00,MCRB,0.7093999981880188,0.7093999981880188,0.7099000215530396,0.7093999981880188,0.7099000215530396,420.0
2024-07-03 10:19:00,MDWD,15.430000305175781,15.430000305175781,15.449999809265137,15.430000305175781,15.449999809265137,955.0
2024-07-03 10:19:00,MDXG,6.789999961853027,6.789999961853027,6.795000076293945,6.789999961853027,6.795000076293945,792.0
2024-07-03 10:19:00,ME,0.4041999876499176,0.4041999876499176,0.4041999876499176,0.4041999876499176,0.4041999876499176,301.0
2024-07-03 10:19:00,MEDS,18.0,18.0,18.0,18.0,18.0,196.0
2024-07-03 10:19:00,MGNX,4.320000171661377,4.320000171661377,4.329999923706055,4.315000057220459,4.329999923706055,3820.0
2024-07-03 10:19:00,MGTX,4.019999980926514,4.019999980926514,4.019999980926514,4.019999980926514,4.019999980926514,850.0
2024-07-03 10:19:00,MIRM,34.23500061035156,34.23500061035156,34.23500061035156,34.23500061035156,34.23500061035156,335.0
2024-07-03 10:19:00,MNKD,5.215000152587891,5.215000152587891,5.21999979019165,5.195000171661377,5.199999809265137,15201.0
2024-07-03 10:19:00,MNMD,7.239999771118164,7.239999771118164,7.264999866485596,7.230000019073486,7.264999866485596,2658.0
2024-07-03 10:19:00,MOR,18.184999465942383,18.184999465942383,18.184999465942383,18.184999465942383,18.184999465942383,1579.0
2024-07-03 10:19:00,MORF,32.154998779296875,32.154998779296875,32.154998779296875,32.154998779296875,32.154998779296875,182.0
2024-07-03 10:19:00,MRNA,118.20999908447266,118.20999908447266,118.4000015258789,118.05999755859375,118.4000015258789,7730.0
2024-07-03 10:19:00,MRNS,1.225000023841858,1.225000023841858,1.225000023841858,1.2200000286102295,1.225000023841858,1081.0
2024-07-03 10:19:00,MRSN,1.9049999713897705,1.9049999713897705,1.9049999713897705,1.9049999713897705,1.9049999713897705,406.0
2024-07-03 10:19:00,MRUS,53.06999969482422,53.06999969482422,53.06999969482422,53.06999969482422,53.06999969482422,849.0
2024-07-03 10:19:00,MRVI,6.817999839782715,6.817999839782715,6.824999809265137,6.809999942779541,6.809999942779541,4822.0
2024-07-03 10:19:00,MXCT,3.7149999141693115,3.7149999141693115,3.7149999141693115,3.7149999141693115,3.7149999141693115,766.0
2024-07-03 10:19:00,MYGN,25.584999084472656,25.584999084472656,25.600000381469727,25.549999237060547,25.572999954223633,2686.0
2024-07-03 10:19:00,MYNZ,0.34279999136924744,0.34279999136924744,0.34299999475479126,0.34279999136924744,0.34279999136924744,33871.0
2024-07-03 10:19:00,NARI,49.51499938964844,49.51499938964844,49.51499938964844,49.459999084472656,49.459999084472656,565.0
2024-07-03 10:19:00,NBIX,138.35499572753906,138.35499572753906,138.36000061035156,138.35499572753906,138.36000061035156,697.0
2024-07-03 10:19:00,NDRA,0.08479999750852585,0.08479999750852585,0.08479999750852585,0.08399999886751175,0.08399999886751175,5282.0
2024-07-03 10:19:00,NEO,13.699999809265137,13.699999809265137,13.699999809265137,13.699999809265137,13.699999809265137,984.0
2024-07-03 10:19:00,NEOG,15.229999542236328,15.229999542236328,15.255000114440918,15.229999542236328,15.255000114440918,10498.0
2024-07-03 10:19:00,NKTR,1.225000023841858,1.225000023841858,1.2300000190734863,1.225000023841858,1.2300000190734863,1008.0
2024-07-03 10:19:00,NKTX,5.519999980926514,5.519999980926514,5.54010009765625,5.519999980926514,5.539999961853027,3944.0
2024-07-03 10:19:00,NNOX,7.199999809265137,7.199999809265137,7.215400218963623,7.199999809265137,7.199999809265137,5805.0
2024-07-03 10:19:00,NOTV,1.6699999570846558,1.6699999570846558,1.6699999570846558,1.6699999570846558,1.6699999570846558,4010.0
2024-07-03 10:19:00,NRIX,19.649999618530273,19.649999618530273,19.65999984741211,19.649999618530273,19.65999984741211,346.0
2024-07-03 10:19:00,NRSN,1.2699999809265137,1.2699999809265137,1.2699999809265137,1.2599999904632568,1.2599999904632568,12129.0
2024-07-03 10:19:00,NSPR,2.404599905014038,2.404599905014038,2.404599905014038,2.404599905014038,2.404599905014038,361.0
2024-07-03 10:19:00,NTLA,22.825000762939453,22.825000762939453,22.844999313354492,22.799999237060547,22.844999313354492,2442.0
2024-07-03 10:19:00,NTRA,112.3550033569336,112.3550033569336,112.3550033569336,112.3550033569336,112.3550033569336,363.0
2024-07-03 10:19:00,NUVL,72.5,72.5,72.52999877929688,72.5,72.5,669.0
2024-07-03 10:19:00,NVAX,13.187299728393555,13.187299728393555,13.199999809265137,13.1850004196167,13.199999809265137,5185.0
2024-07-03 10:19:00,NVCR,16.899999618530273,16.899999618530273,16.899999618530273,16.899999618530273,16.899999618530273,909.0
2024-07-03 10:19:00,NXL,1.4199999570846558,1.4199999570846558,1.420300006866455,1.4199999570846558,1.420300006866455,1093.0
2024-07-03 10:19:00,OCGN,1.684999942779541,1.684999942779541,1.6864999532699585,1.6799999475479126,1.684999942779541,5053.0
2024-07-03 10:19:00,OCUL,6.90500020980835,6.90500020980835,6.90500020980835,6.90500020980835,6.90500020980835,249.0
2024-07-03 10:19:00,OCX,3.0450000762939453,3.0450000762939453,3.0450000762939453,3.0450000762939453,3.0450000762939453,1094.0
2024-07-03 10:19:00,OGI,1.5889999866485596,1.5889999866485596,1.590000033378601,1.5889999866485596,1.590000033378601,1910.0
2024-07-03 10:19:00,OLK,25.76110076904297,25.76110076904297,25.76110076904297,25.76110076904297,25.76110076904297,587.0
2024-07-03 10:19:00,OLMA,10.729999542236328,10.729999542236328,10.729999542236328,10.729999542236328,10.729999542236328,1393.0
2024-07-03 10:19:00,OM,3.799999952316284,3.799999952316284,3.799999952316284,3.799999952316284,3.799999952316284,981.0
2024-07-03 10:20:00,AADI,1.3600000143051147,1.3600000143051147,1.3600000143051147,1.350000023841858,1.350000023841858,202.0
2024-07-03 10:20:00,ABEO,4.309999942779541,4.309999942779541,4.329999923706055,4.309999942779541,4.329999923706055,618.0
2024-07-03 10:20:00,ABSI,3.2300000190734863,3.2300000190734863,3.25,3.2300000190734863,3.240000009536743,7704.0
2024-07-03 10:20:00,ABUS,3.194999933242798,3.194999933242798,3.200000047683716,3.194999933242798,3.200000047683716,5292.0
2024-07-03 10:20:00,ACAD,15.8100004196167,15.8100004196167,15.819999694824219,15.8100004196167,15.819999694824219,1733.0
2024-07-03 10:20:00,ACB,4.900000095367432,4.900000095367432,4.900000095367432,4.841800212860107,4.841800212860107,30637.0
2024-07-03 10:20:00,ACCD,3.565000057220459,3.565000057220459,3.565000057220459,3.565000057220459,3.565000057220459,2186.0
2024-07-03 10:20:00,ACET,1.059999942779541,1.059999942779541,1.059999942779541,1.059999942779541,1.059999942779541,851.0
2024-07-03 10:20:00,ACHC,66.06500244140625,66.06500244140625,66.06999969482422,66.06500244140625,66.06999969482422,696.0
2024-07-03 10:20:00,ACIU,3.869999885559082,3.869999885559082,3.950000047683716,3.869999885559082,3.940000057220459,6500.0
2024-07-03 10:20:00,ACLX,54.5525016784668,54.5525016784668,54.5525016784668,54.5525016784668,54.5525016784668,234.0
2024-07-03 10:20:00,ACRS,1.1699999570846558,1.1699999570846558,1.1699999570846558,1.1699999570846558,1.1699999570846558,507.0
2024-07-03 10:20:00,ADAP,1.0399999618530273,1.0399999618530273,1.0499999523162842,1.0399999618530273,1.0449999570846558,800.0
2024-07-03 10:20:00,ADMA,11.46500015258789,11.46500015258789,11.470000267028809,11.454999923706055,11.45989990234375,2762.0
2024-07-03 10:20:00,ADPT,3.380000114440918,3.380000114440918,3.380000114440918,3.380000114440918,3.380000114440918,1740.0
2024-07-03 10:20:00,ADUS,117.66999816894531,117.66999816894531,117.66999816894531,117.24500274658203,117.24500274658203,3103.0
2024-07-03 10:20:00,ADVM,7.139999866485596,7.139999866485596,7.139999866485596,7.139999866485596,7.139999866485596,200.0
2024-07-03 10:20:00,AEMD,0.42500001192092896,0.42500001192092896,0.42500001192092896,0.42500001192092896,0.42500001192092896,0.0
2024-07-03 10:20:00,AFMD,5.099999904632568,5.099999904632568,5.139999866485596,5.099999904632568,5.139999866485596,583.0
2024-07-03 10:20:00,AGIO,42.595001220703125,42.595001220703125,42.595001220703125,42.595001220703125,42.595001220703125,355.0
2024-07-03 10:20:00,AHCO,9.805000305175781,9.805000305175781,9.805000305175781,9.805000305175781,9.805000305175781,365.0
2024-07-03 10:20:00,AKBA,0.9550999999046326,0.9550999999046326,0.9550999999046326,0.946399986743927,0.9474999904632568,18826.0
2024-07-03 10:20:00,AKYA,2.194999933242798,2.194999933242798,2.194999933242798,2.190000057220459,2.190000057220459,2686.0
2024-07-03 10:20:00,ALDX,3.25,3.25,3.25,3.25,3.25,424.0
2024-07-03 10:20:00,ALEC,4.508999824523926,4.508999824523926,4.508999824523926,4.508999824523926,4.508999824523926,330.0
2024-07-03 10:20:00,ALGN,237.52999877929688,237.52999877929688,237.75,237.5,237.75,1312.0
2024-07-03 10:20:00,ALIM,5.525000095367432,5.525000095367432,5.525000095367432,5.525000095367432,5.525000095367432,806.0
2024-07-03 10:20:00,ALKS,24.469999313354492,24.469999313354492,24.489999771118164,24.46500015258789,24.469999313354492,1854.0
2024-07-03 10:20:00,ALLK,0.8568000197410583,0.8568000197410583,0.8568000197410583,0.8568000197410583,0.8568000197410583,103.0
2024-07-03 10:20:00,ALLO,2.1549999713897705,2.1549999713897705,2.1600000858306885,2.1549999713897705,2.1600000858306885,2806.0
2024-07-03 10:20:00,ALLR,0.2070000022649765,0.2070000022649765,0.20759999752044678,0.2070000022649765,0.20759999752044678,1023.0
2024-07-03 10:20:00,ALNY,248.08999633789062,248.08999633789062,248.08999633789062,248.08999633789062,248.08999633789062,386.0
2024-07-03 10:20:00,ALT,6.909999847412109,6.909999847412109,6.974999904632568,6.900000095367432,6.949999809265137,37062.0
2024-07-03 10:20:00,ALVR,0.738099992275238,0.738099992275238,0.738099992275238,0.738099992275238,0.738099992275238,220.0
2024-07-03 10:20:00,ALXO,6.03000020980835,6.03000020980835,6.03000020980835,6.03000020980835,6.03000020980835,909.0
2024-07-03 10:20:00,AMED,96.72000122070312,96.72000122070312,96.73999786376953,96.69999694824219,96.73999786376953,15181.0
2024-07-03 10:20:00,AMGN,311.18499755859375,311.18499755859375,311.18499755859375,311.1000061035156,311.1300048828125,1603.0
2024-07-03 10:20:00,AMLX,1.784999966621399,1.784999966621399,1.784999966621399,1.7799999713897705,1.7799999713897705,5754.0
2024-07-03 10:20:00,AMPH,38.369998931884766,38.369998931884766,38.369998931884766,38.369998931884766,38.369998931884766,584.0
2024-07-03 10:20:00,AMRN,0.7188000082969666,0.7188000082969666,0.7188000082969666,0.7188000082969666,0.7188000082969666,0.0
2024-07-03 10:20:00,ANIP,61.747501373291016,61.747501373291016,61.747501373291016,61.73500061035156,61.73500061035156,978.0
2024-07-03 10:20:00,ANNX,4.869999885559082,4.869999885559082,4.869999885559082,4.855000019073486,4.860000133514404,4211.0
2024-07-03 10:20:00,ANTX,2.549999952316284,2.549999952316284,2.552500009536743,2.549999952316284,2.552500009536743,2031.0
2024-07-03 10:20:00,APLS,36.46500015258789,36.46500015258789,36.46500015258789,36.46500015258789,36.46500015258789,830.0
2024-07-03 10:20:00,APLT,4.429999828338623,4.429999828338623,4.440000057220459,4.429999828338623,4.440000057220459,1020.0
2024-07-03 10:20:00,AQST,2.424999952316284,2.424999952316284,2.4291999340057373,2.424999952316284,2.424999952316284,7989.0
2024-07-03 10:20:00,ARCT,22.100000381469727,22.100000381469727,22.100000381469727,22.100000381469727,22.100000381469727,288.0
2024-07-03 10:20:00,ARDX,5.264999866485596,5.264999866485596,5.269999980926514,5.25,5.25,25346.0
2024-07-03 10:20:00,ARGX,436.4100036621094,436.4100036621094,436.4100036621094,436.4100036621094,436.4100036621094,419.0
2024-07-03 10:20:00,ARQT,9.614999771118164,9.614999771118164,9.637499809265137,9.5,9.505000114440918,17897.0
2024-07-03 10:20:00,ARVN,25.040000915527344,25.040000915527344,25.040000915527344,25.020000457763672,25.020000457763672,429.0
2024-07-03 10:20:00,ARWR,25.899999618530273,25.899999618530273,25.899999618530273,25.850000381469727,25.850000381469727,1639.0
2024-07-03 10:20:00,ASRT,1.309499979019165,1.309499979019165,1.309499979019165,1.3087999820709229,1.3087999820709229,2825.0
2024-07-03 10:20:00,ATEC,9.982500076293945,9.982500076293945,9.982500076293945,9.982500076293945,9.982500076293945,472.0
2024-07-03 10:20:00,ATOS,1.1649999618530273,1.1649999618530273,1.1699999570846558,1.1649999618530273,1.1649999618530273,1305.0
2024-07-03 10:20:00,ATRC,22.194499969482422,22.194499969482422,22.229999542236328,22.139999389648438,22.139999389648438,859.0
2024-07-03 10:20:00,ATXS,9.119999885559082,9.119999885559082,9.119999885559082,9.119999885559082,9.119999885559082,398.0
2024-07-03 10:20:00,AUGX,1.0,1.0,1.0,1.0,1.0,909.0
2024-07-03 10:20:00,AUPH,5.514999866485596,5.514999866485596,5.514999866485596,5.514999866485596,5.514999866485596,260.0
2024-07-03 10:20:00,AUTL,3.484999895095825,3.484999895095825,3.484999895095825,3.484999895095825,3.484999895095825,138.0
2024-07-03 10:20:00,AVDL,14.279999732971191,14.279999732971191,14.279999732971191,14.279999732971191,14.279999732971191,508.0
2024-07-03 10:20:00,AVIR,3.3201000690460205,3.3201000690460205,3.3201000690460205,3.3201000690460205,3.3201000690460205,1471.0
2024-07-03 10:20:00,AVTE,1.625,1.625,1.625,1.6200000047683716,1.6200000047683716,1677.0
2024-07-03 10:20:00,AVXL,4.275000095367432,4.275000095367432,4.275000095367432,4.270100116729736,4.275000095367432,10185.0
2024-07-03 10:20:00,AXGN,7.452700138092041,7.452700138092041,7.46999979019165,7.452700138092041,7.460000038146973,1616.0
2024-07-03 10:20:00,AXSM,80.0250015258789,80.0250015258789,80.0250015258789,79.98999786376953,79.98999786376953,960.0
2024-07-03 10:20:00,AZN,76.77050018310547,76.77050018310547,76.77999877929688,76.74500274658203,76.76499938964844,14392.0
2024-07-03 10:20:00,AZTA,52.70000076293945,52.70000076293945,52.810001373291016,52.70000076293945,52.810001373291016,7869.0
2024-07-03 10:20:00,BBIO,25.40999984741211,25.40999984741211,25.450000762939453,25.40999984741211,25.43000030517578,2133.0
2024-07-03 10:20:00,BCAB,1.3350000381469727,1.3350000381469727,1.340000033378601,1.3350000381469727,1.3350000381469727,606.0
2024-07-03 10:20:00,BCRX,6.679999828338623,6.679999828338623,6.684999942779541,6.679999828338623,6.679999828338623,1845.0
2024-07-03 10:20:00,BEAM,23.7549991607666,23.7549991607666,23.790000915527344,23.719999313354492,23.750099182128906,4835.0
2024-07-03 10:20:00,BEAT,2.755000114440918,2.755000114440918,2.755000114440918,2.6600000858306885,2.680000066757202,12244.0
2024-07-03 10:20:00,BGNE,147.6199951171875,147.6199951171875,147.6199951171875,147.6199951171875,147.6199951171875,250.0
2024-07-03 10:20:00,BGXX,0.2754000127315521,0.2754000127315521,0.2754000127315521,0.2754000127315521,0.2754000127315521,663.0
2024-07-03 10:20:00,BIIB,225.75999450683594,225.75999450683594,225.75999450683594,225.75999450683594,225.75999450683594,322.0
2024-07-03 10:20:00,BJDX,0.6252999901771545,0.6252999901771545,0.6252999901771545,0.6252999901771545,0.6252999901771545,900.0
2024-07-03 10:20:00,BLUE,0.9372000098228455,0.9372000098228455,0.9372000098228455,0.9372000098228455,0.9372000098228455,400.0
2024-07-03 10:20:00,BMEA,4.519999980926514,4.519999980926514,4.534999847412109,4.519999980926514,4.534999847412109,4830.0
2024-07-03 10:20:00,BMRN,81.80999755859375,81.80999755859375,81.82499694824219,81.7699966430664,81.7699966430664,1647.0
2024-07-03 10:20:00,BNGO,0.5519000291824341,0.5519000291824341,0.5519000291824341,0.5511999726295471,0.5511999726295471,17170.0
2024-07-03 10:20:00,BNTX,80.84500122070312,80.84500122070312,80.875,80.74500274658203,80.77999877929688,3144.0
2024-07-03 10:20:00,BPMC,111.66000366210938,111.66000366210938,111.69000244140625,111.17500305175781,111.17500305175781,4021.0
2024-07-03 10:20:00,BRKR,62.150001525878906,62.150001525878906,62.21500015258789,62.150001525878906,62.20000076293945,1867.0
2024-07-03 10:20:00,BTAI,1.0800000429153442,1.0800000429153442,1.0950000286102295,1.0800000429153442,1.0950000286102295,2867.0
2024-07-03 10:20:00,BTCY,0.7538999915122986,0.7538999915122986,0.7538999915122986,0.7538999915122986,0.7538999915122986,860.0
2024-07-03 10:20:00,BVS,6.190000057220459,6.190000057220459,6.190000057220459,6.179999828338623,6.179999828338623,796.0
2024-07-03 10:20:00,CABA,7.795000076293945,7.795000076293945,7.800000190734863,7.769999980926514,7.770299911499023,3132.0
2024-07-03 10:20:00,CADL,6.224999904632568,6.224999904632568,6.224999904632568,6.224999904632568,6.224999904632568,106.0
2024-07-03 10:20:00,CCCC,4.78000020980835,4.78000020980835,4.784999847412109,4.764999866485596,4.764999866485596,7478.0
2024-07-03 10:20:00,CCRN,13.770000457763672,13.770000457763672,13.770000457763672,13.710000038146973,13.710000038146973,985.0
2024-07-03 10:20:00,CDMO,7.638999938964844,7.638999938964844,7.650000095367432,7.638999938964844,7.650000095367432,956.0
2024-07-03 10:20:00,CDNA,15.289999961853027,15.289999961853027,15.289999961853027,15.289999961853027,15.289999961853027,319.0
2024-07-03 10:20:00,CDXC,2.5999999046325684,2.5999999046325684,2.5999999046325684,2.5999999046325684,2.5999999046325684,533.0
2024-07-03 10:20:00,CDXS,2.9649999141693115,2.9649999141693115,2.9649999141693115,2.9649999141693115,2.9649999141693115,4200.0
2024-07-03 10:20:00,CERE,41.290000915527344,41.290000915527344,41.29999923706055,41.279998779296875,41.290000915527344,4667.0
2024-07-03 10:20:00,CERS,1.7100000381469727,1.7100000381469727,1.7199000120162964,1.7100000381469727,1.7199000120162964,7107.0
2024-07-03 10:20:00,CERT,13.850000381469727,13.850000381469727,13.859999656677246,13.850000381469727,13.859999656677246,1279.0
2024-07-03 10:20:00,CGC,6.764999866485596,6.764999866485596,6.789999961853027,6.670000076293945,6.670000076293945,79983.0
2024-07-03 10:20:00,CGTX,1.7999999523162842,1.7999999523162842,1.7999999523162842,1.7999999523162842,1.7999999523162842,10.0
2024-07-03 10:20:00,CHEK,2.059999942779541,2.059999942779541,2.059999942779541,2.059999942779541,2.059999942779541,264.0
2024-07-03 10:20:00,CHRS,1.440000057220459,1.440000057220459,1.440000057220459,1.434999942779541,1.434999942779541,2035.0
2024-07-03 10:20:00,CING,0.3149000108242035,0.3149000108242035,0.3149000108242035,0.3149000108242035,0.3149000108242035,1113.0
2024-07-03 10:20:00,CLDX,37.15999984741211,37.15999984741211,37.15999984741211,37.06999969482422,37.06999969482422,1677.0
2024-07-03 10:20:00,CLOV,1.26010000705719,1.26010000705719,1.266700029373169,1.26010000705719,1.266700029373169,5409.0
2024-07-03 10:20:00,CLRB,2.450000047683716,2.450000047683716,2.450000047683716,2.449700117111206,2.449700117111206,3812.0
2024-07-03 10:20:00,CMAX,2.190000057220459,2.190000057220459,2.190000057220459,2.190000057220459,2.190000057220459,296.0
2024-07-03 10:20:00,CNSP,2.174099922180176,2.174099922180176,2.190000057220459,2.1449999809265137,2.17330002784729,80402.0
2024-07-03 10:20:00,CNTA,8.717499732971191,8.717499732971191,8.717499732971191,8.717499732971191,8.717499732971191,979.0
2024-07-03 10:20:00,COLL,32.130001068115234,32.130001068115234,32.130001068115234,32.130001068115234,32.130001068115234,628.0
2024-07-03 10:20:00,CORT,31.155000686645508,31.155000686645508,31.155000686645508,31.155000686645508,31.155000686645508,1071.0
2024-07-03 10:20:00,COSM,0.9599999785423279,0.9599999785423279,0.9679999947547913,0.9599999785423279,0.9679999947547913,3282.0
2024-07-03 10:20:00,CPRX,15.729999542236328,15.729999542236328,15.730999946594238,15.729999542236328,15.730999946594238,3577.0
2024-07-03 10:20:00,CRBU,1.6299999952316284,1.6299999952316284,1.6299999952316284,1.6200000047683716,1.6299999952316284,521.0
2024-07-03 10:20:00,CRDF,2.2200000286102295,2.2200000286102295,2.2200000286102295,2.2093000411987305,2.2093000411987305,1736.0
2024-07-03 10:20:00,CRMD,4.190000057220459,4.190000057220459,4.190000057220459,4.190000057220459,4.190000057220459,880.0
2024-07-03 10:20:00,CRNX,45.279998779296875,45.279998779296875,45.279998779296875,45.279998779296875,45.279998779296875,160.0
2024-07-03 10:20:00,CRON,2.3450000286102295,2.3450000286102295,2.3450000286102295,2.341599941253662,2.341599941253662,1602.0
2024-07-03 10:20:00,CRSP,54.38999938964844,54.38999938964844,54.60499954223633,54.38999938964844,54.58000183105469,3459.0
2024-07-03 10:20:00,CSTL,21.440000534057617,21.440000534057617,21.44499969482422,21.440000534057617,21.44499969482422,9500.0
2024-07-03 10:20:00,CTKB,5.78000020980835,5.78000020980835,5.78000020980835,5.78000020980835,5.78000020980835,936.0
2024-07-03 10:20:00,CTMX,1.350000023841858,1.350000023841858,1.3550000190734863,1.350000023841858,1.350000023841858,7265.0
2024-07-03 10:20:00,CTXR,0.5149999856948853,0.5149999856948853,0.5149999856948853,0.5149999856948853,0.5149999856948853,977.0
2024-07-03 10:20:00,CUTR,1.3650000095367432,1.3650000095367432,1.3650000095367432,1.3600000143051147,1.3600000143051147,1115.0
2024-07-03 10:20:00,CVAC,3.484999895095825,3.484999895095825,3.5,3.4807000160217285,3.5,11607.0
2024-07-03 10:20:00,CYTK,54.939998626708984,54.939998626708984,55.0,54.939998626708984,55.0,3428.0
2024-07-03 10:20:00,DCGO,2.9149999618530273,2.9149999618530273,2.9149999618530273,2.9149999618530273,2.9149999618530273,398.0
2024-07-03 10:20:00,DH,5.420000076293945,5.420000076293945,5.420000076293945,5.420000076293945,5.420000076293945,254.0
2024-07-03 10:20:00,DNLI,22.1299991607666,22.1299991607666,22.139999389648438,22.09000015258789,22.09000015258789,3300.0
2024-07-03 10:20:00,DRRX,1.3504999876022339,1.3504999876022339,1.3504999876022339,1.3504999876022339,1.3504999876022339,900.0
2024-07-03 10:20:00,DVAX,11.187999725341797,11.187999725341797,11.187999725341797,11.180000305175781,11.180000305175781,1131.0
2024-07-03 10:20:00,DXCM,110.66000366210938,110.66000366210938,110.69000244140625,110.58000183105469,110.58000183105469,1789.0
2024-07-03 10:20:00,DYN,34.8849983215332,34.8849983215332,34.959999084472656,34.79999923706055,34.880001068115234,1225.0
2024-07-03 10:20:00,ECOR,6.159999847412109,6.159999847412109,6.159999847412109,6.159999847412109,6.159999847412109,205.0
2024-07-03 10:20:00,EDIT,4.710000038146973,4.710000038146973,4.719900131225586,4.710000038146973,4.715000152587891,18979.0
2024-07-03 10:20:00,EGRX,5.25,5.25,5.25,5.230000019073486,5.230000019073486,1401.0
2024-07-03 10:20:00,ELEV,2.7750000953674316,2.7750000953674316,2.775599956512451,2.7750000953674316,2.775599956512451,679.0
2024-07-03 10:20:00,EMBC,11.9399995803833,11.9399995803833,11.9399995803833,11.9399995803833,11.9399995803833,610.0
2024-07-03 10:20:00,EOLS,10.850000381469727,10.850000381469727,10.850000381469727,10.850000381469727,10.850000381469727,120.0
2024-07-03 10:20:00,ERAS,2.2750000953674316,2.2750000953674316,2.2799999713897705,2.265000104904175,2.265000104904175,16633.0
2024-07-03 10:20:00,ESPR,2.384999990463257,2.384999990463257,2.390000104904175,2.3801000118255615,2.384999990463257,42188.0
2024-07-03 10:20:00,ETNB,7.739999771118164,7.739999771118164,7.739999771118164,7.739999771118164,7.739999771118164,1316.0
2024-07-03 10:20:00,EWTX,18.25,18.25,18.25,18.219999313354492,18.219999313354492,1163.0
2024-07-03 10:20:00,EXAI,5.369999885559082,5.369999885559082,5.369999885559082,5.369999885559082,5.369999885559082,806.0
2024-07-03 10:20:00,EXAS,43.33000183105469,43.33000183105469,43.41999816894531,43.31999969482422,43.41999816894531,2939.0
2024-07-03 10:20:00,EXEL,22.1200008392334,22.1200008392334,22.1200008392334,22.1200008392334,22.1200008392334,565.0
2024-07-03 10:20:00,EYEN,0.7922000288963318,0.7922000288963318,0.8001000285148621,0.7922000288963318,0.8001000285148621,33124.0
2024-07-03 10:20:00,EYPT,8.390000343322754,8.390000343322754,8.40999984741211,8.369999885559082,8.369999885559082,662.0
2024-07-03 10:20:00,FATE,3.3499999046325684,3.3499999046325684,3.3499999046325684,3.3399999141693115,3.3450000286102295,4782.0
2024-07-03 10:20:00,FDMT,21.149999618530273,21.149999618530273,21.149999618530273,21.149999618530273,21.149999618530273,1062.0
2024-07-03 10:20:00,FGEN,0.7304999828338623,0.7304999828338623,0.7304999828338623,0.7304999828338623,0.7304999828338623,132.0
2024-07-03 10:20:00,FLGC,0.9799000024795532,0.9799000024795532,0.9799000024795532,0.9100000262260437,0.9100000262260437,2000.0
2024-07-03 10:20:00,FLGT,20.008100509643555,20.008100509643555,20.008100509643555,20.008100509643555,20.008100509643555,265.0
2024-07-03 10:20:00,FOLD,9.960000038146973,9.960000038146973,9.960000038146973,9.954999923706055,9.954999923706055,1598.0
2024-07-03 10:20:00,FRTX,0.9200500249862671,0.9200500249862671,0.9200500249862671,0.9200500249862671,0.9200500249862671,20.0
2024-07-03 10:20:00,GALT,2.1960999965667725,2.1960999965667725,2.1960999965667725,2.1960999965667725,2.1960999965667725,460.0
2024-07-03 10:20:00,GDRX,7.784999847412109,7.784999847412109,7.784999847412109,7.784999847412109,7.784999847412109,133.0
2024-07-03 10:20:00,GERN,4.375,4.375,4.380000114440918,4.372099876403809,4.380000114440918,7283.0
2024-07-03 10:20:00,GILD,67.19499969482422,67.19499969482422,67.19999694824219,67.16999816894531,67.18000030517578,7917.0
2024-07-03 10:20:00,GLTO,0.47440001368522644,0.47440001368522644,0.47440001368522644,0.47440001368522644,0.47440001368522644,92.0
2024-07-03 10:20:00,GLYC,0.2667999863624573,0.2667999863624573,0.2680000066757202,0.2667999863624573,0.2667999863624573,731.0
2024-07-03 10:20:00,GMAB,25.170000076293945,25.170000076293945,25.170000076293945,25.15999984741211,25.15999984741211,4869.0
2024-07-03 10:20:00,GOSS,0.9488999843597412,0.9488999843597412,0.9488999843597412,0.9488999843597412,0.9488999843597412,238.0
2024-07-03 10:20:00,GOVX,3.109999895095825,3.109999895095825,3.109999895095825,3.109999895095825,3.109999895095825,1342.0
2024-07-03 10:20:00,GRFS,6.675000190734863,6.675000190734863,6.675000190734863,6.670000076293945,6.670000076293945,1167.0
2024-07-03 10:20:00,GRTS,0.5645999908447266,0.5645999908447266,0.5649999976158142,0.5645999908447266,0.5649999976158142,11506.0
2024-07-03 10:20:00,GTHX,2.5450000762939453,2.5450000762939453,2.5450000762939453,2.5450000762939453,2.5450000762939453,1204.0
2024-07-03 10:20:00,HALO,51.310001373291016,51.310001373291016,51.494998931884766,51.310001373291016,51.439998626708984,6142.0
2024-07-03 10:20:00,HCAT,6.139999866485596,6.139999866485596,6.139999866485596,6.139999866485596,6.139999866485596,413.0
2024-07-03 10:20:00,HOLX,73.16500091552734,73.16500091552734,73.16500091552734,73.0999984741211,73.0999984741211,6626.0
2024-07-03 10:20:00,HOOK,0.5799999833106995,0.5799999833106995,0.5799999833106995,0.5799000263214111,0.5799000263214111,802.0
2024-07-03 10:20:00,HQY,83.61000061035156,83.61000061035156,83.61000061035156,83.5999984741211,83.5999984741211,902.0
2024-07-03 10:20:00,HROW,21.8799991607666,21.8799991607666,21.8799991607666,21.8700008392334,21.8700008392334,478.0
2024-07-03 10:20:00,HRTX,2.815000057220459,2.815000057220459,2.8499999046325684,2.809999942779541,2.839900016784668,18060.0
2024-07-03 10:20:00,HSIC,65.23999786376953,65.23999786376953,65.30000305175781,65.23999786376953,65.30000305175781,827.0
2024-07-03 10:20:00,HUGE,0.14339999854564667,0.14339999854564667,0.14339999854564667,0.14339999854564667,0.14339999854564667,709.0
2024-07-03 10:20:00,HUMA,5.699999809265137,5.699999809265137,5.730000019073486,5.699999809265137,5.730000019073486,6846.0
2024-07-03 10:20:00,IART,28.9507999420166,28.9507999420166,28.9507999420166,28.950000762939453,28.950000762939453,1582.0
2024-07-03 10:20:00,IBRX,6.275000095367432,6.275000095367432,6.275000095367432,6.269999980926514,6.269999980926514,664.0
2024-07-03 10:20:00,ICLR,319.864990234375,319.864990234375,319.864990234375,319.864990234375,319.864990234375,356.0
2024-07-03 10:20:00,IDXX,472.6700134277344,472.6700134277344,472.6700134277344,472.6700134277344,472.6700134277344,501.0
2024-07-03 10:20:00,IDYA,33.80500030517578,33.80500030517578,33.81999969482422,33.79999923706055,33.79999923706055,2301.0
2024-07-03 10:20:00,IKNA,1.649999976158142,1.649999976158142,1.649999976158142,1.649999976158142,1.649999976158142,192.0
2024-07-03 10:20:00,ILMN,106.16500091552734,106.16500091552734,106.22000122070312,106.15499877929688,106.22000122070312,1311.0
2024-07-03 10:20:00,IMCC,0.44670000672340393,0.44670000672340393,0.44670000672340393,0.4399000108242035,0.4456000030040741,27020.0
2024-07-03 10:20:00,IMCR,35.88999938964844,35.88999938964844,35.91999816894531,35.880001068115234,35.91999816894531,2320.0
2024-07-03 10:20:00,IMMX,2.255000114440918,2.255000114440918,2.255000114440918,2.255000114440918,2.255000114440918,1965.0
2024-07-03 10:20:00,IMRN,1.965000033378601,1.965000033378601,1.965000033378601,1.965000033378601,1.965000033378601,1620.0
2024-07-03 10:20:00,IMVT,27.059999465942383,27.059999465942383,27.059999465942383,27.049999237060547,27.049999237060547,764.0
2024-07-03 10:20:00,INCY,58.27000045776367,58.27000045776367,58.310001373291016,58.2599983215332,58.27000045776367,3772.0
2024-07-03 10:20:00,INM,0.2502000033855438,0.2502000033855438,0.2531000077724457,0.2502000033855438,0.2531000077724457,96559.0
2024-07-03 10:20:00,INMB,7.909999847412109,7.909999847412109,7.909999847412109,7.869999885559082,7.869999885559082,1980.0
2024-07-03 10:20:00,INMD,17.790000915527344,17.790000915527344,17.809999465942383,17.770000457763672,17.780000686645508,10413.0
2024-07-03 10:20:00,INSM,64.0,64.0,64.01000213623047,63.90999984741211,63.90999984741211,3200.0
2024-07-03 10:20:00,IONS,45.07500076293945,45.07500076293945,45.099998474121094,45.04999923706055,45.07500076293945,1375.0
2024-07-03 10:20:00,IOVA,7.804999828338623,7.804999828338623,7.809999942779541,7.800099849700928,7.809999942779541,7413.0
2024-07-03 10:20:00,IRTC,93.0199966430664,93.0199966430664,93.27999877929688,92.66999816894531,92.83999633789062,11294.0
2024-07-03 10:20:00,ISRG,434.07000732421875,434.07000732421875,434.30999755859375,433.9800109863281,433.9800109863281,2350.0
2024-07-03 10:20:00,ITCI,68.13999938964844,68.13999938964844,68.2699966430664,68.13999938964844,68.2699966430664,1039.0
2024-07-03 10:20:00,IVVD,1.125,1.125,1.1282999515533447,1.125,1.1282999515533447,1897.0
2024-07-03 10:20:00,JANX,38.904998779296875,38.904998779296875,38.904998779296875,38.85499954223633,38.90250015258789,588.0
2024-07-03 10:20:00,JAZZ,104.88249969482422,104.88249969482422,104.88500213623047,104.80000305175781,104.80000305175781,699.0
2024-07-03 10:20:00,JSPR,23.235000610351562,23.235000610351562,23.235000610351562,23.235000610351562,23.235000610351562,95.0
2024-07-03 10:20:00,KALA,6.789999961853027,6.789999961853027,6.800000190734863,6.789999961853027,6.800000190734863,206.0
2024-07-03 10:20:00,KMDA,5.300000190734863,5.300000190734863,5.300000190734863,5.300000190734863,5.300000190734863,2000.0
2024-07-03 10:20:00,KNSA,18.94499969482422,18.94499969482422,18.94499969482422,18.94499969482422,18.94499969482422,701.0
2024-07-03 10:20:00,KPRX,4.349999904632568,4.349999904632568,4.369999885559082,4.349999904632568,4.349999904632568,507.0
2024-07-03 10:20:00,KPTI,0.8476999998092651,0.8476999998092651,0.8476999998092651,0.8432999849319458,0.8454999923706055,2257.0
2024-07-03 10:20:00,KRMD,2.280100107192993,2.280100107192993,2.280100107192993,2.2799999713897705,2.2799999713897705,240.0
2024-07-03 10:20:00,KRYS,180.3300018310547,180.3300018310547,180.3300018310547,180.3300018310547,180.3300018310547,323.0
2024-07-03 10:20:00,KTRA,0.27239999175071716,0.27239999175071716,0.27239999175071716,0.27239999175071716,0.27239999175071716,330.0
2024-07-03 10:20:00,KURA,20.860000610351562,20.860000610351562,20.860000610351562,20.860000610351562,20.860000610351562,211.0
2024-07-03 10:20:00,KYMR,31.10770034790039,31.10770034790039,31.10770034790039,31.079999923706055,31.079999923706055,417.0
2024-07-03 10:20:00,KZIA,0.2184000015258789,0.2184000015258789,0.2184000015258789,0.2184000015258789,0.2184000015258789,1002.0
2024-07-03 10:20:00,LAB,1.7999999523162842,1.7999999523162842,1.7999999523162842,1.7999999523162842,1.7999999523162842,102.0
2024-07-03 10:20:00,LEGN,45.119998931884766,45.119998931884766,45.119998931884766,45.119998931884766,45.119998931884766,292.0
2024-07-03 10:20:00,LFMD,6.78000020980835,6.78000020980835,6.78000020980835,6.78000020980835,6.78000020980835,234.0
2024-07-03 10:20:00,LFST,5.135000228881836,5.135000228881836,5.135000228881836,5.135000228881836,5.135000228881836,118.0
2024-07-03 10:20:00,LGND,84.16500091552734,84.16500091552734,84.16500091552734,84.16500091552734,84.16500091552734,686.0
2024-07-03 10:20:00,LGVN,1.6299999952316284,1.6299999952316284,1.6299999952316284,1.6299999952316284,1.6299999952316284,8643.0
2024-07-03 10:20:00,LNTH,78.56999969482422,78.56999969482422,78.56999969482422,78.56999969482422,78.56999969482422,429.0
2024-07-03 10:20:00,LOGC,5.739999771118164,5.739999771118164,5.75,5.739999771118164,5.75,267.0
2024-07-03 10:20:00,LRMR,7.800000190734863,7.800000190734863,7.800000190734863,7.760000228881836,7.760000228881836,908.0
2024-07-03 10:20:00,LUCY,0.47850000858306885,0.47850000858306885,0.47850000858306885,0.47850000858306885,0.47850000858306885,116.0
2024-07-03 10:20:00,LXRX,1.6301000118255615,1.6301000118255615,1.6394000053405762,1.625,1.625,19387.0
2024-07-03 10:20:00,MASI,113.14900207519531,113.14900207519531,113.14900207519531,113.14900207519531,113.14900207519531,485.0
2024-07-03 10:20:00,MBIO,0.5202000141143799,0.5202000141143799,0.5257999897003174,0.5199999809265137,0.5257999897003174,7386.0
2024-07-03 10:20:00,MBOT,1.0850000381469727,1.0850000381469727,1.0850000381469727,1.0800000429153442,1.0800000429153442,1675.0
2024-07-03 10:20:00,MCRB,0.7069000005722046,0.7069000005722046,0.7098000049591064,0.7067999839782715,0.7093999981880188,17608.0
2024-07-03 10:20:00,ME,0.40299999713897705,0.40299999713897705,0.40299999713897705,0.40209999680519104,0.40209999680519104,9942.0
2024-07-03 10:20:00,MEDP,405.3500061035156,405.3500061035156,405.3500061035156,405.3500061035156,405.3500061035156,1346.0
2024-07-03 10:20:00,MGNX,4.309999942779541,4.309999942779541,4.320000171661377,4.309999942779541,4.320000171661377,3494.0
2024-07-03 10:20:00,MIRM,34.2400016784668,34.2400016784668,34.2400016784668,34.2400016784668,34.2400016784668,325.0
2024-07-03 10:20:00,MLTX,41.290000915527344,41.290000915527344,41.47999954223633,41.209999084472656,41.209999084472656,2157.0
2024-07-03 10:20:00,MNKD,5.184999942779541,5.184999942779541,5.220099925994873,5.184999942779541,5.215000152587891,18777.0
2024-07-03 10:20:00,MNMD,7.25,7.25,7.260000228881836,7.240099906921387,7.240099906921387,7210.0
2024-07-03 10:20:00,MODV,27.420000076293945,27.420000076293945,27.420000076293945,27.420000076293945,27.420000076293945,255.0
2024-07-03 10:20:00,MORF,32.2400016784668,32.2400016784668,32.249000549316406,32.2400016784668,32.249000549316406,671.0
2024-07-03 10:20:00,MRNA,118.11000061035156,118.11000061035156,118.31999969482422,118.11000061035156,118.21499633789062,2273.0
2024-07-03 10:20:00,MRSN,1.9049999713897705,1.9049999713897705,1.909999966621399,1.9049999713897705,1.909999966621399,4975.0
2024-07-03 10:20:00,MRVI,6.815000057220459,6.815000057220459,6.820000171661377,6.811999797821045,6.811999797821045,2194.0
2024-07-03 10:20:00,MXCT,3.7200000286102295,3.7200000286102295,3.7200000286102295,3.7200000286102295,3.7200000286102295,180.0
2024-07-03 10:20:00,MYGN,25.5856990814209,25.5856990814209,25.600000381469727,25.56999969482422,25.584999084472656,4864.0
2024-07-03 10:20:00,NAOV,0.7294999957084656,0.7294999957084656,0.7294999957084656,0.7294999957084656,0.7294999957084656,0.0
2024-07-03 10:20:00,NARI,49.505001068115234,49.505001068115234,49.505001068115234,49.505001068115234,49.505001068115234,1878.0
2024-07-03 10:20:00,NBIX,138.49000549316406,138.49000549316406,138.49000549316406,138.49000549316406,138.49000549316406,123.0
2024-07-03 10:20:00,NBTX,5.519999980926514,5.519999980926514,5.519999980926514,5.519999980926514,5.519999980926514,229.0
2024-07-03 10:20:00,NEO,13.670000076293945,13.670000076293945,13.670000076293945,13.660300254821777,13.660300254821777,584.0
2024-07-03 10:20:00,NEOG,15.225000381469727,15.225000381469727,15.229999542236328,15.225000381469727,15.229999542236328,2490.0
2024-07-03 10:20:00,NKTR,1.2300000190734863,1.2300000190734863,1.2300000190734863,1.2300000190734863,1.2300000190734863,189.0
2024-07-03 10:20:00,NLSP,0.2070000022649765,0.2070000022649765,0.20999999344348907,0.2070000022649765,0.20730000734329224,32839.0
2024-07-03 10:20:00,NNOX,7.2256999015808105,7.2256999015808105,7.230000019073486,7.216000080108643,7.21999979019165,8038.0
2024-07-03 10:20:00,NOTV,1.6749999523162842,1.6749999523162842,1.6749999523162842,1.6749999523162842,1.6749999523162842,918.0
2024-07-03 10:20:00,NRC,22.829999923706055,22.829999923706055,22.829999923706055,22.829999923706055,22.829999923706055,908.0
2024-07-03 10:20:00,NRIX,19.649999618530273,19.649999618530273,19.780000686645508,19.6299991607666,19.65999984741211,2101.0
2024-07-03 10:20:00,NRSN,1.340000033378601,1.340000033378601,1.340000033378601,1.2699999809265137,1.2699999809265137,18849.0
2024-07-03 10:20:00,NTLA,22.850000381469727,22.850000381469727,22.889999389648438,22.834999084472656,22.850000381469727,4346.0
2024-07-03 10:20:00,NTRA,112.36000061035156,112.36000061035156,112.36000061035156,112.36000061035156,112.36000061035156,614.0
2024-07-03 10:20:00,NUVL,72.36000061035156,72.36000061035156,72.36000061035156,72.33999633789062,72.3499984741211,1696.0
2024-07-03 10:20:00,NVAX,13.149999618530273,13.149999618530273,13.199999809265137,13.149999618530273,13.180500030517578,19451.0
2024-07-03 10:20:00,NVCR,16.920000076293945,16.920000076293945,16.920000076293945,16.920000076293945,16.920000076293945,714.0
2024-07-03 10:20:00,NXL,1.4049999713897705,1.4049999713897705,1.409999966621399,1.3899999856948853,1.409999966621399,16075.0
2024-07-03 10:20:00,OCGN,1.684999942779541,1.684999942779541,1.690000057220459,1.684999942779541,1.690000057220459,2542.0
2024-07-03 10:20:00,OCUL,6.909999847412109,6.909999847412109,6.909999847412109,6.90500020980835,6.90500020980835,514.0
2024-07-03 10:20:00,OCUP,1.559999942779541,1.559999942779541,1.559999942779541,1.559999942779541,1.559999942779541,714.0
2024-07-03 10:20:00,OGI,1.590000033378601,1.590000033378601,1.590000033378601,1.590000033378601,1.590000033378601,286.0
2024-07-03 10:20:00,OLK,25.774999618530273,25.774999618530273,25.774999618530273,25.764999389648438,25.764999389648438,500.0
2024-07-03 10:20:00,OLMA,10.75,10.75,10.75,10.75,10.75,137.0
2024-07-03 10:20:00,OM,3.7899999618530273,3.7899999618530273,3.799999952316284,3.7899999618530273,3.799999952316284,2711.0
2024-07-03 10:20:00,OMCL,26.280000686645508,26.280000686645508,26.280000686645508,26.280000686645508,26.280000686645508,427.0
2024-07-03 10:21:00,AADI,1.3700000047683716,1.3700000047683716,1.3700000047683716,1.350000023841858,1.350000023841858,6142.0
2024-07-03 10:21:00,ABCL,2.805000066757202,2.805000066757202,2.805000066757202,2.802000045776367,2.805000066757202,2201.0
2024-07-03 10:21:00,ABSI,3.2100000381469727,3.2100000381469727,3.2386999130249023,3.2014999389648438,3.2386999130249023,4370.0
2024-07-03 10:21:00,ABUS,3.194999933242798,3.194999933242798,3.200000047683716,3.194999933242798,3.200000047683716,779.0
2024-07-03 10:21:00,ACB,4.960000038146973,4.960000038146973,4.965000152587891,4.900000095367432,4.900000095367432,35246.0
2024-07-03 10:21:00,ACCD,3.555000066757202,3.555000066757202,3.559999942779541,3.549999952316284,3.559999942779541,5751.0
2024-07-03 10:21:00,ACET,1.059999942779541,1.059999942779541,1.0700000524520874,1.059999942779541,1.059999942779541,11174.0
2024-07-03 10:21:00,ACHL,0.8299999833106995,0.8299999833106995,0.8299999833106995,0.8299999833106995,0.8299999833106995,8835.0
2024-07-03 10:21:00,ACIU,3.9200000762939453,3.9200000762939453,3.9200000762939453,3.9200000762939453,3.9200000762939453,1400.0
2024-07-03 10:21:00,ACLX,54.5099983215332,54.5099983215332,54.59000015258789,54.43000030517578,54.54499816894531,2776.0
2024-07-03 10:21:00,ADAP,1.0399999618530273,1.0399999618530273,1.0499999523162842,1.0399999618530273,1.0399999618530273,1403.0
2024-07-03 10:21:00,ADMA,11.46500015258789,11.46500015258789,11.470000267028809,11.460000038146973,11.470000267028809,1524.0
2024-07-03 10:21:00,ADPT,3.384999990463257,3.384999990463257,3.384999990463257,3.379499912261963,3.380000114440918,1284.0
2024-07-03 10:21:00,AEMD,0.4244000017642975,0.4244000017642975,0.42500001192092896,0.4244000017642975,0.42500001192092896,405.0
2024-07-03 10:21:00,AGIO,42.59000015258789,42.59000015258789,42.599998474121094,42.59000015258789,42.599998474121094,916.0
2024-07-03 10:21:00,AKAN,2.2655999660491943,2.2655999660491943,2.279900074005127,2.240000009536743,2.244999885559082,19714.0
2024-07-03 10:21:00,AKBA,0.9555000066757202,0.9555000066757202,0.9555000066757202,0.9527000188827515,0.9549999833106995,13300.0
2024-07-03 10:21:00,ALDX,3.25,3.25,3.25,3.25,3.25,280.0
2024-07-03 10:21:00,ALEC,4.510000228881836,4.510000228881836,4.510000228881836,4.510000228881836,4.510000228881836,1522.0
2024-07-03 10:21:00,ALGN,237.74000549316406,237.74000549316406,237.85000610351562,237.3800048828125,237.41000366210938,6151.0
2024-07-03 10:21:00,ALHC,7.989699840545654,7.989699840545654,7.989699840545654,7.985000133514404,7.985000133514404,924.0
2024-07-03 10:21:00,ALKS,24.479999542236328,24.479999542236328,24.479999542236328,24.479999542236328,24.479999542236328,215.0
2024-07-03 10:21:00,ALLK,0.8586000204086304,0.8586000204086304,0.8586000204086304,0.8567000031471252,0.8567000031471252,1766.0
2024-07-03 10:21:00,ALLO,2.1600000858306885,2.1600000858306885,2.1600000858306885,2.1500000953674316,2.1549999713897705,1263.0
2024-07-03 10:21:00,ALNY,247.0709991455078,247.0709991455078,247.85499572753906,247.0709991455078,247.66000366210938,3880.0
2024-07-03 10:21:00,ALT,6.860099792480469,6.860099792480469,6.880000114440918,6.860000133514404,6.880000114440918,3611.0
2024-07-03 10:21:00,ALVR,0.738099992275238,0.738099992275238,0.738099992275238,0.738099992275238,0.738099992275238,200.0
2024-07-03 10:21:00,ALXO,6.065000057220459,6.065000057220459,6.065000057220459,6.019999980926514,6.019999980926514,6658.0
2024-07-03 10:21:00,AMED,96.72000122070312,96.72000122070312,96.72000122070312,96.72000122070312,96.72000122070312,500.0
2024-07-03 10:21:00,AMGN,310.94000244140625,310.94000244140625,310.94000244140625,310.8900146484375,310.94000244140625,992.0
2024-07-03 10:21:00,AMLX,1.7899999618530273,1.7899999618530273,1.7899999618530273,1.7805999517440796,1.7805999517440796,652.0
2024-07-03 10:21:00,AMPH,38.29999923706055,38.29999923706055,38.349998474121094,38.29999923706055,38.29999923706055,2507.0
2024-07-03 10:21:00,ANAB,25.260000228881836,25.260000228881836,25.3799991607666,25.149999618530273,25.149999618530273,746.0
2024-07-03 10:21:00,ANNX,4.860000133514404,4.860000133514404,4.860000133514404,4.845799922943115,4.860000133514404,6897.0
2024-07-03 10:21:00,ANTX,2.5399999618530273,2.5399999618530273,2.549999952316284,2.5399999618530273,2.5399999618530273,5865.0
2024-07-03 10:21:00,APDN,0.4300000071525574,0.4300000071525574,0.4377000033855438,0.4300000071525574,0.4377000033855438,2723.0
2024-07-03 10:21:00,APLS,36.619998931884766,36.619998931884766,36.619998931884766,36.470001220703125,36.470001220703125,2277.0
2024-07-03 10:21:00,APLT,4.440000057220459,4.440000057220459,4.440000057220459,4.440000057220459,4.440000057220459,110.0
2024-07-03 10:21:00,APTO,0.7547000050544739,0.7547000050544739,0.7547000050544739,0.7547000050544739,0.7547000050544739,223.0
2024-07-03 10:21:00,AQST,2.4223999977111816,2.4223999977111816,2.424999952316284,2.4223999977111816,2.424999952316284,1270.0
2024-07-03 10:21:00,ARCT,22.170000076293945,22.170000076293945,22.170000076293945,22.110000610351562,22.110000610351562,1050.0
2024-07-03 10:21:00,ARDX,5.259900093078613,5.259900093078613,5.269999980926514,5.25,5.264999866485596,10418.0
2024-07-03 10:21:00,ARGX,436.4100036621094,436.4100036621094,436.4100036621094,436.4100036621094,436.4100036621094,166.0
2024-07-03 10:21:00,ARQT,9.579999923706055,9.579999923706055,9.619999885559082,9.569999694824219,9.614999771118164,8354.0
2024-07-03 10:21:00,ARVN,25.020000457763672,25.020000457763672,25.059999465942383,24.989999771118164,25.020000457763672,4377.0
2024-07-03 10:21:00,ARWR,25.899999618530273,25.899999618530273,25.899999618530273,25.899999618530273,25.899999618530273,771.0
2024-07-03 10:21:00,ATOS,1.1649999618530273,1.1649999618530273,1.1699999570846558,1.159999966621399,1.1611000299453735,13760.0
2024-07-03 10:21:00,ATRC,22.21500015258789,22.21500015258789,22.21500015258789,22.21500015258789,22.21500015258789,120.0
2024-07-03 10:21:00,ATXS,9.119999885559082,9.119999885559082,9.119999885559082,9.119999885559082,9.119999885559082,178.0
2024-07-03 10:21:00,AUGX,1.0049999952316284,1.0049999952316284,1.0049999952316284,1.0,1.0,12004.0
2024-07-03 10:21:00,AVDL,14.25,14.25,14.260000228881836,14.25,14.260000228881836,2259.0
2024-07-03 10:21:00,AVTE,1.625,1.625,1.625,1.625,1.625,107.0
2024-07-03 10:21:00,AVXL,4.269999980926514,4.269999980926514,4.269999980926514,4.264500141143799,4.269999980926514,2123.0
2024-07-03 10:21:00,AXGN,7.489999771118164,7.489999771118164,7.489999771118164,7.465000152587891,7.465000152587891,421.0
2024-07-03 10:21:00,AXNX,67.36000061035156,67.36000061035156,67.36000061035156,67.36000061035156,67.36000061035156,200.0
2024-07-03 10:21:00,AXSM,80.01499938964844,80.01499938964844,80.0999984741211,80.01499938964844,80.0999984741211,675.0
2024-07-03 10:21:00,AZN,76.7699966430664,76.7699966430664,76.77999877929688,76.75499725341797,76.7699966430664,8360.0
2024-07-03 10:21:00,AZTA,52.58000183105469,52.58000183105469,52.63999938964844,52.58000183105469,52.619998931884766,3012.0
2024-07-03 10:21:00,BBIO,25.427400588989258,25.427400588989258,25.427400588989258,25.395000457763672,25.399999618530273,1649.0
2024-07-03 10:21:00,BCAB,1.3450000286102295,1.3450000286102295,1.3450000286102295,1.3350000381469727,1.340000033378601,5026.0
2024-07-03 10:21:00,BCRX,6.690000057220459,6.690000057220459,6.690000057220459,6.679999828338623,6.679999828338623,4400.0
2024-07-03 10:21:00,BCYC,19.864999771118164,19.864999771118164,19.864999771118164,19.864999771118164,19.864999771118164,200.0
2024-07-03 10:21:00,BEAM,23.757999420166016,23.757999420166016,23.78499984741211,23.757999420166016,23.78499984741211,2472.0
2024-07-03 10:21:00,BEAT,2.759999990463257,2.759999990463257,2.759999990463257,2.759999990463257,2.759999990463257,242.0
2024-07-03 10:21:00,BIIB,225.77999877929688,225.77999877929688,225.9600067138672,225.75999450683594,225.9600067138672,1679.0
2024-07-03 10:21:00,BIVI,0.4171999990940094,0.4171999990940094,0.4171999990940094,0.4171999990940094,0.4171999990940094,1633.0
2024-07-03 10:21:00,BLFS,20.325000762939453,20.325000762939453,20.325000762939453,20.325000762939453,20.325000762939453,426.0
2024-07-03 10:21:00,BLUE,0.9330000281333923,0.9330000281333923,0.9375,0.932699978351593,0.9372000098228455,21853.0
2024-07-03 10:21:00,BMRN,81.83999633789062,81.83999633789062,81.84500122070312,81.83499908447266,81.8375015258789,1357.0
2024-07-03 10:21:00,BNGO,0.5519999861717224,0.5519999861717224,0.5573999881744385,0.5519000291824341,0.5519000291824341,37355.0
2024-07-03 10:21:00,BPMC,111.88999938964844,111.88999938964844,111.88999938964844,111.72000122070312,111.72000122070312,1654.0
2024-07-03 10:21:00,BTAI,1.0800000429153442,1.0800000429153442,1.0800000429153442,1.0800000429153442,1.0800000429153442,658.0
2024-07-03 10:21:00,BTCY,0.7476999759674072,0.7476999759674072,0.7476999759674072,0.7476000189781189,0.7476000189781189,3506.0
2024-07-03 10:21:00,BVS,6.110000133514404,6.110000133514404,6.199999809265137,6.110000133514404,6.199999809265137,12614.0
2024-07-03 10:21:00,CABA,7.78000020980835,7.78000020980835,7.789999961853027,7.78000020980835,7.789999961853027,6503.0
2024-07-03 10:21:00,CADL,6.289999961853027,6.289999961853027,6.289999961853027,6.25,6.25,12481.0
2024-07-03 10:21:00,CCCC,4.800000190734863,4.800000190734863,4.800000190734863,4.78000020980835,4.78000020980835,4019.0
2024-07-03 10:21:00,CCRN,13.770000457763672,13.770000457763672,13.770000457763672,13.770000457763672,13.770000457763672,121.0
2024-07-03 10:21:00,CDMO,7.639999866485596,7.639999866485596,7.639999866485596,7.639999866485596,7.639999866485596,578.0
2024-07-03 10:21:00,CDXS,2.9600000381469727,2.9600000381469727,2.9649999141693115,2.9600000381469727,2.9649999141693115,0.0
2024-07-03 10:21:00,CELC,16.510000228881836,16.510000228881836,16.510000228881836,16.420000076293945,16.420000076293945,819.0
2024-07-03 10:21:00,CELU,3.049999952316284,3.049999952316284,3.049999952316284,3.049999952316284,3.049999952316284,200.0
2024-07-03 10:21:00,CERE,41.290000915527344,41.290000915527344,41.290000915527344,41.279998779296875,41.279998779296875,1461.0
2024-07-03 10:21:00,CERS,1.7200000286102295,1.7200000286102295,1.725000023841858,1.715000033378601,1.715000033378601,3030.0
2024-07-03 10:21:00,CERT,13.850000381469727,13.850000381469727,13.850000381469727,13.84000015258789,13.84000015258789,1185.0
2024-07-03 10:21:00,CGC,6.791299819946289,6.791299819946289,6.797399997711182,6.769899845123291,6.769899845123291,24128.0
2024-07-03 10:21:00,CGEM,16.950000762939453,16.950000762939453,16.950000762939453,16.950000762939453,16.950000762939453,667.0
2024-07-03 10:21:00,CGEN,1.6699999570846558,1.6699999570846558,1.6749999523162842,1.6699999570846558,1.6749999523162842,7026.0
2024-07-03 10:21:00,CHRS,1.440000057220459,1.440000057220459,1.440000057220459,1.4316999912261963,1.434999942779541,2374.0
2024-07-03 10:21:00,CKPT,2.3350000381469727,2.3350000381469727,2.3350000381469727,2.2899999618530273,2.2899999618530273,14148.0
2024-07-03 10:21:00,CLDX,37.220001220703125,37.220001220703125,37.220001220703125,37.220001220703125,37.220001220703125,560.0
2024-07-03 10:21:00,CLNN,0.33250001072883606,0.33250001072883606,0.33250001072883606,0.33250001072883606,0.33250001072883606,207.0
2024-07-03 10:21:00,CLOV,1.2649999856948853,1.2649999856948853,1.2649999856948853,1.2599999904632568,1.2649999856948853,1808.0
2024-07-03 10:21:00,CLPT,5.240099906921387,5.240099906921387,5.240099906921387,5.240099906921387,5.240099906921387,329.0
2024-07-03 10:21:00,CMPS,6.252299785614014,6.252299785614014,6.264999866485596,6.252299785614014,6.264999866485596,916.0
2024-07-03 10:21:00,CMPX,0.8500000238418579,0.8500000238418579,0.8500000238418579,0.8500000238418579,0.8500000238418579,0.0
2024-07-03 10:21:00,CNSP,2.1600000858306885,2.1600000858306885,2.180000066757202,2.140000104904175,2.1791999340057373,53336.0
2024-07-03 10:21:00,COGT,8.385000228881836,8.385000228881836,8.385000228881836,8.350000381469727,8.359999656677246,1028.0
2024-07-03 10:21:00,CORT,31.280000686645508,31.280000686645508,31.280000686645508,31.18000030517578,31.18000030517578,1666.0
2024-07-03 10:21:00,COSM,0.9599999785423279,0.9599999785423279,0.9700000286102295,0.9599999785423279,0.9599999785423279,3002.0
2024-07-03 10:21:00,CRBU,1.6253999471664429,1.6253999471664429,1.6299999952316284,1.6200000047683716,1.6200000047683716,1193.0
2024-07-03 10:21:00,CRDF,2.234999895095825,2.234999895095825,2.237499952316284,2.2200000286102295,2.2200000286102295,1402.0
2024-07-03 10:21:00,CRMD,4.179999828338623,4.179999828338623,4.179999828338623,4.179999828338623,4.179999828338623,1249.0
2024-07-03 10:21:00,CRNX,45.290000915527344,45.290000915527344,45.290000915527344,45.25130081176758,45.25130081176758,761.0
2024-07-03 10:21:00,CRON,2.3499999046325684,2.3499999046325684,2.3499999046325684,2.3452000617980957,2.3452000617980957,1200.0
2024-07-03 10:21:00,CRSP,54.60499954223633,54.60499954223633,54.60499954223633,54.29999923706055,54.41999816894531,4842.0
2024-07-03 10:21:00,CRVS,1.7799999713897705,1.7799999713897705,1.8200000524520874,1.7700999975204468,1.7700999975204468,6300.0
2024-07-03 10:21:00,CSTL,21.3700008392334,21.3700008392334,21.440000534057617,21.290000915527344,21.440000534057617,7416.0
2024-07-03 10:21:00,CTKB,5.760000228881836,5.760000228881836,5.78000020980835,5.760000228881836,5.78000020980835,1882.0
2024-07-03 10:21:00,CTMX,1.3600000143051147,1.3600000143051147,1.3600000143051147,1.3550000190734863,1.3600000143051147,2753.0
2024-07-03 10:21:00,CVAC,3.494999885559082,3.494999885559082,3.494999885559082,3.4700000286102295,3.484999895095825,22476.0
2024-07-03 10:21:00,CYCC,1.6398999691009521,1.6398999691009521,1.6398999691009521,1.6398999691009521,1.6398999691009521,312.0
2024-07-03 10:21:00,CYTK,54.939998626708984,54.939998626708984,55.0,54.939998626708984,54.939998626708984,904.0
2024-07-03 10:21:00,DCGO,2.9200000762939453,2.9200000762939453,2.9200000762939453,2.9200000762939453,2.9200000762939453,724.0
2024-07-03 10:21:00,DCTH,8.007499694824219,8.007499694824219,8.010000228881836,7.995999813079834,7.995999813079834,1872.0
2024-07-03 10:21:00,DNLI,22.149999618530273,22.149999618530273,22.165000915527344,22.110000610351562,22.1299991607666,4410.0
2024-07-03 10:21:00,DVAX,11.1850004196167,11.1850004196167,11.1899995803833,11.1850004196167,11.1899995803833,518.0
2024-07-03 10:21:00,DXCM,110.58999633789062,110.58999633789062,110.5999984741211,110.5530014038086,110.55999755859375,1743.0
2024-07-03 10:21:00,DYN,35.130001068115234,35.130001068115234,35.130001068115234,34.88999938964844,34.88999938964844,3046.0
2024-07-03 10:21:00,EDIT,4.699999809265137,4.699999809265137,4.699999809265137,4.695000171661377,4.699999809265137,2738.0
2024-07-03 10:21:00,ELEV,2.7699999809265137,2.7699999809265137,2.7699999809265137,2.7699999809265137,2.7699999809265137,912.0
2024-07-03 10:21:00,EMBC,11.9399995803833,11.9399995803833,11.9399995803833,11.9399995803833,11.9399995803833,385.0
2024-07-03 10:21:00,ENSC,0.4754999876022339,0.4754999876022339,0.4754999876022339,0.4754999876022339,0.4754999876022339,5000.0
2024-07-03 10:21:00,ENSG,126.23999786376953,126.23999786376953,126.23999786376953,126.23999786376953,126.23999786376953,898.0
2024-07-03 10:21:00,EOLS,10.848099708557129,10.848099708557129,10.850000381469727,10.848099708557129,10.850000381469727,1470.0
2024-07-03 10:21:00,EPIX,4.807499885559082,4.807499885559082,4.807499885559082,4.807499885559082,4.807499885559082,613.0
2024-07-03 10:21:00,ERAS,2.2699999809265137,2.2699999809265137,2.2699999809265137,2.2699999809265137,2.2699999809265137,2052.0
2024-07-03 10:21:00,ESPR,2.390000104904175,2.390000104904175,2.390000104904175,2.380000114440918,2.390000104904175,2301.0
2024-07-03 10:21:00,EWTX,18.225000381469727,18.225000381469727,18.229999542236328,18.225000381469727,18.229999542236328,684.0
2024-07-03 10:21:00,EXAI,5.369200229644775,5.369200229644775,5.369200229644775,5.349999904632568,5.349999904632568,334.0
2024-07-03 10:21:00,EXAS,43.345001220703125,43.345001220703125,43.345001220703125,43.334999084472656,43.334999084472656,944.0
2024-07-03 10:21:00,EXEL,22.114999771118164,22.114999771118164,22.114999771118164,22.114999771118164,22.114999771118164,566.0
2024-07-03 10:21:00,EYPT,8.420000076293945,8.420000076293945,8.420000076293945,8.40999984741211,8.40999984741211,1208.0
2024-07-03 10:21:00,FATE,3.3499999046325684,3.3499999046325684,3.3550000190734863,3.3399999141693115,3.3399999141693115,8196.0
2024-07-03 10:21:00,FGEN,0.730400025844574,0.730400025844574,0.730400025844574,0.730400025844574,0.730400025844574,35401.0
2024-07-03 10:21:00,FLGC,0.9100000262260437,0.9100000262260437,0.9100000262260437,0.9100000262260437,0.9100000262260437,0.0
2024-07-03 10:21:00,FLGT,20.079999923706055,20.079999923706055,20.079999923706055,20.079999923706055,20.079999923706055,223.0
2024-07-03 10:21:00,FOLD,9.944999694824219,9.944999694824219,9.949999809265137,9.944999694824219,9.949999809265137,1344.0
2024-07-03 10:21:00,FULC,6.130000114440918,6.130000114440918,6.130000114440918,6.119999885559082,6.119999885559082,1840.0
2024-07-03 10:21:00,GALT,2.190000057220459,2.190000057220459,2.190000057220459,2.180000066757202,2.180000066757202,1119.0
2024-07-03 10:21:00,GANX,1.184999942779541,1.184999942779541,1.184999942779541,1.184999942779541,1.184999942779541,62.0
2024-07-03 10:21:00,GDRX,7.800000190734863,7.800000190734863,7.800000190734863,7.789999961853027,7.789999961853027,3318.0
2024-07-03 10:21:00,GERN,4.375,4.375,4.380000114440918,4.369999885559082,4.380000114440918,11819.0
2024-07-03 10:21:00,GH,28.700000762939453,28.700000762939453,28.700000762939453,28.635000228881836,28.635000228881836,2945.0
2024-07-03 10:21:00,GHRS,11.59000015258789,11.59000015258789,11.65999984741211,11.520000457763672,11.65999984741211,2657.0
2024-07-03 10:21:00,GILD,67.19000244140625,67.19000244140625,67.20999908447266,67.1500015258789,67.18499755859375,7786.0
2024-07-03 10:21:00,GLSI,17.145000457763672,17.145000457763672,17.145000457763672,17.145000457763672,17.145000457763672,257.0
2024-07-03 10:21:00,GLYC,0.2671000063419342,0.2671000063419342,0.2671000063419342,0.2671000063419342,0.2671000063419342,4186.0
2024-07-03 10:21:00,GMAB,25.145000457763672,25.145000457763672,25.152700424194336,25.1299991607666,25.139999389648438,5051.0
2024-07-03 10:21:00,GOSS,0.9484999775886536,0.9484999775886536,0.9484999775886536,0.9480000138282776,0.9480000138282776,3168.0
2024-07-03 10:21:00,GOVX,3.109999895095825,3.109999895095825,3.109999895095825,3.109999895095825,3.109999895095825,216.0
2024-07-03 10:21:00,GRFS,6.664999961853027,6.664999961853027,6.670000076293945,6.664999961853027,6.670000076293945,2440.0
2024-07-03 10:21:00,GRTS,0.5619000196456909,0.5619000196456909,0.5645999908447266,0.5590000152587891,0.5645999908447266,64486.0
2024-07-03 10:21:00,GTHX,2.5450000762939453,2.5450000762939453,2.5450000762939453,2.5450000762939453,2.5450000762939453,842.0
2024-07-03 10:21:00,HALO,51.375,51.375,51.375,51.36050033569336,51.36050033569336,561.0
2024-07-03 10:21:00,HCAT,6.150000095367432,6.150000095367432,6.150000095367432,6.150000095367432,6.150000095367432,2400.0
2024-07-03 10:21:00,HITI,2.0999999046325684,2.0999999046325684,2.1050000190734863,2.0999999046325684,2.0999999046325684,20607.0
2024-07-03 10:21:00,HOLX,73.16000366210938,73.16000366210938,73.16000366210938,73.13999938964844,73.15499877929688,10391.0
2024-07-03 10:21:00,HQY,83.5199966430664,83.5199966430664,83.61000061035156,83.5,83.5999984741211,2546.0
2024-07-03 10:21:00,HROW,22.020000457763672,22.020000457763672,22.020000457763672,21.899999618530273,21.899999618530273,2023.0
2024-07-03 10:21:00,HRTX,2.815000057220459,2.815000057220459,2.819999933242798,2.809999942779541,2.819999933242798,11812.0
2024-07-03 10:21:00,HSIC,65.30999755859375,65.30999755859375,65.30999755859375,65.1500015258789,65.2300033569336,5260.0
2024-07-03 10:21:00,HUGE,0.14669999480247498,0.14669999480247498,0.1469999998807907,0.14669999480247498,0.1469999998807907,1042.0
2024-07-03 10:21:00,HUMA,5.71999979019165,5.71999979019165,5.735000133514404,5.695000171661377,5.7067999839782715,8041.0
2024-07-03 10:21:00,HYPR,0.9487000107765198,0.9487000107765198,0.9487000107765198,0.9300000071525574,0.9300000071525574,29723.0
2024-07-03 10:21:00,IART,29.030000686645508,29.030000686645508,29.030000686645508,28.954999923706055,28.954999923706055,7737.0
2024-07-03 10:21:00,IBRX,6.309999942779541,6.309999942779541,6.309999942779541,6.28000020980835,6.280099868774414,6190.0
2024-07-03 10:21:00,ICLR,320.0,320.0,320.0,319.94000244140625,319.94000244140625,768.0
2024-07-03 10:21:00,IFRX,1.6792000532150269,1.6792000532150269,1.6792000532150269,1.6792000532150269,1.6792000532150269,200.0
2024-07-03 10:21:00,IGMS,6.534999847412109,6.534999847412109,6.550000190734863,6.534999847412109,6.550000190734863,2459.0
2024-07-03 10:21:00,IKNA,1.649999976158142,1.649999976158142,1.649999976158142,1.649999976158142,1.649999976158142,200.0
2024-07-03 10:21:00,ILMN,106.09500122070312,106.09500122070312,106.11000061035156,106.08999633789062,106.11000061035156,1283.0
2024-07-03 10:21:00,IMAB,1.5750000476837158,1.5750000476837158,1.5750000476837158,1.5750000476837158,1.5750000476837158,867.0
2024-07-03 10:21:00,IMCC,0.45649999380111694,0.45649999380111694,0.47929999232292175,0.4465999901294708,0.4465999901294708,24146.0
2024-07-03 10:21:00,IMCR,35.9900016784668,35.9900016784668,35.9900016784668,35.9900016784668,35.9900016784668,296.0
2024-07-03 10:21:00,IMMP,1.9500000476837158,1.9500000476837158,1.9500000476837158,1.9500000476837158,1.9500000476837158,130.0
2024-07-03 10:21:00,IMNM,12.149999618530273,12.149999618530273,12.149999618530273,12.140800476074219,12.149999618530273,1397.0
2024-07-03 10:21:00,IMUX,1.1117000579833984,1.1117000579833984,1.1117000579833984,1.1117000579833984,1.1117000579833984,3976.0
2024-07-03 10:21:00,INCY,58.209999084472656,58.209999084472656,58.2599983215332,58.209999084472656,58.2599983215332,2089.0
2024-07-03 10:21:00,INKT,0.9079999923706055,0.9079999923706055,0.9079999923706055,0.9079999923706055,0.9079999923706055,621.0
2024-07-03 10:21:00,INMD,17.780000686645508,17.780000686645508,17.799999237060547,17.780000686645508,17.780000686645508,9472.0
2024-07-03 10:21:00,INO,8.48550033569336,8.48550033569336,8.48550033569336,8.48550033569336,8.48550033569336,498.0
2024-07-03 10:21:00,INSM,63.97999954223633,63.97999954223633,64.0,63.970001220703125,64.0,1450.0
2024-07-03 10:21:00,INZY,4.5447001457214355,4.5447001457214355,4.5447001457214355,4.5447001457214355,4.5447001457214355,440.0
2024-07-03 10:21:00,IONS,45.18000030517578,45.18000030517578,45.18000030517578,45.07500076293945,45.07500076293945,3962.0
2024-07-03 10:21:00,IOVA,7.795000076293945,7.795000076293945,7.800000190734863,7.775000095367432,7.800000190734863,13369.0
2024-07-03 10:21:00,IRTC,93.5199966430664,93.5199966430664,93.5199966430664,93.08000183105469,93.31999969482422,3611.0
2024-07-03 10:21:00,IRWD,6.244999885559082,6.244999885559082,6.25,6.244999885559082,6.25,865.0
2024-07-03 10:21:00,ISRG,434.57501220703125,434.57501220703125,434.57501220703125,434.1099853515625,434.1099853515625,3856.0
2024-07-03 10:21:00,ITCI,68.1500015258789,68.1500015258789,68.26000213623047,68.1500015258789,68.26000213623047,2343.0
2024-07-03 10:21:00,IVVD,1.1349999904632568,1.1349999904632568,1.1349999904632568,1.125,1.125,1466.0
2024-07-03 10:21:00,IXHL,2.75,2.75,2.7548999786376953,2.75,2.7548999786376953,499.0
2024-07-03 10:21:00,JANX,38.790000915527344,38.790000915527344,38.904998779296875,38.790000915527344,38.904998779296875,2132.0
2024-07-03 10:21:00,JAZZ,104.76000213623047,104.76000213623047,104.88500213623047,104.76000213623047,104.88500213623047,521.0
2024-07-03 10:21:00,KALV,11.718500137329102,11.718500137329102,11.718500137329102,11.718500137329102,11.718500137329102,472.0
2024-07-03 10:21:00,KNSA,18.969999313354492,18.969999313354492,18.969999313354492,18.969999313354492,18.969999313354492,1206.0
2024-07-03 10:21:00,KPRX,4.400000095367432,4.400000095367432,4.400000095367432,4.349999904632568,4.349999904632568,1459.0
2024-07-03 10:21:00,KPTI,0.8476999998092651,0.8476999998092651,0.8476999998092651,0.8476999998092651,0.8476999998092651,306.0
2024-07-03 10:21:00,KRMD,2.305000066757202,2.305000066757202,2.305000066757202,2.305000066757202,2.305000066757202,276.0
2024-07-03 10:21:00,KROS,43.060001373291016,43.060001373291016,43.1150016784668,43.060001373291016,43.1150016784668,4983.0
2024-07-03 10:21:00,KTRA,0.27149999141693115,0.27149999141693115,0.27149999141693115,0.27140000462532043,0.27140000462532043,1590.0
2024-07-03 10:21:00,KZR,0.5727999806404114,0.5727999806404114,0.573199987411499,0.5727999806404114,0.5730999708175659,549.0
2024-07-03 10:21:00,LAB,1.8049999475479126,1.8049999475479126,1.8049999475479126,1.7999999523162842,1.8049999475479126,1294.0
2024-07-03 10:21:00,LBPH,31.8799991607666,31.8799991607666,31.899999618530273,31.735000610351562,31.735000610351562,3187.0
2024-07-03 10:21:00,LEGN,45.16999816894531,45.16999816894531,45.16999816894531,45.1150016784668,45.1150016784668,1188.0
2024-07-03 10:21:00,LFMD,6.769999980926514,6.769999980926514,6.784999847412109,6.769999980926514,6.784999847412109,1691.0
2024-07-03 10:21:00,LFST,5.125,5.125,5.130000114440918,5.125,5.130000114440918,1843.0
2024-07-03 10:21:00,LGVN,1.6349999904632568,1.6349999904632568,1.6349999904632568,1.6349999904632568,1.6349999904632568,200.0
2024-07-03 10:21:00,LIVN,52.79999923706055,52.79999923706055,52.84000015258789,52.79999923706055,52.84000015258789,1363.0
2024-07-03 10:21:00,LOGC,5.739999771118164,5.739999771118164,5.75,5.739999771118164,5.75,430.0
2024-07-03 10:21:00,LPTX,1.8200000524520874,1.8200000524520874,1.8200000524520874,1.8200000524520874,1.8200000524520874,187.0
2024-07-03 10:21:00,LQDA,12.15410041809082,12.15410041809082,12.15410041809082,12.15410041809082,12.15410041809082,993.0
2024-07-03 10:21:00,LRMR,7.769999980926514,7.769999980926514,7.769999980926514,7.760000228881836,7.760000228881836,915.0
2024-07-03 10:21:00,LSTA,3.4700000286102295,3.4700000286102295,3.631200075149536,3.4700000286102295,3.631200075149536,1511.0
2024-07-03 10:21:00,LUCY,0.4781999886035919,0.4781999886035919,0.47839999198913574,0.4722000062465668,0.47839999198913574,17870.0
2024-07-03 10:21:00,LXRX,1.6394000053405762,1.6394000053405762,1.6394000053405762,1.6349999904632568,1.6394000053405762,3606.0
2024-07-03 10:21:00,LYEL,1.4804999828338623,1.4804999828338623,1.4804999828338623,1.4804999828338623,1.4804999828338623,1485.0
2024-07-03 10:21:00,LYRA,0.2865000069141388,0.2865000069141388,0.2865000069141388,0.2854999899864197,0.2854999899864197,3203.0
2024-07-03 10:21:00,MASI,113.69999694824219,113.69999694824219,113.69999694824219,113.30000305175781,113.30000305175781,4973.0
2024-07-03 10:21:00,MASS,4.809999942779541,4.809999942779541,4.809999942779541,4.809999942779541,4.809999942779541,140.0
2024-07-03 10:21:00,MBIO,0.5259000062942505,0.5259000062942505,0.5259000062942505,0.5202000141143799,0.5202000141143799,12365.0
2024-07-03 10:21:00,MBOT,1.0870000123977661,1.0870000123977661,1.0870000123977661,1.0870000123977661,1.0870000123977661,253.0
2024-07-03 10:21:00,MCRB,0.703000009059906,0.703000009059906,0.7069000005722046,0.703000009059906,0.7069000005722046,2419.0
2024-07-03 10:21:00,MDGL,272.0150146484375,272.0150146484375,272.0150146484375,272.0150146484375,272.0150146484375,535.0
2024-07-03 10:21:00,MDXG,6.795000076293945,6.795000076293945,6.795000076293945,6.78000020980835,6.78000020980835,2449.0
2024-07-03 10:21:00,ME,0.40119999647140503,0.40119999647140503,0.40209999680519104,0.40119999647140503,0.40209999680519104,7813.0
2024-07-03 10:21:00,MGNX,4.309999942779541,4.309999942779541,4.309999942779541,4.289999961853027,4.309999942779541,13454.0
2024-07-03 10:21:00,MIRM,34.26499938964844,34.26499938964844,34.26499938964844,34.26499938964844,34.26499938964844,328.0
2024-07-03 10:21:00,MNKD,5.184999942779541,5.184999942779541,5.190000057220459,5.184999942779541,5.184999942779541,2367.0
2024-07-03 10:21:00,MNMD,7.240099906921387,7.240099906921387,7.240099906921387,7.240099906921387,7.240099906921387,585.0
2024-07-03 10:21:00,MODV,27.5,27.5,27.5049991607666,27.280000686645508,27.5,3323.0
2024-07-03 10:21:00,MORF,32.17789840698242,32.17789840698242,32.17789840698242,32.13999938964844,32.13999938964844,1014.0
2024-07-03 10:21:00,MREO,3.501499891281128,3.501499891281128,3.501499891281128,3.501499891281128,3.501499891281128,272.0
2024-07-03 10:21:00,MRNA,118.22000122070312,118.22000122070312,118.23999786376953,118.0999984741211,118.11000061035156,5451.0
2024-07-03 10:21:00,MRNS,1.2300000190734863,1.2300000190734863,1.2300000190734863,1.225000023841858,1.225000023841858,729.0
2024-07-03 10:21:00,MRSN,1.909999966621399,1.909999966621399,1.909999966621399,1.909999966621399,1.909999966621399,600.0
2024-07-03 10:21:00,MRVI,6.815000057220459,6.815000057220459,6.815000057220459,6.809999942779541,6.809999942779541,1293.0
2024-07-03 10:21:00,MXCT,3.7149999141693115,3.7149999141693115,3.7149999141693115,3.7149999141693115,3.7149999141693115,569.0
2024-07-03 10:21:00,MYGN,25.600000381469727,25.600000381469727,25.600000381469727,25.584999084472656,25.600000381469727,7151.0
2024-07-03 10:21:00,NBIX,138.50999450683594,138.50999450683594,138.50999450683594,138.50999450683594,138.50999450683594,836.0
2024-07-03 10:21:00,NDRA,0.08399999886751175,0.08399999886751175,0.08479999750852585,0.08399999886751175,0.08479999750852585,6695.0
2024-07-03 10:21:00,NEOG,15.21500015258789,15.21500015258789,15.220000267028809,15.21500015258789,15.220000267028809,985.0
2024-07-03 10:21:00,NKTR,1.2300000190734863,1.2300000190734863,1.2300000190734863,1.225000023841858,1.2300000190734863,703.0
2024-07-03 10:21:00,NKTX,5.53000020980835,5.53000020980835,5.53000020980835,5.53000020980835,5.53000020980835,781.0
2024-07-03 10:21:00,NLSP,0.20679999887943268,0.20679999887943268,0.20679999887943268,0.20160000026226044,0.20160000026226044,4860.0
2024-07-03 10:21:00,NNOX,7.199999809265137,7.199999809265137,7.224999904632568,7.199999809265137,7.224999904632568,6429.0
2024-07-03 10:21:00,NRIX,19.780000686645508,19.780000686645508,19.804899215698242,19.760000228881836,19.790000915527344,1160.0
2024-07-03 10:21:00,NRSN,1.3798999786376953,1.3798999786376953,1.3798999786376953,1.3300000429153442,1.3300000429153442,22151.0
2024-07-03 10:21:00,NTLA,22.920000076293945,22.920000076293945,22.93000030517578,22.81999969482422,22.856000900268555,11088.0
2024-07-03 10:21:00,NTRA,112.2699966430664,112.2699966430664,112.30000305175781,112.18000030517578,112.22000122070312,3339.0
2024-07-03 10:21:00,NUTX,5.414999961853027,5.414999961853027,5.440000057220459,5.414999961853027,5.440000057220459,789.0
2024-07-03 10:21:00,NVAX,13.140000343322754,13.140000343322754,13.149999618530273,13.130000114440918,13.149999618530273,6557.0
2024-07-03 10:21:00,NVCR,16.924999237060547,16.924999237060547,16.924999237060547,16.924999237060547,16.924999237060547,1493.0
2024-07-03 10:21:00,NVCT,6.34499979019165,6.34499979019165,6.34499979019165,6.34499979019165,6.34499979019165,204.0
2024-07-03 10:21:00,NXL,1.409999966621399,1.409999966621399,1.409999966621399,1.4000999927520752,1.4000999927520752,1695.0
2024-07-03 10:21:00,NXTC,1.590000033378601,1.590000033378601,1.590000033378601,1.5700000524520874,1.590000033378601,1757.0
2024-07-03 10:21:00,OCGN,1.684999942779541,1.684999942779541,1.690000057220459,1.6799999475479126,1.684999942779541,8426.0
2024-07-03 10:21:00,OCUL,6.889999866485596,6.889999866485596,6.914999961853027,6.889999866485596,6.914999961853027,3468.0
2024-07-03 10:21:00,OGI,1.5999000072479248,1.5999000072479248,1.5999000072479248,1.5999000072479248,1.5999000072479248,1989.0
2024-07-03 10:21:00,OLK,25.774999618530273,25.774999618530273,25.774999618530273,25.760000228881836,25.774999618530273,4543.0
2024-07-03 10:21:00,OLMA,10.779999732971191,10.779999732971191,10.789999961853027,10.75,10.75,3420.0
2024-07-03 10:21:00,OM,3.7941999435424805,3.7941999435424805,3.7941999435424805,3.7941999435424805,3.7941999435424805,775.0
2024-07-03 10:21:00,OMCL,26.280000686645508,26.280000686645508,26.280000686645508,26.280000686645508,26.280000686645508,737.0
2024-07-03 10:21:00,OMGA,2.065000057220459,2.065000057220459,2.065000057220459,2.065000057220459,2.065000057220459,348.0
2024-07-03 10:21:00,ONVO,0.7620000243186951,0.7620000243186951,0.7620000243186951,0.7620000243186951,0.7620000243186951,1000.0
2024-07-03 10:22:00,ABCL,2.8010001182556152,2.8010001182556152,2.8010001182556152,2.8010001182556152,2.8010001182556152,1065.0
2024-07-03 10:22:00,ABEO,4.309999942779541,4.309999942779541,4.309999942779541,4.309999942779541,4.309999942779541,200.0
2024-07-03 10:22:00,ABSI,3.2100000381469727,3.2100000381469727,3.2100000381469727,3.200000047683716,3.200000047683716,2565.0
2024-07-03 10:22:00,ABUS,3.194999933242798,3.194999933242798,3.194999933242798,3.194999933242798,3.194999933242798,2569.0
2024-07-03 10:22:00,ACAD,15.819999694824219,15.819999694824219,15.819999694824219,15.819999694824219,15.819999694824219,1123.0
2024-07-03 10:22:00,ACB,4.96999979019165,4.96999979019165,4.96999979019165,4.954999923706055,4.965000152587891,25298.0
2024-07-03 10:22:00,ACCD,3.5450000762939453,3.5450000762939453,3.555000066757202,3.5450000762939453,3.555000066757202,5356.0
2024-07-03 10:22:00,ACET,1.059999942779541,1.059999942779541,1.059999942779541,1.059999942779541,1.059999942779541,1421.0
2024-07-03 10:22:00,ACHC,66.08000183105469,66.08000183105469,66.08000183105469,66.08000183105469,66.08000183105469,164.0
2024-07-03 10:22:00,ACHV,4.639999866485596,4.639999866485596,4.639999866485596,4.639999866485596,4.639999866485596,328.0
2024-07-03 10:22:00,ACRS,1.159999966621399,1.159999966621399,1.1699999570846558,1.159999966621399,1.159999966621399,1265.0
2024-07-03 10:22:00,ADAP,1.0399999618530273,1.0399999618530273,1.0499999523162842,1.0399999618530273,1.0449999570846558,2105.0
2024-07-03 10:22:00,ADMA,11.454999923706055,11.454999923706055,11.460000038146973,11.454999923706055,11.460000038146973,1888.0
2024-07-03 10:22:00,ADPT,3.384999990463257,3.384999990463257,3.390000104904175,3.384999990463257,3.384999990463257,1732.0
2024-07-03 10:22:00,ADUS,117.75,117.75,117.75,117.40499877929688,117.40499877929688,2477.0
2024-07-03 10:22:00,AEMD,0.42419999837875366,0.42419999837875366,0.42419999837875366,0.42419999837875366,0.42419999837875366,2250.0
2024-07-03 10:22:00,AGEN,14.819999694824219,14.819999694824219,14.819999694824219,14.819999694824219,14.819999694824219,452.0
2024-07-03 10:22:00,AHCO,9.819999694824219,9.819999694824219,9.819999694824219,9.805000305175781,9.805000305175781,986.0
2024-07-03 10:22:00,AKAN,2.2899999618530273,2.2899999618530273,2.2899999618530273,2.265000104904175,2.265000104904175,6452.0
2024-07-03 10:22:00,AKBA,0.9588000178337097,0.9588000178337097,0.9588000178337097,0.957099974155426,0.957099974155426,2671.0
2024-07-03 10:22:00,AKYA,2.184999942779541,2.184999942779541,2.190000057220459,2.180000066757202,2.190000057220459,5440.0
2024-07-03 10:22:00,ALGN,238.8300018310547,238.8300018310547,238.8300018310547,237.6699981689453,237.6699981689453,4058.0
2024-07-03 10:22:00,ALHC,7.980000019073486,7.980000019073486,7.985000133514404,7.980000019073486,7.985000133514404,676.0
2024-07-03 10:22:00,ALKS,24.489999771118164,24.489999771118164,24.489999771118164,24.489999771118164,24.489999771118164,129.0
2024-07-03 10:22:00,ALLK,0.8586000204086304,0.8586000204086304,0.8586000204086304,0.8586000204086304,0.8586000204086304,210.0
2024-07-03 10:22:00,ALLO,2.1500000953674316,2.1500000953674316,2.1549999713897705,2.1500000953674316,2.1549999713897705,863.0
2024-07-03 10:22:00,ALLR,0.20730000734329224,0.20730000734329224,0.20730000734329224,0.20730000734329224,0.20730000734329224,550.0
2024-07-03 10:22:00,ALNY,247.91000366210938,247.91000366210938,247.91000366210938,247.59500122070312,247.59500122070312,1847.0
2024-07-03 10:22:00,ALT,6.849999904632568,6.849999904632568,6.880000114440918,6.849999904632568,6.875,2902.0
2024-07-03 10:22:00,ALXO,6.079999923706055,6.079999923706055,6.090000152587891,6.059999942779541,6.065000057220459,3522.0
2024-07-03 10:22:00,AMED,96.73999786376953,96.73999786376953,96.73999786376953,96.72000122070312,96.72000122070312,8502.0
2024-07-03 10:22:00,AMGN,311.25,311.25,311.29998779296875,310.9649963378906,310.9649963378906,1421.0
2024-07-03 10:22:00,AMLX,1.7899999618530273,1.7899999618530273,1.7899999618530273,1.784999966621399,1.784999966621399,13827.0
2024-07-03 10:22:00,AMPH,38.34000015258789,38.34000015258789,38.34000015258789,38.34000015258789,38.34000015258789,1331.0
2024-07-03 10:22:00,ANAB,25.290000915527344,25.290000915527344,25.290000915527344,25.2549991607666,25.2549991607666,16364.0
2024-07-03 10:22:00,ANGO,5.699999809265137,5.699999809265137,5.699999809265137,5.679999828338623,5.679999828338623,1099.0
2024-07-03 10:22:00,ANNX,4.860000133514404,4.860000133514404,4.860000133514404,4.849999904632568,4.860000133514404,1343.0
2024-07-03 10:22:00,ANTX,2.5399999618530273,2.5399999618530273,2.5399999618530273,2.5399999618530273,2.5399999618530273,494.0
2024-07-03 10:22:00,APLS,36.5099983215332,36.5099983215332,36.54499816894531,36.400001525878906,36.54499816894531,3774.0
2024-07-03 10:22:00,APLT,4.434999942779541,4.434999942779541,4.434999942779541,4.429999828338623,4.429999828338623,1068.0
2024-07-03 10:22:00,APYX,1.3700000047683716,1.3700000047683716,1.3700000047683716,1.3700000047683716,1.3700000047683716,934.0
2024-07-03 10:22:00,AQST,2.430000066757202,2.430000066757202,2.430000066757202,2.430000066757202,2.430000066757202,710.0
2024-07-03 10:22:00,ARCT,22.18000030517578,22.18000030517578,22.18000030517578,22.170000076293945,22.170000076293945,1370.0
2024-07-03 10:22:00,ARDX,5.255000114440918,5.255000114440918,5.264999866485596,5.244999885559082,5.255000114440918,27540.0
2024-07-03 10:22:00,ARGX,436.1600036621094,436.1600036621094,436.1600036621094,436.1600036621094,436.1600036621094,109.0
2024-07-03 10:22:00,ARQT,9.550000190734863,9.550000190734863,9.572500228881836,9.53499984741211,9.569999694824219,12434.0
2024-07-03 10:22:00,ARVN,25.024999618530273,25.024999618530273,25.059999465942383,25.020000457763672,25.020000457763672,2776.0
2024-07-03 10:22:00,ASND,136.55999755859375,136.55999755859375,136.67999267578125,136.0,136.5,16322.0
2024-07-03 10:22:00,ASRT,1.2999999523162842,1.2999999523162842,1.3099000453948975,1.2999999523162842,1.2999999523162842,3820.0
2024-07-03 10:22:00,ATAI,1.315000057220459,1.315000057220459,1.315000057220459,1.315000057220459,1.315000057220459,891.0
2024-07-03 10:22:00,ATEC,9.979999542236328,9.979999542236328,9.984999656677246,9.979999542236328,9.984999656677246,3294.0
2024-07-03 10:22:00,ATOS,1.159999966621399,1.159999966621399,1.1699999570846558,1.159999966621399,1.1699999570846558,1244.0
2024-07-03 10:22:00,ATRC,22.31999969482422,22.31999969482422,22.31999969482422,22.21500015258789,22.21500015258789,945.0
2024-07-03 10:22:00,AUGX,0.9951000213623047,0.9951000213623047,1.0,0.9951000213623047,1.0,9532.0
2024-07-03 10:22:00,AUPH,5.525000095367432,5.525000095367432,5.525000095367432,5.525000095367432,5.525000095367432,419.0
2024-07-03 10:22:00,AUTL,3.484999895095825,3.484999895095825,3.484999895095825,3.484999895095825,3.484999895095825,547.0
2024-07-03 10:22:00,AVDL,14.260000228881836,14.260000228881836,14.260000228881836,14.25,14.25,775.0
2024-07-03 10:22:00,AVTE,1.625,1.625,1.625,1.625,1.625,210.0
2024-07-03 10:22:00,AVXL,4.260000228881836,4.260000228881836,4.260000228881836,4.260000228881836,4.260000228881836,1026.0
2024-07-03 10:22:00,AWH,1.0003999471664429,1.0003999471664429,1.0003999471664429,1.0003999471664429,1.0003999471664429,416.0
2024-07-03 10:22:00,AXNX,67.38749694824219,67.38749694824219,67.3949966430664,67.3499984741211,67.3499984741211,527.0
2024-07-03 10:22:00,AXSM,80.07499694824219,80.07499694824219,80.12999725341797,80.0,80.06999969482422,7474.0
2024-07-03 10:22:00,AZN,76.80999755859375,76.80999755859375,76.80999755859375,76.7699966430664,76.7750015258789,9896.0
2024-07-03 10:22:00,AZTA,52.61000061035156,52.61000061035156,52.630001068115234,52.61000061035156,52.630001068115234,1689.0
2024-07-03 10:22:00,BCRX,6.695000171661377,6.695000171661377,6.695000171661377,6.690999984741211,6.690999984741211,1391.0
2024-07-03 10:22:00,BCYC,19.864999771118164,19.864999771118164,19.864999771118164,19.864999771118164,19.864999771118164,522.0
2024-07-03 10:22:00,BDTX,4.215000152587891,4.215000152587891,4.230000019073486,4.215000152587891,4.230000019073486,1937.0
2024-07-03 10:22:00,BEAM,23.770000457763672,23.770000457763672,23.809999465942383,23.684999465942383,23.809999465942383,6858.0
2024-07-03 10:22:00,BGNE,147.83999633789062,147.83999633789062,148.10000610351562,147.83999633789062,148.10000610351562,1044.0
2024-07-03 10:22:00,BIIB,225.77110290527344,225.77110290527344,225.85499572753906,225.77110290527344,225.85499572753906,928.0
2024-07-03 10:22:00,BIVI,0.4171999990940094,0.4171999990940094,0.4171999990940094,0.4171999990940094,0.4171999990940094,0.0
2024-07-03 10:22:00,BLFS,20.229999542236328,20.229999542236328,20.260000228881836,20.229999542236328,20.260000228881836,2948.0
2024-07-03 10:22:00,BLUE,0.9451000094413757,0.9451000094413757,0.9451000094413757,0.9352999925613403,0.9352999925613403,24447.0
2024-07-03 10:22:00,BMRN,81.80999755859375,81.80999755859375,81.84500122070312,81.7699966430664,81.83999633789062,1791.0
2024-07-03 10:22:00,BNGO,0.5519999861717224,0.5519999861717224,0.5519999861717224,0.5519999861717224,0.5519999861717224,9176.0
2024-07-03 10:22:00,BNTX,80.8499984741211,80.8499984741211,80.86000061035156,80.8499984741211,80.86000061035156,655.0
2024-07-03 10:22:00,BPMC,111.85269927978516,111.85269927978516,111.85269927978516,111.85269927978516,111.85269927978516,1232.0
2024-07-03 10:22:00,BRKR,62.19499969482422,62.19499969482422,62.19499969482422,62.18000030517578,62.18000030517578,806.0
2024-07-03 10:22:00,BRTX,1.9550000429153442,1.9550000429153442,1.9550000429153442,1.9550000429153442,1.9550000429153442,0.0
2024-07-03 10:22:00,BTAI,1.0800000429153442,1.0800000429153442,1.0800000429153442,1.0800000429153442,1.0800000429153442,166.0
2024-07-03 10:22:00,BVS,6.135000228881836,6.135000228881836,6.159999847412109,6.110000133514404,6.110000133514404,11881.0
2024-07-03 10:22:00,CABA,7.78000020980835,7.78000020980835,7.78000020980835,7.78000020980835,7.78000020980835,665.0
2024-07-03 10:22:00,CCCC,4.804999828338623,4.804999828338623,4.809999942779541,4.800000190734863,4.800000190734863,5616.0
2024-07-03 10:22:00,CCRN,13.760000228881836,13.760000228881836,13.760000228881836,13.760000228881836,13.760000228881836,154.0
2024-07-03 10:22:00,CDMO,7.632500171661377,7.632500171661377,7.659999847412109,7.619999885559082,7.65500020980835,7604.0
2024-07-03 10:22:00,CDXC,2.5999999046325684,2.5999999046325684,2.609999895095825,2.5999999046325684,2.609999895095825,458.0
2024-07-03 10:22:00,CELZ,3.650099992752075,3.650099992752075,3.650099992752075,3.650099992752075,3.650099992752075,1000.0
2024-07-03 10:22:00,CERE,41.290000915527344,41.290000915527344,41.290000915527344,41.27000045776367,41.290000915527344,7674.0
2024-07-03 10:22:00,CERS,1.725000023841858,1.725000023841858,1.725000023841858,1.725000023841858,1.725000023841858,3152.0
2024-07-03 10:22:00,CERT,13.845000267028809,13.845000267028809,13.845000267028809,13.845000267028809,13.845000267028809,679.0
2024-07-03 10:22:00,CGC,6.829899787902832,6.829899787902832,6.840000152587891,6.800000190734863,6.809999942779541,13055.0
2024-07-03 10:22:00,CGEM,17.06999969482422,17.06999969482422,17.06999969482422,17.06999969482422,17.06999969482422,323.0
2024-07-03 10:22:00,CGEN,1.6699999570846558,1.6699999570846558,1.6699999570846558,1.6699999570846558,1.6699999570846558,200.0
2024-07-03 10:22:00,CGTX,1.7999999523162842,1.7999999523162842,1.7999999523162842,1.7999999523162842,1.7999999523162842,200.0
2024-07-03 10:22:00,CHRS,1.440000057220459,1.440000057220459,1.440000057220459,1.440000057220459,1.440000057220459,620.0
2024-07-03 10:22:00,CKPT,2.339400053024292,2.339400053024292,2.3499999046325684,2.319999933242798,2.335200071334839,16435.0
2024-07-03 10:22:00,CLDX,37.22999954223633,37.22999954223633,37.22999954223633,37.22999954223633,37.22999954223633,101.0
2024-07-03 10:22:00,CLNN,0.3285999894142151,0.3285999894142151,0.33230000734329224,0.3285999894142151,0.33230000734329224,21070.0
2024-07-03 10:22:00,CLOV,1.2649999856948853,1.2649999856948853,1.2699999809265137,1.26010000705719,1.26010000705719,3030.0
2024-07-03 10:22:00,CLPT,5.269999980926514,5.269999980926514,5.269999980926514,5.269999980926514,5.269999980926514,395.0
2024-07-03 10:22:00,CMPS,6.264999866485596,6.264999866485596,6.264999866485596,6.253699779510498,6.264999866485596,1470.0
2024-07-03 10:22:00,CMPX,0.8500000238418579,0.8500000238418579,0.8500000238418579,0.8500000238418579,0.8500000238418579,100.0
2024-07-03 10:22:00,CNSP,2.1500000953674316,2.1500000953674316,2.170099973678589,2.140000104904175,2.1549999713897705,71594.0
2024-07-03 10:22:00,CODX,1.2699999809265137,1.2699999809265137,1.2699999809265137,1.2699999809265137,1.2699999809265137,2000.0
2024-07-03 10:22:00,COSM,0.9599999785423279,0.9599999785423279,0.9599999785423279,0.9599999785423279,0.9599999785423279,3895.0
2024-07-03 10:22:00,CPRX,15.733699798583984,15.733699798583984,15.733699798583984,15.733699798583984,15.733699798583984,354.0
2024-07-03 10:22:00,CRBU,1.6299999952316284,1.6299999952316284,1.6299999952316284,1.625,1.625,21710.0
2024-07-03 10:22:00,CRDF,2.237499952316284,2.237499952316284,2.237499952316284,2.234999895095825,2.234999895095825,575.0
2024-07-03 10:22:00,CRMD,4.170100212097168,4.170100212097168,4.170100212097168,4.170100212097168,4.170100212097168,880.0
2024-07-03 10:22:00,CRNX,45.310001373291016,45.310001373291016,45.41999816894531,45.310001373291016,45.41999816894531,585.0
2024-07-03 10:22:00,CRON,2.3450000286102295,2.3450000286102295,2.3450000286102295,2.3450000286102295,2.3450000286102295,461.0
2024-07-03 10:22:00,CRSP,54.58000183105469,54.58000183105469,54.666900634765625,54.52000045776367,54.56999969482422,15752.0
2024-07-03 10:22:00,CRVS,1.8200000524520874,1.8200000524520874,1.8200000524520874,1.8200000524520874,1.8200000524520874,13.0
2024-07-03 10:22:00,CTKB,5.739999771118164,5.739999771118164,5.75,5.739999771118164,5.75,805.0
2024-07-03 10:22:00,CTMX,1.357699990272522,1.357699990272522,1.3600000143051147,1.357699990272522,1.3600000143051147,8201.0
2024-07-03 10:22:00,CTSO,0.8442000150680542,0.8442000150680542,0.8442000150680542,0.8442000150680542,0.8442000150680542,128.0
2024-07-03 10:22:00,CUE,1.0335999727249146,1.0335999727249146,1.0335999727249146,1.0335999727249146,1.0335999727249146,907.0
2024-07-03 10:22:00,CVAC,3.494999885559082,3.494999885559082,3.499799966812134,3.4800000190734863,3.4800000190734863,17434.0
2024-07-03 10:22:00,CVRX,11.734999656677246,11.734999656677246,11.734999656677246,11.734999656677246,11.734999656677246,200.0
2024-07-03 10:22:00,CYTK,54.9900016784668,54.9900016784668,55.0,54.95000076293945,55.0,1040.0
2024-07-03 10:22:00,CYTO,1.1598999500274658,1.1598999500274658,1.1598999500274658,1.1598999500274658,1.1598999500274658,2810.0
2024-07-03 10:22:00,DAWN,13.460000038146973,13.460000038146973,13.460000038146973,13.460000038146973,13.460000038146973,863.0
2024-07-03 10:22:00,DCGO,2.9200000762939453,2.9200000762939453,2.9200000762939453,2.9149999618530273,2.9149999618530273,1403.0
2024-07-03 10:22:00,DCTH,7.96999979019165,7.96999979019165,7.980000019073486,7.96999979019165,7.980000019073486,557.0
2024-07-03 10:22:00,DVAX,11.1850004196167,11.1850004196167,11.1899995803833,11.1850004196167,11.1899995803833,1226.0
2024-07-03 10:22:00,DXCM,110.62999725341797,110.62999725341797,110.6500015258789,110.51000213623047,110.54199981689453,2816.0
2024-07-03 10:22:00,DYAI,1.5750000476837158,1.5750000476837158,1.5800000429153442,1.5750000476837158,1.5800000429153442,1100.0
2024-07-03 10:22:00,DYN,35.025001525878906,35.025001525878906,35.025001525878906,35.0,35.0099983215332,803.0
2024-07-03 10:22:00,EDIT,4.710000038146973,4.710000038146973,4.710000038146973,4.695000171661377,4.699999809265137,4480.0
2024-07-03 10:22:00,ENSG,126.5199966430664,126.5199966430664,126.5199966430664,126.5199966430664,126.5199966430664,133.0
2024-07-03 10:22:00,ENTX,1.6532000303268433,1.6532000303268433,1.6532000303268433,1.6532000303268433,1.6532000303268433,652.0
2024-07-03 10:22:00,ESPR,2.390000104904175,2.390000104904175,2.390000104904175,2.384999990463257,2.384999990463257,6095.0
2024-07-03 10:22:00,ETNB,7.739999771118164,7.739999771118164,7.744999885559082,7.739999771118164,7.744999885559082,248.0
2024-07-03 10:22:00,EWTX,18.274999618530273,18.274999618530273,18.34000015258789,18.25,18.25,2780.0
2024-07-03 10:22:00,EXAI,5.389900207519531,5.389900207519531,5.389900207519531,5.369900226593018,5.369900226593018,3305.0
2024-07-03 10:22:00,EXAS,43.15999984741211,43.15999984741211,43.310001373291016,43.15999984741211,43.310001373291016,2121.0
2024-07-03 10:22:00,EXEL,22.125,22.125,22.125,22.1200008392334,22.1200008392334,1251.0
2024-07-03 10:22:00,EYEN,0.7803999781608582,0.7803999781608582,0.7803999781608582,0.7803999781608582,0.7803999781608582,270.0
2024-07-03 10:22:00,EYPT,8.430000305175781,8.430000305175781,8.430000305175781,8.399999618530273,8.404999732971191,5045.0
2024-07-03 10:22:00,FATE,3.3499999046325684,3.3499999046325684,3.3499999046325684,3.3450000286102295,3.3499999046325684,806.0
2024-07-03 10:22:00,FGEN,0.7328000068664551,0.7328000068664551,0.7330999970436096,0.730400025844574,0.730400025844574,45442.0
2024-07-03 10:22:00,FHTX,5.480000019073486,5.480000019073486,5.480000019073486,5.480000019073486,5.480000019073486,367.0
2024-07-03 10:22:00,FLGC,0.9398999810218811,0.9398999810218811,0.9398999810218811,0.9398999810218811,0.9398999810218811,600.0
2024-07-03 10:22:00,FOLD,9.944999694824219,9.944999694824219,9.944999694824219,9.9399995803833,9.9399995803833,1886.0
2024-07-03 10:22:00,FULC,6.170000076293945,6.170000076293945,6.170000076293945,6.159999847412109,6.159999847412109,742.0
2024-07-03 10:22:00,GALT,2.180000066757202,2.180000066757202,2.190000057220459,2.180000066757202,2.190000057220459,2116.0
2024-07-03 10:22:00,GANX,1.1799999475479126,1.1799999475479126,1.1799999475479126,1.1799999475479126,1.1799999475479126,200.0
2024-07-03 10:22:00,GERN,4.375,4.375,4.380000114440918,4.369999885559082,4.375,8459.0
2024-07-03 10:22:00,GH,28.6299991607666,28.6299991607666,28.65999984741211,28.6299991607666,28.65999984741211,1438.0
2024-07-03 10:22:00,GILD,67.20500183105469,67.20500183105469,67.26000213623047,67.16999816894531,67.19000244140625,28439.0
2024-07-03 10:22:00,GLTO,0.4715999960899353,0.4715999960899353,0.4715999960899353,0.4715999960899353,0.4715999960899353,0.0
2024-07-03 10:22:00,GLUE,3.75,3.75,3.75,3.75,3.75,300.0
2024-07-03 10:22:00,GLYC,0.2676999866962433,0.2676999866962433,0.2676999866962433,0.2676999866962433,0.2676999866962433,920.0
2024-07-03 10:22:00,GOSS,0.9467999935150146,0.9467999935150146,0.9478999972343445,0.9467999935150146,0.9478999972343445,2764.0
2024-07-03 10:22:00,GOVX,3.109999895095825,3.109999895095825,3.109999895095825,3.109999895095825,3.109999895095825,329.0
2024-07-03 10:22:00,GRTS,0.5609999895095825,0.5609999895095825,0.5609999895095825,0.5609999895095825,0.5609999895095825,2154.0
2024-07-03 10:22:00,HALO,51.31999969482422,51.31999969482422,51.349998474121094,51.31999969482422,51.34000015258789,1143.0
2024-07-03 10:22:00,HCM,17.5,17.5,17.510000228881836,17.5,17.510000228881836,725.0
2024-07-03 10:22:00,HITI,2.0999999046325684,2.0999999046325684,2.1050000190734863,2.0999999046325684,2.0999999046325684,826.0
2024-07-03 10:22:00,HOLX,73.2300033569336,73.2300033569336,73.2300033569336,73.22000122070312,73.22000122070312,574.0
2024-07-03 10:22:00,HQY,83.5999984741211,83.5999984741211,83.5999984741211,83.5199966430664,83.5199966430664,1876.0
2024-07-03 10:22:00,HRMY,30.389999389648438,30.389999389648438,30.389999389648438,30.325000762939453,30.375,893.0
2024-07-03 10:22:00,HROW,22.1200008392334,22.1200008392334,22.125,22.059999465942383,22.059999465942383,8706.0
2024-07-03 10:22:00,HRTX,2.815000057220459,2.815000057220459,2.819999933242798,2.815000057220459,2.819999933242798,11425.0
2024-07-03 10:22:00,HUMA,5.708700180053711,5.708700180053711,5.739999771118164,5.708700180053711,5.739999771118164,4529.0
2024-07-03 10:22:00,IART,29.06999969482422,29.06999969482422,29.06999969482422,29.06999969482422,29.06999969482422,363.0
2024-07-03 10:22:00,IBRX,6.28000020980835,6.28000020980835,6.309999942779541,6.269999980926514,6.309999942779541,6801.0
2024-07-03 10:22:00,ICLR,320.00250244140625,320.00250244140625,320.24749755859375,320.00250244140625,320.0400085449219,2260.0
2024-07-03 10:22:00,ICUI,118.30999755859375,118.30999755859375,118.30999755859375,118.30999755859375,118.30999755859375,2424.0
2024-07-03 10:22:00,IDXX,474.6499938964844,474.6499938964844,475.1499938964844,472.8999938964844,472.8999938964844,5093.0
2024-07-03 10:22:00,IKNA,1.649999976158142,1.649999976158142,1.649999976158142,1.6416000127792358,1.6416000127792358,345.0
2024-07-03 10:22:00,ILMN,106.30999755859375,106.30999755859375,106.30999755859375,106.09500122070312,106.1500015258789,2212.0
2024-07-03 10:22:00,IMAB,1.5793999433517456,1.5793999433517456,1.5793999433517456,1.5793999433517456,1.5793999433517456,102.0
2024-07-03 10:22:00,IMCC,0.47999998927116394,0.47999998927116394,0.47999998927116394,0.47999998927116394,0.47999998927116394,6000.0
2024-07-03 10:22:00,IMCR,36.0,36.0,36.0,35.91999816894531,35.91999816894531,1104.0
2024-07-03 10:22:00,IMNM,12.180000305175781,12.180000305175781,12.180000305175781,12.149999618530273,12.149999618530273,2151.0
2024-07-03 10:22:00,INCY,58.244998931884766,58.244998931884766,58.27000045776367,58.244998931884766,58.27000045776367,3774.0
2024-07-03 10:22:00,INM,0.2502000033855438,0.2502000033855438,0.2502000033855438,0.2502000033855438,0.2502000033855438,4000.0
2024-07-03 10:22:00,INO,8.550000190734863,8.550000190734863,8.550000190734863,8.470000267028809,8.479999542236328,2957.0
2024-07-03 10:22:00,INSM,63.94070053100586,63.94070053100586,63.9900016784668,63.94070053100586,63.9900016784668,1379.0
2024-07-03 10:22:00,INZY,4.549900054931641,4.549900054931641,4.549900054931641,4.549900054931641,4.549900054931641,592.0
2024-07-03 10:22:00,IONS,45.18000030517578,45.18000030517578,45.220001220703125,45.150001525878906,45.18000030517578,1593.0
2024-07-03 10:22:00,IOVA,7.800000190734863,7.800000190734863,7.804999828338623,7.789999961853027,7.800000190734863,10413.0
2024-07-03 10:22:00,IRTC,93.55500030517578,93.55500030517578,93.7300033569336,93.55500030517578,93.63999938964844,5562.0
2024-07-03 10:22:00,IRWD,6.255000114440918,6.255000114440918,6.260000228881836,6.25,6.25,1857.0
2024-07-03 10:22:00,ISRG,434.57000732421875,434.57000732421875,434.58758544921875,434.3999938964844,434.58758544921875,3004.0
2024-07-03 10:22:00,ITCI,68.21499633789062,68.21499633789062,68.21499633789062,68.16000366210938,68.16000366210938,235.0
2024-07-03 10:22:00,ITOS,14.949999809265137,14.949999809265137,14.949999809265137,14.949999809265137,14.949999809265137,576.0
2024-07-03 10:22:00,IVVD,1.1399999856948853,1.1399999856948853,1.1399999856948853,1.1399999856948853,1.1399999856948853,354.0
2024-07-03 10:22:00,IXHL,2.759999990463257,2.759999990463257,2.759999990463257,2.759999990463257,2.759999990463257,300.0
2024-07-03 10:22:00,JAZZ,104.7699966430664,104.7699966430664,104.7699966430664,104.7699966430664,104.7699966430664,274.0
2024-07-03 10:22:00,KALA,6.71560001373291,6.71560001373291,6.71560001373291,6.71560001373291,6.71560001373291,198.0
2024-07-03 10:22:00,KALV,11.739999771118164,11.739999771118164,11.739999771118164,11.729999542236328,11.729999542236328,749.0
2024-07-03 10:22:00,KIDS,30.020000457763672,30.020000457763672,30.020000457763672,30.020000457763672,30.020000457763672,598.0
2024-07-03 10:22:00,KOD,2.25,2.25,2.25,2.240000009536743,2.240000009536743,500.0
2024-07-03 10:22:00,KPTI,0.8440999984741211,0.8440999984741211,0.8476999998092651,0.8440999984741211,0.8476999998092651,3288.0
2024-07-03 10:22:00,KRON,1.159999966621399,1.159999966621399,1.159999966621399,1.159999966621399,1.159999966621399,0.0
2024-07-03 10:22:00,KROS,42.93000030517578,42.93000030517578,43.08000183105469,42.93000030517578,43.08000183105469,1773.0
2024-07-03 10:22:00,KTRA,0.2732999920845032,0.2732999920845032,0.2732999920845032,0.2732999920845032,0.2732999920845032,1913.0
2024-07-03 10:22:00,KURA,20.860000610351562,20.860000610351562,20.860000610351562,20.860000610351562,20.860000610351562,12035.0
2024-07-03 10:22:00,KYMR,30.989999771118164,30.989999771118164,30.989999771118164,30.989999771118164,30.989999771118164,218.0
2024-07-03 10:22:00,KZR,0.5727999806404114,0.5727999806404114,0.5727999806404114,0.5727999806404114,0.5727999806404114,111.0
2024-07-03 10:22:00,LAB,1.7999999523162842,1.7999999523162842,1.8086999654769897,1.7999999523162842,1.8086999654769897,948.0
2024-07-03 10:22:00,LBPH,32.095001220703125,32.095001220703125,32.119998931884766,32.029998779296875,32.119998931884766,4104.0
2024-07-03 10:22:00,LEGN,45.29999923706055,45.29999923706055,45.29999923706055,45.20199966430664,45.20199966430664,1388.0
2024-07-03 10:22:00,LFMD,6.739999771118164,6.739999771118164,6.760000228881836,6.739999771118164,6.760000228881836,1308.0
2024-07-03 10:22:00,LFST,5.130000114440918,5.130000114440918,5.130000114440918,5.130000114440918,5.130000114440918,764.0
2024-07-03 10:22:00,LGVN,1.6376999616622925,1.6376999616622925,1.6399999856948853,1.6376999616622925,1.6399999856948853,6973.0
2024-07-03 10:22:00,LIVN,52.779998779296875,52.779998779296875,52.845001220703125,52.70000076293945,52.81999969482422,5441.0
2024-07-03 10:22:00,LNTH,78.62000274658203,78.62000274658203,78.62000274658203,78.61000061035156,78.61000061035156,1116.0
2024-07-03 10:22:00,LOGC,5.739999771118164,5.739999771118164,5.739999771118164,5.739999771118164,5.739999771118164,279.0
2024-07-03 10:22:00,LPTX,1.8300000429153442,1.8300000429153442,1.8300000429153442,1.8300000429153442,1.8300000429153442,778.0
2024-07-03 10:22:00,LQDA,12.15999984741211,12.15999984741211,12.15999984741211,12.15999984741211,12.15999984741211,1791.0
2024-07-03 10:22:00,LRMR,7.775000095367432,7.775000095367432,7.775000095367432,7.775000095367432,7.775000095367432,202.0
2024-07-03 10:22:00,LTRN,4.450500011444092,4.450500011444092,4.450500011444092,4.450500011444092,4.450500011444092,200.0
2024-07-03 10:22:00,LUCY,0.4722000062465668,0.4722000062465668,0.47999998927116394,0.4722000062465668,0.4733000099658966,9741.0
2024-07-03 10:22:00,LXRX,1.6349999904632568,1.6349999904632568,1.6349999904632568,1.6349999904632568,1.6349999904632568,1288.0
2024-07-03 10:22:00,LYRA,0.2865000069141388,0.2865000069141388,0.2865000069141388,0.2865000069141388,0.2865000069141388,804.0
2024-07-03 10:22:00,MASS,4.800000190734863,4.800000190734863,4.809999942779541,4.800000190734863,4.809999942779541,1089.0
2024-07-03 10:22:00,MBIO,0.5202000141143799,0.5202000141143799,0.5202999711036682,0.5202000141143799,0.5202999711036682,4420.0
2024-07-03 10:22:00,MCRB,0.703000009059906,0.703000009059906,0.703000009059906,0.703000009059906,0.703000009059906,3446.0
2024-07-03 10:22:00,MDXG,6.800000190734863,6.800000190734863,6.800000190734863,6.800000190734863,6.800000190734863,395.0
2024-07-03 10:22:00,ME,0.4032000005245209,0.4032000005245209,0.4032000005245209,0.4032000005245209,0.4032000005245209,600.0
2024-07-03 10:22:00,MEDP,406.3999938964844,406.3999938964844,406.3999938964844,406.3999938964844,406.3999938964844,1407.0
2024-07-03 10:22:00,MGNX,4.289999961853027,4.289999961853027,4.300000190734863,4.289999961853027,4.300000190734863,3103.0
2024-07-03 10:22:00,MGTX,4.019999980926514,4.019999980926514,4.019999980926514,4.019999980926514,4.019999980926514,394.0
2024-07-03 10:22:00,MIRM,34.08000183105469,34.08000183105469,34.209999084472656,34.060001373291016,34.209999084472656,1393.0
2024-07-03 10:22:00,MMSI,85.86000061035156,85.86000061035156,85.86000061035156,85.86000061035156,85.86000061035156,581.0
2024-07-03 10:22:00,MNKD,5.184999942779541,5.184999942779541,5.184999942779541,5.180699825286865,5.184800148010254,2593.0
2024-07-03 10:22:00,MODV,27.59000015258789,27.59000015258789,27.809999465942383,27.59000015258789,27.770000457763672,3073.0
2024-07-03 10:22:00,MRNA,118.05999755859375,118.05999755859375,118.25,117.83999633789062,118.19000244140625,4889.0
2024-07-03 10:22:00,MRNS,1.2203999757766724,1.2203999757766724,1.225000023841858,1.2200000286102295,1.2200000286102295,3682.0
2024-07-03 10:22:00,MRSN,1.909999966621399,1.909999966621399,1.909999966621399,1.909999966621399,1.909999966621399,1925.0
2024-07-03 10:22:00,MRUS,53.154998779296875,53.154998779296875,53.21500015258789,53.119998931884766,53.21500015258789,1235.0
2024-07-03 10:22:00,MXCT,3.75,3.75,3.759999990463257,3.7149999141693115,3.7149999141693115,7737.0
2024-07-03 10:22:00,MYGN,25.459999084472656,25.459999084472656,25.600000381469727,25.459999084472656,25.584999084472656,4769.0
2024-07-03 10:22:00,NARI,49.599998474121094,49.599998474121094,49.689998626708984,49.56999969482422,49.56999969482422,4502.0
2024-07-03 10:22:00,NBIX,138.6300048828125,138.6300048828125,138.82000732421875,138.50999450683594,138.50999450683594,2693.0
2024-07-03 10:22:00,NDRA,0.08389999717473984,0.08389999717473984,0.08420000225305557,0.08389999717473984,0.08420000225305557,27902.0
2024-07-03 10:22:00,NEO,13.699999809265137,13.699999809265137,13.699999809265137,13.6899995803833,13.6899995803833,1439.0
2024-07-03 10:22:00,NEOG,15.260000228881836,15.260000228881836,15.260000228881836,15.220000267028809,15.220000267028809,2675.0
2024-07-03 10:22:00,NKTR,1.25,1.25,1.25,1.225000023841858,1.225000023841858,13909.0
2024-07-03 10:22:00,NKTX,5.559999942779541,5.559999942779541,5.559999942779541,5.559999942779541,5.559999942779541,1504.0
2024-07-03 10:22:00,NLSP,0.2070000022649765,0.2070000022649765,0.2070000022649765,0.20479999482631683,0.20479999482631683,1339.0
2024-07-03 10:22:00,NNOX,7.205999851226807,7.205999851226807,7.218299865722656,7.199999809265137,7.218299865722656,3388.0
2024-07-03 10:22:00,NRIX,19.889999389648438,19.889999389648438,19.889999389648438,19.854999542236328,19.8700008392334,4747.0
2024-07-03 10:22:00,NRSN,1.3700000047683716,1.3700000047683716,1.3700000047683716,1.3300000429153442,1.3300000429153442,0.0
2024-07-03 10:22:00,NTLA,22.959999084472656,22.959999084472656,22.959999084472656,22.875,22.940000534057617,6763.0
2024-07-03 10:22:00,NTRA,112.19999694824219,112.19999694824219,112.19999694824219,112.19999694824219,112.19999694824219,473.0
2024-07-03 10:22:00,NTRB,5.6255998611450195,5.6255998611450195,5.6255998611450195,5.6255998611450195,5.6255998611450195,400.0
2024-07-03 10:22:00,NVAX,13.029999732971191,13.029999732971191,13.140000343322754,13.029999732971191,13.135000228881836,10045.0
2024-07-03 10:22:00,NXL,1.409999966621399,1.409999966621399,1.4199999570846558,1.4000999927520752,1.4049999713897705,7223.0
2024-07-03 10:22:00,NXTC,1.5549999475479126,1.5549999475479126,1.5549999475479126,1.5549999475479126,1.5549999475479126,203.0
2024-07-03 10:22:00,OCGN,1.6950000524520874,1.6950000524520874,1.6950000524520874,1.684999942779541,1.684999942779541,53237.0
2024-07-03 10:22:00,OCUL,6.880000114440918,6.880000114440918,6.894999980926514,6.880000114440918,6.8927001953125,6940.0
2024-07-03 10:22:00,OCUP,1.5800000429153442,1.5800000429153442,1.5800000429153442,1.5700000524520874,1.5700000524520874,3260.0
2024-07-03 10:22:00,OGI,1.600000023841858,1.600000023841858,1.600000023841858,1.600000023841858,1.600000023841858,601.0
2024-07-03 10:22:00,OLK,25.760000228881836,25.760000228881836,25.760000228881836,25.75,25.760000228881836,3872.0
2024-07-03 10:22:00,OLMA,10.729999542236328,10.729999542236328,10.770000457763672,10.729999542236328,10.76039981842041,4388.0
2024-07-03 10:22:00,OM,3.7799999713897705,3.7799999713897705,3.7799999713897705,3.7799999713897705,3.7799999713897705,401.0
2024-07-03 10:22:00,OMGA,2.059999942779541,2.059999942779541,2.0601999759674072,2.059999942779541,2.0601999759674072,2892.0
2024-07-03 10:22:00,OMIC,8.5,8.5,8.5,8.470000267028809,8.489999771118164,627.0
2024-07-03 10:23:00,ABCL,2.805000066757202,2.805000066757202,2.805000066757202,2.805000066757202,2.805000066757202,560.0
2024-07-03 10:23:00,ABEO,4.310500144958496,4.310500144958496,4.310500144958496,4.310500144958496,4.310500144958496,1.0
2024-07-03 10:23:00,ABSI,3.2300000190734863,3.2300000190734863,3.2300000190734863,3.200000047683716,3.2100000381469727,5418.0
2024-07-03 10:23:00,ABUS,3.200000047683716,3.200000047683716,3.200000047683716,3.180000066757202,3.194999933242798,18774.0
2024-07-03 10:23:00,ACB,4.940100193023682,4.940100193023682,4.960000038146973,4.940100193023682,4.960000038146973,8665.0
2024-07-03 10:23:00,ACCD,3.5450000762939453,3.5450000762939453,3.5450000762939453,3.5450000762939453,3.5450000762939453,1680.0
2024-07-03 10:23:00,ACET,1.059999942779541,1.059999942779541,1.059999942779541,1.059999942779541,1.059999942779541,301.0
2024-07-03 10:23:00,ACHC,66.08000183105469,66.08000183105469,66.08000183105469,66.08000183105469,66.08000183105469,629.0
2024-07-03 10:23:00,ACRS,1.1649999618530273,1.1649999618530273,1.1649999618530273,1.1649999618530273,1.1649999618530273,500.0
2024-07-03 10:23:00,ADAP,1.0499999523162842,1.0499999523162842,1.0499999523162842,1.0449999570846558,1.0449999570846558,0.0
2024-07-03 10:23:00,ADMA,11.444999694824219,11.444999694824219,11.45740032196045,11.4399995803833,11.45740032196045,7904.0
2024-07-03 10:23:00,ADPT,3.380000114440918,3.380000114440918,3.380000114440918,3.380000114440918,3.380000114440918,357.0
2024-07-03 10:23:00,ADUS,117.80500030517578,117.80500030517578,117.80500030517578,117.79499816894531,117.79499816894531,1240.0
2024-07-03 10:23:00,ADVM,7.090000152587891,7.090000152587891,7.150000095367432,7.090000152587891,7.119999885559082,537.0
2024-07-03 10:23:00,AEMD,0.4230000078678131,0.4230000078678131,0.4230000078678131,0.4230000078678131,0.4230000078678131,176.0
2024-07-03 10:23:00,AHCO,9.819999694824219,9.819999694824219,9.835000038146973,9.819999694824219,9.835000038146973,1118.0
2024-07-03 10:23:00,AKBA,0.9598000049591064,0.9598000049591064,0.9599999785423279,0.9598000049591064,0.9599999785423279,7309.0
2024-07-03 10:23:00,AKRO,22.34000015258789,22.34000015258789,22.389999389648438,22.34000015258789,22.34000015258789,1262.0
2024-07-03 10:23:00,ALDX,3.2899999618530273,3.2899999618530273,3.2899999618530273,3.25,3.25,6496.0
2024-07-03 10:23:00,ALEC,4.510300159454346,4.510300159454346,4.519999980926514,4.510000228881836,4.510000228881836,1375.0
2024-07-03 10:23:00,ALGN,238.8800048828125,238.8800048828125,239.36000061035156,238.61000061035156,239.05999755859375,1942.0
2024-07-03 10:23:00,ALHC,8.0,8.0,8.0,7.989999771118164,7.989999771118164,1920.0
2024-07-03 10:23:00,ALKS,24.489999771118164,24.489999771118164,24.489999771118164,24.489999771118164,24.489999771118164,1198.0
2024-07-03 10:23:00,ALLK,0.86080002784729,0.86080002784729,0.86080002784729,0.86080002784729,0.86080002784729,474.0
2024-07-03 10:23:00,ALLO,2.1691999435424805,2.1691999435424805,2.1700000762939453,2.1549999713897705,2.1549999713897705,7447.0
2024-07-03 10:23:00,ALNY,247.9600067138672,247.9600067138672,248.2100067138672,247.85000610351562,248.1199951171875,4162.0
2024-07-03 10:23:00,ALT,6.835000038146973,6.835000038146973,6.849999904632568,6.835000038146973,6.849999904632568,1320.0
2024-07-03 10:23:00,ALVR,0.7382000088691711,0.7382000088691711,0.7382000088691711,0.738099992275238,0.738099992275238,645.0
2024-07-03 10:23:00,ALXO,6.074999809265137,6.074999809265137,6.090000152587891,6.074999809265137,6.090000152587891,2682.0
2024-07-03 10:23:00,AMED,96.73999786376953,96.73999786376953,96.73999786376953,96.7300033569336,96.7300033569336,5955.0
2024-07-03 10:23:00,AMGN,311.44000244140625,311.44000244140625,311.44000244140625,311.44000244140625,311.44000244140625,468.0
2024-07-03 10:23:00,AMLX,1.7899999618530273,1.7899999618530273,1.7899999618530273,1.7899999618530273,1.7899999618530273,1428.0
2024-07-03 10:23:00,AMRN,0.708899974822998,0.708899974822998,0.708899974822998,0.708899974822998,0.708899974822998,4108.0
2024-07-03 10:23:00,ANAB,25.260000228881836,25.260000228881836,25.3700008392334,25.260000228881836,25.3700008392334,1885.0
2024-07-03 10:23:00,ANNX,4.875,4.875,4.880000114440918,4.86899995803833,4.869999885559082,6398.0
2024-07-03 10:23:00,ANTX,2.5685999393463135,2.5685999393463135,2.569000005722046,2.559999942779541,2.559999942779541,2722.0
2024-07-03 10:23:00,APLS,36.02000045776367,36.02000045776367,36.45500183105469,36.02000045776367,36.439998626708984,15811.0
2024-07-03 10:23:00,APLT,4.445000171661377,4.445000171661377,4.445000171661377,4.434999942779541,4.434999942779541,2385.0
2024-07-03 10:23:00,AQST,2.4200000762939453,2.4200000762939453,2.4200000762939453,2.4200000762939453,2.4200000762939453,251.0
2024-07-03 10:23:00,ARAY,1.7799999713897705,1.7799999713897705,1.784999966621399,1.7799999713897705,1.7799999713897705,3833.0
2024-07-03 10:23:00,ARCT,22.165000915527344,22.165000915527344,22.165000915527344,22.100000381469727,22.110000610351562,558.0
2024-07-03 10:23:00,ARDX,5.244999885559082,5.244999885559082,5.255000114440918,5.244999885559082,5.255000114440918,8445.0
2024-07-03 10:23:00,ARGX,436.489990234375,436.489990234375,436.489990234375,436.489990234375,436.489990234375,435.0
2024-07-03 10:23:00,ARQT,9.53499984741211,9.53499984741211,9.5600004196167,9.529999732971191,9.5600004196167,7271.0
2024-07-03 10:23:00,ARVN,25.087499618530273,25.087499618530273,25.1200008392334,25.040000915527344,25.040000915527344,3042.0
2024-07-03 10:23:00,ARWR,25.950000762939453,25.950000762939453,25.989999771118164,25.940000534057617,25.950000762939453,5165.0
2024-07-03 10:23:00,ASRT,1.2999999523162842,1.2999999523162842,1.2999999523162842,1.2999999523162842,1.2999999523162842,883.0
2024-07-03 10:23:00,ATAI,1.3200000524520874,1.3200000524520874,1.3250000476837158,1.3200000524520874,1.3200000524520874,5342.0
2024-07-03 10:23:00,ATOS,1.1649999618530273,1.1649999618530273,1.1699999570846558,1.1649999618530273,1.1699999570846558,3676.0
2024-07-03 10:23:00,ATRC,22.325000762939453,22.325000762939453,22.3799991607666,22.309999465942383,22.309999465942383,1589.0
2024-07-03 10:23:00,ATXS,9.130000114440918,9.130000114440918,9.130000114440918,9.100000381469727,9.100000381469727,916.0
2024-07-03 10:23:00,AUGX,0.9951000213623047,0.9951000213623047,0.9951000213623047,0.9951000213623047,0.9951000213623047,700.0
2024-07-03 10:23:00,AUPH,5.525000095367432,5.525000095367432,5.53000020980835,5.525000095367432,5.53000020980835,1149.0
2024-07-03 10:23:00,AURA,7.15500020980835,7.15500020980835,7.15500020980835,7.15500020980835,7.15500020980835,129.0
2024-07-03 10:23:00,AUTL,3.484999895095825,3.484999895095825,3.490000009536743,3.484999895095825,3.490000009536743,1118.0
2024-07-03 10:23:00,AVDL,14.3100004196167,14.3100004196167,14.3100004196167,14.270000457763672,14.270000457763672,1463.0
2024-07-03 10:23:00,AVTE,1.6349999904632568,1.6349999904632568,1.6349999904632568,1.6299999952316284,1.6299999952316284,884.0
2024-07-03 10:23:00,AVXL,4.255000114440918,4.255000114440918,4.255000114440918,4.255000114440918,4.255000114440918,778.0
2024-07-03 10:23:00,AXNX,67.40499877929688,67.40499877929688,67.43000030517578,67.40499877929688,67.43000030517578,200.0
2024-07-03 10:23:00,AXSM,79.9749984741211,79.9749984741211,80.03070068359375,79.9749984741211,80.03070068359375,830.0
2024-07-03 10:23:00,AZN,76.85990142822266,76.85990142822266,76.86000061035156,76.81500244140625,76.81500244140625,11274.0
2024-07-03 10:23:00,AZTA,52.790000915527344,52.790000915527344,52.790000915527344,52.7400016784668,52.7400016784668,1371.0
2024-07-03 10:23:00,BBIO,25.43000030517578,25.43000030517578,25.43000030517578,25.43000030517578,25.43000030517578,144.0
2024-07-03 10:23:00,BCRX,6.699999809265137,6.699999809265137,6.699999809265137,6.695000171661377,6.699999809265137,1321.0
2024-07-03 10:23:00,BCTX,1.0200999975204468,1.0200999975204468,1.0210000276565552,1.0199999809265137,1.0210000276565552,4868.0
2024-07-03 10:23:00,BEAM,23.799999237060547,23.799999237060547,23.84000015258789,23.770000457763672,23.790000915527344,3122.0
2024-07-03 10:23:00,BGNE,147.7949981689453,147.7949981689453,147.7949981689453,147.7949981689453,147.7949981689453,298.0
2024-07-03 10:23:00,BGXX,0.27649998664855957,0.27649998664855957,0.2775000035762787,0.27639999985694885,0.2775000035762787,5301.0
2024-07-03 10:23:00,BIIB,226.00999450683594,226.00999450683594,226.0500030517578,226.00999450683594,226.0399932861328,1611.0
2024-07-03 10:23:00,BJDX,0.6251999735832214,0.6251999735832214,0.6251999735832214,0.6251999735832214,0.6251999735832214,0.0
2024-07-03 10:23:00,BLFS,20.170000076293945,20.170000076293945,20.219999313354492,20.170000076293945,20.219999313354492,1440.0
2024-07-03 10:23:00,BLUE,0.945900022983551,0.945900022983551,0.945900022983551,0.9451000094413757,0.9451000094413757,21858.0
2024-07-03 10:23:00,BMEA,4.519999980926514,4.519999980926514,4.519999980926514,4.519999980926514,4.519999980926514,103.0
2024-07-03 10:23:00,BMRN,81.7699966430664,81.7699966430664,81.84500122070312,81.7699966430664,81.78500366210938,2030.0
2024-07-03 10:23:00,BNGO,0.5519999861717224,0.5519999861717224,0.5519999861717224,0.5519000291824341,0.5519999861717224,14841.0
2024-07-03 10:23:00,BNTX,80.83999633789062,80.83999633789062,80.86000061035156,80.80999755859375,80.86000061035156,1600.0
2024-07-03 10:23:00,BPMC,111.48500061035156,111.48500061035156,111.85749816894531,111.45999908447266,111.85749816894531,4965.0
2024-07-03 10:23:00,BRKR,62.2599983215332,62.2599983215332,62.275001525878906,62.189998626708984,62.19499969482422,1528.0
2024-07-03 10:23:00,BTAI,1.100000023841858,1.100000023841858,1.100000023841858,1.0800000429153442,1.0800000429153442,5013.0
2024-07-03 10:23:00,CABA,7.789999961853027,7.789999961853027,7.789999961853027,7.789999961853027,7.789999961853027,131.0
2024-07-03 10:23:00,CCCC,4.840000152587891,4.840000152587891,4.840000152587891,4.809999942779541,4.809999942779541,3265.0
2024-07-03 10:23:00,CCRN,13.779999732971191,13.779999732971191,13.800000190734863,13.779899597167969,13.779899597167969,1571.0
2024-07-03 10:23:00,CDMO,7.639999866485596,7.639999866485596,7.639999866485596,7.622499942779541,7.639999866485596,2786.0
2024-07-03 10:23:00,CDNA,15.300000190734863,15.300000190734863,15.300000190734863,15.300000190734863,15.300000190734863,278.0
2024-07-03 10:23:00,CDXS,2.9749999046325684,2.9749999046325684,2.9749999046325684,2.9700000286102295,2.9700000286102295,732.0
2024-07-03 10:23:00,CERE,41.29999923706055,41.29999923706055,41.29999923706055,41.290000915527344,41.290000915527344,400.0
2024-07-03 10:23:00,CERS,1.725000023841858,1.725000023841858,1.725000023841858,1.725000023841858,1.725000023841858,4285.0
2024-07-03 10:23:00,CGC,6.815499782562256,6.815499782562256,6.829999923706055,6.800000190734863,6.828800201416016,60197.0
2024-07-03 10:23:00,CGEM,16.934999465942383,16.934999465942383,17.079999923706055,16.93000030517578,17.079999923706055,6641.0
2024-07-03 10:23:00,CGEN,1.6799999475479126,1.6799999475479126,1.6799999475479126,1.6699999570846558,1.6699999570846558,3025.0
2024-07-03 10:23:00,CHRS,1.4550000429153442,1.4550000429153442,1.458899974822998,1.440000057220459,1.440000057220459,15410.0
2024-07-03 10:23:00,CING,0.32089999318122864,0.32089999318122864,0.323199987411499,0.31299999356269836,0.3149000108242035,90208.0
2024-07-03 10:23:00,CKPT,2.3396999835968018,2.3396999835968018,2.349900007247925,2.3350000381469727,2.349900007247925,11728.0
2024-07-03 10:23:00,CLDX,37.31999969482422,37.31999969482422,37.36000061035156,37.25,37.36000061035156,1928.0
2024-07-03 10:23:00,CLNN,0.3260999917984009,0.3260999917984009,0.3260999917984009,0.3260999917984009,0.3260999917984009,3250.0
2024-07-03 10:23:00,CLOV,1.2699999809265137,1.2699999809265137,1.2699999809265137,1.2613999843597412,1.2690999507904053,4061.0
2024-07-03 10:23:00,CLPT,5.289999961853027,5.289999961853027,5.289999961853027,5.289999961853027,5.289999961853027,541.0
2024-07-03 10:23:00,CMAX,2.109999895095825,2.109999895095825,2.1549999713897705,2.109999895095825,2.1201999187469482,3112.0
2024-07-03 10:23:00,CMPS,6.28000020980835,6.28000020980835,6.28000020980835,6.252200126647949,6.252200126647949,949.0
2024-07-03 10:23:00,CMPX,0.8500000238418579,0.8500000238418579,0.8500000238418579,0.8500000238418579,0.8500000238418579,100.0
2024-07-03 10:23:00,CNSP,2.109999895095825,2.109999895095825,2.1500000953674316,2.109999895095825,2.1438000202178955,45779.0
2024-07-03 10:23:00,COGT,8.385000228881836,8.385000228881836,8.399999618530273,8.385000228881836,8.399999618530273,705.0
2024-07-03 10:23:00,COLL,32.150001525878906,32.150001525878906,32.150001525878906,32.150001525878906,32.150001525878906,322.0
2024-07-03 10:23:00,COSM,0.9599999785423279,0.9599999785423279,0.9599999785423279,0.9599999785423279,0.9599999785423279,0.0
2024-07-03 10:23:00,CPRX,15.729999542236328,15.729999542236328,15.739999771118164,15.729999542236328,15.729999542236328,867.0
2024-07-03 10:23:00,CRBU,1.6395000219345093,1.6395000219345093,1.6399999856948853,1.6349999904632568,1.6399999856948853,5315.0
2024-07-03 10:23:00,CRDF,2.240000009536743,2.240000009536743,2.240000009536743,2.234999895095825,2.234999895095825,1501.0
2024-07-03 10:23:00,CRNX,45.40999984741211,45.40999984741211,45.40999984741211,45.40999984741211,45.40999984741211,102.0
2024-07-03 10:23:00,CRON,2.3399999141693115,2.3399999141693115,2.3399999141693115,2.3399999141693115,2.3399999141693115,400.0
2024-07-03 10:23:00,CRSP,54.58000183105469,54.58000183105469,54.619998931884766,54.58000183105469,54.599998474121094,7541.0
2024-07-03 10:23:00,CSTL,21.360000610351562,21.360000610351562,21.360000610351562,21.360000610351562,21.360000610351562,0.0
2024-07-03 10:23:00,CTKB,5.75,5.75,5.75,5.739999771118164,5.739999771118164,1406.0
2024-07-03 10:23:00,CTMX,1.3550000190734863,1.3550000190734863,1.3550000190734863,1.350100040435791,1.3550000190734863,3434.0
2024-07-03 10:23:00,CTXR,0.5131000280380249,0.5131000280380249,0.5189999938011169,0.5131000280380249,0.5169000029563904,11046.0
2024-07-03 10:23:00,CVAC,3.505000114440918,3.505000114440918,3.5250000953674316,3.4800000190734863,3.499000072479248,29966.0
2024-07-03 10:23:00,CVRX,11.770000457763672,11.770000457763672,11.770000457763672,11.770000457763672,11.770000457763672,1192.0
2024-07-03 10:23:00,CYCC,1.6150000095367432,1.6150000095367432,1.6299999952316284,1.6150000095367432,1.6200000047683716,3250.0
2024-07-03 10:23:00,CYTK,55.02000045776367,55.02000045776367,55.09000015258789,54.95859909057617,54.959999084472656,9096.0
2024-07-03 10:23:00,DARE,3.379199981689453,3.379199981689453,3.379199981689453,3.379199981689453,3.379199981689453,931.0
2024-07-03 10:23:00,DCTH,8.0,8.0,8.0,8.0,8.0,531.0
2024-07-03 10:23:00,DH,5.429999828338623,5.429999828338623,5.429999828338623,5.429999828338623,5.429999828338623,833.0
2024-07-03 10:23:00,DNLI,22.170000076293945,22.170000076293945,22.209999084472656,22.170000076293945,22.209999084472656,1591.0
2024-07-03 10:23:00,DRRX,1.350000023841858,1.350000023841858,1.350000023841858,1.350000023841858,1.350000023841858,1662.0
2024-07-03 10:23:00,DVAX,11.1850004196167,11.1850004196167,11.1850004196167,11.1850004196167,11.1850004196167,827.0
2024-07-03 10:23:00,DXCM,110.5199966430664,110.5199966430664,110.58499908447266,110.5199966430664,110.54499816894531,959.0
2024-07-03 10:23:00,DYAI,1.5750000476837158,1.5750000476837158,1.5750000476837158,1.5750000476837158,1.5750000476837158,1500.0
2024-07-03 10:23:00,DYN,34.935001373291016,34.935001373291016,35.0,34.935001373291016,35.0,1432.0
2024-07-03 10:23:00,EDIT,4.71999979019165,4.71999979019165,4.71999979019165,4.710000038146973,4.710000038146973,4979.0
2024-07-03 10:23:00,ELEV,2.759999990463257,2.759999990463257,2.759999990463257,2.759999990463257,2.759999990463257,299.0
2024-07-03 10:23:00,EMBC,11.970000267028809,11.970000267028809,11.970000267028809,11.970000267028809,11.970000267028809,163.0
2024-07-03 10:23:00,ENSG,126.30999755859375,126.30999755859375,126.30999755859375,126.30999755859375,126.30999755859375,599.0
2024-07-03 10:23:00,ESPR,2.390000104904175,2.390000104904175,2.390000104904175,2.384999990463257,2.384999990463257,2373.0
2024-07-03 10:23:00,ESTA,43.314998626708984,43.314998626708984,43.459999084472656,43.310001373291016,43.36000061035156,923.0
2024-07-03 10:23:00,ETNB,7.739999771118164,7.739999771118164,7.760000228881836,7.739999771118164,7.739999771118164,5411.0
2024-07-03 10:23:00,EVO,5.079999923706055,5.079999923706055,5.079999923706055,5.079999923706055,5.079999923706055,710.0
2024-07-03 10:23:00,EWTX,18.264999389648438,18.264999389648438,18.28499984741211,18.264999389648438,18.28499984741211,791.0
2024-07-03 10:23:00,EXAI,5.399899959564209,5.399899959564209,5.399899959564209,5.379899978637695,5.379899978637695,2768.0
2024-07-03 10:23:00,EXAS,43.18109893798828,43.18109893798828,43.21500015258789,43.18109893798828,43.21500015258789,1061.0
2024-07-03 10:23:00,EXEL,22.1299991607666,22.1299991607666,22.1299991607666,22.1299991607666,22.1299991607666,689.0
2024-07-03 10:23:00,EYEN,0.7907000184059143,0.7907000184059143,0.7907000184059143,0.7906000018119812,0.7906000018119812,3442.0
2024-07-03 10:23:00,EYPT,8.430000305175781,8.430000305175781,8.430000305175781,8.400099754333496,8.400099754333496,6070.0
2024-07-03 10:23:00,FATE,3.3499999046325684,3.3499999046325684,3.3499999046325684,3.3450000286102295,3.3499999046325684,892.0
2024-07-03 10:23:00,FBIO,1.7400000095367432,1.7400000095367432,1.7400000095367432,1.7400000095367432,1.7400000095367432,620.0
2024-07-03 10:23:00,FDMT,21.1200008392334,21.1200008392334,21.204999923706055,21.06999969482422,21.200000762939453,3413.0
2024-07-03 10:23:00,FGEN,0.7350000143051147,0.7350000143051147,0.7350000143051147,0.7328000068664551,0.7328000068664551,10486.0
2024-07-03 10:23:00,FHTX,5.579999923706055,5.579999923706055,5.579999923706055,5.579999923706055,5.579999923706055,385.0
2024-07-03 10:23:00,FLGC,0.9107999801635742,0.9107999801635742,0.9107999801635742,0.9100000262260437,0.9100000262260437,200.0
2024-07-03 10:23:00,FLGT,20.100000381469727,20.100000381469727,20.100000381469727,20.079999923706055,20.079999923706055,1450.0
2024-07-03 10:23:00,FOLD,9.9399995803833,9.9399995803833,9.949999809265137,9.9399995803833,9.949999809265137,5193.0
2024-07-03 10:23:00,FULC,6.177999973297119,6.177999973297119,6.177999973297119,6.177999973297119,6.177999973297119,400.0
2024-07-03 10:23:00,GBIO,2.3399999141693115,2.3399999141693115,2.3399999141693115,2.3399999141693115,2.3399999141693115,403.0
2024-07-03 10:23:00,GDRX,7.829999923706055,7.829999923706055,7.829999923706055,7.829999923706055,7.829999923706055,219.0
2024-07-03 10:23:00,GERN,4.400000095367432,4.400000095367432,4.400000095367432,4.380000114440918,4.380000114440918,38943.0
2024-07-03 10:23:00,GH,28.670000076293945,28.670000076293945,28.670000076293945,28.610000610351562,28.6299991607666,3899.0
2024-07-03 10:23:00,GILD,67.1050033569336,67.1050033569336,67.19989776611328,67.08000183105469,67.19000244140625,7698.0
2024-07-03 10:23:00,GLMD,0.29010000824928284,0.29010000824928284,0.29010000824928284,0.29010000824928284,0.29010000824928284,2400.0
2024-07-03 10:23:00,GLYC,0.26840001344680786,0.26840001344680786,0.2687999904155731,0.2676999866962433,0.2676999866962433,7402.0
2024-07-03 10:23:00,GOSS,0.9365000128746033,0.9365000128746033,0.9380999803543091,0.9365000128746033,0.9380999803543091,465.0
2024-07-03 10:23:00,GOVX,3.0899999141693115,3.0899999141693115,3.109999895095825,3.0899999141693115,3.0899999141693115,1564.0
2024-07-03 10:23:00,GRFS,6.661799907684326,6.661799907684326,6.661799907684326,6.661799907684326,6.661799907684326,435.0
2024-07-03 10:23:00,GRTS,0.5537999868392944,0.5537999868392944,0.5616000294685364,0.553600013256073,0.5602999925613403,106746.0
2024-07-03 10:23:00,GTHX,2.5350000858306885,2.5350000858306885,2.5399999618530273,2.5299999713897705,2.5399999618530273,2778.0
2024-07-03 10:23:00,HALO,51.5,51.5,51.5,51.334999084472656,51.334999084472656,5006.0
2024-07-03 10:23:00,HCM,17.514999389648438,17.514999389648438,17.520000457763672,17.5,17.510000228881836,870.0
2024-07-03 10:23:00,HEPA,1.0700000524520874,1.0700000524520874,1.0700000524520874,1.0700000524520874,1.0700000524520874,200.0
2024-07-03 10:23:00,HITI,2.0999999046325684,2.0999999046325684,2.106800079345703,2.0999999046325684,2.106800079345703,245.0
2024-07-03 10:23:00,HOLX,73.25499725341797,73.25499725341797,73.26000213623047,73.23500061035156,73.23500061035156,2213.0
2024-07-03 10:23:00,HOWL,2.259999990463257,2.259999990463257,2.259999990463257,2.174999952316284,2.180000066757202,5705.0
2024-07-03 10:23:00,HQY,83.58499908447266,83.58499908447266,83.58499908447266,83.58499908447266,83.58499908447266,349.0
2024-07-03 10:23:00,HROW,22.110000610351562,22.110000610351562,22.110000610351562,22.110000610351562,22.110000610351562,101.0
2024-07-03 10:23:00,HRTX,2.815000057220459,2.815000057220459,2.815000057220459,2.809999942779541,2.815000057220459,1189.0
2024-07-03 10:23:00,HSIC,65.3499984741211,65.3499984741211,65.3499984741211,65.3499984741211,65.3499984741211,624.0
2024-07-03 10:23:00,HUGE,0.14980000257492065,0.14980000257492065,0.14980000257492065,0.14980000257492065,0.14980000257492065,31419.0
2024-07-03 10:23:00,HUMA,5.730000019073486,5.730000019073486,5.739999771118164,5.699999809265137,5.719900131225586,9218.0
2024-07-03 10:23:00,IART,29.1299991607666,29.1299991607666,29.1299991607666,29.09000015258789,29.107999801635742,1287.0
2024-07-03 10:23:00,IBRX,6.283999919891357,6.283999919891357,6.284999847412109,6.279900074005127,6.28000020980835,4667.0
2024-07-03 10:23:00,ICLR,320.2049865722656,320.2049865722656,320.2605895996094,320.0,320.0,2114.0
2024-07-03 10:23:00,IDXX,475.2149963378906,475.2149963378906,475.30999755859375,474.9800109863281,475.1099853515625,1891.0
2024-07-03 10:23:00,IGMS,6.53000020980835,6.53000020980835,6.53000020980835,6.53000020980835,6.53000020980835,400.0
2024-07-03 10:23:00,IINN,1.3805999755859375,1.3805999755859375,1.3805999755859375,1.3805999755859375,1.3805999755859375,1547.0
2024-07-03 10:23:00,IKNA,1.649999976158142,1.649999976158142,1.649999976158142,1.649999976158142,1.649999976158142,349.0
2024-07-03 10:23:00,ILMN,106.37000274658203,106.37000274658203,106.37999725341797,106.33999633789062,106.37999725341797,1032.0
2024-07-03 10:23:00,IMAB,1.5800000429153442,1.5800000429153442,1.5800000429153442,1.5700000524520874,1.5750000476837158,2370.0
2024-07-03 10:23:00,IMCR,35.994998931884766,35.994998931884766,35.994998931884766,35.994998931884766,35.994998931884766,281.0
2024-07-03 10:23:00,IMMP,1.978600025177002,1.978600025177002,1.978600025177002,1.978600025177002,1.978600025177002,140.0
2024-07-03 10:23:00,IMNM,12.229999542236328,12.229999542236328,12.229999542236328,12.1899995803833,12.1899995803833,1238.0
2024-07-03 10:23:00,IMUX,1.1200000047683716,1.1200000047683716,1.1200000047683716,1.1200000047683716,1.1200000047683716,310.0
2024-07-03 10:23:00,INCY,58.26499938964844,58.26499938964844,58.279998779296875,58.25,58.27000045776367,3244.0
2024-07-03 10:23:00,INMD,17.790000915527344,17.790000915527344,17.809999465942383,17.790000915527344,17.790000915527344,48761.0
2024-07-03 10:23:00,INO,8.520000457763672,8.520000457763672,8.520000457763672,8.520000457763672,8.520000457763672,230.0
2024-07-03 10:23:00,INSM,63.9900016784668,63.9900016784668,64.04000091552734,63.974998474121094,63.974998474121094,1883.0
2024-07-03 10:23:00,INZY,4.539999961853027,4.539999961853027,4.539999961853027,4.539999961853027,4.539999961853027,161.0
2024-07-03 10:23:00,IONS,45.17499923706055,45.17499923706055,45.20000076293945,45.150001525878906,45.17499923706055,1568.0
2024-07-03 10:23:00,IOVA,7.775000095367432,7.775000095367432,7.795000076293945,7.775000095367432,7.79010009765625,15023.0
2024-07-03 10:23:00,IPSC,2.265000104904175,2.265000104904175,2.2699999809265137,2.265000104904175,2.2699999809265137,458.0
2024-07-03 10:23:00,IRTC,94.01000213623047,94.01000213623047,94.01000213623047,94.01000213623047,94.01000213623047,343.0
2024-07-03 10:23:00,IRWD,6.235000133514404,6.235000133514404,6.260000228881836,6.235000133514404,6.260000228881836,3913.0
2024-07-03 10:23:00,ISRG,434.6700134277344,434.6700134277344,434.6700134277344,434.6700134277344,434.6700134277344,1028.0
2024-07-03 10:23:00,ITCI,68.0199966430664,68.0199966430664,68.2699966430664,68.0199966430664,68.21499633789062,7307.0
2024-07-03 10:23:00,ITOS,14.989999771118164,14.989999771118164,14.989999771118164,14.989999771118164,14.989999771118164,235.0
2024-07-03 10:23:00,IVVD,1.1349999904632568,1.1349999904632568,1.1349999904632568,1.1349999904632568,1.1349999904632568,358.0
2024-07-03 10:23:00,IXHL,2.7899999618530273,2.7899999618530273,2.7899999618530273,2.7899999618530273,2.7899999618530273,371.0
2024-07-03 10:23:00,JAGX,3.5100998878479004,3.5100998878479004,3.526900053024292,3.5100998878479004,3.5118000507354736,1015.0
2024-07-03 10:23:00,JANX,39.029998779296875,39.029998779296875,39.185001373291016,38.900001525878906,38.900001525878906,11729.0
2024-07-03 10:23:00,JAZZ,104.91500091552734,104.91500091552734,104.93250274658203,104.91500091552734,104.91500091552734,775.0
2024-07-03 10:23:00,KALA,6.760000228881836,6.760000228881836,6.760000228881836,6.760000228881836,6.760000228881836,375.0
2024-07-03 10:23:00,KOD,2.25,2.25,2.25,2.25,2.25,1404.0
2024-07-03 10:23:00,KPTI,0.8449000120162964,0.8449000120162964,0.8449000120162964,0.8449000120162964,0.8449000120162964,745.0
2024-07-03 10:23:00,KROS,42.904998779296875,42.904998779296875,42.904998779296875,42.904998779296875,42.904998779296875,363.0
2024-07-03 10:23:00,KRYS,180.09500122070312,180.09500122070312,180.09500122070312,180.09500122070312,180.09500122070312,594.0
2024-07-03 10:23:00,KURA,20.920000076293945,20.920000076293945,20.920000076293945,20.920000076293945,20.920000076293945,1339.0
2024-07-03 10:23:00,KYMR,31.040000915527344,31.040000915527344,31.040000915527344,31.040000915527344,31.040000915527344,114.0
2024-07-03 10:23:00,KZR,0.5727999806404114,0.5727999806404114,0.5727999806404114,0.5727999806404114,0.5727999806404114,134.0
2024-07-03 10:23:00,LAB,1.7999999523162842,1.7999999523162842,1.809999942779541,1.7999999523162842,1.809999942779541,1231.0
2024-07-03 10:23:00,LBPH,32.040000915527344,32.040000915527344,32.249900817871094,31.940000534057617,32.095001220703125,5447.0
2024-07-03 10:23:00,LEGN,45.31999969482422,45.31999969482422,45.31999969482422,45.31999969482422,45.31999969482422,303.0
2024-07-03 10:23:00,LFMD,6.739999771118164,6.739999771118164,6.739999771118164,6.739999771118164,6.739999771118164,607.0
2024-07-03 10:23:00,LFST,5.130000114440918,5.130000114440918,5.130000114440918,5.130000114440918,5.130000114440918,102.0
2024-07-03 10:23:00,LGVN,1.659600019454956,1.659600019454956,1.659600019454956,1.6399999856948853,1.6399999856948853,5578.0
2024-07-03 10:23:00,LNTH,78.74970245361328,78.74970245361328,78.74970245361328,78.74970245361328,78.74970245361328,1528.0
2024-07-03 10:23:00,LOGC,5.75,5.75,5.75,5.75,5.75,3730.0
2024-07-03 10:23:00,LQDA,12.09000015258789,12.09000015258789,12.130000114440918,12.09000015258789,12.130000114440918,2748.0
2024-07-03 10:23:00,LRMR,7.809999942779541,7.809999942779541,7.829999923706055,7.789000034332275,7.789999961853027,3770.0
2024-07-03 10:23:00,LTRN,4.415299892425537,4.415299892425537,4.449999809265137,4.415299892425537,4.449999809265137,2324.0
2024-07-03 10:23:00,LUCY,0.483599990606308,0.483599990606308,0.483599990606308,0.48240000009536743,0.48240000009536743,25141.0
2024-07-03 10:23:00,LXRX,1.6349999904632568,1.6349999904632568,1.6349999904632568,1.6299999952316284,1.6349999904632568,1882.0
2024-07-03 10:23:00,LYRA,0.2833999991416931,0.2833999991416931,0.2865000069141388,0.2833999991416931,0.2865000069141388,8335.0
2024-07-03 10:23:00,MASS,4.804999828338623,4.804999828338623,4.804999828338623,4.789999961853027,4.795000076293945,513.0
2024-07-03 10:23:00,MBIO,0.5202000141143799,0.5202000141143799,0.5202000141143799,0.5202000141143799,0.5202000141143799,2615.0
2024-07-03 10:23:00,MBOT,1.0850000381469727,1.0850000381469727,1.0850000381469727,1.0850000381469727,1.0850000381469727,3100.0
2024-07-03 10:23:00,MCRB,0.703000009059906,0.703000009059906,0.7062000036239624,0.703000009059906,0.703000009059906,2870.0
2024-07-03 10:23:00,MDXG,6.804999828338623,6.804999828338623,6.804999828338623,6.800000190734863,6.800000190734863,1721.0
2024-07-03 10:23:00,ME,0.40119999647140503,0.40119999647140503,0.40310001373291016,0.40119999647140503,0.40130001306533813,7502.0
2024-07-03 10:23:00,MEDP,405.8500061035156,405.8500061035156,405.8500061035156,405.8500061035156,405.8500061035156,842.0
2024-07-03 10:23:00,MGNX,4.300000190734863,4.300000190734863,4.304999828338623,4.300000190734863,4.304999828338623,1572.0
2024-07-03 10:23:00,MHUA,0.8981000185012817,0.8981000185012817,0.8981000185012817,0.8981000185012817,0.8981000185012817,450.0
2024-07-03 10:23:00,MIRM,34.07500076293945,34.07500076293945,34.09000015258789,34.07500076293945,34.09000015258789,790.0
2024-07-03 10:23:00,MLTX,41.75,41.75,41.75,41.5,41.5,1312.0
2024-07-03 10:23:00,MNKD,5.175000190734863,5.175000190734863,5.184999942779541,5.175000190734863,5.179999828338623,7425.0
2024-07-03 10:23:00,MNMD,7.25,7.25,7.25,7.25,7.25,866.0
2024-07-03 10:23:00,MODV,27.604999542236328,27.604999542236328,27.604999542236328,27.604999542236328,27.604999542236328,494.0
2024-07-03 10:23:00,MORF,32.20000076293945,32.20000076293945,32.27000045776367,32.20000076293945,32.27000045776367,546.0
2024-07-03 10:23:00,MREO,3.5099000930786133,3.5099000930786133,3.5099000930786133,3.5099000930786133,3.5099000930786133,310.0
2024-07-03 10:23:00,MRNA,118.15660095214844,118.15660095214844,118.15660095214844,118.08000183105469,118.08000183105469,1108.0
2024-07-03 10:23:00,MRNS,1.225000023841858,1.225000023841858,1.225000023841858,1.225000023841858,1.225000023841858,0.0
2024-07-03 10:23:00,MRSN,1.909999966621399,1.909999966621399,1.909999966621399,1.909999966621399,1.909999966621399,7690.0
2024-07-03 10:23:00,MRUS,53.18000030517578,53.18000030517578,53.18000030517578,53.18000030517578,53.18000030517578,89.0
2024-07-03 10:23:00,MRVI,6.8520002365112305,6.8520002365112305,6.855000019073486,6.815000057220459,6.815000057220459,71673.0
2024-07-03 10:23:00,MXCT,3.744999885559082,3.744999885559082,3.744999885559082,3.744999885559082,3.744999885559082,200.0
2024-07-03 10:23:00,MYGN,25.459999084472656,25.459999084472656,25.475000381469727,25.420000076293945,25.475000381469727,11436.0
2024-07-03 10:23:00,MYNZ,0.3449999988079071,0.3449999988079071,0.3449999988079071,0.3449999988079071,0.3449999988079071,200.0
2024-07-03 10:23:00,NARI,49.755001068115234,49.755001068115234,49.755001068115234,49.689998626708984,49.689998626708984,1334.0
2024-07-03 10:23:00,NBIX,138.6999969482422,138.6999969482422,138.6999969482422,138.6999969482422,138.6999969482422,134.0
2024-07-03 10:23:00,NDRA,0.08389999717473984,0.08389999717473984,0.08449999988079071,0.08259999752044678,0.0843999981880188,140935.0
2024-07-03 10:23:00,NEO,13.699999809265137,13.699999809265137,13.699999809265137,13.699999809265137,13.699999809265137,202.0
2024-07-03 10:23:00,NEOG,15.260000228881836,15.260000228881836,15.260000228881836,15.260000228881836,15.260000228881836,659.0
2024-07-03 10:23:00,NKTR,1.2450000047683716,1.2450000047683716,1.25,1.2450000047683716,1.25,7458.0
2024-07-03 10:23:00,NKTX,5.565000057220459,5.565000057220459,5.565000057220459,5.565000057220459,5.565000057220459,222.0
2024-07-03 10:23:00,NNOX,7.199999809265137,7.199999809265137,7.210000038146973,7.199999809265137,7.199999809265137,3948.0
2024-07-03 10:23:00,NRBO,4.699999809265137,4.699999809265137,4.699999809265137,4.699999809265137,4.699999809265137,2278.0
2024-07-03 10:23:00,NRIX,19.940000534057617,19.940000534057617,20.020000457763672,19.899999618530273,19.950000762939453,8523.0
2024-07-03 10:23:00,NTLA,23.040000915527344,23.040000915527344,23.049999237060547,22.979999542236328,22.979999542236328,4585.0
2024-07-03 10:23:00,NTRA,112.48999786376953,112.48999786376953,112.54000091552734,112.2699966430664,112.37000274658203,5577.0
2024-07-03 10:23:00,NVAX,13.100000381469727,13.100000381469727,13.100000381469727,13.034799575805664,13.03499984741211,22495.0
2024-07-03 10:23:00,NVCR,17.0,17.0,17.0,16.950000762939453,16.950000762939453,79876.0
2024-07-03 10:23:00,NVOS,0.7421000003814697,0.7421000003814697,0.7421000003814697,0.7421000003814697,0.7421000003814697,1.0
2024-07-03 10:23:00,OCGN,1.6950000524520874,1.6950000524520874,1.7000000476837158,1.690000057220459,1.6985000371932983,6747.0
2024-07-03 10:23:00,OCUL,6.864999771118164,6.864999771118164,6.880000114440918,6.860000133514404,6.880000114440918,2784.0
2024-07-03 10:23:00,OCUP,1.5800000429153442,1.5800000429153442,1.5800000429153442,1.5800000429153442,1.5800000429153442,570.0
2024-07-03 10:23:00,OFIX,13.369999885559082,13.369999885559082,13.369999885559082,13.369999885559082,13.369999885559082,223.0
2024-07-03 10:23:00,OGI,1.600100040435791,1.600100040435791,1.6100000143051147,1.5954999923706055,1.5954999923706055,17131.0
2024-07-03 10:23:00,OLMA,10.770000457763672,10.770000457763672,10.770000457763672,10.770000457763672,10.770000457763672,1012.0
2024-07-03 10:23:00,OM,3.7899999618530273,3.7899999618530273,3.7899999618530273,3.7899999618530273,3.7899999618530273,2808.0
2024-07-03 10:23:00,OMCL,26.344999313354492,26.344999313354492,26.360000610351562,26.344999313354492,26.360000610351562,1115.0
2024-07-03 10:23:00,OMER,3.930000066757202,3.930000066757202,3.930000066757202,3.930000066757202,3.930000066757202,1186.0
2024-07-03 10:23:00,OMGA,2.0450000762939453,2.0450000762939453,2.0450000762939453,2.0450000762939453,2.0450000762939453,161.0
2024-07-03 10:23:00,OMIC,8.5,8.5,8.5,8.390000343322754,8.390000343322754,311.0
2024-07-03 10:23:00,ONCY,1.0198999643325806,1.0198999643325806,1.0198999643325806,1.0198999643325806,1.0198999643325806,238.0
2024-07-03 10:24:00,ABCL,2.805000066757202,2.805000066757202,2.8057000637054443,2.805000066757202,2.8057000637054443,1925.0
2024-07-03 10:24:00,ABEO,4.289999961853027,4.289999961853027,4.289999961853027,4.289999961853027,4.289999961853027,553.0
2024-07-03 10:24:00,ABSI,3.2200000286102295,3.2200000286102295,3.2200000286102295,3.2100000381469727,3.2100000381469727,1650.0
2024-07-03 10:24:00,ABUS,3.2049999237060547,3.2049999237060547,3.2100000381469727,3.200000047683716,3.200000047683716,6473.0
2024-07-03 10:24:00,ACB,4.9791998863220215,4.9791998863220215,4.9791998863220215,4.949999809265137,4.9517998695373535,16986.0
2024-07-03 10:24:00,ACCD,3.555000066757202,3.555000066757202,3.555000066757202,3.5399999618530273,3.5399999618530273,3031.0
2024-07-03 10:24:00,ACET,1.059999942779541,1.059999942779541,1.059999942779541,1.059999942779541,1.059999942779541,1246.0
2024-07-03 10:24:00,ACLX,54.56959915161133,54.56959915161133,54.59000015258789,54.529998779296875,54.59000015258789,937.0
2024-07-03 10:24:00,ACRS,1.159999966621399,1.159999966621399,1.159999966621399,1.159999966621399,1.159999966621399,500.0
2024-07-03 10:24:00,ADAP,1.0499999523162842,1.0499999523162842,1.0499999523162842,1.0499999523162842,1.0499999523162842,200.0
2024-07-03 10:24:00,ADMA,11.475000381469727,11.475000381469727,11.489999771118164,11.444999694824219,11.449899673461914,15664.0
2024-07-03 10:24:00,ADPT,3.3949999809265137,3.3949999809265137,3.3949999809265137,3.390000104904175,3.390000104904175,1462.0
2024-07-03 10:24:00,ADVM,7.114999771118164,7.114999771118164,7.114999771118164,7.114999771118164,7.114999771118164,232.0
2024-07-03 10:24:00,AEMD,0.420199990272522,0.420199990272522,0.420199990272522,0.420199990272522,0.420199990272522,1402.0
2024-07-03 10:24:00,AHCO,9.835000038146973,9.835000038146973,9.835000038146973,9.835000038146973,9.835000038146973,400.0
2024-07-03 10:24:00,AKBA,0.9584000110626221,0.9584000110626221,0.9606000185012817,0.9584000110626221,0.9606000185012817,1548.0
2024-07-03 10:24:00,AKRO,22.344999313354492,22.344999313354492,22.344999313354492,22.344999313354492,22.344999313354492,636.0
2024-07-03 10:24:00,AKYA,2.190000057220459,2.190000057220459,2.200000047683716,2.190000057220459,2.200000047683716,201.0
2024-07-03 10:24:00,ALEC,4.539999961853027,4.539999961853027,4.539999961853027,4.519999980926514,4.519999980926514,425.0
2024-07-03 10:24:00,ALHC,8.010000228881836,8.010000228881836,8.010000228881836,8.010000228881836,8.010000228881836,444.0
2024-07-03 10:24:00,ALKS,24.5,24.5,24.5,24.489999771118164,24.5,1836.0
2024-07-03 10:24:00,ALLK,0.8608999848365784,0.8608999848365784,0.8608999848365784,0.86080002784729,0.86080002784729,400.0
2024-07-03 10:24:00,ALLO,2.1649999618530273,2.1649999618530273,2.1649999618530273,2.1640000343322754,2.1649999618530273,6143.0
2024-07-03 10:24:00,ALLR,0.2070000022649765,0.2070000022649765,0.2070000022649765,0.2070000022649765,0.2070000022649765,3425.0
2024-07-03 10:24:00,ALNY,247.91000366210938,247.91000366210938,248.22999572753906,247.91000366210938,248.22999572753906,1644.0
2024-07-03 10:24:00,ALT,6.822199821472168,6.822199821472168,6.849999904632568,6.822199821472168,6.835000038146973,17435.0
2024-07-03 10:24:00,ALXO,6.070000171661377,6.070000171661377,6.070000171661377,6.070000171661377,6.070000171661377,603.0
2024-07-03 10:24:00,AMED,96.73999786376953,96.73999786376953,96.73999786376953,96.73500061035156,96.73999786376953,2959.0
2024-07-03 10:24:00,AMGN,311.0899963378906,311.0899963378906,311.110107421875,311.0899963378906,311.110107421875,645.0
2024-07-03 10:24:00,AMLX,1.7899999618530273,1.7899999618530273,1.7899999618530273,1.7899999618530273,1.7899999618530273,1000.0
2024-07-03 10:24:00,AMRN,0.7099999785423279,0.7099999785423279,0.7099999785423279,0.7099999785423279,0.7099999785423279,152.0
2024-07-03 10:24:00,ANAB,25.290000915527344,25.290000915527344,25.389999389648438,25.260000228881836,25.346200942993164,2384.0
2024-07-03 10:24:00,ANNX,4.880000114440918,4.880000114440918,4.880000114440918,4.875,4.880000114440918,703.0
2024-07-03 10:24:00,ANTX,2.559999942779541,2.559999942779541,2.5699000358581543,2.559999942779541,2.559999942779541,3191.0
2024-07-03 10:24:00,APLS,36.0,36.0,36.119998931884766,35.9900016784668,36.0,8211.0
2024-07-03 10:24:00,APLT,4.445000171661377,4.445000171661377,4.445000171661377,4.440000057220459,4.440000057220459,801.0
2024-07-03 10:24:00,AQST,2.424999952316284,2.424999952316284,2.424999952316284,2.424999952316284,2.424999952316284,692.0
2024-07-03 10:24:00,ARAY,1.780900001525879,1.780900001525879,1.780900001525879,1.780900001525879,1.780900001525879,89.0
2024-07-03 10:24:00,ARCT,22.09000015258789,22.09000015258789,22.09000015258789,22.09000015258789,22.09000015258789,726.0
2024-07-03 10:24:00,ARDX,5.264999866485596,5.264999866485596,5.269700050354004,5.240099906921387,5.240099906921387,16510.0
2024-07-03 10:24:00,ARGX,436.7685852050781,436.7685852050781,436.7685852050781,436.4964904785156,436.739990234375,1091.0
2024-07-03 10:24:00,ARQT,9.555000305175781,9.555000305175781,9.5600004196167,9.539999961853027,9.555000305175781,7368.0
2024-07-03 10:24:00,ARVN,25.09000015258789,25.09000015258789,25.09000015258789,25.020000457763672,25.079999923706055,463.0
2024-07-03 10:24:00,ARWR,25.954999923706055,25.954999923706055,25.954999923706055,25.954999923706055,25.954999923706055,444.0
2024-07-03 10:24:00,ASRT,1.2999999523162842,1.2999999523162842,1.3049999475479126,1.2899999618530273,1.3049999475479126,12527.0
2024-07-03 10:24:00,ATAI,1.315000057220459,1.315000057220459,1.3250000476837158,1.315000057220459,1.3200000524520874,6901.0
2024-07-03 10:24:00,ATOS,1.1649999618530273,1.1649999618530273,1.1649999618530273,1.1649999618530273,1.1649999618530273,2605.0
2024-07-03 10:24:00,ATRC,22.299999237060547,22.299999237060547,22.389999389648438,22.299999237060547,22.389999389648438,360.0
2024-07-03 10:24:00,ATXS,9.149999618530273,9.149999618530273,9.149999618530273,9.149999618530273,9.149999618530273,357.0
2024-07-03 10:24:00,AUGX,0.9951000213623047,0.9951000213623047,0.9951000213623047,0.9951000213623047,0.9951000213623047,200.0
2024-07-03 10:24:00,AUPH,5.525000095367432,5.525000095367432,5.525000095367432,5.525000095367432,5.525000095367432,267.0
2024-07-03 10:24:00,AUTL,3.490000009536743,3.490000009536743,3.490000009536743,3.4809000492095947,3.4809000492095947,886.0
2024-07-03 10:24:00,AVDL,14.324299812316895,14.324299812316895,14.324299812316895,14.324299812316895,14.324299812316895,192.0
2024-07-03 10:24:00,AVTE,1.6349999904632568,1.6349999904632568,1.6349999904632568,1.6349999904632568,1.6349999904632568,1680.0
2024-07-03 10:24:00,AXGN,7.53000020980835,7.53000020980835,7.53000020980835,7.480000019073486,7.480000019073486,2136.0
2024-07-03 10:24:00,AXSM,79.91999816894531,79.91999816894531,79.91999816894531,79.91999816894531,79.91999816894531,122.0
2024-07-03 10:24:00,AZN,76.8949966430664,76.8949966430664,76.9000015258789,76.8550033569336,76.86000061035156,10802.0
2024-07-03 10:24:00,BBIO,25.450000762939453,25.450000762939453,25.450000762939453,25.39240074157715,25.39240074157715,1220.0
2024-07-03 10:24:00,BCAB,1.3550000190734863,1.3550000190734863,1.3550000190734863,1.3450000286102295,1.3450000286102295,11028.0
2024-07-03 10:24:00,BCRX,6.730000019073486,6.730000019073486,6.739999771118164,6.699999809265137,6.699999809265137,39874.0
2024-07-03 10:24:00,BDSX,1.6299999952316284,1.6299999952316284,1.6299999952316284,1.6200000047683716,1.6200000047683716,12600.0
2024-07-03 10:24:00,BDTX,4.21999979019165,4.21999979019165,4.21999979019165,4.21999979019165,4.21999979019165,384.0
2024-07-03 10:24:00,BEAM,23.790000915527344,23.790000915527344,23.799999237060547,23.790000915527344,23.799999237060547,2400.0
2024-07-03 10:24:00,BGXX,0.2766000032424927,0.2766000032424927,0.2766000032424927,0.2766000032424927,0.2766000032424927,235.0
2024-07-03 10:24:00,BIIB,225.57000732421875,225.57000732421875,225.9250030517578,225.57000732421875,225.9250030517578,1432.0
2024-07-03 10:24:00,BIOR,0.6255000233650208,0.6255000233650208,0.6255000233650208,0.6255000233650208,0.6255000233650208,316.0
2024-07-03 10:24:00,BJDX,0.6251999735832214,0.6251999735832214,0.6251999735832214,0.6251999735832214,0.6251999735832214,581.0
2024-07-03 10:24:00,BLFS,20.150699615478516,20.150699615478516,20.15999984741211,20.149999618530273,20.149999618530273,408.0
2024-07-03 10:24:00,BLUE,0.946399986743927,0.946399986743927,0.9484999775886536,0.9444000124931335,0.9483000040054321,1844.0
2024-07-03 10:24:00,BMRA,0.4498000144958496,0.4498000144958496,0.4498000144958496,0.4498000144958496,0.4498000144958496,202.0
2024-07-03 10:24:00,BMRN,81.77999877929688,81.77999877929688,81.8550033569336,81.77999877929688,81.77999877929688,1099.0
2024-07-03 10:24:00,BNGO,0.5521000027656555,0.5521000027656555,0.5521000027656555,0.5521000027656555,0.5521000027656555,755.0
2024-07-03 10:24:00,BNTX,80.75,80.75,80.8499984741211,80.73999786376953,80.8499984741211,3106.0
2024-07-03 10:24:00,BPMC,111.63999938964844,111.63999938964844,111.63999938964844,111.55000305175781,111.61000061035156,614.0
2024-07-03 10:24:00,BRKR,62.29999923706055,62.29999923706055,62.29999923706055,62.29999923706055,62.29999923706055,302.0
2024-07-03 10:24:00,BTAI,1.1098999977111816,1.1098999977111816,1.1098999977111816,1.100000023841858,1.100000023841858,540.0
2024-07-03 10:24:00,BTCY,0.7591000199317932,0.7591000199317932,0.7591000199317932,0.7591000199317932,0.7591000199317932,0.0
2024-07-03 10:24:00,BVS,6.139999866485596,6.139999866485596,6.139999866485596,6.139999866485596,6.139999866485596,0.0
2024-07-03 10:24:00,CABA,7.75,7.75,7.800000190734863,7.75,7.789999961853027,5626.0
2024-07-03 10:24:00,CAPR,4.760000228881836,4.760000228881836,4.760000228881836,4.760000228881836,4.760000228881836,5598.0
2024-07-03 10:24:00,CCCC,4.814799785614014,4.814799785614014,4.840000152587891,4.814799785614014,4.830100059509277,4548.0
2024-07-03 10:24:00,CCRN,13.784299850463867,13.784299850463867,13.784299850463867,13.784299850463867,13.784299850463867,365.0
2024-07-03 10:24:00,CDMO,7.592700004577637,7.592700004577637,7.630000114440918,7.592700004577637,7.619999885559082,2572.0
2024-07-03 10:24:00,CERE,41.279998779296875,41.279998779296875,41.29999923706055,41.279998779296875,41.29999923706055,1473.0
2024-07-03 10:24:00,CERS,1.725000023841858,1.725000023841858,1.725000023841858,1.725000023841858,1.725000023841858,5483.0
2024-07-03 10:24:00,CGC,6.820099830627441,6.820099830627441,6.829999923706055,6.815000057220459,6.815000057220459,18647.0
2024-07-03 10:24:00,CGEM,16.889999389648438,16.889999389648438,17.024999618530273,16.889999389648438,17.0,7497.0
2024-07-03 10:24:00,CGEN,1.684999942779541,1.684999942779541,1.690000057220459,1.684999942779541,1.690000057220459,1050.0
2024-07-03 10:24:00,CHRS,1.4550000429153442,1.4550000429153442,1.4550000429153442,1.4550000429153442,1.4550000429153442,7901.0
2024-07-03 10:24:00,CING,0.33160001039505005,0.33160001039505005,0.33160001039505005,0.3249000012874603,0.3249000012874603,13874.0
2024-07-03 10:24:00,CKPT,2.336699962615967,2.336699962615967,2.336699962615967,2.33270001411438,2.33270001411438,0.0
2024-07-03 10:24:00,CLDX,37.33000183105469,37.33000183105469,37.34989929199219,37.33000183105469,37.34989929199219,721.0
2024-07-03 10:24:00,CLNN,0.3260999917984009,0.3260999917984009,0.32989999651908875,0.3260999917984009,0.3260999917984009,466.0
2024-07-03 10:24:00,CLOV,1.2697999477386475,1.2697999477386475,1.2697999477386475,1.2697999477386475,1.2697999477386475,714.0
2024-07-03 10:24:00,CLPT,5.340000152587891,5.340000152587891,5.340000152587891,5.340000152587891,5.340000152587891,479.0
2024-07-03 10:24:00,CLRB,2.450000047683716,2.450000047683716,2.450000047683716,2.450000047683716,2.450000047683716,101.0
2024-07-03 10:24:00,CMPS,6.21999979019165,6.21999979019165,6.269999980926514,6.21999979019165,6.269999980926514,12870.0
2024-07-03 10:24:00,CMPX,0.8500000238418579,0.8500000238418579,0.8500000238418579,0.8500000238418579,0.8500000238418579,327.0
2024-07-03 10:24:00,CNSP,2.0999999046325684,2.0999999046325684,2.1500000953674316,2.0799999237060547,2.109999895095825,135020.0
2024-07-03 10:24:00,COGT,8.385000228881836,8.385000228881836,8.385000228881836,8.385000228881836,8.385000228881836,522.0
2024-07-03 10:24:00,COLL,32.165000915527344,32.165000915527344,32.20000076293945,32.165000915527344,32.20000076293945,2419.0
2024-07-03 10:24:00,CORT,31.235000610351562,31.235000610351562,31.235000610351562,31.219999313354492,31.235000610351562,1215.0
2024-07-03 10:24:00,COSM,0.960099995136261,0.960099995136261,0.960099995136261,0.9599999785423279,0.9599999785423279,5575.0
2024-07-03 10:24:00,CPRX,15.739999771118164,15.739999771118164,15.739999771118164,15.734999656677246,15.734999656677246,845.0
2024-07-03 10:24:00,CRBP,48.775001525878906,48.775001525878906,48.775001525878906,48.775001525878906,48.775001525878906,397.0
2024-07-03 10:24:00,CRBU,1.6349999904632568,1.6349999904632568,1.6399999856948853,1.6349999904632568,1.6397000551223755,6583.0
2024-07-03 10:24:00,CRDF,2.23009991645813,2.23009991645813,2.240000009536743,2.23009991645813,2.23799991607666,750.0
2024-07-03 10:24:00,CRDL,1.965000033378601,1.965000033378601,1.965000033378601,1.965000033378601,1.965000033378601,326.0
2024-07-03 10:24:00,CRIS,6.480000019073486,6.480000019073486,6.480000019073486,6.420000076293945,6.420000076293945,911.0
2024-07-03 10:24:00,CRNX,45.099998474121094,45.099998474121094,45.31999969482422,45.099998474121094,45.31999969482422,4160.0
2024-07-03 10:24:00,CRON,2.3450000286102295,2.3450000286102295,2.3450000286102295,2.3450000286102295,2.3450000286102295,189.0
2024-07-03 10:24:00,CRSP,54.59000015258789,54.59000015258789,54.70000076293945,54.58000183105469,54.62009811401367,5641.0
2024-07-03 10:24:00,CSTL,21.385000228881836,21.385000228881836,21.459999084472656,21.375,21.459999084472656,8973.0
2024-07-03 10:24:00,CTMX,1.3600000143051147,1.3600000143051147,1.3600000143051147,1.3600000143051147,1.3600000143051147,2703.0
2024-07-03 10:24:00,CUE,1.034999966621399,1.034999966621399,1.034999966621399,1.034999966621399,1.034999966621399,300.0
2024-07-03 10:24:00,CUTR,1.3650000095367432,1.3650000095367432,1.3650000095367432,1.3600000143051147,1.3650000095367432,2901.0
2024-07-03 10:24:00,CVAC,3.4911999702453613,3.4911999702453613,3.509999990463257,3.489000082015991,3.509999990463257,38646.0
2024-07-03 10:24:00,DCGO,2.930000066757202,2.930000066757202,2.930000066757202,2.9200000762939453,2.9200000762939453,5811.0
2024-07-03 10:24:00,DCTH,8.010000228881836,8.010000228881836,8.010000228881836,7.989999771118164,7.989999771118164,502.0
2024-07-03 10:24:00,DNLI,22.219999313354492,22.219999313354492,22.219999313354492,22.219999313354492,22.219999313354492,239.0
2024-07-03 10:24:00,DVAX,11.1850004196167,11.1850004196167,11.1850004196167,11.1850004196167,11.1850004196167,886.0
2024-07-03 10:24:00,DXCM,110.45999908447266,110.45999908447266,110.52880096435547,110.45999908447266,110.51499938964844,1221.0
2024-07-03 10:24:00,DYAI,1.5700000524520874,1.5700000524520874,1.5700000524520874,1.5700000524520874,1.5700000524520874,0.0
2024-07-03 10:24:00,DYN,34.880001068115234,34.880001068115234,34.959999084472656,34.830101013183594,34.830101013183594,1315.0
2024-07-03 10:24:00,EDIT,4.730000019073486,4.730000019073486,4.730000019073486,4.724999904632568,4.729499816894531,5776.0
2024-07-03 10:24:00,EGRX,5.25,5.25,5.25,5.25,5.25,116.0
2024-07-03 10:24:00,ELEV,2.7699999809265137,2.7699999809265137,2.7699999809265137,2.7699999809265137,2.7699999809265137,321.0
2024-07-03 10:24:00,EMBC,11.989999771118164,11.989999771118164,11.989999771118164,11.96500015258789,11.96500015258789,479.0
2024-07-03 10:24:00,ENSG,126.51499938964844,126.51499938964844,126.75,126.41999816894531,126.41999816894531,8339.0
2024-07-03 10:24:00,ENTA,13.475000381469727,13.475000381469727,13.520000457763672,13.470000267028809,13.520000457763672,3739.0
2024-07-03 10:24:00,ESPR,2.384999990463257,2.384999990463257,2.384999990463257,2.380199909210205,2.384999990463257,2301.0
2024-07-03 10:24:00,ESTA,43.41999816894531,43.41999816894531,43.41999816894531,43.41999816894531,43.41999816894531,373.0
2024-07-03 10:24:00,EWTX,18.364999771118164,18.364999771118164,18.364999771118164,18.290000915527344,18.290000915527344,723.0
2024-07-03 10:24:00,EXAI,5.398200035095215,5.398200035095215,5.398200035095215,5.398200035095215,5.398200035095215,289.0
2024-07-03 10:24:00,EXAS,43.189998626708984,43.189998626708984,43.19499969482422,43.18000030517578,43.18009948730469,1095.0
2024-07-03 10:24:00,EXEL,22.1200008392334,22.1200008392334,22.125,22.1200008392334,22.120100021362305,6682.0
2024-07-03 10:24:00,EYPT,8.414999961853027,8.414999961853027,8.449999809265137,8.380000114440918,8.449999809265137,10013.0
2024-07-03 10:24:00,FATE,3.3499999046325684,3.3499999046325684,3.3499999046325684,3.3499999046325684,3.3499999046325684,215.0
2024-07-03 10:24:00,FDMT,21.149999618530273,21.149999618530273,21.149999618530273,21.1299991607666,21.1299991607666,1065.0
2024-07-03 10:24:00,FGEN,0.7328000068664551,0.7328000068664551,0.7328000068664551,0.7328000068664551,0.7328000068664551,3706.0
2024-07-03 10:24:00,FHTX,5.480000019073486,5.480000019073486,5.480000019073486,5.480000019073486,5.480000019073486,670.0
2024-07-03 10:24:00,FLGT,20.190000534057617,20.190000534057617,20.190000534057617,20.149999618530273,20.15999984741211,1340.0
2024-07-03 10:24:00,FOLD,9.9399995803833,9.9399995803833,9.9399995803833,9.9399995803833,9.9399995803833,638.0
2024-07-03 10:24:00,FULC,6.170000076293945,6.170000076293945,6.170000076293945,6.170000076293945,6.170000076293945,819.0
2024-07-03 10:24:00,GDRX,7.855000019073486,7.855000019073486,7.860000133514404,7.829999923706055,7.829999923706055,3079.0
2024-07-03 10:24:00,GERN,4.40910005569458,4.40910005569458,4.40910005569458,4.394999980926514,4.394999980926514,11535.0
2024-07-03 10:24:00,GH,28.729999542236328,28.729999542236328,28.740699768066406,28.65999984741211,28.65999984741211,928.0
2024-07-03 10:24:00,GILD,67.08999633789062,67.08999633789062,67.12000274658203,67.08999633789062,67.08999633789062,11937.0
2024-07-03 10:24:00,GLUE,3.7799999713897705,3.7799999713897705,3.7799999713897705,3.7799999713897705,3.7799999713897705,3110.0
2024-07-03 10:24:00,GLYC,0.2696000039577484,0.2696000039577484,0.27000001072883606,0.2696000039577484,0.27000001072883606,32714.0
2024-07-03 10:24:00,GMAB,25.15999984741211,25.15999984741211,25.170000076293945,25.15999984741211,25.170000076293945,5676.0
2024-07-03 10:24:00,GNPX,1.9900000095367432,1.9900000095367432,1.9900000095367432,1.9900000095367432,1.9900000095367432,0.0
2024-07-03 10:24:00,GOSS,0.9330000281333923,0.9330000281333923,0.9330000281333923,0.9330000281333923,0.9330000281333923,459.0
2024-07-03 10:24:00,GOVX,3.049999952316284,3.049999952316284,3.091099977493286,3.049999952316284,3.0899999141693115,23737.0
2024-07-03 10:24:00,GRTS,0.5536999702453613,0.5536999702453613,0.5539000034332275,0.5536999702453613,0.5536999702453613,1030.0
2024-07-03 10:24:00,GTHX,2.5350000858306885,2.5350000858306885,2.5350000858306885,2.5350000858306885,2.5350000858306885,754.0
2024-07-03 10:24:00,HALO,51.560001373291016,51.560001373291016,51.58000183105469,51.5,51.5,2152.0
2024-07-03 10:24:00,HCAT,6.190000057220459,6.190000057220459,6.190000057220459,6.190000057220459,6.190000057220459,336.0
2024-07-03 10:24:00,HCM,17.479999542236328,17.479999542236328,17.520000457763672,17.479999542236328,17.510000228881836,2773.0
2024-07-03 10:24:00,HEPA,1.0,1.0,1.034999966621399,1.0,1.034999966621399,5539.0
2024-07-03 10:24:00,HOLX,73.2699966430664,73.2699966430664,73.30000305175781,73.2699966430664,73.27999877929688,1224.0
2024-07-03 10:24:00,HOOK,0.5799999833106995,0.5799999833106995,0.5799999833106995,0.5799999833106995,0.5799999833106995,950.0
2024-07-03 10:24:00,HOWL,2.2255001068115234,2.2255001068115234,2.2799999713897705,2.2255001068115234,2.2418999671936035,12714.0
2024-07-03 10:24:00,HQY,83.5199966430664,83.5199966430664,83.5199966430664,83.5199966430664,83.5199966430664,1000.0
2024-07-03 10:24:00,HRMY,30.459999084472656,30.459999084472656,30.459999084472656,30.459999084472656,30.459999084472656,448.0
2024-07-03 10:24:00,HROW,22.104999542236328,22.104999542236328,22.104999542236328,22.104999542236328,22.104999542236328,1178.0
2024-07-03 10:24:00,HRTX,2.8101000785827637,2.8101000785827637,2.815000057220459,2.809999942779541,2.809999942779541,1145.0
2024-07-03 10:24:00,HSIC,65.36000061035156,65.36000061035156,65.43000030517578,65.36000061035156,65.41999816894531,736.0
2024-07-03 10:24:00,HUGE,0.14990000426769257,0.14990000426769257,0.14990000426769257,0.14990000426769257,0.14990000426769257,3450.0
2024-07-03 10:24:00,HUMA,5.739999771118164,5.739999771118164,5.75,5.71999979019165,5.720099925994873,27921.0
2024-07-03 10:24:00,IART,29.155000686645508,29.155000686645508,29.155000686645508,29.149999618530273,29.149999618530273,675.0
2024-07-03 10:24:00,IBRX,6.300000190734863,6.300000190734863,6.309899806976318,6.289999961853027,6.289999961853027,2002.0
2024-07-03 10:24:00,ICLR,320.14910888671875,320.14910888671875,320.489990234375,320.14910888671875,320.2099914550781,2934.0
2024-07-03 10:24:00,IDXX,475.2449951171875,475.2449951171875,475.2449951171875,475.2449951171875,475.2449951171875,562.0
2024-07-03 10:24:00,IDYA,33.834999084472656,33.834999084472656,33.834999084472656,33.834999084472656,33.834999084472656,421.0
2024-07-03 10:24:00,IKNA,1.649999976158142,1.649999976158142,1.649999976158142,1.649999976158142,1.649999976158142,338.0
2024-07-03 10:24:00,ILMN,106.44000244140625,106.44000244140625,106.44000244140625,106.30999755859375,106.37000274658203,4374.0
2024-07-03 10:24:00,IMCC,0.47999998927116394,0.47999998927116394,0.47999998927116394,0.4424000084400177,0.4424000084400177,17700.0
2024-07-03 10:24:00,IMCR,36.02000045776367,36.02000045776367,36.02000045776367,36.02000045776367,36.02000045776367,549.0
2024-07-03 10:24:00,IMMX,2.201200008392334,2.201200008392334,2.201200008392334,2.201200008392334,2.201200008392334,264.0
2024-07-03 10:24:00,IMNM,12.220000267028809,12.220000267028809,12.220000267028809,12.220000267028809,12.220000267028809,1149.0
2024-07-03 10:24:00,IMRN,1.9853999614715576,1.9853999614715576,2.0,1.9853999614715576,2.0,2860.0
2024-07-03 10:24:00,IMUX,1.1196000576019287,1.1196000576019287,1.1196000576019287,1.1196000576019287,1.1196000576019287,567.0
2024-07-03 10:24:00,IMVT,27.049999237060547,27.049999237060547,27.049999237060547,27.049999237060547,27.049999237060547,349.0
2024-07-03 10:24:00,INCY,58.209999084472656,58.209999084472656,58.270599365234375,58.209999084472656,58.2400016784668,1664.0
2024-07-03 10:24:00,INM,0.25589999556541443,0.25589999556541443,0.25589999556541443,0.25589999556541443,0.25589999556541443,0.0
2024-07-03 10:24:00,INMD,17.760000228881836,17.760000228881836,17.780000686645508,17.760000228881836,17.780000686645508,8067.0
2024-07-03 10:24:00,INO,8.517399787902832,8.517399787902832,8.517399787902832,8.510000228881836,8.510000228881836,1256.0
2024-07-03 10:24:00,INSM,64.01000213623047,64.01000213623047,64.05999755859375,64.0,64.04070281982422,6269.0
2024-07-03 10:24:00,INZY,4.539999961853027,4.539999961853027,4.539999961853027,4.539999961853027,4.539999961853027,119.0
2024-07-03 10:24:00,IONS,45.20000076293945,45.20000076293945,45.20000076293945,45.17499923706055,45.17499923706055,1078.0
2024-07-03 10:24:00,IOVA,7.775000095367432,7.775000095367432,7.789999961853027,7.769999980926514,7.775000095367432,21199.0
2024-07-03 10:24:00,IPSC,2.2899999618530273,2.2899999618530273,2.2899999618530273,2.2899999618530273,2.2899999618530273,301.0
2024-07-03 10:24:00,IRTC,94.06999969482422,94.06999969482422,94.06999969482422,94.06999969482422,94.06999969482422,337.0
2024-07-03 10:24:00,IRWD,6.212900161743164,6.212900161743164,6.230000019073486,6.212900161743164,6.230000019073486,3643.0
2024-07-03 10:24:00,ISPC,0.29589998722076416,0.29589998722076416,0.29589998722076416,0.2930000126361847,0.29589998722076416,28805.0
2024-07-03 10:24:00,ISRG,434.4750061035156,434.4750061035156,434.7554931640625,434.29998779296875,434.7554931640625,2821.0
2024-07-03 10:24:00,ITCI,68.03500366210938,68.03500366210938,68.03500366210938,68.03500366210938,68.03500366210938,331.0
2024-07-03 10:24:00,JAGX,3.5257999897003174,3.5257999897003174,3.5257999897003174,3.515000104904175,3.515000104904175,285.0
2024-07-03 10:24:00,JANX,39.14500045776367,39.14500045776367,39.14500045776367,39.14500045776367,39.14500045776367,428.0
2024-07-03 10:24:00,JAZZ,105.0999984741211,105.0999984741211,105.0999984741211,104.81999969482422,104.81999969482422,1828.0
2024-07-03 10:24:00,KALV,11.720000267028809,11.720000267028809,11.720000267028809,11.720000267028809,11.720000267028809,312.0
2024-07-03 10:24:00,KIDS,30.094999313354492,30.094999313354492,30.094999313354492,30.094999313354492,30.094999313354492,1586.0
2024-07-03 10:24:00,KMDA,5.260000228881836,5.260000228881836,5.260000228881836,5.260000228881836,5.260000228881836,0.0
2024-07-03 10:24:00,KNSA,18.989999771118164,18.989999771118164,18.989999771118164,18.989999771118164,18.989999771118164,400.0
2024-07-03 10:24:00,KPTI,0.8446000218391418,0.8446000218391418,0.8454999923706055,0.8446000218391418,0.8454999923706055,393.0
2024-07-03 10:24:00,KRMD,2.299999952316284,2.299999952316284,2.299999952316284,2.299999952316284,2.299999952316284,200.0
2024-07-03 10:24:00,KTRA,0.2736999988555908,0.2736999988555908,0.2736999988555908,0.2736999988555908,0.2736999988555908,4911.0
2024-07-03 10:24:00,KURA,20.989999771118164,20.989999771118164,21.0049991607666,20.93000030517578,20.93000030517578,2330.0
2024-07-03 10:24:00,KYMR,31.15999984741211,31.15999984741211,31.15999984741211,31.100000381469727,31.100000381469727,1387.0
2024-07-03 10:24:00,KZR,0.5728999972343445,0.5728999972343445,0.5733000040054321,0.5728999972343445,0.5733000040054321,749.0
2024-07-03 10:24:00,LAB,1.7999999523162842,1.7999999523162842,1.809999942779541,1.7999999523162842,1.809999942779541,750.0
2024-07-03 10:24:00,LEGN,45.279998779296875,45.279998779296875,45.279998779296875,45.279998779296875,45.279998779296875,429.0
2024-07-03 10:24:00,LFMD,6.739999771118164,6.739999771118164,6.739999771118164,6.739999771118164,6.739999771118164,1161.0
2024-07-03 10:24:00,LFST,5.130000114440918,5.130000114440918,5.130000114440918,5.130000114440918,5.130000114440918,678.0
2024-07-03 10:24:00,LGVN,1.6692999601364136,1.6692999601364136,1.6692999601364136,1.649999976158142,1.649999976158142,4242.0
2024-07-03 10:24:00,LIVN,52.7599983215332,52.7599983215332,52.7599983215332,52.7400016784668,52.7400016784668,1145.0
2024-07-03 10:24:00,LMAT,81.44999694824219,81.44999694824219,81.44999694824219,81.19000244140625,81.27980041503906,2552.0
2024-07-03 10:24:00,LNTH,78.73660278320312,78.73660278320312,78.73660278320312,78.73660278320312,78.73660278320312,370.0
2024-07-03 10:24:00,LQDA,12.109999656677246,12.109999656677246,12.109999656677246,12.09000015258789,12.109999656677246,525.0
2024-07-03 10:24:00,LRMR,7.829999923706055,7.829999923706055,7.829999923706055,7.829999923706055,7.829999923706055,809.0
2024-07-03 10:24:00,LUCY,0.4819999933242798,0.4819999933242798,0.4828000068664551,0.47609999775886536,0.47749999165534973,6815.0
2024-07-03 10:24:00,LUNG,6.300000190734863,6.300000190734863,6.324999809265137,6.28000020980835,6.28000020980835,1556.0
2024-07-03 10:24:00,LXRX,1.6349999904632568,1.6349999904632568,1.6398999691009521,1.6349999904632568,1.6398999691009521,13432.0
2024-07-03 10:24:00,LYEL,1.4850000143051147,1.4850000143051147,1.4850000143051147,1.4850000143051147,1.4850000143051147,866.0
2024-07-03 10:24:00,MASI,114.23999786376953,114.23999786376953,114.23999786376953,114.23999786376953,114.23999786376953,413.0
2024-07-03 10:24:00,MASS,4.803400039672852,4.803400039672852,4.803400039672852,4.78000020980835,4.78000020980835,1400.0
2024-07-03 10:24:00,MBIO,0.5200999975204468,0.5200999975204468,0.5228000283241272,0.5200999975204468,0.5228000283241272,1369.0
2024-07-03 10:24:00,MCRB,0.703000009059906,0.703000009059906,0.703000009059906,0.703000009059906,0.703000009059906,1453.0
2024-07-03 10:24:00,MDWD,15.210000038146973,15.210000038146973,15.324999809265137,15.210000038146973,15.324999809265137,648.0
2024-07-03 10:24:00,MDXG,6.80649995803833,6.80649995803833,6.80649995803833,6.80649995803833,6.80649995803833,756.0
2024-07-03 10:24:00,ME,0.40220001339912415,0.40220001339912415,0.4032000005245209,0.40119999647140503,0.40119999647140503,3819.0
2024-07-03 10:24:00,MEDP,407.44500732421875,407.44500732421875,407.44500732421875,407.44500732421875,407.44500732421875,435.0
2024-07-03 10:24:00,MESO,6.679999828338623,6.679999828338623,6.679999828338623,6.670000076293945,6.670000076293945,1222.0
2024-07-03 10:24:00,MGNX,4.289999961853027,4.289999961853027,4.289999961853027,4.289999961853027,4.289999961853027,3065.0
2024-07-03 10:24:00,MGTX,4.050000190734863,4.050000190734863,4.050000190734863,4.050000190734863,4.050000190734863,667.0
2024-07-03 10:24:00,MIRM,34.099998474121094,34.099998474121094,34.099998474121094,34.099998474121094,34.099998474121094,192.0
2024-07-03 10:24:00,MNKD,5.170000076293945,5.170000076293945,5.175000190734863,5.164999961853027,5.170000076293945,13597.0
2024-07-03 10:24:00,MNMD,7.260000228881836,7.260000228881836,7.260000228881836,7.250199794769287,7.255000114440918,3014.0
2024-07-03 10:24:00,MODV,27.645000457763672,27.645000457763672,27.645000457763672,27.645000457763672,27.645000457763672,736.0
2024-07-03 10:24:00,MRNA,117.91000366210938,117.91000366210938,118.25,117.9000015258789,118.25,5409.0
2024-07-03 10:24:00,MRNS,1.2350000143051147,1.2350000143051147,1.2350000143051147,1.2300000190734863,1.2300000190734863,2323.0
2024-07-03 10:24:00,MRSN,1.9199999570846558,1.9199999570846558,1.9199999570846558,1.9199999570846558,1.9199999570846558,0.0
2024-07-03 10:24:00,MRUS,53.06999969482422,53.06999969482422,53.06999969482422,53.06999969482422,53.06999969482422,110.0
2024-07-03 10:24:00,MRVI,6.855000019073486,6.855000019073486,6.860000133514404,6.855000019073486,6.855000019073486,3144.0
2024-07-03 10:24:00,MXCT,3.740000009536743,3.740000009536743,3.740000009536743,3.740000009536743,3.740000009536743,619.0
2024-07-03 10:24:00,MYGN,25.540000915527344,25.540000915527344,25.545000076293945,25.454999923706055,25.454999923706055,3016.0
2024-07-03 10:24:00,NBIX,138.63999938964844,138.63999938964844,138.63999938964844,138.63999938964844,138.63999938964844,363.0
2024-07-03 10:24:00,NDRA,0.08489999920129776,0.08489999920129776,0.08489999920129776,0.08489999920129776,0.08489999920129776,0.0
2024-07-03 10:24:00,NEO,13.704999923706055,13.704999923706055,13.704999923706055,13.704999923706055,13.704999923706055,484.0
2024-07-03 10:24:00,NEOG,15.289999961853027,15.289999961853027,15.289999961853027,15.279999732971191,15.28499984741211,4371.0
2024-07-03 10:24:00,NKTR,1.2599999904632568,1.2599999904632568,1.2599999904632568,1.25,1.25,30119.0
2024-07-03 10:24:00,NKTX,5.550099849700928,5.550099849700928,5.550099849700928,5.550099849700928,5.550099849700928,5088.0
2024-07-03 10:24:00,NTLA,23.014999389648438,23.014999389648438,23.075000762939453,22.970300674438477,23.010000228881836,11643.0
2024-07-03 10:24:00,NTRA,112.63999938964844,112.63999938964844,112.63999938964844,112.45999908447266,112.45999908447266,1219.0
2024-07-03 10:24:00,NVAX,13.079999923706055,13.079999923706055,13.091400146484375,13.079999923706055,13.089900016784668,13330.0
2024-07-03 10:24:00,NVCR,17.0,17.0,17.020000457763672,16.979999542236328,17.020000457763672,4944.0
2024-07-03 10:24:00,NVCT,6.340000152587891,6.340000152587891,6.340000152587891,6.340000152587891,6.340000152587891,458.0
2024-07-03 10:24:00,NVOS,0.7493000030517578,0.7493000030517578,0.7493000030517578,0.7493000030517578,0.7493000030517578,6100.0
2024-07-03 10:24:00,NXL,1.4007999897003174,1.4007999897003174,1.409999966621399,1.4007999897003174,1.409999966621399,491.0
2024-07-03 10:24:00,NXTC,1.590000033378601,1.590000033378601,1.590000033378601,1.590000033378601,1.590000033378601,256.0
2024-07-03 10:24:00,OCGN,1.6950000524520874,1.6950000524520874,1.7000000476837158,1.690000057220459,1.7000000476837158,28042.0
2024-07-03 10:24:00,OCUP,1.5780999660491943,1.5780999660491943,1.5780999660491943,1.5780999660491943,1.5780999660491943,194.0
2024-07-03 10:24:00,OFIX,13.390000343322754,13.390000343322754,13.390000343322754,13.390000343322754,13.390000343322754,553.0
2024-07-03 10:24:00,OGI,1.6050000190734863,1.6050000190734863,1.6100000143051147,1.6050000190734863,1.6100000143051147,1122.0
2024-07-03 10:24:00,OLK,25.75,25.75,25.75979995727539,25.75,25.75979995727539,12227.0
2024-07-03 10:24:00,OM,3.7699999809265137,3.7699999809265137,3.7799999713897705,3.759999990463257,3.7799999713897705,7812.0
2024-07-03 10:24:00,OMCL,26.450000762939453,26.450000762939453,26.450000762939453,26.440000534057617,26.440000534057617,491.0
2024-07-03 10:24:00,OMGA,2.0399999618530273,2.0399999618530273,2.0399999618530273,2.0399999618530273,2.0399999618530273,333.0
2024-07-03 10:24:00,OMIC,8.550000190734863,8.550000190734863,8.550000190734863,8.550000190734863,8.550000190734863,511.0
2024-07-03 10:25:00,AADI,1.3700000047683716,1.3700000047683716,1.3700000047683716,1.3700000047683716,1.3700000047683716,111.0
2024-07-03 10:25:00,ABCL,2.799999952316284,2.799999952316284,2.8087000846862793,2.799999952316284,2.8087000846862793,1777.0
2024-07-03 10:25:00,ABEO,4.289999961853027,4.289999961853027,4.289999961853027,4.289999961853027,4.289999961853027,970.0
2024-07-03 10:25:00,ABSI,3.240000009536743,3.240000009536743,3.240000009536743,3.2300000190734863,3.2300000190734863,1396.0
2024-07-03 10:25:00,ABUS,3.2049999237060547,3.2049999237060547,3.2100000381469727,3.2049999237060547,3.2049999237060547,1917.0
2024-07-03 10:25:00,ACB,4.977200031280518,4.977200031280518,4.980000019073486,4.963600158691406,4.963600158691406,3018.0
2024-07-03 10:25:00,ACCD,3.565000057220459,3.565000057220459,3.565000057220459,3.559999942779541,3.559999942779541,3811.0
2024-07-03 10:25:00,ACET,1.059999942779541,1.059999942779541,1.059999942779541,1.059999942779541,1.059999942779541,352.0
2024-07-03 10:25:00,ACHC,66.06500244140625,66.06500244140625,66.06500244140625,66.06500244140625,66.06500244140625,398.0
2024-07-03 10:25:00,ACHL,0.8299999833106995,0.8299999833106995,0.8299999833106995,0.8299999833106995,0.8299999833106995,1018.0
2024-07-03 10:25:00,ACLX,54.560001373291016,54.560001373291016,54.560001373291016,54.560001373291016,54.560001373291016,389.0
2024-07-03 10:25:00,ACRS,1.1649999618530273,1.1649999618530273,1.1649999618530273,1.1649999618530273,1.1649999618530273,1082.0
2024-07-03 10:25:00,ADAP,1.0399999618530273,1.0399999618530273,1.0499999523162842,1.0399999618530273,1.0499999523162842,7601.0
2024-07-03 10:25:00,ADMA,11.484999656677246,11.484999656677246,11.489999771118164,11.474699974060059,11.474699974060059,4526.0
2024-07-03 10:25:00,ADPT,3.3949999809265137,3.3949999809265137,3.3949999809265137,3.390000104904175,3.390000104904175,1359.0
2024-07-03 10:25:00,ADUS,117.50499725341797,117.50499725341797,117.60009765625,117.50499725341797,117.60009765625,1934.0
2024-07-03 10:25:00,ADVM,7.150000095367432,7.150000095367432,7.150000095367432,7.139999866485596,7.139999866485596,649.0
2024-07-03 10:25:00,AEZS,4.369999885559082,4.369999885559082,4.409999847412109,4.369999885559082,4.409999847412109,400.0
2024-07-03 10:25:00,AFMD,5.130000114440918,5.130000114440918,5.159999847412109,5.130000114440918,5.130000114440918,1643.0
2024-07-03 10:25:00,AGEN,14.819999694824219,14.819999694824219,14.819999694824219,14.75,14.75,752.0
2024-07-03 10:25:00,AGIO,42.619998931884766,42.619998931884766,42.619998931884766,42.599998474121094,42.599998474121094,610.0
2024-07-03 10:25:00,AHCO,9.8149995803833,9.8149995803833,9.835000038146973,9.8149995803833,9.835000038146973,1007.0
2024-07-03 10:25:00,AKBA,0.9584000110626221,0.9584000110626221,0.9584000110626221,0.9584000110626221,0.9584000110626221,2039.0
2024-07-03 10:25:00,ALEC,4.511000156402588,4.511000156402588,4.53000020980835,4.511000156402588,4.53000020980835,2976.0
2024-07-03 10:25:00,ALGN,238.66000366210938,238.66000366210938,238.6699981689453,238.66000366210938,238.6699981689453,348.0
2024-07-03 10:25:00,ALHC,8.0,8.0,8.010000228881836,8.0,8.010000228881836,1346.0
2024-07-03 10:25:00,ALKS,24.520000457763672,24.520000457763672,24.520000457763672,24.5,24.5,855.0
2024-07-03 10:25:00,ALLK,0.8619999885559082,0.8619999885559082,0.8619999885559082,0.8619999885559082,0.8619999885559082,500.0
2024-07-03 10:25:00,ALLO,2.1649999618530273,2.1649999618530273,2.1649999618530273,2.1649999618530273,2.1649999618530273,1438.0
2024-07-03 10:25:00,ALLR,0.20730000734329224,0.20730000734329224,0.20730000734329224,0.20730000734329224,0.20730000734329224,9716.0
2024-07-03 10:25:00,ALNY,247.86000061035156,247.86000061035156,247.86000061035156,247.86000061035156,247.86000061035156,1340.0
2024-07-03 10:25:00,ALT,6.840000152587891,6.840000152587891,6.840000152587891,6.824999809265137,6.824999809265137,1859.0
2024-07-03 10:25:00,ALVO,12.350000381469727,12.350000381469727,12.350000381469727,12.350000381469727,12.350000381469727,414.0
2024-07-03 10:25:00,ALVR,0.7368999719619751,0.7368999719619751,0.738099992275238,0.7368999719619751,0.738099992275238,420.0
2024-07-03 10:25:00,ALXO,5.989999771118164,5.989999771118164,6.059999942779541,5.989999771118164,6.059999942779541,5278.0
2024-07-03 10:25:00,AMED,96.73999786376953,96.73999786376953,96.73999786376953,96.73500061035156,96.73500061035156,2661.0
2024-07-03 10:25:00,AMGN,311.3800048828125,311.3800048828125,311.3800048828125,311.090087890625,311.135009765625,2371.0
2024-07-03 10:25:00,AMLX,1.7899999618530273,1.7899999618530273,1.7899999618530273,1.7899999618530273,1.7899999618530273,3000.0
2024-07-03 10:25:00,AMPH,38.290000915527344,38.290000915527344,38.290000915527344,38.290000915527344,38.290000915527344,200.0
2024-07-03 10:25:00,ANAB,25.325000762939453,25.325000762939453,25.325000762939453,25.325000762939453,25.325000762939453,717.0
2024-07-03 10:25:00,ANGO,5.695000171661377,5.695000171661377,5.699999809265137,5.695000171661377,5.699999809265137,1563.0
2024-07-03 10:25:00,ANNX,4.900000095367432,4.900000095367432,4.909999847412109,4.880000114440918,4.880000114440918,9241.0
2024-07-03 10:25:00,ANTX,2.578000068664551,2.578000068664551,2.5799999237060547,2.569999933242798,2.569999933242798,4355.0
2024-07-03 10:25:00,APDN,0.4352000057697296,0.4352000057697296,0.4352000057697296,0.4352000057697296,0.4352000057697296,201.0
2024-07-03 10:25:00,APLS,36.0,36.0,36.11000061035156,35.93000030517578,35.9900016784668,18304.0
2024-07-03 10:25:00,APLT,4.445000171661377,4.445000171661377,4.445000171661377,4.445000171661377,4.445000171661377,628.0
2024-07-03 10:25:00,APVO,0.3052000105381012,0.3052000105381012,0.3052000105381012,0.3052000105381012,0.3052000105381012,300.0
2024-07-03 10:25:00,AQST,2.430000066757202,2.430000066757202,2.430000066757202,2.424999952316284,2.424999952316284,3601.0
2024-07-03 10:25:00,ARCT,21.989999771118164,21.989999771118164,22.09000015258789,21.989999771118164,22.000099182128906,4413.0
2024-07-03 10:25:00,ARDX,5.269999980926514,5.269999980926514,5.269999980926514,5.25,5.264999866485596,17321.0
2024-07-03 10:25:00,ARGX,436.8399963378906,436.8399963378906,437.06500244140625,436.8399963378906,437.0,2022.0
2024-07-03 10:25:00,ARQT,9.579999923706055,9.579999923706055,9.579999923706055,9.555000305175781,9.5600004196167,7046.0
2024-07-03 10:25:00,ARVN,25.020000457763672,25.020000457763672,25.065000534057617,25.020000457763672,25.065000534057617,2688.0
2024-07-03 10:25:00,ARWR,25.96500015258789,25.96500015258789,25.96500015258789,25.960899353027344,25.960899353027344,680.0
2024-07-03 10:25:00,ASLN,2.359999895095825,2.359999895095825,2.359999895095825,2.309999942779541,2.309999942779541,2288.0
2024-07-03 10:25:00,ASMB,12.329999923706055,12.329999923706055,12.329999923706055,12.329999923706055,12.329999923706055,170.0
2024-07-03 10:25:00,ASND,136.16000366210938,136.16000366210938,136.16000366210938,136.16000366210938,136.16000366210938,313.0
2024-07-03 10:25:00,ASRT,1.3008999824523926,1.3008999824523926,1.3008999824523926,1.3008999824523926,1.3008999824523926,2002.0
2024-07-03 10:25:00,ATEC,9.975000381469727,9.975000381469727,9.975000381469727,9.975000381469727,9.975000381469727,420.0
2024-07-03 10:25:00,ATHA,2.5826001167297363,2.5826001167297363,2.5826001167297363,2.5826001167297363,2.5826001167297363,0.0
2024-07-03 10:25:00,ATOS,1.159999966621399,1.159999966621399,1.1649999618530273,1.159999966621399,1.1649999618530273,19500.0
2024-07-03 10:25:00,ATXS,9.130000114440918,9.130000114440918,9.154999732971191,9.130000114440918,9.140000343322754,1744.0
2024-07-03 10:25:00,AUGX,0.9951000213623047,0.9951000213623047,0.9951000213623047,0.9951000213623047,0.9951000213623047,100.0
2024-07-03 10:25:00,AUTL,3.5,3.5,3.5,3.5,3.5,372.0
2024-07-03 10:25:00,AVDL,14.34000015258789,14.34000015258789,14.34000015258789,14.320500373840332,14.329899787902832,1609.0
2024-07-03 10:25:00,AXNX,67.43000030517578,67.43000030517578,67.43000030517578,67.43000030517578,67.43000030517578,146.0
2024-07-03 10:25:00,AXSM,79.9000015258789,79.9000015258789,80.0,79.9000015258789,80.0,423.0
2024-07-03 10:25:00,AZN,76.94499969482422,76.94499969482422,76.94999694824219,76.8949966430664,76.8949966430664,6435.0
2024-07-03 10:25:00,BBIO,25.459999084472656,25.459999084472656,25.459999084472656,25.459999084472656,25.459999084472656,483.0
2024-07-03 10:25:00,BCAB,1.3550000190734863,1.3550000190734863,1.3550000190734863,1.3550000190734863,1.3550000190734863,500.0
2024-07-03 10:25:00,BCRX,6.740499973297119,6.740499973297119,6.740499973297119,6.71999979019165,6.71999979019165,9821.0
2024-07-03 10:25:00,BEAM,23.860000610351562,23.860000610351562,23.860000610351562,23.790000915527344,23.825000762939453,2376.0
2024-07-03 10:25:00,BEAT,2.7799999713897705,2.7799999713897705,2.7799999713897705,2.7799999713897705,2.7799999713897705,2300.0
2024-07-03 10:25:00,BGNE,147.1999969482422,147.1999969482422,147.1999969482422,147.1999969482422,147.1999969482422,360.0
2024-07-03 10:25:00,BIIB,226.24000549316406,226.24000549316406,226.25,225.7550048828125,225.7550048828125,4223.0
2024-07-03 10:25:00,BIVI,0.4171999990940094,0.4171999990940094,0.4171999990940094,0.4171999990940094,0.4171999990940094,1328.0
2024-07-03 10:25:00,BJDX,0.6251000165939331,0.6251000165939331,0.6251000165939331,0.6251000165939331,0.6251000165939331,4410.0
2024-07-03 10:25:00,BLFS,20.18000030517578,20.18000030517578,20.209999084472656,20.18000030517578,20.209999084472656,1641.0
2024-07-03 10:25:00,BLUE,0.9460999965667725,0.9460999965667725,0.946399986743927,0.9444000124931335,0.946399986743927,19753.0
2024-07-03 10:25:00,BMEA,4.510000228881836,4.510000228881836,4.510000228881836,4.510000228881836,4.510000228881836,200.0
2024-07-03 10:25:00,BMRN,81.68499755859375,81.68499755859375,81.74500274658203,81.68499755859375,81.74500274658203,761.0
2024-07-03 10:25:00,BNGO,0.5521000027656555,0.5521000027656555,0.5521000027656555,0.5521000027656555,0.5521000027656555,500.0
2024-07-03 10:25:00,BNTX,80.75499725341797,80.75499725341797,80.75499725341797,80.75499725341797,80.75499725341797,481.0
2024-07-03 10:25:00,BPMC,111.63999938964844,111.63999938964844,111.63999938964844,111.63999938964844,111.63999938964844,2422.0
2024-07-03 10:25:00,BRKR,62.22999954223633,62.22999954223633,62.22999954223633,62.22999954223633,62.22999954223633,883.0
2024-07-03 10:25:00,BTAI,1.100000023841858,1.100000023841858,1.100000023841858,1.100000023841858,1.100000023841858,3901.0
2024-07-03 10:25:00,CADL,6.329999923706055,6.329999923706055,6.329999923706055,6.289999961853027,6.300000190734863,769.0
2024-07-03 10:25:00,CCCC,4.820000171661377,4.820000171661377,4.820000171661377,4.800000190734863,4.800000190734863,2329.0
2024-07-03 10:25:00,CDMO,7.610000133514404,7.610000133514404,7.619999885559082,7.570000171661377,7.590000152587891,3016.0
2024-07-03 10:25:00,CDNA,15.329999923706055,15.329999923706055,15.329999923706055,15.286700248718262,15.286700248718262,1499.0
2024-07-03 10:25:00,CDXC,2.5999999046325684,2.5999999046325684,2.5999999046325684,2.5999999046325684,2.5999999046325684,552.0
2024-07-03 10:25:00,CDXS,2.9700000286102295,2.9700000286102295,2.9700000286102295,2.9700000286102295,2.9700000286102295,547.0
2024-07-03 10:25:00,CELC,16.540000915527344,16.540000915527344,16.540000915527344,16.540000915527344,16.540000915527344,677.0
2024-07-03 10:25:00,CERE,41.279998779296875,41.279998779296875,41.279998779296875,41.279998779296875,41.279998779296875,1357.0
2024-07-03 10:25:00,CERS,1.725000023841858,1.725000023841858,1.725000023841858,1.725000023841858,1.725000023841858,3178.0
2024-07-03 10:25:00,CGC,6.795000076293945,6.795000076293945,6.829999923706055,6.789999961853027,6.829999923706055,57939.0
2024-07-03 10:25:00,CGEM,16.889999389648438,16.889999389648438,16.889999389648438,16.889999389648438,16.889999389648438,543.0
2024-07-03 10:25:00,CGEN,1.6799999475479126,1.6799999475479126,1.6799999475479126,1.6799999475479126,1.6799999475479126,300.0
2024-07-03 10:25:00,CGTX,1.7999999523162842,1.7999999523162842,1.7999999523162842,1.7999999523162842,1.7999999523162842,10.0
2024-07-03 10:25:00,CHRS,1.440000057220459,1.440000057220459,1.4550000429153442,1.440000057220459,1.4550000429153442,9616.0
2024-07-03 10:25:00,CKPT,2.3350000381469727,2.3350000381469727,2.3350000381469727,2.3350000381469727,2.3350000381469727,684.0
2024-07-03 10:25:00,CLDX,37.349998474121094,37.349998474121094,37.41999816894531,37.34000015258789,37.349998474121094,1220.0
2024-07-03 10:25:00,CLOV,1.2698999643325806,1.2698999643325806,1.2698999643325806,1.266800045967102,1.266800045967102,6328.0
2024-07-03 10:25:00,CLRB,2.450000047683716,2.450000047683716,2.450000047683716,2.449899911880493,2.449899911880493,3320.0
2024-07-03 10:25:00,CMPS,6.239999771118164,6.239999771118164,6.239999771118164,6.239999771118164,6.239999771118164,240.0
2024-07-03 10:25:00,CMPX,0.8500000238418579,0.8500000238418579,0.8500000238418579,0.8500000238418579,0.8500000238418579,1330.0
2024-07-03 10:25:00,CNSP,2.109999895095825,2.109999895095825,2.140000104904175,2.0799999237060547,2.0999999046325684,57118.0
2024-07-03 10:25:00,CODX,1.2750999927520752,1.2750999927520752,1.2750999927520752,1.2750999927520752,1.2750999927520752,0.0
2024-07-03 10:25:00,COGT,8.395000457763672,8.395000457763672,8.395000457763672,8.385000228881836,8.385000228881836,2908.0
2024-07-03 10:25:00,COSM,0.949999988079071,0.949999988079071,0.960099995136261,0.949999988079071,0.960099995136261,13738.0
2024-07-03 10:25:00,CPRX,15.75,15.75,15.75,15.732399940490723,15.732399940490723,1204.0
2024-07-03 10:25:00,CRBU,1.6399999856948853,1.6399999856948853,1.6399999856948853,1.6349999904632568,1.6349999904632568,506.0
2024-07-03 10:25:00,CRDF,2.240000009536743,2.240000009536743,2.244999885559082,2.240000009536743,2.244999885559082,589.0
2024-07-03 10:25:00,CRDL,1.9600000381469727,1.9600000381469727,1.9600000381469727,1.9600000381469727,1.9600000381469727,100.0
2024-07-03 10:25:00,CRMD,4.175000190734863,4.175000190734863,4.175000190734863,4.175000190734863,4.175000190734863,200.0
2024-07-03 10:25:00,CRON,2.3450000286102295,2.3450000286102295,2.347599983215332,2.3450000286102295,2.3450000286102295,4662.0
2024-07-03 10:25:00,CRSP,54.6150016784668,54.6150016784668,54.65480041503906,54.560001373291016,54.65480041503906,4221.0
2024-07-03 10:25:00,CTMX,1.3600000143051147,1.3600000143051147,1.3600000143051147,1.3600000143051147,1.3600000143051147,403.0
2024-07-03 10:25:00,CUE,1.0398999452590942,1.0398999452590942,1.0398999452590942,1.0398999452590942,1.0398999452590942,1013.0
2024-07-03 10:25:00,CUTR,1.3650000095367432,1.3650000095367432,1.3650000095367432,1.3650000095367432,1.3650000095367432,1565.0
2024-07-03 10:25:00,CVAC,3.494999885559082,3.494999885559082,3.5,3.494999885559082,3.498800039291382,7585.0
2024-07-03 10:25:00,CYTK,55.0,55.0,55.0,55.0,55.0,697.0
2024-07-03 10:25:00,CYTO,1.159500002861023,1.159500002861023,1.159500002861023,1.159500002861023,1.159500002861023,2687.0
2024-07-03 10:25:00,DAWN,13.479999542236328,13.479999542236328,13.5,13.470000267028809,13.479999542236328,2845.0
2024-07-03 10:25:00,DCGO,2.920099973678589,2.920099973678589,2.920099973678589,2.9200000762939453,2.9200000762939453,3992.0
2024-07-03 10:25:00,DCTH,8.005000114440918,8.005000114440918,8.005000114440918,7.989999771118164,7.989999771118164,1026.0
2024-07-03 10:25:00,DERM,5.269999980926514,5.269999980926514,5.300300121307373,5.269999980926514,5.300300121307373,14144.0
2024-07-03 10:25:00,DH,5.429999828338623,5.429999828338623,5.429999828338623,5.429999828338623,5.429999828338623,311.0
2024-07-03 10:25:00,DNLI,22.219999313354492,22.219999313354492,22.219999313354492,22.219999313354492,22.219999313354492,531.0
2024-07-03 10:25:00,DRTS,2.390000104904175,2.390000104904175,2.390000104904175,2.390000104904175,2.390000104904175,686.0
2024-07-03 10:25:00,DVAX,11.1899995803833,11.1899995803833,11.1899995803833,11.175000190734863,11.180000305175781,5732.0
2024-07-03 10:25:00,DXCM,110.30500030517578,110.30500030517578,110.45999908447266,110.25,110.45999908447266,4548.0
2024-07-03 10:25:00,DYN,34.95000076293945,34.95000076293945,34.95000076293945,34.95000076293945,34.95000076293945,142.0
2024-07-03 10:25:00,EDIT,4.71999979019165,4.71999979019165,4.7256999015808105,4.71999979019165,4.7256999015808105,4390.0
2024-07-03 10:25:00,ELEV,2.755000114440918,2.755000114440918,2.755000114440918,2.755000114440918,2.755000114440918,469.0
2024-07-03 10:25:00,EMBC,11.989999771118164,11.989999771118164,11.989999771118164,11.989999771118164,11.989999771118164,636.0
2024-07-03 10:25:00,ENVB,0.5112000107765198,0.5112000107765198,0.5112000107765198,0.5112000107765198,0.5112000107765198,219.0
2024-07-03 10:25:00,EOLS,10.869999885559082,10.869999885559082,10.869999885559082,10.84000015258789,10.84000015258789,1489.0
2024-07-03 10:25:00,ERAS,2.2750000953674316,2.2750000953674316,2.2750000953674316,2.2699999809265137,2.2699999809265137,577.0
2024-07-03 10:25:00,ESPR,2.390000104904175,2.390000104904175,2.390000104904175,2.384999990463257,2.384999990463257,9255.0
2024-07-03 10:25:00,ESTA,43.720001220703125,43.720001220703125,43.720001220703125,43.33000183105469,43.33000183105469,3477.0
2024-07-03 10:25:00,ETNB,7.739999771118164,7.739999771118164,7.739999771118164,7.735000133514404,7.735000133514404,2981.0
2024-07-03 10:25:00,EVO,5.079899787902832,5.079899787902832,5.079899787902832,5.079899787902832,5.079899787902832,21.0
2024-07-03 10:25:00,EVOK,0.5353999733924866,0.5353999733924866,0.5353999733924866,0.5353999733924866,0.5353999733924866,106.0
2024-07-03 10:25:00,EWTX,18.384599685668945,18.384599685668945,18.40999984741211,18.3700008392334,18.399900436401367,4291.0
2024-07-03 10:25:00,EXAI,5.389999866485596,5.389999866485596,5.389999866485596,5.389999866485596,5.389999866485596,350.0
2024-07-03 10:25:00,EXAS,43.290000915527344,43.290000915527344,43.290000915527344,43.150001525878906,43.189998626708984,4628.0
2024-07-03 10:25:00,EXEL,22.125,22.125,22.125,22.114999771118164,22.114999771118164,867.0
2024-07-03 10:25:00,FATE,3.3450000286102295,3.3450000286102295,3.3499999046325684,3.3350000381469727,3.3499999046325684,4606.0
2024-07-03 10:25:00,FBRX,0.5040000081062317,0.5040000081062317,0.5040000081062317,0.5040000081062317,0.5040000081062317,102.0
2024-07-03 10:25:00,FDMT,21.200000762939453,21.200000762939453,21.200000762939453,21.190000534057617,21.190000534057617,320.0
2024-07-03 10:25:00,FGEN,0.7328000068664551,0.7328000068664551,0.7328000068664551,0.7307000160217285,0.7307000160217285,13298.0
2024-07-03 10:25:00,FLGT,20.200000762939453,20.200000762939453,20.200000762939453,20.200000762939453,20.200000762939453,501.0
2024-07-03 10:25:00,FOLD,9.9399995803833,9.9399995803833,9.9399995803833,9.9399995803833,9.9399995803833,331.0
2024-07-03 10:25:00,FULC,6.170000076293945,6.170000076293945,6.179999828338623,6.170000076293945,6.179999828338623,332.0
2024-07-03 10:25:00,GDRX,7.869999885559082,7.869999885559082,7.880000114440918,7.860000133514404,7.860000133514404,5414.0
2024-07-03 10:25:00,GERN,4.40500020980835,4.40500020980835,4.409999847412109,4.400000095367432,4.409999847412109,11858.0
2024-07-03 10:25:00,GH,28.729999542236328,28.729999542236328,28.729999542236328,28.670000076293945,28.719999313354492,6455.0
2024-07-03 10:25:00,GILD,67.19999694824219,67.19999694824219,67.22000122070312,67.09500122070312,67.11250305175781,13710.0
2024-07-03 10:25:00,GLMD,0.28999999165534973,0.28999999165534973,0.28999999165534973,0.28999999165534973,0.28999999165534973,0.0
2024-07-03 10:25:00,GLPG,25.389999389648438,25.389999389648438,25.399999618530273,25.389999389648438,25.399999618530273,855.0
2024-07-03 10:25:00,GLSI,17.25,17.25,17.25,17.25,17.25,314.0
2024-07-03 10:25:00,GLYC,0.2696000039577484,0.2696000039577484,0.2696000039577484,0.2696000039577484,0.2696000039577484,561.0
2024-07-03 10:25:00,GMAB,25.190000534057617,25.190000534057617,25.190000534057617,25.170000076293945,25.170000076293945,858.0
2024-07-03 10:25:00,GOSS,0.9337000250816345,0.9337000250816345,0.9337000250816345,0.9300000071525574,0.9300000071525574,758.0
2024-07-03 10:25:00,GOVX,3.062000036239624,3.062000036239624,3.062000036239624,3.059999942779541,3.059999942779541,2032.0
2024-07-03 10:25:00,GRFS,6.689499855041504,6.689499855041504,6.689499855041504,6.679999828338623,6.679999828338623,2080.0
2024-07-03 10:25:00,GRTS,0.5579000115394592,0.5579000115394592,0.5579000115394592,0.5536999702453613,0.5536999702453613,2479.0
2024-07-03 10:25:00,HALO,51.625,51.625,51.625,51.53499984741211,51.53499984741211,2132.0
2024-07-03 10:25:00,HCAT,6.179999828338623,6.179999828338623,6.190000057220459,6.179999828338623,6.190000057220459,1904.0
2024-07-03 10:25:00,HCM,17.50749969482422,17.50749969482422,17.530000686645508,17.5049991607666,17.520000457763672,2846.0
2024-07-03 10:25:00,HCSG,10.8149995803833,10.8149995803833,10.864999771118164,10.8149995803833,10.864999771118164,907.0
2024-07-03 10:25:00,HITI,2.100100040435791,2.100100040435791,2.109999895095825,2.0999999046325684,2.109999895095825,3505.0
2024-07-03 10:25:00,HLVX,14.300000190734863,14.300000190734863,14.300000190734863,14.300000190734863,14.300000190734863,295.0
2024-07-03 10:25:00,HOLX,73.3114013671875,73.3114013671875,73.33999633789062,73.2699966430664,73.27999877929688,4353.0
2024-07-03 10:25:00,HOWL,2.224900007247925,2.224900007247925,2.224900007247925,2.224900007247925,2.224900007247925,582.0
2024-07-03 10:25:00,HQY,83.72000122070312,83.72000122070312,83.7300033569336,83.58000183105469,83.58000183105469,8371.0
2024-07-03 10:25:00,HROW,22.104999542236328,22.104999542236328,22.104999542236328,22.104999542236328,22.104999542236328,337.0
2024-07-03 10:25:00,HRTX,2.815000057220459,2.815000057220459,2.815000057220459,2.815000057220459,2.815000057220459,1525.0
2024-07-03 10:25:00,HSCS,5.0,5.0,5.0,5.0,5.0,259.0
2024-07-03 10:25:00,HSIC,65.44000244140625,65.44000244140625,65.44000244140625,65.36000061035156,65.36000061035156,2744.0
2024-07-03 10:25:00,HUGE,0.1485999971628189,0.1485999971628189,0.1485999971628189,0.1485999971628189,0.1485999971628189,455.0
2024-07-03 10:25:00,HUMA,5.75,5.75,5.769999980926514,5.744999885559082,5.744999885559082,30693.0
2024-07-03 10:25:00,IART,29.18000030517578,29.18000030517578,29.18000030517578,29.18000030517578,29.18000030517578,656.0
2024-07-03 10:25:00,IBRX,6.304999828338623,6.304999828338623,6.304999828338623,6.302000045776367,6.302000045776367,1211.0
2024-07-03 10:25:00,ICLR,320.2950134277344,320.2950134277344,320.2950134277344,320.2950134277344,320.2950134277344,821.0
2024-07-03 10:25:00,IDXX,475.6199951171875,475.6199951171875,475.79998779296875,474.8599853515625,475.2349853515625,3251.0
2024-07-03 10:25:00,IFRX,1.659999966621399,1.659999966621399,1.6699999570846558,1.659999966621399,1.6699999570846558,97.0
2024-07-03 10:25:00,IGMS,6.619999885559082,6.619999885559082,6.619999885559082,6.619999885559082,6.619999885559082,200.0
2024-07-03 10:25:00,IINN,1.399999976158142,1.399999976158142,1.399999976158142,1.399999976158142,1.399999976158142,2077.0
2024-07-03 10:25:00,IKNA,1.649999976158142,1.649999976158142,1.649999976158142,1.649999976158142,1.649999976158142,104.0
2024-07-03 10:25:00,ILMN,106.2699966430664,106.2699966430664,106.37830352783203,106.2699966430664,106.37830352783203,3167.0
2024-07-03 10:25:00,IMCC,0.4799000024795532,0.4799000024795532,0.47999998927116394,0.4693000018596649,0.4799000024795532,7531.0
2024-07-03 10:25:00,IMCR,35.9900016784668,35.9900016784668,35.9900016784668,35.9900016784668,35.9900016784668,167.0
2024-07-03 10:25:00,IMMX,2.212399959564209,2.212399959564209,2.212399959564209,2.212399959564209,2.212399959564209,116.0
2024-07-03 10:25:00,IMNM,12.234999656677246,12.234999656677246,12.234999656677246,12.201800346374512,12.201800346374512,1680.0
2024-07-03 10:25:00,IMRX,1.149999976158142,1.149999976158142,1.149999976158142,1.149999976158142,1.149999976158142,235.0
2024-07-03 10:25:00,IMTX,12.0600004196167,12.0600004196167,12.0600004196167,12.0600004196167,12.0600004196167,113.0
2024-07-03 10:25:00,IMVT,26.989999771118164,26.989999771118164,26.989999771118164,26.989999771118164,26.989999771118164,910.0
2024-07-03 10:25:00,INCY,58.25,58.25,58.279998779296875,58.22999954223633,58.2400016784668,4814.0
2024-07-03 10:25:00,INGN,7.835000038146973,7.835000038146973,7.835000038146973,7.835000038146973,7.835000038146973,208.0
2024-07-03 10:25:00,INM,0.25589999556541443,0.25589999556541443,0.25589999556541443,0.2502000033855438,0.2502000033855438,2004.0
2024-07-03 10:25:00,INMD,17.760000228881836,17.760000228881836,17.780000686645508,17.760000228881836,17.760000228881836,11020.0
2024-07-03 10:25:00,INSM,64.05999755859375,64.05999755859375,64.1500015258789,64.0250015258789,64.0250015258789,18725.0
2024-07-03 10:25:00,INZY,4.539999961853027,4.539999961853027,4.539999961853027,4.539999961853027,4.539999961853027,1028.0
2024-07-03 10:25:00,IONM,0.32899999618530273,0.32899999618530273,0.32899999618530273,0.32899999618530273,0.32899999618530273,300.0
2024-07-03 10:25:00,IONS,45.20000076293945,45.20000076293945,45.20000076293945,45.17499923706055,45.17499923706055,2074.0
2024-07-03 10:25:00,IOVA,7.795000076293945,7.795000076293945,7.795000076293945,7.78000020980835,7.784999847412109,7332.0
2024-07-03 10:25:00,IPSC,2.265000104904175,2.265000104904175,2.265000104904175,2.265000104904175,2.265000104904175,722.0
2024-07-03 10:25:00,IRTC,94.73999786376953,94.73999786376953,94.73999786376953,94.2750015258789,94.2750015258789,1315.0
2024-07-03 10:25:00,IRWD,6.210000038146973,6.210000038146973,6.210000038146973,6.210000038146973,6.210000038146973,296.0
2024-07-03 10:25:00,ISRG,434.3299865722656,434.3299865722656,434.7300109863281,434.29998779296875,434.4049987792969,3382.0
2024-07-03 10:25:00,ITOS,14.954999923706055,14.954999923706055,14.954999923706055,14.954999923706055,14.954999923706055,1167.0
2024-07-03 10:25:00,JAGX,3.509999990463257,3.509999990463257,3.509999990463257,3.509999990463257,3.509999990463257,522.0
2024-07-03 10:25:00,JANX,39.14500045776367,39.14500045776367,39.150001525878906,39.130001068115234,39.130001068115234,1047.0
2024-07-03 10:25:00,JAZZ,105.01260375976562,105.01260375976562,105.01260375976562,105.01260375976562,105.01260375976562,798.0
2024-07-03 10:25:00,KALV,11.760000228881836,11.760000228881836,11.760000228881836,11.760000228881836,11.760000228881836,877.0
2024-07-03 10:25:00,KMDA,5.25,5.25,5.25,5.25,5.25,1150.0
2024-07-03 10:25:00,KNSA,19.020000457763672,19.020000457763672,19.020000457763672,19.020000457763672,19.020000457763672,324.0
2024-07-03 10:25:00,KOD,2.240000009536743,2.240000009536743,2.240000009536743,2.240000009536743,2.240000009536743,113.0
2024-07-03 10:25:00,KPTI,0.8456000089645386,0.8456000089645386,0.8456000089645386,0.8456000089645386,0.8456000089645386,236.0
2024-07-03 10:25:00,KROS,42.84000015258789,42.84000015258789,42.84000015258789,42.84000015258789,42.84000015258789,237.0
2024-07-03 10:25:00,KTRA,0.2752000093460083,0.2752000093460083,0.2752000093460083,0.2752000093460083,0.2752000093460083,6940.0
2024-07-03 10:25:00,KURA,20.969999313354492,20.969999313354492,21.0,20.969999313354492,21.0,1894.0
2024-07-03 10:25:00,KYMR,31.19499969482422,31.19499969482422,31.207500457763672,31.1299991607666,31.15999984741211,2139.0
2024-07-03 10:25:00,KZIA,0.2207999974489212,0.2207999974489212,0.2207999974489212,0.2207999974489212,0.2207999974489212,101.0
2024-07-03 10:25:00,KZR,0.5727999806404114,0.5727999806404114,0.5727999806404114,0.5727999806404114,0.5727999806404114,419.0
2024-07-03 10:25:00,LEGN,45.30139923095703,45.30139923095703,45.41999816894531,45.29999923706055,45.349998474121094,1869.0
2024-07-03 10:25:00,LNTH,78.75,78.75,78.75,78.74500274658203,78.74500274658203,547.0
2024-07-03 10:25:00,LOGC,5.75,5.75,5.75,5.75,5.75,367.0
2024-07-03 10:25:00,LQDA,12.104100227355957,12.104100227355957,12.104100227355957,12.104100227355957,12.104100227355957,221.0
2024-07-03 10:25:00,LSTA,3.4200000762939453,3.4200000762939453,3.424999952316284,3.4200000762939453,3.424999952316284,908.0
2024-07-03 10:25:00,LUCY,0.4819999933242798,0.4819999933242798,0.4819999933242798,0.4819999933242798,0.4819999933242798,8000.0
2024-07-03 10:25:00,LUNG,6.320000171661377,6.320000171661377,6.320000171661377,6.320000171661377,6.320000171661377,531.0
2024-07-03 10:25:00,LXRX,1.6349999904632568,1.6349999904632568,1.6399999856948853,1.6349999904632568,1.6399999856948853,2297.0
2024-07-03 10:25:00,MASI,114.02999877929688,114.02999877929688,114.24500274658203,114.0,114.01000213623047,3039.0
2024-07-03 10:25:00,MASS,4.820000171661377,4.820000171661377,4.820000171661377,4.820000171661377,4.820000171661377,83.0
2024-07-03 10:25:00,MBIO,0.5180000066757202,0.5180000066757202,0.5224000215530396,0.5180000066757202,0.5224000215530396,96973.0
2024-07-03 10:25:00,MBOT,1.090999960899353,1.090999960899353,1.090999960899353,1.090000033378601,1.0901000499725342,5043.0
2024-07-03 10:25:00,MCRB,0.703000009059906,0.703000009059906,0.7062000036239624,0.703000009059906,0.703000009059906,1336.0
2024-07-03 10:25:00,MDGL,271.20001220703125,271.20001220703125,272.6600036621094,271.20001220703125,272.6600036621094,3195.0
2024-07-03 10:25:00,MDWD,15.119999885559082,15.119999885559082,15.119999885559082,15.119999885559082,15.119999885559082,848.0
2024-07-03 10:25:00,MDXG,6.804999828338623,6.804999828338623,6.804999828338623,6.804999828338623,6.804999828338623,316.0
2024-07-03 10:25:00,MDXH,2.2950000762939453,2.2950000762939453,2.2950000762939453,2.2950000762939453,2.2950000762939453,4800.0
2024-07-03 10:25:00,ME,0.40220001339912415,0.40220001339912415,0.40310001373291016,0.40220001339912415,0.40220001339912415,1053.0
2024-07-03 10:25:00,MEDP,407.82000732421875,407.82000732421875,407.82000732421875,407.82000732421875,407.82000732421875,296.0
2024-07-03 10:25:00,MEDS,17.8700008392334,17.8700008392334,17.8700008392334,17.8700008392334,17.8700008392334,416.0
2024-07-03 10:25:00,MGNX,4.300000190734863,4.300000190734863,4.300000190734863,4.300000190734863,4.300000190734863,1130.0
2024-07-03 10:25:00,MNKD,5.144999980926514,5.144999980926514,5.159999847412109,5.144999980926514,5.159999847412109,3995.0
2024-07-03 10:25:00,MNMD,7.304999828338623,7.304999828338623,7.304999828338623,7.280099868774414,7.300000190734863,5875.0
2024-07-03 10:25:00,MODV,27.700000762939453,27.700000762939453,27.700000762939453,27.700000762939453,27.700000762939453,754.0
2024-07-03 10:25:00,MORF,32.290000915527344,32.290000915527344,32.290000915527344,32.189998626708984,32.189998626708984,1479.0
2024-07-03 10:25:00,MREO,3.509999990463257,3.509999990463257,3.509999990463257,3.5,3.5,2650.0
2024-07-03 10:25:00,MRNA,117.82499694824219,117.82499694824219,117.95999908447266,117.69000244140625,117.87999725341797,9746.0
2024-07-03 10:25:00,MRSN,1.9199999570846558,1.9199999570846558,1.9199999570846558,1.9199999570846558,1.9199999570846558,3851.0
2024-07-03 10:25:00,MRUS,53.060001373291016,53.060001373291016,53.119998931884766,53.060001373291016,53.119998931884766,632.0
2024-07-03 10:25:00,MRVI,6.855000019073486,6.855000019073486,6.869999885559082,6.855000019073486,6.860000133514404,6712.0
2024-07-03 10:25:00,MXCT,3.734999895095825,3.734999895095825,3.734999895095825,3.734999895095825,3.734999895095825,439.0
2024-07-03 10:25:00,MYGN,25.5,25.5,25.540000915527344,25.5,25.540000915527344,2173.0
2024-07-03 10:25:00,MYNZ,0.3540000021457672,0.3540000021457672,0.3540000021457672,0.3540000021457672,0.3540000021457672,904.0
2024-07-03 10:25:00,NARI,49.77000045776367,49.77000045776367,49.77000045776367,49.77000045776367,49.77000045776367,497.0
2024-07-03 10:25:00,NBIX,138.85000610351562,138.85000610351562,138.94000244140625,138.84500122070312,138.94000244140625,480.0
2024-07-03 10:25:00,NDRA,0.08449999988079071,0.08449999988079071,0.08449999988079071,0.08449999988079071,0.08449999988079071,1305.0
2024-07-03 10:25:00,NEO,13.720000267028809,13.720000267028809,13.720000267028809,13.720000267028809,13.720000267028809,612.0
2024-07-03 10:25:00,NEOG,15.265000343322754,15.265000343322754,15.279999732971191,15.260000228881836,15.279999732971191,1979.0
2024-07-03 10:25:00,NKTR,1.2549999952316284,1.2549999952316284,1.2549999952316284,1.2549999952316284,1.2549999952316284,2240.0
2024-07-03 10:25:00,NKTX,5.53000020980835,5.53000020980835,5.550000190734863,5.53000020980835,5.550000190734863,3531.0
2024-07-03 10:25:00,NLSP,0.2029999941587448,0.2029999941587448,0.2029999941587448,0.2029999941587448,0.2029999941587448,1648.0
2024-07-03 10:25:00,NNOX,7.18720006942749,7.18720006942749,7.19290018081665,7.170000076293945,7.19290018081665,1686.0
2024-07-03 10:25:00,NRIX,19.934999465942383,19.934999465942383,19.934999465942383,19.934999465942383,19.934999465942383,442.0
2024-07-03 10:25:00,NTLA,23.100000381469727,23.100000381469727,23.1299991607666,23.020200729370117,23.020200729370117,2909.0
2024-07-03 10:25:00,NTRA,112.45999908447266,112.45999908447266,112.54000091552734,112.45999908447266,112.51000213623047,2073.0
2024-07-03 10:25:00,NTRB,5.789999961853027,5.789999961853027,5.979899883270264,5.789999961853027,5.929999828338623,4400.0
2024-07-03 10:25:00,NUTX,5.396900177001953,5.396900177001953,5.396900177001953,5.396900177001953,5.396900177001953,682.0
2024-07-03 10:25:00,NUVL,72.13999938964844,72.13999938964844,72.28500366210938,72.13249969482422,72.28500366210938,1773.0
2024-07-03 10:25:00,NVAX,13.09000015258789,13.09000015258789,13.100000381469727,13.079999923706055,13.09000015258789,10288.0
2024-07-03 10:25:00,NVCR,16.985000610351562,16.985000610351562,17.0,16.985000610351562,16.985000610351562,2330.0
2024-07-03 10:25:00,NXL,1.409999966621399,1.409999966621399,1.409999966621399,1.409999966621399,1.409999966621399,119.0
2024-07-03 10:25:00,OCGN,1.684999942779541,1.684999942779541,1.690000057220459,1.684999942779541,1.690000057220459,7065.0
2024-07-03 10:25:00,OCUL,6.894999980926514,6.894999980926514,6.894999980926514,6.869999885559082,6.869999885559082,1249.0
2024-07-03 10:25:00,OGI,1.6100000143051147,1.6100000143051147,1.6100000143051147,1.6100000143051147,1.6100000143051147,239.0
2024-07-03 10:25:00,OLK,25.7549991607666,25.7549991607666,25.7549991607666,25.75,25.75,29000.0
2024-07-03 10:25:00,OM,3.7750000953674316,3.7750000953674316,3.7799999713897705,3.7699999809265137,3.7699999809265137,2015.0
2024-07-03 10:25:00,OMGA,2.0450000762939453,2.0450000762939453,2.0450000762939453,2.0450000762939453,2.0450000762939453,530.0
2024-07-03 10:26:00,AADI,1.3700000047683716,1.3700000047683716,1.375,1.3700000047683716,1.375,451.0
2024-07-03 10:26:00,ABEO,4.309999942779541,4.309999942779541,4.309999942779541,4.309999942779541,4.309999942779541,130.0
2024-07-03 10:26:00,ABOS,2.319999933242798,2.319999933242798,2.3203999996185303,2.319999933242798,2.3203999996185303,719.0
2024-07-03 10:26:00,ABSI,3.234999895095825,3.234999895095825,3.25,3.2300000190734863,3.2300000190734863,8290.0
2024-07-03 10:26:00,ABUS,3.2100000381469727,3.2100000381469727,3.2100000381469727,3.2049999237060547,3.2049999237060547,949.0
2024-07-03 10:26:00,ACAD,15.829000473022461,15.829000473022461,15.829000473022461,15.8193998336792,15.8193998336792,1732.0
2024-07-03 10:26:00,ACB,4.980000019073486,4.980000019073486,4.989999771118164,4.980000019073486,4.980000019073486,12047.0
2024-07-03 10:26:00,ACCD,3.565000057220459,3.565000057220459,3.5687999725341797,3.565000057220459,3.5687999725341797,1363.0
2024-07-03 10:26:00,ACET,1.065000057220459,1.065000057220459,1.065000057220459,1.059999942779541,1.059999942779541,2468.0
2024-07-03 10:26:00,ACHC,66.0199966430664,66.0199966430664,66.0250015258789,66.0199966430664,66.0250015258789,257.0
2024-07-03 10:26:00,ACLX,54.619998931884766,54.619998931884766,54.619998931884766,54.619998931884766,54.619998931884766,104.0
2024-07-03 10:26:00,ADAP,1.0399999618530273,1.0399999618530273,1.0499999523162842,1.0399999618530273,1.0499999523162842,300.0
2024-07-03 10:26:00,ADMA,11.489999771118164,11.489999771118164,11.489999771118164,11.475000381469727,11.479999542236328,5867.0
2024-07-03 10:26:00,ADPT,3.3949999809265137,3.3949999809265137,3.3949999809265137,3.3949999809265137,3.3949999809265137,545.0
2024-07-03 10:26:00,ADUS,117.5,117.5,117.73999786376953,117.5,117.63999938964844,2903.0
2024-07-03 10:26:00,AEMD,0.42010000348091125,0.42010000348091125,0.42010000348091125,0.42010000348091125,0.42010000348091125,751.0
2024-07-03 10:26:00,AFMD,5.150000095367432,5.150000095367432,5.150000095367432,5.150000095367432,5.150000095367432,469.0
2024-07-03 10:26:00,AGEN,14.8100004196167,14.8100004196167,14.8100004196167,14.760000228881836,14.760000228881836,1002.0
2024-07-03 10:26:00,AHCO,9.824999809265137,9.824999809265137,9.824999809265137,9.819999694824219,9.819999694824219,2315.0
2024-07-03 10:26:00,AIMD,0.8098999857902527,0.8098999857902527,0.8100000023841858,0.8050000071525574,0.8100000023841858,1800.0
2024-07-03 10:26:00,AKAN,2.2899999618530273,2.2899999618530273,2.2899999618530273,2.2899999618530273,2.2899999618530273,0.0
2024-07-03 10:26:00,AKBA,0.9656000137329102,0.9656000137329102,0.9659000039100647,0.965499997138977,0.965499997138977,1600.0
2024-07-03 10:26:00,ALDX,3.2899999618530273,3.2899999618530273,3.2899999618530273,3.2899999618530273,3.2899999618530273,596.0
2024-07-03 10:26:00,ALGN,238.72000122070312,238.72000122070312,238.86500549316406,238.6300048828125,238.8000030517578,1655.0
2024-07-03 10:26:00,ALHC,8.020000457763672,8.020000457763672,8.020000457763672,8.0,8.010000228881836,25762.0
2024-07-03 10:26:00,ALKS,24.530000686645508,24.530000686645508,24.530000686645508,24.530000686645508,24.530000686645508,190.0
2024-07-03 10:26:00,ALLK,0.8628000020980835,0.8628000020980835,0.8628000020980835,0.8619999885559082,0.8619999885559082,466.0
2024-07-03 10:26:00,ALLO,2.1700000762939453,2.1700000762939453,2.1700000762939453,2.1649999618530273,2.1649999618530273,2138.0
2024-07-03 10:26:00,ALLR,0.2070000022649765,0.2070000022649765,0.20759999752044678,0.2070000022649765,0.20759999752044678,12862.0
2024-07-03 10:26:00,ALNY,248.49989318847656,248.49989318847656,248.49989318847656,248.49989318847656,248.49989318847656,919.0
2024-07-03 10:26:00,ALT,6.880000114440918,6.880000114440918,6.880000114440918,6.840000152587891,6.840000152587891,5230.0
2024-07-03 10:26:00,ALVR,0.7383000254631042,0.7383000254631042,0.7383000254631042,0.7382000088691711,0.7382000088691711,755.0
2024-07-03 10:26:00,AMED,96.7699966430664,96.7699966430664,96.7699966430664,96.7300033569336,96.73999786376953,8926.0
2024-07-03 10:26:00,AMGN,311.4075012207031,311.4075012207031,311.489990234375,311.25,311.489990234375,965.0
2024-07-03 10:26:00,AMPH,38.18000030517578,38.18000030517578,38.18000030517578,38.18000030517578,38.18000030517578,128.0
2024-07-03 10:26:00,ANGO,5.699999809265137,5.699999809265137,5.699999809265137,5.699999809265137,5.699999809265137,200.0
2024-07-03 10:26:00,ANNX,4.909999847412109,4.909999847412109,4.909999847412109,4.900100231170654,4.90500020980835,1852.0
2024-07-03 10:26:00,ANTX,2.569999933242798,2.569999933242798,2.569999933242798,2.569999933242798,2.569999933242798,684.0
2024-07-03 10:26:00,APLS,35.96500015258789,35.96500015258789,35.9900016784668,35.96500015258789,35.9900016784668,530.0
2024-07-03 10:26:00,APLT,4.449999809265137,4.449999809265137,4.460000038146973,4.449999809265137,4.449999809265137,1468.0
2024-07-03 10:26:00,AQST,2.440000057220459,2.440000057220459,2.440000057220459,2.434999942779541,2.434999942779541,936.0
2024-07-03 10:26:00,ARAY,1.784999966621399,1.784999966621399,1.784999966621399,1.784999966621399,1.784999966621399,137.0
2024-07-03 10:26:00,ARCT,21.84000015258789,21.84000015258789,22.0,21.780000686645508,21.979999542236328,4573.0
2024-07-03 10:26:00,ARDX,5.275000095367432,5.275000095367432,5.28000020980835,5.269999980926514,5.269999980926514,4139.0
2024-07-03 10:26:00,ARQT,9.595000267028809,9.595000267028809,9.600000381469727,9.579999923706055,9.579999923706055,6668.0
2024-07-03 10:26:00,ARVN,25.059999465942383,25.059999465942383,25.079999923706055,25.059999465942383,25.079999923706055,560.0
2024-07-03 10:26:00,ARWR,25.969999313354492,25.969999313354492,26.0,25.940000534057617,25.96500015258789,5932.0
2024-07-03 10:26:00,ASMB,12.100000381469727,12.100000381469727,12.25,12.100000381469727,12.25,1717.0
2024-07-03 10:26:00,ASRT,1.2999999523162842,1.2999999523162842,1.3006000518798828,1.2999999523162842,1.3006000518798828,7067.0
2024-07-03 10:26:00,ATAI,1.309999942779541,1.309999942779541,1.3199000358581543,1.309999942779541,1.315000057220459,1000.0
2024-07-03 10:26:00,ATEC,9.989999771118164,9.989999771118164,9.989999771118164,9.989999771118164,9.989999771118164,621.0
2024-07-03 10:26:00,ATNF,1.590000033378601,1.590000033378601,1.590000033378601,1.590000033378601,1.590000033378601,191.0
2024-07-03 10:26:00,ATOS,1.1699999570846558,1.1699999570846558,1.1699999570846558,1.1649999618530273,1.1649999618530273,0.0
2024-07-03 10:26:00,ATRC,22.350000381469727,22.350000381469727,22.350000381469727,22.350000381469727,22.350000381469727,106.0
2024-07-03 10:26:00,AUGX,0.9951000213623047,0.9951000213623047,0.9951000213623047,0.9951000213623047,0.9951000213623047,400.0
2024-07-03 10:26:00,AUPH,5.534999847412109,5.534999847412109,5.534999847412109,5.53000020980835,5.53000020980835,989.0
2024-07-03 10:26:00,AVTE,1.6399999856948853,1.6399999856948853,1.6399999856948853,1.6399999856948853,1.6399999856948853,16859.0
2024-07-03 10:26:00,AVXL,4.264999866485596,4.264999866485596,4.269999980926514,4.264999866485596,4.269999980926514,367.0
2024-07-03 10:26:00,AXNX,67.44000244140625,67.44000244140625,67.44000244140625,67.44000244140625,67.44000244140625,216.0
2024-07-03 10:26:00,AXSM,79.92500305175781,79.92500305175781,79.92500305175781,79.92500305175781,79.92500305175781,623.0
2024-07-03 10:26:00,AZN,76.91999816894531,76.91999816894531,76.94999694824219,76.91999816894531,76.94999694824219,6697.0
2024-07-03 10:26:00,AZTA,52.880001068115234,52.880001068115234,52.880001068115234,52.880001068115234,52.880001068115234,325.0
2024-07-03 10:26:00,BBIO,25.40999984741211,25.40999984741211,25.479999542236328,25.40999984741211,25.46500015258789,4060.0
2024-07-03 10:26:00,BCAB,1.3550000190734863,1.3550000190734863,1.3550000190734863,1.3550000190734863,1.3550000190734863,5505.0
2024-07-03 10:26:00,BCRX,6.75,6.75,6.75,6.75,6.75,15344.0
2024-07-03 10:26:00,BDTX,4.210000038146973,4.210000038146973,4.210000038146973,4.190000057220459,4.210000038146973,2227.0
2024-07-03 10:26:00,BEAM,23.889999389648438,23.889999389648438,23.899999618530273,23.84000015258789,23.84000015258789,4077.0
2024-07-03 10:26:00,BEAT,2.734999895095825,2.734999895095825,2.734999895095825,2.734999895095825,2.734999895095825,0.0
2024-07-03 10:26:00,BGNE,147.2050018310547,147.2050018310547,147.2050018310547,147.2050018310547,147.2050018310547,389.0
2024-07-03 10:26:00,BGXX,0.2743000090122223,0.2743000090122223,0.27559998631477356,0.2743000090122223,0.27559998631477356,4549.0
2024-07-03 10:26:00,BIIB,225.9949951171875,225.9949951171875,226.14999389648438,225.8800048828125,226.14999389648438,809.0
2024-07-03 10:26:00,BJDX,0.6251000165939331,0.6251000165939331,0.6258999705314636,0.6251000165939331,0.6258999705314636,493.0
2024-07-03 10:26:00,BLFS,20.25,20.25,20.25,20.200000762939453,20.25,4281.0
2024-07-03 10:26:00,BLUE,0.9498999714851379,0.9498999714851379,0.9510999917984009,0.9449999928474426,0.9456999897956848,21069.0
2024-07-03 10:26:00,BMEA,4.520100116729736,4.520100116729736,4.5289998054504395,4.519999980926514,4.5289998054504395,3475.0
2024-07-03 10:26:00,BMRN,81.6500015258789,81.6500015258789,81.68499755859375,81.63999938964844,81.67500305175781,975.0
2024-07-03 10:26:00,BNGO,0.5521000027656555,0.5521000027656555,0.5521000027656555,0.5521000027656555,0.5521000027656555,4691.0
2024-07-03 10:26:00,BNTC,8.510000228881836,8.510000228881836,8.795000076293945,8.510000228881836,8.795000076293945,1074.0
2024-07-03 10:26:00,BOLT,0.7376000285148621,0.7376000285148621,0.7376000285148621,0.7376000285148621,0.7376000285148621,624.0
2024-07-03 10:26:00,BRKR,62.224998474121094,62.224998474121094,62.224998474121094,62.224998474121094,62.224998474121094,888.0
2024-07-03 10:26:00,BTAI,1.100000023841858,1.100000023841858,1.1098999977111816,1.100000023841858,1.1098999977111816,1930.0
2024-07-03 10:26:00,BVS,6.170000076293945,6.170000076293945,6.170000076293945,6.150000095367432,6.150000095367432,2734.0
2024-07-03 10:26:00,CADL,6.289999961853027,6.289999961853027,6.289999961853027,6.260000228881836,6.2600998878479,1446.0
2024-07-03 10:26:00,CCCC,4.835000038146973,4.835000038146973,4.840000152587891,4.829999923706055,4.829999923706055,1243.0
2024-07-03 10:26:00,CDMO,7.630000114440918,7.630000114440918,7.635000228881836,7.630000114440918,7.630000114440918,1732.0
2024-07-03 10:26:00,CDNA,15.362000465393066,15.362000465393066,15.362000465393066,15.319999694824219,15.357999801635742,2051.0
2024-07-03 10:26:00,CDXC,2.5999999046325684,2.5999999046325684,2.5999999046325684,2.5999999046325684,2.5999999046325684,718.0
2024-07-03 10:26:00,CELUW,0.015300000086426735,0.015300000086426735,0.015300000086426735,0.015300000086426735,0.015300000086426735,0.0
2024-07-03 10:26:00,CERE,41.279998779296875,41.279998779296875,41.290000915527344,41.279998779296875,41.279998779296875,3196.0
2024-07-03 10:26:00,CERS,1.725000023841858,1.725000023841858,1.7300000190734863,1.725000023841858,1.725000023841858,7107.0
2024-07-03 10:26:00,CERT,13.869999885559082,13.869999885559082,13.869999885559082,13.850000381469727,13.850000381469727,1716.0
2024-07-03 10:26:00,CGC,6.828000068664551,6.828000068664551,6.840000152587891,6.800000190734863,6.800000190734863,43625.0
2024-07-03 10:26:00,CGEM,16.829999923706055,16.829999923706055,16.920000076293945,16.81999969482422,16.920000076293945,2877.0
2024-07-03 10:26:00,CGEN,1.6950000524520874,1.6950000524520874,1.6950000524520874,1.6749999523162842,1.6749999523162842,1601.0
2024-07-03 10:26:00,CHRS,1.4492000341415405,1.4492000341415405,1.4492000341415405,1.4492000341415405,1.4492000341415405,645.0
2024-07-03 10:26:00,CING,0.3199999928474426,0.3199999928474426,0.3199999928474426,0.3199000060558319,0.3199999928474426,16365.0
2024-07-03 10:26:00,CKPT,2.3299999237060547,2.3299999237060547,2.3350000381469727,2.309999942779541,2.3350000381469727,13151.0
2024-07-03 10:26:00,CMAX,2.1600000858306885,2.1600000858306885,2.1600000858306885,2.1600000858306885,2.1600000858306885,205.0
2024-07-03 10:26:00,CMPS,6.2399001121521,6.2399001121521,6.239999771118164,6.230800151824951,6.239999771118164,1267.0
2024-07-03 10:26:00,CNSP,2.1698999404907227,2.1698999404907227,2.1698999404907227,2.1012001037597656,2.1012001037597656,49456.0
2024-07-03 10:26:00,CODX,1.2899999618530273,1.2899999618530273,1.2899999618530273,1.2899999618530273,1.2899999618530273,6402.0
2024-07-03 10:26:00,COGT,8.399999618530273,8.399999618530273,8.399999618530273,8.395000457763672,8.399999618530273,921.0
2024-07-03 10:26:00,COSM,0.9498999714851379,0.9498999714851379,0.9502000212669373,0.9402999877929688,0.9502000212669373,14776.0
2024-07-03 10:26:00,CPRX,15.739999771118164,15.739999771118164,15.75,15.739999771118164,15.75,1232.0
2024-07-03 10:26:00,CRBP,48.775001525878906,48.775001525878906,48.775001525878906,48.775001525878906,48.775001525878906,376.0
2024-07-03 10:26:00,CRBU,1.6444000005722046,1.6444000005722046,1.6449999809265137,1.6349999904632568,1.6349999904632568,12194.0
2024-07-03 10:26:00,CRDF,2.25,2.25,2.25,2.25,2.25,200.0
2024-07-03 10:26:00,CRMD,4.175000190734863,4.175000190734863,4.175000190734863,4.175000190734863,4.175000190734863,121.0
2024-07-03 10:26:00,CRNX,45.2400016784668,45.2400016784668,45.2400016784668,45.15999984741211,45.15999984741211,1025.0
2024-07-03 10:26:00,CRSP,54.679901123046875,54.679901123046875,54.679901123046875,54.54999923706055,54.6349983215332,4524.0
2024-07-03 10:26:00,CTKB,5.760000228881836,5.760000228881836,5.760000228881836,5.760000228881836,5.760000228881836,2435.0
2024-07-03 10:26:00,CTMX,1.3600000143051147,1.3600000143051147,1.3600000143051147,1.3550000190734863,1.3600000143051147,3035.0
2024-07-03 10:26:00,CUTR,1.3600000143051147,1.3600000143051147,1.3650000095367432,1.3600000143051147,1.3650000095367432,325.0
2024-07-03 10:26:00,CVAC,3.490799903869629,3.490799903869629,3.505000114440918,3.490000009536743,3.494999885559082,11823.0
2024-07-03 10:26:00,DAWN,13.489999771118164,13.489999771118164,13.489999771118164,13.489999771118164,13.489999771118164,135.0
2024-07-03 10:26:00,DCTH,8.0,8.0,8.0,8.0,8.0,160.0
2024-07-03 10:26:00,DNLI,22.229999542236328,22.229999542236328,22.229999542236328,22.229999542236328,22.229999542236328,363.0
2024-07-03 10:26:00,DVAX,11.170000076293945,11.170000076293945,11.1899995803833,11.170000076293945,11.1899995803833,1992.0
2024-07-03 10:26:00,DXCM,110.28500366210938,110.28500366210938,110.30500030517578,110.22000122070312,110.30500030517578,1033.0
2024-07-03 10:26:00,DYN,34.94499969482422,34.94499969482422,34.94499969482422,34.94499969482422,34.94499969482422,552.0
2024-07-03 10:26:00,EDIT,4.725200176239014,4.725200176239014,4.730000019073486,4.724999904632568,4.724999904632568,973.0
2024-07-03 10:26:00,EMBC,12.010000228881836,12.010000228881836,12.010000228881836,12.010000228881836,12.010000228881836,248.0
2024-07-03 10:26:00,ENSG,126.29499816894531,126.29499816894531,126.29499816894531,126.29499816894531,126.29499816894531,1636.0
2024-07-03 10:26:00,ERAS,2.2750000953674316,2.2750000953674316,2.2750000953674316,2.2750000953674316,2.2750000953674316,1706.0
2024-07-03 10:26:00,ESPR,2.390000104904175,2.390000104904175,2.3949999809265137,2.384999990463257,2.384999990463257,63637.0
2024-07-03 10:26:00,ESTA,43.564998626708984,43.564998626708984,43.564998626708984,43.564998626708984,43.564998626708984,477.0
2024-07-03 10:26:00,EXAI,5.389999866485596,5.389999866485596,5.389999866485596,5.389999866485596,5.389999866485596,1133.0
2024-07-03 10:26:00,EXAS,43.33000183105469,43.33000183105469,43.380001068115234,43.310001373291016,43.310001373291016,923.0
2024-07-03 10:26:00,EYEN,0.7900999784469604,0.7900999784469604,0.7900999784469604,0.7900999784469604,0.7900999784469604,3585.0
2024-07-03 10:26:00,EYPT,8.420000076293945,8.420000076293945,8.430000305175781,8.420000076293945,8.430000305175781,1644.0
2024-07-03 10:26:00,FATE,3.3499999046325684,3.3499999046325684,3.3499999046325684,3.3499999046325684,3.3499999046325684,300.0
2024-07-03 10:26:00,FBIO,1.7400000095367432,1.7400000095367432,1.7400000095367432,1.7400000095367432,1.7400000095367432,13734.0
2024-07-03 10:26:00,FDMT,21.190000534057617,21.190000534057617,21.200000762939453,21.170000076293945,21.200000762939453,1313.0
2024-07-03 10:26:00,FGEN,0.7305999994277954,0.7305999994277954,0.7305999994277954,0.7305999994277954,0.7305999994277954,728.0
2024-07-03 10:26:00,FLGC,0.9998999834060669,0.9998999834060669,0.9998999834060669,0.9998999834060669,0.9998999834060669,913.0
2024-07-03 10:26:00,FLGT,20.200000762939453,20.200000762939453,20.219999313354492,20.200000762939453,20.219999313354492,1206.0
2024-07-03 10:26:00,FOLD,9.944999694824219,9.944999694824219,9.944999694824219,9.944999694824219,9.944999694824219,372.0
2024-07-03 10:26:00,FULC,6.188199996948242,6.188199996948242,6.190000057220459,6.179999828338623,6.179999828338623,2981.0
2024-07-03 10:26:00,GALT,2.194999933242798,2.194999933242798,2.194999933242798,2.194999933242798,2.194999933242798,1605.0
2024-07-03 10:26:00,GDRX,7.880000114440918,7.880000114440918,7.880000114440918,7.880000114440918,7.880000114440918,300.0
2024-07-03 10:26:00,GERN,4.406300067901611,4.406300067901611,4.409999847412109,4.400000095367432,4.409999847412109,11176.0
2024-07-03 10:26:00,GH,28.700000762939453,28.700000762939453,28.81999969482422,28.700000762939453,28.809999465942383,1734.0
2024-07-03 10:26:00,GILD,67.12999725341797,67.12999725341797,67.20999908447266,67.12999725341797,67.20999908447266,4307.0
2024-07-03 10:26:00,GLPG,25.399999618530273,25.399999618530273,25.399999618530273,25.399999618530273,25.399999618530273,709.0
2024-07-03 10:26:00,GLYC,0.2676999866962433,0.2676999866962433,0.27149999141693115,0.2676999866962433,0.2696000039577484,71820.0
2024-07-03 10:26:00,GMAB,25.170000076293945,25.170000076293945,25.174999237060547,25.170000076293945,25.174999237060547,666.0
2024-07-03 10:26:00,GNPX,1.9800000190734863,1.9800000190734863,1.9800000190734863,1.9800000190734863,1.9800000190734863,150.0
2024-07-03 10:26:00,GOVX,3.069999933242798,3.069999933242798,3.110599994659424,3.069999933242798,3.110599994659424,1917.0
2024-07-03 10:26:00,GRFS,6.684999942779541,6.684999942779541,6.695000171661377,6.684999942779541,6.684999942779541,2157.0
2024-07-03 10:26:00,GRTS,0.5543000102043152,0.5543000102043152,0.5580000281333923,0.5543000102043152,0.5579000115394592,7416.0
2024-07-03 10:26:00,GTHX,2.5399999618530273,2.5399999618530273,2.5399999618530273,2.5299999713897705,2.5299999713897705,662.0
2024-07-03 10:26:00,HALO,51.58000183105469,51.58000183105469,51.625,51.58000183105469,51.625,2669.0
2024-07-03 10:26:00,HCAT,6.179299831390381,6.179299831390381,6.179299831390381,6.179299831390381,6.179299831390381,1716.0
2024-07-03 10:26:00,HCSG,10.805000305175781,10.805000305175781,10.805000305175781,10.805000305175781,10.805000305175781,395.0
2024-07-03 10:26:00,HITI,2.100100040435791,2.100100040435791,2.100100040435791,2.100100040435791,2.100100040435791,421.0
2024-07-03 10:26:00,HOLX,73.29499816894531,73.29499816894531,73.30000305175781,73.27999877929688,73.29499816894531,4889.0
2024-07-03 10:26:00,HOWL,2.2272000312805176,2.2272000312805176,2.2272000312805176,2.2272000312805176,2.2272000312805176,350.0
2024-07-03 10:26:00,HQY,83.7750015258789,83.7750015258789,83.77999877929688,83.75499725341797,83.75499725341797,614.0
2024-07-03 10:26:00,HROW,22.104999542236328,22.104999542236328,22.104999542236328,22.104999542236328,22.104999542236328,111.0
2024-07-03 10:26:00,HRTX,2.815000057220459,2.815000057220459,2.815000057220459,2.815000057220459,2.815000057220459,1119.0
2024-07-03 10:26:00,HSIC,65.43000030517578,65.43000030517578,65.5,65.43000030517578,65.44499969482422,2152.0
2024-07-03 10:26:00,HUMA,5.7444000244140625,5.7444000244140625,5.769999980926514,5.740200042724609,5.744999885559082,9312.0
2024-07-03 10:26:00,IBRX,6.315000057220459,6.315000057220459,6.315000057220459,6.314000129699707,6.315000057220459,1799.0
2024-07-03 10:26:00,ICLR,319.92999267578125,319.92999267578125,319.92999267578125,319.92999267578125,319.92999267578125,291.0
2024-07-03 10:26:00,IDXX,476.2850036621094,476.2850036621094,476.2850036621094,476.05999755859375,476.05999755859375,682.0
2024-07-03 10:26:00,IDYA,33.845001220703125,33.845001220703125,33.845001220703125,33.845001220703125,33.845001220703125,258.0
2024-07-03 10:26:00,IGMS,6.550000190734863,6.550000190734863,6.574999809265137,6.550000190734863,6.574999809265137,501.0
2024-07-03 10:26:00,IKNA,1.649999976158142,1.649999976158142,1.649999976158142,1.6299999952316284,1.6299999952316284,342.0
2024-07-03 10:26:00,ILMN,106.2699966430664,106.2699966430664,106.34500122070312,106.2699966430664,106.33499908447266,5046.0
2024-07-03 10:26:00,IMCC,0.47999998927116394,0.47999998927116394,0.47999998927116394,0.47999998927116394,0.47999998927116394,204.0
2024-07-03 10:26:00,IMCR,35.915000915527344,35.915000915527344,35.915000915527344,35.915000915527344,35.915000915527344,344.0
2024-07-03 10:26:00,IMMP,1.9500000476837158,1.9500000476837158,1.950700044631958,1.9500000476837158,1.950700044631958,1643.0
2024-07-03 10:26:00,IMMX,2.2300000190734863,2.2300000190734863,2.2300000190734863,2.2300000190734863,2.2300000190734863,390.0
2024-07-03 10:26:00,IMNM,12.210000038146973,12.210000038146973,12.239999771118164,12.1899995803833,12.234000205993652,7642.0
2024-07-03 10:26:00,INCY,58.220001220703125,58.220001220703125,58.2599983215332,58.209999084472656,58.22999954223633,4499.0
2024-07-03 10:26:00,INGN,7.880000114440918,7.880000114440918,7.880000114440918,7.860000133514404,7.860000133514404,247.0
2024-07-03 10:26:00,INMD,17.78499984741211,17.78499984741211,17.78499984741211,17.770000457763672,17.770000457763672,838.0
2024-07-03 10:26:00,INO,8.520000457763672,8.520000457763672,8.520000457763672,8.520000457763672,8.520000457763672,865.0
2024-07-03 10:26:00,INSM,64.0199966430664,64.0199966430664,64.11499786376953,64.01000213623047,64.11499786376953,3943.0
2024-07-03 10:26:00,INVA,16.399999618530273,16.399999618530273,16.399999618530273,16.399999618530273,16.399999618530273,1378.0
2024-07-03 10:26:00,INZY,4.550000190734863,4.550000190734863,4.550000190734863,4.545000076293945,4.550000190734863,1760.0
2024-07-03 10:26:00,IONS,45.22999954223633,45.22999954223633,45.23500061035156,45.17499923706055,45.20000076293945,2452.0
2024-07-03 10:26:00,IOVA,7.840000152587891,7.840000152587891,7.840000152587891,7.795000076293945,7.799900054931641,13882.0
2024-07-03 10:26:00,IRIX,1.9900000095367432,1.9900000095367432,1.9900000095367432,1.9900000095367432,1.9900000095367432,4050.0
2024-07-03 10:26:00,IRTC,95.0,95.0,95.0,94.98999786376953,94.98999786376953,1279.0
2024-07-03 10:26:00,ISRG,434.5450134277344,434.5450134277344,434.5450134277344,434.5350036621094,434.5350036621094,397.0
2024-07-03 10:26:00,ITCI,68.04499816894531,68.04499816894531,68.04499816894531,68.04000091552734,68.04000091552734,1230.0
2024-07-03 10:26:00,IVVD,1.1399999856948853,1.1399999856948853,1.1399999856948853,1.1399999856948853,1.1399999856948853,428.0
2024-07-03 10:26:00,JANX,39.239898681640625,39.239898681640625,39.2400016784668,39.06999969482422,39.2400016784668,820.0
2024-07-03 10:26:00,JAZZ,105.01000213623047,105.01000213623047,105.01000213623047,105.01000213623047,105.01000213623047,545.0
2024-07-03 10:26:00,KPTI,0.8463000059127808,0.8463000059127808,0.8463000059127808,0.8463000059127808,0.8463000059127808,809.0
2024-07-03 10:26:00,KRMD,2.2899999618530273,2.2899999618530273,2.2899999618530273,2.2899999618530273,2.2899999618530273,84.0
2024-07-03 10:26:00,KROS,42.89500045776367,42.89500045776367,42.89500045776367,42.89500045776367,42.89500045776367,144.0
2024-07-03 10:26:00,KTRA,0.2750999927520752,0.2750999927520752,0.2752000093460083,0.2741999924182892,0.2741999924182892,23251.0
2024-07-03 10:26:00,KURA,20.959999084472656,20.959999084472656,20.959999084472656,20.959999084472656,20.959999084472656,1611.0
2024-07-03 10:26:00,KZR,0.5781000256538391,0.5781000256538391,0.5781000256538391,0.5733000040054321,0.5734000205993652,7965.0
2024-07-03 10:26:00,LAB,1.8049999475479126,1.8049999475479126,1.809999942779541,1.8049999475479126,1.809999942779541,1200.0
2024-07-03 10:26:00,LEXX,2.5999999046325684,2.5999999046325684,2.5999999046325684,2.5999999046325684,2.5999999046325684,421.0
2024-07-03 10:26:00,LFMD,6.739999771118164,6.739999771118164,6.75,6.739999771118164,6.75,1422.0
2024-07-03 10:26:00,LFST,5.130000114440918,5.130000114440918,5.130000114440918,5.130000114440918,5.130000114440918,458.0
2024-07-03 10:26:00,LGND,84.1500015258789,84.1500015258789,84.1500015258789,84.1500015258789,84.1500015258789,384.0
2024-07-03 10:26:00,LGVN,1.65910005569458,1.65910005569458,1.65910005569458,1.65910005569458,1.65910005569458,578.0
2024-07-03 10:26:00,LIVN,52.79499816894531,52.79499816894531,52.849998474121094,52.790000915527344,52.810001373291016,700.0
2024-07-03 10:26:00,LMAT,81.44999694824219,81.44999694824219,81.44999694824219,81.44999694824219,81.44999694824219,630.0
2024-07-03 10:26:00,LOGC,5.739999771118164,5.739999771118164,5.739999771118164,5.739999771118164,5.739999771118164,261.0
2024-07-03 10:26:00,LTRN,4.448999881744385,4.448999881744385,4.449999809265137,4.448999881744385,4.449999809265137,692.0
2024-07-03 10:26:00,LUCY,0.48190000653266907,0.48190000653266907,0.48190000653266907,0.47609999775886536,0.47909998893737793,0.0
2024-07-03 10:26:00,LUMO,2.25,2.25,2.25,2.25,2.25,1601.0
2024-07-03 10:26:00,LXRX,1.6399999856948853,1.6399999856948853,1.6399999856948853,1.6399999856948853,1.6399999856948853,1543.0
2024-07-03 10:26:00,LYRA,0.2865000069141388,0.2865000069141388,0.2865000069141388,0.2854999899864197,0.2865000069141388,1373.0
2024-07-03 10:26:00,MBIO,0.5156000256538391,0.5156000256538391,0.5205000042915344,0.5156000256538391,0.5181999802589417,91715.0
2024-07-03 10:26:00,MBOT,1.090000033378601,1.090000033378601,1.090000033378601,1.090000033378601,1.090000033378601,241.0
2024-07-03 10:26:00,MCRB,0.7050999999046326,0.7050999999046326,0.7050999999046326,0.703000009059906,0.703000009059906,1220.0
2024-07-03 10:26:00,MDXG,6.815000057220459,6.815000057220459,6.815000057220459,6.809999942779541,6.809999942779541,1890.0
2024-07-03 10:26:00,ME,0.4018999934196472,0.4018999934196472,0.40310001373291016,0.40119999647140503,0.40209999680519104,12547.0
2024-07-03 10:26:00,MGNX,4.309999942779541,4.309999942779541,4.309999942779541,4.309999942779541,4.309999942779541,600.0
2024-07-03 10:26:00,MHUA,0.9150000214576721,0.9150000214576721,0.9150000214576721,0.9150000214576721,0.9150000214576721,400.0
2024-07-03 10:26:00,MIRM,34.07500076293945,34.07500076293945,34.07500076293945,34.07500076293945,34.07500076293945,1715.0
2024-07-03 10:26:00,MNKD,5.153200149536133,5.153200149536133,5.15500020980835,5.150000095367432,5.150000095367432,1775.0
2024-07-03 10:26:00,MNMD,7.316800117492676,7.316800117492676,7.320000171661377,7.306700229644775,7.309999942779541,2477.0
2024-07-03 10:26:00,MODD,1.4800000190734863,1.4800000190734863,1.4800000190734863,1.4800000190734863,1.4800000190734863,3008.0
2024-07-03 10:26:00,MODV,27.704999923706055,27.704999923706055,27.75,27.704999923706055,27.72249984741211,697.0
2024-07-03 10:26:00,MRNA,118.12999725341797,118.12999725341797,118.12999725341797,117.8499984741211,117.90499877929688,5765.0
2024-07-03 10:26:00,MRSN,1.9299999475479126,1.9299999475479126,1.9299999475479126,1.9199999570846558,1.9199999570846558,1260.0
2024-07-03 10:26:00,MRUS,53.04999923706055,53.04999923706055,53.105201721191406,53.04999923706055,53.04999923706055,2013.0
2024-07-03 10:26:00,MRVI,6.860000133514404,6.860000133514404,6.860000133514404,6.859899997711182,6.859899997711182,5271.0
2024-07-03 10:26:00,MXCT,3.740000009536743,3.740000009536743,3.740000009536743,3.734999895095825,3.734999895095825,899.0
2024-07-03 10:26:00,MYGN,25.479999542236328,25.479999542236328,25.479999542236328,25.479999542236328,25.479999542236328,141.0
2024-07-03 10:26:00,NARI,49.79999923706055,49.79999923706055,49.79999923706055,49.79999923706055,49.79999923706055,165.0
2024-07-03 10:26:00,NAUT,2.282099962234497,2.282099962234497,2.282099962234497,2.282099962234497,2.282099962234497,2439.0
2024-07-03 10:26:00,NBIX,138.9199981689453,138.9199981689453,138.97999572753906,138.9199981689453,138.97999572753906,1750.0
2024-07-03 10:26:00,NDRA,0.08500000089406967,0.08500000089406967,0.08500000089406967,0.08500000089406967,0.08500000089406967,0.0
2024-07-03 10:26:00,NEO,13.720000267028809,13.720000267028809,13.720000267028809,13.720000267028809,13.720000267028809,130.0
2024-07-03 10:26:00,NEOG,15.274999618530273,15.274999618530273,15.274999618530273,15.265000343322754,15.265000343322754,1050.0
2024-07-03 10:26:00,NKTR,1.2549999952316284,1.2549999952316284,1.2549999952316284,1.2549999952316284,1.2549999952316284,351.0
2024-07-03 10:26:00,NKTX,5.550000190734863,5.550000190734863,5.550000190734863,5.53000020980835,5.53000020980835,3825.0
2024-07-03 10:26:00,NLSP,0.20260000228881836,0.20260000228881836,0.20260000228881836,0.20260000228881836,0.20260000228881836,1852.0
2024-07-03 10:26:00,NNOX,7.210000038146973,7.210000038146973,7.210000038146973,7.190000057220459,7.190000057220459,1395.0
2024-07-03 10:26:00,NOTV,1.6713000535964966,1.6713000535964966,1.6713000535964966,1.6713000535964966,1.6713000535964966,738.0
2024-07-03 10:26:00,NRIX,19.950000762939453,19.950000762939453,19.969999313354492,19.934999465942383,19.934999465942383,716.0
2024-07-03 10:26:00,NRSN,1.3499000072479248,1.3499000072479248,1.368399977684021,1.3499000072479248,1.368399977684021,6000.0
2024-07-03 10:26:00,NTLA,23.1299991607666,23.1299991607666,23.149999618530273,23.059999465942383,23.059999465942383,5202.0
2024-07-03 10:26:00,NTRB,5.599999904632568,5.599999904632568,5.730000019073486,5.599999904632568,5.730000019073486,4654.0
2024-07-03 10:26:00,NUVL,72.13500213623047,72.13500213623047,72.13500213623047,72.13500213623047,72.13500213623047,333.0
2024-07-03 10:26:00,NUWE,4.179999828338623,4.179999828338623,4.179999828338623,4.179999828338623,4.179999828338623,375.0
2024-07-03 10:26:00,NVAX,13.085000038146973,13.085000038146973,13.104999542236328,13.079999923706055,13.085000038146973,11138.0
2024-07-03 10:26:00,NVCR,16.969999313354492,16.969999313354492,16.985000610351562,16.969999313354492,16.969999313354492,711.0
2024-07-03 10:26:00,NVCT,6.25,6.25,6.25,6.25,6.25,106.0
2024-07-03 10:26:00,NXL,1.4052000045776367,1.4052000045776367,1.409999966621399,1.4052000045776367,1.409999966621399,823.0
2024-07-03 10:26:00,NXLIW,0.26899999380111694,0.26899999380111694,0.26899999380111694,0.2599000036716461,0.2599000036716461,1100.0
2024-07-03 10:26:00,OCGN,1.684999942779541,1.684999942779541,1.684999942779541,1.6799999475479126,1.684999942779541,10916.0
2024-07-03 10:26:00,OCUL,6.889999866485596,6.889999866485596,6.889999866485596,6.88040018081665,6.88040018081665,2289.0
2024-07-03 10:26:00,OCX,3.043299913406372,3.043299913406372,3.043299913406372,3.043299913406372,3.043299913406372,443.0
2024-07-03 10:26:00,OGI,1.6050000190734863,1.6050000190734863,1.6050000190734863,1.6050000190734863,1.6050000190734863,4078.0
2024-07-03 10:26:00,OLMA,10.761199951171875,10.761199951171875,10.770000457763672,10.761199951171875,10.770000457763672,1881.0
2024-07-03 10:26:00,OM,3.7899999618530273,3.7899999618530273,3.7950000762939453,3.7699999809265137,3.7750000953674316,6288.0
2024-07-03 10:26:00,OMCL,26.530000686645508,26.530000686645508,26.530000686645508,26.479999542236328,26.479999542236328,589.0
2024-07-03 10:26:00,OMER,3.9600000381469727,3.9600000381469727,3.9600000381469727,3.9600000381469727,3.9600000381469727,303.0
2024-07-03 10:26:00,OMGA,2.049999952316284,2.049999952316284,2.049999952316284,2.049999952316284,2.049999952316284,678.0
2024-07-03 10:26:00,ONCY,1.0199999809265137,1.0199999809265137,1.0199999809265137,1.0199999809265137,1.0199999809265137,21145.0
2024-07-03 10:27:00,AADI,1.3700000047683716,1.3700000047683716,1.3700000047683716,1.3700000047683716,1.3700000047683716,101.0
2024-07-03 10:27:00,ABCL,2.799999952316284,2.799999952316284,2.799999952316284,2.799999952316284,2.799999952316284,7146.0
2024-07-03 10:27:00,ABEO,4.309999942779541,4.309999942779541,4.309999942779541,4.309999942779541,4.309999942779541,801.0
2024-07-03 10:27:00,ABOS,2.319999933242798,2.319999933242798,2.319999933242798,2.319999933242798,2.319999933242798,301.0
2024-07-03 10:27:00,ABSI,3.2149999141693115,3.2149999141693115,3.240000009536743,3.2100000381469727,3.2300000190734863,8384.0
2024-07-03 10:27:00,ABUS,3.2049999237060547,3.2049999237060547,3.2100000381469727,3.2049999237060547,3.2100000381469727,2404.0
2024-07-03 10:27:00,ACAD,15.800000190734863,15.800000190734863,15.829999923706055,15.800000190734863,15.819999694824219,5567.0
2024-07-03 10:27:00,ACB,4.9644999504089355,4.9644999504089355,4.979899883270264,4.960000038146973,4.979899883270264,12165.0
2024-07-03 10:27:00,ACCD,3.555000066757202,3.555000066757202,3.565000057220459,3.555000066757202,3.565000057220459,6712.0
2024-07-03 10:27:00,ACET,1.059999942779541,1.059999942779541,1.059999942779541,1.059999942779541,1.059999942779541,1376.0
2024-07-03 10:27:00,ACHC,65.91000366210938,65.91000366210938,66.05000305175781,65.91000366210938,66.02999877929688,2198.0
2024-07-03 10:27:00,ACLX,54.459999084472656,54.459999084472656,54.61000061035156,54.45000076293945,54.61000061035156,4863.0
2024-07-03 10:27:00,ACON,0.28600001335144043,0.28600001335144043,0.28600001335144043,0.28600001335144043,0.28600001335144043,23851.0
2024-07-03 10:27:00,ADAP,1.0399999618530273,1.0399999618530273,1.0399999618530273,1.0399999618530273,1.0399999618530273,200.0
2024-07-03 10:27:00,ADMA,11.449999809265137,11.449999809265137,11.479999542236328,11.4399995803833,11.479999542236328,3832.0
2024-07-03 10:27:00,ADPT,3.384999990463257,3.384999990463257,3.3949999809265137,3.384999990463257,3.3949999809265137,3491.0
2024-07-03 10:27:00,ADUS,117.37000274658203,117.37000274658203,117.5,117.37000274658203,117.5,1403.0
2024-07-03 10:27:00,AGEN,14.8149995803833,14.8149995803833,14.869999885559082,14.75,14.770000457763672,4832.0
2024-07-03 10:27:00,AGIO,42.5099983215332,42.5099983215332,42.5099983215332,42.4900016784668,42.5099983215332,1674.0
2024-07-03 10:27:00,AHCO,9.800000190734863,9.800000190734863,9.800000190734863,9.800000190734863,9.800000190734863,165.0
2024-07-03 10:27:00,AKAN,2.2843000888824463,2.2843000888824463,2.2843000888824463,2.2843000888824463,2.2843000888824463,2000.0
2024-07-03 10:27:00,AKBA,0.9678000211715698,0.9678000211715698,0.9678000211715698,0.9642000198364258,0.9642000198364258,6717.0
2024-07-03 10:27:00,AKRO,22.290000915527344,22.290000915527344,22.290000915527344,22.290000915527344,22.290000915527344,400.0
2024-07-03 10:27:00,AKYA,2.194999933242798,2.194999933242798,2.194999933242798,2.194999933242798,2.194999933242798,102.0
2024-07-03 10:27:00,ALDX,3.2799999713897705,3.2799999713897705,3.299999952316284,3.2799999713897705,3.2899999618530273,1806.0
2024-07-03 10:27:00,ALEC,4.5,4.5,4.510000228881836,4.5,4.510000228881836,1515.0
2024-07-03 10:27:00,ALGN,238.89500427246094,238.89500427246094,238.89500427246094,238.55999755859375,238.55999755859375,672.0
2024-07-03 10:27:00,ALHC,7.989999771118164,7.989999771118164,8.010000228881836,7.989999771118164,8.010000228881836,1512.0
2024-07-03 10:27:00,ALKS,24.479999542236328,24.479999542236328,24.53499984741211,24.479999542236328,24.53499984741211,4385.0
2024-07-03 10:27:00,ALLO,2.1500000953674316,2.1500000953674316,2.1700000762939453,2.1500000953674316,2.1700000762939453,16970.0
2024-07-03 10:27:00,ALLR,0.20630000531673431,0.20630000531673431,0.20659999549388885,0.2062000036239624,0.20659999549388885,24171.0
2024-07-03 10:27:00,ALNY,247.63499450683594,247.63499450683594,248.0050048828125,247.2100067138672,248.0050048828125,2736.0
2024-07-03 10:27:00,ALRN,2.7850000858306885,2.7850000858306885,2.7850000858306885,2.7850000858306885,2.7850000858306885,200.0
2024-07-03 10:27:00,ALT,6.849999904632568,6.849999904632568,6.880000114440918,6.849999904632568,6.880000114440918,11651.0
2024-07-03 10:27:00,ALVR,0.7368999719619751,0.7368999719619751,0.7368999719619751,0.7368999719619751,0.7368999719619751,590.0
2024-07-03 10:27:00,ALXO,5.989999771118164,5.989999771118164,5.996300220489502,5.980000019073486,5.989999771118164,5370.0
2024-07-03 10:27:00,AMED,96.75,96.75,96.76499938964844,96.70999908447266,96.76499938964844,8783.0
2024-07-03 10:27:00,AMGN,311.2200012207031,311.2200012207031,311.2200012207031,311.2200012207031,311.2200012207031,1660.0
2024-07-03 10:27:00,AMLX,1.7899999618530273,1.7899999618530273,1.7899999618530273,1.7899999618530273,1.7899999618530273,8815.0
2024-07-03 10:27:00,AMPH,38.119998931884766,38.119998931884766,38.20000076293945,38.06999969482422,38.20000076293945,1804.0
2024-07-03 10:27:00,AMRN,0.7160999774932861,0.7160999774932861,0.7160999774932861,0.7160999774932861,0.7160999774932861,531.0
2024-07-03 10:27:00,ANAB,25.270000457763672,25.270000457763672,25.329999923706055,25.270000457763672,25.329999923706055,1007.0
2024-07-03 10:27:00,ANGO,5.699999809265137,5.699999809265137,5.704999923706055,5.699999809265137,5.704999923706055,721.0
2024-07-03 10:27:00,ANIP,61.79999923706055,61.79999923706055,61.79999923706055,61.79999923706055,61.79999923706055,376.0
2024-07-03 10:27:00,ANNX,4.880000114440918,4.880000114440918,4.909999847412109,4.880000114440918,4.90500020980835,8576.0
2024-07-03 10:27:00,ANTX,2.549999952316284,2.549999952316284,2.5799999237060547,2.5399999618530273,2.569999933242798,4835.0
2024-07-03 10:27:00,APDN,0.4302999973297119,0.4302999973297119,0.4377000033855438,0.4302999973297119,0.4311999976634979,18230.0
2024-07-03 10:27:00,APLS,36.0,36.0,36.0099983215332,35.974998474121094,36.0099983215332,1132.0
2024-07-03 10:27:00,APLT,4.449999809265137,4.449999809265137,4.449999809265137,4.449999809265137,4.449999809265137,483.0
2024-07-03 10:27:00,AQST,2.434999942779541,2.434999942779541,2.434999942779541,2.434999942779541,2.434999942779541,1172.0
2024-07-03 10:27:00,ARCT,21.75,21.75,21.795000076293945,21.75,21.795000076293945,722.0
2024-07-03 10:27:00,ARDX,5.289999961853027,5.289999961853027,5.309999942779541,5.269999980926514,5.275000095367432,29246.0
2024-07-03 10:27:00,ARGX,436.20001220703125,436.20001220703125,436.8399963378906,436.20001220703125,436.8399963378906,634.0
2024-07-03 10:27:00,ARQT,9.569999694824219,9.569999694824219,9.619999885559082,9.569999694824219,9.595000267028809,6131.0
2024-07-03 10:27:00,ARVN,24.959999084472656,24.959999084472656,25.079999923706055,24.959999084472656,25.079999923706055,8525.0
2024-07-03 10:27:00,ARWR,25.90999984741211,25.90999984741211,25.90999984741211,25.899999618530273,25.899999618530273,2114.0
2024-07-03 10:27:00,ASRT,1.2899999618530273,1.2899999618530273,1.2999999523162842,1.2899999618530273,1.2949999570846558,14120.0
2024-07-03 10:27:00,ATEC,9.979999542236328,9.979999542236328,9.989999771118164,9.979999542236328,9.989999771118164,1857.0
2024-07-03 10:27:00,ATOS,1.1699999570846558,1.1699999570846558,1.1699999570846558,1.1699999570846558,1.1699999570846558,150.0
2024-07-03 10:27:00,ATRA,7.760000228881836,7.760000228881836,7.760000228881836,7.760000228881836,7.760000228881836,773.0
2024-07-03 10:27:00,ATRC,22.344999313354492,22.344999313354492,22.3799991607666,22.344999313354492,22.3799991607666,309.0
2024-07-03 10:27:00,ATXS,9.149999618530273,9.149999618530273,9.170000076293945,9.149999618530273,9.170000076293945,640.0
2024-07-03 10:27:00,AUGX,0.9952999949455261,0.9952999949455261,0.9952999949455261,0.9952999949455261,0.9952999949455261,1300.0
2024-07-03 10:27:00,AUPH,5.53000020980835,5.53000020980835,5.534999847412109,5.53000020980835,5.534999847412109,739.0
2024-07-03 10:27:00,AVDL,14.300000190734863,14.300000190734863,14.335000038146973,14.300000190734863,14.335000038146973,2687.0
2024-07-03 10:27:00,AVTE,1.6449999809265137,1.6449999809265137,1.649999976158142,1.6449999809265137,1.649999976158142,2536.0
2024-07-03 10:27:00,AVXL,4.269999980926514,4.269999980926514,4.269999980926514,4.269999980926514,4.269999980926514,229.0
2024-07-03 10:27:00,AXNX,67.45999908447266,67.45999908447266,67.45999908447266,67.44000244140625,67.44000244140625,1114.0
2024-07-03 10:27:00,AXSM,79.93000030517578,79.93000030517578,79.93499755859375,79.93000030517578,79.93250274658203,585.0
2024-07-03 10:27:00,AZN,76.86499786376953,76.86499786376953,76.91999816894531,76.86000061035156,76.91500091552734,7366.0
2024-07-03 10:27:00,AZTA,52.849998474121094,52.849998474121094,52.900001525878906,52.849998474121094,52.900001525878906,1527.0
2024-07-03 10:27:00,BBIO,25.3799991607666,25.3799991607666,25.43000030517578,25.3799991607666,25.43000030517578,3471.0
2024-07-03 10:27:00,BCAB,1.3550000190734863,1.3550000190734863,1.3550000190734863,1.3550000190734863,1.3550000190734863,382.0
2024-07-03 10:27:00,BCRX,6.738999843597412,6.738999843597412,6.739999771118164,6.738999843597412,6.739999771118164,8666.0
2024-07-03 10:27:00,BDTX,4.21999979019165,4.21999979019165,4.21999979019165,4.205900192260742,4.205900192260742,1594.0
2024-07-03 10:27:00,BEAM,23.799999237060547,23.799999237060547,23.860000610351562,23.799999237060547,23.860000610351562,3185.0
2024-07-03 10:27:00,BEAT,2.740000009536743,2.740000009536743,2.740000009536743,2.7300000190734863,2.7300000190734863,1751.0
2024-07-03 10:27:00,BGNE,147.78500366210938,147.78500366210938,147.78500366210938,147.1699981689453,147.1699981689453,542.0
2024-07-03 10:27:00,BIIB,225.6300048828125,225.6300048828125,225.96499633789062,225.6300048828125,225.9600067138672,1528.0
2024-07-03 10:27:00,BIMI,1.2799999713897705,1.2799999713897705,1.2799999713897705,1.2799999713897705,1.2799999713897705,54.0
2024-07-03 10:27:00,BLFS,20.280000686645508,20.280000686645508,20.280000686645508,20.280000686645508,20.280000686645508,721.0
2024-07-03 10:27:00,BLUE,0.9491999745368958,0.9491999745368958,0.9520000219345093,0.9480999708175659,0.949999988079071,9676.0
2024-07-03 10:27:00,BMEA,4.494999885559082,4.494999885559082,4.519999980926514,4.480000019073486,4.519999980926514,6535.0
2024-07-03 10:27:00,BMRA,0.44699999690055847,0.44699999690055847,0.44699999690055847,0.44699999690055847,0.44699999690055847,600.0
2024-07-03 10:27:00,BMRN,81.52999877929688,81.52999877929688,81.6500015258789,81.52999877929688,81.6500015258789,1370.0
2024-07-03 10:27:00,BNGO,0.5522000193595886,0.5522000193595886,0.5522000193595886,0.5521000027656555,0.5521000027656555,3124.0
2024-07-03 10:27:00,BNTX,80.69000244140625,80.69000244140625,80.69999694824219,80.66999816894531,80.68000030517578,3371.0
2024-07-03 10:27:00,BRKR,62.18000030517578,62.18000030517578,62.209999084472656,62.18000030517578,62.209999084472656,2340.0
2024-07-03 10:27:00,BTAI,1.1097999811172485,1.1097999811172485,1.1097999811172485,1.1097999811172485,1.1097999811172485,103.0
2024-07-03 10:27:00,BTMD,7.440000057220459,7.440000057220459,7.440000057220459,7.440000057220459,7.440000057220459,476.0
2024-07-03 10:27:00,CABA,7.75,7.75,7.75,7.710000038146973,7.75,3591.0
2024-07-03 10:27:00,CAPR,4.775000095367432,4.775000095367432,4.775000095367432,4.775000095367432,4.775000095367432,2874.0
2024-07-03 10:27:00,CARA,0.2766000032424927,0.2766000032424927,0.2766000032424927,0.2766000032424927,0.2766000032424927,1200.0
2024-07-03 10:27:00,CASI,5.284999847412109,5.284999847412109,5.284999847412109,5.284999847412109,5.284999847412109,202.0
2024-07-03 10:27:00,CCCC,4.820000171661377,4.820000171661377,4.829999923706055,4.820000171661377,4.829999923706055,4101.0
2024-07-03 10:27:00,CCRN,13.729999542236328,13.729999542236328,13.779999732971191,13.729999542236328,13.779999732971191,1404.0
2024-07-03 10:27:00,CDMO,7.612500190734863,7.612500190734863,7.630000114440918,7.599999904632568,7.630000114440918,4780.0
2024-07-03 10:27:00,CDNA,15.34000015258789,15.34000015258789,15.34000015258789,15.34000015258789,15.34000015258789,439.0
2024-07-03 10:27:00,CDTX,12.119999885559082,12.119999885559082,12.119999885559082,12.0,12.0,2330.0
2024-07-03 10:27:00,CDXS,2.940000057220459,2.940000057220459,2.9609999656677246,2.940000057220459,2.9609999656677246,18273.0
2024-07-03 10:27:00,CELUW,0.018200000748038292,0.018200000748038292,0.018200000748038292,0.015300000086426735,0.015300000086426735,558.0
2024-07-03 10:27:00,CERE,41.2599983215332,41.2599983215332,41.279998779296875,41.2599983215332,41.279998779296875,21180.0
2024-07-03 10:27:00,CGC,6.829999923706055,6.829999923706055,6.829999923706055,6.818900108337402,6.820000171661377,18261.0
2024-07-03 10:27:00,CGEM,16.829999923706055,16.829999923706055,16.860000610351562,16.799999237060547,16.809999465942383,6880.0
2024-07-03 10:27:00,CGTX,1.7999999523162842,1.7999999523162842,1.7999999523162842,1.7999999523162842,1.7999999523162842,120.0
2024-07-03 10:27:00,CHRS,1.4450000524520874,1.4450000524520874,1.4450000524520874,1.4450000524520874,1.4450000524520874,5066.0
2024-07-03 10:27:00,CING,0.3294000029563904,0.3294000029563904,0.3294000029563904,0.3294000029563904,0.3294000029563904,3000.0
2024-07-03 10:27:00,CKPT,2.3299999237060547,2.3299999237060547,2.3499999046325684,2.3299999237060547,2.3397998809814453,21070.0
2024-07-03 10:27:00,CLDX,37.2400016784668,37.2400016784668,37.29999923706055,37.2400016784668,37.29999923706055,1303.0
2024-07-03 10:27:00,CLOV,1.2699999809265137,1.2699999809265137,1.2699999809265137,1.2649999856948853,1.2649999856948853,6528.0
2024-07-03 10:27:00,CMPS,6.215000152587891,6.215000152587891,6.235000133514404,6.215000152587891,6.230100154876709,1217.0
2024-07-03 10:27:00,CMPX,0.8500000238418579,0.8500000238418579,0.8500000238418579,0.8479999899864197,0.8479999899864197,1070.0
2024-07-03 10:27:00,CNSP,2.151400089263916,2.151400089263916,2.180000066757202,2.140000104904175,2.1649999618530273,94360.0
2024-07-03 10:27:00,CODX,1.2899999618530273,1.2899999618530273,1.2899999618530273,1.2839000225067139,1.2899999618530273,878.0
2024-07-03 10:27:00,COGT,8.359999656677246,8.359999656677246,8.390000343322754,8.359999656677246,8.380000114440918,2468.0
2024-07-03 10:27:00,CORT,31.239999771118164,31.239999771118164,31.239999771118164,31.170000076293945,31.170000076293945,1826.0
2024-07-03 10:27:00,COSM,0.9415000081062317,0.9415000081062317,0.949999988079071,0.9399999976158142,0.9449999928474426,14254.0
2024-07-03 10:27:00,CRBU,1.6349999904632568,1.6349999904632568,1.6449999809265137,1.6349999904632568,1.6449999809265137,3741.0
2024-07-03 10:27:00,CRDF,2.248199939727783,2.248199939727783,2.25,2.248199939727783,2.25,301.0
2024-07-03 10:27:00,CRMD,4.179999828338623,4.179999828338623,4.179999828338623,4.175000190734863,4.175000190734863,3970.0
2024-07-03 10:27:00,CRNX,45.08000183105469,45.08000183105469,45.099998474121094,45.08000183105469,45.099998474121094,1112.0
2024-07-03 10:27:00,CRON,2.3450000286102295,2.3450000286102295,2.3450000286102295,2.3450000286102295,2.3450000286102295,5688.0
2024-07-03 10:27:00,CRSP,54.435001373291016,54.435001373291016,54.58000183105469,54.380001068115234,54.56999969482422,2157.0
2024-07-03 10:27:00,CSTL,21.385000228881836,21.385000228881836,21.385000228881836,21.385000228881836,21.385000228881836,59026.0
2024-07-03 10:27:00,CTMX,1.3550000190734863,1.3550000190734863,1.3600000143051147,1.3550000190734863,1.3600000143051147,2727.0
2024-07-03 10:27:00,CUTR,1.3450000286102295,1.3450000286102295,1.3600000143051147,1.3450000286102295,1.3600000143051147,26627.0
2024-07-03 10:27:00,CVAC,3.4800000190734863,3.4800000190734863,3.494999885559082,3.4749999046325684,3.494999885559082,8823.0
2024-07-03 10:27:00,CVRX,11.835000038146973,11.835000038146973,11.835000038146973,11.835000038146973,11.835000038146973,179.0
2024-07-03 10:27:00,CYCC,1.6100000143051147,1.6100000143051147,1.6200000047683716,1.6100000143051147,1.6101000308990479,13812.0
2024-07-03 10:27:00,CYTK,55.005001068115234,55.005001068115234,55.029998779296875,54.98249816894531,55.0,2542.0
2024-07-03 10:27:00,DARE,3.369999885559082,3.369999885559082,3.369999885559082,3.369999885559082,3.369999885559082,1449.0
2024-07-03 10:27:00,DAWN,13.489999771118164,13.489999771118164,13.489999771118164,13.479999542236328,13.479999542236328,435.0
2024-07-03 10:27:00,DCGO,2.920799970626831,2.920799970626831,2.920799970626831,2.9165000915527344,2.918600082397461,7700.0
2024-07-03 10:27:00,DCTH,7.965000152587891,7.965000152587891,7.980000019073486,7.965000152587891,7.980000019073486,523.0
2024-07-03 10:27:00,DERM,5.335000038146973,5.335000038146973,5.335000038146973,5.335000038146973,5.335000038146973,0.0
2024-07-03 10:27:00,DH,5.429999828338623,5.429999828338623,5.429999828338623,5.429999828338623,5.429999828338623,333.0
2024-07-03 10:27:00,DNLI,22.110000610351562,22.110000610351562,22.219999313354492,22.110000610351562,22.219999313354492,4522.0
2024-07-03 10:27:00,DRIO,1.1649999618530273,1.1649999618530273,1.1649999618530273,1.1649999618530273,1.1649999618530273,4044.0
2024-07-03 10:27:00,DSGN,3.2200000286102295,3.2200000286102295,3.2200000286102295,3.2200000286102295,3.2200000286102295,166.0
2024-07-03 10:27:00,DVAX,11.130000114440918,11.130000114440918,11.164999961853027,11.130000114440918,11.164999961853027,1687.0
2024-07-03 10:27:00,DXCM,110.32109832763672,110.32109832763672,110.32109832763672,110.20999908447266,110.30000305175781,4993.0
2024-07-03 10:27:00,DYN,34.9900016784668,34.9900016784668,34.9900016784668,34.9900016784668,34.9900016784668,103.0
2024-07-03 10:27:00,DYNT,0.22990000247955322,0.22990000247955322,0.22990000247955322,0.22990000247955322,0.22990000247955322,616.0
2024-07-03 10:27:00,EDIT,4.71999979019165,4.71999979019165,4.721499919891357,4.71999979019165,4.71999979019165,4489.0
2024-07-03 10:27:00,EOLS,10.850000381469727,10.850000381469727,10.859999656677246,10.850000381469727,10.859999656677246,1045.0
2024-07-03 10:27:00,ERAS,2.2699999809265137,2.2699999809265137,2.2699999809265137,2.2699999809265137,2.2699999809265137,1546.0
2024-07-03 10:27:00,ESPR,2.380000114440918,2.380000114440918,2.380000114440918,2.375,2.380000114440918,16940.0
2024-07-03 10:27:00,ETNB,7.71999979019165,7.71999979019165,7.730000019073486,7.71999979019165,7.730000019073486,1534.0
2024-07-03 10:27:00,EWTX,18.31999969482422,18.31999969482422,18.350000381469727,18.31999969482422,18.350000381469727,1808.0
2024-07-03 10:27:00,EXAI,5.380000114440918,5.380000114440918,5.389999866485596,5.380000114440918,5.389999866485596,384.0
2024-07-03 10:27:00,EXAS,43.279998779296875,43.279998779296875,43.33000183105469,43.27000045776367,43.33000183105469,3157.0
2024-07-03 10:27:00,EXEL,22.104999542236328,22.104999542236328,22.1200008392334,22.104999542236328,22.1200008392334,1690.0
2024-07-03 10:27:00,EYPT,8.399999618530273,8.399999618530273,8.420000076293945,8.399999618530273,8.420000076293945,521.0
2024-07-03 10:27:00,FATE,3.3350000381469727,3.3350000381469727,3.3499999046325684,3.3350000381469727,3.3450000286102295,3216.0
2024-07-03 10:27:00,FBIO,1.7599999904632568,1.7599999904632568,1.7599999904632568,1.7599999904632568,1.7599999904632568,0.0
2024-07-03 10:27:00,FDMT,21.280000686645508,21.280000686645508,21.280000686645508,21.170000076293945,21.170000076293945,6509.0
2024-07-03 10:27:00,FEMY,1.1289000511169434,1.1289000511169434,1.1289000511169434,1.1289000511169434,1.1289000511169434,217.0
2024-07-03 10:27:00,FGEN,0.7305999994277954,0.7305999994277954,0.7310000061988831,0.7305999994277954,0.7305999994277954,17462.0
2024-07-03 10:27:00,FHTX,5.574999809265137,5.574999809265137,5.574999809265137,5.480000019073486,5.480000019073486,1099.0
2024-07-03 10:27:00,FOLD,9.925000190734863,9.925000190734863,9.944999694824219,9.925000190734863,9.944999694824219,2336.0
2024-07-03 10:27:00,FULC,6.179999828338623,6.179999828338623,6.184999942779541,6.170000076293945,6.184999942779541,2949.0
2024-07-03 10:27:00,GDRX,7.869999885559082,7.869999885559082,7.875,7.869999885559082,7.875,1750.0
2024-07-03 10:27:00,GERN,4.409999847412109,4.409999847412109,4.409999847412109,4.400000095367432,4.400000095367432,15153.0
2024-07-03 10:27:00,GH,28.709999084472656,28.709999084472656,28.760000228881836,28.709999084472656,28.75,1651.0
2024-07-03 10:27:00,GILD,67.05419921875,67.05419921875,67.13999938964844,67.02999877929688,67.12999725341797,9686.0
2024-07-03 10:27:00,GLMD,0.29190000891685486,0.29190000891685486,0.29190000891685486,0.29190000891685486,0.29190000891685486,251.0
2024-07-03 10:27:00,GLUE,3.789900064468384,3.789900064468384,3.789900064468384,3.789900064468384,3.789900064468384,621.0
2024-07-03 10:27:00,GLYC,0.26969999074935913,0.26969999074935913,0.26969999074935913,0.2676999866962433,0.2676999866962433,11783.0
2024-07-03 10:27:00,GMAB,25.139999389648438,25.139999389648438,25.139999389648438,25.139999389648438,25.139999389648438,547.0
2024-07-03 10:27:00,GOSS,0.9312999844551086,0.9312999844551086,0.9316999912261963,0.9300000071525574,0.9300000071525574,3409.0
2024-07-03 10:27:00,GOVX,3.059999942779541,3.059999942779541,3.059999942779541,3.049999952316284,3.049999952316284,1531.0
2024-07-03 10:27:00,GRFS,6.675000190734863,6.675000190734863,6.675000190734863,6.675000190734863,6.675000190734863,312.0
2024-07-03 10:27:00,GRTS,0.5616000294685364,0.5616000294685364,0.5616000294685364,0.555400013923645,0.5583999752998352,7423.0
2024-07-03 10:27:00,GTBP,2.799999952316284,2.799999952316284,2.799999952316284,2.799999952316284,2.799999952316284,197.0
2024-07-03 10:27:00,GTHX,2.515000104904175,2.515000104904175,2.5299999713897705,2.515000104904175,2.5299999713897705,3480.0
2024-07-03 10:27:00,HALO,51.48500061035156,51.48500061035156,51.58000183105469,51.439998626708984,51.58000183105469,3061.0
2024-07-03 10:27:00,HCAT,6.199999809265137,6.199999809265137,6.199999809265137,6.199999809265137,6.199999809265137,1358.0
2024-07-03 10:27:00,HCSG,10.779999732971191,10.779999732971191,10.789999961853027,10.779999732971191,10.78499984741211,1770.0
2024-07-03 10:27:00,HITI,2.109999895095825,2.109999895095825,2.109999895095825,2.1050000190734863,2.1050000190734863,3530.0
2024-07-03 10:27:00,HOLX,73.28500366210938,73.28500366210938,73.29499816894531,73.27999877929688,73.29499816894531,3588.0
2024-07-03 10:27:00,HQY,83.76499938964844,83.76499938964844,83.7750015258789,83.76499938964844,83.7750015258789,1538.0
2024-07-03 10:27:00,HRMY,30.575000762939453,30.575000762939453,30.6200008392334,30.510000228881836,30.6200008392334,2331.0
2024-07-03 10:27:00,HROW,22.020000457763672,22.020000457763672,22.100000381469727,22.020000457763672,22.100000381469727,10197.0
2024-07-03 10:27:00,HRTX,2.805000066757202,2.805000066757202,2.809999942779541,2.799999952316284,2.809999942779541,15193.0
2024-07-03 10:27:00,HSIC,65.41999816894531,65.41999816894531,65.44000244140625,65.41000366210938,65.44000244140625,1895.0
2024-07-03 10:27:00,HUGE,0.1468999981880188,0.1468999981880188,0.148499995470047,0.14339999854564667,0.14339999854564667,1389.0
2024-07-03 10:27:00,HUMA,5.71999979019165,5.71999979019165,5.75,5.71999979019165,5.749800205230713,13818.0
2024-07-03 10:27:00,IART,29.149999618530273,29.149999618530273,29.170000076293945,29.149999618530273,29.170000076293945,1485.0
2024-07-03 10:27:00,IBRX,6.3109002113342285,6.3109002113342285,6.315000057220459,6.3109002113342285,6.315000057220459,708.0
2024-07-03 10:27:00,ICAD,1.2200000286102295,1.2200000286102295,1.2350000143051147,1.2200000286102295,1.2300000190734863,1300.0
2024-07-03 10:27:00,ICCM,0.7300000190734863,0.7300000190734863,0.7300000190734863,0.7300000190734863,0.7300000190734863,0.0
2024-07-03 10:27:00,ICLR,319.8999938964844,319.8999938964844,319.8999938964844,319.8500061035156,319.8500061035156,808.0
2024-07-03 10:27:00,ICUI,118.0999984741211,118.0999984741211,118.0999984741211,118.0999984741211,118.0999984741211,2278.0
2024-07-03 10:27:00,IDXX,475.2099914550781,475.2099914550781,475.92999267578125,475.2099914550781,475.92999267578125,434.0
2024-07-03 10:27:00,IDYA,33.80500030517578,33.80500030517578,33.845001220703125,33.790000915527344,33.845001220703125,1780.0
2024-07-03 10:27:00,IGMS,6.572500228881836,6.572500228881836,6.572500228881836,6.572500228881836,6.572500228881836,547.0
2024-07-03 10:27:00,IKNA,1.649999976158142,1.649999976158142,1.649999976158142,1.649999976158142,1.649999976158142,168.0
2024-07-03 10:27:00,ILMN,106.01000213623047,106.01000213623047,106.2699966430664,106.01000213623047,106.2699966430664,2949.0
2024-07-03 10:27:00,IMAB,1.5750000476837158,1.5750000476837158,1.5750000476837158,1.5750000476837158,1.5750000476837158,319.0
2024-07-03 10:27:00,IMCC,0.45100000500679016,0.45100000500679016,0.47999998927116394,0.44999998807907104,0.4693000018596649,60938.0
2024-07-03 10:27:00,IMCR,35.90999984741211,35.90999984741211,35.90999984741211,35.90999984741211,35.90999984741211,1069.0
2024-07-03 10:27:00,IMNM,12.130000114440918,12.130000114440918,12.16100025177002,12.130000114440918,12.16100025177002,1747.0
2024-07-03 10:27:00,IMRX,1.159999966621399,1.159999966621399,1.159999966621399,1.159999966621399,1.159999966621399,2326.0
2024-07-03 10:27:00,IMTX,12.0600004196167,12.0600004196167,12.0600004196167,12.0600004196167,12.0600004196167,1364.0
2024-07-03 10:27:00,IMUX,1.1299999952316284,1.1299999952316284,1.1299999952316284,1.1200000047683716,1.1200000047683716,1343.0
2024-07-03 10:27:00,IMVT,26.854999542236328,26.854999542236328,27.010000228881836,26.854999542236328,26.979999542236328,2696.0
2024-07-03 10:27:00,INCY,58.150001525878906,58.150001525878906,58.23500061035156,58.150001525878906,58.22999954223633,3717.0
2024-07-03 10:27:00,INMD,17.780000686645508,17.780000686645508,17.780000686645508,17.780000686645508,17.780000686645508,2519.0
2024-07-03 10:27:00,INO,8.538800239562988,8.538800239562988,8.538800239562988,8.538800239562988,8.538800239562988,807.0
2024-07-03 10:27:00,INSM,63.970001220703125,63.970001220703125,64.0199966430664,63.970001220703125,64.0199966430664,2231.0
2024-07-03 10:27:00,IONS,45.14500045776367,45.14500045776367,45.22999954223633,45.14500045776367,45.22999954223633,6142.0
2024-07-03 10:27:00,IOVA,7.795000076293945,7.795000076293945,7.840000152587891,7.795000076293945,7.835000038146973,92433.0
2024-07-03 10:27:00,IRTC,94.69999694824219,94.69999694824219,94.9000015258789,94.69999694824219,94.9000015258789,946.0
2024-07-03 10:27:00,IRWD,6.21999979019165,6.21999979019165,6.21999979019165,6.210000038146973,6.210000038146973,2079.0
2024-07-03 10:27:00,ISRG,434.54998779296875,434.54998779296875,434.54998779296875,434.3900146484375,434.3900146484375,800.0
2024-07-03 10:27:00,ITCI,68.04499816894531,68.04499816894531,68.04499816894531,68.04499816894531,68.04499816894531,1564.0
2024-07-03 10:27:00,ITOS,14.930000305175781,14.930000305175781,14.930000305175781,14.930000305175781,14.930000305175781,969.0
2024-07-03 10:27:00,JAGX,3.5092999935150146,3.5092999935150146,3.5099000930786133,3.5092999935150146,3.5099000930786133,750.0
2024-07-03 10:27:00,JANX,39.06999969482422,39.06999969482422,39.06999969482422,39.06999969482422,39.06999969482422,151.0
2024-07-03 10:27:00,KMDA,5.21999979019165,5.21999979019165,5.21999979019165,5.21999979019165,5.21999979019165,574.0
2024-07-03 10:27:00,KPRX,4.349999904632568,4.349999904632568,4.349999904632568,4.349999904632568,4.349999904632568,801.0
2024-07-03 10:27:00,KPTI,0.8452000021934509,0.8452000021934509,0.8475000262260437,0.8452000021934509,0.8475000262260437,2464.0
2024-07-03 10:27:00,KRMD,2.309999942779541,2.309999942779541,2.309999942779541,2.309999942779541,2.309999942779541,200.0
2024-07-03 10:27:00,KROS,42.880001068115234,42.880001068115234,42.880001068115234,42.869998931884766,42.869998931884766,831.0
2024-07-03 10:27:00,KRYS,179.50999450683594,179.50999450683594,180.61000061035156,179.50999450683594,180.61000061035156,2758.0
2024-07-03 10:27:00,KTRA,0.2775999903678894,0.2775999903678894,0.2775999903678894,0.2752000093460083,0.2752000093460083,4355.0
2024-07-03 10:27:00,KYMR,31.139999389648438,31.139999389648438,31.190000534057617,31.1299991607666,31.190000534057617,1187.0
2024-07-03 10:27:00,LAB,1.7999999523162842,1.7999999523162842,1.8049999475479126,1.7999999523162842,1.8049999475479126,616.0
2024-07-03 10:27:00,LBPH,32.03499984741211,32.03499984741211,32.03499984741211,32.03499984741211,32.03499984741211,391.0
2024-07-03 10:27:00,LEGN,45.189998626708984,45.189998626708984,45.23249816894531,45.18000030517578,45.23249816894531,1464.0
2024-07-03 10:27:00,LFMD,6.730000019073486,6.730000019073486,6.739999771118164,6.730000019073486,6.739999771118164,1327.0
2024-07-03 10:27:00,LGND,84.04499816894531,84.04499816894531,84.04499816894531,84.04499816894531,84.04499816894531,205.0
2024-07-03 10:27:00,LGVN,1.659000039100647,1.659000039100647,1.659000039100647,1.659000039100647,1.659000039100647,202.0
2024-07-03 10:27:00,LIVN,52.810001373291016,52.810001373291016,52.86000061035156,52.790000915527344,52.86000061035156,2704.0
2024-07-03 10:27:00,LNTH,78.73999786376953,78.73999786376953,78.75,78.70999908447266,78.73999786376953,2539.0
2024-07-03 10:27:00,LOGC,5.71999979019165,5.71999979019165,5.71999979019165,5.71999979019165,5.71999979019165,470.0
2024-07-03 10:27:00,LQDA,12.114999771118164,12.114999771118164,12.114999771118164,12.109999656677246,12.109999656677246,853.0
2024-07-03 10:27:00,LRMR,7.809999942779541,7.809999942779541,7.809999942779541,7.800000190734863,7.809999942779541,1762.0
2024-07-03 10:27:00,LSTA,3.449899911880493,3.449899911880493,3.449899911880493,3.449899911880493,3.449899911880493,665.0
2024-07-03 10:27:00,LUCD,0.762499988079071,0.762499988079071,0.762499988079071,0.762499988079071,0.762499988079071,526.0
2024-07-03 10:27:00,LXRX,1.6349999904632568,1.6349999904632568,1.6399999856948853,1.6349999904632568,1.6399999856948853,1190.0
2024-07-03 10:27:00,LYEL,1.4900000095367432,1.4900000095367432,1.4950000047683716,1.4900000095367432,1.4900000095367432,8268.0
2024-07-03 10:27:00,LYRA,0.2897999882698059,0.2897999882698059,0.2897999882698059,0.28619998693466187,0.28619998693466187,56286.0
2024-07-03 10:27:00,MBIO,0.5199000239372253,0.5199000239372253,0.5199000239372253,0.5156000256538391,0.5156000256538391,0.0
2024-07-03 10:27:00,MCRB,0.7093999981880188,0.7093999981880188,0.7093999981880188,0.7050999999046326,0.7050999999046326,1050.0
2024-07-03 10:27:00,MDGL,269.95001220703125,269.95001220703125,271.20001220703125,269.95001220703125,271.20001220703125,3623.0
2024-07-03 10:27:00,MDXG,6.804999828338623,6.804999828338623,6.804999828338623,6.804999828338623,6.804999828338623,200.0
2024-07-03 10:27:00,ME,0.40119999647140503,0.40119999647140503,0.40290001034736633,0.40119999647140503,0.40209999680519104,31081.0
2024-07-03 10:27:00,MEDP,406.25,406.25,407.19500732421875,406.25,407.19500732421875,2091.0
2024-07-03 10:27:00,MGNX,4.320000171661377,4.320000171661377,4.320000171661377,4.300000190734863,4.300000190734863,4409.0
2024-07-03 10:27:00,MGTX,4.03000020980835,4.03000020980835,4.050000190734863,4.03000020980835,4.050000190734863,869.0
2024-07-03 10:27:00,MIRM,34.07500076293945,34.07500076293945,34.07500076293945,34.07500076293945,34.07500076293945,0.0
2024-07-03 10:27:00,MLTX,41.650001525878906,41.650001525878906,41.650001525878906,41.560001373291016,41.560001373291016,645.0
2024-07-03 10:27:00,MNKD,5.130000114440918,5.130000114440918,5.150000095367432,5.130000114440918,5.139999866485596,11182.0
2024-07-03 10:27:00,MNMD,7.28000020980835,7.28000020980835,7.309999942779541,7.28000020980835,7.309999942779541,2248.0
2024-07-03 10:27:00,MORF,32.369998931884766,32.369998931884766,32.369998931884766,32.369998931884766,32.369998931884766,315.0
2024-07-03 10:27:00,MRKR,5.159999847412109,5.159999847412109,5.2144999504089355,5.159999847412109,5.2144999504089355,2728.0
2024-07-03 10:27:00,MRNA,117.8499984741211,117.8499984741211,118.2499008178711,117.77999877929688,118.22000122070312,8964.0
2024-07-03 10:27:00,MRNS,1.2350000143051147,1.2350000143051147,1.2350000143051147,1.2350000143051147,1.2350000143051147,267.0
2024-07-03 10:27:00,MRSN,1.9249999523162842,1.9249999523162842,1.9299999475479126,1.9249999523162842,1.9249999523162842,967.0
2024-07-03 10:27:00,MRUS,52.880001068115234,52.880001068115234,53.005001068115234,52.880001068115234,52.9900016784668,1202.0
2024-07-03 10:27:00,MRVI,6.849999904632568,6.849999904632568,6.860000133514404,6.849999904632568,6.860000133514404,1361.0
2024-07-03 10:27:00,MXCT,3.744999885559082,3.744999885559082,3.75,3.744999885559082,3.744999885559082,868.0
2024-07-03 10:27:00,MYGN,25.479999542236328,25.479999542236328,25.5,25.479999542236328,25.5,666.0
2024-07-03 10:27:00,NARI,49.779998779296875,49.779998779296875,49.84000015258789,49.779998779296875,49.84000015258789,950.0
2024-07-03 10:27:00,NBIX,138.52499389648438,138.52499389648438,138.69500732421875,138.52499389648438,138.63999938964844,2957.0
2024-07-03 10:27:00,NDRA,0.08449999988079071,0.08449999988079071,0.08449999988079071,0.08449999988079071,0.08449999988079071,2100.0
2024-07-03 10:27:00,NEO,13.710000038146973,13.710000038146973,13.710000038146973,13.710000038146973,13.710000038146973,1288.0
2024-07-03 10:27:00,NEOG,15.239999771118164,15.239999771118164,15.274999618530273,15.239999771118164,15.274999618530273,3613.0
2024-07-03 10:27:00,NKTR,1.2549999952316284,1.2549999952316284,1.2549999952316284,1.2549999952316284,1.2549999952316284,1417.0
2024-07-03 10:27:00,NNOX,7.199999809265137,7.199999809265137,7.219900131225586,7.199999809265137,7.200099945068359,6904.0
2024-07-03 10:27:00,NRIX,19.8700008392334,19.8700008392334,19.924999237060547,19.81999969482422,19.924999237060547,3071.0
2024-07-03 10:27:00,NRSN,1.3300000429153442,1.3300000429153442,1.3300000429153442,1.3300000429153442,1.3300000429153442,0.0
2024-07-03 10:27:00,NTLA,23.006500244140625,23.006500244140625,23.06999969482422,23.006500244140625,23.06999969482422,2285.0
2024-07-03 10:27:00,NTRA,112.26000213623047,112.26000213623047,112.55999755859375,112.26000213623047,112.47000122070312,6508.0
2024-07-03 10:27:00,NVAX,13.039999961853027,13.039999961853027,13.074999809265137,13.039999961853027,13.074000358581543,7963.0
2024-07-03 10:27:00,NVCR,16.989999771118164,16.989999771118164,16.989999771118164,16.979000091552734,16.985000610351562,1539.0
2024-07-03 10:27:00,NVOS,0.7491999864578247,0.7491999864578247,0.7491999864578247,0.7491999864578247,0.7491999864578247,0.0
2024-07-03 10:27:00,NXL,1.398800015449524,1.398800015449524,1.409999966621399,1.398800015449524,1.409999966621399,4203.0
2024-07-03 10:27:00,OCGN,1.6799999475479126,1.6799999475479126,1.684999942779541,1.6799999475479126,1.684999942779541,2890.0
2024-07-03 10:27:00,OCUL,6.864999771118164,6.864999771118164,6.880000114440918,6.864999771118164,6.880000114440918,1514.0
2024-07-03 10:27:00,OGI,1.6050000190734863,1.6050000190734863,1.6050000190734863,1.6050000190734863,1.6050000190734863,1277.0
2024-07-03 10:27:00,OLK,25.75,25.75,25.7549991607666,25.75,25.752500534057617,478.0
2024-07-03 10:27:00,OM,3.765000104904175,3.765000104904175,3.7950000762939453,3.765000104904175,3.7950000762939453,3740.0
2024-07-03 10:27:00,OMCL,26.420000076293945,26.420000076293945,26.459999084472656,26.350000381469727,26.43000030517578,1996.0
2024-07-03 10:27:00,OMGA,2.049999952316284,2.049999952316284,2.055000066757202,2.049999952316284,2.055000066757202,206.0
2024-07-03 10:28:00,AADI,1.3700000047683716,1.3700000047683716,1.3700000047683716,1.3700000047683716,1.3700000047683716,306.0
2024-07-03 10:28:00,ABOS,2.309999942779541,2.309999942779541,2.309999942779541,2.309999942779541,2.309999942779541,136.0
2024-07-03 10:28:00,ABSI,3.200000047683716,3.200000047683716,3.2149999141693115,3.190000057220459,3.2100000381469727,13646.0
2024-07-03 10:28:00,ABUS,3.194999933242798,3.194999933242798,3.2049999237060547,3.190000057220459,3.2049999237060547,4687.0
2024-07-03 10:28:00,ACAD,15.800000190734863,15.800000190734863,15.802200317382812,15.800000190734863,15.800000190734863,1044.0
2024-07-03 10:28:00,ACB,4.965000152587891,4.965000152587891,4.9654998779296875,4.965000152587891,4.9654998779296875,339.0
2024-07-03 10:28:00,ACCD,3.555000066757202,3.555000066757202,3.5599000453948975,3.549999952316284,3.549999952316284,6276.0
2024-07-03 10:28:00,ACET,1.0640000104904175,1.0640000104904175,1.0700000524520874,1.0640000104904175,1.065000057220459,18511.0
2024-07-03 10:28:00,ACHC,65.87999725341797,65.87999725341797,65.87999725341797,65.87999725341797,65.87999725341797,579.0
2024-07-03 10:28:00,ADAP,1.0449999570846558,1.0449999570846558,1.0499999523162842,1.0399999618530273,1.0499999523162842,1202.0
2024-07-03 10:28:00,ADMA,11.4350004196167,11.4350004196167,11.4399995803833,11.430000305175781,11.4399995803833,3893.0
2024-07-03 10:28:00,ADPT,3.390000104904175,3.390000104904175,3.390000104904175,3.390000104904175,3.390000104904175,314.0
2024-07-03 10:28:00,ADUS,117.20500183105469,117.20500183105469,117.5999984741211,117.16999816894531,117.16999816894531,4603.0
2024-07-03 10:28:00,ADVM,7.150000095367432,7.150000095367432,7.150000095367432,7.150000095367432,7.150000095367432,380.0
2024-07-03 10:28:00,AGIO,42.439998626708984,42.439998626708984,42.4900016784668,42.439998626708984,42.4900016784668,1423.0
2024-07-03 10:28:00,AHCO,9.805000305175781,9.805000305175781,9.805000305175781,9.789999961853027,9.800000190734863,15057.0
2024-07-03 10:28:00,AKBA,0.9671000242233276,0.9671000242233276,0.9671000242233276,0.9642000198364258,0.9642000198364258,2324.0
2024-07-03 10:28:00,AKRO,22.239999771118164,22.239999771118164,22.260000228881836,22.239999771118164,22.260000228881836,1358.0
2024-07-03 10:28:00,ALDX,3.2799999713897705,3.2799999713897705,3.2799999713897705,3.2799999713897705,3.2799999713897705,404.0
2024-07-03 10:28:00,ALEC,4.489999771118164,4.489999771118164,4.489999771118164,4.489999771118164,4.489999771118164,467.0
2024-07-03 10:28:00,ALGN,238.36000061035156,238.36000061035156,238.36000061035156,238.22999572753906,238.22999572753906,1415.0
2024-07-03 10:28:00,ALGS,0.4142000079154968,0.4142000079154968,0.41530001163482666,0.4129999876022339,0.4129999876022339,2831.0
2024-07-03 10:28:00,ALHC,7.974999904632568,7.974999904632568,7.980000019073486,7.974999904632568,7.980000019073486,1687.0
2024-07-03 10:28:00,ALIM,5.525000095367432,5.525000095367432,5.525000095367432,5.519999980926514,5.525000095367432,3917.0
2024-07-03 10:28:00,ALKS,24.479999542236328,24.479999542236328,24.479999542236328,24.479999542236328,24.479999542236328,1765.0
2024-07-03 10:28:00,ALLK,0.8658000230789185,0.8658000230789185,0.8658000230789185,0.8626999855041504,0.8626999855041504,1062.0
2024-07-03 10:28:00,ALLO,2.140000104904175,2.140000104904175,2.1500000953674316,2.140000104904175,2.1500000953674316,828.0
2024-07-03 10:28:00,ALLR,0.2061000019311905,0.2061000019311905,0.2061000019311905,0.2061000019311905,0.2061000019311905,2624.0
2024-07-03 10:28:00,ALNY,247.52999877929688,247.52999877929688,247.52999877929688,247.52999877929688,247.52999877929688,633.0
2024-07-03 10:28:00,ALT,6.8454999923706055,6.8454999923706055,6.855000019073486,6.829999923706055,6.855000019073486,5620.0
2024-07-03 10:28:00,ALXO,5.989999771118164,5.989999771118164,5.989999771118164,5.989999771118164,5.989999771118164,134.0
2024-07-03 10:28:00,AMED,96.69999694824219,96.69999694824219,96.7300033569336,96.69999694824219,96.7300033569336,1223.0
2024-07-03 10:28:00,AMGN,311.135009765625,311.135009765625,311.135009765625,310.94500732421875,310.9849853515625,1064.0
2024-07-03 10:28:00,AMLX,1.7899999618530273,1.7899999618530273,1.7899999618530273,1.784999966621399,1.7899999618530273,1762.0
2024-07-03 10:28:00,AMPH,38.099998474121094,38.099998474121094,38.099998474121094,38.099998474121094,38.099998474121094,207.0
2024-07-03 10:28:00,AMRN,0.7142999768257141,0.7142999768257141,0.7142999768257141,0.7142999768257141,0.7142999768257141,5000.0
2024-07-03 10:28:00,ANAB,25.315000534057617,25.315000534057617,25.315000534057617,25.25,25.260000228881836,1779.0
2024-07-03 10:28:00,ANNX,4.875,4.875,4.880000114440918,4.875,4.880000114440918,1448.0
2024-07-03 10:28:00,ANTX,2.5002999305725098,2.5002999305725098,2.5450000762939453,2.5,2.5299999713897705,15618.0
2024-07-03 10:28:00,APDN,0.4408999979496002,0.4408999979496002,0.4408999979496002,0.4408999979496002,0.4408999979496002,0.0
2024-07-03 10:28:00,APLS,36.0099983215332,36.0099983215332,36.0099983215332,35.81999969482422,35.900001525878906,8679.0
2024-07-03 10:28:00,APLT,4.434999942779541,4.434999942779541,4.440000057220459,4.434999942779541,4.440000057220459,1971.0
2024-07-03 10:28:00,APVO,0.3046000003814697,0.3046000003814697,0.3052000105381012,0.3046000003814697,0.3052000105381012,6840.0
2024-07-03 10:28:00,AQST,2.434999942779541,2.434999942779541,2.434999942779541,2.434999942779541,2.434999942779541,772.0
2024-07-03 10:28:00,ARCT,21.790000915527344,21.790000915527344,21.790000915527344,21.610000610351562,21.610000610351562,300.0
2024-07-03 10:28:00,ARDX,5.27869987487793,5.27869987487793,5.28000020980835,5.269999980926514,5.28000020980835,19487.0
2024-07-03 10:28:00,ARGX,435.82000732421875,435.82000732421875,435.9200134277344,435.82000732421875,435.9200134277344,1048.0
2024-07-03 10:28:00,ARQT,9.529999732971191,9.529999732971191,9.569999694824219,9.529999732971191,9.5649995803833,5288.0
2024-07-03 10:28:00,ARVN,24.885000228881836,24.885000228881836,24.924999237060547,24.885000228881836,24.924999237060547,733.0
2024-07-03 10:28:00,ARWR,25.795000076293945,25.795000076293945,25.84000015258789,25.75,25.75,435.0
2024-07-03 10:28:00,ASND,136.0,136.0,136.0,136.0,136.0,10250.0
2024-07-03 10:28:00,ASRT,1.2991000413894653,1.2991000413894653,1.2991000413894653,1.2899999618530273,1.2899999618530273,5476.0
2024-07-03 10:28:00,ATAI,1.309999942779541,1.309999942779541,1.309999942779541,1.309999942779541,1.309999942779541,200.0
2024-07-03 10:28:00,ATEC,9.960000038146973,9.960000038146973,9.970000267028809,9.960000038146973,9.970000267028809,1156.0
2024-07-03 10:28:00,ATOS,1.1649999618530273,1.1649999618530273,1.1699999570846558,1.1649999618530273,1.1699999570846558,1348.0
2024-07-03 10:28:00,ATXS,9.145000457763672,9.145000457763672,9.154999732971191,9.140000343322754,9.149999618530273,1206.0
2024-07-03 10:28:00,AUPH,5.510000228881836,5.510000228881836,5.519999980926514,5.505000114440918,5.519999980926514,2341.0
2024-07-03 10:28:00,AUTL,3.490000009536743,3.490000009536743,3.490000009536743,3.490000009536743,3.490000009536743,556.0
2024-07-03 10:28:00,AVDL,14.289999961853027,14.289999961853027,14.289999961853027,14.28499984741211,14.28499984741211,1043.0
2024-07-03 10:28:00,AVIR,3.325000047683716,3.325000047683716,3.325000047683716,3.325000047683716,3.325000047683716,434.0
2024-07-03 10:28:00,AVTE,1.6399999856948853,1.6399999856948853,1.6399999856948853,1.6399999856948853,1.6399999856948853,7964.0
2024-07-03 10:28:00,AVXL,4.260000228881836,4.260000228881836,4.260000228881836,4.260000228881836,4.260000228881836,1327.0
2024-07-03 10:28:00,AXNX,67.5,67.5,67.5,67.5,67.5,462.0
2024-07-03 10:28:00,AXSM,80.0,80.0,80.0,80.0,80.0,469.0
2024-07-03 10:28:00,AZN,76.83000183105469,76.83000183105469,76.8499984741211,76.83000183105469,76.8499984741211,4462.0
2024-07-03 10:28:00,AZTA,52.849998474121094,52.849998474121094,52.849998474121094,52.83000183105469,52.84000015258789,3807.0
2024-07-03 10:28:00,BBIO,25.329999923706055,25.329999923706055,25.350000381469727,25.329999923706055,25.350000381469727,764.0
2024-07-03 10:28:00,BCAB,1.3550000190734863,1.3550000190734863,1.3550000190734863,1.3550000190734863,1.3550000190734863,1645.0
2024-07-03 10:28:00,BCRX,6.710000038146973,6.710000038146973,6.730000019073486,6.710000038146973,6.730000019073486,6644.0
2024-07-03 10:28:00,BDTX,4.199999809265137,4.199999809265137,4.199999809265137,4.199999809265137,4.199999809265137,288.0
2024-07-03 10:28:00,BEAM,23.719999313354492,23.719999313354492,23.760000228881836,23.719999313354492,23.760000228881836,1049.0
2024-07-03 10:28:00,BIIB,225.3800048828125,225.3800048828125,225.56500244140625,225.3800048828125,225.56500244140625,486.0
2024-07-03 10:28:00,BIVI,0.4171999990940094,0.4171999990940094,0.4171999990940094,0.4171999990940094,0.4171999990940094,229.0
2024-07-03 10:28:00,BLUE,0.9545000195503235,0.9545000195503235,0.9569000005722046,0.9484999775886536,0.9484999775886536,52456.0
2024-07-03 10:28:00,BMEA,4.5,4.5,4.5,4.5,4.5,2544.0
2024-07-03 10:28:00,BNGO,0.5522000193595886,0.5522000193595886,0.5522000193595886,0.5522000193595886,0.5522000193595886,6131.0
2024-07-03 10:28:00,BNTX,80.67500305175781,80.67500305175781,80.69000244140625,80.61000061035156,80.69000244140625,5479.0
2024-07-03 10:28:00,BPMC,111.08999633789062,111.08999633789062,111.25499725341797,111.08999633789062,111.25499725341797,1942.0
2024-07-03 10:28:00,BPTH,1.809999942779541,1.809999942779541,1.809999942779541,1.809999942779541,1.809999942779541,1260.0
2024-07-03 10:28:00,BTAI,1.100000023841858,1.100000023841858,1.1098999977111816,1.100000023841858,1.1050000190734863,6496.0
2024-07-03 10:28:00,BVS,6.170000076293945,6.170000076293945,6.170000076293945,6.170000076293945,6.170000076293945,200.0
2024-07-03 10:28:00,CABA,7.760000228881836,7.760000228881836,7.760000228881836,7.75,7.75,1588.0
2024-07-03 10:28:00,CARA,0.2766000032424927,0.2766000032424927,0.2766000032424927,0.2766000032424927,0.2766000032424927,991.0
2024-07-03 10:28:00,CCCC,4.829999923706055,4.829999923706055,4.829999923706055,4.815000057220459,4.820000171661377,5505.0
2024-07-03 10:28:00,CCRN,13.699999809265137,13.699999809265137,13.699999809265137,13.699999809265137,13.699999809265137,519.0
2024-07-03 10:28:00,CDMO,7.625,7.625,7.625,7.625,7.625,517.0
2024-07-03 10:28:00,CDNA,15.319999694824219,15.319999694824219,15.319999694824219,15.319999694824219,15.319999694824219,320.0
2024-07-03 10:28:00,CELUW,0.015300000086426735,0.015300000086426735,0.015300000086426735,0.015300000086426735,0.015300000086426735,719.0
2024-07-03 10:28:00,CERE,41.2599983215332,41.2599983215332,41.2599983215332,41.2599983215332,41.2599983215332,1251.0
2024-07-03 10:28:00,CERT,13.850000381469727,13.850000381469727,13.859999656677246,13.850000381469727,13.859999656677246,990.0
2024-07-03 10:28:00,CGC,6.821100234985352,6.821100234985352,6.829999923706055,6.820000171661377,6.829999923706055,22336.0
2024-07-03 10:28:00,CGEM,16.854999542236328,16.854999542236328,16.854999542236328,16.834999084472656,16.834999084472656,574.0
2024-07-03 10:28:00,CING,0.32989999651908875,0.32989999651908875,0.32989999651908875,0.32989999651908875,0.32989999651908875,21353.0
2024-07-03 10:28:00,CKPT,2.2899999618530273,2.2899999618530273,2.3299999237060547,2.2899999618530273,2.3299999237060547,12888.0
2024-07-03 10:28:00,CLNN,0.3264000117778778,0.3264000117778778,0.32679998874664307,0.3262999951839447,0.3262999951839447,73132.0
2024-07-03 10:28:00,CMAX,2.1700000762939453,2.1700000762939453,2.1700000762939453,2.130000114440918,2.130000114440918,433.0
2024-07-03 10:28:00,CMPS,6.224999904632568,6.224999904632568,6.224999904632568,6.224999904632568,6.224999904632568,103.0
2024-07-03 10:28:00,CNSP,2.1500000953674316,2.1500000953674316,2.1700000762939453,2.1500000953674316,2.1510000228881836,33208.0
2024-07-03 10:28:00,COGT,8.369999885559082,8.369999885559082,8.369999885559082,8.354999542236328,8.354999542236328,4.0
2024-07-03 10:28:00,COLL,32.06999969482422,32.06999969482422,32.13999938964844,32.06999969482422,32.099998474121094,1150.0
2024-07-03 10:28:00,CORT,31.270000457763672,31.270000457763672,31.270000457763672,31.229999542236328,31.229999542236328,1871.0
2024-07-03 10:28:00,COSM,0.949999988079071,0.949999988079071,0.949999988079071,0.9376000165939331,0.9376000165939331,4762.0
2024-07-03 10:28:00,CPRX,15.725000381469727,15.725000381469727,15.725000381469727,15.725000381469727,15.725000381469727,251.0
2024-07-03 10:28:00,CRBP,48.775001525878906,48.775001525878906,48.775001525878906,48.775001525878906,48.775001525878906,749.0
2024-07-03 10:28:00,CRBU,1.625,1.625,1.6299999952316284,1.625,1.6299999952316284,3441.0
2024-07-03 10:28:00,CRDF,2.2300000190734863,2.2300000190734863,2.240000009536743,2.2200000286102295,2.240000009536743,3178.0
2024-07-03 10:28:00,CRMD,4.190000057220459,4.190000057220459,4.190000057220459,4.190000057220459,4.190000057220459,1828.0
2024-07-03 10:28:00,CRNX,45.0,45.0,45.0,45.0,45.0,781.0
2024-07-03 10:28:00,CRON,2.3550000190734863,2.3550000190734863,2.3550000190734863,2.3499999046325684,2.3499999046325684,65300.0
2024-07-03 10:28:00,CRSP,54.33250045776367,54.33250045776367,54.4900016784668,54.2504997253418,54.29999923706055,7399.0
2024-07-03 10:28:00,CSTL,21.309999465942383,21.309999465942383,21.309999465942383,21.270000457763672,21.270000457763672,1215.0
2024-07-03 10:28:00,CTMX,1.3550000190734863,1.3550000190734863,1.3550000190734863,1.3550000190734863,1.3550000190734863,2496.0
2024-07-03 10:28:00,CTXR,0.5239999890327454,0.5239999890327454,0.5248000025749207,0.5151000022888184,0.5151000022888184,26596.0
2024-07-03 10:28:00,CUTR,1.3450000286102295,1.3450000286102295,1.3450000286102295,1.340000033378601,1.342900037765503,10816.0
2024-07-03 10:28:00,CVAC,3.505000114440918,3.505000114440918,3.505000114440918,3.4716999530792236,3.4800000190734863,13142.0
2024-07-03 10:28:00,CYTK,54.98500061035156,54.98500061035156,54.98500061035156,54.98500061035156,54.98500061035156,844.0
2024-07-03 10:28:00,DARE,3.380000114440918,3.380000114440918,3.380000114440918,3.369999885559082,3.369999885559082,852.0
2024-07-03 10:28:00,DAWN,13.5,13.5,13.5,13.470000267028809,13.479999542236328,2935.0
2024-07-03 10:28:00,DCGO,2.930000066757202,2.930000066757202,2.930000066757202,2.9235000610351562,2.9235000610351562,9391.0
2024-07-03 10:28:00,DCTH,7.960000038146973,7.960000038146973,7.96999979019165,7.960000038146973,7.96999979019165,243.0
2024-07-03 10:28:00,DH,5.440000057220459,5.440000057220459,5.440000057220459,5.420000076293945,5.420000076293945,958.0
2024-07-03 10:28:00,DSGN,3.2300000190734863,3.2300000190734863,3.2300000190734863,3.2100000381469727,3.2200000286102295,1827.0
2024-07-03 10:28:00,DXCM,110.38500213623047,110.38500213623047,110.4000015258789,110.32499694824219,110.37000274658203,2609.0
2024-07-03 10:28:00,DYN,34.86000061035156,34.86000061035156,34.95000076293945,34.84000015258789,34.939998626708984,2000.0
2024-07-03 10:28:00,EDIT,4.715000152587891,4.715000152587891,4.715000152587891,4.710100173950195,4.710100173950195,1430.0
2024-07-03 10:28:00,EMBC,12.0,12.0,12.0,11.97189998626709,11.97189998626709,1136.0
2024-07-03 10:28:00,ENTA,13.390000343322754,13.390000343322754,13.40999984741211,13.369999885559082,13.40999984741211,1627.0
2024-07-03 10:28:00,EOLS,10.850000381469727,10.850000381469727,10.869999885559082,10.850000381469727,10.850000381469727,2922.0
2024-07-03 10:28:00,ESPR,2.3756000995635986,2.3756000995635986,2.380000114440918,2.3756000995635986,2.380000114440918,4611.0
2024-07-03 10:28:00,ETNB,7.710000038146973,7.710000038146973,7.710000038146973,7.699999809265137,7.699999809265137,640.0
2024-07-03 10:28:00,EVOK,0.5353000164031982,0.5353000164031982,0.5353000164031982,0.5353000164031982,0.5353000164031982,3411.0
2024-07-03 10:28:00,EWTX,18.30500030517578,18.30500030517578,18.30500030517578,18.30500030517578,18.30500030517578,961.0
2024-07-03 10:28:00,EXAI,5.360000133514404,5.360000133514404,5.360000133514404,5.360000133514404,5.360000133514404,735.0
2024-07-03 10:28:00,EXAS,43.31999969482422,43.31999969482422,43.349998474121094,43.290000915527344,43.34000015258789,1630.0
2024-07-03 10:28:00,EXEL,22.100000381469727,22.100000381469727,22.104999542236328,22.094999313354492,22.100000381469727,4586.0
2024-07-03 10:28:00,EYEN,0.7962999939918518,0.7962999939918518,0.7962999939918518,0.7962999939918518,0.7962999939918518,400.0
2024-07-03 10:28:00,EYPT,8.420000076293945,8.420000076293945,8.420000076293945,8.390000343322754,8.390000343322754,634.0
2024-07-03 10:28:00,FATE,3.3350000381469727,3.3350000381469727,3.3399999141693115,3.3350000381469727,3.3350000381469727,4821.0
2024-07-03 10:28:00,FGEN,0.7305999994277954,0.7305999994277954,0.7305999994277954,0.7305999994277954,0.7305999994277954,502.0
2024-07-03 10:28:00,FLGC,0.9666000008583069,0.9666000008583069,0.9666000008583069,0.9666000008583069,0.9666000008583069,2653.0
2024-07-03 10:28:00,FLGT,20.149999618530273,20.149999618530273,20.190000534057617,20.149999618530273,20.190000534057617,2237.0
2024-07-03 10:28:00,FOLD,9.914999961853027,9.914999961853027,9.914999961853027,9.914999961853027,9.914999961853027,526.0
2024-07-03 10:28:00,GALT,2.180000066757202,2.180000066757202,2.180000066757202,2.180000066757202,2.180000066757202,725.0
2024-07-03 10:28:00,GDRX,7.869900226593018,7.869900226593018,7.869999885559082,7.863399982452393,7.869999885559082,1063.0
2024-07-03 10:28:00,GERN,4.400100231170654,4.400100231170654,4.409999847412109,4.400000095367432,4.40500020980835,37638.0
2024-07-03 10:28:00,GH,28.68000030517578,28.68000030517578,28.704999923706055,28.670000076293945,28.704999923706055,3234.0
2024-07-03 10:28:00,GILD,67.12999725341797,67.12999725341797,67.1500015258789,67.04000091552734,67.05999755859375,18027.0
2024-07-03 10:28:00,GLMD,0.29190000891685486,0.29190000891685486,0.29190000891685486,0.29190000891685486,0.29190000891685486,1031.0
2024-07-03 10:28:00,GLUE,3.765000104904175,3.765000104904175,3.765000104904175,3.765000104904175,3.765000104904175,318.0
2024-07-03 10:28:00,GLYC,0.26969999074935913,0.26969999074935913,0.26969999074935913,0.26969999074935913,0.26969999074935913,101.0
2024-07-03 10:28:00,GMAB,25.149999618530273,25.149999618530273,25.149999618530273,25.149999618530273,25.149999618530273,929.0
2024-07-03 10:28:00,GOSS,0.9307000041007996,0.9307000041007996,0.9307000041007996,0.9307000041007996,0.9307000041007996,683.0
2024-07-03 10:28:00,GOVX,3.0450000762939453,3.0450000762939453,3.049999952316284,3.030100107192993,3.049999952316284,801.0
2024-07-03 10:28:00,GRFS,6.6697001457214355,6.6697001457214355,6.6697001457214355,6.6697001457214355,6.6697001457214355,808.0
2024-07-03 10:28:00,GRTS,0.5601000189781189,0.5601000189781189,0.5616999864578247,0.5594000220298767,0.5594000220298767,17567.0
2024-07-03 10:28:00,GTHX,2.515000104904175,2.515000104904175,2.51990008354187,2.509999990463257,2.509999990463257,1127.0
2024-07-03 10:28:00,HALO,51.34000015258789,51.34000015258789,51.43000030517578,51.34000015258789,51.43000030517578,1530.0
2024-07-03 10:28:00,HCSG,10.774999618530273,10.774999618530273,10.774999618530273,10.774999618530273,10.774999618530273,753.0
2024-07-03 10:28:00,HITI,2.1050000190734863,2.1050000190734863,2.1050000190734863,2.1050000190734863,2.1050000190734863,0.0
2024-07-03 10:28:00,HLVX,14.289999961853027,14.289999961853027,14.289999961853027,14.289999961853027,14.289999961853027,482.0
2024-07-03 10:28:00,HOLX,73.30000305175781,73.30000305175781,73.30000305175781,73.29000091552734,73.29000091552734,2736.0
2024-07-03 10:28:00,HOOK,0.5788999795913696,0.5788999795913696,0.5788999795913696,0.5788999795913696,0.5788999795913696,300.0
2024-07-03 10:28:00,HROW,22.0,22.0,22.020000457763672,22.0,22.020000457763672,1026.0
2024-07-03 10:28:00,HRTX,2.803999900817871,2.803999900817871,2.8099000453948975,2.7899999618530273,2.7899999618530273,23949.0
2024-07-03 10:28:00,HSIC,65.38999938964844,65.38999938964844,65.38999938964844,65.38999938964844,65.38999938964844,936.0
2024-07-03 10:28:00,HUGE,0.148499995470047,0.148499995470047,0.148499995470047,0.148499995470047,0.148499995470047,800.0
2024-07-03 10:28:00,HUMA,5.730000019073486,5.730000019073486,5.739999771118164,5.720300197601318,5.720300197601318,6723.0
2024-07-03 10:28:00,IART,29.162599563598633,29.162599563598633,29.162599563598633,29.131000518798828,29.135000228881836,1259.0
2024-07-03 10:28:00,IBRX,6.304999828338623,6.304999828338623,6.309999942779541,6.304999828338623,6.309999942779541,2326.0
2024-07-03 10:28:00,ICLR,319.37469482421875,319.37469482421875,319.7049865722656,319.37469482421875,319.5199890136719,1707.0
2024-07-03 10:28:00,IDXX,475.8800048828125,475.8800048828125,475.8800048828125,475.8800048828125,475.8800048828125,340.0
2024-07-03 10:28:00,IDYA,33.709999084472656,33.709999084472656,33.77000045776367,33.709999084472656,33.77000045776367,1533.0
2024-07-03 10:28:00,IGMS,6.599999904632568,6.599999904632568,6.599999904632568,6.539999961853027,6.539999961853027,905.0
2024-07-03 10:28:00,IKNA,1.649999976158142,1.649999976158142,1.649999976158142,1.649999976158142,1.649999976158142,224.0
2024-07-03 10:28:00,ILMN,106.05999755859375,106.05999755859375,106.05999755859375,106.05999755859375,106.05999755859375,1370.0
2024-07-03 10:28:00,IMMP,1.965000033378601,1.965000033378601,1.965000033378601,1.965000033378601,1.965000033378601,48.0
2024-07-03 10:28:00,IMNM,12.079999923706055,12.079999923706055,12.119999885559082,12.079999923706055,12.119999885559082,1860.0
2024-07-03 10:28:00,INCY,58.154998779296875,58.154998779296875,58.154998779296875,58.130001068115234,58.1349983215332,1265.0
2024-07-03 10:28:00,INMD,17.760000228881836,17.760000228881836,17.770000457763672,17.760000228881836,17.770000457763672,4332.0
2024-07-03 10:28:00,INSM,63.88999938964844,63.88999938964844,63.970001220703125,63.88999938964844,63.970001220703125,2033.0
2024-07-03 10:28:00,INVA,16.375,16.375,16.375,16.375,16.375,769.0
2024-07-03 10:28:00,INZY,4.539999961853027,4.539999961853027,4.539999961853027,4.539999961853027,4.539999961853027,1112.0
2024-07-03 10:28:00,IONM,0.33320000767707825,0.33320000767707825,0.33320000767707825,0.33320000767707825,0.33320000767707825,581.0
2024-07-03 10:28:00,IONS,45.03499984741211,45.03499984741211,45.14500045776367,45.03499984741211,45.14500045776367,3662.0
2024-07-03 10:28:00,IOVA,7.795000076293945,7.795000076293945,7.795000076293945,7.784999847412109,7.789999961853027,10642.0
2024-07-03 10:28:00,IRTC,94.93000030517578,94.93000030517578,94.93000030517578,94.19999694824219,94.19999694824219,1581.0
2024-07-03 10:28:00,IRWD,6.215000152587891,6.215000152587891,6.215000152587891,6.215000152587891,6.215000152587891,501.0
2024-07-03 10:28:00,ISPC,0.2930999994277954,0.2930999994277954,0.2930999994277954,0.2930999994277954,0.2930999994277954,8100.0
2024-07-03 10:28:00,ISRG,434.57501220703125,434.57501220703125,434.57501220703125,434.28009033203125,434.28009033203125,928.0
2024-07-03 10:28:00,ITCI,67.99500274658203,67.99500274658203,67.99500274658203,67.97000122070312,67.9800033569336,2281.0
2024-07-03 10:28:00,ITOS,14.859999656677246,14.859999656677246,14.920000076293945,14.850000381469727,14.920000076293945,3148.0
2024-07-03 10:28:00,JAGX,3.5092999935150146,3.5092999935150146,3.5092999935150146,3.5092999935150146,3.5092999935150146,615.0
2024-07-03 10:28:00,JANX,39.0,39.0,39.04999923706055,39.0,39.04999923706055,1610.0
2024-07-03 10:28:00,JAZZ,104.98999786376953,104.98999786376953,104.98999786376953,104.98999786376953,104.98999786376953,202.0
2024-07-03 10:28:00,KALA,6.739999771118164,6.739999771118164,6.739999771118164,6.730000019073486,6.730000019073486,1164.0
2024-07-03 10:28:00,KALV,11.725000381469727,11.725000381469727,11.725000381469727,11.710000038146973,11.710000038146973,981.0
2024-07-03 10:28:00,KNSA,18.895000457763672,18.895000457763672,18.959999084472656,18.8799991607666,18.950000762939453,3524.0
2024-07-03 10:28:00,KOD,2.240000009536743,2.240000009536743,2.240000009536743,2.240000009536743,2.240000009536743,148.0
2024-07-03 10:28:00,KPRX,4.289999961853027,4.289999961853027,4.289999961853027,4.289999961853027,4.289999961853027,702.0
2024-07-03 10:28:00,KRMD,2.2899999618530273,2.2899999618530273,2.2899999618530273,2.2899999618530273,2.2899999618530273,100.0
2024-07-03 10:28:00,KROS,42.84000015258789,42.84000015258789,42.84000015258789,42.779998779296875,42.810001373291016,779.0
2024-07-03 10:28:00,KTRA,0.28110000491142273,0.28110000491142273,0.28110000491142273,0.2777000069618225,0.2777000069618225,117731.0
2024-07-03 10:28:00,KURA,20.899999618530273,20.899999618530273,20.940000534057617,20.899999618530273,20.940000534057617,1656.0
2024-07-03 10:28:00,LAB,1.8049999475479126,1.8049999475479126,1.8049999475479126,1.8049999475479126,1.8049999475479126,316.0
2024-07-03 10:28:00,LFMD,6.714300155639648,6.714300155639648,6.714300155639648,6.714300155639648,6.714300155639648,5122.0
2024-07-03 10:28:00,LFST,5.135000228881836,5.135000228881836,5.135000228881836,5.135000228881836,5.135000228881836,1165.0
2024-07-03 10:28:00,LGND,83.94000244140625,83.94000244140625,84.08999633789062,83.94000244140625,83.94000244140625,2562.0
2024-07-03 10:28:00,LIVN,52.7400016784668,52.7400016784668,52.7400016784668,52.7400016784668,52.7400016784668,328.0
2024-07-03 10:28:00,LPTX,1.8235000371932983,1.8235000371932983,1.8235000371932983,1.8235000371932983,1.8235000371932983,211.0
2024-07-03 10:28:00,LQDA,12.095000267028809,12.095000267028809,12.100000381469727,12.079999923706055,12.100000381469727,1307.0
2024-07-03 10:28:00,LRMR,7.789999961853027,7.789999961853027,7.789999961853027,7.769999980926514,7.789999961853027,704.0
2024-07-03 10:28:00,LUCD,0.762499988079071,0.762499988079071,0.762499988079071,0.762499988079071,0.762499988079071,0.0
2024-07-03 10:28:00,LUCY,0.4819999933242798,0.4819999933242798,0.4819999933242798,0.47780001163482666,0.48190000653266907,11717.0
2024-07-03 10:28:00,LXRX,1.6375000476837158,1.6375000476837158,1.6375000476837158,1.6299999952316284,1.6299999952316284,3389.0
2024-07-03 10:28:00,MBIO,0.515999972820282,0.515999972820282,0.5177000164985657,0.5156999826431274,0.5156999826431274,17527.0
2024-07-03 10:28:00,MBOT,1.0800000429153442,1.0800000429153442,1.090000033378601,1.0700000524520874,1.090000033378601,2602.0
2024-07-03 10:28:00,MCRB,0.7050999999046326,0.7050999999046326,0.7050999999046326,0.7050999999046326,0.7050999999046326,6300.0
2024-07-03 10:28:00,MDGL,268.6000061035156,268.6000061035156,268.6000061035156,268.6000061035156,268.6000061035156,1255.0
2024-07-03 10:28:00,MDXG,6.795000076293945,6.795000076293945,6.800000190734863,6.795000076293945,6.800000190734863,2792.0
2024-07-03 10:28:00,ME,0.40130001306533813,0.40130001306533813,0.4018999934196472,0.40130001306533813,0.4016000032424927,6148.0
2024-07-03 10:28:00,MEDP,406.94000244140625,406.94000244140625,406.94000244140625,406.1099853515625,406.1099853515625,1892.0
2024-07-03 10:28:00,MGNX,4.320000171661377,4.320000171661377,4.320000171661377,4.320000171661377,4.320000171661377,1674.0
2024-07-03 10:28:00,MGTX,4.045000076293945,4.045000076293945,4.045000076293945,4.045000076293945,4.045000076293945,1279.0
2024-07-03 10:28:00,MIRM,34.07630157470703,34.07630157470703,34.07630157470703,34.04999923706055,34.04999923706055,641.0
2024-07-03 10:28:00,MMSI,85.83999633789062,85.83999633789062,85.83999633789062,85.83999633789062,85.83999633789062,139.0
2024-07-03 10:28:00,MNKD,5.114999771118164,5.114999771118164,5.125,5.114999771118164,5.125,2268.0
2024-07-03 10:28:00,MNMD,7.269999980926514,7.269999980926514,7.269999980926514,7.269999980926514,7.269999980926514,796.0
2024-07-03 10:28:00,MNPR,0.7142999768257141,0.7142999768257141,0.7142999768257141,0.7142999768257141,0.7142999768257141,15144.0
2024-07-03 10:28:00,MORF,32.18000030517578,32.18000030517578,32.18000030517578,32.130001068115234,32.150001525878906,1500.0
2024-07-03 10:28:00,MREO,3.509999990463257,3.509999990463257,3.509999990463257,3.509999990463257,3.509999990463257,832.0
2024-07-03 10:28:00,MRNA,117.83999633789062,117.83999633789062,117.8499984741211,117.83499908447266,117.8499984741211,1572.0
2024-07-03 10:28:00,MRNS,1.2350000143051147,1.2350000143051147,1.2350000143051147,1.2350000143051147,1.2350000143051147,359.0
2024-07-03 10:28:00,MRSN,1.9249999523162842,1.9249999523162842,1.9299999475479126,1.9249999523162842,1.9249999523162842,401.0
2024-07-03 10:28:00,MRUS,52.779998779296875,52.779998779296875,52.849998474121094,52.779998779296875,52.849998474121094,2097.0
2024-07-03 10:28:00,MRVI,6.840000152587891,6.840000152587891,6.860000133514404,6.840000152587891,6.840000152587891,18424.0
2024-07-03 10:28:00,MXCT,3.740000009536743,3.740000009536743,3.740000009536743,3.734999895095825,3.734999895095825,376.0
2024-07-03 10:28:00,MYGN,25.479999542236328,25.479999542236328,25.510000228881836,25.459999084472656,25.479999542236328,1911.0
2024-07-03 10:28:00,NARI,49.779998779296875,49.779998779296875,49.779998779296875,49.720001220703125,49.720001220703125,837.0
2024-07-03 10:28:00,NEOG,15.225000381469727,15.225000381469727,15.225000381469727,15.225000381469727,15.225000381469727,784.0
2024-07-03 10:28:00,NKTR,1.235700011253357,1.235700011253357,1.2549999952316284,1.2350000143051147,1.2549999952316284,15742.0
2024-07-03 10:28:00,NKTX,5.53000020980835,5.53000020980835,5.53000020980835,5.525000095367432,5.53000020980835,798.0
2024-07-03 10:28:00,NPCE,7.210000038146973,7.210000038146973,7.210000038146973,7.090000152587891,7.090000152587891,1254.0
2024-07-03 10:28:00,NRIX,19.84000015258789,19.84000015258789,19.84000015258789,19.84000015258789,19.84000015258789,761.0
2024-07-03 10:28:00,NTLA,22.90999984741211,22.90999984741211,22.940000534057617,22.90999984741211,22.915000915527344,2140.0
2024-07-03 10:28:00,NTRA,112.2300033569336,112.2300033569336,112.2300033569336,112.2300033569336,112.2300033569336,1549.0
2024-07-03 10:28:00,NUVL,71.95999908447266,71.95999908447266,71.97000122070312,71.95999908447266,71.97000122070312,589.0
2024-07-03 10:28:00,NUWE,4.122200012207031,4.122200012207031,4.122200012207031,4.122200012207031,4.122200012207031,1200.0
2024-07-03 10:28:00,NVAX,13.020000457763672,13.020000457763672,13.03499984741211,13.010000228881836,13.03499984741211,17056.0
2024-07-03 10:28:00,NVCR,17.03499984741211,17.03499984741211,17.049999237060547,17.0,17.0,15416.0
2024-07-03 10:28:00,NXL,1.399899959564209,1.399899959564209,1.399899959564209,1.399899959564209,1.399899959564209,665.0
2024-07-03 10:28:00,OCGN,1.684999942779541,1.684999942779541,1.684999942779541,1.6799999475479126,1.684999942779541,21599.0
2024-07-03 10:28:00,OCUL,6.840000152587891,6.840000152587891,6.860000133514404,6.840000152587891,6.860000133514404,3687.0
2024-07-03 10:28:00,OGI,1.6050000190734863,1.6050000190734863,1.6050000190734863,1.6009999513626099,1.6009999513626099,2777.0
2024-07-03 10:28:00,OLK,25.752500534057617,25.752500534057617,25.752500534057617,25.752500534057617,25.752500534057617,200.0
2024-07-03 10:28:00,OLMA,10.800000190734863,10.800000190734863,10.800000190734863,10.779999732971191,10.779999732971191,443.0
2024-07-03 10:28:00,OM,3.755000114440918,3.755000114440918,3.765000104904175,3.755000114440918,3.765000104904175,540.0
2024-07-03 10:28:00,OMCL,26.40999984741211,26.40999984741211,26.40999984741211,26.40999984741211,26.40999984741211,1308.0
2024-07-03 10:28:00,OMGA,2.049999952316284,2.049999952316284,2.049999952316284,2.049999952316284,2.049999952316284,531.0
2024-07-03 10:29:00,ABCL,2.7899999618530273,2.7899999618530273,2.7899999618530273,2.7899999618530273,2.7899999618530273,101.0
2024-07-03 10:29:00,ABEO,4.320000171661377,4.320000171661377,4.320000171661377,4.320000171661377,4.320000171661377,1701.0
2024-07-03 10:29:00,ABSI,3.190000057220459,3.190000057220459,3.200000047683716,3.190000057220459,3.200000047683716,2352.0
2024-07-03 10:29:00,ABUS,3.180000066757202,3.180000066757202,3.190000057220459,3.174999952316284,3.190000057220459,5327.0
2024-07-03 10:29:00,ACB,4.949999809265137,4.949999809265137,4.960000038146973,4.949999809265137,4.960000038146973,5497.0
2024-07-03 10:29:00,ACCD,3.565000057220459,3.565000057220459,3.565000057220459,3.555000066757202,3.555000066757202,3517.0
2024-07-03 10:29:00,ACET,1.065000057220459,1.065000057220459,1.0700000524520874,1.0607000589370728,1.0700000524520874,3787.0
2024-07-03 10:29:00,ACHC,65.84500122070312,65.84500122070312,65.84500122070312,65.83000183105469,65.83000183105469,578.0
2024-07-03 10:29:00,ACHV,4.590000152587891,4.590000152587891,4.614999771118164,4.590000152587891,4.614999771118164,584.0
2024-07-03 10:29:00,ACRS,1.159999966621399,1.159999966621399,1.1649999618530273,1.159999966621399,1.1649999618530273,762.0
2024-07-03 10:29:00,ADAP,1.0449999570846558,1.0449999570846558,1.0499999523162842,1.0449999570846558,1.0499999523162842,201.0
2024-07-03 10:29:00,ADMA,11.425000190734863,11.425000190734863,11.4350004196167,11.425000190734863,11.4350004196167,2148.0
2024-07-03 10:29:00,ADPT,3.384999990463257,3.384999990463257,3.384999990463257,3.380000114440918,3.380000114440918,606.0
2024-07-03 10:29:00,ADUS,117.26499938964844,117.26499938964844,117.26499938964844,117.26499938964844,117.26499938964844,378.0
2024-07-03 10:29:00,AEMD,0.42010000348091125,0.42010000348091125,0.420199990272522,0.42010000348091125,0.42010000348091125,8389.0
2024-07-03 10:29:00,AHCO,9.8100004196167,9.8100004196167,9.8100004196167,9.8100004196167,9.8100004196167,1346.0
2024-07-03 10:29:00,AKAN,2.2899999618530273,2.2899999618530273,2.2899999618530273,2.2799999713897705,2.2799999713897705,0.0
2024-07-03 10:29:00,AKBA,0.963100016117096,0.963100016117096,0.9642000198364258,0.963100016117096,0.9642000198364258,1710.0
2024-07-03 10:29:00,AKYA,2.194999933242798,2.194999933242798,2.194999933242798,2.194999933242798,2.194999933242798,216.0
2024-07-03 10:29:00,ALDX,3.2750000953674316,3.2750000953674316,3.2750000953674316,3.2750000953674316,3.2750000953674316,400.0
2024-07-03 10:29:00,ALEC,4.494999885559082,4.494999885559082,4.494999885559082,4.489999771118164,4.489999771118164,1246.0
2024-07-03 10:29:00,ALGS,0.4138999879360199,0.4138999879360199,0.41530001163482666,0.4138999879360199,0.41530001163482666,1285.0
2024-07-03 10:29:00,ALHC,7.980000019073486,7.980000019073486,7.980000019073486,7.980000019073486,7.980000019073486,536.0
2024-07-03 10:29:00,ALKS,24.469999313354492,24.469999313354492,24.469999313354492,24.469999313354492,24.469999313354492,3041.0
2024-07-03 10:29:00,ALLO,2.140000104904175,2.140000104904175,2.140000104904175,2.140000104904175,2.140000104904175,1476.0
2024-07-03 10:29:00,ALNY,247.5399932861328,247.5399932861328,247.5399932861328,247.5399932861328,247.5399932861328,308.0
2024-07-03 10:29:00,ALT,6.860000133514404,6.860000133514404,6.860000133514404,6.848999977111816,6.848999977111816,942.0
2024-07-03 10:29:00,ALXO,5.989999771118164,5.989999771118164,5.989999771118164,5.989999771118164,5.989999771118164,419.0
2024-07-03 10:29:00,AMGN,311.1400146484375,311.1400146484375,311.1700134277344,311.1400146484375,311.1424865722656,1648.0
2024-07-03 10:29:00,AMLX,1.784999966621399,1.784999966621399,1.7899999618530273,1.7799999713897705,1.7899999618530273,8075.0
2024-07-03 10:29:00,AMPH,38.13999938964844,38.13999938964844,38.13999938964844,38.05500030517578,38.05500030517578,1363.0
2024-07-03 10:29:00,AMRN,0.7142999768257141,0.7142999768257141,0.7179999947547913,0.7142999768257141,0.7179999947547913,0.0
2024-07-03 10:29:00,ANAB,25.329999923706055,25.329999923706055,25.329999923706055,25.309999465942383,25.309999465942383,936.0
2024-07-03 10:29:00,ANIP,61.93000030517578,61.93000030517578,61.9375,61.93000030517578,61.9375,778.0
2024-07-03 10:29:00,ANNX,4.889999866485596,4.889999866485596,4.889999866485596,4.875,4.875,4539.0
2024-07-03 10:29:00,ANTX,2.5000998973846436,2.5000998973846436,2.5239999294281006,2.5000998973846436,2.5000998973846436,5685.0
2024-07-03 10:29:00,APDN,0.4410000145435333,0.4410000145435333,0.4410000145435333,0.4300999939441681,0.4339999854564667,7650.0
2024-07-03 10:29:00,APLS,35.58000183105469,35.58000183105469,35.900001525878906,35.58000183105469,35.900001525878906,3538.0
2024-07-03 10:29:00,APLT,4.445000171661377,4.445000171661377,4.445000171661377,4.434999942779541,4.434999942779541,1501.0
2024-07-03 10:29:00,AQST,2.430000066757202,2.430000066757202,2.430000066757202,2.430000066757202,2.430000066757202,460.0
2024-07-03 10:29:00,ARDX,5.289999961853027,5.289999961853027,5.289999961853027,5.269999980926514,5.275000095367432,13865.0
2024-07-03 10:29:00,ARQT,9.635000228881836,9.635000228881836,9.640000343322754,9.529999732971191,9.53499984741211,8713.0
2024-07-03 10:29:00,ARVN,24.84000015258789,24.84000015258789,24.84000015258789,24.84000015258789,24.84000015258789,228.0
2024-07-03 10:29:00,ARWR,25.760000228881836,25.760000228881836,25.760000228881836,25.760000228881836,25.760000228881836,519.0
2024-07-03 10:29:00,ATAI,1.309999942779541,1.309999942779541,1.309999942779541,1.2999999523162842,1.309999942779541,36141.0
2024-07-03 10:29:00,ATEC,9.96500015258789,9.96500015258789,9.970000267028809,9.96500015258789,9.970000267028809,663.0
2024-07-03 10:29:00,ATOS,1.1649999618530273,1.1649999618530273,1.1649999618530273,1.1649999618530273,1.1649999618530273,1004.0
2024-07-03 10:29:00,ATRC,22.309999465942383,22.309999465942383,22.309999465942383,22.309999465942383,22.309999465942383,115.0
2024-07-03 10:29:00,ATXI,3.2850000858306885,3.2850000858306885,3.329900026321411,3.255000114440918,3.255000114440918,6075.0
2024-07-03 10:29:00,ATXS,9.130000114440918,9.130000114440918,9.130000114440918,9.130000114440918,9.130000114440918,299.0
2024-07-03 10:29:00,AUGX,0.9975000023841858,0.9975000023841858,0.9975000023841858,0.9975000023841858,0.9975000023841858,418.0
2024-07-03 10:29:00,AUPH,5.514999866485596,5.514999866485596,5.519499778747559,5.514999866485596,5.519499778747559,1475.0
2024-07-03 10:29:00,AVDL,14.300000190734863,14.300000190734863,14.300000190734863,14.270000457763672,14.270000457763672,3302.0
2024-07-03 10:29:00,AVGR,1.840000033378601,1.840000033378601,1.850000023841858,1.7599999904632568,1.7899999618530273,2820.0
2024-07-03 10:29:00,AVIR,3.319999933242798,3.319999933242798,3.325000047683716,3.312000036239624,3.312000036239624,2331.0
2024-07-03 10:29:00,AVXL,4.260000228881836,4.260000228881836,4.260000228881836,4.260000228881836,4.260000228881836,625.0
2024-07-03 10:29:00,AWH,1.000100016593933,1.000100016593933,1.000100016593933,1.000100016593933,1.000100016593933,478.0
2024-07-03 10:29:00,AXNX,67.5,67.5,67.5,67.5,67.5,0.0
2024-07-03 10:29:00,AZN,76.83000183105469,76.83000183105469,76.8499984741211,76.81999969482422,76.83000183105469,8253.0
2024-07-03 10:29:00,BBIO,25.3700008392334,25.3700008392334,25.3700008392334,25.3700008392334,25.3700008392334,145.0
2024-07-03 10:29:00,BCRX,6.71999979019165,6.71999979019165,6.71999979019165,6.695000171661377,6.710000038146973,39008.0
2024-07-03 10:29:00,BDTX,4.204999923706055,4.204999923706055,4.210000038146973,4.204999923706055,4.210000038146973,567.0
2024-07-03 10:29:00,BEAM,23.709999084472656,23.709999084472656,23.75,23.70400047302246,23.70400047302246,1645.0
2024-07-03 10:29:00,BGNE,147.25,147.25,147.25,147.25,147.25,415.0
2024-07-03 10:29:00,BIIB,225.5850067138672,225.5850067138672,225.5850067138672,225.5850067138672,225.5850067138672,544.0
2024-07-03 10:29:00,BIOR,0.623199999332428,0.623199999332428,0.623199999332428,0.623199999332428,0.623199999332428,66.0
2024-07-03 10:29:00,BLRX,0.5350000262260437,0.5350000262260437,0.5375000238418579,0.5350000262260437,0.5375000238418579,728.0
2024-07-03 10:29:00,BLTE,45.7599983215332,45.7599983215332,46.060001373291016,45.7599983215332,46.060001373291016,5550.0
2024-07-03 10:29:00,BLUE,0.954800009727478,0.954800009727478,0.9584000110626221,0.954200029373169,0.9580000042915344,31763.0
2024-07-03 10:29:00,BMEA,4.5,4.5,4.5,4.5,4.5,602.0
2024-07-03 10:29:00,BMRA,0.44510000944137573,0.44510000944137573,0.4490000009536743,0.44510000944137573,0.4490000009536743,91.0
2024-07-03 10:29:00,BMRN,81.41999816894531,81.41999816894531,81.48500061035156,81.41999816894531,81.48500061035156,701.0
2024-07-03 10:29:00,BNGO,0.5525000095367432,0.5525000095367432,0.5525000095367432,0.5522000193595886,0.5522000193595886,9706.0
2024-07-03 10:29:00,BNTX,80.88999938964844,80.88999938964844,80.9000015258789,80.71499633789062,80.71499633789062,2320.0
2024-07-03 10:29:00,BRKR,62.1150016784668,62.1150016784668,62.1150016784668,62.1150016784668,62.1150016784668,1026.0
2024-07-03 10:29:00,BTAI,1.100000023841858,1.100000023841858,1.1050000190734863,1.100000023841858,1.1050000190734863,2103.0
2024-07-03 10:29:00,BVS,6.170000076293945,6.170000076293945,6.170000076293945,6.1579999923706055,6.1579999923706055,761.0
2024-07-03 10:29:00,CABA,7.690000057220459,7.690000057220459,7.730000019073486,7.679999828338623,7.71999979019165,4927.0
2024-07-03 10:29:00,CADL,6.300000190734863,6.300000190734863,6.300000190734863,6.300000190734863,6.300000190734863,200.0
2024-07-03 10:29:00,CCCC,4.829999923706055,4.829999923706055,4.840000152587891,4.829999923706055,4.829999923706055,1983.0
2024-07-03 10:29:00,CCRN,13.680000305175781,13.680000305175781,13.680000305175781,13.680000305175781,13.680000305175781,155.0
2024-07-03 10:29:00,CDMO,7.675000190734863,7.675000190734863,7.675000190734863,7.639999866485596,7.639999866485596,2371.0
2024-07-03 10:29:00,CERE,41.27000045776367,41.27000045776367,41.27000045776367,41.250999450683594,41.2599983215332,5375.0
2024-07-03 10:29:00,CERS,1.7299000024795532,1.7299000024795532,1.7299000024795532,1.725000023841858,1.725000023841858,1703.0
2024-07-03 10:29:00,CERT,13.854999542236328,13.854999542236328,13.854999542236328,13.854999542236328,13.854999542236328,223.0
2024-07-03 10:29:00,CGC,6.829999923706055,6.829999923706055,6.829999923706055,6.809999942779541,6.821700096130371,10936.0
2024-07-03 10:29:00,CGEM,16.84000015258789,16.84000015258789,16.854999542236328,16.790000915527344,16.854999542236328,543.0
2024-07-03 10:29:00,CHRS,1.4450000524520874,1.4450000524520874,1.4499000310897827,1.4450000524520874,1.4450000524520874,4336.0
2024-07-03 10:29:00,CING,0.33000001311302185,0.33000001311302185,0.33000001311302185,0.32899999618530273,0.33000001311302185,42119.0
2024-07-03 10:29:00,CKPT,2.309999942779541,2.309999942779541,2.309999942779541,2.309999942779541,2.309999942779541,858.0
2024-07-03 10:29:00,CLPT,5.361400127410889,5.361400127410889,5.361400127410889,5.361400127410889,5.361400127410889,1166.0
2024-07-03 10:29:00,CMPS,6.216000080108643,6.216000080108643,6.216000080108643,6.202300071716309,6.202300071716309,543.0
2024-07-03 10:29:00,CNSP,2.1549999713897705,2.1549999713897705,2.159899950027466,2.1449999809265137,2.150099992752075,45429.0
2024-07-03 10:29:00,COGT,8.369999885559082,8.369999885559082,8.369999885559082,8.369999885559082,8.369999885559082,4250.0
2024-07-03 10:29:00,COLL,32.06999969482422,32.06999969482422,32.119998931884766,32.064998626708984,32.09000015258789,2743.0
2024-07-03 10:29:00,CORT,31.200000762939453,31.200000762939453,31.235000610351562,31.15999984741211,31.235000610351562,2150.0
2024-07-03 10:29:00,COSM,0.9399999976158142,0.9399999976158142,0.9399999976158142,0.9399999976158142,0.9399999976158142,7271.0
2024-07-03 10:29:00,CPRX,15.75,15.75,15.75,15.725000381469727,15.725000381469727,2860.0
2024-07-03 10:29:00,CRDF,2.2111001014709473,2.2111001014709473,2.237499952316284,2.2111001014709473,2.237499952316284,809.0
2024-07-03 10:29:00,CRDL,1.9699000120162964,1.9699000120162964,1.9699000120162964,1.9699000120162964,1.9699000120162964,207.0
2024-07-03 10:29:00,CRMD,4.190000057220459,4.190000057220459,4.190000057220459,4.190000057220459,4.190000057220459,914.0
2024-07-03 10:29:00,CRON,2.3550000190734863,2.3550000190734863,2.3550000190734863,2.3550000190734863,2.3550000190734863,444.0
2024-07-03 10:29:00,CRSP,54.29999923706055,54.29999923706055,54.310001373291016,54.220001220703125,54.27000045776367,1740.0
2024-07-03 10:29:00,CTKB,5.760000228881836,5.760000228881836,5.760000228881836,5.760000228881836,5.760000228881836,168.0
2024-07-03 10:29:00,CTMX,1.3600000143051147,1.3600000143051147,1.3600000143051147,1.3600000143051147,1.3600000143051147,9991.0
2024-07-03 10:29:00,CTXR,0.515999972820282,0.515999972820282,0.515999972820282,0.515999972820282,0.515999972820282,340.0
2024-07-03 10:29:00,CUTR,1.340000033378601,1.340000033378601,1.3450000286102295,1.340000033378601,1.3450000286102295,760.0
2024-07-03 10:29:00,CVAC,3.505000114440918,3.505000114440918,3.509999990463257,3.5,3.5,7254.0
2024-07-03 10:29:00,CYTK,54.959999084472656,54.959999084472656,54.970001220703125,54.959999084472656,54.970001220703125,267.0
2024-07-03 10:29:00,DARE,3.380000114440918,3.380000114440918,3.380000114440918,3.380000114440918,3.380000114440918,123.0
2024-07-03 10:29:00,DAWN,13.479999542236328,13.479999542236328,13.489999771118164,13.479999542236328,13.489999771118164,729.0
2024-07-03 10:29:00,DNLI,22.020000457763672,22.020000457763672,22.020000457763672,22.020000457763672,22.020000457763672,200.0
2024-07-03 10:29:00,DXCM,110.0999984741211,110.0999984741211,110.44000244140625,110.02999877929688,110.36499786376953,43725.0
2024-07-03 10:29:00,DYN,34.779998779296875,34.779998779296875,34.81999969482422,34.779998779296875,34.81999969482422,1300.0
2024-07-03 10:29:00,EDIT,4.724999904632568,4.724999904632568,4.724999904632568,4.710000038146973,4.713699817657471,3523.0
2024-07-03 10:29:00,ELEV,2.755000114440918,2.755000114440918,2.755000114440918,2.755000114440918,2.755000114440918,163.0
2024-07-03 10:29:00,ENSG,126.19999694824219,126.19999694824219,126.19999694824219,126.19999694824219,126.19999694824219,878.0
2024-07-03 10:29:00,ENVB,0.5199999809265137,0.5199999809265137,0.5199999809265137,0.5199999809265137,0.5199999809265137,2442.0
2024-07-03 10:29:00,EPIX,4.840000152587891,4.840000152587891,4.840000152587891,4.840000152587891,4.840000152587891,888.0
2024-07-03 10:29:00,ERAS,2.2699999809265137,2.2699999809265137,2.2699999809265137,2.2699999809265137,2.2699999809265137,448.0
2024-07-03 10:29:00,ESPR,2.3798999786376953,2.3798999786376953,2.3798999786376953,2.3798999786376953,2.3798999786376953,1020.0
2024-07-03 10:29:00,ESTA,43.599998474121094,43.599998474121094,43.6599006652832,43.599998474121094,43.619998931884766,470.0
2024-07-03 10:29:00,ETNB,7.699999809265137,7.699999809265137,7.699999809265137,7.699999809265137,7.699999809265137,1138.0
2024-07-03 10:29:00,EVAX,2.8682000637054443,2.8682000637054443,2.8682000637054443,2.8682000637054443,2.8682000637054443,9517.0
2024-07-03 10:29:00,EWTX,18.280000686645508,18.280000686645508,18.299999237060547,18.280000686645508,18.299999237060547,872.0
2024-07-03 10:29:00,EXAS,43.27000045776367,43.27000045776367,43.31999969482422,43.27000045776367,43.31999969482422,1319.0
2024-07-03 10:29:00,EXEL,22.104999542236328,22.104999542236328,22.110000610351562,22.104999542236328,22.110000610351562,771.0
2024-07-03 10:29:00,EYEN,0.7893999814987183,0.7893999814987183,0.7900000214576721,0.7893999814987183,0.7900000214576721,4917.0
2024-07-03 10:29:00,EYPT,8.397000312805176,8.397000312805176,8.430000305175781,8.397000312805176,8.40999984741211,642.0
2024-07-03 10:29:00,FATE,3.3399999141693115,3.3399999141693115,3.3399999141693115,3.3350000381469727,3.3399999141693115,1300.0
2024-07-03 10:29:00,FGEN,0.7347999811172485,0.7347999811172485,0.7347999811172485,0.7328000068664551,0.7328000068664551,2025.0
2024-07-03 10:29:00,FOLD,9.914999961853027,9.914999961853027,9.914999961853027,9.914999961853027,9.914999961853027,109.0
2024-07-03 10:29:00,FULC,6.179999828338623,6.179999828338623,6.179999828338623,6.179999828338623,6.179999828338623,405.0
2024-07-03 10:29:00,GANX,1.1900999546051025,1.1900999546051025,1.1900999546051025,1.190000057220459,1.190000057220459,3101.0
2024-07-03 10:29:00,GBIO,2.3359999656677246,2.3359999656677246,2.3359999656677246,2.3359999656677246,2.3359999656677246,1536.0
2024-07-03 10:29:00,GDRX,7.869999885559082,7.869999885559082,7.869999885559082,7.869999885559082,7.869999885559082,321.0
2024-07-03 10:29:00,GERN,4.399199962615967,4.399199962615967,4.40500020980835,4.394999980926514,4.40500020980835,8074.0
2024-07-03 10:29:00,GH,28.719999313354492,28.719999313354492,28.719999313354492,28.68000030517578,28.69499969482422,4140.0
2024-07-03 10:29:00,GILD,67.16000366210938,67.16000366210938,67.17500305175781,67.11360168457031,67.12999725341797,10272.0
2024-07-03 10:29:00,GLYC,0.26969999074935913,0.26969999074935913,0.26969999074935913,0.26969999074935913,0.26969999074935913,2913.0
2024-07-03 10:29:00,GMAB,25.149999618530273,25.149999618530273,25.149999618530273,25.149999618530273,25.149999618530273,554.0
2024-07-03 10:29:00,GOSS,0.9301999807357788,0.9301999807357788,0.9301999807357788,0.9301999807357788,0.9301999807357788,1057.0
2024-07-03 10:29:00,GOVX,3.0299999713897705,3.0299999713897705,3.0399999618530273,3.0299999713897705,3.0399999618530273,2995.0
2024-07-03 10:29:00,GRFS,6.65500020980835,6.65500020980835,6.659999847412109,6.65500020980835,6.659999847412109,2842.0
2024-07-03 10:29:00,GRTS,0.5618000030517578,0.5618000030517578,0.5623999834060669,0.5616000294685364,0.5618000030517578,9905.0
2024-07-03 10:29:00,HCAT,6.199999809265137,6.199999809265137,6.199999809265137,6.199999809265137,6.199999809265137,853.0
2024-07-03 10:29:00,HOLX,73.3499984741211,73.3499984741211,73.3499984741211,73.30000305175781,73.30000305175781,3217.0
2024-07-03 10:29:00,HOWL,2.220400094985962,2.220400094985962,2.220400094985962,2.220400094985962,2.220400094985962,436.0
2024-07-03 10:29:00,HQY,83.55999755859375,83.55999755859375,83.56999969482422,83.45999908447266,83.48999786376953,1335.0
2024-07-03 10:29:00,HRMY,30.385000228881836,30.385000228881836,30.399999618530273,30.385000228881836,30.399999618530273,468.0
2024-07-03 10:29:00,HROW,21.969999313354492,21.969999313354492,21.969999313354492,21.96500015258789,21.96500015258789,1678.0
2024-07-03 10:29:00,HRTX,2.805000066757202,2.805000066757202,2.8099000453948975,2.805000066757202,2.8099000453948975,212.0
2024-07-03 10:29:00,HSIC,65.44999694824219,65.44999694824219,65.44999694824219,65.44999694824219,65.44999694824219,1586.0
2024-07-03 10:29:00,HUMA,5.730000019073486,5.730000019073486,5.749899864196777,5.730000019073486,5.730000019073486,8442.0
2024-07-03 10:29:00,IBRX,6.295000076293945,6.295000076293945,6.295000076293945,6.295000076293945,6.295000076293945,340.0
2024-07-03 10:29:00,ICLR,319.9100036621094,319.9100036621094,319.9100036621094,319.9100036621094,319.9100036621094,308.0
2024-07-03 10:29:00,IDXX,475.3299865722656,475.3299865722656,476.010009765625,475.2300109863281,475.989990234375,5854.0
2024-07-03 10:29:00,IKT,1.2100000381469727,1.2100000381469727,1.2100000381469727,1.2050000429153442,1.2050000429153442,3000.0
2024-07-03 10:29:00,ILMN,105.9365005493164,105.9365005493164,106.13999938964844,105.9365005493164,106.13999938964844,2685.0
2024-07-03 10:29:00,IMCR,35.90999984741211,35.90999984741211,35.90999984741211,35.83000183105469,35.85499954223633,832.0
2024-07-03 10:29:00,IMTX,12.020000457763672,12.020000457763672,12.020000457763672,12.020000457763672,12.020000457763672,121.0
2024-07-03 10:29:00,IMUX,1.1299999952316284,1.1299999952316284,1.149999976158142,1.1299999952316284,1.149999976158142,5598.0
2024-07-03 10:29:00,IMVT,26.825000762939453,26.825000762939453,26.825000762939453,26.825000762939453,26.825000762939453,120.0
2024-07-03 10:29:00,INCR,2.069999933242798,2.069999933242798,2.069999933242798,2.069999933242798,2.069999933242798,295.0
2024-07-03 10:29:00,INCY,58.189998626708984,58.189998626708984,58.189998626708984,58.130001068115234,58.130001068115234,3590.0
2024-07-03 10:29:00,INGN,7.889999866485596,7.889999866485596,7.889999866485596,7.889999866485596,7.889999866485596,175.0
2024-07-03 10:29:00,INMD,17.753299713134766,17.753299713134766,17.770000457763672,17.753299713134766,17.770000457763672,995.0
2024-07-03 10:29:00,INO,8.523699760437012,8.523699760437012,8.523699760437012,8.523699760437012,8.523699760437012,266.0
2024-07-03 10:29:00,INSM,63.89500045776367,63.89500045776367,63.900001525878906,63.89500045776367,63.900001525878906,859.0
2024-07-03 10:29:00,IONS,44.90999984741211,44.90999984741211,45.0,44.90999984741211,45.0,1775.0
2024-07-03 10:29:00,IOVA,7.795000076293945,7.795000076293945,7.800000190734863,7.795000076293945,7.795000076293945,4164.0
2024-07-03 10:29:00,IRTC,94.83999633789062,94.83999633789062,94.95999908447266,94.83999633789062,94.95999908447266,1184.0
2024-07-03 10:29:00,ISRG,435.06500244140625,435.06500244140625,435.1700134277344,434.5799865722656,434.5799865722656,1424.0
2024-07-03 10:29:00,ITCI,67.98999786376953,67.98999786376953,67.98999786376953,67.98999786376953,67.98999786376953,257.0
2024-07-03 10:29:00,IVVD,1.1303999423980713,1.1303999423980713,1.1398999691009521,1.1299999952316284,1.1349999904632568,2529.0
2024-07-03 10:29:00,IXHL,2.7627999782562256,2.7627999782562256,2.7627999782562256,2.7627999782562256,2.7627999782562256,144.0
2024-07-03 10:29:00,JANX,38.93000030517578,38.93000030517578,38.93000030517578,38.93000030517578,38.93000030517578,463.0
2024-07-03 10:29:00,JAZZ,104.98999786376953,104.98999786376953,104.98999786376953,104.98999786376953,104.98999786376953,354.0
2024-07-03 10:29:00,JSPR,23.475000381469727,23.475000381469727,23.485000610351562,23.21500015258789,23.350000381469727,3521.0
2024-07-03 10:29:00,KNSA,18.895000457763672,18.895000457763672,18.895000457763672,18.895000457763672,18.895000457763672,102.0
2024-07-03 10:29:00,KOD,2.240000009536743,2.240000009536743,2.240000009536743,2.240000009536743,2.240000009536743,948.0
2024-07-03 10:29:00,KPTI,0.8447999954223633,0.8447999954223633,0.8452000021934509,0.8447999954223633,0.8452000021934509,1437.0
2024-07-03 10:29:00,KTRA,0.2833000123500824,0.2833000123500824,0.28349998593330383,0.2809999883174896,0.2809999883174896,19545.0
2024-07-03 10:29:00,LAB,1.8049999475479126,1.8049999475479126,1.8049999475479126,1.8049999475479126,1.8049999475479126,726.0
2024-07-03 10:29:00,LBPH,32.189998626708984,32.189998626708984,32.189998626708984,31.889999389648438,31.920000076293945,7871.0
2024-07-03 10:29:00,LEXX,2.609999895095825,2.609999895095825,2.609999895095825,2.609999895095825,2.609999895095825,1966.0
2024-07-03 10:29:00,LFMD,6.715000152587891,6.715000152587891,6.715000152587891,6.715000152587891,6.715000152587891,0.0
2024-07-03 10:29:00,LIVN,52.77000045776367,52.77000045776367,52.77000045776367,52.77000045776367,52.77000045776367,440.0
2024-07-03 10:29:00,LNTH,78.75,78.75,78.83999633789062,78.75,78.83999633789062,692.0
2024-07-03 10:29:00,LQDA,12.074999809265137,12.074999809265137,12.083999633789062,12.074999809265137,12.079999923706055,1433.0
2024-07-03 10:29:00,LXRX,1.6349999904632568,1.6349999904632568,1.6399999856948853,1.6299999952316284,1.6349999904632568,1582.0
2024-07-03 10:29:00,LYEL,1.475000023841858,1.475000023841858,1.475000023841858,1.475000023841858,1.475000023841858,1100.0
2024-07-03 10:29:00,MASI,114.16500091552734,114.16500091552734,114.16500091552734,114.16500091552734,114.16500091552734,181.0
2024-07-03 10:29:00,MBIO,0.5206000208854675,0.5206000208854675,0.5206000208854675,0.515999972820282,0.5189999938011169,7325.0
2024-07-03 10:29:00,MCRB,0.7052000164985657,0.7052000164985657,0.7052000164985657,0.7052000164985657,0.7052000164985657,840.0
2024-07-03 10:29:00,MDWD,15.039999961853027,15.039999961853027,15.039999961853027,15.039999961853027,15.039999961853027,200.0
2024-07-03 10:29:00,MDXG,6.784999847412109,6.784999847412109,6.789999961853027,6.78000020980835,6.789999961853027,1259.0
2024-07-03 10:29:00,ME,0.40139999985694885,0.40139999985694885,0.4018000066280365,0.40130001306533813,0.40139999985694885,2677.0
2024-07-03 10:29:00,MEDS,17.190000534057617,17.190000534057617,17.700000762939453,17.190000534057617,17.700000762939453,1981.0
2024-07-03 10:29:00,MESO,6.724999904632568,6.724999904632568,6.724999904632568,6.724999904632568,6.724999904632568,431.0
2024-07-03 10:29:00,MGNX,4.329999923706055,4.329999923706055,4.329999923706055,4.320000171661377,4.320000171661377,316.0
2024-07-03 10:29:00,MIRM,34.04499816894531,34.04499816894531,34.04499816894531,34.04499816894531,34.04499816894531,1021.0
2024-07-03 10:29:00,MMSI,85.79000091552734,85.79000091552734,85.79000091552734,85.79000091552734,85.79000091552734,230.0
2024-07-03 10:29:00,MNKD,5.135000228881836,5.135000228881836,5.135000228881836,5.114999771118164,5.114999771118164,2618.0
2024-07-03 10:29:00,MNMD,7.269999980926514,7.269999980926514,7.269999980926514,7.269999980926514,7.269999980926514,465.0
2024-07-03 10:29:00,MODD,1.48989999294281,1.48989999294281,1.48989999294281,1.48989999294281,1.48989999294281,792.0
2024-07-03 10:29:00,MORF,32.084999084472656,32.084999084472656,32.11000061035156,32.084999084472656,32.11000061035156,640.0
2024-07-03 10:29:00,MREO,3.505000114440918,3.505000114440918,3.505000114440918,3.500999927520752,3.505000114440918,1369.0
2024-07-03 10:29:00,MRNA,117.83999633789062,117.83999633789062,117.8499984741211,117.83999633789062,117.8499984741211,1124.0
2024-07-03 10:29:00,MRNS,1.2350000143051147,1.2350000143051147,1.2350000143051147,1.2350000143051147,1.2350000143051147,1149.0
2024-07-03 10:29:00,MRSN,1.9299999475479126,1.9299999475479126,1.9299999475479126,1.9249999523162842,1.9299999475479126,432.0
2024-07-03 10:29:00,MRUS,52.7599983215332,52.7599983215332,52.7599983215332,52.7599983215332,52.7599983215332,451.0
2024-07-03 10:29:00,MRVI,6.840000152587891,6.840000152587891,6.849999904632568,6.840000152587891,6.849999904632568,3326.0
2024-07-03 10:29:00,MXCT,3.740000009536743,3.740000009536743,3.740000009536743,3.740000009536743,3.740000009536743,541.0
2024-07-03 10:29:00,MYGN,25.5,25.5,25.5,25.475000381469727,25.5,627.0
2024-07-03 10:29:00,NDRA,0.08410000056028366,0.08410000056028366,0.08449999988079071,0.08410000056028366,0.08449999988079071,18505.0
2024-07-03 10:29:00,NEO,13.699999809265137,13.699999809265137,13.699999809265137,13.6850004196167,13.6850004196167,1331.0
2024-07-03 10:29:00,NEOG,15.244999885559082,15.244999885559082,15.244999885559082,15.244999885559082,15.244999885559082,214.0
2024-07-03 10:29:00,NKTR,1.2549999952316284,1.2549999952316284,1.2549999952316284,1.25,1.25,4537.0
2024-07-03 10:29:00,NKTX,5.53000020980835,5.53000020980835,5.53000020980835,5.53000020980835,5.53000020980835,1581.0
2024-07-03 10:29:00,NNOX,7.179999828338623,7.179999828338623,7.179999828338623,7.170000076293945,7.170100212097168,1872.0
2024-07-03 10:29:00,NPCE,7.164999961853027,7.164999961853027,7.164999961853027,7.164999961853027,7.164999961853027,547.0
2024-07-03 10:29:00,NRIX,19.844999313354492,19.844999313354492,19.844999313354492,19.844999313354492,19.844999313354492,713.0
2024-07-03 10:29:00,NRSN,1.340000033378601,1.340000033378601,1.340000033378601,1.340000033378601,1.340000033378601,500.0
2024-07-03 10:29:00,NTLA,22.889999389648438,22.889999389648438,22.889999389648438,22.799999237060547,22.820100784301758,4171.0
2024-07-03 10:29:00,NTRA,112.08999633789062,112.08999633789062,112.08999633789062,112.08999633789062,112.08999633789062,276.0
2024-07-03 10:29:00,NUVL,71.86499786376953,71.86499786376953,71.86499786376953,71.86499786376953,71.86499786376953,278.0
2024-07-03 10:29:00,NUWE,4.1346001625061035,4.1346001625061035,4.1346001625061035,4.1346001625061035,4.1346001625061035,207.0
2024-07-03 10:29:00,NVAX,13.02299976348877,13.02299976348877,13.039999961853027,13.0,13.020000457763672,28568.0
2024-07-03 10:29:00,NVCR,16.979999542236328,16.979999542236328,17.03499984741211,16.979999542236328,17.03499984741211,2302.0
2024-07-03 10:29:00,NVOS,0.7404000163078308,0.7404000163078308,0.7404000163078308,0.7404000163078308,0.7404000163078308,1565.0
2024-07-03 10:29:00,NXL,1.3701000213623047,1.3701000213623047,1.3899999856948853,1.3600000143051147,1.3899999856948853,34144.0
2024-07-03 10:29:00,OCGN,1.6800999641418457,1.6800999641418457,1.684999942779541,1.6799999475479126,1.684999942779541,2062.0
2024-07-03 10:29:00,OCUL,6.829999923706055,6.829999923706055,6.849999904632568,6.829999923706055,6.849999904632568,2529.0
2024-07-03 10:29:00,OFIX,13.414999961853027,13.414999961853027,13.414999961853027,13.414999961853027,13.414999961853027,131.0
2024-07-03 10:29:00,OGI,1.5950000286102295,1.5950000286102295,1.6050000190734863,1.5907000303268433,1.6050000190734863,20249.0
2024-07-03 10:29:00,OLMA,10.760000228881836,10.760000228881836,10.800000190734863,10.760000228881836,10.800000190734863,2303.0
2024-07-03 10:29:00,OM,3.75,3.75,3.755000114440918,3.75,3.755000114440918,752.0
2024-07-03 10:29:00,OMER,3.9549999237060547,3.9549999237060547,3.9549999237060547,3.9549999237060547,3.9549999237060547,300.0
2024-07-03 10:30:00,AADI,1.378999948501587,1.378999948501587,1.3799999952316284,1.3700000047683716,1.375,14331.0
2024-07-03 10:30:00,ABCL,2.7899999618530273,2.7899999618530273,2.7899999618530273,2.7899999618530273,2.7899999618530273,2488.0
2024-07-03 10:30:00,ABEO,4.329999923706055,4.329999923706055,4.329999923706055,4.329999923706055,4.329999923706055,301.0
2024-07-03 10:30:00,ABSI,3.194999933242798,3.194999933242798,3.200000047683716,3.190000057220459,3.190000057220459,1405.0
2024-07-03 10:30:00,ABUS,3.174999952316284,3.174999952316284,3.174999952316284,3.174999952316284,3.174999952316284,426.0
2024-07-03 10:30:00,ACAD,15.770000457763672,15.770000457763672,15.789999961853027,15.770000457763672,15.789999961853027,2713.0
2024-07-03 10:30:00,ACB,4.946199893951416,4.946199893951416,4.946199893951416,4.9105000495910645,4.940000057220459,6830.0
2024-07-03 10:30:00,ACCD,3.565000057220459,3.565000057220459,3.565000057220459,3.563999891281128,3.565000057220459,3893.0
2024-07-03 10:30:00,ACET,1.065000057220459,1.065000057220459,1.065999984741211,1.065000057220459,1.065999984741211,746.0
2024-07-03 10:30:00,ACHC,65.87000274658203,65.87000274658203,65.93000030517578,65.87000274658203,65.93000030517578,466.0
2024-07-03 10:30:00,ACIU,3.9100000858306885,3.9100000858306885,3.9100000858306885,3.9100000858306885,3.9100000858306885,270.0
2024-07-03 10:30:00,ACLX,54.45500183105469,54.45500183105469,54.45500183105469,54.45500183105469,54.45500183105469,278.0
2024-07-03 10:30:00,ADAP,1.0399999618530273,1.0399999618530273,1.0399999618530273,1.034999966621399,1.0399999618530273,5641.0
2024-07-03 10:30:00,ADMA,11.425000190734863,11.425000190734863,11.425000190734863,11.420100212097168,11.425000190734863,4419.0
2024-07-03 10:30:00,ADUS,117.38999938964844,117.38999938964844,117.52999877929688,117.38999938964844,117.52999877929688,931.0
2024-07-03 10:30:00,AGEN,14.8100004196167,14.8100004196167,14.869999885559082,14.75,14.819999694824219,3890.0
2024-07-03 10:30:00,AIMD,0.8100000023841858,0.8100000023841858,0.8100000023841858,0.8100000023841858,0.8100000023841858,3316.0
2024-07-03 10:30:00,AKAN,2.2699999809265137,2.2699999809265137,2.2699999809265137,2.2699999809265137,2.2699999809265137,508.0
2024-07-03 10:30:00,AKBA,0.9581000208854675,0.9581000208854675,0.9629999995231628,0.9581000208854675,0.9627000093460083,11931.0
2024-07-03 10:30:00,AKRO,22.200000762939453,22.200000762939453,22.200000762939453,22.190000534057617,22.190000534057617,763.0
2024-07-03 10:30:00,ALKS,24.469999313354492,24.469999313354492,24.475000381469727,24.459999084472656,24.475000381469727,1406.0
2024-07-03 10:30:00,ALLO,2.140000104904175,2.140000104904175,2.140000104904175,2.140000104904175,2.140000104904175,1271.0
2024-07-03 10:30:00,ALLR,0.2062000036239624,0.2062000036239624,0.2062000036239624,0.2062000036239624,0.2062000036239624,300.0
2024-07-03 10:30:00,ALNY,247.5399932861328,247.5399932861328,247.5399932861328,247.5399932861328,247.5399932861328,993.0
2024-07-03 10:30:00,ALRN,2.8429999351501465,2.8429999351501465,2.8429999351501465,2.8429999351501465,2.8429999351501465,1.0
2024-07-03 10:30:00,ALT,6.855000019073486,6.855000019073486,6.860000133514404,6.855000019073486,6.860000133514404,1709.0
2024-07-03 10:30:00,ALVO,12.321999549865723,12.321999549865723,12.321999549865723,12.321999549865723,12.321999549865723,529.0
2024-07-03 10:30:00,ALVR,0.7382000088691711,0.7382000088691711,0.7382000088691711,0.7368000149726868,0.7368000149726868,696.0
2024-07-03 10:30:00,AMED,96.69999694824219,96.69999694824219,96.69999694824219,96.69999694824219,96.69999694824219,2317.0
2024-07-03 10:30:00,AMGN,311.2300109863281,311.2300109863281,311.2300109863281,311.144287109375,311.1669921875,1452.0
2024-07-03 10:30:00,AMLX,1.784999966621399,1.784999966621399,1.7899999618530273,1.784999966621399,1.784999966621399,2119.0
2024-07-03 10:30:00,AMPH,38.165000915527344,38.165000915527344,38.165000915527344,38.13999938964844,38.165000915527344,1215.0
2024-07-03 10:30:00,ANAB,25.25160026550293,25.25160026550293,25.25160026550293,25.25160026550293,25.25160026550293,503.0
2024-07-03 10:30:00,ANGO,5.690000057220459,5.690000057220459,5.690000057220459,5.690000057220459,5.690000057220459,399.0
2024-07-03 10:30:00,ANIK,26.15999984741211,26.15999984741211,26.15999984741211,26.15999984741211,26.15999984741211,513.0
2024-07-03 10:30:00,ANNX,4.889999866485596,4.889999866485596,4.900000095367432,4.885000228881836,4.900000095367432,6262.0
2024-07-03 10:30:00,ANTX,2.5,2.5,2.5000998973846436,2.490000009536743,2.5000998973846436,4540.0
2024-07-03 10:30:00,APDN,0.4300999939441681,0.4300999939441681,0.4350000023841858,0.4300999939441681,0.4350000023841858,1938.0
2024-07-03 10:30:00,APLS,35.66999816894531,35.66999816894531,35.67919921875,35.540000915527344,35.59000015258789,2917.0
2024-07-03 10:30:00,APLT,4.460000038146973,4.460000038146973,4.460000038146973,4.445000171661377,4.445000171661377,1258.0
2024-07-03 10:30:00,AQST,2.434999942779541,2.434999942779541,2.434999942779541,2.434999942779541,2.434999942779541,539.0
2024-07-03 10:30:00,ARAY,1.774999976158142,1.774999976158142,1.7799999713897705,1.774999976158142,1.7799999713897705,10144.0
2024-07-03 10:30:00,ARCT,21.65999984741211,21.65999984741211,21.760000228881836,21.65999984741211,21.760000228881836,2701.0
2024-07-03 10:30:00,ARDX,5.280099868774414,5.280099868774414,5.289999961853027,5.28000020980835,5.281000137329102,11732.0
2024-07-03 10:30:00,ARQT,9.670000076293945,9.670000076293945,9.699999809265137,9.640000343322754,9.640000343322754,16885.0
2024-07-03 10:30:00,ARVN,24.839000701904297,24.839000701904297,24.84000015258789,24.839000701904297,24.84000015258789,533.0
2024-07-03 10:30:00,ARWR,25.760000228881836,25.760000228881836,25.760000228881836,25.760000228881836,25.760000228881836,366.0
2024-07-03 10:30:00,ATAI,1.2999999523162842,1.2999999523162842,1.3040000200271606,1.2999999523162842,1.3040000200271606,824.0
2024-07-03 10:30:00,ATNF,1.600000023841858,1.600000023841858,1.600000023841858,1.600000023841858,1.600000023841858,200.0
2024-07-03 10:30:00,ATOS,1.1649999618530273,1.1649999618530273,1.1649999618530273,1.159999966621399,1.159999966621399,603.0
2024-07-03 10:30:00,ATRC,22.360000610351562,22.360000610351562,22.389999389648438,22.354999542236328,22.3700008392334,2319.0
2024-07-03 10:30:00,ATXS,9.130000114440918,9.130000114440918,9.130000114440918,9.130000114440918,9.130000114440918,836.0
2024-07-03 10:30:00,AUGX,0.9987999796867371,0.9987999796867371,0.9987999796867371,0.9987999796867371,0.9987999796867371,208.0
2024-07-03 10:30:00,AUPH,5.514999866485596,5.514999866485596,5.514999866485596,5.514999866485596,5.514999866485596,1008.0
2024-07-03 10:30:00,AURA,7.139999866485596,7.139999866485596,7.139999866485596,7.139999866485596,7.139999866485596,263.0
2024-07-03 10:30:00,AVDL,14.324999809265137,14.324999809265137,14.324999809265137,14.3100004196167,14.3100004196167,1511.0
2024-07-03 10:30:00,AXSM,80.02999877929688,80.02999877929688,80.02999877929688,79.88999938964844,79.88999938964844,13053.0
2024-07-03 10:30:00,AZN,76.87000274658203,76.87000274658203,76.87000274658203,76.83000183105469,76.83999633789062,8651.0
2024-07-03 10:30:00,AZTA,52.90999984741211,52.90999984741211,52.939998626708984,52.90999984741211,52.939998626708984,1653.0
2024-07-03 10:30:00,BBIO,25.34000015258789,25.34000015258789,25.3700008392334,25.309999465942383,25.309999465942383,2633.0
2024-07-03 10:30:00,BCAB,1.3350000381469727,1.3350000381469727,1.350000023841858,1.3350000381469727,1.350000023841858,9531.0
2024-07-03 10:30:00,BCRX,6.699999809265137,6.699999809265137,6.715000152587891,6.699999809265137,6.715000152587891,5515.0
2024-07-03 10:30:00,BEAM,23.760000228881836,23.760000228881836,23.780000686645508,23.75,23.760000228881836,3380.0
2024-07-03 10:30:00,BIIB,225.61000061035156,225.61000061035156,225.61000061035156,225.5850067138672,225.5850067138672,1207.0
2024-07-03 10:30:00,BIMI,1.2899999618530273,1.2899999618530273,1.2899999618530273,1.2899999618530273,1.2899999618530273,569.0
2024-07-03 10:30:00,BLUE,0.9557999968528748,0.9557999968528748,0.9557999968528748,0.953000009059906,0.9546999931335449,0.0
2024-07-03 10:30:00,BMEA,4.480000019073486,4.480000019073486,4.489999771118164,4.480000019073486,4.489999771118164,1118.0
2024-07-03 10:30:00,BMRA,0.4490000009536743,0.4490000009536743,0.4490000009536743,0.4490000009536743,0.4490000009536743,4190.0
2024-07-03 10:30:00,BMRN,81.41999816894531,81.41999816894531,81.43499755859375,81.4000015258789,81.4000015258789,1030.0
2024-07-03 10:30:00,BNGO,0.5526000261306763,0.5526000261306763,0.5526000261306763,0.5525000095367432,0.5525000095367432,623.0
2024-07-03 10:30:00,BRKR,62.108001708984375,62.108001708984375,62.108001708984375,62.108001708984375,62.108001708984375,387.0
2024-07-03 10:30:00,BTAI,1.1050000190734863,1.1050000190734863,1.1050000190734863,1.1050000190734863,1.1050000190734863,440.0
2024-07-03 10:30:00,BVS,6.170000076293945,6.170000076293945,6.170000076293945,6.170000076293945,6.170000076293945,200.0
2024-07-03 10:30:00,BYSI,2.450000047683716,2.450000047683716,2.450000047683716,2.450000047683716,2.450000047683716,1033.0
2024-07-03 10:30:00,CASI,5.289999961853027,5.289999961853027,5.289999961853027,5.289999961853027,5.289999961853027,200.0
2024-07-03 10:30:00,CCCC,4.800000190734863,4.800000190734863,4.835000038146973,4.789999961853027,4.820099830627441,21868.0
2024-07-03 10:30:00,CDMO,7.639999866485596,7.639999866485596,7.679999828338623,7.630000114440918,7.677499771118164,3971.0
2024-07-03 10:30:00,CDXS,2.9100000858306885,2.9100000858306885,2.9100000858306885,2.9100000858306885,2.9100000858306885,470.0
2024-07-03 10:30:00,CERE,41.279998779296875,41.279998779296875,41.279998779296875,41.2599983215332,41.2599983215332,3076.0
2024-07-03 10:30:00,CERS,1.7400000095367432,1.7400000095367432,1.7400000095367432,1.7300000190734863,1.7300000190734863,9113.0
2024-07-03 10:30:00,CERT,13.848999977111816,13.848999977111816,13.854999542236328,13.848999977111816,13.854999542236328,409.0
2024-07-03 10:30:00,CGC,6.824999809265137,6.824999809265137,6.829999923706055,6.800000190734863,6.820000171661377,31222.0
2024-07-03 10:30:00,CGEM,16.84000015258789,16.84000015258789,16.84000015258789,16.84000015258789,16.84000015258789,202.0
2024-07-03 10:30:00,CGEN,1.684999942779541,1.684999942779541,1.684999942779541,1.684999942779541,1.684999942779541,300.0
2024-07-03 10:30:00,CGTX,1.8450000286102295,1.8450000286102295,1.8450000286102295,1.8450000286102295,1.8450000286102295,5007.0
2024-07-03 10:30:00,CHRS,1.434999942779541,1.434999942779541,1.440000057220459,1.434999942779541,1.440000057220459,19628.0
2024-07-03 10:30:00,CKPT,2.305000066757202,2.305000066757202,2.3166000843048096,2.3015999794006348,2.3015999794006348,12050.0
2024-07-03 10:30:00,CLDX,37.099998474121094,37.099998474121094,37.099998474121094,37.099998474121094,37.099998474121094,377.0
2024-07-03 10:30:00,CLOV,1.2649999856948853,1.2649999856948853,1.2699999809265137,1.2649999856948853,1.2699999809265137,11480.0
2024-07-03 10:30:00,CLPT,5.394999980926514,5.394999980926514,5.429999828338623,5.369999885559082,5.380000114440918,5855.0
2024-07-03 10:30:00,CMAX,2.11299991607666,2.11299991607666,2.11299991607666,2.11299991607666,2.11299991607666,308.0
2024-07-03 10:30:00,CNSP,2.115000009536743,2.115000009536743,2.1600000858306885,2.109999895095825,2.1500000953674316,69428.0
2024-07-03 10:30:00,COGT,8.364999771118164,8.364999771118164,8.364999771118164,8.364999771118164,8.364999771118164,0.0
2024-07-03 10:30:00,COLL,32.06999969482422,32.06999969482422,32.06999969482422,32.06999969482422,32.06999969482422,140.0
2024-07-03 10:30:00,CORT,31.100000381469727,31.100000381469727,31.184999465942383,31.100000381469727,31.184999465942383,1306.0
2024-07-03 10:30:00,COSM,0.9304999709129333,0.9304999709129333,0.9398000240325928,0.920199990272522,0.9351000189781189,18766.0
2024-07-03 10:30:00,CPRX,15.770000457763672,15.770000457763672,15.770000457763672,15.770000457763672,15.770000457763672,503.0
2024-07-03 10:30:00,CRBU,1.6239999532699585,1.6239999532699585,1.6279000043869019,1.6239999532699585,1.6279000043869019,1267.0
2024-07-03 10:30:00,CRDF,2.2300000190734863,2.2300000190734863,2.2300000190734863,2.2300000190734863,2.2300000190734863,300.0
2024-07-03 10:30:00,CRIS,6.340000152587891,6.340000152587891,6.429999828338623,6.340000152587891,6.429999828338623,751.0
2024-07-03 10:30:00,CRMD,4.196000099182129,4.196000099182129,4.196000099182129,4.196000099182129,4.196000099182129,829.0
2024-07-03 10:30:00,CRNX,44.95000076293945,44.95000076293945,44.95000076293945,44.940101623535156,44.940101623535156,484.0
2024-07-03 10:30:00,CRON,2.3550000190734863,2.3550000190734863,2.3550000190734863,2.3499999046325684,2.3499999046325684,2891.0
2024-07-03 10:30:00,CRSP,54.334999084472656,54.334999084472656,54.38999938964844,54.27000045776367,54.38999938964844,1126.0
2024-07-03 10:30:00,CSTL,21.270000457763672,21.270000457763672,21.270000457763672,21.270000457763672,21.270000457763672,570.0
2024-07-03 10:30:00,CTKB,5.769999980926514,5.769999980926514,5.769999980926514,5.769999980926514,5.769999980926514,203.0
2024-07-03 10:30:00,CUE,1.0299999713897705,1.0299999713897705,1.0299999713897705,1.0299999713897705,1.0299999713897705,300.0
2024-07-03 10:30:00,CUTR,1.3200000524520874,1.3200000524520874,1.340000033378601,1.3020000457763672,1.340000033378601,71412.0
2024-07-03 10:30:00,CVAC,3.505000114440918,3.505000114440918,3.509999990463257,3.5,3.503999948501587,10921.0
2024-07-03 10:30:00,CVRX,11.770000457763672,11.770000457763672,11.779999732971191,11.770000457763672,11.779999732971191,491.0
2024-07-03 10:30:00,CYTK,54.88999938964844,54.88999938964844,54.91999816894531,54.869998931884766,54.90999984741211,3940.0
2024-07-03 10:30:00,DARE,3.380000114440918,3.380000114440918,3.4000000953674316,3.380000114440918,3.4000000953674316,1339.0
2024-07-03 10:30:00,DAWN,13.489999771118164,13.489999771118164,13.489999771118164,13.489999771118164,13.489999771118164,791.0
2024-07-03 10:30:00,DCGO,2.9298999309539795,2.9298999309539795,2.9298999309539795,2.9200000762939453,2.9200000762939453,338.0
2024-07-03 10:30:00,DCTH,7.949999809265137,7.949999809265137,7.949999809265137,7.949999809265137,7.949999809265137,200.0
2024-07-03 10:30:00,DH,5.434000015258789,5.434000015258789,5.434000015258789,5.429999828338623,5.429999828338623,714.0
2024-07-03 10:30:00,DNLI,21.985000610351562,21.985000610351562,22.033000946044922,21.985000610351562,22.024999618530273,1926.0
2024-07-03 10:30:00,DSGN,3.2160000801086426,3.2160000801086426,3.2160000801086426,3.200000047683716,3.200000047683716,1169.0
2024-07-03 10:30:00,DVAX,11.130000114440918,11.130000114440918,11.130000114440918,11.130000114440918,11.130000114440918,602.0
2024-07-03 10:30:00,DXCM,110.30000305175781,110.30000305175781,110.3550033569336,110.0999984741211,110.16000366210938,17912.0
2024-07-03 10:30:00,DYN,34.81700134277344,34.81700134277344,34.81700134277344,34.779998779296875,34.779998779296875,110.0
2024-07-03 10:30:00,EDIT,4.724999904632568,4.724999904632568,4.730000019073486,4.720099925994873,4.720099925994873,617.0
2024-07-03 10:30:00,ELEV,2.744999885559082,2.744999885559082,2.755000114440918,2.744999885559082,2.753999948501587,2886.0
2024-07-03 10:30:00,EMBC,12.029999732971191,12.029999732971191,12.029999732971191,12.010000228881836,12.020000457763672,2931.0
2024-07-03 10:30:00,ENVB,0.5199999809265137,0.5199999809265137,0.5199999809265137,0.5194000005722046,0.5199999809265137,18503.0
2024-07-03 10:30:00,ERAS,2.2699999809265137,2.2699999809265137,2.2699999809265137,2.2699999809265137,2.2699999809265137,332.0
2024-07-03 10:30:00,ESPR,2.375,2.375,2.380000114440918,2.375,2.380000114440918,3239.0
2024-07-03 10:30:00,EWTX,18.219999313354492,18.219999313354492,18.239999771118164,18.219999313354492,18.219999313354492,1263.0
2024-07-03 10:30:00,EXAI,5.360000133514404,5.360000133514404,5.360000133514404,5.360000133514404,5.360000133514404,311.0
2024-07-03 10:30:00,EXAS,43.279998779296875,43.279998779296875,43.30500030517578,43.279998779296875,43.30500030517578,990.0
2024-07-03 10:30:00,EXEL,22.104999542236328,22.104999542236328,22.109899520874023,22.104999542236328,22.109899520874023,992.0
2024-07-03 10:30:00,EYEN,0.781000018119812,0.781000018119812,0.781000018119812,0.781000018119812,0.781000018119812,4000.0
2024-07-03 10:30:00,FATE,3.3399999141693115,3.3399999141693115,3.3399999141693115,3.3399999141693115,3.3399999141693115,1790.0
2024-07-03 10:30:00,FBIO,1.7699999809265137,1.7699999809265137,1.7699999809265137,1.75,1.7599999904632568,8187.0
2024-07-03 10:30:00,FENC,6.053999900817871,6.053999900817871,6.053999900817871,6.053999900817871,6.053999900817871,315.0
2024-07-03 10:30:00,FGEN,0.7337999939918518,0.7337999939918518,0.7346000075340271,0.7305999994277954,0.7305999994277954,10105.0
2024-07-03 10:30:00,FHTX,5.570000171661377,5.570000171661377,5.570000171661377,5.570000171661377,5.570000171661377,533.0
2024-07-03 10:30:00,FOLD,9.90999984741211,9.90999984741211,9.90999984741211,9.90999984741211,9.90999984741211,852.0
2024-07-03 10:30:00,FRTX,0.9200500249862671,0.9200500249862671,0.9200500249862671,0.9200500249862671,0.9200500249862671,1.0
2024-07-03 10:30:00,FULC,6.179999828338623,6.179999828338623,6.190000057220459,6.179999828338623,6.190000057220459,599.0
2024-07-03 10:30:00,GDRX,7.864999771118164,7.864999771118164,7.869999885559082,7.864999771118164,7.869999885559082,963.0
2024-07-03 10:30:00,GERN,4.400000095367432,4.400000095367432,4.400000095367432,4.389999866485596,4.394999980926514,8170.0
2024-07-03 10:30:00,GH,28.690000534057617,28.690000534057617,28.700000762939453,28.68000030517578,28.700000762939453,444.0
2024-07-03 10:30:00,GHRS,11.479999542236328,11.479999542236328,11.479999542236328,11.479999542236328,11.479999542236328,756.0
2024-07-03 10:30:00,GILD,67.11499786376953,67.11499786376953,67.1500015258789,67.11499786376953,67.1500015258789,4189.0
2024-07-03 10:30:00,GLSI,17.0,17.0,17.0,17.0,17.0,141.0
2024-07-03 10:30:00,GLTO,0.4799000024795532,0.4799000024795532,0.4799000024795532,0.4799000024795532,0.4799000024795532,400.0
2024-07-03 10:30:00,GLYC,0.27070000767707825,0.27070000767707825,0.27070000767707825,0.27070000767707825,0.27070000767707825,1000.0
2024-07-03 10:30:00,GOSS,0.9254000186920166,0.9254000186920166,0.9300000071525574,0.9254000186920166,0.9300000071525574,5126.0
2024-07-03 10:30:00,GOVX,3.0399999618530273,3.0399999618530273,3.0399999618530273,3.0299999713897705,3.0299999713897705,5317.0
2024-07-03 10:30:00,GRFS,6.675000190734863,6.675000190734863,6.675000190734863,6.659999847412109,6.659999847412109,2562.0
2024-07-03 10:30:00,GRTS,0.564300000667572,0.564300000667572,0.5659000277519226,0.5618000030517578,0.5618000030517578,4955.0
2024-07-03 10:30:00,GTHX,2.515000104904175,2.515000104904175,2.519399881362915,2.509999990463257,2.509999990463257,5678.0
2024-07-03 10:30:00,HALO,51.36000061035156,51.36000061035156,51.36000061035156,51.345001220703125,51.345001220703125,858.0
2024-07-03 10:30:00,HCSG,10.780099868774414,10.780099868774414,10.780099868774414,10.780099868774414,10.780099868774414,311.0
2024-07-03 10:30:00,HITI,2.115000009536743,2.115000009536743,2.115000009536743,2.115000009536743,2.115000009536743,1338.0
2024-07-03 10:30:00,HLVX,14.220000267028809,14.220000267028809,14.220000267028809,14.220000267028809,14.220000267028809,297.0
2024-07-03 10:30:00,HOLX,73.37000274658203,73.37000274658203,73.375,73.3550033569336,73.3550033569336,1584.0
2024-07-03 10:30:00,HQY,83.55000305175781,83.55000305175781,83.56500244140625,83.55000305175781,83.56500244140625,615.0
2024-07-03 10:30:00,HROW,21.940000534057617,21.940000534057617,21.96500015258789,21.920000076293945,21.959999084472656,2505.0
2024-07-03 10:30:00,HRTX,2.7939999103546143,2.7939999103546143,2.805000066757202,2.7899999618530273,2.805000066757202,5045.0
2024-07-03 10:30:00,HSIC,65.37000274658203,65.37000274658203,65.37999725341797,65.37000274658203,65.37999725341797,413.0
2024-07-03 10:30:00,HUGE,0.14839999377727509,0.14839999377727509,0.14839999377727509,0.14839999377727509,0.14839999377727509,1623.0
2024-07-03 10:30:00,HUMA,5.740300178527832,5.740300178527832,5.740300178527832,5.71999979019165,5.728600025177002,8534.0
2024-07-03 10:30:00,HYPR,0.949999988079071,0.949999988079071,0.949999988079071,0.949999988079071,0.949999988079071,1301.0
2024-07-03 10:30:00,IART,29.209999084472656,29.209999084472656,29.209999084472656,29.190000534057617,29.190000534057617,2172.0
2024-07-03 10:30:00,IBRX,6.29010009765625,6.29010009765625,6.295000076293945,6.289999961853027,6.290200233459473,2349.0
2024-07-03 10:30:00,ICAD,1.2200000286102295,1.2200000286102295,1.2200000286102295,1.2200000286102295,1.2200000286102295,1482.0
2024-07-03 10:30:00,IDXX,475.1600036621094,475.1600036621094,475.5,474.30999755859375,475.1600036621094,4090.0
2024-07-03 10:30:00,IKNA,1.6399999856948853,1.6399999856948853,1.649999976158142,1.6399999856948853,1.649999976158142,635.0
2024-07-03 10:30:00,IKT,1.2199000120162964,1.2199000120162964,1.2199000120162964,1.2050000429153442,1.2100000381469727,2812.0
2024-07-03 10:30:00,ILMN,106.02999877929688,106.02999877929688,106.09500122070312,106.02999877929688,106.09500122070312,1322.0
2024-07-03 10:30:00,IMAB,1.5750000476837158,1.5750000476837158,1.5750000476837158,1.5700000524520874,1.5750000476837158,1022.0
2024-07-03 10:30:00,IMCR,36.04999923706055,36.04999923706055,36.04999923706055,35.91999816894531,35.93000030517578,1278.0
2024-07-03 10:30:00,IMNM,12.109999656677246,12.109999656677246,12.109999656677246,12.09000015258789,12.09000015258789,600.0
2024-07-03 10:30:00,IMVT,26.81999969482422,26.81999969482422,26.81999969482422,26.799999237060547,26.799999237060547,1756.0
2024-07-03 10:30:00,INCY,58.19499969482422,58.19499969482422,58.209999084472656,58.18000030517578,58.209999084472656,1727.0
2024-07-03 10:30:00,INGN,7.889999866485596,7.889999866485596,7.889999866485596,7.889999866485596,7.889999866485596,200.0
2024-07-03 10:30:00,INMD,17.780000686645508,17.780000686645508,17.780000686645508,17.770000457763672,17.770000457763672,1342.0
2024-07-03 10:30:00,INSM,63.890098571777344,63.890098571777344,63.92499923706055,63.890098571777344,63.92499923706055,772.0
2024-07-03 10:30:00,INVA,16.34000015258789,16.34000015258789,16.34000015258789,16.34000015258789,16.34000015258789,654.0
2024-07-03 10:30:00,INZY,4.534999847412109,4.534999847412109,4.534999847412109,4.534999847412109,4.534999847412109,322.0
2024-07-03 10:30:00,IONM,0.3330000042915344,0.3330000042915344,0.3330000042915344,0.3330000042915344,0.3330000042915344,200.0
2024-07-03 10:30:00,IONS,44.941001892089844,44.941001892089844,44.941001892089844,44.93000030517578,44.93000030517578,1612.0
2024-07-03 10:30:00,IOVA,7.78000020980835,7.78000020980835,7.795000076293945,7.78000020980835,7.789999961853027,12164.0
2024-07-03 10:30:00,IRIX,1.9950000047683716,1.9950000047683716,1.9950000047683716,1.9950000047683716,1.9950000047683716,200.0
2024-07-03 10:30:00,IRTC,94.08000183105469,94.08000183105469,94.9800033569336,94.08000183105469,94.9800033569336,11028.0
2024-07-03 10:30:00,IRWD,6.216000080108643,6.216000080108643,6.216000080108643,6.204999923706055,6.210000038146973,3983.0
2024-07-03 10:30:00,ISRG,435.5249938964844,435.5249938964844,435.5249938964844,435.2200012207031,435.2200012207031,2633.0
2024-07-03 10:30:00,ITCI,68.09500122070312,68.09500122070312,68.0999984741211,68.04000091552734,68.04000091552734,1351.0
2024-07-03 10:30:00,IXHL,2.7699999809265137,2.7699999809265137,2.7701001167297363,2.7699999809265137,2.7701001167297363,968.0
2024-07-03 10:30:00,JAGX,3.509999990463257,3.509999990463257,3.509999990463257,3.509999990463257,3.509999990463257,3690.0
2024-07-03 10:30:00,JANX,38.90999984741211,38.90999984741211,38.90999984741211,38.90999984741211,38.90999984741211,665.0
2024-07-03 10:30:00,JAZZ,104.95999908447266,104.95999908447266,104.95999908447266,104.88999938964844,104.88999938964844,947.0
2024-07-03 10:30:00,KNSA,18.889999389648438,18.889999389648438,18.906999588012695,18.889999389648438,18.899999618530273,813.0
2024-07-03 10:30:00,KOD,2.246000051498413,2.246000051498413,2.246000051498413,2.246000051498413,2.246000051498413,694.0
2024-07-03 10:30:00,KPTI,0.8440999984741211,0.8440999984741211,0.8447999954223633,0.8440999984741211,0.8447999954223633,828.0
2024-07-03 10:30:00,KROS,42.79800033569336,42.79800033569336,42.79800033569336,42.79800033569336,42.79800033569336,227.0
2024-07-03 10:30:00,KTRA,0.2824999988079071,0.2824999988079071,0.2849000096321106,0.2809999883174896,0.2842000126838684,36031.0
2024-07-03 10:30:00,KZR,0.5795999765396118,0.5795999765396118,0.5795999765396118,0.5795999765396118,0.5795999765396118,121.0
2024-07-03 10:30:00,LAB,1.8049999475479126,1.8049999475479126,1.8049999475479126,1.8049999475479126,1.8049999475479126,770.0
2024-07-03 10:30:00,LBPH,32.1431999206543,32.1431999206543,32.20000076293945,32.1431999206543,32.20000076293945,821.0
2024-07-03 10:30:00,LEGN,45.150001525878906,45.150001525878906,45.17499923706055,45.150001525878906,45.17499923706055,753.0
2024-07-03 10:30:00,LFMD,6.710000038146973,6.710000038146973,6.710000038146973,6.710000038146973,6.710000038146973,228.0
2024-07-03 10:30:00,LFST,5.139999866485596,5.139999866485596,5.139999866485596,5.139999866485596,5.139999866485596,568.0
2024-07-03 10:30:00,LGND,83.83000183105469,83.83000183105469,83.83000183105469,83.83000183105469,83.83000183105469,122.0
2024-07-03 10:30:00,LGVN,1.649999976158142,1.649999976158142,1.6500999927520752,1.649999976158142,1.6500999927520752,1305.0
2024-07-03 10:30:00,LIVN,52.79999923706055,52.79999923706055,52.79999923706055,52.790000915527344,52.790000915527344,1177.0
2024-07-03 10:30:00,LOGC,5.730000019073486,5.730000019073486,5.730000019073486,5.71999979019165,5.71999979019165,1713.0
2024-07-03 10:30:00,LRMR,7.78000020980835,7.78000020980835,7.789999961853027,7.770100116729736,7.789999961853027,1846.0
2024-07-03 10:30:00,LUCY,0.48260000348091125,0.48260000348091125,0.48260000348091125,0.48260000348091125,0.48260000348091125,470.0
2024-07-03 10:30:00,LUNG,6.320000171661377,6.320000171661377,6.320000171661377,6.320000171661377,6.320000171661377,103.0
2024-07-03 10:30:00,LVTX,1.9329999685287476,1.9329999685287476,1.9329999685287476,1.9329999685287476,1.9329999685287476,918.0
2024-07-03 10:30:00,LXRX,1.6299999952316284,1.6299999952316284,1.6395000219345093,1.6299999952316284,1.6395000219345093,4524.0
2024-07-03 10:30:00,LYEL,1.4450000524520874,1.4450000524520874,1.475000023841858,1.4450000524520874,1.475000023841858,66001.0
2024-07-03 10:30:00,MASI,114.30000305175781,114.30000305175781,114.30000305175781,113.97000122070312,113.98999786376953,2290.0
2024-07-03 10:30:00,MCRB,0.7052000164985657,0.7052000164985657,0.705299973487854,0.7052000164985657,0.7052000164985657,2600.0
2024-07-03 10:30:00,ME,0.4034999907016754,0.4034999907016754,0.4034999907016754,0.4009000062942505,0.4009000062942505,61908.0
2024-07-03 10:30:00,MGNX,4.315000057220459,4.315000057220459,4.329999923706055,4.304999828338623,4.329999923706055,5072.0
2024-07-03 10:30:00,MGTX,4.03000020980835,4.03000020980835,4.050000190734863,4.03000020980835,4.050000190734863,2049.0
2024-07-03 10:30:00,MIRM,33.970001220703125,33.970001220703125,34.02640151977539,33.970001220703125,34.02640151977539,1212.0
2024-07-03 10:30:00,MNKD,5.135000228881836,5.135000228881836,5.135000228881836,5.130000114440918,5.135000228881836,2114.0
2024-07-03 10:30:00,MNMD,7.230000019073486,7.230000019073486,7.267300128936768,7.230000019073486,7.267300128936768,7303.0
2024-07-03 10:30:00,MODD,1.4950000047683716,1.4950000047683716,1.4950000047683716,1.4950000047683716,1.4950000047683716,4747.0
2024-07-03 10:30:00,MORF,32.10499954223633,32.10499954223633,32.10499954223633,32.10499954223633,32.10499954223633,387.0
2024-07-03 10:30:00,MOTS,0.050200000405311584,0.050200000405311584,0.050200000405311584,0.050200000405311584,0.050200000405311584,1.0
2024-07-03 10:30:00,MRNA,117.6500015258789,117.6500015258789,117.97000122070312,117.6500015258789,117.94000244140625,12515.0
2024-07-03 10:30:00,MRSN,1.9299999475479126,1.9299999475479126,1.9299999475479126,1.9249999523162842,1.9249999523162842,1565.0
2024-07-03 10:30:00,MXCT,3.744999885559082,3.744999885559082,3.744999885559082,3.744999885559082,3.744999885559082,425.0
2024-07-03 10:30:00,MYGN,25.485000610351562,25.485000610351562,25.510000228881836,25.485000610351562,25.5,1310.0
2024-07-03 10:30:00,NARI,49.77000045776367,49.77000045776367,49.77000045776367,49.77000045776367,49.77000045776367,123.0
2024-07-03 10:30:00,NKTR,1.2587000131607056,1.2587000131607056,1.2598999738693237,1.25,1.25,2002.0
2024-07-03 10:30:00,NLSP,0.20499999821186066,0.20499999821186066,0.20499999821186066,0.20499999821186066,0.20499999821186066,1056.0
2024-07-03 10:30:00,NNOX,7.190000057220459,7.190000057220459,7.199900150299072,7.170000076293945,7.189899921417236,14383.0
2024-07-03 10:30:00,NOTV,1.6740000247955322,1.6740000247955322,1.6740000247955322,1.6740000247955322,1.6740000247955322,2017.0
2024-07-03 10:30:00,NPCE,7.179999828338623,7.179999828338623,7.210000038146973,7.159999847412109,7.210000038146973,3031.0
2024-07-03 10:30:00,NRBO,4.730000019073486,4.730000019073486,4.730000019073486,4.730000019073486,4.730000019073486,1316.0
2024-07-03 10:30:00,NRIX,19.860000610351562,19.860000610351562,19.895000457763672,19.860000610351562,19.895000457763672,704.0
2024-07-03 10:30:00,NRSN,1.3300000429153442,1.3300000429153442,1.3300000429153442,1.3300000429153442,1.3300000429153442,0.0
2024-07-03 10:30:00,NTLA,22.885000228881836,22.885000228881836,22.889999389648438,22.84000015258789,22.864999771118164,2642.0
2024-07-03 10:30:00,NTRA,112.30999755859375,112.30999755859375,112.30999755859375,112.0999984741211,112.30000305175781,4619.0
2024-07-03 10:30:00,NUVL,71.91000366210938,71.91000366210938,71.91000366210938,71.77999877929688,71.77999877929688,903.0
2024-07-03 10:30:00,NVAX,13.010000228881836,13.010000228881836,13.029999732971191,13.0,13.029999732971191,15793.0
2024-07-03 10:30:00,NVCR,16.93000030517578,16.93000030517578,16.98900032043457,16.93000030517578,16.98900032043457,2521.0
2024-07-03 10:30:00,NXL,1.4098999500274658,1.4098999500274658,1.4098999500274658,1.399999976158142,1.399999976158142,3479.0
2024-07-03 10:30:00,OCGN,1.6897000074386597,1.6897000074386597,1.6897000074386597,1.6800999641418457,1.680299997329712,4505.0
2024-07-03 10:30:00,OCUL,6.829999923706055,6.829999923706055,6.829999923706055,6.809999942779541,6.822299957275391,3508.0
2024-07-03 10:30:00,OCUP,1.5750000476837158,1.5750000476837158,1.5750000476837158,1.5750000476837158,1.5750000476837158,595.0
2024-07-03 10:30:00,OFIX,13.40999984741211,13.40999984741211,13.40999984741211,13.40999984741211,13.40999984741211,246.0
2024-07-03 10:30:00,OGI,1.5950000286102295,1.5950000286102295,1.600000023841858,1.590000033378601,1.590000033378601,22522.0
2024-07-03 10:30:00,OLK,25.75,25.75,25.752500534057617,25.75,25.752500534057617,102.0
2024-07-03 10:30:00,OM,3.75,3.75,3.755000114440918,3.744999885559082,3.755000114440918,3976.0
2024-07-03 10:30:00,OMER,3.9600000381469727,3.9600000381469727,3.9600000381469727,3.9600000381469727,3.9600000381469727,1.0
2024-07-03 10:31:00,ABCL,2.759999990463257,2.759999990463257,2.7850000858306885,2.740000009536743,2.7811999320983887,118549.0
2024-07-03 10:31:00,ABEO,4.320300102233887,4.320300102233887,4.320300102233887,4.320199966430664,4.320199966430664,502.0
2024-07-03 10:31:00,ABSI,3.194999933242798,3.194999933242798,3.194999933242798,3.194999933242798,3.194999933242798,3961.0
2024-07-03 10:31:00,ABUS,3.174999952316284,3.174999952316284,3.174999952316284,3.1740000247955322,3.1740000247955322,1249.0
2024-07-03 10:31:00,ACAD,15.770000457763672,15.770000457763672,15.776000022888184,15.770000457763672,15.776000022888184,1827.0
2024-07-03 10:31:00,ACB,4.949900150299072,4.949900150299072,4.950300216674805,4.940000057220459,4.950300216674805,11421.0
2024-07-03 10:31:00,ACCD,3.565000057220459,3.565000057220459,3.565000057220459,3.565000057220459,3.565000057220459,2405.0
2024-07-03 10:31:00,ACET,1.065000057220459,1.065000057220459,1.0700000524520874,1.065000057220459,1.0700000524520874,2050.0
2024-07-03 10:31:00,ACHC,66.0,66.0,66.04000091552734,65.83000183105469,65.91999816894531,3383.0
2024-07-03 10:31:00,ACLX,54.61000061035156,54.61000061035156,54.61000061035156,54.5099983215332,54.529998779296875,1889.0
2024-07-03 10:31:00,ACON,0.2948000133037567,0.2948000133037567,0.2948000133037567,0.2948000133037567,0.2948000133037567,0.0
2024-07-03 10:31:00,ACRS,1.159999966621399,1.159999966621399,1.159999966621399,1.159999966621399,1.159999966621399,4534.0
2024-07-03 10:31:00,ACXP,2.059999942779541,2.059999942779541,2.059999942779541,2.059999942779541,2.059999942779541,1966.0
2024-07-03 10:31:00,ADAP,1.0449999570846558,1.0449999570846558,1.0449999570846558,1.0399999618530273,1.0399999618530273,901.0
2024-07-03 10:31:00,ADMA,11.425000190734863,11.425000190734863,11.425000190734863,11.420000076293945,11.425000190734863,1212.0
2024-07-03 10:31:00,ADPT,3.384999990463257,3.384999990463257,3.384999990463257,3.380000114440918,3.380000114440918,1489.0
2024-07-03 10:31:00,ADUS,117.0999984741211,117.0999984741211,117.16999816894531,117.0999984741211,117.16999816894531,579.0
2024-07-03 10:31:00,ADVM,7.125,7.125,7.125,7.125,7.125,760.0
2024-07-03 10:31:00,AGEN,14.819899559020996,14.819899559020996,14.819899559020996,14.819899559020996,14.819899559020996,398.0
2024-07-03 10:31:00,AKAN,2.2799999713897705,2.2799999713897705,2.2799999713897705,2.2799999713897705,2.2799999713897705,2500.0
2024-07-03 10:31:00,AKBA,0.9516000151634216,0.9516000151634216,0.9559999704360962,0.949999988079071,0.9559000134468079,24605.0
2024-07-03 10:31:00,ALDX,3.2739999294281006,3.2739999294281006,3.2750000953674316,3.2699999809265137,3.2699999809265137,1536.0
2024-07-03 10:31:00,ALEC,4.499000072479248,4.499000072479248,4.5,4.494999885559082,4.494999885559082,1072.0
2024-07-03 10:31:00,ALGN,238.1699981689453,238.1699981689453,238.5,238.1699981689453,238.5,1590.0
2024-07-03 10:31:00,ALHC,7.989999771118164,7.989999771118164,7.989999771118164,7.984000205993652,7.984000205993652,641.0
2024-07-03 10:31:00,ALKS,24.459999084472656,24.459999084472656,24.489999771118164,24.459999084472656,24.469999313354492,3720.0
2024-07-03 10:31:00,ALLK,0.8629000186920166,0.8629000186920166,0.8629000186920166,0.8628000020980835,0.8628000020980835,323.0
2024-07-03 10:31:00,ALLO,2.1459999084472656,2.1459999084472656,2.1459999084472656,2.140000104904175,2.140000104904175,5901.0
2024-07-03 10:31:00,ALLR,0.2062000036239624,0.2062000036239624,0.2070000022649765,0.2062000036239624,0.2070000022649765,698.0
2024-07-03 10:31:00,ALT,6.869900226593018,6.869900226593018,6.869999885559082,6.84499979019165,6.860000133514404,9545.0
2024-07-03 10:31:00,ALVR,0.7382000088691711,0.7382000088691711,0.7382000088691711,0.7382000088691711,0.7382000088691711,200.0
2024-07-03 10:31:00,ALXO,5.989999771118164,5.989999771118164,5.989999771118164,5.989999771118164,5.989999771118164,404.0
2024-07-03 10:31:00,AMED,96.67500305175781,96.67500305175781,96.69999694824219,96.67500305175781,96.69999694824219,11093.0
2024-07-03 10:31:00,AMGN,311.1510925292969,311.1510925292969,311.1700134277344,310.9200134277344,311.0050048828125,1794.0
2024-07-03 10:31:00,AMLX,1.7899999618530273,1.7899999618530273,1.7899999618530273,1.7799999713897705,1.7799999713897705,1412.0
2024-07-03 10:31:00,AMPH,38.18000030517578,38.18000030517578,38.18000030517578,38.099998474121094,38.17499923706055,1416.0
2024-07-03 10:31:00,AMRN,0.718500018119812,0.718500018119812,0.718500018119812,0.718500018119812,0.718500018119812,201.0
2024-07-03 10:31:00,ANAB,25.378599166870117,25.378599166870117,25.3799991607666,25.25,25.260000228881836,4399.0
2024-07-03 10:31:00,ANGO,5.695000171661377,5.695000171661377,5.695000171661377,5.695000171661377,5.695000171661377,102.0
2024-07-03 10:31:00,ANNX,4.885000228881836,4.885000228881836,4.889999866485596,4.885000228881836,4.889999866485596,1156.0
2024-07-03 10:31:00,ANTX,2.5,2.5,2.509000062942505,2.490000009536743,2.5,2706.0
2024-07-03 10:31:00,APLS,35.71500015258789,35.71500015258789,35.7400016784668,35.63399887084961,35.64229965209961,3994.0
2024-07-03 10:31:00,APLT,4.460000038146973,4.460000038146973,4.460000038146973,4.460000038146973,4.460000038146973,464.0
2024-07-03 10:31:00,APVO,0.3046000003814697,0.3046000003814697,0.3046000003814697,0.3046000003814697,0.3046000003814697,687.0
2024-07-03 10:31:00,AQST,2.434999942779541,2.434999942779541,2.434999942779541,2.434999942779541,2.434999942779541,1264.0
2024-07-03 10:31:00,ARAY,1.7740000486373901,1.7740000486373901,1.7740000486373901,1.7740000486373901,1.7740000486373901,645.0
2024-07-03 10:31:00,ARDX,5.295000076293945,5.295000076293945,5.295000076293945,5.280099868774414,5.284999847412109,14306.0
2024-07-03 10:31:00,ARQT,9.6850004196167,9.6850004196167,9.699999809265137,9.680000305175781,9.6850004196167,7829.0
2024-07-03 10:31:00,ARWR,25.729999542236328,25.729999542236328,25.75,25.729999542236328,25.739999771118164,1816.0
2024-07-03 10:31:00,ASRT,1.2949999570846558,1.2949999570846558,1.2994999885559082,1.2899999618530273,1.2994999885559082,5590.0
2024-07-03 10:31:00,ATEC,9.960000038146973,9.960000038146973,9.96500015258789,9.954999923706055,9.96500015258789,1637.0
2024-07-03 10:31:00,ATNF,1.600000023841858,1.600000023841858,1.600000023841858,1.600000023841858,1.600000023841858,160.0
2024-07-03 10:31:00,ATOS,1.1649999618530273,1.1649999618530273,1.1649999618530273,1.1649999618530273,1.1649999618530273,349.0
2024-07-03 10:31:00,ATRA,7.735000133514404,7.735000133514404,7.735000133514404,7.735000133514404,7.735000133514404,380.0
2024-07-03 10:31:00,ATRC,22.399999618530273,22.399999618530273,22.399999618530273,22.389999389648438,22.389999389648438,1737.0
2024-07-03 10:31:00,ATXS,9.145000457763672,9.145000457763672,9.145000457763672,9.130000114440918,9.130000114440918,921.0
2024-07-03 10:31:00,AUGX,1.0,1.0,1.004699945449829,1.0,1.004699945449829,9409.0
2024-07-03 10:31:00,AUPH,5.510000228881836,5.510000228881836,5.515999794006348,5.505000114440918,5.514999866485596,1981.0
2024-07-03 10:31:00,AUTL,3.4800000190734863,3.4800000190734863,3.484999895095825,3.4800000190734863,3.484999895095825,1654.0
2024-07-03 10:31:00,AVDL,14.350000381469727,14.350000381469727,14.369999885559082,14.326000213623047,14.326000213623047,5208.0
2024-07-03 10:31:00,AVTE,1.6449999809265137,1.6449999809265137,1.6449999809265137,1.6449999809265137,1.6449999809265137,122.0
2024-07-03 10:31:00,AVXL,4.255000114440918,4.255000114440918,4.255000114440918,4.255000114440918,4.255000114440918,109.0
2024-07-03 10:31:00,AXGN,7.559999942779541,7.559999942779541,7.559999942779541,7.559999942779541,7.559999942779541,1555.0
2024-07-03 10:31:00,AXNX,67.5,67.5,67.5,67.5,67.5,331.0
2024-07-03 10:31:00,AXSM,79.93000030517578,79.93000030517578,79.93000030517578,79.93000030517578,79.93000030517578,1061.0
2024-07-03 10:31:00,AZN,76.91000366210938,76.91000366210938,76.91000366210938,76.83499908447266,76.875,11381.0
2024-07-03 10:31:00,BBIO,25.329999923706055,25.329999923706055,25.34000015258789,25.290000915527344,25.34000015258789,3452.0
2024-07-03 10:31:00,BCAB,1.3350000381469727,1.3350000381469727,1.3350000381469727,1.3339999914169312,1.3350000381469727,3526.0
2024-07-03 10:31:00,BCRX,6.710000038146973,6.710000038146973,6.710000038146973,6.699999809265137,6.699999809265137,2364.0
2024-07-03 10:31:00,BDTX,4.210000038146973,4.210000038146973,4.210000038146973,4.210000038146973,4.210000038146973,275.0
2024-07-03 10:31:00,BEAM,23.799999237060547,23.799999237060547,23.844999313354492,23.719999313354492,23.719999313354492,5497.0
2024-07-03 10:31:00,BEAT,2.773900032043457,2.773900032043457,2.773900032043457,2.773900032043457,2.773900032043457,364.0
2024-07-03 10:31:00,BGXX,0.27390000224113464,0.27390000224113464,0.27390000224113464,0.27390000224113464,0.27390000224113464,218.0
2024-07-03 10:31:00,BIIB,225.61000061035156,225.61000061035156,225.61000061035156,225.47999572753906,225.47999572753906,965.0
2024-07-03 10:31:00,BLUE,0.9501000046730042,0.9501000046730042,0.9527000188827515,0.9501000046730042,0.9527000188827515,11625.0
2024-07-03 10:31:00,BMEA,4.485000133514404,4.485000133514404,4.488999843597412,4.485000133514404,4.488999843597412,1375.0
2024-07-03 10:31:00,BMRA,0.4490000009536743,0.4490000009536743,0.4490000009536743,0.4471000134944916,0.4490000009536743,1800.0
2024-07-03 10:31:00,BMRN,81.48999786376953,81.48999786376953,81.48999786376953,81.48999786376953,81.48999786376953,390.0
2024-07-03 10:31:00,BNGO,0.5527999997138977,0.5527999997138977,0.5527999997138977,0.5526999831199646,0.5526999831199646,5891.0
2024-07-03 10:31:00,BNTX,80.95999908447266,80.95999908447266,80.95999908447266,80.86000061035156,80.86000061035156,3771.0
2024-07-03 10:31:00,BPMC,111.0999984741211,111.0999984741211,111.18000030517578,111.0999984741211,111.18000030517578,1271.0
2024-07-03 10:31:00,BRKR,62.04999923706055,62.04999923706055,62.095001220703125,62.04999923706055,62.095001220703125,358.0
2024-07-03 10:31:00,BTAI,1.100000023841858,1.100000023841858,1.1098999977111816,1.100000023841858,1.1068999767303467,1409.0
2024-07-03 10:31:00,BVS,6.159999847412109,6.159999847412109,6.159999847412109,6.159999847412109,6.159999847412109,79.0
2024-07-03 10:31:00,CABA,7.738999843597412,7.738999843597412,7.739999771118164,7.699999809265137,7.699999809265137,2883.0
2024-07-03 10:31:00,CADL,6.329999923706055,6.329999923706055,6.329999923706055,6.300000190734863,6.300000190734863,854.0
2024-07-03 10:31:00,CAPR,4.769999980926514,4.769999980926514,4.769999980926514,4.769000053405762,4.769000053405762,749.0
2024-07-03 10:31:00,CCCC,4.769999980926514,4.769999980926514,4.795000076293945,4.760000228881836,4.789999961853027,3620.0
2024-07-03 10:31:00,CCRN,13.699999809265137,13.699999809265137,13.699999809265137,13.680000305175781,13.680000305175781,1012.0
2024-07-03 10:31:00,CDMO,7.639999866485596,7.639999866485596,7.639999866485596,7.619999885559082,7.630000114440918,2181.0
2024-07-03 10:31:00,CDNA,15.34000015258789,15.34000015258789,15.34000015258789,15.3149995803833,15.3149995803833,1219.0
2024-07-03 10:31:00,CDXC,2.5999999046325684,2.5999999046325684,2.5999999046325684,2.5999999046325684,2.5999999046325684,315.0
2024-07-03 10:31:00,CDXS,2.9100000858306885,2.9100000858306885,2.9140000343322754,2.9100000858306885,2.9140000343322754,853.0
2024-07-03 10:31:00,CELC,16.40999984741211,16.40999984741211,16.45599937438965,16.40999984741211,16.45599937438965,923.0
2024-07-03 10:31:00,CERE,41.380001068115234,41.380001068115234,41.380001068115234,41.279998779296875,41.279998779296875,3258.0
2024-07-03 10:31:00,CERT,13.859999656677246,13.859999656677246,13.859999656677246,13.850000381469727,13.850000381469727,1733.0
2024-07-03 10:31:00,CGC,6.804999828338623,6.804999828338623,6.829999923706055,6.801199913024902,6.829999923706055,6735.0
2024-07-03 10:31:00,CGEM,16.85099983215332,16.85099983215332,16.854999542236328,16.85099983215332,16.854999542236328,485.0
2024-07-03 10:31:00,CHRS,1.434999942779541,1.434999942779541,1.4399000406265259,1.434999942779541,1.4399000406265259,2932.0
2024-07-03 10:31:00,CKPT,2.319999933242798,2.319999933242798,2.319999933242798,2.305000066757202,2.309999942779541,1075.0
2024-07-03 10:31:00,CLDX,37.02000045776367,37.02000045776367,37.11000061035156,36.9900016784668,37.11000061035156,2571.0
2024-07-03 10:31:00,CLOV,1.261199951171875,1.261199951171875,1.261199951171875,1.2599999904632568,1.2599999904632568,1125.0
2024-07-03 10:31:00,CLRB,2.4491000175476074,2.4491000175476074,2.4491000175476074,2.444000005722046,2.444000005722046,2097.0
2024-07-03 10:31:00,CMAX,2.140000104904175,2.140000104904175,2.140000104904175,2.140000104904175,2.140000104904175,119.0
2024-07-03 10:31:00,CMPS,6.215000152587891,6.215000152587891,6.215000152587891,6.215000152587891,6.215000152587891,1045.0
2024-07-03 10:31:00,CMPX,0.835099995136261,0.835099995136261,0.835099995136261,0.835099995136261,0.835099995136261,3100.0
2024-07-03 10:31:00,CNSP,2.130000114440918,2.130000114440918,2.139899969100952,2.110100030899048,2.115000009536743,64123.0
2024-07-03 10:31:00,COGT,8.369999885559082,8.369999885559082,8.369999885559082,8.369999885559082,8.369999885559082,1.0
2024-07-03 10:31:00,COLL,32.209999084472656,32.209999084472656,32.209999084472656,32.084999084472656,32.084999084472656,1183.0
2024-07-03 10:31:00,CORT,31.170000076293945,31.170000076293945,31.170000076293945,31.100000381469727,31.100000381469727,2255.0
2024-07-03 10:31:00,COSM,0.9399999976158142,0.9399999976158142,0.9399999976158142,0.9350000023841858,0.9350000023841858,4780.0
2024-07-03 10:31:00,CPRX,15.74899959564209,15.74899959564209,15.760000228881836,15.74899959564209,15.760000228881836,568.0
2024-07-03 10:31:00,CRBP,48.78499984741211,48.78499984741211,48.78499984741211,48.78499984741211,48.78499984741211,550.0
2024-07-03 10:31:00,CRBU,1.625,1.625,1.625,1.6200000047683716,1.625,3472.0
2024-07-03 10:31:00,CRDF,2.240000009536743,2.240000009536743,2.240000009536743,2.2300000190734863,2.2300000190734863,1032.0
2024-07-03 10:31:00,CRNX,45.029998779296875,45.029998779296875,45.029998779296875,45.029998779296875,45.029998779296875,622.0
2024-07-03 10:31:00,CRSP,54.470001220703125,54.470001220703125,54.470001220703125,54.34360122680664,54.34360122680664,3771.0
2024-07-03 10:31:00,CTMX,1.3600000143051147,1.3600000143051147,1.3600000143051147,1.3539999723434448,1.3550000190734863,7716.0
2024-07-03 10:31:00,CTXR,0.5167999863624573,0.5167999863624573,0.520799994468689,0.5167999863624573,0.5170000195503235,4635.0
2024-07-03 10:31:00,CUTR,1.3250000476837158,1.3250000476837158,1.3350000381469727,1.3250000476837158,1.3250000476837158,14662.0
2024-07-03 10:31:00,CVAC,3.5,3.5,3.505000114440918,3.490000009536743,3.505000114440918,27662.0
2024-07-03 10:31:00,CYTH,1.2299000024795532,1.2299000024795532,1.2299000024795532,1.2299000024795532,1.2299000024795532,718.0
2024-07-03 10:31:00,CYTK,54.90999984741211,54.90999984741211,54.90999984741211,54.84000015258789,54.900001525878906,1740.0
2024-07-03 10:31:00,DAWN,13.470000267028809,13.470000267028809,13.470000267028809,13.468999862670898,13.470000267028809,1374.0
2024-07-03 10:31:00,DCGO,2.9149999618530273,2.9149999618530273,2.9200000762939453,2.9149999618530273,2.9200000762939453,1545.0
2024-07-03 10:31:00,DERM,5.288000106811523,5.288000106811523,5.288000106811523,5.288000106811523,5.288000106811523,1266.0
2024-07-03 10:31:00,DVAX,11.140000343322754,11.140000343322754,11.140000343322754,11.119999885559082,11.125,5351.0
2024-07-03 10:31:00,DXCM,110.18000030517578,110.18000030517578,110.33999633789062,110.13009643554688,110.30000305175781,10202.0
2024-07-03 10:31:00,DYN,34.595001220703125,34.595001220703125,34.779998779296875,34.560001373291016,34.7599983215332,4956.0
2024-07-03 10:31:00,EDIT,4.724999904632568,4.724999904632568,4.724999904632568,4.71999979019165,4.71999979019165,1838.0
2024-07-03 10:31:00,ELEV,2.734999895095825,2.734999895095825,2.734999895095825,2.734999895095825,2.734999895095825,659.0
2024-07-03 10:31:00,ENLV,1.2805999517440796,1.2805999517440796,1.2805999517440796,1.2805999517440796,1.2805999517440796,101.0
2024-07-03 10:31:00,ENSG,126.1500015258789,126.1500015258789,126.1500015258789,126.1500015258789,126.1500015258789,383.0
2024-07-03 10:31:00,ENTA,13.3100004196167,13.3100004196167,13.3100004196167,13.3100004196167,13.3100004196167,389.0
2024-07-03 10:31:00,ERAS,2.265000104904175,2.265000104904175,2.265000104904175,2.2639999389648438,2.2639999389648438,2382.0
2024-07-03 10:31:00,ESPR,2.380000114440918,2.380000114440918,2.380000114440918,2.369999885559082,2.375,36481.0
2024-07-03 10:31:00,EWTX,18.190000534057617,18.190000534057617,18.229999542236328,18.190000534057617,18.219999313354492,597.0
2024-07-03 10:31:00,EXAI,5.349999904632568,5.349999904632568,5.360000133514404,5.349999904632568,5.360000133514404,376.0
2024-07-03 10:31:00,EXAS,43.28990173339844,43.28990173339844,43.28990173339844,43.22999954223633,43.27000045776367,3535.0
2024-07-03 10:31:00,EXEL,22.104999542236328,22.104999542236328,22.106000900268555,22.100000381469727,22.104999542236328,3017.0
2024-07-03 10:31:00,EYEN,0.7886999845504761,0.7886999845504761,0.7886999845504761,0.7886999845504761,0.7886999845504761,2415.0
2024-07-03 10:31:00,EYPT,8.430000305175781,8.430000305175781,8.430000305175781,8.40999984741211,8.430000305175781,1089.0
2024-07-03 10:31:00,FATE,3.3450000286102295,3.3450000286102295,3.3499999046325684,3.3450000286102295,3.3450000286102295,2070.0
2024-07-03 10:31:00,FBIO,1.75,1.75,1.75,1.75,1.75,457.0
2024-07-03 10:31:00,FDMT,21.280000686645508,21.280000686645508,21.280000686645508,21.280000686645508,21.280000686645508,209.0
2024-07-03 10:31:00,FLGT,20.200000762939453,20.200000762939453,20.200000762939453,20.200000762939453,20.200000762939453,1073.0
2024-07-03 10:31:00,FOLD,9.925000190734863,9.925000190734863,9.925000190734863,9.913999557495117,9.913999557495117,1856.0
2024-07-03 10:31:00,GALT,2.190000057220459,2.190000057220459,2.190000057220459,2.190000057220459,2.190000057220459,595.0
2024-07-03 10:31:00,GBIO,2.3499999046325684,2.3499999046325684,2.3499999046325684,2.3499999046325684,2.3499999046325684,0.0
2024-07-03 10:31:00,GDRX,7.843999862670898,7.843999862670898,7.864999771118164,7.843999862670898,7.864999771118164,1251.0
2024-07-03 10:31:00,GERN,4.394999980926514,4.394999980926514,4.40500020980835,4.394999980926514,4.40500020980835,19130.0
2024-07-03 10:31:00,GH,28.670000076293945,28.670000076293945,28.700000762939453,28.670000076293945,28.690000534057617,5050.0
2024-07-03 10:31:00,GHRS,11.550000190734863,11.550000190734863,11.550000190734863,11.550000190734863,11.550000190734863,879.0
2024-07-03 10:31:00,GILD,67.13999938964844,67.13999938964844,67.15979766845703,67.06999969482422,67.11000061035156,9224.0
2024-07-03 10:31:00,GLTO,0.47999998927116394,0.47999998927116394,0.47999998927116394,0.4799000024795532,0.4799000024795532,2241.0
2024-07-03 10:31:00,GLUE,3.740000009536743,3.740000009536743,3.75,3.740000009536743,3.75,479.0
2024-07-03 10:31:00,GLYC,0.2711000144481659,0.2711000144481659,0.2711000144481659,0.27000001072883606,0.2709999978542328,1396.0
2024-07-03 10:31:00,GMAB,25.170000076293945,25.170000076293945,25.170000076293945,25.160999298095703,25.160999298095703,1088.0
2024-07-03 10:31:00,GOSS,0.9247999787330627,0.9247999787330627,0.9247999787330627,0.9210000038146973,0.9210000038146973,919.0
2024-07-03 10:31:00,GOVX,3.0299999713897705,3.0299999713897705,3.0299999713897705,3.0299999713897705,3.0299999713897705,643.0
2024-07-03 10:31:00,GRFS,6.675000190734863,6.675000190734863,6.675000190734863,6.675000190734863,6.675000190734863,1000.0
2024-07-03 10:31:00,GRTS,0.5681999921798706,0.5681999921798706,0.5681999921798706,0.5681999921798706,0.5681999921798706,1431.0
2024-07-03 10:31:00,GTHX,2.5250000953674316,2.5250000953674316,2.5250000953674316,2.509999990463257,2.509999990463257,2188.0
2024-07-03 10:31:00,HALO,51.47999954223633,51.47999954223633,51.47999954223633,51.345001220703125,51.38999938964844,4390.0
2024-07-03 10:31:00,HCAT,6.199999809265137,6.199999809265137,6.199999809265137,6.190999984741211,6.195000171661377,1715.0
2024-07-03 10:31:00,HCSG,10.770000457763672,10.770000457763672,10.770000457763672,10.770000457763672,10.770000457763672,514.0
2024-07-03 10:31:00,HLVX,14.270000457763672,14.270000457763672,14.270000457763672,14.220000267028809,14.220000267028809,450.0
2024-07-03 10:31:00,HOLX,73.35250091552734,73.35250091552734,73.38999938964844,73.3499984741211,73.37999725341797,9417.0
2024-07-03 10:31:00,HOWL,2.220099925994873,2.220099925994873,2.220099925994873,2.220099925994873,2.220099925994873,336.0
2024-07-03 10:31:00,HQY,83.4800033569336,83.4800033569336,83.5282974243164,83.4800033569336,83.5282974243164,1008.0
2024-07-03 10:31:00,HRMY,30.309999465942383,30.309999465942383,30.309999465942383,30.309999465942383,30.309999465942383,270.0
2024-07-03 10:31:00,HROW,21.905000686645508,21.905000686645508,21.947900772094727,21.899999618530273,21.940000534057617,1877.0
2024-07-03 10:31:00,HRTX,2.79010009765625,2.79010009765625,2.7950000762939453,2.79010009765625,2.7950000762939453,1956.0
2024-07-03 10:31:00,HSIC,65.43000030517578,65.43000030517578,65.45999908447266,65.37999725341797,65.37999725341797,2617.0
2024-07-03 10:31:00,HSTM,27.673999786376953,27.673999786376953,27.673999786376953,27.673999786376953,27.673999786376953,416.0
2024-07-03 10:31:00,HUMA,5.75,5.75,5.75,5.739999771118164,5.739999771118164,5064.0
2024-07-03 10:31:00,IART,29.219999313354492,29.219999313354492,29.219999313354492,29.208999633789062,29.208999633789062,1057.0
2024-07-03 10:31:00,IBRX,6.300000190734863,6.300000190734863,6.300000190734863,6.295000076293945,6.295000076293945,1923.0
2024-07-03 10:31:00,ICLR,319.65289306640625,319.65289306640625,319.9150085449219,319.65289306640625,319.9150085449219,535.0
2024-07-03 10:31:00,IDXX,475.5299987792969,475.5299987792969,475.5799865722656,475.2300109863281,475.4200134277344,2819.0
2024-07-03 10:31:00,IDYA,33.654998779296875,33.654998779296875,33.70000076293945,33.654998779296875,33.70000076293945,941.0
2024-07-03 10:31:00,IGMS,6.639999866485596,6.639999866485596,6.639999866485596,6.639999866485596,6.639999866485596,416.0
2024-07-03 10:31:00,IINN,1.4098999500274658,1.4098999500274658,1.4098999500274658,1.4098999500274658,1.4098999500274658,2549.0
2024-07-03 10:31:00,IKNA,1.649999976158142,1.649999976158142,1.649999976158142,1.649999976158142,1.649999976158142,152.0
2024-07-03 10:31:00,ILMN,105.93499755859375,105.93499755859375,106.02999877929688,105.83999633789062,106.02999877929688,2567.0
2024-07-03 10:31:00,IMCC,0.45100000500679016,0.45100000500679016,0.45100000500679016,0.45100000500679016,0.45100000500679016,140.0
2024-07-03 10:31:00,IMCR,36.099998474121094,36.099998474121094,36.099998474121094,36.029998779296875,36.029998779296875,770.0
2024-07-03 10:31:00,IMMP,1.9500000476837158,1.9500000476837158,1.9500000476837158,1.9500000476837158,1.9500000476837158,672.0
2024-07-03 10:31:00,IMMX,2.25,2.25,2.25,2.2049999237060547,2.2049999237060547,1078.0
2024-07-03 10:31:00,IMNM,12.111000061035156,12.111000061035156,12.111000061035156,12.100000381469727,12.100000381469727,1484.0
2024-07-03 10:31:00,IMRX,1.159999966621399,1.159999966621399,1.159999966621399,1.159999966621399,1.159999966621399,703.0
2024-07-03 10:31:00,IMTX,12.034000396728516,12.034000396728516,12.034000396728516,12.034000396728516,12.034000396728516,600.0
2024-07-03 10:31:00,IMUX,1.149999976158142,1.149999976158142,1.149999976158142,1.125,1.125,0.0
2024-07-03 10:31:00,IMVT,26.825000762939453,26.825000762939453,26.825000762939453,26.790000915527344,26.790000915527344,1457.0
2024-07-03 10:31:00,INCY,58.20000076293945,58.20000076293945,58.209999084472656,58.15999984741211,58.15999984741211,2103.0
2024-07-03 10:31:00,INGN,7.889999866485596,7.889999866485596,7.889999866485596,7.889999866485596,7.889999866485596,98.0
2024-07-03 10:31:00,INM,0.25049999356269836,0.25049999356269836,0.25049999356269836,0.25049999356269836,0.25049999356269836,7832.0
2024-07-03 10:31:00,INMD,17.790000915527344,17.790000915527344,17.790000915527344,17.780000686645508,17.780000686645508,1687.0
2024-07-03 10:31:00,INO,8.5,8.5,8.519000053405762,8.5,8.519000053405762,701.0
2024-07-03 10:31:00,INSM,63.88999938964844,63.88999938964844,63.92499923706055,63.84000015258789,63.92499923706055,7310.0
2024-07-03 10:31:00,INZY,4.539999961853027,4.539999961853027,4.539999961853027,4.539999961853027,4.539999961853027,684.0
2024-07-03 10:31:00,IONS,44.93000030517578,44.93000030517578,44.93000030517578,44.93000030517578,44.93000030517578,736.0
2024-07-03 10:31:00,IOVA,7.78000020980835,7.78000020980835,7.784999847412109,7.775000095367432,7.784999847412109,7623.0
2024-07-03 10:31:00,IRTC,95.08999633789062,95.08999633789062,95.08999633789062,94.44000244140625,94.58000183105469,1971.0
2024-07-03 10:31:00,IRWD,6.190000057220459,6.190000057220459,6.204999923706055,6.190000057220459,6.204999923706055,2399.0
2024-07-03 10:31:00,ISPC,0.2930999994277954,0.2930999994277954,0.2930999994277954,0.2930000126361847,0.2930000126361847,14704.0
2024-07-03 10:31:00,ISRG,435.7875061035156,435.7875061035156,435.9599914550781,435.19000244140625,435.9599914550781,3103.0
2024-07-03 10:31:00,ITCI,68.0999984741211,68.0999984741211,68.0999984741211,68.05500030517578,68.05500030517578,1626.0
2024-07-03 10:31:00,ITOS,14.854000091552734,14.854000091552734,14.854000091552734,14.854000091552734,14.854000091552734,1003.0
2024-07-03 10:31:00,IVVD,1.1339999437332153,1.1339999437332153,1.1339999437332153,1.1339999437332153,1.1339999437332153,1604.0
2024-07-03 10:31:00,JAGX,3.5299999713897705,3.5299999713897705,3.5299999713897705,3.5299999713897705,3.5299999713897705,253.0
2024-07-03 10:31:00,JANX,38.810001373291016,38.810001373291016,38.810001373291016,38.810001373291016,38.810001373291016,164.0
2024-07-03 10:31:00,KALV,11.729999542236328,11.729999542236328,11.737000465393066,11.729999542236328,11.737000465393066,685.0
2024-07-03 10:31:00,KMDA,5.190000057220459,5.190000057220459,5.190000057220459,5.190000057220459,5.190000057220459,192.0
2024-07-03 10:31:00,KNSA,18.950000762939453,18.950000762939453,18.950000762939453,18.93000030517578,18.93000030517578,1473.0
2024-07-03 10:31:00,KOD,2.25,2.25,2.25,2.25,2.25,1306.0
2024-07-03 10:31:00,KPRX,4.289999961853027,4.289999961853027,4.289999961853027,4.289999961853027,4.289999961853027,575.0
2024-07-03 10:31:00,KPTI,0.8411999940872192,0.8411999940872192,0.8411999940872192,0.8411999940872192,0.8411999940872192,489.0
2024-07-03 10:31:00,KRMD,2.2899999618530273,2.2899999618530273,2.2899999618530273,2.2899999618530273,2.2899999618530273,192.0
2024-07-03 10:31:00,KROS,42.7599983215332,42.7599983215332,42.7599983215332,42.7599983215332,42.7599983215332,328.0
2024-07-03 10:31:00,KTRA,0.2840000092983246,0.2840000092983246,0.2840000092983246,0.2840000092983246,0.2840000092983246,472.0
2024-07-03 10:31:00,KYMR,31.010000228881836,31.010000228881836,31.040000915527344,31.0,31.030000686645508,942.0
2024-07-03 10:31:00,LAB,1.809999942779541,1.809999942779541,1.809999942779541,1.8049999475479126,1.8049999475479126,3390.0
2024-07-03 10:31:00,LBPH,32.20000076293945,32.20000076293945,32.20000076293945,32.20000076293945,32.20000076293945,489.0
2024-07-03 10:31:00,LEGN,45.22999954223633,45.22999954223633,45.22999954223633,45.22999954223633,45.22999954223633,865.0
2024-07-03 10:31:00,LFMD,6.71999979019165,6.71999979019165,6.71999979019165,6.71999979019165,6.71999979019165,577.0
2024-07-03 10:31:00,LGND,83.88500213623047,83.88500213623047,83.88500213623047,83.88500213623047,83.88500213623047,704.0
2024-07-03 10:31:00,LGVN,1.649999976158142,1.649999976158142,1.649999976158142,1.6399999856948853,1.6399999856948853,7237.0
2024-07-03 10:31:00,LNTH,78.70999908447266,78.70999908447266,78.77999877929688,78.70999908447266,78.77999877929688,1596.0
2024-07-03 10:31:00,LQDA,12.064000129699707,12.064000129699707,12.064000129699707,12.064000129699707,12.064000129699707,351.0
2024-07-03 10:31:00,LRMR,7.775000095367432,7.775000095367432,7.78000020980835,7.769999980926514,7.78000020980835,531.0
2024-07-03 10:31:00,LVTX,1.8799999952316284,1.8799999952316284,1.8799999952316284,1.8799999952316284,1.8799999952316284,0.0
2024-07-03 10:31:00,LXRX,1.625,1.625,1.6299999952316284,1.625,1.6299999952316284,18101.0
2024-07-03 10:31:00,LYEL,1.4450000524520874,1.4450000524520874,1.4450000524520874,1.440500020980835,1.4450000524520874,3672.0
2024-07-03 10:31:00,LYRA,0.2874000072479248,0.2874000072479248,0.2874000072479248,0.2874000072479248,0.2874000072479248,200.0
2024-07-03 10:31:00,MASI,114.24800109863281,114.24800109863281,114.24800109863281,114.24800109863281,114.24800109863281,509.0
2024-07-03 10:31:00,MASS,4.820000171661377,4.820000171661377,4.820000171661377,4.817999839782715,4.817999839782715,2704.0
2024-07-03 10:31:00,MBIO,0.5199999809265137,0.5199999809265137,0.5224999785423279,0.5199999809265137,0.5210999846458435,4044.0
2024-07-03 10:31:00,MBOT,1.100000023841858,1.100000023841858,1.100000023841858,1.100000023841858,1.100000023841858,201.0
2024-07-03 10:31:00,MCRB,0.7080000042915344,0.7080000042915344,0.7080000042915344,0.7052000164985657,0.7052000164985657,9067.0
2024-07-03 10:31:00,MDXG,6.789999961853027,6.789999961853027,6.795000076293945,6.785999774932861,6.795000076293945,1726.0
2024-07-03 10:31:00,ME,0.4034999907016754,0.4034999907016754,0.4034999907016754,0.4032999873161316,0.4032999873161316,10636.0
2024-07-03 10:31:00,MGNX,4.324999809265137,4.324999809265137,4.324999809265137,4.320000171661377,4.320000171661377,2971.0
2024-07-03 10:31:00,MIRM,33.87179946899414,33.87179946899414,33.95000076293945,33.87179946899414,33.95000076293945,1901.0
2024-07-03 10:31:00,MNKD,5.136000156402588,5.136000156402588,5.136000156402588,5.136000156402588,5.136000156402588,255.0
2024-07-03 10:31:00,MNMD,7.21999979019165,7.21999979019165,7.21999979019165,7.199999809265137,7.21999979019165,14202.0
2024-07-03 10:31:00,MODV,27.69499969482422,27.69499969482422,27.69499969482422,27.69499969482422,27.69499969482422,218.0
2024-07-03 10:31:00,MORF,32.08000183105469,32.08000183105469,32.13999938964844,32.08000183105469,32.130001068115234,897.0
2024-07-03 10:31:00,MREO,3.500999927520752,3.500999927520752,3.500999927520752,3.500999927520752,3.500999927520752,562.0
2024-07-03 10:31:00,MRNA,117.5531005859375,117.5531005859375,117.75,117.26000213623047,117.54869842529297,15455.0
2024-07-03 10:31:00,MRNS,1.2359999418258667,1.2359999418258667,1.2400000095367432,1.2359999418258667,1.2400000095367432,1448.0
2024-07-03 10:31:00,MRSN,1.926200032234192,1.926200032234192,1.9299999475479126,1.926200032234192,1.9299999475479126,1147.0
2024-07-03 10:31:00,MRUS,52.77000045776367,52.77000045776367,52.810001373291016,52.77000045776367,52.810001373291016,1448.0
2024-07-03 10:31:00,MRVI,6.824999809265137,6.824999809265137,6.840000152587891,6.824999809265137,6.835000038146973,12242.0
2024-07-03 10:31:00,MXCT,3.744999885559082,3.744999885559082,3.744999885559082,3.740000009536743,3.744999885559082,2315.0
2024-07-03 10:31:00,MYGN,25.479999542236328,25.479999542236328,25.5,25.479999542236328,25.5,1078.0
2024-07-03 10:31:00,NARI,49.72999954223633,49.72999954223633,49.72999954223633,49.72999954223633,49.72999954223633,234.0
2024-07-03 10:31:00,NBIX,138.23399353027344,138.23399353027344,138.23399353027344,138.01870727539062,138.01870727539062,818.0
2024-07-03 10:31:00,NDRA,0.08399999886751175,0.08399999886751175,0.08410000056028366,0.08299999684095383,0.08410000056028366,76771.0
2024-07-03 10:31:00,NEO,13.699000358581543,13.699000358581543,13.699000358581543,13.699000358581543,13.699000358581543,407.0
2024-07-03 10:31:00,NEOG,15.239999771118164,15.239999771118164,15.239999771118164,15.236000061035156,15.236000061035156,1093.0
2024-07-03 10:31:00,NKTR,1.2549999952316284,1.2549999952316284,1.2549999952316284,1.2549999952316284,1.2549999952316284,295.0
2024-07-03 10:31:00,NNOX,7.159999847412109,7.159999847412109,7.199999809265137,7.150000095367432,7.190000057220459,6007.0
2024-07-03 10:31:00,NPCE,7.289999961853027,7.289999961853027,7.289999961853027,7.239999771118164,7.239999771118164,0.0
2024-07-03 10:31:00,NRIX,19.899999618530273,19.899999618530273,19.899999618530273,19.899999618530273,19.899999618530273,354.0
2024-07-03 10:31:00,NRSN,1.3300000429153442,1.3300000429153442,1.340000033378601,1.3300000429153442,1.340000033378601,1144.0
2024-07-03 10:31:00,NTLA,22.90999984741211,22.90999984741211,22.979999542236328,22.8799991607666,22.90999984741211,7065.0
2024-07-03 10:31:00,NTRA,112.41000366210938,112.41000366210938,112.41000366210938,112.30999755859375,112.41000366210938,1136.0
2024-07-03 10:31:00,NUVL,72.02999877929688,72.02999877929688,72.02999877929688,71.91000366210938,71.91000366210938,774.0
2024-07-03 10:31:00,NVAX,12.979999542236328,12.979999542236328,13.010000228881836,12.960000038146973,13.005000114440918,45417.0
2024-07-03 10:31:00,NVCR,16.93600082397461,16.93600082397461,16.940000534057617,16.93600082397461,16.940000534057617,1336.0
2024-07-03 10:31:00,NXL,1.409999966621399,1.409999966621399,1.409999966621399,1.3899999856948853,1.3899999856948853,2683.0
2024-07-03 10:31:00,OCGN,1.684999942779541,1.684999942779541,1.684999942779541,1.6800999641418457,1.684999942779541,10623.0
2024-07-03 10:31:00,OCUL,6.840000152587891,6.840000152587891,6.840000152587891,6.829999923706055,6.829999923706055,906.0
2024-07-03 10:31:00,OGI,1.5986000299453735,1.5986000299453735,1.5999000072479248,1.5901000499725342,1.5957000255584717,15783.0
2024-07-03 10:31:00,OLK,25.752500534057617,25.752500534057617,25.7549991607666,25.752500534057617,25.7549991607666,662.0
2024-07-03 10:31:00,OLMA,10.800000190734863,10.800000190734863,10.800000190734863,10.77400016784668,10.800000190734863,840.0
2024-07-03 10:31:00,OM,3.744999885559082,3.744999885559082,3.744999885559082,3.744999885559082,3.744999885559082,418.0
2024-07-03 10:31:00,OMER,3.953000068664551,3.953000068664551,3.953000068664551,3.953000068664551,3.953000068664551,713.0
2024-07-03 10:31:00,OMGA,2.0460000038146973,2.0460000038146973,2.0553998947143555,2.0399999618530273,2.0553998947143555,5534.0
2024-07-03 10:31:00,ONVO,0.7616000175476074,0.7616000175476074,0.7696999907493591,0.7559999823570251,0.7696999907493591,2069.0
2024-07-03 10:32:00,ABCL,2.755000114440918,2.755000114440918,2.759999990463257,2.75,2.755000114440918,11208.0
2024-07-03 10:32:00,ABEO,4.329999923706055,4.329999923706055,4.329999923706055,4.329999923706055,4.329999923706055,310.0
2024-07-03 10:32:00,ABIO,3.5999999046325684,3.5999999046325684,3.6549999713897705,3.5999999046325684,3.6549999713897705,1977.0
2024-07-03 10:32:00,ABSI,3.194999933242798,3.194999933242798,3.200000047683716,3.194999933242798,3.200000047683716,4227.0
2024-07-03 10:32:00,ABUS,3.174999952316284,3.174999952316284,3.174999952316284,3.174999952316284,3.174999952316284,200.0
2024-07-03 10:32:00,ACAD,15.770000457763672,15.770000457763672,15.770000457763672,15.770000457763672,15.770000457763672,311.0
2024-07-03 10:32:00,ACB,4.940000057220459,4.940000057220459,4.945000171661377,4.940000057220459,4.945000171661377,13710.0
2024-07-03 10:32:00,ACCD,3.565000057220459,3.565000057220459,3.56850004196167,3.559999942779541,3.565000057220459,4580.0
2024-07-03 10:32:00,ACET,1.065000057220459,1.065000057220459,1.065000057220459,1.065000057220459,1.065000057220459,2444.0
2024-07-03 10:32:00,ACHC,65.95999908447266,65.95999908447266,66.0,65.94999694824219,66.0,1434.0
2024-07-03 10:32:00,ACLX,54.68000030517578,54.68000030517578,54.68000030517578,54.68000030517578,54.68000030517578,139.0
2024-07-03 10:32:00,ACRS,1.1699999570846558,1.1699999570846558,1.1699999570846558,1.159999966621399,1.1649999618530273,20126.0
2024-07-03 10:32:00,ADAP,1.0399999618530273,1.0399999618530273,1.0449999570846558,1.0399999618530273,1.0399999618530273,801.0
2024-07-03 10:32:00,ADMA,11.395000457763672,11.395000457763672,11.420000076293945,11.395000457763672,11.420000076293945,8321.0
2024-07-03 10:32:00,ADPT,3.384999990463257,3.384999990463257,3.384999990463257,3.384999990463257,3.384999990463257,821.0
2024-07-03 10:32:00,ADUS,117.0999984741211,117.0999984741211,117.24500274658203,117.0999984741211,117.24500274658203,2636.0
2024-07-03 10:32:00,AKBA,0.9465000033378601,0.9465000033378601,0.9527999758720398,0.9465000033378601,0.9527999758720398,5306.0
2024-07-03 10:32:00,AKRO,22.209999084472656,22.209999084472656,22.209999084472656,22.209999084472656,22.209999084472656,423.0
2024-07-03 10:32:00,AKYA,2.194000005722046,2.194000005722046,2.194000005722046,2.194000005722046,2.194000005722046,644.0
2024-07-03 10:32:00,ALDX,3.2750000953674316,3.2750000953674316,3.2750000953674316,3.2750000953674316,3.2750000953674316,0.0
2024-07-03 10:32:00,ALEC,4.5,4.5,4.510000228881836,4.5,4.510000228881836,927.0
2024-07-03 10:32:00,ALGN,238.47000122070312,238.47000122070312,238.47000122070312,238.47000122070312,238.47000122070312,571.0
2024-07-03 10:32:00,ALHC,7.989999771118164,7.989999771118164,7.989999771118164,7.985000133514404,7.985000133514404,482.0
2024-07-03 10:32:00,ALLK,0.8619999885559082,0.8619999885559082,0.8658000230789185,0.8619999885559082,0.8626999855041504,2209.0
2024-07-03 10:32:00,ALLO,2.134999990463257,2.134999990463257,2.1449999809265137,2.134999990463257,2.1449999809265137,19411.0
2024-07-03 10:32:00,ALLR,0.20499999821186066,0.20499999821186066,0.2061000019311905,0.20499999821186066,0.2061000019311905,19776.0
2024-07-03 10:32:00,ALNY,247.5500030517578,247.5500030517578,247.5500030517578,247.5449981689453,247.5449981689453,3037.0
2024-07-03 10:32:00,ALT,6.864999771118164,6.864999771118164,6.864999771118164,6.860000133514404,6.860000133514404,2443.0
2024-07-03 10:32:00,ALXO,5.980000019073486,5.980000019073486,5.980000019073486,5.980000019073486,5.980000019073486,4312.0
2024-07-03 10:32:00,AMED,96.7300033569336,96.7300033569336,96.80999755859375,96.66000366210938,96.70999908447266,8945.0
2024-07-03 10:32:00,AMGN,311.1650085449219,311.1650085449219,311.1650085449219,311.1650085449219,311.1650085449219,354.0
2024-07-03 10:32:00,AMLX,1.7699999809265137,1.7699999809265137,1.7899999618530273,1.7699999809265137,1.784999966621399,8972.0
2024-07-03 10:32:00,AMPH,38.1150016784668,38.1150016784668,38.154998779296875,38.1150016784668,38.154998779296875,253.0
2024-07-03 10:32:00,ANAB,25.315000534057617,25.315000534057617,25.360000610351562,25.30900001525879,25.360000610351562,1814.0
2024-07-03 10:32:00,ANGO,5.699999809265137,5.699999809265137,5.699999809265137,5.699999809265137,5.699999809265137,1608.0
2024-07-03 10:32:00,ANNX,4.850100040435791,4.850100040435791,4.889999866485596,4.850100040435791,4.885000228881836,8811.0
2024-07-03 10:32:00,APDN,0.4399999976158142,0.4399999976158142,0.4399999976158142,0.4399999976158142,0.4399999976158142,802.0
2024-07-03 10:32:00,APLS,35.599998474121094,35.599998474121094,35.68159866333008,35.599998474121094,35.650001525878906,2093.0
2024-07-03 10:32:00,APLT,4.449999809265137,4.449999809265137,4.449999809265137,4.449999809265137,4.449999809265137,1323.0
2024-07-03 10:32:00,AQST,2.4307000637054443,2.4307000637054443,2.4307000637054443,2.4307000637054443,2.4307000637054443,536.0
2024-07-03 10:32:00,ARAY,1.7699999809265137,1.7699999809265137,1.7699999809265137,1.7699999809265137,1.7699999809265137,3426.0
2024-07-03 10:32:00,ARCT,21.56999969482422,21.56999969482422,21.56999969482422,21.56999969482422,21.56999969482422,526.0
2024-07-03 10:32:00,ARDX,5.295000076293945,5.295000076293945,5.300000190734863,5.280099868774414,5.295000076293945,23113.0
2024-07-03 10:32:00,ARGX,435.8599853515625,435.8599853515625,435.8599853515625,435.8599853515625,435.8599853515625,489.0
2024-07-03 10:32:00,ARQT,9.680000305175781,9.680000305175781,9.699999809265137,9.680000305175781,9.6899995803833,2399.0
2024-07-03 10:32:00,ARVN,24.850000381469727,24.850000381469727,24.850000381469727,24.850000381469727,24.850000381469727,242.0
2024-07-03 10:32:00,ASLN,2.450000047683716,2.450000047683716,2.450000047683716,2.440000057220459,2.440000057220459,1212.0
2024-07-03 10:32:00,ASRT,1.2900999784469604,1.2900999784469604,1.2910000085830688,1.2899999618530273,1.2910000085830688,11824.0
2024-07-03 10:32:00,ATAI,1.2999999523162842,1.2999999523162842,1.3049999475479126,1.2999999523162842,1.3049999475479126,1627.0
2024-07-03 10:32:00,ATOS,1.1649999618530273,1.1649999618530273,1.1649999618530273,1.1640000343322754,1.1640000343322754,1019.0
2024-07-03 10:32:00,ATRC,22.395000457763672,22.395000457763672,22.395000457763672,22.395000457763672,22.395000457763672,200.0
2024-07-03 10:32:00,ATXI,3.4600000381469727,3.4600000381469727,3.4600000381469727,3.4600000381469727,3.4600000381469727,680.0
2024-07-03 10:32:00,ATXS,9.140000343322754,9.140000343322754,9.140000343322754,9.140000343322754,9.140000343322754,625.0
2024-07-03 10:32:00,AUGX,1.0,1.0,1.0,1.0,1.0,120.0
2024-07-03 10:32:00,AUPH,5.505000114440918,5.505000114440918,5.505000114440918,5.505000114440918,5.505000114440918,548.0
2024-07-03 10:32:00,AURA,7.139999866485596,7.139999866485596,7.139999866485596,7.139999866485596,7.139999866485596,378.0
2024-07-03 10:32:00,AUTL,3.4800000190734863,3.4800000190734863,3.4800000190734863,3.4749999046325684,3.4749999046325684,938.0
2024-07-03 10:32:00,AVDL,14.359999656677246,14.359999656677246,14.359999656677246,14.359999656677246,14.359999656677246,968.0
2024-07-03 10:32:00,AVIR,3.3399999141693115,3.3399999141693115,3.3499999046325684,3.315000057220459,3.315000057220459,19918.0
2024-07-03 10:32:00,AVTE,1.649999976158142,1.649999976158142,1.649999976158142,1.649999976158142,1.649999976158142,1425.0
2024-07-03 10:32:00,AVXL,4.255000114440918,4.255000114440918,4.255000114440918,4.255000114440918,4.255000114440918,200.0
2024-07-03 10:32:00,AZN,76.91500091552734,76.91500091552734,76.91889953613281,76.90499877929688,76.90499877929688,4638.0
2024-07-03 10:32:00,AZTA,52.90999984741211,52.90999984741211,52.90999984741211,52.90999984741211,52.90999984741211,556.0
2024-07-03 10:32:00,BACK,1.757200002670288,1.757200002670288,1.7799999713897705,1.7330000400543213,1.7799999713897705,2416.0
2024-07-03 10:32:00,BBIO,25.308500289916992,25.308500289916992,25.329999923706055,25.308500289916992,25.31999969482422,7630.0
2024-07-03 10:32:00,BCRX,6.700699806213379,6.700699806213379,6.710000038146973,6.699999809265137,6.699999809265137,6609.0
2024-07-03 10:32:00,BDTX,4.21999979019165,4.21999979019165,4.21999979019165,4.210000038146973,4.210000038146973,3286.0
2024-07-03 10:32:00,BEAM,23.760000228881836,23.760000228881836,23.760000228881836,23.739999771118164,23.760000228881836,1305.0
2024-07-03 10:32:00,BEAT,2.797300100326538,2.797300100326538,2.797300100326538,2.797300100326538,2.797300100326538,501.0
2024-07-03 10:32:00,BIIB,225.5800018310547,225.5800018310547,225.5800018310547,225.5749969482422,225.5749969482422,868.0
2024-07-03 10:32:00,BLFS,20.229999542236328,20.229999542236328,20.229999542236328,20.229999542236328,20.229999542236328,1177.0
2024-07-03 10:32:00,BLUE,0.953499972820282,0.953499972820282,0.953499972820282,0.9501000046730042,0.9501000046730042,8943.0
2024-07-03 10:32:00,BMEA,4.480000019073486,4.480000019073486,4.480000019073486,4.480000019073486,4.480000019073486,1059.0
2024-07-03 10:32:00,BMRA,0.45019999146461487,0.45019999146461487,0.4503999948501587,0.45010000467300415,0.4503999948501587,2010.0
2024-07-03 10:32:00,BMRN,81.44999694824219,81.44999694824219,81.44999694824219,81.44999694824219,81.44999694824219,264.0
2024-07-03 10:32:00,BNGO,0.5584999918937683,0.5584999918937683,0.5584999918937683,0.5526999831199646,0.5527999997138977,38282.0
2024-07-03 10:32:00,BNTX,80.95999908447266,80.95999908447266,80.95999908447266,80.95999908447266,80.95999908447266,1422.0
2024-07-03 10:32:00,BPMC,111.06500244140625,111.06500244140625,111.06500244140625,111.05999755859375,111.05999755859375,1071.0
2024-07-03 10:32:00,BRKR,61.970001220703125,61.970001220703125,62.040000915527344,61.970001220703125,62.040000915527344,2462.0
2024-07-03 10:32:00,BTAI,1.100000023841858,1.100000023841858,1.100000023841858,1.100000023841858,1.100000023841858,110.0
2024-07-03 10:32:00,BTMD,7.40500020980835,7.40500020980835,7.40500020980835,7.40500020980835,7.40500020980835,146.0
2024-07-03 10:32:00,CABA,7.748000144958496,7.748000144958496,7.748000144958496,7.739999771118164,7.739999771118164,305.0
2024-07-03 10:32:00,CADL,6.329999923706055,6.329999923706055,6.329999923706055,6.329999923706055,6.329999923706055,234.0
2024-07-03 10:32:00,CASI,5.238699913024902,5.238699913024902,5.238699913024902,5.238699913024902,5.238699913024902,5149.0
2024-07-03 10:32:00,CCCC,4.789999961853027,4.789999961853027,4.789999961853027,4.760000228881836,4.760000228881836,1664.0
2024-07-03 10:32:00,CCRN,13.704299926757812,13.704299926757812,13.704299926757812,13.704299926757812,13.704299926757812,460.0
2024-07-03 10:32:00,CDMO,7.619999885559082,7.619999885559082,7.630000114440918,7.599999904632568,7.610000133514404,3065.0
2024-07-03 10:32:00,CDNA,15.300000190734863,15.300000190734863,15.3100004196167,15.300000190734863,15.3100004196167,824.0
2024-07-03 10:32:00,CELC,16.440000534057617,16.440000534057617,16.440000534057617,16.440000534057617,16.440000534057617,247.0
2024-07-03 10:32:00,CERE,41.380001068115234,41.380001068115234,41.380001068115234,41.380001068115234,41.380001068115234,370.0
2024-07-03 10:32:00,CERS,1.7400000095367432,1.7400000095367432,1.7450000047683716,1.7400000095367432,1.7450000047683716,8010.0
2024-07-03 10:32:00,CGC,6.81879997253418,6.81879997253418,6.819699764251709,6.8094000816345215,6.809999942779541,3991.0
2024-07-03 10:32:00,CGEM,16.950000762939453,16.950000762939453,16.989999771118164,16.860000610351562,16.860000610351562,2466.0
2024-07-03 10:32:00,CGEN,1.6799999475479126,1.6799999475479126,1.6799999475479126,1.6799999475479126,1.6799999475479126,175.0
2024-07-03 10:32:00,CKPT,2.319999933242798,2.319999933242798,2.319999933242798,2.3122000694274902,2.3122000694274902,1323.0
2024-07-03 10:32:00,CLDX,37.04600143432617,37.04600143432617,37.04600143432617,37.04600143432617,37.04600143432617,694.0
2024-07-03 10:32:00,CLOV,1.2599999904632568,1.2599999904632568,1.2698999643325806,1.2599999904632568,1.2698999643325806,1896.0
2024-07-03 10:32:00,CLRB,2.450000047683716,2.450000047683716,2.450000047683716,2.450000047683716,2.450000047683716,0.0
2024-07-03 10:32:00,CMPS,6.195000171661377,6.195000171661377,6.215000152587891,6.195000171661377,6.199999809265137,1376.0
2024-07-03 10:32:00,CMPX,0.8499000072479248,0.8499000072479248,0.8500000238418579,0.8499000072479248,0.8500000238418579,0.0
2024-07-03 10:32:00,CMRX,0.8629999756813049,0.8629999756813049,0.8629999756813049,0.8629999756813049,0.8629999756813049,200.0
2024-07-03 10:32:00,CNSP,2.1489999294281006,2.1489999294281006,2.1600000858306885,2.109999895095825,2.1298999786376953,45080.0
2024-07-03 10:32:00,CNTX,1.819700002670288,1.819700002670288,1.819700002670288,1.819700002670288,1.819700002670288,1067.0
2024-07-03 10:32:00,COGT,8.335000038146973,8.335000038146973,8.364999771118164,8.335000038146973,8.364999771118164,3394.0
2024-07-03 10:32:00,CORT,31.100000381469727,31.100000381469727,31.100000381469727,31.100000381469727,31.100000381469727,1668.0
2024-07-03 10:32:00,COSM,0.9401999711990356,0.9401999711990356,0.9498999714851379,0.9401999711990356,0.9498999714851379,7540.0
2024-07-03 10:32:00,CPRX,15.739999771118164,15.739999771118164,15.739999771118164,15.739999771118164,15.739999771118164,873.0
2024-07-03 10:32:00,CRBU,1.625,1.625,1.625,1.6200000047683716,1.6200000047683716,2104.0
2024-07-03 10:32:00,CRDF,2.25,2.25,2.25,2.240000009536743,2.240000009536743,8401.0
2024-07-03 10:32:00,CRMD,4.199999809265137,4.199999809265137,4.199999809265137,4.199999809265137,4.199999809265137,162.0
2024-07-03 10:32:00,CRNX,44.95000076293945,44.95000076293945,45.060001373291016,44.95000076293945,45.060001373291016,1698.0
2024-07-03 10:32:00,CRON,2.3531999588012695,2.3531999588012695,2.359999895095825,2.3531999588012695,2.359999895095825,4007.0
2024-07-03 10:32:00,CSTL,21.395000457763672,21.395000457763672,21.43000030517578,21.329999923706055,21.329999923706055,2373.0
2024-07-03 10:32:00,CTKB,5.769999980926514,5.769999980926514,5.769999980926514,5.769999980926514,5.769999980926514,338.0
2024-07-03 10:32:00,CTMX,1.3600000143051147,1.3600000143051147,1.3600000143051147,1.3600000143051147,1.3600000143051147,1200.0
2024-07-03 10:32:00,CVAC,3.450000047683716,3.450000047683716,3.4969000816345215,3.430000066757202,3.4969000816345215,38978.0
2024-07-03 10:32:00,DAWN,13.460000038146973,13.460000038146973,13.460000038146973,13.460000038146973,13.460000038146973,1193.0
2024-07-03 10:32:00,DCTH,7.940000057220459,7.940000057220459,7.940000057220459,7.940000057220459,7.940000057220459,150.0
2024-07-03 10:32:00,DNLI,22.010000228881836,22.010000228881836,22.010000228881836,22.010000228881836,22.010000228881836,693.0
2024-07-03 10:32:00,DVAX,11.125,11.125,11.135000228881836,11.125,11.135000228881836,2239.0
2024-07-03 10:32:00,DXCM,110.26000213623047,110.26000213623047,110.37999725341797,110.16999816894531,110.16999816894531,6349.0
2024-07-03 10:32:00,DYN,34.619998931884766,34.619998931884766,34.619998931884766,34.6150016784668,34.6150016784668,725.0
2024-07-03 10:32:00,EDIT,4.710000038146973,4.710000038146973,4.71999979019165,4.699999809265137,4.71999979019165,27870.0
2024-07-03 10:32:00,ELDN,2.5099000930786133,2.5099000930786133,2.5099000930786133,2.5099000930786133,2.5099000930786133,308.0
2024-07-03 10:32:00,ENLV,1.2898999452590942,1.2898999452590942,1.2899999618530273,1.2898999452590942,1.2898999452590942,1656.0
2024-07-03 10:32:00,ENSG,126.05999755859375,126.05999755859375,126.10590362548828,126.05999755859375,126.10590362548828,3571.0
2024-07-03 10:32:00,ENVB,0.5,0.5,0.5,0.5,0.5,15494.0
2024-07-03 10:32:00,ERAS,2.2699999809265137,2.2699999809265137,2.2699999809265137,2.265000104904175,2.265000104904175,991.0
2024-07-03 10:32:00,ESPR,2.3798999786376953,2.3798999786376953,2.380000114440918,2.374000072479248,2.380000114440918,7006.0
2024-07-03 10:32:00,ETNB,7.71999979019165,7.71999979019165,7.71999979019165,7.699999809265137,7.699999809265137,11940.0
2024-07-03 10:32:00,EWTX,18.15999984741211,18.15999984741211,18.15999984741211,18.15999984741211,18.15999984741211,617.0
2024-07-03 10:32:00,EXAI,5.369900226593018,5.369900226593018,5.369900226593018,5.360000133514404,5.360000133514404,854.0
2024-07-03 10:32:00,EXAS,43.20000076293945,43.20000076293945,43.27640151977539,43.20000076293945,43.27640151977539,1146.0
2024-07-03 10:32:00,EXEL,22.100000381469727,22.100000381469727,22.104999542236328,22.100000381469727,22.100000381469727,3288.0
2024-07-03 10:32:00,EYPT,8.40999984741211,8.40999984741211,8.420000076293945,8.40999984741211,8.420000076293945,1813.0
2024-07-03 10:32:00,FATE,3.3399999141693115,3.3399999141693115,3.3399999141693115,3.3399999141693115,3.3399999141693115,1892.0
2024-07-03 10:32:00,FDMT,21.280000686645508,21.280000686645508,21.280000686645508,21.280000686645508,21.280000686645508,373.0
2024-07-03 10:32:00,FENC,6.079999923706055,6.079999923706055,6.079999923706055,6.079999923706055,6.079999923706055,185.0
2024-07-03 10:32:00,FGEN,0.7332000136375427,0.7332000136375427,0.7332000136375427,0.7325999736785889,0.7325999736785889,4348.0
2024-07-03 10:32:00,FLGT,20.270000457763672,20.270000457763672,20.270000457763672,20.270000457763672,20.270000457763672,565.0
2024-07-03 10:32:00,FOLD,9.925000190734863,9.925000190734863,9.925000190734863,9.925000190734863,9.925000190734863,296.0
2024-07-03 10:32:00,FULC,6.179999828338623,6.179999828338623,6.179999828338623,6.179999828338623,6.179999828338623,1198.0
2024-07-03 10:32:00,GERN,4.400000095367432,4.400000095367432,4.400000095367432,4.400000095367432,4.400000095367432,397.0
2024-07-03 10:32:00,GH,28.690000534057617,28.690000534057617,28.690000534057617,28.6299991607666,28.630599975585938,6410.0
2024-07-03 10:32:00,GILD,67.12560272216797,67.12560272216797,67.1500015258789,67.11360168457031,67.14990234375,7254.0
2024-07-03 10:32:00,GLYC,0.27140000462532043,0.27140000462532043,0.2718999981880188,0.27090001106262207,0.2718999981880188,4014.0
2024-07-03 10:32:00,GMAB,25.18000030517578,25.18000030517578,25.190000534057617,25.18000030517578,25.18000030517578,1526.0
2024-07-03 10:32:00,GOSS,0.9200000166893005,0.9200000166893005,0.9212999939918518,0.9200000166893005,0.9212999939918518,3277.0
2024-07-03 10:32:00,GOVX,3.0199999809265137,3.0199999809265137,3.0199999809265137,3.000999927520752,3.009999990463257,3863.0
2024-07-03 10:32:00,GRFS,6.690000057220459,6.690000057220459,6.695000171661377,6.670000076293945,6.670000076293945,10092.0
2024-07-03 10:32:00,GRTS,0.5655999779701233,0.5655999779701233,0.5680999755859375,0.5655999779701233,0.5680000185966492,5709.0
2024-07-03 10:32:00,HALO,51.439998626708984,51.439998626708984,51.439998626708984,51.38999938964844,51.43000030517578,2253.0
2024-07-03 10:32:00,HCSG,10.779999732971191,10.779999732971191,10.779999732971191,10.755000114440918,10.760000228881836,2919.0
2024-07-03 10:32:00,HOLX,73.37000274658203,73.37000274658203,73.37000274658203,73.36499786376953,73.36499786376953,1160.0
2024-07-03 10:32:00,HOWL,2.2200000286102295,2.2200000286102295,2.259999990463257,2.2200000286102295,2.2200000286102295,470.0
2024-07-03 10:32:00,HQY,83.56500244140625,83.56500244140625,83.56500244140625,83.56500244140625,83.56500244140625,206.0
2024-07-03 10:32:00,HRMY,30.280000686645508,30.280000686645508,30.280000686645508,30.280000686645508,30.280000686645508,289.0
2024-07-03 10:32:00,HRTX,2.7899999618530273,2.7899999618530273,2.7899999618530273,2.7899999618530273,2.7899999618530273,1012.0
2024-07-03 10:32:00,HSIC,65.55999755859375,65.55999755859375,65.55999755859375,65.47000122070312,65.47000122070312,2138.0
2024-07-03 10:32:00,HUGE,0.148499995470047,0.148499995470047,0.148499995470047,0.14350000023841858,0.14350000023841858,5526.0
2024-07-03 10:32:00,HUMA,5.739999771118164,5.739999771118164,5.75,5.739999771118164,5.744999885559082,13053.0
2024-07-03 10:32:00,IART,29.22800064086914,29.22800064086914,29.22800064086914,29.209999084472656,29.219999313354492,4418.0
2024-07-03 10:32:00,IBRX,6.329999923706055,6.329999923706055,6.34499979019165,6.289999961853027,6.312699794769287,39926.0
2024-07-03 10:32:00,ICLR,319.9100036621094,319.9100036621094,319.9100036621094,319.9100036621094,319.9100036621094,506.0
2024-07-03 10:32:00,IDXX,475.5299987792969,475.5299987792969,475.5299987792969,475.5299987792969,475.5299987792969,604.0
2024-07-03 10:32:00,IDYA,33.6150016784668,33.6150016784668,33.630001068115234,33.560001373291016,33.630001068115234,893.0
2024-07-03 10:32:00,IGMS,6.599999904632568,6.599999904632568,6.599999904632568,6.599999904632568,6.599999904632568,404.0
2024-07-03 10:32:00,IKNA,1.649999976158142,1.649999976158142,1.649999976158142,1.649999976158142,1.649999976158142,168.0
2024-07-03 10:32:00,ILMN,105.70999908447266,105.70999908447266,105.83000183105469,105.70999908447266,105.83000183105469,2307.0
2024-07-03 10:32:00,IMCR,36.16999816894531,36.16999816894531,36.16999816894531,36.15999984741211,36.15999984741211,699.0
2024-07-03 10:32:00,IMMX,2.2149999141693115,2.2149999141693115,2.2149999141693115,2.2149999141693115,2.2149999141693115,502.0
2024-07-03 10:32:00,IMNM,12.0600004196167,12.0600004196167,12.09000015258789,12.0600004196167,12.09000015258789,2185.0
2024-07-03 10:32:00,IMRN,2.0,2.0,2.0,2.0,2.0,1552.0
2024-07-03 10:32:00,IMVT,26.84000015258789,26.84000015258789,26.850000381469727,26.829999923706055,26.850000381469727,1396.0
2024-07-03 10:32:00,INCY,58.14500045776367,58.14500045776367,58.20100021362305,58.13999938964844,58.20100021362305,3210.0
2024-07-03 10:32:00,INMB,7.914999961853027,7.914999961853027,7.914999961853027,7.914999961853027,7.914999961853027,120.0
2024-07-03 10:32:00,INMD,17.780000686645508,17.780000686645508,17.790000915527344,17.780000686645508,17.782499313354492,3778.0
2024-07-03 10:32:00,INSM,63.779998779296875,63.779998779296875,63.939998626708984,63.779998779296875,63.83000183105469,9867.0
2024-07-03 10:32:00,IONS,44.935001373291016,44.935001373291016,44.935001373291016,44.935001373291016,44.935001373291016,1226.0
2024-07-03 10:32:00,IOVA,7.75,7.75,7.787099838256836,7.75,7.787099838256836,9167.0
2024-07-03 10:32:00,IRTC,94.83619689941406,94.83619689941406,95.05999755859375,94.77999877929688,94.77999877929688,2216.0
2024-07-03 10:32:00,IRWD,6.190000057220459,6.190000057220459,6.190000057220459,6.190000057220459,6.190000057220459,907.0
2024-07-03 10:32:00,ITCI,68.05500030517578,68.05500030517578,68.05500030517578,68.05500030517578,68.05500030517578,551.0
2024-07-03 10:32:00,JAGX,3.5,3.5,3.515000104904175,3.5,3.515000104904175,245.0
2024-07-03 10:32:00,JANX,38.90999984741211,38.90999984741211,38.90999984741211,38.90999984741211,38.90999984741211,101.0
2024-07-03 10:32:00,JAZZ,104.91999816894531,104.91999816894531,104.91999816894531,104.91999816894531,104.91999816894531,210.0
2024-07-03 10:32:00,KNSA,18.93000030517578,18.93000030517578,18.93000030517578,18.899999618530273,18.90999984741211,1695.0
2024-07-03 10:32:00,KPRX,4.239999771118164,4.239999771118164,4.239999771118164,4.239999771118164,4.239999771118164,173.0
2024-07-03 10:32:00,KRMD,2.2899999618530273,2.2899999618530273,2.2899999618530273,2.2899999618530273,2.2899999618530273,333.0
2024-07-03 10:32:00,KRON,1.159999966621399,1.159999966621399,1.159999966621399,1.159999966621399,1.159999966621399,116.0
2024-07-03 10:32:00,KROS,42.66999816894531,42.66999816894531,42.68000030517578,42.66999816894531,42.68000030517578,1016.0
2024-07-03 10:32:00,KTRA,0.2800999879837036,0.2800999879837036,0.2800999879837036,0.2800999879837036,0.2800999879837036,5239.0
2024-07-03 10:32:00,KURA,20.809999465942383,20.809999465942383,20.850000381469727,20.809999465942383,20.850000381469727,563.0
2024-07-03 10:32:00,LAB,1.809999942779541,1.809999942779541,1.809999942779541,1.809999942779541,1.809999942779541,206.0
2024-07-03 10:32:00,LBPH,32.1349983215332,32.1349983215332,32.1349983215332,32.1349983215332,32.1349983215332,279.0
2024-07-03 10:32:00,LFMD,6.718999862670898,6.718999862670898,6.718999862670898,6.718999862670898,6.718999862670898,630.0
2024-07-03 10:32:00,LFST,5.130000114440918,5.130000114440918,5.130000114440918,5.130000114440918,5.130000114440918,1337.0
2024-07-03 10:32:00,LGND,83.80000305175781,83.80000305175781,83.80000305175781,83.80000305175781,83.80000305175781,182.0
2024-07-03 10:32:00,LIVN,52.810001373291016,52.810001373291016,52.900001525878906,52.810001373291016,52.900001525878906,1720.0
2024-07-03 10:32:00,LNTH,78.62999725341797,78.62999725341797,78.73500061035156,78.62999725341797,78.65489959716797,708.0
2024-07-03 10:32:00,LOGC,5.735000133514404,5.735000133514404,5.739999771118164,5.730000019073486,5.730000019073486,1542.0
2024-07-03 10:32:00,LPCN,7.75,7.75,7.75,7.75,7.75,164.0
2024-07-03 10:32:00,LQDA,12.09000015258789,12.09000015258789,12.09000015258789,12.0600004196167,12.0600004196167,3571.0
2024-07-03 10:32:00,LRMR,7.78000020980835,7.78000020980835,7.78000020980835,7.78000020980835,7.78000020980835,336.0
2024-07-03 10:32:00,LUCY,0.47839999198913574,0.47839999198913574,0.47839999198913574,0.4781999886035919,0.478300005197525,8064.0
2024-07-03 10:32:00,LVTX,1.8880000114440918,1.8880000114440918,1.8880000114440918,1.8880000114440918,1.8880000114440918,178.0
2024-07-03 10:32:00,LXRX,1.625,1.625,1.625,1.6200000047683716,1.625,1629.0
2024-07-03 10:32:00,LYEL,1.4494999647140503,1.4494999647140503,1.4494999647140503,1.4417999982833862,1.4450000524520874,1243.0
2024-07-03 10:32:00,LYRA,0.2897999882698059,0.2897999882698059,0.2897999882698059,0.2897999882698059,0.2897999882698059,5401.0
2024-07-03 10:32:00,MASI,114.30000305175781,114.30000305175781,114.30000305175781,114.30000305175781,114.30000305175781,393.0
2024-07-03 10:32:00,MASS,4.820000171661377,4.820000171661377,4.820000171661377,4.809999942779541,4.809999942779541,0.0
2024-07-03 10:32:00,MBIO,0.5199999809265137,0.5199999809265137,0.5213000178337097,0.5199999809265137,0.5199999809265137,6813.0
2024-07-03 10:32:00,MBOT,1.0800000429153442,1.0800000429153442,1.0800000429153442,1.0800000429153442,1.0800000429153442,4018.0
2024-07-03 10:32:00,MCRB,0.7074000239372253,0.7074000239372253,0.7074000239372253,0.70660001039505,0.70660001039505,750.0
2024-07-03 10:32:00,MDXG,6.78000020980835,6.78000020980835,6.78000020980835,6.78000020980835,6.78000020980835,395.0
2024-07-03 10:32:00,ME,0.4034999907016754,0.4034999907016754,0.4034999907016754,0.4034999907016754,0.4034999907016754,269.0
2024-07-03 10:32:00,MGNX,4.315000057220459,4.315000057220459,4.329999923706055,4.315000057220459,4.324999809265137,2039.0
2024-07-03 10:32:00,MIRM,33.959999084472656,33.959999084472656,33.959999084472656,33.959999084472656,33.959999084472656,108.0
2024-07-03 10:32:00,MMSI,85.875,85.875,85.97000122070312,85.875,85.93499755859375,1876.0
2024-07-03 10:32:00,MNKD,5.135000228881836,5.135000228881836,5.139999866485596,5.135000228881836,5.135000228881836,1427.0
2024-07-03 10:32:00,MNMD,7.230000019073486,7.230000019073486,7.230000019073486,7.230000019073486,7.230000019073486,1160.0
2024-07-03 10:32:00,MREO,3.509999990463257,3.509999990463257,3.509999990463257,3.505000114440918,3.505000114440918,339.0
2024-07-03 10:32:00,MRNA,117.37000274658203,117.37000274658203,117.556396484375,117.37000274658203,117.54499816894531,4226.0
2024-07-03 10:32:00,MRSN,1.9249999523162842,1.9249999523162842,1.9249999523162842,1.909999966621399,1.9199999570846558,10959.0
2024-07-03 10:32:00,MRVI,6.824999809265137,6.824999809265137,6.824999809265137,6.824999809265137,6.824999809265137,1458.0
2024-07-03 10:32:00,MXCT,3.744999885559082,3.744999885559082,3.75,3.744999885559082,3.75,751.0
2024-07-03 10:32:00,MYGN,25.399999618530273,25.399999618530273,25.4822998046875,25.399999618530273,25.4822998046875,5244.0
2024-07-03 10:32:00,NARI,49.78499984741211,49.78499984741211,49.78499984741211,49.78499984741211,49.78499984741211,345.0
2024-07-03 10:32:00,NBIX,138.1199951171875,138.1199951171875,138.1199951171875,138.08999633789062,138.08999633789062,1055.0
2024-07-03 10:32:00,NDRA,0.08370000123977661,0.08370000123977661,0.08389999717473984,0.08370000123977661,0.08389999717473984,0.0
2024-07-03 10:32:00,NEO,13.699999809265137,13.699999809265137,13.699999809265137,13.699999809265137,13.699999809265137,242.0
2024-07-03 10:32:00,NEOG,15.229999542236328,15.229999542236328,15.229999542236328,15.229999542236328,15.229999542236328,568.0
2024-07-03 10:32:00,NKTR,1.2549999952316284,1.2549999952316284,1.2549999952316284,1.2549999952316284,1.2549999952316284,606.0
2024-07-03 10:32:00,NKTX,5.559999942779541,5.559999942779541,5.559999942779541,5.559999942779541,5.559999942779541,173.0
2024-07-03 10:32:00,NLSP,0.20399999618530273,0.20399999618530273,0.20399999618530273,0.20399999618530273,0.20399999618530273,1200.0
2024-07-03 10:32:00,NNOX,7.130000114440918,7.130000114440918,7.168000221252441,7.130000114440918,7.150000095367432,1371.0
2024-07-03 10:32:00,NRIX,19.90999984741211,19.90999984741211,19.927000045776367,19.90999984741211,19.90999984741211,2068.0
2024-07-03 10:32:00,NRSN,1.3300000429153442,1.3300000429153442,1.3300000429153442,1.3300000429153442,1.3300000429153442,4393.0
2024-07-03 10:32:00,NTLA,22.93000030517578,22.93000030517578,22.93000030517578,22.93000030517578,22.93000030517578,826.0
2024-07-03 10:32:00,NTRA,112.36000061035156,112.36000061035156,112.36000061035156,112.29000091552734,112.36000061035156,2320.0
2024-07-03 10:32:00,NUVL,72.11000061035156,72.11000061035156,72.11000061035156,72.11000061035156,72.11000061035156,482.0
2024-07-03 10:32:00,NVAX,12.951299667358398,12.951299667358398,12.979999542236328,12.934300422668457,12.9753999710083,17785.0
2024-07-03 10:32:00,NVCR,16.8799991607666,16.8799991607666,16.920000076293945,16.871999740600586,16.920000076293945,8740.0
2024-07-03 10:32:00,NVCT,6.34499979019165,6.34499979019165,6.34499979019165,6.34499979019165,6.34499979019165,205.0
2024-07-03 10:32:00,OCGN,1.6649999618530273,1.6649999618530273,1.6950000524520874,1.6649999618530273,1.684999942779541,108193.0
2024-07-03 10:32:00,OCUL,6.824999809265137,6.824999809265137,6.829999923706055,6.820000171661377,6.829999923706055,400.0
2024-07-03 10:32:00,OLK,25.780000686645508,25.780000686645508,25.780000686645508,25.760000228881836,25.760000228881836,8009.0
2024-07-03 10:32:00,OLMA,10.800000190734863,10.800000190734863,10.800000190734863,10.800000190734863,10.800000190734863,507.0
2024-07-03 10:32:00,OM,3.744999885559082,3.744999885559082,3.744999885559082,3.744999885559082,3.744999885559082,327.0
2024-07-03 10:32:00,OMCL,26.5,26.5,26.5,26.459999084472656,26.5,643.0
2024-07-03 10:32:00,OMGA,2.049299955368042,2.049299955368042,2.0499000549316406,2.0450000762939453,2.0499000549316406,780.0
2024-07-03 10:33:00,AADI,1.3849999904632568,1.3849999904632568,1.3949999809265137,1.3849999904632568,1.3849999904632568,2716.0
2024-07-03 10:33:00,ABSI,3.2149999141693115,3.2149999141693115,3.2149999141693115,3.1933999061584473,3.194999933242798,3001.0
2024-07-03 10:33:00,ABUS,3.174999952316284,3.174999952316284,3.174999952316284,3.1700000762939453,3.1700000762939453,201.0
2024-07-03 10:33:00,ACAD,15.770000457763672,15.770000457763672,15.770000457763672,15.770000457763672,15.770000457763672,1101.0
2024-07-03 10:33:00,ACB,4.96999979019165,4.96999979019165,4.96999979019165,4.960000038146973,4.960000038146973,4838.0
2024-07-03 10:33:00,ACCD,3.5850000381469727,3.5850000381469727,3.5850000381469727,3.565000057220459,3.565000057220459,12377.0
2024-07-03 10:33:00,ACET,1.065000057220459,1.065000057220459,1.069599986076355,1.065000057220459,1.069599986076355,1940.0
2024-07-03 10:33:00,ACLX,54.72999954223633,54.72999954223633,54.72999954223633,54.72999954223633,54.72999954223633,345.0
2024-07-03 10:33:00,ACON,0.2903999984264374,0.2903999984264374,0.2903999984264374,0.2903999984264374,0.2903999984264374,7401.0
2024-07-03 10:33:00,ACRS,1.184999942779541,1.184999942779541,1.184999942779541,1.1749999523162842,1.1749999523162842,9816.0
2024-07-03 10:33:00,ADAP,1.0399999618530273,1.0399999618530273,1.0399999618530273,1.0399999618530273,1.0399999618530273,200.0
2024-07-03 10:33:00,ADMA,11.390000343322754,11.390000343322754,11.395000457763672,11.390000343322754,11.395000457763672,0.0
2024-07-03 10:33:00,ADPT,3.390000104904175,3.390000104904175,3.390000104904175,3.380000114440918,3.380000114440918,1717.0
2024-07-03 10:33:00,ADVM,7.125,7.125,7.125,7.125,7.125,223.0
2024-07-03 10:33:00,AFMD,5.1579999923706055,5.1579999923706055,5.1579999923706055,5.1579999923706055,5.1579999923706055,1517.0
2024-07-03 10:33:00,AGEN,14.699999809265137,14.699999809265137,14.760199546813965,14.699999809265137,14.760199546813965,1400.0
2024-07-03 10:33:00,AHCO,9.835000038146973,9.835000038146973,9.835000038146973,9.829999923706055,9.829999923706055,743.0
2024-07-03 10:33:00,AKBA,0.9465000033378601,0.9465000033378601,0.9465000033378601,0.9465000033378601,0.9465000033378601,10171.0
2024-07-03 10:33:00,ALDX,3.2750000953674316,3.2750000953674316,3.2750000953674316,3.2750000953674316,3.2750000953674316,1.0
2024-07-03 10:33:00,ALEC,4.5,4.5,4.5,4.5,4.5,0.0
2024-07-03 10:33:00,ALGN,238.61000061035156,238.61000061035156,239.0800018310547,238.61000061035156,238.82000732421875,3246.0
2024-07-03 10:33:00,ALGS,0.4138999879360199,0.4138999879360199,0.41530001163482666,0.41260001063346863,0.41260001063346863,8700.0
2024-07-03 10:33:00,ALHC,8.010000228881836,8.010000228881836,8.010000228881836,7.989999771118164,7.989999771118164,782.0
2024-07-03 10:33:00,ALKS,24.399999618530273,24.399999618530273,24.40999984741211,24.399999618530273,24.40999984741211,1548.0
2024-07-03 10:33:00,ALLK,0.8636000156402588,0.8636000156402588,0.8636000156402588,0.8636000156402588,0.8636000156402588,594.0
2024-07-03 10:33:00,ALLO,2.1449999809265137,2.1449999809265137,2.1449999809265137,2.1449999809265137,2.1449999809265137,1834.0
2024-07-03 10:33:00,ALLR,0.20499999821186066,0.20499999821186066,0.20499999821186066,0.20499999821186066,0.20499999821186066,298.0
2024-07-03 10:33:00,ALNY,247.63499450683594,247.63499450683594,247.91000366210938,247.5449981689453,247.5500030517578,24349.0
2024-07-03 10:33:00,ALT,6.840000152587891,6.840000152587891,6.840000152587891,6.820000171661377,6.829999923706055,2324.0
2024-07-03 10:33:00,ALVR,0.7382000088691711,0.7382000088691711,0.7382000088691711,0.7382000088691711,0.7382000088691711,1.0
2024-07-03 10:33:00,AMED,96.80000305175781,96.80000305175781,96.80000305175781,96.80000305175781,96.80000305175781,717.0
2024-07-03 10:33:00,AMGN,311.239990234375,311.239990234375,311.239990234375,311.1736145019531,311.19000244140625,612.0
2024-07-03 10:33:00,AMLX,1.774999976158142,1.774999976158142,1.774999976158142,1.774999976158142,1.774999976158142,201.0
2024-07-03 10:33:00,ANAB,25.299999237060547,25.299999237060547,25.315000534057617,25.299999237060547,25.315000534057617,569.0
2024-07-03 10:33:00,ANIK,26.1299991607666,26.1299991607666,26.1299991607666,26.1299991607666,26.1299991607666,736.0
2024-07-03 10:33:00,ANIP,61.81999969482422,61.81999969482422,61.81999969482422,61.77000045776367,61.81999969482422,970.0
2024-07-03 10:33:00,ANNX,4.855000019073486,4.855000019073486,4.855000019073486,4.851600170135498,4.855000019073486,3356.0
2024-07-03 10:33:00,ANTX,2.4951000213623047,2.4951000213623047,2.4951000213623047,2.4951000213623047,2.4951000213623047,1777.0
2024-07-03 10:33:00,APDN,0.4453999996185303,0.4453999996185303,0.4453999996185303,0.43950000405311584,0.43950000405311584,10981.0
2024-07-03 10:33:00,APLS,35.60499954223633,35.60499954223633,35.625,35.59000015258789,35.59000015258789,1568.0
2024-07-03 10:33:00,AQST,2.434999942779541,2.434999942779541,2.434999942779541,2.434999942779541,2.434999942779541,353.0
2024-07-03 10:33:00,ARAY,1.7649999856948853,1.7649999856948853,1.7649999856948853,1.7649999856948853,1.7649999856948853,175.0
2024-07-03 10:33:00,ARDX,5.275000095367432,5.275000095367432,5.295000076293945,5.275000095367432,5.295000076293945,24124.0
2024-07-03 10:33:00,ARQT,9.770000457763672,9.770000457763672,9.795000076293945,9.694999694824219,9.699999809265137,10933.0
2024-07-03 10:33:00,ARVN,24.825000762939453,24.825000762939453,24.825000762939453,24.825000762939453,24.825000762939453,399.0
2024-07-03 10:33:00,ASLN,2.359999895095825,2.359999895095825,2.375999927520752,2.359999895095825,2.359999895095825,1825.0
2024-07-03 10:33:00,ASND,135.6300048828125,135.6300048828125,135.6300048828125,135.6300048828125,135.6300048828125,365.0
2024-07-03 10:33:00,ASRT,1.2899999618530273,1.2899999618530273,1.2949999570846558,1.2899999618530273,1.2899999618530273,3715.0
2024-07-03 10:33:00,ATEC,9.949999809265137,9.949999809265137,9.949999809265137,9.949999809265137,9.949999809265137,477.0
2024-07-03 10:33:00,ATNF,1.5700000524520874,1.5700000524520874,1.590000033378601,1.559999942779541,1.590000033378601,1730.0
2024-07-03 10:33:00,ATRC,22.395000457763672,22.395000457763672,22.395000457763672,22.395000457763672,22.395000457763672,46.0
2024-07-03 10:33:00,AVDL,14.369999885559082,14.369999885559082,14.369999885559082,14.34280014038086,14.34280014038086,945.0
2024-07-03 10:33:00,AVTE,1.6607999801635742,1.6607999801635742,1.6607999801635742,1.660099983215332,1.660099983215332,1457.0
2024-07-03 10:33:00,AVXL,4.255000114440918,4.255000114440918,4.255000114440918,4.255000114440918,4.255000114440918,291.0
2024-07-03 10:33:00,AXNX,67.45999908447266,67.45999908447266,67.5199966430664,67.45999908447266,67.5199966430664,448.0
2024-07-03 10:33:00,AXSM,80.0,80.0,80.0,79.98999786376953,79.98999786376953,655.0
2024-07-03 10:33:00,AZN,76.91500091552734,76.91500091552734,76.91999816894531,76.90499877929688,76.91000366210938,5513.0
2024-07-03 10:33:00,AZTA,52.970001220703125,52.970001220703125,52.970001220703125,52.970001220703125,52.970001220703125,275.0
2024-07-03 10:33:00,BBIO,25.34000015258789,25.34000015258789,25.34000015258789,25.299999237060547,25.299999237060547,1985.0
2024-07-03 10:33:00,BCAB,1.3300000429153442,1.3300000429153442,1.3300000429153442,1.3300000429153442,1.3300000429153442,101.0
2024-07-03 10:33:00,BCRX,6.679999828338623,6.679999828338623,6.710000038146973,6.679999828338623,6.710000038146973,7791.0
2024-07-03 10:33:00,BDSX,1.6200000047683716,1.6200000047683716,1.6200000047683716,1.6200000047683716,1.6200000047683716,1296.0
2024-07-03 10:33:00,BEAM,23.809999465942383,23.809999465942383,23.809999465942383,23.809999465942383,23.809999465942383,675.0
2024-07-03 10:33:00,BGNE,146.6699981689453,146.6699981689453,146.6699981689453,146.6699981689453,146.6699981689453,286.0
2024-07-03 10:33:00,BIIB,225.9600067138672,225.9600067138672,225.97000122070312,225.63999938964844,225.63999938964844,7454.0
2024-07-03 10:33:00,BJDX,0.6258999705314636,0.6258999705314636,0.6301000118255615,0.6252999901771545,0.6254000067710876,1867.0
2024-07-03 10:33:00,BLUE,0.953499972820282,0.953499972820282,0.953499972820282,0.9501000046730042,0.9527000188827515,2681.0
2024-07-03 10:33:00,BMEA,4.46999979019165,4.46999979019165,4.46999979019165,4.46999979019165,4.46999979019165,107.0
2024-07-03 10:33:00,BMRA,0.45010000467300415,0.45010000467300415,0.45019999146461487,0.45010000467300415,0.45019999146461487,1500.0
2024-07-03 10:33:00,BMRN,81.43000030517578,81.43000030517578,81.4800033569336,81.41000366210938,81.44239807128906,2737.0
2024-07-03 10:33:00,BNGO,0.5601000189781189,0.5601000189781189,0.5627999901771545,0.5576000213623047,0.5627999901771545,10844.0
2024-07-03 10:33:00,BPMC,111.30999755859375,111.30999755859375,111.43000030517578,111.16999816894531,111.20999908447266,1854.0
2024-07-03 10:33:00,BRKR,61.994998931884766,61.994998931884766,61.994998931884766,61.939998626708984,61.939998626708984,786.0
2024-07-03 10:33:00,BTAI,1.1050000190734863,1.1050000190734863,1.1050000190734863,1.1050000190734863,1.1050000190734863,246.0
2024-07-03 10:33:00,BTMD,7.434999942779541,7.434999942779541,7.434999942779541,7.429999828338623,7.429999828338623,1567.0
2024-07-03 10:33:00,BVS,6.170000076293945,6.170000076293945,6.170000076293945,6.170000076293945,6.170000076293945,428.0
2024-07-03 10:33:00,CABA,7.760000228881836,7.760000228881836,7.769999980926514,7.75,7.75,2166.0
2024-07-03 10:33:00,CADL,6.320000171661377,6.320000171661377,6.320000171661377,6.320000171661377,6.320000171661377,304.0
2024-07-03 10:33:00,CARA,0.2786000072956085,0.2786000072956085,0.28290000557899475,0.2786000072956085,0.28290000557899475,37274.0
2024-07-03 10:33:00,CCCC,4.809999942779541,4.809999942779541,4.809999942779541,4.800000190734863,4.800000190734863,1858.0
2024-07-03 10:33:00,CCRN,13.71500015258789,13.71500015258789,13.71500015258789,13.71500015258789,13.71500015258789,271.0
2024-07-03 10:33:00,CDMO,7.625,7.625,7.625,7.625,7.625,400.0
2024-07-03 10:33:00,CDNA,15.300000190734863,15.300000190734863,15.300000190734863,15.300000190734863,15.300000190734863,401.0
2024-07-03 10:33:00,CDXS,2.9000000953674316,2.9000000953674316,2.9000000953674316,2.9000000953674316,2.9000000953674316,279.0
2024-07-03 10:33:00,CERE,41.45000076293945,41.45000076293945,41.5,41.400001525878906,41.400001525878906,3409.0
2024-07-03 10:33:00,CGC,6.839900016784668,6.839900016784668,6.840000152587891,6.815000057220459,6.820000171661377,35953.0
2024-07-03 10:33:00,CGEM,16.989999771118164,16.989999771118164,17.010000228881836,16.989999771118164,17.010000228881836,757.0
2024-07-03 10:33:00,CING,0.3292999863624573,0.3292999863624573,0.3292999863624573,0.3292999863624573,0.3292999863624573,370.0
2024-07-03 10:33:00,CKPT,2.3350000381469727,2.3350000381469727,2.3350000381469727,2.3290998935699463,2.3290998935699463,1036.0
2024-07-03 10:33:00,CLDX,36.849998474121094,36.849998474121094,36.939998626708984,36.849998474121094,36.939998626708984,789.0
2024-07-03 10:33:00,CLOV,1.26010000705719,1.26010000705719,1.267899990081787,1.26010000705719,1.267899990081787,3385.0
2024-07-03 10:33:00,CMPS,6.183199882507324,6.183199882507324,6.183199882507324,6.183199882507324,6.183199882507324,477.0
2024-07-03 10:33:00,CMRX,0.8700000047683716,0.8700000047683716,0.8700000047683716,0.8700000047683716,0.8700000047683716,117.0
2024-07-03 10:33:00,CNSP,2.125,2.125,2.1600000858306885,2.119999885559082,2.153700113296509,22896.0
2024-07-03 10:33:00,COLL,32.18000030517578,32.18000030517578,32.18000030517578,32.14500045776367,32.14500045776367,586.0
2024-07-03 10:33:00,CORT,30.969999313354492,30.969999313354492,31.09000015258789,30.969999313354492,31.09000015258789,2020.0
2024-07-03 10:33:00,COSM,0.9402999877929688,0.9402999877929688,0.9402999877929688,0.9402999877929688,0.9402999877929688,256.0
2024-07-03 10:33:00,CPRX,15.710000038146973,15.710000038146973,15.710000038146973,15.710000038146973,15.710000038146973,427.0
2024-07-03 10:33:00,CRBU,1.6150000095367432,1.6150000095367432,1.6200000047683716,1.6150000095367432,1.6200000047683716,22743.0
2024-07-03 10:33:00,CRDF,2.25,2.25,2.25600004196167,2.25,2.25600004196167,504.0
2024-07-03 10:33:00,CRDL,1.9550000429153442,1.9550000429153442,1.960800051689148,1.9550000429153442,1.9600000381469727,1622.0
2024-07-03 10:33:00,CRIS,6.409999847412109,6.409999847412109,6.409999847412109,6.409999847412109,6.409999847412109,403.0
2024-07-03 10:33:00,CRNX,44.994998931884766,44.994998931884766,45.099998474121094,44.994998931884766,45.040000915527344,880.0
2024-07-03 10:33:00,CRSP,54.400001525878906,54.400001525878906,54.4900016784668,54.38999938964844,54.38999938964844,1988.0
2024-07-03 10:33:00,CSTL,21.5,21.5,21.5,21.469999313354492,21.469999313354492,844.0
2024-07-03 10:33:00,CTMX,1.3600000143051147,1.3600000143051147,1.3600000143051147,1.3550000190734863,1.3550000190734863,3238.0
2024-07-03 10:33:00,CUTR,1.3250000476837158,1.3250000476837158,1.3250000476837158,1.3205000162124634,1.3205000162124634,665.0
2024-07-03 10:33:00,CVAC,3.490000009536743,3.490000009536743,3.490000009536743,3.4549999237060547,3.4600000381469727,16595.0
2024-07-03 10:33:00,CYCC,1.6100000143051147,1.6100000143051147,1.6100000143051147,1.6100000143051147,1.6100000143051147,1300.0
2024-07-03 10:33:00,CYTK,54.75,54.75,54.90999984741211,54.75,54.900001525878906,3091.0
2024-07-03 10:33:00,DH,5.434999942779541,5.434999942779541,5.434999942779541,5.434999942779541,5.434999942779541,174.0
2024-07-03 10:33:00,DTIL,9.524999618530273,9.524999618530273,9.524999618530273,9.460000038146973,9.470000267028809,1218.0
2024-07-03 10:33:00,DVAX,11.114999771118164,11.114999771118164,11.130000114440918,11.114999771118164,11.119999885559082,2325.0
2024-07-03 10:33:00,DXCM,110.26499938964844,110.26499938964844,110.30000305175781,110.26499938964844,110.26499938964844,1879.0
2024-07-03 10:33:00,DXR,8.539999961853027,8.539999961853027,8.539999961853027,8.539999961853027,8.539999961853027,0.0
2024-07-03 10:33:00,DYN,34.6349983215332,34.6349983215332,34.6349983215332,34.630001068115234,34.630001068115234,170.0
2024-07-03 10:33:00,EDIT,4.704999923706055,4.704999923706055,4.704999923706055,4.699999809265137,4.699999809265137,1925.0
2024-07-03 10:33:00,ELEV,2.7300000190734863,2.7300000190734863,2.7300000190734863,2.7200000286102295,2.7200000286102295,3924.0
2024-07-03 10:33:00,ENSG,126.1500015258789,126.1500015258789,126.1500015258789,125.9000015258789,126.00499725341797,5741.0
2024-07-03 10:33:00,ESPR,2.380000114440918,2.380000114440918,2.380000114440918,2.380000114440918,2.380000114440918,316.0
2024-07-03 10:33:00,EXAI,5.360000133514404,5.360000133514404,5.360000133514404,5.349999904632568,5.349999904632568,1010.0
2024-07-03 10:33:00,EXAS,43.13999938964844,43.13999938964844,43.22999954223633,43.13999938964844,43.220001220703125,5645.0
2024-07-03 10:33:00,EXEL,22.079999923706055,22.079999923706055,22.100000381469727,22.079999923706055,22.100000381469727,3552.0
2024-07-03 10:33:00,EYPT,8.40999984741211,8.40999984741211,8.414999961853027,8.390000343322754,8.40999984741211,2456.0
2024-07-03 10:33:00,FGEN,0.7325999736785889,0.7325999736785889,0.7325999736785889,0.7325999736785889,0.7325999736785889,300.0
2024-07-03 10:33:00,FHTX,5.480000019073486,5.480000019073486,5.480000019073486,5.480000019073486,5.480000019073486,315.0
2024-07-03 10:33:00,FLGT,20.270000457763672,20.270000457763672,20.270000457763672,20.270000457763672,20.270000457763672,812.0
2024-07-03 10:33:00,FULC,6.179999828338623,6.179999828338623,6.179999828338623,6.170000076293945,6.170000076293945,792.0
2024-07-03 10:33:00,GALT,2.184999942779541,2.184999942779541,2.184999942779541,2.184999942779541,2.184999942779541,2122.0
2024-07-03 10:33:00,GBIO,2.3499999046325684,2.3499999046325684,2.3499999046325684,2.3350000381469727,2.3350000381469727,719.0
2024-07-03 10:33:00,GDRX,7.849999904632568,7.849999904632568,7.849999904632568,7.849999904632568,7.849999904632568,445.0
2024-07-03 10:33:00,GERN,4.394999980926514,4.394999980926514,4.394999980926514,4.3902997970581055,4.3902997970581055,1151.0
2024-07-03 10:33:00,GH,28.690000534057617,28.690000534057617,28.690000534057617,28.690000534057617,28.690000534057617,201.0
2024-07-03 10:33:00,GILD,67.19000244140625,67.19000244140625,67.19000244140625,67.12000274658203,67.1500015258789,16893.0
2024-07-03 10:33:00,GLTO,0.4772999882698059,0.4772999882698059,0.47999998927116394,0.4772999882698059,0.47999998927116394,3738.0
2024-07-03 10:33:00,GLUE,3.700000047683716,3.700000047683716,3.740000009536743,3.700000047683716,3.740000009536743,584.0
2024-07-03 10:33:00,GLYC,0.27219998836517334,0.27219998836517334,0.2728999853134155,0.27090001106262207,0.27090001106262207,22383.0
2024-07-03 10:33:00,GOSS,0.9200000166893005,0.9200000166893005,0.9240000247955322,0.9200000166893005,0.9221000075340271,1824.0
2024-07-03 10:33:00,GOVX,3.049999952316284,3.049999952316284,3.049999952316284,3.049999952316284,3.049999952316284,709.0
2024-07-03 10:33:00,GRFS,6.684999942779541,6.684999942779541,6.690000057220459,6.684999942779541,6.690000057220459,904.0
2024-07-03 10:33:00,GRTS,0.567300021648407,0.567300021648407,0.5698999762535095,0.5662000179290771,0.5662000179290771,10191.0
2024-07-03 10:33:00,GTHX,2.5299999713897705,2.5299999713897705,2.5299999713897705,2.5199999809265137,2.5299999713897705,712.0
2024-07-03 10:33:00,HALO,51.59000015258789,51.59000015258789,51.59000015258789,51.41999816894531,51.41999816894531,3036.0
2024-07-03 10:33:00,HOLX,73.36499786376953,73.36499786376953,73.38999938964844,73.36499786376953,73.37000274658203,3623.0
2024-07-03 10:33:00,HOWL,2.2260000705718994,2.2260000705718994,2.2260000705718994,2.2260000705718994,2.2260000705718994,1011.0
2024-07-03 10:33:00,HQY,83.50499725341797,83.50499725341797,83.5250015258789,83.44000244140625,83.5,1916.0
2024-07-03 10:33:00,HROW,21.899999618530273,21.899999618530273,21.899999618530273,21.899999618530273,21.899999618530273,351.0
2024-07-03 10:33:00,HRTX,2.7950000762939453,2.7950000762939453,2.7950000762939453,2.7950000762939453,2.7950000762939453,531.0
2024-07-03 10:33:00,HSIC,65.58999633789062,65.58999633789062,65.58999633789062,65.58999633789062,65.58999633789062,509.0
2024-07-03 10:33:00,HUMA,5.735000133514404,5.735000133514404,5.75,5.735000133514404,5.739999771118164,24009.0
2024-07-03 10:33:00,IART,29.229999542236328,29.229999542236328,29.235000610351562,29.229999542236328,29.229999542236328,1800.0
2024-07-03 10:33:00,IBRX,6.315000057220459,6.315000057220459,6.315000057220459,6.315000057220459,6.315000057220459,1665.0
2024-07-03 10:33:00,ICLR,320.2569885253906,320.2569885253906,320.2569885253906,320.2569885253906,320.2569885253906,112.0
2024-07-03 10:33:00,IDXX,475.50750732421875,475.50750732421875,475.50750732421875,475.50750732421875,475.50750732421875,148.0
2024-07-03 10:33:00,IGMS,6.579999923706055,6.579999923706055,6.579999923706055,6.579999923706055,6.579999923706055,325.0
2024-07-03 10:33:00,IKNA,1.649999976158142,1.649999976158142,1.649999976158142,1.6399999856948853,1.6399999856948853,203.0
2024-07-03 10:33:00,IKT,1.1900999546051025,1.1900999546051025,1.1900999546051025,1.1900999546051025,1.1900999546051025,5.0
2024-07-03 10:33:00,ILMN,105.71499633789062,105.71499633789062,105.80000305175781,105.70999908447266,105.72000122070312,3410.0
2024-07-03 10:33:00,IMAB,1.5706000328063965,1.5706000328063965,1.5786000490188599,1.5706000328063965,1.5786000490188599,4630.0
2024-07-03 10:33:00,IMMX,2.2300000190734863,2.2300000190734863,2.2300000190734863,2.2200000286102295,2.2300000190734863,1664.0
2024-07-03 10:33:00,IMNM,12.069999694824219,12.069999694824219,12.069999694824219,12.069999694824219,12.069999694824219,1657.0
2024-07-03 10:33:00,IMUX,1.149999976158142,1.149999976158142,1.149999976158142,1.149999976158142,1.149999976158142,504.0
2024-07-03 10:33:00,IMVT,26.829999923706055,26.829999923706055,26.834999084472656,26.809999465942383,26.809999465942383,524.0
2024-07-03 10:33:00,INCY,58.119998931884766,58.119998931884766,58.13999938964844,58.099998474121094,58.13999938964844,1431.0
2024-07-03 10:33:00,INMB,7.929999828338623,7.929999828338623,7.929999828338623,7.929999828338623,7.929999828338623,500.0
2024-07-03 10:33:00,INMD,17.799999237060547,17.799999237060547,17.799999237060547,17.790000915527344,17.790000915527344,3716.0
2024-07-03 10:33:00,INO,8.520000457763672,8.520000457763672,8.520000457763672,8.520000457763672,8.520000457763672,396.0
2024-07-03 10:33:00,INSM,63.880001068115234,63.880001068115234,63.92499923706055,63.79999923706055,63.79999923706055,14858.0
2024-07-03 10:33:00,IONS,44.779998779296875,44.779998779296875,44.900001525878906,44.779998779296875,44.900001525878906,2069.0
2024-07-03 10:33:00,IOVA,7.75,7.75,7.760000228881836,7.75,7.75,22521.0
2024-07-03 10:33:00,IRWD,6.195000171661377,6.195000171661377,6.195000171661377,6.184999942779541,6.184999942779541,2554.0
2024-07-03 10:33:00,ITCI,68.0999984741211,68.0999984741211,68.11000061035156,68.05500030517578,68.05500030517578,2009.0
2024-07-03 10:33:00,ITOS,14.880000114440918,14.880000114440918,14.880000114440918,14.869999885559082,14.869999885559082,1264.0
2024-07-03 10:33:00,JANX,38.904998779296875,38.904998779296875,38.935001373291016,38.810001373291016,38.810001373291016,14665.0
2024-07-03 10:33:00,KPTI,0.836899995803833,0.836899995803833,0.8407999873161316,0.8360000252723694,0.8407999873161316,1925.0
2024-07-03 10:33:00,KRON,1.159999966621399,1.159999966621399,1.159999966621399,1.159999966621399,1.159999966621399,300.0
2024-07-03 10:33:00,KTRA,0.2827000021934509,0.2827000021934509,0.2827000021934509,0.27810001373291016,0.2802000045776367,16525.0
2024-07-03 10:33:00,KURA,20.770000457763672,20.770000457763672,20.790000915527344,20.739999771118164,20.790000915527344,3865.0
2024-07-03 10:33:00,KYMR,30.950000762939453,30.950000762939453,30.969999313354492,30.8799991607666,30.940000534057617,1588.0
2024-07-03 10:33:00,KZR,0.5795999765396118,0.5795999765396118,0.5795999765396118,0.5795999765396118,0.5795999765396118,249.0
2024-07-03 10:33:00,LBPH,32.45000076293945,32.45000076293945,32.459999084472656,32.209999084472656,32.220001220703125,4419.0
2024-07-03 10:33:00,LEGN,45.40999984741211,45.40999984741211,45.40999984741211,45.40999984741211,45.40999984741211,364.0
2024-07-03 10:33:00,LGVN,1.6399999856948853,1.6399999856948853,1.6399999856948853,1.6399999856948853,1.6399999856948853,274.0
2024-07-03 10:33:00,LNTH,78.9000015258789,78.9000015258789,78.9000015258789,78.75499725341797,78.75499725341797,1256.0
2024-07-03 10:33:00,LUCY,0.47850000858306885,0.47850000858306885,0.47850000858306885,0.4779999852180481,0.4781999886035919,18250.0
2024-07-03 10:33:00,LXRX,1.625,1.625,1.625,1.6200000047683716,1.625,1540.0
2024-07-03 10:33:00,LYEL,1.434999942779541,1.434999942779541,1.4494999647140503,1.434999942779541,1.4450000524520874,215852.0
2024-07-03 10:33:00,LYRA,0.2888000011444092,0.2888000011444092,0.2897999882698059,0.2874000072479248,0.2874000072479248,8849.0
2024-07-03 10:33:00,MASI,114.43000030517578,114.43000030517578,114.43000030517578,114.43000030517578,114.43000030517578,647.0
2024-07-03 10:33:00,MASS,4.809000015258789,4.809000015258789,4.820000171661377,4.809000015258789,4.820000171661377,626.0
2024-07-03 10:33:00,MBIO,0.5203999876976013,0.5203999876976013,0.5213000178337097,0.5199999809265137,0.5200999975204468,3449.0
2024-07-03 10:33:00,MBOT,1.090000033378601,1.090000033378601,1.090000033378601,1.090000033378601,1.090000033378601,501.0
2024-07-03 10:33:00,MCRB,0.7099999785423279,0.7099999785423279,0.7099999785423279,0.707099974155426,0.707099974155426,3765.0
2024-07-03 10:33:00,MDWD,15.039999961853027,15.039999961853027,15.229999542236328,15.039999961853027,15.229999542236328,1207.0
2024-07-03 10:33:00,MDXG,6.78000020980835,6.78000020980835,6.78000020980835,6.78000020980835,6.78000020980835,575.0
2024-07-03 10:33:00,ME,0.4034999907016754,0.4034999907016754,0.4034999907016754,0.4034000039100647,0.4034999907016754,3822.0
2024-07-03 10:33:00,MEDP,406.864990234375,406.864990234375,406.864990234375,406.864990234375,406.864990234375,260.0
2024-07-03 10:33:00,MGNX,4.309999942779541,4.309999942779541,4.315000057220459,4.309999942779541,4.315000057220459,1539.0
2024-07-03 10:33:00,MGTX,4.019999980926514,4.019999980926514,4.019999980926514,4.019999980926514,4.019999980926514,361.0
2024-07-03 10:33:00,MIRM,33.989498138427734,33.989498138427734,33.989498138427734,33.96500015258789,33.96500015258789,402.0
2024-07-03 10:33:00,MNKD,5.139999866485596,5.139999866485596,5.139999866485596,5.135000228881836,5.139999866485596,520.0
2024-07-03 10:33:00,MNMD,7.211299896240234,7.211299896240234,7.21999979019165,7.211299896240234,7.21999979019165,3339.0
2024-07-03 10:33:00,MORF,32.04499816894531,32.04499816894531,32.06999969482422,32.04499816894531,32.06999969482422,373.0
2024-07-03 10:33:00,MRNA,117.26499938964844,117.26499938964844,117.37000274658203,117.19999694824219,117.37000274658203,2645.0
2024-07-03 10:33:00,MRNS,1.2350000143051147,1.2350000143051147,1.2350000143051147,1.2350000143051147,1.2350000143051147,833.0
2024-07-03 10:33:00,MRSN,1.9249999523162842,1.9249999523162842,1.9249999523162842,1.9199999570846558,1.9199999570846558,3479.0
2024-07-03 10:33:00,MRVI,6.824999809265137,6.824999809265137,6.824999809265137,6.824999809265137,6.824999809265137,1045.0
2024-07-03 10:33:00,MXCT,3.744999885559082,3.744999885559082,3.744999885559082,3.744999885559082,3.744999885559082,341.0
2024-07-03 10:33:00,MYGN,25.43000030517578,25.43000030517578,25.43000030517578,25.399999618530273,25.399999618530273,1275.0
2024-07-03 10:33:00,NBIX,138.1999969482422,138.1999969482422,138.1999969482422,138.1999969482422,138.1999969482422,110.0
2024-07-03 10:33:00,NDRA,0.08349999785423279,0.08349999785423279,0.08380000293254852,0.08349999785423279,0.08380000293254852,7008.0
2024-07-03 10:33:00,NEO,13.710000038146973,13.710000038146973,13.710000038146973,13.710000038146973,13.710000038146973,783.0
2024-07-03 10:33:00,NEOG,15.210000038146973,15.210000038146973,15.225000381469727,15.199999809265137,15.225000381469727,6058.0
2024-07-03 10:33:00,NKTR,1.2649999856948853,1.2649999856948853,1.2699999809265137,1.2599999904632568,1.2599999904632568,19535.0
2024-07-03 10:33:00,NKTX,5.579999923706055,5.579999923706055,5.579999923706055,5.559999942779541,5.559999942779541,1113.0
2024-07-03 10:33:00,NLSP,0.20399999618530273,0.20399999618530273,0.20409999787807465,0.20399999618530273,0.20409999787807465,6299.0
2024-07-03 10:33:00,NNOX,7.150000095367432,7.150000095367432,7.155300140380859,7.135000228881836,7.135000228881836,3666.0
2024-07-03 10:33:00,NRIX,19.75,19.75,19.920000076293945,19.729999542236328,19.920000076293945,7160.0
2024-07-03 10:33:00,NTLA,22.90999984741211,22.90999984741211,22.940000534057617,22.8799991607666,22.940000534057617,2563.0
2024-07-03 10:33:00,NTRA,112.30000305175781,112.30000305175781,112.30000305175781,112.30000305175781,112.30000305175781,647.0
2024-07-03 10:33:00,NUVL,72.12000274658203,72.12000274658203,72.12000274658203,72.12000274658203,72.12000274658203,735.0
2024-07-03 10:33:00,NVAX,12.960000038146973,12.960000038146973,12.960000038146973,12.949999809265137,12.949999809265137,6627.0
2024-07-03 10:33:00,NVCR,16.93000030517578,16.93000030517578,16.93000030517578,16.899999618530273,16.899999618530273,2279.0
2024-07-03 10:33:00,NVOS,0.7400000095367432,0.7400000095367432,0.7400000095367432,0.7400000095367432,0.7400000095367432,1420.0
2024-07-03 10:33:00,NXTC,1.5499999523162842,1.5499999523162842,1.5499999523162842,1.5499999523162842,1.5499999523162842,190.0
2024-07-03 10:33:00,OCGN,1.6649999618530273,1.6649999618530273,1.6680999994277954,1.659999966621399,1.6680999994277954,10645.0
2024-07-03 10:33:00,OCUL,6.840000152587891,6.840000152587891,6.840000152587891,6.835000038146973,6.835000038146973,327.0
2024-07-03 10:33:00,OFIX,13.454999923706055,13.454999923706055,13.454999923706055,13.449999809265137,13.449999809265137,853.0
2024-07-03 10:33:00,OGI,1.600000023841858,1.600000023841858,1.600000023841858,1.5997999906539917,1.5997999906539917,2110.0
2024-07-03 10:33:00,OLK,25.780000686645508,25.780000686645508,25.780000686645508,25.780000686645508,25.780000686645508,9880.0
2024-07-03 10:33:00,OLMA,10.800000190734863,10.800000190734863,10.800000190734863,10.800000190734863,10.800000190734863,246.0
2024-07-03 10:33:00,OM,3.75,3.75,3.75,3.75,3.75,1410.0
2024-07-03 10:33:00,OMCL,26.459999084472656,26.459999084472656,26.459999084472656,26.459999084472656,26.459999084472656,1013.0
2024-07-03 10:33:00,OMGA,2.0450000762939453,2.0450000762939453,2.0450000762939453,2.0450000762939453,2.0450000762939453,304.0
2024-07-03 10:34:00,ABCL,2.7399001121520996,2.7399001121520996,2.755000114440918,2.7100000381469727,2.755000114440918,91351.0
2024-07-03 10:34:00,ABEO,4.340000152587891,4.340000152587891,4.340000152587891,4.340000152587891,4.340000152587891,1209.0
2024-07-03 10:34:00,ABSI,3.200000047683716,3.200000047683716,3.2100000381469727,3.194999933242798,3.2100000381469727,4713.0
2024-07-03 10:34:00,ABUS,3.174999952316284,3.174999952316284,3.174999952316284,3.1700000762939453,3.174999952316284,1580.0
2024-07-03 10:34:00,ABVC,0.7200000286102295,0.7200000286102295,0.7210999727249146,0.7200000286102295,0.7210000157356262,4380.0
2024-07-03 10:34:00,ACAD,15.789999961853027,15.789999961853027,15.789999961853027,15.770000457763672,15.770000457763672,2238.0
2024-07-03 10:34:00,ACB,4.965000152587891,4.965000152587891,4.965000152587891,4.965000152587891,4.965000152587891,3593.0
2024-07-03 10:34:00,ACCD,3.5850000381469727,3.5850000381469727,3.5850000381469727,3.5799999237060547,3.5799999237060547,6118.0
2024-07-03 10:34:00,ACET,1.065000057220459,1.065000057220459,1.065000057220459,1.065000057220459,1.065000057220459,2564.0
2024-07-03 10:34:00,ACHC,66.02999877929688,66.02999877929688,66.02999877929688,66.0,66.0,342.0
2024-07-03 10:34:00,ACHV,4.599899768829346,4.599899768829346,4.599899768829346,4.579999923706055,4.590000152587891,5302.0
2024-07-03 10:34:00,ADAP,1.0399999618530273,1.0399999618530273,1.0399999618530273,1.0399999618530273,1.0399999618530273,1200.0
2024-07-03 10:34:00,ADMA,11.385000228881836,11.385000228881836,11.395000457763672,11.381999969482422,11.390000343322754,6700.0
2024-07-03 10:34:00,ADPT,3.384999990463257,3.384999990463257,3.384999990463257,3.384999990463257,3.384999990463257,0.0
2024-07-03 10:34:00,AGIO,42.310001373291016,42.310001373291016,42.310001373291016,42.310001373291016,42.310001373291016,361.0
2024-07-03 10:34:00,AHCO,9.850000381469727,9.850000381469727,9.850000381469727,9.829999923706055,9.837699890136719,3161.0
2024-07-03 10:34:00,AKBA,0.9485999941825867,0.9485999941825867,0.9485999941825867,0.9485999941825867,0.9485999941825867,2108.0
2024-07-03 10:34:00,AKRO,22.239999771118164,22.239999771118164,22.239999771118164,22.190000534057617,22.200000762939453,2264.0
2024-07-03 10:34:00,AKYA,2.190000057220459,2.190000057220459,2.190000057220459,2.190000057220459,2.190000057220459,558.0
2024-07-03 10:34:00,ALDX,3.2750000953674316,3.2750000953674316,3.2750000953674316,3.2750000953674316,3.2750000953674316,227.0
2024-07-03 10:34:00,ALEC,4.5,4.5,4.5,4.489999771118164,4.489999771118164,3625.0
2024-07-03 10:34:00,ALGN,238.69000244140625,238.69000244140625,238.69000244140625,238.47999572753906,238.52999877929688,622.0
2024-07-03 10:34:00,ALGS,0.41940000653266907,0.41940000653266907,0.41940000653266907,0.4138999879360199,0.4138999879360199,27090.0
2024-07-03 10:34:00,ALHC,8.0,8.0,8.0,8.0,8.0,300.0
2024-07-03 10:34:00,ALIM,5.524600028991699,5.524600028991699,5.525000095367432,5.524600028991699,5.525000095367432,800.0
2024-07-03 10:34:00,ALKS,24.401500701904297,24.401500701904297,24.401500701904297,24.401500701904297,24.401500701904297,560.0
2024-07-03 10:34:00,ALLO,2.1549999713897705,2.1549999713897705,2.1549999713897705,2.1449999809265137,2.1449999809265137,9371.0
2024-07-03 10:34:00,ALNY,246.72999572753906,246.72999572753906,247.63999938964844,246.64999389648438,247.63999938964844,64307.0
2024-07-03 10:34:00,ALRN,2.740000009536743,2.740000009536743,2.740000009536743,2.740000009536743,2.740000009536743,144.0
2024-07-03 10:34:00,ALT,6.84499979019165,6.84499979019165,6.84499979019165,6.841800212860107,6.84499979019165,2178.0
2024-07-03 10:34:00,ALXO,5.960000038146973,5.960000038146973,5.974999904632568,5.960000038146973,5.974999904632568,1385.0
2024-07-03 10:34:00,AMED,96.91999816894531,96.91999816894531,96.91999816894531,96.84500122070312,96.84500122070312,2046.0
2024-07-03 10:34:00,AMGN,311.0899963378906,311.0899963378906,311.1600036621094,310.875,311.1000061035156,5619.0
2024-07-03 10:34:00,AMLX,1.7793999910354614,1.7793999910354614,1.7793999910354614,1.774999976158142,1.774999976158142,1225.0
2024-07-03 10:34:00,AMPH,38.130001068115234,38.130001068115234,38.14500045776367,38.11000061035156,38.14500045776367,1217.0
2024-07-03 10:34:00,AMRN,0.7160999774932861,0.7160999774932861,0.7160999774932861,0.7160999774932861,0.7160999774932861,340.0
2024-07-03 10:34:00,ANAB,25.299999237060547,25.299999237060547,25.299999237060547,25.299999237060547,25.299999237060547,431.0
2024-07-03 10:34:00,ANNX,4.880000114440918,4.880000114440918,4.880000114440918,4.849999904632568,4.849999904632568,7237.0
2024-07-03 10:34:00,ANTX,2.519200086593628,2.519200086593628,2.519200086593628,2.519200086593628,2.519200086593628,395.0
2024-07-03 10:34:00,APLS,35.66999816894531,35.66999816894531,35.66999816894531,35.60499954223633,35.66999816894531,3134.0
2024-07-03 10:34:00,APLT,4.46999979019165,4.46999979019165,4.46999979019165,4.460000038146973,4.460000038146973,519.0
2024-07-03 10:34:00,AQST,2.434999942779541,2.434999942779541,2.434999942779541,2.4300999641418457,2.4300999641418457,1569.0
2024-07-03 10:34:00,ARAY,1.7649999856948853,1.7649999856948853,1.7649999856948853,1.7649999856948853,1.7649999856948853,523.0
2024-07-03 10:34:00,ARCT,21.55660057067871,21.55660057067871,21.649999618530273,21.55660057067871,21.649999618530273,1735.0
2024-07-03 10:34:00,ARDX,5.295000076293945,5.295000076293945,5.295000076293945,5.269999980926514,5.275000095367432,18194.0
2024-07-03 10:34:00,ARGX,435.5,435.5,435.8999938964844,435.5,435.8999938964844,759.0
2024-07-03 10:34:00,ARQT,9.779999732971191,9.779999732971191,9.795000076293945,9.755000114440918,9.774999618530273,8700.0
2024-07-03 10:34:00,ARVN,24.889999389648438,24.889999389648438,24.889999389648438,24.829999923706055,24.829999923706055,447.0
2024-07-03 10:34:00,ARWR,25.770000457763672,25.770000457763672,25.770000457763672,25.700000762939453,25.700000762939453,1351.0
2024-07-03 10:34:00,ASLN,2.4100000858306885,2.4100000858306885,2.4100000858306885,2.359999895095825,2.359999895095825,859.0
2024-07-03 10:34:00,ASND,136.16000366210938,136.16000366210938,136.16000366210938,135.39999389648438,135.4199981689453,1933.0
2024-07-03 10:34:00,ASRT,1.2949999570846558,1.2949999570846558,1.2991000413894653,1.2899999618530273,1.2991000413894653,3717.0
2024-07-03 10:34:00,ATEC,9.96500015258789,9.96500015258789,9.96500015258789,9.949999809265137,9.949999809265137,3537.0
2024-07-03 10:34:00,ATOS,1.159999966621399,1.159999966621399,1.1649999618530273,1.159999966621399,1.1649999618530273,7329.0
2024-07-03 10:34:00,ATRC,22.399999618530273,22.399999618530273,22.399999618530273,22.360000610351562,22.399999618530273,1024.0
2024-07-03 10:34:00,ATXS,9.130000114440918,9.130000114440918,9.130000114440918,9.130000114440918,9.130000114440918,228.0
2024-07-03 10:34:00,AUGX,1.0,1.0,1.0,1.0,1.0,108.0
2024-07-03 10:34:00,AUPH,5.505000114440918,5.505000114440918,5.505000114440918,5.505000114440918,5.505000114440918,588.0
2024-07-03 10:34:00,AUTL,3.4800000190734863,3.4800000190734863,3.4800000190734863,3.4749999046325684,3.4800000190734863,2153.0
2024-07-03 10:34:00,AVDL,14.380000114440918,14.380000114440918,14.399999618530273,14.359999656677246,14.369999885559082,2029.0
2024-07-03 10:34:00,AVTE,1.6699999570846558,1.6699999570846558,1.6699999570846558,1.6610000133514404,1.6610000133514404,401.0
2024-07-03 10:34:00,AVXL,4.275000095367432,4.275000095367432,4.275000095367432,4.255000114440918,4.260000228881836,5615.0
2024-07-03 10:34:00,AXSM,79.9469985961914,79.9469985961914,79.9469985961914,79.91000366210938,79.91000366210938,1013.0
2024-07-03 10:34:00,AZN,76.95999908447266,76.95999908447266,76.97000122070312,76.91500091552734,76.91999816894531,16578.0
2024-07-03 10:34:00,AZTA,52.900001525878906,52.900001525878906,52.95000076293945,52.900001525878906,52.95000076293945,1313.0
2024-07-03 10:34:00,BCRX,6.690000057220459,6.690000057220459,6.690000057220459,6.675000190734863,6.679999828338623,3463.0
2024-07-03 10:34:00,BDTX,4.210000038146973,4.210000038146973,4.210000038146973,4.210000038146973,4.210000038146973,1448.0
2024-07-03 10:34:00,BEAM,23.81999969482422,23.81999969482422,23.81999969482422,23.75,23.780000686645508,3288.0
2024-07-03 10:34:00,BIAF,2.180000066757202,2.180000066757202,2.180000066757202,2.180000066757202,2.180000066757202,666.0
2024-07-03 10:34:00,BIIB,225.97999572753906,225.97999572753906,225.97999572753906,225.8249969482422,225.8249969482422,1744.0
2024-07-03 10:34:00,BJDX,0.6259999871253967,0.6259999871253967,0.6259999871253967,0.6259999871253967,0.6259999871253967,1025.0
2024-07-03 10:34:00,BLFS,20.163999557495117,20.163999557495117,20.163999557495117,20.163999557495117,20.163999557495117,314.0
2024-07-03 10:34:00,BLUE,0.9460999965667725,0.9460999965667725,0.9501000046730042,0.9460999965667725,0.9501000046730042,10092.0
2024-07-03 10:34:00,BMEA,4.449999809265137,4.449999809265137,4.46999979019165,4.449999809265137,4.46999979019165,1193.0
2024-07-03 10:34:00,BMRA,0.45500001311302185,0.45500001311302185,0.45500001311302185,0.45500001311302185,0.45500001311302185,0.0
2024-07-03 10:34:00,BMRN,81.33000183105469,81.33000183105469,81.33999633789062,81.33000183105469,81.33999633789062,1234.0
2024-07-03 10:34:00,BNGO,0.5602999925613403,0.5602999925613403,0.5677000284194946,0.5602999925613403,0.5677000284194946,16397.0
2024-07-03 10:34:00,BNTX,81.01000213623047,81.01000213623047,81.01000213623047,80.98999786376953,80.98999786376953,840.0
2024-07-03 10:34:00,BPTH,1.8049999475479126,1.8049999475479126,1.8049999475479126,1.8049999475479126,1.8049999475479126,2000.0
2024-07-03 10:34:00,BRKR,62.01499938964844,62.01499938964844,62.06999969482422,62.005001068115234,62.04999923706055,1748.0
2024-07-03 10:34:00,BTMD,7.414999961853027,7.414999961853027,7.414999961853027,7.409999847412109,7.409999847412109,832.0
2024-07-03 10:34:00,BVS,6.170000076293945,6.170000076293945,6.170000076293945,6.169099807739258,6.169099807739258,806.0
2024-07-03 10:34:00,CABA,7.75,7.75,7.75,7.75,7.75,1731.0
2024-07-03 10:34:00,CARA,0.2802000045776367,0.2802000045776367,0.2825999855995178,0.2802000045776367,0.2825999855995178,2087.0
2024-07-03 10:34:00,CCCC,4.800099849700928,4.800099849700928,4.804999828338623,4.789999961853027,4.800000190734863,8454.0
2024-07-03 10:34:00,CCRN,13.72599983215332,13.72599983215332,13.72599983215332,13.72599983215332,13.72599983215332,493.0
2024-07-03 10:34:00,CDMO,7.610000133514404,7.610000133514404,7.630000114440918,7.610000133514404,7.619999885559082,9462.0
2024-07-03 10:34:00,CDXC,2.5899999141693115,2.5899999141693115,2.5899999141693115,2.5899999141693115,2.5899999141693115,2253.0
2024-07-03 10:34:00,CDXS,2.9100000858306885,2.9100000858306885,2.9100000858306885,2.9100000858306885,2.9100000858306885,712.0
2024-07-03 10:34:00,CELU,3.1549999713897705,3.1549999713897705,3.1549999713897705,3.1549999713897705,3.1549999713897705,401.0
2024-07-03 10:34:00,CERE,41.31999969482422,41.31999969482422,41.470001220703125,41.31999969482422,41.470001220703125,34434.0
2024-07-03 10:34:00,CERS,1.7400000095367432,1.7400000095367432,1.7400000095367432,1.7350000143051147,1.73989999294281,6496.0
2024-07-03 10:34:00,CERT,13.890000343322754,13.890000343322754,13.890000343322754,13.890000343322754,13.890000343322754,660.0
2024-07-03 10:34:00,CGC,6.83519983291626,6.83519983291626,6.840000152587891,6.829999923706055,6.829999923706055,4774.0
2024-07-03 10:34:00,CGEM,17.030000686645508,17.030000686645508,17.030000686645508,17.028200149536133,17.028200149536133,791.0
2024-07-03 10:34:00,CHRS,1.434999942779541,1.434999942779541,1.434999942779541,1.4300999641418457,1.434999942779541,5236.0
2024-07-03 10:34:00,CING,0.3292999863624573,0.3292999863624573,0.3292999863624573,0.3292999863624573,0.3292999863624573,959.0
2024-07-03 10:34:00,CKPT,2.325000047683716,2.325000047683716,2.3299999237060547,2.325000047683716,2.3299999237060547,1552.0
2024-07-03 10:34:00,CLDX,36.90999984741211,36.90999984741211,36.90999984741211,36.90999984741211,36.90999984741211,790.0
2024-07-03 10:34:00,CLNN,0.32989999651908875,0.32989999651908875,0.32989999651908875,0.32989999651908875,0.32989999651908875,20526.0
2024-07-03 10:34:00,CLOV,1.2549999952316284,1.2549999952316284,1.2599999904632568,1.250100016593933,1.2599999904632568,12354.0
2024-07-03 10:34:00,CLPT,5.400000095367432,5.400000095367432,5.409999847412109,5.400000095367432,5.409999847412109,1644.0
2024-07-03 10:34:00,CMAX,2.180000066757202,2.180000066757202,2.180000066757202,2.180000066757202,2.180000066757202,300.0
2024-07-03 10:34:00,CNSP,2.140000104904175,2.140000104904175,2.1549999713897705,2.109999895095825,2.130000114440918,57310.0
2024-07-03 10:34:00,COGT,8.350000381469727,8.350000381469727,8.359999656677246,8.319999694824219,8.319999694824219,2407.0
2024-07-03 10:34:00,CORT,30.899999618530273,30.899999618530273,30.899999618530273,30.899999618530273,30.899999618530273,221.0
2024-07-03 10:34:00,CPRX,15.734999656677246,15.734999656677246,15.734999656677246,15.725000381469727,15.729999542236328,1544.0
2024-07-03 10:34:00,CRBP,48.65999984741211,48.65999984741211,48.65999984741211,48.65999984741211,48.65999984741211,916.0
2024-07-03 10:34:00,CRBU,1.6100000143051147,1.6100000143051147,1.6100000143051147,1.6100000143051147,1.6100000143051147,265.0
2024-07-03 10:34:00,CRDF,2.2488999366760254,2.2488999366760254,2.25,2.2488999366760254,2.25,476.0
2024-07-03 10:34:00,CRIS,6.409999847412109,6.409999847412109,6.409999847412109,6.409999847412109,6.409999847412109,603.0
2024-07-03 10:34:00,CRMD,4.190000057220459,4.190000057220459,4.190000057220459,4.190000057220459,4.190000057220459,1291.0
2024-07-03 10:34:00,CRNX,44.935001373291016,44.935001373291016,44.970001220703125,44.935001373291016,44.970001220703125,1112.0
2024-07-03 10:34:00,CRSP,54.48500061035156,54.48500061035156,54.48500061035156,54.369998931884766,54.369998931884766,3014.0
2024-07-03 10:34:00,CTKB,5.75,5.75,5.760000228881836,5.75,5.760000228881836,703.0
2024-07-03 10:34:00,CTMX,1.3600000143051147,1.3600000143051147,1.3600000143051147,1.3600000143051147,1.3600000143051147,1967.0
2024-07-03 10:34:00,CTXR,0.5130000114440918,0.5130000114440918,0.5199999809265137,0.5130000114440918,0.5199999809265137,51128.0
2024-07-03 10:34:00,CUE,1.034999966621399,1.034999966621399,1.0397000312805176,1.0299999713897705,1.0384999513626099,11138.0
2024-07-03 10:34:00,CUTR,1.3299000263214111,1.3299000263214111,1.3299000263214111,1.3200000524520874,1.3200000524520874,2250.0
2024-07-03 10:34:00,CVAC,3.483299970626831,3.483299970626831,3.5,3.4700000286102295,3.490000009536743,30826.0
2024-07-03 10:34:00,CVRX,11.795000076293945,11.795000076293945,11.795000076293945,11.795000076293945,11.795000076293945,137.0
2024-07-03 10:34:00,CYTK,54.685001373291016,54.685001373291016,54.72999954223633,54.685001373291016,54.72999954223633,723.0
2024-07-03 10:34:00,DAWN,13.430000305175781,13.430000305175781,13.430000305175781,13.430000305175781,13.430000305175781,464.0
2024-07-03 10:34:00,DCTH,7.940000057220459,7.940000057220459,7.940000057220459,7.940000057220459,7.940000057220459,297.0
2024-07-03 10:34:00,DNLI,22.010000228881836,22.010000228881836,22.010000228881836,22.010000228881836,22.010000228881836,414.0
2024-07-03 10:34:00,DVAX,11.130000114440918,11.130000114440918,11.130000114440918,11.109999656677246,11.114999771118164,5643.0
2024-07-03 10:34:00,DXCM,110.19499969482422,110.19499969482422,110.2699966430664,110.0999984741211,110.2699966430664,4536.0
2024-07-03 10:34:00,DYN,34.599998474121094,34.599998474121094,34.654998779296875,34.599998474121094,34.63999938964844,1948.0
2024-07-03 10:34:00,EDIT,4.699999809265137,4.699999809265137,4.699999809265137,4.699999809265137,4.699999809265137,3061.0
2024-07-03 10:34:00,EGRX,5.244999885559082,5.244999885559082,5.244999885559082,5.244999885559082,5.244999885559082,366.0
2024-07-03 10:34:00,EMBC,12.0600004196167,12.0600004196167,12.0600004196167,12.050000190734863,12.050000190734863,400.0
2024-07-03 10:34:00,ENSG,126.1449966430664,126.1449966430664,126.25,126.08000183105469,126.08000183105469,2185.0
2024-07-03 10:34:00,ENVB,0.5,0.5,0.5199000239372253,0.5,0.5199000239372253,0.0
2024-07-03 10:34:00,EOLS,10.862500190734863,10.862500190734863,10.862500190734863,10.862500190734863,10.862500190734863,464.0
2024-07-03 10:34:00,ERAS,2.2699999809265137,2.2699999809265137,2.2699999809265137,2.265000104904175,2.265000104904175,680.0
2024-07-03 10:34:00,ESPR,2.375,2.375,2.380000114440918,2.375,2.375,2122.0
2024-07-03 10:34:00,ETNB,7.710000038146973,7.710000038146973,7.710000038146973,7.710000038146973,7.710000038146973,1244.0
2024-07-03 10:34:00,EWTX,18.139999389648438,18.139999389648438,18.139999389648438,18.139999389648438,18.139999389648438,162.0
2024-07-03 10:34:00,EXAI,5.360000133514404,5.360000133514404,5.369999885559082,5.360000133514404,5.369999885559082,309.0
2024-07-03 10:34:00,EXAS,43.20000076293945,43.20000076293945,43.209999084472656,43.150001525878906,43.150001525878906,6592.0
2024-07-03 10:34:00,EXEL,22.094999313354492,22.094999313354492,22.094999313354492,22.079999923706055,22.079999923706055,2628.0
2024-07-03 10:34:00,EYPT,8.390000343322754,8.390000343322754,8.40999984741211,8.380000114440918,8.40999984741211,1321.0
2024-07-03 10:34:00,FATE,3.2950000762939453,3.2950000762939453,3.3299999237060547,3.2950000762939453,3.3299999237060547,14533.0
2024-07-03 10:34:00,FGEN,0.7325999736785889,0.7325999736785889,0.7325999736785889,0.7325999736785889,0.7325999736785889,3895.0
2024-07-03 10:34:00,FHTX,5.550000190734863,5.550000190734863,5.550000190734863,5.550000190734863,5.550000190734863,1660.0
2024-07-03 10:34:00,FOLD,9.920000076293945,9.920000076293945,9.925000190734863,9.920000076293945,9.925000190734863,1435.0
2024-07-03 10:34:00,FULC,6.179999828338623,6.179999828338623,6.190000057220459,6.179999828338623,6.190000057220459,400.0
2024-07-03 10:34:00,GBIO,2.3499999046325684,2.3499999046325684,2.3499999046325684,2.3499999046325684,2.3499999046325684,200.0
2024-07-03 10:34:00,GERN,4.40500020980835,4.40500020980835,4.40910005569458,4.385000228881836,4.389999866485596,26742.0
2024-07-03 10:34:00,GH,28.700000762939453,28.700000762939453,28.700000762939453,28.6299991607666,28.690000534057617,1599.0
2024-07-03 10:34:00,GILD,67.1449966430664,67.1449966430664,67.20999908447266,67.125,67.20999908447266,13661.0
2024-07-03 10:34:00,GLTO,0.4787999987602234,0.4787999987602234,0.47999998927116394,0.4772000014781952,0.4772999882698059,9942.0
2024-07-03 10:34:00,GLYC,0.27410000562667847,0.27410000562667847,0.2750000059604645,0.27219998836517334,0.27219998836517334,9691.0
2024-07-03 10:34:00,GOSS,0.9200000166893005,0.9200000166893005,0.9200000166893005,0.9200000166893005,0.9200000166893005,810.0
2024-07-03 10:34:00,GRFS,6.690000057220459,6.690000057220459,6.695000171661377,6.690000057220459,6.695000171661377,201.0
2024-07-03 10:34:00,GRTS,0.5698999762535095,0.5698999762535095,0.5698999762535095,0.5673999786376953,0.5698999762535095,4666.0
2024-07-03 10:34:00,GTHX,2.5299999713897705,2.5299999713897705,2.5299999713897705,2.5199999809265137,2.5199999809265137,1061.0
2024-07-03 10:34:00,HALO,51.6150016784668,51.6150016784668,51.6150016784668,51.529998779296875,51.57500076293945,4893.0
2024-07-03 10:34:00,HCAT,6.239999771118164,6.239999771118164,6.239999771118164,6.206099987030029,6.206099987030029,1791.0
2024-07-03 10:34:00,HCM,17.4950008392334,17.4950008392334,17.4950008392334,17.4950008392334,17.4950008392334,339.0
2024-07-03 10:34:00,HCSG,10.765000343322754,10.765000343322754,10.770000457763672,10.765000343322754,10.770000457763672,881.0
2024-07-03 10:34:00,HITI,2.1115000247955322,2.1115000247955322,2.1115000247955322,2.1115000247955322,2.1115000247955322,606.0
2024-07-03 10:34:00,HOLX,73.29000091552734,73.29000091552734,73.37000274658203,73.29000091552734,73.36499786376953,20992.0
2024-07-03 10:34:00,HOOK,0.5827999711036682,0.5827999711036682,0.5828999876976013,0.5827999711036682,0.5828999876976013,200.0
2024-07-03 10:34:00,HOWL,2.2298998832702637,2.2298998832702637,2.2298998832702637,2.2298998832702637,2.2298998832702637,657.0
2024-07-03 10:34:00,HRMY,30.277000427246094,30.277000427246094,30.339000701904297,30.277000427246094,30.339000701904297,543.0
2024-07-03 10:34:00,HROW,21.8700008392334,21.8700008392334,21.8700008392334,21.850000381469727,21.850000381469727,6372.0
2024-07-03 10:34:00,HRTX,2.805000066757202,2.805000066757202,2.805000066757202,2.7899999618530273,2.7899999618530273,12836.0
2024-07-03 10:34:00,HSIC,65.46499633789062,65.46499633789062,65.58999633789062,65.44999694824219,65.58999633789062,4261.0
2024-07-03 10:34:00,HUMA,5.744999885559082,5.744999885559082,5.749000072479248,5.730000019073486,5.730000019073486,4956.0
2024-07-03 10:34:00,IART,29.170000076293945,29.170000076293945,29.209999084472656,29.170000076293945,29.209999084472656,2744.0
2024-07-03 10:34:00,IBRX,6.318900108337402,6.318900108337402,6.318999767303467,6.318900108337402,6.318999767303467,1911.0
2024-07-03 10:34:00,ICLR,319.8900146484375,319.8900146484375,319.8900146484375,319.8900146484375,319.8900146484375,490.0
2024-07-03 10:34:00,IDXX,475.2300109863281,475.2300109863281,475.42498779296875,475.2300109863281,475.42498779296875,1556.0
2024-07-03 10:34:00,IDYA,33.60499954223633,33.60499954223633,33.60499954223633,33.60499954223633,33.60499954223633,221.0
2024-07-03 10:34:00,IGMS,6.519999980926514,6.519999980926514,6.644999980926514,6.519999980926514,6.644999980926514,1558.0
2024-07-03 10:34:00,IKNA,1.649999976158142,1.649999976158142,1.649999976158142,1.649999976158142,1.649999976158142,141.0
2024-07-03 10:34:00,ILMN,105.63999938964844,105.63999938964844,105.69000244140625,105.47000122070312,105.69000244140625,4517.0
2024-07-03 10:34:00,IMAB,1.5750000476837158,1.5750000476837158,1.5795999765396118,1.5700000524520874,1.5795999765396118,4102.0
2024-07-03 10:34:00,IMCR,36.150001525878906,36.150001525878906,36.150001525878906,36.130001068115234,36.130001068115234,370.0
2024-07-03 10:34:00,IMNM,12.0600004196167,12.0600004196167,12.075400352478027,12.0600004196167,12.075400352478027,1164.0
2024-07-03 10:34:00,IMRX,1.153499960899353,1.153499960899353,1.153499960899353,1.153499960899353,1.153499960899353,549.0
2024-07-03 10:34:00,IMVT,26.809999465942383,26.809999465942383,26.809999465942383,26.809999465942383,26.809999465942383,254.0
2024-07-03 10:34:00,INAB,0.800000011920929,0.800000011920929,0.800000011920929,0.800000011920929,0.800000011920929,1260.0
2024-07-03 10:34:00,INCY,58.099998474121094,58.099998474121094,58.130001068115234,58.09000015258789,58.099998474121094,2075.0
2024-07-03 10:34:00,INGN,7.889999866485596,7.889999866485596,7.900000095367432,7.889999866485596,7.889999866485596,957.0
2024-07-03 10:34:00,INMB,8.0,8.0,8.0,7.960000038146973,7.960000038146973,2368.0
2024-07-03 10:34:00,INMD,17.790000915527344,17.790000915527344,17.799999237060547,17.790000915527344,17.799999237060547,8846.0
2024-07-03 10:34:00,INNV,5.335000038146973,5.335000038146973,5.335000038146973,5.300000190734863,5.300000190734863,892.0
2024-07-03 10:34:00,INSM,63.869998931884766,63.869998931884766,63.869998931884766,63.79999923706055,63.849998474121094,5912.0
2024-07-03 10:34:00,INVA,16.329999923706055,16.329999923706055,16.329999923706055,16.329999923706055,16.329999923706055,854.0
2024-07-03 10:34:00,IONS,44.7400016784668,44.7400016784668,44.755001068115234,44.7400016784668,44.75,875.0
2024-07-03 10:34:00,IOVA,7.755000114440918,7.755000114440918,7.755000114440918,7.75,7.75,7055.0
2024-07-03 10:34:00,IRWD,6.190000057220459,6.190000057220459,6.190000057220459,6.190000057220459,6.190000057220459,368.0
2024-07-03 10:34:00,ISPC,0.2833999991416931,0.2833999991416931,0.28999999165534973,0.2833999991416931,0.28999999165534973,7292.0
2024-07-03 10:34:00,ISRG,435.1199951171875,435.1199951171875,435.5,435.1199951171875,435.3299865722656,1938.0
2024-07-03 10:34:00,JANX,38.88999938964844,38.88999938964844,38.900001525878906,38.88999938964844,38.89500045776367,645.0
2024-07-03 10:34:00,JAZZ,105.06199645996094,105.06199645996094,105.06199645996094,105.02999877929688,105.02999877929688,2021.0
2024-07-03 10:34:00,KALV,11.739999771118164,11.739999771118164,11.739999771118164,11.720000267028809,11.72249984741211,1564.0
2024-07-03 10:34:00,KOD,2.25,2.25,2.25,2.25,2.25,363.0
2024-07-03 10:34:00,KROS,42.75,42.75,42.75,42.63999938964844,42.63999938964844,1232.0
2024-07-03 10:34:00,KRYS,179.0800018310547,179.0800018310547,179.0800018310547,179.0800018310547,179.0800018310547,145.0
2024-07-03 10:34:00,KTRA,0.28060001134872437,0.28060001134872437,0.2815999984741211,0.28060001134872437,0.28139999508857727,6623.0
2024-07-03 10:34:00,KURA,20.729999542236328,20.729999542236328,20.760000228881836,20.729999542236328,20.760000228881836,748.0
2024-07-03 10:34:00,LAB,1.8049999475479126,1.8049999475479126,1.8049999475479126,1.7999999523162842,1.7999999523162842,617.0
2024-07-03 10:34:00,LBPH,32.29999923706055,32.29999923706055,32.310001373291016,32.29999923706055,32.310001373291016,1214.0
2024-07-03 10:34:00,LEGN,45.38999938964844,45.38999938964844,45.38999938964844,45.38999938964844,45.38999938964844,1495.0
2024-07-03 10:34:00,LFST,5.121200084686279,5.121200084686279,5.125,5.121200084686279,5.125,1209.0
2024-07-03 10:34:00,LNTH,78.8499984741211,78.8499984741211,78.8499984741211,78.8499984741211,78.8499984741211,200.0
2024-07-03 10:34:00,LOGC,5.739999771118164,5.739999771118164,5.739999771118164,5.739999771118164,5.739999771118164,135.0
2024-07-03 10:34:00,LRMR,7.760000228881836,7.760000228881836,7.764999866485596,7.760000228881836,7.760000228881836,1359.0
2024-07-03 10:34:00,LUCY,0.4779999852180481,0.4779999852180481,0.47999998927116394,0.4779999852180481,0.47999998927116394,100.0
2024-07-03 10:34:00,LXRX,1.625,1.625,1.625,1.6200000047683716,1.625,1630.0
2024-07-03 10:34:00,LYEL,1.440000057220459,1.440000057220459,1.440000057220459,1.4249999523162842,1.4249999523162842,6971.0
2024-07-03 10:34:00,LYRA,0.2897999882698059,0.2897999882698059,0.2897999882698059,0.2888999879360199,0.2888999879360199,3298.0
2024-07-03 10:34:00,MASI,113.95999908447266,113.95999908447266,114.11499786376953,113.95999908447266,114.05999755859375,2212.0
2024-07-03 10:34:00,MBIO,0.5202000141143799,0.5202000141143799,0.5224999785423279,0.5202000141143799,0.5202000141143799,16408.0
2024-07-03 10:34:00,MCRB,0.7088000178337097,0.7088000178337097,0.7099999785423279,0.7074999809265137,0.7099999785423279,11159.0
2024-07-03 10:34:00,MDXG,6.78000020980835,6.78000020980835,6.78000020980835,6.78000020980835,6.78000020980835,205.0
2024-07-03 10:34:00,ME,0.4034999907016754,0.4034999907016754,0.4034999907016754,0.4034000039100647,0.4034000039100647,5333.0
2024-07-03 10:34:00,MEDP,406.93499755859375,406.93499755859375,406.94000244140625,406.93499755859375,406.94000244140625,1027.0
2024-07-03 10:34:00,MEDS,16.95009994506836,16.95009994506836,16.95009994506836,16.95009994506836,16.95009994506836,174.0
2024-07-03 10:34:00,MGNX,4.315000057220459,4.315000057220459,4.320000171661377,4.309999942779541,4.315000057220459,2541.0
2024-07-03 10:34:00,MGTX,4.030600070953369,4.030600070953369,4.030600070953369,4.03000020980835,4.03000020980835,409.0
2024-07-03 10:34:00,MIRM,33.970001220703125,33.970001220703125,33.970001220703125,33.970001220703125,33.970001220703125,260.0
2024-07-03 10:34:00,MLTX,41.68000030517578,41.68000030517578,41.68000030517578,41.54499816894531,41.54499816894531,1806.0
2024-07-03 10:34:00,MMSI,85.87000274658203,85.87000274658203,85.87000274658203,85.87000274658203,85.87000274658203,727.0
2024-07-03 10:34:00,MNKD,5.135000228881836,5.135000228881836,5.135000228881836,5.130000114440918,5.135000228881836,2007.0
2024-07-03 10:34:00,MNMD,7.230000019073486,7.230000019073486,7.235000133514404,7.21999979019165,7.21999979019165,3950.0
2024-07-03 10:34:00,MOR,18.184999465942383,18.184999465942383,18.184999465942383,18.184999465942383,18.184999465942383,592.0
2024-07-03 10:34:00,MORF,32.040000915527344,32.040000915527344,32.06999969482422,32.0,32.029998779296875,2432.0
2024-07-03 10:34:00,MREO,3.505000114440918,3.505000114440918,3.505000114440918,3.505000114440918,3.505000114440918,128.0
2024-07-03 10:34:00,MRNA,117.04000091552734,117.04000091552734,117.18000030517578,116.76000213623047,117.18000030517578,31508.0
2024-07-03 10:34:00,MRNS,1.2350000143051147,1.2350000143051147,1.2400000095367432,1.2350000143051147,1.2400000095367432,345.0
2024-07-03 10:34:00,MRUS,52.83000183105469,52.83000183105469,52.869998931884766,52.7400016784668,52.7400016784668,1241.0
2024-07-03 10:34:00,MRVI,6.824999809265137,6.824999809265137,6.824999809265137,6.824999809265137,6.824999809265137,1825.0
2024-07-03 10:34:00,MXCT,3.755000114440918,3.755000114440918,3.755000114440918,3.75,3.75,1946.0
2024-07-03 10:34:00,MYGN,25.450000762939453,25.450000762939453,25.450000762939453,25.415000915527344,25.43000030517578,1352.0
2024-07-03 10:34:00,MYNZ,0.3529999852180481,0.3529999852180481,0.3529999852180481,0.3529999852180481,0.3529999852180481,2000.0
2024-07-03 10:34:00,NARI,49.89500045776367,49.89500045776367,49.89500045776367,49.72999954223633,49.779998779296875,4409.0
2024-07-03 10:34:00,NBIX,138.1699981689453,138.1699981689453,138.19000244140625,138.02549743652344,138.19000244140625,704.0
2024-07-03 10:34:00,NDRA,0.08380000293254852,0.08380000293254852,0.08410000056028366,0.08380000293254852,0.08410000056028366,15224.0
2024-07-03 10:34:00,NEO,13.710000038146973,13.710000038146973,13.710000038146973,13.710000038146973,13.710000038146973,936.0
2024-07-03 10:34:00,NEOG,15.210000038146973,15.210000038146973,15.220000267028809,15.204999923706055,15.220000267028809,2251.0
2024-07-03 10:34:00,NKTR,1.2549999952316284,1.2549999952316284,1.2599999904632568,1.25,1.2599999904632568,14591.0
2024-07-03 10:34:00,NKTX,5.560200214385986,5.560200214385986,5.570000171661377,5.560200214385986,5.570000171661377,1592.0
2024-07-03 10:34:00,NNOX,7.130000114440918,7.130000114440918,7.130000114440918,7.119999885559082,7.130000114440918,770.0
2024-07-03 10:34:00,NPCE,7.289999961853027,7.289999961853027,7.289999961853027,7.289999961853027,7.289999961853027,112.0
2024-07-03 10:34:00,NRC,22.93000030517578,22.93000030517578,22.93000030517578,22.93000030517578,22.93000030517578,180.0
2024-07-03 10:34:00,NTLA,22.93000030517578,22.93000030517578,22.940000534057617,22.860000610351562,22.90999984741211,6784.0
2024-07-03 10:34:00,NTRA,112.41999816894531,112.41999816894531,112.41999816894531,112.1500015258789,112.30000305175781,2801.0
2024-07-03 10:34:00,NUVL,72.2300033569336,72.2300033569336,72.25,72.2300033569336,72.2300033569336,990.0
2024-07-03 10:34:00,NVAX,12.9399995803833,12.9399995803833,12.960000038146973,12.930100440979004,12.960000038146973,17719.0
2024-07-03 10:34:00,NVCR,16.90999984741211,16.90999984741211,16.90999984741211,16.90999984741211,16.90999984741211,500.0
2024-07-03 10:34:00,NVCT,6.264999866485596,6.264999866485596,6.264999866485596,6.264999866485596,6.264999866485596,205.0
2024-07-03 10:34:00,NXL,1.3849999904632568,1.3849999904632568,1.409999966621399,1.3700000047683716,1.409999966621399,13531.0
2024-07-03 10:34:00,OCGN,1.6649999618530273,1.6649999618530273,1.6686999797821045,1.659999966621399,1.6649999618530273,3940.0
2024-07-03 10:34:00,OCUL,6.849999904632568,6.849999904632568,6.849999904632568,6.829999923706055,6.829999923706055,2987.0
2024-07-03 10:34:00,OGI,1.6100000143051147,1.6100000143051147,1.6100000143051147,1.6100000143051147,1.6100000143051147,5321.0
2024-07-03 10:34:00,OLMA,10.774999618530273,10.774999618530273,10.774999618530273,10.774999618530273,10.774999618530273,1436.0
2024-07-03 10:34:00,OM,3.744999885559082,3.744999885559082,3.744999885559082,3.744999885559082,3.744999885559082,747.0
2024-07-03 10:34:00,OMGA,2.049999952316284,2.049999952316284,2.049999952316284,2.049999952316284,2.049999952316284,409.0
2024-07-03 10:34:00,ONCY,1.0180000066757202,1.0180000066757202,1.0180000066757202,1.0180000066757202,1.0180000066757202,540.0
2024-07-03 10:35:00,AADI,1.3911000490188599,1.3911000490188599,1.3911000490188599,1.3911000490188599,1.3911000490188599,3010.0
2024-07-03 10:35:00,ABCL,2.7298998832702637,2.7298998832702637,2.734999895095825,2.7200000286102295,2.734999895095825,6524.0
2024-07-03 10:35:00,ABOS,2.319999933242798,2.319999933242798,2.319999933242798,2.319999933242798,2.319999933242798,103.0
2024-07-03 10:35:00,ABSI,3.216200113296509,3.216200113296509,3.216200113296509,3.209700107574463,3.209700107574463,2234.0
2024-07-03 10:35:00,ABUS,3.174999952316284,3.174999952316284,3.174999952316284,3.174999952316284,3.174999952316284,571.0
2024-07-03 10:35:00,ACAD,15.760000228881836,15.760000228881836,15.779999732971191,15.760000228881836,15.779999732971191,2707.0
2024-07-03 10:35:00,ACCD,3.6050000190734863,3.6050000190734863,3.6050000190734863,3.580199956893921,3.5850000381469727,40699.0
2024-07-03 10:35:00,ACET,1.059999942779541,1.059999942779541,1.0699000358581543,1.059999942779541,1.0699000358581543,3143.0
2024-07-03 10:35:00,ACHC,65.94499969482422,65.94499969482422,65.98999786376953,65.94499969482422,65.95999908447266,527.0
2024-07-03 10:35:00,ACLX,54.720001220703125,54.720001220703125,54.720001220703125,54.720001220703125,54.720001220703125,343.0
2024-07-03 10:35:00,ACRS,1.1799999475479126,1.1799999475479126,1.1799999475479126,1.1799999475479126,1.1799999475479126,2971.0
2024-07-03 10:35:00,ADAP,1.0449999570846558,1.0449999570846558,1.0449999570846558,1.0449999570846558,1.0449999570846558,600.0
2024-07-03 10:35:00,ADMA,11.404999732971191,11.404999732971191,11.404999732971191,11.390000343322754,11.390000343322754,2579.0
2024-07-03 10:35:00,ADPT,3.3949999809265137,3.3949999809265137,3.4000000953674316,3.390000104904175,3.390000104904175,3961.0
2024-07-03 10:35:00,ADVM,7.09499979019165,7.09499979019165,7.119999885559082,7.09499979019165,7.119999885559082,1227.0
2024-07-03 10:35:00,AEMD,0.41200000047683716,0.41200000047683716,0.42489999532699585,0.4113999903202057,0.41999998688697815,15935.0
2024-07-03 10:35:00,AGEN,14.699999809265137,14.699999809265137,14.699999809265137,14.699999809265137,14.699999809265137,190.0
2024-07-03 10:35:00,AGIO,42.24700164794922,42.24700164794922,42.24700164794922,42.24700164794922,42.24700164794922,125.0
2024-07-03 10:35:00,AHCO,9.850000381469727,9.850000381469727,9.890000343322754,9.850000381469727,9.880000114440918,1665.0
2024-07-03 10:35:00,AKAN,2.265000104904175,2.265000104904175,2.265000104904175,2.265000104904175,2.265000104904175,2650.0
2024-07-03 10:35:00,AKBA,0.9517999887466431,0.9517999887466431,0.9517999887466431,0.9517999887466431,0.9517999887466431,1460.0
2024-07-03 10:35:00,AKRO,22.280000686645508,22.280000686645508,22.290000915527344,22.25,22.25,674.0
2024-07-03 10:35:00,ALDX,3.2750000953674316,3.2750000953674316,3.2750000953674316,3.2750000953674316,3.2750000953674316,230.0
2024-07-03 10:35:00,ALGN,238.32000732421875,238.32000732421875,238.32000732421875,238.30999755859375,238.30999755859375,1242.0
2024-07-03 10:35:00,ALGS,0.4250999987125397,0.4250999987125397,0.4250999987125397,0.41940000653266907,0.41940000653266907,47139.0
2024-07-03 10:35:00,ALHC,8.0,8.0,8.0,8.0,8.0,1342.0
2024-07-03 10:35:00,ALKS,24.420000076293945,24.420000076293945,24.420000076293945,24.420000076293945,24.420000076293945,5067.0
2024-07-03 10:35:00,ALLK,0.8633999824523926,0.8633999824523926,0.8633999824523926,0.8633999824523926,0.8633999824523926,209.0
2024-07-03 10:35:00,ALLO,2.1649999618530273,2.1649999618530273,2.1649999618530273,2.1600000858306885,2.1600000858306885,4603.0
2024-07-03 10:35:00,ALLR,0.20499999821186066,0.20499999821186066,0.2069000005722046,0.20499999821186066,0.2069000005722046,400.0
2024-07-03 10:35:00,ALNY,247.01499938964844,247.01499938964844,247.10000610351562,246.55999755859375,246.55999755859375,5665.0
2024-07-03 10:35:00,ALT,6.849999904632568,6.849999904632568,6.8566999435424805,6.840000152587891,6.840000152587891,3045.0
2024-07-03 10:35:00,ALXO,5.96999979019165,5.96999979019165,5.96999979019165,5.957799911499023,5.957799911499023,3075.0
2024-07-03 10:35:00,AMGN,311.0899963378906,311.0899963378906,311.1289978027344,310.9100036621094,310.9100036621094,2359.0
2024-07-03 10:35:00,AMLX,1.774999976158142,1.774999976158142,1.7799999713897705,1.7699999809265137,1.774999976158142,4553.0
2024-07-03 10:35:00,AMPH,38.2681999206543,38.2681999206543,38.29499816894531,38.18000030517578,38.18000030517578,4441.0
2024-07-03 10:35:00,ANAB,25.399999618530273,25.399999618530273,25.450000762939453,25.299999237060547,25.299999237060547,4585.0
2024-07-03 10:35:00,ANIP,61.7400016784668,61.7400016784668,61.900001525878906,61.7400016784668,61.900001525878906,1081.0
2024-07-03 10:35:00,ANNX,4.889999866485596,4.889999866485596,4.889999866485596,4.880000114440918,4.889999866485596,900.0
2024-07-03 10:35:00,APLS,35.7599983215332,35.7599983215332,35.7599983215332,35.650001525878906,35.66999816894531,3685.0
2024-07-03 10:35:00,APLT,4.449999809265137,4.449999809265137,4.449999809265137,4.449999809265137,4.449999809265137,1088.0
2024-07-03 10:35:00,APTO,0.7430999875068665,0.7430999875068665,0.7551000118255615,0.7430999875068665,0.7549999952316284,2127.0
2024-07-03 10:35:00,ARAY,1.7604999542236328,1.7604999542236328,1.7604999542236328,1.7604999542236328,1.7604999542236328,323.0
2024-07-03 10:35:00,ARCT,21.649999618530273,21.649999618530273,21.700000762939453,21.6299991607666,21.65999984741211,1773.0
2024-07-03 10:35:00,ARDX,5.329999923706055,5.329999923706055,5.330100059509277,5.29010009765625,5.29010009765625,63722.0
2024-07-03 10:35:00,ARGX,435.4200134277344,435.4200134277344,435.4200134277344,435.4200134277344,435.4200134277344,367.0
2024-07-03 10:35:00,ARQT,9.789999961853027,9.789999961853027,9.800000190734863,9.752400398254395,9.770000457763672,8261.0
2024-07-03 10:35:00,ARVN,24.889999389648438,24.889999389648438,24.899999618530273,24.84000015258789,24.889999389648438,1354.0
2024-07-03 10:35:00,ARWR,25.760000228881836,25.760000228881836,25.760000228881836,25.760000228881836,25.760000228881836,330.0
2024-07-03 10:35:00,ASLN,2.299999952316284,2.299999952316284,2.299999952316284,2.299999952316284,2.299999952316284,1099.0
2024-07-03 10:35:00,ASND,136.2100067138672,136.2100067138672,136.2100067138672,135.75999450683594,135.75999450683594,1764.0
2024-07-03 10:35:00,ASRT,1.301800012588501,1.301800012588501,1.3049999475479126,1.2905000448226929,1.2949999570846558,19284.0
2024-07-03 10:35:00,ATAI,1.3049999475479126,1.3049999475479126,1.3049999475479126,1.3049999475479126,1.3049999475479126,900.0
2024-07-03 10:35:00,ATEC,9.960000038146973,9.960000038146973,9.970000267028809,9.960000038146973,9.96500015258789,1736.0
2024-07-03 10:35:00,ATOS,1.1649999618530273,1.1649999618530273,1.1649999618530273,1.159999966621399,1.159999966621399,3268.0
2024-07-03 10:35:00,ATRA,7.71999979019165,7.71999979019165,7.71999979019165,7.71999979019165,7.71999979019165,450.0
2024-07-03 10:35:00,ATXS,9.100000381469727,9.100000381469727,9.100000381469727,9.100000381469727,9.100000381469727,200.0
2024-07-03 10:35:00,AUGX,1.0,1.0,1.0,1.0,1.0,238.0
2024-07-03 10:35:00,AVDL,14.389900207519531,14.389900207519531,14.389900207519531,14.366299629211426,14.380000114440918,1761.0
2024-07-03 10:35:00,AVIR,3.3375000953674316,3.3375000953674316,3.3375000953674316,3.3375000953674316,3.3375000953674316,265.0
2024-07-03 10:35:00,AVTE,1.649999976158142,1.649999976158142,1.660099983215332,1.6449999809265137,1.659999966621399,14813.0
2024-07-03 10:35:00,AVXL,4.2804999351501465,4.2804999351501465,4.284999847412109,4.275000095367432,4.275000095367432,3230.0
2024-07-03 10:35:00,AWH,1.0099999904632568,1.0099999904632568,1.0099999904632568,1.0099999904632568,1.0099999904632568,6510.0
2024-07-03 10:35:00,AXNX,67.51000213623047,67.51000213623047,67.51000213623047,67.51000213623047,67.51000213623047,321.0
2024-07-03 10:35:00,AXSM,80.0,80.0,80.0,80.0,80.0,532.0
2024-07-03 10:35:00,AZN,76.91999816894531,76.91999816894531,76.96050262451172,76.91000366210938,76.95999908447266,10281.0
2024-07-03 10:35:00,AZTA,52.91999816894531,52.91999816894531,52.91999816894531,52.88999938964844,52.91999816894531,1323.0
2024-07-03 10:35:00,BBIO,25.270000457763672,25.270000457763672,25.299999237060547,25.270000457763672,25.290000915527344,2308.0
2024-07-03 10:35:00,BCAB,1.3350000381469727,1.3350000381469727,1.3350000381469727,1.3300000429153442,1.3300000429153442,1421.0
2024-07-03 10:35:00,BCRX,6.678599834442139,6.678599834442139,6.690000057220459,6.670000076293945,6.690000057220459,9302.0
2024-07-03 10:35:00,BCYC,19.811500549316406,19.811500549316406,19.811500549316406,19.809999465942383,19.809999465942383,1215.0
2024-07-03 10:35:00,BEAM,23.809999465942383,23.809999465942383,23.829999923706055,23.809999465942383,23.829999923706055,1233.0
2024-07-03 10:35:00,BGNE,148.09500122070312,148.09500122070312,148.09500122070312,147.50999450683594,147.50999450683594,2060.0
2024-07-03 10:35:00,BGXX,0.27390000224113464,0.27390000224113464,0.2752000093460083,0.27390000224113464,0.27399998903274536,927.0
2024-07-03 10:35:00,BIVI,0.41670000553131104,0.41670000553131104,0.4171999990940094,0.41670000553131104,0.4171999990940094,5390.0
2024-07-03 10:35:00,BJDX,0.6262999773025513,0.6262999773025513,0.6262999773025513,0.6262999773025513,0.6262999773025513,3000.0
2024-07-03 10:35:00,BLFS,20.18239974975586,20.18239974975586,20.209999084472656,20.165000915527344,20.200000762939453,1212.0
2024-07-03 10:35:00,BLUE,0.9460999965667725,0.9460999965667725,0.9460999965667725,0.9460999965667725,0.9460999965667725,2742.0
2024-07-03 10:35:00,BMEA,4.449999809265137,4.449999809265137,4.449999809265137,4.449999809265137,4.449999809265137,192.0
2024-07-03 10:35:00,BMRA,0.45500001311302185,0.45500001311302185,0.45500001311302185,0.4544999897480011,0.4544999897480011,300.0
2024-07-03 10:35:00,BMRN,81.31500244140625,81.31500244140625,81.31500244140625,81.31500244140625,81.31500244140625,1721.0
2024-07-03 10:35:00,BNGO,0.5630000233650208,0.5630000233650208,0.5659000277519226,0.5604000091552734,0.5630999803543091,13189.0
2024-07-03 10:35:00,BNTX,81.13500213623047,81.13500213623047,81.1449966430664,80.98500061035156,80.98500061035156,3142.0
2024-07-03 10:35:00,BRKR,62.01499938964844,62.01499938964844,62.01499938964844,62.01499938964844,62.01499938964844,809.0
2024-07-03 10:35:00,BTAI,1.100000023841858,1.100000023841858,1.1098999977111816,1.100000023841858,1.1098999977111816,2335.0
2024-07-03 10:35:00,BVS,6.164999961853027,6.164999961853027,6.170000076293945,6.159999847412109,6.170000076293945,1030.0
2024-07-03 10:35:00,CABA,7.769999980926514,7.769999980926514,7.769999980926514,7.760000228881836,7.760000228881836,1026.0
2024-07-03 10:35:00,CAPR,4.769999980926514,4.769999980926514,4.785099983215332,4.769999980926514,4.785099983215332,774.0
2024-07-03 10:35:00,CARA,0.2825999855995178,0.2825999855995178,0.2825999855995178,0.2825999855995178,0.2825999855995178,2325.0
2024-07-03 10:35:00,CCCC,4.800000190734863,4.800000190734863,4.815000057220459,4.792399883270264,4.809999942779541,7055.0
2024-07-03 10:35:00,CDMO,7.632800102233887,7.632800102233887,7.650000095367432,7.579999923706055,7.599999904632568,22479.0
2024-07-03 10:35:00,CDNA,15.343999862670898,15.343999862670898,15.343999862670898,15.319999694824219,15.319999694824219,412.0
2024-07-03 10:35:00,CDXC,2.5799999237060547,2.5799999237060547,2.5799999237060547,2.5799999237060547,2.5799999237060547,653.0
2024-07-03 10:35:00,CELZ,3.650099992752075,3.650099992752075,3.650099992752075,3.650099992752075,3.650099992752075,24.0
2024-07-03 10:35:00,CERE,41.290000915527344,41.290000915527344,41.349998474121094,41.290000915527344,41.32500076293945,5442.0
2024-07-03 10:35:00,CERS,1.7450000047683716,1.7450000047683716,1.7450000047683716,1.7400000095367432,1.7400000095367432,630.0
2024-07-03 10:35:00,CGC,6.835000038146973,6.835000038146973,6.840000152587891,6.829999923706055,6.835999965667725,21643.0
2024-07-03 10:35:00,CGEM,17.05500030517578,17.05500030517578,17.05500030517578,17.05500030517578,17.05500030517578,260.0
2024-07-03 10:35:00,CGEN,1.6799999475479126,1.6799999475479126,1.6799999475479126,1.6799999475479126,1.6799999475479126,301.0
2024-07-03 10:35:00,CING,0.3230000138282776,0.3230000138282776,0.3230000138282776,0.3230000138282776,0.3230000138282776,572.0
2024-07-03 10:35:00,CKPT,2.3241000175476074,2.3241000175476074,2.3324999809265137,2.3241000175476074,2.3324999809265137,381.0
2024-07-03 10:35:00,CLDX,36.9900016784668,36.9900016784668,37.04999923706055,36.959999084472656,36.959999084472656,1215.0
2024-07-03 10:35:00,CLNN,0.33009999990463257,0.33009999990463257,0.33009999990463257,0.33009999990463257,0.33009999990463257,2597.0
2024-07-03 10:35:00,CLOV,1.2597999572753906,1.2597999572753906,1.2599999904632568,1.25,1.2549999952316284,3158.0
2024-07-03 10:35:00,CMPX,0.8500000238418579,0.8500000238418579,0.8500000238418579,0.8479999899864197,0.8479999899864197,2712.0
2024-07-03 10:35:00,CNSP,2.1500000953674316,2.1500000953674316,2.1500000953674316,2.109999895095825,2.1301000118255615,51037.0
2024-07-03 10:35:00,COGT,8.383700370788574,8.383700370788574,8.383700370788574,8.345000267028809,8.345000267028809,2731.0
2024-07-03 10:35:00,CORT,30.969999313354492,30.969999313354492,30.969999313354492,30.969999313354492,30.969999313354492,483.0
2024-07-03 10:35:00,COSM,0.9404000043869019,0.9404000043869019,0.9404000043869019,0.9404000043869019,0.9404000043869019,286.0
2024-07-03 10:35:00,CPRX,15.703100204467773,15.703100204467773,15.710000038146973,15.699999809265137,15.710000038146973,841.0
2024-07-03 10:35:00,CRBU,1.6100000143051147,1.6100000143051147,1.6154999732971191,1.6100000143051147,1.6100000143051147,2056.0
2024-07-03 10:35:00,CRNX,45.11000061035156,45.11000061035156,45.189998626708984,44.935001373291016,44.935001373291016,4000.0
2024-07-03 10:35:00,CRON,2.365000009536743,2.365000009536743,2.365000009536743,2.3598999977111816,2.3598999977111816,5280.0
2024-07-03 10:35:00,CRSP,54.459999084472656,54.459999084472656,54.4900016784668,54.459999084472656,54.47999954223633,2211.0
2024-07-03 10:35:00,CSTL,21.549999237060547,21.549999237060547,21.549999237060547,21.549999237060547,21.549999237060547,588.0
2024-07-03 10:35:00,CTKB,5.760000228881836,5.760000228881836,5.760000228881836,5.760000228881836,5.760000228881836,355.0
2024-07-03 10:35:00,CTXR,0.5184000134468079,0.5184000134468079,0.5184000134468079,0.5184000134468079,0.5184000134468079,547.0
2024-07-03 10:35:00,CUE,1.0299999713897705,1.0299999713897705,1.034999966621399,1.0299999713897705,1.034999966621399,900.0
2024-07-03 10:35:00,CUTR,1.3250000476837158,1.3250000476837158,1.3250000476837158,1.3200000524520874,1.3200000524520874,426.0
2024-07-03 10:35:00,CVAC,3.4600000381469727,3.4600000381469727,3.484999895095825,3.4600000381469727,3.4811999797821045,21850.0
2024-07-03 10:35:00,CYTK,54.68000030517578,54.68000030517578,54.77000045776367,54.66999816894531,54.66999816894531,934.0
2024-07-03 10:35:00,DARE,3.399600028991699,3.399600028991699,3.399600028991699,3.3838000297546387,3.3838000297546387,896.0
2024-07-03 10:35:00,DNLI,22.040000915527344,22.040000915527344,22.040000915527344,22.040000915527344,22.040000915527344,925.0
2024-07-03 10:35:00,DXCM,110.11000061035156,110.11000061035156,110.1500015258789,110.11000061035156,110.1500015258789,905.0
2024-07-03 10:35:00,DYN,34.650001525878906,34.650001525878906,34.650001525878906,34.650001525878906,34.650001525878906,645.0
2024-07-03 10:35:00,EDIT,4.710000038146973,4.710000038146973,4.710000038146973,4.710000038146973,4.710000038146973,1857.0
2024-07-03 10:35:00,EGRX,5.244999885559082,5.244999885559082,5.244999885559082,5.244999885559082,5.244999885559082,307.0
2024-07-03 10:35:00,ELEV,2.7249999046325684,2.7249999046325684,2.7249999046325684,2.7249999046325684,2.7249999046325684,339.0
2024-07-03 10:35:00,ELYM,6.7820000648498535,6.7820000648498535,6.7820000648498535,6.7820000648498535,6.7820000648498535,323.0
2024-07-03 10:35:00,EMBC,12.039999961853027,12.039999961853027,12.039999961853027,12.039999961853027,12.039999961853027,194.0
2024-07-03 10:35:00,ENSG,126.27839660644531,126.27839660644531,126.27839660644531,126.2300033569336,126.2300033569336,1932.0
2024-07-03 10:35:00,ENVB,0.5199999809265137,0.5199999809265137,0.5199999809265137,0.5001000165939331,0.5001000165939331,1858.0
2024-07-03 10:35:00,ERAS,2.2699999809265137,2.2699999809265137,2.2699999809265137,2.2699999809265137,2.2699999809265137,151.0
2024-07-03 10:35:00,ESPR,2.380000114440918,2.380000114440918,2.380000114440918,2.380000114440918,2.380000114440918,2831.0
2024-07-03 10:35:00,ESTA,43.59000015258789,43.59000015258789,43.59000015258789,43.59000015258789,43.59000015258789,356.0
2024-07-03 10:35:00,ETNB,7.710000038146973,7.710000038146973,7.710000038146973,7.710000038146973,7.710000038146973,1409.0
2024-07-03 10:35:00,EVGN,0.632099986076355,0.632099986076355,0.632099986076355,0.632099986076355,0.632099986076355,301.0
2024-07-03 10:35:00,EXAI,5.360000133514404,5.360000133514404,5.360000133514404,5.355599880218506,5.355599880218506,618.0
2024-07-03 10:35:00,EYEN,0.7943000197410583,0.7943000197410583,0.7943000197410583,0.7900000214576721,0.7900000214576721,2209.0
2024-07-03 10:35:00,FATE,3.315000057220459,3.315000057220459,3.315000057220459,3.309999942779541,3.309999942779541,2040.0
2024-07-03 10:35:00,FBIO,1.7699999809265137,1.7699999809265137,1.7699999809265137,1.7699999809265137,1.7699999809265137,215.0
2024-07-03 10:35:00,FDMT,21.270000457763672,21.270000457763672,21.3799991607666,21.235000610351562,21.235000610351562,1485.0
2024-07-03 10:35:00,FGEN,0.7260000109672546,0.7260000109672546,0.7260000109672546,0.7260000109672546,0.7260000109672546,5497.0
2024-07-03 10:35:00,FLGC,0.9399999976158142,0.9399999976158142,0.9399999976158142,0.9399999976158142,0.9399999976158142,115.0
2024-07-03 10:35:00,FOLD,9.920000076293945,9.920000076293945,9.920000076293945,9.920000076293945,9.920000076293945,832.0
2024-07-03 10:35:00,FULC,6.210000038146973,6.210000038146973,6.210000038146973,6.190000057220459,6.190000057220459,1909.0
2024-07-03 10:35:00,GALT,2.190000057220459,2.190000057220459,2.190000057220459,2.190000057220459,2.190000057220459,1074.0
2024-07-03 10:35:00,GANX,1.1950000524520874,1.1950000524520874,1.1950000524520874,1.1950000524520874,1.1950000524520874,600.0
2024-07-03 10:35:00,GBIO,2.359999895095825,2.359999895095825,2.359999895095825,2.359999895095825,2.359999895095825,200.0
2024-07-03 10:35:00,GDRX,7.84499979019165,7.84499979019165,7.84499979019165,7.84499979019165,7.84499979019165,1015.0
2024-07-03 10:35:00,GERN,4.40500020980835,4.40500020980835,4.40500020980835,4.400000095367432,4.401199817657471,17361.0
2024-07-03 10:35:00,GH,28.670000076293945,28.670000076293945,28.670000076293945,28.640100479125977,28.670000076293945,564.0
2024-07-03 10:35:00,GILD,67.16000366210938,67.16000366210938,67.16000366210938,67.0999984741211,67.12000274658203,4439.0
2024-07-03 10:35:00,GLPG,25.395000457763672,25.395000457763672,25.395000457763672,25.395000457763672,25.395000457763672,3425.0
2024-07-03 10:35:00,GLTO,0.4787999987602234,0.4787999987602234,0.47999998927116394,0.4778999984264374,0.47999998927116394,15403.0
2024-07-03 10:35:00,GLYC,0.2766000032424927,0.2766000032424927,0.27730000019073486,0.27379998564720154,0.2750000059604645,9040.0
2024-07-03 10:35:00,GMAB,25.229999542236328,25.229999542236328,25.229999542236328,25.209999084472656,25.209999084472656,1413.0
2024-07-03 10:35:00,GOSS,0.9222000241279602,0.9222000241279602,0.9222000241279602,0.9200999736785889,0.9221000075340271,4498.0
2024-07-03 10:35:00,GRFS,6.695000171661377,6.695000171661377,6.695000171661377,6.690000057220459,6.690000057220459,696.0
2024-07-03 10:35:00,GRTS,0.5741000175476074,0.5741000175476074,0.5741000175476074,0.569100022315979,0.569100022315979,6993.0
2024-07-03 10:35:00,GTHX,2.5299999713897705,2.5299999713897705,2.5299999713897705,2.5199999809265137,2.5199999809265137,410.0
2024-07-03 10:35:00,HALO,51.55500030517578,51.55500030517578,51.55500030517578,51.547298431396484,51.54999923706055,1146.0
2024-07-03 10:35:00,HBIO,2.759999990463257,2.759999990463257,2.7799999713897705,2.759999990463257,2.7799999713897705,3686.0
2024-07-03 10:35:00,HITI,2.115000009536743,2.115000009536743,2.115000009536743,2.115000009536743,2.115000009536743,300.0
2024-07-03 10:35:00,HLVX,14.274999618530273,14.274999618530273,14.274999618530273,14.220000267028809,14.220000267028809,451.0
2024-07-03 10:35:00,HOLX,73.36599731445312,73.36599731445312,73.37000274658203,73.29499816894531,73.29499816894531,3828.0
2024-07-03 10:35:00,HOOK,0.5827999711036682,0.5827999711036682,0.5827999711036682,0.5827999711036682,0.5827999711036682,100.0
2024-07-03 10:35:00,HQY,83.43000030517578,83.43000030517578,83.48999786376953,83.43000030517578,83.4800033569336,609.0
2024-07-03 10:35:00,HRMY,30.350000381469727,30.350000381469727,30.360000610351562,30.350000381469727,30.360000610351562,1065.0
2024-07-03 10:35:00,HSIC,65.45500183105469,65.45500183105469,65.51000213623047,65.40499877929688,65.47000122070312,3510.0
2024-07-03 10:35:00,HUMA,5.730299949645996,5.730299949645996,5.741399765014648,5.730100154876709,5.740099906921387,5327.0
2024-07-03 10:35:00,IART,29.209999084472656,29.209999084472656,29.209999084472656,29.190000534057617,29.190000534057617,1919.0
2024-07-03 10:35:00,IBRX,6.28000020980835,6.28000020980835,6.315000057220459,6.28000020980835,6.309999942779541,18179.0
2024-07-03 10:35:00,IDXX,474.69500732421875,474.69500732421875,474.69500732421875,474.69500732421875,474.69500732421875,1816.0
2024-07-03 10:35:00,IDYA,33.63249969482422,33.63249969482422,33.650001525878906,33.61000061035156,33.650001525878906,1479.0
2024-07-03 10:35:00,IKNA,1.649999976158142,1.649999976158142,1.649999976158142,1.649999976158142,1.649999976158142,208.0
2024-07-03 10:35:00,ILMN,105.61000061035156,105.61000061035156,105.70999908447266,105.52999877929688,105.62999725341797,3295.0
2024-07-03 10:35:00,IMAB,1.5700000524520874,1.5700000524520874,1.5788999795913696,1.5700000524520874,1.5788999795913696,2398.0
2024-07-03 10:35:00,IMCR,36.185001373291016,36.185001373291016,36.185001373291016,36.18000030517578,36.18000030517578,402.0
2024-07-03 10:35:00,IMNM,12.079999923706055,12.079999923706055,12.079999923706055,12.0649995803833,12.0649995803833,991.0
2024-07-03 10:35:00,IMTX,12.020000457763672,12.020000457763672,12.020000457763672,12.020000457763672,12.020000457763672,200.0
2024-07-03 10:35:00,IMUX,1.149999976158142,1.149999976158142,1.149999976158142,1.149999976158142,1.149999976158142,101.0
2024-07-03 10:35:00,IMVT,26.81100082397461,26.81100082397461,26.81100082397461,26.81100082397461,26.81100082397461,252.0
2024-07-03 10:35:00,INCY,58.09000015258789,58.09000015258789,58.11000061035156,58.09000015258789,58.099998474121094,1116.0
2024-07-03 10:35:00,INGN,7.920000076293945,7.920000076293945,7.920000076293945,7.90500020980835,7.906000137329102,536.0
2024-07-03 10:35:00,INMD,17.780000686645508,17.780000686645508,17.809999465942383,17.780000686645508,17.795000076293945,21921.0
2024-07-03 10:35:00,INO,8.520000457763672,8.520000457763672,8.520000457763672,8.520000457763672,8.520000457763672,113.0
2024-07-03 10:35:00,INSM,63.88999938964844,63.88999938964844,63.939998626708984,63.845001220703125,63.845001220703125,2875.0
2024-07-03 10:35:00,INVA,16.325000762939453,16.325000762939453,16.325000762939453,16.325000762939453,16.325000762939453,535.0
2024-07-03 10:35:00,INZY,4.548999786376953,4.548999786376953,4.548999786376953,4.548999786376953,4.548999786376953,465.0
2024-07-03 10:35:00,IONS,44.7400016784668,44.7400016784668,44.76499938964844,44.7400016784668,44.76499938964844,1156.0
2024-07-03 10:35:00,IOVA,7.760000228881836,7.760000228881836,7.764999866485596,7.755000114440918,7.760000228881836,7265.0
2024-07-03 10:35:00,IRWD,6.199999809265137,6.199999809265137,6.199999809265137,6.199999809265137,6.199999809265137,1309.0
2024-07-03 10:35:00,ISPC,0.28290000557899475,0.28290000557899475,0.28290000557899475,0.28290000557899475,0.28290000557899475,1900.0
2024-07-03 10:35:00,ISRG,434.9599914550781,434.9599914550781,434.9599914550781,434.9599914550781,434.9599914550781,935.0
2024-07-03 10:35:00,ITOS,14.899999618530273,14.899999618530273,14.899999618530273,14.899999618530273,14.899999618530273,549.0
2024-07-03 10:35:00,IVVD,1.1299999952316284,1.1299999952316284,1.1299999952316284,1.1299999952316284,1.1299999952316284,509.0
2024-07-03 10:35:00,JANX,38.79999923706055,38.79999923706055,38.79999923706055,38.79999923706055,38.79999923706055,9.0
2024-07-03 10:35:00,KALA,6.730000019073486,6.730000019073486,6.730000019073486,6.730000019073486,6.730000019073486,400.0
2024-07-03 10:35:00,KALV,11.65999984741211,11.65999984741211,11.739999771118164,11.630000114440918,11.739999771118164,4115.0
2024-07-03 10:35:00,KNSA,18.920000076293945,18.920000076293945,18.920000076293945,18.920000076293945,18.920000076293945,649.0
2024-07-03 10:35:00,KRMD,2.309999942779541,2.309999942779541,2.309999942779541,2.309999942779541,2.309999942779541,200.0
2024-07-03 10:35:00,KRON,1.159999966621399,1.159999966621399,1.159999966621399,1.159999966621399,1.159999966621399,300.0
2024-07-03 10:35:00,KRYS,179.17100524902344,179.17100524902344,179.17100524902344,179.17100524902344,179.17100524902344,399.0
2024-07-03 10:35:00,KTRA,0.28200000524520874,0.28200000524520874,0.2842000126838684,0.2815000116825104,0.2815000116825104,31684.0
2024-07-03 10:35:00,LAB,1.809999942779541,1.809999942779541,1.809999942779541,1.7999999523162842,1.7999999523162842,916.0
2024-07-03 10:35:00,LBPH,32.2599983215332,32.2599983215332,32.349998474121094,32.2599983215332,32.2599983215332,1159.0
2024-07-03 10:35:00,LEGN,45.38999938964844,45.38999938964844,45.38999938964844,45.38999938964844,45.38999938964844,436.0
2024-07-03 10:35:00,LFLY,2.0799999237060547,2.0799999237060547,2.0799999237060547,2.0799999237060547,2.0799999237060547,231.0
2024-07-03 10:35:00,LFMD,6.739999771118164,6.739999771118164,6.739999771118164,6.739999771118164,6.739999771118164,264.0
2024-07-03 10:35:00,LGND,83.78800201416016,83.78800201416016,83.94000244140625,83.78800201416016,83.94000244140625,558.0
2024-07-03 10:35:00,LIVN,52.790000915527344,52.790000915527344,52.790000915527344,52.790000915527344,52.790000915527344,110.0
2024-07-03 10:35:00,LNSR,4.519999980926514,4.519999980926514,4.519999980926514,4.519999980926514,4.519999980926514,177.0
2024-07-03 10:35:00,LNTH,78.90499877929688,78.90499877929688,78.90499877929688,78.8499984741211,78.9000015258789,445.0
2024-07-03 10:35:00,LOGC,5.755000114440918,5.755000114440918,5.755000114440918,5.749899864196777,5.749899864196777,2499.0
2024-07-03 10:35:00,LQDA,12.069999694824219,12.069999694824219,12.069999694824219,12.069999694824219,12.069999694824219,1246.0
2024-07-03 10:35:00,LUCY,0.4765999913215637,0.4765999913215637,0.4799000024795532,0.476500004529953,0.47699999809265137,17414.0
2024-07-03 10:35:00,LXRX,1.6200000047683716,1.6200000047683716,1.6200000047683716,1.6200000047683716,1.6200000047683716,1062.0
2024-07-03 10:35:00,LYRA,0.2890999913215637,0.2890999913215637,0.2897999882698059,0.2888999879360199,0.2888999879360199,1442.0
2024-07-03 10:35:00,MASI,113.94999694824219,113.94999694824219,113.94999694824219,113.94999694824219,113.94999694824219,1037.0
2024-07-03 10:35:00,MBIO,0.5202000141143799,0.5202000141143799,0.5202999711036682,0.5202000141143799,0.5202000141143799,4200.0
2024-07-03 10:35:00,MBOT,1.090000033378601,1.090000033378601,1.090000033378601,1.090000033378601,1.090000033378601,623.0
2024-07-03 10:35:00,MCRB,0.7168999910354614,0.7168999910354614,0.7168999910354614,0.7113999724388123,0.7114999890327454,4432.0
2024-07-03 10:35:00,MDXG,6.784999847412109,6.784999847412109,6.784999847412109,6.784999847412109,6.784999847412109,618.0
2024-07-03 10:35:00,ME,0.4034000039100647,0.4034000039100647,0.4034999907016754,0.4034000039100647,0.4034999907016754,3506.0
2024-07-03 10:35:00,MGNX,4.311100006103516,4.311100006103516,4.315000057220459,4.309999942779541,4.309999942779541,2724.0
2024-07-03 10:35:00,MGTX,4.03000020980835,4.03000020980835,4.03000020980835,4.03000020980835,4.03000020980835,821.0
2024-07-03 10:35:00,MIRM,33.96500015258789,33.96500015258789,33.96500015258789,33.96500015258789,33.96500015258789,719.0
2024-07-03 10:35:00,MLTX,41.84000015258789,41.84000015258789,41.84000015258789,41.84000015258789,41.84000015258789,1384.0
2024-07-03 10:35:00,MNKD,5.147600173950195,5.147600173950195,5.147600173950195,5.139999866485596,5.139999866485596,2355.0
2024-07-03 10:35:00,MNMD,7.260000228881836,7.260000228881836,7.260000228881836,7.239999771118164,7.239999771118164,4804.0
2024-07-03 10:35:00,MNPR,0.7134000062942505,0.7134000062942505,0.7134000062942505,0.7134000062942505,0.7134000062942505,0.0
2024-07-03 10:35:00,MODV,27.621000289916992,27.621000289916992,27.621000289916992,27.621000289916992,27.621000289916992,119.0
2024-07-03 10:35:00,MREO,3.505000114440918,3.505000114440918,3.505000114440918,3.505000114440918,3.505000114440918,153.0
2024-07-03 10:35:00,MRNA,117.2699966430664,117.2699966430664,117.30999755859375,116.91500091552734,117.12999725341797,8480.0
2024-07-03 10:35:00,MRNS,1.23989999294281,1.23989999294281,1.23989999294281,1.2350000143051147,1.2350000143051147,814.0
2024-07-03 10:35:00,MRSN,1.9299999475479126,1.9299999475479126,1.9299999475479126,1.9299999475479126,1.9299999475479126,374.0
2024-07-03 10:35:00,MRUS,52.834999084472656,52.834999084472656,52.88999938964844,52.834999084472656,52.834999084472656,986.0
2024-07-03 10:35:00,MRVI,6.840000152587891,6.840000152587891,6.840000152587891,6.820000171661377,6.820000171661377,5220.0
2024-07-03 10:35:00,MYGN,25.4950008392334,25.4950008392334,25.5,25.469999313354492,25.469999313354492,630.0
2024-07-03 10:35:00,NAOV,0.7041000127792358,0.7041000127792358,0.7041000127792358,0.7041000127792358,0.7041000127792358,280.0
2024-07-03 10:35:00,NBIX,138.02999877929688,138.02999877929688,138.1699981689453,138.02999877929688,138.1699981689453,945.0
2024-07-03 10:35:00,NDRA,0.08410000056028366,0.08410000056028366,0.08410000056028366,0.08370000123977661,0.08370000123977661,16412.0
2024-07-03 10:35:00,NEO,13.739999771118164,13.739999771118164,13.739999771118164,13.710000038146973,13.710000038146973,1970.0
2024-07-03 10:35:00,NEOG,15.229999542236328,15.229999542236328,15.234999656677246,15.21500015258789,15.21500015258789,2619.0
2024-07-03 10:35:00,NKTR,1.2549999952316284,1.2549999952316284,1.2549999952316284,1.2549999952316284,1.2549999952316284,1086.0
2024-07-03 10:35:00,NKTX,5.570000171661377,5.570000171661377,5.570000171661377,5.570000171661377,5.570000171661377,501.0
2024-07-03 10:35:00,NLSP,0.20499999821186066,0.20499999821186066,0.20499999821186066,0.20499999821186066,0.20499999821186066,10053.0
2024-07-03 10:35:00,NNOX,7.1203999519348145,7.1203999519348145,7.139999866485596,7.110000133514404,7.130000114440918,8036.0
2024-07-03 10:35:00,NOTV,1.6950000524520874,1.6950000524520874,1.6950000524520874,1.684999942779541,1.684999942779541,4914.0
2024-07-03 10:35:00,NRBO,4.650000095367432,4.650000095367432,4.650000095367432,4.650000095367432,4.650000095367432,200.0
2024-07-03 10:35:00,NRIX,19.8700008392334,19.8700008392334,19.8700008392334,19.770000457763672,19.770000457763672,1246.0
2024-07-03 10:35:00,NTLA,22.880599975585938,22.880599975585938,22.940000534057617,22.876300811767578,22.940000534057617,3552.0
2024-07-03 10:35:00,NUTX,5.329999923706055,5.329999923706055,5.329999923706055,5.329999923706055,5.329999923706055,1247.0
2024-07-03 10:35:00,NVAX,12.960000038146973,12.960000038146973,12.979999542236328,12.9399995803833,12.947699546813965,13011.0
2024-07-03 10:35:00,NVCR,16.93000030517578,16.93000030517578,16.93000030517578,16.93000030517578,16.93000030517578,279.0
2024-07-03 10:35:00,NVOS,0.7493000030517578,0.7493000030517578,0.7493000030517578,0.7493000030517578,0.7493000030517578,18372.0
2024-07-03 10:35:00,NXL,1.3600000143051147,1.3600000143051147,1.3849999904632568,1.350000023841858,1.3849999904632568,7313.0
2024-07-03 10:35:00,OCGN,1.6649999618530273,1.6649999618530273,1.6649999618530273,1.660099983215332,1.6649999618530273,6392.0
2024-07-03 10:35:00,OLK,25.790000915527344,25.790000915527344,25.790000915527344,25.790000915527344,25.790000915527344,1473.0
2024-07-03 10:35:00,OLMA,10.800000190734863,10.800000190734863,10.800000190734863,10.800000190734863,10.800000190734863,364.0
2024-07-03 10:35:00,OMGA,2.059999942779541,2.059999942779541,2.059999942779541,2.059999942779541,2.059999942779541,286.0
2024-07-03 10:36:00,AADI,1.3910000324249268,1.3910000324249268,1.3933000564575195,1.3910000324249268,1.3933000564575195,613.0
2024-07-03 10:36:00,ABCL,2.7200000286102295,2.7200000286102295,2.7300000190734863,2.7100000381469727,2.7300000190734863,11714.0
2024-07-03 10:36:00,ABSI,3.2100000381469727,3.2100000381469727,3.2100000381469727,3.2100000381469727,3.2100000381469727,550.0
2024-07-03 10:36:00,ABUS,3.1700000762939453,3.1700000762939453,3.174999952316284,3.1700000762939453,3.174999952316284,1530.0
2024-07-03 10:36:00,ACAD,15.739999771118164,15.739999771118164,15.75,15.739999771118164,15.75,1501.0
2024-07-03 10:36:00,ACB,4.979899883270264,4.979899883270264,4.980000019073486,4.970099925994873,4.980000019073486,18460.0
2024-07-03 10:36:00,ACCD,3.6050000190734863,3.6050000190734863,3.6098999977111816,3.5999999046325684,3.6050000190734863,6511.0
2024-07-03 10:36:00,ACET,1.059999942779541,1.059999942779541,1.0699000358581543,1.059999942779541,1.0699000358581543,1377.0
2024-07-03 10:36:00,ACHC,65.93000030517578,65.93000030517578,65.9800033569336,65.93000030517578,65.93000030517578,1915.0
2024-07-03 10:36:00,ACHV,4.599800109863281,4.599800109863281,4.599800109863281,4.599800109863281,4.599800109863281,0.0
2024-07-03 10:36:00,ACLX,54.630001068115234,54.630001068115234,54.685001373291016,54.58000183105469,54.685001373291016,1483.0
2024-07-03 10:36:00,ACRS,1.1799999475479126,1.1799999475479126,1.1799999475479126,1.1799999475479126,1.1799999475479126,400.0
2024-07-03 10:36:00,ADAP,1.0399999618530273,1.0399999618530273,1.0399999618530273,1.0399999618530273,1.0399999618530273,201.0
2024-07-03 10:36:00,ADMA,11.404999732971191,11.404999732971191,11.404999732971191,11.399999618530273,11.399999618530273,975.0
2024-07-03 10:36:00,ADPT,3.384999990463257,3.384999990463257,3.390000104904175,3.384999990463257,3.390000104904175,2844.0
2024-07-03 10:36:00,AEMD,0.413100004196167,0.413100004196167,0.413100004196167,0.413100004196167,0.413100004196167,16680.0
2024-07-03 10:36:00,AGEN,14.670000076293945,14.670000076293945,14.760000228881836,14.670000076293945,14.699999809265137,1850.0
2024-07-03 10:36:00,AGIO,42.17499923706055,42.17499923706055,42.18000030517578,42.17499923706055,42.18000030517578,589.0
2024-07-03 10:36:00,AHCO,9.819999694824219,9.819999694824219,9.829999923706055,9.819999694824219,9.829999923706055,840.0
2024-07-03 10:36:00,AKBA,0.9508000016212463,0.9508000016212463,0.9509000182151794,0.9508000016212463,0.9509000182151794,434.0
2024-07-03 10:36:00,AKRO,22.25,22.25,22.270000457763672,22.25,22.270000457763672,1253.0
2024-07-03 10:36:00,ALDX,3.2699999809265137,3.2699999809265137,3.2699999809265137,3.2699999809265137,3.2699999809265137,432.0
2024-07-03 10:36:00,ALEC,4.5,4.5,4.5,4.5,4.5,304.0
2024-07-03 10:36:00,ALGS,0.421999990940094,0.421999990940094,0.4284999966621399,0.421999990940094,0.4251999855041504,35254.0
2024-07-03 10:36:00,ALHC,7.989999771118164,7.989999771118164,8.0,7.989999771118164,8.0,1980.0
2024-07-03 10:36:00,ALIM,5.525000095367432,5.525000095367432,5.525000095367432,5.525000095367432,5.525000095367432,962.0
2024-07-03 10:36:00,ALKS,24.3799991607666,24.3799991607666,24.420000076293945,24.3799991607666,24.40999984741211,1547.0
2024-07-03 10:36:00,ALLK,0.8622999787330627,0.8622999787330627,0.8634999990463257,0.8622999787330627,0.8634999990463257,5400.0
2024-07-03 10:36:00,ALLO,2.159899950027466,2.159899950027466,2.1600000858306885,2.153599977493286,2.1600000858306885,3150.0
2024-07-03 10:36:00,ALLR,0.20499999821186066,0.20499999821186066,0.20499999821186066,0.20499999821186066,0.20499999821186066,1940.0
2024-07-03 10:36:00,ALNY,246.89999389648438,246.89999389648438,247.02999877929688,246.67999267578125,247.01499938964844,5766.0
2024-07-03 10:36:00,ALT,6.811500072479248,6.811500072479248,6.840000152587891,6.811500072479248,6.840000152587891,7410.0
2024-07-03 10:36:00,ALVR,0.7368000149726868,0.7368000149726868,0.7382000088691711,0.7368000149726868,0.7382000088691711,476.0
2024-07-03 10:36:00,ALXO,5.929999828338623,5.929999828338623,5.96999979019165,5.929999828338623,5.96999979019165,2314.0
2024-07-03 10:36:00,AMED,96.875,96.875,96.875,96.875,96.875,638.0
2024-07-03 10:36:00,AMLX,1.7649999856948853,1.7649999856948853,1.774999976158142,1.7649999856948853,1.774999976158142,12309.0
2024-07-03 10:36:00,AMPH,38.34000015258789,38.34000015258789,38.34000015258789,38.167198181152344,38.2400016784668,4788.0
2024-07-03 10:36:00,ANAB,25.309999465942383,25.309999465942383,25.360000610351562,25.309999465942383,25.360000610351562,1423.0
2024-07-03 10:36:00,ANGO,5.659999847412109,5.659999847412109,5.690000057220459,5.659999847412109,5.690000057220459,2389.0
2024-07-03 10:36:00,ANNX,4.875,4.875,4.889999866485596,4.869999885559082,4.889999866485596,6435.0
2024-07-03 10:36:00,APLS,35.70000076293945,35.70000076293945,35.7599983215332,35.66999816894531,35.75,4283.0
2024-07-03 10:36:00,APLT,4.449999809265137,4.449999809265137,4.460000038146973,4.449999809265137,4.450099945068359,2211.0
2024-07-03 10:36:00,AQST,2.434999942779541,2.434999942779541,2.434999942779541,2.434999942779541,2.434999942779541,974.0
2024-07-03 10:36:00,ARCT,21.6200008392334,21.6200008392334,21.635000228881836,21.579999923706055,21.635000228881836,2053.0
2024-07-03 10:36:00,ARDX,5.309999942779541,5.309999942779541,5.359899997711182,5.300000190734863,5.320700168609619,86529.0
2024-07-03 10:36:00,ARGX,434.8999938964844,434.8999938964844,434.8999938964844,434.8999938964844,434.8999938964844,783.0
2024-07-03 10:36:00,ARQT,9.75,9.75,9.779999732971191,9.75,9.779999732971191,10989.0
2024-07-03 10:36:00,ARVN,24.864999771118164,24.864999771118164,24.864999771118164,24.844999313354492,24.844999313354492,361.0
2024-07-03 10:36:00,ARWR,25.75,25.75,25.75,25.75,25.75,657.0
2024-07-03 10:36:00,ASRT,1.3200000524520874,1.3200000524520874,1.3200000524520874,1.309999942779541,1.309999942779541,5876.0
2024-07-03 10:36:00,ATAI,1.2999999523162842,1.2999999523162842,1.309999942779541,1.2999999523162842,1.309999942779541,2990.0
2024-07-03 10:36:00,ATEC,9.9350004196167,9.9350004196167,9.960000038146973,9.925000190734863,9.960000038146973,2217.0
2024-07-03 10:36:00,ATOS,1.1649999618530273,1.1649999618530273,1.1649999618530273,1.1649999618530273,1.1649999618530273,865.0
2024-07-03 10:36:00,ATRC,22.290000915527344,22.290000915527344,22.3700008392334,22.290000915527344,22.3700008392334,1464.0
2024-07-03 10:36:00,ATRI,452.1000061035156,452.1000061035156,452.1000061035156,452.1000061035156,452.1000061035156,419.0
2024-07-03 10:36:00,ATXS,9.104999542236328,9.104999542236328,9.104999542236328,9.104999542236328,9.104999542236328,32.0
2024-07-03 10:36:00,AUGX,1.0010000467300415,1.0010000467300415,1.0010000467300415,1.0,1.0010000467300415,2030.0
2024-07-03 10:36:00,AUPH,5.494999885559082,5.494999885559082,5.5,5.494999885559082,5.5,3958.0
2024-07-03 10:36:00,AVIR,3.319999933242798,3.319999933242798,3.3350000381469727,3.319999933242798,3.3350000381469727,2021.0
2024-07-03 10:36:00,AVTE,1.6306999921798706,1.6306999921798706,1.6410000324249268,1.6306999921798706,1.6410000324249268,12268.0
2024-07-03 10:36:00,AVXL,4.279099941253662,4.279099941253662,4.28000020980835,4.279099941253662,4.28000020980835,1386.0
2024-07-03 10:36:00,AXNX,67.47000122070312,67.47000122070312,67.47000122070312,67.47000122070312,67.47000122070312,321.0
2024-07-03 10:36:00,AXSM,79.97000122070312,79.97000122070312,79.97000122070312,79.97000122070312,79.97000122070312,260.0
2024-07-03 10:36:00,AZN,76.91999816894531,76.91999816894531,76.92500305175781,76.9000015258789,76.91000366210938,5605.0
2024-07-03 10:36:00,AZTA,52.81999969482422,52.81999969482422,52.959999084472656,52.81999969482422,52.88999938964844,3963.0
2024-07-03 10:36:00,BBIO,25.200000762939453,25.200000762939453,25.260000228881836,25.200000762939453,25.260000228881836,2998.0
2024-07-03 10:36:00,BCRX,6.644999980926514,6.644999980926514,6.670000076293945,6.644999980926514,6.670000076293945,8644.0
2024-07-03 10:36:00,BDSX,1.6100000143051147,1.6100000143051147,1.6100000143051147,1.6100000143051147,1.6100000143051147,600.0
2024-07-03 10:36:00,BDTX,4.199999809265137,4.199999809265137,4.199999809265137,4.199999809265137,4.199999809265137,1310.0
2024-07-03 10:36:00,BEAM,23.6200008392334,23.6200008392334,23.770000457763672,23.6200008392334,23.770000457763672,4422.0
2024-07-03 10:36:00,BIAF,2.194999933242798,2.194999933242798,2.194999933242798,2.194999933242798,2.194999933242798,998.0
2024-07-03 10:36:00,BIIB,225.6999969482422,225.6999969482422,225.89999389648438,225.6999969482422,225.89999389648438,1281.0
2024-07-03 10:36:00,BIVI,0.4171999990940094,0.4171999990940094,0.4171999990940094,0.4171999990940094,0.4171999990940094,507.0
2024-07-03 10:36:00,BJDX,0.6284000277519226,0.6284000277519226,0.6305000185966492,0.6284000277519226,0.6305000185966492,1352.0
2024-07-03 10:36:00,BLFS,20.149999618530273,20.149999618530273,20.15999984741211,20.1299991607666,20.149999618530273,2509.0
2024-07-03 10:36:00,BLTE,46.034698486328125,46.034698486328125,46.034698486328125,46.034698486328125,46.034698486328125,300.0
2024-07-03 10:36:00,BLUE,0.9456999897956848,0.9456999897956848,0.9460999965667725,0.9456999897956848,0.945900022983551,4594.0
2024-07-03 10:36:00,BMRA,0.45500001311302185,0.45500001311302185,0.45500001311302185,0.45489999651908875,0.45500001311302185,300.0
2024-07-03 10:36:00,BMRN,81.2300033569336,81.2300033569336,81.30999755859375,81.2300033569336,81.30999755859375,1316.0
2024-07-03 10:36:00,BNGO,0.5602999925613403,0.5602999925613403,0.5649999976158142,0.5602999925613403,0.5604000091552734,0.0
2024-07-03 10:36:00,BNTX,81.19000244140625,81.19000244140625,81.19000244140625,81.13500213623047,81.13500213623047,1627.0
2024-07-03 10:36:00,BPMC,111.16000366210938,111.16000366210938,111.23999786376953,111.16000366210938,111.23999786376953,1327.0
2024-07-03 10:36:00,BRKR,61.915000915527344,61.915000915527344,61.91999816894531,61.84000015258789,61.91999816894531,1610.0
2024-07-03 10:36:00,BTAI,1.100000023841858,1.100000023841858,1.1098999977111816,1.100000023841858,1.1098999977111816,5981.0
2024-07-03 10:36:00,BVS,6.039999961853027,6.039999961853027,6.164999961853027,6.039999961853027,6.164999961853027,38462.0
2024-07-03 10:36:00,CABA,7.78000020980835,7.78000020980835,7.78000020980835,7.769999980926514,7.769999980926514,876.0
2024-07-03 10:36:00,CADL,6.315000057220459,6.315000057220459,6.315000057220459,6.29010009765625,6.29010009765625,1254.0
2024-07-03 10:36:00,CAPR,4.769999980926514,4.769999980926514,4.775000095367432,4.760000228881836,4.760000228881836,3117.0
2024-07-03 10:36:00,CARA,0.2824999988079071,0.2824999988079071,0.2825999855995178,0.2824999988079071,0.2825999855995178,580.0
2024-07-03 10:36:00,CCCC,4.78000020980835,4.78000020980835,4.795000076293945,4.78000020980835,4.795000076293945,2044.0
2024-07-03 10:36:00,CDMO,7.639999866485596,7.639999866485596,7.639999866485596,7.630000114440918,7.630000114440918,1003.0
2024-07-03 10:36:00,CDNA,15.359999656677246,15.359999656677246,15.359999656677246,15.359999656677246,15.359999656677246,686.0
2024-07-03 10:36:00,CDTX,12.100000381469727,12.100000381469727,12.100000381469727,12.100000381469727,12.100000381469727,641.0
2024-07-03 10:36:00,CDXS,2.9100000858306885,2.9100000858306885,2.9100000858306885,2.9100000858306885,2.9100000858306885,763.0
2024-07-03 10:36:00,CERE,41.290000915527344,41.290000915527344,41.314998626708984,41.290000915527344,41.314998626708984,236.0
2024-07-03 10:36:00,CERS,1.749899983406067,1.749899983406067,1.749899983406067,1.7400000095367432,1.7450000047683716,8529.0
2024-07-03 10:36:00,CERT,13.890000343322754,13.890000343322754,13.89229965209961,13.880000114440918,13.880000114440918,1555.0
2024-07-03 10:36:00,CGC,6.829999923706055,6.829999923706055,6.839300155639648,6.829999923706055,6.829999923706055,9364.0
2024-07-03 10:36:00,CGEM,17.110000610351562,17.110000610351562,17.110000610351562,17.110000610351562,17.110000610351562,663.0
2024-07-03 10:36:00,CGEN,1.6799999475479126,1.6799999475479126,1.6799999475479126,1.6799999475479126,1.6799999475479126,251.0
2024-07-03 10:36:00,CGTX,1.7999999523162842,1.7999999523162842,1.7999999523162842,1.7999999523162842,1.7999999523162842,210.0
2024-07-03 10:36:00,CHRS,1.434999942779541,1.434999942779541,1.434999942779541,1.430400013923645,1.430400013923645,3481.0
2024-07-03 10:36:00,CING,0.33000001311302185,0.33000001311302185,0.33000001311302185,0.3273000121116638,0.3285999894142151,38768.0
2024-07-03 10:36:00,CLDX,36.939998626708984,36.939998626708984,37.060001373291016,36.939998626708984,37.060001373291016,578.0
2024-07-03 10:36:00,CLOV,1.2549999952316284,1.2549999952316284,1.2549999952316284,1.2549999952316284,1.2549999952316284,2140.0
2024-07-03 10:36:00,CLPT,5.400000095367432,5.400000095367432,5.400000095367432,5.369999885559082,5.369999885559082,1498.0
2024-07-03 10:36:00,CLRB,2.450000047683716,2.450000047683716,2.450000047683716,2.450000047683716,2.450000047683716,2000.0
2024-07-03 10:36:00,CLSD,1.2510000467300415,1.2510000467300415,1.2599999904632568,1.2510000467300415,1.2599999904632568,1625.0
2024-07-03 10:36:00,CMAX,2.180000066757202,2.180000066757202,2.180000066757202,2.1798999309539795,2.1798999309539795,2051.0
2024-07-03 10:36:00,CMPS,6.190000057220459,6.190000057220459,6.190000057220459,6.190000057220459,6.190000057220459,218.0
2024-07-03 10:36:00,CMPX,0.8500000238418579,0.8500000238418579,0.8500000238418579,0.8500000238418579,0.8500000238418579,0.0
2024-07-03 10:36:00,CNSP,2.1449999809265137,2.1449999809265137,2.200000047683716,2.109999895095825,2.1449999809265137,172233.0
2024-07-03 10:36:00,COGT,8.359999656677246,8.359999656677246,8.359999656677246,8.359999656677246,8.359999656677246,105.0
2024-07-03 10:36:00,CORT,30.850000381469727,30.850000381469727,30.920000076293945,30.850000381469727,30.920000076293945,2900.0
2024-07-03 10:36:00,COSM,0.949999988079071,0.949999988079071,0.949999988079071,0.949999988079071,0.949999988079071,1611.0
2024-07-03 10:36:00,CPRX,15.6899995803833,15.6899995803833,15.6899995803833,15.6899995803833,15.6899995803833,912.0
2024-07-03 10:36:00,CRBU,1.6100000143051147,1.6100000143051147,1.6100000143051147,1.6100000143051147,1.6100000143051147,872.0
2024-07-03 10:36:00,CRDF,2.25,2.25,2.25,2.25,2.25,300.0
2024-07-03 10:36:00,CRNX,45.01499938964844,45.01499938964844,45.060001373291016,45.0099983215332,45.060001373291016,1471.0
2024-07-03 10:36:00,CRON,2.365000009536743,2.365000009536743,2.36899995803833,2.365000009536743,2.36899995803833,4846.0
2024-07-03 10:36:00,CRSP,54.39390182495117,54.39390182495117,54.41999816894531,54.39390182495117,54.41999816894531,899.0
2024-07-03 10:36:00,CTMX,1.3549000024795532,1.3549000024795532,1.3550000190734863,1.3549000024795532,1.3550000190734863,368.0
2024-07-03 10:36:00,CTXR,0.5180000066757202,0.5180000066757202,0.5180000066757202,0.5180000066757202,0.5180000066757202,1002.0
2024-07-03 10:36:00,CUE,1.0299999713897705,1.0299999713897705,1.0299999713897705,1.0299999713897705,1.0299999713897705,1493.0
2024-07-03 10:36:00,CUTR,1.3250000476837158,1.3250000476837158,1.3250000476837158,1.3200000524520874,1.3200000524520874,249.0
2024-07-03 10:36:00,CVAC,3.4649999141693115,3.4649999141693115,3.490000009536743,3.460599899291992,3.4749999046325684,14097.0
2024-07-03 10:36:00,CYTK,54.71500015258789,54.71500015258789,54.71500015258789,54.71500015258789,54.71500015258789,602.0
2024-07-03 10:36:00,DARE,3.4000000953674316,3.4000000953674316,3.4000000953674316,3.4000000953674316,3.4000000953674316,387.0
2024-07-03 10:36:00,DAWN,13.420000076293945,13.420000076293945,13.420000076293945,13.420000076293945,13.420000076293945,710.0
2024-07-03 10:36:00,DCGO,2.9149999618530273,2.9149999618530273,2.9149999618530273,2.9149999618530273,2.9149999618530273,173.0
2024-07-03 10:36:00,DH,5.434999942779541,5.434999942779541,5.434999942779541,5.429999828338623,5.429999828338623,375.0
2024-07-03 10:36:00,DNLI,21.975000381469727,21.975000381469727,22.030000686645508,21.975000381469727,22.030000686645508,4032.0
2024-07-03 10:36:00,DRMA,2.2755000591278076,2.2755000591278076,2.2755000591278076,2.2755000591278076,2.2755000591278076,788.0
2024-07-03 10:36:00,DSGN,3.194999933242798,3.194999933242798,3.2049999237060547,3.194999933242798,3.2049999237060547,3728.0
2024-07-03 10:36:00,DVAX,11.130000114440918,11.130000114440918,11.130000114440918,11.130000114440918,11.130000114440918,279.0
2024-07-03 10:36:00,DXCM,110.19000244140625,110.19000244140625,110.26000213623047,110.13999938964844,110.13999938964844,3649.0
2024-07-03 10:36:00,DYN,34.56999969482422,34.56999969482422,34.630001068115234,34.54999923706055,34.630001068115234,1432.0
2024-07-03 10:36:00,EDIT,4.690000057220459,4.690000057220459,4.699999809265137,4.690000057220459,4.699999809265137,1563.0
2024-07-03 10:36:00,EGRX,5.25,5.25,5.25,5.244999885559082,5.244999885559082,398.0
2024-07-03 10:36:00,ELEV,2.7249999046325684,2.7249999046325684,2.7249999046325684,2.7249999046325684,2.7249999046325684,3906.0
2024-07-03 10:36:00,EMBC,12.039999961853027,12.039999961853027,12.039999961853027,12.039999961853027,12.039999961853027,405.0
2024-07-03 10:36:00,ENSG,126.07990264892578,126.07990264892578,126.07990264892578,126.07990264892578,126.07990264892578,405.0
2024-07-03 10:36:00,EOLS,10.859999656677246,10.859999656677246,10.859999656677246,10.859999656677246,10.859999656677246,965.0
2024-07-03 10:36:00,EQ,0.6700000166893005,0.6700000166893005,0.6700000166893005,0.6700000166893005,0.6700000166893005,401.0
2024-07-03 10:36:00,ERAS,2.265000104904175,2.265000104904175,2.2699999809265137,2.265000104904175,2.2699999809265137,1010.0
2024-07-03 10:36:00,ESPR,2.365000009536743,2.365000009536743,2.375,2.365000009536743,2.375,20170.0
2024-07-03 10:36:00,ESTA,43.47999954223633,43.47999954223633,43.59000015258789,43.47999954223633,43.59000015258789,1934.0
2024-07-03 10:36:00,EWTX,18.059999465942383,18.059999465942383,18.09000015258789,18.059999465942383,18.09000015258789,463.0
2024-07-03 10:36:00,EXAI,5.389999866485596,5.389999866485596,5.389999866485596,5.349999904632568,5.349999904632568,4190.0
2024-07-03 10:36:00,EXAS,43.20000076293945,43.20000076293945,43.209999084472656,43.189998626708984,43.20000076293945,1360.0
2024-07-03 10:36:00,EXEL,22.09000015258789,22.09000015258789,22.09000015258789,22.09000015258789,22.09000015258789,2581.0
2024-07-03 10:36:00,FATE,3.305000066757202,3.305000066757202,3.315000057220459,3.299999952316284,3.309999942779541,4368.0
2024-07-03 10:36:00,FDMT,21.2549991607666,21.2549991607666,21.30500030517578,21.219999313354492,21.270000457763672,1350.0
2024-07-03 10:36:00,FGEN,0.7246000170707703,0.7246000170707703,0.7278000116348267,0.7245000004768372,0.7278000116348267,26968.0
2024-07-03 10:36:00,FOLD,9.904999732971191,9.904999732971191,9.920000076293945,9.904999732971191,9.920000076293945,1999.0
2024-07-03 10:36:00,FULC,6.210000038146973,6.210000038146973,6.210000038146973,6.199999809265137,6.210000038146973,1733.0
2024-07-03 10:36:00,GALT,2.194999933242798,2.194999933242798,2.194999933242798,2.194999933242798,2.194999933242798,265.0
2024-07-03 10:36:00,GANX,1.1950000524520874,1.1950000524520874,1.1950000524520874,1.1950000524520874,1.1950000524520874,100.0
2024-07-03 10:36:00,GDRX,7.840000152587891,7.840000152587891,7.840000152587891,7.840000152587891,7.840000152587891,1599.0
2024-07-03 10:36:00,GERN,4.400100231170654,4.400100231170654,4.40500020980835,4.400100231170654,4.40500020980835,2979.0
2024-07-03 10:36:00,GH,28.549999237060547,28.549999237060547,28.670000076293945,28.549999237060547,28.670000076293945,5087.0
2024-07-03 10:36:00,GILD,67.05500030517578,67.05500030517578,67.18000030517578,67.05000305175781,67.16999816894531,4867.0
2024-07-03 10:36:00,GLUE,3.7200000286102295,3.7200000286102295,3.7200000286102295,3.7200000286102295,3.7200000286102295,272.0
2024-07-03 10:36:00,GLYC,0.274399995803833,0.274399995803833,0.27730000019073486,0.274399995803833,0.27559998631477356,7051.0
2024-07-03 10:36:00,GMAB,25.209999084472656,25.209999084472656,25.209999084472656,25.209999084472656,25.209999084472656,2252.0
2024-07-03 10:36:00,GOSS,0.9318000078201294,0.9318000078201294,0.9318000078201294,0.9240999817848206,0.9240999817848206,4830.0
2024-07-03 10:36:00,GOVX,3.059999942779541,3.059999942779541,3.059999942779541,3.059999942779541,3.059999942779541,1586.0
2024-07-03 10:36:00,GRFS,6.695000171661377,6.695000171661377,6.695000171661377,6.690000057220459,6.695000171661377,362.0
2024-07-03 10:36:00,GRTS,0.5737000107765198,0.5737000107765198,0.5756000280380249,0.571399986743927,0.571399986743927,5998.0
2024-07-03 10:36:00,GTHX,2.509999990463257,2.509999990463257,2.5299999713897705,2.509999990463257,2.5199999809265137,4388.0
2024-07-03 10:36:00,HALO,51.459999084472656,51.459999084472656,51.55500030517578,51.45000076293945,51.55500030517578,2737.0
2024-07-03 10:36:00,HBIO,2.759999990463257,2.759999990463257,2.759999990463257,2.759999990463257,2.759999990463257,207.0
2024-07-03 10:36:00,HCAT,6.21999979019165,6.21999979019165,6.21999979019165,6.21999979019165,6.21999979019165,1354.0
2024-07-03 10:36:00,HCSG,10.765000343322754,10.765000343322754,10.770000457763672,10.75,10.760000228881836,3648.0
2024-07-03 10:36:00,HITI,2.115000009536743,2.115000009536743,2.115000009536743,2.115000009536743,2.115000009536743,516.0
2024-07-03 10:36:00,HLVX,14.15999984741211,14.15999984741211,14.229999542236328,14.15999984741211,14.229999542236328,905.0
2024-07-03 10:36:00,HOLX,73.375,73.375,73.37999725341797,73.37000274658203,73.37000274658203,2177.0
2024-07-03 10:36:00,HOOK,0.5856999754905701,0.5856999754905701,0.5856999754905701,0.5856999754905701,0.5856999754905701,100.0
2024-07-03 10:36:00,HOWL,2.234100103378296,2.234100103378296,2.234100103378296,2.234100103378296,2.234100103378296,659.0
2024-07-03 10:36:00,HQY,83.38999938964844,83.38999938964844,83.43000030517578,83.38999938964844,83.43000030517578,1009.0
2024-07-03 10:36:00,HRMY,30.34000015258789,30.34000015258789,30.34000015258789,30.309999465942383,30.309999465942383,644.0
2024-07-03 10:36:00,HROW,21.90999984741211,21.90999984741211,21.90999984741211,21.90999984741211,21.90999984741211,237.0
2024-07-03 10:36:00,HRTX,2.799799919128418,2.799799919128418,2.809999942779541,2.797100067138672,2.8032000064849854,8390.0
2024-07-03 10:36:00,HSIC,65.41000366210938,65.41000366210938,65.46990203857422,65.41000366210938,65.44000244140625,2392.0
2024-07-03 10:36:00,HUMA,5.720099925994873,5.720099925994873,5.735000133514404,5.720099925994873,5.735000133514404,5828.0
2024-07-03 10:36:00,IART,29.149999618530273,29.149999618530273,29.200000762939453,29.149999618530273,29.200000762939453,3837.0
2024-07-03 10:36:00,IBRX,6.269999980926514,6.269999980926514,6.269999980926514,6.269999980926514,6.269999980926514,1477.0
2024-07-03 10:36:00,ICLR,319.1549987792969,319.1549987792969,319.8800048828125,319.1549987792969,319.8800048828125,1745.0
2024-07-03 10:36:00,IDXX,474.3699951171875,474.3699951171875,474.3699951171875,474.3699951171875,474.3699951171875,185.0
2024-07-03 10:36:00,IDYA,33.650001525878906,33.650001525878906,33.650001525878906,33.650001525878906,33.650001525878906,229.0
2024-07-03 10:36:00,IKNA,1.649999976158142,1.649999976158142,1.649999976158142,1.649999976158142,1.649999976158142,310.0
2024-07-03 10:36:00,ILMN,105.11750030517578,105.11750030517578,105.52999877929688,105.06999969482422,105.52999877929688,9840.0
2024-07-03 10:36:00,IMAB,1.5799000263214111,1.5799000263214111,1.5799000263214111,1.559999942779541,1.559999942779541,643.0
2024-07-03 10:36:00,IMCR,36.11000061035156,36.11000061035156,36.20000076293945,36.11000061035156,36.20000076293945,213.0
2024-07-03 10:36:00,IMMP,1.965000033378601,1.965000033378601,1.965000033378601,1.965000033378601,1.965000033378601,80.0
2024-07-03 10:36:00,IMRX,1.149999976158142,1.149999976158142,1.1549999713897705,1.149999976158142,1.1549999713897705,1440.0
2024-07-03 10:36:00,IMTX,12.029999732971191,12.029999732971191,12.029999732971191,12.029999732971191,12.029999732971191,280.0
2024-07-03 10:36:00,IMVT,26.770000457763672,26.770000457763672,26.770000457763672,26.770000457763672,26.770000457763672,308.0
2024-07-03 10:36:00,INCY,58.05500030517578,58.05500030517578,58.08000183105469,58.02000045776367,58.08000183105469,5339.0
2024-07-03 10:36:00,INGN,7.920000076293945,7.920000076293945,7.920000076293945,7.920000076293945,7.920000076293945,185.0
2024-07-03 10:36:00,INKT,0.9200000166893005,0.9200000166893005,0.9200000166893005,0.9200000166893005,0.9200000166893005,1135.0
2024-07-03 10:36:00,INMB,8.024999618530273,8.024999618530273,8.024999618530273,8.024999618530273,8.024999618530273,626.0
2024-07-03 10:36:00,INMD,17.78499984741211,17.78499984741211,17.78499984741211,17.760000228881836,17.774999618530273,6194.0
2024-07-03 10:36:00,INO,8.510000228881836,8.510000228881836,8.510000228881836,8.5,8.5,341.0
2024-07-03 10:36:00,INSM,63.7599983215332,63.7599983215332,63.86000061035156,63.7599983215332,63.86000061035156,4442.0
2024-07-03 10:36:00,INVA,16.30500030517578,16.30500030517578,16.30500030517578,16.30500030517578,16.30500030517578,316.0
2024-07-03 10:36:00,IONS,44.689998626708984,44.689998626708984,44.7599983215332,44.689998626708984,44.7599983215332,1127.0
2024-07-03 10:36:00,IOVA,7.755000114440918,7.755000114440918,7.764999866485596,7.75,7.764999866485596,25227.0
2024-07-03 10:36:00,IRTC,94.48999786376953,94.48999786376953,94.6500015258789,94.48999786376953,94.6500015258789,912.0
2024-07-03 10:36:00,IRWD,6.195000171661377,6.195000171661377,6.199999809265137,6.195000171661377,6.199999809265137,314.0
2024-07-03 10:36:00,ISPC,0.2799000144004822,0.2799000144004822,0.288100004196167,0.2759999930858612,0.28290000557899475,51356.0
2024-07-03 10:36:00,ISRG,434.7099914550781,434.7099914550781,434.7099914550781,434.7099914550781,434.7099914550781,463.0
2024-07-03 10:36:00,ITCI,68.06500244140625,68.06500244140625,68.06500244140625,68.0625,68.06500244140625,1023.0
2024-07-03 10:36:00,IVVD,1.1296000480651855,1.1296000480651855,1.1296000480651855,1.1296000480651855,1.1296000480651855,1229.0
2024-07-03 10:36:00,JANX,38.76499938964844,38.76499938964844,38.915000915527344,38.76499938964844,38.915000915527344,1272.0
2024-07-03 10:36:00,JAZZ,105.08499908447266,105.08499908447266,105.08499908447266,105.08499908447266,105.08499908447266,2305.0
2024-07-03 10:36:00,KALA,6.758699893951416,6.758699893951416,6.759900093078613,6.750699996948242,6.750699996948242,860.0
2024-07-03 10:36:00,KIDS,30.040000915527344,30.040000915527344,30.049999237060547,30.040000915527344,30.049999237060547,1905.0
2024-07-03 10:36:00,KMDA,5.190000057220459,5.190000057220459,5.190000057220459,5.190000057220459,5.190000057220459,1200.0
2024-07-03 10:36:00,KOD,2.240000009536743,2.240000009536743,2.240000009536743,2.240000009536743,2.240000009536743,217.0
2024-07-03 10:36:00,KRMD,2.2899999618530273,2.2899999618530273,2.309999942779541,2.2899999618530273,2.309999942779541,206.0
2024-07-03 10:36:00,KRON,1.159999966621399,1.159999966621399,1.159999966621399,1.159999966621399,1.159999966621399,19.0
2024-07-03 10:36:00,KTRA,0.2824999988079071,0.2824999988079071,0.2840000092983246,0.28200000524520874,0.2840000092983246,43199.0
2024-07-03 10:36:00,KYMR,30.895000457763672,30.895000457763672,30.895000457763672,30.895000457763672,30.895000457763672,705.0
2024-07-03 10:36:00,KZR,0.5781999826431274,0.5781999826431274,0.5781999826431274,0.5781999826431274,0.5781999826431274,400.0
2024-07-03 10:36:00,LAB,1.7999999523162842,1.7999999523162842,1.8049999475479126,1.7999999523162842,1.7999999523162842,621.0
2024-07-03 10:36:00,LBPH,32.16999816894531,32.16999816894531,32.31999969482422,32.099998474121094,32.2599983215332,3121.0
2024-07-03 10:36:00,LEGN,45.61000061035156,45.61000061035156,45.61000061035156,45.3849983215332,45.3849983215332,2093.0
2024-07-03 10:36:00,LFMD,6.739999771118164,6.739999771118164,6.739999771118164,6.730000019073486,6.735000133514404,2299.0
2024-07-03 10:36:00,LFMDP,23.866899490356445,23.866899490356445,23.866899490356445,23.866899490356445,23.866899490356445,1600.0
2024-07-03 10:36:00,LFST,5.114999771118164,5.114999771118164,5.119999885559082,5.110799789428711,5.119999885559082,1668.0
2024-07-03 10:36:00,LGVN,1.6405999660491943,1.6405999660491943,1.6405999660491943,1.6399999856948853,1.6399999856948853,665.0
2024-07-03 10:36:00,LIVN,52.7400016784668,52.7400016784668,52.790000915527344,52.7400016784668,52.790000915527344,1889.0
2024-07-03 10:36:00,LMAT,81.08000183105469,81.08000183105469,81.08000183105469,81.08000183105469,81.08000183105469,758.0
2024-07-03 10:36:00,LNTH,78.8499984741211,78.8499984741211,78.91000366210938,78.7699966430664,78.90499877929688,3217.0
2024-07-03 10:36:00,LOGC,5.735000133514404,5.735000133514404,5.75,5.735000133514404,5.75,2204.0
2024-07-03 10:36:00,LQDA,12.0600004196167,12.0600004196167,12.069999694824219,12.0600004196167,12.069999694824219,859.0
2024-07-03 10:36:00,LUCD,0.762499988079071,0.762499988079071,0.762499988079071,0.762499988079071,0.762499988079071,400.0
2024-07-03 10:36:00,LUCY,0.47699999809265137,0.47699999809265137,0.47839999198913574,0.47699999809265137,0.47699999809265137,5797.0
2024-07-03 10:36:00,LUNG,6.25,6.25,6.289999961853027,6.25,6.289999961853027,3660.0
2024-07-03 10:36:00,LXRX,1.6150000095367432,1.6150000095367432,1.625,1.6150000095367432,1.625,14349.0
2024-07-03 10:36:00,LYEL,1.4550000429153442,1.4550000429153442,1.4550000429153442,1.4500000476837158,1.4500000476837158,1182.0
2024-07-03 10:36:00,LYRA,0.28940001130104065,0.28940001130104065,0.28940001130104065,0.2892000079154968,0.2892000079154968,1202.0
2024-07-03 10:36:00,MASS,4.800000190734863,4.800000190734863,4.800000190734863,4.800000190734863,4.800000190734863,791.0
2024-07-03 10:36:00,MBIO,0.5199999809265137,0.5199999809265137,0.5202999711036682,0.5199999809265137,0.5202000141143799,12891.0
2024-07-03 10:36:00,MDWD,15.140000343322754,15.140000343322754,15.140000343322754,15.140000343322754,15.140000343322754,413.0
2024-07-03 10:36:00,MDXG,6.78000020980835,6.78000020980835,6.78000020980835,6.78000020980835,6.78000020980835,448.0
2024-07-03 10:36:00,ME,0.4034999907016754,0.4034999907016754,0.4034999907016754,0.4034000039100647,0.4034000039100647,13182.0
2024-07-03 10:36:00,MESO,6.78000020980835,6.78000020980835,6.78000020980835,6.78000020980835,6.78000020980835,106.0
2024-07-03 10:36:00,MGNX,4.320000171661377,4.320000171661377,4.320000171661377,4.315000057220459,4.315000057220459,492.0
2024-07-03 10:36:00,MIRM,33.96500015258789,33.96500015258789,33.96500015258789,33.96500015258789,33.96500015258789,429.0
2024-07-03 10:36:00,MNKD,5.144999980926514,5.144999980926514,5.150000095367432,5.144999980926514,5.144999980926514,2050.0
2024-07-03 10:36:00,MNMD,7.25,7.25,7.269999980926514,7.25,7.269999980926514,1954.0
2024-07-03 10:36:00,MODV,27.690000534057617,27.690000534057617,27.690000534057617,27.690000534057617,27.690000534057617,301.0
2024-07-03 10:36:00,MRNA,117.36499786376953,117.36499786376953,117.47000122070312,117.33999633789062,117.47000122070312,2406.0
2024-07-03 10:36:00,MRNS,1.225000023841858,1.225000023841858,1.2301000356674194,1.225000023841858,1.2301000356674194,1651.0
2024-07-03 10:36:00,MRSN,1.9249999523162842,1.9249999523162842,1.9249999523162842,1.9249999523162842,1.9249999523162842,187.0
2024-07-03 10:36:00,MRVI,6.815000057220459,6.815000057220459,6.829999923706055,6.815000057220459,6.829999923706055,2331.0
2024-07-03 10:36:00,MXCT,3.755000114440918,3.755000114440918,3.755000114440918,3.75,3.75,1164.0
2024-07-03 10:36:00,MYGN,25.440000534057617,25.440000534057617,25.489999771118164,25.440000534057617,25.489999771118164,1984.0
2024-07-03 10:36:00,NARI,49.73749923706055,49.73749923706055,49.775001525878906,49.73749923706055,49.775001525878906,909.0
2024-07-03 10:36:00,NBIX,138.54249572753906,138.54249572753906,138.54249572753906,138.0749969482422,138.11000061035156,3290.0
2024-07-03 10:36:00,NDRA,0.08410000056028366,0.08410000056028366,0.08489999920129776,0.08410000056028366,0.08410000056028366,2498.0
2024-07-03 10:36:00,NEO,13.729999542236328,13.729999542236328,13.729999542236328,13.720000267028809,13.720000267028809,341.0
2024-07-03 10:36:00,NEOG,15.1899995803833,15.1899995803833,15.220000267028809,15.1899995803833,15.220000267028809,1016.0
2024-07-03 10:36:00,NKTR,1.2549999952316284,1.2549999952316284,1.2598999738693237,1.25,1.2549999952316284,2960.0
2024-07-03 10:36:00,NKTX,5.5,5.5,5.559999942779541,5.5,5.559999942779541,2561.0
2024-07-03 10:36:00,NNOX,7.114999771118164,7.114999771118164,7.114999771118164,7.114999771118164,7.114999771118164,643.0
2024-07-03 10:36:00,NOTV,1.7100000381469727,1.7100000381469727,1.7100000381469727,1.7100000381469727,1.7100000381469727,204.0
2024-07-03 10:36:00,NPCE,7.289999961853027,7.289999961853027,7.289999961853027,7.289999961853027,7.289999961853027,200.0
2024-07-03 10:36:00,NRC,22.93000030517578,22.93000030517578,22.93000030517578,22.93000030517578,22.93000030517578,1177.0
2024-07-03 10:36:00,NRIX,19.809999465942383,19.809999465942383,19.809999465942383,19.809999465942383,19.809999465942383,1660.0
2024-07-03 10:36:00,NRSN,1.3300000429153442,1.3300000429153442,1.3300000429153442,1.3300000429153442,1.3300000429153442,1040.0
2024-07-03 10:36:00,NTLA,22.842300415039062,22.842300415039062,22.8700008392334,22.84000015258789,22.8700008392334,2852.0
2024-07-03 10:36:00,NTRA,112.30000305175781,112.30000305175781,112.30000305175781,112.19999694824219,112.27999877929688,844.0
2024-07-03 10:36:00,NUVL,72.12999725341797,72.12999725341797,72.2249984741211,72.12999725341797,72.12999725341797,891.0
2024-07-03 10:36:00,NVAX,12.939900398254395,12.939900398254395,12.954999923706055,12.900199890136719,12.95009994506836,19948.0
2024-07-03 10:36:00,NVCR,16.866500854492188,16.866500854492188,16.924999237060547,16.866500854492188,16.924999237060547,4399.0
2024-07-03 10:36:00,NXL,1.3798999786376953,1.3798999786376953,1.3799999952316284,1.3600000143051147,1.3600000143051147,26768.0
2024-07-03 10:36:00,OCGN,1.6649999618530273,1.6649999618530273,1.6649999618530273,1.659999966621399,1.659999966621399,5488.0
2024-07-03 10:36:00,OCUL,6.824999809265137,6.824999809265137,6.84499979019165,6.824999809265137,6.84499979019165,2628.0
2024-07-03 10:36:00,OFIX,13.40999984741211,13.40999984741211,13.420000076293945,13.40999984741211,13.420000076293945,726.0
2024-07-03 10:36:00,OGI,1.6050000190734863,1.6050000190734863,1.6050000190734863,1.6050000190734863,1.6050000190734863,2419.0
2024-07-03 10:36:00,OLMA,10.6899995803833,10.6899995803833,10.75,10.6899995803833,10.75,4397.0
2024-07-03 10:36:00,OM,3.744999885559082,3.744999885559082,3.744999885559082,3.740000009536743,3.740000009536743,2168.0
2024-07-03 10:36:00,OMCL,26.469999313354492,26.469999313354492,26.520000457763672,26.469999313354492,26.520000457763672,936.0
2024-07-03 10:36:00,OMER,3.9600000381469727,3.9600000381469727,3.9600000381469727,3.9600000381469727,3.9600000381469727,810.0
2024-07-03 10:37:00,AADI,1.399999976158142,1.399999976158142,1.399999976158142,1.399999976158142,1.399999976158142,600.0
2024-07-03 10:37:00,ABCL,2.7100000381469727,2.7100000381469727,2.7149999141693115,2.7100000381469727,2.7100000381469727,7813.0
2024-07-03 10:37:00,ABEO,4.364999771118164,4.364999771118164,4.369999885559082,4.350100040435791,4.369999885559082,1524.0
2024-07-03 10:37:00,ABSI,3.2200000286102295,3.2200000286102295,3.2200000286102295,3.2049999237060547,3.2049999237060547,2233.0
2024-07-03 10:37:00,ABUS,3.1649999618530273,3.1649999618530273,3.1700000762939453,3.1600000858306885,3.1700000762939453,10851.0
2024-07-03 10:37:00,ACAD,15.720000267028809,15.720000267028809,15.720000267028809,15.720000267028809,15.720000267028809,1819.0
2024-07-03 10:37:00,ACB,4.960000038146973,4.960000038146973,4.980000019073486,4.960000038146973,4.979800224304199,10195.0
2024-07-03 10:37:00,ACCD,3.6050000190734863,3.6050000190734863,3.6050000190734863,3.5999999046325684,3.6050000190734863,11124.0
2024-07-03 10:37:00,ACET,1.0648000240325928,1.0648000240325928,1.0648000240325928,1.059999942779541,1.059999942779541,2560.0
2024-07-03 10:37:00,ACHC,66.0,66.0,66.0,66.0,66.0,826.0
2024-07-03 10:37:00,ACLX,54.540000915527344,54.540000915527344,54.540000915527344,54.540000915527344,54.540000915527344,103.0
2024-07-03 10:37:00,ACRS,1.1699999570846558,1.1699999570846558,1.1799999475479126,1.1699999570846558,1.1799999475479126,1532.0
2024-07-03 10:37:00,ADAP,1.0449999570846558,1.0449999570846558,1.0449999570846558,1.0449999570846558,1.0449999570846558,100.0
2024-07-03 10:37:00,ADMA,11.395000457763672,11.395000457763672,11.399999618530273,11.392499923706055,11.399999618530273,1995.0
2024-07-03 10:37:00,ADPT,3.390000104904175,3.390000104904175,3.390000104904175,3.384999990463257,3.384999990463257,818.0
2024-07-03 10:37:00,ADUS,116.98500061035156,116.98500061035156,116.98500061035156,116.98500061035156,116.98500061035156,1786.0
2024-07-03 10:37:00,AEMD,0.413100004196167,0.413100004196167,0.413100004196167,0.413100004196167,0.413100004196167,5000.0
2024-07-03 10:37:00,AGEN,14.609999656677246,14.609999656677246,14.609999656677246,14.609999656677246,14.609999656677246,149.0
2024-07-03 10:37:00,AKRO,22.260000228881836,22.260000228881836,22.260000228881836,22.260000228881836,22.260000228881836,260.0
2024-07-03 10:37:00,ALDX,3.259999990463257,3.259999990463257,3.259999990463257,3.259999990463257,3.259999990463257,936.0
2024-07-03 10:37:00,ALGN,238.5500030517578,238.5500030517578,238.5500030517578,238.1199951171875,238.1199951171875,1651.0
2024-07-03 10:37:00,ALGS,0.42500001192092896,0.42500001192092896,0.4284999966621399,0.42010000348091125,0.42010000348091125,8100.0
2024-07-03 10:37:00,ALHC,8.0,8.0,8.0,8.0,8.0,702.0
2024-07-03 10:37:00,ALKS,24.399999618530273,24.399999618530273,24.399999618530273,24.375,24.375,2904.0
2024-07-03 10:37:00,ALLK,0.8587999939918518,0.8587999939918518,0.8611999750137329,0.8551999926567078,0.8611999750137329,2318.0
2024-07-03 10:37:00,ALLO,2.1449999809265137,2.1449999809265137,2.1549999713897705,2.1449999809265137,2.1500000953674316,2561.0
2024-07-03 10:37:00,ALLR,0.20499999821186066,0.20499999821186066,0.20509999990463257,0.20499999821186066,0.20509999990463257,876.0
2024-07-03 10:37:00,ALNY,247.02999877929688,247.02999877929688,247.1199951171875,246.89999389648438,246.91000366210938,5527.0
2024-07-03 10:37:00,ALT,6.815000057220459,6.815000057220459,6.819799900054932,6.809999942779541,6.814000129699707,4631.0
2024-07-03 10:37:00,ALVR,0.7366999983787537,0.7366999983787537,0.7382000088691711,0.7366999983787537,0.7376000285148621,2607.0
2024-07-03 10:37:00,ALXO,5.880000114440918,5.880000114440918,5.900000095367432,5.863999843597412,5.889999866485596,3390.0
2024-07-03 10:37:00,AMED,96.8499984741211,96.8499984741211,96.94000244140625,96.8499984741211,96.94000244140625,1239.0
2024-07-03 10:37:00,AMGN,310.92498779296875,310.92498779296875,310.9599914550781,310.92498779296875,310.9599914550781,970.0
2024-07-03 10:37:00,AMLX,1.7649999856948853,1.7649999856948853,1.7649999856948853,1.7649999856948853,1.7649999856948853,1060.0
2024-07-03 10:37:00,AMPH,38.41999816894531,38.41999816894531,38.43000030517578,38.41999816894531,38.43000030517578,309.0
2024-07-03 10:37:00,AMRN,0.7160999774932861,0.7160999774932861,0.7160999774932861,0.713100016117096,0.713100016117096,300.0
2024-07-03 10:37:00,ANTX,2.499500036239624,2.499500036239624,2.499500036239624,2.4900999069213867,2.4900999069213867,880.0
2024-07-03 10:37:00,APLS,35.790000915527344,35.790000915527344,35.790000915527344,35.70000076293945,35.70500183105469,962.0
2024-07-03 10:37:00,APLT,4.445000171661377,4.445000171661377,4.445000171661377,4.445000171661377,4.445000171661377,555.0
2024-07-03 10:37:00,APVO,0.3046000003814697,0.3046000003814697,0.3046000003814697,0.3046000003814697,0.3046000003814697,501.0
2024-07-03 10:37:00,AQST,2.434999942779541,2.434999942779541,2.434999942779541,2.430000066757202,2.434999942779541,14312.0
2024-07-03 10:37:00,ARCT,21.670000076293945,21.670000076293945,21.670000076293945,21.670000076293945,21.670000076293945,541.0
2024-07-03 10:37:00,ARDX,5.264999866485596,5.264999866485596,5.309899806976318,5.264999866485596,5.307499885559082,43130.0
2024-07-03 10:37:00,ARQT,9.670000076293945,9.670000076293945,9.75,9.670000076293945,9.75,42527.0
2024-07-03 10:37:00,ARVN,24.8700008392334,24.8700008392334,24.8700008392334,24.864999771118164,24.864999771118164,238.0
2024-07-03 10:37:00,ARWR,25.735000610351562,25.735000610351562,25.735000610351562,25.735000610351562,25.735000610351562,305.0
2024-07-03 10:37:00,ASND,135.55999755859375,135.55999755859375,135.55999755859375,135.55999755859375,135.55999755859375,288.0
2024-07-03 10:37:00,ASRT,1.3100999593734741,1.3100999593734741,1.3199000358581543,1.309999942779541,1.3199000358581543,8845.0
2024-07-03 10:37:00,ATAI,1.3049999475479126,1.3049999475479126,1.3049999475479126,1.3009999990463257,1.3009999990463257,1017.0
2024-07-03 10:37:00,ATEC,9.930000305175781,9.930000305175781,9.930000305175781,9.925000190734863,9.925000190734863,1046.0
2024-07-03 10:37:00,ATOS,1.1649999618530273,1.1649999618530273,1.1649999618530273,1.1649999618530273,1.1649999618530273,547.0
2024-07-03 10:37:00,ATRC,22.309999465942383,22.309999465942383,22.309999465942383,22.309999465942383,22.309999465942383,482.0
2024-07-03 10:37:00,ATXS,9.074999809265137,9.074999809265137,9.09000015258789,9.069999694824219,9.09000015258789,1669.0
2024-07-03 10:37:00,AUGX,1.0,1.0,1.0,1.0,1.0,1400.0
2024-07-03 10:37:00,AUPH,5.485000133514404,5.485000133514404,5.489999771118164,5.485000133514404,5.489999771118164,2953.0
2024-07-03 10:37:00,AUTL,3.4700000286102295,3.4700000286102295,3.479099988937378,3.4700000286102295,3.4749999046325684,885.0
2024-07-03 10:37:00,AVDL,14.390000343322754,14.390000343322754,14.390000343322754,14.390000343322754,14.390000343322754,629.0
2024-07-03 10:37:00,AVTE,1.6299999952316284,1.6299999952316284,1.6349999904632568,1.6299999952316284,1.6349999904632568,0.0
2024-07-03 10:37:00,AZN,76.9749984741211,76.9749984741211,76.9749984741211,76.93000030517578,76.93000030517578,8777.0
2024-07-03 10:37:00,BBIO,25.190000534057617,25.190000534057617,25.190000534057617,25.190000534057617,25.190000534057617,745.0
2024-07-03 10:37:00,BCAB,1.3350000381469727,1.3350000381469727,1.3350000381469727,1.3350000381469727,1.3350000381469727,534.0
2024-07-03 10:37:00,BCRX,6.646200180053711,6.646200180053711,6.646200180053711,6.646200180053711,6.646200180053711,316.0
2024-07-03 10:37:00,BEAM,23.59000015258789,23.59000015258789,23.639999389648438,23.59000015258789,23.600000381469727,928.0
2024-07-03 10:37:00,BEAT,2.7899999618530273,2.7899999618530273,2.7899999618530273,2.7899999618530273,2.7899999618530273,450.0
2024-07-03 10:37:00,BIIB,225.6300048828125,225.6300048828125,225.73500061035156,225.6300048828125,225.73500061035156,847.0
2024-07-03 10:37:00,BJDX,0.6263999938964844,0.6263999938964844,0.6263999938964844,0.6262999773025513,0.6262999773025513,2029.0
2024-07-03 10:37:00,BLFS,20.100000381469727,20.100000381469727,20.110000610351562,20.100000381469727,20.110000610351562,16416.0
2024-07-03 10:37:00,BLUE,0.9437999725341797,0.9437999725341797,0.9453999996185303,0.9437999725341797,0.9437999725341797,1935.0
2024-07-03 10:37:00,BMEA,4.449999809265137,4.449999809265137,4.449999809265137,4.449999809265137,4.449999809265137,200.0
2024-07-03 10:37:00,BMRA,0.45399999618530273,0.45399999618530273,0.45410001277923584,0.45399999618530273,0.45399999618530273,400.0
2024-07-03 10:37:00,BMRN,81.18000030517578,81.18000030517578,81.18000030517578,81.18000030517578,81.18000030517578,103.0
2024-07-03 10:37:00,BNGO,0.5658000111579895,0.5658000111579895,0.5659000277519226,0.5602999925613403,0.5658000111579895,23906.0
2024-07-03 10:37:00,BNTX,81.1500015258789,81.1500015258789,81.1500015258789,81.13500213623047,81.13500213623047,437.0
2024-07-03 10:37:00,BPMC,111.13500213623047,111.13500213623047,111.13500213623047,111.12999725341797,111.12999725341797,519.0
2024-07-03 10:37:00,BPTH,1.8049999475479126,1.8049999475479126,1.8049999475479126,1.8049999475479126,1.8049999475479126,308.0
2024-07-03 10:37:00,BRKR,61.83000183105469,61.83000183105469,61.83000183105469,61.83000183105469,61.83000183105469,26.0
2024-07-03 10:37:00,BTMD,7.429999828338623,7.429999828338623,7.429999828338623,7.429999828338623,7.429999828338623,801.0
2024-07-03 10:37:00,BVS,6.050000190734863,6.050000190734863,6.079999923706055,6.050000190734863,6.070000171661377,5897.0
2024-07-03 10:37:00,BYSI,2.5,2.5,2.5,2.490000009536743,2.490000009536743,16.0
2024-07-03 10:37:00,CABA,7.679999828338623,7.679999828338623,7.769999980926514,7.679999828338623,7.769999980926514,3911.0
2024-07-03 10:37:00,CADL,6.335000038146973,6.335000038146973,6.335000038146973,6.335000038146973,6.335000038146973,146.0
2024-07-03 10:37:00,CAPR,4.760000228881836,4.760000228881836,4.78000020980835,4.760000228881836,4.78000020980835,9484.0
2024-07-03 10:37:00,CARA,0.28290000557899475,0.28290000557899475,0.2840000092983246,0.2825999855995178,0.2825999855995178,21038.0
2024-07-03 10:37:00,CCCC,4.789999961853027,4.789999961853027,4.789999961853027,4.769999980926514,4.78000020980835,3875.0
2024-07-03 10:37:00,CDMO,7.610000133514404,7.610000133514404,7.659999847412109,7.599999904632568,7.657299995422363,6290.0
2024-07-03 10:37:00,CDNA,15.260000228881836,15.260000228881836,15.260000228881836,15.260000228881836,15.260000228881836,264.0
2024-07-03 10:37:00,CDXC,2.5799999237060547,2.5799999237060547,2.5799999237060547,2.5799999237060547,2.5799999237060547,116.0
2024-07-03 10:37:00,CERS,1.7400000095367432,1.7400000095367432,1.7400000095367432,1.7400000095367432,1.7400000095367432,0.0
2024-07-03 10:37:00,CERT,13.890000343322754,13.890000343322754,13.890000343322754,13.890000343322754,13.890000343322754,254.0
2024-07-03 10:37:00,CGC,6.795000076293945,6.795000076293945,6.828999996185303,6.795000076293945,6.824999809265137,20873.0
2024-07-03 10:37:00,CGEM,17.1200008392334,17.1200008392334,17.1200008392334,17.1200008392334,17.1200008392334,269.0
2024-07-03 10:37:00,CGEN,1.6799999475479126,1.6799999475479126,1.6799999475479126,1.6799999475479126,1.6799999475479126,300.0
2024-07-03 10:37:00,CHRS,1.4249999523162842,1.4249999523162842,1.4299999475479126,1.4249999523162842,1.4299999475479126,26622.0
2024-07-03 10:37:00,CING,0.3375999927520752,0.3375999927520752,0.33880001306533813,0.33079999685287476,0.33079999685287476,58310.0
2024-07-03 10:37:00,CLOV,1.2549999952316284,1.2549999952316284,1.2599999904632568,1.2549999952316284,1.2599999904632568,1683.0
2024-07-03 10:37:00,CLRB,2.440000057220459,2.440000057220459,2.444999933242798,2.440000057220459,2.444999933242798,0.0
2024-07-03 10:37:00,CMPS,6.195000171661377,6.195000171661377,6.210000038146973,6.190000057220459,6.190000057220459,1773.0
2024-07-03 10:37:00,CMRX,0.863099992275238,0.863099992275238,0.863099992275238,0.863099992275238,0.863099992275238,1087.0
2024-07-03 10:37:00,CNSP,2.1631999015808105,2.1631999015808105,2.200000047683716,2.140000104904175,2.1491000652313232,120956.0
2024-07-03 10:37:00,COGT,8.319999694824219,8.319999694824219,8.359999656677246,8.3100004196167,8.359999656677246,1644.0
2024-07-03 10:37:00,COLL,32.189998626708984,32.189998626708984,32.189998626708984,32.189998626708984,32.189998626708984,200.0
2024-07-03 10:37:00,CORT,30.809999465942383,30.809999465942383,30.809999465942383,30.809999465942383,30.809999465942383,150.0
2024-07-03 10:37:00,COSM,0.949999988079071,0.949999988079071,0.949999988079071,0.949999988079071,0.949999988079071,3456.0
2024-07-03 10:37:00,CRBU,1.6050000190734863,1.6050000190734863,1.6100000143051147,1.6050000190734863,1.6100000143051147,2778.0
2024-07-03 10:37:00,CRDF,2.240000009536743,2.240000009536743,2.240000009536743,2.240000009536743,2.240000009536743,831.0
2024-07-03 10:37:00,CRMD,4.184999942779541,4.184999942779541,4.195000171661377,4.184999942779541,4.195000171661377,1990.0
2024-07-03 10:37:00,CRON,2.359999895095825,2.359999895095825,2.369999885559082,2.359999895095825,2.369999885559082,816.0
2024-07-03 10:37:00,CRSP,54.36000061035156,54.36000061035156,54.38999938964844,54.30070114135742,54.33000183105469,1816.0
2024-07-03 10:37:00,CTKB,5.739999771118164,5.739999771118164,5.739999771118164,5.739999771118164,5.739999771118164,869.0
2024-07-03 10:37:00,CTSO,0.8299000263214111,0.8299000263214111,0.8579000234603882,0.8299000263214111,0.8579000234603882,630.0
2024-07-03 10:37:00,CUTR,1.3250000476837158,1.3250000476837158,1.3250000476837158,1.3200000524520874,1.3250000476837158,2569.0
2024-07-03 10:37:00,CVAC,3.4398999214172363,3.4398999214172363,3.4649999141693115,3.4398999214172363,3.4649999141693115,31150.0
2024-07-03 10:37:00,CYTO,1.149999976158142,1.149999976158142,1.1550999879837036,1.149999976158142,1.1550999879837036,1130.0
2024-07-03 10:37:00,DAWN,13.390000343322754,13.390000343322754,13.40999984741211,13.369999885559082,13.40999984741211,3007.0
2024-07-03 10:37:00,DCGO,2.9149999618530273,2.9149999618530273,2.9200000762939453,2.9100000858306885,2.9100000858306885,11476.0
2024-07-03 10:37:00,DH,5.409999847412109,5.409999847412109,5.429999828338623,5.409999847412109,5.429999828338623,4385.0
2024-07-03 10:37:00,DTIL,9.449999809265137,9.449999809265137,9.449999809265137,9.449999809265137,9.449999809265137,443.0
2024-07-03 10:37:00,DVAX,11.130000114440918,11.130000114440918,11.130000114440918,11.130000114440918,11.130000114440918,110.0
2024-07-03 10:37:00,DXCM,110.25499725341797,110.25499725341797,110.33999633789062,110.18499755859375,110.18499755859375,5684.0
2024-07-03 10:37:00,DYN,34.650001525878906,34.650001525878906,34.650001525878906,34.54999923706055,34.54999923706055,1633.0
2024-07-03 10:37:00,EDIT,4.679999828338623,4.679999828338623,4.690000057220459,4.675000190734863,4.690000057220459,4572.0
2024-07-03 10:37:00,ELEV,2.7100000381469727,2.7100000381469727,2.7100000381469727,2.7100000381469727,2.7100000381469727,201.0
2024-07-03 10:37:00,EMBC,12.050000190734863,12.050000190734863,12.050000190734863,12.050000190734863,12.050000190734863,524.0
2024-07-03 10:37:00,ENSG,126.08000183105469,126.08000183105469,126.08000183105469,126.05999755859375,126.05999755859375,1736.0
2024-07-03 10:37:00,ERAS,2.2699999809265137,2.2699999809265137,2.2699999809265137,2.265000104904175,2.265000104904175,885.0
2024-07-03 10:37:00,ESPR,2.3550000190734863,2.3550000190734863,2.360100030899048,2.3550000190734863,2.360100030899048,20008.0
2024-07-03 10:37:00,EVO,5.088200092315674,5.088200092315674,5.088200092315674,5.088200092315674,5.088200092315674,672.0
2024-07-03 10:37:00,EWTX,18.065000534057617,18.065000534057617,18.065000534057617,18.065000534057617,18.065000534057617,365.0
2024-07-03 10:37:00,EXAI,5.386300086975098,5.386300086975098,5.389999866485596,5.386300086975098,5.389999866485596,323.0
2024-07-03 10:37:00,EXAS,43.28499984741211,43.28499984741211,43.29999923706055,43.16999816894531,43.20000076293945,15313.0
2024-07-03 10:37:00,EXEL,22.079999923706055,22.079999923706055,22.079999923706055,22.079999923706055,22.079999923706055,443.0
2024-07-03 10:37:00,EYEN,0.8001999855041504,0.8001999855041504,0.8021000027656555,0.7937999963760376,0.7937999963760376,63712.0
2024-07-03 10:37:00,EYPT,8.390000343322754,8.390000343322754,8.390000343322754,8.390000343322754,8.390000343322754,200.0
2024-07-03 10:37:00,FATE,3.299999952316284,3.299999952316284,3.299999952316284,3.299999952316284,3.299999952316284,1079.0
2024-07-03 10:37:00,FDMT,21.149999618530273,21.149999618530273,21.209999084472656,21.149999618530273,21.209999084472656,848.0
2024-07-03 10:37:00,FLGT,20.260000228881836,20.260000228881836,20.260000228881836,20.229999542236328,20.25,929.0
2024-07-03 10:37:00,FOLD,9.904999732971191,9.904999732971191,9.904999732971191,9.904999732971191,9.904999732971191,0.0
2024-07-03 10:37:00,FULC,6.190000057220459,6.190000057220459,6.199999809265137,6.179999828338623,6.199999809265137,2147.0
2024-07-03 10:37:00,GDRX,7.849999904632568,7.849999904632568,7.855000019073486,7.840000152587891,7.840000152587891,3948.0
2024-07-03 10:37:00,GERN,4.40500020980835,4.40500020980835,4.409999847412109,4.400199890136719,4.400199890136719,4788.0
2024-07-03 10:37:00,GH,28.540000915527344,28.540000915527344,28.59000015258789,28.540000915527344,28.549999237060547,1657.0
2024-07-03 10:37:00,GILD,67.068603515625,67.068603515625,67.068603515625,67.03500366210938,67.05000305175781,5657.0
2024-07-03 10:37:00,GLTO,0.5031999945640564,0.5031999945640564,0.5031999945640564,0.5,0.5,6600.0
2024-07-03 10:37:00,GLUE,3.7200000286102295,3.7200000286102295,3.7200000286102295,3.7200000286102295,3.7200000286102295,68.0
2024-07-03 10:37:00,GLYC,0.27720001339912415,0.27720001339912415,0.27730000019073486,0.27489998936653137,0.27489998936653137,3144.0
2024-07-03 10:37:00,GMAB,25.209999084472656,25.209999084472656,25.209999084472656,25.209999084472656,25.209999084472656,276.0
2024-07-03 10:37:00,GOSS,0.9337999820709229,0.9337999820709229,0.9337999820709229,0.9337999820709229,0.9337999820709229,727.0
2024-07-03 10:37:00,GOVX,3.059999942779541,3.059999942779541,3.059999942779541,3.059999942779541,3.059999942779541,983.0
2024-07-03 10:37:00,GRFS,6.695000171661377,6.695000171661377,6.695000171661377,6.690000057220459,6.690000057220459,331.0
2024-07-03 10:37:00,GRTS,0.580299973487854,0.580299973487854,0.5835000276565552,0.5763000249862671,0.57669997215271,15507.0
2024-07-03 10:37:00,HALO,51.5099983215332,51.5099983215332,51.5099983215332,51.46500015258789,51.46500015258789,906.0
2024-07-03 10:37:00,HBIO,2.759999990463257,2.759999990463257,2.759999990463257,2.759999990463257,2.759999990463257,10000.0
2024-07-03 10:37:00,HCSG,10.734999656677246,10.734999656677246,10.75,10.734999656677246,10.75,1246.0
2024-07-03 10:37:00,HITI,2.125,2.125,2.130000114440918,2.115000009536743,2.115000009536743,5785.0
2024-07-03 10:37:00,HLVX,14.210000038146973,14.210000038146973,14.210000038146973,14.210000038146973,14.210000038146973,125.0
2024-07-03 10:37:00,HOLX,73.40499877929688,73.40499877929688,73.41570281982422,73.38999938964844,73.38999938964844,1913.0
2024-07-03 10:37:00,HOOK,0.5827999711036682,0.5827999711036682,0.5827999711036682,0.5827999711036682,0.5827999711036682,100.0
2024-07-03 10:37:00,HOWL,2.2300000190734863,2.2300000190734863,2.2300000190734863,2.2300000190734863,2.2300000190734863,352.0
2024-07-03 10:37:00,HQY,83.53500366210938,83.53500366210938,83.53500366210938,83.33000183105469,83.3949966430664,21712.0
2024-07-03 10:37:00,HRMY,30.290000915527344,30.290000915527344,30.290000915527344,30.290000915527344,30.290000915527344,352.0
2024-07-03 10:37:00,HRTX,2.7950000762939453,2.7950000762939453,2.7950000762939453,2.7950000762939453,2.7950000762939453,1780.0
2024-07-03 10:37:00,HSIC,65.41999816894531,65.41999816894531,65.41999816894531,65.41999816894531,65.41999816894531,456.0
2024-07-03 10:37:00,HUMA,5.7403998374938965,5.7403998374938965,5.75,5.710000038146973,5.71999979019165,16465.0
2024-07-03 10:37:00,HYPR,0.9613000154495239,0.9613000154495239,0.9613000154495239,0.9613000154495239,0.9613000154495239,325.0
2024-07-03 10:37:00,IBRX,6.284999847412109,6.284999847412109,6.301000118255615,6.269999980926514,6.301000118255615,21784.0
2024-07-03 10:37:00,ICLR,319.55999755859375,319.55999755859375,319.55999755859375,319.4700012207031,319.5,1616.0
2024-07-03 10:37:00,IDXX,474.3699951171875,474.3699951171875,474.3699951171875,474.3699951171875,474.3699951171875,363.0
2024-07-03 10:37:00,IGMS,6.46999979019165,6.46999979019165,6.46999979019165,6.46999979019165,6.46999979019165,200.0
2024-07-03 10:37:00,IKNA,1.649999976158142,1.649999976158142,1.649999976158142,1.6399999856948853,1.6399999856948853,748.0
2024-07-03 10:37:00,ILMN,104.98999786376953,104.98999786376953,105.0999984741211,104.83999633789062,105.0999984741211,12228.0
2024-07-03 10:37:00,IMCR,36.10499954223633,36.10499954223633,36.11009979248047,36.10499954223633,36.11009979248047,495.0
2024-07-03 10:37:00,IMRX,1.1549999713897705,1.1549999713897705,1.1549999713897705,1.1549999713897705,1.1549999713897705,1051.0
2024-07-03 10:37:00,INCY,57.974998474121094,57.974998474121094,58.04999923706055,57.95000076293945,58.029998779296875,16656.0
2024-07-03 10:37:00,INMD,17.739999771118164,17.739999771118164,17.780000686645508,17.739999771118164,17.780000686645508,4834.0
2024-07-03 10:37:00,INO,8.475000381469727,8.475000381469727,8.475000381469727,8.470000267028809,8.470000267028809,964.0
2024-07-03 10:37:00,INSM,63.689998626708984,63.689998626708984,63.78990173339844,63.689998626708984,63.7599983215332,3635.0
2024-07-03 10:37:00,INVA,16.325000762939453,16.325000762939453,16.325000762939453,16.290000915527344,16.30500030517578,2210.0
2024-07-03 10:37:00,INZY,4.519999980926514,4.519999980926514,4.539999961853027,4.519999980926514,4.539999961853027,1211.0
2024-07-03 10:37:00,IONS,44.70500183105469,44.70500183105469,44.720001220703125,44.685001373291016,44.685001373291016,6232.0
2024-07-03 10:37:00,IOVA,7.750100135803223,7.750100135803223,7.755000114440918,7.75,7.75,10612.0
2024-07-03 10:37:00,IRIX,1.9950000047683716,1.9950000047683716,1.9950000047683716,1.9950000047683716,1.9950000047683716,195.0
2024-07-03 10:37:00,IRMD,44.279998779296875,44.279998779296875,44.279998779296875,44.279998779296875,44.279998779296875,896.0
2024-07-03 10:37:00,IRWD,6.199999809265137,6.199999809265137,6.199999809265137,6.195000171661377,6.195000171661377,648.0
2024-07-03 10:37:00,ISPC,0.2750999927520752,0.2750999927520752,0.2799000144004822,0.27000001072883606,0.2799000144004822,51977.0
2024-07-03 10:37:00,ISRG,434.9599914550781,434.9599914550781,434.9599914550781,434.9599914550781,434.9599914550781,1704.0
2024-07-03 10:37:00,ITCI,67.97000122070312,67.97000122070312,68.08999633789062,67.97000122070312,68.0,2564.0
2024-07-03 10:37:00,ITOS,14.872200012207031,14.872200012207031,14.872200012207031,14.872200012207031,14.872200012207031,1188.0
2024-07-03 10:37:00,JANX,38.80500030517578,38.80500030517578,38.80500030517578,38.75,38.75,855.0
2024-07-03 10:37:00,JYNT,13.379899978637695,13.379899978637695,13.379899978637695,13.379899978637695,13.379899978637695,380.0
2024-07-03 10:37:00,KALV,11.675000190734863,11.675000190734863,11.675000190734863,11.675000190734863,11.675000190734863,592.0
2024-07-03 10:37:00,KNSA,18.875,18.875,18.895000457763672,18.8700008392334,18.889999389648438,1601.0
2024-07-03 10:37:00,KPTI,0.8406000137329102,0.8406000137329102,0.8406000137329102,0.8360000252723694,0.8360000252723694,559.0
2024-07-03 10:37:00,KTRA,0.2840000092983246,0.2840000092983246,0.2840000092983246,0.28200000524520874,0.28200000524520874,24702.0
2024-07-03 10:37:00,KZR,0.5795999765396118,0.5795999765396118,0.5795999765396118,0.5795999765396118,0.5795999765396118,102.0
2024-07-03 10:37:00,LAB,1.7949999570846558,1.7949999570846558,1.7999999523162842,1.7949999570846558,1.7999999523162842,11429.0
2024-07-03 10:37:00,LBPH,32.26499938964844,32.26499938964844,32.33000183105469,32.220001220703125,32.220001220703125,16508.0
2024-07-03 10:37:00,LEGN,45.61000061035156,45.61000061035156,45.61000061035156,45.61000061035156,45.61000061035156,991.0
2024-07-03 10:37:00,LFMD,6.731800079345703,6.731800079345703,6.731800079345703,6.731800079345703,6.731800079345703,1812.0
2024-07-03 10:37:00,LFST,5.139999866485596,5.139999866485596,5.139999866485596,5.119999885559082,5.119999885559082,3996.0
2024-07-03 10:37:00,LGND,83.0,83.0,83.66000366210938,83.0,83.66000366210938,3431.0
2024-07-03 10:37:00,LOGC,5.75,5.75,5.75,5.75,5.75,426.0
2024-07-03 10:37:00,LQDA,12.029999732971191,12.029999732971191,12.039999961853027,12.029999732971191,12.039999961853027,384.0
2024-07-03 10:37:00,LRMR,7.760000228881836,7.760000228881836,7.769999980926514,7.760000228881836,7.769999980926514,1063.0
2024-07-03 10:37:00,LUCY,0.47450000047683716,0.47450000047683716,0.4772999882698059,0.47450000047683716,0.4772999882698059,23426.0
2024-07-03 10:37:00,LXRX,1.6150000095367432,1.6150000095367432,1.6150000095367432,1.6150000095367432,1.6150000095367432,921.0
2024-07-03 10:37:00,LYEL,1.4502999782562256,1.4502999782562256,1.4550000429153442,1.4502999782562256,1.4550000429153442,1155.0
2024-07-03 10:37:00,LYRA,0.28940001130104065,0.28940001130104065,0.28940001130104065,0.28940001130104065,0.28940001130104065,513.0
2024-07-03 10:37:00,MASI,113.7750015258789,113.7750015258789,113.7750015258789,113.7750015258789,113.7750015258789,894.0
2024-07-03 10:37:00,MASS,4.78000020980835,4.78000020980835,4.795000076293945,4.78000020980835,4.795000076293945,391.0
2024-07-03 10:37:00,MBIO,0.5199999809265137,0.5199999809265137,0.5200999975204468,0.5199999809265137,0.5199999809265137,3839.0
2024-07-03 10:37:00,MBOT,1.0399999618530273,1.0399999618530273,1.0809999704360962,1.0399999618530273,1.0809999704360962,45266.0
2024-07-03 10:37:00,MCRB,0.7160999774932861,0.7160999774932861,0.7182999849319458,0.7139000296592712,0.7182999849319458,5315.0
2024-07-03 10:37:00,MDGL,269.82000732421875,269.82000732421875,269.82000732421875,269.82000732421875,269.82000732421875,1437.0
2024-07-03 10:37:00,MDWD,15.100000381469727,15.100000381469727,15.119999885559082,15.069999694824219,15.069999694824219,920.0
2024-07-03 10:37:00,MDXG,6.779900074005127,6.779900074005127,6.779900074005127,6.769999980926514,6.769999980926514,1443.0
2024-07-03 10:37:00,ME,0.4034999907016754,0.4034999907016754,0.4034999907016754,0.4034000039100647,0.4034000039100647,5456.0
2024-07-03 10:37:00,MESO,6.739999771118164,6.739999771118164,6.739999771118164,6.739999771118164,6.739999771118164,203.0
2024-07-03 10:37:00,MGNX,4.302499771118164,4.302499771118164,4.315000057220459,4.300000190734863,4.315000057220459,6006.0
2024-07-03 10:37:00,MIRM,33.965999603271484,33.965999603271484,33.97999954223633,33.965999603271484,33.97999954223633,1060.0
2024-07-03 10:37:00,MNKD,5.144999980926514,5.144999980926514,5.144999980926514,5.13070011138916,5.144999980926514,5996.0
2024-07-03 10:37:00,MNMD,7.25,7.25,7.25,7.25,7.25,520.0
2024-07-03 10:37:00,MODV,27.790000915527344,27.790000915527344,27.790000915527344,27.719999313354492,27.719999313354492,624.0
2024-07-03 10:37:00,MREO,3.5209999084472656,3.5209999084472656,3.5350000858306885,3.505000114440918,3.505000114440918,3269.0
2024-07-03 10:37:00,MRNA,117.46089935302734,117.46089935302734,117.52999877929688,117.2300033569336,117.26000213623047,6926.0
2024-07-03 10:37:00,MRNS,1.225000023841858,1.225000023841858,1.225000023841858,1.225000023841858,1.225000023841858,200.0
2024-07-03 10:37:00,MRSN,1.9299999475479126,1.9299999475479126,1.9299999475479126,1.9249999523162842,1.9249999523162842,424.0
2024-07-03 10:37:00,MRUS,52.88330078125,52.88330078125,52.88330078125,52.880001068115234,52.880001068115234,271.0
2024-07-03 10:37:00,MRVI,6.804999828338623,6.804999828338623,6.809999942779541,6.804999828338623,6.809999942779541,4355.0
2024-07-03 10:37:00,MXCT,3.744999885559082,3.744999885559082,3.75,3.744999885559082,3.744999885559082,1134.0
2024-07-03 10:37:00,MYGN,25.47879981994629,25.47879981994629,25.479999542236328,25.47879981994629,25.479999542236328,878.0
2024-07-03 10:37:00,NARI,49.7400016784668,49.7400016784668,49.7400016784668,49.7400016784668,49.7400016784668,381.0
2024-07-03 10:37:00,NBIX,138.75,138.75,138.75999450683594,138.60000610351562,138.60000610351562,1296.0
2024-07-03 10:37:00,NDRA,0.08449999988079071,0.08449999988079071,0.08449999988079071,0.08449999988079071,0.08449999988079071,0.0
2024-07-03 10:37:00,NEOG,15.204999923706055,15.204999923706055,15.204999923706055,15.1850004196167,15.1850004196167,793.0
2024-07-03 10:37:00,NKTR,1.2549999952316284,1.2549999952316284,1.2549999952316284,1.2549999952316284,1.2549999952316284,1174.0
2024-07-03 10:37:00,NKTX,5.5,5.5,5.5,5.494999885559082,5.494999885559082,2365.0
2024-07-03 10:37:00,NLSP,0.20399999618530273,0.20399999618530273,0.20399999618530273,0.20260000228881836,0.20260000228881836,30100.0
2024-07-03 10:37:00,NNOX,7.090000152587891,7.090000152587891,7.116199970245361,7.079999923706055,7.116199970245361,3159.0
2024-07-03 10:37:00,NOTV,1.7200000286102295,1.7200000286102295,1.7200000286102295,1.7100000381469727,1.7100000381469727,19089.0
2024-07-03 10:37:00,NTLA,22.7450008392334,22.7450008392334,22.7450008392334,22.690000534057617,22.69070053100586,1791.0
2024-07-03 10:37:00,NTRA,112.21499633789062,112.21499633789062,112.31999969482422,112.19000244140625,112.30000305175781,3258.0
2024-07-03 10:37:00,NVAX,12.949799537658691,12.949799537658691,12.949799537658691,12.930000305175781,12.930000305175781,14513.0
2024-07-03 10:37:00,NXL,1.3799999952316284,1.3799999952316284,1.3799999952316284,1.3799999952316284,1.3799999952316284,112.0
2024-07-03 10:37:00,OCGN,1.6649999618530273,1.6649999618530273,1.6689000129699707,1.6649999618530273,1.6689000129699707,1295.0
2024-07-03 10:37:00,OCUL,6.815000057220459,6.815000057220459,6.820000171661377,6.815000057220459,6.820000171661377,453.0
2024-07-03 10:37:00,OM,3.740000009536743,3.740000009536743,3.744999885559082,3.734999895095825,3.734999895095825,5026.0
2024-07-03 10:37:00,OMCL,26.459999084472656,26.459999084472656,26.459999084472656,26.459999084472656,26.459999084472656,304.0
2024-07-03 10:38:00,AADI,1.3899999856948853,1.3899999856948853,1.3899999856948853,1.3899999856948853,1.3899999856948853,0.0
2024-07-03 10:38:00,ABCL,2.7172999382019043,2.7172999382019043,2.7188000679016113,2.7100000381469727,2.7179999351501465,8634.0
2024-07-03 10:38:00,ABSI,3.2300000190734863,3.2300000190734863,3.2300000190734863,3.2300000190734863,3.2300000190734863,134.0
2024-07-03 10:38:00,ABUS,3.1600000858306885,3.1600000858306885,3.1649999618530273,3.1600000858306885,3.1649999618530273,1169.0
2024-07-03 10:38:00,ACAD,15.720000267028809,15.720000267028809,15.720000267028809,15.720000267028809,15.720000267028809,210.0
2024-07-03 10:38:00,ACB,4.954999923706055,4.954999923706055,4.954999923706055,4.940000057220459,4.948500156402588,1107.0
2024-07-03 10:38:00,ACCD,3.5950000286102295,3.5950000286102295,3.6050000190734863,3.5950000286102295,3.6050000190734863,10133.0
2024-07-03 10:38:00,ACET,1.0670000314712524,1.0670000314712524,1.0670000314712524,1.059999942779541,1.059999942779541,2014.0
2024-07-03 10:38:00,ACHC,66.125,66.125,66.125,66.04000091552734,66.04000091552734,1800.0
2024-07-03 10:38:00,ACHV,4.550000190734863,4.550000190734863,4.555300235748291,4.550000190734863,4.555300235748291,464.0
2024-07-03 10:38:00,ACLX,54.529998779296875,54.529998779296875,54.529998779296875,54.529998779296875,54.529998779296875,102.0
2024-07-03 10:38:00,ACRS,1.1699999570846558,1.1699999570846558,1.1699999570846558,1.1699999570846558,1.1699999570846558,900.0
2024-07-03 10:38:00,ADAP,1.0403000116348267,1.0403000116348267,1.0403000116348267,1.0399999618530273,1.0399999618530273,9613.0
2024-07-03 10:38:00,ADMA,11.395000457763672,11.395000457763672,11.395000457763672,11.395000457763672,11.395000457763672,1142.0
2024-07-03 10:38:00,ADPT,3.3949999809265137,3.3949999809265137,3.3949999809265137,3.390000104904175,3.390000104904175,904.0
2024-07-03 10:38:00,AGIO,42.2599983215332,42.2599983215332,42.2599983215332,42.15999984741211,42.2599983215332,480.0
2024-07-03 10:38:00,AKBA,0.9593999981880188,0.9593999981880188,0.9593999981880188,0.9532999992370605,0.9538000226020813,44900.0
2024-07-03 10:38:00,ALEC,4.5,4.5,4.5,4.5,4.5,590.0
2024-07-03 10:38:00,ALGN,238.64999389648438,238.64999389648438,238.64999389648438,238.64410400390625,238.64410400390625,1352.0
2024-07-03 10:38:00,ALGS,0.426800012588501,0.426800012588501,0.4284999966621399,0.41999998688697815,0.42500001192092896,43368.0
2024-07-03 10:38:00,ALKS,24.399999618530273,24.399999618530273,24.40999984741211,24.399999618530273,24.40999984741211,780.0
2024-07-03 10:38:00,ALLK,0.8587999939918518,0.8587999939918518,0.8587999939918518,0.8587999939918518,0.8587999939918518,324.0
2024-07-03 10:38:00,ALNY,246.89999389648438,246.89999389648438,247.11500549316406,246.89999389648438,247.02999877929688,1572.0
2024-07-03 10:38:00,ALT,6.824999809265137,6.824999809265137,6.824999809265137,6.809999942779541,6.809999942779541,4709.0
2024-07-03 10:38:00,ALVR,0.7365999817848206,0.7365999817848206,0.7365999817848206,0.7365999817848206,0.7365999817848206,0.0
2024-07-03 10:38:00,ALXO,5.885000228881836,5.885000228881836,5.885000228881836,5.885000228881836,5.885000228881836,869.0
2024-07-03 10:38:00,AMED,96.83999633789062,96.83999633789062,96.83999633789062,96.83999633789062,96.83999633789062,405.0
2024-07-03 10:38:00,AMGN,310.8999938964844,310.8999938964844,310.8999938964844,310.8999938964844,310.8999938964844,130.0
2024-07-03 10:38:00,AMLX,1.7649999856948853,1.7649999856948853,1.7649999856948853,1.7649999856948853,1.7649999856948853,808.0
2024-07-03 10:38:00,AMPH,38.415000915527344,38.415000915527344,38.47999954223633,38.415000915527344,38.41999816894531,647.0
2024-07-03 10:38:00,ANNX,4.880000114440918,4.880000114440918,4.880000114440918,4.875,4.880000114440918,668.0
2024-07-03 10:38:00,ANTX,2.5,2.5,2.5,2.5,2.5,174.0
2024-07-03 10:38:00,APDN,0.4377000033855438,0.4377000033855438,0.4377000033855438,0.4377000033855438,0.4377000033855438,963.0
2024-07-03 10:38:00,APLS,35.71500015258789,35.71500015258789,35.71500015258789,35.71500015258789,35.71500015258789,415.0
2024-07-03 10:38:00,ARAY,1.7649999856948853,1.7649999856948853,1.7649999856948853,1.7649999856948853,1.7649999856948853,428.0
2024-07-03 10:38:00,ARDX,5.230000019073486,5.230000019073486,5.269999980926514,5.230000019073486,5.264999866485596,47904.0
2024-07-03 10:38:00,ARQT,9.654999732971191,9.654999732971191,9.704999923706055,9.654999732971191,9.65999984741211,9737.0
2024-07-03 10:38:00,ARVN,24.834999084472656,24.834999084472656,24.8700008392334,24.834999084472656,24.8700008392334,921.0
2024-07-03 10:38:00,ARWR,25.735000610351562,25.735000610351562,25.735000610351562,25.735000610351562,25.735000610351562,210.0
2024-07-03 10:38:00,ASMB,12.390000343322754,12.390000343322754,12.390000343322754,12.300000190734863,12.300000190734863,844.0
2024-07-03 10:38:00,ASRT,1.309999942779541,1.309999942779541,1.309999942779541,1.3025000095367432,1.3049999475479126,1079.0
2024-07-03 10:38:00,AUGX,0.9940999746322632,0.9940999746322632,1.0002000331878662,0.9940999746322632,1.0002000331878662,15771.0
2024-07-03 10:38:00,AUPH,5.485000133514404,5.485000133514404,5.485000133514404,5.480999946594238,5.480999946594238,1062.0
2024-07-03 10:38:00,AUTL,3.4749999046325684,3.4749999046325684,3.4749999046325684,3.4749999046325684,3.4749999046325684,224.0
2024-07-03 10:38:00,AVIR,3.309999942779541,3.309999942779541,3.309999942779541,3.309999942779541,3.309999942779541,576.0
2024-07-03 10:38:00,AVTE,1.6349999904632568,1.6349999904632568,1.6349999904632568,1.6301000118255615,1.6301000118255615,350.0
2024-07-03 10:38:00,AVXL,4.275000095367432,4.275000095367432,4.275000095367432,4.275000095367432,4.275000095367432,220.0
2024-07-03 10:38:00,AXSM,80.02249908447266,80.02249908447266,80.02249908447266,80.02249908447266,80.02249908447266,1159.0
2024-07-03 10:38:00,AZN,76.97000122070312,76.97000122070312,77.01000213623047,76.97000122070312,76.9800033569336,5432.0
2024-07-03 10:38:00,AZTA,52.9900016784668,52.9900016784668,52.9900016784668,52.88999938964844,52.88999938964844,1301.0
2024-07-03 10:38:00,BBIO,25.219999313354492,25.219999313354492,25.219999313354492,25.219999313354492,25.219999313354492,662.0
2024-07-03 10:38:00,BCRX,6.650000095367432,6.650000095367432,6.650000095367432,6.649899959564209,6.649899959564209,1172.0
2024-07-03 10:38:00,BDTX,4.199999809265137,4.199999809265137,4.199999809265137,4.199999809265137,4.199999809265137,643.0
2024-07-03 10:38:00,BEAM,23.610000610351562,23.610000610351562,23.6299991607666,23.559999465942383,23.559999465942383,1134.0
2024-07-03 10:38:00,BIIB,225.36000061035156,225.36000061035156,225.36000061035156,225.36000061035156,225.36000061035156,356.0
2024-07-03 10:38:00,BIVI,0.41749998927116394,0.41749998927116394,0.41749998927116394,0.41749998927116394,0.41749998927116394,3119.0
2024-07-03 10:38:00,BLFS,20.079999923706055,20.079999923706055,20.079999923706055,20.079999923706055,20.079999923706055,803.0
2024-07-03 10:38:00,BLUE,0.9437999725341797,0.9437999725341797,0.9460999965667725,0.9437999725341797,0.9437999725341797,3378.0
2024-07-03 10:38:00,BMEA,4.460000038146973,4.460000038146973,4.46999979019165,4.460000038146973,4.46999979019165,703.0
2024-07-03 10:38:00,BMRN,81.2750015258789,81.2750015258789,81.2750015258789,81.18000030517578,81.18000030517578,1436.0
2024-07-03 10:38:00,BNGO,0.5640000104904175,0.5640000104904175,0.5658000111579895,0.5622000098228455,0.5640000104904175,6878.0
2024-07-03 10:38:00,BNTX,81.15499877929688,81.15499877929688,81.16500091552734,81.0999984741211,81.16500091552734,1678.0
2024-07-03 10:38:00,BPMC,111.19999694824219,111.19999694824219,111.19999694824219,111.13500213623047,111.13500213623047,875.0
2024-07-03 10:38:00,BRKR,61.84000015258789,61.84000015258789,61.84000015258789,61.84000015258789,61.84000015258789,200.0
2024-07-03 10:38:00,BTAI,1.100000023841858,1.100000023841858,1.100000023841858,1.100000023841858,1.100000023841858,707.0
2024-07-03 10:38:00,CAPR,4.78000020980835,4.78000020980835,4.78000020980835,4.78000020980835,4.78000020980835,200.0
2024-07-03 10:38:00,CARA,0.2865000069141388,0.2865000069141388,0.28999999165534973,0.28290000557899475,0.28999999165534973,11351.0
2024-07-03 10:38:00,CCCC,4.789999961853027,4.789999961853027,4.789999961853027,4.784999847412109,4.789999961853027,1679.0
2024-07-03 10:38:00,CCRN,13.75,13.75,13.75,13.75,13.75,324.0
2024-07-03 10:38:00,CDMO,7.650000095367432,7.650000095367432,7.650000095367432,7.650000095367432,7.650000095367432,200.0
2024-07-03 10:38:00,CDNA,15.279999732971191,15.279999732971191,15.279999732971191,15.279999732971191,15.279999732971191,204.0
2024-07-03 10:38:00,CELC,16.395000457763672,16.395000457763672,16.399999618530273,16.350000381469727,16.399999618530273,500.0
2024-07-03 10:38:00,CERS,1.7450000047683716,1.7450000047683716,1.7450000047683716,1.7450000047683716,1.7450000047683716,2620.0
2024-07-03 10:38:00,CERT,13.890000343322754,13.890000343322754,13.890000343322754,13.890000343322754,13.890000343322754,390.0
2024-07-03 10:38:00,CGC,6.820000171661377,6.820000171661377,6.820000171661377,6.754000186920166,6.791800022125244,77630.0
2024-07-03 10:38:00,CGEM,17.1200008392334,17.1200008392334,17.1200008392334,17.1200008392334,17.1200008392334,220.0
2024-07-03 10:38:00,CING,0.33000001311302185,0.33000001311302185,0.33869999647140503,0.33000001311302185,0.33869999647140503,15645.0
2024-07-03 10:38:00,CKPT,2.3399999141693115,2.3399999141693115,2.3399999141693115,2.3399999141693115,2.3399999141693115,125.0
2024-07-03 10:38:00,CLDX,36.88999938964844,36.88999938964844,36.88999938964844,36.88999938964844,36.88999938964844,200.0
2024-07-03 10:38:00,CLPT,5.380000114440918,5.380000114440918,5.380000114440918,5.380000114440918,5.380000114440918,433.0
2024-07-03 10:38:00,CMPX,0.8500000238418579,0.8500000238418579,0.8500000238418579,0.8500000238418579,0.8500000238418579,100.0
2024-07-03 10:38:00,CNSP,2.1798999309539795,2.1798999309539795,2.190000057220459,2.163599967956543,2.163599967956543,34156.0
2024-07-03 10:38:00,COLL,32.1349983215332,32.1349983215332,32.1349983215332,32.1349983215332,32.1349983215332,267.0
2024-07-03 10:38:00,CORT,30.81999969482422,30.81999969482422,30.850000381469727,30.809999465942383,30.850000381469727,934.0
2024-07-03 10:38:00,COSM,0.949999988079071,0.949999988079071,0.949999988079071,0.949999988079071,0.949999988079071,1255.0
2024-07-03 10:38:00,CPRX,15.680000305175781,15.680000305175781,15.680000305175781,15.680000305175781,15.680000305175781,329.0
2024-07-03 10:38:00,CRBU,1.6050000190734863,1.6050000190734863,1.6092000007629395,1.6050000190734863,1.6050000190734863,4588.0
2024-07-03 10:38:00,CRDF,2.244999885559082,2.244999885559082,2.244999885559082,2.244999885559082,2.244999885559082,400.0
2024-07-03 10:38:00,CRMD,4.184999942779541,4.184999942779541,4.184999942779541,4.184999942779541,4.184999942779541,937.0
2024-07-03 10:38:00,CRON,2.3550000190734863,2.3550000190734863,2.359999895095825,2.3550000190734863,2.359999895095825,31007.0
2024-07-03 10:38:00,CRSP,54.41999816894531,54.41999816894531,54.41999816894531,54.400001525878906,54.400001525878906,2723.0
2024-07-03 10:38:00,CTXR,0.5101000070571899,0.5101000070571899,0.5101000070571899,0.5099999904632568,0.5099999904632568,8332.0
2024-07-03 10:38:00,CUTR,1.3250000476837158,1.3250000476837158,1.3250000476837158,1.3200000524520874,1.3200000524520874,482.0
2024-07-03 10:38:00,CVAC,3.449899911880493,3.449899911880493,3.449899911880493,3.4200000762939453,3.434999942779541,10631.0
2024-07-03 10:38:00,CYCC,1.625,1.625,1.625,1.625,1.625,0.0
2024-07-03 10:38:00,CYTK,54.73500061035156,54.73500061035156,54.73500061035156,54.73500061035156,54.73500061035156,211.0
2024-07-03 10:38:00,DCGO,2.940000057220459,2.940000057220459,2.940000057220459,2.930000066757202,2.930000066757202,1760.0
2024-07-03 10:38:00,DH,5.409999847412109,5.409999847412109,5.420000076293945,5.409999847412109,5.420000076293945,352.0
2024-07-03 10:38:00,DRRX,1.350000023841858,1.350000023841858,1.350000023841858,1.350000023841858,1.350000023841858,742.0
2024-07-03 10:38:00,DSGN,3.2100000381469727,3.2100000381469727,3.2100000381469727,3.2100000381469727,3.2100000381469727,411.0
2024-07-03 10:38:00,DVAX,11.130000114440918,11.130000114440918,11.130000114440918,11.130000114440918,11.130000114440918,207.0
2024-07-03 10:38:00,DXCM,110.28050231933594,110.28050231933594,110.29000091552734,110.20999908447266,110.20999908447266,4023.0
2024-07-03 10:38:00,DYN,34.650001525878906,34.650001525878906,34.7400016784668,34.650001525878906,34.7400016784668,611.0
2024-07-03 10:38:00,EDIT,4.682799816131592,4.682799816131592,4.682799816131592,4.682799816131592,4.682799816131592,801.0
2024-07-03 10:38:00,ENSG,126.33999633789062,126.33999633789062,126.33999633789062,126.27040100097656,126.27040100097656,1227.0
2024-07-03 10:38:00,ENVB,0.5180000066757202,0.5180000066757202,0.5180000066757202,0.5178999900817871,0.5180000066757202,14100.0
2024-07-03 10:38:00,ESPR,2.3501999378204346,2.3501999378204346,2.3596999645233154,2.3501999378204346,2.3596999645233154,12001.0
2024-07-03 10:38:00,ETNB,7.699999809265137,7.699999809265137,7.699999809265137,7.699999809265137,7.699999809265137,1876.0
2024-07-03 10:38:00,EXAI,5.385000228881836,5.385000228881836,5.400000095367432,5.385000228881836,5.400000095367432,562.0
2024-07-03 10:38:00,EXAS,43.310001373291016,43.310001373291016,43.310001373291016,43.266998291015625,43.29999923706055,1136.0
2024-07-03 10:38:00,EXEL,22.075000762939453,22.075000762939453,22.075000762939453,22.075000762939453,22.075000762939453,426.0
2024-07-03 10:38:00,EYEN,0.8130000233650208,0.8130000233650208,0.8130000233650208,0.8003000020980835,0.8051000237464905,6511.0
2024-07-03 10:38:00,EYPT,8.380000114440918,8.380000114440918,8.380000114440918,8.380000114440918,8.380000114440918,190.0
2024-07-03 10:38:00,FATE,3.2899999618530273,3.2899999618530273,3.2899999618530273,3.2899999618530273,3.2899999618530273,710.0
2024-07-03 10:38:00,FBIO,1.7549999952316284,1.7549999952316284,1.7549999952316284,1.7549999952316284,1.7549999952316284,1606.0
2024-07-03 10:38:00,FENC,6.059999942779541,6.059999942779541,6.059999942779541,6.059999942779541,6.059999942779541,466.0
2024-07-03 10:38:00,FGEN,0.7210000157356262,0.7210000157356262,0.7210000157356262,0.7210000157356262,0.7210000157356262,600.0
2024-07-03 10:38:00,FHTX,5.559999942779541,5.559999942779541,5.559999942779541,5.559999942779541,5.559999942779541,385.0
2024-07-03 10:38:00,FOLD,9.899999618530273,9.899999618530273,9.899999618530273,9.899999618530273,9.899999618530273,200.0
2024-07-03 10:38:00,FULC,6.199999809265137,6.199999809265137,6.199999809265137,6.199999809265137,6.199999809265137,262.0
2024-07-03 10:38:00,GDRX,7.849999904632568,7.849999904632568,7.849999904632568,7.849999904632568,7.849999904632568,516.0
2024-07-03 10:38:00,GERN,4.401199817657471,4.401199817657471,4.404799938201904,4.401199817657471,4.404799938201904,839.0
2024-07-03 10:38:00,GILD,67.08000183105469,67.08000183105469,67.0999984741211,67.05500030517578,67.05999755859375,5134.0
2024-07-03 10:38:00,GLYC,0.2752000093460083,0.2752000093460083,0.27720001339912415,0.27489998936653137,0.27720001339912415,7578.0
2024-07-03 10:38:00,GOVX,3.0799999237060547,3.0799999237060547,3.0799999237060547,3.0799999237060547,3.0799999237060547,200.0
2024-07-03 10:38:00,GRTS,0.5824000239372253,0.5824000239372253,0.5839999914169312,0.5824000239372253,0.5839999914169312,2901.0
2024-07-03 10:38:00,GTHX,2.5000998973846436,2.5000998973846436,2.5000998973846436,2.5,2.5,1726.0
2024-07-03 10:38:00,HALO,51.45500183105469,51.45500183105469,51.45500183105469,51.45500183105469,51.45500183105469,722.0
2024-07-03 10:38:00,HBIO,2.759999990463257,2.759999990463257,2.759999990463257,2.759999990463257,2.759999990463257,0.0
2024-07-03 10:38:00,HCAT,6.239999771118164,6.239999771118164,6.239999771118164,6.239999771118164,6.239999771118164,570.0
2024-07-03 10:38:00,HCSG,10.744999885559082,10.744999885559082,10.744999885559082,10.739999771118164,10.739999771118164,486.0
2024-07-03 10:38:00,HLVX,14.270000457763672,14.270000457763672,14.270000457763672,14.270000457763672,14.270000457763672,953.0
2024-07-03 10:38:00,HOLX,73.4000015258789,73.4000015258789,73.41000366210938,73.38999938964844,73.40499877929688,4896.0
2024-07-03 10:38:00,HOOK,0.5856999754905701,0.5856999754905701,0.5856999754905701,0.5856999754905701,0.5856999754905701,2084.0
2024-07-03 10:38:00,HQY,83.62999725341797,83.62999725341797,83.62999725341797,83.62999725341797,83.62999725341797,307.0
2024-07-03 10:38:00,HROW,21.940000534057617,21.940000534057617,21.940000534057617,21.940000534057617,21.940000534057617,101.0
2024-07-03 10:38:00,HRTX,2.7950000762939453,2.7950000762939453,2.799499988555908,2.7950000762939453,2.7950000762939453,6650.0
2024-07-03 10:38:00,HSIC,65.47000122070312,65.47000122070312,65.5,65.44999694824219,65.44999694824219,3210.0
2024-07-03 10:38:00,HUMA,5.6620001792907715,5.6620001792907715,5.739999771118164,5.659999847412109,5.739999771118164,20796.0
2024-07-03 10:38:00,IBRX,6.2820000648498535,6.2820000648498535,6.284999847412109,6.269999980926514,6.28000020980835,1650.0
2024-07-03 10:38:00,ICLR,319.6549987792969,319.6549987792969,319.6549987792969,319.510009765625,319.510009765625,2067.0
2024-07-03 10:38:00,IDXX,475.9800109863281,475.9800109863281,475.9800109863281,474.6300048828125,474.6300048828125,2852.0
2024-07-03 10:38:00,IGMS,6.534999847412109,6.534999847412109,6.534999847412109,6.534999847412109,6.534999847412109,2.0
2024-07-03 10:38:00,IKNA,1.649999976158142,1.649999976158142,1.649999976158142,1.649999976158142,1.649999976158142,282.0
2024-07-03 10:38:00,ILMN,105.11000061035156,105.11000061035156,105.13999938964844,105.01499938964844,105.01499938964844,2439.0
2024-07-03 10:38:00,IMMP,1.9600000381469727,1.9600000381469727,1.9700000286102295,1.9600000381469727,1.965000033378601,1917.0
2024-07-03 10:38:00,IMNM,12.0649995803833,12.0649995803833,12.0649995803833,12.0649995803833,12.0649995803833,352.0
2024-07-03 10:38:00,IMRX,1.159999966621399,1.159999966621399,1.1699999570846558,1.1585999727249146,1.159999966621399,4988.0
2024-07-03 10:38:00,IMUX,1.159999966621399,1.159999966621399,1.159999966621399,1.159999966621399,1.159999966621399,200.0
2024-07-03 10:38:00,INCY,57.875,57.875,57.9900016784668,57.845001220703125,57.9900016784668,7315.0
2024-07-03 10:38:00,INGN,7.90500020980835,7.90500020980835,7.90500020980835,7.90500020980835,7.90500020980835,275.0
2024-07-03 10:38:00,INMD,17.75,17.75,17.75,17.75,17.75,200.0
2024-07-03 10:38:00,INSM,63.650001525878906,63.650001525878906,63.66999816894531,63.500099182128906,63.66999816894531,6468.0
2024-07-03 10:38:00,INVA,16.334999084472656,16.334999084472656,16.334999084472656,16.334999084472656,16.334999084472656,478.0
2024-07-03 10:38:00,IONM,0.3296000063419342,0.3296000063419342,0.3296000063419342,0.3296000063419342,0.3296000063419342,356.0
2024-07-03 10:38:00,IONS,44.709999084472656,44.709999084472656,44.72999954223633,44.709999084472656,44.72999954223633,2989.0
2024-07-03 10:38:00,IOVA,7.75,7.75,7.755000114440918,7.75,7.755000114440918,2511.0
2024-07-03 10:38:00,IPSC,2.259999990463257,2.259999990463257,2.259999990463257,2.259999990463257,2.259999990463257,644.0
2024-07-03 10:38:00,IXHL,2.7100000381469727,2.7100000381469727,2.7100000381469727,2.700000047683716,2.700000047683716,981.0
2024-07-03 10:38:00,JANX,38.654998779296875,38.654998779296875,38.654998779296875,38.61000061035156,38.61000061035156,545.0
2024-07-03 10:38:00,JSPR,23.469999313354492,23.469999313354492,23.469999313354492,23.469999313354492,23.469999313354492,190.0
2024-07-03 10:38:00,KNSA,18.899999618530273,18.899999618530273,18.899999618530273,18.899999618530273,18.899999618530273,344.0
2024-07-03 10:38:00,KTRA,0.2831000089645386,0.2831000089645386,0.2838999927043915,0.2831000089645386,0.2838999927043915,1500.0
2024-07-03 10:38:00,KURA,20.719999313354492,20.719999313354492,20.719999313354492,20.719999313354492,20.719999313354492,600.0
2024-07-03 10:38:00,KZR,0.57669997215271,0.57669997215271,0.57669997215271,0.57669997215271,0.57669997215271,265.0
2024-07-03 10:38:00,LAB,1.7999999523162842,1.7999999523162842,1.7999999523162842,1.7949999570846558,1.7949999570846558,1279.0
2024-07-03 10:38:00,LBPH,32.25,32.25,32.25,32.25,32.25,294.0
2024-07-03 10:38:00,LEGN,45.619998931884766,45.619998931884766,45.619998931884766,45.619998931884766,45.619998931884766,1282.0
2024-07-03 10:38:00,LGVN,1.642899990081787,1.642899990081787,1.642899990081787,1.642899990081787,1.642899990081787,330.0
2024-07-03 10:38:00,LIVN,52.76499938964844,52.76499938964844,52.76499938964844,52.76499938964844,52.76499938964844,506.0
2024-07-03 10:38:00,LOGC,5.744999885559082,5.744999885559082,5.75,5.739999771118164,5.75,1582.0
2024-07-03 10:38:00,LQDA,12.039999961853027,12.039999961853027,12.039999961853027,12.039999961853027,12.039999961853027,2215.0
2024-07-03 10:38:00,LUCD,0.762499988079071,0.762499988079071,0.762499988079071,0.762499988079071,0.762499988079071,930.0
2024-07-03 10:38:00,LUNG,6.239999771118164,6.239999771118164,6.239999771118164,6.239999771118164,6.239999771118164,535.0
2024-07-03 10:38:00,LXRX,1.6150000095367432,1.6150000095367432,1.6150000095367432,1.6150000095367432,1.6150000095367432,2629.0
2024-07-03 10:38:00,LYEL,1.4550000429153442,1.4550000429153442,1.4550000429153442,1.4550000429153442,1.4550000429153442,567.0
2024-07-03 10:38:00,LYRA,0.28949999809265137,0.28949999809265137,0.2896000146865845,0.28940001130104065,0.28940001130104065,4074.0
2024-07-03 10:38:00,MASI,113.90499877929688,113.90499877929688,113.90499877929688,113.90499877929688,113.90499877929688,1492.0
2024-07-03 10:38:00,MBIO,0.5200999975204468,0.5200999975204468,0.5206999778747559,0.5199999809265137,0.5199999809265137,20784.0
2024-07-03 10:38:00,MDXG,6.784999847412109,6.784999847412109,6.784999847412109,6.78000020980835,6.78000020980835,1235.0
2024-07-03 10:38:00,ME,0.4034000039100647,0.4034000039100647,0.4034000039100647,0.4034000039100647,0.4034000039100647,676.0
2024-07-03 10:38:00,MGNX,4.295000076293945,4.295000076293945,4.295000076293945,4.289999961853027,4.289999961853027,4568.0
2024-07-03 10:38:00,MIRM,33.98500061035156,33.98500061035156,33.98500061035156,33.98500061035156,33.98500061035156,0.0
2024-07-03 10:38:00,MMSI,85.68000030517578,85.68000030517578,85.68000030517578,85.68000030517578,85.68000030517578,139.0
2024-07-03 10:38:00,MNMD,7.255000114440918,7.255000114440918,7.255000114440918,7.255000114440918,7.255000114440918,1369.0
2024-07-03 10:38:00,MODD,1.4900000095367432,1.4900000095367432,1.4900000095367432,1.4900000095367432,1.4900000095367432,384.0
2024-07-03 10:38:00,MODV,28.040000915527344,28.040000915527344,28.079999923706055,27.795000076293945,27.795000076293945,3699.0
2024-07-03 10:38:00,MORF,32.130001068115234,32.130001068115234,32.130001068115234,32.11600112915039,32.11600112915039,663.0
2024-07-03 10:38:00,MREO,3.5199999809265137,3.5199999809265137,3.5199999809265137,3.5199999809265137,3.5199999809265137,1155.0
2024-07-03 10:38:00,MRNA,117.45999908447266,117.45999908447266,117.56999969482422,117.45999908447266,117.56999969482422,2239.0
2024-07-03 10:38:00,MRNS,1.2201999425888062,1.2201999425888062,1.2201999425888062,1.2201999425888062,1.2201999425888062,128.0
2024-07-03 10:38:00,MRUS,52.87300109863281,52.87300109863281,52.9900016784668,52.87300109863281,52.9900016784668,1187.0
2024-07-03 10:38:00,MRVI,6.809999942779541,6.809999942779541,6.809999942779541,6.804999828338623,6.804999828338623,1615.0
2024-07-03 10:38:00,MXCT,3.744999885559082,3.744999885559082,3.744999885559082,3.744999885559082,3.744999885559082,510.0
2024-07-03 10:38:00,MYGN,25.459999084472656,25.459999084472656,25.459999084472656,25.440099716186523,25.440099716186523,867.0
2024-07-03 10:38:00,NARI,49.709999084472656,49.709999084472656,49.709999084472656,49.709999084472656,49.709999084472656,101.0
2024-07-03 10:38:00,NBIX,138.77000427246094,138.77000427246094,138.77000427246094,138.77000427246094,138.77000427246094,378.0
2024-07-03 10:38:00,NDRA,0.08489999920129776,0.08489999920129776,0.08489999920129776,0.08399999886751175,0.08399999886751175,2336.0
2024-07-03 10:38:00,NEO,13.770000457763672,13.770000457763672,13.770000457763672,13.739999771118164,13.739999771118164,3705.0
2024-07-03 10:38:00,NERV,3.069999933242798,3.069999933242798,3.069999933242798,3.069999933242798,3.069999933242798,224.0
2024-07-03 10:38:00,NKTR,1.2549999952316284,1.2549999952316284,1.2549999952316284,1.2508000135421753,1.2508000135421753,1347.0
2024-07-03 10:38:00,NPCE,7.289999961853027,7.289999961853027,7.289999961853027,7.289999961853027,7.289999961853027,225.0
2024-07-03 10:38:00,NRC,22.899999618530273,22.899999618530273,22.950000762939453,22.899999618530273,22.90999984741211,1339.0
2024-07-03 10:38:00,NRIX,19.795000076293945,19.795000076293945,19.795000076293945,19.795000076293945,19.795000076293945,160.0
2024-07-03 10:38:00,NTLA,22.75,22.75,22.770000457763672,22.75,22.770000457763672,1568.0
2024-07-03 10:38:00,NTRA,112.12999725341797,112.12999725341797,112.33999633789062,112.12999725341797,112.31999969482422,4249.0
2024-07-03 10:38:00,NVAX,12.925000190734863,12.925000190734863,12.944999694824219,12.925000190734863,12.944700241088867,3029.0
2024-07-03 10:38:00,NVCR,16.90999984741211,16.90999984741211,16.90999984741211,16.90999984741211,16.90999984741211,208.0
2024-07-03 10:38:00,NXL,1.375,1.375,1.375,1.3600000143051147,1.3600000143051147,2629.0
2024-07-03 10:38:00,OCGN,1.6699999570846558,1.6699999570846558,1.6699999570846558,1.660099983215332,1.660099983215332,1206.0
2024-07-03 10:38:00,OGI,1.6050000190734863,1.6050000190734863,1.6050000190734863,1.6050000190734863,1.6050000190734863,200.0
2024-07-03 10:38:00,OLMA,10.670000076293945,10.670000076293945,10.670000076293945,10.654999732971191,10.670000076293945,767.0
2024-07-03 10:38:00,OM,3.740000009536743,3.740000009536743,3.740000009536743,3.740000009536743,3.740000009536743,155.0
2024-07-03 10:38:00,OMCL,26.489999771118164,26.489999771118164,26.489999771118164,26.489999771118164,26.489999771118164,200.0
2024-07-03 10:39:00,AADI,1.3899999856948853,1.3899999856948853,1.3899999856948853,1.3899999856948853,1.3899999856948853,599.0
2024-07-03 10:39:00,ABCL,2.720099925994873,2.720099925994873,2.7300000190734863,2.7200000286102295,2.7200000286102295,19751.0
2024-07-03 10:39:00,ABSI,3.2249999046325684,3.2249999046325684,3.234999895095825,3.2249999046325684,3.234999895095825,7325.0
2024-07-03 10:39:00,ABUS,3.1649999618530273,3.1649999618530273,3.1649999618530273,3.1649999618530273,3.1649999618530273,294.0
2024-07-03 10:39:00,ACAD,15.729999542236328,15.729999542236328,15.729999542236328,15.729999542236328,15.729999542236328,2000.0
2024-07-03 10:39:00,ACB,4.95359992980957,4.95359992980957,4.960000038146973,4.95359992980957,4.960000038146973,1654.0
2024-07-03 10:39:00,ACCD,3.5950000286102295,3.5950000286102295,3.5950000286102295,3.5899999141693115,3.5950000286102295,3064.0
2024-07-03 10:39:00,ACET,1.059999942779541,1.059999942779541,1.059999942779541,1.059999942779541,1.059999942779541,3970.0
2024-07-03 10:39:00,ACLX,54.2400016784668,54.2400016784668,54.2400016784668,54.2400016784668,54.2400016784668,2783.0
2024-07-03 10:39:00,ACRS,1.1699999570846558,1.1699999570846558,1.1797000169754028,1.1699999570846558,1.1797000169754028,2432.0
2024-07-03 10:39:00,ADAP,1.0399999618530273,1.0399999618530273,1.0399999618530273,1.0399999618530273,1.0399999618530273,401.0
2024-07-03 10:39:00,ADMA,11.395000457763672,11.395000457763672,11.395000457763672,11.395000457763672,11.395000457763672,574.0
2024-07-03 10:39:00,ADPT,3.390000104904175,3.390000104904175,3.390000104904175,3.390000104904175,3.390000104904175,1306.0
2024-07-03 10:39:00,ADUS,117.12999725341797,117.12999725341797,117.33499908447266,117.12999725341797,117.33499908447266,2140.0
2024-07-03 10:39:00,AGEN,14.68649959564209,14.68649959564209,14.68649959564209,14.591500282287598,14.600000381469727,1451.0
2024-07-03 10:39:00,AGIO,42.165000915527344,42.165000915527344,42.165000915527344,42.165000915527344,42.165000915527344,1658.0
2024-07-03 10:39:00,AHCO,9.829999923706055,9.829999923706055,9.829999923706055,9.8149995803833,9.8149995803833,1033.0
2024-07-03 10:39:00,AKBA,0.954200029373169,0.954200029373169,0.954200029373169,0.954200029373169,0.954200029373169,110.0
2024-07-03 10:39:00,ALGN,238.52499389648438,238.52499389648438,238.52499389648438,238.52499389648438,238.52499389648438,1096.0
2024-07-03 10:39:00,ALGS,0.4334999918937683,0.4334999918937683,0.4334999918937683,0.4300999939441681,0.4334999918937683,33024.0
2024-07-03 10:39:00,ALKS,24.3700008392334,24.3700008392334,24.389999389648438,24.3700008392334,24.389999389648438,2351.0
2024-07-03 10:39:00,ALLO,2.140000104904175,2.140000104904175,2.140000104904175,2.140000104904175,2.140000104904175,1532.0
2024-07-03 10:39:00,ALNY,247.83999633789062,247.83999633789062,247.91000366210938,247.83999633789062,247.89999389648438,5849.0
2024-07-03 10:39:00,ALT,6.804999828338623,6.804999828338623,6.804999828338623,6.804999828338623,6.804999828338623,2647.0
2024-07-03 10:39:00,ALVR,0.7382000088691711,0.7382000088691711,0.7382000088691711,0.7382000088691711,0.7382000088691711,547.0
2024-07-03 10:39:00,ALXO,5.840000152587891,5.840000152587891,5.860000133514404,5.840000152587891,5.849999904632568,1229.0
2024-07-03 10:39:00,AMED,96.84500122070312,96.84500122070312,96.84500122070312,96.84500122070312,96.84500122070312,963.0
2024-07-03 10:39:00,AMGN,310.8349914550781,310.8349914550781,310.8349914550781,310.82501220703125,310.82501220703125,2376.0
2024-07-03 10:39:00,AMLX,1.7649999856948853,1.7649999856948853,1.7649999856948853,1.7649999856948853,1.7649999856948853,1315.0
2024-07-03 10:39:00,ANAB,25.389999389648438,25.389999389648438,25.389999389648438,25.389999389648438,25.389999389648438,653.0
2024-07-03 10:39:00,ANNX,4.849999904632568,4.849999904632568,4.849999904632568,4.849999904632568,4.849999904632568,8077.0
2024-07-03 10:39:00,ANTX,2.519399881362915,2.519399881362915,2.5199999809265137,2.519399881362915,2.5199999809265137,2381.0
2024-07-03 10:39:00,APDN,0.44530001282691956,0.44530001282691956,0.44530001282691956,0.44530001282691956,0.44530001282691956,198.0
2024-07-03 10:39:00,APLS,35.939998626708984,35.939998626708984,35.939998626708984,35.65010070800781,35.720001220703125,18731.0
2024-07-03 10:39:00,APLT,4.445000171661377,4.445000171661377,4.445000171661377,4.445000171661377,4.445000171661377,1365.0
2024-07-03 10:39:00,AQST,2.434999942779541,2.434999942779541,2.434999942779541,2.434999942779541,2.434999942779541,431.0
2024-07-03 10:39:00,ARAY,1.7649999856948853,1.7649999856948853,1.7649999856948853,1.7649999856948853,1.7649999856948853,122.0
2024-07-03 10:39:00,ARCT,21.59000015258789,21.59000015258789,21.59000015258789,21.59000015258789,21.59000015258789,191.0
2024-07-03 10:39:00,ARDX,5.24970006942749,5.24970006942749,5.25,5.239999771118164,5.239999771118164,46199.0
2024-07-03 10:39:00,ARQT,9.625,9.625,9.640000343322754,9.609999656677246,9.640000343322754,2803.0
2024-07-03 10:39:00,ARVN,24.834999084472656,24.834999084472656,24.834999084472656,24.834999084472656,24.834999084472656,416.0
2024-07-03 10:39:00,ARWR,25.68000030517578,25.68000030517578,25.68000030517578,25.68000030517578,25.68000030517578,2001.0
2024-07-03 10:39:00,ASND,134.47000122070312,134.47000122070312,135.3800048828125,134.47000122070312,135.0500030517578,3000.0
2024-07-03 10:39:00,ASRT,1.3198000192642212,1.3198000192642212,1.3198000192642212,1.315000057220459,1.315000057220459,65922.0
2024-07-03 10:39:00,ATEC,9.925000190734863,9.925000190734863,9.925000190734863,9.925000190734863,9.925000190734863,1724.0
2024-07-03 10:39:00,ATHA,2.5799999237060547,2.5799999237060547,2.5950000286102295,2.5799999237060547,2.5950000286102295,11204.0
2024-07-03 10:39:00,ATOS,1.1649999618530273,1.1649999618530273,1.1649999618530273,1.1649999618530273,1.1649999618530273,2057.0
2024-07-03 10:39:00,ATXS,9.0600004196167,9.0600004196167,9.0600004196167,9.0600004196167,9.0600004196167,266.0
2024-07-03 10:39:00,AUTL,3.4700000286102295,3.4700000286102295,3.4700000286102295,3.4700000286102295,3.4700000286102295,2828.0
2024-07-03 10:39:00,AVDL,14.369999885559082,14.369999885559082,14.390000343322754,14.369999885559082,14.390000343322754,7080.0
2024-07-03 10:39:00,AVIR,3.315000057220459,3.315000057220459,3.315000057220459,3.315000057220459,3.315000057220459,255.0
2024-07-03 10:39:00,AVTE,1.6305999755859375,1.6305999755859375,1.6305999755859375,1.6305999755859375,1.6305999755859375,685.0
2024-07-03 10:39:00,AXDX,1.149999976158142,1.149999976158142,1.1749999523162842,1.149999976158142,1.1749999523162842,7798.0
2024-07-03 10:39:00,AXGN,7.570000171661377,7.570000171661377,7.570000171661377,7.570000171661377,7.570000171661377,346.0
2024-07-03 10:39:00,AXNX,67.51000213623047,67.51000213623047,67.51000213623047,67.51000213623047,67.51000213623047,567.0
2024-07-03 10:39:00,AZN,76.94000244140625,76.94000244140625,76.94999694824219,76.92500305175781,76.94999694824219,9556.0
2024-07-03 10:39:00,AZTA,52.970001220703125,52.970001220703125,52.9900016784668,52.959999084472656,52.959999084472656,3692.0
2024-07-03 10:39:00,BBIO,25.239999771118164,25.239999771118164,25.239999771118164,25.239999771118164,25.239999771118164,199.0
2024-07-03 10:39:00,BCAB,1.3350000381469727,1.3350000381469727,1.3350000381469727,1.3350000381469727,1.3350000381469727,105.0
2024-07-03 10:39:00,BCRX,6.6427998542785645,6.6427998542785645,6.6427998542785645,6.6427998542785645,6.6427998542785645,1478.0
2024-07-03 10:39:00,BCYC,19.825000762939453,19.825000762939453,19.825000762939453,19.825000762939453,19.825000762939453,171.0
2024-07-03 10:39:00,BDTX,4.195000171661377,4.195000171661377,4.195000171661377,4.195000171661377,4.195000171661377,4954.0
2024-07-03 10:39:00,BEAM,23.600000381469727,23.600000381469727,23.600000381469727,23.575000762939453,23.59000015258789,7097.0
2024-07-03 10:39:00,BIIB,225.5850067138672,225.5850067138672,225.5850067138672,225.5850067138672,225.5850067138672,1239.0
2024-07-03 10:39:00,BIVI,0.41999998688697815,0.41999998688697815,0.41999998688697815,0.41999998688697815,0.41999998688697815,7411.0
2024-07-03 10:39:00,BJDX,0.6284000277519226,0.6284000277519226,0.6284000277519226,0.6284000277519226,0.6284000277519226,1891.0
2024-07-03 10:39:00,BLTE,45.85499954223633,45.85499954223633,45.85499954223633,45.85499954223633,45.85499954223633,1768.0
2024-07-03 10:39:00,BLUE,0.9563000202178955,0.9563000202178955,0.9564999938011169,0.9438999891281128,0.9448000192642212,134236.0
2024-07-03 10:39:00,BMEA,4.46999979019165,4.46999979019165,4.46999979019165,4.46999979019165,4.46999979019165,4140.0
2024-07-03 10:39:00,BMRN,81.2699966430664,81.2699966430664,81.2699966430664,81.17500305175781,81.19000244140625,2081.0
2024-07-03 10:39:00,BNGO,0.5676000118255615,0.5676000118255615,0.5677000284194946,0.5622000098228455,0.5622000098228455,10390.0
2024-07-03 10:39:00,BNTX,81.15499877929688,81.15499877929688,81.15499877929688,81.15499877929688,81.15499877929688,505.0
2024-07-03 10:39:00,BPMC,111.06999969482422,111.06999969482422,111.12750244140625,110.97000122070312,110.9800033569336,1977.0
2024-07-03 10:39:00,BRKR,61.83000183105469,61.83000183105469,61.915000915527344,61.83000183105469,61.915000915527344,1262.0
2024-07-03 10:39:00,BYSI,2.559999942779541,2.559999942779541,2.559999942779541,2.559999942779541,2.559999942779541,222.0
2024-07-03 10:39:00,CABA,7.659999847412109,7.659999847412109,7.699999809265137,7.635000228881836,7.699999809265137,2535.0
2024-07-03 10:39:00,CADL,6.300000190734863,6.300000190734863,6.300000190734863,6.289999961853027,6.289999961853027,1727.0
2024-07-03 10:39:00,CAPR,4.78000020980835,4.78000020980835,4.78000020980835,4.78000020980835,4.78000020980835,93.0
2024-07-03 10:39:00,CARA,0.289000004529953,0.289000004529953,0.289000004529953,0.289000004529953,0.289000004529953,8.0
2024-07-03 10:39:00,CCCC,4.789999961853027,4.789999961853027,4.789999961853027,4.784999847412109,4.784999847412109,1500.0
2024-07-03 10:39:00,CDMO,7.610000133514404,7.610000133514404,7.650000095367432,7.610000133514404,7.650000095367432,3118.0
2024-07-03 10:39:00,CDXS,2.9100000858306885,2.9100000858306885,2.9100000858306885,2.9100000858306885,2.9100000858306885,487.0
2024-07-03 10:39:00,CELC,16.350000381469727,16.350000381469727,16.350000381469727,16.350000381469727,16.350000381469727,606.0
2024-07-03 10:39:00,CERE,41.29999923706055,41.29999923706055,41.334999084472656,41.29999923706055,41.334999084472656,4423.0
2024-07-03 10:39:00,CGC,6.799200057983398,6.799200057983398,6.7993998527526855,6.795000076293945,6.799300193786621,6092.0
2024-07-03 10:39:00,CGEM,16.920000076293945,16.920000076293945,16.96500015258789,16.920000076293945,16.950000762939453,5512.0
2024-07-03 10:39:00,CGEN,1.6799999475479126,1.6799999475479126,1.6799999475479126,1.6799999475479126,1.6799999475479126,301.0
2024-07-03 10:39:00,CING,0.3199999928474426,0.3199999928474426,0.3199999928474426,0.3199999928474426,0.3199999928474426,4886.0
2024-07-03 10:39:00,CKPT,2.3371999263763428,2.3371999263763428,2.3371999263763428,2.3371999263763428,2.3371999263763428,4209.0
2024-07-03 10:39:00,CLDX,36.84000015258789,36.84000015258789,36.84000015258789,36.84000015258789,36.84000015258789,689.0
2024-07-03 10:39:00,CLOV,1.2549999952316284,1.2549999952316284,1.2549999952316284,1.2547999620437622,1.2547999620437622,3136.0
2024-07-03 10:39:00,CNSP,2.1700000762939453,2.1700000762939453,2.190000057220459,2.1700000762939453,2.1800999641418457,48493.0
2024-07-03 10:39:00,CODX,1.284999966621399,1.284999966621399,1.284999966621399,1.284999966621399,1.284999966621399,400.0
2024-07-03 10:39:00,COGT,8.319999694824219,8.319999694824219,8.319999694824219,8.319999694824219,8.319999694824219,531.0
2024-07-03 10:39:00,COLL,32.220001220703125,32.220001220703125,32.220001220703125,32.220001220703125,32.220001220703125,647.0
2024-07-03 10:39:00,CORT,30.809999465942383,30.809999465942383,30.81999969482422,30.809999465942383,30.81999969482422,1531.0
2024-07-03 10:39:00,CPRX,15.680000305175781,15.680000305175781,15.6899995803833,15.670000076293945,15.670000076293945,2933.0
2024-07-03 10:39:00,CRBU,1.6050000190734863,1.6050000190734863,1.6050000190734863,1.600000023841858,1.6050000190734863,6161.0
2024-07-03 10:39:00,CRDF,2.2899999618530273,2.2899999618530273,2.2899999618530273,2.2899999618530273,2.2899999618530273,26354.0
2024-07-03 10:39:00,CRNX,45.029998779296875,45.029998779296875,45.029998779296875,45.025001525878906,45.025001525878906,634.0
2024-07-03 10:39:00,CRSP,54.369998931884766,54.369998931884766,54.369998931884766,54.369998931884766,54.369998931884766,107.0
2024-07-03 10:39:00,CSTL,21.579999923706055,21.579999923706055,21.579999923706055,21.579999923706055,21.579999923706055,262.0
2024-07-03 10:39:00,CUTR,1.3294999599456787,1.3294999599456787,1.3294999599456787,1.3294999599456787,1.3294999599456787,262.0
2024-07-03 10:39:00,CVAC,3.4302000999450684,3.4302000999450684,3.4400999546051025,3.430000066757202,3.4400999546051025,21807.0
2024-07-03 10:39:00,CVRX,11.729999542236328,11.729999542236328,11.729999542236328,11.729999542236328,11.729999542236328,631.0
2024-07-03 10:39:00,CYTK,54.64500045776367,54.64500045776367,54.64500045776367,54.64500045776367,54.64500045776367,7111.0
2024-07-03 10:39:00,DCGO,2.949399948120117,2.949399948120117,2.949399948120117,2.949399948120117,2.949399948120117,300.0
2024-07-03 10:39:00,DCTH,7.92140007019043,7.92140007019043,7.92140007019043,7.92140007019043,7.92140007019043,509.0
2024-07-03 10:39:00,DSGN,3.2300000190734863,3.2300000190734863,3.2300000190734863,3.2100000381469727,3.2100000381469727,30051.0
2024-07-03 10:39:00,DVAX,11.125,11.125,11.125,11.125,11.125,333.0
2024-07-03 10:39:00,DXCM,110.21499633789062,110.21499633789062,110.21499633789062,110.21499633789062,110.21499633789062,3031.0
2024-07-03 10:39:00,DYN,34.7400016784668,34.7400016784668,34.7400016784668,34.7400016784668,34.7400016784668,421.0
2024-07-03 10:39:00,EDIT,4.690000057220459,4.690000057220459,4.690000057220459,4.684999942779541,4.684999942779541,5354.0
2024-07-03 10:39:00,EGRX,5.289999961853027,5.289999961853027,5.289999961853027,5.289999961853027,5.289999961853027,241.0
2024-07-03 10:39:00,ELEV,2.6900999546051025,2.6900999546051025,2.6900999546051025,2.6900999546051025,2.6900999546051025,1191.0
2024-07-03 10:39:00,EMBC,12.050000190734863,12.050000190734863,12.050000190734863,12.050000190734863,12.050000190734863,374.0
2024-07-03 10:39:00,ENLV,1.2999999523162842,1.2999999523162842,1.2999999523162842,1.2999999523162842,1.2999999523162842,103.0
2024-07-03 10:39:00,ENVB,0.5024999976158142,0.5024999976158142,0.5024999976158142,0.5024999976158142,0.5024999976158142,1515.0
2024-07-03 10:39:00,ERAS,2.2699999809265137,2.2699999809265137,2.2699999809265137,2.2699999809265137,2.2699999809265137,847.0
2024-07-03 10:39:00,ESPR,2.369999885559082,2.369999885559082,2.369999885559082,2.369999885559082,2.369999885559082,5145.0
2024-07-03 10:39:00,ESTA,43.56999969482422,43.56999969482422,43.56999969482422,43.56999969482422,43.56999969482422,1530.0
2024-07-03 10:39:00,ETNB,7.670000076293945,7.670000076293945,7.679999828338623,7.670000076293945,7.679999828338623,1764.0
2024-07-03 10:39:00,EWTX,18.100000381469727,18.100000381469727,18.100000381469727,18.0,18.014999389648438,3466.0
2024-07-03 10:39:00,EXAI,5.388500213623047,5.388500213623047,5.388500213623047,5.388500213623047,5.388500213623047,3261.0
2024-07-03 10:39:00,EXAS,43.279998779296875,43.279998779296875,43.279998779296875,43.279998779296875,43.279998779296875,2308.0
2024-07-03 10:39:00,EXEL,22.09000015258789,22.09000015258789,22.09000015258789,22.075000762939453,22.075000762939453,6863.0
2024-07-03 10:39:00,EYEN,0.8149999976158142,0.8149999976158142,0.8149999976158142,0.8149999976158142,0.8149999976158142,38815.0
2024-07-03 10:39:00,EYPT,8.40999984741211,8.40999984741211,8.40999984741211,8.40999984741211,8.40999984741211,350.0
2024-07-03 10:39:00,FATE,3.2899999618530273,3.2899999618530273,3.2899999618530273,3.2899999618530273,3.2899999618530273,1560.0
2024-07-03 10:39:00,FDMT,21.094999313354492,21.094999313354492,21.100000381469727,21.094999313354492,21.100000381469727,678.0
2024-07-03 10:39:00,FGEN,0.7278000116348267,0.7278000116348267,0.7278000116348267,0.7210000157356262,0.7210000157356262,4292.0
2024-07-03 10:39:00,FHTX,5.480000019073486,5.480000019073486,5.480000019073486,5.480000019073486,5.480000019073486,849.0
2024-07-03 10:39:00,FOLD,9.914999961853027,9.914999961853027,9.914999961853027,9.904999732971191,9.904999732971191,2806.0
2024-07-03 10:39:00,GDRX,7.855000019073486,7.855000019073486,7.855000019073486,7.855000019073486,7.855000019073486,1745.0
2024-07-03 10:39:00,GERN,4.385000228881836,4.385000228881836,4.391200065612793,4.385000228881836,4.391200065612793,16743.0
2024-07-03 10:39:00,GH,28.520000457763672,28.520000457763672,28.549999237060547,28.520000457763672,28.549999237060547,2236.0
2024-07-03 10:39:00,GILD,67.05999755859375,67.05999755859375,67.05999755859375,67.04000091552734,67.05000305175781,11343.0
2024-07-03 10:39:00,GLSI,16.780000686645508,16.780000686645508,17.1200008392334,16.780000686645508,17.010000228881836,4088.0
2024-07-03 10:39:00,GLUE,3.7149999141693115,3.7149999141693115,3.7149999141693115,3.7149999141693115,3.7149999141693115,436.0
2024-07-03 10:39:00,GMAB,25.219999313354492,25.219999313354492,25.219999313354492,25.219999313354492,25.219999313354492,6372.0
2024-07-03 10:39:00,GOSS,0.9280999898910522,0.9280999898910522,0.9280999898910522,0.9280999898910522,0.9280999898910522,6374.0
2024-07-03 10:39:00,GOVX,3.030100107192993,3.030100107192993,3.049999952316284,3.030100107192993,3.049999952316284,2899.0
2024-07-03 10:39:00,GRFS,6.695000171661377,6.695000171661377,6.699900150299072,6.690000057220459,6.690000057220459,8300.0
2024-07-03 10:39:00,GRTS,0.5842000246047974,0.5842000246047974,0.5842000246047974,0.5842000246047974,0.5842000246047974,807.0
2024-07-03 10:39:00,GTHX,2.5,2.5,2.5,2.5,2.5,344.0
2024-07-03 10:39:00,HALO,51.46500015258789,51.46500015258789,51.52000045776367,51.40010070800781,51.52000045776367,1635.0
2024-07-03 10:39:00,HBIO,2.759999990463257,2.759999990463257,2.759999990463257,2.759999990463257,2.759999990463257,0.0
2024-07-03 10:39:00,HCSG,10.734999656677246,10.734999656677246,10.734999656677246,10.734999656677246,10.734999656677246,303.0
2024-07-03 10:39:00,HITI,2.125,2.125,2.125,2.125,2.125,1482.0
2024-07-03 10:39:00,HOLX,73.44499969482422,73.44499969482422,73.44499969482422,73.4000015258789,73.4000015258789,9560.0
2024-07-03 10:39:00,HOWL,2.240000009536743,2.240000009536743,2.240000009536743,2.240000009536743,2.240000009536743,1707.0
2024-07-03 10:39:00,HQY,83.55999755859375,83.55999755859375,83.55999755859375,83.4800033569336,83.4800033569336,2723.0
2024-07-03 10:39:00,HRMY,30.270000457763672,30.270000457763672,30.270000457763672,30.270000457763672,30.270000457763672,396.0
2024-07-03 10:39:00,HROW,21.905000686645508,21.905000686645508,21.905000686645508,21.899999618530273,21.899999618530273,686.0
2024-07-03 10:39:00,HRTX,2.7950000762939453,2.7950000762939453,2.7999000549316406,2.7950000762939453,2.7999000549316406,5028.0
2024-07-03 10:39:00,HSIC,65.46900177001953,65.46900177001953,65.48999786376953,65.44999694824219,65.46549987792969,2339.0
2024-07-03 10:39:00,HUGE,0.148499995470047,0.148499995470047,0.148499995470047,0.148499995470047,0.148499995470047,600.0
2024-07-03 10:39:00,HUMA,5.664999961853027,5.664999961853027,5.670000076293945,5.650000095367432,5.670000076293945,15430.0
2024-07-03 10:39:00,IART,29.079999923706055,29.079999923706055,29.139999389648438,29.079999923706055,29.139999389648438,1250.0
2024-07-03 10:39:00,IBRX,6.269999980926514,6.269999980926514,6.269999980926514,6.269999980926514,6.269999980926514,2129.0
2024-07-03 10:39:00,ICCM,0.7272999882698059,0.7272999882698059,0.7272999882698059,0.7272999882698059,0.7272999882698059,5100.0
2024-07-03 10:39:00,ICUI,117.55999755859375,117.55999755859375,117.55999755859375,117.55999755859375,117.55999755859375,586.0
2024-07-03 10:39:00,IDYA,33.540000915527344,33.540000915527344,33.599998474121094,33.540000915527344,33.599998474121094,953.0
2024-07-03 10:39:00,IKNA,1.649999976158142,1.649999976158142,1.649999976158142,1.649999976158142,1.649999976158142,298.0
2024-07-03 10:39:00,ILMN,105.13999938964844,105.13999938964844,105.16999816894531,105.06999969482422,105.12000274658203,3431.0
2024-07-03 10:39:00,IMCR,36.125,36.125,36.125,36.125,36.125,443.0
2024-07-03 10:39:00,IMMP,1.9600000381469727,1.9600000381469727,1.9600000381469727,1.9600000381469727,1.9600000381469727,2702.0
2024-07-03 10:39:00,IMMX,2.25,2.25,2.25,2.25,2.25,231.0
2024-07-03 10:39:00,IMNM,12.03909969329834,12.03909969329834,12.045000076293945,12.03499984741211,12.045000076293945,3558.0
2024-07-03 10:39:00,IMRX,1.169700026512146,1.169700026512146,1.169700026512146,1.169700026512146,1.169700026512146,511.0
2024-07-03 10:39:00,IMVT,26.760000228881836,26.760000228881836,26.760000228881836,26.760000228881836,26.760000228881836,454.0
2024-07-03 10:39:00,INAB,0.800000011920929,0.800000011920929,0.800000011920929,0.800000011920929,0.800000011920929,150.0
2024-07-03 10:39:00,INCY,57.83000183105469,57.83000183105469,57.84000015258789,57.83000183105469,57.84000015258789,5864.0
2024-07-03 10:39:00,INMD,17.75,17.75,17.757400512695312,17.75,17.7549991607666,2087.0
2024-07-03 10:39:00,INO,8.484999656677246,8.484999656677246,8.484999656677246,8.484999656677246,8.484999656677246,249.0
2024-07-03 10:39:00,INSM,63.744998931884766,63.744998931884766,63.744998931884766,63.66999816894531,63.709999084472656,8053.0
2024-07-03 10:39:00,IONS,44.7140998840332,44.7140998840332,44.7140998840332,44.7140998840332,44.7140998840332,2752.0
2024-07-03 10:39:00,IOVA,7.735000133514404,7.735000133514404,7.744999885559082,7.735000133514404,7.744999885559082,92951.0
2024-07-03 10:39:00,IRTC,94.3949966430664,94.3949966430664,94.3949966430664,94.3949966430664,94.3949966430664,28994.0
2024-07-03 10:39:00,IRWD,6.190000057220459,6.190000057220459,6.190000057220459,6.184999942779541,6.184999942779541,3573.0
2024-07-03 10:39:00,ISRG,435.1400146484375,435.1400146484375,435.364990234375,435.1400146484375,435.364990234375,1076.0
2024-07-03 10:39:00,ITCI,67.98249816894531,67.98249816894531,67.98249816894531,67.98249816894531,67.98249816894531,35193.0
2024-07-03 10:39:00,ITRM,1.1131000518798828,1.1131000518798828,1.1131000518798828,1.1131000518798828,1.1131000518798828,1001.0
2024-07-03 10:39:00,IXHL,2.700700044631958,2.700700044631958,2.700700044631958,2.700000047683716,2.700000047683716,600.0
2024-07-03 10:39:00,JAGX,3.5023000240325928,3.5023000240325928,3.5023000240325928,3.5023000240325928,3.5023000240325928,1684.0
2024-07-03 10:39:00,JANX,38.64500045776367,38.64500045776367,38.64500045776367,38.54999923706055,38.54999923706055,953.0
2024-07-03 10:39:00,KALA,6.73829984664917,6.73829984664917,6.73829984664917,6.73829984664917,6.73829984664917,1812.0
2024-07-03 10:39:00,KALV,11.65999984741211,11.65999984741211,11.65999984741211,11.65999984741211,11.65999984741211,643.0
2024-07-03 10:39:00,KNSA,18.850000381469727,18.850000381469727,18.850000381469727,18.850000381469727,18.850000381469727,1640.0
2024-07-03 10:39:00,KOD,2.2300000190734863,2.2300000190734863,2.2300000190734863,2.2300000190734863,2.2300000190734863,1200.0
2024-07-03 10:39:00,KPTI,0.8406000137329102,0.8406000137329102,0.8406000137329102,0.8406000137329102,0.8406000137329102,850.0
2024-07-03 10:39:00,KRMD,2.2899999618530273,2.2899999618530273,2.2899999618530273,2.2899999618530273,2.2899999618530273,106.0
2024-07-03 10:39:00,KRYS,178.8699951171875,178.8699951171875,178.8800048828125,178.55999755859375,178.8800048828125,710.0
2024-07-03 10:39:00,KTRA,0.28360000252723694,0.28360000252723694,0.28360000252723694,0.28200000524520874,0.2833000123500824,22789.0
2024-07-03 10:39:00,KURA,20.709999084472656,20.709999084472656,20.709999084472656,20.709999084472656,20.709999084472656,625.0
2024-07-03 10:39:00,LAB,1.7999999523162842,1.7999999523162842,1.7999999523162842,1.7999999523162842,1.7999999523162842,105.0
2024-07-03 10:39:00,LFST,5.144999980926514,5.144999980926514,5.144999980926514,5.144999980926514,5.144999980926514,568.0
2024-07-03 10:39:00,LIVN,52.76390075683594,52.76390075683594,52.76390075683594,52.76390075683594,52.76390075683594,509.0
2024-07-03 10:39:00,LQDA,12.057999610900879,12.057999610900879,12.057999610900879,12.057999610900879,12.057999610900879,2758.0
2024-07-03 10:39:00,LRMR,7.769999980926514,7.769999980926514,7.769999980926514,7.769999980926514,7.769999980926514,1383.0
2024-07-03 10:39:00,LUCY,0.4706999957561493,0.4706999957561493,0.4706999957561493,0.4706999957561493,0.4706999957561493,56541.0
2024-07-03 10:39:00,LUNG,6.230000019073486,6.230000019073486,6.230000019073486,6.230000019073486,6.230000019073486,333.0
2024-07-03 10:39:00,LXRX,1.6150000095367432,1.6150000095367432,1.6150000095367432,1.6150000095367432,1.6150000095367432,1064.0
2024-07-03 10:39:00,LYEL,1.4450000524520874,1.4450000524520874,1.4450000524520874,1.4450000524520874,1.4450000524520874,3148.0
2024-07-03 10:39:00,MBIO,0.5202000141143799,0.5202000141143799,0.5202000141143799,0.5200999975204468,0.5200999975204468,5659.0
2024-07-03 10:39:00,MCRB,0.7163000106811523,0.7163000106811523,0.7163000106811523,0.7163000106811523,0.7163000106811523,736.0
2024-07-03 10:39:00,MDXG,6.78000020980835,6.78000020980835,6.784999847412109,6.78000020980835,6.784999847412109,643.0
2024-07-03 10:39:00,ME,0.4034000039100647,0.4034000039100647,0.4034999907016754,0.4034000039100647,0.4034999907016754,3234.0
2024-07-03 10:39:00,MEDS,17.499900817871094,17.499900817871094,17.499900817871094,17.499900817871094,17.499900817871094,1452.0
2024-07-03 10:39:00,MGNX,4.300000190734863,4.300000190734863,4.300000190734863,4.300000190734863,4.300000190734863,1089.0
2024-07-03 10:39:00,MGTX,4.03000020980835,4.03000020980835,4.03000020980835,4.03000020980835,4.03000020980835,615.0
2024-07-03 10:39:00,MHUA,0.8981999754905701,0.8981999754905701,0.8981999754905701,0.8981999754905701,0.8981999754905701,0.0
2024-07-03 10:39:00,MIRM,33.83000183105469,33.83000183105469,33.83000183105469,33.83000183105469,33.83000183105469,3636.0
2024-07-03 10:39:00,MMSI,85.77999877929688,85.77999877929688,85.77999877929688,85.77999877929688,85.77999877929688,239.0
2024-07-03 10:39:00,MNKD,5.135000228881836,5.135000228881836,5.139999866485596,5.135000228881836,5.139999866485596,1883.0
2024-07-03 10:39:00,MNMD,7.25,7.25,7.25,7.25,7.25,2109.0
2024-07-03 10:39:00,MNPR,0.7300000190734863,0.7300000190734863,0.7300000190734863,0.7300000190734863,0.7300000190734863,7041.0
2024-07-03 10:39:00,MODV,27.989999771118164,27.989999771118164,27.989999771118164,27.989999771118164,27.989999771118164,608.0
2024-07-03 10:39:00,MORF,32.125,32.125,32.125,32.125,32.125,373.0
2024-07-03 10:39:00,MREO,3.505000114440918,3.505000114440918,3.505000114440918,3.505000114440918,3.505000114440918,1701.0
2024-07-03 10:39:00,MRNA,117.83999633789062,117.83999633789062,117.83999633789062,117.33000183105469,117.43000030517578,38923.0
2024-07-03 10:39:00,MRNS,1.2203999757766724,1.2203999757766724,1.2203999757766724,1.2203999757766724,1.2203999757766724,1490.0
2024-07-03 10:39:00,MRSN,1.9198999404907227,1.9198999404907227,1.9198999404907227,1.9198999404907227,1.9198999404907227,3536.0
2024-07-03 10:39:00,MRVI,6.815000057220459,6.815000057220459,6.815000057220459,6.815000057220459,6.815000057220459,1059.0
2024-07-03 10:39:00,MXCT,3.75,3.75,3.75,3.75,3.75,456.0
2024-07-03 10:39:00,MYGN,25.420000076293945,25.420000076293945,25.454999923706055,25.399999618530273,25.454999923706055,4178.0
2024-07-03 10:39:00,MYNZ,0.3499999940395355,0.3499999940395355,0.36000001430511475,0.3499999940395355,0.36000001430511475,119.0
2024-07-03 10:39:00,NARI,49.709999084472656,49.709999084472656,49.709999084472656,49.709999084472656,49.709999084472656,355.0
2024-07-03 10:39:00,NBIX,138.60000610351562,138.60000610351562,138.77000427246094,138.47999572753906,138.77000427246094,1230.0
2024-07-03 10:39:00,NDRA,0.0843999981880188,0.0843999981880188,0.0843999981880188,0.08429999649524689,0.08429999649524689,43121.0
2024-07-03 10:39:00,NEO,13.774999618530273,13.774999618530273,13.774999618530273,13.774999618530273,13.774999618530273,111.0
2024-07-03 10:39:00,NEOG,15.210000038146973,15.210000038146973,15.210000038146973,15.210000038146973,15.210000038146973,7090.0
2024-07-03 10:39:00,NKTR,1.2549999952316284,1.2549999952316284,1.2549999952316284,1.2549999952316284,1.2549999952316284,924.0
2024-07-03 10:39:00,NKTX,5.480000019073486,5.480000019073486,5.480000019073486,5.480000019073486,5.480000019073486,1144.0
2024-07-03 10:39:00,NLSP,0.20200000703334808,0.20200000703334808,0.20200000703334808,0.20200000703334808,0.20200000703334808,0.0
2024-07-03 10:39:00,NNOX,7.091000080108643,7.091000080108643,7.091000080108643,7.090000152587891,7.090000152587891,1099.0
2024-07-03 10:39:00,NRC,22.940000534057617,22.940000534057617,22.940000534057617,22.940000534057617,22.940000534057617,365.0
2024-07-03 10:39:00,NRIX,19.780000686645508,19.780000686645508,19.780000686645508,19.780000686645508,19.780000686645508,595.0
2024-07-03 10:39:00,NTLA,22.757999420166016,22.757999420166016,22.760000228881836,22.739999771118164,22.739999771118164,3112.0
2024-07-03 10:39:00,NTRA,111.98999786376953,111.98999786376953,112.07499694824219,111.93000030517578,111.93000030517578,2403.0
2024-07-03 10:39:00,NUVL,72.11000061035156,72.11000061035156,72.11000061035156,72.11000061035156,72.11000061035156,1906.0
2024-07-03 10:39:00,NVAX,12.930000305175781,12.930000305175781,12.930000305175781,12.920000076293945,12.920000076293945,8620.0
2024-07-03 10:39:00,NVCR,16.889999389648438,16.889999389648438,16.889999389648438,16.889999389648438,16.889999389648438,1257.0
2024-07-03 10:39:00,NVNO,5.119999885559082,5.119999885559082,5.119999885559082,5.119999885559082,5.119999885559082,1950.0
2024-07-03 10:39:00,OCGN,1.669800043106079,1.669800043106079,1.669800043106079,1.669800043106079,1.669800043106079,877.0
2024-07-03 10:39:00,OCUL,6.815000057220459,6.815000057220459,6.815000057220459,6.809999942779541,6.809999942779541,971.0
2024-07-03 10:39:00,OGI,1.6050000190734863,1.6050000190734863,1.6050000190734863,1.6050000190734863,1.6050000190734863,421.0
2024-07-03 10:39:00,OLK,25.781999588012695,25.781999588012695,25.781999588012695,25.781999588012695,25.781999588012695,498.0
2024-07-03 10:39:00,OLMA,10.680000305175781,10.680000305175781,10.680000305175781,10.670000076293945,10.670000076293945,1710.0
2024-07-03 10:39:00,OM,3.734999895095825,3.734999895095825,3.734999895095825,3.734999895095825,3.734999895095825,1206.0
2024-07-03 10:39:00,OMCL,26.479999542236328,26.479999542236328,26.479999542236328,26.479999542236328,26.479999542236328,1261.0
2024-07-03 10:39:00,OMGA,2.059999942779541,2.059999942779541,2.059999942779541,2.059999942779541,2.059999942779541,615.0
2024-07-03 10:40:00,AADI,1.3799999952316284,1.3799999952316284,1.3799999952316284,1.3799999952316284,1.3799999952316284,1867.0
2024-07-03 10:40:00,ABCL,2.7300000190734863,2.7300000190734863,2.7300000190734863,2.7300000190734863,2.7300000190734863,1110.0
2024-07-03 10:40:00,ABEO,4.349999904632568,4.349999904632568,4.364999771118164,4.349999904632568,4.364999771118164,520.0
2024-07-03 10:40:00,ABSI,3.2200000286102295,3.2200000286102295,3.240000009536743,3.2149999141693115,3.2249999046325684,10206.0
2024-07-03 10:40:00,ABUS,3.180000066757202,3.180000066757202,3.180000066757202,3.1700000762939453,3.1700000762939453,3687.0
2024-07-03 10:40:00,ABVC,0.7202000021934509,0.7202000021934509,0.7202000021934509,0.7202000021934509,0.7202000021934509,1213.0
2024-07-03 10:40:00,ACAD,15.720000267028809,15.720000267028809,15.720000267028809,15.720000267028809,15.720000267028809,1846.0
2024-07-03 10:40:00,ACB,4.966300010681152,4.966300010681152,4.966300010681152,4.949900150299072,4.949999809265137,15139.0
2024-07-03 10:40:00,ACCD,3.5950000286102295,3.5950000286102295,3.5950000286102295,3.5950000286102295,3.5950000286102295,958.0
2024-07-03 10:40:00,ACHC,66.18000030517578,66.18000030517578,66.18000030517578,66.16000366210938,66.16000366210938,1644.0
2024-07-03 10:40:00,ACIU,3.930000066757202,3.930000066757202,3.930000066757202,3.930000066757202,3.930000066757202,144.0
2024-07-03 10:40:00,ACLX,54.189998626708984,54.189998626708984,54.189998626708984,54.189998626708984,54.189998626708984,446.0
2024-07-03 10:40:00,ACRS,1.1699999570846558,1.1699999570846558,1.1749999523162842,1.1699999570846558,1.1749999523162842,5208.0
2024-07-03 10:40:00,ADAP,1.0399999618530273,1.0399999618530273,1.0399999618530273,1.0399999618530273,1.0399999618530273,200.0
2024-07-03 10:40:00,ADUS,117.0999984741211,117.0999984741211,117.30999755859375,117.0999984741211,117.0999984741211,2938.0
2024-07-03 10:40:00,AEMD,0.41350001096725464,0.41350001096725464,0.41350001096725464,0.41350001096725464,0.41350001096725464,17.0
2024-07-03 10:40:00,AGEN,14.59000015258789,14.59000015258789,14.59000015258789,14.59000015258789,14.59000015258789,71.0
2024-07-03 10:40:00,AHCO,9.8149995803833,9.8149995803833,9.8149995803833,9.8100004196167,9.8100004196167,550.0
2024-07-03 10:40:00,AIMD,0.8075000047683716,0.8075000047683716,0.8100000023841858,0.8075000047683716,0.8100000023841858,1668.0
2024-07-03 10:40:00,AKAN,2.25,2.25,2.25,2.25,2.25,0.0
2024-07-03 10:40:00,AKBA,0.9567999839782715,0.9567999839782715,0.9567999839782715,0.9567999839782715,0.9567999839782715,200.0
2024-07-03 10:40:00,AKRO,22.31999969482422,22.31999969482422,22.34000015258789,22.280000686645508,22.290000915527344,3555.0
2024-07-03 10:40:00,AKYA,2.1700000762939453,2.1700000762939453,2.180000066757202,2.1700000762939453,2.180000066757202,802.0
2024-07-03 10:40:00,ALDX,3.259999990463257,3.259999990463257,3.259999990463257,3.259999990463257,3.259999990463257,1346.0
2024-07-03 10:40:00,ALGN,238.38999938964844,238.38999938964844,238.38999938964844,238.38499450683594,238.38499450683594,879.0
2024-07-03 10:40:00,ALGS,0.4334999918937683,0.4334999918937683,0.43700000643730164,0.4300000071525574,0.43700000643730164,43764.0
2024-07-03 10:40:00,ALHC,8.020000457763672,8.020000457763672,8.020000457763672,8.020000457763672,8.020000457763672,599.0
2024-07-03 10:40:00,ALIM,5.525000095367432,5.525000095367432,5.525000095367432,5.525000095367432,5.525000095367432,610.0
2024-07-03 10:40:00,ALLK,0.8550999760627747,0.8550999760627747,0.8589000105857849,0.8550999760627747,0.8589000105857849,1236.0
2024-07-03 10:40:00,ALLO,2.140000104904175,2.140000104904175,2.140000104904175,2.140000104904175,2.140000104904175,1004.0
2024-07-03 10:40:00,ALLR,0.20250000059604645,0.20250000059604645,0.20509999990463257,0.20250000059604645,0.20509999990463257,32518.0
2024-07-03 10:40:00,ALNY,248.36000061035156,248.36000061035156,248.36000061035156,247.8300018310547,248.10000610351562,2397.0
2024-07-03 10:40:00,ALT,6.824999809265137,6.824999809265137,6.829999923706055,6.78000020980835,6.804999828338623,11158.0
2024-07-03 10:40:00,ALVO,12.350000381469727,12.350000381469727,12.350000381469727,12.350000381469727,12.350000381469727,235.0
2024-07-03 10:40:00,ALVR,0.7366999983787537,0.7366999983787537,0.7366999983787537,0.7366999983787537,0.7366999983787537,169.0
2024-07-03 10:40:00,ALXO,5.840000152587891,5.840000152587891,5.860000133514404,5.840000152587891,5.860000133514404,483.0
2024-07-03 10:40:00,ALZN,0.40799999237060547,0.40799999237060547,0.40799999237060547,0.40799999237060547,0.40799999237060547,438.0
2024-07-03 10:40:00,AMED,96.80500030517578,96.80500030517578,96.80500030517578,96.80500030517578,96.80500030517578,337.0
2024-07-03 10:40:00,AMGN,311.0,311.0,311.0,311.0,311.0,447.0
2024-07-03 10:40:00,AMLX,1.7649999856948853,1.7649999856948853,1.7649999856948853,1.7649999856948853,1.7649999856948853,1072.0
2024-07-03 10:40:00,AMPH,38.39500045776367,38.39500045776367,38.43000030517578,38.369998931884766,38.43000030517578,3661.0
2024-07-03 10:40:00,AMRN,0.7160999774932861,0.7160999774932861,0.7160999774932861,0.7160999774932861,0.7160999774932861,101.0
2024-07-03 10:40:00,ANAB,25.405000686645508,25.405000686645508,25.405000686645508,25.405000686645508,25.405000686645508,1590.0
2024-07-03 10:40:00,ANNX,4.84499979019165,4.84499979019165,4.864999771118164,4.84499979019165,4.860000133514404,7901.0
2024-07-03 10:40:00,ANTX,2.5199999809265137,2.5199999809265137,2.5199999809265137,2.500200033187866,2.509999990463257,3863.0
2024-07-03 10:40:00,APDN,0.4300999939441681,0.4300999939441681,0.4300999939441681,0.4300999939441681,0.4300999939441681,211.0
2024-07-03 10:40:00,APLS,35.89500045776367,35.89500045776367,35.95930099487305,35.88999938964844,35.88999938964844,1454.0
2024-07-03 10:40:00,APLT,4.440000057220459,4.440000057220459,4.440000057220459,4.429999828338623,4.440000057220459,3646.0
2024-07-03 10:40:00,AQST,2.434999942779541,2.434999942779541,2.434999942779541,2.434999942779541,2.434999942779541,908.0
2024-07-03 10:40:00,ARCT,21.639999389648438,21.639999389648438,21.639999389648438,21.59000015258789,21.639999389648438,524.0
2024-07-03 10:40:00,ARDX,5.260000228881836,5.260000228881836,5.260000228881836,5.244999885559082,5.244999885559082,16573.0
2024-07-03 10:40:00,ARQT,9.585000038146973,9.585000038146973,9.625,9.5802001953125,9.625,4266.0
2024-07-03 10:40:00,ARWR,25.656400680541992,25.656400680541992,25.65999984741211,25.649999618530273,25.65999984741211,738.0
2024-07-03 10:40:00,ASRT,1.3049999475479126,1.3049999475479126,1.3049999475479126,1.3049999475479126,1.3049999475479126,0.0
2024-07-03 10:40:00,ATAI,1.2999999523162842,1.2999999523162842,1.2999999523162842,1.2999999523162842,1.2999999523162842,618.0
2024-07-03 10:40:00,ATOS,1.1649999618530273,1.1649999618530273,1.1649999618530273,1.1649999618530273,1.1649999618530273,447.0
2024-07-03 10:40:00,ATRA,7.715000152587891,7.715000152587891,7.715000152587891,7.715000152587891,7.715000152587891,3419.0
2024-07-03 10:40:00,ATXS,9.0600004196167,9.0600004196167,9.0600004196167,9.0600004196167,9.0600004196167,107.0
2024-07-03 10:40:00,AUGX,0.9876999855041504,0.9876999855041504,0.9876999855041504,0.9861999750137329,0.9861999750137329,7162.0
2024-07-03 10:40:00,AUPH,5.485000133514404,5.485000133514404,5.489999771118164,5.485000133514404,5.489999771118164,802.0
2024-07-03 10:40:00,AURA,7.110000133514404,7.110000133514404,7.110000133514404,7.110000133514404,7.110000133514404,102.0
2024-07-03 10:40:00,AVDL,14.380000114440918,14.380000114440918,14.380000114440918,14.369999885559082,14.369999885559082,1314.0
2024-07-03 10:40:00,AXGN,7.510000228881836,7.510000228881836,7.53000020980835,7.489999771118164,7.53000020980835,1375.0
2024-07-03 10:40:00,AXNX,67.43000030517578,67.43000030517578,67.43000030517578,67.43000030517578,67.43000030517578,841.0
2024-07-03 10:40:00,AZN,76.95999908447266,76.95999908447266,76.97000122070312,76.93499755859375,76.94000244140625,5091.0
2024-07-03 10:40:00,AZTA,52.92499923706055,52.92499923706055,52.95000076293945,52.92499923706055,52.93000030517578,1011.0
2024-07-03 10:40:00,BCAB,1.3300000429153442,1.3300000429153442,1.3396999835968018,1.3300000429153442,1.3350000381469727,2134.0
2024-07-03 10:40:00,BCRX,6.650000095367432,6.650000095367432,6.650000095367432,6.650000095367432,6.650000095367432,364.0
2024-07-03 10:40:00,BEAM,23.6299991607666,23.6299991607666,23.6299991607666,23.580799102783203,23.580799102783203,1417.0
2024-07-03 10:40:00,BEAT,2.7750000953674316,2.7750000953674316,2.7750000953674316,2.7750000953674316,2.7750000953674316,720.0
2024-07-03 10:40:00,BIIB,225.75,225.75,225.75,225.54600524902344,225.54600524902344,1584.0
2024-07-03 10:40:00,BLFS,20.06999969482422,20.06999969482422,20.079999923706055,20.06999969482422,20.075000762939453,2307.0
2024-07-03 10:40:00,BLUE,0.957099974155426,0.957099974155426,0.9573000073432922,0.9549999833106995,0.9550999999046326,91630.0
2024-07-03 10:40:00,BMEA,4.489999771118164,4.489999771118164,4.489999771118164,4.489999771118164,4.489999771118164,514.0
2024-07-03 10:40:00,BMRA,0.45210000872612,0.45210000872612,0.45210000872612,0.45210000872612,0.45210000872612,520.0
2024-07-03 10:40:00,BMRN,81.25499725341797,81.25499725341797,81.30889892578125,81.25499725341797,81.30889892578125,784.0
2024-07-03 10:40:00,BNGO,0.5633000135421753,0.5633000135421753,0.572700023651123,0.5633000135421753,0.5633000135421753,9451.0
2024-07-03 10:40:00,BNTX,81.11499786376953,81.11499786376953,81.16000366210938,81.05000305175781,81.1500015258789,2735.0
2024-07-03 10:40:00,BPMC,111.01000213623047,111.01000213623047,111.01000213623047,111.01000213623047,111.01000213623047,289.0
2024-07-03 10:40:00,BTAI,1.1039999723434448,1.1039999723434448,1.1039999723434448,1.1039999723434448,1.1039999723434448,489.0
2024-07-03 10:40:00,BTCY,0.7577999830245972,0.7577999830245972,0.7577999830245972,0.7577999830245972,0.7577999830245972,2131.0
2024-07-03 10:40:00,CABA,7.644999980926514,7.644999980926514,7.659999847412109,7.639999866485596,7.639999866485596,1805.0
2024-07-03 10:40:00,CADL,6.300000190734863,6.300000190734863,6.300000190734863,6.300000190734863,6.300000190734863,136.0
2024-07-03 10:40:00,CAPR,4.789999961853027,4.789999961853027,4.789999961853027,4.78000020980835,4.78000020980835,1078.0
2024-07-03 10:40:00,CARA,0.289000004529953,0.289000004529953,0.289000004529953,0.289000004529953,0.289000004529953,601.0
2024-07-03 10:40:00,CCCC,4.789999961853027,4.789999961853027,4.800000190734863,4.789999961853027,4.790200233459473,1921.0
2024-07-03 10:40:00,CCRN,13.75,13.75,13.75,13.75,13.75,729.0
2024-07-03 10:40:00,CDMO,7.559999942779541,7.559999942779541,7.610000133514404,7.559999942779541,7.610000133514404,4198.0
2024-07-03 10:40:00,CELC,16.31999969482422,16.31999969482422,16.31999969482422,16.31999969482422,16.31999969482422,139.0
2024-07-03 10:40:00,CERE,41.29999923706055,41.29999923706055,41.29999923706055,41.29999923706055,41.29999923706055,335.0
2024-07-03 10:40:00,CERS,1.7350000143051147,1.7350000143051147,1.7450000047683716,1.7300000190734863,1.7450000047683716,13995.0
2024-07-03 10:40:00,CERT,13.890800476074219,13.890800476074219,13.890800476074219,13.890000343322754,13.890000343322754,463.0
2024-07-03 10:40:00,CGC,6.780300140380859,6.780300140380859,6.798799991607666,6.780300140380859,6.798799991607666,8522.0
2024-07-03 10:40:00,CGEM,16.959999084472656,16.959999084472656,16.959999084472656,16.940000534057617,16.940000534057617,619.0
2024-07-03 10:40:00,CGEN,1.6799999475479126,1.6799999475479126,1.6799999475479126,1.6799999475479126,1.6799999475479126,100.0
2024-07-03 10:40:00,CGTX,1.7799999713897705,1.7799999713897705,1.7799999713897705,1.7799999713897705,1.7799999713897705,1660.0
2024-07-03 10:40:00,CHRS,1.4249999523162842,1.4249999523162842,1.4249999523162842,1.4249999523162842,1.4249999523162842,3252.0
2024-07-03 10:40:00,CLDX,36.84000015258789,36.84000015258789,36.84000015258789,36.84000015258789,36.84000015258789,407.0
2024-07-03 10:40:00,CLOV,1.2549999952316284,1.2549999952316284,1.2549999952316284,1.2517000436782837,1.2517000436782837,2438.0
2024-07-03 10:40:00,CLRB,2.440000057220459,2.440000057220459,2.444999933242798,2.440000057220459,2.444999933242798,300.0
2024-07-03 10:40:00,CMAX,2.1700000762939453,2.1700000762939453,2.1700000762939453,2.1700000762939453,2.1700000762939453,202.0
2024-07-03 10:40:00,CMPX,0.8479999899864197,0.8479999899864197,0.8479999899864197,0.8479999899864197,0.8479999899864197,580.0
2024-07-03 10:40:00,CNSP,2.184999942779541,2.184999942779541,2.1991000175476074,2.1500000953674316,2.1700000762939453,84266.0
2024-07-03 10:40:00,COGT,8.3149995803833,8.3149995803833,8.3149995803833,8.3149995803833,8.3149995803833,785.0
2024-07-03 10:40:00,COLL,32.27000045776367,32.27000045776367,32.27000045776367,32.27000045776367,32.27000045776367,300.0
2024-07-03 10:40:00,CORT,30.780000686645508,30.780000686645508,30.860000610351562,30.780000686645508,30.84000015258789,4893.0
2024-07-03 10:40:00,COSM,0.949999988079071,0.949999988079071,0.949999988079071,0.949999988079071,0.949999988079071,2600.0
2024-07-03 10:40:00,CRBP,48.67499923706055,48.67499923706055,48.72999954223633,48.67499923706055,48.72999954223633,2032.0
2024-07-03 10:40:00,CRBU,1.6050000190734863,1.6050000190734863,1.6050000190734863,1.6050000190734863,1.6050000190734863,200.0
2024-07-03 10:40:00,CRDF,2.315000057220459,2.315000057220459,2.319999933242798,2.299999952316284,2.299999952316284,2960.0
2024-07-03 10:40:00,CRDL,1.9450000524520874,1.9450000524520874,1.9500000476837158,1.9450000524520874,1.9500000476837158,1031.0
2024-07-03 10:40:00,CRMD,4.179999828338623,4.179999828338623,4.179999828338623,4.179999828338623,4.179999828338623,657.0
2024-07-03 10:40:00,CRON,2.3550000190734863,2.3550000190734863,2.3550000190734863,2.3550000190734863,2.3550000190734863,618.0
2024-07-03 10:40:00,CRSP,54.3650016784668,54.3650016784668,54.43000030517578,54.36000061035156,54.36920166015625,2231.0
2024-07-03 10:40:00,CTKB,5.739999771118164,5.739999771118164,5.739999771118164,5.739999771118164,5.739999771118164,313.0
2024-07-03 10:40:00,CUTR,1.3250000476837158,1.3250000476837158,1.3250000476837158,1.3250000476837158,1.3250000476837158,1323.0
2024-07-03 10:40:00,CVAC,3.424999952316284,3.424999952316284,3.4398999214172363,3.4000000953674316,3.4398999214172363,34417.0
2024-07-03 10:40:00,CVRX,11.65999984741211,11.65999984741211,11.65999984741211,11.65999984741211,11.65999984741211,298.0
2024-07-03 10:40:00,CYTK,54.78499984741211,54.78499984741211,54.810001373291016,54.709999084472656,54.709999084472656,1836.0
2024-07-03 10:40:00,DARE,3.380000114440918,3.380000114440918,3.380000114440918,3.380000114440918,3.380000114440918,1949.0
2024-07-03 10:40:00,DNLI,21.899999618530273,21.899999618530273,21.924999237060547,21.8700008392334,21.924999237060547,1185.0
2024-07-03 10:40:00,DSGN,3.2300000190734863,3.2300000190734863,3.2300000190734863,3.2200000286102295,3.2300000190734863,3308.0
2024-07-03 10:40:00,DVAX,11.125,11.125,11.130000114440918,11.119999885559082,11.130000114440918,2384.0
2024-07-03 10:40:00,DXCM,110.16999816894531,110.16999816894531,110.22709655761719,110.16999816894531,110.19000244140625,1084.0
2024-07-03 10:40:00,DYAI,1.5306999683380127,1.5306999683380127,1.5306999683380127,1.5306999683380127,1.5306999683380127,8920.0
2024-07-03 10:40:00,DYN,34.654998779296875,34.654998779296875,34.654998779296875,34.654998779296875,34.654998779296875,207.0
2024-07-03 10:40:00,EDIT,4.690000057220459,4.690000057220459,4.690000057220459,4.690000057220459,4.690000057220459,598.0
2024-07-03 10:40:00,EMBC,12.100000381469727,12.100000381469727,12.100000381469727,12.069999694824219,12.069999694824219,664.0
2024-07-03 10:40:00,EOLS,10.859999656677246,10.859999656677246,10.859999656677246,10.859999656677246,10.859999656677246,521.0
2024-07-03 10:40:00,ERAS,2.2699999809265137,2.2699999809265137,2.2699999809265137,2.265000104904175,2.265000104904175,253.0
2024-07-03 10:40:00,ESPR,2.365000009536743,2.365000009536743,2.365000009536743,2.359999895095825,2.365000009536743,3536.0
2024-07-03 10:40:00,ESTA,43.40999984741211,43.40999984741211,43.56999969482422,43.40999984741211,43.47999954223633,1069.0
2024-07-03 10:40:00,ETNB,7.679999828338623,7.679999828338623,7.679999828338623,7.679999828338623,7.679999828338623,853.0
2024-07-03 10:40:00,EXAI,5.414999961853027,5.414999961853027,5.414999961853027,5.400000095367432,5.400000095367432,3043.0
2024-07-03 10:40:00,EXAS,43.27000045776367,43.27000045776367,43.27000045776367,43.27000045776367,43.27000045776367,517.0
2024-07-03 10:40:00,EXEL,22.094999313354492,22.094999313354492,22.094999313354492,22.094999313354492,22.094999313354492,200.0
2024-07-03 10:40:00,EYEN,0.8101000189781189,0.8101000189781189,0.8149999976158142,0.8100000023841858,0.8149999976158142,3710.0
2024-07-03 10:40:00,EYPT,8.390000343322754,8.390000343322754,8.391200065612793,8.390000343322754,8.391200065612793,803.0
2024-07-03 10:40:00,FATE,3.2850000858306885,3.2850000858306885,3.2899999618530273,3.2850000858306885,3.2899999618530273,1361.0
2024-07-03 10:40:00,FBIO,1.7699999809265137,1.7699999809265137,1.7699999809265137,1.7574000358581543,1.7574000358581543,0.0
2024-07-03 10:40:00,FDMT,21.145000457763672,21.145000457763672,21.170000076293945,21.1200008392334,21.1299991607666,1439.0
2024-07-03 10:40:00,FGEN,0.7210000157356262,0.7210000157356262,0.7210000157356262,0.7210000157356262,0.7210000157356262,500.0
2024-07-03 10:40:00,FHTX,5.574999809265137,5.574999809265137,5.574999809265137,5.574999809265137,5.574999809265137,596.0
2024-07-03 10:40:00,FLGC,0.949999988079071,0.949999988079071,0.949999988079071,0.949999988079071,0.949999988079071,1100.0
2024-07-03 10:40:00,FOLD,9.920000076293945,9.920000076293945,9.920000076293945,9.920000076293945,9.920000076293945,227.0
2024-07-03 10:40:00,FULC,6.199900150299072,6.199900150299072,6.199900150299072,6.199900150299072,6.199900150299072,1584.0
2024-07-03 10:40:00,GDRX,7.849999904632568,7.849999904632568,7.849999904632568,7.849999904632568,7.849999904632568,206.0
2024-07-03 10:40:00,GERN,4.3983001708984375,4.3983001708984375,4.3983001708984375,4.389200210571289,4.389200210571289,14777.0
2024-07-03 10:40:00,GH,28.540000915527344,28.540000915527344,28.549999237060547,28.540000915527344,28.540000915527344,599.0
2024-07-03 10:40:00,GILD,67.08000183105469,67.08000183105469,67.11000061035156,67.06999969482422,67.06999969482422,15854.0
2024-07-03 10:40:00,GLTO,0.5,0.5,0.5,0.5,0.5,2900.0
2024-07-03 10:40:00,GLYC,0.27399998903274536,0.27399998903274536,0.27559998631477356,0.27399998903274536,0.27489998936653137,6805.0
2024-07-03 10:40:00,GOSS,0.9280999898910522,0.9280999898910522,0.9280999898910522,0.9204999804496765,0.9204999804496765,1372.0
2024-07-03 10:40:00,GRFS,6.690000057220459,6.690000057220459,6.690000057220459,6.690000057220459,6.690000057220459,707.0
2024-07-03 10:40:00,GRTS,0.5873000025749207,0.5873000025749207,0.5873000025749207,0.5834000110626221,0.5873000025749207,1254.0
2024-07-03 10:40:00,GTHX,2.5000998973846436,2.5000998973846436,2.5000998973846436,2.5,2.5,604.0
2024-07-03 10:40:00,HALO,51.5099983215332,51.5099983215332,51.5099983215332,51.5099983215332,51.5099983215332,761.0
2024-07-03 10:40:00,HBIO,2.759999990463257,2.759999990463257,2.759999990463257,2.759999990463257,2.759999990463257,388.0
2024-07-03 10:40:00,HCAT,6.210000038146973,6.210000038146973,6.22730016708374,6.210000038146973,6.22730016708374,1915.0
2024-07-03 10:40:00,HCSG,10.680000305175781,10.680000305175781,10.729999542236328,10.680000305175781,10.729999542236328,1119.0
2024-07-03 10:40:00,HOLX,73.41999816894531,73.41999816894531,73.44499969482422,73.41999816894531,73.44499969482422,2571.0
2024-07-03 10:40:00,HOOK,0.5913000106811523,0.5913000106811523,0.5913000106811523,0.5856999754905701,0.5856999754905701,4401.0
2024-07-03 10:40:00,HOWL,2.240000009536743,2.240000009536743,2.240000009536743,2.240000009536743,2.240000009536743,410.0
2024-07-03 10:40:00,HQY,83.48999786376953,83.48999786376953,83.49500274658203,83.48999786376953,83.49500274658203,899.0
2024-07-03 10:40:00,HRMY,30.239999771118164,30.239999771118164,30.31999969482422,30.239999771118164,30.274999618530273,1938.0
2024-07-03 10:40:00,HROW,21.905000686645508,21.905000686645508,21.905000686645508,21.905000686645508,21.905000686645508,205.0
2024-07-03 10:40:00,HRTX,2.7950000762939453,2.7950000762939453,2.799499988555908,2.7950000762939453,2.7950000762939453,7345.0
2024-07-03 10:40:00,HSIC,65.50499725341797,65.50499725341797,65.5199966430664,65.5,65.5,1970.0
2024-07-03 10:40:00,HUGE,0.148499995470047,0.148499995470047,0.148499995470047,0.148499995470047,0.148499995470047,700.0
2024-07-03 10:40:00,HUMA,5.639999866485596,5.639999866485596,5.670000076293945,5.639999866485596,5.670000076293945,13314.0
2024-07-03 10:40:00,IART,29.075000762939453,29.075000762939453,29.075000762939453,29.075000762939453,29.075000762939453,538.0
2024-07-03 10:40:00,IBRX,6.284999847412109,6.284999847412109,6.284999847412109,6.269999980926514,6.269999980926514,3580.0
2024-07-03 10:40:00,ICLR,318.9800109863281,318.9800109863281,319.3900146484375,318.9800109863281,319.29730224609375,1544.0
2024-07-03 10:40:00,IDXX,475.7850036621094,475.7850036621094,475.8599853515625,475.5,475.8599853515625,1967.0
2024-07-03 10:40:00,IDYA,33.540000915527344,33.540000915527344,33.540000915527344,33.540000915527344,33.540000915527344,304.0
2024-07-03 10:40:00,IGMS,6.534999847412109,6.534999847412109,6.534999847412109,6.534999847412109,6.534999847412109,102.0
2024-07-03 10:40:00,IKT,1.2100000381469727,1.2100000381469727,1.2200000286102295,1.2100000381469727,1.2200000286102295,2220.0
2024-07-03 10:40:00,ILMN,104.94000244140625,104.94000244140625,105.23999786376953,104.94000244140625,105.15029907226562,7620.0
2024-07-03 10:40:00,IMAB,1.5700000524520874,1.5700000524520874,1.5700000524520874,1.5700000524520874,1.5700000524520874,600.0
2024-07-03 10:40:00,IMCR,36.16999816894531,36.16999816894531,36.16999816894531,36.16999816894531,36.16999816894531,272.0
2024-07-03 10:40:00,IMNM,12.03499984741211,12.03499984741211,12.03499984741211,12.03499984741211,12.03499984741211,204.0
2024-07-03 10:40:00,IMRX,1.1604000329971313,1.1604000329971313,1.1604000329971313,1.159999966621399,1.159999966621399,1874.0
2024-07-03 10:40:00,IMUX,1.159999966621399,1.159999966621399,1.159999966621399,1.159999966621399,1.159999966621399,3.0
2024-07-03 10:40:00,IMVT,26.75,26.75,26.75,26.75,26.75,598.0
2024-07-03 10:40:00,INBX,13.350000381469727,13.350000381469727,13.369999885559082,13.34000015258789,13.369999885559082,2633.0
2024-07-03 10:40:00,INCY,57.869998931884766,57.869998931884766,57.869998931884766,57.79999923706055,57.81999969482422,8728.0
2024-07-03 10:40:00,INGN,7.889999866485596,7.889999866485596,7.889999866485596,7.889999866485596,7.889999866485596,653.0
2024-07-03 10:40:00,INMD,17.739999771118164,17.739999771118164,17.75,17.739999771118164,17.75,2862.0
2024-07-03 10:40:00,INO,8.460000038146973,8.460000038146973,8.484999656677246,8.460000038146973,8.484999656677246,1124.0
2024-07-03 10:40:00,INSM,63.6150016784668,63.6150016784668,63.689998626708984,63.6150016784668,63.689998626708984,3831.0
2024-07-03 10:40:00,INVO,0.7601000070571899,0.7601000070571899,0.7601000070571899,0.7601000070571899,0.7601000070571899,477.0
2024-07-03 10:40:00,INZY,4.500500202178955,4.500500202178955,4.500500202178955,4.500500202178955,4.500500202178955,1130.0
2024-07-03 10:40:00,IONS,44.724998474121094,44.724998474121094,44.7599983215332,44.720001220703125,44.7400016784668,4107.0
2024-07-03 10:40:00,IOVA,7.768700122833252,7.768700122833252,7.769999980926514,7.735000133514404,7.735000133514404,37945.0
2024-07-03 10:40:00,IRWD,6.195000171661377,6.195000171661377,6.195000171661377,6.184999942779541,6.190000057220459,4081.0
2024-07-03 10:40:00,ISRG,435.1300048828125,435.1300048828125,435.41778564453125,435.1300048828125,435.38360595703125,2185.0
2024-07-03 10:40:00,ITCI,67.9749984741211,67.9749984741211,67.9749984741211,67.9749984741211,67.9749984741211,1101.0
2024-07-03 10:40:00,IVVD,1.1200000047683716,1.1200000047683716,1.1200000047683716,1.1200000047683716,1.1200000047683716,209.0
2024-07-03 10:40:00,JAGX,3.515000104904175,3.515000104904175,3.515000104904175,3.515000104904175,3.515000104904175,2605.0
2024-07-03 10:40:00,JSPR,23.415000915527344,23.415000915527344,23.46500015258789,23.415000915527344,23.43000030517578,830.0
2024-07-03 10:40:00,KALA,6.759900093078613,6.759900093078613,6.759900093078613,6.759900093078613,6.759900093078613,60.0
2024-07-03 10:40:00,KPTI,0.8359000086784363,0.8359000086784363,0.8359000086784363,0.8359000086784363,0.8359000086784363,1776.0
2024-07-03 10:40:00,KRON,1.1649999618530273,1.1649999618530273,1.1649999618530273,1.159999966621399,1.159999966621399,426.0
2024-07-03 10:40:00,KTRA,0.28200000524520874,0.28200000524520874,0.28200000524520874,0.28200000524520874,0.28200000524520874,6470.0
2024-07-03 10:40:00,KURA,20.729999542236328,20.729999542236328,20.729999542236328,20.719999313354492,20.719999313354492,2146.0
2024-07-03 10:40:00,KZR,0.5795999765396118,0.5795999765396118,0.5795999765396118,0.5781000256538391,0.5781000256538391,293.0
2024-07-03 10:40:00,LAB,1.7999999523162842,1.7999999523162842,1.7999999523162842,1.7999999523162842,1.7999999523162842,818.0
2024-07-03 10:40:00,LBPH,32.23500061035156,32.23500061035156,32.23500061035156,32.190101623535156,32.190101623535156,831.0
2024-07-03 10:40:00,LEGN,45.685001373291016,45.685001373291016,45.77000045776367,45.685001373291016,45.77000045776367,1315.0
2024-07-03 10:40:00,LFST,5.144999980926514,5.144999980926514,5.144999980926514,5.144999980926514,5.144999980926514,349.0
2024-07-03 10:40:00,LGND,83.1449966430664,83.1449966430664,83.1449966430664,83.1449966430664,83.1449966430664,542.0
2024-07-03 10:40:00,LIVN,52.849998474121094,52.849998474121094,52.900001525878906,52.7599983215332,52.7599983215332,5462.0
2024-07-03 10:40:00,LPTX,1.8250000476837158,1.8250000476837158,1.8250000476837158,1.8250000476837158,1.8250000476837158,336.0
2024-07-03 10:40:00,LQDA,12.039999961853027,12.039999961853027,12.039999961853027,12.039999961853027,12.039999961853027,705.0
2024-07-03 10:40:00,LRMR,7.75,7.75,7.760000228881836,7.739999771118164,7.760000228881836,1083.0
2024-07-03 10:40:00,LSTA,3.455899953842163,3.455899953842163,3.455899953842163,3.455899953842163,3.455899953842163,2089.0
2024-07-03 10:40:00,LUNG,6.199999809265137,6.199999809265137,6.210000038146973,6.199999809265137,6.210000038146973,863.0
2024-07-03 10:40:00,LXRX,1.6150000095367432,1.6150000095367432,1.6150000095367432,1.6150000095367432,1.6150000095367432,200.0
2024-07-03 10:40:00,MASI,113.84500122070312,113.84500122070312,114.04000091552734,113.84500122070312,114.02999877929688,2747.0
2024-07-03 10:40:00,MASS,4.800000190734863,4.800000190734863,4.800000190734863,4.800000190734863,4.800000190734863,371.0
2024-07-03 10:40:00,MBIO,0.5192999839782715,0.5192999839782715,0.5202000141143799,0.5192999839782715,0.5202000141143799,19717.0
2024-07-03 10:40:00,MBOT,1.0784000158309937,1.0784000158309937,1.0784000158309937,1.0784000158309937,1.0784000158309937,554.0
2024-07-03 10:40:00,MCRB,0.7168999910354614,0.7168999910354614,0.7168999910354614,0.7142999768257141,0.7142999768257141,2969.0
2024-07-03 10:40:00,MDXG,6.78000020980835,6.78000020980835,6.78000020980835,6.78000020980835,6.78000020980835,836.0
2024-07-03 10:40:00,ME,0.4034000039100647,0.4034000039100647,0.4034999907016754,0.4034000039100647,0.4034000039100647,1154.0
2024-07-03 10:40:00,MEDP,407.92498779296875,407.92498779296875,407.92498779296875,407.92498779296875,407.92498779296875,536.0
2024-07-03 10:40:00,MESO,6.78000020980835,6.78000020980835,6.78000020980835,6.78000020980835,6.78000020980835,630.0
2024-07-03 10:40:00,MGNX,4.300000190734863,4.300000190734863,4.304999828338623,4.300000190734863,4.304999828338623,1272.0
2024-07-03 10:40:00,MGTX,4.03000020980835,4.03000020980835,4.03000020980835,4.03000020980835,4.03000020980835,452.0
2024-07-03 10:40:00,MNKD,5.135000228881836,5.135000228881836,5.135000228881836,5.135000228881836,5.135000228881836,713.0
2024-07-03 10:40:00,MNMD,7.25,7.25,7.25,7.25,7.25,873.0
2024-07-03 10:40:00,MORF,32.0099983215332,32.0099983215332,32.0099983215332,32.0099983215332,32.0099983215332,219.0
2024-07-03 10:40:00,MRNA,117.62000274658203,117.62000274658203,117.77999877929688,117.51000213623047,117.77999877929688,2732.0
2024-07-03 10:40:00,MRNS,1.225000023841858,1.225000023841858,1.225000023841858,1.225000023841858,1.225000023841858,425.0
2024-07-03 10:40:00,MXCT,3.744999885559082,3.744999885559082,3.744999885559082,3.744999885559082,3.744999885559082,332.0
2024-07-03 10:40:00,MYGN,25.420000076293945,25.420000076293945,25.420000076293945,25.420000076293945,25.420000076293945,356.0
2024-07-03 10:40:00,NARI,49.709999084472656,49.709999084472656,49.709999084472656,49.709999084472656,49.709999084472656,695.0
2024-07-03 10:40:00,NBIX,138.60499572753906,138.60499572753906,138.60499572753906,138.60499572753906,138.60499572753906,331.0
2024-07-03 10:40:00,NDRA,0.08479999750852585,0.08479999750852585,0.08479999750852585,0.0843999981880188,0.0843999981880188,7160.0
2024-07-03 10:40:00,NEO,13.779999732971191,13.779999732971191,13.789999961853027,13.779999732971191,13.779999732971191,913.0
2024-07-03 10:40:00,NEOG,15.199999809265137,15.199999809265137,15.210000038146973,15.199999809265137,15.210000038146973,2229.0
2024-07-03 10:40:00,NKTR,1.259600043296814,1.259600043296814,1.2599999904632568,1.25,1.2511999607086182,2770.0
2024-07-03 10:40:00,NKTX,5.5,5.5,5.5,5.489999771118164,5.489999771118164,2249.0
2024-07-03 10:40:00,NLSP,0.20200000703334808,0.20200000703334808,0.20200000703334808,0.20200000703334808,0.20200000703334808,0.0
2024-07-03 10:40:00,NNOX,7.110000133514404,7.110000133514404,7.110000133514404,7.110000133514404,7.110000133514404,853.0
2024-07-03 10:40:00,NRIX,19.780000686645508,19.780000686645508,19.780000686645508,19.780000686645508,19.780000686645508,631.0
2024-07-03 10:40:00,NTLA,22.760000228881836,22.760000228881836,22.780000686645508,22.739999771118164,22.770000457763672,2238.0
2024-07-03 10:40:00,NVAX,12.920000076293945,12.920000076293945,12.930000305175781,12.904999732971191,12.914999961853027,16666.0
2024-07-03 10:40:00,NVCR,16.8700008392334,16.8700008392334,16.8700008392334,16.8700008392334,16.8700008392334,653.0
2024-07-03 10:40:00,NVOS,0.7494000196456909,0.7494000196456909,0.7494000196456909,0.7494000196456909,0.7494000196456909,250.0
2024-07-03 10:40:00,NXL,1.3899999856948853,1.3899999856948853,1.3990999460220337,1.375,1.375,5982.0
2024-07-03 10:40:00,OCGN,1.669700026512146,1.669700026512146,1.6698999404907227,1.6649999618530273,1.6649999618530273,2180.0
2024-07-03 10:40:00,OCUL,6.804999828338623,6.804999828338623,6.809999942779541,6.804999828338623,6.809999942779541,705.0
2024-07-03 10:40:00,OCUP,1.5799000263214111,1.5799000263214111,1.5799000263214111,1.5799000263214111,1.5799000263214111,615.0
2024-07-03 10:40:00,OGI,1.6050000190734863,1.6050000190734863,1.6050000190734863,1.6050000190734863,1.6050000190734863,980.0
2024-07-03 10:40:00,OLK,25.781099319458008,25.781099319458008,25.781099319458008,25.781099319458008,25.781099319458008,313.0
2024-07-03 10:40:00,OM,3.7300000190734863,3.7300000190734863,3.7300000190734863,3.7300000190734863,3.7300000190734863,1331.0
2024-07-03 10:40:00,OMGA,2.055000066757202,2.055000066757202,2.0599000453948975,2.055000066757202,2.0599000453948975,644.0
2024-07-03 10:41:00,AADI,1.3700000047683716,1.3700000047683716,1.3799999952316284,1.3700000047683716,1.3799999952316284,850.0
2024-07-03 10:41:00,ABCL,2.7300000190734863,2.7300000190734863,2.7300000190734863,2.7300000190734863,2.7300000190734863,3182.0
2024-07-03 10:41:00,ABEO,4.340000152587891,4.340000152587891,4.340000152587891,4.340000152587891,4.340000152587891,1576.0
2024-07-03 10:41:00,ABOS,2.2799999713897705,2.2799999713897705,2.299999952316284,2.2799999713897705,2.299999952316284,3576.0
2024-07-03 10:41:00,ABSI,3.2249999046325684,3.2249999046325684,3.2249999046325684,3.2249999046325684,3.2249999046325684,270.0
2024-07-03 10:41:00,ABUS,3.180000066757202,3.180000066757202,3.180000066757202,3.180000066757202,3.180000066757202,301.0
2024-07-03 10:41:00,ACB,4.960000038146973,4.960000038146973,4.960000038146973,4.949999809265137,4.958000183105469,1833.0
2024-07-03 10:41:00,ACCD,3.5950000286102295,3.5950000286102295,3.59879994392395,3.5950000286102295,3.5950000286102295,3291.0
2024-07-03 10:41:00,ACHC,66.28250122070312,66.28250122070312,66.28250122070312,66.22000122070312,66.22000122070312,1418.0
2024-07-03 10:41:00,ACRS,1.1699999570846558,1.1699999570846558,1.1700999736785889,1.1699999570846558,1.1699999570846558,10145.0
2024-07-03 10:41:00,ACST,2.9000000953674316,2.9000000953674316,2.9000000953674316,2.9000000953674316,2.9000000953674316,2504.0
2024-07-03 10:41:00,ADAP,1.0399999618530273,1.0399999618530273,1.0399999618530273,1.0399999618530273,1.0399999618530273,200.0
2024-07-03 10:41:00,ADMA,11.390800476074219,11.390800476074219,11.395000457763672,11.390800476074219,11.395000457763672,5421.0
2024-07-03 10:41:00,ADPT,3.375,3.375,3.384999990463257,3.369999885559082,3.384999990463257,2554.0
2024-07-03 10:41:00,ADUS,116.86000061035156,116.86000061035156,116.86000061035156,116.86000061035156,116.86000061035156,1651.0
2024-07-03 10:41:00,AEMD,0.4171000123023987,0.4171000123023987,0.4171000123023987,0.4171000123023987,0.4171000123023987,561.0
2024-07-03 10:41:00,AGEN,14.609999656677246,14.609999656677246,14.6899995803833,14.609999656677246,14.635000228881836,404.0
2024-07-03 10:41:00,AGIO,42.2400016784668,42.2400016784668,42.2400016784668,42.2400016784668,42.2400016784668,430.0
2024-07-03 10:41:00,AHCO,9.8100004196167,9.8100004196167,9.8100004196167,9.8100004196167,9.8100004196167,779.0
2024-07-03 10:41:00,AKAN,2.259999990463257,2.259999990463257,2.259999990463257,2.2500998973846436,2.2500998973846436,4001.0
2024-07-03 10:41:00,AKBA,0.955299973487854,0.955299973487854,0.955299973487854,0.954200029373169,0.954200029373169,676.0
2024-07-03 10:41:00,ALEC,4.510000228881836,4.510000228881836,4.510000228881836,4.510000228881836,4.510000228881836,200.0
2024-07-03 10:41:00,ALGS,0.4311000108718872,0.4311000108718872,0.43700000643730164,0.4300000071525574,0.4327999949455261,16237.0
2024-07-03 10:41:00,ALHC,8.029999732971191,8.029999732971191,8.029999732971191,8.029999732971191,8.029999732971191,124.0
2024-07-03 10:41:00,ALIM,5.525000095367432,5.525000095367432,5.525000095367432,5.525000095367432,5.525000095367432,460.0
2024-07-03 10:41:00,ALKS,24.3799991607666,24.3799991607666,24.3799991607666,24.3799991607666,24.3799991607666,763.0
2024-07-03 10:41:00,ALLK,0.8550999760627747,0.8550999760627747,0.8550999760627747,0.8550999760627747,0.8550999760627747,400.0
2024-07-03 10:41:00,ALLO,2.134999990463257,2.134999990463257,2.140000104904175,2.134999990463257,2.140000104904175,2552.0
2024-07-03 10:41:00,ALNY,247.10000610351562,247.10000610351562,247.9600067138672,247.10000610351562,247.5500030517578,4179.0
2024-07-03 10:41:00,ALT,6.789999961853027,6.789999961853027,6.820000171661377,6.789999961853027,6.820000171661377,881.0
2024-07-03 10:41:00,ALXO,5.840000152587891,5.840000152587891,5.840000152587891,5.840000152587891,5.840000152587891,314.0
2024-07-03 10:41:00,AMED,96.81500244140625,96.81500244140625,96.81999969482422,96.80999755859375,96.80999755859375,1778.0
2024-07-03 10:41:00,AMGN,311.2099914550781,311.2099914550781,311.2099914550781,311.0849914550781,311.0849914550781,666.0
2024-07-03 10:41:00,AMLX,1.7649999856948853,1.7649999856948853,1.7649999856948853,1.7599999904632568,1.7649999856948853,1324.0
2024-07-03 10:41:00,AMPH,38.36000061035156,38.36000061035156,38.36000061035156,38.36000061035156,38.36000061035156,1378.0
2024-07-03 10:41:00,ANAB,25.405000686645508,25.405000686645508,25.405000686645508,25.405000686645508,25.405000686645508,535.0
2024-07-03 10:41:00,ANNX,4.840000152587891,4.840000152587891,4.840000152587891,4.840000152587891,4.840000152587891,1500.0
2024-07-03 10:41:00,APLS,35.88999938964844,35.88999938964844,35.89500045776367,35.83000183105469,35.89500045776367,2126.0
2024-07-03 10:41:00,APLT,4.454999923706055,4.454999923706055,4.454999923706055,4.434999942779541,4.434999942779541,2470.0
2024-07-03 10:41:00,APVO,0.3149999976158142,0.3149999976158142,0.3149999976158142,0.3149999976158142,0.3149999976158142,4000.0
2024-07-03 10:41:00,AQST,2.4124999046325684,2.4124999046325684,2.430000066757202,2.4124999046325684,2.430000066757202,10310.0
2024-07-03 10:41:00,ARCT,21.565000534057617,21.565000534057617,21.610000610351562,21.565000534057617,21.610000610351562,3051.0
2024-07-03 10:41:00,ARDX,5.248799800872803,5.248799800872803,5.28000020980835,5.244999885559082,5.260000228881836,42207.0
2024-07-03 10:41:00,ARQT,9.585000038146973,9.585000038146973,9.59000015258789,9.579999923706055,9.579999923706055,5047.0
2024-07-03 10:41:00,ARVN,24.81999969482422,24.81999969482422,24.81999969482422,24.799999237060547,24.799999237060547,677.0
2024-07-03 10:41:00,ARWR,25.670000076293945,25.670000076293945,25.670000076293945,25.65999984741211,25.65999984741211,778.0
2024-07-03 10:41:00,ASRT,1.3099000453948975,1.3099000453948975,1.3099000453948975,1.3049999475479126,1.3049999475479126,1399.0
2024-07-03 10:41:00,ATAI,1.3049999475479126,1.3049999475479126,1.3049999475479126,1.2999999523162842,1.2999999523162842,7347.0
2024-07-03 10:41:00,ATEC,9.925000190734863,9.925000190734863,9.925000190734863,9.920000076293945,9.920000076293945,661.0
2024-07-03 10:41:00,ATXS,9.050000190734863,9.050000190734863,9.050000190734863,9.050000190734863,9.050000190734863,131.0
2024-07-03 10:41:00,AUGX,0.9975000023841858,0.9975000023841858,0.9975000023841858,0.9850999712944031,0.9850999712944031,2834.0
2024-07-03 10:41:00,AUPH,5.485000133514404,5.485000133514404,5.485000133514404,5.485000133514404,5.485000133514404,145.0
2024-07-03 10:41:00,AVIR,3.315000057220459,3.315000057220459,3.315000057220459,3.315000057220459,3.315000057220459,114.0
2024-07-03 10:41:00,AVTE,1.6309000253677368,1.6309000253677368,1.6349999904632568,1.6309000253677368,1.6349999904632568,1127.0
2024-07-03 10:41:00,AVXL,4.275000095367432,4.275000095367432,4.275000095367432,4.275000095367432,4.275000095367432,1200.0
2024-07-03 10:41:00,AXGN,7.5,7.5,7.5,7.5,7.5,2252.0
2024-07-03 10:41:00,AXNX,67.44499969482422,67.44499969482422,67.4800033569336,67.44499969482422,67.4800033569336,559.0
2024-07-03 10:41:00,AXSM,79.91000366210938,79.91000366210938,79.91000366210938,79.91000366210938,79.91000366210938,626.0
2024-07-03 10:41:00,AZN,76.94999694824219,76.94999694824219,76.95999908447266,76.94499969482422,76.95999908447266,6496.0
2024-07-03 10:41:00,AZTA,52.89500045776367,52.89500045776367,52.91999816894531,52.83000183105469,52.91999816894531,2813.0
2024-07-03 10:41:00,BBIO,25.219999313354492,25.219999313354492,25.25,25.209999084472656,25.219999313354492,17436.0
2024-07-03 10:41:00,BCAB,1.3350000381469727,1.3350000381469727,1.3350000381469727,1.3350000381469727,1.3350000381469727,1256.0
2024-07-03 10:41:00,BCDA,3.0399999618530273,3.0399999618530273,3.0399999618530273,3.0399999618530273,3.0399999618530273,235.0
2024-07-03 10:41:00,BCRX,6.630000114440918,6.630000114440918,6.639999866485596,6.630000114440918,6.639999866485596,7078.0
2024-07-03 10:41:00,BCTX,1.0199999809265137,1.0199999809265137,1.0199999809265137,1.0199999809265137,1.0199999809265137,1200.0
2024-07-03 10:41:00,BCYC,19.825000762939453,19.825000762939453,19.825000762939453,19.825000762939453,19.825000762939453,300.0
2024-07-03 10:41:00,BDSX,1.600000023841858,1.600000023841858,1.600000023841858,1.600000023841858,1.600000023841858,479.0
2024-07-03 10:41:00,BEAM,23.510000228881836,23.510000228881836,23.604999542236328,23.510000228881836,23.604999542236328,3799.0
2024-07-03 10:41:00,BEAT,2.7750000953674316,2.7750000953674316,2.7750000953674316,2.7750000953674316,2.7750000953674316,1000.0
2024-07-03 10:41:00,BGNE,147.8300018310547,147.8300018310547,147.8300018310547,147.8300018310547,147.8300018310547,505.0
2024-07-03 10:41:00,BLFS,20.020000457763672,20.020000457763672,20.020000457763672,20.020000457763672,20.020000457763672,928.0
2024-07-03 10:41:00,BLTE,45.79999923706055,45.79999923706055,45.79999923706055,45.79999923706055,45.79999923706055,550.0
2024-07-03 10:41:00,BLUE,0.953499972820282,0.953499972820282,0.9550999999046326,0.953499972820282,0.9550999999046326,886.0
2024-07-03 10:41:00,BMRN,81.13999938964844,81.13999938964844,81.19999694824219,81.13999938964844,81.19000244140625,925.0
2024-07-03 10:41:00,BNGO,0.566100001335144,0.566100001335144,0.5687000155448914,0.5633999705314636,0.5633999705314636,11753.0
2024-07-03 10:41:00,BNTX,80.9749984741211,80.9749984741211,81.02999877929688,80.94000244140625,81.02999877929688,4495.0
2024-07-03 10:41:00,BPMC,110.95999908447266,110.95999908447266,110.96499633789062,110.95999908447266,110.96499633789062,1139.0
2024-07-03 10:41:00,BRKR,61.779998779296875,61.779998779296875,61.875,61.779998779296875,61.875,1410.0
2024-07-03 10:41:00,CABA,7.650000095367432,7.650000095367432,7.650000095367432,7.650000095367432,7.650000095367432,1084.0
2024-07-03 10:41:00,CAPR,4.809999942779541,4.809999942779541,4.820000171661377,4.809999942779541,4.809999942779541,425.0
2024-07-03 10:41:00,CARA,0.2897999882698059,0.2897999882698059,0.2897999882698059,0.2863999903202057,0.289000004529953,593.0
2024-07-03 10:41:00,CASI,5.239999771118164,5.239999771118164,5.239999771118164,5.239999771118164,5.239999771118164,194.0
2024-07-03 10:41:00,CCCC,4.760000228881836,4.760000228881836,4.789999961853027,4.760000228881836,4.789999961853027,5631.0
2024-07-03 10:41:00,CDMO,7.5,7.5,7.565000057220459,7.5,7.559999942779541,5254.0
2024-07-03 10:41:00,CDNA,15.279999732971191,15.279999732971191,15.279999732971191,15.279999732971191,15.279999732971191,918.0
2024-07-03 10:41:00,CDTX,12.100000381469727,12.100000381469727,12.100000381469727,12.100000381469727,12.100000381469727,274.0
2024-07-03 10:41:00,CDXS,2.9100000858306885,2.9100000858306885,2.9100000858306885,2.9100000858306885,2.9100000858306885,3369.0
2024-07-03 10:41:00,CELC,16.25,16.25,16.25,16.25,16.25,614.0
2024-07-03 10:41:00,CERE,41.310001373291016,41.310001373291016,41.310001373291016,41.310001373291016,41.310001373291016,392.0
2024-07-03 10:41:00,CERT,13.890000343322754,13.890000343322754,13.890000343322754,13.880000114440918,13.890000343322754,921.0
2024-07-03 10:41:00,CGC,6.775000095367432,6.775000095367432,6.782899856567383,6.7600998878479,6.780099868774414,17282.0
2024-07-03 10:41:00,CGEM,16.950000762939453,16.950000762939453,16.950000762939453,16.950000762939453,16.950000762939453,128.0
2024-07-03 10:41:00,CGEN,1.6699999570846558,1.6699999570846558,1.6799999475479126,1.6699999570846558,1.6799999475479126,801.0
2024-07-03 10:41:00,CGTX,1.8799999952316284,1.8799999952316284,1.8799999952316284,1.8600000143051147,1.8600000143051147,5941.0
2024-07-03 10:41:00,CING,0.3359000086784363,0.3359000086784363,0.3359000086784363,0.3280999958515167,0.32829999923706055,19032.0
2024-07-03 10:41:00,CLDX,36.900001525878906,36.900001525878906,36.900001525878906,36.88999938964844,36.900001525878906,1767.0
2024-07-03 10:41:00,CLLS,2.0,2.0,2.0,2.0,2.0,362.0
2024-07-03 10:41:00,CLPT,5.349999904632568,5.349999904632568,5.349999904632568,5.349999904632568,5.349999904632568,281.0
2024-07-03 10:41:00,CLRB,2.440000057220459,2.440000057220459,2.440000057220459,2.440000057220459,2.440000057220459,500.0
2024-07-03 10:41:00,CMAX,2.140000104904175,2.140000104904175,2.140000104904175,2.140000104904175,2.140000104904175,194.0
2024-07-03 10:41:00,CMPS,6.195000171661377,6.195000171661377,6.195000171661377,6.195000171661377,6.195000171661377,972.0
2024-07-03 10:41:00,CMPX,0.8499000072479248,0.8499000072479248,0.8499000072479248,0.8499000072479248,0.8499000072479248,6.0
2024-07-03 10:41:00,CNSP,2.1600000858306885,2.1600000858306885,2.189300060272217,2.150899887084961,2.189300060272217,60831.0
2024-07-03 10:41:00,CODX,1.2999999523162842,1.2999999523162842,1.2999999523162842,1.2899999618530273,1.2899999618530273,1601.0
2024-07-03 10:41:00,CORT,30.850000381469727,30.850000381469727,30.850000381469727,30.84000015258789,30.84000015258789,700.0
2024-07-03 10:41:00,COSM,0.949999988079071,0.949999988079071,0.949999988079071,0.949999988079071,0.949999988079071,900.0
2024-07-03 10:41:00,CPRX,15.6899995803833,15.6899995803833,15.6899995803833,15.6899995803833,15.6899995803833,125.0
2024-07-03 10:41:00,CRBU,1.600000023841858,1.600000023841858,1.6050000190734863,1.600000023841858,1.6050000190734863,1413.0
2024-07-03 10:41:00,CRDF,2.2950000762939453,2.2950000762939453,2.309999942779541,2.2950000762939453,2.309999942779541,2797.0
2024-07-03 10:41:00,CRMD,4.130000114440918,4.130000114440918,4.170000076293945,4.130000114440918,4.170000076293945,3459.0
2024-07-03 10:41:00,CRNX,44.981998443603516,44.981998443603516,44.981998443603516,44.959999084472656,44.959999084472656,331.0
2024-07-03 10:41:00,CRON,2.350100040435791,2.350100040435791,2.3550000190734863,2.3499999046325684,2.3550000190734863,741.0
2024-07-03 10:41:00,CRSP,54.327301025390625,54.327301025390625,54.327301025390625,54.28499984741211,54.31999969482422,1904.0
2024-07-03 10:41:00,CSTL,21.479999542236328,21.479999542236328,21.510000228881836,21.479999542236328,21.510000228881836,768.0
2024-07-03 10:41:00,CTSO,0.8299000263214111,0.8299000263214111,0.8299999833106995,0.8299000263214111,0.8299000263214111,1468.0
2024-07-03 10:41:00,CUTR,1.3250000476837158,1.3250000476837158,1.3250000476837158,1.3200000524520874,1.3200000524520874,1835.0
2024-07-03 10:41:00,CVAC,3.430000066757202,3.430000066757202,3.430000066757202,3.424999952316284,3.424999952316284,12712.0
2024-07-03 10:41:00,CYTK,54.83000183105469,54.83000183105469,54.83000183105469,54.75,54.75,825.0
2024-07-03 10:41:00,DAWN,13.369999885559082,13.369999885559082,13.369999885559082,13.369999885559082,13.369999885559082,438.0
2024-07-03 10:41:00,DCGO,2.940000057220459,2.940000057220459,2.940000057220459,2.940000057220459,2.940000057220459,0.0
2024-07-03 10:41:00,DCTH,7.885000228881836,7.885000228881836,7.885000228881836,7.885000228881836,7.885000228881836,54.0
2024-07-03 10:41:00,DH,5.400100231170654,5.400100231170654,5.400100231170654,5.389999866485596,5.400000095367432,1629.0
2024-07-03 10:41:00,DSGN,3.2300000190734863,3.2300000190734863,3.2300000190734863,3.2300000190734863,3.2300000190734863,2225.0
2024-07-03 10:41:00,DVAX,11.119999885559082,11.119999885559082,11.125,11.119999885559082,11.125,4673.0
2024-07-03 10:41:00,DXCM,110.19000244140625,110.19000244140625,110.22000122070312,110.1500015258789,110.22000122070312,1934.0
2024-07-03 10:41:00,DYAI,1.5399999618530273,1.5399999618530273,1.5399999618530273,1.5399999618530273,1.5399999618530273,0.0
2024-07-03 10:41:00,DYN,34.65999984741211,34.65999984741211,34.7400016784668,34.65999984741211,34.7400016784668,504.0
2024-07-03 10:41:00,EDIT,4.684999942779541,4.684999942779541,4.695000171661377,4.684999942779541,4.695000171661377,2034.0
2024-07-03 10:41:00,EKSO,1.0299999713897705,1.0299999713897705,1.0299999713897705,1.0299999713897705,1.0299999713897705,323.0
2024-07-03 10:41:00,ENSG,126.29000091552734,126.29000091552734,126.29000091552734,126.1500015258789,126.1500015258789,779.0
2024-07-03 10:41:00,ENVB,0.5062999725341797,0.5062999725341797,0.5171999931335449,0.5034999847412109,0.5045999884605408,5100.0
2024-07-03 10:41:00,ERAS,2.265000104904175,2.265000104904175,2.265000104904175,2.265000104904175,2.265000104904175,592.0
2024-07-03 10:41:00,ESPR,2.365000009536743,2.365000009536743,2.365000009536743,2.365000009536743,2.365000009536743,5412.0
2024-07-03 10:41:00,ESTA,43.44499969482422,43.44499969482422,43.44499969482422,43.44499969482422,43.44499969482422,349.0
2024-07-03 10:41:00,ETNB,7.679999828338623,7.679999828338623,7.679999828338623,7.672399997711182,7.672399997711182,1340.0
2024-07-03 10:41:00,EWTX,18.075000762939453,18.075000762939453,18.075000762939453,18.075000762939453,18.075000762939453,201.0
2024-07-03 10:41:00,EXAS,43.220001220703125,43.220001220703125,43.2599983215332,43.220001220703125,43.2599983215332,869.0
2024-07-03 10:41:00,EXEL,22.094999313354492,22.094999313354492,22.094999313354492,22.09000015258789,22.09000015258789,437.0
2024-07-03 10:41:00,EYPT,8.350000381469727,8.350000381469727,8.390000343322754,8.350000381469727,8.390000343322754,1928.0
2024-07-03 10:41:00,FATE,3.2799999713897705,3.2799999713897705,3.2799999713897705,3.2799999713897705,3.2799999713897705,150.0
2024-07-03 10:41:00,FDMT,21.149999618530273,21.149999618530273,21.149999618530273,21.149999618530273,21.149999618530273,341.0
2024-07-03 10:41:00,FLGT,20.209999084472656,20.209999084472656,20.209999084472656,20.209999084472656,20.209999084472656,436.0
2024-07-03 10:41:00,FOLD,9.899999618530273,9.899999618530273,9.914999961853027,9.899999618530273,9.914999961853027,3851.0
2024-07-03 10:41:00,FULC,6.199999809265137,6.199999809265137,6.210000038146973,6.199999809265137,6.199999809265137,16518.0
2024-07-03 10:41:00,GDRX,7.860000133514404,7.860000133514404,7.860000133514404,7.860000133514404,7.860000133514404,112.0
2024-07-03 10:41:00,GERN,4.375,4.375,4.394999980926514,4.375,4.390100002288818,20388.0
2024-07-03 10:41:00,GH,28.489999771118164,28.489999771118164,28.559999465942383,28.469999313354492,28.559999465942383,4137.0
2024-07-03 10:41:00,GILD,67.11000061035156,67.11000061035156,67.11000061035156,67.06999969482422,67.09500122070312,5963.0
2024-07-03 10:41:00,GLTO,0.5,0.5,0.5,0.5,0.5,373.0
2024-07-03 10:41:00,GLUE,3.7300000190734863,3.7300000190734863,3.7300000190734863,3.7300000190734863,3.7300000190734863,443.0
2024-07-03 10:41:00,GLYC,0.2736999988555908,0.2736999988555908,0.2736999988555908,0.2736999988555908,0.2736999988555908,1200.0
2024-07-03 10:41:00,GMAB,25.209999084472656,25.209999084472656,25.209999084472656,25.209999084472656,25.209999084472656,1333.0
2024-07-03 10:41:00,GOSS,0.9485999941825867,0.9485999941825867,0.9524999856948853,0.9225000143051147,0.9225000143051147,67134.0
2024-07-03 10:41:00,GOVX,3.0299999713897705,3.0299999713897705,3.0299999713897705,3.0299999713897705,3.0299999713897705,1507.0
2024-07-03 10:41:00,GRFS,6.690000057220459,6.690000057220459,6.695000171661377,6.690000057220459,6.695000171661377,500.0
2024-07-03 10:41:00,GRTS,0.5853000283241272,0.5853000283241272,0.5873000025749207,0.5853000283241272,0.5873000025749207,602.0
2024-07-03 10:41:00,GTHX,2.5000998973846436,2.5000998973846436,2.5000998973846436,2.5,2.5,454.0
2024-07-03 10:41:00,HALO,51.5099983215332,51.5099983215332,51.52000045776367,51.470001220703125,51.52000045776367,2012.0
2024-07-03 10:41:00,HBIO,2.759999990463257,2.759999990463257,2.759999990463257,2.759999990463257,2.759999990463257,433.0
2024-07-03 10:41:00,HCAT,6.199999809265137,6.199999809265137,6.210000038146973,6.199999809265137,6.210000038146973,1183.0
2024-07-03 10:41:00,HCSG,10.670000076293945,10.670000076293945,10.670000076293945,10.670000076293945,10.670000076293945,665.0
2024-07-03 10:41:00,HOLX,73.41500091552734,73.41500091552734,73.41999816894531,73.40750122070312,73.41999816894531,5439.0
2024-07-03 10:41:00,HOOK,0.5954999923706055,0.5954999923706055,0.5954999923706055,0.5954999923706055,0.5954999923706055,939.0
2024-07-03 10:41:00,HOWL,2.240000009536743,2.240000009536743,2.240000009536743,2.240000009536743,2.240000009536743,419.0
2024-07-03 10:41:00,HROW,21.920000076293945,21.920000076293945,21.920000076293945,21.905000686645508,21.905000686645508,557.0
2024-07-03 10:41:00,HRTX,2.7899999618530273,2.7899999618530273,2.7950000762939453,2.7899999618530273,2.7950000762939453,892.0
2024-07-03 10:41:00,HSCS,5.085000038146973,5.085000038146973,5.085000038146973,5.085000038146973,5.085000038146973,1015.0
2024-07-03 10:41:00,HSIC,65.4800033569336,65.4800033569336,65.50499725341797,65.4800033569336,65.49500274658203,3723.0
2024-07-03 10:41:00,HUMA,5.669099807739258,5.669099807739258,5.669099807739258,5.6519999504089355,5.659999847412109,3393.0
2024-07-03 10:41:00,IART,29.030000686645508,29.030000686645508,29.049999237060547,29.030000686645508,29.049999237060547,550.0
2024-07-03 10:41:00,IBRX,6.28000020980835,6.28000020980835,6.284999847412109,6.275000095367432,6.275000095367432,1960.0
2024-07-03 10:41:00,ICCM,0.7272999882698059,0.7272999882698059,0.7272999882698059,0.7272999882698059,0.7272999882698059,0.0
2024-07-03 10:41:00,ICLR,318.7900085449219,318.7900085449219,318.7900085449219,318.7900085449219,318.7900085449219,1298.0
2024-07-03 10:41:00,IDXX,475.6650085449219,475.6650085449219,475.94000244140625,475.6449890136719,475.94000244140625,2578.0
2024-07-03 10:41:00,IDYA,33.596900939941406,33.596900939941406,33.599998474121094,33.596900939941406,33.599998474121094,2487.0
2024-07-03 10:41:00,IKNA,1.649999976158142,1.649999976158142,1.649999976158142,1.649999976158142,1.649999976158142,102.0
2024-07-03 10:41:00,ILMN,105.02999877929688,105.02999877929688,105.02999877929688,104.8499984741211,104.92500305175781,1923.0
2024-07-03 10:41:00,IMAB,1.5700000524520874,1.5700000524520874,1.5700000524520874,1.5700000524520874,1.5700000524520874,120.0
2024-07-03 10:41:00,IMCC,0.46000000834465027,0.46000000834465027,0.46000000834465027,0.46000000834465027,0.46000000834465027,1102.0
2024-07-03 10:41:00,IMCR,36.220001220703125,36.220001220703125,36.27000045776367,36.16999816894531,36.16999816894531,2820.0
2024-07-03 10:41:00,IMMX,2.25,2.25,2.25,2.240999937057495,2.25,814.0
2024-07-03 10:41:00,IMNM,12.029999732971191,12.029999732971191,12.029999732971191,12.029999732971191,12.029999732971191,200.0
2024-07-03 10:41:00,IMTX,11.984999656677246,11.984999656677246,11.984999656677246,11.984999656677246,11.984999656677246,951.0
2024-07-03 10:41:00,IMVT,26.770000457763672,26.770000457763672,26.770000457763672,26.770000457763672,26.770000457763672,400.0
2024-07-03 10:41:00,INBX,13.34000015258789,13.34000015258789,13.34000015258789,13.34000015258789,13.34000015258789,751.0
2024-07-03 10:41:00,INCY,57.93000030517578,57.93000030517578,57.93000030517578,57.849998474121094,57.849998474121094,3311.0
2024-07-03 10:41:00,INGN,7.869999885559082,7.869999885559082,7.869999885559082,7.869999885559082,7.869999885559082,200.0
2024-07-03 10:41:00,INMB,8.024999618530273,8.024999618530273,8.024999618530273,8.024999618530273,8.024999618530273,103.0
2024-07-03 10:41:00,INMD,17.75,17.75,17.75,17.739999771118164,17.739999771118164,1330.0
2024-07-03 10:41:00,INO,8.479999542236328,8.479999542236328,8.479999542236328,8.460100173950195,8.460100173950195,2551.0
2024-07-03 10:41:00,INSM,63.57500076293945,63.57500076293945,63.619998931884766,63.56999969482422,63.619998931884766,1862.0
2024-07-03 10:41:00,INVA,16.334999084472656,16.334999084472656,16.350000381469727,16.334999084472656,16.350000381469727,654.0
2024-07-03 10:41:00,IONS,44.689998626708984,44.689998626708984,44.724998474121094,44.689998626708984,44.724998474121094,6153.0
2024-07-03 10:41:00,IOVA,7.789999961853027,7.789999961853027,7.789999961853027,7.764999866485596,7.764999866485596,3819.0
2024-07-03 10:41:00,IRIX,2.0,2.0,2.0,2.0,2.0,2560.0
2024-07-03 10:41:00,IRTC,94.87000274658203,94.87000274658203,94.87000274658203,94.87000274658203,94.87000274658203,555.0
2024-07-03 10:41:00,IRWD,6.195000171661377,6.195000171661377,6.199999809265137,6.195000171661377,6.199999809265137,744.0
2024-07-03 10:41:00,ISPC,0.2881999909877777,0.2881999909877777,0.2881999909877777,0.27950000762939453,0.27950000762939453,8390.0
2024-07-03 10:41:00,ISRG,434.8900146484375,434.8900146484375,434.989990234375,434.8800048828125,434.989990234375,1344.0
2024-07-03 10:41:00,ITCI,67.9749984741211,67.9749984741211,67.9749984741211,67.93000030517578,67.9749984741211,987.0
2024-07-03 10:41:00,ITOS,14.850000381469727,14.850000381469727,14.859999656677246,14.850000381469727,14.859999656677246,1201.0
2024-07-03 10:41:00,ITRM,1.1150000095367432,1.1150000095367432,1.1200000047683716,1.1150000095367432,1.1200000047683716,9147.0
2024-07-03 10:41:00,IVVD,1.125,1.125,1.125,1.125,1.125,578.0
2024-07-03 10:41:00,JANX,38.540000915527344,38.540000915527344,38.61000061035156,38.540000915527344,38.61000061035156,397.0
2024-07-03 10:41:00,JSPR,23.53499984741211,23.53499984741211,23.53499984741211,23.53499984741211,23.53499984741211,317.0
2024-07-03 10:41:00,KALV,11.6850004196167,11.6850004196167,11.6850004196167,11.6850004196167,11.6850004196167,270.0
2024-07-03 10:41:00,KMDA,5.181700229644775,5.181700229644775,5.181700229644775,5.181700229644775,5.181700229644775,738.0
2024-07-03 10:41:00,KNSA,18.860000610351562,18.860000610351562,18.875,18.860000610351562,18.8700008392334,1123.0
2024-07-03 10:41:00,KROS,42.529998779296875,42.529998779296875,42.529998779296875,42.529998779296875,42.529998779296875,312.0
2024-07-03 10:41:00,KRYS,178.86000061035156,178.86000061035156,178.86000061035156,178.86000061035156,178.86000061035156,206.0
2024-07-03 10:41:00,KTRA,0.28299999237060547,0.28299999237060547,0.28299999237060547,0.28200000524520874,0.28200000524520874,10572.0
2024-07-03 10:41:00,KZR,0.5781000256538391,0.5781000256538391,0.5795999765396118,0.5776000022888184,0.5795999765396118,9039.0
2024-07-03 10:41:00,LAB,1.7999999523162842,1.7999999523162842,1.7999999523162842,1.7899999618530273,1.7899999618530273,1378.0
2024-07-03 10:41:00,LBPH,32.15999984741211,32.15999984741211,32.189998626708984,32.099998474121094,32.189998626708984,2033.0
2024-07-03 10:41:00,LEGN,45.849998474121094,45.849998474121094,45.849998474121094,45.849998474121094,45.849998474121094,645.0
2024-07-03 10:41:00,LFMD,6.710000038146973,6.710000038146973,6.71999979019165,6.710000038146973,6.71999979019165,1314.0
2024-07-03 10:41:00,LFST,5.142499923706055,5.142499923706055,5.142499923706055,5.142499923706055,5.142499923706055,163.0
2024-07-03 10:41:00,LGND,83.0167007446289,83.0167007446289,83.0167007446289,83.0167007446289,83.0167007446289,666.0
2024-07-03 10:41:00,LIVN,52.790000915527344,52.790000915527344,52.88999938964844,52.790000915527344,52.88999938964844,896.0
2024-07-03 10:41:00,LMAT,81.16000366210938,81.16000366210938,81.16000366210938,80.86000061035156,81.03710174560547,1479.0
2024-07-03 10:41:00,LNTH,78.87000274658203,78.87000274658203,78.87000274658203,78.80000305175781,78.80000305175781,778.0
2024-07-03 10:41:00,LOGC,5.75,5.75,5.75,5.739999771118164,5.739999771118164,1960.0
2024-07-03 10:41:00,LPTX,1.8300000429153442,1.8300000429153442,1.8300000429153442,1.809999942779541,1.809999942779541,873.0
2024-07-03 10:41:00,LUCY,0.4747999906539917,0.4747999906539917,0.4794999957084656,0.4747999906539917,0.4794999957084656,603.0
2024-07-03 10:41:00,LXRX,1.6150000095367432,1.6150000095367432,1.6200000047683716,1.6100000143051147,1.6150000095367432,11024.0
2024-07-03 10:41:00,LYRA,0.2896000146865845,0.2896000146865845,0.2896000146865845,0.2896000146865845,0.2896000146865845,300.0
2024-07-03 10:41:00,MBIO,0.5189999938011169,0.5189999938011169,0.5192999839782715,0.5189999938011169,0.5192999839782715,11707.0
2024-07-03 10:41:00,MBOT,1.0679999589920044,1.0679999589920044,1.0679999589920044,1.0679999589920044,1.0679999589920044,243.0
2024-07-03 10:41:00,MCRB,0.7143999934196472,0.7143999934196472,0.7160999774932861,0.7142999768257141,0.7160999774932861,2437.0
2024-07-03 10:41:00,MDXH,2.315000057220459,2.315000057220459,2.315000057220459,2.315000057220459,2.315000057220459,300.0
2024-07-03 10:41:00,ME,0.4032999873161316,0.4032999873161316,0.4034999907016754,0.40070000290870667,0.4034000039100647,36246.0
2024-07-03 10:41:00,MEDP,407.3999938964844,407.3999938964844,407.3999938964844,407.3999938964844,407.3999938964844,1141.0
2024-07-03 10:41:00,MGNX,4.300000190734863,4.300000190734863,4.300000190734863,4.300000190734863,4.300000190734863,1227.0
2024-07-03 10:41:00,MGTX,4.03000020980835,4.03000020980835,4.03000020980835,4.03000020980835,4.03000020980835,100.0
2024-07-03 10:41:00,MIRM,33.81999969482422,33.81999969482422,33.81999969482422,33.81999969482422,33.81999969482422,202.0
2024-07-03 10:41:00,MLTX,41.810001373291016,41.810001373291016,41.810001373291016,41.810001373291016,41.810001373291016,115.0
2024-07-03 10:41:00,MMSI,85.66999816894531,85.66999816894531,85.66999816894531,85.66999816894531,85.66999816894531,941.0
2024-07-03 10:41:00,MNKD,5.114999771118164,5.114999771118164,5.130000114440918,5.114999771118164,5.130000114440918,6262.0
2024-07-03 10:41:00,MNMD,7.250100135803223,7.250100135803223,7.255000114440918,7.25,7.25,660.0
2024-07-03 10:41:00,MODV,28.010000228881836,28.010000228881836,28.010000228881836,27.799999237060547,27.799999237060547,791.0
2024-07-03 10:41:00,MREO,3.509999990463257,3.509999990463257,3.509999990463257,3.509999990463257,3.509999990463257,2539.0
2024-07-03 10:41:00,MRNA,117.96499633789062,117.96499633789062,118.02999877929688,117.73500061035156,117.73500061035156,6655.0
2024-07-03 10:41:00,MRSN,1.9199999570846558,1.9199999570846558,1.9199999570846558,1.9199999570846558,1.9199999570846558,217.0
2024-07-03 10:41:00,MRUS,52.82500076293945,52.82500076293945,52.87990188598633,52.82500076293945,52.87990188598633,752.0
2024-07-03 10:41:00,MRVI,6.800000190734863,6.800000190734863,6.809999942779541,6.800000190734863,6.809999942779541,1841.0
2024-07-03 10:41:00,MXCT,3.740000009536743,3.740000009536743,3.744999885559082,3.740000009536743,3.744999885559082,634.0
2024-07-03 10:41:00,MYGN,25.424999237060547,25.424999237060547,25.450000762939453,25.3976993560791,25.450000762939453,1476.0
2024-07-03 10:41:00,NBIX,138.5,138.5,138.72999572753906,138.5,138.72999572753906,1601.0
2024-07-03 10:41:00,NDRA,0.08449999988079071,0.08449999988079071,0.08489999920129776,0.08399999886751175,0.08489999920129776,22306.0
2024-07-03 10:41:00,NEO,13.760000228881836,13.760000228881836,13.760000228881836,13.760000228881836,13.760000228881836,973.0
2024-07-03 10:41:00,NEOG,15.180000305175781,15.180000305175781,15.1899995803833,15.180000305175781,15.1899995803833,1678.0
2024-07-03 10:41:00,NKTR,1.2450000047683716,1.2450000047683716,1.25,1.2400000095367432,1.25,13056.0
2024-07-03 10:41:00,NNOX,7.099999904632568,7.099999904632568,7.099999904632568,7.099999904632568,7.099999904632568,572.0
2024-07-03 10:41:00,NOTV,1.7002999782562256,1.7002999782562256,1.7002999782562256,1.7000000476837158,1.7000000476837158,636.0
2024-07-03 10:41:00,NRIX,19.735000610351562,19.735000610351562,19.75,19.735000610351562,19.75,790.0
2024-07-03 10:41:00,NTLA,22.742399215698242,22.742399215698242,22.742399215698242,22.701499938964844,22.729999542236328,2576.0
2024-07-03 10:41:00,NTRA,112.05999755859375,112.05999755859375,112.05999755859375,112.05999755859375,112.05999755859375,947.0
2024-07-03 10:41:00,NVAX,12.890000343322754,12.890000343322754,12.925000190734863,12.890000343322754,12.925000190734863,14315.0
2024-07-03 10:41:00,NVCR,16.860000610351562,16.860000610351562,16.860000610351562,16.860000610351562,16.860000610351562,470.0
2024-07-03 10:41:00,NVCT,6.349999904632568,6.349999904632568,6.349999904632568,6.349999904632568,6.349999904632568,337.0
2024-07-03 10:41:00,NVOS,0.7599999904632568,0.7599999904632568,0.7599999904632568,0.7498999834060669,0.7498999834060669,11753.0
2024-07-03 10:41:00,NXL,1.3986999988555908,1.3986999988555908,1.3986999988555908,1.3980000019073486,1.3980000019073486,5462.0
2024-07-03 10:41:00,NXTC,1.590000033378601,1.590000033378601,1.590000033378601,1.590000033378601,1.590000033378601,130.0
2024-07-03 10:41:00,OCGN,1.6649999618530273,1.6649999618530273,1.6699999570846558,1.6649999618530273,1.6699999570846558,1046.0
2024-07-03 10:41:00,OCUL,6.800000190734863,6.800000190734863,6.804999828338623,6.800000190734863,6.804999828338623,1099.0
2024-07-03 10:41:00,OGI,1.6100000143051147,1.6100000143051147,1.6100000143051147,1.6100000143051147,1.6100000143051147,179.0
2024-07-03 10:41:00,OLK,25.795000076293945,25.795000076293945,25.795000076293945,25.795000076293945,25.795000076293945,724.0
2024-07-03 10:41:00,OLMA,10.670000076293945,10.670000076293945,10.670000076293945,10.670000076293945,10.670000076293945,150.0
2024-07-03 10:41:00,OMCL,26.459999084472656,26.459999084472656,26.459999084472656,26.420000076293945,26.420000076293945,907.0
2024-07-03 10:41:00,OMGA,2.0299999713897705,2.0299999713897705,2.049999952316284,2.0299999713897705,2.049999952316284,11151.0
2024-07-03 10:41:00,ONCY,1.0099999904632568,1.0099999904632568,1.0099999904632568,1.0099999904632568,1.0099999904632568,195.0
2024-07-03 10:42:00,ABCL,2.7300000190734863,2.7300000190734863,2.7300000190734863,2.7200000286102295,2.7249999046325684,11998.0
2024-07-03 10:42:00,ABSI,3.2249999046325684,3.2249999046325684,3.2300000190734863,3.2249999046325684,3.2249999046325684,624.0
2024-07-03 10:42:00,ABUS,3.174999952316284,3.174999952316284,3.174999952316284,3.174999952316284,3.174999952316284,778.0
2024-07-03 10:42:00,ACAD,15.729999542236328,15.729999542236328,15.739999771118164,15.720000267028809,15.720000267028809,3271.0
2024-07-03 10:42:00,ACB,4.945000171661377,4.945000171661377,4.945000171661377,4.940199851989746,4.940199851989746,2621.0
2024-07-03 10:42:00,ACCD,3.5950000286102295,3.5950000286102295,3.5950000286102295,3.5899999141693115,3.5901999473571777,4173.0
2024-07-03 10:42:00,ACET,1.065000057220459,1.065000057220459,1.065000057220459,1.059999942779541,1.059999942779541,2108.0
2024-07-03 10:42:00,ACLX,54.22999954223633,54.22999954223633,54.22999954223633,54.22999954223633,54.22999954223633,235.0
2024-07-03 10:42:00,ACRS,1.1699999570846558,1.1699999570846558,1.1699999570846558,1.1699999570846558,1.1699999570846558,750.0
2024-07-03 10:42:00,ADAP,1.0399999618530273,1.0399999618530273,1.0399999618530273,1.0399999618530273,1.0399999618530273,1.0
2024-07-03 10:42:00,ADMA,11.395000457763672,11.395000457763672,11.395000457763672,11.395000457763672,11.395000457763672,531.0
2024-07-03 10:42:00,ADUS,117.04000091552734,117.04000091552734,117.04000091552734,116.9800033569336,116.9800033569336,1133.0
2024-07-03 10:42:00,ADVM,7.10290002822876,7.10290002822876,7.10290002822876,7.10290002822876,7.10290002822876,739.0
2024-07-03 10:42:00,AGEN,14.600000381469727,14.600000381469727,14.600000381469727,14.600000381469727,14.600000381469727,456.0
2024-07-03 10:42:00,AGIO,42.2400016784668,42.2400016784668,42.2400016784668,42.2400016784668,42.2400016784668,451.0
2024-07-03 10:42:00,AHCO,9.819999694824219,9.819999694824219,9.819999694824219,9.800000190734863,9.800000190734863,4067.0
2024-07-03 10:42:00,AKBA,0.9549999833106995,0.9549999833106995,0.9549999833106995,0.9549999833106995,0.9549999833106995,419.0
2024-07-03 10:42:00,AKRO,22.299999237060547,22.299999237060547,22.345300674438477,22.299999237060547,22.329999923706055,2376.0
2024-07-03 10:42:00,ALDX,3.2699999809265137,3.2699999809265137,3.2699999809265137,3.2699999809265137,3.2699999809265137,646.0
2024-07-03 10:42:00,ALEC,4.480000019073486,4.480000019073486,4.489999771118164,4.480000019073486,4.489999771118164,2077.0
2024-07-03 10:42:00,ALGS,0.42500001192092896,0.42500001192092896,0.42800000309944153,0.42500001192092896,0.42800000309944153,8030.0
2024-07-03 10:42:00,ALHC,8.029999732971191,8.029999732971191,8.029999732971191,8.029999732971191,8.029999732971191,355.0
2024-07-03 10:42:00,ALKS,24.350000381469727,24.350000381469727,24.375,24.350000381469727,24.375,1766.0
2024-07-03 10:42:00,ALLO,2.134999990463257,2.134999990463257,2.140000104904175,2.130000114440918,2.134999990463257,25551.0
2024-07-03 10:42:00,ALLR,0.20260000228881836,0.20260000228881836,0.20499999821186066,0.20250000059604645,0.20260000228881836,19525.0
2024-07-03 10:42:00,ALNY,247.31500244140625,247.31500244140625,247.31500244140625,247.30999755859375,247.30999755859375,447.0
2024-07-03 10:42:00,ALT,6.804999828338623,6.804999828338623,6.804999828338623,6.799900054931641,6.799900054931641,2172.0
2024-07-03 10:42:00,ALXO,5.824999809265137,5.824999809265137,5.849999904632568,5.820000171661377,5.820000171661377,665.0
2024-07-03 10:42:00,AMED,96.8499984741211,96.8499984741211,96.8499984741211,96.71499633789062,96.76000213623047,6612.0
2024-07-03 10:42:00,AMGN,310.7200012207031,310.7200012207031,311.05499267578125,310.7099914550781,311.05499267578125,2512.0
2024-07-03 10:42:00,AMLX,1.7549999952316284,1.7549999952316284,1.7649999856948853,1.7549999952316284,1.7649999856948853,14102.0
2024-07-03 10:42:00,AMPH,38.41999816894531,38.41999816894531,38.42499923706055,38.39500045776367,38.400001525878906,1636.0
2024-07-03 10:42:00,AMRN,0.713100016117096,0.713100016117096,0.713100016117096,0.713100016117096,0.713100016117096,1484.0
2024-07-03 10:42:00,ANAB,25.360000610351562,25.360000610351562,25.360000610351562,25.360000610351562,25.360000610351562,241.0
2024-07-03 10:42:00,ANIP,61.63999938964844,61.63999938964844,61.63999938964844,61.56999969482422,61.56999969482422,2104.0
2024-07-03 10:42:00,ANNX,4.815000057220459,4.815000057220459,4.820000171661377,4.809999942779541,4.820000171661377,1389.0
2024-07-03 10:42:00,ANTX,2.51990008354187,2.51990008354187,2.51990008354187,2.51990008354187,2.51990008354187,320.0
2024-07-03 10:42:00,APLT,4.454999923706055,4.454999923706055,4.454999923706055,4.454999923706055,4.454999923706055,131.0
2024-07-03 10:42:00,AQST,2.4100000858306885,2.4100000858306885,2.4100000858306885,2.4100000858306885,2.4100000858306885,1094.0
2024-07-03 10:42:00,ARAY,1.75,1.75,1.7599999904632568,1.75,1.7599999904632568,9883.0
2024-07-03 10:42:00,ARDX,5.204999923706055,5.204999923706055,5.244999885559082,5.199999809265137,5.244999885559082,27204.0
2024-07-03 10:42:00,ARQT,9.595000267028809,9.595000267028809,9.614999771118164,9.579999923706055,9.59000015258789,5503.0
2024-07-03 10:42:00,ARVN,24.735000610351562,24.735000610351562,24.735000610351562,24.709999084472656,24.725000381469727,867.0
2024-07-03 10:42:00,ARWR,25.630599975585938,25.630599975585938,25.665000915527344,25.630599975585938,25.665000915527344,1228.0
2024-07-03 10:42:00,ASND,135.1549072265625,135.1549072265625,135.1584930419922,134.67469787597656,135.154296875,2662.0
2024-07-03 10:42:00,ASRT,1.3199000358581543,1.3199000358581543,1.3199000358581543,1.3049999475479126,1.3049999475479126,20191.0
2024-07-03 10:42:00,ATEC,9.930000305175781,9.930000305175781,9.930000305175781,9.930000305175781,9.930000305175781,336.0
2024-07-03 10:42:00,ATOS,1.1649999618530273,1.1649999618530273,1.1649999618530273,1.1610000133514404,1.1610000133514404,1626.0
2024-07-03 10:42:00,ATRC,22.28499984741211,22.28499984741211,22.295000076293945,22.28499984741211,22.295000076293945,377.0
2024-07-03 10:42:00,ATXS,9.024999618530273,9.024999618530273,9.024999618530273,9.024999618530273,9.024999618530273,350.0
2024-07-03 10:42:00,AUGX,0.9975000023841858,0.9975000023841858,0.9975000023841858,0.9850999712944031,0.9912999868392944,3920.0
2024-07-03 10:42:00,AUPH,5.485000133514404,5.485000133514404,5.489999771118164,5.485000133514404,5.489999771118164,866.0
2024-07-03 10:42:00,AURA,7.110000133514404,7.110000133514404,7.110000133514404,7.110000133514404,7.110000133514404,504.0
2024-07-03 10:42:00,AVIR,3.3101000785827637,3.3101000785827637,3.315000057220459,3.3101000785827637,3.315000057220459,302.0
2024-07-03 10:42:00,AVXL,4.275000095367432,4.275000095367432,4.28000020980835,4.275000095367432,4.28000020980835,404.0
2024-07-03 10:42:00,AWH,1.0175000429153442,1.0175000429153442,1.0175000429153442,1.0175000429153442,1.0175000429153442,0.0
2024-07-03 10:42:00,AXSM,79.93000030517578,79.93000030517578,79.93000030517578,79.93000030517578,79.93000030517578,113.0
2024-07-03 10:42:00,AZN,76.97000122070312,76.97000122070312,76.9800033569336,76.94000244140625,76.94999694824219,9616.0
2024-07-03 10:42:00,AZTA,52.689998626708984,52.689998626708984,52.77000045776367,52.689998626708984,52.77000045776367,1207.0
2024-07-03 10:42:00,BBIO,25.290000915527344,25.290000915527344,25.290000915527344,25.229999542236328,25.239999771118164,181153.0
2024-07-03 10:42:00,BCAB,1.3350000381469727,1.3350000381469727,1.3350000381469727,1.3350000381469727,1.3350000381469727,1414.0
2024-07-03 10:42:00,BCRX,6.635000228881836,6.635000228881836,6.639699935913086,6.630000114440918,6.630000114440918,6020.0
2024-07-03 10:42:00,BDTX,4.199999809265137,4.199999809265137,4.199999809265137,4.199999809265137,4.199999809265137,271.0
2024-07-03 10:42:00,BEAM,23.489999771118164,23.489999771118164,23.4950008392334,23.459999084472656,23.459999084472656,2949.0
2024-07-03 10:42:00,BEAT,2.75,2.75,2.7750000953674316,2.75,2.7500998973846436,2132.0
2024-07-03 10:42:00,BIIB,225.53500366210938,225.53500366210938,225.53500366210938,225.53500366210938,225.53500366210938,232.0
2024-07-03 10:42:00,BLFS,20.0,20.0,20.0,20.0,20.0,617.0
2024-07-03 10:42:00,BLUE,0.9458000063896179,0.9458000063896179,0.9488999843597412,0.9458000063896179,0.9480000138282776,1976.0
2024-07-03 10:42:00,BMEA,4.480000019073486,4.480000019073486,4.480000019073486,4.480000019073486,4.480000019073486,1222.0
2024-07-03 10:42:00,BMRN,81.16000366210938,81.16000366210938,81.16000366210938,81.0999984741211,81.13500213623047,1556.0
2024-07-03 10:42:00,BNGO,0.5683000087738037,0.5683000087738037,0.5683000087738037,0.5636000037193298,0.5636000037193298,11594.0
2024-07-03 10:42:00,BNTX,80.98500061035156,80.98500061035156,80.98999786376953,80.98500061035156,80.98999786376953,442.0
2024-07-03 10:42:00,BPMC,110.88999938964844,110.88999938964844,110.93000030517578,110.88999938964844,110.92500305175781,932.0
2024-07-03 10:42:00,BRKR,61.7400016784668,61.7400016784668,61.810001373291016,61.7400016784668,61.810001373291016,712.0
2024-07-03 10:42:00,BVS,6.03000020980835,6.03000020980835,6.03000020980835,6.03000020980835,6.03000020980835,102.0
2024-07-03 10:42:00,CABA,7.630000114440918,7.630000114440918,7.639999866485596,7.630000114440918,7.639999866485596,262.0
2024-07-03 10:42:00,CADL,6.289999961853027,6.289999961853027,6.289999961853027,6.289999961853027,6.289999961853027,436.0
2024-07-03 10:42:00,CAPR,4.78000020980835,4.78000020980835,4.809999942779541,4.78000020980835,4.809999942779541,1205.0
2024-07-03 10:42:00,CARA,0.2897999882698059,0.2897999882698059,0.2897999882698059,0.2831000089645386,0.2897999882698059,15472.0
2024-07-03 10:42:00,CCCC,4.75,4.75,4.75,4.75,4.75,836.0
2024-07-03 10:42:00,CCRN,13.770000457763672,13.770000457763672,13.789999961853027,13.770000457763672,13.770000457763672,2049.0
2024-07-03 10:42:00,CDMO,7.510000228881836,7.510000228881836,7.510000228881836,7.480000019073486,7.480000019073486,4255.0
2024-07-03 10:42:00,CDXS,2.9100000858306885,2.9100000858306885,2.9100000858306885,2.9100000858306885,2.9100000858306885,298.0
2024-07-03 10:42:00,CERE,41.29999923706055,41.29999923706055,41.29999923706055,41.29999923706055,41.29999923706055,6416.0
2024-07-03 10:42:00,CERS,1.7350000143051147,1.7350000143051147,1.7350000143051147,1.7300000190734863,1.7300000190734863,1160.0
2024-07-03 10:42:00,CERT,13.880000114440918,13.880000114440918,13.880000114440918,13.880000114440918,13.880000114440918,552.0
2024-07-03 10:42:00,CGC,6.78000020980835,6.78000020980835,6.78000020980835,6.770899772644043,6.775000095367432,10016.0
2024-07-03 10:42:00,CGEM,16.93000030517578,16.93000030517578,16.93000030517578,16.93000030517578,16.93000030517578,481.0
2024-07-03 10:42:00,CGTX,1.7899999618530273,1.7899999618530273,1.7899999618530273,1.7899999618530273,1.7899999618530273,200.0
2024-07-03 10:42:00,CHRS,1.4249999523162842,1.4249999523162842,1.4249999523162842,1.4249999523162842,1.4249999523162842,1009.0
2024-07-03 10:42:00,CKPT,2.339900016784668,2.339900016784668,2.339900016784668,2.3397998809814453,2.3397998809814453,2036.0
2024-07-03 10:42:00,CLOV,1.2549999952316284,1.2549999952316284,1.2549999952316284,1.2549999952316284,1.2549999952316284,418.0
2024-07-03 10:42:00,CLPT,5.400000095367432,5.400000095367432,5.400000095367432,5.400000095367432,5.400000095367432,111.0
2024-07-03 10:42:00,CLRB,2.430000066757202,2.430000066757202,2.440000057220459,2.430000066757202,2.440000057220459,1502.0
2024-07-03 10:42:00,CLSD,1.25,1.25,1.25,1.25,1.25,0.0
2024-07-03 10:42:00,CMPS,6.170000076293945,6.170000076293945,6.170000076293945,6.170000076293945,6.170000076293945,3582.0
2024-07-03 10:42:00,CMPX,0.8364999890327454,0.8364999890327454,0.8500000238418579,0.8364999890327454,0.8499000072479248,3291.0
2024-07-03 10:42:00,CNSP,2.1157000064849854,2.1157000064849854,2.1700000762939453,2.0999999046325684,2.1549999713897705,109267.0
2024-07-03 10:42:00,COGT,8.3149995803833,8.3149995803833,8.3149995803833,8.3149995803833,8.3149995803833,400.0
2024-07-03 10:42:00,COLL,32.310001373291016,32.310001373291016,32.310001373291016,32.310001373291016,32.310001373291016,509.0
2024-07-03 10:42:00,CORT,30.8439998626709,30.8439998626709,30.8439998626709,30.829999923706055,30.829999923706055,3352.0
2024-07-03 10:42:00,COSM,0.9501000046730042,0.9501000046730042,0.9501000046730042,0.949999988079071,0.949999988079071,518.0
2024-07-03 10:42:00,CPRX,15.6899995803833,15.6899995803833,15.6899995803833,15.680000305175781,15.680000305175781,520.0
2024-07-03 10:42:00,CRDL,1.9400999546051025,1.9400999546051025,1.9492000341415405,1.9400999546051025,1.9492000341415405,5482.0
2024-07-03 10:42:00,CRMD,4.119999885559082,4.119999885559082,4.125100135803223,4.119999885559082,4.125,905.0
2024-07-03 10:42:00,CRNX,45.13999938964844,45.13999938964844,45.189998626708984,45.060001373291016,45.060001373291016,3871.0
2024-07-03 10:42:00,CRON,2.3557000160217285,2.3557000160217285,2.3557000160217285,2.3557000160217285,2.3557000160217285,1344.0
2024-07-03 10:42:00,CRSP,54.2599983215332,54.2599983215332,54.2599983215332,54.2599983215332,54.2599983215332,1981.0
2024-07-03 10:42:00,CTKB,5.730000019073486,5.730000019073486,5.739999771118164,5.730000019073486,5.739999771118164,831.0
2024-07-03 10:42:00,CTMX,1.340000033378601,1.340000033378601,1.350000023841858,1.340000033378601,1.350000023841858,7448.0
2024-07-03 10:42:00,CTSO,0.8299000263214111,0.8299000263214111,0.8450000286102295,0.8299000263214111,0.8450000286102295,520.0
2024-07-03 10:42:00,CVAC,3.4149999618530273,3.4149999618530273,3.4291999340057373,3.410399913787842,3.428800106048584,4422.0
2024-07-03 10:42:00,CYCN,2.25,2.25,2.25,2.25,2.25,3283.0
2024-07-03 10:42:00,CYTK,54.84000015258789,54.84000015258789,54.84000015258789,54.84000015258789,54.84000015258789,198.0
2024-07-03 10:42:00,DAWN,13.359999656677246,13.359999656677246,13.359999656677246,13.329999923706055,13.350000381469727,8848.0
2024-07-03 10:42:00,DCTH,7.905300140380859,7.905300140380859,7.905300140380859,7.905300140380859,7.905300140380859,400.0
2024-07-03 10:42:00,DNLI,21.860000610351562,21.860000610351562,21.860000610351562,21.860000610351562,21.860000610351562,491.0
2024-07-03 10:42:00,DRIO,1.179900050163269,1.179900050163269,1.179900050163269,1.1649999618530273,1.1649999618530273,14000.0
2024-07-03 10:42:00,DVAX,11.119999885559082,11.119999885559082,11.125,11.104999542236328,11.104999542236328,3447.0
2024-07-03 10:42:00,DXCM,110.19499969482422,110.19499969482422,110.19499969482422,110.1500015258789,110.19499969482422,751.0
2024-07-03 10:42:00,DYN,34.665000915527344,34.665000915527344,34.665000915527344,34.665000915527344,34.665000915527344,208.0
2024-07-03 10:42:00,DYNT,0.23489999771118164,0.23489999771118164,0.23489999771118164,0.2329999953508377,0.2329999953508377,9999.0
2024-07-03 10:42:00,EDIT,4.6809000968933105,4.6809000968933105,4.6809000968933105,4.6809000968933105,4.6809000968933105,565.0
2024-07-03 10:42:00,ELEV,2.700000047683716,2.700000047683716,2.700000047683716,2.700000047683716,2.700000047683716,320.0
2024-07-03 10:42:00,EMBC,12.130000114440918,12.130000114440918,12.140000343322754,12.130000114440918,12.140000343322754,1117.0
2024-07-03 10:42:00,ENSG,126.33999633789062,126.33999633789062,126.33999633789062,126.30999755859375,126.30999755859375,1220.0
2024-07-03 10:42:00,ENTA,13.170000076293945,13.170000076293945,13.270000457763672,13.170000076293945,13.270000457763672,991.0
2024-07-03 10:42:00,ENVB,0.5044000148773193,0.5044000148773193,0.5044000148773193,0.5044000148773193,0.5044000148773193,271.0
2024-07-03 10:42:00,ERAS,2.255000114440918,2.255000114440918,2.265000104904175,2.240000009536743,2.265000104904175,25422.0
2024-07-03 10:42:00,ESPR,2.365000009536743,2.365000009536743,2.369800090789795,2.365000009536743,2.365000009536743,2138.0
2024-07-03 10:42:00,EXAI,5.420000076293945,5.420000076293945,5.420000076293945,5.417900085449219,5.417900085449219,1747.0
2024-07-03 10:42:00,EXAS,43.2400016784668,43.2400016784668,43.2400016784668,43.20500183105469,43.20500183105469,545.0
2024-07-03 10:42:00,EXEL,22.09000015258789,22.09000015258789,22.09000015258789,22.079999923706055,22.09000015258789,2854.0
2024-07-03 10:42:00,EYEN,0.8047999739646912,0.8047999739646912,0.8097000122070312,0.8047999739646912,0.8095999956130981,4832.0
2024-07-03 10:42:00,EYPT,8.359999656677246,8.359999656677246,8.359999656677246,8.359999656677246,8.359999656677246,413.0
2024-07-03 10:42:00,FATE,3.2750000953674316,3.2750000953674316,3.2799999713897705,3.2750000953674316,3.2799999713897705,2174.0
2024-07-03 10:42:00,FBRX,0.5098999738693237,0.5098999738693237,0.5098999738693237,0.5098999738693237,0.5098999738693237,697.0
2024-07-03 10:42:00,FDMT,21.149999618530273,21.149999618530273,21.149999618530273,21.149999618530273,21.149999618530273,733.0
2024-07-03 10:42:00,FGEN,0.7210000157356262,0.7210000157356262,0.7210999727249146,0.7210000157356262,0.7210000157356262,21029.0
2024-07-03 10:42:00,FLGC,0.949999988079071,0.949999988079071,0.949999988079071,0.949999988079071,0.949999988079071,1471.0
2024-07-03 10:42:00,FLGT,20.239999771118164,20.239999771118164,20.239999771118164,20.239999771118164,20.239999771118164,411.0
2024-07-03 10:42:00,FOLD,9.90999984741211,9.90999984741211,9.90999984741211,9.899999618530273,9.899999618530273,1985.0
2024-07-03 10:42:00,FULC,6.179999828338623,6.179999828338623,6.190000057220459,6.170000076293945,6.190000057220459,4961.0
2024-07-03 10:42:00,GDRX,7.855000019073486,7.855000019073486,7.855000019073486,7.855000019073486,7.855000019073486,315.0
2024-07-03 10:42:00,GERN,4.375,4.375,4.375,4.375,4.375,1500.0
2024-07-03 10:42:00,GH,28.420000076293945,28.420000076293945,28.5,28.420000076293945,28.489999771118164,3539.0
2024-07-03 10:42:00,GILD,67.01499938964844,67.01499938964844,67.11000061035156,66.9749984741211,67.11000061035156,10478.0
2024-07-03 10:42:00,GLTO,0.5,0.5,0.5,0.5,0.5,1073.0
2024-07-03 10:42:00,GLYC,0.27399998903274536,0.27399998903274536,0.2750000059604645,0.27250000834465027,0.2736999988555908,13172.0
2024-07-03 10:42:00,GMAB,25.209999084472656,25.209999084472656,25.209999084472656,25.200000762939453,25.200000762939453,3372.0
2024-07-03 10:42:00,GOSS,0.9549999833106995,0.9549999833106995,0.9549999833106995,0.954800009727478,0.954800009727478,0.0
2024-07-03 10:42:00,GOVX,3.0250000953674316,3.0250000953674316,3.0299999713897705,3.0250000953674316,3.0299999713897705,1265.0
2024-07-03 10:42:00,GRFS,6.695000171661377,6.695000171661377,6.695000171661377,6.690000057220459,6.690000057220459,772.0
2024-07-03 10:42:00,GRTS,0.5863999724388123,0.5863999724388123,0.5871000289916992,0.5853999853134155,0.5871000289916992,901.0
2024-07-03 10:42:00,GTHX,2.494999885559082,2.494999885559082,2.5,2.494999885559082,2.5,5006.0
2024-07-03 10:42:00,HALO,51.45000076293945,51.45000076293945,51.52000045776367,51.45000076293945,51.505001068115234,2554.0
2024-07-03 10:42:00,HCAT,6.195000171661377,6.195000171661377,6.195000171661377,6.195000171661377,6.195000171661377,1929.0
2024-07-03 10:42:00,HCSG,10.630000114440918,10.630000114440918,10.630000114440918,10.619999885559082,10.619999885559082,1022.0
2024-07-03 10:42:00,HOLX,73.34500122070312,73.34500122070312,73.41999816894531,73.32749938964844,73.41500091552734,15525.0
2024-07-03 10:42:00,HQY,83.29499816894531,83.29499816894531,83.43000030517578,83.29499816894531,83.43000030517578,3101.0
2024-07-03 10:42:00,HRMY,30.229999542236328,30.229999542236328,30.229999542236328,30.229999542236328,30.229999542236328,134.0
2024-07-03 10:42:00,HROW,21.989999771118164,21.989999771118164,22.06999969482422,21.950000762939453,21.950000762939453,7785.0
2024-07-03 10:42:00,HRTX,2.7850000858306885,2.7850000858306885,2.7950000762939453,2.7850000858306885,2.7950000762939453,18517.0
2024-07-03 10:42:00,HSIC,65.47000122070312,65.47000122070312,65.47000122070312,65.44499969482422,65.44499969482422,1193.0
2024-07-03 10:42:00,HUGE,0.1451999992132187,0.1451999992132187,0.1451999992132187,0.14399999380111694,0.14399999380111694,7003.0
2024-07-03 10:42:00,HUMA,5.670000076293945,5.670000076293945,5.679999828338623,5.659999847412109,5.669899940490723,8350.0
2024-07-03 10:42:00,IART,28.969999313354492,28.969999313354492,28.969999313354492,28.969999313354492,28.969999313354492,267.0
2024-07-03 10:42:00,IBRX,6.277500152587891,6.277500152587891,6.28000020980835,6.271999835968018,6.271999835968018,2067.0
2024-07-03 10:42:00,ICUI,117.61000061035156,117.61000061035156,117.61000061035156,117.61000061035156,117.61000061035156,1271.0
2024-07-03 10:42:00,IDYA,33.755001068115234,33.755001068115234,33.7599983215332,33.529998779296875,33.540000915527344,29946.0
2024-07-03 10:42:00,IINN,1.4097000360488892,1.4097000360488892,1.4097000360488892,1.4097000360488892,1.4097000360488892,1962.0
2024-07-03 10:42:00,IKNA,1.649999976158142,1.649999976158142,1.649999976158142,1.649999976158142,1.649999976158142,201.0
2024-07-03 10:42:00,ILMN,104.80000305175781,104.80000305175781,104.94999694824219,104.80000305175781,104.91999816894531,1149.0
2024-07-03 10:42:00,IMCR,36.279998779296875,36.279998779296875,36.279998779296875,36.279998779296875,36.279998779296875,400.0
2024-07-03 10:42:00,IMMX,2.319999933242798,2.319999933242798,2.319999933242798,2.2799999713897705,2.2799999713897705,8796.0
2024-07-03 10:42:00,IMNM,12.100000381469727,12.100000381469727,12.140000343322754,12.039999961853027,12.039999961853027,10648.0
2024-07-03 10:42:00,IMRN,1.9607000350952148,1.9607000350952148,1.9607000350952148,1.9607000350952148,1.9607000350952148,2724.0
2024-07-03 10:42:00,IMUX,1.149999976158142,1.149999976158142,1.159999966621399,1.149999976158142,1.149999976158142,901.0
2024-07-03 10:42:00,IMVT,26.729999542236328,26.729999542236328,26.75,26.729999542236328,26.75,1039.0
2024-07-03 10:42:00,INBX,13.3100004196167,13.3100004196167,13.319999694824219,13.3100004196167,13.3100004196167,501.0
2024-07-03 10:42:00,INCY,57.94499969482422,57.94499969482422,57.959999084472656,57.91999816894531,57.93000030517578,5725.0
2024-07-03 10:42:00,INMD,17.739999771118164,17.739999771118164,17.739999771118164,17.739999771118164,17.739999771118164,1213.0
2024-07-03 10:42:00,INO,8.46500015258789,8.46500015258789,8.46500015258789,8.460000038146973,8.460000038146973,849.0
2024-07-03 10:42:00,INSM,63.40999984741211,63.40999984741211,63.58000183105469,63.40999984741211,63.58000183105469,1914.0
2024-07-03 10:42:00,INVA,16.329999923706055,16.329999923706055,16.329999923706055,16.329999923706055,16.329999923706055,565.0
2024-07-03 10:42:00,INZY,4.5,4.5,4.5,4.5,4.5,200.0
2024-07-03 10:42:00,IONS,44.709999084472656,44.709999084472656,44.720001220703125,44.685001373291016,44.689998626708984,1616.0
2024-07-03 10:42:00,IOVA,7.755000114440918,7.755000114440918,7.789999961853027,7.755000114440918,7.789999961853027,11648.0
2024-07-03 10:42:00,IRTC,95.88999938964844,95.88999938964844,95.88999938964844,95.02999877929688,95.06749725341797,1868.0
2024-07-03 10:42:00,ISRG,434.70001220703125,434.70001220703125,434.75,434.70001220703125,434.75,1785.0
2024-07-03 10:42:00,ITCI,67.9749984741211,67.9749984741211,67.9749984741211,67.9749984741211,67.9749984741211,872.0
2024-07-03 10:42:00,ITOS,14.829999923706055,14.829999923706055,14.829999923706055,14.829999923706055,14.829999923706055,513.0
2024-07-03 10:42:00,JANX,38.5099983215332,38.5099983215332,38.5099983215332,38.470001220703125,38.5099983215332,2512.0
2024-07-03 10:42:00,JAZZ,104.94999694824219,104.94999694824219,104.94999694824219,104.94999694824219,104.94999694824219,195.0
2024-07-03 10:42:00,KNSA,18.850000381469727,18.850000381469727,18.850000381469727,18.850000381469727,18.850000381469727,837.0
2024-07-03 10:42:00,KPTI,0.8400999903678894,0.8400999903678894,0.8400999903678894,0.8400999903678894,0.8400999903678894,400.0
2024-07-03 10:42:00,KRMD,2.309999942779541,2.309999942779541,2.309999942779541,2.309999942779541,2.309999942779541,200.0
2024-07-03 10:42:00,KROS,42.564998626708984,42.564998626708984,42.564998626708984,42.564998626708984,42.564998626708984,494.0
2024-07-03 10:42:00,KRYS,178.86500549316406,178.86500549316406,178.86500549316406,178.86500549316406,178.86500549316406,200.0
2024-07-03 10:42:00,KTRA,0.2849000096321106,0.2849000096321106,0.28690001368522644,0.28299999237060547,0.28299999237060547,70828.0
2024-07-03 10:42:00,KYMR,30.860000610351562,30.860000610351562,30.860000610351562,30.84000015258789,30.84000015258789,1486.0
2024-07-03 10:42:00,LAB,1.7949999570846558,1.7949999570846558,1.7949999570846558,1.7949999570846558,1.7949999570846558,200.0
2024-07-03 10:42:00,LBPH,32.20500183105469,32.20500183105469,32.2599983215332,32.150001525878906,32.150001525878906,2040.0
2024-07-03 10:42:00,LEGN,45.689998626708984,45.689998626708984,45.77000045776367,45.650001525878906,45.77000045776367,3980.0
2024-07-03 10:42:00,LFMD,6.718100070953369,6.718100070953369,6.71999979019165,6.718100070953369,6.71999979019165,1741.0
2024-07-03 10:42:00,LFST,5.150000095367432,5.150000095367432,5.150000095367432,5.150000095367432,5.150000095367432,119.0
2024-07-03 10:42:00,LIVN,52.7599983215332,52.7599983215332,52.779998779296875,52.7599983215332,52.779998779296875,830.0
2024-07-03 10:42:00,LMAT,81.04499816894531,81.04499816894531,81.04499816894531,81.04499816894531,81.04499816894531,391.0
2024-07-03 10:42:00,LOGC,5.760000228881836,5.760000228881836,5.760000228881836,5.760000228881836,5.760000228881836,322.0
2024-07-03 10:42:00,LPTX,1.8300000429153442,1.8300000429153442,1.8300000429153442,1.8300000429153442,1.8300000429153442,472.0
2024-07-03 10:42:00,LQDA,12.050000190734863,12.050000190734863,12.050000190734863,12.050000190734863,12.050000190734863,259.0
2024-07-03 10:42:00,LUCY,0.4745999872684479,0.4745999872684479,0.47699999809265137,0.4745999872684479,0.47699999809265137,2770.0
2024-07-03 10:42:00,LXRX,1.6119999885559082,1.6119999885559082,1.6119999885559082,1.6100000143051147,1.6100000143051147,5697.0
2024-07-03 10:42:00,LYRA,0.2865999937057495,0.2865999937057495,0.2896000146865845,0.2865999937057495,0.2896000146865845,11120.0
2024-07-03 10:42:00,MASI,114.00499725341797,114.00499725341797,114.00499725341797,114.00499725341797,114.00499725341797,161.0
2024-07-03 10:42:00,MASS,4.789999961853027,4.789999961853027,4.789999961853027,4.789999961853027,4.789999961853027,163.0
2024-07-03 10:42:00,MBIO,0.516700029373169,0.516700029373169,0.5167999863624573,0.5166000127792358,0.5166000127792358,24834.0
2024-07-03 10:42:00,MCRB,0.7142999768257141,0.7142999768257141,0.7142999768257141,0.7142999768257141,0.7142999768257141,1097.0
2024-07-03 10:42:00,MDWD,15.079999923706055,15.079999923706055,15.079999923706055,15.079999923706055,15.079999923706055,218.0
2024-07-03 10:42:00,MDXG,6.78000020980835,6.78000020980835,6.780300140380859,6.78000020980835,6.780300140380859,699.0
2024-07-03 10:42:00,ME,0.4025000035762787,0.4025000035762787,0.4032999873161316,0.40059998631477356,0.40299999713897705,17292.0
2024-07-03 10:42:00,MESO,6.789999961853027,6.789999961853027,6.789999961853027,6.769999980926514,6.769999980926514,1453.0
2024-07-03 10:42:00,MGNX,4.295000076293945,4.295000076293945,4.295000076293945,4.295000076293945,4.295000076293945,200.0
2024-07-03 10:42:00,MGTX,4.03000020980835,4.03000020980835,4.03000020980835,4.03000020980835,4.03000020980835,362.0
2024-07-03 10:42:00,MIRM,33.814998626708984,33.814998626708984,33.814998626708984,33.814998626708984,33.814998626708984,275.0
2024-07-03 10:42:00,MMSI,85.68499755859375,85.68499755859375,85.68499755859375,85.68499755859375,85.68499755859375,284.0
2024-07-03 10:42:00,MNKD,5.110000133514404,5.110000133514404,5.110000133514404,5.105000019073486,5.110000133514404,5890.0
2024-07-03 10:42:00,MNMD,7.244999885559082,7.244999885559082,7.250100135803223,7.230000019073486,7.25,9889.0
2024-07-03 10:42:00,MODV,27.958200454711914,27.958200454711914,27.958200454711914,27.958200454711914,27.958200454711914,454.0
2024-07-03 10:42:00,MORF,31.989999771118164,31.989999771118164,31.989999771118164,31.989999771118164,31.989999771118164,300.0
2024-07-03 10:42:00,MREO,3.5199999809265137,3.5199999809265137,3.5199999809265137,3.515000104904175,3.515000104904175,5435.0
2024-07-03 10:42:00,MRNA,117.75499725341797,117.75499725341797,117.93000030517578,117.73999786376953,117.93000030517578,5607.0
2024-07-03 10:42:00,MRNS,1.2050000429153442,1.2050000429153442,1.2200000286102295,1.2050000429153442,1.2200000286102295,1056.0
2024-07-03 10:42:00,MRSN,1.9199999570846558,1.9199999570846558,1.9199999570846558,1.9149999618530273,1.9149999618530273,614.0
2024-07-03 10:42:00,MRVI,6.792600154876709,6.792600154876709,6.799699783325195,6.789999961853027,6.789999961853027,6914.0
2024-07-03 10:42:00,MXCT,3.7249999046325684,3.7249999046325684,3.7300000190734863,3.7249999046325684,3.7300000190734863,347.0
2024-07-03 10:42:00,MYGN,25.399999618530273,25.399999618530273,25.420000076293945,25.395000457763672,25.420000076293945,1416.0
2024-07-03 10:42:00,NBIX,138.39500427246094,138.39500427246094,138.43499755859375,138.38999938964844,138.38999938964844,1746.0
2024-07-03 10:42:00,NEOG,15.199999809265137,15.199999809265137,15.199999809265137,15.180000305175781,15.180000305175781,1928.0
2024-07-03 10:42:00,NKTR,1.2450000047683716,1.2450000047683716,1.2450000047683716,1.2450000047683716,1.2450000047683716,2093.0
2024-07-03 10:42:00,NKTX,5.510000228881836,5.510000228881836,5.510000228881836,5.489999771118164,5.489999771118164,729.0
2024-07-03 10:42:00,NNOX,7.09499979019165,7.09499979019165,7.098100185394287,7.090000152587891,7.090000152587891,1292.0
2024-07-03 10:42:00,NOTV,1.7020000219345093,1.7020000219345093,1.7020000219345093,1.7020000219345093,1.7020000219345093,324.0
2024-07-03 10:42:00,NTLA,22.7549991607666,22.7549991607666,22.770000457763672,22.75,22.75,2978.0
2024-07-03 10:42:00,NUWE,4.099999904632568,4.099999904632568,4.099999904632568,4.099999904632568,4.099999904632568,533.0
2024-07-03 10:42:00,NVAX,12.880000114440918,12.880000114440918,12.904999732971191,12.880000114440918,12.890000343322754,6771.0
2024-07-03 10:42:00,NVCR,16.790000915527344,16.790000915527344,16.850000381469727,16.770000457763672,16.850000381469727,8956.0
2024-07-03 10:42:00,NVCT,6.260000228881836,6.260000228881836,6.260000228881836,6.260000228881836,6.260000228881836,200.0
2024-07-03 10:42:00,NXL,1.3899999856948853,1.3899999856948853,1.399899959564209,1.3899999856948853,1.399899959564209,1083.0
2024-07-03 10:42:00,NXTC,1.5549999475479126,1.5549999475479126,1.590000033378601,1.5549999475479126,1.590000033378601,378.0
2024-07-03 10:42:00,OCGN,1.6649999618530273,1.6649999618530273,1.6682000160217285,1.6649999618530273,1.6679999828338623,1893.0
2024-07-03 10:42:00,OFIX,13.390000343322754,13.390000343322754,13.399999618530273,13.390000343322754,13.399999618530273,1953.0
2024-07-03 10:42:00,OLMA,10.670000076293945,10.670000076293945,10.670000076293945,10.670000076293945,10.670000076293945,401.0
2024-07-03 10:42:00,OM,3.7300000190734863,3.7300000190734863,3.7300000190734863,3.7300000190734863,3.7300000190734863,139.0
2024-07-03 10:42:00,OMCL,26.459999084472656,26.459999084472656,26.459999084472656,26.459999084472656,26.459999084472656,487.0
2024-07-03 10:42:00,OMGA,2.009999990463257,2.009999990463257,2.0299999713897705,2.0,2.0299999713897705,33291.0
2024-07-03 10:43:00,AADI,1.3700000047683716,1.3700000047683716,1.3700000047683716,1.3700000047683716,1.3700000047683716,276.0
2024-07-03 10:43:00,ABCL,2.7300000190734863,2.7300000190734863,2.7300000190734863,2.7300000190734863,2.7300000190734863,765.0
2024-07-03 10:43:00,ABSI,3.2300000190734863,3.2300000190734863,3.2300000190734863,3.2249999046325684,3.2291998863220215,3798.0
2024-07-03 10:43:00,ABUS,3.174999952316284,3.174999952316284,3.174999952316284,3.174999952316284,3.174999952316284,2301.0
2024-07-03 10:43:00,ACAD,15.710000038146973,15.710000038146973,15.720000267028809,15.710000038146973,15.720000267028809,1511.0
2024-07-03 10:43:00,ACB,4.960100173950195,4.960100173950195,4.960100173950195,4.940000057220459,4.940000057220459,4973.0
2024-07-03 10:43:00,ACCD,3.6050000190734863,3.6050000190734863,3.6050000190734863,3.5799999237060547,3.5950000286102295,32083.0
2024-07-03 10:43:00,ACET,1.0499999523162842,1.0499999523162842,1.059999942779541,1.0499999523162842,1.059999942779541,63260.0
2024-07-03 10:43:00,ACHC,66.30000305175781,66.30000305175781,66.30000305175781,66.19999694824219,66.27999877929688,2993.0
2024-07-03 10:43:00,ACHV,4.574999809265137,4.574999809265137,4.574999809265137,4.550000190734863,4.550000190734863,207.0
2024-07-03 10:43:00,ACLX,54.209999084472656,54.209999084472656,54.209999084472656,54.209999084472656,54.209999084472656,465.0
2024-07-03 10:43:00,ADAP,1.0399999618530273,1.0399999618530273,1.0449999570846558,1.0399999618530273,1.0399999618530273,901.0
2024-07-03 10:43:00,ADMA,11.390000343322754,11.390000343322754,11.395000457763672,11.390000343322754,11.395000457763672,4498.0
2024-07-03 10:43:00,ADPT,3.369999885559082,3.369999885559082,3.379199981689453,3.369999885559082,3.3736000061035156,2966.0
2024-07-03 10:43:00,ADUS,116.95999908447266,116.95999908447266,116.95999908447266,116.87069702148438,116.87680053710938,2760.0
2024-07-03 10:43:00,AEZS,4.409999847412109,4.409999847412109,4.430099964141846,4.409999847412109,4.430099964141846,264.0
2024-07-03 10:43:00,AGEN,14.574999809265137,14.574999809265137,14.600000381469727,14.555000305175781,14.59000015258789,2603.0
2024-07-03 10:43:00,AGIO,42.310001373291016,42.310001373291016,42.310001373291016,42.11000061035156,42.20000076293945,3110.0
2024-07-03 10:43:00,AHCO,9.84000015258789,9.84000015258789,9.84000015258789,9.8100004196167,9.8100004196167,1243.0
2024-07-03 10:43:00,AIMD,0.8059999942779541,0.8059999942779541,0.8100000023841858,0.8059999942779541,0.8080000281333923,3222.0
2024-07-03 10:43:00,AKAN,2.26990008354187,2.26990008354187,2.26990008354187,2.26990008354187,2.26990008354187,2000.0
2024-07-03 10:43:00,AKBA,0.9542999863624573,0.9542999863624573,0.9542999863624573,0.9542999863624573,0.9542999863624573,513.0
2024-07-03 10:43:00,AKYA,2.1649999618530273,2.1649999618530273,2.1649999618530273,2.1649999618530273,2.1649999618530273,130.0
2024-07-03 10:43:00,ALEC,4.489999771118164,4.489999771118164,4.489999771118164,4.480000019073486,4.480000019073486,1927.0
2024-07-03 10:43:00,ALGN,238.39500427246094,238.39500427246094,238.39500427246094,238.39500427246094,238.39500427246094,572.0
2024-07-03 10:43:00,ALGS,0.4300000071525574,0.4300000071525574,0.43700000643730164,0.42500001192092896,0.4300000071525574,68341.0
2024-07-03 10:43:00,ALHC,8.010000228881836,8.010000228881836,8.020000457763672,8.010000228881836,8.020000457763672,1089.0
2024-07-03 10:43:00,ALIM,5.519999980926514,5.519999980926514,5.53000020980835,5.519999980926514,5.53000020980835,5202.0
2024-07-03 10:43:00,ALKS,24.31999969482422,24.31999969482422,24.34000015258789,24.31999969482422,24.34000015258789,866.0
2024-07-03 10:43:00,ALLK,0.8586999773979187,0.8586999773979187,0.8586999773979187,0.8586999773979187,0.8586999773979187,122.0
2024-07-03 10:43:00,ALLO,2.1375999450683594,2.1375999450683594,2.1375999450683594,2.134999990463257,2.134999990463257,1427.0
2024-07-03 10:43:00,ALLR,0.20309999585151672,0.20309999585151672,0.20399999618530273,0.2029999941587448,0.20399999618530273,1845.0
2024-07-03 10:43:00,ALNY,247.31500244140625,247.31500244140625,247.31500244140625,247.31500244140625,247.31500244140625,808.0
2024-07-03 10:43:00,ALT,6.781000137329102,6.781000137329102,6.800000190734863,6.78000020980835,6.800000190734863,4848.0
2024-07-03 10:43:00,ALXO,5.809999942779541,5.809999942779541,5.840000152587891,5.809999942779541,5.809999942779541,512.0
2024-07-03 10:43:00,AMED,96.76000213623047,96.76000213623047,96.76000213623047,96.76000213623047,96.76000213623047,488.0
2024-07-03 10:43:00,AMLX,1.7549999952316284,1.7549999952316284,1.7549999952316284,1.7549999952316284,1.7549999952316284,1465.0
2024-07-03 10:43:00,AMPH,38.349998474121094,38.349998474121094,38.40999984741211,38.349998474121094,38.38999938964844,2730.0
2024-07-03 10:43:00,ANGO,5.639999866485596,5.639999866485596,5.650000095367432,5.639999866485596,5.650000095367432,1031.0
2024-07-03 10:43:00,ANNX,4.815000057220459,4.815000057220459,4.820000171661377,4.815000057220459,4.815000057220459,638.0
2024-07-03 10:43:00,ANTX,2.509999990463257,2.509999990463257,2.509999990463257,2.509999990463257,2.509999990463257,1595.0
2024-07-03 10:43:00,APDN,0.4415999948978424,0.4415999948978424,0.4415999948978424,0.4309999942779541,0.4309999942779541,2310.0
2024-07-03 10:43:00,APLS,35.88999938964844,35.88999938964844,35.939998626708984,35.81999969482422,35.88999938964844,1650.0
2024-07-03 10:43:00,APLT,4.46999979019165,4.46999979019165,4.46999979019165,4.445000171661377,4.454999923706055,3017.0
2024-07-03 10:43:00,AQST,2.4100000858306885,2.4100000858306885,2.4149999618530273,2.4100000858306885,2.4149999618530273,710.0
2024-07-03 10:43:00,ARAY,1.7599999904632568,1.7599999904632568,1.7599999904632568,1.7598999738693237,1.7598999738693237,485.0
2024-07-03 10:43:00,ARCT,21.6200008392334,21.6200008392334,21.639999389648438,21.584999084472656,21.584999084472656,1481.0
2024-07-03 10:43:00,ARDX,5.210100173950195,5.210100173950195,5.214200019836426,5.199999809265137,5.199999809265137,18509.0
2024-07-03 10:43:00,ARGX,434.8800048828125,434.8800048828125,434.94000244140625,434.8800048828125,434.94000244140625,532.0
2024-07-03 10:43:00,ARQT,9.630000114440918,9.630000114440918,9.630000114440918,9.600000381469727,9.600000381469727,3370.0
2024-07-03 10:43:00,ARWR,25.625,25.625,25.625,25.625,25.625,292.0
2024-07-03 10:43:00,ASRT,1.3194999694824219,1.3194999694824219,1.3194999694824219,1.315000057220459,1.315000057220459,0.0
2024-07-03 10:43:00,ATEC,9.930000305175781,9.930000305175781,9.930000305175781,9.90999984741211,9.920000076293945,2413.0
2024-07-03 10:43:00,ATRC,22.280000686645508,22.280000686645508,22.309999465942383,22.280000686645508,22.299999237060547,1868.0
2024-07-03 10:43:00,AUGX,0.9975000023841858,0.9975000023841858,0.9975000023841858,0.9851999878883362,0.9851999878883362,500.0
2024-07-03 10:43:00,AUPH,5.489999771118164,5.489999771118164,5.489999771118164,5.485000133514404,5.485000133514404,970.0
2024-07-03 10:43:00,AURA,7.114999771118164,7.114999771118164,7.114999771118164,7.114999771118164,7.114999771118164,79.0
2024-07-03 10:43:00,AVXL,4.262199878692627,4.262199878692627,4.269999980926514,4.262199878692627,4.269999980926514,2596.0
2024-07-03 10:43:00,AXNX,67.47000122070312,67.47000122070312,67.47000122070312,67.47000122070312,67.47000122070312,396.0
2024-07-03 10:43:00,AXSM,79.93049621582031,79.93049621582031,79.93049621582031,79.93049621582031,79.93049621582031,313.0
2024-07-03 10:43:00,AZN,76.93000030517578,76.93000030517578,76.95999908447266,76.92070007324219,76.95999908447266,9094.0
2024-07-03 10:43:00,BBIO,25.299999237060547,25.299999237060547,25.299999237060547,25.299999237060547,25.299999237060547,420.0
2024-07-03 10:43:00,BCAB,1.3350000381469727,1.3350000381469727,1.3350000381469727,1.3350000381469727,1.3350000381469727,500.0
2024-07-03 10:43:00,BCRX,6.620999813079834,6.620999813079834,6.630000114440918,6.619999885559082,6.630000114440918,4342.0
2024-07-03 10:43:00,BCYC,19.825000762939453,19.825000762939453,19.825000762939453,19.825000762939453,19.825000762939453,302.0
2024-07-03 10:43:00,BDSX,1.600000023841858,1.600000023841858,1.600000023841858,1.600000023841858,1.600000023841858,400.0
2024-07-03 10:43:00,BEAM,23.510000228881836,23.510000228881836,23.530000686645508,23.459999084472656,23.459999084472656,2011.0
2024-07-03 10:43:00,BFRI,0.8320000171661377,0.8320000171661377,0.8320000171661377,0.8320000171661377,0.8320000171661377,200.0
2024-07-03 10:43:00,BIAF,2.190000057220459,2.190000057220459,2.190000057220459,2.190000057220459,2.190000057220459,0.0
2024-07-03 10:43:00,BIIB,225.5,225.5,225.5,225.5,225.5,1402.0
2024-07-03 10:43:00,BLFS,19.920000076293945,19.920000076293945,19.920000076293945,19.920000076293945,19.920000076293945,3260.0
2024-07-03 10:43:00,BLRX,0.5400000214576721,0.5400000214576721,0.5400000214576721,0.5400000214576721,0.5400000214576721,17509.0
2024-07-03 10:43:00,BLUE,0.9456999897956848,0.9456999897956848,0.9480000138282776,0.9456999897956848,0.9480000138282776,2006.0
2024-07-03 10:43:00,BMEA,4.480000019073486,4.480000019073486,4.480000019073486,4.480000019073486,4.480000019073486,327.0
2024-07-03 10:43:00,BMRN,81.13999938964844,81.13999938964844,81.13999938964844,81.13999938964844,81.13999938964844,1445.0
2024-07-03 10:43:00,BNGO,0.5644000172615051,0.5644000172615051,0.5665000081062317,0.5636000037193298,0.5636000037193298,814.0
2024-07-03 10:43:00,BNTX,80.98500061035156,80.98500061035156,80.98500061035156,80.98500061035156,80.98500061035156,774.0
2024-07-03 10:43:00,BPMC,110.83499908447266,110.83499908447266,111.0,110.7699966430664,110.88500213623047,3898.0
2024-07-03 10:43:00,BRKR,61.7400016784668,61.7400016784668,61.76499938964844,61.7400016784668,61.76499938964844,620.0
2024-07-03 10:43:00,BRTX,1.9375,1.9375,1.9375,1.9375,1.9375,604.0
2024-07-03 10:43:00,BTAI,1.100000023841858,1.100000023841858,1.1050000190734863,1.100000023841858,1.100000023841858,3426.0
2024-07-03 10:43:00,BTCY,0.7558000087738037,0.7558000087738037,0.7558000087738037,0.7558000087738037,0.7558000087738037,0.0
2024-07-03 10:43:00,BTMD,7.409999847412109,7.409999847412109,7.409999847412109,7.397500038146973,7.397500038146973,2260.0
2024-07-03 10:43:00,BVS,6.03000020980835,6.03000020980835,6.03000020980835,6.03000020980835,6.03000020980835,560.0
2024-07-03 10:43:00,CABA,7.659999847412109,7.659999847412109,7.659999847412109,7.619999885559082,7.619999885559082,4944.0
2024-07-03 10:43:00,CAPR,4.789999961853027,4.789999961853027,4.789999961853027,4.789999961853027,4.789999961853027,602.0
2024-07-03 10:43:00,CCCC,4.71999979019165,4.71999979019165,4.71999979019165,4.710000038146973,4.710000038146973,1963.0
2024-07-03 10:43:00,CDMO,7.519999980926514,7.519999980926514,7.519999980926514,7.489999771118164,7.5,4375.0
2024-07-03 10:43:00,CDXC,2.569999933242798,2.569999933242798,2.569999933242798,2.569999933242798,2.569999933242798,2073.0
2024-07-03 10:43:00,CDXS,2.9100000858306885,2.9100000858306885,2.9100000858306885,2.9100000858306885,2.9100000858306885,992.0
2024-07-03 10:43:00,CELC,16.2549991607666,16.2549991607666,16.2549991607666,16.239999771118164,16.239999771118164,234.0
2024-07-03 10:43:00,CERE,41.29999923706055,41.29999923706055,41.30500030517578,41.29999923706055,41.29999923706055,7196.0
2024-07-03 10:43:00,CERT,13.869999885559082,13.869999885559082,13.875,13.859999656677246,13.859999656677246,1259.0
2024-07-03 10:43:00,CGC,6.789999961853027,6.789999961853027,6.800000190734863,6.78000020980835,6.78000020980835,21095.0
2024-07-03 10:43:00,CGEM,17.020000457763672,17.020000457763672,17.020000457763672,17.020000457763672,17.020000457763672,117.0
2024-07-03 10:43:00,CGTX,1.7999999523162842,1.7999999523162842,1.7999999523162842,1.7999999523162842,1.7999999523162842,100.0
2024-07-03 10:43:00,CKPT,2.2850000858306885,2.2850000858306885,2.3299999237060547,2.240000009536743,2.3299999237060547,11987.0
2024-07-03 10:43:00,CMPS,6.179999828338623,6.179999828338623,6.179999828338623,6.139999866485596,6.15500020980835,6638.0
2024-07-03 10:43:00,CMPX,0.8424999713897705,0.8424999713897705,0.8424999713897705,0.8424999713897705,0.8424999713897705,100.0
2024-07-03 10:43:00,CNSP,2.130000114440918,2.130000114440918,2.1600000858306885,2.1157000064849854,2.1196999549865723,20135.0
2024-07-03 10:43:00,COGT,8.3149995803833,8.3149995803833,8.3149995803833,8.3149995803833,8.3149995803833,941.0
2024-07-03 10:43:00,CORT,30.780000686645508,30.780000686645508,30.799999237060547,30.780000686645508,30.799999237060547,1562.0
2024-07-03 10:43:00,COSM,0.949999988079071,0.949999988079071,0.949999988079071,0.949999988079071,0.949999988079071,11623.0
2024-07-03 10:43:00,CPRX,15.65999984741211,15.65999984741211,15.6899995803833,15.65999984741211,15.6899995803833,1343.0
2024-07-03 10:43:00,CRBU,1.600000023841858,1.600000023841858,1.6002999544143677,1.600000023841858,1.600000023841858,2090.0
2024-07-03 10:43:00,CRDF,2.2950000762939453,2.2950000762939453,2.299999952316284,2.2899999618530273,2.299999952316284,1219.0
2024-07-03 10:43:00,CRIS,6.400000095367432,6.400000095367432,6.400000095367432,6.400000095367432,6.400000095367432,234.0
2024-07-03 10:43:00,CRMD,4.119999885559082,4.119999885559082,4.119999885559082,4.119999885559082,4.119999885559082,2375.0
2024-07-03 10:43:00,CRSP,54.22999954223633,54.22999954223633,54.2599983215332,54.22999954223633,54.2599983215332,1773.0
2024-07-03 10:43:00,CRVS,1.784999966621399,1.784999966621399,1.784999966621399,1.784999966621399,1.784999966621399,299.0
2024-07-03 10:43:00,CTKB,5.739999771118164,5.739999771118164,5.739999771118164,5.730000019073486,5.730000019073486,2510.0
2024-07-03 10:43:00,CTMX,1.3300000429153442,1.3300000429153442,1.340000033378601,1.3300000429153442,1.340000033378601,7119.0
2024-07-03 10:43:00,CTXR,0.5101000070571899,0.5101000070571899,0.5101000070571899,0.5101000070571899,0.5101000070571899,357.0
2024-07-03 10:43:00,CUTR,1.3250000476837158,1.3250000476837158,1.3250000476837158,1.3250000476837158,1.3250000476837158,275.0
2024-07-03 10:43:00,CVAC,3.399899959564209,3.399899959564209,3.4200000762939453,3.384999990463257,3.4149999618530273,30494.0
2024-07-03 10:43:00,CYTK,54.75,54.75,54.75,54.75,54.75,397.0
2024-07-03 10:43:00,DAWN,13.350000381469727,13.350000381469727,13.350000381469727,13.350000381469727,13.350000381469727,353.0
2024-07-03 10:43:00,DCGO,2.930000066757202,2.930000066757202,2.930000066757202,2.930000066757202,2.930000066757202,164.0
2024-07-03 10:43:00,DH,5.389999866485596,5.389999866485596,5.389999866485596,5.389999866485596,5.389999866485596,1051.0
2024-07-03 10:43:00,DNLI,21.809999465942383,21.809999465942383,21.809999465942383,21.809999465942383,21.809999465942383,369.0
2024-07-03 10:43:00,DVAX,11.119999885559082,11.119999885559082,11.119999885559082,11.119999885559082,11.119999885559082,718.0
2024-07-03 10:43:00,DXCM,110.2300033569336,110.2300033569336,110.26000213623047,110.13999938964844,110.13999938964844,6242.0
2024-07-03 10:43:00,DYN,34.66999816894531,34.66999816894531,34.66999816894531,34.66999816894531,34.66999816894531,171.0
2024-07-03 10:43:00,EDIT,4.679999828338623,4.679999828338623,4.684999942779541,4.679999828338623,4.684999942779541,2028.0
2024-07-03 10:43:00,ELEV,2.690000057220459,2.690000057220459,2.690000057220459,2.690000057220459,2.690000057220459,203.0
2024-07-03 10:43:00,EMBC,12.114999771118164,12.114999771118164,12.119999885559082,12.100000381469727,12.119999885559082,1123.0
2024-07-03 10:43:00,ENSG,126.02999877929688,126.02999877929688,126.30999755859375,126.02999877929688,126.18000030517578,3243.0
2024-07-03 10:43:00,EQ,0.6793000102043152,0.6793000102043152,0.6793000102043152,0.6793000102043152,0.6793000102043152,110.0
2024-07-03 10:43:00,ESPR,2.365000009536743,2.365000009536743,2.369999885559082,2.365000009536743,2.365000009536743,8429.0
2024-07-03 10:43:00,ETNB,7.679999828338623,7.679999828338623,7.679999828338623,7.679999828338623,7.679999828338623,354.0
2024-07-03 10:43:00,EVGN,0.6384999752044678,0.6384999752044678,0.6384999752044678,0.6384999752044678,0.6384999752044678,1645.0
2024-07-03 10:43:00,EWTX,18.049999237060547,18.049999237060547,18.049999237060547,18.049999237060547,18.049999237060547,148.0
2024-07-03 10:43:00,EXAS,43.209999084472656,43.209999084472656,43.25,43.209999084472656,43.25,1954.0
2024-07-03 10:43:00,EXEL,22.049999237060547,22.049999237060547,22.049999237060547,22.049999237060547,22.049999237060547,287.0
2024-07-03 10:43:00,FATE,3.2699999809265137,3.2699999809265137,3.2699999809265137,3.2699999809265137,3.2699999809265137,1246.0
2024-07-03 10:43:00,FBIO,1.7699999809265137,1.7699999809265137,1.7699999809265137,1.7699999809265137,1.7699999809265137,200.0
2024-07-03 10:43:00,FDMT,21.100000381469727,21.100000381469727,21.100000381469727,21.020000457763672,21.096099853515625,1145.0
2024-07-03 10:43:00,FGEN,0.7210999727249146,0.7210999727249146,0.7210999727249146,0.7210999727249146,0.7210999727249146,5038.0
2024-07-03 10:43:00,FHTX,5.579999923706055,5.579999923706055,5.579999923706055,5.579999923706055,5.579999923706055,176.0
2024-07-03 10:43:00,FOLD,9.899999618530273,9.899999618530273,9.899999618530273,9.899999618530273,9.899999618530273,597.0
2024-07-03 10:43:00,GALT,2.190000057220459,2.190000057220459,2.190000057220459,2.190000057220459,2.190000057220459,529.0
2024-07-03 10:43:00,GANX,1.190000057220459,1.190000057220459,1.190000057220459,1.190000057220459,1.190000057220459,6900.0
2024-07-03 10:43:00,GDRX,7.860000133514404,7.860000133514404,7.860000133514404,7.849999904632568,7.849999904632568,1444.0
2024-07-03 10:43:00,GERN,4.380000114440918,4.380000114440918,4.380000114440918,4.375,4.375,1513.0
2024-07-03 10:43:00,GH,28.510000228881836,28.510000228881836,28.510000228881836,28.440000534057617,28.440000534057617,2092.0
2024-07-03 10:43:00,GILD,66.95999908447266,66.95999908447266,67.02999877929688,66.94999694824219,67.02999877929688,48314.0
2024-07-03 10:43:00,GLSI,16.69860076904297,16.69860076904297,16.69860076904297,16.6299991607666,16.6299991607666,647.0
2024-07-03 10:43:00,GLTO,0.5,0.5,0.5,0.5,0.5,0.0
2024-07-03 10:43:00,GLUE,3.75,3.75,3.75,3.740000009536743,3.740000009536743,1009.0
2024-07-03 10:43:00,GLYC,0.2736999988555908,0.2736999988555908,0.27399998903274536,0.2736999988555908,0.2736999988555908,1621.0
2024-07-03 10:43:00,GMAB,25.190000534057617,25.190000534057617,25.200000762939453,25.190000534057617,25.200000762939453,888.0
2024-07-03 10:43:00,GOVX,3.0199999809265137,3.0199999809265137,3.0299999713897705,3.0199999809265137,3.0299999713897705,1386.0
2024-07-03 10:43:00,GRFS,6.679999828338623,6.679999828338623,6.684999942779541,6.679999828338623,6.679999828338623,1005.0
2024-07-03 10:43:00,GRTS,0.5871999859809875,0.5871999859809875,0.5871999859809875,0.5863999724388123,0.5863999724388123,1009.0
2024-07-03 10:43:00,GTBP,2.809999942779541,2.809999942779541,2.809999942779541,2.799999952316284,2.8071999549865723,8626.0
2024-07-03 10:43:00,GTHX,2.490000009536743,2.490000009536743,2.490000009536743,2.490000009536743,2.490000009536743,408.0
2024-07-03 10:43:00,HALO,51.47999954223633,51.47999954223633,51.5,51.45000076293945,51.45000076293945,1434.0
2024-07-03 10:43:00,HBIO,2.759999990463257,2.759999990463257,2.759999990463257,2.759999990463257,2.759999990463257,406.0
2024-07-03 10:43:00,HCSG,10.619999885559082,10.619999885559082,10.619999885559082,10.619999885559082,10.619999885559082,547.0
2024-07-03 10:43:00,HOLX,73.36499786376953,73.36499786376953,73.37999725341797,73.34249877929688,73.3499984741211,3252.0
2024-07-03 10:43:00,HOWL,2.2200000286102295,2.2200000286102295,2.2200000286102295,2.2200000286102295,2.2200000286102295,1961.0
2024-07-03 10:43:00,HQY,83.08000183105469,83.08000183105469,83.08000183105469,83.08000183105469,83.08000183105469,916.0
2024-07-03 10:43:00,HROW,21.940000534057617,21.940000534057617,21.969999313354492,21.940000534057617,21.959999084472656,3891.0
2024-07-03 10:43:00,HRTX,2.7990000247955322,2.7990000247955322,2.7990000247955322,2.7850000858306885,2.7850000858306885,8111.0
2024-07-03 10:43:00,HSIC,65.41000366210938,65.41000366210938,65.44499969482422,65.4000015258789,65.43000030517578,4760.0
2024-07-03 10:43:00,HSTM,27.639999389648438,27.639999389648438,27.639999389648438,27.639999389648438,27.639999389648438,645.0
2024-07-03 10:43:00,HUGE,0.1468999981880188,0.1468999981880188,0.1468999981880188,0.1468999981880188,0.1468999981880188,200.0
2024-07-03 10:43:00,HUMA,5.679999828338623,5.679999828338623,5.684999942779541,5.675000190734863,5.679999828338623,5013.0
2024-07-03 10:43:00,IART,28.969999313354492,28.969999313354492,28.9950008392334,28.969999313354492,28.979999542236328,488.0
2024-07-03 10:43:00,IBRX,6.275000095367432,6.275000095367432,6.275000095367432,6.275000095367432,6.275000095367432,126.0
2024-07-03 10:43:00,ICAD,1.2350000143051147,1.2350000143051147,1.24590003490448,1.2350000143051147,1.24590003490448,10269.0
2024-07-03 10:43:00,ICLR,318.29998779296875,318.29998779296875,318.29998779296875,318.29998779296875,318.29998779296875,1263.0
2024-07-03 10:43:00,IDXX,474.8699951171875,474.8699951171875,475.072509765625,474.8699951171875,474.9599914550781,997.0
2024-07-03 10:43:00,IGMS,6.567800045013428,6.567800045013428,6.567800045013428,6.534999847412109,6.534999847412109,328.0
2024-07-03 10:43:00,IKNA,1.649999976158142,1.649999976158142,1.649999976158142,1.649999976158142,1.649999976158142,243.0
2024-07-03 10:43:00,ILMN,104.7750015258789,104.7750015258789,104.90499877929688,104.72000122070312,104.90499877929688,2917.0
2024-07-03 10:43:00,IMAB,1.559999942779541,1.559999942779541,1.559999942779541,1.559999942779541,1.559999942779541,126.0
2024-07-03 10:43:00,IMCR,36.15999984741211,36.15999984741211,36.2400016784668,36.15999984741211,36.2400016784668,1038.0
2024-07-03 10:43:00,IMMX,2.3399999141693115,2.3399999141693115,2.3399999141693115,2.2500998973846436,2.319999933242798,14729.0
2024-07-03 10:43:00,IMNM,12.074999809265137,12.074999809265137,12.079999923706055,12.074999809265137,12.079999923706055,772.0
2024-07-03 10:43:00,IMRN,1.9731999635696411,1.9731999635696411,1.9731999635696411,1.9731999635696411,1.9731999635696411,0.0
2024-07-03 10:43:00,IMVT,26.665000915527344,26.665000915527344,26.665000915527344,26.665000915527344,26.665000915527344,380.0
2024-07-03 10:43:00,INBX,13.3100004196167,13.3100004196167,13.324000358581543,13.3100004196167,13.3100004196167,918.0
2024-07-03 10:43:00,INCY,57.95000076293945,57.95000076293945,57.97999954223633,57.91999816894531,57.970001220703125,4859.0
2024-07-03 10:43:00,INGN,7.869999885559082,7.869999885559082,7.869999885559082,7.869999885559082,7.869999885559082,105.0
2024-07-03 10:43:00,INMD,17.729999542236328,17.729999542236328,17.739999771118164,17.729999542236328,17.739999771118164,3033.0
2024-07-03 10:43:00,INO,8.5,8.5,8.5,8.470000267028809,8.470000267028809,723.0
2024-07-03 10:43:00,INSM,63.369998931884766,63.369998931884766,63.39500045776367,63.315399169921875,63.380001068115234,3726.0
2024-07-03 10:43:00,INVO,0.7631999850273132,0.7631999850273132,0.7633000016212463,0.7631999850273132,0.7633000016212463,1814.0
2024-07-03 10:43:00,INZY,4.510000228881836,4.510000228881836,4.510000228881836,4.510000228881836,4.510000228881836,200.0
2024-07-03 10:43:00,IONS,44.709999084472656,44.709999084472656,44.709999084472656,44.685001373291016,44.685001373291016,667.0
2024-07-03 10:43:00,IOVA,7.744999885559082,7.744999885559082,7.755000114440918,7.744999885559082,7.751699924468994,10089.0
2024-07-03 10:43:00,IRTC,96.16999816894531,96.16999816894531,96.16999816894531,95.66999816894531,95.83499908447266,623.0
2024-07-03 10:43:00,IRWD,6.195000171661377,6.195000171661377,6.195000171661377,6.195000171661377,6.195000171661377,435.0
2024-07-03 10:43:00,ISRG,434.9024963378906,434.9024963378906,435.0400085449219,434.510009765625,434.510009765625,3338.0
2024-07-03 10:43:00,ITCI,67.9749984741211,67.9749984741211,67.9749984741211,67.9749984741211,67.9749984741211,507.0
2024-07-03 10:43:00,IXHL,2.7035000324249268,2.7035000324249268,2.7035000324249268,2.7035000324249268,2.7035000324249268,200.0
2024-07-03 10:43:00,JANX,38.5,38.5,38.5,38.27000045776367,38.279998779296875,5631.0
2024-07-03 10:43:00,JAZZ,104.84500122070312,104.84500122070312,104.84500122070312,104.80000305175781,104.80000305175781,1431.0
2024-07-03 10:43:00,KALA,6.82289981842041,6.82289981842041,6.82289981842041,6.82289981842041,6.82289981842041,1020.0
2024-07-03 10:43:00,KALV,11.670000076293945,11.670000076293945,11.670000076293945,11.670000076293945,11.670000076293945,291.0
2024-07-03 10:43:00,KMDA,5.179999828338623,5.179999828338623,5.207699775695801,5.179999828338623,5.199999809265137,2096.0
2024-07-03 10:43:00,KNSA,18.829999923706055,18.829999923706055,18.829999923706055,18.829999923706055,18.829999923706055,521.0
2024-07-03 10:43:00,KPTI,0.8400999903678894,0.8400999903678894,0.8400999903678894,0.8400999903678894,0.8400999903678894,0.0
2024-07-03 10:43:00,KRMD,2.299999952316284,2.299999952316284,2.299999952316284,2.299999952316284,2.299999952316284,110.0
2024-07-03 10:43:00,KROS,42.4900016784668,42.4900016784668,42.599998474121094,42.4900016784668,42.599998474121094,820.0
2024-07-03 10:43:00,KRYS,179.0,179.0,179.0,178.86000061035156,178.86000061035156,598.0
2024-07-03 10:43:00,KTRA,0.2865000069141388,0.2865000069141388,0.28760001063346863,0.2851000130176544,0.2865000069141388,31092.0
2024-07-03 10:43:00,KZR,0.5795000195503235,0.5795000195503235,0.5795000195503235,0.5781000256538391,0.5781000256538391,1955.0
2024-07-03 10:43:00,LAB,1.7999999523162842,1.7999999523162842,1.7999999523162842,1.7899999618530273,1.7899999618530273,641.0
2024-07-03 10:43:00,LBPH,32.125,32.125,32.130001068115234,32.11000061035156,32.11000061035156,1671.0
2024-07-03 10:43:00,LEGN,45.685001373291016,45.685001373291016,45.75,45.685001373291016,45.75,846.0
2024-07-03 10:43:00,LFMD,6.71999979019165,6.71999979019165,6.71999979019165,6.710400104522705,6.710400104522705,1138.0
2024-07-03 10:43:00,LFST,5.144999980926514,5.144999980926514,5.15500020980835,5.139999866485596,5.139999866485596,4532.0
2024-07-03 10:43:00,LIVN,52.7599983215332,52.7599983215332,52.7599983215332,52.720001220703125,52.7599983215332,1380.0
2024-07-03 10:43:00,LNTH,78.94000244140625,78.94000244140625,78.94000244140625,78.87000274658203,78.87000274658203,450.0
2024-07-03 10:43:00,LOGC,5.760000228881836,5.760000228881836,5.760000228881836,5.760000228881836,5.760000228881836,1056.0
2024-07-03 10:43:00,LQDA,12.0600004196167,12.0600004196167,12.109999656677246,12.050000190734863,12.050000190734863,4606.0
2024-07-03 10:43:00,LSTA,3.420099973678589,3.420099973678589,3.420099973678589,3.420099973678589,3.420099973678589,735.0
2024-07-03 10:43:00,LUCY,0.4745999872684479,0.4745999872684479,0.4745999872684479,0.4745999872684479,0.4745999872684479,14198.0
2024-07-03 10:43:00,LXRX,1.6150000095367432,1.6150000095367432,1.6150000095367432,1.6100000143051147,1.6150000095367432,11412.0
2024-07-03 10:43:00,LYEL,1.440000057220459,1.440000057220459,1.440000057220459,1.440000057220459,1.440000057220459,1004.0
2024-07-03 10:43:00,MASI,114.19000244140625,114.19000244140625,114.19000244140625,113.9800033569336,113.9800033569336,2593.0
2024-07-03 10:43:00,MBIO,0.5188000202178955,0.5188000202178955,0.5198000073432922,0.516700029373169,0.516700029373169,14565.0
2024-07-03 10:43:00,ME,0.40070000290870667,0.40070000290870667,0.40230000019073486,0.40059998631477356,0.40059998631477356,8243.0
2024-07-03 10:43:00,MEDP,406.0899963378906,406.0899963378906,406.7300109863281,406.0899963378906,406.7300109863281,1010.0
2024-07-03 10:43:00,MEDS,17.291500091552734,17.291500091552734,17.291500091552734,17.291500091552734,17.291500091552734,312.0
2024-07-03 10:43:00,MESO,6.730000019073486,6.730000019073486,6.730000019073486,6.730000019073486,6.730000019073486,589.0
2024-07-03 10:43:00,MGNX,4.315000057220459,4.315000057220459,4.315000057220459,4.300000190734863,4.300000190734863,1806.0
2024-07-03 10:43:00,MGTX,4.03000020980835,4.03000020980835,4.03000020980835,4.03000020980835,4.03000020980835,400.0
2024-07-03 10:43:00,MIRM,33.869998931884766,33.869998931884766,33.869998931884766,33.869998931884766,33.869998931884766,216.0
2024-07-03 10:43:00,MLTX,41.71500015258789,41.71500015258789,41.71500015258789,41.71500015258789,41.71500015258789,143.0
2024-07-03 10:43:00,MMSI,85.66000366210938,85.66000366210938,85.66000366210938,85.58999633789062,85.58999633789062,1403.0
2024-07-03 10:43:00,MNKD,5.105000019073486,5.105000019073486,5.114999771118164,5.099999904632568,5.105000019073486,9549.0
2024-07-03 10:43:00,MNMD,7.230000019073486,7.230000019073486,7.25,7.230000019073486,7.25,3353.0
2024-07-03 10:43:00,MORF,32.0099983215332,32.0099983215332,32.0099983215332,32.0099983215332,32.0099983215332,195.0
2024-07-03 10:43:00,MREO,3.5250000953674316,3.5250000953674316,3.5250000953674316,3.5250000953674316,3.5250000953674316,1299.0
2024-07-03 10:43:00,MRNA,117.81999969482422,117.81999969482422,117.81999969482422,117.52999877929688,117.66999816894531,23012.0
2024-07-03 10:43:00,MRSN,1.9199999570846558,1.9199999570846558,1.9199999570846558,1.9199999570846558,1.9199999570846558,116.0
2024-07-03 10:43:00,MRUS,52.810001373291016,52.810001373291016,52.810001373291016,52.810001373291016,52.810001373291016,430.0
2024-07-03 10:43:00,MRVI,6.804999828338623,6.804999828338623,6.804999828338623,6.800000190734863,6.800000190734863,3110.0
2024-07-03 10:43:00,MXCT,3.7249999046325684,3.7249999046325684,3.7249999046325684,3.7249999046325684,3.7249999046325684,300.0
2024-07-03 10:43:00,MYGN,25.299999237060547,25.299999237060547,25.385000228881836,25.299999237060547,25.385000228881836,2842.0
2024-07-03 10:43:00,NAUT,2.2899999618530273,2.2899999618530273,2.299999952316284,2.2899999618530273,2.299999952316284,635.0
2024-07-03 10:43:00,NEOG,15.225000381469727,15.225000381469727,15.225000381469727,15.199999809265137,15.199999809265137,11057.0
2024-07-03 10:43:00,NKTR,1.2450000047683716,1.2450000047683716,1.25,1.2450000047683716,1.25,2875.0
2024-07-03 10:43:00,NNOX,7.088099956512451,7.088099956512451,7.088099956512451,7.088099956512451,7.088099956512451,153.0
2024-07-03 10:43:00,NRBO,4.659999847412109,4.659999847412109,4.659999847412109,4.659999847412109,4.659999847412109,396.0
2024-07-03 10:43:00,NRIX,19.641000747680664,19.641000747680664,19.709999084472656,19.641000747680664,19.709999084472656,1750.0
2024-07-03 10:43:00,NTLA,22.709999084472656,22.709999084472656,22.790000915527344,22.709999084472656,22.760000228881836,4586.0
2024-07-03 10:43:00,NUVL,71.92500305175781,71.92500305175781,71.99040222167969,71.92500305175781,71.99040222167969,791.0
2024-07-03 10:43:00,NVAX,12.880000114440918,12.880000114440918,12.890000343322754,12.869999885559082,12.869999885559082,9278.0
2024-07-03 10:43:00,NVCR,16.790000915527344,16.790000915527344,16.790000915527344,16.790000915527344,16.790000915527344,688.0
2024-07-03 10:43:00,NVOS,0.7563999891281128,0.7563999891281128,0.7563999891281128,0.7542999982833862,0.7542999982833862,5314.0
2024-07-03 10:43:00,OCGN,1.6699999570846558,1.6699999570846558,1.6699999570846558,1.6649999618530273,1.6699999570846558,2182.0
2024-07-03 10:43:00,OCUL,6.800000190734863,6.800000190734863,6.800000190734863,6.789999961853027,6.789999961853027,1264.0
2024-07-03 10:43:00,OLMA,10.670000076293945,10.670000076293945,10.670000076293945,10.670000076293945,10.670000076293945,118.0
2024-07-03 10:43:00,OM,3.7149999141693115,3.7149999141693115,3.7249999046325684,3.7149999141693115,3.7200000286102295,1499.0
2024-07-03 10:43:00,OMCL,26.440200805664062,26.440200805664062,26.479999542236328,26.440200805664062,26.479999542236328,1575.0
2024-07-03 10:43:00,OMER,3.934999942779541,3.934999942779541,3.934999942779541,3.934999942779541,3.934999942779541,365.0
2024-07-03 10:43:00,OMGA,2.009999990463257,2.009999990463257,2.009999990463257,2.009999990463257,2.009999990463257,530.0
2024-07-03 10:43:00,ONVO,0.777899980545044,0.777899980545044,0.777899980545044,0.777899980545044,0.777899980545044,2008.0
2024-07-03 10:44:00,AADI,1.3700000047683716,1.3700000047683716,1.3700000047683716,1.3700000047683716,1.3700000047683716,285.0
2024-07-03 10:44:00,ABCL,2.734999895095825,2.734999895095825,2.734999895095825,2.72979998588562,2.7300000190734863,4617.0
2024-07-03 10:44:00,ABSI,3.2290000915527344,3.2290000915527344,3.2300000190734863,3.2249999046325684,3.2300000190734863,2942.0
2024-07-03 10:44:00,ABUS,3.174999952316284,3.174999952316284,3.174999952316284,3.174999952316284,3.174999952316284,300.0
2024-07-03 10:44:00,ACAD,15.6899995803833,15.6899995803833,15.6899995803833,15.6899995803833,15.6899995803833,693.0
2024-07-03 10:44:00,ACB,4.959499835968018,4.959499835968018,4.960999965667725,4.949999809265137,4.960999965667725,9557.0
2024-07-03 10:44:00,ACCD,3.6050000190734863,3.6050000190734863,3.609999895095825,3.5999999046325684,3.6050000190734863,10423.0
2024-07-03 10:44:00,ACET,1.0549999475479126,1.0549999475479126,1.0549999475479126,1.0549999475479126,1.0549999475479126,623.0
2024-07-03 10:44:00,ACLX,54.22999954223633,54.22999954223633,54.22999954223633,54.220001220703125,54.220001220703125,787.0
2024-07-03 10:44:00,ACRS,1.1699999570846558,1.1699999570846558,1.1699999570846558,1.1699999570846558,1.1699999570846558,1401.0
2024-07-03 10:44:00,ADAP,1.0399999618530273,1.0399999618530273,1.0499000549316406,1.0399999618530273,1.0403000116348267,7693.0
2024-07-03 10:44:00,ADMA,11.395000457763672,11.395000457763672,11.395000457763672,11.395000457763672,11.395000457763672,2054.0
2024-07-03 10:44:00,ADUS,116.83000183105469,116.83000183105469,116.86000061035156,116.83000183105469,116.86000061035156,1693.0
2024-07-03 10:44:00,AEMD,0.41530001163482666,0.41530001163482666,0.4165000021457672,0.41530001163482666,0.4165000021457672,3027.0
2024-07-03 10:44:00,AGEN,14.630000114440918,14.630000114440918,14.630000114440918,14.630000114440918,14.630000114440918,178.0
2024-07-03 10:44:00,AHCO,9.819999694824219,9.819999694824219,9.829999923706055,9.819999694824219,9.829999923706055,652.0
2024-07-03 10:44:00,AIMD,0.8059999942779541,0.8059999942779541,0.8101000189781189,0.8059999942779541,0.8101000189781189,300.0
2024-07-03 10:44:00,AKAN,2.2688000202178955,2.2688000202178955,2.2699999809265137,2.2688000202178955,2.2699999809265137,129.0
2024-07-03 10:44:00,AKBA,0.954200029373169,0.954200029373169,0.9545999765396118,0.954200029373169,0.9545999765396118,804.0
2024-07-03 10:44:00,AKYA,2.1600000858306885,2.1600000858306885,2.1649999618530273,2.1600000858306885,2.1649999618530273,1101.0
2024-07-03 10:44:00,ALEC,4.481599807739258,4.481599807739258,4.481599807739258,4.481599807739258,4.481599807739258,659.0
2024-07-03 10:44:00,ALGN,238.3699951171875,238.3699951171875,238.39999389648438,238.3699951171875,238.39999389648438,1268.0
2024-07-03 10:44:00,ALGS,0.4350999891757965,0.4350999891757965,0.4401000142097473,0.4309999942779541,0.4401000142097473,38000.0
2024-07-03 10:44:00,ALHC,8.010000228881836,8.010000228881836,8.010000228881836,8.010000228881836,8.010000228881836,646.0
2024-07-03 10:44:00,ALIM,5.525000095367432,5.525000095367432,5.525000095367432,5.525000095367432,5.525000095367432,237.0
2024-07-03 10:44:00,ALKS,24.309999465942383,24.309999465942383,24.31999969482422,24.309999465942383,24.31999969482422,889.0
2024-07-03 10:44:00,ALLK,0.8550999760627747,0.8550999760627747,0.8550999760627747,0.8550999760627747,0.8550999760627747,200.0
2024-07-03 10:44:00,ALLO,2.134999990463257,2.134999990463257,2.134999990463257,2.134999990463257,2.134999990463257,1069.0
2024-07-03 10:44:00,ALLR,0.20350000262260437,0.20350000262260437,0.20499999821186066,0.20350000262260437,0.20499999821186066,25599.0
2024-07-03 10:44:00,ALNY,247.3000030517578,247.3000030517578,247.32000732421875,247.3000030517578,247.3000030517578,1799.0
2024-07-03 10:44:00,ALT,6.789999961853027,6.789999961853027,6.789999961853027,6.775000095367432,6.784999847412109,3956.0
2024-07-03 10:44:00,ALVR,0.7366999983787537,0.7366999983787537,0.7366999983787537,0.7366999983787537,0.7366999983787537,102.0
2024-07-03 10:44:00,ALXO,5.829999923706055,5.829999923706055,5.829999923706055,5.820000171661377,5.820000171661377,308.0
2024-07-03 10:44:00,AMED,96.88999938964844,96.88999938964844,96.88999938964844,96.88999938964844,96.88999938964844,684.0
2024-07-03 10:44:00,AMGN,310.6025085449219,310.6025085449219,310.6025085449219,310.5899963378906,310.5899963378906,934.0
2024-07-03 10:44:00,AMLX,1.7549999952316284,1.7549999952316284,1.7549999952316284,1.75,1.75,1912.0
2024-07-03 10:44:00,AMPH,38.349998474121094,38.349998474121094,38.38999938964844,38.349998474121094,38.38999938964844,234.0
2024-07-03 10:44:00,ANGO,5.644999980926514,5.644999980926514,5.644999980926514,5.639999866485596,5.639999866485596,552.0
2024-07-03 10:44:00,ANNX,4.809999942779541,4.809999942779541,4.829999923706055,4.809999942779541,4.815000057220459,6673.0
2024-07-03 10:44:00,APLS,35.970001220703125,35.970001220703125,35.970001220703125,35.82500076293945,35.89500045776367,14769.0
2024-07-03 10:44:00,APLT,4.449999809265137,4.449999809265137,4.449999809265137,4.449999809265137,4.449999809265137,814.0
2024-07-03 10:44:00,APVO,0.3149000108242035,0.3149000108242035,0.3149000108242035,0.3149000108242035,0.3149000108242035,0.0
2024-07-03 10:44:00,AQST,2.412100076675415,2.412100076675415,2.412100076675415,2.412100076675415,2.412100076675415,349.0
2024-07-03 10:44:00,ARAY,1.7549999952316284,1.7549999952316284,1.7549999952316284,1.7549999952316284,1.7549999952316284,4100.0
2024-07-03 10:44:00,ARDX,5.215000152587891,5.215000152587891,5.21999979019165,5.210000038146973,5.219900131225586,24932.0
2024-07-03 10:44:00,ARGX,435.30999755859375,435.30999755859375,435.30999755859375,435.0899963378906,435.0899963378906,1893.0
2024-07-03 10:44:00,ARQT,9.640000343322754,9.640000343322754,9.640000343322754,9.619999885559082,9.630000114440918,9257.0
2024-07-03 10:44:00,ARVN,24.729999542236328,24.729999542236328,24.729999542236328,24.729999542236328,24.729999542236328,131.0
2024-07-03 10:44:00,ASRT,1.3250000476837158,1.3250000476837158,1.3250000476837158,1.3200000524520874,1.3200000524520874,13541.0
2024-07-03 10:44:00,ATEC,9.9350004196167,9.9350004196167,9.9399995803833,9.925000190734863,9.925000190734863,1200.0
2024-07-03 10:44:00,ATRC,22.28499984741211,22.28499984741211,22.299999237060547,22.274999618530273,22.280000686645508,1179.0
2024-07-03 10:44:00,AUGX,0.9975000023841858,0.9975000023841858,0.9975000023841858,0.9914000034332275,0.9975000023841858,1700.0
2024-07-03 10:44:00,AUPH,5.494999885559082,5.494999885559082,5.494999885559082,5.489999771118164,5.489999771118164,1482.0
2024-07-03 10:44:00,AURA,7.114999771118164,7.114999771118164,7.114999771118164,7.099999904632568,7.099999904632568,6378.0
2024-07-03 10:44:00,AVDL,14.324999809265137,14.324999809265137,14.350000381469727,14.324999809265137,14.350000381469727,4700.0
2024-07-03 10:44:00,AVTE,1.6305999755859375,1.6305999755859375,1.6305999755859375,1.6305999755859375,1.6305999755859375,344.0
2024-07-03 10:44:00,AVXL,4.264999866485596,4.264999866485596,4.264999866485596,4.260000228881836,4.260000228881836,901.0
2024-07-03 10:44:00,AXSM,79.96399688720703,79.96399688720703,79.98999786376953,79.96399688720703,79.9800033569336,886.0
2024-07-03 10:44:00,AZN,76.91999816894531,76.91999816894531,76.93000030517578,76.91500091552734,76.92500305175781,7096.0
2024-07-03 10:44:00,AZTA,52.770198822021484,52.770198822021484,52.770198822021484,52.709999084472656,52.709999084472656,1309.0
2024-07-03 10:44:00,BBIO,25.260000228881836,25.260000228881836,25.30500030517578,25.260000228881836,25.290000915527344,2950.0
2024-07-03 10:44:00,BCAB,1.3300000429153442,1.3300000429153442,1.3350000381469727,1.3300000429153442,1.3300000429153442,2016.0
2024-07-03 10:44:00,BCRX,6.630000114440918,6.630000114440918,6.630000114440918,6.619999885559082,6.619999885559082,1145.0
2024-07-03 10:44:00,BCYC,19.825000762939453,19.825000762939453,19.825000762939453,19.825000762939453,19.825000762939453,251.0
2024-07-03 10:44:00,BDTX,4.190000057220459,4.190000057220459,4.190000057220459,4.190000057220459,4.190000057220459,343.0
2024-07-03 10:44:00,BEAM,23.524999618530273,23.524999618530273,23.549999237060547,23.510000228881836,23.510000228881836,2345.0
2024-07-03 10:44:00,BGXX,0.2750999927520752,0.2750999927520752,0.2750999927520752,0.2750999927520752,0.2750999927520752,328.0
2024-07-03 10:44:00,BIIB,225.3800048828125,225.3800048828125,225.3800048828125,225.3300018310547,225.3300018310547,467.0
2024-07-03 10:44:00,BIVI,0.4228000044822693,0.4228000044822693,0.4228000044822693,0.4228000044822693,0.4228000044822693,2060.0
2024-07-03 10:44:00,BJDX,0.6359999775886536,0.6359999775886536,0.6359999775886536,0.6359999775886536,0.6359999775886536,1711.0
2024-07-03 10:44:00,BLRX,0.5446000099182129,0.5446000099182129,0.5446000099182129,0.5446000099182129,0.5446000099182129,1069.0
2024-07-03 10:44:00,BLUE,0.942300021648407,0.942300021648407,0.9451000094413757,0.942300021648407,0.9451000094413757,722.0
2024-07-03 10:44:00,BMRN,81.21499633789062,81.21499633789062,81.21499633789062,81.20999908447266,81.20999908447266,690.0
2024-07-03 10:44:00,BNGO,0.5687000155448914,0.5687000155448914,0.5687000155448914,0.5644000172615051,0.5665000081062317,2979.0
2024-07-03 10:44:00,BNTX,80.98500061035156,80.98500061035156,80.98500061035156,80.98500061035156,80.98500061035156,320.0
2024-07-03 10:44:00,BRKR,61.709999084472656,61.709999084472656,61.709999084472656,61.709999084472656,61.709999084472656,729.0
2024-07-03 10:44:00,BVS,6.050000190734863,6.050000190734863,6.050000190734863,6.010000228881836,6.019999980926514,9291.0
2024-07-03 10:44:00,CADL,6.304999828338623,6.304999828338623,6.304999828338623,6.304999828338623,6.304999828338623,167.0
2024-07-03 10:44:00,CARA,0.2831000089645386,0.2831000089645386,0.2831000089645386,0.2831000089645386,0.2831000089645386,501.0
2024-07-03 10:44:00,CCCC,4.735000133514404,4.735000133514404,4.739999771118164,4.71999979019165,4.71999979019165,2449.0
2024-07-03 10:44:00,CDMO,7.534999847412109,7.534999847412109,7.534999847412109,7.519999980926514,7.519999980926514,2271.0
2024-07-03 10:44:00,CDXC,2.569999933242798,2.569999933242798,2.569999933242798,2.569999933242798,2.569999933242798,558.0
2024-07-03 10:44:00,CDXS,2.9100000858306885,2.9100000858306885,2.9100000858306885,2.9100000858306885,2.9100000858306885,300.0
2024-07-03 10:44:00,CERE,41.310001373291016,41.310001373291016,41.310001373291016,41.29999923706055,41.29999923706055,2961.0
2024-07-03 10:44:00,CERS,1.7350000143051147,1.7350000143051147,1.7350000143051147,1.7315000295639038,1.7315000295639038,4206.0
2024-07-03 10:44:00,CERT,13.859999656677246,13.859999656677246,13.859999656677246,13.859999656677246,13.859999656677246,569.0
2024-07-03 10:44:00,CGC,6.779300212860107,6.779300212860107,6.820000171661377,6.769999980926514,6.784999847412109,61893.0
2024-07-03 10:44:00,CGEM,16.920000076293945,16.920000076293945,16.969999313354492,16.920000076293945,16.969999313354492,267.0
2024-07-03 10:44:00,CGEN,1.6799999475479126,1.6799999475479126,1.68149995803833,1.6799999475479126,1.6799999475479126,1620.0
2024-07-03 10:44:00,CHRS,1.4199999570846558,1.4199999570846558,1.4199999570846558,1.4199999570846558,1.4199999570846558,1068.0
2024-07-03 10:44:00,CLOV,1.2549999952316284,1.2549999952316284,1.2549999952316284,1.2549999952316284,1.2549999952316284,252.0
2024-07-03 10:44:00,CLPT,5.400000095367432,5.400000095367432,5.400000095367432,5.400000095367432,5.400000095367432,107.0
2024-07-03 10:44:00,CNSP,2.0999999046325684,2.0999999046325684,2.131500005722046,2.0999999046325684,2.131500005722046,68487.0
2024-07-03 10:44:00,COLL,32.290000915527344,32.290000915527344,32.290000915527344,32.290000915527344,32.290000915527344,247.0
2024-07-03 10:44:00,CORT,30.739999771118164,30.739999771118164,30.739999771118164,30.700000762939453,30.739999771118164,1404.0
2024-07-03 10:44:00,CRBU,1.5950000286102295,1.5950000286102295,1.600000023841858,1.5950000286102295,1.600000023841858,8013.0
2024-07-03 10:44:00,CRMD,4.105000019073486,4.105000019073486,4.110000133514404,4.100100040435791,4.100100040435791,5226.0
2024-07-03 10:44:00,CRNX,45.18000030517578,45.18000030517578,45.18000030517578,45.18000030517578,45.18000030517578,457.0
2024-07-03 10:44:00,CRSP,54.28010177612305,54.28010177612305,54.28010177612305,54.23500061035156,54.23500061035156,1033.0
2024-07-03 10:44:00,CUTR,1.3250000476837158,1.3250000476837158,1.3250000476837158,1.3250000476837158,1.3250000476837158,1266.0
2024-07-03 10:44:00,CVAC,3.409899950027466,3.409899950027466,3.4200000762939453,3.3989999294281006,3.4000000953674316,20699.0
2024-07-03 10:44:00,CYTK,54.94599914550781,54.94599914550781,54.94599914550781,54.75,54.839500427246094,841.0
2024-07-03 10:44:00,CYTO,1.1399999856948853,1.1399999856948853,1.1409000158309937,1.1399999856948853,1.1409000158309937,370.0
2024-07-03 10:44:00,DARE,3.408400058746338,3.408400058746338,3.408400058746338,3.408400058746338,3.408400058746338,4794.0
2024-07-03 10:44:00,DAWN,13.369999885559082,13.369999885559082,13.390000343322754,13.34000015258789,13.34000015258789,3276.0
2024-07-03 10:44:00,DCTH,7.949999809265137,7.949999809265137,7.949999809265137,7.949999809265137,7.949999809265137,46.0
2024-07-03 10:44:00,DNLI,21.825000762939453,21.825000762939453,21.825000762939453,21.825000762939453,21.825000762939453,364.0
2024-07-03 10:44:00,DVAX,11.119999885559082,11.119999885559082,11.119999885559082,11.114999771118164,11.114999771118164,588.0
2024-07-03 10:44:00,DXCM,110.2750015258789,110.2750015258789,110.2750015258789,110.21499633789062,110.21499633789062,1479.0
2024-07-03 10:44:00,DYN,34.67499923706055,34.67499923706055,34.67499923706055,34.67499923706055,34.67499923706055,410.0
2024-07-03 10:44:00,DYNT,0.23010000586509705,0.23010000586509705,0.23010000586509705,0.23000000417232513,0.23000000417232513,6625.0
2024-07-03 10:44:00,EDIT,4.679999828338623,4.679999828338623,4.679999828338623,4.675000190734863,4.675000190734863,753.0
2024-07-03 10:44:00,EGRX,5.244999885559082,5.244999885559082,5.244999885559082,5.244999885559082,5.244999885559082,125.0
2024-07-03 10:44:00,ELEV,2.680000066757202,2.680000066757202,2.700000047683716,2.680000066757202,2.700000047683716,4161.0
2024-07-03 10:44:00,EMBC,12.095000267028809,12.095000267028809,12.095000267028809,12.095000267028809,12.095000267028809,200.0
2024-07-03 10:44:00,ENSG,125.62000274658203,125.62000274658203,126.04000091552734,125.62000274658203,126.02999877929688,3459.0
2024-07-03 10:44:00,ENVB,0.5026999711990356,0.5026999711990356,0.5026999711990356,0.5026999711990356,0.5026999711990356,1300.0
2024-07-03 10:44:00,EOLS,10.84000015258789,10.84000015258789,10.859999656677246,10.84000015258789,10.850000381469727,3303.0
2024-07-03 10:44:00,ESPR,2.369999885559082,2.369999885559082,2.369999885559082,2.365000009536743,2.365000009536743,1091.0
2024-07-03 10:44:00,EVGN,0.6495000123977661,0.6495000123977661,0.6495000123977661,0.6495000123977661,0.6495000123977661,3968.0
2024-07-03 10:44:00,EXAI,5.400000095367432,5.400000095367432,5.400000095367432,5.400000095367432,5.400000095367432,190.0
2024-07-03 10:44:00,EXAS,43.22999954223633,43.22999954223633,43.2400016784668,43.189998626708984,43.20000076293945,3795.0
2024-07-03 10:44:00,EXEL,22.040000915527344,22.040000915527344,22.040000915527344,22.040000915527344,22.040000915527344,344.0
2024-07-03 10:44:00,EYEN,0.8051000237464905,0.8051000237464905,0.8051000237464905,0.8051000237464905,0.8051000237464905,6200.0
2024-07-03 10:44:00,EYPT,8.369999885559082,8.369999885559082,8.369999885559082,8.369999885559082,8.369999885559082,29.0
2024-07-03 10:44:00,FATE,3.2699999809265137,3.2699999809265137,3.2699999809265137,3.2699999809265137,3.2699999809265137,611.0
2024-07-03 10:44:00,FDMT,21.1200008392334,21.1200008392334,21.1200008392334,21.084999084472656,21.084999084472656,1229.0
2024-07-03 10:44:00,FGEN,0.722100019454956,0.722100019454956,0.7246999740600586,0.7170000076293945,0.7246999740600586,58132.0
2024-07-03 10:44:00,FOLD,9.895000457763672,9.895000457763672,9.895000457763672,9.890000343322754,9.890000343322754,2415.0
2024-07-03 10:44:00,FULC,6.170000076293945,6.170000076293945,6.170000076293945,6.170000076293945,6.170000076293945,374.0
2024-07-03 10:44:00,GALT,2.194999933242798,2.194999933242798,2.200000047683716,2.1891000270843506,2.1891000270843506,3325.0
2024-07-03 10:44:00,GDRX,7.849999904632568,7.849999904632568,7.855000019073486,7.849999904632568,7.855000019073486,1088.0
2024-07-03 10:44:00,GERN,4.380000114440918,4.380000114440918,4.380000114440918,4.375,4.375,1386.0
2024-07-03 10:44:00,GH,28.489999771118164,28.489999771118164,28.5,28.489999771118164,28.5,505.0
2024-07-03 10:44:00,GILD,67.01000213623047,67.01000213623047,67.02999877929688,66.94999694824219,66.96499633789062,12842.0
2024-07-03 10:44:00,GLSI,16.829999923706055,16.829999923706055,16.829999923706055,16.829999923706055,16.829999923706055,245.0
2024-07-03 10:44:00,GLTO,0.5,0.5,0.5,0.5,0.5,3200.0
2024-07-03 10:44:00,GLYC,0.2727000117301941,0.2727000117301941,0.2728999853134155,0.27239999175071716,0.2728999853134155,10281.0
2024-07-03 10:44:00,GMAB,25.200000762939453,25.200000762939453,25.200000762939453,25.200000762939453,25.200000762939453,1105.0
2024-07-03 10:44:00,GOSS,0.9549000263214111,0.9549000263214111,0.9549000263214111,0.9549000263214111,0.9549000263214111,2018.0
2024-07-03 10:44:00,GRFS,6.675000190734863,6.675000190734863,6.675000190734863,6.675000190734863,6.675000190734863,106.0
2024-07-03 10:44:00,GRTS,0.5871999859809875,0.5871999859809875,0.5871999859809875,0.5867000222206116,0.5867000222206116,400.0
2024-07-03 10:44:00,GTHX,2.5,2.5,2.5,2.490000009536743,2.490000009536743,4873.0
2024-07-03 10:44:00,HALO,51.52000045776367,51.52000045776367,51.52000045776367,51.52000045776367,51.52000045776367,296.0
2024-07-03 10:44:00,HBIO,2.759999990463257,2.759999990463257,2.759999990463257,2.759999990463257,2.759999990463257,310.0
2024-07-03 10:44:00,HCSG,10.579999923706055,10.579999923706055,10.579999923706055,10.579999923706055,10.579999923706055,347.0
2024-07-03 10:44:00,HITI,2.1245999336242676,2.1245999336242676,2.1245999336242676,2.1245999336242676,2.1245999336242676,2000.0
2024-07-03 10:44:00,HOLX,73.36499786376953,73.36499786376953,73.36499786376953,73.36499786376953,73.36499786376953,4089.0
2024-07-03 10:44:00,HQY,83.12000274658203,83.12000274658203,83.12000274658203,83.12000274658203,83.12000274658203,564.0
2024-07-03 10:44:00,HRMY,30.200000762939453,30.200000762939453,30.239999771118164,30.200000762939453,30.239999771118164,486.0
2024-07-03 10:44:00,HRTX,2.799999952316284,2.799999952316284,2.805000066757202,2.7950000762939453,2.799499988555908,18923.0
2024-07-03 10:44:00,HSIC,65.47660064697266,65.47660064697266,65.4800033569336,65.42500305175781,65.42500305175781,2752.0
2024-07-03 10:44:00,HUMA,5.670000076293945,5.670000076293945,5.670000076293945,5.670000076293945,5.670000076293945,1834.0
2024-07-03 10:44:00,IART,28.977500915527344,28.977500915527344,28.977500915527344,28.950000762939453,28.950000762939453,470.0
2024-07-03 10:44:00,IBRX,6.284999847412109,6.284999847412109,6.284999847412109,6.279900074005127,6.279900074005127,2735.0
2024-07-03 10:44:00,ICAD,1.2200000286102295,1.2200000286102295,1.2200000286102295,1.2200000286102295,1.2200000286102295,549.0
2024-07-03 10:44:00,IDXX,475.1000061035156,475.1000061035156,475.1000061035156,475.1000061035156,475.1000061035156,407.0
2024-07-03 10:44:00,IKNA,1.6399999856948853,1.6399999856948853,1.649999976158142,1.6399999856948853,1.649999976158142,212.0
2024-07-03 10:44:00,ILMN,104.70999908447266,104.70999908447266,104.87000274658203,104.70999908447266,104.79000091552734,3498.0
2024-07-03 10:44:00,IMAB,1.559999942779541,1.559999942779541,1.559999942779541,1.559999942779541,1.559999942779541,200.0
2024-07-03 10:44:00,IMCC,0.48510000109672546,0.48510000109672546,0.48510000109672546,0.48510000109672546,0.48510000109672546,496.0
2024-07-03 10:44:00,IMMX,2.3492000102996826,2.3492000102996826,2.3499999046325684,2.2960000038146973,2.2960000038146973,17916.0
2024-07-03 10:44:00,IMNM,12.069999694824219,12.069999694824219,12.069999694824219,12.069999694824219,12.069999694824219,201.0
2024-07-03 10:44:00,IMRN,1.985700011253357,1.985700011253357,1.985700011253357,1.985700011253357,1.985700011253357,98.0
2024-07-03 10:44:00,IMRX,1.1699999570846558,1.1699999570846558,1.1699999570846558,1.1699999570846558,1.1699999570846558,859.0
2024-07-03 10:44:00,INAB,0.800000011920929,0.800000011920929,0.800000011920929,0.7965999841690063,0.7965999841690063,10700.0
2024-07-03 10:44:00,INBX,13.300000190734863,13.300000190734863,13.3100004196167,13.289999961853027,13.3100004196167,889.0
2024-07-03 10:44:00,INCY,57.959999084472656,57.959999084472656,57.959999084472656,57.92499923706055,57.959999084472656,2014.0
2024-07-03 10:44:00,INMB,7.96999979019165,7.96999979019165,7.96999979019165,7.96999979019165,7.96999979019165,1128.0
2024-07-03 10:44:00,INMD,17.739999771118164,17.739999771118164,17.75,17.739999771118164,17.739999771118164,2099.0
2024-07-03 10:44:00,INSM,63.310001373291016,63.310001373291016,63.3650016784668,63.310001373291016,63.33000183105469,4077.0
2024-07-03 10:44:00,IONM,0.3294999897480011,0.3294999897480011,0.3294999897480011,0.3294999897480011,0.3294999897480011,2400.0
2024-07-03 10:44:00,IONS,44.709999084472656,44.709999084472656,44.720001220703125,44.70500183105469,44.709999084472656,3174.0
2024-07-03 10:44:00,IOVA,7.724999904632568,7.724999904632568,7.744999885559082,7.724999904632568,7.744999885559082,26947.0
2024-07-03 10:44:00,IRTC,95.8550033569336,95.8550033569336,95.8550033569336,95.83999633789062,95.83999633789062,474.0
2024-07-03 10:44:00,IRWD,6.195000171661377,6.195000171661377,6.199999809265137,6.195000171661377,6.199999809265137,811.0
2024-07-03 10:44:00,ISPC,0.28049999475479126,0.28049999475479126,0.28049999475479126,0.28049999475479126,0.28049999475479126,13760.0
2024-07-03 10:44:00,ISRG,435.2200012207031,435.2200012207031,435.2200012207031,435.1000061035156,435.1000061035156,1732.0
2024-07-03 10:44:00,ITCI,68.03500366210938,68.03500366210938,68.04000091552734,68.0250015258789,68.0250015258789,2083.0
2024-07-03 10:44:00,ITOS,14.789999961853027,14.789999961853027,14.789999961853027,14.789999961853027,14.789999961853027,1271.0
2024-07-03 10:44:00,JANX,38.400001525878906,38.400001525878906,38.400001525878906,38.400001525878906,38.400001525878906,200.0
2024-07-03 10:44:00,JAZZ,104.7300033569336,104.7300033569336,104.7300033569336,104.7300033569336,104.7300033569336,224.0
2024-07-03 10:44:00,KALA,6.840000152587891,6.840000152587891,6.840000152587891,6.840000152587891,6.840000152587891,618.0
2024-07-03 10:44:00,KALV,11.640000343322754,11.640000343322754,11.65999984741211,11.640000343322754,11.649999618530273,1608.0
2024-07-03 10:44:00,KNSA,18.850000381469727,18.850000381469727,18.850000381469727,18.829999923706055,18.844999313354492,2033.0
2024-07-03 10:44:00,KRON,1.159999966621399,1.159999966621399,1.159999966621399,1.159999966621399,1.159999966621399,18.0
2024-07-03 10:44:00,KRYS,179.3300018310547,179.3300018310547,179.3300018310547,179.1199951171875,179.1199951171875,1370.0
2024-07-03 10:44:00,KTRA,0.2867000102996826,0.2867000102996826,0.2870999872684479,0.28619998693466187,0.28619998693466187,31706.0
2024-07-03 10:44:00,KYMR,30.815000534057617,30.815000534057617,30.889999389648438,30.815000534057617,30.860000610351562,1473.0
2024-07-03 10:44:00,KZR,0.5795000195503235,0.5795000195503235,0.5795000195503235,0.5769000053405762,0.5795000195503235,874.0
2024-07-03 10:44:00,LAB,1.7999999523162842,1.7999999523162842,1.7999999523162842,1.7899999618530273,1.7899999618530273,902.0
2024-07-03 10:44:00,LBPH,32.18000030517578,32.18000030517578,32.25,32.15999984741211,32.15999984741211,2144.0
2024-07-03 10:44:00,LFST,5.179999828338623,5.179999828338623,5.179999828338623,5.144999980926514,5.150000095367432,2286.0
2024-07-03 10:44:00,LIVN,52.7599983215332,52.7599983215332,52.7599983215332,52.7599983215332,52.7599983215332,253.0
2024-07-03 10:44:00,LQDA,12.079999923706055,12.079999923706055,12.079999923706055,12.079999923706055,12.079999923706055,729.0
2024-07-03 10:44:00,LRMR,7.704999923706055,7.704999923706055,7.704999923706055,7.704999923706055,7.704999923706055,202.0
2024-07-03 10:44:00,LUCY,0.47609999775886536,0.47609999775886536,0.47609999775886536,0.47609999775886536,0.47609999775886536,1254.0
2024-07-03 10:44:00,LXRX,1.6150000095367432,1.6150000095367432,1.6150000095367432,1.6100000143051147,1.6150000095367432,979.0
2024-07-03 10:44:00,LYEL,1.4450000524520874,1.4450000524520874,1.4450000524520874,1.4395999908447266,1.4395999908447266,6626.0
2024-07-03 10:44:00,MBIO,0.519599974155426,0.519599974155426,0.519599974155426,0.5174000263214111,0.5174000263214111,5315.0
2024-07-03 10:44:00,MBRX,3.57450008392334,3.57450008392334,3.57450008392334,3.57450008392334,3.57450008392334,400.0
2024-07-03 10:44:00,MCRB,0.7157999873161316,0.7157999873161316,0.7157999873161316,0.715399980545044,0.715399980545044,1254.0
2024-07-03 10:44:00,MDWD,15.069999694824219,15.069999694824219,15.069999694824219,15.069999694824219,15.069999694824219,1255.0
2024-07-03 10:44:00,MEDS,17.399999618530273,17.399999618530273,17.399999618530273,17.399999618530273,17.399999618530273,140.0
2024-07-03 10:44:00,MGNX,4.315000057220459,4.315000057220459,4.315000057220459,4.309999942779541,4.309999942779541,376.0
2024-07-03 10:44:00,MGTX,4.03000020980835,4.03000020980835,4.03000020980835,4.020299911499023,4.03000020980835,5133.0
2024-07-03 10:44:00,MLTX,41.71500015258789,41.71500015258789,41.71500015258789,41.71500015258789,41.71500015258789,201.0
2024-07-03 10:44:00,MMSI,85.7699966430664,85.7699966430664,85.77999877929688,85.7699966430664,85.77999877929688,598.0
2024-07-03 10:44:00,MNKD,5.105000019073486,5.105000019073486,5.110000133514404,5.099999904632568,5.110000133514404,8724.0
2024-07-03 10:44:00,MNMD,7.25,7.25,7.25,7.239999771118164,7.239999771118164,866.0
2024-07-03 10:44:00,MORF,31.96500015258789,31.96500015258789,31.96500015258789,31.96500015258789,31.96500015258789,205.0
2024-07-03 10:44:00,MRNA,117.88500213623047,117.88500213623047,117.94000244140625,117.7344970703125,117.91999816894531,5363.0
2024-07-03 10:44:00,MRNS,1.2014000415802002,1.2014000415802002,1.2014000415802002,1.2014000415802002,1.2014000415802002,677.0
2024-07-03 10:44:00,MRSN,1.9149999618530273,1.9149999618530273,1.9199999570846558,1.9149999618530273,1.9199999570846558,441.0
2024-07-03 10:44:00,MRUS,52.77000045776367,52.77000045776367,52.779998779296875,52.77000045776367,52.779998779296875,1143.0
2024-07-03 10:44:00,MRVI,6.809999942779541,6.809999942779541,6.809999942779541,6.804999828338623,6.804999828338623,1039.0
2024-07-03 10:44:00,MXCT,3.7249999046325684,3.7249999046325684,3.7249999046325684,3.7249999046325684,3.7249999046325684,101.0
2024-07-03 10:44:00,MYGN,25.329999923706055,25.329999923706055,25.329999923706055,25.329999923706055,25.329999923706055,924.0
2024-07-03 10:44:00,NARI,49.69499969482422,49.69499969482422,49.69499969482422,49.69499969482422,49.69499969482422,235.0
2024-07-03 10:44:00,NBIX,138.25999450683594,138.25999450683594,138.34500122070312,138.25999450683594,138.34500122070312,655.0
2024-07-03 10:44:00,NDRA,0.0843999981880188,0.0843999981880188,0.0843999981880188,0.0843999981880188,0.0843999981880188,392.0
2024-07-03 10:44:00,NEOG,15.239999771118164,15.239999771118164,15.239999771118164,15.229999542236328,15.229999542236328,1301.0
2024-07-03 10:44:00,NKTR,1.25,1.25,1.25,1.25,1.25,1185.0
2024-07-03 10:44:00,NKTX,5.510000228881836,5.510000228881836,5.510000228881836,5.510000228881836,5.510000228881836,290.0
2024-07-03 10:44:00,NNOX,7.082499980926514,7.082499980926514,7.082499980926514,7.074999809265137,7.079999923706055,2870.0
2024-07-03 10:44:00,NRC,22.889999389648438,22.889999389648438,22.889999389648438,22.889999389648438,22.889999389648438,478.0
2024-07-03 10:44:00,NRIX,19.674999237060547,19.674999237060547,19.674999237060547,19.674999237060547,19.674999237060547,177.0
2024-07-03 10:44:00,NTLA,22.75,22.75,22.75,22.725000381469727,22.725000381469727,1191.0
2024-07-03 10:44:00,NUVL,71.93000030517578,71.93000030517578,71.94000244140625,71.93000030517578,71.94000244140625,655.0
2024-07-03 10:44:00,NVAX,12.899999618530273,12.899999618530273,12.90999984741211,12.869999885559082,12.869999885559082,16651.0
2024-07-03 10:44:00,NVCR,16.780000686645508,16.780000686645508,16.81999969482422,16.780000686645508,16.799999237060547,6010.0
2024-07-03 10:44:00,NVCT,6.269999980926514,6.269999980926514,6.269999980926514,6.269999980926514,6.269999980926514,83.0
2024-07-03 10:44:00,NVOS,0.7692000269889832,0.7692000269889832,0.7692000269889832,0.7692000269889832,0.7692000269889832,3483.0
2024-07-03 10:44:00,OCGN,1.6549999713897705,1.6549999713897705,1.6699999570846558,1.6549999713897705,1.6649999618530273,26164.0
2024-07-03 10:44:00,OCUL,6.800000190734863,6.800000190734863,6.800000190734863,6.800000190734863,6.800000190734863,1162.0
2024-07-03 10:44:00,OLK,25.795000076293945,25.795000076293945,25.795000076293945,25.795000076293945,25.795000076293945,578.0
2024-07-03 10:44:00,OLMA,10.670000076293945,10.670000076293945,10.670000076293945,10.670000076293945,10.670000076293945,240.0
2024-07-03 10:44:00,OM,3.7200000286102295,3.7200000286102295,3.7200000286102295,3.7200000286102295,3.7200000286102295,2237.0
2024-07-03 10:44:00,OMGA,1.9850000143051147,1.9850000143051147,2.0004000663757324,1.9800000190734863,2.0004000663757324,30861.0
2024-07-03 10:44:00,OMIC,8.600000381469727,8.600000381469727,8.600000381469727,8.600000381469727,8.600000381469727,1005.0
2024-07-03 10:45:00,AADI,1.3700000047683716,1.3700000047683716,1.3700000047683716,1.3700000047683716,1.3700000047683716,480.0
2024-07-03 10:45:00,ABCL,2.740000009536743,2.740000009536743,2.75,2.734999895095825,2.734999895095825,8779.0
2024-07-03 10:45:00,ABEO,4.329999923706055,4.329999923706055,4.329999923706055,4.329999923706055,4.329999923706055,1135.0
2024-07-03 10:45:00,ABSI,3.2300000190734863,3.2300000190734863,3.2300000190734863,3.2249999046325684,3.2249999046325684,2170.0
2024-07-03 10:45:00,ABUS,3.174999952316284,3.174999952316284,3.174999952316284,3.174999952316284,3.174999952316284,1149.0
2024-07-03 10:45:00,ACAD,15.6899995803833,15.6899995803833,15.6899995803833,15.680000305175781,15.680000305175781,6027.0
2024-07-03 10:45:00,ACB,4.960100173950195,4.960100173950195,4.96999979019165,4.950799942016602,4.950799942016602,10594.0
2024-07-03 10:45:00,ACCD,3.5950000286102295,3.5950000286102295,3.6098999977111816,3.5950000286102295,3.6050000190734863,8120.0
2024-07-03 10:45:00,ACET,1.0549999475479126,1.0549999475479126,1.059999942779541,1.0549999475479126,1.059999942779541,805.0
2024-07-03 10:45:00,ACHC,66.25,66.25,66.25,66.25,66.25,354.0
2024-07-03 10:45:00,ACLX,54.09000015258789,54.09000015258789,54.11000061035156,54.09000015258789,54.11000061035156,1194.0
2024-07-03 10:45:00,ACRS,1.1699999570846558,1.1699999570846558,1.1699999570846558,1.1699999570846558,1.1699999570846558,4944.0
2024-07-03 10:45:00,ADAP,1.0399999618530273,1.0399999618530273,1.0449999570846558,1.0399999618530273,1.0399999618530273,1662.0
2024-07-03 10:45:00,ADMA,11.390000343322754,11.390000343322754,11.390000343322754,11.390000343322754,11.390000343322754,2036.0
2024-07-03 10:45:00,ADPT,3.380000114440918,3.380000114440918,3.380000114440918,3.380000114440918,3.380000114440918,1023.0
2024-07-03 10:45:00,AGEN,14.629400253295898,14.629400253295898,14.629400253295898,14.629400253295898,14.629400253295898,218.0
2024-07-03 10:45:00,AHCO,9.8100004196167,9.8100004196167,9.8100004196167,9.8100004196167,9.8100004196167,570.0
2024-07-03 10:45:00,AKBA,0.9603999853134155,0.9603999853134155,0.9603999853134155,0.954200029373169,0.954200029373169,65779.0
2024-07-03 10:45:00,AKRO,22.239999771118164,22.239999771118164,22.239999771118164,22.239999771118164,22.239999771118164,593.0
2024-07-03 10:45:00,ALDX,3.25,3.25,3.25,3.25,3.25,175.0
2024-07-03 10:45:00,ALGN,238.1699981689453,238.1699981689453,238.1699981689453,237.97000122070312,238.11000061035156,2025.0
2024-07-03 10:45:00,ALGS,0.44020000100135803,0.44020000100135803,0.44020000100135803,0.4300000071525574,0.4334999918937683,24314.0
2024-07-03 10:45:00,ALHC,8.0,8.0,8.0,8.0,8.0,829.0
2024-07-03 10:45:00,ALIM,5.519999980926514,5.519999980926514,5.52209997177124,5.519999980926514,5.52209997177124,1365.0
2024-07-03 10:45:00,ALKS,24.309999465942383,24.309999465942383,24.309999465942383,24.309999465942383,24.309999465942383,1466.0
2024-07-03 10:45:00,ALLK,0.8586999773979187,0.8586999773979187,0.8622999787330627,0.8586999773979187,0.8622999787330627,802.0
2024-07-03 10:45:00,ALLO,2.125,2.125,2.134999990463257,2.125,2.134999990463257,10634.0
2024-07-03 10:45:00,ALLR,0.20319999754428864,0.20319999754428864,0.20499999821186066,0.2029999941587448,0.20350000262260437,45926.0
2024-07-03 10:45:00,ALNY,247.27000427246094,247.27000427246094,247.3000030517578,247.27000427246094,247.3000030517578,2226.0
2024-07-03 10:45:00,ALT,6.775000095367432,6.775000095367432,6.789899826049805,6.769999980926514,6.784999847412109,5991.0
2024-07-03 10:45:00,ALVO,12.350000381469727,12.350000381469727,12.350000381469727,12.350000381469727,12.350000381469727,200.0
2024-07-03 10:45:00,ALVR,0.7351999878883362,0.7351999878883362,0.7383000254631042,0.7351999878883362,0.7382000088691711,847.0
2024-07-03 10:45:00,ALXO,5.824999809265137,5.824999809265137,5.824999809265137,5.824999809265137,5.824999809265137,525.0
2024-07-03 10:45:00,AMED,96.77220153808594,96.77220153808594,96.86849975585938,96.75,96.86000061035156,7496.0
2024-07-03 10:45:00,AMGN,310.17498779296875,310.17498779296875,310.5050048828125,310.17498779296875,310.5050048828125,2323.0
2024-07-03 10:45:00,AMLX,1.75,1.75,1.7549999952316284,1.75,1.7549999952316284,1935.0
2024-07-03 10:45:00,AMPH,38.29999923706055,38.29999923706055,38.3849983215332,38.29999923706055,38.3849983215332,2092.0
2024-07-03 10:45:00,AMRN,0.710099995136261,0.710099995136261,0.710099995136261,0.710099995136261,0.710099995136261,1200.0
2024-07-03 10:45:00,ANAB,25.34000015258789,25.34000015258789,25.34000015258789,25.34000015258789,25.34000015258789,443.0
2024-07-03 10:45:00,ANGO,5.630000114440918,5.630000114440918,5.639999866485596,5.630000114440918,5.639999866485596,630.0
2024-07-03 10:45:00,ANNX,4.800000190734863,4.800000190734863,4.800000190734863,4.800000190734863,4.800000190734863,1529.0
2024-07-03 10:45:00,APLS,35.7400016784668,35.7400016784668,35.86000061035156,35.70000076293945,35.849998474121094,2735.0
2024-07-03 10:45:00,APLT,4.440000057220459,4.440000057220459,4.460000038146973,4.440000057220459,4.460000038146973,6480.0
2024-07-03 10:45:00,AQST,2.4198999404907227,2.4198999404907227,2.4198999404907227,2.4100000858306885,2.4100000858306885,328.0
2024-07-03 10:45:00,ARAY,1.7549999952316284,1.7549999952316284,1.7549999952316284,1.7549999952316284,1.7549999952316284,0.0
2024-07-03 10:45:00,ARCT,21.579999923706055,21.579999923706055,21.584999084472656,21.540000915527344,21.56999969482422,1824.0
2024-07-03 10:45:00,ARDX,5.190000057220459,5.190000057220459,5.219799995422363,5.179999828338623,5.215000152587891,38822.0
2024-07-03 10:45:00,ARGX,435.5899963378906,435.5899963378906,435.9200134277344,435.5899963378906,435.635009765625,459.0
2024-07-03 10:45:00,ARQT,9.645000457763672,9.645000457763672,9.645000457763672,9.635000228881836,9.635000228881836,774.0
2024-07-03 10:45:00,ARVN,24.690000534057617,24.690000534057617,24.712499618530273,24.690000534057617,24.700000762939453,1343.0
2024-07-03 10:45:00,ARWR,25.59000015258789,25.59000015258789,25.6200008392334,25.59000015258789,25.618099212646484,2152.0
2024-07-03 10:45:00,ASRT,1.3250000476837158,1.3250000476837158,1.3250000476837158,1.3250000476837158,1.3250000476837158,1140.0
2024-07-03 10:45:00,ATEC,9.9350004196167,9.9350004196167,9.9399995803833,9.9350004196167,9.939900398254395,2264.0
2024-07-03 10:45:00,ATNF,1.5700000524520874,1.5700000524520874,1.5700000524520874,1.5700000524520874,1.5700000524520874,650.0
2024-07-03 10:45:00,ATOS,1.159999966621399,1.159999966621399,1.1686999797821045,1.159999966621399,1.1649999618530273,1550.0
2024-07-03 10:45:00,ATRC,22.270000457763672,22.270000457763672,22.28499984741211,22.270000457763672,22.28499984741211,905.0
2024-07-03 10:45:00,ATRI,452.5,452.5,452.5,452.5,452.5,181.0
2024-07-03 10:45:00,ATXS,9.0,9.0,9.007499694824219,9.0,9.007499694824219,707.0
2024-07-03 10:45:00,AUGX,0.9975000023841858,0.9975000023841858,0.9975000023841858,0.9975000023841858,0.9975000023841858,1.0
2024-07-03 10:45:00,AUPH,5.485000133514404,5.485000133514404,5.485000133514404,5.485000133514404,5.485000133514404,1117.0
2024-07-03 10:45:00,AVDL,14.350000381469727,14.350000381469727,14.359999656677246,14.319999694824219,14.319999694824219,3367.0
2024-07-03 10:45:00,AVIR,3.315000057220459,3.315000057220459,3.315000057220459,3.315000057220459,3.315000057220459,391.0
2024-07-03 10:45:00,AVTE,1.6299999952316284,1.6299999952316284,1.6299999952316284,1.6299999952316284,1.6299999952316284,1818.0
2024-07-03 10:45:00,AVXL,4.25,4.25,4.260000228881836,4.25,4.260000228881836,1683.0
2024-07-03 10:45:00,AWH,1.0104999542236328,1.0104999542236328,1.0104999542236328,1.0104999542236328,1.0104999542236328,150.0
2024-07-03 10:45:00,AXGN,7.46999979019165,7.46999979019165,7.489999771118164,7.46999979019165,7.489999771118164,1715.0
2024-07-03 10:45:00,AXNX,67.47000122070312,67.47000122070312,67.47000122070312,67.47000122070312,67.47000122070312,200.0
2024-07-03 10:45:00,AZN,76.91000366210938,76.91000366210938,76.94000244140625,76.9000015258789,76.92500305175781,6917.0
2024-07-03 10:45:00,AZTA,52.68000030517578,52.68000030517578,52.689998626708984,52.68000030517578,52.689998626708984,654.0
2024-07-03 10:45:00,BBIO,25.299999237060547,25.299999237060547,25.309999465942383,25.239999771118164,25.239999771118164,1962.0
2024-07-03 10:45:00,BCAB,1.3350000381469727,1.3350000381469727,1.3350000381469727,1.3350000381469727,1.3350000381469727,755.0
2024-07-03 10:45:00,BCRX,6.59499979019165,6.59499979019165,6.619999885559082,6.590000152587891,6.619999885559082,4788.0
2024-07-03 10:45:00,BDTX,4.190000057220459,4.190000057220459,4.190000057220459,4.190000057220459,4.190000057220459,1607.0
2024-07-03 10:45:00,BEAM,23.549999237060547,23.549999237060547,23.549999237060547,23.469999313354492,23.520000457763672,5448.0
2024-07-03 10:45:00,BGNE,147.60499572753906,147.60499572753906,147.60499572753906,147.60499572753906,147.60499572753906,736.0
2024-07-03 10:45:00,BIIB,225.38999938964844,225.38999938964844,225.38999938964844,225.38999938964844,225.38999938964844,1512.0
2024-07-03 10:45:00,BIOR,0.621999979019165,0.621999979019165,0.621999979019165,0.621999979019165,0.621999979019165,5915.0
2024-07-03 10:45:00,BLUE,0.9413999915122986,0.9413999915122986,0.9440000057220459,0.9413999915122986,0.9427000284194946,11576.0
2024-07-03 10:45:00,BMEA,4.46150016784668,4.46150016784668,4.46999979019165,4.46150016784668,4.46999979019165,1887.0
2024-07-03 10:45:00,BMRN,81.12000274658203,81.12000274658203,81.12000274658203,81.08000183105469,81.0999984741211,983.0
2024-07-03 10:45:00,BNGO,0.5644000172615051,0.5644000172615051,0.5687000155448914,0.5644000172615051,0.5644000172615051,1577.0
2024-07-03 10:45:00,BNTX,80.88999938964844,80.88999938964844,80.91500091552734,80.88999938964844,80.91000366210938,1499.0
2024-07-03 10:45:00,BPMC,110.8550033569336,110.8550033569336,110.86000061035156,110.8550033569336,110.86000061035156,753.0
2024-07-03 10:45:00,BRKR,61.7400016784668,61.7400016784668,61.7400016784668,61.70000076293945,61.70000076293945,647.0
2024-07-03 10:45:00,CCCC,4.730000019073486,4.730000019073486,4.739999771118164,4.721199989318848,4.735000133514404,2049.0
2024-07-03 10:45:00,CCRN,13.720000267028809,13.720000267028809,13.720000267028809,13.720000267028809,13.720000267028809,494.0
2024-07-03 10:45:00,CDMO,7.559999942779541,7.559999942779541,7.559999942779541,7.5,7.519999980926514,6279.0
2024-07-03 10:45:00,CDNA,15.239999771118164,15.239999771118164,15.239999771118164,15.239999771118164,15.239999771118164,223.0
2024-07-03 10:45:00,CDXS,2.901099920272827,2.901099920272827,2.901099920272827,2.901099920272827,2.901099920272827,311.0
2024-07-03 10:45:00,CERE,41.29999923706055,41.29999923706055,41.310001373291016,41.29999923706055,41.30500030517578,2720.0
2024-07-03 10:45:00,CERT,13.859999656677246,13.859999656677246,13.859999656677246,13.859999656677246,13.859999656677246,403.0
2024-07-03 10:45:00,CGC,6.804999828338623,6.804999828338623,6.809999942779541,6.775000095367432,6.775000095367432,24865.0
2024-07-03 10:45:00,CGEM,16.975000381469727,16.975000381469727,16.975000381469727,16.975000381469727,16.975000381469727,1352.0
2024-07-03 10:45:00,CGEN,1.6799999475479126,1.6799999475479126,1.6799999475479126,1.6799999475479126,1.6799999475479126,200.0
2024-07-03 10:45:00,CGTX,1.7999999523162842,1.7999999523162842,1.7999999523162842,1.7999999523162842,1.7999999523162842,100.0
2024-07-03 10:45:00,CHRS,1.4155999422073364,1.4155999422073364,1.4199999570846558,1.4149999618530273,1.4199999570846558,5135.0
2024-07-03 10:45:00,CLDX,36.72999954223633,36.72999954223633,36.849998474121094,36.72999954223633,36.849998474121094,1363.0
2024-07-03 10:45:00,CLOV,1.2549999952316284,1.2549999952316284,1.2596999406814575,1.25,1.2502000331878662,22296.0
2024-07-03 10:45:00,CLSD,1.2515000104904175,1.2515000104904175,1.2515000104904175,1.2515000104904175,1.2515000104904175,5400.0
2024-07-03 10:45:00,CNSP,2.0950000286102295,2.0950000286102295,2.119999885559082,2.0799999237060547,2.1087000370025635,73775.0
2024-07-03 10:45:00,CNTA,8.779999732971191,8.779999732971191,8.779999732971191,8.779999732971191,8.779999732971191,184.0
2024-07-03 10:45:00,CNTB,1.3799999952316284,1.3799999952316284,1.3799999952316284,1.3799999952316284,1.3799999952316284,525.0
2024-07-03 10:45:00,COGT,8.3149995803833,8.3149995803833,8.319999694824219,8.300000190734863,8.300000190734863,3637.0
2024-07-03 10:45:00,COLL,32.22999954223633,32.22999954223633,32.290000915527344,32.22999954223633,32.279998779296875,3003.0
2024-07-03 10:45:00,CORT,30.670000076293945,30.670000076293945,30.670000076293945,30.649999618530273,30.670000076293945,1060.0
2024-07-03 10:45:00,COSM,0.9524999856948853,0.9524999856948853,0.9524999856948853,0.9524999856948853,0.9524999856948853,1500.0
2024-07-03 10:45:00,CPRX,15.600000381469727,15.600000381469727,15.640000343322754,15.600000381469727,15.640000343322754,3215.0
2024-07-03 10:45:00,CRBU,1.5902999639511108,1.5902999639511108,1.5950000286102295,1.590000033378601,1.5950000286102295,16200.0
2024-07-03 10:45:00,CRDF,2.2950000762939453,2.2950000762939453,2.2950000762939453,2.2950000762939453,2.2950000762939453,148.0
2024-07-03 10:45:00,CRNX,45.099998474121094,45.099998474121094,45.099998474121094,45.08000183105469,45.09000015258789,1054.0
2024-07-03 10:45:00,CRON,2.3499999046325684,2.3499999046325684,2.3499999046325684,2.3499999046325684,2.3499999046325684,290.0
2024-07-03 10:45:00,CRSP,54.154998779296875,54.154998779296875,54.24039840698242,54.150001525878906,54.22999954223633,3348.0
2024-07-03 10:45:00,CSTL,21.40999984741211,21.40999984741211,21.420000076293945,21.40999984741211,21.420000076293945,823.0
2024-07-03 10:45:00,CTMX,1.3300000429153442,1.3300000429153442,1.3300000429153442,1.3300000429153442,1.3300000429153442,200.0
2024-07-03 10:45:00,CTSO,0.8299000263214111,0.8299000263214111,0.8299000263214111,0.8299000263214111,0.8299000263214111,0.0
2024-07-03 10:45:00,CTXR,0.5101000070571899,0.5101000070571899,0.5101000070571899,0.5101000070571899,0.5101000070571899,5010.0
2024-07-03 10:45:00,CUE,1.0199999809265137,1.0199999809265137,1.0299999713897705,1.0199999809265137,1.0299999713897705,3158.0
2024-07-03 10:45:00,CVAC,3.3789000511169434,3.3789000511169434,3.4100000858306885,3.365000009536743,3.4100000858306885,33493.0
2024-07-03 10:45:00,CYTK,54.790000915527344,54.790000915527344,54.88999938964844,54.790000915527344,54.88999938964844,509.0
2024-07-03 10:45:00,DCGO,2.934999942779541,2.934999942779541,2.934999942779541,2.934999942779541,2.934999942779541,251.0
2024-07-03 10:45:00,DH,5.380000114440918,5.380000114440918,5.380000114440918,5.380000114440918,5.380000114440918,758.0
2024-07-03 10:45:00,DNLI,21.770000457763672,21.770000457763672,21.780000686645508,21.770000457763672,21.780000686645508,437.0
2024-07-03 10:45:00,DSGN,3.25,3.25,3.25,3.240000009536743,3.240000009536743,2072.0
2024-07-03 10:45:00,DVAX,11.125,11.125,11.125,11.125,11.125,409.0
2024-07-03 10:45:00,DXCM,110.20999908447266,110.20999908447266,110.2300033569336,110.19999694824219,110.2300033569336,1996.0
2024-07-03 10:45:00,DYN,34.5724983215332,34.5724983215332,34.619998931884766,34.56999969482422,34.619998931884766,1666.0
2024-07-03 10:45:00,EDIT,4.670000076293945,4.670000076293945,4.679999828338623,4.670000076293945,4.679999828338623,2351.0
2024-07-03 10:45:00,ELEV,2.680000066757202,2.680000066757202,2.680000066757202,2.680000066757202,2.680000066757202,317.0
2024-07-03 10:45:00,EMBC,12.050000190734863,12.050000190734863,12.069999694824219,12.050000190734863,12.069999694824219,1526.0
2024-07-03 10:45:00,ENSC,0.47749999165534973,0.47749999165534973,0.47749999165534973,0.47749999165534973,0.47749999165534973,760.0
2024-07-03 10:45:00,ENVB,0.5095000267028809,0.5095000267028809,0.5095000267028809,0.5095000267028809,0.5095000267028809,0.0
2024-07-03 10:45:00,EOLS,10.859999656677246,10.859999656677246,10.859999656677246,10.84000015258789,10.84000015258789,2025.0
2024-07-03 10:45:00,ESPR,2.369999885559082,2.369999885559082,2.369999885559082,2.365000009536743,2.365000009536743,8636.0
2024-07-03 10:45:00,ETNB,7.650000095367432,7.650000095367432,7.670000076293945,7.650000095367432,7.670000076293945,3992.0
2024-07-03 10:45:00,EWTX,18.049999237060547,18.049999237060547,18.049999237060547,18.049999237060547,18.049999237060547,562.0
2024-07-03 10:45:00,EXAI,5.400000095367432,5.400000095367432,5.449999809265137,5.369999885559082,5.412600040435791,19165.0
2024-07-03 10:45:00,EXAS,43.189998626708984,43.189998626708984,43.209999084472656,43.189998626708984,43.209999084472656,1967.0
2024-07-03 10:45:00,EXEL,22.030000686645508,22.030000686645508,22.040000915527344,22.030000686645508,22.040000915527344,1447.0
2024-07-03 10:45:00,EYEN,0.7900999784469604,0.7900999784469604,0.8051000237464905,0.7900999784469604,0.8051000237464905,19718.0
2024-07-03 10:45:00,EYPT,8.359999656677246,8.359999656677246,8.359999656677246,8.359999656677246,8.359999656677246,565.0
2024-07-03 10:45:00,FATE,3.259999990463257,3.259999990463257,3.265000104904175,3.255000114440918,3.259999990463257,2552.0
2024-07-03 10:45:00,FBIO,1.7699999809265137,1.7699999809265137,1.7699999809265137,1.7699999809265137,1.7699999809265137,76.0
2024-07-03 10:45:00,FDMT,21.06999969482422,21.06999969482422,21.1299991607666,21.06999969482422,21.110000610351562,616.0
2024-07-03 10:45:00,FEMY,1.1299999952316284,1.1299999952316284,1.1299999952316284,1.125,1.125,427.0
2024-07-03 10:45:00,FGEN,0.7210000157356262,0.7210000157356262,0.7210000157356262,0.7210000157356262,0.7210000157356262,2380.0
2024-07-03 10:45:00,FHTX,5.539999961853027,5.539999961853027,5.539999961853027,5.539999961853027,5.539999961853027,200.0
2024-07-03 10:45:00,FLGT,20.18000030517578,20.18000030517578,20.18000030517578,20.18000030517578,20.18000030517578,472.0
2024-07-03 10:45:00,FOLD,9.885000228881836,9.885000228881836,9.890000343322754,9.885000228881836,9.890000343322754,2299.0
2024-07-03 10:45:00,FULC,6.159999847412109,6.159999847412109,6.170000076293945,6.15500020980835,6.170000076293945,3339.0
2024-07-03 10:45:00,GBIO,2.3399999141693115,2.3399999141693115,2.359999895095825,2.3399999141693115,2.359999895095825,2279.0
2024-07-03 10:45:00,GDRX,7.864999771118164,7.864999771118164,7.864999771118164,7.849999904632568,7.855000019073486,6342.0
2024-07-03 10:45:00,GERN,4.364999771118164,4.364999771118164,4.380000114440918,4.349999904632568,4.380000114440918,40508.0
2024-07-03 10:45:00,GH,28.440000534057617,28.440000534057617,28.475000381469727,28.420000076293945,28.475000381469727,3085.0
2024-07-03 10:45:00,GILD,66.9800033569336,66.9800033569336,67.0199966430664,66.95999908447266,67.0165023803711,13365.0
2024-07-03 10:45:00,GLYC,0.2711000144481659,0.2711000144481659,0.2711000144481659,0.2709999978542328,0.2709999978542328,4773.0
2024-07-03 10:45:00,GMAB,25.219999313354492,25.219999313354492,25.229999542236328,25.200000762939453,25.200000762939453,1239.0
2024-07-03 10:45:00,GOSS,0.9448000192642212,0.9448000192642212,0.9448000192642212,0.9448000192642212,0.9448000192642212,1205.0
2024-07-03 10:45:00,GOVX,3.0299999713897705,3.0299999713897705,3.0299999713897705,3.0250000953674316,3.0250000953674316,616.0
2024-07-03 10:45:00,GRTS,0.5879999995231628,0.5879999995231628,0.5879999995231628,0.5871999859809875,0.5871999859809875,4306.0
2024-07-03 10:45:00,GRTX,0.13500000536441803,0.13500000536441803,0.13500000536441803,0.13500000536441803,0.13500000536441803,1000.0
2024-07-03 10:45:00,GTHX,2.509999990463257,2.509999990463257,2.5199999809265137,2.5,2.5,10126.0
2024-07-03 10:45:00,HALO,51.47999954223633,51.47999954223633,51.529998779296875,51.47999954223633,51.52000045776367,1583.0
2024-07-03 10:45:00,HBIO,2.759999990463257,2.759999990463257,2.759999990463257,2.759999990463257,2.759999990463257,521.0
2024-07-03 10:45:00,HCSG,10.550000190734863,10.550000190734863,10.5600004196167,10.550000190734863,10.5600004196167,953.0
2024-07-03 10:45:00,HOLX,73.30999755859375,73.30999755859375,73.36499786376953,73.29000091552734,73.36499786376953,6099.0
2024-07-03 10:45:00,HQY,83.16999816894531,83.16999816894531,83.31999969482422,83.05999755859375,83.05999755859375,2310.0
2024-07-03 10:45:00,HRMY,30.139999389648438,30.139999389648438,30.200000762939453,30.139999389648438,30.15999984741211,2067.0
2024-07-03 10:45:00,HRTX,2.815000057220459,2.815000057220459,2.815000057220459,2.7899999618530273,2.7950000762939453,23269.0
2024-07-03 10:45:00,HSDT,0.9524999856948853,0.9524999856948853,0.9524999856948853,0.9524999856948853,0.9524999856948853,539.0
2024-07-03 10:45:00,HSIC,65.45999908447266,65.45999908447266,65.47000122070312,65.44999694824219,65.47000122070312,1877.0
2024-07-03 10:45:00,HUGE,0.1468999981880188,0.1468999981880188,0.1468999981880188,0.1468999981880188,0.1468999981880188,511.0
2024-07-03 10:45:00,HUMA,5.630099773406982,5.630099773406982,5.659999847412109,5.630099773406982,5.659999847412109,5344.0
2024-07-03 10:45:00,IBRX,6.28000020980835,6.28000020980835,6.28000020980835,6.28000020980835,6.28000020980835,326.0
2024-07-03 10:45:00,ICLR,318.3999938964844,318.3999938964844,318.4100036621094,318.0,318.0,1636.0
2024-07-03 10:45:00,IDXX,474.94000244140625,474.94000244140625,475.1000061035156,474.6000061035156,475.04998779296875,3978.0
2024-07-03 10:45:00,IDYA,33.744998931884766,33.744998931884766,33.744998931884766,33.744998931884766,33.744998931884766,292.0
2024-07-03 10:45:00,IGMS,6.579999923706055,6.579999923706055,6.579999923706055,6.579999923706055,6.579999923706055,333.0
2024-07-03 10:45:00,IKNA,1.649999976158142,1.649999976158142,1.649999976158142,1.649999976158142,1.649999976158142,487.0
2024-07-03 10:45:00,ILMN,104.69000244140625,104.69000244140625,104.86000061035156,104.69000244140625,104.69000244140625,2305.0
2024-07-03 10:45:00,IMCR,36.119998931884766,36.119998931884766,36.16999816894531,36.119998931884766,36.16999816894531,400.0
2024-07-03 10:45:00,IMMX,2.3499999046325684,2.3499999046325684,2.3499999046325684,2.305500030517578,2.3399999141693115,2120.0
2024-07-03 10:45:00,IMNM,12.0649995803833,12.0649995803833,12.0649995803833,12.0649995803833,12.0649995803833,200.0
2024-07-03 10:45:00,IMRX,1.159999966621399,1.159999966621399,1.1699999570846558,1.159999966621399,1.1649999618530273,1016.0
2024-07-03 10:45:00,IMVT,26.610000610351562,26.610000610351562,26.649999618530273,26.610000610351562,26.6200008392334,1166.0
2024-07-03 10:45:00,INBX,13.329999923706055,13.329999923706055,13.34000015258789,13.295000076293945,13.329999923706055,1372.0
2024-07-03 10:45:00,INCY,57.93000030517578,57.93000030517578,57.970001220703125,57.900001525878906,57.970001220703125,5858.0
2024-07-03 10:45:00,INGN,7.869999885559082,7.869999885559082,7.869999885559082,7.869999885559082,7.869999885559082,316.0
2024-07-03 10:45:00,INMB,7.994999885559082,7.994999885559082,7.994999885559082,7.994999885559082,7.994999885559082,426.0
2024-07-03 10:45:00,INMD,17.670000076293945,17.670000076293945,17.729999542236328,17.670000076293945,17.729999542236328,7357.0
2024-07-03 10:45:00,INSM,63.25,63.25,63.39619827270508,63.165000915527344,63.39619827270508,9011.0
2024-07-03 10:45:00,IONM,0.3294000029563904,0.3294000029563904,0.3294000029563904,0.3294000029563904,0.3294000029563904,452.0
2024-07-03 10:45:00,IONS,44.59000015258789,44.59000015258789,44.709999084472656,44.59000015258789,44.709999084472656,8198.0
2024-07-03 10:45:00,IOVA,7.71999979019165,7.71999979019165,7.730000019073486,7.699999809265137,7.71999979019165,35994.0
2024-07-03 10:45:00,IRTC,95.62000274658203,95.62000274658203,96.0,95.62000274658203,95.86000061035156,1032.0
2024-07-03 10:45:00,IRWD,6.175000190734863,6.175000190734863,6.190000057220459,6.175000190734863,6.190000057220459,3162.0
2024-07-03 10:45:00,ISPC,0.2800999879837036,0.2800999879837036,0.2800999879837036,0.2800999879837036,0.2800999879837036,0.0
2024-07-03 10:45:00,ISRG,434.5,434.5,434.8699951171875,434.5,434.69000244140625,2547.0
2024-07-03 10:45:00,ITCI,68.04000091552734,68.04000091552734,68.04000091552734,68.0,68.03500366210938,576.0
2024-07-03 10:45:00,ITOS,14.739999771118164,14.739999771118164,14.739999771118164,14.720000267028809,14.729999542236328,2213.0
2024-07-03 10:45:00,IVVD,1.125,1.125,1.125,1.125,1.125,3359.0
2024-07-03 10:45:00,JAGX,3.5195999145507812,3.5195999145507812,3.5195999145507812,3.5195999145507812,3.5195999145507812,941.0
2024-07-03 10:45:00,JANX,38.400001525878906,38.400001525878906,38.400001525878906,38.380001068115234,38.400001525878906,1030.0
2024-07-03 10:45:00,JAZZ,104.7874984741211,104.7874984741211,104.84500122070312,104.7874984741211,104.80999755859375,2152.0
2024-07-03 10:45:00,KALV,11.670000076293945,11.670000076293945,11.699999809265137,11.645000457763672,11.645000457763672,2889.0
2024-07-03 10:45:00,KIDS,29.739999771118164,29.739999771118164,29.829999923706055,29.729999542236328,29.829999923706055,1163.0
2024-07-03 10:45:00,KMDA,5.179999828338623,5.179999828338623,5.179999828338623,5.179999828338623,5.179999828338623,286.0
2024-07-03 10:45:00,KOD,2.2200000286102295,2.2200000286102295,2.2200000286102295,2.2200000286102295,2.2200000286102295,469.0
2024-07-03 10:45:00,KPTI,0.8382999897003174,0.8382999897003174,0.8400999903678894,0.8382999897003174,0.8400999903678894,4052.0
2024-07-03 10:45:00,KRMD,2.309999942779541,2.309999942779541,2.309999942779541,2.309999942779541,2.309999942779541,106.0
2024-07-03 10:45:00,KROS,42.45500183105469,42.45500183105469,42.45500183105469,42.45500183105469,42.45500183105469,939.0
2024-07-03 10:45:00,KTRA,0.2822999954223633,0.2822999954223633,0.2822999954223633,0.2822999954223633,0.2822999954223633,313.0
2024-07-03 10:45:00,KURA,20.65999984741211,20.65999984741211,20.65999984741211,20.65999984741211,20.65999984741211,806.0
2024-07-03 10:45:00,KYMR,30.729999542236328,30.729999542236328,30.729999542236328,30.709999084472656,30.729999542236328,1061.0
2024-07-03 10:45:00,KZR,0.5781999826431274,0.5781999826431274,0.5781999826431274,0.5781999826431274,0.5781999826431274,524.0
2024-07-03 10:45:00,LAB,1.7999999523162842,1.7999999523162842,1.7999999523162842,1.7899999618530273,1.7899999618530273,1573.0
2024-07-03 10:45:00,LBPH,32.209999084472656,32.209999084472656,32.209999084472656,32.209999084472656,32.209999084472656,518.0
2024-07-03 10:45:00,LEGN,45.66999816894531,45.66999816894531,45.66999816894531,45.66999816894531,45.66999816894531,261.0
2024-07-03 10:45:00,LFMD,6.710000038146973,6.710000038146973,6.710000038146973,6.710000038146973,6.710000038146973,1178.0
2024-07-03 10:45:00,LFST,5.164999961853027,5.164999961853027,5.175000190734863,5.164999961853027,5.175000190734863,2645.0
2024-07-03 10:45:00,LGND,82.92500305175781,82.92500305175781,82.92500305175781,82.92500305175781,82.92500305175781,316.0
2024-07-03 10:45:00,LIVN,52.76380157470703,52.76380157470703,52.79999923706055,52.76380157470703,52.790000915527344,818.0
2024-07-03 10:45:00,LNTH,78.93000030517578,78.93000030517578,78.93000030517578,78.83000183105469,78.83000183105469,1578.0
2024-07-03 10:45:00,LQDA,12.039999961853027,12.039999961853027,12.079999923706055,12.039999961853027,12.079999923706055,2225.0
2024-07-03 10:45:00,LRMR,7.670000076293945,7.670000076293945,7.699999809265137,7.659999847412109,7.679999828338623,1437.0
2024-07-03 10:45:00,LUCY,0.4650999903678894,0.4650999903678894,0.4724000096321106,0.4650999903678894,0.4708000123500824,93642.0
2024-07-03 10:45:00,LXRX,1.6100000143051147,1.6100000143051147,1.6150000095367432,1.6100000143051147,1.6150000095367432,5125.0
2024-07-03 10:45:00,LYEL,1.440000057220459,1.440000057220459,1.4450000524520874,1.440000057220459,1.4450000524520874,2445.0
2024-07-03 10:45:00,MASI,113.9800033569336,113.9800033569336,114.12999725341797,113.9800033569336,114.12999725341797,854.0
2024-07-03 10:45:00,MASS,4.78000020980835,4.78000020980835,4.789999961853027,4.78000020980835,4.789999961853027,860.0
2024-07-03 10:45:00,MBIO,0.5184999704360962,0.5184999704360962,0.519599974155426,0.5174000263214111,0.5184999704360962,76040.0
2024-07-03 10:45:00,MBOT,1.0700000524520874,1.0700000524520874,1.0700000524520874,1.0700000524520874,1.0700000524520874,1025.0
2024-07-03 10:45:00,MBRX,3.4921000003814697,3.4921000003814697,3.4921000003814697,3.4921000003814697,3.4921000003814697,0.0
2024-07-03 10:45:00,MCRB,0.7143999934196472,0.7143999934196472,0.7175999879837036,0.7143999934196472,0.7175999879837036,14678.0
2024-07-03 10:45:00,MDXG,6.78000020980835,6.78000020980835,6.78000020980835,6.775000095367432,6.775000095367432,558.0
2024-07-03 10:45:00,ME,0.40119999647140503,0.40119999647140503,0.40119999647140503,0.40070000290870667,0.40070000290870667,5397.0
2024-07-03 10:45:00,MGNX,4.264999866485596,4.264999866485596,4.315000057220459,4.264999866485596,4.315000057220459,18297.0
2024-07-03 10:45:00,MGTX,4.03000020980835,4.03000020980835,4.03000020980835,4.03000020980835,4.03000020980835,700.0
2024-07-03 10:45:00,MIRM,33.80500030517578,33.80500030517578,33.82749938964844,33.80500030517578,33.80500030517578,422.0
2024-07-03 10:45:00,MLTX,41.65999984741211,41.65999984741211,41.810001373291016,41.65999984741211,41.71500015258789,804.0
2024-07-03 10:45:00,MMSI,85.72000122070312,85.72000122070312,85.72000122070312,85.72000122070312,85.72000122070312,576.0
2024-07-03 10:45:00,MNKD,5.105000019073486,5.105000019073486,5.105000019073486,5.105000019073486,5.105000019073486,394.0
2024-07-03 10:45:00,MNMD,7.210000038146973,7.210000038146973,7.25,7.210000038146973,7.25,5125.0
2024-07-03 10:45:00,MORF,31.954999923706055,31.954999923706055,31.959999084472656,31.90999984741211,31.920000076293945,759.0
2024-07-03 10:45:00,MREO,3.5250000953674316,3.5250000953674316,3.5250000953674316,3.5250000953674316,3.5250000953674316,108.0
2024-07-03 10:45:00,MRNA,116.81999969482422,116.81999969482422,117.70999908447266,116.81999969482422,117.70999908447266,31874.0
2024-07-03 10:45:00,MRSN,1.9149999618530273,1.9149999618530273,1.9149999618530273,1.9149999618530273,1.9149999618530273,1515.0
2024-07-03 10:45:00,MRUS,52.810001373291016,52.810001373291016,52.81999969482422,52.810001373291016,52.81999969482422,312.0
2024-07-03 10:45:00,MRVI,6.789999961853027,6.789999961853027,6.804999828338623,6.789999961853027,6.804999828338623,2250.0
2024-07-03 10:45:00,MTEM,1.159999966621399,1.159999966621399,1.159999966621399,1.159999966621399,1.159999966621399,9408.0
2024-07-03 10:45:00,MXCT,3.7249999046325684,3.7249999046325684,3.7300000190734863,3.7200000286102295,3.7200000286102295,1375.0
2024-07-03 10:45:00,MYGN,25.309999465942383,25.309999465942383,25.309999465942383,25.290000915527344,25.290000915527344,639.0
2024-07-03 10:45:00,NARI,49.6349983215332,49.6349983215332,49.69499969482422,49.61000061035156,49.69499969482422,1245.0
2024-07-03 10:45:00,NBIX,138.35000610351562,138.35000610351562,138.35000610351562,138.3000030517578,138.3000030517578,930.0
2024-07-03 10:45:00,NDRA,0.08460000157356262,0.08460000157356262,0.08460000157356262,0.08460000157356262,0.08460000157356262,2000.0
2024-07-03 10:45:00,NEO,13.699999809265137,13.699999809265137,13.720000267028809,13.699999809265137,13.720000267028809,1126.0
2024-07-03 10:45:00,NEOG,15.21500015258789,15.21500015258789,15.234999656677246,15.21500015258789,15.234999656677246,4481.0
2024-07-03 10:45:00,NKTR,1.2450000047683716,1.2450000047683716,1.25,1.2450000047683716,1.25,1900.0
2024-07-03 10:45:00,NKTX,5.460000038146973,5.460000038146973,5.489999771118164,5.460000038146973,5.489999771118164,870.0
2024-07-03 10:45:00,NLSP,0.2020999938249588,0.2020999938249588,0.2020999938249588,0.2020999938249588,0.2020999938249588,1708.0
2024-07-03 10:45:00,NNOX,7.070000171661377,7.070000171661377,7.070000171661377,7.059999942779541,7.059999942779541,1842.0
2024-07-03 10:45:00,NPCE,7.300000190734863,7.300000190734863,7.300000190734863,7.300000190734863,7.300000190734863,555.0
2024-07-03 10:45:00,NRIX,19.625,19.625,19.670000076293945,19.625,19.639999389648438,1361.0
2024-07-03 10:45:00,NRXP,2.5999999046325684,2.5999999046325684,2.5999999046325684,2.5999999046325684,2.5999999046325684,2886.0
2024-07-03 10:45:00,NTLA,22.670000076293945,22.670000076293945,22.719999313354492,22.670000076293945,22.719999313354492,2543.0
2024-07-03 10:45:00,NUTX,5.392300128936768,5.392300128936768,5.392300128936768,5.392300128936768,5.392300128936768,1389.0
2024-07-03 10:45:00,NVAX,12.829999923706055,12.829999923706055,12.899999618530273,12.829999923706055,12.899999618530273,18484.0
2024-07-03 10:45:00,NXL,1.399899959564209,1.399899959564209,1.399899959564209,1.3949999809265137,1.3949999809265137,2248.0
2024-07-03 10:45:00,OCGN,1.6549999713897705,1.6549999713897705,1.6549999713897705,1.6549999713897705,1.6549999713897705,7150.0
2024-07-03 10:45:00,OCUL,6.764999866485596,6.764999866485596,6.78000020980835,6.764999866485596,6.78000020980835,1903.0
2024-07-03 10:45:00,OGI,1.6050000190734863,1.6050000190734863,1.6050000190734863,1.6050000190734863,1.6050000190734863,665.0
2024-07-03 10:45:00,OLK,25.795000076293945,25.795000076293945,25.795000076293945,25.790000915527344,25.790000915527344,603.0
2024-07-03 10:45:00,OLMA,10.609999656677246,10.609999656677246,10.670000076293945,10.609999656677246,10.670000076293945,4422.0
2024-07-03 10:45:00,OM,3.700000047683716,3.700000047683716,3.7100000381469727,3.700000047683716,3.7100000381469727,2425.0
2024-07-03 10:45:00,OMCL,26.5,26.5,26.5,26.5,26.5,1020.0
2024-07-03 10:45:00,OMGA,1.9850000143051147,1.9850000143051147,1.9850000143051147,1.9850000143051147,1.9850000143051147,1194.0
2024-07-03 10:46:00,AADI,1.3700000047683716,1.3700000047683716,1.3700000047683716,1.3700000047683716,1.3700000047683716,301.0
2024-07-03 10:46:00,ABCL,2.7330000400543213,2.7330000400543213,2.7330000400543213,2.730799913406372,2.730799913406372,500.0
2024-07-03 10:46:00,ABSI,3.234999895095825,3.234999895095825,3.234999895095825,3.2211999893188477,3.2300000190734863,2473.0
2024-07-03 10:46:00,ABUS,3.1649999618530273,3.1649999618530273,3.174999952316284,3.1649999618530273,3.174999952316284,5324.0
2024-07-03 10:46:00,ACAD,15.6899995803833,15.6899995803833,15.6899995803833,15.6899995803833,15.6899995803833,1253.0
2024-07-03 10:46:00,ACB,4.961999893188477,4.961999893188477,4.961999893188477,4.961999893188477,4.961999893188477,1186.0
2024-07-03 10:46:00,ACCD,3.5950000286102295,3.5950000286102295,3.5999999046325684,3.5950000286102295,3.5999999046325684,6689.0
2024-07-03 10:46:00,ACET,1.059999942779541,1.059999942779541,1.059999942779541,1.059999942779541,1.059999942779541,647.0
2024-07-03 10:46:00,ACHC,66.16999816894531,66.16999816894531,66.16999816894531,66.16999816894531,66.16999816894531,614.0
2024-07-03 10:46:00,ACHV,4.53000020980835,4.53000020980835,4.579999923706055,4.53000020980835,4.574999809265137,4188.0
2024-07-03 10:46:00,ACRS,1.1699999570846558,1.1699999570846558,1.1699999570846558,1.1699999570846558,1.1699999570846558,1169.0
2024-07-03 10:46:00,ACXP,2.059999942779541,2.059999942779541,2.0950000286102295,2.059999942779541,2.0950000286102295,1946.0
2024-07-03 10:46:00,ADAP,1.0449999570846558,1.0449999570846558,1.0449999570846558,1.0399999618530273,1.0399999618530273,11651.0
2024-07-03 10:46:00,ADMA,11.375,11.375,11.375,11.369999885559082,11.369999885559082,4943.0
2024-07-03 10:46:00,ADPT,3.369999885559082,3.369999885559082,3.369999885559082,3.369999885559082,3.369999885559082,592.0
2024-07-03 10:46:00,ADVM,7.079999923706055,7.079999923706055,7.079999923706055,7.074999809265137,7.079999923706055,1139.0
2024-07-03 10:46:00,AGEN,14.609999656677246,14.609999656677246,14.609999656677246,14.609999656677246,14.609999656677246,702.0
2024-07-03 10:46:00,AKBA,0.9603999853134155,0.9603999853134155,0.9603999853134155,0.9578999876976013,0.9603999853134155,712.0
2024-07-03 10:46:00,ALGN,238.0800018310547,238.0800018310547,238.0800018310547,238.02000427246094,238.02999877929688,2228.0
2024-07-03 10:46:00,ALGS,0.43799999356269836,0.43799999356269836,0.4401000142097473,0.4350000023841858,0.4350000023841858,9343.0
2024-07-03 10:46:00,ALHC,8.0,8.0,8.0,8.0,8.0,788.0
2024-07-03 10:46:00,ALKS,24.31999969482422,24.31999969482422,24.31999969482422,24.309999465942383,24.309999465942383,757.0
2024-07-03 10:46:00,ALLO,2.134999990463257,2.134999990463257,2.134999990463257,2.130000114440918,2.130000114440918,7355.0
2024-07-03 10:46:00,ALLR,0.20329999923706055,0.20329999923706055,0.20329999923706055,0.20329999923706055,0.20329999923706055,1.0
2024-07-03 10:46:00,ALNY,247.3000030517578,247.3000030517578,247.3000030517578,247.2899932861328,247.2899932861328,1230.0
2024-07-03 10:46:00,ALT,6.78000020980835,6.78000020980835,6.784999847412109,6.775000095367432,6.78000020980835,3027.0
2024-07-03 10:46:00,ALVOW,3.3499999046325684,3.3499999046325684,3.3499999046325684,3.3499999046325684,3.3499999046325684,3218.0
2024-07-03 10:46:00,ALXO,5.809999942779541,5.809999942779541,5.824999809265137,5.809999942779541,5.824999809265137,372.0
2024-07-03 10:46:00,AMED,96.8949966430664,96.8949966430664,96.8949966430664,96.8949966430664,96.8949966430664,996.0
2024-07-03 10:46:00,AMGN,310.3599853515625,310.3599853515625,310.3699951171875,310.3399963378906,310.3399963378906,2606.0
2024-07-03 10:46:00,AMLX,1.75,1.75,1.7549999952316284,1.75,1.750599980354309,2153.0
2024-07-03 10:46:00,ANAB,25.360000610351562,25.360000610351562,25.360000610351562,25.360000610351562,25.360000610351562,317.0
2024-07-03 10:46:00,ANNX,4.789999961853027,4.789999961853027,4.800000190734863,4.789999961853027,4.795000076293945,4986.0
2024-07-03 10:46:00,APLS,35.79999923706055,35.79999923706055,35.79999923706055,35.72999954223633,35.72999954223633,812.0
2024-07-03 10:46:00,APLT,4.445000171661377,4.445000171661377,4.445000171661377,4.440000057220459,4.445000171661377,1638.0
2024-07-03 10:46:00,APVO,0.3149999976158142,0.3149999976158142,0.3149999976158142,0.3149999976158142,0.3149999976158142,1163.0
2024-07-03 10:46:00,AQST,2.4100000858306885,2.4100000858306885,2.4149999618530273,2.4100000858306885,2.4149999618530273,766.0
2024-07-03 10:46:00,ARAY,1.7599999904632568,1.7599999904632568,1.7599999904632568,1.7599999904632568,1.7599999904632568,493.0
2024-07-03 10:46:00,ARCT,21.565000534057617,21.565000534057617,21.611600875854492,21.565000534057617,21.611600875854492,783.0
2024-07-03 10:46:00,ARDX,5.204999923706055,5.204999923706055,5.210000038146973,5.190000057220459,5.190000057220459,25892.0
2024-07-03 10:46:00,ARGX,435.5899963378906,435.5899963378906,435.5899963378906,435.5899963378906,435.5899963378906,167.0
2024-07-03 10:46:00,ARQT,9.653499603271484,9.653499603271484,9.65999984741211,9.630000114440918,9.635000228881836,17776.0
2024-07-03 10:46:00,ASRT,1.3350000381469727,1.3350000381469727,1.3350000381469727,1.3250000476837158,1.3250000476837158,11325.0
2024-07-03 10:46:00,ATAI,1.2949999570846558,1.2949999570846558,1.2999000549316406,1.2949999570846558,1.2999000549316406,11536.0
2024-07-03 10:46:00,ATEC,9.925000190734863,9.925000190734863,9.925000190734863,9.925000190734863,9.925000190734863,102.0
2024-07-03 10:46:00,ATOS,1.159999966621399,1.159999966621399,1.1649999618530273,1.159999966621399,1.1649999618530273,1349.0
2024-07-03 10:46:00,ATRA,7.71999979019165,7.71999979019165,7.71999979019165,7.715000152587891,7.715000152587891,1523.0
2024-07-03 10:46:00,ATRC,22.295000076293945,22.295000076293945,22.309999465942383,22.280000686645508,22.280000686645508,1343.0
2024-07-03 10:46:00,ATXS,8.994999885559082,8.994999885559082,8.994999885559082,8.994999885559082,8.994999885559082,420.0
2024-07-03 10:46:00,AUGX,0.9914000034332275,0.9914000034332275,0.9975000023841858,0.9914000034332275,0.9914000034332275,930.0
2024-07-03 10:46:00,AUPH,5.4832000732421875,5.4832000732421875,5.485000133514404,5.4832000732421875,5.485000133514404,1220.0
2024-07-03 10:46:00,AURA,7.100599765777588,7.100599765777588,7.100599765777588,7.099999904632568,7.099999904632568,1886.0
2024-07-03 10:46:00,AUTL,3.4600000381469727,3.4600000381469727,3.4700000286102295,3.4600000381469727,3.4700000286102295,1189.0
2024-07-03 10:46:00,AVDL,14.344499588012695,14.344499588012695,14.350000381469727,14.34000015258789,14.34000015258789,1834.0
2024-07-03 10:46:00,AVIR,3.315000057220459,3.315000057220459,3.315000057220459,3.309999942779541,3.309999942779541,2927.0
2024-07-03 10:46:00,AVTE,1.6205999851226807,1.6205999851226807,1.625,1.6200000047683716,1.625,605.0
2024-07-03 10:46:00,AVXL,4.249000072479248,4.249000072479248,4.249000072479248,4.249000072479248,4.249000072479248,300.0
2024-07-03 10:46:00,AXSM,79.94000244140625,79.94000244140625,79.94000244140625,79.94000244140625,79.94000244140625,363.0
2024-07-03 10:46:00,AZN,76.91000366210938,76.91000366210938,76.92500305175781,76.9000015258789,76.9000015258789,11271.0
2024-07-03 10:46:00,AZTA,52.72999954223633,52.72999954223633,52.72999954223633,52.689998626708984,52.689998626708984,1908.0
2024-07-03 10:46:00,BBIO,25.290000915527344,25.290000915527344,25.290000915527344,25.290000915527344,25.290000915527344,640.0
2024-07-03 10:46:00,BCAB,1.3350000381469727,1.3350000381469727,1.3350000381469727,1.3350000381469727,1.3350000381469727,573.0
2024-07-03 10:46:00,BCDA,2.98009991645813,2.98009991645813,2.98009991645813,2.98009991645813,2.98009991645813,912.0
2024-07-03 10:46:00,BCRX,6.599899768829346,6.599899768829346,6.599899768829346,6.589900016784668,6.589900016784668,12829.0
2024-07-03 10:46:00,BCTX,1.0099999904632568,1.0099999904632568,1.0099999904632568,1.0099999904632568,1.0099999904632568,200.0
2024-07-03 10:46:00,BDTX,4.190000057220459,4.190000057220459,4.190000057220459,4.180099964141846,4.180099964141846,1200.0
2024-07-03 10:46:00,BEAM,23.59000015258789,23.59000015258789,23.639999389648438,23.549999237060547,23.549999237060547,4741.0
2024-07-03 10:46:00,BJDX,0.6313999891281128,0.6313999891281128,0.6313999891281128,0.6313999891281128,0.6313999891281128,9990.0
2024-07-03 10:46:00,BLUE,0.9405999779701233,0.9405999779701233,0.9420999884605408,0.9401000142097473,0.9419999718666077,15161.0
2024-07-03 10:46:00,BMEA,4.440000057220459,4.440000057220459,4.460000038146973,4.420000076293945,4.460000038146973,12252.0
2024-07-03 10:46:00,BMRA,0.44699999690055847,0.44699999690055847,0.45010000467300415,0.44699999690055847,0.45010000467300415,1053.0
2024-07-03 10:46:00,BMRN,81.13999938964844,81.13999938964844,81.13999938964844,81.06999969482422,81.06999969482422,2581.0
2024-07-03 10:46:00,BNGO,0.5651999711990356,0.5651999711990356,0.5651999711990356,0.5644000172615051,0.5644000172615051,986.0
2024-07-03 10:46:00,BNTX,80.875,80.875,80.875,80.875,80.875,336.0
2024-07-03 10:46:00,BPMC,110.8550033569336,110.8550033569336,110.8550033569336,110.8550033569336,110.8550033569336,364.0
2024-07-03 10:46:00,BRKR,61.70000076293945,61.70000076293945,61.75,61.70000076293945,61.720001220703125,692.0
2024-07-03 10:46:00,BVS,6.045000076293945,6.045000076293945,6.045000076293945,6.045000076293945,6.045000076293945,101.0
2024-07-03 10:46:00,CABA,7.679999828338623,7.679999828338623,7.679999828338623,7.679999828338623,7.679999828338623,496.0
2024-07-03 10:46:00,CAPR,4.804100036621094,4.804100036621094,4.804100036621094,4.804100036621094,4.804100036621094,959.0
2024-07-03 10:46:00,CARA,0.289000004529953,0.289000004529953,0.289000004529953,0.28299999237060547,0.28299999237060547,2324.0
2024-07-03 10:46:00,CASI,5.25,5.25,5.25,5.25,5.25,3011.0
2024-07-03 10:46:00,CCCC,4.735000133514404,4.735000133514404,4.739999771118164,4.71999979019165,4.730000019073486,7656.0
2024-07-03 10:46:00,CCRN,13.725000381469727,13.725000381469727,13.729999542236328,13.725000381469727,13.729999542236328,916.0
2024-07-03 10:46:00,CDMO,7.570000171661377,7.570000171661377,7.570000171661377,7.570000171661377,7.570000171661377,219.0
2024-07-03 10:46:00,CDNA,15.258999824523926,15.258999824523926,15.258999824523926,15.234999656677246,15.234999656677246,818.0
2024-07-03 10:46:00,CDXC,2.5399999618530273,2.5399999618530273,2.559999942779541,2.5399999618530273,2.559999942779541,4101.0
2024-07-03 10:46:00,CDXS,2.9149999618530273,2.9149999618530273,2.9149999618530273,2.9000000953674316,2.9000000953674316,3245.0
2024-07-03 10:46:00,CELC,16.260000228881836,16.260000228881836,16.260000228881836,16.260000228881836,16.260000228881836,1015.0
2024-07-03 10:46:00,CERS,1.7300000190734863,1.7300000190734863,1.7350000143051147,1.7300000190734863,1.7350000143051147,13041.0
2024-07-03 10:46:00,CGC,6.809999942779541,6.809999942779541,6.820000171661377,6.804200172424316,6.808800220489502,38266.0
2024-07-03 10:46:00,CGEN,1.6799999475479126,1.6799999475479126,1.6799999475479126,1.6799999475479126,1.6799999475479126,102.0
2024-07-03 10:46:00,CKPT,2.319999933242798,2.319999933242798,2.319999933242798,2.2300000190734863,2.2799999713897705,11145.0
2024-07-03 10:46:00,CLDX,36.7400016784668,36.7400016784668,36.7400016784668,36.68000030517578,36.68000030517578,2375.0
2024-07-03 10:46:00,CLOV,1.250100016593933,1.250100016593933,1.2549999952316284,1.250100016593933,1.2549999952316284,119.0
2024-07-03 10:46:00,CLPT,5.400000095367432,5.400000095367432,5.400000095367432,5.400000095367432,5.400000095367432,131.0
2024-07-03 10:46:00,CLRB,2.424999952316284,2.424999952316284,2.424999952316284,2.424999952316284,2.424999952316284,160.0
2024-07-03 10:46:00,CMAX,2.114300012588501,2.114300012588501,2.1700000762939453,2.114300012588501,2.1700000762939453,606.0
2024-07-03 10:46:00,CMPS,6.210000038146973,6.210000038146973,6.210000038146973,6.199999809265137,6.199999809265137,413.0
2024-07-03 10:46:00,CMPX,0.8403000235557556,0.8403000235557556,0.8403000235557556,0.8403000235557556,0.8403000235557556,3630.0
2024-07-03 10:46:00,CNSP,2.109999895095825,2.109999895095825,2.130000114440918,2.0801000595092773,2.0950000286102295,42532.0
2024-07-03 10:46:00,CNTA,8.75,8.75,8.75,8.75,8.75,1478.0
2024-07-03 10:46:00,CNTG,0.40799999237060547,0.40799999237060547,0.4138000011444092,0.40799999237060547,0.4138000011444092,1345.0
2024-07-03 10:46:00,COGT,8.3149995803833,8.3149995803833,8.3149995803833,8.3100004196167,8.3100004196167,703.0
2024-07-03 10:46:00,CORT,30.639999389648438,30.639999389648438,30.639999389648438,30.579999923706055,30.610000610351562,1338.0
2024-07-03 10:46:00,COSM,0.9599000215530396,0.9599000215530396,0.9599000215530396,0.9599000215530396,0.9599000215530396,2.0
2024-07-03 10:46:00,CRBU,1.5950000286102295,1.5950000286102295,1.5950000286102295,1.5901000499725342,1.5950000286102295,7451.0
2024-07-03 10:46:00,CRMD,4.109899997711182,4.109899997711182,4.109899997711182,4.109899997711182,4.109899997711182,881.0
2024-07-03 10:46:00,CRNX,45.18000030517578,45.18000030517578,45.18000030517578,45.084999084472656,45.13999938964844,807.0
2024-07-03 10:46:00,CRSP,54.224998474121094,54.224998474121094,54.22999954223633,54.15999984741211,54.16999816894531,5514.0
2024-07-03 10:46:00,CSTL,21.360000610351562,21.360000610351562,21.360000610351562,21.360000610351562,21.360000610351562,586.0
2024-07-03 10:46:00,CTKB,5.739999771118164,5.739999771118164,5.739999771118164,5.739999771118164,5.739999771118164,659.0
2024-07-03 10:46:00,CVAC,3.3982999324798584,3.3982999324798584,3.4000000953674316,3.375,3.375,27698.0
2024-07-03 10:46:00,CVRX,11.59000015258789,11.59000015258789,11.59000015258789,11.59000015258789,11.59000015258789,110.0
2024-07-03 10:46:00,DCTH,7.934999942779541,7.934999942779541,7.934999942779541,7.934999942779541,7.934999942779541,951.0
2024-07-03 10:46:00,DH,5.375,5.375,5.375,5.375,5.375,623.0
2024-07-03 10:46:00,DNLI,21.719999313354492,21.719999313354492,21.760000228881836,21.719999313354492,21.760000228881836,1821.0
2024-07-03 10:46:00,DRIO,1.1638000011444092,1.1638000011444092,1.1638000011444092,1.1638000011444092,1.1638000011444092,0.0
2024-07-03 10:46:00,DSGN,3.2274999618530273,3.2274999618530273,3.2274999618530273,3.2274999618530273,3.2274999618530273,200.0
2024-07-03 10:46:00,DVAX,11.119799613952637,11.119799613952637,11.125,11.114999771118164,11.119999885559082,3210.0
2024-07-03 10:46:00,DXCM,110.26000213623047,110.26000213623047,110.26000213623047,110.1635971069336,110.1635971069336,5016.0
2024-07-03 10:46:00,DYAI,1.5312000513076782,1.5312000513076782,1.5312000513076782,1.5312000513076782,1.5312000513076782,32.0
2024-07-03 10:46:00,EDIT,4.675000190734863,4.675000190734863,4.679999828338623,4.664999961853027,4.664999961853027,3365.0
2024-07-03 10:46:00,ELEV,2.680000066757202,2.680000066757202,2.680000066757202,2.680000066757202,2.680000066757202,393.0
2024-07-03 10:46:00,ENLV,1.2999999523162842,1.2999999523162842,1.2999999523162842,1.298799991607666,1.298799991607666,2198.0
2024-07-03 10:46:00,ENSG,125.56500244140625,125.56500244140625,125.56500244140625,125.44000244140625,125.44000244140625,1703.0
2024-07-03 10:46:00,ESPR,2.359999895095825,2.359999895095825,2.365000009536743,2.359999895095825,2.365000009536743,1776.0
2024-07-03 10:46:00,ETNB,7.670000076293945,7.670000076293945,7.670000076293945,7.650000095367432,7.659999847412109,4677.0
2024-07-03 10:46:00,EVO,5.077899932861328,5.077899932861328,5.077899932861328,5.077899932861328,5.077899932861328,398.0
2024-07-03 10:46:00,EWTX,18.049999237060547,18.049999237060547,18.049999237060547,18.040000915527344,18.040000915527344,3257.0
2024-07-03 10:46:00,EXAI,5.420000076293945,5.420000076293945,5.420000076293945,5.3917999267578125,5.400000095367432,5611.0
2024-07-03 10:46:00,EXAS,43.19499969482422,43.19499969482422,43.209999084472656,43.189998626708984,43.189998626708984,4062.0
2024-07-03 10:46:00,EXEL,22.030799865722656,22.030799865722656,22.03499984741211,22.030799865722656,22.03499984741211,894.0
2024-07-03 10:46:00,EYEN,0.7864999771118164,0.7864999771118164,0.7901999950408936,0.7735999822616577,0.7900000214576721,35912.0
2024-07-03 10:46:00,EYPT,8.34000015258789,8.34000015258789,8.350000381469727,8.3100004196167,8.350000381469727,1898.0
2024-07-03 10:46:00,FATE,3.265000104904175,3.265000104904175,3.265000104904175,3.265000104904175,3.265000104904175,102.0
2024-07-03 10:46:00,FDMT,21.104999542236328,21.104999542236328,21.104999542236328,21.104999542236328,21.104999542236328,225.0
2024-07-03 10:46:00,FGEN,0.7168999910354614,0.7168999910354614,0.7168999910354614,0.7168999910354614,0.7168999910354614,410.0
2024-07-03 10:46:00,FHTX,5.574999809265137,5.574999809265137,5.574999809265137,5.574999809265137,5.574999809265137,86.0
2024-07-03 10:46:00,FLGT,20.110000610351562,20.110000610351562,20.139999389648438,20.110000610351562,20.139999389648438,612.0
2024-07-03 10:46:00,FOLD,9.899999618530273,9.899999618530273,9.899999618530273,9.890000343322754,9.890000343322754,3938.0
2024-07-03 10:46:00,FULC,6.159999847412109,6.159999847412109,6.159999847412109,6.159999847412109,6.159999847412109,594.0
2024-07-03 10:46:00,GANX,1.190000057220459,1.190000057220459,1.190000057220459,1.190000057220459,1.190000057220459,10.0
2024-07-03 10:46:00,GBIO,2.359999895095825,2.359999895095825,2.359999895095825,2.359999895095825,2.359999895095825,300.0
2024-07-03 10:46:00,GDRX,7.869999885559082,7.869999885559082,7.869999885559082,7.869999885559082,7.869999885559082,310.0
2024-07-03 10:46:00,GERN,4.360000133514404,4.360000133514404,4.364999771118164,4.360000133514404,4.360000133514404,9018.0
2024-07-03 10:46:00,GH,28.450000762939453,28.450000762939453,28.450000762939453,28.43000030517578,28.450000762939453,933.0
2024-07-03 10:46:00,GILD,67.06999969482422,67.06999969482422,67.12000274658203,66.9800033569336,66.9800033569336,21723.0
2024-07-03 10:46:00,GLTO,0.4968000054359436,0.4968000054359436,0.5,0.4968000054359436,0.5,2725.0
2024-07-03 10:46:00,GLUE,3.7699999809265137,3.7699999809265137,3.7699999809265137,3.7637999057769775,3.7637999057769775,1171.0
2024-07-03 10:46:00,GLYC,0.2711000144481659,0.2711000144481659,0.27230000495910645,0.2711000144481659,0.2711000144481659,3160.0
2024-07-03 10:46:00,GMAB,25.209999084472656,25.209999084472656,25.209999084472656,25.200000762939453,25.200000762939453,406.0
2024-07-03 10:46:00,GOSS,0.9549999833106995,0.9549999833106995,0.9549999833106995,0.954800009727478,0.954800009727478,3902.0
2024-07-03 10:46:00,GOVX,3.059999942779541,3.059999942779541,3.062000036239624,3.059999942779541,3.062000036239624,867.0
2024-07-03 10:46:00,GRFS,6.679999828338623,6.679999828338623,6.679999828338623,6.679999828338623,6.679999828338623,576.0
2024-07-03 10:46:00,HALO,51.45500183105469,51.45500183105469,51.4900016784668,51.439998626708984,51.4900016784668,1825.0
2024-07-03 10:46:00,HCSG,10.520000457763672,10.520000457763672,10.520000457763672,10.510000228881836,10.510000228881836,443.0
2024-07-03 10:46:00,HCTI,0.47999998927116394,0.47999998927116394,0.47999998927116394,0.47999998927116394,0.47999998927116394,2191.0
2024-07-03 10:46:00,HITI,2.1201000213623047,2.1201000213623047,2.125,2.1201000213623047,2.125,0.0
2024-07-03 10:46:00,HOLX,73.30500030517578,73.30500030517578,73.30999755859375,73.2699966430664,73.30000305175781,2405.0
2024-07-03 10:46:00,HQY,83.20500183105469,83.20500183105469,83.26000213623047,83.20500183105469,83.26000213623047,321.0
2024-07-03 10:46:00,HRMY,30.15999984741211,30.15999984741211,30.15999984741211,30.079999923706055,30.079999923706055,1522.0
2024-07-03 10:46:00,HRTX,2.809999942779541,2.809999942779541,2.815000057220459,2.809999942779541,2.815000057220459,855.0
2024-07-03 10:46:00,HSIC,65.47000122070312,65.47000122070312,65.4800033569336,65.44999694824219,65.44999694824219,1664.0
2024-07-03 10:46:00,HUMA,5.639999866485596,5.639999866485596,5.639999866485596,5.639999866485596,5.639999866485596,600.0
2024-07-03 10:46:00,IART,28.920000076293945,28.920000076293945,28.972299575805664,28.920000076293945,28.950000762939453,1089.0
2024-07-03 10:46:00,IBRX,6.284999847412109,6.284999847412109,6.284999847412109,6.284999847412109,6.284999847412109,150.0
2024-07-03 10:46:00,ICAD,1.2200000286102295,1.2200000286102295,1.2200000286102295,1.2200000286102295,1.2200000286102295,760.0
2024-07-03 10:46:00,ICLR,318.29998779296875,318.29998779296875,318.29998779296875,318.29998779296875,318.29998779296875,588.0
2024-07-03 10:46:00,ILMN,104.73999786376953,104.73999786376953,104.83000183105469,104.69000244140625,104.73999786376953,7005.0
2024-07-03 10:46:00,IMAB,1.559999942779541,1.559999942779541,1.559999942779541,1.559999942779541,1.559999942779541,273.0
2024-07-03 10:46:00,IMMX,2.3499999046325684,2.3499999046325684,2.3499999046325684,2.3499999046325684,2.3499999046325684,200.0
2024-07-03 10:46:00,IMNM,12.0649995803833,12.0649995803833,12.0649995803833,12.0649995803833,12.0649995803833,481.0
2024-07-03 10:46:00,IMVT,26.75,26.75,26.760000228881836,26.6299991607666,26.6299991607666,2656.0
2024-07-03 10:46:00,INCY,57.939998626708984,57.939998626708984,57.970001220703125,57.90999984741211,57.93000030517578,3007.0
2024-07-03 10:46:00,INMD,17.65999984741211,17.65999984741211,17.68000030517578,17.65999984741211,17.68000030517578,1766.0
2024-07-03 10:46:00,INSM,63.15999984741211,63.15999984741211,63.2599983215332,63.15999984741211,63.2599983215332,6577.0
2024-07-03 10:46:00,INVO,0.7601000070571899,0.7601000070571899,0.7601000070571899,0.7601000070571899,0.7601000070571899,579.0
2024-07-03 10:46:00,IONS,44.6150016784668,44.6150016784668,44.6150016784668,44.54999923706055,44.560001373291016,2008.0
2024-07-03 10:46:00,IOVA,7.724999904632568,7.724999904632568,7.729899883270264,7.715000152587891,7.71999979019165,12004.0
2024-07-03 10:46:00,IPSC,2.259999990463257,2.259999990463257,2.259999990463257,2.259999990463257,2.259999990463257,601.0
2024-07-03 10:46:00,IRTC,96.02999877929688,96.02999877929688,96.02999877929688,96.02999877929688,96.02999877929688,169.0
2024-07-03 10:46:00,IRWD,6.175000190734863,6.175000190734863,6.175000190734863,6.175000190734863,6.175000190734863,1161.0
2024-07-03 10:46:00,ISPC,0.28029999136924744,0.28029999136924744,0.28040000796318054,0.2802000045776367,0.2802000045776367,3100.0
2024-07-03 10:46:00,ITCI,68.04000091552734,68.04000091552734,68.04000091552734,68.04000091552734,68.04000091552734,505.0
2024-07-03 10:46:00,IVVD,1.1100000143051147,1.1100000143051147,1.1200000047683716,1.1100000143051147,1.1200000047683716,4890.0
2024-07-03 10:46:00,JANX,38.29999923706055,38.29999923706055,38.29999923706055,38.29999923706055,38.29999923706055,120.0
2024-07-03 10:46:00,KIDS,29.799999237060547,29.799999237060547,29.799999237060547,29.799999237060547,29.799999237060547,544.0
2024-07-03 10:46:00,KPTI,0.8346999883651733,0.8346999883651733,0.8346999883651733,0.8345999717712402,0.8345999717712402,692.0
2024-07-03 10:46:00,KTRA,0.2800000011920929,0.2800000011920929,0.2822999954223633,0.2800000011920929,0.2822999954223633,12070.0
2024-07-03 10:46:00,KYMR,30.725000381469727,30.725000381469727,30.725000381469727,30.725000381469727,30.725000381469727,380.0
2024-07-03 10:46:00,LAB,1.7999999523162842,1.7999999523162842,1.7999999523162842,1.7899999618530273,1.7899999618530273,794.0
2024-07-03 10:46:00,LBPH,32.400001525878906,32.400001525878906,32.400001525878906,32.13999938964844,32.20000076293945,3398.0
2024-07-03 10:46:00,LEGN,45.619998931884766,45.619998931884766,45.709999084472656,45.61000061035156,45.6349983215332,4409.0
2024-07-03 10:46:00,LFMD,6.715000152587891,6.715000152587891,6.715000152587891,6.715000152587891,6.715000152587891,708.0
2024-07-03 10:46:00,LFST,5.190000057220459,5.190000057220459,5.190000057220459,5.170000076293945,5.170000076293945,11607.0
2024-07-03 10:46:00,LGVN,1.6200000047683716,1.6200000047683716,1.6399999856948853,1.6200000047683716,1.6399999856948853,12514.0
2024-07-03 10:46:00,LIVN,52.790000915527344,52.790000915527344,52.790000915527344,52.78499984741211,52.78499984741211,554.0
2024-07-03 10:46:00,LPTX,1.8300000429153442,1.8300000429153442,1.8300000429153442,1.8300000429153442,1.8300000429153442,104.0
2024-07-03 10:46:00,LUCY,0.4745999872684479,0.4745999872684479,0.4745999872684479,0.46459999680519104,0.4650000035762787,139877.0
2024-07-03 10:46:00,LUNG,6.210000038146973,6.210000038146973,6.210000038146973,6.210000038146973,6.210000038146973,335.0
2024-07-03 10:46:00,LXRX,1.6100000143051147,1.6100000143051147,1.6100000143051147,1.6100000143051147,1.6100000143051147,958.0
2024-07-03 10:46:00,LYEL,1.440000057220459,1.440000057220459,1.440000057220459,1.440000057220459,1.440000057220459,2011.0
2024-07-03 10:46:00,MASI,113.87999725341797,113.87999725341797,113.87999725341797,113.8499984741211,113.87000274658203,1404.0
2024-07-03 10:46:00,MBIO,0.519599974155426,0.519599974155426,0.519599974155426,0.5174999833106995,0.519599974155426,6812.0
2024-07-03 10:46:00,MCRB,0.7145000100135803,0.7145000100135803,0.7145000100135803,0.7143999934196472,0.7143999934196472,2239.0
2024-07-03 10:46:00,MDXG,6.769999980926514,6.769999980926514,6.769999980926514,6.769999980926514,6.769999980926514,882.0
2024-07-03 10:46:00,ME,0.40209999680519104,0.40209999680519104,0.40209999680519104,0.40209999680519104,0.40209999680519104,1180.0
2024-07-03 10:46:00,MEDP,406.2850036621094,406.2850036621094,406.2850036621094,406.2850036621094,406.2850036621094,628.0
2024-07-03 10:46:00,MGNX,4.269999980926514,4.269999980926514,4.284999847412109,4.239999771118164,4.264999866485596,52919.0
2024-07-03 10:46:00,MGTX,4.03000020980835,4.03000020980835,4.03000020980835,4.03000020980835,4.03000020980835,217.0
2024-07-03 10:46:00,MIRM,33.760101318359375,33.760101318359375,33.76100158691406,33.7599983215332,33.76100158691406,1418.0
2024-07-03 10:46:00,MLTX,41.54999923706055,41.54999923706055,41.630001068115234,41.54999923706055,41.630001068115234,1194.0
2024-07-03 10:46:00,MNKD,5.099999904632568,5.099999904632568,5.105000019073486,5.09499979019165,5.099999904632568,2840.0
2024-07-03 10:46:00,MORF,31.854999542236328,31.854999542236328,31.90999984741211,31.854999542236328,31.90999984741211,687.0
2024-07-03 10:46:00,MOVE,0.3100999891757965,0.3100999891757965,0.31459999084472656,0.3100999891757965,0.31459999084472656,7162.0
2024-07-03 10:46:00,MREO,3.515000104904175,3.515000104904175,3.5199999809265137,3.509999990463257,3.5199999809265137,5628.0
2024-07-03 10:46:00,MRNA,116.9844970703125,116.9844970703125,117.0999984741211,116.80999755859375,116.83999633789062,4147.0
2024-07-03 10:46:00,MRSN,1.899999976158142,1.899999976158142,1.9149999618530273,1.899999976158142,1.9149999618530273,9753.0
2024-07-03 10:46:00,MRUS,52.63999938964844,52.63999938964844,52.72999954223633,52.63999938964844,52.72999954223633,1502.0
2024-07-03 10:46:00,MRVI,6.795000076293945,6.795000076293945,6.795000076293945,6.789999961853027,6.789999961853027,6856.0
2024-07-03 10:46:00,MXCT,3.7249999046325684,3.7249999046325684,3.7249999046325684,3.7249999046325684,3.7249999046325684,115.0
2024-07-03 10:46:00,MYGN,25.25,25.25,25.31999969482422,25.25,25.31999969482422,2899.0
2024-07-03 10:46:00,MYNZ,0.3499999940395355,0.3499999940395355,0.3499999940395355,0.3499999940395355,0.3499999940395355,458.0
2024-07-03 10:46:00,NARI,49.61000061035156,49.61000061035156,49.61000061035156,49.61000061035156,49.61000061035156,187.0
2024-07-03 10:46:00,NBIX,138.2550048828125,138.2550048828125,138.2550048828125,138.2550048828125,138.2550048828125,385.0
2024-07-03 10:46:00,NDRA,0.08420000225305557,0.08420000225305557,0.08460000157356262,0.08420000225305557,0.08460000157356262,8001.0
2024-07-03 10:46:00,NKTX,5.449999809265137,5.449999809265137,5.449999809265137,5.449999809265137,5.449999809265137,866.0
2024-07-03 10:46:00,NNOX,7.0792999267578125,7.0792999267578125,7.079999923706055,7.0792999267578125,7.079999923706055,1320.0
2024-07-03 10:46:00,NOTV,1.7015000581741333,1.7015000581741333,1.7015000581741333,1.7015000581741333,1.7015000581741333,2001.0
2024-07-03 10:46:00,NRC,22.905000686645508,22.905000686645508,22.915000915527344,22.850000381469727,22.860000610351562,4357.0
2024-07-03 10:46:00,NRIX,19.6299991607666,19.6299991607666,19.639999389648438,19.600000381469727,19.600000381469727,1587.0
2024-07-03 10:46:00,NTLA,22.75,22.75,22.75,22.700000762939453,22.700000762939453,5825.0
2024-07-03 10:46:00,NTRA,111.91999816894531,111.91999816894531,112.0,111.9000015258789,111.93000030517578,2103.0
2024-07-03 10:46:00,NTRB,5.679999828338623,5.679999828338623,5.679999828338623,5.679999828338623,5.679999828338623,2001.0
2024-07-03 10:46:00,NUVL,71.88999938964844,71.88999938964844,71.88999938964844,71.8499984741211,71.8499984741211,954.0
2024-07-03 10:46:00,NVAX,12.835000038146973,12.835000038146973,12.84000015258789,12.829999923706055,12.829999923706055,14838.0
2024-07-03 10:46:00,NVCR,16.788999557495117,16.788999557495117,16.788999557495117,16.788999557495117,16.788999557495117,669.0
2024-07-03 10:46:00,NVOS,0.7599999904632568,0.7599999904632568,0.7674999833106995,0.7599999904632568,0.7674999833106995,29596.0
2024-07-03 10:46:00,NXL,1.4005000591278076,1.4005000591278076,1.406000018119812,1.4005000591278076,1.406000018119812,807.0
2024-07-03 10:46:00,NXTC,1.590000033378601,1.590000033378601,1.590000033378601,1.590000033378601,1.590000033378601,205.0
2024-07-03 10:46:00,OCGN,1.6549999713897705,1.6549999713897705,1.659999966621399,1.6549999713897705,1.6549999713897705,2848.0
2024-07-03 10:46:00,OCUL,6.75,6.75,6.755000114440918,6.75,6.755000114440918,483.0
2024-07-03 10:46:00,OGI,1.6050000190734863,1.6050000190734863,1.6050000190734863,1.6050000190734863,1.6050000190734863,2668.0
2024-07-03 10:46:00,OLK,25.792499542236328,25.792499542236328,25.792499542236328,25.792499542236328,25.792499542236328,102.0
2024-07-03 10:46:00,OLMA,10.59160041809082,10.59160041809082,10.59160041809082,10.59000015258789,10.59000015258789,516.0
2024-07-03 10:46:00,OM,3.694999933242798,3.694999933242798,3.694999933242798,3.694999933242798,3.694999933242798,169.0
2024-07-03 10:46:00,OMGA,1.9700000286102295,1.9700000286102295,1.9800000190734863,1.9700000286102295,1.9800000190734863,1600.0
2024-07-03 10:47:00,AADI,1.3795000314712524,1.3795000314712524,1.3799999952316284,1.375,1.375,7028.0
2024-07-03 10:47:00,ABCL,2.734999895095825,2.734999895095825,2.739300012588501,2.734999895095825,2.739300012588501,1441.0
2024-07-03 10:47:00,ABSI,3.234999895095825,3.234999895095825,3.240000009536743,3.234999895095825,3.234999895095825,1589.0
2024-07-03 10:47:00,ABUS,3.1649999618530273,3.1649999618530273,3.1649999618530273,3.1649999618530273,3.1649999618530273,1227.0
2024-07-03 10:47:00,ACB,4.980000019073486,4.980000019073486,4.980000019073486,4.960299968719482,4.960299968719482,4225.0
2024-07-03 10:47:00,ACCD,3.5950000286102295,3.5950000286102295,3.5950000286102295,3.5950000286102295,3.5950000286102295,411.0
2024-07-03 10:47:00,ACET,1.0549999475479126,1.0549999475479126,1.059999942779541,1.0499999523162842,1.059999942779541,2877.0
2024-07-03 10:47:00,ACHC,66.16999816894531,66.16999816894531,66.26000213623047,66.16999816894531,66.23500061035156,2981.0
2024-07-03 10:47:00,ACLX,54.0099983215332,54.0099983215332,54.0099983215332,53.90769958496094,53.95500183105469,1502.0
2024-07-03 10:47:00,ACON,0.2930000126361847,0.2930000126361847,0.2930000126361847,0.2930000126361847,0.2930000126361847,0.0
2024-07-03 10:47:00,ACRS,1.1699999570846558,1.1699999570846558,1.1699999570846558,1.1699999570846558,1.1699999570846558,1152.0
2024-07-03 10:47:00,ADAP,1.0299999713897705,1.0299999713897705,1.0299999713897705,1.0299999713897705,1.0299999713897705,0.0
2024-07-03 10:47:00,ADPT,3.390000104904175,3.390000104904175,3.390000104904175,3.380000114440918,3.380000114440918,4183.0
2024-07-03 10:47:00,AGIO,42.0,42.0,42.130001068115234,42.0,42.130001068115234,2389.0
2024-07-03 10:47:00,AHCO,9.8100004196167,9.8100004196167,9.8100004196167,9.8100004196167,9.8100004196167,1371.0
2024-07-03 10:47:00,AIMD,0.8069999814033508,0.8069999814033508,0.8100000023841858,0.8069999814033508,0.8100000023841858,668.0
2024-07-03 10:47:00,AKBA,0.9603999853134155,0.9603999853134155,0.9603999853134155,0.9603999853134155,0.9603999853134155,1349.0
2024-07-03 10:47:00,AKRO,22.149999618530273,22.149999618530273,22.149999618530273,22.149999618530273,22.149999618530273,284.0
2024-07-03 10:47:00,ALEC,4.46999979019165,4.46999979019165,4.480000019073486,4.46999979019165,4.480000019073486,2451.0
2024-07-03 10:47:00,ALGS,0.4390999972820282,0.4390999972820282,0.44020000100135803,0.43799999356269836,0.4390000104904175,15501.0
2024-07-03 10:47:00,ALHC,8.0,8.0,8.0,7.989999771118164,7.989999771118164,883.0
2024-07-03 10:47:00,ALIM,5.519999980926514,5.519999980926514,5.519999980926514,5.519999980926514,5.519999980926514,8488.0
2024-07-03 10:47:00,ALKS,24.3125,24.3125,24.3125,24.309999465942383,24.309999465942383,954.0
2024-07-03 10:47:00,ALLK,0.8586999773979187,0.8586999773979187,0.8586999773979187,0.8586999773979187,0.8586999773979187,468.0
2024-07-03 10:47:00,ALLO,2.130000114440918,2.130000114440918,2.134999990463257,2.130000114440918,2.134999990463257,678.0
2024-07-03 10:47:00,ALLR,0.20340000092983246,0.20340000092983246,0.20340000092983246,0.20309999585151672,0.20340000092983246,15999.0
2024-07-03 10:47:00,ALNY,247.3000030517578,247.3000030517578,247.56500244140625,247.1699981689453,247.32000732421875,3106.0
2024-07-03 10:47:00,ALT,6.764999866485596,6.764999866485596,6.778800010681152,6.764999866485596,6.769999980926514,5765.0
2024-07-03 10:47:00,ALXO,5.800000190734863,5.800000190734863,5.820000171661377,5.800000190734863,5.820000171661377,1094.0
2024-07-03 10:47:00,AMED,96.88999938964844,96.88999938964844,96.88999938964844,96.88999938964844,96.88999938964844,206.0
2024-07-03 10:47:00,AMGN,310.3949890136719,310.3949890136719,310.3949890136719,310.2300109863281,310.375,1797.0
2024-07-03 10:47:00,AMLX,1.75,1.75,1.7599999904632568,1.75,1.75,1695.0
2024-07-03 10:47:00,AMPH,38.34000015258789,38.34000015258789,38.349998474121094,38.34000015258789,38.34000015258789,359.0
2024-07-03 10:47:00,AMRN,0.7125999927520752,0.7125999927520752,0.7125999927520752,0.7125999927520752,0.7125999927520752,1134.0
2024-07-03 10:47:00,ANAB,25.389999389648438,25.389999389648438,25.440000534057617,25.389999389648438,25.389999389648438,644.0
2024-07-03 10:47:00,ANGO,5.639999866485596,5.639999866485596,5.639999866485596,5.639999866485596,5.639999866485596,671.0
2024-07-03 10:47:00,ANTX,2.505000114440918,2.505000114440918,2.505000114440918,2.505000114440918,2.505000114440918,302.0
2024-07-03 10:47:00,APLS,35.63999938964844,35.63999938964844,35.7400016784668,35.63999938964844,35.7400016784668,1237.0
2024-07-03 10:47:00,APLT,4.441400051116943,4.441400051116943,4.441400051116943,4.440000057220459,4.440000057220459,328.0
2024-07-03 10:47:00,AQST,2.4149999618530273,2.4149999618530273,2.4149999618530273,2.4149999618530273,2.4149999618530273,176.0
2024-07-03 10:47:00,ARAY,1.7599999904632568,1.7599999904632568,1.7599999904632568,1.7589999437332153,1.7589999437332153,2272.0
2024-07-03 10:47:00,ARCT,21.540000915527344,21.540000915527344,21.575000762939453,21.520000457763672,21.565000534057617,3932.0
2024-07-03 10:47:00,ARDX,5.195000171661377,5.195000171661377,5.206299781799316,5.195000171661377,5.206299781799316,28648.0
2024-07-03 10:47:00,ARQT,9.654999732971191,9.654999732971191,9.654999732971191,9.649999618530273,9.649999618530273,807.0
2024-07-03 10:47:00,ARVN,24.545000076293945,24.545000076293945,24.559999465942383,24.545000076293945,24.549999237060547,923.0
2024-07-03 10:47:00,ARWR,25.58970069885254,25.58970069885254,25.59000015258789,25.579999923706055,25.579999923706055,1938.0
2024-07-03 10:47:00,ASRT,1.3350000381469727,1.3350000381469727,1.3394999504089355,1.3300000429153442,1.3394999504089355,1826.0
2024-07-03 10:47:00,ATAI,1.2899999618530273,1.2899999618530273,1.2899999618530273,1.2899999618530273,1.2899999618530273,50.0
2024-07-03 10:47:00,ATEC,9.920000076293945,9.920000076293945,9.925000190734863,9.920000076293945,9.925000190734863,836.0
2024-07-03 10:47:00,ATRC,22.295000076293945,22.295000076293945,22.31529998779297,22.295000076293945,22.309999465942383,466.0
2024-07-03 10:47:00,AUGX,0.9975000023841858,0.9975000023841858,0.9975000023841858,0.9975000023841858,0.9975000023841858,300.0
2024-07-03 10:47:00,AUPH,5.489999771118164,5.489999771118164,5.489999771118164,5.485000133514404,5.485000133514404,751.0
2024-07-03 10:47:00,AUTL,3.4549999237060547,3.4549999237060547,3.4549999237060547,3.4549999237060547,3.4549999237060547,1156.0
2024-07-03 10:47:00,AVIR,3.315000057220459,3.315000057220459,3.315000057220459,3.315000057220459,3.315000057220459,466.0
2024-07-03 10:47:00,AVXL,4.235000133514404,4.235000133514404,4.239999771118164,4.235000133514404,4.239999771118164,362.0
2024-07-03 10:47:00,AXNX,67.4800033569336,67.4800033569336,67.4800033569336,67.44999694824219,67.44999694824219,277.0
2024-07-03 10:47:00,AXSM,79.94499969482422,79.94499969482422,79.95999908447266,79.9000015258789,79.94000244140625,3841.0
2024-07-03 10:47:00,AZN,76.88999938964844,76.88999938964844,76.91000366210938,76.88999938964844,76.90499877929688,7151.0
2024-07-03 10:47:00,BBIO,25.260000228881836,25.260000228881836,25.280000686645508,25.260000228881836,25.280000686645508,1017.0
2024-07-03 10:47:00,BCAB,1.3350000381469727,1.3350000381469727,1.3350000381469727,1.3300000429153442,1.3300000429153442,802.0
2024-07-03 10:47:00,BCRX,6.599999904632568,6.599999904632568,6.599999904632568,6.599999904632568,6.599999904632568,3692.0
2024-07-03 10:47:00,BCTX,1.0197999477386475,1.0197999477386475,1.0197999477386475,1.0099999904632568,1.0099999904632568,500.0
2024-07-03 10:47:00,BDTX,4.190000057220459,4.190000057220459,4.190000057220459,4.184999942779541,4.184999942779541,3976.0
2024-07-03 10:47:00,BEAM,23.59000015258789,23.59000015258789,23.6299991607666,23.59000015258789,23.614999771118164,12581.0
2024-07-03 10:47:00,BGNE,147.19000244140625,147.19000244140625,147.35000610351562,147.19000244140625,147.35000610351562,546.0
2024-07-03 10:47:00,BGXX,0.2752000093460083,0.2752000093460083,0.2752000093460083,0.2752000093460083,0.2752000093460083,1615.0
2024-07-03 10:47:00,BIIB,225.10000610351562,225.10000610351562,225.10000610351562,225.10000610351562,225.10000610351562,1552.0
2024-07-03 10:47:00,BIOR,0.621999979019165,0.621999979019165,0.621999979019165,0.621999979019165,0.621999979019165,8.0
2024-07-03 10:47:00,BLUE,0.940500020980835,0.940500020980835,0.9409999847412109,0.9399999976158142,0.9399999976158142,4466.0
2024-07-03 10:47:00,BMEA,4.440000057220459,4.440000057220459,4.440000057220459,4.440000057220459,4.440000057220459,785.0
2024-07-03 10:47:00,BMRN,81.11499786376953,81.11499786376953,81.13999938964844,81.0999984741211,81.13999938964844,733.0
2024-07-03 10:47:00,BNGO,0.5687000155448914,0.5687000155448914,0.5687000155448914,0.5647000074386597,0.5647000074386597,3131.0
2024-07-03 10:47:00,BNTC,9.089900016784668,9.089900016784668,9.089900016784668,9.089900016784668,9.089900016784668,219.0
2024-07-03 10:47:00,BNTX,80.80500030517578,80.80500030517578,80.86499786376953,80.80000305175781,80.86499786376953,1615.0
2024-07-03 10:47:00,BPMC,110.82499694824219,110.82499694824219,110.87000274658203,110.79000091552734,110.87000274658203,3841.0
2024-07-03 10:47:00,BRKR,61.70000076293945,61.70000076293945,61.70000076293945,61.70000076293945,61.70000076293945,962.0
2024-07-03 10:47:00,BTCY,0.7330999970436096,0.7330999970436096,0.7558000087738037,0.7330999970436096,0.7558000087738037,3934.0
2024-07-03 10:47:00,BVS,6.045000076293945,6.045000076293945,6.045000076293945,6.045000076293945,6.045000076293945,249.0
2024-07-03 10:47:00,CABA,7.679999828338623,7.679999828338623,7.690000057220459,7.679999828338623,7.690000057220459,1496.0
2024-07-03 10:47:00,CCCC,4.730000019073486,4.730000019073486,4.730000019073486,4.730000019073486,4.730000019073486,893.0
2024-07-03 10:47:00,CCRN,13.739999771118164,13.739999771118164,13.739999771118164,13.739999771118164,13.739999771118164,1332.0
2024-07-03 10:47:00,CDMO,7.559999942779541,7.559999942779541,7.590000152587891,7.559999942779541,7.570000171661377,16802.0
2024-07-03 10:47:00,CDNA,15.229999542236328,15.229999542236328,15.229999542236328,15.210000038146973,15.229999542236328,1596.0
2024-07-03 10:47:00,CDTX,12.109999656677246,12.109999656677246,12.109999656677246,12.109999656677246,12.109999656677246,3178.0
2024-07-03 10:47:00,CDXC,2.549999952316284,2.549999952316284,2.549999952316284,2.549999952316284,2.549999952316284,373.0
2024-07-03 10:47:00,CERE,41.310001373291016,41.310001373291016,41.310001373291016,41.29999923706055,41.310001373291016,2011.0
2024-07-03 10:47:00,CERT,13.84000015258789,13.84000015258789,13.850000381469727,13.84000015258789,13.850000381469727,986.0
2024-07-03 10:47:00,CGC,6.800899982452393,6.800899982452393,6.804999828338623,6.799099922180176,6.799099922180176,2774.0
2024-07-03 10:47:00,CGEN,1.6799999475479126,1.6799999475479126,1.6799999475479126,1.6799999475479126,1.6799999475479126,200.0
2024-07-03 10:47:00,CGTX,1.7999999523162842,1.7999999523162842,1.7999999523162842,1.7999999523162842,1.7999999523162842,100.0
2024-07-03 10:47:00,CHRS,1.4049999713897705,1.4049999713897705,1.409999966621399,1.4049999713897705,1.409999966621399,15522.0
2024-07-03 10:47:00,CLOV,1.2549999952316284,1.2549999952316284,1.2549999952316284,1.2549999952316284,1.2549999952316284,2043.0
2024-07-03 10:47:00,CLPT,5.349999904632568,5.349999904632568,5.349999904632568,5.349999904632568,5.349999904632568,159.0
2024-07-03 10:47:00,CMPS,6.190000057220459,6.190000057220459,6.190000057220459,6.190000057220459,6.190000057220459,240.0
2024-07-03 10:47:00,CMPX,0.8403000235557556,0.8403000235557556,0.8403000235557556,0.8403000235557556,0.8403000235557556,0.0
2024-07-03 10:47:00,CNSP,2.119999885559082,2.119999885559082,2.129199981689453,2.0999999046325684,2.109999895095825,26685.0
2024-07-03 10:47:00,CNTX,1.7899999618530273,1.7899999618530273,1.7899999618530273,1.7899999618530273,1.7899999618530273,718.0
2024-07-03 10:47:00,COGT,8.3100004196167,8.3100004196167,8.3100004196167,8.3100004196167,8.3100004196167,439.0
2024-07-03 10:47:00,CORT,30.655000686645508,30.655000686645508,30.655000686645508,30.614999771118164,30.614999771118164,600.0
2024-07-03 10:47:00,COSM,0.949999988079071,0.949999988079071,0.949999988079071,0.949999988079071,0.949999988079071,302.0
2024-07-03 10:47:00,CPRX,15.569999694824219,15.569999694824219,15.569999694824219,15.569999694824219,15.569999694824219,1017.0
2024-07-03 10:47:00,CRBU,1.590000033378601,1.590000033378601,1.5950000286102295,1.590000033378601,1.5950000286102295,1086.0
2024-07-03 10:47:00,CRDL,1.9149999618530273,1.9149999618530273,1.940000057220459,1.9149999618530273,1.940000057220459,14044.0
2024-07-03 10:47:00,CRNX,45.16999816894531,45.16999816894531,45.16999816894531,45.16999816894531,45.16999816894531,121.0
2024-07-03 10:47:00,CRON,2.368000030517578,2.368000030517578,2.368000030517578,2.3550000190734863,2.3550000190734863,7152.0
2024-07-03 10:47:00,CRSP,54.19499969482422,54.19499969482422,54.19499969482422,54.189998626708984,54.189998626708984,1517.0
2024-07-03 10:47:00,CTKB,5.730000019073486,5.730000019073486,5.735000133514404,5.730000019073486,5.735000133514404,471.0
2024-07-03 10:47:00,CTMX,1.3300000429153442,1.3300000429153442,1.3300000429153442,1.3300000429153442,1.3300000429153442,301.0
2024-07-03 10:47:00,CTSO,0.8450000286102295,0.8450000286102295,0.8450000286102295,0.8450000286102295,0.8450000286102295,200.0
2024-07-03 10:47:00,CUTR,1.3200000524520874,1.3200000524520874,1.3200000524520874,1.3200000524520874,1.3200000524520874,1319.0
2024-07-03 10:47:00,CVAC,3.3987998962402344,3.3987998962402344,3.4000000953674316,3.380000114440918,3.4000000953674316,9304.0
2024-07-03 10:47:00,CVRX,11.54010009765625,11.54010009765625,11.54010009765625,11.54010009765625,11.54010009765625,1194.0
2024-07-03 10:47:00,CYTK,54.74250030517578,54.74250030517578,54.84000015258789,54.709999084472656,54.84000015258789,7393.0
2024-07-03 10:47:00,DAWN,13.359999656677246,13.359999656677246,13.369999885559082,13.359999656677246,13.369999885559082,513.0
2024-07-03 10:47:00,DCGO,2.940000057220459,2.940000057220459,2.940000057220459,2.940000057220459,2.940000057220459,363.0
2024-07-03 10:47:00,DNLI,21.719999313354492,21.719999313354492,21.719999313354492,21.719999313354492,21.719999313354492,104.0
2024-07-03 10:47:00,DSGN,3.25,3.25,3.25,3.25,3.25,398.0
2024-07-03 10:47:00,DVAX,11.119999885559082,11.119999885559082,11.119999885559082,11.119999885559082,11.119999885559082,1588.0
2024-07-03 10:47:00,DXCM,110.05500030517578,110.05500030517578,110.19999694824219,110.05000305175781,110.19999694824219,6968.0
2024-07-03 10:47:00,DYN,34.560001373291016,34.560001373291016,34.560001373291016,34.560001373291016,34.560001373291016,534.0
2024-07-03 10:47:00,EDIT,4.664999961853027,4.664999961853027,4.675000190734863,4.664999961853027,4.675000190734863,1519.0
2024-07-03 10:47:00,EGRX,5.244999885559082,5.244999885559082,5.28000020980835,5.210000038146973,5.21999979019165,1398.0
2024-07-03 10:47:00,ELEV,2.680000066757202,2.680000066757202,2.680000066757202,2.680000066757202,2.680000066757202,503.0
2024-07-03 10:47:00,ENVB,0.504800021648407,0.504800021648407,0.5099999904632568,0.5001000165939331,0.5006999969482422,19165.0
2024-07-03 10:47:00,EOLS,10.869999885559082,10.869999885559082,10.869999885559082,10.869999885559082,10.869999885559082,257.0
2024-07-03 10:47:00,ESPR,2.369999885559082,2.369999885559082,2.369999885559082,2.365000009536743,2.365000009536743,2130.0
2024-07-03 10:47:00,ETNB,7.650000095367432,7.650000095367432,7.650000095367432,7.650000095367432,7.650000095367432,622.0
2024-07-03 10:47:00,EVO,5.070000171661377,5.070000171661377,5.070000171661377,5.070000171661377,5.070000171661377,5.0
2024-07-03 10:47:00,EWTX,18.05500030517578,18.05500030517578,18.05500030517578,18.05500030517578,18.05500030517578,245.0
2024-07-03 10:47:00,EXAI,5.414999961853027,5.414999961853027,5.420000076293945,5.414999961853027,5.420000076293945,958.0
2024-07-03 10:47:00,EXAS,43.1150016784668,43.1150016784668,43.2400016784668,43.099998474121094,43.20000076293945,18264.0
2024-07-03 10:47:00,EXEL,22.020000457763672,22.020000457763672,22.030000686645508,22.010000228881836,22.030000686645508,1010.0
2024-07-03 10:47:00,EYEN,0.7736999988555908,0.7736999988555908,0.7736999988555908,0.7736999988555908,0.7736999988555908,633.0
2024-07-03 10:47:00,EYPT,8.329999923706055,8.329999923706055,8.329999923706055,8.319999694824219,8.319999694824219,1193.0
2024-07-03 10:47:00,FATE,3.255000114440918,3.255000114440918,3.259999990463257,3.255000114440918,3.259999990463257,621.0
2024-07-03 10:47:00,FDMT,21.065000534057617,21.065000534057617,21.079999923706055,21.065000534057617,21.079999923706055,942.0
2024-07-03 10:47:00,FENC,6.03000020980835,6.03000020980835,6.03000020980835,6.03000020980835,6.03000020980835,1838.0
2024-07-03 10:47:00,FGEN,0.7135999798774719,0.7135999798774719,0.72079998254776,0.7135999798774719,0.7168999910354614,7320.0
2024-07-03 10:47:00,FULC,6.170000076293945,6.170000076293945,6.170000076293945,6.150000095367432,6.1641998291015625,3389.0
2024-07-03 10:47:00,GBIO,2.390000104904175,2.390000104904175,2.390000104904175,2.359999895095825,2.359999895095825,3496.0
2024-07-03 10:47:00,GDRX,7.864999771118164,7.864999771118164,7.864999771118164,7.864999771118164,7.864999771118164,1053.0
2024-07-03 10:47:00,GERN,4.364999771118164,4.364999771118164,4.369999885559082,4.360000133514404,4.360000133514404,9953.0
2024-07-03 10:47:00,GH,28.459999084472656,28.459999084472656,28.459999084472656,28.459999084472656,28.459999084472656,452.0
2024-07-03 10:47:00,GILD,67.01000213623047,67.01000213623047,67.05500030517578,67.0,67.05500030517578,3513.0
2024-07-03 10:47:00,GLSI,16.600000381469727,16.600000381469727,16.600000381469727,16.600000381469727,16.600000381469727,153.0
2024-07-03 10:47:00,GLTO,0.5023000240325928,0.5023000240325928,0.5023000240325928,0.4968000054359436,0.4968000054359436,2593.0
2024-07-03 10:47:00,GLYC,0.271699994802475,0.271699994802475,0.271699994802475,0.2711000144481659,0.27140000462532043,5007.0
2024-07-03 10:47:00,GMAB,25.209999084472656,25.209999084472656,25.209999084472656,25.209999084472656,25.209999084472656,158.0
2024-07-03 10:47:00,GOVX,3.055000066757202,3.055000066757202,3.055000066757202,3.055000066757202,3.055000066757202,2391.0
2024-07-03 10:47:00,GRTS,0.5879999995231628,0.5879999995231628,0.5879999995231628,0.5866000056266785,0.5879999995231628,11009.0
2024-07-03 10:47:00,HALO,51.52000045776367,51.52000045776367,51.529998779296875,51.45500183105469,51.45500183105469,2627.0
2024-07-03 10:47:00,HBIO,2.759999990463257,2.759999990463257,2.759999990463257,2.759999990463257,2.759999990463257,1301.0
2024-07-03 10:47:00,HITI,2.125,2.125,2.125,2.125,2.125,200.0
2024-07-03 10:47:00,HLVX,14.170000076293945,14.170000076293945,14.180000305175781,14.170000076293945,14.180000305175781,973.0
2024-07-03 10:47:00,HOLX,73.23500061035156,73.23500061035156,73.30500030517578,73.23500061035156,73.30500030517578,7391.0
2024-07-03 10:47:00,HOWL,2.190000057220459,2.190000057220459,2.200000047683716,2.190000057220459,2.200000047683716,2852.0
2024-07-03 10:47:00,HQY,83.20999908447266,83.20999908447266,83.27870178222656,83.1500015258789,83.27870178222656,1383.0
2024-07-03 10:47:00,HRTX,2.815000057220459,2.815000057220459,2.815000057220459,2.809999942779541,2.809999942779541,6884.0
2024-07-03 10:47:00,HSIC,65.44000244140625,65.44000244140625,65.44999694824219,65.42500305175781,65.44999694824219,1956.0
2024-07-03 10:47:00,HUMA,5.639999866485596,5.639999866485596,5.650000095367432,5.630099773406982,5.630099773406982,4477.0
2024-07-03 10:47:00,IBRX,6.28000020980835,6.28000020980835,6.28000020980835,6.28000020980835,6.28000020980835,1169.0
2024-07-03 10:47:00,ICUI,117.16999816894531,117.16999816894531,117.16999816894531,117.16999816894531,117.16999816894531,283.0
2024-07-03 10:47:00,IDXX,474.819091796875,474.819091796875,474.819091796875,474.819091796875,474.819091796875,509.0
2024-07-03 10:47:00,IDYA,33.619998931884766,33.619998931884766,33.689998626708984,33.59000015258789,33.689998626708984,1736.0
2024-07-03 10:47:00,IFRX,1.6699999570846558,1.6699999570846558,1.6699999570846558,1.6699999570846558,1.6699999570846558,1340.0
2024-07-03 10:47:00,IGMS,6.480000019073486,6.480000019073486,6.519999980926514,6.480000019073486,6.519999980926514,1248.0
2024-07-03 10:47:00,IKNA,1.649999976158142,1.649999976158142,1.649999976158142,1.649999976158142,1.649999976158142,102.0
2024-07-03 10:47:00,IKT,1.249400019645691,1.249400019645691,1.249400019645691,1.249400019645691,1.249400019645691,424.0
2024-07-03 10:47:00,ILMN,104.6500015258789,104.6500015258789,104.68499755859375,104.58999633789062,104.62999725341797,6934.0
2024-07-03 10:47:00,IMCR,36.150001525878906,36.150001525878906,36.150001525878906,36.099998474121094,36.13999938964844,835.0
2024-07-03 10:47:00,IMMX,2.349900007247925,2.349900007247925,2.3499999046325684,2.349900007247925,2.3499999046325684,880.0
2024-07-03 10:47:00,IMNM,11.979999542236328,11.979999542236328,12.020000457763672,11.979999542236328,12.020000457763672,2560.0
2024-07-03 10:47:00,IMRX,1.1649999618530273,1.1649999618530273,1.1649999618530273,1.1649999618530273,1.1649999618530273,1975.0
2024-07-03 10:47:00,IMTX,11.960000038146973,11.960000038146973,11.960000038146973,11.960000038146973,11.960000038146973,550.0
2024-07-03 10:47:00,IMUX,1.149999976158142,1.149999976158142,1.149999976158142,1.149999976158142,1.149999976158142,107.0
2024-07-03 10:47:00,IMVT,26.735000610351562,26.735000610351562,26.735000610351562,26.735000610351562,26.735000610351562,139.0
2024-07-03 10:47:00,INAB,0.7950999736785889,0.7950999736785889,0.7950999736785889,0.7950999736785889,0.7950999736785889,0.0
2024-07-03 10:47:00,INBX,13.300000190734863,13.300000190734863,13.300000190734863,13.300000190734863,13.300000190734863,300.0
2024-07-03 10:47:00,INCY,57.83000183105469,57.83000183105469,57.959598541259766,57.83000183105469,57.939998626708984,6480.0
2024-07-03 10:47:00,INM,0.25040000677108765,0.25040000677108765,0.25040000677108765,0.25040000677108765,0.25040000677108765,8667.0
2024-07-03 10:47:00,INMD,17.65999984741211,17.65999984741211,17.65999984741211,17.652299880981445,17.652299880981445,504.0
2024-07-03 10:47:00,INO,8.475000381469727,8.475000381469727,8.475000381469727,8.475000381469727,8.475000381469727,148.0
2024-07-03 10:47:00,INSM,63.20500183105469,63.20500183105469,63.22999954223633,63.130001068115234,63.13999938964844,23435.0
2024-07-03 10:47:00,INVA,16.290000915527344,16.290000915527344,16.299999237060547,16.290000915527344,16.299999237060547,625.0
2024-07-03 10:47:00,IONS,44.599998474121094,44.599998474121094,44.63990020751953,44.59000015258789,44.59000015258789,5487.0
2024-07-03 10:47:00,IOVA,7.695000171661377,7.695000171661377,7.730000019073486,7.695000171661377,7.724999904632568,26712.0
2024-07-03 10:47:00,IPSC,2.259999990463257,2.259999990463257,2.259999990463257,2.259999990463257,2.259999990463257,278.0
2024-07-03 10:47:00,IRTC,95.75,95.75,95.75,95.75,95.75,271.0
2024-07-03 10:47:00,IRWD,6.175000190734863,6.175000190734863,6.175000190734863,6.175000190734863,6.175000190734863,205.0
2024-07-03 10:47:00,ISPC,0.28040000796318054,0.28040000796318054,0.28380000591278076,0.2800999879837036,0.2824000120162964,20064.0
2024-07-03 10:47:00,ISRG,434.1600036621094,434.1600036621094,434.30499267578125,434.1600036621094,434.2300109863281,4207.0
2024-07-03 10:47:00,ITCI,68.00499725341797,68.00499725341797,68.02749633789062,67.97000122070312,67.9800033569336,4951.0
2024-07-03 10:47:00,ITOS,14.739999771118164,14.739999771118164,14.739999771118164,14.739999771118164,14.739999771118164,442.0
2024-07-03 10:47:00,IXHL,2.7100000381469727,2.7100000381469727,2.7100000381469727,2.7100000381469727,2.7100000381469727,475.0
2024-07-03 10:47:00,JANX,38.279998779296875,38.279998779296875,38.290000915527344,38.279998779296875,38.279998779296875,1140.0
2024-07-03 10:47:00,JAZZ,104.93000030517578,104.93000030517578,104.93000030517578,104.8550033569336,104.8550033569336,1353.0
2024-07-03 10:47:00,KALV,11.649999618530273,11.649999618530273,11.670000076293945,11.649999618530273,11.670000076293945,976.0
2024-07-03 10:47:00,KMDA,5.179999828338623,5.179999828338623,5.179999828338623,5.179999828338623,5.179999828338623,156.0
2024-07-03 10:47:00,KRON,1.149999976158142,1.149999976158142,1.1549999713897705,1.149999976158142,1.1549999713897705,13646.0
2024-07-03 10:47:00,KTRA,0.28119999170303345,0.28119999170303345,0.28119999170303345,0.2784999907016754,0.2800999879837036,12880.0
2024-07-03 10:47:00,KURA,20.610000610351562,20.610000610351562,20.610000610351562,20.610000610351562,20.610000610351562,1006.0
2024-07-03 10:47:00,KZIA,0.21699999272823334,0.21699999272823334,0.21699999272823334,0.21699999272823334,0.21699999272823334,1225.0
2024-07-03 10:47:00,KZR,0.5795000195503235,0.5795000195503235,0.5795000195503235,0.5795000195503235,0.5795000195503235,1215.0
2024-07-03 10:47:00,LAB,1.7999999523162842,1.7999999523162842,1.7999999523162842,1.7899999618530273,1.7899999618530273,2956.0
2024-07-03 10:47:00,LBPH,32.56999969482422,32.56999969482422,32.58000183105469,32.45000076293945,32.45000076293945,4232.0
2024-07-03 10:47:00,LEGN,45.67499923706055,45.67499923706055,45.67499923706055,45.650001525878906,45.650001525878906,790.0
2024-07-03 10:47:00,LFLY,2.0899999141693115,2.0899999141693115,2.0899999141693115,2.0899999141693115,2.0899999141693115,201.0
2024-07-03 10:47:00,LFMD,6.71999979019165,6.71999979019165,6.71999979019165,6.71999979019165,6.71999979019165,1119.0
2024-07-03 10:47:00,LFST,5.195000171661377,5.195000171661377,5.195000171661377,5.184999942779541,5.184999942779541,1977.0
2024-07-03 10:47:00,LGND,82.73999786376953,82.73999786376953,82.73999786376953,82.73999786376953,82.73999786376953,188.0
2024-07-03 10:47:00,LGVN,1.6100000143051147,1.6100000143051147,1.6150000095367432,1.6100000143051147,1.6119999885559082,4884.0
2024-07-03 10:47:00,LIVN,52.845001220703125,52.845001220703125,52.845001220703125,52.81999969482422,52.81999969482422,591.0
2024-07-03 10:47:00,LNTH,79.00250244140625,79.00250244140625,79.00250244140625,78.8499984741211,78.8499984741211,2994.0
2024-07-03 10:47:00,LUCY,0.46209999918937683,0.46209999918937683,0.4650000035762787,0.46209999918937683,0.4650000035762787,4693.0
2024-07-03 10:47:00,LXRX,1.6050000190734863,1.6050000190734863,1.6150000095367432,1.6050000190734863,1.6100000143051147,16360.0
2024-07-03 10:47:00,LYEL,1.4450000524520874,1.4450000524520874,1.4494999647140503,1.4450000524520874,1.4494999647140503,1515.0
2024-07-03 10:47:00,MASI,113.84500122070312,113.84500122070312,113.84500122070312,113.84500122070312,113.84500122070312,387.0
2024-07-03 10:47:00,MBIO,0.5177000164985657,0.5177000164985657,0.5199999809265137,0.5174000263214111,0.5195000171661377,13767.0
2024-07-03 10:47:00,MCRB,0.7148000001907349,0.7148000001907349,0.7148000001907349,0.7148000001907349,0.7148000001907349,1057.0
2024-07-03 10:47:00,MDGL,268.6099853515625,268.6099853515625,268.6099853515625,268.6099853515625,268.6099853515625,576.0
2024-07-03 10:47:00,MDXG,6.775000095367432,6.775000095367432,6.775000095367432,6.775000095367432,6.775000095367432,1261.0
2024-07-03 10:47:00,ME,0.400299996137619,0.400299996137619,0.40139999985694885,0.4000000059604645,0.40119999647140503,5835.0
2024-07-03 10:47:00,MGNX,4.260000228881836,4.260000228881836,4.260000228881836,4.255000114440918,4.255000114440918,1219.0
2024-07-03 10:47:00,MGTX,4.03000020980835,4.03000020980835,4.03000020980835,4.03000020980835,4.03000020980835,174.0
2024-07-03 10:47:00,MLTX,41.404998779296875,41.404998779296875,41.404998779296875,41.404998779296875,41.404998779296875,309.0
2024-07-03 10:47:00,MMSI,85.7699966430664,85.7699966430664,85.87999725341797,85.6500015258789,85.6500015258789,1292.0
2024-07-03 10:47:00,MNKD,5.105000019073486,5.105000019073486,5.105000019073486,5.090000152587891,5.09499979019165,1814.0
2024-07-03 10:47:00,MORF,31.860000610351562,31.860000610351562,31.90999984741211,31.787500381469727,31.829999923706055,2418.0
2024-07-03 10:47:00,MRNA,116.97000122070312,116.97000122070312,117.06999969482422,116.8499984741211,116.87999725341797,2907.0
2024-07-03 10:47:00,MRNS,1.2050000429153442,1.2050000429153442,1.2050000429153442,1.2050000429153442,1.2050000429153442,206.0
2024-07-03 10:47:00,MRSN,1.899999976158142,1.899999976158142,1.899999976158142,1.899999976158142,1.899999976158142,2371.0
2024-07-03 10:47:00,MRUS,52.779998779296875,52.779998779296875,52.779998779296875,52.6349983215332,52.709999084472656,1469.0
2024-07-03 10:47:00,MRVI,6.795000076293945,6.795000076293945,6.795000076293945,6.795000076293945,6.795000076293945,1265.0
2024-07-03 10:47:00,MXCT,3.7300000190734863,3.7300000190734863,3.7300000190734863,3.7249999046325684,3.7249999046325684,353.0
2024-07-03 10:47:00,MYGN,25.270000457763672,25.270000457763672,25.270000457763672,25.25,25.270000457763672,1644.0
2024-07-03 10:47:00,NARI,49.6349983215332,49.6349983215332,49.6349983215332,49.6349983215332,49.6349983215332,675.0
2024-07-03 10:47:00,NBIX,138.0399932861328,138.0399932861328,138.2050018310547,138.0399932861328,138.16000366210938,2516.0
2024-07-03 10:47:00,NDRA,0.08429999649524689,0.08429999649524689,0.08429999649524689,0.08429999649524689,0.08429999649524689,662.0
2024-07-03 10:47:00,NEO,13.6899995803833,13.6899995803833,13.699999809265137,13.6850004196167,13.699999809265137,539.0
2024-07-03 10:47:00,NEOG,15.210000038146973,15.210000038146973,15.210000038146973,15.210000038146973,15.210000038146973,356.0
2024-07-03 10:47:00,NKTR,1.25,1.25,1.25,1.25,1.25,929.0
2024-07-03 10:47:00,NRC,22.899999618530273,22.899999618530273,22.905000686645508,22.899999618530273,22.905000686645508,470.0
2024-07-03 10:47:00,NTLA,22.640100479125977,22.640100479125977,22.729999542236328,22.640100479125977,22.729999542236328,3107.0
2024-07-03 10:47:00,NTRA,111.88770294189453,111.88770294189453,111.88770294189453,111.72000122070312,111.87000274658203,4085.0
2024-07-03 10:47:00,NUVL,72.13999938964844,72.13999938964844,72.13999938964844,71.87000274658203,71.87000274658203,2152.0
2024-07-03 10:47:00,NUWE,4.079999923706055,4.079999923706055,4.079999923706055,4.079999923706055,4.079999923706055,200.0
2024-07-03 10:47:00,NVAX,12.819999694824219,12.819999694824219,12.850000381469727,12.8100004196167,12.835000038146973,29460.0
2024-07-03 10:47:00,NVCR,16.790000915527344,16.790000915527344,16.790000915527344,16.790000915527344,16.790000915527344,332.0
2024-07-03 10:47:00,NVOS,0.7601000070571899,0.7601000070571899,0.7601000070571899,0.7601000070571899,0.7601000070571899,0.0
2024-07-03 10:47:00,NXL,1.399999976158142,1.399999976158142,1.399999976158142,1.399999976158142,1.399999976158142,5064.0
2024-07-03 10:47:00,OCGN,1.6598000526428223,1.6598000526428223,1.659999966621399,1.6549999713897705,1.659999966621399,3065.0
2024-07-03 10:47:00,OCUL,6.755000114440918,6.755000114440918,6.755000114440918,6.755000114440918,6.755000114440918,179.0
2024-07-03 10:47:00,OGI,1.6100000143051147,1.6100000143051147,1.6100000143051147,1.6100000143051147,1.6100000143051147,255.0
2024-07-03 10:47:00,OLK,25.790599822998047,25.790599822998047,25.790599822998047,25.790599822998047,25.790599822998047,194.0
2024-07-03 10:47:00,OM,3.684999942779541,3.684999942779541,3.694999933242798,3.684999942779541,3.694999933242798,9550.0
2024-07-03 10:47:00,OMCL,26.440000534057617,26.440000534057617,26.440000534057617,26.440000534057617,26.440000534057617,144.0
2024-07-03 10:47:00,OMGA,1.975000023841858,1.975000023841858,1.9800000190734863,1.975000023841858,1.975000023841858,2390.0
2024-07-03 10:47:00,ONCY,1.0198999643325806,1.0198999643325806,1.0198999643325806,1.0198999643325806,1.0198999643325806,1202.0
2024-07-03 10:48:00,ABCL,2.7399001121520996,2.7399001121520996,2.7399001121520996,2.739500045776367,2.739500045776367,0.0
2024-07-03 10:48:00,ABSI,3.244999885559082,3.244999885559082,3.25,3.234999895095825,3.234999895095825,2010.0
2024-07-03 10:48:00,ABUS,3.1649999618530273,3.1649999618530273,3.1649999618530273,3.1649999618530273,3.1649999618530273,2261.0
2024-07-03 10:48:00,ACAD,15.694999694824219,15.694999694824219,15.699999809265137,15.694999694824219,15.699999809265137,359.0
2024-07-03 10:48:00,ACB,4.979899883270264,4.979899883270264,4.980000019073486,4.965000152587891,4.96999979019165,8880.0
2024-07-03 10:48:00,ACCD,3.5899999141693115,3.5899999141693115,3.5999999046325684,3.5899999141693115,3.591200113296509,3272.0
2024-07-03 10:48:00,ACET,1.0499999523162842,1.0499999523162842,1.0499999523162842,1.0499999523162842,1.0499999523162842,786.0
2024-07-03 10:48:00,ACHC,66.19499969482422,66.19499969482422,66.19499969482422,66.16999816894531,66.19499969482422,920.0
2024-07-03 10:48:00,ACLX,54.119998931884766,54.119998931884766,54.119998931884766,54.119998931884766,54.119998931884766,578.0
2024-07-03 10:48:00,ACON,0.28999999165534973,0.28999999165534973,0.28999999165534973,0.28999999165534973,0.28999999165534973,86.0
2024-07-03 10:48:00,ACRS,1.1699999570846558,1.1699999570846558,1.1699999570846558,1.1699999570846558,1.1699999570846558,1100.0
2024-07-03 10:48:00,ADAP,1.034999966621399,1.034999966621399,1.034999966621399,1.0299999713897705,1.0299999713897705,411.0
2024-07-03 10:48:00,ADMA,11.375,11.375,11.379500389099121,11.359999656677246,11.359999656677246,3475.0
2024-07-03 10:48:00,ADPT,3.4000000953674316,3.4000000953674316,3.4024999141693115,3.4000000953674316,3.4000000953674316,1292.0
2024-07-03 10:48:00,ADUS,117.08999633789062,117.08999633789062,117.08999633789062,117.08999633789062,117.08999633789062,534.0
2024-07-03 10:48:00,AKBA,0.9625999927520752,0.9625999927520752,0.9629999995231628,0.9603999853134155,0.9603999853134155,39356.0
2024-07-03 10:48:00,AKRO,22.139999389648438,22.139999389648438,22.139999389648438,22.139999389648438,22.139999389648438,1353.0
2024-07-03 10:48:00,ALDX,3.244999885559082,3.244999885559082,3.244999885559082,3.244999885559082,3.244999885559082,990.0
2024-07-03 10:48:00,ALGN,238.0500030517578,238.0500030517578,238.0500030517578,238.0500030517578,238.0500030517578,1108.0
2024-07-03 10:48:00,ALGS,0.4350000023841858,0.4350000023841858,0.4390999972820282,0.4350000023841858,0.43799999356269836,2200.0
2024-07-03 10:48:00,ALIM,5.5229997634887695,5.5229997634887695,5.5229997634887695,5.5229997634887695,5.5229997634887695,231.0
2024-07-03 10:48:00,ALKS,24.31999969482422,24.31999969482422,24.31999969482422,24.315000534057617,24.31999969482422,758.0
2024-07-03 10:48:00,ALLK,0.8586999773979187,0.8586999773979187,0.8586999773979187,0.8586999773979187,0.8586999773979187,325.0
2024-07-03 10:48:00,ALLO,2.130000114440918,2.130000114440918,2.130000114440918,2.130000114440918,2.130000114440918,617.0
2024-07-03 10:48:00,ALNY,247.52000427246094,247.52000427246094,247.52000427246094,247.41000366210938,247.41000366210938,1484.0
2024-07-03 10:48:00,ALT,6.772200107574463,6.772200107574463,6.78000020980835,6.764999866485596,6.764999866485596,8122.0
2024-07-03 10:48:00,ALVOW,3.3499999046325684,3.3499999046325684,3.3499999046325684,3.3499999046325684,3.3499999046325684,900.0
2024-07-03 10:48:00,ALVR,0.7366999983787537,0.7366999983787537,0.7366999983787537,0.7366999983787537,0.7366999983787537,510.0
2024-07-03 10:48:00,AMED,96.68499755859375,96.68499755859375,96.82499694824219,96.6500015258789,96.81999969482422,28519.0
2024-07-03 10:48:00,AMGN,309.9200134277344,309.9200134277344,310.17999267578125,309.9200134277344,310.17999267578125,3046.0
2024-07-03 10:48:00,AMLX,1.75,1.75,1.750100016593933,1.75,1.750100016593933,1003.0
2024-07-03 10:48:00,AMPH,38.369998931884766,38.369998931884766,38.369998931884766,38.369998931884766,38.369998931884766,693.0
2024-07-03 10:48:00,ANAB,25.440000534057617,25.440000534057617,25.440000534057617,25.389999389648438,25.440000534057617,1153.0
2024-07-03 10:48:00,ANGO,5.644999980926514,5.644999980926514,5.644999980926514,5.644999980926514,5.644999980926514,226.0
2024-07-03 10:48:00,ANNX,4.785600185394287,4.785600185394287,4.785600185394287,4.775000095367432,4.775000095367432,5451.0
2024-07-03 10:48:00,ANTX,2.5,2.5,2.5,2.484999895095825,2.5,11769.0
2024-07-03 10:48:00,APDN,0.4415000081062317,0.4415000081062317,0.4415000081062317,0.4415000081062317,0.4415000081062317,1512.0
2024-07-03 10:48:00,APLT,4.445000171661377,4.445000171661377,4.445000171661377,4.440000057220459,4.445000171661377,717.0
2024-07-03 10:48:00,AQST,2.424999952316284,2.424999952316284,2.424999952316284,2.4200000762939453,2.4200000762939453,8724.0
2024-07-03 10:48:00,ARDX,5.190499782562256,5.190499782562256,5.199699878692627,5.190000057220459,5.199699878692627,10158.0
2024-07-03 10:48:00,ARGX,435.5,435.5,435.5,435.5,435.5,623.0
2024-07-03 10:48:00,ARQT,9.609999656677246,9.609999656677246,9.670000076293945,9.609999656677246,9.654999732971191,9729.0
2024-07-03 10:48:00,ARVN,24.579999923706055,24.579999923706055,24.579999923706055,24.549999237060547,24.549999237060547,675.0
2024-07-03 10:48:00,ASLN,2.319999933242798,2.319999933242798,2.319999933242798,2.299999952316284,2.299999952316284,546.0
2024-07-03 10:48:00,ASND,135.17999267578125,135.17999267578125,135.17999267578125,134.85000610351562,134.85000610351562,1351.0
2024-07-03 10:48:00,ASRT,1.340000033378601,1.340000033378601,1.340000033378601,1.340000033378601,1.340000033378601,1257.0
2024-07-03 10:48:00,ATAI,1.2899999618530273,1.2899999618530273,1.2899999618530273,1.2899999618530273,1.2899999618530273,119.0
2024-07-03 10:48:00,ATEC,9.930000305175781,9.930000305175781,9.930000305175781,9.930000305175781,9.930000305175781,1138.0
2024-07-03 10:48:00,ATOS,1.1699999570846558,1.1699999570846558,1.1699999570846558,1.1699999570846558,1.1699999570846558,1732.0
2024-07-03 10:48:00,ATRC,22.28499984741211,22.28499984741211,22.28499984741211,22.28499984741211,22.28499984741211,160.0
2024-07-03 10:48:00,AUGX,0.9914000034332275,0.9914000034332275,0.9975000023841858,0.9914000034332275,0.9914000034332275,800.0
2024-07-03 10:48:00,AUPH,5.485000133514404,5.485000133514404,5.485000133514404,5.485000133514404,5.485000133514404,244.0
2024-07-03 10:48:00,AUTL,3.490000009536743,3.490000009536743,3.490000009536743,3.4549999237060547,3.4549999237060547,16238.0
2024-07-03 10:48:00,AVDL,14.329999923706055,14.329999923706055,14.329999923706055,14.329999923706055,14.329999923706055,947.0
2024-07-03 10:48:00,AVTE,1.6200000047683716,1.6200000047683716,1.625,1.6200000047683716,1.6200000047683716,717.0
2024-07-03 10:48:00,AVXL,4.235000133514404,4.235000133514404,4.2399001121521,4.235000133514404,4.236400127410889,2425.0
2024-07-03 10:48:00,AWH,1.0190000534057617,1.0190000534057617,1.0190000534057617,1.0099999904632568,1.0099999904632568,2606.0
2024-07-03 10:48:00,AXNX,67.5,67.5,67.5,67.5,67.5,400.0
2024-07-03 10:48:00,AZN,76.87999725341797,76.87999725341797,76.9000015258789,76.87000274658203,76.88999938964844,14145.0
2024-07-03 10:48:00,AZTA,52.68000030517578,52.68000030517578,52.70000076293945,52.63999938964844,52.66999816894531,2010.0
2024-07-03 10:48:00,BBIO,25.280000686645508,25.280000686645508,25.280000686645508,25.260000228881836,25.260000228881836,1314.0
2024-07-03 10:48:00,BCAB,1.3350000381469727,1.3350000381469727,1.340000033378601,1.3350000381469727,1.3350000381469727,6318.0
2024-07-03 10:48:00,BCLI,0.3513000011444092,0.3513000011444092,0.3513000011444092,0.3513000011444092,0.3513000011444092,612.0
2024-07-03 10:48:00,BCRX,6.59499979019165,6.59499979019165,6.59499979019165,6.59499979019165,6.59499979019165,1001.0
2024-07-03 10:48:00,BCTX,1.0099999904632568,1.0099999904632568,1.0099999904632568,1.0099999904632568,1.0099999904632568,0.0
2024-07-03 10:48:00,BCYC,19.815000534057617,19.815000534057617,19.8700008392334,19.815000534057617,19.8700008392334,489.0
2024-07-03 10:48:00,BDSX,1.6100000143051147,1.6100000143051147,1.6100000143051147,1.6089999675750732,1.6089999675750732,2098.0
2024-07-03 10:48:00,BDTX,4.190100193023682,4.190100193023682,4.190100193023682,4.190100193023682,4.190100193023682,354.0
2024-07-03 10:48:00,BEAM,23.6299991607666,23.6299991607666,23.6299991607666,23.6200008392334,23.6299991607666,3097.0
2024-07-03 10:48:00,BGNE,147.24000549316406,147.24000549316406,147.24000549316406,147.0399932861328,147.0399932861328,753.0
2024-07-03 10:48:00,BIIB,225.19000244140625,225.19000244140625,225.19500732421875,225.0500030517578,225.19500732421875,2685.0
2024-07-03 10:48:00,BIVI,0.41999998688697815,0.41999998688697815,0.41999998688697815,0.41999998688697815,0.41999998688697815,3390.0
2024-07-03 10:48:00,BLRX,0.5370000004768372,0.5370000004768372,0.5388000011444092,0.534500002861023,0.5388000011444092,4548.0
2024-07-03 10:48:00,BLUE,0.9386000037193298,0.9386000037193298,0.940500020980835,0.9386000037193298,0.940500020980835,3838.0
2024-07-03 10:48:00,BMRN,81.12999725341797,81.12999725341797,81.12999725341797,81.11499786376953,81.11499786376953,591.0
2024-07-03 10:48:00,BNGO,0.5680000185966492,0.5680000185966492,0.5687999725341797,0.5654000043869019,0.5654000043869019,1844.0
2024-07-03 10:48:00,BNTX,80.79000091552734,80.79000091552734,80.79000091552734,80.76750183105469,80.76750183105469,1257.0
2024-07-03 10:48:00,BPMC,110.94999694824219,110.94999694824219,110.95500183105469,110.92500305175781,110.94000244140625,2917.0
2024-07-03 10:48:00,BRKR,61.720001220703125,61.720001220703125,61.720001220703125,61.63999938964844,61.64500045776367,522.0
2024-07-03 10:48:00,BRTX,1.9500000476837158,1.9500000476837158,1.9500000476837158,1.9450000524520874,1.9450000524520874,4712.0
2024-07-03 10:48:00,BTAI,1.1050000190734863,1.1050000190734863,1.1050000190734863,1.1050000190734863,1.1050000190734863,203.0
2024-07-03 10:48:00,BVS,6.03000020980835,6.03000020980835,6.059999942779541,6.03000020980835,6.050000190734863,13000.0
2024-07-03 10:48:00,CABA,7.670000076293945,7.670000076293945,7.675000190734863,7.650000095367432,7.675000190734863,3825.0
2024-07-03 10:48:00,CADL,6.289999961853027,6.289999961853027,6.289999961853027,6.25,6.269999980926514,890.0
2024-07-03 10:48:00,CARA,0.2897999882698059,0.2897999882698059,0.2897999882698059,0.2897999882698059,0.2897999882698059,189.0
2024-07-03 10:48:00,CCCC,4.699999809265137,4.699999809265137,4.71999979019165,4.690000057220459,4.71999979019165,2554.0
2024-07-03 10:48:00,CDMO,7.565000057220459,7.565000057220459,7.579999923706055,7.565000057220459,7.579999923706055,575.0
2024-07-03 10:48:00,CDXS,2.9142000675201416,2.9142000675201416,2.9200000762939453,2.9100000858306885,2.9200000762939453,5041.0
2024-07-03 10:48:00,CERE,41.31999969482422,41.31999969482422,41.31999969482422,41.29999923706055,41.30500030517578,4368.0
2024-07-03 10:48:00,CERS,1.7350000143051147,1.7350000143051147,1.7350000143051147,1.7350000143051147,1.7350000143051147,3465.0
2024-07-03 10:48:00,CGC,6.752399921417236,6.752399921417236,6.789999961853027,6.752399921417236,6.789999961853027,11563.0
2024-07-03 10:48:00,CGEN,1.6799999475479126,1.6799999475479126,1.6799999475479126,1.6799999475479126,1.6799999475479126,100.0
2024-07-03 10:48:00,CGTX,1.7999999523162842,1.7999999523162842,1.7999999523162842,1.7999999523162842,1.7999999523162842,100.0
2024-07-03 10:48:00,CHRS,1.4049999713897705,1.4049999713897705,1.4049999713897705,1.4049999713897705,1.4049999713897705,4002.0
2024-07-03 10:48:00,CING,0.33009999990463257,0.33009999990463257,0.33009999990463257,0.33009999990463257,0.33009999990463257,2613.0
2024-07-03 10:48:00,CKPT,2.255000114440918,2.255000114440918,2.259999990463257,2.2300000190734863,2.259999990463257,22815.0
2024-07-03 10:48:00,CLNN,0.33640000224113464,0.33640000224113464,0.33640000224113464,0.33559998869895935,0.33559998869895935,13285.0
2024-07-03 10:48:00,CMPX,0.8403000235557556,0.8403000235557556,0.8403000235557556,0.8403000235557556,0.8403000235557556,464.0
2024-07-03 10:48:00,CMRX,0.8629999756813049,0.8629999756813049,0.8769000172615051,0.8629999756813049,0.8629999756813049,9990.0
2024-07-03 10:48:00,CNSP,2.1301000118255615,2.1301000118255615,2.1500000953674316,2.109999895095825,2.109999895095825,45942.0
2024-07-03 10:48:00,COGT,8.3149995803833,8.3149995803833,8.3149995803833,8.300000190734863,8.3149995803833,856.0
2024-07-03 10:48:00,CORT,30.59000015258789,30.59000015258789,30.6200008392334,30.59000015258789,30.6200008392334,430.0
2024-07-03 10:48:00,COSM,0.9501000046730042,0.9501000046730042,0.9501000046730042,0.949999988079071,0.949999988079071,1051.0
2024-07-03 10:48:00,CPRX,15.550000190734863,15.550000190734863,15.550000190734863,15.545000076293945,15.545000076293945,1346.0
2024-07-03 10:48:00,CRBP,49.04499816894531,49.04499816894531,49.06999969482422,48.900001525878906,49.0099983215332,1260.0
2024-07-03 10:48:00,CRBU,1.590000033378601,1.590000033378601,1.5950000286102295,1.590000033378601,1.5950000286102295,1085.0
2024-07-03 10:48:00,CRDF,2.2799999713897705,2.2799999713897705,2.2899999618530273,2.2799999713897705,2.2899999618530273,1320.0
2024-07-03 10:48:00,CRDL,1.9174000024795532,1.9174000024795532,1.9174000024795532,1.9149999618530273,1.9149999618530273,1286.0
2024-07-03 10:48:00,CRMD,4.119900226593018,4.119900226593018,4.119900226593018,4.110000133514404,4.110000133514404,1299.0
2024-07-03 10:48:00,CRON,2.365000009536743,2.365000009536743,2.365000009536743,2.365000009536743,2.365000009536743,1158.0
2024-07-03 10:48:00,CRSP,54.20090103149414,54.20090103149414,54.22999954223633,54.189998626708984,54.189998626708984,3825.0
2024-07-03 10:48:00,CTKB,5.71999979019165,5.71999979019165,5.71999979019165,5.710000038146973,5.71999979019165,2394.0
2024-07-03 10:48:00,CTMX,1.3300000429153442,1.3300000429153442,1.3300000429153442,1.3300000429153442,1.3300000429153442,215.0
2024-07-03 10:48:00,CUTR,1.315000057220459,1.315000057220459,1.3200000524520874,1.309999942779541,1.309999942779541,6200.0
2024-07-03 10:48:00,CVAC,3.4000000953674316,3.4000000953674316,3.4000000953674316,3.3949999809265137,3.3991000652313232,6643.0
2024-07-03 10:48:00,DAWN,13.359999656677246,13.359999656677246,13.359999656677246,13.359999656677246,13.359999656677246,225.0
2024-07-03 10:48:00,DCTH,7.909999847412109,7.909999847412109,7.909999847412109,7.909999847412109,7.909999847412109,213.0
2024-07-03 10:48:00,DH,5.389999866485596,5.389999866485596,5.389999866485596,5.375,5.375,1567.0
2024-07-03 10:48:00,DNLI,21.709999084472656,21.709999084472656,21.7450008392334,21.709999084472656,21.7450008392334,538.0
2024-07-03 10:48:00,DVAX,11.119999885559082,11.119999885559082,11.119999885559082,11.119999885559082,11.119999885559082,620.0
2024-07-03 10:48:00,DXCM,110.0999984741211,110.0999984741211,110.12000274658203,110.06999969482422,110.11000061035156,2186.0
2024-07-03 10:48:00,DYN,34.54499816894531,34.54499816894531,34.54499816894531,34.54499816894531,34.54499816894531,200.0
2024-07-03 10:48:00,EDIT,4.664999961853027,4.664999961853027,4.664999961853027,4.664999961853027,4.664999961853027,281.0
2024-07-03 10:48:00,EGRX,5.28000020980835,5.28000020980835,5.28000020980835,5.28000020980835,5.28000020980835,21.0
2024-07-03 10:48:00,ELEV,2.680000066757202,2.680000066757202,2.680000066757202,2.680000066757202,2.680000066757202,255.0
2024-07-03 10:48:00,ENSG,125.5,125.5,125.55999755859375,125.5,125.55999755859375,1720.0
2024-07-03 10:48:00,ENTA,13.0,13.0,13.0,13.0,13.0,553.0
2024-07-03 10:48:00,EOLS,10.869999885559082,10.869999885559082,10.890000343322754,10.869999885559082,10.869999885559082,2091.0
2024-07-03 10:48:00,EQ,0.6700999736785889,0.6700999736785889,0.6700999736785889,0.6700999736785889,0.6700999736785889,2000.0
2024-07-03 10:48:00,ERAS,2.259999990463257,2.259999990463257,2.259999990463257,2.259999990463257,2.259999990463257,1468.0
2024-07-03 10:48:00,ESPR,2.369999885559082,2.369999885559082,2.369999885559082,2.365000009536743,2.365000009536743,500.0
2024-07-03 10:48:00,EWTX,18.049999237060547,18.049999237060547,18.049999237060547,18.049999237060547,18.049999237060547,517.0
2024-07-03 10:48:00,EXAI,5.409999847412109,5.409999847412109,5.409999847412109,5.409999847412109,5.409999847412109,186.0
2024-07-03 10:48:00,EXAS,43.1349983215332,43.1349983215332,43.1349983215332,43.09000015258789,43.1150016784668,980.0
2024-07-03 10:48:00,EXEL,22.010000228881836,22.010000228881836,22.010000228881836,22.010000228881836,22.010000228881836,509.0
2024-07-03 10:48:00,EYPT,8.324999809265137,8.324999809265137,8.324999809265137,8.3100004196167,8.3100004196167,304.0
2024-07-03 10:48:00,FATE,3.234999895095825,3.234999895095825,3.25,3.234999895095825,3.25,1770.0
2024-07-03 10:48:00,FBIO,1.7799999713897705,1.7799999713897705,1.7799999713897705,1.7799999713897705,1.7799999713897705,175.0
2024-07-03 10:48:00,FDMT,21.079999923706055,21.079999923706055,21.100000381469727,21.049999237060547,21.049999237060547,1622.0
2024-07-03 10:48:00,FGEN,0.711899995803833,0.711899995803833,0.711899995803833,0.711899995803833,0.711899995803833,989.0
2024-07-03 10:48:00,FHTX,5.510000228881836,5.510000228881836,5.579999923706055,5.510000228881836,5.534999847412109,550.0
2024-07-03 10:48:00,FOLD,9.904999732971191,9.904999732971191,9.90999984741211,9.899999618530273,9.899999618530273,1685.0
2024-07-03 10:48:00,FULC,6.179999828338623,6.179999828338623,6.179999828338623,6.175000190734863,6.175000190734863,1098.0
2024-07-03 10:48:00,GBIO,2.390000104904175,2.390000104904175,2.390000104904175,2.390000104904175,2.390000104904175,104.0
2024-07-03 10:48:00,GDRX,7.855000019073486,7.855000019073486,7.855000019073486,7.855000019073486,7.855000019073486,111.0
2024-07-03 10:48:00,GERN,4.364999771118164,4.364999771118164,4.369999885559082,4.360099792480469,4.360599994659424,50430.0
2024-07-03 10:48:00,GH,28.4950008392334,28.4950008392334,28.4950008392334,28.459999084472656,28.47949981689453,1451.0
2024-07-03 10:48:00,GILD,66.97000122070312,66.97000122070312,67.01000213623047,66.97000122070312,67.0,5783.0
2024-07-03 10:48:00,GLPG,25.270000457763672,25.270000457763672,25.270000457763672,25.270000457763672,25.270000457763672,293.0
2024-07-03 10:48:00,GLUE,3.7799999713897705,3.7799999713897705,3.7799999713897705,3.7799999713897705,3.7799999713897705,466.0
2024-07-03 10:48:00,GLYC,0.2718999981880188,0.2718999981880188,0.2718999981880188,0.2712000012397766,0.271699994802475,10500.0
2024-07-03 10:48:00,GMAB,25.25,25.25,25.25,25.229999542236328,25.229999542236328,1332.0
2024-07-03 10:48:00,GOVX,3.021199941635132,3.021199941635132,3.021199941635132,3.021199941635132,3.021199941635132,256.0
2024-07-03 10:48:00,GRFS,6.690000057220459,6.690000057220459,6.695000171661377,6.679999828338623,6.679999828338623,1844.0
2024-07-03 10:48:00,GRTS,0.5960000157356262,0.5960000157356262,0.5960000157356262,0.5878000259399414,0.5878000259399414,6865.0
2024-07-03 10:48:00,GTHX,2.5,2.5,2.515000104904175,2.5,2.509999990463257,12690.0
2024-07-03 10:48:00,HALO,51.540000915527344,51.540000915527344,51.540000915527344,51.540000915527344,51.540000915527344,144.0
2024-07-03 10:48:00,HBIO,2.759999990463257,2.759999990463257,2.759999990463257,2.759999990463257,2.759999990463257,518.0
2024-07-03 10:48:00,HCAT,6.159999847412109,6.159999847412109,6.199999809265137,6.159999847412109,6.199999809265137,2345.0
2024-07-03 10:48:00,HCM,17.467500686645508,17.467500686645508,17.479999542236328,17.46500015258789,17.479999542236328,1215.0
2024-07-03 10:48:00,HCSG,10.5600004196167,10.5600004196167,10.5600004196167,10.520000457763672,10.520000457763672,4172.0
2024-07-03 10:48:00,HITI,2.121000051498413,2.121000051498413,2.121000051498413,2.121000051498413,2.121000051498413,3255.0
2024-07-03 10:48:00,HOLX,73.23999786376953,73.23999786376953,73.23999786376953,73.23500061035156,73.23500061035156,1214.0
2024-07-03 10:48:00,HOOK,0.5949000120162964,0.5949000120162964,0.5949000120162964,0.5949000120162964,0.5949000120162964,900.0
2024-07-03 10:48:00,HOWL,2.180000066757202,2.180000066757202,2.180000066757202,2.180000066757202,2.180000066757202,1467.0
2024-07-03 10:48:00,HQY,83.29000091552734,83.29000091552734,83.29000091552734,83.27999877929688,83.27999877929688,1141.0
2024-07-03 10:48:00,HROW,21.784299850463867,21.784299850463867,21.81999969482422,21.760000228881836,21.81999969482422,1666.0
2024-07-03 10:48:00,HRTX,2.815000057220459,2.815000057220459,2.815000057220459,2.815000057220459,2.815000057220459,270.0
2024-07-03 10:48:00,HSIC,65.41000366210938,65.41000366210938,65.43000030517578,65.41000366210938,65.43000030517578,785.0
2024-07-03 10:48:00,HUMA,5.650000095367432,5.650000095367432,5.659999847412109,5.650000095367432,5.659999847412109,1108.0
2024-07-03 10:48:00,IART,28.94499969482422,28.94499969482422,28.959999084472656,28.920000076293945,28.920000076293945,1398.0
2024-07-03 10:48:00,IBRX,6.28000020980835,6.28000020980835,6.289999961853027,6.28000020980835,6.28000020980835,1068.0
2024-07-03 10:48:00,ICAD,1.2200000286102295,1.2200000286102295,1.2200000286102295,1.2200000286102295,1.2200000286102295,1798.0
2024-07-03 10:48:00,ICLR,318.29998779296875,318.29998779296875,318.29998779296875,318.29998779296875,318.29998779296875,256.0
2024-07-03 10:48:00,ICUI,117.41000366210938,117.41000366210938,117.41000366210938,117.41000366210938,117.41000366210938,2396.0
2024-07-03 10:48:00,IDXX,474.2900085449219,474.2900085449219,475.0928955078125,474.2900085449219,475.0928955078125,771.0
2024-07-03 10:48:00,IKNA,1.649999976158142,1.649999976158142,1.649999976158142,1.6399999856948853,1.6399999856948853,303.0
2024-07-03 10:48:00,ILMN,104.7699966430664,104.7699966430664,104.9000015258789,104.68000030517578,104.68000030517578,3895.0
2024-07-03 10:48:00,IMCR,36.150001525878906,36.150001525878906,36.150001525878906,36.150001525878906,36.150001525878906,84.0
2024-07-03 10:48:00,IMMX,2.349900007247925,2.349900007247925,2.349900007247925,2.349900007247925,2.349900007247925,682.0
2024-07-03 10:48:00,INCY,57.915000915527344,57.915000915527344,57.915000915527344,57.849998474121094,57.849998474121094,3975.0
2024-07-03 10:48:00,INMD,17.65999984741211,17.65999984741211,17.65999984741211,17.65959930419922,17.65959930419922,2774.0
2024-07-03 10:48:00,INSM,63.22999954223633,63.22999954223633,63.27000045776367,63.18000030517578,63.20500183105469,9644.0
2024-07-03 10:48:00,INZY,4.510000228881836,4.510000228881836,4.510000228881836,4.510000228881836,4.510000228881836,320.0
2024-07-03 10:48:00,IONS,44.630001068115234,44.630001068115234,44.6349983215332,44.630001068115234,44.630001068115234,2438.0
2024-07-03 10:48:00,IOVA,7.708700180053711,7.708700180053711,7.708700180053711,7.690000057220459,7.695000171661377,6659.0
2024-07-03 10:48:00,IPSC,2.259999990463257,2.259999990463257,2.259999990463257,2.259999990463257,2.259999990463257,265.0
2024-07-03 10:48:00,IRTC,96.38999938964844,96.38999938964844,96.38999938964844,96.38999938964844,96.38999938964844,1000.0
2024-07-03 10:48:00,IRWD,6.175000190734863,6.175000190734863,6.175000190734863,6.175000190734863,6.175000190734863,775.0
2024-07-03 10:48:00,ISRG,434.135009765625,434.135009765625,434.4599914550781,434.135009765625,434.4599914550781,436.0
2024-07-03 10:48:00,ITCI,67.98999786376953,67.98999786376953,68.0250015258789,67.98999786376953,68.0199966430664,823.0
2024-07-03 10:48:00,IVVD,1.1150000095367432,1.1150000095367432,1.1181999444961548,1.1150000095367432,1.1181999444961548,1507.0
2024-07-03 10:48:00,JAGX,3.490000009536743,3.490000009536743,3.490000009536743,3.490000009536743,3.490000009536743,1805.0
2024-07-03 10:48:00,JANX,38.20000076293945,38.20000076293945,38.220001220703125,38.189998626708984,38.209999084472656,2043.0
2024-07-03 10:48:00,JSPR,23.729999542236328,23.729999542236328,23.729999542236328,23.729999542236328,23.729999542236328,286.0
2024-07-03 10:48:00,KOD,2.2200000286102295,2.2200000286102295,2.2200000286102295,2.2200000286102295,2.2200000286102295,526.0
2024-07-03 10:48:00,KPRX,4.269999980926514,4.269999980926514,4.269999980926514,4.269999980926514,4.269999980926514,351.0
2024-07-03 10:48:00,KPTI,0.8341000080108643,0.8341000080108643,0.8341000080108643,0.8341000080108643,0.8341000080108643,241.0
2024-07-03 10:48:00,KRMD,2.309999942779541,2.309999942779541,2.309999942779541,2.309999942779541,2.309999942779541,787.0
2024-07-03 10:48:00,KRYS,179.41000366210938,179.41000366210938,179.41000366210938,179.3699951171875,179.3699951171875,1314.0
2024-07-03 10:48:00,KTRA,0.28110000491142273,0.28110000491142273,0.28110000491142273,0.28110000491142273,0.28110000491142273,581.0
2024-07-03 10:48:00,LAB,1.7999999523162842,1.7999999523162842,1.7999999523162842,1.7899999618530273,1.7899999618530273,1539.0
2024-07-03 10:48:00,LEGN,45.72999954223633,45.72999954223633,45.72999954223633,45.72999954223633,45.72999954223633,423.0
2024-07-03 10:48:00,LFMD,6.739999771118164,6.739999771118164,6.739999771118164,6.739999771118164,6.739999771118164,748.0
2024-07-03 10:48:00,LFMDP,23.860000610351562,23.860000610351562,23.860000610351562,23.860000610351562,23.860000610351562,0.0
2024-07-03 10:48:00,LFST,5.164999961853027,5.164999961853027,5.195000171661377,5.15500020980835,5.195000171661377,6611.0
2024-07-03 10:48:00,LIVN,52.66999816894531,52.66999816894531,52.83000183105469,52.66999816894531,52.810001373291016,4786.0
2024-07-03 10:48:00,LNTH,79.08000183105469,79.08000183105469,79.08000183105469,79.08000183105469,79.08000183105469,773.0
2024-07-03 10:48:00,LQDA,11.960000038146973,11.960000038146973,11.960000038146973,11.960000038146973,11.960000038146973,431.0
2024-07-03 10:48:00,LRMR,7.699999809265137,7.699999809265137,7.699999809265137,7.699999809265137,7.699999809265137,487.0
2024-07-03 10:48:00,LUCY,0.4675999879837036,0.4675999879837036,0.47290000319480896,0.4675999879837036,0.47290000319480896,2659.0
2024-07-03 10:48:00,LXRX,1.6050000190734863,1.6050000190734863,1.6100000143051147,1.600000023841858,1.6050000190734863,50622.0
2024-07-03 10:48:00,LYRA,0.2897000014781952,0.2897000014781952,0.2897000014781952,0.2897000014781952,0.2897000014781952,2115.0
2024-07-03 10:48:00,MASI,114.11000061035156,114.11000061035156,114.11000061035156,113.81999969482422,113.81999969482422,4285.0
2024-07-03 10:48:00,MBIO,0.5189999938011169,0.5189999938011169,0.5199999809265137,0.5175999999046326,0.5175999999046326,5545.0
2024-07-03 10:48:00,MCRB,0.715399980545044,0.715399980545044,0.715499997138977,0.715399980545044,0.715499997138977,1582.0
2024-07-03 10:48:00,MDXG,6.775000095367432,6.775000095367432,6.775000095367432,6.775000095367432,6.775000095367432,236.0
2024-07-03 10:48:00,ME,0.40059998631477356,0.40059998631477356,0.40059998631477356,0.40059998631477356,0.40059998631477356,1957.0
2024-07-03 10:48:00,MEDS,17.31999969482422,17.31999969482422,17.389999389648438,17.310100555419922,17.310100555419922,952.0
2024-07-03 10:48:00,MESO,6.789999961853027,6.789999961853027,6.789999961853027,6.789999961853027,6.789999961853027,4039.0
2024-07-03 10:48:00,MLTX,41.39500045776367,41.39500045776367,41.39500045776367,41.39500045776367,41.39500045776367,355.0
2024-07-03 10:48:00,MMSI,85.7699966430664,85.7699966430664,85.7699966430664,85.7699966430664,85.7699966430664,370.0
2024-07-03 10:48:00,MNKD,5.105000019073486,5.105000019073486,5.105000019073486,5.105000019073486,5.105000019073486,2025.0
2024-07-03 10:48:00,MNMD,7.230000019073486,7.230000019073486,7.230000019073486,7.230000019073486,7.230000019073486,932.0
2024-07-03 10:48:00,MODV,28.0,28.0,28.010000228881836,27.899999618530273,27.899999618530273,1123.0
2024-07-03 10:48:00,MREO,3.5199999809265137,3.5199999809265137,3.5199999809265137,3.5199999809265137,3.5199999809265137,1943.0
2024-07-03 10:48:00,MRNA,116.7699966430664,116.7699966430664,116.9749984741211,116.7699966430664,116.9749984741211,3560.0
2024-07-03 10:48:00,MRNS,1.2100000381469727,1.2100000381469727,1.2100000381469727,1.2050000429153442,1.2050000429153442,225.0
2024-07-03 10:48:00,MRSN,1.8949999809265137,1.8949999809265137,1.8949999809265137,1.8949999809265137,1.8949999809265137,121.0
2024-07-03 10:48:00,MRUS,52.84000015258789,52.84000015258789,52.84000015258789,52.779998779296875,52.779998779296875,685.0
2024-07-03 10:48:00,MRVI,6.795000076293945,6.795000076293945,6.795000076293945,6.795000076293945,6.795000076293945,721.0
2024-07-03 10:48:00,MXCT,3.7249999046325684,3.7249999046325684,3.7249999046325684,3.7249999046325684,3.7249999046325684,600.0
2024-07-03 10:48:00,MYGN,25.295000076293945,25.295000076293945,25.295000076293945,25.280000686645508,25.290000915527344,1505.0
2024-07-03 10:48:00,NBIX,138.0500030517578,138.0500030517578,138.11000061035156,138.0399932861328,138.0399932861328,939.0
2024-07-03 10:48:00,NDRA,0.08460000157356262,0.08460000157356262,0.08479999750852585,0.08460000157356262,0.08479999750852585,2398.0
2024-07-03 10:48:00,NEOG,15.199999809265137,15.199999809265137,15.207300186157227,15.199999809265137,15.204999923706055,1138.0
2024-07-03 10:48:00,NKTR,1.2450000047683716,1.2450000047683716,1.25,1.2450000047683716,1.25,438.0
2024-07-03 10:48:00,NKTX,5.449999809265137,5.449999809265137,5.458000183105469,5.449999809265137,5.458000183105469,846.0
2024-07-03 10:48:00,NLSP,0.2021999955177307,0.2021999955177307,0.2021999955177307,0.2021999955177307,0.2021999955177307,8000.0
2024-07-03 10:48:00,NOTV,1.7000000476837158,1.7000000476837158,1.7000000476837158,1.6799999475479126,1.7000000476837158,2755.0
2024-07-03 10:48:00,NTLA,22.690000534057617,22.690000534057617,22.690000534057617,22.649999618530273,22.649999618530273,2468.0
2024-07-03 10:48:00,NTRA,111.77999877929688,111.77999877929688,111.77999877929688,111.77999877929688,111.77999877929688,650.0
2024-07-03 10:48:00,NUWE,4.059999942779541,4.059999942779541,4.059999942779541,4.059999942779541,4.059999942779541,119.0
2024-07-03 10:48:00,NVAX,12.789999961853027,12.789999961853027,12.819999694824219,12.781000137329102,12.8100004196167,62242.0
2024-07-03 10:48:00,NVCR,16.788999557495117,16.788999557495117,16.788999557495117,16.788999557495117,16.788999557495117,685.0
2024-07-03 10:48:00,NVOS,0.7749000191688538,0.7749000191688538,0.7749000191688538,0.7749000191688538,0.7749000191688538,2400.0
2024-07-03 10:48:00,NXL,1.3899999856948853,1.3899999856948853,1.3899999856948853,1.3899999856948853,1.3899999856948853,1600.0
2024-07-03 10:48:00,OCGN,1.6503000259399414,1.6503000259399414,1.6549999713897705,1.6503000259399414,1.6549999713897705,233.0
2024-07-03 10:48:00,OCUL,6.755000114440918,6.755000114440918,6.755000114440918,6.755000114440918,6.755000114440918,621.0
2024-07-03 10:48:00,OGI,1.6150000095367432,1.6150000095367432,1.6150000095367432,1.6150000095367432,1.6150000095367432,2729.0
2024-07-03 10:48:00,OLK,25.790000915527344,25.790000915527344,25.790000915527344,25.790000915527344,25.790000915527344,143.0
2024-07-03 10:48:00,OLMA,10.609999656677246,10.609999656677246,10.609999656677246,10.609999656677246,10.609999656677246,398.0
2024-07-03 10:48:00,OM,3.684999942779541,3.684999942779541,3.684999942779541,3.680000066757202,3.680000066757202,390.0
2024-07-03 10:48:00,OMCL,26.469999313354492,26.469999313354492,26.469999313354492,26.469999313354492,26.469999313354492,176.0
2024-07-03 10:48:00,OMGA,1.975000023841858,1.975000023841858,1.9799000024795532,1.975000023841858,1.9799000024795532,436.0
2024-07-03 10:49:00,AADI,1.378499984741211,1.378499984741211,1.378499984741211,1.3700000047683716,1.3700000047683716,1998.0
2024-07-03 10:49:00,ABCL,2.740000009536743,2.740000009536743,2.740000009536743,2.740000009536743,2.740000009536743,1460.0
2024-07-03 10:49:00,ABEO,4.320000171661377,4.320000171661377,4.320000171661377,4.320000171661377,4.320000171661377,603.0
2024-07-03 10:49:00,ABSI,3.2249999046325684,3.2249999046325684,3.244999885559082,3.2249999046325684,3.244999885559082,5000.0
2024-07-03 10:49:00,ABUS,3.1649999618530273,3.1649999618530273,3.1649999618530273,3.1649999618530273,3.1649999618530273,0.0
2024-07-03 10:49:00,ACAD,15.69849967956543,15.69849967956543,15.699999809265137,15.694999694824219,15.694999694824219,723.0
2024-07-03 10:49:00,ACB,4.974999904632568,4.974999904632568,4.980000019073486,4.974999904632568,4.980000019073486,2254.0
2024-07-03 10:49:00,ACCD,3.5950000286102295,3.5950000286102295,3.5950000286102295,3.5950000286102295,3.5950000286102295,894.0
2024-07-03 10:49:00,ACET,1.0549999475479126,1.0549999475479126,1.0549999475479126,1.0499999523162842,1.0503000020980835,3075.0
2024-07-03 10:49:00,ACHV,4.510000228881836,4.510000228881836,4.550000190734863,4.510000228881836,4.545000076293945,1203.0
2024-07-03 10:49:00,ACRS,1.1699999570846558,1.1699999570846558,1.1699999570846558,1.1699999570846558,1.1699999570846558,1690.0
2024-07-03 10:49:00,ADAP,1.0299999713897705,1.0299999713897705,1.0306999683380127,1.0199999809265137,1.0306999683380127,18586.0
2024-07-03 10:49:00,ADMA,11.369500160217285,11.369500160217285,11.375,11.364999771118164,11.375,1541.0
2024-07-03 10:49:00,ADUS,117.19499969482422,117.19499969482422,117.19499969482422,117.19499969482422,117.19499969482422,1476.0
2024-07-03 10:49:00,ADVM,7.065000057220459,7.065000057220459,7.065000057220459,7.065000057220459,7.065000057220459,389.0
2024-07-03 10:49:00,AKAN,2.2576000690460205,2.2576000690460205,2.2576000690460205,2.2576000690460205,2.2576000690460205,3000.0
2024-07-03 10:49:00,AKBA,0.9646999835968018,0.9646999835968018,0.9646999835968018,0.9646999835968018,0.9646999835968018,1555.0
2024-07-03 10:49:00,ALDX,3.240000009536743,3.240000009536743,3.240000009536743,3.240000009536743,3.240000009536743,394.0
2024-07-03 10:49:00,ALGN,238.35000610351562,238.35000610351562,238.35000610351562,238.35000610351562,238.35000610351562,297.0
2024-07-03 10:49:00,ALGS,0.4390999972820282,0.4390999972820282,0.4390999972820282,0.4350000023841858,0.4350000023841858,4315.0
2024-07-03 10:49:00,ALKS,24.315000534057617,24.315000534057617,24.31999969482422,24.315000534057617,24.315000534057617,1385.0
2024-07-03 10:49:00,ALLK,0.8551999926567078,0.8551999926567078,0.8551999926567078,0.8551999926567078,0.8551999926567078,220.0
2024-07-03 10:49:00,ALLO,2.130000114440918,2.130000114440918,2.130000114440918,2.130000114440918,2.130000114440918,410.0
2024-07-03 10:49:00,ALLR,0.2045000046491623,0.2045000046491623,0.2045000046491623,0.2045000046491623,0.2045000046491623,605.0
2024-07-03 10:49:00,ALNY,247.3000030517578,247.3000030517578,247.4600067138672,247.2899932861328,247.4600067138672,2377.0
2024-07-03 10:49:00,ALT,6.775000095367432,6.775000095367432,6.775000095367432,6.775000095367432,6.775000095367432,753.0
2024-07-03 10:49:00,ALVO,12.350000381469727,12.350000381469727,12.350000381469727,12.350000381469727,12.350000381469727,1.0
2024-07-03 10:49:00,ALXO,5.804999828338623,5.804999828338623,5.804999828338623,5.789999961853027,5.789999961853027,225.0
2024-07-03 10:49:00,AMED,96.75,96.75,96.75,96.75,96.75,3453.0
2024-07-03 10:49:00,AMGN,309.7300109863281,309.7300109863281,309.8949890136719,309.7300109863281,309.8399963378906,1519.0
2024-07-03 10:49:00,AMLX,1.75,1.75,1.7599999904632568,1.75,1.7599999904632568,1740.0
2024-07-03 10:49:00,AMPH,38.4900016784668,38.4900016784668,38.5,38.41350173950195,38.439998626708984,5146.0
2024-07-03 10:49:00,AMRN,0.713699996471405,0.713699996471405,0.713699996471405,0.713699996471405,0.713699996471405,200.0
2024-07-03 10:49:00,ANGO,5.639999866485596,5.639999866485596,5.644999980926514,5.639999866485596,5.644999980926514,5346.0
2024-07-03 10:49:00,ANNX,4.789999961853027,4.789999961853027,4.789999961853027,4.78000020980835,4.784999847412109,555.0
2024-07-03 10:49:00,ANTX,2.4700000286102295,2.4700000286102295,2.484999895095825,2.4649999141693115,2.4809999465942383,4493.0
2024-07-03 10:49:00,APLS,35.744998931884766,35.744998931884766,35.75,35.63999938964844,35.63999938964844,2663.0
2024-07-03 10:49:00,APLT,4.445000171661377,4.445000171661377,4.445000171661377,4.440000057220459,4.445000171661377,1333.0
2024-07-03 10:49:00,AQST,2.4163999557495117,2.4163999557495117,2.4200000762939453,2.4163999557495117,2.4200000762939453,4846.0
2024-07-03 10:49:00,ARCT,21.540000915527344,21.540000915527344,21.540000915527344,21.540000915527344,21.540000915527344,222.0
2024-07-03 10:49:00,ARDX,5.204999923706055,5.204999923706055,5.204999923706055,5.195000171661377,5.195000171661377,15196.0
2024-07-03 10:49:00,ARQT,9.640000343322754,9.640000343322754,9.640000343322754,9.609999656677246,9.609999656677246,1127.0
2024-07-03 10:49:00,ARWR,25.549999237060547,25.549999237060547,25.549999237060547,25.540000915527344,25.540000915527344,814.0
2024-07-03 10:49:00,ASRT,1.339900016784668,1.339900016784668,1.340000033378601,1.3350000381469727,1.3350000381469727,5085.0
2024-07-03 10:49:00,ATEC,9.930000305175781,9.930000305175781,9.9350004196167,9.930000305175781,9.9350004196167,479.0
2024-07-03 10:49:00,ATRC,22.28499984741211,22.28499984741211,22.28499984741211,22.28499984741211,22.28499984741211,108.0
2024-07-03 10:49:00,ATXS,9.029999732971191,9.029999732971191,9.029999732971191,9.0,9.0,2369.0
2024-07-03 10:49:00,AUGX,0.9914000034332275,0.9914000034332275,0.9975000023841858,0.9914000034332275,0.9975000023841858,106.0
2024-07-03 10:49:00,AUPH,5.485000133514404,5.485000133514404,5.485000133514404,5.480299949645996,5.480299949645996,782.0
2024-07-03 10:49:00,AUTL,3.484999895095825,3.484999895095825,3.486299991607666,3.484999895095825,3.486299991607666,4179.0
2024-07-03 10:49:00,AVDL,14.329999923706055,14.329999923706055,14.329999923706055,14.319999694824219,14.329999923706055,3341.0
2024-07-03 10:49:00,AVTE,1.6200000047683716,1.6200000047683716,1.6200000047683716,1.6200000047683716,1.6200000047683716,455.0
2024-07-03 10:49:00,AXNX,67.51000213623047,67.51000213623047,67.51000213623047,67.51000213623047,67.51000213623047,391.0
2024-07-03 10:49:00,AXSM,79.94000244140625,79.94000244140625,79.95999908447266,79.94000244140625,79.94000244140625,2281.0
2024-07-03 10:49:00,AZN,76.83999633789062,76.83999633789062,76.87000274658203,76.83000183105469,76.87000274658203,12057.0
2024-07-03 10:49:00,BBIO,25.34000015258789,25.34000015258789,25.34000015258789,25.309999465942383,25.309999465942383,482.0
2024-07-03 10:49:00,BCAB,1.350000023841858,1.350000023841858,1.350000023841858,1.340000033378601,1.3450000286102295,5944.0
2024-07-03 10:49:00,BCLI,0.3598000109195709,0.3598000109195709,0.3598000109195709,0.3598000109195709,0.3598000109195709,499.0
2024-07-03 10:49:00,BCRX,6.5808000564575195,6.5808000564575195,6.599999904632568,6.5808000564575195,6.599999904632568,5920.0
2024-07-03 10:49:00,BDTX,4.204999923706055,4.204999923706055,4.210000038146973,4.199999809265137,4.199999809265137,3283.0
2024-07-03 10:49:00,BEAM,23.6299991607666,23.6299991607666,23.65999984741211,23.6200008392334,23.639999389648438,5368.0
2024-07-03 10:49:00,BIIB,225.01499938964844,225.01499938964844,225.1750030517578,225.0,225.1750030517578,6081.0
2024-07-03 10:49:00,BJDX,0.6355000138282776,0.6355000138282776,0.6355000138282776,0.6355000138282776,0.6355000138282776,0.0
2024-07-03 10:49:00,BLUE,0.9355000257492065,0.9355000257492065,0.9391000270843506,0.9355000257492065,0.9386000037193298,2849.0
2024-07-03 10:49:00,BMEA,4.425000190734863,4.425000190734863,4.429999828338623,4.425000190734863,4.429999828338623,1576.0
2024-07-03 10:49:00,BMRN,81.12999725341797,81.12999725341797,81.12999725341797,81.12999725341797,81.12999725341797,382.0
2024-07-03 10:49:00,BNGO,0.5680000185966492,0.5680000185966492,0.5684999823570251,0.5680000185966492,0.5684999823570251,2295.0
2024-07-03 10:49:00,BNTX,80.73999786376953,80.73999786376953,80.79000091552734,80.70999908447266,80.79000091552734,1306.0
2024-07-03 10:49:00,BRKR,61.54999923706055,61.54999923706055,61.630001068115234,61.54999923706055,61.630001068115234,2829.0
2024-07-03 10:49:00,BTAI,1.1098999977111816,1.1098999977111816,1.1098999977111816,1.1098999977111816,1.1098999977111816,220.0
2024-07-03 10:49:00,BTCY,0.7558000087738037,0.7558000087738037,0.7558000087738037,0.7558000087738037,0.7558000087738037,0.0
2024-07-03 10:49:00,BVS,6.03000020980835,6.03000020980835,6.03000020980835,6.03000020980835,6.03000020980835,2.0
2024-07-03 10:49:00,BYSI,2.4749999046325684,2.4749999046325684,2.4749999046325684,2.4749999046325684,2.4749999046325684,177.0
2024-07-03 10:49:00,CADL,6.289999961853027,6.289999961853027,6.304999828338623,6.289999961853027,6.304999828338623,716.0
2024-07-03 10:49:00,CAPR,4.780300140380859,4.780300140380859,4.780300140380859,4.78000020980835,4.780099868774414,6516.0
2024-07-03 10:49:00,CCCC,4.724999904632568,4.724999904632568,4.730000019073486,4.710000038146973,4.710000038146973,1859.0
2024-07-03 10:49:00,CDMO,7.619999885559082,7.619999885559082,7.650000095367432,7.579999923706055,7.579999923706055,4252.0
2024-07-03 10:49:00,CDXS,2.9100000858306885,2.9100000858306885,2.9100000858306885,2.9100000858306885,2.9100000858306885,1700.0
2024-07-03 10:49:00,CELU,3.0450000762939453,3.0450000762939453,3.0450000762939453,3.0450000762939453,3.0450000762939453,0.0
2024-07-03 10:49:00,CERE,41.31999969482422,41.31999969482422,41.31999969482422,41.29999923706055,41.31999969482422,4540.0
2024-07-03 10:49:00,CGC,6.765699863433838,6.765699863433838,6.765699863433838,6.760000228881836,6.760000228881836,2674.0
2024-07-03 10:49:00,CGEM,16.905000686645508,16.905000686645508,16.920000076293945,16.905000686645508,16.920000076293945,1237.0
2024-07-03 10:49:00,CGEN,1.6699999570846558,1.6699999570846558,1.6799999475479126,1.6699999570846558,1.6799999475479126,1072.0
2024-07-03 10:49:00,CGTX,1.7999999523162842,1.7999999523162842,1.7999999523162842,1.7999999523162842,1.7999999523162842,100.0
2024-07-03 10:49:00,CHRS,1.399999976158142,1.399999976158142,1.399999976158142,1.399999976158142,1.399999976158142,704.0
2024-07-03 10:49:00,CLOV,1.25,1.25,1.2549999952316284,1.2450000047683716,1.2549999952316284,28779.0
2024-07-03 10:49:00,CLPT,5.385900020599365,5.385900020599365,5.385900020599365,5.385900020599365,5.385900020599365,2742.0
2024-07-03 10:49:00,CMPS,6.300000190734863,6.300000190734863,6.300000190734863,6.21999979019165,6.21999979019165,8130.0
2024-07-03 10:49:00,CMPX,0.8457000255584717,0.8457000255584717,0.8457000255584717,0.8409000039100647,0.8409000039100647,400.0
2024-07-03 10:49:00,CMRX,0.8769000172615051,0.8769000172615051,0.8769000172615051,0.870199978351593,0.8730000257492065,846.0
2024-07-03 10:49:00,CNSP,2.109999895095825,2.109999895095825,2.139899969100952,2.0999999046325684,2.1389000415802,25227.0
2024-07-03 10:49:00,CODX,1.2799999713897705,1.2799999713897705,1.2799999713897705,1.2799999713897705,1.2799999713897705,1640.0
2024-07-03 10:49:00,COGT,8.3149995803833,8.3149995803833,8.3149995803833,8.3149995803833,8.3149995803833,494.0
2024-07-03 10:49:00,CORT,30.6200008392334,30.6200008392334,30.6200008392334,30.600000381469727,30.604999542236328,2978.0
2024-07-03 10:49:00,COSM,0.949999988079071,0.949999988079071,0.949999988079071,0.949999988079071,0.949999988079071,202.0
2024-07-03 10:49:00,CRBP,48.974998474121094,48.974998474121094,48.974998474121094,48.810001373291016,48.810001373291016,323.0
2024-07-03 10:49:00,CRBU,1.580899953842163,1.580899953842163,1.590000033378601,1.580899953842163,1.590000033378601,4468.0
2024-07-03 10:49:00,CRDF,2.2750000953674316,2.2750000953674316,2.2750000953674316,2.2750000953674316,2.2750000953674316,528.0
2024-07-03 10:49:00,CRDL,1.9199999570846558,1.9199999570846558,1.9199999570846558,1.9199999570846558,1.9199999570846558,1056.0
2024-07-03 10:49:00,CRIS,6.389999866485596,6.389999866485596,6.389999866485596,6.389999866485596,6.389999866485596,209.0
2024-07-03 10:49:00,CRMD,4.105000019073486,4.105000019073486,4.110000133514404,4.105000019073486,4.110000133514404,11394.0
2024-07-03 10:49:00,CRNX,45.15999984741211,45.15999984741211,45.209999084472656,45.119998931884766,45.119998931884766,1929.0
2024-07-03 10:49:00,CRON,2.359999895095825,2.359999895095825,2.365000009536743,2.359999895095825,2.359999895095825,512.0
2024-07-03 10:49:00,CRSP,54.20000076293945,54.20000076293945,54.22999954223633,54.18000030517578,54.22999954223633,2062.0
2024-07-03 10:49:00,CSTL,21.399999618530273,21.399999618530273,21.40999984741211,21.399999618530273,21.40999984741211,2165.0
2024-07-03 10:49:00,CTMX,1.3300000429153442,1.3300000429153442,1.3300000429153442,1.3300000429153442,1.3300000429153442,200.0
2024-07-03 10:49:00,CTSO,0.8299000263214111,0.8299000263214111,0.8299000263214111,0.8299000263214111,0.8299000263214111,155.0
2024-07-03 10:49:00,CTXR,0.5102999806404114,0.5102999806404114,0.5102999806404114,0.5102999806404114,0.5102999806404114,1610.0
2024-07-03 10:49:00,CUTR,1.315000057220459,1.315000057220459,1.3173999786376953,1.315000057220459,1.315000057220459,737.0
2024-07-03 10:49:00,CVAC,3.3949999809265137,3.3949999809265137,3.4049999713897705,3.390000104904175,3.390000104904175,16375.0
2024-07-03 10:49:00,CVRX,11.609999656677246,11.609999656677246,11.654999732971191,11.552499771118164,11.5600004196167,2110.0
2024-07-03 10:49:00,CYTK,54.79999923706055,54.79999923706055,54.79999923706055,54.75,54.76499938964844,352.0
2024-07-03 10:49:00,DAWN,13.369999885559082,13.369999885559082,13.369999885559082,13.354999542236328,13.354999542236328,572.0
2024-07-03 10:49:00,DNLI,21.690000534057617,21.690000534057617,21.690000534057617,21.690000534057617,21.690000534057617,442.0
2024-07-03 10:49:00,DVAX,11.125,11.125,11.125,11.125,11.125,423.0
2024-07-03 10:49:00,DXCM,110.12999725341797,110.12999725341797,110.12999725341797,110.12999725341797,110.12999725341797,740.0
2024-07-03 10:49:00,DYN,34.54499816894531,34.54499816894531,34.61000061035156,34.540000915527344,34.61000061035156,823.0
2024-07-03 10:49:00,EDIT,4.659999847412109,4.659999847412109,4.659999847412109,4.659999847412109,4.659999847412109,418.0
2024-07-03 10:49:00,ELEV,2.6898999214172363,2.6898999214172363,2.6898999214172363,2.6710000038146973,2.6710000038146973,2212.0
2024-07-03 10:49:00,EMBC,12.055000305175781,12.055000305175781,12.055000305175781,12.055000305175781,12.055000305175781,200.0
2024-07-03 10:49:00,ENVB,0.5098999738693237,0.5098999738693237,0.5098999738693237,0.5098999738693237,0.5098999738693237,901.0
2024-07-03 10:49:00,EOLS,10.880000114440918,10.880000114440918,10.880000114440918,10.880000114440918,10.880000114440918,102.0
2024-07-03 10:49:00,ESPR,2.369999885559082,2.369999885559082,2.369999885559082,2.3682000637054443,2.3682000637054443,2772.0
2024-07-03 10:49:00,ETNB,7.630000114440918,7.630000114440918,7.630000114440918,7.630000114440918,7.630000114440918,783.0
2024-07-03 10:49:00,EWTX,18.049999237060547,18.049999237060547,18.049999237060547,18.03499984741211,18.03499984741211,2220.0
2024-07-03 10:49:00,EXAI,5.417799949645996,5.417799949645996,5.417799949645996,5.417799949645996,5.417799949645996,412.0
2024-07-03 10:49:00,EXAS,43.13999938964844,43.13999938964844,43.16999816894531,43.11000061035156,43.1349983215332,16687.0
2024-07-03 10:49:00,EXEL,21.995399475097656,21.995399475097656,22.0049991607666,21.9950008392334,22.0049991607666,3882.0
2024-07-03 10:49:00,EYPT,8.324999809265137,8.324999809265137,8.324999809265137,8.324999809265137,8.324999809265137,278.0
2024-07-03 10:49:00,FATE,3.2300000190734863,3.2300000190734863,3.234999895095825,3.2300000190734863,3.2300000190734863,1402.0
2024-07-03 10:49:00,FDMT,21.05500030517578,21.05500030517578,21.05500030517578,21.05500030517578,21.05500030517578,429.0
2024-07-03 10:49:00,FGEN,0.7129999995231628,0.7129999995231628,0.7192000150680542,0.711899995803833,0.711899995803833,1007.0
2024-07-03 10:49:00,GDRX,7.859899997711182,7.859899997711182,7.859899997711182,7.859899997711182,7.859899997711182,790.0
2024-07-03 10:49:00,GERN,4.355000019073486,4.355000019073486,4.364999771118164,4.350100040435791,4.364999771118164,20434.0
2024-07-03 10:49:00,GILD,66.81999969482422,66.81999969482422,66.96499633789062,66.81999969482422,66.96499633789062,25566.0
2024-07-03 10:49:00,GLMD,0.2919999957084656,0.2919999957084656,0.2919999957084656,0.2919999957084656,0.2919999957084656,303.0
2024-07-03 10:49:00,GLTO,0.5008999705314636,0.5008999705314636,0.5008999705314636,0.5008999705314636,0.5008999705314636,0.0
2024-07-03 10:49:00,GLUE,3.7699999809265137,3.7699999809265137,3.7799999713897705,3.7699999809265137,3.7799999713897705,605.0
2024-07-03 10:49:00,GLYC,0.27000001072883606,0.27000001072883606,0.2721000015735626,0.27000001072883606,0.2712000012397766,9200.0
2024-07-03 10:49:00,GOSS,0.9434999823570251,0.9434999823570251,0.9435999989509583,0.9434999823570251,0.9435999989509583,875.0
2024-07-03 10:49:00,GOVX,3.04010009765625,3.04010009765625,3.047800064086914,3.04010009765625,3.047800064086914,4876.0
2024-07-03 10:49:00,GRFS,6.684999942779541,6.684999942779541,6.684999942779541,6.679999828338623,6.679999828338623,336.0
2024-07-03 10:49:00,GRTS,0.5982999801635742,0.5982999801635742,0.5989000201225281,0.5982999801635742,0.5989000201225281,3104.0
2024-07-03 10:49:00,GTHX,2.5,2.5,2.5,2.5,2.5,650.0
2024-07-03 10:49:00,HALO,51.5,51.5,51.5,51.5,51.5,617.0
2024-07-03 10:49:00,HBIO,2.759999990463257,2.759999990463257,2.765000104904175,2.759999990463257,2.765000104904175,363.0
2024-07-03 10:49:00,HCSG,10.569999694824219,10.569999694824219,10.569999694824219,10.569999694824219,10.569999694824219,3574.0
2024-07-03 10:49:00,HEPA,1.0396000146865845,1.0396000146865845,1.0396000146865845,1.0396000146865845,1.0396000146865845,856.0
2024-07-03 10:49:00,HITI,2.125,2.125,2.125,2.120300054550171,2.122499942779541,6938.0
2024-07-03 10:49:00,HOLX,73.2300033569336,73.2300033569336,73.2300033569336,73.2300033569336,73.2300033569336,2181.0
2024-07-03 10:49:00,HOTH,0.8949000239372253,0.8949000239372253,0.8949000239372253,0.8949000239372253,0.8949000239372253,360.0
2024-07-03 10:49:00,HROW,21.790000915527344,21.790000915527344,21.790000915527344,21.790000915527344,21.790000915527344,163.0
2024-07-03 10:49:00,HRTX,2.809999942779541,2.809999942779541,2.815000057220459,2.799999952316284,2.8101999759674072,41249.0
2024-07-03 10:49:00,HSIC,65.41000366210938,65.41000366210938,65.43000030517578,65.38999938964844,65.43000030517578,2621.0
2024-07-03 10:49:00,HUMA,5.570300102233887,5.570300102233887,5.650000095367432,5.570300102233887,5.650000095367432,21087.0
2024-07-03 10:49:00,IBRX,6.275000095367432,6.275000095367432,6.284999847412109,6.275000095367432,6.284999847412109,2510.0
2024-07-03 10:49:00,ICAD,1.2200000286102295,1.2200000286102295,1.2200000286102295,1.2200000286102295,1.2200000286102295,1080.0
2024-07-03 10:49:00,ICCM,0.7107999920845032,0.7107999920845032,0.7107999920845032,0.7107999920845032,0.7107999920845032,200.0
2024-07-03 10:49:00,IDYA,33.61000061035156,33.61000061035156,33.61000061035156,33.56999969482422,33.61000061035156,980.0
2024-07-03 10:49:00,IGMS,6.400000095367432,6.400000095367432,6.519999980926514,6.400000095367432,6.519999980926514,1162.0
2024-07-03 10:49:00,IKNA,1.649999976158142,1.649999976158142,1.649999976158142,1.6399999856948853,1.6399999856948853,128.0
2024-07-03 10:49:00,ILMN,104.8949966430664,104.8949966430664,104.8949966430664,104.81999969482422,104.86000061035156,1125.0
2024-07-03 10:49:00,IMAB,1.559999942779541,1.559999942779541,1.5700000524520874,1.559999942779541,1.5700000524520874,632.0
2024-07-03 10:49:00,IMCC,0.48510000109672546,0.48510000109672546,0.48510000109672546,0.48500001430511475,0.48500001430511475,1521.0
2024-07-03 10:49:00,IMCR,36.02000045776367,36.02000045776367,36.119998931884766,36.02000045776367,36.09000015258789,1912.0
2024-07-03 10:49:00,IMNM,11.979999542236328,11.979999542236328,11.979999542236328,11.979999542236328,11.979999542236328,193.0
2024-07-03 10:49:00,IMTX,11.9350004196167,11.9350004196167,11.9350004196167,11.9350004196167,11.9350004196167,385.0
2024-07-03 10:49:00,IMUX,1.159999966621399,1.159999966621399,1.159999966621399,1.159999966621399,1.159999966621399,222.0
2024-07-03 10:49:00,IMVT,26.735000610351562,26.735000610351562,26.760000228881836,26.735000610351562,26.760000228881836,467.0
2024-07-03 10:49:00,INCY,57.880001068115234,57.880001068115234,57.91999816894531,57.869998931884766,57.915000915527344,11274.0
2024-07-03 10:49:00,INMD,17.65999984741211,17.65999984741211,17.670000076293945,17.65999984741211,17.670000076293945,392.0
2024-07-03 10:49:00,INO,8.470000267028809,8.470000267028809,8.470000267028809,8.4399995803833,8.4399995803833,411.0
2024-07-03 10:49:00,INSM,62.95000076293945,62.95000076293945,63.27000045776367,62.869998931884766,63.220001220703125,58139.0
2024-07-03 10:49:00,INVA,16.280000686645508,16.280000686645508,16.280000686645508,16.280000686645508,16.280000686645508,669.0
2024-07-03 10:49:00,INZY,4.510000228881836,4.510000228881836,4.510000228881836,4.510000228881836,4.510000228881836,186.0
2024-07-03 10:49:00,IONM,0.325300008058548,0.325300008058548,0.325300008058548,0.325300008058548,0.325300008058548,186.0
2024-07-03 10:49:00,IONS,44.65769958496094,44.65769958496094,44.65769958496094,44.630001068115234,44.630001068115234,447.0
2024-07-03 10:49:00,IOVA,7.704999923706055,7.704999923706055,7.704999923706055,7.704999923706055,7.704999923706055,1733.0
2024-07-03 10:49:00,IPA,1.0299999713897705,1.0299999713897705,1.0299999713897705,1.0299999713897705,1.0299999713897705,2087.0
2024-07-03 10:49:00,IRTC,96.26000213623047,96.26000213623047,96.26000213623047,96.26000213623047,96.26000213623047,894.0
2024-07-03 10:49:00,ISRG,433.9200134277344,433.9200134277344,434.17498779296875,433.9200134277344,434.0299987792969,2074.0
2024-07-03 10:49:00,ITCI,67.9800033569336,67.9800033569336,68.04000091552734,67.91000366210938,67.97000122070312,7059.0
2024-07-03 10:49:00,ITOS,14.710000038146973,14.710000038146973,14.710000038146973,14.710000038146973,14.710000038146973,377.0
2024-07-03 10:49:00,IVVD,1.1150000095367432,1.1150000095367432,1.1150000095367432,1.1150000095367432,1.1150000095367432,271.0
2024-07-03 10:49:00,JANX,38.099998474121094,38.099998474121094,38.16999816894531,38.060001373291016,38.16999816894531,5193.0
2024-07-03 10:49:00,JAZZ,104.77999877929688,104.77999877929688,104.77999877929688,104.77999877929688,104.77999877929688,538.0
2024-07-03 10:49:00,KPRX,4.269999980926514,4.269999980926514,4.269999980926514,4.269999980926514,4.269999980926514,400.0
2024-07-03 10:49:00,KRYS,178.6199951171875,178.6199951171875,178.94000244140625,178.6199951171875,178.94000244140625,1807.0
2024-07-03 10:49:00,KTRA,0.28119999170303345,0.28119999170303345,0.28119999170303345,0.28110000491142273,0.28110000491142273,2152.0
2024-07-03 10:49:00,KYMR,30.579999923706055,30.579999923706055,30.719999313354492,30.56999969482422,30.719999313354492,742.0
2024-07-03 10:49:00,KZR,0.5789999961853027,0.5789999961853027,0.5789999961853027,0.5781999826431274,0.5781999826431274,455.0
2024-07-03 10:49:00,LAB,1.7899999618530273,1.7899999618530273,1.7899999618530273,1.7899999618530273,1.7899999618530273,627.0
2024-07-03 10:49:00,LBPH,32.619998931884766,32.619998931884766,32.619998931884766,32.540000915527344,32.560001373291016,2357.0
2024-07-03 10:49:00,LEGN,45.77000045776367,45.77000045776367,45.77000045776367,45.77000045776367,45.77000045776367,662.0
2024-07-03 10:49:00,LFST,5.15500020980835,5.15500020980835,5.164999961853027,5.15500020980835,5.164999961853027,1513.0
2024-07-03 10:49:00,LGVN,1.6100000143051147,1.6100000143051147,1.6100000143051147,1.6100000143051147,1.6100000143051147,5827.0
2024-07-03 10:49:00,LIVN,52.650001525878906,52.650001525878906,52.650001525878906,52.650001525878906,52.650001525878906,1011.0
2024-07-03 10:49:00,LNTH,79.30000305175781,79.30000305175781,79.30000305175781,79.30000305175781,79.30000305175781,453.0
2024-07-03 10:49:00,LOGC,5.760000228881836,5.760000228881836,5.760000228881836,5.760000228881836,5.760000228881836,443.0
2024-07-03 10:49:00,LUCY,0.46219998598098755,0.46219998598098755,0.46219998598098755,0.46219998598098755,0.46219998598098755,6834.0
2024-07-03 10:49:00,MASI,114.13999938964844,114.13999938964844,114.13999938964844,114.13999938964844,114.13999938964844,2432.0
2024-07-03 10:49:00,MASS,4.800000190734863,4.800000190734863,4.800000190734863,4.789999961853027,4.789999961853027,549.0
2024-07-03 10:49:00,MBIO,0.5189999938011169,0.5189999938011169,0.5200999975204468,0.5189999938011169,0.5192999839782715,14273.0
2024-07-03 10:49:00,MBOT,1.0657999515533447,1.0657999515533447,1.0657999515533447,1.0657999515533447,1.0657999515533447,1007.0
2024-07-03 10:49:00,MCRB,0.7160000205039978,0.7160000205039978,0.7164000272750854,0.715399980545044,0.7163000106811523,8886.0
2024-07-03 10:49:00,MDXG,6.764999866485596,6.764999866485596,6.769999980926514,6.764999866485596,6.769999980926514,1071.0
2024-07-03 10:49:00,ME,0.4000000059604645,0.4000000059604645,0.400299996137619,0.4000000059604645,0.400299996137619,733.0
2024-07-03 10:49:00,MGTX,4.03000020980835,4.03000020980835,4.03000020980835,4.03000020980835,4.03000020980835,580.0
2024-07-03 10:49:00,MIRM,33.75,33.75,33.77619934082031,33.75,33.755001068115234,4180.0
2024-07-03 10:49:00,MLTX,41.39500045776367,41.39500045776367,41.39500045776367,41.39500045776367,41.39500045776367,260.0
2024-07-03 10:49:00,MMSI,85.88999938964844,85.88999938964844,85.88999938964844,85.88999938964844,85.88999938964844,379.0
2024-07-03 10:49:00,MNKD,5.105000019073486,5.105000019073486,5.105000019073486,5.105000019073486,5.105000019073486,870.0
2024-07-03 10:49:00,MNMD,7.21999979019165,7.21999979019165,7.21999979019165,7.21999979019165,7.21999979019165,233.0
2024-07-03 10:49:00,MODV,28.059999465942383,28.059999465942383,28.059999465942383,28.049999237060547,28.049999237060547,303.0
2024-07-03 10:49:00,MOR,18.139999389648438,18.139999389648438,18.139999389648438,18.139999389648438,18.139999389648438,1202.0
2024-07-03 10:49:00,MOVE,0.3199999928474426,0.3199999928474426,0.3199999928474426,0.3199999928474426,0.3199999928474426,159619.0
2024-07-03 10:49:00,MREO,3.509999990463257,3.509999990463257,3.5250000953674316,3.509999990463257,3.5250000953674316,967.0
2024-07-03 10:49:00,MRNA,116.97000122070312,116.97000122070312,116.97000122070312,116.97000122070312,116.97000122070312,969.0
2024-07-03 10:49:00,MRSN,1.8899999856948853,1.8899999856948853,1.8949999809265137,1.8899999856948853,1.8949999809265137,1081.0
2024-07-03 10:49:00,MRUS,52.80979919433594,52.80979919433594,52.80979919433594,52.80979919433594,52.80979919433594,573.0
2024-07-03 10:49:00,MRVI,6.795000076293945,6.795000076293945,6.795000076293945,6.789999961853027,6.789999961853027,3525.0
2024-07-03 10:49:00,MXCT,3.7200000286102295,3.7200000286102295,3.7300000190734863,3.7149999141693115,3.7300000190734863,676.0
2024-07-03 10:49:00,MYGN,25.309999465942383,25.309999465942383,25.309999465942383,25.295000076293945,25.295000076293945,976.0
2024-07-03 10:49:00,NARI,49.505001068115234,49.505001068115234,49.584999084472656,49.41999816894531,49.58000183105469,2043.0
2024-07-03 10:49:00,NBIX,137.96499633789062,137.96499633789062,137.96499633789062,137.96499633789062,137.96499633789062,289.0
2024-07-03 10:49:00,NDRA,0.08460000157356262,0.08460000157356262,0.08460000157356262,0.08460000157356262,0.08460000157356262,200.0
2024-07-03 10:49:00,NEOG,15.204999923706055,15.204999923706055,15.204999923706055,15.204999923706055,15.204999923706055,495.0
2024-07-03 10:49:00,NKTR,1.25,1.25,1.25,1.2450000047683716,1.2450000047683716,1529.0
2024-07-03 10:49:00,NLSP,0.2046000063419342,0.2046000063419342,0.2046000063419342,0.20229999721050262,0.20229999721050262,0.0
2024-07-03 10:49:00,NNOX,7.089900016784668,7.089900016784668,7.089900016784668,7.089900016784668,7.089900016784668,1507.0
2024-07-03 10:49:00,NRIX,19.670000076293945,19.670000076293945,19.700000762939453,19.670000076293945,19.68000030517578,1559.0
2024-07-03 10:49:00,NRXP,2.5999999046325684,2.5999999046325684,2.5999999046325684,2.5999999046325684,2.5999999046325684,0.0
2024-07-03 10:49:00,NTLA,22.690000534057617,22.690000534057617,22.700000762939453,22.68000030517578,22.68000030517578,1738.0
2024-07-03 10:49:00,NUVL,72.12000274658203,72.12000274658203,72.25,72.12000274658203,72.23999786376953,2018.0
2024-07-03 10:49:00,NVAX,12.770000457763672,12.770000457763672,12.800000190734863,12.760000228881836,12.789999961853027,26066.0
2024-07-03 10:49:00,NVCT,6.400000095367432,6.400000095367432,6.400000095367432,6.380000114440918,6.380000114440918,517.0
2024-07-03 10:49:00,NVOS,0.7749999761581421,0.7749999761581421,0.7749999761581421,0.7749999761581421,0.7749999761581421,6902.0
2024-07-03 10:49:00,NXL,1.3873000144958496,1.3873000144958496,1.3873000144958496,1.3873000144958496,1.3873000144958496,1300.0
2024-07-03 10:49:00,NXTC,1.590000033378601,1.590000033378601,1.590000033378601,1.590000033378601,1.590000033378601,305.0
2024-07-03 10:49:00,OCGN,1.6549999713897705,1.6549999713897705,1.6549999713897705,1.6549999713897705,1.6549999713897705,1462.0
2024-07-03 10:49:00,OCUL,6.730000019073486,6.730000019073486,6.752500057220459,6.71999979019165,6.752500057220459,2747.0
2024-07-03 10:49:00,OCUP,1.5800000429153442,1.5800000429153442,1.5800000429153442,1.5800000429153442,1.5800000429153442,513.0
2024-07-03 10:49:00,OLK,25.795000076293945,25.795000076293945,25.795000076293945,25.790000915527344,25.790000915527344,1232.0
2024-07-03 10:49:00,OLMA,10.604999542236328,10.604999542236328,10.604999542236328,10.604999542236328,10.604999542236328,1461.0
2024-07-03 10:49:00,OM,3.680000066757202,3.680000066757202,3.694999933242798,3.680000066757202,3.690000057220459,4935.0
2024-07-03 10:49:00,OMCL,26.479999542236328,26.479999542236328,26.479999542236328,26.479999542236328,26.479999542236328,200.0
2024-07-03 10:49:00,OMER,3.890000104904175,3.890000104904175,3.930000066757202,3.890000104904175,3.9210000038146973,3163.0
2024-07-03 10:49:00,OMGA,1.9799000024795532,1.9799000024795532,1.9800000190734863,1.9799000024795532,1.9800000190734863,744.0
2024-07-03 10:50:00,AADI,1.3700000047683716,1.3700000047683716,1.3700000047683716,1.3700000047683716,1.3700000047683716,44.0
2024-07-03 10:50:00,ABCL,2.75,2.75,2.75,2.75,2.75,900.0
2024-07-03 10:50:00,ABOS,2.299999952316284,2.299999952316284,2.299999952316284,2.299999952316284,2.299999952316284,205.0
2024-07-03 10:50:00,ABSI,3.2249999046325684,3.2249999046325684,3.2300000190734863,3.2249999046325684,3.2249999046325684,1382.0
2024-07-03 10:50:00,ABUS,3.1649999618530273,3.1649999618530273,3.1649999618530273,3.1649999618530273,3.1649999618530273,651.0
2024-07-03 10:50:00,ACAD,15.680000305175781,15.680000305175781,15.694999694824219,15.680000305175781,15.694999694824219,1619.0
2024-07-03 10:50:00,ACB,4.96999979019165,4.96999979019165,4.96999979019165,4.96999979019165,4.96999979019165,1004.0
2024-07-03 10:50:00,ACCD,3.5950000286102295,3.5950000286102295,3.5999999046325684,3.5899999141693115,3.5950000286102295,7660.0
2024-07-03 10:50:00,ACET,1.0549999475479126,1.0549999475479126,1.0595999956130981,1.0499999523162842,1.0549999475479126,9715.0
2024-07-03 10:50:00,ACHC,66.12000274658203,66.12000274658203,66.18000030517578,66.12000274658203,66.17500305175781,2982.0
2024-07-03 10:50:00,ACLX,54.15999984741211,54.15999984741211,54.22999954223633,54.15999984741211,54.209999084472656,601.0
2024-07-03 10:50:00,ACON,0.28999999165534973,0.28999999165534973,0.29010000824928284,0.28999999165534973,0.29010000824928284,1479.0
2024-07-03 10:50:00,ACRS,1.1699999570846558,1.1699999570846558,1.1699999570846558,1.1699999570846558,1.1699999570846558,200.0
2024-07-03 10:50:00,ADAP,1.0199999809265137,1.0199999809265137,1.0199999809265137,1.0199999809265137,1.0199999809265137,461.0
2024-07-03 10:50:00,ADMA,11.364999771118164,11.364999771118164,11.369999885559082,11.364999771118164,11.364999771118164,3186.0
2024-07-03 10:50:00,ADPT,3.4100000858306885,3.4100000858306885,3.4100000858306885,3.4100000858306885,3.4100000858306885,602.0
2024-07-03 10:50:00,ADUS,116.90139770507812,116.90139770507812,117.2249984741211,116.90139770507812,117.2249984741211,3179.0
2024-07-03 10:50:00,AKBA,0.9596999883651733,0.9596999883651733,0.9649999737739563,0.9555000066757202,0.9639000296592712,62075.0
2024-07-03 10:50:00,ALGN,238.39999389648438,238.39999389648438,238.39999389648438,238.39999389648438,238.39999389648438,1054.0
2024-07-03 10:50:00,ALGS,0.4390999972820282,0.4390999972820282,0.4390999972820282,0.4390999972820282,0.4390999972820282,11100.0
2024-07-03 10:50:00,ALHC,8.015000343322754,8.015000343322754,8.020000457763672,8.0,8.0,2308.0
2024-07-03 10:50:00,ALIM,5.525000095367432,5.525000095367432,5.525000095367432,5.519999980926514,5.519999980926514,2617.0
2024-07-03 10:50:00,ALKS,24.350000381469727,24.350000381469727,24.350000381469727,24.329999923706055,24.329999923706055,786.0
2024-07-03 10:50:00,ALLK,0.8587999939918518,0.8587999939918518,0.8587999939918518,0.8587999939918518,0.8587999939918518,200.0
2024-07-03 10:50:00,ALLO,2.130000114440918,2.130000114440918,2.134999990463257,2.130000114440918,2.134999990463257,708.0
2024-07-03 10:50:00,ALLR,0.20250000059604645,0.20250000059604645,0.2037999927997589,0.20250000059604645,0.20350000262260437,13895.0
2024-07-03 10:50:00,ALNY,247.0399932861328,247.0399932861328,247.60000610351562,246.4600067138672,247.1300048828125,14892.0
2024-07-03 10:50:00,ALRN,2.7200000286102295,2.7200000286102295,2.7200000286102295,2.7200000286102295,2.7200000286102295,200.0
2024-07-03 10:50:00,ALT,6.739999771118164,6.739999771118164,6.78000020980835,6.739999771118164,6.775000095367432,45800.0
2024-07-03 10:50:00,ALXO,5.860000133514404,5.860000133514404,5.860000133514404,5.809999942779541,5.809999942779541,7262.0
2024-07-03 10:50:00,AMED,96.73500061035156,96.73500061035156,96.73500061035156,96.73500061035156,96.73500061035156,689.0
2024-07-03 10:50:00,AMGN,309.75,309.75,309.8999938964844,309.7300109863281,309.75,3708.0
2024-07-03 10:50:00,AMLX,1.75,1.75,1.75,1.75,1.75,1177.0
2024-07-03 10:50:00,ANAB,25.389999389648438,25.389999389648438,25.389999389648438,25.389999389648438,25.389999389648438,447.0
2024-07-03 10:50:00,ANNX,4.820000171661377,4.820000171661377,4.820000171661377,4.789999961853027,4.789999961853027,3115.0
2024-07-03 10:50:00,ANTX,2.4600000381469727,2.4600000381469727,2.4600000381469727,2.451200008392334,2.451200008392334,1713.0
2024-07-03 10:50:00,APLT,4.449999809265137,4.449999809265137,4.449999809265137,4.440100193023682,4.440100193023682,3520.0
2024-07-03 10:50:00,AQST,2.4149999618530273,2.4149999618530273,2.4149999618530273,2.4100000858306885,2.4100000858306885,900.0
2024-07-03 10:50:00,ARCT,21.594999313354492,21.594999313354492,21.594999313354492,21.5049991607666,21.5049991607666,3360.0
2024-07-03 10:50:00,ARDX,5.204999923706055,5.204999923706055,5.20989990234375,5.200099945068359,5.204999923706055,4851.0
2024-07-03 10:50:00,ARQT,9.609999656677246,9.609999656677246,9.645000457763672,9.609999656677246,9.645000457763672,3003.0
2024-07-03 10:50:00,ARVN,24.549999237060547,24.549999237060547,24.549999237060547,24.549999237060547,24.549999237060547,587.0
2024-07-03 10:50:00,ARWR,25.56999969482422,25.56999969482422,25.56999969482422,25.559999465942383,25.559999465942383,1028.0
2024-07-03 10:50:00,ASRT,1.3394999504089355,1.3394999504089355,1.3394999504089355,1.3394999504089355,1.3394999504089355,745.0
2024-07-03 10:50:00,ATEC,9.925000190734863,9.925000190734863,9.925000190734863,9.925000190734863,9.925000190734863,657.0
2024-07-03 10:50:00,ATRC,22.25,22.25,22.25,22.229999542236328,22.229999542236328,636.0
2024-07-03 10:50:00,ATRI,452.29998779296875,452.29998779296875,452.29998779296875,452.29998779296875,452.29998779296875,231.0
2024-07-03 10:50:00,AUGX,0.9943000078201294,0.9943000078201294,0.9973999857902527,0.9937999844551086,0.9937999844551086,1300.0
2024-07-03 10:50:00,AUPH,5.485000133514404,5.485000133514404,5.485000133514404,5.485000133514404,5.485000133514404,272.0
2024-07-03 10:50:00,AUTL,3.5,3.5,3.5,3.490000009536743,3.490000009536743,2519.0
2024-07-03 10:50:00,AVDL,14.350000381469727,14.350000381469727,14.350000381469727,14.34000015258789,14.34000015258789,3743.0
2024-07-03 10:50:00,AVIR,3.312000036239624,3.312000036239624,3.317500114440918,3.312000036239624,3.317500114440918,525.0
2024-07-03 10:50:00,AVTE,1.620300054550171,1.620300054550171,1.625,1.620300054550171,1.625,2013.0
2024-07-03 10:50:00,AVXL,4.235000133514404,4.235000133514404,4.239999771118164,4.235000133514404,4.239999771118164,1411.0
2024-07-03 10:50:00,AXNX,67.55000305175781,67.55000305175781,67.55000305175781,67.55000305175781,67.55000305175781,198.0
2024-07-03 10:50:00,AXSM,79.94000244140625,79.94000244140625,79.94000244140625,79.94000244140625,79.94000244140625,510.0
2024-07-03 10:50:00,AZN,76.86499786376953,76.86499786376953,76.86499786376953,76.83999633789062,76.84500122070312,10047.0
2024-07-03 10:50:00,AZTA,52.72999954223633,52.72999954223633,52.72999954223633,52.689998626708984,52.689998626708984,2163.0
2024-07-03 10:50:00,BBIO,25.389999389648438,25.389999389648438,25.389999389648438,25.31999969482422,25.31999969482422,939.0
2024-07-03 10:50:00,BCAB,1.3550000190734863,1.3550000190734863,1.3550000190734863,1.3550000190734863,1.3550000190734863,601.0
2024-07-03 10:50:00,BCRX,6.579999923706055,6.579999923706055,6.59499979019165,6.579999923706055,6.5808000564575195,12048.0
2024-07-03 10:50:00,BEAM,23.780000686645508,23.780000686645508,23.780000686645508,23.65999984741211,23.65999984741211,3013.0
2024-07-03 10:50:00,BEAT,2.7999000549316406,2.7999000549316406,2.7999000549316406,2.7994000911712646,2.7994000911712646,1519.0
2024-07-03 10:50:00,BGNE,147.02000427246094,147.02000427246094,147.02000427246094,147.02000427246094,147.02000427246094,358.0
2024-07-03 10:50:00,BIIB,224.9199981689453,224.9199981689453,224.9199981689453,224.9199981689453,224.9199981689453,1310.0
2024-07-03 10:50:00,BIOR,0.621999979019165,0.621999979019165,0.621999979019165,0.621999979019165,0.621999979019165,302.0
2024-07-03 10:50:00,BIVI,0.4196000099182129,0.4196000099182129,0.4196000099182129,0.4196000099182129,0.4196000099182129,250.0
2024-07-03 10:50:00,BJDX,0.6340000033378601,0.6340000033378601,0.6340000033378601,0.6340000033378601,0.6340000033378601,611.0
2024-07-03 10:50:00,BLFS,19.860000610351562,19.860000610351562,19.860000610351562,19.860000610351562,19.860000610351562,566.0
2024-07-03 10:50:00,BLUE,0.9366999864578247,0.9366999864578247,0.9373000264167786,0.9352999925613403,0.9366999864578247,7021.0
2024-07-03 10:50:00,BMEA,4.429999828338623,4.429999828338623,4.429999828338623,4.427199840545654,4.427199840545654,1242.0
2024-07-03 10:50:00,BMRN,81.16000366210938,81.16000366210938,81.16000366210938,81.11000061035156,81.12000274658203,2072.0
2024-07-03 10:50:00,BNGO,0.5680000185966492,0.5680000185966492,0.5688999891281128,0.5669999718666077,0.5670999884605408,31559.0
2024-07-03 10:50:00,BNTX,80.69999694824219,80.69999694824219,80.69999694824219,80.69999694824219,80.69999694824219,347.0
2024-07-03 10:50:00,BRKR,61.560001373291016,61.560001373291016,61.595001220703125,61.529998779296875,61.54999923706055,1498.0
2024-07-03 10:50:00,BTMD,7.400000095367432,7.400000095367432,7.400000095367432,7.385000228881836,7.385000228881836,1183.0
2024-07-03 10:50:00,CABA,7.710000038146973,7.710000038146973,7.710000038146973,7.690000057220459,7.690000057220459,1707.0
2024-07-03 10:50:00,CADL,6.269999980926514,6.269999980926514,6.269999980926514,6.269999980926514,6.269999980926514,247.0
2024-07-03 10:50:00,CAPR,4.769999980926514,4.769999980926514,4.789999961853027,4.769999980926514,4.78000020980835,6131.0
2024-07-03 10:50:00,CARA,0.2897999882698059,0.2897999882698059,0.2897999882698059,0.2897999882698059,0.2897999882698059,701.0
2024-07-03 10:50:00,CCCC,4.739999771118164,4.739999771118164,4.739999771118164,4.710000038146973,4.730000019073486,2628.0
2024-07-03 10:50:00,CDMO,7.650000095367432,7.650000095367432,7.650000095367432,7.650000095367432,7.650000095367432,1919.0
2024-07-03 10:50:00,CDNA,15.26550006866455,15.26550006866455,15.26550006866455,15.239999771118164,15.239999771118164,1059.0
2024-07-03 10:50:00,CDXS,2.9149999618530273,2.9149999618530273,2.9149999618530273,2.9100000858306885,2.9100000858306885,472.0
2024-07-03 10:50:00,CERE,41.33000183105469,41.33000183105469,41.33000183105469,41.310001373291016,41.310001373291016,2240.0
2024-07-03 10:50:00,CERT,13.850000381469727,13.850000381469727,13.850000381469727,13.850000381469727,13.850000381469727,570.0
2024-07-03 10:50:00,CGC,6.768799781799316,6.768799781799316,6.768799781799316,6.760000228881836,6.760000228881836,5334.0
2024-07-03 10:50:00,CGEM,16.975000381469727,16.975000381469727,16.975000381469727,16.950000762939453,16.950000762939453,600.0
2024-07-03 10:50:00,CGEN,1.6699999570846558,1.6699999570846558,1.6699999570846558,1.6649999618530273,1.6698999404907227,3741.0
2024-07-03 10:50:00,CHRS,1.4049999713897705,1.4049999713897705,1.4049999713897705,1.4049999713897705,1.4049999713897705,4849.0
2024-07-03 10:50:00,CING,0.3310000002384186,0.3310000002384186,0.3310000002384186,0.3310000002384186,0.3310000002384186,504.0
2024-07-03 10:50:00,CKPT,2.242300033569336,2.242300033569336,2.242300033569336,2.242300033569336,2.242300033569336,10085.0
2024-07-03 10:50:00,CLOV,1.25,1.25,1.25,1.25,1.25,0.0
2024-07-03 10:50:00,CMPS,6.340000152587891,6.340000152587891,6.340000152587891,6.289999961853027,6.289999961853027,7936.0
2024-07-03 10:50:00,CNSP,2.0999999046325684,2.0999999046325684,2.119999885559082,2.0899999141693115,2.115000009536743,40733.0
2024-07-03 10:50:00,COGT,8.3100004196167,8.3100004196167,8.3100004196167,8.300000190734863,8.300000190734863,799.0
2024-07-03 10:50:00,CORT,30.614999771118164,30.614999771118164,30.639999389648438,30.549999237060547,30.549999237060547,4262.0
2024-07-03 10:50:00,COSM,0.949999988079071,0.949999988079071,0.949999988079071,0.949999988079071,0.949999988079071,1055.0
2024-07-03 10:50:00,CPRX,15.539999961853027,15.539999961853027,15.539999961853027,15.529999732971191,15.530099868774414,4219.0
2024-07-03 10:50:00,CRBP,48.97999954223633,48.97999954223633,48.97999954223633,48.974998474121094,48.974998474121094,1073.0
2024-07-03 10:50:00,CRBU,1.590000033378601,1.590000033378601,1.590000033378601,1.5800000429153442,1.5800000429153442,2710.0
2024-07-03 10:50:00,CRDF,2.2750000953674316,2.2750000953674316,2.2750000953674316,2.2750000953674316,2.2750000953674316,921.0
2024-07-03 10:50:00,CRMD,4.119999885559082,4.119999885559082,4.119999885559082,4.110000133514404,4.110000133514404,4228.0
2024-07-03 10:50:00,CRON,2.365000009536743,2.365000009536743,2.365000009536743,2.365000009536743,2.365000009536743,322.0
2024-07-03 10:50:00,CRSP,54.16999816894531,54.16999816894531,54.22999954223633,54.16999816894531,54.16999816894531,3189.0
2024-07-03 10:50:00,CSTL,21.364999771118164,21.364999771118164,21.40999984741211,21.329999923706055,21.385000228881836,17335.0
2024-07-03 10:50:00,CTMX,1.3300000429153442,1.3300000429153442,1.3300000429153442,1.3300000429153442,1.3300000429153442,400.0
2024-07-03 10:50:00,CTXR,0.5167999863624573,0.5167999863624573,0.5169000029563904,0.5135999917984009,0.5169000029563904,16328.0
2024-07-03 10:50:00,CVAC,3.3998000621795654,3.3998000621795654,3.4049999713897705,3.390000104904175,3.3949999809265137,61238.0
2024-07-03 10:50:00,CYTK,54.8849983215332,54.8849983215332,54.8849983215332,54.779998779296875,54.810001373291016,1676.0
2024-07-03 10:50:00,DARE,3.393699884414673,3.393699884414673,3.393699884414673,3.393699884414673,3.393699884414673,639.0
2024-07-03 10:50:00,DAWN,13.390000343322754,13.390000343322754,13.390000343322754,13.369999885559082,13.369999885559082,825.0
2024-07-03 10:50:00,DCGO,2.9326999187469482,2.9326999187469482,2.934999942779541,2.9326999187469482,2.934999942779541,772.0
2024-07-03 10:50:00,DCTH,7.855000019073486,7.855000019073486,7.855000019073486,7.855000019073486,7.855000019073486,120.0
2024-07-03 10:50:00,DNLI,21.719999313354492,21.719999313354492,21.719999313354492,21.719999313354492,21.719999313354492,385.0
2024-07-03 10:50:00,DSGN,3.25,3.25,3.25,3.25,3.25,145.0
2024-07-03 10:50:00,DVAX,11.125,11.125,11.125,11.125,11.125,384.0
2024-07-03 10:50:00,DXCM,110.1500015258789,110.1500015258789,110.1500015258789,110.1500015258789,110.1500015258789,1107.0
2024-07-03 10:50:00,DYN,34.54499816894531,34.54499816894531,34.54499816894531,34.54499816894531,34.54499816894531,257.0
2024-07-03 10:50:00,EDIT,4.659999847412109,4.659999847412109,4.670000076293945,4.659999847412109,4.664999961853027,10775.0
2024-07-03 10:50:00,EGRX,5.244999885559082,5.244999885559082,5.244999885559082,5.244999885559082,5.244999885559082,415.0
2024-07-03 10:50:00,ELEV,2.680000066757202,2.680000066757202,2.680000066757202,2.680000066757202,2.680000066757202,344.0
2024-07-03 10:50:00,ENSG,125.62999725341797,125.62999725341797,125.62999725341797,125.62000274658203,125.62000274658203,878.0
2024-07-03 10:50:00,ENTA,13.0,13.0,13.0,12.9399995803833,13.0,2206.0
2024-07-03 10:50:00,EOLS,10.880000114440918,10.880000114440918,10.880000114440918,10.880000114440918,10.880000114440918,173.0
2024-07-03 10:50:00,ERAS,2.259999990463257,2.259999990463257,2.259999990463257,2.259999990463257,2.259999990463257,632.0
2024-07-03 10:50:00,ESPR,2.3798999786376953,2.3798999786376953,2.384999990463257,2.3698999881744385,2.3698999881744385,40214.0
2024-07-03 10:50:00,ESTA,43.47999954223633,43.47999954223633,43.47999954223633,43.47999954223633,43.47999954223633,200.0
2024-07-03 10:50:00,ETNB,7.659999847412109,7.659999847412109,7.659999847412109,7.644800186157227,7.644800186157227,4980.0
2024-07-03 10:50:00,EWTX,18.049999237060547,18.049999237060547,18.06999969482422,18.049999237060547,18.059999465942383,1756.0
2024-07-03 10:50:00,EXAS,43.2400016784668,43.2400016784668,43.25,43.130001068115234,43.130001068115234,8588.0
2024-07-03 10:50:00,EXEL,21.9950008392334,21.9950008392334,21.9950008392334,21.979999542236328,21.989999771118164,2716.0
2024-07-03 10:50:00,EYPT,8.350000381469727,8.350000381469727,8.350000381469727,8.329999923706055,8.34000015258789,1309.0
2024-07-03 10:50:00,FATE,3.244999885559082,3.244999885559082,3.244999885559082,3.234999895095825,3.240000009536743,5167.0
2024-07-03 10:50:00,FDMT,21.1200008392334,21.1200008392334,21.1200008392334,21.1200008392334,21.1200008392334,605.0
2024-07-03 10:50:00,FGEN,0.7138000130653381,0.7138000130653381,0.7145000100135803,0.7129999995231628,0.7129999995231628,53934.0
2024-07-03 10:50:00,FHTX,5.570000171661377,5.570000171661377,5.570000171661377,5.570000171661377,5.570000171661377,200.0
2024-07-03 10:50:00,FOLD,9.904999732971191,9.904999732971191,9.904999732971191,9.904999732971191,9.904999732971191,395.0
2024-07-03 10:50:00,FULC,6.159999847412109,6.159999847412109,6.175000190734863,6.159999847412109,6.175000190734863,2473.0
2024-07-03 10:50:00,GALT,2.190000057220459,2.190000057220459,2.190000057220459,2.190000057220459,2.190000057220459,670.0
2024-07-03 10:50:00,GERN,4.364999771118164,4.364999771118164,4.369999885559082,4.350100040435791,4.360000133514404,14109.0
2024-07-03 10:50:00,GH,28.5,28.5,28.5,28.5,28.5,559.0
2024-07-03 10:50:00,GILD,66.86000061035156,66.86000061035156,66.9000015258789,66.83000183105469,66.83000183105469,23548.0
2024-07-03 10:50:00,GLSI,16.84000015258789,16.84000015258789,16.84000015258789,16.84000015258789,16.84000015258789,200.0
2024-07-03 10:50:00,GLTO,0.5031999945640564,0.5031999945640564,0.5031999945640564,0.5030999779701233,0.5030999779701233,1132.0
2024-07-03 10:50:00,GLUE,3.7899999618530273,3.7899999618530273,3.7899999618530273,3.7899999618530273,3.7899999618530273,274.0
2024-07-03 10:50:00,GLYC,0.26989999413490295,0.26989999413490295,0.26989999413490295,0.26989999413490295,0.26989999413490295,1448.0
2024-07-03 10:50:00,GMAB,25.229999542236328,25.229999542236328,25.239999771118164,25.229999542236328,25.239299774169922,904.0
2024-07-03 10:50:00,GOSS,0.9434999823570251,0.9434999823570251,0.9434999823570251,0.9434999823570251,0.9434999823570251,1614.0
2024-07-03 10:50:00,GRFS,6.684999942779541,6.684999942779541,6.684999942779541,6.684999942779541,6.684999942779541,499.0
2024-07-03 10:50:00,GRTS,0.6000000238418579,0.6000000238418579,0.6000000238418579,0.598800003528595,0.598800003528595,3495.0
2024-07-03 10:50:00,GTHX,2.505000114440918,2.505000114440918,2.509999990463257,2.5,2.5,679.0
2024-07-03 10:50:00,HALO,51.584999084472656,51.584999084472656,51.59000015258789,51.540000915527344,51.540000915527344,4684.0
2024-07-03 10:50:00,HBIO,2.765000104904175,2.765000104904175,2.765000104904175,2.765000104904175,2.765000104904175,102.0
2024-07-03 10:50:00,HCAT,6.150000095367432,6.150000095367432,6.159999847412109,6.150000095367432,6.159999847412109,1039.0
2024-07-03 10:50:00,HOLX,73.29000091552734,73.29000091552734,73.29000091552734,73.22000122070312,73.22000122070312,4814.0
2024-07-03 10:50:00,HOOK,0.5947999954223633,0.5947999954223633,0.5947999954223633,0.5902000069618225,0.5902000069618225,0.0
2024-07-03 10:50:00,HOWL,2.170099973678589,2.170099973678589,2.170099973678589,2.170099973678589,2.170099973678589,208.0
2024-07-03 10:50:00,HQY,83.2300033569336,83.2300033569336,83.29000091552734,83.2300033569336,83.2300033569336,2835.0
2024-07-03 10:50:00,HROW,21.83930015563965,21.83930015563965,21.83930015563965,21.83930015563965,21.83930015563965,107.0
2024-07-03 10:50:00,HRTX,2.809999942779541,2.809999942779541,2.809999942779541,2.805000066757202,2.805000066757202,6756.0
2024-07-03 10:50:00,HSIC,65.41000366210938,65.41000366210938,65.44000244140625,65.41000366210938,65.43000030517578,4569.0
2024-07-03 10:50:00,HUMA,5.578000068664551,5.578000068664551,5.579999923706055,5.565400123596191,5.570000171661377,3983.0
2024-07-03 10:50:00,IART,28.93000030517578,28.93000030517578,28.93000030517578,28.93000030517578,28.93000030517578,238.0
2024-07-03 10:50:00,IBRX,6.28000020980835,6.28000020980835,6.28000020980835,6.269999980926514,6.269999980926514,1285.0
2024-07-03 10:50:00,ICCM,0.7199000120162964,0.7199000120162964,0.7199000120162964,0.7107999920845032,0.7107999920845032,3410.0
2024-07-03 10:50:00,ICLR,318.5570068359375,318.5570068359375,318.5570068359375,318.5570068359375,318.5570068359375,919.0
2024-07-03 10:50:00,IDXX,474.30999755859375,474.30999755859375,474.30999755859375,474.30999755859375,474.30999755859375,444.0
2024-07-03 10:50:00,IDYA,33.64500045776367,33.64500045776367,33.689998626708984,33.64500045776367,33.650001525878906,1907.0
2024-07-03 10:50:00,IKNA,1.649999976158142,1.649999976158142,1.649999976158142,1.649999976158142,1.649999976158142,217.0
2024-07-03 10:50:00,ILMN,104.80000305175781,104.80000305175781,104.91000366210938,104.79499816894531,104.91000366210938,3209.0
2024-07-03 10:50:00,IMCR,36.05500030517578,36.05500030517578,36.11000061035156,36.05500030517578,36.060001373291016,1400.0
2024-07-03 10:50:00,IMNM,11.979999542236328,11.979999542236328,11.979999542236328,11.960000038146973,11.961999893188477,1901.0
2024-07-03 10:50:00,IMTX,11.899999618530273,11.899999618530273,11.899999618530273,11.880000114440918,11.899999618530273,2832.0
2024-07-03 10:50:00,IMUX,1.1399999856948853,1.1399999856948853,1.1399999856948853,1.1399999856948853,1.1399999856948853,2421.0
2024-07-03 10:50:00,IMVT,26.81999969482422,26.81999969482422,26.81999969482422,26.760000228881836,26.760000228881836,754.0
2024-07-03 10:50:00,INBX,13.305000305175781,13.305000305175781,13.305000305175781,13.305000305175781,13.305000305175781,1121.0
2024-07-03 10:50:00,INCY,57.84000015258789,57.84000015258789,57.880001068115234,57.84000015258789,57.880001068115234,2732.0
2024-07-03 10:50:00,INMD,17.65999984741211,17.65999984741211,17.670000076293945,17.65999984741211,17.65999984741211,756.0
2024-07-03 10:50:00,INO,8.470000267028809,8.470000267028809,8.470000267028809,8.470000267028809,8.470000267028809,335.0
2024-07-03 10:50:00,INSM,63.040000915527344,63.040000915527344,63.08000183105469,62.940101623535156,62.97999954223633,21202.0
2024-07-03 10:50:00,INVA,16.299999237060547,16.299999237060547,16.299999237060547,16.290000915527344,16.290000915527344,954.0
2024-07-03 10:50:00,IONS,44.599998474121094,44.599998474121094,44.625,44.599998474121094,44.61000061035156,1547.0
2024-07-03 10:50:00,IOVA,7.675000190734863,7.675000190734863,7.699999809265137,7.675000190734863,7.699999809265137,23740.0
2024-07-03 10:50:00,IPSC,2.255000114440918,2.255000114440918,2.255000114440918,2.255000114440918,2.255000114440918,200.0
2024-07-03 10:50:00,IRWD,6.175000190734863,6.175000190734863,6.175000190734863,6.175000190734863,6.175000190734863,200.0
2024-07-03 10:50:00,ISPC,0.2759999930858612,0.2759999930858612,0.2759999930858612,0.2759999930858612,0.2759999930858612,2054.0
2024-07-03 10:50:00,ISRG,434.19500732421875,434.19500732421875,434.19500732421875,434.010009765625,434.010009765625,827.0
2024-07-03 10:50:00,ITCI,67.9800033569336,67.9800033569336,67.98500061035156,67.9800033569336,67.9800033569336,861.0
2024-07-03 10:50:00,ITOS,14.670000076293945,14.670000076293945,14.670000076293945,14.670000076293945,14.670000076293945,708.0
2024-07-03 10:50:00,JANX,38.040000915527344,38.040000915527344,38.11000061035156,38.040000915527344,38.099998474121094,1438.0
2024-07-03 10:50:00,KMDA,5.179999828338623,5.179999828338623,5.179999828338623,5.179999828338623,5.179999828338623,300.0
2024-07-03 10:50:00,KNSA,18.889999389648438,18.889999389648438,18.889999389648438,18.889999389648438,18.889999389648438,338.0
2024-07-03 10:50:00,KTRA,0.2831999957561493,0.2831999957561493,0.2831999957561493,0.2799000144004822,0.2799000144004822,1300.0
2024-07-03 10:50:00,KURA,20.649999618530273,20.649999618530273,20.649999618530273,20.6200008392334,20.6200008392334,1201.0
2024-07-03 10:50:00,KYMR,30.725000381469727,30.725000381469727,30.725000381469727,30.649999618530273,30.649999618530273,1857.0
2024-07-03 10:50:00,LAB,1.7999999523162842,1.7999999523162842,1.7999999523162842,1.7899999618530273,1.7899999618530273,2829.0
2024-07-03 10:50:00,LBPH,32.619998931884766,32.619998931884766,32.619998931884766,32.619998931884766,32.619998931884766,606.0
2024-07-03 10:50:00,LEGN,45.90999984741211,45.90999984741211,45.90999984741211,45.86000061035156,45.86000061035156,1081.0
2024-07-03 10:50:00,LFMD,6.75,6.75,6.75,6.75,6.75,398.0
2024-07-03 10:50:00,LFST,5.144999980926514,5.144999980926514,5.15500020980835,5.139999866485596,5.15500020980835,11025.0
2024-07-03 10:50:00,LGND,82.57499694824219,82.57499694824219,82.57499694824219,82.57499694824219,82.57499694824219,815.0
2024-07-03 10:50:00,LGVN,1.6200000047683716,1.6200000047683716,1.6200000047683716,1.6100000143051147,1.6150000095367432,1720.0
2024-07-03 10:50:00,LIVN,52.599998474121094,52.599998474121094,52.599998474121094,52.599998474121094,52.599998474121094,824.0
2024-07-03 10:50:00,LMAT,81.0999984741211,81.0999984741211,81.0999984741211,81.0999984741211,81.0999984741211,733.0
2024-07-03 10:50:00,LNTH,79.19999694824219,79.19999694824219,79.19999694824219,79.19999694824219,79.19999694824219,230.0
2024-07-03 10:50:00,LOGC,5.755000114440918,5.755000114440918,5.755000114440918,5.755000114440918,5.755000114440918,473.0
2024-07-03 10:50:00,LQDA,11.944999694824219,11.944999694824219,11.944999694824219,11.944999694824219,11.944999694824219,1380.0
2024-07-03 10:50:00,LRMR,7.675000190734863,7.675000190734863,7.675000190734863,7.650000095367432,7.650000095367432,207.0
2024-07-03 10:50:00,LSTA,3.630000114440918,3.630000114440918,3.630000114440918,3.630000114440918,3.630000114440918,109.0
2024-07-03 10:50:00,LUCY,0.4634999930858612,0.4634999930858612,0.46970000863075256,0.4634999930858612,0.4650000035762787,1978.0
2024-07-03 10:50:00,LXRX,1.6050000190734863,1.6050000190734863,1.6150000095367432,1.6050000190734863,1.6100000143051147,26779.0
2024-07-03 10:50:00,LYEL,1.4450000524520874,1.4450000524520874,1.4450000524520874,1.4450000524520874,1.4450000524520874,1256.0
2024-07-03 10:50:00,LYRA,0.2858000099658966,0.2858000099658966,0.2874999940395355,0.2858000099658966,0.2874999940395355,230.0
2024-07-03 10:50:00,MBIO,0.5188999772071838,0.5188999772071838,0.519599974155426,0.5188000202178955,0.519599974155426,25868.0
2024-07-03 10:50:00,MCRB,0.7168999910354614,0.7168999910354614,0.7168999910354614,0.7164999842643738,0.7164999842643738,5991.0
2024-07-03 10:50:00,MDGL,269.19500732421875,269.19500732421875,269.19500732421875,269.19500732421875,269.19500732421875,362.0
2024-07-03 10:50:00,MDXG,6.775000095367432,6.775000095367432,6.775000095367432,6.769999980926514,6.769999980926514,2075.0
2024-07-03 10:50:00,ME,0.400299996137619,0.400299996137619,0.400299996137619,0.4000000059604645,0.4002000093460083,2212.0
2024-07-03 10:50:00,MGNX,4.264999866485596,4.264999866485596,4.264999866485596,4.260000228881836,4.264999866485596,3633.0
2024-07-03 10:50:00,MIRM,33.70000076293945,33.70000076293945,33.790000915527344,33.619998931884766,33.77000045776367,11269.0
2024-07-03 10:50:00,MMSI,85.93000030517578,85.93000030517578,85.93000030517578,85.8499984741211,85.8499984741211,1568.0
2024-07-03 10:50:00,MNKD,5.105000019073486,5.105000019073486,5.105000019073486,5.105000019073486,5.105000019073486,388.0
2024-07-03 10:50:00,MNMD,7.230100154876709,7.230100154876709,7.239999771118164,7.230000019073486,7.230000019073486,1950.0
2024-07-03 10:50:00,MODV,28.170000076293945,28.170000076293945,28.170000076293945,28.06999969482422,28.06999969482422,1158.0
2024-07-03 10:50:00,MREO,3.5199999809265137,3.5199999809265137,3.5199999809265137,3.5199999809265137,3.5199999809265137,2244.0
2024-07-03 10:50:00,MRNA,116.94000244140625,116.94000244140625,117.05000305175781,116.77999877929688,116.92500305175781,7412.0
2024-07-03 10:50:00,MRNS,1.2095999717712402,1.2095999717712402,1.2100000381469727,1.2095999717712402,1.2100000381469727,324.0
2024-07-03 10:50:00,MRSN,1.8949999809265137,1.8949999809265137,1.8949999809265137,1.8949999809265137,1.8949999809265137,73.0
2024-07-03 10:50:00,MRVI,6.800000190734863,6.800000190734863,6.800000190734863,6.795000076293945,6.795000076293945,1759.0
2024-07-03 10:50:00,MXCT,3.7249999046325684,3.7249999046325684,3.7300000190734863,3.7249999046325684,3.7300000190734863,843.0
2024-07-03 10:50:00,MYGN,25.385000228881836,25.385000228881836,25.392499923706055,25.34000015258789,25.34000015258789,1583.0
2024-07-03 10:50:00,NARI,49.45000076293945,49.45000076293945,49.45000076293945,49.45000076293945,49.45000076293945,133.0
2024-07-03 10:50:00,NBIX,138.02000427246094,138.02000427246094,138.02000427246094,137.9499969482422,137.9499969482422,1517.0
2024-07-03 10:50:00,NDRA,0.08460000157356262,0.08460000157356262,0.08460000157356262,0.08460000157356262,0.08460000157356262,930.0
2024-07-03 10:50:00,NEO,13.6899995803833,13.6899995803833,13.699999809265137,13.680000305175781,13.6899995803833,1387.0
2024-07-03 10:50:00,NEOG,15.220000267028809,15.220000267028809,15.220000267028809,15.210000038146973,15.210000038146973,5204.0
2024-07-03 10:50:00,NKTR,1.25,1.25,1.25,1.2450000047683716,1.2450000047683716,1125.0
2024-07-03 10:50:00,NKTX,5.46999979019165,5.46999979019165,5.46999979019165,5.460000038146973,5.460000038146973,1530.0
2024-07-03 10:50:00,NOTV,1.684999942779541,1.684999942779541,1.684999942779541,1.684999942779541,1.684999942779541,454.0
2024-07-03 10:50:00,NRIX,19.700000762939453,19.700000762939453,19.700000762939453,19.68000030517578,19.68000030517578,1234.0
2024-07-03 10:50:00,NRSN,1.318600058555603,1.318600058555603,1.318600058555603,1.318600058555603,1.318600058555603,550.0
2024-07-03 10:50:00,NTLA,22.75,22.75,22.75,22.700000762939453,22.709999084472656,2802.0
2024-07-03 10:50:00,NTRA,111.84500122070312,111.84500122070312,111.88999938964844,111.77999877929688,111.77999877929688,2277.0
2024-07-03 10:50:00,NVAX,12.755000114440918,12.755000114440918,12.779999732971191,12.75,12.770000457763672,23895.0
2024-07-03 10:50:00,NVCT,6.25,6.25,6.25,6.25,6.25,435.0
2024-07-03 10:50:00,NXL,1.3899999856948853,1.3899999856948853,1.3899999856948853,1.3899999856948853,1.3899999856948853,0.0
2024-07-03 10:50:00,OCGN,1.6502000093460083,1.6502000093460083,1.659999966621399,1.6502000093460083,1.6549999713897705,7449.0
2024-07-03 10:50:00,OCUL,6.739999771118164,6.739999771118164,6.739999771118164,6.730000019073486,6.730000019073486,4779.0
2024-07-03 10:50:00,OGI,1.6100000143051147,1.6100000143051147,1.6100000143051147,1.6100000143051147,1.6100000143051147,1120.0
2024-07-03 10:50:00,OLK,25.790000915527344,25.790000915527344,25.790000915527344,25.790000915527344,25.790000915527344,201.0
2024-07-03 10:50:00,OMCL,26.469999313354492,26.469999313354492,26.469999313354492,26.469999313354492,26.469999313354492,989.0
2024-07-03 10:50:00,OMER,3.9149999618530273,3.9149999618530273,3.9149999618530273,3.9149999618530273,3.9149999618530273,473.0
2024-07-03 10:51:00,ABCL,2.740000009536743,2.740000009536743,2.740000009536743,2.740000009536743,2.740000009536743,2512.0
2024-07-03 10:51:00,ABEO,4.300000190734863,4.300000190734863,4.300000190734863,4.300000190734863,4.300000190734863,115.0
2024-07-03 10:51:00,ABSI,3.2300000190734863,3.2300000190734863,3.2300000190734863,3.2300000190734863,3.2300000190734863,2314.0
2024-07-03 10:51:00,ABUS,3.1600000858306885,3.1600000858306885,3.1649999618530273,3.1600000858306885,3.1649999618530273,707.0
2024-07-03 10:51:00,ACAD,15.680000305175781,15.680000305175781,15.680000305175781,15.680000305175781,15.680000305175781,521.0
2024-07-03 10:51:00,ACB,4.960700035095215,4.960700035095215,4.96999979019165,4.960700035095215,4.96999979019165,2856.0
2024-07-03 10:51:00,ACCD,3.5950000286102295,3.5950000286102295,3.5950000286102295,3.590100049972534,3.5950000286102295,2530.0
2024-07-03 10:51:00,ACET,1.0499999523162842,1.0499999523162842,1.0549999475479126,1.0499999523162842,1.0549999475479126,980.0
2024-07-03 10:51:00,ACHC,66.17500305175781,66.17500305175781,66.22000122070312,66.17500305175781,66.17500305175781,1972.0
2024-07-03 10:51:00,ACHV,4.510000228881836,4.510000228881836,4.550000190734863,4.510000228881836,4.550000190734863,4193.0
2024-07-03 10:51:00,ACRS,1.1699999570846558,1.1699999570846558,1.1699999570846558,1.1699999570846558,1.1699999570846558,1274.0
2024-07-03 10:51:00,ADAP,1.024999976158142,1.024999976158142,1.0298999547958374,1.0199999809265137,1.0199999809265137,600.0
2024-07-03 10:51:00,ADPT,3.4049999713897705,3.4049999713897705,3.40939998626709,3.4049999713897705,3.40939998626709,250.0
2024-07-03 10:51:00,ADVM,7.054999828338623,7.054999828338623,7.054999828338623,7.054999828338623,7.054999828338623,188.0
2024-07-03 10:51:00,AKBA,0.9573000073432922,0.9573000073432922,0.9573000073432922,0.9573000073432922,0.9573000073432922,1650.0
2024-07-03 10:51:00,ALEC,4.480000019073486,4.480000019073486,4.489999771118164,4.480000019073486,4.489999771118164,465.0
2024-07-03 10:51:00,ALGN,238.5399932861328,238.5399932861328,238.75,238.36500549316406,238.66409301757812,3048.0
2024-07-03 10:51:00,ALGS,0.43709999322891235,0.43709999322891235,0.43709999322891235,0.43709999322891235,0.43709999322891235,0.0
2024-07-03 10:51:00,ALIM,5.525000095367432,5.525000095367432,5.525000095367432,5.525000095367432,5.525000095367432,1220.0
2024-07-03 10:51:00,ALKS,24.360000610351562,24.360000610351562,24.360000610351562,24.34000015258789,24.346900939941406,1845.0
2024-07-03 10:51:00,ALLK,0.8575000166893005,0.8575000166893005,0.8575000166893005,0.8551999926567078,0.8551999926567078,1244.0
2024-07-03 10:51:00,ALLR,0.20350000262260437,0.20350000262260437,0.20489999651908875,0.20350000262260437,0.20489999651908875,5141.0
2024-07-03 10:51:00,ALNY,246.47999572753906,246.47999572753906,246.47999572753906,245.8800048828125,246.1147003173828,4186.0
2024-07-03 10:51:00,ALT,6.735000133514404,6.735000133514404,6.739999771118164,6.730000019073486,6.735000133514404,2429.0
2024-07-03 10:51:00,ALVR,0.7350000143051147,0.7350000143051147,0.7350000143051147,0.7350000143051147,0.7350000143051147,1128.0
2024-07-03 10:51:00,ALXO,5.855000019073486,5.855000019073486,5.855000019073486,5.855000019073486,5.855000019073486,500.0
2024-07-03 10:51:00,AMGN,309.5350036621094,309.5350036621094,309.7200012207031,309.5350036621094,309.7200012207031,1392.0
2024-07-03 10:51:00,AMLX,1.75,1.75,1.7549999952316284,1.75,1.75,5034.0
2024-07-03 10:51:00,AMPH,38.40999984741211,38.40999984741211,38.45500183105469,38.40999984741211,38.45500183105469,3052.0
2024-07-03 10:51:00,AMRN,0.7135999798774719,0.7135999798774719,0.7135999798774719,0.7135999798774719,0.7135999798774719,2887.0
2024-07-03 10:51:00,ANAB,25.399999618530273,25.399999618530273,25.440000534057617,25.399999618530273,25.440000534057617,513.0
2024-07-03 10:51:00,ANGO,5.644999980926514,5.644999980926514,5.644999980926514,5.644999980926514,5.644999980926514,222.0
2024-07-03 10:51:00,ANNX,4.829999923706055,4.829999923706055,4.829999923706055,4.829999923706055,4.829999923706055,3010.0
2024-07-03 10:51:00,APLS,35.54999923706055,35.54999923706055,35.66999816894531,35.540000915527344,35.66999816894531,2687.0
2024-07-03 10:51:00,APLT,4.454999923706055,4.454999923706055,4.454999923706055,4.449999809265137,4.449999809265137,319.0
2024-07-03 10:51:00,ARCT,21.540000915527344,21.540000915527344,21.540000915527344,21.540000915527344,21.540000915527344,874.0
2024-07-03 10:51:00,ARDX,5.204999923706055,5.204999923706055,5.208899974822998,5.199999809265137,5.208899974822998,5779.0
2024-07-03 10:51:00,ARGX,434.489990234375,434.489990234375,434.6300048828125,434.489990234375,434.6300048828125,1063.0
2024-07-03 10:51:00,ARQT,9.585000038146973,9.585000038146973,9.600000381469727,9.585000038146973,9.600000381469727,1302.0
2024-07-03 10:51:00,ARWR,25.614999771118164,25.614999771118164,25.614999771118164,25.614999771118164,25.614999771118164,406.0
2024-07-03 10:51:00,ASND,135.0500030517578,135.0500030517578,135.19009399414062,135.0500030517578,135.19009399414062,972.0
2024-07-03 10:51:00,ASRT,1.340000033378601,1.340000033378601,1.340000033378601,1.3394999504089355,1.340000033378601,1202.0
2024-07-03 10:51:00,ATAI,1.2949999570846558,1.2949999570846558,1.2949999570846558,1.2901999950408936,1.2901999950408936,876.0
2024-07-03 10:51:00,ATEC,9.925000190734863,9.925000190734863,9.925000190734863,9.920000076293945,9.925000190734863,676.0
2024-07-03 10:51:00,AUGX,0.9973999857902527,0.9973999857902527,0.9973999857902527,0.9973999857902527,0.9973999857902527,0.0
2024-07-03 10:51:00,AUPH,5.494999885559082,5.494999885559082,5.494999885559082,5.489999771118164,5.489999771118164,935.0
2024-07-03 10:51:00,AURA,7.070000171661377,7.070000171661377,7.099999904632568,7.050000190734863,7.099999904632568,4135.0
2024-07-03 10:51:00,AUTL,3.494999885559082,3.494999885559082,3.494999885559082,3.494999885559082,3.494999885559082,133.0
2024-07-03 10:51:00,AVDL,14.350000381469727,14.350000381469727,14.359999656677246,14.350000381469727,14.359999656677246,303.0
2024-07-03 10:51:00,AVGR,1.840000033378601,1.840000033378601,1.840000033378601,1.840000033378601,1.840000033378601,200.0
2024-07-03 10:51:00,AVTE,1.6200000047683716,1.6200000047683716,1.6200000047683716,1.6200000047683716,1.6200000047683716,156.0
2024-07-03 10:51:00,AVXL,4.244999885559082,4.244999885559082,4.244999885559082,4.244999885559082,4.244999885559082,428.0
2024-07-03 10:51:00,AXGN,7.440000057220459,7.440000057220459,7.440000057220459,7.440000057220459,7.440000057220459,297.0
2024-07-03 10:51:00,AXSM,79.94999694824219,79.94999694824219,79.94999694824219,79.94999694824219,79.94999694824219,449.0
2024-07-03 10:51:00,AZN,76.8499984741211,76.8499984741211,76.87999725341797,76.8499984741211,76.86000061035156,5527.0
2024-07-03 10:51:00,AZTA,52.70000076293945,52.70000076293945,52.70000076293945,52.689998626708984,52.689998626708984,1070.0
2024-07-03 10:51:00,BBIO,25.389999389648438,25.389999389648438,25.389999389648438,25.3700008392334,25.3700008392334,773.0
2024-07-03 10:51:00,BCAB,1.3550000190734863,1.3550000190734863,1.3550000190734863,1.3550000190734863,1.3550000190734863,500.0
2024-07-03 10:51:00,BCRX,6.571000099182129,6.571000099182129,6.5792999267578125,6.571000099182129,6.574999809265137,2853.0
2024-07-03 10:51:00,BCTX,1.0099999904632568,1.0099999904632568,1.0099999904632568,1.0099999904632568,1.0099999904632568,300.0
2024-07-03 10:51:00,BCYC,19.809999465942383,19.809999465942383,19.809999465942383,19.809999465942383,19.809999465942383,204.0
2024-07-03 10:51:00,BDTX,4.235000133514404,4.235000133514404,4.235000133514404,4.207399845123291,4.210000038146973,10557.0
2024-07-03 10:51:00,BEAM,23.739999771118164,23.739999771118164,23.780000686645508,23.690000534057617,23.739999771118164,3837.0
2024-07-03 10:51:00,BEAT,2.799999952316284,2.799999952316284,2.799999952316284,2.799999952316284,2.799999952316284,284.0
2024-07-03 10:51:00,BGNE,147.02000427246094,147.02000427246094,147.1300048828125,147.02000427246094,147.02000427246094,860.0
2024-07-03 10:51:00,BIIB,224.9199981689453,224.9199981689453,224.9199981689453,224.9149932861328,224.9149932861328,405.0
2024-07-03 10:51:00,BIOR,0.623199999332428,0.623199999332428,0.623199999332428,0.623199999332428,0.623199999332428,522.0
2024-07-03 10:51:00,BJDX,0.6301000118255615,0.6301000118255615,0.6301000118255615,0.6299999952316284,0.6299999952316284,1503.0
2024-07-03 10:51:00,BLUE,0.9345999956130981,0.9345999956130981,0.9370999932289124,0.9345999956130981,0.9366000294685364,3569.0
2024-07-03 10:51:00,BMRN,81.23500061035156,81.23500061035156,81.23999786376953,81.1500015258789,81.16000366210938,4920.0
2024-07-03 10:51:00,BNGO,0.5690000057220459,0.5690000057220459,0.5690000057220459,0.5690000057220459,0.5690000057220459,0.0
2024-07-03 10:51:00,BNTX,80.62750244140625,80.62750244140625,80.68000030517578,80.62750244140625,80.6500015258789,514.0
2024-07-03 10:51:00,BRKR,61.595001220703125,61.595001220703125,61.619998931884766,61.55500030517578,61.56999969482422,662.0
2024-07-03 10:51:00,BTAI,1.100000023841858,1.100000023841858,1.100000023841858,1.100000023841858,1.100000023841858,1183.0
2024-07-03 10:51:00,BTMD,7.389999866485596,7.389999866485596,7.389999866485596,7.389999866485596,7.389999866485596,253.0
2024-07-03 10:51:00,BVS,6.03000020980835,6.03000020980835,6.03000020980835,6.03000020980835,6.03000020980835,372.0
2024-07-03 10:51:00,BYSI,2.4800000190734863,2.4800000190734863,2.5899999141693115,2.4800000190734863,2.5799999237060547,1119.0
2024-07-03 10:51:00,CABA,7.71999979019165,7.71999979019165,7.71999979019165,7.71999979019165,7.71999979019165,186.0
2024-07-03 10:51:00,CCCC,4.739999771118164,4.739999771118164,4.739999771118164,4.735000133514404,4.739999771118164,1303.0
2024-07-03 10:51:00,CDMO,7.610000133514404,7.610000133514404,7.65500020980835,7.610000133514404,7.65500020980835,13500.0
2024-07-03 10:51:00,CDNA,15.240099906921387,15.240099906921387,15.25,15.240099906921387,15.25,1062.0
2024-07-03 10:51:00,CERE,41.34000015258789,41.34000015258789,41.34000015258789,41.31999969482422,41.34000015258789,2964.0
2024-07-03 10:51:00,CERS,1.7350000143051147,1.7350000143051147,1.7350000143051147,1.7350000143051147,1.7350000143051147,228.0
2024-07-03 10:51:00,CERT,13.829999923706055,13.829999923706055,13.829999923706055,13.829999923706055,13.829999923706055,202.0
2024-07-03 10:51:00,CGC,6.789999961853027,6.789999961853027,6.789999961853027,6.769199848175049,6.769999980926514,10235.0
2024-07-03 10:51:00,CGEM,16.875,16.875,16.93000030517578,16.875,16.93000030517578,1015.0
2024-07-03 10:51:00,CGEN,1.6699999570846558,1.6699999570846558,1.6699999570846558,1.6651999950408936,1.6699999570846558,1900.0
2024-07-03 10:51:00,CGTX,1.7999999523162842,1.7999999523162842,1.7999999523162842,1.7999999523162842,1.7999999523162842,103.0
2024-07-03 10:51:00,CHRS,1.4049999713897705,1.4049999713897705,1.4049999713897705,1.399999976158142,1.399999976158142,1254.0
2024-07-03 10:51:00,CLDX,36.63999938964844,36.63999938964844,36.63999938964844,36.63999938964844,36.63999938964844,387.0
2024-07-03 10:51:00,CLPT,5.349999904632568,5.349999904632568,5.349999904632568,5.349999904632568,5.349999904632568,253.0
2024-07-03 10:51:00,CMPS,6.340000152587891,6.340000152587891,6.340000152587891,6.340000152587891,6.340000152587891,352.0
2024-07-03 10:51:00,CNSP,2.1201000213623047,2.1201000213623047,2.140000104904175,2.101799964904785,2.1050000190734863,36240.0
2024-07-03 10:51:00,CNTA,8.734999656677246,8.734999656677246,8.744999885559082,8.734999656677246,8.744999885559082,649.0
2024-07-03 10:51:00,CNTX,1.7899999618530273,1.7899999618530273,1.7899999618530273,1.7899999618530273,1.7899999618530273,175.0
2024-07-03 10:51:00,COGT,8.3100004196167,8.3100004196167,8.3100004196167,8.3100004196167,8.3100004196167,120.0
2024-07-03 10:51:00,CORT,30.649999618530273,30.649999618530273,30.649999618530273,30.639999389648438,30.639999389648438,1625.0
2024-07-03 10:51:00,COSM,0.949999988079071,0.949999988079071,0.958899974822998,0.949999988079071,0.949999988079071,824.0
2024-07-03 10:51:00,CRBU,1.5950000286102295,1.5950000286102295,1.5950000286102295,1.5850000381469727,1.590000033378601,6922.0
2024-07-03 10:51:00,CRDF,2.259999990463257,2.259999990463257,2.2750000953674316,2.255000114440918,2.2750000953674316,4589.0
2024-07-03 10:51:00,CRNX,45.2400016784668,45.2400016784668,45.2400016784668,45.2400016784668,45.2400016784668,109.0
2024-07-03 10:51:00,CRON,2.365000009536743,2.365000009536743,2.365000009536743,2.365000009536743,2.365000009536743,402.0
2024-07-03 10:51:00,CRSP,54.20000076293945,54.20000076293945,54.20000076293945,54.099998474121094,54.13999938964844,1674.0
2024-07-03 10:51:00,CSTL,21.350000381469727,21.350000381469727,21.350000381469727,21.31999969482422,21.31999969482422,2001.0
2024-07-03 10:51:00,CTKB,5.710000038146973,5.710000038146973,5.710000038146973,5.710000038146973,5.710000038146973,800.0
2024-07-03 10:51:00,CTMX,1.3250000476837158,1.3250000476837158,1.3300000429153442,1.3250000476837158,1.3300000429153442,10862.0
2024-07-03 10:51:00,CTXR,0.5138000249862671,0.5138000249862671,0.5138000249862671,0.5138000249862671,0.5138000249862671,400.0
2024-07-03 10:51:00,CUE,1.0199999809265137,1.0199999809265137,1.0362000465393066,1.0199999809265137,1.0362000465393066,1750.0
2024-07-03 10:51:00,CVAC,3.4000000953674316,3.4000000953674316,3.4100000858306885,3.4000000953674316,3.4000000953674316,37489.0
2024-07-03 10:51:00,CYTK,54.85499954223633,54.85499954223633,54.91999816894531,54.83409881591797,54.83409881591797,1157.0
2024-07-03 10:51:00,DCGO,2.934999942779541,2.934999942779541,2.934999942779541,2.934999942779541,2.934999942779541,216.0
2024-07-03 10:51:00,DCTH,7.88670015335083,7.88670015335083,7.88670015335083,7.88670015335083,7.88670015335083,659.0
2024-07-03 10:51:00,DNLI,21.690000534057617,21.690000534057617,21.690000534057617,21.690000534057617,21.690000534057617,463.0
2024-07-03 10:51:00,DSGN,3.234999895095825,3.234999895095825,3.234999895095825,3.234999895095825,3.234999895095825,129.0
2024-07-03 10:51:00,DVAX,11.120100021362305,11.120100021362305,11.120100021362305,11.120100021362305,11.120100021362305,278.0
2024-07-03 10:51:00,DXCM,110.08999633789062,110.08999633789062,110.08999633789062,110.05000305175781,110.05000305175781,2409.0
2024-07-03 10:51:00,DYN,34.529998779296875,34.529998779296875,34.529998779296875,34.474998474121094,34.474998474121094,501.0
2024-07-03 10:51:00,EDIT,4.679999828338623,4.679999828338623,4.679999828338623,4.664999961853027,4.667500019073486,2839.0
2024-07-03 10:51:00,EGRX,5.264999866485596,5.264999866485596,5.269999980926514,5.260000228881836,5.269999980926514,1214.0
2024-07-03 10:51:00,ELEV,2.680000066757202,2.680000066757202,2.680000066757202,2.680000066757202,2.680000066757202,184.0
2024-07-03 10:51:00,EMBC,12.039999961853027,12.039999961853027,12.039999961853027,12.039999961853027,12.039999961853027,211.0
2024-07-03 10:51:00,ENSG,125.80000305175781,125.80000305175781,125.83999633789062,125.80000305175781,125.83999633789062,2911.0
2024-07-03 10:51:00,ENVB,0.5098999738693237,0.5098999738693237,0.5098999738693237,0.5098999738693237,0.5098999738693237,241.0
2024-07-03 10:51:00,EOLS,10.869999885559082,10.869999885559082,10.880000114440918,10.869999885559082,10.880000114440918,211.0
2024-07-03 10:51:00,EQ,0.6748999953269958,0.6748999953269958,0.6748999953269958,0.6748999953269958,0.6748999953269958,375.0
2024-07-03 10:51:00,ERAS,2.259999990463257,2.259999990463257,2.259999990463257,2.255000114440918,2.259999990463257,1448.0
2024-07-03 10:51:00,ESPR,2.380000114440918,2.380000114440918,2.380000114440918,2.380000114440918,2.380000114440918,937.0
2024-07-03 10:51:00,ESTA,43.709999084472656,43.709999084472656,43.709999084472656,43.58000183105469,43.58000183105469,1403.0
2024-07-03 10:51:00,ETNB,7.659999847412109,7.659999847412109,7.659999847412109,7.659999847412109,7.659999847412109,494.0
2024-07-03 10:51:00,EVO,5.079999923706055,5.079999923706055,5.079999923706055,5.0609002113342285,5.079999923706055,3572.0
2024-07-03 10:51:00,EXAS,43.220001220703125,43.220001220703125,43.2599983215332,43.20500183105469,43.209999084472656,2398.0
2024-07-03 10:51:00,EXEL,21.979999542236328,21.979999542236328,21.979999542236328,21.979999542236328,21.979999542236328,446.0
2024-07-03 10:51:00,EYEN,0.7876999974250793,0.7876999974250793,0.7876999974250793,0.7876999974250793,0.7876999974250793,258.0
2024-07-03 10:51:00,FATE,3.240000009536743,3.240000009536743,3.240000009536743,3.240000009536743,3.240000009536743,538.0
2024-07-03 10:51:00,FDMT,21.110000610351562,21.110000610351562,21.110000610351562,21.110000610351562,21.110000610351562,168.0
2024-07-03 10:51:00,FGEN,0.7138000130653381,0.7138000130653381,0.7138000130653381,0.713699996471405,0.713699996471405,2806.0
2024-07-03 10:51:00,FLGC,0.9419999718666077,0.9419999718666077,0.9419999718666077,0.9419999718666077,0.9419999718666077,1300.0
2024-07-03 10:51:00,FOLD,9.899999618530273,9.899999618530273,9.899999618530273,9.899999618530273,9.899999618530273,1788.0
2024-07-03 10:51:00,FULC,6.15500020980835,6.15500020980835,6.15500020980835,6.15500020980835,6.15500020980835,991.0
2024-07-03 10:51:00,GALT,2.190000057220459,2.190000057220459,2.190000057220459,2.190000057220459,2.190000057220459,5108.0
2024-07-03 10:51:00,GBIO,2.390000104904175,2.390000104904175,2.390000104904175,2.390000104904175,2.390000104904175,363.0
2024-07-03 10:51:00,GERN,4.364999771118164,4.364999771118164,4.369900226593018,4.364999771118164,4.364999771118164,4338.0
2024-07-03 10:51:00,GH,28.450000762939453,28.450000762939453,28.469999313354492,28.450000762939453,28.469999313354492,1277.0
2024-07-03 10:51:00,GILD,66.83999633789062,66.83999633789062,66.87999725341797,66.83999633789062,66.86000061035156,18370.0
2024-07-03 10:51:00,GLSI,16.610000610351562,16.610000610351562,16.610000610351562,16.610000610351562,16.610000610351562,14.0
2024-07-03 10:51:00,GLTO,0.5099999904632568,0.5099999904632568,0.5099999904632568,0.5099999904632568,0.5099999904632568,8263.0
2024-07-03 10:51:00,GLYC,0.27149999141693115,0.27149999141693115,0.27300000190734863,0.26989999413490295,0.26989999413490295,549.0
2024-07-03 10:51:00,GMAB,25.229999542236328,25.229999542236328,25.229999542236328,25.229999542236328,25.229999542236328,208.0
2024-07-03 10:51:00,GOSS,0.9459999799728394,0.9459999799728394,0.9459999799728394,0.9459999799728394,0.9459999799728394,1023.0
2024-07-03 10:51:00,GRTS,0.6069999933242798,0.6069999933242798,0.6069999933242798,0.6039999723434448,0.6069999933242798,27256.0
2024-07-03 10:51:00,GTHX,2.505000114440918,2.505000114440918,2.505000114440918,2.5,2.5,476.0
2024-07-03 10:51:00,HALO,51.625,51.625,51.63999938964844,51.540000915527344,51.58000183105469,2620.0
2024-07-03 10:51:00,HBIO,2.7657999992370605,2.7657999992370605,2.7657999992370605,2.7657999992370605,2.7657999992370605,1072.0
2024-07-03 10:51:00,HCSG,10.5600004196167,10.5600004196167,10.569999694824219,10.5600004196167,10.5600004196167,3404.0
2024-07-03 10:51:00,HCWB,0.6200000047683716,0.6200000047683716,0.6200000047683716,0.6200000047683716,0.6200000047683716,0.0
2024-07-03 10:51:00,HITI,2.125,2.125,2.125,2.125,2.125,1506.0
2024-07-03 10:51:00,HOLX,73.3499984741211,73.3499984741211,73.3499984741211,73.28500366210938,73.28500366210938,5212.0
2024-07-03 10:51:00,HOWL,2.170099973678589,2.170099973678589,2.170099973678589,2.170099973678589,2.170099973678589,322.0
2024-07-03 10:51:00,HQY,83.2300033569336,83.2300033569336,83.23500061035156,83.2300033569336,83.2300033569336,209.0
2024-07-03 10:51:00,HRTX,2.815000057220459,2.815000057220459,2.815000057220459,2.809999942779541,2.809999942779541,692.0
2024-07-03 10:51:00,HSIC,65.45999908447266,65.45999908447266,65.45999908447266,65.40699768066406,65.41000366210938,4230.0
2024-07-03 10:51:00,HUMA,5.570000171661377,5.570000171661377,5.585000038146973,5.570000171661377,5.579999923706055,2687.0
2024-07-03 10:51:00,IART,28.959999084472656,28.959999084472656,28.959999084472656,28.93000030517578,28.93000030517578,846.0
2024-07-03 10:51:00,IBRX,6.275000095367432,6.275000095367432,6.28000020980835,6.275000095367432,6.28000020980835,1833.0
2024-07-03 10:51:00,IDXX,474.7349853515625,474.7349853515625,474.7349853515625,474.7349853515625,474.7349853515625,126.0
2024-07-03 10:51:00,IKNA,1.6299999952316284,1.6299999952316284,1.649999976158142,1.6299999952316284,1.6399999856948853,884.0
2024-07-03 10:51:00,ILMN,104.80000305175781,104.80000305175781,104.80000305175781,104.7249984741211,104.7249984741211,932.0
2024-07-03 10:51:00,IMCC,0.46000000834465027,0.46000000834465027,0.46000000834465027,0.46000000834465027,0.46000000834465027,1719.0
2024-07-03 10:51:00,IMMP,1.9500000476837158,1.9500000476837158,1.9500000476837158,1.9500000476837158,1.9500000476837158,282.0
2024-07-03 10:51:00,IMNM,11.949999809265137,11.949999809265137,11.970000267028809,11.949999809265137,11.960000038146973,659.0
2024-07-03 10:51:00,IMUX,1.1399999856948853,1.1399999856948853,1.1399999856948853,1.1399999856948853,1.1399999856948853,2001.0
2024-07-03 10:51:00,IMVT,26.809999465942383,26.809999465942383,26.809999465942383,26.78499984741211,26.78499984741211,1452.0
2024-07-03 10:51:00,INAB,0.7932000160217285,0.7932000160217285,0.7932000160217285,0.7932000160217285,0.7932000160217285,220.0
2024-07-03 10:51:00,INCY,57.810001373291016,57.810001373291016,57.81999969482422,57.790000915527344,57.81999969482422,2628.0
2024-07-03 10:51:00,INGN,7.875,7.875,7.875,7.849999904632568,7.849999904632568,1733.0
2024-07-03 10:51:00,INO,8.470000267028809,8.470000267028809,8.470000267028809,8.470000267028809,8.470000267028809,253.0
2024-07-03 10:51:00,INSM,62.88999938964844,62.88999938964844,63.06779861450195,62.88999938964844,63.06779861450195,14328.0
2024-07-03 10:51:00,IONM,0.32600000500679016,0.32600000500679016,0.32600000500679016,0.3244999945163727,0.325300008058548,6746.0
2024-07-03 10:51:00,IONS,44.61000061035156,44.61000061035156,44.61000061035156,44.599998474121094,44.599998474121094,1034.0
2024-07-03 10:51:00,IOVA,7.684999942779541,7.684999942779541,7.695000171661377,7.670000076293945,7.675000190734863,88007.0
2024-07-03 10:51:00,IPSC,2.255000114440918,2.255000114440918,2.255000114440918,2.255000114440918,2.255000114440918,215.0
2024-07-03 10:51:00,IRWD,6.175000190734863,6.175000190734863,6.179999828338623,6.170000076293945,6.170000076293945,1102.0
2024-07-03 10:51:00,ISRG,433.9100036621094,433.9100036621094,434.42999267578125,433.8699951171875,434.42999267578125,2575.0
2024-07-03 10:51:00,ITCI,67.9800033569336,67.9800033569336,67.9800033569336,67.9800033569336,67.9800033569336,566.0
2024-07-03 10:51:00,IVVD,1.1167000532150269,1.1167000532150269,1.1167000532150269,1.1167000532150269,1.1167000532150269,259.0
2024-07-03 10:51:00,JAZZ,104.88999938964844,104.88999938964844,104.88999938964844,104.88999938964844,104.88999938964844,816.0
2024-07-03 10:51:00,JSPR,23.415000915527344,23.415000915527344,23.6299991607666,23.415000915527344,23.530000686645508,2080.0
2024-07-03 10:51:00,KMDA,5.179999828338623,5.179999828338623,5.179999828338623,5.179999828338623,5.179999828338623,200.0
2024-07-03 10:51:00,KPTI,0.8339999914169312,0.8339999914169312,0.8371999859809875,0.8339999914169312,0.8371999859809875,300.0
2024-07-03 10:51:00,KROS,42.439998626708984,42.439998626708984,42.439998626708984,42.439998626708984,42.439998626708984,240.0
2024-07-03 10:51:00,KTRA,0.2833000123500824,0.2833000123500824,0.2833000123500824,0.2831000089645386,0.2833000123500824,16075.0
2024-07-03 10:51:00,KYMR,30.6200008392334,30.6200008392334,30.6200008392334,30.6200008392334,30.6200008392334,323.0
2024-07-03 10:51:00,KZR,0.5781999826431274,0.5781999826431274,0.5781999826431274,0.5781999826431274,0.5781999826431274,23.0
2024-07-03 10:51:00,LAB,1.7899999618530273,1.7899999618530273,1.7899999618530273,1.7899999618530273,1.7899999618530273,136.0
2024-07-03 10:51:00,LEGN,45.77000045776367,45.77000045776367,45.91999816894531,45.77000045776367,45.91999816894531,1862.0
2024-07-03 10:51:00,LFMD,6.760000228881836,6.760000228881836,6.760000228881836,6.760000228881836,6.760000228881836,460.0
2024-07-03 10:51:00,LGVN,1.6200000047683716,1.6200000047683716,1.6200000047683716,1.6196999549865723,1.6200000047683716,16856.0
2024-07-03 10:51:00,LNTH,79.28500366210938,79.28500366210938,79.28500366210938,79.11000061035156,79.25499725341797,2132.0
2024-07-03 10:51:00,LRMR,7.670000076293945,7.670000076293945,7.670000076293945,7.670000076293945,7.670000076293945,106.0
2024-07-03 10:51:00,LUCD,0.7634999752044678,0.7634999752044678,0.7634999752044678,0.7634999752044678,0.7634999752044678,753.0
2024-07-03 10:51:00,LUCY,0.4634999930858612,0.4634999930858612,0.47119998931884766,0.4634999930858612,0.47119998931884766,18314.0
2024-07-03 10:51:00,LUNG,6.269999980926514,6.269999980926514,6.269999980926514,6.210000038146973,6.210000038146973,2477.0
2024-07-03 10:51:00,LXRX,1.6050000190734863,1.6050000190734863,1.6098999977111816,1.6050000190734863,1.6097999811172485,6946.0
2024-07-03 10:51:00,LYEL,1.4494999647140503,1.4494999647140503,1.4494999647140503,1.4494999647140503,1.4494999647140503,257.0
2024-07-03 10:51:00,MBIO,0.5187000036239624,0.5187000036239624,0.5187000036239624,0.5187000036239624,0.5187000036239624,0.0
2024-07-03 10:51:00,MBOT,1.059999942779541,1.059999942779541,1.0699000358581543,1.0399999618530273,1.0699000358581543,51885.0
2024-07-03 10:51:00,MCRB,0.7197999954223633,0.7197999954223633,0.7197999954223633,0.7182999849319458,0.7182999849319458,2660.0
2024-07-03 10:51:00,MDWD,15.020000457763672,15.020000457763672,15.020000457763672,15.020000457763672,15.020000457763672,2267.0
2024-07-03 10:51:00,MDXG,6.775000095367432,6.775000095367432,6.775000095367432,6.775000095367432,6.775000095367432,1110.0
2024-07-03 10:51:00,MDXH,2.2899999618530273,2.2899999618530273,2.299999952316284,2.2899999618530273,2.299999952316284,500.0
2024-07-03 10:51:00,ME,0.400299996137619,0.400299996137619,0.400299996137619,0.400299996137619,0.400299996137619,1275.0
2024-07-03 10:51:00,MEDP,406.05999755859375,406.05999755859375,406.07000732421875,406.05999755859375,406.07000732421875,1410.0
2024-07-03 10:51:00,MGNX,4.264999866485596,4.264999866485596,4.264999866485596,4.264999866485596,4.264999866485596,1495.0
2024-07-03 10:51:00,MIRM,33.59000015258789,33.59000015258789,33.665000915527344,33.59000015258789,33.665000915527344,472.0
2024-07-03 10:51:00,MMSI,85.8949966430664,85.8949966430664,85.8949966430664,85.8949966430664,85.8949966430664,796.0
2024-07-03 10:51:00,MNKD,5.105000019073486,5.105000019073486,5.105100154876709,5.105000019073486,5.105000019073486,1733.0
2024-07-03 10:51:00,MNMD,7.244999885559082,7.244999885559082,7.244999885559082,7.235000133514404,7.235000133514404,2462.0
2024-07-03 10:51:00,MODV,28.239999771118164,28.239999771118164,28.239999771118164,28.239999771118164,28.239999771118164,205.0
2024-07-03 10:51:00,MORF,31.864999771118164,31.864999771118164,31.864999771118164,31.864999771118164,31.864999771118164,113.0
2024-07-03 10:51:00,MREO,3.5199999809265137,3.5199999809265137,3.5199999809265137,3.5199999809265137,3.5199999809265137,119.0
2024-07-03 10:51:00,MRNA,117.05000305175781,117.05000305175781,117.11000061035156,117.0,117.02999877929688,5305.0
2024-07-03 10:51:00,MRNS,1.2050000429153442,1.2050000429153442,1.2050000429153442,1.2050000429153442,1.2050000429153442,323.0
2024-07-03 10:51:00,MRUS,52.90999984741211,52.90999984741211,53.064998626708984,52.90999984741211,52.95000076293945,11797.0
2024-07-03 10:51:00,MRVI,6.789999961853027,6.789999961853027,6.795000076293945,6.769999980926514,6.795000076293945,49984.0
2024-07-03 10:51:00,MXCT,3.7149999141693115,3.7149999141693115,3.7149999141693115,3.7149999141693115,3.7149999141693115,300.0
2024-07-03 10:51:00,MYGN,25.34000015258789,25.34000015258789,25.389999389648438,25.299999237060547,25.389999389648438,2290.0
2024-07-03 10:51:00,NARI,49.459999084472656,49.459999084472656,49.459999084472656,49.459999084472656,49.459999084472656,692.0
2024-07-03 10:51:00,NEO,13.680000305175781,13.680000305175781,13.680000305175781,13.680000305175781,13.680000305175781,663.0
2024-07-03 10:51:00,NEOG,15.239999771118164,15.239999771118164,15.239999771118164,15.21500015258789,15.21500015258789,1617.0
2024-07-03 10:51:00,NKTR,1.25,1.25,1.25,1.2450000047683716,1.2450000047683716,1850.0
2024-07-03 10:51:00,NKTX,5.440000057220459,5.440000057220459,5.46999979019165,5.440000057220459,5.46999979019165,1595.0
2024-07-03 10:51:00,NRIX,19.639999389648438,19.639999389648438,19.65999984741211,19.639999389648438,19.65999984741211,1255.0
2024-07-03 10:51:00,NTLA,22.760000228881836,22.760000228881836,22.760000228881836,22.709999084472656,22.719999313354492,1432.0
2024-07-03 10:51:00,NTRA,111.82250213623047,111.82250213623047,111.8949966430664,111.82250213623047,111.8949966430664,889.0
2024-07-03 10:51:00,NUTX,5.389999866485596,5.389999866485596,5.400000095367432,5.389999866485596,5.400000095367432,321.0
2024-07-03 10:51:00,NUVL,72.04499816894531,72.04499816894531,72.05500030517578,71.95999908447266,72.04000091552734,707.0
2024-07-03 10:51:00,NUWE,4.010900020599365,4.010900020599365,4.090000152587891,4.010900020599365,4.059999942779541,7635.0
2024-07-03 10:51:00,NVAX,12.729999542236328,12.729999542236328,12.774999618530273,12.729999542236328,12.760000228881836,20780.0
2024-07-03 10:51:00,NVCR,16.770000457763672,16.770000457763672,16.770000457763672,16.770000457763672,16.770000457763672,1438.0
2024-07-03 10:51:00,NVNO,5.050000190734863,5.050000190734863,5.050000190734863,5.050000190734863,5.050000190734863,201.0
2024-07-03 10:51:00,NVOS,0.7789999842643738,0.7789999842643738,0.7789999842643738,0.7789999842643738,0.7789999842643738,1846.0
2024-07-03 10:51:00,NXL,1.3899999856948853,1.3899999856948853,1.3899999856948853,1.3899999856948853,1.3899999856948853,1906.0
2024-07-03 10:51:00,OCGN,1.649999976158142,1.649999976158142,1.6549999713897705,1.649999976158142,1.6549999713897705,10989.0
2024-07-03 10:51:00,OGI,1.6100000143051147,1.6100000143051147,1.6100000143051147,1.6100000143051147,1.6100000143051147,450.0
2024-07-03 10:51:00,OLK,25.780000686645508,25.780000686645508,25.78499984741211,25.780000686645508,25.78499984741211,2090.0
2024-07-03 10:51:00,ONVO,0.769599974155426,0.769599974155426,0.7774999737739563,0.7695000171661377,0.7695000171661377,2255.0
2024-07-03 10:52:00,ABCL,2.744999885559082,2.744999885559082,2.744999885559082,2.744999885559082,2.744999885559082,501.0
2024-07-03 10:52:00,ABEO,4.300000190734863,4.300000190734863,4.300000190734863,4.300000190734863,4.300000190734863,2575.0
2024-07-03 10:52:00,ABIO,3.609999895095825,3.609999895095825,3.6122000217437744,3.609999895095825,3.6122000217437744,2550.0
2024-07-03 10:52:00,ABSI,3.2249999046325684,3.2249999046325684,3.2300000190734863,3.2249999046325684,3.2298998832702637,836.0
2024-07-03 10:52:00,ABUS,3.1600000858306885,3.1600000858306885,3.1649999618530273,3.1500000953674316,3.1649999618530273,7414.0
2024-07-03 10:52:00,ACAD,15.643099784851074,15.643099784851074,15.670000076293945,15.643099784851074,15.670000076293945,4433.0
2024-07-03 10:52:00,ACB,4.985000133514404,4.985000133514404,4.989999771118164,4.96999979019165,4.989999771118164,5953.0
2024-07-03 10:52:00,ACCD,3.5950000286102295,3.5950000286102295,3.5950000286102295,3.5950000286102295,3.5950000286102295,1573.0
2024-07-03 10:52:00,ACET,1.059999942779541,1.059999942779541,1.059999942779541,1.0549999475479126,1.0549999475479126,588.0
2024-07-03 10:52:00,ACHC,66.16500091552734,66.16500091552734,66.16500091552734,66.16500091552734,66.16500091552734,263.0
2024-07-03 10:52:00,ACLX,53.9900016784668,53.9900016784668,53.9900016784668,53.9900016784668,53.9900016784668,1053.0
2024-07-03 10:52:00,ACRS,1.1699999570846558,1.1699999570846558,1.1699999570846558,1.1699999570846558,1.1699999570846558,836.0
2024-07-03 10:52:00,ADAP,1.024999976158142,1.024999976158142,1.024999976158142,1.024999976158142,1.024999976158142,500.0
2024-07-03 10:52:00,ADMA,11.350000381469727,11.350000381469727,11.359999656677246,11.350000381469727,11.359999656677246,2316.0
2024-07-03 10:52:00,ADPT,3.4049999713897705,3.4049999713897705,3.4049999713897705,3.4049999713897705,3.4049999713897705,201.0
2024-07-03 10:52:00,ADUS,116.93000030517578,116.93000030517578,116.93000030517578,116.93000030517578,116.93000030517578,1896.0
2024-07-03 10:52:00,ADVM,7.03000020980835,7.03000020980835,7.03000020980835,7.03000020980835,7.03000020980835,495.0
2024-07-03 10:52:00,AGIO,41.869998931884766,41.869998931884766,41.869998931884766,41.869998931884766,41.869998931884766,1435.0
2024-07-03 10:52:00,AHCO,9.800000190734863,9.800000190734863,9.800000190734863,9.800000190734863,9.800000190734863,1230.0
2024-07-03 10:52:00,AKBA,0.9549999833106995,0.9549999833106995,0.9573000073432922,0.9503999948501587,0.9573000073432922,12118.0
2024-07-03 10:52:00,AKRO,22.114999771118164,22.114999771118164,22.114999771118164,22.114999771118164,22.114999771118164,288.0
2024-07-03 10:52:00,AKYA,2.1600000858306885,2.1600000858306885,2.1600000858306885,2.1600000858306885,2.1600000858306885,243.0
2024-07-03 10:52:00,ALEC,4.46999979019165,4.46999979019165,4.480000019073486,4.46999979019165,4.480000019073486,1167.0
2024-07-03 10:52:00,ALGN,239.02000427246094,239.02000427246094,239.25999450683594,238.64999389648438,238.64999389648438,4526.0
2024-07-03 10:52:00,ALGS,0.4390000104904175,0.4390000104904175,0.4390000104904175,0.4345000088214874,0.4350000023841858,21685.0
2024-07-03 10:52:00,ALHC,8.029999732971191,8.029999732971191,8.029999732971191,8.020000457763672,8.020000457763672,1961.0
2024-07-03 10:52:00,ALIM,5.521999835968018,5.521999835968018,5.521999835968018,5.521999835968018,5.521999835968018,400.0
2024-07-03 10:52:00,ALKS,24.290000915527344,24.290000915527344,24.350000381469727,24.290000915527344,24.350000381469727,5500.0
2024-07-03 10:52:00,ALLO,2.125,2.125,2.130000114440918,2.125,2.130000114440918,3476.0
2024-07-03 10:52:00,ALLR,0.20350000262260437,0.20350000262260437,0.20419999957084656,0.20350000262260437,0.20419999957084656,999.0
2024-07-03 10:52:00,ALNY,246.1999969482422,246.1999969482422,246.49000549316406,246.1999969482422,246.49000549316406,2385.0
2024-07-03 10:52:00,ALT,6.630000114440918,6.630000114440918,6.731599807739258,6.611199855804443,6.730999946594238,117422.0
2024-07-03 10:52:00,ALVR,0.7354000210762024,0.7354000210762024,0.7354000210762024,0.7354000210762024,0.7354000210762024,1992.0
2024-07-03 10:52:00,ALXO,5.860000133514404,5.860000133514404,5.860000133514404,5.860000133514404,5.860000133514404,210.0
2024-07-03 10:52:00,AMGN,309.32000732421875,309.32000732421875,309.4599914550781,309.32000732421875,309.3699951171875,960.0
2024-07-03 10:52:00,AMLX,1.7549999952316284,1.7549999952316284,1.7599999904632568,1.75,1.75,1881.0
2024-07-03 10:52:00,AMPH,38.35499954223633,38.35499954223633,38.3650016784668,38.349998474121094,38.3650016784668,616.0
2024-07-03 10:52:00,ANAB,25.375,25.375,25.399999618530273,25.375,25.399999618530273,971.0
2024-07-03 10:52:00,ANNX,4.820000171661377,4.820000171661377,4.840000152587891,4.800000190734863,4.829999923706055,7550.0
2024-07-03 10:52:00,ANTX,2.490000009536743,2.490000009536743,2.490000009536743,2.4500999450683594,2.4700000286102295,1965.0
2024-07-03 10:52:00,APDN,0.4449999928474426,0.4449999928474426,0.4453999996185303,0.4449000060558319,0.4453999996185303,14000.0
2024-07-03 10:52:00,APLS,35.400001525878906,35.400001525878906,35.470001220703125,35.369998931884766,35.470001220703125,1855.0
2024-07-03 10:52:00,APLT,4.440000057220459,4.440000057220459,4.449999809265137,4.429999828338623,4.449999809265137,1313.0
2024-07-03 10:52:00,APVO,0.3050000071525574,0.3050000071525574,0.3050000071525574,0.3050000071525574,0.3050000071525574,707.0
2024-07-03 10:52:00,AQST,2.4100000858306885,2.4100000858306885,2.419800043106079,2.4100000858306885,2.4149999618530273,2901.0
2024-07-03 10:52:00,ARAY,1.7649999856948853,1.7649999856948853,1.7649999856948853,1.7649999856948853,1.7649999856948853,818.0
2024-07-03 10:52:00,ARCT,21.450000762939453,21.450000762939453,21.600000381469727,21.450000762939453,21.53499984741211,1117.0
2024-07-03 10:52:00,ARDX,5.209199905395508,5.209199905395508,5.20989990234375,5.195000171661377,5.199999809265137,30161.0
2024-07-03 10:52:00,ARQT,9.529999732971191,9.529999732971191,9.585000038146973,9.520000457763672,9.585000038146973,6513.0
2024-07-03 10:52:00,ARVN,24.489999771118164,24.489999771118164,24.489999771118164,24.489999771118164,24.489999771118164,1913.0
2024-07-03 10:52:00,ARWR,25.614999771118164,25.614999771118164,25.6200008392334,25.614999771118164,25.6200008392334,358.0
2024-07-03 10:52:00,ASND,135.69000244140625,135.69000244140625,135.6999969482422,135.13670349121094,135.35000610351562,3247.0
2024-07-03 10:52:00,ASRT,1.3450000286102295,1.3450000286102295,1.350000023841858,1.340000033378601,1.340000033378601,2889.0
2024-07-03 10:52:00,ATAI,1.2949999570846558,1.2949999570846558,1.2949999570846558,1.2899999618530273,1.2899999618530273,3003.0
2024-07-03 10:52:00,ATEC,9.9350004196167,9.9350004196167,9.9399995803833,9.925000190734863,9.930000305175781,1457.0
2024-07-03 10:52:00,ATOS,1.1649999618530273,1.1649999618530273,1.1649999618530273,1.159999966621399,1.159999966621399,700.0
2024-07-03 10:52:00,ATRA,7.71999979019165,7.71999979019165,7.71999979019165,7.715000152587891,7.715000152587891,1639.0
2024-07-03 10:52:00,ATRC,22.219999313354492,22.219999313354492,22.219999313354492,22.219999313354492,22.219999313354492,350.0
2024-07-03 10:52:00,ATXS,9.020000457763672,9.020000457763672,9.020000457763672,9.020000457763672,9.020000457763672,1038.0
2024-07-03 10:52:00,AUPH,5.489999771118164,5.489999771118164,5.489999771118164,5.4899001121521,5.489999771118164,3728.0
2024-07-03 10:52:00,AUTL,3.5,3.5,3.5,3.484999895095825,3.490000009536743,3807.0
2024-07-03 10:52:00,AVDL,14.329999923706055,14.329999923706055,14.390000343322754,14.329999923706055,14.350000381469727,5843.0
2024-07-03 10:52:00,AVGR,1.8200000524520874,1.8200000524520874,1.8200000524520874,1.8200000524520874,1.8200000524520874,9.0
2024-07-03 10:52:00,AVIR,3.315000057220459,3.315000057220459,3.315000057220459,3.309999942779541,3.309999942779541,1775.0
2024-07-03 10:52:00,AVTE,1.6200000047683716,1.6200000047683716,1.6200000047683716,1.6200000047683716,1.6200000047683716,1666.0
2024-07-03 10:52:00,AVXL,4.244999885559082,4.244999885559082,4.244999885559082,4.244999885559082,4.244999885559082,153.0
2024-07-03 10:52:00,AXGN,7.420000076293945,7.420000076293945,7.420000076293945,7.420000076293945,7.420000076293945,1130.0
2024-07-03 10:52:00,AXNX,67.55000305175781,67.55000305175781,67.55000305175781,67.55000305175781,67.55000305175781,381.0
2024-07-03 10:52:00,AXSM,79.93000030517578,79.93000030517578,79.94999694824219,79.88999938964844,79.94999694824219,3234.0
2024-07-03 10:52:00,AZN,76.80500030517578,76.80500030517578,76.86000061035156,76.80500030517578,76.84500122070312,11676.0
2024-07-03 10:52:00,AZTA,52.63999938964844,52.63999938964844,52.63999938964844,52.63999938964844,52.63999938964844,740.0
2024-07-03 10:52:00,BBIO,25.34000015258789,25.34000015258789,25.389999389648438,25.34000015258789,25.389999389648438,2061.0
2024-07-03 10:52:00,BCAB,1.3550000190734863,1.3550000190734863,1.3550000190734863,1.3550000190734863,1.3550000190734863,741.0
2024-07-03 10:52:00,BCRX,6.550000190734863,6.550000190734863,6.579899787902832,6.550000190734863,6.570000171661377,15700.0
2024-07-03 10:52:00,BCYC,19.670000076293945,19.670000076293945,19.75,19.670000076293945,19.75,1181.0
2024-07-03 10:52:00,BDTX,4.230000019073486,4.230000019073486,4.230000019073486,4.21999979019165,4.21999979019165,2534.0
2024-07-03 10:52:00,BEAM,23.760000228881836,23.760000228881836,23.760000228881836,23.75,23.75,2723.0
2024-07-03 10:52:00,BIIB,224.33999633789062,224.33999633789062,224.9149932861328,224.33999633789062,224.9149932861328,959.0
2024-07-03 10:52:00,BJDX,0.6305000185966492,0.6305000185966492,0.6305000185966492,0.6305000185966492,0.6305000185966492,800.0
2024-07-03 10:52:00,BLFS,19.8700008392334,19.8700008392334,19.8700008392334,19.8700008392334,19.8700008392334,1754.0
2024-07-03 10:52:00,BLUE,0.9279000163078308,0.9279000163078308,0.9355999827384949,0.9279000163078308,0.9345999956130981,6786.0
2024-07-03 10:52:00,BMEA,4.420000076293945,4.420000076293945,4.420000076293945,4.420000076293945,4.420000076293945,938.0
2024-07-03 10:52:00,BMRN,81.2699966430664,81.2699966430664,81.2699966430664,81.2699966430664,81.2699966430664,398.0
2024-07-03 10:52:00,BNTX,80.5999984741211,80.5999984741211,80.6449966430664,80.58000183105469,80.6449966430664,1874.0
2024-07-03 10:52:00,BPMC,110.63500213623047,110.63500213623047,110.9000015258789,110.63500213623047,110.9000015258789,6063.0
2024-07-03 10:52:00,BRKR,61.54999923706055,61.54999923706055,61.54999923706055,61.54999923706055,61.54999923706055,264.0
2024-07-03 10:52:00,BTAI,1.100000023841858,1.100000023841858,1.100000023841858,1.100000023841858,1.100000023841858,817.0
2024-07-03 10:52:00,CABA,7.699999809265137,7.699999809265137,7.699999809265137,7.690000057220459,7.690000057220459,3470.0
2024-07-03 10:52:00,CARA,0.2897999882698059,0.2897999882698059,0.2897999882698059,0.2897999882698059,0.2897999882698059,201.0
2024-07-03 10:52:00,CCCC,4.71999979019165,4.71999979019165,4.739999771118164,4.71999979019165,4.739999771118164,4857.0
2024-07-03 10:52:00,CCRN,13.760000228881836,13.760000228881836,13.760000228881836,13.760000228881836,13.760000228881836,440.0
2024-07-03 10:52:00,CDMO,7.579999923706055,7.579999923706055,7.599999904632568,7.579999923706055,7.599999904632568,1316.0
2024-07-03 10:52:00,CDNA,15.239999771118164,15.239999771118164,15.239999771118164,15.239999771118164,15.239999771118164,392.0
2024-07-03 10:52:00,CDXS,2.9100000858306885,2.9100000858306885,2.9100000858306885,2.9100000858306885,2.9100000858306885,1543.0
2024-07-03 10:52:00,CERE,41.33000183105469,41.33000183105469,41.33000183105469,41.310001373291016,41.310001373291016,1204.0
2024-07-03 10:52:00,CERS,1.7300000190734863,1.7300000190734863,1.7300000190734863,1.7300000190734863,1.7300000190734863,969.0
2024-07-03 10:52:00,CERT,13.84000015258789,13.84000015258789,13.84000015258789,13.84000015258789,13.84000015258789,337.0
2024-07-03 10:52:00,CGC,6.800000190734863,6.800000190734863,6.820000171661377,6.789999961853027,6.797900199890137,38048.0
2024-07-03 10:52:00,CGEM,16.815000534057617,16.815000534057617,16.815000534057617,16.79450035095215,16.79450035095215,2796.0
2024-07-03 10:52:00,CGEN,1.6749999523162842,1.6749999523162842,1.6749999523162842,1.6749999523162842,1.6749999523162842,101.0
2024-07-03 10:52:00,CGTX,1.7999999523162842,1.7999999523162842,1.7999999523162842,1.7999999523162842,1.7999999523162842,100.0
2024-07-03 10:52:00,CHRS,1.4049999713897705,1.4049999713897705,1.4049999713897705,1.4049999713897705,1.4049999713897705,205.0
2024-07-03 10:52:00,CING,0.3310000002384186,0.3310000002384186,0.3327000141143799,0.3310000002384186,0.3327000141143799,561.0
2024-07-03 10:52:00,CKPT,2.2629001140594482,2.2629001140594482,2.263000011444092,2.2629001140594482,2.263000011444092,0.0
2024-07-03 10:52:00,CLDX,36.58000183105469,36.58000183105469,36.58000183105469,36.58000183105469,36.58000183105469,177.0
2024-07-03 10:52:00,CLOV,1.2450000047683716,1.2450000047683716,1.2450000047683716,1.2450000047683716,1.2450000047683716,1127.0
2024-07-03 10:52:00,CLPT,5.400000095367432,5.400000095367432,5.400000095367432,5.400000095367432,5.400000095367432,1403.0
2024-07-03 10:52:00,CMAX,2.130000114440918,2.130000114440918,2.200000047683716,2.130000114440918,2.1700000762939453,865.0
2024-07-03 10:52:00,CMPS,6.340000152587891,6.340000152587891,6.340000152587891,6.340000152587891,6.340000152587891,1225.0
2024-07-03 10:52:00,CNSP,2.119999885559082,2.119999885559082,2.130000114440918,2.0999999046325684,2.1212000846862793,24669.0
2024-07-03 10:52:00,COGT,8.3100004196167,8.3100004196167,8.3100004196167,8.3100004196167,8.3100004196167,389.0
2024-07-03 10:52:00,CORT,30.600000381469727,30.600000381469727,30.639999389648438,30.59000015258789,30.59000015258789,1506.0
2024-07-03 10:52:00,COSM,0.9430999755859375,0.9430999755859375,0.949999988079071,0.9430999755859375,0.949999988079071,486.0
2024-07-03 10:52:00,CPRX,15.529999732971191,15.529999732971191,15.529999732971191,15.529999732971191,15.529999732971191,476.0
2024-07-03 10:52:00,CRBP,48.86000061035156,48.86000061035156,48.869998931884766,48.86000061035156,48.869998931884766,555.0
2024-07-03 10:52:00,CRBU,1.5850000381469727,1.5850000381469727,1.590000033378601,1.5850000381469727,1.590000033378601,2319.0
2024-07-03 10:52:00,CRDF,2.259999990463257,2.259999990463257,2.2607998847961426,2.259999990463257,2.2607998847961426,933.0
2024-07-03 10:52:00,CRNX,44.880001068115234,44.880001068115234,45.150001525878906,44.875,45.150001525878906,4491.0
2024-07-03 10:52:00,CRON,2.369999885559082,2.369999885559082,2.369999885559082,2.359999895095825,2.359999895095825,5467.0
2024-07-03 10:52:00,CRSP,54.04010009765625,54.04010009765625,54.08000183105469,54.04010009765625,54.08000183105469,791.0
2024-07-03 10:52:00,CSTL,21.350000381469727,21.350000381469727,21.389999389648438,21.350000381469727,21.389999389648438,984.0
2024-07-03 10:52:00,CTKB,5.710000038146973,5.710000038146973,5.710000038146973,5.710000038146973,5.710000038146973,3254.0
2024-07-03 10:52:00,CTMX,1.3248000144958496,1.3248000144958496,1.3248000144958496,1.3200000524520874,1.3200000524520874,669.0
2024-07-03 10:52:00,CTXR,0.513700008392334,0.513700008392334,0.516700029373169,0.513700008392334,0.516700029373169,2003.0
2024-07-03 10:52:00,CUTR,1.3171000480651855,1.3171000480651855,1.3171000480651855,1.3171000480651855,1.3171000480651855,179.0
2024-07-03 10:52:00,CVAC,3.36899995803833,3.36899995803833,3.4049999713897705,3.365000009536743,3.3949999809265137,34691.0
2024-07-03 10:52:00,CYTK,54.7599983215332,54.7599983215332,54.869998931884766,54.7599983215332,54.842498779296875,1816.0
2024-07-03 10:52:00,DAWN,13.380000114440918,13.380000114440918,13.390000343322754,13.380000114440918,13.390000343322754,1241.0
2024-07-03 10:52:00,DNLI,21.600000381469727,21.600000381469727,21.670000076293945,21.600000381469727,21.670000076293945,1732.0
2024-07-03 10:52:00,DSGN,3.25,3.25,3.25,3.25,3.25,121.0
2024-07-03 10:52:00,DVAX,11.109999656677246,11.109999656677246,11.125,11.109999656677246,11.125,1420.0
2024-07-03 10:52:00,DXCM,110.08499908447266,110.08499908447266,110.08499908447266,110.08499908447266,110.08499908447266,447.0
2024-07-03 10:52:00,DYN,34.42940139770508,34.42940139770508,34.474998474121094,34.42940139770508,34.474998474121094,1928.0
2024-07-03 10:52:00,EDIT,4.664999961853027,4.664999961853027,4.670000076293945,4.664999961853027,4.670000076293945,1776.0
2024-07-03 10:52:00,EGRX,5.289999961853027,5.289999961853027,5.289999961853027,5.28000020980835,5.28000020980835,1026.0
2024-07-03 10:52:00,EKSO,1.0299999713897705,1.0299999713897705,1.0299999713897705,1.0299999713897705,1.0299999713897705,300.0
2024-07-03 10:52:00,ELEV,2.6779000759124756,2.6779000759124756,2.6779000759124756,2.6779000759124756,2.6779000759124756,286.0
2024-07-03 10:52:00,EMBC,12.050000190734863,12.050000190734863,12.069999694824219,12.039999961853027,12.055000305175781,1782.0
2024-07-03 10:52:00,ENTA,13.069999694824219,13.069999694824219,13.079999923706055,13.069999694824219,13.079999923706055,581.0
2024-07-03 10:52:00,ENVB,0.5098999738693237,0.5098999738693237,0.5098999738693237,0.5098999738693237,0.5098999738693237,239.0
2024-07-03 10:52:00,EOLS,10.859999656677246,10.859999656677246,10.875,10.859999656677246,10.875,3547.0
2024-07-03 10:52:00,ERAS,2.259999990463257,2.259999990463257,2.259999990463257,2.259200096130371,2.259200096130371,541.0
2024-07-03 10:52:00,ESPR,2.375,2.375,2.380000114440918,2.369999885559082,2.380000114440918,4647.0
2024-07-03 10:52:00,ETNB,7.639999866485596,7.639999866485596,7.650000095367432,7.639999866485596,7.650000095367432,2545.0
2024-07-03 10:52:00,EVO,5.074999809265137,5.074999809265137,5.074999809265137,5.074999809265137,5.074999809265137,900.0
2024-07-03 10:52:00,EWTX,18.0,18.0,18.040000915527344,17.989999771118164,18.040000915527344,9290.0
2024-07-03 10:52:00,EXAI,5.420000076293945,5.420000076293945,5.420000076293945,5.420000076293945,5.420000076293945,126.0
2024-07-03 10:52:00,EXAS,43.255001068115234,43.255001068115234,43.294700622558594,43.255001068115234,43.2599983215332,2904.0
2024-07-03 10:52:00,EXEL,21.979999542236328,21.979999542236328,21.989999771118164,21.979999542236328,21.989999771118164,1948.0
2024-07-03 10:52:00,EYEN,0.7876999974250793,0.7876999974250793,0.7876999974250793,0.7876999974250793,0.7876999974250793,473.0
2024-07-03 10:52:00,EYPT,8.345000267028809,8.345000267028809,8.345000267028809,8.345000267028809,8.345000267028809,475.0
2024-07-03 10:52:00,FATE,3.240000009536743,3.240000009536743,3.240000009536743,3.240000009536743,3.240000009536743,156.0
2024-07-03 10:52:00,FDMT,21.114999771118164,21.114999771118164,21.114999771118164,21.114999771118164,21.114999771118164,215.0
2024-07-03 10:52:00,FGEN,0.7174999713897705,0.7174999713897705,0.7174999713897705,0.713699996471405,0.713699996471405,66209.0
2024-07-03 10:52:00,FHTX,5.510000228881836,5.510000228881836,5.510000228881836,5.510000228881836,5.510000228881836,309.0
2024-07-03 10:52:00,FOLD,9.890000343322754,9.890000343322754,9.890000343322754,9.890000343322754,9.890000343322754,1658.0
2024-07-03 10:52:00,FULC,6.15500020980835,6.15500020980835,6.15500020980835,6.15500020980835,6.15500020980835,370.0
2024-07-03 10:52:00,GERN,4.360000133514404,4.360000133514404,4.369999885559082,4.360000133514404,4.369999885559082,10888.0
2024-07-03 10:52:00,GILD,66.7300033569336,66.7300033569336,66.83999633789062,66.70999908447266,66.83000183105469,19406.0
2024-07-03 10:52:00,GLPG,25.270000457763672,25.270000457763672,25.270000457763672,25.260000228881836,25.260000228881836,611.0
2024-07-03 10:52:00,GLUE,3.8392999172210693,3.8392999172210693,3.8392999172210693,3.8392999172210693,3.8392999172210693,497.0
2024-07-03 10:52:00,GLYC,0.27239999175071716,0.27239999175071716,0.27309998869895935,0.27239999175071716,0.27309998869895935,12394.0
2024-07-03 10:52:00,GMAB,25.229999542236328,25.229999542236328,25.235000610351562,25.229999542236328,25.235000610351562,3147.0
2024-07-03 10:52:00,GRFS,6.679999828338623,6.679999828338623,6.684999942779541,6.679999828338623,6.680099964141846,2475.0
2024-07-03 10:52:00,GRTS,0.6033999919891357,0.6033999919891357,0.6071000099182129,0.6033999919891357,0.604200005531311,0.0
2024-07-03 10:52:00,GTHX,2.5000998973846436,2.5000998973846436,2.5000998973846436,2.5,2.5,1758.0
2024-07-03 10:52:00,HALO,51.47999954223633,51.47999954223633,51.6150016784668,51.45000076293945,51.6150016784668,5873.0
2024-07-03 10:52:00,HBIO,2.755000114440918,2.755000114440918,2.7632999420166016,2.75,2.759999990463257,3280.0
2024-07-03 10:52:00,HCSG,10.579999923706055,10.579999923706055,10.59000015258789,10.550000190734863,10.555000305175781,2198.0
2024-07-03 10:52:00,HOLX,73.3499984741211,73.3499984741211,73.3499984741211,73.3499984741211,73.3499984741211,1138.0
2024-07-03 10:52:00,HOOK,0.5900999903678894,0.5900999903678894,0.5900999903678894,0.5900999903678894,0.5900999903678894,29300.0
2024-07-03 10:52:00,HOWL,2.1700000762939453,2.1700000762939453,2.1700000762939453,2.1700000762939453,2.1700000762939453,982.0
2024-07-03 10:52:00,HQY,83.13999938964844,83.13999938964844,83.23500061035156,83.12999725341797,83.23500061035156,1913.0
2024-07-03 10:52:00,HRMY,30.174999237060547,30.174999237060547,30.219999313354492,30.174999237060547,30.219999313354492,580.0
2024-07-03 10:52:00,HROW,21.559999465942383,21.559999465942383,21.80500030517578,21.559999465942383,21.799999237060547,108613.0
2024-07-03 10:52:00,HSIC,65.41999816894531,65.41999816894531,65.47000122070312,65.41999816894531,65.47000122070312,2716.0
2024-07-03 10:52:00,HUGE,0.1468999981880188,0.1468999981880188,0.1468999981880188,0.1468999981880188,0.1468999981880188,4118.0
2024-07-03 10:52:00,HUMA,5.579800128936768,5.579800128936768,5.585000038146973,5.570000171661377,5.579999923706055,8319.0
2024-07-03 10:52:00,IART,28.954999923706055,28.954999923706055,28.954999923706055,28.954999923706055,28.954999923706055,579.0
2024-07-03 10:52:00,IBRX,6.275000095367432,6.275000095367432,6.28000020980835,6.269999980926514,6.28000020980835,5637.0
2024-07-03 10:52:00,ICLR,318.5469970703125,318.5469970703125,318.5469970703125,318.5469970703125,318.5469970703125,160.0
2024-07-03 10:52:00,IDXX,475.9049987792969,475.9049987792969,475.94000244140625,475.0299987792969,475.0299987792969,3970.0
2024-07-03 10:52:00,IDYA,33.61000061035156,33.61000061035156,33.61000061035156,33.529998779296875,33.61000061035156,1437.0
2024-07-03 10:52:00,IKNA,1.649999976158142,1.649999976158142,1.649999976158142,1.649999976158142,1.649999976158142,242.0
2024-07-03 10:52:00,ILMN,104.83999633789062,104.83999633789062,104.91999816894531,104.73999786376953,104.73999786376953,7505.0
2024-07-03 10:52:00,IMCR,35.9900016784668,35.9900016784668,36.0,35.9900016784668,36.0,710.0
2024-07-03 10:52:00,IMMX,2.3320000171661377,2.3320000171661377,2.3320000171661377,2.3320000171661377,2.3320000171661377,283.0
2024-07-03 10:52:00,IMNM,11.951000213623047,11.951000213623047,11.951000213623047,11.951000213623047,11.951000213623047,846.0
2024-07-03 10:52:00,IMUX,1.1398999691009521,1.1398999691009521,1.1398999691009521,1.1398999691009521,1.1398999691009521,2000.0
2024-07-03 10:52:00,IMVT,26.780000686645508,26.780000686645508,26.780000686645508,26.780000686645508,26.780000686645508,2432.0
2024-07-03 10:52:00,INCY,57.7400016784668,57.7400016784668,57.790000915527344,57.7400016784668,57.790000915527344,2520.0
2024-07-03 10:52:00,INMB,7.929999828338623,7.929999828338623,7.940000057220459,7.929999828338623,7.940000057220459,816.0
2024-07-03 10:52:00,INMD,17.562700271606445,17.562700271606445,17.690000534057617,17.562700271606445,17.690000534057617,17058.0
2024-07-03 10:52:00,INO,8.5,8.5,8.5,8.5,8.5,172.0
2024-07-03 10:52:00,INSM,62.81999969482422,62.81999969482422,62.95000076293945,62.81999969482422,62.86000061035156,58872.0
2024-07-03 10:52:00,INZY,4.510000228881836,4.510000228881836,4.510000228881836,4.510000228881836,4.510000228881836,1043.0
2024-07-03 10:52:00,IONM,0.326200008392334,0.326200008392334,0.326200008392334,0.326200008392334,0.326200008392334,1719.0
2024-07-03 10:52:00,IONS,44.56999969482422,44.56999969482422,44.61000061035156,44.529998779296875,44.61000061035156,7735.0
2024-07-03 10:52:00,IOVA,7.699999809265137,7.699999809265137,7.699999809265137,7.684999942779541,7.690000057220459,6058.0
2024-07-03 10:52:00,IRTC,96.5199966430664,96.5199966430664,96.5199966430664,96.26000213623047,96.2699966430664,661.0
2024-07-03 10:52:00,IRWD,6.164999961853027,6.164999961853027,6.175000190734863,6.164999961853027,6.175000190734863,1966.0
2024-07-03 10:52:00,ISPC,0.2800999879837036,0.2800999879837036,0.28700000047683716,0.2800000011920929,0.2808000147342682,5800.0
2024-07-03 10:52:00,ISRG,433.8299865722656,433.8299865722656,433.8299865722656,433.7900085449219,433.7900085449219,1146.0
2024-07-03 10:52:00,ITCI,67.94499969482422,67.94499969482422,68.0,67.91000366210938,67.94000244140625,10468.0
2024-07-03 10:52:00,JAGX,3.490000009536743,3.490000009536743,3.490499973297119,3.490000009536743,3.490000009536743,1476.0
2024-07-03 10:52:00,JANX,38.0099983215332,38.0099983215332,38.01499938964844,38.0,38.01499938964844,2537.0
2024-07-03 10:52:00,JAZZ,104.55000305175781,104.55000305175781,104.88999938964844,104.55000305175781,104.88999938964844,3319.0
2024-07-03 10:52:00,KALV,11.609999656677246,11.609999656677246,11.649999618530273,11.609999656677246,11.649999618530273,1789.0
2024-07-03 10:52:00,KNSA,18.829999923706055,18.829999923706055,18.8700008392334,18.81999969482422,18.8700008392334,2418.0
2024-07-03 10:52:00,KPTI,0.8359000086784363,0.8359000086784363,0.8359000086784363,0.833899974822998,0.833899974822998,549.0
2024-07-03 10:52:00,KRON,1.1413999795913696,1.1413999795913696,1.1413999795913696,1.1413999795913696,1.1413999795913696,419.0
2024-07-03 10:52:00,KROS,42.369998931884766,42.369998931884766,42.369998931884766,42.369998931884766,42.369998931884766,506.0
2024-07-03 10:52:00,KTRA,0.28119999170303345,0.28119999170303345,0.28349998593330383,0.28060001134872437,0.28060001134872437,11205.0
2024-07-03 10:52:00,KURA,20.600000381469727,20.600000381469727,20.6200008392334,20.600000381469727,20.6200008392334,1064.0
2024-07-03 10:52:00,KYMR,30.610000610351562,30.610000610351562,30.610000610351562,30.610000610351562,30.610000610351562,1175.0
2024-07-03 10:52:00,KZR,0.5781999826431274,0.5781999826431274,0.5781999826431274,0.5781999826431274,0.5781999826431274,24.0
2024-07-03 10:52:00,LAB,1.7999999523162842,1.7999999523162842,1.7999999523162842,1.7899999618530273,1.7899999618530273,1035.0
2024-07-03 10:52:00,LBPH,32.7400016784668,32.7400016784668,32.7400016784668,32.54999923706055,32.650001525878906,2477.0
2024-07-03 10:52:00,LEGN,45.63999938964844,45.63999938964844,45.779998779296875,45.63999938964844,45.77000045776367,4355.0
2024-07-03 10:52:00,LFMD,6.760000228881836,6.760000228881836,6.760000228881836,6.760000228881836,6.760000228881836,215.0
2024-07-03 10:52:00,LFST,5.144999980926514,5.144999980926514,5.144999980926514,5.144999980926514,5.144999980926514,258.0
2024-07-03 10:52:00,LGVN,1.6298999786376953,1.6298999786376953,1.6298999786376953,1.6298999786376953,1.6298999786376953,99.0
2024-07-03 10:52:00,LIVN,52.59000015258789,52.59000015258789,52.599998474121094,52.56999969482422,52.599998474121094,870.0
2024-07-03 10:52:00,LNTH,79.13999938964844,79.13999938964844,79.19999694824219,79.13999938964844,79.19999694824219,462.0
2024-07-03 10:52:00,LPTX,1.8300000429153442,1.8300000429153442,1.8300000429153442,1.8300000429153442,1.8300000429153442,574.0
2024-07-03 10:52:00,LRMR,7.650000095367432,7.650000095367432,7.670000076293945,7.650000095367432,7.670000076293945,686.0
2024-07-03 10:52:00,LUCY,0.4641999900341034,0.4641999900341034,0.4641999900341034,0.4641999900341034,0.4641999900341034,4648.0
2024-07-03 10:52:00,LXRX,1.6050000190734863,1.6050000190734863,1.6050000190734863,1.6050000190734863,1.6050000190734863,4133.0
2024-07-03 10:52:00,LYEL,1.4450000524520874,1.4450000524520874,1.4450000524520874,1.4450000524520874,1.4450000524520874,402.0
2024-07-03 10:52:00,LYRA,0.2858000099658966,0.2858000099658966,0.2858000099658966,0.2858000099658966,0.2858000099658966,202.0
2024-07-03 10:52:00,ME,0.4000000059604645,0.4000000059604645,0.4000000059604645,0.4000000059604645,0.4000000059604645,536.0
2024-07-03 10:52:00,MEDP,405.1300048828125,405.1300048828125,405.7049865722656,405.1300048828125,405.7049865722656,1588.0
2024-07-03 10:52:00,MEDS,17.239299774169922,17.239299774169922,17.239299774169922,17.239299774169922,17.239299774169922,947.0
2024-07-03 10:52:00,MGNX,4.264999866485596,4.264999866485596,4.265500068664551,4.264999866485596,4.265500068664551,912.0
2024-07-03 10:52:00,MGTX,4.03000020980835,4.03000020980835,4.03000020980835,4.03000020980835,4.03000020980835,655.0
2024-07-03 10:52:00,MLTX,41.404998779296875,41.404998779296875,41.404998779296875,41.404998779296875,41.404998779296875,582.0
2024-07-03 10:52:00,MNKD,5.09499979019165,5.09499979019165,5.105000019073486,5.09499979019165,5.105000019073486,2562.0
2024-07-03 10:52:00,MODV,28.25,28.25,28.25,28.239999771118164,28.239999771118164,326.0
2024-07-03 10:52:00,MOLN,6.809999942779541,6.809999942779541,6.809999942779541,6.809999942779541,6.809999942779541,500.0
2024-07-03 10:52:00,MORF,31.8700008392334,31.8700008392334,31.8700008392334,31.8700008392334,31.8700008392334,143.0
2024-07-03 10:52:00,MRNA,116.77210235595703,116.77210235595703,117.0,116.77210235595703,117.0,2713.0
2024-07-03 10:52:00,MRSN,1.8949999809265137,1.8949999809265137,1.8949999809265137,1.8899999856948853,1.8899999856948853,924.0
2024-07-03 10:52:00,MRUS,52.88999938964844,52.88999938964844,52.939998626708984,52.88999938964844,52.939998626708984,1029.0
2024-07-03 10:52:00,MRVI,6.784999847412109,6.784999847412109,6.789999961853027,6.784999847412109,6.789999961853027,1469.0
2024-07-03 10:52:00,MXCT,3.7149999141693115,3.7149999141693115,3.7149999141693115,3.7149999141693115,3.7149999141693115,252.0
2024-07-03 10:52:00,MYGN,25.280000686645508,25.280000686645508,25.334999084472656,25.280000686645508,25.334999084472656,2393.0
2024-07-03 10:52:00,NBIX,138.0800018310547,138.0800018310547,138.2899932861328,137.9600067138672,138.2899932861328,5723.0
2024-07-03 10:52:00,NDRA,0.08449999988079071,0.08449999988079071,0.08449999988079071,0.08449999988079071,0.08449999988079071,1161.0
2024-07-03 10:52:00,NEO,13.680000305175781,13.680000305175781,13.680000305175781,13.680000305175781,13.680000305175781,288.0
2024-07-03 10:52:00,NEOG,15.229999542236328,15.229999542236328,15.239999771118164,15.229999542236328,15.239999771118164,2942.0
2024-07-03 10:52:00,NKTR,1.25,1.25,1.25,1.25,1.25,2565.0
2024-07-03 10:52:00,NKTX,5.440000057220459,5.440000057220459,5.440000057220459,5.440000057220459,5.440000057220459,266.0
2024-07-03 10:52:00,NNOX,7.059999942779541,7.059999942779541,7.090000152587891,7.059999942779541,7.090000152587891,2232.0
2024-07-03 10:52:00,NRIX,19.59000015258789,19.59000015258789,19.6299991607666,19.59000015258789,19.6299991607666,1064.0
2024-07-03 10:52:00,NRSN,1.3300000429153442,1.3300000429153442,1.3300000429153442,1.3300000429153442,1.3300000429153442,446.0
2024-07-03 10:52:00,NTLA,22.709999084472656,22.709999084472656,22.744199752807617,22.709999084472656,22.735000610351562,2167.0
2024-07-03 10:52:00,NTRA,111.83000183105469,111.83000183105469,111.83000183105469,111.83000183105469,111.83000183105469,744.0
2024-07-03 10:52:00,NUTX,5.40500020980835,5.40500020980835,5.40500020980835,5.389999866485596,5.400000095367432,3626.0
2024-07-03 10:52:00,NUVL,71.88999938964844,71.88999938964844,71.88999938964844,71.87000274658203,71.87999725341797,947.0
2024-07-03 10:52:00,NVAX,12.71500015258789,12.71500015258789,12.729999542236328,12.710000038146973,12.725000381469727,16088.0
2024-07-03 10:52:00,NVCR,16.799999237060547,16.799999237060547,16.829999923706055,16.790000915527344,16.799999237060547,2977.0
2024-07-03 10:52:00,NXTC,1.5499999523162842,1.5499999523162842,1.5499999523162842,1.5499999523162842,1.5499999523162842,253.0
2024-07-03 10:52:00,OCGN,1.6449999809265137,1.6449999809265137,1.6549999713897705,1.6399999856948853,1.6549999713897705,51805.0
2024-07-03 10:52:00,OCUL,6.75,6.75,6.760000228881836,6.75,6.760000228881836,754.0
2024-07-03 10:52:00,OGI,1.617900013923645,1.617900013923645,1.617900013923645,1.6100000143051147,1.6100000143051147,5440.0
2024-07-03 10:52:00,OLK,25.780500411987305,25.780500411987305,25.780500411987305,25.780500411987305,25.780500411987305,172.0
2024-07-03 10:52:00,OLMA,10.680000305175781,10.680000305175781,10.680000305175781,10.640000343322754,10.640000343322754,1983.0
2024-07-03 10:52:00,OM,3.684999942779541,3.684999942779541,3.684999942779541,3.674999952316284,3.674999952316284,4416.0
2024-07-03 10:53:00,AADI,1.3799999952316284,1.3799999952316284,1.3799999952316284,1.375,1.378000020980835,4581.0
2024-07-03 10:53:00,ABCL,2.740000009536743,2.740000009536743,2.744999885559082,2.740000009536743,2.740000009536743,10553.0
2024-07-03 10:53:00,ABEO,4.308499813079834,4.308499813079834,4.308499813079834,4.295000076293945,4.300000190734863,6001.0
2024-07-03 10:53:00,ABSI,3.240000009536743,3.240000009536743,3.240000009536743,3.2290000915527344,3.2300000190734863,2098.0
2024-07-03 10:53:00,ABUS,3.1549999713897705,3.1549999713897705,3.1549999713897705,3.1549999713897705,3.1549999713897705,106.0
2024-07-03 10:53:00,ACAD,15.640000343322754,15.640000343322754,15.640000343322754,15.640000343322754,15.640000343322754,1097.0
2024-07-03 10:53:00,ACB,4.998700141906738,4.998700141906738,4.998700141906738,4.9720001220703125,4.980000019073486,4193.0
2024-07-03 10:53:00,ACCD,3.575000047683716,3.575000047683716,3.5999999046325684,3.575000047683716,3.5950000286102295,12363.0
2024-07-03 10:53:00,ACET,1.0549999475479126,1.0549999475479126,1.0549999475479126,1.0499999523162842,1.0549999475479126,814.0
2024-07-03 10:53:00,ACHC,66.19499969482422,66.19499969482422,66.19499969482422,66.16500091552734,66.16500091552734,730.0
2024-07-03 10:53:00,ACLX,53.849998474121094,53.849998474121094,53.849998474121094,53.849998474121094,53.849998474121094,472.0
2024-07-03 10:53:00,ACRS,1.1699999570846558,1.1699999570846558,1.1699999570846558,1.1699999570846558,1.1699999570846558,902.0
2024-07-03 10:53:00,ADAP,1.0199999809265137,1.0199999809265137,1.0299999713897705,1.0199999809265137,1.0299999713897705,500.0
2024-07-03 10:53:00,ADMA,11.345000267028809,11.345000267028809,11.345000267028809,11.345000267028809,11.345000267028809,6661.0
2024-07-03 10:53:00,ADPT,3.4049999713897705,3.4049999713897705,3.4049999713897705,3.4049999713897705,3.4049999713897705,432.0
2024-07-03 10:53:00,ADUS,116.58000183105469,116.58000183105469,116.8499984741211,116.58000183105469,116.8499984741211,1294.0
2024-07-03 10:53:00,AEMD,0.4180000126361847,0.4180000126361847,0.4180000126361847,0.4180000126361847,0.4180000126361847,6000.0
2024-07-03 10:53:00,AGEN,14.510000228881836,14.510000228881836,14.510000228881836,14.510000228881836,14.510000228881836,687.0
2024-07-03 10:53:00,AGIO,42.0,42.0,42.0,41.86000061035156,41.86000061035156,1171.0
2024-07-03 10:53:00,AHCO,9.84000015258789,9.84000015258789,9.84000015258789,9.8100004196167,9.8100004196167,2377.0
2024-07-03 10:53:00,AIMD,0.8080000281333923,0.8080000281333923,0.8080999851226807,0.8080000281333923,0.8080999851226807,1400.0
2024-07-03 10:53:00,AKAN,2.25,2.25,2.25,2.25,2.25,0.0
2024-07-03 10:53:00,AKRO,22.127099990844727,22.127099990844727,22.139999389648438,22.100000381469727,22.100000381469727,2093.0
2024-07-03 10:53:00,AKYA,2.1600000858306885,2.1600000858306885,2.1600000858306885,2.1500000953674316,2.1500000953674316,1123.0
2024-07-03 10:53:00,ALDX,3.2300000190734863,3.2300000190734863,3.2300000190734863,3.2300000190734863,3.2300000190734863,429.0
2024-07-03 10:53:00,ALGN,239.05999755859375,239.05999755859375,239.05999755859375,239.0399932861328,239.0399932861328,525.0
2024-07-03 10:53:00,ALGS,0.4300000071525574,0.4300000071525574,0.4339999854564667,0.4300000071525574,0.4309000074863434,17637.0
2024-07-03 10:53:00,ALIM,5.519999980926514,5.519999980926514,5.519999980926514,5.519999980926514,5.519999980926514,800.0
2024-07-03 10:53:00,ALKS,24.290000915527344,24.290000915527344,24.290000915527344,24.290000915527344,24.290000915527344,423.0
2024-07-03 10:53:00,ALLK,0.8550999760627747,0.8550999760627747,0.8575999736785889,0.8550999760627747,0.8575999736785889,4186.0
2024-07-03 10:53:00,ALLO,2.134999990463257,2.134999990463257,2.134999990463257,2.125,2.125,6000.0
2024-07-03 10:53:00,ALNY,245.80999755859375,245.80999755859375,246.4550018310547,245.5800018310547,246.3800048828125,12941.0
2024-07-03 10:53:00,ALT,6.619999885559082,6.619999885559082,6.639999866485596,6.590000152587891,6.630000114440918,65414.0
2024-07-03 10:53:00,ALVR,0.7350000143051147,0.7350000143051147,0.7353000044822693,0.7350000143051147,0.7353000044822693,15532.0
2024-07-03 10:53:00,ALXO,5.860000133514404,5.860000133514404,5.860000133514404,5.860000133514404,5.860000133514404,750.0
2024-07-03 10:53:00,AMED,96.73999786376953,96.73999786376953,96.80999755859375,96.73999786376953,96.80999755859375,766.0
2024-07-03 10:53:00,AMGN,309.24749755859375,309.24749755859375,309.3450012207031,309.20001220703125,309.2900085449219,3428.0
2024-07-03 10:53:00,AMLX,1.75,1.75,1.7549999952316284,1.75,1.7549999952316284,949.0
2024-07-03 10:53:00,AMPH,38.35499954223633,38.35499954223633,38.35499954223633,38.31999969482422,38.31999969482422,729.0
2024-07-03 10:53:00,ANGO,5.630000114440918,5.630000114440918,5.639999866485596,5.630000114440918,5.639999866485596,2528.0
2024-07-03 10:53:00,ANIP,61.588401794433594,61.588401794433594,61.588401794433594,61.588401794433594,61.588401794433594,355.0
2024-07-03 10:53:00,ANNX,4.795000076293945,4.795000076293945,4.795000076293945,4.795000076293945,4.795000076293945,200.0
2024-07-03 10:53:00,ANTX,2.48799991607666,2.48799991607666,2.48799991607666,2.4800000190734863,2.4800000190734863,221.0
2024-07-03 10:53:00,APDN,0.4569000005722046,0.4569000005722046,0.4569000005722046,0.4569000005722046,0.4569000005722046,0.0
2024-07-03 10:53:00,APLS,35.459999084472656,35.459999084472656,35.459999084472656,35.33000183105469,35.33000183105469,2720.0
2024-07-03 10:53:00,APLT,4.440000057220459,4.440000057220459,4.440000057220459,4.440000057220459,4.440000057220459,402.0
2024-07-03 10:53:00,APVO,0.3050999939441681,0.3050999939441681,0.3050999939441681,0.3050999939441681,0.3050999939441681,600.0
2024-07-03 10:53:00,AQST,2.4149999618530273,2.4149999618530273,2.4149999618530273,2.4149999618530273,2.4149999618530273,146.0
2024-07-03 10:53:00,ARDX,5.215000152587891,5.215000152587891,5.21999979019165,5.204999923706055,5.204999923706055,22077.0
2024-07-03 10:53:00,ARGX,434.5050048828125,434.5050048828125,434.5050048828125,434.5050048828125,434.5050048828125,585.0
2024-07-03 10:53:00,ARQT,9.520000457763672,9.520000457763672,9.579999923706055,9.520000457763672,9.524999618530273,19321.0
2024-07-03 10:53:00,ARWR,25.594999313354492,25.594999313354492,25.600000381469727,25.594999313354492,25.600000381469727,355.0
2024-07-03 10:53:00,ASRT,1.3450000286102295,1.3450000286102295,1.3487000465393066,1.3450000286102295,1.3487000465393066,7259.0
2024-07-03 10:53:00,ATAI,1.2899999618530273,1.2899999618530273,1.2899999618530273,1.2899999618530273,1.2899999618530273,245.0
2024-07-03 10:53:00,ATEC,9.944999694824219,9.944999694824219,9.944999694824219,9.9350004196167,9.9350004196167,1724.0
2024-07-03 10:53:00,ATOS,1.159999966621399,1.159999966621399,1.159999966621399,1.159999966621399,1.159999966621399,624.0
2024-07-03 10:53:00,AUGX,0.9984999895095825,0.9984999895095825,0.9984999895095825,0.9943000078201294,0.9973999857902527,4908.0
2024-07-03 10:53:00,AUPH,5.485000133514404,5.485000133514404,5.485000133514404,5.485000133514404,5.485000133514404,316.0
2024-07-03 10:53:00,AVAH,2.634500026702881,2.634500026702881,2.634500026702881,2.634500026702881,2.634500026702881,700.0
2024-07-03 10:53:00,AVDL,14.335000038146973,14.335000038146973,14.335000038146973,14.319999694824219,14.329999923706055,861.0
2024-07-03 10:53:00,AVXL,4.244999885559082,4.244999885559082,4.244999885559082,4.244999885559082,4.244999885559082,106.0
2024-07-03 10:53:00,AWH,1.0198999643325806,1.0198999643325806,1.0198999643325806,1.0198999643325806,1.0198999643325806,395.0
2024-07-03 10:53:00,AXGN,7.420000076293945,7.420000076293945,7.420000076293945,7.420000076293945,7.420000076293945,210.0
2024-07-03 10:53:00,AXSM,79.94000244140625,79.94000244140625,79.94000244140625,79.93499755859375,79.93499755859375,1408.0
2024-07-03 10:53:00,AZN,76.83000183105469,76.83000183105469,76.83499908447266,76.80500030517578,76.80500030517578,7948.0
2024-07-03 10:53:00,AZTA,52.630001068115234,52.630001068115234,52.630001068115234,52.630001068115234,52.630001068115234,298.0
2024-07-03 10:53:00,BBIO,25.375,25.375,25.3799991607666,25.329999923706055,25.329999923706055,4994.0
2024-07-03 10:53:00,BCAB,1.3600000143051147,1.3600000143051147,1.3600000143051147,1.3600000143051147,1.3600000143051147,600.0
2024-07-03 10:53:00,BCRX,6.559899806976318,6.559899806976318,6.559999942779541,6.554999828338623,6.559999942779541,8404.0
2024-07-03 10:53:00,BDTX,4.229000091552734,4.229000091552734,4.229000091552734,4.229000091552734,4.229000091552734,426.0
2024-07-03 10:53:00,BEAM,23.780000686645508,23.780000686645508,23.780000686645508,23.690000534057617,23.725000381469727,11391.0
2024-07-03 10:53:00,BGXX,0.27399998903274536,0.27399998903274536,0.27639999985694885,0.27390000224113464,0.27399998903274536,2525.0
2024-07-03 10:53:00,BIIB,224.8000030517578,224.8000030517578,224.8000030517578,224.5449981689453,224.5449981689453,2344.0
2024-07-03 10:53:00,BLUE,0.9277999997138977,0.9277999997138977,0.9279000163078308,0.9222000241279602,0.925599992275238,40369.0
2024-07-03 10:53:00,BMRN,81.29000091552734,81.29000091552734,81.29000091552734,81.29000091552734,81.29000091552734,216.0
2024-07-03 10:53:00,BNGO,0.5680000185966492,0.5680000185966492,0.5680000185966492,0.5680000185966492,0.5680000185966492,1381.0
2024-07-03 10:53:00,BNOX,0.7300000190734863,0.7300000190734863,0.7300000190734863,0.7300000190734863,0.7300000190734863,430.0
2024-07-03 10:53:00,BNTX,80.56999969482422,80.56999969482422,80.56999969482422,80.56999969482422,80.56999969482422,201.0
2024-07-03 10:53:00,BRKR,61.63999938964844,61.63999938964844,61.66999816894531,61.61000061035156,61.65999984741211,2817.0
2024-07-03 10:53:00,BVS,5.989999771118164,5.989999771118164,6.039999961853027,5.989999771118164,6.03000020980835,2424.0
2024-07-03 10:53:00,CABA,7.710000038146973,7.710000038146973,7.710100173950195,7.699999809265137,7.710100173950195,1764.0
2024-07-03 10:53:00,CARA,0.2800999879837036,0.2800999879837036,0.2800999879837036,0.2800999879837036,0.2800999879837036,2304.0
2024-07-03 10:53:00,CCCC,4.715000152587891,4.715000152587891,4.715000152587891,4.710000038146973,4.715000152587891,879.0
2024-07-03 10:53:00,CCRN,13.729999542236328,13.729999542236328,13.739999771118164,13.729999542236328,13.739999771118164,369.0
2024-07-03 10:53:00,CDMO,7.599999904632568,7.599999904632568,7.619999885559082,7.585000038146973,7.585000038146973,1498.0
2024-07-03 10:53:00,CDNA,15.210000038146973,15.210000038146973,15.229999542236328,15.210000038146973,15.220000267028809,974.0
2024-07-03 10:53:00,CDXC,2.549999952316284,2.549999952316284,2.549999952316284,2.549999952316284,2.549999952316284,107.0
2024-07-03 10:53:00,CELC,16.2549991607666,16.2549991607666,16.2549991607666,16.2549991607666,16.2549991607666,200.0
2024-07-03 10:53:00,CERE,41.33000183105469,41.33000183105469,41.33000183105469,41.33000183105469,41.33000183105469,1448.0
2024-07-03 10:53:00,CERS,1.7391999959945679,1.7391999959945679,1.7391999959945679,1.7300000190734863,1.7300000190734863,4549.0
2024-07-03 10:53:00,CERT,13.859999656677246,13.859999656677246,13.859999656677246,13.835000038146973,13.835000038146973,2471.0
2024-07-03 10:53:00,CGC,6.820000171661377,6.820000171661377,6.820000171661377,6.789999961853027,6.789999961853027,3078.0
2024-07-03 10:53:00,CGEN,1.6799999475479126,1.6799999475479126,1.6799999475479126,1.6799999475479126,1.6799999475479126,246.0
2024-07-03 10:53:00,CGTX,1.7854000329971313,1.7854000329971313,1.7999999523162842,1.7854000329971313,1.7999999523162842,1000.0
2024-07-03 10:53:00,CHRS,1.4049999713897705,1.4049999713897705,1.4049999713897705,1.4049999713897705,1.4049999713897705,400.0
2024-07-03 10:53:00,CKPT,2.276700019836426,2.276700019836426,2.2799999713897705,2.276700019836426,2.2799999713897705,1726.0
2024-07-03 10:53:00,CLDX,36.689998626708984,36.689998626708984,36.689998626708984,36.58000183105469,36.58000183105469,3276.0
2024-07-03 10:53:00,CLPT,5.375,5.375,5.375,5.375,5.375,391.0
2024-07-03 10:53:00,CMPS,6.360000133514404,6.360000133514404,6.360000133514404,6.320000171661377,6.340000152587891,5492.0
2024-07-03 10:53:00,CNSP,2.1600000858306885,2.1600000858306885,2.1700000762939453,2.109999895095825,2.109999895095825,100510.0
2024-07-03 10:53:00,CNTX,1.7898999452590942,1.7898999452590942,1.7898999452590942,1.7898999452590942,1.7898999452590942,400.0
2024-07-03 10:53:00,COGT,8.3100004196167,8.3100004196167,8.3100004196167,8.300000190734863,8.3100004196167,490.0
2024-07-03 10:53:00,CORT,30.674999237060547,30.674999237060547,30.700000762939453,30.670000076293945,30.670000076293945,2044.0
2024-07-03 10:53:00,CPRX,15.489999771118164,15.489999771118164,15.5,15.489999771118164,15.5,1302.0
2024-07-03 10:53:00,CRBU,1.5850000381469727,1.5850000381469727,1.5850000381469727,1.5850000381469727,1.5850000381469727,1542.0
2024-07-03 10:53:00,CRDF,2.259999990463257,2.259999990463257,2.259999990463257,2.255000114440918,2.255000114440918,611.0
2024-07-03 10:53:00,CRON,2.360300064086914,2.360300064086914,2.365000009536743,2.359999895095825,2.365000009536743,3476.0
2024-07-03 10:53:00,CRSP,53.939998626708984,53.939998626708984,54.02000045776367,53.869998931884766,54.02000045776367,11747.0
2024-07-03 10:53:00,CTKB,5.710000038146973,5.710000038146973,5.710000038146973,5.710000038146973,5.710000038146973,1913.0
2024-07-03 10:53:00,CTMX,1.3250000476837158,1.3250000476837158,1.3250000476837158,1.3250000476837158,1.3250000476837158,200.0
2024-07-03 10:53:00,CTXR,0.5105000138282776,0.5105000138282776,0.5105000138282776,0.5105000138282776,0.5105000138282776,4954.0
2024-07-03 10:53:00,CUE,1.0099999904632568,1.0099999904632568,1.024999976158142,1.0099999904632568,1.020900011062622,25769.0
2024-07-03 10:53:00,CUTR,1.315000057220459,1.315000057220459,1.315000057220459,1.309999942779541,1.3100999593734741,1157.0
2024-07-03 10:53:00,CVAC,3.365000009536743,3.365000009536743,3.3698999881744385,3.359999895095825,3.365000009536743,14530.0
2024-07-03 10:53:00,CYTH,1.204800009727478,1.204800009727478,1.215000033378601,1.204800009727478,1.215000033378601,209.0
2024-07-03 10:53:00,CYTK,54.72999954223633,54.72999954223633,54.72999954223633,54.72999954223633,54.72999954223633,198.0
2024-07-03 10:53:00,CYTO,1.149999976158142,1.149999976158142,1.149999976158142,1.149999976158142,1.149999976158142,1377.0
2024-07-03 10:53:00,DAWN,13.350000381469727,13.350000381469727,13.350000381469727,13.350000381469727,13.350000381469727,600.0
2024-07-03 10:53:00,DCGO,2.934999942779541,2.934999942779541,2.934999942779541,2.934999942779541,2.934999942779541,150.0
2024-07-03 10:53:00,DH,5.400000095367432,5.400000095367432,5.400000095367432,5.400000095367432,5.400000095367432,200.0
2024-07-03 10:53:00,DSGN,3.25,3.25,3.25,3.25,3.25,2310.0
2024-07-03 10:53:00,DVAX,11.100000381469727,11.100000381469727,11.100000381469727,11.100000381469727,11.100000381469727,1558.0
2024-07-03 10:53:00,DXCM,110.20500183105469,110.20500183105469,110.25,110.13999938964844,110.1500015258789,4997.0
2024-07-03 10:53:00,DYN,34.400001525878906,34.400001525878906,34.400001525878906,34.400001525878906,34.400001525878906,0.0
2024-07-03 10:53:00,EDIT,4.670000076293945,4.670000076293945,4.670000076293945,4.664999961853027,4.664999961853027,2093.0
2024-07-03 10:53:00,ERAS,2.255000114440918,2.255000114440918,2.255000114440918,2.255000114440918,2.255000114440918,446.0
2024-07-03 10:53:00,ESPR,2.3701000213623047,2.3701000213623047,2.380000114440918,2.369999885559082,2.380000114440918,22659.0
2024-07-03 10:53:00,EVO,5.074999809265137,5.074999809265137,5.074999809265137,5.074999809265137,5.074999809265137,0.0
2024-07-03 10:53:00,EWTX,18.079999923706055,18.079999923706055,18.079999923706055,17.989999771118164,17.989999771118164,1555.0
2024-07-03 10:53:00,EXAI,5.409999847412109,5.409999847412109,5.409999847412109,5.409999847412109,5.409999847412109,2794.0
2024-07-03 10:53:00,EXAS,43.29999923706055,43.29999923706055,43.29999923706055,43.2400016784668,43.2400016784668,1465.0
2024-07-03 10:53:00,EYPT,8.350000381469727,8.350000381469727,8.350000381469727,8.350000381469727,8.350000381469727,824.0
2024-07-03 10:53:00,FATE,3.234999895095825,3.234999895095825,3.240000009536743,3.234999895095825,3.240000009536743,2037.0
2024-07-03 10:53:00,FDMT,21.09000015258789,21.09000015258789,21.09000015258789,21.09000015258789,21.09000015258789,896.0
2024-07-03 10:53:00,FGEN,0.7181000113487244,0.7181000113487244,0.7181000113487244,0.7145000100135803,0.7174999713897705,1332.0
2024-07-03 10:53:00,FHTX,5.570000171661377,5.570000171661377,5.570000171661377,5.570000171661377,5.570000171661377,285.0
2024-07-03 10:53:00,FOLD,9.890000343322754,9.890000343322754,9.890000343322754,9.885000228881836,9.885000228881836,959.0
2024-07-03 10:53:00,GANX,1.1900999546051025,1.1900999546051025,1.1900999546051025,1.1900999546051025,1.1900999546051025,1190.0
2024-07-03 10:53:00,GDRX,7.864999771118164,7.864999771118164,7.864999771118164,7.860000133514404,7.860000133514404,2116.0
2024-07-03 10:53:00,GERN,4.355000019073486,4.355000019073486,4.360000133514404,4.355000019073486,4.355000019073486,4441.0
2024-07-03 10:53:00,GH,28.43000030517578,28.43000030517578,28.450000762939453,28.43000030517578,28.450000762939453,315.0
2024-07-03 10:53:00,GILD,66.76000213623047,66.76000213623047,66.77989959716797,66.69999694824219,66.7300033569336,19231.0
2024-07-03 10:53:00,GLPG,25.260000228881836,25.260000228881836,25.260000228881836,25.260000228881836,25.260000228881836,428.0
2024-07-03 10:53:00,GLSI,16.80120086669922,16.80120086669922,16.80120086669922,16.80120086669922,16.80120086669922,793.0
2024-07-03 10:53:00,GLUE,3.8399999141693115,3.8399999141693115,3.8399999141693115,3.8399999141693115,3.8399999141693115,212.0
2024-07-03 10:53:00,GLYC,0.2712000012397766,0.2712000012397766,0.27469998598098755,0.2712000012397766,0.27469998598098755,3333.0
2024-07-03 10:53:00,GMAB,25.25,25.25,25.25,25.239999771118164,25.239999771118164,1502.0
2024-07-03 10:53:00,GOSS,0.9546999931335449,0.9546999931335449,0.9546999931335449,0.9508000016212463,0.9508000016212463,1527.0
2024-07-03 10:53:00,GRFS,6.675000190734863,6.675000190734863,6.679999828338623,6.675000190734863,6.679999828338623,2288.0
2024-07-03 10:53:00,GRTS,0.6043999791145325,0.6043999791145325,0.6043999791145325,0.6043999791145325,0.6043999791145325,404.0
2024-07-03 10:53:00,GTHX,2.509999990463257,2.509999990463257,2.509999990463257,2.5,2.5,2763.0
2024-07-03 10:53:00,HALO,51.52000045776367,51.52000045776367,51.52000045776367,51.4900016784668,51.4900016784668,1135.0
2024-07-03 10:53:00,HCSG,10.5600004196167,10.5600004196167,10.5600004196167,10.5600004196167,10.5600004196167,436.0
2024-07-03 10:53:00,HOLX,73.41000366210938,73.41000366210938,73.41000366210938,73.4000015258789,73.4000015258789,513.0
2024-07-03 10:53:00,HRMY,30.155000686645508,30.155000686645508,30.155000686645508,30.155000686645508,30.155000686645508,105.0
2024-07-03 10:53:00,HROW,21.5049991607666,21.5049991607666,21.590099334716797,21.479999542236328,21.590099334716797,3280.0
2024-07-03 10:53:00,HRTX,2.809999942779541,2.809999942779541,2.815000057220459,2.809999942779541,2.809999942779541,7853.0
2024-07-03 10:53:00,HSIC,65.43000030517578,65.43000030517578,65.43000030517578,65.38999938964844,65.38999938964844,1120.0
2024-07-03 10:53:00,HUMA,5.572999954223633,5.572999954223633,5.589200019836426,5.570099830627441,5.579999923706055,4772.0
2024-07-03 10:53:00,IART,28.93000030517578,28.93000030517578,28.959999084472656,28.93000030517578,28.940000534057617,2821.0
2024-07-03 10:53:00,IBRX,6.262499809265137,6.262499809265137,6.269999980926514,6.261300086975098,6.269999980926514,2984.0
2024-07-03 10:53:00,ICLR,318.760009765625,318.760009765625,318.760009765625,318.0899963378906,318.0899963378906,2187.0
2024-07-03 10:53:00,IDXX,475.43499755859375,475.43499755859375,475.760009765625,475.43499755859375,475.489990234375,799.0
2024-07-03 10:53:00,IGMS,6.455699920654297,6.455699920654297,6.46999979019165,6.455699920654297,6.46999979019165,1330.0
2024-07-03 10:53:00,IKNA,1.6299999952316284,1.6299999952316284,1.6299999952316284,1.6299999952316284,1.6299999952316284,202.0
2024-07-03 10:53:00,ILMN,104.83000183105469,104.83000183105469,104.87999725341797,104.79000091552734,104.79000091552734,2481.0
2024-07-03 10:53:00,IMCR,36.02000045776367,36.02000045776367,36.02000045776367,36.02000045776367,36.02000045776367,116.0
2024-07-03 10:53:00,IMMP,1.9550000429153442,1.9550000429153442,1.9550000429153442,1.9550000429153442,1.9550000429153442,105.0
2024-07-03 10:53:00,IMMX,2.339900016784668,2.339900016784668,2.339900016784668,2.300100088119507,2.300100088119507,971.0
2024-07-03 10:53:00,IMNM,11.954999923706055,11.954999923706055,11.954999923706055,11.954999923706055,11.954999923706055,241.0
2024-07-03 10:53:00,IMVT,26.80500030517578,26.80500030517578,26.81999969482422,26.790000915527344,26.790000915527344,1764.0
2024-07-03 10:53:00,INCY,57.7400016784668,57.7400016784668,57.75,57.73500061035156,57.7400016784668,3237.0
2024-07-03 10:53:00,INMB,7.909999847412109,7.909999847412109,7.909999847412109,7.909999847412109,7.909999847412109,601.0
2024-07-03 10:53:00,INMD,17.559999465942383,17.559999465942383,17.56999969482422,17.559999465942383,17.559999465942383,1237.0
2024-07-03 10:53:00,INO,8.460000038146973,8.460000038146973,8.460000038146973,8.460000038146973,8.460000038146973,303.0
2024-07-03 10:53:00,INSM,62.750099182128906,62.750099182128906,62.81999969482422,62.7400016784668,62.81999969482422,4690.0
2024-07-03 10:53:00,IONS,44.56999969482422,44.56999969482422,44.56999969482422,44.56999969482422,44.56999969482422,588.0
2024-07-03 10:53:00,IOVA,7.710000038146973,7.710000038146973,7.710000038146973,7.695000171661377,7.699999809265137,10065.0
2024-07-03 10:53:00,IPSC,2.255000114440918,2.255000114440918,2.255000114440918,2.255000114440918,2.255000114440918,313.0
2024-07-03 10:53:00,IRTC,96.01000213623047,96.01000213623047,96.48500061035156,96.01000213623047,96.11000061035156,4225.0
2024-07-03 10:53:00,IRWD,6.159999847412109,6.159999847412109,6.159999847412109,6.159999847412109,6.159999847412109,1433.0
2024-07-03 10:53:00,ISPC,0.2791999876499176,0.2791999876499176,0.28349998593330383,0.2791999876499176,0.2802000045776367,12788.0
2024-07-03 10:53:00,ISRG,433.92498779296875,433.92498779296875,434.05999755859375,433.6700134277344,433.6700134277344,2169.0
2024-07-03 10:53:00,ITCI,67.89749908447266,67.89749908447266,67.94499969482422,67.88999938964844,67.94499969482422,5403.0
2024-07-03 10:53:00,ITOS,14.6899995803833,14.6899995803833,14.6899995803833,14.6899995803833,14.6899995803833,1724.0
2024-07-03 10:53:00,IVVD,1.1150000095367432,1.1150000095367432,1.1150000095367432,1.1150000095367432,1.1150000095367432,506.0
2024-07-03 10:53:00,JAZZ,104.56999969482422,104.56999969482422,104.56999969482422,104.48999786376953,104.48999786376953,651.0
2024-07-03 10:53:00,KOD,2.2200000286102295,2.2200000286102295,2.2200000286102295,2.2200000286102295,2.2200000286102295,107.0
2024-07-03 10:53:00,KPRX,4.327400207519531,4.327400207519531,4.327400207519531,4.327400207519531,4.327400207519531,1240.0
2024-07-03 10:53:00,KRMD,2.309999942779541,2.309999942779541,2.309999942779541,2.2899999618530273,2.2899999618530273,508.0
2024-07-03 10:53:00,KRON,1.1399999856948853,1.1399999856948853,1.1399999856948853,1.1399999856948853,1.1399999856948853,220.0
2024-07-03 10:53:00,KTRA,0.2847999930381775,0.2847999930381775,0.2847999930381775,0.2838999927043915,0.2838999927043915,1111.0
2024-07-03 10:53:00,KURA,20.59000015258789,20.59000015258789,20.59000015258789,20.59000015258789,20.59000015258789,794.0
2024-07-03 10:53:00,KZR,0.5781999826431274,0.5781999826431274,0.5781999826431274,0.5781999826431274,0.5781999826431274,242.0
2024-07-03 10:53:00,LAB,1.7899999618530273,1.7899999618530273,1.7999999523162842,1.7899999618530273,1.7899999618530273,589.0
2024-07-03 10:53:00,LBPH,33.0,33.0,33.0,32.709999084472656,32.709999084472656,2710.0
2024-07-03 10:53:00,LEGN,45.70000076293945,45.70000076293945,45.70000076293945,45.59000015258789,45.59000015258789,3354.0
2024-07-03 10:53:00,LFMD,6.760000228881836,6.760000228881836,6.760000228881836,6.760000228881836,6.760000228881836,386.0
2024-07-03 10:53:00,LFST,5.175000190734863,5.175000190734863,5.175000190734863,5.150000095367432,5.150000095367432,4051.0
2024-07-03 10:53:00,LGVN,1.6198999881744385,1.6198999881744385,1.6198999881744385,1.6198999881744385,1.6198999881744385,1254.0
2024-07-03 10:53:00,LIVN,52.630001068115234,52.630001068115234,52.630001068115234,52.56999969482422,52.56999969482422,1448.0
2024-07-03 10:53:00,LNTH,79.17610168457031,79.17610168457031,79.19000244140625,79.11000061035156,79.11000061035156,1569.0
2024-07-03 10:53:00,LQDA,11.960000038146973,11.960000038146973,11.960000038146973,11.90999984741211,11.944999694824219,3530.0
2024-07-03 10:53:00,LRMR,7.670000076293945,7.670000076293945,7.670000076293945,7.670000076293945,7.670000076293945,925.0
2024-07-03 10:53:00,LUCY,0.4729999899864197,0.4729999899864197,0.4729999899864197,0.46639999747276306,0.47119998931884766,0.0
2024-07-03 10:53:00,LYEL,1.4500000476837158,1.4500000476837158,1.4500000476837158,1.4500000476837158,1.4500000476837158,6954.0
2024-07-03 10:53:00,MASI,115.0199966430664,115.0199966430664,115.0199966430664,115.0199966430664,115.0199966430664,175.0
2024-07-03 10:53:00,MBIO,0.5187000036239624,0.5187000036239624,0.5187000036239624,0.5187000036239624,0.5187000036239624,1802.0
2024-07-03 10:53:00,MDXG,6.775000095367432,6.775000095367432,6.775000095367432,6.775000095367432,6.775000095367432,933.0
2024-07-03 10:53:00,ME,0.400299996137619,0.400299996137619,0.400299996137619,0.4000000059604645,0.400299996137619,3886.0
2024-07-03 10:53:00,MGNX,4.264999866485596,4.264999866485596,4.264999866485596,4.251500129699707,4.264999866485596,2967.0
2024-07-03 10:53:00,MGTX,4.03000020980835,4.03000020980835,4.03000020980835,4.03000020980835,4.03000020980835,523.0
2024-07-03 10:53:00,MIRM,33.58000183105469,33.58000183105469,33.58000183105469,33.58000183105469,33.58000183105469,365.0
2024-07-03 10:53:00,MLTX,41.314998626708984,41.314998626708984,41.314998626708984,41.314998626708984,41.314998626708984,339.0
2024-07-03 10:53:00,MNKD,5.09499979019165,5.09499979019165,5.09499979019165,5.09499979019165,5.09499979019165,222.0
2024-07-03 10:53:00,MNMD,7.289999961853027,7.289999961853027,7.289999961853027,7.239999771118164,7.239999771118164,4439.0
2024-07-03 10:53:00,MOR,18.190000534057617,18.190000534057617,18.190000534057617,18.190000534057617,18.190000534057617,2968.0
2024-07-03 10:53:00,MORF,31.834999084472656,31.834999084472656,31.837499618530273,31.829999923706055,31.834999084472656,625.0
2024-07-03 10:53:00,MREO,3.515000104904175,3.515000104904175,3.515000104904175,3.515000104904175,3.515000104904175,948.0
2024-07-03 10:53:00,MRNA,116.62999725341797,116.62999725341797,116.77999877929688,116.40180206298828,116.77999877929688,11987.0
2024-07-03 10:53:00,MRSN,1.8899999856948853,1.8899999856948853,1.8899999856948853,1.8899999856948853,1.8899999856948853,310.0
2024-07-03 10:53:00,MRUS,52.72999954223633,52.72999954223633,52.81999969482422,52.72999954223633,52.81999969482422,736.0
2024-07-03 10:53:00,MRVI,6.795000076293945,6.795000076293945,6.795000076293945,6.780099868774414,6.784999847412109,9539.0
2024-07-03 10:53:00,MXCT,3.7049999237060547,3.7049999237060547,3.7149999141693115,3.700000047683716,3.7149999141693115,991.0
2024-07-03 10:53:00,MYGN,25.280000686645508,25.280000686645508,25.280000686645508,25.280000686645508,25.280000686645508,434.0
2024-07-03 10:53:00,MYNZ,0.3400000035762787,0.3400000035762787,0.3400000035762787,0.3310000002384186,0.3400000035762787,33151.0
2024-07-03 10:53:00,NBIX,137.8800048828125,137.8800048828125,138.05999755859375,137.8800048828125,137.9199981689453,665.0
2024-07-03 10:53:00,NDRA,0.08479999750852585,0.08479999750852585,0.08479999750852585,0.08479999750852585,0.08479999750852585,22272.0
2024-07-03 10:53:00,NEO,13.680000305175781,13.680000305175781,13.680000305175781,13.680000305175781,13.680000305175781,666.0
2024-07-03 10:53:00,NEOG,15.234999656677246,15.234999656677246,15.234999656677246,15.234999656677246,15.234999656677246,1592.0
2024-07-03 10:53:00,NKTR,1.2549999952316284,1.2549999952316284,1.2599999904632568,1.2450000047683716,1.25,7476.0
2024-07-03 10:53:00,NKTX,5.429299831390381,5.429299831390381,5.429999828338623,5.429299831390381,5.429999828338623,412.0
2024-07-03 10:53:00,NLSP,0.20100000500679016,0.20100000500679016,0.20229999721050262,0.20100000500679016,0.20229999721050262,30773.0
2024-07-03 10:53:00,NNOX,7.050000190734863,7.050000190734863,7.050000190734863,7.050000190734863,7.050000190734863,105.0
2024-07-03 10:53:00,NRIX,19.635000228881836,19.635000228881836,19.635000228881836,19.610000610351562,19.610000610351562,570.0
2024-07-03 10:53:00,NTLA,22.69969940185547,22.69969940185547,22.700000762939453,22.65999984741211,22.665000915527344,2254.0
2024-07-03 10:53:00,NTRA,111.69999694824219,111.69999694824219,111.83499908447266,111.66000366210938,111.79000091552734,3638.0
2024-07-03 10:53:00,NUVL,71.75,71.75,71.75,71.75,71.75,379.0
2024-07-03 10:53:00,NVAX,12.759099960327148,12.759099960327148,12.759099960327148,12.710000038146973,12.718500137329102,14644.0
2024-07-03 10:53:00,NVCR,16.799999237060547,16.799999237060547,16.809999465942383,16.795000076293945,16.80900001525879,2945.0
2024-07-03 10:53:00,NVOS,0.7652000188827515,0.7652000188827515,0.7652000188827515,0.7652000188827515,0.7652000188827515,650.0
2024-07-03 10:53:00,NXL,1.3919999599456787,1.3919999599456787,1.3919999599456787,1.3919999599456787,1.3919999599456787,2000.0
2024-07-03 10:53:00,NXTC,1.590000033378601,1.590000033378601,1.590000033378601,1.590000033378601,1.590000033378601,200.0
2024-07-03 10:53:00,OCGN,1.6449999809265137,1.6449999809265137,1.6449999809265137,1.6449999809265137,1.6449999809265137,5261.0
2024-07-03 10:53:00,OCUL,6.75,6.75,6.75,6.75,6.75,101.0
2024-07-03 10:53:00,OGI,1.6050000190734863,1.6050000190734863,1.6100000143051147,1.600000023841858,1.6100000143051147,3762.0
2024-07-03 10:53:00,OLK,25.782499313354492,25.782499313354492,25.782499313354492,25.782499313354492,25.782499313354492,294.0
2024-07-03 10:53:00,OM,3.694999933242798,3.694999933242798,3.694999933242798,3.690000057220459,3.690000057220459,3719.0
2024-07-03 10:53:00,OMCL,26.479999542236328,26.479999542236328,26.479999542236328,26.479999542236328,26.479999542236328,381.0
2024-07-03 10:53:00,OMER,3.9149999618530273,3.9149999618530273,3.9149999618530273,3.9149999618530273,3.9149999618530273,395.0
2024-07-03 10:53:00,OMGA,2.0,2.0,2.0,2.0,2.0,185.0
2024-07-03 10:54:00,ABCL,2.740000009536743,2.740000009536743,2.744999885559082,2.740000009536743,2.740000009536743,4631.0
2024-07-03 10:54:00,ABSI,3.25,3.25,3.25,3.240000009536743,3.240000009536743,11446.0
2024-07-03 10:54:00,ABUS,3.1549999713897705,3.1549999713897705,3.1549999713897705,3.1500000953674316,3.1549999713897705,1704.0
2024-07-03 10:54:00,ACAD,15.640000343322754,15.640000343322754,15.649999618530273,15.640000343322754,15.640000343322754,769.0
2024-07-03 10:54:00,ACB,4.985799789428711,4.985799789428711,4.985799789428711,4.980000019073486,4.980000019073486,2024.0
2024-07-03 10:54:00,ACCD,3.5850000381469727,3.5850000381469727,3.5850000381469727,3.575000047683716,3.575000047683716,7162.0
2024-07-03 10:54:00,ACET,1.0549999475479126,1.0549999475479126,1.0549999475479126,1.0549999475479126,1.0549999475479126,208.0
2024-07-03 10:54:00,ACHC,66.29000091552734,66.29000091552734,66.33000183105469,66.13999938964844,66.16999816894531,3335.0
2024-07-03 10:54:00,ACIU,3.890000104904175,3.890000104904175,3.9100000858306885,3.890000104904175,3.9000000953674316,2369.0
2024-07-03 10:54:00,ACLX,53.93000030517578,53.93000030517578,53.93000030517578,53.93000030517578,53.93000030517578,4032.0
2024-07-03 10:54:00,ADAP,1.024999976158142,1.024999976158142,1.0299999713897705,1.0199999809265137,1.0199999809265137,499.0
2024-07-03 10:54:00,ADMA,11.354999542236328,11.354999542236328,11.354999542236328,11.345000267028809,11.350000381469727,6196.0
2024-07-03 10:54:00,AEMD,0.41600000858306885,0.41600000858306885,0.41600000858306885,0.41600000858306885,0.41600000858306885,0.0
2024-07-03 10:54:00,AFMD,5.079999923706055,5.079999923706055,5.079999923706055,5.079999923706055,5.079999923706055,369.0
2024-07-03 10:54:00,AGIO,41.90999984741211,41.90999984741211,41.91999816894531,41.90999984741211,41.91999816894531,950.0
2024-07-03 10:54:00,AHCO,9.850000381469727,9.850000381469727,9.850000381469727,9.84000015258789,9.845000267028809,1229.0
2024-07-03 10:54:00,AKAN,2.25,2.25,2.25,2.25,2.25,2239.0
2024-07-03 10:54:00,AKYA,2.1500000953674316,2.1500000953674316,2.1500000953674316,2.1500000953674316,2.1500000953674316,200.0
2024-07-03 10:54:00,ALGS,0.42750000953674316,0.42750000953674316,0.43050000071525574,0.42750000953674316,0.43050000071525574,13713.0
2024-07-03 10:54:00,ALHC,8.029999732971191,8.029999732971191,8.029999732971191,8.015000343322754,8.020000457763672,3139.0
2024-07-03 10:54:00,ALKS,24.280000686645508,24.280000686645508,24.290000915527344,24.280000686645508,24.290000915527344,1146.0
2024-07-03 10:54:00,ALLK,0.8550999760627747,0.8550999760627747,0.8550999760627747,0.8550999760627747,0.8550999760627747,200.0
2024-07-03 10:54:00,ALLO,2.130000114440918,2.130000114440918,2.134999990463257,2.130000114440918,2.130000114440918,2304.0
2024-07-03 10:54:00,ALNY,245.67999267578125,245.67999267578125,245.67999267578125,245.67999267578125,245.67999267578125,5102.0
2024-07-03 10:54:00,ALT,6.65500020980835,6.65500020980835,6.65500020980835,6.614999771118164,6.619999885559082,14237.0
2024-07-03 10:54:00,ALXO,5.824999809265137,5.824999809265137,5.860000133514404,5.824999809265137,5.860000133514404,3253.0
2024-07-03 10:54:00,AMED,96.81999969482422,96.81999969482422,96.81999969482422,96.71499633789062,96.73500061035156,2929.0
2024-07-03 10:54:00,AMGN,309.1099853515625,309.1099853515625,309.1099853515625,309.010009765625,309.010009765625,990.0
2024-07-03 10:54:00,AMLX,1.7549999952316284,1.7549999952316284,1.7549999952316284,1.75,1.75,1711.0
2024-07-03 10:54:00,AMPH,38.290000915527344,38.290000915527344,38.31999969482422,38.290000915527344,38.31999969482422,1386.0
2024-07-03 10:54:00,AMRN,0.710099995136261,0.710099995136261,0.7117000222206116,0.7099999785423279,0.710099995136261,6962.0
2024-07-03 10:54:00,ANAB,25.329999923706055,25.329999923706055,25.440000534057617,25.329999923706055,25.440000534057617,2340.0
2024-07-03 10:54:00,ANIK,26.110000610351562,26.110000610351562,26.110000610351562,26.110000610351562,26.110000610351562,793.0
2024-07-03 10:54:00,ANNX,4.795000076293945,4.795000076293945,4.795000076293945,4.789999961853027,4.795000076293945,966.0
2024-07-03 10:54:00,ANTX,2.490000009536743,2.490000009536743,2.490000009536743,2.490000009536743,2.490000009536743,153.0
2024-07-03 10:54:00,APLS,35.38999938964844,35.38999938964844,35.39500045776367,35.38999938964844,35.38999938964844,630.0
2024-07-03 10:54:00,APLT,4.440000057220459,4.440000057220459,4.440000057220459,4.440000057220459,4.440000057220459,1304.0
2024-07-03 10:54:00,APVO,0.3050999939441681,0.3050999939441681,0.3050999939441681,0.3050999939441681,0.3050999939441681,988.0
2024-07-03 10:54:00,AQST,2.4149999618530273,2.4149999618530273,2.4149999618530273,2.4149999618530273,2.4149999618530273,332.0
2024-07-03 10:54:00,ARCT,21.479999542236328,21.479999542236328,21.555099487304688,21.479999542236328,21.555099487304688,439.0
2024-07-03 10:54:00,ARDX,5.210000038146973,5.210000038146973,5.210000038146973,5.199999809265137,5.210000038146973,19713.0
2024-07-03 10:54:00,ARQT,9.53499984741211,9.53499984741211,9.539999961853027,9.529999732971191,9.53499984741211,2169.0
2024-07-03 10:54:00,ARWR,25.6299991607666,25.6299991607666,25.6299991607666,25.614999771118164,25.614999771118164,513.0
2024-07-03 10:54:00,ASND,135.7100067138672,135.7100067138672,135.73500061035156,135.60000610351562,135.73500061035156,868.0
2024-07-03 10:54:00,ASRT,1.3450000286102295,1.3450000286102295,1.3494999408721924,1.3450000286102295,1.3450000286102295,508.0
2024-07-03 10:54:00,ATAI,1.2969000339508057,1.2969000339508057,1.2969000339508057,1.2969000339508057,1.2969000339508057,266.0
2024-07-03 10:54:00,ATEC,9.9399995803833,9.9399995803833,9.9399995803833,9.9399995803833,9.9399995803833,1483.0
2024-07-03 10:54:00,ATRC,22.190000534057617,22.190000534057617,22.219999313354492,22.190000534057617,22.219999313354492,1655.0
2024-07-03 10:54:00,AUGX,1.0,1.0,1.0098999738693237,0.9984999895095825,0.9984999895095825,15672.0
2024-07-03 10:54:00,AUPH,5.485000133514404,5.485000133514404,5.485000133514404,5.485000133514404,5.485000133514404,157.0
2024-07-03 10:54:00,AVDL,14.319999694824219,14.319999694824219,14.329999923706055,14.319999694824219,14.329999923706055,987.0
2024-07-03 10:54:00,AVIR,3.319999933242798,3.319999933242798,3.319999933242798,3.319999933242798,3.319999933242798,19.0
2024-07-03 10:54:00,AVTE,1.6100000143051147,1.6100000143051147,1.6100000143051147,1.6100000143051147,1.6100000143051147,14.0
2024-07-03 10:54:00,AXGN,7.425000190734863,7.425000190734863,7.429999828338623,7.425000190734863,7.429999828338623,1539.0
2024-07-03 10:54:00,AXSM,79.9000015258789,79.9000015258789,79.93000030517578,79.86000061035156,79.87000274658203,2848.0
2024-07-03 10:54:00,AZN,76.77999877929688,76.77999877929688,76.82499694824219,76.7699966430664,76.81999969482422,7632.0
2024-07-03 10:54:00,AZTA,52.63999938964844,52.63999938964844,52.63999938964844,52.63999938964844,52.63999938964844,127.0
2024-07-03 10:54:00,BBIO,25.329999923706055,25.329999923706055,25.350000381469727,25.325000762939453,25.350000381469727,1212.0
2024-07-03 10:54:00,BCAB,1.3550000190734863,1.3550000190734863,1.3550000190734863,1.3550000190734863,1.3550000190734863,300.0
2024-07-03 10:54:00,BCLI,0.35019999742507935,0.35019999742507935,0.35019999742507935,0.35019999742507935,0.35019999742507935,200.0
2024-07-03 10:54:00,BCRX,6.55049991607666,6.55049991607666,6.55049991607666,6.55049991607666,6.55049991607666,1627.0
2024-07-03 10:54:00,BEAM,23.774999618530273,23.774999618530273,23.84000015258789,23.75,23.790000915527344,12029.0
2024-07-03 10:54:00,BFRI,0.8323000073432922,0.8323000073432922,0.8324000239372253,0.8320000171661377,0.8324000239372253,1538.0
2024-07-03 10:54:00,BGNE,146.89500427246094,146.89500427246094,146.89500427246094,146.89500427246094,146.89500427246094,415.0
2024-07-03 10:54:00,BIIB,224.73280334472656,224.73280334472656,224.79840087890625,224.6199951171875,224.72000122070312,1313.0
2024-07-03 10:54:00,BJDX,0.6302000284194946,0.6302000284194946,0.6302000284194946,0.6302000284194946,0.6302000284194946,259.0
2024-07-03 10:54:00,BLUE,0.9319000244140625,0.9319000244140625,0.9341999888420105,0.9286999702453613,0.9286999702453613,61766.0
2024-07-03 10:54:00,BMEA,4.410099983215332,4.410099983215332,4.410099983215332,4.410099983215332,4.410099983215332,625.0
2024-07-03 10:54:00,BMRN,81.2300033569336,81.2300033569336,81.2300033569336,81.2300033569336,81.2300033569336,891.0
2024-07-03 10:54:00,BNTX,80.54000091552734,80.54000091552734,80.58000183105469,80.54000091552734,80.56999969482422,2453.0
2024-07-03 10:54:00,BPMC,110.4749984741211,110.4749984741211,110.56999969482422,110.4749984741211,110.56999969482422,972.0
2024-07-03 10:54:00,BTMD,7.400000095367432,7.400000095367432,7.400000095367432,7.400000095367432,7.400000095367432,429.0
2024-07-03 10:54:00,CABA,7.699999809265137,7.699999809265137,7.710000038146973,7.699999809265137,7.710000038146973,738.0
2024-07-03 10:54:00,CAPR,4.760000228881836,4.760000228881836,4.760000228881836,4.760000228881836,4.760000228881836,514.0
2024-07-03 10:54:00,CARA,0.2849999964237213,0.2849999964237213,0.2849999964237213,0.2849999964237213,0.2849999964237213,862.0
2024-07-03 10:54:00,CCCC,4.730000019073486,4.730000019073486,4.730000019073486,4.715000152587891,4.715000152587891,1875.0
2024-07-03 10:54:00,CCRN,13.770000457763672,13.770000457763672,13.770000457763672,13.739999771118164,13.739999771118164,945.0
2024-07-03 10:54:00,CDNA,15.194999694824219,15.194999694824219,15.194999694824219,15.194999694824219,15.194999694824219,1980.0
2024-07-03 10:54:00,CDXS,2.919300079345703,2.919300079345703,2.919300079345703,2.9189999103546143,2.9189999103546143,2533.0
2024-07-03 10:54:00,CELC,16.290000915527344,16.290000915527344,16.290000915527344,16.290000915527344,16.290000915527344,123.0
2024-07-03 10:54:00,CERE,41.33000183105469,41.33000183105469,41.33000183105469,41.33000183105469,41.33000183105469,651.0
2024-07-03 10:54:00,CGC,6.8190999031066895,6.8190999031066895,6.829999923706055,6.80620002746582,6.820000171661377,59547.0
2024-07-03 10:54:00,CGEM,16.747299194335938,16.747299194335938,16.747299194335938,16.729999542236328,16.729999542236328,1850.0
2024-07-03 10:54:00,CGTX,1.7878999710083008,1.7878999710083008,1.7878999710083008,1.7878999710083008,1.7878999710083008,0.0
2024-07-03 10:54:00,CHRS,1.4049999713897705,1.4049999713897705,1.4049999713897705,1.4049999713897705,1.4049999713897705,2.0
2024-07-03 10:54:00,CING,0.3310000002384186,0.3310000002384186,0.3310000002384186,0.3301999866962433,0.3301999866962433,1300.0
2024-07-03 10:54:00,CKPT,2.2200000286102295,2.2200000286102295,2.2699999809265137,2.2200000286102295,2.2699999809265137,8327.0
2024-07-03 10:54:00,CLPT,5.400000095367432,5.400000095367432,5.420000076293945,5.399799823760986,5.399799823760986,3242.0
2024-07-03 10:54:00,CMPX,0.8457000255584717,0.8457000255584717,0.8457000255584717,0.8457000255584717,0.8457000255584717,0.0
2024-07-03 10:54:00,CNSP,2.1805999279022217,2.1805999279022217,2.200000047683716,2.1500000953674316,2.1593000888824463,144052.0
2024-07-03 10:54:00,CNTX,1.7999999523162842,1.7999999523162842,1.7999999523162842,1.7897000312805176,1.7898999452590942,1281.0
2024-07-03 10:54:00,COGT,8.300000190734863,8.300000190734863,8.3100004196167,8.300000190734863,8.3100004196167,1021.0
2024-07-03 10:54:00,CORT,30.670000076293945,30.670000076293945,30.670000076293945,30.670000076293945,30.670000076293945,488.0
2024-07-03 10:54:00,COSM,0.949999988079071,0.949999988079071,0.949999988079071,0.949999988079071,0.949999988079071,926.0
2024-07-03 10:54:00,CPIX,1.5,1.5,1.5,1.5,1.5,0.0
2024-07-03 10:54:00,CPRX,15.489999771118164,15.489999771118164,15.489999771118164,15.489999771118164,15.489999771118164,573.0
2024-07-03 10:54:00,CRBU,1.5850000381469727,1.5850000381469727,1.5850000381469727,1.5850000381469727,1.5850000381469727,1671.0
2024-07-03 10:54:00,CRDF,2.2699999809265137,2.2699999809265137,2.2699999809265137,2.259999990463257,2.259999990463257,1256.0
2024-07-03 10:54:00,CRON,2.359999895095825,2.359999895095825,2.359999895095825,2.359999895095825,2.359999895095825,0.0
2024-07-03 10:54:00,CRSP,53.84349822998047,53.84349822998047,53.90999984741211,53.84349822998047,53.90999984741211,3571.0
2024-07-03 10:54:00,CTKB,5.71999979019165,5.71999979019165,5.71999979019165,5.710000038146973,5.710000038146973,2544.0
2024-07-03 10:54:00,CTMX,1.3250000476837158,1.3250000476837158,1.3300000429153442,1.3250000476837158,1.3250000476837158,2399.0
2024-07-03 10:54:00,CTXR,0.5162000060081482,0.5162000060081482,0.5162000060081482,0.5162000060081482,0.5162000060081482,4100.0
2024-07-03 10:54:00,CUE,1.0099999904632568,1.0099999904632568,1.0099999904632568,1.0099999904632568,1.0099999904632568,701.0
2024-07-03 10:54:00,CUTR,1.315000057220459,1.315000057220459,1.315000057220459,1.315000057220459,1.315000057220459,239.0
2024-07-03 10:54:00,CVAC,3.365000009536743,3.365000009536743,3.3698999881744385,3.359999895095825,3.365000009536743,20619.0
2024-07-03 10:54:00,CYTK,54.709999084472656,54.709999084472656,54.76499938964844,54.689998626708984,54.76499938964844,1715.0
2024-07-03 10:54:00,DAWN,13.350000381469727,13.350000381469727,13.350000381469727,13.350000381469727,13.350000381469727,295.0
2024-07-03 10:54:00,DCTH,7.840000152587891,7.840000152587891,7.880000114440918,7.840000152587891,7.880000114440918,1218.0
2024-07-03 10:54:00,DH,5.400000095367432,5.400000095367432,5.400000095367432,5.389999866485596,5.389999866485596,476.0
2024-07-03 10:54:00,DNLI,21.635000228881836,21.635000228881836,21.635000228881836,21.635000228881836,21.635000228881836,764.0
2024-07-03 10:54:00,DSGN,3.25,3.25,3.25,3.25,3.25,399.0
2024-07-03 10:54:00,DVAX,11.104999542236328,11.104999542236328,11.104999542236328,11.104999542236328,11.104999542236328,613.0
2024-07-03 10:54:00,DXCM,110.09500122070312,110.09500122070312,110.11000061035156,110.02999877929688,110.02999877929688,3807.0
2024-07-03 10:54:00,DYN,34.400001525878906,34.400001525878906,34.400001525878906,34.38999938964844,34.38999938964844,674.0
2024-07-03 10:54:00,EDIT,4.664999961853027,4.664999961853027,4.664999961853027,4.664999961853027,4.664999961853027,1097.0
2024-07-03 10:54:00,ELEV,2.680000066757202,2.680000066757202,2.680000066757202,2.680000066757202,2.680000066757202,446.0
2024-07-03 10:54:00,ENVB,0.5099999904632568,0.5099999904632568,0.5099999904632568,0.5099999904632568,0.5099999904632568,110.0
2024-07-03 10:54:00,ERAS,2.255000114440918,2.255000114440918,2.255000114440918,2.255000114440918,2.255000114440918,154.0
2024-07-03 10:54:00,ESPR,2.380000114440918,2.380000114440918,2.380000114440918,2.375,2.375,1374.0
2024-07-03 10:54:00,EXAI,5.428699970245361,5.428699970245361,5.428699970245361,5.428699970245361,5.428699970245361,540.0
2024-07-03 10:54:00,EXAS,43.275001525878906,43.275001525878906,43.290000915527344,43.2599983215332,43.279998779296875,2637.0
2024-07-03 10:54:00,EXEL,21.979999542236328,21.979999542236328,21.979999542236328,21.979999542236328,21.979999542236328,332.0
2024-07-03 10:54:00,EYEN,0.7870000004768372,0.7870000004768372,0.7870000004768372,0.7870000004768372,0.7870000004768372,112.0
2024-07-03 10:54:00,EYPT,8.324999809265137,8.324999809265137,8.34000015258789,8.300000190734863,8.34000015258789,2917.0
2024-07-03 10:54:00,FATE,3.234999895095825,3.234999895095825,3.240000009536743,3.2300000190734863,3.234999895095825,2421.0
2024-07-03 10:54:00,FDMT,21.094999313354492,21.094999313354492,21.094999313354492,21.094999313354492,21.094999313354492,213.0
2024-07-03 10:54:00,FGEN,0.7159000039100647,0.7159000039100647,0.7159000039100647,0.7157999873161316,0.7157999873161316,3542.0
2024-07-03 10:54:00,FLGC,0.9419999718666077,0.9419999718666077,0.9419999718666077,0.9419999718666077,0.9419999718666077,3010.0
2024-07-03 10:54:00,FONR,15.914999961853027,15.914999961853027,15.999799728393555,15.914999961853027,15.979999542236328,1750.0
2024-07-03 10:54:00,FULC,6.139999866485596,6.139999866485596,6.150000095367432,6.139999866485596,6.150000095367432,2559.0
2024-07-03 10:54:00,GDRX,7.869999885559082,7.869999885559082,7.869999885559082,7.84499979019165,7.860000133514404,15412.0
2024-07-03 10:54:00,GERN,4.34499979019165,4.34499979019165,4.355000019073486,4.34499979019165,4.355000019073486,18845.0
2024-07-03 10:54:00,GH,28.389999389648438,28.389999389648438,28.43000030517578,28.389999389648438,28.43000030517578,3334.0
2024-07-03 10:54:00,GILD,66.81999969482422,66.81999969482422,66.83999633789062,66.7300033569336,66.76000213623047,25661.0
2024-07-03 10:54:00,GLPG,25.229999542236328,25.229999542236328,25.260000228881836,25.229999542236328,25.260000228881836,321.0
2024-07-03 10:54:00,GLTO,0.5299999713897705,0.5299999713897705,0.5299999713897705,0.5199999809265137,0.5199999809265137,6620.0
2024-07-03 10:54:00,GLYC,0.2712000012397766,0.2712000012397766,0.271699994802475,0.2712000012397766,0.271699994802475,733.0
2024-07-03 10:54:00,GMAB,25.260000228881836,25.260000228881836,25.260000228881836,25.25,25.25,2084.0
2024-07-03 10:54:00,GOSS,0.9452000260353088,0.9452000260353088,0.9470999836921692,0.9452000260353088,0.9470999836921692,2463.0
2024-07-03 10:54:00,GRFS,6.684999942779541,6.684999942779541,6.684999942779541,6.670000076293945,6.670000076293945,9979.0
2024-07-03 10:54:00,GRTS,0.6032000184059143,0.6032000184059143,0.6061999797821045,0.6032000184059143,0.6047999858856201,19179.0
2024-07-03 10:54:00,GTHX,2.509999990463257,2.509999990463257,2.509999990463257,2.509999990463257,2.509999990463257,1381.0
2024-07-03 10:54:00,HALO,51.494998931884766,51.494998931884766,51.494998931884766,51.494998931884766,51.494998931884766,1581.0
2024-07-03 10:54:00,HBIO,2.755000114440918,2.755000114440918,2.755000114440918,2.755000114440918,2.755000114440918,2559.0
2024-07-03 10:54:00,HCM,17.450000762939453,17.450000762939453,17.450000762939453,17.440000534057617,17.450000762939453,1262.0
2024-07-03 10:54:00,HCSG,10.579999923706055,10.579999923706055,10.579999923706055,10.574999809265137,10.579999923706055,933.0
2024-07-03 10:54:00,HOLX,73.41000366210938,73.41000366210938,73.41000366210938,73.37999725341797,73.3949966430664,5230.0
2024-07-03 10:54:00,HOOK,0.5899999737739563,0.5899999737739563,0.5899999737739563,0.5899999737739563,0.5899999737739563,0.0
2024-07-03 10:54:00,HQY,83.16999816894531,83.16999816894531,83.16999816894531,82.95999908447266,83.0,3383.0
2024-07-03 10:54:00,HRMY,30.155000686645508,30.155000686645508,30.155000686645508,30.155000686645508,30.155000686645508,210.0
2024-07-03 10:54:00,HRTX,2.805000066757202,2.805000066757202,2.809999942779541,2.799999952316284,2.809999942779541,12009.0
2024-07-03 10:54:00,HSIC,65.41000366210938,65.41000366210938,65.43000030517578,65.41000366210938,65.41999816894531,2040.0
2024-07-03 10:54:00,HUGE,0.14350000023841858,0.14350000023841858,0.14350000023841858,0.14350000023841858,0.14350000023841858,1800.0
2024-07-03 10:54:00,HUMA,5.570000171661377,5.570000171661377,5.590000152587891,5.570000171661377,5.579999923706055,3507.0
2024-07-03 10:54:00,IBRX,6.235000133514404,6.235000133514404,6.264999866485596,6.230000019073486,6.264999866485596,26302.0
2024-07-03 10:54:00,ICAD,1.2300000190734863,1.2300000190734863,1.2300000190734863,1.2300000190734863,1.2300000190734863,260.0
2024-07-03 10:54:00,ICLR,319.0669860839844,319.0669860839844,319.0669860839844,319.0669860839844,319.0669860839844,142.0
2024-07-03 10:54:00,ICUI,117.23999786376953,117.23999786376953,117.23999786376953,117.23999786376953,117.23999786376953,947.0
2024-07-03 10:54:00,ILMN,104.8949966430664,104.8949966430664,104.94999694824219,104.83999633789062,104.83999633789062,2288.0
2024-07-03 10:54:00,IMCR,36.0,36.0,36.0,36.0,36.0,303.0
2024-07-03 10:54:00,IMMX,2.339900016784668,2.339900016784668,2.3399999141693115,2.339900016784668,2.3399999141693115,1543.0
2024-07-03 10:54:00,IMNM,11.949999809265137,11.949999809265137,11.949999809265137,11.949999809265137,11.949999809265137,114.0
2024-07-03 10:54:00,IMTX,11.895000457763672,11.895000457763672,11.895000457763672,11.895000457763672,11.895000457763672,579.0
2024-07-03 10:54:00,IMUX,1.1349999904632568,1.1349999904632568,1.1349999904632568,1.1349999904632568,1.1349999904632568,1203.0
2024-07-03 10:54:00,IMVT,26.770000457763672,26.770000457763672,26.790000915527344,26.770000457763672,26.790000915527344,1699.0
2024-07-03 10:54:00,INCY,57.70000076293945,57.70000076293945,57.72999954223633,57.70000076293945,57.72999954223633,6071.0
2024-07-03 10:54:00,INMB,7.880000114440918,7.880000114440918,7.880000114440918,7.880000114440918,7.880000114440918,200.0
2024-07-03 10:54:00,INMD,17.510000228881836,17.510000228881836,17.559999465942383,17.510000228881836,17.559999465942383,6536.0
2024-07-03 10:54:00,INO,8.457500457763672,8.457500457763672,8.457500457763672,8.457500457763672,8.457500457763672,180.0
2024-07-03 10:54:00,INSM,62.720001220703125,62.720001220703125,62.79999923706055,62.70000076293945,62.75,3535.0
2024-07-03 10:54:00,IONM,0.3330000042915344,0.3330000042915344,0.3330000042915344,0.3330000042915344,0.3330000042915344,4005.0
2024-07-03 10:54:00,IONS,44.4900016784668,44.4900016784668,44.56999969482422,44.47999954223633,44.540000915527344,7444.0
2024-07-03 10:54:00,IOVA,7.704999923706055,7.704999923706055,7.710000038146973,7.704999923706055,7.704999923706055,6934.0
2024-07-03 10:54:00,IRWD,6.15500020980835,6.15500020980835,6.159999847412109,6.15500020980835,6.159999847412109,626.0
2024-07-03 10:54:00,ISRG,433.7550048828125,433.7550048828125,433.8699951171875,433.6300048828125,433.8699951171875,1969.0
2024-07-03 10:54:00,ITCI,67.88500213623047,67.88500213623047,67.9000015258789,67.88500213623047,67.9000015258789,1787.0
2024-07-03 10:54:00,JAGX,3.4800000190734863,3.4800000190734863,3.4800000190734863,3.4800000190734863,3.4800000190734863,1226.0
2024-07-03 10:54:00,JAZZ,104.3499984741211,104.3499984741211,104.3499984741211,104.3499984741211,104.3499984741211,441.0
2024-07-03 10:54:00,KMDA,5.179999828338623,5.179999828338623,5.179999828338623,5.179999828338623,5.179999828338623,412.0
2024-07-03 10:54:00,KOD,2.2100000381469727,2.2100000381469727,2.2100000381469727,2.2100000381469727,2.2100000381469727,630.0
2024-07-03 10:54:00,KROS,42.41999816894531,42.41999816894531,42.41999816894531,42.41999816894531,42.41999816894531,596.0
2024-07-03 10:54:00,KRYS,178.35000610351562,178.35000610351562,178.35000610351562,178.35000610351562,178.35000610351562,240.0
2024-07-03 10:54:00,KTRA,0.28360000252723694,0.28360000252723694,0.2847000062465668,0.28360000252723694,0.2847000062465668,744.0
2024-07-03 10:54:00,KZR,0.5788999795913696,0.5788999795913696,0.5796999931335449,0.5788999795913696,0.5796999931335449,874.0
2024-07-03 10:54:00,LAB,1.7999999523162842,1.7999999523162842,1.7999999523162842,1.7899999618530273,1.7899999618530273,824.0
2024-07-03 10:54:00,LBPH,32.84000015258789,32.84000015258789,33.029998779296875,32.84000015258789,32.96500015258789,3036.0
2024-07-03 10:54:00,LFST,5.175000190734863,5.175000190734863,5.175000190734863,5.175000190734863,5.175000190734863,1316.0
2024-07-03 10:54:00,LNTH,79.2300033569336,79.2300033569336,79.2300033569336,79.2300033569336,79.2300033569336,1136.0
2024-07-03 10:54:00,LQDA,11.930000305175781,11.930000305175781,11.930000305175781,11.930000305175781,11.930000305175781,684.0
2024-07-03 10:54:00,LUCY,0.4650000035762787,0.4650000035762787,0.4650000035762787,0.4650000035762787,0.4650000035762787,1003.0
2024-07-03 10:54:00,LUNG,6.269999980926514,6.269999980926514,6.269999980926514,6.260000228881836,6.260000228881836,550.0
2024-07-03 10:54:00,LXRX,1.6050000190734863,1.6050000190734863,1.6050000190734863,1.6015000343322754,1.6015000343322754,2665.0
2024-07-03 10:54:00,LYEL,1.4800000190734863,1.4800000190734863,1.4800000190734863,1.4600000381469727,1.4600000381469727,4820.0
2024-07-03 10:54:00,LYRA,0.2874999940395355,0.2874999940395355,0.2874999940395355,0.2874999940395355,0.2874999940395355,3975.0
2024-07-03 10:54:00,MASI,115.01499938964844,115.01499938964844,115.01499938964844,115.01499938964844,115.01499938964844,216.0
2024-07-03 10:54:00,MBIO,0.5187000036239624,0.5187000036239624,0.5187000036239624,0.5187000036239624,0.5187000036239624,301.0
2024-07-03 10:54:00,MCRB,0.7197999954223633,0.7197999954223633,0.7197999954223633,0.7197999954223633,0.7197999954223633,107.0
2024-07-03 10:54:00,MDXG,6.769999980926514,6.769999980926514,6.769999980926514,6.769999980926514,6.769999980926514,641.0
2024-07-03 10:54:00,ME,0.4000000059604645,0.4000000059604645,0.400299996137619,0.4000000059604645,0.400299996137619,10968.0
2024-07-03 10:54:00,MEDS,17.40999984741211,17.40999984741211,17.40999984741211,17.40999984741211,17.40999984741211,242.0
2024-07-03 10:54:00,MMSI,85.94000244140625,85.94000244140625,85.98999786376953,85.80999755859375,85.9749984741211,2322.0
2024-07-03 10:54:00,MNMD,7.296899795532227,7.296899795532227,7.296899795532227,7.296899795532227,7.296899795532227,985.0
2024-07-03 10:54:00,MORF,31.795000076293945,31.795000076293945,31.84000015258789,31.795000076293945,31.829999923706055,1541.0
2024-07-03 10:54:00,MRNA,116.37999725341797,116.37999725341797,116.5,116.22000122070312,116.5,8624.0
2024-07-03 10:54:00,MRSN,1.8949999809265137,1.8949999809265137,1.8949999809265137,1.8899999856948853,1.8899999856948853,652.0
2024-07-03 10:54:00,MRVI,6.789999961853027,6.789999961853027,6.789999961853027,6.789999961853027,6.789999961853027,810.0
2024-07-03 10:54:00,MXCT,3.7049999237060547,3.7049999237060547,3.7049999237060547,3.7049999237060547,3.7049999237060547,166.0
2024-07-03 10:54:00,MYGN,25.309999465942383,25.309999465942383,25.309999465942383,25.309999465942383,25.309999465942383,465.0
2024-07-03 10:54:00,NARI,49.439998626708984,49.439998626708984,49.44499969482422,49.439998626708984,49.44499969482422,345.0
2024-07-03 10:54:00,NBIX,137.8800048828125,137.8800048828125,138.02000427246094,137.8800048828125,138.02000427246094,556.0
2024-07-03 10:54:00,NCNA,2.75,2.75,2.75,2.7200000286102295,2.7200000286102295,257.0
2024-07-03 10:54:00,NDRA,0.08500000089406967,0.08500000089406967,0.08560000360012054,0.08489999920129776,0.08489999920129776,52587.0
2024-07-03 10:54:00,NEO,13.680000305175781,13.680000305175781,13.680000305175781,13.680000305175781,13.680000305175781,124.0
2024-07-03 10:54:00,NEOG,15.225000381469727,15.225000381469727,15.229999542236328,15.225000381469727,15.229999542236328,428.0
2024-07-03 10:54:00,NKTR,1.2549999952316284,1.2549999952316284,1.2599999904632568,1.25,1.2549999952316284,8742.0
2024-07-03 10:54:00,NKTX,5.409999847412109,5.409999847412109,5.420000076293945,5.400000095367432,5.420000076293945,1727.0
2024-07-03 10:54:00,NNOX,7.050000190734863,7.050000190734863,7.056099891662598,7.050000190734863,7.056099891662598,2150.0
2024-07-03 10:54:00,NRC,22.831300735473633,22.831300735473633,22.831300735473633,22.831300735473633,22.831300735473633,426.0
2024-07-03 10:54:00,NRIX,19.6200008392334,19.6200008392334,19.6200008392334,19.6200008392334,19.6200008392334,276.0
2024-07-03 10:54:00,NRSN,1.3264000415802002,1.3264000415802002,1.3264000415802002,1.3200000524520874,1.3200000524520874,5400.0
2024-07-03 10:54:00,NTLA,22.709999084472656,22.709999084472656,22.709999084472656,22.69499969482422,22.700000762939453,2064.0
2024-07-03 10:54:00,NTRA,111.69999694824219,111.69999694824219,111.69999694824219,111.69999694824219,111.69999694824219,376.0
2024-07-03 10:54:00,NTRB,5.610000133514404,5.610000133514404,5.610000133514404,5.610000133514404,5.610000133514404,0.0
2024-07-03 10:54:00,NVAX,12.755000114440918,12.755000114440918,12.770000457763672,12.74489974975586,12.75730037689209,20532.0
2024-07-03 10:54:00,NVCR,16.770000457763672,16.770000457763672,16.790000915527344,16.770000457763672,16.790000915527344,2161.0
2024-07-03 10:54:00,NVOS,0.7563999891281128,0.7563999891281128,0.7652000188827515,0.7563999891281128,0.7652000188827515,1040.0
2024-07-03 10:54:00,NXL,1.3949999809265137,1.3949999809265137,1.3949999809265137,1.3949999809265137,1.3949999809265137,4481.0
2024-07-03 10:54:00,OCGN,1.6449999809265137,1.6449999809265137,1.6449999809265137,1.6433000564575195,1.6449999809265137,2469.0
2024-07-03 10:54:00,OCUL,6.75,6.75,6.760000228881836,6.75,6.760000228881836,685.0
2024-07-03 10:54:00,OGI,1.600000023841858,1.600000023841858,1.600000023841858,1.600000023841858,1.600000023841858,490.0
2024-07-03 10:54:00,OLMA,10.680000305175781,10.680000305175781,10.680000305175781,10.680000305175781,10.680000305175781,211.0
2024-07-03 10:54:00,OM,3.694999933242798,3.694999933242798,3.694999933242798,3.694999933242798,3.694999933242798,1094.0
2024-07-03 10:54:00,OMCL,26.40999984741211,26.40999984741211,26.440000534057617,26.40999984741211,26.440000534057617,791.0
2024-07-03 10:54:00,OMGA,2.0,2.0,2.0,2.0,2.0,131.0
2024-07-03 10:55:00,ABCL,2.7407000064849854,2.7407000064849854,2.744999885559082,2.734999895095825,2.734999895095825,9789.0
2024-07-03 10:55:00,ABSI,3.240000009536743,3.240000009536743,3.240000009536743,3.234999895095825,3.240000009536743,3479.0
2024-07-03 10:55:00,ABUS,3.1549999713897705,3.1549999713897705,3.1549999713897705,3.1500000953674316,3.1500000953674316,570.0
2024-07-03 10:55:00,ACAD,15.649999618530273,15.649999618530273,15.649999618530273,15.640000343322754,15.640000343322754,1948.0
2024-07-03 10:55:00,ACB,4.985000133514404,4.985000133514404,4.985000133514404,4.985000133514404,4.985000133514404,1414.0
2024-07-03 10:55:00,ACCD,3.5950000286102295,3.5950000286102295,3.5950000286102295,3.590100049972534,3.5950000286102295,1320.0
2024-07-03 10:55:00,ACET,1.0499999523162842,1.0499999523162842,1.0499999523162842,1.0499999523162842,1.0499999523162842,614.0
2024-07-03 10:55:00,ACRS,1.1699999570846558,1.1699999570846558,1.1699999570846558,1.1699999570846558,1.1699999570846558,700.0
2024-07-03 10:55:00,ACST,2.97979998588562,2.97979998588562,2.97979998588562,2.97979998588562,2.97979998588562,896.0
2024-07-03 10:55:00,ADAP,1.024999976158142,1.024999976158142,1.024999976158142,1.0199999809265137,1.0199999809265137,200.0
2024-07-03 10:55:00,ADMA,11.34000015258789,11.34000015258789,11.354999542236328,11.34000015258789,11.354999542236328,7066.0
2024-07-03 10:55:00,ADPT,3.384999990463257,3.384999990463257,3.4049999713897705,3.384999990463257,3.4000000953674316,2609.0
2024-07-03 10:55:00,AEMD,0.41600000858306885,0.41600000858306885,0.41600000858306885,0.41600000858306885,0.41600000858306885,803.0
2024-07-03 10:55:00,AGEN,14.53499984741211,14.53499984741211,14.53499984741211,14.53499984741211,14.53499984741211,270.0
2024-07-03 10:55:00,AGIO,41.880001068115234,41.880001068115234,41.97999954223633,41.880001068115234,41.95000076293945,2152.0
2024-07-03 10:55:00,AHCO,9.869999885559082,9.869999885559082,9.899999618530273,9.869999885559082,9.890000343322754,3441.0
2024-07-03 10:55:00,AKRO,22.1299991607666,22.1299991607666,22.1299991607666,22.1299991607666,22.1299991607666,931.0
2024-07-03 10:55:00,AKYA,2.1549999713897705,2.1549999713897705,2.1549999713897705,2.1549999713897705,2.1549999713897705,100.0
2024-07-03 10:55:00,ALDX,3.2200000286102295,3.2200000286102295,3.2200000286102295,3.2200000286102295,3.2200000286102295,4077.0
2024-07-03 10:55:00,ALEC,4.46999979019165,4.46999979019165,4.46999979019165,4.46999979019165,4.46999979019165,372.0
2024-07-03 10:55:00,ALGS,0.4275999963283539,0.4275999963283539,0.4275999963283539,0.4275999963283539,0.4275999963283539,400.0
2024-07-03 10:55:00,ALHC,8.020000457763672,8.020000457763672,8.020000457763672,8.020000457763672,8.020000457763672,974.0
2024-07-03 10:55:00,ALKS,24.290000915527344,24.290000915527344,24.295000076293945,24.290000915527344,24.290000915527344,941.0
2024-07-03 10:55:00,ALLK,0.8428999781608582,0.8428999781608582,0.8564000129699707,0.8428999781608582,0.8564000129699707,1671.0
2024-07-03 10:55:00,ALLO,2.134999990463257,2.134999990463257,2.134999990463257,2.134999990463257,2.134999990463257,731.0
2024-07-03 10:55:00,ALNY,245.77000427246094,245.77000427246094,246.1300048828125,245.75,245.75,3457.0
2024-07-03 10:55:00,ALT,6.669000148773193,6.669000148773193,6.669000148773193,6.644999980926514,6.650000095367432,4753.0
2024-07-03 10:55:00,ALVO,12.350000381469727,12.350000381469727,12.350000381469727,12.350000381469727,12.350000381469727,177.0
2024-07-03 10:55:00,ALVR,0.7354000210762024,0.7354000210762024,0.7354000210762024,0.7350999712944031,0.7354000210762024,1413.0
2024-07-03 10:55:00,ALXO,5.849999904632568,5.849999904632568,5.849999904632568,5.837500095367432,5.837500095367432,3301.0
2024-07-03 10:55:00,AMED,96.82250213623047,96.82250213623047,96.8499984741211,96.82250213623047,96.8499984741211,694.0
2024-07-03 10:55:00,AMGN,308.8900146484375,308.8900146484375,308.94000244140625,308.8900146484375,308.94000244140625,1195.0
2024-07-03 10:55:00,AMLX,1.75,1.75,1.7599999904632568,1.75,1.75,1953.0
2024-07-03 10:55:00,AMRN,0.7125999927520752,0.7125999927520752,0.7125999927520752,0.7117000222206116,0.7117000222206116,1440.0
2024-07-03 10:55:00,ANGO,5.639999866485596,5.639999866485596,5.639999866485596,5.639999866485596,5.639999866485596,611.0
2024-07-03 10:55:00,ANNX,4.789999961853027,4.789999961853027,4.800000190734863,4.789999961853027,4.795000076293945,4351.0
2024-07-03 10:55:00,APDN,0.46000000834465027,0.46000000834465027,0.46000000834465027,0.46000000834465027,0.46000000834465027,1100.0
2024-07-03 10:55:00,APLS,35.42250061035156,35.42250061035156,35.529998779296875,35.40999984741211,35.43000030517578,1543.0
2024-07-03 10:55:00,APLT,4.440000057220459,4.440000057220459,4.440000057220459,4.440000057220459,4.440000057220459,214.0
2024-07-03 10:55:00,AQST,2.4149999618530273,2.4149999618530273,2.4149999618530273,2.4100000858306885,2.4100000858306885,620.0
2024-07-03 10:55:00,ARCT,21.405000686645508,21.405000686645508,21.514999389648438,21.350000381469727,21.514999389648438,3432.0
2024-07-03 10:55:00,ARDS,0.05999999865889549,0.05999999865889549,0.05999999865889549,0.05999999865889549,0.05999999865889549,5800.0
2024-07-03 10:55:00,ARDX,5.204999923706055,5.204999923706055,5.20989990234375,5.184999942779541,5.20389986038208,70560.0
2024-07-03 10:55:00,ARGX,434.3399963378906,434.3399963378906,434.3399963378906,434.3399963378906,434.3399963378906,322.0
2024-07-03 10:55:00,ARQT,9.529999732971191,9.529999732971191,9.539999961853027,9.524999618530273,9.539999961853027,3034.0
2024-07-03 10:55:00,ARVN,24.34000015258789,24.34000015258789,24.440000534057617,24.30500030517578,24.440000534057617,6432.0
2024-07-03 10:55:00,ARWR,25.635000228881836,25.635000228881836,25.635000228881836,25.635000228881836,25.635000228881836,313.0
2024-07-03 10:55:00,ASRT,1.3494999408721924,1.3494999408721924,1.350000023841858,1.3450000286102295,1.3450000286102295,3636.0
2024-07-03 10:55:00,ATEC,9.960000038146973,9.960000038146973,9.960000038146973,9.930000305175781,9.930000305175781,3427.0
2024-07-03 10:55:00,ATOS,1.159999966621399,1.159999966621399,1.159999966621399,1.159999966621399,1.159999966621399,460.0
2024-07-03 10:55:00,ATRC,22.15999984741211,22.15999984741211,22.15999984741211,22.15999984741211,22.15999984741211,136.0
2024-07-03 10:55:00,AUGX,1.000499963760376,1.000499963760376,1.000499963760376,1.000499963760376,1.000499963760376,3022.0
2024-07-03 10:55:00,AUPH,5.480000019073486,5.480000019073486,5.485000133514404,5.480000019073486,5.485000133514404,1409.0
2024-07-03 10:55:00,AUTL,3.490600109100342,3.490600109100342,3.490600109100342,3.490600109100342,3.490600109100342,2021.0
2024-07-03 10:55:00,AVDL,14.300000190734863,14.300000190734863,14.3100004196167,14.300000190734863,14.3100004196167,2082.0
2024-07-03 10:55:00,AVTE,1.6100000143051147,1.6100000143051147,1.6100000143051147,1.6100000143051147,1.6100000143051147,1.0
2024-07-03 10:55:00,AVXL,4.244999885559082,4.244999885559082,4.244999885559082,4.244999885559082,4.244999885559082,459.0
2024-07-03 10:55:00,AXGN,7.420000076293945,7.420000076293945,7.420000076293945,7.420000076293945,7.420000076293945,387.0
2024-07-03 10:55:00,AXNX,67.54000091552734,67.54000091552734,67.54000091552734,67.54000091552734,67.54000091552734,389.0
2024-07-03 10:55:00,AXSM,79.83999633789062,79.83999633789062,79.83999633789062,79.83999633789062,79.83999633789062,502.0
2024-07-03 10:55:00,AZN,76.7699966430664,76.7699966430664,76.77999877929688,76.76000213623047,76.77999877929688,6868.0
2024-07-03 10:55:00,AZTA,52.59000015258789,52.59000015258789,52.630001068115234,52.59000015258789,52.630001068115234,3384.0
2024-07-03 10:55:00,BBIO,25.309999465942383,25.309999465942383,25.309999465942383,25.309999465942383,25.309999465942383,725.0
2024-07-03 10:55:00,BCAB,1.3550000190734863,1.3550000190734863,1.3600000143051147,1.350000023841858,1.3550000190734863,2615.0
2024-07-03 10:55:00,BCLI,0.35100001096725464,0.35100001096725464,0.35100001096725464,0.35100001096725464,0.35100001096725464,6207.0
2024-07-03 10:55:00,BCRX,6.534999847412109,6.534999847412109,6.550000190734863,6.534999847412109,6.550000190734863,5806.0
2024-07-03 10:55:00,BCTX,1.0199999809265137,1.0199999809265137,1.0199999809265137,1.0199999809265137,1.0199999809265137,950.0
2024-07-03 10:55:00,BDTX,4.230000019073486,4.230000019073486,4.230000019073486,4.230000019073486,4.230000019073486,629.0
2024-07-03 10:55:00,BEAM,23.7450008392334,23.7450008392334,23.770000457763672,23.700000762939453,23.7549991607666,10885.0
2024-07-03 10:55:00,BEAT,2.799999952316284,2.799999952316284,2.799999952316284,2.799999952316284,2.799999952316284,1000.0
2024-07-03 10:55:00,BFRI,0.8226000070571899,0.8226000070571899,0.822700023651123,0.8224999904632568,0.822700023651123,3196.0
2024-07-03 10:55:00,BGNE,146.89500427246094,146.89500427246094,146.89500427246094,146.89500427246094,146.89500427246094,346.0
2024-07-03 10:55:00,BIIB,224.3800048828125,224.3800048828125,224.72500610351562,224.3800048828125,224.72500610351562,2220.0
2024-07-03 10:55:00,BLUE,0.9319000244140625,0.9319000244140625,0.9362000226974487,0.9319000244140625,0.9340000152587891,7807.0
2024-07-03 10:55:00,BMEA,4.409999847412109,4.409999847412109,4.409999847412109,4.409999847412109,4.409999847412109,2536.0
2024-07-03 10:55:00,BMRN,81.23500061035156,81.23500061035156,81.23500061035156,81.20999908447266,81.20999908447266,1162.0
2024-07-03 10:55:00,BNOX,0.6499999761581421,0.6499999761581421,0.7110000252723694,0.6499999761581421,0.7099999785423279,34567.0
2024-07-03 10:55:00,BNTX,80.61000061035156,80.61000061035156,80.61000061035156,80.56999969482422,80.56999969482422,3214.0
2024-07-03 10:55:00,BPMC,110.54620361328125,110.54620361328125,110.62999725341797,110.37529754638672,110.37529754638672,2773.0
2024-07-03 10:55:00,BRKR,61.68000030517578,61.68000030517578,61.71500015258789,61.68000030517578,61.71500015258789,1086.0
2024-07-03 10:55:00,BVS,5.985000133514404,5.985000133514404,5.985000133514404,5.985000133514404,5.985000133514404,700.0
2024-07-03 10:55:00,CABA,7.690000057220459,7.690000057220459,7.690000057220459,7.679999828338623,7.690000057220459,4089.0
2024-07-03 10:55:00,CCCC,4.71999979019165,4.71999979019165,4.730000019073486,4.71999979019165,4.724999904632568,2541.0
2024-07-03 10:55:00,CCRN,13.770000457763672,13.770000457763672,13.770000457763672,13.770000457763672,13.770000457763672,431.0
2024-07-03 10:55:00,CDMO,7.667200088500977,7.667200088500977,7.667200088500977,7.635000228881836,7.635000228881836,802.0
2024-07-03 10:55:00,CDXC,2.549999952316284,2.549999952316284,2.549999952316284,2.549099922180176,2.549099922180176,619.0
2024-07-03 10:55:00,CDXS,2.9100000858306885,2.9100000858306885,2.9100000858306885,2.9100000858306885,2.9100000858306885,465.0
2024-07-03 10:55:00,CERE,41.34000015258789,41.34000015258789,41.34000015258789,41.33000183105469,41.33000183105469,1639.0
2024-07-03 10:55:00,CGC,6.789999961853027,6.789999961853027,6.820000171661377,6.789999961853027,6.819799900054932,3890.0
2024-07-03 10:55:00,CGEM,16.780000686645508,16.780000686645508,16.799999237060547,16.780000686645508,16.799999237060547,436.0
2024-07-03 10:55:00,CGTX,1.7999999523162842,1.7999999523162842,1.7999999523162842,1.7999999523162842,1.7999999523162842,0.0
2024-07-03 10:55:00,CHRS,1.4049999713897705,1.4049999713897705,1.4049999713897705,1.4049999713897705,1.4049999713897705,1563.0
2024-07-03 10:55:00,CING,0.3301999866962433,0.3301999866962433,0.3301999866962433,0.3301999866962433,0.3301999866962433,354.0
2024-07-03 10:55:00,CLDX,36.67499923706055,36.67499923706055,36.67499923706055,36.67499923706055,36.67499923706055,396.0
2024-07-03 10:55:00,CLPT,5.4293999671936035,5.4293999671936035,5.4293999671936035,5.4293999671936035,5.4293999671936035,490.0
2024-07-03 10:55:00,CMPS,6.349999904632568,6.349999904632568,6.361999988555908,6.340000152587891,6.361999988555908,2569.0
2024-07-03 10:55:00,CMPX,0.8457000255584717,0.8457000255584717,0.8457000255584717,0.8457000255584717,0.8457000255584717,200.0
2024-07-03 10:55:00,CMRX,0.8698999881744385,0.8698999881744385,0.8698999881744385,0.8698999881744385,0.8698999881744385,0.0
2024-07-03 10:55:00,CNSP,2.1898999214172363,2.1898999214172363,2.2100000381469727,2.1600000858306885,2.180000066757202,127016.0
2024-07-03 10:55:00,CNTX,1.8000999689102173,1.8000999689102173,1.8000999689102173,1.8000999689102173,1.8000999689102173,1117.0
2024-07-03 10:55:00,COGT,8.267499923706055,8.267499923706055,8.267499923706055,8.267499923706055,8.267499923706055,116.0
2024-07-03 10:55:00,CORT,30.729999542236328,30.729999542236328,30.739999771118164,30.684999465942383,30.690000534057617,3741.0
2024-07-03 10:55:00,COSM,0.9402999877929688,0.9402999877929688,0.949999988079071,0.9402999877929688,0.949999988079071,2284.0
2024-07-03 10:55:00,CPIX,1.5199999809265137,1.5199999809265137,1.5200999975204468,1.5199999809265137,1.5200999975204468,552.0
2024-07-03 10:55:00,CPRX,15.449999809265137,15.449999809265137,15.475000381469727,15.449999809265137,15.475000381469727,4288.0
2024-07-03 10:55:00,CRBP,48.97999954223633,48.97999954223633,48.97999954223633,48.97999954223633,48.97999954223633,540.0
2024-07-03 10:55:00,CRBU,1.5850000381469727,1.5850000381469727,1.590000033378601,1.5850000381469727,1.590000033378601,1055.0
2024-07-03 10:55:00,CRDF,2.2750000953674316,2.2750000953674316,2.2750000953674316,2.269399881362915,2.269399881362915,2238.0
2024-07-03 10:55:00,CRMD,4.129799842834473,4.129799842834473,4.129799842834473,4.125,4.125,3244.0
2024-07-03 10:55:00,CRNX,44.959999084472656,44.959999084472656,44.959999084472656,44.92499923706055,44.92499923706055,1388.0
2024-07-03 10:55:00,CRON,2.3608999252319336,2.3608999252319336,2.3608999252319336,2.3608999252319336,2.3608999252319336,224.0
2024-07-03 10:55:00,CRSP,53.750099182128906,53.750099182128906,53.810001373291016,53.750099182128906,53.810001373291016,2409.0
2024-07-03 10:55:00,CTKB,5.710000038146973,5.710000038146973,5.710000038146973,5.710000038146973,5.710000038146973,2821.0
2024-07-03 10:55:00,CTMX,1.3250000476837158,1.3250000476837158,1.3250000476837158,1.3250000476837158,1.3250000476837158,1900.0
2024-07-03 10:55:00,CTXR,0.510200023651123,0.510200023651123,0.5102999806404114,0.510200023651123,0.510200023651123,9965.0
2024-07-03 10:55:00,CUE,1.0199999809265137,1.0199999809265137,1.0199999809265137,1.0099999904632568,1.0099999904632568,2320.0
2024-07-03 10:55:00,CUTR,1.3194999694824219,1.3194999694824219,1.3194999694824219,1.3105000257492065,1.3105000257492065,423.0
2024-07-03 10:55:00,CVAC,3.3675999641418457,3.3675999641418457,3.3675999641418457,3.359999895095825,3.365000009536743,3506.0
2024-07-03 10:55:00,CYTK,54.712501525878906,54.712501525878906,54.71500015258789,54.65999984741211,54.71500015258789,2723.0
2024-07-03 10:55:00,DAWN,13.369999885559082,13.369999885559082,13.369999885559082,13.359999656677246,13.359999656677246,1187.0
2024-07-03 10:55:00,DCGO,2.930000066757202,2.930000066757202,2.934999942779541,2.930000066757202,2.934999942779541,500.0
2024-07-03 10:55:00,DCTH,7.860000133514404,7.860000133514404,7.860000133514404,7.860000133514404,7.860000133514404,0.0
2024-07-03 10:55:00,DH,5.400000095367432,5.400000095367432,5.400000095367432,5.400000095367432,5.400000095367432,487.0
2024-07-03 10:55:00,DNLI,21.59000015258789,21.59000015258789,21.614999771118164,21.59000015258789,21.614999771118164,1487.0
2024-07-03 10:55:00,DVAX,11.095000267028809,11.095000267028809,11.095000267028809,11.095000267028809,11.095000267028809,470.0
2024-07-03 10:55:00,DXCM,110.02999877929688,110.02999877929688,110.06500244140625,110.02999877929688,110.06500244140625,1275.0
2024-07-03 10:55:00,DYN,34.400001525878906,34.400001525878906,34.400001525878906,34.400001525878906,34.400001525878906,173.0
2024-07-03 10:55:00,EDIT,4.65500020980835,4.65500020980835,4.664999961853027,4.65500020980835,4.664999961853027,2603.0
2024-07-03 10:55:00,EKSO,1.0299999713897705,1.0299999713897705,1.0299999713897705,1.0299999713897705,1.0299999713897705,260.0
2024-07-03 10:55:00,ELEV,2.6700000762939453,2.6700000762939453,2.680000066757202,2.6700000762939453,2.680000066757202,2527.0
2024-07-03 10:55:00,ENSC,0.4699999988079071,0.4699999988079071,0.4699999988079071,0.4699999988079071,0.4699999988079071,1102.0
2024-07-03 10:55:00,ENTA,13.039999961853027,13.039999961853027,13.039999961853027,13.039999961853027,13.039999961853027,128.0
2024-07-03 10:55:00,ENTX,1.6778000593185425,1.6778000593185425,1.6778000593185425,1.660099983215332,1.660099983215332,1298.0
2024-07-03 10:55:00,EOLS,10.859999656677246,10.859999656677246,10.859999656677246,10.859999656677246,10.859999656677246,101.0
2024-07-03 10:55:00,ERAS,2.255000114440918,2.255000114440918,2.255000114440918,2.255000114440918,2.255000114440918,461.0
2024-07-03 10:55:00,ESPR,2.375,2.375,2.3798999786376953,2.369999885559082,2.375,7377.0
2024-07-03 10:55:00,ESTA,43.54999923706055,43.54999923706055,43.54999923706055,43.54999923706055,43.54999923706055,158.0
2024-07-03 10:55:00,EWTX,18.03499984741211,18.03499984741211,18.03499984741211,18.03499984741211,18.03499984741211,203.0
2024-07-03 10:55:00,EXAI,5.46999979019165,5.46999979019165,5.46999979019165,5.429999828338623,5.429999828338623,5461.0
2024-07-03 10:55:00,EXAS,43.39500045776367,43.39500045776367,43.47999954223633,43.2599983215332,43.275001525878906,17727.0
2024-07-03 10:55:00,EXEL,21.975000381469727,21.975000381469727,21.975000381469727,21.975000381469727,21.975000381469727,500.0
2024-07-03 10:55:00,EYEN,0.7870000004768372,0.7870000004768372,0.7870000004768372,0.7870000004768372,0.7870000004768372,2.0
2024-07-03 10:55:00,EYPT,8.319999694824219,8.319999694824219,8.319999694824219,8.300000190734863,8.300000190734863,565.0
2024-07-03 10:55:00,FATE,3.2300000190734863,3.2300000190734863,3.240000009536743,3.2300000190734863,3.234999895095825,1630.0
2024-07-03 10:55:00,FDMT,21.094999313354492,21.094999313354492,21.094999313354492,21.094999313354492,21.094999313354492,764.0
2024-07-03 10:55:00,FGEN,0.7181000113487244,0.7181000113487244,0.7181000113487244,0.7181000113487244,0.7181000113487244,200.0
2024-07-03 10:55:00,FLGT,20.149999618530273,20.149999618530273,20.149999618530273,20.149999618530273,20.149999618530273,564.0
2024-07-03 10:55:00,FNCH,1.2799999713897705,1.2799999713897705,1.2799999713897705,1.2799999713897705,1.2799999713897705,0.0
2024-07-03 10:55:00,FOLD,9.880000114440918,9.880000114440918,9.890000343322754,9.880000114440918,9.890000343322754,1310.0
2024-07-03 10:55:00,GALT,2.1700000762939453,2.1700000762939453,2.180000066757202,2.1700000762939453,2.180000066757202,2877.0
2024-07-03 10:55:00,GDRX,7.875,7.875,7.875,7.875,7.875,324.0
2024-07-03 10:55:00,GERN,4.34499979019165,4.34499979019165,4.349999904632568,4.34499979019165,4.349999904632568,6593.0
2024-07-03 10:55:00,GH,28.309999465942383,28.309999465942383,28.350000381469727,28.309999465942383,28.350000381469727,1418.0
2024-07-03 10:55:00,GILD,66.77999877929688,66.77999877929688,66.81999969482422,66.76000213623047,66.80999755859375,10973.0
2024-07-03 10:55:00,GLPG,25.219999313354492,25.219999313354492,25.229999542236328,25.219999313354492,25.229999542236328,1432.0
2024-07-03 10:55:00,GLYC,0.2712000012397766,0.2712000012397766,0.2712000012397766,0.2711000144481659,0.2711000144481659,1916.0
2024-07-03 10:55:00,GMAB,25.239999771118164,25.239999771118164,25.239999771118164,25.229999542236328,25.239999771118164,4734.0
2024-07-03 10:55:00,GOSS,0.9444000124931335,0.9444000124931335,0.9452000260353088,0.9444000124931335,0.9452000260353088,2096.0
2024-07-03 10:55:00,GRFS,6.690000057220459,6.690000057220459,6.690000057220459,6.690000057220459,6.690000057220459,1393.0
2024-07-03 10:55:00,GRTS,0.6029999852180481,0.6029999852180481,0.6032999753952026,0.6003999710083008,0.6032999753952026,11114.0
2024-07-03 10:55:00,GTHX,2.5,2.5,2.5199999809265137,2.5,2.5199999809265137,4373.0
2024-07-03 10:55:00,HALO,51.494998931884766,51.494998931884766,51.494998931884766,51.459999084472656,51.469200134277344,2492.0
2024-07-03 10:55:00,HBIO,2.755000114440918,2.755000114440918,2.755000114440918,2.755000114440918,2.755000114440918,0.0
2024-07-03 10:55:00,HCSG,10.579999923706055,10.579999923706055,10.579999923706055,10.579999923706055,10.579999923706055,506.0
2024-07-03 10:55:00,HOLX,73.34500122070312,73.34500122070312,73.44000244140625,73.34500122070312,73.44000244140625,6572.0
2024-07-03 10:55:00,HOOK,0.5860999822616577,0.5860999822616577,0.5860999822616577,0.5860999822616577,0.5860999822616577,100.0
2024-07-03 10:55:00,HQY,83.23999786376953,83.23999786376953,83.30000305175781,83.2249984741211,83.2249984741211,647.0
2024-07-03 10:55:00,HRMY,30.149999618530273,30.149999618530273,30.149999618530273,30.149999618530273,30.149999618530273,110.0
2024-07-03 10:55:00,HRTX,2.805000066757202,2.805000066757202,2.8052000999450684,2.799999952316284,2.8052000999450684,2875.0
2024-07-03 10:55:00,HSCS,4.980000019073486,4.980000019073486,5.078700065612793,4.980000019073486,4.989999771118164,666.0
2024-07-03 10:55:00,HSIC,65.40499877929688,65.40499877929688,65.40499877929688,65.40499877929688,65.40499877929688,201.0
2024-07-03 10:55:00,HUGE,0.14350000023841858,0.14350000023841858,0.14350000023841858,0.14350000023841858,0.14350000023841858,1100.0
2024-07-03 10:55:00,HUMA,5.559999942779541,5.559999942779541,5.579999923706055,5.559999942779541,5.567999839782715,11073.0
2024-07-03 10:55:00,IBRX,6.230100154876709,6.230100154876709,6.239999771118164,6.230100154876709,6.239999771118164,3344.0
2024-07-03 10:55:00,ICAD,1.2100000381469727,1.2100000381469727,1.2100000381469727,1.2100000381469727,1.2100000381469727,400.0
2024-07-03 10:55:00,ICLR,318.7449951171875,318.7449951171875,318.7449951171875,318.7449951171875,318.7449951171875,416.0
2024-07-03 10:55:00,IDYA,33.55500030517578,33.55500030517578,33.55500030517578,33.55500030517578,33.55500030517578,370.0
2024-07-03 10:55:00,IGMS,6.46999979019165,6.46999979019165,6.5177998542785645,6.420000076293945,6.5177998542785645,1438.0
2024-07-03 10:55:00,IKNA,1.649999976158142,1.649999976158142,1.649999976158142,1.649999976158142,1.649999976158142,782.0
2024-07-03 10:55:00,ILMN,104.75,104.75,104.87999725341797,104.74500274658203,104.8499984741211,5180.0
2024-07-03 10:55:00,IMCR,36.005001068115234,36.005001068115234,36.005001068115234,36.005001068115234,36.005001068115234,623.0
2024-07-03 10:55:00,IMMP,1.9500000476837158,1.9500000476837158,1.9500000476837158,1.9500000476837158,1.9500000476837158,697.0
2024-07-03 10:55:00,IMMX,2.319999933242798,2.319999933242798,2.319999933242798,2.309999942779541,2.309999942779541,982.0
2024-07-03 10:55:00,IMNM,11.984999656677246,11.984999656677246,11.989999771118164,11.96500015258789,11.96500015258789,2112.0
2024-07-03 10:55:00,IMVT,26.719999313354492,26.719999313354492,26.790000915527344,26.719999313354492,26.790000915527344,4706.0
2024-07-03 10:55:00,INCY,57.66999816894531,57.66999816894531,57.720001220703125,57.665000915527344,57.69499969482422,7725.0
2024-07-03 10:55:00,INGN,7.860000133514404,7.860000133514404,7.860000133514404,7.84499979019165,7.84499979019165,710.0
2024-07-03 10:55:00,INMB,7.880000114440918,7.880000114440918,7.880000114440918,7.880000114440918,7.880000114440918,304.0
2024-07-03 10:55:00,INMD,17.56999969482422,17.56999969482422,17.56999969482422,17.520000457763672,17.520000457763672,2451.0
2024-07-03 10:55:00,INO,8.460000038146973,8.460000038146973,8.460000038146973,8.460000038146973,8.460000038146973,131.0
2024-07-03 10:55:00,INSM,62.650001525878906,62.650001525878906,62.790000915527344,62.650001525878906,62.779998779296875,5702.0
2024-07-03 10:55:00,INVA,16.229999542236328,16.229999542236328,16.264999389648438,16.229999542236328,16.264999389648438,1494.0
2024-07-03 10:55:00,INZY,4.489999771118164,4.489999771118164,4.5,4.489999771118164,4.5,1844.0
2024-07-03 10:55:00,IONS,44.505001068115234,44.505001068115234,44.529998779296875,44.4900016784668,44.51499938964844,2004.0
2024-07-03 10:55:00,IOVA,7.704999923706055,7.704999923706055,7.715000152587891,7.704999923706055,7.715000152587891,7815.0
2024-07-03 10:55:00,ISRG,433.7850036621094,433.7850036621094,433.7850036621094,433.7850036621094,433.7850036621094,749.0
2024-07-03 10:55:00,ITCI,67.87999725341797,67.87999725341797,67.87999725341797,67.87999725341797,67.87999725341797,207.0
2024-07-03 10:55:00,JANX,38.04999923706055,38.04999923706055,38.04999923706055,38.04999923706055,38.04999923706055,201.0
2024-07-03 10:55:00,KALV,11.65999984741211,11.65999984741211,11.65999984741211,11.640000343322754,11.640000343322754,1208.0
2024-07-03 10:55:00,KNSA,18.844999313354492,18.844999313354492,18.844999313354492,18.81999969482422,18.81999969482422,305.0
2024-07-03 10:55:00,KOD,2.2100000381469727,2.2100000381469727,2.2100000381469727,2.2100000381469727,2.2100000381469727,616.0
2024-07-03 10:55:00,KPTI,0.8389000296592712,0.8389000296592712,0.8389000296592712,0.8389000296592712,0.8389000296592712,3382.0
2024-07-03 10:55:00,KRYS,178.02000427246094,178.02000427246094,178.02000427246094,178.02000427246094,178.02000427246094,747.0
2024-07-03 10:55:00,KTRA,0.28450000286102295,0.28450000286102295,0.28450000286102295,0.28360000252723694,0.28360000252723694,5739.0
2024-07-03 10:55:00,KYMR,30.56999969482422,30.56999969482422,30.56999969482422,30.56999969482422,30.56999969482422,313.0
2024-07-03 10:55:00,KZR,0.5785999894142151,0.5785999894142151,0.5785999894142151,0.5785999894142151,0.5785999894142151,174.0
2024-07-03 10:55:00,LAB,1.7999999523162842,1.7999999523162842,1.7999999523162842,1.7949999570846558,1.7999999523162842,1224.0
2024-07-03 10:55:00,LFMD,6.760000228881836,6.760000228881836,6.760000228881836,6.760000228881836,6.760000228881836,530.0
2024-07-03 10:55:00,LFST,5.164999961853027,5.164999961853027,5.170000076293945,5.164999961853027,5.170000076293945,1784.0
2024-07-03 10:55:00,LGVN,1.6191999912261963,1.6191999912261963,1.6194000244140625,1.6191999912261963,1.6194000244140625,354.0
2024-07-03 10:55:00,LIVN,52.630001068115234,52.630001068115234,52.630001068115234,52.630001068115234,52.630001068115234,202.0
2024-07-03 10:55:00,LQDA,11.960000038146973,11.960000038146973,11.960000038146973,11.95930004119873,11.95930004119873,987.0
2024-07-03 10:55:00,LUCY,0.4693000018596649,0.4693000018596649,0.4699999988079071,0.4657000005245209,0.4699999988079071,2224.0
2024-07-03 10:55:00,LXRX,1.6050000190734863,1.6050000190734863,1.6050000190734863,1.6050000190734863,1.6050000190734863,2728.0
2024-07-03 10:55:00,LYEL,1.4900000095367432,1.4900000095367432,1.4900000095367432,1.4800000190734863,1.4800000190734863,5007.0
2024-07-03 10:55:00,LYRA,0.2865999937057495,0.2865999937057495,0.2865999937057495,0.2865999937057495,0.2865999937057495,1046.0
2024-07-03 10:55:00,MASS,4.769999980926514,4.769999980926514,4.789999961853027,4.769999980926514,4.78000020980835,1002.0
2024-07-03 10:55:00,MBIO,0.5187000036239624,0.5187000036239624,0.5188000202178955,0.5187000036239624,0.5187000036239624,3867.0
2024-07-03 10:55:00,MCRB,0.7197999954223633,0.7197999954223633,0.7197999954223633,0.7179999947547913,0.7181000113487244,1767.0
2024-07-03 10:55:00,MDGL,270.760009765625,270.760009765625,270.760009765625,269.7099914550781,269.7099914550781,2429.0
2024-07-03 10:55:00,ME,0.4000000059604645,0.4000000059604645,0.4000999927520752,0.4000000059604645,0.4000999927520752,1894.0
2024-07-03 10:55:00,MGNX,4.255000114440918,4.255000114440918,4.260000228881836,4.255000114440918,4.260000228881836,610.0
2024-07-03 10:55:00,MIRM,33.58000183105469,33.58000183105469,33.599998474121094,33.58000183105469,33.599998474121094,434.0
2024-07-03 10:55:00,MLTX,41.43000030517578,41.43000030517578,41.43000030517578,41.43000030517578,41.43000030517578,317.0
2024-07-03 10:55:00,MNKD,5.09499979019165,5.09499979019165,5.09499979019165,5.091000080108643,5.091000080108643,1789.0
2024-07-03 10:55:00,MNMD,7.289999961853027,7.289999961853027,7.289999961853027,7.289999961853027,7.289999961853027,603.0
2024-07-03 10:55:00,MORF,31.915000915527344,31.915000915527344,31.915000915527344,31.84000015258789,31.84000015258789,1086.0
2024-07-03 10:55:00,MRNA,116.21739959716797,116.21739959716797,116.38410186767578,116.21739959716797,116.38410186767578,6226.0
2024-07-03 10:55:00,MRSN,1.8849999904632568,1.8849999904632568,1.8949999809265137,1.8849999904632568,1.8949999809265137,3809.0
2024-07-03 10:55:00,MRVI,6.789999961853027,6.789999961853027,6.800000190734863,6.789999961853027,6.800000190734863,2247.0
2024-07-03 10:55:00,MXCT,3.7049999237060547,3.7049999237060547,3.7049999237060547,3.7049999237060547,3.7049999237060547,400.0
2024-07-03 10:55:00,MYGN,25.274999618530273,25.274999618530273,25.280000686645508,25.274999618530273,25.280000686645508,1616.0
2024-07-03 10:55:00,NARI,49.439998626708984,49.439998626708984,49.439998626708984,49.439998626708984,49.439998626708984,272.0
2024-07-03 10:55:00,NBIX,137.97999572753906,137.97999572753906,137.97999572753906,137.94000244140625,137.94000244140625,1265.0
2024-07-03 10:55:00,NDRA,0.08560000360012054,0.08560000360012054,0.08569999784231186,0.08560000360012054,0.08569999784231186,2168.0
2024-07-03 10:55:00,NEO,13.65999984741211,13.65999984741211,13.670000076293945,13.65999984741211,13.670000076293945,1405.0
2024-07-03 10:55:00,NEOG,15.229999542236328,15.229999542236328,15.229999542236328,15.220000267028809,15.220000267028809,331.0
2024-07-03 10:55:00,NKTR,1.2549999952316284,1.2549999952316284,1.2549999952316284,1.25,1.2549999952316284,1356.0
2024-07-03 10:55:00,NKTX,5.390600204467773,5.390600204467773,5.390600204467773,5.390600204467773,5.390600204467773,480.0
2024-07-03 10:55:00,NLSP,0.20280000567436218,0.20280000567436218,0.20280000567436218,0.20280000567436218,0.20280000567436218,351.0
2024-07-03 10:55:00,NNOX,7.050099849700928,7.050099849700928,7.050099849700928,7.050099849700928,7.050099849700928,792.0
2024-07-03 10:55:00,NPCE,7.340000152587891,7.340000152587891,7.340000152587891,7.340000152587891,7.340000152587891,388.0
2024-07-03 10:55:00,NRIX,19.627500534057617,19.627500534057617,19.649999618530273,19.627500534057617,19.649999618530273,863.0
2024-07-03 10:55:00,NTLA,22.68000030517578,22.68000030517578,22.704999923706055,22.670000076293945,22.704999923706055,1780.0
2024-07-03 10:55:00,NTRA,111.69499969482422,111.69499969482422,111.69499969482422,111.69499969482422,111.69499969482422,823.0
2024-07-03 10:55:00,NUVL,71.62999725341797,71.62999725341797,71.62999725341797,71.62999725341797,71.62999725341797,494.0
2024-07-03 10:55:00,NVAX,12.755000114440918,12.755000114440918,12.765000343322754,12.739999771118164,12.760000228881836,13510.0
2024-07-03 10:55:00,NVCR,16.760000228881836,16.760000228881836,16.760000228881836,16.760000228881836,16.760000228881836,2053.0
2024-07-03 10:55:00,NXL,1.399999976158142,1.399999976158142,1.399999976158142,1.399899959564209,1.399999976158142,9710.0
2024-07-03 10:55:00,NXTC,1.590000033378601,1.590000033378601,1.590000033378601,1.534999966621399,1.534999966621399,1215.0
2024-07-03 10:55:00,OCGN,1.6449999809265137,1.6449999809265137,1.6449999809265137,1.6449999809265137,1.6449999809265137,452.0
2024-07-03 10:55:00,OCUL,6.71999979019165,6.71999979019165,6.760000228881836,6.715000152587891,6.75,3338.0
2024-07-03 10:55:00,OLMA,10.649999618530273,10.649999618530273,10.699999809265137,10.649999618530273,10.680000305175781,2826.0
2024-07-03 10:55:00,OM,3.694999933242798,3.694999933242798,3.694999933242798,3.694999933242798,3.694999933242798,1105.0
2024-07-03 10:55:00,OMCL,26.40999984741211,26.40999984741211,26.40999984741211,26.40999984741211,26.40999984741211,244.0
2024-07-03 10:55:00,OMER,3.9000000953674316,3.9000000953674316,3.9000000953674316,3.9000000953674316,3.9000000953674316,987.0
2024-07-03 10:55:00,OMGA,2.0,2.0,2.0,1.9950000047683716,1.9950000047683716,1374.0
2024-07-03 10:56:00,ABOS,2.259999990463257,2.259999990463257,2.2699999809265137,2.259999990463257,2.2699999809265137,22148.0
2024-07-03 10:56:00,ABSI,3.2300000190734863,3.2300000190734863,3.239000082015991,3.2300000190734863,3.239000082015991,1351.0
2024-07-03 10:56:00,ABUS,3.1549999713897705,3.1549999713897705,3.1549999713897705,3.1549999713897705,3.1549999713897705,462.0
2024-07-03 10:56:00,ACAD,15.640000343322754,15.640000343322754,15.640000343322754,15.640000343322754,15.640000343322754,1424.0
2024-07-03 10:56:00,ACB,4.985000133514404,4.985000133514404,4.989999771118164,4.981500148773193,4.981500148773193,4329.0
2024-07-03 10:56:00,ACCD,3.5899999141693115,3.5899999141693115,3.599900007247925,3.5899999141693115,3.599900007247925,6076.0
2024-07-03 10:56:00,ACET,1.0499999523162842,1.0499999523162842,1.0499999523162842,1.0499999523162842,1.0499999523162842,890.0
2024-07-03 10:56:00,ACHC,66.29499816894531,66.29499816894531,66.29499816894531,66.29499816894531,66.29499816894531,284.0
2024-07-03 10:56:00,ACLX,53.810001373291016,53.810001373291016,53.810001373291016,53.810001373291016,53.810001373291016,204.0
2024-07-03 10:56:00,ACRS,1.1699999570846558,1.1699999570846558,1.1699999570846558,1.1699999570846558,1.1699999570846558,2123.0
2024-07-03 10:56:00,ADAP,1.0199999809265137,1.0199999809265137,1.024999976158142,1.0199999809265137,1.024999976158142,4704.0
2024-07-03 10:56:00,ADMA,11.319999694824219,11.319999694824219,11.350000381469727,11.3149995803833,11.345000267028809,6106.0
2024-07-03 10:56:00,ADPT,3.384999990463257,3.384999990463257,3.390000104904175,3.380000114440918,3.390000104904175,2414.0
2024-07-03 10:56:00,AGEN,14.5,14.5,14.510000228881836,14.5,14.510000228881836,6618.0
2024-07-03 10:56:00,AGIO,41.869998931884766,41.869998931884766,41.91999816894531,41.810001373291016,41.91999816894531,3550.0
2024-07-03 10:56:00,AHCO,9.859999656677246,9.859999656677246,9.859999656677246,9.859999656677246,9.859999656677246,920.0
2024-07-03 10:56:00,AIMD,0.8090000152587891,0.8090000152587891,0.8090000152587891,0.8090000152587891,0.8090000152587891,789.0
2024-07-03 10:56:00,AKBA,0.9577999711036682,0.9577999711036682,0.9577999711036682,0.9577999711036682,0.9577999711036682,236.0
2024-07-03 10:56:00,AKRO,22.059999465942383,22.059999465942383,22.059999465942383,22.059999465942383,22.059999465942383,686.0
2024-07-03 10:56:00,ALDX,3.2149999141693115,3.2149999141693115,3.2149999141693115,3.2149999141693115,3.2149999141693115,1215.0
2024-07-03 10:56:00,ALEC,4.460000038146973,4.460000038146973,4.460000038146973,4.449999809265137,4.460000038146973,1761.0
2024-07-03 10:56:00,ALGN,238.82000732421875,238.82000732421875,239.01499938964844,238.82000732421875,239.01499938964844,1251.0
2024-07-03 10:56:00,ALGS,0.42750000953674316,0.42750000953674316,0.4300000071525574,0.42750000953674316,0.4300000071525574,4700.0
2024-07-03 10:56:00,ALHC,8.010000228881836,8.010000228881836,8.010000228881836,8.010000228881836,8.010000228881836,2030.0
2024-07-03 10:56:00,ALIM,5.525000095367432,5.525000095367432,5.525000095367432,5.525000095367432,5.525000095367432,0.0
2024-07-03 10:56:00,ALKS,24.290000915527344,24.290000915527344,24.290000915527344,24.290000915527344,24.290000915527344,637.0
2024-07-03 10:56:00,ALLK,0.847100019454956,0.847100019454956,0.8471999764442444,0.847100019454956,0.8471999764442444,201.0
2024-07-03 10:56:00,ALLO,2.134999990463257,2.134999990463257,2.134999990463257,2.130000114440918,2.130000114440918,2815.0
2024-07-03 10:56:00,ALNY,246.08999633789062,246.08999633789062,246.39999389648438,246.03500366210938,246.1300048828125,57169.0
2024-07-03 10:56:00,ALT,6.639999866485596,6.639999866485596,6.664999961853027,6.630000114440918,6.664999961853027,7744.0
2024-07-03 10:56:00,ALVR,0.7350999712944031,0.7350999712944031,0.7350999712944031,0.7350999712944031,0.7350999712944031,1452.0
2024-07-03 10:56:00,AMED,96.8499984741211,96.8499984741211,96.8499984741211,96.84500122070312,96.8499984741211,732.0
2024-07-03 10:56:00,AMGN,308.635009765625,308.635009765625,308.8550109863281,308.489990234375,308.8550109863281,1662.0
2024-07-03 10:56:00,AMLX,1.7549999952316284,1.7549999952316284,1.7549999952316284,1.7450000047683716,1.75,19988.0
2024-07-03 10:56:00,AMPH,38.3025016784668,38.3025016784668,38.3025016784668,38.27000045776367,38.27000045776367,1585.0
2024-07-03 10:56:00,AMRN,0.7111999988555908,0.7111999988555908,0.7111999988555908,0.7099999785423279,0.7099999785423279,24301.0
2024-07-03 10:56:00,ANAB,25.280000686645508,25.280000686645508,25.385000228881836,25.280000686645508,25.385000228881836,2368.0
2024-07-03 10:56:00,ANGO,5.639999866485596,5.639999866485596,5.65500020980835,5.639999866485596,5.639999866485596,14145.0
2024-07-03 10:56:00,ANNX,4.784999847412109,4.784999847412109,4.784999847412109,4.784999847412109,4.784999847412109,823.0
2024-07-03 10:56:00,ANTX,2.490000009536743,2.490000009536743,2.490000009536743,2.490000009536743,2.490000009536743,134.0
2024-07-03 10:56:00,APDN,0.44920000433921814,0.44920000433921814,0.44920000433921814,0.44920000433921814,0.44920000433921814,0.0
2024-07-03 10:56:00,APLS,35.43000030517578,35.43000030517578,35.439998626708984,35.369998931884766,35.439998626708984,1097.0
2024-07-03 10:56:00,APLT,4.420000076293945,4.420000076293945,4.440000057220459,4.420000076293945,4.440000057220459,1730.0
2024-07-03 10:56:00,APTO,0.7483999729156494,0.7483999729156494,0.75,0.7483999729156494,0.75,300.0
2024-07-03 10:56:00,ARCT,21.350000381469727,21.350000381469727,21.350000381469727,21.350000381469727,21.350000381469727,818.0
2024-07-03 10:56:00,ARDX,5.210000038146973,5.210000038146973,5.21999979019165,5.204999923706055,5.204999923706055,24654.0
2024-07-03 10:56:00,ARGX,433.95001220703125,433.95001220703125,433.95001220703125,433.95001220703125,433.95001220703125,356.0
2024-07-03 10:56:00,ARQT,9.460000038146973,9.460000038146973,9.529999732971191,9.460000038146973,9.529999732971191,15894.0
2024-07-03 10:56:00,ARWR,25.59000015258789,25.59000015258789,25.600000381469727,25.59000015258789,25.600000381469727,575.0
2024-07-03 10:56:00,ASLN,2.309999942779541,2.309999942779541,2.309999942779541,2.309999942779541,2.309999942779541,714.0
2024-07-03 10:56:00,ASRT,1.3350000381469727,1.3350000381469727,1.3450000286102295,1.3350000381469727,1.3450000286102295,9085.0
2024-07-03 10:56:00,ATAI,1.2999999523162842,1.2999999523162842,1.2999999523162842,1.2899999618530273,1.2899999618530273,4960.0
2024-07-03 10:56:00,ATEC,9.949999809265137,9.949999809265137,9.960000038146973,9.949999809265137,9.960000038146973,819.0
2024-07-03 10:56:00,ATOS,1.1649999618530273,1.1649999618530273,1.1649999618530273,1.1649999618530273,1.1649999618530273,338.0
2024-07-03 10:56:00,ATRA,7.65500020980835,7.65500020980835,7.65500020980835,7.65500020980835,7.65500020980835,422.0
2024-07-03 10:56:00,ATRC,22.1299991607666,22.1299991607666,22.170000076293945,22.1299991607666,22.170000076293945,280.0
2024-07-03 10:56:00,ATXS,9.020000457763672,9.020000457763672,9.020000457763672,9.020000457763672,9.020000457763672,236.0
2024-07-03 10:56:00,AUPH,5.46999979019165,5.46999979019165,5.46999979019165,5.46999979019165,5.46999979019165,674.0
2024-07-03 10:56:00,AURA,7.0,7.0,7.050000190734863,7.0,7.050000190734863,10898.0
2024-07-03 10:56:00,AUTL,3.490000009536743,3.490000009536743,3.490000009536743,3.490000009536743,3.490000009536743,591.0
2024-07-03 10:56:00,AVAH,2.649899959564209,2.649899959564209,2.649899959564209,2.649899959564209,2.649899959564209,697.0
2024-07-03 10:56:00,AVIR,3.319999933242798,3.319999933242798,3.319999933242798,3.319999933242798,3.319999933242798,384.0
2024-07-03 10:56:00,AVTE,1.6109999418258667,1.6109999418258667,1.6109999418258667,1.6109999418258667,1.6109999418258667,400.0
2024-07-03 10:56:00,AVXL,4.235000133514404,4.235000133514404,4.239999771118164,4.235000133514404,4.239999771118164,2226.0
2024-07-03 10:56:00,AXSM,79.9000015258789,79.9000015258789,79.9000015258789,79.83000183105469,79.9000015258789,1172.0
2024-07-03 10:56:00,AZN,76.73999786376953,76.73999786376953,76.7699966430664,76.7300033569336,76.7699966430664,7019.0
2024-07-03 10:56:00,BBIO,25.315000534057617,25.315000534057617,25.315000534057617,25.315000534057617,25.315000534057617,728.0
2024-07-03 10:56:00,BCAB,1.340000033378601,1.340000033378601,1.3550000190734863,1.340000033378601,1.3550000190734863,7668.0
2024-07-03 10:56:00,BCRX,6.539999961853027,6.539999961853027,6.545000076293945,6.539999961853027,6.539999961853027,1942.0
2024-07-03 10:56:00,BCYC,19.709999084472656,19.709999084472656,19.709999084472656,19.709999084472656,19.709999084472656,1506.0
2024-07-03 10:56:00,BDTX,4.230000019073486,4.230000019073486,4.25,4.21999979019165,4.21999979019165,26925.0
2024-07-03 10:56:00,BEAM,23.709999084472656,23.709999084472656,23.760000228881836,23.709999084472656,23.75,14182.0
2024-07-03 10:56:00,BEAT,2.839900016784668,2.839900016784668,2.839900016784668,2.839900016784668,2.839900016784668,860.0
2024-07-03 10:56:00,BGNE,146.66000366210938,146.66000366210938,146.66000366210938,146.66000366210938,146.66000366210938,302.0
2024-07-03 10:56:00,BIIB,224.3699951171875,224.3699951171875,224.44500732421875,224.3699951171875,224.44500732421875,2343.0
2024-07-03 10:56:00,BLRX,0.5303000211715698,0.5303000211715698,0.5303000211715698,0.5303000211715698,0.5303000211715698,557.0
2024-07-03 10:56:00,BLUE,0.9269000291824341,0.9269000291824341,0.933899998664856,0.9269000291824341,0.9319000244140625,8338.0
2024-07-03 10:56:00,BMRN,81.13999938964844,81.13999938964844,81.16999816894531,81.13999938964844,81.16999816894531,1607.0
2024-07-03 10:56:00,BNGO,0.5670999884605408,0.5670999884605408,0.5688999891281128,0.5670999884605408,0.5688999891281128,1210.0
2024-07-03 10:56:00,BNTX,80.69000244140625,80.69000244140625,80.69000244140625,80.58999633789062,80.58999633789062,2885.0
2024-07-03 10:56:00,BOLT,0.7343999743461609,0.7343999743461609,0.7343999743461609,0.7343999743461609,0.7343999743461609,112.0
2024-07-03 10:56:00,BRKR,61.77000045776367,61.77000045776367,61.810001373291016,61.70000076293945,61.70000076293945,5232.0
2024-07-03 10:56:00,BRTX,1.9600000381469727,1.9600000381469727,1.9600000381469727,1.9500000476837158,1.9500000476837158,602.0
2024-07-03 10:56:00,BTAI,1.1050000190734863,1.1050000190734863,1.1050000190734863,1.1050000190734863,1.1050000190734863,825.0
2024-07-03 10:56:00,BWAY,5.989999771118164,5.989999771118164,5.989999771118164,5.989999771118164,5.989999771118164,1000.0
2024-07-03 10:56:00,BYSI,2.484999895095825,2.484999895095825,2.484999895095825,2.484999895095825,2.484999895095825,101.0
2024-07-03 10:56:00,CABA,7.710000038146973,7.710000038146973,7.710000038146973,7.710000038146973,7.710000038146973,449.0
2024-07-03 10:56:00,CAPR,4.75,4.75,4.75,4.75,4.75,1566.0
2024-07-03 10:56:00,CCCC,4.724999904632568,4.724999904632568,4.724999904632568,4.715000152587891,4.715000152587891,3854.0
2024-07-03 10:56:00,CDMO,7.610000133514404,7.610000133514404,7.670000076293945,7.610000133514404,7.670000076293945,2355.0
2024-07-03 10:56:00,CDXC,2.549999952316284,2.549999952316284,2.549999952316284,2.549999952316284,2.549999952316284,1220.0
2024-07-03 10:56:00,CELC,16.260000228881836,16.260000228881836,16.260000228881836,16.235000610351562,16.235000610351562,544.0
2024-07-03 10:56:00,CERE,41.334999084472656,41.334999084472656,41.349998474121094,41.32500076293945,41.34000015258789,5937.0
2024-07-03 10:56:00,CERT,13.869999885559082,13.869999885559082,13.869999885559082,13.869999885559082,13.869999885559082,327.0
2024-07-03 10:56:00,CGC,6.8094000816345215,6.8094000816345215,6.809999942779541,6.800000190734863,6.800000190734863,22834.0
2024-07-03 10:56:00,CGEM,16.75,16.75,16.760000228881836,16.75,16.760000228881836,838.0
2024-07-03 10:56:00,CGTX,1.7999999523162842,1.7999999523162842,1.7999999523162842,1.7999999523162842,1.7999999523162842,200.0
2024-07-03 10:56:00,CHRS,1.4049999713897705,1.4049999713897705,1.4049999713897705,1.4049999713897705,1.4049999713897705,937.0
2024-07-03 10:56:00,CKPT,2.244999885559082,2.244999885559082,2.244999885559082,2.244999885559082,2.244999885559082,1340.0
2024-07-03 10:56:00,CLDX,36.599998474121094,36.599998474121094,36.599998474121094,36.599998474121094,36.599998474121094,262.0
2024-07-03 10:56:00,CLOV,1.2402000427246094,1.2402000427246094,1.2450000047683716,1.2400000095367432,1.2400000095367432,34428.0
2024-07-03 10:56:00,CLPT,5.440000057220459,5.440000057220459,5.440000057220459,5.440000057220459,5.440000057220459,665.0
2024-07-03 10:56:00,CLRB,2.4100000858306885,2.4100000858306885,2.4100000858306885,2.4100000858306885,2.4100000858306885,1606.0
2024-07-03 10:56:00,CMPS,6.349899768829346,6.349899768829346,6.349999904632568,6.329999923706055,6.334000110626221,2651.0
2024-07-03 10:56:00,CMPX,0.8409000039100647,0.8409000039100647,0.8456000089645386,0.8409000039100647,0.8456000089645386,2100.0
2024-07-03 10:56:00,CMRX,0.8748000264167786,0.8748000264167786,0.8748000264167786,0.8748000264167786,0.8748000264167786,1721.0
2024-07-03 10:56:00,CNSP,2.139899969100952,2.139899969100952,2.200000047683716,2.130000114440918,2.1898999214172363,95543.0
2024-07-03 10:56:00,COGT,8.274999618530273,8.274999618530273,8.289999961853027,8.260000228881836,8.289999961853027,517.0
2024-07-03 10:56:00,COLL,32.310001373291016,32.310001373291016,32.310001373291016,32.279998779296875,32.279998779296875,525.0
2024-07-03 10:56:00,CORT,30.70240020751953,30.70240020751953,30.75,30.674999237060547,30.674999237060547,1340.0
2024-07-03 10:56:00,CPRX,15.449999809265137,15.449999809265137,15.470000267028809,15.449999809265137,15.470000267028809,1714.0
2024-07-03 10:56:00,CRBP,48.97999954223633,48.97999954223633,48.97999954223633,48.81999969482422,48.97999954223633,694.0
2024-07-03 10:56:00,CRBU,1.590000033378601,1.590000033378601,1.590000033378601,1.590000033378601,1.590000033378601,1701.0
2024-07-03 10:56:00,CRDF,2.2799999713897705,2.2799999713897705,2.2799999713897705,2.2799999713897705,2.2799999713897705,732.0
2024-07-03 10:56:00,CRMD,4.130000114440918,4.130000114440918,4.130000114440918,4.125,4.125,801.0
2024-07-03 10:56:00,CRON,2.3661999702453613,2.3661999702453613,2.3661999702453613,2.3661999702453613,2.3661999702453613,1070.0
2024-07-03 10:56:00,CRSP,53.76499938964844,53.76499938964844,53.76499938964844,53.7599983215332,53.7599983215332,1524.0
2024-07-03 10:56:00,CSTL,21.239999771118164,21.239999771118164,21.239999771118164,21.219999313354492,21.229999542236328,1169.0
2024-07-03 10:56:00,CTKB,5.710000038146973,5.710000038146973,5.710000038146973,5.710000038146973,5.710000038146973,1422.0
2024-07-03 10:56:00,CTMX,1.3350000381469727,1.3350000381469727,1.3350000381469727,1.3250000476837158,1.3250000476837158,3462.0
2024-07-03 10:56:00,CTSO,0.8299999833106995,0.8299999833106995,0.8299999833106995,0.8299999833106995,0.8299999833106995,500.0
2024-07-03 10:56:00,CUE,1.0099999904632568,1.0099999904632568,1.0099999904632568,1.0099999904632568,1.0099999904632568,458.0
2024-07-03 10:56:00,CUTR,1.3193999528884888,1.3193999528884888,1.3200000524520874,1.309999942779541,1.309999942779541,1969.0
2024-07-03 10:56:00,CVAC,3.365000009536743,3.365000009536743,3.367799997329712,3.365000009536743,3.365000009536743,3445.0
2024-07-03 10:56:00,CYTK,54.584999084472656,54.584999084472656,54.709999084472656,54.58250045776367,54.709999084472656,1572.0
2024-07-03 10:56:00,DAWN,13.369999885559082,13.369999885559082,13.390000343322754,13.369999885559082,13.380000114440918,1287.0
2024-07-03 10:56:00,DCGO,2.934999942779541,2.934999942779541,2.939300060272217,2.934999942779541,2.939300060272217,2039.0
2024-07-03 10:56:00,DNLI,21.579999923706055,21.579999923706055,21.579999923706055,21.579999923706055,21.579999923706055,497.0
2024-07-03 10:56:00,DSGN,3.25,3.25,3.25,3.2274999618530273,3.2274999618530273,206.0
2024-07-03 10:56:00,DVAX,11.079999923706055,11.079999923706055,11.085000038146973,11.074999809265137,11.085000038146973,2481.0
2024-07-03 10:56:00,DXCM,109.9800033569336,109.9800033569336,110.06999969482422,109.91999816894531,110.06999969482422,8674.0
2024-07-03 10:56:00,DYN,34.39500045776367,34.39500045776367,34.400001525878906,34.39500045776367,34.400001525878906,308.0
2024-07-03 10:56:00,EDIT,4.6579999923706055,4.6579999923706055,4.6579999923706055,4.650000095367432,4.65500020980835,6165.0
2024-07-03 10:56:00,ELDN,2.4600000381469727,2.4600000381469727,2.4600000381469727,2.4600000381469727,2.4600000381469727,393.0
2024-07-03 10:56:00,ELEV,2.6549999713897705,2.6549999713897705,2.6600000858306885,2.6549999713897705,2.6600000858306885,3137.0
2024-07-03 10:56:00,EMBC,12.050000190734863,12.050000190734863,12.0600004196167,12.050000190734863,12.0600004196167,1170.0
2024-07-03 10:56:00,ENTA,13.0,13.0,13.029999732971191,12.989999771118164,13.029999732971191,3302.0
2024-07-03 10:56:00,EOLS,10.859999656677246,10.859999656677246,10.859999656677246,10.859999656677246,10.859999656677246,428.0
2024-07-03 10:56:00,ERAS,2.25,2.25,2.25,2.244999885559082,2.25,8678.0
2024-07-03 10:56:00,ESPR,2.365000009536743,2.365000009536743,2.375,2.365000009536743,2.369999885559082,13858.0
2024-07-03 10:56:00,ESTA,43.54999923706055,43.54999923706055,43.54999923706055,43.54999923706055,43.54999923706055,2082.0
2024-07-03 10:56:00,ETNB,7.610000133514404,7.610000133514404,7.610000133514404,7.599999904632568,7.599999904632568,673.0
2024-07-03 10:56:00,EWTX,18.030000686645508,18.030000686645508,18.030000686645508,18.030000686645508,18.030000686645508,394.0
2024-07-03 10:56:00,EXAI,5.449999809265137,5.449999809265137,5.449999809265137,5.449999809265137,5.449999809265137,712.0
2024-07-03 10:56:00,EXAS,43.2599983215332,43.2599983215332,43.369998931884766,43.189998626708984,43.369998931884766,17207.0
2024-07-03 10:56:00,EXEL,21.969999313354492,21.969999313354492,21.975000381469727,21.954999923706055,21.969999313354492,3305.0
2024-07-03 10:56:00,EYEN,0.7811999917030334,0.7811999917030334,0.7811999917030334,0.7811999917030334,0.7811999917030334,1159.0
2024-07-03 10:56:00,EYPT,8.3100004196167,8.3100004196167,8.3100004196167,8.3100004196167,8.3100004196167,129.0
2024-07-03 10:56:00,FATE,3.2200000286102295,3.2200000286102295,3.2300000190734863,3.2200000286102295,3.2300000190734863,3617.0
2024-07-03 10:56:00,FDMT,21.040000915527344,21.040000915527344,21.075000762939453,21.040000915527344,21.06999969482422,1534.0
2024-07-03 10:56:00,FENC,6.019999980926514,6.019999980926514,6.019999980926514,6.019999980926514,6.019999980926514,880.0
2024-07-03 10:56:00,FGEN,0.7208999991416931,0.7208999991416931,0.7208999991416931,0.7200000286102295,0.7200000286102295,10883.0
2024-07-03 10:56:00,FHTX,5.510000228881836,5.510000228881836,5.510000228881836,5.510000228881836,5.510000228881836,285.0
2024-07-03 10:56:00,FOLD,9.880000114440918,9.880000114440918,9.885000228881836,9.875,9.885000228881836,5281.0
2024-07-03 10:56:00,GDRX,7.875,7.875,7.875,7.875,7.875,280.0
2024-07-03 10:56:00,GERN,4.340099811553955,4.340099811553955,4.349999904632568,4.340099811553955,4.34499979019165,19509.0
2024-07-03 10:56:00,GH,28.229999542236328,28.229999542236328,28.270000457763672,28.229999542236328,28.239999771118164,2226.0
2024-07-03 10:56:00,GILD,66.72000122070312,66.72000122070312,66.79989624023438,66.69999694824219,66.79000091552734,6567.0
2024-07-03 10:56:00,GLSI,16.739999771118164,16.739999771118164,16.739999771118164,16.739999771118164,16.739999771118164,421.0
2024-07-03 10:56:00,GLTO,0.5153999924659729,0.5153999924659729,0.5248000025749207,0.5153999924659729,0.5248000025749207,11001.0
2024-07-03 10:56:00,GLUE,3.819999933242798,3.819999933242798,3.819999933242798,3.819999933242798,3.819999933242798,196.0
2024-07-03 10:56:00,GLYC,0.2712000012397766,0.2712000012397766,0.2712000012397766,0.2712000012397766,0.2712000012397766,1076.0
2024-07-03 10:56:00,GMAB,25.239999771118164,25.239999771118164,25.25,25.229999542236328,25.239999771118164,3517.0
2024-07-03 10:56:00,GOSS,0.944599986076355,0.944599986076355,0.944599986076355,0.9395999908447266,0.9395999908447266,1719.0
2024-07-03 10:56:00,GOVX,3.0209999084472656,3.0209999084472656,3.049999952316284,3.0209999084472656,3.049999952316284,545.0
2024-07-03 10:56:00,GRTS,0.5989000201225281,0.5989000201225281,0.6032999753952026,0.597100019454956,0.6029000282287598,32514.0
2024-07-03 10:56:00,GTHX,2.5,2.5,2.5,2.494999885559082,2.5,6534.0
2024-07-03 10:56:00,HALO,51.435001373291016,51.435001373291016,51.50130081176758,51.400001525878906,51.494998931884766,3353.0
2024-07-03 10:56:00,HCAT,6.170000076293945,6.170000076293945,6.170000076293945,6.150000095367432,6.159999847412109,1729.0
2024-07-03 10:56:00,HCSG,10.5600004196167,10.5600004196167,10.579999923706055,10.5600004196167,10.579999923706055,1289.0
2024-07-03 10:56:00,HOLX,73.33000183105469,73.33000183105469,73.36499786376953,73.30999755859375,73.36499786376953,14703.0
2024-07-03 10:56:00,HOOK,0.5985000133514404,0.5985000133514404,0.5985000133514404,0.5985000133514404,0.5985000133514404,3775.0
2024-07-03 10:56:00,HQY,83.25,83.25,83.25,83.24500274658203,83.24500274658203,756.0
2024-07-03 10:56:00,HRMY,30.155000686645508,30.155000686645508,30.19499969482422,30.155000686645508,30.19499969482422,5223.0
2024-07-03 10:56:00,HRTX,2.799999952316284,2.799999952316284,2.799999952316284,2.799999952316284,2.799999952316284,738.0
2024-07-03 10:56:00,HSIC,65.43000030517578,65.43000030517578,65.43000030517578,65.38999938964844,65.38999938964844,626.0
2024-07-03 10:56:00,HUMA,5.519999980926514,5.519999980926514,5.579899787902832,5.519999980926514,5.579899787902832,14123.0
2024-07-03 10:56:00,IART,28.90999984741211,28.90999984741211,28.920000076293945,28.90999984741211,28.920000076293945,656.0
2024-07-03 10:56:00,IBRX,6.244999885559082,6.244999885559082,6.244999885559082,6.230000019073486,6.2399001121521,3194.0
2024-07-03 10:56:00,ICAD,1.2000000476837158,1.2000000476837158,1.2000000476837158,1.2000000476837158,1.2000000476837158,162.0
2024-07-03 10:56:00,ICLR,318.45001220703125,318.45001220703125,318.45001220703125,318.3900146484375,318.3900146484375,1776.0
2024-07-03 10:56:00,IDXX,475.29998779296875,475.29998779296875,475.29998779296875,475.29998779296875,475.29998779296875,263.0
2024-07-03 10:56:00,IDYA,33.5099983215332,33.5099983215332,33.5099983215332,33.5099983215332,33.5099983215332,187.0
2024-07-03 10:56:00,IGMS,6.539999961853027,6.539999961853027,6.539999961853027,6.46999979019165,6.519999980926514,1440.0
2024-07-03 10:56:00,ILMN,104.72000122070312,104.72000122070312,104.80999755859375,104.69000244140625,104.69000244140625,15743.0
2024-07-03 10:56:00,IMAB,1.559999942779541,1.559999942779541,1.5700000524520874,1.559999942779541,1.5700000524520874,566.0
2024-07-03 10:56:00,IMCR,35.849998474121094,35.849998474121094,36.0,35.84000015258789,36.0,3964.0
2024-07-03 10:56:00,IMMX,2.380000114440918,2.380000114440918,2.4000000953674316,2.3350000381469727,2.3399999141693115,25478.0
2024-07-03 10:56:00,IMNM,12.0,12.0,12.0,12.0,12.0,378.0
2024-07-03 10:56:00,IMUX,1.1399999856948853,1.1399999856948853,1.1399999856948853,1.1399999856948853,1.1399999856948853,1027.0
2024-07-03 10:56:00,IMVT,26.6299991607666,26.6299991607666,26.65999984741211,26.6299991607666,26.639999389648438,1617.0
2024-07-03 10:56:00,INCY,57.68000030517578,57.68000030517578,57.689998626708984,57.65999984741211,57.65999984741211,3412.0
2024-07-03 10:56:00,INO,8.399999618530273,8.399999618530273,8.4399995803833,8.399999618530273,8.4399995803833,607.0
2024-07-03 10:56:00,INSM,62.52000045776367,62.52000045776367,62.65999984741211,62.5,62.61000061035156,9686.0
2024-07-03 10:56:00,IONM,0.33000001311302185,0.33000001311302185,0.33000001311302185,0.33000001311302185,0.33000001311302185,3187.0
2024-07-03 10:56:00,IONS,44.4900016784668,44.4900016784668,44.505001068115234,44.4900016784668,44.505001068115234,1644.0
2024-07-03 10:56:00,IOVA,7.690000057220459,7.690000057220459,7.710000038146973,7.690000057220459,7.704999923706055,5068.0
2024-07-03 10:56:00,IRTC,95.91999816894531,95.91999816894531,95.91999816894531,95.91999816894531,95.91999816894531,681.0
2024-07-03 10:56:00,IRWD,6.144999980926514,6.144999980926514,6.150000095367432,6.144999980926514,6.150000095367432,2091.0
2024-07-03 10:56:00,ISRG,433.0,433.0,433.55999755859375,433.0,433.55999755859375,3402.0
2024-07-03 10:56:00,ITCI,67.88500213623047,67.88500213623047,67.94000244140625,67.87999725341797,67.94000244140625,3856.0
2024-07-03 10:56:00,JAGX,3.4800000190734863,3.4800000190734863,3.4800000190734863,3.4800000190734863,3.4800000190734863,1197.0
2024-07-03 10:56:00,JANX,37.93000030517578,37.93000030517578,37.93000030517578,37.93000030517578,37.93000030517578,200.0
2024-07-03 10:56:00,JAZZ,104.55000305175781,104.55000305175781,104.55000305175781,104.47000122070312,104.47000122070312,465.0
2024-07-03 10:56:00,KALA,6.659999847412109,6.659999847412109,6.750100135803223,6.659999847412109,6.750100135803223,1173.0
2024-07-03 10:56:00,KPTI,0.8313999772071838,0.8313999772071838,0.8313999772071838,0.8313999772071838,0.8313999772071838,820.0
2024-07-03 10:56:00,KROS,42.345001220703125,42.345001220703125,42.349998474121094,42.345001220703125,42.349998474121094,552.0
2024-07-03 10:56:00,KRYS,177.89999389648438,177.89999389648438,177.89999389648438,177.89999389648438,177.89999389648438,1458.0
2024-07-03 10:56:00,KTRA,0.28369998931884766,0.28369998931884766,0.2840000092983246,0.28369998931884766,0.2840000092983246,4969.0
2024-07-03 10:56:00,KURA,20.469999313354492,20.469999313354492,20.540000915527344,20.469999313354492,20.540000915527344,1699.0
2024-07-03 10:56:00,KYMR,30.510000228881836,30.510000228881836,30.55500030517578,30.510000228881836,30.55500030517578,579.0
2024-07-03 10:56:00,KZR,0.5785999894142151,0.5785999894142151,0.5787000060081482,0.5777000188827515,0.5787000060081482,1035.0
2024-07-03 10:56:00,LAB,1.7999999523162842,1.7999999523162842,1.7999999523162842,1.7949999570846558,1.7949999570846558,14734.0
2024-07-03 10:56:00,LBPH,32.96900177001953,32.96900177001953,32.96900177001953,32.959999084472656,32.959999084472656,1829.0
2024-07-03 10:56:00,LEGN,45.650001525878906,45.650001525878906,45.650001525878906,45.60499954223633,45.60499954223633,315.0
2024-07-03 10:56:00,LFST,5.15500020980835,5.15500020980835,5.159999847412109,5.15500020980835,5.159999847412109,1433.0
2024-07-03 10:56:00,LGVN,1.6150000095367432,1.6150000095367432,1.6150000095367432,1.6150000095367432,1.6150000095367432,202.0
2024-07-03 10:56:00,LNTH,79.21499633789062,79.21499633789062,79.21499633789062,79.21499633789062,79.21499633789062,631.0
2024-07-03 10:56:00,LRMR,7.670000076293945,7.670000076293945,7.684999942779541,7.659999847412109,7.659999847412109,1921.0
2024-07-03 10:56:00,LUCY,0.4702000021934509,0.4702000021934509,0.4702000021934509,0.4693000018596649,0.4693000018596649,1776.0
2024-07-03 10:56:00,LXRX,1.600000023841858,1.600000023841858,1.6050000190734863,1.600000023841858,1.6050000190734863,2285.0
2024-07-03 10:56:00,LYEL,1.4800000190734863,1.4800000190734863,1.4950000047683716,1.4800000190734863,1.4950000047683716,5848.0
2024-07-03 10:56:00,LYRA,0.2865999937057495,0.2865999937057495,0.2867000102996826,0.2865999937057495,0.2865999937057495,2002.0
2024-07-03 10:56:00,MASI,115.01000213623047,115.01000213623047,115.01000213623047,115.01000213623047,115.01000213623047,849.0
2024-07-03 10:56:00,MASS,4.78000020980835,4.78000020980835,4.78000020980835,4.769999980926514,4.769999980926514,349.0
2024-07-03 10:56:00,MBIO,0.5149999856948853,0.5149999856948853,0.5162000060081482,0.5149999856948853,0.5162000060081482,26313.0
2024-07-03 10:56:00,MCRB,0.7192999720573425,0.7192999720573425,0.7196999788284302,0.7148000001907349,0.7181000113487244,11930.0
2024-07-03 10:56:00,MDXG,6.755000114440918,6.755000114440918,6.764999866485596,6.75,6.760000228881836,2799.0
2024-07-03 10:56:00,MDXH,2.309999942779541,2.309999942779541,2.309999942779541,2.309999942779541,2.309999942779541,974.0
2024-07-03 10:56:00,ME,0.40529999136924744,0.40529999136924744,0.40529999136924744,0.4000999927520752,0.4000999927520752,86778.0
2024-07-03 10:56:00,MEDS,17.79990005493164,17.79990005493164,17.79990005493164,17.479999542236328,17.5,626.0
2024-07-03 10:56:00,MESO,6.789899826049805,6.789899826049805,6.789899826049805,6.789899826049805,6.789899826049805,1204.0
2024-07-03 10:56:00,MGNX,4.255000114440918,4.255000114440918,4.255000114440918,4.25,4.25,2775.0
2024-07-03 10:56:00,MGTX,4.019999980926514,4.019999980926514,4.039999961853027,4.019999980926514,4.03000020980835,5225.0
2024-07-03 10:56:00,MLTX,41.349998474121094,41.349998474121094,41.349998474121094,41.08000183105469,41.08000183105469,504.0
2024-07-03 10:56:00,MNKD,5.079999923706055,5.079999923706055,5.090000152587891,5.079999923706055,5.090000152587891,7046.0
2024-07-03 10:56:00,MORF,31.829999923706055,31.829999923706055,31.829999923706055,31.829999923706055,31.829999923706055,328.0
2024-07-03 10:56:00,MOVE,0.3122999966144562,0.3122999966144562,0.3122999966144562,0.3122999966144562,0.3122999966144562,0.0
2024-07-03 10:56:00,MRNA,116.10179901123047,116.10179901123047,116.4000015258789,116.10179901123047,116.3550033569336,7546.0
2024-07-03 10:56:00,MRNS,1.2050000429153442,1.2050000429153442,1.2050000429153442,1.2050000429153442,1.2050000429153442,338.0
2024-07-03 10:56:00,MRSN,1.8799999952316284,1.8799999952316284,1.8799999952316284,1.8799999952316284,1.8799999952316284,718.0
2024-07-03 10:56:00,MRUS,52.779998779296875,52.779998779296875,52.779998779296875,52.7599983215332,52.77000045776367,648.0
2024-07-03 10:56:00,MRVI,6.775000095367432,6.775000095367432,6.78000020980835,6.775000095367432,6.78000020980835,49986.0
2024-07-03 10:56:00,MXCT,3.7049999237060547,3.7049999237060547,3.7049999237060547,3.7049999237060547,3.7049999237060547,114.0
2024-07-03 10:56:00,MYGN,25.239999771118164,25.239999771118164,25.260000228881836,25.239999771118164,25.25,3199.0
2024-07-03 10:56:00,NARI,49.439998626708984,49.439998626708984,49.439998626708984,49.439998626708984,49.439998626708984,114.0
2024-07-03 10:56:00,NBIX,137.9600067138672,137.9600067138672,137.9600067138672,137.9600067138672,137.9600067138672,1406.0
2024-07-03 10:56:00,NDRA,0.08510000258684158,0.08510000258684158,0.08560000360012054,0.08510000258684158,0.08510000258684158,18677.0
2024-07-03 10:56:00,NEO,13.65999984741211,13.65999984741211,13.65999984741211,13.65999984741211,13.65999984741211,985.0
2024-07-03 10:56:00,NEOG,15.210000038146973,15.210000038146973,15.229999542236328,15.210000038146973,15.229999542236328,4442.0
2024-07-03 10:56:00,NKTR,1.2549999952316284,1.2549999952316284,1.2549999952316284,1.2549999952316284,1.2549999952316284,1341.0
2024-07-03 10:56:00,NLSP,0.20389999449253082,0.20389999449253082,0.20389999449253082,0.20110000669956207,0.20110000669956207,23236.0
2024-07-03 10:56:00,NNOX,7.037199974060059,7.037199974060059,7.037199974060059,7.03000020980835,7.03000020980835,1031.0
2024-07-03 10:56:00,NRC,22.875,22.875,22.899999618530273,22.875,22.889999389648438,564.0
2024-07-03 10:56:00,NTLA,22.6299991607666,22.6299991607666,22.700000762939453,22.6299991607666,22.700000762939453,1915.0
2024-07-03 10:56:00,NTRA,111.02999877929688,111.02999877929688,111.69499969482422,110.87000274658203,111.68000030517578,18591.0
2024-07-03 10:56:00,NUVL,71.52999877929688,71.52999877929688,71.52999877929688,71.52999877929688,71.52999877929688,249.0
2024-07-03 10:56:00,NUWE,4.050000190734863,4.050000190734863,4.050000190734863,4.050000190734863,4.050000190734863,1018.0
2024-07-03 10:56:00,NVAX,12.760000228881836,12.760000228881836,12.765000343322754,12.75,12.75469970703125,9603.0
2024-07-03 10:56:00,NVCR,16.760000228881836,16.760000228881836,16.780000686645508,16.75,16.75,1946.0
2024-07-03 10:56:00,NXTC,1.590000033378601,1.590000033378601,1.590000033378601,1.5155999660491943,1.5549999475479126,2130.0
2024-07-03 10:56:00,OCGN,1.6349999904632568,1.6349999904632568,1.6449999809265137,1.6299999952316284,1.6449999809265137,78533.0
2024-07-03 10:56:00,OCUL,6.71999979019165,6.71999979019165,6.71999979019165,6.71999979019165,6.71999979019165,541.0
2024-07-03 10:56:00,OCX,3.0302999019622803,3.0302999019622803,3.0557000637054443,3.0302999019622803,3.0450000762939453,2327.0
2024-07-03 10:56:00,OGI,1.600000023841858,1.600000023841858,1.600100040435791,1.600000023841858,1.600100040435791,633.0
2024-07-03 10:56:00,OLMA,10.619999885559082,10.619999885559082,10.630000114440918,10.619999885559082,10.630000114440918,570.0
2024-07-03 10:56:00,OM,3.694999933242798,3.694999933242798,3.694999933242798,3.690000057220459,3.694999933242798,15626.0
2024-07-03 10:56:00,OMCL,26.344999313354492,26.344999313354492,26.440000534057617,26.344999313354492,26.440000534057617,1246.0
2024-07-03 10:56:00,OMGA,1.9800000190734863,1.9800000190734863,1.9900000095367432,1.9800000190734863,1.9900000095367432,2940.0
2024-07-03 10:57:00,ABCL,2.740000009536743,2.740000009536743,2.744999885559082,2.740000009536743,2.740000009536743,2029.0
2024-07-03 10:57:00,ABOS,2.299999952316284,2.299999952316284,2.299999952316284,2.25,2.25,9972.0
2024-07-03 10:57:00,ABSI,3.2249999046325684,3.2249999046325684,3.2300000190734863,3.2100000381469727,3.2200000286102295,5758.0
2024-07-03 10:57:00,ABUS,3.1500000953674316,3.1500000953674316,3.1600000858306885,3.1500000953674316,3.1600000858306885,1252.0
2024-07-03 10:57:00,ACAD,15.619999885559082,15.619999885559082,15.630000114440918,15.619999885559082,15.630000114440918,791.0
2024-07-03 10:57:00,ACB,4.960000038146973,4.960000038146973,4.980000019073486,4.950799942016602,4.96999979019165,26060.0
2024-07-03 10:57:00,ACCD,3.5799999237060547,3.5799999237060547,3.5850000381469727,3.5799999237060547,3.5799999237060547,2823.0
2024-07-03 10:57:00,ACET,1.0499999523162842,1.0499999523162842,1.0499999523162842,1.0499999523162842,1.0499999523162842,447.0
2024-07-03 10:57:00,ACHC,66.29000091552734,66.29000091552734,66.29499816894531,66.2300033569336,66.29499816894531,1185.0
2024-07-03 10:57:00,ACHV,4.5,4.5,4.5,4.5,4.5,1854.0
2024-07-03 10:57:00,ACLX,53.79999923706055,53.79999923706055,53.79999923706055,53.67499923706055,53.67499923706055,1045.0
2024-07-03 10:57:00,ADMA,11.3100004196167,11.3100004196167,11.324999809265137,11.3100004196167,11.319999694824219,2022.0
2024-07-03 10:57:00,ADPT,3.384999990463257,3.384999990463257,3.384999990463257,3.380000114440918,3.380000114440918,720.0
2024-07-03 10:57:00,AFMD,5.090000152587891,5.090000152587891,5.099999904632568,5.079999923706055,5.099999904632568,1337.0
2024-07-03 10:57:00,AGIO,41.869998931884766,41.869998931884766,41.869998931884766,41.869998931884766,41.869998931884766,2000.0
2024-07-03 10:57:00,AHCO,9.829999923706055,9.829999923706055,9.84000015258789,9.829999923706055,9.84000015258789,1475.0
2024-07-03 10:57:00,AKBA,0.9509999752044678,0.9509999752044678,0.9509999752044678,0.9509999752044678,0.9509999752044678,584.0
2024-07-03 10:57:00,AKYA,2.1500000953674316,2.1500000953674316,2.1500000953674316,2.1500000953674316,2.1500000953674316,377.0
2024-07-03 10:57:00,ALDX,3.2100000381469727,3.2100000381469727,3.2100000381469727,3.2100000381469727,3.2100000381469727,1369.0
2024-07-03 10:57:00,ALEC,4.449999809265137,4.449999809265137,4.449999809265137,4.449999809265137,4.449999809265137,318.0
2024-07-03 10:57:00,ALGN,238.3300018310547,238.3300018310547,238.66000366210938,238.3300018310547,238.66000366210938,938.0
2024-07-03 10:57:00,ALGS,0.42750000953674316,0.42750000953674316,0.42750000953674316,0.42500001192092896,0.42500001192092896,926.0
2024-07-03 10:57:00,ALHC,8.0,8.0,8.0,8.0,8.0,414.0
2024-07-03 10:57:00,ALKS,24.260000228881836,24.260000228881836,24.290000915527344,24.260000228881836,24.290000915527344,2478.0
2024-07-03 10:57:00,ALLK,0.847100019454956,0.847100019454956,0.847100019454956,0.847100019454956,0.847100019454956,580.0
2024-07-03 10:57:00,ALLO,2.130000114440918,2.130000114440918,2.130000114440918,2.125,2.130000114440918,4761.0
2024-07-03 10:57:00,ALNY,246.09500122070312,246.09500122070312,246.3800048828125,245.86000061035156,246.13999938964844,6277.0
2024-07-03 10:57:00,ALT,6.65500020980835,6.65500020980835,6.659900188446045,6.650000095367432,6.65500020980835,4653.0
2024-07-03 10:57:00,ALVR,0.7350000143051147,0.7350000143051147,0.7350000143051147,0.7350000143051147,0.7350000143051147,3846.0
2024-07-03 10:57:00,ALXO,5.829999923706055,5.829999923706055,5.840000152587891,5.829999923706055,5.829999923706055,1319.0
2024-07-03 10:57:00,AMED,96.83999633789062,96.83999633789062,96.8499984741211,96.83999633789062,96.8499984741211,1343.0
2024-07-03 10:57:00,AMGN,308.6099853515625,308.6099853515625,308.6099853515625,308.3700866699219,308.3700866699219,3026.0
2024-07-03 10:57:00,AMLX,1.7549999952316284,1.7549999952316284,1.7549999952316284,1.75,1.7549999952316284,1691.0
2024-07-03 10:57:00,AMPH,38.29999923706055,38.29999923706055,38.29999923706055,38.29999923706055,38.29999923706055,582.0
2024-07-03 10:57:00,AMRN,0.7121999859809875,0.7121999859809875,0.7121999859809875,0.7121999859809875,0.7121999859809875,1243.0
2024-07-03 10:57:00,ANAB,25.28499984741211,25.28499984741211,25.28499984741211,25.28499984741211,25.28499984741211,1997.0
2024-07-03 10:57:00,ANGO,5.635000228881836,5.635000228881836,5.639999866485596,5.635000228881836,5.639999866485596,5857.0
2024-07-03 10:57:00,ANNX,4.784999847412109,4.784999847412109,4.784999847412109,4.784999847412109,4.784999847412109,1000.0
2024-07-03 10:57:00,ANTX,2.490000009536743,2.490000009536743,2.490000009536743,2.4835000038146973,2.4835000038146973,2905.0
2024-07-03 10:57:00,APLS,35.34000015258789,35.34000015258789,35.34000015258789,35.34000015258789,35.34000015258789,879.0
2024-07-03 10:57:00,APLT,4.414000034332275,4.414000034332275,4.429999828338623,4.409999847412109,4.429999828338623,6395.0
2024-07-03 10:57:00,AQST,2.4149999618530273,2.4149999618530273,2.4149999618530273,2.4149999618530273,2.4149999618530273,578.0
2024-07-03 10:57:00,ARAY,1.7549999952316284,1.7549999952316284,1.7599999904632568,1.7549999952316284,1.7599999904632568,3300.0
2024-07-03 10:57:00,ARCT,21.375,21.375,21.395000457763672,21.329999923706055,21.329999923706055,1786.0
2024-07-03 10:57:00,ARDX,5.204999923706055,5.204999923706055,5.210000038146973,5.200099945068359,5.210000038146973,8630.0
2024-07-03 10:57:00,ARQT,9.475000381469727,9.475000381469727,9.475000381469727,9.470000267028809,9.470000267028809,1495.0
2024-07-03 10:57:00,ARWR,25.565000534057617,25.565000534057617,25.59000015258789,25.565000534057617,25.59000015258789,722.0
2024-07-03 10:57:00,ASND,135.69000244140625,135.69000244140625,136.02999877929688,135.49000549316406,135.49000549316406,5698.0
2024-07-03 10:57:00,ASRT,1.3350000381469727,1.3350000381469727,1.3350000381469727,1.3350000381469727,1.3350000381469727,1057.0
2024-07-03 10:57:00,ATEC,9.93019962310791,9.93019962310791,9.9399995803833,9.93019962310791,9.9399995803833,1368.0
2024-07-03 10:57:00,ATNF,1.559999942779541,1.559999942779541,1.559999942779541,1.559999942779541,1.559999942779541,0.0
2024-07-03 10:57:00,ATOS,1.159999966621399,1.159999966621399,1.159999966621399,1.159999966621399,1.159999966621399,326.0
2024-07-03 10:57:00,ATRA,7.550000190734863,7.550000190734863,7.650000095367432,7.550000190734863,7.650000095367432,766.0
2024-07-03 10:57:00,ATRC,22.127500534057617,22.127500534057617,22.127500534057617,22.127500534057617,22.127500534057617,144.0
2024-07-03 10:57:00,ATRI,452.5,452.5,452.5,452.5,452.5,143.0
2024-07-03 10:57:00,ATXS,8.979999542236328,8.979999542236328,9.0,8.979999542236328,9.0,1231.0
2024-07-03 10:57:00,AUPH,5.465000152587891,5.465000152587891,5.465000152587891,5.460000038146973,5.460000038146973,746.0
2024-07-03 10:57:00,AUTL,3.4800000190734863,3.4800000190734863,3.484999895095825,3.4800000190734863,3.4800000190734863,1276.0
2024-07-03 10:57:00,AVDL,14.270000457763672,14.270000457763672,14.270000457763672,14.270000457763672,14.270000457763672,193.0
2024-07-03 10:57:00,AVIR,3.315000057220459,3.315000057220459,3.315000057220459,3.315000057220459,3.315000057220459,621.0
2024-07-03 10:57:00,AVTE,1.6098999977111816,1.6098999977111816,1.6100000143051147,1.6098999977111816,1.6100000143051147,3311.0
2024-07-03 10:57:00,AVXL,4.224999904632568,4.224999904632568,4.230000019073486,4.223700046539307,4.230000019073486,1200.0
2024-07-03 10:57:00,AXGN,7.409999847412109,7.409999847412109,7.409999847412109,7.409999847412109,7.409999847412109,410.0
2024-07-03 10:57:00,AXNX,67.48999786376953,67.48999786376953,67.51000213623047,67.4800033569336,67.51000213623047,2432.0
2024-07-03 10:57:00,AXSM,79.8550033569336,79.8550033569336,79.90499877929688,79.80999755859375,79.9000015258789,3243.0
2024-07-03 10:57:00,AZN,76.7249984741211,76.7249984741211,76.73500061035156,76.70999908447266,76.7300033569336,11414.0
2024-07-03 10:57:00,BBIO,25.290000915527344,25.290000915527344,25.290000915527344,25.290000915527344,25.290000915527344,932.0
2024-07-03 10:57:00,BCAB,1.3496999740600586,1.3496999740600586,1.3499000072479248,1.340000033378601,1.3499000072479248,401.0
2024-07-03 10:57:00,BCRX,6.539999961853027,6.539999961853027,6.539999961853027,6.539999961853027,6.539999961853027,2994.0
2024-07-03 10:57:00,BEAM,23.65999984741211,23.65999984741211,23.71500015258789,23.639999389648438,23.690000534057617,7961.0
2024-07-03 10:57:00,BGNE,146.64999389648438,146.64999389648438,146.66000366210938,146.64999389648438,146.66000366210938,693.0
2024-07-03 10:57:00,BIIB,224.30499267578125,224.30499267578125,224.3800048828125,224.22000122070312,224.3800048828125,12800.0
2024-07-03 10:57:00,BIOL,0.10000000149011612,0.10000000149011612,0.10000000149011612,0.10000000149011612,0.10000000149011612,2679.0
2024-07-03 10:57:00,BLUE,0.925000011920929,0.925000011920929,0.9289000034332275,0.9200999736785889,0.9289000034332275,5932.0
2024-07-03 10:57:00,BMEA,4.389999866485596,4.389999866485596,4.400000095367432,4.389999866485596,4.400000095367432,1858.0
2024-07-03 10:57:00,BMRN,81.08999633789062,81.08999633789062,81.0999984741211,81.08999633789062,81.0999984741211,1392.0
2024-07-03 10:57:00,BNGO,0.567300021648407,0.567300021648407,0.5690000057220459,0.567300021648407,0.5690000057220459,1974.0
2024-07-03 10:57:00,BNTC,8.550000190734863,8.550000190734863,8.550000190734863,8.550000190734863,8.550000190734863,235.0
2024-07-03 10:57:00,BNTX,80.5999984741211,80.5999984741211,80.5999984741211,80.5999984741211,80.5999984741211,101.0
2024-07-03 10:57:00,BPMC,110.5459976196289,110.5459976196289,110.5459976196289,110.5459976196289,110.5459976196289,286.0
2024-07-03 10:57:00,BRKR,61.7599983215332,61.7599983215332,61.77000045776367,61.75,61.77000045776367,2426.0
2024-07-03 10:57:00,BVS,5.960000038146973,5.960000038146973,5.980000019073486,5.949999809265137,5.980000019073486,11355.0
2024-07-03 10:57:00,CABA,7.630000114440918,7.630000114440918,7.679999828338623,7.630000114440918,7.679999828338623,2782.0
2024-07-03 10:57:00,CADL,6.300000190734863,6.300000190734863,6.300000190734863,6.300000190734863,6.300000190734863,369.0
2024-07-03 10:57:00,CAPR,4.755000114440918,4.755000114440918,4.755000114440918,4.755000114440918,4.755000114440918,313.0
2024-07-03 10:57:00,CARA,0.2897999882698059,0.2897999882698059,0.2897999882698059,0.2849999964237213,0.2897999882698059,10170.0
2024-07-03 10:57:00,CCCC,4.699999809265137,4.699999809265137,4.71999979019165,4.699999809265137,4.71999979019165,5891.0
2024-07-03 10:57:00,CCRN,13.75,13.75,13.75,13.75,13.75,224.0
2024-07-03 10:57:00,CDMO,7.510000228881836,7.510000228881836,7.599999904632568,7.5,7.599999904632568,12419.0
2024-07-03 10:57:00,CELC,16.21500015258789,16.21500015258789,16.21500015258789,16.212499618530273,16.21500015258789,619.0
2024-07-03 10:57:00,CELU,3.2699999809265137,3.2699999809265137,3.2699999809265137,3.130000114440918,3.130000114440918,2920.0
2024-07-03 10:57:00,CERE,41.33000183105469,41.33000183105469,41.334999084472656,41.310001373291016,41.33000183105469,2204.0
2024-07-03 10:57:00,CERS,1.7300000190734863,1.7300000190734863,1.7350000143051147,1.7300000190734863,1.7350000143051147,5343.0
2024-07-03 10:57:00,CERT,13.859999656677246,13.859999656677246,13.869999885559082,13.859999656677246,13.869999885559082,1146.0
2024-07-03 10:57:00,CGC,6.769999980926514,6.769999980926514,6.800000190734863,6.761199951171875,6.800000190734863,7878.0
2024-07-03 10:57:00,CGEM,16.75,16.75,16.7549991607666,16.75,16.7549991607666,916.0
2024-07-03 10:57:00,CGEN,1.659999966621399,1.659999966621399,1.659999966621399,1.659999966621399,1.659999966621399,1390.0
2024-07-03 10:57:00,CLDX,36.59000015258789,36.59000015258789,36.61000061035156,36.540000915527344,36.61000061035156,1391.0
2024-07-03 10:57:00,CLOV,1.2450000047683716,1.2450000047683716,1.2480000257492065,1.2450000047683716,1.2480000257492065,0.0
2024-07-03 10:57:00,CLPT,5.449999809265137,5.449999809265137,5.449999809265137,5.445000171661377,5.445000171661377,1223.0
2024-07-03 10:57:00,CLRB,2.4100000858306885,2.4100000858306885,2.4100000858306885,2.4100000858306885,2.4100000858306885,105.0
2024-07-03 10:57:00,CMAX,2.2100000381469727,2.2100000381469727,2.2100000381469727,2.2100000381469727,2.2100000381469727,485.0
2024-07-03 10:57:00,CMPS,6.329999923706055,6.329999923706055,6.329999923706055,6.329999923706055,6.329999923706055,472.0
2024-07-03 10:57:00,CNSP,2.150099992752075,2.150099992752075,2.180000066757202,2.130000114440918,2.130000114440918,66422.0
2024-07-03 10:57:00,CNTA,8.710000038146973,8.710000038146973,8.710000038146973,8.710000038146973,8.710000038146973,3262.0
2024-07-03 10:57:00,COGT,8.274999618530273,8.274999618530273,8.279999732971191,8.260000228881836,8.260000228881836,936.0
2024-07-03 10:57:00,COLL,32.29999923706055,32.29999923706055,32.29999923706055,32.29999923706055,32.29999923706055,794.0
2024-07-03 10:57:00,CORT,30.709999084472656,30.709999084472656,30.709999084472656,30.709999084472656,30.709999084472656,200.0
2024-07-03 10:57:00,COSM,0.949999988079071,0.949999988079071,0.958899974822998,0.949999988079071,0.949999988079071,2621.0
2024-07-03 10:57:00,CPRX,15.430000305175781,15.430000305175781,15.4350004196167,15.430000305175781,15.4350004196167,935.0
2024-07-03 10:57:00,CRBP,48.97999954223633,48.97999954223633,48.97999954223633,48.97999954223633,48.97999954223633,776.0
2024-07-03 10:57:00,CRBU,1.5800000429153442,1.5800000429153442,1.590000033378601,1.5800000429153442,1.590000033378601,1600.0
2024-07-03 10:57:00,CRDF,2.2699999809265137,2.2699999809265137,2.2699999809265137,2.2699999809265137,2.2699999809265137,105.0
2024-07-03 10:57:00,CRON,2.3550000190734863,2.3550000190734863,2.359999895095825,2.3550000190734863,2.359999895095825,4057.0
2024-07-03 10:57:00,CRSP,53.70000076293945,53.70000076293945,53.70000076293945,53.70000076293945,53.70000076293945,1049.0
2024-07-03 10:57:00,CTKB,5.695000171661377,5.695000171661377,5.710000038146973,5.695000171661377,5.710000038146973,3391.0
2024-07-03 10:57:00,CTXR,0.5030999779701233,0.5030999779701233,0.510200023651123,0.5030999779701233,0.5099999904632568,19552.0
2024-07-03 10:57:00,CUE,1.0099999904632568,1.0099999904632568,1.0099999904632568,1.0099999904632568,1.0099999904632568,244.0
2024-07-03 10:57:00,CUTR,1.315000057220459,1.315000057220459,1.315000057220459,1.315000057220459,1.315000057220459,16614.0
2024-07-03 10:57:00,CVAC,3.3508999347686768,3.3508999347686768,3.369999885559082,3.3450000286102295,3.365000009536743,36292.0
2024-07-03 10:57:00,CVRX,11.640000343322754,11.640000343322754,11.649999618530273,11.6225004196167,11.6225004196167,769.0
2024-07-03 10:57:00,CYTK,54.54999923706055,54.54999923706055,54.54999923706055,54.54999923706055,54.54999923706055,234.0
2024-07-03 10:57:00,DAWN,13.350000381469727,13.350000381469727,13.359999656677246,13.350000381469727,13.359999656677246,525.0
2024-07-03 10:57:00,DCGO,2.934999942779541,2.934999942779541,2.934999942779541,2.930000066757202,2.930000066757202,1068.0
2024-07-03 10:57:00,DH,5.400000095367432,5.400000095367432,5.400000095367432,5.400000095367432,5.400000095367432,1253.0
2024-07-03 10:57:00,DNLI,21.540000915527344,21.540000915527344,21.540000915527344,21.540000915527344,21.540000915527344,1382.0
2024-07-03 10:57:00,DRRX,1.340000033378601,1.340000033378601,1.340000033378601,1.340000033378601,1.340000033378601,472.0
2024-07-03 10:57:00,DSGN,3.234999895095825,3.234999895095825,3.25,3.2200000286102295,3.25,31538.0
2024-07-03 10:57:00,DXCM,109.99500274658203,109.99500274658203,110.02999877929688,109.94999694824219,109.98999786376953,1879.0
2024-07-03 10:57:00,DYAI,1.5305999517440796,1.5305999517440796,1.5305999517440796,1.5305999517440796,1.5305999517440796,2067.0
2024-07-03 10:57:00,DYN,34.39500045776367,34.39500045776367,34.39500045776367,34.39500045776367,34.39500045776367,390.0
2024-07-03 10:57:00,EDIT,4.650000095367432,4.650000095367432,4.65500020980835,4.650000095367432,4.650000095367432,1011.0
2024-07-03 10:57:00,EMBC,12.039999961853027,12.039999961853027,12.039999961853027,12.039999961853027,12.039999961853027,759.0
2024-07-03 10:57:00,ENVB,0.5009999871253967,0.5009999871253967,0.5009999871253967,0.5009999871253967,0.5009999871253967,770.0
2024-07-03 10:57:00,EOLS,10.859999656677246,10.859999656677246,10.859999656677246,10.859999656677246,10.859999656677246,426.0
2024-07-03 10:57:00,ETNB,7.579999923706055,7.579999923706055,7.59499979019165,7.579999923706055,7.579999923706055,1066.0
2024-07-03 10:57:00,EWTX,18.030000686645508,18.030000686645508,18.030000686645508,18.030000686645508,18.030000686645508,27.0
2024-07-03 10:57:00,EXAI,5.440499782562256,5.440499782562256,5.440499782562256,5.440499782562256,5.440499782562256,167.0
2024-07-03 10:57:00,EXAS,43.23500061035156,43.23500061035156,43.27000045776367,43.22999954223633,43.27000045776367,2201.0
2024-07-03 10:57:00,EXEL,21.96500015258789,21.96500015258789,21.969999313354492,21.959999084472656,21.959999084472656,2491.0
2024-07-03 10:57:00,EYPT,8.289999961853027,8.289999961853027,8.3100004196167,8.289999961853027,8.3100004196167,1200.0
2024-07-03 10:57:00,FATE,3.2149999141693115,3.2149999141693115,3.2200000286102295,3.2100000381469727,3.2149999141693115,1343.0
2024-07-03 10:57:00,FEMY,1.121000051498413,1.121000051498413,1.121000051498413,1.121000051498413,1.121000051498413,720.0
2024-07-03 10:57:00,FENC,6.010000228881836,6.010000228881836,6.010000228881836,6.0,6.0,1347.0
2024-07-03 10:57:00,FLGT,20.110000610351562,20.110000610351562,20.1200008392334,20.110000610351562,20.1200008392334,256.0
2024-07-03 10:57:00,FOLD,9.864999771118164,9.864999771118164,9.890000343322754,9.864999771118164,9.885000228881836,4997.0
2024-07-03 10:57:00,FULC,6.139999866485596,6.139999866485596,6.139999866485596,6.139999866485596,6.139999866485596,457.0
2024-07-03 10:57:00,GANX,1.190000057220459,1.190000057220459,1.190000057220459,1.190000057220459,1.190000057220459,6410.0
2024-07-03 10:57:00,GDRX,7.875,7.875,7.880000114440918,7.875,7.880000114440918,646.0
2024-07-03 10:57:00,GERN,4.340099811553955,4.340099811553955,4.349999904632568,4.335000038146973,4.34119987487793,27508.0
2024-07-03 10:57:00,GH,28.149999618530273,28.149999618530273,28.200199127197266,28.149999618530273,28.200000762939453,977.0
2024-07-03 10:57:00,GILD,66.72000122070312,66.72000122070312,66.75,66.69999694824219,66.70999908447266,9299.0
2024-07-03 10:57:00,GLSI,16.600000381469727,16.600000381469727,16.725000381469727,16.600000381469727,16.600000381469727,1468.0
2024-07-03 10:57:00,GLTO,0.5120999813079834,0.5120999813079834,0.5299999713897705,0.5120000243186951,0.529699981212616,11700.0
2024-07-03 10:57:00,GLUE,3.799999952316284,3.799999952316284,3.799999952316284,3.799999952316284,3.799999952316284,328.0
2024-07-03 10:57:00,GMAB,25.200000762939453,25.200000762939453,25.229999542236328,25.200000762939453,25.229999542236328,2262.0
2024-07-03 10:57:00,GOVX,3.0299999713897705,3.0299999713897705,3.0299999713897705,3.0299999713897705,3.0299999713897705,978.0
2024-07-03 10:57:00,GRFS,6.690000057220459,6.690000057220459,6.699999809265137,6.690000057220459,6.699999809265137,419.0
2024-07-03 10:57:00,GRTS,0.592199981212616,0.592199981212616,0.5990999937057495,0.592199981212616,0.597000002861023,3602.0
2024-07-03 10:57:00,GTHX,2.509999990463257,2.509999990463257,2.509999990463257,2.5,2.5,3550.0
2024-07-03 10:57:00,HALO,51.40999984741211,51.40999984741211,51.40999984741211,51.40999984741211,51.40999984741211,670.0
2024-07-03 10:57:00,HBIO,2.755000114440918,2.755000114440918,2.755000114440918,2.75,2.75,500.0
2024-07-03 10:57:00,HCAT,6.140100002288818,6.140100002288818,6.140100002288818,6.140100002288818,6.140100002288818,153.0
2024-07-03 10:57:00,HCM,17.450000762939453,17.450000762939453,17.450000762939453,17.450000762939453,17.450000762939453,313.0
2024-07-03 10:57:00,HCSG,10.539999961853027,10.539999961853027,10.539999961853027,10.539999961853027,10.539999961853027,202.0
2024-07-03 10:57:00,HOLX,73.33000183105469,73.33000183105469,73.33000183105469,73.30000305175781,73.33000183105469,4122.0
2024-07-03 10:57:00,HQY,82.93499755859375,82.93499755859375,83.01000213623047,82.93499755859375,83.0,1370.0
2024-07-03 10:57:00,HROW,21.540000915527344,21.540000915527344,21.579999923706055,21.520000457763672,21.520000457763672,4809.0
2024-07-03 10:57:00,HRTX,2.805000066757202,2.805000066757202,2.805000066757202,2.799999952316284,2.799999952316284,1291.0
2024-07-03 10:57:00,HSIC,65.37999725341797,65.37999725341797,65.40499877929688,65.37999725341797,65.40499877929688,1572.0
2024-07-03 10:57:00,HUGE,0.1467999964952469,0.1467999964952469,0.1467999964952469,0.1467999964952469,0.1467999964952469,0.0
2024-07-03 10:57:00,HUMA,5.519999980926514,5.519999980926514,5.53000020980835,5.519999980926514,5.519999980926514,5055.0
2024-07-03 10:57:00,HYPR,0.9501000046730042,0.9501000046730042,0.9501000046730042,0.9501000046730042,0.9501000046730042,503.0
2024-07-03 10:57:00,IART,28.940000534057617,28.940000534057617,28.950000762939453,28.8799991607666,28.8799991607666,2322.0
2024-07-03 10:57:00,IBRX,6.230000019073486,6.230000019073486,6.244999885559082,6.230000019073486,6.244999885559082,1777.0
2024-07-03 10:57:00,ICAD,1.2000000476837158,1.2000000476837158,1.2000000476837158,1.2000000476837158,1.2000000476837158,2125.0
2024-07-03 10:57:00,ICLR,318.2200012207031,318.2200012207031,318.40289306640625,318.12939453125,318.2850036621094,1035.0
2024-07-03 10:57:00,ICUI,117.41999816894531,117.41999816894531,117.41999816894531,117.22000122070312,117.22000122070312,3128.0
2024-07-03 10:57:00,IDXX,475.29998779296875,475.29998779296875,475.29998779296875,475.29998779296875,475.29998779296875,248.0
2024-07-03 10:57:00,IDYA,33.54499816894531,33.54499816894531,33.54499816894531,33.52000045776367,33.52000045776367,1810.0
2024-07-03 10:57:00,IGMS,6.510000228881836,6.510000228881836,6.510000228881836,6.510000228881836,6.510000228881836,201.0
2024-07-03 10:57:00,IKNA,1.6200000047683716,1.6200000047683716,1.6399999856948853,1.6200000047683716,1.6399999856948853,1018.0
2024-07-03 10:57:00,ILMN,104.73999786376953,104.73999786376953,104.8499984741211,104.66999816894531,104.69000244140625,15579.0
2024-07-03 10:57:00,IMCR,35.81999969482422,35.81999969482422,35.81999969482422,35.81999969482422,35.81999969482422,993.0
2024-07-03 10:57:00,IMMX,2.3550000190734863,2.3550000190734863,2.4000000953674316,2.319999933242798,2.3961000442504883,16424.0
2024-07-03 10:57:00,IMNM,11.979999542236328,11.979999542236328,11.979999542236328,11.970000267028809,11.970000267028809,1673.0
2024-07-03 10:57:00,IMVT,26.6299991607666,26.6299991607666,26.6299991607666,26.6299991607666,26.6299991607666,607.0
2024-07-03 10:57:00,INCY,57.689998626708984,57.689998626708984,57.689998626708984,57.63999938964844,57.650001525878906,5074.0
2024-07-03 10:57:00,INGN,7.869999885559082,7.869999885559082,7.869999885559082,7.869999885559082,7.869999885559082,230.0
2024-07-03 10:57:00,INMD,17.600000381469727,17.600000381469727,17.6299991607666,17.559999465942383,17.56999969482422,14854.0
2024-07-03 10:57:00,INSM,62.380001068115234,62.380001068115234,62.5099983215332,62.380001068115234,62.5099983215332,4861.0
2024-07-03 10:57:00,INVA,16.229999542236328,16.229999542236328,16.229999542236328,16.229999542236328,16.229999542236328,2024.0
2024-07-03 10:57:00,IONS,44.505001068115234,44.505001068115234,44.505001068115234,44.4900016784668,44.505001068115234,2273.0
2024-07-03 10:57:00,IOVA,7.684999942779541,7.684999942779541,7.695000171661377,7.684999942779541,7.695000171661377,6204.0
2024-07-03 10:57:00,IRTC,95.5,95.5,95.52999877929688,95.5,95.52999877929688,1043.0
2024-07-03 10:57:00,IRWD,6.144999980926514,6.144999980926514,6.144999980926514,6.144999980926514,6.144999980926514,762.0
2024-07-03 10:57:00,ISRG,433.4800109863281,433.4800109863281,433.4800109863281,432.9945068359375,432.9945068359375,2834.0
2024-07-03 10:57:00,ITCI,67.9000015258789,67.9000015258789,67.94000244140625,67.9000015258789,67.94000244140625,1068.0
2024-07-03 10:57:00,ITOS,14.670000076293945,14.670000076293945,14.670000076293945,14.670000076293945,14.670000076293945,229.0
2024-07-03 10:57:00,IVVD,1.1150000095367432,1.1150000095367432,1.1150000095367432,1.1150000095367432,1.1150000095367432,525.0
2024-07-03 10:57:00,JANX,37.79999923706055,37.79999923706055,37.900001525878906,37.79999923706055,37.900001525878906,1101.0
2024-07-03 10:57:00,JSPR,23.431400299072266,23.431400299072266,23.489999771118164,23.431400299072266,23.489999771118164,503.0
2024-07-03 10:57:00,KNSA,18.81999969482422,18.81999969482422,18.8218994140625,18.81999969482422,18.81999969482422,1210.0
2024-07-03 10:57:00,KPRX,4.359899997711182,4.359899997711182,4.359899997711182,4.359899997711182,4.359899997711182,0.0
2024-07-03 10:57:00,KPTI,0.8349999785423279,0.8349999785423279,0.8349999785423279,0.8313999772071838,0.8313999772071838,1174.0
2024-07-03 10:57:00,KRMD,2.305000066757202,2.305000066757202,2.305000066757202,2.305000066757202,2.305000066757202,135.0
2024-07-03 10:57:00,KROS,42.310001373291016,42.310001373291016,42.34000015258789,42.310001373291016,42.34000015258789,583.0
2024-07-03 10:57:00,KZR,0.5776000022888184,0.5776000022888184,0.5776000022888184,0.5776000022888184,0.5776000022888184,200.0
2024-07-03 10:57:00,LAB,1.7999999523162842,1.7999999523162842,1.7999999523162842,1.7899999618530273,1.7899999618530273,641.0
2024-07-03 10:57:00,LBPH,33.0,33.0,33.040000915527344,32.849998474121094,33.040000915527344,3818.0
2024-07-03 10:57:00,LEGN,45.599998474121094,45.599998474121094,45.599998474121094,45.599998474121094,45.599998474121094,427.0
2024-07-03 10:57:00,LFMD,6.75,6.75,6.75,6.75,6.75,2033.0
2024-07-03 10:57:00,LFST,5.139999866485596,5.139999866485596,5.150000095367432,5.139999866485596,5.150000095367432,1052.0
2024-07-03 10:57:00,LGND,82.4749984741211,82.4749984741211,82.5,82.37000274658203,82.37000274658203,1243.0
2024-07-03 10:57:00,LGVN,1.6150000095367432,1.6150000095367432,1.6200000047683716,1.6150000095367432,1.6190999746322632,5578.0
2024-07-03 10:57:00,LIVN,52.65999984741211,52.65999984741211,52.65999984741211,52.61000061035156,52.61000061035156,781.0
2024-07-03 10:57:00,LOGC,5.75,5.75,5.75,5.75,5.75,562.0
2024-07-03 10:57:00,LQDA,11.949999809265137,11.949999809265137,11.949999809265137,11.9399995803833,11.949999809265137,1120.0
2024-07-03 10:57:00,LRMR,7.610000133514404,7.610000133514404,7.610000133514404,7.610000133514404,7.610000133514404,207.0
2024-07-03 10:57:00,LXRX,1.6050000190734863,1.6050000190734863,1.6100000143051147,1.600000023841858,1.6100000143051147,5991.0
2024-07-03 10:57:00,LYEL,1.482100009918213,1.482100009918213,1.4850000143051147,1.482100009918213,1.4850000143051147,1227.0
2024-07-03 10:57:00,LYRA,0.28679999709129333,0.28679999709129333,0.28679999709129333,0.28679999709129333,0.28679999709129333,1000.0
2024-07-03 10:57:00,MBIO,0.5149999856948853,0.5149999856948853,0.5151000022888184,0.5149999856948853,0.5149999856948853,13691.0
2024-07-03 10:57:00,ME,0.40450000762939453,0.40450000762939453,0.4052000045776367,0.4043999910354614,0.4050999879837036,48064.0
2024-07-03 10:57:00,MEDP,405.8699951171875,405.8699951171875,405.8900146484375,405.8399963378906,405.8800048828125,661.0
2024-07-03 10:57:00,MGNX,4.25,4.25,4.255000114440918,4.25,4.255000114440918,676.0
2024-07-03 10:57:00,MGTX,4.014999866485596,4.014999866485596,4.03000020980835,4.014999866485596,4.03000020980835,1491.0
2024-07-03 10:57:00,MIRM,33.529998779296875,33.529998779296875,33.57500076293945,33.529998779296875,33.57500076293945,553.0
2024-07-03 10:57:00,MNKD,5.070000171661377,5.070000171661377,5.079999923706055,5.070000171661377,5.079999923706055,1122.0
2024-07-03 10:57:00,MNMD,7.284999847412109,7.284999847412109,7.284999847412109,7.28000020980835,7.28000020980835,1730.0
2024-07-03 10:57:00,MODV,28.06999969482422,28.06999969482422,28.170000076293945,28.06999969482422,28.1200008392334,1265.0
2024-07-03 10:57:00,MORF,31.81999969482422,31.81999969482422,31.81999969482422,31.81999969482422,31.81999969482422,204.0
2024-07-03 10:57:00,MREO,3.515000104904175,3.515000104904175,3.515000104904175,3.509999990463257,3.515000104904175,1090.0
2024-07-03 10:57:00,MRNA,116.04000091552734,116.04000091552734,116.22000122070312,116.0199966430664,116.20999908447266,11579.0
2024-07-03 10:57:00,MRSN,1.875,1.875,1.8849999904632568,1.875,1.8849999904632568,1571.0
2024-07-03 10:57:00,MRUS,52.709999084472656,52.709999084472656,52.709999084472656,52.709999084472656,52.709999084472656,103.0
2024-07-03 10:57:00,MRVI,6.784999847412109,6.784999847412109,6.784999847412109,6.775000095367432,6.775000095367432,2349.0
2024-07-03 10:57:00,MXCT,3.694999933242798,3.694999933242798,3.700000047683716,3.694999933242798,3.700000047683716,728.0
2024-07-03 10:57:00,MYGN,25.299999237060547,25.299999237060547,25.299999237060547,25.299999237060547,25.299999237060547,331.0
2024-07-03 10:57:00,NARI,49.44499969482422,49.44499969482422,49.44499969482422,49.439998626708984,49.439998626708984,660.0
2024-07-03 10:57:00,NDRA,0.08569999784231186,0.08569999784231186,0.08569999784231186,0.08510000258684158,0.08569999784231186,33980.0
2024-07-03 10:57:00,NEOG,15.220000267028809,15.220000267028809,15.220000267028809,15.212200164794922,15.21500015258789,796.0
2024-07-03 10:57:00,NKTR,1.2400000095367432,1.2400000095367432,1.25,1.2400000095367432,1.25,11597.0
2024-07-03 10:57:00,NKTX,5.394999980926514,5.394999980926514,5.394999980926514,5.394999980926514,5.394999980926514,196.0
2024-07-03 10:57:00,NPCE,7.340000152587891,7.340000152587891,7.340000152587891,7.340000152587891,7.340000152587891,648.0
2024-07-03 10:57:00,NRIX,19.690000534057617,19.690000534057617,19.709999084472656,19.579999923706055,19.59000015258789,3690.0
2024-07-03 10:57:00,NRSN,1.3200000524520874,1.3200000524520874,1.3200000524520874,1.3200000524520874,1.3200000524520874,200.0
2024-07-03 10:57:00,NTLA,22.600000381469727,22.600000381469727,22.639999389648438,22.600000381469727,22.6200008392334,817.0
2024-07-03 10:57:00,NTRA,110.9000015258789,110.9000015258789,110.9000015258789,110.9000015258789,110.9000015258789,454.0
2024-07-03 10:57:00,NUVL,71.47000122070312,71.47000122070312,71.47000122070312,71.44999694824219,71.44999694824219,967.0
2024-07-03 10:57:00,NVAX,12.75629997253418,12.75629997253418,12.769100189208984,12.749899864196777,12.755000114440918,13280.0
2024-07-03 10:57:00,NVCR,16.75,16.75,16.75,16.75,16.75,1450.0
2024-07-03 10:57:00,NVOS,0.741599977016449,0.741599977016449,0.7573999762535095,0.7415000200271606,0.7573999762535095,14616.0
2024-07-03 10:57:00,NXL,1.3899999856948853,1.3899999856948853,1.3899999856948853,1.3899999856948853,1.3899999856948853,1217.0
2024-07-03 10:57:00,NXTC,1.590000033378601,1.590000033378601,1.590000033378601,1.5700000524520874,1.5700000524520874,1230.0
2024-07-03 10:57:00,OCUL,6.70989990234375,6.70989990234375,6.71999979019165,6.70989990234375,6.71999979019165,2927.0
2024-07-03 10:57:00,OCUP,1.5700000524520874,1.5700000524520874,1.5700000524520874,1.5700000524520874,1.5700000524520874,200.0
2024-07-03 10:57:00,OFIX,13.350000381469727,13.350000381469727,13.359999656677246,13.350000381469727,13.359999656677246,655.0
2024-07-03 10:57:00,OLMA,10.579999923706055,10.579999923706055,10.600000381469727,10.579999923706055,10.600000381469727,1070.0
2024-07-03 10:57:00,OM,3.7100000381469727,3.7100000381469727,3.7100000381469727,3.694999933242798,3.694999933242798,3711.0
2024-07-03 10:57:00,OMCL,26.299999237060547,26.299999237060547,26.34000015258789,26.299999237060547,26.34000015258789,230.0
2024-07-03 10:57:00,OMGA,1.9693000316619873,1.9693000316619873,1.9800000190734863,1.9600000381469727,1.9800000190734863,2978.0
2024-07-03 10:58:00,ABCL,2.740000009536743,2.740000009536743,2.744999885559082,2.740000009536743,2.740000009536743,7262.0
2024-07-03 10:58:00,ABEO,4.289999961853027,4.289999961853027,4.289999961853027,4.289999961853027,4.289999961853027,352.0
2024-07-03 10:58:00,ABOS,2.299999952316284,2.299999952316284,2.299999952316284,2.299999952316284,2.299999952316284,1461.0
2024-07-03 10:58:00,ABSI,3.2200000286102295,3.2200000286102295,3.2300000190734863,3.2200000286102295,3.2300000190734863,1767.0
2024-07-03 10:58:00,ABUS,3.1600000858306885,3.1600000858306885,3.1600000858306885,3.1500000953674316,3.1549999713897705,1850.0
2024-07-03 10:58:00,ACAD,15.630000114440918,15.630000114440918,15.630000114440918,15.609999656677246,15.609999656677246,226.0
2024-07-03 10:58:00,ACB,4.960000038146973,4.960000038146973,4.960000038146973,4.960000038146973,4.960000038146973,1118.0
2024-07-03 10:58:00,ACCD,3.575000047683716,3.575000047683716,3.575000047683716,3.575000047683716,3.575000047683716,881.0
2024-07-03 10:58:00,ACET,1.0597000122070312,1.0597000122070312,1.0597000122070312,1.0499999523162842,1.0499999523162842,5521.0
2024-07-03 10:58:00,ACHC,66.29000091552734,66.29000091552734,66.29000091552734,66.29000091552734,66.29000091552734,250.0
2024-07-03 10:58:00,ACHV,4.489999771118164,4.489999771118164,4.503499984741211,4.489999771118164,4.494999885559082,3326.0
2024-07-03 10:58:00,ACLX,53.83000183105469,53.83000183105469,53.84000015258789,53.83000183105469,53.84000015258789,252.0
2024-07-03 10:58:00,ACRS,1.1699999570846558,1.1699999570846558,1.1699999570846558,1.1699999570846558,1.1699999570846558,801.0
2024-07-03 10:58:00,ADAP,1.0199999809265137,1.0199999809265137,1.0199999809265137,1.0199999809265137,1.0199999809265137,1884.0
2024-07-03 10:58:00,ADMA,11.300000190734863,11.300000190734863,11.305000305175781,11.300000190734863,11.305000305175781,3064.0
2024-07-03 10:58:00,ADPT,3.380000114440918,3.380000114440918,3.3833000659942627,3.380000114440918,3.3833000659942627,2815.0
2024-07-03 10:58:00,ADTX,1.4819999933242798,1.4819999933242798,1.4819999933242798,1.4819999933242798,1.4819999933242798,106.0
2024-07-03 10:58:00,AFMD,5.050000190734863,5.050000190734863,5.070000171661377,5.050000190734863,5.070000171661377,566.0
2024-07-03 10:58:00,AGIO,41.82500076293945,41.82500076293945,41.86000061035156,41.82500076293945,41.86000061035156,1996.0
2024-07-03 10:58:00,AIMD,0.8090000152587891,0.8090000152587891,0.8090000152587891,0.8090000152587891,0.8090000152587891,380.0
2024-07-03 10:58:00,AKBA,0.9592000246047974,0.9592000246047974,0.9592000246047974,0.9592000246047974,0.9592000246047974,0.0
2024-07-03 10:58:00,AKTX,3.1700000762939453,3.1700000762939453,3.2300000190734863,3.1600000858306885,3.2300000190734863,0.0
2024-07-03 10:58:00,ALGN,238.24000549316406,238.24000549316406,238.24000549316406,238.24000549316406,238.24000549316406,536.0
2024-07-03 10:58:00,ALKS,24.239999771118164,24.239999771118164,24.2450008392334,24.239999771118164,24.239999771118164,1454.0
2024-07-03 10:58:00,ALLK,0.847100019454956,0.847100019454956,0.847100019454956,0.847100019454956,0.847100019454956,1130.0
2024-07-03 10:58:00,ALLO,2.125,2.125,2.130000114440918,2.125,2.130000114440918,3750.0
2024-07-03 10:58:00,ALNY,246.19000244140625,246.19000244140625,246.19000244140625,245.7100067138672,246.09500122070312,3565.0
2024-07-03 10:58:00,ALT,6.625,6.625,6.659900188446045,6.621399879455566,6.659900188446045,3668.0
2024-07-03 10:58:00,ALVR,0.7350000143051147,0.7350000143051147,0.7354000210762024,0.7350000143051147,0.7354000210762024,16383.0
2024-07-03 10:58:00,ALXO,5.820000171661377,5.820000171661377,5.820000171661377,5.820000171661377,5.820000171661377,303.0
2024-07-03 10:58:00,ALZN,0.4000999927520752,0.4000999927520752,0.4002000093460083,0.4000999927520752,0.4002000093460083,4551.0
2024-07-03 10:58:00,AMED,96.8499984741211,96.8499984741211,96.8499984741211,96.83999633789062,96.83999633789062,942.0
2024-07-03 10:58:00,AMGN,308.364990234375,308.364990234375,308.69000244140625,308.364990234375,308.6700134277344,3612.0
2024-07-03 10:58:00,AMLX,1.7549999952316284,1.7549999952316284,1.7549999952316284,1.75,1.75,2521.0
2024-07-03 10:58:00,AMPH,38.2401008605957,38.2401008605957,38.2401008605957,38.2401008605957,38.2401008605957,441.0
2024-07-03 10:58:00,ANGO,5.619999885559082,5.619999885559082,5.659999847412109,5.619999885559082,5.644999980926514,28521.0
2024-07-03 10:58:00,ANNX,4.784999847412109,4.784999847412109,4.789999961853027,4.780200004577637,4.780200004577637,2800.0
2024-07-03 10:58:00,ANTX,2.5104000568389893,2.5104000568389893,2.5104000568389893,2.509999990463257,2.509999990463257,1514.0
2024-07-03 10:58:00,APDN,0.44999998807907104,0.44999998807907104,0.44999998807907104,0.44999998807907104,0.44999998807907104,1635.0
2024-07-03 10:58:00,APLT,4.40500020980835,4.40500020980835,4.414999961853027,4.40500020980835,4.409999847412109,1533.0
2024-07-03 10:58:00,AQST,2.4100000858306885,2.4100000858306885,2.4200000762939453,2.4100000858306885,2.4200000762939453,551.0
2024-07-03 10:58:00,ARCT,21.363000869750977,21.363000869750977,21.363000869750977,21.363000869750977,21.363000869750977,976.0
2024-07-03 10:58:00,ARDX,5.204999923706055,5.204999923706055,5.210000038146973,5.200099945068359,5.204999923706055,7062.0
2024-07-03 10:58:00,ARGX,433.6400146484375,433.6400146484375,433.6400146484375,433.6400146484375,433.6400146484375,555.0
2024-07-03 10:58:00,ARQT,9.460000038146973,9.460000038146973,9.470000267028809,9.430000305175781,9.470000267028809,6724.0
2024-07-03 10:58:00,ARWR,25.510000228881836,25.510000228881836,25.540000915527344,25.510000228881836,25.540000915527344,2017.0
2024-07-03 10:58:00,ASND,136.02999877929688,136.02999877929688,136.0399932861328,136.0229949951172,136.0229949951172,1233.0
2024-07-03 10:58:00,ASRT,1.3205000162124634,1.3205000162124634,1.3301000595092773,1.309999942779541,1.3300000429153442,27254.0
2024-07-03 10:58:00,ATOS,1.1549999713897705,1.1549999713897705,1.159999966621399,1.1549999713897705,1.159999966621399,5632.0
2024-07-03 10:58:00,ATRC,22.094999313354492,22.094999313354492,22.15999984741211,22.09000015258789,22.100000381469727,4587.0
2024-07-03 10:58:00,ATXS,8.979999542236328,8.979999542236328,8.979999542236328,8.960000038146973,8.960000038146973,372.0
2024-07-03 10:58:00,AUPH,5.454999923706055,5.454999923706055,5.465000152587891,5.454999923706055,5.465000152587891,1527.0
2024-07-03 10:58:00,AVDL,14.244999885559082,14.244999885559082,14.270000457763672,14.244999885559082,14.270000457763672,2601.0
2024-07-03 10:58:00,AVXL,4.215000152587891,4.215000152587891,4.224999904632568,4.215000152587891,4.224999904632568,2181.0
2024-07-03 10:58:00,AXSM,79.7699966430664,79.7699966430664,79.7699966430664,79.7699966430664,79.7699966430664,125.0
2024-07-03 10:58:00,AZN,76.75,76.75,76.75,76.72000122070312,76.7249984741211,13939.0
2024-07-03 10:58:00,AZTA,52.540000915527344,52.540000915527344,52.560001373291016,52.540000915527344,52.560001373291016,1671.0
2024-07-03 10:58:00,BCAB,1.340000033378601,1.340000033378601,1.3481999635696411,1.340000033378601,1.3481999635696411,264.0
2024-07-03 10:58:00,BCRX,6.534999847412109,6.534999847412109,6.539999961853027,6.534999847412109,6.539999961853027,1168.0
2024-07-03 10:58:00,BEAM,23.6299991607666,23.6299991607666,23.68000030517578,23.610000610351562,23.65999984741211,11607.0
2024-07-03 10:58:00,BEAT,2.8399999141693115,2.8399999141693115,2.8399999141693115,2.8399999141693115,2.8399999141693115,520.0
2024-07-03 10:58:00,BGXX,0.27399998903274536,0.27399998903274536,0.27639999985694885,0.27399998903274536,0.27639999985694885,525.0
2024-07-03 10:58:00,BIIB,224.02999877929688,224.02999877929688,224.3000030517578,224.02890014648438,224.22000122070312,4671.0
2024-07-03 10:58:00,BLUE,0.9265999794006348,0.9265999794006348,0.9265999794006348,0.9251000285148621,0.9261999726295471,11003.0
2024-07-03 10:58:00,BMEA,4.380000114440918,4.380000114440918,4.385000228881836,4.380000114440918,4.380000114440918,606.0
2024-07-03 10:58:00,BMRA,0.44909998774528503,0.44909998774528503,0.44909998774528503,0.4490000009536743,0.4490000009536743,500.0
2024-07-03 10:58:00,BNGO,0.5690000057220459,0.5690000057220459,0.5690000057220459,0.5670999884605408,0.5690000057220459,11361.0
2024-07-03 10:58:00,BNOX,0.6967999935150146,0.6967999935150146,0.6967999935150146,0.6825000047683716,0.6825000047683716,0.0
2024-07-03 10:58:00,BNTX,80.19499969482422,80.19499969482422,80.54000091552734,80.19499969482422,80.54000091552734,4412.0
2024-07-03 10:58:00,BPMC,110.66999816894531,110.66999816894531,110.66999816894531,110.66999816894531,110.66999816894531,590.0
2024-07-03 10:58:00,BRKR,61.70000076293945,61.70000076293945,61.724998474121094,61.68000030517578,61.720001220703125,1225.0
2024-07-03 10:58:00,BRTX,1.9500000476837158,1.9500000476837158,1.9500000476837158,1.9500000476837158,1.9500000476837158,530.0
2024-07-03 10:58:00,BTAI,1.1050000190734863,1.1050000190734863,1.1050000190734863,1.1050000190734863,1.1050000190734863,106.0
2024-07-03 10:58:00,BTMD,7.409999847412109,7.409999847412109,7.409999847412109,7.409999847412109,7.409999847412109,1222.0
2024-07-03 10:58:00,BVS,5.989999771118164,5.989999771118164,5.989999771118164,5.960000038146973,5.960000038146973,8590.0
2024-07-03 10:58:00,CADL,6.230000019073486,6.230000019073486,6.25,6.230000019073486,6.25,2307.0
2024-07-03 10:58:00,CAPR,4.739999771118164,4.739999771118164,4.739999771118164,4.739999771118164,4.739999771118164,327.0
2024-07-03 10:58:00,CARA,0.2897999882698059,0.2897999882698059,0.2897999882698059,0.2897999882698059,0.2897999882698059,10.0
2024-07-03 10:58:00,CCCC,4.699999809265137,4.699999809265137,4.704999923706055,4.690000057220459,4.704999923706055,2793.0
2024-07-03 10:58:00,CCRN,13.75,13.75,13.75,13.75,13.75,272.0
2024-07-03 10:58:00,CDMO,7.480000019073486,7.480000019073486,7.514999866485596,7.440000057220459,7.514999866485596,8557.0
2024-07-03 10:58:00,CDXS,2.9100000858306885,2.9100000858306885,2.9100000858306885,2.9000000953674316,2.9000000953674316,3952.0
2024-07-03 10:58:00,CELC,16.209999084472656,16.209999084472656,16.209999084472656,16.209999084472656,16.209999084472656,200.0
2024-07-03 10:58:00,CERE,41.34000015258789,41.34000015258789,41.34000015258789,41.33000183105469,41.33000183105469,6222.0
2024-07-03 10:58:00,CERT,13.850000381469727,13.850000381469727,13.864999771118164,13.850000381469727,13.864999771118164,676.0
2024-07-03 10:58:00,CGC,6.78000020980835,6.78000020980835,6.785099983215332,6.755000114440918,6.769499778747559,11152.0
2024-07-03 10:58:00,CGTX,1.7999999523162842,1.7999999523162842,1.7999999523162842,1.7999999523162842,1.7999999523162842,100.0
2024-07-03 10:58:00,CHRS,1.399999976158142,1.399999976158142,1.4049999713897705,1.399999976158142,1.4049999713897705,4986.0
2024-07-03 10:58:00,CKPT,2.265000104904175,2.265000104904175,2.279900074005127,2.259999990463257,2.265000104904175,10406.0
2024-07-03 10:58:00,CLDX,36.560001373291016,36.560001373291016,36.560001373291016,36.560001373291016,36.560001373291016,412.0
2024-07-03 10:58:00,CLPT,5.429999828338623,5.429999828338623,5.429999828338623,5.429999828338623,5.429999828338623,350.0
2024-07-03 10:58:00,CLRB,2.4100000858306885,2.4100000858306885,2.4100000858306885,2.4100000858306885,2.4100000858306885,106.0
2024-07-03 10:58:00,CMPS,6.359300136566162,6.359300136566162,6.36899995803833,6.329999923706055,6.329999923706055,4267.0
2024-07-03 10:58:00,CMPX,0.8500000238418579,0.8500000238418579,0.8500000238418579,0.8457000255584717,0.8457000255584717,4307.0
2024-07-03 10:58:00,CNSP,2.1398000717163086,2.1398000717163086,2.1600000858306885,2.119999885559082,2.1500000953674316,32494.0
2024-07-03 10:58:00,COGT,8.270000457763672,8.270000457763672,8.274999618530273,8.270000457763672,8.274999618530273,416.0
2024-07-03 10:58:00,CORT,30.670000076293945,30.670000076293945,30.735000610351562,30.65999984741211,30.700000762939453,3390.0
2024-07-03 10:58:00,COSM,0.949999988079071,0.949999988079071,0.949999988079071,0.949999988079071,0.949999988079071,4598.0
2024-07-03 10:58:00,CPRX,15.420000076293945,15.420000076293945,15.4399995803833,15.420000076293945,15.420000076293945,2175.0
2024-07-03 10:58:00,CRBU,1.5850000381469727,1.5850000381469727,1.5850000381469727,1.5800000429153442,1.5800000429153442,2639.0
2024-07-03 10:58:00,CRDF,2.2699999809265137,2.2699999809265137,2.2750000953674316,2.259999990463257,2.2750000953674316,1900.0
2024-07-03 10:58:00,CRMD,4.144999980926514,4.144999980926514,4.144999980926514,4.144999980926514,4.144999980926514,250.0
2024-07-03 10:58:00,CRNX,44.939998626708984,44.939998626708984,45.0,44.939998626708984,45.0,2495.0
2024-07-03 10:58:00,CRON,2.3450000286102295,2.3450000286102295,2.3499999046325684,2.3399999141693115,2.3499999046325684,133609.0
2024-07-03 10:58:00,CRSP,53.68000030517578,53.68000030517578,53.75,53.65999984741211,53.75,2140.0
2024-07-03 10:58:00,CTKB,5.684999942779541,5.684999942779541,5.695000171661377,5.684999942779541,5.695000171661377,3044.0
2024-07-03 10:58:00,CTMX,1.3200000524520874,1.3200000524520874,1.3300000429153442,1.3200000524520874,1.3300000429153442,5432.0
2024-07-03 10:58:00,CUE,1.0,1.0,1.0,1.0,1.0,200.0
2024-07-03 10:58:00,CUTR,1.315000057220459,1.315000057220459,1.315000057220459,1.315000057220459,1.315000057220459,0.0
2024-07-03 10:58:00,CVAC,3.3399999141693115,3.3399999141693115,3.359999895095825,3.339900016784668,3.3550000190734863,27292.0
2024-07-03 10:58:00,CYTK,54.68000030517578,54.68000030517578,54.68000030517578,54.599998474121094,54.61000061035156,1553.0
2024-07-03 10:58:00,DAWN,13.350000381469727,13.350000381469727,13.350000381469727,13.350000381469727,13.350000381469727,980.0
2024-07-03 10:58:00,DCGO,2.934999942779541,2.934999942779541,2.934999942779541,2.930000066757202,2.930000066757202,1343.0
2024-07-03 10:58:00,DNLI,21.520000457763672,21.520000457763672,21.559999465942383,21.520000457763672,21.55500030517578,1324.0
2024-07-03 10:58:00,DSGN,3.234999895095825,3.234999895095825,3.234999895095825,3.234999895095825,3.234999895095825,6.0
2024-07-03 10:58:00,DVAX,11.069999694824219,11.069999694824219,11.079999923706055,11.069999694824219,11.079999923706055,762.0
2024-07-03 10:58:00,DXCM,109.91999816894531,109.91999816894531,109.95999908447266,109.91999816894531,109.95999908447266,3001.0
2024-07-03 10:58:00,DYN,34.34000015258789,34.34000015258789,34.34000015258789,34.34000015258789,34.34000015258789,680.0
2024-07-03 10:58:00,EDIT,4.649899959564209,4.649899959564209,4.658899784088135,4.639999866485596,4.650000095367432,7777.0
2024-07-03 10:58:00,EGRX,5.289999961853027,5.289999961853027,5.295000076293945,5.289999961853027,5.295000076293945,580.0
2024-07-03 10:58:00,ELEV,2.6500000953674316,2.6500000953674316,2.6500000953674316,2.6500000953674316,2.6500000953674316,571.0
2024-07-03 10:58:00,EMBC,12.050000190734863,12.050000190734863,12.050000190734863,12.050000190734863,12.050000190734863,155.0
2024-07-03 10:58:00,ENSC,0.46000000834465027,0.46000000834465027,0.46000000834465027,0.46000000834465027,0.46000000834465027,10.0
2024-07-03 10:58:00,ENSG,125.80999755859375,125.80999755859375,125.91999816894531,125.80000305175781,125.91999816894531,1179.0
2024-07-03 10:58:00,ERAS,2.255000114440918,2.255000114440918,2.255000114440918,2.255000114440918,2.255000114440918,462.0
2024-07-03 10:58:00,ESPR,2.3450000286102295,2.3450000286102295,2.365000009536743,2.3450000286102295,2.365000009536743,22380.0
2024-07-03 10:58:00,ESTA,43.51499938964844,43.51499938964844,43.52000045776367,43.41999816894531,43.439998626708984,1435.0
2024-07-03 10:58:00,EWTX,18.0,18.0,18.030000686645508,18.0,18.030000686645508,1132.0
2024-07-03 10:58:00,EXAS,43.22999954223633,43.22999954223633,43.2400016784668,43.18000030517578,43.220001220703125,4638.0
2024-07-03 10:58:00,EXEL,21.969999313354492,21.969999313354492,21.975000381469727,21.969999313354492,21.969999313354492,3926.0
2024-07-03 10:58:00,EYPT,8.300000190734863,8.300000190734863,8.300000190734863,8.289999961853027,8.289999961853027,1044.0
2024-07-03 10:58:00,FATE,3.2100000381469727,3.2100000381469727,3.2100000381469727,3.2049999237060547,3.2100000381469727,2938.0
2024-07-03 10:58:00,FDMT,20.950000762939453,20.950000762939453,21.024999618530273,20.950000762939453,20.989999771118164,4612.0
2024-07-03 10:58:00,FGEN,0.7217000126838684,0.7217000126838684,0.7217000126838684,0.7200999855995178,0.7200999855995178,1787.0
2024-07-03 10:58:00,FHTX,5.510000228881836,5.510000228881836,5.550000190734863,5.510000228881836,5.550000190734863,300.0
2024-07-03 10:58:00,FOLD,9.859999656677246,9.859999656677246,9.869999885559082,9.859999656677246,9.869999885559082,615.0
2024-07-03 10:58:00,FULC,6.139999866485596,6.139999866485596,6.139999866485596,6.139999866485596,6.139999866485596,377.0
2024-07-03 10:58:00,GALT,2.180000066757202,2.180000066757202,2.180000066757202,2.1700000762939453,2.1700000762939453,1100.0
2024-07-03 10:58:00,GBIO,2.369999885559082,2.369999885559082,2.369999885559082,2.369999885559082,2.369999885559082,185.0
2024-07-03 10:58:00,GDRX,7.850100040435791,7.850100040435791,7.860000133514404,7.850100040435791,7.860000133514404,1059.0
2024-07-03 10:58:00,GERN,4.340000152587891,4.340000152587891,4.34499979019165,4.340000152587891,4.34499979019165,7460.0
2024-07-03 10:58:00,GH,28.110000610351562,28.110000610351562,28.149999618530273,28.110000610351562,28.149999618530273,2336.0
2024-07-03 10:58:00,GILD,66.69750213623047,66.69750213623047,66.75,66.68000030517578,66.71499633789062,13348.0
2024-07-03 10:58:00,GLSI,16.271099090576172,16.271099090576172,16.5,16.271099090576172,16.5,897.0
2024-07-03 10:58:00,GLUE,3.765000104904175,3.765000104904175,3.7899999618530273,3.765000104904175,3.7899999618530273,1468.0
2024-07-03 10:58:00,GMAB,25.229999542236328,25.229999542236328,25.239999771118164,25.209999084472656,25.209999084472656,4797.0
2024-07-03 10:58:00,GOSS,0.9373999834060669,0.9373999834060669,0.9409999847412109,0.9373000264167786,0.9373000264167786,1281.0
2024-07-03 10:58:00,GOVX,3.0364999771118164,3.0364999771118164,3.0364999771118164,3.0364999771118164,3.0364999771118164,380.0
2024-07-03 10:58:00,GRFS,6.699999809265137,6.699999809265137,6.699999809265137,6.699999809265137,6.699999809265137,149.0
2024-07-03 10:58:00,GRTS,0.5957000255584717,0.5957000255584717,0.5964000225067139,0.5946000218391418,0.5946000218391418,3191.0
2024-07-03 10:58:00,HALO,51.400001525878906,51.400001525878906,51.40999984741211,51.400001525878906,51.40999984741211,1234.0
2024-07-03 10:58:00,HBIO,2.755000114440918,2.755000114440918,2.755000114440918,2.755000114440918,2.755000114440918,1398.0
2024-07-03 10:58:00,HCAT,6.139999866485596,6.139999866485596,6.139999866485596,6.139999866485596,6.139999866485596,223.0
2024-07-03 10:58:00,HCSG,10.539999961853027,10.539999961853027,10.539999961853027,10.539999961853027,10.539999961853027,380.0
2024-07-03 10:58:00,HLVX,14.170000076293945,14.170000076293945,14.229999542236328,14.170000076293945,14.229999542236328,563.0
2024-07-03 10:58:00,HOLX,73.31999969482422,73.31999969482422,73.33000183105469,73.30000305175781,73.33000183105469,3156.0
2024-07-03 10:58:00,HOWL,2.125,2.125,2.130000114440918,2.109999895095825,2.130000114440918,3146.0
2024-07-03 10:58:00,HQY,83.05000305175781,83.05000305175781,83.05000305175781,83.01000213623047,83.01000213623047,647.0
2024-07-03 10:58:00,HRMY,30.155000686645508,30.155000686645508,30.155000686645508,30.155000686645508,30.155000686645508,142.0
2024-07-03 10:58:00,HROW,21.639999389648438,21.639999389648438,21.639999389648438,21.540000915527344,21.540000915527344,3806.0
2024-07-03 10:58:00,HRTX,2.7950000762939453,2.7950000762939453,2.799999952316284,2.7899999618530273,2.799999952316284,8763.0
2024-07-03 10:58:00,HSIC,65.3499984741211,65.3499984741211,65.37000274658203,65.33000183105469,65.36000061035156,3790.0
2024-07-03 10:58:00,HUMA,5.519999980926514,5.519999980926514,5.519999980926514,5.510000228881836,5.519999980926514,2065.0
2024-07-03 10:58:00,IART,28.930099487304688,28.930099487304688,28.930099487304688,28.930099487304688,28.930099487304688,1144.0
2024-07-03 10:58:00,IBRX,6.235000133514404,6.235000133514404,6.2399001121521,6.235000133514404,6.2399001121521,1406.0
2024-07-03 10:58:00,IDXX,475.05499267578125,475.05499267578125,475.30499267578125,474.8399963378906,475.30499267578125,1770.0
2024-07-03 10:58:00,IGMS,6.46999979019165,6.46999979019165,6.46999979019165,6.46999979019165,6.46999979019165,605.0
2024-07-03 10:58:00,ILMN,104.76000213623047,104.76000213623047,104.77999877929688,104.68000030517578,104.7300033569336,11196.0
2024-07-03 10:58:00,IMMX,2.386699914932251,2.386699914932251,2.390000104904175,2.364500045776367,2.364500045776367,3243.0
2024-07-03 10:58:00,IMNM,11.960000038146973,11.960000038146973,11.960000038146973,11.960000038146973,11.960000038146973,170.0
2024-07-03 10:58:00,IMVT,26.670000076293945,26.670000076293945,26.684999465942383,26.600000381469727,26.6299991607666,11053.0
2024-07-03 10:58:00,INCY,57.72999954223633,57.72999954223633,57.72999954223633,57.689998626708984,57.70000076293945,8591.0
2024-07-03 10:58:00,INGN,7.855000019073486,7.855000019073486,7.855000019073486,7.855000019073486,7.855000019073486,29.0
2024-07-03 10:58:00,INMB,7.869999885559082,7.869999885559082,7.869999885559082,7.869999885559082,7.869999885559082,561.0
2024-07-03 10:58:00,INMD,17.565000534057617,17.565000534057617,17.610000610351562,17.559999465942383,17.610000610351562,5216.0
2024-07-03 10:58:00,INO,8.399999618530273,8.399999618530273,8.4350004196167,8.399999618530273,8.4350004196167,2194.0
2024-07-03 10:58:00,INSM,62.30030059814453,62.30030059814453,62.4900016784668,62.30030059814453,62.4900016784668,10872.0
2024-07-03 10:58:00,IONS,44.369998931884766,44.369998931884766,44.529998779296875,44.36000061035156,44.505001068115234,12088.0
2024-07-03 10:58:00,IOVA,7.664999961853027,7.664999961853027,7.704999923706055,7.664999961853027,7.679999828338623,37185.0
2024-07-03 10:58:00,IPSC,2.25,2.25,2.259999990463257,2.240000009536743,2.255000114440918,1004.0
2024-07-03 10:58:00,IRTC,95.27999877929688,95.27999877929688,95.27999877929688,95.27999877929688,95.27999877929688,809.0
2024-07-03 10:58:00,IRWD,6.135000228881836,6.135000228881836,6.139999866485596,6.135000228881836,6.139999866485596,863.0
2024-07-03 10:58:00,ISRG,433.4150085449219,433.4150085449219,433.4150085449219,433.2550048828125,433.2550048828125,1562.0
2024-07-03 10:58:00,ITCI,67.9000015258789,67.9000015258789,67.95500183105469,67.9000015258789,67.9000015258789,722.0
2024-07-03 10:58:00,ITOS,14.675000190734863,14.675000190734863,14.675000190734863,14.675000190734863,14.675000190734863,301.0
2024-07-03 10:58:00,JAGX,3.4600000381469727,3.4600000381469727,3.4897000789642334,3.4600000381469727,3.4800000190734863,2325.0
2024-07-03 10:58:00,JAZZ,104.38500213623047,104.38500213623047,104.4000015258789,104.38500213623047,104.4000015258789,703.0
2024-07-03 10:58:00,KMDA,5.210000038146973,5.210000038146973,5.210000038146973,5.210000038146973,5.210000038146973,1307.0
2024-07-03 10:58:00,KPTI,0.8345999717712402,0.8345999717712402,0.8349999785423279,0.8343999981880188,0.8343999981880188,431.0
2024-07-03 10:58:00,KROS,42.43000030517578,42.43000030517578,42.43000030517578,42.349998474121094,42.349998474121094,1560.0
2024-07-03 10:58:00,KTRA,0.28369998931884766,0.28369998931884766,0.28380000591278076,0.28369998931884766,0.28369998931884766,11992.0
2024-07-03 10:58:00,KYMR,30.489999771118164,30.489999771118164,30.489999771118164,30.479999542236328,30.479999542236328,602.0
2024-07-03 10:58:00,KZR,0.5776000022888184,0.5776000022888184,0.578499972820282,0.5776000022888184,0.578499972820282,450.0
2024-07-03 10:58:00,LAB,1.7999999523162842,1.7999999523162842,1.7999999523162842,1.7899999618530273,1.7949999570846558,4112.0
2024-07-03 10:58:00,LBPH,33.0,33.0,33.154998779296875,32.93000030517578,33.0099983215332,10480.0
2024-07-03 10:58:00,LEGN,45.56999969482422,45.56999969482422,45.58000183105469,45.560001373291016,45.560001373291016,1198.0
2024-07-03 10:58:00,LFMD,6.730000019073486,6.730000019073486,6.744999885559082,6.71999979019165,6.744999885559082,4825.0
2024-07-03 10:58:00,LFST,5.135000228881836,5.135000228881836,5.139999866485596,5.135000228881836,5.139999866485596,335.0
2024-07-03 10:58:00,LGVN,1.6167999505996704,1.6167999505996704,1.6167999505996704,1.6167999505996704,1.6167999505996704,1550.0
2024-07-03 10:58:00,LNTH,79.23999786376953,79.23999786376953,79.23999786376953,79.23999786376953,79.23999786376953,501.0
2024-07-03 10:58:00,LRMR,7.599999904632568,7.599999904632568,7.619999885559082,7.599999904632568,7.619999885559082,360.0
2024-07-03 10:58:00,LUCD,0.7634999752044678,0.7634999752044678,0.7634999752044678,0.7634999752044678,0.7634999752044678,538.0
2024-07-03 10:58:00,LUNG,6.25,6.25,6.25,6.25,6.25,389.0
2024-07-03 10:58:00,LXRX,1.600000023841858,1.600000023841858,1.6050000190734863,1.600000023841858,1.6050000190734863,1281.0
2024-07-03 10:58:00,LYEL,1.4830000400543213,1.4830000400543213,1.4830000400543213,1.4830000400543213,1.4830000400543213,560.0
2024-07-03 10:58:00,LYRA,0.28679999709129333,0.28679999709129333,0.2874999940395355,0.28630000352859497,0.28630000352859497,3119.0
2024-07-03 10:58:00,MASI,114.94000244140625,114.94000244140625,114.95999908447266,114.6500015258789,114.81999969482422,5167.0
2024-07-03 10:58:00,MBIO,0.5116999745368958,0.5116999745368958,0.5149999856948853,0.5116999745368958,0.5149999856948853,96042.0
2024-07-03 10:58:00,MBOT,1.0499999523162842,1.0499999523162842,1.0499999523162842,1.0499999523162842,1.0499999523162842,1400.0
2024-07-03 10:58:00,MCRB,0.7159000039100647,0.7159000039100647,0.7159000039100647,0.714900016784668,0.714900016784668,866.0
2024-07-03 10:58:00,MDXG,6.75,6.75,6.75,6.75,6.75,646.0
2024-07-03 10:58:00,ME,0.4025999903678894,0.4025999903678894,0.40459999442100525,0.4025999903678894,0.40450000762939453,14031.0
2024-07-03 10:58:00,MEDP,405.6700134277344,405.6700134277344,405.6700134277344,405.6700134277344,405.6700134277344,209.0
2024-07-03 10:58:00,MGNX,4.235000133514404,4.235000133514404,4.25,4.235000133514404,4.25,2643.0
2024-07-03 10:58:00,MMSI,85.9800033569336,85.9800033569336,85.9800033569336,85.9800033569336,85.9800033569336,586.0
2024-07-03 10:58:00,MNKD,5.079999923706055,5.079999923706055,5.079999923706055,5.070000171661377,5.074999809265137,2336.0
2024-07-03 10:58:00,MNMD,7.269999980926514,7.269999980926514,7.269999980926514,7.269999980926514,7.269999980926514,3896.0
2024-07-03 10:58:00,MODV,28.049999237060547,28.049999237060547,28.049999237060547,28.049999237060547,28.049999237060547,896.0
2024-07-03 10:58:00,MOLN,6.849999904632568,6.849999904632568,6.849999904632568,6.849999904632568,6.849999904632568,47.0
2024-07-03 10:58:00,MORF,31.809999465942383,31.809999465942383,31.809999465942383,31.809999465942383,31.809999465942383,793.0
2024-07-03 10:58:00,MREO,3.515000104904175,3.515000104904175,3.515000104904175,3.509999990463257,3.509999990463257,411.0
2024-07-03 10:58:00,MRNA,115.98999786376953,115.98999786376953,116.22989654541016,115.87999725341797,116.22989654541016,11895.0
2024-07-03 10:58:00,MRSN,1.875,1.875,1.8799999952316284,1.875,1.8799999952316284,413.0
2024-07-03 10:58:00,MRUS,52.57500076293945,52.57500076293945,52.70000076293945,52.529998779296875,52.65999984741211,1513.0
2024-07-03 10:58:00,MRVI,6.784999847412109,6.784999847412109,6.789999961853027,6.784999847412109,6.789999961853027,999.0
2024-07-03 10:58:00,MTEM,1.2200000286102295,1.2200000286102295,1.2200000286102295,1.190000057220459,1.190000057220459,0.0
2024-07-03 10:58:00,MXCT,3.690000057220459,3.690000057220459,3.690000057220459,3.684999942779541,3.690000057220459,1361.0
2024-07-03 10:58:00,MYGN,25.260000228881836,25.260000228881836,25.299999237060547,25.260000228881836,25.299999237060547,2408.0
2024-07-03 10:58:00,MYNZ,0.3375999927520752,0.3375999927520752,0.3384999930858612,0.3375999927520752,0.3384999930858612,0.0
2024-07-03 10:58:00,NARI,49.560001373291016,49.560001373291016,49.560001373291016,49.439998626708984,49.44499969482422,2900.0
2024-07-03 10:58:00,NBTX,5.454999923706055,5.454999923706055,5.454999923706055,5.454999923706055,5.454999923706055,267.0
2024-07-03 10:58:00,NDRA,0.08560000360012054,0.08560000360012054,0.08569999784231186,0.08510000258684158,0.0851999968290329,37295.0
2024-07-03 10:58:00,NEOG,15.220000267028809,15.220000267028809,15.220000267028809,15.220000267028809,15.220000267028809,142.0
2024-07-03 10:58:00,NKTR,1.2350000143051147,1.2350000143051147,1.2400000095367432,1.2350000143051147,1.2400000095367432,5308.0
2024-07-03 10:58:00,NKTX,5.389999866485596,5.389999866485596,5.394999980926514,5.389999866485596,5.394999980926514,980.0
2024-07-03 10:58:00,NNOX,7.0329999923706055,7.0329999923706055,7.0329999923706055,7.019999980926514,7.03000020980835,1311.0
2024-07-03 10:58:00,NRBO,4.699900150299072,4.699900150299072,4.699900150299072,4.699900150299072,4.699900150299072,237.0
2024-07-03 10:58:00,NRC,22.950000762939453,22.950000762939453,22.950000762939453,22.94499969482422,22.94499969482422,1176.0
2024-07-03 10:58:00,NRIX,19.690000534057617,19.690000534057617,19.735000610351562,19.684999465942383,19.684999465942383,2202.0
2024-07-03 10:58:00,NRXP,2.690000057220459,2.690000057220459,2.690000057220459,2.690000057220459,2.690000057220459,380.0
2024-07-03 10:58:00,NTLA,22.6200008392334,22.6200008392334,22.6200008392334,22.6200008392334,22.6200008392334,576.0
2024-07-03 10:58:00,NTRA,111.20999908447266,111.20999908447266,111.25,111.19000244140625,111.2300033569336,3347.0
2024-07-03 10:58:00,NVAX,12.699999809265137,12.699999809265137,12.759900093078613,12.680000305175781,12.759900093078613,52210.0
2024-07-03 10:58:00,NXL,1.4169000387191772,1.4169000387191772,1.4169000387191772,1.3969000577926636,1.3969000577926636,4021.0
2024-07-03 10:58:00,NXTC,1.5549999475479126,1.5549999475479126,1.5549999475479126,1.5549999475479126,1.5549999475479126,2100.0
2024-07-03 10:58:00,OCGN,1.625,1.625,1.6349999904632568,1.6200000047683716,1.6349999904632568,63681.0
2024-07-03 10:58:00,OCUL,6.690000057220459,6.690000057220459,6.704999923706055,6.690000057220459,6.704999923706055,2089.0
2024-07-03 10:58:00,OCUP,1.5700000524520874,1.5700000524520874,1.5750000476837158,1.5700000524520874,1.5750000476837158,201.0
2024-07-03 10:58:00,OFIX,13.350000381469727,13.350000381469727,13.359999656677246,13.350000381469727,13.350000381469727,871.0
2024-07-03 10:58:00,OLMA,10.600000381469727,10.600000381469727,10.600000381469727,10.600000381469727,10.600000381469727,158.0
2024-07-03 10:58:00,OM,3.700000047683716,3.700000047683716,3.7100000381469727,3.700000047683716,3.7049999237060547,3563.0
2024-07-03 10:58:00,OMCL,26.3700008392334,26.3700008392334,26.3700008392334,26.3700008392334,26.3700008392334,225.0
2024-07-03 10:58:00,OMGA,1.9600000381469727,1.9600000381469727,1.9600000381469727,1.9600000381469727,1.9600000381469727,400.0
2024-07-03 10:59:00,ABCL,2.7249999046325684,2.7249999046325684,2.734999895095825,2.7249999046325684,2.734999895095825,8535.0
2024-07-03 10:59:00,ABOS,2.2799999713897705,2.2799999713897705,2.2799999713897705,2.2799999713897705,2.2799999713897705,200.0
2024-07-03 10:59:00,ABSI,3.2200000286102295,3.2200000286102295,3.2290000915527344,3.2100000381469727,3.2249999046325684,1145.0
2024-07-03 10:59:00,ABUS,3.1500000953674316,3.1500000953674316,3.1500000953674316,3.1500000953674316,3.1500000953674316,111.0
2024-07-03 10:59:00,ACAD,15.640000343322754,15.640000343322754,15.640000343322754,15.619999885559082,15.619999885559082,3406.0
2024-07-03 10:59:00,ACB,4.96999979019165,4.96999979019165,4.96999979019165,4.950200080871582,4.950200080871582,1777.0
2024-07-03 10:59:00,ACCD,3.569999933242798,3.569999933242798,3.569999933242798,3.569999933242798,3.569999933242798,3287.0
2024-07-03 10:59:00,ACET,1.0499999523162842,1.0499999523162842,1.0499999523162842,1.0499999523162842,1.0499999523162842,1493.0
2024-07-03 10:59:00,ACLX,53.790000915527344,53.790000915527344,53.790000915527344,53.790000915527344,53.790000915527344,140.0
2024-07-03 10:59:00,ACRS,1.1699999570846558,1.1699999570846558,1.1699999570846558,1.1699999570846558,1.1699999570846558,4720.0
2024-07-03 10:59:00,ADAP,1.0199999809265137,1.0199999809265137,1.0199999809265137,1.0199999809265137,1.0199999809265137,150.0
2024-07-03 10:59:00,ADMA,11.279999732971191,11.279999732971191,11.28499984741211,11.279999732971191,11.28499984741211,4965.0
2024-07-03 10:59:00,ADPT,3.382499933242798,3.382499933242798,3.382499933242798,3.382499933242798,3.382499933242798,383.0
2024-07-03 10:59:00,ADVM,7.010000228881836,7.010000228881836,7.010000228881836,7.010000228881836,7.010000228881836,575.0
2024-07-03 10:59:00,AFMD,5.067699909210205,5.067699909210205,5.067699909210205,5.067699909210205,5.067699909210205,321.0
2024-07-03 10:59:00,AGEN,14.399999618530273,14.399999618530273,14.40999984741211,14.399999618530273,14.40999984741211,735.0
2024-07-03 10:59:00,AGIO,41.77000045776367,41.77000045776367,41.849998474121094,41.77000045776367,41.849998474121094,681.0
2024-07-03 10:59:00,AKBA,0.9463000297546387,0.9463000297546387,0.955299973487854,0.9462000131607056,0.955299973487854,52583.0
2024-07-03 10:59:00,AKRO,22.010000228881836,22.010000228881836,22.010000228881836,22.010000228881836,22.010000228881836,225.0
2024-07-03 10:59:00,AKYA,2.140000104904175,2.140000104904175,2.140000104904175,2.140000104904175,2.140000104904175,426.0
2024-07-03 10:59:00,ALDX,3.190000057220459,3.190000057220459,3.190000057220459,3.190000057220459,3.190000057220459,315.0
2024-07-03 10:59:00,ALEC,4.449999809265137,4.449999809265137,4.449999809265137,4.445000171661377,4.445000171661377,954.0
2024-07-03 10:59:00,ALGN,238.52000427246094,238.52000427246094,238.52000427246094,238.52000427246094,238.52000427246094,339.0
2024-07-03 10:59:00,ALHC,7.991300106048584,7.991300106048584,8.0,7.991300106048584,8.0,749.0
2024-07-03 10:59:00,ALKS,24.25,24.25,24.25,24.25,24.25,1179.0
2024-07-03 10:59:00,ALLO,2.125,2.125,2.130000114440918,2.125,2.125,1960.0
2024-07-03 10:59:00,ALT,6.625,6.625,6.635000228881836,6.611199855804443,6.619999885559082,10068.0
2024-07-03 10:59:00,ALVO,12.319999694824219,12.319999694824219,12.319999694824219,12.319999694824219,12.319999694824219,211.0
2024-07-03 10:59:00,ALXO,5.820000171661377,5.820000171661377,5.820000171661377,5.820000171661377,5.820000171661377,235.0
2024-07-03 10:59:00,AMED,96.9000015258789,96.9000015258789,96.9000015258789,96.83999633789062,96.87999725341797,1351.0
2024-07-03 10:59:00,AMGN,308.1499938964844,308.1499938964844,308.364990234375,308.1400146484375,308.364990234375,9640.0
2024-07-03 10:59:00,AMLX,1.7594000101089478,1.7594000101089478,1.7594000101089478,1.75,1.7549999952316284,5529.0
2024-07-03 10:59:00,AMRN,0.7099999785423279,0.7099999785423279,0.7099999785423279,0.7099999785423279,0.7099999785423279,4784.0
2024-07-03 10:59:00,ANNX,4.784999847412109,4.784999847412109,4.789899826049805,4.784999847412109,4.784999847412109,3649.0
2024-07-03 10:59:00,ANTX,2.509999990463257,2.509999990463257,2.509999990463257,2.5000998973846436,2.5000998973846436,919.0
2024-07-03 10:59:00,APDN,0.45500001311302185,0.45500001311302185,0.45500001311302185,0.44999998807907104,0.44999998807907104,1285.0
2024-07-03 10:59:00,APLS,35.45000076293945,35.45000076293945,35.45000076293945,35.42499923706055,35.42499923706055,621.0
2024-07-03 10:59:00,APLT,4.389999866485596,4.389999866485596,4.400000095367432,4.389999866485596,4.400000095367432,1576.0
2024-07-03 10:59:00,ARCT,21.261899948120117,21.261899948120117,21.386199951171875,21.261899948120117,21.386199951171875,1746.0
2024-07-03 10:59:00,ARDX,5.210000038146973,5.210000038146973,5.224999904632568,5.204999923706055,5.204999923706055,37592.0
2024-07-03 10:59:00,ARGX,434.0,434.0,434.0,433.8299865722656,433.9100036621094,1776.0
2024-07-03 10:59:00,ARQT,9.475000381469727,9.475000381469727,9.479999542236328,9.470000267028809,9.470000267028809,979.0
2024-07-03 10:59:00,ARVN,24.399999618530273,24.399999618530273,24.399999618530273,24.399999618530273,24.399999618530273,189.0
2024-07-03 10:59:00,ASRT,1.3210999965667725,1.3210999965667725,1.3210999965667725,1.3210999965667725,1.3210999965667725,496.0
2024-07-03 10:59:00,ATEC,9.895000457763672,9.895000457763672,9.9350004196167,9.895000457763672,9.920000076293945,35637.0
2024-07-03 10:59:00,ATHA,2.5404999256134033,2.5404999256134033,2.5404999256134033,2.5404999256134033,2.5404999256134033,257.0
2024-07-03 10:59:00,ATOS,1.149999976158142,1.149999976158142,1.149999976158142,1.149999976158142,1.149999976158142,0.0
2024-07-03 10:59:00,ATRA,7.585000038146973,7.585000038146973,7.585000038146973,7.585000038146973,7.585000038146973,168.0
2024-07-03 10:59:00,ATRC,22.104999542236328,22.104999542236328,22.104999542236328,22.104999542236328,22.104999542236328,415.0
2024-07-03 10:59:00,ATXS,8.979999542236328,8.979999542236328,8.979999542236328,8.979999542236328,8.979999542236328,213.0
2024-07-03 10:59:00,AUGX,1.0099999904632568,1.0099999904632568,1.0099999904632568,1.0010000467300415,1.0010000467300415,5181.0
2024-07-03 10:59:00,AUPH,5.449999809265137,5.449999809265137,5.449999809265137,5.449999809265137,5.449999809265137,265.0
2024-07-03 10:59:00,AUTL,3.4749999046325684,3.4749999046325684,3.4749999046325684,3.4749999046325684,3.4749999046325684,308.0
2024-07-03 10:59:00,AVIR,3.315000057220459,3.315000057220459,3.315000057220459,3.315000057220459,3.315000057220459,433.0
2024-07-03 10:59:00,AVTE,1.6050000190734863,1.6050000190734863,1.6050000190734863,1.6050000190734863,1.6050000190734863,374.0
2024-07-03 10:59:00,AVTX,11.861499786376953,11.861499786376953,11.861499786376953,11.861499786376953,11.861499786376953,1104.0
2024-07-03 10:59:00,AVXL,4.21999979019165,4.21999979019165,4.21999979019165,4.21999979019165,4.21999979019165,1110.0
2024-07-03 10:59:00,AWH,1.0,1.0,1.0,1.0,1.0,0.0
2024-07-03 10:59:00,AZN,76.71990203857422,76.71990203857422,76.7699966430664,76.70999908447266,76.73999786376953,38341.0
2024-07-03 10:59:00,BBIO,25.270000457763672,25.270000457763672,25.270000457763672,25.270000457763672,25.270000457763672,218.0
2024-07-03 10:59:00,BCAB,1.3450000286102295,1.3450000286102295,1.3450000286102295,1.340000033378601,1.340000033378601,547.0
2024-07-03 10:59:00,BCRX,6.545000076293945,6.545000076293945,6.545000076293945,6.53000020980835,6.53000020980835,14399.0
2024-07-03 10:59:00,BEAM,23.6200008392334,23.6200008392334,23.649999618530273,23.59000015258789,23.59000015258789,4809.0
2024-07-03 10:59:00,BEAT,2.799999952316284,2.799999952316284,2.799999952316284,2.799999952316284,2.799999952316284,175.0
2024-07-03 10:59:00,BIIB,223.99819946289062,223.99819946289062,224.22999572753906,223.99819946289062,224.10519409179688,4734.0
2024-07-03 10:59:00,BLRX,0.5342000126838684,0.5342000126838684,0.5350000262260437,0.5299999713897705,0.5342000126838684,10156.0
2024-07-03 10:59:00,BLUE,0.9262999892234802,0.9262999892234802,0.9266999959945679,0.9262999892234802,0.9262999892234802,3160.0
2024-07-03 10:59:00,BMEA,4.380000114440918,4.380000114440918,4.380000114440918,4.380000114440918,4.380000114440918,116.0
2024-07-03 10:59:00,BMRN,81.12000274658203,81.12000274658203,81.12000274658203,81.12000274658203,81.12000274658203,188.0
2024-07-03 10:59:00,BNGO,0.5684000253677368,0.5684000253677368,0.5684000253677368,0.5670999884605408,0.5670999884605408,2408.0
2024-07-03 10:59:00,BNTX,80.06759643554688,80.06759643554688,80.06759643554688,80.06759643554688,80.06759643554688,554.0
2024-07-03 10:59:00,BRKR,61.66999816894531,61.66999816894531,61.72999954223633,61.66999816894531,61.72999954223633,373.0
2024-07-03 10:59:00,BTAI,1.1050000190734863,1.1050000190734863,1.1050000190734863,1.1050000190734863,1.1050000190734863,966.0
2024-07-03 10:59:00,BVS,6.010000228881836,6.010000228881836,6.010000228881836,5.989999771118164,5.989999771118164,2415.0
2024-07-03 10:59:00,CABA,7.630000114440918,7.630000114440918,7.630000114440918,7.619999885559082,7.630000114440918,2442.0
2024-07-03 10:59:00,CARA,0.2897999882698059,0.2897999882698059,0.2897999882698059,0.2897999882698059,0.2897999882698059,200.0
2024-07-03 10:59:00,CCCC,4.715000152587891,4.715000152587891,4.715000152587891,4.69920015335083,4.69920015335083,3458.0
2024-07-03 10:59:00,CDMO,7.46999979019165,7.46999979019165,7.46999979019165,7.46999979019165,7.46999979019165,5001.0
2024-07-03 10:59:00,CDNA,15.15999984741211,15.15999984741211,15.15999984741211,15.15999984741211,15.15999984741211,628.0
2024-07-03 10:59:00,CDXS,2.9100000858306885,2.9100000858306885,2.9100000858306885,2.9100000858306885,2.9100000858306885,316.0
2024-07-03 10:59:00,CELC,16.229999542236328,16.229999542236328,16.229999542236328,16.200000762939453,16.200000762939453,458.0
2024-07-03 10:59:00,CERE,41.345001220703125,41.345001220703125,41.349998474121094,41.34000015258789,41.34000015258789,1578.0
2024-07-03 10:59:00,CERT,13.850000381469727,13.850000381469727,13.850000381469727,13.850000381469727,13.850000381469727,683.0
2024-07-03 10:59:00,CGC,6.792099952697754,6.792099952697754,6.809000015258789,6.779699802398682,6.779799938201904,30775.0
2024-07-03 10:59:00,CGEN,1.6598999500274658,1.6598999500274658,1.6610000133514404,1.6598999500274658,1.6610000133514404,6615.0
2024-07-03 10:59:00,CGTX,1.7999999523162842,1.7999999523162842,1.7999999523162842,1.7999999523162842,1.7999999523162842,100.0
2024-07-03 10:59:00,CHRS,1.399999976158142,1.399999976158142,1.399999976158142,1.399999976158142,1.399999976158142,100.0
2024-07-03 10:59:00,CKPT,2.2300000190734863,2.2300000190734863,2.265000104904175,2.2300000190734863,2.265000104904175,10711.0
2024-07-03 10:59:00,CLLS,2.0,2.0,2.0,2.0,2.0,288.0
2024-07-03 10:59:00,CLOV,1.2450000047683716,1.2450000047683716,1.2450000047683716,1.2450000047683716,1.2450000047683716,303.0
2024-07-03 10:59:00,CLRB,2.4200000762939453,2.4200000762939453,2.4200000762939453,2.4000000953674316,2.4000000953674316,300.0
2024-07-03 10:59:00,CMPS,6.369999885559082,6.369999885559082,6.369999885559082,6.369999885559082,6.369999885559082,1757.0
2024-07-03 10:59:00,CNSP,2.1700000762939453,2.1700000762939453,2.180000066757202,2.130000114440918,2.134999990463257,35524.0
2024-07-03 10:59:00,COGT,8.289999961853027,8.289999961853027,8.289999961853027,8.274999618530273,8.274999618530273,1465.0
2024-07-03 10:59:00,CORT,30.65999984741211,30.65999984741211,30.65999984741211,30.65999984741211,30.65999984741211,632.0
2024-07-03 10:59:00,COSM,0.9545000195503235,0.9545000195503235,0.9545000195503235,0.949999988079071,0.9545000195503235,1764.0
2024-07-03 10:59:00,CPRX,15.40999984741211,15.40999984741211,15.40999984741211,15.40999984741211,15.40999984741211,290.0
2024-07-03 10:59:00,CRBU,1.5850000381469727,1.5850000381469727,1.5898000001907349,1.5800000429153442,1.5850000381469727,1341.0
2024-07-03 10:59:00,CRDF,2.265000104904175,2.265000104904175,2.265000104904175,2.259999990463257,2.259999990463257,905.0
2024-07-03 10:59:00,CRON,2.3450000286102295,2.3450000286102295,2.3450000286102295,2.3450000286102295,2.3450000286102295,512.0
2024-07-03 10:59:00,CRSP,53.720001220703125,53.720001220703125,53.720001220703125,53.6349983215332,53.6349983215332,9193.0
2024-07-03 10:59:00,CSTL,21.06999969482422,21.06999969482422,21.06999969482422,21.06999969482422,21.06999969482422,188.0
2024-07-03 10:59:00,CTKB,5.684999942779541,5.684999942779541,5.684999942779541,5.684999942779541,5.684999942779541,1521.0
2024-07-03 10:59:00,CTMX,1.3200000524520874,1.3200000524520874,1.3200000524520874,1.3200000524520874,1.3200000524520874,300.0
2024-07-03 10:59:00,CTSO,0.8429999947547913,0.8429999947547913,0.843999981880188,0.8429999947547913,0.843999981880188,50.0
2024-07-03 10:59:00,CTXR,0.5030999779701233,0.5030999779701233,0.5030999779701233,0.5030999779701233,0.5030999779701233,1058.0
2024-07-03 10:59:00,CUE,1.0099999904632568,1.0099999904632568,1.0099999904632568,1.0,1.0,700.0
2024-07-03 10:59:00,CUTR,1.3194999694824219,1.3194999694824219,1.3194999694824219,1.315000057220459,1.315000057220459,1506.0
2024-07-03 10:59:00,CVAC,3.3598999977111816,3.3598999977111816,3.359999895095825,3.349900007247925,3.349900007247925,8060.0
2024-07-03 10:59:00,CYTK,54.60499954223633,54.60499954223633,54.6150016784668,54.60499954223633,54.6150016784668,334.0
2024-07-03 10:59:00,DAWN,13.329999923706055,13.329999923706055,13.34000015258789,13.329999923706055,13.329999923706055,1013.0
2024-07-03 10:59:00,DMAC,2.950000047683716,2.950000047683716,2.950000047683716,2.859999895095825,2.859999895095825,10222.0
2024-07-03 10:59:00,DNLI,21.469999313354492,21.469999313354492,21.469999313354492,21.469999313354492,21.469999313354492,240.0
2024-07-03 10:59:00,DSGN,3.234999895095825,3.234999895095825,3.234999895095825,3.234999895095825,3.234999895095825,125.0
2024-07-03 10:59:00,DVAX,11.069999694824219,11.069999694824219,11.074999809265137,11.069999694824219,11.069999694824219,538.0
2024-07-03 10:59:00,DXCM,109.87000274658203,109.87000274658203,109.97000122070312,109.87000274658203,109.97000122070312,1751.0
2024-07-03 10:59:00,DYN,34.31999969482422,34.31999969482422,34.34000015258789,34.31999969482422,34.34000015258789,1456.0
2024-07-03 10:59:00,EDIT,4.639999866485596,4.639999866485596,4.650000095367432,4.639999866485596,4.644999980926514,1331.0
2024-07-03 10:59:00,EKSO,1.0300999879837036,1.0300999879837036,1.0300999879837036,1.0300999879837036,1.0300999879837036,10000.0
2024-07-03 10:59:00,ELEV,2.630000114440918,2.630000114440918,2.630000114440918,2.630000114440918,2.630000114440918,309.0
2024-07-03 10:59:00,EMBC,12.050000190734863,12.050000190734863,12.050000190734863,12.050000190734863,12.050000190734863,354.0
2024-07-03 10:59:00,ENSG,125.80000305175781,125.80000305175781,125.80999755859375,125.80000305175781,125.80999755859375,1143.0
2024-07-03 10:59:00,ENTA,13.0,13.0,13.0,13.0,13.0,199.0
2024-07-03 10:59:00,EOLS,10.880000114440918,10.880000114440918,10.880000114440918,10.859999656677246,10.859999656677246,1443.0
2024-07-03 10:59:00,ERAS,2.255000114440918,2.255000114440918,2.255000114440918,2.25,2.25,6884.0
2024-07-03 10:59:00,ESPR,2.3499999046325684,2.3499999046325684,2.3499999046325684,2.3450000286102295,2.3450000286102295,49651.0
2024-07-03 10:59:00,ESTA,43.36000061035156,43.36000061035156,43.38999938964844,43.36000061035156,43.38999938964844,1531.0
2024-07-03 10:59:00,ETNB,7.559999942779541,7.559999942779541,7.559999942779541,7.559999942779541,7.559999942779541,286.0
2024-07-03 10:59:00,EVO,5.070099830627441,5.070099830627441,5.070099830627441,5.070099830627441,5.070099830627441,962.0
2024-07-03 10:59:00,EWTX,18.0,18.0,18.0,17.989999771118164,18.0,605.0
2024-07-03 10:59:00,EXAI,5.469099998474121,5.469099998474121,5.46999979019165,5.460000038146973,5.460000038146973,5022.0
2024-07-03 10:59:00,EXAS,43.13999938964844,43.13999938964844,43.2599983215332,43.099998474121094,43.209999084472656,10974.0
2024-07-03 10:59:00,EXEL,21.969999313354492,21.969999313354492,21.969999313354492,21.969999313354492,21.969999313354492,323.0
2024-07-03 10:59:00,EYEN,0.7838000059127808,0.7838000059127808,0.7838000059127808,0.7824000120162964,0.7836999893188477,2331.0
2024-07-03 10:59:00,EYPT,8.279999732971191,8.279999732971191,8.300000190734863,8.279999732971191,8.300000190734863,601.0
2024-07-03 10:59:00,FATE,3.2100000381469727,3.2100000381469727,3.2100000381469727,3.200000047683716,3.2100000381469727,1201.0
2024-07-03 10:59:00,FDMT,20.950000762939453,20.950000762939453,20.969999313354492,20.905000686645508,20.950000762939453,2273.0
2024-07-03 10:59:00,FEMY,1.125,1.125,1.125,1.125,1.125,600.0
2024-07-03 10:59:00,FENC,6.070000171661377,6.070000171661377,6.070000171661377,6.001500129699707,6.001500129699707,1985.0
2024-07-03 10:59:00,FGEN,0.7160999774932861,0.7160999774932861,0.7208999991416931,0.7160999774932861,0.7208999991416931,3350.0
2024-07-03 10:59:00,FHTX,5.565000057220459,5.565000057220459,5.565000057220459,5.510000228881836,5.510000228881836,449.0
2024-07-03 10:59:00,FOLD,9.869999885559082,9.869999885559082,9.875,9.864999771118164,9.864999771118164,1617.0
2024-07-03 10:59:00,FULC,6.130000114440918,6.130000114440918,6.130000114440918,6.125,6.130000114440918,1838.0
2024-07-03 10:59:00,GALT,2.1700000762939453,2.1700000762939453,2.1700000762939453,2.1700000762939453,2.1700000762939453,0.0
2024-07-03 10:59:00,GDRX,7.860000133514404,7.860000133514404,7.860000133514404,7.855000019073486,7.855000019073486,2035.0
2024-07-03 10:59:00,GERN,4.340000152587891,4.340000152587891,4.340000152587891,4.335000038146973,4.340000152587891,1971.0
2024-07-03 10:59:00,GH,28.15999984741211,28.15999984741211,28.190000534057617,28.149999618530273,28.149999618530273,1514.0
2024-07-03 10:59:00,GHRS,11.510000228881836,11.510000228881836,11.510000228881836,11.489999771118164,11.489999771118164,716.0
2024-07-03 10:59:00,GILD,66.66000366210938,66.66000366210938,66.72000122070312,66.66000366210938,66.70500183105469,15617.0
2024-07-03 10:59:00,GLSI,16.456899642944336,16.456899642944336,16.456899642944336,16.456899642944336,16.456899642944336,314.0
2024-07-03 10:59:00,GLTO,0.51419997215271,0.51419997215271,0.51419997215271,0.5120000243186951,0.5120000243186951,360.0
2024-07-03 10:59:00,GLUE,3.7558000087738037,3.7558000087738037,3.7558000087738037,3.7558000087738037,3.7558000087738037,434.0
2024-07-03 10:59:00,GLYC,0.26969999074935913,0.26969999074935913,0.26969999074935913,0.26969999074935913,0.26969999074935913,341.0
2024-07-03 10:59:00,GMAB,25.239999771118164,25.239999771118164,25.239999771118164,25.229999542236328,25.229999542236328,5738.0
2024-07-03 10:59:00,GOSS,0.9399999976158142,0.9399999976158142,0.9399999976158142,0.9399999976158142,0.9399999976158142,1743.0
2024-07-03 10:59:00,GRTS,0.5950000286102295,0.5950000286102295,0.5950000286102295,0.5949000120162964,0.5950000286102295,26028.0
2024-07-03 10:59:00,GTHX,2.509999990463257,2.509999990463257,2.509999990463257,2.509999990463257,2.509999990463257,129.0
2024-07-03 10:59:00,HALO,51.439998626708984,51.439998626708984,51.5099983215332,51.369998931884766,51.369998931884766,97067.0
2024-07-03 10:59:00,HCAT,6.139999866485596,6.139999866485596,6.139999866485596,6.139999866485596,6.139999866485596,405.0
2024-07-03 10:59:00,HCM,17.450000762939453,17.450000762939453,17.451000213623047,17.450000762939453,17.450000762939453,1273.0
2024-07-03 10:59:00,HCSG,10.520000457763672,10.520000457763672,10.520000457763672,10.520000457763672,10.520000457763672,243.0
2024-07-03 10:59:00,HLVX,14.100000381469727,14.100000381469727,14.199999809265137,14.100000381469727,14.170000076293945,928.0
2024-07-03 10:59:00,HOLX,73.31999969482422,73.31999969482422,73.31999969482422,73.29499816894531,73.30000305175781,2335.0
2024-07-03 10:59:00,HOOK,0.597599983215332,0.597599983215332,0.597599983215332,0.597599983215332,0.597599983215332,671.0
2024-07-03 10:59:00,HOWL,2.125,2.125,2.125,2.125,2.125,207.0
2024-07-03 10:59:00,HQY,83.5,83.5,83.5,83.02999877929688,83.06999969482422,28013.0
2024-07-03 10:59:00,HRMY,30.155000686645508,30.155000686645508,30.155000686645508,30.155000686645508,30.155000686645508,280.0
2024-07-03 10:59:00,HRTX,2.7825000286102295,2.7825000286102295,2.7950000762939453,2.7799999713897705,2.7899999618530273,3547.0
2024-07-03 10:59:00,HSIC,65.33999633789062,65.33999633789062,65.4000015258789,65.33999633789062,65.37999725341797,3732.0
2024-07-03 10:59:00,HUMA,5.525000095367432,5.525000095367432,5.53000020980835,5.510000228881836,5.510499954223633,14536.0
2024-07-03 10:59:00,IBRX,6.239999771118164,6.239999771118164,6.239999771118164,6.224999904632568,6.224999904632568,1077.0
2024-07-03 10:59:00,ICAD,1.2000000476837158,1.2000000476837158,1.2000000476837158,1.2000000476837158,1.2000000476837158,2075.0
2024-07-03 10:59:00,ICLR,318.0,318.0,318.0,318.0,318.0,668.0
2024-07-03 10:59:00,ICUI,117.83000183105469,117.83000183105469,117.83000183105469,117.83000183105469,117.83000183105469,448.0
2024-07-03 10:59:00,IDXX,474.93499755859375,474.93499755859375,474.93499755859375,474.93499755859375,474.93499755859375,462.0
2024-07-03 10:59:00,IKNA,1.6399999856948853,1.6399999856948853,1.6399999856948853,1.6399999856948853,1.6399999856948853,117.0
2024-07-03 10:59:00,ILMN,104.70500183105469,104.70500183105469,104.76499938964844,104.63999938964844,104.7300033569336,7552.0
2024-07-03 10:59:00,IMAB,1.5399999618530273,1.5399999618530273,1.559999942779541,1.5399999618530273,1.559999942779541,11033.0
2024-07-03 10:59:00,IMMP,1.9500000476837158,1.9500000476837158,1.9505000114440918,1.9500000476837158,1.9505000114440918,590.0
2024-07-03 10:59:00,IMMX,2.375,2.375,2.390000104904175,2.371999979019165,2.375,8608.0
2024-07-03 10:59:00,IMNM,11.949999809265137,11.949999809265137,11.949999809265137,11.949999809265137,11.949999809265137,180.0
2024-07-03 10:59:00,IMTX,11.84000015258789,11.84000015258789,11.84000015258789,11.84000015258789,11.84000015258789,521.0
2024-07-03 10:59:00,IMVT,26.65999984741211,26.65999984741211,26.65999984741211,26.645000457763672,26.645000457763672,340.0
2024-07-03 10:59:00,INAB,0.795799970626831,0.795799970626831,0.7990000247955322,0.795799970626831,0.7990000247955322,1199.0
2024-07-03 10:59:00,INCY,57.68000030517578,57.68000030517578,57.71500015258789,57.68000030517578,57.71500015258789,3790.0
2024-07-03 10:59:00,INGN,7.869999885559082,7.869999885559082,7.869999885559082,7.869999885559082,7.869999885559082,896.0
2024-07-03 10:59:00,INMD,17.59000015258789,17.59000015258789,17.59000015258789,17.59000015258789,17.59000015258789,526.0
2024-07-03 10:59:00,INSM,62.275001525878906,62.275001525878906,62.35499954223633,62.20500183105469,62.35499954223633,2985.0
2024-07-03 10:59:00,IOBT,1.149899959564209,1.149899959564209,1.149899959564209,1.149899959564209,1.149899959564209,102.0
2024-07-03 10:59:00,IONS,44.380001068115234,44.380001068115234,44.380001068115234,44.3468017578125,44.369998931884766,1469.0
2024-07-03 10:59:00,IOVA,7.664999961853027,7.664999961853027,7.670000076293945,7.659999847412109,7.668900012969971,10782.0
2024-07-03 10:59:00,IPSC,2.244999885559082,2.244999885559082,2.244999885559082,2.244999885559082,2.244999885559082,759.0
2024-07-03 10:59:00,IRTC,95.33000183105469,95.33000183105469,95.33000183105469,95.33000183105469,95.33000183105469,1922.0
2024-07-03 10:59:00,IRWD,6.135000228881836,6.135000228881836,6.135000228881836,6.130000114440918,6.130000114440918,2540.0
2024-07-03 10:59:00,ISRG,433.239990234375,433.239990234375,433.2449951171875,433.239990234375,433.2449951171875,2647.0
2024-07-03 10:59:00,ITCI,67.9000015258789,67.9000015258789,67.95999908447266,67.9000015258789,67.95999908447266,1312.0
2024-07-03 10:59:00,ITOS,14.664999961853027,14.664999961853027,14.664999961853027,14.664999961853027,14.664999961853027,468.0
2024-07-03 10:59:00,JAGX,3.440000057220459,3.440000057220459,3.440000057220459,3.440000057220459,3.440000057220459,200.0
2024-07-03 10:59:00,JANX,37.75,37.75,37.75,37.72999954223633,37.72999954223633,500.0
2024-07-03 10:59:00,JAZZ,104.22000122070312,104.22000122070312,104.23999786376953,104.22000122070312,104.23999786376953,872.0
2024-07-03 10:59:00,KNSA,18.81999969482422,18.81999969482422,18.81999969482422,18.81999969482422,18.81999969482422,1279.0
2024-07-03 10:59:00,KPTI,0.8341000080108643,0.8341000080108643,0.8349999785423279,0.8341000080108643,0.8342000246047974,1712.0
2024-07-03 10:59:00,KRON,1.1399999856948853,1.1399999856948853,1.1399999856948853,1.1399999856948853,1.1399999856948853,1000.0
2024-07-03 10:59:00,KROS,42.42499923706055,42.42499923706055,42.42499923706055,42.42499923706055,42.42499923706055,776.0
2024-07-03 10:59:00,KRYS,177.25999450683594,177.25999450683594,177.25999450683594,177.16000366210938,177.16000366210938,2342.0
2024-07-03 10:59:00,KTRA,0.28360000252723694,0.28360000252723694,0.28459998965263367,0.28360000252723694,0.28459998965263367,9097.0
2024-07-03 10:59:00,KURA,20.479999542236328,20.479999542236328,20.479999542236328,20.479999542236328,20.479999542236328,1951.0
2024-07-03 10:59:00,KZR,0.5776000022888184,0.5776000022888184,0.5776000022888184,0.5776000022888184,0.5776000022888184,120.0
2024-07-03 10:59:00,LAB,1.7999999523162842,1.7999999523162842,1.7999999523162842,1.7949999570846558,1.7949999570846558,682.0
2024-07-03 10:59:00,LBPH,33.005001068115234,33.005001068115234,33.005001068115234,32.94499969482422,32.94499969482422,3169.0
2024-07-03 10:59:00,LEGN,45.709999084472656,45.709999084472656,45.709999084472656,45.630001068115234,45.63999938964844,955.0
2024-07-03 10:59:00,LFMD,6.724999904632568,6.724999904632568,6.724999904632568,6.71999979019165,6.71999979019165,346.0
2024-07-03 10:59:00,LFST,5.130000114440918,5.130000114440918,5.130000114440918,5.130000114440918,5.130000114440918,324.0
2024-07-03 10:59:00,LGVN,1.6200000047683716,1.6200000047683716,1.6200000047683716,1.6200000047683716,1.6200000047683716,395.0
2024-07-03 10:59:00,LIVN,52.560001373291016,52.560001373291016,52.58000183105469,52.560001373291016,52.58000183105469,1123.0
2024-07-03 10:59:00,LNTH,79.44000244140625,79.44000244140625,79.45999908447266,79.27999877929688,79.29000091552734,3847.0
2024-07-03 10:59:00,LOGC,5.735000133514404,5.735000133514404,5.735000133514404,5.735000133514404,5.735000133514404,350.0
2024-07-03 10:59:00,LQDA,11.9399995803833,11.9399995803833,11.9399995803833,11.9399995803833,11.9399995803833,786.0
2024-07-03 10:59:00,LRMR,7.619999885559082,7.619999885559082,7.619999885559082,7.614999771118164,7.614999771118164,508.0
2024-07-03 10:59:00,LUCY,0.47380000352859497,0.47380000352859497,0.4749999940395355,0.4724999964237213,0.4749000072479248,7710.0
2024-07-03 10:59:00,LUNG,6.230000019073486,6.230000019073486,6.230000019073486,6.230000019073486,6.230000019073486,328.0
2024-07-03 10:59:00,LXRX,1.600000023841858,1.600000023841858,1.6074999570846558,1.600000023841858,1.600000023841858,17165.0
2024-07-03 10:59:00,LYEL,1.4850000143051147,1.4850000143051147,1.4850000143051147,1.4800000190734863,1.4850000143051147,2612.0
2024-07-03 10:59:00,LYRA,0.2867000102996826,0.2867000102996826,0.28690001368522644,0.28619998693466187,0.28679999709129333,12718.0
2024-07-03 10:59:00,MASI,115.26000213623047,115.26000213623047,115.26000213623047,114.93000030517578,115.0199966430664,5894.0
2024-07-03 10:59:00,MBIO,0.513700008392334,0.513700008392334,0.513700008392334,0.5109999775886536,0.5116999745368958,27132.0
2024-07-03 10:59:00,MCRB,0.7163000106811523,0.7163000106811523,0.7175999879837036,0.7146999835968018,0.7146999835968018,4222.0
2024-07-03 10:59:00,MDGL,270.9800109863281,270.9800109863281,270.9800109863281,270.9800109863281,270.9800109863281,178.0
2024-07-03 10:59:00,MDXG,6.744999885559082,6.744999885559082,6.744999885559082,6.744999885559082,6.744999885559082,360.0
2024-07-03 10:59:00,ME,0.4025999903678894,0.4025999903678894,0.4032999873161316,0.4025000035762787,0.4025999903678894,0.0
2024-07-03 10:59:00,MESO,6.78000020980835,6.78000020980835,6.78000020980835,6.730000019073486,6.760000228881836,1936.0
2024-07-03 10:59:00,MGNX,4.23960018157959,4.23960018157959,4.244999885559082,4.230000019073486,4.239999771118164,3209.0
2024-07-03 10:59:00,MIRM,33.60499954223633,33.60499954223633,33.60499954223633,33.560001373291016,33.599998474121094,1126.0
2024-07-03 10:59:00,MMSI,85.97000122070312,85.97000122070312,85.97000122070312,85.88999938964844,85.88999938964844,1183.0
2024-07-03 10:59:00,MNKD,5.070000171661377,5.070000171661377,5.074999809265137,5.070000171661377,5.074999809265137,704.0
2024-07-03 10:59:00,MNMD,7.255000114440918,7.255000114440918,7.255000114440918,7.255000114440918,7.255000114440918,446.0
2024-07-03 10:59:00,MREO,3.5199999809265137,3.5199999809265137,3.5199999809265137,3.5199999809265137,3.5199999809265137,1466.0
2024-07-03 10:59:00,MRNA,115.8499984741211,115.8499984741211,115.94960021972656,115.80000305175781,115.94960021972656,3168.0
2024-07-03 10:59:00,MRNS,1.2100000381469727,1.2100000381469727,1.2100000381469727,1.2100000381469727,1.2100000381469727,266.0
2024-07-03 10:59:00,MRSN,1.8700000047683716,1.8700000047683716,1.8799999952316284,1.8700000047683716,1.8799999952316284,410.0
2024-07-03 10:59:00,MRUS,52.400001525878906,52.400001525878906,52.5,52.400001525878906,52.5,1066.0
2024-07-03 10:59:00,MRVI,6.755000114440918,6.755000114440918,6.78000020980835,6.755000114440918,6.78000020980835,103643.0
2024-07-03 10:59:00,MYGN,25.290000915527344,25.290000915527344,25.290000915527344,25.290000915527344,25.290000915527344,635.0
2024-07-03 10:59:00,NBIX,137.9550018310547,137.9550018310547,138.03500366210938,137.91000366210938,138.03500366210938,1317.0
2024-07-03 10:59:00,NDRA,0.08540000021457672,0.08540000021457672,0.08540000021457672,0.08529999852180481,0.08529999852180481,13832.0
2024-07-03 10:59:00,NEOG,15.220000267028809,15.220000267028809,15.220000267028809,15.21500015258789,15.220000267028809,485.0
2024-07-03 10:59:00,NKTR,1.2350000143051147,1.2350000143051147,1.2350000143051147,1.2350000143051147,1.2350000143051147,1120.0
2024-07-03 10:59:00,NLSP,0.20389999449253082,0.20389999449253082,0.20389999449253082,0.20389999449253082,0.20389999449253082,353.0
2024-07-03 10:59:00,NRIX,19.709999084472656,19.709999084472656,19.709999084472656,19.690000534057617,19.700000762939453,735.0
2024-07-03 10:59:00,NRSN,1.3249000310897827,1.3249000310897827,1.3249000310897827,1.3109999895095825,1.3109999895095825,4994.0
2024-07-03 10:59:00,NTLA,22.579999923706055,22.579999923706055,22.59000015258789,22.559999465942383,22.59000015258789,2058.0
2024-07-03 10:59:00,NTRA,111.37999725341797,111.37999725341797,111.37999725341797,111.11009979248047,111.30999755859375,2537.0
2024-07-03 10:59:00,NVAX,12.670000076293945,12.670000076293945,12.725000381469727,12.664999961853027,12.70989990234375,15158.0
2024-07-03 10:59:00,NVCR,16.709999084472656,16.709999084472656,16.719999313354492,16.709999084472656,16.719999313354492,511.0
2024-07-03 10:59:00,NVCT,6.309999942779541,6.309999942779541,6.309999942779541,6.25,6.25,310.0
2024-07-03 10:59:00,NXTC,1.559999942779541,1.559999942779541,1.559999942779541,1.559999942779541,1.559999942779541,508.0
2024-07-03 10:59:00,OCGN,1.6261999607086182,1.6261999607086182,1.6261999607086182,1.625,1.625,2163.0
2024-07-03 10:59:00,OLK,25.78499984741211,25.78499984741211,25.78499984741211,25.78499984741211,25.78499984741211,4759.0
2024-07-03 10:59:00,OLMA,10.569999694824219,10.569999694824219,10.579999923706055,10.569999694824219,10.579999923706055,562.0
2024-07-03 10:59:00,OM,3.755000114440918,3.755000114440918,3.759999990463257,3.690000057220459,3.690000057220459,35311.0
2024-07-03 10:59:00,OMCL,26.3799991607666,26.3799991607666,26.40999984741211,26.3799991607666,26.3799991607666,1063.0
2024-07-03 10:59:00,OMER,3.884999990463257,3.884999990463257,3.884999990463257,3.884999990463257,3.884999990463257,201.0
2024-07-03 10:59:00,OMGA,1.9500000476837158,1.9500000476837158,1.9522000551223755,1.9500000476837158,1.9522000551223755,661.0
2024-07-03 10:59:00,ONVO,0.7774999737739563,0.7774999737739563,0.7774999737739563,0.7774999737739563,0.7774999737739563,351.0
2024-07-03 11:00:00,ABCL,2.729300022125244,2.729300022125244,2.7300000190734863,2.7249999046325684,2.7249999046325684,3257.0
2024-07-03 11:00:00,ABEO,4.300000190734863,4.300000190734863,4.309999942779541,4.300000190734863,4.309999942779541,1120.0
2024-07-03 11:00:00,ABOS,2.2950000762939453,2.2950000762939453,2.2950000762939453,2.2799999713897705,2.2799999713897705,767.0
2024-07-03 11:00:00,ABSI,3.2100000381469727,3.2100000381469727,3.2300000190734863,3.2100000381469727,3.2300000190734863,2820.0
2024-07-03 11:00:00,ABUS,3.1549999713897705,3.1549999713897705,3.1549999713897705,3.1549999713897705,3.1549999713897705,818.0
2024-07-03 11:00:00,ACAD,15.630000114440918,15.630000114440918,15.630000114440918,15.625,15.630000114440918,1777.0
2024-07-03 11:00:00,ACB,4.960100173950195,4.960100173950195,4.968100070953369,4.960000038146973,4.965000152587891,5083.0
2024-07-03 11:00:00,ACCD,3.565000057220459,3.565000057220459,3.565000057220459,3.565000057220459,3.565000057220459,1457.0
2024-07-03 11:00:00,ACHC,66.26000213623047,66.26000213623047,66.36000061035156,66.26000213623047,66.28500366210938,3104.0
2024-07-03 11:00:00,ACIU,3.8499999046325684,3.8499999046325684,3.8499999046325684,3.8499999046325684,3.8499999046325684,1260.0
2024-07-03 11:00:00,ACLX,53.939998626708984,53.939998626708984,53.939998626708984,53.68000030517578,53.73500061035156,3239.0
2024-07-03 11:00:00,ACRS,1.1699999570846558,1.1699999570846558,1.1699999570846558,1.1649999618530273,1.1699999570846558,17228.0
2024-07-03 11:00:00,ADMA,11.270000457763672,11.270000457763672,11.279999732971191,11.265000343322754,11.279999732971191,4275.0
2024-07-03 11:00:00,ADPT,3.384999990463257,3.384999990463257,3.384999990463257,3.384999990463257,3.384999990463257,130.0
2024-07-03 11:00:00,ADVM,7.014999866485596,7.014999866485596,7.014999866485596,7.014999866485596,7.014999866485596,286.0
2024-07-03 11:00:00,AFMD,5.059999942779541,5.059999942779541,5.059999942779541,5.050000190734863,5.050000190734863,208.0
2024-07-03 11:00:00,AGEN,14.350000381469727,14.350000381469727,14.359999656677246,14.350000381469727,14.359999656677246,591.0
2024-07-03 11:00:00,AGIO,41.86000061035156,41.86000061035156,41.86000061035156,41.86000061035156,41.86000061035156,224.0
2024-07-03 11:00:00,AKBA,0.949400007724762,0.949400007724762,0.949400007724762,0.9463000297546387,0.9477999806404114,490.0
2024-07-03 11:00:00,AKRO,22.0,22.0,22.0,22.0,22.0,943.0
2024-07-03 11:00:00,ALDX,3.180000066757202,3.180000066757202,3.180000066757202,3.180000066757202,3.180000066757202,120.0
2024-07-03 11:00:00,ALEC,4.440000057220459,4.440000057220459,4.440000057220459,4.440000057220459,4.440000057220459,603.0
2024-07-03 11:00:00,ALGN,238.4600067138672,238.4600067138672,238.4600067138672,238.4600067138672,238.4600067138672,292.0
2024-07-03 11:00:00,ALHC,7.985000133514404,7.985000133514404,7.989999771118164,7.985000133514404,7.989999771118164,1328.0
2024-07-03 11:00:00,ALKS,24.239999771118164,24.239999771118164,24.260000228881836,24.239999771118164,24.260000228881836,4206.0
2024-07-03 11:00:00,ALLK,0.8429999947547913,0.8429999947547913,0.8429999947547913,0.8429999947547913,0.8429999947547913,201.0
2024-07-03 11:00:00,ALLO,2.125,2.125,2.130000114440918,2.125,2.125,7125.0
2024-07-03 11:00:00,ALNY,245.88999938964844,245.88999938964844,246.19000244140625,245.81500244140625,245.81500244140625,1332.0
2024-07-03 11:00:00,ALT,6.625,6.625,6.625,6.620100021362305,6.625,2526.0
2024-07-03 11:00:00,ALVR,0.7350999712944031,0.7350999712944031,0.7350999712944031,0.7350000143051147,0.7350000143051147,2933.0
2024-07-03 11:00:00,ALXO,5.820000171661377,5.820000171661377,5.829999923706055,5.820000171661377,5.829999923706055,495.0
2024-07-03 11:00:00,AMED,96.84500122070312,96.84500122070312,96.93800354003906,96.80999755859375,96.9000015258789,7284.0
2024-07-03 11:00:00,AMGN,307.8599853515625,307.8599853515625,308.2300109863281,307.7799987792969,308.2200012207031,16378.0
2024-07-03 11:00:00,AMLX,1.7450000047683716,1.7450000047683716,1.7549999952316284,1.7450000047683716,1.75,20210.0
2024-07-03 11:00:00,AMPH,38.220001220703125,38.220001220703125,38.310001373291016,38.189998626708984,38.310001373291016,1741.0
2024-07-03 11:00:00,ANAB,25.1200008392334,25.1200008392334,25.25,25.1200008392334,25.25,1240.0
2024-07-03 11:00:00,ANIP,61.439998626708984,61.439998626708984,61.439998626708984,61.439998626708984,61.439998626708984,589.0
2024-07-03 11:00:00,ANNX,4.789999961853027,4.789999961853027,4.789999961853027,4.784999847412109,4.784999847412109,1160.0
2024-07-03 11:00:00,ANTX,2.509999990463257,2.509999990463257,2.509999990463257,2.509999990463257,2.509999990463257,617.0
2024-07-03 11:00:00,APLS,35.435001373291016,35.435001373291016,35.435001373291016,35.435001373291016,35.435001373291016,390.0
2024-07-03 11:00:00,APLT,4.369999885559082,4.369999885559082,4.389999866485596,4.369999885559082,4.389999866485596,1030.0
2024-07-03 11:00:00,APTO,0.7429999709129333,0.7429999709129333,0.7429999709129333,0.7429999709129333,0.7429999709129333,1000.0
2024-07-03 11:00:00,APVO,0.3052999973297119,0.3052999973297119,0.3052999973297119,0.3052999973297119,0.3052999973297119,901.0
2024-07-03 11:00:00,AQST,2.4049999713897705,2.4049999713897705,2.4149999618530273,2.4049999713897705,2.4149999618530273,6374.0
2024-07-03 11:00:00,ARAY,1.7549999952316284,1.7549999952316284,1.7549999952316284,1.7549999952316284,1.7549999952316284,225.0
2024-07-03 11:00:00,ARCT,21.270000457763672,21.270000457763672,21.329999923706055,21.25,21.30500030517578,5257.0
2024-07-03 11:00:00,ARDX,5.195000171661377,5.195000171661377,5.204999923706055,5.190000057220459,5.204999923706055,7810.0
2024-07-03 11:00:00,ARGX,433.3500061035156,433.3500061035156,433.8800048828125,433.3500061035156,433.8800048828125,1779.0
2024-07-03 11:00:00,ARQT,9.470000267028809,9.470000267028809,9.5,9.470000267028809,9.479999542236328,3707.0
2024-07-03 11:00:00,ARVN,24.385000228881836,24.385000228881836,24.40999984741211,24.385000228881836,24.40999984741211,1301.0
2024-07-03 11:00:00,ARWR,25.459999084472656,25.459999084472656,25.479999542236328,25.459999084472656,25.479999542236328,532.0
2024-07-03 11:00:00,ASRT,1.3220000267028809,1.3220000267028809,1.3220000267028809,1.3220000267028809,1.3220000267028809,1587.0
2024-07-03 11:00:00,ATAI,1.2949999570846558,1.2949999570846558,1.2949999570846558,1.2949999570846558,1.2949999570846558,545.0
2024-07-03 11:00:00,ATEC,9.880000114440918,9.880000114440918,9.890000343322754,9.875,9.890000343322754,2159.0
2024-07-03 11:00:00,ATOS,1.149999976158142,1.149999976158142,1.149999976158142,1.149999976158142,1.149999976158142,2807.0
2024-07-03 11:00:00,AUPH,5.454999923706055,5.454999923706055,5.454999923706055,5.449999809265137,5.454999923706055,905.0
2024-07-03 11:00:00,AURA,7.0,7.0,7.0,7.0,7.0,300.0
2024-07-03 11:00:00,AUTL,3.4749999046325684,3.4749999046325684,3.490000009536743,3.4749999046325684,3.4800000190734863,10288.0
2024-07-03 11:00:00,AVDL,14.270000457763672,14.270000457763672,14.270000457763672,14.25,14.25,2701.0
2024-07-03 11:00:00,AVIR,3.311000108718872,3.311000108718872,3.315000057220459,3.309999942779541,3.315000057220459,2628.0
2024-07-03 11:00:00,AVTE,1.6050000190734863,1.6050000190734863,1.6050000190734863,1.5950000286102295,1.600000023841858,19774.0
2024-07-03 11:00:00,AVXL,4.224999904632568,4.224999904632568,4.224999904632568,4.21999979019165,4.224999904632568,539.0
2024-07-03 11:00:00,AWH,0.9900000095367432,0.9900000095367432,1.0,0.9900000095367432,1.0,9250.0
2024-07-03 11:00:00,AXSM,79.81999969482422,79.81999969482422,79.83000183105469,79.76499938964844,79.7750015258789,2000.0
2024-07-03 11:00:00,AZN,76.61000061035156,76.61000061035156,76.69999694824219,76.61000061035156,76.69999694824219,6250.0
2024-07-03 11:00:00,BACK,1.7798999547958374,1.7798999547958374,1.7798999547958374,1.7798999547958374,1.7798999547958374,200.0
2024-07-03 11:00:00,BBIO,25.2450008392334,25.2450008392334,25.2549991607666,25.239999771118164,25.239999771118164,1507.0
2024-07-03 11:00:00,BCAB,1.3450000286102295,1.3450000286102295,1.3450000286102295,1.340000033378601,1.340000033378601,1444.0
2024-07-03 11:00:00,BCLI,0.35100001096725464,0.35100001096725464,0.35100001096725464,0.35100001096725464,0.35100001096725464,200.0
2024-07-03 11:00:00,BCRX,6.534999847412109,6.534999847412109,6.545000076293945,6.534999847412109,6.539999961853027,6895.0
2024-07-03 11:00:00,BCTX,1.0199999809265137,1.0199999809265137,1.0199999809265137,1.0199999809265137,1.0199999809265137,1780.0
2024-07-03 11:00:00,BEAM,23.59000015258789,23.59000015258789,23.670000076293945,23.559999465942383,23.649999618530273,9708.0
2024-07-03 11:00:00,BEAT,2.799999952316284,2.799999952316284,2.799999952316284,2.799999952316284,2.799999952316284,1611.0
2024-07-03 11:00:00,BIIB,223.7613067626953,223.7613067626953,224.0,223.72000122070312,223.9149932861328,4241.0
2024-07-03 11:00:00,BIOR,0.6215999722480774,0.6215999722480774,0.6215999722480774,0.6215999722480774,0.6215999722480774,400.0
2024-07-03 11:00:00,BJDX,0.6255000233650208,0.6255000233650208,0.6316999793052673,0.6255000233650208,0.6302000284194946,14037.0
2024-07-03 11:00:00,BLRX,0.5253999829292297,0.5253999829292297,0.5253999829292297,0.5253999829292297,0.5253999829292297,1748.0
2024-07-03 11:00:00,BLUE,0.9240000247955322,0.9240000247955322,0.9265999794006348,0.920199990272522,0.925000011920929,9182.0
2024-07-03 11:00:00,BMEA,4.375,4.375,4.380000114440918,4.369999885559082,4.380000114440918,1799.0
2024-07-03 11:00:00,BNGO,0.5680999755859375,0.5680999755859375,0.5690000057220459,0.5680999755859375,0.5690000057220459,1049.0
2024-07-03 11:00:00,BNTX,79.80000305175781,79.80000305175781,80.11530303955078,79.80000305175781,80.11530303955078,4991.0
2024-07-03 11:00:00,BPMC,110.5999984741211,110.5999984741211,110.5999984741211,110.51000213623047,110.51000213623047,546.0
2024-07-03 11:00:00,BRKR,61.72999954223633,61.72999954223633,61.72999954223633,61.72999954223633,61.72999954223633,221.0
2024-07-03 11:00:00,BTAI,1.090000033378601,1.090000033378601,1.100000023841858,1.090000033378601,1.100000023841858,1094.0
2024-07-03 11:00:00,BVS,6.019999980926514,6.019999980926514,6.019999980926514,6.019999980926514,6.019999980926514,113.0
2024-07-03 11:00:00,CABA,7.619999885559082,7.619999885559082,7.619999885559082,7.619999885559082,7.619999885559082,1945.0
2024-07-03 11:00:00,CAPR,4.730000019073486,4.730000019073486,4.739999771118164,4.730000019073486,4.739999771118164,747.0
2024-07-03 11:00:00,CARA,0.2849999964237213,0.2849999964237213,0.2849999964237213,0.2849999964237213,0.2849999964237213,1148.0
2024-07-03 11:00:00,CCCC,4.670000076293945,4.670000076293945,4.715000152587891,4.670000076293945,4.715000152587891,5679.0
2024-07-03 11:00:00,CDMO,7.440000057220459,7.440000057220459,7.474999904632568,7.429999828338623,7.474999904632568,2208.0
2024-07-03 11:00:00,CDNA,15.0600004196167,15.0600004196167,15.119999885559082,15.0600004196167,15.119999885559082,2109.0
2024-07-03 11:00:00,CDXS,2.9049999713897705,2.9049999713897705,2.9100000858306885,2.9049999713897705,2.9100000858306885,2082.0
2024-07-03 11:00:00,CERE,41.400001525878906,41.400001525878906,41.43000030517578,41.34000015258789,41.34000015258789,5030.0
2024-07-03 11:00:00,CERS,1.725000023841858,1.725000023841858,1.725000023841858,1.725000023841858,1.725000023841858,110.0
2024-07-03 11:00:00,CGC,6.797800064086914,6.797800064086914,6.797800064086914,6.79010009765625,6.795100212097168,3624.0
2024-07-03 11:00:00,CGEM,16.700000762939453,16.700000762939453,16.7549991607666,16.700000762939453,16.709999084472656,1610.0
2024-07-03 11:00:00,CGEN,1.6549999713897705,1.6549999713897705,1.6549999713897705,1.6549999713897705,1.6549999713897705,431.0
2024-07-03 11:00:00,CGTX,1.7999999523162842,1.7999999523162842,1.7999999523162842,1.7999999523162842,1.7999999523162842,110.0
2024-07-03 11:00:00,CHRS,1.3949999809265137,1.3949999809265137,1.399999976158142,1.3949999809265137,1.399999976158142,2313.0
2024-07-03 11:00:00,CLDX,36.5,36.5,36.529998779296875,36.5,36.5099983215332,652.0
2024-07-03 11:00:00,CLOV,1.2450000047683716,1.2450000047683716,1.2450000047683716,1.2450000047683716,1.2450000047683716,900.0
2024-07-03 11:00:00,CLRB,2.4100000858306885,2.4100000858306885,2.4100000858306885,2.4100000858306885,2.4100000858306885,183.0
2024-07-03 11:00:00,CMRX,0.863099992275238,0.863099992275238,0.863099992275238,0.863099992275238,0.863099992275238,146.0
2024-07-03 11:00:00,CNSP,2.130000114440918,2.130000114440918,2.169300079345703,2.119999885559082,2.169300079345703,41523.0
2024-07-03 11:00:00,CNTA,8.71500015258789,8.71500015258789,8.71500015258789,8.71500015258789,8.71500015258789,325.0
2024-07-03 11:00:00,COGT,8.270000457763672,8.270000457763672,8.289999961853027,8.260000228881836,8.289999961853027,1940.0
2024-07-03 11:00:00,COLL,32.244998931884766,32.244998931884766,32.244998931884766,32.209999084472656,32.209999084472656,1102.0
2024-07-03 11:00:00,CORT,30.69499969482422,30.69499969482422,30.719999313354492,30.674999237060547,30.68000030517578,5512.0
2024-07-03 11:00:00,COSM,0.949999988079071,0.949999988079071,0.949999988079071,0.949999988079071,0.949999988079071,600.0
2024-07-03 11:00:00,CPRX,15.40999984741211,15.40999984741211,15.40999984741211,15.40999984741211,15.40999984741211,364.0
2024-07-03 11:00:00,CRBP,48.810001373291016,48.810001373291016,48.810001373291016,48.810001373291016,48.810001373291016,491.0
2024-07-03 11:00:00,CRBU,1.5806000232696533,1.5806000232696533,1.5850000381469727,1.5800000429153442,1.5800000429153442,4723.0
2024-07-03 11:00:00,CRDF,2.259999990463257,2.259999990463257,2.2657999992370605,2.259999990463257,2.2657999992370605,378.0
2024-07-03 11:00:00,CRDL,1.9299999475479126,1.9299999475479126,1.9299999475479126,1.9299999475479126,1.9299999475479126,104.0
2024-07-03 11:00:00,CRMD,4.150000095367432,4.150000095367432,4.150000095367432,4.150000095367432,4.150000095367432,122.0
2024-07-03 11:00:00,CRNX,44.94499969482422,44.94499969482422,44.94499969482422,44.94499969482422,44.94499969482422,653.0
2024-07-03 11:00:00,CRSP,53.7599983215332,53.7599983215332,53.869998931884766,53.6619987487793,53.869998931884766,1849.0
2024-07-03 11:00:00,CSTL,21.049999237060547,21.049999237060547,21.059999465942383,21.049999237060547,21.059999465942383,456.0
2024-07-03 11:00:00,CTKB,5.690000057220459,5.690000057220459,5.695000171661377,5.679999828338623,5.684999942779541,12815.0
2024-07-03 11:00:00,CTMX,1.3250000476837158,1.3250000476837158,1.3250000476837158,1.3200000524520874,1.3200000524520874,4961.0
2024-07-03 11:00:00,CTXR,0.506600022315979,0.506600022315979,0.506600022315979,0.506600022315979,0.506600022315979,220.0
2024-07-03 11:00:00,CUE,1.0099999904632568,1.0099999904632568,1.0099999904632568,1.0099999904632568,1.0099999904632568,326.0
2024-07-03 11:00:00,CUTR,1.319000005722046,1.319000005722046,1.319000005722046,1.319000005722046,1.319000005722046,2095.0
2024-07-03 11:00:00,CVAC,3.380000114440918,3.380000114440918,3.384999990463257,3.3499999046325684,3.3550000190734863,21023.0
2024-07-03 11:00:00,CVRX,11.635000228881836,11.635000228881836,11.635000228881836,11.635000228881836,11.635000228881836,123.0
2024-07-03 11:00:00,CYTK,54.59000015258789,54.59000015258789,54.66999816894531,54.560001373291016,54.60499954223633,7975.0
2024-07-03 11:00:00,DAWN,13.3100004196167,13.3100004196167,13.319999694824219,13.3100004196167,13.319999694824219,469.0
2024-07-03 11:00:00,DCTH,7.820000171661377,7.820000171661377,7.820000171661377,7.820000171661377,7.820000171661377,351.0
2024-07-03 11:00:00,DMAC,2.884999990463257,2.884999990463257,2.884999990463257,2.884999990463257,2.884999990463257,779.0
2024-07-03 11:00:00,DNLI,21.469999313354492,21.469999313354492,21.469999313354492,21.469999313354492,21.469999313354492,282.0
2024-07-03 11:00:00,DSGN,3.234999895095825,3.234999895095825,3.234999895095825,3.234999895095825,3.234999895095825,123.0
2024-07-03 11:00:00,DVAX,11.0600004196167,11.0600004196167,11.074999809265137,11.0600004196167,11.069999694824219,1547.0
2024-07-03 11:00:00,DXCM,110.12000274658203,110.12000274658203,110.19999694824219,109.80999755859375,109.87000274658203,30284.0
2024-07-03 11:00:00,DYN,34.224998474121094,34.224998474121094,34.224998474121094,34.224998474121094,34.224998474121094,325.0
2024-07-03 11:00:00,EDIT,4.635000228881836,4.635000228881836,4.650000095367432,4.630000114440918,4.649899959564209,31228.0
2024-07-03 11:00:00,EKSO,1.0398999452590942,1.0398999452590942,1.0398999452590942,1.0398999452590942,1.0398999452590942,0.0
2024-07-03 11:00:00,ELEV,2.615000009536743,2.615000009536743,2.630000114440918,2.609999895095825,2.630000114440918,2823.0
2024-07-03 11:00:00,EMBC,12.0600004196167,12.0600004196167,12.0600004196167,12.05840015411377,12.05840015411377,931.0
2024-07-03 11:00:00,ENSG,126.02999877929688,126.02999877929688,126.02999877929688,125.87999725341797,125.87999725341797,1197.0
2024-07-03 11:00:00,ESPR,2.3492000102996826,2.3492000102996826,2.3499999046325684,2.3399999141693115,2.3499999046325684,68283.0
2024-07-03 11:00:00,ETNB,7.559999942779541,7.559999942779541,7.570000171661377,7.559999942779541,7.570000171661377,1504.0
2024-07-03 11:00:00,EVO,5.079999923706055,5.079999923706055,5.079999923706055,5.079999923706055,5.079999923706055,0.0
2024-07-03 11:00:00,EWTX,17.960500717163086,17.960500717163086,18.0,17.960500717163086,17.989999771118164,1237.0
2024-07-03 11:00:00,EXAI,5.450099945068359,5.450099945068359,5.450099945068359,5.450099945068359,5.450099945068359,510.0
2024-07-03 11:00:00,EXAS,43.12860107421875,43.12860107421875,43.130001068115234,43.099998474121094,43.130001068115234,3632.0
2024-07-03 11:00:00,EXEL,21.950000762939453,21.950000762939453,21.959999084472656,21.950000762939453,21.959999084472656,2272.0
2024-07-03 11:00:00,EYEN,0.7878999710083008,0.7878999710083008,0.7878999710083008,0.785099983215332,0.785099983215332,13096.0
2024-07-03 11:00:00,EYPT,8.289999961853027,8.289999961853027,8.289999961853027,8.289999961853027,8.289999961853027,816.0
2024-07-03 11:00:00,FATE,3.2100000381469727,3.2100000381469727,3.2149999141693115,3.2100000381469727,3.2100000381469727,3612.0
2024-07-03 11:00:00,FEMY,1.1240999698638916,1.1240999698638916,1.1240999698638916,1.1240999698638916,1.1240999698638916,1066.0
2024-07-03 11:00:00,FENC,6.030799865722656,6.030799865722656,6.039999961853027,6.030799865722656,6.039999961853027,682.0
2024-07-03 11:00:00,FGEN,0.7160999774932861,0.7160999774932861,0.7189000248908997,0.7160999774932861,0.7160999774932861,3507.0
2024-07-03 11:00:00,FOLD,9.869999885559082,9.869999885559082,9.875,9.859999656677246,9.869999885559082,3921.0
2024-07-03 11:00:00,FULC,6.139999866485596,6.139999866485596,6.139999866485596,6.135000228881836,6.139999866485596,2046.0
2024-07-03 11:00:00,GALT,2.1700000762939453,2.1700000762939453,2.1700000762939453,2.1700000762939453,2.1700000762939453,345.0
2024-07-03 11:00:00,GERN,4.329999923706055,4.329999923706055,4.335000038146973,4.329999923706055,4.335000038146973,26966.0
2024-07-03 11:00:00,GH,28.159900665283203,28.159900665283203,28.159900665283203,28.145000457763672,28.145000457763672,1970.0
2024-07-03 11:00:00,GILD,66.70500183105469,66.70500183105469,66.72000122070312,66.69000244140625,66.69000244140625,10850.0
2024-07-03 11:00:00,GLSI,16.456899642944336,16.456899642944336,16.456899642944336,16.456899642944336,16.456899642944336,313.0
2024-07-03 11:00:00,GMAB,25.229999542236328,25.229999542236328,25.229999542236328,25.229999542236328,25.229999542236328,524.0
2024-07-03 11:00:00,GNPX,1.9700000286102295,1.9700000286102295,1.9700000286102295,1.9700000286102295,1.9700000286102295,533.0
2024-07-03 11:00:00,GOSS,0.9447000026702881,0.9447000026702881,0.9447000026702881,0.9447000026702881,0.9447000026702881,1136.0
2024-07-03 11:00:00,GOVX,3.0299999713897705,3.0299999713897705,3.0299999713897705,3.0299999713897705,3.0299999713897705,2219.0
2024-07-03 11:00:00,GRFS,6.690000057220459,6.690000057220459,6.690000057220459,6.690000057220459,6.690000057220459,1165.0
2024-07-03 11:00:00,GRTS,0.5899999737739563,0.5899999737739563,0.5949000120162964,0.5889000296592712,0.5949000120162964,3053.0
2024-07-03 11:00:00,GTHX,2.509999990463257,2.509999990463257,2.509999990463257,2.509999990463257,2.509999990463257,4112.0
2024-07-03 11:00:00,HALO,51.36000061035156,51.36000061035156,51.474998474121094,51.29999923706055,51.439998626708984,36900.0
2024-07-03 11:00:00,HCAT,6.15500020980835,6.15500020980835,6.15500020980835,6.15500020980835,6.15500020980835,378.0
2024-07-03 11:00:00,HCSG,10.520000457763672,10.520000457763672,10.520000457763672,10.510000228881836,10.510000228881836,1440.0
2024-07-03 11:00:00,HITI,2.119999885559082,2.119999885559082,2.119999885559082,2.119999885559082,2.119999885559082,2308.0
2024-07-03 11:00:00,HLVX,14.130000114440918,14.130000114440918,14.130000114440918,14.130000114440918,14.130000114440918,471.0
2024-07-03 11:00:00,HOLX,73.33499908447266,73.33499908447266,73.36000061035156,73.33000183105469,73.33000183105469,3313.0
2024-07-03 11:00:00,HQY,83.50499725341797,83.50499725341797,83.51499938964844,83.5,83.51499938964844,2032.0
2024-07-03 11:00:00,HRMY,30.114999771118164,30.114999771118164,30.114999771118164,30.114999771118164,30.114999771118164,209.0
2024-07-03 11:00:00,HROW,21.670000076293945,21.670000076293945,21.68160057067871,21.670000076293945,21.68160057067871,310.0
2024-07-03 11:00:00,HRTX,2.7799999713897705,2.7799999713897705,2.7850000858306885,2.7799999713897705,2.7799999713897705,1373.0
2024-07-03 11:00:00,HSIC,65.29000091552734,65.29000091552734,65.33499908447266,65.29000091552734,65.33499908447266,1735.0
2024-07-03 11:00:00,HUMA,5.52400016784668,5.52400016784668,5.534999847412109,5.519999980926514,5.53000020980835,4555.0
2024-07-03 11:00:00,IART,28.930999755859375,28.930999755859375,28.94499969482422,28.930999755859375,28.931400299072266,1325.0
2024-07-03 11:00:00,IBRX,6.230000019073486,6.230000019073486,6.235000133514404,6.230000019073486,6.235000133514404,1155.0
2024-07-03 11:00:00,ICLR,317.7200012207031,317.7200012207031,317.7200012207031,317.7200012207031,317.7200012207031,831.0
2024-07-03 11:00:00,IDXX,474.9700012207031,474.9700012207031,474.9700012207031,474.8999938964844,474.8999938964844,1022.0
2024-07-03 11:00:00,IGMS,6.465000152587891,6.465000152587891,6.465000152587891,6.429999828338623,6.429999828338623,268.0
2024-07-03 11:00:00,IKNA,1.6399999856948853,1.6399999856948853,1.6399999856948853,1.6399999856948853,1.6399999856948853,111.0
2024-07-03 11:00:00,ILMN,104.8550033569336,104.8550033569336,104.88999938964844,104.66000366210938,104.7300033569336,7508.0
2024-07-03 11:00:00,IMAB,1.5449999570846558,1.5449999570846558,1.5449999570846558,1.5299999713897705,1.5449999570846558,1336.0
2024-07-03 11:00:00,IMMX,2.410900115966797,2.410900115966797,2.4200000762939453,2.4000000953674316,2.4000000953674316,5817.0
2024-07-03 11:00:00,IMNM,11.949999809265137,11.949999809265137,11.970000267028809,11.9399995803833,11.949999809265137,3954.0
2024-07-03 11:00:00,IMVT,26.6299991607666,26.6299991607666,26.639999389648438,26.6299991607666,26.639999389648438,987.0
2024-07-03 11:00:00,INBX,13.260000228881836,13.260000228881836,13.260000228881836,13.260000228881836,13.260000228881836,218.0
2024-07-03 11:00:00,INCY,57.65999984741211,57.65999984741211,57.709999084472656,57.65999984741211,57.689998626708984,4337.0
2024-07-03 11:00:00,INMB,7.875,7.875,7.875,7.849999904632568,7.860000133514404,4516.0
2024-07-03 11:00:00,INO,8.34000015258789,8.34000015258789,8.34000015258789,8.34000015258789,8.34000015258789,175.0
2024-07-03 11:00:00,INSM,62.119998931884766,62.119998931884766,62.31999969482422,62.08000183105469,62.2400016784668,18518.0
2024-07-03 11:00:00,INZY,4.480000019073486,4.480000019073486,4.480000019073486,4.480000019073486,4.480000019073486,277.0
2024-07-03 11:00:00,IONS,44.380001068115234,44.380001068115234,44.380001068115234,44.345001220703125,44.349998474121094,3396.0
2024-07-03 11:00:00,IOVA,7.65500020980835,7.65500020980835,7.664999961853027,7.650000095367432,7.659999847412109,24378.0
2024-07-03 11:00:00,IPSC,2.240000009536743,2.240000009536743,2.244999885559082,2.2300000190734863,2.244999885559082,400.0
2024-07-03 11:00:00,ITCI,67.95999908447266,67.95999908447266,67.95999908447266,67.95999908447266,67.95999908447266,360.0
2024-07-03 11:00:00,JAGX,3.430000066757202,3.430000066757202,3.452699899673462,3.430000066757202,3.440000057220459,4016.0
2024-07-03 11:00:00,JANX,37.869998931884766,37.869998931884766,37.869998931884766,37.790000915527344,37.790000915527344,2520.0
2024-07-03 11:00:00,JAZZ,104.12000274658203,104.12000274658203,104.12000274658203,104.12000274658203,104.12000274658203,1080.0
2024-07-03 11:00:00,KALV,11.664999961853027,11.664999961853027,11.664999961853027,11.640000343322754,11.640000343322754,1724.0
2024-07-03 11:00:00,KNSA,18.81999969482422,18.81999969482422,18.81999969482422,18.81999969482422,18.81999969482422,401.0
2024-07-03 11:00:00,KPTI,0.8338000178337097,0.8338000178337097,0.8349999785423279,0.8313999772071838,0.8313999772071838,3003.0
2024-07-03 11:00:00,KRMD,2.305000066757202,2.305000066757202,2.305000066757202,2.305000066757202,2.305000066757202,118.0
2024-07-03 11:00:00,KTRA,0.2840999960899353,0.2840999960899353,0.2840999960899353,0.28369998931884766,0.28369998931884766,2881.0
2024-07-03 11:00:00,KURA,20.360000610351562,20.360000610351562,20.389999389648438,20.360000610351562,20.389999389648438,758.0
2024-07-03 11:00:00,KYMR,30.43000030517578,30.43000030517578,30.440000534057617,30.43000030517578,30.440000534057617,359.0
2024-07-03 11:00:00,KZR,0.5776000022888184,0.5776000022888184,0.578499972820282,0.5776000022888184,0.578499972820282,471.0
2024-07-03 11:00:00,LAB,1.7999999523162842,1.7999999523162842,1.7999999523162842,1.7899999618530273,1.7899999618530273,2087.0
2024-07-03 11:00:00,LBPH,32.959999084472656,32.959999084472656,33.0099983215332,32.86050033569336,33.0099983215332,7742.0
2024-07-03 11:00:00,LEGN,45.68000030517578,45.68000030517578,45.709999084472656,45.63999938964844,45.650001525878906,1223.0
2024-07-03 11:00:00,LFMD,6.724999904632568,6.724999904632568,6.724999904632568,6.71999979019165,6.71999979019165,3440.0
2024-07-03 11:00:00,LFST,5.119999885559082,5.119999885559082,5.130000114440918,5.119999885559082,5.130000114440918,1029.0
2024-07-03 11:00:00,LIVN,52.5,52.5,52.5,52.5,52.5,337.0
2024-07-03 11:00:00,LMAT,81.08999633789062,81.08999633789062,81.08999633789062,81.08999633789062,81.08999633789062,158.0
2024-07-03 11:00:00,LNTH,79.52999877929688,79.52999877929688,79.6050033569336,79.38749694824219,79.44999694824219,4956.0
2024-07-03 11:00:00,LPCN,7.934999942779541,7.934999942779541,7.934999942779541,7.934999942779541,7.934999942779541,171.0
2024-07-03 11:00:00,LQDA,11.904999732971191,11.904999732971191,11.904999732971191,11.900099754333496,11.900099754333496,1249.0
2024-07-03 11:00:00,LUCY,0.47200000286102295,0.47200000286102295,0.4749999940395355,0.47099998593330383,0.4749000072479248,4834.0
2024-07-03 11:00:00,LXRX,1.6050000190734863,1.6050000190734863,1.6098999977111816,1.600000023841858,1.600000023841858,2096.0
2024-07-03 11:00:00,LYRA,0.28679999709129333,0.28679999709129333,0.28679999709129333,0.28679999709129333,0.28679999709129333,515.0
2024-07-03 11:00:00,MASI,115.11599731445312,115.11599731445312,115.11599731445312,115.11599731445312,115.11599731445312,718.0
2024-07-03 11:00:00,MASS,4.755000114440918,4.755000114440918,4.755000114440918,4.75,4.75,343.0
2024-07-03 11:00:00,MBIO,0.513700008392334,0.513700008392334,0.5156000256538391,0.513700008392334,0.5156000256538391,26442.0
2024-07-03 11:00:00,MBOT,1.059999942779541,1.059999942779541,1.059999942779541,1.0499999523162842,1.0500999689102173,50687.0
2024-07-03 11:00:00,MCRB,0.7164000272750854,0.7164000272750854,0.7174000144004822,0.7150999903678894,0.7150999903678894,10911.0
2024-07-03 11:00:00,MDXG,6.739999771118164,6.739999771118164,6.739999771118164,6.739999771118164,6.739999771118164,1835.0
2024-07-03 11:00:00,ME,0.40299999713897705,0.40299999713897705,0.40299999713897705,0.40299999713897705,0.40299999713897705,636.0
2024-07-03 11:00:00,MEDP,405.44000244140625,405.44000244140625,405.44000244140625,405.1300048828125,405.1300048828125,813.0
2024-07-03 11:00:00,MEDS,18.0,18.0,18.0,17.74250030517578,17.74250030517578,2034.0
2024-07-03 11:00:00,MESO,6.788700103759766,6.788700103759766,6.788700103759766,6.788700103759766,6.788700103759766,448.0
2024-07-03 11:00:00,MGNX,4.21999979019165,4.21999979019165,4.224999904632568,4.21999979019165,4.221499919891357,1984.0
2024-07-03 11:00:00,MLTX,40.95000076293945,40.95000076293945,41.099998474121094,40.95000076293945,41.099998474121094,3157.0
2024-07-03 11:00:00,MMSI,85.88500213623047,85.88500213623047,85.88500213623047,85.88500213623047,85.88500213623047,274.0
2024-07-03 11:00:00,MNKD,5.059999942779541,5.059999942779541,5.074999809265137,5.059999942779541,5.070000171661377,2885.0
2024-07-03 11:00:00,MNMD,7.2399001121521,7.2399001121521,7.25,7.2399001121521,7.25,2847.0
2024-07-03 11:00:00,MOR,18.211999893188477,18.211999893188477,18.211999893188477,18.211999893188477,18.211999893188477,546.0
2024-07-03 11:00:00,MORF,31.774999618530273,31.774999618530273,31.799999237060547,31.729999542236328,31.790000915527344,2940.0
2024-07-03 11:00:00,MREO,3.5199999809265137,3.5199999809265137,3.5199999809265137,3.509999990463257,3.509999990463257,2721.0
2024-07-03 11:00:00,MRNA,115.85040283203125,115.85040283203125,115.98999786376953,115.8499984741211,115.86000061035156,6108.0
2024-07-03 11:00:00,MRSN,1.8700000047683716,1.8700000047683716,1.875,1.8700000047683716,1.8700000047683716,1119.0
2024-07-03 11:00:00,MRUS,52.439998626708984,52.439998626708984,52.439998626708984,52.29999923706055,52.369998931884766,2118.0
2024-07-03 11:00:00,MRVI,6.764999866485596,6.764999866485596,6.78000020980835,6.760000228881836,6.760000228881836,313121.0
2024-07-03 11:00:00,MXCT,3.690000057220459,3.690000057220459,3.690000057220459,3.690000057220459,3.690000057220459,317.0
2024-07-03 11:00:00,MYGN,25.239999771118164,25.239999771118164,25.280000686645508,25.239999771118164,25.280000686645508,1890.0
2024-07-03 11:00:00,NARI,49.54499816894531,49.54499816894531,49.54499816894531,49.53499984741211,49.53499984741211,224.0
2024-07-03 11:00:00,NBIX,137.86000061035156,137.86000061035156,137.86000061035156,137.86000061035156,137.86000061035156,415.0
2024-07-03 11:00:00,NDRA,0.08560000360012054,0.08560000360012054,0.08560000360012054,0.08560000360012054,0.08560000360012054,3.0
2024-07-03 11:00:00,NEO,13.604900360107422,13.604900360107422,13.604900360107422,13.604900360107422,13.604900360107422,1512.0
2024-07-03 11:00:00,NEOG,15.229999542236328,15.229999542236328,15.229999542236328,15.210000038146973,15.21500015258789,11819.0
2024-07-03 11:00:00,NKTX,5.375,5.375,5.380000114440918,5.375,5.380000114440918,1052.0
2024-07-03 11:00:00,NRIX,19.635000228881836,19.635000228881836,19.670000076293945,19.600000381469727,19.65999984741211,2038.0
2024-07-03 11:00:00,NTLA,22.559999465942383,22.559999465942383,22.59000015258789,22.559999465942383,22.59000015258789,1050.0
2024-07-03 11:00:00,NTRA,111.58999633789062,111.58999633789062,111.5999984741211,111.43499755859375,111.43499755859375,3127.0
2024-07-03 11:00:00,NVAX,12.670000076293945,12.670000076293945,12.679900169372559,12.630000114440918,12.670000076293945,19217.0
2024-07-03 11:00:00,NVCR,16.704999923706055,16.704999923706055,16.704999923706055,16.704999923706055,16.704999923706055,868.0
2024-07-03 11:00:00,NVCT,6.159999847412109,6.159999847412109,6.25,6.159999847412109,6.25,1874.0
2024-07-03 11:00:00,NVOS,0.7441999912261963,0.7441999912261963,0.7441999912261963,0.7441999912261963,0.7441999912261963,14000.0
2024-07-03 11:00:00,NXGL,2.1080000400543213,2.1080000400543213,2.1080000400543213,2.1080000400543213,2.1080000400543213,1500.0
2024-07-03 11:00:00,OCGN,1.6263999938964844,1.6263999938964844,1.6263999938964844,1.625,1.625,358.0
2024-07-03 11:00:00,OCUL,6.690000057220459,6.690000057220459,6.699999809265137,6.690000057220459,6.695000171661377,1220.0
2024-07-03 11:00:00,OLMA,10.550000190734863,10.550000190734863,10.569999694824219,10.550000190734863,10.5600004196167,955.0
2024-07-03 11:00:00,OM,3.7799999713897705,3.7799999713897705,3.7799999713897705,3.75,3.75,23078.0
2024-07-03 11:00:00,OMCL,26.350000381469727,26.350000381469727,26.395000457763672,26.350000381469727,26.395000457763672,362.0
2024-07-03 11:00:00,OMGA,1.9700000286102295,1.9700000286102295,1.9700000286102295,1.9700000286102295,1.9700000286102295,428.0
2024-07-03 11:01:00,ABCL,2.7298998832702637,2.7298998832702637,2.7298998832702637,2.7298998832702637,2.7298998832702637,706.0
2024-07-03 11:01:00,ABSI,3.2200000286102295,3.2200000286102295,3.2200000286102295,3.2100000381469727,3.2100000381469727,1001.0
2024-07-03 11:01:00,ABUS,3.1549999713897705,3.1549999713897705,3.1600000858306885,3.1549999713897705,3.1600000858306885,874.0
2024-07-03 11:01:00,ABVC,0.7297999858856201,0.7297999858856201,0.7297999858856201,0.7250000238418579,0.7250000238418579,1189.0
2024-07-03 11:01:00,ACAD,15.630000114440918,15.630000114440918,15.630000114440918,15.630000114440918,15.630000114440918,389.0
2024-07-03 11:01:00,ACB,4.940000057220459,4.940000057220459,4.949999809265137,4.940000057220459,4.949999809265137,4382.0
2024-07-03 11:01:00,ACCD,3.5601999759674072,3.5601999759674072,3.575000047683716,3.559999942779541,3.565000057220459,6463.0
2024-07-03 11:01:00,ACET,1.0499999523162842,1.0499999523162842,1.0549999475479126,1.0499999523162842,1.0499999523162842,2704.0
2024-07-03 11:01:00,ACHC,66.37999725341797,66.37999725341797,66.37999725341797,66.37999725341797,66.37999725341797,425.0
2024-07-03 11:01:00,ACHV,4.505000114440918,4.505000114440918,4.505000114440918,4.505000114440918,4.505000114440918,215.0
2024-07-03 11:01:00,ACLX,53.939998626708984,53.939998626708984,53.939998626708984,53.93000030517578,53.93000030517578,333.0
2024-07-03 11:01:00,ACRS,1.1699999570846558,1.1699999570846558,1.1699999570846558,1.1699999570846558,1.1699999570846558,1129.0
2024-07-03 11:01:00,ADAP,1.0149999856948853,1.0149999856948853,1.0199999809265137,1.0149999856948853,1.0199999809265137,11910.0
2024-07-03 11:01:00,ADIL,1.059000015258789,1.059000015258789,1.059999942779541,1.0449999570846558,1.0449999570846558,1910.0
2024-07-03 11:01:00,ADMA,11.255000114440918,11.255000114440918,11.265000343322754,11.2524995803833,11.260000228881836,3085.0
2024-07-03 11:01:00,ADPT,3.380000114440918,3.380000114440918,3.380000114440918,3.380000114440918,3.380000114440918,156.0
2024-07-03 11:01:00,AEMD,0.41600000858306885,0.41600000858306885,0.4180000126361847,0.41600000858306885,0.4180000126361847,1579.0
2024-07-03 11:01:00,AFMD,5.050000190734863,5.050000190734863,5.050000190734863,5.050000190734863,5.050000190734863,727.0
2024-07-03 11:01:00,AGEN,14.40999984741211,14.40999984741211,14.40999984741211,14.390000343322754,14.399999618530273,2703.0
2024-07-03 11:01:00,AGIO,41.720001220703125,41.720001220703125,41.720001220703125,41.720001220703125,41.720001220703125,469.0
2024-07-03 11:01:00,AIMD,0.8090000152587891,0.8090000152587891,0.8090000152587891,0.8090000152587891,0.8090000152587891,61.0
2024-07-03 11:01:00,AKBA,0.949400007724762,0.949400007724762,0.9526000022888184,0.9462000131607056,0.9526000022888184,2913.0
2024-07-03 11:01:00,AKRO,22.014999389648438,22.014999389648438,22.049999237060547,22.014999389648438,22.049999237060547,1208.0
2024-07-03 11:01:00,ALDX,3.180000066757202,3.180000066757202,3.180000066757202,3.180000066757202,3.180000066757202,1303.0
2024-07-03 11:01:00,ALEC,4.449999809265137,4.449999809265137,4.449999809265137,4.440000057220459,4.440000057220459,1798.0
2024-07-03 11:01:00,ALGN,238.74000549316406,238.74000549316406,238.74000549316406,238.51499938964844,238.51499938964844,1371.0
2024-07-03 11:01:00,ALKS,24.2549991607666,24.2549991607666,24.2549991607666,24.239999771118164,24.239999771118164,1228.0
2024-07-03 11:01:00,ALLK,0.8429999947547913,0.8429999947547913,0.8429999947547913,0.8429999947547913,0.8429999947547913,661.0
2024-07-03 11:01:00,ALLO,2.134999990463257,2.134999990463257,2.140000104904175,2.125,2.125,30059.0
2024-07-03 11:01:00,ALNY,246.3800048828125,246.3800048828125,246.3800048828125,246.2100067138672,246.2100067138672,931.0
2024-07-03 11:01:00,ALT,6.630000114440918,6.630000114440918,6.630000114440918,6.619999885559082,6.619999885559082,2956.0
2024-07-03 11:01:00,ALXO,5.829999923706055,5.829999923706055,5.829999923706055,5.820000171661377,5.820000171661377,240.0
2024-07-03 11:01:00,AMED,96.84500122070312,96.84500122070312,96.84500122070312,96.84500122070312,96.84500122070312,236.0
2024-07-03 11:01:00,AMGN,307.2149963378906,307.2149963378906,307.57000732421875,307.10009765625,307.57000732421875,7882.0
2024-07-03 11:01:00,AMLX,1.75,1.75,1.7549999952316284,1.7450000047683716,1.7450000047683716,38590.0
2024-07-03 11:01:00,AMPH,38.21500015258789,38.21500015258789,38.220001220703125,38.150001525878906,38.15999984741211,1411.0
2024-07-03 11:01:00,AMRN,0.7032999992370605,0.7032999992370605,0.7032999992370605,0.7032999992370605,0.7032999992370605,317.0
2024-07-03 11:01:00,ANAB,25.1200008392334,25.1200008392334,25.174999237060547,25.1200008392334,25.174999237060547,1071.0
2024-07-03 11:01:00,ANEB,2.4000000953674316,2.4000000953674316,2.4000000953674316,2.4000000953674316,2.4000000953674316,869.0
2024-07-03 11:01:00,ANGO,5.635000228881836,5.635000228881836,5.635000228881836,5.630000114440918,5.630000114440918,2008.0
2024-07-03 11:01:00,ANIK,26.010000228881836,26.010000228881836,26.010000228881836,26.010000228881836,26.010000228881836,348.0
2024-07-03 11:01:00,ANIP,61.20000076293945,61.20000076293945,61.20000076293945,61.20000076293945,61.20000076293945,346.0
2024-07-03 11:01:00,ANNX,4.789999961853027,4.789999961853027,4.789999961853027,4.784999847412109,4.784999847412109,6056.0
2024-07-03 11:01:00,APLS,35.68000030517578,35.68000030517578,35.7400016784668,35.380001068115234,35.380001068115234,2635.0
2024-07-03 11:01:00,APLT,4.364999771118164,4.364999771118164,4.369999885559082,4.360000133514404,4.369999885559082,1621.0
2024-07-03 11:01:00,AQST,2.4049999713897705,2.4049999713897705,2.4100000858306885,2.4049999713897705,2.4049999713897705,5776.0
2024-07-03 11:01:00,ARCT,21.434999465942383,21.434999465942383,21.434999465942383,21.290000915527344,21.360000610351562,2976.0
2024-07-03 11:01:00,ARDX,5.204999923706055,5.204999923706055,5.204999923706055,5.195000171661377,5.195000171661377,14716.0
2024-07-03 11:01:00,ARQT,9.569999694824219,9.569999694824219,9.574999809265137,9.479999542236328,9.479999542236328,4516.0
2024-07-03 11:01:00,ARVN,24.350000381469727,24.350000381469727,24.3700008392334,24.350000381469727,24.364999771118164,999.0
2024-07-03 11:01:00,ARWR,25.514999389648438,25.514999389648438,25.520000457763672,25.5,25.510000228881836,965.0
2024-07-03 11:01:00,ATEC,9.869999885559082,9.869999885559082,9.889900207519531,9.869999885559082,9.885000228881836,3880.0
2024-07-03 11:01:00,ATRC,22.125,22.125,22.15999984741211,22.125,22.125,347.0
2024-07-03 11:01:00,ATXS,8.979999542236328,8.979999542236328,8.979999542236328,8.970000267028809,8.970000267028809,858.0
2024-07-03 11:01:00,AUPH,5.465000152587891,5.465000152587891,5.465000152587891,5.460000038146973,5.460000038146973,11139.0
2024-07-03 11:01:00,AUTL,3.4600000381469727,3.4600000381469727,3.4749999046325684,3.4600000381469727,3.4700000286102295,4491.0
2024-07-03 11:01:00,AVDL,14.3100004196167,14.3100004196167,14.3100004196167,14.279999732971191,14.279999732971191,1041.0
2024-07-03 11:01:00,AVGR,1.8200000524520874,1.8200000524520874,1.8200000524520874,1.8200000524520874,1.8200000524520874,200.0
2024-07-03 11:01:00,AVTE,1.6100000143051147,1.6100000143051147,1.6100000143051147,1.6100000143051147,1.6100000143051147,3370.0
2024-07-03 11:01:00,AXSM,79.88999938964844,79.88999938964844,79.88999938964844,79.82499694824219,79.8499984741211,1178.0
2024-07-03 11:01:00,AZN,76.66000366210938,76.66000366210938,76.66999816894531,76.62000274658203,76.62000274658203,10809.0
2024-07-03 11:01:00,AZTA,52.47999954223633,52.47999954223633,52.56999969482422,52.47999954223633,52.560001373291016,4918.0
2024-07-03 11:01:00,BBIO,25.270000457763672,25.270000457763672,25.270000457763672,25.270000457763672,25.270000457763672,669.0
2024-07-03 11:01:00,BCAB,1.3450000286102295,1.3450000286102295,1.3450000286102295,1.340000033378601,1.340000033378601,400.0
2024-07-03 11:01:00,BCRX,6.545000076293945,6.545000076293945,6.550000190734863,6.539999961853027,6.539999961853027,4011.0
2024-07-03 11:01:00,BDTX,4.21999979019165,4.21999979019165,4.21999979019165,4.21999979019165,4.21999979019165,282.0
2024-07-03 11:01:00,BEAM,23.65999984741211,23.65999984741211,23.65999984741211,23.600000381469727,23.600000381469727,3413.0
2024-07-03 11:01:00,BEAT,2.799999952316284,2.799999952316284,2.799999952316284,2.799999952316284,2.799999952316284,302.0
2024-07-03 11:01:00,BGNE,146.35000610351562,146.35000610351562,146.3800048828125,146.35000610351562,146.3800048828125,403.0
2024-07-03 11:01:00,BIIB,223.39999389648438,223.39999389648438,223.7449951171875,223.39999389648438,223.7449951171875,3284.0
2024-07-03 11:01:00,BIOR,0.6215999722480774,0.6215999722480774,0.6215999722480774,0.6215999722480774,0.6215999722480774,200.0
2024-07-03 11:01:00,BJDX,0.6256999969482422,0.6256999969482422,0.6256999969482422,0.6256999969482422,0.6256999969482422,1000.0
2024-07-03 11:01:00,BLUE,0.9240000247955322,0.9240000247955322,0.9240000247955322,0.9240000247955322,0.9240000247955322,701.0
2024-07-03 11:01:00,BMEA,4.380000114440918,4.380000114440918,4.380000114440918,4.380000114440918,4.380000114440918,4014.0
2024-07-03 11:01:00,BMRN,81.16000366210938,81.16000366210938,81.16000366210938,81.11000061035156,81.11000061035156,1800.0
2024-07-03 11:01:00,BNGO,0.564300000667572,0.564300000667572,0.5670999884605408,0.564300000667572,0.5670999884605408,12791.0
2024-07-03 11:01:00,BNTX,79.83999633789062,79.83999633789062,79.83999633789062,79.76000213623047,79.76000213623047,839.0
2024-07-03 11:01:00,BPMC,110.77999877929688,110.77999877929688,110.77999877929688,110.5999984741211,110.5999984741211,2783.0
2024-07-03 11:01:00,BVS,6.010000228881836,6.010000228881836,6.010000228881836,6.010000228881836,6.010000228881836,1585.0
2024-07-03 11:01:00,CABA,7.619999885559082,7.619999885559082,7.619999885559082,7.619999885559082,7.619999885559082,2130.0
2024-07-03 11:01:00,CAPR,4.730000019073486,4.730000019073486,4.730000019073486,4.730000019073486,4.730000019073486,1313.0
2024-07-03 11:01:00,CCCC,4.679999828338623,4.679999828338623,4.679999828338623,4.659999847412109,4.659999847412109,1747.0
2024-07-03 11:01:00,CCRN,13.75,13.75,13.75,13.75,13.75,167.0
2024-07-03 11:01:00,CDMO,7.460000038146973,7.460000038146973,7.460000038146973,7.460000038146973,7.460000038146973,827.0
2024-07-03 11:01:00,CERE,41.43000030517578,41.43000030517578,41.43000030517578,41.40999984741211,41.40999984741211,1855.0
2024-07-03 11:01:00,CERS,1.725000023841858,1.725000023841858,1.725000023841858,1.725000023841858,1.725000023841858,1760.0
2024-07-03 11:01:00,CGC,6.755000114440918,6.755000114440918,6.789999961853027,6.75,6.789999961853027,28904.0
2024-07-03 11:01:00,CGEM,16.760000228881836,16.760000228881836,16.760000228881836,16.739999771118164,16.739999771118164,720.0
2024-07-03 11:01:00,CHRS,1.3932000398635864,1.3932000398635864,1.3932000398635864,1.3932000398635864,1.3932000398635864,1505.0
2024-07-03 11:01:00,CING,0.3303000032901764,0.3303000032901764,0.3303000032901764,0.3303000032901764,0.3303000032901764,2006.0
2024-07-03 11:01:00,CKPT,2.23009991645813,2.23009991645813,2.23009991645813,2.2300000190734863,2.2300000190734863,1400.0
2024-07-03 11:01:00,CLDX,36.58000183105469,36.58000183105469,36.58000183105469,36.4900016784668,36.4900016784668,972.0
2024-07-03 11:01:00,CLGN,5.0,5.0,5.0,5.0,5.0,401.0
2024-07-03 11:01:00,CLOV,1.2350000143051147,1.2350000143051147,1.2400000095367432,1.2350000143051147,1.2400000095367432,21379.0
2024-07-03 11:01:00,CLPT,5.400000095367432,5.400000095367432,5.400000095367432,5.400000095367432,5.400000095367432,1073.0
2024-07-03 11:01:00,CMAX,2.200000047683716,2.200000047683716,2.200000047683716,2.200000047683716,2.200000047683716,200.0
2024-07-03 11:01:00,CMPS,6.340000152587891,6.340000152587891,6.360000133514404,6.340000152587891,6.360000133514404,2486.0
2024-07-03 11:01:00,CNSP,2.140000104904175,2.140000104904175,2.159899950027466,2.119999885559082,2.119999885559082,38184.0
2024-07-03 11:01:00,CODX,1.284999966621399,1.284999966621399,1.284999966621399,1.284999966621399,1.284999966621399,619.0
2024-07-03 11:01:00,COGT,8.279999732971191,8.279999732971191,8.279999732971191,8.279999732971191,8.279999732971191,766.0
2024-07-03 11:01:00,COSM,0.949999988079071,0.949999988079071,0.949999988079071,0.949999988079071,0.949999988079071,200.0
2024-07-03 11:01:00,CPRX,15.470000267028809,15.470000267028809,15.470000267028809,15.430000305175781,15.430000305175781,1749.0
2024-07-03 11:01:00,CRBU,1.5850000381469727,1.5850000381469727,1.590000033378601,1.5800000429153442,1.5800000429153442,3627.0
2024-07-03 11:01:00,CRDF,2.265000104904175,2.265000104904175,2.269200086593628,2.265000104904175,2.269200086593628,803.0
2024-07-03 11:01:00,CRMD,4.150000095367432,4.150000095367432,4.150000095367432,4.144999980926514,4.144999980926514,420.0
2024-07-03 11:01:00,CRNX,45.005001068115234,45.005001068115234,45.06999969482422,44.97999954223633,44.97999954223633,1189.0
2024-07-03 11:01:00,CRON,2.3399999141693115,2.3399999141693115,2.3399999141693115,2.3399999141693115,2.3399999141693115,855.0
2024-07-03 11:01:00,CRSP,53.84000015258789,53.84000015258789,53.84000015258789,53.66999816894531,53.66999816894531,940.0
2024-07-03 11:01:00,CSTL,21.0,21.0,21.0,20.989999771118164,21.0,2556.0
2024-07-03 11:01:00,CTKB,5.684999942779541,5.684999942779541,5.684999942779541,5.684999942779541,5.684999942779541,104.0
2024-07-03 11:01:00,CTSO,0.8299000263214111,0.8299000263214111,0.8299999833106995,0.8299000263214111,0.8299999833106995,931.0
2024-07-03 11:01:00,CTXR,0.5033000111579895,0.5033000111579895,0.5033000111579895,0.5033000111579895,0.5033000111579895,6911.0
2024-07-03 11:01:00,CUTR,1.3250000476837158,1.3250000476837158,1.3300000429153442,1.315000057220459,1.315000057220459,16906.0
2024-07-03 11:01:00,CVAC,3.3987998962402344,3.3987998962402344,3.4000000953674316,3.375,3.375,27264.0
2024-07-03 11:01:00,CYTK,54.689998626708984,54.689998626708984,54.689998626708984,54.619998931884766,54.619998931884766,1286.0
2024-07-03 11:01:00,DAWN,13.34000015258789,13.34000015258789,13.34000015258789,13.319999694824219,13.319999694824219,877.0
2024-07-03 11:01:00,DCGO,2.924999952316284,2.924999952316284,2.924999952316284,2.924999952316284,2.924999952316284,241.0
2024-07-03 11:01:00,DNLI,21.5,21.5,21.520000457763672,21.459999084472656,21.459999084472656,3621.0
2024-07-03 11:01:00,DSGN,3.25,3.25,3.25,3.234999895095825,3.25,1106.0
2024-07-03 11:01:00,DVAX,11.074999809265137,11.074999809265137,11.074999809265137,11.0649995803833,11.0649995803833,1544.0
2024-07-03 11:01:00,DXCM,110.2300033569336,110.2300033569336,110.2300033569336,110.11219787597656,110.18000030517578,1604.0
2024-07-03 11:01:00,DYN,34.36000061035156,34.36000061035156,34.369998931884766,34.279998779296875,34.290000915527344,3340.0
2024-07-03 11:01:00,EDIT,4.650000095367432,4.650000095367432,4.650000095367432,4.635000228881836,4.639999866485596,8029.0
2024-07-03 11:01:00,EMBC,12.069999694824219,12.069999694824219,12.069999694824219,12.069999694824219,12.069999694824219,409.0
2024-07-03 11:01:00,ENSG,126.02999877929688,126.02999877929688,126.02999877929688,126.02999877929688,126.02999877929688,331.0
2024-07-03 11:01:00,EOLS,10.875,10.875,10.875,10.875,10.875,120.0
2024-07-03 11:01:00,ERAS,2.255000114440918,2.255000114440918,2.259999990463257,2.240000009536743,2.25,16870.0
2024-07-03 11:01:00,ESPR,2.3399999141693115,2.3399999141693115,2.3498001098632812,2.3399999141693115,2.3498001098632812,7435.0
2024-07-03 11:01:00,ESTA,43.30500030517578,43.30500030517578,43.310001373291016,43.29999923706055,43.29999923706055,2146.0
2024-07-03 11:01:00,ETNB,7.559999942779541,7.559999942779541,7.559999942779541,7.559999942779541,7.559999942779541,1279.0
2024-07-03 11:01:00,EVAX,2.9000000953674316,2.9000000953674316,2.9000000953674316,2.9000000953674316,2.9000000953674316,1000.0
2024-07-03 11:01:00,EVO,5.079999923706055,5.079999923706055,5.079999923706055,5.079999923706055,5.079999923706055,444.0
2024-07-03 11:01:00,EWTX,18.1200008392334,18.1200008392334,18.1299991607666,18.010000228881836,18.010000228881836,3891.0
2024-07-03 11:01:00,EXAS,43.06999969482422,43.06999969482422,43.13999938964844,43.02000045776367,43.119998931884766,7357.0
2024-07-03 11:01:00,EXEL,21.975000381469727,21.975000381469727,21.975000381469727,21.950000762939453,21.950000762939453,3402.0
2024-07-03 11:01:00,EYEN,0.784600019454956,0.784600019454956,0.784600019454956,0.7811999917030334,0.7811999917030334,1669.0
2024-07-03 11:01:00,EYPT,8.319999694824219,8.319999694824219,8.319999694824219,8.300000190734863,8.300000190734863,1196.0
2024-07-03 11:01:00,FATE,3.2149999141693115,3.2149999141693115,3.2149999141693115,3.2149999141693115,3.2149999141693115,1800.0
2024-07-03 11:01:00,FDMT,20.9950008392334,20.9950008392334,21.05500030517578,20.959999084472656,20.979999542236328,8546.0
2024-07-03 11:01:00,FGEN,0.7160999774932861,0.7160999774932861,0.7160999774932861,0.7160999774932861,0.7160999774932861,6498.0
2024-07-03 11:01:00,FOLD,9.875,9.875,9.875,9.875,9.875,39.0
2024-07-03 11:01:00,FULC,6.139999866485596,6.139999866485596,6.139999866485596,6.139999866485596,6.139999866485596,629.0
2024-07-03 11:01:00,GALT,2.1700000762939453,2.1700000762939453,2.1700000762939453,2.1700000762939453,2.1700000762939453,300.0
2024-07-03 11:01:00,GERN,4.34499979019165,4.34499979019165,4.34499979019165,4.324999809265137,4.334799766540527,38027.0
2024-07-03 11:01:00,GH,28.139999389648438,28.139999389648438,28.165000915527344,28.139999389648438,28.165000915527344,742.0
2024-07-03 11:01:00,GILD,66.69000244140625,66.69000244140625,66.70999908447266,66.69000244140625,66.69999694824219,6432.0
2024-07-03 11:01:00,GLSI,16.43000030517578,16.43000030517578,16.530000686645508,16.43000030517578,16.530000686645508,318.0
2024-07-03 11:01:00,GLYC,0.2703999876976013,0.2703999876976013,0.2703999876976013,0.2703999876976013,0.2703999876976013,510.0
2024-07-03 11:01:00,GOSS,0.9380000233650208,0.9380000233650208,0.9380000233650208,0.9380000233650208,0.9380000233650208,1605.0
2024-07-03 11:01:00,GOVX,3.029900074005127,3.029900074005127,3.029900074005127,3.0297999382019043,3.0297999382019043,2439.0
2024-07-03 11:01:00,GRFS,6.689499855041504,6.689499855041504,6.689499855041504,6.679999828338623,6.679999828338623,2168.0
2024-07-03 11:01:00,GRTS,0.5888000130653381,0.5888000130653381,0.5906000137329102,0.5888000130653381,0.5906000137329102,3530.0
2024-07-03 11:01:00,GRTX,0.125,0.125,0.125,0.125,0.125,1290.0
2024-07-03 11:01:00,HALO,51.40999984741211,51.40999984741211,51.470001220703125,51.349998474121094,51.349998474121094,1636.0
2024-07-03 11:01:00,HCAT,6.179999828338623,6.179999828338623,6.179999828338623,6.159999847412109,6.170000076293945,1360.0
2024-07-03 11:01:00,HCSG,10.510000228881836,10.510000228881836,10.515000343322754,10.510000228881836,10.515000343322754,597.0
2024-07-03 11:01:00,HITI,2.125,2.125,2.125,2.125,2.125,0.0
2024-07-03 11:01:00,HOLX,73.3499984741211,73.3499984741211,73.3499984741211,73.32499694824219,73.32499694824219,1338.0
2024-07-03 11:01:00,HOWL,2.119999885559082,2.119999885559082,2.119999885559082,2.119999885559082,2.119999885559082,333.0
2024-07-03 11:01:00,HQY,83.5199966430664,83.5199966430664,83.5199966430664,83.51000213623047,83.51000213623047,642.0
2024-07-03 11:01:00,HRMY,30.040000915527344,30.040000915527344,30.079999923706055,30.040000915527344,30.059999465942383,1972.0
2024-07-03 11:01:00,HROW,21.700000762939453,21.700000762939453,21.700000762939453,21.700000762939453,21.700000762939453,126.0
2024-07-03 11:01:00,HRTX,2.7850000858306885,2.7850000858306885,2.786900043487549,2.7799999713897705,2.786900043487549,1773.0
2024-07-03 11:01:00,HSCS,4.96999979019165,4.96999979019165,4.96999979019165,4.96999979019165,4.96999979019165,208.0
2024-07-03 11:01:00,HSIC,65.2699966430664,65.2699966430664,65.2699966430664,65.26000213623047,65.2699966430664,325.0
2024-07-03 11:01:00,HUGE,0.14650000631809235,0.14650000631809235,0.1467999964952469,0.14650000631809235,0.1467999964952469,12500.0
2024-07-03 11:01:00,HUMA,5.571599960327148,5.571599960327148,5.571599960327148,5.523099899291992,5.525000095367432,9316.0
2024-07-03 11:01:00,IART,28.93000030517578,28.93000030517578,28.93000030517578,28.93000030517578,28.93000030517578,298.0
2024-07-03 11:01:00,IBRX,6.235000133514404,6.235000133514404,6.235000133514404,6.21999979019165,6.224999904632568,4081.0
2024-07-03 11:01:00,ICLR,317.3399963378906,317.3399963378906,317.4599914550781,317.3399963378906,317.4599914550781,294.0
2024-07-03 11:01:00,IDXX,475.5299987792969,475.5299987792969,475.5299987792969,475.5299987792969,475.5299987792969,589.0
2024-07-03 11:01:00,IDYA,33.529998779296875,33.529998779296875,33.529998779296875,33.529998779296875,33.529998779296875,303.0
2024-07-03 11:01:00,IGMS,6.400000095367432,6.400000095367432,6.400000095367432,6.400000095367432,6.400000095367432,240.0
2024-07-03 11:01:00,IKNA,1.6399999856948853,1.6399999856948853,1.6399999856948853,1.6399999856948853,1.6399999856948853,148.0
2024-07-03 11:01:00,ILMN,104.94999694824219,104.94999694824219,105.0,104.87999725341797,104.91000366210938,6124.0
2024-07-03 11:01:00,IMCC,0.47999998927116394,0.47999998927116394,0.47999998927116394,0.47999998927116394,0.47999998927116394,1600.0
2024-07-03 11:01:00,IMCR,35.89500045776367,35.89500045776367,35.89500045776367,35.814998626708984,35.814998626708984,1893.0
2024-07-03 11:01:00,IMMX,2.4100000858306885,2.4100000858306885,2.4200000762939453,2.390000104904175,2.411099910736084,7673.0
2024-07-03 11:01:00,IMNM,11.969499588012695,11.969499588012695,11.969499588012695,11.969499588012695,11.969499588012695,464.0
2024-07-03 11:01:00,IMRN,1.9701000452041626,1.9701000452041626,1.9800000190734863,1.9701000452041626,1.9800000190734863,528.0
2024-07-03 11:01:00,IMTX,11.800000190734863,11.800000190734863,11.8100004196167,11.800000190734863,11.805000305175781,1582.0
2024-07-03 11:01:00,IMVT,26.684999465942383,26.684999465942383,26.684999465942383,26.684999465942383,26.684999465942383,331.0
2024-07-03 11:01:00,INBX,13.270000457763672,13.270000457763672,13.270000457763672,13.270000457763672,13.270000457763672,464.0
2024-07-03 11:01:00,INCY,57.61000061035156,57.61000061035156,57.650001525878906,57.61000061035156,57.650001525878906,3811.0
2024-07-03 11:01:00,INMD,17.597999572753906,17.597999572753906,17.597999572753906,17.597999572753906,17.597999572753906,586.0
2024-07-03 11:01:00,INSM,62.20000076293945,62.20000076293945,62.209999084472656,62.130001068115234,62.157798767089844,4633.0
2024-07-03 11:01:00,INZY,4.480000019073486,4.480000019073486,4.480000019073486,4.480000019073486,4.480000019073486,641.0
2024-07-03 11:01:00,IONM,0.32249999046325684,0.32249999046325684,0.32249999046325684,0.32030001282691956,0.3203999996185303,5193.0
2024-07-03 11:01:00,IONS,44.439998626708984,44.439998626708984,44.439998626708984,44.380001068115234,44.380001068115234,2701.0
2024-07-03 11:01:00,IOVA,7.659999847412109,7.659999847412109,7.659999847412109,7.635000228881836,7.659999847412109,95883.0
2024-07-03 11:01:00,IPSC,2.240000009536743,2.240000009536743,2.240000009536743,2.240000009536743,2.240000009536743,13.0
2024-07-03 11:01:00,IRWD,6.135000228881836,6.135000228881836,6.135000228881836,6.135000228881836,6.135000228881836,193.0
2024-07-03 11:01:00,ISRG,432.8999938964844,432.8999938964844,432.9100036621094,432.8999938964844,432.9100036621094,481.0
2024-07-03 11:01:00,ITCI,67.97000122070312,67.97000122070312,67.9800033569336,67.89749908447266,67.89749908447266,5208.0
2024-07-03 11:01:00,ITOS,14.680000305175781,14.680000305175781,14.680000305175781,14.680000305175781,14.680000305175781,1312.0
2024-07-03 11:01:00,IVVD,1.1150000095367432,1.1150000095367432,1.1150000095367432,1.1150000095367432,1.1150000095367432,637.0
2024-07-03 11:01:00,JANX,37.95500183105469,37.95500183105469,37.95500183105469,37.869998931884766,37.869998931884766,1006.0
2024-07-03 11:01:00,KOD,2.2300000190734863,2.2300000190734863,2.2300000190734863,2.2049999237060547,2.2049999237060547,18234.0
2024-07-03 11:01:00,KRON,1.149999976158142,1.149999976158142,1.149999976158142,1.149999976158142,1.149999976158142,18606.0
2024-07-03 11:01:00,KTRA,0.2842999994754791,0.2842999994754791,0.2847000062465668,0.2833999991416931,0.2833999991416931,2225.0
2024-07-03 11:01:00,KURA,20.40999984741211,20.40999984741211,20.40999984741211,20.399999618530273,20.399999618530273,1882.0
2024-07-03 11:01:00,KYMR,30.360000610351562,30.360000610351562,30.360000610351562,30.360000610351562,30.360000610351562,322.0
2024-07-03 11:01:00,KZR,0.5766000151634216,0.5766000151634216,0.5766000151634216,0.5766000151634216,0.5766000151634216,140.0
2024-07-03 11:01:00,LAB,1.7999999523162842,1.7999999523162842,1.7999999523162842,1.7949999570846558,1.7949999570846558,481.0
2024-07-03 11:01:00,LBPH,32.900001525878906,32.900001525878906,33.02000045776367,32.900001525878906,33.02000045776367,1541.0
2024-07-03 11:01:00,LEGN,45.689998626708984,45.689998626708984,45.689998626708984,45.65999984741211,45.65999984741211,534.0
2024-07-03 11:01:00,LFMD,6.730000019073486,6.730000019073486,6.739999771118164,6.730000019073486,6.730000019073486,1460.0
2024-07-03 11:01:00,LFST,5.130000114440918,5.130000114440918,5.130000114440918,5.125,5.125,2566.0
2024-07-03 11:01:00,LGND,82.7300033569336,82.7300033569336,82.7300033569336,82.5199966430664,82.5199966430664,1715.0
2024-07-03 11:01:00,LGVN,1.6050000190734863,1.6050000190734863,1.6100000143051147,1.600000023841858,1.6100000143051147,10976.0
2024-07-03 11:01:00,LIVN,52.5,52.5,52.5,52.5,52.5,214.0
2024-07-03 11:01:00,LMAT,81.0999984741211,81.0999984741211,81.0999984741211,81.0999984741211,81.0999984741211,315.0
2024-07-03 11:01:00,LNTH,79.55500030517578,79.55500030517578,79.56500244140625,79.55500030517578,79.56500244140625,414.0
2024-07-03 11:01:00,LQDA,11.920000076293945,11.920000076293945,11.920000076293945,11.920000076293945,11.920000076293945,848.0
2024-07-03 11:01:00,LRMR,7.610000133514404,7.610000133514404,7.610000133514404,7.610000133514404,7.610000133514404,202.0
2024-07-03 11:01:00,LUCY,0.47130000591278076,0.47130000591278076,0.4749999940395355,0.47130000591278076,0.4749999940395355,3823.0
2024-07-03 11:01:00,LXRX,1.6050000190734863,1.6050000190734863,1.6050000190734863,1.6050000190734863,1.6050000190734863,1040.0
2024-07-03 11:01:00,LYEL,1.4895000457763672,1.4895000457763672,1.4895000457763672,1.4895000457763672,1.4895000457763672,1698.0
2024-07-03 11:01:00,LYRA,0.28679999709129333,0.28679999709129333,0.2874999940395355,0.28679999709129333,0.28679999709129333,900.0
2024-07-03 11:01:00,MASI,115.0,115.0,115.0,114.91000366210938,114.91000366210938,1077.0
2024-07-03 11:01:00,MBIO,0.5113999843597412,0.5113999843597412,0.5117999911308289,0.5113999843597412,0.5117999911308289,49986.0
2024-07-03 11:01:00,MDGL,271.0,271.0,271.05999755859375,270.6099853515625,270.6099853515625,984.0
2024-07-03 11:01:00,MDWD,14.800000190734863,14.800000190734863,14.800000190734863,14.800000190734863,14.800000190734863,1580.0
2024-07-03 11:01:00,ME,0.4025000035762787,0.4025000035762787,0.4025000035762787,0.4025000035762787,0.4025000035762787,177.0
2024-07-03 11:01:00,MEDP,406.0150146484375,406.0150146484375,406.0150146484375,406.0150146484375,406.0150146484375,479.0
2024-07-03 11:01:00,MESO,6.820000171661377,6.820000171661377,6.820000171661377,6.789999961853027,6.789999961853027,2231.0
2024-07-03 11:01:00,MGNX,4.224999904632568,4.224999904632568,4.230000019073486,4.224999904632568,4.230000019073486,817.0
2024-07-03 11:01:00,MNKD,5.065000057220459,5.065000057220459,5.065000057220459,5.065000057220459,5.065000057220459,215.0
2024-07-03 11:01:00,MNMD,7.239999771118164,7.239999771118164,7.239999771118164,7.23199987411499,7.23199987411499,1773.0
2024-07-03 11:01:00,MORF,31.920000076293945,31.920000076293945,31.920000076293945,31.81999969482422,31.81999969482422,1307.0
2024-07-03 11:01:00,MREO,3.5199999809265137,3.5199999809265137,3.5250000953674316,3.5199999809265137,3.5250000953674316,511.0
2024-07-03 11:01:00,MRNA,116.125,116.125,116.12999725341797,115.90499877929688,115.90499877929688,7456.0
2024-07-03 11:01:00,MRNS,1.205299973487854,1.205299973487854,1.205299973487854,1.205299973487854,1.205299973487854,857.0
2024-07-03 11:01:00,MRSN,1.875,1.875,1.875,1.8700000047683716,1.8700000047683716,433.0
2024-07-03 11:01:00,MRUS,52.529998779296875,52.529998779296875,52.529998779296875,52.43000030517578,52.43000030517578,718.0
2024-07-03 11:01:00,MRVI,6.800000190734863,6.800000190734863,6.800000190734863,6.755000114440918,6.764999866485596,0.0
2024-07-03 11:01:00,MXCT,3.690000057220459,3.690000057220459,3.690000057220459,3.684999942779541,3.690000057220459,654.0
2024-07-03 11:01:00,MYGN,25.2450008392334,25.2450008392334,25.2450008392334,25.239999771118164,25.239999771118164,953.0
2024-07-03 11:01:00,MYNZ,0.36000001430511475,0.36000001430511475,0.36000001430511475,0.36000001430511475,0.36000001430511475,908.0
2024-07-03 11:01:00,NARI,49.54999923706055,49.54999923706055,49.54999923706055,49.54499816894531,49.54499816894531,474.0
2024-07-03 11:01:00,NBIX,137.97000122070312,137.97000122070312,138.0,137.72999572753906,137.72999572753906,1072.0
2024-07-03 11:01:00,NDRA,0.08529999852180481,0.08529999852180481,0.08560000360012054,0.08529999852180481,0.08540000021457672,17557.0
2024-07-03 11:01:00,NEO,13.619999885559082,13.619999885559082,13.619999885559082,13.619999885559082,13.619999885559082,471.0
2024-07-03 11:01:00,NEOG,15.244999885559082,15.244999885559082,15.244999885559082,15.239999771118164,15.239999771118164,1567.0
2024-07-03 11:01:00,NKTR,1.2400000095367432,1.2400000095367432,1.2450000047683716,1.2400000095367432,1.2400000095367432,30233.0
2024-07-03 11:01:00,NKTX,5.350100040435791,5.350100040435791,5.380000114440918,5.350100040435791,5.380000114440918,2176.0
2024-07-03 11:01:00,NRIX,19.670000076293945,19.670000076293945,19.670000076293945,19.635000228881836,19.635000228881836,996.0
2024-07-03 11:01:00,NRSN,1.3300000429153442,1.3300000429153442,1.3300000429153442,1.3300000429153442,1.3300000429153442,395.0
2024-07-03 11:01:00,NSPR,2.4100000858306885,2.4100000858306885,2.4100000858306885,2.4100000858306885,2.4100000858306885,638.0
2024-07-03 11:01:00,NTLA,22.610000610351562,22.610000610351562,22.6200008392334,22.600000381469727,22.600000381469727,1145.0
2024-07-03 11:01:00,NTRA,111.54000091552734,111.54000091552734,111.54000091552734,111.47000122070312,111.5,479.0
2024-07-03 11:01:00,NUTX,5.369999885559082,5.369999885559082,5.40500020980835,5.369999885559082,5.40500020980835,847.0
2024-07-03 11:01:00,NUVL,71.51000213623047,71.51000213623047,71.51000213623047,71.4000015258789,71.4000015258789,1658.0
2024-07-03 11:01:00,NVAX,12.6899995803833,12.6899995803833,12.699999809265137,12.649999618530273,12.680000305175781,12051.0
2024-07-03 11:01:00,NVCR,16.735000610351562,16.735000610351562,16.739999771118164,16.735000610351562,16.739999771118164,771.0
2024-07-03 11:01:00,NVCT,6.21999979019165,6.21999979019165,6.21999979019165,6.159999847412109,6.159999847412109,1063.0
2024-07-03 11:01:00,NVOS,0.741599977016449,0.741599977016449,0.741599977016449,0.741599977016449,0.741599977016449,0.0
2024-07-03 11:01:00,OCGN,1.625,1.625,1.6282999515533447,1.6200000047683716,1.6282999515533447,5285.0
2024-07-03 11:01:00,OCUL,6.699999809265137,6.699999809265137,6.704999923706055,6.699999809265137,6.699999809265137,2288.0
2024-07-03 11:01:00,OFIX,13.350000381469727,13.350000381469727,13.350000381469727,13.350000381469727,13.350000381469727,129.0
2024-07-03 11:01:00,OGI,1.5950000286102295,1.5950000286102295,1.600000023841858,1.5950000286102295,1.600000023841858,10587.0
2024-07-03 11:01:00,OM,3.799999952316284,3.799999952316284,3.799999952316284,3.7750000953674316,3.7750000953674316,3390.0
2024-07-03 11:01:00,OMCL,26.3799991607666,26.3799991607666,26.3799991607666,26.3700008392334,26.3799991607666,913.0
2024-07-03 11:01:00,OMER,3.869999885559082,3.869999885559082,3.869999885559082,3.8499999046325684,3.8499999046325684,1876.0
2024-07-03 11:01:00,OMGA,1.9700000286102295,1.9700000286102295,1.9700000286102295,1.9700000286102295,1.9700000286102295,104.0
2024-07-03 11:01:00,ONCY,1.0022000074386597,1.0022000074386597,1.0022000074386597,1.0022000074386597,1.0022000074386597,492.0
2024-07-03 11:01:00,ONVO,0.7774999737739563,0.7774999737739563,0.7774999737739563,0.7774999737739563,0.7774999737739563,480.0
2024-07-03 11:02:00,ABCL,2.7300000190734863,2.7300000190734863,2.7300000190734863,2.7300000190734863,2.7300000190734863,454.0
2024-07-03 11:02:00,ABOS,2.2899999618530273,2.2899999618530273,2.2899999618530273,2.2899999618530273,2.2899999618530273,457.0
2024-07-03 11:02:00,ABSI,3.2200000286102295,3.2200000286102295,3.2200000286102295,3.2149999141693115,3.2149999141693115,2028.0
2024-07-03 11:02:00,ACAD,15.640000343322754,15.640000343322754,15.640000343322754,15.630000114440918,15.630000114440918,1450.0
2024-07-03 11:02:00,ACB,4.940000057220459,4.940000057220459,4.940000057220459,4.929999828338623,4.940000057220459,4133.0
2024-07-03 11:02:00,ACCD,3.5589001178741455,3.5589001178741455,3.559999942779541,3.555000066757202,3.559999942779541,3939.0
2024-07-03 11:02:00,ACET,1.0499999523162842,1.0499999523162842,1.0549999475479126,1.0499999523162842,1.0549999475479126,517.0
2024-07-03 11:02:00,ACLX,54.02000045776367,54.02000045776367,54.02000045776367,54.02000045776367,54.02000045776367,863.0
2024-07-03 11:02:00,ACRS,1.1699999570846558,1.1699999570846558,1.1699999570846558,1.1699999570846558,1.1699999570846558,1069.0
2024-07-03 11:02:00,ADAP,1.0149999856948853,1.0149999856948853,1.0199999809265137,1.0149999856948853,1.018399953842163,1477.0
2024-07-03 11:02:00,ADIL,1.0399999618530273,1.0399999618530273,1.0399999618530273,1.0399999618530273,1.0399999618530273,1603.0
2024-07-03 11:02:00,ADMA,11.255000114440918,11.255000114440918,11.255000114440918,11.255000114440918,11.255000114440918,1825.0
2024-07-03 11:02:00,ADPT,3.384999990463257,3.384999990463257,3.384999990463257,3.384999990463257,3.384999990463257,155.0
2024-07-03 11:02:00,ADVM,7.019999980926514,7.019999980926514,7.019999980926514,7.019999980926514,7.019999980926514,814.0
2024-07-03 11:02:00,AEMD,0.41589999198913574,0.41589999198913574,0.41589999198913574,0.41589999198913574,0.41589999198913574,5001.0
2024-07-03 11:02:00,AFMD,5.089900016784668,5.089900016784668,5.089900016784668,5.070000171661377,5.070000171661377,2533.0
2024-07-03 11:02:00,AHCO,9.805000305175781,9.805000305175781,9.805000305175781,9.800000190734863,9.800000190734863,644.0
2024-07-03 11:02:00,AIMD,0.8090000152587891,0.8090000152587891,0.8090000152587891,0.8090000152587891,0.8090000152587891,261.0
2024-07-03 11:02:00,AKBA,0.9462000131607056,0.9462000131607056,0.9463000297546387,0.9462000131607056,0.9463000297546387,306.0
2024-07-03 11:02:00,ALDX,3.180000066757202,3.180000066757202,3.180000066757202,3.180000066757202,3.180000066757202,343.0
2024-07-03 11:02:00,ALEC,4.460000038146973,4.460000038146973,4.460000038146973,4.460000038146973,4.460000038146973,694.0
2024-07-03 11:02:00,ALGN,238.7899932861328,238.7899932861328,238.83999633789062,238.77999877929688,238.77999877929688,923.0
2024-07-03 11:02:00,ALGS,0.42500001192092896,0.42500001192092896,0.42500001192092896,0.42500001192092896,0.42500001192092896,500.0
2024-07-03 11:02:00,ALHC,7.989999771118164,7.989999771118164,7.989999771118164,7.989999771118164,7.989999771118164,436.0
2024-07-03 11:02:00,ALKS,24.270000457763672,24.270000457763672,24.270000457763672,24.239999771118164,24.239999771118164,2796.0
2024-07-03 11:02:00,ALLO,2.1500000953674316,2.1500000953674316,2.1549999713897705,2.140000104904175,2.140000104904175,28205.0
2024-07-03 11:02:00,ALNY,246.3800048828125,246.3800048828125,246.3800048828125,246.3800048828125,246.3800048828125,141.0
2024-07-03 11:02:00,ALT,6.630000114440918,6.630000114440918,6.630000114440918,6.622099876403809,6.630000114440918,2186.0
2024-07-03 11:02:00,ALVR,0.7350000143051147,0.7350000143051147,0.7350000143051147,0.7350000143051147,0.7350000143051147,538.0
2024-07-03 11:02:00,ALXO,5.849999904632568,5.849999904632568,5.849999904632568,5.840000152587891,5.840000152587891,2619.0
2024-07-03 11:02:00,AMED,96.87000274658203,96.87000274658203,96.87999725341797,96.87000274658203,96.87999725341797,748.0
2024-07-03 11:02:00,AMGN,307.4200134277344,307.4200134277344,307.4200134277344,307.1300048828125,307.2349853515625,11117.0
2024-07-03 11:02:00,AMPH,38.209999084472656,38.209999084472656,38.25,38.20000076293945,38.20000076293945,363.0
2024-07-03 11:02:00,AMRN,0.7009000182151794,0.7009000182151794,0.7009000182151794,0.7009000182151794,0.7009000182151794,900.0
2024-07-03 11:02:00,ANGO,5.635000228881836,5.635000228881836,5.635000228881836,5.635000228881836,5.635000228881836,0.0
2024-07-03 11:02:00,ANNX,4.795000076293945,4.795000076293945,4.809999942779541,4.789999961853027,4.800000190734863,6444.0
2024-07-03 11:02:00,ANTX,2.5350000858306885,2.5350000858306885,2.5399999618530273,2.5199999809265137,2.5199999809265137,4273.0
2024-07-03 11:02:00,APLS,35.69499969482422,35.69499969482422,35.69499969482422,35.69499969482422,35.69499969482422,183.0
2024-07-03 11:02:00,APLT,4.359000205993652,4.359000205993652,4.375,4.359000205993652,4.369999885559082,4359.0
2024-07-03 11:02:00,APTO,0.7513999938964844,0.7513999938964844,0.7513999938964844,0.7429999709129333,0.7429999709129333,2146.0
2024-07-03 11:02:00,ARDX,5.215000152587891,5.215000152587891,5.215000152587891,5.204999923706055,5.204999923706055,14946.0
2024-07-03 11:02:00,ARQT,9.579999923706055,9.579999923706055,9.579999923706055,9.5600004196167,9.5600004196167,1793.0
2024-07-03 11:02:00,ARVN,24.385000228881836,24.385000228881836,24.415000915527344,24.385000228881836,24.415000915527344,858.0
2024-07-03 11:02:00,ASLN,2.299999952316284,2.299999952316284,2.299999952316284,2.299999952316284,2.299999952316284,758.0
2024-07-03 11:02:00,ASRT,1.3205000162124634,1.3205000162124634,1.3205000162124634,1.3205000162124634,1.3205000162124634,288.0
2024-07-03 11:02:00,ATOS,1.159999966621399,1.159999966621399,1.159999966621399,1.159999966621399,1.159999966621399,832.0
2024-07-03 11:02:00,ATRC,22.135000228881836,22.135000228881836,22.139999389648438,22.1299991607666,22.135000228881836,527.0
2024-07-03 11:02:00,ATRI,452.07000732421875,452.07000732421875,452.07000732421875,452.07000732421875,452.07000732421875,995.0
2024-07-03 11:02:00,ATXS,9.0,9.0,9.0,9.0,9.0,471.0
2024-07-03 11:02:00,AUGX,1.0090999603271484,1.0090999603271484,1.0090999603271484,1.0,1.0,647.0
2024-07-03 11:02:00,AUPH,5.465000152587891,5.465000152587891,5.465000152587891,5.465000152587891,5.465000152587891,384.0
2024-07-03 11:02:00,AUTL,3.4649999141693115,3.4649999141693115,3.4649999141693115,3.4549999237060547,3.4549999237060547,1156.0
2024-07-03 11:02:00,AVDL,14.3100004196167,14.3100004196167,14.3100004196167,14.3100004196167,14.3100004196167,261.0
2024-07-03 11:02:00,AVIR,3.315000057220459,3.315000057220459,3.315000057220459,3.315000057220459,3.315000057220459,200.0
2024-07-03 11:02:00,AVTE,1.6194000244140625,1.6194000244140625,1.6194000244140625,1.6150000095367432,1.6150000095367432,552.0
2024-07-03 11:02:00,AVXL,4.244999885559082,4.244999885559082,4.244999885559082,4.230000019073486,4.230000019073486,2609.0
2024-07-03 11:02:00,AWH,1.0199999809265137,1.0199999809265137,1.0199999809265137,1.0199999809265137,1.0199999809265137,100.0
2024-07-03 11:02:00,AXGN,7.369999885559082,7.369999885559082,7.380000114440918,7.369999885559082,7.380000114440918,3542.0
2024-07-03 11:02:00,AZN,76.63999938964844,76.63999938964844,76.66000366210938,76.58499908447266,76.66000366210938,14712.0
2024-07-03 11:02:00,AZTA,52.470001220703125,52.470001220703125,52.47999954223633,52.470001220703125,52.47999954223633,901.0
2024-07-03 11:02:00,BBIO,25.295000076293945,25.295000076293945,25.299999237060547,25.295000076293945,25.299999237060547,1699.0
2024-07-03 11:02:00,BCAB,1.3450000286102295,1.3450000286102295,1.3450000286102295,1.3450000286102295,1.3450000286102295,520.0
2024-07-03 11:02:00,BCRX,6.550000190734863,6.550000190734863,6.550000190734863,6.550000190734863,6.550000190734863,4426.0
2024-07-03 11:02:00,BDTX,4.224999904632568,4.224999904632568,4.239999771118164,4.224999904632568,4.230000019073486,21554.0
2024-07-03 11:02:00,BEAM,23.719999313354492,23.719999313354492,23.719999313354492,23.68000030517578,23.68000030517578,3970.0
2024-07-03 11:02:00,BEAT,2.800100088119507,2.800100088119507,2.800100088119507,2.799999952316284,2.799999952316284,307.0
2024-07-03 11:02:00,BGNE,147.0399932861328,147.0399932861328,147.0399932861328,147.0399932861328,147.0399932861328,329.0
2024-07-03 11:02:00,BGXX,0.27399998903274536,0.27399998903274536,0.2752000093460083,0.27399998903274536,0.2752000093460083,2153.0
2024-07-03 11:02:00,BIIB,223.0800018310547,223.0800018310547,223.33999633789062,223.0800018310547,223.25999450683594,8908.0
2024-07-03 11:02:00,BIOR,0.6215999722480774,0.6215999722480774,0.6215999722480774,0.6215999722480774,0.6215999722480774,518.0
2024-07-03 11:02:00,BJDX,0.6359999775886536,0.6359999775886536,0.6359999775886536,0.6359999775886536,0.6359999775886536,2190.0
2024-07-03 11:02:00,BLFS,19.729999542236328,19.729999542236328,19.729999542236328,19.729999542236328,19.729999542236328,268.0
2024-07-03 11:02:00,BLUE,0.9240999817848206,0.9240999817848206,0.9247000217437744,0.9240000247955322,0.9240000247955322,25497.0
2024-07-03 11:02:00,BMEA,4.380000114440918,4.380000114440918,4.380000114440918,4.380000114440918,4.380000114440918,117.0
2024-07-03 11:02:00,BMRN,81.25,81.25,81.2699966430664,81.12000274658203,81.16000366210938,22042.0
2024-07-03 11:02:00,BNGO,0.5602999925613403,0.5602999925613403,0.5602999925613403,0.5601999759674072,0.5601999759674072,34170.0
2024-07-03 11:02:00,BNOX,0.670199990272522,0.670199990272522,0.670199990272522,0.670199990272522,0.670199990272522,322.0
2024-07-03 11:02:00,BNTX,79.91999816894531,79.91999816894531,79.91999816894531,79.72000122070312,79.76000213623047,2291.0
2024-07-03 11:02:00,BPMC,110.69499969482422,110.69499969482422,110.69499969482422,110.69499969482422,110.69499969482422,588.0
2024-07-03 11:02:00,BRKR,61.724998474121094,61.724998474121094,61.724998474121094,61.724998474121094,61.724998474121094,374.0
2024-07-03 11:02:00,CARA,0.2849999964237213,0.2849999964237213,0.2897999882698059,0.2849999964237213,0.2897999882698059,313.0
2024-07-03 11:02:00,CCCC,4.699999809265137,4.699999809265137,4.699999809265137,4.684999942779541,4.690000057220459,2661.0
2024-07-03 11:02:00,CCRN,13.734999656677246,13.734999656677246,13.734999656677246,13.734999656677246,13.734999656677246,381.0
2024-07-03 11:02:00,CDMO,7.46999979019165,7.46999979019165,7.5,7.449999809265137,7.480000019073486,4335.0
2024-07-03 11:02:00,CELC,16.219999313354492,16.219999313354492,16.219999313354492,16.219999313354492,16.219999313354492,325.0
2024-07-03 11:02:00,CERE,41.400001525878906,41.400001525878906,41.43000030517578,41.38999938964844,41.43000030517578,21746.0
2024-07-03 11:02:00,CERT,13.850000381469727,13.850000381469727,13.850000381469727,13.829999923706055,13.829999923706055,1866.0
2024-07-03 11:02:00,CGC,6.720699787139893,6.720699787139893,6.751200199127197,6.710100173950195,6.751200199127197,46425.0
2024-07-03 11:02:00,CGEM,16.81999969482422,16.81999969482422,16.81999969482422,16.81999969482422,16.81999969482422,601.0
2024-07-03 11:02:00,CGEN,1.6588000059127808,1.6588000059127808,1.6588000059127808,1.6588000059127808,1.6588000059127808,1271.0
2024-07-03 11:02:00,CLOV,1.2350000143051147,1.2350000143051147,1.2350000143051147,1.2350000143051147,1.2350000143051147,3038.0
2024-07-03 11:02:00,CLPT,5.419099807739258,5.419099807739258,5.419099807739258,5.369999885559082,5.394999980926514,2836.0
2024-07-03 11:02:00,CMAX,2.200000047683716,2.200000047683716,2.200000047683716,2.200000047683716,2.200000047683716,2.0
2024-07-03 11:02:00,CNSP,2.1201000213623047,2.1201000213623047,2.1389999389648438,2.119999885559082,2.1201000213623047,28971.0
2024-07-03 11:02:00,CNTX,1.7799999713897705,1.7799999713897705,1.7799999713897705,1.7799999713897705,1.7799999713897705,202.0
2024-07-03 11:02:00,COGT,8.289999961853027,8.289999961853027,8.289999961853027,8.289999961853027,8.289999961853027,410.0
2024-07-03 11:02:00,CORT,30.709999084472656,30.709999084472656,30.709999084472656,30.690000534057617,30.690000534057617,896.0
2024-07-03 11:02:00,COSM,0.949999988079071,0.949999988079071,0.949999988079071,0.949999988079071,0.949999988079071,2062.0
2024-07-03 11:02:00,CRBP,48.85499954223633,48.85499954223633,48.85499954223633,48.85499954223633,48.85499954223633,442.0
2024-07-03 11:02:00,CRBU,1.590000033378601,1.590000033378601,1.590000033378601,1.5850000381469727,1.5850000381469727,447.0
2024-07-03 11:02:00,CRMD,4.150000095367432,4.150000095367432,4.150000095367432,4.144999980926514,4.144999980926514,309.0
2024-07-03 11:02:00,CRNX,45.0099983215332,45.0099983215332,45.0099983215332,45.0099983215332,45.0099983215332,753.0
2024-07-03 11:02:00,CRON,2.3399999141693115,2.3399999141693115,2.3499999046325684,2.3399999141693115,2.3499999046325684,8373.0
2024-07-03 11:02:00,CRSP,53.88999938964844,53.88999938964844,53.88999938964844,53.779998779296875,53.779998779296875,14540.0
2024-07-03 11:02:00,CTKB,5.690000057220459,5.690000057220459,5.690000057220459,5.684999942779541,5.684999942779541,4729.0
2024-07-03 11:02:00,CTMX,1.3250000476837158,1.3250000476837158,1.3250000476837158,1.3250000476837158,1.3250000476837158,0.0
2024-07-03 11:02:00,CTXR,0.5031999945640564,0.5031999945640564,0.5031999945640564,0.5031999945640564,0.5031999945640564,2374.0
2024-07-03 11:02:00,CUE,1.0099999904632568,1.0099999904632568,1.0099999904632568,1.0099999904632568,1.0099999904632568,666.0
2024-07-03 11:02:00,CUTR,1.3250000476837158,1.3250000476837158,1.3250000476837158,1.3250000476837158,1.3250000476837158,886.0
2024-07-03 11:02:00,CVAC,3.3912999629974365,3.3912999629974365,3.4100000858306885,3.3912999629974365,3.3949999809265137,12765.0
2024-07-03 11:02:00,DAWN,13.350000381469727,13.350000381469727,13.350000381469727,13.350000381469727,13.350000381469727,387.0
2024-07-03 11:02:00,DCTH,7.829999923706055,7.829999923706055,7.835999965667725,7.820000171661377,7.835999965667725,1320.0
2024-07-03 11:02:00,DNLI,21.5,21.5,21.5,21.489999771118164,21.489999771118164,674.0
2024-07-03 11:02:00,DSGN,3.25,3.25,3.25,3.2274999618530273,3.2274999618530273,524.0
2024-07-03 11:02:00,DVAX,11.074999809265137,11.074999809265137,11.074999809265137,11.074999809265137,11.074999809265137,214.0
2024-07-03 11:02:00,DXCM,110.2699966430664,110.2699966430664,110.30000305175781,110.16000366210938,110.17009735107422,4573.0
2024-07-03 11:02:00,DYN,34.38999938964844,34.38999938964844,34.439998626708984,34.38999938964844,34.439998626708984,682.0
2024-07-03 11:02:00,EDIT,4.659999847412109,4.659999847412109,4.659999847412109,4.65500020980835,4.65500020980835,1504.0
2024-07-03 11:02:00,ELEV,2.680000066757202,2.680000066757202,2.680000066757202,2.619999885559082,2.619999885559082,6446.0
2024-07-03 11:02:00,ENSC,0.4749999940395355,0.4749999940395355,0.4749999940395355,0.4749999940395355,0.4749999940395355,325.0
2024-07-03 11:02:00,ENSG,126.04499816894531,126.04499816894531,126.04499816894531,126.04499816894531,126.04499816894531,783.0
2024-07-03 11:02:00,ENTA,13.069999694824219,13.069999694824219,13.069999694824219,13.03499984741211,13.03499984741211,3175.0
2024-07-03 11:02:00,ESPR,2.3450000286102295,2.3450000286102295,2.3450000286102295,2.3450000286102295,2.3450000286102295,5092.0
2024-07-03 11:02:00,EWTX,18.139999389648438,18.139999389648438,18.139999389648438,18.09000015258789,18.09000015258789,1204.0
2024-07-03 11:02:00,EXAI,5.46999979019165,5.46999979019165,5.46999979019165,5.46999979019165,5.46999979019165,930.0
2024-07-03 11:02:00,EXAS,43.040000915527344,43.040000915527344,43.040000915527344,43.0099983215332,43.0099983215332,2629.0
2024-07-03 11:02:00,EXEL,21.985000610351562,21.985000610351562,21.985000610351562,21.979999542236328,21.979999542236328,891.0
2024-07-03 11:02:00,EYPT,8.319999694824219,8.319999694824219,8.319999694824219,8.319999694824219,8.319999694824219,807.0
2024-07-03 11:02:00,FATE,3.2149999141693115,3.2149999141693115,3.2149999141693115,3.2149999141693115,3.2149999141693115,889.0
2024-07-03 11:02:00,FBIO,1.7899999618530273,1.7899999618530273,1.7899999618530273,1.7699999809265137,1.7699999809265137,33186.0
2024-07-03 11:02:00,FDMT,20.969999313354492,20.969999313354492,20.969999313354492,20.969999313354492,20.969999313354492,172.0
2024-07-03 11:02:00,FOLD,9.880000114440918,9.880000114440918,9.880000114440918,9.875,9.875,2427.0
2024-07-03 11:02:00,GALT,2.1700000762939453,2.1700000762939453,2.1700000762939453,2.1700000762939453,2.1700000762939453,102.0
2024-07-03 11:02:00,GBIO,2.357800006866455,2.357800006866455,2.357800006866455,2.357800006866455,2.357800006866455,446.0
2024-07-03 11:02:00,GERN,4.34499979019165,4.34499979019165,4.34499979019165,4.34499979019165,4.34499979019165,1893.0
2024-07-03 11:02:00,GILD,66.79000091552734,66.79000091552734,66.79000091552734,66.68000030517578,66.68000030517578,12970.0
2024-07-03 11:02:00,GLSI,16.280000686645508,16.280000686645508,16.280000686645508,16.280000686645508,16.280000686645508,106.0
2024-07-03 11:02:00,GLYC,0.2711000144481659,0.2711000144481659,0.2711000144481659,0.2703999876976013,0.2703999876976013,3186.0
2024-07-03 11:02:00,GMAB,25.200000762939453,25.200000762939453,25.200000762939453,25.200000762939453,25.200000762939453,458.0
2024-07-03 11:02:00,GOVX,2.990000009536743,2.990000009536743,3.0,2.990000009536743,3.0,2042.0
2024-07-03 11:02:00,GRFS,6.684999942779541,6.684999942779541,6.6890997886657715,6.684999942779541,6.6890997886657715,362.0
2024-07-03 11:02:00,GRTS,0.5893999934196472,0.5893999934196472,0.5893999934196472,0.5893999934196472,0.5893999934196472,707.0
2024-07-03 11:02:00,GTHX,2.5,2.5,2.5,2.5,2.5,377.0
2024-07-03 11:02:00,HALO,51.4900016784668,51.4900016784668,51.4900016784668,51.435001373291016,51.435001373291016,1669.0
2024-07-03 11:02:00,HCM,17.459999084472656,17.459999084472656,17.459999084472656,17.44499969482422,17.44499969482422,2618.0
2024-07-03 11:02:00,HCSG,10.489999771118164,10.489999771118164,10.489999771118164,10.489999771118164,10.489999771118164,1006.0
2024-07-03 11:02:00,HOLX,73.33999633789062,73.33999633789062,73.33999633789062,73.32499694824219,73.33000183105469,2892.0
2024-07-03 11:02:00,HQY,83.5199966430664,83.5199966430664,83.5199966430664,83.5199966430664,83.5199966430664,156.0
2024-07-03 11:02:00,HRMY,30.155000686645508,30.155000686645508,30.155000686645508,30.155000686645508,30.155000686645508,371.0
2024-07-03 11:02:00,HRTX,2.7850000858306885,2.7850000858306885,2.7850000858306885,2.7799999713897705,2.7799999713897705,2485.0
2024-07-03 11:02:00,HSIC,65.30000305175781,65.30000305175781,65.31999969482422,65.2699966430664,65.29000091552734,2192.0
2024-07-03 11:02:00,HUMA,5.570000171661377,5.570000171661377,5.574999809265137,5.570000171661377,5.570000171661377,11227.0
2024-07-03 11:02:00,IART,28.93079948425293,28.93079948425293,28.94499969482422,28.91010093688965,28.91010093688965,2764.0
2024-07-03 11:02:00,IBRX,6.235000133514404,6.235000133514404,6.235000133514404,6.235000133514404,6.235000133514404,485.0
2024-07-03 11:02:00,ICAD,1.215000033378601,1.215000033378601,1.215000033378601,1.215000033378601,1.215000033378601,210.0
2024-07-03 11:02:00,ICLR,317.4549865722656,317.4549865722656,317.4549865722656,317.4549865722656,317.4549865722656,191.0
2024-07-03 11:02:00,IDXX,475.18499755859375,475.18499755859375,475.18499755859375,475.18499755859375,475.18499755859375,2250.0
2024-07-03 11:02:00,IDYA,33.58000183105469,33.58000183105469,33.58000183105469,33.52000045776367,33.53499984741211,2178.0
2024-07-03 11:02:00,IKNA,1.6299999952316284,1.6299999952316284,1.6299999952316284,1.6299999952316284,1.6299999952316284,102.0
2024-07-03 11:02:00,ILMN,105.125,105.125,105.125,104.98999786376953,105.02999877929688,5096.0
2024-07-03 11:02:00,IMCC,0.4699999988079071,0.4699999988079071,0.4699999988079071,0.4699999988079071,0.4699999988079071,0.0
2024-07-03 11:02:00,IMCR,35.939998626708984,35.939998626708984,35.95000076293945,35.84000015258789,35.900001525878906,2727.0
2024-07-03 11:02:00,IMMX,2.380000114440918,2.380000114440918,2.4000000953674316,2.380000114440918,2.4000000953674316,2546.0
2024-07-03 11:02:00,IMNM,12.029999732971191,12.029999732971191,12.029999732971191,11.979999542236328,11.979999542236328,2328.0
2024-07-03 11:02:00,IMRX,1.1399999856948853,1.1399999856948853,1.1799999475479126,1.1399999856948853,1.1699999570846558,14563.0
2024-07-03 11:02:00,IMTX,11.819999694824219,11.819999694824219,11.819999694824219,11.819999694824219,11.819999694824219,838.0
2024-07-03 11:02:00,IMVT,26.684999465942383,26.684999465942383,26.684999465942383,26.684999465942383,26.684999465942383,219.0
2024-07-03 11:02:00,INCY,57.685001373291016,57.685001373291016,57.70000076293945,57.59000015258789,57.590999603271484,11560.0
2024-07-03 11:02:00,INGN,7.909999847412109,7.909999847412109,7.909999847412109,7.906000137329102,7.906000137329102,675.0
2024-07-03 11:02:00,INMD,17.579999923706055,17.579999923706055,17.610000610351562,17.579999923706055,17.600000381469727,3248.0
2024-07-03 11:02:00,INNV,5.320000171661377,5.320000171661377,5.329999923706055,5.300000190734863,5.329999923706055,5966.0
2024-07-03 11:02:00,INO,8.319999694824219,8.319999694824219,8.34000015258789,8.319999694824219,8.34000015258789,431.0
2024-07-03 11:02:00,INSM,62.28499984741211,62.28499984741211,62.39500045776367,62.16999816894531,62.16999816894531,19452.0
2024-07-03 11:02:00,INVO,0.7601000070571899,0.7601000070571899,0.7601000070571899,0.7601000070571899,0.7601000070571899,337.0
2024-07-03 11:02:00,IONS,44.439998626708984,44.439998626708984,44.439998626708984,44.439998626708984,44.439998626708984,674.0
2024-07-03 11:02:00,IOVA,7.65500020980835,7.65500020980835,7.659999847412109,7.65500020980835,7.65500020980835,7190.0
2024-07-03 11:02:00,IPSC,2.2249999046325684,2.2249999046325684,2.234999895095825,2.2249999046325684,2.234999895095825,1728.0
2024-07-03 11:02:00,IRWD,6.135000228881836,6.135000228881836,6.135000228881836,6.135000228881836,6.135000228881836,873.0
2024-07-03 11:02:00,ISPC,0.2761000096797943,0.2761000096797943,0.2761000096797943,0.2761000096797943,0.2761000096797943,3900.0
2024-07-03 11:02:00,ISRG,433.3399963378906,433.3399963378906,433.3399963378906,433.1199951171875,433.1199951171875,1180.0
2024-07-03 11:02:00,JAGX,3.4300999641418457,3.4300999641418457,3.450000047683716,3.4300999641418457,3.4498000144958496,3752.0
2024-07-03 11:02:00,JANX,38.0099983215332,38.0099983215332,38.0099983215332,37.95500183105469,37.99409866333008,1498.0
2024-07-03 11:02:00,JAZZ,104.37999725341797,104.37999725341797,104.37999725341797,104.3499984741211,104.3499984741211,1459.0
2024-07-03 11:02:00,KIDS,29.690000534057617,29.690000534057617,29.690000534057617,29.690000534057617,29.690000534057617,481.0
2024-07-03 11:02:00,KMDA,5.179999828338623,5.179999828338623,5.179999828338623,5.179999828338623,5.179999828338623,200.0
2024-07-03 11:02:00,KOD,2.2300000190734863,2.2300000190734863,2.2302000522613525,2.2300000190734863,2.2302000522613525,3046.0
2024-07-03 11:02:00,KPTI,0.8349999785423279,0.8349999785423279,0.8370000123977661,0.833899974822998,0.8360999822616577,16189.0
2024-07-03 11:02:00,KRMD,2.325000047683716,2.325000047683716,2.3299999237060547,2.305000066757202,2.305000066757202,2976.0
2024-07-03 11:02:00,KRON,1.1399999856948853,1.1399999856948853,1.1399999856948853,1.1399999856948853,1.1399999856948853,1004.0
2024-07-03 11:02:00,KRYS,177.5749969482422,177.5749969482422,177.5749969482422,177.5384979248047,177.5384979248047,294.0
2024-07-03 11:02:00,KTRA,0.2840000092983246,0.2840000092983246,0.2840000092983246,0.2831999957561493,0.2838999927043915,2535.0
2024-07-03 11:02:00,KURA,20.43000030517578,20.43000030517578,20.43000030517578,20.43000030517578,20.43000030517578,654.0
2024-07-03 11:02:00,KZR,0.5766000151634216,0.5766000151634216,0.5766000151634216,0.5766000151634216,0.5766000151634216,200.0
2024-07-03 11:02:00,LAB,1.7999999523162842,1.7999999523162842,1.7999999523162842,1.7949999570846558,1.7999999523162842,1428.0
2024-07-03 11:02:00,LBPH,32.744998931884766,32.744998931884766,33.040000915527344,32.63999938964844,33.040000915527344,4042.0
2024-07-03 11:02:00,LEGN,45.709999084472656,45.709999084472656,45.709999084472656,45.709999084472656,45.709999084472656,828.0
2024-07-03 11:02:00,LEXX,2.5999999046325684,2.5999999046325684,2.5999999046325684,2.5999999046325684,2.5999999046325684,228.0
2024-07-03 11:02:00,LFST,5.119999885559082,5.119999885559082,5.130000114440918,5.119999885559082,5.130000114440918,1329.0
2024-07-03 11:02:00,LGVN,1.6100000143051147,1.6100000143051147,1.6100000143051147,1.6100000143051147,1.6100000143051147,0.0
2024-07-03 11:02:00,LIVN,52.5,52.5,52.540000915527344,52.5,52.5099983215332,487.0
2024-07-03 11:02:00,LNTH,79.59500122070312,79.59500122070312,79.59500122070312,79.43000030517578,79.55500030517578,2087.0
2024-07-03 11:02:00,LOGC,5.695000171661377,5.695000171661377,5.704999923706055,5.695000171661377,5.704999923706055,1544.0
2024-07-03 11:02:00,LUCY,0.4729999899864197,0.4729999899864197,0.4740000069141388,0.4729999899864197,0.4740000069141388,736.0
2024-07-03 11:02:00,LYRA,0.287200003862381,0.287200003862381,0.2874999940395355,0.28679999709129333,0.28679999709129333,1002.0
2024-07-03 11:02:00,MASI,115.0199966430664,115.0199966430664,115.0199966430664,115.0199966430664,115.0199966430664,574.0
2024-07-03 11:02:00,MBIO,0.5115000009536743,0.5115000009536743,0.5117999911308289,0.5115000009536743,0.5116999745368958,581.0
2024-07-03 11:02:00,MCRB,0.7257999777793884,0.7257999777793884,0.7264000177383423,0.7156000137329102,0.7156000137329102,30964.0
2024-07-03 11:02:00,MDXG,6.744999885559082,6.744999885559082,6.744999885559082,6.744999885559082,6.744999885559082,548.0
2024-07-03 11:02:00,MGNX,4.224999904632568,4.224999904632568,4.230000019073486,4.224999904632568,4.224999904632568,287.0
2024-07-03 11:02:00,MIRM,33.60749816894531,33.60749816894531,33.68000030517578,33.60749816894531,33.68000030517578,228.0
2024-07-03 11:02:00,MMSI,85.88999938964844,85.88999938964844,85.88999938964844,85.88999938964844,85.88999938964844,359.0
2024-07-03 11:02:00,MNKD,5.074999809265137,5.074999809265137,5.074999809265137,5.070000171661377,5.070000171661377,3567.0
2024-07-03 11:02:00,MOR,18.20199966430664,18.20199966430664,18.20199966430664,18.20199966430664,18.20199966430664,401.0
2024-07-03 11:02:00,MREO,3.5299999713897705,3.5299999713897705,3.5299999713897705,3.5299999713897705,3.5299999713897705,244.0
2024-07-03 11:02:00,MRNA,116.0199966430664,116.0199966430664,116.0199966430664,115.91000366210938,116.01260375976562,3396.0
2024-07-03 11:02:00,MRSN,1.875,1.875,1.8799999952316284,1.875,1.8799999952316284,314.0
2024-07-03 11:02:00,MRUS,52.599998474121094,52.599998474121094,52.599998474121094,52.54499816894531,52.54499816894531,835.0
2024-07-03 11:02:00,MRVI,6.809999942779541,6.809999942779541,6.809999942779541,6.809999942779541,6.809999942779541,785.0
2024-07-03 11:02:00,MXCT,3.684999942779541,3.684999942779541,3.684999942779541,3.684999942779541,3.684999942779541,394.0
2024-07-03 11:02:00,MYGN,25.174999237060547,25.174999237060547,25.2450008392334,25.170000076293945,25.2450008392334,2521.0
2024-07-03 11:02:00,NBIX,137.88999938964844,137.88999938964844,137.88999938964844,137.88999938964844,137.88999938964844,346.0
2024-07-03 11:02:00,NDRA,0.08560000360012054,0.08560000360012054,0.08560000360012054,0.0851999968290329,0.0851999968290329,1501.0
2024-07-03 11:02:00,NEOG,15.25,15.25,15.25,15.244999885559082,15.244999885559082,1522.0
2024-07-03 11:02:00,NKTR,1.2450000047683716,1.2450000047683716,1.2450000047683716,1.2400000095367432,1.2400000095367432,1957.0
2024-07-03 11:02:00,NLSP,0.20110000669956207,0.20110000669956207,0.20110000669956207,0.20110000669956207,0.20110000669956207,21850.0
2024-07-03 11:02:00,NNOX,7.03000020980835,7.03000020980835,7.03000020980835,7.03000020980835,7.03000020980835,831.0
2024-07-03 11:02:00,NPCE,7.380000114440918,7.380000114440918,7.380000114440918,7.380000114440918,7.380000114440918,406.0
2024-07-03 11:02:00,NRC,22.860000610351562,22.860000610351562,22.889999389648438,22.860000610351562,22.889999389648438,1229.0
2024-07-03 11:02:00,NTLA,22.604999542236328,22.604999542236328,22.629899978637695,22.600000381469727,22.629899978637695,3326.0
2024-07-03 11:02:00,NTRA,111.62999725341797,111.62999725341797,111.6500015258789,111.49500274658203,111.55999755859375,2827.0
2024-07-03 11:02:00,NUVL,71.70999908447266,71.70999908447266,71.70999908447266,71.61499786376953,71.61499786376953,565.0
2024-07-03 11:02:00,NVAX,12.649999618530273,12.649999618530273,12.710000038146973,12.649999618530273,12.710000038146973,12256.0
2024-07-03 11:02:00,NVCR,16.75,16.75,16.75,16.729999542236328,16.729999542236328,1578.0
2024-07-03 11:02:00,NVCT,6.190000057220459,6.190000057220459,6.190000057220459,6.190000057220459,6.190000057220459,200.0
2024-07-03 11:02:00,NVNO,5.125,5.125,5.125,5.125,5.125,826.0
2024-07-03 11:02:00,NVOS,0.7443000078201294,0.7443000078201294,0.7443000078201294,0.7443000078201294,0.7443000078201294,0.0
2024-07-03 11:02:00,NXTC,1.590000033378601,1.590000033378601,1.590000033378601,1.5211999416351318,1.5211999416351318,1411.0
2024-07-03 11:02:00,OCGN,1.6200000047683716,1.6200000047683716,1.6200000047683716,1.6200000047683716,1.6200000047683716,1222.0
2024-07-03 11:02:00,OCUL,6.704999923706055,6.704999923706055,6.704999923706055,6.704999923706055,6.704999923706055,414.0
2024-07-03 11:02:00,OGI,1.5901000499725342,1.5901000499725342,1.5950000286102295,1.5901000499725342,1.5950000286102295,1001.0
2024-07-03 11:03:00,ABCL,2.7219998836517334,2.7219998836517334,2.7300000190734863,2.7219998836517334,2.7300000190734863,2739.0
2024-07-03 11:03:00,ABSI,3.2200000286102295,3.2200000286102295,3.2300000190734863,3.2200000286102295,3.2200000286102295,1459.0
2024-07-03 11:03:00,ABUS,3.1549999713897705,3.1549999713897705,3.1549999713897705,3.1549999713897705,3.1549999713897705,214.0
2024-07-03 11:03:00,ABVC,0.7297999858856201,0.7297999858856201,0.7297999858856201,0.7297999858856201,0.7297999858856201,450.0
2024-07-03 11:03:00,ACAD,15.630000114440918,15.630000114440918,15.630000114440918,15.619999885559082,15.630000114440918,2537.0
2024-07-03 11:03:00,ACB,4.945000171661377,4.945000171661377,4.949999809265137,4.945000171661377,4.949999809265137,2301.0
2024-07-03 11:03:00,ACCD,3.555000066757202,3.555000066757202,3.559999942779541,3.555000066757202,3.555000066757202,1063.0
2024-07-03 11:03:00,ACET,1.0499999523162842,1.0499999523162842,1.0549999475479126,1.0499999523162842,1.0500999689102173,8682.0
2024-07-03 11:03:00,ACRS,1.1699999570846558,1.1699999570846558,1.1699999570846558,1.1699999570846558,1.1699999570846558,495.0
2024-07-03 11:03:00,ADAP,1.024999976158142,1.024999976158142,1.0299999713897705,1.0199999809265137,1.0199999809265137,6890.0
2024-07-03 11:03:00,ADMA,11.255000114440918,11.255000114440918,11.260000228881836,11.250200271606445,11.251500129699707,7121.0
2024-07-03 11:03:00,ADPT,3.380000114440918,3.380000114440918,3.384999990463257,3.375,3.380000114440918,4422.0
2024-07-03 11:03:00,ADUS,116.55999755859375,116.55999755859375,116.55999755859375,116.54000091552734,116.54000091552734,213.0
2024-07-03 11:03:00,AEMD,0.41620001196861267,0.41620001196861267,0.41620001196861267,0.41620001196861267,0.41620001196861267,1005.0
2024-07-03 11:03:00,AFMD,5.079999923706055,5.079999923706055,5.079999923706055,5.079999923706055,5.079999923706055,623.0
2024-07-03 11:03:00,AGEN,14.329999923706055,14.329999923706055,14.40999984741211,14.329999923706055,14.40999984741211,682.0
2024-07-03 11:03:00,AGIO,41.86000061035156,41.86000061035156,41.86000061035156,41.86000061035156,41.86000061035156,441.0
2024-07-03 11:03:00,AHCO,9.819999694824219,9.819999694824219,9.819999694824219,9.8149995803833,9.8149995803833,2190.0
2024-07-03 11:03:00,AIMD,0.8192999958992004,0.8192999958992004,0.8192999958992004,0.8141999840736389,0.8191999793052673,6295.0
2024-07-03 11:03:00,AIRS,4.0,4.0,4.0,4.0,4.0,866.0
2024-07-03 11:03:00,AKAN,2.25,2.25,2.25,2.25,2.25,2401.0
2024-07-03 11:03:00,AKBA,0.9491000175476074,0.9491000175476074,0.9491999745368958,0.9462000131607056,0.9491999745368958,901.0
2024-07-03 11:03:00,AKRO,22.059999465942383,22.059999465942383,22.059999465942383,22.059999465942383,22.059999465942383,729.0
2024-07-03 11:03:00,AKYA,2.130000114440918,2.130000114440918,2.130000114440918,2.130000114440918,2.130000114440918,292.0
2024-07-03 11:03:00,ALEC,4.46999979019165,4.46999979019165,4.46999979019165,4.46999979019165,4.46999979019165,200.0
2024-07-03 11:03:00,ALGN,238.80999755859375,238.80999755859375,238.875,238.80999755859375,238.85000610351562,1124.0
2024-07-03 11:03:00,ALHC,7.954999923706055,7.954999923706055,7.989999771118164,7.954999923706055,7.989999771118164,3178.0
2024-07-03 11:03:00,ALIM,5.521999835968018,5.521999835968018,5.525000095367432,5.521999835968018,5.525000095367432,1920.0
2024-07-03 11:03:00,ALKS,24.270000457763672,24.270000457763672,24.274999618530273,24.270000457763672,24.274999618530273,468.0
2024-07-03 11:03:00,ALLK,0.8443999886512756,0.8443999886512756,0.8445000052452087,0.8429999947547913,0.8429999947547913,1104.0
2024-07-03 11:03:00,ALLO,2.1449999809265137,2.1449999809265137,2.1449999809265137,2.1449999809265137,2.1449999809265137,3266.0
2024-07-03 11:03:00,ALLR,0.2037000060081482,0.2037000060081482,0.20489999651908875,0.2037000060081482,0.20489999651908875,1000.0
2024-07-03 11:03:00,ALNY,246.05999755859375,246.05999755859375,246.3800048828125,246.05999755859375,246.05999755859375,692.0
2024-07-03 11:03:00,ALT,6.6132001876831055,6.6132001876831055,6.635000228881836,6.610000133514404,6.635000228881836,4715.0
2024-07-03 11:03:00,ALXO,5.849999904632568,5.849999904632568,5.849999904632568,5.849999904632568,5.849999904632568,912.0
2024-07-03 11:03:00,AMED,96.93000030517578,96.93000030517578,96.93000030517578,96.91999816894531,96.91999816894531,447.0
2024-07-03 11:03:00,AMGN,306.54998779296875,306.54998779296875,307.3999938964844,306.54998779296875,307.3349914550781,13205.0
2024-07-03 11:03:00,AMLX,1.7549999952316284,1.7549999952316284,1.7594000101089478,1.7549999952316284,1.7594000101089478,429.0
2024-07-03 11:03:00,AMPH,38.209999084472656,38.209999084472656,38.220001220703125,38.209999084472656,38.220001220703125,1183.0
2024-07-03 11:03:00,AMRN,0.701200008392334,0.701200008392334,0.701200008392334,0.7008000016212463,0.7008000016212463,600.0
2024-07-03 11:03:00,ANGO,5.614999771118164,5.614999771118164,5.630000114440918,5.614999771118164,5.630000114440918,2648.0
2024-07-03 11:03:00,ANNX,4.798799991607666,4.798799991607666,4.798799991607666,4.795000076293945,4.795000076293945,734.0
2024-07-03 11:03:00,ANTX,2.5792999267578125,2.5792999267578125,2.5799999237060547,2.549999952316284,2.549999952316284,10894.0
2024-07-03 11:03:00,APLS,35.7599983215332,35.7599983215332,35.7599983215332,35.63999938964844,35.65999984741211,5023.0
2024-07-03 11:03:00,APLT,4.349999904632568,4.349999904632568,4.349999904632568,4.349999904632568,4.349999904632568,569.0
2024-07-03 11:03:00,ARDX,5.204999923706055,5.204999923706055,5.210000038146973,5.204999923706055,5.210000038146973,8504.0
2024-07-03 11:03:00,ARQT,9.635000228881836,9.635000228881836,9.635000228881836,9.59000015258789,9.59000015258789,4419.0
2024-07-03 11:03:00,ARWR,25.510000228881836,25.510000228881836,25.510000228881836,25.5,25.510000228881836,757.0
2024-07-03 11:03:00,ASMB,12.180000305175781,12.180000305175781,12.199999809265137,12.180000305175781,12.199999809265137,305.0
2024-07-03 11:03:00,ASND,135.69000244140625,135.69000244140625,135.69000244140625,135.69000244140625,135.69000244140625,131.0
2024-07-03 11:03:00,ASRT,1.3289999961853027,1.3289999961853027,1.3300000429153442,1.3205000162124634,1.3205000162124634,7814.0
2024-07-03 11:03:00,ATEC,9.890000343322754,9.890000343322754,9.890000343322754,9.875,9.875,2321.0
2024-07-03 11:03:00,ATRC,22.15999984741211,22.15999984741211,22.15999984741211,22.139999389648438,22.139999389648438,389.0
2024-07-03 11:03:00,AUGX,1.0,1.0,1.0,1.0,1.0,108.0
2024-07-03 11:03:00,AUPH,5.473999977111816,5.473999977111816,5.474999904632568,5.46999979019165,5.46999979019165,12322.0
2024-07-03 11:03:00,AVAH,2.619999885559082,2.619999885559082,2.619999885559082,2.619999885559082,2.619999885559082,497.0
2024-07-03 11:03:00,AVDL,14.289999961853027,14.289999961853027,14.289999961853027,14.289999961853027,14.289999961853027,705.0
2024-07-03 11:03:00,AVIR,3.315000057220459,3.315000057220459,3.315000057220459,3.315000057220459,3.315000057220459,328.0
2024-07-03 11:03:00,AVTE,1.6100000143051147,1.6100000143051147,1.6100000143051147,1.6100000143051147,1.6100000143051147,2153.0
2024-07-03 11:03:00,AVXL,4.255000114440918,4.255000114440918,4.255000114440918,4.244999885559082,4.244999885559082,2106.0
2024-07-03 11:03:00,AXSM,79.93000030517578,79.93000030517578,79.93000030517578,79.93000030517578,79.93000030517578,253.0
2024-07-03 11:03:00,AZN,76.62999725341797,76.62999725341797,76.66000366210938,76.62999725341797,76.63999938964844,6692.0
2024-07-03 11:03:00,AZTA,52.529998779296875,52.529998779296875,52.564998626708984,52.529998779296875,52.564998626708984,831.0
2024-07-03 11:03:00,BBIO,25.25,25.25,25.295000076293945,25.235000610351562,25.295000076293945,2937.0
2024-07-03 11:03:00,BCAB,1.3450000286102295,1.3450000286102295,1.3450000286102295,1.3450000286102295,1.3450000286102295,306.0
2024-07-03 11:03:00,BCRX,6.53000020980835,6.53000020980835,6.539999961853027,6.525000095367432,6.539999961853027,12689.0
2024-07-03 11:03:00,BDTX,4.300000190734863,4.300000190734863,4.300000190734863,4.228000164031982,4.230000019073486,10527.0
2024-07-03 11:03:00,BEAM,23.690000534057617,23.690000534057617,23.709999084472656,23.670000076293945,23.709999084472656,4006.0
2024-07-03 11:03:00,BIIB,222.8000030517578,222.8000030517578,223.1999969482422,222.77999877929688,223.1699981689453,10315.0
2024-07-03 11:03:00,BLFS,19.719999313354492,19.719999313354492,19.729999542236328,19.719999313354492,19.729999542236328,819.0
2024-07-03 11:03:00,BLUE,0.9226999878883362,0.9226999878883362,0.9254000186920166,0.9226999878883362,0.9240000247955322,10073.0
2024-07-03 11:03:00,BMEA,4.385000228881836,4.385000228881836,4.385000228881836,4.385000228881836,4.385000228881836,179.0
2024-07-03 11:03:00,BNGO,0.5602999925613403,0.5602999925613403,0.5602999925613403,0.5602999925613403,0.5602999925613403,19239.0
2024-07-03 11:03:00,BNTX,79.83000183105469,79.83000183105469,79.83000183105469,79.83000183105469,79.83000183105469,323.0
2024-07-03 11:03:00,BRKR,61.63999938964844,61.63999938964844,61.73500061035156,61.63999938964844,61.73500061035156,2683.0
2024-07-03 11:03:00,BTAI,1.090000033378601,1.090000033378601,1.090000033378601,1.090000033378601,1.090000033378601,368.0
2024-07-03 11:03:00,CADL,6.255000114440918,6.255000114440918,6.255000114440918,6.255000114440918,6.255000114440918,350.0
2024-07-03 11:03:00,CAPR,4.735000133514404,4.735000133514404,4.735000133514404,4.735000133514404,4.735000133514404,288.0
2024-07-03 11:03:00,CARA,0.2874000072479248,0.2874000072479248,0.2874000072479248,0.2874000072479248,0.2874000072479248,2177.0
2024-07-03 11:03:00,CASI,5.291200160980225,5.291200160980225,5.291200160980225,5.291200160980225,5.291200160980225,368.0
2024-07-03 11:03:00,CCCC,4.680099964141846,4.680099964141846,4.699999809265137,4.679999828338623,4.69350004196167,3356.0
2024-07-03 11:03:00,CCRN,13.720000267028809,13.720000267028809,13.720000267028809,13.720000267028809,13.720000267028809,548.0
2024-07-03 11:03:00,CDMO,7.494999885559082,7.494999885559082,7.494999885559082,7.449999809265137,7.46999979019165,4857.0
2024-07-03 11:03:00,CDXS,2.865000009536743,2.865000009536743,2.9000000953674316,2.865000009536743,2.9000000953674316,3939.0
2024-07-03 11:03:00,CERE,41.400001525878906,41.400001525878906,41.40999984741211,41.395198822021484,41.400001525878906,3096.0
2024-07-03 11:03:00,CGC,6.735000133514404,6.735000133514404,6.735000133514404,6.720099925994873,6.720200061798096,9334.0
2024-07-03 11:03:00,CKPT,2.25,2.25,2.25,2.25,2.25,800.0
2024-07-03 11:03:00,CLGN,5.0,5.0,5.0,5.0,5.0,501.0
2024-07-03 11:03:00,CLOV,1.2350000143051147,1.2350000143051147,1.2350000143051147,1.2350000143051147,1.2350000143051147,3327.0
2024-07-03 11:03:00,CNSP,2.140000104904175,2.140000104904175,2.159899950027466,2.1210999488830566,2.1210999488830566,45721.0
2024-07-03 11:03:00,COGT,8.300000190734863,8.300000190734863,8.300000190734863,8.300000190734863,8.300000190734863,571.0
2024-07-03 11:03:00,CORT,30.664899826049805,30.664899826049805,30.664899826049805,30.664899826049805,30.664899826049805,567.0
2024-07-03 11:03:00,COSM,0.949999988079071,0.949999988079071,0.9563999772071838,0.949999988079071,0.9563999772071838,7101.0
2024-07-03 11:03:00,CPRX,15.479999542236328,15.479999542236328,15.479999542236328,15.479999542236328,15.479999542236328,651.0
2024-07-03 11:03:00,CRBU,1.590000033378601,1.590000033378601,1.590000033378601,1.5850000381469727,1.5850000381469727,251.0
2024-07-03 11:03:00,CRMD,4.150000095367432,4.150000095367432,4.150000095367432,4.139999866485596,4.150000095367432,4097.0
2024-07-03 11:03:00,CRNX,45.04999923706055,45.04999923706055,45.04999923706055,44.9900016784668,44.9900016784668,1945.0
2024-07-03 11:03:00,CRON,2.340100049972534,2.340100049972534,2.340100049972534,2.340100049972534,2.340100049972534,832.0
2024-07-03 11:03:00,CRSP,53.880001068115234,53.880001068115234,53.95000076293945,53.86000061035156,53.95000076293945,2747.0
2024-07-03 11:03:00,CSTL,20.969999313354492,20.969999313354492,20.979999542236328,20.969999313354492,20.979999542236328,600.0
2024-07-03 11:03:00,CTMX,1.3294999599456787,1.3294999599456787,1.3294999599456787,1.3294999599456787,1.3294999599456787,582.0
2024-07-03 11:03:00,CUE,1.0099999904632568,1.0099999904632568,1.0149999856948853,1.0099999904632568,1.0099999904632568,808.0
2024-07-03 11:03:00,CUTR,1.3202999830245972,1.3202999830245972,1.3250000476837158,1.3200000524520874,1.3200000524520874,2039.0
2024-07-03 11:03:00,CVAC,3.369999885559082,3.369999885559082,3.390199899673462,3.369999885559082,3.390000104904175,6392.0
2024-07-03 11:03:00,CVRX,11.619999885559082,11.619999885559082,11.619999885559082,11.619999885559082,11.619999885559082,215.0
2024-07-03 11:03:00,CYCC,1.6299999952316284,1.6299999952316284,1.6299999952316284,1.6299999952316284,1.6299999952316284,571.0
2024-07-03 11:03:00,DARE,3.388000011444092,3.388000011444092,3.388000011444092,3.388000011444092,3.388000011444092,1123.0
2024-07-03 11:03:00,DCGO,2.930000066757202,2.930000066757202,2.930000066757202,2.930000066757202,2.930000066757202,376.0
2024-07-03 11:03:00,DCTH,7.829999923706055,7.829999923706055,7.829999923706055,7.820000171661377,7.8256001472473145,1318.0
2024-07-03 11:03:00,DSGN,3.234999895095825,3.234999895095825,3.25,3.234999895095825,3.25,559.0
2024-07-03 11:03:00,DVAX,11.0649995803833,11.0649995803833,11.074999809265137,11.0649995803833,11.074999809265137,1437.0
2024-07-03 11:03:00,DXCM,110.33999633789062,110.33999633789062,110.4800033569336,110.26000213623047,110.26000213623047,9725.0
2024-07-03 11:03:00,DYN,34.3849983215332,34.3849983215332,34.3849983215332,34.3849983215332,34.3849983215332,246.0
2024-07-03 11:03:00,EDAP,5.216300010681152,5.216300010681152,5.216300010681152,5.216300010681152,5.216300010681152,670.0
2024-07-03 11:03:00,EDIT,4.659999847412109,4.659999847412109,4.659999847412109,4.65500020980835,4.659999847412109,2131.0
2024-07-03 11:03:00,ELEV,2.680000066757202,2.680000066757202,2.680000066757202,2.6649999618530273,2.6649999618530273,401.0
2024-07-03 11:03:00,ELYM,6.809999942779541,6.809999942779541,6.809999942779541,6.809999942779541,6.809999942779541,744.0
2024-07-03 11:03:00,EMBC,12.069999694824219,12.069999694824219,12.069999694824219,12.0600004196167,12.0600004196167,765.0
2024-07-03 11:03:00,EOLS,10.890000343322754,10.890000343322754,10.890000343322754,10.875,10.875,542.0
2024-07-03 11:03:00,EQ,0.6722999811172485,0.6722999811172485,0.6722999811172485,0.6722999811172485,0.6722999811172485,1900.0
2024-07-03 11:03:00,EXAI,5.460000038146973,5.460000038146973,5.460000038146973,5.460000038146973,5.460000038146973,509.0
2024-07-03 11:03:00,EXAS,42.970001220703125,42.970001220703125,42.97999954223633,42.959999084472656,42.97999954223633,3291.0
2024-07-03 11:03:00,EXEL,21.989999771118164,21.989999771118164,21.9950008392334,21.989999771118164,21.9950008392334,1386.0
2024-07-03 11:03:00,EYEN,0.7894999980926514,0.7894999980926514,0.7894999980926514,0.7874000072479248,0.7874000072479248,8029.0
2024-07-03 11:03:00,EYPT,8.319999694824219,8.319999694824219,8.329999923706055,8.289999961853027,8.329999923706055,2618.0
2024-07-03 11:03:00,FATE,3.200000047683716,3.200000047683716,3.2100000381469727,3.200000047683716,3.2100000381469727,3221.0
2024-07-03 11:03:00,FDMT,21.030000686645508,21.030000686645508,21.030000686645508,21.020000457763672,21.020000457763672,1297.0
2024-07-03 11:03:00,FGEN,0.7214999794960022,0.7214999794960022,0.7214999794960022,0.7214999794960022,0.7214999794960022,1000.0
2024-07-03 11:03:00,FLGT,20.06999969482422,20.06999969482422,20.06999969482422,20.06999969482422,20.06999969482422,228.0
2024-07-03 11:03:00,FOLD,9.875,9.875,9.880000114440918,9.875,9.880000114440918,3678.0
2024-07-03 11:03:00,FULC,6.139999866485596,6.139999866485596,6.139999866485596,6.139999866485596,6.139999866485596,1202.0
2024-07-03 11:03:00,GALT,2.1700000762939453,2.1700000762939453,2.1700000762939453,2.1700000762939453,2.1700000762939453,101.0
2024-07-03 11:03:00,GBIO,2.346299886703491,2.346299886703491,2.346299886703491,2.346299886703491,2.346299886703491,3796.0
2024-07-03 11:03:00,GDRX,7.855000019073486,7.855000019073486,7.860000133514404,7.855000019073486,7.860000133514404,1293.0
2024-07-03 11:03:00,GERN,4.3368000984191895,4.3368000984191895,4.340000152587891,4.3368000984191895,4.340000152587891,9942.0
2024-07-03 11:03:00,GH,28.15999984741211,28.15999984741211,28.15999984741211,28.15999984741211,28.15999984741211,142.0
2024-07-03 11:03:00,GILD,66.72000122070312,66.72000122070312,66.83999633789062,66.72000122070312,66.79000091552734,18657.0
2024-07-03 11:03:00,GLSI,16.602399826049805,16.602399826049805,16.602399826049805,16.602399826049805,16.602399826049805,445.0
2024-07-03 11:03:00,GLUE,3.7149999141693115,3.7149999141693115,3.7300000190734863,3.7149999141693115,3.7300000190734863,530.0
2024-07-03 11:03:00,GLYC,0.26969999074935913,0.26969999074935913,0.26969999074935913,0.26969999074935913,0.26969999074935913,1562.0
2024-07-03 11:03:00,GOSS,0.9381999969482422,0.9381999969482422,0.9390000104904175,0.9380000233650208,0.9390000104904175,1652.0
2024-07-03 11:03:00,GOVX,2.9700000286102295,2.9700000286102295,2.9800000190734863,2.9609999656677246,2.9800000190734863,2993.0
2024-07-03 11:03:00,GRFS,6.695000171661377,6.695000171661377,6.695000171661377,6.690000057220459,6.690000057220459,5508.0
2024-07-03 11:03:00,GRTS,0.5892000198364258,0.5892000198364258,0.5893999934196472,0.5892000198364258,0.5893999934196472,3698.0
2024-07-03 11:03:00,GTHX,2.5,2.5,2.5,2.5,2.5,946.0
2024-07-03 11:03:00,HALO,51.560001373291016,51.560001373291016,51.560001373291016,51.459999084472656,51.505001068115234,2362.0
2024-07-03 11:03:00,HCAT,6.175000190734863,6.175000190734863,6.175000190734863,6.175000190734863,6.175000190734863,795.0
2024-07-03 11:03:00,HCM,17.440000534057617,17.440000534057617,17.459999084472656,17.43000030517578,17.459999084472656,1137.0
2024-07-03 11:03:00,HCSG,10.479999542236328,10.479999542236328,10.479999542236328,10.479999542236328,10.479999542236328,1103.0
2024-07-03 11:03:00,HOLX,73.37000274658203,73.37000274658203,73.41000366210938,73.33000183105469,73.33000183105469,3953.0
2024-07-03 11:03:00,HQY,83.41999816894531,83.41999816894531,83.47000122070312,83.41999816894531,83.47000122070312,1456.0
2024-07-03 11:03:00,HROW,21.700000762939453,21.700000762939453,21.700000762939453,21.700000762939453,21.700000762939453,318.0
2024-07-03 11:03:00,HRTX,2.7850000858306885,2.7850000858306885,2.7850000858306885,2.7799999713897705,2.7799999713897705,2173.0
2024-07-03 11:03:00,HSIC,65.22000122070312,65.22000122070312,65.33000183105469,65.22000122070312,65.29000091552734,5275.0
2024-07-03 11:03:00,HSTM,27.597000122070312,27.597000122070312,27.597000122070312,27.597000122070312,27.597000122070312,1502.0
2024-07-03 11:03:00,HUGE,0.14499999582767487,0.14499999582767487,0.14499999582767487,0.14499999582767487,0.14499999582767487,3600.0
2024-07-03 11:03:00,HUMA,5.579999923706055,5.579999923706055,5.579999923706055,5.564599990844727,5.579899787902832,3216.0
2024-07-03 11:03:00,IART,28.93000030517578,28.93000030517578,28.934999465942383,28.920000076293945,28.920000076293945,2797.0
2024-07-03 11:03:00,IBRX,6.239999771118164,6.239999771118164,6.239999771118164,6.230000019073486,6.230000019073486,691.0
2024-07-03 11:03:00,ICAD,1.2000000476837158,1.2000000476837158,1.2000000476837158,1.2000000476837158,1.2000000476837158,1546.0
2024-07-03 11:03:00,ICLR,317.93499755859375,317.93499755859375,317.93499755859375,317.56500244140625,317.6199951171875,1805.0
2024-07-03 11:03:00,ICUI,117.58000183105469,117.58000183105469,117.58000183105469,117.58000183105469,117.58000183105469,593.0
2024-07-03 11:03:00,IDXX,475.2749938964844,475.2749938964844,475.2749938964844,474.95001220703125,474.95001220703125,554.0
2024-07-03 11:03:00,IDYA,33.53499984741211,33.53499984741211,33.540000915527344,33.53499984741211,33.540000915527344,510.0
2024-07-03 11:03:00,IGMS,6.480000019073486,6.480000019073486,6.489999771118164,6.404699802398682,6.404699802398682,975.0
2024-07-03 11:03:00,IKNA,1.6399999856948853,1.6399999856948853,1.6399999856948853,1.6399999856948853,1.6399999856948853,208.0
2024-07-03 11:03:00,ILMN,105.1500015258789,105.1500015258789,105.19999694824219,105.10310363769531,105.10310363769531,5590.0
2024-07-03 11:03:00,IMAB,1.5542999505996704,1.5542999505996704,1.5542999505996704,1.5542999505996704,1.5542999505996704,322.0
2024-07-03 11:03:00,IMMX,2.3499999046325684,2.3499999046325684,2.4000000953674316,2.3450000286102295,2.390000104904175,5652.0
2024-07-03 11:03:00,IMNM,12.03499984741211,12.03499984741211,12.03499984741211,12.03499984741211,12.03499984741211,328.0
2024-07-03 11:03:00,IMUX,1.1396000385284424,1.1396000385284424,1.1396000385284424,1.1396000385284424,1.1396000385284424,1518.0
2024-07-03 11:03:00,IMVT,26.65999984741211,26.65999984741211,26.670000076293945,26.65999984741211,26.65999984741211,1380.0
2024-07-03 11:03:00,INCY,57.70000076293945,57.70000076293945,57.72999954223633,57.67499923706055,57.68000030517578,5842.0
2024-07-03 11:03:00,INM,0.2531999945640564,0.2531999945640564,0.2531999945640564,0.2531999945640564,0.2531999945640564,255.0
2024-07-03 11:03:00,INMD,17.579999923706055,17.579999923706055,17.600000381469727,17.579999923706055,17.579999923706055,4264.0
2024-07-03 11:03:00,INNV,5.300000190734863,5.300000190734863,5.300000190734863,5.300000190734863,5.300000190734863,202.0
2024-07-03 11:03:00,INO,8.3100004196167,8.3100004196167,8.3100004196167,8.3100004196167,8.3100004196167,261.0
2024-07-03 11:03:00,INSM,62.15999984741211,62.15999984741211,62.27000045776367,62.15999984741211,62.27000045776367,3303.0
2024-07-03 11:03:00,INVA,16.219999313354492,16.219999313354492,16.219999313354492,16.209999084472656,16.219999313354492,2393.0
2024-07-03 11:03:00,IONM,0.32499998807907104,0.32499998807907104,0.32499998807907104,0.32499998807907104,0.32499998807907104,197.0
2024-07-03 11:03:00,IONS,44.42499923706055,44.42499923706055,44.435001373291016,44.41999816894531,44.435001373291016,4163.0
2024-07-03 11:03:00,IOVA,7.635000228881836,7.635000228881836,7.659900188446045,7.635000228881836,7.65500020980835,19291.0
2024-07-03 11:03:00,IPSC,2.240000009536743,2.240000009536743,2.25,2.240000009536743,2.25,728.0
2024-07-03 11:03:00,ISPC,0.2759999930858612,0.2759999930858612,0.2759999930858612,0.2759999930858612,0.2759999930858612,0.0
2024-07-03 11:03:00,ISRG,433.30999755859375,433.30999755859375,433.30999755859375,433.30999755859375,433.30999755859375,924.0
2024-07-03 11:03:00,ITCI,68.06999969482422,68.06999969482422,68.06999969482422,68.05500030517578,68.05500030517578,627.0
2024-07-03 11:03:00,JANX,38.0099983215332,38.0099983215332,38.0099983215332,38.0099983215332,38.0099983215332,1343.0
2024-07-03 11:03:00,JAZZ,104.4802017211914,104.4802017211914,104.4802017211914,104.4802017211914,104.4802017211914,678.0
2024-07-03 11:03:00,KALA,6.727399826049805,6.727399826049805,6.727399826049805,6.727399826049805,6.727399826049805,501.0
2024-07-03 11:03:00,KNSA,18.81999969482422,18.81999969482422,18.81999969482422,18.81999969482422,18.81999969482422,140.0
2024-07-03 11:03:00,KOD,2.2300000190734863,2.2300000190734863,2.2300000190734863,2.2300000190734863,2.2300000190734863,236.0
2024-07-03 11:03:00,KPTI,0.836899995803833,0.836899995803833,0.836899995803833,0.836899995803833,0.836899995803833,807.0
2024-07-03 11:03:00,KRMD,2.325000047683716,2.325000047683716,2.325000047683716,2.325000047683716,2.325000047683716,300.0
2024-07-03 11:03:00,KRYS,177.7100067138672,177.7100067138672,177.7100067138672,177.7100067138672,177.7100067138672,403.0
2024-07-03 11:03:00,KTRA,0.2831999957561493,0.2831999957561493,0.2838999927043915,0.2831999957561493,0.28380000591278076,13501.0
2024-07-03 11:03:00,KURA,20.40999984741211,20.40999984741211,20.420000076293945,20.40999984741211,20.420000076293945,756.0
2024-07-03 11:03:00,KZR,0.5764999985694885,0.5764999985694885,0.5776000022888184,0.5764999985694885,0.5776000022888184,378.0
2024-07-03 11:03:00,LAB,1.7999999523162842,1.7999999523162842,1.7999999523162842,1.7949999570846558,1.7949999570846558,1050.0
2024-07-03 11:03:00,LBPH,32.63999938964844,32.63999938964844,32.63999938964844,32.63999938964844,32.63999938964844,156.0
2024-07-03 11:03:00,LEGN,45.720001220703125,45.720001220703125,45.720001220703125,45.689998626708984,45.689998626708984,1169.0
2024-07-03 11:03:00,LFMD,6.739999771118164,6.739999771118164,6.75,6.739999771118164,6.75,1329.0
2024-07-03 11:03:00,LGND,82.7300033569336,82.7300033569336,82.7300033569336,82.7300033569336,82.7300033569336,367.0
2024-07-03 11:03:00,LIVN,52.529998779296875,52.529998779296875,52.53499984741211,52.5,52.5,1159.0
2024-07-03 11:03:00,LMAT,81.1050033569336,81.1050033569336,81.1050033569336,81.1050033569336,81.1050033569336,341.0
2024-07-03 11:03:00,LNTH,79.5199966430664,79.5199966430664,79.5199966430664,79.44000244140625,79.45850372314453,881.0
2024-07-03 11:03:00,LOGC,5.690000057220459,5.690000057220459,5.690000057220459,5.690000057220459,5.690000057220459,215.0
2024-07-03 11:03:00,LPTX,1.7999999523162842,1.7999999523162842,1.8200000524520874,1.7999999523162842,1.8200000524520874,755.0
2024-07-03 11:03:00,LQDA,11.920000076293945,11.920000076293945,11.930000305175781,11.899999618530273,11.920000076293945,9845.0
2024-07-03 11:03:00,LRMR,7.599999904632568,7.599999904632568,7.619999885559082,7.599999904632568,7.619999885559082,795.0
2024-07-03 11:03:00,LUCY,0.4717000126838684,0.4717000126838684,0.4717000126838684,0.4717000126838684,0.4717000126838684,435.0
2024-07-03 11:03:00,LXRX,1.6050000190734863,1.6050000190734863,1.6050000190734863,1.6050000190734863,1.6050000190734863,422.0
2024-07-03 11:03:00,LYEL,1.4850000143051147,1.4850000143051147,1.4850000143051147,1.4850000143051147,1.4850000143051147,203.0
2024-07-03 11:03:00,LYRA,0.287200003862381,0.287200003862381,0.287200003862381,0.287200003862381,0.287200003862381,1025.0
2024-07-03 11:03:00,MBIO,0.5045999884605408,0.5045999884605408,0.5116000175476074,0.5,0.5116000175476074,90685.0
2024-07-03 11:03:00,MCRB,0.7264999747276306,0.7264999747276306,0.7264999747276306,0.7253000140190125,0.7257000207901001,9276.0
2024-07-03 11:03:00,MDXG,6.744999885559082,6.744999885559082,6.744999885559082,6.744999885559082,6.744999885559082,454.0
2024-07-03 11:03:00,ME,0.40230000019073486,0.40230000019073486,0.4027000069618225,0.40230000019073486,0.4025000035762787,4018.0
2024-07-03 11:03:00,MEDP,406.0299987792969,406.0299987792969,406.0299987792969,406.0299987792969,406.0299987792969,505.0
2024-07-03 11:03:00,MESO,6.839700222015381,6.839700222015381,6.839700222015381,6.809999942779541,6.809999942779541,2207.0
2024-07-03 11:03:00,MGNX,4.224999904632568,4.224999904632568,4.224999904632568,4.224999904632568,4.224999904632568,465.0
2024-07-03 11:03:00,MIRM,33.650001525878906,33.650001525878906,33.650001525878906,33.650001525878906,33.650001525878906,831.0
2024-07-03 11:03:00,MMSI,85.94999694824219,85.94999694824219,85.9800033569336,85.91999816894531,85.9800033569336,2057.0
2024-07-03 11:03:00,MNKD,5.070000171661377,5.070000171661377,5.070000171661377,5.070000171661377,5.070000171661377,2001.0
2024-07-03 11:03:00,MOR,18.200000762939453,18.200000762939453,18.20199966430664,18.200000762939453,18.20199966430664,611.0
2024-07-03 11:03:00,MRNA,115.91999816894531,115.91999816894531,115.97000122070312,115.77999877929688,115.97000122070312,7661.0
2024-07-03 11:03:00,MRSN,1.875,1.875,1.8799999952316284,1.875,1.8799999952316284,504.0
2024-07-03 11:03:00,MXCT,3.687700033187866,3.687700033187866,3.690000057220459,3.687700033187866,3.690000057220459,414.0
2024-07-03 11:03:00,MYGN,25.1299991607666,25.1299991607666,25.170000076293945,25.1299991607666,25.170000076293945,1651.0
2024-07-03 11:03:00,NBIX,137.88999938964844,137.88999938964844,138.0449981689453,137.88999938964844,137.97999572753906,1328.0
2024-07-03 11:03:00,NDRA,0.0851999968290329,0.0851999968290329,0.0851999968290329,0.0851999968290329,0.0851999968290329,1774.0
2024-07-03 11:03:00,NEO,13.619999885559082,13.619999885559082,13.619999885559082,13.609999656677246,13.609999656677246,1093.0
2024-07-03 11:03:00,NEOG,15.229999542236328,15.229999542236328,15.244999885559082,15.229999542236328,15.244999885559082,3232.0
2024-07-03 11:03:00,NKTR,1.2350000143051147,1.2350000143051147,1.2400000095367432,1.2350000143051147,1.2400000095367432,8459.0
2024-07-03 11:03:00,NNOX,7.0,7.0,7.010000228881836,7.0,7.010000228881836,3362.0
2024-07-03 11:03:00,NRC,22.860000610351562,22.860000610351562,22.860000610351562,22.860000610351562,22.860000610351562,459.0
2024-07-03 11:03:00,NRIX,19.709999084472656,19.709999084472656,19.709999084472656,19.709999084472656,19.709999084472656,468.0
2024-07-03 11:03:00,NTLA,22.600000381469727,22.600000381469727,22.600000381469727,22.600000381469727,22.600000381469727,149.0
2024-07-03 11:03:00,NTRA,111.4800033569336,111.4800033569336,111.54000091552734,111.3550033569336,111.54000091552734,3068.0
2024-07-03 11:03:00,NVAX,12.654999732971191,12.654999732971191,12.670000076293945,12.640000343322754,12.645000457763672,9877.0
2024-07-03 11:03:00,NVCR,16.729999542236328,16.729999542236328,16.729999542236328,16.719999313354492,16.719999313354492,2864.0
2024-07-03 11:03:00,NXTC,1.590000033378601,1.590000033378601,1.590000033378601,1.5419000387191772,1.590000033378601,1332.0
2024-07-03 11:03:00,OCGN,1.6200000047683716,1.6200000047683716,1.6200000047683716,1.6200000047683716,1.6200000047683716,1453.0
2024-07-03 11:03:00,OCUL,6.704999923706055,6.704999923706055,6.704999923706055,6.704999923706055,6.704999923706055,441.0
2024-07-03 11:03:00,OLMA,10.574999809265137,10.574999809265137,10.574999809265137,10.574999809265137,10.574999809265137,200.0
2024-07-03 11:03:00,OM,3.809999942779541,3.809999942779541,3.809999942779541,3.809999942779541,3.809999942779541,333.0
2024-07-03 11:03:00,OMCL,26.405000686645508,26.405000686645508,26.40999984741211,26.389999389648438,26.389999389648438,855.0
2024-07-03 11:03:00,OMGA,1.9600000381469727,1.9600000381469727,1.969499945640564,1.9500000476837158,1.9500000476837158,7708.0
2024-07-03 11:04:00,ABCL,2.7300000190734863,2.7300000190734863,2.7300000190734863,2.7249999046325684,2.7249999046325684,2050.0
2024-07-03 11:04:00,ABEO,4.309999942779541,4.309999942779541,4.320000171661377,4.309999942779541,4.320000171661377,2615.0
2024-07-03 11:04:00,ABSI,3.2100000381469727,3.2100000381469727,3.219899892807007,3.2100000381469727,3.2149999141693115,3349.0
2024-07-03 11:04:00,ABUS,3.1600000858306885,3.1600000858306885,3.1600000858306885,3.1600000858306885,3.1600000858306885,654.0
2024-07-03 11:04:00,ACAD,15.630000114440918,15.630000114440918,15.630000114440918,15.630000114440918,15.630000114440918,281.0
2024-07-03 11:04:00,ACB,4.934999942779541,4.934999942779541,4.940000057220459,4.929999828338623,4.940000057220459,3321.0
2024-07-03 11:04:00,ACCD,3.550299882888794,3.550299882888794,3.555000066757202,3.549999952316284,3.555000066757202,6977.0
2024-07-03 11:04:00,ACET,1.0506999492645264,1.0506999492645264,1.0549999475479126,1.0499999523162842,1.0521999597549438,4893.0
2024-07-03 11:04:00,ACHC,66.26499938964844,66.26499938964844,66.33499908447266,66.2300033569336,66.33499908447266,2413.0
2024-07-03 11:04:00,ACIU,3.857599973678589,3.857599973678589,3.857599973678589,3.857599973678589,3.857599973678589,940.0
2024-07-03 11:04:00,ACRS,1.1699999570846558,1.1699999570846558,1.1699999570846558,1.1699999570846558,1.1699999570846558,1017.0
2024-07-03 11:04:00,ADAP,1.0199999809265137,1.0199999809265137,1.0199999809265137,1.0199999809265137,1.0199999809265137,200.0
2024-07-03 11:04:00,ADMA,11.255000114440918,11.255000114440918,11.255000114440918,11.255000114440918,11.255000114440918,501.0
2024-07-03 11:04:00,ADPT,3.380000114440918,3.380000114440918,3.380000114440918,3.380000114440918,3.380000114440918,721.0
2024-07-03 11:04:00,ADUS,116.56500244140625,116.56500244140625,116.56999969482422,116.56500244140625,116.56999969482422,288.0
2024-07-03 11:04:00,AEMD,0.41609999537467957,0.41609999537467957,0.41609999537467957,0.41609999537467957,0.41609999537467957,1003.0
2024-07-03 11:04:00,AGIO,41.80500030517578,41.80500030517578,41.880001068115234,41.77000045776367,41.84000015258789,1604.0
2024-07-03 11:04:00,AKBA,0.947700023651123,0.947700023651123,0.9491000175476074,0.9452999830245972,0.9462000131607056,11878.0
2024-07-03 11:04:00,ALGS,0.4262000024318695,0.4262000024318695,0.4262000024318695,0.4262000024318695,0.4262000024318695,12131.0
2024-07-03 11:04:00,ALHC,7.954999923706055,7.954999923706055,7.954999923706055,7.954999923706055,7.954999923706055,4054.0
2024-07-03 11:04:00,ALIM,5.525000095367432,5.525000095367432,5.525000095367432,5.525000095367432,5.525000095367432,452.0
2024-07-03 11:04:00,ALKS,24.274999618530273,24.274999618530273,24.274999618530273,24.274999618530273,24.274999618530273,644.0
2024-07-03 11:04:00,ALLO,2.134999990463257,2.134999990463257,2.140000104904175,2.134999990463257,2.140000104904175,3682.0
2024-07-03 11:04:00,ALLR,0.20399999618530273,0.20399999618530273,0.20479999482631683,0.20399999618530273,0.20479999482631683,3606.0
2024-07-03 11:04:00,ALNY,246.05999755859375,246.05999755859375,246.05999755859375,246.05999755859375,246.05999755859375,215.0
2024-07-03 11:04:00,ALT,6.627500057220459,6.627500057220459,6.627500057220459,6.610000133514404,6.610000133514404,3237.0
2024-07-03 11:04:00,AMED,96.91000366210938,96.91000366210938,96.94999694824219,96.91000366210938,96.93000030517578,1199.0
2024-07-03 11:04:00,AMGN,306.8399963378906,306.8399963378906,306.8450012207031,306.6499938964844,306.7925109863281,2774.0
2024-07-03 11:04:00,AMLX,1.7549999952316284,1.7549999952316284,1.7549999952316284,1.7549999952316284,1.7549999952316284,944.0
2024-07-03 11:04:00,AMRN,0.7010999917984009,0.7010999917984009,0.7060999870300293,0.7010999917984009,0.7060999870300293,628.0
2024-07-03 11:04:00,ANIX,2.2813000679016113,2.2813000679016113,2.2813000679016113,2.2813000679016113,2.2813000679016113,550.0
2024-07-03 11:04:00,ANNX,4.795000076293945,4.795000076293945,4.795000076293945,4.795000076293945,4.795000076293945,1073.0
2024-07-03 11:04:00,ANTX,2.5999999046325684,2.5999999046325684,2.6600000858306885,2.569999933242798,2.569999933242798,12965.0
2024-07-03 11:04:00,APLS,35.689998626708984,35.689998626708984,35.69499969482422,35.66999816894531,35.66999816894531,650.0
2024-07-03 11:04:00,APLT,4.349999904632568,4.349999904632568,4.349999904632568,4.349999904632568,4.349999904632568,294.0
2024-07-03 11:04:00,AQST,2.4100000858306885,2.4100000858306885,2.4100000858306885,2.4100000858306885,2.4100000858306885,938.0
2024-07-03 11:04:00,ARCT,21.440000534057617,21.440000534057617,21.440000534057617,21.440000534057617,21.440000534057617,383.0
2024-07-03 11:04:00,ARDX,5.204999923706055,5.204999923706055,5.210000038146973,5.200099945068359,5.210000038146973,4206.0
2024-07-03 11:04:00,ARQT,9.61989974975586,9.61989974975586,9.640000343322754,9.61989974975586,9.635000228881836,4520.0
2024-07-03 11:04:00,ARVN,24.3700008392334,24.3700008392334,24.3700008392334,24.3700008392334,24.3700008392334,458.0
2024-07-03 11:04:00,ARWR,25.478599548339844,25.478599548339844,25.479999542236328,25.478599548339844,25.479999542236328,985.0
2024-07-03 11:04:00,ASND,135.80250549316406,135.80250549316406,135.80250549316406,135.80250549316406,135.80250549316406,466.0
2024-07-03 11:04:00,ASRT,1.3301000595092773,1.3301000595092773,1.3350000381469727,1.3300000429153442,1.3300000429153442,7856.0
2024-07-03 11:04:00,ATEC,9.890000343322754,9.890000343322754,9.890000343322754,9.890000343322754,9.890000343322754,294.0
2024-07-03 11:04:00,ATRC,22.18000030517578,22.18000030517578,22.18000030517578,22.15999984741211,22.15999984741211,1794.0
2024-07-03 11:04:00,ATXS,8.98009967803955,8.98009967803955,8.98009967803955,8.98009967803955,8.98009967803955,5982.0
2024-07-03 11:04:00,AUPH,5.46999979019165,5.46999979019165,5.46999979019165,5.46999979019165,5.46999979019165,721.0
2024-07-03 11:04:00,AVDL,14.289999961853027,14.289999961853027,14.289999961853027,14.289999961853027,14.289999961853027,146.0
2024-07-03 11:04:00,AVIR,3.313999891281128,3.313999891281128,3.319999933242798,3.313999891281128,3.319999933242798,1691.0
2024-07-03 11:04:00,AVXL,4.260000228881836,4.260000228881836,4.260000228881836,4.260000228881836,4.260000228881836,2026.0
2024-07-03 11:04:00,AXNX,67.4749984741211,67.4749984741211,67.5199966430664,67.47000122070312,67.5199966430664,1167.0
2024-07-03 11:04:00,AXSM,79.98999786376953,79.98999786376953,79.98999786376953,79.98999786376953,79.98999786376953,422.0
2024-07-03 11:04:00,AZN,76.62999725341797,76.62999725341797,76.62999725341797,76.60810089111328,76.627197265625,3248.0
2024-07-03 11:04:00,AZTA,52.5099983215332,52.5099983215332,52.529998779296875,52.5099983215332,52.529998779296875,1581.0
2024-07-03 11:04:00,BBIO,25.221099853515625,25.221099853515625,25.221099853515625,25.221099853515625,25.221099853515625,998.0
2024-07-03 11:04:00,BCAB,1.350000023841858,1.350000023841858,1.350000023841858,1.3450000286102295,1.3450000286102295,1307.0
2024-07-03 11:04:00,BCRX,6.542099952697754,6.542099952697754,6.542099952697754,6.539999961853027,6.539999961853027,1154.0
2024-07-03 11:04:00,BCYC,19.649999618530273,19.649999618530273,19.649999618530273,19.649999618530273,19.649999618530273,1415.0
2024-07-03 11:04:00,BDTX,4.340000152587891,4.340000152587891,4.340000152587891,4.295000076293945,4.295000076293945,3359.0
2024-07-03 11:04:00,BEAM,23.700000762939453,23.700000762939453,23.700000762939453,23.690000534057617,23.690000534057617,2467.0
2024-07-03 11:04:00,BIIB,223.0189971923828,223.0189971923828,223.0189971923828,222.73500061035156,222.73500061035156,3273.0
2024-07-03 11:04:00,BLFS,19.719999313354492,19.719999313354492,19.719999313354492,19.719999313354492,19.719999313354492,1105.0
2024-07-03 11:04:00,BLUE,0.921999990940094,0.921999990940094,0.9226999878883362,0.9211999773979187,0.9226999878883362,8100.0
2024-07-03 11:04:00,BMEA,4.380000114440918,4.380000114440918,4.381999969482422,4.380000114440918,4.381999969482422,1060.0
2024-07-03 11:04:00,BMRN,81.25,81.25,81.25,81.18000030517578,81.22000122070312,3206.0
2024-07-03 11:04:00,BNGO,0.5612999796867371,0.5612999796867371,0.5613999962806702,0.5602999925613403,0.5602999925613403,44976.0
2024-07-03 11:04:00,BPMC,110.68000030517578,110.68000030517578,110.68000030517578,110.68000030517578,110.68000030517578,1686.0
2024-07-03 11:04:00,CABA,7.619999885559082,7.619999885559082,7.619999885559082,7.619999885559082,7.619999885559082,472.0
2024-07-03 11:04:00,CCCC,4.699999809265137,4.699999809265137,4.699999809265137,4.684999942779541,4.684999942779541,1948.0
2024-07-03 11:04:00,CCRN,13.71500015258789,13.71500015258789,13.71500015258789,13.71500015258789,13.71500015258789,178.0
2024-07-03 11:04:00,CDMO,7.449999809265137,7.449999809265137,7.480000019073486,7.449999809265137,7.46999979019165,2398.0
2024-07-03 11:04:00,CDXS,2.8499999046325684,2.8499999046325684,2.865000009536743,2.8499999046325684,2.865000009536743,7590.0
2024-07-03 11:04:00,CERS,1.7200000286102295,1.7200000286102295,1.725000023841858,1.7200000286102295,1.725000023841858,7039.0
2024-07-03 11:04:00,CERT,13.854999542236328,13.854999542236328,13.854999542236328,13.854999542236328,13.854999542236328,222.0
2024-07-03 11:04:00,CGC,6.689499855041504,6.689499855041504,6.71999979019165,6.679999828338623,6.71999979019165,26625.0
2024-07-03 11:04:00,CGEM,16.885000228881836,16.885000228881836,16.90999984741211,16.850000381469727,16.850000381469727,1946.0
2024-07-03 11:04:00,CHRS,1.3949999809265137,1.3949999809265137,1.3949999809265137,1.3949999809265137,1.3949999809265137,3141.0
2024-07-03 11:04:00,CING,0.3301999866962433,0.3301999866962433,0.3301999866962433,0.3301999866962433,0.3301999866962433,1614.0
2024-07-03 11:04:00,CLDX,36.61000061035156,36.61000061035156,36.63999938964844,36.595001220703125,36.599998474121094,1594.0
2024-07-03 11:04:00,CLOV,1.2396999597549438,1.2396999597549438,1.2396999597549438,1.2301000356674194,1.2350000143051147,11275.0
2024-07-03 11:04:00,CLPT,5.394999980926514,5.394999980926514,5.394999980926514,5.394999980926514,5.394999980926514,111.0
2024-07-03 11:04:00,CLRB,2.4200000762939453,2.4200000762939453,2.4200000762939453,2.4200000762939453,2.4200000762939453,438.0
2024-07-03 11:04:00,CLSD,1.25,1.25,1.25,1.25,1.25,0.0
2024-07-03 11:04:00,CMAX,2.200000047683716,2.200000047683716,2.200000047683716,2.200000047683716,2.200000047683716,105.0
2024-07-03 11:04:00,CMRX,0.8629999756813049,0.8629999756813049,0.8629999756813049,0.8629999756813049,0.8629999756813049,140.0
2024-07-03 11:04:00,CNSP,2.1259000301361084,2.1259000301361084,2.1500000953674316,2.0999999046325684,2.119999885559082,64194.0
2024-07-03 11:04:00,CNTA,8.744999885559082,8.744999885559082,8.744999885559082,8.744999885559082,8.744999885559082,1080.0
2024-07-03 11:04:00,COLL,32.29999923706055,32.29999923706055,32.29999923706055,32.29999923706055,32.29999923706055,150.0
2024-07-03 11:04:00,CORT,30.719999313354492,30.719999313354492,30.719999313354492,30.719999313354492,30.719999313354492,587.0
2024-07-03 11:04:00,CRBP,48.900001525878906,48.900001525878906,48.900001525878906,48.900001525878906,48.900001525878906,216.0
2024-07-03 11:04:00,CRBU,1.590000033378601,1.590000033378601,1.590000033378601,1.590000033378601,1.590000033378601,101.0
2024-07-03 11:04:00,CRDL,1.9263999462127686,1.9263999462127686,1.9263999462127686,1.9263999462127686,1.9263999462127686,265.0
2024-07-03 11:04:00,CRMD,4.144999980926514,4.144999980926514,4.150000095367432,4.144999980926514,4.150000095367432,601.0
2024-07-03 11:04:00,CRNX,45.040000915527344,45.040000915527344,45.040000915527344,45.040000915527344,45.040000915527344,375.0
2024-07-03 11:04:00,CRSP,53.86000061035156,53.86000061035156,53.869998931884766,53.86000061035156,53.869998931884766,765.0
2024-07-03 11:04:00,CTKB,5.684999942779541,5.684999942779541,5.684999942779541,5.684999942779541,5.684999942779541,1639.0
2024-07-03 11:04:00,CTMX,1.3250000476837158,1.3250000476837158,1.3250000476837158,1.3250000476837158,1.3250000476837158,200.0
2024-07-03 11:04:00,CUTR,1.3250000476837158,1.3250000476837158,1.3250000476837158,1.3250000476837158,1.3250000476837158,256.0
2024-07-03 11:04:00,CVAC,3.375,3.375,3.375,3.375,3.375,1283.0
2024-07-03 11:04:00,CYCN,2.255000114440918,2.255000114440918,2.255000114440918,2.255000114440918,2.255000114440918,265.0
2024-07-03 11:04:00,CYTK,54.72999954223633,54.72999954223633,54.7599983215332,54.72999954223633,54.7599983215332,774.0
2024-07-03 11:04:00,DAWN,13.350000381469727,13.350000381469727,13.350000381469727,13.350000381469727,13.350000381469727,144.0
2024-07-03 11:04:00,DVAX,11.074999809265137,11.074999809265137,11.074999809265137,11.069999694824219,11.069999694824219,1671.0
2024-07-03 11:04:00,DXCM,110.3949966430664,110.3949966430664,110.3949966430664,110.29000091552734,110.29000091552734,2155.0
2024-07-03 11:04:00,DYN,34.3849983215332,34.3849983215332,34.3849983215332,34.3849983215332,34.3849983215332,1026.0
2024-07-03 11:04:00,EDIT,4.65500020980835,4.65500020980835,4.65500020980835,4.65500020980835,4.65500020980835,1081.0
2024-07-03 11:04:00,EGRX,5.295000076293945,5.295000076293945,5.295000076293945,5.295000076293945,5.295000076293945,303.0
2024-07-03 11:04:00,ELYM,6.769999980926514,6.769999980926514,6.809999942779541,6.769999980926514,6.809999942779541,689.0
2024-07-03 11:04:00,ENSG,126.16999816894531,126.16999816894531,126.16999816894531,126.16999816894531,126.16999816894531,534.0
2024-07-03 11:04:00,ENVB,0.5099999904632568,0.5099999904632568,0.5099999904632568,0.5099999904632568,0.5099999904632568,102.0
2024-07-03 11:04:00,EOLS,10.890000343322754,10.890000343322754,10.890000343322754,10.890000343322754,10.890000343322754,282.0
2024-07-03 11:04:00,ESPR,2.349900007247925,2.349900007247925,2.349900007247925,2.341399908065796,2.3450000286102295,4371.0
2024-07-03 11:04:00,ETNB,7.53000020980835,7.53000020980835,7.559999942779541,7.53000020980835,7.559999942779541,4239.0
2024-07-03 11:04:00,EVOK,0.5353000164031982,0.5353000164031982,0.5353000164031982,0.5353000164031982,0.5353000164031982,638.0
2024-07-03 11:04:00,EXAI,5.449999809265137,5.449999809265137,5.474699974060059,5.449999809265137,5.474699974060059,4114.0
2024-07-03 11:04:00,EXAS,42.86000061035156,42.86000061035156,43.005001068115234,42.83000183105469,42.97999954223633,6707.0
2024-07-03 11:04:00,EXEL,21.985000610351562,21.985000610351562,22.0,21.979999542236328,22.0,10919.0
2024-07-03 11:04:00,EYPT,8.319999694824219,8.319999694824219,8.319999694824219,8.319999694824219,8.319999694824219,537.0
2024-07-03 11:04:00,FATE,3.2049999237060547,3.2049999237060547,3.2100000381469727,3.2049999237060547,3.2100000381469727,2149.0
2024-07-03 11:04:00,FBIO,1.809999942779541,1.809999942779541,1.8300000429153442,1.7899999618530273,1.7899999618530273,41597.0
2024-07-03 11:04:00,FGEN,0.7178000211715698,0.7178000211715698,0.7178000211715698,0.7160999774932861,0.7160999774932861,31842.0
2024-07-03 11:04:00,FHTX,5.510000228881836,5.510000228881836,5.510000228881836,5.510000228881836,5.510000228881836,164.0
2024-07-03 11:04:00,FOLD,9.875,9.875,9.875,9.875,9.875,574.0
2024-07-03 11:04:00,FULC,6.164999961853027,6.164999961853027,6.164999961853027,6.150000095367432,6.150000095367432,5529.0
2024-07-03 11:04:00,GALT,2.1700000762939453,2.1700000762939453,2.1700000762939453,2.1700000762939453,2.1700000762939453,437.0
2024-07-03 11:04:00,GERN,4.324999809265137,4.324999809265137,4.335000038146973,4.324999809265137,4.335000038146973,34837.0
2024-07-03 11:04:00,GH,28.179899215698242,28.179899215698242,28.179899215698242,28.15999984741211,28.165000915527344,881.0
2024-07-03 11:04:00,GILD,66.77999877929688,66.77999877929688,66.77999877929688,66.73999786376953,66.73999786376953,4349.0
2024-07-03 11:04:00,GOSS,0.933899998664856,0.933899998664856,0.9340999722480774,0.933899998664856,0.933899998664856,1552.0
2024-07-03 11:04:00,GOVX,2.994999885559082,2.994999885559082,2.994999885559082,2.994999885559082,2.994999885559082,1181.0
2024-07-03 11:04:00,GRFS,6.684999942779541,6.684999942779541,6.695000171661377,6.684999942779541,6.695000171661377,2313.0
2024-07-03 11:04:00,GRTS,0.5893999934196472,0.5893999934196472,0.5893999934196472,0.5892999768257141,0.5893999934196472,9605.0
2024-07-03 11:04:00,HALO,51.525001525878906,51.525001525878906,51.55500030517578,51.5099983215332,51.55500030517578,2199.0
2024-07-03 11:04:00,HOLX,73.38500213623047,73.38500213623047,73.38500213623047,73.36000061035156,73.36000061035156,1438.0
2024-07-03 11:04:00,HOWL,2.119999885559082,2.119999885559082,2.119999885559082,2.119999885559082,2.119999885559082,270.0
2024-07-03 11:04:00,HQY,83.18499755859375,83.18499755859375,83.23999786376953,83.18499755859375,83.2300033569336,1573.0
2024-07-03 11:04:00,HROW,21.700000762939453,21.700000762939453,21.700000762939453,21.700000762939453,21.700000762939453,130.0
2024-07-03 11:04:00,HRTX,2.7992000579833984,2.7992000579833984,2.799999952316284,2.7799999713897705,2.7799999713897705,20753.0
2024-07-03 11:04:00,HUGE,0.14509999752044678,0.14509999752044678,0.14509999752044678,0.14509999752044678,0.14509999752044678,1900.0
2024-07-03 11:04:00,HUMA,5.590000152587891,5.590000152587891,5.590000152587891,5.570000171661377,5.574999809265137,6041.0
2024-07-03 11:04:00,IART,28.959999084472656,28.959999084472656,28.989999771118164,28.950000762939453,28.969999313354492,5886.0
2024-07-03 11:04:00,IBRX,6.239999771118164,6.239999771118164,6.239999771118164,6.239999771118164,6.239999771118164,696.0
2024-07-03 11:04:00,ICLR,317.55999755859375,317.55999755859375,317.5799865722656,317.55999755859375,317.5799865722656,1036.0
2024-07-03 11:04:00,IDXX,475.2099914550781,475.2099914550781,475.2099914550781,474.8999938964844,474.9100036621094,711.0
2024-07-03 11:04:00,IDYA,33.59000015258789,33.59000015258789,33.59000015258789,33.53499984741211,33.53499984741211,1162.0
2024-07-03 11:04:00,IGMS,6.420000076293945,6.420000076293945,6.480000019073486,6.420000076293945,6.480000019073486,347.0
2024-07-03 11:04:00,IKNA,1.6399999856948853,1.6399999856948853,1.6399999856948853,1.6399999856948853,1.6399999856948853,143.0
2024-07-03 11:04:00,ILMN,105.08999633789062,105.08999633789062,105.13500213623047,104.9800033569336,105.08999633789062,3448.0
2024-07-03 11:04:00,IMAB,1.5299999713897705,1.5299999713897705,1.5449999570846558,1.5299999713897705,1.5449999570846558,479.0
2024-07-03 11:04:00,IMCC,0.4507000148296356,0.4507000148296356,0.46000000834465027,0.4507000148296356,0.46000000834465027,1540.0
2024-07-03 11:04:00,IMCR,35.939998626708984,35.939998626708984,35.970001220703125,35.939998626708984,35.970001220703125,1355.0
2024-07-03 11:04:00,IMMX,2.3299999237060547,2.3299999237060547,2.394700050354004,2.3299999237060547,2.394700050354004,3484.0
2024-07-03 11:04:00,IMNM,12.050000190734863,12.050000190734863,12.050000190734863,12.050000190734863,12.050000190734863,316.0
2024-07-03 11:04:00,IMRX,1.1480000019073486,1.1480000019073486,1.1480000019073486,1.1480000019073486,1.1480000019073486,340.0
2024-07-03 11:04:00,IMVT,26.6200008392334,26.6200008392334,26.65999984741211,26.6200008392334,26.65999984741211,47.0
2024-07-03 11:04:00,INAB,0.800000011920929,0.800000011920929,0.800000011920929,0.800000011920929,0.800000011920929,3705.0
2024-07-03 11:04:00,INCY,57.68000030517578,57.68000030517578,57.720001220703125,57.68000030517578,57.709999084472656,4663.0
2024-07-03 11:04:00,INSM,62.150001525878906,62.150001525878906,62.20500183105469,62.150001525878906,62.15999984741211,2156.0
2024-07-03 11:04:00,INZY,4.467700004577637,4.467700004577637,4.500899791717529,4.460000038146973,4.48960018157959,32456.0
2024-07-03 11:04:00,IONM,0.32260000705718994,0.32260000705718994,0.32260000705718994,0.32260000705718994,0.32260000705718994,594.0
2024-07-03 11:04:00,IONS,44.494998931884766,44.494998931884766,44.494998931884766,44.439998626708984,44.439998626708984,3943.0
2024-07-03 11:04:00,IOVA,7.625,7.625,7.639999866485596,7.620100021362305,7.635000228881836,25014.0
2024-07-03 11:04:00,IRWD,6.135000228881836,6.135000228881836,6.135000228881836,6.135000228881836,6.135000228881836,575.0
2024-07-03 11:04:00,ISRG,433.85400390625,433.85400390625,433.8800048828125,433.42498779296875,433.42498779296875,2084.0
2024-07-03 11:04:00,ITCI,68.0999984741211,68.0999984741211,68.0999984741211,68.05999755859375,68.05999755859375,640.0
2024-07-03 11:04:00,JANX,38.0099983215332,38.0099983215332,38.0099983215332,38.0099983215332,38.0099983215332,341.0
2024-07-03 11:04:00,JAZZ,104.38500213623047,104.38500213623047,104.38500213623047,104.38500213623047,104.38500213623047,921.0
2024-07-03 11:04:00,KALA,6.769999980926514,6.769999980926514,6.769999980926514,6.769999980926514,6.769999980926514,47.0
2024-07-03 11:04:00,KMDA,5.179999828338623,5.179999828338623,5.179999828338623,5.179999828338623,5.179999828338623,100.0
2024-07-03 11:04:00,KNSA,18.825000762939453,18.825000762939453,18.825000762939453,18.825000762939453,18.825000762939453,122.0
2024-07-03 11:04:00,KPTI,0.8342000246047974,0.8342000246047974,0.8349999785423279,0.8342000246047974,0.8349999785423279,702.0
2024-07-03 11:04:00,KRMD,2.3299999237060547,2.3299999237060547,2.3299999237060547,2.3299999237060547,2.3299999237060547,1276.0
2024-07-03 11:04:00,KROS,42.36000061035156,42.36000061035156,42.36000061035156,42.36000061035156,42.36000061035156,455.0
2024-07-03 11:04:00,KTRA,0.2840000092983246,0.2840000092983246,0.2840000092983246,0.2833000123500824,0.2833000123500824,1618.0
2024-07-03 11:04:00,KURA,20.420000076293945,20.420000076293945,20.440000534057617,20.40999984741211,20.40999984741211,1265.0
2024-07-03 11:04:00,KZR,0.5699999928474426,0.5699999928474426,0.5716000199317932,0.5699999928474426,0.5716000199317932,1800.0
2024-07-03 11:04:00,LAB,1.7999999523162842,1.7999999523162842,1.7999999523162842,1.7949999570846558,1.7949999570846558,1579.0
2024-07-03 11:04:00,LBPH,32.61009979248047,32.61009979248047,32.61009979248047,32.61009979248047,32.61009979248047,467.0
2024-07-03 11:04:00,LEGN,45.7400016784668,45.7400016784668,45.79999923706055,45.7400016784668,45.79999923706055,1193.0
2024-07-03 11:04:00,LFMD,6.736199855804443,6.736199855804443,6.736199855804443,6.736199855804443,6.736199855804443,2306.0
2024-07-03 11:04:00,LFST,5.114999771118164,5.114999771118164,5.119999885559082,5.114999771118164,5.119999885559082,767.0
2024-07-03 11:04:00,LGVN,1.5994000434875488,1.5994000434875488,1.600000023841858,1.5994000434875488,1.600000023841858,9336.0
2024-07-03 11:04:00,LIVN,52.69499969482422,52.69499969482422,52.70000076293945,52.53499984741211,52.53499984741211,2657.0
2024-07-03 11:04:00,LPTX,1.7799999713897705,1.7799999713897705,1.7799999713897705,1.7799999713897705,1.7799999713897705,2412.0
2024-07-03 11:04:00,LQDA,11.930000305175781,11.930000305175781,11.930000305175781,11.930000305175781,11.930000305175781,505.0
2024-07-03 11:04:00,LUCY,0.4717000126838684,0.4717000126838684,0.4749999940395355,0.4717000126838684,0.4749999940395355,17250.0
2024-07-03 11:04:00,LXRX,1.6050000190734863,1.6050000190734863,1.6050000190734863,1.600000023841858,1.600000023841858,2005.0
2024-07-03 11:04:00,LYEL,1.4800000190734863,1.4800000190734863,1.4800000190734863,1.475000023841858,1.4800000190734863,4409.0
2024-07-03 11:04:00,LYRA,0.287200003862381,0.287200003862381,0.287200003862381,0.287200003862381,0.287200003862381,613.0
2024-07-03 11:04:00,MBIO,0.5041999816894531,0.5041999816894531,0.5045999884605408,0.5020999908447266,0.5023000240325928,54599.0
2024-07-03 11:04:00,MCRB,0.7264999747276306,0.7264999747276306,0.7264999747276306,0.7264999747276306,0.7264999747276306,91.0
2024-07-03 11:04:00,ME,0.40230000019073486,0.40230000019073486,0.40299999713897705,0.40230000019073486,0.40230000019073486,2010.0
2024-07-03 11:04:00,MGNX,4.224999904632568,4.224999904632568,4.224999904632568,4.224999904632568,4.224999904632568,427.0
2024-07-03 11:04:00,MGTX,3.9800000190734863,3.9800000190734863,3.9800000190734863,3.9800000190734863,3.9800000190734863,356.0
2024-07-03 11:04:00,MLTX,41.13999938964844,41.13999938964844,41.13999938964844,41.13999938964844,41.13999938964844,597.0
2024-07-03 11:04:00,MMSI,85.97000122070312,85.97000122070312,85.98999786376953,85.90499877929688,85.90499877929688,1719.0
2024-07-03 11:04:00,MNMD,7.246200084686279,7.246200084686279,7.246200084686279,7.246200084686279,7.246200084686279,1426.0
2024-07-03 11:04:00,MOR,18.200000762939453,18.200000762939453,18.200000762939453,18.200000762939453,18.200000762939453,5872.0
2024-07-03 11:04:00,MREO,3.5250000953674316,3.5250000953674316,3.5250000953674316,3.5250000953674316,3.5250000953674316,300.0
2024-07-03 11:04:00,MRNA,116.08000183105469,116.08000183105469,116.0990982055664,115.95169830322266,116.05000305175781,2572.0
2024-07-03 11:04:00,MRNS,1.2095999717712402,1.2095999717712402,1.2095999717712402,1.2050000429153442,1.2095999717712402,928.0
2024-07-03 11:04:00,MRSN,1.8700000047683716,1.8700000047683716,1.8700000047683716,1.8700000047683716,1.8700000047683716,335.0
2024-07-03 11:04:00,MXCT,3.684999942779541,3.684999942779541,3.684999942779541,3.684999942779541,3.684999942779541,400.0
2024-07-03 11:04:00,MYGN,25.049999237060547,25.049999237060547,25.100000381469727,25.049999237060547,25.100000381469727,623.0
2024-07-03 11:04:00,MYNZ,0.36000001430511475,0.36000001430511475,0.36000001430511475,0.3490000069141388,0.3490000069141388,10340.0
2024-07-03 11:04:00,NARI,49.54499816894531,49.54499816894531,49.58000183105469,49.54499816894531,49.54499816894531,838.0
2024-07-03 11:04:00,NBIX,137.97000122070312,137.97000122070312,137.97000122070312,137.97000122070312,137.97000122070312,849.0
2024-07-03 11:04:00,NDRA,0.08489999920129776,0.08489999920129776,0.08510000258684158,0.08489999920129776,0.08510000258684158,84163.0
2024-07-03 11:04:00,NEO,13.619999885559082,13.619999885559082,13.619999885559082,13.619999885559082,13.619999885559082,320.0
2024-07-03 11:04:00,NEOG,15.234999656677246,15.234999656677246,15.234999656677246,15.229999542236328,15.229999542236328,1731.0
2024-07-03 11:04:00,NKTR,1.2350000143051147,1.2350000143051147,1.2350000143051147,1.2350000143051147,1.2350000143051147,288.0
2024-07-03 11:04:00,NKTX,5.349999904632568,5.349999904632568,5.360000133514404,5.349999904632568,5.360000133514404,810.0
2024-07-03 11:04:00,NLSP,0.20110000669956207,0.20110000669956207,0.20110000669956207,0.20110000669956207,0.20110000669956207,0.0
2024-07-03 11:04:00,NMTC,0.8748999834060669,0.8748999834060669,0.8748999834060669,0.8748999834060669,0.8748999834060669,169.0
2024-07-03 11:04:00,NOTV,1.6799999475479126,1.6799999475479126,1.6799999475479126,1.6799999475479126,1.6799999475479126,1157.0
2024-07-03 11:04:00,NRC,22.875,22.875,22.875,22.875,22.875,516.0
2024-07-03 11:04:00,NRIX,19.690000534057617,19.690000534057617,19.690000534057617,19.690000534057617,19.690000534057617,498.0
2024-07-03 11:04:00,NRSN,1.3193999528884888,1.3193999528884888,1.3193999528884888,1.3193999528884888,1.3193999528884888,551.0
2024-07-03 11:04:00,NTLA,22.594999313354492,22.594999313354492,22.600000381469727,22.56999969482422,22.56999969482422,1352.0
2024-07-03 11:04:00,NTRA,111.41500091552734,111.41500091552734,111.41500091552734,111.41000366210938,111.41000366210938,244.0
2024-07-03 11:04:00,NUTX,5.260000228881836,5.260000228881836,5.260000228881836,5.260000228881836,5.260000228881836,124.0
2024-07-03 11:04:00,NUVL,71.62000274658203,71.62000274658203,71.62000274658203,71.62000274658203,71.62000274658203,988.0
2024-07-03 11:04:00,NVAX,12.669899940490723,12.669899940490723,12.670000076293945,12.649999618530273,12.65999984741211,9858.0
2024-07-03 11:04:00,NVCR,16.704999923706055,16.704999923706055,16.729999542236328,16.700000762939453,16.725000381469727,1692.0
2024-07-03 11:04:00,NXL,1.399999976158142,1.399999976158142,1.4098999500274658,1.399999976158142,1.4098999500274658,1576.0
2024-07-03 11:04:00,OCGN,1.625,1.625,1.625,1.625,1.625,115.0
2024-07-03 11:04:00,OCUL,6.704999923706055,6.704999923706055,6.704999923706055,6.704999923706055,6.704999923706055,414.0
2024-07-03 11:04:00,OGI,1.5901000499725342,1.5901000499725342,1.5901000499725342,1.5901000499725342,1.5901000499725342,515.0
2024-07-03 11:04:00,OLMA,10.574999809265137,10.574999809265137,10.574999809265137,10.574999809265137,10.574999809265137,81.0
2024-07-03 11:04:00,OM,3.809999942779541,3.809999942779541,3.809999942779541,3.805000066757202,3.805000066757202,400.0
2024-07-03 11:04:00,OMCL,26.420000076293945,26.420000076293945,26.420000076293945,26.420000076293945,26.420000076293945,210.0
2024-07-03 11:04:00,OMGA,1.9800000190734863,1.9800000190734863,1.9800000190734863,1.9700000286102295,1.9700000286102295,362.0
2024-07-03 11:05:00,ABCL,2.7300000190734863,2.7300000190734863,2.7300000190734863,2.7300000190734863,2.7300000190734863,1006.0
2024-07-03 11:05:00,ABEO,4.309999942779541,4.309999942779541,4.309999942779541,4.309999942779541,4.309999942779541,724.0
2024-07-03 11:05:00,ABIO,3.600100040435791,3.600100040435791,3.680000066757202,3.5999999046325684,3.5999999046325684,2679.0
2024-07-03 11:05:00,ABSI,3.2049999237060547,3.2049999237060547,3.2100000381469727,3.2049999237060547,3.2100000381469727,1219.0
2024-07-03 11:05:00,ABUS,3.1549999713897705,3.1549999713897705,3.1549999713897705,3.1549999713897705,3.1549999713897705,543.0
2024-07-03 11:05:00,ACAD,15.579999923706055,15.579999923706055,15.630000114440918,15.579999923706055,15.630000114440918,5133.0
2024-07-03 11:05:00,ACB,4.920000076293945,4.920000076293945,4.931700229644775,4.920000076293945,4.931700229644775,4416.0
2024-07-03 11:05:00,ACCD,3.5450000762939453,3.5450000762939453,3.549999952316284,3.5399999618530273,3.549999952316284,23645.0
2024-07-03 11:05:00,ACET,1.0549999475479126,1.0549999475479126,1.059999942779541,1.0500999689102173,1.0549999475479126,15280.0
2024-07-03 11:05:00,ACHC,66.27749633789062,66.27749633789062,66.28250122070312,66.26499938964844,66.26499938964844,1446.0
2024-07-03 11:05:00,ACIU,3.880000114440918,3.880000114440918,3.880000114440918,3.880000114440918,3.880000114440918,0.0
2024-07-03 11:05:00,ACRS,1.1699999570846558,1.1699999570846558,1.1699999570846558,1.1699999570846558,1.1699999570846558,1405.0
2024-07-03 11:05:00,ADAP,1.0199999809265137,1.0199999809265137,1.024999976158142,1.0199999809265137,1.024999976158142,5100.0
2024-07-03 11:05:00,ADMA,11.25,11.25,11.274999618530273,11.25,11.255000114440918,11406.0
2024-07-03 11:05:00,ADUS,116.38999938964844,116.38999938964844,116.38999938964844,116.38999938964844,116.38999938964844,378.0
2024-07-03 11:05:00,AEMD,0.41600000858306885,0.41600000858306885,0.41600000858306885,0.41600000858306885,0.41600000858306885,12972.0
2024-07-03 11:05:00,AGEN,14.40999984741211,14.40999984741211,14.40999984741211,14.40999984741211,14.40999984741211,264.0
2024-07-03 11:05:00,AHCO,9.8100004196167,9.8100004196167,9.8100004196167,9.8100004196167,9.8100004196167,577.0
2024-07-03 11:05:00,AIMD,0.8192999958992004,0.8192999958992004,0.8192999958992004,0.8192999958992004,0.8192999958992004,328.0
2024-07-03 11:05:00,AKAN,2.240000009536743,2.240000009536743,2.240000009536743,2.240000009536743,2.240000009536743,400.0
2024-07-03 11:05:00,AKBA,0.9462000131607056,0.9462000131607056,0.9462000131607056,0.9447000026702881,0.9449999928474426,8164.0
2024-07-03 11:05:00,AKRO,22.03499984741211,22.03499984741211,22.03499984741211,22.030000686645508,22.030000686645508,1103.0
2024-07-03 11:05:00,AKYA,2.125,2.125,2.125,2.125,2.125,863.0
2024-07-03 11:05:00,ALEC,4.465000152587891,4.465000152587891,4.465000152587891,4.465000152587891,4.465000152587891,205.0
2024-07-03 11:05:00,ALHC,7.920000076293945,7.920000076293945,7.940000057220459,7.909999847412109,7.940000057220459,1782.0
2024-07-03 11:05:00,ALKS,24.280000686645508,24.280000686645508,24.280000686645508,24.270000457763672,24.280000686645508,2170.0
2024-07-03 11:05:00,ALLO,2.130199909210205,2.130199909210205,2.134999990463257,2.130199909210205,2.134999990463257,2594.0
2024-07-03 11:05:00,ALLR,0.20399999618530273,0.20399999618530273,0.20479999482631683,0.20399999618530273,0.20399999618530273,1489.0
2024-07-03 11:05:00,ALNY,246.1999969482422,246.1999969482422,246.3699951171875,246.06500244140625,246.06500244140625,607.0
2024-07-03 11:05:00,ALT,6.630000114440918,6.630000114440918,6.639999866485596,6.625,6.630000114440918,3769.0
2024-07-03 11:05:00,ALVO,12.329999923706055,12.329999923706055,12.329999923706055,12.329999923706055,12.329999923706055,551.0
2024-07-03 11:05:00,ALVR,0.7350000143051147,0.7350000143051147,0.7350999712944031,0.7350000143051147,0.7350999712944031,661.0
2024-07-03 11:05:00,ALXO,5.829999923706055,5.829999923706055,5.840000152587891,5.829999923706055,5.840000152587891,628.0
2024-07-03 11:05:00,AMED,97.11000061035156,97.11000061035156,97.16999816894531,96.95999908447266,96.95999908447266,4548.0
2024-07-03 11:05:00,AMGN,307.1485900878906,307.1485900878906,307.2099914550781,306.6700134277344,306.8399963378906,5533.0
2024-07-03 11:05:00,AMLX,1.7549999952316284,1.7549999952316284,1.7549999952316284,1.7549999952316284,1.7549999952316284,1301.0
2024-07-03 11:05:00,AMPH,38.2400016784668,38.2400016784668,38.2400016784668,38.2400016784668,38.2400016784668,270.0
2024-07-03 11:05:00,AMRN,0.7008000016212463,0.7008000016212463,0.7038000226020813,0.7008000016212463,0.7038000226020813,38100.0
2024-07-03 11:05:00,ANGO,5.624199867248535,5.624199867248535,5.624199867248535,5.614999771118164,5.619999885559082,8316.0
2024-07-03 11:05:00,ANNX,4.800000190734863,4.800000190734863,4.800000190734863,4.795000076293945,4.795000076293945,1066.0
2024-07-03 11:05:00,ANTX,2.609999895095825,2.609999895095825,2.639899969100952,2.5862998962402344,2.625,24807.0
2024-07-03 11:05:00,APLS,35.7599983215332,35.7599983215332,35.7599983215332,35.7599983215332,35.7599983215332,200.0
2024-07-03 11:05:00,APLT,4.349999904632568,4.349999904632568,4.349999904632568,4.349999904632568,4.349999904632568,920.0
2024-07-03 11:05:00,APYX,1.3837000131607056,1.3837000131607056,1.3837000131607056,1.3837000131607056,1.3837000131607056,800.0
2024-07-03 11:05:00,ARAY,1.7574000358581543,1.7574000358581543,1.7574000358581543,1.7574000358581543,1.7574000358581543,650.0
2024-07-03 11:05:00,ARCT,21.385000228881836,21.385000228881836,21.43000030517578,21.3700008392334,21.43000030517578,3307.0
2024-07-03 11:05:00,ARDX,5.204999923706055,5.204999923706055,5.210000038146973,5.200099945068359,5.204999923706055,4475.0
2024-07-03 11:05:00,ARQT,9.630000114440918,9.630000114440918,9.640000343322754,9.619999885559082,9.619999885559082,2367.0
2024-07-03 11:05:00,ASRT,1.3294999599456787,1.3294999599456787,1.3301000595092773,1.3294999599456787,1.3301000595092773,4927.0
2024-07-03 11:05:00,ATAI,1.2899999618530273,1.2899999618530273,1.2899999618530273,1.2899999618530273,1.2899999618530273,1669.0
2024-07-03 11:05:00,ATEC,9.869999885559082,9.869999885559082,9.880000114440918,9.864999771118164,9.880000114440918,1279.0
2024-07-03 11:05:00,ATRA,7.610000133514404,7.610000133514404,7.649899959564209,7.610000133514404,7.649899959564209,245.0
2024-07-03 11:05:00,ATRC,22.280000686645508,22.280000686645508,22.280000686645508,22.190000534057617,22.190000534057617,2792.0
2024-07-03 11:05:00,AUGX,1.0,1.0,1.0,1.0,1.0,102.0
2024-07-03 11:05:00,AUPH,5.465000152587891,5.465000152587891,5.465000152587891,5.465000152587891,5.465000152587891,401.0
2024-07-03 11:05:00,AVDL,14.289899826049805,14.289899826049805,14.289999961853027,14.289899826049805,14.289999961853027,211.0
2024-07-03 11:05:00,AVIR,3.315000057220459,3.315000057220459,3.317500114440918,3.315000057220459,3.317500114440918,798.0
2024-07-03 11:05:00,AVTE,1.600000023841858,1.600000023841858,1.600000023841858,1.600000023841858,1.600000023841858,200.0
2024-07-03 11:05:00,AVXL,4.25,4.25,4.25,4.25,4.25,3770.0
2024-07-03 11:05:00,AWH,0.9800000190734863,0.9800000190734863,0.9900000095367432,0.9800000190734863,0.9900000095367432,3457.0
2024-07-03 11:05:00,AXSM,79.91999816894531,79.91999816894531,79.93499755859375,79.87999725341797,79.87999725341797,2873.0
2024-07-03 11:05:00,AZN,76.66999816894531,76.66999816894531,76.66999816894531,76.62000274658203,76.625,5322.0
2024-07-03 11:05:00,BBIO,25.209999084472656,25.209999084472656,25.209999084472656,25.209999084472656,25.209999084472656,854.0
2024-07-03 11:05:00,BCAB,1.350000023841858,1.350000023841858,1.350000023841858,1.340000033378601,1.3450000286102295,2994.0
2024-07-03 11:05:00,BEAM,23.729999542236328,23.729999542236328,23.729999542236328,23.690000534057617,23.719999313354492,2252.0
2024-07-03 11:05:00,BGNE,146.57000732421875,146.57000732421875,146.57000732421875,146.57000732421875,146.57000732421875,545.0
2024-07-03 11:05:00,BIIB,222.92730712890625,222.92730712890625,222.92730712890625,222.83009338378906,222.9250030517578,1046.0
2024-07-03 11:05:00,BLUE,0.9235000014305115,0.9235000014305115,0.9254000186920166,0.9221000075340271,0.9221000075340271,7682.0
2024-07-03 11:05:00,BMRN,81.29000091552734,81.29000091552734,81.29000091552734,81.18000030517578,81.22000122070312,6311.0
2024-07-03 11:05:00,BNGO,0.560699999332428,0.560699999332428,0.5612999796867371,0.5601999759674072,0.5612999796867371,23677.0
2024-07-03 11:05:00,BNOX,0.675000011920929,0.675000011920929,0.675000011920929,0.675000011920929,0.675000011920929,1198.0
2024-07-03 11:05:00,BNTX,79.98999786376953,79.98999786376953,79.98999786376953,79.87000274658203,79.87000274658203,2634.0
2024-07-03 11:05:00,BPMC,110.67500305175781,110.67500305175781,110.67500305175781,110.67500305175781,110.67500305175781,675.0
2024-07-03 11:05:00,BRKR,61.66999816894531,61.66999816894531,61.689998626708984,61.650001525878906,61.650001525878906,1561.0
2024-07-03 11:05:00,BTAI,1.090000033378601,1.090000033378601,1.0950000286102295,1.090000033378601,1.0950000286102295,322.0
2024-07-03 11:05:00,CABA,7.610000133514404,7.610000133514404,7.610000133514404,7.610000133514404,7.610000133514404,408.0
2024-07-03 11:05:00,CAPR,4.75,4.75,4.75,4.75,4.75,101.0
2024-07-03 11:05:00,CARA,0.2874000072479248,0.2874000072479248,0.2874000072479248,0.2874000072479248,0.2874000072479248,3201.0
2024-07-03 11:05:00,CCCC,4.684999942779541,4.684999942779541,4.690000057220459,4.684999942779541,4.690000057220459,1153.0
2024-07-03 11:05:00,CCRN,13.729999542236328,13.729999542236328,13.729999542236328,13.729999542236328,13.729999542236328,1682.0
2024-07-03 11:05:00,CDMO,7.440000057220459,7.440000057220459,7.440000057220459,7.429999828338623,7.440000057220459,575.0
2024-07-03 11:05:00,CDNA,15.129899978637695,15.129899978637695,15.129899978637695,15.129899978637695,15.129899978637695,1489.0
2024-07-03 11:05:00,CELC,16.219999313354492,16.219999313354492,16.219999313354492,16.219999313354492,16.219999313354492,356.0
2024-07-03 11:05:00,CERS,1.7200000286102295,1.7200000286102295,1.7200000286102295,1.7200000286102295,1.7200000286102295,4606.0
2024-07-03 11:05:00,CERT,13.854999542236328,13.854999542236328,13.854999542236328,13.854999542236328,13.854999542236328,385.0
2024-07-03 11:05:00,CGC,6.619999885559082,6.619999885559082,6.688799858093262,6.619999885559082,6.684999942779541,13987.0
2024-07-03 11:05:00,CGEM,16.895000457763672,16.895000457763672,16.895000457763672,16.895000457763672,16.895000457763672,1417.0
2024-07-03 11:05:00,CKPT,2.249000072479248,2.249000072479248,2.2492001056671143,2.249000072479248,2.2492001056671143,900.0
2024-07-03 11:05:00,CLDX,36.55500030517578,36.55500030517578,36.560001373291016,36.55500030517578,36.560001373291016,465.0
2024-07-03 11:05:00,CLNN,0.33009999990463257,0.33009999990463257,0.3310000002384186,0.33009999990463257,0.3310000002384186,4770.0
2024-07-03 11:05:00,CMPS,6.369999885559082,6.369999885559082,6.373000144958496,6.369999885559082,6.373000144958496,1080.0
2024-07-03 11:05:00,CNSP,2.138000011444092,2.138000011444092,2.150700092315674,2.1203999519348145,2.1203999519348145,18220.0
2024-07-03 11:05:00,COGT,8.3100004196167,8.3100004196167,8.319999694824219,8.3100004196167,8.319999694824219,302.0
2024-07-03 11:05:00,COLL,32.25040054321289,32.25040054321289,32.25040054321289,32.25040054321289,32.25040054321289,156.0
2024-07-03 11:05:00,CORT,30.545000076293945,30.545000076293945,30.690000534057617,30.479999542236328,30.690000534057617,23054.0
2024-07-03 11:05:00,COSM,0.949999988079071,0.949999988079071,0.949999988079071,0.949999988079071,0.949999988079071,5380.0
2024-07-03 11:05:00,CPRX,15.470000267028809,15.470000267028809,15.470000267028809,15.470000267028809,15.470000267028809,1341.0
2024-07-03 11:05:00,CRBP,49.005001068115234,49.005001068115234,49.005001068115234,49.005001068115234,49.005001068115234,1538.0
2024-07-03 11:05:00,CRBU,1.590000033378601,1.590000033378601,1.590000033378601,1.5850000381469727,1.5850000381469727,723.0
2024-07-03 11:05:00,CRDF,2.255000114440918,2.255000114440918,2.2699999809265137,2.255000114440918,2.265000104904175,5021.0
2024-07-03 11:05:00,CRMD,4.139999866485596,4.139999866485596,4.150000095367432,4.139999866485596,4.150000095367432,2876.0
2024-07-03 11:05:00,CRNX,44.959999084472656,44.959999084472656,45.0,44.959999084472656,45.0,1058.0
2024-07-03 11:05:00,CRON,2.3350000381469727,2.3350000381469727,2.3399999141693115,2.3350000381469727,2.3399999141693115,5121.0
2024-07-03 11:05:00,CRSP,53.880001068115234,53.880001068115234,53.90999984741211,53.86000061035156,53.88999938964844,6696.0
2024-07-03 11:05:00,CTKB,5.684999942779541,5.684999942779541,5.684999942779541,5.684999942779541,5.684999942779541,1651.0
2024-07-03 11:05:00,CTXR,0.5101000070571899,0.5101000070571899,0.5101000070571899,0.5101000070571899,0.5101000070571899,12283.0
2024-07-03 11:05:00,CUE,1.0099999904632568,1.0099999904632568,1.0099999904632568,1.0099999904632568,1.0099999904632568,201.0
2024-07-03 11:05:00,CVAC,3.4000000953674316,3.4000000953674316,3.4049999713897705,3.375,3.375,15600.0
2024-07-03 11:05:00,CVRX,11.619999885559082,11.619999885559082,11.619999885559082,11.619999885559082,11.619999885559082,500.0
2024-07-03 11:05:00,DAWN,13.359999656677246,13.359999656677246,13.359999656677246,13.359999656677246,13.359999656677246,649.0
2024-07-03 11:05:00,DVAX,11.079999923706055,11.079999923706055,11.079999923706055,11.079999923706055,11.079999923706055,346.0
2024-07-03 11:05:00,DXCM,110.2699966430664,110.2699966430664,110.37000274658203,110.24009704589844,110.37000274658203,5772.0
2024-07-03 11:05:00,EDIT,4.65500020980835,4.65500020980835,4.65500020980835,4.650000095367432,4.65500020980835,761.0
2024-07-03 11:05:00,ELEV,2.6677000522613525,2.6677000522613525,2.6677000522613525,2.6677000522613525,2.6677000522613525,281.0
2024-07-03 11:05:00,ELYM,6.815000057220459,6.815000057220459,6.820000171661377,6.815000057220459,6.820000171661377,730.0
2024-07-03 11:05:00,EMBC,12.050000190734863,12.050000190734863,12.069999694824219,12.050000190734863,12.069999694824219,1792.0
2024-07-03 11:05:00,EOLS,10.880000114440918,10.880000114440918,10.880000114440918,10.869999885559082,10.869999885559082,451.0
2024-07-03 11:05:00,ESPR,2.3350000381469727,2.3350000381469727,2.3450000286102295,2.3350000381469727,2.3450000286102295,65748.0
2024-07-03 11:05:00,ETNB,7.539999961853027,7.539999961853027,7.550000190734863,7.5,7.53000020980835,21593.0
2024-07-03 11:05:00,EVO,5.059999942779541,5.059999942779541,5.079999923706055,5.059999942779541,5.079999923706055,637.0
2024-07-03 11:05:00,EWTX,18.09000015258789,18.09000015258789,18.09000015258789,18.09000015258789,18.09000015258789,282.0
2024-07-03 11:05:00,EXAS,42.86000061035156,42.86000061035156,42.86000061035156,42.86000061035156,42.86000061035156,140.0
2024-07-03 11:05:00,EXEL,21.989999771118164,21.989999771118164,21.989999771118164,21.989999771118164,21.989999771118164,295.0
2024-07-03 11:05:00,EYEN,0.7892000079154968,0.7892000079154968,0.7892000079154968,0.7892000079154968,0.7892000079154968,410.0
2024-07-03 11:05:00,EYPT,8.319999694824219,8.319999694824219,8.329999923706055,8.319999694824219,8.329999923706055,1148.0
2024-07-03 11:05:00,FATE,3.2049999237060547,3.2049999237060547,3.2100000381469727,3.2049999237060547,3.2049999237060547,709.0
2024-07-03 11:05:00,FDMT,21.010000228881836,21.010000228881836,21.010000228881836,21.010000228881836,21.010000228881836,599.0
2024-07-03 11:05:00,FGEN,0.7193999886512756,0.7193999886512756,0.7193999886512756,0.7160999774932861,0.7160999774932861,20745.0
2024-07-03 11:05:00,FNCH,1.2799999713897705,1.2799999713897705,1.2799999713897705,1.2799999713897705,1.2799999713897705,100.0
2024-07-03 11:05:00,GERN,4.335000038146973,4.335000038146973,4.335000038146973,4.324999809265137,4.324999809265137,10072.0
2024-07-03 11:05:00,GH,28.140899658203125,28.140899658203125,28.172300338745117,28.1299991607666,28.172300338745117,5235.0
2024-07-03 11:05:00,GILD,66.80999755859375,66.80999755859375,66.80999755859375,66.7699966430664,66.7699966430664,5027.0
2024-07-03 11:05:00,GLTO,0.5031999945640564,0.5031999945640564,0.5031999945640564,0.5031999945640564,0.5031999945640564,3881.0
2024-07-03 11:05:00,GLUE,3.740000009536743,3.740000009536743,3.740000009536743,3.7149999141693115,3.7149999141693115,626.0
2024-07-03 11:05:00,GMAB,25.21500015258789,25.21500015258789,25.21500015258789,25.209999084472656,25.209999084472656,647.0
2024-07-03 11:05:00,GOVX,2.970099925994873,2.970099925994873,2.970099925994873,2.970099925994873,2.970099925994873,1514.0
2024-07-03 11:05:00,GRFS,6.679999828338623,6.679999828338623,6.679999828338623,6.679999828338623,6.679999828338623,1205.0
2024-07-03 11:05:00,GRTS,0.5889000296592712,0.5889000296592712,0.5889999866485596,0.5889000296592712,0.5889999866485596,2149.0
2024-07-03 11:05:00,GTHX,2.5,2.5,2.5,2.5,2.5,867.0
2024-07-03 11:05:00,HALO,51.59000015258789,51.59000015258789,51.619998931884766,51.525001525878906,51.525001525878906,2798.0
2024-07-03 11:05:00,HITI,2.119999885559082,2.119999885559082,2.119999885559082,2.119999885559082,2.119999885559082,7160.0
2024-07-03 11:05:00,HOLX,73.4000015258789,73.4000015258789,73.41000366210938,73.38999938964844,73.38999938964844,1857.0
2024-07-03 11:05:00,HOOK,0.5927000045776367,0.5927000045776367,0.5927000045776367,0.5927000045776367,0.5927000045776367,200.0
2024-07-03 11:05:00,HOWL,2.109999895095825,2.109999895095825,2.109999895095825,2.109999895095825,2.109999895095825,107.0
2024-07-03 11:05:00,HQY,83.13999938964844,83.13999938964844,83.13999938964844,83.13999938964844,83.13999938964844,597.0
2024-07-03 11:05:00,HRMY,30.149999618530273,30.149999618530273,30.149999618530273,30.149999618530273,30.149999618530273,917.0
2024-07-03 11:05:00,HROW,21.700000762939453,21.700000762939453,21.700000762939453,21.700000762939453,21.700000762939453,1101.0
2024-07-03 11:05:00,HRTX,2.7799999713897705,2.7799999713897705,2.7950000762939453,2.7799999713897705,2.7950000762939453,2672.0
2024-07-03 11:05:00,HSCS,5.069200038909912,5.069200038909912,5.069200038909912,4.960000038146973,4.96999979019165,803.0
2024-07-03 11:05:00,HSIC,65.2249984741211,65.2249984741211,65.2249984741211,65.2249984741211,65.2249984741211,945.0
2024-07-03 11:05:00,HUGE,0.14499999582767487,0.14499999582767487,0.14499999582767487,0.14499999582767487,0.14499999582767487,1750.0
2024-07-03 11:05:00,HUMA,5.639999866485596,5.639999866485596,5.639999866485596,5.599999904632568,5.605000019073486,7986.0
2024-07-03 11:05:00,IART,28.950000762939453,28.950000762939453,28.950000762939453,28.950000762939453,28.950000762939453,3653.0
2024-07-03 11:05:00,IBRX,6.21999979019165,6.21999979019165,6.239999771118164,6.21999979019165,6.239999771118164,5017.0
2024-07-03 11:05:00,IDYA,33.584999084472656,33.584999084472656,33.584999084472656,33.584999084472656,33.584999084472656,341.0
2024-07-03 11:05:00,IGMS,6.5,6.5,6.5,6.5,6.5,102.0
2024-07-03 11:05:00,IKNA,1.6399999856948853,1.6399999856948853,1.6399999856948853,1.6399999856948853,1.6399999856948853,166.0
2024-07-03 11:05:00,ILMN,105.13500213623047,105.13500213623047,105.13500213623047,105.13500213623047,105.13500213623047,196.0
2024-07-03 11:05:00,IMAB,1.5449999570846558,1.5449999570846558,1.5449999570846558,1.5449999570846558,1.5449999570846558,504.0
2024-07-03 11:05:00,IMMX,2.369999885559082,2.369999885559082,2.369999885559082,2.3101000785827637,2.3350000381469727,11213.0
2024-07-03 11:05:00,IMNM,12.050000190734863,12.050000190734863,12.050000190734863,12.050000190734863,12.050000190734863,540.0
2024-07-03 11:05:00,IMVT,26.655000686645508,26.655000686645508,26.670000076293945,26.645000457763672,26.65999984741211,1002.0
2024-07-03 11:05:00,INBX,13.260000228881836,13.260000228881836,13.270000457763672,13.260000228881836,13.270000457763672,1430.0
2024-07-03 11:05:00,INCY,57.720001220703125,57.720001220703125,57.720001220703125,57.70000076293945,57.70000076293945,1858.0
2024-07-03 11:05:00,INGN,7.909999847412109,7.909999847412109,7.909999847412109,7.909999847412109,7.909999847412109,637.0
2024-07-03 11:05:00,INMD,17.600000381469727,17.600000381469727,17.600000381469727,17.600000381469727,17.600000381469727,1082.0
2024-07-03 11:05:00,INSM,62.029998779296875,62.029998779296875,62.130001068115234,62.029998779296875,62.130001068115234,8116.0
2024-07-03 11:05:00,INZY,4.46999979019165,4.46999979019165,4.46999979019165,4.460000038146973,4.46999979019165,8085.0
2024-07-03 11:05:00,IONS,44.494998931884766,44.494998931884766,44.52000045776367,44.494998931884766,44.52000045776367,788.0
2024-07-03 11:05:00,IOVA,7.614999771118164,7.614999771118164,7.625500202178955,7.614999771118164,7.625500202178955,8781.0
2024-07-03 11:05:00,IPSC,2.244999885559082,2.244999885559082,2.25,2.244999885559082,2.25,810.0
2024-07-03 11:05:00,IRWD,6.119999885559082,6.119999885559082,6.130000114440918,6.119999885559082,6.130000114440918,3818.0
2024-07-03 11:05:00,ISRG,434.17498779296875,434.17498779296875,434.19000244140625,433.8900146484375,433.92999267578125,1981.0
2024-07-03 11:05:00,ITCI,68.0,68.0,68.08999633789062,67.98999786376953,68.08999633789062,2844.0
2024-07-03 11:05:00,ITOS,14.6899995803833,14.6899995803833,14.6899995803833,14.6899995803833,14.6899995803833,751.0
2024-07-03 11:05:00,IVVD,1.1103999614715576,1.1103999614715576,1.1103999614715576,1.1103999614715576,1.1103999614715576,469.0
2024-07-03 11:05:00,KALA,6.769999980926514,6.769999980926514,6.769999980926514,6.769999980926514,6.769999980926514,610.0
2024-07-03 11:05:00,KIDS,29.600000381469727,29.600000381469727,29.690000534057617,29.59000015258789,29.690000534057617,893.0
2024-07-03 11:05:00,KPTI,0.8349999785423279,0.8349999785423279,0.8349999785423279,0.8330000042915344,0.8330000042915344,2534.0
2024-07-03 11:05:00,KRMD,2.325000047683716,2.325000047683716,2.325000047683716,2.325000047683716,2.325000047683716,0.0
2024-07-03 11:05:00,KRON,1.149999976158142,1.149999976158142,1.149999976158142,1.1399999856948853,1.149999976158142,2138.0
2024-07-03 11:05:00,KRYS,177.6999969482422,177.6999969482422,177.74000549316406,177.6999969482422,177.74000549316406,306.0
2024-07-03 11:05:00,KTRA,0.28439998626708984,0.28439998626708984,0.28459998965263367,0.2833999991416931,0.2833999991416931,8662.0
2024-07-03 11:05:00,KYMR,30.344999313354492,30.344999313354492,30.344999313354492,30.344999313354492,30.344999313354492,568.0
2024-07-03 11:05:00,KZR,0.570900022983551,0.570900022983551,0.5712000131607056,0.5701000094413757,0.5706999897956848,13284.0
2024-07-03 11:05:00,LAB,1.7999999523162842,1.7999999523162842,1.7999999523162842,1.7999999523162842,1.7999999523162842,115.0
2024-07-03 11:05:00,LEGN,45.52000045776367,45.52000045776367,45.779998779296875,45.52000045776367,45.779998779296875,4101.0
2024-07-03 11:05:00,LFST,5.114999771118164,5.114999771118164,5.114999771118164,5.110000133514404,5.110000133514404,555.0
2024-07-03 11:05:00,LGND,82.76000213623047,82.76000213623047,82.76000213623047,82.76000213623047,82.76000213623047,305.0
2024-07-03 11:05:00,LGVN,1.5994000434875488,1.5994000434875488,1.600000023841858,1.5994000434875488,1.600000023841858,1710.0
2024-07-03 11:05:00,LIVN,52.75,52.75,52.75,52.69499969482422,52.69499969482422,213.0
2024-07-03 11:05:00,LNTH,79.47000122070312,79.47000122070312,79.4760971069336,79.41999816894531,79.47000122070312,1973.0
2024-07-03 11:05:00,LPTX,1.784999966621399,1.784999966621399,1.7999999523162842,1.784999966621399,1.7999999523162842,1632.0
2024-07-03 11:05:00,LRMR,7.630000114440918,7.630000114440918,7.639999866485596,7.614999771118164,7.630000114440918,3600.0
2024-07-03 11:05:00,LUCY,0.46399998664855957,0.46399998664855957,0.46709999442100525,0.46399998664855957,0.46709999442100525,66890.0
2024-07-03 11:05:00,LXRX,1.600000023841858,1.600000023841858,1.6050000190734863,1.600000023841858,1.600000023841858,1174.0
2024-07-03 11:05:00,LYEL,1.5,1.5,1.5,1.4900000095367432,1.4900000095367432,2776.0
2024-07-03 11:05:00,LYRA,0.287200003862381,0.287200003862381,0.287200003862381,0.287200003862381,0.287200003862381,740.0
2024-07-03 11:05:00,MASI,114.99579620361328,114.99579620361328,114.99579620361328,114.99579620361328,114.99579620361328,750.0
2024-07-03 11:05:00,MBIO,0.5024999976158142,0.5024999976158142,0.5055999755859375,0.5020999908447266,0.5031999945640564,43119.0
2024-07-03 11:05:00,MCRB,0.7210000157356262,0.7210000157356262,0.7210000157356262,0.7210000157356262,0.7210000157356262,1846.0
2024-07-03 11:05:00,MDGL,272.2200012207031,272.2200012207031,272.2200012207031,272.2200012207031,272.2200012207031,218.0
2024-07-03 11:05:00,MDXH,2.3299999237060547,2.3299999237060547,2.3299999237060547,2.3299999237060547,2.3299999237060547,341.0
2024-07-03 11:05:00,ME,0.40230000019073486,0.40230000019073486,0.40299999713897705,0.40230000019073486,0.40299999713897705,8404.0
2024-07-03 11:05:00,MLTX,41.22999954223633,41.22999954223633,41.22999954223633,41.13999938964844,41.13999938964844,1177.0
2024-07-03 11:05:00,MNKD,5.074999809265137,5.074999809265137,5.074999809265137,5.070000171661377,5.070000171661377,660.0
2024-07-03 11:05:00,MOR,18.209999084472656,18.209999084472656,18.209999084472656,18.209999084472656,18.209999084472656,1171.0
2024-07-03 11:05:00,MORF,31.910999298095703,31.910999298095703,31.910999298095703,31.910999298095703,31.910999298095703,211.0
2024-07-03 11:05:00,MOTS,0.050200000405311584,0.050200000405311584,0.050200000405311584,0.050200000405311584,0.050200000405311584,12092.0
2024-07-03 11:05:00,MREO,3.5250000953674316,3.5250000953674316,3.5250000953674316,3.5250000953674316,3.5250000953674316,246.0
2024-07-03 11:05:00,MRNA,116.11499786376953,116.11499786376953,116.125,116.08000183105469,116.08000183105469,1234.0
2024-07-03 11:05:00,MRSN,1.8700000047683716,1.8700000047683716,1.8799999952316284,1.8700000047683716,1.8700000047683716,410.0
2024-07-03 11:05:00,MRVI,6.800000190734863,6.800000190734863,6.809999942779541,6.800000190734863,6.809999942779541,1505.0
2024-07-03 11:05:00,MXCT,3.690000057220459,3.690000057220459,3.690000057220459,3.690000057220459,3.690000057220459,378.0
2024-07-03 11:05:00,MYGN,25.094999313354492,25.094999313354492,25.094999313354492,25.094999313354492,25.094999313354492,200.0
2024-07-03 11:05:00,NARI,49.54499816894531,49.54499816894531,49.54499816894531,49.54499816894531,49.54499816894531,101.0
2024-07-03 11:05:00,NBIX,137.8800048828125,137.8800048828125,137.89500427246094,137.8800048828125,137.89500427246094,928.0
2024-07-03 11:05:00,NDRA,0.08500000089406967,0.08500000089406967,0.08500000089406967,0.08500000089406967,0.08500000089406967,95407.0
2024-07-03 11:05:00,NEO,13.600000381469727,13.600000381469727,13.609999656677246,13.600000381469727,13.609999656677246,975.0
2024-07-03 11:05:00,NEOG,15.239999771118164,15.239999771118164,15.239999771118164,15.239999771118164,15.239999771118164,271.0
2024-07-03 11:05:00,NKTR,1.2350000143051147,1.2350000143051147,1.2350000143051147,1.2350000143051147,1.2350000143051147,2237.0
2024-07-03 11:05:00,NKTX,5.367000102996826,5.367000102996826,5.369999885559082,5.367000102996826,5.369999885559082,1356.0
2024-07-03 11:05:00,NLSP,0.20250000059604645,0.20250000059604645,0.20250000059604645,0.20250000059604645,0.20250000059604645,1378.0
2024-07-03 11:05:00,NNOX,7.0,7.0,7.0,6.989999771118164,7.0,3529.0
2024-07-03 11:05:00,NRC,22.875,22.875,22.875,22.875,22.875,494.0
2024-07-03 11:05:00,NTLA,22.584999084472656,22.584999084472656,22.600000381469727,22.559999465942383,22.579999923706055,6842.0
2024-07-03 11:05:00,NTRA,111.41500091552734,111.41500091552734,111.41500091552734,111.41500091552734,111.41500091552734,524.0
2024-07-03 11:05:00,NTRB,5.630099773406982,5.630099773406982,5.630099773406982,5.619999885559082,5.619999885559082,912.0
2024-07-03 11:05:00,NUTX,5.269999980926514,5.269999980926514,5.269999980926514,5.269999980926514,5.269999980926514,1093.0
2024-07-03 11:05:00,NUWE,4.019999980926514,4.019999980926514,4.019999980926514,4.019999980926514,4.019999980926514,2215.0
2024-07-03 11:05:00,NVAX,12.6850004196167,12.6850004196167,12.6899995803833,12.654999732971191,12.65999984741211,8160.0
2024-07-03 11:05:00,NVCR,16.719999313354492,16.719999313354492,16.719999313354492,16.709999084472656,16.709999084472656,2108.0
2024-07-03 11:05:00,NXL,1.4098999500274658,1.4098999500274658,1.4098999500274658,1.4098999500274658,1.4098999500274658,154.0
2024-07-03 11:05:00,OCGN,1.6299999952316284,1.6299999952316284,1.6299999952316284,1.625,1.625,9738.0
2024-07-03 11:05:00,OCUL,6.704999923706055,6.704999923706055,6.704999923706055,6.704999923706055,6.704999923706055,834.0
2024-07-03 11:05:00,OCX,3.0699000358581543,3.0699000358581543,3.0699000358581543,3.0699000358581543,3.0699000358581543,3800.0
2024-07-03 11:05:00,OFIX,13.350000381469727,13.350000381469727,13.350000381469727,13.350000381469727,13.350000381469727,889.0
2024-07-03 11:05:00,OGI,1.5850000381469727,1.5850000381469727,1.590000033378601,1.5850000381469727,1.590000033378601,6485.0
2024-07-03 11:05:00,OLMA,10.5600004196167,10.5600004196167,10.574999809265137,10.5600004196167,10.574999809265137,1085.0
2024-07-03 11:05:00,OM,3.8350000381469727,3.8350000381469727,3.8350000381469727,3.809999942779541,3.809999942779541,4384.0
2024-07-03 11:05:00,OMCL,26.420000076293945,26.420000076293945,26.420000076293945,26.420000076293945,26.420000076293945,1119.0
2024-07-03 11:05:00,OMGA,1.9600000381469727,1.9600000381469727,1.9800000190734863,1.9600000381469727,1.9800000190734863,4104.0
2024-07-03 11:06:00,AADI,1.3700000047683716,1.3700000047683716,1.3700000047683716,1.3700000047683716,1.3700000047683716,827.0
2024-07-03 11:06:00,ABSI,3.2100000381469727,3.2100000381469727,3.2100000381469727,3.2100000381469727,3.2100000381469727,182.0
2024-07-03 11:06:00,ABUS,3.1600000858306885,3.1600000858306885,3.1649999618530273,3.1600000858306885,3.1600000858306885,14500.0
2024-07-03 11:06:00,ACAD,15.609999656677246,15.609999656677246,15.609999656677246,15.59000015258789,15.59000015258789,3634.0
2024-07-03 11:06:00,ACB,4.909999847412109,4.909999847412109,4.920000076293945,4.909999847412109,4.910099983215332,4771.0
2024-07-03 11:06:00,ACCD,3.5399999618530273,3.5399999618530273,3.5450000762939453,3.5399999618530273,3.5450000762939453,7783.0
2024-07-03 11:06:00,ACET,1.0499999523162842,1.0499999523162842,1.0549999475479126,1.0499999523162842,1.0549999475479126,4070.0
2024-07-03 11:06:00,ACHC,66.19000244140625,66.19000244140625,66.2699966430664,66.19000244140625,66.2300033569336,2142.0
2024-07-03 11:06:00,ACHV,4.489999771118164,4.489999771118164,4.489999771118164,4.489999771118164,4.489999771118164,219.0
2024-07-03 11:06:00,ACLX,54.0099983215332,54.0099983215332,54.0099983215332,54.0099983215332,54.0099983215332,338.0
2024-07-03 11:06:00,ACON,0.2919999957084656,0.2919999957084656,0.2919999957084656,0.2919999957084656,0.2919999957084656,2927.0
2024-07-03 11:06:00,ADAP,1.0199999809265137,1.0199999809265137,1.024999976158142,1.0149999856948853,1.0199999809265137,14489.0
2024-07-03 11:06:00,ADMA,11.25,11.25,11.255000114440918,11.25,11.25,1401.0
2024-07-03 11:06:00,ADPT,3.369999885559082,3.369999885559082,3.369999885559082,3.369999885559082,3.369999885559082,2307.0
2024-07-03 11:06:00,ADUS,116.21769714355469,116.21769714355469,116.21769714355469,116.21769714355469,116.21769714355469,500.0
2024-07-03 11:06:00,AEMD,0.4153999984264374,0.4153999984264374,0.4153999984264374,0.4153999984264374,0.4153999984264374,200.0
2024-07-03 11:06:00,AGEN,14.34000015258789,14.34000015258789,14.420000076293945,14.34000015258789,14.420000076293945,2013.0
2024-07-03 11:06:00,AGIO,41.79999923706055,41.79999923706055,41.84000015258789,41.79999923706055,41.84000015258789,3148.0
2024-07-03 11:06:00,AHCO,9.8100004196167,9.8100004196167,9.8100004196167,9.800000190734863,9.800000190734863,2706.0
2024-07-03 11:06:00,AIMD,0.8289999961853027,0.8289999961853027,0.8289999961853027,0.8192999958992004,0.8192999958992004,4648.0
2024-07-03 11:06:00,ALDX,3.180000066757202,3.180000066757202,3.180000066757202,3.180000066757202,3.180000066757202,2960.0
2024-07-03 11:06:00,ALEC,4.460000038146973,4.460000038146973,4.460000038146973,4.460000038146973,4.460000038146973,1180.0
2024-07-03 11:06:00,ALGN,238.78500366210938,238.78500366210938,238.8699951171875,238.78500366210938,238.8699951171875,1163.0
2024-07-03 11:06:00,ALIM,5.525000095367432,5.525000095367432,5.525000095367432,5.525000095367432,5.525000095367432,655.0
2024-07-03 11:06:00,ALKS,24.260000228881836,24.260000228881836,24.274999618530273,24.260000228881836,24.274999618530273,3505.0
2024-07-03 11:06:00,ALLK,0.8428999781608582,0.8428999781608582,0.8428999781608582,0.8428999781608582,0.8428999781608582,500.0
2024-07-03 11:06:00,ALLO,2.134999990463257,2.134999990463257,2.139899969100952,2.1345999240875244,2.134999990463257,3075.0
2024-07-03 11:06:00,ALLR,0.20399999618530273,0.20399999618530273,0.20419999957084656,0.20399999618530273,0.20399999618530273,2040.0
2024-07-03 11:06:00,ALNY,246.3800048828125,246.3800048828125,246.3800048828125,246.3800048828125,246.3800048828125,927.0
2024-07-03 11:06:00,ALT,6.644999980926514,6.644999980926514,6.6539998054504395,6.639999866485596,6.639999866485596,7238.0
2024-07-03 11:06:00,ALXO,5.829999923706055,5.829999923706055,5.829999923706055,5.829999923706055,5.829999923706055,460.0
2024-07-03 11:06:00,AMGN,306.7900085449219,306.7900085449219,307.0450134277344,306.7799987792969,307.0450134277344,4638.0
2024-07-03 11:06:00,AMLX,1.7450000047683716,1.7450000047683716,1.7599999904632568,1.7450000047683716,1.7599999904632568,10130.0
2024-07-03 11:06:00,ANAB,25.190000534057617,25.190000534057617,25.190000534057617,25.190000534057617,25.190000534057617,922.0
2024-07-03 11:06:00,ANGO,5.610000133514404,5.610000133514404,5.625,5.610000133514404,5.625,2778.0
2024-07-03 11:06:00,ANNX,4.800000190734863,4.800000190734863,4.800000190734863,4.795000076293945,4.800000190734863,1029.0
2024-07-03 11:06:00,ANTX,2.5999999046325684,2.5999999046325684,2.609800100326538,2.5999999046325684,2.609800100326538,1349.0
2024-07-03 11:06:00,APLS,35.689998626708984,35.689998626708984,35.689998626708984,35.689998626708984,35.689998626708984,1268.0
2024-07-03 11:06:00,APLT,4.349999904632568,4.349999904632568,4.349999904632568,4.349999904632568,4.349999904632568,297.0
2024-07-03 11:06:00,AQST,2.4149999618530273,2.4149999618530273,2.4149999618530273,2.4149999618530273,2.4149999618530273,5992.0
2024-07-03 11:06:00,ARCT,21.43000030517578,21.43000030517578,21.43000030517578,21.43000030517578,21.43000030517578,593.0
2024-07-03 11:06:00,ARDX,5.204999923706055,5.204999923706055,5.210000038146973,5.204999923706055,5.204999923706055,19507.0
2024-07-03 11:06:00,ARGX,433.8699951171875,433.8699951171875,433.8699951171875,433.8699951171875,433.8699951171875,323.0
2024-07-03 11:06:00,ARQT,9.614999771118164,9.614999771118164,9.630000114440918,9.609999656677246,9.630000114440918,3512.0
2024-07-03 11:06:00,ARVN,24.399999618530273,24.399999618530273,24.399999618530273,24.399999618530273,24.399999618530273,1094.0
2024-07-03 11:06:00,ARWR,25.4950008392334,25.4950008392334,25.5,25.485000610351562,25.485000610351562,659.0
2024-07-03 11:06:00,ASRT,1.3289999961853027,1.3289999961853027,1.3300000429153442,1.3250000476837158,1.3250000476837158,2468.0
2024-07-03 11:06:00,ATEC,9.860300064086914,9.860300064086914,9.869999885559082,9.860300064086914,9.869799613952637,5022.0
2024-07-03 11:06:00,ATRC,22.270000457763672,22.270000457763672,22.270000457763672,22.239999771118164,22.2450008392334,618.0
2024-07-03 11:06:00,AUGX,1.0,1.0,1.0049999952316284,1.0,1.0,12634.0
2024-07-03 11:06:00,AUPH,5.465000152587891,5.465000152587891,5.465000152587891,5.460599899291992,5.460599899291992,809.0
2024-07-03 11:06:00,AURA,7.0,7.0,7.0,7.0,7.0,459.0
2024-07-03 11:06:00,AUTL,3.4700000286102295,3.4700000286102295,3.4700000286102295,3.4700000286102295,3.4700000286102295,146.0
2024-07-03 11:06:00,AVDL,14.28499984741211,14.28499984741211,14.28499984741211,14.28499984741211,14.28499984741211,626.0
2024-07-03 11:06:00,AVTE,1.600000023841858,1.600000023841858,1.600000023841858,1.600000023841858,1.600000023841858,101.0
2024-07-03 11:06:00,AVXL,4.244999885559082,4.244999885559082,4.244999885559082,4.244999885559082,4.244999885559082,305.0
2024-07-03 11:06:00,AXNX,67.4343032836914,67.4343032836914,67.4343032836914,67.4343032836914,67.4343032836914,488.0
2024-07-03 11:06:00,AZN,76.63999938964844,76.63999938964844,76.67500305175781,76.63999938964844,76.67500305175781,9083.0
2024-07-03 11:06:00,AZTA,52.5099983215332,52.5099983215332,52.5099983215332,52.5099983215332,52.5099983215332,1380.0
2024-07-03 11:06:00,BBIO,25.239999771118164,25.239999771118164,25.260000228881836,25.219999313354492,25.239999771118164,4232.0
2024-07-03 11:06:00,BCLI,0.35519999265670776,0.35519999265670776,0.35519999265670776,0.35519999265670776,0.35519999265670776,1857.0
2024-07-03 11:06:00,BCRX,6.534999847412109,6.534999847412109,6.539999961853027,6.534999847412109,6.539999961853027,3147.0
2024-07-03 11:06:00,BDTX,4.349999904632568,4.349999904632568,4.349999904632568,4.340000152587891,4.340000152587891,6144.0
2024-07-03 11:06:00,BEAM,23.690000534057617,23.690000534057617,23.71500015258789,23.65999984741211,23.71500015258789,6727.0
2024-07-03 11:06:00,BEAT,2.7950000762939453,2.7950000762939453,2.809999942779541,2.7950000762939453,2.799999952316284,4600.0
2024-07-03 11:06:00,BGNE,146.6125030517578,146.6125030517578,146.6125030517578,146.6125030517578,146.6125030517578,314.0
2024-07-03 11:06:00,BIIB,223.35000610351562,223.35000610351562,223.35000610351562,222.9250030517578,222.9250030517578,6107.0
2024-07-03 11:06:00,BIVI,0.4196999967098236,0.4196999967098236,0.4196999967098236,0.4196999967098236,0.4196999967098236,2719.0
2024-07-03 11:06:00,BLUE,0.9272000193595886,0.9272000193595886,0.9272000193595886,0.9254999756813049,0.925599992275238,6766.0
2024-07-03 11:06:00,BMRN,81.26000213623047,81.26000213623047,81.27999877929688,81.23999786376953,81.23999786376953,995.0
2024-07-03 11:06:00,BNTX,80.02999877929688,80.02999877929688,80.04000091552734,79.9800033569336,79.9800033569336,968.0
2024-07-03 11:06:00,BPMC,110.65519714355469,110.65519714355469,110.65519714355469,110.65519714355469,110.65519714355469,629.0
2024-07-03 11:06:00,BRKR,61.650001525878906,61.650001525878906,61.68000030517578,61.63999938964844,61.68000030517578,1839.0
2024-07-03 11:06:00,BTAI,1.090000033378601,1.090000033378601,1.090000033378601,1.090000033378601,1.090000033378601,7.0
2024-07-03 11:06:00,BVS,6.0,6.0,6.0,6.0,6.0,863.0
2024-07-03 11:06:00,CABA,7.579999923706055,7.579999923706055,7.630000114440918,7.579999923706055,7.630000114440918,5461.0
2024-07-03 11:06:00,CAPR,4.739999771118164,4.739999771118164,4.75,4.739999771118164,4.75,685.0
2024-07-03 11:06:00,CCCC,4.679999828338623,4.679999828338623,4.690000057220459,4.679999828338623,4.684999942779541,1912.0
2024-07-03 11:06:00,CCRN,13.710000038146973,13.710000038146973,13.710000038146973,13.710000038146973,13.710000038146973,132.0
2024-07-03 11:06:00,CDMO,7.460000038146973,7.460000038146973,7.460000038146973,7.440000057220459,7.440000057220459,1077.0
2024-07-03 11:06:00,CDXS,2.8350000381469727,2.8350000381469727,2.8450000286102295,2.8350000381469727,2.8450000286102295,6241.0
2024-07-03 11:06:00,CERE,41.404998779296875,41.404998779296875,41.40999984741211,41.400001525878906,41.40999984741211,3871.0
2024-07-03 11:06:00,CERT,13.819999694824219,13.819999694824219,13.854999542236328,13.819999694824219,13.854999542236328,665.0
2024-07-03 11:06:00,CGC,6.635000228881836,6.635000228881836,6.669899940490723,6.619999885559082,6.619999885559082,15023.0
2024-07-03 11:06:00,CLDX,36.529998779296875,36.529998779296875,36.564998626708984,36.52000045776367,36.560001373291016,1422.0
2024-07-03 11:06:00,CLOV,1.2395999431610107,1.2395999431610107,1.2395999431610107,1.2350000143051147,1.2350000143051147,2357.0
2024-07-03 11:06:00,CLPT,5.420000076293945,5.420000076293945,5.420000076293945,5.420000076293945,5.420000076293945,216.0
2024-07-03 11:06:00,CMPS,6.369999885559082,6.369999885559082,6.369999885559082,6.369999885559082,6.369999885559082,462.0
2024-07-03 11:06:00,CNSP,2.109999895095825,2.109999895095825,2.140000104904175,2.0999999046325684,2.1312999725341797,54898.0
2024-07-03 11:06:00,COGT,8.3100004196167,8.3100004196167,8.3100004196167,8.300000190734863,8.3100004196167,1367.0
2024-07-03 11:06:00,COLL,32.290000915527344,32.290000915527344,32.290000915527344,32.290000915527344,32.290000915527344,2011.0
2024-07-03 11:06:00,CORT,30.5,30.5,30.52680015563965,30.469999313354492,30.510000228881836,3002.0
2024-07-03 11:06:00,COSM,0.949999988079071,0.949999988079071,0.949999988079071,0.949999988079071,0.949999988079071,3717.0
2024-07-03 11:06:00,CPRX,15.46500015258789,15.46500015258789,15.470000267028809,15.4399995803833,15.470000267028809,2654.0
2024-07-03 11:06:00,CRBU,1.5850000381469727,1.5850000381469727,1.5851999521255493,1.5850000381469727,1.5850000381469727,2958.0
2024-07-03 11:06:00,CRDF,2.255000114440918,2.255000114440918,2.255000114440918,2.255000114440918,2.255000114440918,504.0
2024-07-03 11:06:00,CRDL,1.9249999523162842,1.9249999523162842,1.9249999523162842,1.9249999523162842,1.9249999523162842,180.0
2024-07-03 11:06:00,CRMD,4.139900207519531,4.139900207519531,4.139900207519531,4.139900207519531,4.139900207519531,208.0
2024-07-03 11:06:00,CRNX,45.0,45.0,45.0,45.0,45.0,212.0
2024-07-03 11:06:00,CRON,2.3299999237060547,2.3299999237060547,2.3350000381469727,2.3299999237060547,2.3350000381469727,5577.0
2024-07-03 11:06:00,CRSP,53.845001220703125,53.845001220703125,53.893001556396484,53.845001220703125,53.849998474121094,1306.0
2024-07-03 11:06:00,CTKB,5.690000057220459,5.690000057220459,5.690000057220459,5.684999942779541,5.684999942779541,5111.0
2024-07-03 11:06:00,CTXR,0.5101000070571899,0.5101000070571899,0.5101000070571899,0.5069000124931335,0.5069000124931335,20101.0
2024-07-03 11:06:00,CUTR,1.3250000476837158,1.3250000476837158,1.3250000476837158,1.3250000476837158,1.3250000476837158,183.0
2024-07-03 11:06:00,CVAC,3.3949999809265137,3.3949999809265137,3.3949999809265137,3.3901000022888184,3.3949999809265137,2342.0
2024-07-03 11:06:00,CVRX,11.619999885559082,11.619999885559082,11.619999885559082,11.619999885559082,11.619999885559082,506.0
2024-07-03 11:06:00,CYTK,54.75,54.75,54.83000183105469,54.75,54.779998779296875,747.0
2024-07-03 11:06:00,DAWN,13.359999656677246,13.359999656677246,13.369999885559082,13.359999656677246,13.369999885559082,1143.0
2024-07-03 11:06:00,DCGO,2.9100000858306885,2.9100000858306885,2.9200000762939453,2.9100000858306885,2.9200000762939453,16749.0
2024-07-03 11:06:00,DCTH,7.809999942779541,7.809999942779541,7.809999942779541,7.809999942779541,7.809999942779541,703.0
2024-07-03 11:06:00,DH,5.375,5.375,5.380000114440918,5.375,5.380000114440918,2061.0
2024-07-03 11:06:00,DNLI,21.479999542236328,21.479999542236328,21.489999771118164,21.469999313354492,21.489999771118164,3401.0
2024-07-03 11:06:00,DXCM,110.30999755859375,110.30999755859375,110.375,110.30000305175781,110.31999969482422,2243.0
2024-07-03 11:06:00,DYN,34.400001525878906,34.400001525878906,34.400001525878906,34.400001525878906,34.400001525878906,270.0
2024-07-03 11:06:00,EDIT,4.644999980926514,4.644999980926514,4.65500020980835,4.644999980926514,4.65500020980835,4611.0
2024-07-03 11:06:00,EGRX,5.295000076293945,5.295000076293945,5.295000076293945,5.295000076293945,5.295000076293945,156.0
2024-07-03 11:06:00,EKSO,1.034999966621399,1.034999966621399,1.034999966621399,1.034999966621399,1.034999966621399,550.0
2024-07-03 11:06:00,ELEV,2.6649999618530273,2.6649999618530273,2.6649999618530273,2.6649999618530273,2.6649999618530273,394.0
2024-07-03 11:06:00,ELYM,6.864999771118164,6.864999771118164,6.869999885559082,6.809999942779541,6.815000057220459,11717.0
2024-07-03 11:06:00,EMBC,12.029999732971191,12.029999732971191,12.039999961853027,12.029999732971191,12.039999961853027,1194.0
2024-07-03 11:06:00,ENSG,126.03980255126953,126.03980255126953,126.1050033569336,126.0199966430664,126.02999877929688,1310.0
2024-07-03 11:06:00,EOLS,10.869999885559082,10.869999885559082,10.869999885559082,10.869999885559082,10.869999885559082,986.0
2024-07-03 11:06:00,ESPR,2.3399999141693115,2.3399999141693115,2.3399999141693115,2.3350000381469727,2.3350000381469727,0.0
2024-07-03 11:06:00,ETNB,7.559999942779541,7.559999942779541,7.559999942779541,7.53000020980835,7.539999961853027,7259.0
2024-07-03 11:06:00,EWTX,18.084999084472656,18.084999084472656,18.084999084472656,18.084999084472656,18.084999084472656,213.0
2024-07-03 11:06:00,EXAS,42.87839889526367,42.87839889526367,42.87839889526367,42.87839889526367,42.87839889526367,1564.0
2024-07-03 11:06:00,EXEL,21.985000610351562,21.985000610351562,21.989999771118164,21.985000610351562,21.989999771118164,560.0
2024-07-03 11:06:00,EYEN,0.7893000245094299,0.7893000245094299,0.7893000245094299,0.7893000245094299,0.7893000245094299,2719.0
2024-07-03 11:06:00,FATE,3.2100000381469727,3.2100000381469727,3.2149999141693115,3.2100000381469727,3.2100000381469727,2188.0
2024-07-03 11:06:00,FBIO,1.829699993133545,1.829699993133545,1.829699993133545,1.829699993133545,1.829699993133545,2035.0
2024-07-03 11:06:00,FDMT,21.030000686645508,21.030000686645508,21.030000686645508,21.030000686645508,21.030000686645508,342.0
2024-07-03 11:06:00,FENC,6.03000020980835,6.03000020980835,6.03000020980835,6.03000020980835,6.03000020980835,757.0
2024-07-03 11:06:00,FGEN,0.7193999886512756,0.7193999886512756,0.7196999788284302,0.7184000015258789,0.7193999886512756,34462.0
2024-07-03 11:06:00,FHTX,5.510000228881836,5.510000228881836,5.510000228881836,5.510000228881836,5.510000228881836,234.0
2024-07-03 11:06:00,FLGT,20.1299991607666,20.1299991607666,20.1299991607666,20.1299991607666,20.1299991607666,254.0
2024-07-03 11:06:00,FOLD,9.875,9.875,9.875,9.875,9.875,407.0
2024-07-03 11:06:00,FULC,6.175000190734863,6.175000190734863,6.175000190734863,6.175000190734863,6.175000190734863,112.0
2024-07-03 11:06:00,GALT,2.1700000762939453,2.1700000762939453,2.1700000762939453,2.1700000762939453,2.1700000762939453,401.0
2024-07-03 11:06:00,GBIO,2.365000009536743,2.365000009536743,2.365000009536743,2.365000009536743,2.365000009536743,0.0
2024-07-03 11:06:00,GERN,4.324999809265137,4.324999809265137,4.335000038146973,4.324999809265137,4.335000038146973,9517.0
2024-07-03 11:06:00,GH,28.100000381469727,28.100000381469727,28.15999984741211,28.100000381469727,28.15999984741211,4207.0
2024-07-03 11:06:00,GILD,66.78500366210938,66.78500366210938,66.83989715576172,66.7699966430664,66.80500030517578,9827.0
2024-07-03 11:06:00,GLSI,16.7549991607666,16.7549991607666,16.770000457763672,16.53499984741211,16.53499984741211,3076.0
2024-07-03 11:06:00,GLUE,3.75,3.75,3.75,3.7000999450683594,3.7000999450683594,1376.0
2024-07-03 11:06:00,GMAB,25.19499969482422,25.19499969482422,25.200000762939453,25.19499969482422,25.200000762939453,962.0
2024-07-03 11:06:00,GOSS,0.9340000152587891,0.9340000152587891,0.9340000152587891,0.9340000152587891,0.9340000152587891,2734.0
2024-07-03 11:06:00,GOVX,3.009999990463257,3.009999990463257,3.009999990463257,3.009999990463257,3.009999990463257,1635.0
2024-07-03 11:06:00,GRFS,6.670000076293945,6.670000076293945,6.670000076293945,6.670000076293945,6.670000076293945,992.0
2024-07-03 11:06:00,GRTS,0.5878999829292297,0.5878999829292297,0.5878999829292297,0.583899974822998,0.583899974822998,7205.0
2024-07-03 11:06:00,GTHX,2.5002999305725098,2.5002999305725098,2.5002999305725098,2.5002999305725098,2.5002999305725098,200.0
2024-07-03 11:06:00,HALO,51.55500030517578,51.55500030517578,51.584999084472656,51.54999923706055,51.584999084472656,2193.0
2024-07-03 11:06:00,HCAT,6.150000095367432,6.150000095367432,6.159999847412109,6.150000095367432,6.159999847412109,1775.0
2024-07-03 11:06:00,HCM,17.44499969482422,17.44499969482422,17.44499969482422,17.44499969482422,17.44499969482422,110.0
2024-07-03 11:06:00,HCSG,10.474200248718262,10.474200248718262,10.475000381469727,10.474200248718262,10.475000381469727,1088.0
2024-07-03 11:06:00,HOLX,73.3499984741211,73.3499984741211,73.38500213623047,73.3499984741211,73.37999725341797,1889.0
2024-07-03 11:06:00,HOWL,2.0799999237060547,2.0799999237060547,2.0999999046325684,2.0799999237060547,2.0999999046325684,656.0
2024-07-03 11:06:00,HQY,83.06999969482422,83.06999969482422,83.06999969482422,82.98999786376953,82.98999786376953,1019.0
2024-07-03 11:06:00,HRMY,30.094999313354492,30.094999313354492,30.094999313354492,30.094999313354492,30.094999313354492,263.0
2024-07-03 11:06:00,HROW,21.665000915527344,21.665000915527344,21.665000915527344,21.665000915527344,21.665000915527344,447.0
2024-07-03 11:06:00,HRTX,2.7799999713897705,2.7799999713897705,2.7850000858306885,2.7799999713897705,2.7850000858306885,2195.0
2024-07-03 11:06:00,HSCS,4.829999923706055,4.829999923706055,4.909999847412109,4.829999923706055,4.909999847412109,1696.0
2024-07-03 11:06:00,HSIC,65.16999816894531,65.16999816894531,65.19000244140625,65.16999816894531,65.19000244140625,2211.0
2024-07-03 11:06:00,HUMA,5.650000095367432,5.650000095367432,5.659999847412109,5.645400047302246,5.645400047302246,8886.0
2024-07-03 11:06:00,IBRX,6.210000038146973,6.210000038146973,6.219699859619141,6.210000038146973,6.219699859619141,2400.0
2024-07-03 11:06:00,ICUI,117.58000183105469,117.58000183105469,117.58000183105469,117.58000183105469,117.58000183105469,1021.0
2024-07-03 11:06:00,IDYA,33.54999923706055,33.54999923706055,33.54999923706055,33.54999923706055,33.54999923706055,269.0
2024-07-03 11:06:00,IGMS,6.510000228881836,6.510000228881836,6.510000228881836,6.5,6.5,816.0
2024-07-03 11:06:00,IKNA,1.6299999952316284,1.6299999952316284,1.6399999856948853,1.6299999952316284,1.6399999856948853,438.0
2024-07-03 11:06:00,ILMN,105.18000030517578,105.18000030517578,105.18000030517578,105.08000183105469,105.08999633789062,2333.0
2024-07-03 11:06:00,IMCR,35.94499969482422,35.94499969482422,35.94499969482422,35.94499969482422,35.94499969482422,666.0
2024-07-03 11:06:00,IMMX,2.369999885559082,2.369999885559082,2.380000114440918,2.3499999046325684,2.3747000694274902,2953.0
2024-07-03 11:06:00,IMRN,1.9700000286102295,1.9700000286102295,1.9700000286102295,1.9700000286102295,1.9700000286102295,200.0
2024-07-03 11:06:00,IMVT,26.649999618530273,26.649999618530273,26.649999618530273,26.649999618530273,26.649999618530273,135.0
2024-07-03 11:06:00,INBX,13.197500228881836,13.197500228881836,13.260000228881836,13.197500228881836,13.260000228881836,1755.0
2024-07-03 11:06:00,INCY,57.70500183105469,57.70500183105469,57.709999084472656,57.70000076293945,57.70500183105469,2674.0
2024-07-03 11:06:00,INMD,17.579999923706055,17.579999923706055,17.584999084472656,17.579999923706055,17.579999923706055,1275.0
2024-07-03 11:06:00,INSM,62.0791015625,62.0791015625,62.108001708984375,62.03010177612305,62.095001220703125,4152.0
2024-07-03 11:06:00,INVA,16.200000762939453,16.200000762939453,16.200000762939453,16.190000534057617,16.200000762939453,1325.0
2024-07-03 11:06:00,INZY,4.46999979019165,4.46999979019165,4.46999979019165,4.46999979019165,4.46999979019165,123.0
2024-07-03 11:06:00,IONM,0.3264999985694885,0.3264999985694885,0.3264999985694885,0.32589998841285706,0.32589998841285706,300.0
2024-07-03 11:06:00,IONS,44.52000045776367,44.52000045776367,44.52000045776367,44.52000045776367,44.52000045776367,343.0
2024-07-03 11:06:00,IOVA,7.605000019073486,7.605000019073486,7.630000114440918,7.605000019073486,7.610000133514404,40704.0
2024-07-03 11:06:00,IRMD,44.0,44.0,44.0,44.0,44.0,1116.0
2024-07-03 11:06:00,IRTC,95.15450286865234,95.15450286865234,95.15450286865234,95.15450286865234,95.15450286865234,399.0
2024-07-03 11:06:00,IRWD,6.119999885559082,6.119999885559082,6.119999885559082,6.119999885559082,6.119999885559082,655.0
2024-07-03 11:06:00,ISPC,0.27900001406669617,0.27900001406669617,0.27900001406669617,0.27900001406669617,0.27900001406669617,860.0
2024-07-03 11:06:00,ISRG,434.17999267578125,434.17999267578125,434.17999267578125,434.17999267578125,434.17999267578125,1143.0
2024-07-03 11:06:00,ITCI,68.0250015258789,68.0250015258789,68.0250015258789,68.0250015258789,68.0250015258789,129.0
2024-07-03 11:06:00,JANX,37.98500061035156,37.98500061035156,37.98500061035156,37.95000076293945,37.959999084472656,1271.0
2024-07-03 11:06:00,KMDA,5.179999828338623,5.179999828338623,5.179999828338623,5.179999828338623,5.179999828338623,116.0
2024-07-03 11:06:00,KNSA,18.84000015258789,18.84000015258789,18.84000015258789,18.84000015258789,18.84000015258789,548.0
2024-07-03 11:06:00,KPTI,0.8342999815940857,0.8342999815940857,0.8370000123977661,0.8342999815940857,0.8370000123977661,713.0
2024-07-03 11:06:00,KRMD,2.325000047683716,2.325000047683716,2.3299999237060547,2.325000047683716,2.3299999237060547,305.0
2024-07-03 11:06:00,KTRA,0.28459998965263367,0.28459998965263367,0.2847000062465668,0.28450000286102295,0.28450000286102295,1153.0
2024-07-03 11:06:00,KYMR,30.360000610351562,30.360000610351562,30.440000534057617,30.360000610351562,30.360000610351562,1155.0
2024-07-03 11:06:00,KZIA,0.21889999508857727,0.21889999508857727,0.21889999508857727,0.21889999508857727,0.21889999508857727,801.0
2024-07-03 11:06:00,KZR,0.5710999965667725,0.5710999965667725,0.5710999965667725,0.5680000185966492,0.5710999965667725,18949.0
2024-07-03 11:06:00,LAB,1.7999999523162842,1.7999999523162842,1.7999999523162842,1.7999999523162842,1.7999999523162842,1352.0
2024-07-03 11:06:00,LBPH,32.75,32.75,32.75,32.63999938964844,32.63999938964844,2456.0
2024-07-03 11:06:00,LFST,5.110000133514404,5.110000133514404,5.110000133514404,5.110000133514404,5.110000133514404,766.0
2024-07-03 11:06:00,LGND,82.79000091552734,82.79000091552734,82.79000091552734,82.79000091552734,82.79000091552734,622.0
2024-07-03 11:06:00,LIVN,52.66999816894531,52.66999816894531,52.75,52.66999816894531,52.75,1530.0
2024-07-03 11:06:00,LNTH,79.5199966430664,79.5199966430664,79.5199966430664,79.5199966430664,79.5199966430664,210.0
2024-07-03 11:06:00,LOGC,5.695000171661377,5.695000171661377,5.695000171661377,5.695000171661377,5.695000171661377,320.0
2024-07-03 11:06:00,LUCY,0.4668999910354614,0.4668999910354614,0.47360000014305115,0.4668999910354614,0.4668999910354614,4551.0
2024-07-03 11:06:00,LUNG,6.239999771118164,6.239999771118164,6.239999771118164,6.239999771118164,6.239999771118164,813.0
2024-07-03 11:06:00,LXRX,1.6050000190734863,1.6050000190734863,1.6100000143051147,1.6050000190734863,1.6050000190734863,15225.0
2024-07-03 11:06:00,LYEL,1.5,1.5,1.5,1.5,1.5,1619.0
2024-07-03 11:06:00,LYRA,0.2863999903202057,0.2863999903202057,0.287200003862381,0.2863999903202057,0.287200003862381,3575.0
2024-07-03 11:06:00,MASI,114.91500091552734,114.91500091552734,114.91500091552734,114.83999633789062,114.83999633789062,1006.0
2024-07-03 11:06:00,MBOT,1.0579999685287476,1.0579999685287476,1.059000015258789,1.0549999475479126,1.059000015258789,2307.0
2024-07-03 11:06:00,MDWD,14.899999618530273,14.899999618530273,14.899999618530273,14.899999618530273,14.899999618530273,301.0
2024-07-03 11:06:00,MDXG,6.744999885559082,6.744999885559082,6.744999885559082,6.744999885559082,6.744999885559082,418.0
2024-07-03 11:06:00,ME,0.40230000019073486,0.40230000019073486,0.40230000019073486,0.40230000019073486,0.40230000019073486,2350.0
2024-07-03 11:06:00,MEDS,17.825000762939453,17.825000762939453,17.825000762939453,17.650100708007812,17.650100708007812,510.0
2024-07-03 11:06:00,MESO,6.800000190734863,6.800000190734863,6.800000190734863,6.800000190734863,6.800000190734863,1045.0
2024-07-03 11:06:00,MGNX,4.230000019073486,4.230000019073486,4.230000019073486,4.224999904632568,4.224999904632568,507.0
2024-07-03 11:06:00,MGTX,3.984999895095825,3.984999895095825,3.984999895095825,3.984999895095825,3.984999895095825,462.0
2024-07-03 11:06:00,MIRM,33.564998626708984,33.564998626708984,33.61000061035156,33.564998626708984,33.61000061035156,918.0
2024-07-03 11:06:00,MMSI,85.86000061035156,85.86000061035156,85.86000061035156,85.86000061035156,85.86000061035156,1265.0
2024-07-03 11:06:00,MNKD,5.065000057220459,5.065000057220459,5.074999809265137,5.065000057220459,5.074999809265137,3755.0
2024-07-03 11:06:00,MORF,31.93000030517578,31.93000030517578,31.93000030517578,31.920000076293945,31.920000076293945,722.0
2024-07-03 11:06:00,MRNA,116.2300033569336,116.2300033569336,116.31999969482422,116.0999984741211,116.11000061035156,4513.0
2024-07-03 11:06:00,MRSN,1.8700000047683716,1.8700000047683716,1.875,1.8700000047683716,1.875,728.0
2024-07-03 11:06:00,MRUS,52.529998779296875,52.529998779296875,52.529998779296875,52.529998779296875,52.529998779296875,150.0
2024-07-03 11:06:00,MRVI,6.840000152587891,6.840000152587891,6.840000152587891,6.800000190734863,6.800000190734863,5538.0
2024-07-03 11:06:00,MXCT,3.694999933242798,3.694999933242798,3.700000047683716,3.690000057220459,3.690000057220459,1234.0
2024-07-03 11:06:00,MYGN,25.1299991607666,25.1299991607666,25.1299991607666,25.100000381469727,25.100000381469727,246.0
2024-07-03 11:06:00,NARI,49.56999969482422,49.56999969482422,49.56999969482422,49.529998779296875,49.54499816894531,1390.0
2024-07-03 11:06:00,NAUT,2.305000066757202,2.305000066757202,2.305000066757202,2.305000066757202,2.305000066757202,417.0
2024-07-03 11:06:00,NEO,13.59000015258789,13.59000015258789,13.609999656677246,13.579999923706055,13.579999923706055,2922.0
2024-07-03 11:06:00,NEOG,15.229999542236328,15.229999542236328,15.239999771118164,15.220000267028809,15.239999771118164,6101.0
2024-07-03 11:06:00,NKTR,1.2450000047683716,1.2450000047683716,1.2450000047683716,1.2400000095367432,1.2400000095367432,2935.0
2024-07-03 11:06:00,NKTX,5.360000133514404,5.360000133514404,5.360000133514404,5.360000133514404,5.360000133514404,291.0
2024-07-03 11:06:00,NPCE,7.300000190734863,7.300000190734863,7.340000152587891,7.300000190734863,7.320000171661377,1274.0
2024-07-03 11:06:00,NRIX,19.75,19.75,19.75,19.69499969482422,19.69499969482422,597.0
2024-07-03 11:06:00,NRSN,1.3246999979019165,1.3246999979019165,1.3246999979019165,1.3246999979019165,1.3246999979019165,1649.0
2024-07-03 11:06:00,NTLA,22.56999969482422,22.56999969482422,22.575199127197266,22.56999969482422,22.575199127197266,3571.0
2024-07-03 11:06:00,NTRA,111.5199966430664,111.5199966430664,111.5199966430664,111.41000366210938,111.41000366210938,1800.0
2024-07-03 11:06:00,NVAX,12.680000305175781,12.680000305175781,12.680000305175781,12.670000076293945,12.675000190734863,4599.0
2024-07-03 11:06:00,NVOS,0.7599999904632568,0.7599999904632568,0.7599999904632568,0.7551000118255615,0.7599999904632568,700.0
2024-07-03 11:06:00,NXL,1.399999976158142,1.399999976158142,1.399999976158142,1.399999976158142,1.399999976158142,103.0
2024-07-03 11:06:00,OCGN,1.625,1.625,1.6299999952316284,1.625,1.625,1803.0
2024-07-03 11:06:00,OCUL,6.704999923706055,6.704999923706055,6.704999923706055,6.704999923706055,6.704999923706055,132.0
2024-07-03 11:06:00,OFIX,13.369999885559082,13.369999885559082,13.369999885559082,13.369999885559082,13.369999885559082,664.0
2024-07-03 11:06:00,OGI,1.5800000429153442,1.5800000429153442,1.5850000381469727,1.5800000429153442,1.5850000381469727,602.0
2024-07-03 11:06:00,OM,3.8550000190734863,3.8550000190734863,3.865000009536743,3.8350000381469727,3.8350000381469727,9588.0
2024-07-03 11:06:00,OMCL,26.31999969482422,26.31999969482422,26.415000915527344,26.31999969482422,26.415000915527344,1904.0
2024-07-03 11:06:00,OMER,3.875,3.875,3.875,3.875,3.875,893.0
2024-07-03 11:06:00,OMIC,9.0,9.0,9.0,9.0,9.0,381.0
2024-07-03 11:07:00,ABCL,2.7249999046325684,2.7249999046325684,2.7249999046325684,2.7249999046325684,2.7249999046325684,461.0
2024-07-03 11:07:00,ABEO,4.289999961853027,4.289999961853027,4.289999961853027,4.289999961853027,4.289999961853027,182.0
2024-07-03 11:07:00,ABOS,2.3090999126434326,2.3090999126434326,2.3090999126434326,2.3090999126434326,2.3090999126434326,324.0
2024-07-03 11:07:00,ABSI,3.190000057220459,3.190000057220459,3.2100000381469727,3.180000066757202,3.2100000381469727,12712.0
2024-07-03 11:07:00,ABUS,3.1549999713897705,3.1549999713897705,3.1549999713897705,3.1549999713897705,3.1549999713897705,785.0
2024-07-03 11:07:00,ACAD,15.600000381469727,15.600000381469727,15.609999656677246,15.600000381469727,15.609999656677246,2111.0
2024-07-03 11:07:00,ACB,4.900000095367432,4.900000095367432,4.920000076293945,4.900000095367432,4.920000076293945,9319.0
2024-07-03 11:07:00,ACCD,3.5450000762939453,3.5450000762939453,3.5450000762939453,3.5399999618530273,3.5450000762939453,426.0
2024-07-03 11:07:00,ACET,1.0549999475479126,1.0549999475479126,1.0549999475479126,1.0549999475479126,1.0549999475479126,1382.0
2024-07-03 11:07:00,ACLX,53.90999984741211,53.90999984741211,54.0099983215332,53.90999984741211,54.0099983215332,3410.0
2024-07-03 11:07:00,ACRS,1.1699999570846558,1.1699999570846558,1.1699999570846558,1.1699999570846558,1.1699999570846558,1550.0
2024-07-03 11:07:00,ADAG,2.9509999752044678,2.9509999752044678,2.9509999752044678,2.9509999752044678,2.9509999752044678,425.0
2024-07-03 11:07:00,ADAP,1.024999976158142,1.024999976158142,1.024999976158142,1.024999976158142,1.024999976158142,8600.0
2024-07-03 11:07:00,ADMA,11.25,11.25,11.255000114440918,11.25,11.255000114440918,729.0
2024-07-03 11:07:00,AGEN,14.449999809265137,14.449999809265137,14.449999809265137,14.380000114440918,14.380000114440918,1083.0
2024-07-03 11:07:00,AGIO,41.77000045776367,41.77000045776367,41.84000015258789,41.709999084472656,41.810001373291016,5445.0
2024-07-03 11:07:00,AHCO,9.819999694824219,9.819999694824219,9.819999694824219,9.819999694824219,9.819999694824219,205.0
2024-07-03 11:07:00,AKBA,0.9451000094413757,0.9451000094413757,0.9452000260353088,0.9451000094413757,0.9452000260353088,1396.0
2024-07-03 11:07:00,ALEC,4.440000057220459,4.440000057220459,4.449999809265137,4.440000057220459,4.449999809265137,1176.0
2024-07-03 11:07:00,ALGN,238.8000030517578,238.8000030517578,238.8000030517578,238.8000030517578,238.8000030517578,443.0
2024-07-03 11:07:00,ALHC,7.914000034332275,7.914000034332275,7.914000034332275,7.914000034332275,7.914000034332275,1110.0
2024-07-03 11:07:00,ALKS,24.25,24.25,24.264999389648438,24.25,24.264999389648438,2229.0
2024-07-03 11:07:00,ALLK,0.8428999781608582,0.8428999781608582,0.8442999720573425,0.8428999781608582,0.8442999720573425,492.0
2024-07-03 11:07:00,ALLO,2.1449999809265137,2.1449999809265137,2.1449999809265137,2.134999990463257,2.1391000747680664,52753.0
2024-07-03 11:07:00,ALNY,246.5,246.5,246.5,246.16000366210938,246.16000366210938,1907.0
2024-07-03 11:07:00,ALT,6.621799945831299,6.621799945831299,6.65500020980835,6.621799945831299,6.639999866485596,6281.0
2024-07-03 11:07:00,AMED,96.9800033569336,96.9800033569336,97.08000183105469,96.9800033569336,97.08000183105469,7041.0
2024-07-03 11:07:00,AMGN,306.2875061035156,306.2875061035156,306.8450012207031,306.1099853515625,306.6199951171875,10428.0
2024-07-03 11:07:00,AMPH,38.279998779296875,38.279998779296875,38.279998779296875,38.2400016784668,38.2400016784668,1264.0
2024-07-03 11:07:00,AMRN,0.699999988079071,0.699999988079071,0.7008000016212463,0.699999988079071,0.7008000016212463,7811.0
2024-07-03 11:07:00,ANGO,5.610000133514404,5.610000133514404,5.610000133514404,5.610000133514404,5.610000133514404,1058.0
2024-07-03 11:07:00,ANNX,4.795000076293945,4.795000076293945,4.800000190734863,4.795000076293945,4.800000190734863,1145.0
2024-07-03 11:07:00,ANTX,2.5799999237060547,2.5799999237060547,2.5899999141693115,2.5799999237060547,2.5899999141693115,726.0
2024-07-03 11:07:00,APLS,35.61000061035156,35.61000061035156,35.685001373291016,35.61000061035156,35.63999938964844,2108.0
2024-07-03 11:07:00,APLT,4.349999904632568,4.349999904632568,4.349999904632568,4.349999904632568,4.349999904632568,569.0
2024-07-03 11:07:00,APTO,0.7204999923706055,0.7204999923706055,0.7419000267982483,0.7204999923706055,0.7419000267982483,6106.0
2024-07-03 11:07:00,APYX,1.3898999691009521,1.3898999691009521,1.3898999691009521,1.3898999691009521,1.3898999691009521,4661.0
2024-07-03 11:07:00,ARDX,5.204999923706055,5.204999923706055,5.210000038146973,5.195000171661377,5.204999923706055,33768.0
2024-07-03 11:07:00,ARQT,9.585000038146973,9.585000038146973,9.61989974975586,9.585000038146973,9.611700057983398,4222.0
2024-07-03 11:07:00,ARVN,24.389999389648438,24.389999389648438,24.389999389648438,24.3799991607666,24.3799991607666,532.0
2024-07-03 11:07:00,ASND,135.69000244140625,135.69000244140625,135.69000244140625,135.69000244140625,135.69000244140625,408.0
2024-07-03 11:07:00,ASRT,1.3250000476837158,1.3250000476837158,1.3250000476837158,1.3250000476837158,1.3250000476837158,721.0
2024-07-03 11:07:00,ATAI,1.284999966621399,1.284999966621399,1.2899999618530273,1.2827999591827393,1.2899999618530273,11884.0
2024-07-03 11:07:00,ATEC,9.859999656677246,9.859999656677246,9.859999656677246,9.859999656677246,9.859999656677246,0.0
2024-07-03 11:07:00,ATOS,1.1549999713897705,1.1549999713897705,1.1549999713897705,1.1500999927520752,1.1500999927520752,2700.0
2024-07-03 11:07:00,ATRA,7.64870023727417,7.64870023727417,7.64870023727417,7.64870023727417,7.64870023727417,872.0
2024-07-03 11:07:00,ATRC,22.315000534057617,22.315000534057617,22.350000381469727,22.2450008392334,22.2450008392334,1717.0
2024-07-03 11:07:00,ATXS,8.989999771118164,8.989999771118164,8.989999771118164,8.989999771118164,8.989999771118164,266.0
2024-07-03 11:07:00,AUGX,1.0,1.0,1.0049999952316284,1.0,1.0,0.0
2024-07-03 11:07:00,AUPH,5.460000038146973,5.460000038146973,5.460000038146973,5.460000038146973,5.460000038146973,213.0
2024-07-03 11:07:00,AUTL,3.4700000286102295,3.4700000286102295,3.4700000286102295,3.460900068283081,3.460900068283081,779.0
2024-07-03 11:07:00,AVDL,14.260000228881836,14.260000228881836,14.270000457763672,14.260000228881836,14.270000457763672,1747.0
2024-07-03 11:07:00,AVTE,1.600000023841858,1.600000023841858,1.600000023841858,1.600000023841858,1.600000023841858,3655.0
2024-07-03 11:07:00,AVXL,4.215000152587891,4.215000152587891,4.244999885559082,4.215000152587891,4.244999885559082,1534.0
2024-07-03 11:07:00,AXSM,79.66000366210938,79.66000366210938,79.86000061035156,79.63999938964844,79.86000061035156,6957.0
2024-07-03 11:07:00,AZN,76.58000183105469,76.58000183105469,76.6405029296875,76.58000183105469,76.6405029296875,28027.0
2024-07-03 11:07:00,BBIO,25.219999313354492,25.219999313354492,25.219999313354492,25.219999313354492,25.219999313354492,118.0
2024-07-03 11:07:00,BCAB,1.3450000286102295,1.3450000286102295,1.350000023841858,1.3450000286102295,1.3450000286102295,1646.0
2024-07-03 11:07:00,BCRX,6.53000020980835,6.53000020980835,6.53000020980835,6.53000020980835,6.53000020980835,110.0
2024-07-03 11:07:00,BDTX,4.349999904632568,4.349999904632568,4.349999904632568,4.349999904632568,4.349999904632568,327.0
2024-07-03 11:07:00,BEAM,23.690000534057617,23.690000534057617,23.719999313354492,23.690000534057617,23.719999313354492,1192.0
2024-07-03 11:07:00,BGXX,0.27630001306533813,0.27630001306533813,0.27630001306533813,0.27630001306533813,0.27630001306533813,633.0
2024-07-03 11:07:00,BIAF,2.200000047683716,2.200000047683716,2.200000047683716,2.200000047683716,2.200000047683716,500.0
2024-07-03 11:07:00,BIIB,222.97999572753906,222.97999572753906,223.35409545898438,222.97999572753906,223.34500122070312,3758.0
2024-07-03 11:07:00,BJDX,0.6359999775886536,0.6359999775886536,0.6359999775886536,0.6359000205993652,0.6359000205993652,1295.0
2024-07-03 11:07:00,BLUE,0.9316999912261963,0.9316999912261963,0.9318000078201294,0.9257000088691711,0.9272000193595886,102035.0
2024-07-03 11:07:00,BMEA,4.375,4.375,4.382500171661377,4.375,4.375,2688.0
2024-07-03 11:07:00,BMRA,0.45500001311302185,0.45500001311302185,0.45500001311302185,0.45500001311302185,0.45500001311302185,125.0
2024-07-03 11:07:00,BMRN,81.27999877929688,81.27999877929688,81.27999877929688,81.27999877929688,81.27999877929688,604.0
2024-07-03 11:07:00,BNGO,0.5602999925613403,0.5602999925613403,0.560699999332428,0.5602999925613403,0.560699999332428,11254.0
2024-07-03 11:07:00,BNTX,79.70999908447266,79.70999908447266,79.9000015258789,79.70999908447266,79.88999938964844,1642.0
2024-07-03 11:07:00,BPMC,110.76000213623047,110.76000213623047,110.76000213623047,110.76000213623047,110.76000213623047,351.0
2024-07-03 11:07:00,BRKR,61.599998474121094,61.599998474121094,61.61000061035156,61.599998474121094,61.61000061035156,450.0
2024-07-03 11:07:00,BVS,5.989999771118164,5.989999771118164,5.989999771118164,5.989999771118164,5.989999771118164,1725.0
2024-07-03 11:07:00,BYSI,2.5999999046325684,2.5999999046325684,2.5999999046325684,2.5999999046325684,2.5999999046325684,911.0
2024-07-03 11:07:00,CAPR,4.710000038146973,4.710000038146973,4.730000019073486,4.710000038146973,4.730000019073486,1598.0
2024-07-03 11:07:00,CARA,0.2897999882698059,0.2897999882698059,0.2897999882698059,0.2897999882698059,0.2897999882698059,200.0
2024-07-03 11:07:00,CCCC,4.690000057220459,4.690000057220459,4.690000057220459,4.690000057220459,4.690000057220459,503.0
2024-07-03 11:07:00,CCRN,13.710000038146973,13.710000038146973,13.710000038146973,13.710000038146973,13.710000038146973,503.0
2024-07-03 11:07:00,CDMO,7.480000019073486,7.480000019073486,7.480000019073486,7.449999809265137,7.480000019073486,3889.0
2024-07-03 11:07:00,CELC,16.174999237060547,16.174999237060547,16.174999237060547,16.174999237060547,16.174999237060547,291.0
2024-07-03 11:07:00,CERE,41.400001525878906,41.400001525878906,41.404998779296875,41.400001525878906,41.404998779296875,1224.0
2024-07-03 11:07:00,CERT,13.805000305175781,13.805000305175781,13.805000305175781,13.805000305175781,13.805000305175781,462.0
2024-07-03 11:07:00,CGC,6.619999885559082,6.619999885559082,6.639999866485596,6.619999885559082,6.639999866485596,14451.0
2024-07-03 11:07:00,CHRS,1.398800015449524,1.398800015449524,1.398800015449524,1.398800015449524,1.398800015449524,300.0
2024-07-03 11:07:00,CING,0.3330000042915344,0.3330000042915344,0.3330000042915344,0.3330000042915344,0.3330000042915344,200.0
2024-07-03 11:07:00,CKPT,2.200000047683716,2.200000047683716,2.2309999465942383,2.200000047683716,2.2309999465942383,11264.0
2024-07-03 11:07:00,CLDX,36.5,36.5,36.5,36.5,36.5,113.0
2024-07-03 11:07:00,CLOV,1.2395999431610107,1.2395999431610107,1.2395999431610107,1.2395999431610107,1.2395999431610107,1326.0
2024-07-03 11:07:00,CMAX,2.180000066757202,2.180000066757202,2.180000066757202,2.180000066757202,2.180000066757202,201.0
2024-07-03 11:07:00,CNSP,2.130000114440918,2.130000114440918,2.149899959564209,2.109999895095825,2.1198999881744385,23586.0
2024-07-03 11:07:00,COGT,8.3100004196167,8.3100004196167,8.3100004196167,8.3100004196167,8.3100004196167,1102.0
2024-07-03 11:07:00,CORT,30.479999542236328,30.479999542236328,30.514999389648438,30.479999542236328,30.509599685668945,3670.0
2024-07-03 11:07:00,COSM,0.9501000046730042,0.9501000046730042,0.9501000046730042,0.9501000046730042,0.9501000046730042,820.0
2024-07-03 11:07:00,CRBU,1.5850000381469727,1.5850000381469727,1.590000033378601,1.5850000381469727,1.590000033378601,207.0
2024-07-03 11:07:00,CRDL,1.9249999523162842,1.9249999523162842,1.9249999523162842,1.9249999523162842,1.9249999523162842,272.0
2024-07-03 11:07:00,CRMD,4.135000228881836,4.135000228881836,4.135000228881836,4.135000228881836,4.135000228881836,569.0
2024-07-03 11:07:00,CRNX,44.974998474121094,44.974998474121094,44.974998474121094,44.974998474121094,44.974998474121094,465.0
2024-07-03 11:07:00,CRON,2.319999933242798,2.319999933242798,2.319999933242798,2.319999933242798,2.319999933242798,5623.0
2024-07-03 11:07:00,CRSP,53.859500885009766,53.859500885009766,53.859500885009766,53.845001220703125,53.845001220703125,859.0
2024-07-03 11:07:00,CTKB,5.684999942779541,5.684999942779541,5.684999942779541,5.679999828338623,5.684999942779541,4394.0
2024-07-03 11:07:00,CTMX,1.3250000476837158,1.3250000476837158,1.3250000476837158,1.3250000476837158,1.3250000476837158,1303.0
2024-07-03 11:07:00,CUE,1.0149999856948853,1.0149999856948853,1.0149999856948853,1.0149999856948853,1.0149999856948853,209.0
2024-07-03 11:07:00,CUTR,1.3200000524520874,1.3200000524520874,1.3250000476837158,1.3200000524520874,1.3250000476837158,918.0
2024-07-03 11:07:00,CVAC,3.365000009536743,3.365000009536743,3.4049999713897705,3.365000009536743,3.4000000953674316,25048.0
2024-07-03 11:07:00,CYTK,54.83250045776367,54.83250045776367,54.880001068115234,54.75,54.814998626708984,8205.0
2024-07-03 11:07:00,DCGO,2.9100000858306885,2.9100000858306885,2.9100000858306885,2.9100000858306885,2.9100000858306885,672.0
2024-07-03 11:07:00,DSGN,3.234999895095825,3.234999895095825,3.234999895095825,3.234999895095825,3.234999895095825,218.0
2024-07-03 11:07:00,DVAX,11.07800006866455,11.07800006866455,11.07800006866455,11.07800006866455,11.07800006866455,252.0
2024-07-03 11:07:00,DXCM,110.30500030517578,110.30500030517578,110.30500030517578,110.27999877929688,110.27999877929688,522.0
2024-07-03 11:07:00,DYN,34.334999084472656,34.334999084472656,34.345001220703125,34.29999923706055,34.345001220703125,964.0
2024-07-03 11:07:00,EDAP,5.201900005340576,5.201900005340576,5.201900005340576,5.201900005340576,5.201900005340576,150.0
2024-07-03 11:07:00,EDIT,4.644999980926514,4.644999980926514,4.650000095367432,4.644999980926514,4.650000095367432,1193.0
2024-07-03 11:07:00,ELEV,2.6600000858306885,2.6600000858306885,2.6600000858306885,2.6500000953674316,2.6500000953674316,787.0
2024-07-03 11:07:00,ELYM,6.809999942779541,6.809999942779541,6.809999942779541,6.809999942779541,6.809999942779541,707.0
2024-07-03 11:07:00,EMBC,12.039999961853027,12.039999961853027,12.039999961853027,12.039999961853027,12.039999961853027,101.0
2024-07-03 11:07:00,ENSG,126.04499816894531,126.04499816894531,126.04499816894531,126.0199966430664,126.0199966430664,623.0
2024-07-03 11:07:00,EOLS,10.880000114440918,10.880000114440918,10.880000114440918,10.869999885559082,10.880000114440918,567.0
2024-07-03 11:07:00,EQ,0.6744999885559082,0.6744999885559082,0.6744999885559082,0.6744999885559082,0.6744999885559082,4052.0
2024-07-03 11:07:00,ERAS,2.244999885559082,2.244999885559082,2.25,2.244999885559082,2.25,7316.0
2024-07-03 11:07:00,ESPR,2.3399999141693115,2.3399999141693115,2.3399999141693115,2.339900016784668,2.339900016784668,16937.0
2024-07-03 11:07:00,EWTX,18.084999084472656,18.084999084472656,18.084999084472656,18.084999084472656,18.084999084472656,484.0
2024-07-03 11:07:00,EXAS,42.89500045776367,42.89500045776367,42.939998626708984,42.84000015258789,42.90999984741211,6267.0
2024-07-03 11:07:00,EXEL,21.979999542236328,21.979999542236328,21.985000610351562,21.979999542236328,21.985000610351562,2662.0
2024-07-03 11:07:00,EYPT,8.329999923706055,8.329999923706055,8.34000015258789,8.329999923706055,8.34000015258789,2891.0
2024-07-03 11:07:00,FATE,3.180000066757202,3.180000066757202,3.2000999450683594,3.180000066757202,3.2000999450683594,13898.0
2024-07-03 11:07:00,FBIO,1.815000057220459,1.815000057220459,1.815000057220459,1.815000057220459,1.815000057220459,1113.0
2024-07-03 11:07:00,FDMT,21.010000228881836,21.010000228881836,21.020000457763672,21.010000228881836,21.010000228881836,1203.0
2024-07-03 11:07:00,FGEN,0.7196999788284302,0.7196999788284302,0.7199000120162964,0.7196999788284302,0.7199000120162964,4051.0
2024-07-03 11:07:00,FOLD,9.869999885559082,9.869999885559082,9.875,9.864999771118164,9.869999885559082,4492.0
2024-07-03 11:07:00,FULC,6.159999847412109,6.159999847412109,6.175000190734863,6.159999847412109,6.170000076293945,10127.0
2024-07-03 11:07:00,GALT,2.1700000762939453,2.1700000762939453,2.1700000762939453,2.1700000762939453,2.1700000762939453,2.0
2024-07-03 11:07:00,GDRX,7.849999904632568,7.849999904632568,7.855000019073486,7.84499979019165,7.855000019073486,6446.0
2024-07-03 11:07:00,GERN,4.324999809265137,4.324999809265137,4.324999809265137,4.324999809265137,4.324999809265137,1948.0
2024-07-03 11:07:00,GH,28.15999984741211,28.15999984741211,28.15999984741211,28.09000015258789,28.100000381469727,2257.0
2024-07-03 11:07:00,GILD,66.76110076904297,66.76110076904297,66.80000305175781,66.73999786376953,66.79989624023438,17830.0
2024-07-03 11:07:00,GMAB,25.190000534057617,25.190000534057617,25.190000534057617,25.190000534057617,25.190000534057617,342.0
2024-07-03 11:07:00,GOSS,0.9398000240325928,0.9398000240325928,0.9398000240325928,0.9398000240325928,0.9398000240325928,1708.0
2024-07-03 11:07:00,GOVX,3.009999990463257,3.009999990463257,3.009999990463257,3.009999990463257,3.009999990463257,1416.0
2024-07-03 11:07:00,GRTS,0.5867000222206116,0.5867000222206116,0.5892999768257141,0.5864999890327454,0.5864999890327454,30902.0
2024-07-03 11:07:00,GTHX,2.500200033187866,2.500200033187866,2.500200033187866,2.490000009536743,2.5,19274.0
2024-07-03 11:07:00,HALO,51.55500030517578,51.55500030517578,51.55500030517578,51.55500030517578,51.55500030517578,1402.0
2024-07-03 11:07:00,HCSG,10.475000381469727,10.475000381469727,10.475000381469727,10.475000381469727,10.475000381469727,398.0
2024-07-03 11:07:00,HITI,2.1050000190734863,2.1050000190734863,2.109999895095825,2.1050000190734863,2.109999895095825,2005.0
2024-07-03 11:07:00,HOLX,73.33499908447266,73.33499908447266,73.3499984741211,73.33000183105469,73.3499984741211,3021.0
2024-07-03 11:07:00,HOOK,0.5993000268936157,0.5993000268936157,0.5993000268936157,0.5993000268936157,0.5993000268936157,85.0
2024-07-03 11:07:00,HOWL,2.0899999141693115,2.0899999141693115,2.0899999141693115,2.0799999237060547,2.0799999237060547,2037.0
2024-07-03 11:07:00,HQY,82.91000366210938,82.91000366210938,83.01000213623047,82.91000366210938,83.01000213623047,1235.0
2024-07-03 11:07:00,HRMY,30.139999389648438,30.139999389648438,30.139999389648438,30.139999389648438,30.139999389648438,769.0
2024-07-03 11:07:00,HROW,21.600000381469727,21.600000381469727,21.610000610351562,21.600000381469727,21.610000610351562,696.0
2024-07-03 11:07:00,HRTX,2.7850000858306885,2.7850000858306885,2.7850000858306885,2.7750000953674316,2.7850000858306885,10590.0
2024-07-03 11:07:00,HSDT,0.9524999856948853,0.9524999856948853,0.9524999856948853,0.9524999856948853,0.9524999856948853,885.0
2024-07-03 11:07:00,HSIC,65.19000244140625,65.19000244140625,65.19999694824219,65.16999816894531,65.19999694824219,1892.0
2024-07-03 11:07:00,HUGE,0.14509999752044678,0.14509999752044678,0.14509999752044678,0.14509999752044678,0.14509999752044678,0.0
2024-07-03 11:07:00,HUMA,5.659999847412109,5.659999847412109,5.659999847412109,5.639999866485596,5.639999866485596,4055.0
2024-07-03 11:07:00,IART,28.950000762939453,28.950000762939453,28.950000762939453,28.93000030517578,28.93000030517578,1365.0
2024-07-03 11:07:00,IBRX,6.210000038146973,6.210000038146973,6.210000038146973,6.204999923706055,6.204999923706055,1318.0
2024-07-03 11:07:00,ICAD,1.229699969291687,1.229699969291687,1.229699969291687,1.229699969291687,1.229699969291687,2944.0
2024-07-03 11:07:00,ICLR,317.52349853515625,317.52349853515625,317.52349853515625,317.52349853515625,317.52349853515625,782.0
2024-07-03 11:07:00,IDXX,475.6650085449219,475.6650085449219,475.6650085449219,475.6650085449219,475.6650085449219,247.0
2024-07-03 11:07:00,IGMS,6.46999979019165,6.46999979019165,6.46999979019165,6.46999979019165,6.46999979019165,600.0
2024-07-03 11:07:00,ILMN,105.25,105.25,105.25,105.18000030517578,105.18000030517578,1974.0
2024-07-03 11:07:00,IMCC,0.45249998569488525,0.45249998569488525,0.45249998569488525,0.45249998569488525,0.45249998569488525,1000.0
2024-07-03 11:07:00,IMCR,35.95000076293945,35.95000076293945,35.9900016784668,35.95000076293945,35.97999954223633,759.0
2024-07-03 11:07:00,IMMP,1.940000057220459,1.940000057220459,1.940000057220459,1.940000057220459,1.940000057220459,300.0
2024-07-03 11:07:00,IMMX,2.380000114440918,2.380000114440918,2.380000114440918,2.369999885559082,2.369999885559082,3601.0
2024-07-03 11:07:00,IMNM,12.050000190734863,12.050000190734863,12.050000190734863,12.050000190734863,12.050000190734863,331.0
2024-07-03 11:07:00,IMRN,2.005000114440918,2.005000114440918,2.005000114440918,2.005000114440918,2.005000114440918,1800.0
2024-07-03 11:07:00,IMRX,1.149999976158142,1.149999976158142,1.149999976158142,1.149999976158142,1.149999976158142,1369.0
2024-07-03 11:07:00,INBX,13.220000267028809,13.220000267028809,13.229999542236328,13.220000267028809,13.225000381469727,1300.0
2024-07-03 11:07:00,INCY,57.72999954223633,57.72999954223633,57.72999954223633,57.70000076293945,57.709999084472656,2084.0
2024-07-03 11:07:00,INMB,7.875,7.875,7.875,7.829999923706055,7.829999923706055,884.0
2024-07-03 11:07:00,INNV,5.300000190734863,5.300000190734863,5.300000190734863,5.300000190734863,5.300000190734863,2660.0
2024-07-03 11:07:00,INO,8.354999542236328,8.354999542236328,8.359999656677246,8.354999542236328,8.359999656677246,786.0
2024-07-03 11:07:00,INSM,62.095001220703125,62.095001220703125,62.095001220703125,62.04999923706055,62.04999923706055,2392.0
2024-07-03 11:07:00,INVA,16.19499969482422,16.19499969482422,16.200000762939453,16.19499969482422,16.200000762939453,398.0
2024-07-03 11:07:00,IOBT,1.1490000486373901,1.1490000486373901,1.1490000486373901,1.1490000486373901,1.1490000486373901,272.0
2024-07-03 11:07:00,IONS,44.5,44.5,44.52000045776367,44.47999954223633,44.5,2154.0
2024-07-03 11:07:00,IOVA,7.605000019073486,7.605000019073486,7.619900226593018,7.599999904632568,7.605000019073486,9970.0
2024-07-03 11:07:00,IPSC,2.244999885559082,2.244999885559082,2.244999885559082,2.244999885559082,2.244999885559082,514.0
2024-07-03 11:07:00,IRTC,95.68000030517578,95.68000030517578,95.68000030517578,95.68000030517578,95.68000030517578,510.0
2024-07-03 11:07:00,IRWD,6.125,6.125,6.125,6.119999885559082,6.119999885559082,446.0
2024-07-03 11:07:00,ISRG,434.44500732421875,434.44500732421875,434.44500732421875,434.44500732421875,434.44500732421875,210.0
2024-07-03 11:07:00,ITCI,68.0250015258789,68.0250015258789,68.0250015258789,68.0250015258789,68.0250015258789,608.0
2024-07-03 11:07:00,ITOS,14.6899995803833,14.6899995803833,14.6899995803833,14.6899995803833,14.6899995803833,394.0
2024-07-03 11:07:00,IVVD,1.1150000095367432,1.1150000095367432,1.1150000095367432,1.1150000095367432,1.1150000095367432,556.0
2024-07-03 11:07:00,JAZZ,104.19499969482422,104.19499969482422,104.38249969482422,104.19499969482422,104.29000091552734,546.0
2024-07-03 11:07:00,JYNT,13.270000457763672,13.270000457763672,13.270000457763672,13.270000457763672,13.270000457763672,617.0
2024-07-03 11:07:00,KALA,6.78000020980835,6.78000020980835,6.78000020980835,6.679999828338623,6.679999828338623,315.0
2024-07-03 11:07:00,KIDS,29.59000015258789,29.59000015258789,29.59000015258789,29.59000015258789,29.59000015258789,161.0
2024-07-03 11:07:00,KNSA,18.799999237060547,18.799999237060547,18.809999465942383,18.760000228881836,18.799999237060547,3296.0
2024-07-03 11:07:00,KRMD,2.3299999237060547,2.3299999237060547,2.3299999237060547,2.3299999237060547,2.3299999237060547,668.0
2024-07-03 11:07:00,KRON,1.1540000438690186,1.1540000438690186,1.1540000438690186,1.1540000438690186,1.1540000438690186,600.0
2024-07-03 11:07:00,KROS,42.33000183105469,42.33000183105469,42.36750030517578,42.33000183105469,42.36750030517578,733.0
2024-07-03 11:07:00,KRYS,177.60000610351562,177.60000610351562,177.60000610351562,177.60000610351562,177.60000610351562,157.0
2024-07-03 11:07:00,KTRA,0.2856000065803528,0.2856000065803528,0.2856000065803528,0.2833000123500824,0.2833000123500824,74684.0
2024-07-03 11:07:00,KURA,20.389999389648438,20.389999389648438,20.390100479125977,20.389999389648438,20.390100479125977,747.0
2024-07-03 11:07:00,KYMR,30.299999237060547,30.299999237060547,30.364999771118164,30.299999237060547,30.364999771118164,522.0
2024-07-03 11:07:00,KZR,0.5679000020027161,0.5679000020027161,0.5695000290870667,0.5679000020027161,0.5695000290870667,1941.0
2024-07-03 11:07:00,LAB,1.7999999523162842,1.7999999523162842,1.7999999523162842,1.7999999523162842,1.7999999523162842,150.0
2024-07-03 11:07:00,LBPH,32.582000732421875,32.582000732421875,32.790000915527344,32.582000732421875,32.650001525878906,6030.0
2024-07-03 11:07:00,LEGN,45.59000015258789,45.59000015258789,45.59000015258789,45.52000045776367,45.52000045776367,1512.0
2024-07-03 11:07:00,LFST,5.09499979019165,5.09499979019165,5.099999904632568,5.085000038146973,5.099999904632568,3975.0
2024-07-03 11:07:00,LGVN,1.597100019454956,1.597100019454956,1.5994000434875488,1.597100019454956,1.5994000434875488,1175.0
2024-07-03 11:07:00,LIVN,52.62350082397461,52.62350082397461,52.62350082397461,52.62350082397461,52.62350082397461,138.0
2024-07-03 11:07:00,LMAT,80.9800033569336,80.9800033569336,80.9800033569336,80.94000244140625,80.97000122070312,768.0
2024-07-03 11:07:00,LNTH,79.44000244140625,79.44000244140625,79.51000213623047,79.44000244140625,79.51000213623047,836.0
2024-07-03 11:07:00,LOGC,5.695000171661377,5.695000171661377,5.695000171661377,5.695000171661377,5.695000171661377,385.0
2024-07-03 11:07:00,LPCN,7.997600078582764,7.997600078582764,7.997600078582764,7.997600078582764,7.997600078582764,1144.0
2024-07-03 11:07:00,LPTX,1.8300000429153442,1.8300000429153442,1.8300000429153442,1.7999999523162842,1.7999999523162842,1494.0
2024-07-03 11:07:00,LRMR,7.639999866485596,7.639999866485596,7.639999866485596,7.599999904632568,7.599999904632568,2246.0
2024-07-03 11:07:00,LUCY,0.46700000762939453,0.46700000762939453,0.46700000762939453,0.46700000762939453,0.46700000762939453,368.0
2024-07-03 11:07:00,LVTX,1.8700000047683716,1.8700000047683716,1.8700000047683716,1.8700000047683716,1.8700000047683716,604.0
2024-07-03 11:07:00,LXRX,1.6100000143051147,1.6100000143051147,1.6100000143051147,1.6100000143051147,1.6100000143051147,1738.0
2024-07-03 11:07:00,LYEL,1.4917000532150269,1.4917000532150269,1.5,1.4917000532150269,1.5,1249.0
2024-07-03 11:07:00,LYRA,0.28630000352859497,0.28630000352859497,0.28700000047683716,0.28630000352859497,0.28700000047683716,3026.0
2024-07-03 11:07:00,MASI,114.88500213623047,114.88500213623047,114.88500213623047,114.88500213623047,114.88500213623047,505.0
2024-07-03 11:07:00,MBIO,0.5067999958992004,0.5067999958992004,0.5072000026702881,0.5067999958992004,0.5072000026702881,884.0
2024-07-03 11:07:00,MDWD,14.899999618530273,14.899999618530273,14.899999618530273,14.84000015258789,14.84000015258789,982.0
2024-07-03 11:07:00,ME,0.4016000032424927,0.4016000032424927,0.40299999713897705,0.4016000032424927,0.40230000019073486,2114.0
2024-07-03 11:07:00,MEDP,405.69500732421875,405.69500732421875,405.70001220703125,405.69500732421875,405.70001220703125,388.0
2024-07-03 11:07:00,MEDS,17.390100479125977,17.390100479125977,17.670000076293945,17.390100479125977,17.670000076293945,1388.0
2024-07-03 11:07:00,MGNX,4.230000019073486,4.230000019073486,4.230000019073486,4.224999904632568,4.224999904632568,544.0
2024-07-03 11:07:00,MLTX,41.22999954223633,41.22999954223633,41.22999954223633,41.22999954223633,41.22999954223633,563.0
2024-07-03 11:07:00,MNKD,5.054999828338623,5.054999828338623,5.065000057220459,5.054999828338623,5.065000057220459,13884.0
2024-07-03 11:07:00,MNMD,7.2399001121521,7.2399001121521,7.2399001121521,7.2399001121521,7.2399001121521,284.0
2024-07-03 11:07:00,MORF,31.8700008392334,31.8700008392334,31.895000457763672,31.850000381469727,31.850000381469727,523.0
2024-07-03 11:07:00,MREO,3.5199999809265137,3.5199999809265137,3.5199999809265137,3.5199999809265137,3.5199999809265137,1736.0
2024-07-03 11:07:00,MRNA,116.08999633789062,116.08999633789062,116.30999755859375,116.08999633789062,116.26499938964844,5178.0
2024-07-03 11:07:00,MRNS,1.2050000429153442,1.2050000429153442,1.2050000429153442,1.2050000429153442,1.2050000429153442,242.0
2024-07-03 11:07:00,MRSN,1.8700000047683716,1.8700000047683716,1.8700000047683716,1.8700000047683716,1.8700000047683716,1504.0
2024-07-03 11:07:00,MRUS,52.47999954223633,52.47999954223633,52.53499984741211,52.47999954223633,52.53499984741211,1531.0
2024-07-03 11:07:00,MXCT,3.694999933242798,3.694999933242798,3.700000047683716,3.694999933242798,3.700000047683716,352.0
2024-07-03 11:07:00,MYGN,25.094999313354492,25.094999313354492,25.1200008392334,25.094999313354492,25.1200008392334,932.0
2024-07-03 11:07:00,NARI,49.529998779296875,49.529998779296875,49.560001373291016,49.529998779296875,49.54499816894531,1714.0
2024-07-03 11:07:00,NBIX,137.94000244140625,137.94000244140625,137.94000244140625,137.92999267578125,137.92999267578125,717.0
2024-07-03 11:07:00,NDRA,0.08569999784231186,0.08569999784231186,0.08569999784231186,0.08500000089406967,0.08500000089406967,158495.0
2024-07-03 11:07:00,NEOG,15.230299949645996,15.230299949645996,15.230299949645996,15.229999542236328,15.229999542236328,1986.0
2024-07-03 11:07:00,NKTR,1.242300033569336,1.242300033569336,1.2450000047683716,1.242300033569336,1.2450000047683716,1435.0
2024-07-03 11:07:00,NNOX,7.005000114440918,7.005000114440918,7.005000114440918,7.0,7.005000114440918,1667.0
2024-07-03 11:07:00,NOTV,1.679800033569336,1.679800033569336,1.679800033569336,1.679800033569336,1.679800033569336,1000.0
2024-07-03 11:07:00,NRIX,19.69499969482422,19.69499969482422,19.69499969482422,19.69499969482422,19.69499969482422,1338.0
2024-07-03 11:07:00,NTLA,22.579999923706055,22.579999923706055,22.579999923706055,22.540000915527344,22.540000915527344,10773.0
2024-07-03 11:07:00,NUWE,3.9100000858306885,3.9100000858306885,3.9100000858306885,3.9100000858306885,3.9100000858306885,1595.0
2024-07-03 11:07:00,NVAX,12.670000076293945,12.670000076293945,12.6850004196167,12.670000076293945,12.675100326538086,5506.0
2024-07-03 11:07:00,NVOS,0.7599999904632568,0.7599999904632568,0.7599999904632568,0.7599999904632568,0.7599999904632568,895.0
2024-07-03 11:07:00,OCGN,1.6299999952316284,1.6299999952316284,1.6299999952316284,1.621500015258789,1.629699945449829,2650.0
2024-07-03 11:07:00,OCUL,6.695000171661377,6.695000171661377,6.704999923706055,6.695000171661377,6.704999923706055,1813.0
2024-07-03 11:07:00,OGI,1.5750000476837158,1.5750000476837158,1.5800000429153442,1.5750000476837158,1.5800000429153442,8414.0
2024-07-03 11:07:00,OLMA,10.550000190734863,10.550000190734863,10.555000305175781,10.550000190734863,10.555000305175781,619.0
2024-07-03 11:07:00,OM,3.8399999141693115,3.8399999141693115,3.8550000190734863,3.8299999237060547,3.8550000190734863,17152.0
2024-07-03 11:07:00,OMCL,26.420000076293945,26.420000076293945,26.420000076293945,26.389999389648438,26.389999389648438,1492.0
2024-07-03 11:07:00,OMGA,1.9800000190734863,1.9800000190734863,1.9800000190734863,1.9601000547409058,1.9601000547409058,8757.0
2024-07-03 11:08:00,ABEO,4.289999961853027,4.289999961853027,4.289999961853027,4.289999961853027,4.289999961853027,156.0
2024-07-03 11:08:00,ABSI,3.1816999912261963,3.1816999912261963,3.194999933242798,3.1816999912261963,3.190000057220459,5856.0
2024-07-03 11:08:00,ABUS,3.1549999713897705,3.1549999713897705,3.1549999713897705,3.1549999713897705,3.1549999713897705,878.0
2024-07-03 11:08:00,ACB,4.885000228881836,4.885000228881836,4.900000095367432,4.880000114440918,4.900000095367432,8192.0
2024-07-03 11:08:00,ACCD,3.549999952316284,3.549999952316284,3.549999952316284,3.5399999618530273,3.5450000762939453,640.0
2024-07-03 11:08:00,ACET,1.0549999475479126,1.0549999475479126,1.059999942779541,1.0549999475479126,1.0549999475479126,356.0
2024-07-03 11:08:00,ACHC,66.2300033569336,66.2300033569336,66.2300033569336,66.2300033569336,66.2300033569336,1308.0
2024-07-03 11:08:00,ACRS,1.1699999570846558,1.1699999570846558,1.1699999570846558,1.1699999570846558,1.1699999570846558,1005.0
2024-07-03 11:08:00,ADAP,1.024999976158142,1.024999976158142,1.024999976158142,1.024999976158142,1.024999976158142,0.0
2024-07-03 11:08:00,ADMA,11.244999885559082,11.244999885559082,11.255000114440918,11.240599632263184,11.250800132751465,4874.0
2024-07-03 11:08:00,ADPT,3.359999895095825,3.359999895095825,3.359999895095825,3.359999895095825,3.359999895095825,448.0
2024-07-03 11:08:00,AEMD,0.41510000824928284,0.41510000824928284,0.41530001163482666,0.41510000824928284,0.41530001163482666,390.0
2024-07-03 11:08:00,AGEN,14.449999809265137,14.449999809265137,14.449999809265137,14.449999809265137,14.449999809265137,745.0
2024-07-03 11:08:00,AGIO,41.709999084472656,41.709999084472656,41.709999084472656,41.709999084472656,41.709999084472656,361.0
2024-07-03 11:08:00,AHCO,9.8149995803833,9.8149995803833,9.8149995803833,9.8149995803833,9.8149995803833,380.0
2024-07-03 11:08:00,AKAN,2.240000009536743,2.240000009536743,2.240000009536743,2.240000009536743,2.240000009536743,846.0
2024-07-03 11:08:00,AKBA,0.9438999891281128,0.9438999891281128,0.9438999891281128,0.9412999749183655,0.9427000284194946,578.0
2024-07-03 11:08:00,AKRO,22.010000228881836,22.010000228881836,22.010000228881836,22.010000228881836,22.010000228881836,666.0
2024-07-03 11:08:00,ALGN,238.6750030517578,238.6750030517578,238.6750030517578,238.6750030517578,238.6750030517578,450.0
2024-07-03 11:08:00,ALIM,5.525000095367432,5.525000095367432,5.525000095367432,5.525000095367432,5.525000095367432,489.0
2024-07-03 11:08:00,ALKS,24.264999389648438,24.264999389648438,24.270000457763672,24.260000228881836,24.260000228881836,1068.0
2024-07-03 11:08:00,ALLO,2.134999990463257,2.134999990463257,2.140000104904175,2.134999990463257,2.140000104904175,14861.0
2024-07-03 11:08:00,ALLR,0.2037000060081482,0.2037000060081482,0.20419999957084656,0.2037000060081482,0.20419999957084656,21491.0
2024-07-03 11:08:00,ALNY,246.2899932861328,246.2899932861328,246.2899932861328,246.2899932861328,246.2899932861328,124.0
2024-07-03 11:08:00,ALT,6.629899978637695,6.629899978637695,6.639999866485596,6.619999885559082,6.629000186920166,15562.0
2024-07-03 11:08:00,ALVR,0.7350000143051147,0.7350000143051147,0.7350000143051147,0.7350000143051147,0.7350000143051147,1283.0
2024-07-03 11:08:00,AMED,97.0,97.0,97.05010223388672,97.0,97.05000305175781,5863.0
2024-07-03 11:08:00,AMGN,306.17999267578125,306.17999267578125,306.3949890136719,306.1499938964844,306.3800048828125,4658.0
2024-07-03 11:08:00,AMLX,1.7450000047683716,1.7450000047683716,1.7450000047683716,1.7450000047683716,1.7450000047683716,200.0
2024-07-03 11:08:00,AMPH,38.279998779296875,38.279998779296875,38.33000183105469,38.25040054321289,38.25040054321289,2682.0
2024-07-03 11:08:00,AMRN,0.699999988079071,0.699999988079071,0.699999988079071,0.699999988079071,0.699999988079071,0.0
2024-07-03 11:08:00,ANAB,25.325000762939453,25.325000762939453,25.325000762939453,25.325000762939453,25.325000762939453,950.0
2024-07-03 11:08:00,ANGO,5.610000133514404,5.610000133514404,5.610000133514404,5.610000133514404,5.610000133514404,276.0
2024-07-03 11:08:00,ANNX,4.795000076293945,4.795000076293945,4.800000190734863,4.795000076293945,4.800000190734863,2980.0
2024-07-03 11:08:00,ANTX,2.5650999546051025,2.5650999546051025,2.5850000381469727,2.5650999546051025,2.5799999237060547,2386.0
2024-07-03 11:08:00,APDN,0.4401000142097473,0.4401000142097473,0.4401000142097473,0.4401000142097473,0.4401000142097473,451.0
2024-07-03 11:08:00,APLS,35.65999984741211,35.65999984741211,35.689998626708984,35.599998474121094,35.689998626708984,1752.0
2024-07-03 11:08:00,APLT,4.349999904632568,4.349999904632568,4.349999904632568,4.349999904632568,4.349999904632568,541.0
2024-07-03 11:08:00,APYX,1.3899999856948853,1.3899999856948853,1.3899999856948853,1.3899999856948853,1.3899999856948853,1180.0
2024-07-03 11:08:00,AQST,2.4049999713897705,2.4049999713897705,2.4100000858306885,2.4049999713897705,2.4100000858306885,2946.0
2024-07-03 11:08:00,ARCT,21.3700008392334,21.3700008392334,21.3700008392334,21.3700008392334,21.3700008392334,884.0
2024-07-03 11:08:00,ARDX,5.204999923706055,5.204999923706055,5.208799839019775,5.200099945068359,5.208799839019775,8996.0
2024-07-03 11:08:00,ARGX,433.5,433.5,433.5,433.3500061035156,433.3500061035156,1884.0
2024-07-03 11:08:00,ARQT,9.590100288391113,9.590100288391113,9.600000381469727,9.59000015258789,9.59000015258789,2574.0
2024-07-03 11:08:00,ARVN,24.389999389648438,24.389999389648438,24.389999389648438,24.389999389648438,24.389999389648438,353.0
2024-07-03 11:08:00,ASMB,12.170000076293945,12.170000076293945,12.170000076293945,12.170000076293945,12.170000076293945,133.0
2024-07-03 11:08:00,ASRT,1.3250000476837158,1.3250000476837158,1.3250000476837158,1.3250000476837158,1.3250000476837158,1814.0
2024-07-03 11:08:00,ATEC,9.859000205993652,9.859000205993652,9.859000205993652,9.859000205993652,9.859000205993652,200.0
2024-07-03 11:08:00,ATOS,1.1598999500274658,1.1598999500274658,1.159999966621399,1.1598999500274658,1.159999966621399,1067.0
2024-07-03 11:08:00,ATRA,7.619999885559082,7.619999885559082,7.619999885559082,7.610000133514404,7.610000133514404,661.0
2024-07-03 11:08:00,ATRC,22.344999313354492,22.344999313354492,22.344999313354492,22.309999465942383,22.309999465942383,308.0
2024-07-03 11:08:00,ATXS,9.0,9.0,9.0,8.989999771118164,8.989999771118164,2309.0
2024-07-03 11:08:00,AUGX,1.0011999607086182,1.0011999607086182,1.0011999607086182,1.0,1.0,449.0
2024-07-03 11:08:00,AUPH,5.465000152587891,5.465000152587891,5.465000152587891,5.460000038146973,5.460000038146973,584.0
2024-07-03 11:08:00,AUTL,3.4649999141693115,3.4649999141693115,3.4649999141693115,3.4649999141693115,3.4649999141693115,372.0
2024-07-03 11:08:00,AVAH,2.6500000953674316,2.6500000953674316,2.6500000953674316,2.6500000953674316,2.6500000953674316,2446.0
2024-07-03 11:08:00,AVDL,14.25,14.25,14.260000228881836,14.25,14.260000228881836,1941.0
2024-07-03 11:08:00,AVTE,1.6098999977111816,1.6098999977111816,1.6100000143051147,1.6098999977111816,1.6100000143051147,890.0
2024-07-03 11:08:00,AVXL,4.220099925994873,4.220099925994873,4.220099925994873,4.21999979019165,4.21999979019165,1135.0
2024-07-03 11:08:00,AXNX,67.48500061035156,67.48500061035156,67.51000213623047,67.48500061035156,67.51000213623047,309.0
2024-07-03 11:08:00,AXSM,79.72859954833984,79.72859954833984,79.72859954833984,79.72859954833984,79.72859954833984,159.0
2024-07-03 11:08:00,AZN,76.51000213623047,76.51000213623047,76.56999969482422,76.5,76.56999969482422,17889.0
2024-07-03 11:08:00,BBIO,25.280000686645508,25.280000686645508,25.290000915527344,25.239999771118164,25.239999771118164,3393.0
2024-07-03 11:08:00,BCAB,1.340000033378601,1.340000033378601,1.350000023841858,1.340000033378601,1.3450000286102295,4219.0
2024-07-03 11:08:00,BCRX,6.549900054931641,6.549900054931641,6.549900054931641,6.539899826049805,6.539999961853027,1197.0
2024-07-03 11:08:00,BDTX,4.349999904632568,4.349999904632568,4.349999904632568,4.349999904632568,4.349999904632568,934.0
2024-07-03 11:08:00,BEAM,23.690000534057617,23.690000534057617,23.719999313354492,23.65999984741211,23.690000534057617,8689.0
2024-07-03 11:08:00,BGNE,146.64500427246094,146.64500427246094,146.64500427246094,146.64500427246094,146.64500427246094,200.0
2024-07-03 11:08:00,BIIB,223.2899932861328,223.2899932861328,223.2899932861328,223.0050048828125,223.00999450683594,2240.0
2024-07-03 11:08:00,BJDX,0.6359999775886536,0.6359999775886536,0.6359999775886536,0.6359999775886536,0.6359999775886536,200.0
2024-07-03 11:08:00,BLUE,0.9340000152587891,0.9340000152587891,0.9350000023841858,0.9283999800682068,0.9283999800682068,40285.0
2024-07-03 11:08:00,BMEA,4.409999847412109,4.409999847412109,4.409999847412109,4.389900207519531,4.389900207519531,6339.0
2024-07-03 11:08:00,BMRA,0.45489999651908875,0.45489999651908875,0.45489999651908875,0.4544000029563904,0.4544000029563904,350.0
2024-07-03 11:08:00,BNGO,0.5601999759674072,0.5601999759674072,0.5602999925613403,0.5601999759674072,0.5602999925613403,982.0
2024-07-03 11:08:00,BNTX,79.58000183105469,79.58000183105469,79.58000183105469,79.48999786376953,79.55000305175781,1405.0
2024-07-03 11:08:00,BPMC,110.61000061035156,110.61000061035156,110.6500015258789,110.61000061035156,110.6500015258789,1086.0
2024-07-03 11:08:00,BRKR,61.654998779296875,61.654998779296875,61.654998779296875,61.654998779296875,61.654998779296875,565.0
2024-07-03 11:08:00,BTAI,1.090000033378601,1.090000033378601,1.090000033378601,1.090000033378601,1.090000033378601,726.0
2024-07-03 11:08:00,BTMD,7.389999866485596,7.389999866485596,7.389999866485596,7.389999866485596,7.389999866485596,1290.0
2024-07-03 11:08:00,CADL,6.28000020980835,6.28000020980835,6.28000020980835,6.260000228881836,6.260499954223633,1536.0
2024-07-03 11:08:00,CARA,0.2874000072479248,0.2874000072479248,0.2874000072479248,0.2874000072479248,0.2874000072479248,1868.0
2024-07-03 11:08:00,CCCC,4.679999828338623,4.679999828338623,4.690000057220459,4.675000190734863,4.684999942779541,4094.0
2024-07-03 11:08:00,CDMO,7.46999979019165,7.46999979019165,7.5,7.46999979019165,7.494999885559082,2238.0
2024-07-03 11:08:00,CDXC,2.5199999809265137,2.5199999809265137,2.5450000762939453,2.5199999809265137,2.5450000762939453,2336.0
2024-07-03 11:08:00,CDXS,2.8499999046325684,2.8499999046325684,2.8499999046325684,2.8399999141693115,2.8399999141693115,3166.0
2024-07-03 11:08:00,CELC,16.209999084472656,16.209999084472656,16.209999084472656,16.209999084472656,16.209999084472656,200.0
2024-07-03 11:08:00,CERE,41.400001525878906,41.400001525878906,41.41999816894531,41.3849983215332,41.400001525878906,30670.0
2024-07-03 11:08:00,CERS,1.7101000547409058,1.7101000547409058,1.7101000547409058,1.7101000547409058,1.7101000547409058,5440.0
2024-07-03 11:08:00,CGC,6.579999923706055,6.579999923706055,6.610000133514404,6.559999942779541,6.610000133514404,52543.0
2024-07-03 11:08:00,CGEM,16.864999771118164,16.864999771118164,16.889999389648438,16.84000015258789,16.889999389648438,3307.0
2024-07-03 11:08:00,CHRS,1.3949999809265137,1.3949999809265137,1.3949999809265137,1.3899999856948853,1.3899999856948853,2380.0
2024-07-03 11:08:00,CKPT,2.2249999046325684,2.2249999046325684,2.2249999046325684,2.200000047683716,2.2200000286102295,9603.0
2024-07-03 11:08:00,CLDX,36.5,36.5,36.5,36.5,36.5,316.0
2024-07-03 11:08:00,CLPT,5.420000076293945,5.420000076293945,5.420000076293945,5.420000076293945,5.420000076293945,428.0
2024-07-03 11:08:00,CMPS,6.389999866485596,6.389999866485596,6.389999866485596,6.389999866485596,6.389999866485596,629.0
2024-07-03 11:08:00,CMPX,0.8429999947547913,0.8429999947547913,0.8429999947547913,0.8429999947547913,0.8429999947547913,358.0
2024-07-03 11:08:00,CMRX,0.8629999756813049,0.8629999756813049,0.8629999756813049,0.8629999756813049,0.8629999756813049,246.0
2024-07-03 11:08:00,CNSP,2.1898999214172363,2.1898999214172363,2.190000057220459,2.130000114440918,2.1310999393463135,112287.0
2024-07-03 11:08:00,CNTX,1.7949999570846558,1.7949999570846558,1.7949999570846558,1.7949999570846558,1.7949999570846558,928.0
2024-07-03 11:08:00,CORT,30.450000762939453,30.450000762939453,30.479999542236328,30.450000762939453,30.479999542236328,850.0
2024-07-03 11:08:00,COSM,0.9501000046730042,0.9501000046730042,0.9501000046730042,0.949999988079071,0.949999988079071,657.0
2024-07-03 11:08:00,CRBU,1.590000033378601,1.590000033378601,1.590000033378601,1.590000033378601,1.590000033378601,212.0
2024-07-03 11:08:00,CRDF,2.255000114440918,2.255000114440918,2.255000114440918,2.255000114440918,2.255000114440918,1301.0
2024-07-03 11:08:00,CRNX,45.04999923706055,45.04999923706055,45.04999923706055,44.9900016784668,45.040000915527344,706.0
2024-07-03 11:08:00,CRSP,53.845001220703125,53.845001220703125,53.869998931884766,53.810001373291016,53.869998931884766,1656.0
2024-07-03 11:08:00,CSTL,20.93000030517578,20.93000030517578,20.93000030517578,20.93000030517578,20.93000030517578,714.0
2024-07-03 11:08:00,CTKB,5.684999942779541,5.684999942779541,5.684999942779541,5.684999942779541,5.684999942779541,2356.0
2024-07-03 11:08:00,CTMX,1.3300000429153442,1.3300000429153442,1.3300000429153442,1.3250000476837158,1.3300000429153442,2248.0
2024-07-03 11:08:00,CTXR,0.5062999725341797,0.5062999725341797,0.5062999725341797,0.5034000277519226,0.5034000277519226,4443.0
2024-07-03 11:08:00,CUE,1.0149999856948853,1.0149999856948853,1.0149999856948853,1.0149999856948853,1.0149999856948853,190.0
2024-07-03 11:08:00,CVAC,3.359999895095825,3.359999895095825,3.3691000938415527,3.3499999046325684,3.360100030899048,18417.0
2024-07-03 11:08:00,CYTK,54.88999938964844,54.88999938964844,54.88999938964844,54.88999938964844,54.88999938964844,579.0
2024-07-03 11:08:00,DAWN,13.369999885559082,13.369999885559082,13.369999885559082,13.350000381469727,13.350000381469727,5876.0
2024-07-03 11:08:00,DH,5.375,5.375,5.375,5.375,5.375,720.0
2024-07-03 11:08:00,DNLI,21.434999465942383,21.434999465942383,21.434999465942383,21.434999465942383,21.434999465942383,239.0
2024-07-03 11:08:00,DRTS,2.309999942779541,2.309999942779541,2.309999942779541,2.309999942779541,2.309999942779541,355.0
2024-07-03 11:08:00,DSGN,3.25,3.25,3.25,3.234999895095825,3.25,335.0
2024-07-03 11:08:00,DVAX,11.074999809265137,11.074999809265137,11.074999809265137,11.074999809265137,11.074999809265137,205.0
2024-07-03 11:08:00,DXCM,110.33000183105469,110.33000183105469,110.3499984741211,110.27999877929688,110.27999877929688,4179.0
2024-07-03 11:08:00,DYN,34.33000183105469,34.33000183105469,34.33000183105469,34.32749938964844,34.32749938964844,1514.0
2024-07-03 11:08:00,EDIT,4.644999980926514,4.644999980926514,4.644999980926514,4.644999980926514,4.644999980926514,656.0
2024-07-03 11:08:00,ENVB,0.5002999901771545,0.5002999901771545,0.5002999901771545,0.5002999901771545,0.5002999901771545,1000.0
2024-07-03 11:08:00,EOLS,10.880000114440918,10.880000114440918,10.880000114440918,10.880000114440918,10.880000114440918,426.0
2024-07-03 11:08:00,ESPR,2.3399999141693115,2.3399999141693115,2.3399999141693115,2.3350000381469727,2.3399999141693115,2253.0
2024-07-03 11:08:00,ETNB,7.550000190734863,7.550000190734863,7.550000190734863,7.545000076293945,7.545000076293945,6687.0
2024-07-03 11:08:00,EVO,5.070000171661377,5.070000171661377,5.070000171661377,5.070000171661377,5.070000171661377,456.0
2024-07-03 11:08:00,EXAS,42.869998931884766,42.869998931884766,42.869998931884766,42.849998474121094,42.86000061035156,2059.0
2024-07-03 11:08:00,EXEL,21.97010040283203,21.97010040283203,21.9950008392334,21.97010040283203,21.9950008392334,2393.0
2024-07-03 11:08:00,EYEN,0.7609000205993652,0.7609000205993652,0.7911999821662903,0.7609000205993652,0.7911999821662903,20228.0
2024-07-03 11:08:00,EYPT,8.34000015258789,8.34000015258789,8.34000015258789,8.34000015258789,8.34000015258789,228.0
2024-07-03 11:08:00,FATE,3.190000057220459,3.190000057220459,3.190000057220459,3.184999942779541,3.190000057220459,1065.0
2024-07-03 11:08:00,FDMT,21.010000228881836,21.010000228881836,21.010000228881836,20.950000762939453,20.950000762939453,545.0
2024-07-03 11:08:00,FGEN,0.7193999886512756,0.7193999886512756,0.7193999886512756,0.7193999886512756,0.7193999886512756,2376.0
2024-07-03 11:08:00,FHTX,5.510000228881836,5.510000228881836,5.510000228881836,5.510000228881836,5.510000228881836,220.0
2024-07-03 11:08:00,FOLD,9.864999771118164,9.864999771118164,9.864999771118164,9.864999771118164,9.864999771118164,1733.0
2024-07-03 11:08:00,FULC,6.159999847412109,6.159999847412109,6.159999847412109,6.159999847412109,6.159999847412109,476.0
2024-07-03 11:08:00,GBIO,2.359999895095825,2.359999895095825,2.359999895095825,2.359999895095825,2.359999895095825,1594.0
2024-07-03 11:08:00,GDRX,7.855000019073486,7.855000019073486,7.859899997711182,7.840099811553955,7.849999904632568,7498.0
2024-07-03 11:08:00,GERN,4.320000171661377,4.320000171661377,4.320000171661377,4.320000171661377,4.320000171661377,8101.0
2024-07-03 11:08:00,GH,28.1299991607666,28.1299991607666,28.15999984741211,28.1299991607666,28.15999984741211,1817.0
2024-07-03 11:08:00,GHRS,11.462300300598145,11.462300300598145,11.462300300598145,11.462300300598145,11.462300300598145,739.0
2024-07-03 11:08:00,GILD,66.76000213623047,66.76000213623047,66.80999755859375,66.76000213623047,66.7699966430664,17202.0
2024-07-03 11:08:00,GLPG,25.08009910583496,25.08009910583496,25.08009910583496,25.08009910583496,25.08009910583496,744.0
2024-07-03 11:08:00,GLUE,3.75,3.75,3.75,3.75,3.75,214.0
2024-07-03 11:08:00,GMAB,25.18000030517578,25.18000030517578,25.18000030517578,25.18000030517578,25.18000030517578,731.0
2024-07-03 11:08:00,GOVX,2.984999895095825,2.984999895095825,2.984999895095825,2.9800000190734863,2.984999895095825,531.0
2024-07-03 11:08:00,GRTS,0.5867000222206116,0.5867000222206116,0.5867000222206116,0.5866000056266785,0.5867000222206116,3273.0
2024-07-03 11:08:00,HALO,51.529998779296875,51.529998779296875,51.55500030517578,51.52000045776367,51.55500030517578,1654.0
2024-07-03 11:08:00,HBIO,2.755000114440918,2.755000114440918,2.755000114440918,2.755000114440918,2.755000114440918,300.0
2024-07-03 11:08:00,HCM,17.44499969482422,17.44499969482422,17.44499969482422,17.44499969482422,17.44499969482422,200.0
2024-07-03 11:08:00,HCSG,10.494999885559082,10.494999885559082,10.494999885559082,10.479999542236328,10.479999542236328,2546.0
2024-07-03 11:08:00,HOLX,73.29000091552734,73.29000091552734,73.33499908447266,73.29000091552734,73.33499908447266,2957.0
2024-07-03 11:08:00,HOOK,0.5993000268936157,0.5993000268936157,0.5993000268936157,0.5993000268936157,0.5993000268936157,200.0
2024-07-03 11:08:00,HQY,82.94000244140625,82.94000244140625,82.94000244140625,82.93499755859375,82.93499755859375,515.0
2024-07-03 11:08:00,HRTX,2.7892000675201416,2.7892000675201416,2.7892000675201416,2.7892000675201416,2.7892000675201416,721.0
2024-07-03 11:08:00,HSIC,65.2249984741211,65.2249984741211,65.2249984741211,65.19999694824219,65.19999694824219,2197.0
2024-07-03 11:08:00,HUMA,5.6596999168396,5.6596999168396,5.659800052642822,5.650000095367432,5.650000095367432,6198.0
2024-07-03 11:08:00,HYPR,0.9523000121116638,0.9523000121116638,0.9523000121116638,0.9523000121116638,0.9523000121116638,3018.0
2024-07-03 11:08:00,IBRX,6.215000152587891,6.215000152587891,6.215000152587891,6.215000152587891,6.215000152587891,358.0
2024-07-03 11:08:00,ICAD,1.2000000476837158,1.2000000476837158,1.2000000476837158,1.2000000476837158,1.2000000476837158,588.0
2024-07-03 11:08:00,ICCM,0.7197999954223633,0.7197999954223633,0.7197999954223633,0.7197999954223633,0.7197999954223633,1447.0
2024-07-03 11:08:00,IDXX,475.04998779296875,475.04998779296875,475.04998779296875,475.04998779296875,475.04998779296875,563.0
2024-07-03 11:08:00,IDYA,33.540000915527344,33.540000915527344,33.540000915527344,33.540000915527344,33.540000915527344,555.0
2024-07-03 11:08:00,IKNA,1.6399999856948853,1.6399999856948853,1.6399999856948853,1.6399999856948853,1.6399999856948853,339.0
2024-07-03 11:08:00,ILMN,105.02999877929688,105.02999877929688,105.27999877929688,105.02999877929688,105.2699966430664,5937.0
2024-07-03 11:08:00,IMMX,2.3317999839782715,2.3317999839782715,2.3450000286102295,2.3317999839782715,2.3450000286102295,2265.0
2024-07-03 11:08:00,IMNM,12.035200119018555,12.035200119018555,12.035200119018555,12.035200119018555,12.035200119018555,311.0
2024-07-03 11:08:00,IMVT,26.625,26.625,26.625,26.6200008392334,26.6200008392334,760.0
2024-07-03 11:08:00,INCY,57.59000015258789,57.59000015258789,57.709999084472656,57.59000015258789,57.709999084472656,6869.0
2024-07-03 11:08:00,INGN,7.900000095367432,7.900000095367432,7.900000095367432,7.900000095367432,7.900000095367432,594.0
2024-07-03 11:08:00,INMB,7.880000114440918,7.880000114440918,7.880000114440918,7.880000114440918,7.880000114440918,2020.0
2024-07-03 11:08:00,INMD,17.579999923706055,17.579999923706055,17.59000015258789,17.579999923706055,17.579999923706055,1174.0
2024-07-03 11:08:00,INO,8.369999885559082,8.369999885559082,8.369999885559082,8.354999542236328,8.354999542236328,422.0
2024-07-03 11:08:00,INSM,62.04499816894531,62.04499816894531,62.09000015258789,62.02000045776367,62.060001373291016,9632.0
2024-07-03 11:08:00,INVA,16.190000534057617,16.190000534057617,16.190000534057617,16.190000534057617,16.190000534057617,753.0
2024-07-03 11:08:00,INZY,4.46999979019165,4.46999979019165,4.46999979019165,4.46999979019165,4.46999979019165,211.0
2024-07-03 11:08:00,IOVA,7.59499979019165,7.59499979019165,7.609899997711182,7.59119987487793,7.605000019073486,34441.0
2024-07-03 11:08:00,IRTC,95.41999816894531,95.41999816894531,95.41999816894531,95.41999816894531,95.41999816894531,682.0
2024-07-03 11:08:00,IRWD,6.119999885559082,6.119999885559082,6.130000114440918,6.119999885559082,6.130000114440918,1665.0
2024-07-03 11:08:00,ISRG,434.239990234375,434.239990234375,434.67999267578125,434.239990234375,434.44500732421875,3036.0
2024-07-03 11:08:00,ITCI,68.08000183105469,68.08000183105469,68.08000183105469,68.08000183105469,68.08000183105469,1117.0
2024-07-03 11:08:00,JAGX,3.4600000381469727,3.4600000381469727,3.4600000381469727,3.4600000381469727,3.4600000381469727,1942.0
2024-07-03 11:08:00,JANX,37.900001525878906,37.900001525878906,38.0,37.880001068115234,38.0,1638.0
2024-07-03 11:08:00,JAZZ,104.13999938964844,104.13999938964844,104.25,104.13999938964844,104.25,758.0
2024-07-03 11:08:00,KMDA,5.179999828338623,5.179999828338623,5.179999828338623,5.179999828338623,5.179999828338623,102.0
2024-07-03 11:08:00,KNSA,18.834999084472656,18.834999084472656,18.834999084472656,18.829999923706055,18.829999923706055,724.0
2024-07-03 11:08:00,KOD,2.2300000190734863,2.2300000190734863,2.2300000190734863,2.2200000286102295,2.2200000286102295,607.0
2024-07-03 11:08:00,KPTI,0.8370000123977661,0.8370000123977661,0.8370000123977661,0.8343999981880188,0.8343999981880188,1656.0
2024-07-03 11:08:00,KRYS,177.57000732421875,177.57000732421875,177.57000732421875,177.57000732421875,177.57000732421875,419.0
2024-07-03 11:08:00,KTRA,0.28870001435279846,0.28870001435279846,0.28870001435279846,0.2854999899864197,0.2854999899864197,53764.0
2024-07-03 11:08:00,KURA,20.389999389648438,20.389999389648438,20.389999389648438,20.389999389648438,20.389999389648438,457.0
2024-07-03 11:08:00,LAB,1.7999999523162842,1.7999999523162842,1.7999999523162842,1.7999999523162842,1.7999999523162842,330.0
2024-07-03 11:08:00,LBPH,32.470001220703125,32.470001220703125,32.66999816894531,32.439998626708984,32.439998626708984,19533.0
2024-07-03 11:08:00,LFMD,6.739999771118164,6.739999771118164,6.739999771118164,6.739999771118164,6.739999771118164,715.0
2024-07-03 11:08:00,LFST,5.099999904632568,5.099999904632568,5.099999904632568,5.099999904632568,5.099999904632568,214.0
2024-07-03 11:08:00,LGVN,1.5994000434875488,1.5994000434875488,1.5994000434875488,1.5992000102996826,1.5992000102996826,438.0
2024-07-03 11:08:00,LIVN,52.68000030517578,52.68000030517578,52.68000030517578,52.68000030517578,52.68000030517578,1004.0
2024-07-03 11:08:00,LNTH,79.45500183105469,79.45500183105469,79.48500061035156,79.44999694824219,79.45999908447266,1462.0
2024-07-03 11:08:00,LQDA,11.920000076293945,11.920000076293945,11.930000305175781,11.920000076293945,11.930000305175781,1940.0
2024-07-03 11:08:00,LRMR,7.65500020980835,7.65500020980835,7.65500020980835,7.65500020980835,7.65500020980835,254.0
2024-07-03 11:08:00,LUCY,0.46209999918937683,0.46209999918937683,0.4645000100135803,0.46209999918937683,0.4641000032424927,52677.0
2024-07-03 11:08:00,LXRX,1.6050000190734863,1.6050000190734863,1.6050000190734863,1.6050000190734863,1.6050000190734863,3127.0
2024-07-03 11:08:00,LYRA,0.28630000352859497,0.28630000352859497,0.28630000352859497,0.28630000352859497,0.28630000352859497,0.0
2024-07-03 11:08:00,MBIO,0.5069000124931335,0.5069000124931335,0.5077999830245972,0.5067999958992004,0.5077999830245972,1449.0
2024-07-03 11:08:00,MDXG,6.744999885559082,6.744999885559082,6.744999885559082,6.744999885559082,6.744999885559082,216.0
2024-07-03 11:08:00,ME,0.40149998664855957,0.40149998664855957,0.4018000066280365,0.3991999924182892,0.40149998664855957,46381.0
2024-07-03 11:08:00,MGNX,4.230000019073486,4.230000019073486,4.230000019073486,4.224999904632568,4.224999904632568,360.0
2024-07-03 11:08:00,MGTX,3.990000009536743,3.990000009536743,3.990000009536743,3.990000009536743,3.990000009536743,614.0
2024-07-03 11:08:00,MNKD,5.054999828338623,5.054999828338623,5.054999828338623,5.054999828338623,5.054999828338623,1408.0
2024-07-03 11:08:00,MNMD,7.235000133514404,7.235000133514404,7.235000133514404,7.235000133514404,7.235000133514404,228.0
2024-07-03 11:08:00,MREO,3.515000104904175,3.515000104904175,3.515000104904175,3.515000104904175,3.515000104904175,718.0
2024-07-03 11:08:00,MRNA,115.88999938964844,115.88999938964844,116.09500122070312,115.87999725341797,116.09500122070312,5196.0
2024-07-03 11:08:00,MRSN,1.8700000047683716,1.8700000047683716,1.8700000047683716,1.8700000047683716,1.8700000047683716,570.0
2024-07-03 11:08:00,MRVI,6.835000038146973,6.835000038146973,6.835000038146973,6.835000038146973,6.835000038146973,2264.0
2024-07-03 11:08:00,MXCT,3.694999933242798,3.694999933242798,3.700000047683716,3.694999933242798,3.700000047683716,812.0
2024-07-03 11:08:00,NARI,49.474998474121094,49.474998474121094,49.529998779296875,49.45249938964844,49.529998779296875,6756.0
2024-07-03 11:08:00,NBIX,138.02000427246094,138.02000427246094,138.0800018310547,137.94000244140625,137.94000244140625,1976.0
2024-07-03 11:08:00,NDRA,0.0869000032544136,0.0869000032544136,0.0869000032544136,0.08630000054836273,0.08630000054836273,92754.0
2024-07-03 11:08:00,NEOG,15.229999542236328,15.229999542236328,15.234999656677246,15.229999542236328,15.234999656677246,1431.0
2024-07-03 11:08:00,NKTR,1.2450000047683716,1.2450000047683716,1.25,1.2450000047683716,1.2450000047683716,882.0
2024-07-03 11:08:00,NKTX,5.360000133514404,5.360000133514404,5.360000133514404,5.355000019073486,5.355000019073486,419.0
2024-07-03 11:08:00,NNOX,7.010000228881836,7.010000228881836,7.010000228881836,7.010000228881836,7.010000228881836,1511.0
2024-07-03 11:08:00,NOTV,1.6699999570846558,1.6699999570846558,1.6699999570846558,1.6678999662399292,1.6678999662399292,477.0
2024-07-03 11:08:00,NRIX,19.639999389648438,19.639999389648438,19.655000686645508,19.6299991607666,19.649999618530273,2351.0
2024-07-03 11:08:00,NTLA,22.559999465942383,22.559999465942383,22.579999923706055,22.559999465942383,22.56999969482422,1484.0
2024-07-03 11:08:00,NUVL,71.66000366210938,71.66000366210938,71.66000366210938,71.52999877929688,71.52999877929688,1685.0
2024-07-03 11:08:00,NVAX,12.670000076293945,12.670000076293945,12.680000305175781,12.65999984741211,12.675000190734863,13147.0
2024-07-03 11:08:00,NVCR,16.729000091552734,16.729000091552734,16.729000091552734,16.729000091552734,16.729000091552734,449.0
2024-07-03 11:08:00,NXL,1.4000999927520752,1.4000999927520752,1.4049999713897705,1.399999976158142,1.4049999713897705,1597.0
2024-07-03 11:08:00,NXTC,1.559999942779541,1.559999942779541,1.559999942779541,1.559999942779541,1.559999942779541,2100.0
2024-07-03 11:08:00,OCGN,1.625,1.625,1.6299999952316284,1.625,1.6299999952316284,1166.0
2024-07-03 11:08:00,OCUL,6.704999923706055,6.704999923706055,6.704999923706055,6.699999809265137,6.699999809265137,2201.0
2024-07-03 11:08:00,OCUP,1.5749000310897827,1.5749000310897827,1.5749000310897827,1.5749000310897827,1.5749000310897827,216.0
2024-07-03 11:08:00,OGI,1.5750000476837158,1.5750000476837158,1.5750000476837158,1.5750000476837158,1.5750000476837158,1251.0
2024-07-03 11:08:00,OLK,25.790000915527344,25.790000915527344,25.795000076293945,25.780000686645508,25.78499984741211,7854.0
2024-07-03 11:08:00,OLMA,10.5600004196167,10.5600004196167,10.5600004196167,10.5600004196167,10.5600004196167,521.0
2024-07-03 11:08:00,OM,3.8350000381469727,3.8350000381469727,3.8350000381469727,3.819999933242798,3.8299999237060547,2512.0
2024-07-03 11:08:00,OMGA,1.9700000286102295,1.9700000286102295,1.9800000190734863,1.9700000286102295,1.9800000190734863,1200.0
2024-07-03 11:09:00,ABCL,2.7219998836517334,2.7219998836517334,2.7260000705718994,2.7219998836517334,2.7249999046325684,769.0
2024-07-03 11:09:00,ABEO,4.300000190734863,4.300000190734863,4.300000190734863,4.300000190734863,4.300000190734863,365.0
2024-07-03 11:09:00,ABSI,3.2100000381469727,3.2100000381469727,3.2100000381469727,3.188999891281128,3.188999891281128,4434.0
2024-07-03 11:09:00,ACB,4.890100002288818,4.890100002288818,4.894499778747559,4.890100002288818,4.894499778747559,1180.0
2024-07-03 11:09:00,ACCD,3.549999952316284,3.549999952316284,3.549999952316284,3.5450000762939453,3.5450000762939453,2359.0
2024-07-03 11:09:00,ACET,1.0549999475479126,1.0549999475479126,1.0549999475479126,1.0549999475479126,1.0549999475479126,1138.0
2024-07-03 11:09:00,ACHC,66.2300033569336,66.2300033569336,66.2300033569336,66.16999816894531,66.18000030517578,633.0
2024-07-03 11:09:00,ACHV,4.480000019073486,4.480000019073486,4.480000019073486,4.480000019073486,4.480000019073486,107.0
2024-07-03 11:09:00,ACRS,1.1699999570846558,1.1699999570846558,1.1699999570846558,1.1699999570846558,1.1699999570846558,1206.0
2024-07-03 11:09:00,ADAP,1.0199999809265137,1.0199999809265137,1.024999976158142,1.0199999809265137,1.024999976158142,915.0
2024-07-03 11:09:00,ADMA,11.255000114440918,11.255000114440918,11.255000114440918,11.244999885559082,11.25,6749.0
2024-07-03 11:09:00,ADPT,3.375,3.375,3.375,3.359999895095825,3.359999895095825,4846.0
2024-07-03 11:09:00,ADUS,116.68000030517578,116.68000030517578,116.68000030517578,116.44000244140625,116.5199966430664,2251.0
2024-07-03 11:09:00,AEMD,0.41510000824928284,0.41510000824928284,0.41519999504089355,0.41510000824928284,0.41519999504089355,1898.0
2024-07-03 11:09:00,AGEN,14.350099563598633,14.350099563598633,14.350099563598633,14.350099563598633,14.350099563598633,184.0
2024-07-03 11:09:00,AGIO,41.809898376464844,41.809898376464844,41.809898376464844,41.79990005493164,41.79990005493164,951.0
2024-07-03 11:09:00,AHCO,9.8149995803833,9.8149995803833,9.8149995803833,9.8149995803833,9.8149995803833,722.0
2024-07-03 11:09:00,AKBA,0.9351000189781189,0.9351000189781189,0.9438999891281128,0.9351000189781189,0.9438999891281128,13087.0
2024-07-03 11:09:00,ALDX,3.180000066757202,3.180000066757202,3.180000066757202,3.180000066757202,3.180000066757202,2635.0
2024-07-03 11:09:00,ALHC,7.929999828338623,7.929999828338623,7.929999828338623,7.929999828338623,7.929999828338623,146.0
2024-07-03 11:09:00,ALKS,24.270000457763672,24.270000457763672,24.270000457763672,24.264999389648438,24.264999389648438,1270.0
2024-07-03 11:09:00,ALLO,2.139699935913086,2.139699935913086,2.139699935913086,2.130000114440918,2.134999990463257,4887.0
2024-07-03 11:09:00,ALLR,0.2037999927997589,0.2037999927997589,0.2045000046491623,0.2037999927997589,0.20430000126361847,1602.0
2024-07-03 11:09:00,ALNY,246.5399932861328,246.5399932861328,246.5399932861328,246.2899932861328,246.2949981689453,891.0
2024-07-03 11:09:00,ALT,6.639999866485596,6.639999866485596,6.639999866485596,6.620100021362305,6.6209001541137695,6834.0
2024-07-03 11:09:00,ALZN,0.4000999927520752,0.4000999927520752,0.4000999927520752,0.4000999927520752,0.4000999927520752,200.0
2024-07-03 11:09:00,AMGN,306.2200012207031,306.2200012207031,306.3599853515625,306.2099914550781,306.2850036621094,2802.0
2024-07-03 11:09:00,AMLX,1.7450000047683716,1.7450000047683716,1.7450000047683716,1.7450000047683716,1.7450000047683716,415.0
2024-07-03 11:09:00,AMPH,38.34000015258789,38.34000015258789,38.34000015258789,38.33000183105469,38.33000183105469,714.0
2024-07-03 11:09:00,AMRN,0.6980000138282776,0.6980000138282776,0.699999988079071,0.6980000138282776,0.699999988079071,5871.0
2024-07-03 11:09:00,ANAB,25.309999465942383,25.309999465942383,25.327499389648438,25.309999465942383,25.327499389648438,517.0
2024-07-03 11:09:00,ANGO,5.619999885559082,5.619999885559082,5.619999885559082,5.619999885559082,5.619999885559082,919.0
2024-07-03 11:09:00,ANNX,4.795000076293945,4.795000076293945,4.800000190734863,4.795000076293945,4.800000190734863,801.0
2024-07-03 11:09:00,APLS,35.63999938964844,35.63999938964844,35.65999984741211,35.56999969482422,35.599998474121094,1879.0
2024-07-03 11:09:00,APLT,4.349999904632568,4.349999904632568,4.349999904632568,4.349999904632568,4.349999904632568,1514.0
2024-07-03 11:09:00,AQST,2.4049999713897705,2.4049999713897705,2.4100000858306885,2.4049999713897705,2.4100000858306885,8244.0
2024-07-03 11:09:00,ARDX,5.210000038146973,5.210000038146973,5.210000038146973,5.200099945068359,5.204999923706055,14665.0
2024-07-03 11:09:00,ARGX,434.2250061035156,434.2250061035156,434.2250061035156,434.2250061035156,434.2250061035156,676.0
2024-07-03 11:09:00,ARQT,9.635000228881836,9.635000228881836,9.635000228881836,9.595000267028809,9.595000267028809,4918.0
2024-07-03 11:09:00,ARVN,24.407499313354492,24.407499313354492,24.440000534057617,24.407499313354492,24.440000534057617,1458.0
2024-07-03 11:09:00,ARWR,25.489999771118164,25.489999771118164,25.489999771118164,25.489999771118164,25.489999771118164,332.0
2024-07-03 11:09:00,ASMB,12.0,12.0,12.0,12.0,12.0,903.0
2024-07-03 11:09:00,ASRT,1.3282999992370605,1.3282999992370605,1.3299000263214111,1.3205000162124634,1.3205000162124634,1510.0
2024-07-03 11:09:00,ATAI,1.2799999713897705,1.2799999713897705,1.2897000312805176,1.2799999713897705,1.284999966621399,3875.0
2024-07-03 11:09:00,ATEC,9.869999885559082,9.869999885559082,9.885000228881836,9.854999542236328,9.854999542236328,5598.0
2024-07-03 11:09:00,ATOS,1.159999966621399,1.159999966621399,1.159999966621399,1.159999966621399,1.159999966621399,353.0
2024-07-03 11:09:00,ATRC,22.309999465942383,22.309999465942383,22.31999969482422,22.309999465942383,22.31999969482422,399.0
2024-07-03 11:09:00,ATXS,9.010000228881836,9.010000228881836,9.024999618530273,9.010000228881836,9.020000457763672,1345.0
2024-07-03 11:09:00,AUGX,1.0,1.0,1.0,1.0,1.0,1696.0
2024-07-03 11:09:00,AUPH,5.465000152587891,5.465000152587891,5.465000152587891,5.465000152587891,5.465000152587891,394.0
2024-07-03 11:09:00,AVDL,14.270000457763672,14.270000457763672,14.270000457763672,14.260000228881836,14.260000228881836,1677.0
2024-07-03 11:09:00,AVTE,1.6089999675750732,1.6089999675750732,1.6089999675750732,1.6089999675750732,1.6089999675750732,226.0
2024-07-03 11:09:00,AZN,76.6050033569336,76.6050033569336,76.61000061035156,76.48999786376953,76.5,18898.0
2024-07-03 11:09:00,BACK,1.7100000381469727,1.7100000381469727,1.7100000381469727,1.7100000381469727,1.7100000381469727,200.0
2024-07-03 11:09:00,BBIO,25.350000381469727,25.350000381469727,25.350000381469727,25.290000915527344,25.290000915527344,1906.0
2024-07-03 11:09:00,BCAB,1.3450000286102295,1.3450000286102295,1.3450000286102295,1.3450000286102295,1.3450000286102295,601.0
2024-07-03 11:09:00,BCRX,6.550000190734863,6.550000190734863,6.550000190734863,6.545000076293945,6.545000076293945,867.0
2024-07-03 11:09:00,BEAM,23.739999771118164,23.739999771118164,23.739999771118164,23.704999923706055,23.709999084472656,1462.0
2024-07-03 11:09:00,BGNE,146.38999938964844,146.38999938964844,146.38999938964844,146.38999938964844,146.38999938964844,95.0
2024-07-03 11:09:00,BIIB,223.4949951171875,223.4949951171875,223.6199951171875,223.22999572753906,223.22999572753906,2584.0
2024-07-03 11:09:00,BLUE,0.9348000288009644,0.9348000288009644,0.9348000288009644,0.9322999715805054,0.9345999956130981,17220.0
2024-07-03 11:09:00,BMEA,4.420000076293945,4.420000076293945,4.420000076293945,4.420000076293945,4.420000076293945,293.0
2024-07-03 11:09:00,BMRN,81.37999725341797,81.37999725341797,81.37999725341797,81.30000305175781,81.30999755859375,3656.0
2024-07-03 11:09:00,BNGO,0.5604000091552734,0.5604000091552734,0.5604000091552734,0.5602999925613403,0.5602999925613403,11422.0
2024-07-03 11:09:00,BNTX,79.4800033569336,79.4800033569336,79.61000061035156,79.4800033569336,79.61000061035156,408.0
2024-07-03 11:09:00,BPMC,110.61000061035156,110.61000061035156,110.6500015258789,110.61000061035156,110.6500015258789,643.0
2024-07-03 11:09:00,BRKR,61.65999984741211,61.65999984741211,61.65999984741211,61.65999984741211,61.65999984741211,421.0
2024-07-03 11:09:00,BRTX,1.9299999475479126,1.9299999475479126,1.9299999475479126,1.9299999475479126,1.9299999475479126,435.0
2024-07-03 11:09:00,BTAI,1.090000033378601,1.090000033378601,1.0999000072479248,1.090000033378601,1.0999000072479248,3098.0
2024-07-03 11:09:00,CABA,7.590000152587891,7.590000152587891,7.590000152587891,7.590000152587891,7.590000152587891,452.0
2024-07-03 11:09:00,CAPR,4.730000019073486,4.730000019073486,4.730000019073486,4.730000019073486,4.730000019073486,775.0
2024-07-03 11:09:00,CARA,0.2897999882698059,0.2897999882698059,0.2897999882698059,0.2897999882698059,0.2897999882698059,200.0
2024-07-03 11:09:00,CCCC,4.695000171661377,4.695000171661377,4.695000171661377,4.675000190734863,4.679999828338623,3134.0
2024-07-03 11:09:00,CDMO,7.489999771118164,7.489999771118164,7.489999771118164,7.480000019073486,7.480000019073486,734.0
2024-07-03 11:09:00,CDXC,2.5201001167297363,2.5201001167297363,2.5201001167297363,2.5199999809265137,2.5199999809265137,874.0
2024-07-03 11:09:00,CELC,16.219999313354492,16.219999313354492,16.239999771118164,16.219999313354492,16.219999313354492,1323.0
2024-07-03 11:09:00,CERE,41.43000030517578,41.43000030517578,41.439998626708984,41.38999938964844,41.38999938964844,7241.0
2024-07-03 11:09:00,CGC,6.579999923706055,6.579999923706055,6.58620023727417,6.579899787902832,6.579999923706055,9779.0
2024-07-03 11:09:00,CGTX,1.7899999618530273,1.7899999618530273,1.7899999618530273,1.7899999618530273,1.7899999618530273,400.0
2024-07-03 11:09:00,CHRS,1.3949999809265137,1.3949999809265137,1.3949999809265137,1.3949999809265137,1.3949999809265137,578.0
2024-07-03 11:09:00,CKPT,2.2200000286102295,2.2200000286102295,2.25,2.2200000286102295,2.2249999046325684,21504.0
2024-07-03 11:09:00,CLDX,36.470001220703125,36.470001220703125,36.47999954223633,36.470001220703125,36.47999954223633,874.0
2024-07-03 11:09:00,CLOV,1.2400000095367432,1.2400000095367432,1.2400000095367432,1.2383999824523926,1.2383999824523926,21341.0
2024-07-03 11:09:00,CNSP,2.2060999870300293,2.2060999870300293,2.2300000190734863,2.180000066757202,2.180999994277954,199361.0
2024-07-03 11:09:00,CORT,30.459999084472656,30.459999084472656,30.459999084472656,30.459999084472656,30.459999084472656,239.0
2024-07-03 11:09:00,COSM,0.949999988079071,0.949999988079071,0.949999988079071,0.949999988079071,0.949999988079071,200.0
2024-07-03 11:09:00,CPRX,15.430000305175781,15.430000305175781,15.430000305175781,15.430000305175781,15.430000305175781,103.0
2024-07-03 11:09:00,CRBU,1.5850000381469727,1.5850000381469727,1.590000033378601,1.5850000381469727,1.5850000381469727,1455.0
2024-07-03 11:09:00,CRDF,2.255000114440918,2.255000114440918,2.255000114440918,2.255000114440918,2.255000114440918,437.0
2024-07-03 11:09:00,CRDL,1.9299999475479126,1.9299999475479126,1.9299999475479126,1.9299999475479126,1.9299999475479126,230.0
2024-07-03 11:09:00,CRIS,6.400000095367432,6.400000095367432,6.619999885559082,6.400000095367432,6.619999885559082,700.0
2024-07-03 11:09:00,CRMD,4.135000228881836,4.135000228881836,4.135000228881836,4.135000228881836,4.135000228881836,601.0
2024-07-03 11:09:00,CRNX,45.060001373291016,45.060001373291016,45.060001373291016,45.025001525878906,45.025001525878906,1136.0
2024-07-03 11:09:00,CRON,2.3171000480651855,2.3171000480651855,2.3171000480651855,2.315000057220459,2.315000057220459,9883.0
2024-07-03 11:09:00,CRSP,53.790000915527344,53.790000915527344,53.84000015258789,53.76940155029297,53.76940155029297,1500.0
2024-07-03 11:09:00,CTKB,5.650000095367432,5.650000095367432,5.684999942779541,5.650000095367432,5.684999942779541,7567.0
2024-07-03 11:09:00,CTSO,0.8299999833106995,0.8299999833106995,0.8299999833106995,0.8299999833106995,0.8299999833106995,1029.0
2024-07-03 11:09:00,CTXR,0.5020999908447266,0.5020999908447266,0.5024999976158142,0.5020999908447266,0.5024999976158142,2150.0
2024-07-03 11:09:00,CUE,1.0099999904632568,1.0099999904632568,1.0099999904632568,1.0099999904632568,1.0099999904632568,568.0
2024-07-03 11:09:00,CUTR,1.3250000476837158,1.3250000476837158,1.3286999464035034,1.3250000476837158,1.3286999464035034,1013.0
2024-07-03 11:09:00,CVAC,3.3550000190734863,3.3550000190734863,3.3550000190734863,3.3550000190734863,3.3550000190734863,1229.0
2024-07-03 11:09:00,CYTH,1.2299000024795532,1.2299000024795532,1.2299000024795532,1.2299000024795532,1.2299000024795532,1123.0
2024-07-03 11:09:00,DAWN,13.380000114440918,13.380000114440918,13.380000114440918,13.380000114440918,13.380000114440918,1211.0
2024-07-03 11:09:00,DNLI,21.454999923706055,21.454999923706055,21.459999084472656,21.399999618530273,21.399999618530273,2634.0
2024-07-03 11:09:00,DVAX,11.079999923706055,11.079999923706055,11.085000038146973,11.074999809265137,11.074999809265137,3036.0
2024-07-03 11:09:00,DXCM,110.27999877929688,110.27999877929688,110.3499984741211,110.27999877929688,110.33999633789062,1859.0
2024-07-03 11:09:00,DYN,34.36000061035156,34.36000061035156,34.380001068115234,34.29999923706055,34.29999923706055,1702.0
2024-07-03 11:09:00,EDIT,4.644999980926514,4.644999980926514,4.649899959564209,4.644999980926514,4.649199962615967,1780.0
2024-07-03 11:09:00,ENSG,126.11299896240234,126.11299896240234,126.11299896240234,126.11299896240234,126.11299896240234,942.0
2024-07-03 11:09:00,EOLS,10.869999885559082,10.869999885559082,10.869999885559082,10.869999885559082,10.869999885559082,165.0
2024-07-03 11:09:00,ERAS,2.244999885559082,2.244999885559082,2.244999885559082,2.244999885559082,2.244999885559082,595.0
2024-07-03 11:09:00,ESPR,2.3350000381469727,2.3350000381469727,2.3399999141693115,2.3299999237060547,2.3399999141693115,1078.0
2024-07-03 11:09:00,ETNB,7.539999961853027,7.539999961853027,7.539999961853027,7.539999961853027,7.539999961853027,12916.0
2024-07-03 11:09:00,EVO,5.070000171661377,5.070000171661377,5.070000171661377,5.070000171661377,5.070000171661377,1772.0
2024-07-03 11:09:00,EXAI,5.440000057220459,5.440000057220459,5.440000057220459,5.440000057220459,5.440000057220459,400.0
2024-07-03 11:09:00,EXAS,42.974998474121094,42.974998474121094,42.97999954223633,42.90999984741211,42.90999984741211,4456.0
2024-07-03 11:09:00,EYPT,8.364999771118164,8.364999771118164,8.364999771118164,8.350000381469727,8.350000381469727,993.0
2024-07-03 11:09:00,FATE,3.194999933242798,3.194999933242798,3.194999933242798,3.190000057220459,3.190000057220459,2506.0
2024-07-03 11:09:00,FDMT,20.954999923706055,20.954999923706055,20.975000381469727,20.954999923706055,20.975000381469727,904.0
2024-07-03 11:09:00,FGEN,0.7171000242233276,0.7171000242233276,0.7193999886512756,0.7171000242233276,0.7193999886512756,1951.0
2024-07-03 11:09:00,FOLD,9.890000343322754,9.890000343322754,9.890000343322754,9.869999885559082,9.869999885559082,4613.0
2024-07-03 11:09:00,FULC,6.159999847412109,6.159999847412109,6.159999847412109,6.15500020980835,6.15500020980835,1117.0
2024-07-03 11:09:00,GALT,2.1700000762939453,2.1700000762939453,2.1700000762939453,2.1700000762939453,2.1700000762939453,101.0
2024-07-03 11:09:00,GERN,4.324999809265137,4.324999809265137,4.324999809265137,4.315000057220459,4.315000057220459,15793.0
2024-07-03 11:09:00,GH,28.155000686645508,28.155000686645508,28.15999984741211,28.155000686645508,28.15999984741211,653.0
2024-07-03 11:09:00,GILD,66.82949829101562,66.82949829101562,66.83000183105469,66.76000213623047,66.79000091552734,12439.0
2024-07-03 11:09:00,GLPG,25.1299991607666,25.1299991607666,25.149999618530273,25.079999923706055,25.079999923706055,1717.0
2024-07-03 11:09:00,GLTO,0.521399974822998,0.521399974822998,0.5385000109672546,0.521399974822998,0.5385000109672546,2257.0
2024-07-03 11:09:00,GLYC,0.26969999074935913,0.26969999074935913,0.26969999074935913,0.26969999074935913,0.26969999074935913,1830.0
2024-07-03 11:09:00,GMAB,25.18000030517578,25.18000030517578,25.18000030517578,25.170000076293945,25.170000076293945,772.0
2024-07-03 11:09:00,GRTS,0.5871999859809875,0.5871999859809875,0.5871999859809875,0.585099995136261,0.5871999859809875,1231.0
2024-07-03 11:09:00,GTHX,2.5,2.5,2.5,2.5,2.5,452.0
2024-07-03 11:09:00,HALO,51.529998779296875,51.529998779296875,51.529998779296875,51.5099983215332,51.5099983215332,32295.0
2024-07-03 11:09:00,HBIO,2.755000114440918,2.755000114440918,2.755000114440918,2.755000114440918,2.755000114440918,19.0
2024-07-03 11:09:00,HCAT,6.150000095367432,6.150000095367432,6.150000095367432,6.150000095367432,6.150000095367432,422.0
2024-07-03 11:09:00,HCSG,10.510000228881836,10.510000228881836,10.510000228881836,10.494999885559082,10.5,3637.0
2024-07-03 11:09:00,HCTI,0.4749999940395355,0.4749999940395355,0.4749999940395355,0.4749999940395355,0.4749999940395355,240.0
2024-07-03 11:09:00,HLVX,14.119999885559082,14.119999885559082,14.220000267028809,14.119999885559082,14.220000267028809,484.0
2024-07-03 11:09:00,HOLX,73.30000305175781,73.30000305175781,73.30000305175781,73.27010345458984,73.27010345458984,2166.0
2024-07-03 11:09:00,HOWL,2.0899999141693115,2.0899999141693115,2.0899999141693115,2.0899999141693115,2.0899999141693115,1012.0
2024-07-03 11:09:00,HQY,83.00499725341797,83.00499725341797,83.02999877929688,83.00499725341797,83.01000213623047,2448.0
2024-07-03 11:09:00,HRMY,30.075000762939453,30.075000762939453,30.079999923706055,30.075000762939453,30.079999923706055,302.0
2024-07-03 11:09:00,HRTX,2.7850000858306885,2.7850000858306885,2.7850000858306885,2.7799999713897705,2.7799999713897705,2445.0
2024-07-03 11:09:00,HSIC,65.12999725341797,65.12999725341797,65.20999908447266,65.12999725341797,65.20999908447266,2404.0
2024-07-03 11:09:00,HUMA,5.670000076293945,5.670000076293945,5.670000076293945,5.649899959564209,5.650000095367432,10292.0
2024-07-03 11:09:00,IART,28.899999618530273,28.899999618530273,28.90019989013672,28.899999618530273,28.90019989013672,4435.0
2024-07-03 11:09:00,IBRX,6.230000019073486,6.230000019073486,6.230000019073486,6.21999979019165,6.21999979019165,1105.0
2024-07-03 11:09:00,IKNA,1.6399999856948853,1.6399999856948853,1.6399999856948853,1.6399999856948853,1.6399999856948853,611.0
2024-07-03 11:09:00,ILMN,105.19000244140625,105.19000244140625,105.19000244140625,105.01010131835938,105.08999633789062,2531.0
2024-07-03 11:09:00,IMCC,0.45989999175071716,0.45989999175071716,0.4650000035762787,0.45989999175071716,0.45989999175071716,800.0
2024-07-03 11:09:00,IMMP,1.934999942779541,1.934999942779541,1.934999942779541,1.934999942779541,1.934999942779541,279.0
2024-07-03 11:09:00,IMNM,12.045000076293945,12.045000076293945,12.045000076293945,12.045000076293945,12.045000076293945,157.0
2024-07-03 11:09:00,IMRX,1.1349999904632568,1.1349999904632568,1.159999966621399,1.1299999952316284,1.159999966621399,5473.0
2024-07-03 11:09:00,IMVT,26.584999084472656,26.584999084472656,26.600000381469727,26.56999969482422,26.56999969482422,856.0
2024-07-03 11:09:00,INCY,57.68000030517578,57.68000030517578,57.68000030517578,57.61000061035156,57.61000061035156,6716.0
2024-07-03 11:09:00,INMD,17.540000915527344,17.540000915527344,17.600000381469727,17.530000686645508,17.600000381469727,12364.0
2024-07-03 11:09:00,INO,8.359999656677246,8.359999656677246,8.378199577331543,8.359999656677246,8.378199577331543,415.0
2024-07-03 11:09:00,INSM,61.939998626708984,61.939998626708984,62.04499816894531,61.939998626708984,62.00149917602539,2571.0
2024-07-03 11:09:00,INVA,16.204999923706055,16.204999923706055,16.204999923706055,16.200000762939453,16.200000762939453,923.0
2024-07-03 11:09:00,IONS,44.505001068115234,44.505001068115234,44.505001068115234,44.47999954223633,44.5,1194.0
2024-07-03 11:09:00,IOVA,7.581299781799316,7.581299781799316,7.599999904632568,7.579999923706055,7.59499979019165,28482.0
2024-07-03 11:09:00,IRWD,6.125,6.125,6.125,6.114999771118164,6.119999885559082,5396.0
2024-07-03 11:09:00,ITCI,68.08999633789062,68.08999633789062,68.08999633789062,68.04000091552734,68.08999633789062,1929.0
2024-07-03 11:09:00,IVVD,1.1150000095367432,1.1150000095367432,1.1150000095367432,1.1150000095367432,1.1150000095367432,228.0
2024-07-03 11:09:00,JANX,37.849998474121094,37.849998474121094,37.88999938964844,37.849998474121094,37.88999938964844,828.0
2024-07-03 11:09:00,KMDA,5.179999828338623,5.179999828338623,5.179999828338623,5.179999828338623,5.179999828338623,129.0
2024-07-03 11:09:00,KNSA,18.850000381469727,18.850000381469727,18.8700008392334,18.850000381469727,18.850000381469727,1151.0
2024-07-03 11:09:00,KOD,2.240000009536743,2.240000009536743,2.240000009536743,2.239000082015991,2.240000009536743,3334.0
2024-07-03 11:09:00,KPTI,0.8355000019073486,0.8355000019073486,0.8360000252723694,0.8343999981880188,0.8360000252723694,7904.0
2024-07-03 11:09:00,KRYS,177.30999755859375,177.30999755859375,177.30999755859375,177.27000427246094,177.27000427246094,634.0
2024-07-03 11:09:00,KTRA,0.28690001368522644,0.28690001368522644,0.289900004863739,0.28690001368522644,0.289000004529953,38926.0
2024-07-03 11:09:00,KURA,20.420000076293945,20.420000076293945,20.420000076293945,20.40999984741211,20.40999984741211,1091.0
2024-07-03 11:09:00,KZR,0.5695000290870667,0.5695000290870667,0.5695000290870667,0.5695000290870667,0.5695000290870667,602.0
2024-07-03 11:09:00,LAB,1.7949999570846558,1.7949999570846558,1.7949999570846558,1.7949999570846558,1.7949999570846558,519.0
2024-07-03 11:09:00,LBPH,32.56999969482422,32.56999969482422,32.56999969482422,32.56999969482422,32.56999969482422,347.0
2024-07-03 11:09:00,LEGN,45.689998626708984,45.689998626708984,45.689998626708984,45.595001220703125,45.650001525878906,564.0
2024-07-03 11:09:00,LFMD,6.739999771118164,6.739999771118164,6.739999771118164,6.739999771118164,6.739999771118164,119.0
2024-07-03 11:09:00,LFST,5.105000019073486,5.105000019073486,5.125,5.099999904632568,5.099999904632568,15534.0
2024-07-03 11:09:00,LGVN,1.5994000434875488,1.5994000434875488,1.5994000434875488,1.5994000434875488,1.5994000434875488,200.0
2024-07-03 11:09:00,LNTH,79.54000091552734,79.54000091552734,79.54000091552734,79.54000091552734,79.54000091552734,275.0
2024-07-03 11:09:00,LOGC,5.699999809265137,5.699999809265137,5.699999809265137,5.699999809265137,5.699999809265137,537.0
2024-07-03 11:09:00,LQDA,11.890000343322754,11.890000343322754,11.890000343322754,11.890000343322754,11.890000343322754,457.0
2024-07-03 11:09:00,LRMR,7.670000076293945,7.670000076293945,7.670000076293945,7.670000076293945,7.670000076293945,119.0
2024-07-03 11:09:00,LUCY,0.4634000062942505,0.4634000062942505,0.46790000796318054,0.46209999918937683,0.4636000096797943,13036.0
2024-07-03 11:09:00,LXRX,1.6050000190734863,1.6050000190734863,1.6050000190734863,1.6050000190734863,1.6050000190734863,197.0
2024-07-03 11:09:00,LYEL,1.5,1.5,1.5,1.5,1.5,4333.0
2024-07-03 11:09:00,LYRA,0.28630000352859497,0.28630000352859497,0.28630000352859497,0.28630000352859497,0.28630000352859497,500.0
2024-07-03 11:09:00,MASI,114.6500015258789,114.6500015258789,114.87000274658203,114.6500015258789,114.73999786376953,3017.0
2024-07-03 11:09:00,MBIO,0.5091000199317932,0.5091000199317932,0.5091000199317932,0.5069000124931335,0.5069000124931335,1864.0
2024-07-03 11:09:00,MBRX,3.4310998916625977,3.4310998916625977,3.4800000190734863,3.4310998916625977,3.4800000190734863,1941.0
2024-07-03 11:09:00,MCRB,0.7232999801635742,0.7232999801635742,0.7261999845504761,0.7203999757766724,0.7224000096321106,59769.0
2024-07-03 11:09:00,MDXG,6.744999885559082,6.744999885559082,6.744999885559082,6.744999885559082,6.744999885559082,922.0
2024-07-03 11:09:00,ME,0.4047999978065491,0.4047999978065491,0.4047999978065491,0.40149998664855957,0.40149998664855957,27793.0
2024-07-03 11:09:00,MGNX,4.230000019073486,4.230000019073486,4.230000019073486,4.224999904632568,4.224999904632568,356.0
2024-07-03 11:09:00,MGTX,3.990000009536743,3.990000009536743,3.990000009536743,3.990000009536743,3.990000009536743,373.0
2024-07-03 11:09:00,MIRM,33.650001525878906,33.650001525878906,33.650001525878906,33.57500076293945,33.57500076293945,1303.0
2024-07-03 11:09:00,MLTX,41.125,41.125,41.125,41.125,41.125,480.0
2024-07-03 11:09:00,MMSI,85.9800033569336,85.9800033569336,85.98999786376953,85.97000122070312,85.98999786376953,756.0
2024-07-03 11:09:00,MNKD,5.054999828338623,5.054999828338623,5.059999942779541,5.054999828338623,5.054999828338623,2391.0
2024-07-03 11:09:00,MNMD,7.210000038146973,7.210000038146973,7.239999771118164,7.210000038146973,7.235000133514404,10966.0
2024-07-03 11:09:00,MNPR,0.7267000079154968,0.7267000079154968,0.7267000079154968,0.7267000079154968,0.7267000079154968,276.0
2024-07-03 11:09:00,MRNA,115.92630004882812,115.92630004882812,116.0,115.92630004882812,115.9800033569336,2926.0
2024-07-03 11:09:00,MRNS,1.2050000429153442,1.2050000429153442,1.2050000429153442,1.2050000429153442,1.2050000429153442,2365.0
2024-07-03 11:09:00,MRSN,1.8650000095367432,1.8650000095367432,1.8700000047683716,1.8650000095367432,1.8700000047683716,817.0
2024-07-03 11:09:00,MRUS,52.41999816894531,52.41999816894531,52.41999816894531,52.41999816894531,52.41999816894531,406.0
2024-07-03 11:09:00,MRVI,6.840000152587891,6.840000152587891,6.840000152587891,6.840000152587891,6.840000152587891,3002.0
2024-07-03 11:09:00,MXCT,3.700000047683716,3.700000047683716,3.700000047683716,3.700000047683716,3.700000047683716,38.0
2024-07-03 11:09:00,MYGN,25.09000015258789,25.09000015258789,25.09000015258789,25.09000015258789,25.09000015258789,314.0
2024-07-03 11:09:00,NARI,49.255001068115234,49.255001068115234,49.41999816894531,49.255001068115234,49.41999816894531,984.0
2024-07-03 11:09:00,NEOG,15.225000381469727,15.225000381469727,15.229999542236328,15.225000381469727,15.229999542236328,325.0
2024-07-03 11:09:00,NKTR,1.25,1.25,1.25,1.25,1.25,197.0
2024-07-03 11:09:00,NKTX,5.355000019073486,5.355000019073486,5.355000019073486,5.355000019073486,5.355000019073486,44.0
2024-07-03 11:09:00,NOTV,1.6700999736785889,1.6700999736785889,1.6700999736785889,1.6699999570846558,1.6699999570846558,3910.0
2024-07-03 11:09:00,NRIX,19.709999084472656,19.709999084472656,19.709999084472656,19.68000030517578,19.68000030517578,496.0
2024-07-03 11:09:00,NRSN,1.3200000524520874,1.3200000524520874,1.3200000524520874,1.3200000524520874,1.3200000524520874,500.0
2024-07-03 11:09:00,NTLA,22.559999465942383,22.559999465942383,22.559999465942383,22.540000915527344,22.545000076293945,2853.0
2024-07-03 11:09:00,NTRA,111.48999786376953,111.48999786376953,111.48999786376953,111.48999786376953,111.48999786376953,860.0
2024-07-03 11:09:00,NVAX,12.670000076293945,12.670000076293945,12.680000305175781,12.670000076293945,12.670000076293945,3368.0
2024-07-03 11:09:00,NVCR,16.709999084472656,16.709999084472656,16.709999084472656,16.700000762939453,16.709999084472656,2407.0
2024-07-03 11:09:00,NVCT,6.130000114440918,6.130000114440918,6.175000190734863,6.130000114440918,6.175000190734863,568.0
2024-07-03 11:09:00,NXL,1.399999976158142,1.399999976158142,1.399999976158142,1.3899999856948853,1.3899999856948853,582.0
2024-07-03 11:09:00,NXTC,1.590000033378601,1.590000033378601,1.590000033378601,1.590000033378601,1.590000033378601,2402.0
2024-07-03 11:09:00,OCGN,1.625,1.625,1.6299999952316284,1.625,1.6299999952316284,7340.0
2024-07-03 11:09:00,OCUL,6.704999923706055,6.704999923706055,6.704999923706055,6.704999923706055,6.704999923706055,155.0
2024-07-03 11:09:00,OFIX,13.380000114440918,13.380000114440918,13.380000114440918,13.380000114440918,13.380000114440918,485.0
2024-07-03 11:09:00,OLK,25.780000686645508,25.780000686645508,25.780000686645508,25.780000686645508,25.780000686645508,1414.0
2024-07-03 11:09:00,OLMA,10.619999885559082,10.619999885559082,10.619999885559082,10.569999694824219,10.569999694824219,7585.0
2024-07-03 11:09:00,OM,3.819999933242798,3.819999933242798,3.825000047683716,3.809999942779541,3.825000047683716,3812.0
2024-07-03 11:09:00,OMGA,1.9700000286102295,1.9700000286102295,1.9700000286102295,1.9700000286102295,1.9700000286102295,386.0
2024-07-03 11:09:00,ONVO,0.7688999772071838,0.7688999772071838,0.7688999772071838,0.7688999772071838,0.7688999772071838,389.0
2024-07-03 11:10:00,ABCL,2.7300000190734863,2.7300000190734863,2.7300000190734863,2.7298998832702637,2.7298998832702637,8437.0
2024-07-03 11:10:00,ABEO,4.28000020980835,4.28000020980835,4.28000020980835,4.28000020980835,4.28000020980835,207.0
2024-07-03 11:10:00,ABSI,3.2100000381469727,3.2100000381469727,3.2100000381469727,3.2000999450683594,3.2049999237060547,1097.0
2024-07-03 11:10:00,ABUS,3.1549999713897705,3.1549999713897705,3.1549999713897705,3.1549999713897705,3.1549999713897705,274.0
2024-07-03 11:10:00,ACB,4.8902997970581055,4.8902997970581055,4.894999980926514,4.880000114440918,4.892000198364258,4409.0
2024-07-03 11:10:00,ACCD,3.5450000762939453,3.5450000762939453,3.5450000762939453,3.5450000762939453,3.5450000762939453,1535.0
2024-07-03 11:10:00,ACET,1.0549999475479126,1.0549999475479126,1.0549999475479126,1.0549999475479126,1.0549999475479126,3729.0
2024-07-03 11:10:00,ACHC,66.18000030517578,66.18000030517578,66.18000030517578,66.18000030517578,66.18000030517578,280.0
2024-07-03 11:10:00,ACHV,4.5,4.5,4.5,4.5,4.5,195.0
2024-07-03 11:10:00,ACRS,1.1699999570846558,1.1699999570846558,1.1699999570846558,1.1699999570846558,1.1699999570846558,1405.0
2024-07-03 11:10:00,ADAP,1.0199999809265137,1.0199999809265137,1.027400016784668,1.0199999809265137,1.0199999809265137,4268.0
2024-07-03 11:10:00,ADMA,11.25,11.25,11.255000114440918,11.25,11.255000114440918,1143.0
2024-07-03 11:10:00,AGIO,41.83000183105469,41.83000183105469,41.83000183105469,41.83000183105469,41.83000183105469,140.0
2024-07-03 11:10:00,AHCO,9.805000305175781,9.805000305175781,9.8149995803833,9.805000305175781,9.8149995803833,1131.0
2024-07-03 11:10:00,AIMD,0.8147000074386597,0.8147000074386597,0.8147000074386597,0.8147000074386597,0.8147000074386597,0.0
2024-07-03 11:10:00,AKBA,0.9369999766349792,0.9369999766349792,0.9369999766349792,0.9348000288009644,0.9359999895095825,18619.0
2024-07-03 11:10:00,AKRO,22.059999465942383,22.059999465942383,22.059999465942383,22.059999465942383,22.059999465942383,369.0
2024-07-03 11:10:00,ALDX,3.180000066757202,3.180000066757202,3.180000066757202,3.180000066757202,3.180000066757202,0.0
2024-07-03 11:10:00,ALEC,4.449999809265137,4.449999809265137,4.449999809265137,4.449999809265137,4.449999809265137,2035.0
2024-07-03 11:10:00,ALGN,238.74000549316406,238.74000549316406,238.74000549316406,238.74000549316406,238.74000549316406,350.0
2024-07-03 11:10:00,ALHC,7.96999979019165,7.96999979019165,7.96999979019165,7.929999828338623,7.929999828338623,4175.0
2024-07-03 11:10:00,ALLK,0.8428999781608582,0.8428999781608582,0.8442999720573425,0.8428999781608582,0.8442999720573425,212.0
2024-07-03 11:10:00,ALLO,2.134999990463257,2.134999990463257,2.134999990463257,2.134999990463257,2.134999990463257,3323.0
2024-07-03 11:10:00,ALNY,246.64999389648438,246.64999389648438,246.64999389648438,246.6199951171875,246.6199951171875,351.0
2024-07-03 11:10:00,ALT,6.659999847412109,6.659999847412109,6.670000076293945,6.639999866485596,6.639999866485596,6292.0
2024-07-03 11:10:00,ALVR,0.7350999712944031,0.7350999712944031,0.7350999712944031,0.7350999712944031,0.7350999712944031,1100.0
2024-07-03 11:10:00,AMED,96.97000122070312,96.97000122070312,96.97000122070312,96.97000122070312,96.97000122070312,1138.0
2024-07-03 11:10:00,AMGN,306.3399963378906,306.3399963378906,306.3500061035156,306.2099914550781,306.2099914550781,4466.0
2024-07-03 11:10:00,AMLX,1.7400000095367432,1.7400000095367432,1.7479000091552734,1.7400000095367432,1.7479000091552734,300.0
2024-07-03 11:10:00,AMPH,38.279998779296875,38.279998779296875,38.38999938964844,38.279998779296875,38.38999938964844,2119.0
2024-07-03 11:10:00,AMRN,0.6980000138282776,0.6980000138282776,0.6980000138282776,0.6980000138282776,0.6980000138282776,1358.0
2024-07-03 11:10:00,ANAB,25.290000915527344,25.290000915527344,25.334999084472656,25.290000915527344,25.334999084472656,1004.0
2024-07-03 11:10:00,ANGO,5.625,5.625,5.625,5.625,5.625,473.0
2024-07-03 11:10:00,ANNX,4.7982001304626465,4.7982001304626465,4.800000190734863,4.79010009765625,4.795000076293945,5657.0
2024-07-03 11:10:00,ANTX,2.575000047683716,2.575000047683716,2.5799999237060547,2.559999942779541,2.569999933242798,1600.0
2024-07-03 11:10:00,APLS,35.619998931884766,35.619998931884766,35.619998931884766,35.56999969482422,35.56999969482422,618.0
2024-07-03 11:10:00,APLT,4.364999771118164,4.364999771118164,4.364999771118164,4.360000133514404,4.360000133514404,2061.0
2024-07-03 11:10:00,ARAY,1.7549999952316284,1.7549999952316284,1.7549999952316284,1.7549999952316284,1.7549999952316284,410.0
2024-07-03 11:10:00,ARCT,21.399999618530273,21.399999618530273,21.450000762939453,21.399999618530273,21.450000762939453,738.0
2024-07-03 11:10:00,ARDX,5.210000038146973,5.210000038146973,5.210000038146973,5.204999923706055,5.210000038146973,4226.0
2024-07-03 11:10:00,ARQT,9.65999984741211,9.65999984741211,9.65999984741211,9.649999618530273,9.651000022888184,4534.0
2024-07-03 11:10:00,ARVN,24.405000686645508,24.405000686645508,24.405000686645508,24.405000686645508,24.405000686645508,309.0
2024-07-03 11:10:00,ARWR,25.43000030517578,25.43000030517578,25.469999313354492,25.43000030517578,25.459999084472656,2707.0
2024-07-03 11:10:00,ASND,135.97000122070312,135.97000122070312,135.97000122070312,135.97000122070312,135.97000122070312,506.0
2024-07-03 11:10:00,ASRT,1.3289999961853027,1.3289999961853027,1.3289999961853027,1.3289999961853027,1.3289999961853027,1584.0
2024-07-03 11:10:00,ATAI,1.284999966621399,1.284999966621399,1.284999966621399,1.284999966621399,1.284999966621399,499.0
2024-07-03 11:10:00,ATOS,1.1505000591278076,1.1505000591278076,1.1505000591278076,1.1505000591278076,1.1505000591278076,653.0
2024-07-03 11:10:00,ATRC,22.389999389648438,22.389999389648438,22.389999389648438,22.350000381469727,22.350000381469727,1972.0
2024-07-03 11:10:00,ATXS,9.010000228881836,9.010000228881836,9.015000343322754,9.010000228881836,9.015000343322754,323.0
2024-07-03 11:10:00,AUGX,1.0,1.0,1.0,1.0,1.0,700.0
2024-07-03 11:10:00,AUTL,3.490000009536743,3.490000009536743,3.494999885559082,3.4639999866485596,3.4670000076293945,28846.0
2024-07-03 11:10:00,AVAH,2.634999990463257,2.634999990463257,2.634999990463257,2.634999990463257,2.634999990463257,346.0
2024-07-03 11:10:00,AVDL,14.270000457763672,14.270000457763672,14.270000457763672,14.270000457763672,14.270000457763672,115.0
2024-07-03 11:10:00,AVGR,1.8200000524520874,1.8200000524520874,1.8200000524520874,1.8200000524520874,1.8200000524520874,252.0
2024-07-03 11:10:00,AVTE,1.6065000295639038,1.6065000295639038,1.6065000295639038,1.6050000190734863,1.6050000190734863,1650.0
2024-07-03 11:10:00,AXNX,67.47000122070312,67.47000122070312,67.51000213623047,67.47000122070312,67.51000213623047,673.0
2024-07-03 11:10:00,AZN,76.58499908447266,76.58499908447266,76.61000061035156,76.58000183105469,76.5999984741211,4189.0
2024-07-03 11:10:00,AZTA,52.47999954223633,52.47999954223633,52.47999954223633,52.47999954223633,52.47999954223633,173.0
2024-07-03 11:10:00,BACK,1.7646000385284424,1.7646000385284424,1.7646000385284424,1.7646000385284424,1.7646000385284424,234.0
2024-07-03 11:10:00,BBIO,25.350000381469727,25.350000381469727,25.350000381469727,25.350000381469727,25.350000381469727,517.0
2024-07-03 11:10:00,BCAB,1.3700000047683716,1.3700000047683716,1.3799999952316284,1.3499000072479248,1.3499000072479248,26383.0
2024-07-03 11:10:00,BCRX,6.550000190734863,6.550000190734863,6.550000190734863,6.550000190734863,6.550000190734863,30156.0
2024-07-03 11:10:00,BEAM,23.719999313354492,23.719999313354492,23.739999771118164,23.68000030517578,23.729999542236328,5367.0
2024-07-03 11:10:00,BGNE,147.00999450683594,147.00999450683594,147.00999450683594,147.00999450683594,147.00999450683594,714.0
2024-07-03 11:10:00,BIIB,223.5399932861328,223.5399932861328,223.5399932861328,223.5399932861328,223.5399932861328,929.0
2024-07-03 11:10:00,BIOR,0.6201000213623047,0.6201000213623047,0.6201000213623047,0.6201000213623047,0.6201000213623047,219.0
2024-07-03 11:10:00,BIVI,0.4187999963760376,0.4187999963760376,0.4187999963760376,0.4187999963760376,0.4187999963760376,102.0
2024-07-03 11:10:00,BLUE,0.9348999857902527,0.9348999857902527,0.9351999759674072,0.9348999857902527,0.9351999759674072,6445.0
2024-07-03 11:10:00,BMRN,81.4000015258789,81.4000015258789,81.43000030517578,81.36499786376953,81.36499786376953,972.0
2024-07-03 11:10:00,BNGO,0.5604000091552734,0.5604000091552734,0.5604000091552734,0.5602999925613403,0.5604000091552734,743.0
2024-07-03 11:10:00,BNTX,79.4800033569336,79.4800033569336,79.4800033569336,79.4800033569336,79.4800033569336,292.0
2024-07-03 11:10:00,BPTH,1.8136999607086182,1.8136999607086182,1.8136999607086182,1.8136999607086182,1.8136999607086182,199.0
2024-07-03 11:10:00,BRKR,61.63999938964844,61.63999938964844,61.67499923706055,61.61000061035156,61.67499923706055,2057.0
2024-07-03 11:10:00,BTAI,1.0950000286102295,1.0950000286102295,1.0950000286102295,1.0950000286102295,1.0950000286102295,903.0
2024-07-03 11:10:00,CABA,7.619999885559082,7.619999885559082,7.619999885559082,7.599999904632568,7.599999904632568,6375.0
2024-07-03 11:10:00,CADL,6.260000228881836,6.260000228881836,6.28000020980835,6.260000228881836,6.28000020980835,985.0
2024-07-03 11:10:00,CARA,0.2897999882698059,0.2897999882698059,0.2897999882698059,0.2897999882698059,0.2897999882698059,300.0
2024-07-03 11:10:00,CCCC,4.699999809265137,4.699999809265137,4.699999809265137,4.695000171661377,4.695000171661377,12978.0
2024-07-03 11:10:00,CDMO,7.505000114440918,7.505000114440918,7.507999897003174,7.505000114440918,7.507999897003174,1047.0
2024-07-03 11:10:00,CGC,6.570000171661377,6.570000171661377,6.590000152587891,6.570000171661377,6.5817999839782715,4580.0
2024-07-03 11:10:00,CGEN,1.6549999713897705,1.6549999713897705,1.6549999713897705,1.6549999713897705,1.6549999713897705,200.0
2024-07-03 11:10:00,CHRS,1.3949999809265137,1.3949999809265137,1.3949999809265137,1.3949999809265137,1.3949999809265137,1198.0
2024-07-03 11:10:00,CING,0.33009999990463257,0.33009999990463257,0.33009999990463257,0.33009999990463257,0.33009999990463257,301.0
2024-07-03 11:10:00,CKPT,2.25,2.25,2.25,2.234999895095825,2.234999895095825,0.0
2024-07-03 11:10:00,CLDX,36.459999084472656,36.459999084472656,36.459999084472656,36.459999084472656,36.459999084472656,331.0
2024-07-03 11:10:00,CLRB,2.4200000762939453,2.4200000762939453,2.4200000762939453,2.4200000762939453,2.4200000762939453,220.0
2024-07-03 11:10:00,CMAX,2.180000066757202,2.180000066757202,2.180000066757202,2.180000066757202,2.180000066757202,909.0
2024-07-03 11:10:00,CMPS,6.389999866485596,6.389999866485596,6.389999866485596,6.389999866485596,6.389999866485596,668.0
2024-07-03 11:10:00,CNSP,2.2028000354766846,2.2028000354766846,2.2200000286102295,2.180000066757202,2.200000047683716,143896.0
2024-07-03 11:10:00,CORT,30.479999542236328,30.479999542236328,30.524999618530273,30.459999084472656,30.459999084472656,10450.0
2024-07-03 11:10:00,COSM,0.949999988079071,0.949999988079071,0.9545000195503235,0.949999988079071,0.949999988079071,2479.0
2024-07-03 11:10:00,CPRX,15.4350004196167,15.4350004196167,15.4350004196167,15.4350004196167,15.4350004196167,520.0
2024-07-03 11:10:00,CRBU,1.5850000381469727,1.5850000381469727,1.590000033378601,1.5850000381469727,1.5850000381469727,1171.0
2024-07-03 11:10:00,CRDF,2.255000114440918,2.255000114440918,2.255000114440918,2.255000114440918,2.255000114440918,213.0
2024-07-03 11:10:00,CRIS,6.46999979019165,6.46999979019165,6.46999979019165,6.46999979019165,6.46999979019165,488.0
2024-07-03 11:10:00,CRMD,4.135000228881836,4.135000228881836,4.135000228881836,4.135000228881836,4.135000228881836,230.0
2024-07-03 11:10:00,CRON,2.309999942779541,2.309999942779541,2.309999942779541,2.309999942779541,2.309999942779541,3230.0
2024-07-03 11:10:00,CRSP,53.79999923706055,53.79999923706055,53.84000015258789,53.79999923706055,53.834999084472656,1499.0
2024-07-03 11:10:00,CTKB,5.644999980926514,5.644999980926514,5.659999847412109,5.639999866485596,5.650000095367432,4407.0
2024-07-03 11:10:00,CTMX,1.3300000429153442,1.3300000429153442,1.3300000429153442,1.3300000429153442,1.3300000429153442,2304.0
2024-07-03 11:10:00,CTXR,0.5099999904632568,0.5099999904632568,0.5099999904632568,0.5020999908447266,0.5022000074386597,8940.0
2024-07-03 11:10:00,CVAC,3.365000009536743,3.365000009536743,3.369999885559082,3.359999895095825,3.359999895095825,5224.0
2024-07-03 11:10:00,CYTK,54.939998626708984,54.939998626708984,54.939998626708984,54.91999816894531,54.91999816894531,515.0
2024-07-03 11:10:00,CYTO,1.1510000228881836,1.1510000228881836,1.1510000228881836,1.1510000228881836,1.1510000228881836,462.0
2024-07-03 11:10:00,DAWN,13.414999961853027,13.414999961853027,13.420000076293945,13.399999618530273,13.40999984741211,2299.0
2024-07-03 11:10:00,DCGO,2.9149999618530273,2.9149999618530273,2.9149999618530273,2.9149999618530273,2.9149999618530273,112.0
2024-07-03 11:10:00,DERM,5.275000095367432,5.275000095367432,5.275000095367432,5.275000095367432,5.275000095367432,486.0
2024-07-03 11:10:00,DRIO,1.1399999856948853,1.1399999856948853,1.149899959564209,1.1399999856948853,1.149899959564209,4303.0
2024-07-03 11:10:00,DVAX,11.079999923706055,11.079999923706055,11.085000038146973,11.079999923706055,11.085000038146973,808.0
2024-07-03 11:10:00,DXCM,110.40499877929688,110.40499877929688,110.43000030517578,110.30500030517578,110.30500030517578,5368.0
2024-07-03 11:10:00,DYN,34.439998626708984,34.439998626708984,34.439998626708984,34.36000061035156,34.36000061035156,688.0
2024-07-03 11:10:00,EDAP,5.150000095367432,5.150000095367432,5.150000095367432,5.150000095367432,5.150000095367432,1550.0
2024-07-03 11:10:00,EDIT,4.644999980926514,4.644999980926514,4.644999980926514,4.640100002288818,4.640100002288818,2685.0
2024-07-03 11:10:00,ELEV,2.6549999713897705,2.6549999713897705,2.6549999713897705,2.6549999713897705,2.6549999713897705,417.0
2024-07-03 11:10:00,ELYM,6.809999942779541,6.809999942779541,6.809999942779541,6.760000228881836,6.769999980926514,632.0
2024-07-03 11:10:00,EMBC,12.039999961853027,12.039999961853027,12.039999961853027,12.039999961853027,12.039999961853027,607.0
2024-07-03 11:10:00,ENSG,126.12000274658203,126.12000274658203,126.12000274658203,126.11000061035156,126.11000061035156,958.0
2024-07-03 11:10:00,ENVB,0.5008999705314636,0.5008999705314636,0.5008999705314636,0.5001999735832214,0.5001999735832214,6891.0
2024-07-03 11:10:00,EOLS,10.845000267028809,10.845000267028809,10.869999885559082,10.845000267028809,10.869999885559082,5109.0
2024-07-03 11:10:00,ERAS,2.259999990463257,2.259999990463257,2.259999990463257,2.25,2.25,8282.0
2024-07-03 11:10:00,ESPR,2.3399999141693115,2.3399999141693115,2.3399999141693115,2.3399999141693115,2.3399999141693115,1286.0
2024-07-03 11:10:00,ETNB,7.539999961853027,7.539999961853027,7.539999961853027,7.539999961853027,7.539999961853027,698.0
2024-07-03 11:10:00,EWTX,18.1299991607666,18.1299991607666,18.1299991607666,18.1200008392334,18.1200008392334,560.0
2024-07-03 11:10:00,EXAI,5.434999942779541,5.434999942779541,5.434999942779541,5.434999942779541,5.434999942779541,807.0
2024-07-03 11:10:00,EXAS,43.0099983215332,43.0099983215332,43.0099983215332,42.98099899291992,42.9900016784668,841.0
2024-07-03 11:10:00,EYEN,0.7723000049591064,0.7723000049591064,0.7723000049591064,0.7547000050544739,0.7547000050544739,377.0
2024-07-03 11:10:00,EYPT,8.359999656677246,8.359999656677246,8.380000114440918,8.359999656677246,8.380000114440918,2213.0
2024-07-03 11:10:00,FATE,3.194999933242798,3.194999933242798,3.194999933242798,3.194999933242798,3.194999933242798,838.0
2024-07-03 11:10:00,FBIO,1.813599944114685,1.813599944114685,1.813599944114685,1.813599944114685,1.813599944114685,465.0
2024-07-03 11:10:00,FGEN,0.7160999774932861,0.7160999774932861,0.718999981880188,0.7129999995231628,0.7182999849319458,129141.0
2024-07-03 11:10:00,FOLD,9.899999618530273,9.899999618530273,9.899999618530273,9.899999618530273,9.899999618530273,935.0
2024-07-03 11:10:00,FULC,6.159999847412109,6.159999847412109,6.159999847412109,6.159999847412109,6.159999847412109,524.0
2024-07-03 11:10:00,GANX,1.1699999570846558,1.1699999570846558,1.190000057220459,1.1699999570846558,1.1799999475479126,27960.0
2024-07-03 11:10:00,GERN,4.320000171661377,4.320000171661377,4.320000171661377,4.309999942779541,4.320000171661377,3761.0
2024-07-03 11:10:00,GH,28.155000686645508,28.155000686645508,28.155000686645508,28.155000686645508,28.155000686645508,148.0
2024-07-03 11:10:00,GILD,66.86000061035156,66.86000061035156,66.86000061035156,66.81999969482422,66.83999633789062,10032.0
2024-07-03 11:10:00,GLUE,3.744999885559082,3.744999885559082,3.7660000324249268,3.744999885559082,3.7660000324249268,818.0
2024-07-03 11:10:00,GOSS,0.9351999759674072,0.9351999759674072,0.9398000240325928,0.9351999759674072,0.9351999759674072,1295.0
2024-07-03 11:10:00,GOVX,3.0,3.0,3.0,3.0,3.0,6531.0
2024-07-03 11:10:00,GRFS,6.664999961853027,6.664999961853027,6.664999961853027,6.664999961853027,6.664999961853027,500.0
2024-07-03 11:10:00,GTHX,2.5,2.5,2.5,2.5,2.5,390.0
2024-07-03 11:10:00,HALO,51.5099983215332,51.5099983215332,51.529998779296875,51.5099983215332,51.5099983215332,877.0
2024-07-03 11:10:00,HBIO,2.755000114440918,2.755000114440918,2.755000114440918,2.755000114440918,2.755000114440918,200.0
2024-07-03 11:10:00,HCSG,10.545000076293945,10.545000076293945,10.545000076293945,10.520000457763672,10.520000457763672,2472.0
2024-07-03 11:10:00,HITI,2.1050000190734863,2.1050000190734863,2.1050000190734863,2.1050000190734863,2.1050000190734863,289.0
2024-07-03 11:10:00,HOLX,73.2750015258789,73.2750015258789,73.2750015258789,73.2750015258789,73.2750015258789,1425.0
2024-07-03 11:10:00,HOOK,0.5927000045776367,0.5927000045776367,0.5927000045776367,0.5927000045776367,0.5927000045776367,3496.0
2024-07-03 11:10:00,HOWL,2.0799999237060547,2.0799999237060547,2.0899999141693115,2.0799999237060547,2.0899999141693115,1724.0
2024-07-03 11:10:00,HQY,82.97000122070312,82.97000122070312,82.97000122070312,82.97000122070312,82.97000122070312,1256.0
2024-07-03 11:10:00,HRTX,2.7850000858306885,2.7850000858306885,2.7850000858306885,2.7850000858306885,2.7850000858306885,1321.0
2024-07-03 11:10:00,HUGE,0.14509999752044678,0.14509999752044678,0.14509999752044678,0.14509999752044678,0.14509999752044678,850.0
2024-07-03 11:10:00,HUMA,5.65500020980835,5.65500020980835,5.675000190734863,5.65500020980835,5.664999961853027,5736.0
2024-07-03 11:10:00,IART,28.825000762939453,28.825000762939453,28.841400146484375,28.825000762939453,28.841400146484375,3221.0
2024-07-03 11:10:00,IBRX,6.235000133514404,6.235000133514404,6.235000133514404,6.235000133514404,6.235000133514404,376.0
2024-07-03 11:10:00,ICLR,317.485107421875,317.485107421875,317.485107421875,317.485107421875,317.485107421875,154.0
2024-07-03 11:10:00,IDYA,33.53499984741211,33.53499984741211,33.54499816894531,33.529998779296875,33.529998779296875,1060.0
2024-07-03 11:10:00,IGMS,6.514999866485596,6.514999866485596,6.539999961853027,6.505000114440918,6.505000114440918,512.0
2024-07-03 11:10:00,IKNA,1.6399999856948853,1.6399999856948853,1.6399999856948853,1.6399999856948853,1.6399999856948853,799.0
2024-07-03 11:10:00,ILMN,105.11000061035156,105.11000061035156,105.20999908447266,105.11000061035156,105.20999908447266,1574.0
2024-07-03 11:10:00,IMCC,0.47099998593330383,0.47099998593330383,0.47099998593330383,0.4708999991416931,0.4708999991416931,1402.0
2024-07-03 11:10:00,IMCR,36.099998474121094,36.099998474121094,36.099998474121094,36.0,36.0,2371.0
2024-07-03 11:10:00,IMMP,1.9500000476837158,1.9500000476837158,1.9500000476837158,1.9399000406265259,1.9399000406265259,3773.0
2024-07-03 11:10:00,IMNM,12.055000305175781,12.055000305175781,12.055000305175781,12.055000305175781,12.055000305175781,303.0
2024-07-03 11:10:00,IMRX,1.1399999856948853,1.1399999856948853,1.1399999856948853,1.1399999856948853,1.1399999856948853,401.0
2024-07-03 11:10:00,INBX,13.21500015258789,13.21500015258789,13.21500015258789,13.21500015258789,13.21500015258789,113.0
2024-07-03 11:10:00,INCY,57.689998626708984,57.689998626708984,57.720001220703125,57.689998626708984,57.720001220703125,3266.0
2024-07-03 11:10:00,INMD,17.545000076293945,17.545000076293945,17.545000076293945,17.545000076293945,17.545000076293945,229.0
2024-07-03 11:10:00,INO,8.380000114440918,8.380000114440918,8.380000114440918,8.354999542236328,8.359999656677246,2037.0
2024-07-03 11:10:00,INSM,61.79999923706055,61.79999923706055,62.0,61.75199890136719,61.970001220703125,18127.0
2024-07-03 11:10:00,INVA,16.209999084472656,16.209999084472656,16.209999084472656,16.209999084472656,16.209999084472656,834.0
2024-07-03 11:10:00,INZY,4.46999979019165,4.46999979019165,4.46999979019165,4.46999979019165,4.46999979019165,490.0
2024-07-03 11:10:00,IONM,0.323199987411499,0.323199987411499,0.3276999890804291,0.323199987411499,0.3276999890804291,2794.0
2024-07-03 11:10:00,IONS,44.525001525878906,44.525001525878906,44.525001525878906,44.52000045776367,44.52000045776367,1631.0
2024-07-03 11:10:00,IOVA,7.579999923706055,7.579999923706055,7.59499979019165,7.579999923706055,7.585000038146973,15632.0
2024-07-03 11:10:00,ITCI,68.2249984741211,68.2249984741211,68.2249984741211,68.0999984741211,68.13999938964844,1717.0
2024-07-03 11:10:00,ITOS,14.680000305175781,14.680000305175781,14.680000305175781,14.65999984741211,14.65999984741211,1010.0
2024-07-03 11:10:00,IVVD,1.1150000095367432,1.1150000095367432,1.1150000095367432,1.1150000095367432,1.1150000095367432,207.0
2024-07-03 11:10:00,JAZZ,104.33000183105469,104.33000183105469,104.33000183105469,104.33000183105469,104.33000183105469,1225.0
2024-07-03 11:10:00,JSPR,23.209999084472656,23.209999084472656,23.219999313354492,23.139999389648438,23.219999313354492,1017.0
2024-07-03 11:10:00,KMDA,5.195000171661377,5.195000171661377,5.195000171661377,5.195000171661377,5.195000171661377,400.0
2024-07-03 11:10:00,KNSA,18.934999465942383,18.934999465942383,18.934999465942383,18.934999465942383,18.934999465942383,434.0
2024-07-03 11:10:00,KPTI,0.8357999920845032,0.8357999920845032,0.8367999792098999,0.8356000185012817,0.8356000185012817,3401.0
2024-07-03 11:10:00,KROS,42.380001068115234,42.380001068115234,42.380001068115234,42.380001068115234,42.380001068115234,209.0
2024-07-03 11:10:00,KRYS,177.47000122070312,177.47000122070312,177.47000122070312,177.47000122070312,177.47000122070312,126.0
2024-07-03 11:10:00,KTRA,0.28999999165534973,0.28999999165534973,0.28999999165534973,0.289900004863739,0.289900004863739,28942.0
2024-07-03 11:10:00,LAB,1.7999999523162842,1.7999999523162842,1.7999999523162842,1.7949999570846558,1.7949999570846558,917.0
2024-07-03 11:10:00,LEGN,45.77000045776367,45.77000045776367,45.77000045776367,45.755001068115234,45.755001068115234,669.0
2024-07-03 11:10:00,LFMD,6.755000114440918,6.755000114440918,6.760000228881836,6.75,6.75,1054.0
2024-07-03 11:10:00,LGVN,1.5973000526428223,1.5973000526428223,1.5973000526428223,1.5973000526428223,1.5973000526428223,903.0
2024-07-03 11:10:00,LNTH,79.52999877929688,79.52999877929688,79.52999877929688,79.52999877929688,79.52999877929688,525.0
2024-07-03 11:10:00,LOGC,5.730000019073486,5.730000019073486,5.730000019073486,5.710000038146973,5.710000038146973,3737.0
2024-07-03 11:10:00,LPTX,1.8200000524520874,1.8200000524520874,1.8200000524520874,1.8200000524520874,1.8200000524520874,190.0
2024-07-03 11:10:00,LQDA,11.869999885559082,11.869999885559082,11.885000228881836,11.869999885559082,11.880000114440918,1371.0
2024-07-03 11:10:00,LRMR,7.65500020980835,7.65500020980835,7.65500020980835,7.639999866485596,7.654699802398682,466.0
2024-07-03 11:10:00,LUCY,0.4634000062942505,0.4634000062942505,0.4634000062942505,0.4634000062942505,0.4634000062942505,372.0
2024-07-03 11:10:00,LXRX,1.6050000190734863,1.6050000190734863,1.6050000190734863,1.6050000190734863,1.6050000190734863,4460.0
2024-07-03 11:10:00,LYRA,0.28630000352859497,0.28630000352859497,0.28690001368522644,0.28630000352859497,0.28630000352859497,800.0
2024-07-03 11:10:00,MASI,114.68499755859375,114.68499755859375,114.68499755859375,114.68499755859375,114.68499755859375,875.0
2024-07-03 11:10:00,MASS,4.75,4.75,4.75,4.75,4.75,261.0
2024-07-03 11:10:00,MBIO,0.5073000192642212,0.5073000192642212,0.5099999904632568,0.5069000124931335,0.5091000199317932,15852.0
2024-07-03 11:10:00,MCRB,0.7260000109672546,0.7260000109672546,0.7260000109672546,0.7232000231742859,0.7232000231742859,738.0
2024-07-03 11:10:00,MDGL,270.7699890136719,270.7699890136719,272.2049865722656,270.7699890136719,272.2049865722656,2109.0
2024-07-03 11:10:00,ME,0.4036000072956085,0.4036000072956085,0.4041000008583069,0.4036000072956085,0.4036000072956085,5550.0
2024-07-03 11:10:00,MEDS,17.399999618530273,17.399999618530273,17.399999618530273,17.389999389648438,17.399999618530273,436.0
2024-07-03 11:10:00,MGNX,4.230000019073486,4.230000019073486,4.230000019073486,4.224999904632568,4.224999904632568,375.0
2024-07-03 11:10:00,MGTX,4.0,4.0,4.0,4.0,4.0,200.0
2024-07-03 11:10:00,MIRM,33.55500030517578,33.55500030517578,33.60499954223633,33.51499938964844,33.60499954223633,2619.0
2024-07-03 11:10:00,MMSI,85.97000122070312,85.97000122070312,85.97000122070312,85.97000122070312,85.97000122070312,330.0
2024-07-03 11:10:00,MNKD,5.054999828338623,5.054999828338623,5.065000057220459,5.054999828338623,5.059999942779541,6143.0
2024-07-03 11:10:00,MNMD,7.200200080871582,7.200200080871582,7.218599796295166,7.200200080871582,7.218599796295166,1491.0
2024-07-03 11:10:00,MODV,27.84000015258789,27.84000015258789,27.969999313354492,27.84000015258789,27.969999313354492,976.0
2024-07-03 11:10:00,MORF,31.899999618530273,31.899999618530273,31.899999618530273,31.899999618530273,31.899999618530273,373.0
2024-07-03 11:10:00,MRNA,115.93000030517578,115.93000030517578,116.0,115.91000366210938,115.9800033569336,3880.0
2024-07-03 11:10:00,MRNS,1.2050000429153442,1.2050000429153442,1.2050000429153442,1.2050000429153442,1.2050000429153442,845.0
2024-07-03 11:10:00,MRSN,1.8700000047683716,1.8700000047683716,1.8700000047683716,1.8700000047683716,1.8700000047683716,4122.0
2024-07-03 11:10:00,MRUS,52.310001373291016,52.310001373291016,52.400001525878906,52.310001373291016,52.400001525878906,1429.0
2024-07-03 11:10:00,MRVI,6.835000038146973,6.835000038146973,6.835000038146973,6.835000038146973,6.835000038146973,1555.0
2024-07-03 11:10:00,MXCT,3.700000047683716,3.700000047683716,3.700000047683716,3.700000047683716,3.700000047683716,580.0
2024-07-03 11:10:00,MYGN,25.040000915527344,25.040000915527344,25.1200008392334,25.040000915527344,25.1200008392334,3989.0
2024-07-03 11:10:00,NARI,49.23500061035156,49.23500061035156,49.23500061035156,49.23500061035156,49.23500061035156,249.0
2024-07-03 11:10:00,NBIX,138.11000061035156,138.11000061035156,138.11000061035156,138.11000061035156,138.11000061035156,784.0
2024-07-03 11:10:00,NDRA,0.08799999952316284,0.08799999952316284,0.08799999952316284,0.08749999850988388,0.08749999850988388,147693.0
2024-07-03 11:10:00,NEOG,15.199999809265137,15.199999809265137,15.225000381469727,15.1899995803833,15.220000267028809,8688.0
2024-07-03 11:10:00,NKTR,1.25,1.25,1.25,1.25,1.25,191.0
2024-07-03 11:10:00,NKTX,5.355000019073486,5.355000019073486,5.355000019073486,5.355000019073486,5.355000019073486,200.0
2024-07-03 11:10:00,NLSP,0.20260000228881836,0.20260000228881836,0.20260000228881836,0.20260000228881836,0.20260000228881836,30000.0
2024-07-03 11:10:00,NRBO,4.630000114440918,4.630000114440918,4.630000114440918,4.630000114440918,4.630000114440918,239.0
2024-07-03 11:10:00,NTLA,22.540000915527344,22.540000915527344,22.56999969482422,22.53499984741211,22.56999969482422,1673.0
2024-07-03 11:10:00,NURO,3.7288999557495117,3.7288999557495117,3.7288999557495117,3.6201000213623047,3.630000114440918,1298.0
2024-07-03 11:10:00,NUVL,71.66000366210938,71.66000366210938,71.66000366210938,71.66000366210938,71.66000366210938,222.0
2024-07-03 11:10:00,NUWE,3.9149999618530273,3.9149999618530273,3.930000066757202,3.9149999618530273,3.930000066757202,2683.0
2024-07-03 11:10:00,NVAX,12.670000076293945,12.670000076293945,12.6899995803833,12.670000076293945,12.6899995803833,10379.0
2024-07-03 11:10:00,NVCR,16.709999084472656,16.709999084472656,16.729999542236328,16.709999084472656,16.719999313354492,1667.0
2024-07-03 11:10:00,OCGN,1.6299999952316284,1.6299999952316284,1.6299999952316284,1.6299999952316284,1.6299999952316284,2211.0
2024-07-03 11:10:00,OCUL,6.710000038146973,6.710000038146973,6.710000038146973,6.710000038146973,6.710000038146973,101.0
2024-07-03 11:10:00,OLMA,10.609999656677246,10.609999656677246,10.640000343322754,10.609999656677246,10.640000343322754,3058.0
2024-07-03 11:10:00,OM,3.825000047683716,3.825000047683716,3.825000047683716,3.825000047683716,3.825000047683716,700.0
2024-07-03 11:10:00,OMCL,26.4950008392334,26.4950008392334,26.5,26.4950008392334,26.5,254.0
2024-07-03 11:10:00,OMGA,1.9889999628067017,1.9889999628067017,1.9889999628067017,1.9889999628067017,1.9889999628067017,154.0
2024-07-03 11:10:00,ONVO,0.7662000060081482,0.7662000060081482,0.7662000060081482,0.7662000060081482,0.7662000060081482,547.0
2024-07-03 11:11:00,AADI,1.3716000318527222,1.3716000318527222,1.3716000318527222,1.3716000318527222,1.3716000318527222,690.0
2024-07-03 11:11:00,ABSI,3.2065000534057617,3.2065000534057617,3.2090001106262207,3.2049999237060547,3.2090001106262207,882.0
2024-07-03 11:11:00,ABUS,3.1549999713897705,3.1549999713897705,3.1549999713897705,3.1549999713897705,3.1549999713897705,138.0
2024-07-03 11:11:00,ACAD,15.619999885559082,15.619999885559082,15.619999885559082,15.609999656677246,15.619999885559082,1975.0
2024-07-03 11:11:00,ACB,4.880000114440918,4.880000114440918,4.880000114440918,4.880000114440918,4.880000114440918,2490.0
2024-07-03 11:11:00,ACCD,3.5450000762939453,3.5450000762939453,3.5450000762939453,3.5399999618530273,3.544800043106079,4450.0
2024-07-03 11:11:00,ACET,1.0499999523162842,1.0499999523162842,1.0499999523162842,1.0499999523162842,1.0499999523162842,200.0
2024-07-03 11:11:00,ACHC,66.18000030517578,66.18000030517578,66.18000030517578,66.18000030517578,66.18000030517578,130.0
2024-07-03 11:11:00,ACRS,1.149999976158142,1.149999976158142,1.1699999570846558,1.149999976158142,1.1699999570846558,15888.0
2024-07-03 11:11:00,ADAP,1.0199999809265137,1.0199999809265137,1.0199999809265137,1.0199999809265137,1.0199999809265137,200.0
2024-07-03 11:11:00,ADUS,116.76000213623047,116.76000213623047,116.76000213623047,116.68499755859375,116.68499755859375,1999.0
2024-07-03 11:11:00,ADVM,7.010000228881836,7.010000228881836,7.010000228881836,7.010000228881836,7.010000228881836,843.0
2024-07-03 11:11:00,AEMD,0.414000004529953,0.414000004529953,0.41499999165534973,0.414000004529953,0.41499999165534973,10293.0
2024-07-03 11:11:00,AGEN,14.395000457763672,14.395000457763672,14.395000457763672,14.395000457763672,14.395000457763672,419.0
2024-07-03 11:11:00,AGIO,41.7599983215332,41.7599983215332,41.7599983215332,41.7599983215332,41.7599983215332,1401.0
2024-07-03 11:11:00,AIMD,0.8194000124931335,0.8194000124931335,0.8194000124931335,0.8194000124931335,0.8194000124931335,531.0
2024-07-03 11:11:00,AKBA,0.9369999766349792,0.9369999766349792,0.9369999766349792,0.9369999766349792,0.9369999766349792,466.0
2024-07-03 11:11:00,AKRO,22.03499984741211,22.03499984741211,22.03499984741211,22.03499984741211,22.03499984741211,229.0
2024-07-03 11:11:00,ALDX,3.180000066757202,3.180000066757202,3.180000066757202,3.180000066757202,3.180000066757202,600.0
2024-07-03 11:11:00,ALEC,4.459000110626221,4.459000110626221,4.459000110626221,4.449999809265137,4.449999809265137,741.0
2024-07-03 11:11:00,ALGN,238.74000549316406,238.74000549316406,238.74000549316406,238.74000549316406,238.74000549316406,154.0
2024-07-03 11:11:00,ALGS,0.4262000024318695,0.4262000024318695,0.4262000024318695,0.4262000024318695,0.4262000024318695,3620.0
2024-07-03 11:11:00,ALKS,24.290000915527344,24.290000915527344,24.290000915527344,24.280000686645508,24.280000686645508,1629.0
2024-07-03 11:11:00,ALLK,0.8428999781608582,0.8428999781608582,0.8442999720573425,0.8428999781608582,0.8442999720573425,923.0
2024-07-03 11:11:00,ALLO,2.130000114440918,2.130000114440918,2.134999990463257,2.130000114440918,2.134999990463257,3607.0
2024-07-03 11:11:00,ALLR,0.2037999927997589,0.2037999927997589,0.20489999651908875,0.20360000431537628,0.20479999482631683,24320.0
2024-07-03 11:11:00,ALNY,246.30999755859375,246.30999755859375,246.47500610351562,246.22000122070312,246.3000030517578,6537.0
2024-07-03 11:11:00,ALT,6.654399871826172,6.654399871826172,6.6596999168396,6.650000095367432,6.65500020980835,3871.0
2024-07-03 11:11:00,AMED,96.9801025390625,96.9801025390625,97.0,96.94000244140625,96.98999786376953,7950.0
2024-07-03 11:11:00,AMGN,306.55999755859375,306.55999755859375,306.55999755859375,306.1400146484375,306.239990234375,5917.0
2024-07-03 11:11:00,AMLX,1.7400000095367432,1.7400000095367432,1.75,1.7400000095367432,1.7450000047683716,6906.0
2024-07-03 11:11:00,AMRN,0.6949999928474426,0.6949999928474426,0.6949999928474426,0.6949999928474426,0.6949999928474426,271.0
2024-07-03 11:11:00,ANAB,25.1299991607666,25.1299991607666,25.229999542236328,25.1299991607666,25.229999542236328,787.0
2024-07-03 11:11:00,ANIP,61.130001068115234,61.130001068115234,61.130001068115234,61.130001068115234,61.130001068115234,445.0
2024-07-03 11:11:00,ANNX,4.795000076293945,4.795000076293945,4.800000190734863,4.795000076293945,4.800000190734863,1961.0
2024-07-03 11:11:00,ANTX,2.5899999141693115,2.5899999141693115,2.5899999141693115,2.5799999237060547,2.5799999237060547,1336.0
2024-07-03 11:11:00,APLS,35.560001373291016,35.560001373291016,35.619998931884766,35.560001373291016,35.619998931884766,617.0
2024-07-03 11:11:00,APLT,4.355000019073486,4.355000019073486,4.355000019073486,4.349999904632568,4.349999904632568,1942.0
2024-07-03 11:11:00,AQST,2.4049999713897705,2.4049999713897705,2.4049999713897705,2.400700092315674,2.4049999713897705,5670.0
2024-07-03 11:11:00,ARAY,1.7549999952316284,1.7549999952316284,1.7549999952316284,1.7549999952316284,1.7549999952316284,108.0
2024-07-03 11:11:00,ARCT,21.399999618530273,21.399999618530273,21.399999618530273,21.399999618530273,21.399999618530273,729.0
2024-07-03 11:11:00,ARDX,5.204999923706055,5.204999923706055,5.210000038146973,5.199999809265137,5.210000038146973,4758.0
2024-07-03 11:11:00,ARQT,9.680000305175781,9.680000305175781,9.6850004196167,9.670000076293945,9.670000076293945,7750.0
2024-07-03 11:11:00,ARVN,24.325000762939453,24.325000762939453,24.405000686645508,24.290000915527344,24.405000686645508,2481.0
2024-07-03 11:11:00,ARWR,25.440000534057617,25.440000534057617,25.440000534057617,25.440000534057617,25.440000534057617,849.0
2024-07-03 11:11:00,ASLN,2.2699999809265137,2.2699999809265137,2.319999933242798,2.2699999809265137,2.309999942779541,1088.0
2024-07-03 11:11:00,ASND,135.9499969482422,135.9499969482422,135.97999572753906,135.9499969482422,135.97000122070312,596.0
2024-07-03 11:11:00,ATAI,1.284999966621399,1.284999966621399,1.2868000268936157,1.284999966621399,1.2868000268936157,2777.0
2024-07-03 11:11:00,ATEC,9.916000366210938,9.916000366210938,9.916000366210938,9.895000457763672,9.895000457763672,1682.0
2024-07-03 11:11:00,ATRC,22.329999923706055,22.329999923706055,22.389999389648438,22.329999923706055,22.3700008392334,1115.0
2024-07-03 11:11:00,ATXS,9.0,9.0,9.010000228881836,8.989999771118164,9.010000228881836,5056.0
2024-07-03 11:11:00,AUGX,0.9976000189781189,0.9976000189781189,1.0,0.9976000189781189,1.0,9225.0
2024-07-03 11:11:00,AUPH,5.465000152587891,5.465000152587891,5.465000152587891,5.465000152587891,5.465000152587891,433.0
2024-07-03 11:11:00,AUTL,3.5,3.5,3.505000114440918,3.494999885559082,3.494999885559082,14768.0
2024-07-03 11:11:00,AVDL,14.262999534606934,14.262999534606934,14.262999534606934,14.260000228881836,14.260000228881836,2146.0
2024-07-03 11:11:00,AVTE,1.6050000190734863,1.6050000190734863,1.6050000190734863,1.6050000190734863,1.6050000190734863,963.0
2024-07-03 11:11:00,AZN,76.58999633789062,76.58999633789062,76.5999984741211,76.56999969482422,76.56999969482422,4895.0
2024-07-03 11:11:00,BCAB,1.375,1.375,1.375,1.3700000047683716,1.375,4606.0
2024-07-03 11:11:00,BCRX,6.545000076293945,6.545000076293945,6.545000076293945,6.545000076293945,6.545000076293945,6739.0
2024-07-03 11:11:00,BDTX,4.349999904632568,4.349999904632568,4.349999904632568,4.349999904632568,4.349999904632568,262.0
2024-07-03 11:11:00,BEAM,23.770000457763672,23.770000457763672,23.770000457763672,23.75,23.75,3283.0
2024-07-03 11:11:00,BGNE,146.73199462890625,146.73199462890625,146.7899932861328,146.73199462890625,146.7899932861328,330.0
2024-07-03 11:11:00,BJDX,0.6359999775886536,0.6359999775886536,0.6359999775886536,0.6359999775886536,0.6359999775886536,100.0
2024-07-03 11:11:00,BLFS,19.729999542236328,19.729999542236328,19.729999542236328,19.729999542236328,19.729999542236328,1666.0
2024-07-03 11:11:00,BLUE,0.9348000288009644,0.9348000288009644,0.9348000288009644,0.9348000288009644,0.9348000288009644,2215.0
2024-07-03 11:11:00,BMRN,81.38999938964844,81.38999938964844,81.44000244140625,81.37000274658203,81.3949966430664,2227.0
2024-07-03 11:11:00,BNGO,0.5605999827384949,0.5605999827384949,0.5605999827384949,0.5604000091552734,0.5604000091552734,212.0
2024-07-03 11:11:00,BNTX,79.46009826660156,79.46009826660156,79.4800033569336,79.46009826660156,79.4800033569336,747.0
2024-07-03 11:11:00,BRKR,61.61000061035156,61.61000061035156,61.61000061035156,61.61000061035156,61.61000061035156,392.0
2024-07-03 11:11:00,BVS,5.994999885559082,5.994999885559082,5.994999885559082,5.994999885559082,5.994999885559082,211.0
2024-07-03 11:11:00,CABA,7.619999885559082,7.619999885559082,7.619999885559082,7.619999885559082,7.619999885559082,150.0
2024-07-03 11:11:00,CCCC,4.710000038146973,4.710000038146973,4.710000038146973,4.699999809265137,4.699999809265137,1334.0
2024-07-03 11:11:00,CCRN,13.710000038146973,13.710000038146973,13.710000038146973,13.710000038146973,13.710000038146973,505.0
2024-07-03 11:11:00,CDMO,7.519999980926514,7.519999980926514,7.519999980926514,7.519999980926514,7.519999980926514,447.0
2024-07-03 11:11:00,CDXC,2.5299999713897705,2.5299999713897705,2.5299999713897705,2.5199999809265137,2.5234999656677246,1551.0
2024-07-03 11:11:00,CDXS,2.869999885559082,2.869999885559082,2.869999885559082,2.859999895095825,2.859999895095825,901.0
2024-07-03 11:11:00,CERE,41.41999816894531,41.41999816894531,41.41999816894531,41.41999816894531,41.41999816894531,400.0
2024-07-03 11:11:00,CERT,13.795000076293945,13.795000076293945,13.795000076293945,13.795000076293945,13.795000076293945,592.0
2024-07-03 11:11:00,CGC,6.559999942779541,6.559999942779541,6.570000171661377,6.534999847412109,6.559999942779541,87204.0
2024-07-03 11:11:00,CGEN,1.6598999500274658,1.6598999500274658,1.6598999500274658,1.6598999500274658,1.6598999500274658,1242.0
2024-07-03 11:11:00,CHRS,1.3949999809265137,1.3949999809265137,1.3949999809265137,1.3949999809265137,1.3949999809265137,700.0
2024-07-03 11:11:00,CLDX,36.43000030517578,36.43000030517578,36.45000076293945,36.43000030517578,36.45000076293945,456.0
2024-07-03 11:11:00,CLPT,5.434999942779541,5.434999942779541,5.434999942779541,5.429999828338623,5.429999828338623,1078.0
2024-07-03 11:11:00,CMAX,2.2200000286102295,2.2200000286102295,2.2200000286102295,2.2200000286102295,2.2200000286102295,100.0
2024-07-03 11:11:00,CNSP,2.168600082397461,2.168600082397461,2.194999933242798,2.119999885559082,2.194999933242798,163000.0
2024-07-03 11:11:00,CNTA,8.755000114440918,8.755000114440918,8.755000114440918,8.755000114440918,8.755000114440918,50291.0
2024-07-03 11:11:00,CNTX,1.8034000396728516,1.8034000396728516,1.8034000396728516,1.8034000396728516,1.8034000396728516,2000.0
2024-07-03 11:11:00,COGT,8.345000267028809,8.345000267028809,8.345000267028809,8.329999923706055,8.329999923706055,824.0
2024-07-03 11:11:00,COSM,0.949999988079071,0.949999988079071,0.949999988079071,0.949999988079071,0.949999988079071,394.0
2024-07-03 11:11:00,CRBP,49.16999816894531,49.16999816894531,49.16999816894531,48.9900016784668,49.09000015258789,8261.0
2024-07-03 11:11:00,CRBU,1.5896999835968018,1.5896999835968018,1.590000033378601,1.5850000381469727,1.5850000381469727,3362.0
2024-07-03 11:11:00,CRMD,4.135000228881836,4.135000228881836,4.135000228881836,4.135000228881836,4.135000228881836,618.0
2024-07-03 11:11:00,CRNX,45.08000183105469,45.08000183105469,45.08000183105469,45.08000183105469,45.08000183105469,200.0
2024-07-03 11:11:00,CRON,2.305000066757202,2.305000066757202,2.305000066757202,2.305000066757202,2.305000066757202,706.0
2024-07-03 11:11:00,CRSP,53.880001068115234,53.880001068115234,53.880001068115234,53.790000915527344,53.834999084472656,3966.0
2024-07-03 11:11:00,CSTL,20.975000381469727,20.975000381469727,20.975000381469727,20.975000381469727,20.975000381469727,228.0
2024-07-03 11:11:00,CTKB,5.644999980926514,5.644999980926514,5.65500020980835,5.644999980926514,5.650000095367432,3232.0
2024-07-03 11:11:00,CTMX,1.3250000476837158,1.3250000476837158,1.3250000476837158,1.3250000476837158,1.3250000476837158,854.0
2024-07-03 11:11:00,CTXR,0.5099999904632568,0.5099999904632568,0.5099999904632568,0.5099999904632568,0.5099999904632568,1417.0
2024-07-03 11:11:00,CUE,1.0099999904632568,1.0099999904632568,1.0099999904632568,1.0,1.0099999904632568,31668.0
2024-07-03 11:11:00,CUTR,1.3250000476837158,1.3250000476837158,1.3250000476837158,1.3250000476837158,1.3250000476837158,372.0
2024-07-03 11:11:00,CVAC,3.380000114440918,3.380000114440918,3.380000114440918,3.359999895095825,3.359999895095825,10588.0
2024-07-03 11:11:00,CYTK,54.97999954223633,54.97999954223633,54.97999954223633,54.97999954223633,54.97999954223633,333.0
2024-07-03 11:11:00,DCGO,2.9100000858306885,2.9100000858306885,2.9100000858306885,2.9100000858306885,2.9100000858306885,119.0
2024-07-03 11:11:00,DNLI,21.479999542236328,21.479999542236328,21.479999542236328,21.459999084472656,21.459999084472656,873.0
2024-07-03 11:11:00,DRIO,1.149899959564209,1.149899959564209,1.149899959564209,1.149899959564209,1.149899959564209,14899.0
2024-07-03 11:11:00,DRRX,1.3200000524520874,1.3200000524520874,1.3200000524520874,1.3200000524520874,1.3200000524520874,2328.0
2024-07-03 11:11:00,DSGN,3.25,3.25,3.25,3.234999895095825,3.234999895095825,228.0
2024-07-03 11:11:00,DVAX,11.085000038146973,11.085000038146973,11.085000038146973,11.085000038146973,11.085000038146973,437.0
2024-07-03 11:11:00,DXCM,110.49500274658203,110.49500274658203,110.5,110.44999694824219,110.45999908447266,2762.0
2024-07-03 11:11:00,DYN,34.380001068115234,34.380001068115234,34.380001068115234,34.380001068115234,34.380001068115234,174.0
2024-07-03 11:11:00,EDAP,5.175000190734863,5.175000190734863,5.175000190734863,5.175000190734863,5.175000190734863,0.0
2024-07-03 11:11:00,EDIT,4.644999980926514,4.644999980926514,4.64900016784668,4.644999980926514,4.644999980926514,1945.0
2024-07-03 11:11:00,ENTA,13.09630012512207,13.09630012512207,13.09630012512207,13.095000267028809,13.095000267028809,597.0
2024-07-03 11:11:00,ENVB,0.5,0.5,0.5005999803543091,0.5,0.5002999901771545,15745.0
2024-07-03 11:11:00,ESPR,2.3399999141693115,2.3399999141693115,2.3399999141693115,2.3399999141693115,2.3399999141693115,1029.0
2024-07-03 11:11:00,ESTA,43.165000915527344,43.165000915527344,43.165000915527344,43.165000915527344,43.165000915527344,205.0
2024-07-03 11:11:00,EXAI,5.434999942779541,5.434999942779541,5.434999942779541,5.433300018310547,5.433300018310547,580.0
2024-07-03 11:11:00,EXAS,43.04719924926758,43.04719924926758,43.04719924926758,43.0099983215332,43.0099983215332,1391.0
2024-07-03 11:11:00,EXEL,21.985000610351562,21.985000610351562,21.985000610351562,21.985000610351562,21.985000610351562,1368.0
2024-07-03 11:11:00,EYEN,0.779699981212616,0.779699981212616,0.7870000004768372,0.779699981212616,0.7870000004768372,2296.0
2024-07-03 11:11:00,EYPT,8.342000007629395,8.342000007629395,8.350000381469727,8.329999923706055,8.350000381469727,2471.0
2024-07-03 11:11:00,FATE,3.1900999546051025,3.1900999546051025,3.194999933242798,3.1900999546051025,3.194999933242798,5641.0
2024-07-03 11:11:00,FDMT,21.040000915527344,21.040000915527344,21.040000915527344,20.989999771118164,20.989999771118164,1280.0
2024-07-03 11:11:00,FEMY,1.1191999912261963,1.1191999912261963,1.1191999912261963,1.1191999912261963,1.1191999912261963,396.0
2024-07-03 11:11:00,FGEN,0.7153000235557556,0.7153000235557556,0.7160999774932861,0.711899995803833,0.713100016117096,36421.0
2024-07-03 11:11:00,FHTX,5.510000228881836,5.510000228881836,5.510000228881836,5.510000228881836,5.510000228881836,200.0
2024-07-03 11:11:00,FLGT,20.09239959716797,20.09239959716797,20.1200008392334,20.09239959716797,20.1200008392334,283.0
2024-07-03 11:11:00,FOLD,9.899999618530273,9.899999618530273,9.899999618530273,9.895000457763672,9.895000457763672,433.0
2024-07-03 11:11:00,FULC,6.150000095367432,6.150000095367432,6.159999847412109,6.150000095367432,6.159999847412109,2274.0
2024-07-03 11:11:00,GALT,2.1700000762939453,2.1700000762939453,2.1700000762939453,2.1700000762939453,2.1700000762939453,202.0
2024-07-03 11:11:00,GANX,1.1699999570846558,1.1699999570846558,1.1699999570846558,1.1699999570846558,1.1699999570846558,0.0
2024-07-03 11:11:00,GERN,4.315000057220459,4.315000057220459,4.3196001052856445,4.310200214385986,4.3171000480651855,16363.0
2024-07-03 11:11:00,GH,28.155000686645508,28.155000686645508,28.155000686645508,28.155000686645508,28.155000686645508,594.0
2024-07-03 11:11:00,GILD,66.88999938964844,66.88999938964844,66.88999938964844,66.8499984741211,66.8499984741211,4149.0
2024-07-03 11:11:00,GLTO,0.520799994468689,0.520799994468689,0.520799994468689,0.520799994468689,0.520799994468689,1100.0
2024-07-03 11:11:00,GOSS,0.9375,0.9375,0.9375,0.9375,0.9375,2829.0
2024-07-03 11:11:00,GOVX,3.015000104904175,3.015000104904175,3.015000104904175,2.9999001026153564,2.9999001026153564,8232.0
2024-07-03 11:11:00,GRFS,6.659999847412109,6.659999847412109,6.664999961853027,6.659999847412109,6.664999961853027,618.0
2024-07-03 11:11:00,GRTS,0.5752999782562256,0.5752999782562256,0.5866000056266785,0.5752999782562256,0.5864999890327454,39835.0
2024-07-03 11:11:00,HALO,51.54999923706055,51.54999923706055,51.56999969482422,51.5,51.5,3611.0
2024-07-03 11:11:00,HBIO,2.755000114440918,2.755000114440918,2.755000114440918,2.755000114440918,2.755000114440918,438.0
2024-07-03 11:11:00,HCSG,10.539999961853027,10.539999961853027,10.539999961853027,10.539999961853027,10.539999961853027,925.0
2024-07-03 11:11:00,HLVX,14.220000267028809,14.220000267028809,14.220000267028809,14.220000267028809,14.220000267028809,248.0
2024-07-03 11:11:00,HOLX,73.29499816894531,73.29499816894531,73.29499816894531,73.27999877929688,73.29499816894531,1627.0
2024-07-03 11:11:00,HOOK,0.5989000201225281,0.5989000201225281,0.5989000201225281,0.5989000201225281,0.5989000201225281,0.0
2024-07-03 11:11:00,HOWL,2.049999952316284,2.049999952316284,2.0799999237060547,2.0450000762939453,2.0799999237060547,8378.0
2024-07-03 11:11:00,HQY,83.05000305175781,83.05000305175781,83.05999755859375,83.01000213623047,83.01000213623047,1943.0
2024-07-03 11:11:00,HRMY,30.09000015258789,30.09000015258789,30.09000015258789,30.05500030517578,30.09000015258789,2786.0
2024-07-03 11:11:00,HROW,21.639999389648438,21.639999389648438,21.639999389648438,21.639999389648438,21.639999389648438,139.0
2024-07-03 11:11:00,HRTX,2.7799999713897705,2.7799999713897705,2.7850000858306885,2.7799999713897705,2.7850000858306885,1825.0
2024-07-03 11:11:00,HSCS,4.849999904632568,4.849999904632568,4.849999904632568,4.849999904632568,4.849999904632568,717.0
2024-07-03 11:11:00,HSIC,65.05999755859375,65.05999755859375,65.06999969482422,65.05999755859375,65.06999969482422,930.0
2024-07-03 11:11:00,HUGE,0.14509999752044678,0.14509999752044678,0.14509999752044678,0.14509999752044678,0.14509999752044678,0.0
2024-07-03 11:11:00,HUMA,5.664999961853027,5.664999961853027,5.664999961853027,5.650000095367432,5.650000095367432,5606.0
2024-07-03 11:11:00,IBRX,6.235000133514404,6.235000133514404,6.235000133514404,6.235000133514404,6.235000133514404,292.0
2024-07-03 11:11:00,ICLR,317.42498779296875,317.42498779296875,317.42498779296875,317.42498779296875,317.42498779296875,307.0
2024-07-03 11:11:00,ICUI,117.2699966430664,117.2699966430664,117.2699966430664,117.2699966430664,117.2699966430664,384.0
2024-07-03 11:11:00,IDXX,476.55999755859375,476.55999755859375,476.55999755859375,475.3999938964844,475.54998779296875,2902.0
2024-07-03 11:11:00,IDYA,33.5,33.5,33.5,33.5,33.5,337.0
2024-07-03 11:11:00,ILMN,105.11000061035156,105.11000061035156,105.11000061035156,105.10250091552734,105.10250091552734,573.0
2024-07-03 11:11:00,IMCR,36.04999923706055,36.04999923706055,36.04999923706055,36.04999923706055,36.04999923706055,200.0
2024-07-03 11:11:00,IMMP,1.940000057220459,1.940000057220459,1.940000057220459,1.940000057220459,1.940000057220459,621.0
2024-07-03 11:11:00,IMMX,2.3534998893737793,2.3534998893737793,2.3534998893737793,2.3534998893737793,2.3534998893737793,1904.0
2024-07-03 11:11:00,IMNM,12.0600004196167,12.0600004196167,12.0600004196167,12.055000305175781,12.055000305175781,783.0
2024-07-03 11:11:00,IMVT,26.53499984741211,26.53499984741211,26.53499984741211,26.53499984741211,26.53499984741211,440.0
2024-07-03 11:11:00,INCY,57.650001525878906,57.650001525878906,57.66999816894531,57.63999938964844,57.66999816894531,2863.0
2024-07-03 11:11:00,INMB,7.925000190734863,7.925000190734863,7.925000190734863,7.889999866485596,7.900000095367432,2204.0
2024-07-03 11:11:00,INMD,17.549999237060547,17.549999237060547,17.549999237060547,17.540000915527344,17.540000915527344,1155.0
2024-07-03 11:11:00,INO,8.354999542236328,8.354999542236328,8.354999542236328,8.354999542236328,8.354999542236328,170.0
2024-07-03 11:11:00,INSM,61.70000076293945,61.70000076293945,61.86000061035156,61.66999816894531,61.75,17828.0
2024-07-03 11:11:00,INVA,16.219999313354492,16.219999313354492,16.219999313354492,16.219999313354492,16.219999313354492,431.0
2024-07-03 11:11:00,INZY,4.460000038146973,4.460000038146973,4.460000038146973,4.460000038146973,4.460000038146973,765.0
2024-07-03 11:11:00,IONS,44.52000045776367,44.52000045776367,44.52000045776367,44.52000045776367,44.52000045776367,286.0
2024-07-03 11:11:00,IOVA,7.579999923706055,7.579999923706055,7.590000152587891,7.579999923706055,7.585000038146973,15331.0
2024-07-03 11:11:00,IRTC,95.05999755859375,95.05999755859375,95.20999908447266,95.05999755859375,95.20999908447266,1368.0
2024-07-03 11:11:00,IRWD,6.135000228881836,6.135000228881836,6.135000228881836,6.130000114440918,6.130000114440918,2187.0
2024-07-03 11:11:00,ISRG,434.3500061035156,434.3500061035156,434.3500061035156,434.3500061035156,434.3500061035156,368.0
2024-07-03 11:11:00,ITCI,68.29000091552734,68.29000091552734,68.29000091552734,68.2699966430664,68.2699966430664,1278.0
2024-07-03 11:11:00,JANX,37.79999923706055,37.79999923706055,37.79999923706055,37.79999923706055,37.79999923706055,1233.0
2024-07-03 11:11:00,JSPR,22.979999542236328,22.979999542236328,22.979999542236328,22.979999542236328,22.979999542236328,500.0
2024-07-03 11:11:00,KALV,11.680000305175781,11.680000305175781,11.680000305175781,11.680000305175781,11.680000305175781,200.0
2024-07-03 11:11:00,KIDS,29.55500030517578,29.55500030517578,29.600000381469727,29.55500030517578,29.579999923706055,869.0
2024-07-03 11:11:00,KMDA,5.179999828338623,5.179999828338623,5.179999828338623,5.179999828338623,5.179999828338623,1.0
2024-07-03 11:11:00,KOD,2.240000009536743,2.240000009536743,2.240000009536743,2.240000009536743,2.240000009536743,117.0
2024-07-03 11:11:00,KPTI,0.8364999890327454,0.8364999890327454,0.8373000025749207,0.8364999890327454,0.8373000025749207,1008.0
2024-07-03 11:11:00,KRYS,177.481201171875,177.481201171875,177.5050048828125,177.481201171875,177.5050048828125,340.0
2024-07-03 11:11:00,KTRA,0.29319998621940613,0.29319998621940613,0.29420000314712524,0.28999999165534973,0.28999999165534973,120847.0
2024-07-03 11:11:00,KYMR,30.350000381469727,30.350000381469727,30.350000381469727,30.350000381469727,30.350000381469727,117.0
2024-07-03 11:11:00,LAB,1.7999999523162842,1.7999999523162842,1.7999999523162842,1.7899999618530273,1.7899999618530273,725.0
2024-07-03 11:11:00,LBPH,32.5,32.5,32.56999969482422,32.5,32.56999969482422,750.0
2024-07-03 11:11:00,LEGN,45.81999969482422,45.81999969482422,45.81999969482422,45.77000045776367,45.779998779296875,1779.0
2024-07-03 11:11:00,LFLY,2.0799999237060547,2.0799999237060547,2.0799999237060547,2.0799999237060547,2.0799999237060547,584.0
2024-07-03 11:11:00,LFMD,6.769999980926514,6.769999980926514,6.769999980926514,6.742499828338623,6.742499828338623,1374.0
2024-07-03 11:11:00,LFST,5.099999904632568,5.099999904632568,5.099999904632568,5.099999904632568,5.099999904632568,952.0
2024-07-03 11:11:00,LGVN,1.5901000499725342,1.5901000499725342,1.5950000286102295,1.5901000499725342,1.5950000286102295,2780.0
2024-07-03 11:11:00,LQDA,11.899900436401367,11.899900436401367,11.899900436401367,11.885000228881836,11.885000228881836,977.0
2024-07-03 11:11:00,LUCY,0.46700000762939453,0.46700000762939453,0.46700000762939453,0.46700000762939453,0.46700000762939453,4445.0
2024-07-03 11:11:00,LXRX,1.600000023841858,1.600000023841858,1.600000023841858,1.600000023841858,1.600000023841858,200.0
2024-07-03 11:11:00,LYEL,1.5049999952316284,1.5049999952316284,1.5049999952316284,1.5049999952316284,1.5049999952316284,845.0
2024-07-03 11:11:00,LYRA,0.28630000352859497,0.28630000352859497,0.28630000352859497,0.28630000352859497,0.28630000352859497,500.0
2024-07-03 11:11:00,MASI,114.6500015258789,114.6500015258789,114.6500015258789,114.6500015258789,114.6500015258789,195.0
2024-07-03 11:11:00,MBIO,0.505299985408783,0.505299985408783,0.5070000290870667,0.505299985408783,0.5070000290870667,9325.0
2024-07-03 11:11:00,MCRB,0.7207000255584717,0.7207000255584717,0.7232000231742859,0.7192000150680542,0.7204999923706055,7547.0
2024-07-03 11:11:00,MDWD,14.760000228881836,14.760000228881836,14.760000228881836,14.760000228881836,14.760000228881836,106.0
2024-07-03 11:11:00,MDXG,6.744999885559082,6.744999885559082,6.744999885559082,6.744999885559082,6.744999885559082,1166.0
2024-07-03 11:11:00,ME,0.4047999978065491,0.4047999978065491,0.4047999978065491,0.4034999907016754,0.4034999907016754,8536.0
2024-07-03 11:11:00,MGNX,4.215000152587891,4.215000152587891,4.230000019073486,4.210000038146973,4.230000019073486,4439.0
2024-07-03 11:11:00,MGTX,3.9800000190734863,3.9800000190734863,3.984999895095825,3.9700000286102295,3.9700000286102295,367.0
2024-07-03 11:11:00,MHUA,0.9075000286102295,0.9075000286102295,0.9075000286102295,0.9075000286102295,0.9075000286102295,1078.0
2024-07-03 11:11:00,MIRM,33.619998931884766,33.619998931884766,33.619998931884766,33.564998626708984,33.564998626708984,335.0
2024-07-03 11:11:00,MNKD,5.054999828338623,5.054999828338623,5.054999828338623,5.050000190734863,5.050000190734863,622.0
2024-07-03 11:11:00,MNMD,7.210000038146973,7.210000038146973,7.210000038146973,7.202199935913086,7.202199935913086,1293.0
2024-07-03 11:11:00,MOLN,6.690000057220459,6.690000057220459,6.690000057220459,6.690000057220459,6.690000057220459,219.0
2024-07-03 11:11:00,MORF,31.854999542236328,31.854999542236328,31.864999771118164,31.854999542236328,31.864999771118164,330.0
2024-07-03 11:11:00,MREO,3.509999990463257,3.509999990463257,3.509999990463257,3.509999990463257,3.509999990463257,1151.0
2024-07-03 11:11:00,MRNA,115.91000366210938,115.91000366210938,115.97550201416016,115.79000091552734,115.95500183105469,5030.0
2024-07-03 11:11:00,MRSN,1.875,1.875,1.875,1.875,1.875,379.0
2024-07-03 11:11:00,MRUS,52.38999938964844,52.38999938964844,52.38999938964844,52.38999938964844,52.38999938964844,1762.0
2024-07-03 11:11:00,MRVI,6.820000171661377,6.820000171661377,6.840000152587891,6.820000171661377,6.840000152587891,5415.0
2024-07-03 11:11:00,MXCT,3.700000047683716,3.700000047683716,3.700000047683716,3.694999933242798,3.700000047683716,626.0
2024-07-03 11:11:00,MYGN,25.06999969482422,25.06999969482422,25.06999969482422,25.049999237060547,25.049999237060547,1529.0
2024-07-03 11:11:00,NARI,49.2599983215332,49.2599983215332,49.2599983215332,49.2239990234375,49.2239990234375,2563.0
2024-07-03 11:11:00,NAUT,2.3299999237060547,2.3299999237060547,2.3299999237060547,2.3299999237060547,2.3299999237060547,371.0
2024-07-03 11:11:00,NDRA,0.08709999918937683,0.08709999918937683,0.08749999850988388,0.08709999918937683,0.08709999918937683,6634.0
2024-07-03 11:11:00,NEOG,15.21500015258789,15.21500015258789,15.21500015258789,15.180000305175781,15.180000305175781,3900.0
2024-07-03 11:11:00,NKTR,1.25,1.25,1.25,1.2450000047683716,1.2450000047683716,2895.0
2024-07-03 11:11:00,NKTX,5.349999904632568,5.349999904632568,5.360000133514404,5.349999904632568,5.359899997711182,5101.0
2024-07-03 11:11:00,NLSP,0.2011999934911728,0.2011999934911728,0.2011999934911728,0.2011999934911728,0.2011999934911728,17584.0
2024-07-03 11:11:00,NRIX,19.709999084472656,19.709999084472656,19.709999084472656,19.709999084472656,19.709999084472656,200.0
2024-07-03 11:11:00,NRSN,1.3198000192642212,1.3198000192642212,1.3198000192642212,1.3198000192642212,1.3198000192642212,100.0
2024-07-03 11:11:00,NTLA,22.524999618530273,22.524999618530273,22.540000915527344,22.524999618530273,22.530000686645508,1235.0
2024-07-03 11:11:00,NUVL,71.56999969482422,71.56999969482422,71.58000183105469,71.56999969482422,71.58000183105469,1077.0
2024-07-03 11:11:00,NUWE,3.8499999046325684,3.8499999046325684,3.9100000858306885,3.8499999046325684,3.9100000858306885,1896.0
2024-07-03 11:11:00,NVAX,12.660099983215332,12.660099983215332,12.670000076293945,12.660099983215332,12.670000076293945,9421.0
2024-07-03 11:11:00,NVCT,6.164999961853027,6.164999961853027,6.173299789428711,6.164999961853027,6.173299789428711,262.0
2024-07-03 11:11:00,OCGN,1.625,1.625,1.6349999904632568,1.625,1.6299999952316284,99160.0
2024-07-03 11:11:00,OCUL,6.704999923706055,6.704999923706055,6.704999923706055,6.704999923706055,6.704999923706055,1444.0
2024-07-03 11:11:00,OGI,1.5729999542236328,1.5729999542236328,1.5729999542236328,1.5729999542236328,1.5729999542236328,264.0
2024-07-03 11:11:00,OLMA,10.614999771118164,10.614999771118164,10.614999771118164,10.614999771118164,10.614999771118164,1071.0
2024-07-03 11:11:00,OM,3.859999895095825,3.859999895095825,3.859999895095825,3.819999933242798,3.825000047683716,4115.0
2024-07-03 11:11:00,OMCL,26.52400016784668,26.52400016784668,26.52400016784668,26.520000457763672,26.520000457763672,544.0
2024-07-03 11:11:00,OMER,3.869999885559082,3.869999885559082,3.869999885559082,3.869999885559082,3.869999885559082,200.0
2024-07-03 11:11:00,OMGA,1.988800048828125,1.988800048828125,1.988800048828125,1.988800048828125,1.988800048828125,1471.0
2024-07-03 11:12:00,ABCL,2.734999895095825,2.734999895095825,2.734999895095825,2.7290000915527344,2.7290000915527344,9340.0
2024-07-03 11:12:00,ABSI,3.2049999237060547,3.2049999237060547,3.2100000381469727,3.2016000747680664,3.2049999237060547,4306.0
2024-07-03 11:12:00,ABUS,3.1549999713897705,3.1549999713897705,3.1549999713897705,3.1549999713897705,3.1549999713897705,1066.0
2024-07-03 11:12:00,ACB,4.880199909210205,4.880199909210205,4.889999866485596,4.880099773406982,4.889999866485596,3827.0
2024-07-03 11:12:00,ACCD,3.5450000762939453,3.5450000762939453,3.5450000762939453,3.5399999618530273,3.5450000762939453,9777.0
2024-07-03 11:12:00,ACET,1.0549999475479126,1.0549999475479126,1.0549999475479126,1.0499999523162842,1.0499999523162842,1089.0
2024-07-03 11:12:00,ACHC,66.27999877929688,66.27999877929688,66.27999877929688,66.18000030517578,66.18000030517578,328.0
2024-07-03 11:12:00,ACRS,1.1549999713897705,1.1549999713897705,1.1549999713897705,1.149999976158142,1.149999976158142,1123.0
2024-07-03 11:12:00,ADAP,1.0199999809265137,1.0199999809265137,1.0199999809265137,1.0199999809265137,1.0199999809265137,201.0
2024-07-03 11:12:00,ADMA,11.254199981689453,11.254199981689453,11.260000228881836,11.25,11.259900093078613,1423.0
2024-07-03 11:12:00,ADPT,3.4000000953674316,3.4000000953674316,3.4000000953674316,3.380000114440918,3.380000114440918,6051.0
2024-07-03 11:12:00,AEMD,0.4124999940395355,0.4124999940395355,0.4124999940395355,0.4124999940395355,0.4124999940395355,1250.0
2024-07-03 11:12:00,AGEN,14.395000457763672,14.395000457763672,14.395000457763672,14.350099563598633,14.350099563598633,1134.0
2024-07-03 11:12:00,AGIO,41.790000915527344,41.790000915527344,41.810001373291016,41.76750183105469,41.76750183105469,861.0
2024-07-03 11:12:00,AHCO,9.800000190734863,9.800000190734863,9.824999809265137,9.800000190734863,9.8100004196167,5216.0
2024-07-03 11:12:00,AKBA,0.9412000179290771,0.9412000179290771,0.9412000179290771,0.9369000196456909,0.9369999766349792,12669.0
2024-07-03 11:12:00,AKRO,22.09000015258789,22.09000015258789,22.09000015258789,22.020000457763672,22.059999465942383,4121.0
2024-07-03 11:12:00,ALDX,3.180000066757202,3.180000066757202,3.180000066757202,3.180000066757202,3.180000066757202,0.0
2024-07-03 11:12:00,ALEC,4.445000171661377,4.445000171661377,4.445000171661377,4.445000171661377,4.445000171661377,795.0
2024-07-03 11:12:00,ALGN,239.0449981689453,239.0449981689453,239.1999969482422,238.69000244140625,238.69000244140625,3278.0
2024-07-03 11:12:00,ALKS,24.290000915527344,24.290000915527344,24.290000915527344,24.280000686645508,24.280000686645508,384.0
2024-07-03 11:12:00,ALLK,0.8439000248908997,0.8439000248908997,0.8439000248908997,0.8439000248908997,0.8439000248908997,200.0
2024-07-03 11:12:00,ALLO,2.134000062942505,2.134000062942505,2.139899969100952,2.130000114440918,2.134999990463257,4059.0
2024-07-03 11:12:00,ALT,6.659999847412109,6.659999847412109,6.659999847412109,6.639999866485596,6.639999866485596,3228.0
2024-07-03 11:12:00,ALVR,0.7350000143051147,0.7350000143051147,0.7350000143051147,0.7350000143051147,0.7350000143051147,314.0
2024-07-03 11:12:00,ALXO,5.869999885559082,5.869999885559082,5.869999885559082,5.829999923706055,5.829999923706055,4792.0
2024-07-03 11:12:00,AMED,97.0,97.0,97.0,96.97000122070312,96.9800033569336,4998.0
2024-07-03 11:12:00,AMGN,306.57000732421875,306.57000732421875,306.5777893066406,306.4599914550781,306.4599914550781,1808.0
2024-07-03 11:12:00,AMLX,1.7450000047683716,1.7450000047683716,1.7450000047683716,1.7400000095367432,1.7450000047683716,1610.0
2024-07-03 11:12:00,AMRN,0.6949999928474426,0.6949999928474426,0.6973999738693237,0.6949999928474426,0.6973999738693237,50509.0
2024-07-03 11:12:00,ANAB,25.1299991607666,25.1299991607666,25.1299991607666,25.1299991607666,25.1299991607666,223.0
2024-07-03 11:12:00,ANGO,5.630000114440918,5.630000114440918,5.630000114440918,5.619999885559082,5.619999885559082,4670.0
2024-07-03 11:12:00,ANIK,26.0,26.0,26.010000228881836,26.0,26.010000228881836,824.0
2024-07-03 11:12:00,ANNX,4.795000076293945,4.795000076293945,4.800000190734863,4.795000076293945,4.795000076293945,2667.0
2024-07-03 11:12:00,ANTX,2.569999933242798,2.569999933242798,2.5864999294281006,2.569999933242798,2.5799999237060547,1712.0
2024-07-03 11:12:00,APLS,35.619998931884766,35.619998931884766,35.619998931884766,35.56999969482422,35.56999969482422,595.0
2024-07-03 11:12:00,APLT,4.355000019073486,4.355000019073486,4.355000019073486,4.355000019073486,4.355000019073486,528.0
2024-07-03 11:12:00,AQST,2.400099992752075,2.400099992752075,2.4049999713897705,2.400099992752075,2.4049999713897705,726.0
2024-07-03 11:12:00,ARAY,1.7549999952316284,1.7549999952316284,1.7549999952316284,1.7549999952316284,1.7549999952316284,150.0
2024-07-03 11:12:00,ARCT,21.3799991607666,21.3799991607666,21.399999618530273,21.3799991607666,21.399999618530273,620.0
2024-07-03 11:12:00,ARDX,5.195000171661377,5.195000171661377,5.204999923706055,5.190000057220459,5.204999923706055,28124.0
2024-07-03 11:12:00,ARQT,9.675000190734863,9.675000190734863,9.6899995803833,9.675000190734863,9.675000190734863,2405.0
2024-07-03 11:12:00,ARVN,24.239999771118164,24.239999771118164,24.325000762939453,24.239999771118164,24.325000762939453,1424.0
2024-07-03 11:12:00,ARWR,25.459999084472656,25.459999084472656,25.469999313354492,25.440000534057617,25.440000534057617,730.0
2024-07-03 11:12:00,ASLN,2.25,2.25,2.2699999809265137,2.25,2.2699999809265137,3233.0
2024-07-03 11:12:00,ASND,136.0,136.0,136.0,136.0,136.0,361.0
2024-07-03 11:12:00,ASRT,1.320099949836731,1.320099949836731,1.320099949836731,1.320099949836731,1.320099949836731,2053.0
2024-07-03 11:12:00,ATAI,1.2899999618530273,1.2899999618530273,1.2899999618530273,1.284999966621399,1.2899999618530273,546.0
2024-07-03 11:12:00,ATEC,9.93220043182373,9.93220043182373,9.9350004196167,9.920000076293945,9.920000076293945,1597.0
2024-07-03 11:12:00,ATOS,1.159999966621399,1.159999966621399,1.159999966621399,1.159999966621399,1.159999966621399,225.0
2024-07-03 11:12:00,ATXS,9.010000228881836,9.010000228881836,9.010000228881836,8.994999885559082,8.994999885559082,400.0
2024-07-03 11:12:00,AUGX,0.9983999729156494,0.9983999729156494,0.9983999729156494,0.9983999729156494,0.9983999729156494,304.0
2024-07-03 11:12:00,AUPH,5.465000152587891,5.465000152587891,5.465000152587891,5.465000152587891,5.465000152587891,926.0
2024-07-03 11:12:00,AUTL,3.4649999141693115,3.4649999141693115,3.490000009536743,3.4600000381469727,3.490000009536743,11170.0
2024-07-03 11:12:00,AVDL,14.289999961853027,14.289999961853027,14.289999961853027,14.25,14.25,2293.0
2024-07-03 11:12:00,AVXL,4.224999904632568,4.224999904632568,4.224999904632568,4.224999904632568,4.224999904632568,149.0
2024-07-03 11:12:00,AXGN,7.389999866485596,7.389999866485596,7.389999866485596,7.360000133514404,7.360000133514404,2596.0
2024-07-03 11:12:00,AXNX,67.51000213623047,67.51000213623047,67.51000213623047,67.51000213623047,67.51000213623047,400.0
2024-07-03 11:12:00,AXSM,79.7750015258789,79.7750015258789,79.7750015258789,79.7750015258789,79.7750015258789,406.0
2024-07-03 11:12:00,AZN,76.58000183105469,76.58000183105469,76.5999984741211,76.56500244140625,76.58999633789062,8020.0
2024-07-03 11:12:00,AZTA,52.494998931884766,52.494998931884766,52.494998931884766,52.47100067138672,52.47100067138672,471.0
2024-07-03 11:12:00,BBIO,25.360000610351562,25.360000610351562,25.3700008392334,25.344999313354492,25.3700008392334,3045.0
2024-07-03 11:12:00,BCAB,1.375,1.375,1.375,1.3700000047683716,1.375,10418.0
2024-07-03 11:12:00,BCRX,6.545000076293945,6.545000076293945,6.550000190734863,6.545000076293945,6.550000190734863,7856.0
2024-07-03 11:12:00,BEAM,23.729999542236328,23.729999542236328,23.770000457763672,23.68000030517578,23.7450008392334,9199.0
2024-07-03 11:12:00,BEAT,2.819999933242798,2.819999933242798,2.819999933242798,2.819999933242798,2.819999933242798,553.0
2024-07-03 11:12:00,BGXX,0.2662999927997589,0.2662999927997589,0.27639999985694885,0.2662999927997589,0.27639999985694885,56310.0
2024-07-03 11:12:00,BIIB,223.41000366210938,223.41000366210938,223.41000366210938,223.41000366210938,223.41000366210938,484.0
2024-07-03 11:12:00,BIVI,0.41940000653266907,0.41940000653266907,0.41940000653266907,0.41940000653266907,0.41940000653266907,350.0
2024-07-03 11:12:00,BLFS,19.729999542236328,19.729999542236328,19.729999542236328,19.729999542236328,19.729999542236328,746.0
2024-07-03 11:12:00,BLUE,0.9340000152587891,0.9340000152587891,0.9375,0.9340000152587891,0.9348999857902527,1189.0
2024-07-03 11:12:00,BMEA,4.420000076293945,4.420000076293945,4.420000076293945,4.4197998046875,4.419899940490723,1484.0
2024-07-03 11:12:00,BMRN,81.1500015258789,81.1500015258789,81.36000061035156,81.1500015258789,81.36000061035156,7965.0
2024-07-03 11:12:00,BNGO,0.560699999332428,0.560699999332428,0.560699999332428,0.5605000257492065,0.560699999332428,7775.0
2024-07-03 11:12:00,BNTC,8.5600004196167,8.5600004196167,8.57699966430664,8.5600004196167,8.57699966430664,619.0
2024-07-03 11:12:00,BNTX,79.72000122070312,79.72000122070312,79.73999786376953,79.56999969482422,79.58999633789062,3742.0
2024-07-03 11:12:00,BPMC,110.66999816894531,110.66999816894531,110.66999816894531,110.62999725341797,110.62999725341797,748.0
2024-07-03 11:12:00,BSGM,0.33500000834465027,0.33500000834465027,0.33500000834465027,0.33500000834465027,0.33500000834465027,15786.0
2024-07-03 11:12:00,BVS,5.989999771118164,5.989999771118164,5.989999771118164,5.989999771118164,5.989999771118164,115.0
2024-07-03 11:12:00,CABA,7.618500232696533,7.618500232696533,7.618500232696533,7.618500232696533,7.618500232696533,709.0
2024-07-03 11:12:00,CCCC,4.699999809265137,4.699999809265137,4.710000038146973,4.690000057220459,4.710000038146973,10566.0
2024-07-03 11:12:00,CCRN,13.670000076293945,13.670000076293945,13.670000076293945,13.670000076293945,13.670000076293945,769.0
2024-07-03 11:12:00,CDMO,7.514999866485596,7.514999866485596,7.53000020980835,7.510000228881836,7.519999980926514,1282.0
2024-07-03 11:12:00,CDNA,15.130000114440918,15.130000114440918,15.130000114440918,15.119999885559082,15.119999885559082,691.0
2024-07-03 11:12:00,CDXS,2.869999885559082,2.869999885559082,2.869999885559082,2.869999885559082,2.869999885559082,400.0
2024-07-03 11:12:00,CELC,16.290000915527344,16.290000915527344,16.290000915527344,16.290000915527344,16.290000915527344,131.0
2024-07-03 11:12:00,CERE,41.41999816894531,41.41999816894531,41.43000030517578,41.40999984741211,41.43000030517578,461.0
2024-07-03 11:12:00,CERS,1.7200000286102295,1.7200000286102295,1.7200000286102295,1.7200000286102295,1.7200000286102295,1189.0
2024-07-03 11:12:00,CGC,6.570000171661377,6.570000171661377,6.570000171661377,6.550099849700928,6.559899806976318,9081.0
2024-07-03 11:12:00,CGEM,16.86009979248047,16.86009979248047,16.959999084472656,16.86009979248047,16.940000534057617,1554.0
2024-07-03 11:12:00,CHRS,1.3949999809265137,1.3949999809265137,1.3949999809265137,1.3949999809265137,1.3949999809265137,4701.0
2024-07-03 11:12:00,CLDX,36.4900016784668,36.4900016784668,36.4900016784668,36.4900016784668,36.4900016784668,397.0
2024-07-03 11:12:00,CLGN,4.989999771118164,4.989999771118164,4.989999771118164,4.989999771118164,4.989999771118164,440.0
2024-07-03 11:12:00,CLOV,1.2450000047683716,1.2450000047683716,1.2450000047683716,1.2409000396728516,1.2409000396728516,1326.0
2024-07-03 11:12:00,CLPT,5.459000110626221,5.459000110626221,5.459000110626221,5.459000110626221,5.459000110626221,486.0
2024-07-03 11:12:00,CMAX,2.2200000286102295,2.2200000286102295,2.2200000286102295,2.2200000286102295,2.2200000286102295,100.0
2024-07-03 11:12:00,CMPS,6.340000152587891,6.340000152587891,6.389999866485596,6.340000152587891,6.380000114440918,3239.0
2024-07-03 11:12:00,CMPX,0.8396999835968018,0.8396999835968018,0.8399999737739563,0.8396999835968018,0.8399999737739563,909.0
2024-07-03 11:12:00,CNSP,1.7200000286102295,1.7200000286102295,2.1798999309539795,1.7200000286102295,2.174999952316284,750332.0
2024-07-03 11:12:00,CNTX,1.8049999475479126,1.8049999475479126,1.8049999475479126,1.7999999523162842,1.7999999523162842,1939.0
2024-07-03 11:12:00,COGT,8.369999885559082,8.369999885559082,8.369999885559082,8.369999885559082,8.369999885559082,187.0
2024-07-03 11:12:00,CORT,30.55500030517578,30.55500030517578,30.559999465942383,30.549999237060547,30.549999237060547,2968.0
2024-07-03 11:12:00,COSM,0.9588000178337097,0.9588000178337097,0.9588000178337097,0.9588000178337097,0.9588000178337097,4119.0
2024-07-03 11:12:00,CPRX,15.449999809265137,15.449999809265137,15.449999809265137,15.425000190734863,15.429900169372559,5647.0
2024-07-03 11:12:00,CRBU,1.5850000381469727,1.5850000381469727,1.590000033378601,1.5850000381469727,1.590000033378601,0.0
2024-07-03 11:12:00,CRDF,2.255000114440918,2.255000114440918,2.255000114440918,2.255000114440918,2.255000114440918,139.0
2024-07-03 11:12:00,CRMD,4.135000228881836,4.135000228881836,4.139999866485596,4.135000228881836,4.135000228881836,4144.0
2024-07-03 11:12:00,CRNX,45.06999969482422,45.06999969482422,45.099998474121094,45.06999969482422,45.099998474121094,842.0
2024-07-03 11:12:00,CRON,2.305000066757202,2.305000066757202,2.309999942779541,2.299999952316284,2.305000066757202,5094.0
2024-07-03 11:12:00,CRSP,53.85499954223633,53.85499954223633,53.900001525878906,53.816200256347656,53.8849983215332,2645.0
2024-07-03 11:12:00,CTKB,5.639999866485596,5.639999866485596,5.644999980926514,5.639999866485596,5.644999980926514,2035.0
2024-07-03 11:12:00,CTMX,1.3300000429153442,1.3300000429153442,1.3300000429153442,1.3300000429153442,1.3300000429153442,2540.0
2024-07-03 11:12:00,CTXR,0.5034999847412109,0.5034999847412109,0.5034999847412109,0.5034999847412109,0.5034999847412109,142.0
2024-07-03 11:12:00,CUE,1.0,1.0,1.0,1.0,1.0,1476.0
2024-07-03 11:12:00,CUTR,1.3220000267028809,1.3220000267028809,1.3220000267028809,1.3220000267028809,1.3220000267028809,241.0
2024-07-03 11:12:00,CVAC,3.380000114440918,3.380000114440918,3.380000114440918,3.3712000846862793,3.375,4520.0
2024-07-03 11:12:00,CYTK,54.9900016784668,54.9900016784668,54.9900016784668,54.9900016784668,54.9900016784668,271.0
2024-07-03 11:12:00,DAWN,13.399999618530273,13.399999618530273,13.399999618530273,13.399999618530273,13.399999618530273,108.0
2024-07-03 11:12:00,DCGO,2.9100000858306885,2.9100000858306885,2.9100000858306885,2.9100000858306885,2.9100000858306885,520.0
2024-07-03 11:12:00,DH,5.380000114440918,5.380000114440918,5.380000114440918,5.375,5.375,501.0
2024-07-03 11:12:00,DVAX,11.088000297546387,11.088000297546387,11.088000297546387,11.088000297546387,11.088000297546387,157.0
2024-07-03 11:12:00,DXCM,110.6500015258789,110.6500015258789,110.6500015258789,110.52999877929688,110.55000305175781,2410.0
2024-07-03 11:12:00,DYN,34.3849983215332,34.3849983215332,34.439998626708984,34.3849983215332,34.439998626708984,1001.0
2024-07-03 11:12:00,EDIT,4.644999980926514,4.644999980926514,4.644999980926514,4.644999980926514,4.644999980926514,771.0
2024-07-03 11:12:00,ELEV,2.6600000858306885,2.6600000858306885,2.6600000858306885,2.6549999713897705,2.659899950027466,1130.0
2024-07-03 11:12:00,ELYM,6.809999942779541,6.809999942779541,6.809999942779541,6.809999942779541,6.809999942779541,110.0
2024-07-03 11:12:00,ENSG,126.2300033569336,126.2300033569336,126.2300033569336,126.2300033569336,126.2300033569336,314.0
2024-07-03 11:12:00,ENTA,13.119999885559082,13.119999885559082,13.119999885559082,13.100000381469727,13.100000381469727,590.0
2024-07-03 11:12:00,EOLS,10.859999656677246,10.859999656677246,10.859999656677246,10.859999656677246,10.859999656677246,317.0
2024-07-03 11:12:00,ESPR,2.3499999046325684,2.3499999046325684,2.3499999046325684,2.3399999141693115,2.3399999141693115,15776.0
2024-07-03 11:12:00,ESTA,43.20000076293945,43.20000076293945,43.20000076293945,43.20000076293945,43.20000076293945,655.0
2024-07-03 11:12:00,ETNB,7.550000190734863,7.550000190734863,7.550000190734863,7.539999961853027,7.539999961853027,2894.0
2024-07-03 11:12:00,EXAI,5.449999809265137,5.449999809265137,5.449999809265137,5.449999809265137,5.449999809265137,1814.0
2024-07-03 11:12:00,EXAS,43.099998474121094,43.099998474121094,43.099998474121094,43.09000015258789,43.09000015258789,426.0
2024-07-03 11:12:00,EXEL,21.985000610351562,21.985000610351562,21.985000610351562,21.985000610351562,21.985000610351562,1253.0
2024-07-03 11:12:00,EYPT,8.34000015258789,8.34000015258789,8.359999656677246,8.34000015258789,8.359999656677246,98.0
2024-07-03 11:12:00,FATE,3.194999933242798,3.194999933242798,3.194999933242798,3.190000057220459,3.190000057220459,7793.0
2024-07-03 11:12:00,FBIO,1.815000057220459,1.815000057220459,1.815000057220459,1.815000057220459,1.815000057220459,433.0
2024-07-03 11:12:00,FDMT,21.03499984741211,21.03499984741211,21.03499984741211,21.03499984741211,21.03499984741211,156.0
2024-07-03 11:12:00,FGEN,0.715499997138977,0.715499997138977,0.7171000242233276,0.715499997138977,0.715499997138977,4052.0
2024-07-03 11:12:00,FLGT,20.081300735473633,20.081300735473633,20.081300735473633,20.081300735473633,20.081300735473633,498.0
2024-07-03 11:12:00,GALT,2.1700000762939453,2.1700000762939453,2.1700000762939453,2.1700000762939453,2.1700000762939453,102.0
2024-07-03 11:12:00,GDRX,7.855000019073486,7.855000019073486,7.855000019073486,7.855000019073486,7.855000019073486,345.0
2024-07-03 11:12:00,GERN,4.320000171661377,4.320000171661377,4.320000171661377,4.289999961853027,4.315000057220459,89497.0
2024-07-03 11:12:00,GH,28.18000030517578,28.18000030517578,28.18000030517578,28.18000030517578,28.18000030517578,421.0
2024-07-03 11:12:00,GHRS,11.545000076293945,11.545000076293945,11.545000076293945,11.545000076293945,11.545000076293945,200.0
2024-07-03 11:12:00,GILD,66.87999725341797,66.87999725341797,66.91999816894531,66.87000274658203,66.87129974365234,11074.0
2024-07-03 11:12:00,GLYC,0.2696000039577484,0.2696000039577484,0.2696000039577484,0.2696000039577484,0.2696000039577484,566.0
2024-07-03 11:12:00,GRFS,6.659999847412109,6.659999847412109,6.659999847412109,6.659999847412109,6.659999847412109,4424.0
2024-07-03 11:12:00,GRTS,0.5756999850273132,0.5756999850273132,0.5756999850273132,0.5756999850273132,0.5756999850273132,200.0
2024-07-03 11:12:00,GTHX,2.5,2.5,2.509999990463257,2.5,2.5,1075.0
2024-07-03 11:12:00,HALO,51.630001068115234,51.630001068115234,51.630001068115234,51.560001373291016,51.58000183105469,2312.0
2024-07-03 11:12:00,HBIO,2.759999990463257,2.759999990463257,2.759999990463257,2.759999990463257,2.759999990463257,500.0
2024-07-03 11:12:00,HCSG,10.539999961853027,10.539999961853027,10.539999961853027,10.539999961853027,10.539999961853027,767.0
2024-07-03 11:12:00,HOLX,73.29000091552734,73.29000091552734,73.30000305175781,73.29000091552734,73.30000305175781,1031.0
2024-07-03 11:12:00,HQY,83.0999984741211,83.0999984741211,83.0999984741211,83.09500122070312,83.09500122070312,428.0
2024-07-03 11:12:00,HRMY,30.100000381469727,30.100000381469727,30.1299991607666,30.100000381469727,30.1299991607666,554.0
2024-07-03 11:12:00,HROW,21.639999389648438,21.639999389648438,21.639999389648438,21.639999389648438,21.639999389648438,463.0
2024-07-03 11:12:00,HRTX,2.780100107192993,2.780100107192993,2.7806999683380127,2.7799999713897705,2.7799999713897705,3580.0
2024-07-03 11:12:00,HSDT,0.9524999856948853,0.9524999856948853,0.9524999856948853,0.9524999856948853,0.9524999856948853,0.0
2024-07-03 11:12:00,HSIC,65.12000274658203,65.12000274658203,65.12000274658203,65.08999633789062,65.08999633789062,2121.0
2024-07-03 11:12:00,HUMA,5.670000076293945,5.670000076293945,5.675000190734863,5.660099983215332,5.660099983215332,3768.0
2024-07-03 11:12:00,IART,28.770000457763672,28.770000457763672,28.78499984741211,28.770000457763672,28.770000457763672,953.0
2024-07-03 11:12:00,IBRX,6.25,6.25,6.25,6.239999771118164,6.239999771118164,5636.0
2024-07-03 11:12:00,ICAD,1.215000033378601,1.215000033378601,1.215000033378601,1.215000033378601,1.215000033378601,100.0
2024-07-03 11:12:00,ICLR,317.42498779296875,317.42498779296875,317.42498779296875,317.42498779296875,317.42498779296875,395.0
2024-07-03 11:12:00,ICUI,117.43000030517578,117.43000030517578,117.43000030517578,117.41000366210938,117.41000366210938,3219.0
2024-07-03 11:12:00,IDXX,476.6099853515625,476.6099853515625,476.6099853515625,476.6099853515625,476.6099853515625,841.0
2024-07-03 11:12:00,IDYA,33.529998779296875,33.529998779296875,33.56999969482422,33.529998779296875,33.56999969482422,686.0
2024-07-03 11:12:00,IKNA,1.6399999856948853,1.6399999856948853,1.6399999856948853,1.6399999856948853,1.6399999856948853,102.0
2024-07-03 11:12:00,ILMN,105.31999969482422,105.31999969482422,105.31999969482422,105.12000274658203,105.16999816894531,4551.0
2024-07-03 11:12:00,IMAB,1.5299999713897705,1.5299999713897705,1.5299999713897705,1.5299999713897705,1.5299999713897705,112.0
2024-07-03 11:12:00,IMCR,36.04999923706055,36.04999923706055,36.04999923706055,36.04999923706055,36.04999923706055,100.0
2024-07-03 11:12:00,IMMX,2.365000009536743,2.365000009536743,2.380000114440918,2.365000009536743,2.369999885559082,1491.0
2024-07-03 11:12:00,IMNM,12.109999656677246,12.109999656677246,12.109999656677246,12.0649995803833,12.0649995803833,1725.0
2024-07-03 11:12:00,IMTX,11.869999885559082,11.869999885559082,11.869999885559082,11.869999885559082,11.869999885559082,401.0
2024-07-03 11:12:00,IMVT,26.510000228881836,26.510000228881836,26.510000228881836,26.5,26.5,397.0
2024-07-03 11:12:00,INBX,13.210000038146973,13.210000038146973,13.210000038146973,13.210000038146973,13.210000038146973,610.0
2024-07-03 11:12:00,INCY,57.68000030517578,57.68000030517578,57.689998626708984,57.650001525878906,57.66999816894531,3645.0
2024-07-03 11:12:00,INGN,7.920000076293945,7.920000076293945,7.920000076293945,7.920000076293945,7.920000076293945,200.0
2024-07-03 11:12:00,INMD,17.549999237060547,17.549999237060547,17.549999237060547,17.549999237060547,17.549999237060547,171.0
2024-07-03 11:12:00,INO,8.354999542236328,8.354999542236328,8.380000114440918,8.354999542236328,8.380000114440918,434.0
2024-07-03 11:12:00,INSM,61.849998474121094,61.849998474121094,61.849998474121094,61.63999938964844,61.70000076293945,16876.0
2024-07-03 11:12:00,INVO,0.765999972820282,0.765999972820282,0.765999972820282,0.765999972820282,0.765999972820282,254.0
2024-07-03 11:12:00,INZY,4.454999923706055,4.454999923706055,4.454999923706055,4.454999923706055,4.454999923706055,830.0
2024-07-03 11:12:00,IONS,44.540000915527344,44.540000915527344,44.540000915527344,44.51499938964844,44.51499938964844,1671.0
2024-07-03 11:12:00,IOVA,7.579999923706055,7.579999923706055,7.590000152587891,7.574999809265137,7.590000152587891,21640.0
2024-07-03 11:12:00,IRTC,95.24500274658203,95.24500274658203,95.24500274658203,95.24500274658203,95.24500274658203,637.0
2024-07-03 11:12:00,IRWD,6.135000228881836,6.135000228881836,6.135000228881836,6.135000228881836,6.135000228881836,200.0
2024-07-03 11:12:00,ISRG,434.510009765625,434.510009765625,434.6050109863281,434.3550109863281,434.3550109863281,2145.0
2024-07-03 11:12:00,ITOS,14.680000305175781,14.680000305175781,14.680000305175781,14.680000305175781,14.680000305175781,449.0
2024-07-03 11:12:00,IVVD,1.1150000095367432,1.1150000095367432,1.1150000095367432,1.1150000095367432,1.1150000095367432,200.0
2024-07-03 11:12:00,IXHL,2.7699999809265137,2.7699999809265137,2.7699999809265137,2.75,2.75,809.0
2024-07-03 11:12:00,JANX,37.72999954223633,37.72999954223633,37.72999954223633,37.72999954223633,37.72999954223633,1113.0
2024-07-03 11:12:00,KALV,11.670000076293945,11.670000076293945,11.670000076293945,11.670000076293945,11.670000076293945,504.0
2024-07-03 11:12:00,KIDS,29.6299991607666,29.6299991607666,29.6299991607666,29.6200008392334,29.6200008392334,485.0
2024-07-03 11:12:00,KNSA,18.950000762939453,18.950000762939453,18.950000762939453,18.950000762939453,18.950000762939453,173.0
2024-07-03 11:12:00,KOD,2.25,2.25,2.25,2.25,2.25,596.0
2024-07-03 11:12:00,KPTI,0.8364999890327454,0.8364999890327454,0.8366000056266785,0.8364999890327454,0.8366000056266785,821.0
2024-07-03 11:12:00,KROS,42.45500183105469,42.45500183105469,42.45500183105469,42.3849983215332,42.3849983215332,756.0
2024-07-03 11:12:00,KTRA,0.2921000123023987,0.2921000123023987,0.2939999997615814,0.2912999987602234,0.2939999997615814,72434.0
2024-07-03 11:12:00,KTTA,5.179999828338623,5.179999828338623,5.190000057220459,5.179999828338623,5.190000057220459,0.0
2024-07-03 11:12:00,KYMR,30.360000610351562,30.360000610351562,30.360000610351562,30.360000610351562,30.360000610351562,609.0
2024-07-03 11:12:00,KZR,0.5710999965667725,0.5710999965667725,0.5710999965667725,0.569599986076355,0.569599986076355,1040.0
2024-07-03 11:12:00,LAB,1.7899999618530273,1.7899999618530273,1.7999999523162842,1.7899999618530273,1.7999999523162842,658.0
2024-07-03 11:12:00,LBPH,32.56999969482422,32.56999969482422,32.56999969482422,32.56999969482422,32.56999969482422,302.0
2024-07-03 11:12:00,LFLY,2.105600118637085,2.105600118637085,2.105600118637085,2.0799999237060547,2.0799999237060547,625.0
2024-07-03 11:12:00,LFMD,6.750899791717529,6.750899791717529,6.755000114440918,6.750899791717529,6.755000114440918,1324.0
2024-07-03 11:12:00,LGVN,1.5990999937057495,1.5990999937057495,1.600000023841858,1.5990999937057495,1.600000023841858,1100.0
2024-07-03 11:12:00,LIVN,52.720001220703125,52.720001220703125,52.720001220703125,52.709999084472656,52.709999084472656,1114.0
2024-07-03 11:12:00,LNTH,79.5425033569336,79.5425033569336,79.5425033569336,79.53500366210938,79.53500366210938,716.0
2024-07-03 11:12:00,LOGC,5.75,5.75,5.75,5.739999771118164,5.739999771118164,960.0
2024-07-03 11:12:00,LPTX,1.75,1.75,1.7899999618530273,1.75,1.7799999713897705,17241.0
2024-07-03 11:12:00,LQDA,11.904999732971191,11.904999732971191,11.904999732971191,11.899999618530273,11.899999618530273,2754.0
2024-07-03 11:12:00,LRMR,7.675000190734863,7.675000190734863,7.675000190734863,7.670000076293945,7.670000076293945,815.0
2024-07-03 11:12:00,LUCY,0.46709999442100525,0.46709999442100525,0.46709999442100525,0.46709999442100525,0.46709999442100525,2213.0
2024-07-03 11:12:00,LUNG,6.25,6.25,6.25,6.25,6.25,790.0
2024-07-03 11:12:00,LXRX,1.6050000190734863,1.6050000190734863,1.6100000143051147,1.6050000190734863,1.6100000143051147,713.0
2024-07-03 11:12:00,LYRA,0.28630000352859497,0.28630000352859497,0.28679999709129333,0.28630000352859497,0.28679999709129333,713.0
2024-07-03 11:12:00,MASI,114.63999938964844,114.63999938964844,114.63999938964844,114.63999938964844,114.63999938964844,486.0
2024-07-03 11:12:00,MBIO,0.5026000142097473,0.5026000142097473,0.5033000111579895,0.5024999976158142,0.5033000111579895,8663.0
2024-07-03 11:12:00,MBOT,1.0399999618530273,1.0399999618530273,1.0399999618530273,1.0399999618530273,1.0399999618530273,250.0
2024-07-03 11:12:00,MCRB,0.7156000137329102,0.7156000137329102,0.7156000137329102,0.7156000137329102,0.7156000137329102,564.0
2024-07-03 11:12:00,ME,0.40450000762939453,0.40450000762939453,0.4047999978065491,0.40450000762939453,0.4047999978065491,1031.0
2024-07-03 11:12:00,MEDP,405.5299987792969,405.5299987792969,405.5299987792969,405.5299987792969,405.5299987792969,691.0
2024-07-03 11:12:00,MIRM,33.625,33.625,33.625,33.619998931884766,33.619998931884766,443.0
2024-07-03 11:12:00,MLTX,40.957698822021484,40.957698822021484,40.957698822021484,40.957698822021484,40.957698822021484,1567.0
2024-07-03 11:12:00,MMSI,85.95999908447266,85.95999908447266,85.95999908447266,85.95999908447266,85.95999908447266,359.0
2024-07-03 11:12:00,MNKD,5.054999828338623,5.054999828338623,5.054999828338623,5.054999828338623,5.054999828338623,519.0
2024-07-03 11:12:00,MNMD,7.205599784851074,7.205599784851074,7.205599784851074,7.205599784851074,7.205599784851074,1295.0
2024-07-03 11:12:00,MODV,27.479999542236328,27.479999542236328,27.7450008392334,27.420000076293945,27.7450008392334,5646.0
2024-07-03 11:12:00,MREO,3.5199999809265137,3.5199999809265137,3.5199999809265137,3.490000009536743,3.490000009536743,8868.0
2024-07-03 11:12:00,MRNA,115.62999725341797,115.62999725341797,115.87000274658203,115.62999725341797,115.80000305175781,5143.0
2024-07-03 11:12:00,MRSN,1.8799999952316284,1.8799999952316284,1.8799999952316284,1.875,1.875,527.0
2024-07-03 11:12:00,MRVI,6.864999771118164,6.864999771118164,6.864999771118164,6.824999809265137,6.824999809265137,13169.0
2024-07-03 11:12:00,MXCT,3.690000057220459,3.690000057220459,3.694999933242798,3.690000057220459,3.694999933242798,4389.0
2024-07-03 11:12:00,MYGN,25.030000686645508,25.030000686645508,25.05500030517578,25.030000686645508,25.05500030517578,402.0
2024-07-03 11:12:00,MYNZ,0.3400000035762787,0.3400000035762787,0.3400000035762787,0.3400000035762787,0.3400000035762787,2007.0
2024-07-03 11:12:00,NARI,49.25,49.25,49.25,49.25,49.25,126.0
2024-07-03 11:12:00,NDRA,0.08739999681711197,0.08739999681711197,0.08739999681711197,0.08709999918937683,0.08709999918937683,24819.0
2024-07-03 11:12:00,NEO,13.609999656677246,13.609999656677246,13.609999656677246,13.609999656677246,13.609999656677246,613.0
2024-07-03 11:12:00,NEOG,15.220000267028809,15.220000267028809,15.220000267028809,15.21500015258789,15.21500015258789,662.0
2024-07-03 11:12:00,NRBO,4.631199836730957,4.631199836730957,4.631199836730957,4.631199836730957,4.631199836730957,2.0
2024-07-03 11:12:00,NRIX,19.68000030517578,19.68000030517578,19.72800064086914,19.68000030517578,19.709999084472656,1396.0
2024-07-03 11:12:00,NRSN,1.3199000358581543,1.3199000358581543,1.3200000524520874,1.3199000358581543,1.3200000524520874,900.0
2024-07-03 11:12:00,NTLA,22.530000686645508,22.530000686645508,22.540000915527344,22.510000228881836,22.514999389648438,2755.0
2024-07-03 11:12:00,NTRA,111.5697021484375,111.5697021484375,111.6500015258789,111.5250015258789,111.5250015258789,1696.0
2024-07-03 11:12:00,NUWE,3.865000009536743,3.865000009536743,3.865000009536743,3.865000009536743,3.865000009536743,749.0
2024-07-03 11:12:00,NVAX,12.664999961853027,12.664999961853027,12.670000076293945,12.645000457763672,12.664999961853027,16408.0
2024-07-03 11:12:00,NVCR,16.749000549316406,16.749000549316406,16.749000549316406,16.739999771118164,16.739999771118164,767.0
2024-07-03 11:12:00,NVCT,6.150000095367432,6.150000095367432,6.159999847412109,6.150000095367432,6.159999847412109,852.0
2024-07-03 11:12:00,NXTC,1.565000057220459,1.565000057220459,1.565000057220459,1.565000057220459,1.565000057220459,0.0
2024-07-03 11:12:00,OCGN,1.625,1.625,1.6299999952316284,1.625,1.6299999952316284,254.0
2024-07-03 11:12:00,OLK,25.774999618530273,25.774999618530273,25.774999618530273,25.774999618530273,25.774999618530273,798.0
2024-07-03 11:12:00,OM,3.8550000190734863,3.8550000190734863,3.865000009536743,3.8499999046325684,3.865000009536743,3785.0
2024-07-03 11:12:00,OMCL,26.545000076293945,26.545000076293945,26.545000076293945,26.545000076293945,26.545000076293945,154.0
2024-07-03 11:12:00,OMER,3.869999885559082,3.869999885559082,3.869999885559082,3.869999885559082,3.869999885559082,76.0
2024-07-03 11:12:00,OMGA,1.9800000190734863,1.9800000190734863,1.9800000190734863,1.9800000190734863,1.9800000190734863,0.0
2024-07-03 11:13:00,ABCL,2.740000009536743,2.740000009536743,2.740000009536743,2.740000009536743,2.740000009536743,0.0
2024-07-03 11:13:00,ABOS,2.2874999046325684,2.2874999046325684,2.2874999046325684,2.2874999046325684,2.2874999046325684,128.0
2024-07-03 11:13:00,ABSI,3.2100000381469727,3.2100000381469727,3.2100000381469727,3.2100000381469727,3.2100000381469727,261.0
2024-07-03 11:13:00,ABUS,3.1549999713897705,3.1549999713897705,3.1549999713897705,3.1549999713897705,3.1549999713897705,198.0
2024-07-03 11:13:00,ACAD,15.604999542236328,15.604999542236328,15.609999656677246,15.600000381469727,15.600000381469727,2002.0
2024-07-03 11:13:00,ACB,4.885000228881836,4.885000228881836,4.890200138092041,4.885000228881836,4.889999866485596,12445.0
2024-07-03 11:13:00,ACCD,3.5399999618530273,3.5399999618530273,3.549999952316284,3.5399999618530273,3.5450000762939453,1767.0
2024-07-03 11:13:00,ACET,1.0504000186920166,1.0504000186920166,1.0549999475479126,1.0504000186920166,1.0549999475479126,670.0
2024-07-03 11:13:00,ACHC,66.2750015258789,66.2750015258789,66.29000091552734,66.16999816894531,66.23999786376953,13647.0
2024-07-03 11:13:00,ACRS,1.149999976158142,1.149999976158142,1.1549999713897705,1.149999976158142,1.1549999713897705,3610.0
2024-07-03 11:13:00,ADAP,1.0199999809265137,1.0199999809265137,1.024999976158142,1.0199999809265137,1.024999976158142,3314.0
2024-07-03 11:13:00,ADMA,11.255000114440918,11.255000114440918,11.260000228881836,11.254500389099121,11.254500389099121,2586.0
2024-07-03 11:13:00,ADPT,3.3949999809265137,3.3949999809265137,3.3949999809265137,3.3949999809265137,3.3949999809265137,542.0
2024-07-03 11:13:00,ADVM,7.034999847412109,7.034999847412109,7.034999847412109,7.034999847412109,7.034999847412109,1353.0
2024-07-03 11:13:00,AEMD,0.4115000069141388,0.4115000069141388,0.4115000069141388,0.4115000069141388,0.4115000069141388,5844.0
2024-07-03 11:13:00,AGEN,14.429900169372559,14.429900169372559,14.429900169372559,14.359999656677246,14.359999656677246,337.0
2024-07-03 11:13:00,AGIO,41.779998779296875,41.779998779296875,41.779998779296875,41.779998779296875,41.779998779296875,117.0
2024-07-03 11:13:00,AHCO,9.805000305175781,9.805000305175781,9.805000305175781,9.805000305175781,9.805000305175781,301.0
2024-07-03 11:13:00,AKBA,0.9401999711990356,0.9401999711990356,0.9412000179290771,0.9401999711990356,0.9412000179290771,6601.0
2024-07-03 11:13:00,ALGN,238.9600067138672,238.9600067138672,239.0800018310547,238.9600067138672,239.0800018310547,909.0
2024-07-03 11:13:00,ALKS,24.280000686645508,24.280000686645508,24.28499984741211,24.270000457763672,24.280000686645508,2312.0
2024-07-03 11:13:00,ALLK,0.8428999781608582,0.8428999781608582,0.8439000248908997,0.8428999781608582,0.8439000248908997,1686.0
2024-07-03 11:13:00,ALLO,2.134999990463257,2.134999990463257,2.134999990463257,2.130000114440918,2.130000114440918,2210.0
2024-07-03 11:13:00,ALLR,0.20250000059604645,0.20250000059604645,0.20499999821186066,0.20250000059604645,0.20499999821186066,126936.0
2024-07-03 11:13:00,ALNY,246.27000427246094,246.27000427246094,246.27000427246094,246.27000427246094,246.27000427246094,947.0
2024-07-03 11:13:00,ALRN,2.7799999713897705,2.7799999713897705,2.8299999237060547,2.7799999713897705,2.819999933242798,2964.0
2024-07-03 11:13:00,ALT,6.674900054931641,6.674900054931641,6.675000190734863,6.659999847412109,6.659999847412109,2042.0
2024-07-03 11:13:00,ALXO,5.889999866485596,5.889999866485596,5.889999866485596,5.880000114440918,5.880000114440918,751.0
2024-07-03 11:13:00,AMGN,307.0450134277344,307.0450134277344,307.0450134277344,306.6700134277344,306.67498779296875,3439.0
2024-07-03 11:13:00,AMLX,1.7400000095367432,1.7400000095367432,1.7400000095367432,1.7400000095367432,1.7400000095367432,2037.0
2024-07-03 11:13:00,AMPH,38.37300109863281,38.37300109863281,38.37300109863281,38.37300109863281,38.37300109863281,122.0
2024-07-03 11:13:00,AMRN,0.6995999813079834,0.6995999813079834,0.6995999813079834,0.6949999928474426,0.6949999928474426,4413.0
2024-07-03 11:13:00,ANAB,25.104999542236328,25.104999542236328,25.104999542236328,25.020000457763672,25.020000457763672,2286.0
2024-07-03 11:13:00,ANIK,25.920000076293945,25.920000076293945,25.93000030517578,25.920000076293945,25.93000030517578,602.0
2024-07-03 11:13:00,ANNX,4.804999828338623,4.804999828338623,4.809999942779541,4.800000190734863,4.800000190734863,4336.0
2024-07-03 11:13:00,ANTX,2.5401999950408936,2.5401999950408936,2.569999933242798,2.5399999618530273,2.569999933242798,5588.0
2024-07-03 11:13:00,APLS,35.599998474121094,35.599998474121094,35.720001220703125,35.599998474121094,35.68000030517578,4335.0
2024-07-03 11:13:00,APLT,4.360000133514404,4.360000133514404,4.360000133514404,4.360000133514404,4.360000133514404,1527.0
2024-07-03 11:13:00,AQST,2.4049999713897705,2.4049999713897705,2.4049999713897705,2.4049999713897705,2.4049999713897705,450.0
2024-07-03 11:13:00,ARCT,21.37779998779297,21.37779998779297,21.402299880981445,21.37779998779297,21.402299880981445,2017.0
2024-07-03 11:13:00,ARDX,5.195000171661377,5.195000171661377,5.199999809265137,5.190000057220459,5.199999809265137,10616.0
2024-07-03 11:13:00,ARGX,434.3399963378906,434.3399963378906,434.3399963378906,434.3399963378906,434.3399963378906,250.0
2024-07-03 11:13:00,ARQT,9.675000190734863,9.675000190734863,9.680000305175781,9.670000076293945,9.670000076293945,1357.0
2024-07-03 11:13:00,ARVN,24.239999771118164,24.239999771118164,24.239999771118164,24.239999771118164,24.239999771118164,55.0
2024-07-03 11:13:00,ARWR,25.479999542236328,25.479999542236328,25.479999542236328,25.479999542236328,25.479999542236328,521.0
2024-07-03 11:13:00,ASND,136.0,136.0,136.3699951171875,135.99000549316406,135.99000549316406,9453.0
2024-07-03 11:13:00,ASRT,1.3207000494003296,1.3207000494003296,1.3207000494003296,1.3207000494003296,1.3207000494003296,1295.0
2024-07-03 11:13:00,ATEC,9.944999694824219,9.944999694824219,9.944999694824219,9.944999694824219,9.944999694824219,440.0
2024-07-03 11:13:00,ATOS,1.159999966621399,1.159999966621399,1.1649999618530273,1.159999966621399,1.159999966621399,8434.0
2024-07-03 11:13:00,ATRC,22.344999313354492,22.344999313354492,22.344999313354492,22.344999313354492,22.344999313354492,314.0
2024-07-03 11:13:00,ATXS,9.020000457763672,9.020000457763672,9.020000457763672,9.020000457763672,9.020000457763672,257.0
2024-07-03 11:13:00,AUGX,1.0,1.0,1.0,1.0,1.0,200.0
2024-07-03 11:13:00,AVDL,14.3100004196167,14.3100004196167,14.3100004196167,14.289999961853027,14.289999961853027,1040.0
2024-07-03 11:13:00,AVTE,1.6100000143051147,1.6100000143051147,1.6100000143051147,1.6100000143051147,1.6100000143051147,2968.0
2024-07-03 11:13:00,AVXL,4.224999904632568,4.224999904632568,4.230000019073486,4.224999904632568,4.230000019073486,500.0
2024-07-03 11:13:00,AXNX,67.51000213623047,67.51000213623047,67.51000213623047,67.48500061035156,67.48500061035156,277.0
2024-07-03 11:13:00,AZN,76.58000183105469,76.58000183105469,76.59500122070312,76.55999755859375,76.58499908447266,14101.0
2024-07-03 11:13:00,AZTA,52.505001068115234,52.505001068115234,52.5099983215332,52.505001068115234,52.5099983215332,1109.0
2024-07-03 11:13:00,BBIO,25.3799991607666,25.3799991607666,25.399999618530273,25.350000381469727,25.350000381469727,7896.0
2024-07-03 11:13:00,BCAB,1.375,1.375,1.375,1.375,1.375,200.0
2024-07-03 11:13:00,BCRX,6.53000020980835,6.53000020980835,6.545000076293945,6.525000095367432,6.545000076293945,99956.0
2024-07-03 11:13:00,BDTX,4.349899768829346,4.349899768829346,4.349999904632568,4.349899768829346,4.349999904632568,960.0
2024-07-03 11:13:00,BEAM,23.760000228881836,23.760000228881836,23.799999237060547,23.739999771118164,23.75,4325.0
2024-07-03 11:13:00,BFRI,0.8999999761581421,0.8999999761581421,0.8999999761581421,0.8999999761581421,0.8999999761581421,168.0
2024-07-03 11:13:00,BGNE,146.97000122070312,146.97000122070312,147.00999450683594,146.97000122070312,147.0,1584.0
2024-07-03 11:13:00,BGXX,0.26759999990463257,0.26759999990463257,0.26809999346733093,0.2644999921321869,0.2644999921321869,3073.0
2024-07-03 11:13:00,BIIB,223.38999938964844,223.38999938964844,223.38999938964844,223.3300018310547,223.38499450683594,1259.0
2024-07-03 11:13:00,BLRX,0.5209000110626221,0.5209000110626221,0.5209000110626221,0.5209000110626221,0.5209000110626221,756.0
2024-07-03 11:13:00,BLUE,0.9348999857902527,0.9348999857902527,0.9348999857902527,0.9325000047683716,0.9325000047683716,515.0
2024-07-03 11:13:00,BMEA,4.420000076293945,4.420000076293945,4.420000076293945,4.420000076293945,4.420000076293945,2445.0
2024-07-03 11:13:00,BMRN,81.15499877929688,81.15499877929688,81.15499877929688,81.15499877929688,81.15499877929688,182.0
2024-07-03 11:13:00,BNOX,0.6898999810218811,0.6898999810218811,0.6898999810218811,0.6898999810218811,0.6898999810218811,2190.0
2024-07-03 11:13:00,BNTX,79.9000015258789,79.9000015258789,79.9000015258789,79.7699966430664,79.7699966430664,3568.0
2024-07-03 11:13:00,BPMC,110.75,110.75,110.75,110.75,110.75,544.0
2024-07-03 11:13:00,BRKR,61.650001525878906,61.650001525878906,61.70000076293945,61.650001525878906,61.654998779296875,2600.0
2024-07-03 11:13:00,BTMD,7.400000095367432,7.400000095367432,7.400000095367432,7.400000095367432,7.400000095367432,201.0
2024-07-03 11:13:00,BVS,6.0,6.0,6.0,6.0,6.0,941.0
2024-07-03 11:13:00,CABA,7.639999866485596,7.639999866485596,7.639999866485596,7.590000152587891,7.619999885559082,11980.0
2024-07-03 11:13:00,CCCC,4.699999809265137,4.699999809265137,4.710000038146973,4.699999809265137,4.704999923706055,1923.0
2024-07-03 11:13:00,CDMO,7.570000171661377,7.570000171661377,7.570000171661377,7.539999961853027,7.539999961853027,1098.0
2024-07-03 11:13:00,CDXS,2.880000114440918,2.880000114440918,2.880000114440918,2.880000114440918,2.880000114440918,166.0
2024-07-03 11:13:00,CELC,16.264999389648438,16.264999389648438,16.264999389648438,16.264999389648438,16.264999389648438,128.0
2024-07-03 11:13:00,CERE,41.41999816894531,41.41999816894531,41.41999816894531,41.40999984741211,41.40999984741211,590.0
2024-07-03 11:13:00,CERS,1.715000033378601,1.715000033378601,1.715000033378601,1.715000033378601,1.715000033378601,1828.0
2024-07-03 11:13:00,CGC,6.564199924468994,6.564199924468994,6.579899787902832,6.559999942779541,6.578800201416016,9176.0
2024-07-03 11:13:00,CGEM,16.915000915527344,16.915000915527344,16.915000915527344,16.915000915527344,16.915000915527344,529.0
2024-07-03 11:13:00,CGTX,1.7799999713897705,1.7799999713897705,1.7799999713897705,1.7799999713897705,1.7799999713897705,142.0
2024-07-03 11:13:00,CHRS,1.399999976158142,1.399999976158142,1.399999976158142,1.399999976158142,1.399999976158142,1320.0
2024-07-03 11:13:00,CING,0.3301999866962433,0.3301999866962433,0.3301999866962433,0.3301999866962433,0.3301999866962433,2287.0
2024-07-03 11:13:00,CLOV,1.2419999837875366,1.2419999837875366,1.2419999837875366,1.2419999837875366,1.2419999837875366,264.0
2024-07-03 11:13:00,CLPT,5.460000038146973,5.460000038146973,5.460000038146973,5.460000038146973,5.460000038146973,553.0
2024-07-03 11:13:00,CMAX,2.0799999237060547,2.0799999237060547,2.200000047683716,2.0799999237060547,2.200000047683716,4262.0
2024-07-03 11:13:00,CMRX,0.8629999756813049,0.8629999756813049,0.8629999756813049,0.8629999756813049,0.8629999756813049,146.0
2024-07-03 11:13:00,CNSP,1.7200000286102295,1.7200000286102295,1.7200000286102295,1.7200000286102295,1.7200000286102295,20110.0
2024-07-03 11:13:00,CNTX,1.8035999536514282,1.8035999536514282,1.8035999536514282,1.8035999536514282,1.8035999536514282,1854.0
2024-07-03 11:13:00,COGT,8.40999984741211,8.40999984741211,8.40999984741211,8.350000381469727,8.350000381469727,1149.0
2024-07-03 11:13:00,CORT,30.600000381469727,30.600000381469727,30.600000381469727,30.56999969482422,30.56999969482422,2202.0
2024-07-03 11:13:00,COSM,0.949999988079071,0.949999988079071,0.949999988079071,0.949999988079071,0.949999988079071,0.0
2024-07-03 11:13:00,CRBU,1.5850000381469727,1.5850000381469727,1.590000033378601,1.5850000381469727,1.590000033378601,1266.0
2024-07-03 11:13:00,CRDF,2.255000114440918,2.255000114440918,2.255000114440918,2.255000114440918,2.255000114440918,401.0
2024-07-03 11:13:00,CRMD,4.139999866485596,4.139999866485596,4.139999866485596,4.139999866485596,4.139999866485596,1416.0
2024-07-03 11:13:00,CRNX,45.040000915527344,45.040000915527344,45.06999969482422,45.040000915527344,45.06999969482422,1120.0
2024-07-03 11:13:00,CRON,2.299999952316284,2.299999952316284,2.299999952316284,2.299999952316284,2.299999952316284,301.0
2024-07-03 11:13:00,CRSP,53.915000915527344,53.915000915527344,53.91999816894531,53.875,53.88999938964844,2679.0
2024-07-03 11:13:00,CSTL,20.950000762939453,20.950000762939453,20.950000762939453,20.950000762939453,20.950000762939453,215.0
2024-07-03 11:13:00,CTKB,5.639999866485596,5.639999866485596,5.644999980926514,5.639999866485596,5.639999866485596,1025.0
2024-07-03 11:13:00,CTXR,0.5040000081062317,0.5040000081062317,0.5098999738693237,0.5040000081062317,0.5098999738693237,729.0
2024-07-03 11:13:00,CVAC,3.365000009536743,3.365000009536743,3.384999990463257,3.365000009536743,3.375,6910.0
2024-07-03 11:13:00,CYTK,54.939998626708984,54.939998626708984,54.939998626708984,54.939998626708984,54.939998626708984,201.0
2024-07-03 11:13:00,DAWN,13.40999984741211,13.40999984741211,13.40999984741211,13.40999984741211,13.40999984741211,361.0
2024-07-03 11:13:00,DCTH,7.809999942779541,7.809999942779541,7.809999942779541,7.809999942779541,7.809999942779541,1718.0
2024-07-03 11:13:00,DH,5.389999866485596,5.389999866485596,5.389999866485596,5.389999866485596,5.389999866485596,474.0
2024-07-03 11:13:00,DMAC,2.890000104904175,2.890000104904175,2.890000104904175,2.890000104904175,2.890000104904175,508.0
2024-07-03 11:13:00,DNLI,21.4950008392334,21.4950008392334,21.4950008392334,21.4950008392334,21.4950008392334,407.0
2024-07-03 11:13:00,DSGN,3.25,3.25,3.25,3.234999895095825,3.234999895095825,328.0
2024-07-03 11:13:00,DXCM,110.40499877929688,110.40499877929688,110.6050033569336,110.40499877929688,110.58049774169922,7466.0
2024-07-03 11:13:00,DYN,34.470001220703125,34.470001220703125,34.470001220703125,34.415000915527344,34.415000915527344,590.0
2024-07-03 11:13:00,ECOR,6.320000171661377,6.320000171661377,6.320000171661377,6.320000171661377,6.320000171661377,877.0
2024-07-03 11:13:00,EDIT,4.644999980926514,4.644999980926514,4.65500020980835,4.644999980926514,4.650000095367432,5088.0
2024-07-03 11:13:00,ELEV,2.6700000762939453,2.6700000762939453,2.6700000762939453,2.6649999618530273,2.6649999618530273,861.0
2024-07-03 11:13:00,EMBC,12.024499893188477,12.024499893188477,12.029999732971191,12.024499893188477,12.029999732971191,1015.0
2024-07-03 11:13:00,ENSG,126.27999877929688,126.27999877929688,126.27999877929688,126.25,126.25,932.0
2024-07-03 11:13:00,ENTA,13.15999984741211,13.15999984741211,13.15999984741211,13.15999984741211,13.15999984741211,504.0
2024-07-03 11:13:00,EOLS,10.859999656677246,10.859999656677246,10.859999656677246,10.859999656677246,10.859999656677246,250.0
2024-07-03 11:13:00,ERAS,2.255000114440918,2.255000114440918,2.259999990463257,2.255000114440918,2.259999990463257,337.0
2024-07-03 11:13:00,ETNB,7.550000190734863,7.550000190734863,7.550000190734863,7.550000190734863,7.550000190734863,886.0
2024-07-03 11:13:00,EWTX,18.170000076293945,18.170000076293945,18.170000076293945,18.1299991607666,18.1299991607666,978.0
2024-07-03 11:13:00,EXAS,43.15999984741211,43.15999984741211,43.18000030517578,43.084999084472656,43.084999084472656,5115.0
2024-07-03 11:13:00,EYEN,0.779699981212616,0.779699981212616,0.779699981212616,0.779699981212616,0.779699981212616,104.0
2024-07-03 11:13:00,EYPT,8.359999656677246,8.359999656677246,8.359999656677246,8.359999656677246,8.359999656677246,111.0
2024-07-03 11:13:00,FATE,3.194999933242798,3.194999933242798,3.194999933242798,3.194999933242798,3.194999933242798,901.0
2024-07-03 11:13:00,FDMT,21.06999969482422,21.06999969482422,21.06999969482422,21.049999237060547,21.049999237060547,1521.0
2024-07-03 11:13:00,FGEN,0.7127000093460083,0.7127000093460083,0.7156000137329102,0.7127000093460083,0.7156000137329102,43267.0
2024-07-03 11:13:00,FLGT,20.107999801635742,20.107999801635742,20.107999801635742,20.107999801635742,20.107999801635742,0.0
2024-07-03 11:13:00,FOLD,9.899999618530273,9.899999618530273,9.899999618530273,9.899999618530273,9.899999618530273,1965.0
2024-07-03 11:13:00,GALT,2.1700000762939453,2.1700000762939453,2.1700000762939453,2.1700000762939453,2.1700000762939453,909.0
2024-07-03 11:13:00,GANX,1.1699999570846558,1.1699999570846558,1.1699999570846558,1.1699999570846558,1.1699999570846558,401.0
2024-07-03 11:13:00,GBIO,2.375,2.375,2.389899969100952,2.375,2.389899969100952,5926.0
2024-07-03 11:13:00,GDRX,7.869999885559082,7.869999885559082,7.869999885559082,7.860000133514404,7.860000133514404,3470.0
2024-07-03 11:13:00,GH,28.19499969482422,28.19499969482422,28.200000762939453,28.165000915527344,28.165000915527344,1244.0
2024-07-03 11:13:00,GILD,66.9000015258789,66.9000015258789,66.94000244140625,66.9000015258789,66.9000015258789,10921.0
2024-07-03 11:13:00,GLPG,25.110000610351562,25.110000610351562,25.1200008392334,25.110000610351562,25.1200008392334,2426.0
2024-07-03 11:13:00,GLTO,0.5382999777793884,0.5382999777793884,0.5382999777793884,0.5382999777793884,0.5382999777793884,0.0
2024-07-03 11:13:00,GLYC,0.26969999074935913,0.26969999074935913,0.26969999074935913,0.26969999074935913,0.26969999074935913,10003.0
2024-07-03 11:13:00,GMAB,25.190000534057617,25.190000534057617,25.190000534057617,25.190000534057617,25.190000534057617,505.0
2024-07-03 11:13:00,GOSS,0.9355000257492065,0.9355000257492065,0.9398000240325928,0.9355000257492065,0.9398000240325928,828.0
2024-07-03 11:13:00,GOVX,2.9837000370025635,2.9837000370025635,2.9999001026153564,2.9837000370025635,2.9999001026153564,715.0
2024-07-03 11:13:00,GRFS,6.664999961853027,6.664999961853027,6.664999961853027,6.664999961853027,6.664999961853027,131.0
2024-07-03 11:13:00,GRTS,0.5827000141143799,0.5827000141143799,0.5827000141143799,0.5756000280380249,0.5774000287055969,31261.0
2024-07-03 11:13:00,GTHX,2.509999990463257,2.509999990463257,2.509999990463257,2.509999990463257,2.509999990463257,967.0
2024-07-03 11:13:00,HALO,51.66999816894531,51.66999816894531,51.70000076293945,51.650001525878906,51.70000076293945,1650.0
2024-07-03 11:13:00,HBIO,2.765000104904175,2.765000104904175,2.765000104904175,2.765000104904175,2.765000104904175,395.0
2024-07-03 11:13:00,HCAT,6.170000076293945,6.170000076293945,6.170000076293945,6.159999847412109,6.159999847412109,3334.0
2024-07-03 11:13:00,HCM,17.459999084472656,17.459999084472656,17.459999084472656,17.459999084472656,17.459999084472656,128.0
2024-07-03 11:13:00,HITI,2.109999895095825,2.109999895095825,2.109999895095825,2.109999895095825,2.109999895095825,261.0
2024-07-03 11:13:00,HOLX,73.29000091552734,73.29000091552734,73.29000091552734,73.29000091552734,73.29000091552734,2283.0
2024-07-03 11:13:00,HOOK,0.5899999737739563,0.5899999737739563,0.5899999737739563,0.5899999737739563,0.5899999737739563,347.0
2024-07-03 11:13:00,HQY,82.97000122070312,82.97000122070312,83.1050033569336,82.97000122070312,83.0999984741211,1410.0
2024-07-03 11:13:00,HRMY,30.149999618530273,30.149999618530273,30.149999618530273,30.149999618530273,30.149999618530273,586.0
2024-07-03 11:13:00,HROW,21.645000457763672,21.645000457763672,21.645000457763672,21.645000457763672,21.645000457763672,431.0
2024-07-03 11:13:00,HRTX,2.7850000858306885,2.7850000858306885,2.7899999618530273,2.7799999713897705,2.7799999713897705,5270.0
2024-07-03 11:13:00,HSIC,65.08999633789062,65.08999633789062,65.12999725341797,65.08999633789062,65.12999725341797,2356.0
2024-07-03 11:13:00,HUGE,0.14339999854564667,0.14339999854564667,0.14509999752044678,0.14339999854564667,0.14509999752044678,89249.0
2024-07-03 11:13:00,HUMA,5.671299934387207,5.671299934387207,5.679999828338623,5.659999847412109,5.679999828338623,2292.0
2024-07-03 11:13:00,IART,28.739999771118164,28.739999771118164,28.739999771118164,28.739999771118164,28.739999771118164,723.0
2024-07-03 11:13:00,IBRX,6.264999866485596,6.264999866485596,6.264999866485596,6.264999866485596,6.264999866485596,314.0
2024-07-03 11:13:00,ICAD,1.2000000476837158,1.2000000476837158,1.2253999710083008,1.2000000476837158,1.2253999710083008,5857.0
2024-07-03 11:13:00,ICLR,317.42498779296875,317.42498779296875,317.42498779296875,317.42498779296875,317.42498779296875,699.0
2024-07-03 11:13:00,IDYA,33.53499984741211,33.53499984741211,33.58000183105469,33.53499984741211,33.53499984741211,1431.0
2024-07-03 11:13:00,IKNA,1.6399999856948853,1.6399999856948853,1.6399999856948853,1.6399999856948853,1.6399999856948853,320.0
2024-07-03 11:13:00,ILMN,105.375,105.375,105.375,105.375,105.375,384.0
2024-07-03 11:13:00,IMCR,36.029998779296875,36.029998779296875,36.09000015258789,36.029998779296875,36.09000015258789,2082.0
2024-07-03 11:13:00,IMMX,2.4158999919891357,2.4158999919891357,2.4158999919891357,2.369999885559082,2.380000114440918,36470.0
2024-07-03 11:13:00,IMVT,26.459999084472656,26.459999084472656,26.53499984741211,26.459999084472656,26.530000686645508,2068.0
2024-07-03 11:13:00,INBX,13.220000267028809,13.220000267028809,13.229999542236328,13.204999923706055,13.204999923706055,1955.0
2024-07-03 11:13:00,INCY,57.65999984741211,57.65999984741211,57.665000915527344,57.63999938964844,57.665000915527344,2015.0
2024-07-03 11:13:00,INGN,7.929999828338623,7.929999828338623,7.929999828338623,7.929999828338623,7.929999828338623,805.0
2024-07-03 11:13:00,INMB,7.925000190734863,7.925000190734863,7.925000190734863,7.925000190734863,7.925000190734863,225.0
2024-07-03 11:13:00,INMD,17.549999237060547,17.549999237060547,17.549999237060547,17.549999237060547,17.549999237060547,772.0
2024-07-03 11:13:00,INSM,62.029998779296875,62.029998779296875,62.099998474121094,61.80500030517578,61.80500030517578,8198.0
2024-07-03 11:13:00,IONS,44.644500732421875,44.644500732421875,44.644500732421875,44.54999923706055,44.54999923706055,4213.0
2024-07-03 11:13:00,IOVA,7.614999771118164,7.614999771118164,7.614999771118164,7.579999923706055,7.585000038146973,62645.0
2024-07-03 11:13:00,IRWD,6.135000228881836,6.135000228881836,6.135000228881836,6.135000228881836,6.135000228881836,490.0
2024-07-03 11:13:00,ISRG,434.2900085449219,434.2900085449219,434.510009765625,434.2900085449219,434.510009765625,2263.0
2024-07-03 11:13:00,JANX,37.720001220703125,37.720001220703125,37.720001220703125,37.720001220703125,37.720001220703125,516.0
2024-07-03 11:13:00,KALV,11.670000076293945,11.670000076293945,11.670000076293945,11.670000076293945,11.670000076293945,725.0
2024-07-03 11:13:00,KIDS,29.540000915527344,29.540000915527344,29.540000915527344,29.540000915527344,29.540000915527344,956.0
2024-07-03 11:13:00,KMDA,5.170000076293945,5.170000076293945,5.179999828338623,5.170000076293945,5.179999828338623,4721.0
2024-07-03 11:13:00,KPTI,0.8366000056266785,0.8366000056266785,0.8366000056266785,0.8366000056266785,0.8366000056266785,600.0
2024-07-03 11:13:00,KROS,42.459999084472656,42.459999084472656,42.459999084472656,42.459999084472656,42.459999084472656,223.0
2024-07-03 11:13:00,KRYS,177.6999969482422,177.6999969482422,177.6999969482422,177.4600067138672,177.4600067138672,811.0
2024-07-03 11:13:00,KTRA,0.2896000146865845,0.2896000146865845,0.29179999232292175,0.2881999909877777,0.29179999232292175,44255.0
2024-07-03 11:13:00,KURA,20.440000534057617,20.440000534057617,20.440000534057617,20.440000534057617,20.440000534057617,1090.0
2024-07-03 11:13:00,KZR,0.5699999928474426,0.5699999928474426,0.5699999928474426,0.5687999725341797,0.5687999725341797,307.0
2024-07-03 11:13:00,LAB,1.7999999523162842,1.7999999523162842,1.7999999523162842,1.7949999570846558,1.7999999523162842,650.0
2024-07-03 11:13:00,LBPH,32.630001068115234,32.630001068115234,32.75,32.560001373291016,32.66999816894531,4307.0
2024-07-03 11:13:00,LEGN,45.970001220703125,45.970001220703125,46.02000045776367,45.8849983215332,45.88999938964844,1822.0
2024-07-03 11:13:00,LFMD,6.760000228881836,6.760000228881836,6.760000228881836,6.760000228881836,6.760000228881836,655.0
2024-07-03 11:13:00,LFST,5.099999904632568,5.099999904632568,5.099999904632568,5.099999904632568,5.099999904632568,1247.0
2024-07-03 11:13:00,LGVN,1.600000023841858,1.600000023841858,1.600000023841858,1.5997999906539917,1.600000023841858,4808.0
2024-07-03 11:13:00,LIVN,52.7400016784668,52.7400016784668,52.7400016784668,52.7400016784668,52.7400016784668,402.0
2024-07-03 11:13:00,LNTH,79.45500183105469,79.45500183105469,79.52999877929688,79.3499984741211,79.52999877929688,2625.0
2024-07-03 11:13:00,LRMR,7.690000057220459,7.690000057220459,7.690000057220459,7.690000057220459,7.690000057220459,463.0
2024-07-03 11:13:00,LUCD,0.7620000243186951,0.7620000243186951,0.7620000243186951,0.7620000243186951,0.7620000243186951,948.0
2024-07-03 11:13:00,LUCY,0.4634999930858612,0.4634999930858612,0.46709999442100525,0.4634999930858612,0.46700000762939453,2856.0
2024-07-03 11:13:00,LUNG,6.260000228881836,6.260000228881836,6.260000228881836,6.260000228881836,6.260000228881836,837.0
2024-07-03 11:13:00,LXRX,1.6050000190734863,1.6050000190734863,1.6050000190734863,1.600000023841858,1.600000023841858,873.0
2024-07-03 11:13:00,LYEL,1.5049999952316284,1.5049999952316284,1.5049999952316284,1.5049999952316284,1.5049999952316284,371.0
2024-07-03 11:13:00,LYRA,0.2865000069141388,0.2865000069141388,0.2865000069141388,0.2865000069141388,0.2865000069141388,200.0
2024-07-03 11:13:00,MASI,114.76000213623047,114.76000213623047,114.9749984741211,114.76000213623047,114.79000091552734,1314.0
2024-07-03 11:13:00,MBIO,0.5008999705314636,0.5008999705314636,0.5026000142097473,0.498199999332428,0.5026000142097473,49956.0
2024-07-03 11:13:00,MCRB,0.7200000286102295,0.7200000286102295,0.7200000286102295,0.7200000286102295,0.7200000286102295,612.0
2024-07-03 11:13:00,MDWD,14.845000267028809,14.845000267028809,14.90999984741211,14.845000267028809,14.845000267028809,2417.0
2024-07-03 11:13:00,MDXG,6.755000114440918,6.755000114440918,6.755000114440918,6.75,6.75,2857.0
2024-07-03 11:13:00,ME,0.4043000042438507,0.4043000042438507,0.4050000011920929,0.4043000042438507,0.4047999978065491,9304.0
2024-07-03 11:13:00,MGNX,4.239999771118164,4.239999771118164,4.244999885559082,4.21999979019165,4.21999979019165,3310.0
2024-07-03 11:13:00,MNMD,7.224999904632568,7.224999904632568,7.224999904632568,7.21999979019165,7.21999979019165,1279.0
2024-07-03 11:13:00,MODV,27.670000076293945,27.670000076293945,27.670000076293945,27.579999923706055,27.579999923706055,852.0
2024-07-03 11:13:00,MORF,31.8700008392334,31.8700008392334,31.8700008392334,31.8700008392334,31.8700008392334,209.0
2024-07-03 11:13:00,MRNA,115.7249984741211,115.7249984741211,115.76000213623047,115.60009765625,115.6500015258789,3433.0
2024-07-03 11:13:00,MRNS,1.2100000381469727,1.2100000381469727,1.2100000381469727,1.2100000381469727,1.2100000381469727,585.0
2024-07-03 11:13:00,MRUS,52.31999969482422,52.31999969482422,52.380001068115234,52.31999969482422,52.380001068115234,1006.0
2024-07-03 11:13:00,MRVI,6.889999866485596,6.889999866485596,6.894999980926514,6.864999771118164,6.864999771118164,6856.0
2024-07-03 11:13:00,MXCT,3.680000066757202,3.680000066757202,3.684999942779541,3.680000066757202,3.684999942779541,1905.0
2024-07-03 11:13:00,MYGN,25.05500030517578,25.05500030517578,25.05500030517578,25.042499542236328,25.042499542236328,456.0
2024-07-03 11:13:00,MYNZ,0.3402000069618225,0.3402000069618225,0.3402000069618225,0.3400000035762787,0.3400000035762787,9006.0
2024-07-03 11:13:00,NARI,49.269901275634766,49.269901275634766,49.269901275634766,49.22999954223633,49.22999954223633,607.0
2024-07-03 11:13:00,NDRA,0.08799999952316284,0.08799999952316284,0.08799999952316284,0.08730000257492065,0.08739999681711197,59069.0
2024-07-03 11:13:00,NEO,13.590100288391113,13.590100288391113,13.590100288391113,13.590100288391113,13.590100288391113,177.0
2024-07-03 11:13:00,NEOG,15.225000381469727,15.225000381469727,15.225000381469727,15.225000381469727,15.225000381469727,302.0
2024-07-03 11:13:00,NKTR,1.2450000047683716,1.2450000047683716,1.25,1.2450000047683716,1.2450000047683716,1452.0
2024-07-03 11:13:00,NKTX,5.340000152587891,5.340000152587891,5.340000152587891,5.340000152587891,5.340000152587891,1391.0
2024-07-03 11:13:00,NLSP,0.20059999823570251,0.20059999823570251,0.20059999823570251,0.20059999823570251,0.20059999823570251,7066.0
2024-07-03 11:13:00,NNOX,7.010000228881836,7.010000228881836,7.010000228881836,7.005000114440918,7.005000114440918,533.0
2024-07-03 11:13:00,NOTV,1.659999966621399,1.659999966621399,1.659999966621399,1.659999966621399,1.659999966621399,366.0
2024-07-03 11:13:00,NRIX,19.684999465942383,19.684999465942383,19.709999084472656,19.684999465942383,19.709999084472656,288.0
2024-07-03 11:13:00,NTLA,22.559999465942383,22.559999465942383,22.559999465942383,22.530500411987305,22.530500411987305,1721.0
2024-07-03 11:13:00,NTRA,111.45010375976562,111.45010375976562,111.45010375976562,111.45010375976562,111.45010375976562,190.0
2024-07-03 11:13:00,NVAX,12.720000267028809,12.720000267028809,12.729999542236328,12.670000076293945,12.670000076293945,15219.0
2024-07-03 11:13:00,NVCR,16.764999389648438,16.764999389648438,16.764999389648438,16.75,16.75,1733.0
2024-07-03 11:13:00,NXL,1.3982000350952148,1.3982000350952148,1.399399995803833,1.3982000350952148,1.399399995803833,405.0
2024-07-03 11:13:00,NXTC,1.590000033378601,1.590000033378601,1.590000033378601,1.5800000429153442,1.5850000381469727,728.0
2024-07-03 11:13:00,OCGN,1.625,1.625,1.6298999786376953,1.625,1.625,1341.0
2024-07-03 11:13:00,OCUL,6.690000057220459,6.690000057220459,6.715000152587891,6.690000057220459,6.710000038146973,7222.0
2024-07-03 11:13:00,OGI,1.5750000476837158,1.5750000476837158,1.5750000476837158,1.5750000476837158,1.5750000476837158,1770.0
2024-07-03 11:13:00,OLK,25.772499084472656,25.772499084472656,25.772499084472656,25.772499084472656,25.772499084472656,0.0
2024-07-03 11:13:00,OLMA,10.630000114440918,10.630000114440918,10.630000114440918,10.630000114440918,10.630000114440918,1254.0
2024-07-03 11:13:00,OM,3.859999895095825,3.859999895095825,3.859999895095825,3.8499999046325684,3.8550000190734863,5451.0
2024-07-03 11:13:00,OMCL,26.545000076293945,26.545000076293945,26.545000076293945,26.545000076293945,26.545000076293945,597.0
2024-07-03 11:13:00,OMER,3.880000114440918,3.880000114440918,3.880000114440918,3.880000114440918,3.880000114440918,685.0
2024-07-03 11:13:00,OMGA,1.9800000190734863,1.9800000190734863,1.9900000095367432,1.9800000190734863,1.9900000095367432,200.0
2024-07-03 11:14:00,ABCL,2.740000009536743,2.740000009536743,2.740000009536743,2.7397000789642334,2.7397000789642334,349.0
2024-07-03 11:14:00,ABSI,3.2090001106262207,3.2090001106262207,3.2100000381469727,3.2090001106262207,3.2100000381469727,327.0
2024-07-03 11:14:00,ABUS,3.1549999713897705,3.1549999713897705,3.1600000858306885,3.150099992752075,3.1600000858306885,1220.0
2024-07-03 11:14:00,ACB,4.881899833679199,4.881899833679199,4.885000228881836,4.880099773406982,4.885000228881836,937.0
2024-07-03 11:14:00,ACCD,3.5450000762939453,3.5450000762939453,3.549999952316284,3.5399999618530273,3.5450000762939453,2329.0
2024-07-03 11:14:00,ACET,1.0499999523162842,1.0499999523162842,1.0549999475479126,1.0499999523162842,1.0549999475479126,1297.0
2024-07-03 11:14:00,ACHC,66.33000183105469,66.33000183105469,66.33000183105469,66.33000183105469,66.33000183105469,764.0
2024-07-03 11:14:00,ACHV,4.494999885559082,4.494999885559082,4.494999885559082,4.494999885559082,4.494999885559082,223.0
2024-07-03 11:14:00,ACLX,54.029998779296875,54.029998779296875,54.029998779296875,54.029998779296875,54.029998779296875,201.0
2024-07-03 11:14:00,ACRS,1.149999976158142,1.149999976158142,1.149999976158142,1.149999976158142,1.149999976158142,568.0
2024-07-03 11:14:00,ADAP,1.0199999809265137,1.0199999809265137,1.0199999809265137,1.0199999809265137,1.0199999809265137,300.0
2024-07-03 11:14:00,ADMA,11.25,11.25,11.255599975585938,11.25,11.255000114440918,2916.0
2024-07-03 11:14:00,ADPT,3.3949999809265137,3.3949999809265137,3.3987998962402344,3.3949999809265137,3.3987998962402344,530.0
2024-07-03 11:14:00,ADTX,1.4900000095367432,1.4900000095367432,1.4900000095367432,1.48989999294281,1.48989999294281,2978.0
2024-07-03 11:14:00,AEMD,0.4113999903202057,0.4113999903202057,0.4113999903202057,0.4113999903202057,0.4113999903202057,18047.0
2024-07-03 11:14:00,AGEN,14.350000381469727,14.350000381469727,14.350000381469727,14.350000381469727,14.350000381469727,2477.0
2024-07-03 11:14:00,AGIO,41.81999969482422,41.81999969482422,41.81999969482422,41.81999969482422,41.81999969482422,779.0
2024-07-03 11:14:00,AHCO,9.805000305175781,9.805000305175781,9.8100004196167,9.800000190734863,9.805000305175781,1514.0
2024-07-03 11:14:00,AKBA,0.9415000081062317,0.9415000081062317,0.9434000253677368,0.9412000179290771,0.9412000179290771,13602.0
2024-07-03 11:14:00,ALDX,3.170099973678589,3.170099973678589,3.170099973678589,3.170099973678589,3.170099973678589,1062.0
2024-07-03 11:14:00,ALEC,4.439799785614014,4.439799785614014,4.440000057220459,4.439799785614014,4.440000057220459,1460.0
2024-07-03 11:14:00,ALGN,238.9506072998047,238.9506072998047,239.0399932861328,238.9506072998047,238.9600067138672,3230.0
2024-07-03 11:14:00,ALIM,5.525000095367432,5.525000095367432,5.525000095367432,5.525000095367432,5.525000095367432,935.0
2024-07-03 11:14:00,ALKS,24.280000686645508,24.280000686645508,24.280000686645508,24.280000686645508,24.280000686645508,130.0
2024-07-03 11:14:00,ALLK,0.8424999713897705,0.8424999713897705,0.8427000045776367,0.8424999713897705,0.8427000045776367,812.0
2024-07-03 11:14:00,ALLO,2.134999990463257,2.134999990463257,2.134999990463257,2.134999990463257,2.134999990463257,2875.0
2024-07-03 11:14:00,ALLR,0.20250000059604645,0.20250000059604645,0.20250000059604645,0.20250000059604645,0.20250000059604645,2866.0
2024-07-03 11:14:00,ALNY,246.5399932861328,246.5399932861328,246.5399932861328,246.27000427246094,246.27000427246094,2397.0
2024-07-03 11:14:00,ALT,6.659999847412109,6.659999847412109,6.679999828338623,6.659999847412109,6.670000076293945,3163.0
2024-07-03 11:14:00,ALVOW,3.0999999046325684,3.0999999046325684,3.109999895095825,3.0999999046325684,3.109999895095825,393.0
2024-07-03 11:14:00,ALVR,0.7357000112533569,0.7357000112533569,0.7357000112533569,0.7357000112533569,0.7357000112533569,153.0
2024-07-03 11:14:00,ALXO,5.885000228881836,5.885000228881836,5.894999980926514,5.880000114440918,5.88070011138916,5089.0
2024-07-03 11:14:00,AMED,96.9800033569336,96.9800033569336,97.01499938964844,96.94999694824219,96.94999694824219,873.0
2024-07-03 11:14:00,AMGN,306.92498779296875,306.92498779296875,306.92999267578125,306.7699890136719,306.92999267578125,2109.0
2024-07-03 11:14:00,AMLX,1.743499994277954,1.743499994277954,1.7450000047683716,1.7400000095367432,1.7450000047683716,3662.0
2024-07-03 11:14:00,AMPH,38.380001068115234,38.380001068115234,38.380001068115234,38.369998931884766,38.369998931884766,1953.0
2024-07-03 11:14:00,AMRN,0.6949999928474426,0.6949999928474426,0.6949999928474426,0.6949999928474426,0.6949999928474426,50176.0
2024-07-03 11:14:00,ANNX,4.795000076293945,4.795000076293945,4.804999828338623,4.789999961853027,4.804999828338623,6139.0
2024-07-03 11:14:00,ANTX,2.5399999618530273,2.5399999618530273,2.5399999618530273,2.5399999618530273,2.5399999618530273,232.0
2024-07-03 11:14:00,APLS,35.630001068115234,35.630001068115234,35.66999816894531,35.619998931884766,35.619998931884766,934.0
2024-07-03 11:14:00,APLT,4.349999904632568,4.349999904632568,4.360000133514404,4.349999904632568,4.360000133514404,1273.0
2024-07-03 11:14:00,AQST,2.4000000953674316,2.4000000953674316,2.4000000953674316,2.4000000953674316,2.4000000953674316,756.0
2024-07-03 11:14:00,ARCT,21.469999313354492,21.469999313354492,21.489999771118164,21.420000076293945,21.420000076293945,771.0
2024-07-03 11:14:00,ARDX,5.204999923706055,5.204999923706055,5.204999923706055,5.195000171661377,5.195000171661377,12241.0
2024-07-03 11:14:00,ARQT,9.675000190734863,9.675000190734863,9.679800033569336,9.675000190734863,9.675000190734863,1368.0
2024-07-03 11:14:00,ARVN,24.280000686645508,24.280000686645508,24.299999237060547,24.280000686645508,24.299999237060547,2332.0
2024-07-03 11:14:00,ARWR,25.4689998626709,25.4689998626709,25.479999542236328,25.46500015258789,25.46500015258789,609.0
2024-07-03 11:14:00,ASMB,11.800000190734863,11.800000190734863,12.072999954223633,11.800000190734863,11.920000076293945,1994.0
2024-07-03 11:14:00,ASND,136.4199981689453,136.4199981689453,136.4199981689453,136.4199981689453,136.4199981689453,381.0
2024-07-03 11:14:00,ASRT,1.3100999593734741,1.3100999593734741,1.320099949836731,1.3100999593734741,1.3200000524520874,13812.0
2024-07-03 11:14:00,ATAI,1.284999966621399,1.284999966621399,1.284999966621399,1.284999966621399,1.284999966621399,508.0
2024-07-03 11:14:00,ATEC,9.944999694824219,9.944999694824219,9.949999809265137,9.9399995803833,9.949999809265137,1354.0
2024-07-03 11:14:00,ATOS,1.1549999713897705,1.1549999713897705,1.1549999713897705,1.1549999713897705,1.1549999713897705,2184.0
2024-07-03 11:14:00,AUGX,1.0,1.0,1.0,1.0,1.0,100.0
2024-07-03 11:14:00,AUPH,5.465000152587891,5.465000152587891,5.465000152587891,5.465000152587891,5.465000152587891,309.0
2024-07-03 11:14:00,AURA,7.010000228881836,7.010000228881836,7.019999980926514,7.010000228881836,7.019999980926514,1357.0
2024-07-03 11:14:00,AUTL,3.4600000381469727,3.4600000381469727,3.4600000381469727,3.4600000381469727,3.4600000381469727,295.0
2024-07-03 11:14:00,AVDL,14.3100004196167,14.3100004196167,14.3100004196167,14.3100004196167,14.3100004196167,232.0
2024-07-03 11:14:00,AVXL,4.230000019073486,4.230000019073486,4.230000019073486,4.230000019073486,4.230000019073486,322.0
2024-07-03 11:14:00,AXNX,67.5199966430664,67.5199966430664,67.5199966430664,67.5082015991211,67.5082015991211,473.0
2024-07-03 11:14:00,AXSM,79.77980041503906,79.77980041503906,79.79810333251953,79.77980041503906,79.79810333251953,352.0
2024-07-03 11:14:00,AZN,76.62999725341797,76.62999725341797,76.63999938964844,76.58000183105469,76.58000183105469,10177.0
2024-07-03 11:14:00,BBIO,25.3799991607666,25.3799991607666,25.3799991607666,25.364999771118164,25.364999771118164,12813.0
2024-07-03 11:14:00,BCAB,1.375,1.375,1.375,1.375,1.375,1851.0
2024-07-03 11:14:00,BCRX,6.519999980926514,6.519999980926514,6.519999980926514,6.519999980926514,6.519999980926514,4034.0
2024-07-03 11:14:00,BDTX,4.340000152587891,4.340000152587891,4.340000152587891,4.340000152587891,4.340000152587891,1127.0
2024-07-03 11:14:00,BEAM,23.829999923706055,23.829999923706055,23.829999923706055,23.770000457763672,23.799999237060547,3632.0
2024-07-03 11:14:00,BGXX,0.2648000121116638,0.2648000121116638,0.26649999618530273,0.2648000121116638,0.26570001244544983,1642.0
2024-07-03 11:14:00,BIIB,223.25999450683594,223.25999450683594,223.42999267578125,223.15499877929688,223.38999938964844,5094.0
2024-07-03 11:14:00,BIOR,0.6207000017166138,0.6207000017166138,0.6207000017166138,0.6207000017166138,0.6207000017166138,1790.0
2024-07-03 11:14:00,BLFS,19.690000534057617,19.690000534057617,19.690000534057617,19.690000534057617,19.690000534057617,128.0
2024-07-03 11:14:00,BLUE,0.9318000078201294,0.9318000078201294,0.9348999857902527,0.9312999844551086,0.9323999881744385,17706.0
2024-07-03 11:14:00,BMEA,4.409999847412109,4.409999847412109,4.409999847412109,4.400000095367432,4.409999847412109,2351.0
2024-07-03 11:14:00,BMRN,81.15499877929688,81.15499877929688,81.15499877929688,81.15499877929688,81.15499877929688,589.0
2024-07-03 11:14:00,BNTX,79.8551025390625,79.8551025390625,79.8551025390625,79.8551025390625,79.8551025390625,200.0
2024-07-03 11:14:00,BPMC,110.80000305175781,110.80000305175781,110.80000305175781,110.80000305175781,110.80000305175781,358.0
2024-07-03 11:14:00,BRKR,61.65999984741211,61.65999984741211,61.65999984741211,61.65999984741211,61.65999984741211,285.0
2024-07-03 11:14:00,BTMD,7.420000076293945,7.420000076293945,7.420000076293945,7.420000076293945,7.420000076293945,1227.0
2024-07-03 11:14:00,CABA,7.639999866485596,7.639999866485596,7.650000095367432,7.639999866485596,7.650000095367432,2515.0
2024-07-03 11:14:00,CADL,6.300000190734863,6.300000190734863,6.300000190734863,6.300000190734863,6.300000190734863,225.0
2024-07-03 11:14:00,CCCC,4.690000057220459,4.690000057220459,4.699999809265137,4.690000057220459,4.699999809265137,5039.0
2024-07-03 11:14:00,CDMO,7.53000020980835,7.53000020980835,7.579999923706055,7.53000020980835,7.559999942779541,5931.0
2024-07-03 11:14:00,CERE,41.43000030517578,41.43000030517578,41.43000030517578,41.415000915527344,41.415000915527344,727.0
2024-07-03 11:14:00,CERT,13.8100004196167,13.8100004196167,13.8100004196167,13.800000190734863,13.800000190734863,902.0
2024-07-03 11:14:00,CGC,6.559100151062012,6.559100151062012,6.559999942779541,6.554999828338623,6.554999828338623,7977.0
2024-07-03 11:14:00,CGEM,16.969999313354492,16.969999313354492,16.969999313354492,16.969999313354492,16.969999313354492,928.0
2024-07-03 11:14:00,CHRS,1.3949999809265137,1.3949999809265137,1.3949999809265137,1.3949999809265137,1.3949999809265137,184.0
2024-07-03 11:14:00,CLDX,36.505001068115234,36.505001068115234,36.529998779296875,36.505001068115234,36.529998779296875,818.0
2024-07-03 11:14:00,CLOV,1.2491999864578247,1.2491999864578247,1.2491999864578247,1.2450000047683716,1.2450000047683716,2800.0
2024-07-03 11:14:00,CMAX,2.1236000061035156,2.1236000061035156,2.1236000061035156,2.1236000061035156,2.1236000061035156,1886.0
2024-07-03 11:14:00,CNTA,8.779999732971191,8.779999732971191,8.779999732971191,8.770000457763672,8.770000457763672,4679.0
2024-07-03 11:14:00,COGT,8.4399995803833,8.4399995803833,8.4399995803833,8.420000076293945,8.420000076293945,776.0
2024-07-03 11:14:00,COLL,32.34000015258789,32.34000015258789,32.34000015258789,32.31999969482422,32.31999969482422,494.0
2024-07-03 11:14:00,CORT,30.584999084472656,30.584999084472656,30.600000381469727,30.579999923706055,30.579999923706055,1504.0
2024-07-03 11:14:00,COSM,0.949999988079071,0.949999988079071,0.958899974822998,0.949999988079071,0.949999988079071,2400.0
2024-07-03 11:14:00,CPRX,15.460000038146973,15.460000038146973,15.460000038146973,15.460000038146973,15.460000038146973,751.0
2024-07-03 11:14:00,CRBP,49.154998779296875,49.154998779296875,49.154998779296875,49.154998779296875,49.154998779296875,452.0
2024-07-03 11:14:00,CRBU,1.5800000429153442,1.5800000429153442,1.590000033378601,1.5800000429153442,1.590000033378601,501.0
2024-07-03 11:14:00,CRDL,1.920799970626831,1.920799970626831,1.920799970626831,1.920799970626831,1.920799970626831,1472.0
2024-07-03 11:14:00,CRIS,6.460000038146973,6.460000038146973,6.460000038146973,6.460000038146973,6.460000038146973,54.0
2024-07-03 11:14:00,CRMD,4.144999980926514,4.144999980926514,4.144999980926514,4.144999980926514,4.144999980926514,168.0
2024-07-03 11:14:00,CRNX,45.060001373291016,45.060001373291016,45.09000015258789,45.060001373291016,45.09000015258789,916.0
2024-07-03 11:14:00,CRON,2.305000066757202,2.305000066757202,2.309999942779541,2.2950000762939453,2.299999952316284,42997.0
2024-07-03 11:14:00,CRSP,54.02989959716797,54.02989959716797,54.02989959716797,53.91999816894531,54.0,1716.0
2024-07-03 11:14:00,CTKB,5.639999866485596,5.639999866485596,5.639999866485596,5.630000114440918,5.639999866485596,2231.0
2024-07-03 11:14:00,CTMX,1.3350000381469727,1.3350000381469727,1.3350000381469727,1.3300000429153442,1.3300000429153442,4992.0
2024-07-03 11:14:00,CUE,1.0,1.0,1.0,1.0,1.0,202.0
2024-07-03 11:14:00,CUTR,1.3250000476837158,1.3250000476837158,1.3250000476837158,1.3200000524520874,1.3200000524520874,461.0
2024-07-03 11:14:00,CVAC,3.389899969100952,3.389899969100952,3.389899969100952,3.380000114440918,3.380000114440918,1242.0
2024-07-03 11:14:00,CYTK,55.0,55.0,55.0,54.935001373291016,54.97999954223633,560.0
2024-07-03 11:14:00,DAWN,13.380000114440918,13.380000114440918,13.40999984741211,13.380000114440918,13.40999984741211,1905.0
2024-07-03 11:14:00,DNLI,21.5226993560791,21.5226993560791,21.5226993560791,21.520000457763672,21.520000457763672,1353.0
2024-07-03 11:14:00,DVAX,11.098999977111816,11.098999977111816,11.098999977111816,11.09000015258789,11.09000015258789,1690.0
2024-07-03 11:14:00,DXCM,110.375,110.375,110.38999938964844,110.33499908447266,110.37999725341797,3862.0
2024-07-03 11:14:00,DYN,34.47999954223633,34.47999954223633,34.4900016784668,34.470001220703125,34.470001220703125,829.0
2024-07-03 11:14:00,EDIT,4.65500020980835,4.65500020980835,4.65500020980835,4.65500020980835,4.65500020980835,829.0
2024-07-03 11:14:00,ELDN,2.4100000858306885,2.4100000858306885,2.4100000858306885,2.4100000858306885,2.4100000858306885,4343.0
2024-07-03 11:14:00,ELEV,2.6600000858306885,2.6600000858306885,2.6600000858306885,2.6600000858306885,2.6600000858306885,129.0
2024-07-03 11:14:00,ELYM,6.809999942779541,6.809999942779541,6.809999942779541,6.75,6.75,567.0
2024-07-03 11:14:00,ENSG,126.21499633789062,126.21499633789062,126.31999969482422,126.12000274658203,126.30999755859375,2028.0
2024-07-03 11:14:00,EOLS,10.859999656677246,10.859999656677246,10.859999656677246,10.850000381469727,10.859999656677246,489.0
2024-07-03 11:14:00,ERAS,2.259999990463257,2.259999990463257,2.259999990463257,2.259999990463257,2.259999990463257,550.0
2024-07-03 11:14:00,ESPR,2.3499999046325684,2.3499999046325684,2.3499999046325684,2.3450000286102295,2.347100019454956,6481.0
2024-07-03 11:14:00,ESTA,43.209999084472656,43.209999084472656,43.209999084472656,43.209999084472656,43.209999084472656,216.0
2024-07-03 11:14:00,ETNB,7.550000190734863,7.550000190734863,7.550000190734863,7.550000190734863,7.550000190734863,174.0
2024-07-03 11:14:00,EWTX,18.18000030517578,18.18000030517578,18.18000030517578,18.18000030517578,18.18000030517578,541.0
2024-07-03 11:14:00,EXAI,5.449999809265137,5.449999809265137,5.449999809265137,5.449999809265137,5.449999809265137,2909.0
2024-07-03 11:14:00,EXAS,43.150001525878906,43.150001525878906,43.150001525878906,43.150001525878906,43.150001525878906,638.0
2024-07-03 11:14:00,EXEL,21.979999542236328,21.979999542236328,22.0,21.979999542236328,21.989900588989258,3586.0
2024-07-03 11:14:00,EYEN,0.7756999731063843,0.7756999731063843,0.7756999731063843,0.7756999731063843,0.7756999731063843,407.0
2024-07-03 11:14:00,EYPT,8.345000267028809,8.345000267028809,8.359999656677246,8.345000267028809,8.359999656677246,210.0
2024-07-03 11:14:00,FATE,3.200000047683716,3.200000047683716,3.2049999237060547,3.194999933242798,3.194999933242798,2707.0
2024-07-03 11:14:00,FGEN,0.7184000015258789,0.7184000015258789,0.7184000015258789,0.7127000093460083,0.7156000137329102,0.0
2024-07-03 11:14:00,FHTX,5.510000228881836,5.510000228881836,5.510000228881836,5.510000228881836,5.510000228881836,100.0
2024-07-03 11:14:00,FLGC,0.949999988079071,0.949999988079071,0.949999988079071,0.949999988079071,0.949999988079071,3115.0
2024-07-03 11:14:00,FOLD,9.890000343322754,9.890000343322754,9.895000457763672,9.890000343322754,9.895000457763672,1578.0
2024-07-03 11:14:00,FULC,6.170000076293945,6.170000076293945,6.170000076293945,6.150000095367432,6.159999847412109,2230.0
2024-07-03 11:14:00,GDRX,7.864999771118164,7.864999771118164,7.875,7.864999771118164,7.875,1117.0
2024-07-03 11:14:00,GERN,4.315000057220459,4.315000057220459,4.315000057220459,4.315000057220459,4.315000057220459,2970.0
2024-07-03 11:14:00,GH,28.21500015258789,28.21500015258789,28.21500015258789,28.19499969482422,28.19499969482422,1856.0
2024-07-03 11:14:00,GILD,66.9000015258789,66.9000015258789,66.9000015258789,66.85009765625,66.88999938964844,27616.0
2024-07-03 11:14:00,GMAB,25.190000534057617,25.190000534057617,25.190000534057617,25.190000534057617,25.190000534057617,140.0
2024-07-03 11:14:00,GOSS,0.9398000240325928,0.9398000240325928,0.9398000240325928,0.9398000240325928,0.9398000240325928,380.0
2024-07-03 11:14:00,GOVX,2.984999895095825,2.984999895095825,2.9899001121520996,2.9739999771118164,2.9739999771118164,8557.0
2024-07-03 11:14:00,GRFS,6.670000076293945,6.670000076293945,6.670000076293945,6.670000076293945,6.670000076293945,650.0
2024-07-03 11:14:00,GRTS,0.5831000208854675,0.5831000208854675,0.5831000208854675,0.5830000042915344,0.5830000042915344,12853.0
2024-07-03 11:14:00,HALO,51.689998626708984,51.689998626708984,51.70000076293945,51.66999816894531,51.66999816894531,3118.0
2024-07-03 11:14:00,HOLX,73.30000305175781,73.30000305175781,73.30419921875,73.29000091552734,73.29000091552734,1880.0
2024-07-03 11:14:00,HQY,83.01000213623047,83.01000213623047,83.01000213623047,82.98500061035156,82.98500061035156,968.0
2024-07-03 11:14:00,HRMY,30.15999984741211,30.15999984741211,30.15999984741211,30.15999984741211,30.15999984741211,2411.0
2024-07-03 11:14:00,HROW,21.709999084472656,21.709999084472656,21.709999084472656,21.709999084472656,21.709999084472656,1502.0
2024-07-03 11:14:00,HRTX,2.7850000858306885,2.7850000858306885,2.7892000675201416,2.7850000858306885,2.7850000858306885,1641.0
2024-07-03 11:14:00,HSCS,4.841300010681152,4.841300010681152,4.841300010681152,4.841300010681152,4.841300010681152,379.0
2024-07-03 11:14:00,HSIC,65.08999633789062,65.08999633789062,65.08999633789062,65.08999633789062,65.08999633789062,1197.0
2024-07-03 11:14:00,HUGE,0.14339999854564667,0.14339999854564667,0.14380000531673431,0.14339999854564667,0.14380000531673431,0.0
2024-07-03 11:14:00,HUMA,5.690000057220459,5.690000057220459,5.690000057220459,5.665800094604492,5.679900169372559,7102.0
2024-07-03 11:14:00,IART,28.739999771118164,28.739999771118164,28.739999771118164,28.739999771118164,28.739999771118164,182.0
2024-07-03 11:14:00,IBRX,6.260000228881836,6.260000228881836,6.260000228881836,6.260000228881836,6.260000228881836,564.0
2024-07-03 11:14:00,ICLR,317.69000244140625,317.69000244140625,317.69000244140625,317.42498779296875,317.42498779296875,3416.0
2024-07-03 11:14:00,IDYA,33.53499984741211,33.53499984741211,33.53499984741211,33.53499984741211,33.53499984741211,315.0
2024-07-03 11:14:00,IGMS,6.510000228881836,6.510000228881836,6.510000228881836,6.510000228881836,6.510000228881836,759.0
2024-07-03 11:14:00,IKNA,1.6349999904632568,1.6349999904632568,1.6349999904632568,1.6349999904632568,1.6349999904632568,23.0
2024-07-03 11:14:00,ILMN,105.37999725341797,105.37999725341797,105.48999786376953,105.37000274658203,105.48999786376953,2703.0
2024-07-03 11:14:00,IMAB,1.5299999713897705,1.5299999713897705,1.5299999713897705,1.5299999713897705,1.5299999713897705,490.0
2024-07-03 11:14:00,IMMX,2.430000066757202,2.430000066757202,2.4600000381469727,2.3901000022888184,2.4600000381469727,8081.0
2024-07-03 11:14:00,IMRX,1.1399999856948853,1.1399999856948853,1.1399999856948853,1.1299999952316284,1.1299999952316284,6850.0
2024-07-03 11:14:00,INCY,57.70000076293945,57.70000076293945,57.709999084472656,57.63999938964844,57.63999938964844,4616.0
2024-07-03 11:14:00,INMB,7.925000190734863,7.925000190734863,7.925000190734863,7.925000190734863,7.925000190734863,423.0
2024-07-03 11:14:00,INMD,17.548999786376953,17.548999786376953,17.549999237060547,17.548999786376953,17.549999237060547,1065.0
2024-07-03 11:14:00,INO,8.380000114440918,8.380000114440918,8.380000114440918,8.380000114440918,8.380000114440918,2022.0
2024-07-03 11:14:00,INSM,62.07500076293945,62.07500076293945,62.130001068115234,62.02000045776367,62.02000045776367,10245.0
2024-07-03 11:14:00,IONM,0.32359999418258667,0.32359999418258667,0.32359999418258667,0.32359999418258667,0.32359999418258667,3941.0
2024-07-03 11:14:00,IONS,44.61000061035156,44.61000061035156,44.61000061035156,44.59000015258789,44.59000015258789,1124.0
2024-07-03 11:14:00,IOVA,7.605000019073486,7.605000019073486,7.610000133514404,7.605000019073486,7.610000133514404,11076.0
2024-07-03 11:14:00,IRTC,95.61250305175781,95.61250305175781,95.61250305175781,95.06999969482422,95.06999969482422,4117.0
2024-07-03 11:14:00,IRWD,6.135000228881836,6.135000228881836,6.135000228881836,6.135000228881836,6.135000228881836,1217.0
2024-07-03 11:14:00,ISRG,434.2449951171875,434.2449951171875,434.2449951171875,434.2449951171875,434.2449951171875,148.0
2024-07-03 11:14:00,ITCI,68.2300033569336,68.2300033569336,68.30000305175781,68.2300033569336,68.30000305175781,546.0
2024-07-03 11:14:00,IVVD,1.1150000095367432,1.1150000095367432,1.1150000095367432,1.1150000095367432,1.1150000095367432,468.0
2024-07-03 11:14:00,JANX,37.81999969482422,37.81999969482422,37.81999969482422,37.814998626708984,37.814998626708984,663.0
2024-07-03 11:14:00,KPTI,0.8429999947547913,0.8429999947547913,0.8429999947547913,0.8364999890327454,0.8364999890327454,15888.0
2024-07-03 11:14:00,KTRA,0.2870999872684479,0.2870999872684479,0.289000004529953,0.28610000014305115,0.289000004529953,58287.0
2024-07-03 11:14:00,KZR,0.5710999965667725,0.5710999965667725,0.5710999965667725,0.5710999965667725,0.5710999965667725,884.0
2024-07-03 11:14:00,LAB,1.7999999523162842,1.7999999523162842,1.7999999523162842,1.7899999618530273,1.7999999523162842,469.0
2024-07-03 11:14:00,LBPH,32.52009963989258,32.52009963989258,32.52009963989258,32.52009963989258,32.52009963989258,313.0
2024-07-03 11:14:00,LEGN,45.970001220703125,45.970001220703125,45.974998474121094,45.970001220703125,45.974998474121094,1349.0
2024-07-03 11:14:00,LFMD,6.760000228881836,6.760000228881836,6.760000228881836,6.760000228881836,6.760000228881836,347.0
2024-07-03 11:14:00,LFST,5.099999904632568,5.099999904632568,5.099999904632568,5.09499979019165,5.099999904632568,3498.0
2024-07-03 11:14:00,LGVN,1.6050000190734863,1.6050000190734863,1.6050000190734863,1.600000023841858,1.6050000190734863,1400.0
2024-07-03 11:14:00,LIVN,52.70000076293945,52.70000076293945,52.7400016784668,52.70000076293945,52.7400016784668,871.0
2024-07-03 11:14:00,LMAT,81.0999984741211,81.0999984741211,81.0999984741211,81.0999984741211,81.0999984741211,150.0
2024-07-03 11:14:00,LNTH,79.4000015258789,79.4000015258789,79.4000015258789,79.4000015258789,79.4000015258789,524.0
2024-07-03 11:14:00,LOGC,5.760000228881836,5.760000228881836,5.760000228881836,5.755000114440918,5.755000114440918,228.0
2024-07-03 11:14:00,LUCY,0.46700000762939453,0.46700000762939453,0.46700000762939453,0.4634999930858612,0.4634999930858612,2326.0
2024-07-03 11:14:00,LXRX,1.600000023841858,1.600000023841858,1.600000023841858,1.600000023841858,1.600000023841858,3468.0
2024-07-03 11:14:00,LYEL,1.5099999904632568,1.5099999904632568,1.5099999904632568,1.5099999904632568,1.5099999904632568,1069.0
2024-07-03 11:14:00,MBIO,0.49559998512268066,0.49559998512268066,0.49619999527931213,0.49559998512268066,0.49570000171661377,10356.0
2024-07-03 11:14:00,MBOT,1.0499999523162842,1.0499999523162842,1.0499999523162842,1.0499999523162842,1.0499999523162842,1003.0
2024-07-03 11:14:00,MCRB,0.7196000218391418,0.7196000218391418,0.7196000218391418,0.7196000218391418,0.7196000218391418,503.0
2024-07-03 11:14:00,MDGL,272.3599853515625,272.3599853515625,272.3599853515625,272.3599853515625,272.3599853515625,1428.0
2024-07-03 11:14:00,ME,0.4047999978065491,0.4047999978065491,0.4047999978065491,0.4043000042438507,0.4043000042438507,3806.0
2024-07-03 11:14:00,MGNX,4.25,4.25,4.25,4.25,4.25,856.0
2024-07-03 11:14:00,MMSI,85.91999816894531,85.91999816894531,85.91999816894531,85.91999816894531,85.91999816894531,509.0
2024-07-03 11:14:00,MNKD,5.050000190734863,5.050000190734863,5.050000190734863,5.050000190734863,5.050000190734863,3245.0
2024-07-03 11:14:00,MNMD,7.239999771118164,7.239999771118164,7.239999771118164,7.239999771118164,7.239999771118164,578.0
2024-07-03 11:14:00,MORF,31.81999969482422,31.81999969482422,31.81999969482422,31.81999969482422,31.81999969482422,117.0
2024-07-03 11:14:00,MRNA,115.70809936523438,115.70809936523438,115.7249984741211,115.63999938964844,115.63999938964844,2588.0
2024-07-03 11:14:00,MRSN,1.8799999952316284,1.8799999952316284,1.8799999952316284,1.8799999952316284,1.8799999952316284,403.0
2024-07-03 11:14:00,MTEM,1.2100000381469727,1.2100000381469727,1.2100000381469727,1.2100000381469727,1.2100000381469727,2006.0
2024-07-03 11:14:00,MXCT,3.684999942779541,3.684999942779541,3.684999942779541,3.680000066757202,3.680000066757202,1326.0
2024-07-03 11:14:00,MYGN,25.05500030517578,25.05500030517578,25.05500030517578,25.05500030517578,25.05500030517578,855.0
2024-07-03 11:14:00,MYNZ,0.3499999940395355,0.3499999940395355,0.3499999940395355,0.3499999940395355,0.3499999940395355,596.0
2024-07-03 11:14:00,NARI,49.45750045776367,49.45750045776367,49.45750045776367,49.31999969482422,49.31999969482422,3902.0
2024-07-03 11:14:00,NBIX,138.16000366210938,138.16000366210938,138.19000244140625,138.02999877929688,138.02999877929688,1790.0
2024-07-03 11:14:00,NDRA,0.0908999964594841,0.0908999964594841,0.09099999815225601,0.08829999715089798,0.08879999816417694,417785.0
2024-07-03 11:14:00,NEO,13.609999656677246,13.609999656677246,13.609999656677246,13.609999656677246,13.609999656677246,376.0
2024-07-03 11:14:00,NEOG,15.226200103759766,15.226200103759766,15.226200103759766,15.226200103759766,15.226200103759766,1240.0
2024-07-03 11:14:00,NKTX,5.320000171661377,5.320000171661377,5.329999923706055,5.320000171661377,5.329999923706055,1235.0
2024-07-03 11:14:00,NNOX,7.0,7.0,7.014400005340576,7.0,7.010000228881836,3884.0
2024-07-03 11:14:00,NRBO,4.639999866485596,4.639999866485596,4.639999866485596,4.639999866485596,4.639999866485596,200.0
2024-07-03 11:14:00,NRC,22.899999618530273,22.899999618530273,22.899999618530273,22.850000381469727,22.8700008392334,1366.0
2024-07-03 11:14:00,NRIX,19.709999084472656,19.709999084472656,19.709999084472656,19.709999084472656,19.709999084472656,1000.0
2024-07-03 11:14:00,NTLA,22.579999923706055,22.579999923706055,22.579999923706055,22.565000534057617,22.565000534057617,1343.0
2024-07-03 11:14:00,NTRA,111.58000183105469,111.58000183105469,111.58000183105469,111.58000183105469,111.58000183105469,621.0
2024-07-03 11:14:00,NUVL,71.54000091552734,71.54000091552734,71.54000091552734,71.48999786376953,71.48999786376953,1450.0
2024-07-03 11:14:00,NUWE,3.890000104904175,3.890000104904175,3.890000104904175,3.890000104904175,3.890000104904175,1152.0
2024-07-03 11:14:00,NVAX,12.729900360107422,12.729900360107422,12.739999771118164,12.720000267028809,12.720000267028809,14120.0
2024-07-03 11:14:00,OCGN,1.625,1.625,1.625,1.625,1.625,5739.0
2024-07-03 11:14:00,OCUL,6.684999942779541,6.684999942779541,6.684999942779541,6.684999942779541,6.684999942779541,656.0
2024-07-03 11:14:00,OM,3.890000104904175,3.890000104904175,3.890000104904175,3.890000104904175,3.890000104904175,309.0
2024-07-03 11:14:00,OMGA,1.9900000095367432,1.9900000095367432,1.9900000095367432,1.9800000190734863,1.9800000190734863,721.0
2024-07-03 11:15:00,ABCL,2.734999895095825,2.734999895095825,2.740000009536743,2.73009991645813,2.740000009536743,5998.0
2024-07-03 11:15:00,ABEO,4.260000228881836,4.260000228881836,4.260000228881836,4.260000228881836,4.260000228881836,1943.0
2024-07-03 11:15:00,ABSI,3.2249999046325684,3.2249999046325684,3.2249999046325684,3.2100000381469727,3.2100000381469727,3098.0
2024-07-03 11:15:00,ACAD,15.625,15.625,15.630000114440918,15.609999656677246,15.609999656677246,6941.0
2024-07-03 11:15:00,ACB,4.851500034332275,4.851500034332275,4.880000114440918,4.851500034332275,4.880000114440918,9118.0
2024-07-03 11:15:00,ACCD,3.548799991607666,3.548799991607666,3.549999952316284,3.5450000762939453,3.549999952316284,3030.0
2024-07-03 11:15:00,ACET,1.0549999475479126,1.0549999475479126,1.0592999458312988,1.0499999523162842,1.0499999523162842,2817.0
2024-07-03 11:15:00,ACLX,53.95000076293945,53.95000076293945,54.029998779296875,53.95000076293945,54.029998779296875,1404.0
2024-07-03 11:15:00,ACRS,1.149999976158142,1.149999976158142,1.149999976158142,1.149999976158142,1.149999976158142,3308.0
2024-07-03 11:15:00,ADAP,1.024999976158142,1.024999976158142,1.024999976158142,1.0199999809265137,1.0199999809265137,401.0
2024-07-03 11:15:00,ADMA,11.25,11.25,11.255000114440918,11.244999885559082,11.25,5061.0
2024-07-03 11:15:00,ADPT,3.3949999809265137,3.3949999809265137,3.3949999809265137,3.3949999809265137,3.3949999809265137,106.0
2024-07-03 11:15:00,ADVM,7.070000171661377,7.070000171661377,7.070000171661377,7.070000171661377,7.070000171661377,519.0
2024-07-03 11:15:00,AEMD,0.4113999903202057,0.4113999903202057,0.4113999903202057,0.4113999903202057,0.4113999903202057,3515.0
2024-07-03 11:15:00,AGEN,14.350000381469727,14.350000381469727,14.350000381469727,14.350000381469727,14.350000381469727,112.0
2024-07-03 11:15:00,AHCO,9.800000190734863,9.800000190734863,9.805000305175781,9.800000190734863,9.805000305175781,565.0
2024-07-03 11:15:00,AIRS,3.970599889755249,3.970599889755249,3.970599889755249,3.970599889755249,3.970599889755249,388.0
2024-07-03 11:15:00,AKAN,2.240000009536743,2.240000009536743,2.240000009536743,2.240000009536743,2.240000009536743,301.0
2024-07-03 11:15:00,AKBA,0.9434000253677368,0.9434000253677368,0.9434000253677368,0.9434000253677368,0.9434000253677368,101.0
2024-07-03 11:15:00,AKRO,22.049999237060547,22.049999237060547,22.049999237060547,22.049999237060547,22.049999237060547,415.0
2024-07-03 11:15:00,AKYA,2.140000104904175,2.140000104904175,2.140000104904175,2.140000104904175,2.140000104904175,200.0
2024-07-03 11:15:00,ALDX,3.180000066757202,3.180000066757202,3.180000066757202,3.180000066757202,3.180000066757202,1665.0
2024-07-03 11:15:00,ALEC,4.440000057220459,4.440000057220459,4.440000057220459,4.440000057220459,4.440000057220459,773.0
2024-07-03 11:15:00,ALGN,239.80999755859375,239.80999755859375,239.80999755859375,239.09500122070312,239.2899932861328,16051.0
2024-07-03 11:15:00,ALGS,0.4268999993801117,0.4268999993801117,0.4268999993801117,0.42590001225471497,0.42590001225471497,28881.0
2024-07-03 11:15:00,ALKS,24.280000686645508,24.280000686645508,24.28499984741211,24.280000686645508,24.28499984741211,1596.0
2024-07-03 11:15:00,ALLK,0.8424999713897705,0.8424999713897705,0.8424999713897705,0.8424999713897705,0.8424999713897705,275.0
2024-07-03 11:15:00,ALLO,2.134999990463257,2.134999990463257,2.134999990463257,2.130000114440918,2.130000114440918,875.0
2024-07-03 11:15:00,ALLR,0.2029999941587448,0.2029999941587448,0.2029999941587448,0.2029999941587448,0.2029999941587448,1006.0
2024-07-03 11:15:00,ALNY,246.39999389648438,246.39999389648438,246.39999389648438,246.39999389648438,246.39999389648438,1725.0
2024-07-03 11:15:00,ALT,6.670000076293945,6.670000076293945,6.679999828338623,6.670000076293945,6.670000076293945,1789.0
2024-07-03 11:15:00,ALVR,0.7350000143051147,0.7350000143051147,0.7350000143051147,0.7350000143051147,0.7350000143051147,757.0
2024-07-03 11:15:00,ALXO,5.885000228881836,5.885000228881836,5.885000228881836,5.885000228881836,5.885000228881836,300.0
2024-07-03 11:15:00,AMED,96.94999694824219,96.94999694824219,96.98999786376953,96.91999816894531,96.96499633789062,3209.0
2024-07-03 11:15:00,AMGN,307.0050048828125,307.0050048828125,307.0050048828125,306.9649963378906,306.9649963378906,1454.0
2024-07-03 11:15:00,AMLX,1.7450000047683716,1.7450000047683716,1.7450000047683716,1.7400000095367432,1.7450000047683716,3113.0
2024-07-03 11:15:00,AMPH,38.415000915527344,38.415000915527344,38.435001373291016,38.380001068115234,38.41999816894531,2497.0
2024-07-03 11:15:00,AMRN,0.698199987411499,0.698199987411499,0.698199987411499,0.698199987411499,0.698199987411499,920.0
2024-07-03 11:15:00,ANGO,5.639999866485596,5.639999866485596,5.639999866485596,5.639999866485596,5.639999866485596,479.0
2024-07-03 11:15:00,ANNX,4.795000076293945,4.795000076293945,4.795000076293945,4.795000076293945,4.795000076293945,438.0
2024-07-03 11:15:00,ANTX,2.5299999713897705,2.5299999713897705,2.5299999713897705,2.5250000953674316,2.5299999713897705,2677.0
2024-07-03 11:15:00,APDN,0.3790999948978424,0.3790999948978424,0.44760000705718994,0.33000001311302185,0.44760000705718994,518094.0
2024-07-03 11:15:00,APLS,35.59000015258789,35.59000015258789,35.619998931884766,35.54999923706055,35.619998931884766,2011.0
2024-07-03 11:15:00,APLT,4.355000019073486,4.355000019073486,4.355000019073486,4.349999904632568,4.349999904632568,709.0
2024-07-03 11:15:00,AQST,2.4049999713897705,2.4049999713897705,2.4049999713897705,2.4049999713897705,2.4049999713897705,760.0
2024-07-03 11:15:00,ARAY,1.7549999952316284,1.7549999952316284,1.7549999952316284,1.7549999952316284,1.7549999952316284,393.0
2024-07-03 11:15:00,ARCT,21.469999313354492,21.469999313354492,21.469999313354492,21.432899475097656,21.432899475097656,664.0
2024-07-03 11:15:00,ARDX,5.20989990234375,5.20989990234375,5.20989990234375,5.200099945068359,5.204999923706055,9958.0
2024-07-03 11:15:00,ARGX,434.5,434.5,434.5,434.489990234375,434.489990234375,339.0
2024-07-03 11:15:00,ARQT,9.66450023651123,9.66450023651123,9.6850004196167,9.66450023651123,9.675000190734863,6124.0
2024-07-03 11:15:00,ARVN,24.260000228881836,24.260000228881836,24.290000915527344,24.260000228881836,24.290000915527344,1023.0
2024-07-03 11:15:00,ARWR,25.459999084472656,25.459999084472656,25.459999084472656,25.459999084472656,25.459999084472656,346.0
2024-07-03 11:15:00,ASLN,2.2100000381469727,2.2100000381469727,2.2100000381469727,2.2100000381469727,2.2100000381469727,250.0
2024-07-03 11:15:00,ASRT,1.3105000257492065,1.3105000257492065,1.3105000257492065,1.3105000257492065,1.3105000257492065,736.0
2024-07-03 11:15:00,ATAI,1.2949999570846558,1.2949999570846558,1.2949999570846558,1.2897000312805176,1.2897000312805176,8444.0
2024-07-03 11:15:00,ATEC,9.958999633789062,9.958999633789062,9.960000038146973,9.954999923706055,9.960000038146973,682.0
2024-07-03 11:15:00,ATRC,22.360000610351562,22.360000610351562,22.3700008392334,22.360000610351562,22.3700008392334,654.0
2024-07-03 11:15:00,ATXS,9.020000457763672,9.020000457763672,9.020000457763672,9.020000457763672,9.020000457763672,549.0
2024-07-03 11:15:00,AUGX,1.0,1.0,1.0,1.0,1.0,1490.0
2024-07-03 11:15:00,AUPH,5.454999923706055,5.454999923706055,5.465000152587891,5.454999923706055,5.46019983291626,9395.0
2024-07-03 11:15:00,AUTL,3.4600000381469727,3.4600000381469727,3.4600000381469727,3.4549999237060547,3.4600000381469727,1085.0
2024-07-03 11:15:00,AVDL,14.329999923706055,14.329999923706055,14.329999923706055,14.329999923706055,14.329999923706055,590.0
2024-07-03 11:15:00,AXGN,7.409999847412109,7.409999847412109,7.409999847412109,7.409999847412109,7.409999847412109,1019.0
2024-07-03 11:15:00,AXNX,67.54000091552734,67.54000091552734,67.54000091552734,67.5199966430664,67.5199966430664,373.0
2024-07-03 11:15:00,AZN,76.66999816894531,76.66999816894531,76.66999816894531,76.6500015258789,76.6500015258789,9044.0
2024-07-03 11:15:00,BBIO,25.31999969482422,25.31999969482422,25.360000610351562,25.31999969482422,25.360000610351562,3019.0
2024-07-03 11:15:00,BCAB,1.3799999952316284,1.3799999952316284,1.3799999952316284,1.375,1.375,417.0
2024-07-03 11:15:00,BCRX,6.525000095367432,6.525000095367432,6.525000095367432,6.525000095367432,6.525000095367432,471.0
2024-07-03 11:15:00,BEAM,23.850000381469727,23.850000381469727,23.850000381469727,23.795000076293945,23.799999237060547,1731.0
2024-07-03 11:15:00,BEAT,2.8350000381469727,2.8350000381469727,2.8350000381469727,2.8350000381469727,2.8350000381469727,275.0
2024-07-03 11:15:00,BGXX,0.26649999618530273,0.26649999618530273,0.26649999618530273,0.26649999618530273,0.26649999618530273,460.0
2024-07-03 11:15:00,BIIB,223.52000427246094,223.52000427246094,223.72000122070312,223.25999450683594,223.25999450683594,2795.0
2024-07-03 11:15:00,BIOR,0.6212999820709229,0.6212999820709229,0.621399998664856,0.6212999820709229,0.6212999820709229,14455.0
2024-07-03 11:15:00,BLUE,0.9300000071525574,0.9300000071525574,0.9316999912261963,0.9300000071525574,0.9316999912261963,6288.0
2024-07-03 11:15:00,BMEA,4.420000076293945,4.420000076293945,4.420000076293945,4.420000076293945,4.420000076293945,318.0
2024-07-03 11:15:00,BMRN,81.15499877929688,81.15499877929688,81.15499877929688,81.15499877929688,81.15499877929688,394.0
2024-07-03 11:15:00,BNGO,0.560699999332428,0.560699999332428,0.560699999332428,0.560699999332428,0.560699999332428,6344.0
2024-07-03 11:15:00,BNTX,79.9000015258789,79.9000015258789,79.9000015258789,79.9000015258789,79.9000015258789,429.0
2024-07-03 11:15:00,BRKR,61.650001525878906,61.650001525878906,61.650001525878906,61.650001525878906,61.650001525878906,476.0
2024-07-03 11:15:00,BTAI,1.090000033378601,1.090000033378601,1.090000033378601,1.090000033378601,1.090000033378601,674.0
2024-07-03 11:15:00,BVS,5.960000038146973,5.960000038146973,6.0,5.960000038146973,6.0,4277.0
2024-07-03 11:15:00,CABA,7.630000114440918,7.630000114440918,7.630000114440918,7.619999885559082,7.630000114440918,837.0
2024-07-03 11:15:00,CARA,0.2851000130176544,0.2851000130176544,0.2874000072479248,0.2851000130176544,0.2874000072479248,2230.0
2024-07-03 11:15:00,CCCC,4.690000057220459,4.690000057220459,4.695000171661377,4.690000057220459,4.695000171661377,1648.0
2024-07-03 11:15:00,CCRN,13.649999618530273,13.649999618530273,13.649999618530273,13.649999618530273,13.649999618530273,126.0
2024-07-03 11:15:00,CDMO,7.550000190734863,7.550000190734863,7.550000190734863,7.53000020980835,7.545000076293945,959.0
2024-07-03 11:15:00,CDNA,15.119999885559082,15.119999885559082,15.119999885559082,15.119999885559082,15.119999885559082,600.0
2024-07-03 11:15:00,CELC,16.299999237060547,16.299999237060547,16.299999237060547,16.299999237060547,16.299999237060547,671.0
2024-07-03 11:15:00,CELU,3.049999952316284,3.049999952316284,3.1549999713897705,3.049999952316284,3.1549999713897705,700.0
2024-07-03 11:15:00,CERE,41.439998626708984,41.439998626708984,41.439998626708984,41.40999984741211,41.41999816894531,1280.0
2024-07-03 11:15:00,CERT,13.805000305175781,13.805000305175781,13.805000305175781,13.805000305175781,13.805000305175781,320.0
2024-07-03 11:15:00,CGC,6.53879976272583,6.53879976272583,6.539899826049805,6.510000228881836,6.530900001525879,16325.0
2024-07-03 11:15:00,CHRS,1.3949999809265137,1.3949999809265137,1.399999976158142,1.3949999809265137,1.3997000455856323,2922.0
2024-07-03 11:15:00,CLDX,36.38999938964844,36.38999938964844,36.52750015258789,36.38999938964844,36.525001525878906,2193.0
2024-07-03 11:15:00,CLLS,2.0199999809265137,2.0199999809265137,2.049999952316284,2.009999990463257,2.009999990463257,5595.0
2024-07-03 11:15:00,CLOV,1.25,1.25,1.25,1.2450000047683716,1.2450000047683716,5058.0
2024-07-03 11:15:00,CMAX,2.0999999046325684,2.0999999046325684,2.0999999046325684,2.0999999046325684,2.0999999046325684,0.0
2024-07-03 11:15:00,COGT,8.5,8.5,8.5,8.489999771118164,8.489999771118164,719.0
2024-07-03 11:15:00,COLL,32.369998931884766,32.369998931884766,32.369998931884766,32.36000061035156,32.36000061035156,446.0
2024-07-03 11:15:00,CORT,30.559999465942383,30.559999465942383,30.565000534057617,30.559999465942383,30.565000534057617,1346.0
2024-07-03 11:15:00,COSM,0.9501000046730042,0.9501000046730042,0.9501000046730042,0.9501000046730042,0.9501000046730042,345.0
2024-07-03 11:15:00,CPRX,15.479999542236328,15.479999542236328,15.479999542236328,15.4399995803833,15.449999809265137,3708.0
2024-07-03 11:15:00,CRBP,49.15999984741211,49.15999984741211,49.15999984741211,49.15999984741211,49.15999984741211,609.0
2024-07-03 11:15:00,CRBU,1.590000033378601,1.590000033378601,1.590000033378601,1.5850000381469727,1.5850000381469727,914.0
2024-07-03 11:15:00,CRDF,2.25,2.25,2.259000062942505,2.244999885559082,2.255000114440918,1682.0
2024-07-03 11:15:00,CRMD,4.144999980926514,4.144999980926514,4.144999980926514,4.144999980926514,4.144999980926514,316.0
2024-07-03 11:15:00,CRNX,45.04999923706055,45.04999923706055,45.154998779296875,45.04999923706055,45.150001525878906,5055.0
2024-07-03 11:15:00,CRON,2.3043999671936035,2.3043999671936035,2.3096001148223877,2.299999952316284,2.299999952316284,2852.0
2024-07-03 11:15:00,CRSP,53.91999816894531,53.91999816894531,54.02989959716797,53.91999816894531,53.939998626708984,7032.0
2024-07-03 11:15:00,CSTL,21.010000228881836,21.010000228881836,21.010000228881836,20.969999313354492,20.989999771118164,4675.0
2024-07-03 11:15:00,CTKB,5.639999866485596,5.639999866485596,5.639999866485596,5.639999866485596,5.639999866485596,1348.0
2024-07-03 11:15:00,CTXR,0.5060999989509583,0.5060999989509583,0.5067999958992004,0.5034999847412109,0.5067999958992004,4058.0
2024-07-03 11:15:00,CUE,1.0099999904632568,1.0099999904632568,1.0099999904632568,1.0099999904632568,1.0099999904632568,108.0
2024-07-03 11:15:00,CUTR,1.3250000476837158,1.3250000476837158,1.3250000476837158,1.3250000476837158,1.3250000476837158,333.0
2024-07-03 11:15:00,CVAC,3.379499912261963,3.379499912261963,3.390000104904175,3.375,3.390000104904175,18071.0
2024-07-03 11:15:00,CVRX,11.59000015258789,11.59000015258789,11.59000015258789,11.59000015258789,11.59000015258789,312.0
2024-07-03 11:15:00,CYTK,54.869998931884766,54.869998931884766,54.939998626708984,54.869998931884766,54.939998626708984,11273.0
2024-07-03 11:15:00,DAWN,13.359999656677246,13.359999656677246,13.369999885559082,13.359999656677246,13.369999885559082,368.0
2024-07-03 11:15:00,DCGO,2.9100000858306885,2.9100000858306885,2.9100000858306885,2.9100000858306885,2.9100000858306885,242.0
2024-07-03 11:15:00,DCTH,7.827700138092041,7.827700138092041,7.827700138092041,7.827700138092041,7.827700138092041,502.0
2024-07-03 11:15:00,DH,5.385000228881836,5.385000228881836,5.385000228881836,5.385000228881836,5.385000228881836,333.0
2024-07-03 11:15:00,DNLI,21.5,21.5,21.540000915527344,21.5,21.530000686645508,2474.0
2024-07-03 11:15:00,DSGN,3.25,3.25,3.25,3.25,3.25,107.0
2024-07-03 11:15:00,DVAX,11.090800285339355,11.090800285339355,11.095000267028809,11.090800285339355,11.095000267028809,610.0
2024-07-03 11:15:00,DXCM,110.54000091552734,110.54000091552734,110.58999633789062,110.36799621582031,110.37999725341797,5014.0
2024-07-03 11:15:00,DYN,34.442501068115234,34.442501068115234,34.474998474121094,34.442501068115234,34.474998474121094,957.0
2024-07-03 11:15:00,EDIT,4.65500020980835,4.65500020980835,4.659999847412109,4.644999980926514,4.650000095367432,10283.0
2024-07-03 11:15:00,ELEV,2.6600000858306885,2.6600000858306885,2.6600000858306885,2.6500000953674316,2.6500000953674316,504.0
2024-07-03 11:15:00,ELYM,6.809999942779541,6.809999942779541,6.809999942779541,6.809999942779541,6.809999942779541,241.0
2024-07-03 11:15:00,EMBC,12.010000228881836,12.010000228881836,12.010000228881836,12.010000228881836,12.010000228881836,134.0
2024-07-03 11:15:00,ENSG,126.22000122070312,126.22000122070312,126.22000122070312,126.22000122070312,126.22000122070312,1160.0
2024-07-03 11:15:00,EOLS,10.859999656677246,10.859999656677246,10.859999656677246,10.859999656677246,10.859999656677246,111.0
2024-07-03 11:15:00,ERAS,2.259999990463257,2.259999990463257,2.259999990463257,2.259999990463257,2.259999990463257,633.0
2024-07-03 11:15:00,ESPR,2.3499999046325684,2.3499999046325684,2.3499999046325684,2.3450000286102295,2.3450000286102295,937.0
2024-07-03 11:15:00,ESTA,43.279998779296875,43.279998779296875,43.290000915527344,43.279998779296875,43.279998779296875,749.0
2024-07-03 11:15:00,ETNB,7.5,7.5,7.550000190734863,7.5,7.550000190734863,15553.0
2024-07-03 11:15:00,EWTX,18.15999984741211,18.15999984741211,18.15999984741211,18.15999984741211,18.15999984741211,457.0
2024-07-03 11:15:00,EXAI,5.449999809265137,5.449999809265137,5.458600044250488,5.449999809265137,5.451200008392334,1966.0
2024-07-03 11:15:00,EXAS,43.06999969482422,43.06999969482422,43.150001525878906,43.06999969482422,43.1349983215332,2596.0
2024-07-03 11:15:00,EXEL,21.975000381469727,21.975000381469727,21.979999542236328,21.975000381469727,21.979999542236328,738.0
2024-07-03 11:15:00,EYEN,0.7667999863624573,0.7667999863624573,0.7723000049591064,0.7667999863624573,0.7723000049591064,646.0
2024-07-03 11:15:00,EYPT,8.359999656677246,8.359999656677246,8.359999656677246,8.345000267028809,8.345000267028809,844.0
2024-07-03 11:15:00,FATE,3.194999933242798,3.194999933242798,3.200000047683716,3.194999933242798,3.200000047683716,2017.0
2024-07-03 11:15:00,FBIO,1.809999942779541,1.809999942779541,1.809999942779541,1.809999942779541,1.809999942779541,2906.0
2024-07-03 11:15:00,FDMT,21.06999969482422,21.06999969482422,21.06999969482422,21.06999969482422,21.06999969482422,496.0
2024-07-03 11:15:00,FENC,6.020100116729736,6.020100116729736,6.020100116729736,6.020100116729736,6.020100116729736,621.0
2024-07-03 11:15:00,FGEN,0.7149999737739563,0.7149999737739563,0.7149999737739563,0.7149999737739563,0.7149999737739563,1800.0
2024-07-03 11:15:00,FHTX,5.570000171661377,5.570000171661377,5.570000171661377,5.510000228881836,5.510000228881836,243.0
2024-07-03 11:15:00,FLGC,0.949999988079071,0.949999988079071,0.949999988079071,0.949999988079071,0.949999988079071,107.0
2024-07-03 11:15:00,FLGT,20.139999389648438,20.139999389648438,20.139999389648438,20.100099563598633,20.100099563598633,1835.0
2024-07-03 11:15:00,FOLD,9.904999732971191,9.904999732971191,9.904999732971191,9.899999618530273,9.899999618530273,2664.0
2024-07-03 11:15:00,FULC,6.164999961853027,6.164999961853027,6.170000076293945,6.164999961853027,6.170000076293945,1251.0
2024-07-03 11:15:00,GERN,4.320000171661377,4.320000171661377,4.320000171661377,4.315000057220459,4.320000171661377,14335.0
2024-07-03 11:15:00,GILD,66.91000366210938,66.91000366210938,66.91000366210938,66.8499984741211,66.9000015258789,34043.0
2024-07-03 11:15:00,GLSI,16.450000762939453,16.450000762939453,16.450000762939453,16.450000762939453,16.450000762939453,150.0
2024-07-03 11:15:00,GLUE,3.75,3.75,3.75,3.75,3.75,301.0
2024-07-03 11:15:00,GLYC,0.2669999897480011,0.2669999897480011,0.26969999074935913,0.2669999897480011,0.2696000039577484,29880.0
2024-07-03 11:15:00,GOSS,0.9398000240325928,0.9398000240325928,0.9398000240325928,0.9398000240325928,0.9398000240325928,506.0
2024-07-03 11:15:00,GOVX,2.930000066757202,2.930000066757202,2.950000047683716,2.930000066757202,2.950000047683716,1052.0
2024-07-03 11:15:00,GRTS,0.5802000164985657,0.5802000164985657,0.5802000164985657,0.5802000164985657,0.5802000164985657,1636.0
2024-07-03 11:15:00,GTHX,2.509999990463257,2.509999990463257,2.509999990463257,2.509999990463257,2.509999990463257,245.0
2024-07-03 11:15:00,HALO,51.70000076293945,51.70000076293945,51.720001220703125,51.65999984741211,51.709999084472656,3842.0
2024-07-03 11:15:00,HCSG,10.470000267028809,10.470000267028809,10.539999961853027,10.470000267028809,10.539999961853027,8663.0
2024-07-03 11:15:00,HITI,2.1050000190734863,2.1050000190734863,2.1050000190734863,2.1050000190734863,2.1050000190734863,775.0
2024-07-03 11:15:00,HOLX,73.32499694824219,73.32499694824219,73.33499908447266,73.30000305175781,73.30000305175781,4746.0
2024-07-03 11:15:00,HOWL,2.049999952316284,2.049999952316284,2.049999952316284,2.049999952316284,2.049999952316284,245.0
2024-07-03 11:15:00,HRMY,30.199899673461914,30.199899673461914,30.21500015258789,30.100000381469727,30.21500015258789,1594.0
2024-07-03 11:15:00,HRTX,2.7850000858306885,2.7850000858306885,2.7850000858306885,2.7850000858306885,2.7850000858306885,1280.0
2024-07-03 11:15:00,HSCS,4.849999904632568,4.849999904632568,4.849999904632568,4.849999904632568,4.849999904632568,194.0
2024-07-03 11:15:00,HSIC,65.09500122070312,65.09500122070312,65.0999984741211,65.09500122070312,65.09500122070312,887.0
2024-07-03 11:15:00,HUGE,0.1462000012397766,0.1462000012397766,0.1462000012397766,0.14339999854564667,0.1437000036239624,22745.0
2024-07-03 11:15:00,HUMA,5.682300090789795,5.682300090789795,5.682300090789795,5.679999828338623,5.679999828338623,1049.0
2024-07-03 11:15:00,IART,28.731000900268555,28.731000900268555,28.7450008392334,28.729999542236328,28.7450008392334,1244.0
2024-07-03 11:15:00,IBRX,6.269999980926514,6.269999980926514,6.269999980926514,6.269999980926514,6.269999980926514,808.0
2024-07-03 11:15:00,ICLR,317.8269958496094,317.8269958496094,317.8269958496094,317.8269958496094,317.8269958496094,263.0
2024-07-03 11:15:00,IDXX,477.1600036621094,477.1600036621094,477.1600036621094,477.1600036621094,477.1600036621094,338.0
2024-07-03 11:15:00,IDYA,33.540000915527344,33.540000915527344,33.56999969482422,33.529998779296875,33.529998779296875,1378.0
2024-07-03 11:15:00,IKNA,1.6399999856948853,1.6399999856948853,1.6399999856948853,1.6399999856948853,1.6399999856948853,324.0
2024-07-03 11:15:00,ILMN,105.43000030517578,105.43000030517578,105.45999908447266,105.41000366210938,105.45999908447266,1456.0
2024-07-03 11:15:00,IMCR,35.94499969482422,35.94499969482422,36.0,35.94499969482422,36.0,2131.0
2024-07-03 11:15:00,IMMX,2.430000066757202,2.430000066757202,2.430000066757202,2.420099973678589,2.430000066757202,10321.0
2024-07-03 11:15:00,IMNM,12.100000381469727,12.100000381469727,12.119999885559082,12.100000381469727,12.119999885559082,2146.0
2024-07-03 11:15:00,IMVT,26.440000534057617,26.440000534057617,26.440000534057617,26.440000534057617,26.440000534057617,715.0
2024-07-03 11:15:00,INCY,57.75,57.75,57.75,57.689998626708984,57.70000076293945,4466.0
2024-07-03 11:15:00,INM,0.25040000677108765,0.25040000677108765,0.2531999945640564,0.25040000677108765,0.2531999945640564,5600.0
2024-07-03 11:15:00,INMB,7.925000190734863,7.925000190734863,7.925000190734863,7.925000190734863,7.925000190734863,2024.0
2024-07-03 11:15:00,INMD,17.540000915527344,17.540000915527344,17.549999237060547,17.540000915527344,17.540000915527344,1486.0
2024-07-03 11:15:00,INO,8.390000343322754,8.390000343322754,8.420000076293945,8.390000343322754,8.420000076293945,1414.0
2024-07-03 11:15:00,INSM,62.07500076293945,62.07500076293945,62.07500076293945,62.040000915527344,62.07500076293945,2729.0
2024-07-03 11:15:00,INVA,16.219999313354492,16.219999313354492,16.219999313354492,16.219999313354492,16.219999313354492,708.0
2024-07-03 11:15:00,IONS,44.619998931884766,44.619998931884766,44.619998931884766,44.580101013183594,44.61000061035156,3654.0
2024-07-03 11:15:00,IOVA,7.610000133514404,7.610000133514404,7.619999885559082,7.605000019073486,7.610000133514404,26701.0
2024-07-03 11:15:00,IPSC,2.244999885559082,2.244999885559082,2.244999885559082,2.244999885559082,2.244999885559082,415.0
2024-07-03 11:15:00,ISRG,434.42498779296875,434.42498779296875,434.54998779296875,434.42498779296875,434.4599914550781,1934.0
2024-07-03 11:15:00,ITCI,68.35990142822266,68.35990142822266,68.35990142822266,68.29000091552734,68.29000091552734,340.0
2024-07-03 11:15:00,ITOS,14.640000343322754,14.640000343322754,14.670000076293945,14.640000343322754,14.670000076293945,2159.0
2024-07-03 11:15:00,JANX,37.84000015258789,37.84000015258789,37.90999984741211,37.75,37.75,1404.0
2024-07-03 11:15:00,JAZZ,104.21499633789062,104.21499633789062,104.21499633789062,104.21499633789062,104.21499633789062,371.0
2024-07-03 11:15:00,KOD,2.2300000190734863,2.2300000190734863,2.240000009536743,2.2300000190734863,2.240000009536743,307.0
2024-07-03 11:15:00,KROS,42.505001068115234,42.505001068115234,42.505001068115234,42.505001068115234,42.505001068115234,287.0
2024-07-03 11:15:00,KRYS,177.5,177.5,177.72999572753906,177.5,177.72999572753906,986.0
2024-07-03 11:15:00,KTRA,0.2870999872684479,0.2870999872684479,0.2870999872684479,0.2870999872684479,0.2870999872684479,2479.0
2024-07-03 11:15:00,KYMR,30.34000015258789,30.34000015258789,30.40999984741211,30.299999237060547,30.40999984741211,1969.0
2024-07-03 11:15:00,KZR,0.5701000094413757,0.5701000094413757,0.5705000162124634,0.5701000094413757,0.5705000162124634,1289.0
2024-07-03 11:15:00,LAB,1.7999999523162842,1.7999999523162842,1.7999999523162842,1.7899999618530273,1.7899999618530273,753.0
2024-07-03 11:15:00,LBPH,32.689998626708984,32.689998626708984,32.689998626708984,32.54999923706055,32.54999923706055,641.0
2024-07-03 11:15:00,LEGN,46.0,46.0,46.0,45.97999954223633,45.9900016784668,484.0
2024-07-03 11:15:00,LFMD,6.760000228881836,6.760000228881836,6.760000228881836,6.755000114440918,6.755000114440918,838.0
2024-07-03 11:15:00,LIVN,52.619998931884766,52.619998931884766,52.66999816894531,52.619998931884766,52.65999984741211,2046.0
2024-07-03 11:15:00,LMAT,81.03559875488281,81.03559875488281,81.0999984741211,81.03559875488281,81.05000305175781,1893.0
2024-07-03 11:15:00,LNTH,79.3949966430664,79.3949966430664,79.3949966430664,79.3949966430664,79.3949966430664,192.0
2024-07-03 11:15:00,LOGC,5.76230001449585,5.76230001449585,5.76230001449585,5.760300159454346,5.760300159454346,1107.0
2024-07-03 11:15:00,LPTX,1.76010000705719,1.76010000705719,1.76010000705719,1.76010000705719,1.76010000705719,0.0
2024-07-03 11:15:00,LRMR,7.715000152587891,7.715000152587891,7.730000019073486,7.715000152587891,7.730000019073486,470.0
2024-07-03 11:15:00,LUCY,0.46399998664855957,0.46399998664855957,0.46700000762939453,0.46399998664855957,0.46399998664855957,20966.0
2024-07-03 11:15:00,LXRX,1.600000023841858,1.600000023841858,1.6050000190734863,1.600000023841858,1.600000023841858,1738.0
2024-07-03 11:15:00,LYRA,0.28630000352859497,0.28630000352859497,0.28679999709129333,0.28630000352859497,0.28679999709129333,7295.0
2024-07-03 11:15:00,MASI,114.97000122070312,114.97000122070312,114.97000122070312,114.86499786376953,114.86499786376953,2374.0
2024-07-03 11:15:00,MBIO,0.4957999885082245,0.4957999885082245,0.5004000067710876,0.49559998512268066,0.49559998512268066,8738.0
2024-07-03 11:15:00,MCRB,0.7190999984741211,0.7190999984741211,0.7232999801635742,0.7190999984741211,0.7196000218391418,2156.0
2024-07-03 11:15:00,ME,0.4047999978065491,0.4047999978065491,0.4047999978065491,0.4047999978065491,0.4047999978065491,200.0
2024-07-03 11:15:00,MGNX,4.241199970245361,4.241199970245361,4.25,4.241199970245361,4.25,1186.0
2024-07-03 11:15:00,MGTX,3.9800000190734863,3.9800000190734863,3.9800000190734863,3.9800000190734863,3.9800000190734863,714.0
2024-07-03 11:15:00,MIRM,33.6150016784668,33.6150016784668,33.6150016784668,33.6150016784668,33.6150016784668,217.0
2024-07-03 11:15:00,MMSI,85.96499633789062,85.96499633789062,86.04000091552734,85.91999816894531,86.0199966430664,3778.0
2024-07-03 11:15:00,MNKD,5.054999828338623,5.054999828338623,5.054999828338623,5.050000190734863,5.050000190734863,2505.0
2024-07-03 11:15:00,MNMD,7.210000038146973,7.210000038146973,7.244999885559082,7.210000038146973,7.241199970245361,2853.0
2024-07-03 11:15:00,MOR,18.209999084472656,18.209999084472656,18.209999084472656,18.209999084472656,18.209999084472656,876.0
2024-07-03 11:15:00,MRNA,115.70500183105469,115.70500183105469,115.80000305175781,115.5999984741211,115.74610137939453,2762.0
2024-07-03 11:15:00,MRSN,1.8700000047683716,1.8700000047683716,1.8799999952316284,1.8700000047683716,1.8799999952316284,1086.0
2024-07-03 11:15:00,MRVI,6.784999847412109,6.784999847412109,6.880000114440918,6.784999847412109,6.880000114440918,14228.0
2024-07-03 11:15:00,MXCT,3.680000066757202,3.680000066757202,3.680000066757202,3.680000066757202,3.680000066757202,465.0
2024-07-03 11:15:00,MYGN,25.0575008392334,25.0575008392334,25.09000015258789,25.049999237060547,25.079999923706055,3522.0
2024-07-03 11:15:00,NARI,49.45000076293945,49.45000076293945,49.47999954223633,49.45000076293945,49.47999954223633,1626.0
2024-07-03 11:15:00,NBIX,138.4199981689453,138.4199981689453,138.42999267578125,138.2899932861328,138.2899932861328,816.0
2024-07-03 11:15:00,NDRA,0.08900000154972076,0.08900000154972076,0.09149999916553497,0.08900000154972076,0.09099999815225601,428947.0
2024-07-03 11:15:00,NEO,13.619999885559082,13.619999885559082,13.619999885559082,13.619999885559082,13.619999885559082,1122.0
2024-07-03 11:15:00,NEOG,15.234999656677246,15.234999656677246,15.239999771118164,15.229999542236328,15.229999542236328,2941.0
2024-07-03 11:15:00,NKTR,1.2450000047683716,1.2450000047683716,1.2450000047683716,1.2450000047683716,1.2450000047683716,637.0
2024-07-03 11:15:00,NNOX,6.989999771118164,6.989999771118164,7.005000114440918,6.989999771118164,7.005000114440918,1212.0
2024-07-03 11:15:00,NPCE,7.329999923706055,7.329999923706055,7.329999923706055,7.329999923706055,7.329999923706055,1949.0
2024-07-03 11:15:00,NRC,22.8799991607666,22.8799991607666,22.920000076293945,22.8799991607666,22.899999618530273,2522.0
2024-07-03 11:15:00,NRIX,19.700000762939453,19.700000762939453,19.719999313354492,19.65999984741211,19.719999313354492,4126.0
2024-07-03 11:15:00,NRSN,1.315000057220459,1.315000057220459,1.3200000524520874,1.315000057220459,1.3200000524520874,205.0
2024-07-03 11:15:00,NTRA,111.54000091552734,111.54000091552734,111.70999908447266,111.54000091552734,111.70999908447266,3139.0
2024-07-03 11:15:00,NUWE,3.938999891281128,3.938999891281128,3.940000057220459,3.938999891281128,3.940000057220459,2162.0
2024-07-03 11:15:00,NVAX,12.710000038146973,12.710000038146973,12.739999771118164,12.710000038146973,12.725600242614746,6032.0
2024-07-03 11:15:00,NVCR,16.780000686645508,16.780000686645508,16.780000686645508,16.760000228881836,16.770000457763672,2168.0
2024-07-03 11:15:00,NVCT,6.199999809265137,6.199999809265137,6.199999809265137,6.199999809265137,6.199999809265137,426.0
2024-07-03 11:15:00,NVOS,0.7501999735832214,0.7501999735832214,0.7599999904632568,0.7501999735832214,0.7599999904632568,1984.0
2024-07-03 11:15:00,NXGL,2.1449999809265137,2.1449999809265137,2.1449999809265137,2.069999933242798,2.083199977874756,293.0
2024-07-03 11:15:00,NXL,1.386299967765808,1.386299967765808,1.3899999856948853,1.386299967765808,1.3899999856948853,618.0
2024-07-03 11:15:00,OCGN,1.625,1.625,1.625,1.624400019645691,1.624400019645691,3133.0
2024-07-03 11:15:00,OCUL,6.699999809265137,6.699999809265137,6.699999809265137,6.690000057220459,6.690000057220459,1149.0
2024-07-03 11:15:00,OLK,25.772499084472656,25.772499084472656,25.772499084472656,25.772499084472656,25.772499084472656,258.0
2024-07-03 11:15:00,OM,3.869999885559082,3.869999885559082,3.890000104904175,3.869999885559082,3.880000114440918,2671.0
2024-07-03 11:15:00,OMCL,26.545000076293945,26.545000076293945,26.565000534057617,26.545000076293945,26.565000534057617,1282.0
2024-07-03 11:15:00,OMER,3.880000114440918,3.880000114440918,3.880000114440918,3.880000114440918,3.880000114440918,227.0
2024-07-03 11:15:00,OMGA,1.9900000095367432,1.9900000095367432,1.9900000095367432,1.9800000190734863,1.9900000095367432,400.0
2024-07-03 11:15:00,OMIC,8.8100004196167,8.8100004196167,8.8100004196167,8.8100004196167,8.8100004196167,543.0
2024-07-03 11:16:00,ABCL,2.744999885559082,2.744999885559082,2.744999885559082,2.734999895095825,2.740000009536743,7608.0
2024-07-03 11:16:00,ABSI,3.2249999046325684,3.2249999046325684,3.2249999046325684,3.2249999046325684,3.2249999046325684,610.0
2024-07-03 11:16:00,ABUS,3.1549999713897705,3.1549999713897705,3.1549999713897705,3.1549999713897705,3.1549999713897705,2018.0
2024-07-03 11:16:00,ACAD,15.600000381469727,15.600000381469727,15.619999885559082,15.600000381469727,15.619999885559082,0.0
2024-07-03 11:16:00,ACB,4.859899997711182,4.859899997711182,4.860000133514404,4.850299835205078,4.860000133514404,5619.0
2024-07-03 11:16:00,ACCD,3.5450000762939453,3.5450000762939453,3.549999952316284,3.5450000762939453,3.5450000762939453,1177.0
2024-07-03 11:16:00,ACET,1.0549999475479126,1.0549999475479126,1.0592000484466553,1.0549999475479126,1.0549999475479126,1746.0
2024-07-03 11:16:00,ACHC,66.2750015258789,66.2750015258789,66.2750015258789,66.2750015258789,66.2750015258789,412.0
2024-07-03 11:16:00,ACLX,53.95500183105469,53.95500183105469,53.959999084472656,53.95500183105469,53.959999084472656,346.0
2024-07-03 11:16:00,ACRS,1.149999976158142,1.149999976158142,1.149999976158142,1.149999976158142,1.149999976158142,1779.0
2024-07-03 11:16:00,ADMA,11.25,11.25,11.255000114440918,11.239999771118164,11.25,10153.0
2024-07-03 11:16:00,ADPT,3.3949999809265137,3.3949999809265137,3.3949999809265137,3.3949999809265137,3.3949999809265137,287.0
2024-07-03 11:16:00,ADUS,116.79499816894531,116.79499816894531,116.79499816894531,116.69999694824219,116.69999694824219,265.0
2024-07-03 11:16:00,AFMD,5.119999885559082,5.119999885559082,5.119999885559082,5.09499979019165,5.09499979019165,2723.0
2024-07-03 11:16:00,AGEN,14.390000343322754,14.390000343322754,14.390000343322754,14.350000381469727,14.350000381469727,442.0
2024-07-03 11:16:00,AGIO,41.814998626708984,41.814998626708984,41.86000061035156,41.814998626708984,41.86000061035156,543.0
2024-07-03 11:16:00,AHCO,9.800000190734863,9.800000190734863,9.805000305175781,9.800000190734863,9.800000190734863,2130.0
2024-07-03 11:16:00,AIRS,4.03000020980835,4.03000020980835,4.03000020980835,3.9700000286102295,3.9700000286102295,340.0
2024-07-03 11:16:00,AKBA,0.9434000253677368,0.9434000253677368,0.9434000253677368,0.9415000081062317,0.9416000247001648,36800.0
2024-07-03 11:16:00,AKRO,22.020000457763672,22.020000457763672,22.020000457763672,22.020000457763672,22.020000457763672,202.0
2024-07-03 11:16:00,ALGS,0.4269999861717224,0.4269999861717224,0.4269999861717224,0.4262000024318695,0.426800012588501,10839.0
2024-07-03 11:16:00,ALKS,24.270000457763672,24.270000457763672,24.280000686645508,24.270000457763672,24.280000686645508,2702.0
2024-07-03 11:16:00,ALLK,0.8410000205039978,0.8410000205039978,0.8424999713897705,0.8410000205039978,0.8424999713897705,2066.0
2024-07-03 11:16:00,ALLO,2.130000114440918,2.130000114440918,2.134999990463257,2.130000114440918,2.134999990463257,977.0
2024-07-03 11:16:00,ALLR,0.2029999941587448,0.2029999941587448,0.20479999482631683,0.20250000059604645,0.20479999482631683,15431.0
2024-07-03 11:16:00,ALT,6.670000076293945,6.670000076293945,6.679999828338623,6.664999961853027,6.679999828338623,2954.0
2024-07-03 11:16:00,ALXO,5.880000114440918,5.880000114440918,5.880000114440918,5.880000114440918,5.880000114440918,250.0
2024-07-03 11:16:00,AMGN,307.06500244140625,307.06500244140625,307.06500244140625,307.0050048828125,307.010009765625,2803.0
2024-07-03 11:16:00,AMLX,1.75,1.75,1.75,1.7400000095367432,1.7450000047683716,2852.0
2024-07-03 11:16:00,AMPH,38.369998931884766,38.369998931884766,38.415000915527344,38.36000061035156,38.40999984741211,799.0
2024-07-03 11:16:00,AMRN,0.6984999775886536,0.6984999775886536,0.6988000273704529,0.6949999928474426,0.698199987411499,36300.0
2024-07-03 11:16:00,ANAB,25.020000457763672,25.020000457763672,25.100000381469727,25.020000457763672,25.100000381469727,549.0
2024-07-03 11:16:00,ANGO,5.644999980926514,5.644999980926514,5.644999980926514,5.644999980926514,5.644999980926514,549.0
2024-07-03 11:16:00,ANNX,4.764999866485596,4.764999866485596,4.795000076293945,4.764999866485596,4.795000076293945,4821.0
2024-07-03 11:16:00,ANTX,2.5199999809265137,2.5199999809265137,2.5299999713897705,2.5199999809265137,2.5299999713897705,1419.0
2024-07-03 11:16:00,APDN,0.39430001378059387,0.39430001378059387,0.39430001378059387,0.36649999022483826,0.36649999022483826,29609.0
2024-07-03 11:16:00,APLS,35.59000015258789,35.59000015258789,35.59000015258789,35.540000915527344,35.540000915527344,668.0
2024-07-03 11:16:00,APLT,4.349999904632568,4.349999904632568,4.355000019073486,4.349999904632568,4.355000019073486,871.0
2024-07-03 11:16:00,AQST,2.4049999713897705,2.4049999713897705,2.4049999713897705,2.4049999713897705,2.4049999713897705,390.0
2024-07-03 11:16:00,ARCT,21.46500015258789,21.46500015258789,21.510000228881836,21.459199905395508,21.459199905395508,1958.0
2024-07-03 11:16:00,ARDX,5.210000038146973,5.210000038146973,5.210000038146973,5.199999809265137,5.199999809265137,20146.0
2024-07-03 11:16:00,ARQT,9.630000114440918,9.630000114440918,9.664999961853027,9.625,9.664999961853027,5045.0
2024-07-03 11:16:00,ARVN,24.28499984741211,24.28499984741211,24.299999237060547,24.239999771118164,24.25,3994.0
2024-07-03 11:16:00,ASRT,1.3200000524520874,1.3200000524520874,1.3200000524520874,1.313599944114685,1.313599944114685,3514.0
2024-07-03 11:16:00,ATEC,9.944999694824219,9.944999694824219,9.944999694824219,9.944999694824219,9.944999694824219,131.0
2024-07-03 11:16:00,AUGX,1.0,1.0,1.0,1.0,1.0,100.0
2024-07-03 11:16:00,AUPH,5.449999809265137,5.449999809265137,5.449999809265137,5.445000171661377,5.449999809265137,1556.0
2024-07-03 11:16:00,AUTL,3.4549999237060547,3.4549999237060547,3.4549999237060547,3.4549999237060547,3.4549999237060547,132.0
2024-07-03 11:16:00,AVTE,1.6150000095367432,1.6150000095367432,1.6150000095367432,1.6150000095367432,1.6150000095367432,200.0
2024-07-03 11:16:00,AVXL,4.224999904632568,4.224999904632568,4.224999904632568,4.224999904632568,4.224999904632568,1100.0
2024-07-03 11:16:00,AWH,1.0199999809265137,1.0199999809265137,1.0199999809265137,1.0199999809265137,1.0199999809265137,950.0
2024-07-03 11:16:00,AXGN,7.420000076293945,7.420000076293945,7.420000076293945,7.420000076293945,7.420000076293945,710.0
2024-07-03 11:16:00,AXSM,79.69999694824219,79.69999694824219,79.75,79.68000030517578,79.70999908447266,7101.0
2024-07-03 11:16:00,AZN,76.69499969482422,76.69499969482422,76.69499969482422,76.66999816894531,76.66999816894531,5313.0
2024-07-03 11:16:00,AZTA,52.470001220703125,52.470001220703125,52.470001220703125,52.470001220703125,52.470001220703125,1993.0
2024-07-03 11:16:00,BBIO,25.32110023498535,25.32110023498535,25.32110023498535,25.32110023498535,25.32110023498535,631.0
2024-07-03 11:16:00,BCAB,1.375,1.375,1.3799999952316284,1.3700000047683716,1.3799999952316284,874.0
2024-07-03 11:16:00,BCRX,6.514999866485596,6.514999866485596,6.519999980926514,6.505000114440918,6.519999980926514,14186.0
2024-07-03 11:16:00,BEAM,23.81999969482422,23.81999969482422,23.850000381469727,23.815000534057617,23.850000381469727,2832.0
2024-07-03 11:16:00,BEAT,2.8006999492645264,2.8006999492645264,2.8350000381469727,2.8006999492645264,2.8350000381469727,12876.0
2024-07-03 11:16:00,BFRI,0.8240000009536743,0.8240000009536743,0.8619999885559082,0.8240000009536743,0.8619999885559082,3701.0
2024-07-03 11:16:00,BGNE,147.24029541015625,147.24029541015625,147.24029541015625,147.24029541015625,147.24029541015625,387.0
2024-07-03 11:16:00,BGXX,0.2648000121116638,0.2648000121116638,0.2648000121116638,0.2648000121116638,0.2648000121116638,149.0
2024-07-03 11:16:00,BIIB,223.46499633789062,223.46499633789062,223.57000732421875,223.46499633789062,223.57000732421875,431.0
2024-07-03 11:16:00,BIOR,0.6208999752998352,0.6208999752998352,0.6208999752998352,0.6208999752998352,0.6208999752998352,0.0
2024-07-03 11:16:00,BJDX,0.6333000063896179,0.6333000063896179,0.6333000063896179,0.6333000063896179,0.6333000063896179,865.0
2024-07-03 11:16:00,BLFS,19.690000534057617,19.690000534057617,19.690000534057617,19.690000534057617,19.690000534057617,1406.0
2024-07-03 11:16:00,BLRX,0.5209000110626221,0.5209000110626221,0.5209000110626221,0.5209000110626221,0.5209000110626221,800.0
2024-07-03 11:16:00,BLUE,0.9279999732971191,0.9279999732971191,0.9293000102043152,0.9269000291824341,0.929099977016449,14364.0
2024-07-03 11:16:00,BNGO,0.5576000213623047,0.5576000213623047,0.560699999332428,0.5575000047683716,0.560699999332428,22873.0
2024-07-03 11:16:00,BPMC,110.93000030517578,110.93000030517578,110.93000030517578,110.7300033569336,110.7300033569336,1741.0
2024-07-03 11:16:00,BRKR,61.599998474121094,61.599998474121094,61.61000061035156,61.599998474121094,61.61000061035156,1102.0
2024-07-03 11:16:00,BVS,5.969900131225586,5.969900131225586,5.969900131225586,5.969900131225586,5.969900131225586,915.0
2024-07-03 11:16:00,CABA,7.630000114440918,7.630000114440918,7.630000114440918,7.630000114440918,7.630000114440918,695.0
2024-07-03 11:16:00,CAPR,4.735000133514404,4.735000133514404,4.735000133514404,4.735000133514404,4.735000133514404,413.0
2024-07-03 11:16:00,CARA,0.28700000047683716,0.28700000047683716,0.28700000047683716,0.2849999964237213,0.2849999964237213,0.0
2024-07-03 11:16:00,CCCC,4.679999828338623,4.679999828338623,4.690000057220459,4.675000190734863,4.690000057220459,1802.0
2024-07-03 11:16:00,CCRN,13.654999732971191,13.654999732971191,13.654999732971191,13.649999618530273,13.649999618530273,880.0
2024-07-03 11:16:00,CDMO,7.550000190734863,7.550000190734863,7.550000190734863,7.550000190734863,7.550000190734863,369.0
2024-07-03 11:16:00,CDXC,2.5199999809265137,2.5199999809265137,2.5199999809265137,2.5199999809265137,2.5199999809265137,727.0
2024-07-03 11:16:00,CDXS,2.875,2.875,2.875,2.875,2.875,302.0
2024-07-03 11:16:00,CERE,41.415000915527344,41.415000915527344,41.415000915527344,41.415000915527344,41.415000915527344,414.0
2024-07-03 11:16:00,CERS,1.7200000286102295,1.7200000286102295,1.7200000286102295,1.7200000286102295,1.7200000286102295,2285.0
2024-07-03 11:16:00,CERT,13.779999732971191,13.779999732971191,13.789999961853027,13.779999732971191,13.789999961853027,810.0
2024-07-03 11:16:00,CGC,6.519999980926514,6.519999980926514,6.539999961853027,6.519999980926514,6.539999961853027,11444.0
2024-07-03 11:16:00,CHRS,1.399999976158142,1.399999976158142,1.399999976158142,1.3949999809265137,1.3949999809265137,1044.0
2024-07-03 11:16:00,CKPT,2.240000009536743,2.240000009536743,2.240000009536743,2.240000009536743,2.240000009536743,8386.0
2024-07-03 11:16:00,CLPT,5.46999979019165,5.46999979019165,5.46999979019165,5.46999979019165,5.46999979019165,396.0
2024-07-03 11:16:00,COLL,32.369998931884766,32.369998931884766,32.369998931884766,32.369998931884766,32.369998931884766,200.0
2024-07-03 11:16:00,CORT,30.594999313354492,30.594999313354492,30.600000381469727,30.579999923706055,30.579999923706055,2492.0
2024-07-03 11:16:00,COSM,0.9501000046730042,0.9501000046730042,0.9501000046730042,0.9501000046730042,0.9501000046730042,1702.0
2024-07-03 11:16:00,CRBU,1.5800000429153442,1.5800000429153442,1.590000033378601,1.5800000429153442,1.5852999687194824,3492.0
2024-07-03 11:16:00,CRDL,1.9249999523162842,1.9249999523162842,1.9249999523162842,1.9249999523162842,1.9249999523162842,0.0
2024-07-03 11:16:00,CRMD,4.133500099182129,4.133500099182129,4.139999866485596,4.130000114440918,4.139999866485596,3491.0
2024-07-03 11:16:00,CRNX,45.01499938964844,45.01499938964844,45.01499938964844,45.01499938964844,45.01499938964844,341.0
2024-07-03 11:16:00,CRSP,53.9900016784668,53.9900016784668,54.060001373291016,53.939998626708984,53.939998626708984,6202.0
2024-07-03 11:16:00,CSTL,21.014999389648438,21.014999389648438,21.014999389648438,21.014999389648438,21.014999389648438,126.0
2024-07-03 11:16:00,CTKB,5.635000228881836,5.635000228881836,5.644999980926514,5.635000228881836,5.639999866485596,3180.0
2024-07-03 11:16:00,CTMX,1.340000033378601,1.340000033378601,1.340000033378601,1.3300000429153442,1.3300000429153442,2703.0
2024-07-03 11:16:00,CUE,1.0,1.0,1.0062999725341797,1.0,1.0062999725341797,300.0
2024-07-03 11:16:00,CVAC,3.369999885559082,3.369999885559082,3.375,3.369999885559082,3.375,1102.0
2024-07-03 11:16:00,CYTK,54.904998779296875,54.904998779296875,54.91999816894531,54.904998779296875,54.90999984741211,385.0
2024-07-03 11:16:00,DAWN,13.350000381469727,13.350000381469727,13.369999885559082,13.350000381469727,13.354999542236328,1878.0
2024-07-03 11:16:00,DCTH,7.78000020980835,7.78000020980835,7.829999923706055,7.78000020980835,7.800000190734863,485.0
2024-07-03 11:16:00,DNLI,21.5,21.5,21.5,21.5,21.5,311.0
2024-07-03 11:16:00,DSGN,3.25,3.25,3.25,3.2200000286102295,3.25,7803.0
2024-07-03 11:16:00,DVAX,11.095000267028809,11.095000267028809,11.104999542236328,11.085000038146973,11.095000267028809,4589.0
2024-07-03 11:16:00,DXCM,110.51000213623047,110.51000213623047,110.54000091552734,110.51000213623047,110.54000091552734,992.0
2024-07-03 11:16:00,DYN,34.474998474121094,34.474998474121094,34.47999954223633,34.45000076293945,34.45000076293945,1675.0
2024-07-03 11:16:00,EDIT,4.659999847412109,4.659999847412109,4.659999847412109,4.659999847412109,4.659999847412109,1702.0
2024-07-03 11:16:00,ELDN,2.4049999713897705,2.4049999713897705,2.4049999713897705,2.4049999713897705,2.4049999713897705,199.0
2024-07-03 11:16:00,ELEV,2.6549999713897705,2.6549999713897705,2.6549999713897705,2.6549999713897705,2.6549999713897705,358.0
2024-07-03 11:16:00,EMBC,12.020000457763672,12.020000457763672,12.020000457763672,12.010000228881836,12.010000228881836,1680.0
2024-07-03 11:16:00,EOLS,10.880000114440918,10.880000114440918,10.880000114440918,10.850000381469727,10.850000381469727,1228.0
2024-07-03 11:16:00,ERAS,2.259999990463257,2.259999990463257,2.259999990463257,2.259999990463257,2.259999990463257,368.0
2024-07-03 11:16:00,ESPR,2.3499999046325684,2.3499999046325684,2.3499999046325684,2.3499999046325684,2.3499999046325684,5292.0
2024-07-03 11:16:00,ETNB,7.489999771118164,7.489999771118164,7.5,7.489999771118164,7.5,5308.0
2024-07-03 11:16:00,EXAI,5.449999809265137,5.449999809265137,5.459700107574463,5.449999809265137,5.459700107574463,1595.0
2024-07-03 11:16:00,EXAS,43.09339904785156,43.09339904785156,43.099998474121094,43.06999969482422,43.099998474121094,2388.0
2024-07-03 11:16:00,EXEL,21.969999313354492,21.969999313354492,21.975000381469727,21.969999313354492,21.975000381469727,526.0
2024-07-03 11:16:00,EYPT,8.345000267028809,8.345000267028809,8.345000267028809,8.345000267028809,8.345000267028809,579.0
2024-07-03 11:16:00,FBIO,1.8049999475479126,1.8049999475479126,1.8049999475479126,1.7999999523162842,1.7999999523162842,3119.0
2024-07-03 11:16:00,FDMT,21.040000915527344,21.040000915527344,21.06999969482422,21.040000915527344,21.06999969482422,943.0
2024-07-03 11:16:00,FGEN,0.7149999737739563,0.7149999737739563,0.7184000015258789,0.7149999737739563,0.7184000015258789,6354.0
2024-07-03 11:16:00,FLGC,0.949999988079071,0.949999988079071,0.949999988079071,0.949999988079071,0.949999988079071,200.0
2024-07-03 11:16:00,FLGT,20.100000381469727,20.100000381469727,20.100000381469727,20.100000381469727,20.100000381469727,226.0
2024-07-03 11:16:00,FOLD,9.904999732971191,9.904999732971191,9.904999732971191,9.904999732971191,9.904999732971191,211.0
2024-07-03 11:16:00,FULC,6.164999961853027,6.164999961853027,6.164999961853027,6.164999961853027,6.164999961853027,305.0
2024-07-03 11:16:00,GALT,2.190000057220459,2.190000057220459,2.190000057220459,2.190000057220459,2.190000057220459,530.0
2024-07-03 11:16:00,GANX,1.1699999570846558,1.1699999570846558,1.1699999570846558,1.1699999570846558,1.1699999570846558,1500.0
2024-07-03 11:16:00,GERN,4.320000171661377,4.320000171661377,4.320000171661377,4.315000057220459,4.315000057220459,2588.0
2024-07-03 11:16:00,GHRS,11.739999771118164,11.739999771118164,11.739999771118164,11.5600004196167,11.5600004196167,207.0
2024-07-03 11:16:00,GILD,66.97160339355469,66.97160339355469,66.9800033569336,66.91000366210938,66.91000366210938,9671.0
2024-07-03 11:16:00,GLYC,0.2669999897480011,0.2669999897480011,0.2687999904155731,0.2669999897480011,0.2687999904155731,0.0
2024-07-03 11:16:00,GMAB,25.190000534057617,25.190000534057617,25.190000534057617,25.190000534057617,25.190000534057617,453.0
2024-07-03 11:16:00,GOSS,0.9379000067710876,0.9379000067710876,0.9398000240325928,0.9377999901771545,0.9398000240325928,11222.0
2024-07-03 11:16:00,GOVX,2.930000066757202,2.930000066757202,2.950000047683716,2.930000066757202,2.931999921798706,1789.0
2024-07-03 11:16:00,GTHX,2.505000114440918,2.505000114440918,2.509999990463257,2.5,2.5,1017.0
2024-07-03 11:16:00,HALO,51.689998626708984,51.689998626708984,51.70000076293945,51.685001373291016,51.685001373291016,5269.0
2024-07-03 11:16:00,HCSG,10.460000038146973,10.460000038146973,10.470000267028809,10.460000038146973,10.469200134277344,1102.0
2024-07-03 11:16:00,HITI,2.1054999828338623,2.1054999828338623,2.1054999828338623,2.1054999828338623,2.1054999828338623,134.0
2024-07-03 11:16:00,HLVX,14.25,14.25,14.25,14.210000038146973,14.229999542236328,1193.0
2024-07-03 11:16:00,HOLX,73.27999877929688,73.27999877929688,73.32499694824219,73.2750015258789,73.32499694824219,2610.0
2024-07-03 11:16:00,HQY,82.84500122070312,82.84500122070312,82.93499755859375,82.84500122070312,82.93000030517578,1950.0
2024-07-03 11:16:00,HRTX,2.7850000858306885,2.7850000858306885,2.7899999618530273,2.7850000858306885,2.7850000858306885,11316.0
2024-07-03 11:16:00,HSIC,65.11900329589844,65.11900329589844,65.11900329589844,65.11900329589844,65.11900329589844,1146.0
2024-07-03 11:16:00,HUGE,0.14339999854564667,0.14339999854564667,0.14339999854564667,0.14339999854564667,0.14339999854564667,8008.0
2024-07-03 11:16:00,HUMA,5.690000057220459,5.690000057220459,5.699999809265137,5.670000076293945,5.690000057220459,5712.0
2024-07-03 11:16:00,IART,28.700000762939453,28.700000762939453,28.71500015258789,28.69499969482422,28.700000762939453,2395.0
2024-07-03 11:16:00,IBRX,6.275000095367432,6.275000095367432,6.28000020980835,6.275000095367432,6.28000020980835,392.0
2024-07-03 11:16:00,ICLR,317.6700134277344,317.6700134277344,317.6700134277344,317.6700134277344,317.6700134277344,360.0
2024-07-03 11:16:00,IDXX,476.8299865722656,476.8299865722656,476.8399963378906,476.8299865722656,476.8399963378906,2405.0
2024-07-03 11:16:00,IDYA,33.540000915527344,33.540000915527344,33.540000915527344,33.540000915527344,33.540000915527344,695.0
2024-07-03 11:16:00,IGMS,6.484300136566162,6.484300136566162,6.484300136566162,6.484300136566162,6.484300136566162,774.0
2024-07-03 11:16:00,IKNA,1.6399999856948853,1.6399999856948853,1.6399999856948853,1.6399999856948853,1.6399999856948853,1485.0
2024-07-03 11:16:00,ILMN,105.39199829101562,105.39199829101562,105.39199829101562,105.39199829101562,105.39199829101562,355.0
2024-07-03 11:16:00,IMAB,1.5299999713897705,1.5299999713897705,1.5299999713897705,1.5299999713897705,1.5299999713897705,200.0
2024-07-03 11:16:00,IMCR,36.027198791503906,36.027198791503906,36.03499984741211,36.027198791503906,36.03499984741211,531.0
2024-07-03 11:16:00,IMMX,2.400899887084961,2.400899887084961,2.430000066757202,2.4000000953674316,2.430000066757202,7390.0
2024-07-03 11:16:00,IMNM,12.114999771118164,12.114999771118164,12.114999771118164,12.114999771118164,12.114999771118164,205.0
2024-07-03 11:16:00,INCY,57.720001220703125,57.720001220703125,57.7400016784668,57.70500183105469,57.73500061035156,1889.0
2024-07-03 11:16:00,INKT,0.9200000166893005,0.9200000166893005,0.9200000166893005,0.9190000295639038,0.9200000166893005,523.0
2024-07-03 11:16:00,INMD,17.549999237060547,17.549999237060547,17.549999237060547,17.549999237060547,17.549999237060547,118.0
2024-07-03 11:16:00,INSM,62.0099983215332,62.0099983215332,62.040000915527344,61.97999954223633,62.040000915527344,6861.0
2024-07-03 11:16:00,INVA,16.19499969482422,16.19499969482422,16.200000762939453,16.19499969482422,16.200000762939453,835.0
2024-07-03 11:16:00,IONS,44.67499923706055,44.67499923706055,44.68000030517578,44.58000183105469,44.59000015258789,8585.0
2024-07-03 11:16:00,IOVA,7.619999885559082,7.619999885559082,7.619999885559082,7.599999904632568,7.610000133514404,7425.0
2024-07-03 11:16:00,IRTC,95.3499984741211,95.3499984741211,95.3499984741211,95.3499984741211,95.3499984741211,375.0
2024-07-03 11:16:00,ISRG,434.1896057128906,434.1896057128906,434.1896057128906,434.1896057128906,434.1896057128906,2253.0
2024-07-03 11:16:00,ITCI,68.28500366210938,68.28500366210938,68.31999969482422,68.28500366210938,68.31999969482422,352.0
2024-07-03 11:16:00,ITRM,1.111199975013733,1.111199975013733,1.111199975013733,1.111199975013733,1.111199975013733,1269.0
2024-07-03 11:16:00,JANX,37.77000045776367,37.77000045776367,37.775001525878906,37.77000045776367,37.775001525878906,776.0
2024-07-03 11:16:00,JAZZ,104.12999725341797,104.12999725341797,104.1500015258789,103.97000122070312,104.11000061035156,1931.0
2024-07-03 11:16:00,KALV,11.609999656677246,11.609999656677246,11.65999984741211,11.609999656677246,11.65999984741211,4480.0
2024-07-03 11:16:00,KIDS,29.790000915527344,29.790000915527344,29.790000915527344,29.790000915527344,29.790000915527344,265.0
2024-07-03 11:16:00,KNSA,18.959999084472656,18.959999084472656,18.959999084472656,18.93000030517578,18.93000030517578,1169.0
2024-07-03 11:16:00,KOD,2.240000009536743,2.240000009536743,2.240000009536743,2.240000009536743,2.240000009536743,118.0
2024-07-03 11:16:00,KPTI,0.8446999788284302,0.8446999788284302,0.8446999788284302,0.8446999788284302,0.8446999788284302,393.0
2024-07-03 11:16:00,KRON,1.1401000022888184,1.1401000022888184,1.1401000022888184,1.1401000022888184,1.1401000022888184,2566.0
2024-07-03 11:16:00,KROS,42.47999954223633,42.47999954223633,42.47999954223633,42.47999954223633,42.47999954223633,856.0
2024-07-03 11:16:00,KTRA,0.28619998693466187,0.28619998693466187,0.28780001401901245,0.28619998693466187,0.2870999872684479,8707.0
2024-07-03 11:16:00,KZR,0.5712000131607056,0.5712000131607056,0.5712000131607056,0.5705999732017517,0.5705999732017517,3781.0
2024-07-03 11:16:00,LAB,1.7999999523162842,1.7999999523162842,1.7999999523162842,1.7899999618530273,1.7899999618530273,2552.0
2024-07-03 11:16:00,LBPH,32.709999084472656,32.709999084472656,32.709999084472656,32.599998474121094,32.69060134887695,513.0
2024-07-03 11:16:00,LEGN,45.900001525878906,45.900001525878906,45.93000030517578,45.869998931884766,45.880001068115234,3582.0
2024-07-03 11:16:00,LFMD,6.760000228881836,6.760000228881836,6.760000228881836,6.760000228881836,6.760000228881836,617.0
2024-07-03 11:16:00,LFST,5.099999904632568,5.099999904632568,5.099999904632568,5.09499979019165,5.09499979019165,800.0
2024-07-03 11:16:00,LGVN,1.5950000286102295,1.5950000286102295,1.604200005531311,1.5950000286102295,1.600000023841858,3533.0
2024-07-03 11:16:00,LIVN,52.540000915527344,52.540000915527344,52.59000015258789,52.540000915527344,52.59000015258789,897.0
2024-07-03 11:16:00,LNTH,79.38999938964844,79.38999938964844,79.38999938964844,79.38999938964844,79.38999938964844,369.0
2024-07-03 11:16:00,LXRX,1.6100000143051147,1.6100000143051147,1.6100000143051147,1.600000023841858,1.600000023841858,877.0
2024-07-03 11:16:00,LYEL,1.5049999952316284,1.5049999952316284,1.5049999952316284,1.5049999952316284,1.5049999952316284,1606.0
2024-07-03 11:16:00,LYRA,0.28630000352859497,0.28630000352859497,0.28679999709129333,0.28630000352859497,0.28679999709129333,403.0
2024-07-03 11:16:00,MBIO,0.5004000067710876,0.5004000067710876,0.5004000067710876,0.4957999885082245,0.4957999885082245,8920.0
2024-07-03 11:16:00,MCRB,0.7190999984741211,0.7190999984741211,0.7190999984741211,0.7190999984741211,0.7190999984741211,1074.0
2024-07-03 11:16:00,MDWD,14.920000076293945,14.920000076293945,14.920000076293945,14.795000076293945,14.795000076293945,1505.0
2024-07-03 11:16:00,ME,0.4047999978065491,0.4047999978065491,0.4047999978065491,0.4047999978065491,0.4047999978065491,1179.0
2024-07-03 11:16:00,MNKD,5.054999828338623,5.054999828338623,5.054999828338623,5.054999828338623,5.054999828338623,405.0
2024-07-03 11:16:00,MORF,31.915000915527344,31.915000915527344,31.915000915527344,31.815000534057617,31.815000534057617,1774.0
2024-07-03 11:16:00,MREO,3.5199999809265137,3.5199999809265137,3.5199999809265137,3.515000104904175,3.515000104904175,913.0
2024-07-03 11:16:00,MRNA,115.76000213623047,115.76000213623047,115.86499786376953,115.62000274658203,115.69999694824219,8528.0
2024-07-03 11:16:00,MRSN,1.8698999881744385,1.8698999881744385,1.875,1.8698999881744385,1.8700000047683716,1385.0
2024-07-03 11:16:00,MRUS,52.290000915527344,52.290000915527344,52.34000015258789,52.2400016784668,52.2400016784668,2641.0
2024-07-03 11:16:00,MRVI,6.804999828338623,6.804999828338623,6.804999828338623,6.789999961853027,6.789999961853027,5583.0
2024-07-03 11:16:00,MXCT,3.674999952316284,3.674999952316284,3.680000066757202,3.674999952316284,3.680000066757202,425.0
2024-07-03 11:16:00,MYGN,25.024999618530273,25.024999618530273,25.049999237060547,25.0,25.049999237060547,3033.0
2024-07-03 11:16:00,NARI,49.45000076293945,49.45000076293945,49.45000076293945,49.45000076293945,49.45000076293945,219.0
2024-07-03 11:16:00,NBIX,138.39999389648438,138.39999389648438,138.39999389648438,138.39999389648438,138.39999389648438,340.0
2024-07-03 11:16:00,NDRA,0.09139999747276306,0.09139999747276306,0.09149999916553497,0.09049999713897705,0.09099999815225601,131732.0
2024-07-03 11:16:00,NEO,13.65999984741211,13.65999984741211,13.65999984741211,13.609999656677246,13.609999656677246,3325.0
2024-07-03 11:16:00,NEOG,15.210000038146973,15.210000038146973,15.229999542236328,15.210000038146973,15.229999542236328,2893.0
2024-07-03 11:16:00,NKTR,1.25,1.25,1.25,1.2450000047683716,1.2450000047683716,676.0
2024-07-03 11:16:00,NLSP,0.1981000006198883,0.1981000006198883,0.2004999965429306,0.1979999989271164,0.2004999965429306,35170.0
2024-07-03 11:16:00,NRC,22.8700008392334,22.8700008392334,22.8700008392334,22.8700008392334,22.8700008392334,115.0
2024-07-03 11:16:00,NRIX,19.65999984741211,19.65999984741211,19.65999984741211,19.65999984741211,19.65999984741211,191.0
2024-07-03 11:16:00,NTLA,22.56999969482422,22.56999969482422,22.56999969482422,22.56999969482422,22.56999969482422,1769.0
2024-07-03 11:16:00,NTRA,111.5,111.5,111.56999969482422,111.5,111.56999969482422,1597.0
2024-07-03 11:16:00,NUTX,5.269999980926514,5.269999980926514,5.269999980926514,5.269999980926514,5.269999980926514,552.0
2024-07-03 11:16:00,NUVL,71.61000061035156,71.61000061035156,71.61000061035156,71.61000061035156,71.61000061035156,1071.0
2024-07-03 11:16:00,NUWE,3.8901000022888184,3.8901000022888184,3.8901000022888184,3.8901000022888184,3.8901000022888184,685.0
2024-07-03 11:16:00,NVAX,12.720000267028809,12.720000267028809,12.720000267028809,12.710000038146973,12.710000038146973,3359.0
2024-07-03 11:16:00,NVCR,16.75,16.75,16.760000228881836,16.75,16.760000228881836,2778.0
2024-07-03 11:16:00,NVCT,6.170000076293945,6.170000076293945,6.23199987411499,6.170000076293945,6.23199987411499,527.0
2024-07-03 11:16:00,NXL,1.399999976158142,1.399999976158142,1.399999976158142,1.399999976158142,1.399999976158142,347.0
2024-07-03 11:16:00,OCGN,1.6150000095367432,1.6150000095367432,1.6299999952316284,1.6100000143051147,1.625,41550.0
2024-07-03 11:16:00,OCUL,6.690000057220459,6.690000057220459,6.695000171661377,6.684999942779541,6.695000171661377,1959.0
2024-07-03 11:16:00,OGI,1.5750000476837158,1.5750000476837158,1.5750000476837158,1.5750000476837158,1.5750000476837158,1015.0
2024-07-03 11:16:00,OM,3.859999895095825,3.859999895095825,3.869999885559082,3.859999895095825,3.859999895095825,3917.0
2024-07-03 11:16:00,OMGA,1.9900000095367432,1.9900000095367432,1.9900000095367432,1.9800000190734863,1.9800000190734863,205.0
2024-07-03 11:17:00,ABCL,2.740000009536743,2.740000009536743,2.7699999809265137,2.7348999977111816,2.740000009536743,65248.0
2024-07-03 11:17:00,ABEO,4.260000228881836,4.260000228881836,4.260000228881836,4.260000228881836,4.260000228881836,289.0
2024-07-03 11:17:00,ABSI,3.234999895095825,3.234999895095825,3.234999895095825,3.2300000190734863,3.2300000190734863,1831.0
2024-07-03 11:17:00,ABUS,3.1549999713897705,3.1549999713897705,3.1549999713897705,3.1549999713897705,3.1549999713897705,106.0
2024-07-03 11:17:00,ACB,4.856100082397461,4.856100082397461,4.860000133514404,4.850200176239014,4.850200176239014,4540.0
2024-07-03 11:17:00,ACCD,3.5450000762939453,3.5450000762939453,3.549999952316284,3.5411999225616455,3.5450000762939453,5889.0
2024-07-03 11:17:00,ACET,1.0549999475479126,1.0549999475479126,1.0549999475479126,1.0499999523162842,1.0499999523162842,1411.0
2024-07-03 11:17:00,ACHV,4.494999885559082,4.494999885559082,4.494999885559082,4.494999885559082,4.494999885559082,255.0
2024-07-03 11:17:00,ACIU,3.7899999618530273,3.7899999618530273,3.850100040435791,3.7899999618530273,3.850100040435791,35266.0
2024-07-03 11:17:00,ACRS,1.149999976158142,1.149999976158142,1.149999976158142,1.149999976158142,1.149999976158142,589.0
2024-07-03 11:17:00,ADAP,1.0199999809265137,1.0199999809265137,1.0199999809265137,1.0199999809265137,1.0199999809265137,612.0
2024-07-03 11:17:00,ADMA,11.255000114440918,11.255000114440918,11.255000114440918,11.25,11.25,1204.0
2024-07-03 11:17:00,ADUS,116.80000305175781,116.80000305175781,116.80000305175781,116.80000305175781,116.80000305175781,417.0
2024-07-03 11:17:00,AGEN,14.385000228881836,14.385000228881836,14.385000228881836,14.350000381469727,14.350000381469727,1160.0
2024-07-03 11:17:00,AHCO,9.800000190734863,9.800000190734863,9.805000305175781,9.800000190734863,9.800000190734863,680.0
2024-07-03 11:17:00,AIMD,0.8245000243186951,0.8245000243186951,0.8245000243186951,0.8245000243186951,0.8245000243186951,200.0
2024-07-03 11:17:00,AKBA,0.9434000253677368,0.9434000253677368,0.9434000253677368,0.9424999952316284,0.9434000253677368,7881.0
2024-07-03 11:17:00,AKRO,22.045000076293945,22.045000076293945,22.045000076293945,22.045000076293945,22.045000076293945,203.0
2024-07-03 11:17:00,ALEC,4.448999881744385,4.448999881744385,4.449999809265137,4.448999881744385,4.449999809265137,1110.0
2024-07-03 11:17:00,ALGN,240.4199981689453,240.4199981689453,240.42999267578125,239.9499969482422,239.9499969482422,3616.0
2024-07-03 11:17:00,ALGS,0.4262000024318695,0.4262000024318695,0.4262000024318695,0.4262000024318695,0.4262000024318695,1400.0
2024-07-03 11:17:00,ALKS,24.229999542236328,24.229999542236328,24.260000228881836,24.229999542236328,24.260000228881836,2219.0
2024-07-03 11:17:00,ALLO,2.130000114440918,2.130000114440918,2.130000114440918,2.130000114440918,2.130000114440918,350.0
2024-07-03 11:17:00,ALT,6.675000190734863,6.675000190734863,6.677499771118164,6.670000076293945,6.670000076293945,2081.0
2024-07-03 11:17:00,ALXO,5.880000114440918,5.880000114440918,5.880000114440918,5.8709001541137695,5.8709001541137695,1096.0
2024-07-03 11:17:00,AMED,96.9000015258789,96.9000015258789,96.9000015258789,96.87999725341797,96.87999725341797,470.0
2024-07-03 11:17:00,AMGN,307.3299865722656,307.3299865722656,307.3299865722656,307.07501220703125,307.07501220703125,2986.0
2024-07-03 11:17:00,AMLX,1.7450000047683716,1.7450000047683716,1.75,1.7450000047683716,1.75,5348.0
2024-07-03 11:17:00,AMPH,38.35029983520508,38.35029983520508,38.35029983520508,38.35029983520508,38.35029983520508,173.0
2024-07-03 11:17:00,AMRN,0.6984999775886536,0.6984999775886536,0.6984999775886536,0.6984999775886536,0.6984999775886536,0.0
2024-07-03 11:17:00,ANAB,25.020000457763672,25.020000457763672,25.020000457763672,25.020000457763672,25.020000457763672,543.0
2024-07-03 11:17:00,ANIP,61.10499954223633,61.10499954223633,61.130001068115234,61.08000183105469,61.130001068115234,1692.0
2024-07-03 11:17:00,ANNX,4.764999866485596,4.764999866485596,4.7652997970581055,4.764999866485596,4.764999866485596,1805.0
2024-07-03 11:17:00,APDN,0.3871999979019165,0.3871999979019165,0.400299996137619,0.3779999911785126,0.390500009059906,22998.0
2024-07-03 11:17:00,APLS,35.59000015258789,35.59000015258789,35.59000015258789,35.59000015258789,35.59000015258789,826.0
2024-07-03 11:17:00,APLT,4.360000133514404,4.360000133514404,4.360000133514404,4.355000019073486,4.355000019073486,1744.0
2024-07-03 11:17:00,APVO,0.3140000104904175,0.3140000104904175,0.3140000104904175,0.3140000104904175,0.3140000104904175,400.0
2024-07-03 11:17:00,AQST,2.4000000953674316,2.4000000953674316,2.4000000953674316,2.4000000953674316,2.4000000953674316,482.0
2024-07-03 11:17:00,ARCT,21.469999313354492,21.469999313354492,21.469999313354492,21.469999313354492,21.469999313354492,382.0
2024-07-03 11:17:00,ARDX,5.215000152587891,5.215000152587891,5.21999979019165,5.210000038146973,5.210000038146973,7393.0
2024-07-03 11:17:00,ARQT,9.645000457763672,9.645000457763672,9.645000457763672,9.630000114440918,9.635000228881836,1591.0
2024-07-03 11:17:00,ARVN,24.280000686645508,24.280000686645508,24.280000686645508,24.280000686645508,24.280000686645508,373.0
2024-07-03 11:17:00,ASRT,1.3300000429153442,1.3300000429153442,1.3300000429153442,1.3200000524520874,1.3200000524520874,1462.0
2024-07-03 11:17:00,ATEC,9.9399995803833,9.9399995803833,9.9399995803833,9.9399995803833,9.9399995803833,486.0
2024-07-03 11:17:00,ATRC,22.334999084472656,22.334999084472656,22.334999084472656,22.334999084472656,22.334999084472656,294.0
2024-07-03 11:17:00,AUGX,1.0,1.0,1.0,1.0,1.0,300.0
2024-07-03 11:17:00,AUPH,5.460000038146973,5.460000038146973,5.460000038146973,5.460000038146973,5.460000038146973,2256.0
2024-07-03 11:17:00,AXNX,67.54000091552734,67.54000091552734,67.54000091552734,67.54000091552734,67.54000091552734,385.0
2024-07-03 11:17:00,AXSM,79.70500183105469,79.70500183105469,79.70500183105469,79.63999938964844,79.69999694824219,1353.0
2024-07-03 11:17:00,AZN,76.69999694824219,76.69999694824219,76.70999908447266,76.68000030517578,76.69000244140625,5537.0
2024-07-03 11:17:00,BCAB,1.375,1.375,1.3799999952316284,1.3700000047683716,1.3799999952316284,9905.0
2024-07-03 11:17:00,BCRX,6.514999866485596,6.514999866485596,6.514999866485596,6.510000228881836,6.510000228881836,1024.0
2024-07-03 11:17:00,BCTX,1.0099999904632568,1.0099999904632568,1.0299999713897705,1.0099999904632568,1.0299999713897705,800.0
2024-07-03 11:17:00,BDTX,4.335000038146973,4.335000038146973,4.340000152587891,4.335000038146973,4.340000152587891,1328.0
2024-07-03 11:17:00,BEAM,23.670000076293945,23.670000076293945,23.799999237060547,23.664400100708008,23.799999237060547,10076.0
2024-07-03 11:17:00,BIIB,223.6999969482422,223.6999969482422,223.6999969482422,223.52999877929688,223.52999877929688,3135.0
2024-07-03 11:17:00,BLFS,19.670000076293945,19.670000076293945,19.670000076293945,19.670000076293945,19.670000076293945,447.0
2024-07-03 11:17:00,BLUE,0.9355000257492065,0.9355000257492065,0.9355999827384949,0.9269000291824341,0.9269000291824341,55528.0
2024-07-03 11:17:00,BMRN,81.23999786376953,81.23999786376953,81.23999786376953,81.14089965820312,81.14089965820312,589.0
2024-07-03 11:17:00,BNGO,0.5576000213623047,0.5576000213623047,0.5576000213623047,0.5575000047683716,0.5576000213623047,9621.0
2024-07-03 11:17:00,BPMC,110.86000061035156,110.86000061035156,110.86000061035156,110.86000061035156,110.86000061035156,461.0
2024-07-03 11:17:00,BRKR,61.59000015258789,61.59000015258789,61.599998474121094,61.59000015258789,61.599998474121094,839.0
2024-07-03 11:17:00,CABA,7.619999885559082,7.619999885559082,7.619999885559082,7.619999885559082,7.619999885559082,1287.0
2024-07-03 11:17:00,CARA,0.28700000047683716,0.28700000047683716,0.28700000047683716,0.28700000047683716,0.28700000047683716,101.0
2024-07-03 11:17:00,CCCC,4.684999942779541,4.684999942779541,4.690000057220459,4.679999828338623,4.684999942779541,1444.0
2024-07-03 11:17:00,CCRN,13.649999618530273,13.649999618530273,13.649999618530273,13.649999618530273,13.649999618530273,1037.0
2024-07-03 11:17:00,CDMO,7.550000190734863,7.550000190734863,7.550000190734863,7.53000020980835,7.53000020980835,2155.0
2024-07-03 11:17:00,CELC,16.290000915527344,16.290000915527344,16.299999237060547,16.264999389648438,16.280000686645508,650.0
2024-07-03 11:17:00,CELZ,3.7699999809265137,3.7699999809265137,3.7699999809265137,3.7699999809265137,3.7699999809265137,111.0
2024-07-03 11:17:00,CERE,41.41999816894531,41.41999816894531,41.41999816894531,41.41999816894531,41.41999816894531,108.0
2024-07-03 11:17:00,CERT,13.770000457763672,13.770000457763672,13.770000457763672,13.770000457763672,13.770000457763672,255.0
2024-07-03 11:17:00,CGC,6.528800010681152,6.528800010681152,6.528800010681152,6.519999980926514,6.525000095367432,1091.0
2024-07-03 11:17:00,CGEM,17.0,17.0,17.0,17.0,17.0,235.0
2024-07-03 11:17:00,CHRS,1.3949999809265137,1.3949999809265137,1.399999976158142,1.3949999809265137,1.3949999809265137,770.0
2024-07-03 11:17:00,CING,0.33730000257492065,0.33730000257492065,0.33730000257492065,0.33730000257492065,0.33730000257492065,5510.0
2024-07-03 11:17:00,CLOV,1.2450000047683716,1.2450000047683716,1.2450000047683716,1.2450000047683716,1.2450000047683716,266.0
2024-07-03 11:17:00,CMPS,6.349999904632568,6.349999904632568,6.349999904632568,6.349999904632568,6.349999904632568,340.0
2024-07-03 11:17:00,CMRX,0.8629999756813049,0.8629999756813049,0.8629999756813049,0.8629999756813049,0.8629999756813049,278.0
2024-07-03 11:17:00,COGT,8.569999694824219,8.569999694824219,8.569999694824219,8.569999694824219,8.569999694824219,174.0
2024-07-03 11:17:00,COLL,32.314998626708984,32.314998626708984,32.314998626708984,32.314998626708984,32.314998626708984,141.0
2024-07-03 11:17:00,CPRX,15.470000267028809,15.470000267028809,15.470000267028809,15.470000267028809,15.470000267028809,467.0
2024-07-03 11:17:00,CRBU,1.5800000429153442,1.5800000429153442,1.5850000381469727,1.5800000429153442,1.5850000381469727,468.0
2024-07-03 11:17:00,CRMD,4.130000114440918,4.130000114440918,4.130000114440918,4.123499870300293,4.130000114440918,1105.0
2024-07-03 11:17:00,CRNX,45.02000045776367,45.02000045776367,45.02000045776367,45.02000045776367,45.02000045776367,381.0
2024-07-03 11:17:00,CRON,2.305000066757202,2.305000066757202,2.305000066757202,2.299999952316284,2.305000066757202,1295.0
2024-07-03 11:17:00,CRSP,54.040000915527344,54.040000915527344,54.040000915527344,53.98500061035156,54.040000915527344,1065.0
2024-07-03 11:17:00,CTKB,5.630000114440918,5.630000114440918,5.635000228881836,5.630000114440918,5.635000228881836,2604.0
2024-07-03 11:17:00,CTXR,0.5033000111579895,0.5033000111579895,0.5033000111579895,0.5033000111579895,0.5033000111579895,1234.0
2024-07-03 11:17:00,CUE,1.0,1.0,1.0,1.0,1.0,302.0
2024-07-03 11:17:00,CUTR,1.3250000476837158,1.3250000476837158,1.3250000476837158,1.3250000476837158,1.3250000476837158,283.0
2024-07-03 11:17:00,CVAC,3.375,3.375,3.380000114440918,3.375,3.376499891281128,3487.0
2024-07-03 11:17:00,CYTK,54.91999816894531,54.91999816894531,54.91999816894531,54.91999816894531,54.91999816894531,454.0
2024-07-03 11:17:00,DARE,3.375,3.375,3.375,3.375,3.375,2701.0
2024-07-03 11:17:00,DAWN,13.350000381469727,13.350000381469727,13.350000381469727,13.350000381469727,13.350000381469727,489.0
2024-07-03 11:17:00,DCGO,2.9200000762939453,2.9200000762939453,2.9200000762939453,2.9149999618530273,2.9149999618530273,3856.0
2024-07-03 11:17:00,DCTH,7.78000020980835,7.78000020980835,7.820000171661377,7.78000020980835,7.78000020980835,524.0
2024-07-03 11:17:00,DH,5.385000228881836,5.385000228881836,5.389999866485596,5.385000228881836,5.389999866485596,323.0
2024-07-03 11:17:00,DNLI,21.530000686645508,21.530000686645508,21.530000686645508,21.530000686645508,21.530000686645508,1024.0
2024-07-03 11:17:00,DSGN,3.25,3.25,3.25,3.2202000617980957,3.234999895095825,6031.0
2024-07-03 11:17:00,DVAX,11.085000038146973,11.085000038146973,11.09000015258789,11.079999923706055,11.079999923706055,2597.0
2024-07-03 11:17:00,DXCM,110.4000015258789,110.4000015258789,110.43070220947266,110.4000015258789,110.43070220947266,1292.0
2024-07-03 11:17:00,DYN,34.45240020751953,34.45240020751953,34.45240020751953,34.45240020751953,34.45240020751953,518.0
2024-07-03 11:17:00,EDIT,4.66480016708374,4.66480016708374,4.66480016708374,4.659999847412109,4.659999847412109,2042.0
2024-07-03 11:17:00,ELDN,2.4200000762939453,2.4200000762939453,2.4600000381469727,2.4184000492095947,2.4184000492095947,5872.0
2024-07-03 11:17:00,ELEV,2.6549999713897705,2.6549999713897705,2.6549999713897705,2.6549999713897705,2.6549999713897705,431.0
2024-07-03 11:17:00,ELYM,6.809999942779541,6.809999942779541,6.809999942779541,6.75,6.75,700.0
2024-07-03 11:17:00,EOLS,10.880000114440918,10.880000114440918,10.880000114440918,10.880000114440918,10.880000114440918,316.0
2024-07-03 11:17:00,ERAS,2.259999990463257,2.259999990463257,2.259999990463257,2.259999990463257,2.259999990463257,310.0
2024-07-03 11:17:00,ESPR,2.3499999046325684,2.3499999046325684,2.3499999046325684,2.3450000286102295,2.3450000286102295,505.0
2024-07-03 11:17:00,EXAI,5.449999809265137,5.449999809265137,5.449999809265137,5.449999809265137,5.449999809265137,368.0
2024-07-03 11:17:00,EXAS,43.11000061035156,43.11000061035156,43.119998931884766,43.10499954223633,43.119998931884766,1480.0
2024-07-03 11:17:00,EXEL,21.975000381469727,21.975000381469727,21.975000381469727,21.975000381469727,21.975000381469727,201.0
2024-07-03 11:17:00,EYEN,0.7666000127792358,0.7666000127792358,0.7667999863624573,0.7666000127792358,0.7667999863624573,410.0
2024-07-03 11:17:00,FATE,3.194999933242798,3.194999933242798,3.194999933242798,3.194999933242798,3.194999933242798,886.0
2024-07-03 11:17:00,FBIO,1.8000999689102173,1.8000999689102173,1.8049999475479126,1.7999999523162842,1.7999999523162842,2871.0
2024-07-03 11:17:00,FDMT,21.05500030517578,21.05500030517578,21.05500030517578,21.05500030517578,21.05500030517578,362.0
2024-07-03 11:17:00,FGEN,0.7135999798774719,0.7135999798774719,0.7135999798774719,0.7135999798774719,0.7135999798774719,2196.0
2024-07-03 11:17:00,FHTX,5.570000171661377,5.570000171661377,5.570000171661377,5.510000228881836,5.510000228881836,448.0
2024-07-03 11:17:00,FLGC,0.949999988079071,0.949999988079071,0.949999988079071,0.949999988079071,0.949999988079071,100.0
2024-07-03 11:17:00,FOLD,9.904999732971191,9.904999732971191,9.904999732971191,9.899999618530273,9.899999618530273,332.0
2024-07-03 11:17:00,FULC,6.159999847412109,6.159999847412109,6.159999847412109,6.159999847412109,6.159999847412109,978.0
2024-07-03 11:17:00,GALT,2.1700000762939453,2.1700000762939453,2.1700000762939453,2.1700000762939453,2.1700000762939453,644.0
2024-07-03 11:17:00,GDRX,7.864999771118164,7.864999771118164,7.865699768066406,7.864999771118164,7.865699768066406,2248.0
2024-07-03 11:17:00,GERN,4.320000171661377,4.320000171661377,4.320000171661377,4.320000171661377,4.320000171661377,1260.0
2024-07-03 11:17:00,GH,28.25,28.25,28.25,28.25,28.25,142.0
2024-07-03 11:17:00,GILD,66.9800033569336,66.9800033569336,66.98380279541016,66.95970153808594,66.97010040283203,13177.0
2024-07-03 11:17:00,GLUE,3.734999895095825,3.734999895095825,3.734999895095825,3.734999895095825,3.734999895095825,108.0
2024-07-03 11:17:00,GLYC,0.2689000070095062,0.2689000070095062,0.2689000070095062,0.2689000070095062,0.2689000070095062,800.0
2024-07-03 11:17:00,GMAB,25.18000030517578,25.18000030517578,25.18000030517578,25.18000030517578,25.18000030517578,576.0
2024-07-03 11:17:00,GOSS,0.9358999729156494,0.9358999729156494,0.9358999729156494,0.9358999729156494,0.9358999729156494,367.0
2024-07-03 11:17:00,GOVX,2.930000066757202,2.930000066757202,2.9600000381469727,2.9200000762939453,2.9600000381469727,8513.0
2024-07-03 11:17:00,GRFS,6.664999961853027,6.664999961853027,6.664999961853027,6.664999961853027,6.664999961853027,419.0
2024-07-03 11:17:00,GRTS,0.5813000202178955,0.5813000202178955,0.5813000202178955,0.5771999955177307,0.5774000287055969,23135.0
2024-07-03 11:17:00,GTBP,2.799799919128418,2.799799919128418,2.799799919128418,2.799799919128418,2.799799919128418,1980.0
2024-07-03 11:17:00,GTHX,2.509999990463257,2.509999990463257,2.509999990463257,2.5,2.5,753.0
2024-07-03 11:17:00,HALO,51.720001220703125,51.720001220703125,51.720001220703125,51.685001373291016,51.70000076293945,2107.0
2024-07-03 11:17:00,HCSG,10.479999542236328,10.479999542236328,10.479999542236328,10.460000038146973,10.460000038146973,1779.0
2024-07-03 11:17:00,HOLX,73.2750015258789,73.2750015258789,73.2750015258789,73.2750015258789,73.2750015258789,146.0
2024-07-03 11:17:00,HOWL,2.0399999618530273,2.0399999618530273,2.0399999618530273,2.0399999618530273,2.0399999618530273,207.0
2024-07-03 11:17:00,HQY,82.9000015258789,82.9000015258789,82.91500091552734,82.8499984741211,82.91500091552734,1572.0
2024-07-03 11:17:00,HRTX,2.7850000858306885,2.7850000858306885,2.7899999618530273,2.7799999713897705,2.7850000858306885,1112.0
2024-07-03 11:17:00,HUMA,5.690000057220459,5.690000057220459,5.690000057220459,5.690000057220459,5.690000057220459,3784.0
2024-07-03 11:17:00,IART,28.75,28.75,28.760000228881836,28.700000762939453,28.700000762939453,4710.0
2024-07-03 11:17:00,IBRX,6.28000020980835,6.28000020980835,6.289999961853027,6.28000020980835,6.289999961853027,2370.0
2024-07-03 11:17:00,ICAD,1.2000000476837158,1.2000000476837158,1.2100000381469727,1.2000000476837158,1.2100000381469727,2623.0
2024-07-03 11:17:00,ICLR,317.4750061035156,317.4750061035156,317.7200012207031,317.4750061035156,317.6700134277344,2580.0
2024-07-03 11:17:00,IDXX,476.8900146484375,476.8900146484375,476.8900146484375,476.8900146484375,476.8900146484375,1141.0
2024-07-03 11:17:00,IGMS,6.547699928283691,6.547699928283691,6.547699928283691,6.547699928283691,6.547699928283691,363.0
2024-07-03 11:17:00,IKNA,1.6399999856948853,1.6399999856948853,1.6399999856948853,1.6349999904632568,1.6399999856948853,4629.0
2024-07-03 11:17:00,ILMN,105.41999816894531,105.41999816894531,105.45999908447266,105.41999816894531,105.44999694824219,968.0
2024-07-03 11:17:00,IMAB,1.5299999713897705,1.5299999713897705,1.5299999713897705,1.5299999713897705,1.5299999713897705,222.0
2024-07-03 11:17:00,IMCR,36.0099983215332,36.0099983215332,36.03499984741211,35.93000030517578,36.03499984741211,29503.0
2024-07-03 11:17:00,IMMP,1.940999984741211,1.940999984741211,1.940999984741211,1.940999984741211,1.940999984741211,800.0
2024-07-03 11:17:00,IMMX,2.430000066757202,2.430000066757202,2.430000066757202,2.3901000022888184,2.4000000953674316,7522.0
2024-07-03 11:17:00,IMNM,12.119999885559082,12.119999885559082,12.135000228881836,12.100000381469727,12.100000381469727,3614.0
2024-07-03 11:17:00,IMRX,1.1399999856948853,1.1399999856948853,1.1399999856948853,1.1399999856948853,1.1399999856948853,329.0
2024-07-03 11:17:00,IMTX,11.880000114440918,11.880000114440918,11.880000114440918,11.880000114440918,11.880000114440918,354.0
2024-07-03 11:17:00,IMVT,26.424999237060547,26.424999237060547,26.424999237060547,26.424999237060547,26.424999237060547,302.0
2024-07-03 11:17:00,INCY,57.779998779296875,57.779998779296875,57.779998779296875,57.712501525878906,57.712501525878906,2800.0
2024-07-03 11:17:00,INMD,17.549999237060547,17.549999237060547,17.549999237060547,17.549999237060547,17.549999237060547,388.0
2024-07-03 11:17:00,INSM,61.91999816894531,61.91999816894531,61.93000030517578,61.79999923706055,61.90999984741211,6117.0
2024-07-03 11:17:00,INVA,16.19499969482422,16.19499969482422,16.19499969482422,16.19499969482422,16.19499969482422,560.0
2024-07-03 11:17:00,IONM,0.32429999113082886,0.32429999113082886,0.32429999113082886,0.32429999113082886,0.32429999113082886,2001.0
2024-07-03 11:17:00,IONS,44.665000915527344,44.665000915527344,44.665000915527344,44.650001525878906,44.65999984741211,1139.0
2024-07-03 11:17:00,IOVA,7.625,7.625,7.630000114440918,7.612199783325195,7.614999771118164,17933.0
2024-07-03 11:17:00,IRTC,95.6449966430664,95.6449966430664,95.6449966430664,95.6449966430664,95.6449966430664,1180.0
2024-07-03 11:17:00,IRWD,6.135000228881836,6.135000228881836,6.135000228881836,6.135000228881836,6.135000228881836,377.0
2024-07-03 11:17:00,ISPC,0.27900001406669617,0.27900001406669617,0.27900001406669617,0.27900001406669617,0.27900001406669617,535.0
2024-07-03 11:17:00,IXHL,2.7699999809265137,2.7699999809265137,2.7699999809265137,2.7699999809265137,2.7699999809265137,1743.0
2024-07-03 11:17:00,JANX,37.779998779296875,37.779998779296875,37.779998779296875,37.779998779296875,37.779998779296875,107.0
2024-07-03 11:17:00,JYNT,13.229999542236328,13.229999542236328,13.229999542236328,13.229999542236328,13.229999542236328,513.0
2024-07-03 11:17:00,KALA,6.779900074005127,6.779900074005127,6.779900074005127,6.779900074005127,6.779900074005127,4071.0
2024-07-03 11:17:00,KTRA,0.2881999909877777,0.2881999909877777,0.2881999909877777,0.2851000130176544,0.2851000130176544,47431.0
2024-07-03 11:17:00,KYMR,30.23080062866211,30.23080062866211,30.270000457763672,30.23080062866211,30.270000457763672,615.0
2024-07-03 11:17:00,KZR,0.5712000131607056,0.5712000131607056,0.5712000131607056,0.5712000131607056,0.5712000131607056,489.0
2024-07-03 11:17:00,LAB,1.7999999523162842,1.7999999523162842,1.7999999523162842,1.7899999618530273,1.7899999618530273,750.0
2024-07-03 11:17:00,LBPH,32.70000076293945,32.70000076293945,32.709999084472656,32.70000076293945,32.709999084472656,2015.0
2024-07-03 11:17:00,LEGN,45.959999084472656,45.959999084472656,46.0099983215332,45.939998626708984,46.0099983215332,2982.0
2024-07-03 11:17:00,LFST,5.105000019073486,5.105000019073486,5.105000019073486,5.105000019073486,5.105000019073486,1115.0
2024-07-03 11:17:00,LGVN,1.5973999500274658,1.5973999500274658,1.600000023841858,1.5973999500274658,1.600000023841858,1865.0
2024-07-03 11:17:00,LIVN,52.540000915527344,52.540000915527344,52.54999923706055,52.540000915527344,52.540000915527344,390.0
2024-07-03 11:17:00,LNTH,79.37000274658203,79.37000274658203,79.37000274658203,79.37000274658203,79.37000274658203,384.0
2024-07-03 11:17:00,LPTX,1.784999966621399,1.784999966621399,1.784999966621399,1.784999966621399,1.784999966621399,0.0
2024-07-03 11:17:00,LQDA,11.899999618530273,11.899999618530273,11.90999984741211,11.899999618530273,11.907899856567383,817.0
2024-07-03 11:17:00,LUCY,0.4641000032424927,0.4641000032424927,0.46549999713897705,0.46399998664855957,0.46549999713897705,3639.0
2024-07-03 11:17:00,LUNG,6.269999980926514,6.269999980926514,6.28000020980835,6.269999980926514,6.269999980926514,828.0
2024-07-03 11:17:00,LXRX,1.600000023841858,1.600000023841858,1.600000023841858,1.600000023841858,1.600000023841858,757.0
2024-07-03 11:17:00,LYEL,1.5099999904632568,1.5099999904632568,1.5099999904632568,1.5099999904632568,1.5099999904632568,102.0
2024-07-03 11:17:00,LYRA,0.28679999709129333,0.28679999709129333,0.28679999709129333,0.28630000352859497,0.28630000352859497,900.0
2024-07-03 11:17:00,MASS,4.739999771118164,4.739999771118164,4.739999771118164,4.739999771118164,4.739999771118164,411.0
2024-07-03 11:17:00,MBIO,0.4961000084877014,0.4961000084877014,0.4982999861240387,0.4959000051021576,0.4959999918937683,3266.0
2024-07-03 11:17:00,MBOT,1.0499999523162842,1.0499999523162842,1.0499999523162842,1.0499999523162842,1.0499999523162842,250.0
2024-07-03 11:17:00,MCRB,0.7190999984741211,0.7190999984741211,0.7190999984741211,0.7190999984741211,0.7190999984741211,323.0
2024-07-03 11:17:00,MDXG,6.740099906921387,6.740099906921387,6.740099906921387,6.740099906921387,6.740099906921387,552.0
2024-07-03 11:17:00,ME,0.4043000042438507,0.4043000042438507,0.4043000042438507,0.40400001406669617,0.40400001406669617,2711.0
2024-07-03 11:17:00,MEDP,405.57000732421875,405.57000732421875,405.57000732421875,405.57000732421875,405.57000732421875,1000.0
2024-07-03 11:17:00,MEDS,17.360000610351562,17.360000610351562,17.360000610351562,17.360000610351562,17.360000610351562,1062.0
2024-07-03 11:17:00,MGNX,4.244999885559082,4.244999885559082,4.25,4.244999885559082,4.25,2931.0
2024-07-03 11:17:00,MGTX,3.9800000190734863,3.9800000190734863,3.9800000190734863,3.9800000190734863,3.9800000190734863,1358.0
2024-07-03 11:17:00,MNMD,7.199999809265137,7.199999809265137,7.199999809265137,7.199999809265137,7.199999809265137,281.0
2024-07-03 11:17:00,MORF,31.895000457763672,31.895000457763672,31.895000457763672,31.895000457763672,31.895000457763672,199.0
2024-07-03 11:17:00,MREO,3.515000104904175,3.515000104904175,3.515000104904175,3.509999990463257,3.509999990463257,909.0
2024-07-03 11:17:00,MRNA,115.86000061035156,115.86000061035156,115.86000061035156,115.7699966430664,115.77999877929688,1797.0
2024-07-03 11:17:00,MRSN,1.8700000047683716,1.8700000047683716,1.8700000047683716,1.8650000095367432,1.8700000047683716,633.0
2024-07-03 11:17:00,MRVI,6.800000190734863,6.800000190734863,6.804999828338623,6.800000190734863,6.804999828338623,3803.0
2024-07-03 11:17:00,MXCT,3.670099973678589,3.670099973678589,3.680000066757202,3.670099973678589,3.680000066757202,575.0
2024-07-03 11:17:00,NBIX,138.3800048828125,138.3800048828125,138.3800048828125,138.35000610351562,138.35000610351562,273.0
2024-07-03 11:17:00,NDRA,0.09179999679327011,0.09179999679327011,0.09179999679327011,0.09059999883174896,0.09109999984502792,367817.0
2024-07-03 11:17:00,NKTR,1.25,1.25,1.25,1.2401000261306763,1.2401000261306763,550.0
2024-07-03 11:17:00,NLSP,0.19930000603199005,0.19930000603199005,0.20000000298023224,0.19930000603199005,0.20000000298023224,21430.0
2024-07-03 11:17:00,NRSN,1.315000057220459,1.315000057220459,1.3200000524520874,1.315000057220459,1.3200000524520874,251.0
2024-07-03 11:17:00,NTLA,22.594999313354492,22.594999313354492,22.594999313354492,22.594999313354492,22.594999313354492,1171.0
2024-07-03 11:17:00,NUWE,3.9600000381469727,3.9600000381469727,3.9600000381469727,3.9600000381469727,3.9600000381469727,277.0
2024-07-03 11:17:00,NVAX,12.710100173950195,12.710100173950195,12.715800285339355,12.710000038146973,12.71500015258789,2317.0
2024-07-03 11:17:00,NVCR,16.75,16.75,16.760000228881836,16.75,16.760000228881836,1399.0
2024-07-03 11:17:00,NVCT,6.224999904632568,6.224999904632568,6.224999904632568,6.224999904632568,6.224999904632568,1230.0
2024-07-03 11:17:00,NVOS,0.7592999935150146,0.7592999935150146,0.7592999935150146,0.7592999935150146,0.7592999935150146,470.0
2024-07-03 11:17:00,NXL,1.4049999713897705,1.4049999713897705,1.4049999713897705,1.4049999713897705,1.4049999713897705,2071.0
2024-07-03 11:17:00,OCGN,1.6150000095367432,1.6150000095367432,1.6150000095367432,1.6150000095367432,1.6150000095367432,251.0
2024-07-03 11:17:00,OCUL,6.684999942779541,6.684999942779541,6.730000019073486,6.684999942779541,6.695000171661377,77530.0
2024-07-03 11:17:00,OGI,1.573199987411499,1.573199987411499,1.5800000429153442,1.573199987411499,1.5800000429153442,1154.0
2024-07-03 11:17:00,OM,3.865000009536743,3.865000009536743,3.865000009536743,3.865000009536743,3.865000009536743,1347.0
2024-07-03 11:17:00,OMCL,26.530000686645508,26.530000686645508,26.545000076293945,26.530000686645508,26.545000076293945,1696.0
2024-07-03 11:18:00,ABCL,2.740000009536743,2.740000009536743,2.740000009536743,2.740000009536743,2.740000009536743,2144.0
2024-07-03 11:18:00,ABSI,3.240000009536743,3.240000009536743,3.240000009536743,3.234999895095825,3.234999895095825,1568.0
2024-07-03 11:18:00,ABUS,3.1500000953674316,3.1500000953674316,3.1600000858306885,3.1500000953674316,3.1600000858306885,672.0
2024-07-03 11:18:00,ACAD,15.604999542236328,15.604999542236328,15.604999542236328,15.604999542236328,15.604999542236328,396.0
2024-07-03 11:18:00,ACCD,3.559999942779541,3.559999942779541,3.559999942779541,3.5450000762939453,3.5450000762939453,39349.0
2024-07-03 11:18:00,ACET,1.0549999475479126,1.0549999475479126,1.0555000305175781,1.0540000200271606,1.0540000200271606,1322.0
2024-07-03 11:18:00,ACHC,66.4800033569336,66.4800033569336,66.4800033569336,66.33999633789062,66.33999633789062,2891.0
2024-07-03 11:18:00,ACLX,53.95000076293945,53.95000076293945,53.95000076293945,53.95000076293945,53.95000076293945,236.0
2024-07-03 11:18:00,ACRS,1.149999976158142,1.149999976158142,1.149999976158142,1.149999976158142,1.149999976158142,1003.0
2024-07-03 11:18:00,ADAP,1.0199999809265137,1.0199999809265137,1.0299999713897705,1.0199999809265137,1.0299999713897705,201.0
2024-07-03 11:18:00,ADMA,11.255000114440918,11.255000114440918,11.255000114440918,11.255000114440918,11.255000114440918,435.0
2024-07-03 11:18:00,ADPT,3.3949999809265137,3.3949999809265137,3.3949999809265137,3.3949999809265137,3.3949999809265137,238.0
2024-07-03 11:18:00,ADVM,7.070000171661377,7.070000171661377,7.070000171661377,7.070000171661377,7.070000171661377,818.0
2024-07-03 11:18:00,AEMD,0.4113999903202057,0.4113999903202057,0.4115000069141388,0.4113999903202057,0.4115000069141388,1708.0
2024-07-03 11:18:00,AGEN,14.385000228881836,14.385000228881836,14.385000228881836,14.385000228881836,14.385000228881836,376.0
2024-07-03 11:18:00,AHCO,9.805000305175781,9.805000305175781,9.805000305175781,9.805000305175781,9.805000305175781,635.0
2024-07-03 11:18:00,AKBA,0.9401000142097473,0.9401000142097473,0.9419999718666077,0.9401000142097473,0.9419999718666077,17499.0
2024-07-03 11:18:00,AKRO,22.0,22.0,22.0,22.0,22.0,365.0
2024-07-03 11:18:00,ALEC,4.440000057220459,4.440000057220459,4.440000057220459,4.440000057220459,4.440000057220459,824.0
2024-07-03 11:18:00,ALGN,240.64999389648438,240.64999389648438,240.64999389648438,240.63999938964844,240.63999938964844,898.0
2024-07-03 11:18:00,ALHC,7.96999979019165,7.96999979019165,7.96999979019165,7.96999979019165,7.96999979019165,630.0
2024-07-03 11:18:00,ALKS,24.229999542236328,24.229999542236328,24.229999542236328,24.229999542236328,24.229999542236328,314.0
2024-07-03 11:18:00,ALLK,0.8410000205039978,0.8410000205039978,0.8410000205039978,0.8410000205039978,0.8410000205039978,212.0
2024-07-03 11:18:00,ALLO,2.130000114440918,2.130000114440918,2.1305999755859375,2.130000114440918,2.130000114440918,1669.0
2024-07-03 11:18:00,ALNY,246.39999389648438,246.39999389648438,246.39999389648438,246.39999389648438,246.39999389648438,191.0
2024-07-03 11:18:00,ALT,6.644999980926514,6.644999980926514,6.675000190734863,6.644999980926514,6.675000190734863,12354.0
2024-07-03 11:18:00,ALVR,0.7357000112533569,0.7357000112533569,0.7357000112533569,0.7350999712944031,0.7350999712944031,661.0
2024-07-03 11:18:00,ALXO,5.875,5.875,5.875,5.875,5.875,123.0
2024-07-03 11:18:00,AMED,96.98999786376953,96.98999786376953,96.98999786376953,96.87999725341797,96.87999725341797,1886.0
2024-07-03 11:18:00,AMGN,307.0899963378906,307.0899963378906,307.3500061035156,307.0899963378906,307.3500061035156,3902.0
2024-07-03 11:18:00,AMLX,1.75,1.75,1.75,1.7450000047683716,1.7450000047683716,1209.0
2024-07-03 11:18:00,AMPH,38.42499923706055,38.42499923706055,38.43000030517578,38.39970016479492,38.39970016479492,1039.0
2024-07-03 11:18:00,AMRN,0.6988999843597412,0.6988999843597412,0.6988999843597412,0.6988000273704529,0.6988999843597412,13900.0
2024-07-03 11:18:00,ANAB,25.0,25.0,25.030000686645508,24.979999542236328,25.030000686645508,2210.0
2024-07-03 11:18:00,ANGO,5.650000095367432,5.650000095367432,5.650000095367432,5.650000095367432,5.650000095367432,109.0
2024-07-03 11:18:00,ANIX,2.27620005607605,2.27620005607605,2.27620005607605,2.27620005607605,2.27620005607605,333.0
2024-07-03 11:18:00,ANNX,4.764999866485596,4.764999866485596,4.764999866485596,4.764999866485596,4.764999866485596,332.0
2024-07-03 11:18:00,ANTX,2.549799919128418,2.549799919128418,2.549799919128418,2.539900064468384,2.539900064468384,5278.0
2024-07-03 11:18:00,APDN,0.38999998569488525,0.38999998569488525,0.39430001378059387,0.3801000118255615,0.3871999979019165,20982.0
2024-07-03 11:18:00,APLS,35.540000915527344,35.540000915527344,35.540000915527344,35.540000915527344,35.540000915527344,464.0
2024-07-03 11:18:00,APLT,4.355000019073486,4.355000019073486,4.355000019073486,4.355000019073486,4.355000019073486,356.0
2024-07-03 11:18:00,AQST,2.4049999713897705,2.4049999713897705,2.4049999713897705,2.4049999713897705,2.4049999713897705,254.0
2024-07-03 11:18:00,ARCT,21.43000030517578,21.43000030517578,21.465299606323242,21.40999984741211,21.465299606323242,1759.0
2024-07-03 11:18:00,ARDX,5.215000152587891,5.215000152587891,5.21999979019165,5.210000038146973,5.21999979019165,10962.0
2024-07-03 11:18:00,ARGX,434.70001220703125,434.70001220703125,434.70001220703125,434.5899963378906,434.5899963378906,303.0
2024-07-03 11:18:00,ARQT,9.659899711608887,9.659899711608887,9.659899711608887,9.635000228881836,9.645000457763672,1817.0
2024-07-03 11:18:00,ARVN,24.200000762939453,24.200000762939453,24.283700942993164,24.200000762939453,24.270000457763672,1910.0
2024-07-03 11:18:00,ARWR,25.459999084472656,25.459999084472656,25.459999084472656,25.459999084472656,25.459999084472656,162.0
2024-07-03 11:18:00,ASLN,2.2899999618530273,2.2899999618530273,2.2899999618530273,2.2899999618530273,2.2899999618530273,261.0
2024-07-03 11:18:00,ASRT,1.3250000476837158,1.3250000476837158,1.3287999629974365,1.3250000476837158,1.3287999629974365,715.0
2024-07-03 11:18:00,ATOS,1.159999966621399,1.159999966621399,1.159999966621399,1.159999966621399,1.159999966621399,295.0
2024-07-03 11:18:00,ATRC,22.350000381469727,22.350000381469727,22.350000381469727,22.350000381469727,22.350000381469727,237.0
2024-07-03 11:18:00,AUGX,1.0,1.0,1.0008000135421753,1.0,1.0008000135421753,550.0
2024-07-03 11:18:00,AURA,7.006800174713135,7.006800174713135,7.006800174713135,7.006800174713135,7.006800174713135,220.0
2024-07-03 11:18:00,AUTL,3.450000047683716,3.450000047683716,3.450000047683716,3.450000047683716,3.450000047683716,301.0
2024-07-03 11:18:00,AVDL,14.369999885559082,14.369999885559082,14.369999885559082,14.3100004196167,14.3100004196167,5136.0
2024-07-03 11:18:00,AVIR,3.312000036239624,3.312000036239624,3.312000036239624,3.309999942779541,3.309999942779541,3840.0
2024-07-03 11:18:00,AVXL,4.224999904632568,4.224999904632568,4.230000019073486,4.220200061798096,4.230000019073486,902.0
2024-07-03 11:18:00,AZN,76.66999816894531,76.66999816894531,76.70999908447266,76.65499877929688,76.70999908447266,5775.0
2024-07-03 11:18:00,BBIO,25.360000610351562,25.360000610351562,25.3700008392334,25.34000015258789,25.34000015258789,1593.0
2024-07-03 11:18:00,BCRX,6.505000114440918,6.505000114440918,6.514999866485596,6.505000114440918,6.505000114440918,1289.0
2024-07-03 11:18:00,BEAM,23.59000015258789,23.59000015258789,23.684999465942383,23.59000015258789,23.684999465942383,3337.0
2024-07-03 11:18:00,BEAT,2.799999952316284,2.799999952316284,2.8350000381469727,2.799999952316284,2.8350000381469727,0.0
2024-07-03 11:18:00,BGXX,0.26649999618530273,0.26649999618530273,0.26759999990463257,0.2648000121116638,0.26759999990463257,5535.0
2024-07-03 11:18:00,BIIB,223.39500427246094,223.39500427246094,223.40499877929688,223.27000427246094,223.40499877929688,1019.0
2024-07-03 11:18:00,BIOR,0.6237000226974487,0.6237000226974487,0.6237000226974487,0.6237000226974487,0.6237000226974487,674.0
2024-07-03 11:18:00,BLFS,19.6299991607666,19.6299991607666,19.6299991607666,19.6299991607666,19.6299991607666,218.0
2024-07-03 11:18:00,BLUE,0.9340999722480774,0.9340999722480774,0.9340999722480774,0.9340000152587891,0.9340000152587891,5161.0
2024-07-03 11:18:00,BMEA,4.409999847412109,4.409999847412109,4.409999847412109,4.409999847412109,4.409999847412109,133.0
2024-07-03 11:18:00,BMRN,81.25,81.25,81.25,81.25,81.25,561.0
2024-07-03 11:18:00,BNGO,0.5576000213623047,0.5576000213623047,0.5576000213623047,0.5576000213623047,0.5576000213623047,298.0
2024-07-03 11:18:00,BNTX,79.91000366210938,79.91000366210938,79.98999786376953,79.8499984741211,79.91000366210938,6181.0
2024-07-03 11:18:00,BRKR,61.630001068115234,61.630001068115234,61.63999938964844,61.630001068115234,61.63999938964844,649.0
2024-07-03 11:18:00,BTAI,1.0950000286102295,1.0950000286102295,1.0950000286102295,1.0950000286102295,1.0950000286102295,498.0
2024-07-03 11:18:00,CADL,6.300000190734863,6.300000190734863,6.300000190734863,6.289999961853027,6.289999961853027,429.0
2024-07-03 11:18:00,CAPR,4.721199989318848,4.721199989318848,4.721199989318848,4.71999979019165,4.71999979019165,343.0
2024-07-03 11:18:00,CARA,0.28700000047683716,0.28700000047683716,0.28700000047683716,0.28700000047683716,0.28700000047683716,1001.0
2024-07-03 11:18:00,CCCC,4.675000190734863,4.675000190734863,4.684999942779541,4.675000190734863,4.684999942779541,4820.0
2024-07-03 11:18:00,CDMO,7.519999980926514,7.519999980926514,7.550000190734863,7.519999980926514,7.550000190734863,3771.0
2024-07-03 11:18:00,CDNA,15.056699752807617,15.056699752807617,15.056699752807617,15.056699752807617,15.056699752807617,400.0
2024-07-03 11:18:00,CELC,16.260000228881836,16.260000228881836,16.260000228881836,16.260000228881836,16.260000228881836,134.0
2024-07-03 11:18:00,CERE,41.4109992980957,41.4109992980957,41.41999816894531,41.40999984741211,41.41999816894531,1890.0
2024-07-03 11:18:00,CERT,13.774999618530273,13.774999618530273,13.774999618530273,13.774999618530273,13.774999618530273,550.0
2024-07-03 11:18:00,CGC,6.519999980926514,6.519999980926514,6.53000020980835,6.510000228881836,6.529900074005127,8437.0
2024-07-03 11:18:00,CGEM,16.780000686645508,16.780000686645508,17.0,16.780000686645508,17.0,7002.0
2024-07-03 11:18:00,CHRS,1.3949999809265137,1.3949999809265137,1.3949999809265137,1.3949999809265137,1.3949999809265137,1059.0
2024-07-03 11:18:00,CING,0.33649998903274536,0.33649998903274536,0.33649998903274536,0.33649998903274536,0.33649998903274536,0.0
2024-07-03 11:18:00,CKPT,2.240000009536743,2.240000009536743,2.25,2.2300000190734863,2.2302000522613525,13210.0
2024-07-03 11:18:00,CLDX,36.349998474121094,36.349998474121094,36.349998474121094,36.349998474121094,36.349998474121094,791.0
2024-07-03 11:18:00,CLLS,2.055000066757202,2.055000066757202,2.055000066757202,2.009999990463257,2.009999990463257,1800.0
2024-07-03 11:18:00,CLOV,1.2489999532699585,1.2489999532699585,1.2489999532699585,1.2450000047683716,1.2487000226974487,4531.0
2024-07-03 11:18:00,CLPT,5.46999979019165,5.46999979019165,5.46999979019165,5.46999979019165,5.46999979019165,238.0
2024-07-03 11:18:00,CMPX,0.8500000238418579,0.8500000238418579,0.8500000238418579,0.8500000238418579,0.8500000238418579,15856.0
2024-07-03 11:18:00,COGT,8.545000076293945,8.545000076293945,8.579999923706055,8.529999732971191,8.5600004196167,6057.0
2024-07-03 11:18:00,CORT,30.604999542236328,30.604999542236328,30.604999542236328,30.604999542236328,30.604999542236328,104.0
2024-07-03 11:18:00,CRBU,1.5750000476837158,1.5750000476837158,1.5800000429153442,1.5700000524520874,1.5800000429153442,31100.0
2024-07-03 11:18:00,CRDF,2.2355000972747803,2.2355000972747803,2.240000009536743,2.2355000972747803,2.240000009536743,1413.0
2024-07-03 11:18:00,CRMD,4.125,4.125,4.125,4.125,4.125,1264.0
2024-07-03 11:18:00,CRON,2.305000066757202,2.305000066757202,2.305000066757202,2.305000066757202,2.305000066757202,100.0
2024-07-03 11:18:00,CRSP,53.89500045776367,53.89500045776367,54.02000045776367,53.880001068115234,54.02000045776367,2433.0
2024-07-03 11:18:00,CRVS,1.7718000411987305,1.7718000411987305,1.7718000411987305,1.7718000411987305,1.7718000411987305,1818.0
2024-07-03 11:18:00,CSTL,21.079999923706055,21.079999923706055,21.09000015258789,20.950000762939453,20.969999313354492,5081.0
2024-07-03 11:18:00,CTKB,5.630000114440918,5.630000114440918,5.630000114440918,5.630000114440918,5.630000114440918,1663.0
2024-07-03 11:18:00,CTMX,1.3300000429153442,1.3300000429153442,1.3315000534057617,1.3300000429153442,1.3315000534057617,1001.0
2024-07-03 11:18:00,CTXR,0.5033000111579895,0.5033000111579895,0.5099999904632568,0.5033000111579895,0.5066999793052673,5668.0
2024-07-03 11:18:00,CUE,1.0099999904632568,1.0099999904632568,1.0099999904632568,1.0099999904632568,1.0099999904632568,1603.0
2024-07-03 11:18:00,CUTR,1.3220000267028809,1.3220000267028809,1.3220000267028809,1.3220000267028809,1.3220000267028809,648.0
2024-07-03 11:18:00,CVAC,3.384999990463257,3.384999990463257,3.390000104904175,3.375,3.375,20187.0
2024-07-03 11:18:00,CYTK,54.939998626708984,54.939998626708984,54.94499969482422,54.91999816894531,54.94499969482422,835.0
2024-07-03 11:18:00,CYTO,1.1500999927520752,1.1500999927520752,1.1500999927520752,1.1500999927520752,1.1500999927520752,456.0
2024-07-03 11:18:00,DARE,3.359999895095825,3.359999895095825,3.359999895095825,3.3499999046325684,3.359999895095825,2940.0
2024-07-03 11:18:00,DH,5.385000228881836,5.385000228881836,5.385000228881836,5.385000228881836,5.385000228881836,163.0
2024-07-03 11:18:00,DXCM,110.41500091552734,110.41500091552734,110.45999908447266,110.3499984741211,110.44000244140625,7132.0
2024-07-03 11:18:00,DYN,34.5099983215332,34.5099983215332,34.5099983215332,34.470001220703125,34.470001220703125,787.0
2024-07-03 11:18:00,EDIT,4.650000095367432,4.650000095367432,4.670000076293945,4.639999866485596,4.670000076293945,43789.0
2024-07-03 11:18:00,ELEV,2.6500000953674316,2.6500000953674316,2.6500000953674316,2.6500000953674316,2.6500000953674316,866.0
2024-07-03 11:18:00,EMBC,12.039999961853027,12.039999961853027,12.039999961853027,12.039999961853027,12.039999961853027,245.0
2024-07-03 11:18:00,ERAS,2.259999990463257,2.259999990463257,2.259999990463257,2.255000114440918,2.255000114440918,1788.0
2024-07-03 11:18:00,ESPR,2.3499999046325684,2.3499999046325684,2.3499999046325684,2.3450000286102295,2.3499999046325684,5530.0
2024-07-03 11:18:00,EWTX,18.15999984741211,18.15999984741211,18.15999984741211,18.139999389648438,18.139999389648438,1834.0
2024-07-03 11:18:00,EXAS,43.09000015258789,43.09000015258789,43.130001068115234,43.09000015258789,43.11000061035156,2106.0
2024-07-03 11:18:00,EXEL,21.969999313354492,21.969999313354492,21.975000381469727,21.969999313354492,21.975000381469727,1883.0
2024-07-03 11:18:00,EYEN,0.7666000127792358,0.7666000127792358,0.7666000127792358,0.7666000127792358,0.7666000127792358,200.0
2024-07-03 11:18:00,EYPT,8.3100004196167,8.3100004196167,8.359999656677246,8.3100004196167,8.359999656677246,5186.0
2024-07-03 11:18:00,FATE,3.190000057220459,3.190000057220459,3.190000057220459,3.190000057220459,3.190000057220459,447.0
2024-07-03 11:18:00,FDMT,21.049999237060547,21.049999237060547,21.049999237060547,21.049999237060547,21.049999237060547,124.0
2024-07-03 11:18:00,FLGC,0.949999988079071,0.949999988079071,0.949999988079071,0.949999988079071,0.949999988079071,100.0
2024-07-03 11:18:00,FLGT,20.128299713134766,20.128299713134766,20.128299713134766,20.128299713134766,20.128299713134766,198.0
2024-07-03 11:18:00,FOLD,9.899999618530273,9.899999618530273,9.904999732971191,9.899999618530273,9.899999618530273,716.0
2024-07-03 11:18:00,FONR,15.999500274658203,15.999500274658203,15.999500274658203,15.999500274658203,15.999500274658203,221.0
2024-07-03 11:18:00,FULC,6.15500020980835,6.15500020980835,6.15500020980835,6.15500020980835,6.15500020980835,598.0
2024-07-03 11:18:00,GANX,1.149999976158142,1.149999976158142,1.149999976158142,1.149999976158142,1.149999976158142,901.0
2024-07-03 11:18:00,GDRX,7.864999771118164,7.864999771118164,7.864999771118164,7.864999771118164,7.864999771118164,321.0
2024-07-03 11:18:00,GERN,4.315000057220459,4.315000057220459,4.320000171661377,4.315000057220459,4.315000057220459,1677.0
2024-07-03 11:18:00,GH,28.2450008392334,28.2450008392334,28.25,28.2450008392334,28.25,512.0
2024-07-03 11:18:00,GILD,66.94000244140625,66.94000244140625,66.9749984741211,66.92500305175781,66.97000122070312,9551.0
2024-07-03 11:18:00,GLSI,16.459999084472656,16.459999084472656,16.459999084472656,16.459999084472656,16.459999084472656,103.0
2024-07-03 11:18:00,GLTO,0.5030999779701233,0.5030999779701233,0.5030999779701233,0.5030999779701233,0.5030999779701233,2036.0
2024-07-03 11:18:00,GMAB,25.170000076293945,25.170000076293945,25.170000076293945,25.170000076293945,25.170000076293945,364.0
2024-07-03 11:18:00,GOSS,0.9359999895095825,0.9359999895095825,0.9380000233650208,0.9358999729156494,0.9358999729156494,1648.0
2024-07-03 11:18:00,GOVX,2.9100000858306885,2.9100000858306885,2.930000066757202,2.9100000858306885,2.930000066757202,1882.0
2024-07-03 11:18:00,GRFS,6.670000076293945,6.670000076293945,6.670000076293945,6.664999961853027,6.670000076293945,2409.0
2024-07-03 11:18:00,GRTS,0.5813000202178955,0.5813000202178955,0.5813000202178955,0.5813000202178955,0.5813000202178955,431.0
2024-07-03 11:18:00,GTHX,2.505000114440918,2.505000114440918,2.505000114440918,2.5,2.5,394.0
2024-07-03 11:18:00,HALO,51.744998931884766,51.744998931884766,51.755001068115234,51.7400016784668,51.7400016784668,2059.0
2024-07-03 11:18:00,HCSG,10.484999656677246,10.484999656677246,10.489999771118164,10.470000267028809,10.475000381469727,2171.0
2024-07-03 11:18:00,HCTI,0.47510001063346863,0.47510001063346863,0.47510001063346863,0.4749999940395355,0.4749999940395355,1192.0
2024-07-03 11:18:00,HITI,2.1059000492095947,2.1059000492095947,2.1059000492095947,2.1059000492095947,2.1059000492095947,262.0
2024-07-03 11:18:00,HOLX,73.2699966430664,73.2699966430664,73.29000091552734,73.2699966430664,73.27999877929688,2392.0
2024-07-03 11:18:00,HOOK,0.5943999886512756,0.5943999886512756,0.5943999886512756,0.5943999886512756,0.5943999886512756,192.0
2024-07-03 11:18:00,HOWL,2.065000057220459,2.065000057220459,2.065000057220459,2.065000057220459,2.065000057220459,340.0
2024-07-03 11:18:00,HQY,82.87000274658203,82.87000274658203,82.94999694824219,82.87000274658203,82.94999694824219,1288.0
2024-07-03 11:18:00,HRMY,30.166200637817383,30.166200637817383,30.166200637817383,30.166200637817383,30.166200637817383,271.0
2024-07-03 11:18:00,HRTX,2.7799999713897705,2.7799999713897705,2.7899999618530273,2.7799999713897705,2.7850000858306885,558.0
2024-07-03 11:18:00,HSIC,65.12000274658203,65.12000274658203,65.20999908447266,65.12000274658203,65.12000274658203,5644.0
2024-07-03 11:18:00,HUGE,0.14180000126361847,0.14180000126361847,0.14350000023841858,0.14110000431537628,0.14350000023841858,113748.0
2024-07-03 11:18:00,HUMA,5.690000057220459,5.690000057220459,5.699999809265137,5.690000057220459,5.690000057220459,3022.0
2024-07-03 11:18:00,IBRX,6.275000095367432,6.275000095367432,6.275000095367432,6.275000095367432,6.275000095367432,222.0
2024-07-03 11:18:00,ICLR,317.4599914550781,317.4599914550781,317.4599914550781,317.32501220703125,317.4599914550781,2399.0
2024-07-03 11:18:00,ICUI,117.40499877929688,117.40499877929688,117.69000244140625,117.40499877929688,117.62999725341797,1301.0
2024-07-03 11:18:00,IDYA,33.52000045776367,33.52000045776367,33.52000045776367,33.52000045776367,33.52000045776367,398.0
2024-07-03 11:18:00,IINN,1.3808000087738037,1.3808000087738037,1.3808000087738037,1.3808000087738037,1.3808000087738037,0.0
2024-07-03 11:18:00,IKNA,1.6449999809265137,1.6449999809265137,1.6449999809265137,1.6399999856948853,1.6399999856948853,538.0
2024-07-03 11:18:00,ILMN,105.46939849853516,105.46939849853516,105.47000122070312,105.37000274658203,105.37000274658203,4114.0
2024-07-03 11:18:00,IMAB,1.5299999713897705,1.5299999713897705,1.5299999713897705,1.5299999713897705,1.5299999713897705,161.0
2024-07-03 11:18:00,IMCR,36.0,36.0,36.0,36.0,36.0,110.0
2024-07-03 11:18:00,IMMP,1.9500000476837158,1.9500000476837158,1.9600000381469727,1.9500000476837158,1.9600000381469727,660.0
2024-07-03 11:18:00,IMMX,2.4539999961853027,2.4539999961853027,2.4600000381469727,2.440000057220459,2.440000057220459,25058.0
2024-07-03 11:18:00,IMNM,12.140000343322754,12.140000343322754,12.140000343322754,12.119999885559082,12.119999885559082,466.0
2024-07-03 11:18:00,IMVT,26.399999618530273,26.399999618530273,26.399999618530273,26.399999618530273,26.399999618530273,594.0
2024-07-03 11:18:00,INCY,57.86000061035156,57.86000061035156,57.880001068115234,57.790000915527344,57.790000915527344,5500.0
2024-07-03 11:18:00,INMD,17.540000915527344,17.540000915527344,17.55500030517578,17.540000915527344,17.540000915527344,3725.0
2024-07-03 11:18:00,INSM,61.849998474121094,61.849998474121094,61.89500045776367,61.81999969482422,61.89500045776367,4489.0
2024-07-03 11:18:00,INVA,16.190000534057617,16.190000534057617,16.190000534057617,16.184999465942383,16.184999465942383,757.0
2024-07-03 11:18:00,INZY,4.454999923706055,4.454999923706055,4.454999923706055,4.454999923706055,4.454999923706055,111.0
2024-07-03 11:18:00,IONM,0.32839998602867126,0.32839998602867126,0.32839998602867126,0.32839998602867126,0.32839998602867126,214.0
2024-07-03 11:18:00,IONS,44.689998626708984,44.689998626708984,44.689998626708984,44.665000915527344,44.665000915527344,1762.0
2024-07-03 11:18:00,IOVA,7.619999885559082,7.619999885559082,7.625,7.610599994659424,7.625,28338.0
2024-07-03 11:18:00,IRWD,6.130000114440918,6.130000114440918,6.135000228881836,6.130000114440918,6.135000228881836,421.0
2024-07-03 11:18:00,ISRG,434.5799865722656,434.5799865722656,434.5799865722656,434.4049987792969,434.4049987792969,1024.0
2024-07-03 11:18:00,ITCI,68.29000091552734,68.29000091552734,68.29000091552734,68.29000091552734,68.29000091552734,334.0
2024-07-03 11:18:00,IVVD,1.1100000143051147,1.1100000143051147,1.1200000047683716,1.1100000143051147,1.1150000095367432,903.0
2024-07-03 11:18:00,JAGX,3.4800000190734863,3.4800000190734863,3.4800000190734863,3.4800000190734863,3.4800000190734863,748.0
2024-07-03 11:18:00,JANX,37.79999923706055,37.79999923706055,37.849998474121094,37.790000915527344,37.790000915527344,1696.0
2024-07-03 11:18:00,JAZZ,104.16999816894531,104.16999816894531,104.16999816894531,104.16000366210938,104.16000366210938,925.0
2024-07-03 11:18:00,KTRA,0.28929999470710754,0.28929999470710754,0.29030001163482666,0.2883000075817108,0.2883000075817108,3175.0
2024-07-03 11:18:00,KURA,20.399999618530273,20.399999618530273,20.465999603271484,20.399999618530273,20.465999603271484,2905.0
2024-07-03 11:18:00,KYMR,30.262500762939453,30.262500762939453,30.262500762939453,30.262500762939453,30.262500762939453,147.0
2024-07-03 11:18:00,KZR,0.5717999935150146,0.5717999935150146,0.5717999935150146,0.5712000131607056,0.5712000131607056,3792.0
2024-07-03 11:18:00,LAB,1.7999999523162842,1.7999999523162842,1.7999999523162842,1.7899999618530273,1.7899999618530273,1352.0
2024-07-03 11:18:00,LEGN,46.0099983215332,46.0099983215332,46.0099983215332,45.959999084472656,45.959999084472656,2713.0
2024-07-03 11:18:00,LFMD,6.760000228881836,6.760000228881836,6.760000228881836,6.760000228881836,6.760000228881836,512.0
2024-07-03 11:18:00,LFST,5.105000019073486,5.105000019073486,5.105000019073486,5.105000019073486,5.105000019073486,1455.0
2024-07-03 11:18:00,LIVN,52.540000915527344,52.540000915527344,52.540000915527344,52.540000915527344,52.540000915527344,314.0
2024-07-03 11:18:00,LNTH,79.44999694824219,79.44999694824219,79.44999694824219,79.44499969482422,79.44499969482422,773.0
2024-07-03 11:18:00,LOGC,5.75,5.75,5.760000228881836,5.75,5.760000228881836,2652.0
2024-07-03 11:18:00,LQDA,11.899999618530273,11.899999618530273,11.899999618530273,11.899999618530273,11.899999618530273,1842.0
2024-07-03 11:18:00,LRMR,7.710000038146973,7.710000038146973,7.739999771118164,7.710000038146973,7.739999771118164,2353.0
2024-07-03 11:18:00,LUCY,0.46560001373291016,0.46560001373291016,0.46560001373291016,0.46560001373291016,0.46560001373291016,7400.0
2024-07-03 11:18:00,LXRX,1.600000023841858,1.600000023841858,1.6100000143051147,1.600000023841858,1.600000023841858,2347.0
2024-07-03 11:18:00,LYEL,1.5095000267028809,1.5095000267028809,1.5095000267028809,1.5095000267028809,1.5095000267028809,235.0
2024-07-03 11:18:00,LYRA,0.28679999709129333,0.28679999709129333,0.28679999709129333,0.28679999709129333,0.28679999709129333,106.0
2024-07-03 11:18:00,MASI,115.12999725341797,115.12999725341797,115.12999725341797,115.12999725341797,115.12999725341797,685.0
2024-07-03 11:18:00,MBIO,0.49790000915527344,0.49790000915527344,0.4997999966144562,0.4961000084877014,0.4961000084877014,3990.0
2024-07-03 11:18:00,MBOT,1.059999942779541,1.059999942779541,1.059999942779541,1.0400999784469604,1.0400999784469604,1060.0
2024-07-03 11:18:00,MCRB,0.722000002861023,0.722000002861023,0.722000002861023,0.718999981880188,0.718999981880188,4313.0
2024-07-03 11:18:00,MDWD,14.880000114440918,14.880000114440918,14.880000114440918,14.880000114440918,14.880000114440918,105.0
2024-07-03 11:18:00,ME,0.40470001101493835,0.40470001101493835,0.40470001101493835,0.40470001101493835,0.40470001101493835,126.0
2024-07-03 11:18:00,MGNX,4.240099906921387,4.240099906921387,4.25,4.240099906921387,4.244999885559082,603.0
2024-07-03 11:18:00,MHUA,0.8999999761581421,0.8999999761581421,0.9000999927520752,0.8999999761581421,0.9000999927520752,8311.0
2024-07-03 11:18:00,MIRM,33.625,33.625,33.625,33.625,33.625,113.0
2024-07-03 11:18:00,MMSI,85.93000030517578,85.93000030517578,85.9749984741211,85.93000030517578,85.9749984741211,740.0
2024-07-03 11:18:00,MNKD,5.054999828338623,5.054999828338623,5.054999828338623,5.054999828338623,5.054999828338623,851.0
2024-07-03 11:18:00,MNMD,7.179999828338623,7.179999828338623,7.190000057220459,7.179999828338623,7.190000057220459,1491.0
2024-07-03 11:18:00,MREO,3.515000104904175,3.515000104904175,3.5199999809265137,3.515000104904175,3.5199999809265137,810.0
2024-07-03 11:18:00,MRNA,115.58000183105469,115.58000183105469,115.76000213623047,115.58000183105469,115.76000213623047,6207.0
2024-07-03 11:18:00,MRSN,1.8700000047683716,1.8700000047683716,1.8700000047683716,1.8650000095367432,1.8700000047683716,6157.0
2024-07-03 11:18:00,MRVI,6.800000190734863,6.800000190734863,6.800000190734863,6.800000190734863,6.800000190734863,867.0
2024-07-03 11:18:00,MXCT,3.680000066757202,3.680000066757202,3.680000066757202,3.680000066757202,3.680000066757202,308.0
2024-07-03 11:18:00,MYGN,24.920000076293945,24.920000076293945,25.017499923706055,24.920000076293945,25.017499923706055,2759.0
2024-07-03 11:18:00,NBIX,138.3699951171875,138.3699951171875,138.3800048828125,138.3699951171875,138.3800048828125,306.0
2024-07-03 11:18:00,NDRA,0.0925000011920929,0.0925000011920929,0.09279999881982803,0.09179999679327011,0.09179999679327011,164094.0
2024-07-03 11:18:00,NEO,13.649999618530273,13.649999618530273,13.649999618530273,13.649999618530273,13.649999618530273,663.0
2024-07-03 11:18:00,NKTR,1.25,1.25,1.25,1.25,1.25,346.0
2024-07-03 11:18:00,NLSP,0.19930000603199005,0.19930000603199005,0.19930000603199005,0.19930000603199005,0.19930000603199005,4310.0
2024-07-03 11:18:00,NRC,22.915000915527344,22.915000915527344,22.915000915527344,22.875,22.899999618530273,3790.0
2024-07-03 11:18:00,NRIX,19.639999389648438,19.639999389648438,19.639999389648438,19.6200008392334,19.6200008392334,795.0
2024-07-03 11:18:00,NTLA,22.579999923706055,22.579999923706055,22.600000381469727,22.56999969482422,22.584999084472656,9240.0
2024-07-03 11:18:00,NTRA,111.51499938964844,111.51499938964844,111.51499938964844,111.5,111.5,858.0
2024-07-03 11:18:00,NVAX,12.649999618530273,12.649999618530273,12.710000038146973,12.642499923706055,12.710000038146973,15690.0
2024-07-03 11:18:00,NVCR,16.739999771118164,16.739999771118164,16.739999771118164,16.739999771118164,16.739999771118164,569.0
2024-07-03 11:18:00,NVCT,6.199999809265137,6.199999809265137,6.224999904632568,6.199999809265137,6.224999904632568,2316.0
2024-07-03 11:18:00,OCGN,1.6150000095367432,1.6150000095367432,1.6150000095367432,1.6101000308990479,1.6101000308990479,4895.0
2024-07-03 11:18:00,OCUL,6.679999828338623,6.679999828338623,6.679999828338623,6.664999961853027,6.679999828338623,3590.0
2024-07-03 11:18:00,OGI,1.5750000476837158,1.5750000476837158,1.5750000476837158,1.5750000476837158,1.5750000476837158,1914.0
2024-07-03 11:18:00,OLMA,10.630000114440918,10.630000114440918,10.630000114440918,10.630000114440918,10.630000114440918,155.0
2024-07-03 11:18:00,OM,3.869999885559082,3.869999885559082,3.875,3.859999895095825,3.859999895095825,6355.0
2024-07-03 11:18:00,OMCL,26.56999969482422,26.56999969482422,26.56999969482422,26.56999969482422,26.56999969482422,1845.0
2024-07-03 11:18:00,OMER,3.8499999046325684,3.8499999046325684,3.869999885559082,3.8499999046325684,3.869999885559082,706.0
2024-07-03 11:18:00,OMGA,1.9900000095367432,1.9900000095367432,1.9900000095367432,1.9900000095367432,1.9900000095367432,693.0
2024-07-03 11:19:00,ABSI,3.240000009536743,3.240000009536743,3.240000009536743,3.240000009536743,3.240000009536743,64.0
2024-07-03 11:19:00,ABUS,3.1549999713897705,3.1549999713897705,3.1549999713897705,3.1549999713897705,3.1549999713897705,586.0
2024-07-03 11:19:00,ACAD,15.609999656677246,15.609999656677246,15.609999656677246,15.600000381469727,15.609999656677246,1723.0
2024-07-03 11:19:00,ACCD,3.555000066757202,3.555000066757202,3.559999942779541,3.555000066757202,3.555000066757202,4749.0
2024-07-03 11:19:00,ACET,1.0549999475479126,1.0549999475479126,1.0549999475479126,1.0513999462127686,1.0549999475479126,743.0
2024-07-03 11:19:00,ACHC,66.58000183105469,66.58000183105469,66.58000183105469,66.58000183105469,66.58000183105469,109.0
2024-07-03 11:19:00,ACRS,1.149999976158142,1.149999976158142,1.149999976158142,1.149999976158142,1.149999976158142,1272.0
2024-07-03 11:19:00,ADAP,1.0199999809265137,1.0199999809265137,1.0299999713897705,1.0199999809265137,1.0199999809265137,738.0
2024-07-03 11:19:00,ADMA,11.255000114440918,11.255000114440918,11.255000114440918,11.255000114440918,11.255000114440918,1548.0
2024-07-03 11:19:00,ADPT,3.3949999809265137,3.3949999809265137,3.3949999809265137,3.3949999809265137,3.3949999809265137,156.0
2024-07-03 11:19:00,ADUS,116.9000015258789,116.9000015258789,116.9000015258789,116.8499984741211,116.8499984741211,1365.0
2024-07-03 11:19:00,AGEN,14.380000114440918,14.380000114440918,14.380000114440918,14.380000114440918,14.380000114440918,102.0
2024-07-03 11:19:00,AHCO,9.800000190734863,9.800000190734863,9.805000305175781,9.800000190734863,9.805000305175781,300.0
2024-07-03 11:19:00,AIMD,0.8199999928474426,0.8199999928474426,0.8199999928474426,0.8199999928474426,0.8199999928474426,100.0
2024-07-03 11:19:00,AKAN,2.2499001026153564,2.2499001026153564,2.2499001026153564,2.249799966812134,2.249799966812134,500.0
2024-07-03 11:19:00,AKBA,0.9433000087738037,0.9433000087738037,0.9433000087738037,0.9431999921798706,0.9431999921798706,2128.0
2024-07-03 11:19:00,ALGS,0.4255000054836273,0.4255000054836273,0.4255000054836273,0.4255000054836273,0.4255000054836273,2000.0
2024-07-03 11:19:00,ALHC,7.980000019073486,7.980000019073486,7.980000019073486,7.980000019073486,7.980000019073486,743.0
2024-07-03 11:19:00,ALKS,24.229999542236328,24.229999542236328,24.229999542236328,24.229999542236328,24.229999542236328,984.0
2024-07-03 11:19:00,ALLK,0.840399980545044,0.840399980545044,0.840399980545044,0.840399980545044,0.840399980545044,659.0
2024-07-03 11:19:00,ALLO,2.130000114440918,2.130000114440918,2.134999990463257,2.130000114440918,2.1303000450134277,4396.0
2024-07-03 11:19:00,ALLR,0.20499999821186066,0.20499999821186066,0.20499999821186066,0.20499999821186066,0.20499999821186066,199.0
2024-07-03 11:19:00,ALNY,246.47000122070312,246.47000122070312,246.47000122070312,246.39999389648438,246.39999389648438,1654.0
2024-07-03 11:19:00,ALT,6.639999866485596,6.639999866485596,6.650000095367432,6.635000228881836,6.644999980926514,7337.0
2024-07-03 11:19:00,AMED,96.94499969482422,96.94499969482422,97.0,96.94000244140625,96.98999786376953,1332.0
2024-07-03 11:19:00,AMGN,307.0802001953125,307.0802001953125,307.1499938964844,306.92999267578125,307.1199951171875,3989.0
2024-07-03 11:19:00,AMLX,1.7450000047683716,1.7450000047683716,1.75,1.7450000047683716,1.75,8635.0
2024-07-03 11:19:00,AMRN,0.6949999928474426,0.6949999928474426,0.6970000267028809,0.6949999928474426,0.6970000267028809,41211.0
2024-07-03 11:19:00,ANAB,25.1299991607666,25.1299991607666,25.1299991607666,25.1299991607666,25.1299991607666,706.0
2024-07-03 11:19:00,ANGO,5.65500020980835,5.65500020980835,5.659999847412109,5.650000095367432,5.650000095367432,538.0
2024-07-03 11:19:00,ANNX,4.764999866485596,4.764999866485596,4.769999980926514,4.760900020599365,4.764999866485596,1409.0
2024-07-03 11:19:00,ANTX,2.5499000549316406,2.5499000549316406,2.5499000549316406,2.5488998889923096,2.5488998889923096,1559.0
2024-07-03 11:19:00,APDN,0.38839998841285706,0.38839998841285706,0.38839998841285706,0.38839998841285706,0.38839998841285706,1613.0
2024-07-03 11:19:00,APLS,35.540000915527344,35.540000915527344,35.61000061035156,35.540000915527344,35.58000183105469,1105.0
2024-07-03 11:19:00,APLT,4.355000019073486,4.355000019073486,4.355000019073486,4.349999904632568,4.355000019073486,1119.0
2024-07-03 11:19:00,AQST,2.4049999713897705,2.4049999713897705,2.4049999713897705,2.4049999713897705,2.4049999713897705,429.0
2024-07-03 11:19:00,ARAY,1.75,1.75,1.75,1.75,1.75,3605.0
2024-07-03 11:19:00,ARCT,21.405000686645508,21.405000686645508,21.405000686645508,21.3799991607666,21.385000228881836,2919.0
2024-07-03 11:19:00,ARDX,5.21999979019165,5.21999979019165,5.21999979019165,5.210100173950195,5.215000152587891,2803.0
2024-07-03 11:19:00,ARGX,434.510009765625,434.510009765625,434.510009765625,434.510009765625,434.510009765625,264.0
2024-07-03 11:19:00,ARQT,9.669899940490723,9.669899940490723,9.669899940490723,9.654999732971191,9.654999732971191,2797.0
2024-07-03 11:19:00,ARVN,24.15999984741211,24.15999984741211,24.239999771118164,24.15999984741211,24.170000076293945,1835.0
2024-07-03 11:19:00,ASND,136.11500549316406,136.11500549316406,136.11500549316406,136.07000732421875,136.07000732421875,2988.0
2024-07-03 11:19:00,ASRT,1.3200000524520874,1.3200000524520874,1.3200000524520874,1.315000057220459,1.3200000524520874,7010.0
2024-07-03 11:19:00,ATAI,1.2949999570846558,1.2949999570846558,1.2949999570846558,1.2949999570846558,1.2949999570846558,509.0
2024-07-03 11:19:00,ATEC,9.9399995803833,9.9399995803833,9.9399995803833,9.9350004196167,9.9350004196167,1178.0
2024-07-03 11:19:00,AUGX,1.001099944114685,1.001099944114685,1.001099944114685,1.001099944114685,1.001099944114685,380.0
2024-07-03 11:19:00,AURA,6.980400085449219,6.980400085449219,7.010000228881836,6.980400085449219,7.0,11820.0
2024-07-03 11:19:00,AUTL,3.440000057220459,3.440000057220459,3.450000047683716,3.440000057220459,3.450000047683716,1647.0
2024-07-03 11:19:00,AVIR,3.309999942779541,3.309999942779541,3.309999942779541,3.309999942779541,3.309999942779541,503.0
2024-07-03 11:19:00,AVTE,1.6150000095367432,1.6150000095367432,1.6150000095367432,1.6150000095367432,1.6150000095367432,1063.0
2024-07-03 11:19:00,AVXL,4.224999904632568,4.224999904632568,4.224999904632568,4.224999904632568,4.224999904632568,327.0
2024-07-03 11:19:00,AXNX,67.5199966430664,67.5199966430664,67.5199966430664,67.5199966430664,67.5199966430664,619.0
2024-07-03 11:19:00,AXSM,79.83999633789062,79.83999633789062,79.98699951171875,79.68009948730469,79.68009948730469,2394.0
2024-07-03 11:19:00,AZN,76.69499969482422,76.69499969482422,76.69999694824219,76.66500091552734,76.66500091552734,4370.0
2024-07-03 11:19:00,AZTA,52.5,52.5,52.5099983215332,52.47999954223633,52.4900016784668,3452.0
2024-07-03 11:19:00,BBIO,25.350000381469727,25.350000381469727,25.350000381469727,25.334999084472656,25.34000015258789,1171.0
2024-07-03 11:19:00,BCRX,6.5,6.5,6.505000114440918,6.5,6.505000114440918,7370.0
2024-07-03 11:19:00,BEAM,23.594999313354492,23.594999313354492,23.594999313354492,23.594999313354492,23.594999313354492,246.0
2024-07-03 11:19:00,BGXX,0.26759999990463257,0.26759999990463257,0.26759999990463257,0.26649999618530273,0.26649999618530273,2919.0
2024-07-03 11:19:00,BIIB,223.3800048828125,223.3800048828125,223.3800048828125,223.3249969482422,223.3249969482422,2372.0
2024-07-03 11:19:00,BLFS,19.799999237060547,19.799999237060547,19.799999237060547,19.65999984741211,19.670000076293945,6583.0
2024-07-03 11:19:00,BMEA,4.400000095367432,4.400000095367432,4.409999847412109,4.400000095367432,4.400000095367432,2771.0
2024-07-03 11:19:00,BMRN,81.21499633789062,81.21499633789062,81.21499633789062,81.21499633789062,81.21499633789062,145.0
2024-07-03 11:19:00,BNGO,0.5576000213623047,0.5576000213623047,0.5576000213623047,0.5576000213623047,0.5576000213623047,9386.0
2024-07-03 11:19:00,BNTX,79.94000244140625,79.94000244140625,79.94000244140625,79.84500122070312,79.8499984741211,2993.0
2024-07-03 11:19:00,BRKR,61.54999923706055,61.54999923706055,61.59000015258789,61.54999923706055,61.59000015258789,3226.0
2024-07-03 11:19:00,BTAI,1.090000033378601,1.090000033378601,1.0999000072479248,1.090000033378601,1.0999000072479248,2186.0
2024-07-03 11:19:00,BWAY,5.920000076293945,5.920000076293945,5.920000076293945,5.920000076293945,5.920000076293945,804.0
2024-07-03 11:19:00,CADL,6.300000190734863,6.300000190734863,6.300000190734863,6.300000190734863,6.300000190734863,110.0
2024-07-03 11:19:00,CARA,0.2865000069141388,0.2865000069141388,0.2865000069141388,0.2865000069141388,0.2865000069141388,300.0
2024-07-03 11:19:00,CCCC,4.679999828338623,4.679999828338623,4.679999828338623,4.675000190734863,4.675000190734863,1032.0
2024-07-03 11:19:00,CDMO,7.525000095367432,7.525000095367432,7.525000095367432,7.510000228881836,7.510000228881836,699.0
2024-07-03 11:19:00,CDNA,15.09000015258789,15.09000015258789,15.09000015258789,15.09000015258789,15.09000015258789,551.0
2024-07-03 11:19:00,CGC,6.534999847412109,6.534999847412109,6.534999847412109,6.519999980926514,6.525000095367432,10144.0
2024-07-03 11:19:00,CHRS,1.3949999809265137,1.3949999809265137,1.3949999809265137,1.3949999809265137,1.3949999809265137,2388.0
2024-07-03 11:19:00,CKPT,2.23009991645813,2.23009991645813,2.25,2.2100000381469727,2.23009991645813,13579.0
2024-07-03 11:19:00,CLDX,36.43000030517578,36.43000030517578,36.43000030517578,36.400001525878906,36.400001525878906,936.0
2024-07-03 11:19:00,CLOV,1.2450000047683716,1.2450000047683716,1.2450000047683716,1.2450000047683716,1.2450000047683716,10579.0
2024-07-03 11:19:00,CLPT,5.429999828338623,5.429999828338623,5.429999828338623,5.429999828338623,5.429999828338623,207.0
2024-07-03 11:19:00,CMAX,2.105799913406372,2.105799913406372,2.105799913406372,2.105799913406372,2.105799913406372,400.0
2024-07-03 11:19:00,CMPS,6.349999904632568,6.349999904632568,6.369999885559082,6.335599899291992,6.349999904632568,4279.0
2024-07-03 11:19:00,COLL,32.369998931884766,32.369998931884766,32.369998931884766,32.369998931884766,32.369998931884766,571.0
2024-07-03 11:19:00,CORT,30.579999923706055,30.579999923706055,30.639999389648438,30.549999237060547,30.604999542236328,7475.0
2024-07-03 11:19:00,CPRX,15.489999771118164,15.489999771118164,15.489999771118164,15.489999771118164,15.489999771118164,568.0
2024-07-03 11:19:00,CRBP,49.20000076293945,49.20000076293945,49.20000076293945,49.06740188598633,49.06740188598633,1079.0
2024-07-03 11:19:00,CRBU,1.5750000476837158,1.5750000476837158,1.5750000476837158,1.5750000476837158,1.5750000476837158,3500.0
2024-07-03 11:19:00,CRDF,2.234999895095825,2.234999895095825,2.234999895095825,2.234999895095825,2.234999895095825,1000.0
2024-07-03 11:19:00,CRDL,1.9299999475479126,1.9299999475479126,1.9299999475479126,1.9299999475479126,1.9299999475479126,123.0
2024-07-03 11:19:00,CRNX,45.02000045776367,45.02000045776367,45.08000183105469,45.02000045776367,45.06999969482422,854.0
2024-07-03 11:19:00,CRON,2.305000066757202,2.305000066757202,2.305000066757202,2.305000066757202,2.305000066757202,875.0
2024-07-03 11:19:00,CRSP,53.904998779296875,53.904998779296875,53.904998779296875,53.904998779296875,53.904998779296875,312.0
2024-07-03 11:19:00,CTKB,5.630000114440918,5.630000114440918,5.639999866485596,5.630000114440918,5.630000114440918,1642.0
2024-07-03 11:19:00,CTMX,1.340000033378601,1.340000033378601,1.340000033378601,1.340000033378601,1.340000033378601,2310.0
2024-07-03 11:19:00,CTXR,0.5006999969482422,0.5006999969482422,0.5006999969482422,0.5006999969482422,0.5006999969482422,448.0
2024-07-03 11:19:00,CUE,1.0099999904632568,1.0099999904632568,1.0099999904632568,1.0099999904632568,1.0099999904632568,200.0
2024-07-03 11:19:00,CVAC,3.4000000953674316,3.4000000953674316,3.4000000953674316,3.390000104904175,3.390000104904175,3159.0
2024-07-03 11:19:00,CVRX,11.65999984741211,11.65999984741211,11.65999984741211,11.580100059509277,11.580100059509277,1471.0
2024-07-03 11:19:00,CYTK,54.95000076293945,54.95000076293945,54.95000076293945,54.95000076293945,54.95000076293945,1431.0
2024-07-03 11:19:00,DARE,3.361999988555908,3.361999988555908,3.361999988555908,3.361999988555908,3.361999988555908,123.0
2024-07-03 11:19:00,DAWN,13.359999656677246,13.359999656677246,13.359999656677246,13.359999656677246,13.359999656677246,721.0
2024-07-03 11:19:00,DCTH,7.78000020980835,7.78000020980835,7.78000020980835,7.78000020980835,7.78000020980835,943.0
2024-07-03 11:19:00,DERM,5.217599868774414,5.217599868774414,5.217599868774414,5.217599868774414,5.217599868774414,2050.0
2024-07-03 11:19:00,DH,5.389999866485596,5.389999866485596,5.389999866485596,5.389999866485596,5.389999866485596,107.0
2024-07-03 11:19:00,DSGN,3.234999895095825,3.234999895095825,3.25,3.2200000286102295,3.25,827.0
2024-07-03 11:19:00,DVAX,11.079999923706055,11.079999923706055,11.079999923706055,11.079999923706055,11.079999923706055,520.0
2024-07-03 11:19:00,EDIT,4.65500020980835,4.65500020980835,4.659999847412109,4.65500020980835,4.65500020980835,1856.0
2024-07-03 11:19:00,ELEV,2.6500000953674316,2.6500000953674316,2.6500000953674316,2.6500000953674316,2.6500000953674316,727.0
2024-07-03 11:19:00,ENSC,0.46000000834465027,0.46000000834465027,0.46000000834465027,0.46000000834465027,0.46000000834465027,1200.0
2024-07-03 11:19:00,ESPR,2.3499999046325684,2.3499999046325684,2.3499999046325684,2.3499999046325684,2.3499999046325684,3696.0
2024-07-03 11:19:00,EVAX,2.9123001098632812,2.9123001098632812,2.9123001098632812,2.9123001098632812,2.9123001098632812,46.0
2024-07-03 11:19:00,EWTX,18.149999618530273,18.149999618530273,18.149999618530273,18.149999618530273,18.149999618530273,695.0
2024-07-03 11:19:00,EXAI,5.449999809265137,5.449999809265137,5.449999809265137,5.449999809265137,5.449999809265137,16.0
2024-07-03 11:19:00,EXAS,43.150001525878906,43.150001525878906,43.152400970458984,43.095001220703125,43.099998474121094,5157.0
2024-07-03 11:19:00,EXEL,21.959999084472656,21.959999084472656,21.959999084472656,21.959999084472656,21.959999084472656,564.0
2024-07-03 11:19:00,EYPT,8.3100004196167,8.3100004196167,8.319999694824219,8.3100004196167,8.319999694824219,414.0
2024-07-03 11:19:00,FATE,3.190000057220459,3.190000057220459,3.190000057220459,3.190000057220459,3.190000057220459,254.0
2024-07-03 11:19:00,FBIO,1.7949999570846558,1.7949999570846558,1.7949999570846558,1.7949999570846558,1.7949999570846558,1217.0
2024-07-03 11:19:00,FGEN,0.7135999798774719,0.7135999798774719,0.7135999798774719,0.7135999798774719,0.7135999798774719,2213.0
2024-07-03 11:19:00,FLGC,0.949999988079071,0.949999988079071,0.949999988079071,0.949999988079071,0.949999988079071,200.0
2024-07-03 11:19:00,FOLD,9.904999732971191,9.904999732971191,9.904999732971191,9.904999732971191,9.904999732971191,373.0
2024-07-03 11:19:00,FULC,6.15500020980835,6.15500020980835,6.159999847412109,6.15500020980835,6.15500020980835,965.0
2024-07-03 11:19:00,GBIO,2.380000114440918,2.380000114440918,2.380000114440918,2.380000114440918,2.380000114440918,426.0
2024-07-03 11:19:00,GDRX,7.864999771118164,7.864999771118164,7.864999771118164,7.864999771118164,7.864999771118164,576.0
2024-07-03 11:19:00,GENE,1.399999976158142,1.399999976158142,1.399999976158142,1.399999976158142,1.399999976158142,514.0
2024-07-03 11:19:00,GERN,4.320000171661377,4.320000171661377,4.320000171661377,4.315000057220459,4.320000171661377,1418.0
2024-07-03 11:19:00,GH,28.280000686645508,28.280000686645508,28.299999237060547,28.270000457763672,28.270000457763672,1476.0
2024-07-03 11:19:00,GILD,67.11000061035156,67.11000061035156,67.11000061035156,66.94000244140625,66.94000244140625,21939.0
2024-07-03 11:19:00,GLSI,16.549999237060547,16.549999237060547,16.549999237060547,16.549999237060547,16.549999237060547,396.0
2024-07-03 11:19:00,GLUE,3.710099935531616,3.710099935531616,3.710099935531616,3.710099935531616,3.710099935531616,305.0
2024-07-03 11:19:00,GOSS,0.9366999864578247,0.9366999864578247,0.9366999864578247,0.9366999864578247,0.9366999864578247,387.0
2024-07-03 11:19:00,GOVX,2.9103000164031982,2.9103000164031982,2.924999952316284,2.9103000164031982,2.924999952316284,1874.0
2024-07-03 11:19:00,GRFS,6.670000076293945,6.670000076293945,6.670000076293945,6.670000076293945,6.670000076293945,466.0
2024-07-03 11:19:00,GRTS,0.5824000239372253,0.5824000239372253,0.5824000239372253,0.5813000202178955,0.5813000202178955,429.0
2024-07-03 11:19:00,GTHX,2.505000114440918,2.505000114440918,2.505000114440918,2.5,2.5,690.0
2024-07-03 11:19:00,HALO,51.79999923706055,51.79999923706055,51.79999923706055,51.79999923706055,51.79999923706055,162.0
2024-07-03 11:19:00,HCAT,6.190000057220459,6.190000057220459,6.190000057220459,6.179999828338623,6.179999828338623,963.0
2024-07-03 11:19:00,HCSG,10.5,10.5,10.5,10.484999656677246,10.484999656677246,1010.0
2024-07-03 11:19:00,HLVX,14.300000190734863,14.300000190734863,14.300000190734863,14.300000190734863,14.300000190734863,159.0
2024-07-03 11:19:00,HOLX,73.30500030517578,73.30500030517578,73.30500030517578,73.2699966430664,73.2699966430664,2377.0
2024-07-03 11:19:00,HQY,82.95999908447266,82.95999908447266,82.9800033569336,82.95999908447266,82.9800033569336,409.0
2024-07-03 11:19:00,HRMY,30.16629981994629,30.16629981994629,30.16629981994629,30.16629981994629,30.16629981994629,127.0
2024-07-03 11:19:00,HRTX,2.7799999713897705,2.7799999713897705,2.7850000858306885,2.7799999713897705,2.7850000858306885,1610.0
2024-07-03 11:19:00,HSIC,65.11000061035156,65.11000061035156,65.12999725341797,65.11000061035156,65.11000061035156,930.0
2024-07-03 11:19:00,HUGE,0.1421000063419342,0.1421000063419342,0.1421000063419342,0.1421000063419342,0.1421000063419342,2864.0
2024-07-03 11:19:00,HUMA,5.711999893188477,5.711999893188477,5.711999893188477,5.69890022277832,5.69890022277832,5755.0
2024-07-03 11:19:00,IBRX,6.280200004577637,6.280200004577637,6.281000137329102,6.28000020980835,6.28000020980835,1327.0
2024-07-03 11:19:00,ICLR,317.2900085449219,317.2900085449219,317.2900085449219,317.2900085449219,317.2900085449219,1055.0
2024-07-03 11:19:00,IGMS,6.510000228881836,6.510000228881836,6.510000228881836,6.46999979019165,6.46999979019165,0.0
2024-07-03 11:19:00,ILMN,105.45999908447266,105.45999908447266,105.45999908447266,105.43000030517578,105.43000030517578,1425.0
2024-07-03 11:19:00,IMCR,36.02000045776367,36.02000045776367,36.02000045776367,36.02000045776367,36.02000045776367,521.0
2024-07-03 11:19:00,IMMX,2.450000047683716,2.450000047683716,2.4800000190734863,2.4100000858306885,2.4598000049591064,28631.0
2024-07-03 11:19:00,IMNM,12.127699851989746,12.127699851989746,12.127699851989746,12.127699851989746,12.127699851989746,368.0
2024-07-03 11:19:00,IMRX,1.1399999856948853,1.1399999856948853,1.1399999856948853,1.1399999856948853,1.1399999856948853,201.0
2024-07-03 11:19:00,IMUX,1.1399999856948853,1.1399999856948853,1.1399999856948853,1.1399999856948853,1.1399999856948853,500.0
2024-07-03 11:19:00,IMVT,26.3799991607666,26.3799991607666,26.3799991607666,26.375,26.375,751.0
2024-07-03 11:19:00,INCY,57.904998779296875,57.904998779296875,57.93000030517578,57.880001068115234,57.88999938964844,6484.0
2024-07-03 11:19:00,INM,0.2558000087738037,0.2558000087738037,0.2558000087738037,0.2558000087738037,0.2558000087738037,2443.0
2024-07-03 11:19:00,INMD,17.549999237060547,17.549999237060547,17.549999237060547,17.549999237060547,17.549999237060547,268.0
2024-07-03 11:19:00,INSM,61.849998474121094,61.849998474121094,61.869998931884766,61.810001373291016,61.81999969482422,1726.0
2024-07-03 11:19:00,INVA,16.209999084472656,16.209999084472656,16.209999084472656,16.200000762939453,16.200000762939453,702.0
2024-07-03 11:19:00,INVO,0.7702000141143799,0.7702000141143799,0.7702000141143799,0.7702000141143799,0.7702000141143799,192.0
2024-07-03 11:19:00,IONS,44.70500183105469,44.70500183105469,44.70500183105469,44.70000076293945,44.70500183105469,1015.0
2024-07-03 11:19:00,IOVA,7.605000019073486,7.605000019073486,7.619999885559082,7.605000019073486,7.614999771118164,24609.0
2024-07-03 11:19:00,IRTC,95.36000061035156,95.36000061035156,95.36000061035156,95.36000061035156,95.36000061035156,518.0
2024-07-03 11:19:00,IRWD,6.125,6.125,6.135000228881836,6.125,6.135000228881836,2984.0
2024-07-03 11:19:00,ISRG,434.17999267578125,434.17999267578125,434.19000244140625,434.17999267578125,434.19000244140625,2057.0
2024-07-03 11:19:00,ITCI,68.4000015258789,68.4000015258789,68.4000015258789,68.28500366210938,68.28500366210938,4319.0
2024-07-03 11:19:00,ITOS,14.635000228881836,14.635000228881836,14.635000228881836,14.619999885559082,14.630000114440918,754.0
2024-07-03 11:19:00,IVVD,1.1150000095367432,1.1150000095367432,1.1150000095367432,1.1150000095367432,1.1150000095367432,870.0
2024-07-03 11:19:00,JANX,37.775001525878906,37.775001525878906,37.775001525878906,37.77000045776367,37.77000045776367,1102.0
2024-07-03 11:19:00,KIDS,29.697900772094727,29.697900772094727,29.774900436401367,29.697900772094727,29.774900436401367,745.0
2024-07-03 11:19:00,KOD,2.2300000190734863,2.2300000190734863,2.240000009536743,2.2300000190734863,2.240000009536743,522.0
2024-07-03 11:19:00,KPTI,0.8421000242233276,0.8421000242233276,0.8447999954223633,0.8421000242233276,0.8447999954223633,709.0
2024-07-03 11:19:00,KROS,42.4900016784668,42.4900016784668,42.4900016784668,42.4900016784668,42.4900016784668,888.0
2024-07-03 11:19:00,KRYS,177.1199951171875,177.1199951171875,177.1199951171875,177.1199951171875,177.1199951171875,837.0
2024-07-03 11:19:00,KTRA,0.28859999775886536,0.28859999775886536,0.2897999882698059,0.2870999872684479,0.2897999882698059,20429.0
2024-07-03 11:19:00,LAB,1.7899999618530273,1.7899999618530273,1.7899999618530273,1.7899999618530273,1.7899999618530273,242.0
2024-07-03 11:19:00,LBPH,32.79999923706055,32.79999923706055,32.79999923706055,32.79999923706055,32.79999923706055,744.0
2024-07-03 11:19:00,LEGN,46.08000183105469,46.08000183105469,46.08000183105469,46.04999923706055,46.07500076293945,3270.0
2024-07-03 11:19:00,LFMD,6.760000228881836,6.760000228881836,6.760000228881836,6.760000228881836,6.760000228881836,1127.0
2024-07-03 11:19:00,LFST,5.110000133514404,5.110000133514404,5.110000133514404,5.110000133514404,5.110000133514404,202.0
2024-07-03 11:19:00,LGVN,1.5994999408721924,1.5994999408721924,1.5994999408721924,1.5994999408721924,1.5994999408721924,352.0
2024-07-03 11:19:00,LIVN,52.58000183105469,52.58000183105469,52.58000183105469,52.540000915527344,52.540000915527344,334.0
2024-07-03 11:19:00,LNTH,79.45999908447266,79.45999908447266,79.45999908447266,79.44999694824219,79.44999694824219,801.0
2024-07-03 11:19:00,LPTX,1.809999942779541,1.809999942779541,1.809999942779541,1.809999942779541,1.809999942779541,2328.0
2024-07-03 11:19:00,LUCY,0.47130000591278076,0.47130000591278076,0.47130000591278076,0.4643000066280365,0.46700000762939453,4353.0
2024-07-03 11:19:00,LXRX,1.6050000190734863,1.6050000190734863,1.6050000190734863,1.6050000190734863,1.6050000190734863,739.0
2024-07-03 11:19:00,LYEL,1.5049999952316284,1.5049999952316284,1.5049999952316284,1.5,1.5,18665.0
2024-07-03 11:19:00,MASI,115.07140350341797,115.07140350341797,115.07140350341797,115.07140350341797,115.07140350341797,754.0
2024-07-03 11:19:00,MBIO,0.49959999322891235,0.49959999322891235,0.49959999322891235,0.49790000915527344,0.49790000915527344,2213.0
2024-07-03 11:19:00,MCRB,0.718999981880188,0.718999981880188,0.718999981880188,0.718999981880188,0.718999981880188,239.0
2024-07-03 11:19:00,MDXG,6.739999771118164,6.739999771118164,6.739999771118164,6.739999771118164,6.739999771118164,1559.0
2024-07-03 11:19:00,ME,0.40389999747276306,0.40389999747276306,0.40400001406669617,0.40389999747276306,0.40400001406669617,1915.0
2024-07-03 11:19:00,MGNX,4.240099906921387,4.240099906921387,4.240099906921387,4.240099906921387,4.240099906921387,131.0
2024-07-03 11:19:00,MIRM,33.61000061035156,33.61000061035156,33.654998779296875,33.61000061035156,33.654998779296875,424.0
2024-07-03 11:19:00,MMSI,85.9000015258789,85.9000015258789,85.9000015258789,85.9000015258789,85.9000015258789,215.0
2024-07-03 11:19:00,MORF,31.899999618530273,31.899999618530273,31.899999618530273,31.892000198364258,31.892000198364258,505.0
2024-07-03 11:19:00,MOVE,0.31679999828338623,0.31679999828338623,0.31679999828338623,0.313400000333786,0.313400000333786,9999.0
2024-07-03 11:19:00,MREO,3.515000104904175,3.515000104904175,3.515000104904175,3.515000104904175,3.515000104904175,727.0
2024-07-03 11:19:00,MRNA,115.69999694824219,115.69999694824219,115.77989959716797,115.55000305175781,115.58999633789062,8266.0
2024-07-03 11:19:00,MRSN,1.8650000095367432,1.8650000095367432,1.8700000047683716,1.8650000095367432,1.8700000047683716,429.0
2024-07-03 11:19:00,MRUS,52.3125,52.3125,52.3125,52.3125,52.3125,605.0
2024-07-03 11:19:00,MRVI,6.789999961853027,6.789999961853027,6.800000190734863,6.789999961853027,6.800000190734863,2392.0
2024-07-03 11:19:00,MXCT,3.680000066757202,3.680000066757202,3.680000066757202,3.680000066757202,3.680000066757202,152.0
2024-07-03 11:19:00,MYGN,24.920000076293945,24.920000076293945,24.969999313354492,24.899999618530273,24.969999313354492,3537.0
2024-07-03 11:19:00,NBIX,138.41000366210938,138.41000366210938,138.41000366210938,138.38999938964844,138.38999938964844,562.0
2024-07-03 11:19:00,NDRA,0.09200000017881393,0.09200000017881393,0.09279999881982803,0.09200000017881393,0.09210000187158585,183262.0
2024-07-03 11:19:00,NEOG,15.210000038146973,15.210000038146973,15.210000038146973,15.204999923706055,15.204999923706055,2300.0
2024-07-03 11:19:00,NKTR,1.25,1.25,1.25,1.2450000047683716,1.25,1081.0
2024-07-03 11:19:00,NKTX,5.329999923706055,5.329999923706055,5.329999923706055,5.329999923706055,5.329999923706055,258.0
2024-07-03 11:19:00,NLSP,0.19910000264644623,0.19910000264644623,0.19910000264644623,0.19910000264644623,0.19910000264644623,2551.0
2024-07-03 11:19:00,NNOX,6.989999771118164,6.989999771118164,7.006499767303467,6.989999771118164,7.006499767303467,270.0
2024-07-03 11:19:00,NOTV,1.6649999618530273,1.6649999618530273,1.6649999618530273,1.6649999618530273,1.6649999618530273,429.0
2024-07-03 11:19:00,NRIX,19.700000762939453,19.700000762939453,19.700000762939453,19.670000076293945,19.670000076293945,2672.0
2024-07-03 11:19:00,NTLA,22.56999969482422,22.56999969482422,22.56999969482422,22.56999969482422,22.56999969482422,939.0
2024-07-03 11:19:00,NTRA,111.20500183105469,111.20500183105469,111.51000213623047,110.94000244140625,111.5,24976.0
2024-07-03 11:19:00,NVAX,12.65999984741211,12.65999984741211,12.65999984741211,12.649999618530273,12.654999732971191,2479.0
2024-07-03 11:19:00,NVCR,16.719999313354492,16.719999313354492,16.72100067138672,16.719999313354492,16.72100067138672,2098.0
2024-07-03 11:19:00,NVCT,6.199999809265137,6.199999809265137,6.199999809265137,6.184999942779541,6.184999942779541,532.0
2024-07-03 11:19:00,NXL,1.399999976158142,1.399999976158142,1.399999976158142,1.399999976158142,1.399999976158142,690.0
2024-07-03 11:19:00,OCUL,6.679999828338623,6.679999828338623,6.679999828338623,6.679999828338623,6.679999828338623,156.0
2024-07-03 11:19:00,OFIX,13.38010025024414,13.38010025024414,13.38010025024414,13.38010025024414,13.38010025024414,377.0
2024-07-03 11:19:00,OGI,1.5740000009536743,1.5740000009536743,1.5740000009536743,1.5740000009536743,1.5740000009536743,4546.0
2024-07-03 11:19:00,OM,3.875,3.875,3.875,3.875,3.875,166.0
2024-07-03 11:19:00,OMIC,8.729999542236328,8.729999542236328,8.729999542236328,8.70009994506836,8.70009994506836,204.0
2024-07-03 11:20:00,ABSI,3.240000009536743,3.240000009536743,3.249000072479248,3.2300000190734863,3.249000072479248,7175.0
2024-07-03 11:20:00,ACAD,15.619999885559082,15.619999885559082,15.640000343322754,15.619999885559082,15.630000114440918,1947.0
2024-07-03 11:20:00,ACB,4.875,4.875,4.875,4.869999885559082,4.869999885559082,2623.0
2024-07-03 11:20:00,ACCD,3.555000066757202,3.555000066757202,3.559999942779541,3.555000066757202,3.559999942779541,1104.0
2024-07-03 11:20:00,ACET,1.0549999475479126,1.0549999475479126,1.0549999475479126,1.0499999523162842,1.0549999475479126,927.0
2024-07-03 11:20:00,ACHC,66.54000091552734,66.54000091552734,66.61000061035156,66.52999877929688,66.58000183105469,4159.0
2024-07-03 11:20:00,ACLX,53.92499923706055,53.92499923706055,53.9900016784668,53.92499923706055,53.9900016784668,263.0
2024-07-03 11:20:00,ACRS,1.149999976158142,1.149999976158142,1.149999976158142,1.149999976158142,1.149999976158142,584.0
2024-07-03 11:20:00,ADAP,1.0199999809265137,1.0199999809265137,1.0299999713897705,1.0199999809265137,1.0199999809265137,1182.0
2024-07-03 11:20:00,ADMA,11.279999732971191,11.279999732971191,11.28499984741211,11.25,11.255000114440918,19342.0
2024-07-03 11:20:00,ADPT,3.3949999809265137,3.3949999809265137,3.3949999809265137,3.390000104904175,3.390000104904175,553.0
2024-07-03 11:20:00,AGEN,14.350000381469727,14.350000381469727,14.350000381469727,14.350000381469727,14.350000381469727,408.0
2024-07-03 11:20:00,AGIO,41.8650016784668,41.8650016784668,41.8650016784668,41.8650016784668,41.8650016784668,1687.0
2024-07-03 11:20:00,AHCO,9.805000305175781,9.805000305175781,9.805000305175781,9.805000305175781,9.805000305175781,285.0
2024-07-03 11:20:00,AKBA,0.9431999921798706,0.9431999921798706,0.9433000087738037,0.9431999921798706,0.9433000087738037,6719.0
2024-07-03 11:20:00,AKRO,22.079999923706055,22.079999923706055,22.079999923706055,22.040000915527344,22.040000915527344,1356.0
2024-07-03 11:20:00,AKYA,2.1449999809265137,2.1449999809265137,2.1449999809265137,2.1449999809265137,2.1449999809265137,100.0
2024-07-03 11:20:00,ALDX,3.180000066757202,3.180000066757202,3.180000066757202,3.180000066757202,3.180000066757202,372.0
2024-07-03 11:20:00,ALGN,240.66000366210938,240.66000366210938,240.67999267578125,240.6300048828125,240.67999267578125,942.0
2024-07-03 11:20:00,ALGS,0.4259999990463257,0.4259999990463257,0.4268999993801117,0.4250999987125397,0.4250999987125397,11600.0
2024-07-03 11:20:00,ALKS,24.219999313354492,24.219999313354492,24.229999542236328,24.219999313354492,24.229999542236328,623.0
2024-07-03 11:20:00,ALLK,0.840399980545044,0.840399980545044,0.8411999940872192,0.8391000032424927,0.8411999940872192,338.0
2024-07-03 11:20:00,ALLO,2.1303000450134277,2.1303000450134277,2.134999990463257,2.1303000450134277,2.134999990463257,2649.0
2024-07-03 11:20:00,ALLR,0.20309999585151672,0.20309999585151672,0.20309999585151672,0.20309999585151672,0.20309999585151672,400.0
2024-07-03 11:20:00,ALNY,246.61500549316406,246.61500549316406,246.61500549316406,246.61500549316406,246.61500549316406,495.0
2024-07-03 11:20:00,ALT,6.640900135040283,6.640900135040283,6.644999980926514,6.640900135040283,6.644999980926514,1438.0
2024-07-03 11:20:00,ALXO,5.860000133514404,5.860000133514404,5.875,5.849999904632568,5.875,4842.0
2024-07-03 11:20:00,AMED,96.93000030517578,96.93000030517578,96.9800033569336,96.93000030517578,96.9800033569336,413.0
2024-07-03 11:20:00,AMGN,307.1499938964844,307.1499938964844,307.1499938964844,307.125,307.125,1268.0
2024-07-03 11:20:00,AMLX,1.75,1.75,1.75,1.75,1.75,11382.0
2024-07-03 11:20:00,ANAB,25.0,25.0,25.0,24.979999542236328,24.979999542236328,638.0
2024-07-03 11:20:00,ANNX,4.764999866485596,4.764999866485596,4.769999980926514,4.764999866485596,4.764999866485596,1401.0
2024-07-03 11:20:00,APDN,0.38989999890327454,0.38989999890327454,0.39160001277923584,0.3801000118255615,0.39160001277923584,19761.0
2024-07-03 11:20:00,APLS,35.55500030517578,35.55500030517578,35.58000183105469,35.470001220703125,35.58000183105469,71660.0
2024-07-03 11:20:00,APLT,4.355000019073486,4.355000019073486,4.355000019073486,4.349999904632568,4.349999904632568,136.0
2024-07-03 11:20:00,AQST,2.4049999713897705,2.4049999713897705,2.4049999713897705,2.4049999713897705,2.4049999713897705,209.0
2024-07-03 11:20:00,ARCT,21.405000686645508,21.405000686645508,21.405000686645508,21.364999771118164,21.3700008392334,1395.0
2024-07-03 11:20:00,ARDX,5.215000152587891,5.215000152587891,5.215000152587891,5.210000038146973,5.215000152587891,6589.0
2024-07-03 11:20:00,ARGX,435.0299072265625,435.0299072265625,435.0299072265625,435.0299072265625,435.0299072265625,148.0
2024-07-03 11:20:00,ARQT,9.664999961853027,9.664999961853027,9.664999961853027,9.664999961853027,9.664999961853027,776.0
2024-07-03 11:20:00,ARVN,24.170000076293945,24.170000076293945,24.170000076293945,24.1299991607666,24.15999984741211,2689.0
2024-07-03 11:20:00,ASRT,1.3200000524520874,1.3200000524520874,1.3250000476837158,1.3200000524520874,1.3250000476837158,1613.0
2024-07-03 11:20:00,ATEC,9.954999923706055,9.954999923706055,9.954999923706055,9.954999923706055,9.954999923706055,235.0
2024-07-03 11:20:00,ATOS,1.1549999713897705,1.1549999713897705,1.1549999713897705,1.1549999713897705,1.1549999713897705,1112.0
2024-07-03 11:20:00,ATRC,22.40999984741211,22.40999984741211,22.440000534057617,22.34980010986328,22.34980010986328,12568.0
2024-07-03 11:20:00,AUGX,1.0,1.0,1.0099999904632568,1.0,1.0,2407.0
2024-07-03 11:20:00,AUTL,3.4549999237060547,3.4549999237060547,3.4560000896453857,3.434999942779541,3.440000057220459,16343.0
2024-07-03 11:20:00,AVDL,14.369999885559082,14.369999885559082,14.369999885559082,14.350000381469727,14.350000381469727,300.0
2024-07-03 11:20:00,AVXL,4.230000019073486,4.230000019073486,4.230000019073486,4.230000019073486,4.230000019073486,312.0
2024-07-03 11:20:00,AXNX,67.55000305175781,67.55000305175781,67.55000305175781,67.55000305175781,67.55000305175781,243.0
2024-07-03 11:20:00,AZN,76.70500183105469,76.70500183105469,76.71499633789062,76.69499969482422,76.69499969482422,17611.0
2024-07-03 11:20:00,AZTA,52.474998474121094,52.474998474121094,52.47999954223633,52.470001220703125,52.470001220703125,2516.0
2024-07-03 11:20:00,BCAB,1.377500057220459,1.377500057220459,1.3799999952316284,1.3700000047683716,1.375,4013.0
2024-07-03 11:20:00,BCRX,6.505000114440918,6.505000114440918,6.505000114440918,6.497200012207031,6.499899864196777,6019.0
2024-07-03 11:20:00,BEAM,23.6299991607666,23.6299991607666,23.6299991607666,23.594999313354492,23.594999313354492,1089.0
2024-07-03 11:20:00,BEAT,2.859999895095825,2.859999895095825,2.859999895095825,2.859999895095825,2.859999895095825,702.0
2024-07-03 11:20:00,BGXX,0.2660999894142151,0.2660999894142151,0.2660999894142151,0.2660999894142151,0.2660999894142151,3878.0
2024-07-03 11:20:00,BLFS,19.760000228881836,19.760000228881836,19.790000915527344,19.760000228881836,19.790000915527344,698.0
2024-07-03 11:20:00,BLUE,0.9330999851226807,0.9330999851226807,0.9330999851226807,0.9330999851226807,0.9330999851226807,8000.0
2024-07-03 11:20:00,BMRA,0.44920000433921814,0.44920000433921814,0.45500001311302185,0.44920000433921814,0.44920000433921814,9602.0
2024-07-03 11:20:00,BMRN,81.22000122070312,81.22000122070312,81.25,81.22000122070312,81.25,791.0
2024-07-03 11:20:00,BNGO,0.5575000047683716,0.5575000047683716,0.5576000213623047,0.5575000047683716,0.5576000213623047,3700.0
2024-07-03 11:20:00,BNTX,79.93000030517578,79.93000030517578,79.93000030517578,79.79000091552734,79.79000091552734,390.0
2024-07-03 11:20:00,BPMC,110.95500183105469,110.95500183105469,110.97000122070312,110.95500183105469,110.97000122070312,1856.0
2024-07-03 11:20:00,BRKR,61.540000915527344,61.540000915527344,61.540000915527344,61.540000915527344,61.540000915527344,1899.0
2024-07-03 11:20:00,BVS,5.96999979019165,5.96999979019165,5.96999979019165,5.96999979019165,5.96999979019165,203.0
2024-07-03 11:20:00,BYSI,2.5999999046325684,2.5999999046325684,2.5999999046325684,2.5999999046325684,2.5999999046325684,1000.0
2024-07-03 11:20:00,CABA,7.650000095367432,7.650000095367432,7.650000095367432,7.610000133514404,7.610000133514404,3057.0
2024-07-03 11:20:00,CARA,0.2865000069141388,0.2865000069141388,0.2865000069141388,0.2865000069141388,0.2865000069141388,304.0
2024-07-03 11:20:00,CCCC,4.65500020980835,4.65500020980835,4.684999942779541,4.65500020980835,4.679999828338623,5490.0
2024-07-03 11:20:00,CDMO,7.539999961853027,7.539999961853027,7.559999942779541,7.525000095367432,7.525000095367432,6366.0
2024-07-03 11:20:00,CDXS,2.875,2.875,2.875,2.875,2.875,209.0
2024-07-03 11:20:00,CELC,16.280000686645508,16.280000686645508,16.280000686645508,16.280000686645508,16.280000686645508,595.0
2024-07-03 11:20:00,CERE,41.279998779296875,41.279998779296875,41.43000030517578,41.040000915527344,41.41999816894531,166716.0
2024-07-03 11:20:00,CERS,1.7100000381469727,1.7100000381469727,1.715000033378601,1.7100000381469727,1.715000033378601,871.0
2024-07-03 11:20:00,CERT,13.789999961853027,13.789999961853027,13.789999961853027,13.789999961853027,13.789999961853027,1509.0
2024-07-03 11:20:00,CGC,6.510000228881836,6.510000228881836,6.539999961853027,6.510000228881836,6.5381999015808105,34194.0
2024-07-03 11:20:00,CGEM,16.815000534057617,16.815000534057617,16.815000534057617,16.815000534057617,16.815000534057617,1190.0
2024-07-03 11:20:00,CGEN,1.6593999862670898,1.6593999862670898,1.6593999862670898,1.6593999862670898,1.6593999862670898,2303.0
2024-07-03 11:20:00,CGTX,1.8300000429153442,1.8300000429153442,1.8300000429153442,1.8300000429153442,1.8300000429153442,600.0
2024-07-03 11:20:00,CHRS,1.3949999809265137,1.3949999809265137,1.399999976158142,1.3949999809265137,1.399999976158142,6978.0
2024-07-03 11:20:00,CLNN,0.32710000872612,0.32710000872612,0.32710000872612,0.32710000872612,0.32710000872612,465.0
2024-07-03 11:20:00,CLPT,5.46999979019165,5.46999979019165,5.46999979019165,5.449999809265137,5.449999809265137,999.0
2024-07-03 11:20:00,CMAX,2.200000047683716,2.200000047683716,2.200000047683716,2.200000047683716,2.200000047683716,560.0
2024-07-03 11:20:00,CMPS,6.324999809265137,6.324999809265137,6.329999923706055,6.320000171661377,6.320000171661377,1593.0
2024-07-03 11:20:00,CMPX,0.8500000238418579,0.8500000238418579,0.8500000238418579,0.8500000238418579,0.8500000238418579,3000.0
2024-07-03 11:20:00,COLL,32.380001068115234,32.380001068115234,32.380001068115234,32.380001068115234,32.380001068115234,517.0
2024-07-03 11:20:00,CORT,30.524999618530273,30.524999618530273,30.604999542236328,30.510000228881836,30.604999542236328,6349.0
2024-07-03 11:20:00,CPRX,15.475000381469727,15.475000381469727,15.479999542236328,15.475000381469727,15.479999542236328,453.0
2024-07-03 11:20:00,CRBP,49.20000076293945,49.20000076293945,49.20000076293945,49.20000076293945,49.20000076293945,309.0
2024-07-03 11:20:00,CRBU,1.5750000476837158,1.5750000476837158,1.5750000476837158,1.570099949836731,1.5750000476837158,0.0
2024-07-03 11:20:00,CRDF,2.234999895095825,2.234999895095825,2.234999895095825,2.234999895095825,2.234999895095825,209.0
2024-07-03 11:20:00,CRON,2.305000066757202,2.305000066757202,2.305000066757202,2.305000066757202,2.305000066757202,2568.0
2024-07-03 11:20:00,CRSP,53.84000015258789,53.84000015258789,53.865699768066406,53.84000015258789,53.865699768066406,711.0
2024-07-03 11:20:00,CSTL,21.100000381469727,21.100000381469727,21.100000381469727,21.100000381469727,21.100000381469727,289.0
2024-07-03 11:20:00,CTKB,5.635000228881836,5.635000228881836,5.635000228881836,5.630000114440918,5.635000228881836,2020.0
2024-07-03 11:20:00,CTXR,0.5031999945640564,0.5031999945640564,0.5033000111579895,0.5006999969482422,0.5019999742507935,20423.0
2024-07-03 11:20:00,CUE,1.0,1.0,1.0,1.0,1.0,768.0
2024-07-03 11:20:00,CVAC,3.369999885559082,3.369999885559082,3.4049999713897705,3.369999885559082,3.3949999809265137,39062.0
2024-07-03 11:20:00,CYTK,54.90999984741211,54.90999984741211,54.915000915527344,54.900001525878906,54.900001525878906,2342.0
2024-07-03 11:20:00,DARE,3.3399999141693115,3.3399999141693115,3.3499999046325684,3.3399999141693115,3.3499999046325684,6493.0
2024-07-03 11:20:00,DH,5.389999866485596,5.389999866485596,5.389999866485596,5.389999866485596,5.389999866485596,1793.0
2024-07-03 11:20:00,DRMA,2.2300000190734863,2.2300000190734863,2.2300000190734863,2.2300000190734863,2.2300000190734863,2177.0
2024-07-03 11:20:00,DSGN,3.25,3.25,3.25,3.242500066757202,3.242500066757202,1801.0
2024-07-03 11:20:00,DXCM,110.34010314941406,110.34010314941406,110.38500213623047,110.34010314941406,110.38500213623047,317.0
2024-07-03 11:20:00,DYN,34.5,34.5,34.52000045776367,34.5,34.52000045776367,1180.0
2024-07-03 11:20:00,ELEV,2.6549999713897705,2.6549999713897705,2.6549999713897705,2.6549999713897705,2.6549999713897705,392.0
2024-07-03 11:20:00,ELYM,6.809999942779541,6.809999942779541,6.809999942779541,6.809999942779541,6.809999942779541,5.0
2024-07-03 11:20:00,EMBC,12.0600004196167,12.0600004196167,12.0600004196167,12.050000190734863,12.050000190734863,1355.0
2024-07-03 11:20:00,EOLS,10.899999618530273,10.899999618530273,10.899999618530273,10.880000114440918,10.880000114440918,1423.0
2024-07-03 11:20:00,ERAS,2.259999990463257,2.259999990463257,2.259999990463257,2.255000114440918,2.255000114440918,687.0
2024-07-03 11:20:00,ESPR,2.3498001098632812,2.3498001098632812,2.3498001098632812,2.3498001098632812,2.3498001098632812,216.0
2024-07-03 11:20:00,EWTX,18.15999984741211,18.15999984741211,18.15999984741211,18.15999984741211,18.15999984741211,493.0
2024-07-03 11:20:00,EXAI,5.449999809265137,5.449999809265137,5.459799766540527,5.449999809265137,5.459799766540527,1533.0
2024-07-03 11:20:00,EXAS,43.119998931884766,43.119998931884766,43.14500045776367,43.119998931884766,43.130001068115234,1168.0
2024-07-03 11:20:00,EXEL,21.959999084472656,21.959999084472656,21.969999313354492,21.959999084472656,21.969999313354492,902.0
2024-07-03 11:20:00,EYEN,0.7666000127792358,0.7666000127792358,0.7784000039100647,0.7666000127792358,0.7675999999046326,244.0
2024-07-03 11:20:00,EYPT,8.329999923706055,8.329999923706055,8.329999923706055,8.329999923706055,8.329999923706055,247.0
2024-07-03 11:20:00,FATE,3.194999933242798,3.194999933242798,3.194999933242798,3.190000057220459,3.190000057220459,513.0
2024-07-03 11:20:00,FDMT,21.059999465942383,21.059999465942383,21.079999923706055,21.059999465942383,21.06999969482422,2075.0
2024-07-03 11:20:00,FGEN,0.713699996471405,0.713699996471405,0.713699996471405,0.7135999798774719,0.7135999798774719,3042.0
2024-07-03 11:20:00,FLGC,0.9800000190734863,0.9800000190734863,0.9800000190734863,0.949999988079071,0.949999988079071,5000.0
2024-07-03 11:20:00,FOLD,9.904999732971191,9.904999732971191,9.904999732971191,9.904999732971191,9.904999732971191,1823.0
2024-07-03 11:20:00,FRTX,0.949999988079071,0.949999988079071,0.949999988079071,0.949999988079071,0.949999988079071,2608.0
2024-07-03 11:20:00,FULC,6.150000095367432,6.150000095367432,6.150000095367432,6.150000095367432,6.150000095367432,1333.0
2024-07-03 11:20:00,GALT,2.180000066757202,2.180000066757202,2.180000066757202,2.180000066757202,2.180000066757202,1100.0
2024-07-03 11:20:00,GBIO,2.4000000953674316,2.4000000953674316,2.4000000953674316,2.390000104904175,2.390000104904175,1070.0
2024-07-03 11:20:00,GERN,4.324999809265137,4.324999809265137,4.324999809265137,4.320000171661377,4.320000171661377,6168.0
2024-07-03 11:20:00,GH,28.3218994140625,28.3218994140625,28.348400115966797,28.309999465942383,28.348400115966797,1728.0
2024-07-03 11:20:00,GILD,67.12999725341797,67.12999725341797,67.12999725341797,67.10009765625,67.11499786376953,20157.0
2024-07-03 11:20:00,GMAB,25.170000076293945,25.170000076293945,25.174999237060547,25.170000076293945,25.174999237060547,1069.0
2024-07-03 11:20:00,GOSS,0.9369000196456909,0.9369000196456909,0.9369000196456909,0.9366999864578247,0.9366999864578247,488.0
2024-07-03 11:20:00,GOVX,2.9800000190734863,2.9800000190734863,2.9800000190734863,2.934999942779541,2.940000057220459,7408.0
2024-07-03 11:20:00,GTHX,2.5,2.5,2.505000114440918,2.5,2.5,1469.0
2024-07-03 11:20:00,HALO,51.81999969482422,51.81999969482422,51.81999969482422,51.79499816894531,51.79499816894531,2067.0
2024-07-03 11:20:00,HCAT,6.190000057220459,6.190000057220459,6.190000057220459,6.190000057220459,6.190000057220459,200.0
2024-07-03 11:20:00,HCSG,10.510000228881836,10.510000228881836,10.520000457763672,10.510000228881836,10.510000228881836,1192.0
2024-07-03 11:20:00,HOLX,73.30000305175781,73.30000305175781,73.30999755859375,73.29000091552734,73.30500030517578,1928.0
2024-07-03 11:20:00,HOTH,0.8824999928474426,0.8824999928474426,0.8824999928474426,0.8824999928474426,0.8824999928474426,972.0
2024-07-03 11:20:00,HOWL,2.04010009765625,2.04010009765625,2.04010009765625,2.04010009765625,2.04010009765625,310.0
2024-07-03 11:20:00,HQY,82.98500061035156,82.98500061035156,82.98500061035156,82.95999908447266,82.95999908447266,778.0
2024-07-03 11:20:00,HRMY,30.229999542236328,30.229999542236328,30.260000228881836,30.18000030517578,30.18000030517578,1796.0
2024-07-03 11:20:00,HROW,21.674999237060547,21.674999237060547,21.719999313354492,21.674999237060547,21.719999313354492,2698.0
2024-07-03 11:20:00,HRTX,2.7899999618530273,2.7899999618530273,2.7899999618530273,2.7799999713897705,2.7850000858306885,846.0
2024-07-03 11:20:00,HSIC,65.0999984741211,65.0999984741211,65.12999725341797,65.0999984741211,65.11000061035156,1659.0
2024-07-03 11:20:00,HUGE,0.1420000046491623,0.1420000046491623,0.1420000046491623,0.1420000046491623,0.1420000046491623,200.0
2024-07-03 11:20:00,HUMA,5.704999923706055,5.704999923706055,5.724999904632568,5.704999923706055,5.710000038146973,12625.0
2024-07-03 11:20:00,IBRX,6.275000095367432,6.275000095367432,6.28000020980835,6.269999980926514,6.28000020980835,4009.0
2024-07-03 11:20:00,ICUI,117.83000183105469,117.83000183105469,117.83000183105469,117.83000183105469,117.83000183105469,1956.0
2024-07-03 11:20:00,IDYA,33.525001525878906,33.525001525878906,33.54999923706055,33.525001525878906,33.54999923706055,1038.0
2024-07-03 11:20:00,IKNA,1.649999976158142,1.649999976158142,1.649999976158142,1.649999976158142,1.649999976158142,542.0
2024-07-03 11:20:00,ILMN,105.47000122070312,105.47000122070312,105.55000305175781,105.47000122070312,105.52999877929688,3619.0
2024-07-03 11:20:00,IMAB,1.5299999713897705,1.5299999713897705,1.5399999618530273,1.5299999713897705,1.5399999618530273,500.0
2024-07-03 11:20:00,IMMX,2.4493000507354736,2.4493000507354736,2.4700000286102295,2.4200000762939453,2.4200000762939453,7625.0
2024-07-03 11:20:00,IMNM,12.079999923706055,12.079999923706055,12.135000228881836,12.0600004196167,12.135000228881836,3915.0
2024-07-03 11:20:00,IMRX,1.1399999856948853,1.1399999856948853,1.1399999856948853,1.1399999856948853,1.1399999856948853,103.0
2024-07-03 11:20:00,IMTX,11.850000381469727,11.850000381469727,11.880000114440918,11.850000381469727,11.880000114440918,2108.0
2024-07-03 11:20:00,IMUX,1.1349999904632568,1.1349999904632568,1.1349999904632568,1.1349999904632568,1.1349999904632568,304.0
2024-07-03 11:20:00,IMVT,26.290000915527344,26.290000915527344,26.399999618530273,26.290000915527344,26.389999389648438,3044.0
2024-07-03 11:20:00,INCY,57.849998474121094,57.849998474121094,57.880001068115234,57.84000015258789,57.880001068115234,5830.0
2024-07-03 11:20:00,INMD,17.559999465942383,17.559999465942383,17.56999969482422,17.530000686645508,17.549999237060547,22875.0
2024-07-03 11:20:00,INO,8.385000228881836,8.385000228881836,8.385000228881836,8.385000228881836,8.385000228881836,340.0
2024-07-03 11:20:00,INSM,61.93000030517578,61.93000030517578,61.95000076293945,61.836299896240234,61.836299896240234,4113.0
2024-07-03 11:20:00,INZY,4.454999923706055,4.454999923706055,4.460000038146973,4.454999923706055,4.454999923706055,773.0
2024-07-03 11:20:00,IONS,44.70000076293945,44.70000076293945,44.720001220703125,44.70000076293945,44.720001220703125,539.0
2024-07-03 11:20:00,IOVA,7.650000095367432,7.650000095367432,7.650000095367432,7.605000019073486,7.605000019073486,22710.0
2024-07-03 11:20:00,IRTC,95.5199966430664,95.5199966430664,95.5199966430664,95.5199966430664,95.5199966430664,356.0
2024-07-03 11:20:00,ISRG,434.1400146484375,434.1400146484375,434.1400146484375,434.1400146484375,434.1400146484375,218.0
2024-07-03 11:20:00,ITOS,14.619999885559082,14.619999885559082,14.640000343322754,14.619999885559082,14.640000343322754,1253.0
2024-07-03 11:20:00,JAZZ,104.22000122070312,104.22000122070312,104.25,104.18000030517578,104.18000030517578,1148.0
2024-07-03 11:20:00,KNSA,18.934999465942383,18.934999465942383,18.934999465942383,18.934999465942383,18.934999465942383,177.0
2024-07-03 11:20:00,KOD,2.234999895095825,2.234999895095825,2.234999895095825,2.2300000190734863,2.2300000190734863,228.0
2024-07-03 11:20:00,KPTI,0.8458999991416931,0.8458999991416931,0.8458999991416931,0.8447999954223633,0.8447999954223633,1226.0
2024-07-03 11:20:00,KTRA,0.2881999909877777,0.2881999909877777,0.28870001435279846,0.288100004196167,0.28870001435279846,4488.0
2024-07-03 11:20:00,KZR,0.5723999738693237,0.5723999738693237,0.5723999738693237,0.5717999935150146,0.5723999738693237,9452.0
2024-07-03 11:20:00,LAB,1.7999999523162842,1.7999999523162842,1.7999999523162842,1.7899999618530273,1.7899999618530273,994.0
2024-07-03 11:20:00,LBPH,32.900001525878906,32.900001525878906,32.900001525878906,32.86000061035156,32.86000061035156,857.0
2024-07-03 11:20:00,LEGN,46.31999969482422,46.31999969482422,46.31999969482422,46.11000061035156,46.11000061035156,2429.0
2024-07-03 11:20:00,LFMD,6.760000228881836,6.760000228881836,6.760000228881836,6.760000228881836,6.760000228881836,1983.0
2024-07-03 11:20:00,LFST,5.119999885559082,5.119999885559082,5.119999885559082,5.110000133514404,5.110000133514404,1199.0
2024-07-03 11:20:00,LGVN,1.5950000286102295,1.5950000286102295,1.5950000286102295,1.5950000286102295,1.5950000286102295,1200.0
2024-07-03 11:20:00,LIVN,52.584999084472656,52.584999084472656,52.619998931884766,52.560001373291016,52.560001373291016,2429.0
2024-07-03 11:20:00,LMAT,81.20500183105469,81.20500183105469,81.20500183105469,81.05000305175781,81.125,847.0
2024-07-03 11:20:00,LPTX,1.7999999523162842,1.7999999523162842,1.7999999523162842,1.7999999523162842,1.7999999523162842,0.0
2024-07-03 11:20:00,LXRX,1.6100000143051147,1.6100000143051147,1.6100000143051147,1.600000023841858,1.600000023841858,467.0
2024-07-03 11:20:00,MBIO,0.49799999594688416,0.49799999594688416,0.49959999322891235,0.4975000023841858,0.49959999322891235,11659.0
2024-07-03 11:20:00,MCRB,0.718999981880188,0.718999981880188,0.722000002861023,0.718999981880188,0.722000002861023,618.0
2024-07-03 11:20:00,MDGL,271.6650085449219,271.6650085449219,271.6650085449219,271.6650085449219,271.6650085449219,195.0
2024-07-03 11:20:00,MDWD,14.880000114440918,14.880000114440918,14.880000114440918,14.880000114440918,14.880000114440918,306.0
2024-07-03 11:20:00,ME,0.40389999747276306,0.40389999747276306,0.40389999747276306,0.40389999747276306,0.40389999747276306,716.0
2024-07-03 11:20:00,MGNX,4.25,4.25,4.25,4.244999885559082,4.244999885559082,202.0
2024-07-03 11:20:00,MIRM,33.709999084472656,33.709999084472656,33.709999084472656,33.65999984741211,33.65999984741211,581.0
2024-07-03 11:20:00,MMSI,85.95999908447266,85.95999908447266,85.9749984741211,85.94999694824219,85.95999908447266,2005.0
2024-07-03 11:20:00,MNMD,7.190000057220459,7.190000057220459,7.190000057220459,7.190000057220459,7.190000057220459,651.0
2024-07-03 11:20:00,MODV,27.75,27.75,27.75,27.75,27.75,764.0
2024-07-03 11:20:00,MOVE,0.3199000060558319,0.3199000060558319,0.3199000060558319,0.31850001215934753,0.31850001215934753,5215.0
2024-07-03 11:20:00,MREO,3.515000104904175,3.515000104904175,3.515000104904175,3.515000104904175,3.515000104904175,487.0
2024-07-03 11:20:00,MRNA,115.69000244140625,115.69000244140625,115.71499633789062,115.62999725341797,115.71499633789062,4014.0
2024-07-03 11:20:00,MRNS,1.2050000429153442,1.2050000429153442,1.2050000429153442,1.2000000476837158,1.2000000476837158,428.0
2024-07-03 11:20:00,MRSN,1.8700000047683716,1.8700000047683716,1.8700000047683716,1.8700000047683716,1.8700000047683716,200.0
2024-07-03 11:20:00,MRVI,6.795000076293945,6.795000076293945,6.800000190734863,6.795000076293945,6.795000076293945,1594.0
2024-07-03 11:20:00,MXCT,3.680000066757202,3.680000066757202,3.680000066757202,3.674999952316284,3.680000066757202,521.0
2024-07-03 11:20:00,MYGN,24.924999237060547,24.924999237060547,24.924999237060547,24.924999237060547,24.924999237060547,480.0
2024-07-03 11:20:00,MYNZ,0.3310000002384186,0.3310000002384186,0.3402000069618225,0.3310000002384186,0.3400000035762787,6202.0
2024-07-03 11:20:00,NARI,49.45000076293945,49.45000076293945,49.45000076293945,49.45000076293945,49.45000076293945,292.0
2024-07-03 11:20:00,NBIX,138.52000427246094,138.52000427246094,138.52000427246094,138.52000427246094,138.52000427246094,1007.0
2024-07-03 11:20:00,NDRA,0.09109999984502792,0.09109999984502792,0.09149999916553497,0.09000000357627869,0.09149999916553497,68911.0
2024-07-03 11:20:00,NEO,13.65999984741211,13.65999984741211,13.65999984741211,13.65999984741211,13.65999984741211,1642.0
2024-07-03 11:20:00,NEOG,15.229999542236328,15.229999542236328,15.229999542236328,15.21500015258789,15.21500015258789,1236.0
2024-07-03 11:20:00,NKTR,1.2402000427246094,1.2402000427246094,1.2402000427246094,1.2402000427246094,1.2402000427246094,1238.0
2024-07-03 11:20:00,NKTX,5.320000171661377,5.320000171661377,5.320000171661377,5.320000171661377,5.320000171661377,387.0
2024-07-03 11:20:00,NNOX,6.999800205230713,6.999800205230713,6.999800205230713,6.999800205230713,6.999800205230713,242.0
2024-07-03 11:20:00,NRC,22.915000915527344,22.915000915527344,22.934999465942383,22.915000915527344,22.934999465942383,1312.0
2024-07-03 11:20:00,NRIX,19.690000534057617,19.690000534057617,19.690000534057617,19.670000076293945,19.670000076293945,795.0
2024-07-03 11:20:00,NTLA,22.610000610351562,22.610000610351562,22.610000610351562,22.575000762939453,22.575000762939453,2200.0
2024-07-03 11:20:00,NTRA,111.30000305175781,111.30000305175781,111.31999969482422,111.23999786376953,111.23999786376953,943.0
2024-07-03 11:20:00,NVAX,12.664899826049805,12.664899826049805,12.670000076293945,12.65999984741211,12.65999984741211,6422.0
2024-07-03 11:20:00,NVCR,16.729999542236328,16.729999542236328,16.729999542236328,16.729999542236328,16.729999542236328,188.0
2024-07-03 11:20:00,OCGN,1.6150000095367432,1.6150000095367432,1.6198999881744385,1.6150000095367432,1.6150000095367432,1231.0
2024-07-03 11:20:00,OCUL,6.710000038146973,6.710000038146973,6.710000038146973,6.690000057220459,6.690000057220459,2089.0
2024-07-03 11:20:00,OCX,3.0299999713897705,3.0299999713897705,3.036099910736084,3.0299999713897705,3.036099910736084,0.0
2024-07-03 11:20:00,OGI,1.5800000429153442,1.5800000429153442,1.5800000429153442,1.5800000429153442,1.5800000429153442,402.0
2024-07-03 11:20:00,OLMA,10.640000343322754,10.640000343322754,10.640000343322754,10.640000343322754,10.640000343322754,346.0
2024-07-03 11:20:00,OM,3.869999885559082,3.869999885559082,3.875,3.869999885559082,3.875,337.0
2024-07-03 11:20:00,OMER,3.869999885559082,3.869999885559082,3.869999885559082,3.869999885559082,3.869999885559082,473.0
2024-07-03 11:20:00,OMGA,1.9900000095367432,1.9900000095367432,1.9900000095367432,1.9900000095367432,1.9900000095367432,216.0
2024-07-03 11:20:00,OMIC,8.710000038146973,8.710000038146973,8.710000038146973,8.710000038146973,8.710000038146973,125.0
2024-07-03 11:21:00,AADI,1.3701000213623047,1.3701000213623047,1.3701000213623047,1.3701000213623047,1.3701000213623047,280.0
2024-07-03 11:21:00,ABSI,3.2249999046325684,3.2249999046325684,3.240000009536743,3.2200000286102295,3.240000009536743,5043.0
2024-07-03 11:21:00,ABUS,3.1600000858306885,3.1600000858306885,3.1600000858306885,3.1600000858306885,3.1600000858306885,3851.0
2024-07-03 11:21:00,ACB,4.880000114440918,4.880000114440918,4.880099773406982,4.880000114440918,4.880099773406982,2324.0
2024-07-03 11:21:00,ACCD,3.565000057220459,3.565000057220459,3.565000057220459,3.549999952316284,3.555000066757202,5445.0
2024-07-03 11:21:00,ACET,1.0549999475479126,1.0549999475479126,1.0549999475479126,1.0549999475479126,1.0549999475479126,524.0
2024-07-03 11:21:00,ACHV,4.489999771118164,4.489999771118164,4.494999885559082,4.489999771118164,4.494999885559082,1043.0
2024-07-03 11:21:00,ACLX,53.959999084472656,53.959999084472656,53.959999084472656,53.959999084472656,53.959999084472656,285.0
2024-07-03 11:21:00,ACRS,1.149999976158142,1.149999976158142,1.149999976158142,1.149999976158142,1.149999976158142,1493.0
2024-07-03 11:21:00,ADAP,1.0299999713897705,1.0299999713897705,1.0299999713897705,1.0199999809265137,1.0199999809265137,0.0
2024-07-03 11:21:00,ADMA,11.274999618530273,11.274999618530273,11.279000282287598,11.272500038146973,11.274999618530273,2734.0
2024-07-03 11:21:00,ADPT,3.3949999809265137,3.3949999809265137,3.3949999809265137,3.3949999809265137,3.3949999809265137,301.0
2024-07-03 11:21:00,ADTX,1.5,1.5,1.5,1.4900000095367432,1.4916000366210938,914.0
2024-07-03 11:21:00,AGEN,14.4399995803833,14.4399995803833,14.4399995803833,14.350000381469727,14.350000381469727,3925.0
2024-07-03 11:21:00,AHCO,9.75,9.75,9.805000305175781,9.734999656677246,9.800000190734863,26318.0
2024-07-03 11:21:00,AIMD,0.8223000168800354,0.8223000168800354,0.8223000168800354,0.8223000168800354,0.8223000168800354,195.0
2024-07-03 11:21:00,AKBA,0.9420999884605408,0.9420999884605408,0.9431999921798706,0.9420999884605408,0.9431999921798706,9312.0
2024-07-03 11:21:00,AKRO,22.1200008392334,22.1200008392334,22.1200008392334,22.1200008392334,22.1200008392334,391.0
2024-07-03 11:21:00,ALGN,240.63499450683594,240.63499450683594,240.63499450683594,240.63499450683594,240.63499450683594,365.0
2024-07-03 11:21:00,ALGS,0.42590001225471497,0.42590001225471497,0.42590001225471497,0.42590001225471497,0.42590001225471497,800.0
2024-07-03 11:21:00,ALKS,24.264999389648438,24.264999389648438,24.264999389648438,24.219999313354492,24.219999313354492,3815.0
2024-07-03 11:21:00,ALLO,2.1308000087738037,2.1308000087738037,2.134999990463257,2.130000114440918,2.134999990463257,2719.0
2024-07-03 11:21:00,ALLR,0.20309999585151672,0.20309999585151672,0.20479999482631683,0.20309999585151672,0.20309999585151672,13308.0
2024-07-03 11:21:00,ALNY,246.625,246.625,246.77999877929688,246.32000732421875,246.3800048828125,4476.0
2024-07-03 11:21:00,ALT,6.680799961090088,6.680799961090088,6.684999942779541,6.639999866485596,6.650000095367432,27566.0
2024-07-03 11:21:00,ALVR,0.7357000112533569,0.7357000112533569,0.7357000112533569,0.7357000112533569,0.7357000112533569,475.0
2024-07-03 11:21:00,ALXO,5.860000133514404,5.860000133514404,5.860000133514404,5.860000133514404,5.860000133514404,412.0
2024-07-03 11:21:00,AMED,97.0,97.0,97.0,96.94999694824219,97.0,757.0
2024-07-03 11:21:00,AMGN,307.0400085449219,307.0400085449219,307.0849914550781,307.0199890136719,307.0199890136719,3005.0
2024-07-03 11:21:00,AMLX,1.7599999904632568,1.7599999904632568,1.7599999904632568,1.7599999904632568,1.7599999904632568,909.0
2024-07-03 11:21:00,AMPH,38.470001220703125,38.470001220703125,38.470001220703125,38.45500183105469,38.45500183105469,1021.0
2024-07-03 11:21:00,AMRN,0.6951000094413757,0.6951000094413757,0.6951000094413757,0.6949999928474426,0.6951000094413757,15400.0
2024-07-03 11:21:00,ANNX,4.764999866485596,4.764999866485596,4.769999980926514,4.764999866485596,4.764999866485596,2426.0
2024-07-03 11:21:00,ANTX,2.5499000549316406,2.5499000549316406,2.5499000549316406,2.5499000549316406,2.5499000549316406,303.0
2024-07-03 11:21:00,APDN,0.39430001378059387,0.39430001378059387,0.39430001378059387,0.38499999046325684,0.38519999384880066,18906.0
2024-07-03 11:21:00,APLS,35.650001525878906,35.650001525878906,35.65999984741211,35.4900016784668,35.4900016784668,3989.0
2024-07-03 11:21:00,APLT,4.355000019073486,4.355000019073486,4.355000019073486,4.349999904632568,4.349999904632568,958.0
2024-07-03 11:21:00,AQST,2.4100000858306885,2.4100000858306885,2.4100000858306885,2.4049999713897705,2.4049999713897705,515.0
2024-07-03 11:21:00,ARDX,5.200099945068359,5.200099945068359,5.21999979019165,5.200099945068359,5.215000152587891,16805.0
2024-07-03 11:21:00,ARGX,434.7650146484375,434.7650146484375,434.9750061035156,434.739990234375,434.739990234375,5810.0
2024-07-03 11:21:00,ARQT,9.670000076293945,9.670000076293945,9.670000076293945,9.664999961853027,9.664999961853027,767.0
2024-07-03 11:21:00,ARWR,25.459999084472656,25.459999084472656,25.459999084472656,25.459999084472656,25.459999084472656,222.0
2024-07-03 11:21:00,ASMB,11.989999771118164,11.989999771118164,11.989999771118164,11.989999771118164,11.989999771118164,293.0
2024-07-03 11:21:00,ASND,136.05999755859375,136.05999755859375,136.05999755859375,136.05999755859375,136.05999755859375,355.0
2024-07-03 11:21:00,ASRT,1.3217999935150146,1.3217999935150146,1.3217999935150146,1.3217999935150146,1.3217999935150146,554.0
2024-07-03 11:21:00,ATAI,1.2999000549316406,1.2999000549316406,1.2999000549316406,1.2999000549316406,1.2999000549316406,3701.0
2024-07-03 11:21:00,ATEC,9.960000038146973,9.960000038146973,9.960000038146973,9.960000038146973,9.960000038146973,569.0
2024-07-03 11:21:00,ATRC,22.38170051574707,22.38170051574707,22.440000534057617,22.34000015258789,22.43000030517578,14122.0
2024-07-03 11:21:00,ATXS,9.020000457763672,9.020000457763672,9.020000457763672,9.020000457763672,9.020000457763672,432.0
2024-07-03 11:21:00,AUPH,5.46999979019165,5.46999979019165,5.474999904632568,5.465000152587891,5.465000152587891,2276.0
2024-07-03 11:21:00,AUTL,3.4549999237060547,3.4549999237060547,3.4549999237060547,3.4549999237060547,3.4549999237060547,0.0
2024-07-03 11:21:00,AVDL,14.390000343322754,14.390000343322754,14.399999618530273,14.369999885559082,14.369999885559082,4373.0
2024-07-03 11:21:00,AVXL,4.230000019073486,4.230000019073486,4.230000019073486,4.224999904632568,4.230000019073486,1249.0
2024-07-03 11:21:00,AXNX,67.55000305175781,67.55000305175781,67.55000305175781,67.55000305175781,67.55000305175781,322.0
2024-07-03 11:21:00,AZN,76.73999786376953,76.73999786376953,76.73999786376953,76.70500183105469,76.70999908447266,7060.0
2024-07-03 11:21:00,AZTA,52.58000183105469,52.58000183105469,52.59000015258789,52.47999954223633,52.47999954223633,5877.0
2024-07-03 11:21:00,BCAB,1.3799999952316284,1.3799999952316284,1.3799999952316284,1.375,1.375,411.0
2024-07-03 11:21:00,BCRX,6.5,6.5,6.5,6.494999885559082,6.5,2684.0
2024-07-03 11:21:00,BEAM,23.639999389648438,23.639999389648438,23.639999389648438,23.639999389648438,23.639999389648438,1092.0
2024-07-03 11:21:00,BGXX,0.26809999346733093,0.26809999346733093,0.271699994802475,0.26809999346733093,0.271699994802475,2121.0
2024-07-03 11:21:00,BIIB,223.52000427246094,223.52000427246094,223.52000427246094,223.39500427246094,223.39500427246094,1778.0
2024-07-03 11:21:00,BLRX,0.527999997138977,0.527999997138977,0.527999997138977,0.527999997138977,0.527999997138977,900.0
2024-07-03 11:21:00,BLUE,0.9355000257492065,0.9355000257492065,0.9355000257492065,0.9354000091552734,0.9354000091552734,10900.0
2024-07-03 11:21:00,BMEA,4.400000095367432,4.400000095367432,4.409999847412109,4.380099773406982,4.380099773406982,2911.0
2024-07-03 11:21:00,BMRN,81.2300033569336,81.2300033569336,81.26000213623047,81.19999694824219,81.19999694824219,1243.0
2024-07-03 11:21:00,BNGO,0.5575000047683716,0.5575000047683716,0.5575000047683716,0.5575000047683716,0.5575000047683716,1298.0
2024-07-03 11:21:00,BNTX,80.08999633789062,80.08999633789062,80.08999633789062,79.9800033569336,79.9800033569336,2137.0
2024-07-03 11:21:00,BPMC,110.8949966430664,110.8949966430664,110.94999694824219,110.80999755859375,110.94999694824219,1300.0
2024-07-03 11:21:00,BRKR,61.66999816894531,61.66999816894531,61.66999816894531,61.564998626708984,61.564998626708984,2762.0
2024-07-03 11:21:00,BTAI,1.0982999801635742,1.0982999801635742,1.0982999801635742,1.0982999801635742,1.0982999801635742,104.0
2024-07-03 11:21:00,BVS,5.960000038146973,5.960000038146973,5.960000038146973,5.960000038146973,5.960000038146973,2280.0
2024-07-03 11:21:00,CABA,7.659999847412109,7.659999847412109,7.659999847412109,7.659999847412109,7.659999847412109,1094.0
2024-07-03 11:21:00,CADL,6.299900054931641,6.299900054931641,6.299900054931641,6.299900054931641,6.299900054931641,200.0
2024-07-03 11:21:00,CCCC,4.664999961853027,4.664999961853027,4.664999961853027,4.650000095367432,4.650000095367432,3457.0
2024-07-03 11:21:00,CCRN,13.699999809265137,13.699999809265137,13.699999809265137,13.699999809265137,13.699999809265137,381.0
2024-07-03 11:21:00,CDMO,7.550000190734863,7.550000190734863,7.559999942779541,7.550000190734863,7.550000190734863,1795.0
2024-07-03 11:21:00,CDXC,2.515000104904175,2.515000104904175,2.515000104904175,2.515000104904175,2.515000104904175,445.0
2024-07-03 11:21:00,CDXS,2.880000114440918,2.880000114440918,2.880000114440918,2.880000114440918,2.880000114440918,112.0
2024-07-03 11:21:00,CELC,16.329999923706055,16.329999923706055,16.329999923706055,16.290000915527344,16.290000915527344,779.0
2024-07-03 11:21:00,CERE,40.20000076293945,40.20000076293945,41.29999923706055,40.040000915527344,41.20000076293945,328733.0
2024-07-03 11:21:00,CERS,1.7200000286102295,1.7200000286102295,1.7200000286102295,1.7200000286102295,1.7200000286102295,1591.0
2024-07-03 11:21:00,CGC,6.536200046539307,6.536200046539307,6.539999961853027,6.525000095367432,6.525000095367432,8988.0
2024-07-03 11:21:00,CGEM,16.8799991607666,16.8799991607666,16.8799991607666,16.850000381469727,16.850000381469727,812.0
2024-07-03 11:21:00,CHRS,1.399999976158142,1.399999976158142,1.399999976158142,1.3949999809265137,1.3949999809265137,3381.0
2024-07-03 11:21:00,CING,0.3379000127315521,0.3379000127315521,0.3379000127315521,0.3379000127315521,0.3379000127315521,1796.0
2024-07-03 11:21:00,CLDX,36.46500015258789,36.46500015258789,36.4900016784668,36.46500015258789,36.4900016784668,497.0
2024-07-03 11:21:00,CLOV,1.2450000047683716,1.2450000047683716,1.2450000047683716,1.2412999868392944,1.2412999868392944,5091.0
2024-07-03 11:21:00,CMPS,6.309999942779541,6.309999942779541,6.320000171661377,6.300000190734863,6.320000171661377,673.0
2024-07-03 11:21:00,CMPX,0.8500000238418579,0.8500000238418579,0.8500000238418579,0.8500000238418579,0.8500000238418579,1000.0
2024-07-03 11:21:00,CMRX,0.8629999756813049,0.8629999756813049,0.8689000010490417,0.8629999756813049,0.8689000010490417,893.0
2024-07-03 11:21:00,COLL,32.400001525878906,32.400001525878906,32.400001525878906,32.400001525878906,32.400001525878906,281.0
2024-07-03 11:21:00,CORT,30.5,30.5,30.520000457763672,30.5,30.520000457763672,1340.0
2024-07-03 11:21:00,COSM,0.9501000046730042,0.9501000046730042,0.9501000046730042,0.9501000046730042,0.9501000046730042,2192.0
2024-07-03 11:21:00,CPRX,15.5,15.5,15.510000228881836,15.4822998046875,15.4822998046875,1966.0
2024-07-03 11:21:00,CRBU,1.5750000476837158,1.5750000476837158,1.5750000476837158,1.5700000524520874,1.5700000524520874,1875.0
2024-07-03 11:21:00,CRDF,2.244999885559082,2.244999885559082,2.25,2.234999895095825,2.234999895095825,1983.0
2024-07-03 11:21:00,CRIS,6.545000076293945,6.545000076293945,6.545000076293945,6.460000038146973,6.460000038146973,2490.0
2024-07-03 11:21:00,CRMD,4.125,4.125,4.125,4.125,4.125,300.0
2024-07-03 11:21:00,CRNX,45.04499816894531,45.04499816894531,45.04499816894531,45.04499816894531,45.04499816894531,144.0
2024-07-03 11:21:00,CRON,2.305000066757202,2.305000066757202,2.305000066757202,2.305000066757202,2.305000066757202,1549.0
2024-07-03 11:21:00,CRSP,53.849998474121094,53.849998474121094,53.849998474121094,53.81999969482422,53.849998474121094,1983.0
2024-07-03 11:21:00,CRVS,1.7699999809265137,1.7699999809265137,1.7699999809265137,1.7699999809265137,1.7699999809265137,200.0
2024-07-03 11:21:00,CTKB,5.630000114440918,5.630000114440918,5.639999866485596,5.630000114440918,5.630000114440918,1501.0
2024-07-03 11:21:00,CTMX,1.3301000595092773,1.3301000595092773,1.3301000595092773,1.3301000595092773,1.3301000595092773,2004.0
2024-07-03 11:21:00,CTXR,0.5031999945640564,0.5031999945640564,0.5031999945640564,0.5031999945640564,0.5031999945640564,680.0
2024-07-03 11:21:00,CUTR,1.3250000476837158,1.3250000476837158,1.3250000476837158,1.3250000476837158,1.3250000476837158,291.0
2024-07-03 11:21:00,CVAC,3.375,3.375,3.375,3.3710999488830566,3.375,2051.0
2024-07-03 11:21:00,CYTK,54.79999923706055,54.79999923706055,54.849998474121094,54.790000915527344,54.849998474121094,1925.0
2024-07-03 11:21:00,DAWN,13.369999885559082,13.369999885559082,13.369999885559082,13.369999885559082,13.369999885559082,101.0
2024-07-03 11:21:00,DNLI,21.530000686645508,21.530000686645508,21.530000686645508,21.530000686645508,21.530000686645508,424.0
2024-07-03 11:21:00,DSGN,3.25,3.25,3.25,3.234999895095825,3.234999895095825,6311.0
2024-07-03 11:21:00,DVAX,11.09000015258789,11.09000015258789,11.09000015258789,11.088000297546387,11.088000297546387,1382.0
2024-07-03 11:21:00,DXCM,110.4800033569336,110.4800033569336,110.4800033569336,110.36000061035156,110.375,3289.0
2024-07-03 11:21:00,DYN,34.560001373291016,34.560001373291016,34.560001373291016,34.51499938964844,34.51499938964844,649.0
2024-07-03 11:21:00,EDIT,4.670000076293945,4.670000076293945,4.670000076293945,4.65500020980835,4.65500020980835,2499.0
2024-07-03 11:21:00,ELEV,2.6549999713897705,2.6549999713897705,2.6577999591827393,2.6549999713897705,2.6577999591827393,2351.0
2024-07-03 11:21:00,ELYM,6.809999942779541,6.809999942779541,6.809999942779541,6.809999942779541,6.809999942779541,1735.0
2024-07-03 11:21:00,EMBC,12.069999694824219,12.069999694824219,12.09000015258789,12.069999694824219,12.09000015258789,427.0
2024-07-03 11:21:00,ENSG,126.37000274658203,126.37000274658203,126.37000274658203,126.37000274658203,126.37000274658203,320.0
2024-07-03 11:21:00,EOLS,10.90999984741211,10.90999984741211,10.90999984741211,10.90999984741211,10.90999984741211,307.0
2024-07-03 11:21:00,EQ,0.6700000166893005,0.6700000166893005,0.6746000051498413,0.6700000166893005,0.6746000051498413,444.0
2024-07-03 11:21:00,ERAS,2.259999990463257,2.259999990463257,2.259999990463257,2.259999990463257,2.259999990463257,383.0
2024-07-03 11:21:00,ESPR,2.3450000286102295,2.3450000286102295,2.3550000190734863,2.340100049972534,2.3499999046325684,38960.0
2024-07-03 11:21:00,ESTA,43.32500076293945,43.32500076293945,43.32500076293945,43.32500076293945,43.32500076293945,116.0
2024-07-03 11:21:00,EVAX,2.900099992752075,2.900099992752075,2.9100000858306885,2.900099992752075,2.9100000858306885,539.0
2024-07-03 11:21:00,EWTX,18.190000534057617,18.190000534057617,18.190000534057617,18.18000030517578,18.190000534057617,704.0
2024-07-03 11:21:00,EXAI,5.449999809265137,5.449999809265137,5.449999809265137,5.449999809265137,5.449999809265137,550.0
2024-07-03 11:21:00,EXAS,43.119998931884766,43.119998931884766,43.119998931884766,43.09000015258789,43.09000015258789,718.0
2024-07-03 11:21:00,EXEL,21.96430015563965,21.96430015563965,21.96430015563965,21.950000762939453,21.954999923706055,2220.0
2024-07-03 11:21:00,EYPT,8.329999923706055,8.329999923706055,8.329999923706055,8.324999809265137,8.324999809265137,872.0
2024-07-03 11:21:00,FATE,3.200000047683716,3.200000047683716,3.2049999237060547,3.194999933242798,3.194999933242798,2890.0
2024-07-03 11:21:00,FDMT,21.0049991607666,21.0049991607666,21.030000686645508,21.0049991607666,21.030000686645508,1014.0
2024-07-03 11:21:00,FENC,6.0131001472473145,6.0131001472473145,6.0131001472473145,6.0131001472473145,6.0131001472473145,1541.0
2024-07-03 11:21:00,FGEN,0.7135999798774719,0.7135999798774719,0.7135999798774719,0.7135999798774719,0.7135999798774719,6290.0
2024-07-03 11:21:00,FHTX,5.510000228881836,5.510000228881836,5.510000228881836,5.510000228881836,5.510000228881836,152.0
2024-07-03 11:21:00,FLGC,0.949999988079071,0.949999988079071,0.949999988079071,0.949999988079071,0.949999988079071,0.0
2024-07-03 11:21:00,FLGT,20.15999984741211,20.15999984741211,20.15999984741211,20.15999984741211,20.15999984741211,115.0
2024-07-03 11:21:00,FRTX,0.949999988079071,0.949999988079071,0.949999988079071,0.949999988079071,0.949999988079071,1608.0
2024-07-03 11:21:00,FULC,6.135000228881836,6.135000228881836,6.139999866485596,6.135000228881836,6.139999866485596,2467.0
2024-07-03 11:21:00,GBIO,2.4149999618530273,2.4149999618530273,2.4149999618530273,2.4000000953674316,2.4000000953674316,672.0
2024-07-03 11:21:00,GERN,4.324999809265137,4.324999809265137,4.324999809265137,4.324999809265137,4.324999809265137,1175.0
2024-07-03 11:21:00,GH,28.350000381469727,28.350000381469727,28.350000381469727,28.350000381469727,28.350000381469727,269.0
2024-07-03 11:21:00,GHRS,11.739999771118164,11.739999771118164,11.739999771118164,11.739999771118164,11.739999771118164,1041.0
2024-07-03 11:21:00,GILD,67.11000061035156,67.11000061035156,67.1449966430664,67.09500122070312,67.1449966430664,14343.0
2024-07-03 11:21:00,GLTO,0.5030999779701233,0.5030999779701233,0.5030999779701233,0.5030999779701233,0.5030999779701233,19732.0
2024-07-03 11:21:00,GMAB,25.184999465942383,25.184999465942383,25.184999465942383,25.18000030517578,25.18000030517578,660.0
2024-07-03 11:21:00,GOSS,0.9391000270843506,0.9391000270843506,0.9391000270843506,0.9366999864578247,0.9366999864578247,6206.0
2024-07-03 11:21:00,GOVX,2.9651999473571777,2.9651999473571777,2.9700000286102295,2.9649999141693115,2.9649999141693115,9206.0
2024-07-03 11:21:00,GRFS,6.675000190734863,6.675000190734863,6.675000190734863,6.670000076293945,6.670000076293945,2749.0
2024-07-03 11:21:00,GRTS,0.5828999876976013,0.5828999876976013,0.5839999914169312,0.5824000239372253,0.5824000239372253,7300.0
2024-07-03 11:21:00,GTHX,2.505000114440918,2.505000114440918,2.505000114440918,2.494999885559082,2.5,13542.0
2024-07-03 11:21:00,HALO,51.88999938964844,51.88999938964844,51.904998779296875,51.84000015258789,51.84000015258789,2460.0
2024-07-03 11:21:00,HCAT,6.190000057220459,6.190000057220459,6.190000057220459,6.190000057220459,6.190000057220459,606.0
2024-07-03 11:21:00,HCSG,10.505000114440918,10.505000114440918,10.510000228881836,10.505000114440918,10.510000228881836,620.0
2024-07-03 11:21:00,HLVX,14.345000267028809,14.345000267028809,14.345000267028809,14.345000267028809,14.345000267028809,282.0
2024-07-03 11:21:00,HOLX,73.33000183105469,73.33000183105469,73.33499908447266,73.30000305175781,73.30999755859375,3242.0
2024-07-03 11:21:00,HOWL,2.065000057220459,2.065000057220459,2.065000057220459,2.065000057220459,2.065000057220459,211.0
2024-07-03 11:21:00,HQY,83.0999984741211,83.0999984741211,83.0999984741211,83.04499816894531,83.05000305175781,1853.0
2024-07-03 11:21:00,HRMY,30.299999237060547,30.299999237060547,30.299999237060547,30.26300048828125,30.26300048828125,492.0
2024-07-03 11:21:00,HRTX,2.7850000858306885,2.7850000858306885,2.7850000858306885,2.7799999713897705,2.7799999713897705,2219.0
2024-07-03 11:21:00,HSIC,65.08999633789062,65.08999633789062,65.1050033569336,65.08999633789062,65.0999984741211,701.0
2024-07-03 11:21:00,HUGE,0.1420000046491623,0.1420000046491623,0.1420000046491623,0.1420000046491623,0.1420000046491623,450.0
2024-07-03 11:21:00,HUMA,5.699999809265137,5.699999809265137,5.704999923706055,5.679999828338623,5.699999809265137,8981.0
2024-07-03 11:21:00,IART,28.670000076293945,28.670000076293945,28.760000228881836,28.670000076293945,28.75,3888.0
2024-07-03 11:21:00,IBRX,6.28000020980835,6.28000020980835,6.28000020980835,6.28000020980835,6.28000020980835,814.0
2024-07-03 11:21:00,ICLR,317.55999755859375,317.55999755859375,317.7099914550781,317.55999755859375,317.7099914550781,1038.0
2024-07-03 11:21:00,ICUI,117.94999694824219,117.94999694824219,117.94999694824219,117.94999694824219,117.94999694824219,2910.0
2024-07-03 11:21:00,IDYA,33.58000183105469,33.58000183105469,33.58000183105469,33.54999923706055,33.54999923706055,1874.0
2024-07-03 11:21:00,IINN,1.399999976158142,1.399999976158142,1.399999976158142,1.399999976158142,1.399999976158142,8500.0
2024-07-03 11:21:00,ILMN,105.56990051269531,105.56990051269531,105.56990051269531,105.50749969482422,105.50749969482422,1289.0
2024-07-03 11:21:00,IMAB,1.5475000143051147,1.5475000143051147,1.5475000143051147,1.5399999618530273,1.5399999618530273,1590.0
2024-07-03 11:21:00,IMCR,36.130001068115234,36.130001068115234,36.154998779296875,36.029998779296875,36.029998779296875,1182.0
2024-07-03 11:21:00,IMMX,2.430000066757202,2.430000066757202,2.450000047683716,2.430000066757202,2.440000057220459,1640.0
2024-07-03 11:21:00,IMNM,12.095000267028809,12.095000267028809,12.095000267028809,12.079999923706055,12.079999923706055,367.0
2024-07-03 11:21:00,IMVT,26.290000915527344,26.290000915527344,26.290000915527344,26.270000457763672,26.270000457763672,286.0
2024-07-03 11:21:00,INCY,57.849998474121094,57.849998474121094,57.849998474121094,57.80500030517578,57.82500076293945,2978.0
2024-07-03 11:21:00,INMB,7.90500020980835,7.90500020980835,7.90500020980835,7.90500020980835,7.90500020980835,1152.0
2024-07-03 11:21:00,INMD,17.56999969482422,17.56999969482422,17.59000015258789,17.56999969482422,17.56999969482422,1217.0
2024-07-03 11:21:00,INSM,62.0,62.0,62.029998779296875,61.849998474121094,61.849998474121094,9805.0
2024-07-03 11:21:00,INVA,16.219999313354492,16.219999313354492,16.219999313354492,16.21500015258789,16.21500015258789,840.0
2024-07-03 11:21:00,INZY,4.460000038146973,4.460000038146973,4.460000038146973,4.460000038146973,4.460000038146973,400.0
2024-07-03 11:21:00,IONS,44.66999816894531,44.66999816894531,44.720001220703125,44.66999816894531,44.720001220703125,5147.0
2024-07-03 11:21:00,IOVA,7.644999980926514,7.644999980926514,7.650000095367432,7.635000228881836,7.639999866485596,14610.0
2024-07-03 11:21:00,IPSC,2.244999885559082,2.244999885559082,2.244999885559082,2.244999885559082,2.244999885559082,200.0
2024-07-03 11:21:00,IRTC,95.3949966430664,95.3949966430664,95.3949966430664,95.3949966430664,95.3949966430664,1464.0
2024-07-03 11:21:00,IRWD,6.125,6.125,6.125,6.119999885559082,6.119999885559082,1048.0
2024-07-03 11:21:00,ISRG,434.3399963378906,434.3399963378906,434.6099853515625,434.1199951171875,434.6099853515625,2656.0
2024-07-03 11:21:00,ITCI,68.43499755859375,68.43499755859375,68.43499755859375,68.43499755859375,68.43499755859375,274.0
2024-07-03 11:21:00,JANX,37.96500015258789,37.96500015258789,37.96500015258789,37.77000045776367,37.77000045776367,4880.0
2024-07-03 11:21:00,JAZZ,104.30999755859375,104.30999755859375,104.30999755859375,104.09010314941406,104.09010314941406,832.0
2024-07-03 11:21:00,KIDS,29.674999237060547,29.674999237060547,29.74810028076172,29.674999237060547,29.74810028076172,657.0
2024-07-03 11:21:00,KNSA,18.934999465942383,18.934999465942383,18.934999465942383,18.90999984741211,18.90999984741211,586.0
2024-07-03 11:21:00,KOD,2.240000009536743,2.240000009536743,2.240000009536743,2.240000009536743,2.240000009536743,790.0
2024-07-03 11:21:00,KPTI,0.8429999947547913,0.8429999947547913,0.8458999991416931,0.8429999947547913,0.84579998254776,791.0
2024-07-03 11:21:00,KRMD,2.3450000286102295,2.3450000286102295,2.3450000286102295,2.3399999141693115,2.3399999141693115,3000.0
2024-07-03 11:21:00,KTRA,0.28929999470710754,0.28929999470710754,0.28929999470710754,0.2879999876022339,0.2879999876022339,12165.0
2024-07-03 11:21:00,KYMR,30.264999389648438,30.264999389648438,30.264999389648438,30.264999389648438,30.264999389648438,278.0
2024-07-03 11:21:00,KZR,0.5727999806404114,0.5727999806404114,0.5728999972343445,0.5723999738693237,0.5723999738693237,3614.0
2024-07-03 11:21:00,LAB,1.7999999523162842,1.7999999523162842,1.7999999523162842,1.7899999618530273,1.7899999618530273,1081.0
2024-07-03 11:21:00,LBPH,32.880001068115234,32.880001068115234,32.880001068115234,32.86000061035156,32.86000061035156,2337.0
2024-07-03 11:21:00,LEGN,46.29999923706055,46.29999923706055,46.29999923706055,46.25,46.25,1102.0
2024-07-03 11:21:00,LFMD,6.760000228881836,6.760000228881836,6.760000228881836,6.760000228881836,6.760000228881836,338.0
2024-07-03 11:21:00,LGVN,1.600000023841858,1.600000023841858,1.600000023841858,1.590000033378601,1.590000033378601,3765.0
2024-07-03 11:21:00,LIVN,52.6150016784668,52.6150016784668,52.619998931884766,52.612998962402344,52.619998931884766,1195.0
2024-07-03 11:21:00,LMAT,81.38999938964844,81.38999938964844,81.38999938964844,81.23999786376953,81.23999786376953,336.0
2024-07-03 11:21:00,LNTH,79.44000244140625,79.44000244140625,79.48500061035156,79.36000061035156,79.48500061035156,3620.0
2024-07-03 11:21:00,LPTX,1.7899999618530273,1.7899999618530273,1.7899999618530273,1.7899999618530273,1.7899999618530273,100.0
2024-07-03 11:21:00,LQDA,11.899999618530273,11.899999618530273,11.899999618530273,11.899999618530273,11.899999618530273,1280.0
2024-07-03 11:21:00,LRMR,7.710000038146973,7.710000038146973,7.710000038146973,7.710000038146973,7.710000038146973,499.0
2024-07-03 11:21:00,LUCY,0.4641999900341034,0.4641999900341034,0.4641999900341034,0.4641999900341034,0.4641999900341034,303.0
2024-07-03 11:21:00,LXRX,1.6050000190734863,1.6050000190734863,1.6050000190734863,1.600000023841858,1.600000023841858,41625.0
2024-07-03 11:21:00,LYEL,1.5099999904632568,1.5099999904632568,1.5099999904632568,1.5099999904632568,1.5099999904632568,6250.0
2024-07-03 11:21:00,LYRA,0.28679999709129333,0.28679999709129333,0.28679999709129333,0.28630000352859497,0.28630000352859497,1312.0
2024-07-03 11:21:00,MBIO,0.49779999256134033,0.49779999256134033,0.4986000061035156,0.4975000023841858,0.4977000057697296,9641.0
2024-07-03 11:21:00,MCRB,0.7192999720573425,0.7192999720573425,0.722000002861023,0.7190999984741211,0.7190999984741211,1843.0
2024-07-03 11:21:00,MDGL,272.5299987792969,272.5299987792969,272.5299987792969,272.5299987792969,272.5299987792969,897.0
2024-07-03 11:21:00,MDXG,6.760000228881836,6.760000228881836,6.760000228881836,6.75,6.75,2024.0
2024-07-03 11:21:00,ME,0.40380001068115234,0.40380001068115234,0.40380001068115234,0.40380001068115234,0.40380001068115234,414.0
2024-07-03 11:21:00,MESO,6.750100135803223,6.750100135803223,6.750100135803223,6.750100135803223,6.750100135803223,952.0
2024-07-03 11:21:00,MGNX,4.244999885559082,4.244999885559082,4.244999885559082,4.244999885559082,4.244999885559082,1044.0
2024-07-03 11:21:00,MGTX,4.0,4.0,4.0,4.0,4.0,2628.0
2024-07-03 11:21:00,MIRM,33.7400016784668,33.7400016784668,33.78499984741211,33.65010070800781,33.65999984741211,2937.0
2024-07-03 11:21:00,MLTX,40.95500183105469,40.95500183105469,40.95500183105469,40.95500183105469,40.95500183105469,301.0
2024-07-03 11:21:00,MMSI,85.97000122070312,85.97000122070312,86.02999877929688,85.95500183105469,85.95500183105469,1917.0
2024-07-03 11:21:00,MNKD,5.059999942779541,5.059999942779541,5.065000057220459,5.052800178527832,5.052800178527832,8032.0
2024-07-03 11:21:00,MNMD,7.190000057220459,7.190000057220459,7.190000057220459,7.190000057220459,7.190000057220459,1468.0
2024-07-03 11:21:00,MOR,18.209999084472656,18.209999084472656,18.209999084472656,18.209999084472656,18.209999084472656,667.0
2024-07-03 11:21:00,MOVE,0.3199000060558319,0.3199000060558319,0.3199000060558319,0.3199000060558319,0.3199000060558319,0.0
2024-07-03 11:21:00,MREO,3.5199999809265137,3.5199999809265137,3.5250000953674316,3.515000104904175,3.5199999809265137,10713.0
2024-07-03 11:21:00,MRNA,116.37999725341797,116.37999725341797,116.37999725341797,115.62999725341797,115.69999694824219,43546.0
2024-07-03 11:21:00,MRNS,1.2050000429153442,1.2050000429153442,1.2050000429153442,1.2050000429153442,1.2050000429153442,150.0
2024-07-03 11:21:00,MRSN,1.8600000143051147,1.8600000143051147,1.8650000095367432,1.8600000143051147,1.8600000143051147,438.0
2024-07-03 11:21:00,MRUS,52.41999816894531,52.41999816894531,52.41999816894531,52.400001525878906,52.400001525878906,1854.0
2024-07-03 11:21:00,MXCT,3.674999952316284,3.674999952316284,3.680000066757202,3.674999952316284,3.674999952316284,673.0
2024-07-03 11:21:00,MYGN,24.9950008392334,24.9950008392334,25.010000228881836,24.950000762939453,24.950000762939453,2949.0
2024-07-03 11:21:00,MYNZ,0.3400000035762787,0.3400000035762787,0.3400000035762787,0.3400000035762787,0.3400000035762787,3882.0
2024-07-03 11:21:00,NDRA,0.0908999964594841,0.0908999964594841,0.09210000187158585,0.09070000052452087,0.09130000323057175,57809.0
2024-07-03 11:21:00,NEOG,15.225000381469727,15.225000381469727,15.225000381469727,15.225000381469727,15.225000381469727,313.0
2024-07-03 11:21:00,NKTR,1.25,1.25,1.25,1.2450000047683716,1.25,1475.0
2024-07-03 11:21:00,NKTX,5.320000171661377,5.320000171661377,5.320000171661377,5.309999942779541,5.320000171661377,2364.0
2024-07-03 11:21:00,NNOX,6.96999979019165,6.96999979019165,7.0,6.960000038146973,7.0,5863.0
2024-07-03 11:21:00,NRBO,4.616199970245361,4.616199970245361,4.626100063323975,4.599999904632568,4.599999904632568,2650.0
2024-07-03 11:21:00,NRC,22.915000915527344,22.915000915527344,22.940000534057617,22.915000915527344,22.915000915527344,1732.0
2024-07-03 11:21:00,NRIX,19.670000076293945,19.670000076293945,19.700000762939453,19.670000076293945,19.690000534057617,3489.0
2024-07-03 11:21:00,NRSN,1.309999942779541,1.309999942779541,1.315000057220459,1.309999942779541,1.315000057220459,47714.0
2024-07-03 11:21:00,NTLA,22.65999984741211,22.65999984741211,22.65999984741211,22.610000610351562,22.6200008392334,3407.0
2024-07-03 11:21:00,NTRA,111.29499816894531,111.29499816894531,111.29499816894531,111.29499816894531,111.29499816894531,331.0
2024-07-03 11:21:00,NUVL,72.0,72.0,72.0,71.69999694824219,71.69999694824219,3755.0
2024-07-03 11:21:00,NVAX,12.704999923706055,12.704999923706055,12.704999923706055,12.670000076293945,12.670000076293945,4515.0
2024-07-03 11:21:00,NVCR,16.73900032043457,16.73900032043457,16.73900032043457,16.729999542236328,16.729999542236328,1036.0
2024-07-03 11:21:00,NVNO,5.090000152587891,5.090000152587891,5.090000152587891,5.090000152587891,5.090000152587891,720.0
2024-07-03 11:21:00,NVOS,0.7551000118255615,0.7551000118255615,0.7551000118255615,0.7551000118255615,0.7551000118255615,300.0
2024-07-03 11:21:00,OCGN,1.6150000095367432,1.6150000095367432,1.6150000095367432,1.6103999614715576,1.6150000095367432,4293.0
2024-07-03 11:21:00,OCUL,6.699999809265137,6.699999809265137,6.710000038146973,6.699999809265137,6.710000038146973,3302.0
2024-07-03 11:21:00,OCX,3.069999933242798,3.069999933242798,3.069999933242798,3.065000057220459,3.065000057220459,346.0
2024-07-03 11:21:00,OGI,1.5750000476837158,1.5750000476837158,1.5800000429153442,1.5750000476837158,1.5800000429153442,1638.0
2024-07-03 11:21:00,OLMA,10.640000343322754,10.640000343322754,10.640000343322754,10.625,10.625,429.0
2024-07-03 11:21:00,OM,3.880000114440918,3.880000114440918,3.880000114440918,3.875,3.875,1857.0
2024-07-03 11:22:00,AADI,1.3700000047683716,1.3700000047683716,1.371000051498413,1.3700000047683716,1.3700000047683716,15435.0
2024-07-03 11:22:00,ABEO,4.25,4.25,4.25,4.25,4.25,496.0
2024-07-03 11:22:00,ABSI,3.200000047683716,3.200000047683716,3.2256999015808105,3.200000047683716,3.2249999046325684,5759.0
2024-07-03 11:22:00,ABUS,3.1649999618530273,3.1649999618530273,3.1649999618530273,3.1649999618530273,3.1649999618530273,281.0
2024-07-03 11:22:00,ACAD,15.614999771118164,15.614999771118164,15.630000114440918,15.614999771118164,15.630000114440918,2607.0
2024-07-03 11:22:00,ACB,4.875,4.875,4.875,4.875,4.875,204.0
2024-07-03 11:22:00,ACCD,3.555000066757202,3.555000066757202,3.559999942779541,3.555000066757202,3.559999942779541,6888.0
2024-07-03 11:22:00,ACET,1.0549999475479126,1.0549999475479126,1.0549999475479126,1.0549999475479126,1.0549999475479126,187.0
2024-07-03 11:22:00,ACHC,66.58499908447266,66.58499908447266,66.58499908447266,66.58499908447266,66.58499908447266,673.0
2024-07-03 11:22:00,ACHV,4.489999771118164,4.489999771118164,4.5,4.489999771118164,4.5,1074.0
2024-07-03 11:22:00,ACIU,3.799999952316284,3.799999952316284,3.799999952316284,3.799999952316284,3.799999952316284,3219.0
2024-07-03 11:22:00,ACLX,53.939998626708984,53.939998626708984,53.939998626708984,53.939998626708984,53.939998626708984,232.0
2024-07-03 11:22:00,ACRS,1.149999976158142,1.149999976158142,1.149999976158142,1.149999976158142,1.149999976158142,1906.0
2024-07-03 11:22:00,ACXP,2.069999933242798,2.069999933242798,2.069999933242798,2.069999933242798,2.069999933242798,215.0
2024-07-03 11:22:00,ADAP,1.0299999713897705,1.0299999713897705,1.0299999713897705,1.0199999809265137,1.0199999809265137,4627.0
2024-07-03 11:22:00,ADMA,11.274999618530273,11.274999618530273,11.279899597167969,11.274999618530273,11.274999618530273,2559.0
2024-07-03 11:22:00,ADPT,3.3949999809265137,3.3949999809265137,3.3949999809265137,3.390000104904175,3.390000104904175,2014.0
2024-07-03 11:22:00,ADUS,116.99500274658203,116.99500274658203,116.99500274658203,116.99500274658203,116.99500274658203,1154.0
2024-07-03 11:22:00,AFMD,5.079999923706055,5.079999923706055,5.079999923706055,5.079999923706055,5.079999923706055,305.0
2024-07-03 11:22:00,AHCO,9.755000114440918,9.755000114440918,9.755000114440918,9.75,9.75,1613.0
2024-07-03 11:22:00,AIMD,0.8267999887466431,0.8267999887466431,0.8267999887466431,0.8199999928474426,0.8245999813079834,16147.0
2024-07-03 11:22:00,AKBA,0.9431999921798706,0.9431999921798706,0.9431999921798706,0.9427000284194946,0.9427000284194946,0.0
2024-07-03 11:22:00,AKRO,22.09000015258789,22.09000015258789,22.1200008392334,22.09000015258789,22.09000015258789,3597.0
2024-07-03 11:22:00,ALEC,4.440000057220459,4.440000057220459,4.440000057220459,4.440000057220459,4.440000057220459,1406.0
2024-07-03 11:22:00,ALGN,240.5749969482422,240.5749969482422,240.6999969482422,240.5749969482422,240.65499877929688,963.0
2024-07-03 11:22:00,ALHC,7.9857001304626465,7.9857001304626465,7.9857001304626465,7.9857001304626465,7.9857001304626465,1856.0
2024-07-03 11:22:00,ALKS,24.264999389648438,24.264999389648438,24.281200408935547,24.264999389648438,24.280000686645508,4731.0
2024-07-03 11:22:00,ALLK,0.8399999737739563,0.8399999737739563,0.840399980545044,0.8399999737739563,0.840399980545044,230.0
2024-07-03 11:22:00,ALLO,2.140000104904175,2.140000104904175,2.140000104904175,2.130000114440918,2.130000114440918,2583.0
2024-07-03 11:22:00,ALLR,0.20250000059604645,0.20250000059604645,0.20319999754428864,0.20250000059604645,0.20309999585151672,16306.0
2024-07-03 11:22:00,ALNY,246.8800048828125,246.8800048828125,246.8800048828125,246.66000366210938,246.83999633789062,1339.0
2024-07-03 11:22:00,ALT,6.690000057220459,6.690000057220459,6.699999809265137,6.684999942779541,6.684999942779541,2921.0
2024-07-03 11:22:00,ALVR,0.7350999712944031,0.7350999712944031,0.7350999712944031,0.7350999712944031,0.7350999712944031,1047.0
2024-07-03 11:22:00,ALXO,5.860000133514404,5.860000133514404,5.860000133514404,5.860000133514404,5.860000133514404,410.0
2024-07-03 11:22:00,AMED,96.9800033569336,96.9800033569336,96.9800033569336,96.9800033569336,96.9800033569336,2268.0
2024-07-03 11:22:00,AMGN,307.17999267578125,307.17999267578125,307.3399963378906,307.1524963378906,307.1524963378906,2183.0
2024-07-03 11:22:00,AMLX,1.7549999952316284,1.7549999952316284,1.7599999904632568,1.7549999952316284,1.7599999904632568,1137.0
2024-07-03 11:22:00,AMPH,38.41999816894531,38.41999816894531,38.48500061035156,38.41999816894531,38.48500061035156,3531.0
2024-07-03 11:22:00,AMRN,0.6952000260353088,0.6952000260353088,0.6980000138282776,0.6949999928474426,0.6951000094413757,13321.0
2024-07-03 11:22:00,ANAB,25.0,25.0,25.065000534057617,25.0,25.065000534057617,764.0
2024-07-03 11:22:00,ANGO,5.6697998046875,5.6697998046875,5.6697998046875,5.659999847412109,5.659999847412109,1339.0
2024-07-03 11:22:00,ANNX,4.764999866485596,4.764999866485596,4.769999980926514,4.764999866485596,4.764999866485596,1264.0
2024-07-03 11:22:00,APDN,0.4018000066280365,0.4018000066280365,0.4018000066280365,0.38600000739097595,0.38600000739097595,4403.0
2024-07-03 11:22:00,APLS,35.540000915527344,35.540000915527344,35.63999938964844,35.5099983215332,35.63999938964844,1891.0
2024-07-03 11:22:00,APLT,4.349999904632568,4.349999904632568,4.355000019073486,4.349999904632568,4.355000019073486,1114.0
2024-07-03 11:22:00,APVO,0.3050999939441681,0.3050999939441681,0.3050999939441681,0.3050999939441681,0.3050999939441681,0.0
2024-07-03 11:22:00,AQST,2.4049999713897705,2.4049999713897705,2.4049999713897705,2.4024999141693115,2.4024999141693115,1877.0
2024-07-03 11:22:00,ARCT,21.405000686645508,21.405000686645508,21.405000686645508,21.405000686645508,21.405000686645508,300.0
2024-07-03 11:22:00,ARDX,5.229700088500977,5.229700088500977,5.230000019073486,5.204999923706055,5.204999923706055,28142.0
2024-07-03 11:22:00,ARQT,9.670000076293945,9.670000076293945,9.699999809265137,9.664999961853027,9.664999961853027,9861.0
2024-07-03 11:22:00,ARVN,24.21500015258789,24.21500015258789,24.270000457763672,24.21500015258789,24.270000457763672,2245.0
2024-07-03 11:22:00,ARWR,25.454999923706055,25.454999923706055,25.479299545288086,25.454999923706055,25.479299545288086,2333.0
2024-07-03 11:22:00,ASND,135.69000244140625,135.69000244140625,135.69000244140625,135.69000244140625,135.69000244140625,214.0
2024-07-03 11:22:00,ASRT,1.3200000524520874,1.3200000524520874,1.320099949836731,1.3200000524520874,1.3200000524520874,13273.0
2024-07-03 11:22:00,ATAI,1.2949999570846558,1.2949999570846558,1.2949999570846558,1.2949999570846558,1.2949999570846558,378.0
2024-07-03 11:22:00,ATEC,9.96500015258789,9.96500015258789,9.979000091552734,9.96500015258789,9.979000091552734,3008.0
2024-07-03 11:22:00,ATOS,1.159999966621399,1.159999966621399,1.159999966621399,1.159999966621399,1.159999966621399,510.0
2024-07-03 11:22:00,ATRC,22.385000228881836,22.385000228881836,22.40999984741211,22.3700008392334,22.3799991607666,898.0
2024-07-03 11:22:00,ATRI,454.2300109863281,454.2300109863281,454.2300109863281,454.2300109863281,454.2300109863281,310.0
2024-07-03 11:22:00,ATXI,3.410099983215332,3.410099983215332,3.424999952316284,3.359999895095825,3.424999952316284,2654.0
2024-07-03 11:22:00,ATXS,9.020000457763672,9.020000457763672,9.020000457763672,9.020000457763672,9.020000457763672,508.0
2024-07-03 11:22:00,AUGX,1.0,1.0,1.0,1.0,1.0,1700.0
2024-07-03 11:22:00,AUPH,5.469399929046631,5.469399929046631,5.469399929046631,5.469399929046631,5.469399929046631,2308.0
2024-07-03 11:22:00,AUTL,3.4649999141693115,3.4649999141693115,3.4649999141693115,3.4600000381469727,3.4600000381469727,2057.0
2024-07-03 11:22:00,AVDL,14.42609977722168,14.42609977722168,14.42609977722168,14.414999961853027,14.425000190734863,2249.0
2024-07-03 11:22:00,AVIR,3.309999942779541,3.309999942779541,3.309999942779541,3.309999942779541,3.309999942779541,717.0
2024-07-03 11:22:00,AVXL,4.230000019073486,4.230000019073486,4.2399001121521,4.230000019073486,4.2399001121521,4209.0
2024-07-03 11:22:00,AXGN,7.380000114440918,7.380000114440918,7.389999866485596,7.380000114440918,7.389999866485596,1895.0
2024-07-03 11:22:00,AZN,76.73500061035156,76.73500061035156,76.76000213623047,76.73500061035156,76.75,12395.0
2024-07-03 11:22:00,AZTA,52.56999969482422,52.56999969482422,52.56999969482422,52.56999969482422,52.56999969482422,2606.0
2024-07-03 11:22:00,BBIO,25.31999969482422,25.31999969482422,25.3700008392334,25.31999969482422,25.3700008392334,1236.0
2024-07-03 11:22:00,BCRX,6.489999771118164,6.489999771118164,6.505000114440918,6.485000133514404,6.505000114440918,16928.0
2024-07-03 11:22:00,BCTX,1.0393999814987183,1.0393999814987183,1.0393999814987183,1.024999976158142,1.024999976158142,1698.0
2024-07-03 11:22:00,BEAM,23.729999542236328,23.729999542236328,23.729999542236328,23.665000915527344,23.690000534057617,1415.0
2024-07-03 11:22:00,BFRI,0.8357999920845032,0.8357999920845032,0.8357999920845032,0.8357999920845032,0.8357999920845032,3214.0
2024-07-03 11:22:00,BGNE,147.10000610351562,147.10000610351562,147.10000610351562,146.85000610351562,146.85000610351562,299.0
2024-07-03 11:22:00,BIIB,223.55499267578125,223.55499267578125,223.55999755859375,223.55499267578125,223.55999755859375,1090.0
2024-07-03 11:22:00,BJDX,0.6359999775886536,0.6359999775886536,0.6359999775886536,0.6359999775886536,0.6359999775886536,2060.0
2024-07-03 11:22:00,BLFS,19.84000015258789,19.84000015258789,19.84000015258789,19.81999969482422,19.81999969482422,761.0
2024-07-03 11:22:00,BLUE,0.9361000061035156,0.9361000061035156,0.9365000128746033,0.9355000257492065,0.9355000257492065,6304.0
2024-07-03 11:22:00,BMEA,4.40500020980835,4.40500020980835,4.40500020980835,4.40500020980835,4.40500020980835,495.0
2024-07-03 11:22:00,BMRN,81.2699966430664,81.2699966430664,81.2699966430664,81.26000213623047,81.26000213623047,1381.0
2024-07-03 11:22:00,BNTX,80.05999755859375,80.05999755859375,80.05999755859375,80.05999755859375,80.05999755859375,556.0
2024-07-03 11:22:00,BPMC,110.87000274658203,110.87000274658203,110.87000274658203,110.87000274658203,110.87000274658203,790.0
2024-07-03 11:22:00,BRKR,61.58000183105469,61.58000183105469,61.619998931884766,61.58000183105469,61.619998931884766,2996.0
2024-07-03 11:22:00,CABA,7.659999847412109,7.659999847412109,7.659999847412109,7.659999847412109,7.659999847412109,3232.0
2024-07-03 11:22:00,CADL,6.275000095367432,6.275000095367432,6.309999942779541,6.25,6.300000190734863,4584.0
2024-07-03 11:22:00,CARA,0.28600001335144043,0.28600001335144043,0.28600001335144043,0.28600001335144043,0.28600001335144043,300.0
2024-07-03 11:22:00,CCCC,4.664999961853027,4.664999961853027,4.675000190734863,4.664999961853027,4.670000076293945,1694.0
2024-07-03 11:22:00,CCRN,13.699999809265137,13.699999809265137,13.699999809265137,13.699999809265137,13.699999809265137,1073.0
2024-07-03 11:22:00,CDMO,7.519999980926514,7.519999980926514,7.550000190734863,7.519999980926514,7.550000190734863,4152.0
2024-07-03 11:22:00,CDNA,15.114999771118164,15.114999771118164,15.119999885559082,15.09000015258789,15.1003999710083,4478.0
2024-07-03 11:22:00,CDXS,2.880000114440918,2.880000114440918,2.880000114440918,2.880000114440918,2.880000114440918,310.0
2024-07-03 11:22:00,CERE,40.529998779296875,40.529998779296875,40.61000061035156,40.20000076293945,40.29499816894531,18364.0
2024-07-03 11:22:00,CERT,13.770000457763672,13.770000457763672,13.789999961853027,13.760000228881836,13.789999961853027,1824.0
2024-07-03 11:22:00,CGC,6.534999847412109,6.534999847412109,6.539999961853027,6.53000020980835,6.534999847412109,7511.0
2024-07-03 11:22:00,CGEM,16.899999618530273,16.899999618530273,16.899999618530273,16.899999618530273,16.899999618530273,519.0
2024-07-03 11:22:00,CGEN,1.6549999713897705,1.6549999713897705,1.6549999713897705,1.6549999713897705,1.6549999713897705,1442.0
2024-07-03 11:22:00,CHRS,1.399999976158142,1.399999976158142,1.399999976158142,1.3949999809265137,1.3949999809265137,907.0
2024-07-03 11:22:00,CING,0.3379000127315521,0.3379000127315521,0.3379000127315521,0.3366999924182892,0.33709999918937683,10590.0
2024-07-03 11:22:00,CKPT,2.2300000190734863,2.2300000190734863,2.2300000190734863,2.2149999141693115,2.2149999141693115,18416.0
2024-07-03 11:22:00,CLDX,36.46500015258789,36.46500015258789,36.46500015258789,36.46500015258789,36.46500015258789,413.0
2024-07-03 11:22:00,CLNN,0.329800009727478,0.329800009727478,0.329800009727478,0.329800009727478,0.329800009727478,1099.0
2024-07-03 11:22:00,CLOV,1.2450000047683716,1.2450000047683716,1.2450000047683716,1.2450000047683716,1.2450000047683716,1114.0
2024-07-03 11:22:00,CMAX,2.200000047683716,2.200000047683716,2.200000047683716,2.200000047683716,2.200000047683716,120.0
2024-07-03 11:22:00,CMPS,6.281700134277344,6.281700134277344,6.300000190734863,6.280600070953369,6.289999961853027,1618.0
2024-07-03 11:22:00,CMPX,0.8500000238418579,0.8500000238418579,0.8500000238418579,0.8500000238418579,0.8500000238418579,0.0
2024-07-03 11:22:00,COGT,8.53499984741211,8.53499984741211,8.609999656677246,8.529999732971191,8.545000076293945,14656.0
2024-07-03 11:22:00,CORT,30.389999389648438,30.389999389648438,30.479999542236328,30.389999389648438,30.479999542236328,5687.0
2024-07-03 11:22:00,COSM,0.9402999877929688,0.9402999877929688,0.9402999877929688,0.9402999877929688,0.9402999877929688,1388.0
2024-07-03 11:22:00,CRBP,49.20000076293945,49.20000076293945,49.20000076293945,49.20000076293945,49.20000076293945,1466.0
2024-07-03 11:22:00,CRBU,1.5750000476837158,1.5750000476837158,1.5750000476837158,1.5750000476837158,1.5750000476837158,1237.0
2024-07-03 11:22:00,CRDF,2.240000009536743,2.240000009536743,2.240000009536743,2.240000009536743,2.240000009536743,1991.0
2024-07-03 11:22:00,CRIS,6.460000038146973,6.460000038146973,6.460000038146973,6.460000038146973,6.460000038146973,200.0
2024-07-03 11:22:00,CRMD,4.125,4.125,4.125,4.125,4.125,23.0
2024-07-03 11:22:00,CRNX,45.040000915527344,45.040000915527344,45.040000915527344,45.040000915527344,45.040000915527344,357.0
2024-07-03 11:22:00,CRON,2.299999952316284,2.299999952316284,2.299999952316284,2.299999952316284,2.299999952316284,1000.0
2024-07-03 11:22:00,CRSP,53.845001220703125,53.845001220703125,53.845001220703125,53.84000015258789,53.84000015258789,1631.0
2024-07-03 11:22:00,CTKB,5.619999885559082,5.619999885559082,5.630000114440918,5.619999885559082,5.630000114440918,2910.0
2024-07-03 11:22:00,CTSO,0.8299999833106995,0.8299999833106995,0.8299999833106995,0.8299999833106995,0.8299999833106995,296.0
2024-07-03 11:22:00,CUTR,1.3300000429153442,1.3300000429153442,1.3300000429153442,1.3299000263214111,1.3299000263214111,3032.0
2024-07-03 11:22:00,CVAC,3.359999895095825,3.359999895095825,3.375,3.359999895095825,3.369999885559082,5150.0
2024-07-03 11:22:00,CYTK,54.79999923706055,54.79999923706055,54.79999923706055,54.79999923706055,54.79999923706055,880.0
2024-07-03 11:22:00,DAWN,13.380000114440918,13.380000114440918,13.380000114440918,13.369999885559082,13.369999885559082,1116.0
2024-07-03 11:22:00,DCGO,2.9149999618530273,2.9149999618530273,2.9149999618530273,2.9149999618530273,2.9149999618530273,1001.0
2024-07-03 11:22:00,DNLI,21.54129981994629,21.54129981994629,21.54129981994629,21.530000686645508,21.530000686645508,746.0
2024-07-03 11:22:00,DSGN,3.25,3.25,3.259999990463257,3.25,3.259999990463257,3505.0
2024-07-03 11:22:00,DVAX,11.074999809265137,11.074999809265137,11.100000381469727,11.0649995803833,11.095000267028809,10431.0
2024-07-03 11:22:00,DXCM,110.41999816894531,110.41999816894531,110.4446029663086,110.41999816894531,110.4446029663086,1003.0
2024-07-03 11:22:00,DYN,34.55500030517578,34.55500030517578,34.61000061035156,34.55500030517578,34.61000061035156,629.0
2024-07-03 11:22:00,EDIT,4.673999786376953,4.673999786376953,4.675000190734863,4.670000076293945,4.675000190734863,2626.0
2024-07-03 11:22:00,EGRX,5.295000076293945,5.295000076293945,5.295000076293945,5.295000076293945,5.295000076293945,579.0
2024-07-03 11:22:00,ELEV,2.6700000762939453,2.6700000762939453,2.680000066757202,2.6600000858306885,2.6600000858306885,2766.0
2024-07-03 11:22:00,ELYM,6.809999942779541,6.809999942779541,6.809999942779541,6.809999942779541,6.809999942779541,378.0
2024-07-03 11:22:00,EMBC,12.069999694824219,12.069999694824219,12.079999923706055,12.0600004196167,12.079999923706055,1111.0
2024-07-03 11:22:00,ENLV,1.2799999713897705,1.2799999713897705,1.2799999713897705,1.2799999713897705,1.2799999713897705,638.0
2024-07-03 11:22:00,ENSG,126.34500122070312,126.34500122070312,126.37000274658203,126.27999877929688,126.37000274658203,2145.0
2024-07-03 11:22:00,EOLS,10.90999984741211,10.90999984741211,10.90999984741211,10.90999984741211,10.90999984741211,5.0
2024-07-03 11:22:00,EPIX,4.760000228881836,4.760000228881836,4.760000228881836,4.760000228881836,4.760000228881836,312.0
2024-07-03 11:22:00,ERAS,2.255000114440918,2.255000114440918,2.259999990463257,2.255000114440918,2.259999990463257,2465.0
2024-07-03 11:22:00,ESPR,2.3450000286102295,2.3450000286102295,2.3450000286102295,2.3450000286102295,2.3450000286102295,1201.0
2024-07-03 11:22:00,ETNB,7.5,7.5,7.510000228881836,7.489999771118164,7.5,26577.0
2024-07-03 11:22:00,EVGN,0.6446999907493591,0.6446999907493591,0.6446999907493591,0.6446999907493591,0.6446999907493591,300.0
2024-07-03 11:22:00,EVO,5.079999923706055,5.079999923706055,5.079999923706055,5.079999923706055,5.079999923706055,0.0
2024-07-03 11:22:00,EWTX,18.170000076293945,18.170000076293945,18.184999465942383,18.170000076293945,18.184999465942383,931.0
2024-07-03 11:22:00,EXAI,5.459799766540527,5.459799766540527,5.459799766540527,5.459799766540527,5.459799766540527,829.0
2024-07-03 11:22:00,EXAS,43.150001525878906,43.150001525878906,43.150001525878906,43.119998931884766,43.150001525878906,819.0
2024-07-03 11:22:00,EXEL,21.975000381469727,21.975000381469727,21.975000381469727,21.969999313354492,21.969999313354492,1148.0
2024-07-03 11:22:00,EYEN,0.7696999907493591,0.7696999907493591,0.7696999907493591,0.7692999839782715,0.7692999839782715,725.0
2024-07-03 11:22:00,EYPT,8.339500427246094,8.339500427246094,8.339500427246094,8.339500427246094,8.339500427246094,286.0
2024-07-03 11:22:00,FATE,3.194999933242798,3.194999933242798,3.200000047683716,3.194999933242798,3.200000047683716,3224.0
2024-07-03 11:22:00,FGEN,0.711899995803833,0.711899995803833,0.713100016117096,0.711899995803833,0.711899995803833,4098.0
2024-07-03 11:22:00,FLGC,0.949999988079071,0.949999988079071,0.949999988079071,0.949999988079071,0.949999988079071,5452.0
2024-07-03 11:22:00,FLGT,20.145000457763672,20.145000457763672,20.145000457763672,20.145000457763672,20.145000457763672,624.0
2024-07-03 11:22:00,FOLD,9.904999732971191,9.904999732971191,9.920000076293945,9.904999732971191,9.90999984741211,7241.0
2024-07-03 11:22:00,FULC,6.135000228881836,6.135000228881836,6.139999866485596,6.135000228881836,6.139999866485596,6462.0
2024-07-03 11:22:00,GALT,2.1700000762939453,2.1700000762939453,2.1700000762939453,2.1700000762939453,2.1700000762939453,107.0
2024-07-03 11:22:00,GDRX,7.864999771118164,7.864999771118164,7.864999771118164,7.864999771118164,7.864999771118164,609.0
2024-07-03 11:22:00,GERN,4.329999923706055,4.329999923706055,4.329999923706055,4.324999809265137,4.324999809265137,5836.0
2024-07-03 11:22:00,GH,28.329999923706055,28.329999923706055,28.350000381469727,28.329999923706055,28.350000381469727,2235.0
2024-07-03 11:22:00,GILD,67.13999938964844,67.13999938964844,67.13999938964844,67.08719635009766,67.10880279541016,6943.0
2024-07-03 11:22:00,GLSI,16.645000457763672,16.645000457763672,16.645000457763672,16.639999389648438,16.639999389648438,412.0
2024-07-03 11:22:00,GMAB,25.190000534057617,25.190000534057617,25.190000534057617,25.190000534057617,25.190000534057617,709.0
2024-07-03 11:22:00,GOSS,0.9366999864578247,0.9366999864578247,0.9366999864578247,0.9366999864578247,0.9366999864578247,320.0
2024-07-03 11:22:00,GOVX,2.9200000762939453,2.9200000762939453,2.9700000286102295,2.9200000762939453,2.9649999141693115,18796.0
2024-07-03 11:22:00,GRTS,0.5889000296592712,0.5889000296592712,0.5889000296592712,0.5830000042915344,0.5838000178337097,11066.0
2024-07-03 11:22:00,HALO,51.86000061035156,51.86000061035156,51.88999938964844,51.86000061035156,51.86000061035156,1145.0
2024-07-03 11:22:00,HCM,17.459999084472656,17.459999084472656,17.489999771118164,17.459999084472656,17.489999771118164,1085.0
2024-07-03 11:22:00,HCSG,10.524999618530273,10.524999618530273,10.524999618530273,10.517999649047852,10.517999649047852,2910.0
2024-07-03 11:22:00,HLVX,14.335000038146973,14.335000038146973,14.335000038146973,14.260000228881836,14.270000457763672,1087.0
2024-07-03 11:22:00,HOLX,73.31999969482422,73.31999969482422,73.33000183105469,73.31500244140625,73.33000183105469,2026.0
2024-07-03 11:22:00,HOWL,2.0399999618530273,2.0399999618530273,2.0399999618530273,2.0399999618530273,2.0399999618530273,586.0
2024-07-03 11:22:00,HQY,83.08499908447266,83.08499908447266,83.1500015258789,83.07499694824219,83.1500015258789,1233.0
2024-07-03 11:22:00,HRMY,30.309999465942383,30.309999465942383,30.309999465942383,30.309999465942383,30.309999465942383,1022.0
2024-07-03 11:22:00,HRTX,2.7850000858306885,2.7850000858306885,2.7899999618530273,2.7799999713897705,2.7850000858306885,4271.0
2024-07-03 11:22:00,HSIC,65.06999969482422,65.06999969482422,65.0999984741211,65.06999969482422,65.0999984741211,1532.0
2024-07-03 11:22:00,HUMA,5.690000057220459,5.690000057220459,5.710000038146973,5.684999942779541,5.697000026702881,14024.0
2024-07-03 11:22:00,IART,28.670000076293945,28.670000076293945,28.729999542236328,28.65999984741211,28.670000076293945,6413.0
2024-07-03 11:22:00,IBRX,6.270100116729736,6.270100116729736,6.28000020980835,6.269999980926514,6.28000020980835,4598.0
2024-07-03 11:22:00,ICLR,317.75,317.75,318.07000732421875,317.75,317.8900146484375,3753.0
2024-07-03 11:22:00,IDXX,477.42498779296875,477.42498779296875,477.42498779296875,477.4200134277344,477.4200134277344,357.0
2024-07-03 11:22:00,IDYA,33.540000915527344,33.540000915527344,33.59000015258789,33.540000915527344,33.59000015258789,1243.0
2024-07-03 11:22:00,IGMS,6.510000228881836,6.510000228881836,6.510000228881836,6.510000228881836,6.510000228881836,1759.0
2024-07-03 11:22:00,IKNA,1.649999976158142,1.649999976158142,1.649999976158142,1.649999976158142,1.649999976158142,875.0
2024-07-03 11:22:00,ILMN,105.4749984741211,105.4749984741211,105.5199966430664,105.4749984741211,105.5199966430664,872.0
2024-07-03 11:22:00,IMAB,1.5299999713897705,1.5299999713897705,1.5299999713897705,1.5299999713897705,1.5299999713897705,692.0
2024-07-03 11:22:00,IMCR,36.119998931884766,36.119998931884766,36.17499923706055,36.119998931884766,36.17499923706055,935.0
2024-07-03 11:22:00,IMMP,1.9800000190734863,1.9800000190734863,1.9800000190734863,1.9600000381469727,1.9600000381469727,751.0
2024-07-03 11:22:00,IMMX,2.450000047683716,2.450000047683716,2.4600000381469727,2.444999933242798,2.4498000144958496,4533.0
2024-07-03 11:22:00,IMRX,1.1399999856948853,1.1399999856948853,1.1399999856948853,1.1399999856948853,1.1399999856948853,103.0
2024-07-03 11:22:00,IMVT,26.270000457763672,26.270000457763672,26.290000915527344,26.270000457763672,26.290000915527344,1372.0
2024-07-03 11:22:00,INBX,13.220000267028809,13.220000267028809,13.220000267028809,13.220000267028809,13.220000267028809,690.0
2024-07-03 11:22:00,INCY,57.93000030517578,57.93000030517578,57.95000076293945,57.90999984741211,57.93000030517578,2405.0
2024-07-03 11:22:00,INMB,7.90500020980835,7.90500020980835,7.90500020980835,7.90500020980835,7.90500020980835,18.0
2024-07-03 11:22:00,INMD,17.56999969482422,17.56999969482422,17.584999084472656,17.56999969482422,17.584999084472656,1402.0
2024-07-03 11:22:00,INNV,5.320000171661377,5.320000171661377,5.329999923706055,5.320000171661377,5.320000171661377,3324.0
2024-07-03 11:22:00,INO,8.395000457763672,8.395000457763672,8.395000457763672,8.380599975585938,8.380599975585938,2900.0
2024-07-03 11:22:00,INSM,61.93000030517578,61.93000030517578,62.0099983215332,61.93000030517578,62.0,3949.0
2024-07-03 11:22:00,INVA,16.239999771118164,16.239999771118164,16.239999771118164,16.239999771118164,16.239999771118164,501.0
2024-07-03 11:22:00,IONM,0.32440000772476196,0.32440000772476196,0.32440000772476196,0.32440000772476196,0.32440000772476196,2826.0
2024-07-03 11:22:00,IONS,44.619998931884766,44.619998931884766,44.66999816894531,44.619998931884766,44.66999816894531,8997.0
2024-07-03 11:22:00,IOVA,7.635000228881836,7.635000228881836,7.644999980926514,7.630000114440918,7.644999980926514,10986.0
2024-07-03 11:22:00,IPSC,2.244999885559082,2.244999885559082,2.244999885559082,2.244999885559082,2.244999885559082,311.0
2024-07-03 11:22:00,ISRG,433.7099914550781,433.7099914550781,434.3500061035156,433.7099914550781,434.3500061035156,9025.0
2024-07-03 11:22:00,ITCI,68.44000244140625,68.44000244140625,68.44000244140625,68.44000244140625,68.44000244140625,496.0
2024-07-03 11:22:00,IXHL,2.7200000286102295,2.7200000286102295,2.7699999809265137,2.7200000286102295,2.7699999809265137,555.0
2024-07-03 11:22:00,JAGX,3.490000009536743,3.490000009536743,3.490000009536743,3.490000009536743,3.490000009536743,256.0
2024-07-03 11:22:00,JANX,38.125,38.125,38.17499923706055,38.0099983215332,38.0099983215332,1955.0
2024-07-03 11:22:00,KNSA,18.950000762939453,18.950000762939453,18.950000762939453,18.950000762939453,18.950000762939453,153.0
2024-07-03 11:22:00,KPRX,4.309999942779541,4.309999942779541,4.309999942779541,4.309999942779541,4.309999942779541,600.0
2024-07-03 11:22:00,KPTI,0.8457000255584717,0.8457000255584717,0.8457000255584717,0.8402000069618225,0.8429999947547913,6100.0
2024-07-03 11:22:00,KROS,42.459999084472656,42.459999084472656,42.56999969482422,42.40999984741211,42.56999969482422,1995.0
2024-07-03 11:22:00,KTRA,0.28850001096725464,0.28850001096725464,0.28850001096725464,0.28850001096725464,0.28850001096725464,16838.0
2024-07-03 11:22:00,KYMR,30.229999542236328,30.229999542236328,30.229999542236328,30.229999542236328,30.229999542236328,196.0
2024-07-03 11:22:00,KZR,0.5742999911308289,0.5742999911308289,0.5742999911308289,0.5727999806404114,0.5727999806404114,10414.0
2024-07-03 11:22:00,LAB,1.7999999523162842,1.7999999523162842,1.7999999523162842,1.7899999618530273,1.7899999618530273,499.0
2024-07-03 11:22:00,LBPH,32.880001068115234,32.880001068115234,32.880001068115234,32.880001068115234,32.880001068115234,803.0
2024-07-03 11:22:00,LEGN,46.34000015258789,46.34000015258789,46.36000061035156,46.310001373291016,46.310001373291016,1808.0
2024-07-03 11:22:00,LFMD,6.739999771118164,6.739999771118164,6.760000228881836,6.739999771118164,6.760000228881836,7425.0
2024-07-03 11:22:00,LFST,5.125,5.125,5.130000114440918,5.119999885559082,5.119999885559082,4376.0
2024-07-03 11:22:00,LGND,82.7699966430664,82.7699966430664,82.7699966430664,82.7699966430664,82.7699966430664,7039.0
2024-07-03 11:22:00,LIVN,52.650001525878906,52.650001525878906,52.650001525878906,52.650001525878906,52.650001525878906,497.0
2024-07-03 11:22:00,LMAT,81.37000274658203,81.37000274658203,81.37000274658203,81.37000274658203,81.37000274658203,199.0
2024-07-03 11:22:00,LNTH,79.33499908447266,79.33499908447266,79.41000366210938,79.26000213623047,79.37000274658203,4765.0
2024-07-03 11:22:00,LOGC,5.75,5.75,5.75,5.75,5.75,1109.0
2024-07-03 11:22:00,LPTX,1.8200000524520874,1.8200000524520874,1.8200000524520874,1.7899999618530273,1.7999999523162842,584.0
2024-07-03 11:22:00,LQDA,11.90999984741211,11.90999984741211,11.90999984741211,11.895000457763672,11.904500007629395,5497.0
2024-07-03 11:22:00,LUCY,0.4699000120162964,0.4699000120162964,0.4699000120162964,0.4641999900341034,0.4641999900341034,804.0
2024-07-03 11:22:00,LUNG,6.295000076293945,6.295000076293945,6.309999942779541,6.271900177001953,6.271900177001953,2329.0
2024-07-03 11:22:00,LXRX,1.6023000478744507,1.6023000478744507,1.6050000190734863,1.600000023841858,1.6050000190734863,7163.0
2024-07-03 11:22:00,MASI,115.18000030517578,115.18000030517578,115.18000030517578,115.18000030517578,115.18000030517578,443.0
2024-07-03 11:22:00,MBIO,0.4975000023841858,0.4975000023841858,0.49799999594688416,0.4975000023841858,0.49799999594688416,19367.0
2024-07-03 11:22:00,MDXG,6.755000114440918,6.755000114440918,6.764999866485596,6.75,6.760000228881836,3828.0
2024-07-03 11:22:00,ME,0.4025999903678894,0.4025999903678894,0.40369999408721924,0.4025999903678894,0.40369999408721924,1873.0
2024-07-03 11:22:00,MEDP,406.2099914550781,406.2099914550781,406.5181884765625,406.2099914550781,406.5181884765625,1034.0
2024-07-03 11:22:00,MGNX,4.25,4.25,4.25,4.244999885559082,4.244999885559082,420.0
2024-07-03 11:22:00,MIRM,33.72999954223633,33.72999954223633,33.834999084472656,33.72999954223633,33.834999084472656,3644.0
2024-07-03 11:22:00,MLTX,40.95500183105469,40.95500183105469,40.95500183105469,40.869998931884766,40.869998931884766,215.0
2024-07-03 11:22:00,MNKD,5.050000190734863,5.050000190734863,5.05810022354126,5.050000190734863,5.054999828338623,7664.0
2024-07-03 11:22:00,MORF,31.924999237060547,31.924999237060547,31.924999237060547,31.924999237060547,31.924999237060547,201.0
2024-07-03 11:22:00,MREO,3.5250000953674316,3.5250000953674316,3.5299999713897705,3.5250000953674316,3.5299999713897705,2646.0
2024-07-03 11:22:00,MRNA,116.20999908447266,116.20999908447266,116.46990203857422,116.13999938964844,116.30500030517578,3902.0
2024-07-03 11:22:00,MRNS,1.2050000429153442,1.2050000429153442,1.2050000429153442,1.2050000429153442,1.2050000429153442,263.0
2024-07-03 11:22:00,MRSN,1.8600000143051147,1.8600000143051147,1.8700000047683716,1.8600000143051147,1.8600000143051147,410.0
2024-07-03 11:22:00,MRUS,52.39500045776367,52.39500045776367,52.400001525878906,52.39500045776367,52.400001525878906,1300.0
2024-07-03 11:22:00,MRVI,6.800000190734863,6.800000190734863,6.800000190734863,6.789999961853027,6.800000190734863,6177.0
2024-07-03 11:22:00,MXCT,3.674999952316284,3.674999952316284,3.680000066757202,3.674999952316284,3.680000066757202,2668.0
2024-07-03 11:22:00,MYGN,24.975000381469727,24.975000381469727,25.010000228881836,24.950000762939453,25.0,2402.0
2024-07-03 11:22:00,NBIX,138.67999267578125,138.67999267578125,138.67999267578125,138.67999267578125,138.67999267578125,955.0
2024-07-03 11:22:00,NDRA,0.09210000187158585,0.09210000187158585,0.09210000187158585,0.09149999916553497,0.09200000017881393,119184.0
2024-07-03 11:22:00,NEO,13.670000076293945,13.670000076293945,13.670000076293945,13.670000076293945,13.670000076293945,278.0
2024-07-03 11:22:00,NEOG,15.229999542236328,15.229999542236328,15.229999542236328,15.229999542236328,15.229999542236328,1264.0
2024-07-03 11:22:00,NKTR,1.25,1.25,1.25,1.25,1.25,656.0
2024-07-03 11:22:00,NKTX,5.357999801635742,5.357999801635742,5.365499973297119,5.328400135040283,5.328400135040283,3035.0
2024-07-03 11:22:00,NLSP,0.20000000298023224,0.20000000298023224,0.20000000298023224,0.20000000298023224,0.20000000298023224,318.0
2024-07-03 11:22:00,NNOX,6.978300094604492,6.978300094604492,6.978300094604492,6.978300094604492,6.978300094604492,1387.0
2024-07-03 11:22:00,NRBO,4.630000114440918,4.630000114440918,4.630000114440918,4.630000114440918,4.630000114440918,1000.0
2024-07-03 11:22:00,NRC,22.915000915527344,22.915000915527344,22.915000915527344,22.915000915527344,22.915000915527344,256.0
2024-07-03 11:22:00,NRIX,19.670000076293945,19.670000076293945,19.687000274658203,19.670000076293945,19.68000030517578,1073.0
2024-07-03 11:22:00,NRSN,1.3151999711990356,1.3151999711990356,1.3200000524520874,1.3151999711990356,1.3200000524520874,1201.0
2024-07-03 11:22:00,NTLA,22.68000030517578,22.68000030517578,22.690000534057617,22.670000076293945,22.68000030517578,2173.0
2024-07-03 11:22:00,NTRA,111.20999908447266,111.20999908447266,111.31999969482422,111.18000030517578,111.31999969482422,3717.0
2024-07-03 11:22:00,NUTX,5.3155999183654785,5.3155999183654785,5.329999923706055,5.3155999183654785,5.329999923706055,1006.0
2024-07-03 11:22:00,NUVL,72.0199966430664,72.0199966430664,72.0199966430664,72.0199966430664,72.0199966430664,241.0
2024-07-03 11:22:00,NUWE,3.9600000381469727,3.9600000381469727,3.9600000381469727,3.9600000381469727,3.9600000381469727,1234.0
2024-07-03 11:22:00,NVAX,12.680000305175781,12.680000305175781,12.710000038146973,12.680000305175781,12.704899787902832,19882.0
2024-07-03 11:22:00,NVCR,16.700199127197266,16.700199127197266,16.73979949951172,16.700199127197266,16.73979949951172,2981.0
2024-07-03 11:22:00,NVNO,5.059999942779541,5.059999942779541,5.059999942779541,5.050000190734863,5.059999942779541,2199.0
2024-07-03 11:22:00,NXL,1.3799999952316284,1.3799999952316284,1.3799999952316284,1.3799999952316284,1.3799999952316284,796.0
2024-07-03 11:22:00,NXTC,1.5700000524520874,1.5700000524520874,1.5700000524520874,1.5700000524520874,1.5700000524520874,537.0
2024-07-03 11:22:00,OCUL,6.690000057220459,6.690000057220459,6.6946001052856445,6.690000057220459,6.6946001052856445,3756.0
2024-07-03 11:22:00,OGI,1.5750000476837158,1.5750000476837158,1.5779999494552612,1.5750000476837158,1.5779999494552612,1354.0
2024-07-03 11:22:00,OLK,25.774999618530273,25.774999618530273,25.774999618530273,25.774999618530273,25.774999618530273,431.0
2024-07-03 11:22:00,OLMA,10.625,10.625,10.625,10.625,10.625,130.0
2024-07-03 11:22:00,OM,3.879499912261963,3.879499912261963,3.884999990463257,3.869999885559082,3.880000114440918,4333.0
2024-07-03 11:22:00,OMGA,1.9900000095367432,1.9900000095367432,1.9900000095367432,1.9900000095367432,1.9900000095367432,624.0
2024-07-03 11:23:00,ABEO,4.264999866485596,4.264999866485596,4.264999866485596,4.264999866485596,4.264999866485596,344.0
2024-07-03 11:23:00,ABOS,2.2950000762939453,2.2950000762939453,2.299999952316284,2.2950000762939453,2.299999952316284,1400.0
2024-07-03 11:23:00,ABSI,3.200000047683716,3.200000047683716,3.2090001106262207,3.200000047683716,3.200000047683716,3130.0
2024-07-03 11:23:00,ABUS,3.1700000762939453,3.1700000762939453,3.1700000762939453,3.1700000762939453,3.1700000762939453,365.0
2024-07-03 11:23:00,ACAD,15.609999656677246,15.609999656677246,15.609999656677246,15.609999656677246,15.609999656677246,503.0
2024-07-03 11:23:00,ACB,4.875,4.875,4.875,4.875,4.875,411.0
2024-07-03 11:23:00,ACCD,3.555000066757202,3.555000066757202,3.558799982070923,3.555000066757202,3.558799982070923,1821.0
2024-07-03 11:23:00,ACET,1.0549999475479126,1.0549999475479126,1.0599000453948975,1.0499999523162842,1.0499999523162842,16618.0
2024-07-03 11:23:00,ACRS,1.149999976158142,1.149999976158142,1.149999976158142,1.149999976158142,1.149999976158142,805.0
2024-07-03 11:23:00,ADAP,1.0199999809265137,1.0199999809265137,1.0299999713897705,1.0199999809265137,1.0199999809265137,401.0
2024-07-03 11:23:00,ADMA,11.274999618530273,11.274999618530273,11.274999618530273,11.274999618530273,11.274999618530273,1089.0
2024-07-03 11:23:00,AIMD,0.8289999961853027,0.8289999961853027,0.8289999961853027,0.8267999887466431,0.8267999887466431,830.0
2024-07-03 11:23:00,AKRO,22.094999313354492,22.094999313354492,22.094999313354492,22.09000015258789,22.09000015258789,185.0
2024-07-03 11:23:00,ALEC,4.440000057220459,4.440000057220459,4.440000057220459,4.440000057220459,4.440000057220459,0.0
2024-07-03 11:23:00,ALGN,240.7449951171875,240.7449951171875,240.7449951171875,240.58999633789062,240.72000122070312,910.0
2024-07-03 11:23:00,ALHC,8.010000228881836,8.010000228881836,8.010000228881836,7.989999771118164,7.989999771118164,927.0
2024-07-03 11:23:00,ALKS,24.270000457763672,24.270000457763672,24.270000457763672,24.270000457763672,24.270000457763672,746.0
2024-07-03 11:23:00,ALLK,0.8399999737739563,0.8399999737739563,0.8399999737739563,0.8399999737739563,0.8399999737739563,301.0
2024-07-03 11:23:00,ALLO,2.140000104904175,2.140000104904175,2.1500000953674316,2.134999990463257,2.134999990463257,17071.0
2024-07-03 11:23:00,ALLR,0.20309999585151672,0.20309999585151672,0.20309999585151672,0.20250000059604645,0.20250000059604645,5107.0
2024-07-03 11:23:00,ALNY,246.7949981689453,246.7949981689453,246.94000244140625,246.7949981689453,246.94000244140625,681.0
2024-07-03 11:23:00,ALT,6.710000038146973,6.710000038146973,6.710000038146973,6.690000057220459,6.690000057220459,2216.0
2024-07-03 11:23:00,ALVO,12.329999923706055,12.329999923706055,12.329999923706055,12.329999923706055,12.329999923706055,205.0
2024-07-03 11:23:00,ALXO,5.869999885559082,5.869999885559082,5.875,5.860000133514404,5.860000133514404,2535.0
2024-07-03 11:23:00,AMED,96.98999786376953,96.98999786376953,97.0199966430664,96.98999786376953,96.98999786376953,3319.0
2024-07-03 11:23:00,AMGN,307.0899963378906,307.0899963378906,307.2449951171875,307.07000732421875,307.2449951171875,2602.0
2024-07-03 11:23:00,AMLX,1.7594000101089478,1.7594000101089478,1.7599999904632568,1.7594000101089478,1.7599999904632568,2006.0
2024-07-03 11:23:00,AMPH,38.349998474121094,38.349998474121094,38.349998474121094,38.349998474121094,38.349998474121094,904.0
2024-07-03 11:23:00,AMRN,0.6984999775886536,0.6984999775886536,0.6984999775886536,0.6984999775886536,0.6984999775886536,0.0
2024-07-03 11:23:00,ANAB,25.065000534057617,25.065000534057617,25.065000534057617,25.065000534057617,25.065000534057617,418.0
2024-07-03 11:23:00,ANIP,61.16999816894531,61.16999816894531,61.16999816894531,61.0099983215332,61.0099983215332,2788.0
2024-07-03 11:23:00,ANNX,4.764999866485596,4.764999866485596,4.769999980926514,4.764999866485596,4.769800186157227,3873.0
2024-07-03 11:23:00,ANTX,2.54830002784729,2.54830002784729,2.54830002784729,2.5450000762939453,2.5450000762939453,2950.0
2024-07-03 11:23:00,APDN,0.4000000059604645,0.4000000059604645,0.4000000059604645,0.39500001072883606,0.4000000059604645,4308.0
2024-07-03 11:23:00,APLS,35.43000030517578,35.43000030517578,35.595001220703125,35.369998931884766,35.595001220703125,4010.0
2024-07-03 11:23:00,APLT,4.349999904632568,4.349999904632568,4.349999904632568,4.349999904632568,4.349999904632568,103.0
2024-07-03 11:23:00,AQST,2.4049999713897705,2.4049999713897705,2.4049999713897705,2.4049999713897705,2.4049999713897705,243.0
2024-07-03 11:23:00,ARCT,21.405000686645508,21.405000686645508,21.405000686645508,21.405000686645508,21.405000686645508,695.0
2024-07-03 11:23:00,ARDX,5.224999904632568,5.224999904632568,5.230000019073486,5.224999904632568,5.224999904632568,4603.0
2024-07-03 11:23:00,ARGX,435.04998779296875,435.04998779296875,435.04998779296875,434.7749938964844,434.7749938964844,2422.0
2024-07-03 11:23:00,ARQT,9.699999809265137,9.699999809265137,9.699999809265137,9.675000190734863,9.675000190734863,2225.0
2024-07-03 11:23:00,ARVN,24.260000228881836,24.260000228881836,24.260000228881836,24.209999084472656,24.209999084472656,876.0
2024-07-03 11:23:00,ASRT,1.3200000524520874,1.3200000524520874,1.3200000524520874,1.3200000524520874,1.3200000524520874,2418.0
2024-07-03 11:23:00,ATAI,1.2949999570846558,1.2949999570846558,1.2972999811172485,1.2949999570846558,1.2972999811172485,835.0
2024-07-03 11:23:00,ATEC,9.979999542236328,9.979999542236328,9.979999542236328,9.979999542236328,9.979999542236328,242.0
2024-07-03 11:23:00,ATOS,1.1549999713897705,1.1549999713897705,1.159999966621399,1.1549999713897705,1.159999966621399,356.0
2024-07-03 11:23:00,ATRA,7.639999866485596,7.639999866485596,7.639999866485596,7.619999885559082,7.619999885559082,2758.0
2024-07-03 11:23:00,ATRC,22.350000381469727,22.350000381469727,22.350000381469727,22.350000381469727,22.350000381469727,255.0
2024-07-03 11:23:00,ATXS,9.020000457763672,9.020000457763672,9.020000457763672,9.020000457763672,9.020000457763672,677.0
2024-07-03 11:23:00,AUGX,1.0,1.0,1.0,1.0,1.0,1278.0
2024-07-03 11:23:00,AUPH,5.46999979019165,5.46999979019165,5.46999979019165,5.46999979019165,5.46999979019165,0.0
2024-07-03 11:23:00,AUTL,3.4749999046325684,3.4749999046325684,3.4749999046325684,3.4700000286102295,3.4700000286102295,1629.0
2024-07-03 11:23:00,AVDL,14.430000305175781,14.430000305175781,14.430000305175781,14.420000076293945,14.420000076293945,787.0
2024-07-03 11:23:00,AVTE,1.6150000095367432,1.6150000095367432,1.6150000095367432,1.6150000095367432,1.6150000095367432,102.0
2024-07-03 11:23:00,AVXL,4.224999904632568,4.224999904632568,4.224999904632568,4.224999904632568,4.224999904632568,308.0
2024-07-03 11:23:00,AXNX,67.56999969482422,67.56999969482422,67.56999969482422,67.5199966430664,67.5199966430664,322.0
2024-07-03 11:23:00,AXSM,80.0,80.0,80.0,80.0,80.0,121.0
2024-07-03 11:23:00,AZN,76.75,76.75,76.75,76.73500061035156,76.73500061035156,9654.0
2024-07-03 11:23:00,BACK,1.7372000217437744,1.7372000217437744,1.7372000217437744,1.6656999588012695,1.6656999588012695,570.0
2024-07-03 11:23:00,BBIO,25.31999969482422,25.31999969482422,25.31999969482422,25.31999969482422,25.31999969482422,1536.0
2024-07-03 11:23:00,BCAB,1.375,1.375,1.375,1.375,1.375,326.0
2024-07-03 11:23:00,BCRX,6.485000133514404,6.485000133514404,6.487100124359131,6.485000133514404,6.487100124359131,2461.0
2024-07-03 11:23:00,BEAM,23.719999313354492,23.719999313354492,23.729999542236328,23.719999313354492,23.729999542236328,984.0
2024-07-03 11:23:00,BGNE,147.09500122070312,147.09500122070312,147.09500122070312,147.09500122070312,147.09500122070312,868.0
2024-07-03 11:23:00,BGXX,0.27000001072883606,0.27000001072883606,0.27000001072883606,0.27000001072883606,0.27000001072883606,278.0
2024-07-03 11:23:00,BJDX,0.6360999941825867,0.6360999941825867,0.6360999941825867,0.6360999941825867,0.6360999941825867,224.0
2024-07-03 11:23:00,BLFS,19.850000381469727,19.850000381469727,19.850000381469727,19.850000381469727,19.850000381469727,517.0
2024-07-03 11:23:00,BLUE,0.935699999332428,0.935699999332428,0.9365000128746033,0.935699999332428,0.9365000128746033,0.0
2024-07-03 11:23:00,BMEA,4.400000095367432,4.400000095367432,4.400000095367432,4.400000095367432,4.400000095367432,1056.0
2024-07-03 11:23:00,BMRN,81.2699966430664,81.2699966430664,81.30000305175781,81.24810028076172,81.30000305175781,713.0
2024-07-03 11:23:00,BNGO,0.5576000213623047,0.5576000213623047,0.5576000213623047,0.5576000213623047,0.5576000213623047,19223.0
2024-07-03 11:23:00,BRKR,61.61000061035156,61.61000061035156,61.61000061035156,61.61000061035156,61.61000061035156,355.0
2024-07-03 11:23:00,BTAI,1.0950000286102295,1.0950000286102295,1.0950000286102295,1.090000033378601,1.0901000499725342,4644.0
2024-07-03 11:23:00,BVS,5.960000038146973,5.960000038146973,5.96999979019165,5.949999809265137,5.960000038146973,7541.0
2024-07-03 11:23:00,CABA,7.659999847412109,7.659999847412109,7.659999847412109,7.658999919891357,7.659999847412109,1067.0
2024-07-03 11:23:00,CADL,6.260000228881836,6.260000228881836,6.260000228881836,6.260000228881836,6.260000228881836,608.0
2024-07-03 11:23:00,CARA,0.28600001335144043,0.28600001335144043,0.28600001335144043,0.28600001335144043,0.28600001335144043,2.0
2024-07-03 11:23:00,CCCC,4.679999828338623,4.679999828338623,4.679999828338623,4.664999961853027,4.664999961853027,2024.0
2024-07-03 11:23:00,CCRN,13.69629955291748,13.69629955291748,13.706700325012207,13.69629955291748,13.706700325012207,404.0
2024-07-03 11:23:00,CDMO,7.519999980926514,7.519999980926514,7.53000020980835,7.519999980926514,7.53000020980835,554.0
2024-07-03 11:23:00,CDXS,2.880000114440918,2.880000114440918,2.880000114440918,2.880000114440918,2.880000114440918,2056.0
2024-07-03 11:23:00,CELC,16.274999618530273,16.274999618530273,16.329599380493164,16.274999618530273,16.329599380493164,1109.0
2024-07-03 11:23:00,CELU,3.0399999618530273,3.0399999618530273,3.0399999618530273,3.0399999618530273,3.0399999618530273,0.0
2024-07-03 11:23:00,CERE,40.54999923706055,40.54999923706055,40.810001373291016,40.47999954223633,40.529998779296875,42308.0
2024-07-03 11:23:00,CERS,1.715000033378601,1.715000033378601,1.715000033378601,1.715000033378601,1.715000033378601,623.0
2024-07-03 11:23:00,CERT,13.770000457763672,13.770000457763672,13.770000457763672,13.770000457763672,13.770000457763672,516.0
2024-07-03 11:23:00,CGC,6.519999980926514,6.519999980926514,6.525000095367432,6.510000228881836,6.525000095367432,13521.0
2024-07-03 11:23:00,CGEN,1.6536999940872192,1.6536999940872192,1.6536999940872192,1.649999976158142,1.649999976158142,3978.0
2024-07-03 11:23:00,CHRS,1.399999976158142,1.399999976158142,1.399999976158142,1.3949999809265137,1.3949999809265137,1782.0
2024-07-03 11:23:00,CKPT,2.2149999141693115,2.2149999141693115,2.2300000190734863,2.2149999141693115,2.2300000190734863,800.0
2024-07-03 11:23:00,CLDX,36.43000030517578,36.43000030517578,36.43000030517578,36.43000030517578,36.43000030517578,263.0
2024-07-03 11:23:00,CLPT,5.480000019073486,5.480000019073486,5.480000019073486,5.465000152587891,5.465000152587891,319.0
2024-07-03 11:23:00,CLRB,2.4200000762939453,2.4200000762939453,2.4200000762939453,2.4200000762939453,2.4200000762939453,202.0
2024-07-03 11:23:00,CMPS,6.300000190734863,6.300000190734863,6.300000190734863,6.300000190734863,6.300000190734863,316.0
2024-07-03 11:23:00,CMPX,0.8500000238418579,0.8500000238418579,0.8500000238418579,0.8500000238418579,0.8500000238418579,200.0
2024-07-03 11:23:00,CNSP,1.399999976158142,1.399999976158142,1.5,1.3200000524520874,1.3200000524520874,1399578.0
2024-07-03 11:23:00,CNTX,1.8049999475479126,1.8049999475479126,1.8049999475479126,1.8049999475479126,1.8049999475479126,240.0
2024-07-03 11:23:00,COGT,8.5600004196167,8.5600004196167,8.574999809265137,8.550000190734863,8.550000190734863,2178.0
2024-07-03 11:23:00,COLL,32.400001525878906,32.400001525878906,32.400001525878906,32.400001525878906,32.400001525878906,1163.0
2024-07-03 11:23:00,CORT,30.3700008392334,30.3700008392334,30.3700008392334,30.3700008392334,30.3700008392334,1719.0
2024-07-03 11:23:00,CPRX,15.515000343322754,15.515000343322754,15.515000343322754,15.489999771118164,15.489999771118164,3681.0
2024-07-03 11:23:00,CRBU,1.5750000476837158,1.5750000476837158,1.5750000476837158,1.5750000476837158,1.5750000476837158,1901.0
2024-07-03 11:23:00,CRDF,2.234999895095825,2.234999895095825,2.240000009536743,2.234999895095825,2.240000009536743,694.0
2024-07-03 11:23:00,CRDL,1.934399962425232,1.934399962425232,1.934399962425232,1.934399962425232,1.934399962425232,1640.0
2024-07-03 11:23:00,CRMD,4.119999885559082,4.119999885559082,4.125,4.119999885559082,4.125,370.0
2024-07-03 11:23:00,CRNX,45.04499816894531,45.04499816894531,45.08000183105469,45.04499816894531,45.08000183105469,1936.0
2024-07-03 11:23:00,CRON,2.305000066757202,2.305000066757202,2.305000066757202,2.299999952316284,2.299999952316284,0.0
2024-07-03 11:23:00,CRSP,53.78499984741211,53.78499984741211,53.810001373291016,53.78499984741211,53.790000915527344,512.0
2024-07-03 11:23:00,CRVS,1.7799999713897705,1.7799999713897705,1.7799999713897705,1.7799999713897705,1.7799999713897705,395.0
2024-07-03 11:23:00,CSTL,21.059999465942383,21.059999465942383,21.059999465942383,21.020000457763672,21.020000457763672,572.0
2024-07-03 11:23:00,CTKB,5.635000228881836,5.635000228881836,5.639999866485596,5.630000114440918,5.630000114440918,2241.0
2024-07-03 11:23:00,CTXR,0.5022000074386597,0.5022000074386597,0.5033000111579895,0.5022000074386597,0.5022000074386597,2151.0
2024-07-03 11:23:00,CUTR,1.3250000476837158,1.3250000476837158,1.3250000476837158,1.3250000476837158,1.3250000476837158,277.0
2024-07-03 11:23:00,CVAC,3.3698999881744385,3.3698999881744385,3.369999885559082,3.3499999046325684,3.365000009536743,18506.0
2024-07-03 11:23:00,CYTK,54.59000015258789,54.59000015258789,54.75,54.51499938964844,54.72999954223633,3165.0
2024-07-03 11:23:00,DAWN,13.359999656677246,13.359999656677246,13.380000114440918,13.359999656677246,13.380000114440918,1985.0
2024-07-03 11:23:00,DCGO,2.924999952316284,2.924999952316284,2.924999952316284,2.9196999073028564,2.9196999073028564,4444.0
2024-07-03 11:23:00,DH,5.400000095367432,5.400000095367432,5.400000095367432,5.400000095367432,5.400000095367432,393.0
2024-07-03 11:23:00,DNLI,21.520000457763672,21.520000457763672,21.520000457763672,21.520000457763672,21.520000457763672,1124.0
2024-07-03 11:23:00,DRIO,1.1424000263214111,1.1424000263214111,1.1424000263214111,1.1424000263214111,1.1424000263214111,0.0
2024-07-03 11:23:00,DSGN,3.259999990463257,3.259999990463257,3.259999990463257,3.259999990463257,3.259999990463257,200.0
2024-07-03 11:23:00,DXCM,110.41000366210938,110.41000366210938,110.43499755859375,110.41000366210938,110.43499755859375,1953.0
2024-07-03 11:23:00,DYN,34.599998474121094,34.599998474121094,34.599998474121094,34.599998474121094,34.599998474121094,506.0
2024-07-03 11:23:00,EDIT,4.670000076293945,4.670000076293945,4.670000076293945,4.670000076293945,4.670000076293945,231.0
2024-07-03 11:23:00,EGRX,5.320000171661377,5.320000171661377,5.320000171661377,5.320000171661377,5.320000171661377,528.0
2024-07-03 11:23:00,ELEV,2.6700000762939453,2.6700000762939453,2.6700000762939453,2.6700000762939453,2.6700000762939453,823.0
2024-07-03 11:23:00,EMBC,12.079999923706055,12.079999923706055,12.079999923706055,12.079999923706055,12.079999923706055,644.0
2024-07-03 11:23:00,ENSC,0.46000000834465027,0.46000000834465027,0.46000000834465027,0.46000000834465027,0.46000000834465027,520.0
2024-07-03 11:23:00,EOLS,10.90999984741211,10.90999984741211,10.90999984741211,10.90999984741211,10.90999984741211,259.0
2024-07-03 11:23:00,ESPR,2.3499999046325684,2.3499999046325684,2.3499999046325684,2.3499999046325684,2.3499999046325684,2402.0
2024-07-03 11:23:00,EWTX,18.170000076293945,18.170000076293945,18.170000076293945,18.170000076293945,18.170000076293945,119.0
2024-07-03 11:23:00,EXAS,43.06999969482422,43.06999969482422,43.13999938964844,43.06999969482422,43.119998931884766,3637.0
2024-07-03 11:23:00,EXEL,21.979700088500977,21.979700088500977,21.979700088500977,21.975000381469727,21.975000381469727,2186.0
2024-07-03 11:23:00,EYEN,0.7649999856948853,0.7649999856948853,0.7649999856948853,0.7649999856948853,0.7649999856948853,1888.0
2024-07-03 11:23:00,EYPT,8.34000015258789,8.34000015258789,8.34000015258789,8.34000015258789,8.34000015258789,532.0
2024-07-03 11:23:00,FDMT,20.979999542236328,20.979999542236328,20.979999542236328,20.979999542236328,20.979999542236328,1368.0
2024-07-03 11:23:00,FGEN,0.7131999731063843,0.7131999731063843,0.7131999731063843,0.711899995803833,0.711899995803833,2941.0
2024-07-03 11:23:00,FOLD,9.904999732971191,9.904999732971191,9.904999732971191,9.904999732971191,9.904999732971191,384.0
2024-07-03 11:23:00,FONR,16.0,16.0,16.0,16.0,16.0,300.0
2024-07-03 11:23:00,FULC,6.139999866485596,6.139999866485596,6.139999866485596,6.135000228881836,6.135000228881836,2081.0
2024-07-03 11:23:00,GALT,2.190000057220459,2.190000057220459,2.190000057220459,2.1700000762939453,2.1700000762939453,1104.0
2024-07-03 11:23:00,GANX,1.149999976158142,1.149999976158142,1.1649999618530273,1.149999976158142,1.1649999618530273,1000.0
2024-07-03 11:23:00,GDRX,7.864999771118164,7.864999771118164,7.864999771118164,7.864999771118164,7.864999771118164,1363.0
2024-07-03 11:23:00,GERN,4.324999809265137,4.324999809265137,4.324999809265137,4.324999809265137,4.324999809265137,4631.0
2024-07-03 11:23:00,GH,28.3799991607666,28.3799991607666,28.3799991607666,28.3799991607666,28.3799991607666,201.0
2024-07-03 11:23:00,GILD,67.2300033569336,67.2300033569336,67.2300033569336,67.13009643554688,67.13009643554688,9517.0
2024-07-03 11:23:00,GLUE,3.759999990463257,3.759999990463257,3.759999990463257,3.7300000190734863,3.7300000190734863,1291.0
2024-07-03 11:23:00,GMAB,25.190000534057617,25.190000534057617,25.19499969482422,25.190000534057617,25.19499969482422,347.0
2024-07-03 11:23:00,GOSS,0.9391000270843506,0.9391000270843506,0.9391000270843506,0.9368000030517578,0.9368000030517578,1635.0
2024-07-03 11:23:00,GOVX,2.9600000381469727,2.9600000381469727,2.9700000286102295,2.940000057220459,2.940000057220459,6895.0
2024-07-03 11:23:00,GRTS,0.5859000086784363,0.5859000086784363,0.5859000086784363,0.5813000202178955,0.5813000202178955,9405.0
2024-07-03 11:23:00,HALO,51.894500732421875,51.894500732421875,51.894500732421875,51.88999938964844,51.88999938964844,733.0
2024-07-03 11:23:00,HCAT,6.195000171661377,6.195000171661377,6.199999809265137,6.195000171661377,6.199999809265137,534.0
2024-07-03 11:23:00,HCSG,10.539999961853027,10.539999961853027,10.539999961853027,10.520000457763672,10.520000457763672,1499.0
2024-07-03 11:23:00,HITI,2.1089999675750732,2.1089999675750732,2.1089999675750732,2.1089999675750732,2.1089999675750732,1226.0
2024-07-03 11:23:00,HLVX,14.329999923706055,14.329999923706055,14.430000305175781,14.329999923706055,14.399999618530273,6371.0
2024-07-03 11:23:00,HOLX,73.34500122070312,73.34500122070312,73.3499984741211,73.31500244140625,73.31500244140625,2878.0
2024-07-03 11:23:00,HQY,83.04000091552734,83.04000091552734,83.08999633789062,83.04000091552734,83.08999633789062,633.0
2024-07-03 11:23:00,HRMY,30.31999969482422,30.31999969482422,30.31999969482422,30.289499282836914,30.299999237060547,1448.0
2024-07-03 11:23:00,HRTX,2.7850000858306885,2.7850000858306885,2.7850000858306885,2.7699999809265137,2.7799999713897705,46379.0
2024-07-03 11:23:00,HSCS,4.820000171661377,4.820000171661377,4.820000171661377,4.820000171661377,4.820000171661377,2020.0
2024-07-03 11:23:00,HSTM,27.520000457763672,27.520000457763672,27.600000381469727,27.520000457763672,27.559999465942383,1662.0
2024-07-03 11:23:00,HUGE,0.1462000012397766,0.1462000012397766,0.1462000012397766,0.1462000012397766,0.1462000012397766,800.0
2024-07-03 11:23:00,HUMA,5.689899921417236,5.689899921417236,5.690000057220459,5.684999942779541,5.690000057220459,5798.0
2024-07-03 11:23:00,IART,28.670000076293945,28.670000076293945,28.670000076293945,28.665000915527344,28.665000915527344,1040.0
2024-07-03 11:23:00,IBRX,6.269999980926514,6.269999980926514,6.275000095367432,6.269999980926514,6.269999980926514,2353.0
2024-07-03 11:23:00,IDXX,477.4649963378906,477.4649963378906,477.4649963378906,477.4649963378906,477.4649963378906,164.0
2024-07-03 11:23:00,IINN,1.409999966621399,1.409999966621399,1.409999966621399,1.399999976158142,1.399999976158142,8904.0
2024-07-03 11:23:00,ILMN,105.5,105.5,105.5,105.45999908447266,105.45999908447266,951.0
2024-07-03 11:23:00,IMMX,2.439500093460083,2.439500093460083,2.440000057220459,2.400099992752075,2.430000066757202,2696.0
2024-07-03 11:23:00,IMNM,12.095000267028809,12.095000267028809,12.095000267028809,12.079999923706055,12.079999923706055,1038.0
2024-07-03 11:23:00,INBX,13.220000267028809,13.220000267028809,13.220000267028809,13.220000267028809,13.220000267028809,43.0
2024-07-03 11:23:00,INCY,57.91999816894531,57.91999816894531,57.9900016784668,57.91999816894531,57.9900016784668,4579.0
2024-07-03 11:23:00,INMD,17.56999969482422,17.56999969482422,17.56999969482422,17.56999969482422,17.56999969482422,3814.0
2024-07-03 11:23:00,INNV,5.329899787902832,5.329899787902832,5.329899787902832,5.324999809265137,5.324999809265137,1564.0
2024-07-03 11:23:00,INO,8.399999618530273,8.399999618530273,8.399999618530273,8.399999618530273,8.399999618530273,473.0
2024-07-03 11:23:00,INSM,61.915000915527344,61.915000915527344,61.950401306152344,61.869998931884766,61.939998626708984,1846.0
2024-07-03 11:23:00,INVA,16.2549991607666,16.2549991607666,16.2549991607666,16.25,16.25,925.0
2024-07-03 11:23:00,IONS,44.6150016784668,44.6150016784668,44.6150016784668,44.6150016784668,44.6150016784668,308.0
2024-07-03 11:23:00,IOVA,7.625,7.625,7.639999866485596,7.620200157165527,7.635000228881836,54296.0
2024-07-03 11:23:00,IRWD,6.130000114440918,6.130000114440918,6.130000114440918,6.130000114440918,6.130000114440918,4190.0
2024-07-03 11:23:00,ISRG,434.54998779296875,434.54998779296875,434.54998779296875,434.2449951171875,434.3999938964844,1783.0
2024-07-03 11:23:00,ITCI,68.38999938964844,68.38999938964844,68.38999938964844,68.38999938964844,68.38999938964844,273.0
2024-07-03 11:23:00,ITOS,14.630000114440918,14.630000114440918,14.630000114440918,14.630000114440918,14.630000114440918,1056.0
2024-07-03 11:23:00,JANX,38.16999816894531,38.16999816894531,38.16999816894531,38.150001525878906,38.150001525878906,656.0
2024-07-03 11:23:00,JAZZ,104.2300033569336,104.2300033569336,104.2300033569336,104.2300033569336,104.2300033569336,197.0
2024-07-03 11:23:00,KIDS,29.770000457763672,29.770000457763672,29.770000457763672,29.760000228881836,29.760000228881836,646.0
2024-07-03 11:23:00,KPTI,0.8403000235557556,0.8403000235557556,0.8457000255584717,0.8400999903678894,0.8457000255584717,1717.0
2024-07-03 11:23:00,KRMD,2.369999885559082,2.369999885559082,2.369999885559082,2.369999885559082,2.369999885559082,979.0
2024-07-03 11:23:00,KTRA,0.2879999876022339,0.2879999876022339,0.28850001096725464,0.2879999876022339,0.288100004196167,14906.0
2024-07-03 11:23:00,KZR,0.5730999708175659,0.5730999708175659,0.5730999708175659,0.5730999708175659,0.5730999708175659,2070.0
2024-07-03 11:23:00,LAB,1.7999999523162842,1.7999999523162842,1.7999999523162842,1.7899999618530273,1.7899999618530273,867.0
2024-07-03 11:23:00,LBPH,32.880001068115234,32.880001068115234,32.880001068115234,32.880001068115234,32.880001068115234,431.0
2024-07-03 11:23:00,LEGN,46.290000915527344,46.290000915527344,46.34000015258789,46.22999954223633,46.34000015258789,2174.0
2024-07-03 11:23:00,LFMD,6.744999885559082,6.744999885559082,6.744999885559082,6.739999771118164,6.739999771118164,2339.0
2024-07-03 11:23:00,LFST,5.130000114440918,5.130000114440918,5.130000114440918,5.130000114440918,5.130000114440918,370.0
2024-07-03 11:23:00,LIVN,52.68000030517578,52.68000030517578,52.68000030517578,52.68000030517578,52.68000030517578,675.0
2024-07-03 11:23:00,LNTH,79.41999816894531,79.41999816894531,79.41999816894531,79.3499984741211,79.3499984741211,533.0
2024-07-03 11:23:00,LPTX,1.7999000549316406,1.7999000549316406,1.7999000549316406,1.7999000549316406,1.7999000549316406,200.0
2024-07-03 11:23:00,LQDA,11.9399995803833,11.9399995803833,11.9399995803833,11.90999984741211,11.920000076293945,2736.0
2024-07-03 11:23:00,LRMR,7.730000019073486,7.730000019073486,7.730000019073486,7.730000019073486,7.730000019073486,624.0
2024-07-03 11:23:00,LUCY,0.4699999988079071,0.4699999988079071,0.4699999988079071,0.4668999910354614,0.4668999910354614,450.0
2024-07-03 11:23:00,LXRX,1.6050000190734863,1.6050000190734863,1.6050000190734863,1.5950000286102295,1.600000023841858,125335.0
2024-07-03 11:23:00,LYRA,0.28630000352859497,0.28630000352859497,0.28630000352859497,0.2858000099658966,0.2858000099658966,3667.0
2024-07-03 11:23:00,MBIO,0.4975000023841858,0.4975000023841858,0.4975000023841858,0.4975000023841858,0.4975000023841858,6844.0
2024-07-03 11:23:00,MDWD,14.970000267028809,14.970000267028809,14.970000267028809,14.880000114440918,14.885000228881836,2450.0
2024-07-03 11:23:00,MDXG,6.75,6.75,6.755000114440918,6.75,6.755000114440918,1075.0
2024-07-03 11:23:00,ME,0.4016999900341034,0.4016999900341034,0.4025999903678894,0.4016999900341034,0.4025999903678894,390.0
2024-07-03 11:23:00,MESO,6.789299964904785,6.789299964904785,6.789299964904785,6.789299964904785,6.789299964904785,209.0
2024-07-03 11:23:00,MGNX,4.25,4.25,4.25,4.244999885559082,4.25,646.0
2024-07-03 11:23:00,MIRM,33.779998779296875,33.779998779296875,33.83000183105469,33.779998779296875,33.83000183105469,802.0
2024-07-03 11:23:00,MLTX,41.08000183105469,41.08000183105469,41.130001068115234,40.95500183105469,40.95500183105469,2164.0
2024-07-03 11:23:00,MMSI,85.93000030517578,85.93000030517578,85.93000030517578,85.93000030517578,85.93000030517578,1188.0
2024-07-03 11:23:00,MNKD,5.054999828338623,5.054999828338623,5.054999828338623,5.054999828338623,5.054999828338623,1594.0
2024-07-03 11:23:00,MNMD,7.170000076293945,7.170000076293945,7.184999942779541,7.133999824523926,7.179999828338623,9067.0
2024-07-03 11:23:00,MOR,18.209999084472656,18.209999084472656,18.21500015258789,18.200000762939453,18.21500015258789,8848.0
2024-07-03 11:23:00,MORF,31.895000457763672,31.895000457763672,31.895000457763672,31.895000457763672,31.895000457763672,300.0
2024-07-03 11:23:00,MREO,3.5199999809265137,3.5199999809265137,3.5199999809265137,3.5199999809265137,3.5199999809265137,1457.0
2024-07-03 11:23:00,MRNA,116.30999755859375,116.30999755859375,116.39199829101562,116.23999786376953,116.25,2949.0
2024-07-03 11:23:00,MRSN,1.8600000143051147,1.8600000143051147,1.8600000143051147,1.8600000143051147,1.8600000143051147,312.0
2024-07-03 11:23:00,MRUS,52.220001220703125,52.220001220703125,52.33000183105469,52.220001220703125,52.33000183105469,1360.0
2024-07-03 11:23:00,MRVI,6.789999961853027,6.789999961853027,6.800000190734863,6.789999961853027,6.800000190734863,5113.0
2024-07-03 11:23:00,MXCT,3.6700000762939453,3.6700000762939453,3.680000066757202,3.6649999618530273,3.680000066757202,2459.0
2024-07-03 11:23:00,MYGN,24.975000381469727,24.975000381469727,24.975000381469727,24.975000381469727,24.975000381469727,283.0
2024-07-03 11:23:00,NARI,49.451698303222656,49.451698303222656,49.451698303222656,49.451698303222656,49.451698303222656,659.0
2024-07-03 11:23:00,NBIX,138.7100067138672,138.7100067138672,138.7100067138672,138.69000244140625,138.69000244140625,247.0
2024-07-03 11:23:00,NDRA,0.0925000011920929,0.0925000011920929,0.09279999881982803,0.09210000187158585,0.09239999949932098,79637.0
2024-07-03 11:23:00,NKTR,1.25,1.25,1.25,1.2450000047683716,1.25,2377.0
2024-07-03 11:23:00,NKTX,5.349999904632568,5.349999904632568,5.349999904632568,5.349999904632568,5.349999904632568,242.0
2024-07-03 11:23:00,NNOX,6.989999771118164,6.989999771118164,6.989999771118164,6.975100040435791,6.975100040435791,2563.0
2024-07-03 11:23:00,NRIX,19.700000762939453,19.700000762939453,19.760000228881836,19.68000030517578,19.700000762939453,5489.0
2024-07-03 11:23:00,NRSN,1.3198000192642212,1.3198000192642212,1.3200000524520874,1.3198000192642212,1.3200000524520874,220.0
2024-07-03 11:23:00,NTLA,22.650699615478516,22.650699615478516,22.650699615478516,22.650699615478516,22.650699615478516,276.0
2024-07-03 11:23:00,NTRA,111.20999908447266,111.20999908447266,111.20999908447266,111.19999694824219,111.19999694824219,727.0
2024-07-03 11:23:00,NTRB,5.619999885559082,5.619999885559082,5.619999885559082,5.619999885559082,5.619999885559082,300.0
2024-07-03 11:23:00,NUTX,5.21999979019165,5.21999979019165,5.21999979019165,5.21999979019165,5.21999979019165,270.0
2024-07-03 11:23:00,NUVL,72.15499877929688,72.15499877929688,72.15499877929688,72.15499877929688,72.15499877929688,2909.0
2024-07-03 11:23:00,NVAX,12.689900398254395,12.689900398254395,12.689900398254395,12.689499855041504,12.689499855041504,459.0
2024-07-03 11:23:00,NVCR,16.729999542236328,16.729999542236328,16.729999542236328,16.700000762939453,16.700000762939453,1047.0
2024-07-03 11:23:00,NVCT,6.199999809265137,6.199999809265137,6.199999809265137,6.199999809265137,6.199999809265137,731.0
2024-07-03 11:23:00,NVOS,0.7599999904632568,0.7599999904632568,0.7599999904632568,0.7599999904632568,0.7599999904632568,200.0
2024-07-03 11:23:00,NXL,1.3901000022888184,1.3901000022888184,1.3901000022888184,1.3901000022888184,1.3901000022888184,300.0
2024-07-03 11:23:00,NXTC,1.590000033378601,1.590000033378601,1.590000033378601,1.590000033378601,1.590000033378601,217.0
2024-07-03 11:23:00,OCGN,1.6150000095367432,1.6150000095367432,1.6150000095367432,1.6100000143051147,1.6150000095367432,782.0
2024-07-03 11:23:00,OCUL,6.684999942779541,6.684999942779541,6.690000057220459,6.684999942779541,6.690000057220459,1756.0
2024-07-03 11:23:00,OFIX,13.420000076293945,13.420000076293945,13.420000076293945,13.420000076293945,13.420000076293945,1228.0
2024-07-03 11:23:00,OLMA,10.640000343322754,10.640000343322754,10.640000343322754,10.625,10.625,231.0
2024-07-03 11:23:00,OM,3.875,3.875,3.875,3.875,3.875,578.0
2024-07-03 11:23:00,OMCL,26.639999389648438,26.639999389648438,26.639999389648438,26.6299991607666,26.6299991607666,569.0
2024-07-03 11:23:00,OMER,3.859999895095825,3.859999895095825,3.859999895095825,3.859999895095825,3.859999895095825,331.0
2024-07-03 11:24:00,AADI,1.375,1.375,1.375,1.375,1.375,306.0
2024-07-03 11:24:00,ABEO,4.264999866485596,4.264999866485596,4.264999866485596,4.264999866485596,4.264999866485596,200.0
2024-07-03 11:24:00,ABOS,2.3299999237060547,2.3299999237060547,2.3299999237060547,2.309999942779541,2.309999942779541,1942.0
2024-07-03 11:24:00,ABSI,3.1800999641418457,3.1800999641418457,3.200000047683716,3.180000066757202,3.200000047683716,6645.0
2024-07-03 11:24:00,ABUS,3.1603000164031982,3.1603000164031982,3.1649999618530273,3.1603000164031982,3.1649999618530273,1220.0
2024-07-03 11:24:00,ACAD,15.600000381469727,15.600000381469727,15.600000381469727,15.600000381469727,15.600000381469727,686.0
2024-07-03 11:24:00,ACB,4.864299774169922,4.864299774169922,4.864299774169922,4.864299774169922,4.864299774169922,2208.0
2024-07-03 11:24:00,ACCD,3.555000066757202,3.555000066757202,3.555000066757202,3.549999952316284,3.5501999855041504,1301.0
2024-07-03 11:24:00,ACET,1.0549999475479126,1.0549999475479126,1.058500051498413,1.0549999475479126,1.0549999475479126,418.0
2024-07-03 11:24:00,ACHV,4.489999771118164,4.489999771118164,4.489999771118164,4.489999771118164,4.489999771118164,485.0
2024-07-03 11:24:00,ACIU,3.8299999237060547,3.8299999237060547,3.8299999237060547,3.8299999237060547,3.8299999237060547,1287.0
2024-07-03 11:24:00,ACRS,1.149999976158142,1.149999976158142,1.149999976158142,1.149999976158142,1.149999976158142,404.0
2024-07-03 11:24:00,ADAP,1.0199999809265137,1.0199999809265137,1.0299999713897705,1.0199999809265137,1.0199999809265137,803.0
2024-07-03 11:24:00,ADMA,11.272000312805176,11.272000312805176,11.274999618530273,11.272000312805176,11.274999618530273,1089.0
2024-07-03 11:24:00,ADPT,3.384999990463257,3.384999990463257,3.3949999809265137,3.384999990463257,3.3949999809265137,3247.0
2024-07-03 11:24:00,ADVM,7.065000057220459,7.065000057220459,7.065000057220459,7.050000190734863,7.050000190734863,814.0
2024-07-03 11:24:00,AEMD,0.4115000069141388,0.4115000069141388,0.4115000069141388,0.4115000069141388,0.4115000069141388,450.0
2024-07-03 11:24:00,AHCO,9.789999961853027,9.789999961853027,9.789999961853027,9.760000228881836,9.760000228881836,1511.0
2024-07-03 11:24:00,AIMD,0.8273000121116638,0.8273000121116638,0.8273000121116638,0.8273000121116638,0.8273000121116638,826.0
2024-07-03 11:24:00,ALDX,3.1849000453948975,3.1849000453948975,3.1849000453948975,3.174999952316284,3.1754000186920166,8608.0
2024-07-03 11:24:00,ALEC,4.449999809265137,4.449999809265137,4.449999809265137,4.449999809265137,4.449999809265137,200.0
2024-07-03 11:24:00,ALGN,240.63999938964844,240.63999938964844,240.75,240.5500030517578,240.5500030517578,723.0
2024-07-03 11:24:00,ALGS,0.4268999993801117,0.4268999993801117,0.4268999993801117,0.4259999990463257,0.4259999990463257,567.0
2024-07-03 11:24:00,ALHC,8.0,8.0,8.010000228881836,8.0,8.010000228881836,762.0
2024-07-03 11:24:00,ALKS,24.274999618530273,24.274999618530273,24.274999618530273,24.270000457763672,24.270000457763672,628.0
2024-07-03 11:24:00,ALLO,2.134999990463257,2.134999990463257,2.1449999809265137,2.134999990463257,2.1449999809265137,6907.0
2024-07-03 11:24:00,ALLR,0.2029999941587448,0.2029999941587448,0.20489999651908875,0.20250000059604645,0.20250000059604645,9113.0
2024-07-03 11:24:00,ALT,6.739999771118164,6.739999771118164,6.75,6.696000099182129,6.70389986038208,92711.0
2024-07-03 11:24:00,ALXO,5.860000133514404,5.860000133514404,5.860000133514404,5.860000133514404,5.860000133514404,350.0
2024-07-03 11:24:00,AMED,96.98999786376953,96.98999786376953,96.98999786376953,96.98999786376953,96.98999786376953,1192.0
2024-07-03 11:24:00,AMGN,307.4200134277344,307.4200134277344,307.4200134277344,307.1099853515625,307.1099853515625,2331.0
2024-07-03 11:24:00,AMLX,1.7599999904632568,1.7599999904632568,1.7599999904632568,1.7549999952316284,1.7549999952316284,2424.0
2024-07-03 11:24:00,AMPH,38.380001068115234,38.380001068115234,38.400001525878906,38.380001068115234,38.400001525878906,1330.0
2024-07-03 11:24:00,ANAB,25.010000228881836,25.010000228881836,25.020000457763672,25.0,25.0,2103.0
2024-07-03 11:24:00,ANGO,5.670000076293945,5.670000076293945,5.670000076293945,5.670000076293945,5.670000076293945,336.0
2024-07-03 11:24:00,ANNX,4.764999866485596,4.764999866485596,4.769999980926514,4.764999866485596,4.769999980926514,1398.0
2024-07-03 11:24:00,ANTX,2.5399999618530273,2.5399999618530273,2.549299955368042,2.5399999618530273,2.549299955368042,1672.0
2024-07-03 11:24:00,APDN,0.4000000059604645,0.4000000059604645,0.4000000059604645,0.3995000123977661,0.3995000123977661,4720.0
2024-07-03 11:24:00,APLS,35.529998779296875,35.529998779296875,35.529998779296875,35.36000061035156,35.42499923706055,1962.0
2024-07-03 11:24:00,APLT,4.349999904632568,4.349999904632568,4.349999904632568,4.349999904632568,4.349999904632568,844.0
2024-07-03 11:24:00,AQST,2.4149999618530273,2.4149999618530273,2.4149999618530273,2.4100000858306885,2.4100000858306885,7048.0
2024-07-03 11:24:00,ARCT,21.459999084472656,21.459999084472656,21.510000228881836,21.40999984741211,21.40999984741211,2583.0
2024-07-03 11:24:00,ARDX,5.224999904632568,5.224999904632568,5.230000019073486,5.220099925994873,5.228000164031982,3874.0
2024-07-03 11:24:00,ARQT,9.710000038146973,9.710000038146973,9.710000038146973,9.694999694824219,9.699999809265137,9631.0
2024-07-03 11:24:00,ARVN,24.149999618530273,24.149999618530273,24.25,24.149999618530273,24.25,3055.0
2024-07-03 11:24:00,ARWR,25.450000762939453,25.450000762939453,25.450000762939453,25.450000762939453,25.450000762939453,200.0
2024-07-03 11:24:00,ASND,135.43499755859375,135.43499755859375,135.43499755859375,135.43499755859375,135.43499755859375,105.0
2024-07-03 11:24:00,ASRT,1.3207000494003296,1.3207000494003296,1.3207000494003296,1.3207000494003296,1.3207000494003296,613.0
2024-07-03 11:24:00,ATAI,1.2949999570846558,1.2949999570846558,1.2949999570846558,1.2949999570846558,1.2949999570846558,200.0
2024-07-03 11:24:00,ATEC,9.989999771118164,9.989999771118164,9.989999771118164,9.989999771118164,9.989999771118164,1085.0
2024-07-03 11:24:00,ATOS,1.159999966621399,1.159999966621399,1.159999966621399,1.1598999500274658,1.1598999500274658,1179.0
2024-07-03 11:24:00,AUGX,1.0,1.0,1.0,1.0,1.0,0.0
2024-07-03 11:24:00,AUPH,5.474999904632568,5.474999904632568,5.474999904632568,5.46999979019165,5.46999979019165,1807.0
2024-07-03 11:24:00,AURA,7.019999980926514,7.019999980926514,7.019999980926514,7.019999980926514,7.019999980926514,259.0
2024-07-03 11:24:00,AVDL,14.449999809265137,14.449999809265137,14.449999809265137,14.4399995803833,14.4399995803833,902.0
2024-07-03 11:24:00,AVIR,3.315000057220459,3.315000057220459,3.315000057220459,3.315000057220459,3.315000057220459,200.0
2024-07-03 11:24:00,AVTE,1.6299999952316284,1.6299999952316284,1.6299999952316284,1.6200000047683716,1.6200000047683716,2880.0
2024-07-03 11:24:00,AVXL,4.224999904632568,4.224999904632568,4.224999904632568,4.224999904632568,4.224999904632568,687.0
2024-07-03 11:24:00,AXSM,79.93000030517578,79.93000030517578,79.93000030517578,79.93000030517578,79.93000030517578,1045.0
2024-07-03 11:24:00,AZN,76.75499725341797,76.75499725341797,76.76000213623047,76.74500274658203,76.75499725341797,6603.0
2024-07-03 11:24:00,BBIO,25.309999465942383,25.309999465942383,25.309999465942383,25.30500030517578,25.30500030517578,817.0
2024-07-03 11:24:00,BCAB,1.3799999952316284,1.3799999952316284,1.3799999952316284,1.3700000047683716,1.3700000047683716,1329.0
2024-07-03 11:24:00,BDTX,4.340000152587891,4.340000152587891,4.340000152587891,4.340000152587891,4.340000152587891,304.0
2024-07-03 11:24:00,BEAM,23.729999542236328,23.729999542236328,23.75,23.709999084472656,23.75,2625.0
2024-07-03 11:24:00,BIIB,224.0,224.0,224.1199951171875,223.52000427246094,223.5800018310547,13664.0
2024-07-03 11:24:00,BIOR,0.6258000135421753,0.6258000135421753,0.6263999938964844,0.6258000135421753,0.6262000203132629,8656.0
2024-07-03 11:24:00,BJDX,0.6334999799728394,0.6334999799728394,0.6334999799728394,0.633400022983551,0.6334999799728394,918.0
2024-07-03 11:24:00,BLUE,0.9355999827384949,0.9355999827384949,0.935699999332428,0.9351999759674072,0.935699999332428,49847.0
2024-07-03 11:24:00,BMRN,81.30999755859375,81.30999755859375,81.30999755859375,81.30999755859375,81.30999755859375,410.0
2024-07-03 11:24:00,BNGO,0.5576000213623047,0.5576000213623047,0.5576000213623047,0.5576000213623047,0.5576000213623047,3547.0
2024-07-03 11:24:00,BNTX,80.05000305175781,80.05000305175781,80.0999984741211,80.05000305175781,80.0999984741211,534.0
2024-07-03 11:24:00,BPMC,110.81999969482422,110.81999969482422,110.81999969482422,110.81999969482422,110.81999969482422,199.0
2024-07-03 11:24:00,BRKR,61.599998474121094,61.599998474121094,61.630001068115234,61.599998474121094,61.630001068115234,956.0
2024-07-03 11:24:00,BTAI,1.090000033378601,1.090000033378601,1.090000033378601,1.090000033378601,1.090000033378601,350.0
2024-07-03 11:24:00,BYSI,2.5,2.5,2.5,2.5,2.5,0.0
2024-07-03 11:24:00,CABA,7.659999847412109,7.659999847412109,7.659999847412109,7.659999847412109,7.659999847412109,219.0
2024-07-03 11:24:00,CADL,6.260000228881836,6.260000228881836,6.260000228881836,6.260000228881836,6.260000228881836,379.0
2024-07-03 11:24:00,CARA,0.28600001335144043,0.28600001335144043,0.28600001335144043,0.28600001335144043,0.28600001335144043,218.0
2024-07-03 11:24:00,CASI,5.289899826049805,5.289899826049805,5.289899826049805,5.289899826049805,5.289899826049805,980.0
2024-07-03 11:24:00,CCCC,4.675000190734863,4.675000190734863,4.679999828338623,4.675000190734863,4.675000190734863,2049.0
2024-07-03 11:24:00,CCRN,13.710000038146973,13.710000038146973,13.720000267028809,13.710000038146973,13.710000038146973,1164.0
2024-07-03 11:24:00,CDMO,7.550000190734863,7.550000190734863,7.550000190734863,7.53000020980835,7.53000020980835,2380.0
2024-07-03 11:24:00,CDXS,2.880000114440918,2.880000114440918,2.880000114440918,2.880000114440918,2.880000114440918,100.0
2024-07-03 11:24:00,CELC,16.274999618530273,16.274999618530273,16.274999618530273,16.274999618530273,16.274999618530273,103.0
2024-07-03 11:24:00,CERE,40.66999816894531,40.66999816894531,40.720001220703125,40.560001373291016,40.560001373291016,16377.0
2024-07-03 11:24:00,CERS,1.7200000286102295,1.7200000286102295,1.7200000286102295,1.7200000286102295,1.7200000286102295,203.0
2024-07-03 11:24:00,CGC,6.510000228881836,6.510000228881836,6.519400119781494,6.505000114440918,6.519400119781494,4352.0
2024-07-03 11:24:00,CGEM,16.8700008392334,16.8700008392334,16.920000076293945,16.84000015258789,16.8799991607666,1981.0
2024-07-03 11:24:00,CGEN,1.6549999713897705,1.6549999713897705,1.6549999713897705,1.6549999713897705,1.6549999713897705,745.0
2024-07-03 11:24:00,CKPT,2.2009999752044678,2.2009999752044678,2.2009999752044678,2.2004001140594482,2.2004001140594482,7061.0
2024-07-03 11:24:00,CLOV,1.246399998664856,1.246399998664856,1.246399998664856,1.24590003490448,1.24590003490448,3511.0
2024-07-03 11:24:00,CMAX,2.200000047683716,2.200000047683716,2.200000047683716,2.200000047683716,2.200000047683716,200.0
2024-07-03 11:24:00,CMPS,6.300000190734863,6.300000190734863,6.300000190734863,6.300000190734863,6.300000190734863,175.0
2024-07-03 11:24:00,CNSP,1.399899959564209,1.399899959564209,1.4500000476837158,1.3899999856948853,1.3901000022888184,561023.0
2024-07-03 11:24:00,COGT,8.555000305175781,8.555000305175781,8.569999694824219,8.555000305175781,8.569999694824219,524.0
2024-07-03 11:24:00,CORT,30.350000381469727,30.350000381469727,30.360000610351562,30.329999923706055,30.350000381469727,6070.0
2024-07-03 11:24:00,COSM,0.9402999877929688,0.9402999877929688,0.9430999755859375,0.9402999877929688,0.9430999755859375,1690.0
2024-07-03 11:24:00,CPRX,15.520000457763672,15.520000457763672,15.520000457763672,15.520000457763672,15.520000457763672,265.0
2024-07-03 11:24:00,CRBP,49.349998474121094,49.349998474121094,49.349998474121094,49.34000015258789,49.34000015258789,826.0
2024-07-03 11:24:00,CRBU,1.5800000429153442,1.5800000429153442,1.5800000429153442,1.5750000476837158,1.5750000476837158,11025.0
2024-07-03 11:24:00,CRDF,2.2499001026153564,2.2499001026153564,2.2499001026153564,2.237299919128418,2.237299919128418,2154.0
2024-07-03 11:24:00,CRNX,45.09000015258789,45.09000015258789,45.09000015258789,45.06999969482422,45.09000015258789,1071.0
2024-07-03 11:24:00,CRON,2.3097000122070312,2.3097000122070312,2.3097000122070312,2.3097000122070312,2.3097000122070312,200.0
2024-07-03 11:24:00,CRSP,53.775001525878906,53.775001525878906,53.779998779296875,53.775001525878906,53.775001525878906,1471.0
2024-07-03 11:24:00,CTKB,5.639999866485596,5.639999866485596,5.639999866485596,5.635000228881836,5.635000228881836,7074.0
2024-07-03 11:24:00,CTMX,1.3350000381469727,1.3350000381469727,1.340000033378601,1.3350000381469727,1.340000033378601,3888.0
2024-07-03 11:24:00,CTXR,0.5022000074386597,0.5022000074386597,0.5033000111579895,0.5009999871253967,0.5022000074386597,97901.0
2024-07-03 11:24:00,CUTR,1.3200000524520874,1.3200000524520874,1.3209999799728394,1.3200000524520874,1.3200000524520874,6979.0
2024-07-03 11:24:00,CVAC,3.3499999046325684,3.3499999046325684,3.3949999809265137,3.3499999046325684,3.365000009536743,20918.0
2024-07-03 11:24:00,CYTK,54.630001068115234,54.630001068115234,54.630001068115234,54.619998931884766,54.619998931884766,676.0
2024-07-03 11:24:00,DAWN,13.350000381469727,13.350000381469727,13.350000381469727,13.350000381469727,13.350000381469727,200.0
2024-07-03 11:24:00,DNLI,21.489999771118164,21.489999771118164,21.520000457763672,21.489999771118164,21.520000457763672,3276.0
2024-07-03 11:24:00,DSGN,3.259999990463257,3.259999990463257,3.259999990463257,3.25,3.259999990463257,30517.0
2024-07-03 11:24:00,DVAX,11.074999809265137,11.074999809265137,11.079999923706055,11.074999809265137,11.079999923706055,529.0
2024-07-03 11:24:00,DYN,34.55500030517578,34.55500030517578,34.55500030517578,34.55500030517578,34.55500030517578,108.0
2024-07-03 11:24:00,EDIT,4.675000190734863,4.675000190734863,4.675000190734863,4.675000190734863,4.675000190734863,1180.0
2024-07-03 11:24:00,EOLS,10.920000076293945,10.920000076293945,10.920000076293945,10.920000076293945,10.920000076293945,204.0
2024-07-03 11:24:00,ESPR,2.3499999046325684,2.3499999046325684,2.3499999046325684,2.3499999046325684,2.3499999046325684,997.0
2024-07-03 11:24:00,ESTA,43.45000076293945,43.45000076293945,43.45000076293945,43.45000076293945,43.45000076293945,698.0
2024-07-03 11:24:00,ETNB,7.5,7.5,7.510000228881836,7.489999771118164,7.5,4025.0
2024-07-03 11:24:00,EXAS,43.09000015258789,43.09000015258789,43.09000015258789,43.09000015258789,43.09000015258789,513.0
2024-07-03 11:24:00,EXEL,21.985000610351562,21.985000610351562,21.985000610351562,21.969999313354492,21.969999313354492,2011.0
2024-07-03 11:24:00,EYEN,0.7649999856948853,0.7649999856948853,0.7649999856948853,0.7649999856948853,0.7649999856948853,302.0
2024-07-03 11:24:00,EYPT,8.359999656677246,8.359999656677246,8.359999656677246,8.34000015258789,8.34000015258789,1058.0
2024-07-03 11:24:00,FATE,3.194999933242798,3.194999933242798,3.194999933242798,3.190000057220459,3.190000057220459,2590.0
2024-07-03 11:24:00,FGEN,0.7120000123977661,0.7120000123977661,0.7143999934196472,0.7120000123977661,0.7120000123977661,2946.0
2024-07-03 11:24:00,FHTX,5.565000057220459,5.565000057220459,5.565000057220459,5.510000228881836,5.510000228881836,253.0
2024-07-03 11:24:00,FOLD,9.90999984741211,9.90999984741211,9.90999984741211,9.904999732971191,9.90999984741211,2254.0
2024-07-03 11:24:00,FONR,16.010000228881836,16.010000228881836,16.010000228881836,16.010000228881836,16.010000228881836,292.0
2024-07-03 11:24:00,FULC,6.144999980926514,6.144999980926514,6.144999980926514,6.144999980926514,6.144999980926514,537.0
2024-07-03 11:24:00,GALT,2.190000057220459,2.190000057220459,2.190000057220459,2.190000057220459,2.190000057220459,250.0
2024-07-03 11:24:00,GDRX,7.855000019073486,7.855000019073486,7.864999771118164,7.855000019073486,7.864999771118164,1160.0
2024-07-03 11:24:00,GERN,4.324999809265137,4.324999809265137,4.324999809265137,4.324900150299072,4.324999809265137,3995.0
2024-07-03 11:24:00,GH,28.354999542236328,28.354999542236328,28.3799991607666,28.348100662231445,28.3799991607666,3360.0
2024-07-03 11:24:00,GHRS,11.625,11.625,11.625,11.625,11.625,1200.0
2024-07-03 11:24:00,GILD,67.26300048828125,67.26300048828125,67.27999877929688,67.2300033569336,67.23280334472656,15158.0
2024-07-03 11:24:00,GOSS,0.9415000081062317,0.9415000081062317,0.9415000081062317,0.9415000081062317,0.9415000081062317,1751.0
2024-07-03 11:24:00,GOVX,2.9700000286102295,2.9700000286102295,2.9700000286102295,2.940000057220459,2.940000057220459,3476.0
2024-07-03 11:24:00,GRFS,6.675000190734863,6.675000190734863,6.675000190734863,6.670000076293945,6.675000190734863,424.0
2024-07-03 11:24:00,GTHX,2.5,2.5,2.5,2.5,2.5,291.0
2024-07-03 11:24:00,HALO,51.92499923706055,51.92499923706055,51.935001373291016,51.90999984741211,51.90999984741211,1849.0
2024-07-03 11:24:00,HBIO,2.7672998905181885,2.7672998905181885,2.7672998905181885,2.7672998905181885,2.7672998905181885,354.0
2024-07-03 11:24:00,HCAT,6.179999828338623,6.179999828338623,6.190000057220459,6.179999828338623,6.190000057220459,1797.0
2024-07-03 11:24:00,HCSG,10.505000114440918,10.505000114440918,10.529999732971191,10.505000114440918,10.529999732971191,947.0
2024-07-03 11:24:00,HITI,2.1050000190734863,2.1050000190734863,2.1050000190734863,2.1050000190734863,2.1050000190734863,653.0
2024-07-03 11:24:00,HLVX,14.399999618530273,14.399999618530273,14.414999961853027,14.399999618530273,14.414999961853027,314.0
2024-07-03 11:24:00,HOLX,73.3499984741211,73.3499984741211,73.36000061035156,73.33999633789062,73.33999633789062,3474.0
2024-07-03 11:24:00,HOOK,0.5943999886512756,0.5943999886512756,0.5943999886512756,0.5943999886512756,0.5943999886512756,5999.0
2024-07-03 11:24:00,HQY,83.0,83.0,83.04000091552734,83.0,83.04000091552734,1099.0
2024-07-03 11:24:00,HRMY,30.329999923706055,30.329999923706055,30.329999923706055,30.329999923706055,30.329999923706055,747.0
2024-07-03 11:24:00,HRTX,2.7850000858306885,2.7850000858306885,2.7850000858306885,2.781899929046631,2.7850000858306885,1076.0
2024-07-03 11:24:00,HSCS,4.816400051116943,4.816400051116943,4.816400051116943,4.816400051116943,4.816400051116943,0.0
2024-07-03 11:24:00,HSIC,65.0,65.0,65.06999969482422,65.0,65.06999969482422,2593.0
2024-07-03 11:24:00,HUGE,0.1459999978542328,0.1459999978542328,0.1460999995470047,0.1459999978542328,0.1460999995470047,2325.0
2024-07-03 11:24:00,HUMA,5.730000019073486,5.730000019073486,5.739999771118164,5.690000057220459,5.690000057220459,4704.0
2024-07-03 11:24:00,IART,28.684999465942383,28.684999465942383,28.684999465942383,28.684999465942383,28.684999465942383,747.0
2024-07-03 11:24:00,IBRX,6.260000228881836,6.260000228881836,6.264999866485596,6.260000228881836,6.260000228881836,2058.0
2024-07-03 11:24:00,ICCM,0.7200000286102295,0.7200000286102295,0.7202000021934509,0.7200000286102295,0.7202000021934509,8055.0
2024-07-03 11:24:00,IDXX,477.5899963378906,477.5899963378906,477.5899963378906,477.5,477.5,1090.0
2024-07-03 11:24:00,IDYA,33.584999084472656,33.584999084472656,33.599998474121094,33.564998626708984,33.564998626708984,10275.0
2024-07-03 11:24:00,IFRX,1.659999966621399,1.659999966621399,1.659999966621399,1.659999966621399,1.659999966621399,200.0
2024-07-03 11:24:00,IINN,1.4478000402450562,1.4478000402450562,1.4478000402450562,1.409999966621399,1.409999966621399,12300.0
2024-07-03 11:24:00,ILMN,105.43000030517578,105.43000030517578,105.53500366210938,105.38999938964844,105.53500366210938,3660.0
2024-07-03 11:24:00,IMAB,1.5398999452590942,1.5398999452590942,1.5399999618530273,1.5398999452590942,1.5399999618530273,3445.0
2024-07-03 11:24:00,IMMX,2.369999885559082,2.369999885559082,2.4398999214172363,2.369999885559082,2.4398999214172363,10224.0
2024-07-03 11:24:00,IMNM,12.085000038146973,12.085000038146973,12.095000267028809,12.069999694824219,12.095000267028809,3806.0
2024-07-03 11:24:00,INCY,57.959999084472656,57.959999084472656,57.959999084472656,57.939998626708984,57.939998626708984,645.0
2024-07-03 11:24:00,INMD,17.600000381469727,17.600000381469727,17.600000381469727,17.56999969482422,17.56999969482422,1345.0
2024-07-03 11:24:00,INSM,61.97999954223633,61.97999954223633,62.005001068115234,61.90999984741211,61.90999984741211,13761.0
2024-07-03 11:24:00,INZY,4.465000152587891,4.465000152587891,4.465000152587891,4.465000152587891,4.465000152587891,213.0
2024-07-03 11:24:00,IONS,44.59000015258789,44.59000015258789,44.619998931884766,44.59000015258789,44.6150016784668,4197.0
2024-07-03 11:24:00,IOVA,7.621200084686279,7.621200084686279,7.627999782562256,7.621200084686279,7.62529993057251,8238.0
2024-07-03 11:24:00,IPHA,2.1665000915527344,2.1665000915527344,2.1665000915527344,2.1665000915527344,2.1665000915527344,1005.0
2024-07-03 11:24:00,IRWD,6.130000114440918,6.130000114440918,6.130000114440918,6.130000114440918,6.130000114440918,200.0
2024-07-03 11:24:00,ITCI,68.25,68.25,68.38999938964844,68.25,68.33999633789062,2414.0
2024-07-03 11:24:00,ITOS,14.670000076293945,14.670000076293945,14.670000076293945,14.670000076293945,14.670000076293945,630.0
2024-07-03 11:24:00,JAZZ,104.1500015258789,104.1500015258789,104.1500015258789,104.1500015258789,104.1500015258789,177.0
2024-07-03 11:24:00,KPTI,0.8449000120162964,0.8449000120162964,0.8449000120162964,0.8449000120162964,0.8449000120162964,1100.0
2024-07-03 11:24:00,KTRA,0.28850001096725464,0.28850001096725464,0.28850001096725464,0.28850001096725464,0.28850001096725464,13896.0
2024-07-03 11:24:00,KZR,0.5745000243186951,0.5745000243186951,0.5745000243186951,0.5745000243186951,0.5745000243186951,0.0
2024-07-03 11:24:00,LAB,1.7999999523162842,1.7999999523162842,1.7999999523162842,1.7899999618530273,1.7899999618530273,576.0
2024-07-03 11:24:00,LEGN,46.38999938964844,46.38999938964844,46.38999938964844,46.33000183105469,46.33000183105469,1332.0
2024-07-03 11:24:00,LEXX,2.599900007247925,2.599900007247925,2.599900007247925,2.5878000259399414,2.5878000259399414,1830.0
2024-07-03 11:24:00,LFMD,6.744999885559082,6.744999885559082,6.744999885559082,6.744999885559082,6.744999885559082,727.0
2024-07-03 11:24:00,LGND,82.75,82.75,82.75,82.73999786376953,82.73999786376953,966.0
2024-07-03 11:24:00,LGVN,1.5902999639511108,1.5902999639511108,1.5978000164031982,1.5902999639511108,1.5978000164031982,651.0
2024-07-03 11:24:00,LIVN,52.7400016784668,52.7400016784668,52.7400016784668,52.720001220703125,52.720001220703125,564.0
2024-07-03 11:24:00,LPTX,1.7999000549316406,1.7999000549316406,1.7999000549316406,1.7999000549316406,1.7999000549316406,100.0
2024-07-03 11:24:00,LRMR,7.730000019073486,7.730000019073486,7.730000019073486,7.730000019073486,7.730000019073486,415.0
2024-07-03 11:24:00,LUCY,0.4641000032424927,0.4641000032424927,0.4641000032424927,0.4641000032424927,0.4641000032424927,4173.0
2024-07-03 11:24:00,LXRX,1.600000023841858,1.600000023841858,1.6050000190734863,1.600000023841858,1.6050000190734863,1371.0
2024-07-03 11:24:00,LYRA,0.2858999967575073,0.2858999967575073,0.28679999709129333,0.2858000099658966,0.28679999709129333,20605.0
2024-07-03 11:24:00,MASI,115.02999877929688,115.02999877929688,115.02999877929688,115.02999877929688,115.02999877929688,252.0
2024-07-03 11:24:00,MBIO,0.4966999888420105,0.4966999888420105,0.4975000023841858,0.4966999888420105,0.4975000023841858,5110.0
2024-07-03 11:24:00,MCRB,0.7192999720573425,0.7192999720573425,0.7192999720573425,0.7192999720573425,0.7192999720573425,2019.0
2024-07-03 11:24:00,MDWD,14.880000114440918,14.880000114440918,14.880000114440918,14.880000114440918,14.880000114440918,200.0
2024-07-03 11:24:00,ME,0.40220001339912415,0.40220001339912415,0.4032999873161316,0.40220001339912415,0.40230000019073486,3050.0
2024-07-03 11:24:00,MEDP,405.8999938964844,405.8999938964844,405.8999938964844,405.8999938964844,405.8999938964844,563.0
2024-07-03 11:24:00,MESO,6.750899791717529,6.750899791717529,6.750899791717529,6.750899791717529,6.750899791717529,4147.0
2024-07-03 11:24:00,MGNX,4.25,4.25,4.25,4.244999885559082,4.25,969.0
2024-07-03 11:24:00,MIRM,33.709999084472656,33.709999084472656,33.78919982910156,33.709999084472656,33.779998779296875,5848.0
2024-07-03 11:24:00,MNKD,5.050000190734863,5.050000190734863,5.050000190734863,5.050000190734863,5.050000190734863,1280.0
2024-07-03 11:24:00,MNMD,7.170000076293945,7.170000076293945,7.170000076293945,7.170000076293945,7.170000076293945,1692.0
2024-07-03 11:24:00,MORF,31.950000762939453,31.950000762939453,31.950000762939453,31.90999984741211,31.90999984741211,922.0
2024-07-03 11:24:00,MREO,3.5199999809265137,3.5199999809265137,3.5199999809265137,3.5199999809265137,3.5199999809265137,1324.0
2024-07-03 11:24:00,MRNA,116.24919891357422,116.24919891357422,116.2699966430664,116.1803970336914,116.1803970336914,1973.0
2024-07-03 11:24:00,MRSN,1.8600000143051147,1.8600000143051147,1.8700000047683716,1.8600000143051147,1.8700000047683716,291.0
2024-07-03 11:24:00,MRVI,6.78000020980835,6.78000020980835,6.789999961853027,6.769999980926514,6.789999961853027,11387.0
2024-07-03 11:24:00,MYGN,25.010000228881836,25.010000228881836,25.010000228881836,25.0,25.0,1199.0
2024-07-03 11:24:00,NBIX,138.77999877929688,138.77999877929688,138.77999877929688,138.7100067138672,138.7100067138672,733.0
2024-07-03 11:24:00,NDRA,0.09309999644756317,0.09309999644756317,0.09369999915361404,0.09300000220537186,0.09369999915361404,29643.0
2024-07-03 11:24:00,NEO,13.680000305175781,13.680000305175781,13.680000305175781,13.680000305175781,13.680000305175781,704.0
2024-07-03 11:24:00,NEOG,15.229999542236328,15.229999542236328,15.229999542236328,15.229999542236328,15.229999542236328,2157.0
2024-07-03 11:24:00,NKTR,1.25,1.25,1.25,1.2450000047683716,1.25,2272.0
2024-07-03 11:24:00,NLSP,0.1995999962091446,0.1995999962091446,0.1995999962091446,0.19920000433921814,0.19920000433921814,741.0
2024-07-03 11:24:00,NRIX,19.700000762939453,19.700000762939453,19.704999923706055,19.700000762939453,19.704999923706055,238.0
2024-07-03 11:24:00,NTLA,22.700000762939453,22.700000762939453,22.700000762939453,22.684999465942383,22.690000534057617,1544.0
2024-07-03 11:24:00,NTRA,111.23999786376953,111.23999786376953,111.23999786376953,111.23999786376953,111.23999786376953,139.0
2024-07-03 11:24:00,NTRB,5.679999828338623,5.679999828338623,5.679999828338623,5.679999828338623,5.679999828338623,294.0
2024-07-03 11:24:00,NUTX,5.21999979019165,5.21999979019165,5.21999979019165,5.21999979019165,5.21999979019165,311.0
2024-07-03 11:24:00,NVAX,12.68239974975586,12.68239974975586,12.699899673461914,12.680000305175781,12.680000305175781,15229.0
2024-07-03 11:24:00,NVCR,16.735000610351562,16.735000610351562,16.735000610351562,16.735000610351562,16.735000610351562,1334.0
2024-07-03 11:24:00,OCGN,1.6150000095367432,1.6150000095367432,1.6200000047683716,1.6150000095367432,1.6200000047683716,1103.0
2024-07-03 11:24:00,OCUL,6.690000057220459,6.690000057220459,6.690000057220459,6.690000057220459,6.690000057220459,2943.0
2024-07-03 11:24:00,OLMA,10.625,10.625,10.640000343322754,10.625,10.640000343322754,819.0
2024-07-03 11:24:00,OM,3.869999885559082,3.869999885559082,3.869999885559082,3.869999885559082,3.869999885559082,139.0
2024-07-03 11:24:00,OMER,3.859999895095825,3.859999895095825,3.859999895095825,3.859999895095825,3.859999895095825,102.0
2024-07-03 11:24:00,OMGA,1.975000023841858,1.975000023841858,1.9900000095367432,1.9716999530792236,1.9900000095367432,673.0
2024-07-03 11:24:00,OMIC,8.670000076293945,8.670000076293945,8.670000076293945,8.670000076293945,8.670000076293945,147.0
2024-07-03 11:25:00,ABCL,2.734999895095825,2.734999895095825,2.734999895095825,2.734999895095825,2.734999895095825,377.0
2024-07-03 11:25:00,ABOS,2.3299999237060547,2.3299999237060547,2.3299999237060547,2.3299999237060547,2.3299999237060547,196.0
2024-07-03 11:25:00,ABSI,3.2200000286102295,3.2200000286102295,3.2200000286102295,3.190000057220459,3.190000057220459,7348.0
2024-07-03 11:25:00,ABVC,0.7202000021934509,0.7202000021934509,0.7202000021934509,0.7202000021934509,0.7202000021934509,200.0
2024-07-03 11:25:00,ACAD,15.600000381469727,15.600000381469727,15.600000381469727,15.600000381469727,15.600000381469727,315.0
2024-07-03 11:25:00,ACB,4.864999771118164,4.864999771118164,4.864999771118164,4.864999771118164,4.864999771118164,1036.0
2024-07-03 11:25:00,ACCD,3.555000066757202,3.555000066757202,3.555000066757202,3.555000066757202,3.555000066757202,252.0
2024-07-03 11:25:00,ACET,1.059999942779541,1.059999942779541,1.059999942779541,1.0501999855041504,1.059999942779541,4434.0
2024-07-03 11:25:00,ACHC,66.62999725341797,66.62999725341797,66.63999938964844,66.62999725341797,66.63999938964844,351.0
2024-07-03 11:25:00,ACRS,1.149999976158142,1.149999976158142,1.149999976158142,1.149999976158142,1.149999976158142,804.0
2024-07-03 11:25:00,ADAP,1.0299999713897705,1.0299999713897705,1.0299999713897705,1.0299999713897705,1.0299999713897705,301.0
2024-07-03 11:25:00,ADMA,11.279999732971191,11.279999732971191,11.279999732971191,11.279999732971191,11.279999732971191,834.0
2024-07-03 11:25:00,ADTX,1.5,1.5,1.5,1.5,1.5,230.0
2024-07-03 11:25:00,AEMD,0.41260001063346863,0.41260001063346863,0.41260001063346863,0.41260001063346863,0.41260001063346863,100.0
2024-07-03 11:25:00,AGEN,14.404999732971191,14.404999732971191,14.404999732971191,14.404999732971191,14.404999732971191,872.0
2024-07-03 11:25:00,AHCO,9.75,9.75,9.789999961853027,9.75,9.789999961853027,3288.0
2024-07-03 11:25:00,AIMD,0.8273000121116638,0.8273000121116638,0.8273000121116638,0.8273000121116638,0.8273000121116638,704.0
2024-07-03 11:25:00,AKRO,22.084999084472656,22.084999084472656,22.084999084472656,22.084999084472656,22.084999084472656,371.0
2024-07-03 11:25:00,AKYA,2.1600000858306885,2.1600000858306885,2.1600000858306885,2.1600000858306885,2.1600000858306885,240.0
2024-07-03 11:25:00,ALEC,4.449999809265137,4.449999809265137,4.449999809265137,4.449999809265137,4.449999809265137,209.0
2024-07-03 11:25:00,ALGN,240.625,240.625,240.625,240.625,240.625,955.0
2024-07-03 11:25:00,ALHC,8.0,8.0,8.0,8.0,8.0,934.0
2024-07-03 11:25:00,ALIM,5.525000095367432,5.525000095367432,5.525000095367432,5.525000095367432,5.525000095367432,550.0
2024-07-03 11:25:00,ALKS,24.274999618530273,24.274999618530273,24.274999618530273,24.270000457763672,24.270000457763672,1200.0
2024-07-03 11:25:00,ALLO,2.130000114440918,2.130000114440918,2.130000114440918,2.130000114440918,2.130000114440918,443.0
2024-07-03 11:25:00,ALLR,0.2029999941587448,0.2029999941587448,0.20399999618530273,0.2029999941587448,0.20399999618530273,0.0
2024-07-03 11:25:00,ALNY,246.9499969482422,246.9499969482422,246.9499969482422,246.80499267578125,246.92999267578125,15051.0
2024-07-03 11:25:00,ALRN,2.7799999713897705,2.7799999713897705,2.7799999713897705,2.7799999713897705,2.7799999713897705,57.0
2024-07-03 11:25:00,ALT,6.735000133514404,6.735000133514404,6.735000133514404,6.735000133514404,6.735000133514404,205.0
2024-07-03 11:25:00,ALXO,5.860000133514404,5.860000133514404,5.860000133514404,5.860000133514404,5.860000133514404,958.0
2024-07-03 11:25:00,AMED,96.98999786376953,96.98999786376953,96.98999786376953,96.98999786376953,96.98999786376953,408.0
2024-07-03 11:25:00,AMGN,307.32000732421875,307.32000732421875,307.32000732421875,307.32000732421875,307.32000732421875,361.0
2024-07-03 11:25:00,ANAB,25.024999618530273,25.024999618530273,25.024999618530273,25.024999618530273,25.024999618530273,200.0
2024-07-03 11:25:00,ANNX,4.764999866485596,4.764999866485596,4.769800186157227,4.764999866485596,4.764999866485596,1533.0
2024-07-03 11:25:00,APDN,0.4000000059604645,0.4000000059604645,0.4000000059604645,0.4000000059604645,0.4000000059604645,2000.0
2024-07-03 11:25:00,APLT,4.349999904632568,4.349999904632568,4.355000019073486,4.349999904632568,4.355000019073486,1005.0
2024-07-03 11:25:00,AQST,2.424999952316284,2.424999952316284,2.424999952316284,2.4200000762939453,2.4200000762939453,7038.0
2024-07-03 11:25:00,ARCT,21.530000686645508,21.530000686645508,21.530000686645508,21.510000228881836,21.510000228881836,544.0
2024-07-03 11:25:00,ARDX,5.224999904632568,5.224999904632568,5.224999904632568,5.220099925994873,5.224999904632568,5129.0
2024-07-03 11:25:00,ARQT,9.710000038146973,9.710000038146973,9.734999656677246,9.702799797058105,9.709400177001953,12390.0
2024-07-03 11:25:00,ARVN,24.190000534057617,24.190000534057617,24.190000534057617,24.190000534057617,24.190000534057617,336.0
2024-07-03 11:25:00,ARWR,25.440000534057617,25.440000534057617,25.454999923706055,25.440000534057617,25.454999923706055,466.0
2024-07-03 11:25:00,ASND,135.43499755859375,135.43499755859375,135.43499755859375,135.43499755859375,135.43499755859375,118.0
2024-07-03 11:25:00,ASRT,1.3294999599456787,1.3294999599456787,1.3294999599456787,1.3250000476837158,1.3250000476837158,1618.0
2024-07-03 11:25:00,ATAI,1.2899999618530273,1.2899999618530273,1.2899999618530273,1.2899999618530273,1.2899999618530273,600.0
2024-07-03 11:25:00,ATOS,1.1552000045776367,1.1552000045776367,1.159999966621399,1.1552000045776367,1.1598999500274658,10252.0
2024-07-03 11:25:00,AUPH,5.474999904632568,5.474999904632568,5.474999904632568,5.474999904632568,5.474999904632568,409.0
2024-07-03 11:25:00,AVDL,14.460000038146973,14.460000038146973,14.460000038146973,14.444999694824219,14.444999694824219,1364.0
2024-07-03 11:25:00,AVIR,3.317500114440918,3.317500114440918,3.317500114440918,3.317500114440918,3.317500114440918,435.0
2024-07-03 11:25:00,AWH,0.9800000190734863,0.9800000190734863,0.9800000190734863,0.9800000190734863,0.9800000190734863,5485.0
2024-07-03 11:25:00,AXNX,67.51000213623047,67.51000213623047,67.51000213623047,67.51000213623047,67.51000213623047,1108.0
2024-07-03 11:25:00,AXSM,79.69999694824219,79.69999694824219,79.88999938964844,79.69999694824219,79.88999938964844,1774.0
2024-07-03 11:25:00,AZN,76.75879669189453,76.75879669189453,76.76000213623047,76.75879669189453,76.76000213623047,2699.0
2024-07-03 11:25:00,AZTA,52.494998931884766,52.494998931884766,52.56999969482422,52.494998931884766,52.56999969482422,5007.0
2024-07-03 11:25:00,BBIO,25.28499984741211,25.28499984741211,25.28499984741211,25.28499984741211,25.28499984741211,200.0
2024-07-03 11:25:00,BCAB,1.3799999952316284,1.3799999952316284,1.3799999952316284,1.3799999952316284,1.3799999952316284,5349.0
2024-07-03 11:25:00,BEAM,23.684999465942383,23.684999465942383,23.684999465942383,23.68000030517578,23.68000030517578,464.0
2024-07-03 11:25:00,BGNE,146.85000610351562,146.85000610351562,146.85000610351562,146.77000427246094,146.77000427246094,715.0
2024-07-03 11:25:00,BGXX,0.271699994802475,0.271699994802475,0.271699994802475,0.271699994802475,0.271699994802475,642.0
2024-07-03 11:25:00,BIIB,224.00999450683594,224.00999450683594,224.00999450683594,224.00999450683594,224.00999450683594,439.0
2024-07-03 11:25:00,BJDX,0.6333000063896179,0.6333000063896179,0.6333000063896179,0.6333000063896179,0.6333000063896179,6247.0
2024-07-03 11:25:00,BLUE,0.9330999851226807,0.9330999851226807,0.9358000159263611,0.9330999851226807,0.9358000159263611,7670.0
2024-07-03 11:25:00,BMRA,0.4496000111103058,0.4496000111103058,0.4498000144958496,0.44920000433921814,0.44940000772476196,2707.0
2024-07-03 11:25:00,BMRN,81.29000091552734,81.29000091552734,81.29000091552734,81.29000091552734,81.29000091552734,281.0
2024-07-03 11:25:00,BNGO,0.5576000213623047,0.5576000213623047,0.5576000213623047,0.5576000213623047,0.5576000213623047,2575.0
2024-07-03 11:25:00,BNTX,80.01000213623047,80.01000213623047,80.0199966430664,80.01000213623047,80.0199966430664,1302.0
2024-07-03 11:25:00,BPMC,110.88999938964844,110.88999938964844,110.88999938964844,110.81999969482422,110.81999969482422,644.0
2024-07-03 11:25:00,BRKR,61.59000015258789,61.59000015258789,61.59000015258789,61.59000015258789,61.59000015258789,200.0
2024-07-03 11:25:00,CARA,0.2897000014781952,0.2897000014781952,0.2897000014781952,0.28600001335144043,0.28600001335144043,8717.0
2024-07-03 11:25:00,CCCC,4.675000190734863,4.675000190734863,4.679999828338623,4.675000190734863,4.675000190734863,1012.0
2024-07-03 11:25:00,CDMO,7.554999828338623,7.554999828338623,7.570000171661377,7.539999961853027,7.550000190734863,7315.0
2024-07-03 11:25:00,CELC,16.240400314331055,16.240400314331055,16.319900512695312,16.240400314331055,16.319900512695312,723.0
2024-07-03 11:25:00,CERE,40.899898529052734,40.899898529052734,40.939998626708984,40.654998779296875,40.720001220703125,27600.0
2024-07-03 11:25:00,CERS,1.715000033378601,1.715000033378601,1.715000033378601,1.715000033378601,1.715000033378601,242.0
2024-07-03 11:25:00,CGC,6.510000228881836,6.510000228881836,6.510000228881836,6.510000228881836,6.510000228881836,412.0
2024-07-03 11:25:00,CHRS,1.399999976158142,1.399999976158142,1.399999976158142,1.399999976158142,1.399999976158142,400.0
2024-07-03 11:25:00,CKPT,2.180000066757202,2.180000066757202,2.2000999450683594,2.180000066757202,2.2000999450683594,25442.0
2024-07-03 11:25:00,CLGN,5.0,5.0,5.0,5.0,5.0,2384.0
2024-07-03 11:25:00,CLOV,1.2479000091552734,1.2479000091552734,1.2479000091552734,1.2479000091552734,1.2479000091552734,0.0
2024-07-03 11:25:00,CMPS,6.300000190734863,6.300000190734863,6.300000190734863,6.300000190734863,6.300000190734863,205.0
2024-07-03 11:25:00,CMPX,0.8500000238418579,0.8500000238418579,0.8500000238418579,0.8479999899864197,0.8479999899864197,389.0
2024-07-03 11:25:00,CNSP,1.4199999570846558,1.4199999570846558,1.440000057220459,1.3899999856948853,1.3997000455856323,186243.0
2024-07-03 11:25:00,COGT,8.555000305175781,8.555000305175781,8.555000305175781,8.555000305175781,8.555000305175781,515.0
2024-07-03 11:25:00,CORT,30.34000015258789,30.34000015258789,30.34000015258789,30.329999923706055,30.34000015258789,2399.0
2024-07-03 11:25:00,CPRX,15.5,15.5,15.510000228881836,15.5,15.510000228881836,1186.0
2024-07-03 11:25:00,CRBP,49.829898834228516,49.829898834228516,49.829898834228516,49.829898834228516,49.829898834228516,772.0
2024-07-03 11:25:00,CRON,2.305000066757202,2.305000066757202,2.309999942779541,2.305000066757202,2.309999942779541,5705.0
2024-07-03 11:25:00,CTMX,1.3301000595092773,1.3301000595092773,1.3301000595092773,1.3301000595092773,1.3301000595092773,218.0
2024-07-03 11:25:00,CTXR,0.4950999915599823,0.4950999915599823,0.5033000111579895,0.4950999915599823,0.5031999945640564,54415.0
2024-07-03 11:25:00,CUTR,1.315000057220459,1.315000057220459,1.315000057220459,1.315000057220459,1.315000057220459,315.0
2024-07-03 11:25:00,CVAC,3.3499999046325684,3.3499999046325684,3.365000009536743,3.3499999046325684,3.3499999046325684,18792.0
2024-07-03 11:25:00,CYTK,54.61000061035156,54.61000061035156,54.61000061035156,54.61000061035156,54.61000061035156,196.0
2024-07-03 11:25:00,DAWN,13.350000381469727,13.350000381469727,13.350000381469727,13.350000381469727,13.350000381469727,100.0
2024-07-03 11:25:00,DH,5.400000095367432,5.400000095367432,5.400000095367432,5.400000095367432,5.400000095367432,279.0
2024-07-03 11:25:00,DSGN,3.259999990463257,3.259999990463257,3.259999990463257,3.25,3.259999990463257,6127.0
2024-07-03 11:25:00,DVAX,11.074999809265137,11.074999809265137,11.074999809265137,11.074999809265137,11.074999809265137,416.0
2024-07-03 11:25:00,DXCM,110.44999694824219,110.44999694824219,110.48999786376953,110.44999694824219,110.4800033569336,2309.0
2024-07-03 11:25:00,DYN,34.58000183105469,34.58000183105469,34.58000183105469,34.54499816894531,34.54499816894531,547.0
2024-07-03 11:25:00,EDIT,4.664999961853027,4.664999961853027,4.670000076293945,4.664999961853027,4.670000076293945,1119.0
2024-07-03 11:25:00,ELYM,6.789999961853027,6.789999961853027,6.820000171661377,6.75,6.75,1909.0
2024-07-03 11:25:00,EMBC,12.09000015258789,12.09000015258789,12.09000015258789,12.09000015258789,12.09000015258789,1094.0
2024-07-03 11:25:00,ENTA,13.1899995803833,13.1899995803833,13.1899995803833,13.1899995803833,13.1899995803833,544.0
2024-07-03 11:25:00,EOLS,10.920000076293945,10.920000076293945,10.920000076293945,10.920000076293945,10.920000076293945,200.0
2024-07-03 11:25:00,EWTX,18.200000762939453,18.200000762939453,18.219999313354492,18.174999237060547,18.174999237060547,1884.0
2024-07-03 11:25:00,EXAS,43.04999923706055,43.04999923706055,43.09000015258789,43.04999923706055,43.06999969482422,2739.0
2024-07-03 11:25:00,EYPT,8.364999771118164,8.364999771118164,8.364999771118164,8.34000015258789,8.34000015258789,600.0
2024-07-03 11:25:00,FATE,3.194999933242798,3.194999933242798,3.194999933242798,3.194999933242798,3.194999933242798,257.0
2024-07-03 11:25:00,FGEN,0.711899995803833,0.711899995803833,0.7142999768257141,0.711899995803833,0.7120000123977661,3005.0
2024-07-03 11:25:00,GALT,2.1700000762939453,2.1700000762939453,2.1700000762939453,2.1700000762939453,2.1700000762939453,5605.0
2024-07-03 11:25:00,GDRX,7.855000019073486,7.855000019073486,7.860000133514404,7.855000019073486,7.860000133514404,1051.0
2024-07-03 11:25:00,GERN,4.324999809265137,4.324999809265137,4.324999809265137,4.320000171661377,4.324999809265137,3824.0
2024-07-03 11:25:00,GH,28.354999542236328,28.354999542236328,28.354999542236328,28.348899841308594,28.348899841308594,551.0
2024-07-03 11:25:00,GILD,67.29190063476562,67.29190063476562,67.31999969482422,67.29000091552734,67.29000091552734,4154.0
2024-07-03 11:25:00,GLSI,16.639999389648438,16.639999389648438,16.639999389648438,16.639999389648438,16.639999389648438,131.0
2024-07-03 11:25:00,GMAB,25.18000030517578,25.18000030517578,25.18000030517578,25.18000030517578,25.18000030517578,116.0
2024-07-03 11:25:00,GOVX,2.9700000286102295,2.9700000286102295,2.9700000286102295,2.9700000286102295,2.9700000286102295,110.0
2024-07-03 11:25:00,GRFS,6.675000190734863,6.675000190734863,6.675000190734863,6.670000076293945,6.670000076293945,2348.0
2024-07-03 11:25:00,GTHX,2.5,2.5,2.5,2.5,2.5,502.0
2024-07-03 11:25:00,HALO,51.999000549316406,51.999000549316406,52.0,51.95000076293945,51.95000076293945,2132.0
2024-07-03 11:25:00,HCAT,6.179999828338623,6.179999828338623,6.179999828338623,6.179999828338623,6.179999828338623,811.0
2024-07-03 11:25:00,HCSG,10.510000228881836,10.510000228881836,10.510000228881836,10.510000228881836,10.510000228881836,226.0
2024-07-03 11:25:00,HLVX,14.430000305175781,14.430000305175781,14.430000305175781,14.430000305175781,14.430000305175781,233.0
2024-07-03 11:25:00,HOLX,73.33499908447266,73.33499908447266,73.33499908447266,73.33000183105469,73.33000183105469,1858.0
2024-07-03 11:25:00,HOOK,0.5943999886512756,0.5943999886512756,0.5943999886512756,0.5943999886512756,0.5943999886512756,0.0
2024-07-03 11:25:00,HQY,83.02999877929688,83.02999877929688,83.06999969482422,82.91000366210938,82.91000366210938,2716.0
2024-07-03 11:25:00,HROW,21.708499908447266,21.708499908447266,21.708499908447266,21.708499908447266,21.708499908447266,141.0
2024-07-03 11:25:00,HRTX,2.7850000858306885,2.7850000858306885,2.7850000858306885,2.7850000858306885,2.7850000858306885,1795.0
2024-07-03 11:25:00,HSIC,64.97000122070312,64.97000122070312,65.01000213623047,64.97000122070312,65.0,2337.0
2024-07-03 11:25:00,HUMA,5.730000019073486,5.730000019073486,5.730500221252441,5.715000152587891,5.730000019073486,5585.0
2024-07-03 11:25:00,IBRX,6.264999866485596,6.264999866485596,6.264999866485596,6.26200008392334,6.264999866485596,1245.0
2024-07-03 11:25:00,ICAD,1.2100000381469727,1.2100000381469727,1.2100000381469727,1.2100000381469727,1.2100000381469727,4056.0
2024-07-03 11:25:00,ICLR,317.4200134277344,317.4200134277344,317.4200134277344,317.4200134277344,317.4200134277344,424.0
2024-07-03 11:25:00,ICUI,117.9800033569336,117.9800033569336,117.9800033569336,117.9800033569336,117.9800033569336,1134.0
2024-07-03 11:25:00,IDYA,33.650001525878906,33.650001525878906,33.650001525878906,33.650001525878906,33.650001525878906,967.0
2024-07-03 11:25:00,IGMS,6.53000020980835,6.53000020980835,6.53000020980835,6.53000020980835,6.53000020980835,1864.0
2024-07-03 11:25:00,IINN,1.600000023841858,1.600000023841858,1.600000023841858,1.4149999618530273,1.4149999618530273,12369.0
2024-07-03 11:25:00,IMCR,36.1150016784668,36.1150016784668,36.1150016784668,36.11000061035156,36.11000061035156,733.0
2024-07-03 11:25:00,IMMX,2.4100000858306885,2.4100000858306885,2.4100000858306885,2.359999895095825,2.3743999004364014,748.0
2024-07-03 11:25:00,IMNM,12.085000038146973,12.085000038146973,12.085000038146973,12.085000038146973,12.085000038146973,342.0
2024-07-03 11:25:00,IMRN,1.9900000095367432,1.9900000095367432,1.9900000095367432,1.9900000095367432,1.9900000095367432,1.0
2024-07-03 11:25:00,IMRX,1.1399999856948853,1.1399999856948853,1.1399999856948853,1.1399999856948853,1.1399999856948853,203.0
2024-07-03 11:25:00,IMVT,26.25,26.25,26.260000228881836,26.25,26.260000228881836,434.0
2024-07-03 11:25:00,INCY,57.95000076293945,57.95000076293945,57.95000076293945,57.95000076293945,57.95000076293945,1115.0
2024-07-03 11:25:00,INMD,17.56999969482422,17.56999969482422,17.600000381469727,17.56999969482422,17.600000381469727,7984.0
2024-07-03 11:25:00,INO,8.399999618530273,8.399999618530273,8.399999618530273,8.399999618530273,8.399999618530273,1607.0
2024-07-03 11:25:00,INSM,62.01409912109375,62.01409912109375,62.02000045776367,61.97999954223633,61.98500061035156,3445.0
2024-07-03 11:25:00,INVA,16.270000457763672,16.270000457763672,16.270000457763672,16.270000457763672,16.270000457763672,692.0
2024-07-03 11:25:00,IONM,0.32989999651908875,0.32989999651908875,0.32989999651908875,0.32989999651908875,0.32989999651908875,1112.0
2024-07-03 11:25:00,IOVA,7.610000133514404,7.610000133514404,7.619999885559082,7.610000133514404,7.619999885559082,8883.0
2024-07-03 11:25:00,IRIX,2.0299999713897705,2.0299999713897705,2.0299999713897705,2.0299999713897705,2.0299999713897705,800.0
2024-07-03 11:25:00,IRTC,95.4800033569336,95.4800033569336,95.4800033569336,95.4800033569336,95.4800033569336,543.0
2024-07-03 11:25:00,IRWD,6.128799915313721,6.128799915313721,6.128799915313721,6.125,6.125,1339.0
2024-07-03 11:25:00,ISPC,0.2802000045776367,0.2802000045776367,0.2802000045776367,0.2802000045776367,0.2802000045776367,3892.0
2024-07-03 11:25:00,ISRG,434.55999755859375,434.55999755859375,434.55999755859375,434.4949951171875,434.4949951171875,1449.0
2024-07-03 11:25:00,ITCI,68.22000122070312,68.22000122070312,68.22000122070312,68.22000122070312,68.22000122070312,114.0
2024-07-03 11:25:00,ITOS,14.789999961853027,14.789999961853027,14.789999961853027,14.680000305175781,14.680000305175781,6088.0
2024-07-03 11:25:00,JAGX,3.4899001121520996,3.4899001121520996,3.4899001121520996,3.4899001121520996,3.4899001121520996,1596.0
2024-07-03 11:25:00,JANX,38.18000030517578,38.18000030517578,38.18000030517578,38.18000030517578,38.18000030517578,336.0
2024-07-03 11:25:00,KNSA,18.899999618530273,18.899999618530273,18.920000076293945,18.899999618530273,18.920000076293945,1999.0
2024-07-03 11:25:00,KOD,2.2300000190734863,2.2300000190734863,2.2300000190734863,2.2300000190734863,2.2300000190734863,300.0
2024-07-03 11:25:00,KPTI,0.8449000120162964,0.8449000120162964,0.8449000120162964,0.8432000279426575,0.8449000120162964,326.0
2024-07-03 11:25:00,KROS,42.435001373291016,42.435001373291016,42.435001373291016,42.435001373291016,42.435001373291016,551.0
2024-07-03 11:25:00,KTRA,0.28850001096725464,0.28850001096725464,0.28850001096725464,0.28850001096725464,0.28850001096725464,955.0
2024-07-03 11:25:00,KYMR,30.315000534057617,30.315000534057617,30.350000381469727,30.260000228881836,30.260000228881836,2568.0
2024-07-03 11:25:00,LAB,1.7999999523162842,1.7999999523162842,1.7999999523162842,1.7999999523162842,1.7999999523162842,1309.0
2024-07-03 11:25:00,LBPH,32.880001068115234,32.880001068115234,32.880001068115234,32.880001068115234,32.880001068115234,305.0
2024-07-03 11:25:00,LFMD,6.739999771118164,6.739999771118164,6.739999771118164,6.739999771118164,6.739999771118164,525.0
2024-07-03 11:25:00,LFST,5.130000114440918,5.130000114440918,5.130000114440918,5.125,5.125,823.0
2024-07-03 11:25:00,LGVN,1.5850000381469727,1.5850000381469727,1.5999000072479248,1.5800000429153442,1.5999000072479248,8765.0
2024-07-03 11:25:00,LIVN,52.75,52.75,52.75,52.709999084472656,52.709999084472656,1708.0
2024-07-03 11:25:00,LOGC,5.74399995803833,5.74399995803833,5.74399995803833,5.74399995803833,5.74399995803833,837.0
2024-07-03 11:25:00,LQDA,11.9399995803833,11.9399995803833,11.9399995803833,11.9350004196167,11.9350004196167,1241.0
2024-07-03 11:25:00,LUCY,0.4697999954223633,0.4697999954223633,0.4697999954223633,0.4697999954223633,0.4697999954223633,2000.0
2024-07-03 11:25:00,LVTX,1.8702000379562378,1.8702000379562378,1.8702000379562378,1.8702000379562378,1.8702000379562378,2426.0
2024-07-03 11:25:00,LXRX,1.600000023841858,1.600000023841858,1.600000023841858,1.600000023841858,1.600000023841858,11379.0
2024-07-03 11:25:00,LYEL,1.5149999856948853,1.5149999856948853,1.5149999856948853,1.5149999856948853,1.5149999856948853,954.0
2024-07-03 11:25:00,LYRA,0.28679999709129333,0.28679999709129333,0.28679999709129333,0.2863999903202057,0.28679999709129333,332.0
2024-07-03 11:25:00,MASI,115.0250015258789,115.0250015258789,115.0250015258789,115.0250015258789,115.0250015258789,418.0
2024-07-03 11:25:00,MBIO,0.49709999561309814,0.49709999561309814,0.49709999561309814,0.4968000054359436,0.4968000054359436,1969.0
2024-07-03 11:25:00,ME,0.40220001339912415,0.40220001339912415,0.40220001339912415,0.40220001339912415,0.40220001339912415,224.0
2024-07-03 11:25:00,MGNX,4.25,4.25,4.25,4.244999885559082,4.244999885559082,300.0
2024-07-03 11:25:00,MORF,31.920000076293945,31.920000076293945,31.920000076293945,31.920000076293945,31.920000076293945,893.0
2024-07-03 11:25:00,MREO,3.5250000953674316,3.5250000953674316,3.5250000953674316,3.5250000953674316,3.5250000953674316,401.0
2024-07-03 11:25:00,MRNA,116.22000122070312,116.22000122070312,116.22000122070312,116.22000122070312,116.22000122070312,1607.0
2024-07-03 11:25:00,MRNS,1.2050000429153442,1.2050000429153442,1.2050000429153442,1.2050000429153442,1.2050000429153442,291.0
2024-07-03 11:25:00,MRVI,6.775000095367432,6.775000095367432,6.775000095367432,6.775000095367432,6.775000095367432,1401.0
2024-07-03 11:25:00,MXCT,3.6649999618530273,3.6649999618530273,3.6700000762939453,3.6649999618530273,3.6700000762939453,2942.0
2024-07-03 11:25:00,MYGN,25.010000228881836,25.010000228881836,25.010000228881836,25.010000228881836,25.010000228881836,1221.0
2024-07-03 11:25:00,NDRA,0.09300000220537186,0.09300000220537186,0.09309999644756317,0.0925000011920929,0.0925000011920929,47772.0
2024-07-03 11:25:00,NEO,13.680000305175781,13.680000305175781,13.680000305175781,13.680000305175781,13.680000305175781,908.0
2024-07-03 11:25:00,NKTR,1.25,1.25,1.25,1.2450000047683716,1.25,904.0
2024-07-03 11:25:00,NKTX,5.349999904632568,5.349999904632568,5.349999904632568,5.349999904632568,5.349999904632568,191.0
2024-07-03 11:25:00,NNOX,6.985000133514404,6.985000133514404,6.985000133514404,6.985000133514404,6.985000133514404,287.0
2024-07-03 11:25:00,NRBO,4.630000114440918,4.630000114440918,4.639999866485596,4.630000114440918,4.639999866485596,400.0
2024-07-03 11:25:00,NRIX,19.670000076293945,19.670000076293945,19.670000076293945,19.670000076293945,19.670000076293945,197.0
2024-07-03 11:25:00,NRSN,1.3200000524520874,1.3200000524520874,1.3200000524520874,1.309999942779541,1.309999942779541,3028.0
2024-07-03 11:25:00,NTLA,22.68000030517578,22.68000030517578,22.68000030517578,22.68000030517578,22.68000030517578,1204.0
2024-07-03 11:25:00,NTRA,111.20999908447266,111.20999908447266,111.20999908447266,111.20999908447266,111.20999908447266,645.0
2024-07-03 11:25:00,NUTX,5.380000114440918,5.380000114440918,5.380000114440918,5.380000114440918,5.380000114440918,165.0
2024-07-03 11:25:00,NUVL,72.5,72.5,72.52999877929688,72.05999755859375,72.08000183105469,7485.0
2024-07-03 11:25:00,NVAX,12.70009994506836,12.70009994506836,12.704999923706055,12.6899995803833,12.6899995803833,4620.0
2024-07-03 11:25:00,NVCR,16.709999084472656,16.709999084472656,16.709999084472656,16.69499969482422,16.700000762939453,892.0
2024-07-03 11:25:00,NXL,1.3799999952316284,1.3799999952316284,1.3949999809265137,1.3799999952316284,1.3949999809265137,1493.0
2024-07-03 11:25:00,OCGN,1.6150000095367432,1.6150000095367432,1.6150000095367432,1.6150000095367432,1.6150000095367432,700.0
2024-07-03 11:25:00,OCUL,6.684999942779541,6.684999942779541,6.684999942779541,6.684999942779541,6.684999942779541,208.0
2024-07-03 11:25:00,OLK,25.774999618530273,25.774999618530273,25.780000686645508,25.774999618530273,25.780000686645508,42248.0
2024-07-03 11:25:00,OLMA,10.625,10.625,10.625,10.625,10.625,362.0
2024-07-03 11:25:00,OM,3.875,3.875,3.875,3.869999885559082,3.875,2728.0
2024-07-03 11:25:00,OMCL,26.65999984741211,26.65999984741211,26.65999984741211,26.645000457763672,26.645000457763672,1399.0
2024-07-03 11:26:00,ABCL,2.73009991645813,2.73009991645813,2.73009991645813,2.73009991645813,2.73009991645813,383.0
2024-07-03 11:26:00,ABEO,4.25,4.25,4.25,4.25,4.25,225.0
2024-07-03 11:26:00,ABIO,3.759999990463257,3.759999990463257,3.759999990463257,3.759999990463257,3.759999990463257,3406.0
2024-07-03 11:26:00,ABSI,3.2249999046325684,3.2249999046325684,3.2249999046325684,3.2200000286102295,3.2200000286102295,3284.0
2024-07-03 11:26:00,ABUS,3.1649999618530273,3.1649999618530273,3.1700000762939453,3.1649999618530273,3.1700000762939453,353.0
2024-07-03 11:26:00,ACB,4.860000133514404,4.860000133514404,4.864999771118164,4.860000133514404,4.860000133514404,2475.0
2024-07-03 11:26:00,ACCD,3.555000066757202,3.555000066757202,3.555000066757202,3.555000066757202,3.555000066757202,7790.0
2024-07-03 11:26:00,ACET,1.059999942779541,1.059999942779541,1.059999942779541,1.0549999475479126,1.0549999475479126,34095.0
2024-07-03 11:26:00,ACHC,66.5199966430664,66.5199966430664,66.62999725341797,66.5199966430664,66.62999725341797,3738.0
2024-07-03 11:26:00,ACLX,53.97999954223633,53.97999954223633,53.97999954223633,53.97999954223633,53.97999954223633,1523.0
2024-07-03 11:26:00,ACRS,1.149999976158142,1.149999976158142,1.149999976158142,1.149999976158142,1.149999976158142,848.0
2024-07-03 11:26:00,ADAP,1.0199999809265137,1.0199999809265137,1.0199999809265137,1.0199999809265137,1.0199999809265137,200.0
2024-07-03 11:26:00,ADMA,11.274999618530273,11.274999618530273,11.279999732971191,11.265000343322754,11.274999618530273,24054.0
2024-07-03 11:26:00,AEMD,0.4101000130176544,0.4101000130176544,0.4101000130176544,0.4101000130176544,0.4101000130176544,16781.0
2024-07-03 11:26:00,AFMD,5.079999923706055,5.079999923706055,5.079999923706055,5.079999923706055,5.079999923706055,115.0
2024-07-03 11:26:00,AHCO,9.755000114440918,9.755000114440918,9.755000114440918,9.75,9.75,438.0
2024-07-03 11:26:00,AIMD,0.8190000057220459,0.8190000057220459,0.8190000057220459,0.8190000057220459,0.8190000057220459,1936.0
2024-07-03 11:26:00,AKAN,2.240000009536743,2.240000009536743,2.2492001056671143,2.240000009536743,2.2492001056671143,1459.0
2024-07-03 11:26:00,AKBA,0.9427000284194946,0.9427000284194946,0.9427000284194946,0.9427000284194946,0.9427000284194946,2320.0
2024-07-03 11:26:00,AKRO,22.010000228881836,22.010000228881836,22.084999084472656,22.010000228881836,22.084999084472656,1723.0
2024-07-03 11:26:00,ALEC,4.440000057220459,4.440000057220459,4.440000057220459,4.429999828338623,4.440000057220459,1027.0
2024-07-03 11:26:00,ALGN,240.57000732421875,240.57000732421875,240.61000061035156,240.44000244140625,240.50059509277344,892.0
2024-07-03 11:26:00,ALGS,0.4259999990463257,0.4259999990463257,0.4259999990463257,0.4259999990463257,0.4259999990463257,2400.0
2024-07-03 11:26:00,ALKS,24.239999771118164,24.239999771118164,24.270000457763672,24.239999771118164,24.270000457763672,3756.0
2024-07-03 11:26:00,ALLK,0.8400999903678894,0.8400999903678894,0.8400999903678894,0.8399999737739563,0.8399999737739563,1033.0
2024-07-03 11:26:00,ALLO,2.134999990463257,2.134999990463257,2.134999990463257,2.130000114440918,2.130000114440918,1438.0
2024-07-03 11:26:00,ALLR,0.20340000092983246,0.20340000092983246,0.20399999618530273,0.2029999941587448,0.2029999941587448,9930.0
2024-07-03 11:26:00,ALNY,246.8800048828125,246.8800048828125,246.8800048828125,246.8800048828125,246.8800048828125,1107.0
2024-07-03 11:26:00,ALT,6.704999923706055,6.704999923706055,6.735000133514404,6.704999923706055,6.735000133514404,3034.0
2024-07-03 11:26:00,ALVR,0.7354000210762024,0.7354000210762024,0.7354000210762024,0.7354000210762024,0.7354000210762024,1481.0
2024-07-03 11:26:00,ALXO,5.860000133514404,5.860000133514404,5.860000133514404,5.860000133514404,5.860000133514404,1576.0
2024-07-03 11:26:00,AMED,97.0,97.0,97.0,97.0,97.0,215.0
2024-07-03 11:26:00,AMGN,306.7099914550781,306.7099914550781,307.0400085449219,306.5799865722656,307.0400085449219,6410.0
2024-07-03 11:26:00,AMLX,1.7549999952316284,1.7549999952316284,1.7549999952316284,1.75,1.7549999952316284,4908.0
2024-07-03 11:26:00,AMRN,0.6980000138282776,0.6980000138282776,0.698199987411499,0.6962000131607056,0.6962000131607056,21645.0
2024-07-03 11:26:00,ANAB,24.979999542236328,24.979999542236328,24.979999542236328,24.969999313354492,24.979999542236328,1482.0
2024-07-03 11:26:00,ANGO,5.664999961853027,5.664999961853027,5.675000190734863,5.664999961853027,5.675000190734863,2511.0
2024-07-03 11:26:00,ANIK,25.81999969482422,25.81999969482422,25.84000015258789,25.81999969482422,25.84000015258789,1833.0
2024-07-03 11:26:00,ANNX,4.795000076293945,4.795000076293945,4.795000076293945,4.764999866485596,4.764999866485596,8694.0
2024-07-03 11:26:00,ANTX,2.5134999752044678,2.5134999752044678,2.5304999351501465,2.5134999752044678,2.530100107192993,2841.0
2024-07-03 11:26:00,APDN,0.39980000257492065,0.39980000257492065,0.39989998936653137,0.39500001072883606,0.39500001072883606,31775.0
2024-07-03 11:26:00,APLS,35.36000061035156,35.36000061035156,35.45000076293945,35.36000061035156,35.400001525878906,2729.0
2024-07-03 11:26:00,APLT,4.355000019073486,4.355000019073486,4.355000019073486,4.355000019073486,4.355000019073486,152.0
2024-07-03 11:26:00,APVO,0.3100000023841858,0.3100000023841858,0.3100000023841858,0.3100000023841858,0.3100000023841858,4504.0
2024-07-03 11:26:00,ARCT,21.520000457763672,21.520000457763672,21.520000457763672,21.520000457763672,21.520000457763672,1700.0
2024-07-03 11:26:00,ARDX,5.235000133514404,5.235000133514404,5.239999771118164,5.235000133514404,5.239999771118164,19458.0
2024-07-03 11:26:00,ARQT,9.71500015258789,9.71500015258789,9.71500015258789,9.710000038146973,9.710000038146973,436.0
2024-07-03 11:26:00,ARVN,24.219999313354492,24.219999313354492,24.219999313354492,24.219999313354492,24.219999313354492,1016.0
2024-07-03 11:26:00,ARWR,25.510000228881836,25.510000228881836,25.540000915527344,25.510000228881836,25.540000915527344,3769.0
2024-07-03 11:26:00,ASND,135.38999938964844,135.38999938964844,135.39999389648438,135.38999938964844,135.39999389648438,259.0
2024-07-03 11:26:00,ASRT,1.3300000429153442,1.3300000429153442,1.3300000429153442,1.3243000507354736,1.3250000476837158,4422.0
2024-07-03 11:26:00,ATEC,9.990099906921387,9.990099906921387,10.020000457763672,9.990099906921387,10.020000457763672,3027.0
2024-07-03 11:26:00,AUGX,1.0,1.0,1.0,1.0,1.0,525.0
2024-07-03 11:26:00,AUPH,5.474999904632568,5.474999904632568,5.474999904632568,5.474999904632568,5.474999904632568,426.0
2024-07-03 11:26:00,AUTL,3.4800000190734863,3.4800000190734863,3.4800000190734863,3.4800000190734863,3.4800000190734863,331.0
2024-07-03 11:26:00,AVDL,14.489999771118164,14.489999771118164,14.489999771118164,14.479999542236328,14.479999542236328,3088.0
2024-07-03 11:26:00,AVTE,1.625,1.625,1.625,1.625,1.625,3170.0
2024-07-03 11:26:00,AVXL,4.21999979019165,4.21999979019165,4.2204999923706055,4.21999979019165,4.2204999923706055,4362.0
2024-07-03 11:26:00,AXGN,7.360000133514404,7.360000133514404,7.360000133514404,7.360000133514404,7.360000133514404,860.0
2024-07-03 11:26:00,AZN,76.76000213623047,76.76000213623047,76.77999877929688,76.75499725341797,76.7699966430664,19458.0
2024-07-03 11:26:00,AZTA,52.4900016784668,52.4900016784668,52.4900016784668,52.4900016784668,52.4900016784668,2268.0
2024-07-03 11:26:00,BBIO,25.30500030517578,25.30500030517578,25.30500030517578,25.299999237060547,25.299999237060547,2642.0
2024-07-03 11:26:00,BBLG,1.2400000095367432,1.2400000095367432,1.2400000095367432,1.2400000095367432,1.2400000095367432,0.0
2024-07-03 11:26:00,BCAB,1.375,1.375,1.375,1.375,1.375,1012.0
2024-07-03 11:26:00,BDTX,4.369999885559082,4.369999885559082,4.369999885559082,4.340000152587891,4.340000152587891,4311.0
2024-07-03 11:26:00,BEAM,23.65999984741211,23.65999984741211,23.65999984741211,23.6299991607666,23.65999984741211,2354.0
2024-07-03 11:26:00,BEAT,2.819999933242798,2.819999933242798,2.819999933242798,2.819999933242798,2.819999933242798,156.0
2024-07-03 11:26:00,BGNE,146.77000427246094,146.77000427246094,146.77000427246094,146.77000427246094,146.77000427246094,399.0
2024-07-03 11:26:00,BIAF,2.200000047683716,2.200000047683716,2.200000047683716,2.200000047683716,2.200000047683716,1222.0
2024-07-03 11:26:00,BIIB,223.77000427246094,223.77000427246094,223.9250030517578,223.77000427246094,223.868896484375,5594.0
2024-07-03 11:26:00,BIOR,0.6262999773025513,0.6262999773025513,0.6263999938964844,0.6262999773025513,0.6263999938964844,2147.0
2024-07-03 11:26:00,BJDX,0.6261000037193298,0.6261000037193298,0.6262999773025513,0.6261000037193298,0.6262999773025513,333.0
2024-07-03 11:26:00,BLRX,0.5296000242233276,0.5296000242233276,0.5296000242233276,0.5296000242233276,0.5296000242233276,420.0
2024-07-03 11:26:00,BLUE,0.9308000206947327,0.9308000206947327,0.933899998664856,0.9308000206947327,0.933899998664856,16879.0
2024-07-03 11:26:00,BMEA,4.400000095367432,4.400000095367432,4.400000095367432,4.400000095367432,4.400000095367432,702.0
2024-07-03 11:26:00,BMRN,81.22000122070312,81.22000122070312,81.26000213623047,81.22000122070312,81.26000213623047,2573.0
2024-07-03 11:26:00,BNTX,79.8499984741211,79.8499984741211,79.95999908447266,79.81999969482422,79.9000015258789,1622.0
2024-07-03 11:26:00,BPMC,110.8499984741211,110.8499984741211,110.8499984741211,110.8499984741211,110.8499984741211,1100.0
2024-07-03 11:26:00,BRKR,61.5,61.5,61.540000915527344,61.4900016784668,61.4900016784668,4755.0
2024-07-03 11:26:00,BTAI,1.0950000286102295,1.0950000286102295,1.0950000286102295,1.0950000286102295,1.0950000286102295,599.0
2024-07-03 11:26:00,BVS,5.96999979019165,5.96999979019165,5.96999979019165,5.96999979019165,5.96999979019165,131.0
2024-07-03 11:26:00,CABA,7.659999847412109,7.659999847412109,7.659999847412109,7.659999847412109,7.659999847412109,1033.0
2024-07-03 11:26:00,CADL,6.28000020980835,6.28000020980835,6.28000020980835,6.28000020980835,6.28000020980835,150.0
2024-07-03 11:26:00,CARA,0.2897000014781952,0.2897000014781952,0.2897000014781952,0.2897000014781952,0.2897000014781952,200.0
2024-07-03 11:26:00,CCCC,4.639999866485596,4.639999866485596,4.639999866485596,4.619999885559082,4.619999885559082,30516.0
2024-07-03 11:26:00,CCRN,13.739999771118164,13.739999771118164,13.739999771118164,13.739999771118164,13.739999771118164,248.0
2024-07-03 11:26:00,CDMO,7.609000205993652,7.609000205993652,7.609000205993652,7.559999942779541,7.559999942779541,8742.0
2024-07-03 11:26:00,CDXS,2.880000114440918,2.880000114440918,2.880000114440918,2.880000114440918,2.880000114440918,184.0
2024-07-03 11:26:00,CERE,40.58489990234375,40.58489990234375,40.79999923706055,40.58000183105469,40.709999084472656,41718.0
2024-07-03 11:26:00,CERS,1.7100000381469727,1.7100000381469727,1.7100000381469727,1.7100000381469727,1.7100000381469727,218.0
2024-07-03 11:26:00,CERT,13.779999732971191,13.779999732971191,13.779999732971191,13.779999732971191,13.779999732971191,3165.0
2024-07-03 11:26:00,CGC,6.4720001220703125,6.4720001220703125,6.494999885559082,6.46999979019165,6.494999885559082,45133.0
2024-07-03 11:26:00,CGEN,1.6549999713897705,1.6549999713897705,1.6549999713897705,1.6549999713897705,1.6549999713897705,1017.0
2024-07-03 11:26:00,CHRS,1.399999976158142,1.399999976158142,1.399999976158142,1.399999976158142,1.399999976158142,11639.0
2024-07-03 11:26:00,CING,0.3379000127315521,0.3379000127315521,0.3379000127315521,0.3379000127315521,0.3379000127315521,3347.0
2024-07-03 11:26:00,CKPT,2.200000047683716,2.200000047683716,2.200000047683716,2.200000047683716,2.200000047683716,0.0
2024-07-03 11:26:00,CLDX,36.310001373291016,36.310001373291016,36.41999816894531,36.310001373291016,36.41999816894531,2513.0
2024-07-03 11:26:00,CLOV,1.2450000047683716,1.2450000047683716,1.2450000047683716,1.2444000244140625,1.2444000244140625,998.0
2024-07-03 11:26:00,CLPT,5.449999809265137,5.449999809265137,5.449999809265137,5.449999809265137,5.449999809265137,1998.0
2024-07-03 11:26:00,CMAX,2.200000047683716,2.200000047683716,2.200000047683716,2.200000047683716,2.200000047683716,102.0
2024-07-03 11:26:00,CMPS,6.300000190734863,6.300000190734863,6.300000190734863,6.289999961853027,6.289999961853027,905.0
2024-07-03 11:26:00,CNSP,1.4199999570846558,1.4199999570846558,1.4299999475479126,1.399999976158142,1.4299999475479126,349968.0
2024-07-03 11:26:00,COGT,8.53499984741211,8.53499984741211,8.555000305175781,8.529999732971191,8.539999961853027,2603.0
2024-07-03 11:26:00,CORT,30.30500030517578,30.30500030517578,30.34000015258789,30.290000915527344,30.34000015258789,2878.0
2024-07-03 11:26:00,COSM,0.9430999755859375,0.9430999755859375,0.9430999755859375,0.9402999877929688,0.9402999877929688,3400.0
2024-07-03 11:26:00,CPRX,15.480899810791016,15.480899810791016,15.480899810791016,15.480899810791016,15.480899810791016,336.0
2024-07-03 11:26:00,CRBU,1.5850000381469727,1.5850000381469727,1.5850000381469727,1.5850000381469727,1.5850000381469727,102.0
2024-07-03 11:26:00,CRDF,2.240000009536743,2.240000009536743,2.244999885559082,2.234999895095825,2.244999885559082,2118.0
2024-07-03 11:26:00,CRMD,4.114999771118164,4.114999771118164,4.119999885559082,4.110000133514404,4.119999885559082,1662.0
2024-07-03 11:26:00,CRNX,45.040000915527344,45.040000915527344,45.095001220703125,45.040000915527344,45.095001220703125,1023.0
2024-07-03 11:26:00,CRON,2.299999952316284,2.299999952316284,2.299999952316284,2.299999952316284,2.299999952316284,10671.0
2024-07-03 11:26:00,CRSP,53.72999954223633,53.72999954223633,53.72999954223633,53.720001220703125,53.720001220703125,1730.0
2024-07-03 11:26:00,CSTL,21.1299991607666,21.1299991607666,21.1299991607666,21.010000228881836,21.010000228881836,5655.0
2024-07-03 11:26:00,CTKB,5.610000133514404,5.610000133514404,5.630000114440918,5.599999904632568,5.630000114440918,12065.0
2024-07-03 11:26:00,CTMX,1.3300000429153442,1.3300000429153442,1.3300000429153442,1.3300000429153442,1.3300000429153442,702.0
2024-07-03 11:26:00,CTXR,0.49549999833106995,0.49549999833106995,0.49549999833106995,0.49549999833106995,0.49549999833106995,5408.0
2024-07-03 11:26:00,CUE,1.0049999952316284,1.0049999952316284,1.0049999952316284,1.0049999952316284,1.0049999952316284,1012.0
2024-07-03 11:26:00,CVAC,3.3499999046325684,3.3499999046325684,3.359999895095825,3.3450000286102295,3.3499999046325684,11307.0
2024-07-03 11:26:00,CYTK,54.599998474121094,54.599998474121094,54.599998474121094,54.599998474121094,54.599998474121094,461.0
2024-07-03 11:26:00,DAWN,13.34000015258789,13.34000015258789,13.359999656677246,13.34000015258789,13.359999656677246,1167.0
2024-07-03 11:26:00,DH,5.400000095367432,5.400000095367432,5.400000095367432,5.400000095367432,5.400000095367432,335.0
2024-07-03 11:26:00,DNLI,21.489999771118164,21.489999771118164,21.489999771118164,21.489999771118164,21.489999771118164,895.0
2024-07-03 11:26:00,DSGN,3.259999990463257,3.259999990463257,3.259999990463257,3.259999990463257,3.259999990463257,203.0
2024-07-03 11:26:00,DXCM,110.66999816894531,110.66999816894531,110.66999816894531,110.62000274658203,110.66000366210938,6789.0
2024-07-03 11:26:00,DYN,34.540000915527344,34.540000915527344,34.540000915527344,34.540000915527344,34.540000915527344,361.0
2024-07-03 11:26:00,EDIT,4.659999847412109,4.659999847412109,4.66379976272583,4.659999847412109,4.66379976272583,885.0
2024-07-03 11:26:00,EOLS,10.920000076293945,10.920000076293945,10.920000076293945,10.920000076293945,10.920000076293945,1289.0
2024-07-03 11:26:00,ERAS,2.259999990463257,2.259999990463257,2.259999990463257,2.259999990463257,2.259999990463257,994.0
2024-07-03 11:26:00,ESPR,2.3499999046325684,2.3499999046325684,2.3499999046325684,2.3499999046325684,2.3499999046325684,4449.0
2024-07-03 11:26:00,ETNB,7.489999771118164,7.489999771118164,7.489999771118164,7.489999771118164,7.489999771118164,1532.0
2024-07-03 11:26:00,EWTX,18.19499969482422,18.19499969482422,18.19499969482422,18.19499969482422,18.19499969482422,265.0
2024-07-03 11:26:00,EXAI,5.429999828338623,5.429999828338623,5.429999828338623,5.429999828338623,5.429999828338623,1274.0
2024-07-03 11:26:00,EXAS,43.025001525878906,43.025001525878906,43.04090118408203,43.025001525878906,43.04090118408203,1602.0
2024-07-03 11:26:00,EXEL,21.985000610351562,21.985000610351562,21.985000610351562,21.985000610351562,21.985000610351562,490.0
2024-07-03 11:26:00,EYEN,0.7667999863624573,0.7667999863624573,0.7667999863624573,0.7667999863624573,0.7667999863624573,1866.0
2024-07-03 11:26:00,EYPT,8.34000015258789,8.34000015258789,8.380000114440918,8.34000015258789,8.364999771118164,1704.0
2024-07-03 11:26:00,FATE,3.190000057220459,3.190000057220459,3.194999933242798,3.190000057220459,3.194999933242798,2725.0
2024-07-03 11:26:00,FBIO,1.7949999570846558,1.7949999570846558,1.7949999570846558,1.7949999570846558,1.7949999570846558,772.0
2024-07-03 11:26:00,FGEN,0.7117999792098999,0.7117999792098999,0.7141000032424927,0.7117999792098999,0.713100016117096,12260.0
2024-07-03 11:26:00,FHTX,5.510000228881836,5.510000228881836,5.510000228881836,5.510000228881836,5.510000228881836,126.0
2024-07-03 11:26:00,FLGT,20.170000076293945,20.170000076293945,20.170000076293945,20.170000076293945,20.170000076293945,403.0
2024-07-03 11:26:00,FOLD,9.904999732971191,9.904999732971191,9.914999961853027,9.904999732971191,9.914999961853027,2541.0
2024-07-03 11:26:00,GALT,2.1600000858306885,2.1600000858306885,2.1700000762939453,2.1600000858306885,2.1700000762939453,4295.0
2024-07-03 11:26:00,GANX,1.149999976158142,1.149999976158142,1.149999976158142,1.149999976158142,1.149999976158142,600.0
2024-07-03 11:26:00,GERN,4.324999809265137,4.324999809265137,4.324999809265137,4.324999809265137,4.324999809265137,1598.0
2024-07-03 11:26:00,GH,28.34000015258789,28.34000015258789,28.34000015258789,28.31999969482422,28.34000015258789,4042.0
2024-07-03 11:26:00,GILD,67.1500015258789,67.1500015258789,67.29499816894531,67.13999938964844,67.29499816894531,17388.0
2024-07-03 11:26:00,GLTO,0.5115000009536743,0.5115000009536743,0.5115000009536743,0.5115000009536743,0.5115000009536743,0.0
2024-07-03 11:26:00,GMAB,25.190000534057617,25.190000534057617,25.190000534057617,25.190000534057617,25.190000534057617,126.0
2024-07-03 11:26:00,GNPX,1.9609999656677246,1.9609999656677246,1.9700000286102295,1.937999963760376,1.937999963760376,3545.0
2024-07-03 11:26:00,GOSS,0.9395999908447266,0.9395999908447266,0.9395999908447266,0.9395999908447266,0.9395999908447266,717.0
2024-07-03 11:26:00,GOVX,2.9723000526428223,2.9723000526428223,2.9723000526428223,2.9723000526428223,2.9723000526428223,1703.0
2024-07-03 11:26:00,GRFS,6.670000076293945,6.670000076293945,6.675000190734863,6.670000076293945,6.675000190734863,614.0
2024-07-03 11:26:00,GRTS,0.5841000080108643,0.5841000080108643,0.5841000080108643,0.5841000080108643,0.5841000080108643,2338.0
2024-07-03 11:26:00,GTHX,2.500999927520752,2.500999927520752,2.500999927520752,2.500999927520752,2.500999927520752,626.0
2024-07-03 11:26:00,HALO,52.02000045776367,52.02000045776367,52.02000045776367,52.02000045776367,52.02000045776367,3381.0
2024-07-03 11:26:00,HITI,2.1050000190734863,2.1050000190734863,2.1050000190734863,2.1050000190734863,2.1050000190734863,797.0
2024-07-03 11:26:00,HOLX,73.26000213623047,73.26000213623047,73.31999969482422,73.26000213623047,73.31999969482422,4305.0
2024-07-03 11:26:00,HRMY,30.219999313354492,30.219999313354492,30.299999237060547,30.219999313354492,30.299999237060547,1383.0
2024-07-03 11:26:00,HROW,21.674999237060547,21.674999237060547,21.674999237060547,21.674999237060547,21.674999237060547,290.0
2024-07-03 11:26:00,HRTX,2.7850000858306885,2.7850000858306885,2.7850000858306885,2.7850000858306885,2.7850000858306885,1010.0
2024-07-03 11:26:00,HSIC,64.88500213623047,64.88500213623047,64.91000366210938,64.87000274658203,64.9000015258789,7673.0
2024-07-03 11:26:00,HUMA,5.710000038146973,5.710000038146973,5.710000038146973,5.710000038146973,5.710000038146973,4623.0
2024-07-03 11:26:00,ICLR,317.19000244140625,317.19000244140625,317.19000244140625,317.19000244140625,317.19000244140625,581.0
2024-07-03 11:26:00,IDYA,33.599998474121094,33.599998474121094,33.689998626708984,33.599998474121094,33.599998474121094,3374.0
2024-07-03 11:26:00,IFRX,1.659999966621399,1.659999966621399,1.659999966621399,1.649999976158142,1.659999966621399,2407.0
2024-07-03 11:26:00,ILMN,105.34500122070312,105.34500122070312,105.41000366210938,105.33999633789062,105.4000015258789,3224.0
2024-07-03 11:26:00,IMAB,1.5399999618530273,1.5399999618530273,1.5399999618530273,1.5299999713897705,1.5299999713897705,4090.0
2024-07-03 11:26:00,IMCR,36.029998779296875,36.029998779296875,36.029998779296875,36.029998779296875,36.029998779296875,304.0
2024-07-03 11:26:00,IMMP,1.9800000190734863,1.9800000190734863,1.9800000190734863,1.9800000190734863,1.9800000190734863,869.0
2024-07-03 11:26:00,IMMX,2.390000104904175,2.390000104904175,2.3949999809265137,2.38070011138916,2.38070011138916,3164.0
2024-07-03 11:26:00,IMNM,12.079999923706055,12.079999923706055,12.079999923706055,12.069999694824219,12.069999694824219,1342.0
2024-07-03 11:26:00,IMUX,1.1399999856948853,1.1399999856948853,1.1399999856948853,1.1399999856948853,1.1399999856948853,408.0
2024-07-03 11:26:00,IMVT,26.25,26.25,26.260000228881836,26.239999771118164,26.239999771118164,2716.0
2024-07-03 11:26:00,INCY,57.9900016784668,57.9900016784668,57.9900016784668,57.95000076293945,57.9900016784668,4860.0
2024-07-03 11:26:00,INMB,7.90500020980835,7.90500020980835,7.90500020980835,7.90500020980835,7.90500020980835,302.0
2024-07-03 11:26:00,INMD,17.57900047302246,17.57900047302246,17.57900047302246,17.57900047302246,17.57900047302246,617.0
2024-07-03 11:26:00,INSM,61.97999954223633,61.97999954223633,61.97999954223633,61.91999816894531,61.91999816894531,4505.0
2024-07-03 11:26:00,IONS,44.59000015258789,44.59000015258789,44.599998474121094,44.54999923706055,44.564998626708984,2967.0
2024-07-03 11:26:00,IOVA,7.610000133514404,7.610000133514404,7.610300064086914,7.610000133514404,7.610300064086914,2147.0
2024-07-03 11:26:00,IPHA,2.1500000953674316,2.1500000953674316,2.1510000228881836,2.1500000953674316,2.1510000228881836,1561.0
2024-07-03 11:26:00,IRWD,6.125,6.125,6.125,6.125,6.125,314.0
2024-07-03 11:26:00,ISRG,434.2799987792969,434.2799987792969,434.55999755859375,434.2799987792969,434.55999755859375,3495.0
2024-07-03 11:26:00,ITCI,68.22000122070312,68.22000122070312,68.22000122070312,68.22000122070312,68.22000122070312,638.0
2024-07-03 11:26:00,ITOS,14.779999732971191,14.779999732971191,14.789999961853027,14.779999732971191,14.789999961853027,760.0
2024-07-03 11:26:00,JANX,38.09000015258789,38.09000015258789,38.150001525878906,38.09000015258789,38.150001525878906,1984.0
2024-07-03 11:26:00,JAZZ,104.05000305175781,104.05000305175781,104.12999725341797,104.0199966430664,104.12999725341797,4705.0
2024-07-03 11:26:00,JYNT,13.28499984741211,13.28499984741211,13.28499984741211,13.279999732971191,13.279999732971191,803.0
2024-07-03 11:26:00,KOD,2.25,2.25,2.25,2.234600067138672,2.2399001121520996,31677.0
2024-07-03 11:26:00,KPTI,0.8449000120162964,0.8449000120162964,0.845300018787384,0.8449000120162964,0.845300018787384,1884.0
2024-07-03 11:26:00,KRMD,2.4000000953674316,2.4000000953674316,2.4000000953674316,2.4000000953674316,2.4000000953674316,371.0
2024-07-03 11:26:00,KZR,0.5740000009536743,0.5740000009536743,0.5745000243186951,0.5740000009536743,0.5745000243186951,1407.0
2024-07-03 11:26:00,LAB,1.7949999570846558,1.7949999570846558,1.7949999570846558,1.7949999570846558,1.7949999570846558,167.0
2024-07-03 11:26:00,LBPH,32.689998626708984,32.689998626708984,32.720001220703125,32.689998626708984,32.720001220703125,5905.0
2024-07-03 11:26:00,LEGN,46.380001068115234,46.380001068115234,46.404998779296875,46.372501373291016,46.404998779296875,7776.0
2024-07-03 11:26:00,LEXX,2.5999999046325684,2.5999999046325684,2.5999999046325684,2.5999999046325684,2.5999999046325684,1033.0
2024-07-03 11:26:00,LFMD,6.739999771118164,6.739999771118164,6.744999885559082,6.739999771118164,6.739999771118164,1278.0
2024-07-03 11:26:00,LFST,5.110000133514404,5.110000133514404,5.119999885559082,5.110000133514404,5.119999885559082,1619.0
2024-07-03 11:26:00,LGVN,1.579800009727478,1.579800009727478,1.579800009727478,1.579800009727478,1.579800009727478,4062.0
2024-07-03 11:26:00,LIVN,52.75,52.75,52.75,52.75,52.75,315.0
2024-07-03 11:26:00,LNTH,79.43000030517578,79.43000030517578,79.43000030517578,79.43000030517578,79.43000030517578,280.0
2024-07-03 11:26:00,LOGC,5.720099925994873,5.720099925994873,5.75,5.720099925994873,5.75,3509.0
2024-07-03 11:26:00,LPTX,1.799399971961975,1.799399971961975,1.799399971961975,1.799399971961975,1.799399971961975,508.0
2024-07-03 11:26:00,LRMR,7.739999771118164,7.739999771118164,7.739999771118164,7.730000019073486,7.7399001121521,1468.0
2024-07-03 11:26:00,LUCD,0.765999972820282,0.765999972820282,0.765999972820282,0.765999972820282,0.765999972820282,150.0
2024-07-03 11:26:00,LUCY,0.4641999900341034,0.4641999900341034,0.4641999900341034,0.4641999900341034,0.4641999900341034,2475.0
2024-07-03 11:26:00,LYRA,0.2874999940395355,0.2874999940395355,0.2874999940395355,0.2874999940395355,0.2874999940395355,898.0
2024-07-03 11:26:00,MASI,115.0,115.0,115.0,115.0,115.0,708.0
2024-07-03 11:26:00,MBIO,0.4934999942779541,0.4934999942779541,0.49709999561309814,0.4934999942779541,0.49709999561309814,14368.0
2024-07-03 11:26:00,MCRB,0.7192999720573425,0.7192999720573425,0.7192999720573425,0.7192999720573425,0.7192999720573425,705.0
2024-07-03 11:26:00,MDWD,15.050000190734863,15.050000190734863,15.050000190734863,15.050000190734863,15.050000190734863,6.0
2024-07-03 11:26:00,ME,0.4032999873161316,0.4032999873161316,0.4032999873161316,0.4027999937534332,0.4027999937534332,4613.0
2024-07-03 11:26:00,MEDP,407.1300048828125,407.1300048828125,407.1300048828125,406.55999755859375,406.57000732421875,3001.0
2024-07-03 11:26:00,MGNX,4.25,4.25,4.25,4.244999885559082,4.244999885559082,916.0
2024-07-03 11:26:00,MHUA,0.9139999747276306,0.9139999747276306,0.914900004863739,0.9139999747276306,0.914900004863739,300.0
2024-07-03 11:26:00,MIRM,33.74250030517578,33.74250030517578,33.744998931884766,33.74250030517578,33.744998931884766,762.0
2024-07-03 11:26:00,MLTX,41.15999984741211,41.15999984741211,41.15999984741211,41.15999984741211,41.15999984741211,323.0
2024-07-03 11:26:00,MNKD,5.050000190734863,5.050000190734863,5.051499843597412,5.050000190734863,5.051000118255615,2033.0
2024-07-03 11:26:00,MNMD,7.170000076293945,7.170000076293945,7.170000076293945,7.169000148773193,7.169000148773193,812.0
2024-07-03 11:26:00,MREO,3.5250000953674316,3.5250000953674316,3.5250000953674316,3.5250000953674316,3.5250000953674316,403.0
2024-07-03 11:26:00,MRNA,116.23999786376953,116.23999786376953,116.23999786376953,116.0250015258789,116.08999633789062,6483.0
2024-07-03 11:26:00,MRNS,1.2050000429153442,1.2050000429153442,1.2050000429153442,1.2050000429153442,1.2050000429153442,202.0
2024-07-03 11:26:00,MRSN,1.8650000095367432,1.8650000095367432,1.8650000095367432,1.8600000143051147,1.8600000143051147,433.0
2024-07-03 11:26:00,MRUS,52.3650016784668,52.3650016784668,52.38999938964844,52.25669860839844,52.25669860839844,3240.0
2024-07-03 11:26:00,MRVI,6.78000020980835,6.78000020980835,6.78000020980835,6.78000020980835,6.78000020980835,8613.0
2024-07-03 11:26:00,MXCT,3.684999942779541,3.684999942779541,3.684999942779541,3.6700000762939453,3.6700000762939453,2527.0
2024-07-03 11:26:00,NARI,49.470001220703125,49.470001220703125,49.470001220703125,49.470001220703125,49.470001220703125,476.0
2024-07-03 11:26:00,NBIX,138.66000366210938,138.66000366210938,138.7899932861328,138.6300048828125,138.7899932861328,4973.0
2024-07-03 11:26:00,NCNA,2.7679998874664307,2.7679998874664307,2.7679998874664307,2.7679998874664307,2.7679998874664307,300.0
2024-07-03 11:26:00,NDRA,0.09210000187158585,0.09210000187158585,0.093299999833107,0.09210000187158585,0.093299999833107,252654.0
2024-07-03 11:26:00,NEO,13.670000076293945,13.670000076293945,13.680000305175781,13.65999984741211,13.680000305175781,1726.0
2024-07-03 11:26:00,NEOG,15.229999542236328,15.229999542236328,15.244999885559082,15.225000381469727,15.234999656677246,5794.0
2024-07-03 11:26:00,NKTR,1.2450000047683716,1.2450000047683716,1.25,1.2450000047683716,1.25,1396.0
2024-07-03 11:26:00,NKTX,5.332600116729736,5.332600116729736,5.332600116729736,5.332600116729736,5.332600116729736,855.0
2024-07-03 11:26:00,NLSP,0.19920000433921814,0.19920000433921814,0.19949999451637268,0.19920000433921814,0.19949999451637268,4156.0
2024-07-03 11:26:00,NRC,22.899999618530273,22.899999618530273,22.90999984741211,22.899999618530273,22.90999984741211,2796.0
2024-07-03 11:26:00,NTLA,22.639999389648438,22.639999389648438,22.65999984741211,22.639999389648438,22.65999984741211,981.0
2024-07-03 11:26:00,NTRA,110.86000061035156,110.86000061035156,111.20999908447266,110.83999633789062,111.20999908447266,4458.0
2024-07-03 11:26:00,NVAX,12.65999984741211,12.65999984741211,12.710000038146973,12.654999732971191,12.704999923706055,13585.0
2024-07-03 11:26:00,NVCR,16.729000091552734,16.729000091552734,16.729000091552734,16.719999313354492,16.719999313354492,2707.0
2024-07-03 11:26:00,NXL,1.3799999952316284,1.3799999952316284,1.3799999952316284,1.3799999952316284,1.3799999952316284,111.0
2024-07-03 11:26:00,OCGN,1.6200000047683716,1.6200000047683716,1.6200000047683716,1.6150000095367432,1.6150000095367432,2011.0
2024-07-03 11:26:00,OCUL,6.695000171661377,6.695000171661377,6.695000171661377,6.695000171661377,6.695000171661377,4240.0
2024-07-03 11:26:00,OLK,25.774999618530273,25.774999618530273,25.774999618530273,25.774999618530273,25.774999618530273,3104.0
2024-07-03 11:26:00,OLMA,10.640000343322754,10.640000343322754,10.640000343322754,10.625,10.625,657.0
2024-07-03 11:26:00,OM,3.884999990463257,3.884999990463257,3.884999990463257,3.884999990463257,3.884999990463257,2016.0
2024-07-03 11:26:00,OMGA,1.9800000190734863,1.9800000190734863,1.9800000190734863,1.9800000190734863,1.9800000190734863,227.0
2024-07-03 11:27:00,ABCL,2.734999895095825,2.734999895095825,2.734999895095825,2.7300000190734863,2.734999895095825,549.0
2024-07-03 11:27:00,ABEO,4.264999866485596,4.264999866485596,4.28000020980835,4.264999866485596,4.264999866485596,1874.0
2024-07-03 11:27:00,ABIO,3.5999999046325684,3.5999999046325684,3.740000009536743,3.5999999046325684,3.740000009536743,1051.0
2024-07-03 11:27:00,ABSI,3.2200000286102295,3.2200000286102295,3.2249999046325684,3.2200000286102295,3.2200000286102295,928.0
2024-07-03 11:27:00,ABUS,3.1700000762939453,3.1700000762939453,3.1700000762939453,3.1700000762939453,3.1700000762939453,224.0
2024-07-03 11:27:00,ACAD,15.59000015258789,15.59000015258789,15.59000015258789,15.59000015258789,15.59000015258789,2365.0
2024-07-03 11:27:00,ACCD,3.549999952316284,3.549999952316284,3.559999942779541,3.549999952316284,3.555000066757202,12976.0
2024-07-03 11:27:00,ACET,1.059999942779541,1.059999942779541,1.0600999593734741,1.059999942779541,1.0600999593734741,4809.0
2024-07-03 11:27:00,ACHC,66.51000213623047,66.51000213623047,66.51000213623047,66.51000213623047,66.51000213623047,411.0
2024-07-03 11:27:00,ACHV,4.489999771118164,4.489999771118164,4.489999771118164,4.487299919128418,4.489999771118164,584.0
2024-07-03 11:27:00,ACRS,1.149999976158142,1.149999976158142,1.1549999713897705,1.149999976158142,1.1549999713897705,3809.0
2024-07-03 11:27:00,ADAP,1.0199999809265137,1.0199999809265137,1.0299999713897705,1.0199999809265137,1.0199999809265137,6125.0
2024-07-03 11:27:00,ADMA,11.274999618530273,11.274999618530273,11.274999618530273,11.274999618530273,11.274999618530273,830.0
2024-07-03 11:27:00,ADPT,3.380000114440918,3.380000114440918,3.384000062942505,3.380000114440918,3.384000062942505,242.0
2024-07-03 11:27:00,AFMD,5.079999923706055,5.079999923706055,5.079999923706055,5.079999923706055,5.079999923706055,520.0
2024-07-03 11:27:00,AGIO,41.88999938964844,41.88999938964844,41.88999938964844,41.88999938964844,41.88999938964844,1273.0
2024-07-03 11:27:00,AHCO,9.755000114440918,9.755000114440918,9.755000114440918,9.755000114440918,9.755000114440918,502.0
2024-07-03 11:27:00,AKBA,0.9427000284194946,0.9427000284194946,0.9427000284194946,0.9426000118255615,0.9427000284194946,1348.0
2024-07-03 11:27:00,AKRO,21.8799991607666,21.8799991607666,21.979999542236328,21.8799991607666,21.979999542236328,16226.0
2024-07-03 11:27:00,ALDX,3.190000057220459,3.190000057220459,3.190000057220459,3.190000057220459,3.190000057220459,0.0
2024-07-03 11:27:00,ALEC,4.429999828338623,4.429999828338623,4.429999828338623,4.429999828338623,4.429999828338623,200.0
2024-07-03 11:27:00,ALGN,240.32000732421875,240.32000732421875,240.5800018310547,240.32000732421875,240.53500366210938,915.0
2024-07-03 11:27:00,ALGS,0.4268999993801117,0.4268999993801117,0.4268999993801117,0.4259999990463257,0.4259999990463257,1610.0
2024-07-03 11:27:00,ALHC,8.0,8.0,8.0,8.0,8.0,931.0
2024-07-03 11:27:00,ALKS,24.232099533081055,24.232099533081055,24.232099533081055,24.232099533081055,24.232099533081055,215.0
2024-07-03 11:27:00,ALLO,2.125,2.125,2.130000114440918,2.125,2.130000114440918,10615.0
2024-07-03 11:27:00,ALLR,0.2037000060081482,0.2037000060081482,0.2037000060081482,0.2029999941587448,0.2037000060081482,5300.0
2024-07-03 11:27:00,ALNY,246.65499877929688,246.65499877929688,246.66000366210938,246.64999389648438,246.66000366210938,3245.0
2024-07-03 11:27:00,ALT,6.710000038146973,6.710000038146973,6.724999904632568,6.704999923706055,6.704999923706055,3109.0
2024-07-03 11:27:00,ALXO,5.855000019073486,5.855000019073486,5.855000019073486,5.855000019073486,5.855000019073486,500.0
2024-07-03 11:27:00,AMED,96.98999786376953,96.98999786376953,96.98999786376953,96.98999786376953,96.98999786376953,417.0
2024-07-03 11:27:00,AMGN,306.67999267578125,306.67999267578125,306.92999267578125,306.6199951171875,306.7200012207031,4126.0
2024-07-03 11:27:00,AMLX,1.7549999952316284,1.7549999952316284,1.7599999904632568,1.7549999952316284,1.7549999952316284,2265.0
2024-07-03 11:27:00,AMRN,0.6934999823570251,0.6934999823570251,0.6980000138282776,0.6923999786376953,0.6980000138282776,4814.0
2024-07-03 11:27:00,ANAB,24.959999084472656,24.959999084472656,24.959999084472656,24.959999084472656,24.959999084472656,324.0
2024-07-03 11:27:00,ANNX,4.784999847412109,4.784999847412109,4.800000190734863,4.769999980926514,4.795000076293945,8536.0
2024-07-03 11:27:00,ANTX,2.490000009536743,2.490000009536743,2.5199999809265137,2.490000009536743,2.5199999809265137,13385.0
2024-07-03 11:27:00,APLS,35.314998626708984,35.314998626708984,35.400001525878906,35.220001220703125,35.290000915527344,55970.0
2024-07-03 11:27:00,APLT,4.360000133514404,4.360000133514404,4.360000133514404,4.349999904632568,4.355000019073486,3811.0
2024-07-03 11:27:00,ARAY,1.749899983406067,1.749899983406067,1.749899983406067,1.7491999864578247,1.7491999864578247,900.0
2024-07-03 11:27:00,ARCT,21.56999969482422,21.56999969482422,21.56999969482422,21.510000228881836,21.510000228881836,4843.0
2024-07-03 11:27:00,ARDX,5.230100154876709,5.230100154876709,5.239999771118164,5.230000019073486,5.235000133514404,5522.0
2024-07-03 11:27:00,ARGX,435.42498779296875,435.42498779296875,435.42498779296875,435.42498779296875,435.42498779296875,223.0
2024-07-03 11:27:00,ARQT,9.725000381469727,9.725000381469727,9.725000381469727,9.704999923706055,9.710000038146973,3004.0
2024-07-03 11:27:00,ARVN,24.15999984741211,24.15999984741211,24.15999984741211,24.15999984741211,24.15999984741211,910.0
2024-07-03 11:27:00,ARWR,25.489999771118164,25.489999771118164,25.489999771118164,25.489999771118164,25.489999771118164,288.0
2024-07-03 11:27:00,ASND,135.375,135.375,135.375,135.375,135.375,346.0
2024-07-03 11:27:00,ASRT,1.340000033378601,1.340000033378601,1.340000033378601,1.3300000429153442,1.3300000429153442,5126.0
2024-07-03 11:27:00,ATOS,1.149999976158142,1.149999976158142,1.149999976158142,1.149999976158142,1.149999976158142,689.0
2024-07-03 11:27:00,ATRC,22.40999984741211,22.40999984741211,22.40999984741211,22.329999923706055,22.350000381469727,2284.0
2024-07-03 11:27:00,ATXS,9.029999732971191,9.029999732971191,9.039999961853027,9.010000228881836,9.039999961853027,1128.0
2024-07-03 11:27:00,AUGX,1.0,1.0,1.0,1.0,1.0,400.0
2024-07-03 11:27:00,AUPH,5.465000152587891,5.465000152587891,5.46999979019165,5.465000152587891,5.46999979019165,1774.0
2024-07-03 11:27:00,AUTL,3.4749999046325684,3.4749999046325684,3.4749999046325684,3.4749999046325684,3.4749999046325684,483.0
2024-07-03 11:27:00,AVDL,14.489999771118164,14.489999771118164,14.489999771118164,14.451899528503418,14.479999542236328,2344.0
2024-07-03 11:27:00,AVIR,3.309999942779541,3.309999942779541,3.309999942779541,3.309999942779541,3.309999942779541,248.0
2024-07-03 11:27:00,AVXL,4.210000038146973,4.210000038146973,4.210000038146973,4.210000038146973,4.210000038146973,481.0
2024-07-03 11:27:00,AXSM,79.63500213623047,79.63500213623047,79.63500213623047,79.59500122070312,79.59500122070312,1224.0
2024-07-03 11:27:00,AZN,76.7699966430664,76.7699966430664,76.77999877929688,76.75499725341797,76.75499725341797,7664.0
2024-07-03 11:27:00,BBIO,25.295000076293945,25.295000076293945,25.295000076293945,25.270000457763672,25.290000915527344,2794.0
2024-07-03 11:27:00,BCAB,1.3700000047683716,1.3700000047683716,1.3700000047683716,1.3700000047683716,1.3700000047683716,1324.0
2024-07-03 11:27:00,BCRX,6.480000019073486,6.480000019073486,6.480000019073486,6.480000019073486,6.480000019073486,272.0
2024-07-03 11:27:00,BCTX,1.0199999809265137,1.0199999809265137,1.0199999809265137,1.0199999809265137,1.0199999809265137,1106.0
2024-07-03 11:27:00,BDTX,4.369999885559082,4.369999885559082,4.369999885559082,4.369999885559082,4.369999885559082,311.0
2024-07-03 11:27:00,BEAM,23.690000534057617,23.690000534057617,23.690000534057617,23.65999984741211,23.65999984741211,2120.0
2024-07-03 11:27:00,BGNE,146.75,146.75,146.77000427246094,146.75,146.77000427246094,605.0
2024-07-03 11:27:00,BJDX,0.6251000165939331,0.6251000165939331,0.6258000135421753,0.6251000165939331,0.6255999803543091,3859.0
2024-07-03 11:27:00,BLUE,0.9308000206947327,0.9308000206947327,0.930899977684021,0.9308000206947327,0.930899977684021,909.0
2024-07-03 11:27:00,BMEA,4.409999847412109,4.409999847412109,4.420000076293945,4.401100158691406,4.401100158691406,4919.0
2024-07-03 11:27:00,BMRN,81.15499877929688,81.15499877929688,81.15499877929688,81.15499877929688,81.15499877929688,816.0
2024-07-03 11:27:00,BNGO,0.5576000213623047,0.5576000213623047,0.5576000213623047,0.5576000213623047,0.5576000213623047,10405.0
2024-07-03 11:27:00,BNTX,79.875,79.875,79.87999725341797,79.8499984741211,79.8499984741211,916.0
2024-07-03 11:27:00,BRKR,61.470001220703125,61.470001220703125,61.505001068115234,61.470001220703125,61.4900016784668,2494.0
2024-07-03 11:27:00,CABA,7.590000152587891,7.590000152587891,7.650000095367432,7.579999923706055,7.650000095367432,7792.0
2024-07-03 11:27:00,CAPR,4.724999904632568,4.724999904632568,4.724999904632568,4.724999904632568,4.724999904632568,122.0
2024-07-03 11:27:00,CARA,0.2874000072479248,0.2874000072479248,0.2897000014781952,0.2874000072479248,0.2897000014781952,2618.0
2024-07-03 11:27:00,CCCC,4.632500171661377,4.632500171661377,4.632500171661377,4.632500171661377,4.632500171661377,474.0
2024-07-03 11:27:00,CDMO,7.630000114440918,7.630000114440918,7.630000114440918,7.589900016784668,7.610000133514404,2875.0
2024-07-03 11:27:00,CDNA,15.119999885559082,15.119999885559082,15.159099578857422,15.119999885559082,15.159099578857422,1244.0
2024-07-03 11:27:00,CDXC,2.5199999809265137,2.5199999809265137,2.5199999809265137,2.51990008354187,2.51990008354187,1615.0
2024-07-03 11:27:00,CDXS,2.880000114440918,2.880000114440918,2.880000114440918,2.880000114440918,2.880000114440918,200.0
2024-07-03 11:27:00,CERE,40.48500061035156,40.48500061035156,40.63999938964844,40.48500061035156,40.599998474121094,31549.0
2024-07-03 11:27:00,CERS,1.715000033378601,1.715000033378601,1.715000033378601,1.715000033378601,1.715000033378601,1345.0
2024-07-03 11:27:00,CERT,13.789999961853027,13.789999961853027,13.789999961853027,13.789999961853027,13.789999961853027,436.0
2024-07-03 11:27:00,CGC,6.460000038146973,6.460000038146973,6.479400157928467,6.460000038146973,6.46999979019165,36993.0
2024-07-03 11:27:00,CGEM,16.889999389648438,16.889999389648438,16.889999389648438,16.8799991607666,16.8799991607666,895.0
2024-07-03 11:27:00,CGEN,1.649999976158142,1.649999976158142,1.649999976158142,1.649999976158142,1.649999976158142,686.0
2024-07-03 11:27:00,CHRS,1.4049999713897705,1.4049999713897705,1.4049999713897705,1.4049999713897705,1.4049999713897705,1111.0
2024-07-03 11:27:00,CING,0.3352000117301941,0.3352000117301941,0.33559998869895935,0.3352000117301941,0.33559998869895935,8891.0
2024-07-03 11:27:00,CKPT,2.2049999237060547,2.2049999237060547,2.2049999237060547,2.190000057220459,2.190000057220459,360.0
2024-07-03 11:27:00,CLDX,36.2400016784668,36.2400016784668,36.28499984741211,36.2400016784668,36.27000045776367,611.0
2024-07-03 11:27:00,CLLS,2.040800094604492,2.040800094604492,2.040800094604492,2.040800094604492,2.040800094604492,0.0
2024-07-03 11:27:00,CLOV,1.2450000047683716,1.2450000047683716,1.2450000047683716,1.24399995803833,1.24399995803833,887.0
2024-07-03 11:27:00,CLPT,5.440000057220459,5.440000057220459,5.449999809265137,5.420000076293945,5.449999809265137,3741.0
2024-07-03 11:27:00,CNSP,1.3804999589920044,1.3804999589920044,1.4199999570846558,1.3799999952316284,1.4199999570846558,158075.0
2024-07-03 11:27:00,COGT,8.539999961853027,8.539999961853027,8.539999961853027,8.539999961853027,8.539999961853027,539.0
2024-07-03 11:27:00,COLL,32.400001525878906,32.400001525878906,32.400001525878906,32.369998931884766,32.369998931884766,610.0
2024-07-03 11:27:00,CORT,30.239999771118164,30.239999771118164,30.260000228881836,30.239999771118164,30.260000228881836,754.0
2024-07-03 11:27:00,COSM,0.949999988079071,0.949999988079071,0.949999988079071,0.949999988079071,0.949999988079071,65.0
2024-07-03 11:27:00,CPRX,15.470000267028809,15.470000267028809,15.479999542236328,15.470000267028809,15.479999542236328,1751.0
2024-07-03 11:27:00,CRBU,1.5850000381469727,1.5850000381469727,1.5850000381469727,1.5800000429153442,1.5800000429153442,202.0
2024-07-03 11:27:00,CRDF,2.234999895095825,2.234999895095825,2.234999895095825,2.234999895095825,2.234999895095825,908.0
2024-07-03 11:27:00,CRDL,1.9199999570846558,1.9199999570846558,1.9293999671936035,1.9199999570846558,1.9249999523162842,9496.0
2024-07-03 11:27:00,CRMD,4.114999771118164,4.114999771118164,4.114999771118164,4.110000133514404,4.110000133514404,853.0
2024-07-03 11:27:00,CRNX,45.029998779296875,45.029998779296875,45.040000915527344,45.029998779296875,45.029998779296875,1948.0
2024-07-03 11:27:00,CRON,2.2950000762939453,2.2950000762939453,2.2950000762939453,2.2950000762939453,2.2950000762939453,321.0
2024-07-03 11:27:00,CRSP,53.689998626708984,53.689998626708984,53.689998626708984,53.65999984741211,53.68000030517578,1212.0
2024-07-03 11:27:00,CSTL,21.104999542236328,21.104999542236328,21.1299991607666,21.104999542236328,21.1299991607666,556.0
2024-07-03 11:27:00,CTKB,5.610000133514404,5.610000133514404,5.610000133514404,5.599999904632568,5.610000133514404,1715.0
2024-07-03 11:27:00,CTXR,0.47999998927116394,0.47999998927116394,0.4900999963283539,0.47999998927116394,0.4900999963283539,138309.0
2024-07-03 11:27:00,CUE,1.0056999921798706,1.0056999921798706,1.0056999921798706,1.0,1.0,351.0
2024-07-03 11:27:00,CUTR,1.315000057220459,1.315000057220459,1.315000057220459,1.315000057220459,1.315000057220459,344.0
2024-07-03 11:27:00,CVAC,3.3399999141693115,3.3399999141693115,3.359999895095825,3.3399999141693115,3.3499999046325684,29882.0
2024-07-03 11:27:00,CYTK,54.6150016784668,54.6150016784668,54.65999984741211,54.58000183105469,54.58000183105469,4612.0
2024-07-03 11:27:00,DERM,5.264999866485596,5.264999866485596,5.264999866485596,5.264999866485596,5.264999866485596,785.0
2024-07-03 11:27:00,DNLI,21.450000762939453,21.450000762939453,21.469999313354492,21.450000762939453,21.469999313354492,908.0
2024-07-03 11:27:00,DSGN,3.259999990463257,3.259999990463257,3.259999990463257,3.25,3.25,1000.0
2024-07-03 11:27:00,DVAX,11.074999809265137,11.074999809265137,11.074999809265137,11.074999809265137,11.074999809265137,431.0
2024-07-03 11:27:00,DXCM,110.6449966430664,110.6449966430664,110.66000366210938,110.62000274658203,110.62000274658203,1653.0
2024-07-03 11:27:00,DYN,34.470001220703125,34.470001220703125,34.4900016784668,34.470001220703125,34.4900016784668,864.0
2024-07-03 11:27:00,EDIT,4.650000095367432,4.650000095367432,4.650000095367432,4.650000095367432,4.650000095367432,138.0
2024-07-03 11:27:00,ELEV,2.674999952316284,2.674999952316284,2.674999952316284,2.674999952316284,2.674999952316284,207.0
2024-07-03 11:27:00,ENSG,126.41999816894531,126.41999816894531,126.41999816894531,126.31999969482422,126.31999969482422,2165.0
2024-07-03 11:27:00,EOLS,10.920000076293945,10.920000076293945,10.920000076293945,10.920000076293945,10.920000076293945,393.0
2024-07-03 11:27:00,ERAS,2.259999990463257,2.259999990463257,2.259999990463257,2.255000114440918,2.259999990463257,1707.0
2024-07-03 11:27:00,ESPR,2.3499999046325684,2.3499999046325684,2.3499999046325684,2.3450000286102295,2.3499999046325684,4696.0
2024-07-03 11:27:00,ETNB,7.489999771118164,7.489999771118164,7.489999771118164,7.489999771118164,7.489999771118164,217.0
2024-07-03 11:27:00,EVO,5.090000152587891,5.090000152587891,5.090000152587891,5.090000152587891,5.090000152587891,444.0
2024-07-03 11:27:00,EWTX,18.209999084472656,18.209999084472656,18.209999084472656,18.209999084472656,18.209999084472656,511.0
2024-07-03 11:27:00,EXAS,43.029998779296875,43.029998779296875,43.040000915527344,42.9900016784668,43.02000045776367,6496.0
2024-07-03 11:27:00,EXEL,21.979999542236328,21.979999542236328,21.979999542236328,21.979999542236328,21.979999542236328,2095.0
2024-07-03 11:27:00,EYPT,8.359999656677246,8.359999656677246,8.359999656677246,8.359999656677246,8.359999656677246,200.0
2024-07-03 11:27:00,FATE,3.184999942779541,3.184999942779541,3.184999942779541,3.184999942779541,3.184999942779541,669.0
2024-07-03 11:27:00,FGEN,0.7117999792098999,0.7117999792098999,0.7142999768257141,0.7117999792098999,0.7142999768257141,9031.0
2024-07-03 11:27:00,FLGT,20.18000030517578,20.18000030517578,20.190000534057617,20.18000030517578,20.190000534057617,220.0
2024-07-03 11:27:00,FOLD,9.904999732971191,9.904999732971191,9.904999732971191,9.899999618530273,9.899999618530273,2713.0
2024-07-03 11:27:00,FULC,6.144999980926514,6.144999980926514,6.144999980926514,6.144999980926514,6.144999980926514,3324.0
2024-07-03 11:27:00,GALT,2.1700000762939453,2.1700000762939453,2.1700000762939453,2.1700000762939453,2.1700000762939453,339.0
2024-07-03 11:27:00,GERN,4.315000057220459,4.315000057220459,4.329999923706055,4.315000057220459,4.329999923706055,17841.0
2024-07-03 11:27:00,GH,28.329999923706055,28.329999923706055,28.34000015258789,28.31999969482422,28.34000015258789,1621.0
2024-07-03 11:27:00,GHRS,11.739999771118164,11.739999771118164,11.739999771118164,11.739999771118164,11.739999771118164,314.0
2024-07-03 11:27:00,GILD,67.08999633789062,67.08999633789062,67.16000366210938,67.08999633789062,67.16000366210938,6168.0
2024-07-03 11:27:00,GMAB,25.18000030517578,25.18000030517578,25.18000030517578,25.18000030517578,25.18000030517578,942.0
2024-07-03 11:27:00,GOSS,0.9401999711990356,0.9401999711990356,0.9401999711990356,0.9387999773025513,0.9387999773025513,1432.0
2024-07-03 11:27:00,GRFS,6.659999847412109,6.659999847412109,6.670000076293945,6.659999847412109,6.670000076293945,3005.0
2024-07-03 11:27:00,GTHX,2.5,2.5,2.5,2.5,2.5,339.0
2024-07-03 11:27:00,HALO,51.85499954223633,51.85499954223633,51.97999954223633,51.84000015258789,51.97999954223633,5599.0
2024-07-03 11:27:00,HCM,17.450000762939453,17.450000762939453,17.450000762939453,17.450000762939453,17.450000762939453,235.0
2024-07-03 11:27:00,HCSG,10.510000228881836,10.510000228881836,10.515000343322754,10.510000228881836,10.515000343322754,1136.0
2024-07-03 11:27:00,HOLX,73.23999786376953,73.23999786376953,73.26000213623047,73.2300033569336,73.23999786376953,4412.0
2024-07-03 11:27:00,HOWL,2.049999952316284,2.049999952316284,2.0799999237060547,2.049999952316284,2.0799999237060547,253.0
2024-07-03 11:27:00,HQY,83.02999877929688,83.02999877929688,83.02999877929688,82.9800033569336,82.9800033569336,1189.0
2024-07-03 11:27:00,HRMY,30.21500015258789,30.21500015258789,30.25,30.209999084472656,30.209999084472656,1040.0
2024-07-03 11:27:00,HRTX,2.7862000465393066,2.7862000465393066,2.7862000465393066,2.7799999713897705,2.7799999713897705,6387.0
2024-07-03 11:27:00,HUGE,0.1445000022649765,0.1445000022649765,0.1445000022649765,0.1445000022649765,0.1445000022649765,2366.0
2024-07-03 11:27:00,HUMA,5.710000038146973,5.710000038146973,5.718999862670898,5.710000038146973,5.718999862670898,2519.0
2024-07-03 11:27:00,IART,28.649999618530273,28.649999618530273,28.649999618530273,28.649999618530273,28.649999618530273,436.0
2024-07-03 11:27:00,IBRX,6.269999980926514,6.269999980926514,6.269999980926514,6.264999866485596,6.264999866485596,769.0
2024-07-03 11:27:00,ICLR,317.1199951171875,317.1199951171875,317.1199951171875,317.1199951171875,317.1199951171875,845.0
2024-07-03 11:27:00,IDYA,33.654998779296875,33.654998779296875,33.654998779296875,33.63999938964844,33.63999938964844,648.0
2024-07-03 11:27:00,IKNA,1.6401000022888184,1.6401000022888184,1.6401000022888184,1.6401000022888184,1.6401000022888184,1523.0
2024-07-03 11:27:00,IKT,1.2400000095367432,1.2400000095367432,1.2400000095367432,1.2400000095367432,1.2400000095367432,2000.0
2024-07-03 11:27:00,ILMN,105.37999725341797,105.37999725341797,105.41000366210938,105.34500122070312,105.36499786376953,1409.0
2024-07-03 11:27:00,IMAB,1.5299999713897705,1.5299999713897705,1.5399999618530273,1.5299999713897705,1.5399999618530273,2190.0
2024-07-03 11:27:00,IMCR,36.04499816894531,36.04499816894531,36.09000015258789,36.04499816894531,36.08000183105469,705.0
2024-07-03 11:27:00,IMMX,2.4079999923706055,2.4079999923706055,2.4079999923706055,2.4000000953674316,2.4000000953674316,564.0
2024-07-03 11:27:00,IMNM,12.079999923706055,12.079999923706055,12.079999923706055,12.079999923706055,12.079999923706055,210.0
2024-07-03 11:27:00,IMRX,1.1399999856948853,1.1399999856948853,1.1399999856948853,1.1399999856948853,1.1399999856948853,240.0
2024-07-03 11:27:00,IMVT,26.229999542236328,26.229999542236328,26.2450008392334,26.229999542236328,26.2450008392334,222.0
2024-07-03 11:27:00,INCY,57.939998626708984,57.939998626708984,58.0,57.939998626708984,58.0,3428.0
2024-07-03 11:27:00,INMD,17.56999969482422,17.56999969482422,17.56999969482422,17.56999969482422,17.56999969482422,1036.0
2024-07-03 11:27:00,INSM,61.970001220703125,61.970001220703125,61.970001220703125,61.970001220703125,61.970001220703125,622.0
2024-07-03 11:27:00,INZY,4.465000152587891,4.465000152587891,4.465000152587891,4.465000152587891,4.465000152587891,350.0
2024-07-03 11:27:00,IONS,44.68000030517578,44.68000030517578,44.68000030517578,44.59000015258789,44.59000015258789,4895.0
2024-07-03 11:27:00,IOVA,7.590000152587891,7.590000152587891,7.610000133514404,7.590000152587891,7.610000133514404,32689.0
2024-07-03 11:27:00,IPA,1.0099999904632568,1.0099999904632568,1.0099999904632568,1.0099999904632568,1.0099999904632568,2726.0
2024-07-03 11:27:00,IPSC,2.25,2.25,2.25,2.25,2.25,366.0
2024-07-03 11:27:00,IRTC,95.19999694824219,95.19999694824219,95.33499908447266,95.19999694824219,95.27999877929688,1229.0
2024-07-03 11:27:00,IRWD,6.125,6.125,6.125,6.114999771118164,6.119999885559082,6010.0
2024-07-03 11:27:00,ISPC,0.27900001406669617,0.27900001406669617,0.27900001406669617,0.27900001406669617,0.27900001406669617,0.0
2024-07-03 11:27:00,ISRG,433.9599914550781,433.9599914550781,434.4963073730469,433.9599914550781,434.3550109863281,1391.0
2024-07-03 11:27:00,ITCI,68.22000122070312,68.22000122070312,68.23999786376953,68.16999816894531,68.23999786376953,764.0
2024-07-03 11:27:00,ITOS,14.770000457763672,14.770000457763672,14.770000457763672,14.770000457763672,14.770000457763672,698.0
2024-07-03 11:27:00,JANX,38.06999969482422,38.06999969482422,38.099998474121094,38.06999969482422,38.09000015258789,1029.0
2024-07-03 11:27:00,JAZZ,103.9800033569336,103.9800033569336,103.9800033569336,103.9800033569336,103.9800033569336,190.0
2024-07-03 11:27:00,KALV,11.65999984741211,11.65999984741211,11.65999984741211,11.65999984741211,11.65999984741211,1404.0
2024-07-03 11:27:00,KMDA,5.170000076293945,5.170000076293945,5.170000076293945,5.170000076293945,5.170000076293945,200.0
2024-07-03 11:27:00,KNSA,18.93000030517578,18.93000030517578,18.93000030517578,18.924999237060547,18.924999237060547,504.0
2024-07-03 11:27:00,KOD,2.2249999046325684,2.2249999046325684,2.25570011138916,2.2200000286102295,2.25570011138916,24623.0
2024-07-03 11:27:00,KPRX,4.309999942779541,4.309999942779541,4.309999942779541,4.309999942779541,4.309999942779541,0.0
2024-07-03 11:27:00,KPTI,0.8410000205039978,0.8410000205039978,0.8449000120162964,0.8409000039100647,0.8449000120162964,10691.0
2024-07-03 11:27:00,KRON,1.1399999856948853,1.1399999856948853,1.1399999856948853,1.1399999856948853,1.1399999856948853,698.0
2024-07-03 11:27:00,KTRA,0.2921999990940094,0.2921999990940094,0.2924000024795532,0.288100004196167,0.288100004196167,71905.0
2024-07-03 11:27:00,KYMR,30.280000686645508,30.280000686645508,30.280000686645508,30.280000686645508,30.280000686645508,647.0
2024-07-03 11:27:00,LAB,1.7999999523162842,1.7999999523162842,1.7999999523162842,1.7925000190734863,1.7925000190734863,400.0
2024-07-03 11:27:00,LEGN,46.47999954223633,46.47999954223633,46.47999954223633,46.369998931884766,46.369998931884766,1843.0
2024-07-03 11:27:00,LFMD,6.75,6.75,6.75,6.744999885559082,6.744999885559082,1107.0
2024-07-03 11:27:00,LFST,5.110000133514404,5.110000133514404,5.114999771118164,5.110000133514404,5.114999771118164,700.0
2024-07-03 11:27:00,LGVN,1.5850000381469727,1.5850000381469727,1.5850000381469727,1.5850000381469727,1.5850000381469727,1200.0
2024-07-03 11:27:00,LMAT,81.61000061035156,81.61000061035156,81.61000061035156,81.61000061035156,81.61000061035156,248.0
2024-07-03 11:27:00,LOGC,5.723999977111816,5.723999977111816,5.723999977111816,5.723999977111816,5.723999977111816,149.0
2024-07-03 11:27:00,LPTX,1.7899999618530273,1.7899999618530273,1.7899999618530273,1.7899999618530273,1.7899999618530273,100.0
2024-07-03 11:27:00,LQDA,11.899999618530273,11.899999618530273,11.930000305175781,11.899999618530273,11.930000305175781,1825.0
2024-07-03 11:27:00,LTRN,4.539899826049805,4.539899826049805,4.539899826049805,4.539899826049805,4.539899826049805,620.0
2024-07-03 11:27:00,LUCD,0.7699000239372253,0.7699000239372253,0.7699000239372253,0.7699000239372253,0.7699000239372253,2000.0
2024-07-03 11:27:00,LUCY,0.4668999910354614,0.4668999910354614,0.4668999910354614,0.4668999910354614,0.4668999910354614,32559.0
2024-07-03 11:27:00,LXRX,1.6050000190734863,1.6050000190734863,1.6050000190734863,1.590000033378601,1.6050000190734863,69035.0
2024-07-03 11:27:00,LYEL,1.5104999542236328,1.5104999542236328,1.5104999542236328,1.5104999542236328,1.5104999542236328,557.0
2024-07-03 11:27:00,MASI,114.97000122070312,114.97000122070312,114.97000122070312,114.86000061035156,114.9000015258789,1946.0
2024-07-03 11:27:00,MBIO,0.4893999993801117,0.4893999993801117,0.4936000108718872,0.4853000044822693,0.4934999942779541,54727.0
2024-07-03 11:27:00,MBOT,1.0499999523162842,1.0499999523162842,1.0499999523162842,1.0499999523162842,1.0499999523162842,900.0
2024-07-03 11:27:00,MCRB,0.7167999744415283,0.7167999744415283,0.7167999744415283,0.7167999744415283,0.7167999744415283,773.0
2024-07-03 11:27:00,MDWD,14.890000343322754,14.890000343322754,14.890000343322754,14.880000114440918,14.880000114440918,3035.0
2024-07-03 11:27:00,MDXG,6.755099773406982,6.755099773406982,6.755099773406982,6.755099773406982,6.755099773406982,838.0
2024-07-03 11:27:00,ME,0.40290001034736633,0.40290001034736633,0.4032999873161316,0.4027999937534332,0.4032999873161316,4576.0
2024-07-03 11:27:00,MGNX,4.224999904632568,4.224999904632568,4.239999771118164,4.224999904632568,4.239999771118164,3868.0
2024-07-03 11:27:00,MIRM,33.779998779296875,33.779998779296875,33.779998779296875,33.70000076293945,33.70000076293945,860.0
2024-07-03 11:27:00,MMSI,85.93000030517578,85.93000030517578,85.93000030517578,85.91000366210938,85.91999816894531,1486.0
2024-07-03 11:27:00,MNKD,5.054999828338623,5.054999828338623,5.054999828338623,5.050000190734863,5.050000190734863,971.0
2024-07-03 11:27:00,MNPR,0.7050999999046326,0.7050999999046326,0.7050999999046326,0.7050999999046326,0.7050999999046326,411.0
2024-07-03 11:27:00,MREO,3.5250000953674316,3.5250000953674316,3.5250000953674316,3.5250000953674316,3.5250000953674316,948.0
2024-07-03 11:27:00,MRKR,5.099999904632568,5.099999904632568,5.099999904632568,5.099999904632568,5.099999904632568,824.0
2024-07-03 11:27:00,MRNA,115.9800033569336,115.9800033569336,116.1449966430664,115.9800033569336,116.1449966430664,2889.0
2024-07-03 11:27:00,MRSN,1.8650000095367432,1.8650000095367432,1.8650000095367432,1.8600000143051147,1.8650000095367432,1551.0
2024-07-03 11:27:00,MRUS,52.380001068115234,52.380001068115234,52.5098991394043,52.380001068115234,52.380001068115234,3091.0
2024-07-03 11:27:00,MRVI,6.789999961853027,6.789999961853027,6.789999961853027,6.784999847412109,6.784999847412109,9901.0
2024-07-03 11:27:00,MXCT,3.684999942779541,3.684999942779541,3.684999942779541,3.684999942779541,3.684999942779541,381.0
2024-07-03 11:27:00,MYGN,24.9950008392334,24.9950008392334,25.020000457763672,24.9950008392334,25.014999389648438,1653.0
2024-07-03 11:27:00,NDRA,0.09309999644756317,0.09309999644756317,0.09319999814033508,0.09200000017881393,0.09200000017881393,9900.0
2024-07-03 11:27:00,NEO,13.699999809265137,13.699999809265137,13.699999809265137,13.65999984741211,13.65999984741211,7599.0
2024-07-03 11:27:00,NEOG,15.229999542236328,15.229999542236328,15.229999542236328,15.21500015258789,15.220000267028809,3021.0
2024-07-03 11:27:00,NKTR,1.2450000047683716,1.2450000047683716,1.2450000047683716,1.2400000095367432,1.2450000047683716,9605.0
2024-07-03 11:27:00,NKTX,5.360000133514404,5.360000133514404,5.360000133514404,5.349999904632568,5.349999904632568,944.0
2024-07-03 11:27:00,NRC,22.940000534057617,22.940000534057617,22.979999542236328,22.920000076293945,22.940000534057617,2222.0
2024-07-03 11:27:00,NRIX,19.690000534057617,19.690000534057617,19.719999313354492,19.65999984741211,19.719999313354492,1436.0
2024-07-03 11:27:00,NRSN,1.2999999523162842,1.2999999523162842,1.3000999689102173,1.2899999618530273,1.3000999689102173,10305.0
2024-07-03 11:27:00,NTLA,22.645000457763672,22.645000457763672,22.65999984741211,22.645000457763672,22.649999618530273,2673.0
2024-07-03 11:27:00,NTRA,110.83499908447266,110.83499908447266,110.9000015258789,110.7300033569336,110.87999725341797,4097.0
2024-07-03 11:27:00,NUVL,72.44000244140625,72.44000244140625,72.44000244140625,72.44000244140625,72.44000244140625,435.0
2024-07-03 11:27:00,NUWE,3.950000047683716,3.950000047683716,3.9737000465393066,3.950000047683716,3.9737000465393066,452.0
2024-07-03 11:27:00,NVAX,12.670000076293945,12.670000076293945,12.670000076293945,12.65999984741211,12.65999984741211,2929.0
2024-07-03 11:27:00,NVOS,0.7555000185966492,0.7555000185966492,0.7555000185966492,0.7555000185966492,0.7555000185966492,550.0
2024-07-03 11:27:00,NXL,1.3849999904632568,1.3849999904632568,1.3849999904632568,1.3849999904632568,1.3849999904632568,1004.0
2024-07-03 11:27:00,NXTC,1.590000033378601,1.590000033378601,1.590000033378601,1.590000033378601,1.590000033378601,383.0
2024-07-03 11:27:00,OCGN,1.6200000047683716,1.6200000047683716,1.6200000047683716,1.6150000095367432,1.6200000047683716,1251.0
2024-07-03 11:27:00,OCUL,6.710000038146973,6.710000038146973,6.710000038146973,6.695000171661377,6.699999809265137,2918.0
2024-07-03 11:27:00,OFIX,13.460000038146973,13.460000038146973,13.460000038146973,13.460000038146973,13.460000038146973,149.0
2024-07-03 11:27:00,OGI,1.5729000568389893,1.5729000568389893,1.5729000568389893,1.5729000568389893,1.5729000568389893,3263.0
2024-07-03 11:27:00,OLMA,10.625,10.625,10.630000114440918,10.625,10.630000114440918,837.0
2024-07-03 11:27:00,OM,3.875,3.875,3.880000114440918,3.869999885559082,3.880000114440918,1572.0
2024-07-03 11:27:00,OMCL,26.584999084472656,26.584999084472656,26.584999084472656,26.584999084472656,26.584999084472656,2906.0
2024-07-03 11:27:00,OMGA,1.9800000190734863,1.9800000190734863,1.9800000190734863,1.9800000190734863,1.9800000190734863,205.0
2024-07-03 11:27:00,OMIC,8.630000114440918,8.630000114440918,8.630000114440918,8.630000114440918,8.630000114440918,221.0
2024-07-03 11:28:00,ABCL,2.7399001121520996,2.7399001121520996,2.7399001121520996,2.7399001121520996,2.7399001121520996,289.0
2024-07-03 11:28:00,ABEO,4.25,4.25,4.25,4.25,4.25,240.0
2024-07-03 11:28:00,ABIO,3.6500000953674316,3.6500000953674316,3.6500000953674316,3.6500000953674316,3.6500000953674316,407.0
2024-07-03 11:28:00,ABOS,2.305000066757202,2.305000066757202,2.319999933242798,2.305000066757202,2.319999933242798,1868.0
2024-07-03 11:28:00,ABSI,3.2290000915527344,3.2290000915527344,3.2290000915527344,3.210099935531616,3.2200000286102295,874.0
2024-07-03 11:28:00,ABUS,3.1700000762939453,3.1700000762939453,3.1700000762939453,3.1700000762939453,3.1700000762939453,5892.0
2024-07-03 11:28:00,ACAD,15.59000015258789,15.59000015258789,15.59000015258789,15.59000015258789,15.59000015258789,468.0
2024-07-03 11:28:00,ACB,4.885000228881836,4.885000228881836,4.885000228881836,4.860000133514404,4.860000133514404,3960.0
2024-07-03 11:28:00,ACCD,3.5399999618530273,3.5399999618530273,3.5399999618530273,3.5399999618530273,3.5399999618530273,11311.0
2024-07-03 11:28:00,ACET,1.0686999559402466,1.0686999559402466,1.0686999559402466,1.0686999559402466,1.0686999559402466,513.0
2024-07-03 11:28:00,ACHC,66.51000213623047,66.51000213623047,66.51000213623047,66.51000213623047,66.51000213623047,301.0
2024-07-03 11:28:00,ACRS,1.149999976158142,1.149999976158142,1.149999976158142,1.149999976158142,1.149999976158142,1110.0
2024-07-03 11:28:00,ADAP,1.0099999904632568,1.0099999904632568,1.0115000009536743,1.0099999904632568,1.0115000009536743,1369.0
2024-07-03 11:28:00,ADIL,1.0499999523162842,1.0499999523162842,1.0499999523162842,1.0499999523162842,1.0499999523162842,379.0
2024-07-03 11:28:00,ADMA,11.270099639892578,11.270099639892578,11.274999618530273,11.270000457763672,11.270000457763672,3865.0
2024-07-03 11:28:00,ADPT,3.384999990463257,3.384999990463257,3.384999990463257,3.380000114440918,3.380000114440918,1958.0
2024-07-03 11:28:00,ADVM,7.074999809265137,7.074999809265137,7.074999809265137,7.074999809265137,7.074999809265137,244.0
2024-07-03 11:28:00,AEMD,0.41019999980926514,0.41019999980926514,0.41019999980926514,0.41019999980926514,0.41019999980926514,102.0
2024-07-03 11:28:00,AGIO,41.849998474121094,41.849998474121094,41.849998474121094,41.849998474121094,41.849998474121094,356.0
2024-07-03 11:28:00,AHCO,9.755000114440918,9.755000114440918,9.760000228881836,9.75,9.759900093078613,4189.0
2024-07-03 11:28:00,AKBA,0.9427000284194946,0.9427000284194946,0.9427000284194946,0.9426000118255615,0.9426000118255615,974.0
2024-07-03 11:28:00,ALEC,4.425000190734863,4.425000190734863,4.425000190734863,4.425000190734863,4.425000190734863,2431.0
2024-07-03 11:28:00,ALGN,240.44000244140625,240.44000244140625,240.4499969482422,240.25999450683594,240.25999450683594,1224.0
2024-07-03 11:28:00,ALHC,8.010000228881836,8.010000228881836,8.010000228881836,8.010000228881836,8.010000228881836,1925.0
2024-07-03 11:28:00,ALKS,24.21500015258789,24.21500015258789,24.219999313354492,24.209999084472656,24.209999084472656,3422.0
2024-07-03 11:28:00,ALLK,0.8395000100135803,0.8395000100135803,0.8395000100135803,0.8395000100135803,0.8395000100135803,200.0
2024-07-03 11:28:00,ALLO,2.125,2.125,2.125,2.125,2.125,4172.0
2024-07-03 11:28:00,ALLR,0.20319999754428864,0.20319999754428864,0.2037000060081482,0.20250000059604645,0.20340000092983246,14038.0
2024-07-03 11:28:00,ALNY,246.6649932861328,246.6649932861328,246.6649932861328,246.6649932861328,246.6649932861328,1641.0
2024-07-03 11:28:00,ALT,6.710000038146973,6.710000038146973,6.71999979019165,6.710000038146973,6.715000152587891,2426.0
2024-07-03 11:28:00,ALVO,12.300000190734863,12.300000190734863,12.300000190734863,12.300000190734863,12.300000190734863,603.0
2024-07-03 11:28:00,ALVR,0.7354999780654907,0.7354999780654907,0.7354999780654907,0.7354999780654907,0.7354999780654907,205.0
2024-07-03 11:28:00,AMED,97.0,97.0,97.0,96.88500213623047,96.88500213623047,3309.0
2024-07-03 11:28:00,AMGN,306.6000061035156,306.6000061035156,306.7099914550781,306.6000061035156,306.6300048828125,1506.0
2024-07-03 11:28:00,AMLX,1.75,1.75,1.7599999904632568,1.75,1.7549999952316284,3318.0
2024-07-03 11:28:00,AMPH,38.5,38.5,38.5,38.380001068115234,38.380001068115234,2885.0
2024-07-03 11:28:00,AMRN,0.6949999928474426,0.6949999928474426,0.6949999928474426,0.6938999891281128,0.6938999891281128,326.0
2024-07-03 11:28:00,ANAB,25.070899963378906,25.070899963378906,25.070899963378906,25.070899963378906,25.070899963378906,152.0
2024-07-03 11:28:00,ANGO,5.667500019073486,5.667500019073486,5.667500019073486,5.667500019073486,5.667500019073486,639.0
2024-07-03 11:28:00,ANNX,4.775000095367432,4.775000095367432,4.784999847412109,4.775000095367432,4.784999847412109,3075.0
2024-07-03 11:28:00,ANTX,2.490000009536743,2.490000009536743,2.494999885559082,2.48009991645813,2.490000009536743,8125.0
2024-07-03 11:28:00,APDN,0.39500001072883606,0.39500001072883606,0.39899998903274536,0.39500001072883606,0.39899998903274536,4456.0
2024-07-03 11:28:00,APLS,35.27000045776367,35.27000045776367,35.31999969482422,35.209999084472656,35.279998779296875,2123.0
2024-07-03 11:28:00,APLT,4.360000133514404,4.360000133514404,4.360000133514404,4.360000133514404,4.360000133514404,700.0
2024-07-03 11:28:00,APYX,1.3899999856948853,1.3899999856948853,1.3899999856948853,1.3899999856948853,1.3899999856948853,1129.0
2024-07-03 11:28:00,AQST,2.430000066757202,2.430000066757202,2.430000066757202,2.424999952316284,2.424999952316284,813.0
2024-07-03 11:28:00,ARAY,1.7450000047683716,1.7450000047683716,1.7450000047683716,1.7450000047683716,1.7450000047683716,50.0
2024-07-03 11:28:00,ARCT,21.552000045776367,21.552000045776367,21.552000045776367,21.479999542236328,21.479999542236328,6134.0
2024-07-03 11:28:00,ARDX,5.235000133514404,5.235000133514404,5.239999771118164,5.230000019073486,5.235000133514404,9636.0
2024-07-03 11:28:00,ARGX,435.4200134277344,435.4200134277344,435.4200134277344,435.4200134277344,435.4200134277344,468.0
2024-07-03 11:28:00,ARQT,9.734999656677246,9.734999656677246,9.739999771118164,9.729999542236328,9.729999542236328,2134.0
2024-07-03 11:28:00,ARVN,24.139999389648438,24.139999389648438,24.139999389648438,24.1299991607666,24.1299991607666,284.0
2024-07-03 11:28:00,ARWR,25.51959991455078,25.51959991455078,25.51959991455078,25.5,25.5,725.0
2024-07-03 11:28:00,ASLN,2.299999952316284,2.299999952316284,2.299999952316284,2.299999952316284,2.299999952316284,147.0
2024-07-03 11:28:00,ASRT,1.3301000595092773,1.3301000595092773,1.3301000595092773,1.3301000595092773,1.3301000595092773,3948.0
2024-07-03 11:28:00,ATAI,1.2949999570846558,1.2949999570846558,1.2949999570846558,1.2949999570846558,1.2949999570846558,28.0
2024-07-03 11:28:00,ATOS,1.1568000316619873,1.1568000316619873,1.1568000316619873,1.1568000316619873,1.1568000316619873,635.0
2024-07-03 11:28:00,ATRC,22.389999389648438,22.389999389648438,22.389999389648438,22.389999389648438,22.389999389648438,364.0
2024-07-03 11:28:00,AUGX,1.0,1.0,1.0,1.0,1.0,2297.0
2024-07-03 11:28:00,AUPH,5.465000152587891,5.465000152587891,5.466000080108643,5.465000152587891,5.465000152587891,1151.0
2024-07-03 11:28:00,AUTL,3.4749999046325684,3.4749999046325684,3.4749999046325684,3.4749999046325684,3.4749999046325684,300.0
2024-07-03 11:28:00,AVDL,14.489999771118164,14.489999771118164,14.489999771118164,14.479999542236328,14.479999542236328,2346.0
2024-07-03 11:28:00,AVTE,1.625,1.625,1.6299999952316284,1.6200000047683716,1.6200000047683716,2461.0
2024-07-03 11:28:00,AVXL,4.204999923706055,4.204999923706055,4.204999923706055,4.204999923706055,4.204999923706055,5917.0
2024-07-03 11:28:00,AZN,76.73999786376953,76.73999786376953,76.7699966430664,76.73999786376953,76.7699966430664,15669.0
2024-07-03 11:28:00,BBIO,25.314800262451172,25.314800262451172,25.329999923706055,25.309999465942383,25.309999465942383,2473.0
2024-07-03 11:28:00,BCAB,1.375,1.375,1.375,1.375,1.375,610.0
2024-07-03 11:28:00,BCRX,6.485000133514404,6.485000133514404,6.485000133514404,6.474999904632568,6.480000019073486,2127.0
2024-07-03 11:28:00,BEAM,23.65999984741211,23.65999984741211,23.65999984741211,23.65999984741211,23.65999984741211,1023.0
2024-07-03 11:28:00,BIIB,223.74000549316406,223.74000549316406,223.75,223.74000549316406,223.75,1525.0
2024-07-03 11:28:00,BIOR,0.6262000203132629,0.6262000203132629,0.6262999773025513,0.6258999705314636,0.6262999773025513,5625.0
2024-07-03 11:28:00,BJDX,0.6230999827384949,0.6230999827384949,0.625,0.6230999827384949,0.625,10845.0
2024-07-03 11:28:00,BLUE,0.9358999729156494,0.9358999729156494,0.9358999729156494,0.928600013256073,0.928600013256073,84163.0
2024-07-03 11:28:00,BNGO,0.557699978351593,0.557699978351593,0.557699978351593,0.5576000213623047,0.5576000213623047,20920.0
2024-07-03 11:28:00,BNTX,79.9000015258789,79.9000015258789,79.90119934082031,79.80999755859375,79.80999755859375,555.0
2024-07-03 11:28:00,BRKR,61.5,61.5,61.5,61.5,61.5,725.0
2024-07-03 11:28:00,BTMD,7.440000057220459,7.440000057220459,7.440000057220459,7.420000076293945,7.420000076293945,2573.0
2024-07-03 11:28:00,BVS,5.960000038146973,5.960000038146973,5.960000038146973,5.960000038146973,5.960000038146973,479.0
2024-07-03 11:28:00,CABA,7.579999923706055,7.579999923706055,7.590000152587891,7.579999923706055,7.590000152587891,776.0
2024-07-03 11:28:00,CADL,6.260000228881836,6.260000228881836,6.260000228881836,6.260000228881836,6.260000228881836,865.0
2024-07-03 11:28:00,CAPR,4.724999904632568,4.724999904632568,4.724999904632568,4.724999904632568,4.724999904632568,101.0
2024-07-03 11:28:00,CCCC,4.639999866485596,4.639999866485596,4.639999866485596,4.635000228881836,4.635000228881836,1333.0
2024-07-03 11:28:00,CCRN,13.739999771118164,13.739999771118164,13.739999771118164,13.739999771118164,13.739999771118164,528.0
2024-07-03 11:28:00,CDMO,7.610000133514404,7.610000133514404,7.630000114440918,7.610000133514404,7.630000114440918,1932.0
2024-07-03 11:28:00,CDXS,2.875,2.875,2.875,2.865000009536743,2.869999885559082,2604.0
2024-07-03 11:28:00,CELC,16.290000915527344,16.290000915527344,16.290000915527344,16.290000915527344,16.290000915527344,143.0
2024-07-03 11:28:00,CERE,40.16999816894531,40.16999816894531,40.559898376464844,40.16999816894531,40.47999954223633,82286.0
2024-07-03 11:28:00,CERS,1.7100000381469727,1.7100000381469727,1.7100000381469727,1.7100000381469727,1.7100000381469727,200.0
2024-07-03 11:28:00,CERT,13.789999961853027,13.789999961853027,13.789999961853027,13.789999961853027,13.789999961853027,542.0
2024-07-03 11:28:00,CGC,6.514999866485596,6.514999866485596,6.525000095367432,6.474999904632568,6.477499961853027,35458.0
2024-07-03 11:28:00,CGEM,16.8700008392334,16.8700008392334,16.8700008392334,16.8700008392334,16.8700008392334,635.0
2024-07-03 11:28:00,CGEN,1.649999976158142,1.649999976158142,1.649999976158142,1.649999976158142,1.649999976158142,605.0
2024-07-03 11:28:00,CHRS,1.4049999713897705,1.4049999713897705,1.4049999713897705,1.4020999670028687,1.4020999670028687,4837.0
2024-07-03 11:28:00,CLDX,36.28969955444336,36.28969955444336,36.28969955444336,36.28969955444336,36.28969955444336,443.0
2024-07-03 11:28:00,CLOV,1.2401000261306763,1.2401000261306763,1.2450000047683716,1.2401000261306763,1.2444000244140625,1571.0
2024-07-03 11:28:00,CLPT,5.409999847412109,5.409999847412109,5.409999847412109,5.409999847412109,5.409999847412109,558.0
2024-07-03 11:28:00,CMAX,2.190000057220459,2.190000057220459,2.190000057220459,2.190000057220459,2.190000057220459,200.0
2024-07-03 11:28:00,CMPX,0.8449000120162964,0.8449000120162964,0.8449000120162964,0.8449000120162964,0.8449000120162964,2467.0
2024-07-03 11:28:00,CMRX,0.8629999756813049,0.8629999756813049,0.8629999756813049,0.8629999756813049,0.8629999756813049,479.0
2024-07-03 11:28:00,CNSP,1.375,1.375,1.4199999570846558,1.3600000143051147,1.3799999952316284,143703.0
2024-07-03 11:28:00,COGT,8.5600004196167,8.5600004196167,8.5600004196167,8.5600004196167,8.5600004196167,987.0
2024-07-03 11:28:00,CORT,30.334999084472656,30.334999084472656,30.34000015258789,30.25,30.25,4071.0
2024-07-03 11:28:00,COSM,0.9399999976158142,0.9399999976158142,0.9401999711990356,0.9399999976158142,0.9401999711990356,11250.0
2024-07-03 11:28:00,CRBU,1.5800000429153442,1.5800000429153442,1.5800000429153442,1.5800000429153442,1.5800000429153442,316.0
2024-07-03 11:28:00,CRDL,1.9198999404907227,1.9198999404907227,1.9198999404907227,1.9198999404907227,1.9198999404907227,3931.0
2024-07-03 11:28:00,CRMD,4.114999771118164,4.114999771118164,4.114999771118164,4.110000133514404,4.114999771118164,422.0
2024-07-03 11:28:00,CRNX,45.060001373291016,45.060001373291016,45.08000183105469,45.029998779296875,45.040000915527344,1098.0
2024-07-03 11:28:00,CRON,2.299999952316284,2.299999952316284,2.299999952316284,2.2950000762939453,2.2950000762939453,5905.0
2024-07-03 11:28:00,CRSP,53.701499938964844,53.701499938964844,53.701499938964844,53.701499938964844,53.701499938964844,294.0
2024-07-03 11:28:00,CSTL,21.139999389648438,21.139999389648438,21.149999618530273,21.139999389648438,21.149999618530273,403.0
2024-07-03 11:28:00,CTKB,5.610000133514404,5.610000133514404,5.610000133514404,5.610000133514404,5.610000133514404,1355.0
2024-07-03 11:28:00,CTXR,0.4812000095844269,0.4812000095844269,0.4997999966144562,0.4812000095844269,0.4997999966144562,4245.0
2024-07-03 11:28:00,CUE,0.9800000190734863,0.9800000190734863,1.000100016593933,0.9800000190734863,1.000100016593933,15206.0
2024-07-03 11:28:00,CUTR,1.315000057220459,1.315000057220459,1.315000057220459,1.309999942779541,1.309999942779541,1414.0
2024-07-03 11:28:00,CVAC,3.3499999046325684,3.3499999046325684,3.3499999046325684,3.3450000286102295,3.3450000286102295,3607.0
2024-07-03 11:28:00,CVRX,11.6899995803833,11.6899995803833,11.6899995803833,11.6899995803833,11.6899995803833,318.0
2024-07-03 11:28:00,DH,5.394999980926514,5.394999980926514,5.394999980926514,5.394999980926514,5.394999980926514,1158.0
2024-07-03 11:28:00,DNLI,21.44070053100586,21.44070053100586,21.44070053100586,21.440000534057617,21.440000534057617,1376.0
2024-07-03 11:28:00,DVAX,11.074999809265137,11.074999809265137,11.074999809265137,11.074999809265137,11.074999809265137,447.0
2024-07-03 11:28:00,DXCM,110.69000244140625,110.69000244140625,110.69000244140625,110.69000244140625,110.69000244140625,298.0
2024-07-03 11:28:00,DYN,34.41999816894531,34.41999816894531,34.45000076293945,34.41999816894531,34.45000076293945,530.0
2024-07-03 11:28:00,EDIT,4.650000095367432,4.650000095367432,4.65500020980835,4.650000095367432,4.65500020980835,2154.0
2024-07-03 11:28:00,ELEV,2.674999952316284,2.674999952316284,2.680000066757202,2.674999952316284,2.680000066757202,629.0
2024-07-03 11:28:00,EMBC,12.09000015258789,12.09000015258789,12.09000015258789,12.09000015258789,12.09000015258789,271.0
2024-07-03 11:28:00,ENSG,126.4000015258789,126.4000015258789,126.42859649658203,126.4000015258789,126.42859649658203,412.0
2024-07-03 11:28:00,ENTX,1.6699999570846558,1.6699999570846558,1.6699999570846558,1.6699999570846558,1.6699999570846558,198.0
2024-07-03 11:28:00,EOLS,10.920000076293945,10.920000076293945,10.920000076293945,10.899999618530273,10.90999984741211,1754.0
2024-07-03 11:28:00,ERAS,2.259999990463257,2.259999990463257,2.259999990463257,2.259999990463257,2.259999990463257,273.0
2024-07-03 11:28:00,ESPR,2.3450000286102295,2.3450000286102295,2.3550000190734863,2.3450000286102295,2.3450000286102295,40085.0
2024-07-03 11:28:00,ETNB,7.489999771118164,7.489999771118164,7.489999771118164,7.489999771118164,7.489999771118164,664.0
2024-07-03 11:28:00,EXAS,43.0,43.0,43.0,42.959999084472656,42.9900016784668,760.0
2024-07-03 11:28:00,EXEL,21.969999313354492,21.969999313354492,21.969999313354492,21.969999313354492,21.969999313354492,248.0
2024-07-03 11:28:00,EYEN,0.7742000222206116,0.7742000222206116,0.7742000222206116,0.7742000222206116,0.7742000222206116,2569.0
2024-07-03 11:28:00,EYPT,8.364999771118164,8.364999771118164,8.364999771118164,8.359999656677246,8.359999656677246,311.0
2024-07-03 11:28:00,FATE,3.184999942779541,3.184999942779541,3.184999942779541,3.184999942779541,3.184999942779541,738.0
2024-07-03 11:28:00,FBIO,1.7999000549316406,1.7999000549316406,1.7999000549316406,1.7999000549316406,1.7999000549316406,1325.0
2024-07-03 11:28:00,FDMT,21.014999389648438,21.014999389648438,21.040000915527344,21.014999389648438,21.030000686645508,951.0
2024-07-03 11:28:00,FEMY,1.1188000440597534,1.1188000440597534,1.1188000440597534,1.1188000440597534,1.1188000440597534,222.0
2024-07-03 11:28:00,FGEN,0.7142999768257141,0.7142999768257141,0.7142999768257141,0.7117000222206116,0.7117999792098999,16160.0
2024-07-03 11:28:00,FULC,6.144999980926514,6.144999980926514,6.144999980926514,6.144999980926514,6.144999980926514,417.0
2024-07-03 11:28:00,GANX,1.149999976158142,1.149999976158142,1.149999976158142,1.149999976158142,1.149999976158142,0.0
2024-07-03 11:28:00,GDRX,7.855000019073486,7.855000019073486,7.855000019073486,7.855000019073486,7.855000019073486,768.0
2024-07-03 11:28:00,GERN,4.315000057220459,4.315000057220459,4.315000057220459,4.315000057220459,4.315000057220459,2375.0
2024-07-03 11:28:00,GH,28.420000076293945,28.420000076293945,28.422500610351562,28.34000015258789,28.34000015258789,2762.0
2024-07-03 11:28:00,GILD,67.13999938964844,67.13999938964844,67.13999938964844,67.05500030517578,67.07499694824219,8572.0
2024-07-03 11:28:00,GLSI,16.639999389648438,16.639999389648438,16.639999389648438,16.639999389648438,16.639999389648438,106.0
2024-07-03 11:28:00,GLYC,0.26899999380111694,0.26899999380111694,0.2696000039577484,0.26899999380111694,0.26899999380111694,7293.0
2024-07-03 11:28:00,GMAB,25.165000915527344,25.165000915527344,25.165000915527344,25.165000915527344,25.165000915527344,441.0
2024-07-03 11:28:00,GOSS,0.9387999773025513,0.9387999773025513,0.9387999773025513,0.9387999773025513,0.9387999773025513,835.0
2024-07-03 11:28:00,GOVX,2.9600000381469727,2.9600000381469727,2.9600000381469727,2.950000047683716,2.950000047683716,563.0
2024-07-03 11:28:00,GRFS,6.659999847412109,6.659999847412109,6.659999847412109,6.65500020980835,6.65500020980835,2098.0
2024-07-03 11:28:00,GRTS,0.5856999754905701,0.5856999754905701,0.5856999754905701,0.5831000208854675,0.5831000208854675,4013.0
2024-07-03 11:28:00,GTHX,2.505000114440918,2.505000114440918,2.505000114440918,2.505000114440918,2.505000114440918,453.0
2024-07-03 11:28:00,HALO,51.904998779296875,51.904998779296875,51.91999816894531,51.869998931884766,51.869998931884766,1306.0
2024-07-03 11:28:00,HCAT,6.190000057220459,6.190000057220459,6.190000057220459,6.189899921417236,6.189899921417236,1410.0
2024-07-03 11:28:00,HCM,17.450000762939453,17.450000762939453,17.469999313354492,17.450000762939453,17.459999084472656,1345.0
2024-07-03 11:28:00,HCSG,10.585000038146973,10.585000038146973,10.585000038146973,10.520000457763672,10.520000457763672,4100.0
2024-07-03 11:28:00,HOLX,73.22000122070312,73.22000122070312,73.22000122070312,73.22000122070312,73.22000122070312,208.0
2024-07-03 11:28:00,HOOK,0.5986999869346619,0.5986999869346619,0.5986999869346619,0.5986999869346619,0.5986999869346619,2000.0
2024-07-03 11:28:00,HOWL,2.049999952316284,2.049999952316284,2.049999952316284,2.049999952316284,2.049999952316284,294.0
2024-07-03 11:28:00,HQY,83.18000030517578,83.18000030517578,83.18000030517578,83.08000183105469,83.08000183105469,1705.0
2024-07-03 11:28:00,HRTX,2.7799999713897705,2.7799999713897705,2.7850000858306885,2.7799999713897705,2.7850000858306885,2006.0
2024-07-03 11:28:00,HSIC,64.9000015258789,64.9000015258789,64.94000244140625,64.87750244140625,64.88500213623047,2422.0
2024-07-03 11:28:00,HUMA,5.690000057220459,5.690000057220459,5.699999809265137,5.690000057220459,5.699999809265137,13938.0
2024-07-03 11:28:00,IART,28.690000534057617,28.690000534057617,28.729999542236328,28.670000076293945,28.68000030517578,2682.0
2024-07-03 11:28:00,IBRX,6.269999980926514,6.269999980926514,6.28000020980835,6.26200008392334,6.26200008392334,2474.0
2024-07-03 11:28:00,IDXX,477.2950134277344,477.2950134277344,477.2950134277344,477.2950134277344,477.2950134277344,498.0
2024-07-03 11:28:00,ILMN,105.31999969482422,105.31999969482422,105.33999633789062,105.31999969482422,105.33999633789062,3128.0
2024-07-03 11:28:00,IMAB,1.5299999713897705,1.5299999713897705,1.5398999452590942,1.5299999713897705,1.5398999452590942,3282.0
2024-07-03 11:28:00,IMCR,36.064998626708984,36.064998626708984,36.064998626708984,36.064998626708984,36.064998626708984,474.0
2024-07-03 11:28:00,IMMX,2.390899896621704,2.390899896621704,2.4000000953674316,2.390899896621704,2.4000000953674316,1288.0
2024-07-03 11:28:00,IMNM,12.079999923706055,12.079999923706055,12.079999923706055,12.0600004196167,12.0600004196167,1016.0
2024-07-03 11:28:00,IMVT,26.2450008392334,26.2450008392334,26.2450008392334,26.2450008392334,26.2450008392334,389.0
2024-07-03 11:28:00,INCY,57.97999954223633,57.97999954223633,57.97999954223633,57.959999084472656,57.959999084472656,3477.0
2024-07-03 11:28:00,INGN,7.940000057220459,7.940000057220459,7.940000057220459,7.940000057220459,7.940000057220459,257.0
2024-07-03 11:28:00,INMB,7.90500020980835,7.90500020980835,7.90500020980835,7.90500020980835,7.90500020980835,845.0
2024-07-03 11:28:00,INMD,17.59000015258789,17.59000015258789,17.600000381469727,17.565000534057617,17.568500518798828,3554.0
2024-07-03 11:28:00,INSM,62.0,62.0,62.0099983215332,61.94499969482422,61.94499969482422,9634.0
2024-07-03 11:28:00,INVA,16.239999771118164,16.239999771118164,16.239999771118164,16.239999771118164,16.239999771118164,135.0
2024-07-03 11:28:00,IONS,44.69499969482422,44.69499969482422,44.69499969482422,44.69499969482422,44.69499969482422,485.0
2024-07-03 11:28:00,IOVA,7.59499979019165,7.59499979019165,7.599999904632568,7.590000152587891,7.599899768829346,4838.0
2024-07-03 11:28:00,IRWD,6.125,6.125,6.125,6.12470006942749,6.125,1022.0
2024-07-03 11:28:00,ITCI,68.29000091552734,68.29000091552734,68.29000091552734,68.22000122070312,68.22000122070312,3753.0
2024-07-03 11:28:00,IVVD,1.1150000095367432,1.1150000095367432,1.1150000095367432,1.1150000095367432,1.1150000095367432,314.0
2024-07-03 11:28:00,JANX,38.0,38.0,38.095001220703125,38.0,38.095001220703125,786.0
2024-07-03 11:28:00,JAZZ,104.04499816894531,104.04499816894531,104.04499816894531,104.04499816894531,104.04499816894531,269.0
2024-07-03 11:28:00,KALA,6.7281999588012695,6.7281999588012695,6.7281999588012695,6.7281999588012695,6.7281999588012695,325.0
2024-07-03 11:28:00,KIDS,29.81999969482422,29.81999969482422,29.81999969482422,29.81999969482422,29.81999969482422,104.0
2024-07-03 11:28:00,KMDA,5.170000076293945,5.170000076293945,5.170000076293945,5.170000076293945,5.170000076293945,100.0
2024-07-03 11:28:00,KNSA,18.940000534057617,18.940000534057617,18.940000534057617,18.940000534057617,18.940000534057617,1050.0
2024-07-03 11:28:00,KPTI,0.8410000205039978,0.8410000205039978,0.842199981212616,0.8410000205039978,0.842199981212616,6956.0
2024-07-03 11:28:00,KRYS,177.1649932861328,177.1649932861328,177.1649932861328,177.1649932861328,177.1649932861328,1234.0
2024-07-03 11:28:00,KTRA,0.2888000011444092,0.2888000011444092,0.2924000024795532,0.2888000011444092,0.29089999198913574,39642.0
2024-07-03 11:28:00,KZR,0.5741000175476074,0.5741000175476074,0.5741000175476074,0.5741000175476074,0.5741000175476074,200.0
2024-07-03 11:28:00,LAB,1.7999999523162842,1.7999999523162842,1.7999999523162842,1.7999999523162842,1.7999999523162842,763.0
2024-07-03 11:28:00,LBPH,32.5099983215332,32.5099983215332,32.689998626708984,32.5099983215332,32.650001525878906,3889.0
2024-07-03 11:28:00,LEGN,46.4724006652832,46.4724006652832,46.4724006652832,46.41999816894531,46.459999084472656,3211.0
2024-07-03 11:28:00,LEXX,2.5999999046325684,2.5999999046325684,2.5999999046325684,2.5999999046325684,2.5999999046325684,220.0
2024-07-03 11:28:00,LFMD,6.755000114440918,6.755000114440918,6.755000114440918,6.755000114440918,6.755000114440918,588.0
2024-07-03 11:28:00,LGND,82.7300033569336,82.7300033569336,82.7300033569336,82.7300033569336,82.7300033569336,267.0
2024-07-03 11:28:00,LGVN,1.600000023841858,1.600000023841858,1.600000023841858,1.5850000381469727,1.5850000381469727,5674.0
2024-07-03 11:28:00,LIVN,52.79999923706055,52.79999923706055,52.79999923706055,52.790000915527344,52.790000915527344,4107.0
2024-07-03 11:28:00,LNTH,79.375,79.375,79.44000244140625,79.31009674072266,79.31009674072266,1195.0
2024-07-03 11:28:00,LOGC,5.727799892425537,5.727799892425537,5.727799892425537,5.727799892425537,5.727799892425537,1223.0
2024-07-03 11:28:00,LPTX,1.7899999618530273,1.7899999618530273,1.7899999618530273,1.7899999618530273,1.7899999618530273,100.0
2024-07-03 11:28:00,LQDA,11.899999618530273,11.899999618530273,11.90999984741211,11.899999618530273,11.90999984741211,1856.0
2024-07-03 11:28:00,LRMR,7.739999771118164,7.739999771118164,7.769999980926514,7.739999771118164,7.760000228881836,1640.0
2024-07-03 11:28:00,LUCD,0.765999972820282,0.765999972820282,0.765999972820282,0.765999972820282,0.765999972820282,0.0
2024-07-03 11:28:00,LXRX,1.5999000072479248,1.5999000072479248,1.5999000072479248,1.590000033378601,1.5950000286102295,2133.0
2024-07-03 11:28:00,MASI,114.91999816894531,114.91999816894531,114.93000030517578,114.8499984741211,114.8499984741211,3782.0
2024-07-03 11:28:00,MBIO,0.49149999022483826,0.49149999022483826,0.49149999022483826,0.48570001125335693,0.48649999499320984,4747.0
2024-07-03 11:28:00,MDXG,6.755000114440918,6.755000114440918,6.755000114440918,6.755000114440918,6.755000114440918,376.0
2024-07-03 11:28:00,ME,0.40290001034736633,0.40290001034736633,0.4032999873161316,0.40290001034736633,0.40290001034736633,2202.0
2024-07-03 11:28:00,MEDP,407.3399963378906,407.3399963378906,407.3399963378906,407.3399963378906,407.3399963378906,1373.0
2024-07-03 11:28:00,MGNX,4.21999979019165,4.21999979019165,4.224999904632568,4.21999979019165,4.224999904632568,246.0
2024-07-03 11:28:00,MIRM,33.790000915527344,33.790000915527344,33.790000915527344,33.77000045776367,33.77000045776367,1115.0
2024-07-03 11:28:00,MLTX,41.33000183105469,41.33000183105469,41.33000183105469,41.25,41.25,942.0
2024-07-03 11:28:00,MMSI,85.87000274658203,85.87000274658203,85.98999786376953,85.87000274658203,85.98999786376953,1196.0
2024-07-03 11:28:00,MNKD,5.054999828338623,5.054999828338623,5.059999942779541,5.050000190734863,5.050000190734863,2838.0
2024-07-03 11:28:00,MNMD,7.159999847412109,7.159999847412109,7.159999847412109,7.159999847412109,7.159999847412109,1021.0
2024-07-03 11:28:00,MODV,27.825000762939453,27.825000762939453,27.825000762939453,27.825000762939453,27.825000762939453,118.0
2024-07-03 11:28:00,MRNA,116.05999755859375,116.05999755859375,116.11000061035156,115.97000122070312,115.97000122070312,4085.0
2024-07-03 11:28:00,MRNS,1.2050000429153442,1.2050000429153442,1.2050000429153442,1.2050000429153442,1.2050000429153442,534.0
2024-07-03 11:28:00,MRSN,1.8600000143051147,1.8600000143051147,1.8700000047683716,1.8600000143051147,1.8650000095367432,401.0
2024-07-03 11:28:00,MRVI,6.800000190734863,6.800000190734863,6.800000190734863,6.789999961853027,6.789999961853027,6650.0
2024-07-03 11:28:00,MYGN,24.989999771118164,24.989999771118164,25.010000228881836,24.979999542236328,24.979999542236328,1044.0
2024-07-03 11:28:00,NBIX,138.61000061035156,138.61000061035156,138.61000061035156,138.61000061035156,138.61000061035156,1179.0
2024-07-03 11:28:00,NDRA,0.09399999678134918,0.09399999678134918,0.09399999678134918,0.0925000011920929,0.0925000011920929,258833.0
2024-07-03 11:28:00,NEOG,15.220000267028809,15.220000267028809,15.220000267028809,15.220000267028809,15.220000267028809,281.0
2024-07-03 11:28:00,NKTR,1.2300000190734863,1.2300000190734863,1.2400000095367432,1.2300000190734863,1.2400000095367432,11462.0
2024-07-03 11:28:00,NKTX,5.369900226593018,5.369900226593018,5.369900226593018,5.360000133514404,5.360000133514404,697.0
2024-07-03 11:28:00,NNOX,6.96999979019165,6.96999979019165,6.974999904632568,6.96999979019165,6.974999904632568,1303.0
2024-07-03 11:28:00,NOTV,1.659999966621399,1.659999966621399,1.659999966621399,1.659999966621399,1.659999966621399,520.0
2024-07-03 11:28:00,NRC,22.940000534057617,22.940000534057617,22.989999771118164,22.940000534057617,22.940000534057617,1829.0
2024-07-03 11:28:00,NRIX,19.729999542236328,19.729999542236328,19.729999542236328,19.670000076293945,19.670000076293945,347.0
2024-07-03 11:28:00,NTLA,22.649999618530273,22.649999618530273,22.65999984741211,22.639999389648438,22.639999389648438,2394.0
2024-07-03 11:28:00,NTRA,111.06500244140625,111.06500244140625,111.08999633789062,110.94999694824219,110.94999694824219,6148.0
2024-07-03 11:28:00,NUVL,72.2699966430664,72.2699966430664,72.31999969482422,72.18000030517578,72.31999969482422,2961.0
2024-07-03 11:28:00,NVAX,12.680000305175781,12.680000305175781,12.680000305175781,12.670000076293945,12.670000076293945,1116.0
2024-07-03 11:28:00,NVNO,5.051300048828125,5.051300048828125,5.051300048828125,5.051300048828125,5.051300048828125,1931.0
2024-07-03 11:28:00,NVOS,0.7639999985694885,0.7639999985694885,0.7639999985694885,0.7549999952316284,0.7549999952316284,1700.0
2024-07-03 11:28:00,OCGN,1.6200000047683716,1.6200000047683716,1.6200000047683716,1.6200000047683716,1.6200000047683716,1062.0
2024-07-03 11:28:00,OCUL,6.710000038146973,6.710000038146973,6.710000038146973,6.710000038146973,6.710000038146973,1702.0
2024-07-03 11:28:00,OGI,1.5750000476837158,1.5750000476837158,1.5750000476837158,1.5700000524520874,1.5700000524520874,402.0
2024-07-03 11:28:00,OLMA,10.600000381469727,10.600000381469727,10.640000343322754,10.600000381469727,10.640000343322754,3315.0
2024-07-03 11:28:00,OM,3.875,3.875,3.875,3.869999885559082,3.869999885559082,1141.0
2024-07-03 11:28:00,OMCL,26.520000457763672,26.520000457763672,26.521099090576172,26.520000457763672,26.521099090576172,465.0
2024-07-03 11:28:00,ONCY,1.0099999904632568,1.0099999904632568,1.0099999904632568,1.0099999904632568,1.0099999904632568,758.0
2024-07-03 11:29:00,ABCL,2.7311999797821045,2.7311999797821045,2.740000009536743,2.7311999797821045,2.740000009536743,2215.0
2024-07-03 11:29:00,ABEO,4.25,4.25,4.25,4.25,4.25,144.0
2024-07-03 11:29:00,ABIO,3.5999999046325684,3.5999999046325684,3.609999895095825,3.5999999046325684,3.609999895095825,1096.0
2024-07-03 11:29:00,ABSI,3.240000009536743,3.240000009536743,3.255000114440918,3.2200000286102295,3.2300000190734863,14482.0
2024-07-03 11:29:00,ABUS,3.1649999618530273,3.1649999618530273,3.1700000762939453,3.1649999618530273,3.1700000762939453,912.0
2024-07-03 11:29:00,ACAD,15.595000267028809,15.595000267028809,15.600000381469727,15.59000015258789,15.600000381469727,1068.0
2024-07-03 11:29:00,ACB,4.869999885559082,4.869999885559082,4.869999885559082,4.869999885559082,4.869999885559082,2430.0
2024-07-03 11:29:00,ACCD,3.5450000762939453,3.5450000762939453,3.5450000762939453,3.5399999618530273,3.5399999618530273,6999.0
2024-07-03 11:29:00,ACET,1.059999942779541,1.059999942779541,1.0700000524520874,1.059999942779541,1.0699000358581543,14028.0
2024-07-03 11:29:00,ACRS,1.149999976158142,1.149999976158142,1.149999976158142,1.149999976158142,1.149999976158142,301.0
2024-07-03 11:29:00,ADMA,11.274999618530273,11.274999618530273,11.279999732971191,11.270000457763672,11.274999618530273,2251.0
2024-07-03 11:29:00,ADPT,3.390000104904175,3.390000104904175,3.390000104904175,3.380000114440918,3.384999990463257,1550.0
2024-07-03 11:29:00,ADVM,7.074999809265137,7.074999809265137,7.074999809265137,7.074999809265137,7.074999809265137,187.0
2024-07-03 11:29:00,AHCO,9.75,9.75,9.75,9.75,9.75,0.0
2024-07-03 11:29:00,AKAN,2.25,2.25,2.25,2.2300000190734863,2.2400999069213867,10000.0
2024-07-03 11:29:00,AKBA,0.9456999897956848,0.9456999897956848,0.9485999941825867,0.9427000284194946,0.9427000284194946,10727.0
2024-07-03 11:29:00,ALEC,4.429999828338623,4.429999828338623,4.429999828338623,4.429999828338623,4.429999828338623,0.0
2024-07-03 11:29:00,ALGN,240.4199981689453,240.4199981689453,240.52000427246094,240.39999389648438,240.40499877929688,1253.0
2024-07-03 11:29:00,ALKS,24.225000381469727,24.225000381469727,24.229999542236328,24.209999084472656,24.21500015258789,3648.0
2024-07-03 11:29:00,ALLK,0.833899974822998,0.833899974822998,0.8391000032424927,0.833899974822998,0.8389999866485596,4534.0
2024-07-03 11:29:00,ALLO,2.125,2.125,2.125,2.125,2.125,1622.0
2024-07-03 11:29:00,ALLR,0.20149999856948853,0.20149999856948853,0.20499999821186066,0.20100000500679016,0.2037999927997589,85877.0
2024-07-03 11:29:00,ALNY,246.6649932861328,246.6649932861328,246.6649932861328,246.6649932861328,246.6649932861328,621.0
2024-07-03 11:29:00,ALT,6.699999809265137,6.699999809265137,6.699999809265137,6.699999809265137,6.699999809265137,700.0
2024-07-03 11:29:00,ALVR,0.7357000112533569,0.7357000112533569,0.7357000112533569,0.7351999878883362,0.7351999878883362,2209.0
2024-07-03 11:29:00,ALXO,5.860000133514404,5.860000133514404,5.860000133514404,5.860000133514404,5.860000133514404,804.0
2024-07-03 11:29:00,AMGN,306.54998779296875,306.54998779296875,306.67498779296875,306.5,306.54998779296875,1430.0
2024-07-03 11:29:00,AMLX,1.7549999952316284,1.7549999952316284,1.7599999904632568,1.75,1.7549999952316284,5929.0
2024-07-03 11:29:00,AMPH,38.43000030517578,38.43000030517578,38.5,38.43000030517578,38.5,1535.0
2024-07-03 11:29:00,AMRN,0.6941999793052673,0.6941999793052673,0.6949999928474426,0.6941999793052673,0.6949999928474426,2401.0
2024-07-03 11:29:00,ANGO,5.659999847412109,5.659999847412109,5.659999847412109,5.659999847412109,5.659999847412109,713.0
2024-07-03 11:29:00,ANTX,2.5,2.5,2.509999990463257,2.5,2.509999990463257,1848.0
2024-07-03 11:29:00,APDN,0.3862999975681305,0.3862999975681305,0.3901999890804291,0.38499999046325684,0.3901999890804291,9998.0
2024-07-03 11:29:00,APLS,35.30500030517578,35.30500030517578,35.30500030517578,35.30500030517578,35.30500030517578,219.0
2024-07-03 11:29:00,APLT,4.369999885559082,4.369999885559082,4.369999885559082,4.360000133514404,4.360000133514404,1572.0
2024-07-03 11:29:00,APVO,0.3100999891757965,0.3100999891757965,0.3100999891757965,0.3100999891757965,0.3100999891757965,1338.0
2024-07-03 11:29:00,AQST,2.424999952316284,2.424999952316284,2.424999952316284,2.424999952316284,2.424999952316284,903.0
2024-07-03 11:29:00,ARAY,1.7450000047683716,1.7450000047683716,1.7450000047683716,1.7450000047683716,1.7450000047683716,1230.0
2024-07-03 11:29:00,ARCT,21.6299991607666,21.6299991607666,21.6299991607666,21.546199798583984,21.546199798583984,10106.0
2024-07-03 11:29:00,ARDX,5.235000133514404,5.235000133514404,5.239999771118164,5.230100154876709,5.23799991607666,18297.0
2024-07-03 11:29:00,ARQT,9.740099906921387,9.740099906921387,9.740099906921387,9.739999771118164,9.739999771118164,4825.0
2024-07-03 11:29:00,ARVN,24.155000686645508,24.155000686645508,24.170000076293945,24.100000381469727,24.1299991607666,1331.0
2024-07-03 11:29:00,ASMB,11.904999732971191,11.904999732971191,11.904999732971191,11.904999732971191,11.904999732971191,200.0
2024-07-03 11:29:00,ASRT,1.3305000066757202,1.3305000066757202,1.3305000066757202,1.3305000066757202,1.3305000066757202,632.0
2024-07-03 11:29:00,ATEC,9.984999656677246,9.984999656677246,9.994999885559082,9.984999656677246,9.994999885559082,913.0
2024-07-03 11:29:00,ATRC,22.360000610351562,22.360000610351562,22.360000610351562,22.360000610351562,22.360000610351562,218.0
2024-07-03 11:29:00,AUGX,1.0099999904632568,1.0099999904632568,1.0099999904632568,1.0,1.0,26450.0
2024-07-03 11:29:00,AUPH,5.46999979019165,5.46999979019165,5.46999979019165,5.46999979019165,5.46999979019165,875.0
2024-07-03 11:29:00,AURA,7.019999980926514,7.019999980926514,7.019999980926514,7.019999980926514,7.019999980926514,400.0
2024-07-03 11:29:00,AUTL,3.4800000190734863,3.4800000190734863,3.4800000190734863,3.4700000286102295,3.4700000286102295,8330.0
2024-07-03 11:29:00,AVDL,14.520000457763672,14.520000457763672,14.529999732971191,14.5,14.5,3877.0
2024-07-03 11:29:00,AVIR,3.315000057220459,3.315000057220459,3.315000057220459,3.315000057220459,3.315000057220459,557.0
2024-07-03 11:29:00,AVTE,1.6299999952316284,1.6299999952316284,1.6299999952316284,1.6299999952316284,1.6299999952316284,3255.0
2024-07-03 11:29:00,AZN,76.7300033569336,76.7300033569336,76.73500061035156,76.72000122070312,76.73500061035156,10586.0
2024-07-03 11:29:00,BBIO,25.350000381469727,25.350000381469727,25.350000381469727,25.34000015258789,25.34000015258789,1286.0
2024-07-03 11:29:00,BCAB,1.375,1.375,1.3799999952316284,1.3700000047683716,1.3700000047683716,2066.0
2024-07-03 11:29:00,BCRX,6.485000133514404,6.485000133514404,6.485000133514404,6.485000133514404,6.485000133514404,1176.0
2024-07-03 11:29:00,BCTX,1.0099999904632568,1.0099999904632568,1.0099999904632568,1.0099999904632568,1.0099999904632568,300.0
2024-07-03 11:29:00,BDTX,4.369999885559082,4.369999885559082,4.369999885559082,4.369999885559082,4.369999885559082,3692.0
2024-07-03 11:29:00,BGNE,146.5,146.5,146.5,146.5,146.5,205.0
2024-07-03 11:29:00,BIIB,223.78500366210938,223.78500366210938,223.78500366210938,223.74000549316406,223.74000549316406,5521.0
2024-07-03 11:29:00,BLFS,19.839799880981445,19.839799880981445,19.839799880981445,19.839799880981445,19.839799880981445,451.0
2024-07-03 11:29:00,BLTE,45.849998474121094,45.849998474121094,45.86000061035156,45.849998474121094,45.86000061035156,410.0
2024-07-03 11:29:00,BLUE,0.9345999956130981,0.9345999956130981,0.9358999729156494,0.9329000115394592,0.9358999729156494,30665.0
2024-07-03 11:29:00,BNGO,0.557699978351593,0.557699978351593,0.557699978351593,0.557699978351593,0.557699978351593,300.0
2024-07-03 11:29:00,BNTX,79.8499984741211,79.8499984741211,79.8499984741211,79.84500122070312,79.8499984741211,654.0
2024-07-03 11:29:00,BPMC,110.99500274658203,110.99500274658203,110.99500274658203,110.8550033569336,110.8550033569336,2917.0
2024-07-03 11:29:00,BPTH,1.7999999523162842,1.7999999523162842,1.7999999523162842,1.7999999523162842,1.7999999523162842,200.0
2024-07-03 11:29:00,BRKR,61.5099983215332,61.5099983215332,61.529998779296875,61.459999084472656,61.459999084472656,1380.0
2024-07-03 11:29:00,BTAI,1.090000033378601,1.090000033378601,1.090000033378601,1.090000033378601,1.090000033378601,101.0
2024-07-03 11:29:00,BVS,5.960000038146973,5.960000038146973,5.960000038146973,5.949999809265137,5.960000038146973,10362.0
2024-07-03 11:29:00,CABA,7.619999885559082,7.619999885559082,7.639999866485596,7.599999904632568,7.599999904632568,16608.0
2024-07-03 11:29:00,CAPR,4.724999904632568,4.724999904632568,4.724999904632568,4.724999904632568,4.724999904632568,3122.0
2024-07-03 11:29:00,CARA,0.2849999964237213,0.2849999964237213,0.2849999964237213,0.2849999964237213,0.2849999964237213,359.0
2024-07-03 11:29:00,CCCC,4.635000228881836,4.635000228881836,4.650000095367432,4.630099773406982,4.639999866485596,7415.0
2024-07-03 11:29:00,CDMO,7.579999923706055,7.579999923706055,7.610000133514404,7.579999923706055,7.610000133514404,2882.0
2024-07-03 11:29:00,CDNA,15.149999618530273,15.149999618530273,15.149999618530273,15.140000343322754,15.140000343322754,1731.0
2024-07-03 11:29:00,CDTX,12.244999885559082,12.244999885559082,12.244999885559082,12.220000267028809,12.220000267028809,2377.0
2024-07-03 11:29:00,CDXS,2.869999885559082,2.869999885559082,2.869999885559082,2.869999885559082,2.869999885559082,130.0
2024-07-03 11:29:00,CERE,40.0099983215332,40.0099983215332,40.25,40.0,40.20500183105469,39816.0
2024-07-03 11:29:00,CERS,1.7100000381469727,1.7100000381469727,1.7200000286102295,1.7100000381469727,1.7200000286102295,4072.0
2024-07-03 11:29:00,CGC,6.505000114440918,6.505000114440918,6.519700050354004,6.505000114440918,6.514999866485596,21645.0
2024-07-03 11:29:00,CGEM,16.844999313354492,16.844999313354492,16.844999313354492,16.844999313354492,16.844999313354492,427.0
2024-07-03 11:29:00,CLOV,1.2403000593185425,1.2403000593185425,1.2403000593185425,1.2403000593185425,1.2403000593185425,111.0
2024-07-03 11:29:00,CMAX,2.190000057220459,2.190000057220459,2.190000057220459,2.190000057220459,2.190000057220459,100.0
2024-07-03 11:29:00,CMPX,0.8449000120162964,0.8449000120162964,0.8449000120162964,0.8449000120162964,0.8449000120162964,400.0
2024-07-03 11:29:00,CNSP,1.3909000158309937,1.3909000158309937,1.409999966621399,1.375,1.375,104690.0
2024-07-03 11:29:00,COGT,8.5600004196167,8.5600004196167,8.5600004196167,8.5600004196167,8.5600004196167,325.0
2024-07-03 11:29:00,CORT,30.299999237060547,30.299999237060547,30.350000381469727,30.299999237060547,30.31999969482422,1872.0
2024-07-03 11:29:00,COSM,0.9302999973297119,0.9302999973297119,0.9309999942779541,0.9302999973297119,0.9309999942779541,1512.0
2024-07-03 11:29:00,CRBP,49.96730041503906,49.96730041503906,50.0099983215332,49.92499923706055,49.97999954223633,2182.0
2024-07-03 11:29:00,CRBU,1.5809999704360962,1.5809999704360962,1.5850000381469727,1.5800000429153442,1.5850000381469727,1804.0
2024-07-03 11:29:00,CRMD,4.110000133514404,4.110000133514404,4.114999771118164,4.110000133514404,4.110000133514404,831.0
2024-07-03 11:29:00,CRNX,45.060001373291016,45.060001373291016,45.060001373291016,45.060001373291016,45.060001373291016,101.0
2024-07-03 11:29:00,CRSP,53.65999984741211,53.65999984741211,53.689998626708984,53.65999984741211,53.689998626708984,1460.0
2024-07-03 11:29:00,CTKB,5.605000019073486,5.605000019073486,5.619999885559082,5.59499979019165,5.610000133514404,9490.0
2024-07-03 11:29:00,CTMX,1.3200000524520874,1.3200000524520874,1.3300000429153442,1.3200000524520874,1.3300000429153442,5168.0
2024-07-03 11:29:00,CTXR,0.4997999966144562,0.4997999966144562,0.4997999966144562,0.4997999966144562,0.4997999966144562,0.0
2024-07-03 11:29:00,CUE,0.9761000275611877,0.9761000275611877,0.9871000051498413,0.972000002861023,0.9840999841690063,8865.0
2024-07-03 11:29:00,CUTR,1.309999942779541,1.309999942779541,1.309999942779541,1.309999942779541,1.309999942779541,1516.0
2024-07-03 11:29:00,CVAC,3.359999895095825,3.359999895095825,3.359999895095825,3.3499999046325684,3.3499999046325684,13199.0
2024-07-03 11:29:00,CYTH,1.2300000190734863,1.2300000190734863,1.2300000190734863,1.2300000190734863,1.2300000190734863,704.0
2024-07-03 11:29:00,CYTK,54.60499954223633,54.60499954223633,54.60499954223633,54.60499954223633,54.60499954223633,548.0
2024-07-03 11:29:00,DCGO,2.934999942779541,2.934999942779541,2.934999942779541,2.934999942779541,2.934999942779541,240.0
2024-07-03 11:29:00,DCTH,7.789999961853027,7.789999961853027,7.789999961853027,7.789999961853027,7.789999961853027,140.0
2024-07-03 11:29:00,DRIO,1.159999966621399,1.159999966621399,1.159999966621399,1.159999966621399,1.159999966621399,1627.0
2024-07-03 11:29:00,DSGN,3.255000114440918,3.255000114440918,3.255000114440918,3.255000114440918,3.255000114440918,372.0
2024-07-03 11:29:00,DVAX,11.095000267028809,11.095000267028809,11.095000267028809,11.079999923706055,11.079999923706055,2075.0
2024-07-03 11:29:00,DXCM,110.69999694824219,110.69999694824219,110.71499633789062,110.67500305175781,110.69999694824219,1670.0
2024-07-03 11:29:00,DYN,34.380001068115234,34.380001068115234,34.41999816894531,34.380001068115234,34.41999816894531,603.0
2024-07-03 11:29:00,EDIT,4.65500020980835,4.65500020980835,4.65500020980835,4.65500020980835,4.65500020980835,1762.0
2024-07-03 11:29:00,EMBC,12.095000267028809,12.095000267028809,12.095000267028809,12.095000267028809,12.095000267028809,180.0
2024-07-03 11:29:00,ENSC,0.46000000834465027,0.46000000834465027,0.4699999988079071,0.46000000834465027,0.4699999988079071,255.0
2024-07-03 11:29:00,ENSG,126.4000015258789,126.4000015258789,126.4000015258789,126.4000015258789,126.4000015258789,274.0
2024-07-03 11:29:00,EOLS,10.90999984741211,10.90999984741211,10.90999984741211,10.90999984741211,10.90999984741211,664.0
2024-07-03 11:29:00,ERAS,2.259999990463257,2.259999990463257,2.259999990463257,2.259999990463257,2.259999990463257,529.0
2024-07-03 11:29:00,ESPR,2.3499999046325684,2.3499999046325684,2.3499999046325684,2.3450000286102295,2.3499999046325684,7981.0
2024-07-03 11:29:00,EWTX,18.209999084472656,18.209999084472656,18.209999084472656,18.209999084472656,18.209999084472656,1320.0
2024-07-03 11:29:00,EXAI,5.425000190734863,5.425000190734863,5.440000057220459,5.425000190734863,5.440000057220459,738.0
2024-07-03 11:29:00,EXAS,42.9900016784668,42.9900016784668,43.0,42.974998474121094,42.974998474121094,2331.0
2024-07-03 11:29:00,EXEL,21.969999313354492,21.969999313354492,21.969999313354492,21.969999313354492,21.969999313354492,1713.0
2024-07-03 11:29:00,EYPT,8.354999542236328,8.354999542236328,8.354999542236328,8.354999542236328,8.354999542236328,200.0
2024-07-03 11:29:00,FATE,3.184999942779541,3.184999942779541,3.184999942779541,3.180000066757202,3.180000066757202,1471.0
2024-07-03 11:29:00,FBIO,1.7994999885559082,1.7994999885559082,1.7994999885559082,1.7900999784469604,1.792799949645996,800.0
2024-07-03 11:29:00,FDMT,21.014999389648438,21.014999389648438,21.014999389648438,21.014999389648438,21.014999389648438,259.0
2024-07-03 11:29:00,FGEN,0.7117999792098999,0.7117999792098999,0.7121999859809875,0.7117999792098999,0.7121999859809875,4604.0
2024-07-03 11:29:00,FHTX,5.510000228881836,5.510000228881836,5.510000228881836,5.510000228881836,5.510000228881836,123.0
2024-07-03 11:29:00,FOLD,9.899999618530273,9.899999618530273,9.899999618530273,9.899999618530273,9.899999618530273,2069.0
2024-07-03 11:29:00,FULC,6.139999866485596,6.139999866485596,6.144999980926514,6.139999866485596,6.144999980926514,1115.0
2024-07-03 11:29:00,GALT,2.1700000762939453,2.1700000762939453,2.1700000762939453,2.1600000858306885,2.1600000858306885,920.0
2024-07-03 11:29:00,GANX,1.1619999408721924,1.1619999408721924,1.1619999408721924,1.1619999408721924,1.1619999408721924,417.0
2024-07-03 11:29:00,GBIO,2.424999952316284,2.424999952316284,2.424999952316284,2.424999952316284,2.424999952316284,3043.0
2024-07-03 11:29:00,GDRX,7.864999771118164,7.864999771118164,7.864999771118164,7.860000133514404,7.860000133514404,3209.0
2024-07-03 11:29:00,GERN,4.315000057220459,4.315000057220459,4.320000171661377,4.309999942779541,4.320000171661377,16289.0
2024-07-03 11:29:00,GILD,67.16999816894531,67.16999816894531,67.17500305175781,67.12999725341797,67.12999725341797,5223.0
2024-07-03 11:29:00,GLMD,0.2919999957084656,0.2919999957084656,0.2919999957084656,0.2919999957084656,0.2919999957084656,363.0
2024-07-03 11:29:00,GLSI,16.674100875854492,16.674100875854492,16.674100875854492,16.674100875854492,16.674100875854492,550.0
2024-07-03 11:29:00,GOSS,0.9388999938964844,0.9388999938964844,0.9388999938964844,0.9388999938964844,0.9388999938964844,332.0
2024-07-03 11:29:00,GOVX,2.9700000286102295,2.9700000286102295,2.9700000286102295,2.9700000286102295,2.9700000286102295,381.0
2024-07-03 11:29:00,GRFS,6.675000190734863,6.675000190734863,6.679500102996826,6.664999961853027,6.664999961853027,1934.0
2024-07-03 11:29:00,GRTS,0.5884000062942505,0.5884000062942505,0.5884000062942505,0.5871000289916992,0.5871000289916992,4566.0
2024-07-03 11:29:00,GTHX,2.505000114440918,2.505000114440918,2.509999990463257,2.5,2.505000114440918,743.0
2024-07-03 11:29:00,HALO,51.8849983215332,51.8849983215332,51.8849983215332,51.8849983215332,51.8849983215332,222.0
2024-07-03 11:29:00,HCAT,6.199999809265137,6.199999809265137,6.199999809265137,6.199999809265137,6.199999809265137,208.0
2024-07-03 11:29:00,HCM,17.43000030517578,17.43000030517578,17.43000030517578,17.43000030517578,17.43000030517578,1.0
2024-07-03 11:29:00,HCSG,10.59000015258789,10.59000015258789,10.59000015258789,10.59000015258789,10.59000015258789,471.0
2024-07-03 11:29:00,HOLX,73.23999786376953,73.23999786376953,73.25,73.23999786376953,73.25,2078.0
2024-07-03 11:29:00,HOOK,0.5958999991416931,0.5958999991416931,0.5958999991416931,0.5950000286102295,0.5950000286102295,0.0
2024-07-03 11:29:00,HOWL,2.0799999237060547,2.0799999237060547,2.0799999237060547,2.0799999237060547,2.0799999237060547,198.0
2024-07-03 11:29:00,HRMY,30.260000228881836,30.260000228881836,30.260000228881836,30.21500015258789,30.25,1855.0
2024-07-03 11:29:00,HROW,21.68000030517578,21.68000030517578,21.68000030517578,21.68000030517578,21.68000030517578,163.0
2024-07-03 11:29:00,HRTX,2.7799999713897705,2.7799999713897705,2.7850000858306885,2.7799999713897705,2.7850000858306885,1603.0
2024-07-03 11:29:00,HSIC,64.82499694824219,64.82499694824219,64.9000015258789,64.80000305175781,64.9000015258789,2114.0
2024-07-03 11:29:00,HUGE,0.1459999978542328,0.1459999978542328,0.1459999978542328,0.14429999887943268,0.14429999887943268,1948.0
2024-07-03 11:29:00,HUMA,5.710000038146973,5.710000038146973,5.710000038146973,5.690100193023682,5.699999809265137,4824.0
2024-07-03 11:29:00,IBRX,6.255000114440918,6.255000114440918,6.264999866485596,6.25,6.264999866485596,2962.0
2024-07-03 11:29:00,IDXX,477.3699951171875,477.3699951171875,477.3699951171875,477.3699951171875,477.3699951171875,280.0
2024-07-03 11:29:00,IDYA,33.599998474121094,33.599998474121094,33.61000061035156,33.59000015258789,33.61000061035156,1332.0
2024-07-03 11:29:00,IGMS,6.510000228881836,6.510000228881836,6.510000228881836,6.510000228881836,6.510000228881836,578.0
2024-07-03 11:29:00,IINN,1.600000023841858,1.600000023841858,1.600000023841858,1.5,1.5399999618530273,61595.0
2024-07-03 11:29:00,ILMN,105.37999725341797,105.37999725341797,105.44000244140625,105.34500122070312,105.44000244140625,1633.0
2024-07-03 11:29:00,IMCR,36.099998474121094,36.099998474121094,36.099998474121094,36.060001373291016,36.060001373291016,1204.0
2024-07-03 11:29:00,IMMX,2.409899950027466,2.409899950027466,2.4100000858306885,2.390000104904175,2.390000104904175,4395.0
2024-07-03 11:29:00,IMNM,12.085000038146973,12.085000038146973,12.085000038146973,12.085000038146973,12.085000038146973,300.0
2024-07-03 11:29:00,IMUX,1.1303999423980713,1.1303999423980713,1.1303999423980713,1.1303999423980713,1.1303999423980713,1096.0
2024-07-03 11:29:00,IMVT,26.209999084472656,26.209999084472656,26.209999084472656,26.209999084472656,26.209999084472656,702.0
2024-07-03 11:29:00,INCY,57.939998626708984,57.939998626708984,57.97999954223633,57.939998626708984,57.97999954223633,3317.0
2024-07-03 11:29:00,INGN,7.980000019073486,7.980000019073486,7.980000019073486,7.96999979019165,7.96999979019165,312.0
2024-07-03 11:29:00,INMB,7.938199996948242,7.938199996948242,7.938199996948242,7.938199996948242,7.938199996948242,518.0
2024-07-03 11:29:00,INMD,17.59000015258789,17.59000015258789,17.59000015258789,17.579999923706055,17.59000015258789,745.0
2024-07-03 11:29:00,INSM,62.11000061035156,62.11000061035156,62.154998779296875,62.0,62.01499938964844,10800.0
2024-07-03 11:29:00,INVA,16.235000610351562,16.235000610351562,16.235000610351562,16.235000610351562,16.235000610351562,407.0
2024-07-03 11:29:00,INZY,4.46999979019165,4.46999979019165,4.46999979019165,4.46999979019165,4.46999979019165,512.0
2024-07-03 11:29:00,IONS,44.69499969482422,44.69499969482422,44.69499969482422,44.69499969482422,44.69499969482422,566.0
2024-07-03 11:29:00,IOVA,7.591100215911865,7.591100215911865,7.5980000495910645,7.590000152587891,7.5954999923706055,3896.0
2024-07-03 11:29:00,IRTC,95.01000213623047,95.01000213623047,95.08000183105469,95.01000213623047,95.06999969482422,2532.0
2024-07-03 11:29:00,IRWD,6.144999980926514,6.144999980926514,6.150000095367432,6.119999885559082,6.119999885559082,29917.0
2024-07-03 11:29:00,ISPC,0.2784999907016754,0.2784999907016754,0.2784999907016754,0.2784999907016754,0.2784999907016754,1482.0
2024-07-03 11:29:00,JANX,37.9900016784668,37.9900016784668,37.9900016784668,37.9900016784668,37.9900016784668,451.0
2024-07-03 11:29:00,JAZZ,103.9000015258789,103.9000015258789,103.97000122070312,103.9000015258789,103.97000122070312,1367.0
2024-07-03 11:29:00,JSPR,23.100000381469727,23.100000381469727,23.100000381469727,23.100000381469727,23.100000381469727,186.0
2024-07-03 11:29:00,KIDS,29.81999969482422,29.81999969482422,29.81999969482422,29.81999969482422,29.81999969482422,972.0
2024-07-03 11:29:00,KNSA,18.969999313354492,18.969999313354492,18.969999313354492,18.959999084472656,18.959999084472656,643.0
2024-07-03 11:29:00,KOD,2.2300000190734863,2.2300000190734863,2.2300000190734863,2.220099925994873,2.220099925994873,1521.0
2024-07-03 11:29:00,KTRA,0.29019999504089355,0.29019999504089355,0.290800005197525,0.29019999504089355,0.290800005197525,22251.0
2024-07-03 11:29:00,KZR,0.5751000046730042,0.5751000046730042,0.5751000046730042,0.5751000046730042,0.5751000046730042,915.0
2024-07-03 11:29:00,LAB,1.7999999523162842,1.7999999523162842,1.7999999523162842,1.7899999618530273,1.7949999570846558,5338.0
2024-07-03 11:29:00,LEGN,46.439998626708984,46.439998626708984,46.45000076293945,46.43000030517578,46.45000076293945,1831.0
2024-07-03 11:29:00,LFMD,6.760000228881836,6.760000228881836,6.760000228881836,6.752500057220459,6.752500057220459,7288.0
2024-07-03 11:29:00,LIVN,52.81999969482422,52.81999969482422,52.900001525878906,52.79999923706055,52.79999923706055,5470.0
2024-07-03 11:29:00,LNTH,79.375,79.375,79.375,79.375,79.375,261.0
2024-07-03 11:29:00,LXRX,1.5950000286102295,1.5950000286102295,1.5980000495910645,1.590000033378601,1.590000033378601,5860.0
2024-07-03 11:29:00,LYEL,1.5049999952316284,1.5049999952316284,1.5099999904632568,1.5049999952316284,1.5099999904632568,8043.0
2024-07-03 11:29:00,MASS,4.744999885559082,4.744999885559082,4.744999885559082,4.744999885559082,4.744999885559082,176.0
2024-07-03 11:29:00,MBIO,0.4943000078201294,0.4943000078201294,0.4943000078201294,0.49000000953674316,0.490200012922287,30243.0
2024-07-03 11:29:00,MBOT,1.0499999523162842,1.0499999523162842,1.0499999523162842,1.0499999523162842,1.0499999523162842,45.0
2024-07-03 11:29:00,MDWD,14.800000190734863,14.800000190734863,14.800000190734863,14.800000190734863,14.800000190734863,206.0
2024-07-03 11:29:00,ME,0.4032999873161316,0.4032999873161316,0.4034999907016754,0.40290001034736633,0.40290001034736633,6179.0
2024-07-03 11:29:00,MGNX,4.224999904632568,4.224999904632568,4.224999904632568,4.224999904632568,4.224999904632568,505.0
2024-07-03 11:29:00,MMSI,85.94999694824219,85.94999694824219,85.94999694824219,85.94999694824219,85.94999694824219,105.0
2024-07-03 11:29:00,MNKD,5.050000190734863,5.050000190734863,5.050000190734863,5.045000076293945,5.050000190734863,6262.0
2024-07-03 11:29:00,MNMD,7.159999847412109,7.159999847412109,7.159999847412109,7.159999847412109,7.159999847412109,1026.0
2024-07-03 11:29:00,MODD,1.4799000024795532,1.4799000024795532,1.4799000024795532,1.4799000024795532,1.4799000024795532,524.0
2024-07-03 11:29:00,MODV,27.84000015258789,27.84000015258789,27.84000015258789,27.84000015258789,27.84000015258789,114.0
2024-07-03 11:29:00,MRNA,115.94000244140625,115.94000244140625,116.1050033569336,115.80999755859375,116.1050033569336,11231.0
2024-07-03 11:29:00,MRSN,1.8600000143051147,1.8600000143051147,1.8600000143051147,1.8600000143051147,1.8600000143051147,112.0
2024-07-03 11:29:00,MRUS,52.45000076293945,52.45000076293945,52.45000076293945,52.45000076293945,52.45000076293945,220.0
2024-07-03 11:29:00,MRVI,6.800000190734863,6.800000190734863,6.800000190734863,6.789999961853027,6.789999961853027,2111.0
2024-07-03 11:29:00,MYGN,24.969999313354492,24.969999313354492,25.010000228881836,24.969999313354492,25.010000228881836,1622.0
2024-07-03 11:29:00,MYNZ,0.3400000035762787,0.3400000035762787,0.3400000035762787,0.3400000035762787,0.3400000035762787,395.0
2024-07-03 11:29:00,NARI,49.58000183105469,49.58000183105469,49.58000183105469,49.494998931884766,49.494998931884766,1686.0
2024-07-03 11:29:00,NBIX,138.60499572753906,138.60499572753906,138.6750030517578,138.5449981689453,138.6750030517578,3136.0
2024-07-03 11:29:00,NDRA,0.09549999982118607,0.09549999982118607,0.09549999982118607,0.09399999678134918,0.09399999678134918,80742.0
2024-07-03 11:29:00,NEO,13.710000038146973,13.710000038146973,13.720000267028809,13.704700469970703,13.704700469970703,1858.0
2024-07-03 11:29:00,NEOG,15.21500015258789,15.21500015258789,15.216899871826172,15.21500015258789,15.216899871826172,4025.0
2024-07-03 11:29:00,NKTR,1.2308000326156616,1.2308000326156616,1.2308000326156616,1.2308000326156616,1.2308000326156616,2677.0
2024-07-03 11:29:00,NKTX,5.369999885559082,5.369999885559082,5.369999885559082,5.360000133514404,5.360000133514404,657.0
2024-07-03 11:29:00,NNOX,6.974999904632568,6.974999904632568,6.974999904632568,6.96999979019165,6.96999979019165,3510.0
2024-07-03 11:29:00,NOTV,1.659999966621399,1.659999966621399,1.659999966621399,1.659999966621399,1.659999966621399,123.0
2024-07-03 11:29:00,NRC,22.93000030517578,22.93000030517578,22.979999542236328,22.93000030517578,22.979999542236328,1273.0
2024-07-03 11:29:00,NRIX,19.662500381469727,19.662500381469727,19.729999542236328,19.65999984741211,19.729999542236328,3023.0
2024-07-03 11:29:00,NRSN,1.2999999523162842,1.2999999523162842,1.2999999523162842,1.2999999523162842,1.2999999523162842,5100.0
2024-07-03 11:29:00,NTLA,22.645000457763672,22.645000457763672,22.655000686645508,22.645000457763672,22.655000686645508,791.0
2024-07-03 11:29:00,NUTX,5.21999979019165,5.21999979019165,5.21999979019165,5.21999979019165,5.21999979019165,468.0
2024-07-03 11:29:00,NVAX,12.679699897766113,12.679699897766113,12.680000305175781,12.670000076293945,12.680000305175781,14046.0
2024-07-03 11:29:00,NVCT,6.239999771118164,6.239999771118164,6.239999771118164,6.239999771118164,6.239999771118164,240.0
2024-07-03 11:29:00,NVOS,0.7649999856948853,0.7649999856948853,0.7649999856948853,0.7649999856948853,0.7649999856948853,1.0
2024-07-03 11:29:00,NXTC,1.590000033378601,1.590000033378601,1.590000033378601,1.590000033378601,1.590000033378601,448.0
2024-07-03 11:29:00,OCGN,1.6200000047683716,1.6200000047683716,1.6200000047683716,1.6152000427246094,1.6200000047683716,4307.0
2024-07-03 11:29:00,OCUL,6.710000038146973,6.710000038146973,6.710000038146973,6.710000038146973,6.710000038146973,992.0
2024-07-03 11:29:00,OFIX,13.4399995803833,13.4399995803833,13.4399995803833,13.4399995803833,13.4399995803833,219.0
2024-07-03 11:29:00,OGI,1.5714999437332153,1.5714999437332153,1.5714999437332153,1.5714999437332153,1.5714999437332153,780.0
2024-07-03 11:29:00,OLK,25.75,25.75,25.770000457763672,25.75,25.770000457763672,4901.0
2024-07-03 11:29:00,OLMA,10.595000267028809,10.595000267028809,10.600000381469727,10.595000267028809,10.600000381469727,970.0
2024-07-03 11:29:00,OM,3.875,3.875,3.875,3.875,3.875,204.0
2024-07-03 11:29:00,OMCL,26.530000686645508,26.530000686645508,26.55500030517578,26.530000686645508,26.55500030517578,1129.0
2024-07-03 11:29:00,OMER,3.8399999141693115,3.8399999141693115,3.8499999046325684,3.8399999141693115,3.8499999046325684,429.0
2024-07-03 11:29:00,OMGA,1.9900000095367432,1.9900000095367432,1.9900000095367432,1.965000033378601,1.9700000286102295,9097.0
2024-07-03 11:29:00,OMIC,8.710000038146973,8.710000038146973,8.710000038146973,8.630000114440918,8.630000114440918,318.0
2024-07-03 11:30:00,AADI,1.375,1.375,1.375,1.375,1.375,200.0
2024-07-03 11:30:00,ABCL,2.740000009536743,2.740000009536743,2.740000009536743,2.740000009536743,2.740000009536743,6212.0
2024-07-03 11:30:00,ABEO,4.264999866485596,4.264999866485596,4.28000020980835,4.25,4.264999866485596,734.0
2024-07-03 11:30:00,ABOS,2.2899999618530273,2.2899999618530273,2.2950000762939453,2.2899999618530273,2.2950000762939453,316.0
2024-07-03 11:30:00,ABSI,3.2249999046325684,3.2249999046325684,3.244999885559082,3.2249999046325684,3.244999885559082,5421.0
2024-07-03 11:30:00,ABUS,3.1449999809265137,3.1449999809265137,3.1649999618530273,3.1449999809265137,3.1649999618530273,19788.0
2024-07-03 11:30:00,ACAD,15.59000015258789,15.59000015258789,15.59000015258789,15.59000015258789,15.59000015258789,906.0
2024-07-03 11:30:00,ACB,4.889999866485596,4.889999866485596,4.889999866485596,4.889900207519531,4.889900207519531,510.0
2024-07-03 11:30:00,ACCD,3.5399999618530273,3.5399999618530273,3.5399999618530273,3.5399999618530273,3.5399999618530273,2629.0
2024-07-03 11:30:00,ACET,1.059999942779541,1.059999942779541,1.059999942779541,1.059999942779541,1.059999942779541,384.0
2024-07-03 11:30:00,ACHC,66.51000213623047,66.51000213623047,66.51000213623047,66.51000213623047,66.51000213623047,276.0
2024-07-03 11:30:00,ACLX,53.83000183105469,53.83000183105469,53.94499969482422,53.83000183105469,53.94499969482422,2495.0
2024-07-03 11:30:00,ACRS,1.149999976158142,1.149999976158142,1.149999976158142,1.149999976158142,1.149999976158142,3500.0
2024-07-03 11:30:00,ADAP,1.0099999904632568,1.0099999904632568,1.0099999904632568,1.0099999904632568,1.0099999904632568,400.0
2024-07-03 11:30:00,ADMA,11.274999618530273,11.274999618530273,11.274999618530273,11.270000457763672,11.270000457763672,10609.0
2024-07-03 11:30:00,ADPT,3.384999990463257,3.384999990463257,3.384999990463257,3.384999990463257,3.384999990463257,1178.0
2024-07-03 11:30:00,AFMD,5.079999923706055,5.079999923706055,5.079999923706055,5.079999923706055,5.079999923706055,399.0
2024-07-03 11:30:00,AGEN,14.425000190734863,14.425000190734863,14.425000190734863,14.425000190734863,14.425000190734863,147.0
2024-07-03 11:30:00,AGIO,41.790000915527344,41.790000915527344,41.810001373291016,41.790000915527344,41.810001373291016,1212.0
2024-07-03 11:30:00,AHCO,9.75,9.75,9.75879955291748,9.75,9.75879955291748,376.0
2024-07-03 11:30:00,AKBA,0.9485999941825867,0.9485999941825867,0.9485999941825867,0.9485999941825867,0.9485999941825867,200.0
2024-07-03 11:30:00,AKRO,21.790000915527344,21.790000915527344,21.8799991607666,21.790000915527344,21.8799991607666,1901.0
2024-07-03 11:30:00,ALDX,3.180000066757202,3.180000066757202,3.180000066757202,3.180000066757202,3.180000066757202,741.0
2024-07-03 11:30:00,ALEC,4.429999828338623,4.429999828338623,4.429999828338623,4.429999828338623,4.429999828338623,200.0
2024-07-03 11:30:00,ALGN,240.46499633789062,240.46499633789062,240.57000732421875,240.30999755859375,240.57000732421875,731.0
2024-07-03 11:30:00,ALKS,24.229999542236328,24.229999542236328,24.229999542236328,24.229999542236328,24.229999542236328,234.0
2024-07-03 11:30:00,ALLK,0.833899974822998,0.833899974822998,0.8342000246047974,0.833899974822998,0.8342000246047974,1968.0
2024-07-03 11:30:00,ALLO,2.119999885559082,2.119999885559082,2.130000114440918,2.119999885559082,2.125,15439.0
2024-07-03 11:30:00,ALLR,0.20149999856948853,0.20149999856948853,0.20499999821186066,0.20149999856948853,0.20499999821186066,4300.0
2024-07-03 11:30:00,ALNY,246.3300018310547,246.3300018310547,246.64999389648438,246.3300018310547,246.64999389648438,3153.0
2024-07-03 11:30:00,ALT,6.675000190734863,6.675000190734863,6.693399906158447,6.65500020980835,6.690000057220459,7299.0
2024-07-03 11:30:00,AMED,97.01000213623047,97.01000213623047,97.01000213623047,96.97000122070312,97.0,5518.0
2024-07-03 11:30:00,AMGN,306.6972961425781,306.6972961425781,306.7149963378906,306.54998779296875,306.69500732421875,1731.0
2024-07-03 11:30:00,AMLX,1.75,1.75,1.7599999904632568,1.75,1.75,3985.0
2024-07-03 11:30:00,AMPH,38.41999816894531,38.41999816894531,38.41999816894531,38.41999816894531,38.41999816894531,260.0
2024-07-03 11:30:00,ANAB,25.0,25.0,25.0,24.959999084472656,24.959999084472656,644.0
2024-07-03 11:30:00,ANNX,4.775000095367432,4.775000095367432,4.78000020980835,4.775000095367432,4.78000020980835,568.0
2024-07-03 11:30:00,APDN,0.3698999881744385,0.3698999881744385,0.38260000944137573,0.3625999987125397,0.38260000944137573,52237.0
2024-07-03 11:30:00,APLS,35.29999923706055,35.29999923706055,35.29999923706055,35.29999923706055,35.29999923706055,750.0
2024-07-03 11:30:00,APLT,4.360000133514404,4.360000133514404,4.360000133514404,4.360000133514404,4.360000133514404,1845.0
2024-07-03 11:30:00,AQST,2.4210000038146973,2.4210000038146973,2.4210000038146973,2.4210000038146973,2.4210000038146973,524.0
2024-07-03 11:30:00,ARCT,21.56999969482422,21.56999969482422,21.690000534057617,21.56999969482422,21.635000228881836,3783.0
2024-07-03 11:30:00,ARDX,5.239999771118164,5.239999771118164,5.239999771118164,5.235000133514404,5.239999771118164,20543.0
2024-07-03 11:30:00,ARQT,9.725000381469727,9.725000381469727,9.739999771118164,9.725000381469727,9.739999771118164,2561.0
2024-07-03 11:30:00,ARVN,24.020000457763672,24.020000457763672,24.125,24.020000457763672,24.125,3458.0
2024-07-03 11:30:00,ARWR,25.479999542236328,25.479999542236328,25.479999542236328,25.479999542236328,25.479999542236328,456.0
2024-07-03 11:30:00,ASMB,11.904999732971191,11.904999732971191,11.904999732971191,11.904999732971191,11.904999732971191,1272.0
2024-07-03 11:30:00,ASND,135.77999877929688,135.77999877929688,135.77999877929688,135.6999969482422,135.6999969482422,990.0
2024-07-03 11:30:00,ASRT,1.3300000429153442,1.3300000429153442,1.3389999866485596,1.3300000429153442,1.3389999866485596,581.0
2024-07-03 11:30:00,ATAI,1.2899999618530273,1.2899999618530273,1.2899999618530273,1.2899999618530273,1.2899999618530273,1400.0
2024-07-03 11:30:00,ATRC,22.360000610351562,22.360000610351562,22.364999771118164,22.360000610351562,22.364999771118164,555.0
2024-07-03 11:30:00,ATRI,453.82501220703125,453.82501220703125,453.82501220703125,453.82501220703125,453.82501220703125,110.0
2024-07-03 11:30:00,ATXS,9.020000457763672,9.020000457763672,9.020000457763672,9.010000228881836,9.020000457763672,1160.0
2024-07-03 11:30:00,AUGX,1.0049999952316284,1.0049999952316284,1.0049999952316284,1.0049999952316284,1.0049999952316284,800.0
2024-07-03 11:30:00,AUPH,5.465000152587891,5.465000152587891,5.465000152587891,5.465000152587891,5.465000152587891,713.0
2024-07-03 11:30:00,AUTL,3.490000009536743,3.490000009536743,3.490000009536743,3.490000009536743,3.490000009536743,1037.0
2024-07-03 11:30:00,AVAH,2.658799886703491,2.658799886703491,2.658799886703491,2.6549999713897705,2.6549999713897705,654.0
2024-07-03 11:30:00,AVDL,14.454999923706055,14.454999923706055,14.515000343322754,14.454999923706055,14.515000343322754,4888.0
2024-07-03 11:30:00,AVTE,1.638100028038025,1.638100028038025,1.638100028038025,1.638100028038025,1.638100028038025,1280.0
2024-07-03 11:30:00,AVXL,4.199999809265137,4.199999809265137,4.199999809265137,4.199999809265137,4.199999809265137,349.0
2024-07-03 11:30:00,AWH,0.9700000286102295,0.9700000286102295,0.9700000286102295,0.9700000286102295,0.9700000286102295,2798.0
2024-07-03 11:30:00,AXGN,7.349999904632568,7.349999904632568,7.349999904632568,7.349999904632568,7.349999904632568,806.0
2024-07-03 11:30:00,AZN,76.69999694824219,76.69999694824219,76.74500274658203,76.68499755859375,76.72000122070312,12289.0
2024-07-03 11:30:00,BBIO,25.334999084472656,25.334999084472656,25.350000381469727,25.334999084472656,25.350000381469727,889.0
2024-07-03 11:30:00,BCAB,1.3799999952316284,1.3799999952316284,1.3799999952316284,1.3700000047683716,1.3700000047683716,2228.0
2024-07-03 11:30:00,BCRX,6.480000019073486,6.480000019073486,6.480000019073486,6.480000019073486,6.480000019073486,2472.0
2024-07-03 11:30:00,BDTX,4.380000114440918,4.380000114440918,4.380000114440918,4.380000114440918,4.380000114440918,209.0
2024-07-03 11:30:00,BEAM,23.645000457763672,23.645000457763672,23.68000030517578,23.610000610351562,23.6299991607666,3055.0
2024-07-03 11:30:00,BGNE,147.14999389648438,147.14999389648438,147.14999389648438,146.73500061035156,146.73500061035156,3823.0
2024-07-03 11:30:00,BIIB,223.77999877929688,223.77999877929688,223.77999877929688,223.75999450683594,223.75999450683594,394.0
2024-07-03 11:30:00,BJDX,0.6349999904632568,0.6349999904632568,0.6349999904632568,0.6349999904632568,0.6349999904632568,1203.0
2024-07-03 11:30:00,BLFS,19.719999313354492,19.719999313354492,19.799999237060547,19.719999313354492,19.799999237060547,1755.0
2024-07-03 11:30:00,BLRX,0.5253999829292297,0.5253999829292297,0.5253999829292297,0.5253999829292297,0.5253999829292297,302.0
2024-07-03 11:30:00,BLUE,0.9280999898910522,0.9280999898910522,0.9350000023841858,0.9279000163078308,0.9340000152587891,59989.0
2024-07-03 11:30:00,BMEA,4.420000076293945,4.420000076293945,4.429999828338623,4.409999847412109,4.420000076293945,1934.0
2024-07-03 11:30:00,BMRN,81.0199966430664,81.0199966430664,81.12999725341797,81.0199966430664,81.12999725341797,3828.0
2024-07-03 11:30:00,BNGO,0.5577999949455261,0.5577999949455261,0.5577999949455261,0.557699978351593,0.557699978351593,6768.0
2024-07-03 11:30:00,BNTX,79.84500122070312,79.84500122070312,79.8499984741211,79.84500122070312,79.8499984741211,325.0
2024-07-03 11:30:00,BPMC,110.91000366210938,110.91000366210938,110.9800033569336,110.8499984741211,110.9800033569336,1607.0
2024-07-03 11:30:00,BPTH,1.7899999618530273,1.7899999618530273,1.7899999618530273,1.7899999618530273,1.7899999618530273,2884.0
2024-07-03 11:30:00,BRKR,61.529998779296875,61.529998779296875,61.529998779296875,61.5,61.5,1474.0
2024-07-03 11:30:00,BTAI,1.090000033378601,1.090000033378601,1.0950000286102295,1.090000033378601,1.090000033378601,2055.0
2024-07-03 11:30:00,BVS,5.960000038146973,5.960000038146973,5.960000038146973,5.960000038146973,5.960000038146973,264.0
2024-07-03 11:30:00,CABA,7.590000152587891,7.590000152587891,7.590000152587891,7.590000152587891,7.590000152587891,796.0
2024-07-03 11:30:00,CADL,6.261300086975098,6.261300086975098,6.261300086975098,6.261300086975098,6.261300086975098,312.0
2024-07-03 11:30:00,CAPR,4.739999771118164,4.739999771118164,4.739999771118164,4.739999771118164,4.739999771118164,248.0
2024-07-03 11:30:00,CARA,0.2874000072479248,0.2874000072479248,0.2874000072479248,0.2874000072479248,0.2874000072479248,417.0
2024-07-03 11:30:00,CCCC,4.635000228881836,4.635000228881836,4.639999866485596,4.635000228881836,4.635000228881836,2091.0
2024-07-03 11:30:00,CDMO,7.579999923706055,7.579999923706055,7.579999923706055,7.579999923706055,7.579999923706055,619.0
2024-07-03 11:30:00,CDNA,15.1899995803833,15.1899995803833,15.1899995803833,15.170000076293945,15.170000076293945,714.0
2024-07-03 11:30:00,CELC,16.270000457763672,16.270000457763672,16.270000457763672,16.270000457763672,16.270000457763672,612.0
2024-07-03 11:30:00,CELZ,3.851599931716919,3.851599931716919,3.851599931716919,3.851599931716919,3.851599931716919,1007.0
2024-07-03 11:30:00,CERE,39.70000076293945,39.70000076293945,40.119998931884766,39.59000015258789,40.07500076293945,93742.0
2024-07-03 11:30:00,CERS,1.7200000286102295,1.7200000286102295,1.7200000286102295,1.7200000286102295,1.7200000286102295,303.0
2024-07-03 11:30:00,CERT,13.789999961853027,13.789999961853027,13.789999961853027,13.789999961853027,13.789999961853027,201.0
2024-07-03 11:30:00,CGC,6.538700103759766,6.538700103759766,6.539999961853027,6.505000114440918,6.505000114440918,7783.0
2024-07-03 11:30:00,CGEM,16.899999618530273,16.899999618530273,16.899999618530273,16.889999389648438,16.889999389648438,1177.0
2024-07-03 11:30:00,CGEN,1.649999976158142,1.649999976158142,1.649999976158142,1.649999976158142,1.649999976158142,2400.0
2024-07-03 11:30:00,CING,0.3199999928474426,0.3199999928474426,0.3352000117301941,0.3199999928474426,0.3352000117301941,84985.0
2024-07-03 11:30:00,CKPT,2.2095000743865967,2.2095000743865967,2.2095000743865967,2.200000047683716,2.200000047683716,2530.0
2024-07-03 11:30:00,CLNN,0.329800009727478,0.329800009727478,0.32989999651908875,0.329800009727478,0.32989999651908875,2598.0
2024-07-03 11:30:00,CLOV,1.2450000047683716,1.2450000047683716,1.2482999563217163,1.2450000047683716,1.2482999563217163,1821.0
2024-07-03 11:30:00,CNSP,1.4500000476837158,1.4500000476837158,1.4500000476837158,1.3949999809265137,1.3992999792099,200621.0
2024-07-03 11:30:00,COGT,8.524999618530273,8.524999618530273,8.545000076293945,8.524999618530273,8.535799980163574,2763.0
2024-07-03 11:30:00,COLL,32.31999969482422,32.31999969482422,32.31999969482422,32.31999969482422,32.31999969482422,1970.0
2024-07-03 11:30:00,CORT,30.290000915527344,30.290000915527344,30.3799991607666,30.25,30.309999465942383,20232.0
2024-07-03 11:30:00,COSM,0.9300000071525574,0.9300000071525574,0.9302999973297119,0.9300000071525574,0.9300000071525574,6488.0
2024-07-03 11:30:00,CPRX,15.449999809265137,15.449999809265137,15.47819995880127,15.449999809265137,15.47819995880127,1176.0
2024-07-03 11:30:00,CRBU,1.5850000381469727,1.5850000381469727,1.5850000381469727,1.5800000429153442,1.5850000381469727,471.0
2024-07-03 11:30:00,CRIS,6.460000038146973,6.460000038146973,6.460000038146973,6.460000038146973,6.460000038146973,200.0
2024-07-03 11:30:00,CRNX,45.0099983215332,45.0099983215332,45.040000915527344,45.0099983215332,45.040000915527344,1882.0
2024-07-03 11:30:00,CRSP,53.619998931884766,53.619998931884766,53.650001525878906,53.619998931884766,53.650001525878906,2888.0
2024-07-03 11:30:00,CTKB,5.590000152587891,5.590000152587891,5.605000019073486,5.590000152587891,5.605000019073486,2668.0
2024-07-03 11:30:00,CTMX,1.3200000524520874,1.3200000524520874,1.3200000524520874,1.3200000524520874,1.3200000524520874,200.0
2024-07-03 11:30:00,CTXR,0.4900999963283539,0.4900999963283539,0.4997999966144562,0.4900999963283539,0.4950000047683716,8475.0
2024-07-03 11:30:00,CUE,0.9761000275611877,0.9761000275611877,0.9814000129699707,0.9761000275611877,0.9793000221252441,1215.0
2024-07-03 11:30:00,CUTR,1.315000057220459,1.315000057220459,1.315000057220459,1.315000057220459,1.315000057220459,730.0
2024-07-03 11:30:00,CVAC,3.359999895095825,3.359999895095825,3.359999895095825,3.3550000190734863,3.359999895095825,2060.0
2024-07-03 11:30:00,CVRX,11.6899995803833,11.6899995803833,11.6899995803833,11.6899995803833,11.6899995803833,519.0
2024-07-03 11:30:00,CYTK,54.689998626708984,54.689998626708984,54.689998626708984,54.689998626708984,54.689998626708984,327.0
2024-07-03 11:30:00,DAWN,13.319999694824219,13.319999694824219,13.329999923706055,13.319999694824219,13.329999923706055,754.0
2024-07-03 11:30:00,DCGO,2.934999942779541,2.934999942779541,2.934999942779541,2.934999942779541,2.934999942779541,465.0
2024-07-03 11:30:00,DCTH,7.824999809265137,7.824999809265137,7.824999809265137,7.824999809265137,7.824999809265137,371.0
2024-07-03 11:30:00,DH,5.380000114440918,5.380000114440918,5.389999866485596,5.380000114440918,5.389999866485596,1394.0
2024-07-03 11:30:00,DNLI,21.440000534057617,21.440000534057617,21.440000534057617,21.43000030517578,21.440000534057617,1133.0
2024-07-03 11:30:00,DSGN,3.259999990463257,3.259999990463257,3.259999990463257,3.259999990463257,3.259999990463257,115.0
2024-07-03 11:30:00,DVAX,11.079999923706055,11.079999923706055,11.09000015258789,11.079999923706055,11.09000015258789,2479.0
2024-07-03 11:30:00,DXCM,110.69999694824219,110.69999694824219,110.69999694824219,110.69999694824219,110.69999694824219,956.0
2024-07-03 11:30:00,DYN,34.31999969482422,34.31999969482422,34.369998931884766,34.31999969482422,34.369998931884766,1296.0
2024-07-03 11:30:00,EDIT,4.650000095367432,4.650000095367432,4.65500020980835,4.650000095367432,4.65500020980835,1536.0
2024-07-03 11:30:00,ELEV,2.6700000762939453,2.6700000762939453,2.6700000762939453,2.6700000762939453,2.6700000762939453,1084.0
2024-07-03 11:30:00,ELYM,6.829899787902832,6.829899787902832,6.829899787902832,6.829899787902832,6.829899787902832,177.0
2024-07-03 11:30:00,EMBC,12.0649995803833,12.0649995803833,12.09000015258789,12.0649995803833,12.09000015258789,2671.0
2024-07-03 11:30:00,ENSG,126.19499969482422,126.19499969482422,126.36499786376953,126.19499969482422,126.36000061035156,2946.0
2024-07-03 11:30:00,ENTA,13.170000076293945,13.170000076293945,13.170000076293945,13.170000076293945,13.170000076293945,1121.0
2024-07-03 11:30:00,EOLS,10.920000076293945,10.920000076293945,10.920000076293945,10.90999984741211,10.90999984741211,559.0
2024-07-03 11:30:00,ERAS,2.244999885559082,2.244999885559082,2.259999990463257,2.244999885559082,2.259999990463257,7111.0
2024-07-03 11:30:00,ESPR,2.3499999046325684,2.3499999046325684,2.3499999046325684,2.3450000286102295,2.3499999046325684,4932.0
2024-07-03 11:30:00,ESTA,43.43000030517578,43.43000030517578,43.43000030517578,43.43000030517578,43.43000030517578,298.0
2024-07-03 11:30:00,ETNB,7.490499973297119,7.490499973297119,7.490499973297119,7.490499973297119,7.490499973297119,427.0
2024-07-03 11:30:00,EWTX,18.09000015258789,18.09000015258789,18.190000534057617,18.09000015258789,18.190000534057617,3361.0
2024-07-03 11:30:00,EXAS,43.06999969482422,43.06999969482422,43.06999969482422,42.9900016784668,43.0,4626.0
2024-07-03 11:30:00,EYPT,8.329999923706055,8.329999923706055,8.350000381469727,8.329999923706055,8.34000015258789,4179.0
2024-07-03 11:30:00,FATE,3.1649999618530273,3.1649999618530273,3.184999942779541,3.1649999618530273,3.184999942779541,5036.0
2024-07-03 11:30:00,FDMT,20.93000030517578,20.93000030517578,21.014999389648438,20.93000030517578,21.014999389648438,1492.0
2024-07-03 11:30:00,FGEN,0.7098000049591064,0.7098000049591064,0.7121000289916992,0.7063000202178955,0.7099999785423279,29628.0
2024-07-03 11:30:00,FLGT,20.190000534057617,20.190000534057617,20.190000534057617,20.190000534057617,20.190000534057617,228.0
2024-07-03 11:30:00,FOLD,9.880000114440918,9.880000114440918,9.890000343322754,9.880000114440918,9.890000343322754,1562.0
2024-07-03 11:30:00,FULC,6.139999866485596,6.139999866485596,6.139999866485596,6.130000114440918,6.139999866485596,4733.0
2024-07-03 11:30:00,GALT,2.1500000953674316,2.1500000953674316,2.1700000762939453,2.1500000953674316,2.1700000762939453,1662.0
2024-07-03 11:30:00,GERN,4.304999828338623,4.304999828338623,4.315000057220459,4.304999828338623,4.315000057220459,10178.0
2024-07-03 11:30:00,GH,28.43000030517578,28.43000030517578,28.43000030517578,28.43000030517578,28.43000030517578,356.0
2024-07-03 11:30:00,GILD,67.20999908447266,67.20999908447266,67.20999908447266,67.16999816894531,67.18000030517578,8287.0
2024-07-03 11:30:00,GLUE,3.740000009536743,3.740000009536743,3.740000009536743,3.740000009536743,3.740000009536743,297.0
2024-07-03 11:30:00,GLYC,0.26930001378059387,0.26930001378059387,0.26930001378059387,0.26930001378059387,0.26930001378059387,300.0
2024-07-03 11:30:00,GMAB,25.149999618530273,25.149999618530273,25.15999984741211,25.139999389648438,25.15999984741211,1603.0
2024-07-03 11:30:00,GNPX,1.9279999732971191,1.9279999732971191,1.9279999732971191,1.9279999732971191,1.9279999732971191,119.0
2024-07-03 11:30:00,GOSS,0.9387999773025513,0.9387999773025513,0.9415000081062317,0.9387999773025513,0.9415000081062317,1957.0
2024-07-03 11:30:00,GOVX,3.0,3.0,3.0,3.0,3.0,2000.0
2024-07-03 11:30:00,GRFS,6.676700115203857,6.676700115203857,6.676700115203857,6.675000190734863,6.675000190734863,370.0
2024-07-03 11:30:00,GTHX,2.5,2.5,2.5,2.494999885559082,2.5,6206.0
2024-07-03 11:30:00,HALO,51.869998931884766,51.869998931884766,51.904998779296875,51.83259963989258,51.83259963989258,10169.0
2024-07-03 11:30:00,HCAT,6.190000057220459,6.190000057220459,6.199999809265137,6.190000057220459,6.199999809265137,661.0
2024-07-03 11:30:00,HCSG,10.630000114440918,10.630000114440918,10.630000114440918,10.59000015258789,10.59000015258789,4102.0
2024-07-03 11:30:00,HITI,2.1050000190734863,2.1050000190734863,2.1050000190734863,2.1050000190734863,2.1050000190734863,259.0
2024-07-03 11:30:00,HLVX,14.364999771118164,14.364999771118164,14.364999771118164,14.364999771118164,14.364999771118164,191.0
2024-07-03 11:30:00,HOLX,73.22000122070312,73.22000122070312,73.22000122070312,73.22000122070312,73.22000122070312,776.0
2024-07-03 11:30:00,HOOK,0.5950000286102295,0.5950000286102295,0.5950000286102295,0.5950000286102295,0.5950000286102295,682.0
2024-07-03 11:30:00,HOWL,2.049999952316284,2.049999952316284,2.049999952316284,2.049999952316284,2.049999952316284,209.0
2024-07-03 11:30:00,HQY,83.25,83.25,83.25,83.1500015258789,83.17500305175781,2590.0
2024-07-03 11:30:00,HRMY,30.260000228881836,30.260000228881836,30.260000228881836,30.2549991607666,30.2549991607666,652.0
2024-07-03 11:30:00,HROW,21.689899444580078,21.689899444580078,21.689899444580078,21.600000381469727,21.610000610351562,1603.0
2024-07-03 11:30:00,HRTX,2.765000104904175,2.765000104904175,2.7850000858306885,2.765000104904175,2.7799999713897705,6760.0
2024-07-03 11:30:00,HSIC,64.86000061035156,64.86000061035156,64.86000061035156,64.81999969482422,64.81999969482422,3442.0
2024-07-03 11:30:00,HUMA,5.710000038146973,5.710000038146973,5.710000038146973,5.70959997177124,5.70959997177124,984.0
2024-07-03 11:30:00,IART,28.700000762939453,28.700000762939453,28.700000762939453,28.700000762939453,28.700000762939453,136.0
2024-07-03 11:30:00,IBRX,6.255000114440918,6.255000114440918,6.255000114440918,6.25,6.251999855041504,9464.0
2024-07-03 11:30:00,ICLR,316.81500244140625,316.81500244140625,317.0199890136719,316.81500244140625,316.8599853515625,2297.0
2024-07-03 11:30:00,IDXX,477.3699951171875,477.3699951171875,477.3699951171875,477.3699951171875,477.3699951171875,269.0
2024-07-03 11:30:00,IDYA,33.625,33.625,33.625,33.619998931884766,33.619998931884766,603.0
2024-07-03 11:30:00,IGMS,6.510000228881836,6.510000228881836,6.510000228881836,6.510000228881836,6.510000228881836,1352.0
2024-07-03 11:30:00,IINN,1.5957000255584717,1.5957000255584717,1.5957000255584717,1.5800000429153442,1.5800000429153442,0.0
2024-07-03 11:30:00,ILMN,105.36499786376953,105.36499786376953,105.4000015258789,105.33999633789062,105.4000015258789,1762.0
2024-07-03 11:30:00,IMAB,1.5390000343322754,1.5390000343322754,1.5390000343322754,1.5390000343322754,1.5390000343322754,46.0
2024-07-03 11:30:00,IMCR,36.060001373291016,36.060001373291016,36.060001373291016,36.060001373291016,36.060001373291016,200.0
2024-07-03 11:30:00,IMMX,2.4321000576019287,2.4321000576019287,2.450000047683716,2.4100000858306885,2.4100000858306885,5519.0
2024-07-03 11:30:00,IMNM,12.069999694824219,12.069999694824219,12.085000038146973,12.069999694824219,12.069999694824219,1840.0
2024-07-03 11:30:00,IMRX,1.1399999856948853,1.1399999856948853,1.1399999856948853,1.1399999856948853,1.1399999856948853,105.0
2024-07-03 11:30:00,INCY,57.90999984741211,57.90999984741211,57.90999984741211,57.90999984741211,57.90999984741211,656.0
2024-07-03 11:30:00,INMB,7.96999979019165,7.96999979019165,7.96999979019165,7.909999847412109,7.909999847412109,1764.0
2024-07-03 11:30:00,INMD,17.584999084472656,17.584999084472656,17.584999084472656,17.584999084472656,17.584999084472656,215.0
2024-07-03 11:30:00,INNV,5.320000171661377,5.320000171661377,5.320000171661377,5.320000171661377,5.320000171661377,277.0
2024-07-03 11:30:00,INSM,62.0099983215332,62.0099983215332,62.09000015258789,62.0,62.09000015258789,4232.0
2024-07-03 11:30:00,IONS,44.7400016784668,44.7400016784668,44.790000915527344,44.720001220703125,44.720001220703125,1863.0
2024-07-03 11:30:00,IOVA,7.554999828338623,7.554999828338623,7.59499979019165,7.550000190734863,7.590000152587891,32861.0
2024-07-03 11:30:00,IPSC,2.25,2.25,2.25,2.25,2.25,160.0
2024-07-03 11:30:00,IRWD,6.114999771118164,6.114999771118164,6.139999866485596,6.114999771118164,6.139999866485596,9342.0
2024-07-03 11:30:00,ISRG,434.3299865722656,434.3299865722656,434.3299865722656,434.31500244140625,434.31500244140625,1793.0
2024-07-03 11:30:00,ITCI,68.33000183105469,68.33000183105469,68.33499908447266,68.33000183105469,68.33499908447266,407.0
2024-07-03 11:30:00,ITOS,14.729999542236328,14.729999542236328,14.729999542236328,14.729999542236328,14.729999542236328,874.0
2024-07-03 11:30:00,IVVD,1.1150000095367432,1.1150000095367432,1.1150000095367432,1.1150000095367432,1.1150000095367432,793.0
2024-07-03 11:30:00,JAZZ,103.81999969482422,103.81999969482422,103.81999969482422,103.81999969482422,103.81999969482422,742.0
2024-07-03 11:30:00,JSPR,23.170000076293945,23.170000076293945,23.170000076293945,23.170000076293945,23.170000076293945,119.0
2024-07-03 11:30:00,KIDS,29.780000686645508,29.780000686645508,29.780000686645508,29.780000686645508,29.780000686645508,256.0
2024-07-03 11:30:00,KMDA,5.190000057220459,5.190000057220459,5.190000057220459,5.190000057220459,5.190000057220459,109.0
2024-07-03 11:30:00,KNSA,18.96500015258789,18.96500015258789,18.96500015258789,18.950000762939453,18.950000762939453,2219.0
2024-07-03 11:30:00,KROS,42.349998474121094,42.349998474121094,42.349998474121094,42.349998474121094,42.349998474121094,1181.0
2024-07-03 11:30:00,KTRA,0.29030001163482666,0.29030001163482666,0.29030001163482666,0.29030001163482666,0.29030001163482666,0.0
2024-07-03 11:30:00,KURA,20.3799991607666,20.3799991607666,20.3799991607666,20.3799991607666,20.3799991607666,1345.0
2024-07-03 11:30:00,KYMR,30.235000610351562,30.235000610351562,30.270000457763672,30.229999542236328,30.270000457763672,1642.0
2024-07-03 11:30:00,KZR,0.5760999917984009,0.5760999917984009,0.5760999917984009,0.5751000046730042,0.5760999917984009,1033.0
2024-07-03 11:30:00,LAB,1.7999999523162842,1.7999999523162842,1.7999999523162842,1.7899999618530273,1.7899999618530273,3437.0
2024-07-03 11:30:00,LBPH,32.5,32.5,32.63999938964844,32.5,32.59960174560547,865.0
2024-07-03 11:30:00,LEGN,46.5,46.5,46.5,46.470001220703125,46.470001220703125,1582.0
2024-07-03 11:30:00,LFMD,6.78000020980835,6.78000020980835,6.78000020980835,6.764999866485596,6.764999866485596,4652.0
2024-07-03 11:30:00,LFST,5.110000133514404,5.110000133514404,5.114999771118164,5.110000133514404,5.114999771118164,1154.0
2024-07-03 11:30:00,LIVN,52.75,52.75,52.75,52.75,52.75,792.0
2024-07-03 11:30:00,LMAT,81.55999755859375,81.55999755859375,81.55999755859375,81.55999755859375,81.55999755859375,270.0
2024-07-03 11:30:00,LPTX,1.7999999523162842,1.7999999523162842,1.7999999523162842,1.7999999523162842,1.7999999523162842,200.0
2024-07-03 11:30:00,LQDA,11.899999618530273,11.899999618530273,11.899999618530273,11.899999618530273,11.899999618530273,114.0
2024-07-03 11:30:00,LUCY,0.4668999910354614,0.4668999910354614,0.4668999910354614,0.4668999910354614,0.4668999910354614,4800.0
2024-07-03 11:30:00,LUNG,6.295000076293945,6.295000076293945,6.295000076293945,6.295000076293945,6.295000076293945,448.0
2024-07-03 11:30:00,MBIO,0.49149999022483826,0.49149999022483826,0.4941999912261963,0.4900999963283539,0.49219998717308044,44265.0
2024-07-03 11:30:00,MDGL,271.0150146484375,271.0150146484375,271.0150146484375,271.0150146484375,271.0150146484375,1262.0
2024-07-03 11:30:00,MDXG,6.744999885559082,6.744999885559082,6.755000114440918,6.744999885559082,6.755000114440918,2231.0
2024-07-03 11:30:00,ME,0.4032000005245209,0.4032000005245209,0.4034999907016754,0.4032000005245209,0.4034999907016754,1690.0
2024-07-03 11:30:00,MEDP,406.8699951171875,406.8699951171875,406.8699951171875,406.8699951171875,406.8699951171875,1667.0
2024-07-03 11:30:00,MESO,6.75,6.75,6.75,6.75,6.75,305.0
2024-07-03 11:30:00,MGNX,4.204999923706055,4.204999923706055,4.21999979019165,4.204999923706055,4.21999979019165,1179.0
2024-07-03 11:30:00,MGTX,4.0,4.0,4.010000228881836,3.9800000190734863,3.9800000190734863,1910.0
2024-07-03 11:30:00,MIRM,33.7599983215332,33.7599983215332,33.814998626708984,33.7599983215332,33.814998626708984,927.0
2024-07-03 11:30:00,MLTX,41.43000030517578,41.43000030517578,41.43000030517578,41.380001068115234,41.380001068115234,882.0
2024-07-03 11:30:00,MMSI,86.01000213623047,86.01000213623047,86.01000213623047,86.01000213623047,86.01000213623047,189.0
2024-07-03 11:30:00,MNKD,5.050000190734863,5.050000190734863,5.050000190734863,5.050000190734863,5.050000190734863,638.0
2024-07-03 11:30:00,MNMD,7.15500020980835,7.15500020980835,7.15500020980835,7.15500020980835,7.15500020980835,384.0
2024-07-03 11:30:00,MODV,27.760000228881836,27.760000228881836,27.84000015258789,27.760000228881836,27.839000701904297,2429.0
2024-07-03 11:30:00,MORF,31.844999313354492,31.844999313354492,31.844999313354492,31.799999237060547,31.799999237060547,2721.0
2024-07-03 11:30:00,MREO,3.5174999237060547,3.5174999237060547,3.5199999809265137,3.515000104904175,3.5199999809265137,3281.0
2024-07-03 11:30:00,MRNA,115.58999633789062,115.58999633789062,115.79000091552734,115.58999633789062,115.79000091552734,3857.0
2024-07-03 11:30:00,MRNS,1.2050000429153442,1.2050000429153442,1.2050000429153442,1.2050000429153442,1.2050000429153442,200.0
2024-07-03 11:30:00,MRSN,1.8550000190734863,1.8550000190734863,1.8700000047683716,1.8550000190734863,1.8700000047683716,3449.0
2024-07-03 11:30:00,MRUS,52.38999938964844,52.38999938964844,52.45000076293945,52.38999938964844,52.45000076293945,1118.0
2024-07-03 11:30:00,MRVI,6.789999961853027,6.789999961853027,6.789999961853027,6.784999847412109,6.789999961853027,11559.0
2024-07-03 11:30:00,MXCT,3.684999942779541,3.684999942779541,3.684999942779541,3.684999942779541,3.684999942779541,566.0
2024-07-03 11:30:00,MYGN,24.94499969482422,24.94499969482422,24.969999313354492,24.93000030517578,24.969999313354492,2395.0
2024-07-03 11:30:00,MYNZ,0.33079999685287476,0.33079999685287476,0.3310000002384186,0.33000001311302185,0.33000001311302185,14856.0
2024-07-03 11:30:00,NARI,49.54499816894531,49.54499816894531,49.58000183105469,49.54499816894531,49.58000183105469,2441.0
2024-07-03 11:30:00,NBIX,138.67999267578125,138.67999267578125,138.67999267578125,138.6199951171875,138.6199951171875,563.0
2024-07-03 11:30:00,NDRA,0.09690000116825104,0.09690000116825104,0.09700000286102295,0.09549999982118607,0.09549999982118607,487330.0
2024-07-03 11:30:00,NEOG,15.204999923706055,15.204999923706055,15.210000038146973,15.204999923706055,15.210000038146973,1270.0
2024-07-03 11:30:00,NKTR,1.2350000143051147,1.2350000143051147,1.2350000143051147,1.2350000143051147,1.2350000143051147,2192.0
2024-07-03 11:30:00,NLSP,0.20000000298023224,0.20000000298023224,0.20000000298023224,0.20000000298023224,0.20000000298023224,200.0
2024-07-03 11:30:00,NNOX,6.96999979019165,6.96999979019165,6.96999979019165,6.96999979019165,6.96999979019165,1959.0
2024-07-03 11:30:00,NRC,22.950000762939453,22.950000762939453,22.959999084472656,22.93000030517578,22.93000030517578,855.0
2024-07-03 11:30:00,NRIX,19.640100479125977,19.640100479125977,19.665000915527344,19.639999389648438,19.665000915527344,3131.0
2024-07-03 11:30:00,NRSN,1.2999999523162842,1.2999999523162842,1.2999999523162842,1.2699999809265137,1.2699999809265137,0.0
2024-07-03 11:30:00,NTLA,22.639999389648438,22.639999389648438,22.670000076293945,22.639999389648438,22.65999984741211,2085.0
2024-07-03 11:30:00,NUVL,72.11499786376953,72.11499786376953,72.16000366210938,72.11499786376953,72.16000366210938,1150.0
2024-07-03 11:30:00,NVAX,12.649999618530273,12.649999618530273,12.680000305175781,12.649999618530273,12.675000190734863,7493.0
2024-07-03 11:30:00,NVCR,16.700000762939453,16.700000762939453,16.739999771118164,16.68000030517578,16.739999771118164,3709.0
2024-07-03 11:30:00,NVCT,6.297999858856201,6.297999858856201,6.297999858856201,6.276000022888184,6.276000022888184,289.0
2024-07-03 11:30:00,NVNO,5.051000118255615,5.051000118255615,5.070000171661377,5.051000118255615,5.070000171661377,0.0
2024-07-03 11:30:00,NVOS,0.7511000037193298,0.7511000037193298,0.7511000037193298,0.7511000037193298,0.7511000037193298,3117.0
2024-07-03 11:30:00,NXTC,1.5800000429153442,1.5800000429153442,1.5800000429153442,1.5800000429153442,1.5800000429153442,825.0
2024-07-03 11:30:00,OCGN,1.6150000095367432,1.6150000095367432,1.6200000047683716,1.6150000095367432,1.6200000047683716,12120.0
2024-07-03 11:30:00,OCUL,6.695000171661377,6.695000171661377,6.71999979019165,6.695000171661377,6.710000038146973,3125.0
2024-07-03 11:30:00,OGI,1.5787999629974365,1.5787999629974365,1.5787999629974365,1.5787999629974365,1.5787999629974365,2774.0
2024-07-03 11:30:00,OLMA,10.604999542236328,10.604999542236328,10.609999656677246,10.59000015258789,10.59000015258789,2587.0
2024-07-03 11:30:00,OM,3.869999885559082,3.869999885559082,3.875,3.869999885559082,3.875,1545.0
2024-07-03 11:30:00,OMER,3.8399999141693115,3.8399999141693115,3.8399999141693115,3.8399999141693115,3.8399999141693115,212.0
2024-07-03 11:30:00,OMGA,1.9850000143051147,1.9850000143051147,1.9900000095367432,1.9800000190734863,1.9800000190734863,2685.0
2024-07-03 11:31:00,ABCL,2.744999885559082,2.744999885559082,2.744999885559082,2.740000009536743,2.740000009536743,2377.0
2024-07-03 11:31:00,ABEO,4.264999866485596,4.264999866485596,4.264999866485596,4.264999866485596,4.264999866485596,290.0
2024-07-03 11:31:00,ABSI,3.2300000190734863,3.2300000190734863,3.2300000190734863,3.2300000190734863,3.2300000190734863,925.0
2024-07-03 11:31:00,ACAD,15.595000267028809,15.595000267028809,15.595000267028809,15.595000267028809,15.595000267028809,709.0
2024-07-03 11:31:00,ACB,4.897600173950195,4.897600173950195,4.8979997634887695,4.885300159454346,4.885300159454346,7213.0
2024-07-03 11:31:00,ACCD,3.5299999713897705,3.5299999713897705,3.5399999618530273,3.5299999713897705,3.5399999618530273,13870.0
2024-07-03 11:31:00,ACET,1.059999942779541,1.059999942779541,1.059999942779541,1.059999942779541,1.059999942779541,427.0
2024-07-03 11:31:00,ACHC,66.51000213623047,66.51000213623047,66.51000213623047,66.51000213623047,66.51000213623047,237.0
2024-07-03 11:31:00,ACHV,4.5,4.5,4.5,4.480000019073486,4.5,2364.0
2024-07-03 11:31:00,ACLX,53.7400016784668,53.7400016784668,53.7400016784668,53.7400016784668,53.7400016784668,1925.0
2024-07-03 11:31:00,ADAP,1.0099999904632568,1.0099999904632568,1.0099999904632568,1.0099999904632568,1.0099999904632568,22.0
2024-07-03 11:31:00,ADMA,11.289899826049805,11.289899826049805,11.289899826049805,11.274999618530273,11.274999618530273,8672.0
2024-07-03 11:31:00,ADPT,3.384999990463257,3.384999990463257,3.384999990463257,3.384999990463257,3.384999990463257,1519.0
2024-07-03 11:31:00,ADVM,7.070000171661377,7.070000171661377,7.070000171661377,7.059999942779541,7.070000171661377,1006.0
2024-07-03 11:31:00,AGEN,14.425000190734863,14.425000190734863,14.425000190734863,14.425000190734863,14.425000190734863,231.0
2024-07-03 11:31:00,AHCO,9.729999542236328,9.729999542236328,9.75,9.729999542236328,9.75,2423.0
2024-07-03 11:31:00,AKAN,2.23009991645813,2.23009991645813,2.240000009536743,2.2200000286102295,2.234299898147583,2841.0
2024-07-03 11:31:00,AKBA,0.9485999941825867,0.9485999941825867,0.9485999941825867,0.9485999941825867,0.9485999941825867,146.0
2024-07-03 11:31:00,AKRO,21.80500030517578,21.80500030517578,21.827999114990234,21.80500030517578,21.827999114990234,1188.0
2024-07-03 11:31:00,ALGN,240.4600067138672,240.4600067138672,240.60499572753906,240.4499969482422,240.4550018310547,1584.0
2024-07-03 11:31:00,ALHC,7.989999771118164,7.989999771118164,8.010000228881836,7.980000019073486,8.010000228881836,4857.0
2024-07-03 11:31:00,ALKS,24.225000381469727,24.225000381469727,24.225000381469727,24.225000381469727,24.225000381469727,551.0
2024-07-03 11:31:00,ALLO,2.1298999786376953,2.1298999786376953,2.1298999786376953,2.119999885559082,2.119999885559082,4560.0
2024-07-03 11:31:00,ALLR,0.20149999856948853,0.20149999856948853,0.20350000262260437,0.20149999856948853,0.20149999856948853,11117.0
2024-07-03 11:31:00,ALNY,246.68499755859375,246.68499755859375,246.77000427246094,246.4199981689453,246.44000244140625,7814.0
2024-07-03 11:31:00,ALT,6.684999942779541,6.684999942779541,6.684999942779541,6.670000076293945,6.675000190734863,6895.0
2024-07-03 11:31:00,AMED,97.0,97.0,97.0,96.95500183105469,96.98999786376953,4561.0
2024-07-03 11:31:00,AMGN,306.7149963378906,306.7149963378906,306.7149963378906,306.55999755859375,306.68499755859375,1458.0
2024-07-03 11:31:00,AMLX,1.7599999904632568,1.7599999904632568,1.7599999904632568,1.7599999904632568,1.7599999904632568,2321.0
2024-07-03 11:31:00,AMPH,38.38999938964844,38.38999938964844,38.38999938964844,38.38999938964844,38.38999938964844,138.0
2024-07-03 11:31:00,AMRN,0.6949999928474426,0.6949999928474426,0.6949999928474426,0.6949999928474426,0.6949999928474426,3877.0
2024-07-03 11:31:00,ANAB,25.0,25.0,25.0,25.0,25.0,536.0
2024-07-03 11:31:00,ANNX,4.789999961853027,4.789999961853027,4.789999961853027,4.775000095367432,4.775000095367432,4096.0
2024-07-03 11:31:00,ANTX,2.4728000164031982,2.4728000164031982,2.490000009536743,2.4728000164031982,2.490000009536743,2420.0
2024-07-03 11:31:00,APDN,0.38499999046325684,0.38499999046325684,0.38499999046325684,0.3824000060558319,0.3824000060558319,3266.0
2024-07-03 11:31:00,APLS,35.29499816894531,35.29499816894531,35.34000015258789,35.209999084472656,35.29499816894531,393.0
2024-07-03 11:31:00,APLT,4.355000019073486,4.355000019073486,4.360000133514404,4.355000019073486,4.360000133514404,908.0
2024-07-03 11:31:00,ARDX,5.239999771118164,5.239999771118164,5.25,5.232500076293945,5.239999771118164,26954.0
2024-07-03 11:31:00,ARQT,9.699999809265137,9.699999809265137,9.729999542236328,9.699999809265137,9.725000381469727,5898.0
2024-07-03 11:31:00,ARVN,24.110000610351562,24.110000610351562,24.110000610351562,24.010000228881836,24.040000915527344,4271.0
2024-07-03 11:31:00,ARWR,25.479999542236328,25.479999542236328,25.479999542236328,25.479999542236328,25.479999542236328,221.0
2024-07-03 11:31:00,ASRT,1.3350000381469727,1.3350000381469727,1.340000033378601,1.3300000429153442,1.3350000381469727,33251.0
2024-07-03 11:31:00,ATAI,1.284999966621399,1.284999966621399,1.2949999570846558,1.284999966621399,1.2899999618530273,8836.0
2024-07-03 11:31:00,ATOS,1.159999966621399,1.159999966621399,1.159999966621399,1.1598999500274658,1.1598999500274658,2019.0
2024-07-03 11:31:00,ATRC,22.360000610351562,22.360000610351562,22.360000610351562,22.360000610351562,22.360000610351562,162.0
2024-07-03 11:31:00,ATXS,9.029999732971191,9.029999732971191,9.045000076293945,9.0,9.0,6860.0
2024-07-03 11:31:00,AUGX,1.0089999437332153,1.0089999437332153,1.0089999437332153,1.0089999437332153,1.0089999437332153,130.0
2024-07-03 11:31:00,AUPH,5.465000152587891,5.465000152587891,5.465000152587891,5.465000152587891,5.465000152587891,274.0
2024-07-03 11:31:00,AUTL,3.490000009536743,3.490000009536743,3.490000009536743,3.490000009536743,3.490000009536743,1480.0
2024-07-03 11:31:00,AVDL,14.454999923706055,14.454999923706055,14.454999923706055,14.454999923706055,14.454999923706055,149.0
2024-07-03 11:31:00,AXSM,79.58999633789062,79.58999633789062,79.5999984741211,79.58999633789062,79.5999984741211,1239.0
2024-07-03 11:31:00,AZN,76.69999694824219,76.69999694824219,76.70999908447266,76.69499969482422,76.69999694824219,3980.0
2024-07-03 11:31:00,BBIO,25.34000015258789,25.34000015258789,25.34000015258789,25.34000015258789,25.34000015258789,656.0
2024-07-03 11:31:00,BCAB,1.3700000047683716,1.3700000047683716,1.375,1.3700000047683716,1.375,522.0
2024-07-03 11:31:00,BCRX,6.474999904632568,6.474999904632568,6.479899883270264,6.47130012512207,6.479899883270264,2457.0
2024-07-03 11:31:00,BEAM,23.59000015258789,23.59000015258789,23.649999618530273,23.59000015258789,23.600000381469727,603.0
2024-07-03 11:31:00,BEAT,2.7950000762939453,2.7950000762939453,2.7950000762939453,2.7950000762939453,2.7950000762939453,212.0
2024-07-03 11:31:00,BGNE,147.13999938964844,147.13999938964844,147.13999938964844,147.13999938964844,147.13999938964844,388.0
2024-07-03 11:31:00,BIIB,223.76499938964844,223.76499938964844,223.76499938964844,223.76499938964844,223.76499938964844,892.0
2024-07-03 11:31:00,BLFS,19.7549991607666,19.7549991607666,19.809999465942383,19.7549991607666,19.809999465942383,1102.0
2024-07-03 11:31:00,BLRX,0.5210000276565552,0.5210000276565552,0.529699981212616,0.5210000276565552,0.5296000242233276,4444.0
2024-07-03 11:31:00,BLUE,0.9280999898910522,0.9280999898910522,0.9280999898910522,0.9280999898910522,0.9280999898910522,0.0
2024-07-03 11:31:00,BMEA,4.419400215148926,4.419400215148926,4.419400215148926,4.419400215148926,4.419400215148926,245.0
2024-07-03 11:31:00,BMRN,81.01000213623047,81.01000213623047,81.01000213623047,81.0,81.0,1160.0
2024-07-03 11:31:00,BNTX,79.84500122070312,79.84500122070312,79.8499984741211,79.84500122070312,79.8499984741211,721.0
2024-07-03 11:31:00,BPMC,110.91999816894531,110.91999816894531,110.91999816894531,110.91999816894531,110.91999816894531,664.0
2024-07-03 11:31:00,BRKR,61.52289962768555,61.52289962768555,61.540000915527344,61.5099983215332,61.540000915527344,2615.0
2024-07-03 11:31:00,CADL,6.267899990081787,6.267899990081787,6.267899990081787,6.267899990081787,6.267899990081787,615.0
2024-07-03 11:31:00,CAPR,4.739999771118164,4.739999771118164,4.739999771118164,4.730000019073486,4.730000019073486,929.0
2024-07-03 11:31:00,CCCC,4.639999866485596,4.639999866485596,4.639999866485596,4.635000228881836,4.635000228881836,1636.0
2024-07-03 11:31:00,CCRN,13.739999771118164,13.739999771118164,13.739999771118164,13.739999771118164,13.739999771118164,101.0
2024-07-03 11:31:00,CDMO,7.619999885559082,7.619999885559082,7.630000114440918,7.579999923706055,7.579999923706055,3011.0
2024-07-03 11:31:00,CDNA,15.170000076293945,15.170000076293945,15.170000076293945,15.170000076293945,15.170000076293945,678.0
2024-07-03 11:31:00,CDXC,2.5250000953674316,2.5250000953674316,2.5250000953674316,2.5250000953674316,2.5250000953674316,1732.0
2024-07-03 11:31:00,CDXS,2.869999885559082,2.869999885559082,2.869999885559082,2.869999885559082,2.869999885559082,119.0
2024-07-03 11:31:00,CERE,39.900001525878906,39.900001525878906,40.12990188598633,39.650001525878906,39.70000076293945,84045.0
2024-07-03 11:31:00,CERS,1.7100000381469727,1.7100000381469727,1.7200000286102295,1.7100000381469727,1.7200000286102295,307.0
2024-07-03 11:31:00,CERT,13.789999961853027,13.789999961853027,13.789999961853027,13.788000106811523,13.788000106811523,597.0
2024-07-03 11:31:00,CGC,6.538300037384033,6.538300037384033,6.538300037384033,6.534999847412109,6.534999847412109,3031.0
2024-07-03 11:31:00,CGEM,16.905000686645508,16.905000686645508,16.905000686645508,16.8700008392334,16.899999618530273,792.0
2024-07-03 11:31:00,CHRS,1.4049999713897705,1.4049999713897705,1.4049999713897705,1.4049999713897705,1.4049999713897705,385.0
2024-07-03 11:31:00,CKPT,2.2000999450683594,2.2000999450683594,2.2000999450683594,2.200000047683716,2.200000047683716,665.0
2024-07-03 11:31:00,CLOV,1.2450000047683716,1.2450000047683716,1.2450000047683716,1.2450000047683716,1.2450000047683716,350.0
2024-07-03 11:31:00,CMPS,6.300000190734863,6.300000190734863,6.300000190734863,6.300000190734863,6.300000190734863,568.0
2024-07-03 11:31:00,CMRX,0.8640000224113464,0.8640000224113464,0.8740000128746033,0.8640000224113464,0.8740000128746033,10643.0
2024-07-03 11:31:00,CNSP,1.4700000286102295,1.4700000286102295,1.4900000095367432,1.4400999546051025,1.4450000524520874,163408.0
2024-07-03 11:31:00,CORT,30.30500030517578,30.30500030517578,30.30500030517578,30.30500030517578,30.30500030517578,309.0
2024-07-03 11:31:00,COSM,0.9300000071525574,0.9300000071525574,0.9300000071525574,0.9300000071525574,0.9300000071525574,201.0
2024-07-03 11:31:00,CPRX,15.460000038146973,15.460000038146973,15.460000038146973,15.460000038146973,15.460000038146973,1394.0
2024-07-03 11:31:00,CRBP,49.897300720214844,49.897300720214844,49.897300720214844,49.897300720214844,49.897300720214844,440.0
2024-07-03 11:31:00,CRBU,1.590000033378601,1.590000033378601,1.590000033378601,1.590000033378601,1.590000033378601,105.0
2024-07-03 11:31:00,CRMD,4.09499979019165,4.09499979019165,4.118299961090088,4.09499979019165,4.118299961090088,7823.0
2024-07-03 11:31:00,CRON,2.305000066757202,2.305000066757202,2.3092000484466553,2.305000066757202,2.3092000484466553,2072.0
2024-07-03 11:31:00,CRSP,53.70000076293945,53.70000076293945,53.70000076293945,53.64500045776367,53.64500045776367,1502.0
2024-07-03 11:31:00,CSTL,21.139999389648438,21.139999389648438,21.139999389648438,21.139999389648438,21.139999389648438,563.0
2024-07-03 11:31:00,CTKB,5.590000152587891,5.590000152587891,5.590000152587891,5.590000152587891,5.590000152587891,348.0
2024-07-03 11:31:00,CTMX,1.3200000524520874,1.3200000524520874,1.3200000524520874,1.3200000524520874,1.3200000524520874,400.0
2024-07-03 11:31:00,CTXR,0.49000000953674316,0.49000000953674316,0.4900999963283539,0.49000000953674316,0.4900999963283539,11610.0
2024-07-03 11:31:00,CUE,0.9876999855041504,0.9876999855041504,0.9876999855041504,0.9865999817848206,0.9865999817848206,1859.0
2024-07-03 11:31:00,CUTR,1.319000005722046,1.319000005722046,1.319000005722046,1.319000005722046,1.319000005722046,721.0
2024-07-03 11:31:00,CVAC,3.365000009536743,3.365000009536743,3.375,3.3550000190734863,3.359999895095825,8744.0
2024-07-03 11:31:00,CYTK,54.650001525878906,54.650001525878906,54.650001525878906,54.650001525878906,54.650001525878906,201.0
2024-07-03 11:31:00,DAWN,13.329999923706055,13.329999923706055,13.329999923706055,13.3100004196167,13.3100004196167,1418.0
2024-07-03 11:31:00,DCGO,2.930000066757202,2.930000066757202,2.930000066757202,2.930000066757202,2.930000066757202,3821.0
2024-07-03 11:31:00,DH,5.380000114440918,5.380000114440918,5.380000114440918,5.380000114440918,5.380000114440918,200.0
2024-07-03 11:31:00,DNLI,21.434999465942383,21.434999465942383,21.440000534057617,21.43000030517578,21.43000030517578,1082.0
2024-07-03 11:31:00,DSGN,3.259999990463257,3.259999990463257,3.259999990463257,3.259999990463257,3.259999990463257,502.0
2024-07-03 11:31:00,DVAX,11.09000015258789,11.09000015258789,11.09000015258789,11.09000015258789,11.09000015258789,385.0
2024-07-03 11:31:00,DXCM,110.73999786376953,110.73999786376953,110.73999786376953,110.73999786376953,110.73999786376953,515.0
2024-07-03 11:31:00,DYN,34.220001220703125,34.220001220703125,34.29999923706055,34.220001220703125,34.27000045776367,1382.0
2024-07-03 11:31:00,EDIT,4.650000095367432,4.650000095367432,4.655399799346924,4.650000095367432,4.655399799346924,728.0
2024-07-03 11:31:00,ELEV,2.6649999618530273,2.6649999618530273,2.6649999618530273,2.6649999618530273,2.6649999618530273,350.0
2024-07-03 11:31:00,EMBC,12.0649995803833,12.0649995803833,12.0649995803833,12.0649995803833,12.0649995803833,330.0
2024-07-03 11:31:00,ENSG,126.29000091552734,126.29000091552734,126.29000091552734,126.2699966430664,126.2699966430664,2158.0
2024-07-03 11:31:00,EOLS,10.90999984741211,10.90999984741211,10.920000076293945,10.899999618530273,10.920000076293945,1305.0
2024-07-03 11:31:00,ERAS,2.25,2.25,2.25,2.244999885559082,2.244999885559082,1183.0
2024-07-03 11:31:00,ESPR,2.3499999046325684,2.3499999046325684,2.3499999046325684,2.3450000286102295,2.3450000286102295,3100.0
2024-07-03 11:31:00,ETNB,7.484899997711182,7.484899997711182,7.484899997711182,7.484899997711182,7.484899997711182,317.0
2024-07-03 11:31:00,EWTX,18.09000015258789,18.09000015258789,18.09000015258789,18.059999465942383,18.059999465942383,1062.0
2024-07-03 11:31:00,EXAS,43.0713005065918,43.0713005065918,43.099998474121094,43.0713005065918,43.099998474121094,946.0
2024-07-03 11:31:00,EXEL,21.985000610351562,21.985000610351562,21.985000610351562,21.979999542236328,21.979999542236328,1017.0
2024-07-03 11:31:00,EYEN,0.7692000269889832,0.7692000269889832,0.7692000269889832,0.7692000269889832,0.7692000269889832,301.0
2024-07-03 11:31:00,EYPT,8.34000015258789,8.34000015258789,8.34000015258789,8.34000015258789,8.34000015258789,1480.0
2024-07-03 11:31:00,FATE,3.1700000762939453,3.1700000762939453,3.1700000762939453,3.1700000762939453,3.1700000762939453,1559.0
2024-07-03 11:31:00,FGEN,0.7052000164985657,0.7052000164985657,0.7098000049591064,0.7049999833106995,0.7063000202178955,7661.0
2024-07-03 11:31:00,FOLD,9.885000228881836,9.885000228881836,9.885000228881836,9.885000228881836,9.885000228881836,489.0
2024-07-03 11:31:00,FULC,6.159999847412109,6.159999847412109,6.159999847412109,6.139999866485596,6.139999866485596,4267.0
2024-07-03 11:31:00,GERN,4.304999828338623,4.304999828338623,4.304999828338623,4.304999828338623,4.304999828338623,5406.0
2024-07-03 11:31:00,GH,28.43000030517578,28.43000030517578,28.43000030517578,28.43000030517578,28.43000030517578,386.0
2024-07-03 11:31:00,GILD,67.18000030517578,67.18000030517578,67.18499755859375,67.18000030517578,67.18499755859375,1564.0
2024-07-03 11:31:00,GLPG,25.079999923706055,25.079999923706055,25.079999923706055,25.079999923706055,25.079999923706055,422.0
2024-07-03 11:31:00,GLSI,16.639999389648438,16.639999389648438,16.639999389648438,16.639999389648438,16.639999389648438,330.0
2024-07-03 11:31:00,GLTO,0.5031999945640564,0.5031999945640564,0.5031999945640564,0.5031999945640564,0.5031999945640564,8800.0
2024-07-03 11:31:00,GLYC,0.26969999074935913,0.26969999074935913,0.26969999074935913,0.2696000039577484,0.2696000039577484,9600.0
2024-07-03 11:31:00,GOVX,3.0299999713897705,3.0299999713897705,3.0299999713897705,3.029900074005127,3.029900074005127,1580.0
2024-07-03 11:31:00,GTHX,2.505000114440918,2.505000114440918,2.505000114440918,2.505000114440918,2.505000114440918,152.0
2024-07-03 11:31:00,HALO,51.89500045776367,51.89500045776367,51.91109848022461,51.869998931884766,51.91109848022461,1447.0
2024-07-03 11:31:00,HCM,17.450000762939453,17.450000762939453,17.450000762939453,17.450000762939453,17.450000762939453,150.0
2024-07-03 11:31:00,HCSG,10.639399528503418,10.639399528503418,10.639399528503418,10.630000114440918,10.630000114440918,834.0
2024-07-03 11:31:00,HOLX,73.23999786376953,73.23999786376953,73.23999786376953,73.20249938964844,73.22000122070312,1218.0
2024-07-03 11:31:00,HOWL,2.069999933242798,2.069999933242798,2.069999933242798,2.069999933242798,2.069999933242798,320.0
2024-07-03 11:31:00,HQY,83.2300033569336,83.2300033569336,83.2300033569336,83.2300033569336,83.2300033569336,524.0
2024-07-03 11:31:00,HRMY,30.25,30.25,30.25,30.25,30.25,246.0
2024-07-03 11:31:00,HRTX,2.759999990463257,2.759999990463257,2.765000104904175,2.759999990463257,2.759999990463257,7009.0
2024-07-03 11:31:00,HSIC,64.88999938964844,64.88999938964844,64.88999938964844,64.86000061035156,64.86000061035156,1503.0
2024-07-03 11:31:00,HUMA,5.710000038146973,5.710000038146973,5.719600200653076,5.709000110626221,5.719600200653076,1427.0
2024-07-03 11:31:00,IART,28.71500015258789,28.71500015258789,28.719999313354492,28.69499969482422,28.69499969482422,1796.0
2024-07-03 11:31:00,IBRX,6.257699966430664,6.257699966430664,6.260000228881836,6.25,6.255000114440918,3059.0
2024-07-03 11:31:00,ICLR,317.5400085449219,317.5400085449219,317.5400085449219,316.7950134277344,317.05999755859375,4308.0
2024-07-03 11:31:00,ICUI,117.5999984741211,117.5999984741211,117.62000274658203,117.5999984741211,117.62000274658203,1283.0
2024-07-03 11:31:00,IDXX,477.4549865722656,477.4549865722656,477.4549865722656,477.4549865722656,477.4549865722656,624.0
2024-07-03 11:31:00,IDYA,33.54999923706055,33.54999923706055,33.625,33.54999923706055,33.625,1959.0
2024-07-03 11:31:00,IFRX,1.6299999952316284,1.6299999952316284,1.649999976158142,1.6299999952316284,1.649999976158142,1845.0
2024-07-03 11:31:00,IINN,1.5700000524520874,1.5700000524520874,1.590000033378601,1.559999942779541,1.590000033378601,1927.0
2024-07-03 11:31:00,IKT,1.2400000095367432,1.2400000095367432,1.25,1.2400000095367432,1.2400000095367432,800.0
2024-07-03 11:31:00,ILMN,105.18000030517578,105.18000030517578,105.33000183105469,105.18000030517578,105.33000183105469,3362.0
2024-07-03 11:31:00,IMCR,36.11000061035156,36.11000061035156,36.11000061035156,36.099998474121094,36.099998474121094,206.0
2024-07-03 11:31:00,IMMX,2.4200000762939453,2.4200000762939453,2.4300999641418457,2.390199899673462,2.430000066757202,5275.0
2024-07-03 11:31:00,IMNM,12.0600004196167,12.0600004196167,12.0600004196167,12.039999961853027,12.050000190734863,2200.0
2024-07-03 11:31:00,IMUX,1.1399999856948853,1.1399999856948853,1.1399999856948853,1.1399999856948853,1.1399999856948853,0.0
2024-07-03 11:31:00,IMVT,26.18000030517578,26.18000030517578,26.21500015258789,26.18000030517578,26.21500015258789,2084.0
2024-07-03 11:31:00,INAB,0.7926999926567078,0.7926999926567078,0.8029999732971191,0.7926999926567078,0.8029999732971191,2960.0
2024-07-03 11:31:00,INCY,57.90999984741211,57.90999984741211,57.90999984741211,57.90999984741211,57.90999984741211,526.0
2024-07-03 11:31:00,INMD,17.600000381469727,17.600000381469727,17.600000381469727,17.58139991760254,17.58139991760254,766.0
2024-07-03 11:31:00,INSM,62.03499984741211,62.03499984741211,62.099998474121094,62.0,62.0,8531.0
2024-07-03 11:31:00,INVA,16.235000610351562,16.235000610351562,16.235000610351562,16.235000610351562,16.235000610351562,1778.0
2024-07-03 11:31:00,IONS,44.79999923706055,44.79999923706055,44.79999923706055,44.77000045776367,44.77000045776367,2678.0
2024-07-03 11:31:00,IOVA,7.554999828338623,7.554999828338623,7.565000057220459,7.554999828338623,7.554999828338623,11021.0
2024-07-03 11:31:00,IRTC,94.92500305175781,94.92500305175781,94.92500305175781,94.80000305175781,94.80000305175781,6874.0
2024-07-03 11:31:00,IRWD,6.144999980926514,6.144999980926514,6.144999980926514,6.119999885559082,6.119999885559082,10444.0
2024-07-03 11:31:00,ISPC,0.2759999930858612,0.2759999930858612,0.2761000096797943,0.2759999930858612,0.2761000096797943,5105.0
2024-07-03 11:31:00,ISRG,434.56219482421875,434.56219482421875,434.56219482421875,434.4150085449219,434.4150085449219,1089.0
2024-07-03 11:31:00,JANX,37.900001525878906,37.900001525878906,37.95000076293945,37.900001525878906,37.95000076293945,2002.0
2024-07-03 11:31:00,KIDS,29.770000457763672,29.770000457763672,29.770000457763672,29.770000457763672,29.770000457763672,501.0
2024-07-03 11:31:00,KMDA,5.170000076293945,5.170000076293945,5.170000076293945,5.170000076293945,5.170000076293945,405.0
2024-07-03 11:31:00,KOD,2.2249999046325684,2.2249999046325684,2.2249999046325684,2.2249999046325684,2.2249999046325684,321.0
2024-07-03 11:31:00,KPRX,4.309999942779541,4.309999942779541,4.309999942779541,4.309999942779541,4.309999942779541,5468.0
2024-07-03 11:31:00,KPTI,0.8410000205039978,0.8410000205039978,0.8410000205039978,0.8410000205039978,0.8410000205039978,896.0
2024-07-03 11:31:00,KRMD,2.4000000953674316,2.4000000953674316,2.4000000953674316,2.4000000953674316,2.4000000953674316,325.0
2024-07-03 11:31:00,KURA,20.405000686645508,20.405000686645508,20.405000686645508,20.3799991607666,20.3799991607666,3128.0
2024-07-03 11:31:00,KYMR,30.190000534057617,30.190000534057617,30.21500015258789,30.190000534057617,30.21500015258789,429.0
2024-07-03 11:31:00,KZR,0.5770000219345093,0.5770000219345093,0.5770000219345093,0.5769000053405762,0.5769000053405762,2688.0
2024-07-03 11:31:00,LAB,1.7949999570846558,1.7949999570846558,1.7949999570846558,1.7949999570846558,1.7949999570846558,1426.0
2024-07-03 11:31:00,LBPH,32.400001525878906,32.400001525878906,32.43000030517578,32.400001525878906,32.41999816894531,6484.0
2024-07-03 11:31:00,LEGN,46.63999938964844,46.63999938964844,46.63999938964844,46.560001373291016,46.560001373291016,1042.0
2024-07-03 11:31:00,LFMD,6.78000020980835,6.78000020980835,6.78000020980835,6.78000020980835,6.78000020980835,546.0
2024-07-03 11:31:00,LFST,5.114999771118164,5.114999771118164,5.114999771118164,5.114999771118164,5.114999771118164,520.0
2024-07-03 11:31:00,LGVN,1.600100040435791,1.600100040435791,1.600100040435791,1.600100040435791,1.600100040435791,326.0
2024-07-03 11:31:00,LNTH,79.37000274658203,79.37000274658203,79.37000274658203,79.37000274658203,79.37000274658203,214.0
2024-07-03 11:31:00,LPTX,1.7899999618530273,1.7899999618530273,1.7899999618530273,1.7899999618530273,1.7899999618530273,100.0
2024-07-03 11:31:00,LQDA,11.880000114440918,11.880000114440918,11.885000228881836,11.869999885559082,11.885000228881836,3916.0
2024-07-03 11:31:00,LYEL,1.5003000497817993,1.5003000497817993,1.500499963760376,1.5003000497817993,1.500499963760376,946.0
2024-07-03 11:31:00,LYRA,0.2874999940395355,0.2874999940395355,0.2874999940395355,0.2874999940395355,0.2874999940395355,200.0
2024-07-03 11:31:00,MBIO,0.49160000681877136,0.49160000681877136,0.4945000112056732,0.49160000681877136,0.49219998717308044,18524.0
2024-07-03 11:31:00,MDWD,14.84000015258789,14.84000015258789,14.84000015258789,14.729999542236328,14.729999542236328,758.0
2024-07-03 11:31:00,ME,0.4034999907016754,0.4034999907016754,0.4034999907016754,0.4034999907016754,0.4034999907016754,105.0
2024-07-03 11:31:00,MGNX,4.210000038146973,4.210000038146973,4.210000038146973,4.210000038146973,4.210000038146973,656.0
2024-07-03 11:31:00,MIRM,33.81999969482422,33.81999969482422,33.81999969482422,33.81999969482422,33.81999969482422,345.0
2024-07-03 11:31:00,MMSI,85.91999816894531,85.91999816894531,85.9800033569336,85.91999816894531,85.97000122070312,1103.0
2024-07-03 11:31:00,MNMD,7.159999847412109,7.159999847412109,7.159999847412109,7.159999847412109,7.159999847412109,1516.0
2024-07-03 11:31:00,MRNA,115.61000061035156,115.61000061035156,115.68000030517578,115.5,115.55999755859375,13130.0
2024-07-03 11:31:00,MRNS,1.2050000429153442,1.2050000429153442,1.2050000429153442,1.2050000429153442,1.2050000429153442,340.0
2024-07-03 11:31:00,MRSN,1.850000023841858,1.850000023841858,1.850000023841858,1.850000023841858,1.850000023841858,39.0
2024-07-03 11:31:00,MRUS,52.4734001159668,52.4734001159668,52.47489929199219,52.45000076293945,52.45000076293945,1607.0
2024-07-03 11:31:00,MRVI,6.795000076293945,6.795000076293945,6.795000076293945,6.795000076293945,6.795000076293945,1608.0
2024-07-03 11:31:00,MYGN,24.950000762939453,24.950000762939453,24.979999542236328,24.950000762939453,24.959999084472656,2718.0
2024-07-03 11:31:00,NDRA,0.09650000184774399,0.09650000184774399,0.09700000286102295,0.0949999988079071,0.09679999947547913,188221.0
2024-07-03 11:31:00,NEO,13.710000038146973,13.710000038146973,13.710000038146973,13.699999809265137,13.699999809265137,1624.0
2024-07-03 11:31:00,NEOG,15.199999809265137,15.199999809265137,15.210000038146973,15.199999809265137,15.210000038146973,921.0
2024-07-03 11:31:00,NKTX,5.349999904632568,5.349999904632568,5.349999904632568,5.349999904632568,5.349999904632568,560.0
2024-07-03 11:31:00,NNOX,6.96999979019165,6.96999979019165,6.96999979019165,6.96999979019165,6.96999979019165,1161.0
2024-07-03 11:31:00,NRC,22.940000534057617,22.940000534057617,22.940000534057617,22.93000030517578,22.93000030517578,727.0
2024-07-03 11:31:00,NRIX,19.610000610351562,19.610000610351562,19.6200008392334,19.610000610351562,19.6200008392334,474.0
2024-07-03 11:31:00,NTLA,22.638500213623047,22.638500213623047,22.638500213623047,22.638500213623047,22.638500213623047,643.0
2024-07-03 11:31:00,NTRA,111.16000366210938,111.16000366210938,111.31999969482422,111.16000366210938,111.31999969482422,2911.0
2024-07-03 11:31:00,NUVL,72.13999938964844,72.13999938964844,72.13999938964844,72.13999938964844,72.13999938964844,865.0
2024-07-03 11:31:00,NVAX,12.64050006866455,12.64050006866455,12.654999732971191,12.630000114440918,12.654999732971191,12842.0
2024-07-03 11:31:00,NVCR,16.690000534057617,16.690000534057617,16.700000762939453,16.684999465942383,16.700000762939453,1566.0
2024-07-03 11:31:00,NVCT,6.230000019073486,6.230000019073486,6.25,6.230000019073486,6.25,764.0
2024-07-03 11:31:00,NVNO,5.08489990234375,5.08489990234375,5.08489990234375,5.08489990234375,5.08489990234375,900.0
2024-07-03 11:31:00,NXL,1.3899999856948853,1.3899999856948853,1.3899999856948853,1.3899999856948853,1.3899999856948853,1005.0
2024-07-03 11:31:00,OCGN,1.6200000047683716,1.6200000047683716,1.6200000047683716,1.6150000095367432,1.6150000095367432,5883.0
2024-07-03 11:31:00,OCUL,6.684999942779541,6.684999942779541,6.690000057220459,6.684999942779541,6.690000057220459,1188.0
2024-07-03 11:31:00,OM,3.875,3.875,3.875,3.875,3.875,218.0
2024-07-03 11:31:00,OMER,3.8477001190185547,3.8477001190185547,3.8477001190185547,3.8477001190185547,3.8477001190185547,2382.0
2024-07-03 11:31:00,OMGA,1.9700000286102295,1.9700000286102295,1.9700000286102295,1.9700000286102295,1.9700000286102295,734.0
2024-07-03 11:31:00,OMIC,8.699999809265137,8.699999809265137,8.699999809265137,8.699999809265137,8.699999809265137,753.0
2024-07-03 11:32:00,AADI,1.375,1.375,1.375,1.375,1.375,643.0
2024-07-03 11:32:00,ABCL,2.744999885559082,2.744999885559082,2.744999885559082,2.744999885559082,2.744999885559082,200.0
2024-07-03 11:32:00,ABEO,4.264999866485596,4.264999866485596,4.264999866485596,4.264999866485596,4.264999866485596,269.0
2024-07-03 11:32:00,ABOS,2.2899999618530273,2.2899999618530273,2.2899999618530273,2.2899999618530273,2.2899999618530273,441.0
2024-07-03 11:32:00,ABSI,3.2249999046325684,3.2249999046325684,3.2300000190734863,3.2249999046325684,3.2300000190734863,883.0
2024-07-03 11:32:00,ABUS,3.134999990463257,3.134999990463257,3.1449999809265137,3.134999990463257,3.1449999809265137,4393.0
2024-07-03 11:32:00,ACCD,3.5299999713897705,3.5299999713897705,3.5350000858306885,3.5299999713897705,3.5350000858306885,2834.0
2024-07-03 11:32:00,ACET,1.059999942779541,1.059999942779541,1.059999942779541,1.059999942779541,1.059999942779541,676.0
2024-07-03 11:32:00,ACHC,66.51499938964844,66.51499938964844,66.51499938964844,66.50499725341797,66.50499725341797,1287.0
2024-07-03 11:32:00,ACRS,1.149999976158142,1.149999976158142,1.149999976158142,1.149999976158142,1.149999976158142,2195.0
2024-07-03 11:32:00,ADAP,1.0099999904632568,1.0099999904632568,1.0099999904632568,1.0099999904632568,1.0099999904632568,3449.0
2024-07-03 11:32:00,ADMA,11.28499984741211,11.28499984741211,11.289999961853027,11.280099868774414,11.289999961853027,3685.0
2024-07-03 11:32:00,ADPT,3.384999990463257,3.384999990463257,3.384999990463257,3.384999990463257,3.384999990463257,382.0
2024-07-03 11:32:00,ADTX,1.4900000095367432,1.4900000095367432,1.4900000095367432,1.4900000095367432,1.4900000095367432,104.0
2024-07-03 11:32:00,AEMD,0.40950000286102295,0.40950000286102295,0.41019999980926514,0.40950000286102295,0.41019999980926514,12344.0
2024-07-03 11:32:00,AGEN,14.369999885559082,14.369999885559082,14.425000190734863,14.369999885559082,14.425000190734863,1515.0
2024-07-03 11:32:00,AHCO,9.739999771118164,9.739999771118164,9.739999771118164,9.71500015258789,9.71500015258789,2619.0
2024-07-03 11:32:00,AKYA,2.140000104904175,2.140000104904175,2.1500000953674316,2.140000104904175,2.1500000953674316,485.0
2024-07-03 11:32:00,ALEC,4.440000057220459,4.440000057220459,4.440000057220459,4.440000057220459,4.440000057220459,1.0
2024-07-03 11:32:00,ALGN,240.52000427246094,240.52000427246094,240.5800018310547,240.4949951171875,240.4949951171875,1713.0
2024-07-03 11:32:00,ALGS,0.4250999987125397,0.4250999987125397,0.4250999987125397,0.4250999987125397,0.4250999987125397,200.0
2024-07-03 11:32:00,ALIM,5.53000020980835,5.53000020980835,5.53000020980835,5.53000020980835,5.53000020980835,232.0
2024-07-03 11:32:00,ALKS,24.25,24.25,24.25,24.239999771118164,24.239999771118164,1184.0
2024-07-03 11:32:00,ALLK,0.833899974822998,0.833899974822998,0.8342000246047974,0.833899974822998,0.8342000246047974,1039.0
2024-07-03 11:32:00,ALLO,2.119999885559082,2.119999885559082,2.119999885559082,2.119999885559082,2.119999885559082,1083.0
2024-07-03 11:32:00,ALLR,0.20149999856948853,0.20149999856948853,0.20149999856948853,0.20149999856948853,0.20149999856948853,2804.0
2024-07-03 11:32:00,ALNY,246.6999969482422,246.6999969482422,246.6999969482422,246.6999969482422,246.6999969482422,612.0
2024-07-03 11:32:00,ALT,6.679999828338623,6.679999828338623,6.679999828338623,6.679999828338623,6.679999828338623,636.0
2024-07-03 11:32:00,AMED,96.98999786376953,96.98999786376953,96.98999786376953,96.98999786376953,96.98999786376953,775.0
2024-07-03 11:32:00,AMGN,306.8900146484375,306.8900146484375,306.9100036621094,306.67999267578125,306.67999267578125,4142.0
2024-07-03 11:32:00,AMLX,1.75,1.75,1.7599999904632568,1.75,1.7599999904632568,2069.0
2024-07-03 11:32:00,AMPH,38.37049865722656,38.37049865722656,38.37049865722656,38.37049865722656,38.37049865722656,786.0
2024-07-03 11:32:00,AMRN,0.6949999928474426,0.6949999928474426,0.6949999928474426,0.6949999928474426,0.6949999928474426,0.0
2024-07-03 11:32:00,ANAB,25.0,25.0,25.0,25.0,25.0,441.0
2024-07-03 11:32:00,ANGO,5.650000095367432,5.650000095367432,5.650000095367432,5.650000095367432,5.650000095367432,2089.0
2024-07-03 11:32:00,ANNX,4.829999923706055,4.829999923706055,4.829999923706055,4.789999961853027,4.789999961853027,6941.0
2024-07-03 11:32:00,ANTX,2.490000009536743,2.490000009536743,2.490000009536743,2.4800000190734863,2.4800000190734863,291.0
2024-07-03 11:32:00,APDN,0.3869999945163727,0.3869999945163727,0.39890000224113464,0.37599998712539673,0.3919000029563904,11003.0
2024-07-03 11:32:00,APLS,35.4900016784668,35.4900016784668,35.4900016784668,35.34000015258789,35.34000015258789,2823.0
2024-07-03 11:32:00,APLT,4.349999904632568,4.349999904632568,4.349999904632568,4.34499979019165,4.349999904632568,2869.0
2024-07-03 11:32:00,AQST,2.424999952316284,2.424999952316284,2.424999952316284,2.420099973678589,2.420099973678589,983.0
2024-07-03 11:32:00,ARCT,21.545000076293945,21.545000076293945,21.545000076293945,21.545000076293945,21.545000076293945,1778.0
2024-07-03 11:32:00,ARDX,5.239999771118164,5.239999771118164,5.249899864196777,5.239999771118164,5.244999885559082,3729.0
2024-07-03 11:32:00,ARQT,9.670000076293945,9.670000076293945,9.694999694824219,9.670000076293945,9.694999694824219,1613.0
2024-07-03 11:32:00,ARVN,24.045000076293945,24.045000076293945,24.045000076293945,24.045000076293945,24.045000076293945,1023.0
2024-07-03 11:32:00,ARWR,25.479999542236328,25.479999542236328,25.479999542236328,25.479999542236328,25.479999542236328,114.0
2024-07-03 11:32:00,ASMB,11.904999732971191,11.904999732971191,11.904999732971191,11.904999732971191,11.904999732971191,287.0
2024-07-03 11:32:00,ATAI,1.2899999618530273,1.2899999618530273,1.2899999618530273,1.284999966621399,1.2899999618530273,840.0
2024-07-03 11:32:00,ATXS,9.045000076293945,9.045000076293945,9.045000076293945,9.039999961853027,9.039999961853027,333.0
2024-07-03 11:32:00,AUGX,1.0,1.0,1.0,1.0,1.0,956.0
2024-07-03 11:32:00,AUPH,5.465000152587891,5.465000152587891,5.465000152587891,5.465000152587891,5.465000152587891,691.0
2024-07-03 11:32:00,AUTL,3.4800000190734863,3.4800000190734863,3.4800000190734863,3.4800000190734863,3.4800000190734863,470.0
2024-07-03 11:32:00,AVAH,2.640000104904175,2.640000104904175,2.640000104904175,2.640000104904175,2.640000104904175,540.0
2024-07-03 11:32:00,AVDL,14.460000038146973,14.460000038146973,14.460000038146973,14.449999809265137,14.460000038146973,576.0
2024-07-03 11:32:00,AVIR,3.309999942779541,3.309999942779541,3.309999942779541,3.309999942779541,3.309999942779541,261.0
2024-07-03 11:32:00,AVXL,4.190000057220459,4.190000057220459,4.190000057220459,4.190000057220459,4.190000057220459,3751.0
2024-07-03 11:32:00,AXNX,67.54000091552734,67.54000091552734,67.54000091552734,67.54000091552734,67.54000091552734,1627.0
2024-07-03 11:32:00,AZN,76.70999908447266,76.70999908447266,76.70999908447266,76.67500305175781,76.68000030517578,2806.0
2024-07-03 11:32:00,BBIO,25.344999313354492,25.344999313354492,25.350000381469727,25.344999313354492,25.350000381469727,1898.0
2024-07-03 11:32:00,BCAB,1.3700000047683716,1.3700000047683716,1.3799999952316284,1.3700000047683716,1.375,2523.0
2024-07-03 11:32:00,BCRX,6.465000152587891,6.465000152587891,6.46999979019165,6.460000038146973,6.46999979019165,7854.0
2024-07-03 11:32:00,BDTX,4.380000114440918,4.380000114440918,4.380000114440918,4.380000114440918,4.380000114440918,326.0
2024-07-03 11:32:00,BEAM,23.639999389648438,23.639999389648438,23.639999389648438,23.59000015258789,23.639999389648438,552.0
2024-07-03 11:32:00,BEAT,2.7899999618530273,2.7899999618530273,2.7899999618530273,2.7899999618530273,2.7899999618530273,301.0
2024-07-03 11:32:00,BIIB,223.9199981689453,223.9199981689453,223.9199981689453,223.85000610351562,223.85000610351562,2659.0
2024-07-03 11:32:00,BJDX,0.6341000199317932,0.6341000199317932,0.6341000199317932,0.6341000199317932,0.6341000199317932,3967.0
2024-07-03 11:32:00,BLUE,0.9251000285148621,0.9251000285148621,0.9251000285148621,0.9251000285148621,0.9251000285148621,800.0
2024-07-03 11:32:00,BMRN,81.0,81.0,81.0,81.0,81.0,254.0
2024-07-03 11:32:00,BNTX,79.84010314941406,79.84010314941406,79.9000015258789,79.84010314941406,79.9000015258789,1412.0
2024-07-03 11:32:00,BPMC,111.0,111.0,111.0,110.98999786376953,110.98999786376953,443.0
2024-07-03 11:32:00,BRKR,61.54999923706055,61.54999923706055,61.56999969482422,61.540000915527344,61.540000915527344,2104.0
2024-07-03 11:32:00,BTAI,1.0901000499725342,1.0901000499725342,1.0901000499725342,1.0901000499725342,1.0901000499725342,749.0
2024-07-03 11:32:00,BVS,5.965700149536133,5.965700149536133,5.965700149536133,5.965700149536133,5.965700149536133,947.0
2024-07-03 11:32:00,CADL,6.269999980926514,6.269999980926514,6.269999980926514,6.269999980926514,6.269999980926514,0.0
2024-07-03 11:32:00,CAPR,4.730000019073486,4.730000019073486,4.730000019073486,4.730000019073486,4.730000019073486,124.0
2024-07-03 11:32:00,CCCC,4.599999904632568,4.599999904632568,4.650000095367432,4.599999904632568,4.644999980926514,14092.0
2024-07-03 11:32:00,CCRN,13.710000038146973,13.710000038146973,13.739999771118164,13.710000038146973,13.739999771118164,417.0
2024-07-03 11:32:00,CDMO,7.659999847412109,7.659999847412109,7.659999847412109,7.619999885559082,7.630000114440918,3330.0
2024-07-03 11:32:00,CDNA,15.199999809265137,15.199999809265137,15.199999809265137,15.199999809265137,15.199999809265137,302.0
2024-07-03 11:32:00,CERE,39.709999084472656,39.709999084472656,39.900001525878906,39.66999816894531,39.81999969482422,70861.0
2024-07-03 11:32:00,CERS,1.715000033378601,1.715000033378601,1.715000033378601,1.7100000381469727,1.715000033378601,400.0
2024-07-03 11:32:00,CERT,13.789999961853027,13.789999961853027,13.789999961853027,13.789999961853027,13.789999961853027,418.0
2024-07-03 11:32:00,CGC,6.538000106811523,6.538000106811523,6.539999961853027,6.534999847412109,6.534999847412109,12496.0
2024-07-03 11:32:00,CGEM,16.850000381469727,16.850000381469727,16.889999389648438,16.84000015258789,16.8700008392334,1955.0
2024-07-03 11:32:00,CHRS,1.4049999713897705,1.4049999713897705,1.4049999713897705,1.40339994430542,1.40339994430542,1900.0
2024-07-03 11:32:00,CLNN,0.33000001311302185,0.33000001311302185,0.33000001311302185,0.32989999651908875,0.32989999651908875,3045.0
2024-07-03 11:32:00,CLOV,1.2450000047683716,1.2450000047683716,1.2450000047683716,1.2450000047683716,1.2450000047683716,1713.0
2024-07-03 11:32:00,CLRB,2.4100000858306885,2.4100000858306885,2.4149999618530273,2.4100000858306885,2.4149999618530273,626.0
2024-07-03 11:32:00,CMAX,2.190000057220459,2.190000057220459,2.190000057220459,2.190000057220459,2.190000057220459,100.0
2024-07-03 11:32:00,CNSP,1.656000018119812,1.656000018119812,1.7000000476837158,1.465000033378601,1.4799000024795532,508660.0
2024-07-03 11:32:00,CNTX,1.815000057220459,1.815000057220459,1.815000057220459,1.809999942779541,1.809999942779541,1853.0
2024-07-03 11:32:00,CODX,1.2999999523162842,1.2999999523162842,1.2999999523162842,1.2999999523162842,1.2999999523162842,488.0
2024-07-03 11:32:00,COGT,8.539999961853027,8.539999961853027,8.550000190734863,8.539999961853027,8.550000190734863,944.0
2024-07-03 11:32:00,COLL,32.290000915527344,32.290000915527344,32.290000915527344,32.290000915527344,32.290000915527344,202.0
2024-07-03 11:32:00,CORT,30.34000015258789,30.34000015258789,30.3799991607666,30.270000457763672,30.280000686645508,6738.0
2024-07-03 11:32:00,COSM,0.9399999976158142,0.9399999976158142,0.9399999976158142,0.9399999976158142,0.9399999976158142,793.0
2024-07-03 11:32:00,CRBP,49.90999984741211,49.90999984741211,49.90999984741211,49.84000015258789,49.84000015258789,743.0
2024-07-03 11:32:00,CRBU,1.5850000381469727,1.5850000381469727,1.590000033378601,1.5850000381469727,1.590000033378601,11801.0
2024-07-03 11:32:00,CRMD,4.139900207519531,4.139900207519531,4.139900207519531,4.100100040435791,4.105000019073486,4293.0
2024-07-03 11:32:00,CRNX,44.97999954223633,44.97999954223633,45.029998779296875,44.970001220703125,45.0099983215332,2941.0
2024-07-03 11:32:00,CRSP,53.69499969482422,53.69499969482422,53.69499969482422,53.66999816894531,53.66999816894531,347.0
2024-07-03 11:32:00,CSTL,21.139999389648438,21.139999389648438,21.139999389648438,21.139999389648438,21.139999389648438,200.0
2024-07-03 11:32:00,CTKB,5.59499979019165,5.59499979019165,5.59499979019165,5.590000152587891,5.590000152587891,1213.0
2024-07-03 11:32:00,CTMX,1.3200000524520874,1.3200000524520874,1.3200000524520874,1.3200000524520874,1.3200000524520874,600.0
2024-07-03 11:32:00,CTXR,0.490200012922287,0.490200012922287,0.490200012922287,0.490200012922287,0.490200012922287,11830.0
2024-07-03 11:32:00,CUTR,1.3199000358581543,1.3199000358581543,1.3200000524520874,1.315000057220459,1.315000057220459,3121.0
2024-07-03 11:32:00,CVAC,3.3350000381469727,3.3350000381469727,3.365000009536743,3.3350000381469727,3.365000009536743,31634.0
2024-07-03 11:32:00,CYTK,54.64500045776367,54.64500045776367,54.64500045776367,54.64500045776367,54.64500045776367,311.0
2024-07-03 11:32:00,DARE,3.299999952316284,3.299999952316284,3.31850004196167,3.299999952316284,3.299999952316284,1936.0
2024-07-03 11:32:00,DAWN,13.34000015258789,13.34000015258789,13.350000381469727,13.34000015258789,13.34000015258789,898.0
2024-07-03 11:32:00,DNLI,21.434999465942383,21.434999465942383,21.434999465942383,21.434999465942383,21.434999465942383,569.0
2024-07-03 11:32:00,DSGN,3.259999990463257,3.259999990463257,3.259999990463257,3.25,3.25,120.0
2024-07-03 11:32:00,DXCM,110.86000061035156,110.86000061035156,110.86499786376953,110.70999908447266,110.70999908447266,6310.0
2024-07-03 11:32:00,DYN,34.2400016784668,34.2400016784668,34.2400016784668,34.2400016784668,34.2400016784668,363.0
2024-07-03 11:32:00,EDIT,4.65500020980835,4.65500020980835,4.659999847412109,4.65500020980835,4.65500020980835,3798.0
2024-07-03 11:32:00,ELYM,6.789999961853027,6.789999961853027,6.789999961853027,6.789999961853027,6.789999961853027,301.0
2024-07-03 11:32:00,EMBC,12.050000190734863,12.050000190734863,12.050000190734863,12.050000190734863,12.050000190734863,1013.0
2024-07-03 11:32:00,ERAS,2.25,2.25,2.25,2.25,2.25,260.0
2024-07-03 11:32:00,ESPR,2.3450000286102295,2.3450000286102295,2.3499999046325684,2.3450000286102295,2.3499999046325684,14490.0
2024-07-03 11:32:00,EXAS,43.099998474121094,43.099998474121094,43.119998931884766,43.099998474121094,43.119998931884766,1388.0
2024-07-03 11:32:00,EXEL,22.0049991607666,22.0049991607666,22.0049991607666,21.989999771118164,21.989999771118164,992.0
2024-07-03 11:32:00,EYEN,0.7692000269889832,0.7692000269889832,0.7692000269889832,0.7692000269889832,0.7692000269889832,200.0
2024-07-03 11:32:00,EYPT,8.329999923706055,8.329999923706055,8.34000015258789,8.329999923706055,8.34000015258789,593.0
2024-07-03 11:32:00,FATE,3.1700000762939453,3.1700000762939453,3.1700000762939453,3.1700000762939453,3.1700000762939453,2427.0
2024-07-03 11:32:00,FBIO,1.784999966621399,1.784999966621399,1.7899999618530273,1.784999966621399,1.7899999618530273,1460.0
2024-07-03 11:32:00,FGEN,0.7052000164985657,0.7052000164985657,0.705299973487854,0.7052000164985657,0.705299973487854,455.0
2024-07-03 11:32:00,FHTX,5.550000190734863,5.550000190734863,5.550000190734863,5.550000190734863,5.550000190734863,422.0
2024-07-03 11:32:00,FOLD,9.885000228881836,9.885000228881836,9.885000228881836,9.880000114440918,9.880000114440918,775.0
2024-07-03 11:32:00,FULC,6.159999847412109,6.159999847412109,6.159999847412109,6.159999847412109,6.159999847412109,456.0
2024-07-03 11:32:00,GALT,2.1500000953674316,2.1500000953674316,2.1500000953674316,2.1500000953674316,2.1500000953674316,159.0
2024-07-03 11:32:00,GANX,1.1649999618530273,1.1649999618530273,1.1649999618530273,1.1649999618530273,1.1649999618530273,884.0
2024-07-03 11:32:00,GDRX,7.869999885559082,7.869999885559082,7.869999885559082,7.864999771118164,7.864999771118164,958.0
2024-07-03 11:32:00,GERN,4.304999828338623,4.304999828338623,4.309999942779541,4.304999828338623,4.309999942779541,1113.0
2024-07-03 11:32:00,GH,28.350000381469727,28.350000381469727,28.428499221801758,28.350000381469727,28.400100708007812,4095.0
2024-07-03 11:32:00,GHRS,11.550000190734863,11.550000190734863,11.765999794006348,11.550000190734863,11.765999794006348,820.0
2024-07-03 11:32:00,GILD,67.1500015258789,67.1500015258789,67.18550109863281,67.13999938964844,67.18000030517578,10105.0
2024-07-03 11:32:00,GLYC,0.2711000144481659,0.2711000144481659,0.2711000144481659,0.26969999074935913,0.26969999074935913,4936.0
2024-07-03 11:32:00,GNPX,1.881700038909912,1.881700038909912,1.9199999570846558,1.8802000284194946,1.9199999570846558,2995.0
2024-07-03 11:32:00,GOSS,0.9401999711990356,0.9401999711990356,0.9415000081062317,0.9387999773025513,0.9387999773025513,3431.0
2024-07-03 11:32:00,GOVX,3.0299999713897705,3.0299999713897705,3.0299999713897705,3.015000104904175,3.0280001163482666,997.0
2024-07-03 11:32:00,GRFS,6.660099983215332,6.660099983215332,6.660099983215332,6.660099983215332,6.660099983215332,215.0
2024-07-03 11:32:00,GRTS,0.5899999737739563,0.5899999737739563,0.5899999737739563,0.5899999737739563,0.5899999737739563,2767.0
2024-07-03 11:32:00,GTHX,2.5,2.5,2.5,2.5,2.5,547.0
2024-07-03 11:32:00,HALO,51.939998626708984,51.939998626708984,51.939998626708984,51.904998779296875,51.904998779296875,1777.0
2024-07-03 11:32:00,HOLX,73.25,73.25,73.25,73.23999786376953,73.23999786376953,3297.0
2024-07-03 11:32:00,HQY,83.22000122070312,83.22000122070312,83.27999877929688,83.22000122070312,83.27999877929688,493.0
2024-07-03 11:32:00,HRMY,30.229999542236328,30.229999542236328,30.229999542236328,30.229999542236328,30.229999542236328,113.0
2024-07-03 11:32:00,HRTX,2.759999990463257,2.759999990463257,2.765000104904175,2.759999990463257,2.765000104904175,1314.0
2024-07-03 11:32:00,HUMA,5.704999923706055,5.704999923706055,5.715000152587891,5.704999923706055,5.710000038146973,1953.0
2024-07-03 11:32:00,IART,28.690000534057617,28.690000534057617,28.690000534057617,28.690000534057617,28.690000534057617,308.0
2024-07-03 11:32:00,ICAD,1.2300000190734863,1.2300000190734863,1.2300000190734863,1.2200000286102295,1.2300000190734863,29873.0
2024-07-03 11:32:00,ICLR,318.1499938964844,318.1499938964844,318.1499938964844,317.6099853515625,317.7149963378906,6132.0
2024-07-03 11:32:00,ICUI,117.4749984741211,117.4749984741211,117.4749984741211,117.4749984741211,117.4749984741211,1914.0
2024-07-03 11:32:00,IDYA,33.525001525878906,33.525001525878906,33.525001525878906,33.525001525878906,33.525001525878906,392.0
2024-07-03 11:32:00,ILMN,105.2750015258789,105.2750015258789,105.2750015258789,105.19999694824219,105.26499938964844,2376.0
2024-07-03 11:32:00,IMAB,1.5399999618530273,1.5399999618530273,1.5399999618530273,1.534999966621399,1.5399999618530273,3263.0
2024-07-03 11:32:00,IMCR,36.09000015258789,36.09000015258789,36.119998931884766,36.09000015258789,36.119998931884766,644.0
2024-07-03 11:32:00,IMMP,1.9700000286102295,1.9700000286102295,1.9700000286102295,1.9620000123977661,1.9620000123977661,300.0
2024-07-03 11:32:00,IMMX,2.4000000953674316,2.4000000953674316,2.4049999713897705,2.4000000953674316,2.4049999713897705,36.0
2024-07-03 11:32:00,IMNM,12.045000076293945,12.045000076293945,12.050000190734863,12.029999732971191,12.050000190734863,1708.0
2024-07-03 11:32:00,IMRX,1.1349999904632568,1.1349999904632568,1.1349999904632568,1.1349999904632568,1.1349999904632568,456.0
2024-07-03 11:32:00,IMUX,1.1399999856948853,1.1399999856948853,1.1399999856948853,1.1399999856948853,1.1399999856948853,104.0
2024-07-03 11:32:00,IMVT,26.18000030517578,26.18000030517578,26.219999313354492,26.18000030517578,26.190000534057617,3899.0
2024-07-03 11:32:00,INCY,57.935001373291016,57.935001373291016,57.935001373291016,57.915000915527344,57.915000915527344,1013.0
2024-07-03 11:32:00,INMB,7.949999809265137,7.949999809265137,7.949999809265137,7.949999809265137,7.949999809265137,131.0
2024-07-03 11:32:00,INMD,17.559999465942383,17.559999465942383,17.600000381469727,17.559999465942383,17.600000381469727,14516.0
2024-07-03 11:32:00,INSM,62.005001068115234,62.005001068115234,62.05179977416992,61.880001068115234,62.03499984741211,57027.0
2024-07-03 11:32:00,INVA,16.260000228881836,16.260000228881836,16.269899368286133,16.260000228881836,16.260000228881836,717.0
2024-07-03 11:32:00,INVO,0.7700999975204468,0.7700999975204468,0.7700999975204468,0.7700999975204468,0.7700999975204468,697.0
2024-07-03 11:32:00,INZY,4.465000152587891,4.465000152587891,4.465000152587891,4.465000152587891,4.465000152587891,557.0
2024-07-03 11:32:00,IONS,44.77000045776367,44.77000045776367,44.77000045776367,44.77000045776367,44.77000045776367,465.0
2024-07-03 11:32:00,IOVA,7.549900054931641,7.549900054931641,7.557199954986572,7.534999847412109,7.554999828338623,88601.0
2024-07-03 11:32:00,IPSC,2.25,2.25,2.25,2.25,2.25,107.0
2024-07-03 11:32:00,IRIX,2.059999942779541,2.059999942779541,2.059999942779541,2.0199999809265137,2.0199999809265137,180.0
2024-07-03 11:32:00,IRTC,94.83999633789062,94.83999633789062,94.83999633789062,94.83999633789062,94.83999633789062,475.0
2024-07-03 11:32:00,ISRG,434.7510070800781,434.7510070800781,434.9700012207031,434.45001220703125,434.45001220703125,13301.0
2024-07-03 11:32:00,ITCI,68.33499908447266,68.33499908447266,68.33499908447266,68.33000183105469,68.33000183105469,264.0
2024-07-03 11:32:00,JANX,37.834999084472656,37.834999084472656,37.90999984741211,37.83000183105469,37.90999984741211,814.0
2024-07-03 11:32:00,KIDS,29.74250030517578,29.74250030517578,29.74250030517578,29.74250030517578,29.74250030517578,101.0
2024-07-03 11:32:00,KPTI,0.8414000272750854,0.8414000272750854,0.8414000272750854,0.8414000272750854,0.8414000272750854,504.0
2024-07-03 11:32:00,KRMD,2.4000000953674316,2.4000000953674316,2.4000000953674316,2.4000000953674316,2.4000000953674316,775.0
2024-07-03 11:32:00,KTRA,0.29159998893737793,0.29159998893737793,0.29190000891685486,0.29120001196861267,0.29120001196861267,5544.0
2024-07-03 11:32:00,KYMR,30.18000030517578,30.18000030517578,30.18000030517578,30.170000076293945,30.170000076293945,1068.0
2024-07-03 11:32:00,KZR,0.5752000212669373,0.5752000212669373,0.5752000212669373,0.5752000212669373,0.5752000212669373,610.0
2024-07-03 11:32:00,LAB,1.7949999570846558,1.7949999570846558,1.7999999523162842,1.7899999618530273,1.7949999570846558,2454.0
2024-07-03 11:32:00,LBPH,32.36000061035156,32.36000061035156,32.43000030517578,32.36000061035156,32.43000030517578,57259.0
2024-07-03 11:32:00,LEGN,46.439998626708984,46.439998626708984,46.68000030517578,46.439998626708984,46.68000030517578,4836.0
2024-07-03 11:32:00,LEXX,2.5999999046325684,2.5999999046325684,2.5999999046325684,2.5999999046325684,2.5999999046325684,2316.0
2024-07-03 11:32:00,LFMD,6.730000019073486,6.730000019073486,6.78000020980835,6.730000019073486,6.78000020980835,6462.0
2024-07-03 11:32:00,LFST,5.099999904632568,5.099999904632568,5.110000133514404,5.099999904632568,5.110000133514404,2038.0
2024-07-03 11:32:00,LNTH,79.50499725341797,79.50499725341797,79.54000091552734,79.37000274658203,79.37000274658203,4202.0
2024-07-03 11:32:00,LOGC,5.724999904632568,5.724999904632568,5.739999771118164,5.724999904632568,5.739999771118164,2027.0
2024-07-03 11:32:00,LQDA,11.874300003051758,11.874300003051758,11.874300003051758,11.874300003051758,11.874300003051758,1602.0
2024-07-03 11:32:00,LRMR,7.710000038146973,7.710000038146973,7.730000019073486,7.690000057220459,7.71999979019165,1527.0
2024-07-03 11:32:00,LUCD,0.7634999752044678,0.7634999752044678,0.7634999752044678,0.7634999752044678,0.7634999752044678,185.0
2024-07-03 11:32:00,LUCY,0.4668000042438507,0.4668000042438507,0.4668000042438507,0.4666999876499176,0.4666999876499176,1217.0
2024-07-03 11:32:00,LXRX,1.5950000286102295,1.5950000286102295,1.5950000286102295,1.590000033378601,1.5950000286102295,64103.0
2024-07-03 11:32:00,LYEL,1.500499963760376,1.500499963760376,1.5099999904632568,1.500499963760376,1.501099944114685,1228.0
2024-07-03 11:32:00,LYRA,0.2874999940395355,0.2874999940395355,0.2874999940395355,0.2874999940395355,0.2874999940395355,100.0
2024-07-03 11:32:00,MBIO,0.49160000681877136,0.49160000681877136,0.4970000088214874,0.49160000681877136,0.4941999912261963,13982.0
2024-07-03 11:32:00,MCRB,0.7166000008583069,0.7166000008583069,0.7179999947547913,0.7166000008583069,0.7179999947547913,5251.0
2024-07-03 11:32:00,ME,0.4034000039100647,0.4034000039100647,0.4034999907016754,0.4034000039100647,0.4034999907016754,8365.0
2024-07-03 11:32:00,MGNX,4.204999923706055,4.204999923706055,4.204999923706055,4.204999923706055,4.204999923706055,161.0
2024-07-03 11:32:00,MNKD,5.050000190734863,5.050000190734863,5.050000190734863,5.050000190734863,5.050000190734863,365.0
2024-07-03 11:32:00,MNMD,7.159999847412109,7.159999847412109,7.159999847412109,7.159999847412109,7.159999847412109,798.0
2024-07-03 11:32:00,MREO,3.5199999809265137,3.5199999809265137,3.5199999809265137,3.515000104904175,3.515000104904175,4379.0
2024-07-03 11:32:00,MRNA,115.69999694824219,115.69999694824219,115.73999786376953,115.63999938964844,115.63999938964844,3262.0
2024-07-03 11:32:00,MRSN,1.8550000190734863,1.8550000190734863,1.8550000190734863,1.850000023841858,1.850000023841858,523.0
2024-07-03 11:32:00,MRVI,6.795000076293945,6.795000076293945,6.795000076293945,6.795000076293945,6.795000076293945,518.0
2024-07-03 11:32:00,MXCT,3.690000057220459,3.690000057220459,3.690000057220459,3.684999942779541,3.684999942779541,403.0
2024-07-03 11:32:00,NBIX,138.8300018310547,138.8300018310547,138.8300018310547,138.8300018310547,138.8300018310547,202.0
2024-07-03 11:32:00,NDRA,0.0949999988079071,0.0949999988079071,0.0966000035405159,0.0949999988079071,0.09619999676942825,159075.0
2024-07-03 11:32:00,NEOG,15.194999694824219,15.194999694824219,15.194999694824219,15.194999694824219,15.194999694824219,327.0
2024-07-03 11:32:00,NLSP,0.19920000433921814,0.19920000433921814,0.19920000433921814,0.19920000433921814,0.19920000433921814,8400.0
2024-07-03 11:32:00,NNOX,6.96999979019165,6.96999979019165,6.96999979019165,6.96999979019165,6.96999979019165,1691.0
2024-07-03 11:32:00,NRC,22.94499969482422,22.94499969482422,22.94499969482422,22.940000534057617,22.940000534057617,1218.0
2024-07-03 11:32:00,NRIX,19.600000381469727,19.600000381469727,19.604999542236328,19.600000381469727,19.600000381469727,1873.0
2024-07-03 11:32:00,NTLA,22.639999389648438,22.639999389648438,22.639999389648438,22.6200008392334,22.639999389648438,3639.0
2024-07-03 11:32:00,NTRA,111.16999816894531,111.16999816894531,111.16999816894531,111.16999816894531,111.16999816894531,357.0
2024-07-03 11:32:00,NTRB,5.715000152587891,5.715000152587891,5.715000152587891,5.715000152587891,5.715000152587891,639.0
2024-07-03 11:32:00,NUVL,72.13999938964844,72.13999938964844,72.13999938964844,72.13999938964844,72.13999938964844,1420.0
2024-07-03 11:32:00,NUWE,3.890000104904175,3.890000104904175,3.890000104904175,3.890000104904175,3.890000104904175,946.0
2024-07-03 11:32:00,NVAX,12.621999740600586,12.621999740600586,12.648799896240234,12.619999885559082,12.64009952545166,9165.0
2024-07-03 11:32:00,NVCR,16.68000030517578,16.68000030517578,16.68000030517578,16.68000030517578,16.68000030517578,1046.0
2024-07-03 11:32:00,NVNO,5.059999942779541,5.059999942779541,5.059999942779541,5.059999942779541,5.059999942779541,648.0
2024-07-03 11:32:00,NVOS,0.7623999714851379,0.7623999714851379,0.7623999714851379,0.7623999714851379,0.7623999714851379,822.0
2024-07-03 11:32:00,NXL,1.3899999856948853,1.3899999856948853,1.3899999856948853,1.3899999856948853,1.3899999856948853,650.0
2024-07-03 11:32:00,OCGN,1.6200000047683716,1.6200000047683716,1.6200000047683716,1.6101000308990479,1.6200000047683716,5566.0
2024-07-03 11:32:00,OLK,25.759899139404297,25.759899139404297,25.759899139404297,25.75,25.75,2346.0
2024-07-03 11:32:00,OMER,3.8299999237060547,3.8299999237060547,3.8299999237060547,3.8299999237060547,3.8299999237060547,178.0
2024-07-03 11:32:00,OMGA,1.940000057220459,1.940000057220459,1.9700000286102295,1.940000057220459,1.9700000286102295,8566.0
2024-07-03 11:33:00,ABCL,2.75,2.75,2.75,2.75,2.75,117.0
2024-07-03 11:33:00,ABEO,4.264999866485596,4.264999866485596,4.264999866485596,4.264999866485596,4.264999866485596,775.0
2024-07-03 11:33:00,ABSI,3.2149999141693115,3.2149999141693115,3.2300000190734863,3.2149999141693115,3.2300000190734863,2097.0
2024-07-03 11:33:00,ABUS,3.134999990463257,3.134999990463257,3.134999990463257,3.134999990463257,3.134999990463257,224.0
2024-07-03 11:33:00,ACAD,15.59000015258789,15.59000015258789,15.59000015258789,15.59000015258789,15.59000015258789,450.0
2024-07-03 11:33:00,ACB,4.886499881744385,4.886499881744385,4.886499881744385,4.880499839782715,4.880499839782715,685.0
2024-07-03 11:33:00,ACCD,3.515000104904175,3.515000104904175,3.5311999320983887,3.511199951171875,3.5311999320983887,38792.0
2024-07-03 11:33:00,ACET,1.059999942779541,1.059999942779541,1.065000057220459,1.059999942779541,1.065000057220459,741.0
2024-07-03 11:33:00,ACHC,66.51499938964844,66.51499938964844,66.55000305175781,66.51499938964844,66.55000305175781,683.0
2024-07-03 11:33:00,ACRS,1.149999976158142,1.149999976158142,1.149999976158142,1.149999976158142,1.149999976158142,1140.0
2024-07-03 11:33:00,ADAG,2.9800000190734863,2.9800000190734863,2.9800000190734863,2.9800000190734863,2.9800000190734863,123.0
2024-07-03 11:33:00,ADAP,1.0,1.0,1.0099999904632568,1.0,1.0,5999.0
2024-07-03 11:33:00,ADMA,11.274999618530273,11.274999618530273,11.28499984741211,11.274999618530273,11.279999732971191,10917.0
2024-07-03 11:33:00,ADPT,3.369999885559082,3.369999885559082,3.384999990463257,3.369999885559082,3.384999990463257,2530.0
2024-07-03 11:33:00,AEMD,0.40849998593330383,0.40849998593330383,0.40849998593330383,0.40849998593330383,0.40849998593330383,1010.0
2024-07-03 11:33:00,AFMD,5.070000171661377,5.070000171661377,5.070000171661377,5.070000171661377,5.070000171661377,790.0
2024-07-03 11:33:00,AGEN,14.350000381469727,14.350000381469727,14.350000381469727,14.350000381469727,14.350000381469727,110.0
2024-07-03 11:33:00,AGIO,41.779998779296875,41.779998779296875,41.84000015258789,41.779998779296875,41.84000015258789,506.0
2024-07-03 11:33:00,AKBA,0.9495999813079834,0.9495999813079834,0.9495999813079834,0.9488000273704529,0.9488000273704529,14617.0
2024-07-03 11:33:00,AKYA,2.140000104904175,2.140000104904175,2.140000104904175,2.140000104904175,2.140000104904175,1261.0
2024-07-03 11:33:00,ALDX,3.177999973297119,3.177999973297119,3.177999973297119,3.177999973297119,3.177999973297119,2000.0
2024-07-03 11:33:00,ALEC,4.429999828338623,4.429999828338623,4.429999828338623,4.429999828338623,4.429999828338623,468.0
2024-07-03 11:33:00,ALGN,240.16000366210938,240.16000366210938,240.43499755859375,239.97999572753906,240.3800048828125,2084.0
2024-07-03 11:33:00,ALGS,0.42590001225471497,0.42590001225471497,0.4268999993801117,0.42500001192092896,0.42500001192092896,1805.0
2024-07-03 11:33:00,ALHC,7.96999979019165,7.96999979019165,7.989999771118164,7.96999979019165,7.980000019073486,2685.0
2024-07-03 11:33:00,ALKS,24.2450008392334,24.2450008392334,24.2549991607666,24.239999771118164,24.25,4153.0
2024-07-03 11:33:00,ALLO,2.119999885559082,2.119999885559082,2.125,2.119999885559082,2.119999885559082,2859.0
2024-07-03 11:33:00,ALLR,0.2020999938249588,0.2020999938249588,0.2037999927997589,0.2020999938249588,0.2020999938249588,12800.0
2024-07-03 11:33:00,ALT,6.664999961853027,6.664999961853027,6.664999961853027,6.664999961853027,6.664999961853027,923.0
2024-07-03 11:33:00,ALVR,0.7382000088691711,0.7382000088691711,0.7382000088691711,0.7382000088691711,0.7382000088691711,206.0
2024-07-03 11:33:00,ALXO,5.8597002029418945,5.8597002029418945,5.860000133514404,5.8597002029418945,5.860000133514404,508.0
2024-07-03 11:33:00,AMED,96.95999908447266,96.95999908447266,96.95999908447266,96.95999908447266,96.95999908447266,200.0
2024-07-03 11:33:00,AMGN,307.32000732421875,307.32000732421875,307.32000732421875,306.8999938964844,306.8999938964844,4625.0
2024-07-03 11:33:00,AMLX,1.7549999952316284,1.7549999952316284,1.7599999904632568,1.7549999952316284,1.7599999904632568,2642.0
2024-07-03 11:33:00,ANGO,5.650000095367432,5.650000095367432,5.664999961853027,5.650000095367432,5.656499862670898,10587.0
2024-07-03 11:33:00,ANNX,4.824999809265137,4.824999809265137,4.829999923706055,4.824999809265137,4.829999923706055,2822.0
2024-07-03 11:33:00,ANTX,2.484999895095825,2.484999895095825,2.484999895095825,2.484999895095825,2.484999895095825,238.0
2024-07-03 11:33:00,APDN,0.38999998569488525,0.38999998569488525,0.39480000734329224,0.3874000012874603,0.39480000734329224,2695.0
2024-07-03 11:33:00,APLS,35.54999923706055,35.54999923706055,35.560001373291016,35.47999954223633,35.47999954223633,1155.0
2024-07-03 11:33:00,APLT,4.355000019073486,4.355000019073486,4.355000019073486,4.349999904632568,4.349999904632568,949.0
2024-07-03 11:33:00,AQST,2.4200000762939453,2.4200000762939453,2.4200000762939453,2.4200000762939453,2.4200000762939453,559.0
2024-07-03 11:33:00,ARDX,5.235000133514404,5.235000133514404,5.239999771118164,5.230100154876709,5.239999771118164,6328.0
2024-07-03 11:33:00,ARQT,9.654999732971191,9.654999732971191,9.65999984741211,9.654999732971191,9.65999984741211,1338.0
2024-07-03 11:33:00,ARWR,25.420000076293945,25.420000076293945,25.459999084472656,25.420000076293945,25.459999084472656,939.0
2024-07-03 11:33:00,ASRT,1.3380000591278076,1.3380000591278076,1.3380000591278076,1.3380000591278076,1.3380000591278076,483.0
2024-07-03 11:33:00,ATAI,1.2899999618530273,1.2899999618530273,1.2899999618530273,1.2899999618530273,1.2899999618530273,5797.0
2024-07-03 11:33:00,ATEC,9.98900032043457,9.98900032043457,9.98900032043457,9.984600067138672,9.984600067138672,1557.0
2024-07-03 11:33:00,ATOS,1.159999966621399,1.159999966621399,1.159999966621399,1.1549999713897705,1.1549999713897705,1705.0
2024-07-03 11:33:00,ATRC,22.260000228881836,22.260000228881836,22.34000015258789,22.260000228881836,22.34000015258789,2363.0
2024-07-03 11:33:00,ATRI,453.25,453.25,453.25,453.25,453.25,381.0
2024-07-03 11:33:00,ATXS,9.050000190734863,9.050000190734863,9.050000190734863,9.050000190734863,9.050000190734863,419.0
2024-07-03 11:33:00,AUGX,1.0,1.0,1.0,1.0,1.0,0.0
2024-07-03 11:33:00,AUPH,5.465000152587891,5.465000152587891,5.465000152587891,5.465000152587891,5.465000152587891,370.0
2024-07-03 11:33:00,AUTL,3.4800000190734863,3.4800000190734863,3.4800000190734863,3.4800000190734863,3.4800000190734863,343.0
2024-07-03 11:33:00,AVDL,14.40999984741211,14.40999984741211,14.470000267028809,14.40999984741211,14.470000267028809,4778.0
2024-07-03 11:33:00,AVTE,1.6349999904632568,1.6349999904632568,1.6398999691009521,1.6349999904632568,1.6398999691009521,3294.0
2024-07-03 11:33:00,AZN,76.69999694824219,76.69999694824219,76.71499633789062,76.69000244140625,76.71499633789062,1695.0
2024-07-03 11:33:00,AZTA,52.47999954223633,52.47999954223633,52.52000045776367,52.459999084472656,52.494998931884766,7058.0
2024-07-03 11:33:00,BBIO,25.360000610351562,25.360000610351562,25.360000610351562,25.34000015258789,25.344999313354492,1356.0
2024-07-03 11:33:00,BCAB,1.375,1.375,1.3799999952316284,1.375,1.375,1600.0
2024-07-03 11:33:00,BCRX,6.465000152587891,6.465000152587891,6.465000152587891,6.465000152587891,6.465000152587891,1061.0
2024-07-03 11:33:00,BDTX,4.369999885559082,4.369999885559082,4.369999885559082,4.369999885559082,4.369999885559082,220.0
2024-07-03 11:33:00,BEAM,23.520000457763672,23.520000457763672,23.600000381469727,23.450000762939453,23.59000015258789,13301.0
2024-07-03 11:33:00,BGNE,147.27000427246094,147.27000427246094,147.27749633789062,147.2550048828125,147.27749633789062,1137.0
2024-07-03 11:33:00,BIIB,223.57000732421875,223.57000732421875,223.6699981689453,223.49000549316406,223.64999389648438,2003.0
2024-07-03 11:33:00,BLFS,19.7549991607666,19.7549991607666,19.7549991607666,19.7549991607666,19.7549991607666,672.0
2024-07-03 11:33:00,BLRX,0.5296000242233276,0.5296000242233276,0.5296000242233276,0.5296000242233276,0.5296000242233276,5600.0
2024-07-03 11:33:00,BLUE,0.9244999885559082,0.9244999885559082,0.9244999885559082,0.9221000075340271,0.923799991607666,30225.0
2024-07-03 11:33:00,BMEA,4.409999847412109,4.409999847412109,4.420000076293945,4.409999847412109,4.420000076293945,716.0
2024-07-03 11:33:00,BMRN,81.05999755859375,81.05999755859375,81.0999984741211,81.0,81.0,7126.0
2024-07-03 11:33:00,BNGO,0.5579000115394592,0.5579000115394592,0.5579000115394592,0.5577999949455261,0.5579000115394592,1530.0
2024-07-03 11:33:00,BNTX,79.87999725341797,79.87999725341797,79.9000015258789,79.87999725341797,79.9000015258789,267.0
2024-07-03 11:33:00,BPMC,110.97000122070312,110.97000122070312,110.9749984741211,110.97000122070312,110.9749984741211,543.0
2024-07-03 11:33:00,BRKR,61.599998474121094,61.599998474121094,61.599998474121094,61.58000183105469,61.58000183105469,515.0
2024-07-03 11:33:00,BTAI,1.090000033378601,1.090000033378601,1.090000033378601,1.090000033378601,1.090000033378601,500.0
2024-07-03 11:33:00,CAPR,4.71999979019165,4.71999979019165,4.71999979019165,4.71999979019165,4.71999979019165,561.0
2024-07-03 11:33:00,CCCC,4.605000019073486,4.605000019073486,4.610000133514404,4.605000019073486,4.610000133514404,450.0
2024-07-03 11:33:00,CCRN,13.79800033569336,13.79800033569336,13.800000190734863,13.729999542236328,13.729999542236328,4686.0
2024-07-03 11:33:00,CDMO,7.679999828338623,7.679999828338623,7.679999828338623,7.675000190734863,7.675000190734863,875.0
2024-07-03 11:33:00,CDXS,2.880000114440918,2.880000114440918,2.880000114440918,2.869999885559082,2.869999885559082,1006.0
2024-07-03 11:33:00,CERE,39.58000183105469,39.58000183105469,39.77000045776367,39.56999969482422,39.69219970703125,26696.0
2024-07-03 11:33:00,CERS,1.715000033378601,1.715000033378601,1.715000033378601,1.7100000381469727,1.7100000381469727,692.0
2024-07-03 11:33:00,CERT,13.789999961853027,13.789999961853027,13.789999961853027,13.789999961853027,13.789999961853027,431.0
2024-07-03 11:33:00,CGC,6.505000114440918,6.505000114440918,6.539999961853027,6.505000114440918,6.534999847412109,11223.0
2024-07-03 11:33:00,CGEM,16.829999923706055,16.829999923706055,16.889999389648438,16.829999923706055,16.850000381469727,1052.0
2024-07-03 11:33:00,CGEN,1.649999976158142,1.649999976158142,1.6514999866485596,1.649999976158142,1.6514999866485596,5461.0
2024-07-03 11:33:00,CHRS,1.3949999809265137,1.3949999809265137,1.409500002861023,1.3949999809265137,1.409500002861023,3344.0
2024-07-03 11:33:00,CKPT,2.200000047683716,2.200000047683716,2.200000047683716,2.200000047683716,2.200000047683716,400.0
2024-07-03 11:33:00,CLDX,36.154998779296875,36.154998779296875,36.25,36.154998779296875,36.25,1529.0
2024-07-03 11:33:00,CLNN,0.32499998807907104,0.32499998807907104,0.3280999958515167,0.32499998807907104,0.3280999958515167,16124.0
2024-07-03 11:33:00,CMPS,6.28000020980835,6.28000020980835,6.300000190734863,6.275000095367432,6.300000190734863,6983.0
2024-07-03 11:33:00,CNSP,1.7199000120162964,1.7199000120162964,1.7200000286102295,1.649999976158142,1.6509000062942505,445573.0
2024-07-03 11:33:00,CORT,30.354999542236328,30.354999542236328,30.354999542236328,30.354799270629883,30.354799270629883,1285.0
2024-07-03 11:33:00,COSM,0.9300000071525574,0.9300000071525574,0.9300000071525574,0.9300000071525574,0.9300000071525574,1221.0
2024-07-03 11:33:00,CPRX,15.449999809265137,15.449999809265137,15.449999809265137,15.449999809265137,15.449999809265137,561.0
2024-07-03 11:33:00,CRBU,1.5800000429153442,1.5800000429153442,1.5850000381469727,1.5800000429153442,1.5850000381469727,1174.0
2024-07-03 11:33:00,CRMD,4.135000228881836,4.135000228881836,4.135000228881836,4.135000228881836,4.135000228881836,205.0
2024-07-03 11:33:00,CRNX,44.880001068115234,44.880001068115234,44.880001068115234,44.880001068115234,44.880001068115234,480.0
2024-07-03 11:33:00,CRSP,53.65999984741211,53.65999984741211,53.69499969482422,53.65999984741211,53.69499969482422,781.0
2024-07-03 11:33:00,CSTL,21.139999389648438,21.139999389648438,21.139999389648438,21.110000610351562,21.110000610351562,394.0
2024-07-03 11:33:00,CTKB,5.599999904632568,5.599999904632568,5.605000019073486,5.59499979019165,5.59499979019165,8264.0
2024-07-03 11:33:00,CTMX,1.309999942779541,1.309999942779541,1.3200000524520874,1.309999942779541,1.3200000524520874,6914.0
2024-07-03 11:33:00,CTXR,0.490200012922287,0.490200012922287,0.4997999966144562,0.490200012922287,0.4997999966144562,9640.0
2024-07-03 11:33:00,CUTR,1.309999942779541,1.309999942779541,1.315000057220459,1.309999942779541,1.315000057220459,363.0
2024-07-03 11:33:00,CVAC,3.321199893951416,3.321199893951416,3.339900016784668,3.309999942779541,3.3350000381469727,27064.0
2024-07-03 11:33:00,DAWN,13.328800201416016,13.328800201416016,13.329999923706055,13.328800201416016,13.329999923706055,1321.0
2024-07-03 11:33:00,DH,5.380000114440918,5.380000114440918,5.380000114440918,5.380000114440918,5.380000114440918,456.0
2024-07-03 11:33:00,DNLI,21.399999618530273,21.399999618530273,21.399999618530273,21.399999618530273,21.399999618530273,591.0
2024-07-03 11:33:00,DSGN,3.25,3.25,3.25,3.25,3.25,501.0
2024-07-03 11:33:00,DXCM,110.81999969482422,110.81999969482422,110.81999969482422,110.81500244140625,110.81500244140625,1678.0
2024-07-03 11:33:00,DYN,34.2400016784668,34.2400016784668,34.2400016784668,34.2400016784668,34.2400016784668,461.0
2024-07-03 11:33:00,DYNT,0.23980000615119934,0.23980000615119934,0.23980000615119934,0.23980000615119934,0.23980000615119934,300.0
2024-07-03 11:33:00,EDIT,4.650000095367432,4.650000095367432,4.650000095367432,4.644999980926514,4.650000095367432,8252.0
2024-07-03 11:33:00,ENTX,1.6926000118255615,1.6926000118255615,1.6926000118255615,1.6926000118255615,1.6926000118255615,112.0
2024-07-03 11:33:00,EOLS,10.920000076293945,10.920000076293945,10.920000076293945,10.90999984741211,10.90999984741211,1566.0
2024-07-03 11:33:00,ESPR,2.3450000286102295,2.3450000286102295,2.3499999046325684,2.3450000286102295,2.3499999046325684,3006.0
2024-07-03 11:33:00,ESTA,43.45000076293945,43.45000076293945,43.45000076293945,43.439998626708984,43.439998626708984,2348.0
2024-07-03 11:33:00,ETNB,7.480000019073486,7.480000019073486,7.480000019073486,7.480000019073486,7.480000019073486,802.0
2024-07-03 11:33:00,EWTX,18.09000015258789,18.09000015258789,18.09000015258789,18.09000015258789,18.09000015258789,173.0
2024-07-03 11:33:00,EXAS,43.15999984741211,43.15999984741211,43.15999984741211,43.08000183105469,43.09000015258789,5636.0
2024-07-03 11:33:00,EXEL,22.0049991607666,22.0049991607666,22.005699157714844,22.0049991607666,22.005699157714844,572.0
2024-07-03 11:33:00,EYEN,0.7720999717712402,0.7720999717712402,0.7720999717712402,0.7720999717712402,0.7720999717712402,235.0
2024-07-03 11:33:00,EYPT,8.329999923706055,8.329999923706055,8.34000015258789,8.329999923706055,8.34000015258789,1001.0
2024-07-03 11:33:00,FATE,3.1600000858306885,3.1600000858306885,3.1600000858306885,3.1600000858306885,3.1600000858306885,319.0
2024-07-03 11:33:00,FDMT,20.950000762939453,20.950000762939453,20.950000762939453,20.950000762939453,20.950000762939453,230.0
2024-07-03 11:33:00,FENC,6.039999961853027,6.039999961853027,6.039999961853027,6.039999961853027,6.039999961853027,224.0
2024-07-03 11:33:00,FGEN,0.7077000141143799,0.7077000141143799,0.7096999883651733,0.7056000232696533,0.7077000141143799,5689.0
2024-07-03 11:33:00,FHTX,5.550000190734863,5.550000190734863,5.550000190734863,5.550000190734863,5.550000190734863,144.0
2024-07-03 11:33:00,FULC,6.159999847412109,6.159999847412109,6.159999847412109,6.150000095367432,6.150000095367432,132.0
2024-07-03 11:33:00,GALT,2.1500000953674316,2.1500000953674316,2.1500000953674316,2.1500000953674316,2.1500000953674316,530.0
2024-07-03 11:33:00,GANX,1.1649999618530273,1.1649999618530273,1.1649999618530273,1.1649999618530273,1.1649999618530273,658.0
2024-07-03 11:33:00,GDRX,7.815000057220459,7.815000057220459,7.861199855804443,7.815000057220459,7.861199855804443,5047.0
2024-07-03 11:33:00,GERN,4.304999828338623,4.304999828338623,4.308800220489502,4.303299903869629,4.303299903869629,1617.0
2024-07-03 11:33:00,GH,28.280000686645508,28.280000686645508,28.364999771118164,28.280000686645508,28.364999771118164,5586.0
2024-07-03 11:33:00,GILD,67.1500015258789,67.1500015258789,67.16000366210938,67.13999938964844,67.1500015258789,10930.0
2024-07-03 11:33:00,GLTO,0.5116000175476074,0.5116000175476074,0.5116000175476074,0.5116000175476074,0.5116000175476074,0.0
2024-07-03 11:33:00,GLUE,3.740000009536743,3.740000009536743,3.740000009536743,3.740000009536743,3.740000009536743,159.0
2024-07-03 11:33:00,GOSS,0.946399986743927,0.946399986743927,0.946399986743927,0.9408000111579895,0.9408000111579895,5838.0
2024-07-03 11:33:00,GOVX,3.015000104904175,3.015000104904175,3.015000104904175,3.015000104904175,3.015000104904175,1050.0
2024-07-03 11:33:00,GTHX,2.5,2.5,2.5,2.5,2.5,341.0
2024-07-03 11:33:00,HALO,51.970001220703125,51.970001220703125,51.970001220703125,51.970001220703125,51.970001220703125,510.0
2024-07-03 11:33:00,HBIO,2.7699999809265137,2.7699999809265137,2.7799999713897705,2.7690000534057617,2.7699999809265137,7709.0
2024-07-03 11:33:00,HCAT,6.159999847412109,6.159999847412109,6.179999828338623,6.159999847412109,6.179999828338623,2267.0
2024-07-03 11:33:00,HCSG,10.625,10.625,10.625,10.625,10.625,363.0
2024-07-03 11:33:00,HLVX,14.420000076293945,14.420000076293945,14.420000076293945,14.420000076293945,14.420000076293945,186.0
2024-07-03 11:33:00,HOLX,73.21499633789062,73.21499633789062,73.23999786376953,73.21499633789062,73.23999786376953,1403.0
2024-07-03 11:33:00,HOWL,2.065000057220459,2.065000057220459,2.065000057220459,2.065000057220459,2.065000057220459,407.0
2024-07-03 11:33:00,HQY,83.22000122070312,83.22000122070312,83.22000122070312,83.22000122070312,83.22000122070312,663.0
2024-07-03 11:33:00,HRMY,30.260000228881836,30.260000228881836,30.260000228881836,30.229999542236328,30.229999542236328,407.0
2024-07-03 11:33:00,HROW,21.645000457763672,21.645000457763672,21.645000457763672,21.645000457763672,21.645000457763672,619.0
2024-07-03 11:33:00,HRTX,2.765000104904175,2.765000104904175,2.765000104904175,2.759999990463257,2.759999990463257,1101.0
2024-07-03 11:33:00,HSIC,64.9000015258789,64.9000015258789,64.91000366210938,64.87999725341797,64.88999938964844,2457.0
2024-07-03 11:33:00,HUMA,5.679999828338623,5.679999828338623,5.704999923706055,5.679999828338623,5.704999923706055,4413.0
2024-07-03 11:33:00,IBRX,6.25,6.25,6.255000114440918,6.25,6.25,4391.0
2024-07-03 11:33:00,ICLR,318.25,318.25,318.25,318.25,318.25,1516.0
2024-07-03 11:33:00,IDXX,476.32501220703125,476.32501220703125,477.0450134277344,476.32501220703125,476.95001220703125,3550.0
2024-07-03 11:33:00,IINN,1.5,1.5,1.5,1.5,1.5,385.0
2024-07-03 11:33:00,IKNA,1.649999976158142,1.649999976158142,1.649999976158142,1.649999976158142,1.649999976158142,389.0
2024-07-03 11:33:00,ILMN,105.28500366210938,105.28500366210938,105.28500366210938,105.28500366210938,105.28500366210938,368.0
2024-07-03 11:33:00,IMCR,36.07500076293945,36.07500076293945,36.07500076293945,36.07500076293945,36.07500076293945,332.0
2024-07-03 11:33:00,IMMP,1.9600000381469727,1.9600000381469727,1.965000033378601,1.9600000381469727,1.965000033378601,571.0
2024-07-03 11:33:00,IMMX,2.390000104904175,2.390000104904175,2.3949999809265137,2.390000104904175,2.3905999660491943,1359.0
2024-07-03 11:33:00,IMNM,12.0600004196167,12.0600004196167,12.0600004196167,12.029999732971191,12.045000076293945,960.0
2024-07-03 11:33:00,INCY,57.95000076293945,57.95000076293945,57.95000076293945,57.93000030517578,57.94499969482422,1001.0
2024-07-03 11:33:00,INGN,7.962299823760986,7.962299823760986,7.962299823760986,7.962299823760986,7.962299823760986,636.0
2024-07-03 11:33:00,INMB,7.96999979019165,7.96999979019165,7.994999885559082,7.960000038146973,7.994999885559082,792.0
2024-07-03 11:33:00,INMD,17.559999465942383,17.559999465942383,17.56999969482422,17.549999237060547,17.565000534057617,1045.0
2024-07-03 11:33:00,INO,8.40999984741211,8.40999984741211,8.40999984741211,8.399999618530273,8.399999618530273,832.0
2024-07-03 11:33:00,INSM,61.97249984741211,61.97249984741211,61.97999954223633,61.880001068115234,61.959999084472656,5445.0
2024-07-03 11:33:00,IONS,44.77000045776367,44.77000045776367,44.790000915527344,44.76499938964844,44.790000915527344,957.0
2024-07-03 11:33:00,IOVA,7.545000076293945,7.545000076293945,7.547999858856201,7.539999961853027,7.5432000160217285,4291.0
2024-07-03 11:33:00,IPSC,2.25,2.25,2.25,2.25,2.25,175.0
2024-07-03 11:33:00,IRTC,94.54499816894531,94.54499816894531,94.8499984741211,94.5,94.8499984741211,2506.0
2024-07-03 11:33:00,ISRG,434.5899963378906,434.5899963378906,434.7699890136719,434.30999755859375,434.7699890136719,2401.0
2024-07-03 11:33:00,ITCI,68.33499908447266,68.33499908447266,68.37999725341797,68.33499908447266,68.37999725341797,446.0
2024-07-03 11:33:00,ITOS,14.75,14.75,14.75,14.729999542236328,14.729999542236328,473.0
2024-07-03 11:33:00,JANX,37.954498291015625,37.954498291015625,37.954498291015625,37.954498291015625,37.954498291015625,350.0
2024-07-03 11:33:00,JAZZ,103.9800033569336,103.9800033569336,103.9800033569336,103.9800033569336,103.9800033569336,457.0
2024-07-03 11:33:00,JSPR,23.309999465942383,23.309999465942383,23.309999465942383,23.190000534057617,23.190000534057617,1029.0
2024-07-03 11:33:00,KIDS,29.7450008392334,29.7450008392334,29.7450008392334,29.709999084472656,29.719999313354492,1183.0
2024-07-03 11:33:00,KNSA,18.959999084472656,18.959999084472656,18.959999084472656,18.959999084472656,18.959999084472656,121.0
2024-07-03 11:33:00,KPTI,0.8432999849319458,0.8432999849319458,0.8432999849319458,0.8410000205039978,0.8432999849319458,539.0
2024-07-03 11:33:00,KTRA,0.29019999504089355,0.29019999504089355,0.29339998960494995,0.29019999504089355,0.2919999957084656,37794.0
2024-07-03 11:33:00,KZR,0.5734999775886536,0.5734999775886536,0.5770000219345093,0.5734999775886536,0.5770000219345093,1379.0
2024-07-03 11:33:00,LAB,1.7999999523162842,1.7999999523162842,1.7999999523162842,1.7899999618530273,1.7949999570846558,1624.0
2024-07-03 11:33:00,LBPH,32.22999954223633,32.22999954223633,32.22999954223633,32.02000045776367,32.209999084472656,1624.0
2024-07-03 11:33:00,LEGN,46.43000030517578,46.43000030517578,46.43000030517578,46.349998474121094,46.349998474121094,874.0
2024-07-03 11:33:00,LFMD,6.71999979019165,6.71999979019165,6.71999979019165,6.71999979019165,6.71999979019165,1344.0
2024-07-03 11:33:00,LFST,5.099999904632568,5.099999904632568,5.099999904632568,5.099999904632568,5.099999904632568,261.0
2024-07-03 11:33:00,LGVN,1.6050000190734863,1.6050000190734863,1.6050000190734863,1.6050000190734863,1.6050000190734863,1785.0
2024-07-03 11:33:00,LNTH,79.45999908447266,79.45999908447266,79.48500061035156,79.4000015258789,79.4800033569336,635.0
2024-07-03 11:33:00,LOGC,5.71999979019165,5.71999979019165,5.71999979019165,5.71999979019165,5.71999979019165,851.0
2024-07-03 11:33:00,LRMR,7.699999809265137,7.699999809265137,7.699999809265137,7.699999809265137,7.699999809265137,639.0
2024-07-03 11:33:00,LUCY,0.4666999876499176,0.4666999876499176,0.4666999876499176,0.4666999876499176,0.4666999876499176,1862.0
2024-07-03 11:33:00,LXRX,1.5950000286102295,1.5950000286102295,1.5950000286102295,1.5950000286102295,1.5950000286102295,1026.0
2024-07-03 11:33:00,LYRA,0.28600001335144043,0.28600001335144043,0.2874999940395355,0.28600001335144043,0.2874999940395355,3442.0
2024-07-03 11:33:00,MASI,115.1449966430664,115.1449966430664,115.1449966430664,114.9000015258789,114.9000015258789,3674.0
2024-07-03 11:33:00,MBIO,0.49810001254081726,0.49810001254081726,0.49810001254081726,0.492900013923645,0.492900013923645,1821.0
2024-07-03 11:33:00,MBOT,1.059999942779541,1.059999942779541,1.059999942779541,1.059999942779541,1.059999942779541,10046.0
2024-07-03 11:33:00,MCRB,0.7150999903678894,0.7150999903678894,0.7159000039100647,0.7150999903678894,0.7159000039100647,2567.0
2024-07-03 11:33:00,ME,0.4034999907016754,0.4034999907016754,0.4034999907016754,0.4034999907016754,0.4034999907016754,202.0
2024-07-03 11:33:00,MGNX,4.204999923706055,4.204999923706055,4.204999923706055,4.204999923706055,4.204999923706055,201.0
2024-07-03 11:33:00,MIRM,33.880001068115234,33.880001068115234,33.880001068115234,33.880001068115234,33.880001068115234,143.0
2024-07-03 11:33:00,MIST,1.3300000429153442,1.3300000429153442,1.3300000429153442,1.3300000429153442,1.3300000429153442,8586.0
2024-07-03 11:33:00,MMSI,85.91999816894531,85.91999816894531,85.96499633789062,85.91999816894531,85.96499633789062,1251.0
2024-07-03 11:33:00,MNKD,5.045000076293945,5.045000076293945,5.045000076293945,5.045000076293945,5.045000076293945,626.0
2024-07-03 11:33:00,MOR,18.190000534057617,18.190000534057617,18.200000762939453,18.1200008392334,18.1299991607666,2405.0
2024-07-03 11:33:00,MRNA,115.45999908447266,115.45999908447266,115.5999984741211,115.44000244140625,115.5999984741211,5148.0
2024-07-03 11:33:00,MRSN,1.850000023841858,1.850000023841858,1.850000023841858,1.850000023841858,1.850000023841858,126.0
2024-07-03 11:33:00,MRUS,52.540000915527344,52.540000915527344,52.540000915527344,52.5099983215332,52.5099983215332,2540.0
2024-07-03 11:33:00,MRVI,6.795000076293945,6.795000076293945,6.809999942779541,6.789999961853027,6.800000190734863,512046.0
2024-07-03 11:33:00,MXCT,3.674999952316284,3.674999952316284,3.690000057220459,3.674999952316284,3.684999942779541,1097.0
2024-07-03 11:33:00,MYGN,24.979999542236328,24.979999542236328,24.979999542236328,24.9424991607666,24.9424991607666,468.0
2024-07-03 11:33:00,NARI,49.58000183105469,49.58000183105469,49.58000183105469,49.58000183105469,49.58000183105469,415.0
2024-07-03 11:33:00,NBIX,138.74000549316406,138.74000549316406,138.74000549316406,138.74000549316406,138.74000549316406,294.0
2024-07-03 11:33:00,NDRA,0.09589999914169312,0.09589999914169312,0.09640000015497208,0.0949999988079071,0.09510000050067902,154569.0
2024-07-03 11:33:00,NEO,13.710000038146973,13.710000038146973,13.710000038146973,13.697999954223633,13.699999809265137,4121.0
2024-07-03 11:33:00,NEOG,15.194999694824219,15.194999694824219,15.194999694824219,15.194999694824219,15.194999694824219,603.0
2024-07-03 11:33:00,NKTR,1.2350000143051147,1.2350000143051147,1.2350000143051147,1.2350000143051147,1.2350000143051147,667.0
2024-07-03 11:33:00,NKTX,5.369999885559082,5.369999885559082,5.369999885559082,5.3531999588012695,5.3531999588012695,1051.0
2024-07-03 11:33:00,NLSP,0.19930000603199005,0.19930000603199005,0.20000000298023224,0.19930000603199005,0.20000000298023224,0.0
2024-07-03 11:33:00,NNOX,6.96999979019165,6.96999979019165,6.96999979019165,6.96999979019165,6.96999979019165,1312.0
2024-07-03 11:33:00,NRBO,4.570000171661377,4.570000171661377,4.570000171661377,4.570000171661377,4.570000171661377,100.0
2024-07-03 11:33:00,NRC,22.90999984741211,22.90999984741211,22.959999084472656,22.90999984741211,22.940000534057617,1031.0
2024-07-03 11:33:00,NTLA,22.6200008392334,22.6200008392334,22.625,22.610000610351562,22.625,1562.0
2024-07-03 11:33:00,NTRA,111.19000244140625,111.19000244140625,111.19000244140625,111.19000244140625,111.19000244140625,712.0
2024-07-03 11:33:00,NVAX,12.595000267028809,12.595000267028809,12.625,12.5802001953125,12.625,49615.0
2024-07-03 11:33:00,NXL,1.3849999904632568,1.3849999904632568,1.3849999904632568,1.3849999904632568,1.3849999904632568,0.0
2024-07-03 11:33:00,NXTC,1.590000033378601,1.590000033378601,1.590000033378601,1.590000033378601,1.590000033378601,331.0
2024-07-03 11:33:00,OCGN,1.6200000047683716,1.6200000047683716,1.6200000047683716,1.6150000095367432,1.6200000047683716,2000.0
2024-07-03 11:33:00,OCUL,6.675000190734863,6.675000190734863,6.684999942779541,6.675000190734863,6.684999942779541,1549.0
2024-07-03 11:33:00,OGI,1.5700000524520874,1.5700000524520874,1.5750000476837158,1.5700000524520874,1.5750000476837158,4434.0
2024-07-03 11:33:00,OLK,25.75,25.75,25.75,25.75,25.75,500.0
2024-07-03 11:33:00,OM,3.875,3.875,3.875,3.869999885559082,3.869999885559082,3651.0
2024-07-03 11:33:00,OMCL,26.520000457763672,26.520000457763672,26.55500030517578,26.520000457763672,26.549999237060547,816.0
2024-07-03 11:34:00,ABCL,2.740000009536743,2.740000009536743,2.755000114440918,2.740000009536743,2.75,22036.0
2024-07-03 11:34:00,ABSI,3.2149999141693115,3.2149999141693115,3.2190001010894775,3.2100000381469727,3.2149999141693115,2138.0
2024-07-03 11:34:00,ABUS,3.134999990463257,3.134999990463257,3.134999990463257,3.134999990463257,3.134999990463257,309.0
2024-07-03 11:34:00,ACB,4.880000114440918,4.880000114440918,4.880000114440918,4.880000114440918,4.880000114440918,223.0
2024-07-03 11:34:00,ACCD,3.5450000762939453,3.5450000762939453,3.5450000762939453,3.5199999809265137,3.5199999809265137,7469.0
2024-07-03 11:34:00,ACET,1.059999942779541,1.059999942779541,1.0700000524520874,1.059999942779541,1.0700000524520874,22081.0
2024-07-03 11:34:00,ACHC,66.4800033569336,66.4800033569336,66.4800033569336,66.4800033569336,66.4800033569336,107.0
2024-07-03 11:34:00,ACRS,1.149999976158142,1.149999976158142,1.149999976158142,1.149999976158142,1.149999976158142,1613.0
2024-07-03 11:34:00,ACST,2.944999933242798,2.944999933242798,2.944999933242798,2.944999933242798,2.944999933242798,168.0
2024-07-03 11:34:00,ADAP,1.0,1.0,1.0,1.0,1.0,205.0
2024-07-03 11:34:00,ADMA,11.265000343322754,11.265000343322754,11.289999961853027,11.265000343322754,11.279999732971191,7077.0
2024-07-03 11:34:00,ADPT,3.374000072479248,3.374000072479248,3.374000072479248,3.374000072479248,3.374000072479248,253.0
2024-07-03 11:34:00,ADUS,117.41999816894531,117.41999816894531,117.41999816894531,117.41999816894531,117.41999816894531,295.0
2024-07-03 11:34:00,AEMD,0.40799999237060547,0.40799999237060547,0.40799999237060547,0.40799999237060547,0.40799999237060547,1482.0
2024-07-03 11:34:00,AGEN,14.350000381469727,14.350000381469727,14.350000381469727,14.350000381469727,14.350000381469727,148.0
2024-07-03 11:34:00,AGIO,41.779998779296875,41.779998779296875,41.779998779296875,41.779998779296875,41.779998779296875,873.0
2024-07-03 11:34:00,AHCO,9.734999656677246,9.734999656677246,9.734999656677246,9.734999656677246,9.734999656677246,220.0
2024-07-03 11:34:00,AKBA,0.9488999843597412,0.9488999843597412,0.9488999843597412,0.9488999843597412,0.9488999843597412,0.0
2024-07-03 11:34:00,AKRO,21.780000686645508,21.780000686645508,21.780000686645508,21.780000686645508,21.780000686645508,899.0
2024-07-03 11:34:00,ALDX,3.166800022125244,3.166800022125244,3.1700000762939453,3.1500000953674316,3.1700000762939453,14108.0
2024-07-03 11:34:00,ALEC,4.429999828338623,4.429999828338623,4.429999828338623,4.429999828338623,4.429999828338623,47.0
2024-07-03 11:34:00,ALGN,240.2899932861328,240.2899932861328,240.2899932861328,239.94000244140625,239.94000244140625,4717.0
2024-07-03 11:34:00,ALGS,0.424699991941452,0.424699991941452,0.4259999990463257,0.424699991941452,0.42500001192092896,7194.0
2024-07-03 11:34:00,ALKS,24.25,24.25,24.25,24.2450008392334,24.2450008392334,658.0
2024-07-03 11:34:00,ALLK,0.8312000036239624,0.8312000036239624,0.8312000036239624,0.8312000036239624,0.8312000036239624,807.0
2024-07-03 11:34:00,ALLO,2.125,2.125,2.125,2.119999885559082,2.119999885559082,6030.0
2024-07-03 11:34:00,ALLR,0.20170000195503235,0.20170000195503235,0.2029999941587448,0.20170000195503235,0.2020999938249588,29378.0
2024-07-03 11:34:00,ALNY,246.85499572753906,246.85499572753906,246.85499572753906,246.80999755859375,246.80999755859375,729.0
2024-07-03 11:34:00,ALT,6.659999847412109,6.659999847412109,6.664999961853027,6.659999847412109,6.664999961853027,3515.0
2024-07-03 11:34:00,ALVR,0.7366999983787537,0.7366999983787537,0.7366999983787537,0.7366999983787537,0.7366999983787537,337.0
2024-07-03 11:34:00,ALXO,5.849999904632568,5.849999904632568,5.860000133514404,5.849999904632568,5.849999904632568,2208.0
2024-07-03 11:34:00,AMED,96.9800033569336,96.9800033569336,97.01000213623047,96.96150207519531,97.01000213623047,9431.0
2024-07-03 11:34:00,AMGN,307.6600036621094,307.6600036621094,307.6600036621094,307.3299865722656,307.4100036621094,4187.0
2024-07-03 11:34:00,AMLX,1.7599999904632568,1.7599999904632568,1.7599999904632568,1.7580000162124634,1.7599999904632568,1059.0
2024-07-03 11:34:00,AMPH,38.400001525878906,38.400001525878906,38.400001525878906,38.369998931884766,38.369998931884766,2450.0
2024-07-03 11:34:00,ANAB,24.90999984741211,24.90999984741211,24.950000762939453,24.899999618530273,24.950000762939453,2834.0
2024-07-03 11:34:00,ANNX,4.815000057220459,4.815000057220459,4.824999809265137,4.815000057220459,4.820000171661377,5691.0
2024-07-03 11:34:00,APDN,0.38749998807907104,0.38749998807907104,0.38749998807907104,0.3799999952316284,0.3799999952316284,20862.0
2024-07-03 11:34:00,APLT,4.355000019073486,4.355000019073486,4.355000019073486,4.355000019073486,4.355000019073486,171.0
2024-07-03 11:34:00,AQST,2.4200000762939453,2.4200000762939453,2.424999952316284,2.4100000858306885,2.424999952316284,13383.0
2024-07-03 11:34:00,ARDX,5.235000133514404,5.235000133514404,5.239099979400635,5.235000133514404,5.235000133514404,7837.0
2024-07-03 11:34:00,ARGX,435.8999938964844,435.8999938964844,436.3800048828125,435.6199951171875,435.6199951171875,3479.0
2024-07-03 11:34:00,ARQT,9.654999732971191,9.654999732971191,9.654999732971191,9.651200294494629,9.654999732971191,709.0
2024-07-03 11:34:00,ARWR,25.415000915527344,25.415000915527344,25.424999237060547,25.415000915527344,25.424999237060547,728.0
2024-07-03 11:34:00,ASMB,11.520000457763672,11.520000457763672,11.8100004196167,11.520000457763672,11.8100004196167,2202.0
2024-07-03 11:34:00,ASRT,1.3398000001907349,1.3398000001907349,1.340000033378601,1.3300000429153442,1.3350000381469727,15219.0
2024-07-03 11:34:00,ATEC,9.960000038146973,9.960000038146973,9.984999656677246,9.960000038146973,9.984999656677246,2900.0
2024-07-03 11:34:00,ATOS,1.159999966621399,1.159999966621399,1.159999966621399,1.159999966621399,1.159999966621399,129.0
2024-07-03 11:34:00,ATRC,22.260000228881836,22.260000228881836,22.280000686645508,22.260000228881836,22.280000686645508,5778.0
2024-07-03 11:34:00,ATXS,9.03499984741211,9.03499984741211,9.050000190734863,9.029999732971191,9.039999961853027,1575.0
2024-07-03 11:34:00,AUGX,1.0020999908447266,1.0020999908447266,1.0020999908447266,1.0,1.0,130.0
2024-07-03 11:34:00,AUPH,5.454999923706055,5.454999923706055,5.460000038146973,5.449999809265137,5.460000038146973,18851.0
2024-07-03 11:34:00,AURA,7.0,7.0,7.0,7.0,7.0,232.0
2024-07-03 11:34:00,AVDL,14.40999984741211,14.40999984741211,14.40999984741211,14.40999984741211,14.40999984741211,459.0
2024-07-03 11:34:00,AVIR,3.2850000858306885,3.2850000858306885,3.309999942779541,3.2850000858306885,3.309999942779541,2122.0
2024-07-03 11:34:00,AVTE,1.6349999904632568,1.6349999904632568,1.6349999904632568,1.6349999904632568,1.6349999904632568,601.0
2024-07-03 11:34:00,AVXL,4.1774001121521,4.1774001121521,4.179999828338623,4.1774001121521,4.179999828338623,1860.0
2024-07-03 11:34:00,AZN,76.7699966430664,76.7699966430664,76.79000091552734,76.69499969482422,76.69499969482422,28405.0
2024-07-03 11:34:00,AZTA,52.505001068115234,52.505001068115234,52.529998779296875,52.505001068115234,52.505001068115234,1396.0
2024-07-03 11:34:00,BBIO,25.325000762939453,25.325000762939453,25.34000015258789,25.325000762939453,25.34000015258789,1327.0
2024-07-03 11:34:00,BCAB,1.375,1.375,1.3799999952316284,1.375,1.3799999952316284,11030.0
2024-07-03 11:34:00,BCRX,6.449999809265137,6.449999809265137,6.460000038146973,6.449999809265137,6.460000038146973,5674.0
2024-07-03 11:34:00,BCTX,1.0299999713897705,1.0299999713897705,1.0299999713897705,1.0299999713897705,1.0299999713897705,500.0
2024-07-03 11:34:00,BDTX,4.369999885559082,4.369999885559082,4.369999885559082,4.364999771118164,4.364999771118164,1117.0
2024-07-03 11:34:00,BEAM,23.5,23.5,23.500099182128906,23.5,23.500099182128906,1159.0
2024-07-03 11:34:00,BEAT,2.770400047302246,2.770400047302246,2.770400047302246,2.770400047302246,2.770400047302246,501.0
2024-07-03 11:34:00,BGNE,147.4499969482422,147.4499969482422,147.4499969482422,147.4499969482422,147.4499969482422,247.0
2024-07-03 11:34:00,BIIB,223.5399932861328,223.5399932861328,223.5449981689453,223.4875946044922,223.4875946044922,842.0
2024-07-03 11:34:00,BIMI,1.2899999618530273,1.2899999618530273,1.2899999618530273,1.2899999618530273,1.2899999618530273,334.0
2024-07-03 11:34:00,BIOR,0.6262999773025513,0.6262999773025513,0.6262999773025513,0.6262999773025513,0.6262999773025513,2980.0
2024-07-03 11:34:00,BJDX,0.6341000199317932,0.6341000199317932,0.6341000199317932,0.6306999921798706,0.6306999921798706,1610.0
2024-07-03 11:34:00,BLRX,0.5296000242233276,0.5296000242233276,0.529699981212616,0.5210000276565552,0.529699981212616,7592.0
2024-07-03 11:34:00,BLUE,0.9222999811172485,0.9222999811172485,0.9244999885559082,0.9222999811172485,0.9240999817848206,20515.0
2024-07-03 11:34:00,BMEA,4.400000095367432,4.400000095367432,4.400000095367432,4.400000095367432,4.400000095367432,1073.0
2024-07-03 11:34:00,BMRA,0.44999998807907104,0.44999998807907104,0.44999998807907104,0.44999998807907104,0.44999998807907104,2000.0
2024-07-03 11:34:00,BMRN,81.03500366210938,81.03500366210938,81.03500366210938,81.03500366210938,81.03500366210938,116.0
2024-07-03 11:34:00,BNTX,79.87999725341797,79.87999725341797,79.87999725341797,79.84500122070312,79.84500122070312,1657.0
2024-07-03 11:34:00,BPMC,110.95999908447266,110.95999908447266,110.97000122070312,110.86000061035156,110.86000061035156,1671.0
2024-07-03 11:34:00,BRKR,61.58000183105469,61.58000183105469,61.58000183105469,61.58000183105469,61.58000183105469,280.0
2024-07-03 11:34:00,BTAI,1.0800000429153442,1.0800000429153442,1.0950000286102295,1.0800000429153442,1.0950000286102295,19170.0
2024-07-03 11:34:00,BTMD,7.449999809265137,7.449999809265137,7.449999809265137,7.449999809265137,7.449999809265137,1542.0
2024-07-03 11:34:00,BYSI,2.5999999046325684,2.5999999046325684,2.5999999046325684,2.5799999237060547,2.5799999237060547,602.0
2024-07-03 11:34:00,CABA,7.570000171661377,7.570000171661377,7.570000171661377,7.559999942779541,7.559999942779541,2906.0
2024-07-03 11:34:00,CCCC,4.599999904632568,4.599999904632568,4.610000133514404,4.591100215911865,4.605000019073486,3082.0
2024-07-03 11:34:00,CDMO,7.679999828338623,7.679999828338623,7.679999828338623,7.679999828338623,7.679999828338623,1497.0
2024-07-03 11:34:00,CDNA,15.197199821472168,15.197199821472168,15.197199821472168,15.197199821472168,15.197199821472168,1339.0
2024-07-03 11:34:00,CELC,16.235000610351562,16.235000610351562,16.239999771118164,16.229999542236328,16.239999771118164,1086.0
2024-07-03 11:34:00,CERE,39.45280075073242,39.45280075073242,39.63759994506836,39.439998626708984,39.6349983215332,96872.0
2024-07-03 11:34:00,CERS,1.715000033378601,1.715000033378601,1.715000033378601,1.7100000381469727,1.7100000381469727,1719.0
2024-07-03 11:34:00,CGC,6.510000228881836,6.510000228881836,6.519999980926514,6.505000114440918,6.510000228881836,4363.0
2024-07-03 11:34:00,CGEM,16.84000015258789,16.84000015258789,16.84000015258789,16.84000015258789,16.84000015258789,180.0
2024-07-03 11:34:00,CGEN,1.6598999500274658,1.6598999500274658,1.6598999500274658,1.6598999500274658,1.6598999500274658,935.0
2024-07-03 11:34:00,CGTX,1.8049999475479126,1.8049999475479126,1.8049999475479126,1.8049999475479126,1.8049999475479126,700.0
2024-07-03 11:34:00,CKPT,2.20989990234375,2.20989990234375,2.20989990234375,2.20989990234375,2.20989990234375,755.0
2024-07-03 11:34:00,CLDX,36.13999938964844,36.13999938964844,36.13999938964844,36.13999938964844,36.13999938964844,234.0
2024-07-03 11:34:00,CLRB,2.4100000858306885,2.4100000858306885,2.4100000858306885,2.4100000858306885,2.4100000858306885,206.0
2024-07-03 11:34:00,CMAX,2.190000057220459,2.190000057220459,2.190000057220459,2.190000057220459,2.190000057220459,1.0
2024-07-03 11:34:00,CMPX,0.8489999771118164,0.8489999771118164,0.8489999771118164,0.8489999771118164,0.8489999771118164,920.0
2024-07-03 11:34:00,CNSP,1.6598000526428223,1.6598000526428223,1.75,1.649999976158142,1.7200000286102295,337937.0
2024-07-03 11:34:00,COGT,8.539999961853027,8.539999961853027,8.539999961853027,8.510000228881836,8.520000457763672,1925.0
2024-07-03 11:34:00,COLL,32.22999954223633,32.22999954223633,32.2599983215332,32.22999954223633,32.2599983215332,403.0
2024-07-03 11:34:00,CORT,30.309999465942383,30.309999465942383,30.354999542236328,30.309999465942383,30.354999542236328,2527.0
2024-07-03 11:34:00,COSM,0.9300000071525574,0.9300000071525574,0.9300000071525574,0.9300000071525574,0.9300000071525574,168.0
2024-07-03 11:34:00,CPRX,15.460000038146973,15.460000038146973,15.460000038146973,15.449999809265137,15.449999809265137,1756.0
2024-07-03 11:34:00,CRBP,49.75,49.75,49.75,49.75,49.75,950.0
2024-07-03 11:34:00,CRBU,1.5700000524520874,1.5700000524520874,1.5850000381469727,1.5700000524520874,1.5850000381469727,17311.0
2024-07-03 11:34:00,CRDF,2.234999895095825,2.234999895095825,2.234999895095825,2.234999895095825,2.234999895095825,1207.0
2024-07-03 11:34:00,CRDL,1.9177000522613525,1.9177000522613525,1.9177000522613525,1.9177000522613525,1.9177000522613525,2362.0
2024-07-03 11:34:00,CRMD,4.135000228881836,4.135000228881836,4.135000228881836,4.135000228881836,4.135000228881836,160.0
2024-07-03 11:34:00,CRSP,53.709999084472656,53.709999084472656,53.72999954223633,53.68000030517578,53.70000076293945,2738.0
2024-07-03 11:34:00,CSTL,21.1200008392334,21.1200008392334,21.170000076293945,21.1200008392334,21.170000076293945,4860.0
2024-07-03 11:34:00,CTKB,5.610000133514404,5.610000133514404,5.610000133514404,5.599999904632568,5.599999904632568,3955.0
2024-07-03 11:34:00,CTMX,1.315000057220459,1.315000057220459,1.315000057220459,1.315000057220459,1.315000057220459,157.0
2024-07-03 11:34:00,CTXR,0.49459999799728394,0.49459999799728394,0.4950000047683716,0.490200012922287,0.4950000047683716,1187.0
2024-07-03 11:34:00,CUE,0.9878000020980835,0.9878000020980835,0.9878000020980835,0.9878000020980835,0.9878000020980835,400.0
2024-07-03 11:34:00,CUTR,1.315000057220459,1.315000057220459,1.315000057220459,1.315000057220459,1.315000057220459,595.0
2024-07-03 11:34:00,CVAC,3.319999933242798,3.319999933242798,3.3299999237060547,3.319999933242798,3.3287999629974365,8900.0
2024-07-03 11:34:00,CYTK,54.61000061035156,54.61000061035156,54.63999938964844,54.599998474121094,54.6150016784668,1517.0
2024-07-03 11:34:00,DAWN,13.329999923706055,13.329999923706055,13.329999923706055,13.329999923706055,13.329999923706055,0.0
2024-07-03 11:34:00,DNLI,21.3799991607666,21.3799991607666,21.389999389648438,21.3799991607666,21.389999389648438,1482.0
2024-07-03 11:34:00,DSGN,3.25,3.25,3.25,3.25,3.25,517.0
2024-07-03 11:34:00,DVAX,11.085000038146973,11.085000038146973,11.085000038146973,11.085000038146973,11.085000038146973,1277.0
2024-07-03 11:34:00,DXCM,110.73999786376953,110.73999786376953,110.83499908447266,110.73999786376953,110.83499908447266,4537.0
2024-07-03 11:34:00,DYN,34.22999954223633,34.22999954223633,34.2400016784668,34.22999954223633,34.2400016784668,787.0
2024-07-03 11:34:00,EDIT,4.650000095367432,4.650000095367432,4.65880012512207,4.650000095367432,4.65880012512207,6425.0
2024-07-03 11:34:00,ELEV,2.6500000953674316,2.6500000953674316,2.6549999713897705,2.6500000953674316,2.6549999713897705,846.0
2024-07-03 11:34:00,ENSG,126.36000061035156,126.36000061035156,126.36000061035156,126.33999633789062,126.33999633789062,1697.0
2024-07-03 11:34:00,ERAS,2.25,2.25,2.25,2.25,2.25,866.0
2024-07-03 11:34:00,ESPR,2.3499999046325684,2.3499999046325684,2.3499999046325684,2.3499999046325684,2.3499999046325684,2202.0
2024-07-03 11:34:00,ETNB,7.480000019073486,7.480000019073486,7.480000019073486,7.480000019073486,7.480000019073486,1299.0
2024-07-03 11:34:00,EVO,5.119999885559082,5.119999885559082,5.119999885559082,5.099999904632568,5.099999904632568,1901.0
2024-07-03 11:34:00,EXAI,5.429999828338623,5.429999828338623,5.429999828338623,5.420000076293945,5.420000076293945,1969.0
2024-07-03 11:34:00,EXAS,43.15999984741211,43.15999984741211,43.15999984741211,43.119998931884766,43.130001068115234,2829.0
2024-07-03 11:34:00,EXEL,22.0,22.0,22.0,22.0,22.0,225.0
2024-07-03 11:34:00,EYEN,0.7829999923706055,0.7829999923706055,0.7829999923706055,0.7742000222206116,0.7742000222206116,4872.0
2024-07-03 11:34:00,FATE,3.1600000858306885,3.1600000858306885,3.1600000858306885,3.1600000858306885,3.1600000858306885,352.0
2024-07-03 11:34:00,FBIO,1.784999966621399,1.784999966621399,1.7899999618530273,1.784999966621399,1.7899999618530273,206.0
2024-07-03 11:34:00,FGEN,0.7056000232696533,0.7056000232696533,0.7098000049591064,0.7056000232696533,0.7056000232696533,4328.0
2024-07-03 11:34:00,FOLD,9.885000228881836,9.885000228881836,9.885000228881836,9.885000228881836,9.885000228881836,244.0
2024-07-03 11:34:00,FULC,6.150000095367432,6.150000095367432,6.159999847412109,6.150000095367432,6.150000095367432,3227.0
2024-07-03 11:34:00,GALT,2.1500000953674316,2.1500000953674316,2.1500000953674316,2.1500000953674316,2.1500000953674316,104.0
2024-07-03 11:34:00,GBIO,2.4200000762939453,2.4200000762939453,2.4200000762939453,2.4200000762939453,2.4200000762939453,200.0
2024-07-03 11:34:00,GDRX,7.809999942779541,7.809999942779541,7.809999942779541,7.809999942779541,7.809999942779541,554.0
2024-07-03 11:34:00,GERN,4.300099849700928,4.300099849700928,4.304999828338623,4.300099849700928,4.304999828338623,2078.0
2024-07-03 11:34:00,GH,28.299999237060547,28.299999237060547,28.299999237060547,28.299999237060547,28.299999237060547,681.0
2024-07-03 11:34:00,GILD,67.18000030517578,67.18000030517578,67.18000030517578,67.1500015258789,67.1500015258789,9747.0
2024-07-03 11:34:00,GLYC,0.2709999978542328,0.2709999978542328,0.2711000144481659,0.2709999978542328,0.2711000144481659,2320.0
2024-07-03 11:34:00,GMAB,25.15019989013672,25.15019989013672,25.15019989013672,25.15019989013672,25.15019989013672,2937.0
2024-07-03 11:34:00,GOSS,0.9473000168800354,0.9473000168800354,0.949999988079071,0.9472000002861023,0.9472000002861023,788.0
2024-07-03 11:34:00,GOVX,3.009999990463257,3.009999990463257,3.015199899673462,3.009999990463257,3.015199899673462,1021.0
2024-07-03 11:34:00,GRFS,6.670000076293945,6.670000076293945,6.670000076293945,6.670000076293945,6.670000076293945,595.0
2024-07-03 11:34:00,HALO,51.970001220703125,51.970001220703125,51.970001220703125,51.970001220703125,51.970001220703125,194.0
2024-07-03 11:34:00,HBIO,2.7799999713897705,2.7799999713897705,2.7799999713897705,2.7799999713897705,2.7799999713897705,1446.0
2024-07-03 11:34:00,HITI,2.102299928665161,2.102299928665161,2.102299928665161,2.102299928665161,2.102299928665161,244.0
2024-07-03 11:34:00,HOLX,73.16999816894531,73.16999816894531,73.22000122070312,73.16999816894531,73.22000122070312,1929.0
2024-07-03 11:34:00,HOWL,2.052500009536743,2.052500009536743,2.052500009536743,2.052500009536743,2.052500009536743,962.0
2024-07-03 11:34:00,HQY,83.16000366210938,83.16000366210938,83.16000366210938,83.16000366210938,83.16000366210938,533.0
2024-07-03 11:34:00,HRMY,30.219999313354492,30.219999313354492,30.256000518798828,30.219999313354492,30.219999313354492,628.0
2024-07-03 11:34:00,HRTX,2.759999990463257,2.759999990463257,2.7600998878479004,2.759999990463257,2.759999990463257,1312.0
2024-07-03 11:34:00,HSIC,64.9000015258789,64.9000015258789,64.91899871826172,64.87999725341797,64.91899871826172,715.0
2024-07-03 11:34:00,HUMA,5.690000057220459,5.690000057220459,5.695000171661377,5.670000076293945,5.670000076293945,4492.0
2024-07-03 11:34:00,IART,28.690000534057617,28.690000534057617,28.709999084472656,28.690000534057617,28.690000534057617,9280.0
2024-07-03 11:34:00,IDXX,476.0150146484375,476.0150146484375,476.0150146484375,476.0150146484375,476.0150146484375,404.0
2024-07-03 11:34:00,IDYA,33.540000915527344,33.540000915527344,33.540000915527344,33.53499984741211,33.53499984741211,228.0
2024-07-03 11:34:00,IFRX,1.6394000053405762,1.6394000053405762,1.639799952507019,1.6394000053405762,1.639799952507019,5490.0
2024-07-03 11:34:00,IKNA,1.649999976158142,1.649999976158142,1.649999976158142,1.649999976158142,1.649999976158142,640.0
2024-07-03 11:34:00,ILMN,105.31999969482422,105.31999969482422,105.31999969482422,105.22000122070312,105.28500366210938,2003.0
2024-07-03 11:34:00,IMMX,2.3673999309539795,2.3673999309539795,2.3673999309539795,2.3673999309539795,2.3673999309539795,284.0
2024-07-03 11:34:00,IMNM,12.050000190734863,12.050000190734863,12.069999694824219,12.045000076293945,12.045000076293945,6013.0
2024-07-03 11:34:00,IMRX,1.1349999904632568,1.1349999904632568,1.1349999904632568,1.1349999904632568,1.1349999904632568,29.0
2024-07-03 11:34:00,IMVT,26.190000534057617,26.190000534057617,26.190000534057617,26.18000030517578,26.18000030517578,1671.0
2024-07-03 11:34:00,INBX,13.220000267028809,13.220000267028809,13.220000267028809,13.220000267028809,13.220000267028809,392.0
2024-07-03 11:34:00,INCY,57.959999084472656,57.959999084472656,57.96500015258789,57.95000076293945,57.95000076293945,1903.0
2024-07-03 11:34:00,INKT,0.9079999923706055,0.9079999923706055,0.9079999923706055,0.9079999923706055,0.9079999923706055,601.0
2024-07-03 11:34:00,INSM,61.880001068115234,61.880001068115234,61.92300033569336,61.880001068115234,61.92300033569336,1206.0
2024-07-03 11:34:00,INVA,16.260000228881836,16.260000228881836,16.260000228881836,16.260000228881836,16.260000228881836,400.0
2024-07-03 11:34:00,IOBT,1.159999966621399,1.159999966621399,1.159999966621399,1.159999966621399,1.159999966621399,2348.0
2024-07-03 11:34:00,IONS,44.77000045776367,44.77000045776367,44.77000045776367,44.77000045776367,44.77000045776367,747.0
2024-07-03 11:34:00,IOVA,7.50029993057251,7.50029993057251,7.5447998046875,7.5,7.5447998046875,99426.0
2024-07-03 11:34:00,IRWD,6.135000228881836,6.135000228881836,6.144999980926514,6.135000228881836,6.144999980926514,2546.0
2024-07-03 11:34:00,ISPC,0.2761000096797943,0.2761000096797943,0.2761000096797943,0.2750000059604645,0.2750000059604645,5102.0
2024-07-03 11:34:00,ISRG,434.760009765625,434.760009765625,434.760009765625,434.54998779296875,434.54998779296875,2394.0
2024-07-03 11:34:00,JANX,37.84000015258789,37.84000015258789,37.86000061035156,37.84000015258789,37.84000015258789,342.0
2024-07-03 11:34:00,JAZZ,103.91999816894531,103.91999816894531,103.91999816894531,103.91999816894531,103.91999816894531,219.0
2024-07-03 11:34:00,JSPR,23.18000030517578,23.18000030517578,23.18000030517578,23.18000030517578,23.18000030517578,544.0
2024-07-03 11:34:00,KALA,6.691999912261963,6.691999912261963,6.691999912261963,6.691999912261963,6.691999912261963,558.0
2024-07-03 11:34:00,KMDA,5.170000076293945,5.170000076293945,5.170000076293945,5.170000076293945,5.170000076293945,53.0
2024-07-03 11:34:00,KNSA,18.940000534057617,18.940000534057617,18.950000762939453,18.940000534057617,18.940000534057617,1899.0
2024-07-03 11:34:00,KPTI,0.8432999849319458,0.8432999849319458,0.8432999849319458,0.8432999849319458,0.8432999849319458,736.0
2024-07-03 11:34:00,KRYS,176.67999267578125,176.67999267578125,176.67999267578125,176.67999267578125,176.67999267578125,550.0
2024-07-03 11:34:00,KTRA,0.29030001163482666,0.29030001163482666,0.2930000126361847,0.29030001163482666,0.29120001196861267,90624.0
2024-07-03 11:34:00,KYMR,30.135000228881836,30.135000228881836,30.15999984741211,30.135000228881836,30.15999984741211,780.0
2024-07-03 11:34:00,KZR,0.5769000053405762,0.5769000053405762,0.5769000053405762,0.5769000053405762,0.5769000053405762,557.0
2024-07-03 11:34:00,LAB,1.7999999523162842,1.7999999523162842,1.7999999523162842,1.7899999618530273,1.7949999570846558,846.0
2024-07-03 11:34:00,LBPH,32.0099983215332,32.0099983215332,32.0099983215332,32.0,32.0,1556.0
2024-07-03 11:34:00,LFST,5.09499979019165,5.09499979019165,5.09499979019165,5.09499979019165,5.09499979019165,209.0
2024-07-03 11:34:00,LGND,82.7249984741211,82.7249984741211,82.7249984741211,82.7249984741211,82.7249984741211,225.0
2024-07-03 11:34:00,LGVN,1.5999000072479248,1.5999000072479248,1.5999000072479248,1.5950000286102295,1.5999000072479248,6672.0
2024-07-03 11:34:00,LIVN,52.755001068115234,52.755001068115234,52.755001068115234,52.755001068115234,52.755001068115234,334.0
2024-07-03 11:34:00,LNTH,79.4000015258789,79.4000015258789,79.4000015258789,79.4000015258789,79.4000015258789,421.0
2024-07-03 11:34:00,LPTX,1.7800999879837036,1.7800999879837036,1.7800999879837036,1.7800999879837036,1.7800999879837036,300.0
2024-07-03 11:34:00,LQDA,11.875,11.875,11.875,11.875,11.875,1482.0
2024-07-03 11:34:00,LXRX,1.590000033378601,1.590000033378601,1.5950000286102295,1.590000033378601,1.590000033378601,8804.0
2024-07-03 11:34:00,LYEL,1.5095000267028809,1.5095000267028809,1.5095000267028809,1.5049999952316284,1.5049999952316284,642.0
2024-07-03 11:34:00,LYRA,0.2872999906539917,0.2872999906539917,0.2872999906539917,0.2872999906539917,0.2872999906539917,209.0
2024-07-03 11:34:00,MASI,115.19999694824219,115.19999694824219,115.19999694824219,115.19999694824219,115.19999694824219,1031.0
2024-07-03 11:34:00,MCRB,0.7161999940872192,0.7161999940872192,0.7163000106811523,0.715499997138977,0.7161999940872192,12383.0
2024-07-03 11:34:00,ME,0.40369999408721924,0.40369999408721924,0.40380001068115234,0.4034999907016754,0.4034999907016754,26863.0
2024-07-03 11:34:00,MGNX,4.204999923706055,4.204999923706055,4.204999923706055,4.204999923706055,4.204999923706055,371.0
2024-07-03 11:34:00,MGTX,4.0,4.0,4.0,4.0,4.0,663.0
2024-07-03 11:34:00,MIRM,33.77000045776367,33.77000045776367,33.82500076293945,33.77000045776367,33.82500076293945,1305.0
2024-07-03 11:34:00,MMSI,85.88999938964844,85.88999938964844,85.88999938964844,85.88999938964844,85.88999938964844,1096.0
2024-07-03 11:34:00,MNKD,5.039999961853027,5.039999961853027,5.039999961853027,5.039999961853027,5.039999961853027,4093.0
2024-07-03 11:34:00,MOR,18.200000762939453,18.200000762939453,18.200000762939453,18.200000762939453,18.200000762939453,943.0
2024-07-03 11:34:00,MRNA,115.37999725341797,115.37999725341797,115.52999877929688,115.30049896240234,115.45500183105469,7218.0
2024-07-03 11:34:00,MRNS,1.2050000429153442,1.2050000429153442,1.2050000429153442,1.2050000429153442,1.2050000429153442,123.0
2024-07-03 11:34:00,MRSN,1.850000023841858,1.850000023841858,1.850000023841858,1.850000023841858,1.850000023841858,529.0
2024-07-03 11:34:00,MRUS,52.529998779296875,52.529998779296875,52.540000915527344,52.529998779296875,52.540000915527344,1091.0
2024-07-03 11:34:00,MRVI,6.804999828338623,6.804999828338623,6.804999828338623,6.795000076293945,6.795000076293945,1860.0
2024-07-03 11:34:00,MXCT,3.680000066757202,3.680000066757202,3.680000066757202,3.680000066757202,3.680000066757202,236.0
2024-07-03 11:34:00,MYGN,24.989999771118164,24.989999771118164,24.989999771118164,24.989999771118164,24.989999771118164,874.0
2024-07-03 11:34:00,NARI,49.560001373291016,49.560001373291016,49.560001373291016,49.54499816894531,49.54499816894531,467.0
2024-07-03 11:34:00,NBIX,138.82000732421875,138.82000732421875,138.82000732421875,138.74000549316406,138.74000549316406,899.0
2024-07-03 11:34:00,NCNA,2.82450008392334,2.82450008392334,2.82450008392334,2.82450008392334,2.82450008392334,950.0
2024-07-03 11:34:00,NDRA,0.09489999711513519,0.09489999711513519,0.0957999974489212,0.09399999678134918,0.0957999974489212,31292.0
2024-07-03 11:34:00,NEO,13.710000038146973,13.710000038146973,13.710000038146973,13.699999809265137,13.699999809265137,1683.0
2024-07-03 11:34:00,NEOG,15.170000076293945,15.170000076293945,15.1899995803833,15.170000076293945,15.1899995803833,2201.0
2024-07-03 11:34:00,NKTR,1.2400000095367432,1.2400000095367432,1.2400000095367432,1.2400000095367432,1.2400000095367432,174.0
2024-07-03 11:34:00,NKTX,5.349999904632568,5.349999904632568,5.349999904632568,5.349999904632568,5.349999904632568,214.0
2024-07-03 11:34:00,NLSP,0.20000000298023224,0.20000000298023224,0.20000000298023224,0.20000000298023224,0.20000000298023224,29900.0
2024-07-03 11:34:00,NNOX,6.957300186157227,6.957300186157227,6.960000038146973,6.957300186157227,6.960000038146973,632.0
2024-07-03 11:34:00,NRC,22.934999465942383,22.934999465942383,22.934999465942383,22.934999465942383,22.934999465942383,665.0
2024-07-03 11:34:00,NRIX,19.579999923706055,19.579999923706055,19.579999923706055,19.559999465942383,19.579999923706055,867.0
2024-07-03 11:34:00,NTLA,22.579999923706055,22.579999923706055,22.610000610351562,22.579999923706055,22.610000610351562,1730.0
2024-07-03 11:34:00,NTRA,111.29000091552734,111.29000091552734,111.29000091552734,111.19000244140625,111.19999694824219,1466.0
2024-07-03 11:34:00,NVAX,12.59000015258789,12.59000015258789,12.609999656677246,12.579999923706055,12.59000015258789,10568.0
2024-07-03 11:34:00,NVCR,16.65049934387207,16.65049934387207,16.66900062561035,16.65049934387207,16.66900062561035,383.0
2024-07-03 11:34:00,NVCT,6.255000114440918,6.255000114440918,6.255000114440918,6.255000114440918,6.255000114440918,115.0
2024-07-03 11:34:00,NXL,1.3799999952316284,1.3799999952316284,1.3799999952316284,1.3799999952316284,1.3799999952316284,1416.0
2024-07-03 11:34:00,OCGN,1.6150000095367432,1.6150000095367432,1.6200000047683716,1.6150000095367432,1.6200000047683716,7241.0
2024-07-03 11:34:00,OCUL,6.675000190734863,6.675000190734863,6.675000190734863,6.675000190734863,6.675000190734863,455.0
2024-07-03 11:34:00,OCUP,1.5750000476837158,1.5750000476837158,1.5750000476837158,1.5750000476837158,1.5750000476837158,238.0
2024-07-03 11:34:00,OGI,1.5750000476837158,1.5750000476837158,1.5750000476837158,1.5700000524520874,1.5700000524520874,0.0
2024-07-03 11:34:00,OLK,25.75,25.75,25.75,25.75,25.75,100.0
2024-07-03 11:34:00,OM,3.875,3.875,3.875,3.869999885559082,3.875,2395.0
2024-07-03 11:35:00,ABCL,2.7249999046325684,2.7249999046325684,2.740000009536743,2.7200000286102295,2.740000009536743,17158.0
2024-07-03 11:35:00,ABEO,4.28000020980835,4.28000020980835,4.28000020980835,4.28000020980835,4.28000020980835,2732.0
2024-07-03 11:35:00,ABSI,3.200000047683716,3.200000047683716,3.2100000381469727,3.190000057220459,3.200000047683716,23330.0
2024-07-03 11:35:00,ACAD,15.59000015258789,15.59000015258789,15.59000015258789,15.59000015258789,15.59000015258789,424.0
2024-07-03 11:35:00,ACB,4.869999885559082,4.869999885559082,4.869999885559082,4.860099792480469,4.869999885559082,13254.0
2024-07-03 11:35:00,ACCD,3.5399999618530273,3.5399999618530273,3.5450000762939453,3.5399999618530273,3.5450000762939453,1898.0
2024-07-03 11:35:00,ACET,1.059999942779541,1.059999942779541,1.065000057220459,1.059999942779541,1.065000057220459,1154.0
2024-07-03 11:35:00,ACHC,66.51499938964844,66.51499938964844,66.51499938964844,66.4800033569336,66.4800033569336,546.0
2024-07-03 11:35:00,ACRS,1.149999976158142,1.149999976158142,1.149999976158142,1.149999976158142,1.149999976158142,205.0
2024-07-03 11:35:00,ADAP,1.0099999904632568,1.0099999904632568,1.0099999904632568,1.0,1.0097999572753906,20400.0
2024-07-03 11:35:00,ADMA,11.265000343322754,11.265000343322754,11.265000343322754,11.255000114440918,11.260000228881836,9654.0
2024-07-03 11:35:00,ADPT,3.360100030899048,3.360100030899048,3.369999885559082,3.360100030899048,3.369999885559082,3596.0
2024-07-03 11:35:00,ADVM,7.039999961853027,7.039999961853027,7.039999961853027,7.039999961853027,7.039999961853027,135.0
2024-07-03 11:35:00,AGEN,14.369999885559082,14.369999885559082,14.369999885559082,14.369999885559082,14.369999885559082,1149.0
2024-07-03 11:35:00,AIRS,3.953200101852417,3.953200101852417,3.953200101852417,3.953200101852417,3.953200101852417,129.0
2024-07-03 11:35:00,AKAN,2.2300000190734863,2.2300000190734863,2.2300000190734863,2.2300000190734863,2.2300000190734863,555.0
2024-07-03 11:35:00,AKBA,0.9495999813079834,0.9495999813079834,0.9495999813079834,0.9495999813079834,0.9495999813079834,163.0
2024-07-03 11:35:00,ALEC,4.440000057220459,4.440000057220459,4.440000057220459,4.429999828338623,4.429999828338623,200.0
2024-07-03 11:35:00,ALGN,240.2550048828125,240.2550048828125,240.52000427246094,240.2449951171875,240.32000732421875,2622.0
2024-07-03 11:35:00,ALGS,0.42260000109672546,0.42260000109672546,0.42260000109672546,0.42260000109672546,0.42260000109672546,2000.0
2024-07-03 11:35:00,ALHC,7.965000152587891,7.965000152587891,7.965000152587891,7.965000152587891,7.965000152587891,634.0
2024-07-03 11:35:00,ALIM,5.525000095367432,5.525000095367432,5.525000095367432,5.525000095367432,5.525000095367432,1295.0
2024-07-03 11:35:00,ALKS,24.2450008392334,24.2450008392334,24.2450008392334,24.2450008392334,24.2450008392334,125.0
2024-07-03 11:35:00,ALLK,0.8251000046730042,0.8251000046730042,0.8251000046730042,0.8251000046730042,0.8251000046730042,200.0
2024-07-03 11:35:00,ALLO,2.115000009536743,2.115000009536743,2.125,2.115000009536743,2.125,13877.0
2024-07-03 11:35:00,ALLR,0.20170000195503235,0.20170000195503235,0.2029999941587448,0.20170000195503235,0.2029999941587448,7300.0
2024-07-03 11:35:00,ALNY,246.89500427246094,246.89500427246094,246.97000122070312,246.89500427246094,246.97000122070312,782.0
2024-07-03 11:35:00,ALT,6.659999847412109,6.659999847412109,6.664999961853027,6.650000095367432,6.664999961853027,18238.0
2024-07-03 11:35:00,ALVR,0.7366999983787537,0.7366999983787537,0.7366999983787537,0.7366999983787537,0.7366999983787537,104.0
2024-07-03 11:35:00,ALXO,5.869999885559082,5.869999885559082,5.869999885559082,5.840000152587891,5.840000152587891,6702.0
2024-07-03 11:35:00,AMED,97.0,97.0,97.0,96.9800033569336,96.9800033569336,2393.0
2024-07-03 11:35:00,AMGN,307.7025146484375,307.7025146484375,307.7200012207031,307.67498779296875,307.67498779296875,894.0
2024-07-03 11:35:00,AMLX,1.7549999952316284,1.7549999952316284,1.7599999904632568,1.75,1.7599999904632568,2639.0
2024-07-03 11:35:00,AMRN,0.6949999928474426,0.6949999928474426,0.6949999928474426,0.6949999928474426,0.6949999928474426,1310.0
2024-07-03 11:35:00,ANAB,24.860000610351562,24.860000610351562,24.860000610351562,24.860000610351562,24.860000610351562,200.0
2024-07-03 11:35:00,ANGO,5.650000095367432,5.650000095367432,5.650000095367432,5.650000095367432,5.650000095367432,569.0
2024-07-03 11:35:00,ANIP,61.220001220703125,61.220001220703125,61.220001220703125,61.220001220703125,61.220001220703125,409.0
2024-07-03 11:35:00,ANNX,4.815000057220459,4.815000057220459,4.820000171661377,4.815000057220459,4.820000171661377,864.0
2024-07-03 11:35:00,ANTX,2.490000009536743,2.490000009536743,2.490000009536743,2.490000009536743,2.490000009536743,183.0
2024-07-03 11:35:00,APDN,0.3873000144958496,0.3873000144958496,0.3873000144958496,0.38370001316070557,0.38370001316070557,10841.0
2024-07-03 11:35:00,APLS,35.560001373291016,35.560001373291016,35.560001373291016,35.560001373291016,35.560001373291016,507.0
2024-07-03 11:35:00,APLT,4.349999904632568,4.349999904632568,4.349999904632568,4.340000152587891,4.349999904632568,2862.0
2024-07-03 11:35:00,AQST,2.4049999713897705,2.4049999713897705,2.4049999713897705,2.4049999713897705,2.4049999713897705,589.0
2024-07-03 11:35:00,ARAY,1.7400000095367432,1.7400000095367432,1.7400000095367432,1.7400000095367432,1.7400000095367432,439.0
2024-07-03 11:35:00,ARCT,21.489999771118164,21.489999771118164,21.489999771118164,21.454999923706055,21.469999313354492,1646.0
2024-07-03 11:35:00,ARDX,5.25,5.25,5.25,5.235000133514404,5.239999771118164,16546.0
2024-07-03 11:35:00,ARGX,435.67999267578125,435.67999267578125,435.75,435.67999267578125,435.75,1901.0
2024-07-03 11:35:00,ARQT,9.654999732971191,9.654999732971191,9.654999732971191,9.635000228881836,9.651200294494629,6697.0
2024-07-03 11:35:00,ARVN,24.040000915527344,24.040000915527344,24.05500030517578,24.020000457763672,24.030000686645508,1646.0
2024-07-03 11:35:00,ARWR,25.399999618530273,25.399999618530273,25.399999618530273,25.3799991607666,25.3799991607666,1095.0
2024-07-03 11:35:00,ATEC,9.984999656677246,9.984999656677246,9.984999656677246,9.984999656677246,9.984999656677246,636.0
2024-07-03 11:35:00,ATOS,1.159999966621399,1.159999966621399,1.159999966621399,1.159999966621399,1.159999966621399,1552.0
2024-07-03 11:35:00,ATRC,22.280000686645508,22.280000686645508,22.290000915527344,22.25,22.280000686645508,2950.0
2024-07-03 11:35:00,ATXS,9.020000457763672,9.020000457763672,9.020000457763672,9.020000457763672,9.020000457763672,1188.0
2024-07-03 11:35:00,AUGX,1.0,1.0,1.0,1.0,1.0,503.0
2024-07-03 11:35:00,AUPH,5.460000038146973,5.460000038146973,5.460000038146973,5.460000038146973,5.460000038146973,1695.0
2024-07-03 11:35:00,AURA,6.989999771118164,6.989999771118164,6.989999771118164,6.96999979019165,6.989999771118164,626.0
2024-07-03 11:35:00,AVIR,3.2850000858306885,3.2850000858306885,3.2850000858306885,3.2850000858306885,3.2850000858306885,549.0
2024-07-03 11:35:00,AVTE,1.6299999952316284,1.6299999952316284,1.6349999904632568,1.6299999952316284,1.6349999904632568,3631.0
2024-07-03 11:35:00,AXGN,7.400000095367432,7.400000095367432,7.400000095367432,7.360000133514404,7.360000133514404,2547.0
2024-07-03 11:35:00,AZN,76.75499725341797,76.75499725341797,76.76499938964844,76.75499725341797,76.76499938964844,3516.0
2024-07-03 11:35:00,AZTA,52.5,52.5,52.5,52.5,52.5,889.0
2024-07-03 11:35:00,BBIO,25.329999923706055,25.329999923706055,25.329999923706055,25.309999465942383,25.319000244140625,2699.0
2024-07-03 11:35:00,BCAB,1.3799999952316284,1.3799999952316284,1.3899999856948853,1.375,1.3799999952316284,12646.0
2024-07-03 11:35:00,BCRX,6.454999923706055,6.454999923706055,6.454999923706055,6.449999809265137,6.449999809265137,724.0
2024-07-03 11:35:00,BDTX,4.360000133514404,4.360000133514404,4.375,4.360000133514404,4.369999885559082,3091.0
2024-07-03 11:35:00,BEAM,23.56999969482422,23.56999969482422,23.56999969482422,23.459999084472656,23.459999084472656,1786.0
2024-07-03 11:35:00,BGNE,147.77499389648438,147.77499389648438,147.77499389648438,147.22000122070312,147.22000122070312,1138.0
2024-07-03 11:35:00,BGXX,0.2669000029563904,0.2669000029563904,0.2687999904155731,0.2669000029563904,0.2687000036239624,2854.0
2024-07-03 11:35:00,BIAF,2.180000066757202,2.180000066757202,2.190000057220459,2.180000066757202,2.180000066757202,1454.0
2024-07-03 11:35:00,BIIB,223.51499938964844,223.51499938964844,223.51499938964844,223.51499938964844,223.51499938964844,180.0
2024-07-03 11:35:00,BIVI,0.4172999858856201,0.4172999858856201,0.4172999858856201,0.4172999858856201,0.4172999858856201,1796.0
2024-07-03 11:35:00,BJDX,0.6349999904632568,0.6349999904632568,0.6349999904632568,0.6349999904632568,0.6349999904632568,2501.0
2024-07-03 11:35:00,BLFS,19.739999771118164,19.739999771118164,19.75,19.739999771118164,19.75,1824.0
2024-07-03 11:35:00,BLRX,0.5210000276565552,0.5210000276565552,0.529699981212616,0.5210000276565552,0.529699981212616,2059.0
2024-07-03 11:35:00,BLUE,0.9254999756813049,0.9254999756813049,0.9254999756813049,0.9222999811172485,0.9244999885559082,25731.0
2024-07-03 11:35:00,BMEA,4.389999866485596,4.389999866485596,4.400000095367432,4.389999866485596,4.400000095367432,7389.0
2024-07-03 11:35:00,BMRN,81.01000213623047,81.01000213623047,81.03500366210938,80.98500061035156,81.03500366210938,1509.0
2024-07-03 11:35:00,BNGO,0.5579000115394592,0.5579000115394592,0.5579000115394592,0.5579000115394592,0.5579000115394592,2103.0
2024-07-03 11:35:00,BNTX,79.94999694824219,79.94999694824219,79.94999694824219,79.92500305175781,79.92500305175781,883.0
2024-07-03 11:35:00,BPMC,110.88500213623047,110.88500213623047,110.88500213623047,110.8324966430664,110.8499984741211,1768.0
2024-07-03 11:35:00,BRKR,61.54999923706055,61.54999923706055,61.54999923706055,61.54999923706055,61.54999923706055,411.0
2024-07-03 11:35:00,BRTX,1.934999942779541,1.934999942779541,1.934999942779541,1.934999942779541,1.934999942779541,259.0
2024-07-03 11:35:00,CARA,0.28519999980926514,0.28519999980926514,0.28519999980926514,0.28519999980926514,0.28519999980926514,226.0
2024-07-03 11:35:00,CCCC,4.610000133514404,4.610000133514404,4.610000133514404,4.590000152587891,4.599999904632568,2850.0
2024-07-03 11:35:00,CDMO,7.699999809265137,7.699999809265137,7.710000038146973,7.679999828338623,7.690000057220459,24691.0
2024-07-03 11:35:00,CDNA,15.194999694824219,15.194999694824219,15.194999694824219,15.194999694824219,15.194999694824219,414.0
2024-07-03 11:35:00,CDXC,2.509999990463257,2.509999990463257,2.5199999809265137,2.509999990463257,2.5199999809265137,2389.0
2024-07-03 11:35:00,CDXS,2.880000114440918,2.880000114440918,2.880000114440918,2.869999885559082,2.869999885559082,203.0
2024-07-03 11:35:00,CERE,39.689998626708984,39.689998626708984,39.689998626708984,39.380001068115234,39.44609832763672,90478.0
2024-07-03 11:35:00,CERS,1.715000033378601,1.715000033378601,1.715000033378601,1.715000033378601,1.715000033378601,200.0
2024-07-03 11:35:00,CERT,13.800000190734863,13.800000190734863,13.800000190734863,13.789999961853027,13.789999961853027,505.0
2024-07-03 11:35:00,CGC,6.511099815368652,6.511099815368652,6.511099815368652,6.50029993057251,6.509099960327148,9425.0
2024-07-03 11:35:00,CHRS,1.3949999809265137,1.3949999809265137,1.3949999809265137,1.3949999809265137,1.3949999809265137,25597.0
2024-07-03 11:35:00,CLNN,0.32510000467300415,0.32510000467300415,0.32510000467300415,0.32510000467300415,0.32510000467300415,3864.0
2024-07-03 11:35:00,CLOV,1.25,1.25,1.25,1.25,1.25,836.0
2024-07-03 11:35:00,CLRB,2.4200000762939453,2.4200000762939453,2.4200000762939453,2.4200000762939453,2.4200000762939453,510.0
2024-07-03 11:35:00,CNSP,1.600000023841858,1.600000023841858,1.7000000476837158,1.559999942779541,1.6549999713897705,265300.0
2024-07-03 11:35:00,COGT,8.46500015258789,8.46500015258789,8.5,8.460000038146973,8.5,3127.0
2024-07-03 11:35:00,CORT,30.28499984741211,30.28499984741211,30.309999465942383,30.280000686645508,30.309999465942383,2147.0
2024-07-03 11:35:00,COSM,0.9300000071525574,0.9300000071525574,0.9300000071525574,0.9300000071525574,0.9300000071525574,1421.0
2024-07-03 11:35:00,CRBP,49.43000030517578,49.43000030517578,49.43000030517578,49.43000030517578,49.43000030517578,531.0
2024-07-03 11:35:00,CRBU,1.5700000524520874,1.5700000524520874,1.5700000524520874,1.5700000524520874,1.5700000524520874,300.0
2024-07-03 11:35:00,CRMD,4.135000228881836,4.135000228881836,4.135000228881836,4.135000228881836,4.135000228881836,209.0
2024-07-03 11:35:00,CRNX,44.85499954223633,44.85499954223633,44.85499954223633,44.845001220703125,44.849998474121094,589.0
2024-07-03 11:35:00,CTMX,1.315000057220459,1.315000057220459,1.315000057220459,1.315000057220459,1.315000057220459,611.0
2024-07-03 11:35:00,CTXR,0.49790000915527344,0.49790000915527344,0.49790000915527344,0.49790000915527344,0.49790000915527344,2259.0
2024-07-03 11:35:00,CUE,0.9926999807357788,0.9926999807357788,0.9926999807357788,0.9926999807357788,0.9926999807357788,208.0
2024-07-03 11:35:00,CUTR,1.2999999523162842,1.2999999523162842,1.309999942779541,1.2999999523162842,1.309999942779541,17086.0
2024-07-03 11:35:00,CVAC,3.2911999225616455,3.2911999225616455,3.309999942779541,3.2899999618530273,3.309999942779541,42576.0
2024-07-03 11:35:00,CYTK,54.59000015258789,54.59000015258789,54.59000015258789,54.59000015258789,54.59000015258789,437.0
2024-07-03 11:35:00,DAWN,13.329999923706055,13.329999923706055,13.329999923706055,13.329999923706055,13.329999923706055,150.0
2024-07-03 11:35:00,DNLI,21.395000457763672,21.395000457763672,21.399999618530273,21.395000457763672,21.395000457763672,2110.0
2024-07-03 11:35:00,DSGN,3.259999990463257,3.259999990463257,3.259999990463257,3.25,3.25,5477.0
2024-07-03 11:35:00,DVAX,11.085000038146973,11.085000038146973,11.085000038146973,11.085000038146973,11.085000038146973,348.0
2024-07-03 11:35:00,DXCM,110.6500015258789,110.6500015258789,110.71749877929688,110.6500015258789,110.71749877929688,2023.0
2024-07-03 11:35:00,DYN,34.27000045776367,34.27000045776367,34.279998779296875,34.22999954223633,34.22999954223633,847.0
2024-07-03 11:35:00,DYNT,0.23980000615119934,0.23980000615119934,0.23980000615119934,0.23980000615119934,0.23980000615119934,100.0
2024-07-03 11:35:00,EDIT,4.659999847412109,4.659999847412109,4.659999847412109,4.65500020980835,4.659999847412109,2550.0
2024-07-03 11:35:00,ELEV,2.640000104904175,2.640000104904175,2.642899990081787,2.640000104904175,2.642899990081787,1907.0
2024-07-03 11:35:00,EOLS,10.899999618530273,10.899999618530273,10.899999618530273,10.899999618530273,10.899999618530273,326.0
2024-07-03 11:35:00,ERAS,2.240000009536743,2.240000009536743,2.240000009536743,2.234999895095825,2.240000009536743,4050.0
2024-07-03 11:35:00,ESPR,2.3499999046325684,2.3499999046325684,2.3499999046325684,2.3450000286102295,2.34660005569458,2282.0
2024-07-03 11:35:00,ESTA,43.5099983215332,43.5099983215332,43.5099983215332,43.40999984741211,43.40999984741211,864.0
2024-07-03 11:35:00,ETNB,7.489999771118164,7.489999771118164,7.489999771118164,7.489999771118164,7.489999771118164,604.0
2024-07-03 11:35:00,EVO,5.130000114440918,5.130000114440918,5.139999866485596,5.130000114440918,5.130000114440918,2515.0
2024-07-03 11:35:00,EWTX,18.094999313354492,18.094999313354492,18.100000381469727,18.094999313354492,18.100000381469727,305.0
2024-07-03 11:35:00,EXAS,43.130001068115234,43.130001068115234,43.150001525878906,43.119998931884766,43.130001068115234,2950.0
2024-07-03 11:35:00,EXEL,22.0,22.0,22.0,21.989999771118164,22.0,2934.0
2024-07-03 11:35:00,EYEN,0.784500002861023,0.784500002861023,0.784500002861023,0.784500002861023,0.784500002861023,300.0
2024-07-03 11:35:00,EYPT,8.329999923706055,8.329999923706055,8.329999923706055,8.300000190734863,8.329999923706055,2615.0
2024-07-03 11:35:00,FATE,3.1649999618530273,3.1649999618530273,3.1649999618530273,3.1600000858306885,3.162899971008301,1502.0
2024-07-03 11:35:00,FDMT,20.94499969482422,20.94499969482422,20.969999313354492,20.920000076293945,20.920000076293945,1501.0
2024-07-03 11:35:00,FGEN,0.70660001039505,0.70660001039505,0.7081999778747559,0.70660001039505,0.70660001039505,2005.0
2024-07-03 11:35:00,FHTX,5.554999828338623,5.554999828338623,5.554999828338623,5.5,5.5,457.0
2024-07-03 11:35:00,FLGT,20.190000534057617,20.190000534057617,20.190000534057617,20.190000534057617,20.190000534057617,215.0
2024-07-03 11:35:00,FOLD,9.885000228881836,9.885000228881836,9.885000228881836,9.885000228881836,9.885000228881836,474.0
2024-07-03 11:35:00,FULC,6.150000095367432,6.150000095367432,6.150000095367432,6.150000095367432,6.150000095367432,893.0
2024-07-03 11:35:00,GDRX,7.804999828338623,7.804999828338623,7.804999828338623,7.784999847412109,7.800000190734863,7262.0
2024-07-03 11:35:00,GEG,1.7799999713897705,1.7799999713897705,1.7799999713897705,1.7799999713897705,1.7799999713897705,0.0
2024-07-03 11:35:00,GERN,4.304999828338623,4.304999828338623,4.309999942779541,4.291200160980225,4.300000190734863,31106.0
2024-07-03 11:35:00,GH,28.309999465942383,28.309999465942383,28.309999465942383,28.309999465942383,28.309999465942383,149.0
2024-07-03 11:35:00,GILD,67.16000366210938,67.16000366210938,67.20500183105469,67.13999938964844,67.18499755859375,6887.0
2024-07-03 11:35:00,GLMD,0.29010000824928284,0.29010000824928284,0.29010000824928284,0.29010000824928284,0.29010000824928284,2672.0
2024-07-03 11:35:00,GLPG,25.079999923706055,25.079999923706055,25.079999923706055,25.079999923706055,25.079999923706055,1359.0
2024-07-03 11:35:00,GLYC,0.2711000144481659,0.2711000144481659,0.27239999175071716,0.2711000144481659,0.2711000144481659,17162.0
2024-07-03 11:35:00,GMAB,25.149999618530273,25.149999618530273,25.149999618530273,25.149999618530273,25.149999618530273,336.0
2024-07-03 11:35:00,GOSS,0.9474999904632568,0.9474999904632568,0.9474999904632568,0.9474999904632568,0.9474999904632568,1042.0
2024-07-03 11:35:00,GOVX,3.0199999809265137,3.0199999809265137,3.0199999809265137,3.0199999809265137,3.0199999809265137,110.0
2024-07-03 11:35:00,GRFS,6.664999961853027,6.664999961853027,6.670000076293945,6.664999961853027,6.670000076293945,454.0
2024-07-03 11:35:00,GRTS,0.5812000036239624,0.5812000036239624,0.5895000100135803,0.5809999704360962,0.5893999934196472,52017.0
2024-07-03 11:35:00,GTHX,2.5,2.5,2.5,2.5,2.5,298.0
2024-07-03 11:35:00,HALO,51.994998931884766,51.994998931884766,51.994998931884766,51.96500015258789,51.96500015258789,1253.0
2024-07-03 11:35:00,HCSG,10.625,10.625,10.625,10.625,10.625,1384.0
2024-07-03 11:35:00,HITI,2.1098999977111816,2.1098999977111816,2.1098999977111816,2.1098999977111816,2.1098999977111816,570.0
2024-07-03 11:35:00,HOLX,73.1500015258789,73.1500015258789,73.16000366210938,73.13999938964844,73.1500015258789,1065.0
2024-07-03 11:35:00,HOWL,2.049999952316284,2.049999952316284,2.049999952316284,2.049999952316284,2.049999952316284,2044.0
2024-07-03 11:35:00,HQY,83.20500183105469,83.20500183105469,83.25,83.20500183105469,83.20500183105469,730.0
2024-07-03 11:35:00,HRMY,30.219999313354492,30.219999313354492,30.219999313354492,30.219999313354492,30.219999313354492,575.0
2024-07-03 11:35:00,HROW,21.59000015258789,21.59000015258789,21.59000015258789,21.59000015258789,21.59000015258789,101.0
2024-07-03 11:35:00,HRTX,2.75,2.75,2.759999990463257,2.75,2.759999990463257,4077.0
2024-07-03 11:35:00,HSIC,64.8949966430664,64.8949966430664,64.9000015258789,64.87999725341797,64.88999938964844,2220.0
2024-07-03 11:35:00,HUMA,5.690000057220459,5.690000057220459,5.695000171661377,5.690000057220459,5.695000171661377,3080.0
2024-07-03 11:35:00,IART,28.6200008392334,28.6200008392334,28.690000534057617,28.6200008392334,28.690000534057617,1793.0
2024-07-03 11:35:00,IBRX,6.255000114440918,6.255000114440918,6.255000114440918,6.243199825286865,6.244999885559082,2018.0
2024-07-03 11:35:00,IDXX,475.82000732421875,475.82000732421875,475.9849853515625,475.82000732421875,475.9849853515625,1261.0
2024-07-03 11:35:00,IDYA,33.54999923706055,33.54999923706055,33.54999923706055,33.540000915527344,33.540000915527344,1880.0
2024-07-03 11:35:00,ILMN,105.21499633789062,105.21499633789062,105.21499633789062,105.21499633789062,105.21499633789062,1305.0
2024-07-03 11:35:00,IMCR,36.06999969482422,36.06999969482422,36.06999969482422,36.06999969482422,36.06999969482422,512.0
2024-07-03 11:35:00,IMMX,2.375,2.375,2.379699945449829,2.360100030899048,2.379699945449829,763.0
2024-07-03 11:35:00,IMNM,12.0600004196167,12.0600004196167,12.0600004196167,12.0600004196167,12.0600004196167,1885.0
2024-07-03 11:35:00,IMVT,26.190000534057617,26.190000534057617,26.190000534057617,26.190000534057617,26.190000534057617,677.0
2024-07-03 11:35:00,INBX,13.220000267028809,13.220000267028809,13.220000267028809,13.220000267028809,13.220000267028809,277.0
2024-07-03 11:35:00,INCY,57.959999084472656,57.959999084472656,57.959999084472656,57.91999816894531,57.959999084472656,9358.0
2024-07-03 11:35:00,INMB,7.920000076293945,7.920000076293945,8.010000228881836,7.920000076293945,8.010000228881836,1635.0
2024-07-03 11:35:00,INMD,17.510000228881836,17.510000228881836,17.560400009155273,17.510000228881836,17.560100555419922,7740.0
2024-07-03 11:35:00,INNV,5.309999942779541,5.309999942779541,5.320000171661377,5.309999942779541,5.320000171661377,4517.0
2024-07-03 11:35:00,INSM,61.79999923706055,61.79999923706055,61.91999816894531,61.779998779296875,61.900001525878906,8164.0
2024-07-03 11:35:00,INVA,16.264999389648438,16.264999389648438,16.264999389648438,16.264999389648438,16.264999389648438,831.0
2024-07-03 11:35:00,IONS,44.709999084472656,44.709999084472656,44.75,44.70000076293945,44.75,4130.0
2024-07-03 11:35:00,IOVA,7.514999866485596,7.514999866485596,7.519899845123291,7.5,7.5,45583.0
2024-07-03 11:35:00,IRWD,6.125,6.125,6.130000114440918,6.125,6.130000114440918,2225.0
2024-07-03 11:35:00,ISPC,0.2761000096797943,0.2761000096797943,0.2761000096797943,0.2721000015735626,0.2721000015735626,300.0
2024-07-03 11:35:00,ISRG,434.3349914550781,434.3349914550781,434.6499938964844,434.32000732421875,434.5799865722656,4537.0
2024-07-03 11:35:00,ITOS,14.760000228881836,14.760000228881836,14.760000228881836,14.760000228881836,14.760000228881836,805.0
2024-07-03 11:35:00,JANX,37.83000183105469,37.83000183105469,37.86000061035156,37.810001373291016,37.83000183105469,2632.0
2024-07-03 11:35:00,JAZZ,103.80999755859375,103.80999755859375,103.9000015258789,103.80999755859375,103.86000061035156,1111.0
2024-07-03 11:35:00,KALA,6.712800025939941,6.712800025939941,6.712800025939941,6.712800025939941,6.712800025939941,102.0
2024-07-03 11:35:00,KNSA,18.924999237060547,18.924999237060547,18.924999237060547,18.924999237060547,18.924999237060547,350.0
2024-07-03 11:35:00,KPTI,0.8429999947547913,0.8429999947547913,0.8429999947547913,0.8429999947547913,0.8429999947547913,1018.0
2024-07-03 11:35:00,KROS,42.310001373291016,42.310001373291016,42.310001373291016,42.310001373291016,42.310001373291016,262.0
2024-07-03 11:35:00,KRYS,177.02000427246094,177.02000427246094,177.07000732421875,176.8300018310547,176.8300018310547,1717.0
2024-07-03 11:35:00,KTRA,0.28780001401901245,0.28780001401901245,0.29030001163482666,0.28780001401901245,0.29030001163482666,65859.0
2024-07-03 11:35:00,KYMR,30.149999618530273,30.149999618530273,30.18000030517578,30.149999618530273,30.18000030517578,739.0
2024-07-03 11:35:00,KZR,0.5769000053405762,0.5769000053405762,0.5769000053405762,0.5769000053405762,0.5769000053405762,509.0
2024-07-03 11:35:00,LAB,1.7899999618530273,1.7899999618530273,1.7999999523162842,1.7899999618530273,1.7899999618530273,841.0
2024-07-03 11:35:00,LBPH,32.0,32.0,32.0,32.0,32.0,742.0
2024-07-03 11:35:00,LEGN,46.29999923706055,46.29999923706055,46.3849983215332,46.29999923706055,46.36000061035156,2808.0
2024-07-03 11:35:00,LFMD,6.71999979019165,6.71999979019165,6.71999979019165,6.71999979019165,6.71999979019165,200.0
2024-07-03 11:35:00,LGVN,1.6015000343322754,1.6015000343322754,1.6098999977111816,1.6015000343322754,1.6097999811172485,4955.0
2024-07-03 11:35:00,LIVN,52.755001068115234,52.755001068115234,52.755001068115234,52.755001068115234,52.755001068115234,184.0
2024-07-03 11:35:00,LNTH,79.50499725341797,79.50499725341797,79.50499725341797,79.41000366210938,79.41000366210938,554.0
2024-07-03 11:35:00,LOGC,5.710000038146973,5.710000038146973,5.7129998207092285,5.690000057220459,5.710000038146973,3034.0
2024-07-03 11:35:00,LUCY,0.4668999910354614,0.4668999910354614,0.4668999910354614,0.4666999876499176,0.4666999876499176,4051.0
2024-07-03 11:35:00,LXRX,1.5950000286102295,1.5950000286102295,1.5997999906539917,1.590000033378601,1.590000033378601,9822.0
2024-07-03 11:35:00,LYRA,0.287200003862381,0.287200003862381,0.2872999906539917,0.28600001335144043,0.28600001335144043,1965.0
2024-07-03 11:35:00,MASS,4.75,4.75,4.75,4.75,4.75,440.0
2024-07-03 11:35:00,MCRB,0.7156000137329102,0.7156000137329102,0.7161999940872192,0.7156000137329102,0.7161999940872192,2745.0
2024-07-03 11:35:00,ME,0.40380001068115234,0.40380001068115234,0.40380001068115234,0.40380001068115234,0.40380001068115234,4940.0
2024-07-03 11:35:00,MESO,6.769999980926514,6.769999980926514,6.769999980926514,6.769999980926514,6.769999980926514,575.0
2024-07-03 11:35:00,MGNX,4.204999923706055,4.204999923706055,4.204999923706055,4.204999923706055,4.204999923706055,763.0
2024-07-03 11:35:00,MMSI,85.81999969482422,85.81999969482422,85.81999969482422,85.81999969482422,85.81999969482422,207.0
2024-07-03 11:35:00,MNKD,5.03000020980835,5.03000020980835,5.034999847412109,5.03000020980835,5.034999847412109,754.0
2024-07-03 11:35:00,MNMD,7.130000114440918,7.130000114440918,7.150000095367432,7.130000114440918,7.150000095367432,3726.0
2024-07-03 11:35:00,MODD,1.4800000190734863,1.4800000190734863,1.4800000190734863,1.4800000190734863,1.4800000190734863,0.0
2024-07-03 11:35:00,MRNA,115.58499908447266,115.58499908447266,115.6449966430664,115.31999969482422,115.43170166015625,11212.0
2024-07-03 11:35:00,MRNS,1.2050000429153442,1.2050000429153442,1.2050000429153442,1.2050000429153442,1.2050000429153442,596.0
2024-07-03 11:35:00,MRSN,1.8550000190734863,1.8550000190734863,1.8550000190734863,1.850000023841858,1.850000023841858,415.0
2024-07-03 11:35:00,MRUS,52.540000915527344,52.540000915527344,52.540000915527344,52.470001220703125,52.470001220703125,1643.0
2024-07-03 11:35:00,MRVI,6.824999809265137,6.824999809265137,6.824999809265137,6.800000190734863,6.800000190734863,6644.0
2024-07-03 11:35:00,MXCT,3.680000066757202,3.680000066757202,3.680000066757202,3.680000066757202,3.680000066757202,466.0
2024-07-03 11:35:00,MYGN,25.010000228881836,25.010000228881836,25.010000228881836,25.010000228881836,25.010000228881836,457.0
2024-07-03 11:35:00,NARI,49.630001068115234,49.630001068115234,49.630001068115234,49.58000183105469,49.58000183105469,1139.0
2024-07-03 11:35:00,NBIX,138.5800018310547,138.5800018310547,138.83999633789062,138.57000732421875,138.83999633789062,3222.0
2024-07-03 11:35:00,NDRA,0.0949999988079071,0.0949999988079071,0.0949999988079071,0.09359999746084213,0.09480000287294388,37969.0
2024-07-03 11:35:00,NEO,13.720000267028809,13.720000267028809,13.720000267028809,13.720000267028809,13.720000267028809,336.0
2024-07-03 11:35:00,NEOG,15.170000076293945,15.170000076293945,15.170000076293945,15.15999984741211,15.15999984741211,1635.0
2024-07-03 11:35:00,NKTR,1.2350000143051147,1.2350000143051147,1.2380000352859497,1.2350000143051147,1.2380000352859497,5832.0
2024-07-03 11:35:00,NKTX,5.340000152587891,5.340000152587891,5.340000152587891,5.340000152587891,5.340000152587891,1306.0
2024-07-03 11:35:00,NLSP,0.2029999941587448,0.2029999941587448,0.2029999941587448,0.2029999941587448,0.2029999941587448,0.0
2024-07-03 11:35:00,NNOX,6.965000152587891,6.965000152587891,6.969900131225586,6.954999923706055,6.954999923706055,970.0
2024-07-03 11:35:00,NRBO,4.650000095367432,4.650000095367432,4.650000095367432,4.635000228881836,4.635000228881836,332.0
2024-07-03 11:35:00,NRIX,19.44499969482422,19.44499969482422,19.559999465942383,19.44499969482422,19.559999465942383,3284.0
2024-07-03 11:35:00,NTLA,22.639999389648438,22.639999389648438,22.639999389648438,22.559999465942383,22.559999465942383,6404.0
2024-07-03 11:35:00,NTRA,111.0999984741211,111.0999984741211,111.23999786376953,111.0999984741211,111.23999786376953,3514.0
2024-07-03 11:35:00,NUVL,72.2699966430664,72.2699966430664,72.29000091552734,72.2699966430664,72.2699966430664,1502.0
2024-07-03 11:35:00,NUWE,3.930000066757202,3.930000066757202,3.9539999961853027,3.930000066757202,3.9539999961853027,797.0
2024-07-03 11:35:00,NVAX,12.640000343322754,12.640000343322754,12.640000343322754,12.574999809265137,12.595000267028809,25221.0
2024-07-03 11:35:00,NVCR,16.65999984741211,16.65999984741211,16.65999984741211,16.649999618530273,16.653099060058594,2812.0
2024-07-03 11:35:00,OCGN,1.6150000095367432,1.6150000095367432,1.6200000047683716,1.6109999418258667,1.6200000047683716,11437.0
2024-07-03 11:35:00,OCUL,6.670000076293945,6.670000076293945,6.670000076293945,6.670000076293945,6.670000076293945,863.0
2024-07-03 11:35:00,OGI,1.5700000524520874,1.5700000524520874,1.5733000040054321,1.5700000524520874,1.5733000040054321,870.0
2024-07-03 11:35:00,OLK,25.75,25.75,25.75,25.75,25.75,1019.0
2024-07-03 11:35:00,OLMA,10.59000015258789,10.59000015258789,10.59000015258789,10.59000015258789,10.59000015258789,629.0
2024-07-03 11:35:00,OM,3.875,3.875,3.875,3.875,3.875,475.0
2024-07-03 11:35:00,OMCL,26.5,26.5,26.530000686645508,26.5,26.530000686645508,1252.0
2024-07-03 11:35:00,OMER,3.8399999141693115,3.8399999141693115,3.8399999141693115,3.8303000926971436,3.8303000926971436,608.0
2024-07-03 11:35:00,OMGA,1.9491000175476074,1.9491000175476074,1.9491000175476074,1.940000057220459,1.940000057220459,628.0
2024-07-03 11:36:00,ABSI,3.200000047683716,3.200000047683716,3.200000047683716,3.194999933242798,3.194999933242798,1873.0
2024-07-03 11:36:00,ABUS,3.134999990463257,3.134999990463257,3.134999990463257,3.130000114440918,3.130000114440918,662.0
2024-07-03 11:36:00,ACAD,15.630000114440918,15.630000114440918,15.630000114440918,15.600000381469727,15.600000381469727,4086.0
2024-07-03 11:36:00,ACB,4.875,4.875,4.875,4.875,4.875,2652.0
2024-07-03 11:36:00,ACCD,3.5399999618530273,3.5399999618530273,3.5450000762939453,3.5399999618530273,3.5450000762939453,4747.0
2024-07-03 11:36:00,ACET,1.059999942779541,1.059999942779541,1.0699000358581543,1.059999942779541,1.065000057220459,11192.0
2024-07-03 11:36:00,ACLX,53.83000183105469,53.83000183105469,53.83000183105469,53.810001373291016,53.810001373291016,454.0
2024-07-03 11:36:00,ACRS,1.149999976158142,1.149999976158142,1.149999976158142,1.149999976158142,1.149999976158142,1090.0
2024-07-03 11:36:00,ADAP,1.0,1.0,1.0011999607086182,1.0,1.0,0.0
2024-07-03 11:36:00,ADMA,11.265000343322754,11.265000343322754,11.265000343322754,11.265000343322754,11.265000343322754,764.0
2024-07-03 11:36:00,ADPT,3.365000009536743,3.365000009536743,3.365000009536743,3.365000009536743,3.365000009536743,0.0
2024-07-03 11:36:00,ADUS,117.44999694824219,117.44999694824219,117.44999694824219,117.44999694824219,117.44999694824219,193.0
2024-07-03 11:36:00,AEMD,0.4065999984741211,0.4065999984741211,0.4077000021934509,0.4065999984741211,0.4077000021934509,1537.0
2024-07-03 11:36:00,AGEN,14.399999618530273,14.399999618530273,14.399999618530273,14.369999885559082,14.369999885559082,2097.0
2024-07-03 11:36:00,AHCO,9.739999771118164,9.739999771118164,9.744999885559082,9.734999656677246,9.739999771118164,2546.0
2024-07-03 11:36:00,AKAN,2.2300000190734863,2.2300000190734863,2.2300000190734863,2.2290000915527344,2.2290000915527344,997.0
2024-07-03 11:36:00,AKBA,0.9503999948501587,0.9503999948501587,0.9503999948501587,0.9498000144958496,0.9498000144958496,401.0
2024-07-03 11:36:00,AKRO,21.81999969482422,21.81999969482422,21.81999969482422,21.81999969482422,21.81999969482422,798.0
2024-07-03 11:36:00,ALDX,3.1600000858306885,3.1600000858306885,3.1659998893737793,3.1600000858306885,3.1659998893737793,472.0
2024-07-03 11:36:00,ALEC,4.429999828338623,4.429999828338623,4.429999828338623,4.429999828338623,4.429999828338623,201.0
2024-07-03 11:36:00,ALGN,240.6300048828125,240.6300048828125,240.8000030517578,240.6199951171875,240.6199951171875,1456.0
2024-07-03 11:36:00,ALGS,0.42500001192092896,0.42500001192092896,0.42500001192092896,0.423799991607666,0.423799991607666,3500.0
2024-07-03 11:36:00,ALHC,7.965000152587891,7.965000152587891,7.965000152587891,7.965000152587891,7.965000152587891,84.0
2024-07-03 11:36:00,ALKS,24.239999771118164,24.239999771118164,24.260000228881836,24.229999542236328,24.25,8180.0
2024-07-03 11:36:00,ALLK,0.8295999765396118,0.8295999765396118,0.8295999765396118,0.8295999765396118,0.8295999765396118,77.0
2024-07-03 11:36:00,ALLO,2.119999885559082,2.119999885559082,2.125,2.112499952316284,2.115000009536743,6175.0
2024-07-03 11:36:00,ALLR,0.2029999941587448,0.2029999941587448,0.2029999941587448,0.2029000073671341,0.2029000073671341,10805.0
2024-07-03 11:36:00,ALNY,246.89999389648438,246.89999389648438,246.89999389648438,246.89999389648438,246.89999389648438,201.0
2024-07-03 11:36:00,ALT,6.675000190734863,6.675000190734863,6.675000190734863,6.659999847412109,6.659999847412109,4146.0
2024-07-03 11:36:00,ALVR,0.7383000254631042,0.7383000254631042,0.7383000254631042,0.7382000088691711,0.7382000088691711,801.0
2024-07-03 11:36:00,ALXO,5.869999885559082,5.869999885559082,5.869999885559082,5.869999885559082,5.869999885559082,1206.0
2024-07-03 11:36:00,AMED,96.99019622802734,96.99019622802734,97.0,96.99019622802734,97.0,1608.0
2024-07-03 11:36:00,AMGN,307.75,307.75,307.75,307.6700134277344,307.69500732421875,1039.0
2024-07-03 11:36:00,AMLX,1.7549999952316284,1.7549999952316284,1.7599999904632568,1.75,1.7599999904632568,2918.0
2024-07-03 11:36:00,ANAB,24.934999465942383,24.934999465942383,24.934999465942383,24.934999465942383,24.934999465942383,429.0
2024-07-03 11:36:00,ANNX,4.789999961853027,4.789999961853027,4.815000057220459,4.769999980926514,4.815000057220459,31969.0
2024-07-03 11:36:00,APDN,0.38119998574256897,0.38119998574256897,0.3873000144958496,0.38119998574256897,0.3873000144958496,0.0
2024-07-03 11:36:00,APLT,4.34499979019165,4.34499979019165,4.34499979019165,4.34499979019165,4.34499979019165,222.0
2024-07-03 11:36:00,ARCT,21.5,21.5,21.5,21.5,21.5,97.0
2024-07-03 11:36:00,ARDX,5.244999885559082,5.244999885559082,5.25,5.241199970245361,5.244999885559082,14982.0
2024-07-03 11:36:00,ARQT,9.654999732971191,9.654999732971191,9.659899711608887,9.654999732971191,9.659899711608887,1378.0
2024-07-03 11:36:00,ARVN,24.084999084472656,24.084999084472656,24.100000381469727,24.040000915527344,24.040000915527344,2223.0
2024-07-03 11:36:00,ASRT,1.3205000162124634,1.3205000162124634,1.3301000595092773,1.3205000162124634,1.3301000595092773,10687.0
2024-07-03 11:36:00,ATAI,1.2973999977111816,1.2973999977111816,1.2973999977111816,1.2973999977111816,1.2973999977111816,902.0
2024-07-03 11:36:00,ATEC,9.989999771118164,9.989999771118164,9.989999771118164,9.989999771118164,9.989999771118164,946.0
2024-07-03 11:36:00,ATOS,1.159999966621399,1.159999966621399,1.159999966621399,1.159999966621399,1.159999966621399,240.0
2024-07-03 11:36:00,ATRC,22.309999465942383,22.309999465942383,22.309999465942383,22.260000228881836,22.280000686645508,892.0
2024-07-03 11:36:00,AUGX,1.0049999952316284,1.0049999952316284,1.0049999952316284,1.0049999952316284,1.0049999952316284,262.0
2024-07-03 11:36:00,AUTL,3.4749999046325684,3.4749999046325684,3.4749999046325684,3.4749999046325684,3.4749999046325684,312.0
2024-07-03 11:36:00,AVDL,14.40999984741211,14.40999984741211,14.40999984741211,14.399999618530273,14.399999618530273,1788.0
2024-07-03 11:36:00,AVXL,4.170000076293945,4.170000076293945,4.170000076293945,4.170000076293945,4.170000076293945,508.0
2024-07-03 11:36:00,AZN,76.76499938964844,76.76499938964844,76.7699966430664,76.75499725341797,76.75499725341797,2848.0
2024-07-03 11:36:00,AZTA,52.45000076293945,52.45000076293945,52.470001220703125,52.45000076293945,52.470001220703125,2196.0
2024-07-03 11:36:00,BBIO,25.31999969482422,25.31999969482422,25.329999923706055,25.31999969482422,25.329999923706055,610.0
2024-07-03 11:36:00,BCAB,1.3849999904632568,1.3849999904632568,1.3849999904632568,1.3799999952316284,1.3849999904632568,9109.0
2024-07-03 11:36:00,BEAM,23.540000915527344,23.540000915527344,23.559999465942383,23.540000915527344,23.559999465942383,861.0
2024-07-03 11:36:00,BGXX,0.2694000005722046,0.2694000005722046,0.2694000005722046,0.2694000005722046,0.2694000005722046,799.0
2024-07-03 11:36:00,BIIB,223.5050048828125,223.5050048828125,223.57000732421875,223.5050048828125,223.5301971435547,714.0
2024-07-03 11:36:00,BIOL,0.10000000149011612,0.10000000149011612,0.10000000149011612,0.10000000149011612,0.10000000149011612,100.0
2024-07-03 11:36:00,BLUE,0.9286999702453613,0.9286999702453613,0.9286999702453613,0.9254000186920166,0.9254000186920166,25295.0
2024-07-03 11:36:00,BMEA,4.380000114440918,4.380000114440918,4.389999866485596,4.380000114440918,4.389999866485596,718.0
2024-07-03 11:36:00,BMRN,81.01000213623047,81.01000213623047,81.01000213623047,81.01000213623047,81.01000213623047,524.0
2024-07-03 11:36:00,BNGO,0.5579000115394592,0.5579000115394592,0.5579000115394592,0.5579000115394592,0.5579000115394592,1200.0
2024-07-03 11:36:00,BPMC,110.88999938964844,110.88999938964844,110.88999938964844,110.87999725341797,110.87999725341797,1100.0
2024-07-03 11:36:00,BRKR,61.560001373291016,61.560001373291016,61.61000061035156,61.560001373291016,61.560001373291016,2559.0
2024-07-03 11:36:00,BTAI,1.0800000429153442,1.0800000429153442,1.0800000429153442,1.0800000429153442,1.0800000429153442,104.0
2024-07-03 11:36:00,CABA,7.572500228881836,7.572500228881836,7.572500228881836,7.572500228881836,7.572500228881836,922.0
2024-07-03 11:36:00,CADL,6.309999942779541,6.309999942779541,6.309999942779541,6.309999942779541,6.309999942779541,128.0
2024-07-03 11:36:00,CCCC,4.610000133514404,4.610000133514404,4.610000133514404,4.610000133514404,4.610000133514404,1584.0
2024-07-03 11:36:00,CDMO,7.710000038146973,7.710000038146973,7.710000038146973,7.699999809265137,7.699999809265137,2049.0
2024-07-03 11:36:00,CDNA,15.180000305175781,15.180000305175781,15.1899995803833,15.180000305175781,15.1899995803833,658.0
2024-07-03 11:36:00,CDXS,2.869999885559082,2.869999885559082,2.869999885559082,2.869999885559082,2.869999885559082,140.0
2024-07-03 11:36:00,CERE,39.7400016784668,39.7400016784668,39.79990005493164,39.65999984741211,39.687198638916016,43629.0
2024-07-03 11:36:00,CERS,1.7100000381469727,1.7100000381469727,1.7100000381469727,1.7100000381469727,1.7100000381469727,81.0
2024-07-03 11:36:00,CGC,6.525000095367432,6.525000095367432,6.525000095367432,6.510000228881836,6.510000228881836,11606.0
2024-07-03 11:36:00,CGEM,16.84000015258789,16.84000015258789,16.84000015258789,16.84000015258789,16.84000015258789,186.0
2024-07-03 11:36:00,CGEN,1.6200000047683716,1.6200000047683716,1.649999976158142,1.590000033378601,1.649999976158142,70927.0
2024-07-03 11:36:00,CHRS,1.3949999809265137,1.3949999809265137,1.3990000486373901,1.3949999809265137,1.3990000486373901,811.0
2024-07-03 11:36:00,CLLS,2.0452001094818115,2.0452001094818115,2.049999952316284,2.0452001094818115,2.049999952316284,1920.0
2024-07-03 11:36:00,CLRB,2.430000066757202,2.430000066757202,2.440000057220459,2.4200000762939453,2.4200000762939453,4691.0
2024-07-03 11:36:00,CMPS,6.28000020980835,6.28000020980835,6.28000020980835,6.28000020980835,6.28000020980835,777.0
2024-07-03 11:36:00,CMPX,0.843500018119812,0.843500018119812,0.8445000052452087,0.8399999737739563,0.8445000052452087,907.0
2024-07-03 11:36:00,CMRX,0.8640000224113464,0.8640000224113464,0.8640000224113464,0.8640000224113464,0.8640000224113464,150.0
2024-07-03 11:36:00,CNSP,1.600000023841858,1.600000023841858,1.6200000047683716,1.559999942779541,1.5901000499725342,165011.0
2024-07-03 11:36:00,COGT,8.479999542236328,8.479999542236328,8.479999542236328,8.479999542236328,8.479999542236328,212.0
2024-07-03 11:36:00,COLL,32.27000045776367,32.27000045776367,32.27000045776367,32.27000045776367,32.27000045776367,293.0
2024-07-03 11:36:00,CORT,30.295000076293945,30.295000076293945,30.295000076293945,30.295000076293945,30.295000076293945,175.0
2024-07-03 11:36:00,CPRX,15.460000038146973,15.460000038146973,15.460000038146973,15.460000038146973,15.460000038146973,200.0
2024-07-03 11:36:00,CRBU,1.5750000476837158,1.5750000476837158,1.5750000476837158,1.5750000476837158,1.5750000476837158,208.0
2024-07-03 11:36:00,CRDF,2.2249999046325684,2.2249999046325684,2.2300000190734863,2.2200000286102295,2.2249999046325684,4701.0
2024-07-03 11:36:00,CRIS,6.400000095367432,6.400000095367432,6.429999828338623,6.400000095367432,6.429999828338623,823.0
2024-07-03 11:36:00,CRMD,4.135000228881836,4.135000228881836,4.135000228881836,4.135000228881836,4.135000228881836,470.0
2024-07-03 11:36:00,CRSP,53.6682014465332,53.6682014465332,53.6682014465332,53.6682014465332,53.6682014465332,1705.0
2024-07-03 11:36:00,CTMX,1.315000057220459,1.315000057220459,1.315000057220459,1.315000057220459,1.315000057220459,304.0
2024-07-03 11:36:00,CTXR,0.49300000071525574,0.49300000071525574,0.49970000982284546,0.49300000071525574,0.49410000443458557,48500.0
2024-07-03 11:36:00,CUTR,1.2949999570846558,1.2949999570846558,1.2997000217437744,1.2944999933242798,1.2949999570846558,1744.0
2024-07-03 11:36:00,CVAC,3.3018999099731445,3.3018999099731445,3.305000066757202,3.290800094604492,3.290800094604492,5556.0
2024-07-03 11:36:00,CYTK,54.6349983215332,54.6349983215332,54.6349983215332,54.6349983215332,54.6349983215332,551.0
2024-07-03 11:36:00,DAWN,13.329999923706055,13.329999923706055,13.329999923706055,13.329999923706055,13.329999923706055,982.0
2024-07-03 11:36:00,DCGO,2.933500051498413,2.933500051498413,2.933500051498413,2.933500051498413,2.933500051498413,689.0
2024-07-03 11:36:00,DMAC,2.9000000953674316,2.9000000953674316,2.9000000953674316,2.9000000953674316,2.9000000953674316,107.0
2024-07-03 11:36:00,DSGN,3.25,3.25,3.25,3.25,3.25,3597.0
2024-07-03 11:36:00,DVAX,11.085000038146973,11.085000038146973,11.085000038146973,11.085000038146973,11.085000038146973,239.0
2024-07-03 11:36:00,DXCM,110.62000274658203,110.62000274658203,110.62000274658203,110.62000274658203,110.62000274658203,428.0
2024-07-03 11:36:00,DYN,34.25090026855469,34.25090026855469,34.31999969482422,34.25090026855469,34.275001525878906,1573.0
2024-07-03 11:36:00,EDIT,4.650000095367432,4.650000095367432,4.65500020980835,4.650000095367432,4.65500020980835,1699.0
2024-07-03 11:36:00,EGRX,5.335000038146973,5.335000038146973,5.340000152587891,5.335000038146973,5.340000152587891,1167.0
2024-07-03 11:36:00,ENLV,1.274999976158142,1.274999976158142,1.274999976158142,1.274999976158142,1.274999976158142,160.0
2024-07-03 11:36:00,ENSG,126.5999984741211,126.5999984741211,126.5999984741211,126.5999984741211,126.5999984741211,486.0
2024-07-03 11:36:00,EOLS,10.899999618530273,10.899999618530273,10.90999984741211,10.890000343322754,10.90999984741211,3123.0
2024-07-03 11:36:00,ERAS,2.234999895095825,2.234999895095825,2.234999895095825,2.234999895095825,2.234999895095825,198.0
2024-07-03 11:36:00,ESPR,2.3450000286102295,2.3450000286102295,2.3499999046325684,2.3450000286102295,2.3499999046325684,17347.0
2024-07-03 11:36:00,ESTA,43.400001525878906,43.400001525878906,43.53499984741211,43.400001525878906,43.45000076293945,2192.0
2024-07-03 11:36:00,ETNB,7.5,7.5,7.5,7.489999771118164,7.489999771118164,6897.0
2024-07-03 11:36:00,EVGN,0.6401000022888184,0.6401000022888184,0.6401000022888184,0.6401000022888184,0.6401000022888184,1100.0
2024-07-03 11:36:00,EVOK,0.5590000152587891,0.5590000152587891,0.5590000152587891,0.5590000152587891,0.5590000152587891,300.0
2024-07-03 11:36:00,EWTX,18.065000534057617,18.065000534057617,18.100000381469727,18.065000534057617,18.100000381469727,1168.0
2024-07-03 11:36:00,EXAS,43.130001068115234,43.130001068115234,43.13999938964844,43.130001068115234,43.13999938964844,1958.0
2024-07-03 11:36:00,EXEL,21.9950008392334,21.9950008392334,22.0,21.9950008392334,22.0,650.0
2024-07-03 11:36:00,EYEN,0.784500002861023,0.784500002861023,0.784500002861023,0.784500002861023,0.784500002861023,200.0
2024-07-03 11:36:00,EYPT,8.335000038146973,8.335000038146973,8.335000038146973,8.335000038146973,8.335000038146973,302.0
2024-07-03 11:36:00,FATE,3.1600000858306885,3.1600000858306885,3.1600000858306885,3.1600000858306885,3.1600000858306885,286.0
2024-07-03 11:36:00,FBIO,1.784999966621399,1.784999966621399,1.784999966621399,1.784999966621399,1.784999966621399,923.0
2024-07-03 11:36:00,FDMT,20.940000534057617,20.940000534057617,20.940000534057617,20.940000534057617,20.940000534057617,300.0
2024-07-03 11:36:00,FGEN,0.70660001039505,0.70660001039505,0.70660001039505,0.70660001039505,0.70660001039505,2700.0
2024-07-03 11:36:00,FOLD,9.885000228881836,9.885000228881836,9.885000228881836,9.885000228881836,9.885000228881836,473.0
2024-07-03 11:36:00,FULC,6.15500020980835,6.15500020980835,6.15500020980835,6.15500020980835,6.15500020980835,117.0
2024-07-03 11:36:00,GALT,2.1500000953674316,2.1500000953674316,2.1500000953674316,2.1500000953674316,2.1500000953674316,2051.0
2024-07-03 11:36:00,GBIO,2.424999952316284,2.424999952316284,2.424999952316284,2.424999952316284,2.424999952316284,725.0
2024-07-03 11:36:00,GDRX,7.804999828338623,7.804999828338623,7.804999828338623,7.804999828338623,7.804999828338623,124.0
2024-07-03 11:36:00,GERN,4.304999828338623,4.304999828338623,4.304999828338623,4.300300121307373,4.300300121307373,4839.0
2024-07-03 11:36:00,GH,28.299999237060547,28.299999237060547,28.329999923706055,28.299999237060547,28.329999923706055,1347.0
2024-07-03 11:36:00,GHRS,11.550000190734863,11.550000190734863,11.550000190734863,11.550000190734863,11.550000190734863,1202.0
2024-07-03 11:36:00,GILD,67.13999938964844,67.13999938964844,67.18000030517578,67.12999725341797,67.18000030517578,3301.0
2024-07-03 11:36:00,GLMD,0.28870001435279846,0.28870001435279846,0.28999999165534973,0.28870001435279846,0.28999999165534973,1748.0
2024-07-03 11:36:00,GLUE,3.7100000381469727,3.7100000381469727,3.7200000286102295,3.7100000381469727,3.7200000286102295,325.0
2024-07-03 11:36:00,GMAB,25.15999984741211,25.15999984741211,25.15999984741211,25.15999984741211,25.15999984741211,1921.0
2024-07-03 11:36:00,GOSS,0.954800009727478,0.954800009727478,0.954800009727478,0.9498999714851379,0.9498999714851379,2670.0
2024-07-03 11:36:00,GOVX,3.0199999809265137,3.0199999809265137,3.0199999809265137,3.0199999809265137,3.0199999809265137,2942.0
2024-07-03 11:36:00,GRFS,6.664999961853027,6.664999961853027,6.664999961853027,6.664999961853027,6.664999961853027,635.0
2024-07-03 11:36:00,GRTS,0.5813000202178955,0.5813000202178955,0.5813000202178955,0.5813000202178955,0.5813000202178955,1085.0
2024-07-03 11:36:00,GTHX,2.5,2.5,2.5,2.5,2.5,399.0
2024-07-03 11:36:00,HALO,51.96500015258789,51.96500015258789,51.96500015258789,51.96500015258789,51.96500015258789,1014.0
2024-07-03 11:36:00,HCAT,6.170000076293945,6.170000076293945,6.170000076293945,6.170000076293945,6.170000076293945,1119.0
2024-07-03 11:36:00,HOLX,73.16000366210938,73.16000366210938,73.16000366210938,73.15499877929688,73.15499877929688,1007.0
2024-07-03 11:36:00,HRMY,30.239999771118164,30.239999771118164,30.239999771118164,30.239999771118164,30.239999771118164,254.0
2024-07-03 11:36:00,HROW,21.549999237060547,21.549999237060547,21.600000381469727,21.549999237060547,21.600000381469727,1798.0
2024-07-03 11:36:00,HRTX,2.75,2.75,2.75,2.75,2.75,500.0
2024-07-03 11:36:00,HSIC,64.8949966430664,64.8949966430664,64.8949966430664,64.87999725341797,64.8949966430664,1037.0
2024-07-03 11:36:00,HUMA,5.71999979019165,5.71999979019165,5.71999979019165,5.690000057220459,5.698999881744385,3874.0
2024-07-03 11:36:00,HYPR,0.9695000052452087,0.9695000052452087,0.9695000052452087,0.9695000052452087,0.9695000052452087,1600.0
2024-07-03 11:36:00,IART,28.6200008392334,28.6200008392334,28.639999389648438,28.610000610351562,28.610000610351562,1214.0
2024-07-03 11:36:00,IBRX,6.255000114440918,6.255000114440918,6.255000114440918,6.255000114440918,6.255000114440918,828.0
2024-07-03 11:36:00,ICLR,318.30999755859375,318.30999755859375,318.30999755859375,318.30999755859375,318.30999755859375,1437.0
2024-07-03 11:36:00,IDXX,475.8699951171875,475.8699951171875,475.8699951171875,475.8699951171875,475.8699951171875,586.0
2024-07-03 11:36:00,IDYA,33.540000915527344,33.540000915527344,33.540000915527344,33.540000915527344,33.540000915527344,315.0
2024-07-03 11:36:00,IGMS,6.489999771118164,6.489999771118164,6.489999771118164,6.489999771118164,6.489999771118164,400.0
2024-07-03 11:36:00,IINN,1.4800000190734863,1.4800000190734863,1.5299999713897705,1.4800000190734863,1.5299999713897705,17130.0
2024-07-03 11:36:00,ILMN,105.25499725341797,105.25499725341797,105.27999877929688,105.25499725341797,105.27999877929688,1581.0
2024-07-03 11:36:00,IMCR,36.08000183105469,36.08000183105469,36.08000183105469,36.08000183105469,36.08000183105469,405.0
2024-07-03 11:36:00,IMMP,1.9600000381469727,1.9600000381469727,1.9600000381469727,1.9600000381469727,1.9600000381469727,1149.0
2024-07-03 11:36:00,IMMX,2.3673999309539795,2.3673999309539795,2.390000104904175,2.3673999309539795,2.369999885559082,1611.0
2024-07-03 11:36:00,IMNM,12.149999618530273,12.149999618530273,12.149999618530273,12.079999923706055,12.079999923706055,28456.0
2024-07-03 11:36:00,IMRN,1.9900000095367432,1.9900000095367432,1.9900000095367432,1.9900000095367432,1.9900000095367432,400.0
2024-07-03 11:36:00,INCY,57.95000076293945,57.95000076293945,57.95000076293945,57.939998626708984,57.939998626708984,1721.0
2024-07-03 11:36:00,INMD,17.530000686645508,17.530000686645508,17.530000686645508,17.520000457763672,17.520000457763672,5399.0
2024-07-03 11:36:00,INO,8.40779972076416,8.40779972076416,8.40779972076416,8.40779972076416,8.40779972076416,506.0
2024-07-03 11:36:00,INSM,61.75,61.75,61.79999923706055,61.75,61.79999923706055,2458.0
2024-07-03 11:36:00,INZY,4.465099811553955,4.465099811553955,4.466100215911865,4.465000152587891,4.465000152587891,12422.0
2024-07-03 11:36:00,IONM,0.32839998602867126,0.32839998602867126,0.32839998602867126,0.32839998602867126,0.32839998602867126,368.0
2024-07-03 11:36:00,IOVA,7.510000228881836,7.510000228881836,7.53000020980835,7.510000228881836,7.510000228881836,20383.0
2024-07-03 11:36:00,IPSC,2.25,2.25,2.25,2.25,2.25,2247.0
2024-07-03 11:36:00,IRTC,94.37000274658203,94.37000274658203,94.37999725341797,94.37000274658203,94.37999725341797,1538.0
2024-07-03 11:36:00,ISRG,434.31500244140625,434.31500244140625,434.31500244140625,434.0899963378906,434.0899963378906,1221.0
2024-07-03 11:36:00,ITCI,68.34500122070312,68.34500122070312,68.34500122070312,68.31999969482422,68.33999633789062,706.0
2024-07-03 11:36:00,JANX,37.9900016784668,37.9900016784668,38.0,37.83000183105469,37.83000183105469,3025.0
2024-07-03 11:36:00,JAZZ,103.77999877929688,103.77999877929688,103.80999755859375,103.77999877929688,103.80999755859375,484.0
2024-07-03 11:36:00,KMDA,5.170000076293945,5.170000076293945,5.170000076293945,5.170000076293945,5.170000076293945,400.0
2024-07-03 11:36:00,KNSA,18.950000762939453,18.950000762939453,18.950000762939453,18.940000534057617,18.940000534057617,716.0
2024-07-03 11:36:00,KOD,2.2200000286102295,2.2200000286102295,2.2200000286102295,2.2200000286102295,2.2200000286102295,1425.0
2024-07-03 11:36:00,KPTI,0.8420000076293945,0.8420000076293945,0.8420000076293945,0.8420000076293945,0.8420000076293945,712.0
2024-07-03 11:36:00,KRMD,2.4200000762939453,2.4200000762939453,2.4200000762939453,2.4200000762939453,2.4200000762939453,628.0
2024-07-03 11:36:00,KROS,42.369998931884766,42.369998931884766,42.380001068115234,42.369998931884766,42.380001068115234,875.0
2024-07-03 11:36:00,KZR,0.5781999826431274,0.5781999826431274,0.5781999826431274,0.5752000212669373,0.5752000212669373,551.0
2024-07-03 11:36:00,LAB,1.7999999523162842,1.7999999523162842,1.7999999523162842,1.7949999570846558,1.7949999570846558,9192.0
2024-07-03 11:36:00,LBPH,32.0099983215332,32.0099983215332,32.0099983215332,31.84000015258789,31.90999984741211,5471.0
2024-07-03 11:36:00,LEGN,46.29999923706055,46.29999923706055,46.33000183105469,46.29999923706055,46.33000183105469,2081.0
2024-07-03 11:36:00,LFMD,6.71999979019165,6.71999979019165,6.71999979019165,6.71999979019165,6.71999979019165,568.0
2024-07-03 11:36:00,LFST,5.090000152587891,5.090000152587891,5.090000152587891,5.090000152587891,5.090000152587891,327.0
2024-07-03 11:36:00,LIVN,52.709999084472656,52.709999084472656,52.709999084472656,52.709999084472656,52.709999084472656,1162.0
2024-07-03 11:36:00,LMAT,81.48500061035156,81.48500061035156,81.48500061035156,81.48500061035156,81.48500061035156,155.0
2024-07-03 11:36:00,LPTX,1.8049999475479126,1.8049999475479126,1.8049999475479126,1.8049999475479126,1.8049999475479126,148.0
2024-07-03 11:36:00,LUCD,0.762499988079071,0.762499988079071,0.762499988079071,0.762499988079071,0.762499988079071,957.0
2024-07-03 11:36:00,LUNG,6.28000020980835,6.28000020980835,6.28000020980835,6.28000020980835,6.28000020980835,670.0
2024-07-03 11:36:00,LXRX,1.5950000286102295,1.5950000286102295,1.5950000286102295,1.5950000286102295,1.5950000286102295,1426.0
2024-07-03 11:36:00,LYRA,0.287200003862381,0.287200003862381,0.287200003862381,0.287200003862381,0.287200003862381,0.0
2024-07-03 11:36:00,MCRB,0.7150999903678894,0.7150999903678894,0.7161999940872192,0.7149999737739563,0.7161999940872192,3386.0
2024-07-03 11:36:00,MDWD,14.699999809265137,14.699999809265137,14.699999809265137,14.699999809265137,14.699999809265137,325.0
2024-07-03 11:36:00,MDXG,6.744999885559082,6.744999885559082,6.744999885559082,6.744999885559082,6.744999885559082,268.0
2024-07-03 11:36:00,ME,0.4043000042438507,0.4043000042438507,0.4043999910354614,0.4041000008583069,0.4043999910354614,950.0
2024-07-03 11:36:00,MGNX,4.199999809265137,4.199999809265137,4.209400177001953,4.199999809265137,4.204999923706055,1958.0
2024-07-03 11:36:00,MMSI,85.80999755859375,85.80999755859375,85.83000183105469,85.80999755859375,85.83000183105469,1155.0
2024-07-03 11:36:00,MODD,1.475000023841858,1.475000023841858,1.475000023841858,1.475000023841858,1.475000023841858,120.0
2024-07-03 11:36:00,MORF,31.729999542236328,31.729999542236328,31.799999237060547,31.729999542236328,31.799999237060547,2615.0
2024-07-03 11:36:00,MREO,3.5299999713897705,3.5299999713897705,3.5299999713897705,3.5250000953674316,3.5280001163482666,4611.0
2024-07-03 11:36:00,MRKR,5.241399765014648,5.241399765014648,5.241399765014648,5.241399765014648,5.241399765014648,23.0
2024-07-03 11:36:00,MRNA,115.65360260009766,115.65360260009766,115.70999908447266,115.5999984741211,115.70999908447266,4081.0
2024-07-03 11:36:00,MRSN,1.850000023841858,1.850000023841858,1.850000023841858,1.850000023841858,1.850000023841858,121.0
2024-07-03 11:36:00,MRUS,52.415000915527344,52.415000915527344,52.540000915527344,52.369998931884766,52.540000915527344,4736.0
2024-07-03 11:36:00,MRVI,6.829999923706055,6.829999923706055,6.829999923706055,6.824999809265137,6.824999809265137,5503.0
2024-07-03 11:36:00,MXCT,3.674999952316284,3.674999952316284,3.674999952316284,3.674999952316284,3.674999952316284,360.0
2024-07-03 11:36:00,MYGN,25.079999923706055,25.079999923706055,25.09000015258789,25.059999465942383,25.059999465942383,2185.0
2024-07-03 11:36:00,MYMD,1.8200000524520874,1.8200000524520874,1.8200000524520874,1.8200000524520874,1.8200000524520874,230.0
2024-07-03 11:36:00,MYNZ,0.33149999380111694,0.33149999380111694,0.33149999380111694,0.33149999380111694,0.33149999380111694,700.0
2024-07-03 11:36:00,NARI,49.65999984741211,49.65999984741211,49.65999984741211,49.595001220703125,49.595001220703125,1198.0
2024-07-03 11:36:00,NDRA,0.09539999812841415,0.09539999812841415,0.09539999812841415,0.09489999711513519,0.09489999711513519,61169.0
2024-07-03 11:36:00,NEOG,15.1899995803833,15.1899995803833,15.1899995803833,15.180000305175781,15.180000305175781,1222.0
2024-07-03 11:36:00,NKTR,1.2450000047683716,1.2450000047683716,1.2450000047683716,1.2350000143051147,1.2350000143051147,15782.0
2024-07-03 11:36:00,NLSP,0.19920000433921814,0.19920000433921814,0.19920000433921814,0.19920000433921814,0.19920000433921814,9813.0
2024-07-03 11:36:00,NNOX,6.96999979019165,6.96999979019165,6.96999979019165,6.96999979019165,6.96999979019165,974.0
2024-07-03 11:36:00,NTLA,22.66990089416504,22.66990089416504,22.670000076293945,22.66990089416504,22.670000076293945,1541.0
2024-07-03 11:36:00,NTRA,111.18499755859375,111.18499755859375,111.18499755859375,111.18499755859375,111.18499755859375,187.0
2024-07-03 11:36:00,NUWE,3.934999942779541,3.934999942779541,3.9700000286102295,3.934999942779541,3.9700000286102295,1051.0
2024-07-03 11:36:00,NVAX,12.635000228881836,12.635000228881836,12.635000228881836,12.619999885559082,12.630000114440918,8829.0
2024-07-03 11:36:00,NVCR,16.700000762939453,16.700000762939453,16.700000762939453,16.670000076293945,16.670000076293945,1274.0
2024-07-03 11:36:00,NXL,1.3799999952316284,1.3799999952316284,1.3899999856948853,1.3799999952316284,1.3799999952316284,5493.0
2024-07-03 11:36:00,OCGN,1.6150000095367432,1.6150000095367432,1.6200000047683716,1.6150000095367432,1.6150000095367432,2233.0
2024-07-03 11:36:00,OCUL,6.664999961853027,6.664999961853027,6.664999961853027,6.664999961853027,6.664999961853027,200.0
2024-07-03 11:36:00,OFIX,13.420000076293945,13.420000076293945,13.420000076293945,13.420000076293945,13.420000076293945,461.0
2024-07-03 11:36:00,OGI,1.579200029373169,1.579200029373169,1.579200029373169,1.579200029373169,1.579200029373169,3167.0
2024-07-03 11:36:00,OLMA,10.609999656677246,10.609999656677246,10.609999656677246,10.609999656677246,10.609999656677246,202.0
2024-07-03 11:36:00,OM,3.869999885559082,3.869999885559082,3.875,3.869999885559082,3.875,677.0
2024-07-03 11:36:00,OMCL,26.540000915527344,26.540000915527344,26.540000915527344,26.530000686645508,26.530000686645508,899.0
2024-07-03 11:36:00,OMGA,1.9594000577926636,1.9594000577926636,1.9594000577926636,1.9594000577926636,1.9594000577926636,648.0
2024-07-03 11:37:00,AADI,1.3799999952316284,1.3799999952316284,1.3799999952316284,1.3799999952316284,1.3799999952316284,360.0
2024-07-03 11:37:00,ABIO,3.6500000953674316,3.6500000953674316,3.6600000858306885,3.5999999046325684,3.609999895095825,6049.0
2024-07-03 11:37:00,ABSI,3.174999952316284,3.174999952316284,3.194999933242798,3.1700000762939453,3.194999933242798,10714.0
2024-07-03 11:37:00,ABUS,3.134999990463257,3.134999990463257,3.134999990463257,3.134999990463257,3.134999990463257,818.0
2024-07-03 11:37:00,ACAD,15.609999656677246,15.609999656677246,15.630000114440918,15.609999656677246,15.630000114440918,2425.0
2024-07-03 11:37:00,ACB,4.875500202178955,4.875500202178955,4.875500202178955,4.875500202178955,4.875500202178955,141.0
2024-07-03 11:37:00,ACCD,3.5399999618530273,3.5399999618530273,3.5399999618530273,3.5399999618530273,3.5399999618530273,2528.0
2024-07-03 11:37:00,ACET,1.059999942779541,1.059999942779541,1.0608999729156494,1.059999942779541,1.0608999729156494,938.0
2024-07-03 11:37:00,ACHC,66.51000213623047,66.51000213623047,66.51000213623047,66.48999786376953,66.51000213623047,866.0
2024-07-03 11:37:00,ACHL,0.8185999989509583,0.8185999989509583,0.8185999989509583,0.8185999989509583,0.8185999989509583,168.0
2024-07-03 11:37:00,ACLX,53.80500030517578,53.80500030517578,53.80500030517578,53.80500030517578,53.80500030517578,219.0
2024-07-03 11:37:00,ACRS,1.149999976158142,1.149999976158142,1.149999976158142,1.149999976158142,1.149999976158142,849.0
2024-07-03 11:37:00,ADAP,1.0,1.0,1.0,1.0,1.0,300.0
2024-07-03 11:37:00,ADMA,11.265000343322754,11.265000343322754,11.265000343322754,11.26449966430664,11.265000343322754,1678.0
2024-07-03 11:37:00,ADPT,3.365000009536743,3.365000009536743,3.365000009536743,3.365000009536743,3.365000009536743,138.0
2024-07-03 11:37:00,AFMD,5.090000152587891,5.090000152587891,5.090000152587891,5.090000152587891,5.090000152587891,370.0
2024-07-03 11:37:00,AGRX,1.409999966621399,1.409999966621399,1.409999966621399,1.409999966621399,1.409999966621399,6.0
2024-07-03 11:37:00,AKBA,0.947700023651123,0.947700023651123,0.9496999979019165,0.947700023651123,0.9480000138282776,3350.0
2024-07-03 11:37:00,AKYA,2.130000114440918,2.130000114440918,2.140000104904175,2.130000114440918,2.130000114440918,1300.0
2024-07-03 11:37:00,ALEC,4.440000057220459,4.440000057220459,4.440000057220459,4.440000057220459,4.440000057220459,197.0
2024-07-03 11:37:00,ALGS,0.42250001430511475,0.42250001430511475,0.42500001192092896,0.42250001430511475,0.423799991607666,1108.0
2024-07-03 11:37:00,ALHC,7.96999979019165,7.96999979019165,7.96999979019165,7.96999979019165,7.96999979019165,795.0
2024-07-03 11:37:00,ALLK,0.8295999765396118,0.8295999765396118,0.8295999765396118,0.8295999765396118,0.8295999765396118,300.0
2024-07-03 11:37:00,ALLO,2.115000009536743,2.115000009536743,2.119999885559082,2.115000009536743,2.119999885559082,4385.0
2024-07-03 11:37:00,ALLR,0.20160000026226044,0.20160000026226044,0.2029999941587448,0.20149999856948853,0.2029999941587448,8426.0
2024-07-03 11:37:00,ALNY,246.7100067138672,246.7100067138672,246.89999389648438,246.7100067138672,246.89999389648438,3805.0
2024-07-03 11:37:00,ALT,6.664000034332275,6.664000034332275,6.675000190734863,6.664000034332275,6.675000190734863,2099.0
2024-07-03 11:37:00,ALVR,0.7366999983787537,0.7366999983787537,0.7366999983787537,0.7366999983787537,0.7366999983787537,420.0
2024-07-03 11:37:00,ALXO,5.849999904632568,5.849999904632568,5.860000133514404,5.849999904632568,5.860000133514404,980.0
2024-07-03 11:37:00,AMED,97.0,97.0,97.0,96.93499755859375,97.0,2789.0
2024-07-03 11:37:00,AMGN,307.7799987792969,307.7799987792969,307.9399108886719,307.739990234375,307.7900085449219,3044.0
2024-07-03 11:37:00,AMLX,1.7549999952316284,1.7549999952316284,1.7599999904632568,1.75,1.75,5805.0
2024-07-03 11:37:00,AMRN,0.694599986076355,0.694599986076355,0.6948999762535095,0.6941999793052673,0.6941999793052673,5139.0
2024-07-03 11:37:00,ANNX,4.789999961853027,4.789999961853027,4.789999961853027,4.789999961853027,4.789999961853027,896.0
2024-07-03 11:37:00,ANTX,2.5,2.5,2.5,2.490000009536743,2.490000009536743,1698.0
2024-07-03 11:37:00,APDN,0.3840000033378601,0.3840000033378601,0.3874000012874603,0.3840000033378601,0.3874000012874603,10555.0
2024-07-03 11:37:00,APLS,35.619998931884766,35.619998931884766,35.619998931884766,35.560001373291016,35.560001373291016,904.0
2024-07-03 11:37:00,APLT,4.340000152587891,4.340000152587891,4.34499979019165,4.340000152587891,4.34499979019165,258.0
2024-07-03 11:37:00,APVO,0.3100999891757965,0.3100999891757965,0.3100999891757965,0.3100999891757965,0.3100999891757965,1000.0
2024-07-03 11:37:00,AQST,2.4049999713897705,2.4049999713897705,2.4100000858306885,2.4049999713897705,2.4049999713897705,12028.0
2024-07-03 11:37:00,ARAY,1.7400000095367432,1.7400000095367432,1.7400000095367432,1.7400000095367432,1.7400000095367432,1874.0
2024-07-03 11:37:00,ARCT,21.5,21.5,21.510000228881836,21.5,21.510000228881836,653.0
2024-07-03 11:37:00,ARDX,5.25,5.25,5.25,5.239999771118164,5.244999885559082,5516.0
2024-07-03 11:37:00,ARQT,9.654999732971191,9.654999732971191,9.654999732971191,9.649999618530273,9.654999732971191,718.0
2024-07-03 11:37:00,ARVN,24.058500289916992,24.058500289916992,24.059999465942383,24.010000228881836,24.040000915527344,3160.0
2024-07-03 11:37:00,ARWR,25.389999389648438,25.389999389648438,25.389999389648438,25.389999389648438,25.389999389648438,623.0
2024-07-03 11:37:00,ASMB,11.569999694824219,11.569999694824219,11.569999694824219,11.569999694824219,11.569999694824219,208.0
2024-07-03 11:37:00,ASND,135.6649932861328,135.6649932861328,135.6649932861328,135.6649932861328,135.6649932861328,157.0
2024-07-03 11:37:00,ASRT,1.3205000162124634,1.3205000162124634,1.3299000263214111,1.3205000162124634,1.3299000263214111,1318.0
2024-07-03 11:37:00,ATHA,2.509999990463257,2.509999990463257,2.509999990463257,2.509999990463257,2.509999990463257,692.0
2024-07-03 11:37:00,ATRC,22.360000610351562,22.360000610351562,22.360000610351562,22.274999618530273,22.274999618530273,2833.0
2024-07-03 11:37:00,AUGX,1.0,1.0,1.0049999952316284,1.0,1.0,751.0
2024-07-03 11:37:00,AUTL,3.4800000190734863,3.4800000190734863,3.4800000190734863,3.4800000190734863,3.4800000190734863,223.0
2024-07-03 11:37:00,AVDL,14.390000343322754,14.390000343322754,14.40999984741211,14.390000343322754,14.40999984741211,2226.0
2024-07-03 11:37:00,AVIR,3.2850000858306885,3.2850000858306885,3.2850000858306885,3.2850000858306885,3.2850000858306885,200.0
2024-07-03 11:37:00,AVTE,1.625,1.625,1.625,1.6217999458312988,1.6217999458312988,599.0
2024-07-03 11:37:00,AVXL,4.175000190734863,4.175000190734863,4.175000190734863,4.170000076293945,4.173999786376953,2635.0
2024-07-03 11:37:00,AXGN,7.409999847412109,7.409999847412109,7.409999847412109,7.409999847412109,7.409999847412109,646.0
2024-07-03 11:37:00,AXNX,67.5,67.5,67.5,67.5,67.5,194.0
2024-07-03 11:37:00,AXSM,79.63999938964844,79.63999938964844,79.63999938964844,79.5999984741211,79.5999984741211,1402.0
2024-07-03 11:37:00,AZN,76.7699966430664,76.7699966430664,76.7699966430664,76.76000213623047,76.76000213623047,3927.0
2024-07-03 11:37:00,BBIO,25.350000381469727,25.350000381469727,25.350000381469727,25.34000015258789,25.34000015258789,790.0
2024-07-03 11:37:00,BCAB,1.375,1.375,1.3849999904632568,1.3700000047683716,1.3849999904632568,7341.0
2024-07-03 11:37:00,BCRX,6.454999923706055,6.454999923706055,6.454999923706055,6.454999923706055,6.454999923706055,714.0
2024-07-03 11:37:00,BCYC,19.6299991607666,19.6299991607666,19.6299991607666,19.610000610351562,19.6200008392334,1617.0
2024-07-03 11:37:00,BDTX,4.335000038146973,4.335000038146973,4.349999904632568,4.335000038146973,4.349999904632568,3768.0
2024-07-03 11:37:00,BEAM,23.559999465942383,23.559999465942383,23.559999465942383,23.53499984741211,23.540000915527344,952.0
2024-07-03 11:37:00,BIIB,223.55999755859375,223.55999755859375,223.55999755859375,223.52999877929688,223.52999877929688,2327.0
2024-07-03 11:37:00,BJDX,0.6302000284194946,0.6302000284194946,0.6302000284194946,0.6302000284194946,0.6302000284194946,616.0
2024-07-03 11:37:00,BLRX,0.5296000242233276,0.5296000242233276,0.5296000242233276,0.5296000242233276,0.5296000242233276,0.0
2024-07-03 11:37:00,BLUE,0.9296000003814697,0.9296000003814697,0.9296000003814697,0.9290000200271606,0.9294000267982483,50541.0
2024-07-03 11:37:00,BMEA,4.369999885559082,4.369999885559082,4.380000114440918,4.369999885559082,4.380000114440918,3882.0
2024-07-03 11:37:00,BMRN,81.01499938964844,81.01499938964844,81.01499938964844,81.01499938964844,81.01499938964844,591.0
2024-07-03 11:37:00,BNGO,0.5579000115394592,0.5579000115394592,0.5579000115394592,0.5579000115394592,0.5579000115394592,3135.0
2024-07-03 11:37:00,BNTX,79.87000274658203,79.87000274658203,79.87000274658203,79.84500122070312,79.87000274658203,1496.0
2024-07-03 11:37:00,BRKR,61.5099983215332,61.5099983215332,61.560001373291016,61.5099983215332,61.54999923706055,2485.0
2024-07-03 11:37:00,BTAI,1.0800000429153442,1.0800000429153442,1.0800000429153442,1.0800000429153442,1.0800000429153442,2816.0
2024-07-03 11:37:00,BTCY,0.7459999918937683,0.7459999918937683,0.7459999918937683,0.7459999918937683,0.7459999918937683,2125.0
2024-07-03 11:37:00,BYSI,2.494999885559082,2.494999885559082,2.494999885559082,2.494999885559082,2.494999885559082,200.0
2024-07-03 11:37:00,CABA,7.559999942779541,7.559999942779541,7.570000171661377,7.559999942779541,7.570000171661377,2816.0
2024-07-03 11:37:00,CAPR,4.71999979019165,4.71999979019165,4.724999904632568,4.71999979019165,4.71999979019165,1571.0
2024-07-03 11:37:00,CARA,0.2888999879360199,0.2888999879360199,0.2888999879360199,0.2888999879360199,0.2888999879360199,1146.0
2024-07-03 11:37:00,CCCC,4.605000019073486,4.605000019073486,4.614999771118164,4.605000019073486,4.610000133514404,1675.0
2024-07-03 11:37:00,CCRN,13.789999961853027,13.789999961853027,13.789999961853027,13.789999961853027,13.789999961853027,604.0
2024-07-03 11:37:00,CDMO,7.690000057220459,7.690000057220459,7.710000038146973,7.684999942779541,7.699999809265137,9444.0
2024-07-03 11:37:00,CDNA,15.130000114440918,15.130000114440918,15.140000343322754,15.109999656677246,15.140000343322754,1230.0
2024-07-03 11:37:00,CDXS,2.880000114440918,2.880000114440918,2.880000114440918,2.869999885559082,2.869999885559082,627.0
2024-07-03 11:37:00,CELC,16.229999542236328,16.229999542236328,16.229999542236328,16.229999542236328,16.229999542236328,148.0
2024-07-03 11:37:00,CERE,39.63999938964844,39.63999938964844,39.81890106201172,39.59000015258789,39.7400016784668,59739.0
2024-07-03 11:37:00,CGC,6.539899826049805,6.539899826049805,6.539899826049805,6.525000095367432,6.534999847412109,3934.0
2024-07-03 11:37:00,CGEN,1.6299999952316284,1.6299999952316284,1.6299999952316284,1.6150000095367432,1.6150000095367432,7267.0
2024-07-03 11:37:00,CHRS,1.3981000185012817,1.3981000185012817,1.3981000185012817,1.3981000185012817,1.3981000185012817,252.0
2024-07-03 11:37:00,CING,0.33000001311302185,0.33000001311302185,0.33000001311302185,0.33000001311302185,0.33000001311302185,0.0
2024-07-03 11:37:00,CKPT,2.190000057220459,2.190000057220459,2.190000057220459,2.190000057220459,2.190000057220459,393.0
2024-07-03 11:37:00,CLDX,36.11000061035156,36.11000061035156,36.13999938964844,36.11000061035156,36.13999938964844,1123.0
2024-07-03 11:37:00,CLOV,1.2450000047683716,1.2450000047683716,1.2496000528335571,1.2401000261306763,1.2450000047683716,1140.0
2024-07-03 11:37:00,CLRB,2.430000066757202,2.430000066757202,2.430000066757202,2.430000066757202,2.430000066757202,410.0
2024-07-03 11:37:00,CMPS,6.28000020980835,6.28000020980835,6.28000020980835,6.28000020980835,6.28000020980835,971.0
2024-07-03 11:37:00,CMPX,0.843500018119812,0.843500018119812,0.8471999764442444,0.8399999737739563,0.843500018119812,2184.0
2024-07-03 11:37:00,CNSP,1.5901000499725342,1.5901000499725342,1.6088000535964966,1.590000033378601,1.600000023841858,55966.0
2024-07-03 11:37:00,COGT,8.460000038146973,8.460000038146973,8.479999542236328,8.449999809265137,8.460000038146973,1267.0
2024-07-03 11:37:00,COLL,32.27000045776367,32.27000045776367,32.279998779296875,32.220001220703125,32.220001220703125,2745.0
2024-07-03 11:37:00,CORT,30.229999542236328,30.229999542236328,30.260000228881836,30.229999542236328,30.25,3182.0
2024-07-03 11:37:00,COSM,0.9399999976158142,0.9399999976158142,0.9399999976158142,0.9354000091552734,0.9354000091552734,2602.0
2024-07-03 11:37:00,CPRX,15.449999809265137,15.449999809265137,15.449999809265137,15.449999809265137,15.449999809265137,387.0
2024-07-03 11:37:00,CRBU,1.5716999769210815,1.5716999769210815,1.5716999769210815,1.5700000524520874,1.5700000524520874,578.0
2024-07-03 11:37:00,CRON,2.299999952316284,2.299999952316284,2.299999952316284,2.299999952316284,2.299999952316284,136.0
2024-07-03 11:37:00,CTMX,1.315000057220459,1.315000057220459,1.315000057220459,1.315000057220459,1.315000057220459,308.0
2024-07-03 11:37:00,CTXR,0.4975000023841858,0.4975000023841858,0.4975000023841858,0.4975000023841858,0.4975000023841858,7932.0
2024-07-03 11:37:00,CUE,0.9901999831199646,0.9901999831199646,0.9926999807357788,0.9901000261306763,0.9901000261306763,6033.0
2024-07-03 11:37:00,CUTR,1.2905000448226929,1.2905000448226929,1.2905000448226929,1.2905000448226929,1.2905000448226929,481.0
2024-07-03 11:37:00,CVAC,3.29010009765625,3.29010009765625,3.309999942779541,3.2899999618530273,3.300299882888794,6168.0
2024-07-03 11:37:00,CYTH,1.2301000356674194,1.2301000356674194,1.2301000356674194,1.2301000356674194,1.2301000356674194,652.0
2024-07-03 11:37:00,DAWN,13.329999923706055,13.329999923706055,13.329999923706055,13.329999923706055,13.329999923706055,883.0
2024-07-03 11:37:00,DNLI,21.3700008392334,21.3700008392334,21.3799991607666,21.34000015258789,21.3799991607666,2765.0
2024-07-03 11:37:00,DVAX,11.085000038146973,11.085000038146973,11.085000038146973,11.085000038146973,11.085000038146973,260.0
2024-07-03 11:37:00,DXCM,110.72000122070312,110.72000122070312,110.72000122070312,110.66000366210938,110.66000366210938,3000.0
2024-07-03 11:37:00,DYN,34.279998779296875,34.279998779296875,34.279998779296875,34.18000030517578,34.22999954223633,10073.0
2024-07-03 11:37:00,EDIT,4.650000095367432,4.650000095367432,4.650000095367432,4.650000095367432,4.650000095367432,584.0
2024-07-03 11:37:00,EGRX,5.340000152587891,5.340000152587891,5.340000152587891,5.340000152587891,5.340000152587891,318.0
2024-07-03 11:37:00,ELEV,2.640000104904175,2.640000104904175,2.640000104904175,2.640000104904175,2.640000104904175,352.0
2024-07-03 11:37:00,ENSG,126.58000183105469,126.58000183105469,126.58000183105469,126.56999969482422,126.56999969482422,930.0
2024-07-03 11:37:00,EOLS,10.890000343322754,10.890000343322754,10.890000343322754,10.880000114440918,10.890000343322754,676.0
2024-07-03 11:37:00,ERAS,2.240000009536743,2.240000009536743,2.240000009536743,2.240000009536743,2.240000009536743,1023.0
2024-07-03 11:37:00,ESPR,2.3499999046325684,2.3499999046325684,2.3499999046325684,2.3450000286102295,2.3450000286102295,3740.0
2024-07-03 11:37:00,ETNB,7.5,7.5,7.5,7.5,7.5,3111.0
2024-07-03 11:37:00,EXAS,43.130001068115234,43.130001068115234,43.13999938964844,43.099998474121094,43.13999938964844,3253.0
2024-07-03 11:37:00,EXEL,21.969999313354492,21.969999313354492,22.0,21.969999313354492,22.0,7178.0
2024-07-03 11:37:00,EYEN,0.7800999879837036,0.7800999879837036,0.7800999879837036,0.7800999879837036,0.7800999879837036,600.0
2024-07-03 11:37:00,EYPT,8.319999694824219,8.319999694824219,8.329999923706055,8.319999694824219,8.329999923706055,2479.0
2024-07-03 11:37:00,FATE,3.1600000858306885,3.1600000858306885,3.1600000858306885,3.1600000858306885,3.1600000858306885,238.0
2024-07-03 11:37:00,FDMT,20.93000030517578,20.93000030517578,20.93000030517578,20.920000076293945,20.920000076293945,1109.0
2024-07-03 11:37:00,FGEN,0.70660001039505,0.70660001039505,0.70660001039505,0.70660001039505,0.70660001039505,5454.0
2024-07-03 11:37:00,FHTX,5.492499828338623,5.492499828338623,5.492499828338623,5.492499828338623,5.492499828338623,216.0
2024-07-03 11:37:00,FOLD,9.885000228881836,9.885000228881836,9.890000343322754,9.880000114440918,9.885000228881836,3602.0
2024-07-03 11:37:00,FULC,6.15500020980835,6.15500020980835,6.15500020980835,6.15500020980835,6.15500020980835,729.0
2024-07-03 11:37:00,GALT,2.1500000953674316,2.1500000953674316,2.1500000953674316,2.1500000953674316,2.1500000953674316,159.0
2024-07-03 11:37:00,GBIO,2.4600000381469727,2.4600000381469727,2.4600000381469727,2.440000057220459,2.440000057220459,2135.0
2024-07-03 11:37:00,GERN,4.320000171661377,4.320000171661377,4.320000171661377,4.304999828338623,4.304999828338623,33122.0
2024-07-03 11:37:00,GH,28.299999237060547,28.299999237060547,28.309999465942383,28.299999237060547,28.309999465942383,973.0
2024-07-03 11:37:00,GILD,67.12000274658203,67.12000274658203,67.1500015258789,67.12000274658203,67.1449966430664,8522.0
2024-07-03 11:37:00,GLSI,16.639999389648438,16.639999389648438,16.639999389648438,16.6299991607666,16.6299991607666,1462.0
2024-07-03 11:37:00,GMAB,25.15999984741211,25.15999984741211,25.170000076293945,25.15999984741211,25.170000076293945,209.0
2024-07-03 11:37:00,GOSS,0.9521999955177307,0.9521999955177307,0.9521999955177307,0.9520999789237976,0.9520999789237976,269.0
2024-07-03 11:37:00,GRFS,6.664999961853027,6.664999961853027,6.664999961853027,6.664999961853027,6.664999961853027,483.0
2024-07-03 11:37:00,GRTS,0.5812000036239624,0.5812000036239624,0.5812000036239624,0.5812000036239624,0.5812000036239624,686.0
2024-07-03 11:37:00,GTHX,2.5,2.5,2.5,2.5,2.5,360.0
2024-07-03 11:37:00,HALO,51.96500015258789,51.96500015258789,51.9900016784668,51.96500015258789,51.970001220703125,871.0
2024-07-03 11:37:00,HITI,2.1054000854492188,2.1054000854492188,2.1054000854492188,2.1054000854492188,2.1054000854492188,260.0
2024-07-03 11:37:00,HLVX,14.399999618530273,14.399999618530273,14.399999618530273,14.399999618530273,14.399999618530273,3512.0
2024-07-03 11:37:00,HOLX,73.18000030517578,73.18000030517578,73.19000244140625,73.16500091552734,73.16500091552734,3482.0
2024-07-03 11:37:00,HOOK,0.5924000144004822,0.5924000144004822,0.5924000144004822,0.5924000144004822,0.5924000144004822,201.0
2024-07-03 11:37:00,HQY,83.19999694824219,83.19999694824219,83.19999694824219,83.16000366210938,83.16000366210938,1169.0
2024-07-03 11:37:00,HRMY,30.2450008392334,30.2450008392334,30.2450008392334,30.2450008392334,30.2450008392334,208.0
2024-07-03 11:37:00,HROW,21.55500030517578,21.55500030517578,21.55500030517578,21.55500030517578,21.55500030517578,189.0
2024-07-03 11:37:00,HRTX,2.747999906539917,2.747999906539917,2.750200033187866,2.740000009536743,2.75,4164.0
2024-07-03 11:37:00,HSIC,64.87999725341797,64.87999725341797,64.87999725341797,64.87999725341797,64.87999725341797,800.0
2024-07-03 11:37:00,HUGE,0.14550000429153442,0.14550000429153442,0.14550000429153442,0.14550000429153442,0.14550000429153442,920.0
2024-07-03 11:37:00,HUMA,5.71999979019165,5.71999979019165,5.71999979019165,5.71999979019165,5.71999979019165,438.0
2024-07-03 11:37:00,IBRX,6.25,6.25,6.250100135803223,6.25,6.250100135803223,3116.0
2024-07-03 11:37:00,ICAD,1.2100000381469727,1.2100000381469727,1.2300000190734863,1.2100000381469727,1.215000033378601,0.0
2024-07-03 11:37:00,IDYA,33.43000030517578,33.43000030517578,33.5,33.43000030517578,33.5,785.0
2024-07-03 11:37:00,IGMS,6.519999980926514,6.519999980926514,6.525000095367432,6.449999809265137,6.525000095367432,15623.0
2024-07-03 11:37:00,IINN,1.4375,1.4375,1.4375,1.4375,1.4375,352.0
2024-07-03 11:37:00,ILMN,105.19999694824219,105.19999694824219,105.23999786376953,105.19999694824219,105.2300033569336,1688.0
2024-07-03 11:37:00,IMCR,36.005001068115234,36.005001068115234,36.05500030517578,36.005001068115234,36.029998779296875,418.0
2024-07-03 11:37:00,IMMX,2.3864998817443848,2.3864998817443848,2.3864998817443848,2.3701000213623047,2.3708999156951904,3389.0
2024-07-03 11:37:00,IMNM,12.079999923706055,12.079999923706055,12.125,12.069999694824219,12.125,3090.0
2024-07-03 11:37:00,IMRX,1.1302000284194946,1.1302000284194946,1.1302000284194946,1.1302000284194946,1.1302000284194946,554.0
2024-07-03 11:37:00,IMVT,26.190000534057617,26.190000534057617,26.190000534057617,26.15049934387207,26.15049934387207,547.0
2024-07-03 11:37:00,INCY,57.96500015258789,57.96500015258789,57.970001220703125,57.94499969482422,57.94499969482422,6271.0
2024-07-03 11:37:00,INGN,7.96999979019165,7.96999979019165,7.96999979019165,7.96999979019165,7.96999979019165,370.0
2024-07-03 11:37:00,INM,0.24660000205039978,0.24660000205039978,0.25209999084472656,0.24660000205039978,0.25209999084472656,25843.0
2024-07-03 11:37:00,INMD,17.540000915527344,17.540000915527344,17.540000915527344,17.540000915527344,17.540000915527344,660.0
2024-07-03 11:37:00,INSM,61.68000030517578,61.68000030517578,61.75,61.68000030517578,61.75,3470.0
2024-07-03 11:37:00,INZY,4.460000038146973,4.460000038146973,4.489999771118164,4.460000038146973,4.469799995422363,23117.0
2024-07-03 11:37:00,IONS,44.709999084472656,44.709999084472656,44.709999084472656,44.689998626708984,44.709999084472656,1145.0
2024-07-03 11:37:00,IOVA,7.514999866485596,7.514999866485596,7.519899845123291,7.5100998878479,7.514999866485596,7609.0
2024-07-03 11:37:00,IRWD,6.119999885559082,6.119999885559082,6.125,6.119999885559082,6.125,1566.0
2024-07-03 11:37:00,ISRG,434.2580871582031,434.2580871582031,434.2580871582031,434.2580871582031,434.2580871582031,992.0
2024-07-03 11:37:00,ITCI,68.30999755859375,68.30999755859375,68.31999969482422,68.29000091552734,68.30000305175781,1638.0
2024-07-03 11:37:00,JANX,37.994998931884766,37.994998931884766,38.084999084472656,37.91999816894531,37.9900016784668,1200.0
2024-07-03 11:37:00,JAZZ,103.73999786376953,103.73999786376953,103.73999786376953,103.73999786376953,103.73999786376953,390.0
2024-07-03 11:37:00,KPTI,0.840499997138977,0.840499997138977,0.8424999713897705,0.840499997138977,0.8410000205039978,2851.0
2024-07-03 11:37:00,KRON,1.1467000246047974,1.1467000246047974,1.1467000246047974,1.1467000246047974,1.1467000246047974,3000.0
2024-07-03 11:37:00,KTRA,0.2865999937057495,0.2865999937057495,0.2865999937057495,0.2865999937057495,0.2865999937057495,3709.0
2024-07-03 11:37:00,KZR,0.5781999826431274,0.5781999826431274,0.5781999826431274,0.5770000219345093,0.5770000219345093,426.0
2024-07-03 11:37:00,LAB,1.7999999523162842,1.7999999523162842,1.7999999523162842,1.7949999570846558,1.7949999570846558,721.0
2024-07-03 11:37:00,LEGN,46.2599983215332,46.2599983215332,46.2599983215332,46.224998474121094,46.224998474121094,1355.0
2024-07-03 11:37:00,LFMD,6.704999923706055,6.704999923706055,6.71999979019165,6.699999809265137,6.71999979019165,1655.0
2024-07-03 11:37:00,LFST,5.09499979019165,5.09499979019165,5.09499979019165,5.09499979019165,5.09499979019165,343.0
2024-07-03 11:37:00,LGVN,1.5902999639511108,1.5902999639511108,1.5902999639511108,1.5902999639511108,1.5902999639511108,1000.0
2024-07-03 11:37:00,LMAT,81.4800033569336,81.4800033569336,81.4800033569336,81.4800033569336,81.4800033569336,104.0
2024-07-03 11:37:00,LNTH,79.41500091552734,79.41500091552734,79.41500091552734,79.41500091552734,79.41500091552734,353.0
2024-07-03 11:37:00,LPTX,1.8049999475479126,1.8049999475479126,1.8049999475479126,1.8049999475479126,1.8049999475479126,112.0
2024-07-03 11:37:00,LRMR,7.71999979019165,7.71999979019165,7.71999979019165,7.71999979019165,7.71999979019165,998.0
2024-07-03 11:37:00,LUCY,0.4672999978065491,0.4672999978065491,0.4672999978065491,0.4672999978065491,0.4672999978065491,243.0
2024-07-03 11:37:00,LXRX,1.5992000102996826,1.5992000102996826,1.5992000102996826,1.5950000286102295,1.5950000286102295,7369.0
2024-07-03 11:37:00,LYEL,1.5017999410629272,1.5017999410629272,1.5049999952316284,1.5017999410629272,1.5049999952316284,552.0
2024-07-03 11:37:00,MASI,115.33000183105469,115.33000183105469,115.3499984741211,115.33000183105469,115.3499984741211,1132.0
2024-07-03 11:37:00,MBIO,0.49970000982284546,0.49970000982284546,0.5008999705314636,0.49970000982284546,0.5008999705314636,1669.0
2024-07-03 11:37:00,MCRB,0.7163000106811523,0.7163000106811523,0.7163000106811523,0.7149999737739563,0.7149999737739563,2888.0
2024-07-03 11:37:00,MDXG,6.744999885559082,6.744999885559082,6.744999885559082,6.744999885559082,6.744999885559082,140.0
2024-07-03 11:37:00,ME,0.4043999910354614,0.4043999910354614,0.40450000762939453,0.4043999910354614,0.40450000762939453,272.0
2024-07-03 11:37:00,MEDP,406.9599914550781,406.9599914550781,406.9599914550781,406.9599914550781,406.9599914550781,665.0
2024-07-03 11:37:00,MGNX,4.204999923706055,4.204999923706055,4.204999923706055,4.199999809265137,4.201099872589111,1651.0
2024-07-03 11:37:00,MIRM,33.77000045776367,33.77000045776367,33.77000045776367,33.77000045776367,33.77000045776367,353.0
2024-07-03 11:37:00,MNKD,5.03000020980835,5.03000020980835,5.034999847412109,5.03000020980835,5.034999847412109,401.0
2024-07-03 11:37:00,MOLN,6.559999942779541,6.559999942779541,6.559999942779541,6.559999942779541,6.559999942779541,903.0
2024-07-03 11:37:00,MREO,3.5250000953674316,3.5250000953674316,3.5250000953674316,3.5250000953674316,3.5250000953674316,803.0
2024-07-03 11:37:00,MRNA,115.63999938964844,115.63999938964844,115.76000213623047,115.63999938964844,115.66000366210938,6340.0
2024-07-03 11:37:00,MRSN,1.8550000190734863,1.8550000190734863,1.8550000190734863,1.850000023841858,1.850000023841858,496.0
2024-07-03 11:37:00,MRUS,52.290000915527344,52.290000915527344,52.3650016784668,52.27000045776367,52.31999969482422,1134.0
2024-07-03 11:37:00,MRVI,6.824999809265137,6.824999809265137,6.829999923706055,6.824999809265137,6.824999809265137,3936.0
2024-07-03 11:37:00,MXCT,3.674999952316284,3.674999952316284,3.680000066757202,3.674999952316284,3.680000066757202,641.0
2024-07-03 11:37:00,NBIX,138.4600067138672,138.4600067138672,138.4600067138672,138.4600067138672,138.4600067138672,382.0
2024-07-03 11:37:00,NDRA,0.09600000083446503,0.09600000083446503,0.09600000083446503,0.09549999982118607,0.09549999982118607,7855.0
2024-07-03 11:37:00,NEOG,15.199899673461914,15.199899673461914,15.199899673461914,15.199899673461914,15.199899673461914,4132.0
2024-07-03 11:37:00,NKTR,1.2450000047683716,1.2450000047683716,1.2450000047683716,1.2450000047683716,1.2450000047683716,1440.0
2024-07-03 11:37:00,NKTX,5.329999923706055,5.329999923706055,5.329999923706055,5.329999923706055,5.329999923706055,703.0
2024-07-03 11:37:00,NLSP,0.20000000298023224,0.20000000298023224,0.20000000298023224,0.20000000298023224,0.20000000298023224,3307.0
2024-07-03 11:37:00,NNOX,6.960000038146973,6.960000038146973,6.960000038146973,6.960000038146973,6.960000038146973,360.0
2024-07-03 11:37:00,NRC,22.920000076293945,22.920000076293945,22.920000076293945,22.920000076293945,22.920000076293945,827.0
2024-07-03 11:37:00,NRSN,1.3300000429153442,1.3300000429153442,1.3300000429153442,1.2999000549316406,1.2999999523162842,14146.0
2024-07-03 11:37:00,NTLA,22.635000228881836,22.635000228881836,22.65999984741211,22.6200008392334,22.649999618530273,2998.0
2024-07-03 11:37:00,NTRA,111.0199966430664,111.0199966430664,111.11000061035156,111.0199966430664,111.11000061035156,1082.0
2024-07-03 11:37:00,NUVL,71.98999786376953,71.98999786376953,72.16000366210938,71.98999786376953,72.16000366210938,1457.0
2024-07-03 11:37:00,NVAX,12.635000228881836,12.635000228881836,12.649999618530273,12.635000228881836,12.640000343322754,4418.0
2024-07-03 11:37:00,NVCR,16.690000534057617,16.690000534057617,16.700000762939453,16.690000534057617,16.700000762939453,1747.0
2024-07-03 11:37:00,NVOS,0.7652000188827515,0.7652000188827515,0.7652000188827515,0.7652000188827515,0.7652000188827515,1212.0
2024-07-03 11:37:00,NXL,1.3799999952316284,1.3799999952316284,1.3799999952316284,1.3799999952316284,1.3799999952316284,1245.0
2024-07-03 11:37:00,OCGN,1.6200000047683716,1.6200000047683716,1.6200000047683716,1.6117000579833984,1.6150000095367432,3103.0
2024-07-03 11:37:00,OCUL,6.65500020980835,6.65500020980835,6.664999961853027,6.65500020980835,6.664999961853027,878.0
2024-07-03 11:37:00,OGI,1.5800000429153442,1.5800000429153442,1.5800000429153442,1.5789999961853027,1.5799000263214111,1861.0
2024-07-03 11:37:00,OLK,25.75,25.75,25.75,25.75,25.75,61.0
2024-07-03 11:37:00,OLMA,10.5649995803833,10.5649995803833,10.59000015258789,10.5649995803833,10.59000015258789,2155.0
2024-07-03 11:37:00,OM,3.869999885559082,3.869999885559082,3.875,3.869999885559082,3.869999885559082,279.0
2024-07-03 11:37:00,OMER,3.8499999046325684,3.8499999046325684,3.859999895095825,3.8399999141693115,3.8399999141693115,4306.0
2024-07-03 11:37:00,OMGA,1.9550000429153442,1.9550000429153442,1.9550000429153442,1.9550000429153442,1.9550000429153442,0.0
2024-07-03 11:38:00,ABSI,3.1700000762939453,3.1700000762939453,3.1700000762939453,3.1500000953674316,3.1700000762939453,11773.0
2024-07-03 11:38:00,ACAD,15.59000015258789,15.59000015258789,15.600000381469727,15.59000015258789,15.600000381469727,1555.0
2024-07-03 11:38:00,ACB,4.872000217437744,4.872000217437744,4.880000114440918,4.872000217437744,4.880000114440918,1085.0
2024-07-03 11:38:00,ACCD,3.5299999713897705,3.5299999713897705,3.5450000762939453,3.5299999713897705,3.5450000762939453,4245.0
2024-07-03 11:38:00,ACET,1.059999942779541,1.059999942779541,1.0700000524520874,1.059999942779541,1.065000057220459,2868.0
2024-07-03 11:38:00,ACHC,66.55000305175781,66.55000305175781,66.55000305175781,66.55000305175781,66.55000305175781,2753.0
2024-07-03 11:38:00,ACRS,1.149999976158142,1.149999976158142,1.149999976158142,1.149999976158142,1.149999976158142,317.0
2024-07-03 11:38:00,ADAP,1.0049999952316284,1.0049999952316284,1.0049999952316284,1.0,1.0,2531.0
2024-07-03 11:38:00,ADMA,11.265000343322754,11.265000343322754,11.265000343322754,11.265000343322754,11.265000343322754,616.0
2024-07-03 11:38:00,ADPT,3.365000009536743,3.365000009536743,3.365000009536743,3.365000009536743,3.365000009536743,541.0
2024-07-03 11:38:00,ADUS,117.44999694824219,117.44999694824219,117.44999694824219,117.44999694824219,117.44999694824219,859.0
2024-07-03 11:38:00,ADVM,7.03000020980835,7.03000020980835,7.03000020980835,7.03000020980835,7.03000020980835,116.0
2024-07-03 11:38:00,AGEN,14.399999618530273,14.399999618530273,14.399999618530273,14.3996000289917,14.3996000289917,643.0
2024-07-03 11:38:00,AGIO,41.75,41.75,41.75,41.75,41.75,160.0
2024-07-03 11:38:00,AKBA,0.9498999714851379,0.9498999714851379,0.9498999714851379,0.9498999714851379,0.9498999714851379,6478.0
2024-07-03 11:38:00,ALDX,3.1600000858306885,3.1600000858306885,3.1600000858306885,3.1600000858306885,3.1600000858306885,257.0
2024-07-03 11:38:00,ALEC,4.429999828338623,4.429999828338623,4.429999828338623,4.429999828338623,4.429999828338623,559.0
2024-07-03 11:38:00,ALGS,0.42500001192092896,0.42500001192092896,0.42500001192092896,0.42500001192092896,0.42500001192092896,233.0
2024-07-03 11:38:00,ALHC,7.989999771118164,7.989999771118164,7.989999771118164,7.980000019073486,7.980000019073486,2149.0
2024-07-03 11:38:00,ALKS,24.25,24.25,24.25,24.25,24.25,416.0
2024-07-03 11:38:00,ALLK,0.8295999765396118,0.8295999765396118,0.8295999765396118,0.8252000212669373,0.8252000212669373,247.0
2024-07-03 11:38:00,ALLO,2.115000009536743,2.115000009536743,2.119999885559082,2.115000009536743,2.115000009536743,2778.0
2024-07-03 11:38:00,ALLR,0.20149999856948853,0.20149999856948853,0.2029999941587448,0.20149999856948853,0.2029999941587448,15220.0
2024-07-03 11:38:00,ALNY,246.7100067138672,246.7100067138672,246.7100067138672,246.7100067138672,246.7100067138672,544.0
2024-07-03 11:38:00,ALT,6.664999961853027,6.664999961853027,6.664999961853027,6.659999847412109,6.659999847412109,630.0
2024-07-03 11:38:00,AMGN,307.7950134277344,307.7950134277344,307.8699951171875,307.7900085449219,307.8699951171875,888.0
2024-07-03 11:38:00,AMLX,1.7598999738693237,1.7598999738693237,1.7599999904632568,1.75,1.7599999904632568,26734.0
2024-07-03 11:38:00,AMPH,38.369998931884766,38.369998931884766,38.41999816894531,38.369998931884766,38.400001525878906,2061.0
2024-07-03 11:38:00,ANAB,25.0,25.0,25.0,25.0,25.0,228.0
2024-07-03 11:38:00,ANGO,5.650100231170654,5.650100231170654,5.650100231170654,5.650100231170654,5.650100231170654,1123.0
2024-07-03 11:38:00,ANNX,4.789999961853027,4.789999961853027,4.789999961853027,4.789999961853027,4.789999961853027,700.0
2024-07-03 11:38:00,ANTX,2.505000114440918,2.505000114440918,2.505000114440918,2.505000114440918,2.505000114440918,300.0
2024-07-03 11:38:00,APDN,0.3874000012874603,0.3874000012874603,0.3874000012874603,0.3840000033378601,0.3874000012874603,915.0
2024-07-03 11:38:00,APLS,35.560001373291016,35.560001373291016,35.560001373291016,35.560001373291016,35.560001373291016,391.0
2024-07-03 11:38:00,APLT,4.340000152587891,4.340000152587891,4.340000152587891,4.340000152587891,4.340000152587891,131.0
2024-07-03 11:38:00,APYX,1.3899999856948853,1.3899999856948853,1.3899999856948853,1.3899999856948853,1.3899999856948853,1183.0
2024-07-03 11:38:00,ARCT,21.4950008392334,21.4950008392334,21.4950008392334,21.4950008392334,21.4950008392334,224.0
2024-07-03 11:38:00,ARDX,5.239999771118164,5.239999771118164,5.25,5.235000133514404,5.244999885559082,17957.0
2024-07-03 11:38:00,ARGX,435.5299987792969,435.5299987792969,435.5299987792969,435.5299987792969,435.5299987792969,132.0
2024-07-03 11:38:00,ARQT,9.670000076293945,9.670000076293945,9.670000076293945,9.649999618530273,9.654999732971191,6049.0
2024-07-03 11:38:00,ASRT,1.3300000429153442,1.3300000429153442,1.3300000429153442,1.3250000476837158,1.3250000476837158,1341.0
2024-07-03 11:38:00,ATOS,1.159999966621399,1.159999966621399,1.159999966621399,1.159999966621399,1.159999966621399,302.0
2024-07-03 11:38:00,ATRC,22.315000534057617,22.315000534057617,22.34000015258789,22.315000534057617,22.34000015258789,916.0
2024-07-03 11:38:00,ATRI,453.17999267578125,453.17999267578125,453.17999267578125,453.17999267578125,453.17999267578125,218.0
2024-07-03 11:38:00,ATXS,9.020000457763672,9.020000457763672,9.020000457763672,9.020000457763672,9.020000457763672,824.0
2024-07-03 11:38:00,AUGX,1.0,1.0,1.0,1.0,1.0,759.0
2024-07-03 11:38:00,AUPH,5.465000152587891,5.465000152587891,5.465000152587891,5.465000152587891,5.465000152587891,315.0
2024-07-03 11:38:00,AUTL,3.4800000190734863,3.4800000190734863,3.4800000190734863,3.4800000190734863,3.4800000190734863,226.0
2024-07-03 11:38:00,AVDL,14.390000343322754,14.390000343322754,14.390000343322754,14.390000343322754,14.390000343322754,121.0
2024-07-03 11:38:00,AVTE,1.625,1.625,1.625,1.625,1.625,1000.0
2024-07-03 11:38:00,AXGN,7.420000076293945,7.420000076293945,7.420000076293945,7.420000076293945,7.420000076293945,838.0
2024-07-03 11:38:00,AXNX,67.52999877929688,67.52999877929688,67.52999877929688,67.52999877929688,67.52999877929688,320.0
2024-07-03 11:38:00,AZN,76.80000305175781,76.80000305175781,76.80500030517578,76.7750015258789,76.79499816894531,3376.0
2024-07-03 11:38:00,AZTA,52.43000030517578,52.43000030517578,52.43000030517578,52.43000030517578,52.43000030517578,904.0
2024-07-03 11:38:00,BBIO,25.34000015258789,25.34000015258789,25.350000381469727,25.329999923706055,25.339500427246094,1536.0
2024-07-03 11:38:00,BCRX,6.449999809265137,6.449999809265137,6.454999923706055,6.449999809265137,6.454999923706055,4796.0
2024-07-03 11:38:00,BCYC,19.584999084472656,19.584999084472656,19.6299991607666,19.584999084472656,19.6200008392334,417.0
2024-07-03 11:38:00,BDTX,4.349999904632568,4.349999904632568,4.349999904632568,4.349999904632568,4.349999904632568,200.0
2024-07-03 11:38:00,BEAM,23.540000915527344,23.540000915527344,23.559999465942383,23.520000457763672,23.559999465942383,982.0
2024-07-03 11:38:00,BEAT,2.809999942779541,2.809999942779541,2.809999942779541,2.808000087738037,2.808000087738037,700.0
2024-07-03 11:38:00,BFRI,0.8270000219345093,0.8270000219345093,0.8270000219345093,0.8270000219345093,0.8270000219345093,0.0
2024-07-03 11:38:00,BGNE,147.59500122070312,147.59500122070312,147.59500122070312,147.5500030517578,147.5500030517578,1724.0
2024-07-03 11:38:00,BGXX,0.2669000029563904,0.2669000029563904,0.2694000005722046,0.2669000029563904,0.2689000070095062,2778.0
2024-07-03 11:38:00,BLRX,0.5295000076293945,0.5295000076293945,0.5295000076293945,0.5295000076293945,0.5295000076293945,500.0
2024-07-03 11:38:00,BLUE,0.9297000169754028,0.9297000169754028,0.9297000169754028,0.9259999990463257,0.9261000156402588,13216.0
2024-07-03 11:38:00,BMEA,4.360000133514404,4.360000133514404,4.360000133514404,4.360000133514404,4.360000133514404,445.0
2024-07-03 11:38:00,BMRN,81.0199966430664,81.0199966430664,81.04000091552734,80.98999786376953,81.0,15123.0
2024-07-03 11:38:00,BNGO,0.5579000115394592,0.5579000115394592,0.5579000115394592,0.5579000115394592,0.5579000115394592,2542.0
2024-07-03 11:38:00,BNTX,79.87000274658203,79.87000274658203,79.87000274658203,79.81999969482422,79.81999969482422,1299.0
2024-07-03 11:38:00,BPMC,110.91000366210938,110.91000366210938,110.91000366210938,110.91000366210938,110.91000366210938,306.0
2024-07-03 11:38:00,BRKR,61.53499984741211,61.53499984741211,61.53499984741211,61.5099983215332,61.529998779296875,1835.0
2024-07-03 11:38:00,BTAI,1.0885000228881836,1.0885000228881836,1.0885000228881836,1.0885000228881836,1.0885000228881836,249.0
2024-07-03 11:38:00,CCCC,4.610000133514404,4.610000133514404,4.610000133514404,4.605000019073486,4.605000019073486,1412.0
2024-07-03 11:38:00,CCRN,13.789999961853027,13.789999961853027,13.789999961853027,13.789999961853027,13.789999961853027,728.0
2024-07-03 11:38:00,CDMO,7.710000038146973,7.710000038146973,7.710000038146973,7.699999809265137,7.699999809265137,2729.0
2024-07-03 11:38:00,CDNA,15.140000343322754,15.140000343322754,15.140000343322754,15.140000343322754,15.140000343322754,470.0
2024-07-03 11:38:00,CDTX,12.210000038146973,12.210000038146973,12.210000038146973,12.210000038146973,12.210000038146973,2847.0
2024-07-03 11:38:00,CDXS,2.880000114440918,2.880000114440918,2.880000114440918,2.875,2.875,408.0
2024-07-03 11:38:00,CELC,16.280000686645508,16.280000686645508,16.280000686645508,16.239999771118164,16.239999771118164,474.0
2024-07-03 11:38:00,CERE,39.66999816894531,39.66999816894531,39.70000076293945,39.61000061035156,39.689998626708984,18936.0
2024-07-03 11:38:00,CERS,1.7100000381469727,1.7100000381469727,1.7100000381469727,1.7100000381469727,1.7100000381469727,521.0
2024-07-03 11:38:00,CERT,13.789999961853027,13.789999961853027,13.789999961853027,13.789999961853027,13.789999961853027,200.0
2024-07-03 11:38:00,CGC,6.534999847412109,6.534999847412109,6.534999847412109,6.534999847412109,6.534999847412109,928.0
2024-07-03 11:38:00,CGEM,16.8799991607666,16.8799991607666,16.8799991607666,16.8799991607666,16.8799991607666,461.0
2024-07-03 11:38:00,CGEN,1.6349999904632568,1.6349999904632568,1.6349999904632568,1.6349999904632568,1.6349999904632568,1977.0
2024-07-03 11:38:00,CHRS,1.3949999809265137,1.3949999809265137,1.3949999809265137,1.3949999809265137,1.3949999809265137,945.0
2024-07-03 11:38:00,CLLS,2.099900007247925,2.099900007247925,2.099900007247925,2.069999933242798,2.069999933242798,4942.0
2024-07-03 11:38:00,CLNN,0.32510000467300415,0.32510000467300415,0.32510000467300415,0.32510000467300415,0.32510000467300415,435.0
2024-07-03 11:38:00,CLOV,1.2450000047683716,1.2450000047683716,1.25,1.2450000047683716,1.25,1418.0
2024-07-03 11:38:00,CMAX,2.1500000953674316,2.1500000953674316,2.1500000953674316,2.1500000953674316,2.1500000953674316,101.0
2024-07-03 11:38:00,CMPX,0.8479999899864197,0.8479999899864197,0.8479999899864197,0.8436999917030334,0.8436999917030334,2153.0
2024-07-03 11:38:00,CNSP,1.5290000438690186,1.5290000438690186,1.5959999561309814,1.4199999570846558,1.5902999639511108,266196.0
2024-07-03 11:38:00,COGT,8.46500015258789,8.46500015258789,8.46500015258789,8.46500015258789,8.46500015258789,225.0
2024-07-03 11:38:00,COSM,0.9398999810218811,0.9398999810218811,0.9398999810218811,0.9398999810218811,0.9398999810218811,0.0
2024-07-03 11:38:00,CPRX,15.4350004196167,15.4350004196167,15.453800201416016,15.4350004196167,15.453800201416016,1172.0
2024-07-03 11:38:00,CRBU,1.5800000429153442,1.5800000429153442,1.5800000429153442,1.5700000524520874,1.5700000524520874,2828.0
2024-07-03 11:38:00,CRDL,1.9110000133514404,1.9110000133514404,1.9110000133514404,1.9110000133514404,1.9110000133514404,2499.0
2024-07-03 11:38:00,CRMD,4.139999866485596,4.139999866485596,4.139999866485596,4.135000228881836,4.135000228881836,312.0
2024-07-03 11:38:00,CRNX,44.79499816894531,44.79499816894531,44.845001220703125,44.79499816894531,44.845001220703125,1851.0
2024-07-03 11:38:00,CRON,2.305000066757202,2.305000066757202,2.305000066757202,2.305000066757202,2.305000066757202,1448.0
2024-07-03 11:38:00,CRSP,53.630001068115234,53.630001068115234,53.630001068115234,53.630001068115234,53.630001068115234,149.0
2024-07-03 11:38:00,CTKB,5.614999771118164,5.614999771118164,5.614999771118164,5.610000133514404,5.610000133514404,5571.0
2024-07-03 11:38:00,CTMX,1.309999942779541,1.309999942779541,1.3179999589920044,1.309999942779541,1.3179999589920044,528.0
2024-07-03 11:38:00,CTXR,0.4952999949455261,0.4952999949455261,0.4986000061035156,0.4952999949455261,0.4986000061035156,2896.0
2024-07-03 11:38:00,CUE,0.9952999949455261,0.9952999949455261,0.9952999949455261,0.9926999807357788,0.9926999807357788,0.0
2024-07-03 11:38:00,CVAC,3.305000066757202,3.305000066757202,3.309999942779541,3.299999952316284,3.299999952316284,12931.0
2024-07-03 11:38:00,CYTK,54.63999938964844,54.63999938964844,54.650001525878906,54.63999938964844,54.650001525878906,791.0
2024-07-03 11:38:00,DARE,3.309999942779541,3.309999942779541,3.309999942779541,3.309999942779541,3.309999942779541,213.0
2024-07-03 11:38:00,DAWN,13.34000015258789,13.34000015258789,13.34000015258789,13.329999923706055,13.329999923706055,1441.0
2024-07-03 11:38:00,DNLI,21.399999618530273,21.399999618530273,21.399999618530273,21.385000228881836,21.385000228881836,1250.0
2024-07-03 11:38:00,DVAX,11.079999923706055,11.079999923706055,11.085000038146973,11.074999809265137,11.085000038146973,4983.0
2024-07-03 11:38:00,DXCM,110.69999694824219,110.69999694824219,110.69999694824219,110.69999694824219,110.69999694824219,1133.0
2024-07-03 11:38:00,DYN,34.20500183105469,34.20500183105469,34.25,34.18000030517578,34.25,1736.0
2024-07-03 11:38:00,EDIT,4.650000095367432,4.650000095367432,4.650000095367432,4.650000095367432,4.650000095367432,154.0
2024-07-03 11:38:00,ELEV,2.6500000953674316,2.6500000953674316,2.6600000858306885,2.6500000953674316,2.6500000953674316,2468.0
2024-07-03 11:38:00,ELYM,6.795000076293945,6.795000076293945,6.795000076293945,6.760000228881836,6.760000228881836,1742.0
2024-07-03 11:38:00,EMBC,12.050000190734863,12.050000190734863,12.050000190734863,12.029999732971191,12.029999732971191,544.0
2024-07-03 11:38:00,ENTX,1.6649999618530273,1.6649999618530273,1.6699999570846558,1.6299999952316284,1.6699999570846558,5147.0
2024-07-03 11:38:00,ENVB,0.5199999809265137,0.5199999809265137,0.5199999809265137,0.5199999809265137,0.5199999809265137,169.0
2024-07-03 11:38:00,EOLS,10.880000114440918,10.880000114440918,10.880000114440918,10.880000114440918,10.880000114440918,317.0
2024-07-03 11:38:00,ESPR,2.3399999141693115,2.3399999141693115,2.3499999046325684,2.3399999141693115,2.3450000286102295,16548.0
2024-07-03 11:38:00,EWTX,18.075000762939453,18.075000762939453,18.075000762939453,18.075000762939453,18.075000762939453,556.0
2024-07-03 11:38:00,EXAS,43.119998931884766,43.119998931884766,43.119998931884766,43.1077995300293,43.1077995300293,629.0
2024-07-03 11:38:00,EXEL,21.975000381469727,21.975000381469727,21.975000381469727,21.975000381469727,21.975000381469727,635.0
2024-07-03 11:38:00,EYEN,0.7843999862670898,0.7843999862670898,0.7843999862670898,0.7800999879837036,0.7800999879837036,537.0
2024-07-03 11:38:00,FATE,3.1600000858306885,3.1600000858306885,3.1696999073028564,3.1600000858306885,3.1696999073028564,1298.0
2024-07-03 11:38:00,FGEN,0.7088000178337097,0.7088000178337097,0.7099999785423279,0.70660001039505,0.70660001039505,27407.0
2024-07-03 11:38:00,FOLD,9.899999618530273,9.899999618530273,9.904999732971191,9.885000228881836,9.885000228881836,8972.0
2024-07-03 11:38:00,FULC,6.150000095367432,6.150000095367432,6.150000095367432,6.144999980926514,6.150000095367432,1798.0
2024-07-03 11:38:00,GALT,2.1500000953674316,2.1500000953674316,2.1500000953674316,2.1500000953674316,2.1500000953674316,705.0
2024-07-03 11:38:00,GANX,1.149999976158142,1.149999976158142,1.149999976158142,1.1399999856948853,1.149999976158142,11197.0
2024-07-03 11:38:00,GDRX,7.809899806976318,7.809899806976318,7.809899806976318,7.809899806976318,7.809899806976318,2140.0
2024-07-03 11:38:00,GERN,4.324999809265137,4.324999809265137,4.324999809265137,4.309999942779541,4.315000057220459,59055.0
2024-07-03 11:38:00,GH,28.280000686645508,28.280000686645508,28.280000686645508,28.280000686645508,28.280000686645508,239.0
2024-07-03 11:38:00,GILD,67.13500213623047,67.13500213623047,67.13500213623047,67.11000061035156,67.11000061035156,6227.0
2024-07-03 11:38:00,GMAB,25.165000915527344,25.165000915527344,25.165000915527344,25.165000915527344,25.165000915527344,116.0
2024-07-03 11:38:00,GOSS,0.9549999833106995,0.9549999833106995,0.9549999833106995,0.9495000243186951,0.9495000243186951,919.0
2024-07-03 11:38:00,GOVX,3.0,3.0,3.0,3.0,3.0,673.0
2024-07-03 11:38:00,GRFS,6.659999847412109,6.659999847412109,6.659999847412109,6.659999847412109,6.659999847412109,74.0
2024-07-03 11:38:00,GRTS,0.5813000202178955,0.5813000202178955,0.5813000202178955,0.5813000202178955,0.5813000202178955,341.0
2024-07-03 11:38:00,GTHX,2.5034000873565674,2.5034000873565674,2.5034000873565674,2.5034000873565674,2.5034000873565674,126.0
2024-07-03 11:38:00,HALO,52.04999923706055,52.04999923706055,52.04999923706055,52.0,52.0,2168.0
2024-07-03 11:38:00,HLVX,14.420000076293945,14.420000076293945,14.420000076293945,14.420000076293945,14.420000076293945,3417.0
2024-07-03 11:38:00,HOLX,73.21499633789062,73.21499633789062,73.21499633789062,73.18000030517578,73.18000030517578,2381.0
2024-07-03 11:38:00,HOOK,0.5924000144004822,0.5924000144004822,0.5924000144004822,0.5924000144004822,0.5924000144004822,1583.0
2024-07-03 11:38:00,HOWL,2.055000066757202,2.055000066757202,2.055000066757202,2.055000066757202,2.055000066757202,270.0
2024-07-03 11:38:00,HQY,83.29000091552734,83.29000091552734,83.29000091552734,83.22000122070312,83.2300033569336,2705.0
2024-07-03 11:38:00,HRMY,30.219999313354492,30.219999313354492,30.219999313354492,30.219999313354492,30.219999313354492,184.0
2024-07-03 11:38:00,HRTX,2.734999895095825,2.734999895095825,2.734999895095825,2.7300000190734863,2.7339999675750732,3468.0
2024-07-03 11:38:00,HSIC,64.8949966430664,64.8949966430664,64.93000030517578,64.87999725341797,64.88999938964844,6841.0
2024-07-03 11:38:00,HUGE,0.1459999978542328,0.1459999978542328,0.1459999978542328,0.1459999978542328,0.1459999978542328,8239.0
2024-07-03 11:38:00,HUMA,5.710000038146973,5.710000038146973,5.730000019073486,5.710000038146973,5.725200176239014,1764.0
2024-07-03 11:38:00,IART,28.635000228881836,28.635000228881836,28.635000228881836,28.6200008392334,28.6200008392334,322.0
2024-07-03 11:38:00,IDYA,33.47999954223633,33.47999954223633,33.47999954223633,33.47999954223633,33.47999954223633,320.0
2024-07-03 11:38:00,IGMS,6.494999885559082,6.494999885559082,6.494999885559082,6.460000038146973,6.460000038146973,711.0
2024-07-03 11:38:00,IINN,1.4922000169754028,1.4922000169754028,1.4922000169754028,1.440000057220459,1.440000057220459,4924.0
2024-07-03 11:38:00,IKNA,1.649999976158142,1.649999976158142,1.649999976158142,1.649999976158142,1.649999976158142,819.0
2024-07-03 11:38:00,ILMN,105.30999755859375,105.30999755859375,105.37000274658203,105.19999694824219,105.19999694824219,4354.0
2024-07-03 11:38:00,IMMX,2.389899969100952,2.389899969100952,2.390000104904175,2.360100030899048,2.3826000690460205,6004.0
2024-07-03 11:38:00,IMNM,12.074999809265137,12.074999809265137,12.079999923706055,12.0600004196167,12.0600004196167,477.0
2024-07-03 11:38:00,IMUX,1.1399999856948853,1.1399999856948853,1.1399999856948853,1.1399999856948853,1.1399999856948853,401.0
2024-07-03 11:38:00,IMVT,26.200000762939453,26.200000762939453,26.200000762939453,26.200000762939453,26.200000762939453,1043.0
2024-07-03 11:38:00,INCR,2.0899999141693115,2.0899999141693115,2.0899999141693115,2.0899999141693115,2.0899999141693115,441.0
2024-07-03 11:38:00,INCY,57.970001220703125,57.970001220703125,57.970001220703125,57.96500015258789,57.96500015258789,3848.0
2024-07-03 11:38:00,INGN,7.989999771118164,7.989999771118164,7.989999771118164,7.96999979019165,7.96999979019165,1730.0
2024-07-03 11:38:00,INMD,17.540000915527344,17.540000915527344,17.540000915527344,17.53499984741211,17.540000915527344,4156.0
2024-07-03 11:38:00,INO,8.359999656677246,8.359999656677246,8.390000343322754,8.359999656677246,8.390000343322754,1120.0
2024-07-03 11:38:00,INSM,61.72999954223633,61.72999954223633,61.744998931884766,61.65999984741211,61.68000030517578,5957.0
2024-07-03 11:38:00,INVA,16.274999618530273,16.274999618530273,16.274999618530273,16.274999618530273,16.274999618530273,465.0
2024-07-03 11:38:00,INZY,4.449999809265137,4.449999809265137,4.461100101470947,4.440000057220459,4.461100101470947,7942.0
2024-07-03 11:38:00,IONM,0.33250001072883606,0.33250001072883606,0.33250001072883606,0.33250001072883606,0.33250001072883606,424.0
2024-07-03 11:38:00,IONS,44.71500015258789,44.71500015258789,44.71500015258789,44.70000076293945,44.70000076293945,538.0
2024-07-03 11:38:00,IOVA,7.519999980926514,7.519999980926514,7.519999980926514,7.514999866485596,7.517399787902832,15907.0
2024-07-03 11:38:00,IRWD,6.125,6.125,6.125,6.125,6.125,1105.0
2024-07-03 11:38:00,ISRG,434.125,434.125,434.125,434.125,434.125,502.0
2024-07-03 11:38:00,ITCI,68.27999877929688,68.27999877929688,68.27999877929688,68.27999877929688,68.27999877929688,895.0
2024-07-03 11:38:00,ITOS,14.75,14.75,14.770000457763672,14.739999771118164,14.760000228881836,5006.0
2024-07-03 11:38:00,IVVD,1.1150000095367432,1.1150000095367432,1.1150000095367432,1.1100000143051147,1.1100000143051147,543.0
2024-07-03 11:38:00,JAGX,3.48799991607666,3.48799991607666,3.48799991607666,3.48799991607666,3.48799991607666,355.0
2024-07-03 11:38:00,JANX,38.0099983215332,38.0099983215332,38.0099983215332,38.0099983215332,38.0099983215332,973.0
2024-07-03 11:38:00,KMDA,5.210000038146973,5.210000038146973,5.210000038146973,5.210000038146973,5.210000038146973,431.0
2024-07-03 11:38:00,KNSA,18.959999084472656,18.959999084472656,18.959999084472656,18.959999084472656,18.959999084472656,200.0
2024-07-03 11:38:00,KPTI,0.8424999713897705,0.8424999713897705,0.8424999713897705,0.8402000069618225,0.840399980545044,852.0
2024-07-03 11:38:00,KRON,1.1449999809265137,1.1449999809265137,1.1449999809265137,1.1449999809265137,1.1449999809265137,56.0
2024-07-03 11:38:00,KTRA,0.2847000062465668,0.2847000062465668,0.2856999933719635,0.2847000062465668,0.2856999933719635,12079.0
2024-07-03 11:38:00,KZR,0.5770000219345093,0.5770000219345093,0.5770000219345093,0.5770000219345093,0.5770000219345093,206.0
2024-07-03 11:38:00,LAB,1.7999999523162842,1.7999999523162842,1.7999999523162842,1.7949999570846558,1.7949999570846558,1248.0
2024-07-03 11:38:00,LBPH,32.029998779296875,32.029998779296875,32.029998779296875,32.029998779296875,32.029998779296875,954.0
2024-07-03 11:38:00,LEGN,46.279998779296875,46.279998779296875,46.279998779296875,46.279998779296875,46.279998779296875,376.0
2024-07-03 11:38:00,LFMD,6.699999809265137,6.699999809265137,6.704999923706055,6.690000057220459,6.690000057220459,539.0
2024-07-03 11:38:00,LFST,5.099999904632568,5.099999904632568,5.099999904632568,5.099999904632568,5.099999904632568,306.0
2024-07-03 11:38:00,LGVN,1.5954999923706055,1.5954999923706055,1.5954999923706055,1.590000033378601,1.590000033378601,1150.0
2024-07-03 11:38:00,LIVN,52.65999984741211,52.65999984741211,52.65999984741211,52.650001525878906,52.650001525878906,568.0
2024-07-03 11:38:00,LMAT,81.33999633789062,81.33999633789062,81.3499984741211,81.33999633789062,81.3499984741211,1099.0
2024-07-03 11:38:00,LNTH,79.4000015258789,79.4000015258789,79.4000015258789,79.4000015258789,79.4000015258789,255.0
2024-07-03 11:38:00,LOGC,5.715000152587891,5.715000152587891,5.715000152587891,5.715000152587891,5.715000152587891,1237.0
2024-07-03 11:38:00,LPTX,1.8200000524520874,1.8200000524520874,1.8200000524520874,1.8200000524520874,1.8200000524520874,665.0
2024-07-03 11:38:00,LXRX,1.590000033378601,1.590000033378601,1.590000033378601,1.590000033378601,1.590000033378601,2196.0
2024-07-03 11:38:00,LYEL,1.5,1.5,1.5,1.5,1.5,1515.0
2024-07-03 11:38:00,LYRA,0.287200003862381,0.287200003862381,0.287200003862381,0.287200003862381,0.287200003862381,699.0
2024-07-03 11:38:00,MASI,115.20999908447266,115.20999908447266,115.2300033569336,115.20999908447266,115.22000122070312,1255.0
2024-07-03 11:38:00,MBIO,0.4959999918937683,0.4959999918937683,0.5005000233650208,0.4959999918937683,0.5005000233650208,11476.0
2024-07-03 11:38:00,MCRB,0.7156999707221985,0.7156999707221985,0.7156999707221985,0.7156999707221985,0.7156999707221985,2037.0
2024-07-03 11:38:00,MDXG,6.75,6.75,6.75,6.744999885559082,6.744999885559082,2714.0
2024-07-03 11:38:00,ME,0.4043999910354614,0.4043999910354614,0.4043999910354614,0.4041000008583069,0.4041000008583069,1608.0
2024-07-03 11:38:00,MEDS,17.384000778198242,17.384000778198242,17.384000778198242,17.384000778198242,17.384000778198242,150.0
2024-07-03 11:38:00,MGNX,4.204999923706055,4.204999923706055,4.210000038146973,4.200099945068359,4.204999923706055,3085.0
2024-07-03 11:38:00,MIRM,33.72079849243164,33.72079849243164,33.72999954223633,33.72079849243164,33.72999954223633,206.0
2024-07-03 11:38:00,MMSI,85.81999969482422,85.81999969482422,85.81999969482422,85.81999969482422,85.81999969482422,236.0
2024-07-03 11:38:00,MNKD,5.034999847412109,5.034999847412109,5.034999847412109,5.034999847412109,5.034999847412109,1220.0
2024-07-03 11:38:00,MORF,31.780000686645508,31.780000686645508,31.780000686645508,31.780000686645508,31.780000686645508,450.0
2024-07-03 11:38:00,MRNA,115.7750015258789,115.7750015258789,115.80000305175781,115.6875,115.6875,5653.0
2024-07-03 11:38:00,MRNS,1.2050000429153442,1.2050000429153442,1.2050000429153442,1.2009999752044678,1.2009999752044678,1354.0
2024-07-03 11:38:00,MRSN,1.850000023841858,1.850000023841858,1.8550000190734863,1.850000023841858,1.850000023841858,514.0
2024-07-03 11:38:00,MRVI,6.880000114440918,6.880000114440918,6.880000114440918,6.829999923706055,6.829999923706055,7028.0
2024-07-03 11:38:00,MXCT,3.680000066757202,3.680000066757202,3.680000066757202,3.680000066757202,3.680000066757202,4035.0
2024-07-03 11:38:00,MYGN,25.100000381469727,25.100000381469727,25.100000381469727,25.09000015258789,25.100000381469727,999.0
2024-07-03 11:38:00,NARI,49.540000915527344,49.540000915527344,49.6150016784668,49.529998779296875,49.60599899291992,5913.0
2024-07-03 11:38:00,NBIX,138.67999267578125,138.67999267578125,138.67999267578125,138.5500030517578,138.5500030517578,2025.0
2024-07-03 11:38:00,NDRA,0.0966000035405159,0.0966000035405159,0.09709999710321426,0.09600000083446503,0.09600000083446503,200785.0
2024-07-03 11:38:00,NEO,13.729999542236328,13.729999542236328,13.729999542236328,13.729999542236328,13.729999542236328,1152.0
2024-07-03 11:38:00,NEOG,15.199999809265137,15.199999809265137,15.199999809265137,15.199999809265137,15.199999809265137,547.0
2024-07-03 11:38:00,NKTR,1.2450000047683716,1.2450000047683716,1.2450000047683716,1.2400000095367432,1.2405999898910522,5200.0
2024-07-03 11:38:00,NLSP,0.20000000298023224,0.20000000298023224,0.20000000298023224,0.20000000298023224,0.20000000298023224,3200.0
2024-07-03 11:38:00,NNOX,6.96999979019165,6.96999979019165,6.96999979019165,6.96999979019165,6.96999979019165,1417.0
2024-07-03 11:38:00,NRC,22.899999618530273,22.899999618530273,22.899999618530273,22.899999618530273,22.899999618530273,703.0
2024-07-03 11:38:00,NRSN,1.3200000524520874,1.3200000524520874,1.3200000524520874,1.3200000524520874,1.3200000524520874,0.0
2024-07-03 11:38:00,NTLA,22.649999618530273,22.649999618530273,22.649999618530273,22.645000457763672,22.645000457763672,960.0
2024-07-03 11:38:00,NTRA,111.12249755859375,111.12249755859375,111.12249755859375,111.12249755859375,111.12249755859375,537.0
2024-07-03 11:38:00,NUVL,72.13999938964844,72.13999938964844,72.13999938964844,72.05000305175781,72.05000305175781,293.0
2024-07-03 11:38:00,NVAX,12.62969970703125,12.62969970703125,12.630000114440918,12.619999885559082,12.630000114440918,3951.0
2024-07-03 11:38:00,NVCR,16.700000762939453,16.700000762939453,16.700000762939453,16.700000762939453,16.700000762939453,1306.0
2024-07-03 11:38:00,NVCT,6.199999809265137,6.199999809265137,6.199999809265137,6.199999809265137,6.199999809265137,139.0
2024-07-03 11:38:00,NVOS,0.7652000188827515,0.7652000188827515,0.7652000188827515,0.7652000188827515,0.7652000188827515,202.0
2024-07-03 11:38:00,OCGN,1.6150000095367432,1.6150000095367432,1.6200000047683716,1.6150000095367432,1.6150000095367432,11881.0
2024-07-03 11:38:00,OCUL,6.65500020980835,6.65500020980835,6.65500020980835,6.650000095367432,6.650000095367432,324.0
2024-07-03 11:38:00,OGI,1.5750000476837158,1.5750000476837158,1.5750000476837158,1.5750000476837158,1.5750000476837158,310.0
2024-07-03 11:38:00,OLMA,10.5600004196167,10.5600004196167,10.5600004196167,10.550000190734863,10.550000190734863,1334.0
2024-07-03 11:38:00,OM,3.875,3.875,3.875,3.875,3.875,983.0
2024-07-03 11:38:00,OMCL,26.559999465942383,26.559999465942383,26.579999923706055,26.559999465942383,26.559999465942383,1097.0
2024-07-03 11:38:00,OMGA,1.9600000381469727,1.9600000381469727,1.9600000381469727,1.9600000381469727,1.9600000381469727,1279.0
2024-07-03 11:39:00,AADI,1.375,1.375,1.375,1.375,1.375,120.0
2024-07-03 11:39:00,ABEO,4.289999961853027,4.289999961853027,4.289999961853027,4.289999961853027,4.289999961853027,704.0
2024-07-03 11:39:00,ABSI,3.174999952316284,3.174999952316284,3.1798999309539795,3.1700000762939453,3.1700000762939453,1168.0
2024-07-03 11:39:00,ABUS,3.134999990463257,3.134999990463257,3.134999990463257,3.134999990463257,3.134999990463257,1341.0
2024-07-03 11:39:00,ACAD,15.585000038146973,15.585000038146973,15.585000038146973,15.585000038146973,15.585000038146973,168.0
2024-07-03 11:39:00,ACCD,3.5350000858306885,3.5350000858306885,3.5350000858306885,3.5350000858306885,3.5350000858306885,1054.0
2024-07-03 11:39:00,ACET,1.065000057220459,1.065000057220459,1.0700000524520874,1.059999942779541,1.0600999593734741,27554.0
2024-07-03 11:39:00,ACHC,66.66999816894531,66.66999816894531,66.66999816894531,66.66000366210938,66.66000366210938,1173.0
2024-07-03 11:39:00,ACHL,0.8187000155448914,0.8187000155448914,0.8187000155448914,0.8187000155448914,0.8187000155448914,151.0
2024-07-03 11:39:00,ACRS,1.149999976158142,1.149999976158142,1.149999976158142,1.149999976158142,1.149999976158142,661.0
2024-07-03 11:39:00,ADAP,1.0049999952316284,1.0049999952316284,1.0049999952316284,1.0049999952316284,1.0049999952316284,0.0
2024-07-03 11:39:00,ADMA,11.255000114440918,11.255000114440918,11.265000343322754,11.255000114440918,11.265000343322754,3889.0
2024-07-03 11:39:00,ADPT,3.365000009536743,3.365000009536743,3.365000009536743,3.365000009536743,3.365000009536743,531.0
2024-07-03 11:39:00,AEMD,0.4058000147342682,0.4058000147342682,0.4058000147342682,0.4058000147342682,0.4058000147342682,3117.0
2024-07-03 11:39:00,AGEN,14.429900169372559,14.429900169372559,14.429900169372559,14.429900169372559,14.429900169372559,524.0
2024-07-03 11:39:00,AGIO,41.77000045776367,41.77000045776367,41.77000045776367,41.77000045776367,41.77000045776367,444.0
2024-07-03 11:39:00,AHCO,9.744999885559082,9.744999885559082,9.744999885559082,9.734999656677246,9.734999656677246,1421.0
2024-07-03 11:39:00,AKAN,2.249300003051758,2.249300003051758,2.2497000694274902,2.249300003051758,2.2497000694274902,960.0
2024-07-03 11:39:00,AKBA,0.9501000046730042,0.9501000046730042,0.9501000046730042,0.9495999813079834,0.9498999714851379,2022.0
2024-07-03 11:39:00,AKRO,21.790000915527344,21.790000915527344,21.790000915527344,21.790000915527344,21.790000915527344,248.0
2024-07-03 11:39:00,AKYA,2.140000104904175,2.140000104904175,2.140000104904175,2.140000104904175,2.140000104904175,367.0
2024-07-03 11:39:00,ALEC,4.425000190734863,4.425000190734863,4.425000190734863,4.425000190734863,4.425000190734863,355.0
2024-07-03 11:39:00,ALKS,24.25,24.25,24.25,24.2450008392334,24.2450008392334,1383.0
2024-07-03 11:39:00,ALLO,2.115000009536743,2.115000009536743,2.115000009536743,2.115000009536743,2.115000009536743,614.0
2024-07-03 11:39:00,ALLR,0.20149999856948853,0.20149999856948853,0.2029999941587448,0.20149999856948853,0.20149999856948853,1100.0
2024-07-03 11:39:00,ALNY,246.80999755859375,246.80999755859375,246.80999755859375,246.80999755859375,246.80999755859375,410.0
2024-07-03 11:39:00,ALT,6.664999961853027,6.664999961853027,6.664999961853027,6.661399841308594,6.664999961853027,1325.0
2024-07-03 11:39:00,ALXO,5.840000152587891,5.840000152587891,5.840000152587891,5.820000171661377,5.840000152587891,1733.0
2024-07-03 11:39:00,AMGN,307.5950012207031,307.5950012207031,307.7950134277344,307.4800109863281,307.7349853515625,4408.0
2024-07-03 11:39:00,AMPH,38.3827018737793,38.3827018737793,38.3827018737793,38.369998931884766,38.369998931884766,494.0
2024-07-03 11:39:00,AMRN,0.6902999877929688,0.6902999877929688,0.6919000148773193,0.6902999877929688,0.6919000148773193,716.0
2024-07-03 11:39:00,ANIP,60.97999954223633,60.97999954223633,61.0099983215332,60.97999954223633,61.0099983215332,1254.0
2024-07-03 11:39:00,ANNX,4.789999961853027,4.789999961853027,4.789999961853027,4.789999961853027,4.789999961853027,600.0
2024-07-03 11:39:00,APDN,0.38999998569488525,0.38999998569488525,0.392300009727478,0.38999998569488525,0.38999998569488525,14245.0
2024-07-03 11:39:00,APLT,4.355000019073486,4.355000019073486,4.355000019073486,4.34499979019165,4.34499979019165,3781.0
2024-07-03 11:39:00,AQST,2.4049999713897705,2.4049999713897705,2.4049999713897705,2.4049999713897705,2.4049999713897705,2204.0
2024-07-03 11:39:00,ARAY,1.7300000190734863,1.7300000190734863,1.7400000095367432,1.7300000190734863,1.7400000095367432,2361.0
2024-07-03 11:39:00,ARCT,21.4950008392334,21.4950008392334,21.4950008392334,21.4950008392334,21.4950008392334,458.0
2024-07-03 11:39:00,ARDX,5.224999904632568,5.224999904632568,5.239999771118164,5.21999979019165,5.235000133514404,54621.0
2024-07-03 11:39:00,ARGX,435.5299987792969,435.5299987792969,435.5299987792969,435.5299987792969,435.5299987792969,128.0
2024-07-03 11:39:00,ARQT,9.675000190734863,9.675000190734863,9.675000190734863,9.664999961853027,9.675000190734863,1223.0
2024-07-03 11:39:00,ARVN,23.989999771118164,23.989999771118164,24.0,23.989999771118164,24.0,3204.0
2024-07-03 11:39:00,ARWR,25.3799991607666,25.3799991607666,25.3799991607666,25.360000610351562,25.360000610351562,884.0
2024-07-03 11:39:00,ATAI,1.2899999618530273,1.2899999618530273,1.2949999570846558,1.2899999618530273,1.2949999570846558,2501.0
2024-07-03 11:39:00,ATEC,9.989999771118164,9.989999771118164,9.989999771118164,9.989999771118164,9.989999771118164,283.0
2024-07-03 11:39:00,ATHE,1.7898999452590942,1.7898999452590942,1.7898999452590942,1.7898999452590942,1.7898999452590942,0.0
2024-07-03 11:39:00,ATOS,1.159999966621399,1.159999966621399,1.159999966621399,1.1549999713897705,1.1549999713897705,628.0
2024-07-03 11:39:00,ATRC,22.3799991607666,22.3799991607666,22.3799991607666,22.34000015258789,22.34000015258789,2236.0
2024-07-03 11:39:00,AUPH,5.465000152587891,5.465000152587891,5.465000152587891,5.465000152587891,5.465000152587891,352.0
2024-07-03 11:39:00,AUTL,3.4749999046325684,3.4749999046325684,3.4749999046325684,3.4749999046325684,3.4749999046325684,143.0
2024-07-03 11:39:00,AVDL,14.390000343322754,14.390000343322754,14.390000343322754,14.380000114440918,14.390000343322754,1176.0
2024-07-03 11:39:00,AVIR,3.2850000858306885,3.2850000858306885,3.2850000858306885,3.2850000858306885,3.2850000858306885,353.0
2024-07-03 11:39:00,AVTE,1.621899962425232,1.621899962425232,1.625,1.6200000047683716,1.6200000047683716,790.0
2024-07-03 11:39:00,AVXL,4.175000190734863,4.175000190734863,4.175000190734863,4.175000190734863,4.175000190734863,561.0
2024-07-03 11:39:00,AZN,76.79000091552734,76.79000091552734,76.80000305175781,76.79000091552734,76.80000305175781,2460.0
2024-07-03 11:39:00,BBIO,25.334999084472656,25.334999084472656,25.334999084472656,25.299999237060547,25.329999923706055,6209.0
2024-07-03 11:39:00,BCLI,0.3531000018119812,0.3531000018119812,0.3531000018119812,0.3531000018119812,0.3531000018119812,1600.0
2024-07-03 11:39:00,BCRX,6.449999809265137,6.449999809265137,6.449999809265137,6.449999809265137,6.449999809265137,1778.0
2024-07-03 11:39:00,BCYC,19.655000686645508,19.655000686645508,19.729999542236328,19.54010009765625,19.54010009765625,4453.0
2024-07-03 11:39:00,BDSX,1.600000023841858,1.600000023841858,1.600000023841858,1.5906000137329102,1.5906000137329102,1035.0
2024-07-03 11:39:00,BDTX,4.349899768829346,4.349899768829346,4.349899768829346,4.349899768829346,4.349899768829346,632.0
2024-07-03 11:39:00,BEAM,23.540000915527344,23.540000915527344,23.559999465942383,23.540000915527344,23.559999465942383,1985.0
2024-07-03 11:39:00,BIIB,223.72000122070312,223.72000122070312,223.72000122070312,223.42999267578125,223.42999267578125,4688.0
2024-07-03 11:39:00,BLUE,0.9297999739646912,0.9297999739646912,0.9297999739646912,0.9279000163078308,0.9279000163078308,13074.0
2024-07-03 11:39:00,BMEA,4.360000133514404,4.360000133514404,4.360000133514404,4.360000133514404,4.360000133514404,147.0
2024-07-03 11:39:00,BMRN,81.05000305175781,81.05000305175781,81.06999969482422,81.02999877929688,81.04000091552734,2661.0
2024-07-03 11:39:00,BNGO,0.5576000213623047,0.5576000213623047,0.5579000115394592,0.5576000213623047,0.5579000115394592,22101.0
2024-07-03 11:39:00,BPMC,110.83000183105469,110.83000183105469,110.88500213623047,110.83000183105469,110.88500213623047,589.0
2024-07-03 11:39:00,BRKR,61.54499816894531,61.54499816894531,61.560001373291016,61.529998779296875,61.53499984741211,3006.0
2024-07-03 11:39:00,BTAI,1.0800000429153442,1.0800000429153442,1.0800000429153442,1.0800000429153442,1.0800000429153442,183.0
2024-07-03 11:39:00,BTCY,0.7548999786376953,0.7548999786376953,0.7548999786376953,0.7516999840736389,0.7516999840736389,1500.0
2024-07-03 11:39:00,BVS,5.985000133514404,5.985000133514404,5.985000133514404,5.960000038146973,5.960000038146973,6668.0
2024-07-03 11:39:00,CABA,7.545000076293945,7.545000076293945,7.545000076293945,7.545000076293945,7.545000076293945,1107.0
2024-07-03 11:39:00,CCCC,4.59499979019165,4.59499979019165,4.610000133514404,4.585000038146973,4.605000019073486,9091.0
2024-07-03 11:39:00,CDMO,7.670000076293945,7.670000076293945,7.710000038146973,7.670000076293945,7.710000038146973,3311.0
2024-07-03 11:39:00,CDXS,2.880000114440918,2.880000114440918,2.880000114440918,2.880000114440918,2.880000114440918,1.0
2024-07-03 11:39:00,CERE,39.41999816894531,39.41999816894531,39.63999938964844,39.15999984741211,39.63999938964844,40515.0
2024-07-03 11:39:00,CERT,13.8100004196167,13.8100004196167,13.8100004196167,13.800000190734863,13.800000190734863,816.0
2024-07-03 11:39:00,CGC,6.525000095367432,6.525000095367432,6.538099765777588,6.525000095367432,6.538099765777588,4890.0
2024-07-03 11:39:00,CGEM,16.75,16.75,16.84000015258789,16.75,16.84000015258789,3865.0
2024-07-03 11:39:00,CGEN,1.6349999904632568,1.6349999904632568,1.6349999904632568,1.6349999904632568,1.6349999904632568,900.0
2024-07-03 11:39:00,CLPT,5.439899921417236,5.439899921417236,5.439899921417236,5.439899921417236,5.439899921417236,282.0
2024-07-03 11:39:00,CMPS,6.28000020980835,6.28000020980835,6.28000020980835,6.260000228881836,6.28000020980835,621.0
2024-07-03 11:39:00,CNSP,1.5199999809265137,1.5199999809265137,1.5499999523162842,1.5099999904632568,1.524999976158142,60582.0
2024-07-03 11:39:00,COGT,8.475000381469727,8.475000381469727,8.479999542236328,8.475000381469727,8.479999542236328,526.0
2024-07-03 11:39:00,COLL,32.27000045776367,32.27000045776367,32.27000045776367,32.27000045776367,32.27000045776367,294.0
2024-07-03 11:39:00,CORT,30.235000610351562,30.235000610351562,30.2450008392334,30.219999313354492,30.219999313354492,3370.0
2024-07-03 11:39:00,COSM,0.9350000023841858,0.9350000023841858,0.9350000023841858,0.9300000071525574,0.9350000023841858,7086.0
2024-07-03 11:39:00,CRBP,49.53499984741211,49.53499984741211,49.53499984741211,49.53499984741211,49.53499984741211,669.0
2024-07-03 11:39:00,CRBU,1.5800000429153442,1.5800000429153442,1.5800000429153442,1.5700000524520874,1.5750000476837158,628.0
2024-07-03 11:39:00,CRDL,1.9049999713897705,1.9049999713897705,1.909999966621399,1.9049999713897705,1.909999966621399,4661.0
2024-07-03 11:39:00,CRNX,44.88999938964844,44.88999938964844,44.939998626708984,44.88999938964844,44.939998626708984,791.0
2024-07-03 11:39:00,CRSP,53.66849899291992,53.66849899291992,53.66849899291992,53.66849899291992,53.66849899291992,648.0
2024-07-03 11:39:00,CSTL,21.1200008392334,21.1200008392334,21.1200008392334,21.110000610351562,21.110000610351562,568.0
2024-07-03 11:39:00,CTMX,1.315000057220459,1.315000057220459,1.315000057220459,1.315000057220459,1.315000057220459,396.0
2024-07-03 11:39:00,CTXR,0.4975999891757965,0.4975999891757965,0.49970000982284546,0.49549999833106995,0.4984000027179718,23374.0
2024-07-03 11:39:00,CUE,0.9926999807357788,0.9926999807357788,0.9926999807357788,0.9926999807357788,0.9926999807357788,17.0
2024-07-03 11:39:00,CUTR,1.2905000448226929,1.2905000448226929,1.2999999523162842,1.2905000448226929,1.2999999523162842,7665.0
2024-07-03 11:39:00,CVAC,3.3099000453948975,3.3099000453948975,3.309999942779541,3.299999952316284,3.308300018310547,7374.0
2024-07-03 11:39:00,CYTK,54.59000015258789,54.59000015258789,54.59000015258789,54.59000015258789,54.59000015258789,549.0
2024-07-03 11:39:00,DCGO,2.9200000762939453,2.9200000762939453,2.930000066757202,2.9200000762939453,2.930000066757202,3599.0
2024-07-03 11:39:00,DSGN,3.259999990463257,3.259999990463257,3.259999990463257,3.259999990463257,3.259999990463257,3995.0
2024-07-03 11:39:00,DVAX,11.074999809265137,11.074999809265137,11.079999923706055,11.074999809265137,11.079999923706055,2631.0
2024-07-03 11:39:00,DXCM,110.70500183105469,110.70500183105469,110.70500183105469,110.66999816894531,110.66999816894531,1064.0
2024-07-03 11:39:00,DYN,34.20500183105469,34.20500183105469,34.21929931640625,34.20500183105469,34.21929931640625,1481.0
2024-07-03 11:39:00,DYNT,0.23980000615119934,0.23980000615119934,0.23980000615119934,0.23109999299049377,0.23109999299049377,492.0
2024-07-03 11:39:00,EDIT,4.650000095367432,4.650000095367432,4.650000095367432,4.650000095367432,4.650000095367432,1492.0
2024-07-03 11:39:00,EGRX,5.340000152587891,5.340000152587891,5.340000152587891,5.340000152587891,5.340000152587891,202.0
2024-07-03 11:39:00,ELEV,2.6475000381469727,2.6475000381469727,2.6594998836517334,2.6475000381469727,2.6594998836517334,255.0
2024-07-03 11:39:00,ENTX,1.690000057220459,1.690000057220459,1.690000057220459,1.6399999856948853,1.6399999856948853,4630.0
2024-07-03 11:39:00,EOLS,10.890000343322754,10.890000343322754,10.890000343322754,10.890000343322754,10.890000343322754,534.0
2024-07-03 11:39:00,ESPR,2.3424999713897705,2.3424999713897705,2.3499999046325684,2.3424999713897705,2.349900007247925,4307.0
2024-07-03 11:39:00,ESTA,43.45000076293945,43.45000076293945,43.5,43.45000076293945,43.5,598.0
2024-07-03 11:39:00,ETNB,7.5,7.5,7.5,7.489999771118164,7.489999771118164,2028.0
2024-07-03 11:39:00,EVGN,0.6399999856948853,0.6399999856948853,0.6399999856948853,0.6399999856948853,0.6399999856948853,955.0
2024-07-03 11:39:00,EWTX,18.06999969482422,18.06999969482422,18.06999969482422,18.06999969482422,18.06999969482422,281.0
2024-07-03 11:39:00,EXAI,5.4120001792907715,5.4120001792907715,5.4120001792907715,5.4120001792907715,5.4120001792907715,257.0
2024-07-03 11:39:00,EXAS,43.150001525878906,43.150001525878906,43.150001525878906,43.130001068115234,43.150001525878906,1121.0
2024-07-03 11:39:00,EXEL,21.969999313354492,21.969999313354492,21.975000381469727,21.969999313354492,21.975000381469727,1127.0
2024-07-03 11:39:00,EYEN,0.7800999879837036,0.7800999879837036,0.7800999879837036,0.7800999879837036,0.7800999879837036,600.0
2024-07-03 11:39:00,EYPT,8.300000190734863,8.300000190734863,8.319999694824219,8.289999961853027,8.319999694824219,1322.0
2024-07-03 11:39:00,FATE,3.1649999618530273,3.1649999618530273,3.1649999618530273,3.1600000858306885,3.1600000858306885,1969.0
2024-07-03 11:39:00,FDMT,20.889999389648438,20.889999389648438,20.889999389648438,20.889999389648438,20.889999389648438,538.0
2024-07-03 11:39:00,FENC,6.03000020980835,6.03000020980835,6.03000020980835,6.03000020980835,6.03000020980835,141.0
2024-07-03 11:39:00,FGEN,0.7081999778747559,0.7081999778747559,0.7099000215530396,0.7081999778747559,0.7099000215530396,2200.0
2024-07-03 11:39:00,FHTX,5.494999885559082,5.494999885559082,5.494999885559082,5.494999885559082,5.494999885559082,230.0
2024-07-03 11:39:00,FORA,2.7300000190734863,2.7300000190734863,2.7300000190734863,2.7300000190734863,2.7300000190734863,233.0
2024-07-03 11:39:00,FULC,6.144999980926514,6.144999980926514,6.144999980926514,6.144999980926514,6.144999980926514,200.0
2024-07-03 11:39:00,GALT,2.1549999713897705,2.1549999713897705,2.1549999713897705,2.1549999713897705,2.1549999713897705,388.0
2024-07-03 11:39:00,GDRX,7.809999942779541,7.809999942779541,7.809999942779541,7.804999828338623,7.804999828338623,447.0
2024-07-03 11:39:00,GERN,4.324999809265137,4.324999809265137,4.328499794006348,4.3206000328063965,4.324999809265137,7211.0
2024-07-03 11:39:00,GILD,67.12999725341797,67.12999725341797,67.1449966430664,67.12000274658203,67.12999725341797,6307.0
2024-07-03 11:39:00,GOSS,0.9496999979019165,0.9496999979019165,0.9524000287055969,0.9496999979019165,0.9524000287055969,847.0
2024-07-03 11:39:00,GOVX,2.984999895095825,2.984999895095825,2.984999895095825,2.984999895095825,2.984999895095825,1020.0
2024-07-03 11:39:00,GRFS,6.659999847412109,6.659999847412109,6.659999847412109,6.659999847412109,6.659999847412109,221.0
2024-07-03 11:39:00,GTHX,2.5,2.5,2.5,2.5,2.5,419.0
2024-07-03 11:39:00,HALO,52.0099983215332,52.0099983215332,52.0099983215332,52.0099983215332,52.0099983215332,464.0
2024-07-03 11:39:00,HITI,2.1024999618530273,2.1024999618530273,2.1024999618530273,2.1024999618530273,2.1024999618530273,691.0
2024-07-03 11:39:00,HLVX,14.350000381469727,14.350000381469727,14.359999656677246,14.350000381469727,14.359999656677246,1024.0
2024-07-03 11:39:00,HOLX,73.20500183105469,73.20500183105469,73.21499633789062,73.20500183105469,73.21499633789062,987.0
2024-07-03 11:39:00,HOOK,0.5899999737739563,0.5899999737739563,0.5924000144004822,0.5899999737739563,0.5924000144004822,3528.0
2024-07-03 11:39:00,HOWL,2.04010009765625,2.04010009765625,2.04010009765625,2.04010009765625,2.04010009765625,200.0
2024-07-03 11:39:00,HQY,83.3949966430664,83.3949966430664,83.3949966430664,83.37999725341797,83.37999725341797,1450.0
2024-07-03 11:39:00,HRMY,30.25,30.25,30.260000228881836,30.219999313354492,30.219999313354492,726.0
2024-07-03 11:39:00,HROW,21.549999237060547,21.549999237060547,21.549999237060547,21.549999237060547,21.549999237060547,386.0
2024-07-03 11:39:00,HRTX,2.7300000190734863,2.7300000190734863,2.734999895095825,2.7300000190734863,2.7300000190734863,1644.0
2024-07-03 11:39:00,HSCS,4.91349983215332,4.91349983215332,4.91349983215332,4.91349983215332,4.91349983215332,423.0
2024-07-03 11:39:00,HSIC,64.91999816894531,64.91999816894531,64.91999816894531,64.91999816894531,64.91999816894531,768.0
2024-07-03 11:39:00,HUMA,5.710000038146973,5.710000038146973,5.724999904632568,5.710000038146973,5.723400115966797,6204.0
2024-07-03 11:39:00,IART,28.65999984741211,28.65999984741211,28.690000534057617,28.635000228881836,28.635000228881836,2826.0
2024-07-03 11:39:00,IBRX,6.244999885559082,6.244999885559082,6.244999885559082,6.244999885559082,6.244999885559082,285.0
2024-07-03 11:39:00,IGMS,6.485000133514404,6.485000133514404,6.519999980926514,6.485000133514404,6.519999980926514,5090.0
2024-07-03 11:39:00,ILMN,105.36499786376953,105.36499786376953,105.37000274658203,105.33499908447266,105.37000274658203,1190.0
2024-07-03 11:39:00,IMCR,36.02000045776367,36.02000045776367,36.02000045776367,36.02000045776367,36.02000045776367,282.0
2024-07-03 11:39:00,IMMX,2.390000104904175,2.390000104904175,2.390000104904175,2.375,2.375,1363.0
2024-07-03 11:39:00,IMNM,12.069999694824219,12.069999694824219,12.069999694824219,12.069999694824219,12.069999694824219,964.0
2024-07-03 11:39:00,IMUX,1.1396000385284424,1.1396000385284424,1.1396000385284424,1.1396000385284424,1.1396000385284424,513.0
2024-07-03 11:39:00,IMVT,26.209999084472656,26.209999084472656,26.209999084472656,26.209999084472656,26.209999084472656,219.0
2024-07-03 11:39:00,INAB,0.800000011920929,0.800000011920929,0.8029000163078308,0.800000011920929,0.8029000163078308,5784.0
2024-07-03 11:39:00,INCY,57.95500183105469,57.95500183105469,57.97999954223633,57.95000076293945,57.970001220703125,7375.0
2024-07-03 11:39:00,INMD,17.549999237060547,17.549999237060547,17.549999237060547,17.549999237060547,17.549999237060547,712.0
2024-07-03 11:39:00,INSM,61.688499450683594,61.688499450683594,61.7400016784668,61.650001525878906,61.7400016784668,3936.0
2024-07-03 11:39:00,IONS,44.749000549316406,44.749000549316406,44.75,44.71500015258789,44.71500015258789,3020.0
2024-07-03 11:39:00,IOVA,7.525000095367432,7.525000095367432,7.525000095367432,7.510000228881836,7.514999866485596,16384.0
2024-07-03 11:39:00,IRWD,6.125,6.125,6.125,6.125,6.125,300.0
2024-07-03 11:39:00,ISPC,0.2761000096797943,0.2761000096797943,0.2761000096797943,0.27410000562667847,0.27410000562667847,1857.0
2024-07-03 11:39:00,ISRG,434.135009765625,434.135009765625,434.135009765625,434.135009765625,434.135009765625,1625.0
2024-07-03 11:39:00,ITCI,68.27999877929688,68.27999877929688,68.27999877929688,68.2750015258789,68.2750015258789,646.0
2024-07-03 11:39:00,ITOS,14.770000457763672,14.770000457763672,14.770000457763672,14.770000457763672,14.770000457763672,269.0
2024-07-03 11:39:00,JAGX,3.47160005569458,3.47160005569458,3.47160005569458,3.47160005569458,3.47160005569458,2411.0
2024-07-03 11:39:00,JANX,37.93000030517578,37.93000030517578,37.93000030517578,37.93000030517578,37.93000030517578,556.0
2024-07-03 11:39:00,KMDA,5.190000057220459,5.190000057220459,5.190000057220459,5.170000076293945,5.170000076293945,3998.0
2024-07-03 11:39:00,KNSA,18.959999084472656,18.959999084472656,18.959999084472656,18.959999084472656,18.959999084472656,31.0
2024-07-03 11:39:00,KTRA,0.2827000021934509,0.2827000021934509,0.2847999930381775,0.2825999855995178,0.2847999930381775,20820.0
2024-07-03 11:39:00,KURA,20.3799991607666,20.3799991607666,20.3799991607666,20.344999313354492,20.3799991607666,2626.0
2024-07-03 11:39:00,LAB,1.7999999523162842,1.7999999523162842,1.7999999523162842,1.7949999570846558,1.7949999570846558,559.0
2024-07-03 11:39:00,LBPH,31.84000015258789,31.84000015258789,32.060001373291016,31.84000015258789,32.060001373291016,413.0
2024-07-03 11:39:00,LEGN,46.279998779296875,46.279998779296875,46.310001373291016,46.20500183105469,46.29999923706055,2605.0
2024-07-03 11:39:00,LFMD,6.690000057220459,6.690000057220459,6.690000057220459,6.690000057220459,6.690000057220459,303.0
2024-07-03 11:39:00,LFST,5.099999904632568,5.099999904632568,5.099999904632568,5.099999904632568,5.099999904632568,306.0
2024-07-03 11:39:00,LGND,82.80999755859375,82.80999755859375,82.80999755859375,82.80999755859375,82.80999755859375,1874.0
2024-07-03 11:39:00,LGVN,1.5950000286102295,1.5950000286102295,1.5950000286102295,1.5901000499725342,1.5901000499725342,2675.0
2024-07-03 11:39:00,LIVN,52.619998931884766,52.619998931884766,52.63999938964844,52.619998931884766,52.63999938964844,309.0
2024-07-03 11:39:00,LNTH,79.36000061035156,79.36000061035156,79.36000061035156,79.3499984741211,79.36000061035156,1405.0
2024-07-03 11:39:00,LRMR,7.71999979019165,7.71999979019165,7.71999979019165,7.710000038146973,7.710000038146973,1144.0
2024-07-03 11:39:00,LUCY,0.4675000011920929,0.4675000011920929,0.4699999988079071,0.4675000011920929,0.4699999988079071,5809.0
2024-07-03 11:39:00,LYRA,0.28630000352859497,0.28630000352859497,0.28630000352859497,0.28630000352859497,0.28630000352859497,402.0
2024-07-03 11:39:00,MASI,115.11000061035156,115.11000061035156,115.11000061035156,115.11000061035156,115.11000061035156,1534.0
2024-07-03 11:39:00,MBIO,0.4894999861717224,0.4894999861717224,0.4936999976634979,0.4894999861717224,0.4936000108718872,21946.0
2024-07-03 11:39:00,MCRB,0.7157999873161316,0.7157999873161316,0.7157999873161316,0.7157999873161316,0.7157999873161316,217.0
2024-07-03 11:39:00,MDXG,6.75,6.75,6.75,6.744999885559082,6.744999885559082,2269.0
2024-07-03 11:39:00,MEDP,407.385009765625,407.385009765625,407.385009765625,407.385009765625,407.385009765625,262.0
2024-07-03 11:39:00,MGNX,4.210000038146973,4.210000038146973,4.210000038146973,4.204999923706055,4.210000038146973,578.0
2024-07-03 11:39:00,MIRM,33.82749938964844,33.82749938964844,33.82749938964844,33.7400016784668,33.79999923706055,7301.0
2024-07-03 11:39:00,MMSI,85.77999877929688,85.77999877929688,85.77999877929688,85.77999877929688,85.77999877929688,383.0
2024-07-03 11:39:00,MNKD,5.03000020980835,5.03000020980835,5.03000020980835,5.03000020980835,5.03000020980835,3750.0
2024-07-03 11:39:00,MODV,27.80500030517578,27.80500030517578,27.829999923706055,27.75,27.780000686645508,1111.0
2024-07-03 11:39:00,MREO,3.5199999809265137,3.5199999809265137,3.5199999809265137,3.5199999809265137,3.5199999809265137,502.0
2024-07-03 11:39:00,MRKR,5.249899864196777,5.249899864196777,5.249899864196777,5.249899864196777,5.249899864196777,202.0
2024-07-03 11:39:00,MRNA,115.72000122070312,115.72000122070312,115.77999877929688,115.6449966430664,115.7300033569336,2450.0
2024-07-03 11:39:00,MRNS,1.2050000429153442,1.2050000429153442,1.2050000429153442,1.2050000429153442,1.2050000429153442,495.0
2024-07-03 11:39:00,MRSN,1.850000023841858,1.850000023841858,1.8585000038146973,1.850000023841858,1.850000023841858,1890.0
2024-07-03 11:39:00,MRUS,52.209999084472656,52.209999084472656,52.209999084472656,52.209999084472656,52.209999084472656,549.0
2024-07-03 11:39:00,MRVI,6.889999866485596,6.889999866485596,6.900000095367432,6.880000114440918,6.880000114440918,14480.0
2024-07-03 11:39:00,MXCT,3.684999942779541,3.684999942779541,3.690000057220459,3.680000066757202,3.680000066757202,1988.0
2024-07-03 11:39:00,MYGN,25.094999313354492,25.094999313354492,25.1200008392334,25.09000015258789,25.110000610351562,3694.0
2024-07-03 11:39:00,NAOV,0.7085000276565552,0.7085000276565552,0.7315000295639038,0.7085000276565552,0.7315000295639038,2811.0
2024-07-03 11:39:00,NARI,49.51100158691406,49.51100158691406,49.51100158691406,49.51100158691406,49.51100158691406,1255.0
2024-07-03 11:39:00,NDRA,0.09769999980926514,0.09769999980926514,0.09769999980926514,0.09650000184774399,0.09650000184774399,371536.0
2024-07-03 11:39:00,NKTR,1.2450000047683716,1.2450000047683716,1.2450000047683716,1.2450000047683716,1.2450000047683716,739.0
2024-07-03 11:39:00,NKTX,5.320000171661377,5.320000171661377,5.320000171661377,5.320000171661377,5.320000171661377,217.0
2024-07-03 11:39:00,NRIX,19.485000610351562,19.485000610351562,19.485000610351562,19.485000610351562,19.485000610351562,363.0
2024-07-03 11:39:00,NTLA,22.655000686645508,22.655000686645508,22.665000915527344,22.649999618530273,22.665000915527344,1320.0
2024-07-03 11:39:00,NTRA,111.12999725341797,111.12999725341797,111.19999694824219,111.12999725341797,111.19999694824219,830.0
2024-07-03 11:39:00,NUVL,72.07080078125,72.07080078125,72.07080078125,72.07080078125,72.07080078125,664.0
2024-07-03 11:39:00,NVAX,12.600000381469727,12.600000381469727,12.619999885559082,12.600000381469727,12.619999885559082,4485.0
2024-07-03 11:39:00,NVCR,16.700000762939453,16.700000762939453,16.700000762939453,16.700000762939453,16.700000762939453,1021.0
2024-07-03 11:39:00,NVCT,6.244999885559082,6.244999885559082,6.244999885559082,6.244999885559082,6.244999885559082,115.0
2024-07-03 11:39:00,OCGN,1.6050000190734863,1.6050000190734863,1.6150000095367432,1.600000023841858,1.6100000143051147,33173.0
2024-07-03 11:39:00,OCUL,6.650000095367432,6.650000095367432,6.659999847412109,6.639999866485596,6.659999847412109,1905.0
2024-07-03 11:39:00,OLK,25.75,25.75,25.7549991607666,25.75,25.7549991607666,1102.0
2024-07-03 11:39:00,OM,3.875,3.875,3.875,3.875,3.875,581.0
2024-07-03 11:39:00,OMER,3.859999895095825,3.859999895095825,3.859999895095825,3.859999895095825,3.859999895095825,161.0
2024-07-03 11:40:00,ABEO,4.289999961853027,4.289999961853027,4.289999961853027,4.289999961853027,4.289999961853027,205.0
2024-07-03 11:40:00,ABSI,3.174999952316284,3.174999952316284,3.174999952316284,3.1700000762939453,3.174999952316284,403.0
2024-07-03 11:40:00,ACAD,15.579999923706055,15.579999923706055,15.579999923706055,15.579999923706055,15.579999923706055,617.0
2024-07-03 11:40:00,ACB,4.875,4.875,4.880000114440918,4.875,4.880000114440918,2023.0
2024-07-03 11:40:00,ACET,1.059999942779541,1.059999942779541,1.0700000524520874,1.059999942779541,1.065000057220459,11958.0
2024-07-03 11:40:00,ACHC,66.65499877929688,66.65499877929688,66.65499877929688,66.63500213623047,66.63749694824219,490.0
2024-07-03 11:40:00,ACLX,53.70000076293945,53.70000076293945,53.77000045776367,53.70000076293945,53.77000045776367,1498.0
2024-07-03 11:40:00,ACRS,1.149999976158142,1.149999976158142,1.149999976158142,1.1399999856948853,1.149999976158142,11935.0
2024-07-03 11:40:00,ADAP,1.0,1.0,1.0,1.0,1.0,500.0
2024-07-03 11:40:00,ADMA,11.25,11.25,11.255000114440918,11.25,11.255000114440918,825.0
2024-07-03 11:40:00,AHCO,9.725000381469727,9.725000381469727,9.739999771118164,9.725000381469727,9.739999771118164,1877.0
2024-07-03 11:40:00,AKBA,0.9495999813079834,0.9495999813079834,0.9495999813079834,0.9490000009536743,0.9490000009536743,1400.0
2024-07-03 11:40:00,AKRO,21.80500030517578,21.80500030517578,21.80500030517578,21.80500030517578,21.80500030517578,273.0
2024-07-03 11:40:00,ALGN,240.77499389648438,240.77499389648438,240.77499389648438,240.77499389648438,240.77499389648438,114.0
2024-07-03 11:40:00,ALHC,7.989999771118164,7.989999771118164,7.989999771118164,7.98199987411499,7.98199987411499,2339.0
2024-07-03 11:40:00,ALKS,24.2549991607666,24.2549991607666,24.270000457763672,24.25,24.260000228881836,4702.0
2024-07-03 11:40:00,ALLK,0.8295999765396118,0.8295999765396118,0.8295999765396118,0.8295999765396118,0.8295999765396118,511.0
2024-07-03 11:40:00,ALLO,2.109999895095825,2.109999895095825,2.115000009536743,2.109999895095825,2.115000009536743,1588.0
2024-07-03 11:40:00,ALLR,0.20149999856948853,0.20149999856948853,0.20160000026226044,0.20149999856948853,0.20160000026226044,5700.0
2024-07-03 11:40:00,ALT,6.664999961853027,6.664999961853027,6.664999961853027,6.664999961853027,6.664999961853027,578.0
2024-07-03 11:40:00,ALXO,5.760000228881836,5.760000228881836,5.809999942779541,5.760000228881836,5.809999942779541,5778.0
2024-07-03 11:40:00,AMGN,307.7200012207031,307.7200012207031,307.8399963378906,307.6199951171875,307.6199951171875,732.0
2024-07-03 11:40:00,AMLX,1.7549999952316284,1.7549999952316284,1.7549999952316284,1.7549999952316284,1.7549999952316284,2524.0
2024-07-03 11:40:00,AMPH,38.380001068115234,38.380001068115234,38.380001068115234,38.380001068115234,38.380001068115234,369.0
2024-07-03 11:40:00,ANAB,25.014999389648438,25.014999389648438,25.024999618530273,25.014999389648438,25.020000457763672,1376.0
2024-07-03 11:40:00,ANGO,5.650000095367432,5.650000095367432,5.65500020980835,5.650000095367432,5.65500020980835,1418.0
2024-07-03 11:40:00,ANNX,4.789999961853027,4.789999961853027,4.789999961853027,4.784999847412109,4.789999961853027,1779.0
2024-07-03 11:40:00,ANTX,2.5002999305725098,2.5002999305725098,2.5002999305725098,2.5002999305725098,2.5002999305725098,170.0
2024-07-03 11:40:00,APDN,0.3946000039577484,0.3946000039577484,0.3946000039577484,0.3917999863624573,0.3917999863624573,630.0
2024-07-03 11:40:00,APLS,35.5099983215332,35.5099983215332,35.5099983215332,35.5,35.5099983215332,1085.0
2024-07-03 11:40:00,APLT,4.355000019073486,4.355000019073486,4.355000019073486,4.355000019073486,4.355000019073486,473.0
2024-07-03 11:40:00,ARAY,1.7301000356674194,1.7301000356674194,1.7301000356674194,1.7301000356674194,1.7301000356674194,233.0
2024-07-03 11:40:00,ARDX,5.215000152587891,5.215000152587891,5.224999904632568,5.210000038146973,5.224999904632568,19643.0
2024-07-03 11:40:00,ARGX,435.6400146484375,435.6400146484375,435.6400146484375,435.6400146484375,435.6400146484375,139.0
2024-07-03 11:40:00,ARQT,9.6850004196167,9.6850004196167,9.6850004196167,9.675000190734863,9.675000190734863,1363.0
2024-07-03 11:40:00,ARVN,23.979999542236328,23.979999542236328,23.979999542236328,23.979999542236328,23.979999542236328,876.0
2024-07-03 11:40:00,ARWR,25.374500274658203,25.374500274658203,25.375,25.374500274658203,25.375,430.0
2024-07-03 11:40:00,ASLN,2.2750000953674316,2.2750000953674316,2.2750000953674316,2.2750000953674316,2.2750000953674316,1430.0
2024-07-03 11:40:00,ASRT,1.3300000429153442,1.3300000429153442,1.3300000429153442,1.3250000476837158,1.3250000476837158,12702.0
2024-07-03 11:40:00,ATAI,1.2949999570846558,1.2949999570846558,1.2949999570846558,1.2949999570846558,1.2949999570846558,208.0
2024-07-03 11:40:00,ATEC,9.984999656677246,9.984999656677246,9.986700057983398,9.984999656677246,9.986700057983398,7031.0
2024-07-03 11:40:00,ATHA,2.539900064468384,2.539900064468384,2.539900064468384,2.539900064468384,2.539900064468384,317.0
2024-07-03 11:40:00,ATOS,1.159999966621399,1.159999966621399,1.159999966621399,1.159999966621399,1.159999966621399,105.0
2024-07-03 11:40:00,ATRC,22.364999771118164,22.364999771118164,22.364999771118164,22.325000762939453,22.360000610351562,1542.0
2024-07-03 11:40:00,AUGX,1.0,1.0,1.0002000331878662,1.0,1.0002000331878662,0.0
2024-07-03 11:40:00,AVDL,14.40999984741211,14.40999984741211,14.40999984741211,14.380000114440918,14.380000114440918,2095.0
2024-07-03 11:40:00,AVGR,1.8300000429153442,1.8300000429153442,1.8300000429153442,1.8300000429153442,1.8300000429153442,215.0
2024-07-03 11:40:00,AXNX,67.52999877929688,67.52999877929688,67.52999877929688,67.52999877929688,67.52999877929688,303.0
2024-07-03 11:40:00,AXSM,79.63999938964844,79.63999938964844,79.63999938964844,79.51000213623047,79.58000183105469,5351.0
2024-07-03 11:40:00,AZN,76.73999786376953,76.73999786376953,76.7853012084961,76.73999786376953,76.77999877929688,5055.0
2024-07-03 11:40:00,BBIO,25.3700008392334,25.3700008392334,25.3700008392334,25.3700008392334,25.3700008392334,541.0
2024-07-03 11:40:00,BCRX,6.440000057220459,6.440000057220459,6.449999809265137,6.440000057220459,6.445000171661377,3186.0
2024-07-03 11:40:00,BCTX,1.0199999809265137,1.0199999809265137,1.0199999809265137,1.0199999809265137,1.0199999809265137,700.0
2024-07-03 11:40:00,BDSX,1.5950000286102295,1.5950000286102295,1.5950000286102295,1.5950000286102295,1.5950000286102295,119.0
2024-07-03 11:40:00,BEAM,23.59000015258789,23.59000015258789,23.59000015258789,23.559999465942383,23.559999465942383,3609.0
2024-07-03 11:40:00,BEAT,2.819999933242798,2.819999933242798,2.819999933242798,2.815000057220459,2.815000057220459,200.0
2024-07-03 11:40:00,BIIB,224.07000732421875,224.07000732421875,224.07000732421875,223.59500122070312,223.59500122070312,3274.0
2024-07-03 11:40:00,BIOR,0.626800000667572,0.626800000667572,0.626800000667572,0.6252999901771545,0.6262999773025513,17805.0
2024-07-03 11:40:00,BJDX,0.6301000118255615,0.6301000118255615,0.6301000118255615,0.6301000118255615,0.6301000118255615,1064.0
2024-07-03 11:40:00,BLUE,0.9291999936103821,0.9291999936103821,0.9297999739646912,0.9291999936103821,0.9297999739646912,721.0
2024-07-03 11:40:00,BMEA,4.369999885559082,4.369999885559082,4.369999885559082,4.364999771118164,4.364999771118164,304.0
2024-07-03 11:40:00,BMRN,81.05000305175781,81.05000305175781,81.05000305175781,81.05000305175781,81.05000305175781,968.0
2024-07-03 11:40:00,BNGO,0.5576000213623047,0.5576000213623047,0.5576000213623047,0.5576000213623047,0.5576000213623047,0.0
2024-07-03 11:40:00,BNTX,79.80999755859375,79.80999755859375,79.80999755859375,79.80999755859375,79.80999755859375,438.0
2024-07-03 11:40:00,BPMC,110.95999908447266,110.95999908447266,110.95999908447266,110.95999908447266,110.95999908447266,329.0
2024-07-03 11:40:00,BRKR,61.540000915527344,61.540000915527344,61.619998931884766,61.540000915527344,61.61000061035156,3847.0
2024-07-03 11:40:00,BTAI,1.0800000429153442,1.0800000429153442,1.0800000429153442,1.0800000429153442,1.0800000429153442,400.0
2024-07-03 11:40:00,BVS,5.980000019073486,5.980000019073486,5.980000019073486,5.980000019073486,5.980000019073486,214.0
2024-07-03 11:40:00,BYSI,2.5899999141693115,2.5899999141693115,2.5899999141693115,2.5799999237060547,2.5799999237060547,690.0
2024-07-03 11:40:00,CABA,7.579999923706055,7.579999923706055,7.590000152587891,7.559999942779541,7.559999942779541,2998.0
2024-07-03 11:40:00,CADL,6.295000076293945,6.295000076293945,6.304999828338623,6.269999980926514,6.304999828338623,8075.0
2024-07-03 11:40:00,CARA,0.28519999980926514,0.28519999980926514,0.28519999980926514,0.28519999980926514,0.28519999980926514,392.0
2024-07-03 11:40:00,CCCC,4.59499979019165,4.59499979019165,4.599999904632568,4.590000152587891,4.59499979019165,2359.0
2024-07-03 11:40:00,CCRN,13.800000190734863,13.800000190734863,13.800000190734863,13.800000190734863,13.800000190734863,492.0
2024-07-03 11:40:00,CDMO,7.659999847412109,7.659999847412109,7.679999828338623,7.659999847412109,7.670000076293945,1720.0
2024-07-03 11:40:00,CELC,16.239999771118164,16.239999771118164,16.239999771118164,16.239999771118164,16.239999771118164,112.0
2024-07-03 11:40:00,CERE,39.54999923706055,39.54999923706055,39.55500030517578,39.400001525878906,39.499900817871094,62687.0
2024-07-03 11:40:00,CERS,1.7100000381469727,1.7100000381469727,1.7100000381469727,1.7100000381469727,1.7100000381469727,321.0
2024-07-03 11:40:00,CGC,6.514999866485596,6.514999866485596,6.53000020980835,6.514999866485596,6.525000095367432,24887.0
2024-07-03 11:40:00,CGEM,16.709999084472656,16.709999084472656,16.709999084472656,16.709999084472656,16.709999084472656,158.0
2024-07-03 11:40:00,CGEN,1.6349999904632568,1.6349999904632568,1.6349999904632568,1.6349999904632568,1.6349999904632568,700.0
2024-07-03 11:40:00,CGTX,1.7799999713897705,1.7799999713897705,1.7799999713897705,1.7799999713897705,1.7799999713897705,0.0
2024-07-03 11:40:00,CHRS,1.3932000398635864,1.3932000398635864,1.3932000398635864,1.3899999856948853,1.3899999856948853,5665.0
2024-07-03 11:40:00,CKPT,2.200000047683716,2.200000047683716,2.200000047683716,2.200000047683716,2.200000047683716,191.0
2024-07-03 11:40:00,CLDX,36.06999969482422,36.06999969482422,36.08000183105469,36.06999969482422,36.08000183105469,1232.0
2024-07-03 11:40:00,CLNN,0.32499998807907104,0.32499998807907104,0.32989999651908875,0.32499998807907104,0.32899999618530273,5739.0
2024-07-03 11:40:00,CLOV,1.2450000047683716,1.2450000047683716,1.2450000047683716,1.2450000047683716,1.2450000047683716,276.0
2024-07-03 11:40:00,CLPT,5.389999866485596,5.389999866485596,5.389999866485596,5.380000114440918,5.380000114440918,281.0
2024-07-03 11:40:00,CMRX,0.8629999756813049,0.8629999756813049,0.863099992275238,0.8629999756813049,0.8629999756813049,3532.0
2024-07-03 11:40:00,CNSP,1.562600016593933,1.562600016593933,1.5800000429153442,1.5199999809265137,1.5298999547958374,89294.0
2024-07-03 11:40:00,COGT,8.479999542236328,8.479999542236328,8.479999542236328,8.475000381469727,8.475000381469727,351.0
2024-07-03 11:40:00,COSM,0.9300000071525574,0.9300000071525574,0.9350000023841858,0.9300000071525574,0.9300000071525574,1670.0
2024-07-03 11:40:00,CPRX,15.4399995803833,15.4399995803833,15.4399995803833,15.4399995803833,15.4399995803833,612.0
2024-07-03 11:40:00,CRBU,1.5750000476837158,1.5750000476837158,1.5750000476837158,1.5750000476837158,1.5750000476837158,300.0
2024-07-03 11:40:00,CRDF,2.2300000190734863,2.2300000190734863,2.2300000190734863,2.2300000190734863,2.2300000190734863,105.0
2024-07-03 11:40:00,CRMD,4.139999866485596,4.139999866485596,4.139999866485596,4.139999866485596,4.139999866485596,202.0
2024-07-03 11:40:00,CRNX,44.92499923706055,44.92499923706055,44.92499923706055,44.92499923706055,44.92499923706055,200.0
2024-07-03 11:40:00,CRON,2.305000066757202,2.305000066757202,2.3092000484466553,2.305000066757202,2.3092000484466553,2508.0
2024-07-03 11:40:00,CRSP,53.65999984741211,53.65999984741211,53.65999984741211,53.65999984741211,53.65999984741211,314.0
2024-07-03 11:40:00,CRVS,1.7899999618530273,1.7899999618530273,1.7899999618530273,1.7899999618530273,1.7899999618530273,225.0
2024-07-03 11:40:00,CSTL,21.065000534057617,21.065000534057617,21.100000381469727,21.059999465942383,21.100000381469727,1446.0
2024-07-03 11:40:00,CTMX,1.309999942779541,1.309999942779541,1.315000057220459,1.309999942779541,1.315000057220459,400.0
2024-07-03 11:40:00,CTXR,0.49939998984336853,0.49939998984336853,0.49939998984336853,0.49939998984336853,0.49939998984336853,1005.0
2024-07-03 11:40:00,CUTR,1.2949999570846558,1.2949999570846558,1.2997000217437744,1.2949999570846558,1.2994999885559082,5003.0
2024-07-03 11:40:00,CVAC,3.315000057220459,3.315000057220459,3.319999933242798,3.315000057220459,3.315000057220459,2500.0
2024-07-03 11:40:00,CYTK,54.560001373291016,54.560001373291016,54.630001068115234,54.560001373291016,54.619998931884766,2712.0
2024-07-03 11:40:00,DAWN,13.359999656677246,13.359999656677246,13.359999656677246,13.359999656677246,13.359999656677246,152.0
2024-07-03 11:40:00,DCGO,2.924999952316284,2.924999952316284,2.924999952316284,2.924999952316284,2.924999952316284,167.0
2024-07-03 11:40:00,DCTH,7.824999809265137,7.824999809265137,7.824999809265137,7.824999809265137,7.824999809265137,580.0
2024-07-03 11:40:00,DERM,5.159999847412109,5.159999847412109,5.199999809265137,5.159999847412109,5.199999809265137,702.0
2024-07-03 11:40:00,DH,5.372499942779541,5.372499942779541,5.372499942779541,5.372499942779541,5.372499942779541,562.0
2024-07-03 11:40:00,DNLI,21.420000076293945,21.420000076293945,21.420000076293945,21.420000076293945,21.420000076293945,363.0
2024-07-03 11:40:00,DRIO,1.190000057220459,1.190000057220459,1.190000057220459,1.159999966621399,1.159999966621399,14935.0
2024-07-03 11:40:00,DSGN,3.25,3.25,3.25,3.25,3.25,106.0
2024-07-03 11:40:00,DTIL,9.470000267028809,9.470000267028809,9.470000267028809,9.470000267028809,9.470000267028809,4259.0
2024-07-03 11:40:00,DXCM,110.66000366210938,110.66000366210938,110.77999877929688,110.66000366210938,110.73999786376953,4219.0
2024-07-03 11:40:00,DYN,34.20000076293945,34.20000076293945,34.2400016784668,34.189998626708984,34.20500183105469,6749.0
2024-07-03 11:40:00,ELEV,2.640000104904175,2.640000104904175,2.640000104904175,2.640000104904175,2.640000104904175,292.0
2024-07-03 11:40:00,ENSG,126.62000274658203,126.62000274658203,126.62000274658203,126.62000274658203,126.62000274658203,1166.0
2024-07-03 11:40:00,ENTA,13.180000305175781,13.180000305175781,13.180000305175781,13.180000305175781,13.180000305175781,685.0
2024-07-03 11:40:00,EPIX,4.75,4.75,4.75,4.75,4.75,1004.0
2024-07-03 11:40:00,ESPR,2.3499999046325684,2.3499999046325684,2.3499999046325684,2.3499999046325684,2.3499999046325684,524.0
2024-07-03 11:40:00,EVGN,0.6446999907493591,0.6446999907493591,0.6446999907493591,0.6446999907493591,0.6446999907493591,2000.0
2024-07-03 11:40:00,EWTX,18.06999969482422,18.06999969482422,18.06999969482422,18.06999969482422,18.06999969482422,265.0
2024-07-03 11:40:00,EXAS,43.125,43.125,43.150001525878906,43.099998474121094,43.150001525878906,4495.0
2024-07-03 11:40:00,EXEL,21.969999313354492,21.969999313354492,21.969999313354492,21.969999313354492,21.969999313354492,922.0
2024-07-03 11:40:00,EYEN,0.7843999862670898,0.7843999862670898,0.784500002861023,0.7843999862670898,0.784500002861023,0.0
2024-07-03 11:40:00,EYPT,8.300000190734863,8.300000190734863,8.319999694824219,8.300000190734863,8.319999694824219,987.0
2024-07-03 11:40:00,FATE,3.1649999618530273,3.1649999618530273,3.1649999618530273,3.1600000858306885,3.1649999618530273,1318.0
2024-07-03 11:40:00,FBIOP,16.200000762939453,16.200000762939453,16.200000762939453,16.200000762939453,16.200000762939453,201.0
2024-07-03 11:40:00,FGEN,0.7099000215530396,0.7099000215530396,0.7099000215530396,0.708899974822998,0.708899974822998,631.0
2024-07-03 11:40:00,FHTX,5.550000190734863,5.550000190734863,5.550000190734863,5.482500076293945,5.482500076293945,339.0
2024-07-03 11:40:00,FOLD,9.895000457763672,9.895000457763672,9.895000457763672,9.895000457763672,9.895000457763672,322.0
2024-07-03 11:40:00,FULC,6.144999980926514,6.144999980926514,6.144999980926514,6.144999980926514,6.144999980926514,210.0
2024-07-03 11:40:00,GALT,2.1549999713897705,2.1549999713897705,2.1600000858306885,2.1500000953674316,2.1549999713897705,2969.0
2024-07-03 11:40:00,GDRX,7.809999942779541,7.809999942779541,7.820000171661377,7.809999942779541,7.809999942779541,6088.0
2024-07-03 11:40:00,GERN,4.329899787902832,4.329899787902832,4.329899787902832,4.324999809265137,4.324999809265137,2250.0
2024-07-03 11:40:00,GH,28.3700008392334,28.3700008392334,28.3700008392334,28.34000015258789,28.34000015258789,1496.0
2024-07-03 11:40:00,GILD,67.16999816894531,67.16999816894531,67.16999816894531,67.12999725341797,67.12999725341797,6387.0
2024-07-03 11:40:00,GLUE,3.744999885559082,3.744999885559082,3.75,3.700000047683716,3.700000047683716,10501.0
2024-07-03 11:40:00,GMAB,25.200000762939453,25.200000762939453,25.200000762939453,25.18000030517578,25.18000030517578,750.0
2024-07-03 11:40:00,GOSS,0.954800009727478,0.954800009727478,0.954800009727478,0.954800009727478,0.954800009727478,735.0
2024-07-03 11:40:00,GOVX,2.930000066757202,2.930000066757202,2.9953999519348145,2.930000066757202,2.990000009536743,14615.0
2024-07-03 11:40:00,GRTS,0.58160001039505,0.58160001039505,0.58160001039505,0.5810999870300293,0.5810999870300293,2452.0
2024-07-03 11:40:00,GRTX,0.13500000536441803,0.13500000536441803,0.13500000536441803,0.13500000536441803,0.13500000536441803,35384.0
2024-07-03 11:40:00,HALO,52.01499938964844,52.01499938964844,52.01499938964844,51.970001220703125,51.97010040283203,2001.0
2024-07-03 11:40:00,HCM,17.450000762939453,17.450000762939453,17.450000762939453,17.450000762939453,17.450000762939453,579.0
2024-07-03 11:40:00,HLVX,14.329999923706055,14.329999923706055,14.329999923706055,14.329999923706055,14.329999923706055,623.0
2024-07-03 11:40:00,HOLX,73.21499633789062,73.21499633789062,73.2300033569336,73.20500183105469,73.20500183105469,3645.0
2024-07-03 11:40:00,HOWL,2.0399999618530273,2.0399999618530273,2.0399999618530273,2.0399999618530273,2.0399999618530273,332.0
2024-07-03 11:40:00,HQY,83.38999938964844,83.38999938964844,83.38999938964844,83.33999633789062,83.33999633789062,1976.0
2024-07-03 11:40:00,HRMY,30.25,30.25,30.280000686645508,30.25,30.280000686645508,373.0
2024-07-03 11:40:00,HRTX,2.7300000190734863,2.7300000190734863,2.734999895095825,2.7300000190734863,2.734999895095825,517.0
2024-07-03 11:40:00,HSIC,64.91000366210938,64.91000366210938,64.91000366210938,64.91000366210938,64.91000366210938,414.0
2024-07-03 11:40:00,HUGE,0.14589999616146088,0.14589999616146088,0.14589999616146088,0.14589999616146088,0.14589999616146088,3671.0
2024-07-03 11:40:00,HUMA,5.715000152587891,5.715000152587891,5.71999979019165,5.710000038146973,5.710000038146973,994.0
2024-07-03 11:40:00,IART,28.635000228881836,28.635000228881836,28.635000228881836,28.635000228881836,28.635000228881836,247.0
2024-07-03 11:40:00,IBRX,6.244999885559082,6.244999885559082,6.244999885559082,6.244999885559082,6.244999885559082,1459.0
2024-07-03 11:40:00,ICLR,318.56500244140625,318.56500244140625,318.57000732421875,318.56500244140625,318.57000732421875,516.0
2024-07-03 11:40:00,IDXX,475.7650146484375,475.7650146484375,475.7650146484375,475.7650146484375,475.7650146484375,1269.0
2024-07-03 11:40:00,IDYA,33.48500061035156,33.48500061035156,33.48500061035156,33.48500061035156,33.48500061035156,250.0
2024-07-03 11:40:00,IGMS,6.5,6.5,6.519999980926514,6.485000133514404,6.510000228881836,17784.0
2024-07-03 11:40:00,IKT,1.2400000095367432,1.2400000095367432,1.25,1.2400000095367432,1.2400000095367432,700.0
2024-07-03 11:40:00,ILMN,105.38999938964844,105.38999938964844,105.48999786376953,105.375,105.375,3225.0
2024-07-03 11:40:00,IMCR,36.03499984741211,36.03499984741211,36.03499984741211,35.98500061035156,35.98500061035156,711.0
2024-07-03 11:40:00,IMMX,2.380000114440918,2.380000114440918,2.380000114440918,2.380000114440918,2.380000114440918,273.0
2024-07-03 11:40:00,IMNM,12.029999732971191,12.029999732971191,12.069999694824219,12.029999732971191,12.069999694824219,1302.0
2024-07-03 11:40:00,IMTX,11.779999732971191,11.779999732971191,11.8100004196167,11.779999732971191,11.8100004196167,875.0
2024-07-03 11:40:00,IMVT,26.25,26.25,26.290000915527344,26.184999465942383,26.184999465942383,4096.0
2024-07-03 11:40:00,INCY,58.04999923706055,58.04999923706055,58.04999923706055,57.939998626708984,57.95370101928711,32577.0
2024-07-03 11:40:00,INMD,17.55500030517578,17.55500030517578,17.559999465942383,17.55500030517578,17.559999465942383,1325.0
2024-07-03 11:40:00,INO,8.414999961853027,8.414999961853027,8.414999961853027,8.375,8.375,2692.0
2024-07-03 11:40:00,INSM,61.880001068115234,61.880001068115234,61.880001068115234,61.650001525878906,61.650001525878906,5588.0
2024-07-03 11:40:00,IONS,44.7599983215332,44.7599983215332,44.790000915527344,44.7599983215332,44.779998779296875,1805.0
2024-07-03 11:40:00,IOVA,7.534999847412109,7.534999847412109,7.539999961853027,7.5100998878479,7.519999980926514,17026.0
2024-07-03 11:40:00,IPSC,2.2699999809265137,2.2699999809265137,2.2699999809265137,2.25,2.25,407.0
2024-07-03 11:40:00,IRTC,94.25,94.25,94.25,94.25,94.25,4300.0
2024-07-03 11:40:00,IRWD,6.119999885559082,6.119999885559082,6.125,6.119999885559082,6.125,1089.0
2024-07-03 11:40:00,ISPC,0.27399998903274536,0.27399998903274536,0.27399998903274536,0.27399998903274536,0.27399998903274536,602.0
2024-07-03 11:40:00,ISRG,433.8599853515625,433.8599853515625,433.8800048828125,433.8599853515625,433.8800048828125,634.0
2024-07-03 11:40:00,ITCI,68.27999877929688,68.27999877929688,68.30500030517578,68.27999877929688,68.30500030517578,845.0
2024-07-03 11:40:00,ITOS,14.779999732971191,14.779999732971191,14.779999732971191,14.770000457763672,14.770000457763672,1145.0
2024-07-03 11:40:00,IVVD,1.1150000095367432,1.1150000095367432,1.1150000095367432,1.1150000095367432,1.1150000095367432,298.0
2024-07-03 11:40:00,JANX,37.93000030517578,37.93000030517578,38.02000045776367,37.93000030517578,38.0099983215332,1074.0
2024-07-03 11:40:00,JAZZ,103.72000122070312,103.72000122070312,103.72000122070312,103.72000122070312,103.72000122070312,255.0
2024-07-03 11:40:00,KALV,11.654999732971191,11.654999732971191,11.654999732971191,11.640000343322754,11.640000343322754,1153.0
2024-07-03 11:40:00,KNSA,18.944400787353516,18.944400787353516,18.944400787353516,18.944400787353516,18.944400787353516,400.0
2024-07-03 11:40:00,KOD,2.2100000381469727,2.2100000381469727,2.2100000381469727,2.2100000381469727,2.2100000381469727,384.0
2024-07-03 11:40:00,KPTI,0.8334000110626221,0.8334000110626221,0.8399999737739563,0.8334000110626221,0.8399999737739563,2079.0
2024-07-03 11:40:00,KTRA,0.2863999903202057,0.2863999903202057,0.2879999876022339,0.2825999855995178,0.28369998931884766,29382.0
2024-07-03 11:40:00,LAB,1.7999999523162842,1.7999999523162842,1.7999999523162842,1.7949999570846558,1.7949999570846558,333.0
2024-07-03 11:40:00,LBPH,32.040000915527344,32.040000915527344,32.08000183105469,31.850000381469727,31.950000762939453,4598.0
2024-07-03 11:40:00,LEGN,46.380001068115234,46.380001068115234,46.380001068115234,46.369998931884766,46.369998931884766,643.0
2024-07-03 11:40:00,LFLY,2.069999933242798,2.069999933242798,2.069999933242798,2.069999933242798,2.069999933242798,279.0
2024-07-03 11:40:00,LFMD,6.679999828338623,6.679999828338623,6.690000057220459,6.679999828338623,6.690000057220459,1402.0
2024-07-03 11:40:00,LFST,5.09499979019165,5.09499979019165,5.099999904632568,5.090000152587891,5.099999904632568,433.0
2024-07-03 11:40:00,LIVN,52.650001525878906,52.650001525878906,52.65999984741211,52.650001525878906,52.65999984741211,602.0
2024-07-03 11:40:00,LNTH,79.4800033569336,79.4800033569336,79.4800033569336,79.4800033569336,79.4800033569336,566.0
2024-07-03 11:40:00,LQDA,11.878999710083008,11.878999710083008,11.878999710083008,11.878999710083008,11.878999710083008,572.0
2024-07-03 11:40:00,LRMR,7.695000171661377,7.695000171661377,7.710000038146973,7.695000171661377,7.710000038146973,671.0
2024-07-03 11:40:00,LUNG,6.284999847412109,6.284999847412109,6.284999847412109,6.284999847412109,6.284999847412109,397.0
2024-07-03 11:40:00,LYEL,1.5049999952316284,1.5049999952316284,1.5049999952316284,1.5049999952316284,1.5049999952316284,773.0
2024-07-03 11:40:00,LYRA,0.2863999903202057,0.2863999903202057,0.2863999903202057,0.2863999903202057,0.2863999903202057,569.0
2024-07-03 11:40:00,MBIO,0.48899999260902405,0.48899999260902405,0.48899999260902405,0.48899999260902405,0.48899999260902405,240.0
2024-07-03 11:40:00,MBOT,1.0435999631881714,1.0435999631881714,1.0435999631881714,1.042099952697754,1.042099952697754,206.0
2024-07-03 11:40:00,MCRB,0.7160999774932861,0.7160999774932861,0.7160999774932861,0.7160000205039978,0.7160000205039978,1749.0
2024-07-03 11:40:00,MDWD,14.720000267028809,14.720000267028809,14.720000267028809,14.720000267028809,14.720000267028809,107.0
2024-07-03 11:40:00,MDXG,6.744999885559082,6.744999885559082,6.744999885559082,6.744999885559082,6.744999885559082,166.0
2024-07-03 11:40:00,ME,0.4043000042438507,0.4043000042438507,0.4043999910354614,0.4043000042438507,0.4043000042438507,2543.0
2024-07-03 11:40:00,MEDS,17.46500015258789,17.46500015258789,17.46500015258789,17.46500015258789,17.46500015258789,1479.0
2024-07-03 11:40:00,MGNX,4.210000038146973,4.210000038146973,4.210000038146973,4.210000038146973,4.210000038146973,2060.0
2024-07-03 11:40:00,MGTX,4.0,4.0,4.0,3.9800000190734863,3.9800000190734863,1447.0
2024-07-03 11:40:00,MIRM,33.79899978637695,33.79899978637695,33.808998107910156,33.779998779296875,33.808998107910156,979.0
2024-07-03 11:40:00,MNKD,5.019999980926514,5.019999980926514,5.019999980926514,5.019999980926514,5.019999980926514,1937.0
2024-07-03 11:40:00,MNMD,7.123199939727783,7.123199939727783,7.130000114440918,7.123199939727783,7.125,1221.0
2024-07-03 11:40:00,MNOV,1.4018000364303589,1.4018000364303589,1.4018000364303589,1.4018000364303589,1.4018000364303589,726.0
2024-07-03 11:40:00,MOTS,0.04270000010728836,0.04270000010728836,0.04270000010728836,0.04270000010728836,0.04270000010728836,1.0
2024-07-03 11:40:00,MREO,3.515000104904175,3.515000104904175,3.5199999809265137,3.515000104904175,3.5199999809265137,2162.0
2024-07-03 11:40:00,MRNA,115.7699966430664,115.7699966430664,115.7699966430664,115.73999786376953,115.73999786376953,2655.0
2024-07-03 11:40:00,MRSN,1.8600000143051147,1.8600000143051147,1.8600000143051147,1.8600000143051147,1.8600000143051147,712.0
2024-07-03 11:40:00,MRVI,6.889999866485596,6.889999866485596,6.889999866485596,6.889999866485596,6.889999866485596,14.0
2024-07-03 11:40:00,MXCT,3.690000057220459,3.690000057220459,3.690000057220459,3.690000057220459,3.690000057220459,299.0
2024-07-03 11:40:00,MYGN,25.077499389648438,25.077499389648438,25.100000381469727,25.077499389648438,25.100000381469727,1929.0
2024-07-03 11:40:00,NDRA,0.09849999845027924,0.09849999845027924,0.09849999845027924,0.09769999980926514,0.09769999980926514,190396.0
2024-07-03 11:40:00,NEO,13.739999771118164,13.739999771118164,13.739999771118164,13.729999542236328,13.729999542236328,935.0
2024-07-03 11:40:00,NEOG,15.210000038146973,15.210000038146973,15.210000038146973,15.199999809265137,15.199999809265137,2086.0
2024-07-03 11:40:00,NERV,3.0601000785827637,3.0601000785827637,3.0601000785827637,3.0601000785827637,3.0601000785827637,917.0
2024-07-03 11:40:00,NKTR,1.2450000047683716,1.2450000047683716,1.2450000047683716,1.2450000047683716,1.2450000047683716,476.0
2024-07-03 11:40:00,NKTX,5.329999923706055,5.329999923706055,5.329999923706055,5.329999923706055,5.329999923706055,1082.0
2024-07-03 11:40:00,NLSP,0.20000000298023224,0.20000000298023224,0.20000000298023224,0.20000000298023224,0.20000000298023224,1800.0
2024-07-03 11:40:00,NNOX,6.96999979019165,6.96999979019165,6.96999979019165,6.96999979019165,6.96999979019165,302.0
2024-07-03 11:40:00,NTRA,111.18000030517578,111.18000030517578,111.2300033569336,111.1449966430664,111.1449966430664,1953.0
2024-07-03 11:40:00,NUTX,5.398900032043457,5.398900032043457,5.398900032043457,5.320000171661377,5.320000171661377,797.0
2024-07-03 11:40:00,NVAX,12.62090015411377,12.62090015411377,12.630000114440918,12.609999656677246,12.609999656677246,1993.0
2024-07-03 11:40:00,NVCR,16.704999923706055,16.704999923706055,16.704999923706055,16.690000534057617,16.690000534057617,2221.0
2024-07-03 11:40:00,NXL,1.3799999952316284,1.3799999952316284,1.3799999952316284,1.3799999952316284,1.3799999952316284,626.0
2024-07-03 11:40:00,NXTC,1.590000033378601,1.590000033378601,1.590000033378601,1.590000033378601,1.590000033378601,546.0
2024-07-03 11:40:00,OCGN,1.6050000190734863,1.6050000190734863,1.6085000038146973,1.600000023841858,1.6050000190734863,9558.0
2024-07-03 11:40:00,OCUL,6.650000095367432,6.650000095367432,6.650000095367432,6.644999980926514,6.644999980926514,836.0
2024-07-03 11:40:00,OCX,3.0299999713897705,3.0299999713897705,3.0299999713897705,3.0299999713897705,3.0299999713897705,130.0
2024-07-03 11:40:00,OFIX,13.449999809265137,13.449999809265137,13.449999809265137,13.449999809265137,13.449999809265137,332.0
2024-07-03 11:40:00,OGI,1.5750000476837158,1.5750000476837158,1.5774999856948853,1.5750000476837158,1.5774999856948853,208.0
2024-07-03 11:40:00,OLMA,10.5600004196167,10.5600004196167,10.5600004196167,10.5600004196167,10.5600004196167,103.0
2024-07-03 11:40:00,OM,3.869999885559082,3.869999885559082,3.869999885559082,3.869999885559082,3.869999885559082,67.0
2024-07-03 11:40:00,OMCL,26.579999923706055,26.579999923706055,26.579999923706055,26.579999923706055,26.579999923706055,906.0
2024-07-03 11:40:00,OMER,3.8499999046325684,3.8499999046325684,3.8499999046325684,3.8499999046325684,3.8499999046325684,126.0
2024-07-03 11:41:00,AADI,1.3769999742507935,1.3769999742507935,1.3769999742507935,1.3700000047683716,1.375,6454.0
2024-07-03 11:41:00,ABCL,2.7279999256134033,2.7279999256134033,2.7279999256134033,2.720900058746338,2.7249999046325684,2884.0
2024-07-03 11:41:00,ABEO,4.300000190734863,4.300000190734863,4.300000190734863,4.269999980926514,4.269999980926514,913.0
2024-07-03 11:41:00,ABSI,3.174999952316284,3.174999952316284,3.174999952316284,3.174999952316284,3.174999952316284,840.0
2024-07-03 11:41:00,ABUS,3.134999990463257,3.134999990463257,3.134999990463257,3.134999990463257,3.134999990463257,436.0
2024-07-03 11:41:00,ACAD,15.583999633789062,15.583999633789062,15.583999633789062,15.583999633789062,15.583999633789062,914.0
2024-07-03 11:41:00,ACCD,3.5350000858306885,3.5350000858306885,3.5350000858306885,3.5350000858306885,3.5350000858306885,3340.0
2024-07-03 11:41:00,ACET,1.065000057220459,1.065000057220459,1.065000057220459,1.065000057220459,1.065000057220459,226.0
2024-07-03 11:41:00,ACHC,66.59500122070312,66.59500122070312,66.5999984741211,66.55000305175781,66.5999984741211,2061.0
2024-07-03 11:41:00,ACHV,4.510000228881836,4.510000228881836,4.510000228881836,4.510000228881836,4.510000228881836,962.0
2024-07-03 11:41:00,ACLX,53.64500045776367,53.64500045776367,53.70000076293945,53.64500045776367,53.70000076293945,435.0
2024-07-03 11:41:00,ACRS,1.149999976158142,1.149999976158142,1.149999976158142,1.149999976158142,1.149999976158142,300.0
2024-07-03 11:41:00,ADAP,1.000100016593933,1.000100016593933,1.000100016593933,1.000100016593933,1.000100016593933,11.0
2024-07-03 11:41:00,ADMA,11.24940013885498,11.24940013885498,11.25,11.239999771118164,11.25,7142.0
2024-07-03 11:41:00,ADPT,3.359999895095825,3.359999895095825,3.359999895095825,3.359999895095825,3.359999895095825,135.0
2024-07-03 11:41:00,ADVM,7.03000020980835,7.03000020980835,7.03000020980835,7.03000020980835,7.03000020980835,356.0
2024-07-03 11:41:00,AFMD,5.090000152587891,5.090000152587891,5.090000152587891,5.090000152587891,5.090000152587891,287.0
2024-07-03 11:41:00,AHCO,9.725000381469727,9.725000381469727,9.725000381469727,9.720000267028809,9.720000267028809,2123.0
2024-07-03 11:41:00,AKBA,0.9495999813079834,0.9495999813079834,0.9502000212669373,0.9490000009536743,0.9490000009536743,10381.0
2024-07-03 11:41:00,AKRO,21.795000076293945,21.795000076293945,21.795000076293945,21.790000915527344,21.790000915527344,1152.0
2024-07-03 11:41:00,ALDX,3.1600000858306885,3.1600000858306885,3.1698999404907227,3.1600000858306885,3.1698999404907227,1422.0
2024-07-03 11:41:00,ALEC,4.414999961853027,4.414999961853027,4.420000076293945,4.414999961853027,4.420000076293945,1223.0
2024-07-03 11:41:00,ALGN,240.77499389648438,240.77499389648438,240.77999877929688,240.77499389648438,240.77999877929688,735.0
2024-07-03 11:41:00,ALHC,7.980000019073486,7.980000019073486,7.980000019073486,7.980000019073486,7.980000019073486,353.0
2024-07-03 11:41:00,ALKS,24.2549991607666,24.2549991607666,24.2549991607666,24.2549991607666,24.2549991607666,761.0
2024-07-03 11:41:00,ALLK,0.8299999833106995,0.8299999833106995,0.832099974155426,0.8299999833106995,0.832099974155426,847.0
2024-07-03 11:41:00,ALLO,2.115000009536743,2.115000009536743,2.1198999881744385,2.115000009536743,2.115000009536743,4280.0
2024-07-03 11:41:00,ALLR,0.20200000703334808,0.20200000703334808,0.2029999941587448,0.20149999856948853,0.2029000073671341,17120.0
2024-07-03 11:41:00,ALNY,246.7100067138672,246.7100067138672,246.7100067138672,246.7100067138672,246.7100067138672,1499.0
2024-07-03 11:41:00,ALT,6.659999847412109,6.659999847412109,6.664999961853027,6.650000095367432,6.664999961853027,5874.0
2024-07-03 11:41:00,ALVR,0.7382000088691711,0.7382000088691711,0.7382000088691711,0.7382000088691711,0.7382000088691711,434.0
2024-07-03 11:41:00,ALXO,5.75,5.75,5.775000095367432,5.75,5.774899959564209,1974.0
2024-07-03 11:41:00,AMED,96.95999908447266,96.95999908447266,96.95999908447266,96.95999908447266,96.95999908447266,468.0
2024-07-03 11:41:00,AMGN,307.75,307.75,307.7699890136719,307.6300048828125,307.67999267578125,2000.0
2024-07-03 11:41:00,AMPH,38.34000015258789,38.34000015258789,38.34000015258789,38.34000015258789,38.34000015258789,379.0
2024-07-03 11:41:00,AMRN,0.6916000247001648,0.6916000247001648,0.6916000247001648,0.6916000247001648,0.6916000247001648,778.0
2024-07-03 11:41:00,ANAB,25.0,25.0,25.0,25.0,25.0,575.0
2024-07-03 11:41:00,ANGO,5.639999866485596,5.639999866485596,5.639999866485596,5.639999866485596,5.639999866485596,619.0
2024-07-03 11:41:00,ANNX,4.784999847412109,4.784999847412109,4.789999961853027,4.784999847412109,4.784999847412109,814.0
2024-07-03 11:41:00,ANTX,2.5099000930786133,2.5099000930786133,2.5099000930786133,2.5,2.5,1311.0
2024-07-03 11:41:00,APLS,35.5,35.5,35.5,35.5,35.5,388.0
2024-07-03 11:41:00,APLT,4.34499979019165,4.34499979019165,4.355000019073486,4.34499979019165,4.355000019073486,3735.0
2024-07-03 11:41:00,AQST,2.4049999713897705,2.4049999713897705,2.4049999713897705,2.4000000953674316,2.4000000953674316,360.0
2024-07-03 11:41:00,ARCT,21.424999237060547,21.424999237060547,21.450000762939453,21.424999237060547,21.450000762939453,965.0
2024-07-03 11:41:00,ARDX,5.195000171661377,5.195000171661377,5.210000038146973,5.190000057220459,5.210000038146973,68802.0
2024-07-03 11:41:00,ARQT,9.6850004196167,9.6850004196167,9.6899995803833,9.680000305175781,9.680000305175781,2305.0
2024-07-03 11:41:00,ARVN,23.950000762939453,23.950000762939453,23.950000762939453,23.950000762939453,23.950000762939453,200.0
2024-07-03 11:41:00,ASND,135.6199951171875,135.6199951171875,135.6750030517578,135.39999389648438,135.5,1142.0
2024-07-03 11:41:00,ASRT,1.3350000381469727,1.3350000381469727,1.3350000381469727,1.3250000476837158,1.3300000429153442,15395.0
2024-07-03 11:41:00,ATEC,9.979999542236328,9.979999542236328,9.979999542236328,9.979999542236328,9.979999542236328,2332.0
2024-07-03 11:41:00,ATOS,1.159999966621399,1.159999966621399,1.159999966621399,1.159999966621399,1.159999966621399,262.0
2024-07-03 11:41:00,ATRC,22.420000076293945,22.420000076293945,22.420000076293945,22.334999084472656,22.334999084472656,2264.0
2024-07-03 11:41:00,ATXS,9.0,9.0,9.0,9.0,9.0,943.0
2024-07-03 11:41:00,AUGX,1.0,1.0,1.0,1.0,1.0,583.0
2024-07-03 11:41:00,AUPH,5.465000152587891,5.465000152587891,5.465000152587891,5.465000152587891,5.465000152587891,481.0
2024-07-03 11:41:00,AUTL,3.4700000286102295,3.4700000286102295,3.4800000190734863,3.4700000286102295,3.4800000190734863,5560.0
2024-07-03 11:41:00,AVDL,14.40999984741211,14.40999984741211,14.4399995803833,14.40999984741211,14.4399995803833,3251.0
2024-07-03 11:41:00,AVIR,3.2850000858306885,3.2850000858306885,3.2850000858306885,3.2850000858306885,3.2850000858306885,938.0
2024-07-03 11:41:00,AVTE,1.625,1.625,1.625,1.625,1.625,328.0
2024-07-03 11:41:00,AVXL,4.164999961853027,4.164999961853027,4.170000076293945,4.164999961853027,4.170000076293945,989.0
2024-07-03 11:41:00,AXGN,7.465000152587891,7.465000152587891,7.480000019073486,7.429999828338623,7.429999828338623,3120.0
2024-07-03 11:41:00,AZN,76.68499755859375,76.68499755859375,76.73999786376953,76.68160247802734,76.73999786376953,45083.0
2024-07-03 11:41:00,AZTA,52.56999969482422,52.56999969482422,52.56999969482422,52.44499969482422,52.470001220703125,4194.0
2024-07-03 11:41:00,BBIO,25.364999771118164,25.364999771118164,25.364999771118164,25.364999771118164,25.364999771118164,140.0
2024-07-03 11:41:00,BCAB,1.375,1.375,1.375,1.375,1.375,432.0
2024-07-03 11:41:00,BCRX,6.445000171661377,6.445000171661377,6.445000171661377,6.445000171661377,6.445000171661377,383.0
2024-07-03 11:41:00,BCTX,1.0199999809265137,1.0199999809265137,1.0199999809265137,1.0199999809265137,1.0199999809265137,200.0
2024-07-03 11:41:00,BDSX,1.600000023841858,1.600000023841858,1.600000023841858,1.5976999998092651,1.600000023841858,1081.0
2024-07-03 11:41:00,BEAM,23.549999237060547,23.549999237060547,23.59000015258789,23.549999237060547,23.579999923706055,2348.0
2024-07-03 11:41:00,BIIB,224.0749969482422,224.0749969482422,224.16000366210938,224.0749969482422,224.16000366210938,514.0
2024-07-03 11:41:00,BLTE,45.599998474121094,45.599998474121094,45.599998474121094,45.599998474121094,45.599998474121094,301.0
2024-07-03 11:41:00,BLUE,0.9296000003814697,0.9296000003814697,0.9296000003814697,0.9291999936103821,0.9291999936103821,21539.0
2024-07-03 11:41:00,BMEA,4.360000133514404,4.360000133514404,4.364999771118164,4.360000133514404,4.364999771118164,981.0
2024-07-03 11:41:00,BMRN,81.08999633789062,81.08999633789062,81.08999633789062,81.04499816894531,81.05000305175781,3743.0
2024-07-03 11:41:00,BNGO,0.5561000108718872,0.5561000108718872,0.5561000108718872,0.5559999942779541,0.5561000108718872,16682.0
2024-07-03 11:41:00,BNTX,79.91999816894531,79.91999816894531,79.91999816894531,79.86499786376953,79.87999725341797,1707.0
2024-07-03 11:41:00,BPMC,110.93000030517578,110.93000030517578,110.93000030517578,110.8550033569336,110.8550033569336,622.0
2024-07-03 11:41:00,BRKR,61.54499816894531,61.54499816894531,61.54999923706055,61.52000045776367,61.529998779296875,1459.0
2024-07-03 11:41:00,BTAI,1.0850000381469727,1.0850000381469727,1.0850000381469727,1.0800000429153442,1.0800000429153442,291.0
2024-07-03 11:41:00,BTCY,0.7538999915122986,0.7538999915122986,0.7538999915122986,0.7538999915122986,0.7538999915122986,50.0
2024-07-03 11:41:00,BVS,5.988500118255615,5.988500118255615,5.988500118255615,5.988500118255615,5.988500118255615,699.0
2024-07-03 11:41:00,BWAY,5.994999885559082,5.994999885559082,5.994999885559082,5.980000019073486,5.980000019073486,954.0
2024-07-03 11:41:00,CADL,6.300000190734863,6.300000190734863,6.329999923706055,6.28000020980835,6.320000171661377,9673.0
2024-07-03 11:41:00,CAPR,4.730000019073486,4.730000019073486,4.730000019073486,4.71999979019165,4.71999979019165,1639.0
2024-07-03 11:41:00,CARA,0.2897000014781952,0.2897000014781952,0.2897000014781952,0.28519999980926514,0.28519999980926514,1102.0
2024-07-03 11:41:00,CCCC,4.59499979019165,4.59499979019165,4.599999904632568,4.59499979019165,4.59499979019165,1305.0
2024-07-03 11:41:00,CCRN,13.789999961853027,13.789999961853027,13.789999961853027,13.789999961853027,13.789999961853027,1085.0
2024-07-03 11:41:00,CDMO,7.650000095367432,7.650000095367432,7.659999847412109,7.650000095367432,7.659999847412109,1057.0
2024-07-03 11:41:00,CDNA,15.149999618530273,15.149999618530273,15.149999618530273,15.149999618530273,15.149999618530273,824.0
2024-07-03 11:41:00,CDXC,2.501499891281128,2.501499891281128,2.501499891281128,2.501499891281128,2.501499891281128,702.0
2024-07-03 11:41:00,CDXS,2.875,2.875,2.875,2.875,2.875,483.0
2024-07-03 11:41:00,CERE,39.470001220703125,39.470001220703125,39.56800079345703,39.45000076293945,39.55500030517578,39880.0
2024-07-03 11:41:00,CERS,1.7100000381469727,1.7100000381469727,1.7100000381469727,1.7100000381469727,1.7100000381469727,108.0
2024-07-03 11:41:00,CGC,6.510000228881836,6.510000228881836,6.519800186157227,6.505000114440918,6.519800186157227,3173.0
2024-07-03 11:41:00,CGEM,16.790000915527344,16.790000915527344,16.790000915527344,16.790000915527344,16.790000915527344,160.0
2024-07-03 11:41:00,CGEN,1.6349999904632568,1.6349999904632568,1.6349999904632568,1.6349999904632568,1.6349999904632568,425.0
2024-07-03 11:41:00,CHRS,1.3949999809265137,1.3949999809265137,1.3949999809265137,1.3949999809265137,1.3949999809265137,5013.0
2024-07-03 11:41:00,CLOV,1.2450000047683716,1.2450000047683716,1.2450000047683716,1.2450000047683716,1.2450000047683716,256.0
2024-07-03 11:41:00,CLPT,5.422999858856201,5.422999858856201,5.422999858856201,5.422999858856201,5.422999858856201,2000.0
2024-07-03 11:41:00,CMPS,6.28000020980835,6.28000020980835,6.28000020980835,6.28000020980835,6.28000020980835,281.0
2024-07-03 11:41:00,CMRX,0.8698999881744385,0.8698999881744385,0.8698999881744385,0.8698999881744385,0.8698999881744385,1048.0
2024-07-03 11:41:00,CNSP,1.559999942779541,1.559999942779541,1.5793999433517456,1.5199999809265137,1.5699000358581543,63250.0
2024-07-03 11:41:00,COGT,8.449999809265137,8.449999809265137,8.479999542236328,8.449999809265137,8.479999542236328,2280.0
2024-07-03 11:41:00,COLL,32.25,32.25,32.25,32.25,32.25,104.0
2024-07-03 11:41:00,COSM,0.9300000071525574,0.9300000071525574,0.9300000071525574,0.9300000071525574,0.9300000071525574,816.0
2024-07-03 11:41:00,CPRX,15.449999809265137,15.449999809265137,15.449999809265137,15.4399995803833,15.4399995803833,1752.0
2024-07-03 11:41:00,CRBU,1.5700000524520874,1.5700000524520874,1.5750000476837158,1.5700000524520874,1.5700000524520874,6689.0
2024-07-03 11:41:00,CRMD,4.139999866485596,4.139999866485596,4.139999866485596,4.139999866485596,4.139999866485596,120.0
2024-07-03 11:41:00,CRNX,44.70000076293945,44.70000076293945,44.93000030517578,44.70000076293945,44.93000030517578,2423.0
2024-07-03 11:41:00,CRSP,53.68989944458008,53.68989944458008,53.68989944458008,53.630001068115234,53.630001068115234,2369.0
2024-07-03 11:41:00,CSTL,21.049999237060547,21.049999237060547,21.059999465942383,21.049999237060547,21.059999465942383,1190.0
2024-07-03 11:41:00,CTKB,5.605000019073486,5.605000019073486,5.605000019073486,5.599999904632568,5.599999904632568,609.0
2024-07-03 11:41:00,CTXR,0.49950000643730164,0.49950000643730164,0.49950000643730164,0.4993000030517578,0.4993000030517578,7974.0
2024-07-03 11:41:00,CUE,0.9940999746322632,0.9940999746322632,0.9940999746322632,0.9940999746322632,0.9940999746322632,111.0
2024-07-03 11:41:00,CUTR,1.2999000549316406,1.2999000549316406,1.2999000549316406,1.2994999885559082,1.2994999885559082,1174.0
2024-07-03 11:41:00,CVAC,3.305000066757202,3.305000066757202,3.319999933242798,3.301500082015991,3.315000057220459,9554.0
2024-07-03 11:41:00,CYTK,54.55500030517578,54.55500030517578,54.55500030517578,54.55500030517578,54.55500030517578,708.0
2024-07-03 11:41:00,DARE,3.309999942779541,3.309999942779541,3.309999942779541,3.309999942779541,3.309999942779541,948.0
2024-07-03 11:41:00,DAWN,13.359999656677246,13.359999656677246,13.359999656677246,13.359999656677246,13.359999656677246,847.0
2024-07-03 11:41:00,DCGO,2.924999952316284,2.924999952316284,2.924999952316284,2.924999952316284,2.924999952316284,419.0
2024-07-03 11:41:00,DNLI,21.40999984741211,21.40999984741211,21.40999984741211,21.40999984741211,21.40999984741211,581.0
2024-07-03 11:41:00,DSGN,3.2699999809265137,3.2699999809265137,3.2699999809265137,3.25,3.25,279.0
2024-07-03 11:41:00,DYN,34.20000076293945,34.20000076293945,34.20000076293945,34.20000076293945,34.20000076293945,611.0
2024-07-03 11:41:00,EDIT,4.65500020980835,4.65500020980835,4.65500020980835,4.650000095367432,4.650000095367432,1025.0
2024-07-03 11:41:00,ELEV,2.634999990463257,2.634999990463257,2.634999990463257,2.634999990463257,2.634999990463257,891.0
2024-07-03 11:41:00,ENSG,126.53500366210938,126.53500366210938,126.53500366210938,126.53500366210938,126.53500366210938,1360.0
2024-07-03 11:41:00,ENTA,13.199999809265137,13.199999809265137,13.199999809265137,13.199999809265137,13.199999809265137,467.0
2024-07-03 11:41:00,EOLS,10.880000114440918,10.880000114440918,10.880000114440918,10.880000114440918,10.880000114440918,481.0
2024-07-03 11:41:00,ERAS,2.234999895095825,2.234999895095825,2.234999895095825,2.234999895095825,2.234999895095825,583.0
2024-07-03 11:41:00,ESPR,2.3498001098632812,2.3498001098632812,2.3499999046325684,2.3450000286102295,2.3450000286102295,6502.0
2024-07-03 11:41:00,EVGN,0.649399995803833,0.649399995803833,0.649399995803833,0.6446999907493591,0.6446999907493591,1700.0
2024-07-03 11:41:00,EWTX,18.05500030517578,18.05500030517578,18.06999969482422,18.040000915527344,18.049999237060547,3300.0
2024-07-03 11:41:00,EXAI,5.429999828338623,5.429999828338623,5.429999828338623,5.429999828338623,5.429999828338623,315.0
2024-07-03 11:41:00,EXEL,21.969999313354492,21.969999313354492,21.975000381469727,21.969999313354492,21.969999313354492,1291.0
2024-07-03 11:41:00,EYEN,0.784500002861023,0.784500002861023,0.784500002861023,0.7800999879837036,0.7800999879837036,860.0
2024-07-03 11:41:00,FATE,3.1649999618530273,3.1649999618530273,3.1649999618530273,3.1600000858306885,3.1600000858306885,1772.0
2024-07-03 11:41:00,FDMT,20.915000915527344,20.915000915527344,20.915000915527344,20.915000915527344,20.915000915527344,295.0
2024-07-03 11:41:00,FGEN,0.7142999768257141,0.7142999768257141,0.7142999768257141,0.7092999815940857,0.7096999883651733,15955.0
2024-07-03 11:41:00,FHTX,5.5,5.5,5.5,5.494999885559082,5.494999885559082,310.0
2024-07-03 11:41:00,FLGT,20.149999618530273,20.149999618530273,20.15999984741211,20.149999618530273,20.15999984741211,1153.0
2024-07-03 11:41:00,FOLD,9.890000343322754,9.890000343322754,9.890000343322754,9.890000343322754,9.890000343322754,1104.0
2024-07-03 11:41:00,FULC,6.144999980926514,6.144999980926514,6.144999980926514,6.139999866485596,6.139999866485596,1848.0
2024-07-03 11:41:00,GALT,2.1700000762939453,2.1700000762939453,2.1700000762939453,2.1600000858306885,2.1600000858306885,2622.0
2024-07-03 11:41:00,GANX,1.1399999856948853,1.1399999856948853,1.1399999856948853,1.1399999856948853,1.1399999856948853,200.0
2024-07-03 11:41:00,GBIO,2.4800000190734863,2.4800000190734863,2.4800000190734863,2.4800000190734863,2.4800000190734863,826.0
2024-07-03 11:41:00,GDRX,7.804999828338623,7.804999828338623,7.804999828338623,7.804999828338623,7.804999828338623,987.0
2024-07-03 11:41:00,GERN,4.324999809265137,4.324999809265137,4.324999809265137,4.324999809265137,4.324999809265137,3441.0
2024-07-03 11:41:00,GILD,67.20999908447266,67.20999908447266,67.22000122070312,67.16999816894531,67.16999816894531,5963.0
2024-07-03 11:41:00,GLYC,0.2711000144481659,0.2711000144481659,0.2711000144481659,0.2711000144481659,0.2711000144481659,232.0
2024-07-03 11:41:00,GMAB,25.190000534057617,25.190000534057617,25.190000534057617,25.190000534057617,25.190000534057617,103.0
2024-07-03 11:41:00,GOSS,0.9526000022888184,0.9526000022888184,0.9549999833106995,0.9526000022888184,0.954800009727478,1379.0
2024-07-03 11:41:00,GOVX,2.930000066757202,2.930000066757202,2.940000057220459,2.930000066757202,2.940000057220459,2024.0
2024-07-03 11:41:00,GRTS,0.58160001039505,0.58160001039505,0.58160001039505,0.58160001039505,0.58160001039505,1187.0
2024-07-03 11:41:00,GTHX,2.5,2.5,2.509999990463257,2.5,2.509999990463257,459.0
2024-07-03 11:41:00,HALO,51.95000076293945,51.95000076293945,52.01499938964844,51.95000076293945,52.01499938964844,1639.0
2024-07-03 11:41:00,HITI,2.1050000190734863,2.1050000190734863,2.1050000190734863,2.1050000190734863,2.1050000190734863,724.0
2024-07-03 11:41:00,HOLX,73.20500183105469,73.20500183105469,73.20500183105469,73.20500183105469,73.20500183105469,1049.0
2024-07-03 11:41:00,HRMY,30.290000915527344,30.290000915527344,30.290000915527344,30.290000915527344,30.290000915527344,506.0
2024-07-03 11:41:00,HROW,21.559999465942383,21.559999465942383,21.559999465942383,21.559999465942383,21.559999465942383,175.0
2024-07-03 11:41:00,HRTX,2.7300000190734863,2.7300000190734863,2.734999895095825,2.7300000190734863,2.734999895095825,3678.0
2024-07-03 11:41:00,HSIC,64.88500213623047,64.88500213623047,64.91000366210938,64.88500213623047,64.90499877929688,1551.0
2024-07-03 11:41:00,HSTM,27.540000915527344,27.540000915527344,27.549999237060547,27.540000915527344,27.549999237060547,1045.0
2024-07-03 11:41:00,HUMA,5.688799858093262,5.688799858093262,5.715000152587891,5.684599876403809,5.715000152587891,4641.0
2024-07-03 11:41:00,IART,28.579999923706055,28.579999923706055,28.635000228881836,28.579999923706055,28.635000228881836,2452.0
2024-07-03 11:41:00,IBRX,6.258800029754639,6.258800029754639,6.269999980926514,6.239999771118164,6.244999885559082,6437.0
2024-07-03 11:41:00,ICLR,318.135009765625,318.135009765625,318.3900146484375,317.9200134277344,318.3900146484375,2837.0
2024-07-03 11:41:00,IDYA,33.38999938964844,33.38999938964844,33.43000030517578,33.38999938964844,33.43000030517578,1982.0
2024-07-03 11:41:00,IGMS,6.510000228881836,6.510000228881836,6.510000228881836,6.489999771118164,6.489999771118164,4613.0
2024-07-03 11:41:00,ILMN,105.31999969482422,105.31999969482422,105.34500122070312,105.31999969482422,105.34500122070312,1049.0
2024-07-03 11:41:00,IMCR,36.01499938964844,36.01499938964844,36.01499938964844,36.0,36.0,872.0
2024-07-03 11:41:00,IMMX,2.390000104904175,2.390000104904175,2.390000104904175,2.390000104904175,2.390000104904175,324.0
2024-07-03 11:41:00,IMNM,11.998600006103516,11.998600006103516,12.020000457763672,11.960000038146973,12.020000457763672,9779.0
2024-07-03 11:41:00,IMRX,1.1299999952316284,1.1299999952316284,1.1399999856948853,1.1200000047683716,1.1299999952316284,3227.0
2024-07-03 11:41:00,IMVT,26.229999542236328,26.229999542236328,26.229999542236328,26.229999542236328,26.229999542236328,176.0
2024-07-03 11:41:00,INCY,58.06999969482422,58.06999969482422,58.06999969482422,58.040000915527344,58.040000915527344,2190.0
2024-07-03 11:41:00,INMD,17.549999237060547,17.549999237060547,17.549999237060547,17.549999237060547,17.549999237060547,217.0
2024-07-03 11:41:00,INSM,61.689998626708984,61.689998626708984,61.88999938964844,61.66999816894531,61.8849983215332,43560.0
2024-07-03 11:41:00,IONS,44.744998931884766,44.744998931884766,44.75,44.744998931884766,44.75,870.0
2024-07-03 11:41:00,IOVA,7.534999847412109,7.534999847412109,7.539999961853027,7.53000020980835,7.534999847412109,2955.0
2024-07-03 11:41:00,IRWD,6.119999885559082,6.119999885559082,6.125,6.119999885559082,6.125,875.0
2024-07-03 11:41:00,ITCI,68.30000305175781,68.30000305175781,68.30000305175781,68.30000305175781,68.30000305175781,427.0
2024-07-03 11:41:00,ITOS,14.800000190734863,14.800000190734863,14.800000190734863,14.800000190734863,14.800000190734863,775.0
2024-07-03 11:41:00,JAZZ,103.80000305175781,103.80000305175781,103.80000305175781,103.80000305175781,103.80000305175781,132.0
2024-07-03 11:41:00,JYNT,13.199999809265137,13.199999809265137,13.239999771118164,13.199999809265137,13.239999771118164,418.0
2024-07-03 11:41:00,KALV,11.6899995803833,11.6899995803833,11.6899995803833,11.619999885559082,11.630000114440918,4085.0
2024-07-03 11:41:00,KIDS,29.684999465942383,29.684999465942383,29.684999465942383,29.684999465942383,29.684999465942383,260.0
2024-07-03 11:41:00,KMDA,5.190000057220459,5.190000057220459,5.190000057220459,5.190000057220459,5.190000057220459,1726.0
2024-07-03 11:41:00,KNSA,18.8799991607666,18.8799991607666,18.940000534057617,18.8799991607666,18.940000534057617,2529.0
2024-07-03 11:41:00,KOD,2.2100000381469727,2.2100000381469727,2.2100000381469727,2.2100000381469727,2.2100000381469727,200.0
2024-07-03 11:41:00,KPTI,0.8371999859809875,0.8371999859809875,0.8371999859809875,0.8363000154495239,0.8363000154495239,1314.0
2024-07-03 11:41:00,KTRA,0.2865000069141388,0.2865000069141388,0.2865000069141388,0.2865000069141388,0.2865000069141388,3046.0
2024-07-03 11:41:00,KURA,20.290000915527344,20.290000915527344,20.309999465942383,20.290000915527344,20.309999465942383,638.0
2024-07-03 11:41:00,KZR,0.5767999887466431,0.5767999887466431,0.5767999887466431,0.5752000212669373,0.5752000212669373,837.0
2024-07-03 11:41:00,LAB,1.7949999570846558,1.7949999570846558,1.7999999523162842,1.7949999570846558,1.7949999570846558,1635.0
2024-07-03 11:41:00,LEGN,46.369998931884766,46.369998931884766,46.38999938964844,46.369998931884766,46.38999938964844,1582.0
2024-07-03 11:41:00,LFMD,6.690000057220459,6.690000057220459,6.690000057220459,6.670000076293945,6.679999828338623,1449.0
2024-07-03 11:41:00,LFST,5.090000152587891,5.090000152587891,5.09499979019165,5.090000152587891,5.09499979019165,907.0
2024-07-03 11:41:00,LGVN,1.5994000434875488,1.5994000434875488,1.5994000434875488,1.5994000434875488,1.5994000434875488,1166.0
2024-07-03 11:41:00,LIVN,52.619998931884766,52.619998931884766,52.654998779296875,52.619998931884766,52.619998931884766,757.0
2024-07-03 11:41:00,LOGC,5.730000019073486,5.730000019073486,5.730000019073486,5.711999893188477,5.711999893188477,1453.0
2024-07-03 11:41:00,LPTX,1.774999976158142,1.774999976158142,1.7903000116348267,1.7599999904632568,1.7899999618530273,3765.0
2024-07-03 11:41:00,LQDA,11.850000381469727,11.850000381469727,11.880000114440918,11.850000381469727,11.880000114440918,1449.0
2024-07-03 11:41:00,LUCY,0.46700000762939453,0.46700000762939453,0.46700000762939453,0.46700000762939453,0.46700000762939453,756.0
2024-07-03 11:41:00,LXRX,1.590000033378601,1.590000033378601,1.5993000268936157,1.590000033378601,1.5980000495910645,2333.0
2024-07-03 11:41:00,LYEL,1.5049999952316284,1.5049999952316284,1.5049999952316284,1.5049999952316284,1.5049999952316284,244.0
2024-07-03 11:41:00,MASI,115.02999877929688,115.02999877929688,115.02999877929688,115.02999877929688,115.02999877929688,634.0
2024-07-03 11:41:00,MBIO,0.4912000000476837,0.4912000000476837,0.4912000000476837,0.4894999861717224,0.4894999861717224,1911.0
2024-07-03 11:41:00,MDWD,14.670000076293945,14.670000076293945,14.710000038146973,14.670000076293945,14.710000038146973,215.0
2024-07-03 11:41:00,MDXG,6.744999885559082,6.744999885559082,6.744999885559082,6.744999885559082,6.744999885559082,151.0
2024-07-03 11:41:00,ME,0.4041999876499176,0.4041999876499176,0.4043000042438507,0.4041999876499176,0.4041999876499176,1776.0
2024-07-03 11:41:00,MGNX,4.210000038146973,4.210000038146973,4.210000038146973,4.20989990234375,4.210000038146973,647.0
2024-07-03 11:41:00,MIRM,33.78499984741211,33.78499984741211,33.78499984741211,33.775001525878906,33.775001525878906,2030.0
2024-07-03 11:41:00,MLTX,41.3650016784668,41.3650016784668,41.3650016784668,41.3650016784668,41.3650016784668,310.0
2024-07-03 11:41:00,MMSI,85.7300033569336,85.7300033569336,85.73999786376953,85.7300033569336,85.73999786376953,440.0
2024-07-03 11:41:00,MNKD,5.019999980926514,5.019999980926514,5.022200107574463,5.019999980926514,5.022200107574463,6443.0
2024-07-03 11:41:00,MNMD,7.111400127410889,7.111400127410889,7.130000114440918,7.110000133514404,7.130000114440918,3556.0
2024-07-03 11:41:00,MORF,31.809999465942383,31.809999465942383,31.809999465942383,31.739999771118164,31.739999771118164,1138.0
2024-07-03 11:41:00,MREO,3.5299999713897705,3.5299999713897705,3.5299999713897705,3.5199999809265137,3.5199999809265137,5238.0
2024-07-03 11:41:00,MRNA,115.7699966430664,115.7699966430664,115.83000183105469,115.7699966430664,115.7699966430664,4029.0
2024-07-03 11:41:00,MRSN,1.850000023841858,1.850000023841858,1.850000023841858,1.850000023841858,1.850000023841858,422.0
2024-07-03 11:41:00,MRVI,6.889999866485596,6.889999866485596,6.889999866485596,6.885000228881836,6.889999866485596,1823.0
2024-07-03 11:41:00,MXCT,3.684999942779541,3.684999942779541,3.690000057220459,3.684999942779541,3.690000057220459,237.0
2024-07-03 11:41:00,NARI,49.369998931884766,49.369998931884766,49.43000030517578,49.369998931884766,49.43000030517578,571.0
2024-07-03 11:41:00,NBIX,138.6999969482422,138.6999969482422,138.6999969482422,138.66000366210938,138.66000366210938,729.0
2024-07-03 11:41:00,NCNA,2.7553999423980713,2.7553999423980713,2.7553999423980713,2.7553999423980713,2.7553999423980713,120.0
2024-07-03 11:41:00,NDRA,0.09880000352859497,0.09880000352859497,0.0989999994635582,0.09799999743700027,0.09849999845027924,204231.0
2024-07-03 11:41:00,NEO,13.729999542236328,13.729999542236328,13.729999542236328,13.729999542236328,13.729999542236328,562.0
2024-07-03 11:41:00,NEOG,15.199999809265137,15.199999809265137,15.210000038146973,15.199999809265137,15.204999923706055,2944.0
2024-07-03 11:41:00,NKTR,1.2350000143051147,1.2350000143051147,1.2450000047683716,1.2300000190734863,1.2450000047683716,10681.0
2024-07-03 11:41:00,NKTX,5.3379998207092285,5.3379998207092285,5.3379998207092285,5.3379998207092285,5.3379998207092285,349.0
2024-07-03 11:41:00,NLSP,0.20000000298023224,0.20000000298023224,0.20000000298023224,0.20000000298023224,0.20000000298023224,600.0
2024-07-03 11:41:00,NMTC,0.8648999929428101,0.8648999929428101,0.8648999929428101,0.8648999929428101,0.8648999929428101,200.0
2024-07-03 11:41:00,NNOX,6.960000038146973,6.960000038146973,6.960000038146973,6.960000038146973,6.960000038146973,1059.0
2024-07-03 11:41:00,NRBO,4.579999923706055,4.579999923706055,4.579999923706055,4.579999923706055,4.579999923706055,119.0
2024-07-03 11:41:00,NRC,22.905000686645508,22.905000686645508,22.905000686645508,22.8700008392334,22.8799991607666,1458.0
2024-07-03 11:41:00,NRIX,19.479999542236328,19.479999542236328,19.510000228881836,19.479999542236328,19.510000228881836,623.0
2024-07-03 11:41:00,NRSN,1.3200000524520874,1.3200000524520874,1.3200000524520874,1.3200000524520874,1.3200000524520874,100.0
2024-07-03 11:41:00,NRXP,2.61299991607666,2.61299991607666,2.61299991607666,2.61299991607666,2.61299991607666,306.0
2024-07-03 11:41:00,NTLA,22.6200008392334,22.6200008392334,22.62700080871582,22.600000381469727,22.600000381469727,1366.0
2024-07-03 11:41:00,NTRA,111.26000213623047,111.26000213623047,111.31999969482422,111.26000213623047,111.31999969482422,575.0
2024-07-03 11:41:00,NUTX,5.239999771118164,5.239999771118164,5.239999771118164,5.239999771118164,5.239999771118164,129.0
2024-07-03 11:41:00,NVAX,12.619999885559082,12.619999885559082,12.628999710083008,12.619999885559082,12.628999710083008,2086.0
2024-07-03 11:41:00,OCGN,1.6050000190734863,1.6050000190734863,1.6050000190734863,1.600000023841858,1.600000023841858,595.0
2024-07-03 11:41:00,OCUL,6.644999980926514,6.644999980926514,6.650000095367432,6.639999866485596,6.650000095367432,1369.0
2024-07-03 11:41:00,OFIX,13.4399995803833,13.4399995803833,13.470000267028809,13.430000305175781,13.449999809265137,1514.0
2024-07-03 11:41:00,OLK,25.7549991607666,25.7549991607666,25.7549991607666,25.7549991607666,25.7549991607666,1031.0
2024-07-03 11:41:00,OLMA,10.5600004196167,10.5600004196167,10.5600004196167,10.5600004196167,10.5600004196167,536.0
2024-07-03 11:41:00,OM,3.875,3.875,3.875,3.875,3.875,258.0
2024-07-03 11:41:00,OMER,3.8499999046325684,3.8499999046325684,3.8499999046325684,3.8499999046325684,3.8499999046325684,102.0
2024-07-03 11:41:00,OMGA,1.9600000381469727,1.9600000381469727,1.968400001525879,1.9501999616622925,1.9600000381469727,965.0
2024-07-03 11:42:00,ABCL,2.7149999141693115,2.7149999141693115,2.7200000286102295,2.7149999141693115,2.7200000286102295,5635.0
2024-07-03 11:42:00,ABEO,4.284999847412109,4.284999847412109,4.284999847412109,4.269999980926514,4.269999980926514,359.0
2024-07-03 11:42:00,ABOS,2.2850000858306885,2.2850000858306885,2.2850000858306885,2.2850000858306885,2.2850000858306885,713.0
2024-07-03 11:42:00,ABSI,3.174999952316284,3.174999952316284,3.174999952316284,3.1700000762939453,3.1700000762939453,610.0
2024-07-03 11:42:00,ABUS,3.134999990463257,3.134999990463257,3.134999990463257,3.130000114440918,3.132499933242798,4988.0
2024-07-03 11:42:00,ACAD,15.569999694824219,15.569999694824219,15.569999694824219,15.569999694824219,15.569999694824219,610.0
2024-07-03 11:42:00,ACB,4.855000019073486,4.855000019073486,4.860000133514404,4.855000019073486,4.860000133514404,3016.0
2024-07-03 11:42:00,ACCD,3.559999942779541,3.559999942779541,3.559999942779541,3.5350000858306885,3.5350000858306885,10856.0
2024-07-03 11:42:00,ACET,1.065000057220459,1.065000057220459,1.0700000524520874,1.059999942779541,1.0699000358581543,6394.0
2024-07-03 11:42:00,ACHL,0.823199987411499,0.823199987411499,0.823199987411499,0.8130000233650208,0.8198999762535095,10887.0
2024-07-03 11:42:00,ACLX,53.79999923706055,53.79999923706055,53.79999923706055,53.7599983215332,53.7599983215332,917.0
2024-07-03 11:42:00,ACRS,1.149999976158142,1.149999976158142,1.149999976158142,1.149999976158142,1.149999976158142,1309.0
2024-07-03 11:42:00,ADAP,1.0098999738693237,1.0098999738693237,1.0098999738693237,1.0049999952316284,1.0049999952316284,1100.0
2024-07-03 11:42:00,ADMA,11.234999656677246,11.234999656677246,11.244999885559082,11.220000267028809,11.244999885559082,11441.0
2024-07-03 11:42:00,ADPT,3.365000009536743,3.365000009536743,3.365000009536743,3.359999895095825,3.359999895095825,1480.0
2024-07-03 11:42:00,ADUS,117.4000015258789,117.4000015258789,117.4000015258789,117.4000015258789,117.4000015258789,165.0
2024-07-03 11:42:00,AEMD,0.4050999879837036,0.4050999879837036,0.4050999879837036,0.4050999879837036,0.4050999879837036,2000.0
2024-07-03 11:42:00,AGIO,41.65999984741211,41.65999984741211,41.65999984741211,41.65999984741211,41.65999984741211,170.0
2024-07-03 11:42:00,AHCO,9.710000038146973,9.710000038146973,9.720000267028809,9.710000038146973,9.720000267028809,1536.0
2024-07-03 11:42:00,AIRS,3.9600000381469727,3.9600000381469727,3.9600000381469727,3.950000047683716,3.950000047683716,876.0
2024-07-03 11:42:00,AKAN,2.25,2.25,2.25,2.25,2.25,758.0
2024-07-03 11:42:00,AKBA,0.9490000009536743,0.9490000009536743,0.9498000144958496,0.9487000107765198,0.9490000009536743,3841.0
2024-07-03 11:42:00,AKRO,21.829999923706055,21.829999923706055,21.84000015258789,21.780000686645508,21.780000686645508,2519.0
2024-07-03 11:42:00,AKYA,2.109999895095825,2.109999895095825,2.130000114440918,2.109999895095825,2.130000114440918,4842.0
2024-07-03 11:42:00,ALEC,4.400000095367432,4.400000095367432,4.409999847412109,4.400000095367432,4.409999847412109,626.0
2024-07-03 11:42:00,ALGN,240.92999267578125,240.92999267578125,240.92999267578125,240.77000427246094,240.77000427246094,550.0
2024-07-03 11:42:00,ALGS,0.423799991607666,0.423799991607666,0.42500001192092896,0.423799991607666,0.423799991607666,2602.0
2024-07-03 11:42:00,ALHC,7.974999904632568,7.974999904632568,7.980000019073486,7.96999979019165,7.980000019073486,2432.0
2024-07-03 11:42:00,ALKS,24.25,24.25,24.2549991607666,24.242300033569336,24.2549991607666,4581.0
2024-07-03 11:42:00,ALLK,0.8320000171661377,0.8320000171661377,0.8320000171661377,0.8320000171661377,0.8320000171661377,928.0
2024-07-03 11:42:00,ALLO,2.109999895095825,2.109999895095825,2.115000009536743,2.109999895095825,2.115000009536743,3210.0
2024-07-03 11:42:00,ALLR,0.20200000703334808,0.20200000703334808,0.2029999941587448,0.20170000195503235,0.2029999941587448,18800.0
2024-07-03 11:42:00,ALNY,247.07000732421875,247.07000732421875,247.07000732421875,246.86000061035156,246.8699951171875,1798.0
2024-07-03 11:42:00,ALT,6.65500020980835,6.65500020980835,6.664999961853027,6.6539998054504395,6.664999961853027,1013.0
2024-07-03 11:42:00,ALXO,5.730000019073486,5.730000019073486,5.749899864196777,5.730000019073486,5.730000019073486,1963.0
2024-07-03 11:42:00,AMED,97.01000213623047,97.01000213623047,97.01000213623047,96.9800033569336,97.0,5262.0
2024-07-03 11:42:00,AMGN,307.6199951171875,307.6199951171875,307.7900085449219,307.5,307.67999267578125,1773.0
2024-07-03 11:42:00,AMLX,1.7549999952316284,1.7549999952316284,1.7549999952316284,1.7549999952316284,1.7549999952316284,1152.0
2024-07-03 11:42:00,ANAB,24.90999984741211,24.90999984741211,24.920000076293945,24.90999984741211,24.920000076293945,1301.0
2024-07-03 11:42:00,ANNX,4.784999847412109,4.784999847412109,4.789999961853027,4.784999847412109,4.789999961853027,1229.0
2024-07-03 11:42:00,APDN,0.3928000032901764,0.3928000032901764,0.3928000032901764,0.3928000032901764,0.3928000032901764,7203.0
2024-07-03 11:42:00,APLS,35.529998779296875,35.529998779296875,35.529998779296875,35.494998931884766,35.494998931884766,253.0
2024-07-03 11:42:00,APLT,4.349999904632568,4.349999904632568,4.349999904632568,4.340000152587891,4.34499979019165,3729.0
2024-07-03 11:42:00,AQST,2.4049999713897705,2.4049999713897705,2.4049999713897705,2.4049999713897705,2.4049999713897705,5884.0
2024-07-03 11:42:00,ARDX,5.184999942779541,5.184999942779541,5.199999809265137,5.180099964141846,5.195000171661377,37032.0
2024-07-03 11:42:00,ARQT,9.675000190734863,9.675000190734863,9.6850004196167,9.675000190734863,9.680000305175781,4087.0
2024-07-03 11:42:00,ARVN,23.959999084472656,23.959999084472656,23.959999084472656,23.959999084472656,23.959999084472656,645.0
2024-07-03 11:42:00,ARWR,25.350000381469727,25.350000381469727,25.360000610351562,25.350000381469727,25.360000610351562,933.0
2024-07-03 11:42:00,ASND,135.38499450683594,135.38499450683594,135.60499572753906,135.375,135.60499572753906,7466.0
2024-07-03 11:42:00,ASRT,1.3350000381469727,1.3350000381469727,1.3350000381469727,1.3350000381469727,1.3350000381469727,385.0
2024-07-03 11:42:00,ATAI,1.2999999523162842,1.2999999523162842,1.2999999523162842,1.2999999523162842,1.2999999523162842,680.0
2024-07-03 11:42:00,ATHA,2.549999952316284,2.549999952316284,2.549999952316284,2.549999952316284,2.549999952316284,301.0
2024-07-03 11:42:00,ATOS,1.159999966621399,1.159999966621399,1.159999966621399,1.159000039100647,1.159000039100647,443.0
2024-07-03 11:42:00,ATRC,22.39430046081543,22.39430046081543,22.39430046081543,22.375,22.375,1002.0
2024-07-03 11:42:00,ATXS,9.0,9.0,9.0,9.0,9.0,815.0
2024-07-03 11:42:00,AUPH,5.460000038146973,5.460000038146973,5.465000152587891,5.460000038146973,5.465000152587891,2775.0
2024-07-03 11:42:00,AURA,6.96999979019165,6.96999979019165,6.96999979019165,6.96999979019165,6.96999979019165,601.0
2024-07-03 11:42:00,AUTL,3.479099988937378,3.479099988937378,3.479099988937378,3.479099988937378,3.479099988937378,778.0
2024-07-03 11:42:00,AVDL,14.404999732971191,14.404999732971191,14.420000076293945,14.399999618530273,14.399999618530273,674.0
2024-07-03 11:42:00,AVTE,1.625,1.625,1.625,1.625,1.625,201.0
2024-07-03 11:42:00,AXNX,67.52999877929688,67.52999877929688,67.52999877929688,67.52999877929688,67.52999877929688,439.0
2024-07-03 11:42:00,AXSM,79.55000305175781,79.55000305175781,79.55000305175781,79.5,79.5,227.0
2024-07-03 11:42:00,AZN,76.68000030517578,76.68000030517578,76.68499755859375,76.67500305175781,76.68499755859375,6315.0
2024-07-03 11:42:00,BBIO,25.360000610351562,25.360000610351562,25.3799991607666,25.360000610351562,25.364999771118164,1197.0
2024-07-03 11:42:00,BCRX,6.440000057220459,6.440000057220459,6.440000057220459,6.440000057220459,6.440000057220459,742.0
2024-07-03 11:42:00,BCTX,1.0199999809265137,1.0199999809265137,1.0199999809265137,1.0199999809265137,1.0199999809265137,200.0
2024-07-03 11:42:00,BCYC,19.68000030517578,19.68000030517578,19.68000030517578,19.68000030517578,19.68000030517578,201.0
2024-07-03 11:42:00,BDTX,4.340000152587891,4.340000152587891,4.34499979019165,4.340000152587891,4.34499979019165,2266.0
2024-07-03 11:42:00,BEAM,23.540000915527344,23.540000915527344,23.540000915527344,23.540000915527344,23.540000915527344,2348.0
2024-07-03 11:42:00,BGXX,0.26820001006126404,0.26820001006126404,0.26820001006126404,0.26820001006126404,0.26820001006126404,506.0
2024-07-03 11:42:00,BIIB,224.24000549316406,224.24000549316406,224.24000549316406,224.09500122070312,224.22999572753906,2004.0
2024-07-03 11:42:00,BLRX,0.5253000259399414,0.5253000259399414,0.5253000259399414,0.5253000259399414,0.5253000259399414,0.0
2024-07-03 11:42:00,BLUE,0.928600013256073,0.928600013256073,0.9293000102043152,0.928600013256073,0.9293000102043152,505.0
2024-07-03 11:42:00,BMEA,4.355000019073486,4.355000019073486,4.364999771118164,4.355000019073486,4.364999771118164,4781.0
2024-07-03 11:42:00,BMRN,81.05000305175781,81.05000305175781,81.09500122070312,81.05000305175781,81.08999633789062,1774.0
2024-07-03 11:42:00,BNGO,0.5561000108718872,0.5561000108718872,0.5561000108718872,0.5561000108718872,0.5561000108718872,506.0
2024-07-03 11:42:00,BNTX,79.95999908447266,79.95999908447266,79.9800033569336,79.91999816894531,79.9800033569336,890.0
2024-07-03 11:42:00,BPMC,110.76000213623047,110.76000213623047,110.8499984741211,110.7300033569336,110.84500122070312,1740.0
2024-07-03 11:42:00,BRKR,61.459999084472656,61.459999084472656,61.54499816894531,61.45000076293945,61.54499816894531,3570.0
2024-07-03 11:42:00,BRTX,1.9299999475479126,1.9299999475479126,1.9299999475479126,1.9299999475479126,1.9299999475479126,1092.0
2024-07-03 11:42:00,BVS,5.980000019073486,5.980000019073486,5.980000019073486,5.971799850463867,5.971799850463867,479.0
2024-07-03 11:42:00,BYSI,2.5999999046325684,2.5999999046325684,2.5999999046325684,2.5999999046325684,2.5999999046325684,958.0
2024-07-03 11:42:00,CADL,6.300000190734863,6.300000190734863,6.300000190734863,6.300000190734863,6.300000190734863,106.0
2024-07-03 11:42:00,CARA,0.2897000014781952,0.2897000014781952,0.2897000014781952,0.2897000014781952,0.2897000014781952,300.0
2024-07-03 11:42:00,CCCC,4.554999828338623,4.554999828338623,4.599999904632568,4.550000190734863,4.59499979019165,14577.0
2024-07-03 11:42:00,CDMO,7.679999828338623,7.679999828338623,7.710000038146973,7.670000076293945,7.670000076293945,5141.0
2024-07-03 11:42:00,CDXC,2.509999990463257,2.509999990463257,2.509999990463257,2.509999990463257,2.509999990463257,803.0
2024-07-03 11:42:00,CDXS,2.880000114440918,2.880000114440918,2.880000114440918,2.880000114440918,2.880000114440918,1800.0
2024-07-03 11:42:00,CELC,16.260000228881836,16.260000228881836,16.260000228881836,16.260000228881836,16.260000228881836,224.0
2024-07-03 11:42:00,CERE,39.52000045776367,39.52000045776367,39.52000045776367,39.25,39.45009994506836,46768.0
2024-07-03 11:42:00,CERS,1.7100000381469727,1.7100000381469727,1.7100000381469727,1.7100000381469727,1.7100000381469727,103.0
2024-07-03 11:42:00,CERT,13.805000305175781,13.805000305175781,13.8100004196167,13.800000190734863,13.800000190734863,652.0
2024-07-03 11:42:00,CGEM,16.7549991607666,16.7549991607666,16.799999237060547,16.7549991607666,16.799999237060547,425.0
2024-07-03 11:42:00,CGEN,1.6349999904632568,1.6349999904632568,1.6349999904632568,1.6349999904632568,1.6349999904632568,500.0
2024-07-03 11:42:00,CLDX,35.98500061035156,35.98500061035156,36.0099983215332,35.98500061035156,36.0099983215332,2287.0
2024-07-03 11:42:00,CLOV,1.2400000095367432,1.2400000095367432,1.2401000261306763,1.2400000095367432,1.2401000261306763,735.0
2024-07-03 11:42:00,CLPT,5.40500020980835,5.40500020980835,5.429999828338623,5.40500020980835,5.429999828338623,0.0
2024-07-03 11:42:00,CLRB,2.430000066757202,2.430000066757202,2.430000066757202,2.430000066757202,2.430000066757202,1479.0
2024-07-03 11:42:00,CMPS,6.28000020980835,6.28000020980835,6.300000190734863,6.28000020980835,6.300000190734863,300.0
2024-07-03 11:42:00,CMPX,0.8500000238418579,0.8500000238418579,0.8500000238418579,0.8449000120162964,0.8449000120162964,1100.0
2024-07-03 11:42:00,CNSP,1.531000018119812,1.531000018119812,1.5700000524520874,1.5299999713897705,1.559999942779541,30319.0
2024-07-03 11:42:00,COGT,8.454999923706055,8.454999923706055,8.454999923706055,8.4399995803833,8.4399995803833,102.0
2024-07-03 11:42:00,COLL,32.25,32.25,32.25,32.25,32.25,247.0
2024-07-03 11:42:00,CORT,30.209999084472656,30.209999084472656,30.219999313354492,30.209999084472656,30.219999313354492,1418.0
2024-07-03 11:42:00,COSM,0.9350000023841858,0.9350000023841858,0.9350000023841858,0.9350000023841858,0.9350000023841858,1612.0
2024-07-03 11:42:00,CRBU,1.5800000429153442,1.5800000429153442,1.5800000429153442,1.5750000476837158,1.5750000476837158,3628.0
2024-07-03 11:42:00,CRDL,1.9010000228881836,1.9010000228881836,1.9010000228881836,1.9010000228881836,1.9010000228881836,1048.0
2024-07-03 11:42:00,CRMD,4.135000228881836,4.135000228881836,4.135000228881836,4.131999969482422,4.135000228881836,1516.0
2024-07-03 11:42:00,CRON,2.299999952316284,2.299999952316284,2.299999952316284,2.299999952316284,2.299999952316284,992.0
2024-07-03 11:42:00,CRSP,53.64500045776367,53.64500045776367,53.66999816894531,53.600101470947266,53.63999938964844,5283.0
2024-07-03 11:42:00,CTKB,5.59499979019165,5.59499979019165,5.59499979019165,5.59499979019165,5.59499979019165,314.0
2024-07-03 11:42:00,CTMX,1.315000057220459,1.315000057220459,1.315000057220459,1.315000057220459,1.315000057220459,400.0
2024-07-03 11:42:00,CTXR,0.49950000643730164,0.49950000643730164,0.49970000982284546,0.49950000643730164,0.49950000643730164,2915.0
2024-07-03 11:42:00,CUE,1.0,1.0,1.0,0.9941999912261963,0.9941999912261963,3692.0
2024-07-03 11:42:00,CUTR,1.2999999523162842,1.2999999523162842,1.2999999523162842,1.2999999523162842,1.2999999523162842,1155.0
2024-07-03 11:42:00,CVAC,3.3111000061035156,3.3111000061035156,3.319999933242798,3.305000066757202,3.309999942779541,15473.0
2024-07-03 11:42:00,DAWN,13.329999923706055,13.329999923706055,13.350000381469727,13.329999923706055,13.350000381469727,1783.0
2024-07-03 11:42:00,DCGO,2.924999952316284,2.924999952316284,2.924999952316284,2.924999952316284,2.924999952316284,106.0
2024-07-03 11:42:00,DSGN,3.25,3.25,3.25,3.25,3.25,973.0
2024-07-03 11:42:00,DVAX,11.069999694824219,11.069999694824219,11.069999694824219,11.069999694824219,11.069999694824219,943.0
2024-07-03 11:42:00,DXCM,110.55999755859375,110.55999755859375,110.625,110.5199966430664,110.62000274658203,3272.0
2024-07-03 11:42:00,DYN,34.119998931884766,34.119998931884766,34.18000030517578,34.119998931884766,34.18000030517578,2348.0
2024-07-03 11:42:00,EDIT,4.650000095367432,4.650000095367432,4.650000095367432,4.650000095367432,4.650000095367432,473.0
2024-07-03 11:42:00,EMBC,12.020000457763672,12.020000457763672,12.029999732971191,12.020000457763672,12.029999732971191,1544.0
2024-07-03 11:42:00,ENSC,0.46799999475479126,0.46799999475479126,0.46799999475479126,0.46799999475479126,0.46799999475479126,350.0
2024-07-03 11:42:00,EOLS,10.890000343322754,10.890000343322754,10.890000343322754,10.890000343322754,10.890000343322754,452.0
2024-07-03 11:42:00,ERAS,2.2249999046325684,2.2249999046325684,2.2300000190734863,2.2249999046325684,2.2300000190734863,1977.0
2024-07-03 11:42:00,ESPR,2.3499999046325684,2.3499999046325684,2.3499999046325684,2.3399999141693115,2.3496999740600586,10734.0
2024-07-03 11:42:00,ETNB,7.480000019073486,7.480000019073486,7.480000019073486,7.480000019073486,7.480000019073486,802.0
2024-07-03 11:42:00,EVGN,0.6406000256538391,0.6406000256538391,0.6446999907493591,0.6406000256538391,0.6446999907493591,1100.0
2024-07-03 11:42:00,EWTX,18.100000381469727,18.100000381469727,18.110000610351562,18.100000381469727,18.100000381469727,1581.0
2024-07-03 11:42:00,EXAS,43.06999969482422,43.06999969482422,43.13999938964844,43.06999969482422,43.125,6265.0
2024-07-03 11:42:00,EXEL,21.969999313354492,21.969999313354492,21.969999313354492,21.969999313354492,21.969999313354492,619.0
2024-07-03 11:42:00,EYEN,0.7800999879837036,0.7800999879837036,0.7800999879837036,0.7800999879837036,0.7800999879837036,1411.0
2024-07-03 11:42:00,EYPT,8.319999694824219,8.319999694824219,8.319999694824219,8.319999694824219,8.319999694824219,516.0
2024-07-03 11:42:00,FATE,3.1649999618530273,3.1649999618530273,3.1698999404907227,3.1600000858306885,3.1600000858306885,6687.0
2024-07-03 11:42:00,FEMY,1.1100000143051147,1.1100000143051147,1.1100000143051147,1.1100000143051147,1.1100000143051147,2227.0
2024-07-03 11:42:00,FGEN,0.7103999853134155,0.7103999853134155,0.7128000259399414,0.7103999853134155,0.7121999859809875,14453.0
2024-07-03 11:42:00,FOLD,9.880000114440918,9.880000114440918,9.880000114440918,9.880000114440918,9.880000114440918,239.0
2024-07-03 11:42:00,FULC,6.139999866485596,6.139999866485596,6.144999980926514,6.139999866485596,6.144999980926514,1007.0
2024-07-03 11:42:00,GALT,2.180000066757202,2.180000066757202,2.180000066757202,2.1700000762939453,2.180000066757202,3184.0
2024-07-03 11:42:00,GENE,1.399999976158142,1.399999976158142,1.399999976158142,1.399999976158142,1.399999976158142,1112.0
2024-07-03 11:42:00,GERN,4.324999809265137,4.324999809265137,4.324999809265137,4.320799827575684,4.324999809265137,8149.0
2024-07-03 11:42:00,GILD,67.19000244140625,67.19000244140625,67.21499633789062,67.18000030517578,67.21499633789062,8111.0
2024-07-03 11:42:00,GLSI,16.645999908447266,16.645999908447266,16.645999908447266,16.645999908447266,16.645999908447266,251.0
2024-07-03 11:42:00,GMAB,25.200000762939453,25.200000762939453,25.200000762939453,25.190000534057617,25.200000762939453,2553.0
2024-07-03 11:42:00,GOSS,0.9528999924659729,0.9528999924659729,0.9528999924659729,0.9505000114440918,0.9505000114440918,3522.0
2024-07-03 11:42:00,GOVX,2.944999933242798,2.944999933242798,2.944999933242798,2.9200000762939453,2.934000015258789,2568.0
2024-07-03 11:42:00,GRTS,0.5866000056266785,0.5866000056266785,0.5866000056266785,0.5817000269889832,0.5817000269889832,42097.0
2024-07-03 11:42:00,GTHX,2.5,2.5,2.5,2.490000009536743,2.5,10511.0
2024-07-03 11:42:00,HALO,52.0099983215332,52.0099983215332,52.0099983215332,51.939998626708984,51.95000076293945,6418.0
2024-07-03 11:42:00,HCSG,10.625,10.625,10.625,10.585000038146973,10.585000038146973,2770.0
2024-07-03 11:42:00,HITI,2.1045000553131104,2.1045000553131104,2.109999895095825,2.1045000553131104,2.109999895095825,1556.0
2024-07-03 11:42:00,HOLX,73.25,73.25,73.25499725341797,73.19000244140625,73.19000244140625,4104.0
2024-07-03 11:42:00,HPCO,0.8300999999046326,0.8300999999046326,0.8300999999046326,0.8300999999046326,0.8300999999046326,201.0
2024-07-03 11:42:00,HQY,83.33999633789062,83.33999633789062,83.33999633789062,83.33999633789062,83.33999633789062,693.0
2024-07-03 11:42:00,HRMY,30.25,30.25,30.25,30.25,30.25,537.0
2024-07-03 11:42:00,HROW,21.530000686645508,21.530000686645508,21.530000686645508,21.530000686645508,21.530000686645508,479.0
2024-07-03 11:42:00,HRTX,2.7249999046325684,2.7249999046325684,2.7300000190734863,2.7249999046325684,2.7300000190734863,1457.0
2024-07-03 11:42:00,HSIC,64.9749984741211,64.9749984741211,64.9749984741211,64.87999725341797,64.87999725341797,6460.0
2024-07-03 11:42:00,HUMA,5.688000202178955,5.688000202178955,5.690000057220459,5.688000202178955,5.689899921417236,4196.0
2024-07-03 11:42:00,IBRX,6.25,6.25,6.255000114440918,6.239999771118164,6.255000114440918,8352.0
2024-07-03 11:42:00,ICLR,317.7900085449219,317.7900085449219,317.7900085449219,317.7900085449219,317.7900085449219,523.0
2024-07-03 11:42:00,IFRX,1.6100000143051147,1.6100000143051147,1.6100000143051147,1.6100000143051147,1.6100000143051147,492.0
2024-07-03 11:42:00,IGMS,6.510000228881836,6.510000228881836,6.514999866485596,6.510000228881836,6.514999866485596,456.0
2024-07-03 11:42:00,ILMN,105.33999633789062,105.33999633789062,105.375,105.31009674072266,105.3499984741211,1023.0
2024-07-03 11:42:00,IMAB,1.534999966621399,1.534999966621399,1.534999966621399,1.534999966621399,1.534999966621399,510.0
2024-07-03 11:42:00,IMMX,2.4000000953674316,2.4000000953674316,2.4000000953674316,2.369999885559082,2.384999990463257,3573.0
2024-07-03 11:42:00,IMNM,11.96500015258789,11.96500015258789,11.96500015258789,11.96500015258789,11.96500015258789,952.0
2024-07-03 11:42:00,INCY,58.060001373291016,58.060001373291016,58.06999969482422,58.04499816894531,58.06999969482422,5530.0
2024-07-03 11:42:00,INMB,7.940000057220459,7.940000057220459,7.940000057220459,7.929999828338623,7.929999828338623,633.0
2024-07-03 11:42:00,INSM,61.584999084472656,61.584999084472656,61.650001525878906,61.52000045776367,61.650001525878906,13339.0
2024-07-03 11:42:00,INVA,16.270000457763672,16.270000457763672,16.270000457763672,16.264999389648438,16.264999389648438,1110.0
2024-07-03 11:42:00,IONS,44.7400016784668,44.7400016784668,44.7400016784668,44.73500061035156,44.7400016784668,1590.0
2024-07-03 11:42:00,IOVA,7.519899845123291,7.519899845123291,7.539899826049805,7.510900020599365,7.539899826049805,23600.0
2024-07-03 11:42:00,IRWD,6.125,6.125,6.125,6.119999885559082,6.125,905.0
2024-07-03 11:42:00,ISRG,433.7300109863281,433.7300109863281,433.7300109863281,433.6600036621094,433.6600036621094,1109.0
2024-07-03 11:42:00,ITCI,68.38999938964844,68.38999938964844,68.38999938964844,68.2699966430664,68.2699966430664,3744.0
2024-07-03 11:42:00,IVVD,1.1150000095367432,1.1150000095367432,1.1150000095367432,1.1150000095367432,1.1150000095367432,102.0
2024-07-03 11:42:00,JANX,37.93000030517578,37.93000030517578,37.93000030517578,37.93000030517578,37.93000030517578,737.0
2024-07-03 11:42:00,JAZZ,103.72000122070312,103.72000122070312,103.83999633789062,103.72000122070312,103.83999633789062,882.0
2024-07-03 11:42:00,JSPR,23.260000228881836,23.260000228881836,23.260000228881836,23.260000228881836,23.260000228881836,417.0
2024-07-03 11:42:00,KNSA,18.889999389648438,18.889999389648438,18.889999389648438,18.889999389648438,18.889999389648438,1106.0
2024-07-03 11:42:00,KOD,2.2174999713897705,2.2174999713897705,2.2174999713897705,2.2100000381469727,2.2100000381469727,1808.0
2024-07-03 11:42:00,KPTI,0.8353999853134155,0.8353999853134155,0.8353999853134155,0.835099995136261,0.835099995136261,1107.0
2024-07-03 11:42:00,KROS,42.310001373291016,42.310001373291016,42.31999969482422,42.310001373291016,42.31999969482422,1105.0
2024-07-03 11:42:00,KTRA,0.2849999964237213,0.2849999964237213,0.2890999913215637,0.2849999964237213,0.2890999913215637,7094.0
2024-07-03 11:42:00,KYMR,30.167499542236328,30.167499542236328,30.167499542236328,30.167499542236328,30.167499542236328,403.0
2024-07-03 11:42:00,KZR,0.5752999782562256,0.5752999782562256,0.5752999782562256,0.5752999782562256,0.5752999782562256,332.0
2024-07-03 11:42:00,LAB,1.7999999523162842,1.7999999523162842,1.7999999523162842,1.7899999618530273,1.7949999570846558,1508.0
2024-07-03 11:42:00,LBPH,32.0099983215332,32.0099983215332,32.0099983215332,32.0099983215332,32.0099983215332,532.0
2024-07-03 11:42:00,LEGN,46.279998779296875,46.279998779296875,46.279998779296875,46.11000061035156,46.22999954223633,2301.0
2024-07-03 11:42:00,LFMD,6.670000076293945,6.670000076293945,6.670000076293945,6.670000076293945,6.670000076293945,123.0
2024-07-03 11:42:00,LFST,5.099999904632568,5.099999904632568,5.099999904632568,5.099999904632568,5.099999904632568,101.0
2024-07-03 11:42:00,LIVN,52.59000015258789,52.59000015258789,52.59000015258789,52.59000015258789,52.59000015258789,122.0
2024-07-03 11:42:00,LRMR,7.679999828338623,7.679999828338623,7.679999828338623,7.659999847412109,7.679999828338623,1153.0
2024-07-03 11:42:00,LTRN,4.460000038146973,4.460000038146973,4.460000038146973,4.460000038146973,4.460000038146973,200.0
2024-07-03 11:42:00,LUCY,0.46700000762939453,0.46700000762939453,0.4675000011920929,0.46700000762939453,0.4675000011920929,6600.0
2024-07-03 11:42:00,LXRX,1.5999000072479248,1.5999000072479248,1.5999000072479248,1.5950000286102295,1.5950000286102295,6806.0
2024-07-03 11:42:00,LYRA,0.28690001368522644,0.28690001368522644,0.28690001368522644,0.28690001368522644,0.28690001368522644,400.0
2024-07-03 11:42:00,MASI,114.91999816894531,114.91999816894531,115.0,114.91999816894531,115.0,2388.0
2024-07-03 11:42:00,MBIO,0.49300000071525574,0.49300000071525574,0.4948999881744385,0.4925000071525574,0.4925000071525574,8135.0
2024-07-03 11:42:00,MDXG,6.744999885559082,6.744999885559082,6.744999885559082,6.744999885559082,6.744999885559082,118.0
2024-07-03 11:42:00,ME,0.4041000008583069,0.4041000008583069,0.4041000008583069,0.4041000008583069,0.4041000008583069,1216.0
2024-07-03 11:42:00,MEDP,406.9849853515625,406.9849853515625,406.9849853515625,406.9849853515625,406.9849853515625,685.0
2024-07-03 11:42:00,MESO,6.739999771118164,6.739999771118164,6.739999771118164,6.739999771118164,6.739999771118164,1828.0
2024-07-03 11:42:00,MGNX,4.2104997634887695,4.2104997634887695,4.215000152587891,4.210000038146973,4.210000038146973,2954.0
2024-07-03 11:42:00,MIRM,33.720001220703125,33.720001220703125,33.72999954223633,33.689998626708984,33.72999954223633,4071.0
2024-07-03 11:42:00,MMSI,85.76000213623047,85.76000213623047,85.76000213623047,85.75,85.75,1122.0
2024-07-03 11:42:00,MNKD,5.014999866485596,5.014999866485596,5.019999980926514,5.014999866485596,5.014999866485596,543.0
2024-07-03 11:42:00,MODV,27.93000030517578,27.93000030517578,27.93000030517578,27.93000030517578,27.93000030517578,116.0
2024-07-03 11:42:00,MORF,31.770000457763672,31.770000457763672,31.770000457763672,31.764999389648438,31.764999389648438,382.0
2024-07-03 11:42:00,MREO,3.525399923324585,3.525399923324585,3.525399923324585,3.525399923324585,3.525399923324585,1589.0
2024-07-03 11:42:00,MRNA,115.7699966430664,115.7699966430664,115.7699966430664,115.72000122070312,115.72000122070312,2371.0
2024-07-03 11:42:00,MRNS,1.2050000429153442,1.2050000429153442,1.2050000429153442,1.2050000429153442,1.2050000429153442,300.0
2024-07-03 11:42:00,MRSN,1.8600000143051147,1.8600000143051147,1.8600000143051147,1.8550000190734863,1.8550000190734863,1234.0
2024-07-03 11:42:00,MRUS,52.189998626708984,52.189998626708984,52.189998626708984,52.18000030517578,52.18000030517578,1130.0
2024-07-03 11:42:00,MRVI,6.889999866485596,6.889999866485596,6.889999866485596,6.889999866485596,6.889999866485596,305.0
2024-07-03 11:42:00,MXCT,3.694999933242798,3.694999933242798,3.700000047683716,3.690000057220459,3.690000057220459,1187.0
2024-07-03 11:42:00,MYGN,25.049999237060547,25.049999237060547,25.079999923706055,25.049999237060547,25.079999923706055,1303.0
2024-07-03 11:42:00,MYNZ,0.33660000562667847,0.33660000562667847,0.33660000562667847,0.33660000562667847,0.33660000562667847,1700.0
2024-07-03 11:42:00,NARI,49.30500030517578,49.30500030517578,49.30500030517578,49.30500030517578,49.30500030517578,599.0
2024-07-03 11:42:00,NAUT,2.315000057220459,2.315000057220459,2.315000057220459,2.315000057220459,2.315000057220459,640.0
2024-07-03 11:42:00,NDRA,0.09520000219345093,0.09520000219345093,0.09880000352859497,0.09520000219345093,0.09880000352859497,449138.0
2024-07-03 11:42:00,NEOG,15.1899995803833,15.1899995803833,15.194999694824219,15.1899995803833,15.194999694824219,1166.0
2024-07-03 11:42:00,NLSP,0.20000000298023224,0.20000000298023224,0.20000000298023224,0.20000000298023224,0.20000000298023224,1500.0
2024-07-03 11:42:00,NNOX,6.960000038146973,6.960000038146973,6.960000038146973,6.960000038146973,6.960000038146973,1267.0
2024-07-03 11:42:00,NPCE,7.380000114440918,7.380000114440918,7.380000114440918,7.380000114440918,7.380000114440918,339.0
2024-07-03 11:42:00,NRIX,19.540000915527344,19.540000915527344,19.54990005493164,19.540000915527344,19.54990005493164,410.0
2024-07-03 11:42:00,NTLA,22.610000610351562,22.610000610351562,22.610000610351562,22.610000610351562,22.610000610351562,537.0
2024-07-03 11:42:00,NTRA,111.25,111.25,111.25,111.19000244140625,111.19000244140625,684.0
2024-07-03 11:42:00,NUVL,72.12999725341797,72.12999725341797,72.12999725341797,72.0,72.0,2361.0
2024-07-03 11:42:00,NVAX,12.619999885559082,12.619999885559082,12.630000114440918,12.59000015258789,12.630000114440918,13830.0
2024-07-03 11:42:00,NVCR,16.679000854492188,16.679000854492188,16.70800018310547,16.679000854492188,16.700000762939453,2713.0
2024-07-03 11:42:00,OCGN,1.600000023841858,1.600000023841858,1.6050000190734863,1.590000033378601,1.6050000190734863,71513.0
2024-07-03 11:42:00,OGI,1.5702999830245972,1.5702999830245972,1.5702999830245972,1.5702999830245972,1.5702999830245972,204.0
2024-07-03 11:42:00,OM,3.875,3.875,3.875,3.869999885559082,3.875,2950.0
2024-07-03 11:42:00,OMCL,26.56999969482422,26.56999969482422,26.56999969482422,26.559999465942383,26.559999465942383,585.0
2024-07-03 11:42:00,OMGA,1.9700000286102295,1.9700000286102295,1.9700000286102295,1.9700000286102295,1.9700000286102295,126.0
2024-07-03 11:43:00,ABEO,4.284999847412109,4.284999847412109,4.284999847412109,4.269999980926514,4.269999980926514,1442.0
2024-07-03 11:43:00,ABSI,3.1700000762939453,3.1700000762939453,3.1700000762939453,3.1700000762939453,3.1700000762939453,2933.0
2024-07-03 11:43:00,ABUS,3.134999990463257,3.134999990463257,3.134999990463257,3.130000114440918,3.134999990463257,401.0
2024-07-03 11:43:00,ACAD,15.579999923706055,15.579999923706055,15.579999923706055,15.579999923706055,15.579999923706055,1306.0
2024-07-03 11:43:00,ACB,4.860000133514404,4.860000133514404,4.860000133514404,4.860000133514404,4.860000133514404,3224.0
2024-07-03 11:43:00,ACCD,3.559999942779541,3.559999942779541,3.559999942779541,3.555000066757202,3.559999942779541,1490.0
2024-07-03 11:43:00,ACET,1.065000057220459,1.065000057220459,1.065000057220459,1.065000057220459,1.065000057220459,109.0
2024-07-03 11:43:00,ACHC,66.56999969482422,66.56999969482422,66.56999969482422,66.56999969482422,66.56999969482422,504.0
2024-07-03 11:43:00,ACLX,53.88999938964844,53.88999938964844,53.88999938964844,53.849998474121094,53.849998474121094,326.0
2024-07-03 11:43:00,ADAP,1.0049999952316284,1.0049999952316284,1.0049999952316284,1.0049999952316284,1.0049999952316284,200.0
2024-07-03 11:43:00,ADMA,11.234999656677246,11.234999656677246,11.239999771118164,11.234999656677246,11.234999656677246,12141.0
2024-07-03 11:43:00,ADPT,3.3550000190734863,3.3550000190734863,3.359999895095825,3.3550000190734863,3.359999895095825,462.0
2024-07-03 11:43:00,ADVM,7.010000228881836,7.010000228881836,7.010000228881836,7.010000228881836,7.010000228881836,1147.0
2024-07-03 11:43:00,AFMD,5.079999923706055,5.079999923706055,5.079999923706055,5.079999923706055,5.079999923706055,964.0
2024-07-03 11:43:00,AGIO,41.689998626708984,41.689998626708984,41.689998626708984,41.689998626708984,41.689998626708984,285.0
2024-07-03 11:43:00,AHCO,9.710000038146973,9.710000038146973,9.71500015258789,9.710000038146973,9.710000038146973,890.0
2024-07-03 11:43:00,AKBA,0.9490000009536743,0.9490000009536743,0.9490000009536743,0.9480000138282776,0.9480000138282776,1446.0
2024-07-03 11:43:00,AKRO,21.850000381469727,21.850000381469727,21.850000381469727,21.84000015258789,21.84000015258789,501.0
2024-07-03 11:43:00,AKYA,2.1050000190734863,2.1050000190734863,2.1050000190734863,2.1050000190734863,2.1050000190734863,137.0
2024-07-03 11:43:00,ALDX,3.1649999618530273,3.1649999618530273,3.1649999618530273,3.1649999618530273,3.1649999618530273,281.0
2024-07-03 11:43:00,ALGN,240.94000244140625,240.94000244140625,240.94000244140625,240.80499267578125,240.94000244140625,1731.0
2024-07-03 11:43:00,ALGS,0.423799991607666,0.423799991607666,0.42500001192092896,0.423799991607666,0.423799991607666,1200.0
2024-07-03 11:43:00,ALHC,7.980000019073486,7.980000019073486,7.980000019073486,7.980000019073486,7.980000019073486,1206.0
2024-07-03 11:43:00,ALIM,5.525000095367432,5.525000095367432,5.525000095367432,5.525000095367432,5.525000095367432,1344.0
2024-07-03 11:43:00,ALKS,24.2450008392334,24.2450008392334,24.25,24.239999771118164,24.239999771118164,2789.0
2024-07-03 11:43:00,ALLO,2.109999895095825,2.109999895095825,2.1142001152038574,2.109999895095825,2.109999895095825,2668.0
2024-07-03 11:43:00,ALLR,0.20200000703334808,0.20200000703334808,0.2029000073671341,0.20200000703334808,0.20200000703334808,9550.0
2024-07-03 11:43:00,ALNY,246.8300018310547,246.8300018310547,246.8300018310547,246.8300018310547,246.8300018310547,533.0
2024-07-03 11:43:00,ALT,6.650000095367432,6.650000095367432,6.650000095367432,6.650000095367432,6.650000095367432,579.0
2024-07-03 11:43:00,ALVR,0.7382000088691711,0.7382000088691711,0.7382000088691711,0.7382000088691711,0.7382000088691711,377.0
2024-07-03 11:43:00,AMED,96.98999786376953,96.98999786376953,96.98999786376953,96.9800033569336,96.98999786376953,4465.0
2024-07-03 11:43:00,AMGN,307.489990234375,307.489990234375,307.6000061035156,307.489990234375,307.6000061035156,1391.0
2024-07-03 11:43:00,AMPH,38.3468017578125,38.3468017578125,38.3468017578125,38.34000015258789,38.34000015258789,1160.0
2024-07-03 11:43:00,AMRN,0.6901999711990356,0.6901999711990356,0.6901999711990356,0.6901999711990356,0.6901999711990356,800.0
2024-07-03 11:43:00,ANNX,4.784999847412109,4.784999847412109,4.789999961853027,4.784999847412109,4.784999847412109,2710.0
2024-07-03 11:43:00,APDN,0.38999998569488525,0.38999998569488525,0.3946000039577484,0.3880999982357025,0.3946000039577484,23084.0
2024-07-03 11:43:00,APLS,35.529998779296875,35.529998779296875,35.529998779296875,35.529998779296875,35.529998779296875,418.0
2024-07-03 11:43:00,APLT,4.364999771118164,4.364999771118164,4.364999771118164,4.355000019073486,4.355000019073486,1271.0
2024-07-03 11:43:00,APVO,0.3100999891757965,0.3100999891757965,0.3100999891757965,0.3100999891757965,0.3100999891757965,0.0
2024-07-03 11:43:00,AQST,2.4049999713897705,2.4049999713897705,2.4049999713897705,2.4049999713897705,2.4049999713897705,153.0
2024-07-03 11:43:00,ARAY,1.738700032234192,1.738700032234192,1.738700032234192,1.738700032234192,1.738700032234192,537.0
2024-07-03 11:43:00,ARDX,5.184999942779541,5.184999942779541,5.190000057220459,5.180099964141846,5.190000057220459,26012.0
2024-07-03 11:43:00,ARGX,435.4525146484375,435.4525146484375,435.4549865722656,435.4525146484375,435.4525146484375,1013.0
2024-07-03 11:43:00,ARQT,9.625,9.625,9.675000190734863,9.619999885559082,9.675000190734863,5035.0
2024-07-03 11:43:00,ARVN,23.889999389648438,23.889999389648438,23.940000534057617,23.889999389648438,23.940000534057617,1206.0
2024-07-03 11:43:00,ASMB,11.930000305175781,11.930000305175781,11.949999809265137,11.930000305175781,11.949999809265137,400.0
2024-07-03 11:43:00,ASRT,1.330899953842163,1.330899953842163,1.3394999504089355,1.330899953842163,1.3394999504089355,708.0
2024-07-03 11:43:00,ATHA,2.549999952316284,2.549999952316284,2.549999952316284,2.549999952316284,2.549999952316284,500.0
2024-07-03 11:43:00,ATOS,1.159999966621399,1.159999966621399,1.159999966621399,1.159999966621399,1.159999966621399,447.0
2024-07-03 11:43:00,AUPH,5.465000152587891,5.465000152587891,5.465000152587891,5.465000152587891,5.465000152587891,436.0
2024-07-03 11:43:00,AUTL,3.4700000286102295,3.4700000286102295,3.4700000286102295,3.4700000286102295,3.4700000286102295,226.0
2024-07-03 11:43:00,AVDL,14.40999984741211,14.40999984741211,14.40999984741211,14.40999984741211,14.40999984741211,1687.0
2024-07-03 11:43:00,AXGN,7.465000152587891,7.465000152587891,7.465000152587891,7.465000152587891,7.465000152587891,367.0
2024-07-03 11:43:00,AXNX,67.55000305175781,67.55000305175781,67.55000305175781,67.55000305175781,67.55000305175781,1049.0
2024-07-03 11:43:00,AXSM,79.5199966430664,79.5199966430664,79.5199966430664,79.5199966430664,79.5199966430664,217.0
2024-07-03 11:43:00,AZN,76.65499877929688,76.65499877929688,76.68499755859375,76.65499877929688,76.68499755859375,2983.0
2024-07-03 11:43:00,AZTA,52.560001373291016,52.560001373291016,52.560001373291016,52.560001373291016,52.560001373291016,388.0
2024-07-03 11:43:00,BACK,1.690000057220459,1.690000057220459,1.7000000476837158,1.690000057220459,1.6963000297546387,3151.0
2024-07-03 11:43:00,BBIO,25.389999389648438,25.389999389648438,25.389999389648438,25.35059928894043,25.35059928894043,1506.0
2024-07-03 11:43:00,BBLG,1.225000023841858,1.225000023841858,1.225000023841858,1.225000023841858,1.225000023841858,2614.0
2024-07-03 11:43:00,BCAB,1.375,1.375,1.375,1.375,1.375,315.0
2024-07-03 11:43:00,BCDA,3.0899999141693115,3.0899999141693115,3.0899999141693115,3.0399999618530273,3.0799999237060547,1189.0
2024-07-03 11:43:00,BCRX,6.449999809265137,6.449999809265137,6.449999809265137,6.445000171661377,6.449999809265137,2815.0
2024-07-03 11:43:00,BCTX,1.0199999809265137,1.0199999809265137,1.0199999809265137,1.0199999809265137,1.0199999809265137,200.0
2024-07-03 11:43:00,BDSX,1.6062999963760376,1.6062999963760376,1.6062999963760376,1.6062999963760376,1.6062999963760376,565.0
2024-07-03 11:43:00,BEAM,23.565000534057617,23.565000534057617,23.565000534057617,23.545000076293945,23.545000076293945,1202.0
2024-07-03 11:43:00,BGXX,0.26820001006126404,0.26820001006126404,0.26820001006126404,0.26820001006126404,0.26820001006126404,1961.0
2024-07-03 11:43:00,BIIB,224.08999633789062,224.08999633789062,224.3300018310547,224.08999633789062,224.25,5478.0
2024-07-03 11:43:00,BIOR,0.6402999758720398,0.6402999758720398,0.6409000158309937,0.637499988079071,0.637499988079071,13738.0
2024-07-03 11:43:00,BLUE,0.9244999885559082,0.9244999885559082,0.9280999898910522,0.9244999885559082,0.9280999898910522,1479.0
2024-07-03 11:43:00,BMEA,4.355000019073486,4.355000019073486,4.355000019073486,4.355000019073486,4.355000019073486,0.0
2024-07-03 11:43:00,BMRN,81.05000305175781,81.05000305175781,81.05000305175781,81.05000305175781,81.05000305175781,628.0
2024-07-03 11:43:00,BNTC,8.806699752807617,8.806699752807617,8.806699752807617,8.806699752807617,8.806699752807617,215.0
2024-07-03 11:43:00,BPMC,110.80500030517578,110.80500030517578,110.80500030517578,110.80500030517578,110.80500030517578,225.0
2024-07-03 11:43:00,BRKR,61.41999816894531,61.41999816894531,61.47999954223633,61.41999816894531,61.45000076293945,2744.0
2024-07-03 11:43:00,BVS,5.989099979400635,5.989099979400635,5.989999771118164,5.96999979019165,5.980000019073486,826.0
2024-07-03 11:43:00,CADL,6.300000190734863,6.300000190734863,6.300000190734863,6.300000190734863,6.300000190734863,200.0
2024-07-03 11:43:00,CARA,0.2897000014781952,0.2897000014781952,0.2897000014781952,0.2897000014781952,0.2897000014781952,18.0
2024-07-03 11:43:00,CCCC,4.559999942779541,4.559999942779541,4.559999942779541,4.554999828338623,4.559999942779541,897.0
2024-07-03 11:43:00,CDMO,7.710000038146973,7.710000038146973,7.710000038146973,7.679999828338623,7.679999828338623,19064.0
2024-07-03 11:43:00,CDXC,2.509999990463257,2.509999990463257,2.509999990463257,2.509999990463257,2.509999990463257,211.0
2024-07-03 11:43:00,CDXS,2.880000114440918,2.880000114440918,2.880000114440918,2.880000114440918,2.880000114440918,1217.0
2024-07-03 11:43:00,CELC,16.217500686645508,16.217500686645508,16.217500686645508,16.217500686645508,16.217500686645508,1587.0
2024-07-03 11:43:00,CERE,39.60499954223633,39.60499954223633,39.66999816894531,39.38999938964844,39.38999938964844,23146.0
2024-07-03 11:43:00,CERS,1.7100000381469727,1.7100000381469727,1.7100000381469727,1.7100000381469727,1.7100000381469727,400.0
2024-07-03 11:43:00,CERT,13.800000190734863,13.800000190734863,13.8100004196167,13.800000190734863,13.8100004196167,1564.0
2024-07-03 11:43:00,CGC,6.519999980926514,6.519999980926514,6.519999980926514,6.505000114440918,6.505000114440918,2612.0
2024-07-03 11:43:00,CGEM,16.799999237060547,16.799999237060547,16.799999237060547,16.799999237060547,16.799999237060547,326.0
2024-07-03 11:43:00,CGEN,1.6349999904632568,1.6349999904632568,1.6349999904632568,1.6349999904632568,1.6349999904632568,310.0
2024-07-03 11:43:00,CHRS,1.399899959564209,1.399899959564209,1.399899959564209,1.3949999809265137,1.3949999809265137,1751.0
2024-07-03 11:43:00,CKPT,2.2100000381469727,2.2100000381469727,2.2100000381469727,2.2100000381469727,2.2100000381469727,386.0
2024-07-03 11:43:00,CLDX,36.0099983215332,36.0099983215332,36.0099983215332,36.0,36.0,1353.0
2024-07-03 11:43:00,CLNN,0.3294999897480011,0.3294999897480011,0.33000001311302185,0.3294999897480011,0.33000001311302185,10049.0
2024-07-03 11:43:00,CLOV,1.2450000047683716,1.2450000047683716,1.2450000047683716,1.2450000047683716,1.2450000047683716,2085.0
2024-07-03 11:43:00,CLRB,2.430000066757202,2.430000066757202,2.430000066757202,2.430000066757202,2.430000066757202,107.0
2024-07-03 11:43:00,CLSD,1.2510000467300415,1.2510000467300415,1.2510000467300415,1.2510000467300415,1.2510000467300415,340.0
2024-07-03 11:43:00,CMAX,2.180000066757202,2.180000066757202,2.180000066757202,2.180000066757202,2.180000066757202,200.0
2024-07-03 11:43:00,CMPS,6.28000020980835,6.28000020980835,6.28000020980835,6.28000020980835,6.28000020980835,295.0
2024-07-03 11:43:00,CMPX,0.8449000120162964,0.8449000120162964,0.8449000120162964,0.8449000120162964,0.8449000120162964,300.0
2024-07-03 11:43:00,CNSP,1.5099999904632568,1.5099999904632568,1.5400999784469604,1.5,1.5391000509262085,64479.0
2024-07-03 11:43:00,COGT,8.454999923706055,8.454999923706055,8.454999923706055,8.454999923706055,8.454999923706055,342.0
2024-07-03 11:43:00,CORT,30.229999542236328,30.229999542236328,30.229999542236328,30.229999542236328,30.229999542236328,580.0
2024-07-03 11:43:00,COSM,0.9350000023841858,0.9350000023841858,0.9350000023841858,0.9350000023841858,0.9350000023841858,796.0
2024-07-03 11:43:00,CPRX,15.4399995803833,15.4399995803833,15.449999809265137,15.4399995803833,15.440400123596191,1840.0
2024-07-03 11:43:00,CRBU,1.5750000476837158,1.5750000476837158,1.5750000476837158,1.5700000524520874,1.5700000524520874,381.0
2024-07-03 11:43:00,CRDL,1.9010000228881836,1.9010000228881836,1.9010000228881836,1.9010000228881836,1.9010000228881836,1030.0
2024-07-03 11:43:00,CRMD,4.135000228881836,4.135000228881836,4.135000228881836,4.130000114440918,4.135000228881836,607.0
2024-07-03 11:43:00,CRSP,53.70000076293945,53.70000076293945,53.709999084472656,53.649898529052734,53.649898529052734,3589.0
2024-07-03 11:43:00,CSTL,20.90999984741211,20.90999984741211,21.014999389648438,20.90999984741211,20.969999313354492,4096.0
2024-07-03 11:43:00,CTKB,5.59499979019165,5.59499979019165,5.59499979019165,5.59499979019165,5.59499979019165,452.0
2024-07-03 11:43:00,CTMX,1.315000057220459,1.315000057220459,1.315000057220459,1.309999942779541,1.309999942779541,306.0
2024-07-03 11:43:00,CTXR,0.5,0.5,0.5,0.4964999854564667,0.498199999332428,14625.0
2024-07-03 11:43:00,CVAC,3.315000057220459,3.315000057220459,3.319999933242798,3.31030011177063,3.31030011177063,5213.0
2024-07-03 11:43:00,CVRX,11.760000228881836,11.760000228881836,11.779999732971191,11.649999618530273,11.649999618530273,3789.0
2024-07-03 11:43:00,DCGO,2.930000066757202,2.930000066757202,2.930000066757202,2.930000066757202,2.930000066757202,1987.0
2024-07-03 11:43:00,DYN,34.119998931884766,34.119998931884766,34.119998931884766,34.119998931884766,34.119998931884766,145.0
2024-07-03 11:43:00,DYNT,0.23019999265670776,0.23019999265670776,0.23019999265670776,0.23019999265670776,0.23019999265670776,260.0
2024-07-03 11:43:00,EDIT,4.6596999168396,4.6596999168396,4.659999847412109,4.650000095367432,4.650000095367432,3454.0
2024-07-03 11:43:00,EGRX,5.340000152587891,5.340000152587891,5.349999904632568,5.340000152587891,5.340000152587891,2276.0
2024-07-03 11:43:00,EMBC,12.020000457763672,12.020000457763672,12.020000457763672,12.020000457763672,12.020000457763672,374.0
2024-07-03 11:43:00,EOLS,10.890000343322754,10.890000343322754,10.890000343322754,10.890000343322754,10.890000343322754,753.0
2024-07-03 11:43:00,ERAS,2.2300000190734863,2.2300000190734863,2.2300000190734863,2.2249999046325684,2.2249999046325684,917.0
2024-07-03 11:43:00,ESPR,2.3499999046325684,2.3499999046325684,2.3499999046325684,2.3424999713897705,2.3450000286102295,12941.0
2024-07-03 11:43:00,ETNB,7.489999771118164,7.489999771118164,7.489999771118164,7.47790002822876,7.47790002822876,972.0
2024-07-03 11:43:00,EXAI,5.440000057220459,5.440000057220459,5.440000057220459,5.439499855041504,5.439499855041504,626.0
2024-07-03 11:43:00,EXAS,43.130001068115234,43.130001068115234,43.130001068115234,43.06999969482422,43.06999969482422,2527.0
2024-07-03 11:43:00,EXEL,21.959999084472656,21.959999084472656,21.969999313354492,21.959999084472656,21.969999313354492,1893.0
2024-07-03 11:43:00,EYPT,8.329999923706055,8.329999923706055,8.329999923706055,8.329999923706055,8.329999923706055,276.0
2024-07-03 11:43:00,FATE,3.1649999618530273,3.1649999618530273,3.1649999618530273,3.1649999618530273,3.1649999618530273,749.0
2024-07-03 11:43:00,FDMT,20.940000534057617,20.940000534057617,20.940000534057617,20.920000076293945,20.920000076293945,2079.0
2024-07-03 11:43:00,FGEN,0.7103999853134155,0.7103999853134155,0.7103999853134155,0.7103999853134155,0.7103999853134155,1761.0
2024-07-03 11:43:00,FHTX,5.5,5.5,5.505000114440918,5.494999885559082,5.5,1534.0
2024-07-03 11:43:00,FOLD,9.880000114440918,9.880000114440918,9.885000228881836,9.880000114440918,9.885000228881836,860.0
2024-07-03 11:43:00,GALT,2.200000047683716,2.200000047683716,2.200000047683716,2.190000057220459,2.190000057220459,586.0
2024-07-03 11:43:00,GBIO,2.4897000789642334,2.4897000789642334,2.4897000789642334,2.4897000789642334,2.4897000789642334,1267.0
2024-07-03 11:43:00,GERN,4.324999809265137,4.324999809265137,4.324999809265137,4.324999809265137,4.324999809265137,1480.0
2024-07-03 11:43:00,GH,28.295000076293945,28.295000076293945,28.309999465942383,28.280000686645508,28.309999465942383,1105.0
2024-07-03 11:43:00,GILD,67.16500091552734,67.16500091552734,67.18000030517578,67.12999725341797,67.18000030517578,36687.0
2024-07-03 11:43:00,GLUE,3.7497000694274902,3.7497000694274902,3.7497000694274902,3.734999895095825,3.734999895095825,10453.0
2024-07-03 11:43:00,GOSS,0.9509999752044678,0.9509999752044678,0.9509999752044678,0.9509999752044678,0.9509999752044678,575.0
2024-07-03 11:43:00,GOVX,2.9200000762939453,2.9200000762939453,2.9270999431610107,2.9200000762939453,2.9270999431610107,4576.0
2024-07-03 11:43:00,GRTS,0.5845999717712402,0.5845999717712402,0.5896000266075134,0.5845999717712402,0.5896000266075134,25247.0
2024-07-03 11:43:00,GTHX,2.505000114440918,2.505000114440918,2.505000114440918,2.505000114440918,2.505000114440918,671.0
2024-07-03 11:43:00,HALO,51.9900016784668,51.9900016784668,51.9900016784668,51.9900016784668,51.9900016784668,122.0
2024-07-03 11:43:00,HCSG,10.625,10.625,10.625,10.625,10.625,370.0
2024-07-03 11:43:00,HLVX,14.285599708557129,14.285599708557129,14.285599708557129,14.285599708557129,14.285599708557129,679.0
2024-07-03 11:43:00,HOLX,73.22000122070312,73.22000122070312,73.25,73.22000122070312,73.25,1286.0
2024-07-03 11:43:00,HOWL,2.069999933242798,2.069999933242798,2.069999933242798,2.069999933242798,2.069999933242798,464.0
2024-07-03 11:43:00,HQY,83.33999633789062,83.33999633789062,83.33999633789062,83.33999633789062,83.33999633789062,2524.0
2024-07-03 11:43:00,HRMY,30.289899826049805,30.289899826049805,30.290000915527344,30.25,30.25,1525.0
2024-07-03 11:43:00,HRTX,2.7200000286102295,2.7200000286102295,2.7211999893188477,2.7200000286102295,2.7200000286102295,3734.0
2024-07-03 11:43:00,HSDT,0.9699000120162964,0.9699000120162964,0.9699000120162964,0.9699000120162964,0.9699000120162964,7994.0
2024-07-03 11:43:00,HSIC,64.98999786376953,64.98999786376953,64.98999786376953,64.98999786376953,64.98999786376953,312.0
2024-07-03 11:43:00,HUMA,5.699999809265137,5.699999809265137,5.699999809265137,5.690000057220459,5.690000057220459,3472.0
2024-07-03 11:43:00,HYPR,0.9800000190734863,0.9800000190734863,0.9800000190734863,0.9800000190734863,0.9800000190734863,0.0
2024-07-03 11:43:00,IART,28.589000701904297,28.589000701904297,28.589000701904297,28.589000701904297,28.589000701904297,975.0
2024-07-03 11:43:00,IBRX,6.255000114440918,6.255000114440918,6.259900093078613,6.255000114440918,6.259900093078613,444.0
2024-07-03 11:43:00,IDXX,475.864990234375,475.864990234375,476.17498779296875,475.864990234375,475.94000244140625,682.0
2024-07-03 11:43:00,IDYA,33.28499984741211,33.28499984741211,33.28499984741211,33.28499984741211,33.28499984741211,236.0
2024-07-03 11:43:00,IGMS,6.480000019073486,6.480000019073486,6.519999980926514,6.46999979019165,6.514999866485596,7873.0
2024-07-03 11:43:00,IKNA,1.6399999856948853,1.6399999856948853,1.649999976158142,1.6399999856948853,1.649999976158142,726.0
2024-07-03 11:43:00,ILMN,105.3550033569336,105.3550033569336,105.3550033569336,105.33999633789062,105.33999633789062,221.0
2024-07-03 11:43:00,IMCR,36.01499938964844,36.01499938964844,36.06999969482422,36.01499938964844,36.06999969482422,654.0
2024-07-03 11:43:00,IMMX,2.384999990463257,2.384999990463257,2.384999990463257,2.369999885559082,2.369999885559082,2345.0
2024-07-03 11:43:00,IMNM,11.96500015258789,11.96500015258789,11.96500015258789,11.961199760437012,11.961199760437012,284.0
2024-07-03 11:43:00,IMRN,2.005000114440918,2.005000114440918,2.005000114440918,2.005000114440918,2.005000114440918,800.0
2024-07-03 11:43:00,IMTX,11.789999961853027,11.789999961853027,11.789999961853027,11.789999961853027,11.789999961853027,396.0
2024-07-03 11:43:00,IMVT,26.219999313354492,26.219999313354492,26.219999313354492,26.219999313354492,26.219999313354492,707.0
2024-07-03 11:43:00,INBX,13.25,13.25,13.25,13.25,13.25,315.0
2024-07-03 11:43:00,INCY,58.060001373291016,58.060001373291016,58.09000015258789,58.060001373291016,58.06999969482422,6055.0
2024-07-03 11:43:00,INGN,7.96999979019165,7.96999979019165,7.96999979019165,7.965000152587891,7.965000152587891,328.0
2024-07-03 11:43:00,INM,0.24560000002384186,0.24560000002384186,0.24560000002384186,0.24560000002384186,0.24560000002384186,0.0
2024-07-03 11:43:00,INMB,7.940000057220459,7.940000057220459,7.940000057220459,7.940000057220459,7.940000057220459,171.0
2024-07-03 11:43:00,INMD,17.545000076293945,17.545000076293945,17.559999465942383,17.540000915527344,17.559999465942383,1899.0
2024-07-03 11:43:00,INO,8.399999618530273,8.399999618530273,8.399999618530273,8.399999618530273,8.399999618530273,831.0
2024-07-03 11:43:00,INSM,61.77000045776367,61.77000045776367,61.77000045776367,61.56999969482422,61.584999084472656,9818.0
2024-07-03 11:43:00,IONM,0.31690001487731934,0.31690001487731934,0.3244999945163727,0.31690001487731934,0.3244999945163727,29330.0
2024-07-03 11:43:00,IONS,44.7400016784668,44.7400016784668,44.7400016784668,44.7400016784668,44.7400016784668,509.0
2024-07-03 11:43:00,IOVA,7.514999866485596,7.514999866485596,7.525000095367432,7.510000228881836,7.510000228881836,12936.0
2024-07-03 11:43:00,IPSC,2.25,2.25,2.25,2.25,2.25,293.0
2024-07-03 11:43:00,IRWD,6.125,6.125,6.125,6.119999885559082,6.125,1173.0
2024-07-03 11:43:00,ISPC,0.2761000096797943,0.2761000096797943,0.2761000096797943,0.2761000096797943,0.2761000096797943,2000.0
2024-07-03 11:43:00,ISRG,433.8500061035156,433.8500061035156,433.8500061035156,433.8500061035156,433.8500061035156,1121.0
2024-07-03 11:43:00,ITCI,68.37000274658203,68.37000274658203,68.38999938964844,68.37000274658203,68.38999938964844,703.0
2024-07-03 11:43:00,IVVD,1.100000023841858,1.100000023841858,1.1100000143051147,1.100000023841858,1.1100000143051147,3159.0
2024-07-03 11:43:00,IXHL,2.720099925994873,2.720099925994873,2.7300000190734863,2.7200000286102295,2.7300000190734863,3584.0
2024-07-03 11:43:00,JANX,37.90999984741211,37.90999984741211,37.90999984741211,37.90999984741211,37.90999984741211,326.0
2024-07-03 11:43:00,JAZZ,103.80000305175781,103.80000305175781,103.80000305175781,103.7300033569336,103.7300033569336,1764.0
2024-07-03 11:43:00,JYNT,13.305000305175781,13.305000305175781,13.305000305175781,13.220000267028809,13.220000267028809,5494.0
2024-07-03 11:43:00,KALA,6.738800048828125,6.738800048828125,6.738800048828125,6.730000019073486,6.730000019073486,1892.0
2024-07-03 11:43:00,KMDA,5.190000057220459,5.190000057220459,5.190000057220459,5.190000057220459,5.190000057220459,0.0
2024-07-03 11:43:00,KOD,2.2100000381469727,2.2100000381469727,2.2100000381469727,2.2100000381469727,2.2100000381469727,1001.0
2024-07-03 11:43:00,KTRA,0.2883000075817108,0.2883000075817108,0.2888999879360199,0.2881999909877777,0.2888999879360199,6588.0
2024-07-03 11:43:00,KYMR,30.125,30.125,30.125,30.1200008392334,30.1200008392334,920.0
2024-07-03 11:43:00,KZR,0.5752999782562256,0.5752999782562256,0.5752999782562256,0.5752999782562256,0.5752999782562256,424.0
2024-07-03 11:43:00,LAB,1.7999999523162842,1.7999999523162842,1.7999999523162842,1.7949999570846558,1.7949999570846558,1070.0
2024-07-03 11:43:00,LBPH,32.0099983215332,32.0099983215332,32.0099983215332,32.0099983215332,32.0099983215332,200.0
2024-07-03 11:43:00,LEGN,46.18000030517578,46.18000030517578,46.18000030517578,46.130001068115234,46.130001068115234,1177.0
2024-07-03 11:43:00,LEXX,2.619999885559082,2.619999885559082,2.619999885559082,2.609999895095825,2.609999895095825,1757.0
2024-07-03 11:43:00,LFMD,6.679999828338623,6.679999828338623,6.679999828338623,6.679999828338623,6.679999828338623,1719.0
2024-07-03 11:43:00,LFST,5.09499979019165,5.09499979019165,5.09499979019165,5.09499979019165,5.09499979019165,1102.0
2024-07-03 11:43:00,LGVN,1.590000033378601,1.590000033378601,1.590000033378601,1.590000033378601,1.590000033378601,5418.0
2024-07-03 11:43:00,LIVN,52.58000183105469,52.58000183105469,52.58000183105469,52.56999969482422,52.56999969482422,1346.0
2024-07-03 11:43:00,LOGC,5.760000228881836,5.760000228881836,5.760000228881836,5.739999771118164,5.739999771118164,11856.0
2024-07-03 11:43:00,LPTX,1.7699999809265137,1.7699999809265137,1.7699999809265137,1.7699999809265137,1.7699999809265137,270.0
2024-07-03 11:43:00,LQDA,11.838299751281738,11.838299751281738,11.838299751281738,11.835000038146973,11.835000038146973,460.0
2024-07-03 11:43:00,LXRX,1.5999000072479248,1.5999000072479248,1.5999000072479248,1.590000033378601,1.5950000286102295,1049.0
2024-07-03 11:43:00,LYEL,1.5049999952316284,1.5049999952316284,1.5049999952316284,1.5049999952316284,1.5049999952316284,2165.0
2024-07-03 11:43:00,LYRA,0.28690001368522644,0.28690001368522644,0.28690001368522644,0.28690001368522644,0.28690001368522644,0.0
2024-07-03 11:43:00,MASI,114.9749984741211,114.9749984741211,114.9749984741211,114.9749984741211,114.9749984741211,790.0
2024-07-03 11:43:00,MCRB,0.7160999774932861,0.7160999774932861,0.7160999774932861,0.7160999774932861,0.7160999774932861,745.0
2024-07-03 11:43:00,MDWD,14.75,14.75,14.75,14.725000381469727,14.725000381469727,1319.0
2024-07-03 11:43:00,MDXG,6.744999885559082,6.744999885559082,6.744999885559082,6.744999885559082,6.744999885559082,516.0
2024-07-03 11:43:00,ME,0.4043000042438507,0.4043000042438507,0.4043000042438507,0.4041999876499176,0.4041999876499176,1545.0
2024-07-03 11:43:00,MEDP,405.6600036621094,405.6600036621094,406.3500061035156,405.6600036621094,406.3500061035156,3120.0
2024-07-03 11:43:00,MGNX,4.210000038146973,4.210000038146973,4.210000038146973,4.210000038146973,4.210000038146973,360.0
2024-07-03 11:43:00,MIRM,33.689998626708984,33.689998626708984,33.72999954223633,33.65999984741211,33.72999954223633,1276.0
2024-07-03 11:43:00,MMSI,85.81999969482422,85.81999969482422,85.81999969482422,85.7300033569336,85.77999877929688,1245.0
2024-07-03 11:43:00,MNKD,5.014999866485596,5.014999866485596,5.014999866485596,5.014999866485596,5.014999866485596,1777.0
2024-07-03 11:43:00,MODD,1.4793000221252441,1.4793000221252441,1.4793000221252441,1.4793000221252441,1.4793000221252441,1834.0
2024-07-03 11:43:00,MODV,27.959999084472656,27.959999084472656,27.959999084472656,27.93000030517578,27.93000030517578,1024.0
2024-07-03 11:43:00,MOR,18.184999465942383,18.184999465942383,18.184999465942383,18.184999465942383,18.184999465942383,411.0
2024-07-03 11:43:00,MREO,3.5199999809265137,3.5199999809265137,3.5199999809265137,3.5199999809265137,3.5199999809265137,509.0
2024-07-03 11:43:00,MRNA,115.7699966430664,115.7699966430664,115.7699966430664,115.7699966430664,115.7699966430664,1380.0
2024-07-03 11:43:00,MRNS,1.2100000381469727,1.2100000381469727,1.2100000381469727,1.2050000429153442,1.2050000429153442,516.0
2024-07-03 11:43:00,MRVI,6.906199932098389,6.906199932098389,6.909999847412109,6.880000114440918,6.880000114440918,8217.0
2024-07-03 11:43:00,MXCT,3.694999933242798,3.694999933242798,3.700000047683716,3.694999933242798,3.700000047683716,257.0
2024-07-03 11:43:00,MYGN,25.079999923706055,25.079999923706055,25.09000015258789,25.06999969482422,25.06999969482422,730.0
2024-07-03 11:43:00,MYNZ,0.33970001339912415,0.33970001339912415,0.33970001339912415,0.33970001339912415,0.33970001339912415,1200.0
2024-07-03 11:43:00,NBIX,138.77000427246094,138.77000427246094,138.77000427246094,138.6649932861328,138.6649932861328,1610.0
2024-07-03 11:43:00,NDRA,0.09600000083446503,0.09600000083446503,0.09700000286102295,0.0957999974489212,0.0957999974489212,79669.0
2024-07-03 11:43:00,NEO,13.729999542236328,13.729999542236328,13.729999542236328,13.729999542236328,13.729999542236328,240.0
2024-07-03 11:43:00,NKTR,1.2350000143051147,1.2350000143051147,1.2350000143051147,1.2350000143051147,1.2350000143051147,412.0
2024-07-03 11:43:00,NLSP,0.20000000298023224,0.20000000298023224,0.20000000298023224,0.20000000298023224,0.20000000298023224,600.0
2024-07-03 11:43:00,NNOX,6.965000152587891,6.965000152587891,6.96999979019165,6.960000038146973,6.965000152587891,1727.0
2024-07-03 11:43:00,NRBO,4.579999923706055,4.579999923706055,4.579999923706055,4.579999923706055,4.579999923706055,200.0
2024-07-03 11:43:00,NRC,22.8799991607666,22.8799991607666,22.8799991607666,22.8799991607666,22.8799991607666,439.0
2024-07-03 11:43:00,NRIX,19.530000686645508,19.530000686645508,19.530000686645508,19.530000686645508,19.530000686645508,111.0
2024-07-03 11:43:00,NRSN,1.2799999713897705,1.2799999713897705,1.2999999523162842,1.2799999713897705,1.2999999523162842,2000.0
2024-07-03 11:43:00,NTLA,22.639999389648438,22.639999389648438,22.639999389648438,22.610000610351562,22.610000610351562,2687.0
2024-07-03 11:43:00,NTRA,111.26000213623047,111.26000213623047,111.33000183105469,111.20999908447266,111.25,1553.0
2024-07-03 11:43:00,NVAX,12.609999656677246,12.609999656677246,12.619999885559082,12.600000381469727,12.619999885559082,4571.0
2024-07-03 11:43:00,NVCR,16.700000762939453,16.700000762939453,16.704999923706055,16.700000762939453,16.700000762939453,2376.0
2024-07-03 11:43:00,NVCT,6.25,6.25,6.25,6.208000183105469,6.244999885559082,729.0
2024-07-03 11:43:00,OCGN,1.5950000286102295,1.5950000286102295,1.5950000286102295,1.5950000286102295,1.5950000286102295,6381.0
2024-07-03 11:43:00,OFIX,13.399999618530273,13.399999618530273,13.40999984741211,13.399999618530273,13.40999984741211,1023.0
2024-07-03 11:43:00,OLK,25.7549991607666,25.7549991607666,25.7549991607666,25.7549991607666,25.7549991607666,815.0
2024-07-03 11:43:00,OLMA,10.5600004196167,10.5600004196167,10.5600004196167,10.5600004196167,10.5600004196167,122.0
2024-07-03 11:43:00,OM,3.875,3.875,3.875,3.869999885559082,3.875,535.0
2024-07-03 11:43:00,OMCL,26.579999923706055,26.579999923706055,26.579999923706055,26.579999923706055,26.579999923706055,167.0
2024-07-03 11:43:00,OMGA,1.9700000286102295,1.9700000286102295,1.9700000286102295,1.9700000286102295,1.9700000286102295,139.0
2024-07-03 11:43:00,OMIC,8.600099563598633,8.600099563598633,8.609999656677246,8.600099563598633,8.609999656677246,402.0
2024-07-03 11:44:00,AADI,1.3799999952316284,1.3799999952316284,1.3899999856948853,1.3798999786376953,1.3799999952316284,6466.0
2024-07-03 11:44:00,ABCL,2.7149999141693115,2.7149999141693115,2.7149999141693115,2.7149999141693115,2.7149999141693115,507.0
2024-07-03 11:44:00,ABSI,3.174999952316284,3.174999952316284,3.177500009536743,3.174999952316284,3.174999952316284,1400.0
2024-07-03 11:44:00,ABUS,3.134999990463257,3.134999990463257,3.134999990463257,3.134999990463257,3.134999990463257,820.0
2024-07-03 11:44:00,ACAD,15.59000015258789,15.59000015258789,15.59000015258789,15.579999923706055,15.579999923706055,2288.0
2024-07-03 11:44:00,ACB,4.864999771118164,4.864999771118164,4.864999771118164,4.860000133514404,4.860000133514404,850.0
2024-07-03 11:44:00,ACCD,3.550100088119507,3.550100088119507,3.559999942779541,3.550100088119507,3.559999942779541,3647.0
2024-07-03 11:44:00,ACET,1.065000057220459,1.065000057220459,1.0700000524520874,1.065000057220459,1.0700000524520874,1122.0
2024-07-03 11:44:00,ACHC,66.54000091552734,66.54000091552734,66.55999755859375,66.54000091552734,66.55999755859375,2210.0
2024-07-03 11:44:00,ACHV,4.5,4.5,4.5,4.5,4.5,316.0
2024-07-03 11:44:00,ACLX,53.81999969482422,53.81999969482422,53.93000030517578,53.81999969482422,53.880001068115234,1674.0
2024-07-03 11:44:00,ACRS,1.149999976158142,1.149999976158142,1.149999976158142,1.149999976158142,1.149999976158142,2000.0
2024-07-03 11:44:00,ADAG,2.9800000190734863,2.9800000190734863,2.9800000190734863,2.9800000190734863,2.9800000190734863,178.0
2024-07-03 11:44:00,ADMA,11.232999801635742,11.232999801635742,11.234999656677246,11.232999801635742,11.234999656677246,949.0
2024-07-03 11:44:00,ADPT,3.3550000190734863,3.3550000190734863,3.3550000190734863,3.3550000190734863,3.3550000190734863,356.0
2024-07-03 11:44:00,ADUS,117.0,117.0,117.4000015258789,117.0,117.4000015258789,2102.0
2024-07-03 11:44:00,AEMD,0.4050000011920929,0.4050000011920929,0.4050999879837036,0.4050000011920929,0.4050999879837036,3906.0
2024-07-03 11:44:00,AGEN,14.359999656677246,14.359999656677246,14.390000343322754,14.359999656677246,14.390000343322754,1341.0
2024-07-03 11:44:00,AGIO,41.65999984741211,41.65999984741211,41.65999984741211,41.65999984741211,41.65999984741211,498.0
2024-07-03 11:44:00,AHCO,9.710000038146973,9.710000038146973,9.71500015258789,9.710000038146973,9.71500015258789,323.0
2024-07-03 11:44:00,AKBA,0.9490000009536743,0.9490000009536743,0.9490000009536743,0.9480000138282776,0.9480000138282776,1835.0
2024-07-03 11:44:00,AKYA,2.1050000190734863,2.1050000190734863,2.1050000190734863,2.1050000190734863,2.1050000190734863,200.0
2024-07-03 11:44:00,ALDX,3.1700000762939453,3.1700000762939453,3.1700000762939453,3.1649999618530273,3.1649999618530273,2316.0
2024-07-03 11:44:00,ALGN,241.02499389648438,241.02499389648438,241.2100067138672,241.02499389648438,241.02999877929688,948.0
2024-07-03 11:44:00,ALGS,0.4237000048160553,0.4237000048160553,0.423799991607666,0.4237000048160553,0.423799991607666,426.0
2024-07-03 11:44:00,ALKS,24.239999771118164,24.239999771118164,24.25,24.235000610351562,24.25,2784.0
2024-07-03 11:44:00,ALLK,0.8260999917984009,0.8260999917984009,0.8260999917984009,0.8260999917984009,0.8260999917984009,522.0
2024-07-03 11:44:00,ALLO,2.109999895095825,2.109999895095825,2.115000009536743,2.109999895095825,2.115000009536743,2793.0
2024-07-03 11:44:00,ALLR,0.2029000073671341,0.2029000073671341,0.2029000073671341,0.20200000703334808,0.2029000073671341,3072.0
2024-07-03 11:44:00,ALNY,246.6199951171875,246.6199951171875,246.67999267578125,246.6199951171875,246.67999267578125,749.0
2024-07-03 11:44:00,ALT,6.65500020980835,6.65500020980835,6.664999961853027,6.650000095367432,6.650000095367432,2050.0
2024-07-03 11:44:00,ALXO,5.71999979019165,5.71999979019165,5.730000019073486,5.710000038146973,5.71999979019165,2101.0
2024-07-03 11:44:00,AMED,96.97000122070312,96.97000122070312,96.97000122070312,96.97000122070312,96.97000122070312,577.0
2024-07-03 11:44:00,AMGN,307.25,307.25,307.6300048828125,307.25,307.4599914550781,2839.0
2024-07-03 11:44:00,AMLX,1.7549999952316284,1.7549999952316284,1.7549999952316284,1.7549999952316284,1.7549999952316284,225.0
2024-07-03 11:44:00,ANGO,5.630000114440918,5.630000114440918,5.630000114440918,5.630000114440918,5.630000114440918,536.0
2024-07-03 11:44:00,ANNX,4.784999847412109,4.784999847412109,4.784999847412109,4.784999847412109,4.784999847412109,1155.0
2024-07-03 11:44:00,ANTX,2.5,2.5,2.504199981689453,2.5,2.5,28323.0
2024-07-03 11:44:00,APDN,0.3939000070095062,0.3939000070095062,0.3939000070095062,0.38989999890327454,0.38989999890327454,5225.0
2024-07-03 11:44:00,APLS,35.560001373291016,35.560001373291016,35.560001373291016,35.560001373291016,35.560001373291016,234.0
2024-07-03 11:44:00,APLT,4.360000133514404,4.360000133514404,4.364999771118164,4.360000133514404,4.364999771118164,724.0
2024-07-03 11:44:00,AQST,2.4049999713897705,2.4049999713897705,2.4096999168395996,2.4024999141693115,2.4096999168395996,9937.0
2024-07-03 11:44:00,ARCT,21.375,21.375,21.375,21.375,21.375,403.0
2024-07-03 11:44:00,ARDX,5.184999942779541,5.184999942779541,5.190000057220459,5.180099964141846,5.184999942779541,34441.0
2024-07-03 11:44:00,ARGX,435.239990234375,435.239990234375,435.239990234375,435.239990234375,435.239990234375,290.0
2024-07-03 11:44:00,ARQT,9.640000343322754,9.640000343322754,9.640000343322754,9.630000114440918,9.630000114440918,3443.0
2024-07-03 11:44:00,ARVN,23.829999923706055,23.829999923706055,23.829999923706055,23.829999923706055,23.829999923706055,426.0
2024-07-03 11:44:00,ARWR,25.329999923706055,25.329999923706055,25.340499877929688,25.329999923706055,25.340499877929688,1312.0
2024-07-03 11:44:00,ASLN,2.2701001167297363,2.2701001167297363,2.2701001167297363,2.2701001167297363,2.2701001167297363,1288.0
2024-07-03 11:44:00,ASMB,11.9399995803833,11.9399995803833,11.9399995803833,11.9399995803833,11.9399995803833,789.0
2024-07-03 11:44:00,ASRT,1.3393000364303589,1.3393000364303589,1.3393000364303589,1.3393000364303589,1.3393000364303589,1672.0
2024-07-03 11:44:00,ATAI,1.2949999570846558,1.2949999570846558,1.2949999570846558,1.2949999570846558,1.2949999570846558,881.0
2024-07-03 11:44:00,ATEC,9.979999542236328,9.979999542236328,9.979999542236328,9.979999542236328,9.979999542236328,1539.0
2024-07-03 11:44:00,ATHA,2.549999952316284,2.549999952316284,2.549999952316284,2.549999952316284,2.549999952316284,200.0
2024-07-03 11:44:00,ATOS,1.159999966621399,1.159999966621399,1.159999966621399,1.159999966621399,1.159999966621399,236.0
2024-07-03 11:44:00,ATXS,9.005000114440918,9.005000114440918,9.005000114440918,9.005000114440918,9.005000114440918,498.0
2024-07-03 11:44:00,AUGX,1.0,1.0,1.0,1.0,1.0,940.0
2024-07-03 11:44:00,AUPH,5.465000152587891,5.465000152587891,5.465000152587891,5.465000152587891,5.465000152587891,184.0
2024-07-03 11:44:00,AUTL,3.4700000286102295,3.4700000286102295,3.4700000286102295,3.4700000286102295,3.4700000286102295,894.0
2024-07-03 11:44:00,AVAH,2.6500000953674316,2.6500000953674316,2.6500000953674316,2.6500000953674316,2.6500000953674316,105.0
2024-07-03 11:44:00,AVDL,14.40999984741211,14.40999984741211,14.40999984741211,14.399999618530273,14.399999618530273,1110.0
2024-07-03 11:44:00,AVTE,1.625,1.625,1.6349999904632568,1.625,1.6299999952316284,12259.0
2024-07-03 11:44:00,AVXL,4.159999847412109,4.159999847412109,4.159999847412109,4.159999847412109,4.159999847412109,426.0
2024-07-03 11:44:00,AWH,0.9672999978065491,0.9672999978065491,0.9672999978065491,0.9672999978065491,0.9672999978065491,1060.0
2024-07-03 11:44:00,AXSM,79.49500274658203,79.49500274658203,79.5,79.49500274658203,79.5,611.0
2024-07-03 11:44:00,AZN,76.65499877929688,76.65499877929688,76.65499877929688,76.6500015258789,76.65499877929688,6193.0
2024-07-03 11:44:00,BBIO,25.375,25.375,25.389999389648438,25.375,25.389999389648438,625.0
2024-07-03 11:44:00,BCAB,1.375,1.375,1.375,1.375,1.375,2101.0
2024-07-03 11:44:00,BCLI,0.3499999940395355,0.3499999940395355,0.35600000619888306,0.3499999940395355,0.35600000619888306,0.0
2024-07-03 11:44:00,BCRX,6.453999996185303,6.453999996185303,6.454999923706055,6.449999809265137,6.449999809265137,7062.0
2024-07-03 11:44:00,BCTX,1.0199999809265137,1.0199999809265137,1.0199999809265137,1.0199999809265137,1.0199999809265137,20.0
2024-07-03 11:44:00,BEAM,23.549999237060547,23.549999237060547,23.579999923706055,23.549999237060547,23.56999969482422,2777.0
2024-07-03 11:44:00,BIIB,223.98500061035156,223.98500061035156,224.52000427246094,223.98500061035156,224.25999450683594,1018.0
2024-07-03 11:44:00,BJDX,0.6324999928474426,0.6324999928474426,0.6324999928474426,0.6324999928474426,0.6324999928474426,724.0
2024-07-03 11:44:00,BLFS,19.780000686645508,19.780000686645508,19.790000915527344,19.739999771118164,19.75,4184.0
2024-07-03 11:44:00,BLRX,0.5253000259399414,0.5253000259399414,0.5253000259399414,0.5253000259399414,0.5253000259399414,24.0
2024-07-03 11:44:00,BLUE,0.9223999977111816,0.9223999977111816,0.9225000143051147,0.9223999977111816,0.9223999977111816,7317.0
2024-07-03 11:44:00,BMEA,4.364999771118164,4.364999771118164,4.364999771118164,4.360000133514404,4.360000133514404,3136.0
2024-07-03 11:44:00,BMRA,0.45489999651908875,0.45489999651908875,0.45489999651908875,0.45489999651908875,0.45489999651908875,0.0
2024-07-03 11:44:00,BMRN,81.01000213623047,81.01000213623047,81.02999877929688,81.01000213623047,81.02999877929688,3418.0
2024-07-03 11:44:00,BNTX,79.91999816894531,79.91999816894531,79.91999816894531,79.91000366210938,79.91000366210938,1009.0
2024-07-03 11:44:00,BPMC,110.86000061035156,110.86000061035156,110.86000061035156,110.86000061035156,110.86000061035156,611.0
2024-07-03 11:44:00,BRKR,61.40999984741211,61.40999984741211,61.44499969482422,61.40999984741211,61.44499969482422,459.0
2024-07-03 11:44:00,BTAI,1.0800000429153442,1.0800000429153442,1.0800000429153442,1.0800000429153442,1.0800000429153442,210.0
2024-07-03 11:44:00,BVS,5.985000133514404,5.985000133514404,5.985000133514404,5.980000019073486,5.985000133514404,2591.0
2024-07-03 11:44:00,CABA,7.579999923706055,7.579999923706055,7.579999923706055,7.579999923706055,7.579999923706055,680.0
2024-07-03 11:44:00,CADL,6.289999961853027,6.289999961853027,6.289999961853027,6.289999961853027,6.289999961853027,212.0
2024-07-03 11:44:00,CAPR,4.710000038146973,4.710000038146973,4.71999979019165,4.710000038146973,4.710000038146973,2728.0
2024-07-03 11:44:00,CARA,0.2897000014781952,0.2897000014781952,0.2897000014781952,0.2897000014781952,0.2897000014781952,705.0
2024-07-03 11:44:00,CCCC,4.550000190734863,4.550000190734863,4.570000171661377,4.550000190734863,4.554999828338623,2689.0
2024-07-03 11:44:00,CDMO,7.717199802398682,7.717199802398682,7.717199802398682,7.717199802398682,7.717199802398682,150.0
2024-07-03 11:44:00,CDNA,15.105600357055664,15.105600357055664,15.105600357055664,15.105600357055664,15.105600357055664,385.0
2024-07-03 11:44:00,CDXC,2.5199999809265137,2.5199999809265137,2.5199999809265137,2.500499963760376,2.500499963760376,5440.0
2024-07-03 11:44:00,CDXS,2.880000114440918,2.880000114440918,2.880000114440918,2.880000114440918,2.880000114440918,767.0
2024-07-03 11:44:00,CERE,39.630001068115234,39.630001068115234,39.654998779296875,39.5,39.61000061035156,182117.0
2024-07-03 11:44:00,CERS,1.7100000381469727,1.7100000381469727,1.7100000381469727,1.7100000381469727,1.7100000381469727,306.0
2024-07-03 11:44:00,CERT,13.8100004196167,13.8100004196167,13.8100004196167,13.8100004196167,13.8100004196167,514.0
2024-07-03 11:44:00,CGC,6.514999866485596,6.514999866485596,6.53000020980835,6.514999866485596,6.53000020980835,2898.0
2024-07-03 11:44:00,CGEM,16.690000534057617,16.690000534057617,16.770000457763672,16.690000534057617,16.770000457763672,2199.0
2024-07-03 11:44:00,CGEN,1.6349999904632568,1.6349999904632568,1.6349999904632568,1.6349999904632568,1.6349999904632568,500.0
2024-07-03 11:44:00,CHRS,1.3901000022888184,1.3901000022888184,1.3901000022888184,1.3901000022888184,1.3901000022888184,200.0
2024-07-03 11:44:00,CMPS,6.28000020980835,6.28000020980835,6.28000020980835,6.269999980926514,6.269999980926514,660.0
2024-07-03 11:44:00,CNSP,1.590000033378601,1.590000033378601,1.590000033378601,1.5299999713897705,1.5299999713897705,60755.0
2024-07-03 11:44:00,CORT,30.200000762939453,30.200000762939453,30.229999542236328,30.200000762939453,30.229999542236328,608.0
2024-07-03 11:44:00,COSM,0.9350000023841858,0.9350000023841858,0.9399999976158142,0.9300000071525574,0.9300000071525574,5807.0
2024-07-03 11:44:00,CRBU,1.5800000429153442,1.5800000429153442,1.5800000429153442,1.5700000524520874,1.5700000524520874,2552.0
2024-07-03 11:44:00,CRDF,2.2100000381469727,2.2100000381469727,2.2249999046325684,2.2100000381469727,2.2249999046325684,1603.0
2024-07-03 11:44:00,CSTL,20.760000228881836,20.760000228881836,20.770000457763672,20.760000228881836,20.770000457763672,1019.0
2024-07-03 11:44:00,CTMX,1.315000057220459,1.315000057220459,1.315000057220459,1.309999942779541,1.315000057220459,830.0
2024-07-03 11:44:00,CTXR,0.5011000037193298,0.5011000037193298,0.5011000037193298,0.5001000165939331,0.5011000037193298,6915.0
2024-07-03 11:44:00,CUE,1.000100016593933,1.000100016593933,1.000100016593933,0.991100013256073,1.0,5201.0
2024-07-03 11:44:00,CUTR,1.2949999570846558,1.2949999570846558,1.2999999523162842,1.2949999570846558,1.2999999523162842,420.0
2024-07-03 11:44:00,CVAC,3.305000066757202,3.305000066757202,3.315000057220459,3.305000066757202,3.315000057220459,3922.0
2024-07-03 11:44:00,CVRX,11.729999542236328,11.729999542236328,11.729999542236328,11.729999542236328,11.729999542236328,268.0
2024-07-03 11:44:00,CYTK,54.47999954223633,54.47999954223633,54.54999923706055,54.47999954223633,54.54999923706055,7657.0
2024-07-03 11:44:00,DARE,3.280400037765503,3.280400037765503,3.280400037765503,3.280400037765503,3.280400037765503,636.0
2024-07-03 11:44:00,DAWN,13.319999694824219,13.319999694824219,13.329999923706055,13.319999694824219,13.329999923706055,1053.0
2024-07-03 11:44:00,DCTH,7.860000133514404,7.860000133514404,7.860000133514404,7.840000152587891,7.840000152587891,1044.0
2024-07-03 11:44:00,DERM,5.16540002822876,5.16540002822876,5.16540002822876,5.16540002822876,5.16540002822876,6594.0
2024-07-03 11:44:00,DNLI,21.399999618530273,21.399999618530273,21.399999618530273,21.399999618530273,21.399999618530273,552.0
2024-07-03 11:44:00,DVAX,11.055000305175781,11.055000305175781,11.069999694824219,11.055000305175781,11.069999694824219,1347.0
2024-07-03 11:44:00,DXCM,110.54000091552734,110.54000091552734,110.54000091552734,110.54000091552734,110.54000091552734,433.0
2024-07-03 11:44:00,DYN,34.119998931884766,34.119998931884766,34.119998931884766,34.119998931884766,34.119998931884766,242.0
2024-07-03 11:44:00,EDIT,4.65500020980835,4.65500020980835,4.65500020980835,4.650000095367432,4.65500020980835,2594.0
2024-07-03 11:44:00,EGRX,5.340000152587891,5.340000152587891,5.340000152587891,5.340000152587891,5.340000152587891,3850.0
2024-07-03 11:44:00,ENSG,126.37999725341797,126.37999725341797,126.37999725341797,126.3499984741211,126.3499984741211,1188.0
2024-07-03 11:44:00,ENTX,1.659999966621399,1.659999966621399,1.659999966621399,1.659999966621399,1.659999966621399,200.0
2024-07-03 11:44:00,ENVB,0.5099999904632568,0.5099999904632568,0.5099999904632568,0.5099999904632568,0.5099999904632568,200.0
2024-07-03 11:44:00,EOLS,10.880000114440918,10.880000114440918,10.890000343322754,10.880000114440918,10.880000114440918,491.0
2024-07-03 11:44:00,ERAS,2.2249999046325684,2.2249999046325684,2.2249999046325684,2.2244999408721924,2.2244999408721924,765.0
2024-07-03 11:44:00,ESPR,2.3499999046325684,2.3499999046325684,2.3499999046325684,2.3499999046325684,2.3499999046325684,1397.0
2024-07-03 11:44:00,ETNB,7.480000019073486,7.480000019073486,7.480000019073486,7.480000019073486,7.480000019073486,192.0
2024-07-03 11:44:00,EVGN,0.6492999792098999,0.6492999792098999,0.6492999792098999,0.6399999856948853,0.6399999856948853,3310.0
2024-07-03 11:44:00,EXAS,43.20000076293945,43.20000076293945,43.20000076293945,43.09000015258789,43.11000061035156,2721.0
2024-07-03 11:44:00,EXEL,21.94499969482422,21.94499969482422,21.959999084472656,21.94499969482422,21.959999084472656,1250.0
2024-07-03 11:44:00,EYEN,0.7886999845504761,0.7886999845504761,0.7888000011444092,0.7843999862670898,0.7888000011444092,2154.0
2024-07-03 11:44:00,EYPT,8.319999694824219,8.319999694824219,8.329999923706055,8.319999694824219,8.329999923706055,1605.0
2024-07-03 11:44:00,FATE,3.1649999618530273,3.1649999618530273,3.1649999618530273,3.1649999618530273,3.1649999618530273,118.0
2024-07-03 11:44:00,FBIO,1.7899999618530273,1.7899999618530273,1.7899999618530273,1.7899999618530273,1.7899999618530273,293.0
2024-07-03 11:44:00,FDMT,20.90999984741211,20.90999984741211,20.93000030517578,20.90999984741211,20.920000076293945,1093.0
2024-07-03 11:44:00,FGEN,0.708899974822998,0.708899974822998,0.708899974822998,0.708899974822998,0.708899974822998,1216.0
2024-07-03 11:44:00,FHTX,5.53000020980835,5.53000020980835,5.53000020980835,5.510000228881836,5.510000228881836,499.0
2024-07-03 11:44:00,FLGT,20.178499221801758,20.178499221801758,20.178499221801758,20.149999618530273,20.149999618530273,558.0
2024-07-03 11:44:00,FOLD,9.880000114440918,9.880000114440918,9.880000114440918,9.880000114440918,9.880000114440918,1860.0
2024-07-03 11:44:00,FONR,16.03499984741211,16.03499984741211,16.03499984741211,16.03499984741211,16.03499984741211,1372.0
2024-07-03 11:44:00,FULC,6.135000228881836,6.135000228881836,6.139999866485596,6.135000228881836,6.139999866485596,1834.0
2024-07-03 11:44:00,GALT,2.190000057220459,2.190000057220459,2.200000047683716,2.180000066757202,2.180000066757202,9838.0
2024-07-03 11:44:00,GDRX,7.809999942779541,7.809999942779541,7.809999942779541,7.809999942779541,7.809999942779541,402.0
2024-07-03 11:44:00,GENE,1.3899999856948853,1.3899999856948853,1.3899999856948853,1.3899999856948853,1.3899999856948853,221.0
2024-07-03 11:44:00,GERN,4.324999809265137,4.324999809265137,4.324999809265137,4.324999809265137,4.324999809265137,3743.0
2024-07-03 11:44:00,GHRS,11.550000190734863,11.550000190734863,11.550000190734863,11.550000190734863,11.550000190734863,714.0
2024-07-03 11:44:00,GILD,67.05999755859375,67.05999755859375,67.16500091552734,67.05999755859375,67.16000366210938,14803.0
2024-07-03 11:44:00,GLSI,16.479999542236328,16.479999542236328,16.479999542236328,16.479999542236328,16.479999542236328,113.0
2024-07-03 11:44:00,GOSS,0.9556999802589417,0.9556999802589417,0.9556999802589417,0.9549999833106995,0.9549999833106995,953.0
2024-07-03 11:44:00,GOVX,2.940000057220459,2.940000057220459,2.940000057220459,2.9200000762939453,2.9200000762939453,3781.0
2024-07-03 11:44:00,GRTS,0.5845999717712402,0.5845999717712402,0.5871000289916992,0.5845999717712402,0.5871000289916992,4700.0
2024-07-03 11:44:00,GTHX,2.505000114440918,2.505000114440918,2.505000114440918,2.505000114440918,2.505000114440918,602.0
2024-07-03 11:44:00,HALO,52.0,52.0,52.0,51.95000076293945,51.95000076293945,1071.0
2024-07-03 11:44:00,HOLX,73.20500183105469,73.20500183105469,73.20999908447266,73.189697265625,73.19999694824219,2392.0
2024-07-03 11:44:00,HOWL,2.0399999618530273,2.0399999618530273,2.0450000762939453,2.0399999618530273,2.0399999618530273,2566.0
2024-07-03 11:44:00,HRMY,30.270000457763672,30.270000457763672,30.31999969482422,30.270000457763672,30.299999237060547,1869.0
2024-07-03 11:44:00,HROW,21.520000457763672,21.520000457763672,21.524999618530273,21.520000457763672,21.524999618530273,682.0
2024-07-03 11:44:00,HRTX,2.720099925994873,2.720099925994873,2.7249999046325684,2.7200000286102295,2.7200000286102295,1679.0
2024-07-03 11:44:00,HSDT,0.949999988079071,0.949999988079071,0.953000009059906,0.949999988079071,0.953000009059906,0.0
2024-07-03 11:44:00,HSIC,65.0,65.0,65.0,64.98999786376953,64.98999786376953,5490.0
2024-07-03 11:44:00,HUMA,5.695000171661377,5.695000171661377,5.699999809265137,5.690000057220459,5.695000171661377,2778.0
2024-07-03 11:44:00,HYPR,0.9810000061988831,0.9810000061988831,0.9810000061988831,0.9800000190734863,0.9800000190734863,776.0
2024-07-03 11:44:00,IBRX,6.255000114440918,6.255000114440918,6.264999866485596,6.255000114440918,6.260000228881836,4143.0
2024-07-03 11:44:00,ICUI,117.30000305175781,117.30000305175781,117.30000305175781,117.30000305175781,117.30000305175781,245.0
2024-07-03 11:44:00,IDXX,475.864990234375,475.864990234375,475.864990234375,475.864990234375,475.864990234375,145.0
2024-07-03 11:44:00,IDYA,33.279998779296875,33.279998779296875,33.279998779296875,33.279998779296875,33.279998779296875,350.0
2024-07-03 11:44:00,IFRX,1.6299999952316284,1.6299999952316284,1.6367000341415405,1.6299999952316284,1.6367000341415405,1166.0
2024-07-03 11:44:00,IGMS,6.474999904632568,6.474999904632568,6.474999904632568,6.474999904632568,6.474999904632568,104.0
2024-07-03 11:44:00,ILMN,105.43000030517578,105.43000030517578,105.43000030517578,105.36000061035156,105.36000061035156,2143.0
2024-07-03 11:44:00,IMCR,36.0,36.0,36.0,36.0,36.0,200.0
2024-07-03 11:44:00,IMMX,2.3791000843048096,2.3791000843048096,2.3801000118255615,2.3791000843048096,2.380000114440918,1409.0
2024-07-03 11:44:00,IMNM,11.954999923706055,11.954999923706055,11.954999923706055,11.954999923706055,11.954999923706055,312.0
2024-07-03 11:44:00,IMTX,11.800000190734863,11.800000190734863,11.800000190734863,11.800000190734863,11.800000190734863,842.0
2024-07-03 11:44:00,IMVT,26.174999237060547,26.174999237060547,26.225000381469727,26.174999237060547,26.225000381469727,1302.0
2024-07-03 11:44:00,INCY,58.04999923706055,58.04999923706055,58.060001373291016,58.040000915527344,58.04999923706055,2505.0
2024-07-03 11:44:00,INGN,7.980000019073486,7.980000019073486,7.980000019073486,7.96999979019165,7.96999979019165,2274.0
2024-07-03 11:44:00,INKT,0.9200000166893005,0.9200000166893005,0.9200000166893005,0.9200000166893005,0.9200000166893005,240.0
2024-07-03 11:44:00,INMD,17.559999465942383,17.559999465942383,17.559999465942383,17.559999465942383,17.559999465942383,806.0
2024-07-03 11:44:00,INSM,61.72999954223633,61.72999954223633,61.810001373291016,61.72999954223633,61.72999954223633,2569.0
2024-07-03 11:44:00,IONM,0.3197999894618988,0.3197999894618988,0.3197999894618988,0.31349998712539673,0.31349998712539673,5466.0
2024-07-03 11:44:00,IONS,44.7400016784668,44.7400016784668,44.7400016784668,44.7400016784668,44.7400016784668,532.0
2024-07-03 11:44:00,IOVA,7.511099815368652,7.511099815368652,7.529099941253662,7.511099815368652,7.513299942016602,18800.0
2024-07-03 11:44:00,IRWD,6.125,6.125,6.125,6.125,6.125,1466.0
2024-07-03 11:44:00,ITCI,68.31500244140625,68.31500244140625,68.37000274658203,68.30999755859375,68.30999755859375,1491.0
2024-07-03 11:44:00,ITOS,14.744999885559082,14.744999885559082,14.78499984741211,14.744999885559082,14.78499984741211,1743.0
2024-07-03 11:44:00,JANX,37.900001525878906,37.900001525878906,37.900001525878906,37.900001525878906,37.900001525878906,362.0
2024-07-03 11:44:00,KALV,11.710000038146973,11.710000038146973,11.710000038146973,11.710000038146973,11.710000038146973,335.0
2024-07-03 11:44:00,KMDA,5.190000057220459,5.190000057220459,5.190000057220459,5.170000076293945,5.170000076293945,5283.0
2024-07-03 11:44:00,KOD,2.2149999141693115,2.2149999141693115,2.2149999141693115,2.2100000381469727,2.2100000381469727,543.0
2024-07-03 11:44:00,KPTI,0.8353000283241272,0.8353000283241272,0.8353000283241272,0.8353000283241272,0.8353000283241272,300.0
2024-07-03 11:44:00,KRMD,2.4200000762939453,2.4200000762939453,2.4200000762939453,2.4200000762939453,2.4200000762939453,269.0
2024-07-03 11:44:00,KTRA,0.288100004196167,0.288100004196167,0.2883000075817108,0.28619998693466187,0.2870999872684479,41028.0
2024-07-03 11:44:00,LAB,1.7999999523162842,1.7999999523162842,1.7999999523162842,1.7949999570846558,1.7949999570846558,1288.0
2024-07-03 11:44:00,LBPH,32.05950164794922,32.05950164794922,32.05950164794922,32.05950164794922,32.05950164794922,840.0
2024-07-03 11:44:00,LEGN,46.17499923706055,46.17499923706055,46.17499923706055,46.17499923706055,46.17499923706055,211.0
2024-07-03 11:44:00,LFMD,6.690000057220459,6.690000057220459,6.690000057220459,6.679999828338623,6.679999828338623,996.0
2024-07-03 11:44:00,LFST,5.099999904632568,5.099999904632568,5.099999904632568,5.099999904632568,5.099999904632568,4291.0
2024-07-03 11:44:00,LGVN,1.5950000286102295,1.5950000286102295,1.5950000286102295,1.5950000286102295,1.5950000286102295,1238.0
2024-07-03 11:44:00,LNTH,79.31999969482422,79.31999969482422,79.3550033569336,79.31999969482422,79.31999969482422,852.0
2024-07-03 11:44:00,LOGC,5.763700008392334,5.763700008392334,5.763700008392334,5.760000228881836,5.760000228881836,1687.0
2024-07-03 11:44:00,LQDA,11.850000381469727,11.850000381469727,11.850000381469727,11.850000381469727,11.850000381469727,492.0
2024-07-03 11:44:00,LRMR,7.690000057220459,7.690000057220459,7.690000057220459,7.679999828338623,7.679999828338623,208.0
2024-07-03 11:44:00,LUCY,0.46720001101493835,0.46720001101493835,0.4672999978065491,0.46720001101493835,0.4672999978065491,525.0
2024-07-03 11:44:00,LXRX,1.5950000286102295,1.5950000286102295,1.600000023841858,1.5950000286102295,1.5950000286102295,1651.0
2024-07-03 11:44:00,LYEL,1.5,1.5,1.5049999952316284,1.5,1.5049999952316284,1491.0
2024-07-03 11:44:00,LYRA,0.28690001368522644,0.28690001368522644,0.28690001368522644,0.28630000352859497,0.28630000352859497,713.0
2024-07-03 11:44:00,MASI,114.58499908447266,114.58499908447266,114.80000305175781,114.58499908447266,114.80000305175781,2996.0
2024-07-03 11:44:00,MDWD,14.800000190734863,14.800000190734863,14.800000190734863,14.75,14.75,1686.0
2024-07-03 11:44:00,ME,0.4066999852657318,0.4066999852657318,0.40790000557899475,0.4043999910354614,0.4043999910354614,7192.0
2024-07-03 11:44:00,MEDS,17.599899291992188,17.599899291992188,17.599899291992188,17.599899291992188,17.599899291992188,902.0
2024-07-03 11:44:00,MGNX,4.195000171661377,4.195000171661377,4.210000038146973,4.195000171661377,4.210000038146973,1333.0
2024-07-03 11:44:00,MGTX,3.997999906539917,3.997999906539917,3.997999906539917,3.990000009536743,3.990000009536743,632.0
2024-07-03 11:44:00,MIRM,33.68000030517578,33.68000030517578,33.68000030517578,33.68000030517578,33.68000030517578,574.0
2024-07-03 11:44:00,MMSI,85.87000274658203,85.87000274658203,85.87000274658203,85.87000274658203,85.87000274658203,247.0
2024-07-03 11:44:00,MNKD,5.014999866485596,5.014999866485596,5.019999980926514,5.014999866485596,5.014999866485596,7364.0
2024-07-03 11:44:00,MNMD,7.099999904632568,7.099999904632568,7.099999904632568,7.099999904632568,7.099999904632568,1086.0
2024-07-03 11:44:00,MORF,31.799999237060547,31.799999237060547,31.799999237060547,31.780000686645508,31.780000686645508,942.0
2024-07-03 11:44:00,MRNA,115.72000122070312,115.72000122070312,115.7699966430664,115.69000244140625,115.70999908447266,4869.0
2024-07-03 11:44:00,MRSN,1.850000023841858,1.850000023841858,1.8550000190734863,1.850000023841858,1.850000023841858,653.0
2024-07-03 11:44:00,MRUS,52.1875,52.1875,52.20000076293945,52.15999984741211,52.20000076293945,4598.0
2024-07-03 11:44:00,MRVI,6.90500020980835,6.90500020980835,6.90500020980835,6.900000095367432,6.90500020980835,5126.0
2024-07-03 11:44:00,MYGN,25.059999465942383,25.059999465942383,25.100000381469727,25.049999237060547,25.100000381469727,1944.0
2024-07-03 11:44:00,NARI,49.29290008544922,49.29290008544922,49.29290008544922,49.29290008544922,49.29290008544922,992.0
2024-07-03 11:44:00,NBIX,138.4199981689453,138.4199981689453,138.55999755859375,138.4199981689453,138.50999450683594,1576.0
2024-07-03 11:44:00,NDRA,0.09510000050067902,0.09510000050067902,0.09690000116825104,0.09510000050067902,0.09690000116825104,23523.0
2024-07-03 11:44:00,NEOG,15.18019962310791,15.18019962310791,15.199999809265137,15.18019962310791,15.199999809265137,5689.0
2024-07-03 11:44:00,NKTR,1.2350000143051147,1.2350000143051147,1.2350000143051147,1.2350000143051147,1.2350000143051147,280.0
2024-07-03 11:44:00,NKTX,5.329999923706055,5.329999923706055,5.329999923706055,5.329999923706055,5.329999923706055,348.0
2024-07-03 11:44:00,NLSP,0.20000000298023224,0.20000000298023224,0.2029999941587448,0.20000000298023224,0.2029999941587448,2820.0
2024-07-03 11:44:00,NNOX,6.96999979019165,6.96999979019165,6.96999979019165,6.96999979019165,6.96999979019165,319.0
2024-07-03 11:44:00,NOTV,1.6549999713897705,1.6549999713897705,1.6549999713897705,1.6549999713897705,1.6549999713897705,567.0
2024-07-03 11:44:00,NRIX,19.510900497436523,19.510900497436523,19.540000915527344,19.510900497436523,19.540000915527344,418.0
2024-07-03 11:44:00,NTLA,22.6299991607666,22.6299991607666,22.6299991607666,22.6200008392334,22.6299991607666,1357.0
2024-07-03 11:44:00,NTRA,111.43000030517578,111.43000030517578,111.43000030517578,111.33000183105469,111.33999633789062,1641.0
2024-07-03 11:44:00,NUTX,5.320000171661377,5.320000171661377,5.320000171661377,5.239999771118164,5.239999771118164,790.0
2024-07-03 11:44:00,NUVL,71.81999969482422,71.81999969482422,72.0199966430664,71.81999969482422,71.98999786376953,2764.0
2024-07-03 11:44:00,NVAX,12.595000267028809,12.595000267028809,12.614999771118164,12.595000267028809,12.609999656677246,4912.0
2024-07-03 11:44:00,NVCT,6.199999809265137,6.199999809265137,6.210000038146973,6.199999809265137,6.199999809265137,187.0
2024-07-03 11:44:00,NXL,1.3849999904632568,1.3849999904632568,1.3849999904632568,1.3849999904632568,1.3849999904632568,220.0
2024-07-03 11:44:00,OCGN,1.5950000286102295,1.5950000286102295,1.5950000286102295,1.5950000286102295,1.5950000286102295,3152.0
2024-07-03 11:44:00,OCUL,6.650000095367432,6.650000095367432,6.650000095367432,6.650000095367432,6.650000095367432,673.0
2024-07-03 11:44:00,OGI,1.570099949836731,1.570099949836731,1.570099949836731,1.570099949836731,1.570099949836731,12400.0
2024-07-03 11:44:00,OLMA,10.510000228881836,10.510000228881836,10.5600004196167,10.510000228881836,10.5600004196167,1942.0
2024-07-03 11:44:00,OM,3.869999885559082,3.869999885559082,3.869999885559082,3.869999885559082,3.869999885559082,416.0
2024-07-03 11:44:00,OMCL,26.579999923706055,26.579999923706055,26.579999923706055,26.56999969482422,26.56999969482422,531.0
2024-07-03 11:44:00,OMER,3.8499999046325684,3.8499999046325684,3.8499999046325684,3.8499999046325684,3.8499999046325684,107.0
2024-07-03 11:44:00,OMGA,1.965000033378601,1.965000033378601,1.9700000286102295,1.965000033378601,1.9700000286102295,271.0
2024-07-03 11:44:00,OMIC,8.609999656677246,8.609999656677246,8.609999656677246,8.609999656677246,8.609999656677246,108.0
2024-07-03 11:45:00,ABCL,2.7200000286102295,2.7200000286102295,2.7200000286102295,2.7149999141693115,2.7149999141693115,8201.0
2024-07-03 11:45:00,ABEO,4.269999980926514,4.269999980926514,4.269999980926514,4.269999980926514,4.269999980926514,1236.0
2024-07-03 11:45:00,ABSI,3.1700000762939453,3.1700000762939453,3.174999952316284,3.1700000762939453,3.170099973678589,2388.0
2024-07-03 11:45:00,ABUS,3.134999990463257,3.134999990463257,3.134999990463257,3.130000114440918,3.130000114440918,1012.0
2024-07-03 11:45:00,ACAD,15.569999694824219,15.569999694824219,15.579999923706055,15.569999694824219,15.579999923706055,1087.0
2024-07-03 11:45:00,ACB,4.875,4.875,4.875,4.869999885559082,4.869999885559082,878.0
2024-07-03 11:45:00,ACCD,3.5199999809265137,3.5199999809265137,3.555000066757202,3.5199999809265137,3.555000066757202,24543.0
2024-07-03 11:45:00,ACET,1.065000057220459,1.065000057220459,1.065000057220459,1.059999942779541,1.059999942779541,522.0
2024-07-03 11:45:00,ACHC,66.58000183105469,66.58000183105469,66.58000183105469,66.58000183105469,66.58000183105469,269.0
2024-07-03 11:45:00,ACHV,4.5,4.5,4.5,4.5,4.5,884.0
2024-07-03 11:45:00,ACIU,3.799999952316284,3.799999952316284,3.799999952316284,3.799999952316284,3.799999952316284,282.0
2024-07-03 11:45:00,ACRS,1.149999976158142,1.149999976158142,1.149999976158142,1.149999976158142,1.149999976158142,3257.0
2024-07-03 11:45:00,ADAP,1.0098999738693237,1.0098999738693237,1.0098999738693237,1.0049999952316284,1.0049999952316284,2901.0
2024-07-03 11:45:00,ADMA,11.225000381469727,11.225000381469727,11.234999656677246,11.220000267028809,11.234100341796875,3319.0
2024-07-03 11:45:00,ADPT,3.3550000190734863,3.3550000190734863,3.3550000190734863,3.3550000190734863,3.3550000190734863,686.0
2024-07-03 11:45:00,ADUS,117.1050033569336,117.1050033569336,117.1050033569336,117.1050033569336,117.1050033569336,216.0
2024-07-03 11:45:00,ADVM,7.0,7.0,7.0,7.0,7.0,342.0
2024-07-03 11:45:00,AGIO,41.61000061035156,41.61000061035156,41.61000061035156,41.61000061035156,41.61000061035156,399.0
2024-07-03 11:45:00,AHCO,9.710000038146973,9.710000038146973,9.710000038146973,9.710000038146973,9.710000038146973,523.0
2024-07-03 11:45:00,AKBA,0.948199987411499,0.948199987411499,0.948199987411499,0.9466999769210815,0.9480000138282776,2765.0
2024-07-03 11:45:00,AKRO,21.780000686645508,21.780000686645508,21.780000686645508,21.780000686645508,21.780000686645508,212.0
2024-07-03 11:45:00,AKYA,2.0999999046325684,2.0999999046325684,2.0999999046325684,2.0999999046325684,2.0999999046325684,637.0
2024-07-03 11:45:00,ALDX,3.1700000762939453,3.1700000762939453,3.174999952316284,3.1700000762939453,3.174999952316284,637.0
2024-07-03 11:45:00,ALEC,4.394999980926514,4.394999980926514,4.394999980926514,4.394999980926514,4.394999980926514,418.0
2024-07-03 11:45:00,ALGN,241.11000061035156,241.11000061035156,241.11000061035156,241.11000061035156,241.11000061035156,353.0
2024-07-03 11:45:00,ALIM,5.525000095367432,5.525000095367432,5.525000095367432,5.525000095367432,5.525000095367432,0.0
2024-07-03 11:45:00,ALKS,24.229999542236328,24.229999542236328,24.239999771118164,24.229999542236328,24.239999771118164,301.0
2024-07-03 11:45:00,ALLK,0.8256999850273132,0.8256999850273132,0.8256999850273132,0.8256999850273132,0.8256999850273132,386.0
2024-07-03 11:45:00,ALLO,2.109999895095825,2.109999895095825,2.115000009536743,2.109999895095825,2.109999895095825,2194.0
2024-07-03 11:45:00,ALLR,0.2020999938249588,0.2020999938249588,0.2029999941587448,0.20149999856948853,0.2029999941587448,11209.0
2024-07-03 11:45:00,ALNY,246.8000030517578,246.8000030517578,246.8000030517578,246.58999633789062,246.58999633789062,273.0
2024-07-03 11:45:00,ALT,6.630000114440918,6.630000114440918,6.650000095367432,6.630000114440918,6.650000095367432,8607.0
2024-07-03 11:45:00,ALXO,5.71999979019165,5.71999979019165,5.71999979019165,5.710000038146973,5.71999979019165,555.0
2024-07-03 11:45:00,AMED,96.9800033569336,96.9800033569336,97.0,96.87000274658203,96.87000274658203,1731.0
2024-07-03 11:45:00,AMGN,306.94000244140625,306.94000244140625,307.2149963378906,306.94000244140625,307.2149963378906,3671.0
2024-07-03 11:45:00,AMLX,1.7549999952316284,1.7549999952316284,1.7549999952316284,1.7549999952316284,1.7549999952316284,305.0
2024-07-03 11:45:00,ANGO,5.650000095367432,5.650000095367432,5.650000095367432,5.625,5.630000114440918,12107.0
2024-07-03 11:45:00,ANNX,4.784999847412109,4.784999847412109,4.786200046539307,4.784999847412109,4.784999847412109,3752.0
2024-07-03 11:45:00,ANTX,2.490000009536743,2.490000009536743,2.5,2.490000009536743,2.5,1566.0
2024-07-03 11:45:00,APDN,0.39910000562667847,0.39910000562667847,0.39910000562667847,0.39910000562667847,0.39910000562667847,607.0
2024-07-03 11:45:00,APLS,35.400001525878906,35.400001525878906,35.45000076293945,35.400001525878906,35.45000076293945,1277.0
2024-07-03 11:45:00,APLT,4.340000152587891,4.340000152587891,4.360000133514404,4.340000152587891,4.360000133514404,827.0
2024-07-03 11:45:00,ARCT,21.375,21.375,21.375,21.375,21.375,930.0
2024-07-03 11:45:00,ARDX,5.195000171661377,5.195000171661377,5.199900150299072,5.184999942779541,5.184999942779541,52443.0
2024-07-03 11:45:00,ARQT,9.630000114440918,9.630000114440918,9.645000457763672,9.619999885559082,9.645000457763672,2938.0
2024-07-03 11:45:00,ARWR,25.260000228881836,25.260000228881836,25.31999969482422,25.239999771118164,25.31999969482422,4260.0
2024-07-03 11:45:00,ASND,134.60000610351562,134.60000610351562,134.60000610351562,134.60000610351562,134.60000610351562,504.0
2024-07-03 11:45:00,ASRT,1.3250000476837158,1.3250000476837158,1.340000033378601,1.3250000476837158,1.340000033378601,12350.0
2024-07-03 11:45:00,ATAI,1.2999999523162842,1.2999999523162842,1.2999999523162842,1.2899999618530273,1.2899999618530273,629.0
2024-07-03 11:45:00,ATNF,1.5299999713897705,1.5299999713897705,1.5399999618530273,1.5299999713897705,1.5399999618530273,1971.0
2024-07-03 11:45:00,ATOS,1.159999966621399,1.159999966621399,1.159999966621399,1.1500999927520752,1.1500999927520752,1809.0
2024-07-03 11:45:00,ATRC,22.3799991607666,22.3799991607666,22.3799991607666,22.3799991607666,22.3799991607666,210.0
2024-07-03 11:45:00,ATRI,452.8500061035156,452.8500061035156,452.8500061035156,452.8500061035156,452.8500061035156,381.0
2024-07-03 11:45:00,ATXS,8.990500450134277,8.990500450134277,9.0,8.989999771118164,8.989999771118164,1883.0
2024-07-03 11:45:00,AUPH,5.462500095367432,5.462500095367432,5.465000152587891,5.460000038146973,5.465000152587891,909.0
2024-07-03 11:45:00,AURA,6.989999771118164,6.989999771118164,6.989999771118164,6.989999771118164,6.989999771118164,216.0
2024-07-03 11:45:00,AUTL,3.4649999141693115,3.4649999141693115,3.4700000286102295,3.4600000381469727,3.4700000286102295,1565.0
2024-07-03 11:45:00,AVTE,1.625,1.625,1.625,1.625,1.625,103.0
2024-07-03 11:45:00,AVXL,4.175000190734863,4.175000190734863,4.175000190734863,4.159999847412109,4.159999847412109,5428.0
2024-07-03 11:45:00,AZN,76.66500091552734,76.66500091552734,76.66999816894531,76.65499877929688,76.66000366210938,7402.0
2024-07-03 11:45:00,AZTA,52.59000015258789,52.59000015258789,52.630001068115234,52.59000015258789,52.59000015258789,4327.0
2024-07-03 11:45:00,BACK,1.6782000064849854,1.6782000064849854,1.698199987411499,1.6782000064849854,1.698199987411499,8.0
2024-07-03 11:45:00,BBIO,25.299999237060547,25.299999237060547,25.375,25.299999237060547,25.375,3049.0
2024-07-03 11:45:00,BBLG,1.2000000476837158,1.2000000476837158,1.2400000095367432,1.2000000476837158,1.2300000190734863,768.0
2024-07-03 11:45:00,BCAB,1.3746000528335571,1.3746000528335571,1.3746000528335571,1.3700000047683716,1.3700000047683716,916.0
2024-07-03 11:45:00,BCRX,6.440000057220459,6.440000057220459,6.449999809265137,6.440000057220459,6.449999809265137,8637.0
2024-07-03 11:45:00,BCTX,1.0199999809265137,1.0199999809265137,1.0199999809265137,1.0199999809265137,1.0199999809265137,1001.0
2024-07-03 11:45:00,BCYC,19.68000030517578,19.68000030517578,19.68000030517578,19.68000030517578,19.68000030517578,527.0
2024-07-03 11:45:00,BEAM,23.559999465942383,23.559999465942383,23.56999969482422,23.540000915527344,23.559999465942383,3531.0
2024-07-03 11:45:00,BIIB,223.9550018310547,223.9550018310547,224.10000610351562,223.9250030517578,223.9250030517578,806.0
2024-07-03 11:45:00,BJDX,0.6349999904632568,0.6349999904632568,0.6349999904632568,0.6349999904632568,0.6349999904632568,4516.0
2024-07-03 11:45:00,BLFS,19.770000457763672,19.770000457763672,19.770000457763672,19.770000457763672,19.770000457763672,181.0
2024-07-03 11:45:00,BLUE,0.9229999780654907,0.9229999780654907,0.9253000020980835,0.9229999780654907,0.9253000020980835,37079.0
2024-07-03 11:45:00,BMEA,4.349999904632568,4.349999904632568,4.360000133514404,4.349999904632568,4.360000133514404,3297.0
2024-07-03 11:45:00,BMRA,0.45010000467300415,0.45010000467300415,0.45489999651908875,0.45010000467300415,0.45489999651908875,300.0
2024-07-03 11:45:00,BMRN,80.93499755859375,80.93499755859375,80.96499633789062,80.9000015258789,80.96499633789062,3260.0
2024-07-03 11:45:00,BNGO,0.5561000108718872,0.5561000108718872,0.5561000108718872,0.5561000108718872,0.5561000108718872,806.0
2024-07-03 11:45:00,BNTX,79.8499984741211,79.8499984741211,79.94999694824219,79.81999969482422,79.83000183105469,4136.0
2024-07-03 11:45:00,BPMC,110.79940032958984,110.79940032958984,110.80000305175781,110.69999694824219,110.73999786376953,1988.0
2024-07-03 11:45:00,BRKR,61.45500183105469,61.45500183105469,61.45500183105469,61.40999984741211,61.40999984741211,836.0
2024-07-03 11:45:00,BRTX,1.9199999570846558,1.9199999570846558,1.9299999475479126,1.9199999570846558,1.9299999475479126,3602.0
2024-07-03 11:45:00,BVS,5.980000019073486,5.980000019073486,5.980000019073486,5.96999979019165,5.980000019073486,6615.0
2024-07-03 11:45:00,CABA,7.5,7.5,7.570000171661377,7.5,7.570000171661377,4439.0
2024-07-03 11:45:00,CADL,6.309999942779541,6.309999942779541,6.309999942779541,6.309999942779541,6.309999942779541,313.0
2024-07-03 11:45:00,CARA,0.2897000014781952,0.2897000014781952,0.2897000014781952,0.2897000014781952,0.2897000014781952,155.0
2024-07-03 11:45:00,CCCC,4.539999961853027,4.539999961853027,4.550000190734863,4.53000020980835,4.550000190734863,2252.0
2024-07-03 11:45:00,CCRN,13.784199714660645,13.784199714660645,13.784199714660645,13.784199714660645,13.784199714660645,276.0
2024-07-03 11:45:00,CDMO,7.699999809265137,7.699999809265137,7.710000038146973,7.699999809265137,7.707900047302246,1936.0
2024-07-03 11:45:00,CDNA,15.079999923706055,15.079999923706055,15.079999923706055,15.079999923706055,15.079999923706055,253.0
2024-07-03 11:45:00,CDXS,2.880000114440918,2.880000114440918,2.880000114440918,2.880000114440918,2.880000114440918,410.0
2024-07-03 11:45:00,CELC,16.220600128173828,16.220600128173828,16.220600128173828,16.220600128173828,16.220600128173828,127.0
2024-07-03 11:45:00,CERE,39.810001373291016,39.810001373291016,39.810001373291016,39.58000183105469,39.58000183105469,109029.0
2024-07-03 11:45:00,CERS,1.715000033378601,1.715000033378601,1.715000033378601,1.7100000381469727,1.7100000381469727,926.0
2024-07-03 11:45:00,CGC,6.525000095367432,6.525000095367432,6.539999961853027,6.514999866485596,6.514999866485596,5972.0
2024-07-03 11:45:00,CGEM,16.639999389648438,16.639999389648438,16.665000915527344,16.639999389648438,16.665000915527344,237.0
2024-07-03 11:45:00,CGEN,1.6349999904632568,1.6349999904632568,1.6349999904632568,1.6349999904632568,1.6349999904632568,4268.0
2024-07-03 11:45:00,CHRS,1.3901000022888184,1.3901000022888184,1.3901000022888184,1.3901000022888184,1.3901000022888184,303.0
2024-07-03 11:45:00,CING,0.3337000012397766,0.3337000012397766,0.3337000012397766,0.3337000012397766,0.3337000012397766,482.0
2024-07-03 11:45:00,CLDX,35.970001220703125,35.970001220703125,36.03030014038086,35.970001220703125,36.03030014038086,634.0
2024-07-03 11:45:00,CLOV,1.2496000528335571,1.2496000528335571,1.2496000528335571,1.2450000047683716,1.2450000047683716,764.0
2024-07-03 11:45:00,CLRB,2.430000066757202,2.430000066757202,2.440000057220459,2.430000066757202,2.440000057220459,1128.0
2024-07-03 11:45:00,CMPS,6.276100158691406,6.276100158691406,6.276100158691406,6.276100158691406,6.276100158691406,371.0
2024-07-03 11:45:00,CMPX,0.8399999737739563,0.8399999737739563,0.8399999737739563,0.8399999737739563,0.8399999737739563,2737.0
2024-07-03 11:45:00,CMRX,0.863099992275238,0.863099992275238,0.863099992275238,0.863099992275238,0.863099992275238,246.0
2024-07-03 11:45:00,CNSP,1.570099949836731,1.570099949836731,1.590000033378601,1.5499999523162842,1.5850000381469727,59775.0
2024-07-03 11:45:00,COGT,8.470000267028809,8.470000267028809,8.470000267028809,8.4399995803833,8.4399995803833,3653.0
2024-07-03 11:45:00,COLL,32.21500015258789,32.21500015258789,32.2599983215332,32.21500015258789,32.2599983215332,1474.0
2024-07-03 11:45:00,CORT,30.225000381469727,30.225000381469727,30.225000381469727,30.190000534057617,30.190000534057617,700.0
2024-07-03 11:45:00,COSM,0.9300000071525574,0.9300000071525574,0.9348999857902527,0.9300000071525574,0.9325000047683716,2871.0
2024-07-03 11:45:00,CPRX,15.420000076293945,15.420000076293945,15.420000076293945,15.420000076293945,15.420000076293945,340.0
2024-07-03 11:45:00,CRBU,1.5700000524520874,1.5700000524520874,1.5705000162124634,1.5700000524520874,1.5700000524520874,858.0
2024-07-03 11:45:00,CRDF,2.200000047683716,2.200000047683716,2.2049999237060547,2.200000047683716,2.2049999237060547,847.0
2024-07-03 11:45:00,CRDL,1.909999966621399,1.909999966621399,1.909999966621399,1.909999966621399,1.909999966621399,1480.0
2024-07-03 11:45:00,CRMD,4.130000114440918,4.130000114440918,4.135000228881836,4.130000114440918,4.135000228881836,682.0
2024-07-03 11:45:00,CRNX,44.650001525878906,44.650001525878906,44.709999084472656,44.650001525878906,44.709999084472656,1101.0
2024-07-03 11:45:00,CRON,2.304500102996826,2.304500102996826,2.305000066757202,2.304500102996826,2.305000066757202,2982.0
2024-07-03 11:45:00,CRSP,53.86000061035156,53.86000061035156,53.88999938964844,53.689998626708984,53.689998626708984,6020.0
2024-07-03 11:45:00,CTMX,1.315000057220459,1.315000057220459,1.3200000524520874,1.309999942779541,1.309999942779541,3519.0
2024-07-03 11:45:00,CTXR,0.5015000104904175,0.5015000104904175,0.5015000104904175,0.5008999705314636,0.5008999705314636,18909.0
2024-07-03 11:45:00,CUE,1.000100016593933,1.000100016593933,1.0063999891281128,1.000100016593933,1.0063999891281128,383.0
2024-07-03 11:45:00,CVAC,3.309999942779541,3.309999942779541,3.309999942779541,3.299999952316284,3.305000066757202,5169.0
2024-07-03 11:45:00,DAWN,13.300000190734863,13.300000190734863,13.3100004196167,13.300000190734863,13.3100004196167,2104.0
2024-07-03 11:45:00,DCTH,7.831999778747559,7.831999778747559,7.860000133514404,7.831999778747559,7.860000133514404,609.0
2024-07-03 11:45:00,DNLI,21.3799991607666,21.3799991607666,21.389999389648438,21.3799991607666,21.389999389648438,1283.0
2024-07-03 11:45:00,DRRX,1.309999942779541,1.309999942779541,1.309999942779541,1.309999942779541,1.309999942779541,238.0
2024-07-03 11:45:00,DVAX,11.055000305175781,11.055000305175781,11.0600004196167,11.055000305175781,11.0600004196167,467.0
2024-07-03 11:45:00,DXCM,110.50499725341797,110.50499725341797,110.51000213623047,110.50499725341797,110.51000213623047,763.0
2024-07-03 11:45:00,DYN,34.087501525878906,34.087501525878906,34.150001525878906,34.08000183105469,34.150001525878906,1416.0
2024-07-03 11:45:00,EDIT,4.650000095367432,4.650000095367432,4.650000095367432,4.650000095367432,4.650000095367432,719.0
2024-07-03 11:45:00,EGRX,5.300000190734863,5.300000190734863,5.320000171661377,5.300000190734863,5.320000171661377,1496.0
2024-07-03 11:45:00,ELEV,2.630000114440918,2.630000114440918,2.630000114440918,2.619999885559082,2.625,1507.0
2024-07-03 11:45:00,ENVB,0.5199999809265137,0.5199999809265137,0.5199999809265137,0.5097000002861023,0.5097000002861023,501.0
2024-07-03 11:45:00,EOLS,10.880000114440918,10.880000114440918,10.880000114440918,10.880000114440918,10.880000114440918,314.0
2024-07-03 11:45:00,ERAS,2.2200000286102295,2.2200000286102295,2.2249999046325684,2.2200000286102295,2.2249999046325684,614.0
2024-07-03 11:45:00,ESPR,2.3350000381469727,2.3350000381469727,2.3450000286102295,2.3299999237060547,2.3450000286102295,98212.0
2024-07-03 11:45:00,ESTA,43.41999816894531,43.41999816894531,43.41999816894531,43.41999816894531,43.41999816894531,571.0
2024-07-03 11:45:00,ETNB,7.46999979019165,7.46999979019165,7.46999979019165,7.46999979019165,7.46999979019165,537.0
2024-07-03 11:45:00,EWTX,18.09000015258789,18.09000015258789,18.099700927734375,18.079999923706055,18.079999923706055,871.0
2024-07-03 11:45:00,EXAI,5.423900127410889,5.423900127410889,5.423900127410889,5.423900127410889,5.423900127410889,0.0
2024-07-03 11:45:00,EXAS,43.130001068115234,43.130001068115234,43.150001525878906,43.099998474121094,43.150001525878906,3058.0
2024-07-03 11:45:00,EXEL,21.93000030517578,21.93000030517578,21.940000534057617,21.93000030517578,21.940000534057617,1066.0
2024-07-03 11:45:00,EYEN,0.7843000292778015,0.7843000292778015,0.7843000292778015,0.7843000292778015,0.7843000292778015,200.0
2024-07-03 11:45:00,EYPT,8.300000190734863,8.300000190734863,8.3100004196167,8.300000190734863,8.3100004196167,893.0
2024-07-03 11:45:00,FATE,3.1500000953674316,3.1500000953674316,3.1649999618530273,3.1500000953674316,3.1649999618530273,7432.0
2024-07-03 11:45:00,FDMT,20.889999389648438,20.889999389648438,20.889999389648438,20.8799991607666,20.8799991607666,464.0
2024-07-03 11:45:00,FGEN,0.7055000066757202,0.7055000066757202,0.708899974822998,0.7055000066757202,0.708899974822998,7628.0
2024-07-03 11:45:00,FHTX,5.539999961853027,5.539999961853027,5.550000190734863,5.5,5.5,2278.0
2024-07-03 11:45:00,FOLD,9.859999656677246,9.859999656677246,9.869999885559082,9.859999656677246,9.869999885559082,2175.0
2024-07-03 11:45:00,FULC,6.130000114440918,6.130000114440918,6.139999866485596,6.125,6.135000228881836,4465.0
2024-07-03 11:45:00,GANX,1.1399999856948853,1.1399999856948853,1.1399999856948853,1.1399999856948853,1.1399999856948853,1000.0
2024-07-03 11:45:00,GDRX,7.804999828338623,7.804999828338623,7.804999828338623,7.804999828338623,7.804999828338623,400.0
2024-07-03 11:45:00,GERN,4.320000171661377,4.320000171661377,4.324999809265137,4.315000057220459,4.324999809265137,33087.0
2024-07-03 11:45:00,GILD,66.96499633789062,66.96499633789062,67.05999755859375,66.94999694824219,67.04000091552734,28313.0
2024-07-03 11:45:00,GLPG,25.040000915527344,25.040000915527344,25.040000915527344,25.040000915527344,25.040000915527344,113.0
2024-07-03 11:45:00,GMAB,25.16080093383789,25.16080093383789,25.16080093383789,25.16080093383789,25.16080093383789,498.0
2024-07-03 11:45:00,GOSS,0.9588000178337097,0.9588000178337097,0.9588000178337097,0.9588000178337097,0.9588000178337097,335.0
2024-07-03 11:45:00,GOVX,2.940000057220459,2.940000057220459,2.940000057220459,2.940000057220459,2.940000057220459,253.0
2024-07-03 11:45:00,GRTS,0.586899995803833,0.586899995803833,0.5871000289916992,0.586899995803833,0.5871000289916992,2554.0
2024-07-03 11:45:00,GTHX,2.5,2.5,2.505000114440918,2.5,2.505000114440918,278.0
2024-07-03 11:45:00,HALO,51.95000076293945,51.95000076293945,51.98500061035156,51.95000076293945,51.98500061035156,3322.0
2024-07-03 11:45:00,HCAT,6.179999828338623,6.179999828338623,6.179999828338623,6.179999828338623,6.179999828338623,120.0
2024-07-03 11:45:00,HCSG,10.640000343322754,10.640000343322754,10.640000343322754,10.630000114440918,10.630000114440918,1335.0
2024-07-03 11:45:00,HOLX,73.20500183105469,73.20500183105469,73.20500183105469,73.20500183105469,73.20500183105469,1231.0
2024-07-03 11:45:00,HOOK,0.5860000252723694,0.5860000252723694,0.5860000252723694,0.5860000252723694,0.5860000252723694,1000.0
2024-07-03 11:45:00,HOWL,2.0450000762939453,2.0450000762939453,2.0450000762939453,2.0450000762939453,2.0450000762939453,607.0
2024-07-03 11:45:00,HQY,83.2750015258789,83.2750015258789,83.2750015258789,83.25,83.25,1494.0
2024-07-03 11:45:00,HRMY,30.25,30.25,30.25,30.25,30.25,107.0
2024-07-03 11:45:00,HROW,21.545000076293945,21.545000076293945,21.545000076293945,21.545000076293945,21.545000076293945,252.0
2024-07-03 11:45:00,HRTX,2.710099935531616,2.710099935531616,2.720099925994873,2.710099935531616,2.720099925994873,4253.0
2024-07-03 11:45:00,HSIC,65.0,65.0,65.01000213623047,64.97000122070312,65.0,7109.0
2024-07-03 11:45:00,HUMA,5.670000076293945,5.670000076293945,5.690000057220459,5.670000076293945,5.679999828338623,7275.0
2024-07-03 11:45:00,HYPR,0.9900000095367432,0.9900000095367432,0.9900000095367432,0.9900000095367432,0.9900000095367432,32607.0
2024-07-03 11:45:00,IART,28.510000228881836,28.510000228881836,28.530000686645508,28.510000228881836,28.530000686645508,1220.0
2024-07-03 11:45:00,IBRX,6.25,6.25,6.255000114440918,6.25,6.255000114440918,5754.0
2024-07-03 11:45:00,ICLR,317.7850036621094,317.7850036621094,317.7850036621094,317.7850036621094,317.7850036621094,129.0
2024-07-03 11:45:00,ICUI,117.31999969482422,117.31999969482422,117.31999969482422,117.31999969482422,117.31999969482422,753.0
2024-07-03 11:45:00,IDXX,476.1099853515625,476.1099853515625,476.1099853515625,475.5,475.5,2009.0
2024-07-03 11:45:00,IDYA,33.2599983215332,33.2599983215332,33.2599983215332,33.2599983215332,33.2599983215332,515.0
2024-07-03 11:45:00,IFRX,1.6299999952316284,1.6299999952316284,1.6497999429702759,1.6299999952316284,1.6497999429702759,4327.0
2024-07-03 11:45:00,IINN,1.399999976158142,1.399999976158142,1.399999976158142,1.399999976158142,1.399999976158142,1301.0
2024-07-03 11:45:00,ILMN,105.31999969482422,105.31999969482422,105.45999908447266,105.31999969482422,105.41999816894531,1813.0
2024-07-03 11:45:00,IMCR,36.0099983215332,36.0099983215332,36.01499938964844,35.959999084472656,35.9900016784668,2231.0
2024-07-03 11:45:00,IMMP,1.9700000286102295,1.9700000286102295,1.9700000286102295,1.9700000286102295,1.9700000286102295,141.0
2024-07-03 11:45:00,IMMX,2.3791000843048096,2.3791000843048096,2.3791000843048096,2.3791000843048096,2.3791000843048096,475.0
2024-07-03 11:45:00,IMNM,11.957500457763672,11.957500457763672,11.96500015258789,11.949999809265137,11.96500015258789,2312.0
2024-07-03 11:45:00,IMVT,26.100000381469727,26.100000381469727,26.1299991607666,26.100000381469727,26.1299991607666,1029.0
2024-07-03 11:45:00,INBX,13.220000267028809,13.220000267028809,13.220000267028809,13.210000038146973,13.220000267028809,1208.0
2024-07-03 11:45:00,INCY,58.060001373291016,58.060001373291016,58.06999969482422,58.0,58.02000045776367,7318.0
2024-07-03 11:45:00,INKT,0.9226999878883362,0.9226999878883362,0.9226999878883362,0.9226999878883362,0.9226999878883362,100.0
2024-07-03 11:45:00,INMD,17.559999465942383,17.559999465942383,17.565000534057617,17.559999465942383,17.565000534057617,493.0
2024-07-03 11:45:00,INO,8.390000343322754,8.390000343322754,8.390000343322754,8.380000114440918,8.380000114440918,1266.0
2024-07-03 11:45:00,INSM,61.915000915527344,61.915000915527344,61.915000915527344,61.810001373291016,61.810001373291016,3433.0
2024-07-03 11:45:00,INVA,16.270000457763672,16.270000457763672,16.270000457763672,16.270000457763672,16.270000457763672,709.0
2024-07-03 11:45:00,IONS,44.70000076293945,44.70000076293945,44.75,44.70000076293945,44.75,3230.0
2024-07-03 11:45:00,IOVA,7.514999866485596,7.514999866485596,7.519999980926514,7.510000228881836,7.514999866485596,7658.0
2024-07-03 11:45:00,IPSC,2.25,2.25,2.25,2.244999885559082,2.25,610.0
2024-07-03 11:45:00,IRWD,6.110000133514404,6.110000133514404,6.119999885559082,6.110000133514404,6.119999885559082,3102.0
2024-07-03 11:45:00,ISRG,433.3699951171875,433.3699951171875,433.5799865722656,433.1099853515625,433.5799865722656,5563.0
2024-07-03 11:45:00,ITCI,68.38999938964844,68.38999938964844,68.38999938964844,68.31500244140625,68.31500244140625,3655.0
2024-07-03 11:45:00,ITOS,14.729999542236328,14.729999542236328,14.729999542236328,14.729999542236328,14.729999542236328,284.0
2024-07-03 11:45:00,JAGX,3.4600000381469727,3.4600000381469727,3.4709999561309814,3.4600000381469727,3.4709999561309814,4437.0
2024-07-03 11:45:00,JANX,37.904998779296875,37.904998779296875,37.904998779296875,37.900001525878906,37.900001525878906,474.0
2024-07-03 11:45:00,JAZZ,103.81310272216797,103.81310272216797,103.83499908447266,103.72000122070312,103.79000091552734,4370.0
2024-07-03 11:45:00,KALV,11.65250015258789,11.65250015258789,11.680000305175781,11.640000343322754,11.680000305175781,2812.0
2024-07-03 11:45:00,KNSA,18.864999771118164,18.864999771118164,18.8700008392334,18.860000610351562,18.860000610351562,731.0
2024-07-03 11:45:00,KOD,2.2100000381469727,2.2100000381469727,2.2149999141693115,2.2100000381469727,2.2149999141693115,300.0
2024-07-03 11:45:00,KPTI,0.8313999772071838,0.8313999772071838,0.8313999772071838,0.8313999772071838,0.8313999772071838,300.0
2024-07-03 11:45:00,KROS,42.25,42.25,42.25,42.25,42.25,608.0
2024-07-03 11:45:00,KRYS,176.7949981689453,176.7949981689453,176.7949981689453,176.7949981689453,176.7949981689453,302.0
2024-07-03 11:45:00,KTRA,0.288100004196167,0.288100004196167,0.2883000075817108,0.288100004196167,0.2881999909877777,16670.0
2024-07-03 11:45:00,KURA,20.25,20.25,20.25,20.25,20.25,115.0
2024-07-03 11:45:00,KZR,0.5752999782562256,0.5752999782562256,0.5752999782562256,0.5752999782562256,0.5752999782562256,200.0
2024-07-03 11:45:00,LAB,1.7999999523162842,1.7999999523162842,1.7999999523162842,1.7949999570846558,1.7949999570846558,1469.0
2024-07-03 11:45:00,LBPH,31.889999389648438,31.889999389648438,32.060001373291016,31.889999389648438,31.889999389648438,771.0
2024-07-03 11:45:00,LEGN,46.22999954223633,46.22999954223633,46.22999954223633,46.099998474121094,46.17499923706055,847.0
2024-07-03 11:45:00,LFST,5.09499979019165,5.09499979019165,5.09499979019165,5.09499979019165,5.09499979019165,851.0
2024-07-03 11:45:00,LNTH,79.27999877929688,79.27999877929688,79.27999877929688,79.27999877929688,79.27999877929688,290.0
2024-07-03 11:45:00,LPTX,1.7899999618530273,1.7899999618530273,1.7899999618530273,1.7899999618530273,1.7899999618530273,164.0
2024-07-03 11:45:00,LQDA,11.829999923706055,11.829999923706055,11.829999923706055,11.829999923706055,11.829999923706055,186.0
2024-07-03 11:45:00,LRMR,7.670000076293945,7.670000076293945,7.670000076293945,7.670000076293945,7.670000076293945,521.0
2024-07-03 11:45:00,LUCD,0.7620000243186951,0.7620000243186951,0.7620000243186951,0.7620000243186951,0.7620000243186951,461.0
2024-07-03 11:45:00,LUCY,0.46709999442100525,0.46709999442100525,0.46720001101493835,0.46709999442100525,0.46720001101493835,3240.0
2024-07-03 11:45:00,LXRX,1.590000033378601,1.590000033378601,1.5950000286102295,1.590000033378601,1.5950000286102295,2329.0
2024-07-03 11:45:00,MASI,114.69999694824219,114.69999694824219,114.69999694824219,114.57499694824219,114.57499694824219,907.0
2024-07-03 11:45:00,MBIO,0.492000013589859,0.492000013589859,0.492000013589859,0.492000013589859,0.492000013589859,800.0
2024-07-03 11:45:00,MBOT,1.0499999523162842,1.0499999523162842,1.0499999523162842,1.0499999523162842,1.0499999523162842,1885.0
2024-07-03 11:45:00,MCRB,0.7160999774932861,0.7160999774932861,0.7160999774932861,0.7160999774932861,0.7160999774932861,340.0
2024-07-03 11:45:00,MDXG,6.739999771118164,6.739999771118164,6.739999771118164,6.739999771118164,6.739999771118164,107.0
2024-07-03 11:45:00,ME,0.40790000557899475,0.40790000557899475,0.40790000557899475,0.4072999954223633,0.4072999954223633,541.0
2024-07-03 11:45:00,MEDS,17.795000076293945,17.795000076293945,17.979900360107422,17.795000076293945,17.979900360107422,1262.0
2024-07-03 11:45:00,MGNX,4.195000171661377,4.195000171661377,4.195000171661377,4.190000057220459,4.190000057220459,420.0
2024-07-03 11:45:00,MGTX,3.950000047683716,3.950000047683716,3.990000009536743,3.950000047683716,3.9800000190734863,15588.0
2024-07-03 11:45:00,MIRM,33.72999954223633,33.72999954223633,33.72999954223633,33.650001525878906,33.66999816894531,4314.0
2024-07-03 11:45:00,MLTX,41.3849983215332,41.3849983215332,41.3849983215332,41.29999923706055,41.31999969482422,1094.0
2024-07-03 11:45:00,MNKD,5.010000228881836,5.010000228881836,5.025000095367432,5.010000228881836,5.024700164794922,7048.0
2024-07-03 11:45:00,MORF,31.762500762939453,31.762500762939453,31.764999389648438,31.719999313354492,31.764999389648438,1382.0
2024-07-03 11:45:00,MREO,3.5199999809265137,3.5199999809265137,3.5199999809265137,3.5199999809265137,3.5199999809265137,866.0
2024-07-03 11:45:00,MRNA,115.44999694824219,115.44999694824219,115.61000061035156,115.3499984741211,115.61000061035156,4680.0
2024-07-03 11:45:00,MRSN,1.8550000190734863,1.8550000190734863,1.8550000190734863,1.8550000190734863,1.8550000190734863,1228.0
2024-07-03 11:45:00,MRVI,6.945000171661377,6.945000171661377,6.945000171661377,6.909999847412109,6.909999847412109,2191.0
2024-07-03 11:45:00,MXCT,3.700000047683716,3.700000047683716,3.700000047683716,3.700000047683716,3.700000047683716,529.0
2024-07-03 11:45:00,MYGN,25.049999237060547,25.049999237060547,25.049999237060547,25.049999237060547,25.049999237060547,519.0
2024-07-03 11:45:00,NARI,49.349998474121094,49.349998474121094,49.349998474121094,49.244300842285156,49.244300842285156,784.0
2024-07-03 11:45:00,NBIX,138.43499755859375,138.43499755859375,138.43499755859375,138.30999755859375,138.30999755859375,303.0
2024-07-03 11:45:00,NDRA,0.0966000035405159,0.0966000035405159,0.0966000035405159,0.09589999914169312,0.09600000083446503,31830.0
2024-07-03 11:45:00,NEO,13.720199584960938,13.720199584960938,13.720199584960938,13.720199584960938,13.720199584960938,426.0
2024-07-03 11:45:00,NEOG,15.170000076293945,15.170000076293945,15.170000076293945,15.170000076293945,15.170000076293945,139.0
2024-07-03 11:45:00,NERV,3.140000104904175,3.140000104904175,3.140000104904175,3.140000104904175,3.140000104904175,1378.0
2024-07-03 11:45:00,NKTR,1.2350000143051147,1.2350000143051147,1.2350000143051147,1.2350000143051147,1.2350000143051147,2579.0
2024-07-03 11:45:00,NLSP,0.20000000298023224,0.20000000298023224,0.20000000298023224,0.20000000298023224,0.20000000298023224,8983.0
2024-07-03 11:45:00,NNOX,6.96999979019165,6.96999979019165,6.96999979019165,6.96999979019165,6.96999979019165,1756.0
2024-07-03 11:45:00,NRBO,4.580100059509277,4.580100059509277,4.580100059509277,4.580100059509277,4.580100059509277,454.0
2024-07-03 11:45:00,NRC,22.9148006439209,22.9148006439209,22.9148006439209,22.9148006439209,22.9148006439209,286.0
2024-07-03 11:45:00,NRIX,19.479999542236328,19.479999542236328,19.510000228881836,19.469999313354492,19.479999542236328,3065.0
2024-07-03 11:45:00,NRSN,1.2999999523162842,1.2999999523162842,1.2999999523162842,1.2999999523162842,1.2999999523162842,0.0
2024-07-03 11:45:00,NTLA,22.649999618530273,22.649999618530273,22.649999618530273,22.639999389648438,22.639999389648438,1153.0
2024-07-03 11:45:00,NTRA,111.13500213623047,111.13500213623047,111.37999725341797,111.13500213623047,111.37999725341797,3385.0
2024-07-03 11:45:00,NUTX,5.239999771118164,5.239999771118164,5.239999771118164,5.239999771118164,5.239999771118164,367.0
2024-07-03 11:45:00,NVAX,12.5600004196167,12.5600004196167,12.579999923706055,12.539999961853027,12.579999923706055,62202.0
2024-07-03 11:45:00,NVCR,16.679000854492188,16.679000854492188,16.679000854492188,16.679000854492188,16.679000854492188,403.0
2024-07-03 11:45:00,NVOS,0.7511000037193298,0.7511000037193298,0.7511000037193298,0.7511000037193298,0.7511000037193298,1250.0
2024-07-03 11:45:00,NXL,1.3839000463485718,1.3839000463485718,1.3839000463485718,1.3799999952316284,1.3799999952316284,1751.0
2024-07-03 11:45:00,OCGN,1.5950000286102295,1.5950000286102295,1.5999000072479248,1.5901000499725342,1.5950000286102295,910.0
2024-07-03 11:45:00,OCUL,6.639999866485596,6.639999866485596,6.650000095367432,6.639999866485596,6.650000095367432,1982.0
2024-07-03 11:45:00,OFIX,13.389399528503418,13.389399528503418,13.390000343322754,13.389399528503418,13.390000343322754,406.0
2024-07-03 11:45:00,OGI,1.5702999830245972,1.5702999830245972,1.5702999830245972,1.5702999830245972,1.5702999830245972,4860.0
2024-07-03 11:45:00,OLMA,10.529999732971191,10.529999732971191,10.529999732971191,10.489999771118164,10.489999771118164,4924.0
2024-07-03 11:45:00,OM,3.869999885559082,3.869999885559082,3.875,3.869999885559082,3.875,275.0
2024-07-03 11:45:00,OMCL,26.540000915527344,26.540000915527344,26.549999237060547,26.540000915527344,26.549999237060547,1163.0
2024-07-03 11:45:00,OMGA,1.9600000381469727,1.9600000381469727,1.9600000381469727,1.9600000381469727,1.9600000381469727,1794.0
2024-07-03 11:45:00,OMIC,8.5600004196167,8.5600004196167,8.5600004196167,8.5600004196167,8.5600004196167,123.0
2024-07-03 11:46:00,ABCL,2.7100000381469727,2.7100000381469727,2.7100000381469727,2.7100000381469727,2.7100000381469727,1050.0
2024-07-03 11:46:00,ABOS,2.259999990463257,2.259999990463257,2.259999990463257,2.259999990463257,2.259999990463257,220.0
2024-07-03 11:46:00,ABSI,3.174999952316284,3.174999952316284,3.174999952316284,3.1600000858306885,3.1600000858306885,571.0
2024-07-03 11:46:00,ABUS,3.134999990463257,3.134999990463257,3.134999990463257,3.130000114440918,3.130000114440918,1316.0
2024-07-03 11:46:00,ACAD,15.569999694824219,15.569999694824219,15.569999694824219,15.550000190734863,15.5600004196167,2021.0
2024-07-03 11:46:00,ACCD,3.5299999713897705,3.5299999713897705,3.5299999713897705,3.5250000953674316,3.5299999713897705,7576.0
2024-07-03 11:46:00,ACET,1.059999942779541,1.059999942779541,1.0699000358581543,1.059999942779541,1.059999942779541,8774.0
2024-07-03 11:46:00,ACRS,1.159999966621399,1.159999966621399,1.159999966621399,1.149999976158142,1.1549999713897705,30001.0
2024-07-03 11:46:00,ADIL,1.0449999570846558,1.0449999570846558,1.0449999570846558,1.0449999570846558,1.0449999570846558,200.0
2024-07-03 11:46:00,ADMA,11.1899995803833,11.1899995803833,11.220000267028809,11.1899995803833,11.220000267028809,19722.0
2024-07-03 11:46:00,ADPT,3.359999895095825,3.359999895095825,3.359999895095825,3.359999895095825,3.359999895095825,3185.0
2024-07-03 11:46:00,ADUS,117.12000274658203,117.12000274658203,117.12000274658203,117.12000274658203,117.12000274658203,2102.0
2024-07-03 11:46:00,AEMD,0.4050000011920929,0.4050000011920929,0.4050000011920929,0.4050000011920929,0.4050000011920929,0.0
2024-07-03 11:46:00,AGEN,14.359999656677246,14.359999656677246,14.359999656677246,14.359999656677246,14.359999656677246,235.0
2024-07-03 11:46:00,AGIO,41.59000015258789,41.59000015258789,41.650001525878906,41.59000015258789,41.650001525878906,1319.0
2024-07-03 11:46:00,AKAN,2.244999885559082,2.244999885559082,2.244999885559082,2.244999885559082,2.244999885559082,2640.0
2024-07-03 11:46:00,AKBA,0.948199987411499,0.948199987411499,0.948199987411499,0.9465000033378601,0.9465000033378601,1703.0
2024-07-03 11:46:00,AKRO,21.799999237060547,21.799999237060547,21.799999237060547,21.799999237060547,21.799999237060547,3694.0
2024-07-03 11:46:00,AKYA,2.109999895095825,2.109999895095825,2.119999885559082,2.109999895095825,2.109999895095825,2028.0
2024-07-03 11:46:00,ALEC,4.385000228881836,4.385000228881836,4.389999866485596,4.385000228881836,4.389999866485596,801.0
2024-07-03 11:46:00,ALGN,241.10499572753906,241.10499572753906,241.10499572753906,241.10499572753906,241.10499572753906,1208.0
2024-07-03 11:46:00,ALHC,7.980000019073486,7.980000019073486,7.980000019073486,7.980000019073486,7.980000019073486,872.0
2024-07-03 11:46:00,ALKS,24.229999542236328,24.229999542236328,24.239999771118164,24.229999542236328,24.229999542236328,3105.0
2024-07-03 11:46:00,ALLK,0.8271999955177307,0.8271999955177307,0.8292999863624573,0.8271999955177307,0.8292999863624573,2477.0
2024-07-03 11:46:00,ALLO,2.0999999046325684,2.0999999046325684,2.109999895095825,2.0999999046325684,2.109999895095825,110878.0
2024-07-03 11:46:00,ALLR,0.2021999955177307,0.2021999955177307,0.20489999651908875,0.2021999955177307,0.2021999955177307,8756.0
2024-07-03 11:46:00,ALNY,246.8000030517578,246.8000030517578,246.8000030517578,246.8000030517578,246.8000030517578,145.0
2024-07-03 11:46:00,ALT,6.630000114440918,6.630000114440918,6.639999866485596,6.630000114440918,6.639999866485596,2059.0
2024-07-03 11:46:00,ALVR,0.7382000088691711,0.7382000088691711,0.7382000088691711,0.7343000173568726,0.7343000173568726,939.0
2024-07-03 11:46:00,ALXO,5.71999979019165,5.71999979019165,5.71999979019165,5.710000038146973,5.710000038146973,523.0
2024-07-03 11:46:00,AMED,96.9990005493164,96.9990005493164,97.0,96.9990005493164,97.0,2694.0
2024-07-03 11:46:00,AMGN,306.8900146484375,306.8900146484375,306.8900146484375,306.8699951171875,306.8699951171875,776.0
2024-07-03 11:46:00,AMLX,1.7549999952316284,1.7549999952316284,1.7549999952316284,1.75,1.7549999952316284,3357.0
2024-07-03 11:46:00,AMPH,38.334999084472656,38.334999084472656,38.369998931884766,38.334999084472656,38.369998931884766,3210.0
2024-07-03 11:46:00,AMRN,0.6916000247001648,0.6916000247001648,0.6916000247001648,0.6916000247001648,0.6916000247001648,800.0
2024-07-03 11:46:00,ANAB,24.96500015258789,24.96500015258789,24.96500015258789,24.96500015258789,24.96500015258789,224.0
2024-07-03 11:46:00,ANGO,5.625,5.625,5.639999866485596,5.625,5.639999866485596,1897.0
2024-07-03 11:46:00,ANNX,4.784999847412109,4.784999847412109,4.784999847412109,4.784999847412109,4.784999847412109,1362.0
2024-07-03 11:46:00,ANTX,2.5,2.5,2.5,2.490000009536743,2.490000009536743,1331.0
2024-07-03 11:46:00,APDN,0.4000000059604645,0.4000000059604645,0.4000000059604645,0.3955000042915344,0.3955000042915344,1156.0
2024-07-03 11:46:00,APLS,35.400001525878906,35.400001525878906,35.400001525878906,35.400001525878906,35.400001525878906,1043.0
2024-07-03 11:46:00,APLT,4.340000152587891,4.340000152587891,4.340000152587891,4.340000152587891,4.340000152587891,92.0
2024-07-03 11:46:00,AQST,2.4049999713897705,2.4049999713897705,2.4049999713897705,2.4049999713897705,2.4049999713897705,432.0
2024-07-03 11:46:00,ARAY,1.7300000190734863,1.7300000190734863,1.7300000190734863,1.7300000190734863,1.7300000190734863,5505.0
2024-07-03 11:46:00,ARCT,21.375,21.375,21.375,21.375,21.375,588.0
2024-07-03 11:46:00,ARDX,5.199999809265137,5.199999809265137,5.199999809265137,5.190100193023682,5.195000171661377,12260.0
2024-07-03 11:46:00,ARGX,435.1000061035156,435.1000061035156,435.1000061035156,435.1000061035156,435.1000061035156,246.0
2024-07-03 11:46:00,ARQT,9.619999885559082,9.619999885559082,9.630000114440918,9.619999885559082,9.630000114440918,1599.0
2024-07-03 11:46:00,ARVN,23.864999771118164,23.864999771118164,23.864999771118164,23.860000610351562,23.860000610351562,1757.0
2024-07-03 11:46:00,ARWR,25.239999771118164,25.239999771118164,25.260000228881836,25.229999542236328,25.260000228881836,1635.0
2024-07-03 11:46:00,ASLN,2.240000009536743,2.240000009536743,2.240000009536743,2.2300000190734863,2.240000009536743,924.0
2024-07-03 11:46:00,ASRT,1.3300000429153442,1.3300000429153442,1.3300000429153442,1.3250000476837158,1.3250000476837158,1592.0
2024-07-03 11:46:00,ATHA,2.5506999492645264,2.5506999492645264,2.5506999492645264,2.5506999492645264,2.5506999492645264,1900.0
2024-07-03 11:46:00,ATOS,1.149999976158142,1.149999976158142,1.1549999713897705,1.149999976158142,1.1549999713897705,641.0
2024-07-03 11:46:00,ATXS,8.979999542236328,8.979999542236328,8.989999771118164,8.979999542236328,8.989999771118164,572.0
2024-07-03 11:46:00,AUGX,1.0,1.0,1.0010000467300415,1.0,1.0,4030.0
2024-07-03 11:46:00,AUPH,5.460000038146973,5.460000038146973,5.460000038146973,5.460000038146973,5.460000038146973,1174.0
2024-07-03 11:46:00,AUTL,3.4649999141693115,3.4649999141693115,3.4649999141693115,3.4600000381469727,3.4600000381469727,784.0
2024-07-03 11:46:00,AVDL,14.390000343322754,14.390000343322754,14.390000343322754,14.390000343322754,14.390000343322754,535.0
2024-07-03 11:46:00,AVIR,3.2699999809265137,3.2699999809265137,3.2799999713897705,3.2699999809265137,3.2799999713897705,1348.0
2024-07-03 11:46:00,AVTE,1.625,1.625,1.6299999952316284,1.625,1.6299999952316284,1370.0
2024-07-03 11:46:00,AVXL,4.173299789428711,4.173299789428711,4.175000190734863,4.170000076293945,4.175000190734863,1788.0
2024-07-03 11:46:00,AXGN,7.480000019073486,7.480000019073486,7.480000019073486,7.480000019073486,7.480000019073486,211.0
2024-07-03 11:46:00,AXNX,67.55000305175781,67.55000305175781,67.55000305175781,67.55000305175781,67.55000305175781,177.0
2024-07-03 11:46:00,AXSM,79.48999786376953,79.48999786376953,79.5,79.48999786376953,79.5,2344.0
2024-07-03 11:46:00,AZN,76.67500305175781,76.67500305175781,76.67500305175781,76.66000366210938,76.66000366210938,3176.0
2024-07-03 11:46:00,BACK,1.6782000064849854,1.6782000064849854,1.6782000064849854,1.6782000064849854,1.6782000064849854,100.0
2024-07-03 11:46:00,BBIO,25.274999618530273,25.274999618530273,25.299999237060547,25.274999618530273,25.299999237060547,750.0
2024-07-03 11:46:00,BCAB,1.3799999952316284,1.3799999952316284,1.3799999952316284,1.3700000047683716,1.3700000047683716,636.0
2024-07-03 11:46:00,BCLI,0.35010001063346863,0.35010001063346863,0.35010001063346863,0.35010001063346863,0.35010001063346863,1090.0
2024-07-03 11:46:00,BCRX,6.434999942779541,6.434999942779541,6.439799785614014,6.429999828338623,6.429999828338623,5297.0
2024-07-03 11:46:00,BCTX,1.0199999809265137,1.0199999809265137,1.0199999809265137,1.0149999856948853,1.0149999856948853,3069.0
2024-07-03 11:46:00,BEAM,23.559999465942383,23.559999465942383,23.559999465942383,23.559999465942383,23.559999465942383,413.0
2024-07-03 11:46:00,BGXX,0.2667999863624573,0.2667999863624573,0.2667999863624573,0.2667999863624573,0.2667999863624573,207.0
2024-07-03 11:46:00,BIAF,2.190000057220459,2.190000057220459,2.190000057220459,2.179500102996826,2.180000066757202,2314.0
2024-07-03 11:46:00,BIIB,223.75,223.75,223.9600067138672,223.75,223.9600067138672,1423.0
2024-07-03 11:46:00,BLRX,0.5099999904632568,0.5099999904632568,0.5249999761581421,0.5099999904632568,0.5242999792098999,24055.0
2024-07-03 11:46:00,BLUE,0.9246000051498413,0.9246000051498413,0.9247000217437744,0.9215999841690063,0.9215999841690063,9509.0
2024-07-03 11:46:00,BMEA,4.346099853515625,4.346099853515625,4.346099853515625,4.34499979019165,4.34499979019165,499.0
2024-07-03 11:46:00,BMRA,0.45010000467300415,0.45010000467300415,0.45010000467300415,0.44999998807907104,0.44999998807907104,1600.0
2024-07-03 11:46:00,BMRN,80.91500091552734,80.91500091552734,80.91500091552734,80.91500091552734,80.91500091552734,105.0
2024-07-03 11:46:00,BNGO,0.5561000108718872,0.5561000108718872,0.5561000108718872,0.5561000108718872,0.5561000108718872,828.0
2024-07-03 11:46:00,BNTX,79.8499984741211,79.8499984741211,79.8499984741211,79.72000122070312,79.81999969482422,4247.0
2024-07-03 11:46:00,BPTH,1.7899999618530273,1.7899999618530273,1.7913000583648682,1.7899999618530273,1.7913000583648682,952.0
2024-07-03 11:46:00,BRKR,61.43000030517578,61.43000030517578,61.45000076293945,61.43000030517578,61.45000076293945,1186.0
2024-07-03 11:46:00,BRTX,1.899999976158142,1.899999976158142,1.9199999570846558,1.899999976158142,1.9199999570846558,5985.0
2024-07-03 11:46:00,BTAI,1.0850000381469727,1.0850000381469727,1.0850000381469727,1.0850000381469727,1.0850000381469727,105.0
2024-07-03 11:46:00,BVS,5.96999979019165,5.96999979019165,5.96999979019165,5.96999979019165,5.96999979019165,678.0
2024-07-03 11:46:00,CABA,7.5,7.5,7.5,7.5,7.5,463.0
2024-07-03 11:46:00,CADL,6.260000228881836,6.260000228881836,6.28000020980835,6.260000228881836,6.28000020980835,2065.0
2024-07-03 11:46:00,CAPR,4.710000038146973,4.710000038146973,4.710000038146973,4.710000038146973,4.710000038146973,1602.0
2024-07-03 11:46:00,CARA,0.2897000014781952,0.2897000014781952,0.2897000014781952,0.2897000014781952,0.2897000014781952,837.0
2024-07-03 11:46:00,CCCC,4.53000020980835,4.53000020980835,4.539999961853027,4.520299911499023,4.539999961853027,11682.0
2024-07-03 11:46:00,CDMO,7.68120002746582,7.68120002746582,7.695000171661377,7.68120002746582,7.695000171661377,1673.0
2024-07-03 11:46:00,CDNA,15.100000381469727,15.100000381469727,15.100000381469727,15.100000381469727,15.100000381469727,688.0
2024-07-03 11:46:00,CDXC,2.509999990463257,2.509999990463257,2.509999990463257,2.509999990463257,2.509999990463257,5402.0
2024-07-03 11:46:00,CDXS,2.878999948501587,2.878999948501587,2.878999948501587,2.878999948501587,2.878999948501587,870.0
2024-07-03 11:46:00,CELC,16.21500015258789,16.21500015258789,16.21500015258789,16.21500015258789,16.21500015258789,264.0
2024-07-03 11:46:00,CERE,39.75,39.75,39.849998474121094,39.69499969482422,39.83000183105469,249032.0
2024-07-03 11:46:00,CGEM,16.6200008392334,16.6200008392334,16.6200008392334,16.610000610351562,16.610000610351562,1262.0
2024-07-03 11:46:00,CGEN,1.6349999904632568,1.6349999904632568,1.6384999752044678,1.6349999904632568,1.6384999752044678,9992.0
2024-07-03 11:46:00,CHRS,1.3949999809265137,1.3949999809265137,1.3949999809265137,1.3949999809265137,1.3949999809265137,2083.0
2024-07-03 11:46:00,CLDX,35.95500183105469,35.95500183105469,35.95500183105469,35.95500183105469,35.95500183105469,992.0
2024-07-03 11:46:00,CLLS,2.0399999618530273,2.0399999618530273,2.0399999618530273,2.0399999618530273,2.0399999618530273,904.0
2024-07-03 11:46:00,CLOV,1.2450000047683716,1.2450000047683716,1.2450000047683716,1.2450000047683716,1.2450000047683716,111.0
2024-07-03 11:46:00,CLRB,2.440000057220459,2.440000057220459,2.444999933242798,2.430000066757202,2.430000066757202,1345.0
2024-07-03 11:46:00,CLSD,1.2502000331878662,1.2502000331878662,1.2502000331878662,1.2502000331878662,1.2502000331878662,1287.0
2024-07-03 11:46:00,CMPX,0.8400999903678894,0.8400999903678894,0.8400999903678894,0.8399999737739563,0.8399999737739563,3082.0
2024-07-03 11:46:00,CMRX,0.8629999756813049,0.8629999756813049,0.8629999756813049,0.8629999756813049,0.8629999756813049,2.0
2024-07-03 11:46:00,CNSP,1.5499999523162842,1.5499999523162842,1.5800000429153442,1.5499999523162842,1.5758999586105347,69135.0
2024-07-03 11:46:00,COGT,8.425000190734863,8.425000190734863,8.470000267028809,8.425000190734863,8.470000267028809,3111.0
2024-07-03 11:46:00,CORT,30.170000076293945,30.170000076293945,30.225000381469727,30.170000076293945,30.225000381469727,1440.0
2024-07-03 11:46:00,COSM,0.9301000237464905,0.9301000237464905,0.9301000237464905,0.9301000237464905,0.9301000237464905,8357.0
2024-07-03 11:46:00,CPRX,15.399999618530273,15.399999618530273,15.404999732971191,15.390000343322754,15.399999618530273,1674.0
2024-07-03 11:46:00,CRBU,1.5786000490188599,1.5786000490188599,1.5786000490188599,1.5700000524520874,1.5700000524520874,2754.0
2024-07-03 11:46:00,CRDF,2.2049999237060547,2.2049999237060547,2.2049999237060547,2.200000047683716,2.200000047683716,516.0
2024-07-03 11:46:00,CRDL,1.9049999713897705,1.9049999713897705,1.909999966621399,1.9049999713897705,1.909999966621399,420.0
2024-07-03 11:46:00,CRMD,4.119999885559082,4.119999885559082,4.119999885559082,4.119999885559082,4.119999885559082,120.0
2024-07-03 11:46:00,CRNX,44.58000183105469,44.58000183105469,44.63999938964844,44.58000183105469,44.63999938964844,831.0
2024-07-03 11:46:00,CRSP,53.77000045776367,53.77000045776367,53.77000045776367,53.77000045776367,53.77000045776367,184.0
2024-07-03 11:46:00,CTKB,5.59499979019165,5.59499979019165,5.59499979019165,5.59499979019165,5.59499979019165,412.0
2024-07-03 11:46:00,CTMX,1.309999942779541,1.309999942779541,1.315000057220459,1.309999942779541,1.315000057220459,2126.0
2024-07-03 11:46:00,CTSO,0.8119999766349792,0.8119999766349792,0.8141000270843506,0.8119999766349792,0.8141000270843506,776.0
2024-07-03 11:46:00,CUTR,1.2949999570846558,1.2949999570846558,1.2949999570846558,1.2949999570846558,1.2949999570846558,619.0
2024-07-03 11:46:00,CVAC,3.325000047683716,3.325000047683716,3.3299999237060547,3.309999942779541,3.309999942779541,14595.0
2024-07-03 11:46:00,CYTK,54.4375,54.4375,54.439998626708984,54.400001525878906,54.41999816894531,2048.0
2024-07-03 11:46:00,DARE,3.2980000972747803,3.2980000972747803,3.2980000972747803,3.2980000972747803,3.2980000972747803,2550.0
2024-07-03 11:46:00,DCGO,2.9358999729156494,2.9358999729156494,2.9358999729156494,2.9358999729156494,2.9358999729156494,253.0
2024-07-03 11:46:00,DNLI,21.329999923706055,21.329999923706055,21.3799991607666,21.329999923706055,21.3799991607666,1501.0
2024-07-03 11:46:00,DSGN,3.25,3.25,3.25,3.25,3.25,222.0
2024-07-03 11:46:00,DTIL,9.375,9.375,9.375,9.375,9.375,114.0
2024-07-03 11:46:00,DVAX,11.055000305175781,11.055000305175781,11.055000305175781,11.055000305175781,11.055000305175781,928.0
2024-07-03 11:46:00,DXCM,110.4800033569336,110.4800033569336,110.5,110.4749984741211,110.5,1970.0
2024-07-03 11:46:00,DYN,33.95000076293945,33.95000076293945,33.9900016784668,33.95000076293945,33.9900016784668,1117.0
2024-07-03 11:46:00,EDIT,4.644999980926514,4.644999980926514,4.650000095367432,4.644999980926514,4.650000095367432,2409.0
2024-07-03 11:46:00,EGRX,5.360000133514404,5.360000133514404,5.360000133514404,5.309999942779541,5.309999942779541,1282.0
2024-07-03 11:46:00,ELEV,2.619999885559082,2.619999885559082,2.619999885559082,2.619999885559082,2.619999885559082,114.0
2024-07-03 11:46:00,ENTX,1.6899000406265259,1.6899000406265259,1.6899000406265259,1.6899000406265259,1.6899000406265259,408.0
2024-07-03 11:46:00,EOLS,10.880000114440918,10.880000114440918,10.880000114440918,10.880000114440918,10.880000114440918,655.0
2024-07-03 11:46:00,ERAS,2.2200000286102295,2.2200000286102295,2.2200000286102295,2.2200000286102295,2.2200000286102295,398.0
2024-07-03 11:46:00,ESPR,2.3350000381469727,2.3350000381469727,2.3350000381469727,2.3350000381469727,2.3350000381469727,289.0
2024-07-03 11:46:00,ESTA,43.31999969482422,43.31999969482422,43.375,43.31999969482422,43.369998931884766,1743.0
2024-07-03 11:46:00,ETNB,7.46999979019165,7.46999979019165,7.46999979019165,7.46999979019165,7.46999979019165,1681.0
2024-07-03 11:46:00,EVGN,0.6399999856948853,0.6399999856948853,0.6399999856948853,0.6399999856948853,0.6399999856948853,160.0
2024-07-03 11:46:00,EVO,5.125400066375732,5.125400066375732,5.125400066375732,5.119999885559082,5.119999885559082,602.0
2024-07-03 11:46:00,EWTX,18.084999084472656,18.084999084472656,18.084999084472656,18.06999969482422,18.06999969482422,1230.0
2024-07-03 11:46:00,EXAI,5.425000190734863,5.425000190734863,5.425000190734863,5.425000190734863,5.425000190734863,200.0
2024-07-03 11:46:00,EXEL,21.934999465942383,21.934999465942383,21.934999465942383,21.920000076293945,21.920700073242188,7834.0
2024-07-03 11:46:00,EYEN,0.7843000292778015,0.7843000292778015,0.7885000109672546,0.7843000292778015,0.7885000109672546,600.0
2024-07-03 11:46:00,EYPT,8.3100004196167,8.3100004196167,8.319999694824219,8.3100004196167,8.319999694824219,421.0
2024-07-03 11:46:00,FATE,3.1500000953674316,3.1500000953674316,3.1500000953674316,3.1500000953674316,3.1500000953674316,1645.0
2024-07-03 11:46:00,FDMT,20.8700008392334,20.8700008392334,20.8700008392334,20.8700008392334,20.8700008392334,369.0
2024-07-03 11:46:00,FGEN,0.7056000232696533,0.7056000232696533,0.7056000232696533,0.7056000232696533,0.7056000232696533,244.0
2024-07-03 11:46:00,FHTX,5.539999961853027,5.539999961853027,5.550000190734863,5.539999961853027,5.550000190734863,909.0
2024-07-03 11:46:00,FLGC,0.9797999858856201,0.9797999858856201,0.9797999858856201,0.9797999858856201,0.9797999858856201,1100.0
2024-07-03 11:46:00,FOLD,9.859999656677246,9.859999656677246,9.864999771118164,9.859999656677246,9.864999771118164,662.0
2024-07-03 11:46:00,GBIO,2.490000009536743,2.490000009536743,2.490000009536743,2.490000009536743,2.490000009536743,463.0
2024-07-03 11:46:00,GDRX,7.804999828338623,7.804999828338623,7.804999828338623,7.804999828338623,7.804999828338623,200.0
2024-07-03 11:46:00,GERN,4.315000057220459,4.315000057220459,4.320000171661377,4.315000057220459,4.319900035858154,6326.0
2024-07-03 11:46:00,GH,28.239999771118164,28.239999771118164,28.329999923706055,28.239999771118164,28.329999923706055,1403.0
2024-07-03 11:46:00,GILD,67.01499938964844,67.01499938964844,67.01499938964844,66.97000122070312,66.97000122070312,7413.0
2024-07-03 11:46:00,GLUE,3.72979998588562,3.72979998588562,3.7300000190734863,3.72979998588562,3.7300000190734863,880.0
2024-07-03 11:46:00,GOSS,0.9589999914169312,0.9589999914169312,0.9589999914169312,0.9556000232696533,0.958899974822998,9710.0
2024-07-03 11:46:00,GOVX,2.9200000762939453,2.9200000762939453,2.9200000762939453,2.9200000762939453,2.9200000762939453,1049.0
2024-07-03 11:46:00,GRTS,0.586899995803833,0.586899995803833,0.586899995803833,0.586899995803833,0.586899995803833,932.0
2024-07-03 11:46:00,GTHX,2.5,2.5,2.5,2.5,2.5,596.0
2024-07-03 11:46:00,HALO,51.95000076293945,51.95000076293945,51.95000076293945,51.93000030517578,51.95000076293945,2417.0
2024-07-03 11:46:00,HCSG,10.630000114440918,10.630000114440918,10.630000114440918,10.630000114440918,10.630000114440918,324.0
2024-07-03 11:46:00,HLVX,14.300000190734863,14.300000190734863,14.300000190734863,14.300000190734863,14.300000190734863,147.0
2024-07-03 11:46:00,HOLX,73.20999908447266,73.20999908447266,73.22000122070312,73.20500183105469,73.20500183105469,2508.0
2024-07-03 11:46:00,HOWL,2.049999952316284,2.049999952316284,2.049999952316284,2.049999952316284,2.049999952316284,106.0
2024-07-03 11:46:00,HQY,83.2699966430664,83.2699966430664,83.2699966430664,83.20999908447266,83.20999908447266,1056.0
2024-07-03 11:46:00,HRMY,30.219999313354492,30.219999313354492,30.25,30.184999465942383,30.25,2551.0
2024-07-03 11:46:00,HROW,21.474000930786133,21.474000930786133,21.510000228881836,21.474000930786133,21.510000228881836,1087.0
2024-07-03 11:46:00,HRTX,2.7111001014709473,2.7111001014709473,2.711199998855591,2.7100000381469727,2.7100000381469727,1668.0
2024-07-03 11:46:00,HSIC,65.0,65.0,65.0199966430664,64.98500061035156,65.0,1767.0
2024-07-03 11:46:00,HUMA,5.660200119018555,5.660200119018555,5.661600112915039,5.650100231170654,5.661600112915039,2137.0
2024-07-03 11:46:00,IART,28.5,28.5,28.5,28.5,28.5,439.0
2024-07-03 11:46:00,IBRX,6.2459001541137695,6.2459001541137695,6.2459001541137695,6.244999885559082,6.244999885559082,3193.0
2024-07-03 11:46:00,ICLR,317.44000244140625,317.44000244140625,317.44000244140625,317.44000244140625,317.44000244140625,1328.0
2024-07-03 11:46:00,IDXX,475.8550109863281,475.8550109863281,475.8550109863281,475.8550109863281,475.8550109863281,717.0
2024-07-03 11:46:00,IDYA,33.27000045776367,33.27000045776367,33.27000045776367,33.27000045776367,33.27000045776367,823.0
2024-07-03 11:46:00,IKT,1.25,1.25,1.25,1.25,1.25,1000.0
2024-07-03 11:46:00,ILMN,105.36000061035156,105.36000061035156,105.36000061035156,105.36000061035156,105.36000061035156,794.0
2024-07-03 11:46:00,IMCR,35.98500061035156,35.98500061035156,36.0099983215332,35.970001220703125,36.0099983215332,1007.0
2024-07-03 11:46:00,IMMX,2.369999885559082,2.369999885559082,2.3736000061035156,2.360100030899048,2.3736000061035156,1723.0
2024-07-03 11:46:00,IMNM,11.9399995803833,11.9399995803833,11.949999809265137,11.9399995803833,11.949999809265137,1047.0
2024-07-03 11:46:00,IMVT,26.100000381469727,26.100000381469727,26.100000381469727,26.100000381469727,26.100000381469727,518.0
2024-07-03 11:46:00,INCY,57.974998474121094,57.974998474121094,58.064998626708984,57.970001220703125,58.060001373291016,8350.0
2024-07-03 11:46:00,INKT,0.9014000296592712,0.9014000296592712,0.9079999923706055,0.9014000296592712,0.9079999923706055,3038.0
2024-07-03 11:46:00,INMD,17.559999465942383,17.559999465942383,17.559999465942383,17.559999465942383,17.559999465942383,486.0
2024-07-03 11:46:00,INSM,61.9900016784668,61.9900016784668,62.09000015258789,61.904998779296875,61.935001373291016,5521.0
2024-07-03 11:46:00,INZY,4.440000057220459,4.440000057220459,4.440000057220459,4.440000057220459,4.440000057220459,294.0
2024-07-03 11:46:00,IONS,44.70000076293945,44.70000076293945,44.720001220703125,44.70000076293945,44.720001220703125,869.0
2024-07-03 11:46:00,IOVA,7.514999866485596,7.514999866485596,7.53000020980835,7.514999866485596,7.519999980926514,16853.0
2024-07-03 11:46:00,IRMD,43.939998626708984,43.939998626708984,43.939998626708984,43.939998626708984,43.939998626708984,1503.0
2024-07-03 11:46:00,IRWD,6.110000133514404,6.110000133514404,6.114999771118164,6.110000133514404,6.110000133514404,1573.0
2024-07-03 11:46:00,ISPC,0.2761000096797943,0.2761000096797943,0.2761000096797943,0.2761000096797943,0.2761000096797943,2960.0
2024-07-03 11:46:00,ISRG,433.6700134277344,433.6700134277344,433.6700134277344,433.6700134277344,433.6700134277344,679.0
2024-07-03 11:46:00,JANX,37.81999969482422,37.81999969482422,37.81999969482422,37.81999969482422,37.81999969482422,128.0
2024-07-03 11:46:00,JAZZ,103.80000305175781,103.80000305175781,103.80000305175781,103.79499816894531,103.79499816894531,763.0
2024-07-03 11:46:00,JSPR,23.139999389648438,23.139999389648438,23.139999389648438,23.1299991607666,23.1299991607666,669.0
2024-07-03 11:46:00,KNSA,18.860000610351562,18.860000610351562,18.860000610351562,18.84000015258789,18.860000610351562,2088.0
2024-07-03 11:46:00,KOD,2.2100000381469727,2.2100000381469727,2.2100000381469727,2.2100000381469727,2.2100000381469727,6.0
2024-07-03 11:46:00,KPTI,0.8282999992370605,0.8282999992370605,0.8313999772071838,0.8282999992370605,0.8313999772071838,28066.0
2024-07-03 11:46:00,KRYS,176.63999938964844,176.63999938964844,176.63999938964844,176.63999938964844,176.63999938964844,1312.0
2024-07-03 11:46:00,KTRA,0.28690001368522644,0.28690001368522644,0.28690001368522644,0.2849000096321106,0.2849000096321106,3076.0
2024-07-03 11:46:00,KURA,20.290000915527344,20.290000915527344,20.290000915527344,20.270000457763672,20.270000457763672,2710.0
2024-07-03 11:46:00,KZR,0.5752999782562256,0.5752999782562256,0.5752999782562256,0.5752999782562256,0.5752999782562256,285.0
2024-07-03 11:46:00,LAB,1.7949999570846558,1.7949999570846558,1.7999999523162842,1.7949999570846558,1.7949999570846558,769.0
2024-07-03 11:46:00,LBPH,32.060001373291016,32.060001373291016,32.060001373291016,31.889999389648438,32.060001373291016,494.0
2024-07-03 11:46:00,LEGN,45.97999954223633,45.97999954223633,46.16999816894531,45.939998626708984,46.16999816894531,1669.0
2024-07-03 11:46:00,LFMD,6.679999828338623,6.679999828338623,6.690000057220459,6.679999828338623,6.690000057220459,852.0
2024-07-03 11:46:00,LFST,5.099999904632568,5.099999904632568,5.099999904632568,5.099999904632568,5.099999904632568,344.0
2024-07-03 11:46:00,LNTH,79.28500366210938,79.28500366210938,79.31999969482422,79.25,79.31999969482422,1015.0
2024-07-03 11:46:00,LQDA,11.859399795532227,11.859399795532227,11.859399795532227,11.819999694824219,11.819999694824219,2753.0
2024-07-03 11:46:00,LRMR,7.650000095367432,7.650000095367432,7.650000095367432,7.650000095367432,7.650000095367432,792.0
2024-07-03 11:46:00,LUCY,0.46720001101493835,0.46720001101493835,0.4672999978065491,0.46720001101493835,0.46720001101493835,4906.0
2024-07-03 11:46:00,LUNG,6.269999980926514,6.269999980926514,6.269999980926514,6.269999980926514,6.269999980926514,280.0
2024-07-03 11:46:00,LVTX,1.8301000595092773,1.8301000595092773,1.8301000595092773,1.8301000595092773,1.8301000595092773,663.0
2024-07-03 11:46:00,LXRX,1.5950000286102295,1.5950000286102295,1.5999000072479248,1.590000033378601,1.590000033378601,4474.0
2024-07-03 11:46:00,MASI,114.63999938964844,114.63999938964844,114.63999938964844,114.63999938964844,114.63999938964844,493.0
2024-07-03 11:46:00,MBIO,0.49230000376701355,0.49230000376701355,0.49230000376701355,0.49230000376701355,0.49230000376701355,2116.0
2024-07-03 11:46:00,MCRB,0.7160999774932861,0.7160999774932861,0.7160999774932861,0.7160999774932861,0.7160999774932861,464.0
2024-07-03 11:46:00,MDGL,269.44500732421875,269.44500732421875,269.44500732421875,269.44500732421875,269.44500732421875,882.0
2024-07-03 11:46:00,MDWD,14.850000381469727,14.850000381469727,14.850000381469727,14.850000381469727,14.850000381469727,455.0
2024-07-03 11:46:00,MDXG,6.744999885559082,6.744999885559082,6.744999885559082,6.739999771118164,6.739999771118164,346.0
2024-07-03 11:46:00,ME,0.40849998593330383,0.40849998593330383,0.40849998593330383,0.4072999954223633,0.4072999954223633,18524.0
2024-07-03 11:46:00,MGNX,4.195000171661377,4.195000171661377,4.195000171661377,4.195000171661377,4.195000171661377,1224.0
2024-07-03 11:46:00,MNKD,5.010000228881836,5.010000228881836,5.010000228881836,5.010000228881836,5.010000228881836,450.0
2024-07-03 11:46:00,MNMD,7.090000152587891,7.090000152587891,7.099999904632568,7.090000152587891,7.099999904632568,1579.0
2024-07-03 11:46:00,MREO,3.509999990463257,3.509999990463257,3.509999990463257,3.509999990463257,3.509999990463257,520.0
2024-07-03 11:46:00,MRNA,115.3499984741211,115.3499984741211,115.45999908447266,115.3499984741211,115.44999694824219,3362.0
2024-07-03 11:46:00,MRSN,1.8450000286102295,1.8450000286102295,1.850000023841858,1.840000033378601,1.850000023841858,768.0
2024-07-03 11:46:00,MRVI,6.945000171661377,6.945000171661377,6.945000171661377,6.945000171661377,6.945000171661377,324.0
2024-07-03 11:46:00,MYGN,25.079999923706055,25.079999923706055,25.079999923706055,25.079999923706055,25.079999923706055,226.0
2024-07-03 11:46:00,NBIX,138.30999755859375,138.30999755859375,138.30999755859375,138.30999755859375,138.30999755859375,133.0
2024-07-03 11:46:00,NDRA,0.09799999743700027,0.09799999743700027,0.09870000183582306,0.09650000184774399,0.09650000184774399,339457.0
2024-07-03 11:46:00,NEO,13.729999542236328,13.729999542236328,13.729999542236328,13.729999542236328,13.729999542236328,1025.0
2024-07-03 11:46:00,NEOG,15.164999961853027,15.164999961853027,15.164999961853027,15.164999961853027,15.164999961853027,130.0
2024-07-03 11:46:00,NKTR,1.2350000143051147,1.2350000143051147,1.2350000143051147,1.2350000143051147,1.2350000143051147,430.0
2024-07-03 11:46:00,NKTX,5.329999923706055,5.329999923706055,5.329999923706055,5.329999923706055,5.329999923706055,404.0
2024-07-03 11:46:00,NLSP,0.20000000298023224,0.20000000298023224,0.20000000298023224,0.20000000298023224,0.20000000298023224,3721.0
2024-07-03 11:46:00,NNOX,6.969200134277344,6.969200134277344,6.969200134277344,6.969200134277344,6.969200134277344,1066.0
2024-07-03 11:46:00,NOTV,1.6399999856948853,1.6399999856948853,1.6510000228881836,1.6299999952316284,1.6510000228881836,1736.0
2024-07-03 11:46:00,NRC,22.905000686645508,22.905000686645508,22.905000686645508,22.905000686645508,22.905000686645508,291.0
2024-07-03 11:46:00,NRIX,19.469999313354492,19.469999313354492,19.469999313354492,19.469999313354492,19.469999313354492,669.0
2024-07-03 11:46:00,NTLA,22.649999618530273,22.649999618530273,22.65999984741211,22.649999618530273,22.65999984741211,460.0
2024-07-03 11:46:00,NTRA,111.08999633789062,111.08999633789062,111.08999633789062,111.08999633789062,111.08999633789062,123.0
2024-07-03 11:46:00,NVAX,12.57129955291748,12.57129955291748,12.57129955291748,12.550000190734863,12.5600004196167,6974.0
2024-07-03 11:46:00,NVCR,16.700000762939453,16.700000762939453,16.700000762939453,16.690000534057617,16.690000534057617,1524.0
2024-07-03 11:46:00,NXL,1.3839000463485718,1.3839000463485718,1.3839000463485718,1.3839000463485718,1.3839000463485718,3069.0
2024-07-03 11:46:00,NXTC,1.590000033378601,1.590000033378601,1.590000033378601,1.590000033378601,1.590000033378601,824.0
2024-07-03 11:46:00,OCGN,1.5950000286102295,1.5950000286102295,1.5950000286102295,1.5950000286102295,1.5950000286102295,3293.0
2024-07-03 11:46:00,OCUL,6.644999980926514,6.644999980926514,6.644999980926514,6.630000114440918,6.630000114440918,344.0
2024-07-03 11:46:00,OGI,1.5800000429153442,1.5800000429153442,1.5800000429153442,1.5800000429153442,1.5800000429153442,0.0
2024-07-03 11:46:00,OLMA,10.529999732971191,10.529999732971191,10.529999732971191,10.529999732971191,10.529999732971191,233.0
2024-07-03 11:46:00,OM,3.869999885559082,3.869999885559082,3.875,3.869999885559082,3.869999885559082,3136.0
2024-07-03 11:46:00,OMGA,1.9500000476837158,1.9500000476837158,1.9500000476837158,1.9500000476837158,1.9500000476837158,101.0
2024-07-03 11:46:00,OMIC,8.5,8.5,8.5,8.5,8.5,205.0
2024-07-03 11:47:00,AADI,1.3899999856948853,1.3899999856948853,1.3899999856948853,1.3899999856948853,1.3899999856948853,180.0
2024-07-03 11:47:00,ABCL,2.7200000286102295,2.7200000286102295,2.7200000286102295,2.7100000381469727,2.7100000381469727,1418.0
2024-07-03 11:47:00,ABOS,2.2699999809265137,2.2699999809265137,2.2799999713897705,2.2699999809265137,2.2799999713897705,1893.0
2024-07-03 11:47:00,ABSI,3.1549999713897705,3.1549999713897705,3.1700000762939453,3.1549999713897705,3.1700000762939453,1470.0
2024-07-03 11:47:00,ABUS,3.140000104904175,3.140000104904175,3.140000104904175,3.140000104904175,3.140000104904175,324.0
2024-07-03 11:47:00,ACAD,15.565699577331543,15.565699577331543,15.565699577331543,15.565699577331543,15.565699577331543,1986.0
2024-07-03 11:47:00,ACB,4.875,4.875,4.875,4.875,4.875,964.0
2024-07-03 11:47:00,ACCD,3.529900074005127,3.529900074005127,3.529900074005127,3.5250000953674316,3.5250000953674316,1389.0
2024-07-03 11:47:00,ACET,1.065000057220459,1.065000057220459,1.0700000524520874,1.065000057220459,1.0700000524520874,316.0
2024-07-03 11:47:00,ACHC,66.53780364990234,66.53780364990234,66.53780364990234,66.53780364990234,66.53780364990234,508.0
2024-07-03 11:47:00,ACLX,53.90999984741211,53.90999984741211,53.90999984741211,53.83810043334961,53.869998931884766,2049.0
2024-07-03 11:47:00,ACRS,1.159999966621399,1.159999966621399,1.159999966621399,1.159999966621399,1.159999966621399,200.0
2024-07-03 11:47:00,ACST,2.9700000286102295,2.9700000286102295,2.9700000286102295,2.9700000286102295,2.9700000286102295,200.0
2024-07-03 11:47:00,ADAP,1.0049999952316284,1.0049999952316284,1.0049999952316284,1.0049999952316284,1.0049999952316284,500.0
2024-07-03 11:47:00,ADIL,1.0491000413894653,1.0491000413894653,1.0491000413894653,1.0491000413894653,1.0491000413894653,300.0
2024-07-03 11:47:00,ADMA,11.204999923706055,11.204999923706055,11.204999923706055,11.1850004196167,11.194999694824219,24673.0
2024-07-03 11:47:00,ADPT,3.365000009536743,3.365000009536743,3.365000009536743,3.365000009536743,3.365000009536743,1033.0
2024-07-03 11:47:00,ADVM,7.03000020980835,7.03000020980835,7.03000020980835,7.03000020980835,7.03000020980835,475.0
2024-07-03 11:47:00,AEMD,0.41269999742507935,0.41269999742507935,0.41269999742507935,0.41269999742507935,0.41269999742507935,544.0
2024-07-03 11:47:00,AGEN,14.380000114440918,14.380000114440918,14.380000114440918,14.364999771118164,14.364999771118164,2037.0
2024-07-03 11:47:00,AGIO,41.63850021362305,41.63850021362305,41.63850021362305,41.63850021362305,41.63850021362305,293.0
2024-07-03 11:47:00,AHCO,9.720000267028809,9.720000267028809,9.720000267028809,9.71500015258789,9.71500015258789,1552.0
2024-07-03 11:47:00,AKBA,0.9465000033378601,0.9465000033378601,0.9480999708175659,0.9465000033378601,0.9465000033378601,2201.0
2024-07-03 11:47:00,ALDX,3.1700000762939453,3.1700000762939453,3.1700000762939453,3.1700000762939453,3.1700000762939453,101.0
2024-07-03 11:47:00,ALEC,4.40500020980835,4.40500020980835,4.406000137329102,4.383999824523926,4.383999824523926,12491.0
2024-07-03 11:47:00,ALGN,241.32000732421875,241.32000732421875,241.32000732421875,241.22999572753906,241.22999572753906,1794.0
2024-07-03 11:47:00,ALKS,24.235000610351562,24.235000610351562,24.235000610351562,24.235000610351562,24.235000610351562,377.0
2024-07-03 11:47:00,ALLK,0.8270999789237976,0.8270999789237976,0.8270999789237976,0.8270999789237976,0.8270999789237976,3795.0
2024-07-03 11:47:00,ALLO,2.1050000190734863,2.1050000190734863,2.109999895095825,2.0999999046325684,2.1059999465942383,32817.0
2024-07-03 11:47:00,ALLR,0.2021999955177307,0.2021999955177307,0.20489999651908875,0.2021999955177307,0.2021999955177307,10200.0
2024-07-03 11:47:00,ALNY,246.63999938964844,246.63999938964844,246.63999938964844,246.5500030517578,246.58999633789062,4546.0
2024-07-03 11:47:00,ALT,6.650100231170654,6.650100231170654,6.650100231170654,6.630000114440918,6.635000228881836,10907.0
2024-07-03 11:47:00,ALVO,12.255000114440918,12.255000114440918,12.255000114440918,12.255000114440918,12.255000114440918,407.0
2024-07-03 11:47:00,ALVR,0.7343000173568726,0.7343000173568726,0.7357000112533569,0.7343000173568726,0.7357000112533569,1141.0
2024-07-03 11:47:00,ALXO,5.739999771118164,5.739999771118164,5.739999771118164,5.71999979019165,5.71999979019165,2675.0
2024-07-03 11:47:00,AMED,97.0,97.0,97.01499938964844,96.93199920654297,96.93199920654297,11559.0
2024-07-03 11:47:00,AMGN,307.17999267578125,307.17999267578125,307.19000244140625,306.6419982910156,306.760009765625,3560.0
2024-07-03 11:47:00,AMPH,38.34000015258789,38.34000015258789,38.34000015258789,38.34000015258789,38.34000015258789,718.0
2024-07-03 11:47:00,AMRN,0.6919999718666077,0.6919999718666077,0.6919999718666077,0.6919999718666077,0.6919999718666077,500.0
2024-07-03 11:47:00,ANAB,24.96500015258789,24.96500015258789,24.96500015258789,24.96500015258789,24.96500015258789,514.0
2024-07-03 11:47:00,ANGO,5.630199909210205,5.630199909210205,5.639999866485596,5.630000114440918,5.630000114440918,4667.0
2024-07-03 11:47:00,ANNX,4.784999847412109,4.784999847412109,4.784999847412109,4.784999847412109,4.784999847412109,919.0
2024-07-03 11:47:00,ANTX,2.5,2.5,2.5,2.5,2.5,753.0
2024-07-03 11:47:00,APDN,0.41190001368522644,0.41190001368522644,0.41190001368522644,0.4036000072956085,0.4059000015258789,3624.0
2024-07-03 11:47:00,APLS,35.47999954223633,35.47999954223633,35.47999954223633,35.405799865722656,35.405799865722656,1028.0
2024-07-03 11:47:00,APLT,4.34250020980835,4.34250020980835,4.34250020980835,4.34250020980835,4.34250020980835,369.0
2024-07-03 11:47:00,APVO,0.3111000061035156,0.3111000061035156,0.3111000061035156,0.3111000061035156,0.3111000061035156,6010.0
2024-07-03 11:47:00,AQST,2.4049999713897705,2.4049999713897705,2.4049999713897705,2.4000000953674316,2.4000000953674316,468.0
2024-07-03 11:47:00,ARAY,1.7350000143051147,1.7350000143051147,1.7350000143051147,1.7350000143051147,1.7350000143051147,398.0
2024-07-03 11:47:00,ARCT,21.375,21.375,21.375,21.375,21.375,956.0
2024-07-03 11:47:00,ARDX,5.210000038146973,5.210000038146973,5.210000038146973,5.195000171661377,5.195000171661377,31680.0
2024-07-03 11:47:00,ARQT,9.649999618530273,9.649999618530273,9.649999618530273,9.614999771118164,9.614999771118164,3643.0
2024-07-03 11:47:00,ARVN,23.8700008392334,23.8700008392334,23.8700008392334,23.81999969482422,23.844100952148438,2734.0
2024-07-03 11:47:00,ARWR,25.280000686645508,25.280000686645508,25.280000686645508,25.270000457763672,25.270000457763672,1869.0
2024-07-03 11:47:00,ASLN,2.259999990463257,2.259999990463257,2.259999990463257,2.259999990463257,2.259999990463257,501.0
2024-07-03 11:47:00,ASRT,1.3205000162124634,1.3205000162124634,1.3205000162124634,1.3205000162124634,1.3205000162124634,763.0
2024-07-03 11:47:00,ATAI,1.2949999570846558,1.2949999570846558,1.2949999570846558,1.2949999570846558,1.2949999570846558,3615.0
2024-07-03 11:47:00,ATEC,9.979999542236328,9.979999542236328,9.979999542236328,9.979999542236328,9.979999542236328,486.0
2024-07-03 11:47:00,ATOS,1.1549999713897705,1.1549999713897705,1.159999966621399,1.1549999713897705,1.159999966621399,2954.0
2024-07-03 11:47:00,ATRC,22.385000228881836,22.385000228881836,22.385000228881836,22.382200241088867,22.382200241088867,518.0
2024-07-03 11:47:00,AUGX,1.0,1.0,1.0,1.0,1.0,584.0
2024-07-03 11:47:00,AUPH,5.460000038146973,5.460000038146973,5.460000038146973,5.454999923706055,5.454999923706055,1678.0
2024-07-03 11:47:00,AVDL,14.40999984741211,14.40999984741211,14.40999984741211,14.380000114440918,14.390000343322754,2489.0
2024-07-03 11:47:00,AVTE,1.6299999952316284,1.6299999952316284,1.6299999952316284,1.6299999952316284,1.6299999952316284,1166.0
2024-07-03 11:47:00,AVXL,4.164999961853027,4.164999961853027,4.170000076293945,4.164999961853027,4.170000076293945,833.0
2024-07-03 11:47:00,AXGN,7.420000076293945,7.420000076293945,7.440000057220459,7.420000076293945,7.440000057220459,1521.0
2024-07-03 11:47:00,AXNX,67.55000305175781,67.55000305175781,67.55000305175781,67.55000305175781,67.55000305175781,216.0
2024-07-03 11:47:00,AXSM,79.51499938964844,79.51499938964844,79.51499938964844,79.51499938964844,79.51499938964844,300.0
2024-07-03 11:47:00,AZN,76.66999816894531,76.66999816894531,76.66999816894531,76.66500091552734,76.66999816894531,3784.0
2024-07-03 11:47:00,AZTA,52.595001220703125,52.595001220703125,52.595001220703125,52.595001220703125,52.595001220703125,185.0
2024-07-03 11:47:00,BACK,1.6714999675750732,1.6714999675750732,1.6748000383377075,1.6699999570846558,1.6748000383377075,2700.0
2024-07-03 11:47:00,BBIO,25.299999237060547,25.299999237060547,25.299999237060547,25.2549991607666,25.280000686645508,3143.0
2024-07-03 11:47:00,BCAB,1.375,1.375,1.375,1.375,1.375,2087.0
2024-07-03 11:47:00,BCRX,6.43149995803833,6.43149995803833,6.433000087738037,6.43149995803833,6.433000087738037,1173.0
2024-07-03 11:47:00,BDTX,4.340000152587891,4.340000152587891,4.340000152587891,4.340000152587891,4.340000152587891,2790.0
2024-07-03 11:47:00,BEAM,23.549999237060547,23.549999237060547,23.549999237060547,23.523500442504883,23.530000686645508,2965.0
2024-07-03 11:47:00,BGXX,0.2671999931335449,0.2671999931335449,0.2671999931335449,0.2671999931335449,0.2671999931335449,470.0
2024-07-03 11:47:00,BIAF,2.184999942779541,2.184999942779541,2.184999942779541,2.184999942779541,2.184999942779541,511.0
2024-07-03 11:47:00,BLFS,19.772499084472656,19.772499084472656,19.809999465942383,19.7549991607666,19.7549991607666,2408.0
2024-07-03 11:47:00,BLUE,0.9247000217437744,0.9247000217437744,0.9247000217437744,0.9247000217437744,0.9247000217437744,2761.0
2024-07-03 11:47:00,BMEA,4.349999904632568,4.349999904632568,4.349999904632568,4.34499979019165,4.34499979019165,2369.0
2024-07-03 11:47:00,BMRA,0.44999998807907104,0.44999998807907104,0.45010000467300415,0.44999998807907104,0.45010000467300415,200.0
2024-07-03 11:47:00,BMRN,80.86000061035156,80.86000061035156,80.94989776611328,80.86000061035156,80.94989776611328,1906.0
2024-07-03 11:47:00,BNGO,0.5562000274658203,0.5562000274658203,0.5562000274658203,0.5561000108718872,0.5561000108718872,3223.0
2024-07-03 11:47:00,BNTX,79.83000183105469,79.83000183105469,79.83000183105469,79.81500244140625,79.81500244140625,224.0
2024-07-03 11:47:00,BPMC,110.86000061035156,110.86000061035156,110.86000061035156,110.79000091552734,110.79000091552734,1360.0
2024-07-03 11:47:00,BRKR,61.5,61.5,61.5,61.400001525878906,61.400001525878906,4820.0
2024-07-03 11:47:00,BRTX,1.9062999486923218,1.9062999486923218,1.9062999486923218,1.9062999486923218,1.9062999486923218,1071.0
2024-07-03 11:47:00,BTAI,1.0800000429153442,1.0800000429153442,1.089900016784668,1.0800000429153442,1.089900016784668,1510.0
2024-07-03 11:47:00,BTMD,7.400000095367432,7.400000095367432,7.414999961853027,7.400000095367432,7.400000095367432,735.0
2024-07-03 11:47:00,CABA,7.519999980926514,7.519999980926514,7.519999980926514,7.519999980926514,7.519999980926514,1542.0
2024-07-03 11:47:00,CAPR,4.710000038146973,4.710000038146973,4.710000038146973,4.710000038146973,4.710000038146973,147.0
2024-07-03 11:47:00,CCCC,4.510000228881836,4.510000228881836,4.525000095367432,4.510000228881836,4.525000095367432,4509.0
2024-07-03 11:47:00,CCRN,13.8100004196167,13.8100004196167,13.8100004196167,13.800000190734863,13.800000190734863,2153.0
2024-07-03 11:47:00,CDMO,7.730000019073486,7.730000019073486,7.730000019073486,7.684999942779541,7.690000057220459,5445.0
2024-07-03 11:47:00,CDXC,2.509999990463257,2.509999990463257,2.509999990463257,2.509999990463257,2.509999990463257,803.0
2024-07-03 11:47:00,CELC,16.239999771118164,16.239999771118164,16.239999771118164,16.239999771118164,16.239999771118164,670.0
2024-07-03 11:47:00,CERE,39.900001525878906,39.900001525878906,39.959999084472656,39.75,39.75,37285.0
2024-07-03 11:47:00,CERS,1.7100000381469727,1.7100000381469727,1.7100000381469727,1.7100000381469727,1.7100000381469727,322.0
2024-07-03 11:47:00,CERT,13.8100004196167,13.8100004196167,13.8100004196167,13.805299758911133,13.805299758911133,907.0
2024-07-03 11:47:00,CGEN,1.6398999691009521,1.6398999691009521,1.6398999691009521,1.6349999904632568,1.6349999904632568,0.0
2024-07-03 11:47:00,CLDX,36.060001373291016,36.060001373291016,36.060001373291016,35.9900016784668,35.9900016784668,1761.0
2024-07-03 11:47:00,CLOV,1.2450000047683716,1.2450000047683716,1.2450000047683716,1.2450000047683716,1.2450000047683716,5775.0
2024-07-03 11:47:00,CLPT,5.380000114440918,5.380000114440918,5.380000114440918,5.380000114440918,5.380000114440918,200.0
2024-07-03 11:47:00,CLRB,2.450000047683716,2.450000047683716,2.4600000381469727,2.449899911880493,2.449899911880493,4754.0
2024-07-03 11:47:00,CMAX,2.120800018310547,2.120800018310547,2.1500000953674316,2.120800018310547,2.1500000953674316,615.0
2024-07-03 11:47:00,CMPS,6.28000020980835,6.28000020980835,6.28000020980835,6.28000020980835,6.28000020980835,685.0
2024-07-03 11:47:00,CNSP,1.5499999523162842,1.5499999523162842,1.559999942779541,1.5499999523162842,1.5499999523162842,19412.0
2024-07-03 11:47:00,CNTA,8.729999542236328,8.729999542236328,8.729999542236328,8.729999542236328,8.729999542236328,2325.0
2024-07-03 11:47:00,COGT,8.425000190734863,8.425000190734863,8.425000190734863,8.425000190734863,8.425000190734863,69.0
2024-07-03 11:47:00,CORT,30.190000534057617,30.190000534057617,30.209999084472656,30.149999618530273,30.15999984741211,3757.0
2024-07-03 11:47:00,COSM,0.9300000071525574,0.9300000071525574,0.9300000071525574,0.9300000071525574,0.9300000071525574,510.0
2024-07-03 11:47:00,CPRX,15.404999732971191,15.404999732971191,15.40999984741211,15.40149974822998,15.40149974822998,1862.0
2024-07-03 11:47:00,CRBU,1.5750000476837158,1.5750000476837158,1.5800000429153442,1.5700000524520874,1.5700000524520874,0.0
2024-07-03 11:47:00,CRDF,2.2049999237060547,2.2049999237060547,2.2049999237060547,2.2049999237060547,2.2049999237060547,206.0
2024-07-03 11:47:00,CRDL,1.9049999713897705,1.9049999713897705,1.9049999713897705,1.9049999713897705,1.9049999713897705,2410.0
2024-07-03 11:47:00,CRMD,4.119999885559082,4.119999885559082,4.125,4.114999771118164,4.119999885559082,5157.0
2024-07-03 11:47:00,CRNX,44.685001373291016,44.685001373291016,44.685001373291016,44.619998931884766,44.619998931884766,1239.0
2024-07-03 11:47:00,CRSP,53.810001373291016,53.810001373291016,53.834999084472656,53.77000045776367,53.77000045776367,1381.0
2024-07-03 11:47:00,CTKB,5.610000133514404,5.610000133514404,5.610000133514404,5.59499979019165,5.599999904632568,12347.0
2024-07-03 11:47:00,CTMX,1.2999999523162842,1.2999999523162842,1.315000057220459,1.2999999523162842,1.309999942779541,8106.0
2024-07-03 11:47:00,CUE,1.000100016593933,1.000100016593933,1.0099999904632568,0.9901000261306763,1.0099999904632568,8227.0
2024-07-03 11:47:00,CUTR,1.2949999570846558,1.2949999570846558,1.2999999523162842,1.2949999570846558,1.2999999523162842,571.0
2024-07-03 11:47:00,CVAC,3.3350000381469727,3.3350000381469727,3.3399999141693115,3.3299999237060547,3.3299999237060547,3186.0
2024-07-03 11:47:00,CVRX,11.680000305175781,11.680000305175781,11.6899995803833,11.675000190734863,11.6899995803833,4025.0
2024-07-03 11:47:00,CYTK,54.52000045776367,54.52000045776367,54.52000045776367,54.352500915527344,54.435001373291016,7608.0
2024-07-03 11:47:00,CYTO,1.159500002861023,1.159500002861023,1.159500002861023,1.159500002861023,1.159500002861023,1000.0
2024-07-03 11:47:00,DAWN,13.270000457763672,13.270000457763672,13.295000076293945,13.270000457763672,13.289999961853027,1627.0
2024-07-03 11:47:00,DCGO,2.934999942779541,2.934999942779541,2.934999942779541,2.934999942779541,2.934999942779541,708.0
2024-07-03 11:47:00,DH,5.380000114440918,5.380000114440918,5.380000114440918,5.380000114440918,5.380000114440918,200.0
2024-07-03 11:47:00,DNLI,21.3700008392334,21.3700008392334,21.3700008392334,21.34000015258789,21.34000015258789,1189.0
2024-07-03 11:47:00,DVAX,11.050000190734863,11.050000190734863,11.055000305175781,11.039999961853027,11.055000305175781,18142.0
2024-07-03 11:47:00,DXCM,110.68000030517578,110.68000030517578,110.68000030517578,110.58999633789062,110.58999633789062,3546.0
2024-07-03 11:47:00,DYN,34.060001373291016,34.060001373291016,34.064998626708984,33.98500061035156,33.9900016784668,2446.0
2024-07-03 11:47:00,EDIT,4.644999980926514,4.644999980926514,4.644999980926514,4.644999980926514,4.644999980926514,1273.0
2024-07-03 11:47:00,EGRX,5.380000114440918,5.380000114440918,5.380000114440918,5.380000114440918,5.380000114440918,201.0
2024-07-03 11:47:00,ELEV,2.634999990463257,2.634999990463257,2.634999990463257,2.630000114440918,2.630000114440918,491.0
2024-07-03 11:47:00,ENSG,126.23210144042969,126.23210144042969,126.23210144042969,126.23210144042969,126.23210144042969,521.0
2024-07-03 11:47:00,EOLS,10.890000343322754,10.890000343322754,10.890000343322754,10.890000343322754,10.890000343322754,756.0
2024-07-03 11:47:00,ERAS,2.2100000381469727,2.2100000381469727,2.2200000286102295,2.2100000381469727,2.2200000286102295,4616.0
2024-07-03 11:47:00,ESPR,2.3399999141693115,2.3399999141693115,2.3399999141693115,2.3350000381469727,2.336400032043457,4278.0
2024-07-03 11:47:00,ETNB,7.480000019073486,7.480000019073486,7.480000019073486,7.460000038146973,7.46999979019165,2924.0
2024-07-03 11:47:00,EWTX,18.06999969482422,18.06999969482422,18.06999969482422,18.06999969482422,18.06999969482422,126.0
2024-07-03 11:47:00,EXAS,43.15999984741211,43.15999984741211,43.15999984741211,43.1150016784668,43.1150016784668,3422.0
2024-07-03 11:47:00,EXEL,21.920000076293945,21.920000076293945,21.927400588989258,21.920000076293945,21.924999237060547,2236.0
2024-07-03 11:47:00,EYEN,0.7843000292778015,0.7843000292778015,0.7843000292778015,0.7843000292778015,0.7843000292778015,516.0
2024-07-03 11:47:00,EYPT,8.300000190734863,8.300000190734863,8.300000190734863,8.300000190734863,8.300000190734863,1959.0
2024-07-03 11:47:00,FATE,3.1549999713897705,3.1549999713897705,3.1549999713897705,3.1500000953674316,3.1500000953674316,5094.0
2024-07-03 11:47:00,FBIO,1.784999966621399,1.784999966621399,1.784999966621399,1.784999966621399,1.784999966621399,116.0
2024-07-03 11:47:00,FDMT,20.809999465942383,20.809999465942383,20.809999465942383,20.809999465942383,20.809999465942383,295.0
2024-07-03 11:47:00,FHTX,5.557499885559082,5.557499885559082,5.579999923706055,5.557499885559082,5.579999923706055,207.0
2024-07-03 11:47:00,FOLD,9.864999771118164,9.864999771118164,9.864999771118164,9.864999771118164,9.864999771118164,717.0
2024-07-03 11:47:00,FULC,6.139999866485596,6.139999866485596,6.139999866485596,6.139999866485596,6.139999866485596,207.0
2024-07-03 11:47:00,GALT,2.194999933242798,2.194999933242798,2.2100000381469727,2.194999933242798,2.2100000381469727,909.0
2024-07-03 11:47:00,GBIO,2.4800000190734863,2.4800000190734863,2.4800000190734863,2.4800000190734863,2.4800000190734863,300.0
2024-07-03 11:47:00,GDRX,7.760000228881836,7.760000228881836,7.800000190734863,7.760000228881836,7.800000190734863,3275.0
2024-07-03 11:47:00,GERN,4.324999809265137,4.324999809265137,4.324999809265137,4.315000057220459,4.315000057220459,13799.0
2024-07-03 11:47:00,GH,28.260000228881836,28.260000228881836,28.260000228881836,28.219999313354492,28.219999313354492,315.0
2024-07-03 11:47:00,GILD,66.98999786376953,66.98999786376953,67.01000213623047,66.94999694824219,67.01000213623047,6593.0
2024-07-03 11:47:00,GLPG,25.010000228881836,25.010000228881836,25.010000228881836,25.010000228881836,25.010000228881836,108.0
2024-07-03 11:47:00,GLSI,16.459999084472656,16.459999084472656,16.469999313354492,16.459999084472656,16.469999313354492,342.0
2024-07-03 11:47:00,GOSS,0.9559000134468079,0.9559000134468079,0.9589999914169312,0.9527000188827515,0.9589999914169312,3220.0
2024-07-03 11:47:00,GOVX,2.924999952316284,2.924999952316284,2.924999952316284,2.900099992752075,2.9049999713897705,5066.0
2024-07-03 11:47:00,GRFS,6.659999847412109,6.659999847412109,6.664999961853027,6.659999847412109,6.664999961853027,623.0
2024-07-03 11:47:00,GRTS,0.5841000080108643,0.5841000080108643,0.586899995803833,0.5841000080108643,0.586899995803833,2203.0
2024-07-03 11:47:00,GTHX,2.509999990463257,2.509999990463257,2.509999990463257,2.5,2.5,2366.0
2024-07-03 11:47:00,HALO,52.0,52.0,52.0099983215332,51.95000076293945,51.95000076293945,2619.0
2024-07-03 11:47:00,HCAT,6.170000076293945,6.170000076293945,6.170000076293945,6.170000076293945,6.170000076293945,1063.0
2024-07-03 11:47:00,HOLX,73.20999908447266,73.20999908447266,73.20999908447266,73.19999694824219,73.19999694824219,2441.0
2024-07-03 11:47:00,HOWL,2.0399999618530273,2.0399999618530273,2.04010009765625,2.0399999618530273,2.0399999618530273,2637.0
2024-07-03 11:47:00,HQY,83.33000183105469,83.33000183105469,83.33999633789062,83.31999969482422,83.33000183105469,1604.0
2024-07-03 11:47:00,HRMY,30.216100692749023,30.216100692749023,30.239999771118164,30.216100692749023,30.219999313354492,2430.0
2024-07-03 11:47:00,HRTX,2.7100000381469727,2.7100000381469727,2.7149999141693115,2.7100000381469727,2.7100000381469727,3292.0
2024-07-03 11:47:00,HSIC,64.9800033569336,64.9800033569336,65.0,64.9800033569336,64.9800033569336,1879.0
2024-07-03 11:47:00,HUMA,5.679999828338623,5.679999828338623,5.689000129699707,5.659800052642822,5.659800052642822,3839.0
2024-07-03 11:47:00,HYPR,1.0,1.0,1.0,1.0,1.0,698.0
2024-07-03 11:47:00,IART,28.479999542236328,28.479999542236328,28.489700317382812,28.479999542236328,28.479999542236328,1031.0
2024-07-03 11:47:00,IBRX,6.255000114440918,6.255000114440918,6.255000114440918,6.244999885559082,6.244999885559082,936.0
2024-07-03 11:47:00,ICAD,1.2300000190734863,1.2300000190734863,1.2300000190734863,1.2300000190734863,1.2300000190734863,334.0
2024-07-03 11:47:00,ICCM,0.7473000288009644,0.7473000288009644,0.7473000288009644,0.7473000288009644,0.7473000288009644,250.0
2024-07-03 11:47:00,ICLR,317.79998779296875,317.79998779296875,318.05999755859375,317.6449890136719,317.6449890136719,1548.0
2024-07-03 11:47:00,ICUI,117.66999816894531,117.66999816894531,117.66999816894531,117.45999908447266,117.45999908447266,1800.0
2024-07-03 11:47:00,IDXX,476.2300109863281,476.2300109863281,476.2300109863281,475.8550109863281,475.8550109863281,3278.0
2024-07-03 11:47:00,IDYA,33.220001220703125,33.220001220703125,33.220001220703125,33.220001220703125,33.220001220703125,230.0
2024-07-03 11:47:00,IKNA,1.6399999856948853,1.6399999856948853,1.6399999856948853,1.6399999856948853,1.6399999856948853,141.0
2024-07-03 11:47:00,ILMN,105.51000213623047,105.51000213623047,105.51499938964844,105.45999908447266,105.45999908447266,2243.0
2024-07-03 11:47:00,IMCR,36.0099983215332,36.0099983215332,36.04499816894531,35.970001220703125,35.970001220703125,2860.0
2024-07-03 11:47:00,IMMX,2.390000104904175,2.390000104904175,2.3989999294281006,2.369999885559082,2.369999885559082,4754.0
2024-07-03 11:47:00,IMNM,11.949999809265137,11.949999809265137,11.949999809265137,11.930000305175781,11.930000305175781,1582.0
2024-07-03 11:47:00,IMRN,2.0,2.0,2.0,2.0,2.0,0.0
2024-07-03 11:47:00,INCY,58.040000915527344,58.040000915527344,58.040000915527344,57.96500015258789,57.96500015258789,3324.0
2024-07-03 11:47:00,INMB,7.949999809265137,7.949999809265137,7.949999809265137,7.949999809265137,7.949999809265137,330.0
2024-07-03 11:47:00,INMD,17.575000762939453,17.575000762939453,17.575000762939453,17.565000534057617,17.565000534057617,1594.0
2024-07-03 11:47:00,INSM,62.09000015258789,62.09000015258789,62.119998931884766,61.994998931884766,61.994998931884766,4481.0
2024-07-03 11:47:00,INZY,4.434999942779541,4.434999942779541,4.434999942779541,4.43179988861084,4.43179988861084,1279.0
2024-07-03 11:47:00,IONS,44.70000076293945,44.70000076293945,44.709999084472656,44.650001525878906,44.709999084472656,4204.0
2024-07-03 11:47:00,IOVA,7.520100116729736,7.520100116729736,7.520100116729736,7.512899875640869,7.514999866485596,15963.0
2024-07-03 11:47:00,IPSC,2.25,2.25,2.25,2.25,2.25,86.0
2024-07-03 11:47:00,IRWD,6.125,6.125,6.125,6.110000133514404,6.110000133514404,6839.0
2024-07-03 11:47:00,ISPC,0.27309998869895935,0.27309998869895935,0.2750999927520752,0.27309998869895935,0.2750999927520752,6193.0
2024-07-03 11:47:00,ISRG,433.8599853515625,433.8599853515625,433.92999267578125,433.6600036621094,433.69000244140625,5177.0
2024-07-03 11:47:00,ITCI,68.32499694824219,68.32499694824219,68.35600280761719,68.32499694824219,68.35600280761719,1091.0
2024-07-03 11:47:00,ITOS,14.789999961853027,14.789999961853027,14.789999961853027,14.760000228881836,14.760000228881836,4042.0
2024-07-03 11:47:00,IVA,2.9000000953674316,2.9000000953674316,2.9000000953674316,2.9000000953674316,2.9000000953674316,0.0
2024-07-03 11:47:00,JANX,37.90999984741211,37.90999984741211,37.90999984741211,37.851898193359375,37.851898193359375,907.0
2024-07-03 11:47:00,JAZZ,103.80000305175781,103.80000305175781,103.80000305175781,103.80000305175781,103.80000305175781,1566.0
2024-07-03 11:47:00,JSPR,23.020000457763672,23.020000457763672,23.059999465942383,23.020000457763672,23.059999465942383,386.0
2024-07-03 11:47:00,KOD,2.2100000381469727,2.2100000381469727,2.2100000381469727,2.2100000381469727,2.2100000381469727,216.0
2024-07-03 11:47:00,KPTI,0.8299999833106995,0.8299999833106995,0.8299999833106995,0.8220000267028809,0.8220000267028809,11000.0
2024-07-03 11:47:00,KROS,42.290000915527344,42.290000915527344,42.290000915527344,42.20000076293945,42.220001220703125,1401.0
2024-07-03 11:47:00,KTRA,0.2849000096321106,0.2849000096321106,0.2856000065803528,0.2849000096321106,0.2849999964237213,7438.0
2024-07-03 11:47:00,KURA,20.290000915527344,20.290000915527344,20.290000915527344,20.28499984741211,20.28499984741211,516.0
2024-07-03 11:47:00,KYMR,30.239999771118164,30.239999771118164,30.239999771118164,30.040000915527344,30.040000915527344,2709.0
2024-07-03 11:47:00,LAB,1.7999999523162842,1.7999999523162842,1.7999999523162842,1.7949999570846558,1.7949999570846558,1859.0
2024-07-03 11:47:00,LBPH,31.889999389648438,31.889999389648438,32.060001373291016,31.889999389648438,31.899999618530273,1639.0
2024-07-03 11:47:00,LEGN,45.95759963989258,45.95759963989258,46.089900970458984,45.94499969482422,46.089900970458984,576.0
2024-07-03 11:47:00,LFST,5.099999904632568,5.099999904632568,5.099999904632568,5.099999904632568,5.099999904632568,249.0
2024-07-03 11:47:00,LGVN,1.5985000133514404,1.5985000133514404,1.5985000133514404,1.5985000133514404,1.5985000133514404,2300.0
2024-07-03 11:47:00,LIVN,52.599998474121094,52.599998474121094,52.599998474121094,52.56999969482422,52.56999969482422,720.0
2024-07-03 11:47:00,LMAT,81.07679748535156,81.07679748535156,81.07679748535156,81.07679748535156,81.07679748535156,477.0
2024-07-03 11:47:00,LNTH,79.2750015258789,79.2750015258789,79.29499816894531,79.25,79.29499816894531,1238.0
2024-07-03 11:47:00,LOGC,5.760000228881836,5.760000228881836,5.760000228881836,5.760000228881836,5.760000228881836,727.0
2024-07-03 11:47:00,LQDA,11.850000381469727,11.850000381469727,11.850000381469727,11.850000381469727,11.850000381469727,1237.0
2024-07-03 11:47:00,LRMR,7.639999866485596,7.639999866485596,7.639999866485596,7.639999866485596,7.639999866485596,123.0
2024-07-03 11:47:00,LUCY,0.4722000062465668,0.4722000062465668,0.4758000075817108,0.46720001101493835,0.46720001101493835,23060.0
2024-07-03 11:47:00,LUNG,6.28000020980835,6.28000020980835,6.28000020980835,6.28000020980835,6.28000020980835,306.0
2024-07-03 11:47:00,LXRX,1.5950000286102295,1.5950000286102295,1.5950000286102295,1.5950000286102295,1.5950000286102295,871.0
2024-07-03 11:47:00,LYEL,1.5049999952316284,1.5049999952316284,1.5049999952316284,1.5049999952316284,1.5049999952316284,4720.0
2024-07-03 11:47:00,LYRA,0.2863999903202057,0.2863999903202057,0.28690001368522644,0.2863999903202057,0.28690001368522644,450.0
2024-07-03 11:47:00,MBIO,0.4925000071525574,0.4925000071525574,0.4925000071525574,0.4925000071525574,0.4925000071525574,509.0
2024-07-03 11:47:00,MCRB,0.7156999707221985,0.7156999707221985,0.7164999842643738,0.7156999707221985,0.7164999842643738,1014.0
2024-07-03 11:47:00,MDGL,269.510009765625,269.510009765625,269.510009765625,269.510009765625,269.510009765625,649.0
2024-07-03 11:47:00,MDXG,6.744999885559082,6.744999885559082,6.744999885559082,6.744999885559082,6.744999885559082,2213.0
2024-07-03 11:47:00,ME,0.4090999960899353,0.4090999960899353,0.40959998965263367,0.4088999927043915,0.4088999927043915,1438.0
2024-07-03 11:47:00,MGNX,4.204999923706055,4.204999923706055,4.204999923706055,4.190100193023682,4.195000171661377,1921.0
2024-07-03 11:47:00,MIRM,33.67499923706055,33.67499923706055,33.67499923706055,33.67499923706055,33.67499923706055,271.0
2024-07-03 11:47:00,MLTX,41.310001373291016,41.310001373291016,41.369998931884766,41.310001373291016,41.369998931884766,412.0
2024-07-03 11:47:00,MMSI,85.77410125732422,85.77410125732422,85.77410125732422,85.7300033569336,85.7300033569336,916.0
2024-07-03 11:47:00,MNKD,5.010000228881836,5.010000228881836,5.010000228881836,5.005000114440918,5.010000228881836,10990.0
2024-07-03 11:47:00,MNMD,7.110000133514404,7.110000133514404,7.110000133514404,7.090099811553955,7.090099811553955,2946.0
2024-07-03 11:47:00,MODV,28.110000610351562,28.110000610351562,28.110000610351562,28.045000076293945,28.09000015258789,2807.0
2024-07-03 11:47:00,MREO,3.509999990463257,3.509999990463257,3.509999990463257,3.509999990463257,3.509999990463257,1328.0
2024-07-03 11:47:00,MRNA,115.45999908447266,115.45999908447266,115.5199966430664,115.4000015258789,115.43000030517578,6352.0
2024-07-03 11:47:00,MRNS,1.2050000429153442,1.2050000429153442,1.2050000429153442,1.2050000429153442,1.2050000429153442,471.0
2024-07-03 11:47:00,MRSN,1.8450000286102295,1.8450000286102295,1.8450000286102295,1.840000033378601,1.840000033378601,322.0
2024-07-03 11:47:00,MRUS,52.2400016784668,52.2400016784668,52.2400016784668,52.209999084472656,52.209999084472656,1320.0
2024-07-03 11:47:00,MRVI,6.949999809265137,6.949999809265137,6.949999809265137,6.945000171661377,6.945000171661377,2025.0
2024-07-03 11:47:00,MXCT,3.694999933242798,3.694999933242798,3.694999933242798,3.694999933242798,3.694999933242798,402.0
2024-07-03 11:47:00,MYGN,25.092500686645508,25.092500686645508,25.110000610351562,25.079999923706055,25.079999923706055,1892.0
2024-07-03 11:47:00,NARI,49.30500030517578,49.30500030517578,49.30500030517578,49.26319885253906,49.26319885253906,930.0
2024-07-03 11:47:00,NBIX,138.23500061035156,138.23500061035156,138.30999755859375,138.17999267578125,138.30999755859375,2089.0
2024-07-03 11:47:00,NDRA,0.0989999994635582,0.0989999994635582,0.0989999994635582,0.09700000286102295,0.09849999845027924,701054.0
2024-07-03 11:47:00,NEOG,15.1899995803833,15.1899995803833,15.1899995803833,15.15999984741211,15.15999984741211,2639.0
2024-07-03 11:47:00,NKTX,5.324999809265137,5.324999809265137,5.324999809265137,5.324999809265137,5.324999809265137,394.0
2024-07-03 11:47:00,NNOX,6.989999771118164,6.989999771118164,6.989999771118164,6.96999979019165,6.96999979019165,2198.0
2024-07-03 11:47:00,NOTV,1.6449999809265137,1.6449999809265137,1.6449999809265137,1.6399999856948853,1.6399999856948853,562.0
2024-07-03 11:47:00,NTLA,22.674999237060547,22.674999237060547,22.68000030517578,22.65999984741211,22.670000076293945,2379.0
2024-07-03 11:47:00,NTRA,111.33000183105469,111.33000183105469,111.33000183105469,111.13500213623047,111.13500213623047,2341.0
2024-07-03 11:47:00,NUWE,3.9700000286102295,3.9700000286102295,3.9700000286102295,3.9700000286102295,3.9700000286102295,203.0
2024-07-03 11:47:00,NVAX,12.600000381469727,12.600000381469727,12.619999885559082,12.570699691772461,12.579999923706055,16489.0
2024-07-03 11:47:00,NVCR,16.700000762939453,16.700000762939453,16.700000762939453,16.67530059814453,16.67530059814453,2504.0
2024-07-03 11:47:00,NVCT,6.215000152587891,6.215000152587891,6.239999771118164,6.179999828338623,6.239999771118164,2602.0
2024-07-03 11:47:00,NVNO,5.059999942779541,5.059999942779541,5.059999942779541,5.059999942779541,5.059999942779541,4321.0
2024-07-03 11:47:00,OCGN,1.600000023841858,1.600000023841858,1.600000023841858,1.5950000286102295,1.5950000286102295,2787.0
2024-07-03 11:47:00,OCUL,6.659999847412109,6.659999847412109,6.670000076293945,6.650000095367432,6.650000095367432,2635.0
2024-07-03 11:47:00,OFIX,13.420000076293945,13.420000076293945,13.420000076293945,13.399999618530273,13.399999618530273,1591.0
2024-07-03 11:47:00,OGI,1.5715999603271484,1.5715999603271484,1.5715999603271484,1.5715999603271484,1.5715999603271484,2600.0
2024-07-03 11:47:00,OLMA,10.529999732971191,10.529999732971191,10.529999732971191,10.529999732971191,10.529999732971191,692.0
2024-07-03 11:47:00,OM,3.869999885559082,3.869999885559082,3.869999885559082,3.869999885559082,3.869999885559082,345.0
2024-07-03 11:47:00,OMCL,26.579999923706055,26.579999923706055,26.579999923706055,26.579999923706055,26.579999923706055,501.0
2024-07-03 11:47:00,OMER,3.8499999046325684,3.8499999046325684,3.8499999046325684,3.8499999046325684,3.8499999046325684,302.0
2024-07-03 11:47:00,OMGA,1.9550000429153442,1.9550000429153442,1.9592000246047974,1.9550000429153442,1.9592000246047974,482.0
2024-07-03 11:47:00,OMIC,8.5600004196167,8.5600004196167,8.5600004196167,8.5600004196167,8.5600004196167,125.0
2024-07-03 11:48:00,AADI,1.3799999952316284,1.3799999952316284,1.3799999952316284,1.3799999952316284,1.3799999952316284,542.0
2024-07-03 11:48:00,ABOS,2.279900074005127,2.279900074005127,2.279900074005127,2.279900074005127,2.279900074005127,1107.0
2024-07-03 11:48:00,ABSI,3.1549999713897705,3.1549999713897705,3.1549999713897705,3.1549999713897705,3.1549999713897705,134.0
2024-07-03 11:48:00,ACCD,3.5350000858306885,3.5350000858306885,3.5399999618530273,3.5299999713897705,3.5299999713897705,41785.0
2024-07-03 11:48:00,ACET,1.059999942779541,1.059999942779541,1.069599986076355,1.059999942779541,1.065000057220459,1784.0
2024-07-03 11:48:00,ACHC,66.55249786376953,66.55249786376953,66.55249786376953,66.51000213623047,66.51000213623047,888.0
2024-07-03 11:48:00,ACRS,1.159999966621399,1.159999966621399,1.159999966621399,1.159999966621399,1.159999966621399,318.0
2024-07-03 11:48:00,ACST,2.940000057220459,2.940000057220459,2.940000057220459,2.940000057220459,2.940000057220459,40.0
2024-07-03 11:48:00,ADAP,1.000100016593933,1.000100016593933,1.000100016593933,1.000100016593933,1.000100016593933,1722.0
2024-07-03 11:48:00,ADMA,11.21500015258789,11.21500015258789,11.220000267028809,11.204999923706055,11.204999923706055,12115.0
2024-07-03 11:48:00,ADPT,3.369999885559082,3.369999885559082,3.369999885559082,3.3652000427246094,3.369999885559082,3535.0
2024-07-03 11:48:00,AFMD,5.059999942779541,5.059999942779541,5.059999942779541,5.059999942779541,5.059999942779541,163.0
2024-07-03 11:48:00,AGEN,14.380000114440918,14.380000114440918,14.380000114440918,14.380000114440918,14.380000114440918,306.0
2024-07-03 11:48:00,AGIO,41.65999984741211,41.65999984741211,41.65999984741211,41.65999984741211,41.65999984741211,453.0
2024-07-03 11:48:00,AHCO,9.72070026397705,9.72070026397705,9.72070026397705,9.72070026397705,9.72070026397705,4672.0
2024-07-03 11:48:00,AKBA,0.9473000168800354,0.9473000168800354,0.947700023651123,0.9456999897956848,0.947700023651123,1788.0
2024-07-03 11:48:00,ALEC,4.409999847412109,4.409999847412109,4.409999847412109,4.409999847412109,4.409999847412109,1521.0
2024-07-03 11:48:00,ALGN,241.72999572753906,241.72999572753906,241.72999572753906,241.72999572753906,241.72999572753906,237.0
2024-07-03 11:48:00,ALHC,7.980000019073486,7.980000019073486,7.980000019073486,7.980000019073486,7.980000019073486,1263.0
2024-07-03 11:48:00,ALKS,24.2450008392334,24.2450008392334,24.25,24.239999771118164,24.239999771118164,2224.0
2024-07-03 11:48:00,ALLK,0.8270999789237976,0.8270999789237976,0.8270999789237976,0.8270999789237976,0.8270999789237976,200.0
2024-07-03 11:48:00,ALLO,2.1050000190734863,2.1050000190734863,2.1050000190734863,2.1050000190734863,2.1050000190734863,774.0
2024-07-03 11:48:00,ALLR,0.2021999955177307,0.2021999955177307,0.20499999821186066,0.2021999955177307,0.2021999955177307,13215.0
2024-07-03 11:48:00,ALNY,246.83999633789062,246.83999633789062,246.83999633789062,246.83999633789062,246.83999633789062,1470.0
2024-07-03 11:48:00,ALT,6.65500020980835,6.65500020980835,6.65500020980835,6.65500020980835,6.65500020980835,0.0
2024-07-03 11:48:00,ALVR,0.7383000254631042,0.7383000254631042,0.7383000254631042,0.7382000088691711,0.7382000088691711,268.0
2024-07-03 11:48:00,ALXO,5.730000019073486,5.730000019073486,5.730000019073486,5.730000019073486,5.730000019073486,649.0
2024-07-03 11:48:00,AMED,97.01499938964844,97.01499938964844,97.01499938964844,97.01499938964844,97.01499938964844,133.0
2024-07-03 11:48:00,AMGN,307.2749938964844,307.2749938964844,307.3550109863281,307.19000244140625,307.3550109863281,891.0
2024-07-03 11:48:00,AMLX,1.7549999952316284,1.7549999952316284,1.7549999952316284,1.7549999952316284,1.7549999952316284,107.0
2024-07-03 11:48:00,AMPH,38.34000015258789,38.34000015258789,38.34000015258789,38.34000015258789,38.34000015258789,291.0
2024-07-03 11:48:00,ANNX,4.784999847412109,4.784999847412109,4.784999847412109,4.784999847412109,4.784999847412109,1907.0
2024-07-03 11:48:00,ANTX,2.512500047683716,2.512500047683716,2.512500047683716,2.512500047683716,2.512500047683716,515.0
2024-07-03 11:48:00,APDN,0.41190001368522644,0.41190001368522644,0.41190001368522644,0.41190001368522644,0.41190001368522644,700.0
2024-07-03 11:48:00,APLS,35.48500061035156,35.48500061035156,35.48500061035156,35.48500061035156,35.48500061035156,271.0
2024-07-03 11:48:00,APLT,4.355000019073486,4.355000019073486,4.355000019073486,4.34499979019165,4.34499979019165,1569.0
2024-07-03 11:48:00,AQST,2.4049999713897705,2.4049999713897705,2.4049999713897705,2.4049999713897705,2.4049999713897705,1258.0
2024-07-03 11:48:00,ARCT,21.43000030517578,21.43000030517578,21.479999542236328,21.375,21.375,2443.0
2024-07-03 11:48:00,ARDX,5.21999979019165,5.21999979019165,5.21999979019165,5.210000038146973,5.210000038146973,10119.0
2024-07-03 11:48:00,ARGX,434.8349914550781,434.8349914550781,434.8349914550781,434.8349914550781,434.8349914550781,445.0
2024-07-03 11:48:00,ARQT,9.635000228881836,9.635000228881836,9.649999618530273,9.630000114440918,9.649999618530273,2285.0
2024-07-03 11:48:00,ATAI,1.2899999618530273,1.2899999618530273,1.2899999618530273,1.2899999618530273,1.2899999618530273,1910.0
2024-07-03 11:48:00,ATEC,9.984999656677246,9.984999656677246,9.984999656677246,9.984999656677246,9.984999656677246,544.0
2024-07-03 11:48:00,ATOS,1.159999966621399,1.159999966621399,1.159999966621399,1.159999966621399,1.159999966621399,339.0
2024-07-03 11:48:00,ATRA,7.690000057220459,7.690000057220459,7.690000057220459,7.690000057220459,7.690000057220459,285.0
2024-07-03 11:48:00,ATRC,22.334999084472656,22.334999084472656,22.420000076293945,22.334999084472656,22.40999984741211,3963.0
2024-07-03 11:48:00,ATXS,8.970000267028809,8.970000267028809,8.979999542236328,8.970000267028809,8.979999542236328,624.0
2024-07-03 11:48:00,AUPH,5.465000152587891,5.465000152587891,5.465000152587891,5.464000225067139,5.465000152587891,2059.0
2024-07-03 11:48:00,AVDL,14.40999984741211,14.40999984741211,14.40999984741211,14.399999618530273,14.40999984741211,1942.0
2024-07-03 11:48:00,AVTE,1.6399999856948853,1.6399999856948853,1.6399999856948853,1.6299999952316284,1.6299999952316284,2853.0
2024-07-03 11:48:00,AVXL,4.164999961853027,4.164999961853027,4.164999961853027,4.159999847412109,4.159999847412109,4642.0
2024-07-03 11:48:00,AXGN,7.420000076293945,7.420000076293945,7.420000076293945,7.420000076293945,7.420000076293945,1061.0
2024-07-03 11:48:00,AXNX,67.54499816894531,67.54499816894531,67.54499816894531,67.54499816894531,67.54499816894531,456.0
2024-07-03 11:48:00,AXSM,79.51499938964844,79.51499938964844,79.51499938964844,79.4749984741211,79.4749984741211,188.0
2024-07-03 11:48:00,AZN,76.67500305175781,76.67500305175781,76.68000030517578,76.67250061035156,76.67500305175781,3818.0
2024-07-03 11:48:00,AZTA,52.70000076293945,52.70000076293945,52.709999084472656,52.63999938964844,52.63999938964844,3051.0
2024-07-03 11:48:00,BACK,1.6787999868392944,1.6787999868392944,1.6787999868392944,1.6787999868392944,1.6787999868392944,17.0
2024-07-03 11:48:00,BBIO,25.30500030517578,25.30500030517578,25.30500030517578,25.30500030517578,25.30500030517578,746.0
2024-07-03 11:48:00,BCAB,1.3799999952316284,1.3799999952316284,1.3799999952316284,1.3799999952316284,1.3799999952316284,1100.0
2024-07-03 11:48:00,BCDA,3.0899999141693115,3.0899999141693115,3.0899999141693115,3.0899999141693115,3.0899999141693115,1049.0
2024-07-03 11:48:00,BCRX,6.434999942779541,6.434999942779541,6.434999942779541,6.434999942779541,6.434999942779541,505.0
2024-07-03 11:48:00,BEAM,23.56999969482422,23.56999969482422,23.56999969482422,23.56999969482422,23.56999969482422,476.0
2024-07-03 11:48:00,BEAT,2.805000066757202,2.805000066757202,2.805000066757202,2.805000066757202,2.805000066757202,1354.0
2024-07-03 11:48:00,BIIB,224.07000732421875,224.07000732421875,224.07000732421875,224.0,224.00999450683594,2411.0
2024-07-03 11:48:00,BLUE,0.9225999712944031,0.9225999712944031,0.9225999712944031,0.9225999712944031,0.9225999712944031,1607.0
2024-07-03 11:48:00,BMRN,80.9000015258789,80.9000015258789,80.9000015258789,80.86499786376953,80.86499786376953,809.0
2024-07-03 11:48:00,BPMC,110.72000122070312,110.72000122070312,110.72000122070312,110.70999908447266,110.70999908447266,419.0
2024-07-03 11:48:00,BRKR,61.50749969482422,61.50749969482422,61.529998779296875,61.50749969482422,61.529998779296875,2224.0
2024-07-03 11:48:00,BTAI,1.0800000429153442,1.0800000429153442,1.0800000429153442,1.0800000429153442,1.0800000429153442,161.0
2024-07-03 11:48:00,BVS,5.96999979019165,5.96999979019165,5.96999979019165,5.965000152587891,5.965000152587891,1934.0
2024-07-03 11:48:00,BYSI,2.5,2.5,2.509999990463257,2.5,2.5,668.0
2024-07-03 11:48:00,CARA,0.289000004529953,0.289000004529953,0.289000004529953,0.289000004529953,0.289000004529953,393.0
2024-07-03 11:48:00,CASI,5.235000133514404,5.235000133514404,5.235000133514404,5.235000133514404,5.235000133514404,2108.0
2024-07-03 11:48:00,CCCC,4.525000095367432,4.525000095367432,4.525000095367432,4.490699768066406,4.490699768066406,5239.0
2024-07-03 11:48:00,CCRN,13.8100004196167,13.8100004196167,13.8100004196167,13.8100004196167,13.8100004196167,819.0
2024-07-03 11:48:00,CDMO,7.71999979019165,7.71999979019165,7.730000019073486,7.710000038146973,7.730000019073486,3664.0
2024-07-03 11:48:00,CERE,39.86000061035156,39.86000061035156,40.029998779296875,39.79999923706055,39.900001525878906,178053.0
2024-07-03 11:48:00,CERS,1.7100000381469727,1.7100000381469727,1.715000033378601,1.7100000381469727,1.715000033378601,623.0
2024-07-03 11:48:00,CGC,6.519999980926514,6.519999980926514,6.519999980926514,6.519999980926514,6.519999980926514,359.0
2024-07-03 11:48:00,CGEN,1.6549999713897705,1.6549999713897705,1.6549999713897705,1.6349999904632568,1.6349999904632568,8045.0
2024-07-03 11:48:00,CHRS,1.3949999809265137,1.3949999809265137,1.3949999809265137,1.3899999856948853,1.3899999856948853,1247.0
2024-07-03 11:48:00,CKPT,2.2095000743865967,2.2095000743865967,2.2095000743865967,2.2095000743865967,2.2095000743865967,711.0
2024-07-03 11:48:00,CLDX,36.119998931884766,36.119998931884766,36.119998931884766,36.07500076293945,36.07500076293945,400.0
2024-07-03 11:48:00,CLNN,0.32749998569488525,0.32749998569488525,0.32749998569488525,0.32749998569488525,0.32749998569488525,1179.0
2024-07-03 11:48:00,CLOV,1.2400000095367432,1.2400000095367432,1.2450000047683716,1.2400000095367432,1.2450000047683716,31584.0
2024-07-03 11:48:00,CLPT,5.420000076293945,5.420000076293945,5.420000076293945,5.420000076293945,5.420000076293945,2288.0
2024-07-03 11:48:00,CMMB,0.968999981880188,0.968999981880188,0.968999981880188,0.9531000256538391,0.9531000256538391,6901.0
2024-07-03 11:48:00,CMPS,6.295400142669678,6.295400142669678,6.295400142669678,6.25,6.28000020980835,13528.0
2024-07-03 11:48:00,CMPX,0.8519999980926514,0.8519999980926514,0.8519999980926514,0.8519999980926514,0.8519999980926514,200.0
2024-07-03 11:48:00,CNSP,1.5299999713897705,1.5299999713897705,1.559999942779541,1.5299999713897705,1.5499999523162842,24373.0
2024-07-03 11:48:00,CNTB,1.3799999952316284,1.3799999952316284,1.3799999952316284,1.3799999952316284,1.3799999952316284,310.0
2024-07-03 11:48:00,COGT,8.425000190734863,8.425000190734863,8.425000190734863,8.425000190734863,8.425000190734863,1279.0
2024-07-03 11:48:00,CORT,30.299999237060547,30.299999237060547,30.299999237060547,30.25,30.260000228881836,4060.0
2024-07-03 11:48:00,COSM,0.9300000071525574,0.9300000071525574,0.9300000071525574,0.9210000038146973,0.925000011920929,2055.0
2024-07-03 11:48:00,CPRX,15.420000076293945,15.420000076293945,15.420000076293945,15.40999984741211,15.40999984741211,1023.0
2024-07-03 11:48:00,CRBP,49.58000183105469,49.58000183105469,49.58000183105469,49.58000183105469,49.58000183105469,336.0
2024-07-03 11:48:00,CRBU,1.5800000429153442,1.5800000429153442,1.5800000429153442,1.5750000476837158,1.5750000476837158,1046.0
2024-07-03 11:48:00,CRDF,2.2149999141693115,2.2149999141693115,2.2149999141693115,2.2149999141693115,2.2149999141693115,200.0
2024-07-03 11:48:00,CRMD,4.125,4.125,4.125,4.125,4.125,259.0
2024-07-03 11:48:00,CRSP,53.900001525878906,53.900001525878906,53.900001525878906,53.899898529052734,53.899898529052734,1405.0
2024-07-03 11:48:00,CSTL,20.959999084472656,20.959999084472656,20.959999084472656,20.860000610351562,20.860000610351562,2361.0
2024-07-03 11:48:00,CTKB,5.605000019073486,5.605000019073486,5.605000019073486,5.605000019073486,5.605000019073486,574.0
2024-07-03 11:48:00,CTXR,0.5019000172615051,0.5019000172615051,0.5020999908447266,0.5019000172615051,0.5020999908447266,1477.0
2024-07-03 11:48:00,CUTR,1.2999999523162842,1.2999999523162842,1.2999999523162842,1.2999999523162842,1.2999999523162842,578.0
2024-07-03 11:48:00,CVAC,3.3350000381469727,3.3350000381469727,3.3399999141693115,3.3350000381469727,3.3350000381469727,4701.0
2024-07-03 11:48:00,CYTK,54.560001373291016,54.560001373291016,54.560001373291016,54.560001373291016,54.560001373291016,395.0
2024-07-03 11:48:00,CYTO,1.1549999713897705,1.1549999713897705,1.159999966621399,1.149999976158142,1.149999976158142,13694.0
2024-07-03 11:48:00,DARE,3.2799999713897705,3.2799999713897705,3.2799999713897705,3.2799999713897705,3.2799999713897705,1654.0
2024-07-03 11:48:00,DCGO,2.940000057220459,2.940000057220459,2.940000057220459,2.940000057220459,2.940000057220459,1230.0
2024-07-03 11:48:00,DH,5.375,5.375,5.375,5.375,5.375,225.0
2024-07-03 11:48:00,DNLI,21.399999618530273,21.399999618530273,21.399999618530273,21.360000610351562,21.360000610351562,1067.0
2024-07-03 11:48:00,DSGN,3.259999990463257,3.259999990463257,3.259999990463257,3.259999990463257,3.259999990463257,674.0
2024-07-03 11:48:00,DVAX,11.050000190734863,11.050000190734863,11.050000190734863,11.050000190734863,11.050000190734863,1647.0
2024-07-03 11:48:00,DXCM,110.66000366210938,110.66000366210938,110.66000366210938,110.66000366210938,110.66000366210938,1024.0
2024-07-03 11:48:00,DYN,34.1349983215332,34.1349983215332,34.150001525878906,34.060001373291016,34.060001373291016,1769.0
2024-07-03 11:48:00,EDIT,4.639999866485596,4.639999866485596,4.649899959564209,4.639999866485596,4.644999980926514,3137.0
2024-07-03 11:48:00,EGRX,5.400000095367432,5.400000095367432,5.400000095367432,5.400000095367432,5.400000095367432,157.0
2024-07-03 11:48:00,ELYM,6.789999961853027,6.789999961853027,6.789999961853027,6.789999961853027,6.789999961853027,1502.0
2024-07-03 11:48:00,EMBC,12.039999961853027,12.039999961853027,12.050000190734863,12.03499984741211,12.050000190734863,2279.0
2024-07-03 11:48:00,EOLS,10.890000343322754,10.890000343322754,10.890000343322754,10.890000343322754,10.890000343322754,419.0
2024-07-03 11:48:00,ERAS,2.2200000286102295,2.2200000286102295,2.2200000286102295,2.2200000286102295,2.2200000286102295,230.0
2024-07-03 11:48:00,ESPR,2.3499999046325684,2.3499999046325684,2.3499999046325684,2.3306000232696533,2.3306000232696533,14361.0
2024-07-03 11:48:00,EWTX,18.09000015258789,18.09000015258789,18.09000015258789,18.079999923706055,18.079999923706055,818.0
2024-07-03 11:48:00,EXAI,5.434700012207031,5.434700012207031,5.440000057220459,5.434700012207031,5.440000057220459,1694.0
2024-07-03 11:48:00,EXAS,43.20000076293945,43.20000076293945,43.2400016784668,43.189998626708984,43.20000076293945,2479.0
2024-07-03 11:48:00,EYEN,0.7799999713897705,0.7799999713897705,0.7843999862670898,0.7799999713897705,0.7843999862670898,707.0
2024-07-03 11:48:00,EYPT,8.289999961853027,8.289999961853027,8.3100004196167,8.289999961853027,8.3100004196167,903.0
2024-07-03 11:48:00,FATE,3.1549999713897705,3.1549999713897705,3.1549999713897705,3.1500000953674316,3.1549999713897705,584.0
2024-07-03 11:48:00,FDMT,20.84000015258789,20.84000015258789,20.860000610351562,20.825000762939453,20.825000762939453,2435.0
2024-07-03 11:48:00,FGEN,0.7081999778747559,0.7081999778747559,0.7081999778747559,0.7056000232696533,0.7056000232696533,3438.0
2024-07-03 11:48:00,FHTX,5.625,5.625,5.630000114440918,5.625,5.630000114440918,370.0
2024-07-03 11:48:00,FONR,16.15999984741211,16.15999984741211,16.15999984741211,16.065000534057617,16.065000534057617,0.0
2024-07-03 11:48:00,FULC,6.135000228881836,6.135000228881836,6.139999866485596,6.135000228881836,6.139999866485596,2352.0
2024-07-03 11:48:00,GDRX,7.730400085449219,7.730400085449219,7.760000228881836,7.730000019073486,7.759900093078613,8545.0
2024-07-03 11:48:00,GERN,4.321100234985352,4.321100234985352,4.326000213623047,4.321100234985352,4.324999809265137,4401.0
2024-07-03 11:48:00,GH,28.270000457763672,28.270000457763672,28.270000457763672,28.239999771118164,28.239999771118164,1040.0
2024-07-03 11:48:00,GILD,67.03679656982422,67.03679656982422,67.05000305175781,66.9800033569336,66.9800033569336,9033.0
2024-07-03 11:48:00,GLYC,0.2712000012397766,0.2712000012397766,0.2712000012397766,0.2712000012397766,0.2712000012397766,320.0
2024-07-03 11:48:00,GOSS,0.9580000042915344,0.9580000042915344,0.9580000042915344,0.9580000042915344,0.9580000042915344,6542.0
2024-07-03 11:48:00,GOVX,2.920099973678589,2.920099973678589,2.9298999309539795,2.920099973678589,2.9298999309539795,5707.0
2024-07-03 11:48:00,GRFS,6.6666998863220215,6.6666998863220215,6.6666998863220215,6.6666998863220215,6.6666998863220215,1858.0
2024-07-03 11:48:00,GRTS,0.5855000019073486,0.5855000019073486,0.5855000019073486,0.5842000246047974,0.5842000246047974,1817.0
2024-07-03 11:48:00,HALO,51.994998931884766,51.994998931884766,51.994998931884766,51.9900016784668,51.9900016784668,303.0
2024-07-03 11:48:00,HBIO,2.7699999809265137,2.7699999809265137,2.7750000953674316,2.7699999809265137,2.7750000953674316,658.0
2024-07-03 11:48:00,HCAT,6.190000057220459,6.190000057220459,6.190000057220459,6.179999828338623,6.179999828338623,2133.0
2024-07-03 11:48:00,HLVX,14.359999656677246,14.359999656677246,14.359999656677246,14.359999656677246,14.359999656677246,319.0
2024-07-03 11:48:00,HOLX,73.26799774169922,73.26799774169922,73.2699966430664,73.20999908447266,73.20999908447266,3784.0
2024-07-03 11:48:00,HOOK,0.5878999829292297,0.5878999829292297,0.589900016784668,0.5860000252723694,0.5860000252723694,15657.0
2024-07-03 11:48:00,HOWL,2.0399999618530273,2.0399999618530273,2.0399999618530273,2.0399999618530273,2.0399999618530273,1028.0
2024-07-03 11:48:00,HQY,83.36360168457031,83.36360168457031,83.36360168457031,83.33499908447266,83.33499908447266,730.0
2024-07-03 11:48:00,HRTX,2.710099935531616,2.710099935531616,2.7149999141693115,2.7100000381469727,2.7149999141693115,10700.0
2024-07-03 11:48:00,HSIC,64.9800033569336,64.9800033569336,64.99500274658203,64.9800033569336,64.9800033569336,368.0
2024-07-03 11:48:00,HUMA,5.690000057220459,5.690000057220459,5.695000171661377,5.675600051879883,5.675600051879883,6510.0
2024-07-03 11:48:00,HYPR,1.0,1.0,1.0,1.0,1.0,581.0
2024-07-03 11:48:00,IART,28.514999389648438,28.514999389648438,28.514999389648438,28.489999771118164,28.4950008392334,3194.0
2024-07-03 11:48:00,IBRX,6.260000228881836,6.260000228881836,6.260000228881836,6.260000228881836,6.260000228881836,229.0
2024-07-03 11:48:00,ICLR,318.2200012207031,318.2200012207031,318.2200012207031,318.2200012207031,318.2200012207031,548.0
2024-07-03 11:48:00,IDXX,476.6000061035156,476.6000061035156,477.0899963378906,476.07000732421875,476.0899963378906,3344.0
2024-07-03 11:48:00,IDYA,33.334999084472656,33.334999084472656,33.369998931884766,33.31999969482422,33.31999969482422,2809.0
2024-07-03 11:48:00,ILMN,105.52999877929688,105.52999877929688,105.55000305175781,105.5199966430664,105.5199966430664,2129.0
2024-07-03 11:48:00,IMMP,1.9600000381469727,1.9600000381469727,1.9600000381469727,1.9600000381469727,1.9600000381469727,1213.0
2024-07-03 11:48:00,IMMX,2.3866000175476074,2.3866000175476074,2.390000104904175,2.36899995803833,2.36899995803833,2164.0
2024-07-03 11:48:00,IMNM,12.039999961853027,12.039999961853027,12.039999961853027,11.960000038146973,11.960000038146973,4189.0
2024-07-03 11:48:00,IMRN,2.0190000534057617,2.0190000534057617,2.0190000534057617,2.0190000534057617,2.0190000534057617,400.0
2024-07-03 11:48:00,IMUX,1.1349999904632568,1.1349999904632568,1.1349999904632568,1.1349999904632568,1.1349999904632568,552.0
2024-07-03 11:48:00,INCY,57.994998931884766,57.994998931884766,58.064998626708984,57.994998931884766,58.064998626708984,5186.0
2024-07-03 11:48:00,INGN,8.020000457763672,8.020000457763672,8.020000457763672,8.020000457763672,8.020000457763672,552.0
2024-07-03 11:48:00,INMB,7.929999828338623,7.929999828338623,7.929999828338623,7.929999828338623,7.929999828338623,786.0
2024-07-03 11:48:00,INMD,17.594200134277344,17.594200134277344,17.610000610351562,17.575000762939453,17.579999923706055,15327.0
2024-07-03 11:48:00,INSM,62.060001373291016,62.060001373291016,62.119998931884766,62.060001373291016,62.064998626708984,1823.0
2024-07-03 11:48:00,INVA,16.270000457763672,16.270000457763672,16.270000457763672,16.270000457763672,16.270000457763672,310.0
2024-07-03 11:48:00,INZY,4.440000057220459,4.440000057220459,4.440000057220459,4.440000057220459,4.440000057220459,1341.0
2024-07-03 11:48:00,IONM,0.31049999594688416,0.31049999594688416,0.31679999828338623,0.31049999594688416,0.31679999828338623,32379.0
2024-07-03 11:48:00,IONS,44.70500183105469,44.70500183105469,44.70500183105469,44.69499969482422,44.69499969482422,634.0
2024-07-03 11:48:00,IOVA,7.52839994430542,7.52839994430542,7.53000020980835,7.5208001136779785,7.53000020980835,5664.0
2024-07-03 11:48:00,IRTC,94.27999877929688,94.27999877929688,94.44499969482422,94.27999877929688,94.44499969482422,647.0
2024-07-03 11:48:00,IRWD,6.119999885559082,6.119999885559082,6.119999885559082,6.119999885559082,6.119999885559082,329.0
2024-07-03 11:48:00,ISRG,433.8999938964844,433.8999938964844,434.2900085449219,433.8999938964844,434.1000061035156,3425.0
2024-07-03 11:48:00,KPRX,4.440000057220459,4.440000057220459,4.449999809265137,4.440000057220459,4.449999809265137,445.0
2024-07-03 11:48:00,KPTI,0.829200029373169,0.829200029373169,0.829200029373169,0.8284000158309937,0.8284000158309937,0.0
2024-07-03 11:48:00,KRMD,2.4049999713897705,2.4049999713897705,2.4049999713897705,2.4049999713897705,2.4049999713897705,553.0
2024-07-03 11:48:00,KTRA,0.289000004529953,0.289000004529953,0.289000004529953,0.2865999937057495,0.2865999937057495,3700.0
2024-07-03 11:48:00,KURA,20.299999237060547,20.299999237060547,20.299999237060547,20.299999237060547,20.299999237060547,657.0
2024-07-03 11:48:00,KYMR,30.225000381469727,30.225000381469727,30.225000381469727,30.225000381469727,30.225000381469727,607.0
2024-07-03 11:48:00,KZR,0.5735999941825867,0.5735999941825867,0.5735999941825867,0.5735999941825867,0.5735999941825867,619.0
2024-07-03 11:48:00,LAB,1.7999999523162842,1.7999999523162842,1.7999999523162842,1.7949999570846558,1.7999999523162842,453.0
2024-07-03 11:48:00,LBPH,32.0099983215332,32.0099983215332,32.060001373291016,32.0099983215332,32.060001373291016,2330.0
2024-07-03 11:48:00,LEGN,46.02000045776367,46.02000045776367,46.119998931884766,45.9900016784668,45.9900016784668,1326.0
2024-07-03 11:48:00,LFST,5.099999904632568,5.099999904632568,5.099999904632568,5.099999904632568,5.099999904632568,1872.0
2024-07-03 11:48:00,LGVN,1.5950000286102295,1.5950000286102295,1.5950000286102295,1.5950000286102295,1.5950000286102295,1348.0
2024-07-03 11:48:00,LIVN,52.68000030517578,52.68000030517578,52.68000030517578,52.63999938964844,52.63999938964844,3043.0
2024-07-03 11:48:00,LMAT,81.23999786376953,81.23999786376953,81.23999786376953,81.1260986328125,81.1260986328125,2191.0
2024-07-03 11:48:00,LNTH,79.19999694824219,79.19999694824219,79.2300033569336,79.1500015258789,79.19999694824219,2676.0
2024-07-03 11:48:00,LPTX,1.7899999618530273,1.7899999618530273,1.7899999618530273,1.7899999618530273,1.7899999618530273,1136.0
2024-07-03 11:48:00,LQDA,11.84000015258789,11.84000015258789,11.84000015258789,11.84000015258789,11.84000015258789,707.0
2024-07-03 11:48:00,LRMR,7.679999828338623,7.679999828338623,7.679999828338623,7.659999847412109,7.670000076293945,1115.0
2024-07-03 11:48:00,LTRN,4.376800060272217,4.376800060272217,4.409999847412109,4.376800060272217,4.409999847412109,2117.0
2024-07-03 11:48:00,LUCD,0.7659000158309937,0.7659000158309937,0.7659000158309937,0.7659000158309937,0.7659000158309937,1053.0
2024-07-03 11:48:00,LXRX,1.5966999530792236,1.5966999530792236,1.5966999530792236,1.590000033378601,1.590000033378601,5471.0
2024-07-03 11:48:00,LYEL,1.5049999952316284,1.5049999952316284,1.5049999952316284,1.5049999952316284,1.5049999952316284,905.0
2024-07-03 11:48:00,LYRA,0.28630000352859497,0.28630000352859497,0.28690001368522644,0.28630000352859497,0.28690001368522644,700.0
2024-07-03 11:48:00,MASI,114.81999969482422,114.81999969482422,114.81999969482422,114.80000305175781,114.80000305175781,1291.0
2024-07-03 11:48:00,MBIO,0.4982999861240387,0.4982999861240387,0.4984000027179718,0.4982999861240387,0.4984000027179718,7514.0
2024-07-03 11:48:00,MCRB,0.7156000137329102,0.7156000137329102,0.7160000205039978,0.7156000137329102,0.7156999707221985,859.0
2024-07-03 11:48:00,ME,0.40939998626708984,0.40939998626708984,0.4099999964237213,0.4092999994754791,0.4099000096321106,14307.0
2024-07-03 11:48:00,MIRM,33.7599983215332,33.7599983215332,33.79999923706055,33.72999954223633,33.72999954223633,2702.0
2024-07-03 11:48:00,MNPR,0.707099974155426,0.707099974155426,0.707099974155426,0.707099974155426,0.707099974155426,573.0
2024-07-03 11:48:00,MRNA,115.47160339355469,115.47160339355469,115.5,115.38009643554688,115.46910095214844,2266.0
2024-07-03 11:48:00,MRSN,1.840000033378601,1.840000033378601,1.8450000286102295,1.840000033378601,1.840000033378601,602.0
2024-07-03 11:48:00,MRVI,6.954999923706055,6.954999923706055,6.954999923706055,6.954999923706055,6.954999923706055,263.0
2024-07-03 11:48:00,MXCT,3.700000047683716,3.700000047683716,3.700000047683716,3.700000047683716,3.700000047683716,200.0
2024-07-03 11:48:00,MYGN,25.049999237060547,25.049999237060547,25.110000610351562,25.049999237060547,25.094999313354492,2643.0
2024-07-03 11:48:00,MYNZ,0.33970001339912415,0.33970001339912415,0.33970001339912415,0.33970001339912415,0.33970001339912415,5644.0
2024-07-03 11:48:00,NARI,49.4119987487793,49.4119987487793,49.4119987487793,49.38999938964844,49.38999938964844,1181.0
2024-07-03 11:48:00,NBIX,138.27000427246094,138.27000427246094,138.27000427246094,138.27000427246094,138.27000427246094,939.0
2024-07-03 11:48:00,NDRA,0.09929999709129333,0.09929999709129333,0.0997999981045723,0.09809999912977219,0.0989999994635582,465310.0
2024-07-03 11:48:00,NEOG,15.199999809265137,15.199999809265137,15.210000038146973,15.199999809265137,15.199999809265137,2232.0
2024-07-03 11:48:00,NKTR,1.2350000143051147,1.2350000143051147,1.2350000143051147,1.2350000143051147,1.2350000143051147,663.0
2024-07-03 11:48:00,NKTX,5.329999923706055,5.329999923706055,5.329999923706055,5.329999923706055,5.329999923706055,361.0
2024-07-03 11:48:00,NNOX,7.029900074005127,7.029900074005127,7.029900074005127,6.996600151062012,7.0,4277.0
2024-07-03 11:48:00,NOTV,1.6399999856948853,1.6399999856948853,1.6399999856948853,1.6399999856948853,1.6399999856948853,543.0
2024-07-03 11:48:00,NRSN,1.2999999523162842,1.2999999523162842,1.2999999523162842,1.2999999523162842,1.2999999523162842,200.0
2024-07-03 11:48:00,NTLA,22.68000030517578,22.68000030517578,22.68000030517578,22.68000030517578,22.68000030517578,252.0
2024-07-03 11:48:00,NTRA,111.38500213623047,111.38500213623047,111.38500213623047,111.38500213623047,111.38500213623047,523.0
2024-07-03 11:48:00,NUVL,71.87000274658203,71.87000274658203,71.87000274658203,71.87000274658203,71.87000274658203,667.0
2024-07-03 11:48:00,NVAX,12.625,12.625,12.640000343322754,12.609999656677246,12.609999656677246,8069.0
2024-07-03 11:48:00,NVCR,16.709999084472656,16.709999084472656,16.719999313354492,16.690000534057617,16.719999313354492,1377.0
2024-07-03 11:48:00,NVOS,0.7511000037193298,0.7511000037193298,0.7511000037193298,0.7511000037193298,0.7511000037193298,30000.0
2024-07-03 11:48:00,NXL,1.3899999856948853,1.3899999856948853,1.3899999856948853,1.3849999904632568,1.3880000114440918,4416.0
2024-07-03 11:48:00,NXTC,1.5750000476837158,1.5750000476837158,1.5750000476837158,1.5750000476837158,1.5750000476837158,205.0
2024-07-03 11:48:00,NYXH,7.179999828338623,7.179999828338623,7.199999809265137,7.179999828338623,7.199999809265137,615.0
2024-07-03 11:48:00,OCGN,1.5950000286102295,1.5950000286102295,1.600000023841858,1.5950000286102295,1.600000023841858,3178.0
2024-07-03 11:48:00,OCUL,6.670000076293945,6.670000076293945,6.670000076293945,6.670000076293945,6.670000076293945,239.0
2024-07-03 11:48:00,OGI,1.5750000476837158,1.5750000476837158,1.5750000476837158,1.5750000476837158,1.5750000476837158,0.0
2024-07-03 11:48:00,OM,3.869999885559082,3.869999885559082,3.869999885559082,3.869999885559082,3.869999885559082,481.0
2024-07-03 11:48:00,OMER,3.8399999141693115,3.8399999141693115,3.8399999141693115,3.8399999141693115,3.8399999141693115,283.0
2024-07-03 11:48:00,OMGA,1.9600000381469727,1.9600000381469727,1.9600000381469727,1.9550000429153442,1.9600000381469727,2094.0
2024-07-03 11:49:00,ABCL,2.7100000381469727,2.7100000381469727,2.7100000381469727,2.7100000381469727,2.7100000381469727,148.0
2024-07-03 11:49:00,ABSI,3.174999952316284,3.174999952316284,3.180000066757202,3.1600000858306885,3.1600000858306885,7010.0
2024-07-03 11:49:00,ABUS,3.134999990463257,3.134999990463257,3.134999990463257,3.134999990463257,3.134999990463257,0.0
2024-07-03 11:49:00,ACB,4.860000133514404,4.860000133514404,4.869999885559082,4.860000133514404,4.869999885559082,3972.0
2024-07-03 11:49:00,ACCD,3.5188000202178955,3.5188000202178955,3.5299999713897705,3.5188000202178955,3.5299999713897705,7945.0
2024-07-03 11:49:00,ACHC,66.51000213623047,66.51000213623047,66.51000213623047,66.5,66.5,421.0
2024-07-03 11:49:00,ACLX,53.849998474121094,53.849998474121094,53.88999938964844,53.849998474121094,53.88999938964844,1370.0
2024-07-03 11:49:00,ACRS,1.159999966621399,1.159999966621399,1.159999966621399,1.159999966621399,1.159999966621399,1921.0
2024-07-03 11:49:00,ADMA,11.229999542236328,11.229999542236328,11.229999542236328,11.21500015258789,11.21500015258789,13546.0
2024-07-03 11:49:00,ADPT,3.359999895095825,3.359999895095825,3.375,3.359999895095825,3.369999885559082,1762.0
2024-07-03 11:49:00,AEMD,0.4124999940395355,0.4124999940395355,0.4124999940395355,0.40209999680519104,0.40459999442100525,1570.0
2024-07-03 11:49:00,AFMD,5.070000171661377,5.070000171661377,5.070000171661377,5.057499885559082,5.057499885559082,722.0
2024-07-03 11:49:00,AGEN,14.36139965057373,14.36139965057373,14.36139965057373,14.36139965057373,14.36139965057373,289.0
2024-07-03 11:49:00,AKBA,0.9456999897956848,0.9456999897956848,0.9473000168800354,0.9456999897956848,0.9473000168800354,1305.0
2024-07-03 11:49:00,ALDX,3.180000066757202,3.180000066757202,3.180000066757202,3.1700000762939453,3.1700000762939453,1639.0
2024-07-03 11:49:00,ALGN,241.6199951171875,241.6199951171875,241.7100067138672,241.3699951171875,241.3699951171875,1433.0
2024-07-03 11:49:00,ALHC,7.989999771118164,7.989999771118164,7.989999771118164,7.989999771118164,7.989999771118164,1240.0
2024-07-03 11:49:00,ALIM,5.525000095367432,5.525000095367432,5.525000095367432,5.525000095367432,5.525000095367432,3001.0
2024-07-03 11:49:00,ALKS,24.2450008392334,24.2450008392334,24.25,24.239999771118164,24.2450008392334,4920.0
2024-07-03 11:49:00,ALLK,0.8258000016212463,0.8258000016212463,0.8258000016212463,0.8258000016212463,0.8258000016212463,368.0
2024-07-03 11:49:00,ALLO,2.0999999046325684,2.0999999046325684,2.100399971008301,2.0999999046325684,2.100399971008301,2868.0
2024-07-03 11:49:00,ALLR,0.2021999955177307,0.2021999955177307,0.20489999651908875,0.2021999955177307,0.20489999651908875,2429.0
2024-07-03 11:49:00,ALNY,246.38999938964844,246.38999938964844,246.55999755859375,246.38999938964844,246.55999755859375,2542.0
2024-07-03 11:49:00,ALT,6.65500020980835,6.65500020980835,6.65500020980835,6.65500020980835,6.65500020980835,1040.0
2024-07-03 11:49:00,AMGN,307.2099914550781,307.2099914550781,307.2749938964844,307.1499938964844,307.1499938964844,1411.0
2024-07-03 11:49:00,AMLX,1.7585999965667725,1.7585999965667725,1.7585999965667725,1.75,1.7549999952316284,4033.0
2024-07-03 11:49:00,AMPH,38.342498779296875,38.342498779296875,38.342498779296875,38.34000015258789,38.34170150756836,784.0
2024-07-03 11:49:00,AMRN,0.6901999711990356,0.6901999711990356,0.6902999877929688,0.6901999711990356,0.6902999877929688,700.0
2024-07-03 11:49:00,ANAB,24.975000381469727,24.975000381469727,24.975000381469727,24.975000381469727,24.975000381469727,258.0
2024-07-03 11:49:00,ANGO,5.639999866485596,5.639999866485596,5.639999866485596,5.635000228881836,5.635000228881836,722.0
2024-07-03 11:49:00,ANIK,25.6200008392334,25.6200008392334,25.68000030517578,25.6200008392334,25.68000030517578,847.0
2024-07-03 11:49:00,ANIP,61.029998779296875,61.029998779296875,61.04999923706055,60.95000076293945,60.95000076293945,1100.0
2024-07-03 11:49:00,ANNX,4.784999847412109,4.784999847412109,4.784999847412109,4.784999847412109,4.784999847412109,1665.0
2024-07-03 11:49:00,APDN,0.41110000014305115,0.41110000014305115,0.41110000014305115,0.4099000096321106,0.4099000096321106,10565.0
2024-07-03 11:49:00,APLS,35.43000030517578,35.43000030517578,35.47999954223633,35.43000030517578,35.47999954223633,1167.0
2024-07-03 11:49:00,APLT,4.355000019073486,4.355000019073486,4.355000019073486,4.355000019073486,4.355000019073486,200.0
2024-07-03 11:49:00,ARAY,1.7350000143051147,1.7350000143051147,1.7350000143051147,1.7350000143051147,1.7350000143051147,316.0
2024-07-03 11:49:00,ARCT,21.43000030517578,21.43000030517578,21.43000030517578,21.43000030517578,21.43000030517578,327.0
2024-07-03 11:49:00,ARDX,5.206500053405762,5.206500053405762,5.21999979019165,5.200099945068359,5.215000152587891,9553.0
2024-07-03 11:49:00,ARQT,9.62399959564209,9.62399959564209,9.635000228881836,9.62399959564209,9.630000114440918,2440.0
2024-07-03 11:49:00,ARVN,23.780000686645508,23.780000686645508,23.780000686645508,23.780000686645508,23.780000686645508,101.0
2024-07-03 11:49:00,ARWR,25.25,25.25,25.299999237060547,25.25,25.299999237060547,2049.0
2024-07-03 11:49:00,ASLN,2.2899999618530273,2.2899999618530273,2.2899999618530273,2.2799999713897705,2.2850000858306885,3474.0
2024-07-03 11:49:00,ASND,134.0500030517578,134.0500030517578,134.0500030517578,134.00999450683594,134.00999450683594,445.0
2024-07-03 11:49:00,ASRT,1.3121999502182007,1.3121999502182007,1.3200000524520874,1.3113000392913818,1.3200000524520874,11660.0
2024-07-03 11:49:00,ATEC,9.984999656677246,9.984999656677246,9.984999656677246,9.984999656677246,9.984999656677246,280.0
2024-07-03 11:49:00,AUPH,5.469900131225586,5.469900131225586,5.469900131225586,5.465000152587891,5.465000152587891,1426.0
2024-07-03 11:49:00,AVDL,14.390000343322754,14.390000343322754,14.40999984741211,14.390000343322754,14.40999984741211,1568.0
2024-07-03 11:49:00,AVTE,1.6349999904632568,1.6349999904632568,1.6349999904632568,1.6349999904632568,1.6349999904632568,300.0
2024-07-03 11:49:00,AVXL,4.139999866485596,4.139999866485596,4.159999847412109,4.139999866485596,4.159999847412109,10286.0
2024-07-03 11:49:00,AXSM,79.51689910888672,79.51689910888672,79.51689910888672,79.51689910888672,79.51689910888672,259.0
2024-07-03 11:49:00,AZN,76.67500305175781,76.67500305175781,76.68000030517578,76.66999816894531,76.67500305175781,3596.0
2024-07-03 11:49:00,AZTA,52.66999816894531,52.66999816894531,52.769901275634766,52.66999816894531,52.769901275634766,2880.0
2024-07-03 11:49:00,BBIO,25.260000228881836,25.260000228881836,25.260000228881836,25.229999542236328,25.2549991607666,1667.0
2024-07-03 11:49:00,BCAB,1.375,1.375,1.375,1.375,1.375,156.0
2024-07-03 11:49:00,BCLI,0.3499999940395355,0.3499999940395355,0.35019999742507935,0.3499999940395355,0.3499999940395355,3785.0
2024-07-03 11:49:00,BCRX,6.420000076293945,6.420000076293945,6.429999828338623,6.420000076293945,6.429999828338623,7505.0
2024-07-03 11:49:00,BEAM,23.520000457763672,23.520000457763672,23.55500030517578,23.489999771118164,23.55500030517578,4905.0
2024-07-03 11:49:00,BGNE,147.38999938964844,147.38999938964844,147.38999938964844,147.38999938964844,147.38999938964844,387.0
2024-07-03 11:49:00,BGXX,0.26600000262260437,0.26600000262260437,0.26750001311302185,0.26600000262260437,0.26750001311302185,1891.0
2024-07-03 11:49:00,BLUE,0.9223999977111816,0.9223999977111816,0.9225999712944031,0.9223999977111816,0.9225999712944031,10455.0
2024-07-03 11:49:00,BMEA,4.364999771118164,4.364999771118164,4.364999771118164,4.364999771118164,4.364999771118164,722.0
2024-07-03 11:49:00,BMRA,0.44699999690055847,0.44699999690055847,0.44699999690055847,0.44699999690055847,0.44699999690055847,526.0
2024-07-03 11:49:00,BMRN,80.88500213623047,80.88500213623047,80.90499877929688,80.83999633789062,80.86000061035156,3311.0
2024-07-03 11:49:00,BNGO,0.5562000274658203,0.5562000274658203,0.5562000274658203,0.5562000274658203,0.5562000274658203,14778.0
2024-07-03 11:49:00,BNTX,79.8499984741211,79.8499984741211,79.87999725341797,79.84500122070312,79.8499984741211,590.0
2024-07-03 11:49:00,BPMC,110.77999877929688,110.77999877929688,110.80000305175781,110.7699966430664,110.7699966430664,2204.0
2024-07-03 11:49:00,BRKR,61.59000015258789,61.59000015258789,61.59000015258789,61.52000045776367,61.52000045776367,2887.0
2024-07-03 11:49:00,BTAI,1.0800000429153442,1.0800000429153442,1.0878000259399414,1.0800000429153442,1.0800000429153442,680.0
2024-07-03 11:49:00,BVS,5.974999904632568,5.974999904632568,5.974999904632568,5.974999904632568,5.974999904632568,518.0
2024-07-03 11:49:00,BYSI,2.54010009765625,2.54010009765625,2.569999933242798,2.5004000663757324,2.5004000663757324,802.0
2024-07-03 11:49:00,CADL,6.300000190734863,6.300000190734863,6.300000190734863,6.300000190734863,6.300000190734863,440.0
2024-07-03 11:49:00,CARA,0.289000004529953,0.289000004529953,0.289000004529953,0.289000004529953,0.289000004529953,323.0
2024-07-03 11:49:00,CCCC,4.53000020980835,4.53000020980835,4.53000020980835,4.519999980926514,4.525000095367432,1206.0
2024-07-03 11:49:00,CDMO,7.739999771118164,7.739999771118164,7.739999771118164,7.724999904632568,7.724999904632568,1184.0
2024-07-03 11:49:00,CDNA,15.140000343322754,15.140000343322754,15.140000343322754,15.140000343322754,15.140000343322754,264.0
2024-07-03 11:49:00,CDTX,12.180000305175781,12.180000305175781,12.180000305175781,12.180000305175781,12.180000305175781,4236.0
2024-07-03 11:49:00,CELC,16.260000228881836,16.260000228881836,16.260000228881836,16.260000228881836,16.260000228881836,251.0
2024-07-03 11:49:00,CERE,40.0,40.0,40.00600051879883,39.86000061035156,39.93000030517578,4848.0
2024-07-03 11:49:00,CERS,1.7200000286102295,1.7200000286102295,1.7200000286102295,1.7200000286102295,1.7200000286102295,1366.0
2024-07-03 11:49:00,CERT,13.8100004196167,13.8100004196167,13.812100410461426,13.8100004196167,13.812100410461426,1128.0
2024-07-03 11:49:00,CGC,6.474999904632568,6.474999904632568,6.519999980926514,6.46999979019165,6.519999980926514,43079.0
2024-07-03 11:49:00,CGEM,16.684999465942383,16.684999465942383,16.709999084472656,16.65999984741211,16.709999084472656,1186.0
2024-07-03 11:49:00,CGEN,1.6549999713897705,1.6549999713897705,1.6549999713897705,1.6549999713897705,1.6549999713897705,361.0
2024-07-03 11:49:00,CHEK,2.0199999809265137,2.0199999809265137,2.0199999809265137,2.0199999809265137,2.0199999809265137,3515.0
2024-07-03 11:49:00,CING,0.33500000834465027,0.33500000834465027,0.337799996137619,0.33500000834465027,0.33570000529289246,2150.0
2024-07-03 11:49:00,CKPT,2.200000047683716,2.200000047683716,2.200000047683716,2.200000047683716,2.200000047683716,5849.0
2024-07-03 11:49:00,CLDX,36.060001373291016,36.060001373291016,36.11000061035156,36.060001373291016,36.11000061035156,1014.0
2024-07-03 11:49:00,CLOV,1.2482999563217163,1.2482999563217163,1.2482999563217163,1.2482999563217163,1.2482999563217163,7170.0
2024-07-03 11:49:00,CMAX,2.1500000953674316,2.1500000953674316,2.1500000953674316,2.1500000953674316,2.1500000953674316,141.0
2024-07-03 11:49:00,CMPS,6.297699928283691,6.297699928283691,6.297699928283691,6.297699928283691,6.297699928283691,0.0
2024-07-03 11:49:00,CMRX,0.8629999756813049,0.8629999756813049,0.8629999756813049,0.8629999756813049,0.8629999756813049,200.0
2024-07-03 11:49:00,CNSP,1.5099999904632568,1.5099999904632568,1.5597000122070312,1.5099999904632568,1.5379999876022339,84309.0
2024-07-03 11:49:00,COGT,8.425000190734863,8.425000190734863,8.425000190734863,8.425000190734863,8.425000190734863,288.0
2024-07-03 11:49:00,CORT,30.28260040283203,30.28260040283203,30.28260040283203,30.28260040283203,30.28260040283203,1234.0
2024-07-03 11:49:00,CRBP,49.58000183105469,49.58000183105469,49.58000183105469,49.58000183105469,49.58000183105469,331.0
2024-07-03 11:49:00,CRBU,1.5800000429153442,1.5800000429153442,1.5800000429153442,1.5800000429153442,1.5800000429153442,195.0
2024-07-03 11:49:00,CRSP,53.83000183105469,53.83000183105469,53.84000015258789,53.83000183105469,53.84000015258789,881.0
2024-07-03 11:49:00,CSTL,20.799999237060547,20.799999237060547,20.895000457763672,20.799999237060547,20.895000457763672,2059.0
2024-07-03 11:49:00,CTKB,5.599999904632568,5.599999904632568,5.599999904632568,5.599999904632568,5.599999904632568,673.0
2024-07-03 11:49:00,CTMX,1.2999999523162842,1.2999999523162842,1.3049999475479126,1.2999999523162842,1.3049999475479126,501.0
2024-07-03 11:49:00,CTXR,0.5027999877929688,0.5027999877929688,0.5027999877929688,0.5022000074386597,0.5022000074386597,5666.0
2024-07-03 11:49:00,CUTR,1.2949999570846558,1.2949999570846558,1.2998000383377075,1.2949999570846558,1.2998000383377075,313.0
2024-07-03 11:49:00,CVAC,3.3299999237060547,3.3299999237060547,3.3350000381469727,3.3299999237060547,3.3350000381469727,810.0
2024-07-03 11:49:00,CYTK,54.540000915527344,54.540000915527344,54.59000015258789,54.505001068115234,54.59000015258789,5019.0
2024-07-03 11:49:00,CYTO,1.159999966621399,1.159999966621399,1.159999966621399,1.159500002861023,1.159500002861023,7486.0
2024-07-03 11:49:00,DAWN,13.25,13.25,13.25,13.25,13.25,148.0
2024-07-03 11:49:00,DCTH,7.869999885559082,7.869999885559082,7.869999885559082,7.860000133514404,7.869999885559082,1102.0
2024-07-03 11:49:00,DNLI,21.329999923706055,21.329999923706055,21.389999389648438,21.329999923706055,21.389999389648438,1446.0
2024-07-03 11:49:00,DXCM,110.76000213623047,110.76000213623047,110.76000213623047,110.5999984741211,110.62000274658203,3278.0
2024-07-03 11:49:00,DYN,34.119998931884766,34.119998931884766,34.1349983215332,34.119998931884766,34.1349983215332,362.0
2024-07-03 11:49:00,EDIT,4.635000228881836,4.635000228881836,4.639999866485596,4.635000228881836,4.639999866485596,6059.0
2024-07-03 11:49:00,ELEV,2.6600000858306885,2.6600000858306885,2.6600000858306885,2.630000114440918,2.630000114440918,5074.0
2024-07-03 11:49:00,ELYM,6.789999961853027,6.789999961853027,6.789999961853027,6.789999961853027,6.789999961853027,100.0
2024-07-03 11:49:00,ENSG,126.5999984741211,126.5999984741211,126.5999984741211,126.41000366210938,126.41000366210938,1230.0
2024-07-03 11:49:00,ENVB,0.5174999833106995,0.5174999833106995,0.5174999833106995,0.5174999833106995,0.5174999833106995,960.0
2024-07-03 11:49:00,EOLS,10.890000343322754,10.890000343322754,10.890000343322754,10.890000343322754,10.890000343322754,353.0
2024-07-03 11:49:00,ERAS,2.2200000286102295,2.2200000286102295,2.2200000286102295,2.2200000286102295,2.2200000286102295,176.0
2024-07-03 11:49:00,ESPR,2.3450000286102295,2.3450000286102295,2.349900007247925,2.3450000286102295,2.349900007247925,1388.0
2024-07-03 11:49:00,EWTX,18.079999923706055,18.079999923706055,18.079999923706055,18.079999923706055,18.079999923706055,627.0
2024-07-03 11:49:00,EXAI,5.429999828338623,5.429999828338623,5.429999828338623,5.420000076293945,5.429999828338623,1179.0
2024-07-03 11:49:00,EXAS,43.20000076293945,43.20000076293945,43.209999084472656,43.16999816894531,43.16999816894531,2496.0
2024-07-03 11:49:00,EXEL,21.920000076293945,21.920000076293945,21.924999237060547,21.920000076293945,21.920000076293945,2583.0
2024-07-03 11:49:00,EYEN,0.7843000292778015,0.7843000292778015,0.7843000292778015,0.7843000292778015,0.7843000292778015,1000.0
2024-07-03 11:49:00,FATE,3.1500000953674316,3.1500000953674316,3.1500000953674316,3.1500000953674316,3.1500000953674316,200.0
2024-07-03 11:49:00,FDMT,20.84000015258789,20.84000015258789,20.84000015258789,20.84000015258789,20.84000015258789,278.0
2024-07-03 11:49:00,FLGT,20.190000534057617,20.190000534057617,20.190000534057617,20.190000534057617,20.190000534057617,135.0
2024-07-03 11:49:00,FOLD,9.859999656677246,9.859999656677246,9.864999771118164,9.859999656677246,9.864999771118164,1269.0
2024-07-03 11:49:00,FULC,6.144999980926514,6.144999980926514,6.144999980926514,6.144999980926514,6.144999980926514,1302.0
2024-07-03 11:49:00,GDRX,7.724999904632568,7.724999904632568,7.730000019073486,7.71999979019165,7.730000019073486,3799.0
2024-07-03 11:49:00,GERN,4.315000057220459,4.315000057220459,4.324999809265137,4.315000057220459,4.320199966430664,13024.0
2024-07-03 11:49:00,GILD,66.96900177001953,66.96900177001953,67.04000091552734,66.96900177001953,67.04000091552734,9278.0
2024-07-03 11:49:00,GLUE,3.75,3.75,3.75,3.75,3.75,116.0
2024-07-03 11:49:00,GLYC,0.2712000012397766,0.2712000012397766,0.2712000012397766,0.2711000144481659,0.2711000144481659,855.0
2024-07-03 11:49:00,GMAB,25.170000076293945,25.170000076293945,25.170000076293945,25.170000076293945,25.170000076293945,646.0
2024-07-03 11:49:00,GOSS,0.9613999724388123,0.9613999724388123,0.9696000218391418,0.9555000066757202,0.9555000066757202,13291.0
2024-07-03 11:49:00,GOVX,2.9119999408721924,2.9119999408721924,2.9200000762939453,2.9100000858306885,2.9200000762939453,4438.0
2024-07-03 11:49:00,GTHX,2.509999990463257,2.509999990463257,2.509999990463257,2.505000114440918,2.509999990463257,746.0
2024-07-03 11:49:00,HALO,51.994998931884766,51.994998931884766,52.02000045776367,51.98500061035156,51.98500061035156,1400.0
2024-07-03 11:49:00,HCAT,6.199999809265137,6.199999809265137,6.199999809265137,6.190000057220459,6.190000057220459,1587.0
2024-07-03 11:49:00,HITI,2.1019999980926514,2.1019999980926514,2.1019999980926514,2.1019999980926514,2.1019999980926514,800.0
2024-07-03 11:49:00,HOLX,73.25,73.25,73.27999877929688,73.23999786376953,73.26499938964844,7479.0
2024-07-03 11:49:00,HQY,83.30999755859375,83.30999755859375,83.30999755859375,83.30999755859375,83.30999755859375,505.0
2024-07-03 11:49:00,HRMY,30.25,30.25,30.299999237060547,30.25,30.299999237060547,1033.0
2024-07-03 11:49:00,HROW,21.4950008392334,21.4950008392334,21.4950008392334,21.4950008392334,21.4950008392334,662.0
2024-07-03 11:49:00,HRTX,2.7100000381469727,2.7100000381469727,2.7100000381469727,2.7100000381469727,2.7100000381469727,0.0
2024-07-03 11:49:00,HSIC,64.95999908447266,64.95999908447266,65.0,64.95999908447266,65.0,2940.0
2024-07-03 11:49:00,HUMA,5.710000038146973,5.710000038146973,5.710000038146973,5.695000171661377,5.699999809265137,8618.0
2024-07-03 11:49:00,HYPR,1.0,1.0,1.0,1.0,1.0,16976.0
2024-07-03 11:49:00,IART,28.489999771118164,28.489999771118164,28.5,28.489999771118164,28.5,986.0
2024-07-03 11:49:00,IBRX,6.25,6.25,6.264999866485596,6.25,6.264999866485596,2275.0
2024-07-03 11:49:00,ICLR,317.8500061035156,317.8500061035156,317.8500061035156,317.8500061035156,317.8500061035156,434.0
2024-07-03 11:49:00,ICUI,117.4800033569336,117.4800033569336,117.4800033569336,117.4800033569336,117.4800033569336,621.0
2024-07-03 11:49:00,ILMN,105.48999786376953,105.48999786376953,105.5250015258789,105.48999786376953,105.48999786376953,2144.0
2024-07-03 11:49:00,IMAB,1.534999966621399,1.534999966621399,1.5384999513626099,1.534999966621399,1.5384999513626099,485.0
2024-07-03 11:49:00,IMCR,35.9900016784668,35.9900016784668,36.01499938964844,35.9900016784668,36.01499938964844,1385.0
2024-07-03 11:49:00,IMMX,2.3701000213623047,2.3701000213623047,2.388400077819824,2.3701000213623047,2.380000114440918,3241.0
2024-07-03 11:49:00,INCY,57.93000030517578,57.93000030517578,58.0099983215332,57.91999816894531,58.0099983215332,3346.0
2024-07-03 11:49:00,INDP,2.1050000190734863,2.1050000190734863,2.1050000190734863,2.1050000190734863,2.1050000190734863,194.0
2024-07-03 11:49:00,INMD,17.559999465942383,17.559999465942383,17.59000015258789,17.549999237060547,17.59000015258789,5732.0
2024-07-03 11:49:00,INSM,61.974998474121094,61.974998474121094,62.04999923706055,61.959999084472656,62.04999923706055,5853.0
2024-07-03 11:49:00,INVA,16.274999618530273,16.274999618530273,16.274999618530273,16.274999618530273,16.274999618530273,444.0
2024-07-03 11:49:00,IONS,44.709999084472656,44.709999084472656,44.709999084472656,44.70500183105469,44.70500183105469,664.0
2024-07-03 11:49:00,IOVA,7.519999980926514,7.519999980926514,7.53000020980835,7.513500213623047,7.53000020980835,13989.0
2024-07-03 11:49:00,IRTC,94.31999969482422,94.31999969482422,94.31999969482422,94.31999969482422,94.31999969482422,628.0
2024-07-03 11:49:00,IRWD,6.110000133514404,6.110000133514404,6.125,6.110000133514404,6.125,1785.0
2024-07-03 11:49:00,ISPC,0.2761000096797943,0.2761000096797943,0.2761000096797943,0.27480000257492065,0.27480000257492065,1702.0
2024-07-03 11:49:00,ISRG,433.7699890136719,433.7699890136719,433.82000732421875,433.55999755859375,433.82000732421875,6766.0
2024-07-03 11:49:00,ITCI,68.3550033569336,68.3550033569336,68.3550033569336,68.30000305175781,68.30999755859375,911.0
2024-07-03 11:49:00,JANX,37.91999816894531,37.91999816894531,37.91999816894531,37.88999938964844,37.88999938964844,772.0
2024-07-03 11:49:00,JAZZ,103.71499633789062,103.71499633789062,103.71499633789062,103.62999725341797,103.62999725341797,1503.0
2024-07-03 11:49:00,KMDA,5.180099964141846,5.180099964141846,5.184999942779541,5.180099964141846,5.184999942779541,1500.0
2024-07-03 11:49:00,KOD,2.2100000381469727,2.2100000381469727,2.215100049972534,2.2100000381469727,2.215100049972534,510.0
2024-07-03 11:49:00,KPTI,0.8241000175476074,0.8241000175476074,0.8345000147819519,0.8241000175476074,0.8345000147819519,11530.0
2024-07-03 11:49:00,KTRA,0.28999999165534973,0.28999999165534973,0.28999999165534973,0.289000004529953,0.289000004529953,20473.0
2024-07-03 11:49:00,KURA,20.270000457763672,20.270000457763672,20.299999237060547,20.270000457763672,20.280000686645508,1473.0
2024-07-03 11:49:00,KYMR,30.229999542236328,30.229999542236328,30.229999542236328,30.229999542236328,30.229999542236328,207.0
2024-07-03 11:49:00,LAB,1.7999999523162842,1.7999999523162842,1.7999999523162842,1.7949999570846558,1.7949999570846558,1525.0
2024-07-03 11:49:00,LEGN,46.040000915527344,46.040000915527344,46.040000915527344,46.01499938964844,46.01499938964844,1105.0
2024-07-03 11:49:00,LFMD,6.699999809265137,6.699999809265137,6.699999809265137,6.699999809265137,6.699999809265137,374.0
2024-07-03 11:49:00,LFST,5.110000133514404,5.110000133514404,5.110000133514404,5.105000019073486,5.105000019073486,1730.0
2024-07-03 11:49:00,LGND,82.67500305175781,82.67500305175781,82.80000305175781,82.67500305175781,82.72000122070312,1564.0
2024-07-03 11:49:00,LGVN,1.600000023841858,1.600000023841858,1.600000023841858,1.5999000072479248,1.5999000072479248,1551.0
2024-07-03 11:49:00,LIVN,52.625,52.625,52.625,52.625,52.625,596.0
2024-07-03 11:49:00,LNTH,79.19999694824219,79.19999694824219,79.20999908447266,79.19999694824219,79.20999908447266,465.0
2024-07-03 11:49:00,LUCY,0.47589999437332153,0.47589999437332153,0.47589999437332153,0.47589999437332153,0.47589999437332153,777.0
2024-07-03 11:49:00,LYRA,0.28619998693466187,0.28619998693466187,0.28619998693466187,0.28619998693466187,0.28619998693466187,309.0
2024-07-03 11:49:00,MBIO,0.4984000027179718,0.4984000027179718,0.4984000027179718,0.498199999332428,0.498199999332428,7911.0
2024-07-03 11:49:00,MBOT,1.0499999523162842,1.0499999523162842,1.0499999523162842,1.0499999523162842,1.0499999523162842,200.0
2024-07-03 11:49:00,MCRB,0.7156000137329102,0.7156000137329102,0.7164000272750854,0.7156000137329102,0.7156000137329102,17613.0
2024-07-03 11:49:00,MDXG,6.744999885559082,6.744999885559082,6.744999885559082,6.744999885559082,6.744999885559082,365.0
2024-07-03 11:49:00,ME,0.4117000102996826,0.4117000102996826,0.4117000102996826,0.4088999927043915,0.40950000286102295,39837.0
2024-07-03 11:49:00,MGNX,4.210000038146973,4.210000038146973,4.210000038146973,4.210000038146973,4.210000038146973,538.0
2024-07-03 11:49:00,MIRM,33.775001525878906,33.775001525878906,33.775001525878906,33.775001525878906,33.775001525878906,622.0
2024-07-03 11:49:00,MLTX,41.27000045776367,41.27000045776367,41.27000045776367,41.27000045776367,41.27000045776367,110.0
2024-07-03 11:49:00,MMSI,85.8499984741211,85.8499984741211,85.8499984741211,85.8499984741211,85.8499984741211,960.0
2024-07-03 11:49:00,MNKD,5.014999866485596,5.014999866485596,5.014999866485596,5.0100998878479,5.0100998878479,1465.0
2024-07-03 11:49:00,MNMD,7.110000133514404,7.110000133514404,7.114999771118164,7.110000133514404,7.114999771118164,987.0
2024-07-03 11:49:00,MREO,3.509999990463257,3.509999990463257,3.509999990463257,3.505000114440918,3.509999990463257,6295.0
2024-07-03 11:49:00,MRKR,5.090000152587891,5.090000152587891,5.090000152587891,5.090000152587891,5.090000152587891,200.0
2024-07-03 11:49:00,MRNA,115.37999725341797,115.37999725341797,115.46499633789062,115.37999725341797,115.37999725341797,942.0
2024-07-03 11:49:00,MRSN,1.8450000286102295,1.8450000286102295,1.8450000286102295,1.840000033378601,1.840000033378601,646.0
2024-07-03 11:49:00,MRVI,6.940000057220459,6.940000057220459,6.949999809265137,6.940000057220459,6.949999809265137,2091.0
2024-07-03 11:49:00,MXCT,3.700000047683716,3.700000047683716,3.700000047683716,3.700000047683716,3.700000047683716,200.0
2024-07-03 11:49:00,MYGN,25.06999969482422,25.06999969482422,25.06999969482422,25.049999237060547,25.049999237060547,2109.0
2024-07-03 11:49:00,NARI,49.39500045776367,49.39500045776367,49.39500045776367,49.39500045776367,49.39500045776367,652.0
2024-07-03 11:49:00,NBIX,138.1699981689453,138.1699981689453,138.1699981689453,138.1300048828125,138.13999938964844,1004.0
2024-07-03 11:49:00,NDRA,0.1005999967455864,0.1005999967455864,0.1006999984383583,0.09920000284910202,0.09939999878406525,430662.0
2024-07-03 11:49:00,NEOG,15.199999809265137,15.199999809265137,15.220000267028809,15.197500228881836,15.197500228881836,3059.0
2024-07-03 11:49:00,NKTR,1.2350000143051147,1.2350000143051147,1.2350000143051147,1.2311999797821045,1.2311999797821045,724.0
2024-07-03 11:49:00,NKTX,5.320000171661377,5.320000171661377,5.320000171661377,5.320000171661377,5.320000171661377,893.0
2024-07-03 11:49:00,NLSP,0.20000000298023224,0.20000000298023224,0.20000000298023224,0.20000000298023224,0.20000000298023224,12391.0
2024-07-03 11:49:00,NNOX,7.019999980926514,7.019999980926514,7.019999980926514,7.019999980926514,7.019999980926514,1557.0
2024-07-03 11:49:00,NRIX,19.479999542236328,19.479999542236328,19.479999542236328,19.479999542236328,19.479999542236328,1101.0
2024-07-03 11:49:00,NTLA,22.670000076293945,22.670000076293945,22.690000534057617,22.65999984741211,22.690000534057617,1792.0
2024-07-03 11:49:00,NTRA,111.38749694824219,111.38749694824219,111.3949966430664,111.36000061035156,111.3949966430664,3099.0
2024-07-03 11:49:00,NVAX,12.598799705505371,12.598799705505371,12.640000343322754,12.598799705505371,12.630000114440918,21137.0
2024-07-03 11:49:00,NVCR,16.700000762939453,16.700000762939453,16.700000762939453,16.700000762939453,16.700000762939453,882.0
2024-07-03 11:49:00,OCGN,1.5950000286102295,1.5950000286102295,1.5978000164031982,1.5906000137329102,1.5978000164031982,1711.0
2024-07-03 11:49:00,OCUL,6.679999828338623,6.679999828338623,6.679999828338623,6.670000076293945,6.670000076293945,865.0
2024-07-03 11:49:00,OM,3.869999885559082,3.869999885559082,3.869999885559082,3.869999885559082,3.869999885559082,3515.0
2024-07-03 11:49:00,OMCL,26.579999923706055,26.579999923706055,26.59000015258789,26.579999923706055,26.59000015258789,912.0
2024-07-03 11:49:00,OMER,3.859999895095825,3.859999895095825,3.859999895095825,3.859999895095825,3.859999895095825,1127.0
2024-07-03 11:50:00,ABCL,2.7197000980377197,2.7197000980377197,2.7197000980377197,2.7149999141693115,2.7149999141693115,1283.0
2024-07-03 11:50:00,ABSI,3.174999952316284,3.174999952316284,3.178999900817871,3.174999952316284,3.178999900817871,1161.0
2024-07-03 11:50:00,ABUS,3.134999990463257,3.134999990463257,3.140000104904175,3.134999990463257,3.140000104904175,787.0
2024-07-03 11:50:00,ACB,4.835000038146973,4.835000038146973,4.849999904632568,4.829999923706055,4.849999904632568,12732.0
2024-07-03 11:50:00,ACCD,3.5199999809265137,3.5199999809265137,3.5199999809265137,3.5199999809265137,3.5199999809265137,4968.0
2024-07-03 11:50:00,ACET,1.065000057220459,1.065000057220459,1.065000057220459,1.065000057220459,1.065000057220459,150.0
2024-07-03 11:50:00,ACHC,66.51000213623047,66.51000213623047,66.51000213623047,66.47000122070312,66.51000213623047,2795.0
2024-07-03 11:50:00,ACLX,53.939998626708984,53.939998626708984,53.939998626708984,53.939998626708984,53.939998626708984,1324.0
2024-07-03 11:50:00,ACRS,1.159999966621399,1.159999966621399,1.159999966621399,1.159999966621399,1.159999966621399,337.0
2024-07-03 11:50:00,ACST,2.950000047683716,2.950000047683716,2.950000047683716,2.950000047683716,2.950000047683716,400.0
2024-07-03 11:50:00,ADMA,11.225000381469727,11.225000381469727,11.225000381469727,11.21500015258789,11.21500015258789,7659.0
2024-07-03 11:50:00,ADPT,3.365000009536743,3.365000009536743,3.365000009536743,3.365000009536743,3.365000009536743,4037.0
2024-07-03 11:50:00,AEMD,0.4025000035762787,0.4025000035762787,0.41260001063346863,0.4025000035762787,0.41260001063346863,850.0
2024-07-03 11:50:00,AGEN,14.359999656677246,14.359999656677246,14.369999885559082,14.354999542236328,14.369999885559082,4034.0
2024-07-03 11:50:00,AIMD,0.8090999722480774,0.8090999722480774,0.8090999722480774,0.8090999722480774,0.8090999722480774,2000.0
2024-07-03 11:50:00,AKBA,0.9456999897956848,0.9456999897956848,0.9474999904632568,0.9456999897956848,0.9474999904632568,600.0
2024-07-03 11:50:00,AKTX,3.100800037384033,3.100800037384033,3.109999895095825,3.100800037384033,3.109999895095825,1800.0
2024-07-03 11:50:00,ALDX,3.190000057220459,3.190000057220459,3.190000057220459,3.190000057220459,3.190000057220459,364.0
2024-07-03 11:50:00,ALEC,4.409999847412109,4.409999847412109,4.409999847412109,4.409999847412109,4.409999847412109,1541.0
2024-07-03 11:50:00,ALGN,241.99000549316406,241.99000549316406,241.99000549316406,241.61500549316406,241.64999389648438,1564.0
2024-07-03 11:50:00,ALGS,0.42500001192092896,0.42500001192092896,0.42500001192092896,0.423799991607666,0.42500001192092896,15014.0
2024-07-03 11:50:00,ALHC,7.985000133514404,7.985000133514404,7.989999771118164,7.985000133514404,7.989999771118164,283.0
2024-07-03 11:50:00,ALIM,5.525000095367432,5.525000095367432,5.525000095367432,5.525000095367432,5.525000095367432,626.0
2024-07-03 11:50:00,ALKS,24.2450008392334,24.2450008392334,24.2450008392334,24.225000381469727,24.2450008392334,2062.0
2024-07-03 11:50:00,ALLK,0.826200008392334,0.826200008392334,0.826200008392334,0.8259000182151794,0.8259000182151794,1217.0
2024-07-03 11:50:00,ALLO,2.1092000007629395,2.1092000007629395,2.1092000007629395,2.1092000007629395,2.1092000007629395,626.0
2024-07-03 11:50:00,ALLR,0.2021999955177307,0.2021999955177307,0.2021999955177307,0.2021999955177307,0.2021999955177307,7300.0
2024-07-03 11:50:00,ALT,6.664999961853027,6.664999961853027,6.664999961853027,6.65500020980835,6.658599853515625,3718.0
2024-07-03 11:50:00,ALXO,5.739999771118164,5.739999771118164,5.75,5.735000133514404,5.739999771118164,860.0
2024-07-03 11:50:00,AMGN,307.0920104980469,307.0920104980469,307.0920104980469,306.9700012207031,307.010009765625,1369.0
2024-07-03 11:50:00,AMLX,1.7549999952316284,1.7549999952316284,1.7549999952316284,1.7549999952316284,1.7549999952316284,507.0
2024-07-03 11:50:00,AMPH,38.310001373291016,38.310001373291016,38.31999969482422,38.310001373291016,38.31999969482422,548.0
2024-07-03 11:50:00,ANAB,24.979999542236328,24.979999542236328,24.979999542236328,24.975000381469727,24.975000381469727,353.0
2024-07-03 11:50:00,ANIK,25.43000030517578,25.43000030517578,25.549999237060547,25.43000030517578,25.549999237060547,1447.0
2024-07-03 11:50:00,ANNX,4.784999847412109,4.784999847412109,4.784999847412109,4.784999847412109,4.784999847412109,3277.0
2024-07-03 11:50:00,APDN,0.4000000059604645,0.4000000059604645,0.4000999927520752,0.4000000059604645,0.4000000059604645,0.0
2024-07-03 11:50:00,APLS,35.400001525878906,35.400001525878906,35.415000915527344,35.369998931884766,35.369998931884766,561.0
2024-07-03 11:50:00,APLT,4.349999904632568,4.349999904632568,4.355000019073486,4.349999904632568,4.355000019073486,1892.0
2024-07-03 11:50:00,AQST,2.4049999713897705,2.4049999713897705,2.4100000858306885,2.4049999713897705,2.4049999713897705,790.0
2024-07-03 11:50:00,ARAY,1.7350000143051147,1.7350000143051147,1.7350000143051147,1.7350000143051147,1.7350000143051147,410.0
2024-07-03 11:50:00,ARCT,21.44099998474121,21.44099998474121,21.479999542236328,21.43000030517578,21.43000030517578,785.0
2024-07-03 11:50:00,ARDX,5.204999923706055,5.204999923706055,5.210000038146973,5.204999923706055,5.204999923706055,15795.0
2024-07-03 11:50:00,ARQT,9.640000343322754,9.640000343322754,9.649999618530273,9.625,9.625,3514.0
2024-07-03 11:50:00,ARVN,23.799999237060547,23.799999237060547,23.799999237060547,23.799999237060547,23.799999237060547,443.0
2024-07-03 11:50:00,ARWR,25.239999771118164,25.239999771118164,25.239999771118164,25.239999771118164,25.239999771118164,294.0
2024-07-03 11:50:00,ASLN,2.325000047683716,2.325000047683716,2.325000047683716,2.2899999618530273,2.2899999618530273,1006.0
2024-07-03 11:50:00,ASRT,1.3250000476837158,1.3250000476837158,1.3294999599456787,1.3200000524520874,1.3200000524520874,2806.0
2024-07-03 11:50:00,ATAI,1.2949999570846558,1.2949999570846558,1.2949999570846558,1.2949999570846558,1.2949999570846558,275.0
2024-07-03 11:50:00,ATHA,2.549999952316284,2.549999952316284,2.549999952316284,2.549999952316284,2.549999952316284,0.0
2024-07-03 11:50:00,ATRC,22.350000381469727,22.350000381469727,22.350000381469727,22.309999465942383,22.31999969482422,2576.0
2024-07-03 11:50:00,AUGX,1.0,1.0,1.0,1.0,1.0,797.0
2024-07-03 11:50:00,AUPH,5.469900131225586,5.469900131225586,5.469900131225586,5.465000152587891,5.465000152587891,3935.0
2024-07-03 11:50:00,AUTL,3.4649999141693115,3.4649999141693115,3.4700000286102295,3.4649999141693115,3.4700000286102295,1209.0
2024-07-03 11:50:00,AVAH,2.6600000858306885,2.6600000858306885,2.6600000858306885,2.640000104904175,2.640000104904175,372.0
2024-07-03 11:50:00,AVDL,14.380000114440918,14.380000114440918,14.390000343322754,14.380000114440918,14.390000343322754,1301.0
2024-07-03 11:50:00,AVTE,1.6365000009536743,1.6365000009536743,1.6365000009536743,1.6365000009536743,1.6365000009536743,36.0
2024-07-03 11:50:00,AVXL,4.144999980926514,4.144999980926514,4.144999980926514,4.139999866485596,4.139999866485596,1030.0
2024-07-03 11:50:00,AXNX,67.52749633789062,67.52749633789062,67.56999969482422,67.52749633789062,67.56999969482422,758.0
2024-07-03 11:50:00,AZN,76.63500213623047,76.63500213623047,76.66999816894531,76.62000274658203,76.66999816894531,10848.0
2024-07-03 11:50:00,AZTA,52.65999984741211,52.65999984741211,52.66999816894531,52.65999984741211,52.66999816894531,2697.0
2024-07-03 11:50:00,BBIO,25.25,25.25,25.25,25.239999771118164,25.239999771118164,1943.0
2024-07-03 11:50:00,BCAB,1.3799999952316284,1.3799999952316284,1.3799999952316284,1.375,1.375,603.0
2024-07-03 11:50:00,BCRX,6.425000190734863,6.425000190734863,6.425000190734863,6.420000076293945,6.420000076293945,1715.0
2024-07-03 11:50:00,BEAM,23.537500381469727,23.537500381469727,23.549999237060547,23.537500381469727,23.549999237060547,807.0
2024-07-03 11:50:00,BGXX,0.2680000066757202,0.2680000066757202,0.2680000066757202,0.26600000262260437,0.26759999990463257,7512.0
2024-07-03 11:50:00,BIIB,223.63999938964844,223.63999938964844,223.80999755859375,223.63999938964844,223.80999755859375,2572.0
2024-07-03 11:50:00,BIOR,0.6403999924659729,0.6403999924659729,0.640500009059906,0.6403999924659729,0.640500009059906,1558.0
2024-07-03 11:50:00,BIVI,0.4171999990940094,0.4171999990940094,0.4171999990940094,0.4171999990940094,0.4171999990940094,400.0
2024-07-03 11:50:00,BJDX,0.6363000273704529,0.6363000273704529,0.6363000273704529,0.6363000273704529,0.6363000273704529,828.0
2024-07-03 11:50:00,BLFS,19.760000228881836,19.760000228881836,19.760000228881836,19.760000228881836,19.760000228881836,2445.0
2024-07-03 11:50:00,BLUE,0.9147999882698059,0.9147999882698059,0.921999990940094,0.9146000146865845,0.9218000173568726,74172.0
2024-07-03 11:50:00,BMEA,4.369999885559082,4.369999885559082,4.369999885559082,4.369900226593018,4.369900226593018,401.0
2024-07-03 11:50:00,BMRA,0.4487999975681305,0.4487999975681305,0.4487999975681305,0.4487000107765198,0.4487000107765198,127.0
2024-07-03 11:50:00,BMRN,80.80000305175781,80.80000305175781,80.84500122070312,80.80000305175781,80.81999969482422,991.0
2024-07-03 11:50:00,BNTX,79.88999938964844,79.88999938964844,79.95999908447266,79.8499984741211,79.8499984741211,2094.0
2024-07-03 11:50:00,BRKR,61.529998779296875,61.529998779296875,61.540000915527344,61.529998779296875,61.540000915527344,1768.0
2024-07-03 11:50:00,BTAI,1.0850000381469727,1.0850000381469727,1.0850000381469727,1.0850000381469727,1.0850000381469727,217.0
2024-07-03 11:50:00,BYSI,2.559999942779541,2.559999942779541,2.559999942779541,2.559999942779541,2.559999942779541,399.0
2024-07-03 11:50:00,CABA,7.519999980926514,7.519999980926514,7.519999980926514,7.519999980926514,7.519999980926514,510.0
2024-07-03 11:50:00,CAPR,4.709000110626221,4.709000110626221,4.709000110626221,4.709000110626221,4.709000110626221,984.0
2024-07-03 11:50:00,CASI,5.25,5.25,5.25,5.25,5.25,120.0
2024-07-03 11:50:00,CCCC,4.53000020980835,4.53000020980835,4.534999847412109,4.525000095367432,4.53000020980835,4263.0
2024-07-03 11:50:00,CDMO,7.71999979019165,7.71999979019165,7.739999771118164,7.71999979019165,7.735000133514404,3355.0
2024-07-03 11:50:00,CDXS,2.875,2.875,2.875,2.875,2.875,600.0
2024-07-03 11:50:00,CERE,40.0,40.0,40.02000045776367,39.900001525878906,39.974998474121094,76338.0
2024-07-03 11:50:00,CERS,1.7100000381469727,1.7100000381469727,1.7100000381469727,1.7100000381469727,1.7100000381469727,120.0
2024-07-03 11:50:00,CERT,13.8100004196167,13.8100004196167,13.8100004196167,13.8100004196167,13.8100004196167,450.0
2024-07-03 11:50:00,CGC,6.485000133514404,6.485000133514404,6.485000133514404,6.463099956512451,6.46999979019165,7811.0
2024-07-03 11:50:00,CGEM,16.631000518798828,16.631000518798828,16.655000686645508,16.631000518798828,16.655000686645508,1163.0
2024-07-03 11:50:00,CHRS,1.391800045967102,1.391800045967102,1.391800045967102,1.3899999856948853,1.3899999856948853,1544.0
2024-07-03 11:50:00,CING,0.337799996137619,0.337799996137619,0.337799996137619,0.337799996137619,0.337799996137619,6900.0
2024-07-03 11:50:00,CKPT,2.194999933242798,2.194999933242798,2.194999933242798,2.194999933242798,2.194999933242798,6000.0
2024-07-03 11:50:00,CLDX,36.08000183105469,36.08000183105469,36.08000183105469,36.08000183105469,36.08000183105469,540.0
2024-07-03 11:50:00,CLOV,1.249899983406067,1.249899983406067,1.249899983406067,1.2450000047683716,1.2450000047683716,0.0
2024-07-03 11:50:00,CMPS,6.284999847412109,6.284999847412109,6.284999847412109,6.284999847412109,6.284999847412109,554.0
2024-07-03 11:50:00,CMPX,0.8519999980926514,0.8519999980926514,0.8519999980926514,0.8519999980926514,0.8519999980926514,40.0
2024-07-03 11:50:00,CNSP,1.5299999713897705,1.5299999713897705,1.5499999523162842,1.5200999975204468,1.5298999547958374,44649.0
2024-07-03 11:50:00,COGT,8.4399995803833,8.4399995803833,8.4399995803833,8.4399995803833,8.4399995803833,158.0
2024-07-03 11:50:00,COLL,32.209999084472656,32.209999084472656,32.27000045776367,32.13999938964844,32.27000045776367,2550.0
2024-07-03 11:50:00,CORT,30.260000228881836,30.260000228881836,30.295000076293945,30.260000228881836,30.290000915527344,1290.0
2024-07-03 11:50:00,COSM,0.925000011920929,0.925000011920929,0.925000011920929,0.925000011920929,0.925000011920929,243.0
2024-07-03 11:50:00,CPRX,15.420900344848633,15.420900344848633,15.420900344848633,15.420900344848633,15.420900344848633,476.0
2024-07-03 11:50:00,CRBU,1.5750000476837158,1.5750000476837158,1.5800000429153442,1.5750000476837158,1.5800000429153442,2800.0
2024-07-03 11:50:00,CRDF,2.240000009536743,2.240000009536743,2.240000009536743,2.2149999141693115,2.2149999141693115,9324.0
2024-07-03 11:50:00,CRMD,4.125,4.125,4.125,4.125,4.125,1212.0
2024-07-03 11:50:00,CRON,2.303999900817871,2.303999900817871,2.303999900817871,2.299999952316284,2.299999952316284,381.0
2024-07-03 11:50:00,CRSP,53.869998931884766,53.869998931884766,53.880001068115234,53.869998931884766,53.880001068115234,925.0
2024-07-03 11:50:00,CSTL,20.809999465942383,20.809999465942383,20.809999465942383,20.790000915527344,20.790000915527344,3500.0
2024-07-03 11:50:00,CTKB,5.605000019073486,5.605000019073486,5.605000019073486,5.605000019073486,5.605000019073486,351.0
2024-07-03 11:50:00,CTMX,1.3049999475479126,1.3049999475479126,1.3049999475479126,1.3049999475479126,1.3049999475479126,824.0
2024-07-03 11:50:00,CTXR,0.5034999847412109,0.5034999847412109,0.5034999847412109,0.5027999877929688,0.5027999877929688,4893.0
2024-07-03 11:50:00,CUTR,1.2994999885559082,1.2994999885559082,1.2998000383377075,1.2994999885559082,1.2998000383377075,875.0
2024-07-03 11:50:00,CVAC,3.3299999237060547,3.3299999237060547,3.3299999237060547,3.325000047683716,3.325000047683716,5988.0
2024-07-03 11:50:00,CYTK,54.560001373291016,54.560001373291016,54.560001373291016,54.54999923706055,54.54999923706055,387.0
2024-07-03 11:50:00,CYTO,1.159999966621399,1.159999966621399,1.159999966621399,1.159999966621399,1.159999966621399,132.0
2024-07-03 11:50:00,DAWN,13.255000114440918,13.255000114440918,13.255000114440918,13.255000114440918,13.255000114440918,130.0
2024-07-03 11:50:00,DCTH,7.900000095367432,7.900000095367432,7.909999847412109,7.875,7.875,4515.0
2024-07-03 11:50:00,DH,5.375,5.375,5.375,5.375,5.375,392.0
2024-07-03 11:50:00,DNLI,21.31999969482422,21.31999969482422,21.31999969482422,21.31999969482422,21.31999969482422,440.0
2024-07-03 11:50:00,DXCM,110.73999786376953,110.73999786376953,110.73999786376953,110.7300033569336,110.73999786376953,1526.0
2024-07-03 11:50:00,DYN,34.119998931884766,34.119998931884766,34.119998931884766,34.119998931884766,34.119998931884766,258.0
2024-07-03 11:50:00,EDIT,4.630000114440918,4.630000114440918,4.635000228881836,4.630000114440918,4.635000228881836,495.0
2024-07-03 11:50:00,EGRX,5.400000095367432,5.400000095367432,5.420000076293945,5.400000095367432,5.420000076293945,1032.0
2024-07-03 11:50:00,ELEV,2.6500000953674316,2.6500000953674316,2.6500000953674316,2.6500000953674316,2.6500000953674316,400.0
2024-07-03 11:50:00,ELYM,6.789999961853027,6.789999961853027,6.789999961853027,6.789999961853027,6.789999961853027,102.0
2024-07-03 11:50:00,ENSG,126.69000244140625,126.69000244140625,126.69000244140625,126.69000244140625,126.69000244140625,349.0
2024-07-03 11:50:00,EOLS,10.890000343322754,10.890000343322754,10.890000343322754,10.890000343322754,10.890000343322754,452.0
2024-07-03 11:50:00,ERAS,2.2200000286102295,2.2200000286102295,2.2200000286102295,2.2200000286102295,2.2200000286102295,417.0
2024-07-03 11:50:00,ESPR,2.3450000286102295,2.3450000286102295,2.3450000286102295,2.3450000286102295,2.3450000286102295,602.0
2024-07-03 11:50:00,ESTA,43.404998779296875,43.404998779296875,43.404998779296875,43.404998779296875,43.404998779296875,1760.0
2024-07-03 11:50:00,EXAS,43.220001220703125,43.220001220703125,43.220001220703125,43.220001220703125,43.220001220703125,1555.0
2024-07-03 11:50:00,EXEL,21.90999984741211,21.90999984741211,21.90999984741211,21.90999984741211,21.90999984741211,789.0
2024-07-03 11:50:00,FATE,3.1500000953674316,3.1500000953674316,3.1500000953674316,3.1500000953674316,3.1500000953674316,1463.0
2024-07-03 11:50:00,FBIO,1.7599999904632568,1.7599999904632568,1.784999966621399,1.7599999904632568,1.7799999713897705,12781.0
2024-07-03 11:50:00,FHTX,5.630000114440918,5.630000114440918,5.630000114440918,5.630000114440918,5.630000114440918,311.0
2024-07-03 11:50:00,FLGT,20.15999984741211,20.15999984741211,20.167999267578125,20.15999984741211,20.167999267578125,964.0
2024-07-03 11:50:00,FOLD,9.864999771118164,9.864999771118164,9.864999771118164,9.864999771118164,9.864999771118164,2601.0
2024-07-03 11:50:00,FULC,6.139999866485596,6.139999866485596,6.139999866485596,6.139999866485596,6.139999866485596,1737.0
2024-07-03 11:50:00,GALT,2.203000068664551,2.203000068664551,2.203000068664551,2.203000068664551,2.203000068664551,1000.0
2024-07-03 11:50:00,GBIO,2.450000047683716,2.450000047683716,2.484999895095825,2.440000057220459,2.484999895095825,3618.0
2024-07-03 11:50:00,GDRX,7.71999979019165,7.71999979019165,7.71999979019165,7.71999979019165,7.71999979019165,110.0
2024-07-03 11:50:00,GERN,4.319200038909912,4.319200038909912,4.320000171661377,4.315000057220459,4.320000171661377,4255.0
2024-07-03 11:50:00,GH,28.229999542236328,28.229999542236328,28.274999618530273,28.229999542236328,28.274999618530273,560.0
2024-07-03 11:50:00,GILD,66.95500183105469,66.95500183105469,66.97000122070312,66.94999694824219,66.97000122070312,2969.0
2024-07-03 11:50:00,GLSI,16.5,16.5,16.5,16.5,16.5,324.0
2024-07-03 11:50:00,GLUE,3.7300000190734863,3.7300000190734863,3.7300000190734863,3.7300000190734863,3.7300000190734863,200.0
2024-07-03 11:50:00,GLYC,0.27070000767707825,0.27070000767707825,0.27070000767707825,0.27070000767707825,0.27070000767707825,233.0
2024-07-03 11:50:00,GMAB,25.170000076293945,25.170000076293945,25.170000076293945,25.170000076293945,25.170000076293945,954.0
2024-07-03 11:50:00,GOSS,0.9532999992370605,0.9532999992370605,0.9693999886512756,0.9531999826431274,0.9613999724388123,46169.0
2024-07-03 11:50:00,GOVX,2.9000000953674316,2.9000000953674316,2.9100000858306885,2.9000000953674316,2.9100000858306885,9751.0
2024-07-03 11:50:00,GTHX,2.549999952316284,2.549999952316284,2.549999952316284,2.505000114440918,2.505000114440918,13797.0
2024-07-03 11:50:00,HALO,51.98500061035156,51.98500061035156,52.0,51.97999954223633,51.97999954223633,623.0
2024-07-03 11:50:00,HCSG,10.635000228881836,10.635000228881836,10.635000228881836,10.635000228881836,10.635000228881836,453.0
2024-07-03 11:50:00,HITI,2.1001999378204346,2.1001999378204346,2.1001999378204346,2.1001999378204346,2.1001999378204346,0.0
2024-07-03 11:50:00,HOLX,73.25,73.25,73.26000213623047,73.25,73.25499725341797,3531.0
2024-07-03 11:50:00,HOWL,2.0399999618530273,2.0399999618530273,2.0399999618530273,2.0399999618530273,2.0399999618530273,240.0
2024-07-03 11:50:00,HQY,83.43000030517578,83.43000030517578,83.45999908447266,83.34500122070312,83.34500122070312,2822.0
2024-07-03 11:50:00,HRMY,30.260000228881836,30.260000228881836,30.290000915527344,30.260000228881836,30.290000915527344,298.0
2024-07-03 11:50:00,HRTX,2.700000047683716,2.700000047683716,2.7149999141693115,2.700000047683716,2.7100000381469727,11402.0
2024-07-03 11:50:00,HSIC,64.96499633789062,64.96499633789062,64.9800033569336,64.94999694824219,64.95999908447266,3818.0
2024-07-03 11:50:00,HUMA,5.71999979019165,5.71999979019165,5.730000019073486,5.71999979019165,5.71999979019165,8453.0
2024-07-03 11:50:00,IART,28.469999313354492,28.469999313354492,28.489999771118164,28.450000762939453,28.489999771118164,1211.0
2024-07-03 11:50:00,IBRX,6.255000114440918,6.255000114440918,6.255000114440918,6.255000114440918,6.255000114440918,2245.0
2024-07-03 11:50:00,IDYA,33.310001373291016,33.310001373291016,33.34000015258789,33.310001373291016,33.34000015258789,593.0
2024-07-03 11:50:00,IGMS,6.510000228881836,6.510000228881836,6.510000228881836,6.474999904632568,6.508699893951416,4439.0
2024-07-03 11:50:00,ILMN,105.5250015258789,105.5250015258789,105.54000091552734,105.50499725341797,105.50499725341797,2286.0
2024-07-03 11:50:00,IMAB,1.5389000177383423,1.5389000177383423,1.5389000177383423,1.5389000177383423,1.5389000177383423,15.0
2024-07-03 11:50:00,IMCR,36.0099983215332,36.0099983215332,36.0099983215332,36.0,36.0,300.0
2024-07-03 11:50:00,IMMP,1.9550000429153442,1.9550000429153442,1.9550000429153442,1.9500000476837158,1.9500999450683594,675.0
2024-07-03 11:50:00,IMMX,2.381999969482422,2.381999969482422,2.381999969482422,2.381999969482422,2.381999969482422,0.0
2024-07-03 11:50:00,IMNM,12.020000457763672,12.020000457763672,12.020000457763672,12.020000457763672,12.020000457763672,204.0
2024-07-03 11:50:00,IMVT,26.104999542236328,26.104999542236328,26.110000610351562,26.104999542236328,26.110000610351562,596.0
2024-07-03 11:50:00,INCY,57.88999938964844,57.88999938964844,57.904998779296875,57.88999938964844,57.88999938964844,444.0
2024-07-03 11:50:00,INMD,17.56999969482422,17.56999969482422,17.56999969482422,17.549999237060547,17.559999465942383,4180.0
2024-07-03 11:50:00,INSM,61.900001525878906,61.900001525878906,61.9900016784668,61.880001068115234,61.9900016784668,8816.0
2024-07-03 11:50:00,IONM,0.31529998779296875,0.31529998779296875,0.31529998779296875,0.31529998779296875,0.31529998779296875,2877.0
2024-07-03 11:50:00,IONS,44.72999954223633,44.72999954223633,44.72999954223633,44.709999084472656,44.709999084472656,917.0
2024-07-03 11:50:00,IOVA,7.52239990234375,7.52239990234375,7.525000095367432,7.514999866485596,7.514999866485596,7477.0
2024-07-03 11:50:00,IPA,0.9933000206947327,0.9933000206947327,0.9933000206947327,0.9933000206947327,0.9933000206947327,512.0
2024-07-03 11:50:00,IPSC,2.25,2.25,2.25,2.2300000190734863,2.25,1076.0
2024-07-03 11:50:00,IRTC,94.06999969482422,94.06999969482422,94.06999969482422,94.06999969482422,94.06999969482422,187.0
2024-07-03 11:50:00,IRWD,6.114999771118164,6.114999771118164,6.114999771118164,6.110000133514404,6.110000133514404,1293.0
2024-07-03 11:50:00,ISRG,433.8611145019531,433.8611145019531,433.8611145019531,433.57501220703125,433.8500061035156,1188.0
2024-07-03 11:50:00,ITCI,68.36000061035156,68.36000061035156,68.36000061035156,68.3499984741211,68.36000061035156,797.0
2024-07-03 11:50:00,JAGX,3.484999895095825,3.484999895095825,3.484999895095825,3.484999895095825,3.484999895095825,581.0
2024-07-03 11:50:00,JANX,38.0,38.0,38.0,37.96500015258789,37.97999954223633,1994.0
2024-07-03 11:50:00,JAZZ,103.66000366210938,103.66000366210938,103.70500183105469,103.5999984741211,103.5999984741211,1669.0
2024-07-03 11:50:00,JSPR,22.950000762939453,22.950000762939453,22.950000762939453,22.950000762939453,22.950000762939453,227.0
2024-07-03 11:50:00,KALA,6.725500106811523,6.725500106811523,6.725500106811523,6.725500106811523,6.725500106811523,0.0
2024-07-03 11:50:00,KIDS,29.771499633789062,29.771499633789062,29.771499633789062,29.771499633789062,29.771499633789062,798.0
2024-07-03 11:50:00,KRON,1.1399999856948853,1.1399999856948853,1.1399999856948853,1.1399999856948853,1.1399999856948853,1939.0
2024-07-03 11:50:00,KTRA,0.29170000553131104,0.29170000553131104,0.29170000553131104,0.28999999165534973,0.28999999165534973,60329.0
2024-07-03 11:50:00,KZR,0.5738999843597412,0.5738999843597412,0.5738999843597412,0.5735999941825867,0.5735999941825867,1130.0
2024-07-03 11:50:00,LAB,1.815000057220459,1.815000057220459,1.8200000524520874,1.7949999570846558,1.7949999570846558,109403.0
2024-07-03 11:50:00,LBPH,32.09000015258789,32.09000015258789,32.09000015258789,32.09000015258789,32.09000015258789,1194.0
2024-07-03 11:50:00,LEGN,46.09000015258789,46.09000015258789,46.09000015258789,46.09000015258789,46.09000015258789,401.0
2024-07-03 11:50:00,LFMD,6.699999809265137,6.699999809265137,6.710000038146973,6.699999809265137,6.710000038146973,1194.0
2024-07-03 11:50:00,LFST,5.105000019073486,5.105000019073486,5.110000133514404,5.105000019073486,5.110000133514404,494.0
2024-07-03 11:50:00,LIVN,52.612998962402344,52.612998962402344,52.650001525878906,52.612998962402344,52.630001068115234,1430.0
2024-07-03 11:50:00,LNTH,79.19999694824219,79.19999694824219,79.19999694824219,79.19999694824219,79.19999694824219,669.0
2024-07-03 11:50:00,LOGC,5.75,5.75,5.75,5.75,5.75,2611.0
2024-07-03 11:50:00,LQDA,11.869999885559082,11.869999885559082,11.869999885559082,11.850000381469727,11.859299659729004,6867.0
2024-07-03 11:50:00,LRMR,7.679999828338623,7.679999828338623,7.679999828338623,7.679999828338623,7.679999828338623,119.0
2024-07-03 11:50:00,LUCD,0.765999972820282,0.765999972820282,0.765999972820282,0.765999972820282,0.765999972820282,3225.0
2024-07-03 11:50:00,LUCY,0.47200000286102295,0.47200000286102295,0.47200000286102295,0.47200000286102295,0.47200000286102295,112.0
2024-07-03 11:50:00,LXRX,1.5950000286102295,1.5950000286102295,1.5997999906539917,1.5950000286102295,1.5997999906539917,1495.0
2024-07-03 11:50:00,LYRA,0.28600001335144043,0.28600001335144043,0.28600001335144043,0.2858000099658966,0.2858000099658966,1917.0
2024-07-03 11:50:00,MBIO,0.4977000057697296,0.4977000057697296,0.49779999256134033,0.4977000057697296,0.49779999256134033,2500.0
2024-07-03 11:50:00,MBOT,1.0399999618530273,1.0399999618530273,1.0399999618530273,1.0399999618530273,1.0399999618530273,310.0
2024-07-03 11:50:00,MCRB,0.7131999731063843,0.7131999731063843,0.7161999940872192,0.7099999785423279,0.7149999737739563,48792.0
2024-07-03 11:50:00,MDWD,14.760000228881836,14.760000228881836,14.760000228881836,14.760000228881836,14.760000228881836,199.0
2024-07-03 11:50:00,MDXG,6.744999885559082,6.744999885559082,6.744999885559082,6.744999885559082,6.744999885559082,276.0
2024-07-03 11:50:00,ME,0.4108999967575073,0.4108999967575073,0.4117000102996826,0.4101000130176544,0.4117000102996826,20386.0
2024-07-03 11:50:00,MEDP,405.2650146484375,405.2650146484375,405.7550048828125,405.2650146484375,405.7550048828125,2199.0
2024-07-03 11:50:00,MESO,6.760000228881836,6.760000228881836,6.760000228881836,6.760000228881836,6.760000228881836,493.0
2024-07-03 11:50:00,MGNX,4.204999923706055,4.204999923706055,4.204999923706055,4.199999809265137,4.204999923706055,5416.0
2024-07-03 11:50:00,MGTX,3.9700000286102295,3.9700000286102295,3.9700000286102295,3.9700000286102295,3.9700000286102295,300.0
2024-07-03 11:50:00,MIRM,33.72999954223633,33.72999954223633,33.76499938964844,33.709999084472656,33.76499938964844,2098.0
2024-07-03 11:50:00,MLTX,41.19499969482422,41.19499969482422,41.19499969482422,41.150001525878906,41.150001525878906,1221.0
2024-07-03 11:50:00,MNKD,5.019999980926514,5.019999980926514,5.019999980926514,5.019999980926514,5.019999980926514,1208.0
2024-07-03 11:50:00,MNMD,7.130000114440918,7.130000114440918,7.130000114440918,7.119999885559082,7.119999885559082,2613.0
2024-07-03 11:50:00,MODV,28.0,28.0,28.0,28.0,28.0,406.0
2024-07-03 11:50:00,MORF,31.829999923706055,31.829999923706055,31.829999923706055,31.790000915527344,31.790000915527344,1046.0
2024-07-03 11:50:00,MREO,3.509999990463257,3.509999990463257,3.509999990463257,3.509999990463257,3.509999990463257,794.0
2024-07-03 11:50:00,MRNA,115.47000122070312,115.47000122070312,115.52999877929688,115.43000030517578,115.43000030517578,2835.0
2024-07-03 11:50:00,MRSN,1.840000033378601,1.840000033378601,1.8450000286102295,1.840000033378601,1.8450000286102295,617.0
2024-07-03 11:50:00,MRVI,6.945000171661377,6.945000171661377,6.945000171661377,6.945000171661377,6.945000171661377,869.0
2024-07-03 11:50:00,MXCT,3.694999933242798,3.694999933242798,3.700000047683716,3.694999933242798,3.700000047683716,650.0
2024-07-03 11:50:00,MYGN,25.094999313354492,25.094999313354492,25.110000610351562,25.094999313354492,25.110000610351562,651.0
2024-07-03 11:50:00,NARI,49.560001373291016,49.560001373291016,49.560001373291016,49.45000076293945,49.45000076293945,4263.0
2024-07-03 11:50:00,NBIX,138.38999938964844,138.38999938964844,138.38999938964844,138.14999389648438,138.14999389648438,2864.0
2024-07-03 11:50:00,NDRA,0.10100000351667404,0.10100000351667404,0.10239999741315842,0.10050000250339508,0.1006999984383583,468635.0
2024-07-03 11:50:00,NEOG,15.194999694824219,15.194999694824219,15.194999694824219,15.194999694824219,15.194999694824219,938.0
2024-07-03 11:50:00,NKTR,1.2350000143051147,1.2350000143051147,1.2350000143051147,1.2350000143051147,1.2350000143051147,327.0
2024-07-03 11:50:00,NKTX,5.315000057220459,5.315000057220459,5.315000057220459,5.315000057220459,5.315000057220459,200.0
2024-07-03 11:50:00,NNOX,7.020100116729736,7.020100116729736,7.020100116729736,7.020100116729736,7.020100116729736,853.0
2024-07-03 11:50:00,NRC,22.905000686645508,22.905000686645508,22.905000686645508,22.905000686645508,22.905000686645508,255.0
2024-07-03 11:50:00,NRIX,19.514999389648438,19.514999389648438,19.514999389648438,19.5,19.510000228881836,1053.0
2024-07-03 11:50:00,NRSN,1.2999999523162842,1.2999999523162842,1.2999999523162842,1.2799999713897705,1.2799999713897705,132.0
2024-07-03 11:50:00,NTLA,22.649999618530273,22.649999618530273,22.65999984741211,22.649999618530273,22.649999618530273,726.0
2024-07-03 11:50:00,NUWE,3.9663000106811523,3.9663000106811523,3.9663000106811523,3.9663000106811523,3.9663000106811523,928.0
2024-07-03 11:50:00,NVAX,12.630000114440918,12.630000114440918,12.630000114440918,12.579999923706055,12.59000015258789,59147.0
2024-07-03 11:50:00,NVCR,16.700000762939453,16.700000762939453,16.700000762939453,16.68000030517578,16.68000030517578,1787.0
2024-07-03 11:50:00,NVOS,0.7652999758720398,0.7652999758720398,0.7652999758720398,0.7652999758720398,0.7652999758720398,0.0
2024-07-03 11:50:00,OCGN,1.5950000286102295,1.5950000286102295,1.5987000465393066,1.590000033378601,1.5950000286102295,19007.0
2024-07-03 11:50:00,OCUL,6.670000076293945,6.670000076293945,6.679999828338623,6.670000076293945,6.679999828338623,2764.0
2024-07-03 11:50:00,OLMA,10.550000190734863,10.550000190734863,10.550000190734863,10.539999961853027,10.539999961853027,1802.0
2024-07-03 11:50:00,OM,3.875,3.875,3.875,3.869999885559082,3.869999885559082,889.0
2024-07-03 11:50:00,OMCL,26.579999923706055,26.579999923706055,26.579999923706055,26.579999923706055,26.579999923706055,202.0
2024-07-03 11:50:00,OMER,3.869999885559082,3.869999885559082,3.869999885559082,3.869999885559082,3.869999885559082,200.0
2024-07-03 11:50:00,OMGA,1.9600000381469727,1.9600000381469727,1.9607000350952148,1.9600000381469727,1.9607000350952148,1900.0
2024-07-03 11:50:00,OMIC,8.609999656677246,8.609999656677246,8.609999656677246,8.609999656677246,8.609999656677246,588.0
2024-07-03 11:51:00,ABCL,2.7200000286102295,2.7200000286102295,2.7200000286102295,2.7200000286102295,2.7200000286102295,955.0
2024-07-03 11:51:00,ABEO,4.25,4.25,4.25,4.25,4.25,311.0
2024-07-03 11:51:00,ABSI,3.190000057220459,3.190000057220459,3.190000057220459,3.180000066757202,3.180000066757202,649.0
2024-07-03 11:51:00,ABUS,3.134999990463257,3.134999990463257,3.140000104904175,3.134999990463257,3.134999990463257,956.0
2024-07-03 11:51:00,ACAD,15.569999694824219,15.569999694824219,15.574999809265137,15.569999694824219,15.574999809265137,902.0
2024-07-03 11:51:00,ACB,4.860000133514404,4.860000133514404,4.860000133514404,4.840000152587891,4.840000152587891,4361.0
2024-07-03 11:51:00,ACCD,3.5299999713897705,3.5299999713897705,3.5299999713897705,3.521199941635132,3.521199941635132,2083.0
2024-07-03 11:51:00,ACET,1.065000057220459,1.065000057220459,1.065000057220459,1.065000057220459,1.065000057220459,192.0
2024-07-03 11:51:00,ACHC,66.4749984741211,66.4749984741211,66.4749984741211,66.45999908447266,66.45999908447266,457.0
2024-07-03 11:51:00,ACRS,1.159999966621399,1.159999966621399,1.159999966621399,1.159999966621399,1.159999966621399,1596.0
2024-07-03 11:51:00,ACST,2.9798998832702637,2.9798998832702637,2.9800000190734863,2.9798998832702637,2.9800000190734863,2536.0
2024-07-03 11:51:00,ADAP,1.0099999904632568,1.0099999904632568,1.0099999904632568,1.0099999904632568,1.0099999904632568,200.0
2024-07-03 11:51:00,ADMA,11.225000381469727,11.225000381469727,11.225000381469727,11.224499702453613,11.225000381469727,3018.0
2024-07-03 11:51:00,ADPT,3.365000009536743,3.365000009536743,3.365000009536743,3.359999895095825,3.359999895095825,2422.0
2024-07-03 11:51:00,ADVM,7.03000020980835,7.03000020980835,7.03000020980835,7.03000020980835,7.03000020980835,240.0
2024-07-03 11:51:00,AGIO,41.68000030517578,41.68000030517578,41.68000030517578,41.68000030517578,41.68000030517578,369.0
2024-07-03 11:51:00,AIMD,0.8086000084877014,0.8086000084877014,0.8086000084877014,0.8086000084877014,0.8086000084877014,0.0
2024-07-03 11:51:00,AKBA,0.9474999904632568,0.9474999904632568,0.9474999904632568,0.9474999904632568,0.9474999904632568,305.0
2024-07-03 11:51:00,AKTX,3.18179988861084,3.18179988861084,3.18179988861084,3.18179988861084,3.18179988861084,0.0
2024-07-03 11:51:00,ALGN,241.8699951171875,241.8699951171875,241.8699951171875,241.8699951171875,241.8699951171875,1241.0
2024-07-03 11:51:00,ALGS,0.42250001430511475,0.42250001430511475,0.42250001430511475,0.42250001430511475,0.42250001430511475,1382.0
2024-07-03 11:51:00,ALHC,7.980000019073486,7.980000019073486,7.985000133514404,7.929999828338623,7.980000019073486,21742.0
2024-07-03 11:51:00,ALKS,24.229999542236328,24.229999542236328,24.229999542236328,24.200000762939453,24.209999084472656,2701.0
2024-07-03 11:51:00,ALLK,0.826200008392334,0.826200008392334,0.826200008392334,0.826200008392334,0.826200008392334,309.0
2024-07-03 11:51:00,ALLO,2.1092000007629395,2.1092000007629395,2.1092000007629395,2.0999999046325684,2.0999999046325684,1955.0
2024-07-03 11:51:00,ALLR,0.20360000431537628,0.20360000431537628,0.20360000431537628,0.20149999856948853,0.2021999955177307,39801.0
2024-07-03 11:51:00,ALNY,246.57000732421875,246.57000732421875,246.58999633789062,246.33999633789062,246.33999633789062,2665.0
2024-07-03 11:51:00,ALT,6.675000190734863,6.675000190734863,6.689899921417236,6.670000076293945,6.670000076293945,5167.0
2024-07-03 11:51:00,ALXO,5.75,5.75,5.75,5.739999771118164,5.739999771118164,636.0
2024-07-03 11:51:00,AMED,97.0,97.0,97.0199966430664,96.99500274658203,97.0,10879.0
2024-07-03 11:51:00,AMGN,307.04998779296875,307.04998779296875,307.05499267578125,307.04998779296875,307.05499267578125,267.0
2024-07-03 11:51:00,AMLX,1.7589000463485718,1.7589000463485718,1.7599999904632568,1.7549999952316284,1.7599999904632568,2277.0
2024-07-03 11:51:00,AMPH,38.33000183105469,38.33000183105469,38.33000183105469,38.33000183105469,38.33000183105469,1116.0
2024-07-03 11:51:00,AMRN,0.6930000185966492,0.6930000185966492,0.6930000185966492,0.6919999718666077,0.6919999718666077,1000.0
2024-07-03 11:51:00,ANAB,25.0,25.0,25.0,24.979999542236328,24.979999542236328,505.0
2024-07-03 11:51:00,ANIK,25.43000030517578,25.43000030517578,25.43000030517578,25.420000076293945,25.43000030517578,807.0
2024-07-03 11:51:00,ANNX,4.784999847412109,4.784999847412109,4.784999847412109,4.784999847412109,4.784999847412109,2145.0
2024-07-03 11:51:00,ANTX,2.5197999477386475,2.5197999477386475,2.5197999477386475,2.5197999477386475,2.5197999477386475,435.0
2024-07-03 11:51:00,APDN,0.4018999934196472,0.4018999934196472,0.41110000014305115,0.4018999934196472,0.41110000014305115,10035.0
2024-07-03 11:51:00,APLS,35.404998779296875,35.404998779296875,35.404998779296875,35.404998779296875,35.404998779296875,813.0
2024-07-03 11:51:00,APLT,4.349999904632568,4.349999904632568,4.355000019073486,4.349999904632568,4.355000019073486,250.0
2024-07-03 11:51:00,APVO,0.3109999895095825,0.3109999895095825,0.3109999895095825,0.3109999895095825,0.3109999895095825,600.0
2024-07-03 11:51:00,AQST,2.4000000953674316,2.4000000953674316,2.4000000953674316,2.4000000953674316,2.4000000953674316,222.0
2024-07-03 11:51:00,ARCT,21.43000030517578,21.43000030517578,21.43000030517578,21.43000030517578,21.43000030517578,110.0
2024-07-03 11:51:00,ARDX,5.244999885559082,5.244999885559082,5.25,5.210000038146973,5.210000038146973,17952.0
2024-07-03 11:51:00,ARVN,23.799999237060547,23.799999237060547,23.81999969482422,23.770000457763672,23.770000457763672,4169.0
2024-07-03 11:51:00,ASLN,2.2699999809265137,2.2699999809265137,2.300100088119507,2.2699999809265137,2.299999952316284,1612.0
2024-07-03 11:51:00,ASND,133.99000549316406,133.99000549316406,133.99000549316406,133.99000549316406,133.99000549316406,799.0
2024-07-03 11:51:00,ASRT,1.320099949836731,1.320099949836731,1.320099949836731,1.320099949836731,1.320099949836731,3085.0
2024-07-03 11:51:00,ATEC,9.984999656677246,9.984999656677246,9.98900032043457,9.984999656677246,9.98900032043457,1622.0
2024-07-03 11:51:00,ATHA,2.559999942779541,2.559999942779541,2.559999942779541,2.559999942779541,2.559999942779541,106.0
2024-07-03 11:51:00,ATOS,1.159999966621399,1.159999966621399,1.159999966621399,1.149999976158142,1.149999976158142,507.0
2024-07-03 11:51:00,ATRC,22.31999969482422,22.31999969482422,22.375,22.31999969482422,22.350000381469727,3701.0
2024-07-03 11:51:00,ATXS,8.970000267028809,8.970000267028809,8.970000267028809,8.970000267028809,8.970000267028809,310.0
2024-07-03 11:51:00,AUGX,1.0,1.0,1.0,1.0,1.0,301.0
2024-07-03 11:51:00,AVDL,14.40999984741211,14.40999984741211,14.425000190734863,14.390000343322754,14.390000343322754,2378.0
2024-07-03 11:51:00,AVIR,3.265000104904175,3.265000104904175,3.265000104904175,3.265000104904175,3.265000104904175,142.0
2024-07-03 11:51:00,AVXL,4.150000095367432,4.150000095367432,4.150000095367432,4.150000095367432,4.150000095367432,3869.0
2024-07-03 11:51:00,AXGN,7.440000057220459,7.440000057220459,7.440000057220459,7.420000076293945,7.420000076293945,4093.0
2024-07-03 11:51:00,AXNX,67.56999969482422,67.56999969482422,67.56999969482422,67.51000213623047,67.54000091552734,2933.0
2024-07-03 11:51:00,AZN,76.63500213623047,76.63500213623047,76.63999938964844,76.63500213623047,76.63990020751953,2606.0
2024-07-03 11:51:00,AZTA,52.650001525878906,52.650001525878906,52.650001525878906,52.650001525878906,52.650001525878906,295.0
2024-07-03 11:51:00,BBIO,25.270000457763672,25.270000457763672,25.270000457763672,25.260000228881836,25.260000228881836,1514.0
2024-07-03 11:51:00,BCAB,1.375,1.375,1.3799999952316284,1.3700000047683716,1.375,2764.0
2024-07-03 11:51:00,BCLI,0.35010001063346863,0.35010001063346863,0.35010001063346863,0.35010001063346863,0.35010001063346863,1316.0
2024-07-03 11:51:00,BCRX,6.434999942779541,6.434999942779541,6.434999942779541,6.425000190734863,6.425000190734863,3758.0
2024-07-03 11:51:00,BEAM,23.530000686645508,23.530000686645508,23.537500381469727,23.530000686645508,23.537500381469727,776.0
2024-07-03 11:51:00,BEAT,2.799999952316284,2.799999952316284,2.799999952316284,2.799999952316284,2.799999952316284,2712.0
2024-07-03 11:51:00,BLRX,0.5101000070571899,0.5101000070571899,0.5101000070571899,0.5101000070571899,0.5101000070571899,0.0
2024-07-03 11:51:00,BLUE,0.9146000146865845,0.9146000146865845,0.9190000295639038,0.9146000146865845,0.9147999882698059,5405.0
2024-07-03 11:51:00,BMEA,4.360000133514404,4.360000133514404,4.363699913024902,4.360000133514404,4.360099792480469,4398.0
2024-07-03 11:51:00,BMRA,0.45489999651908875,0.45489999651908875,0.45500001311302185,0.454800009727478,0.45500001311302185,300.0
2024-07-03 11:51:00,BMRN,80.80500030517578,80.80500030517578,80.83000183105469,80.79000091552734,80.81999969482422,4798.0
2024-07-03 11:51:00,BNGO,0.5562000274658203,0.5562000274658203,0.5562000274658203,0.5562000274658203,0.5562000274658203,2015.0
2024-07-03 11:51:00,BNTX,79.83999633789062,79.83999633789062,79.87999725341797,79.83999633789062,79.83999633789062,437.0
2024-07-03 11:51:00,BTAI,1.0801000595092773,1.0801000595092773,1.0801000595092773,1.0800000429153442,1.0800000429153442,500.0
2024-07-03 11:51:00,BVS,5.96999979019165,5.96999979019165,5.974999904632568,5.965000152587891,5.974999904632568,1692.0
2024-07-03 11:51:00,CABA,7.510000228881836,7.510000228881836,7.53000020980835,7.5,7.519999980926514,5895.0
2024-07-03 11:51:00,CADL,6.289999961853027,6.289999961853027,6.300000190734863,6.270400047302246,6.300000190734863,3225.0
2024-07-03 11:51:00,CARA,0.2849999964237213,0.2849999964237213,0.2849999964237213,0.2849999964237213,0.2849999964237213,608.0
2024-07-03 11:51:00,CCCC,4.559999942779541,4.559999942779541,4.559999942779541,4.545000076293945,4.550000190734863,1591.0
2024-07-03 11:51:00,CCRN,13.789999961853027,13.789999961853027,13.789999961853027,13.789999961853027,13.789999961853027,109.0
2024-07-03 11:51:00,CDMO,7.755000114440918,7.755000114440918,7.755000114440918,7.710000038146973,7.71999979019165,4776.0
2024-07-03 11:51:00,CDXC,2.505000114440918,2.505000114440918,2.505000114440918,2.505000114440918,2.505000114440918,203.0
2024-07-03 11:51:00,CELC,16.290000915527344,16.290000915527344,16.31999969482422,16.290000915527344,16.31999969482422,1267.0
2024-07-03 11:51:00,CERE,39.974998474121094,39.974998474121094,40.0,39.939998626708984,40.0,4145.0
2024-07-03 11:51:00,CERT,13.8100004196167,13.8100004196167,13.8100004196167,13.8100004196167,13.8100004196167,111.0
2024-07-03 11:51:00,CGC,6.525000095367432,6.525000095367432,6.53000020980835,6.485000133514404,6.485000133514404,13538.0
2024-07-03 11:51:00,CGEM,16.709999084472656,16.709999084472656,16.709999084472656,16.670000076293945,16.670000076293945,1122.0
2024-07-03 11:51:00,CGTX,1.7863999605178833,1.7863999605178833,1.7863999605178833,1.7863999605178833,1.7863999605178833,541.0
2024-07-03 11:51:00,CHRS,1.3949999809265137,1.3949999809265137,1.3949999809265137,1.3949999809265137,1.3949999809265137,144.0
2024-07-03 11:51:00,CKPT,2.200000047683716,2.200000047683716,2.200000047683716,2.194999933242798,2.194999933242798,0.0
2024-07-03 11:51:00,CLOV,1.2450000047683716,1.2450000047683716,1.2450000047683716,1.2450000047683716,1.2450000047683716,200.0
2024-07-03 11:51:00,CLPT,5.400000095367432,5.400000095367432,5.400000095367432,5.400000095367432,5.400000095367432,2155.0
2024-07-03 11:51:00,CLRB,2.4400999546051025,2.4400999546051025,2.447499990463257,2.4400999546051025,2.447499990463257,1624.0
2024-07-03 11:51:00,CMPS,6.275000095367432,6.275000095367432,6.275000095367432,6.275000095367432,6.275000095367432,364.0
2024-07-03 11:51:00,CMRX,0.8665000200271606,0.8665000200271606,0.8665000200271606,0.8665000200271606,0.8665000200271606,207.0
2024-07-03 11:51:00,CNSP,1.5299999713897705,1.5299999713897705,1.5499999523162842,1.5199999809265137,1.534999966621399,25810.0
2024-07-03 11:51:00,COGT,8.425000190734863,8.425000190734863,8.425000190734863,8.425000190734863,8.425000190734863,300.0
2024-07-03 11:51:00,COLL,32.22999954223633,32.22999954223633,32.22999954223633,32.22999954223633,32.22999954223633,154.0
2024-07-03 11:51:00,CORT,30.280000686645508,30.280000686645508,30.280000686645508,30.2549991607666,30.260000228881836,672.0
2024-07-03 11:51:00,COSM,0.9301000237464905,0.9301000237464905,0.9301000237464905,0.9301000237464905,0.9301000237464905,775.0
2024-07-03 11:51:00,CRBP,49.75,49.75,49.90999984741211,49.69499969482422,49.72999954223633,2458.0
2024-07-03 11:51:00,CRBU,1.5750000476837158,1.5750000476837158,1.5800000429153442,1.5710999965667725,1.5710999965667725,720.0
2024-07-03 11:51:00,CRDF,2.244999885559082,2.244999885559082,2.244999885559082,2.244999885559082,2.244999885559082,446.0
2024-07-03 11:51:00,CRIS,6.401000022888184,6.401000022888184,6.401000022888184,6.400000095367432,6.400000095367432,508.0
2024-07-03 11:51:00,CRON,2.305000066757202,2.305000066757202,2.305000066757202,2.305000066757202,2.305000066757202,650.0
2024-07-03 11:51:00,CRSP,53.86000061035156,53.86000061035156,53.86000061035156,53.849998474121094,53.849998474121094,1738.0
2024-07-03 11:51:00,CSTL,20.729999542236328,20.729999542236328,20.780000686645508,20.729999542236328,20.780000686645508,1032.0
2024-07-03 11:51:00,CTMX,1.3049999475479126,1.3049999475479126,1.3049999475479126,1.2999999523162842,1.2999999523162842,302.0
2024-07-03 11:51:00,CTXR,0.5041999816894531,0.5041999816894531,0.5041999816894531,0.5022000074386597,0.5022000074386597,10768.0
2024-07-03 11:51:00,CUTR,1.2999000549316406,1.2999000549316406,1.2999000549316406,1.2949999570846558,1.2949999570846558,700.0
2024-07-03 11:51:00,CVAC,3.319999933242798,3.319999933242798,3.3399999141693115,3.315000057220459,3.3350000381469727,16119.0
2024-07-03 11:51:00,CYTK,54.64500045776367,54.64500045776367,54.689998626708984,54.560001373291016,54.560001373291016,967.0
2024-07-03 11:51:00,DAWN,13.260000228881836,13.260000228881836,13.270000457763672,13.260000228881836,13.270000457763672,1085.0
2024-07-03 11:51:00,DMAC,2.9000000953674316,2.9000000953674316,2.9000000953674316,2.9000000953674316,2.9000000953674316,190.0
2024-07-03 11:51:00,DXCM,110.79499816894531,110.79499816894531,110.8499984741211,110.77999877929688,110.77999877929688,2108.0
2024-07-03 11:51:00,DYN,34.125,34.125,34.125,34.125,34.125,389.0
2024-07-03 11:51:00,EDIT,4.630000114440918,4.630000114440918,4.630000114440918,4.630000114440918,4.630000114440918,841.0
2024-07-03 11:51:00,ELDN,2.4549999237060547,2.4549999237060547,2.4549999237060547,2.4549999237060547,2.4549999237060547,1367.0
2024-07-03 11:51:00,EMBC,12.0600004196167,12.0600004196167,12.0600004196167,12.0600004196167,12.0600004196167,610.0
2024-07-03 11:51:00,ENSC,0.46799999475479126,0.46799999475479126,0.46799999475479126,0.46799999475479126,0.46799999475479126,600.0
2024-07-03 11:51:00,ENSG,126.6500015258789,126.6500015258789,126.6500015258789,126.6500015258789,126.6500015258789,143.0
2024-07-03 11:51:00,ERAS,2.2200000286102295,2.2200000286102295,2.2200000286102295,2.2100000381469727,2.2100000381469727,627.0
2024-07-03 11:51:00,ESPR,2.3499999046325684,2.3499999046325684,2.3499999046325684,2.3450000286102295,2.3450000286102295,2712.0
2024-07-03 11:51:00,EXAS,43.119998931884766,43.119998931884766,43.189998626708984,43.119998931884766,43.189998626708984,2006.0
2024-07-03 11:51:00,EXEL,21.90410041809082,21.90410041809082,21.905000686645508,21.90410041809082,21.905000686645508,1060.0
2024-07-03 11:51:00,EYEN,0.7843000292778015,0.7843000292778015,0.7843000292778015,0.7799999713897705,0.7843000292778015,2934.0
2024-07-03 11:51:00,FATE,3.1549999713897705,3.1549999713897705,3.1549999713897705,3.1549999713897705,3.1549999713897705,418.0
2024-07-03 11:51:00,FBIO,1.7610000371932983,1.7610000371932983,1.7610000371932983,1.7610000371932983,1.7610000371932983,327.0
2024-07-03 11:51:00,FDMT,20.8700008392334,20.8700008392334,20.8700008392334,20.8700008392334,20.8700008392334,838.0
2024-07-03 11:51:00,FGEN,0.7057999968528748,0.7057999968528748,0.7080000042915344,0.7057999968528748,0.7057999968528748,3528.0
2024-07-03 11:51:00,FHTX,5.610000133514404,5.610000133514404,5.610000133514404,5.610000133514404,5.610000133514404,304.0
2024-07-03 11:51:00,FOLD,9.864999771118164,9.864999771118164,9.864999771118164,9.859999656677246,9.859999656677246,561.0
2024-07-03 11:51:00,GALT,2.180000066757202,2.180000066757202,2.190000057220459,2.180000066757202,2.190000057220459,1506.0
2024-07-03 11:51:00,GDRX,7.71999979019165,7.71999979019165,7.71999979019165,7.71999979019165,7.71999979019165,220.0
2024-07-03 11:51:00,GH,28.2450008392334,28.2450008392334,28.2450008392334,28.229999542236328,28.229999542236328,872.0
2024-07-03 11:51:00,GILD,66.97029876708984,66.97029876708984,66.97029876708984,66.94999694824219,66.94999694824219,6212.0
2024-07-03 11:51:00,GLUE,3.759999990463257,3.759999990463257,3.759999990463257,3.759999990463257,3.759999990463257,917.0
2024-07-03 11:51:00,GOVX,2.930000066757202,2.930000066757202,2.930000066757202,2.9049999713897705,2.909899950027466,5053.0
2024-07-03 11:51:00,GRTS,0.5855000019073486,0.5855000019073486,0.5855000019073486,0.5855000019073486,0.5855000019073486,630.0
2024-07-03 11:51:00,GTHX,2.5450000762939453,2.5450000762939453,2.5450000762939453,2.5450000762939453,2.5450000762939453,2294.0
2024-07-03 11:51:00,HALO,52.040000915527344,52.040000915527344,52.040000915527344,51.97999954223633,51.98500061035156,4205.0
2024-07-03 11:51:00,HCAT,6.199999809265137,6.199999809265137,6.199999809265137,6.199999809265137,6.199999809265137,200.0
2024-07-03 11:51:00,HCSG,10.630000114440918,10.630000114440918,10.630000114440918,10.630000114440918,10.630000114440918,361.0
2024-07-03 11:51:00,HOLX,73.24500274658203,73.24500274658203,73.25,73.2300033569336,73.25,4154.0
2024-07-03 11:51:00,HOWL,2.049299955368042,2.049299955368042,2.049299955368042,2.049299955368042,2.049299955368042,263.0
2024-07-03 11:51:00,HQY,83.37999725341797,83.37999725341797,83.37999725341797,83.37999725341797,83.37999725341797,254.0
2024-07-03 11:51:00,HRMY,30.299999237060547,30.299999237060547,30.299999237060547,30.299999237060547,30.299999237060547,452.0
2024-07-03 11:51:00,HROW,21.475000381469727,21.475000381469727,21.475000381469727,21.475000381469727,21.475000381469727,206.0
2024-07-03 11:51:00,HRTX,2.7049999237060547,2.7049999237060547,2.70989990234375,2.700000047683716,2.700000047683716,2645.0
2024-07-03 11:51:00,HSIC,64.88999938964844,64.88999938964844,64.95999908447266,64.88999938964844,64.94999694824219,7022.0
2024-07-03 11:51:00,HUMA,5.71999979019165,5.71999979019165,5.727799892425537,5.710000038146973,5.710000038146973,2477.0
2024-07-03 11:51:00,IART,28.475000381469727,28.475000381469727,28.489999771118164,28.469999313354492,28.469999313354492,1509.0
2024-07-03 11:51:00,IBRX,6.255000114440918,6.255000114440918,6.255000114440918,6.255000114440918,6.255000114440918,1002.0
2024-07-03 11:51:00,ICLR,317.9800109863281,317.9800109863281,317.9800109863281,317.9800109863281,317.9800109863281,171.0
2024-07-03 11:51:00,ICUI,117.36000061035156,117.36000061035156,117.36000061035156,117.36000061035156,117.36000061035156,2283.0
2024-07-03 11:51:00,IGMS,6.485000133514404,6.485000133514404,6.510000228881836,6.441100120544434,6.441100120544434,2048.0
2024-07-03 11:51:00,IKNA,1.649999976158142,1.649999976158142,1.649999976158142,1.6449999809265137,1.649999976158142,1236.0
2024-07-03 11:51:00,ILMN,105.55999755859375,105.55999755859375,105.62999725341797,105.51499938964844,105.5250015258789,24714.0
2024-07-03 11:51:00,IMAB,1.534999966621399,1.534999966621399,1.534999966621399,1.534999966621399,1.534999966621399,200.0
2024-07-03 11:51:00,IMCR,36.0099983215332,36.0099983215332,36.0099983215332,36.0099983215332,36.0099983215332,134.0
2024-07-03 11:51:00,IMMP,1.9739999771118164,1.9739999771118164,1.9800000190734863,1.9500999450683594,1.9550000429153442,3015.0
2024-07-03 11:51:00,IMMX,2.384999990463257,2.384999990463257,2.384999990463257,2.380000114440918,2.380000114440918,2524.0
2024-07-03 11:51:00,INAB,0.7998999953269958,0.7998999953269958,0.7998999953269958,0.7998999953269958,0.7998999953269958,405.0
2024-07-03 11:51:00,INCY,57.91999816894531,57.91999816894531,57.91999816894531,57.869998931884766,57.88999938964844,8720.0
2024-07-03 11:51:00,INGN,8.029999732971191,8.029999732971191,8.029999732971191,8.029999732971191,8.029999732971191,282.0
2024-07-03 11:51:00,INMD,17.59000015258789,17.59000015258789,17.59000015258789,17.579999923706055,17.579999923706055,1500.0
2024-07-03 11:51:00,INO,8.399999618530273,8.399999618530273,8.399999618530273,8.399999618530273,8.399999618530273,544.0
2024-07-03 11:51:00,INSM,61.974998474121094,61.974998474121094,61.974998474121094,61.915000915527344,61.915000915527344,4185.0
2024-07-03 11:51:00,IONM,0.3199999928474426,0.3199999928474426,0.3199999928474426,0.31790000200271606,0.3199999928474426,1757.0
2024-07-03 11:51:00,IONS,44.7599983215332,44.7599983215332,44.77000045776367,44.720001220703125,44.720001220703125,4329.0
2024-07-03 11:51:00,IOVA,7.53000020980835,7.53000020980835,7.53000020980835,7.525000095367432,7.525000095367432,6985.0
2024-07-03 11:51:00,IRTC,94.0999984741211,94.0999984741211,94.0999984741211,94.0999984741211,94.0999984741211,505.0
2024-07-03 11:51:00,IRWD,6.110000133514404,6.110000133514404,6.110000133514404,6.110000133514404,6.110000133514404,520.0
2024-07-03 11:51:00,ISRG,433.94000244140625,433.94000244140625,433.94000244140625,433.69000244140625,433.69000244140625,3195.0
2024-07-03 11:51:00,ITCI,68.36499786376953,68.36499786376953,68.36499786376953,68.36000061035156,68.36000061035156,420.0
2024-07-03 11:51:00,JANX,38.025001525878906,38.025001525878906,38.025001525878906,38.025001525878906,38.025001525878906,462.0
2024-07-03 11:51:00,KOD,2.2109999656677246,2.2109999656677246,2.2109999656677246,2.2109999656677246,2.2109999656677246,1589.0
2024-07-03 11:51:00,KRBP,2.2200000286102295,2.2200000286102295,2.2200000286102295,2.2200000286102295,2.2200000286102295,0.0
2024-07-03 11:51:00,KROS,42.2400016784668,42.2400016784668,42.2400016784668,42.2400016784668,42.2400016784668,375.0
2024-07-03 11:51:00,KTRA,0.2904999852180481,0.2904999852180481,0.2921000123023987,0.29019999504089355,0.29170000553131104,43261.0
2024-07-03 11:51:00,KURA,20.32699966430664,20.32699966430664,20.329999923706055,20.299999237060547,20.299999237060547,2629.0
2024-07-03 11:51:00,LAB,1.8250000476837158,1.8250000476837158,1.8300000429153442,1.8200000524520874,1.8200000524520874,11139.0
2024-07-03 11:51:00,LEGN,46.130001068115234,46.130001068115234,46.130001068115234,46.130001068115234,46.130001068115234,291.0
2024-07-03 11:51:00,LFST,5.105000019073486,5.105000019073486,5.110000133514404,5.105000019073486,5.105000019073486,1650.0
2024-07-03 11:51:00,LGVN,1.6098999977111816,1.6098999977111816,1.6098999977111816,1.6098999977111816,1.6098999977111816,117.0
2024-07-03 11:51:00,LNTH,79.21800231933594,79.21800231933594,79.21800231933594,79.20500183105469,79.20500183105469,1050.0
2024-07-03 11:51:00,LQDA,11.90999984741211,11.90999984741211,11.920000076293945,11.899999618530273,11.899999618530273,6457.0
2024-07-03 11:51:00,LRMR,7.670000076293945,7.670000076293945,7.679999828338623,7.670000076293945,7.679999828338623,332.0
2024-07-03 11:51:00,LUCY,0.4724000096321106,0.4724000096321106,0.4724000096321106,0.47200000286102295,0.47200000286102295,218.0
2024-07-03 11:51:00,LXRX,1.5951999425888062,1.5951999425888062,1.5994000434875488,1.590000033378601,1.5950000286102295,2926.0
2024-07-03 11:51:00,LYEL,1.4950000047683716,1.4950000047683716,1.5,1.4950000047683716,1.5,18625.0
2024-07-03 11:51:00,LYRA,0.28610000014305115,0.28610000014305115,0.28610000014305115,0.28610000014305115,0.28610000014305115,112.0
2024-07-03 11:51:00,MASI,114.70999908447266,114.70999908447266,114.76000213623047,114.70999908447266,114.76000213623047,382.0
2024-07-03 11:51:00,MBIO,0.492900013923645,0.492900013923645,0.49380001425743103,0.492900013923645,0.4936000108718872,12789.0
2024-07-03 11:51:00,MCRB,0.7110000252723694,0.7110000252723694,0.7110999822616577,0.7110000252723694,0.7110999822616577,300.0
2024-07-03 11:51:00,MDGL,269.55999755859375,269.55999755859375,269.55999755859375,269.55999755859375,269.55999755859375,359.0
2024-07-03 11:51:00,MDWD,14.760000228881836,14.760000228881836,14.760000228881836,14.760000228881836,14.760000228881836,640.0
2024-07-03 11:51:00,MDXG,6.755000114440918,6.755000114440918,6.755000114440918,6.75,6.75,3119.0
2024-07-03 11:51:00,ME,0.40939998626708984,0.40939998626708984,0.41040000319480896,0.4092999994754791,0.4099999964237213,49566.0
2024-07-03 11:51:00,MEDS,18.079999923706055,18.079999923706055,18.079999923706055,17.9689998626709,17.9689998626709,3578.0
2024-07-03 11:51:00,MGNX,4.204999923706055,4.204999923706055,4.204999923706055,4.204999923706055,4.204999923706055,248.0
2024-07-03 11:51:00,MHUA,0.902400016784668,0.902400016784668,0.902400016784668,0.902400016784668,0.902400016784668,905.0
2024-07-03 11:51:00,MIRM,33.72909927368164,33.72909927368164,33.72909927368164,33.72909927368164,33.72909927368164,770.0
2024-07-03 11:51:00,MMSI,85.87999725341797,85.87999725341797,85.87999725341797,85.83000183105469,85.83000183105469,1243.0
2024-07-03 11:51:00,MNKD,5.019899845123291,5.019899845123291,5.019899845123291,5.019899845123291,5.019899845123291,4000.0
2024-07-03 11:51:00,MNMD,7.139999866485596,7.139999866485596,7.139999866485596,7.139999866485596,7.139999866485596,708.0
2024-07-03 11:51:00,MORF,31.844999313354492,31.844999313354492,31.844999313354492,31.844999313354492,31.844999313354492,373.0
2024-07-03 11:51:00,MOTS,0.04270000010728836,0.04270000010728836,0.04270000010728836,0.04270000010728836,0.04270000010728836,100.0
2024-07-03 11:51:00,MREO,3.509999990463257,3.509999990463257,3.509999990463257,3.505000114440918,3.505000114440918,1145.0
2024-07-03 11:51:00,MRNA,115.55000305175781,115.55000305175781,115.62000274658203,115.47000122070312,115.51000213623047,9084.0
2024-07-03 11:51:00,MRNS,1.2050000429153442,1.2050000429153442,1.2050000429153442,1.2050000429153442,1.2050000429153442,1180.0
2024-07-03 11:51:00,MRSN,1.840000033378601,1.840000033378601,1.850000023841858,1.840000033378601,1.850000023841858,211.0
2024-07-03 11:51:00,MXCT,3.694999933242798,3.694999933242798,3.700000047683716,3.694999933242798,3.700000047683716,325.0
2024-07-03 11:51:00,MYGN,25.110000610351562,25.110000610351562,25.110000610351562,25.110000610351562,25.110000610351562,352.0
2024-07-03 11:51:00,NARI,49.53499984741211,49.53499984741211,49.56999969482422,49.53499984741211,49.56999969482422,347.0
2024-07-03 11:51:00,NAUT,2.319999933242798,2.319999933242798,2.319999933242798,2.319999933242798,2.319999933242798,24.0
2024-07-03 11:51:00,NBIX,138.28500366210938,138.28500366210938,138.36000061035156,138.2100067138672,138.36000061035156,2009.0
2024-07-03 11:51:00,NDRA,0.10119999945163727,0.10119999945163727,0.10180000215768814,0.09700000286102295,0.10100000351667404,279682.0
2024-07-03 11:51:00,NEO,13.729000091552734,13.729000091552734,13.729000091552734,13.729000091552734,13.729000091552734,1092.0
2024-07-03 11:51:00,NRC,22.899999618530273,22.899999618530273,22.899999618530273,22.899999618530273,22.899999618530273,255.0
2024-07-03 11:51:00,NRIX,19.514999389648438,19.514999389648438,19.530000686645508,19.514999389648438,19.514999389648438,469.0
2024-07-03 11:51:00,NTLA,22.639999389648438,22.639999389648438,22.639999389648438,22.639999389648438,22.639999389648438,208.0
2024-07-03 11:51:00,NUVL,71.94999694824219,71.94999694824219,71.94999694824219,71.94999694824219,71.94999694824219,2243.0
2024-07-03 11:51:00,NVAX,12.640000343322754,12.640000343322754,12.654999732971191,12.640000343322754,12.640000343322754,10323.0
2024-07-03 11:51:00,NVCR,16.690000534057617,16.690000534057617,16.690000534057617,16.690000534057617,16.690000534057617,410.0
2024-07-03 11:51:00,NVOS,0.7749000191688538,0.7749000191688538,0.7749000191688538,0.7749000191688538,0.7749000191688538,1260.0
2024-07-03 11:51:00,OCGN,1.600000023841858,1.600000023841858,1.600000023841858,1.5950000286102295,1.5950000286102295,5413.0
2024-07-03 11:51:00,OCUL,6.670000076293945,6.670000076293945,6.670000076293945,6.659999847412109,6.670000076293945,2683.0
2024-07-03 11:51:00,OGI,1.5750000476837158,1.5750000476837158,1.5750000476837158,1.5750000476837158,1.5750000476837158,618.0
2024-07-03 11:51:00,OLK,25.7549991607666,25.7549991607666,25.7549991607666,25.7549991607666,25.7549991607666,140.0
2024-07-03 11:51:00,OLMA,10.529999732971191,10.529999732971191,10.529999732971191,10.523099899291992,10.523099899291992,856.0
2024-07-03 11:51:00,OM,3.875,3.875,3.875,3.875,3.875,1227.0
2024-07-03 11:51:00,OMCL,26.584999084472656,26.584999084472656,26.59000015258789,26.584999084472656,26.59000015258789,1007.0
2024-07-03 11:51:00,OMER,3.869999885559082,3.869999885559082,3.869999885559082,3.859999895095825,3.859999895095825,2224.0
2024-07-03 11:51:00,OMGA,1.9550000429153442,1.9550000429153442,1.9599000215530396,1.9550000429153442,1.9599000215530396,2406.0
2024-07-03 11:52:00,ABEO,4.255000114440918,4.255000114440918,4.255000114440918,4.255000114440918,4.255000114440918,168.0
2024-07-03 11:52:00,ABOS,2.259999990463257,2.259999990463257,2.262500047683716,2.259999990463257,2.262500047683716,1968.0
2024-07-03 11:52:00,ABSI,3.184999942779541,3.184999942779541,3.190000057220459,3.180000066757202,3.190000057220459,3159.0
2024-07-03 11:52:00,ACAD,15.5600004196167,15.5600004196167,15.5600004196167,15.5600004196167,15.5600004196167,776.0
2024-07-03 11:52:00,ACCD,3.5250000953674316,3.5250000953674316,3.5299999713897705,3.5250000953674316,3.5299999713897705,5002.0
2024-07-03 11:52:00,ACET,1.065000057220459,1.065000057220459,1.0700000524520874,1.065000057220459,1.0700000524520874,1575.0
2024-07-03 11:52:00,ACHC,66.4749984741211,66.4749984741211,66.4749984741211,66.4749984741211,66.4749984741211,486.0
2024-07-03 11:52:00,ACRS,1.159999966621399,1.159999966621399,1.159999966621399,1.159999966621399,1.159999966621399,1448.0
2024-07-03 11:52:00,ACST,3.009999990463257,3.009999990463257,3.0209999084472656,3.009999990463257,3.0209999084472656,1203.0
2024-07-03 11:52:00,ADAP,1.0099999904632568,1.0099999904632568,1.0099999904632568,1.0,1.0,10013.0
2024-07-03 11:52:00,ADMA,11.225000381469727,11.225000381469727,11.225000381469727,11.220000267028809,11.225000381469727,2920.0
2024-07-03 11:52:00,ADPT,3.380000114440918,3.380000114440918,3.380000114440918,3.359999895095825,3.364000082015991,5189.0
2024-07-03 11:52:00,AEMD,0.41269999742507935,0.41269999742507935,0.41269999742507935,0.40209999680519104,0.4025000035762787,10505.0
2024-07-03 11:52:00,AFMD,5.070000171661377,5.070000171661377,5.070000171661377,5.070000171661377,5.070000171661377,199.0
2024-07-03 11:52:00,AGEN,14.289999961853027,14.289999961853027,14.300000190734863,14.289999961853027,14.300000190734863,1706.0
2024-07-03 11:52:00,AGIO,41.61000061035156,41.61000061035156,41.61000061035156,41.61000061035156,41.61000061035156,117.0
2024-07-03 11:52:00,AHCO,9.720000267028809,9.720000267028809,9.725000381469727,9.720000267028809,9.725000381469727,2293.0
2024-07-03 11:52:00,AIMD,0.8100000023841858,0.8100000023841858,0.8100000023841858,0.8100000023841858,0.8100000023841858,1032.0
2024-07-03 11:52:00,AKBA,0.9474999904632568,0.9474999904632568,0.9474999904632568,0.9456999897956848,0.9456999897956848,800.0
2024-07-03 11:52:00,ALGN,241.89999389648438,241.89999389648438,241.89999389648438,241.84500122070312,241.84500122070312,887.0
2024-07-03 11:52:00,ALGS,0.4237000048160553,0.4237000048160553,0.4237000048160553,0.4237000048160553,0.4237000048160553,200.0
2024-07-03 11:52:00,ALKS,24.229999542236328,24.229999542236328,24.229999542236328,24.219999313354492,24.219999313354492,611.0
2024-07-03 11:52:00,ALLO,2.1098999977111816,2.1098999977111816,2.1098999977111816,2.1098999977111816,2.1098999977111816,1072.0
2024-07-03 11:52:00,ALLR,0.2021999955177307,0.2021999955177307,0.2070000022649765,0.2021999955177307,0.2021999955177307,3739.0
2024-07-03 11:52:00,ALNY,246.52000427246094,246.52000427246094,246.52000427246094,246.52000427246094,246.52000427246094,323.0
2024-07-03 11:52:00,ALT,6.670899868011475,6.670899868011475,6.679999828338623,6.670899868011475,6.679999828338623,3082.0
2024-07-03 11:52:00,ALZN,0.40799999237060547,0.40799999237060547,0.40799999237060547,0.40799999237060547,0.40799999237060547,1132.0
2024-07-03 11:52:00,AMED,97.01000213623047,97.01000213623047,97.01000213623047,96.99150085449219,96.99150085449219,4087.0
2024-07-03 11:52:00,AMGN,306.9599914550781,306.9599914550781,307.05999755859375,306.80999755859375,307.05999755859375,1568.0
2024-07-03 11:52:00,AMLX,1.7599999904632568,1.7599999904632568,1.7599999904632568,1.7549999952316284,1.7599999904632568,2225.0
2024-07-03 11:52:00,AMPH,38.310001373291016,38.310001373291016,38.310001373291016,38.310001373291016,38.310001373291016,754.0
2024-07-03 11:52:00,AMRN,0.6930000185966492,0.6930000185966492,0.6930000185966492,0.6930000185966492,0.6930000185966492,1270.0
2024-07-03 11:52:00,ANAB,25.0,25.0,25.0,25.0,25.0,981.0
2024-07-03 11:52:00,ANNX,4.784999847412109,4.784999847412109,4.789999961853027,4.784999847412109,4.784999847412109,1880.0
2024-07-03 11:52:00,APDN,0.4000000059604645,0.4000000059604645,0.40119999647140503,0.4000000059604645,0.4000000059604645,0.0
2024-07-03 11:52:00,APLS,35.34000015258789,35.34000015258789,35.400001525878906,35.34000015258789,35.400001525878906,1109.0
2024-07-03 11:52:00,APLT,4.355000019073486,4.355000019073486,4.355000019073486,4.349999904632568,4.355000019073486,2494.0
2024-07-03 11:52:00,APVO,0.30489999055862427,0.30489999055862427,0.30489999055862427,0.30489999055862427,0.30489999055862427,202.0
2024-07-03 11:52:00,AQST,2.4049999713897705,2.4049999713897705,2.4049999713897705,2.4000000953674316,2.4000000953674316,626.0
2024-07-03 11:52:00,ARCT,21.43000030517578,21.43000030517578,21.43000030517578,21.43000030517578,21.43000030517578,197.0
2024-07-03 11:52:00,ARDX,5.244999885559082,5.244999885559082,5.25,5.239999771118164,5.244999885559082,14131.0
2024-07-03 11:52:00,ARQT,9.625,9.625,9.625,9.625,9.625,744.0
2024-07-03 11:52:00,ARVN,23.760000228881836,23.760000228881836,23.760000228881836,23.760000228881836,23.760000228881836,1335.0
2024-07-03 11:52:00,ARWR,25.219999313354492,25.219999313354492,25.239999771118164,25.219999313354492,25.239999771118164,1552.0
2024-07-03 11:52:00,ASND,133.52999877929688,133.52999877929688,133.52999877929688,133.47999572753906,133.5050048828125,1601.0
2024-07-03 11:52:00,ASRT,1.3291000127792358,1.3291000127792358,1.3291000127792358,1.3291000127792358,1.3291000127792358,1552.0
2024-07-03 11:52:00,ATAI,1.2899999618530273,1.2899999618530273,1.2899999618530273,1.2899999618530273,1.2899999618530273,827.0
2024-07-03 11:52:00,ATEC,9.949999809265137,9.949999809265137,9.975000381469727,9.949999809265137,9.975000381469727,4649.0
2024-07-03 11:52:00,ATOS,1.1549999713897705,1.1549999713897705,1.1549999713897705,1.149999976158142,1.1549999713897705,14015.0
2024-07-03 11:52:00,ATRC,22.360000610351562,22.360000610351562,22.360000610351562,22.334999084472656,22.334999084472656,5669.0
2024-07-03 11:52:00,ATXS,8.979999542236328,8.979999542236328,9.0,8.979999542236328,9.0,1014.0
2024-07-03 11:52:00,AUGX,1.0,1.0,1.0,1.0,1.0,1400.0
2024-07-03 11:52:00,AUPH,5.465000152587891,5.465000152587891,5.465000152587891,5.465000152587891,5.465000152587891,426.0
2024-07-03 11:52:00,AURA,6.989999771118164,6.989999771118164,7.010000228881836,6.989999771118164,7.0,2568.0
2024-07-03 11:52:00,AVAH,2.6449999809265137,2.6449999809265137,2.6449999809265137,2.6449999809265137,2.6449999809265137,411.0
2024-07-03 11:52:00,AVDL,14.40999984741211,14.40999984741211,14.4399995803833,14.40999984741211,14.420000076293945,2343.0
2024-07-03 11:52:00,AVIR,3.265000104904175,3.265000104904175,3.265000104904175,3.265000104904175,3.265000104904175,450.0
2024-07-03 11:52:00,AVTE,1.6349999904632568,1.6349999904632568,1.6349999904632568,1.6349999904632568,1.6349999904632568,327.0
2024-07-03 11:52:00,AWH,0.9672999978065491,0.9672999978065491,0.9672999978065491,0.9672999978065491,0.9672999978065491,888.0
2024-07-03 11:52:00,AXDX,1.154099941253662,1.154099941253662,1.154099941253662,1.154099941253662,1.154099941253662,845.0
2024-07-03 11:52:00,AXGN,7.454999923706055,7.454999923706055,7.454999923706055,7.454999923706055,7.454999923706055,1207.0
2024-07-03 11:52:00,AXSM,79.44999694824219,79.44999694824219,79.44999694824219,79.44999694824219,79.44999694824219,735.0
2024-07-03 11:52:00,AZN,76.63500213623047,76.63500213623047,76.63999938964844,76.63500213623047,76.63999938964844,2189.0
2024-07-03 11:52:00,AZTA,52.650001525878906,52.650001525878906,52.650001525878906,52.650001525878906,52.650001525878906,445.0
2024-07-03 11:52:00,BBIO,25.239999771118164,25.239999771118164,25.264999389648438,25.239999771118164,25.264999389648438,1388.0
2024-07-03 11:52:00,BCAB,1.375,1.375,1.375,1.375,1.375,0.0
2024-07-03 11:52:00,BCRX,6.429999828338623,6.429999828338623,6.434999942779541,6.429999828338623,6.434999942779541,3566.0
2024-07-03 11:52:00,BDTX,4.34499979019165,4.34499979019165,4.34499979019165,4.34499979019165,4.34499979019165,256.0
2024-07-03 11:52:00,BEAM,23.510000228881836,23.510000228881836,23.520000457763672,23.510000228881836,23.520000457763672,1662.0
2024-07-03 11:52:00,BIIB,223.14999389648438,223.14999389648438,223.4199981689453,223.10000610351562,223.4199981689453,1424.0
2024-07-03 11:52:00,BIMI,1.2821999788284302,1.2821999788284302,1.2821999788284302,1.2821999788284302,1.2821999788284302,336.0
2024-07-03 11:52:00,BLUE,0.92330002784729,0.92330002784729,0.925599992275238,0.9169999957084656,0.9169999957084656,71667.0
2024-07-03 11:52:00,BMEA,4.355000019073486,4.355000019073486,4.355000019073486,4.355000019073486,4.355000019073486,326.0
2024-07-03 11:52:00,BMRA,0.44999998807907104,0.44999998807907104,0.450300008058548,0.44999998807907104,0.45019999146461487,3075.0
2024-07-03 11:52:00,BMRN,80.7699966430664,80.7699966430664,80.80000305175781,80.7699966430664,80.80000305175781,2016.0
2024-07-03 11:52:00,BNGO,0.5562000274658203,0.5562000274658203,0.5562000274658203,0.5562000274658203,0.5562000274658203,10011.0
2024-07-03 11:52:00,BNTX,79.8499984741211,79.8499984741211,79.875,79.81999969482422,79.875,3112.0
2024-07-03 11:52:00,BPTH,1.7899999618530273,1.7899999618530273,1.7899999618530273,1.7899999618530273,1.7899999618530273,528.0
2024-07-03 11:52:00,BRKR,61.5099983215332,61.5099983215332,61.55500030517578,61.5099983215332,61.55500030517578,1284.0
2024-07-03 11:52:00,BRTX,1.909999966621399,1.909999966621399,1.909999966621399,1.909999966621399,1.909999966621399,104.0
2024-07-03 11:52:00,BTAI,1.0850000381469727,1.0850000381469727,1.0850000381469727,1.0800000429153442,1.0800000429153442,438.0
2024-07-03 11:52:00,BTMD,7.389999866485596,7.389999866485596,7.389999866485596,7.389999866485596,7.389999866485596,594.0
2024-07-03 11:52:00,BVS,5.960000038146973,5.960000038146973,5.960000038146973,5.960000038146973,5.960000038146973,427.0
2024-07-03 11:52:00,CADL,6.309999942779541,6.309999942779541,6.320000171661377,6.28000020980835,6.289999961853027,3816.0
2024-07-03 11:52:00,CAPR,4.699999809265137,4.699999809265137,4.699999809265137,4.699999809265137,4.699999809265137,842.0
2024-07-03 11:52:00,CCCC,4.550000190734863,4.550000190734863,4.565000057220459,4.550000190734863,4.554999828338623,2624.0
2024-07-03 11:52:00,CCRN,13.770000457763672,13.770000457763672,13.770000457763672,13.770000457763672,13.770000457763672,801.0
2024-07-03 11:52:00,CDMO,7.769899845123291,7.769899845123291,7.769899845123291,7.764999866485596,7.764999866485596,1227.0
2024-07-03 11:52:00,CDNA,15.149999618530273,15.149999618530273,15.149999618530273,15.149999618530273,15.149999618530273,255.0
2024-07-03 11:52:00,CDXC,2.505000114440918,2.505000114440918,2.505000114440918,2.505000114440918,2.505000114440918,200.0
2024-07-03 11:52:00,CELC,16.290000915527344,16.290000915527344,16.290000915527344,16.290000915527344,16.290000915527344,228.0
2024-07-03 11:52:00,CERE,39.79999923706055,39.79999923706055,40.0,39.79999923706055,40.0,72752.0
2024-07-03 11:52:00,CERS,1.7100000381469727,1.7100000381469727,1.7200000286102295,1.7100000381469727,1.7200000286102295,663.0
2024-07-03 11:52:00,CERT,13.8100004196167,13.8100004196167,13.8100004196167,13.8100004196167,13.8100004196167,429.0
2024-07-03 11:52:00,CGC,6.539899826049805,6.539899826049805,6.539899826049805,6.526199817657471,6.534999847412109,3419.0
2024-07-03 11:52:00,CGEM,16.639999389648438,16.639999389648438,16.674999237060547,16.639999389648438,16.674999237060547,399.0
2024-07-03 11:52:00,CGEN,1.659999966621399,1.659999966621399,1.659999966621399,1.659999966621399,1.659999966621399,200.0
2024-07-03 11:52:00,CHRS,1.3949999809265137,1.3949999809265137,1.3949999809265137,1.3949999809265137,1.3949999809265137,400.0
2024-07-03 11:52:00,CING,0.337799996137619,0.337799996137619,0.337799996137619,0.337799996137619,0.337799996137619,0.0
2024-07-03 11:52:00,CLDX,36.040000915527344,36.040000915527344,36.04999923706055,36.040000915527344,36.04999923706055,1003.0
2024-07-03 11:52:00,CLOV,1.2450000047683716,1.2450000047683716,1.2450000047683716,1.2450000047683716,1.2450000047683716,806.0
2024-07-03 11:52:00,CLPT,5.380000114440918,5.380000114440918,5.380000114440918,5.380000114440918,5.380000114440918,115.0
2024-07-03 11:52:00,CLRB,2.440000057220459,2.440000057220459,2.450000047683716,2.440000057220459,2.450000047683716,1994.0
2024-07-03 11:52:00,CMPS,6.284999847412109,6.284999847412109,6.284999847412109,6.284999847412109,6.284999847412109,474.0
2024-07-03 11:52:00,CMPX,0.8519999980926514,0.8519999980926514,0.8519999980926514,0.8519999980926514,0.8519999980926514,200.0
2024-07-03 11:52:00,CMRX,0.8629999756813049,0.8629999756813049,0.8629999756813049,0.8629999756813049,0.8629999756813049,140.0
2024-07-03 11:52:00,CNSP,1.5398999452590942,1.5398999452590942,1.5399999618530273,1.5200999975204468,1.5200999975204468,19987.0
2024-07-03 11:52:00,COGT,8.425000190734863,8.425000190734863,8.425000190734863,8.425000190734863,8.425000190734863,798.0
2024-07-03 11:52:00,COLL,32.220001220703125,32.220001220703125,32.220001220703125,32.220001220703125,32.220001220703125,706.0
2024-07-03 11:52:00,CORT,30.2549991607666,30.2549991607666,30.270000457763672,30.252500534057617,30.270000457763672,1019.0
2024-07-03 11:52:00,COSM,0.9210000038146973,0.9210000038146973,0.9300000071525574,0.9210000038146973,0.9300000071525574,2449.0
2024-07-03 11:52:00,CPRX,15.420000076293945,15.420000076293945,15.420000076293945,15.420000076293945,15.420000076293945,422.0
2024-07-03 11:52:00,CRBU,1.5700000524520874,1.5700000524520874,1.5800000429153442,1.5700000524520874,1.5800000429153442,501.0
2024-07-03 11:52:00,CRNX,44.529998779296875,44.529998779296875,44.689998626708984,44.529998779296875,44.689998626708984,1654.0
2024-07-03 11:52:00,CRSP,53.79999923706055,53.79999923706055,53.869998931884766,53.79999923706055,53.869998931884766,1344.0
2024-07-03 11:52:00,CTKB,5.599999904632568,5.599999904632568,5.599999904632568,5.599999904632568,5.599999904632568,196.0
2024-07-03 11:52:00,CTMX,1.3049999475479126,1.3049999475479126,1.3049999475479126,1.3049999475479126,1.3049999475479126,702.0
2024-07-03 11:52:00,CTSO,0.8289999961853027,0.8289999961853027,0.8289999961853027,0.8289999961853027,0.8289999961853027,921.0
2024-07-03 11:52:00,CTXR,0.5056999921798706,0.5056999921798706,0.5056999921798706,0.5054000020027161,0.5054000020027161,9158.0
2024-07-03 11:52:00,CUTR,1.2905000448226929,1.2905000448226929,1.2999999523162842,1.2905000448226929,1.2999999523162842,220.0
2024-07-03 11:52:00,CVAC,3.3299999237060547,3.3299999237060547,3.3299999237060547,3.325000047683716,3.325000047683716,8901.0
2024-07-03 11:52:00,CYTK,54.72999954223633,54.72999954223633,54.72999954223633,54.72999954223633,54.72999954223633,601.0
2024-07-03 11:52:00,DAWN,13.279999732971191,13.279999732971191,13.279999732971191,13.270000457763672,13.270000457763672,942.0
2024-07-03 11:52:00,DCGO,2.944999933242798,2.944999933242798,2.944999933242798,2.944999933242798,2.944999933242798,929.0
2024-07-03 11:52:00,DERM,5.150000095367432,5.150000095367432,5.150000095367432,5.150000095367432,5.150000095367432,102.0
2024-07-03 11:52:00,DH,5.375,5.375,5.375,5.375,5.375,2981.0
2024-07-03 11:52:00,DNLI,21.309999465942383,21.309999465942383,21.309999465942383,21.309999465942383,21.309999465942383,402.0
2024-07-03 11:52:00,DSGN,3.25,3.25,3.2699999809265137,3.25,3.2699999809265137,439.0
2024-07-03 11:52:00,DVAX,11.050000190734863,11.050000190734863,11.050000190734863,11.045000076293945,11.045000076293945,1639.0
2024-07-03 11:52:00,DXCM,110.79000091552734,110.79000091552734,110.8499984741211,110.77999877929688,110.8041000366211,2101.0
2024-07-03 11:52:00,DYN,34.15999984741211,34.15999984741211,34.15999984741211,34.125,34.125,342.0
2024-07-03 11:52:00,EDIT,4.619999885559082,4.619999885559082,4.635000228881836,4.619999885559082,4.635000228881836,3081.0
2024-07-03 11:52:00,EMBC,12.0600004196167,12.0600004196167,12.0600004196167,12.0600004196167,12.0600004196167,446.0
2024-07-03 11:52:00,ENSG,126.51499938964844,126.51499938964844,126.6353988647461,126.5,126.6353988647461,2403.0
2024-07-03 11:52:00,ENTA,13.15999984741211,13.15999984741211,13.15999984741211,13.15999984741211,13.15999984741211,863.0
2024-07-03 11:52:00,ERAS,2.2200000286102295,2.2200000286102295,2.2200000286102295,2.2200000286102295,2.2200000286102295,752.0
2024-07-03 11:52:00,ESPR,2.3450000286102295,2.3450000286102295,2.3499999046325684,2.3450000286102295,2.3499999046325684,6241.0
2024-07-03 11:52:00,EVAX,2.9000000953674316,2.9000000953674316,2.9100000858306885,2.9000000953674316,2.9100000858306885,843.0
2024-07-03 11:52:00,EWTX,18.049999237060547,18.049999237060547,18.049999237060547,18.049999237060547,18.049999237060547,946.0
2024-07-03 11:52:00,EXAS,43.130001068115234,43.130001068115234,43.130001068115234,43.119998931884766,43.119998931884766,1740.0
2024-07-03 11:52:00,EXEL,21.899999618530273,21.899999618530273,21.90999984741211,21.889999389648438,21.899999618530273,3764.0
2024-07-03 11:52:00,EYEN,0.7843000292778015,0.7843000292778015,0.7843000292778015,0.7843000292778015,0.7843000292778015,200.0
2024-07-03 11:52:00,EYPT,8.3100004196167,8.3100004196167,8.3100004196167,8.3100004196167,8.3100004196167,1058.0
2024-07-03 11:52:00,FATE,3.1500000953674316,3.1500000953674316,3.1549999713897705,3.1500000953674316,3.1549999713897705,1511.0
2024-07-03 11:52:00,FBIO,1.7649999856948853,1.7649999856948853,1.7649999856948853,1.7649999856948853,1.7649999856948853,700.0
2024-07-03 11:52:00,FGEN,0.7070000171661377,0.7070000171661377,0.7070000171661377,0.7070000171661377,0.7070000171661377,1605.0
2024-07-03 11:52:00,FOLD,9.859999656677246,9.859999656677246,9.859999656677246,9.859999656677246,9.859999656677246,1184.0
2024-07-03 11:52:00,GALT,2.180000066757202,2.180000066757202,2.180000066757202,2.180000066757202,2.180000066757202,101.0
2024-07-03 11:52:00,GANX,1.1399999856948853,1.1399999856948853,1.1401000022888184,1.1399999856948853,1.1399999856948853,1900.0
2024-07-03 11:52:00,GBIO,2.430000066757202,2.430000066757202,2.434999942779541,2.430000066757202,2.434999942779541,737.0
2024-07-03 11:52:00,GERN,4.315000057220459,4.315000057220459,4.315000057220459,4.315000057220459,4.315000057220459,792.0
2024-07-03 11:52:00,GH,28.25,28.25,28.25,28.25,28.25,525.0
2024-07-03 11:52:00,GILD,66.94999694824219,66.94999694824219,66.9800033569336,66.94999694824219,66.97000122070312,7761.0
2024-07-03 11:52:00,GLPG,25.010000228881836,25.010000228881836,25.010000228881836,25.010000228881836,25.010000228881836,471.0
2024-07-03 11:52:00,GLYC,0.27070000767707825,0.27070000767707825,0.27239999175071716,0.27070000767707825,0.2712000012397766,33469.0
2024-07-03 11:52:00,GOSS,0.9617000222206116,0.9617000222206116,0.9617000222206116,0.9617000222206116,0.9617000222206116,2175.0
2024-07-03 11:52:00,GOVX,2.9200000762939453,2.9200000762939453,2.930000066757202,2.910099983215332,2.910099983215332,1951.0
2024-07-03 11:52:00,GRTS,0.5842000246047974,0.5842000246047974,0.5867000222206116,0.5842000246047974,0.5867000222206116,9042.0
2024-07-03 11:52:00,HALO,52.09619903564453,52.09619903564453,52.09619903564453,52.06999969482422,52.06999969482422,2185.0
2024-07-03 11:52:00,HCAT,6.179999828338623,6.179999828338623,6.190000057220459,6.179999828338623,6.190000057220459,1641.0
2024-07-03 11:52:00,HCSG,10.650500297546387,10.650500297546387,10.650500297546387,10.619999885559082,10.624699592590332,5800.0
2024-07-03 11:52:00,HITI,2.1050000190734863,2.1050000190734863,2.1098999977111816,2.1050000190734863,2.1098999977111816,1006.0
2024-07-03 11:52:00,HOLX,73.16999816894531,73.16999816894531,73.23999786376953,73.16999816894531,73.23999786376953,9838.0
2024-07-03 11:52:00,HOWL,2.049999952316284,2.049999952316284,2.049999952316284,2.049999952316284,2.049999952316284,180.0
2024-07-03 11:52:00,HQY,83.33499908447266,83.33499908447266,83.33499908447266,83.33499908447266,83.33499908447266,2424.0
2024-07-03 11:52:00,HRMY,30.3700008392334,30.3700008392334,30.399999618530273,30.2549991607666,30.299999237060547,6643.0
2024-07-03 11:52:00,HROW,21.420000076293945,21.420000076293945,21.459999084472656,21.420000076293945,21.450000762939453,1354.0
2024-07-03 11:52:00,HRTX,2.700000047683716,2.700000047683716,2.7063000202178955,2.700000047683716,2.7063000202178955,17318.0
2024-07-03 11:52:00,HSIC,64.9000015258789,64.9000015258789,64.9000015258789,64.86000061035156,64.87000274658203,3985.0
2024-07-03 11:52:00,HUMA,5.710000038146973,5.710000038146973,5.71999979019165,5.710000038146973,5.71999979019165,2299.0
2024-07-03 11:52:00,IART,28.530000686645508,28.530000686645508,28.540000915527344,28.450000762939453,28.459999084472656,5098.0
2024-07-03 11:52:00,IBRX,6.25,6.25,6.260000228881836,6.25,6.260000228881836,1088.0
2024-07-03 11:52:00,ICLR,318.2179870605469,318.2179870605469,318.2179870605469,317.96820068359375,317.96820068359375,1000.0
2024-07-03 11:52:00,IDXX,476.6000061035156,476.6000061035156,476.6000061035156,476.6000061035156,476.6000061035156,122.0
2024-07-03 11:52:00,IDYA,33.31999969482422,33.31999969482422,33.33000183105469,33.31999969482422,33.33000183105469,955.0
2024-07-03 11:52:00,IGMS,6.510000228881836,6.510000228881836,6.510000228881836,6.510000228881836,6.510000228881836,551.0
2024-07-03 11:52:00,ILMN,105.44000244140625,105.44000244140625,105.58999633789062,105.44000244140625,105.58999633789062,3495.0
2024-07-03 11:52:00,IMAB,1.5299999713897705,1.5299999713897705,1.534999966621399,1.5299999713897705,1.534999966621399,10144.0
2024-07-03 11:52:00,IMCR,36.060001373291016,36.060001373291016,36.060001373291016,35.97999954223633,35.97999954223633,1248.0
2024-07-03 11:52:00,IMMX,2.380000114440918,2.380000114440918,2.380000114440918,2.375,2.380000114440918,1367.0
2024-07-03 11:52:00,IMNM,12.005000114440918,12.005000114440918,12.010000228881836,12.0,12.010000228881836,2604.0
2024-07-03 11:52:00,IMRX,1.1299999952316284,1.1299999952316284,1.1299999952316284,1.1299999952316284,1.1299999952316284,254.0
2024-07-03 11:52:00,IMTX,11.795000076293945,11.795000076293945,11.795000076293945,11.795000076293945,11.795000076293945,440.0
2024-07-03 11:52:00,IMVT,26.079999923706055,26.079999923706055,26.079999923706055,26.079999923706055,26.079999923706055,224.0
2024-07-03 11:52:00,INAB,0.7997999787330627,0.7997999787330627,0.7997999787330627,0.7997999787330627,0.7997999787330627,63.0
2024-07-03 11:52:00,INCY,57.90999984741211,57.90999984741211,57.93000030517578,57.900001525878906,57.91999816894531,6739.0
2024-07-03 11:52:00,INMD,17.584999084472656,17.584999084472656,17.584999084472656,17.579999923706055,17.58009910583496,15949.0
2024-07-03 11:52:00,INSM,62.0,62.0,62.0099983215332,61.9900016784668,61.9900016784668,5588.0
2024-07-03 11:52:00,IONS,44.7599983215332,44.7599983215332,44.76499938964844,44.7599983215332,44.76499938964844,1766.0
2024-07-03 11:52:00,IOVA,7.514999866485596,7.514999866485596,7.529900074005127,7.514999866485596,7.529900074005127,13038.0
2024-07-03 11:52:00,IPA,0.9900000095367432,0.9900000095367432,0.9900000095367432,0.9900000095367432,0.9900000095367432,44.0
2024-07-03 11:52:00,IPSC,2.25,2.25,2.25,2.25,2.25,242.0
2024-07-03 11:52:00,IRWD,6.105000019073486,6.105000019073486,6.110000133514404,6.105000019073486,6.110000133514404,1465.0
2024-07-03 11:52:00,ITCI,68.36000061035156,68.36000061035156,68.36000061035156,68.36000061035156,68.36000061035156,867.0
2024-07-03 11:52:00,JANX,38.025001525878906,38.025001525878906,38.025001525878906,38.025001525878906,38.025001525878906,407.0
2024-07-03 11:52:00,JAZZ,103.7300033569336,103.7300033569336,103.7300033569336,103.7300033569336,103.7300033569336,1390.0
2024-07-03 11:52:00,KALV,11.675000190734863,11.675000190734863,11.675000190734863,11.675000190734863,11.675000190734863,455.0
2024-07-03 11:52:00,KMDA,5.189000129699707,5.189000129699707,5.189000129699707,5.189000129699707,5.189000129699707,2180.0
2024-07-03 11:52:00,KNSA,18.93000030517578,18.93000030517578,18.93000030517578,18.93000030517578,18.93000030517578,298.0
2024-07-03 11:52:00,KPRX,4.480000019073486,4.480000019073486,4.480000019073486,4.480000019073486,4.480000019073486,800.0
2024-07-03 11:52:00,KRMD,2.4200000762939453,2.4200000762939453,2.4200000762939453,2.4200000762939453,2.4200000762939453,2076.0
2024-07-03 11:52:00,KTRA,0.2890999913215637,0.2890999913215637,0.2890999913215637,0.2890999913215637,0.2890999913215637,0.0
2024-07-03 11:52:00,KURA,20.260000228881836,20.260000228881836,20.299999237060547,20.260000228881836,20.299999237060547,2555.0
2024-07-03 11:52:00,KYMR,30.204999923706055,30.204999923706055,30.204999923706055,30.204999923706055,30.204999923706055,510.0
2024-07-03 11:52:00,KZR,0.5734999775886536,0.5734999775886536,0.5742999911308289,0.5734999775886536,0.5742999911308289,374.0
2024-07-03 11:52:00,LAB,1.8200000524520874,1.8200000524520874,1.8250000476837158,1.815000057220459,1.8250000476837158,18223.0
2024-07-03 11:52:00,LEGN,46.11000061035156,46.11000061035156,46.119998931884766,46.11000061035156,46.119998931884766,788.0
2024-07-03 11:52:00,LFMD,6.699999809265137,6.699999809265137,6.699999809265137,6.699999809265137,6.699999809265137,557.0
2024-07-03 11:52:00,LFST,5.110000133514404,5.110000133514404,5.110000133514404,5.105000019073486,5.105000019073486,1031.0
2024-07-03 11:52:00,LIVN,52.65999984741211,52.65999984741211,52.65999984741211,52.650001525878906,52.650001525878906,525.0
2024-07-03 11:52:00,LNTH,79.2249984741211,79.2249984741211,79.2699966430664,79.19999694824219,79.20500183105469,2604.0
2024-07-03 11:52:00,LPTX,1.7999999523162842,1.7999999523162842,1.7999999523162842,1.7999999523162842,1.7999999523162842,800.0
2024-07-03 11:52:00,LQDA,11.889699935913086,11.889699935913086,11.909899711608887,11.880000114440918,11.909899711608887,3580.0
2024-07-03 11:52:00,LUCY,0.47589999437332153,0.47589999437332153,0.47589999437332153,0.47589999437332153,0.47589999437332153,7163.0
2024-07-03 11:52:00,LUNG,6.269999980926514,6.269999980926514,6.269999980926514,6.269999980926514,6.269999980926514,191.0
2024-07-03 11:52:00,LXRX,1.5950000286102295,1.5950000286102295,1.595900058746338,1.5950000286102295,1.5950000286102295,1113.0
2024-07-03 11:52:00,LYEL,1.4900000095367432,1.4900000095367432,1.4900000095367432,1.4900000095367432,1.4900000095367432,1302.0
2024-07-03 11:52:00,LYRA,0.28600001335144043,0.28600001335144043,0.28600001335144043,0.2858000099658966,0.2858000099658966,3156.0
2024-07-03 11:52:00,MASI,114.69499969482422,114.69499969482422,114.72000122070312,114.69499969482422,114.72000122070312,4600.0
2024-07-03 11:52:00,MBIO,0.4925000071525574,0.4925000071525574,0.4950999915599823,0.4925000071525574,0.4950999915599823,2100.0
2024-07-03 11:52:00,MCRB,0.713100016117096,0.713100016117096,0.713100016117096,0.713100016117096,0.713100016117096,928.0
2024-07-03 11:52:00,MDGL,270.3900146484375,270.3900146484375,270.4200134277344,270.3900146484375,270.4200134277344,5380.0
2024-07-03 11:52:00,MDXG,6.755000114440918,6.755000114440918,6.755000114440918,6.744999885559082,6.75,4520.0
2024-07-03 11:52:00,ME,0.41029998660087585,0.41029998660087585,0.41029998660087585,0.41029998660087585,0.41029998660087585,408.0
2024-07-03 11:52:00,MEDS,18.010000228881836,18.010000228881836,18.45989990234375,18.010000228881836,18.45989990234375,0.0
2024-07-03 11:52:00,MGNX,4.204999923706055,4.204999923706055,4.204999923706055,4.204999923706055,4.204999923706055,505.0
2024-07-03 11:52:00,MGTX,3.9749999046325684,3.9749999046325684,3.990000009536743,3.9749999046325684,3.990000009536743,873.0
2024-07-03 11:52:00,MLTX,41.27000045776367,41.27000045776367,41.27000045776367,41.2400016784668,41.2400016784668,1053.0
2024-07-03 11:52:00,MNKD,5.019999980926514,5.019999980926514,5.019999980926514,5.019999980926514,5.019999980926514,0.0
2024-07-03 11:52:00,MODV,28.149999618530273,28.149999618530273,28.149999618530273,28.149999618530273,28.149999618530273,352.0
2024-07-03 11:52:00,MRNA,115.5999984741211,115.5999984741211,115.68000030517578,115.55000305175781,115.58999633789062,2993.0
2024-07-03 11:52:00,MRSN,1.850000023841858,1.850000023841858,1.850000023841858,1.840000033378601,1.840000033378601,202.0
2024-07-03 11:52:00,MRUS,52.20000076293945,52.20000076293945,52.20000076293945,52.20000076293945,52.20000076293945,307.0
2024-07-03 11:52:00,MXCT,3.694999933242798,3.694999933242798,3.700000047683716,3.694999933242798,3.700000047683716,529.0
2024-07-03 11:52:00,MYGN,25.06999969482422,25.06999969482422,25.110000610351562,25.06999969482422,25.110000610351562,3265.0
2024-07-03 11:52:00,MYMD,1.809999942779541,1.809999942779541,1.809999942779541,1.809999942779541,1.809999942779541,129.0
2024-07-03 11:52:00,NARI,49.529998779296875,49.529998779296875,49.61000061035156,49.529998779296875,49.57899856567383,6116.0
2024-07-03 11:52:00,NBIX,138.28500366210938,138.28500366210938,138.28500366210938,138.28500366210938,138.28500366210938,552.0
2024-07-03 11:52:00,NDRA,0.09929999709129333,0.09929999709129333,0.1005999967455864,0.09849999845027924,0.1005999967455864,109988.0
2024-07-03 11:52:00,NEO,13.720000267028809,13.720000267028809,13.720000267028809,13.720000267028809,13.720000267028809,1363.0
2024-07-03 11:52:00,NEOG,15.1899995803833,15.1899995803833,15.199899673461914,15.1899995803833,15.199899673461914,2584.0
2024-07-03 11:52:00,NKTR,1.2307000160217285,1.2307000160217285,1.2400000095367432,1.2307000160217285,1.2400000095367432,2996.0
2024-07-03 11:52:00,NKTX,5.315000057220459,5.315000057220459,5.315000057220459,5.315000057220459,5.315000057220459,292.0
2024-07-03 11:52:00,NLSP,0.20000000298023224,0.20000000298023224,0.20000000298023224,0.20000000298023224,0.20000000298023224,1205.0
2024-07-03 11:52:00,NRBO,4.570000171661377,4.570000171661377,4.570000171661377,4.570000171661377,4.570000171661377,101.0
2024-07-03 11:52:00,NRIX,19.489999771118164,19.489999771118164,19.520000457763672,19.489999771118164,19.520000457763672,922.0
2024-07-03 11:52:00,NTLA,22.600000381469727,22.600000381469727,22.65999984741211,22.600000381469727,22.65999984741211,2262.0
2024-07-03 11:52:00,NTRA,111.48999786376953,111.48999786376953,111.48999786376953,111.48999786376953,111.48999786376953,1616.0
2024-07-03 11:52:00,NVAX,12.619999885559082,12.619999885559082,12.640000343322754,12.614999771118164,12.640000343322754,2995.0
2024-07-03 11:52:00,NVCR,16.670000076293945,16.670000076293945,16.700000762939453,16.670000076293945,16.700000762939453,2856.0
2024-07-03 11:52:00,NXTC,1.590000033378601,1.590000033378601,1.590000033378601,1.590000033378601,1.590000033378601,100.0
2024-07-03 11:52:00,OCGN,1.600000023841858,1.600000023841858,1.600000023841858,1.5950000286102295,1.5950000286102295,2295.0
2024-07-03 11:52:00,OCUL,6.650000095367432,6.650000095367432,6.650000095367432,6.650000095367432,6.650000095367432,438.0
2024-07-03 11:52:00,OLMA,10.539999961853027,10.539999961853027,10.539999961853027,10.520000457763672,10.520000457763672,384.0
2024-07-03 11:52:00,OM,3.880000114440918,3.880000114440918,3.880000114440918,3.875,3.875,776.0
2024-07-03 11:52:00,OMCL,26.579999923706055,26.579999923706055,26.579999923706055,26.579999923706055,26.579999923706055,148.0
2024-07-03 11:53:00,ABCL,2.7111001014709473,2.7111001014709473,2.7200000286102295,2.7111001014709473,2.714900016784668,1756.0
2024-07-03 11:53:00,ABUS,3.134999990463257,3.134999990463257,3.134999990463257,3.134999990463257,3.134999990463257,203.0
2024-07-03 11:53:00,ACAD,15.574999809265137,15.574999809265137,15.574999809265137,15.569999694824219,15.569999694824219,2842.0
2024-07-03 11:53:00,ACB,4.869999885559082,4.869999885559082,4.869999885559082,4.869999885559082,4.869999885559082,457.0
2024-07-03 11:53:00,ACCD,3.5288000106811523,3.5288000106811523,3.5288000106811523,3.5288000106811523,3.5288000106811523,2589.0
2024-07-03 11:53:00,ACST,2.9600000381469727,2.9600000381469727,2.990999937057495,2.9600000381469727,2.990999937057495,1137.0
2024-07-03 11:53:00,ADAP,1.0149999856948853,1.0149999856948853,1.0199999809265137,1.0149999856948853,1.0199999809265137,667.0
2024-07-03 11:53:00,ADMA,11.225000381469727,11.225000381469727,11.225000381469727,11.225000381469727,11.225000381469727,739.0
2024-07-03 11:53:00,ADPT,3.375,3.375,3.375,3.375,3.375,907.0
2024-07-03 11:53:00,AEMD,0.41269999742507935,0.41269999742507935,0.41269999742507935,0.41269999742507935,0.41269999742507935,2908.0
2024-07-03 11:53:00,AFMD,5.050000190734863,5.050000190734863,5.050000190734863,5.050000190734863,5.050000190734863,726.0
2024-07-03 11:53:00,AGEN,14.300000190734863,14.300000190734863,14.300000190734863,14.289999961853027,14.289999961853027,1732.0
2024-07-03 11:53:00,AGIO,41.724998474121094,41.724998474121094,41.724998474121094,41.709999084472656,41.709999084472656,1982.0
2024-07-03 11:53:00,AIRS,4.0,4.0,4.0,3.9700000286102295,3.9700000286102295,522.0
2024-07-03 11:53:00,AKBA,0.9455999732017517,0.9455999732017517,0.9490000009536743,0.9455999732017517,0.9455999732017517,2294.0
2024-07-03 11:53:00,ALEC,4.389999866485596,4.389999866485596,4.389999866485596,4.389999866485596,4.389999866485596,1182.0
2024-07-03 11:53:00,ALGN,241.7949981689453,241.7949981689453,241.97000122070312,241.7100067138672,241.7100067138672,1982.0
2024-07-03 11:53:00,ALHC,7.985300064086914,7.985300064086914,7.985300064086914,7.985300064086914,7.985300064086914,1102.0
2024-07-03 11:53:00,ALKS,24.239999771118164,24.239999771118164,24.239999771118164,24.229999542236328,24.229999542236328,2345.0
2024-07-03 11:53:00,ALLK,0.8258000016212463,0.8258000016212463,0.826200008392334,0.8258000016212463,0.826200008392334,1890.0
2024-07-03 11:53:00,ALLO,2.1092000007629395,2.1092000007629395,2.1092000007629395,2.1001999378204346,2.1001999378204346,2262.0
2024-07-03 11:53:00,ALLR,0.2021999955177307,0.2021999955177307,0.2021999955177307,0.2021999955177307,0.2021999955177307,500.0
2024-07-03 11:53:00,ALNY,246.55499267578125,246.55499267578125,246.72000122070312,246.55499267578125,246.72000122070312,1307.0
2024-07-03 11:53:00,ALT,6.684999942779541,6.684999942779541,6.684999942779541,6.684999942779541,6.684999942779541,274.0
2024-07-03 11:53:00,ALVR,0.7382000088691711,0.7382000088691711,0.7382000088691711,0.7343999743461609,0.7382000088691711,1146.0
2024-07-03 11:53:00,ALXO,5.75,5.75,5.75,5.75,5.75,104.0
2024-07-03 11:53:00,AMED,97.0,97.0,97.0199966430664,96.98999786376953,97.0,14296.0
2024-07-03 11:53:00,AMGN,307.0679931640625,307.0679931640625,307.0679931640625,306.8800048828125,306.9598083496094,1172.0
2024-07-03 11:53:00,AMLX,1.7599999904632568,1.7599999904632568,1.7599999904632568,1.7549999952316284,1.7599999904632568,846.0
2024-07-03 11:53:00,AMPH,38.31999969482422,38.31999969482422,38.31999969482422,38.310001373291016,38.310001373291016,643.0
2024-07-03 11:53:00,AMRN,0.6919999718666077,0.6919999718666077,0.6919999718666077,0.691100001335144,0.691100001335144,2300.0
2024-07-03 11:53:00,ANGO,5.630000114440918,5.630000114440918,5.630000114440918,5.630000114440918,5.630000114440918,1413.0
2024-07-03 11:53:00,ANIP,60.95000076293945,60.95000076293945,60.95000076293945,60.95000076293945,60.95000076293945,529.0
2024-07-03 11:53:00,ANNX,4.784999847412109,4.784999847412109,4.784999847412109,4.784999847412109,4.784999847412109,1653.0
2024-07-03 11:53:00,ANTX,2.509999990463257,2.509999990463257,2.519700050354004,2.509999990463257,2.509999990463257,1429.0
2024-07-03 11:53:00,APLS,35.33000183105469,35.33000183105469,35.33000183105469,35.33000183105469,35.33000183105469,974.0
2024-07-03 11:53:00,APLT,4.349999904632568,4.349999904632568,4.349999904632568,4.340000152587891,4.349999904632568,4067.0
2024-07-03 11:53:00,AQST,2.4049999713897705,2.4049999713897705,2.4049999713897705,2.4049999713897705,2.4049999713897705,200.0
2024-07-03 11:53:00,ARAY,1.7350000143051147,1.7350000143051147,1.7350000143051147,1.7350000143051147,1.7350000143051147,200.0
2024-07-03 11:53:00,ARCT,21.469999313354492,21.469999313354492,21.469999313354492,21.424999237060547,21.459999084472656,1735.0
2024-07-03 11:53:00,ARDX,5.235000133514404,5.235000133514404,5.249899864196777,5.235000133514404,5.240099906921387,27898.0
2024-07-03 11:53:00,ARGX,434.8299865722656,434.8299865722656,434.8299865722656,434.8299865722656,434.8299865722656,1202.0
2024-07-03 11:53:00,ARQT,9.574999809265137,9.574999809265137,9.630000114440918,9.574999809265137,9.630000114440918,6770.0
2024-07-03 11:53:00,ARVN,23.774999618530273,23.774999618530273,23.774999618530273,23.774999618530273,23.774999618530273,477.0
2024-07-03 11:53:00,ASND,133.75999450683594,133.75999450683594,133.75999450683594,133.75999450683594,133.75999450683594,1271.0
2024-07-03 11:53:00,ATOS,1.1549999713897705,1.1549999713897705,1.1549999713897705,1.1549999713897705,1.1549999713897705,14.0
2024-07-03 11:53:00,ATRA,7.685299873352051,7.685299873352051,7.71999979019165,7.679999828338623,7.691299915313721,2772.0
2024-07-03 11:53:00,ATRC,22.364999771118164,22.364999771118164,22.364999771118164,22.360000610351562,22.360000610351562,505.0
2024-07-03 11:53:00,AUGX,1.0,1.0,1.0,1.0,1.0,866.0
2024-07-03 11:53:00,AUPH,5.465000152587891,5.465000152587891,5.465000152587891,5.465000152587891,5.465000152587891,1575.0
2024-07-03 11:53:00,AVDL,14.4350004196167,14.4350004196167,14.4350004196167,14.430000305175781,14.430000305175781,791.0
2024-07-03 11:53:00,AVGR,1.8598999977111816,1.8598999977111816,1.8598999977111816,1.8598999977111816,1.8598999977111816,101.0
2024-07-03 11:53:00,AVTE,1.6399999856948853,1.6399999856948853,1.6399999856948853,1.6349999904632568,1.6349999904632568,321.0
2024-07-03 11:53:00,AVXL,4.150000095367432,4.150000095367432,4.150000095367432,4.150000095367432,4.150000095367432,580.0
2024-07-03 11:53:00,AWH,0.9700000286102295,0.9700000286102295,0.9700000286102295,0.9599999785423279,0.9599999785423279,580.0
2024-07-03 11:53:00,AZN,76.61000061035156,76.61000061035156,76.63500213623047,76.61000061035156,76.62999725341797,3654.0
2024-07-03 11:53:00,BBIO,25.270000457763672,25.270000457763672,25.270000457763672,25.25,25.25,852.0
2024-07-03 11:53:00,BCAB,1.375,1.375,1.3799999952316284,1.3700000047683716,1.375,11440.0
2024-07-03 11:53:00,BCRX,6.42519998550415,6.42519998550415,6.42519998550415,6.42519998550415,6.42519998550415,138.0
2024-07-03 11:53:00,BEAM,23.579999923706055,23.579999923706055,23.579999923706055,23.487899780273438,23.487899780273438,2487.0
2024-07-03 11:53:00,BGXX,0.2632000148296356,0.2632000148296356,0.2632000148296356,0.2632000148296356,0.2632000148296356,0.0
2024-07-03 11:53:00,BIIB,223.2449951171875,223.2449951171875,223.30999755859375,223.16000366210938,223.24000549316406,1406.0
2024-07-03 11:53:00,BIMI,1.2799999713897705,1.2799999713897705,1.2799999713897705,1.2799999713897705,1.2799999713897705,732.0
2024-07-03 11:53:00,BJDX,0.6345999836921692,0.6345999836921692,0.6345999836921692,0.6345999836921692,0.6345999836921692,704.0
2024-07-03 11:53:00,BLRX,0.5101000070571899,0.5101000070571899,0.5101000070571899,0.5101000070571899,0.5101000070571899,1100.0
2024-07-03 11:53:00,BLUE,0.9266999959945679,0.9266999959945679,0.9266999959945679,0.9240999817848206,0.9266999959945679,47114.0
2024-07-03 11:53:00,BMRA,0.45489999651908875,0.45489999651908875,0.45489999651908875,0.45489999651908875,0.45489999651908875,0.0
2024-07-03 11:53:00,BMRN,80.77999877929688,80.77999877929688,80.80999755859375,80.76000213623047,80.7699966430664,4674.0
2024-07-03 11:53:00,BNGO,0.5561000108718872,0.5561000108718872,0.5562000274658203,0.5561000108718872,0.5562000274658203,12172.0
2024-07-03 11:53:00,BRKR,61.5,61.5,61.5099983215332,61.5,61.5099983215332,2136.0
2024-07-03 11:53:00,BTAI,1.0800000429153442,1.0800000429153442,1.0850000381469727,1.0800000429153442,1.0850000381469727,1161.0
2024-07-03 11:53:00,BVS,5.954999923706055,5.954999923706055,5.954999923706055,5.954999923706055,5.954999923706055,713.0
2024-07-03 11:53:00,BWAY,5.900000095367432,5.900000095367432,5.929999828338623,5.900000095367432,5.929999828338623,4465.0
2024-07-03 11:53:00,CADL,6.28000020980835,6.28000020980835,6.28000020980835,6.28000020980835,6.28000020980835,458.0
2024-07-03 11:53:00,CAPR,4.690000057220459,4.690000057220459,4.70989990234375,4.690000057220459,4.70989990234375,14853.0
2024-07-03 11:53:00,CASI,5.25,5.25,5.25,5.25,5.25,513.0
2024-07-03 11:53:00,CCCC,4.550000190734863,4.550000190734863,4.554999828338623,4.550000190734863,4.554999828338623,1519.0
2024-07-03 11:53:00,CCEL,6.699999809265137,6.699999809265137,6.699999809265137,6.699999809265137,6.699999809265137,0.0
2024-07-03 11:53:00,CDMO,7.784999847412109,7.784999847412109,7.784999847412109,7.75,7.75,2773.0
2024-07-03 11:53:00,CDNA,15.125,15.125,15.125,15.125,15.125,771.0
2024-07-03 11:53:00,CDXC,2.505000114440918,2.505000114440918,2.505000114440918,2.505000114440918,2.505000114440918,726.0
2024-07-03 11:53:00,CDXS,2.870500087738037,2.870500087738037,2.880000114440918,2.870500087738037,2.880000114440918,2784.0
2024-07-03 11:53:00,CERE,39.79999923706055,39.79999923706055,39.84000015258789,39.72999954223633,39.77000045776367,12879.0
2024-07-03 11:53:00,CERT,13.8100004196167,13.8100004196167,13.8100004196167,13.8100004196167,13.8100004196167,166.0
2024-07-03 11:53:00,CGC,6.53000020980835,6.53000020980835,6.539999961853027,6.53000020980835,6.534999847412109,8366.0
2024-07-03 11:53:00,CGEM,16.709999084472656,16.709999084472656,16.709999084472656,16.709999084472656,16.709999084472656,1038.0
2024-07-03 11:53:00,CGEN,1.6549999713897705,1.6549999713897705,1.6584999561309814,1.6549999713897705,1.6584999561309814,3112.0
2024-07-03 11:53:00,CHRS,1.3899999856948853,1.3899999856948853,1.3899999856948853,1.3899999856948853,1.3899999856948853,120.0
2024-07-03 11:53:00,CING,0.3377000093460083,0.3377000093460083,0.337799996137619,0.3377000093460083,0.337799996137619,36.0
2024-07-03 11:53:00,CJJD,2.259999990463257,2.259999990463257,2.259999990463257,2.259999990463257,2.259999990463257,0.0
2024-07-03 11:53:00,CLOV,1.2450000047683716,1.2450000047683716,1.2450000047683716,1.2450000047683716,1.2450000047683716,1119.0
2024-07-03 11:53:00,CMPS,6.284999847412109,6.284999847412109,6.284999847412109,6.269999980926514,6.269999980926514,1490.0
2024-07-03 11:53:00,CNSP,1.526900053024292,1.526900053024292,1.5399999618530273,1.5200999975204468,1.534999966621399,28171.0
2024-07-03 11:53:00,COGT,8.425000190734863,8.425000190734863,8.425000190734863,8.425000190734863,8.425000190734863,428.0
2024-07-03 11:53:00,COSM,0.9210000038146973,0.9210000038146973,0.9300000071525574,0.9210000038146973,0.9300000071525574,2372.0
2024-07-03 11:53:00,CPRX,15.420000076293945,15.420000076293945,15.420000076293945,15.420000076293945,15.420000076293945,498.0
2024-07-03 11:53:00,CRBU,1.5700000524520874,1.5700000524520874,1.5750000476837158,1.5700000524520874,1.5700000524520874,700.0
2024-07-03 11:53:00,CRDF,2.244999885559082,2.244999885559082,2.244999885559082,2.244999885559082,2.244999885559082,457.0
2024-07-03 11:53:00,CRIS,6.380000114440918,6.380000114440918,6.380000114440918,6.380000114440918,6.380000114440918,151.0
2024-07-03 11:53:00,CRNX,44.45500183105469,44.45500183105469,44.5099983215332,44.45500183105469,44.5099983215332,1711.0
2024-07-03 11:53:00,CRON,2.305000066757202,2.305000066757202,2.305000066757202,2.305000066757202,2.305000066757202,3090.0
2024-07-03 11:53:00,CSTL,20.729999542236328,20.729999542236328,20.729999542236328,20.729999542236328,20.729999542236328,325.0
2024-07-03 11:53:00,CTKB,5.605000019073486,5.605000019073486,5.605000019073486,5.605000019073486,5.605000019073486,953.0
2024-07-03 11:53:00,CTMX,1.2999999523162842,1.2999999523162842,1.2999999523162842,1.2999999523162842,1.2999999523162842,551.0
2024-07-03 11:53:00,CTXR,0.5062999725341797,0.5062999725341797,0.5062999725341797,0.5062999725341797,0.5062999725341797,3048.0
2024-07-03 11:53:00,CUE,0.9951000213623047,0.9951000213623047,1.0,0.9951000213623047,1.0,1195.0
2024-07-03 11:53:00,CVAC,3.3350000381469727,3.3350000381469727,3.3389999866485596,3.325000047683716,3.325000047683716,7248.0
2024-07-03 11:53:00,DAWN,13.279999732971191,13.279999732971191,13.279999732971191,13.279999732971191,13.279999732971191,944.0
2024-07-03 11:53:00,DVAX,11.045000076293945,11.045000076293945,11.045000076293945,11.045000076293945,11.045000076293945,312.0
2024-07-03 11:53:00,DXCM,110.76000213623047,110.76000213623047,110.83000183105469,110.76000213623047,110.83000183105469,2158.0
2024-07-03 11:53:00,EDIT,4.619999885559082,4.619999885559082,4.625,4.619999885559082,4.625,1340.0
2024-07-03 11:53:00,ELEV,2.6500000953674316,2.6500000953674316,2.6500000953674316,2.6500000953674316,2.6500000953674316,528.0
2024-07-03 11:53:00,EMBC,12.0600004196167,12.0600004196167,12.0600004196167,12.0600004196167,12.0600004196167,202.0
2024-07-03 11:53:00,ENSG,126.470703125,126.470703125,126.470703125,126.470703125,126.470703125,1146.0
2024-07-03 11:53:00,ENTA,13.100000381469727,13.100000381469727,13.100000381469727,13.100000381469727,13.100000381469727,581.0
2024-07-03 11:53:00,EOLS,10.90999984741211,10.90999984741211,10.90999984741211,10.899999618530273,10.90999984741211,882.0
2024-07-03 11:53:00,ESPR,2.3350000381469727,2.3350000381469727,2.3499999046325684,2.3350000381469727,2.3499999046325684,33990.0
2024-07-03 11:53:00,ETNB,7.5,7.5,7.5,7.489999771118164,7.489999771118164,586.0
2024-07-03 11:53:00,EXAI,5.421999931335449,5.421999931335449,5.421999931335449,5.421999931335449,5.421999931335449,845.0
2024-07-03 11:53:00,EXAS,43.18000030517578,43.18000030517578,43.18000030517578,43.130001068115234,43.13999938964844,1656.0
2024-07-03 11:53:00,EXEL,21.915000915527344,21.915000915527344,21.915000915527344,21.899999618530273,21.899999618530273,2041.0
2024-07-03 11:53:00,EYEN,0.7843000292778015,0.7843000292778015,0.7843000292778015,0.7843000292778015,0.7843000292778015,5.0
2024-07-03 11:53:00,FATE,3.1500000953674316,3.1500000953674316,3.1500000953674316,3.1500000953674316,3.1500000953674316,324.0
2024-07-03 11:53:00,FBIO,1.7503000497817993,1.7503000497817993,1.7503000497817993,1.7503000497817993,1.7503000497817993,10610.0
2024-07-03 11:53:00,FDMT,20.889999389648438,20.889999389648438,20.889999389648438,20.860000610351562,20.860000610351562,797.0
2024-07-03 11:53:00,FGEN,0.7159000039100647,0.7159000039100647,0.7159000039100647,0.7059999704360962,0.7059999704360962,72574.0
2024-07-03 11:53:00,FHTX,5.559999942779541,5.559999942779541,5.570000171661377,5.534999847412109,5.559999942779541,1845.0
2024-07-03 11:53:00,FOLD,9.854999542236328,9.854999542236328,9.859999656677246,9.854999542236328,9.859999656677246,3016.0
2024-07-03 11:53:00,FULC,6.135000228881836,6.135000228881836,6.135000228881836,6.135000228881836,6.135000228881836,149.0
2024-07-03 11:53:00,GALT,2.1700000762939453,2.1700000762939453,2.180000066757202,2.1700000762939453,2.180000066757202,247.0
2024-07-03 11:53:00,GERN,4.320000171661377,4.320000171661377,4.320000171661377,4.320000171661377,4.320000171661377,588.0
2024-07-03 11:53:00,GH,28.219999313354492,28.219999313354492,28.25,28.219999313354492,28.229999542236328,512.0
2024-07-03 11:53:00,GHRS,11.550000190734863,11.550000190734863,11.550000190734863,11.550000190734863,11.550000190734863,400.0
2024-07-03 11:53:00,GILD,66.95999908447266,66.95999908447266,66.95999908447266,66.94999694824219,66.95050048828125,6230.0
2024-07-03 11:53:00,GLSI,16.690000534057617,16.690000534057617,16.690000534057617,16.690000534057617,16.690000534057617,327.0
2024-07-03 11:53:00,GLYC,0.2709999978542328,0.2709999978542328,0.2709999978542328,0.2709999978542328,0.2709999978542328,500.0
2024-07-03 11:53:00,GMAB,25.18000030517578,25.18000030517578,25.18000030517578,25.18000030517578,25.18000030517578,488.0
2024-07-03 11:53:00,GOSS,0.9645000100135803,0.9645000100135803,0.9645000100135803,0.9544000029563904,0.9544000029563904,8047.0
2024-07-03 11:53:00,GOVX,2.924999952316284,2.924999952316284,2.930000066757202,2.924999952316284,2.930000066757202,653.0
2024-07-03 11:53:00,GRTS,0.5787000060081482,0.5787000060081482,0.5842000246047974,0.5787000060081482,0.5842000246047974,19910.0
2024-07-03 11:53:00,GTHX,2.549999952316284,2.549999952316284,2.549999952316284,2.5399999618530273,2.5450000762939453,691.0
2024-07-03 11:53:00,HALO,52.09000015258789,52.09000015258789,52.09000015258789,52.09000015258789,52.09000015258789,803.0
2024-07-03 11:53:00,HCSG,10.655200004577637,10.655200004577637,10.65999984741211,10.649999618530273,10.649999618530273,1270.0
2024-07-03 11:53:00,HOLX,73.1624984741211,73.1624984741211,73.19000244140625,73.16000366210938,73.19000244140625,1793.0
2024-07-03 11:53:00,HOWL,2.0450000762939453,2.0450000762939453,2.059999942779541,2.0450000762939453,2.049999952316284,1451.0
2024-07-03 11:53:00,HQY,83.30000305175781,83.30000305175781,83.30000305175781,83.26000213623047,83.30000305175781,1869.0
2024-07-03 11:53:00,HRMY,30.399999618530273,30.399999618530273,30.399999618530273,30.344999313354492,30.375,15136.0
2024-07-03 11:53:00,HRTX,2.700000047683716,2.700000047683716,2.700000047683716,2.700000047683716,2.700000047683716,1123.0
2024-07-03 11:53:00,HSIC,64.91999816894531,64.91999816894531,64.91999816894531,64.91999816894531,64.91999816894531,565.0
2024-07-03 11:53:00,HUMA,5.710000038146973,5.710000038146973,5.719900131225586,5.699999809265137,5.710000038146973,4999.0
2024-07-03 11:53:00,IART,28.4950008392334,28.4950008392334,28.510000228881836,28.4950008392334,28.510000228881836,918.0
2024-07-03 11:53:00,IBRX,6.260000228881836,6.260000228881836,6.260000228881836,6.260000228881836,6.260000228881836,749.0
2024-07-03 11:53:00,ICLR,318.2699890136719,318.2699890136719,318.2699890136719,318.17999267578125,318.2200012207031,2050.0
2024-07-03 11:53:00,IDXX,476.6050109863281,476.6050109863281,476.6050109863281,476.6050109863281,476.6050109863281,657.0
2024-07-03 11:53:00,IDYA,33.290000915527344,33.290000915527344,33.290000915527344,33.290000915527344,33.290000915527344,658.0
2024-07-03 11:53:00,IKNA,1.649999976158142,1.649999976158142,1.649999976158142,1.649999976158142,1.649999976158142,288.0
2024-07-03 11:53:00,ILMN,105.44999694824219,105.44999694824219,105.44999694824219,105.4000015258789,105.4000015258789,1788.0
2024-07-03 11:53:00,IMAB,1.524999976158142,1.524999976158142,1.534999966621399,1.524999976158142,1.534999966621399,5972.0
2024-07-03 11:53:00,IMCR,36.060001373291016,36.060001373291016,36.06999969482422,36.04999923706055,36.04999923706055,574.0
2024-07-03 11:53:00,IMMX,2.3701000213623047,2.3701000213623047,2.390000104904175,2.369999885559082,2.390000104904175,2314.0
2024-07-03 11:53:00,IMNM,12.005000114440918,12.005000114440918,12.005000114440918,12.005000114440918,12.005000114440918,278.0
2024-07-03 11:53:00,IMVT,26.06999969482422,26.06999969482422,26.06999969482422,26.06999969482422,26.06999969482422,495.0
2024-07-03 11:53:00,INCY,57.904998779296875,57.904998779296875,57.904998779296875,57.88999938964844,57.904998779296875,2505.0
2024-07-03 11:53:00,INMD,17.549999237060547,17.549999237060547,17.58989906311035,17.549999237060547,17.584999084472656,6747.0
2024-07-03 11:53:00,INSM,62.040000915527344,62.040000915527344,62.095001220703125,61.994998931884766,61.994998931884766,2798.0
2024-07-03 11:53:00,IONM,0.3125999867916107,0.3125999867916107,0.3125999867916107,0.3125999867916107,0.3125999867916107,902.0
2024-07-03 11:53:00,IONS,44.79999923706055,44.79999923706055,44.79999923706055,44.755001068115234,44.755001068115234,2191.0
2024-07-03 11:53:00,IOVA,7.485000133514404,7.485000133514404,7.519999980926514,7.480000019073486,7.510000228881836,101174.0
2024-07-03 11:53:00,IPA,1.0,1.0,1.0,1.0,1.0,1477.0
2024-07-03 11:53:00,IRTC,94.0,94.0,94.04000091552734,94.0,94.04000091552734,1422.0
2024-07-03 11:53:00,IRWD,6.105000019073486,6.105000019073486,6.105000019073486,6.099999904632568,6.099999904632568,847.0
2024-07-03 11:53:00,ISPC,0.2761000096797943,0.2761000096797943,0.2761000096797943,0.2761000096797943,0.2761000096797943,2108.0
2024-07-03 11:53:00,ISRG,433.489990234375,433.489990234375,433.7699890136719,433.4200134277344,433.7099914550781,4179.0
2024-07-03 11:53:00,ITCI,68.31999969482422,68.31999969482422,68.36000061035156,68.31999969482422,68.36000061035156,732.0
2024-07-03 11:53:00,JANX,38.01499938964844,38.01499938964844,38.02000045776367,37.959999084472656,37.97999954223633,2053.0
2024-07-03 11:53:00,JAZZ,103.97000122070312,103.97000122070312,103.97000122070312,103.79000091552734,103.79000091552734,2244.0
2024-07-03 11:53:00,JSPR,22.920000076293945,22.920000076293945,22.920000076293945,22.920000076293945,22.920000076293945,1361.0
2024-07-03 11:53:00,KALV,11.635000228881836,11.635000228881836,11.65999984741211,11.630000114440918,11.65999984741211,2422.0
2024-07-03 11:53:00,KMDA,5.159999847412109,5.159999847412109,5.170000076293945,5.159999847412109,5.170000076293945,2695.0
2024-07-03 11:53:00,KPTI,0.8241999745368958,0.8241999745368958,0.8342000246047974,0.8241999745368958,0.829200029373169,5083.0
2024-07-03 11:53:00,KROS,42.275001525878906,42.275001525878906,42.275001525878906,42.275001525878906,42.275001525878906,784.0
2024-07-03 11:53:00,KTRA,0.2890999913215637,0.2890999913215637,0.2892000079154968,0.2890999913215637,0.2892000079154968,5040.0
2024-07-03 11:53:00,LAB,1.8200000524520874,1.8200000524520874,1.8200000524520874,1.8200000524520874,1.8200000524520874,731.0
2024-07-03 11:53:00,LBPH,31.889999389648438,31.889999389648438,31.9950008392334,31.889999389648438,31.9950008392334,1108.0
2024-07-03 11:53:00,LEGN,46.20000076293945,46.20000076293945,46.20000076293945,46.130001068115234,46.130001068115234,1031.0
2024-07-03 11:53:00,LFMD,6.699999809265137,6.699999809265137,6.699999809265137,6.699999809265137,6.699999809265137,240.0
2024-07-03 11:53:00,LFST,5.110000133514404,5.110000133514404,5.110000133514404,5.110000133514404,5.110000133514404,427.0
2024-07-03 11:53:00,LGVN,1.6100000143051147,1.6100000143051147,1.6100000143051147,1.6100000143051147,1.6100000143051147,308.0
2024-07-03 11:53:00,LIVN,52.66999816894531,52.66999816894531,52.70000076293945,52.654998779296875,52.65999984741211,2020.0
2024-07-03 11:53:00,LNTH,79.28500366210938,79.28500366210938,79.33999633789062,79.26000213623047,79.26499938964844,2540.0
2024-07-03 11:53:00,LOGC,5.75,5.75,5.75,5.75,5.75,751.0
2024-07-03 11:53:00,LPCN,7.820799827575684,7.820799827575684,7.820799827575684,7.820799827575684,7.820799827575684,1054.0
2024-07-03 11:53:00,LQDA,11.919899940490723,11.919899940490723,11.919899940490723,11.880000114440918,11.890000343322754,2425.0
2024-07-03 11:53:00,LRMR,7.679999828338623,7.679999828338623,7.679999828338623,7.679999828338623,7.679999828338623,398.0
2024-07-03 11:53:00,LTRN,4.414999961853027,4.414999961853027,4.414999961853027,4.414999961853027,4.414999961853027,1900.0
2024-07-03 11:53:00,LUCY,0.4700999855995178,0.4700999855995178,0.47200000286102295,0.4700999855995178,0.47200000286102295,1263.0
2024-07-03 11:53:00,LUCYW,0.14000000059604645,0.14000000059604645,0.14000000059604645,0.14000000059604645,0.14000000059604645,997.0
2024-07-03 11:53:00,LUNG,6.269999980926514,6.269999980926514,6.269999980926514,6.269999980926514,6.269999980926514,711.0
2024-07-03 11:53:00,LXRX,1.5950000286102295,1.5950000286102295,1.600000023841858,1.5950000286102295,1.5950000286102295,1065.0
2024-07-03 11:53:00,LYRA,0.28610000014305115,0.28610000014305115,0.28610000014305115,0.28610000014305115,0.28610000014305115,0.0
2024-07-03 11:53:00,MASI,114.66000366210938,114.66000366210938,114.66000366210938,114.66000366210938,114.66000366210938,606.0
2024-07-03 11:53:00,MBIO,0.4975000023841858,0.4975000023841858,0.4975000023841858,0.49300000071525574,0.49300000071525574,1093.0
2024-07-03 11:53:00,MBOT,1.0399999618530273,1.0399999618530273,1.0399999618530273,1.0399999618530273,1.0399999618530273,1309.0
2024-07-03 11:53:00,MCRB,0.7152000069618225,0.7152000069618225,0.7152000069618225,0.7152000069618225,0.7152000069618225,1767.0
2024-07-03 11:53:00,ME,0.4092999994754791,0.4092999994754791,0.4092999994754791,0.4092999994754791,0.4092999994754791,0.0
2024-07-03 11:53:00,MGTX,3.98799991607666,3.98799991607666,3.98799991607666,3.98799991607666,3.98799991607666,233.0
2024-07-03 11:53:00,MMSI,85.97000122070312,85.97000122070312,85.97000122070312,85.94999694824219,85.94999694824219,590.0
2024-07-03 11:53:00,MNMD,7.144999980926514,7.144999980926514,7.150000095367432,7.144999980926514,7.150000095367432,1092.0
2024-07-03 11:53:00,MRNA,115.69999694824219,115.69999694824219,115.9000015258789,115.62000274658203,115.62000274658203,7541.0
2024-07-03 11:53:00,MRSN,1.8450000286102295,1.8450000286102295,1.8450000286102295,1.840000033378601,1.840000033378601,1316.0
2024-07-03 11:53:00,MRUS,52.185001373291016,52.185001373291016,52.20000076293945,52.15999984741211,52.20000076293945,2357.0
2024-07-03 11:53:00,MRVI,6.965000152587891,6.965000152587891,6.965000152587891,6.949999809265137,6.949999809265137,6340.0
2024-07-03 11:53:00,MXCT,3.700000047683716,3.700000047683716,3.700000047683716,3.700000047683716,3.700000047683716,200.0
2024-07-03 11:53:00,MYGN,25.065000534057617,25.065000534057617,25.079999923706055,25.065000534057617,25.079999923706055,1619.0
2024-07-03 11:53:00,MYNZ,0.3395000100135803,0.3395000100135803,0.33970001339912415,0.3395000100135803,0.33970001339912415,0.0
2024-07-03 11:53:00,NBIX,138.1699981689453,138.1699981689453,138.23500061035156,138.1300048828125,138.2100067138672,2559.0
2024-07-03 11:53:00,NDRA,0.09880000352859497,0.09880000352859497,0.09920000284910202,0.09849999845027924,0.0989999994635582,62634.0
2024-07-03 11:53:00,NEO,13.710000038146973,13.710000038146973,13.710000038146973,13.710000038146973,13.710000038146973,774.0
2024-07-03 11:53:00,NEOG,15.1899995803833,15.1899995803833,15.1899995803833,15.1899995803833,15.1899995803833,1225.0
2024-07-03 11:53:00,NKTR,1.2400000095367432,1.2400000095367432,1.2400000095367432,1.2350000143051147,1.2350000143051147,3738.0
2024-07-03 11:53:00,NLSP,0.20000000298023224,0.20000000298023224,0.20170000195503235,0.20000000298023224,0.20000000298023224,1450.0
2024-07-03 11:53:00,NMTC,0.8640000224113464,0.8640000224113464,0.8640000224113464,0.8640000224113464,0.8640000224113464,1021.0
2024-07-03 11:53:00,NNOX,7.03000020980835,7.03000020980835,7.03000020980835,7.03000020980835,7.03000020980835,284.0
2024-07-03 11:53:00,NRIX,19.514999389648438,19.514999389648438,19.540000915527344,19.514999389648438,19.540000915527344,535.0
2024-07-03 11:53:00,NRSN,1.2999999523162842,1.2999999523162842,1.2999999523162842,1.2999999523162842,1.2999999523162842,200.0
2024-07-03 11:53:00,NTLA,22.59000015258789,22.59000015258789,22.59000015258789,22.56999969482422,22.56999969482422,1712.0
2024-07-03 11:53:00,NTRA,111.45999908447266,111.45999908447266,111.45999908447266,111.45999908447266,111.45999908447266,4592.0
2024-07-03 11:53:00,NVAX,12.619999885559082,12.619999885559082,12.654999732971191,12.619999885559082,12.630000114440918,6081.0
2024-07-03 11:53:00,OCGN,1.5950000286102295,1.5950000286102295,1.600000023841858,1.5950000286102295,1.5950000286102295,3188.0
2024-07-03 11:53:00,OGI,1.5750000476837158,1.5750000476837158,1.5750000476837158,1.5750000476837158,1.5750000476837158,346.0
2024-07-03 11:53:00,OLMA,10.550000190734863,10.550000190734863,10.550000190734863,10.53499984741211,10.53499984741211,283.0
2024-07-03 11:53:00,OM,3.875,3.875,3.875,3.869999885559082,3.869999885559082,110.0
2024-07-03 11:53:00,OMCL,26.59000015258789,26.59000015258789,26.59000015258789,26.59000015258789,26.59000015258789,233.0
2024-07-03 11:53:00,OMGA,1.9500000476837158,1.9500000476837158,1.9592000246047974,1.9500000476837158,1.9592000246047974,795.0
2024-07-03 11:54:00,ABCL,2.7249999046325684,2.7249999046325684,2.7249999046325684,2.7200000286102295,2.7200000286102295,3447.0
2024-07-03 11:54:00,ABSI,3.180000066757202,3.180000066757202,3.184999942779541,3.180000066757202,3.184999942779541,4068.0
2024-07-03 11:54:00,ABUS,3.130000114440918,3.130000114440918,3.130000114440918,3.130000114440918,3.130000114440918,662.0
2024-07-03 11:54:00,ACB,4.860000133514404,4.860000133514404,4.861199855804443,4.860000133514404,4.861199855804443,915.0
2024-07-03 11:54:00,ACCD,3.5250000953674316,3.5250000953674316,3.5250000953674316,3.5250000953674316,3.5250000953674316,524.0
2024-07-03 11:54:00,ACET,1.065000057220459,1.065000057220459,1.065000057220459,1.065000057220459,1.065000057220459,191.0
2024-07-03 11:54:00,ACHC,66.41000366210938,66.41000366210938,66.43000030517578,66.4000015258789,66.41000366210938,917.0
2024-07-03 11:54:00,ACRS,1.159999966621399,1.159999966621399,1.159999966621399,1.159999966621399,1.159999966621399,1264.0
2024-07-03 11:54:00,ADMA,11.239999771118164,11.239999771118164,11.244999885559082,11.21500015258789,11.220000267028809,33175.0
2024-07-03 11:54:00,ADPT,3.375,3.375,3.375,3.375,3.375,859.0
2024-07-03 11:54:00,AEMD,0.4074000120162964,0.4074000120162964,0.4074000120162964,0.40299999713897705,0.40299999713897705,177.0
2024-07-03 11:54:00,AGIO,41.66999816894531,41.66999816894531,41.75,41.65999984741211,41.65999984741211,4002.0
2024-07-03 11:54:00,AKAN,2.244999885559082,2.244999885559082,2.244999885559082,2.244999885559082,2.244999885559082,420.0
2024-07-03 11:54:00,ALEC,4.394999980926514,4.394999980926514,4.394999980926514,4.394999980926514,4.394999980926514,0.0
2024-07-03 11:54:00,ALGS,0.42489999532699585,0.42489999532699585,0.42489999532699585,0.42489999532699585,0.42489999532699585,200.0
2024-07-03 11:54:00,ALIM,5.525000095367432,5.525000095367432,5.525000095367432,5.525000095367432,5.525000095367432,400.0
2024-07-03 11:54:00,ALKS,24.239999771118164,24.239999771118164,24.239999771118164,24.239999771118164,24.239999771118164,607.0
2024-07-03 11:54:00,ALLO,2.0850000381469727,2.0850000381469727,2.1050000190734863,2.0801000595092773,2.1050000190734863,42184.0
2024-07-03 11:54:00,ALLR,0.20479999482631683,0.20479999482631683,0.2070000022649765,0.20250000059604645,0.20509999990463257,551.0
2024-07-03 11:54:00,ALNY,246.44000244140625,246.44000244140625,246.52999877929688,246.35000610351562,246.35000610351562,4127.0
2024-07-03 11:54:00,ALRN,2.75,2.75,2.75,2.75,2.75,200.0
2024-07-03 11:54:00,ALT,6.679999828338623,6.679999828338623,6.685400009155273,6.679999828338623,6.684999942779541,2979.0
2024-07-03 11:54:00,ALXO,5.75,5.75,5.75,5.75,5.75,296.0
2024-07-03 11:54:00,AMED,97.0,97.0,97.0,97.0,97.0,203.0
2024-07-03 11:54:00,AMGN,306.9750061035156,306.9750061035156,307.0899963378906,306.8500061035156,306.8500061035156,1179.0
2024-07-03 11:54:00,AMLX,1.7599999904632568,1.7599999904632568,1.7599999904632568,1.750100016593933,1.7599999904632568,3511.0
2024-07-03 11:54:00,AMPH,38.31999969482422,38.31999969482422,38.34000015258789,38.31999969482422,38.34000015258789,1109.0
2024-07-03 11:54:00,AMRN,0.6929000020027161,0.6929000020027161,0.6929000020027161,0.6929000020027161,0.6929000020027161,5200.0
2024-07-03 11:54:00,ANAB,24.989999771118164,24.989999771118164,24.989999771118164,24.989999771118164,24.989999771118164,234.0
2024-07-03 11:54:00,ANGO,5.644999980926514,5.644999980926514,5.644999980926514,5.625,5.625,34017.0
2024-07-03 11:54:00,ANNX,4.784999847412109,4.784999847412109,4.789999961853027,4.784999847412109,4.784999847412109,1555.0
2024-07-03 11:54:00,ANTX,2.5100998878479004,2.5100998878479004,2.5100998878479004,2.5100998878479004,2.5100998878479004,6.0
2024-07-03 11:54:00,AQST,2.4049999713897705,2.4049999713897705,2.4049999713897705,2.4000000953674316,2.4000000953674316,266.0
2024-07-03 11:54:00,ARAY,1.7350000143051147,1.7350000143051147,1.7350000143051147,1.7350000143051147,1.7350000143051147,107.0
2024-07-03 11:54:00,ARCT,21.489999771118164,21.489999771118164,21.489999771118164,21.43000030517578,21.43000030517578,2231.0
2024-07-03 11:54:00,ARDX,5.235000133514404,5.235000133514404,5.235000133514404,5.230000019073486,5.235000133514404,14308.0
2024-07-03 11:54:00,ARQT,9.555000305175781,9.555000305175781,9.569999694824219,9.550000190734863,9.569999694824219,3289.0
2024-07-03 11:54:00,ARVN,23.790000915527344,23.790000915527344,23.790000915527344,23.790000915527344,23.790000915527344,606.0
2024-07-03 11:54:00,ASRT,1.3250000476837158,1.3250000476837158,1.3250000476837158,1.320099949836731,1.320099949836731,2643.0
2024-07-03 11:54:00,ATAI,1.2949999570846558,1.2949999570846558,1.2949999570846558,1.2949999570846558,1.2949999570846558,850.0
2024-07-03 11:54:00,ATEC,9.949999809265137,9.949999809265137,9.949999809265137,9.949999809265137,9.949999809265137,282.0
2024-07-03 11:54:00,ATRC,22.360000610351562,22.360000610351562,22.360000610351562,22.360000610351562,22.360000610351562,361.0
2024-07-03 11:54:00,ATXS,8.970000267028809,8.970000267028809,8.979999542236328,8.970000267028809,8.979999542236328,400.0
2024-07-03 11:54:00,AUGX,1.0,1.0,1.0,1.0,1.0,20.0
2024-07-03 11:54:00,AUPH,5.465000152587891,5.465000152587891,5.465000152587891,5.465000152587891,5.465000152587891,427.0
2024-07-03 11:54:00,AUTL,3.4649999141693115,3.4649999141693115,3.4649999141693115,3.4649999141693115,3.4649999141693115,200.0
2024-07-03 11:54:00,AVDL,14.430000305175781,14.430000305175781,14.430000305175781,14.430000305175781,14.430000305175781,1676.0
2024-07-03 11:54:00,AVGR,1.8300000429153442,1.8300000429153442,1.8300000429153442,1.8300000429153442,1.8300000429153442,400.0
2024-07-03 11:54:00,AVTE,1.6349999904632568,1.6349999904632568,1.6349999904632568,1.6349999904632568,1.6349999904632568,1416.0
2024-07-03 11:54:00,AVXL,4.139999866485596,4.139999866485596,4.139999866485596,4.139999866485596,4.139999866485596,2569.0
2024-07-03 11:54:00,AZN,76.625,76.625,76.62999725341797,76.61499786376953,76.61499786376953,5020.0
2024-07-03 11:54:00,BBIO,25.229999542236328,25.229999542236328,25.229999542236328,25.229999542236328,25.229999542236328,590.0
2024-07-03 11:54:00,BCAB,1.375,1.375,1.375,1.375,1.375,94.0
2024-07-03 11:54:00,BCRX,6.428899765014648,6.428899765014648,6.428899765014648,6.420000076293945,6.420000076293945,1870.0
2024-07-03 11:54:00,BDTX,4.360000133514404,4.360000133514404,4.360000133514404,4.349999904632568,4.349999904632568,2011.0
2024-07-03 11:54:00,BGNE,148.0,148.0,148.0,147.74000549316406,147.74000549316406,2143.0
2024-07-03 11:54:00,BIIB,223.4499969482422,223.4499969482422,223.4499969482422,223.10000610351562,223.10000610351562,1931.0
2024-07-03 11:54:00,BIMI,1.2599999904632568,1.2599999904632568,1.2599999904632568,1.2599999904632568,1.2599999904632568,0.0
2024-07-03 11:54:00,BIOR,0.6402999758720398,0.6402999758720398,0.6402999758720398,0.6402999758720398,0.6402999758720398,2500.0
2024-07-03 11:54:00,BLRX,0.5196999907493591,0.5196999907493591,0.5196999907493591,0.5196999907493591,0.5196999907493591,2100.0
2024-07-03 11:54:00,BLUE,0.9283000230789185,0.9283000230789185,0.9283999800682068,0.9203000068664551,0.9266999959945679,34153.0
2024-07-03 11:54:00,BMEA,4.340000152587891,4.340000152587891,4.355000019073486,4.340000152587891,4.355000019073486,2334.0
2024-07-03 11:54:00,BMRN,80.95500183105469,80.95500183105469,80.95500183105469,80.83999633789062,80.8499984741211,1468.0
2024-07-03 11:54:00,BNGO,0.5562000274658203,0.5562000274658203,0.5562000274658203,0.5562000274658203,0.5562000274658203,20633.0
2024-07-03 11:54:00,BNTX,79.8499984741211,79.8499984741211,79.8499984741211,79.8499984741211,79.8499984741211,136.0
2024-07-03 11:54:00,BPMC,110.75,110.75,110.75,110.72000122070312,110.7249984741211,1302.0
2024-07-03 11:54:00,BPTH,1.7836999893188477,1.7836999893188477,1.7836999893188477,1.7836999893188477,1.7836999893188477,1510.0
2024-07-03 11:54:00,BRKR,61.4900016784668,61.4900016784668,61.4900016784668,61.4900016784668,61.4900016784668,643.0
2024-07-03 11:54:00,BTAI,1.0800000429153442,1.0800000429153442,1.0836999416351318,1.0800000429153442,1.0836999416351318,1759.0
2024-07-03 11:54:00,CAPR,4.704999923706055,4.704999923706055,4.710000038146973,4.699999809265137,4.699999809265137,7334.0
2024-07-03 11:54:00,CARA,0.2849999964237213,0.2849999964237213,0.2849999964237213,0.2849999964237213,0.2849999964237213,1581.0
2024-07-03 11:54:00,CCCC,4.545000076293945,4.545000076293945,4.550000190734863,4.545000076293945,4.550000190734863,1562.0
2024-07-03 11:54:00,CDMO,7.784999847412109,7.784999847412109,7.784999847412109,7.78000020980835,7.784999847412109,704.0
2024-07-03 11:54:00,CDXS,2.869999885559082,2.869999885559082,2.869999885559082,2.869999885559082,2.869999885559082,1986.0
2024-07-03 11:54:00,CELC,16.28499984741211,16.28499984741211,16.290000915527344,16.28499984741211,16.290000915527344,255.0
2024-07-03 11:54:00,CERE,39.70000076293945,39.70000076293945,39.90999984741211,39.650001525878906,39.84000015258789,119999.0
2024-07-03 11:54:00,CERS,1.7199000120162964,1.7199000120162964,1.7199000120162964,1.7100000381469727,1.7100000381469727,1170.0
2024-07-03 11:54:00,CERT,13.8100004196167,13.8100004196167,13.8100004196167,13.8100004196167,13.8100004196167,425.0
2024-07-03 11:54:00,CGC,6.5100998878479,6.5100998878479,6.519999980926514,6.510000228881836,6.519999980926514,1010.0
2024-07-03 11:54:00,CGEM,16.68000030517578,16.68000030517578,16.68000030517578,16.68000030517578,16.68000030517578,200.0
2024-07-03 11:54:00,CGEN,1.659999966621399,1.659999966621399,1.659999966621399,1.6549999713897705,1.6549999713897705,6000.0
2024-07-03 11:54:00,CHRS,1.3949999809265137,1.3949999809265137,1.3949999809265137,1.3949999809265137,1.3949999809265137,250.0
2024-07-03 11:54:00,CLPT,5.380000114440918,5.380000114440918,5.380000114440918,5.380000114440918,5.380000114440918,228.0
2024-07-03 11:54:00,CMPS,6.269999980926514,6.269999980926514,6.309999942779541,6.269999980926514,6.275000095367432,8897.0
2024-07-03 11:54:00,CMPX,0.8519999980926514,0.8519999980926514,0.8519999980926514,0.8519999980926514,0.8519999980926514,100.0
2024-07-03 11:54:00,CNSP,1.5399999618530273,1.5399999618530273,1.559999942779541,1.5288000106811523,1.5299999713897705,28960.0
2024-07-03 11:54:00,COGT,8.425000190734863,8.425000190734863,8.425000190734863,8.425000190734863,8.425000190734863,332.0
2024-07-03 11:54:00,COSM,0.9210000038146973,0.9210000038146973,0.9301000237464905,0.9210000038146973,0.9300000071525574,714.0
2024-07-03 11:54:00,CPRX,15.420000076293945,15.420000076293945,15.420000076293945,15.420000076293945,15.420000076293945,263.0
2024-07-03 11:54:00,CRBP,49.73500061035156,49.73500061035156,49.73500061035156,49.73500061035156,49.73500061035156,1601.0
2024-07-03 11:54:00,CRBU,1.5700000524520874,1.5700000524520874,1.5750000476837158,1.5700000524520874,1.5750000476837158,800.0
2024-07-03 11:54:00,CRSP,53.81999969482422,53.81999969482422,53.81999969482422,53.81719970703125,53.81719970703125,820.0
2024-07-03 11:54:00,CTKB,5.599999904632568,5.599999904632568,5.605000019073486,5.599999904632568,5.605000019073486,751.0
2024-07-03 11:54:00,CTMX,1.2999999523162842,1.2999999523162842,1.2999999523162842,1.2999999523162842,1.2999999523162842,101.0
2024-07-03 11:54:00,CUE,0.9901000261306763,0.9901000261306763,0.9901000261306763,0.9901000261306763,0.9901000261306763,438.0
2024-07-03 11:54:00,CUTR,1.2913000583648682,1.2913000583648682,1.2999999523162842,1.2899999618530273,1.2949999570846558,8382.0
2024-07-03 11:54:00,CVAC,3.3350000381469727,3.3350000381469727,3.3350000381469727,3.325000047683716,3.325000047683716,1668.0
2024-07-03 11:54:00,CVRX,11.720000267028809,11.720000267028809,11.720000267028809,11.720000267028809,11.720000267028809,723.0
2024-07-03 11:54:00,CYTK,54.70000076293945,54.70000076293945,54.70000076293945,54.689998626708984,54.689998626708984,755.0
2024-07-03 11:54:00,DTIL,9.449999809265137,9.449999809265137,9.449999809265137,9.449999809265137,9.449999809265137,283.0
2024-07-03 11:54:00,DVAX,11.045000076293945,11.045000076293945,11.045000076293945,11.039999961853027,11.039999961853027,657.0
2024-07-03 11:54:00,DXCM,110.77999877929688,110.77999877929688,110.77999877929688,110.77999877929688,110.77999877929688,583.0
2024-07-03 11:54:00,DYAI,1.5399999618530273,1.5399999618530273,1.5399999618530273,1.5311000347137451,1.5311000347137451,2120.0
2024-07-03 11:54:00,DYN,34.125,34.125,34.125,34.125,34.125,346.0
2024-07-03 11:54:00,EDIT,4.625,4.625,4.625,4.625,4.625,200.0
2024-07-03 11:54:00,EMBC,12.0600004196167,12.0600004196167,12.0600004196167,12.051400184631348,12.051400184631348,797.0
2024-07-03 11:54:00,EOLS,10.90999984741211,10.90999984741211,10.90999984741211,10.899999618530273,10.899999618530273,573.0
2024-07-03 11:54:00,ERAS,2.2200000286102295,2.2200000286102295,2.2200000286102295,2.2200000286102295,2.2200000286102295,384.0
2024-07-03 11:54:00,ESPR,2.3399999141693115,2.3399999141693115,2.3399999141693115,2.3299999237060547,2.3350000381469727,14321.0
2024-07-03 11:54:00,EWTX,18.045000076293945,18.045000076293945,18.045000076293945,18.045000076293945,18.045000076293945,358.0
2024-07-03 11:54:00,EXAS,43.18000030517578,43.18000030517578,43.189998626708984,43.16999816894531,43.189998626708984,1742.0
2024-07-03 11:54:00,EXEL,21.915000915527344,21.915000915527344,21.915000915527344,21.915000915527344,21.915000915527344,562.0
2024-07-03 11:54:00,EYEN,0.7843000292778015,0.7843000292778015,0.7843000292778015,0.7799999713897705,0.7799999713897705,1423.0
2024-07-03 11:54:00,FATE,3.1500000953674316,3.1500000953674316,3.1549999713897705,3.1500000953674316,3.1500000953674316,626.0
2024-07-03 11:54:00,FBIO,1.7549999952316284,1.7549999952316284,1.7549999952316284,1.7549999952316284,1.7549999952316284,0.0
2024-07-03 11:54:00,FGEN,0.7106999754905701,0.7106999754905701,0.7106999754905701,0.7106999754905701,0.7106999754905701,0.0
2024-07-03 11:54:00,FLGT,20.1200008392334,20.1200008392334,20.1200008392334,20.1200008392334,20.1200008392334,111.0
2024-07-03 11:54:00,FOLD,9.854999542236328,9.854999542236328,9.859999656677246,9.854999542236328,9.859999656677246,6365.0
2024-07-03 11:54:00,GALT,2.1700000762939453,2.1700000762939453,2.1700000762939453,2.1700000762939453,2.1700000762939453,129.0
2024-07-03 11:54:00,GANX,1.1299999952316284,1.1299999952316284,1.1399999856948853,1.1299999952316284,1.1399999856948853,1201.0
2024-07-03 11:54:00,GDRX,7.710000038146973,7.710000038146973,7.720399856567383,7.704999923706055,7.71999979019165,7098.0
2024-07-03 11:54:00,GERN,4.315000057220459,4.315000057220459,4.320000171661377,4.310100078582764,4.320000171661377,3000.0
2024-07-03 11:54:00,GH,28.260000228881836,28.260000228881836,28.260000228881836,28.238000869750977,28.238000869750977,1354.0
2024-07-03 11:54:00,GHRS,11.550000190734863,11.550000190734863,11.550000190734863,11.550000190734863,11.550000190734863,114.0
2024-07-03 11:54:00,GILD,66.9800033569336,66.9800033569336,66.98999786376953,66.94999694824219,66.95999908447266,6260.0
2024-07-03 11:54:00,GLTO,0.5134999752044678,0.5134999752044678,0.5134999752044678,0.5134999752044678,0.5134999752044678,1800.0
2024-07-03 11:54:00,GLUE,3.75,3.75,3.75,3.75,3.75,227.0
2024-07-03 11:54:00,GLYC,0.27129998803138733,0.27129998803138733,0.27129998803138733,0.27129998803138733,0.27129998803138733,2790.0
2024-07-03 11:54:00,GMAB,25.170000076293945,25.170000076293945,25.170000076293945,25.170000076293945,25.170000076293945,1090.0
2024-07-03 11:54:00,GOSS,0.9641000032424927,0.9641000032424927,0.9641000032424927,0.9641000032424927,0.9641000032424927,283.0
2024-07-03 11:54:00,GOVX,2.940000057220459,2.940000057220459,2.940000057220459,2.940000057220459,2.940000057220459,3862.0
2024-07-03 11:54:00,GRTS,0.5774000287055969,0.5774000287055969,0.5774000287055969,0.5774000287055969,0.5774000287055969,2302.0
2024-07-03 11:54:00,GTHX,2.5450000762939453,2.5450000762939453,2.5450000762939453,2.5450000762939453,2.5450000762939453,327.0
2024-07-03 11:54:00,HALO,52.092498779296875,52.092498779296875,52.092498779296875,52.092498779296875,52.092498779296875,561.0
2024-07-03 11:54:00,HCAT,6.190000057220459,6.190000057220459,6.190000057220459,6.179999828338623,6.1890997886657715,2302.0
2024-07-03 11:54:00,HCSG,10.654999732971191,10.654999732971191,10.655400276184082,10.65060043334961,10.65060043334961,2225.0
2024-07-03 11:54:00,HLVX,14.399999618530273,14.399999618530273,14.399999618530273,14.369999885559082,14.369999885559082,3287.0
2024-07-03 11:54:00,HOLX,73.2249984741211,73.2249984741211,73.2249984741211,73.19000244140625,73.19000244140625,3009.0
2024-07-03 11:54:00,HQY,83.41999816894531,83.41999816894531,83.41999816894531,83.41999816894531,83.41999816894531,646.0
2024-07-03 11:54:00,HRMY,30.489999771118164,30.489999771118164,30.5049991607666,30.389999389648438,30.399999618530273,15840.0
2024-07-03 11:54:00,HROW,21.334999084472656,21.334999084472656,21.44499969482422,21.334999084472656,21.43000030517578,4742.0
2024-07-03 11:54:00,HRTX,2.7049999237060547,2.7049999237060547,2.7049999237060547,2.7000999450683594,2.7000999450683594,2465.0
2024-07-03 11:54:00,HSIC,64.95999908447266,64.95999908447266,64.95999908447266,64.93000030517578,64.93000030517578,1898.0
2024-07-03 11:54:00,HUMA,5.670000076293945,5.670000076293945,5.710000038146973,5.670000076293945,5.710000038146973,12054.0
2024-07-03 11:54:00,IART,28.4950008392334,28.4950008392334,28.4950008392334,28.4950008392334,28.4950008392334,841.0
2024-07-03 11:54:00,IBRX,6.264999866485596,6.264999866485596,6.264999866485596,6.264999866485596,6.264999866485596,394.0
2024-07-03 11:54:00,ICLR,318.43499755859375,318.43499755859375,318.43499755859375,318.43499755859375,318.43499755859375,474.0
2024-07-03 11:54:00,IDXX,477.2300109863281,477.2300109863281,477.2699890136719,476.739990234375,476.9700012207031,3834.0
2024-07-03 11:54:00,IINN,1.3600000143051147,1.3600000143051147,1.409999966621399,1.3600000143051147,1.409999966621399,11770.0
2024-07-03 11:54:00,IKNA,1.6449999809265137,1.6449999809265137,1.6449999809265137,1.6449999809265137,1.6449999809265137,226.0
2024-07-03 11:54:00,ILMN,105.4800033569336,105.4800033569336,105.4800033569336,105.43000030517578,105.43000030517578,895.0
2024-07-03 11:54:00,IMAB,1.524999976158142,1.524999976158142,1.524999976158142,1.5199999809265137,1.524999976158142,2462.0
2024-07-03 11:54:00,IMCR,36.0,36.0,36.040000915527344,36.0,36.040000915527344,1519.0
2024-07-03 11:54:00,IMMX,2.390000104904175,2.390000104904175,2.390000104904175,2.390000104904175,2.390000104904175,5683.0
2024-07-03 11:54:00,IMVT,26.079999923706055,26.079999923706055,26.100000381469727,26.06999969482422,26.06999969482422,3506.0
2024-07-03 11:54:00,INCY,57.93000030517578,57.93000030517578,57.939998626708984,57.904998779296875,57.904998779296875,3854.0
2024-07-03 11:54:00,INMB,7.909999847412109,7.909999847412109,7.940000057220459,7.909999847412109,7.940000057220459,422.0
2024-07-03 11:54:00,INO,8.399999618530273,8.399999618530273,8.399999618530273,8.399999618530273,8.399999618530273,644.0
2024-07-03 11:54:00,INSM,62.040000915527344,62.040000915527344,62.084999084472656,62.02000045776367,62.04999923706055,4075.0
2024-07-03 11:54:00,INVA,16.270000457763672,16.270000457763672,16.270000457763672,16.270000457763672,16.270000457763672,427.0
2024-07-03 11:54:00,IONS,44.79999923706055,44.79999923706055,44.79999923706055,44.79999923706055,44.79999923706055,799.0
2024-07-03 11:54:00,IOVA,7.480000019073486,7.480000019073486,7.485000133514404,7.480000019073486,7.480000019073486,19292.0
2024-07-03 11:54:00,IRTC,93.91000366210938,93.91000366210938,93.91000366210938,93.91000366210938,93.91000366210938,777.0
2024-07-03 11:54:00,IRWD,6.105000019073486,6.105000019073486,6.105000019073486,6.105000019073486,6.105000019073486,650.0
2024-07-03 11:54:00,ITCI,68.3499984741211,68.3499984741211,68.3499984741211,68.3499984741211,68.3499984741211,294.0
2024-07-03 11:54:00,IVVD,1.1050000190734863,1.1050000190734863,1.1050000190734863,1.1050000190734863,1.1050000190734863,350.0
2024-07-03 11:54:00,JAZZ,104.11000061035156,104.11000061035156,104.11000061035156,104.0199966430664,104.0199966430664,1415.0
2024-07-03 11:54:00,KNSA,18.93000030517578,18.93000030517578,18.93000030517578,18.93000030517578,18.93000030517578,387.0
2024-07-03 11:54:00,KPTI,0.8285999894142151,0.8285999894142151,0.8285999894142151,0.8285999894142151,0.8285999894142151,1700.0
2024-07-03 11:54:00,KTRA,0.28690001368522644,0.28690001368522644,0.2874999940395355,0.28690001368522644,0.2874999940395355,5667.0
2024-07-03 11:54:00,KURA,20.209999084472656,20.209999084472656,20.209999084472656,20.209999084472656,20.209999084472656,359.0
2024-07-03 11:54:00,LAB,1.8200000524520874,1.8200000524520874,1.8200000524520874,1.8200000524520874,1.8200000524520874,1434.0
2024-07-03 11:54:00,LBPH,31.989999771118164,31.989999771118164,32.040000915527344,31.989999771118164,32.040000915527344,979.0
2024-07-03 11:54:00,LEGN,46.08000183105469,46.08000183105469,46.154998779296875,46.08000183105469,46.154998779296875,502.0
2024-07-03 11:54:00,LFMD,6.699999809265137,6.699999809265137,6.699999809265137,6.699999809265137,6.699999809265137,672.0
2024-07-03 11:54:00,LFST,5.105000019073486,5.105000019073486,5.105000019073486,5.105000019073486,5.105000019073486,261.0
2024-07-03 11:54:00,LGVN,1.6162999868392944,1.6162999868392944,1.6162999868392944,1.6162999868392944,1.6162999868392944,300.0
2024-07-03 11:54:00,LIVN,52.720001220703125,52.720001220703125,52.720001220703125,52.709999084472656,52.709999084472656,1044.0
2024-07-03 11:54:00,LQDA,11.9399995803833,11.9399995803833,11.949899673461914,11.9399995803833,11.949899673461914,4080.0
2024-07-03 11:54:00,LTRN,4.360000133514404,4.360000133514404,4.360000133514404,4.360000133514404,4.360000133514404,40.0
2024-07-03 11:54:00,LXRX,1.6050000190734863,1.6050000190734863,1.6050000190734863,1.600000023841858,1.600000023841858,18715.0
2024-07-03 11:54:00,LYRA,0.28600001335144043,0.28600001335144043,0.28600001335144043,0.28600001335144043,0.28600001335144043,517.0
2024-07-03 11:54:00,MASI,114.66000366210938,114.66000366210938,114.66000366210938,114.62000274658203,114.62000274658203,630.0
2024-07-03 11:54:00,MBIO,0.4957999885082245,0.4957999885082245,0.4957999885082245,0.49300000071525574,0.49300000071525574,7656.0
2024-07-03 11:54:00,ME,0.4099000096321106,0.4099000096321106,0.41029998660087585,0.4099000096321106,0.41029998660087585,836.0
2024-07-03 11:54:00,MIRM,33.73500061035156,33.73500061035156,33.73500061035156,33.73500061035156,33.73500061035156,653.0
2024-07-03 11:54:00,MMSI,85.98500061035156,85.98500061035156,85.98500061035156,85.98500061035156,85.98500061035156,1298.0
2024-07-03 11:54:00,MNKD,5.019999980926514,5.019999980926514,5.025000095367432,5.019999980926514,5.019999980926514,6522.0
2024-07-03 11:54:00,MNOV,1.4074000120162964,1.4074000120162964,1.4074000120162964,1.4074000120162964,1.4074000120162964,162.0
2024-07-03 11:54:00,MREO,3.515000104904175,3.515000104904175,3.515000104904175,3.515000104904175,3.515000104904175,2683.0
2024-07-03 11:54:00,MRNA,115.9000015258789,115.9000015258789,115.9000015258789,115.7886962890625,115.80000305175781,6479.0
2024-07-03 11:54:00,MRSN,1.850000023841858,1.850000023841858,1.850000023841858,1.840000033378601,1.840000033378601,212.0
2024-07-03 11:54:00,MRVI,6.965000152587891,6.965000152587891,6.965000152587891,6.965000152587891,6.965000152587891,252.0
2024-07-03 11:54:00,MXCT,3.694999933242798,3.694999933242798,3.700000047683716,3.694999933242798,3.700000047683716,204.0
2024-07-03 11:54:00,MYGN,25.079999923706055,25.079999923706055,25.079999923706055,25.059999465942383,25.059999465942383,956.0
2024-07-03 11:54:00,MYNZ,0.3400000035762787,0.3400000035762787,0.3400000035762787,0.3400000035762787,0.3400000035762787,1494.0
2024-07-03 11:54:00,NDRA,0.09809999912977219,0.09809999912977219,0.09889999777078629,0.09799999743700027,0.09889999777078629,89844.0
2024-07-03 11:54:00,NEO,13.710000038146973,13.710000038146973,13.710000038146973,13.710000038146973,13.710000038146973,202.0
2024-07-03 11:54:00,NEOG,15.1899995803833,15.1899995803833,15.194999694824219,15.1899995803833,15.194999694824219,586.0
2024-07-03 11:54:00,NKTR,1.25,1.25,1.25,1.2400000095367432,1.2400000095367432,20953.0
2024-07-03 11:54:00,NKTX,5.320000171661377,5.320000171661377,5.320000171661377,5.320000171661377,5.320000171661377,1271.0
2024-07-03 11:54:00,NLSP,0.20000000298023224,0.20000000298023224,0.20000000298023224,0.20000000298023224,0.20000000298023224,800.0
2024-07-03 11:54:00,NNOX,7.010000228881836,7.010000228881836,7.010000228881836,7.010000228881836,7.010000228881836,233.0
2024-07-03 11:54:00,NPCE,7.360000133514404,7.360000133514404,7.400000095367432,7.360000133514404,7.380000114440918,2781.0
2024-07-03 11:54:00,NRC,22.889999389648438,22.889999389648438,22.889999389648438,22.8799991607666,22.8799991607666,356.0
2024-07-03 11:54:00,NRIX,19.559999465942383,19.559999465942383,19.559999465942383,19.545000076293945,19.559999465942383,832.0
2024-07-03 11:54:00,NTLA,22.614999771118164,22.614999771118164,22.6200008392334,22.610000610351562,22.610000610351562,3542.0
2024-07-03 11:54:00,NTRA,111.45999908447266,111.45999908447266,111.45999908447266,111.45999908447266,111.45999908447266,693.0
2024-07-03 11:54:00,NVAX,12.630000114440918,12.630000114440918,12.630000114440918,12.619999885559082,12.630000114440918,3912.0
2024-07-03 11:54:00,NVCR,16.68000030517578,16.68000030517578,16.68000030517578,16.670000076293945,16.670000076293945,1489.0
2024-07-03 11:54:00,NVCT,6.210000038146973,6.210000038146973,6.210000038146973,6.190000057220459,6.204999923706055,1234.0
2024-07-03 11:54:00,NXL,1.3799999952316284,1.3799999952316284,1.3799999952316284,1.3799999952316284,1.3799999952316284,4008.0
2024-07-03 11:54:00,OCGN,1.5950000286102295,1.5950000286102295,1.5997999906539917,1.5950000286102295,1.5950000286102295,1677.0
2024-07-03 11:54:00,OCUL,6.639999866485596,6.639999866485596,6.639999866485596,6.635000228881836,6.635000228881836,562.0
2024-07-03 11:54:00,OFIX,13.449999809265137,13.449999809265137,13.454999923706055,13.449999809265137,13.449999809265137,2128.0
2024-07-03 11:54:00,OLK,25.75,25.75,25.75,25.75,25.75,200.0
2024-07-03 11:54:00,OLMA,10.53499984741211,10.53499984741211,10.550000190734863,10.53499984741211,10.539999961853027,626.0
2024-07-03 11:54:00,OM,3.869999885559082,3.869999885559082,3.869999885559082,3.869999885559082,3.869999885559082,363.0
2024-07-03 11:54:00,OMGA,1.9550000429153442,1.9550000429153442,1.9550000429153442,1.9550000429153442,1.9550000429153442,514.0
2024-07-03 11:55:00,ABCL,2.7149999141693115,2.7149999141693115,2.7200000286102295,2.7149999141693115,2.7200000286102295,2612.0
2024-07-03 11:55:00,ABSI,3.188999891281128,3.188999891281128,3.190000057220459,3.174999952316284,3.174999952316284,6061.0
2024-07-03 11:55:00,ABUS,3.134999990463257,3.134999990463257,3.134999990463257,3.134999990463257,3.134999990463257,522.0
2024-07-03 11:55:00,ACAD,15.5649995803833,15.5649995803833,15.569999694824219,15.5649995803833,15.569999694824219,967.0
2024-07-03 11:55:00,ACB,4.8520002365112305,4.8520002365112305,4.8520002365112305,4.8520002365112305,4.8520002365112305,332.0
2024-07-03 11:55:00,ACCD,3.5299999713897705,3.5299999713897705,3.5299999713897705,3.5299999713897705,3.5299999713897705,311.0
2024-07-03 11:55:00,ACET,1.059999942779541,1.059999942779541,1.065000057220459,1.059999942779541,1.065000057220459,1152.0
2024-07-03 11:55:00,ACHC,66.38999938964844,66.38999938964844,66.38999938964844,66.38999938964844,66.38999938964844,274.0
2024-07-03 11:55:00,ACHV,4.505000114440918,4.505000114440918,4.505000114440918,4.505000114440918,4.505000114440918,702.0
2024-07-03 11:55:00,ACIU,3.799999952316284,3.799999952316284,3.800100088119507,3.799999952316284,3.800100088119507,6499.0
2024-07-03 11:55:00,ACRS,1.159999966621399,1.159999966621399,1.159999966621399,1.159999966621399,1.159999966621399,1079.0
2024-07-03 11:55:00,ADAP,1.0199999809265137,1.0199999809265137,1.0199999809265137,1.0199999809265137,1.0199999809265137,46.0
2024-07-03 11:55:00,ADMA,11.229999542236328,11.229999542236328,11.234999656677246,11.229999542236328,11.234999656677246,1197.0
2024-07-03 11:55:00,AEMD,0.4025999903678894,0.4025999903678894,0.40290001034736633,0.4025999903678894,0.40290001034736633,4327.0
2024-07-03 11:55:00,AGIO,41.744998931884766,41.744998931884766,41.77000045776367,41.720001220703125,41.720001220703125,5694.0
2024-07-03 11:55:00,AHCO,9.720000267028809,9.720000267028809,9.720000267028809,9.704999923706055,9.720000267028809,4953.0
2024-07-03 11:55:00,AKAN,2.25,2.25,2.25,2.25,2.25,90.0
2024-07-03 11:55:00,AKBA,0.945900022983551,0.945900022983551,0.9473999738693237,0.945900022983551,0.9473999738693237,1711.0
2024-07-03 11:55:00,AKRO,21.885000228881836,21.885000228881836,21.885000228881836,21.885000228881836,21.885000228881836,287.0
2024-07-03 11:55:00,ALEC,4.400000095367432,4.400000095367432,4.400000095367432,4.399799823760986,4.400000095367432,5671.0
2024-07-03 11:55:00,ALGN,241.82000732421875,241.82000732421875,241.9199981689453,241.82000732421875,241.9199981689453,648.0
2024-07-03 11:55:00,ALHC,7.974999904632568,7.974999904632568,7.989999771118164,7.96999979019165,7.989999771118164,6566.0
2024-07-03 11:55:00,ALKS,24.25,24.25,24.260000228881836,24.25,24.25,3897.0
2024-07-03 11:55:00,ALLK,0.8260999917984009,0.8260999917984009,0.8260999917984009,0.8260999917984009,0.8260999917984009,200.0
2024-07-03 11:55:00,ALLO,2.0850000381469727,2.0850000381469727,2.0950000286102295,2.0850000381469727,2.0899999141693115,24986.0
2024-07-03 11:55:00,ALLR,0.20250000059604645,0.20250000059604645,0.2070000022649765,0.20250000059604645,0.20250000059604645,2800.0
2024-07-03 11:55:00,ALNY,246.52000427246094,246.52000427246094,246.52000427246094,246.52000427246094,246.52000427246094,1686.0
2024-07-03 11:55:00,ALT,6.675000190734863,6.675000190734863,6.679999828338623,6.674699783325195,6.674699783325195,822.0
2024-07-03 11:55:00,ALXO,5.720099925994873,5.720099925994873,5.739999771118164,5.720099925994873,5.739999771118164,11054.0
2024-07-03 11:55:00,AMED,96.98999786376953,96.98999786376953,97.02999877929688,96.98999786376953,97.02749633789062,11434.0
2024-07-03 11:55:00,AMGN,307.1050109863281,307.1050109863281,307.1199951171875,306.9460144042969,306.9800109863281,2744.0
2024-07-03 11:55:00,AMLX,1.7549999952316284,1.7549999952316284,1.7599999904632568,1.7549999952316284,1.7599999904632568,2122.0
2024-07-03 11:55:00,AMRN,0.6930000185966492,0.6930000185966492,0.6930000185966492,0.692799985408783,0.692799985408783,0.0
2024-07-03 11:55:00,ANAB,24.899999618530273,24.899999618530273,24.940000534057617,24.899999618530273,24.934999465942383,1788.0
2024-07-03 11:55:00,ANGO,5.619999885559082,5.619999885559082,5.644999980926514,5.619999885559082,5.644999980926514,4859.0
2024-07-03 11:55:00,ANNX,4.784999847412109,4.784999847412109,4.789999961853027,4.784999847412109,4.784999847412109,1887.0
2024-07-03 11:55:00,ANTX,2.51990008354187,2.51990008354187,2.5199999809265137,2.51990008354187,2.5199999809265137,947.0
2024-07-03 11:55:00,APDN,0.39989998936653137,0.39989998936653137,0.39989998936653137,0.3869999945163727,0.3970000147819519,34828.0
2024-07-03 11:55:00,APLS,35.34000015258789,35.34000015258789,35.39500045776367,35.34000015258789,35.39500045776367,1119.0
2024-07-03 11:55:00,APLT,4.349999904632568,4.349999904632568,4.355000019073486,4.349999904632568,4.355000019073486,825.0
2024-07-03 11:55:00,APYX,1.340000033378601,1.340000033378601,1.375,1.340000033378601,1.375,5974.0
2024-07-03 11:55:00,AQST,2.4049999713897705,2.4049999713897705,2.4049999713897705,2.4049999713897705,2.4049999713897705,1006.0
2024-07-03 11:55:00,ARCT,21.489999771118164,21.489999771118164,21.489999771118164,21.43000030517578,21.46500015258789,3204.0
2024-07-03 11:55:00,ARDX,5.230000019073486,5.230000019073486,5.235000133514404,5.230000019073486,5.230000019073486,1067.0
2024-07-03 11:55:00,ARQT,9.555000305175781,9.555000305175781,9.555000305175781,9.555000305175781,9.555000305175781,1491.0
2024-07-03 11:55:00,ATAI,1.2949999570846558,1.2949999570846558,1.2949999570846558,1.2949999570846558,1.2949999570846558,1220.0
2024-07-03 11:55:00,ATEC,9.960000038146973,9.960000038146973,9.96500015258789,9.9399995803833,9.9399995803833,3080.0
2024-07-03 11:55:00,ATOS,1.1549999713897705,1.1549999713897705,1.1549999713897705,1.1549999713897705,1.1549999713897705,770.0
2024-07-03 11:55:00,ATRA,7.680099964141846,7.680099964141846,7.680099964141846,7.680099964141846,7.680099964141846,211.0
2024-07-03 11:55:00,ATRC,22.299999237060547,22.299999237060547,22.31999969482422,22.299999237060547,22.31999969482422,795.0
2024-07-03 11:55:00,ATXS,9.0,9.0,9.0,8.989999771118164,8.989999771118164,1062.0
2024-07-03 11:55:00,AUGX,1.0,1.0,1.0,1.0,1.0,300.0
2024-07-03 11:55:00,AUPH,5.454999923706055,5.454999923706055,5.460000038146973,5.454999923706055,5.460000038146973,1870.0
2024-07-03 11:55:00,AUTL,3.4649999141693115,3.4649999141693115,3.4649999141693115,3.4649999141693115,3.4649999141693115,176.0
2024-07-03 11:55:00,AVDL,14.4399995803833,14.4399995803833,14.4399995803833,14.4399995803833,14.4399995803833,347.0
2024-07-03 11:55:00,AVXL,4.144999980926514,4.144999980926514,4.145199775695801,4.135000228881836,4.135000228881836,4457.0
2024-07-03 11:55:00,AXSM,79.58999633789062,79.58999633789062,79.58999633789062,79.5,79.5,3159.0
2024-07-03 11:55:00,AZN,76.59010314941406,76.59010314941406,76.62000274658203,76.59010314941406,76.62000274658203,4207.0
2024-07-03 11:55:00,AZTA,52.63010025024414,52.63010025024414,52.63010025024414,52.63010025024414,52.63010025024414,269.0
2024-07-03 11:55:00,BBIO,25.25,25.25,25.25,25.239999771118164,25.239999771118164,759.0
2024-07-03 11:55:00,BCAB,1.375,1.375,1.375,1.375,1.375,353.0
2024-07-03 11:55:00,BCRX,6.429999828338623,6.429999828338623,6.429999828338623,6.429999828338623,6.429999828338623,677.0
2024-07-03 11:55:00,BEAM,23.56999969482422,23.56999969482422,23.56999969482422,23.549999237060547,23.549999237060547,407.0
2024-07-03 11:55:00,BGXX,0.26750001311302185,0.26750001311302185,0.26750001311302185,0.26750001311302185,0.26750001311302185,373.0
2024-07-03 11:55:00,BIIB,223.10000610351562,223.10000610351562,223.5,223.10000610351562,223.47999572753906,6103.0
2024-07-03 11:55:00,BIOR,0.6399000287055969,0.6399000287055969,0.6399000287055969,0.6399000287055969,0.6399000287055969,5100.0
2024-07-03 11:55:00,BIVI,0.4172999858856201,0.4172999858856201,0.4172999858856201,0.4172999858856201,0.4172999858856201,223.0
2024-07-03 11:55:00,BLRX,0.519599974155426,0.519599974155426,0.519599974155426,0.519599974155426,0.519599974155426,862.0
2024-07-03 11:55:00,BLUE,0.9279999732971191,0.9279999732971191,0.9279999732971191,0.9247999787330627,0.9247999787330627,505.0
2024-07-03 11:55:00,BMEA,4.340000152587891,4.340000152587891,4.340000152587891,4.340000152587891,4.340000152587891,874.0
2024-07-03 11:55:00,BMRA,0.4505000114440918,0.4505000114440918,0.45489999651908875,0.4505000114440918,0.45489999651908875,662.0
2024-07-03 11:55:00,BMRN,80.83999633789062,80.83999633789062,80.96499633789062,80.83999633789062,80.96499633789062,5377.0
2024-07-03 11:55:00,BNGO,0.5562000274658203,0.5562000274658203,0.5562000274658203,0.5562000274658203,0.5562000274658203,21275.0
2024-07-03 11:55:00,BNR,6.179999828338623,6.179999828338623,6.193999767303467,6.179999828338623,6.193999767303467,345.0
2024-07-03 11:55:00,BNTX,79.8499984741211,79.8499984741211,79.8499984741211,79.83999633789062,79.83999633789062,246.0
2024-07-03 11:55:00,BPMC,110.56999969482422,110.56999969482422,110.72000122070312,110.56999969482422,110.66999816894531,3042.0
2024-07-03 11:55:00,BRKR,61.4900016784668,61.4900016784668,61.5,61.47999954223633,61.5,2815.0
2024-07-03 11:55:00,BTAI,1.0800000429153442,1.0800000429153442,1.0800000429153442,1.0800000429153442,1.0800000429153442,100.0
2024-07-03 11:55:00,BTCY,0.7597000002861023,0.7597000002861023,0.7597000002861023,0.7534999847412109,0.7548999786376953,10371.0
2024-07-03 11:55:00,BVS,5.949999809265137,5.949999809265137,5.949999809265137,5.949999809265137,5.949999809265137,401.0
2024-07-03 11:55:00,CABA,7.489999771118164,7.489999771118164,7.489999771118164,7.489999771118164,7.489999771118164,410.0
2024-07-03 11:55:00,CADL,6.284999847412109,6.284999847412109,6.284999847412109,6.282299995422363,6.282299995422363,380.0
2024-07-03 11:55:00,CCCC,4.545000076293945,4.545000076293945,4.545000076293945,4.545000076293945,4.545000076293945,1380.0
2024-07-03 11:55:00,CDMO,7.770100116729736,7.770100116729736,7.7972002029418945,7.769999980926514,7.7972002029418945,1027.0
2024-07-03 11:55:00,CDXC,2.505000114440918,2.505000114440918,2.505000114440918,2.505000114440918,2.505000114440918,208.0
2024-07-03 11:55:00,CDXS,2.869999885559082,2.869999885559082,2.869999885559082,2.869999885559082,2.869999885559082,1480.0
2024-07-03 11:55:00,CELC,16.28499984741211,16.28499984741211,16.28499984741211,16.28499984741211,16.28499984741211,439.0
2024-07-03 11:55:00,CELU,3.084700107574463,3.084700107574463,3.084700107574463,3.084700107574463,3.084700107574463,158.0
2024-07-03 11:55:00,CERE,39.64500045776367,39.64500045776367,39.70500183105469,39.64500045776367,39.70000076293945,25726.0
2024-07-03 11:55:00,CERS,1.7200000286102295,1.7200000286102295,1.7200000286102295,1.7200000286102295,1.7200000286102295,555.0
2024-07-03 11:55:00,CERT,13.8100004196167,13.8100004196167,13.819999694824219,13.8100004196167,13.819999694824219,1001.0
2024-07-03 11:55:00,CGC,6.519899845123291,6.519899845123291,6.519899845123291,6.514999866485596,6.514999866485596,2172.0
2024-07-03 11:55:00,CGEM,16.600000381469727,16.600000381469727,16.670000076293945,16.600000381469727,16.670000076293945,1748.0
2024-07-03 11:55:00,CKPT,2.184999942779541,2.184999942779541,2.184999942779541,2.1700000762939453,2.171999931335449,3622.0
2024-07-03 11:55:00,CLNN,0.329800009727478,0.329800009727478,0.329800009727478,0.329800009727478,0.329800009727478,1327.0
2024-07-03 11:55:00,CLOV,1.2450000047683716,1.2450000047683716,1.2450000047683716,1.2450000047683716,1.2450000047683716,365.0
2024-07-03 11:55:00,CLRB,2.440000057220459,2.440000057220459,2.440000057220459,2.440000057220459,2.440000057220459,301.0
2024-07-03 11:55:00,CMPS,6.25,6.25,6.269999980926514,6.230100154876709,6.269999980926514,16443.0
2024-07-03 11:55:00,CNSP,1.5393999814987183,1.5393999814987183,1.5499999523162842,1.5199999809265137,1.5399999618530273,26341.0
2024-07-03 11:55:00,COGT,8.425000190734863,8.425000190734863,8.425000190734863,8.425000190734863,8.425000190734863,435.0
2024-07-03 11:55:00,CORT,30.260000228881836,30.260000228881836,30.260000228881836,30.260000228881836,30.260000228881836,233.0
2024-07-03 11:55:00,COSM,0.9211000204086304,0.9211000204086304,0.925599992275238,0.9210000038146973,0.9210000038146973,6028.0
2024-07-03 11:55:00,CPRX,15.420000076293945,15.420000076293945,15.420000076293945,15.420000076293945,15.420000076293945,445.0
2024-07-03 11:55:00,CRBU,1.5700000524520874,1.5700000524520874,1.5800000429153442,1.5700000524520874,1.5800000429153442,796.0
2024-07-03 11:55:00,CRDF,2.240000009536743,2.240000009536743,2.244999885559082,2.2351999282836914,2.244999885559082,3803.0
2024-07-03 11:55:00,CRSP,53.86000061035156,53.86000061035156,53.880001068115234,53.801998138427734,53.810001373291016,3104.0
2024-07-03 11:55:00,CTKB,5.605000019073486,5.605000019073486,5.605000019073486,5.605000019073486,5.605000019073486,1201.0
2024-07-03 11:55:00,CTMX,1.2999999523162842,1.2999999523162842,1.2999999523162842,1.2999999523162842,1.2999999523162842,1627.0
2024-07-03 11:55:00,CTXR,0.507099986076355,0.507099986076355,0.5073000192642212,0.507099986076355,0.5073000192642212,4130.0
2024-07-03 11:55:00,CUE,0.9937000274658203,0.9937000274658203,0.9941999912261963,0.9937000274658203,0.9941999912261963,493.0
2024-07-03 11:55:00,CUTR,1.2949999570846558,1.2949999570846558,1.2949999570846558,1.2899999618530273,1.2899999618530273,851.0
2024-07-03 11:55:00,CVAC,3.325000047683716,3.325000047683716,3.3399999141693115,3.325000047683716,3.3350000381469727,4468.0
2024-07-03 11:55:00,CYTK,54.720001220703125,54.720001220703125,54.720001220703125,54.67499923706055,54.67499923706055,597.0
2024-07-03 11:55:00,DARE,3.2100000381469727,3.2100000381469727,3.2100000381469727,3.2100000381469727,3.2100000381469727,1216.0
2024-07-03 11:55:00,DAWN,13.289999961853027,13.289999961853027,13.289999961853027,13.279999732971191,13.279999732971191,2078.0
2024-07-03 11:55:00,DCTH,7.940000057220459,7.940000057220459,7.940000057220459,7.920000076293945,7.920000076293945,584.0
2024-07-03 11:55:00,DNLI,21.290000915527344,21.290000915527344,21.290000915527344,21.290000915527344,21.290000915527344,612.0
2024-07-03 11:55:00,DVAX,11.045000076293945,11.045000076293945,11.045000076293945,11.045000076293945,11.045000076293945,1181.0
2024-07-03 11:55:00,DXCM,110.72000122070312,110.72000122070312,110.80999755859375,110.69000244140625,110.80999755859375,2680.0
2024-07-03 11:55:00,DYN,34.095001220703125,34.095001220703125,34.095001220703125,34.08000183105469,34.08250045776367,626.0
2024-07-03 11:55:00,EDIT,4.625,4.625,4.629799842834473,4.625,4.625,3261.0
2024-07-03 11:55:00,ELEV,2.6500000953674316,2.6500000953674316,2.6500000953674316,2.6500000953674316,2.6500000953674316,507.0
2024-07-03 11:55:00,ELYM,6.789999961853027,6.789999961853027,6.829899787902832,6.789999961853027,6.829899787902832,4033.0
2024-07-03 11:55:00,EMBC,12.050000190734863,12.050000190734863,12.050000190734863,12.050000190734863,12.050000190734863,1425.0
2024-07-03 11:55:00,ENTX,1.649999976158142,1.649999976158142,1.649999976158142,1.649999976158142,1.649999976158142,629.0
2024-07-03 11:55:00,EOLS,10.899999618530273,10.899999618530273,10.899999618530273,10.899999618530273,10.899999618530273,1057.0
2024-07-03 11:55:00,ERAS,2.2200000286102295,2.2200000286102295,2.2200000286102295,2.2149999141693115,2.2149999141693115,2315.0
2024-07-03 11:55:00,ESPR,2.3399999141693115,2.3399999141693115,2.3399999141693115,2.3399999141693115,2.3399999141693115,402.0
2024-07-03 11:55:00,ETNB,7.494999885559082,7.494999885559082,7.494999885559082,7.494999885559082,7.494999885559082,547.0
2024-07-03 11:55:00,EWTX,18.045000076293945,18.045000076293945,18.045000076293945,18.045000076293945,18.045000076293945,617.0
2024-07-03 11:55:00,EXAI,5.420000076293945,5.420000076293945,5.420000076293945,5.420000076293945,5.420000076293945,342.0
2024-07-03 11:55:00,EXAS,43.15999984741211,43.15999984741211,43.16999816894531,43.15999984741211,43.16999816894531,1018.0
2024-07-03 11:55:00,EXEL,21.924999237060547,21.924999237060547,21.924999237060547,21.915000915527344,21.915000915527344,1572.0
2024-07-03 11:55:00,FATE,3.1500000953674316,3.1500000953674316,3.1500000953674316,3.1500000953674316,3.1500000953674316,731.0
2024-07-03 11:55:00,FDMT,20.8799991607666,20.8799991607666,20.8799991607666,20.8799991607666,20.8799991607666,130.0
2024-07-03 11:55:00,FGEN,0.7117000222206116,0.7117000222206116,0.7121000289916992,0.7099999785423279,0.7121000289916992,4271.0
2024-07-03 11:55:00,FHTX,5.579999923706055,5.579999923706055,5.59499979019165,5.550000190734863,5.559999942779541,1711.0
2024-07-03 11:55:00,FLGT,20.1200008392334,20.1200008392334,20.1200008392334,20.1200008392334,20.1200008392334,471.0
2024-07-03 11:55:00,FOLD,9.854999542236328,9.854999542236328,9.854999542236328,9.854999542236328,9.854999542236328,227.0
2024-07-03 11:55:00,GALT,2.1700000762939453,2.1700000762939453,2.1700000762939453,2.1700000762939453,2.1700000762939453,101.0
2024-07-03 11:55:00,GANX,1.1299999952316284,1.1299999952316284,1.1399999856948853,1.1299999952316284,1.1299999952316284,8179.0
2024-07-03 11:55:00,GDRX,7.71999979019165,7.71999979019165,7.71999979019165,7.71999979019165,7.71999979019165,824.0
2024-07-03 11:55:00,GERN,4.3196001052856445,4.3196001052856445,4.3196001052856445,4.315000057220459,4.315000057220459,2219.0
2024-07-03 11:55:00,GILD,66.94999694824219,66.94999694824219,66.9800033569336,66.94499969482422,66.9800033569336,6279.0
2024-07-03 11:55:00,GLSI,16.690000534057617,16.690000534057617,16.864999771118164,16.690000534057617,16.864999771118164,1194.0
2024-07-03 11:55:00,GLYC,0.2745000123977661,0.2745000123977661,0.2745000123977661,0.2711000144481659,0.2711000144481659,60666.0
2024-07-03 11:55:00,GNPX,1.9249999523162842,1.9249999523162842,1.9249999523162842,1.9249999523162842,1.9249999523162842,1917.0
2024-07-03 11:55:00,GOSS,0.9485999941825867,0.9485999941825867,0.9668999910354614,0.9485999941825867,0.9627000093460083,26676.0
2024-07-03 11:55:00,GRTS,0.5773000121116638,0.5773000121116638,0.5773000121116638,0.5773000121116638,0.5773000121116638,4292.0
2024-07-03 11:55:00,GTHX,2.549999952316284,2.549999952316284,2.549999952316284,2.549999952316284,2.549999952316284,218.0
2024-07-03 11:55:00,HALO,52.13999938964844,52.13999938964844,52.150001525878906,52.09870147705078,52.11000061035156,2857.0
2024-07-03 11:55:00,HCAT,6.179999828338623,6.179999828338623,6.179999828338623,6.179999828338623,6.179999828338623,174.0
2024-07-03 11:55:00,HCSG,10.630000114440918,10.630000114440918,10.65060043334961,10.619999885559082,10.65060043334961,3162.0
2024-07-03 11:55:00,HLVX,14.404999732971191,14.404999732971191,14.420000076293945,14.404999732971191,14.420000076293945,707.0
2024-07-03 11:55:00,HOLX,73.16999816894531,73.16999816894531,73.22000122070312,73.13999938964844,73.22000122070312,2963.0
2024-07-03 11:55:00,HOOK,0.5879999995231628,0.5879999995231628,0.5879999995231628,0.5860000252723694,0.5860000252723694,401.0
2024-07-03 11:55:00,HQY,83.4000015258789,83.4000015258789,83.4000015258789,83.4000015258789,83.4000015258789,543.0
2024-07-03 11:55:00,HRMY,30.485000610351562,30.485000610351562,30.579999923706055,30.475000381469727,30.5,4727.0
2024-07-03 11:55:00,HROW,21.434999465942383,21.434999465942383,21.450000762939453,21.3700008392334,21.3799991607666,8400.0
2024-07-03 11:55:00,HRTX,2.700000047683716,2.700000047683716,2.7049999237060547,2.700000047683716,2.7049999237060547,884.0
2024-07-03 11:55:00,HSIC,64.94000244140625,64.94000244140625,64.95999908447266,64.94000244140625,64.95999908447266,2449.0
2024-07-03 11:55:00,HUMA,5.670100212097168,5.670100212097168,5.679999828338623,5.670100212097168,5.679999828338623,2881.0
2024-07-03 11:55:00,IART,28.469999313354492,28.469999313354492,28.469999313354492,28.469999313354492,28.469999313354492,1077.0
2024-07-03 11:55:00,IBRX,6.264999866485596,6.264999866485596,6.265999794006348,6.264999866485596,6.265999794006348,704.0
2024-07-03 11:55:00,ICAD,1.2350000143051147,1.2350000143051147,1.2350000143051147,1.2350000143051147,1.2350000143051147,200.0
2024-07-03 11:55:00,ICLR,318.2300109863281,318.2300109863281,318.2300109863281,318.2300109863281,318.2300109863281,789.0
2024-07-03 11:55:00,IDXX,476.7799987792969,476.7799987792969,476.8299865722656,476.7799987792969,476.8299865722656,2036.0
2024-07-03 11:55:00,IDYA,33.29999923706055,33.29999923706055,33.33000183105469,33.275001525878906,33.275001525878906,909.0
2024-07-03 11:55:00,IINN,1.4158999919891357,1.4158999919891357,1.4229999780654907,1.3300000429153442,1.3700000047683716,23151.0
2024-07-03 11:55:00,IKNA,1.649999976158142,1.649999976158142,1.649999976158142,1.649999976158142,1.649999976158142,142.0
2024-07-03 11:55:00,ILMN,105.33999633789062,105.33999633789062,105.47000122070312,105.33999633789062,105.47000122070312,1613.0
2024-07-03 11:55:00,IMAB,1.5199999809265137,1.5199999809265137,1.5199999809265137,1.5199999809265137,1.5199999809265137,5015.0
2024-07-03 11:55:00,IMCR,35.97999954223633,35.97999954223633,36.0,35.97999954223633,36.0,603.0
2024-07-03 11:55:00,IMMX,2.390000104904175,2.390000104904175,2.390000104904175,2.390000104904175,2.390000104904175,623.0
2024-07-03 11:55:00,IMNM,12.005000114440918,12.005000114440918,12.005000114440918,12.005000114440918,12.005000114440918,453.0
2024-07-03 11:55:00,IMRN,2.0199999809265137,2.0199999809265137,2.0199999809265137,2.0199999809265137,2.0199999809265137,169.0
2024-07-03 11:55:00,IMRX,1.1299999952316284,1.1299999952316284,1.1299999952316284,1.1299999952316284,1.1299999952316284,103.0
2024-07-03 11:55:00,IMVT,26.059999465942383,26.059999465942383,26.075000762939453,26.059999465942383,26.059999465942383,780.0
2024-07-03 11:55:00,INCY,57.91999816894531,57.91999816894531,57.95000076293945,57.91999816894531,57.93000030517578,2031.0
2024-07-03 11:55:00,INMD,17.549999237060547,17.549999237060547,17.56999969482422,17.549999237060547,17.56999969482422,2994.0
2024-07-03 11:55:00,INSM,61.95000076293945,61.95000076293945,62.0,61.95000076293945,62.0,3124.0
2024-07-03 11:55:00,INVA,16.280000686645508,16.280000686645508,16.280000686645508,16.280000686645508,16.280000686645508,1401.0
2024-07-03 11:55:00,INZY,4.460000038146973,4.460000038146973,4.460000038146973,4.460000038146973,4.460000038146973,1126.0
2024-07-03 11:55:00,IONM,0.3125,0.3125,0.32820001244544983,0.3125,0.32820001244544983,3721.0
2024-07-03 11:55:00,IONS,44.79999923706055,44.79999923706055,44.79999923706055,44.79999923706055,44.79999923706055,241.0
2024-07-03 11:55:00,IOVA,7.509900093078613,7.509900093078613,7.509900093078613,7.485000133514404,7.485000133514404,26644.0
2024-07-03 11:55:00,IPSC,2.25,2.25,2.25,2.25,2.25,128.0
2024-07-03 11:55:00,IRTC,93.61070251464844,93.61070251464844,93.61070251464844,93.61070251464844,93.61070251464844,608.0
2024-07-03 11:55:00,IRWD,6.099999904632568,6.099999904632568,6.105000019073486,6.099999904632568,6.105000019073486,617.0
2024-07-03 11:55:00,ISRG,433.30999755859375,433.30999755859375,433.30999755859375,433.30999755859375,433.30999755859375,1872.0
2024-07-03 11:55:00,ITCI,68.30500030517578,68.30500030517578,68.30500030517578,68.30000305175781,68.30000305175781,1758.0
2024-07-03 11:55:00,ITOS,14.829999923706055,14.829999923706055,14.829999923706055,14.829999923706055,14.829999923706055,1050.0
2024-07-03 11:55:00,IVVD,1.1050000190734863,1.1050000190734863,1.1050000190734863,1.1050000190734863,1.1050000190734863,460.0
2024-07-03 11:55:00,JAGX,3.4800000190734863,3.4800000190734863,3.4800000190734863,3.4800000190734863,3.4800000190734863,280.0
2024-07-03 11:55:00,JAZZ,104.01499938964844,104.01499938964844,104.01499938964844,104.01499938964844,104.01499938964844,590.0
2024-07-03 11:55:00,KALV,11.619999885559082,11.619999885559082,11.619999885559082,11.619999885559082,11.619999885559082,323.0
2024-07-03 11:55:00,KOD,2.2100000381469727,2.2100000381469727,2.2100000381469727,2.2100000381469727,2.2100000381469727,767.0
2024-07-03 11:55:00,KPTI,0.8240000009536743,0.8240000009536743,0.8240000009536743,0.8240000009536743,0.8240000009536743,300.0
2024-07-03 11:55:00,KRMD,2.4000000953674316,2.4000000953674316,2.4000000953674316,2.4000000953674316,2.4000000953674316,856.0
2024-07-03 11:55:00,KRYS,176.22999572753906,176.22999572753906,176.22999572753906,176.22999572753906,176.22999572753906,1732.0
2024-07-03 11:55:00,KTRA,0.28949999809265137,0.28949999809265137,0.28949999809265137,0.287200003862381,0.287200003862381,4268.0
2024-07-03 11:55:00,KZR,0.5734999775886536,0.5734999775886536,0.5734999775886536,0.5734999775886536,0.5734999775886536,420.0
2024-07-03 11:55:00,LAB,1.8200000524520874,1.8200000524520874,1.8200000524520874,1.815000057220459,1.815000057220459,4060.0
2024-07-03 11:55:00,LBPH,31.889999389648438,31.889999389648438,32.084999084472656,31.889999389648438,32.08000183105469,1166.0
2024-07-03 11:55:00,LEGN,46.16999816894531,46.16999816894531,46.16999816894531,46.13999938964844,46.13999938964844,356.0
2024-07-03 11:55:00,LFST,5.110000133514404,5.110000133514404,5.110000133514404,5.110000133514404,5.110000133514404,584.0
2024-07-03 11:55:00,LIVN,52.619998931884766,52.619998931884766,52.65999984741211,52.619998931884766,52.65999984741211,1751.0
2024-07-03 11:55:00,LNTH,79.2750015258789,79.2750015258789,79.2750015258789,79.2750015258789,79.2750015258789,200.0
2024-07-03 11:55:00,LPCN,7.8302998542785645,7.8302998542785645,7.8302998542785645,7.8302998542785645,7.8302998542785645,1605.0
2024-07-03 11:55:00,LQDA,11.9399995803833,11.9399995803833,11.9399995803833,11.939900398254395,11.9399995803833,774.0
2024-07-03 11:55:00,LRMR,7.679999828338623,7.679999828338623,7.679999828338623,7.679999828338623,7.679999828338623,711.0
2024-07-03 11:55:00,LUCY,0.4699999988079071,0.4699999988079071,0.4700999855995178,0.4699999988079071,0.4700999855995178,1869.0
2024-07-03 11:55:00,MASI,114.63999938964844,114.63999938964844,114.63999938964844,114.63999938964844,114.63999938964844,542.0
2024-07-03 11:55:00,MBIO,0.4952999949455261,0.4952999949455261,0.4977000057697296,0.4952999949455261,0.4977000057697296,1255.0
2024-07-03 11:55:00,MCRB,0.7125999927520752,0.7125999927520752,0.7134000062942505,0.7125999927520752,0.7134000062942505,1094.0
2024-07-03 11:55:00,ME,0.4099000096321106,0.4099000096321106,0.4099000096321106,0.4099000096321106,0.4099000096321106,108.0
2024-07-03 11:55:00,MGNX,4.210000038146973,4.210000038146973,4.210000038146973,4.210000038146973,4.210000038146973,132.0
2024-07-03 11:55:00,MGTX,3.9863998889923096,3.9863998889923096,3.9863998889923096,3.9863998889923096,3.9863998889923096,498.0
2024-07-03 11:55:00,MNKD,5.019999980926514,5.019999980926514,5.019999980926514,5.014999866485596,5.019999980926514,857.0
2024-07-03 11:55:00,MNMD,7.159999847412109,7.159999847412109,7.159999847412109,7.159999847412109,7.159999847412109,663.0
2024-07-03 11:55:00,MORF,31.850000381469727,31.850000381469727,31.852500915527344,31.84000015258789,31.852500915527344,1311.0
2024-07-03 11:55:00,MRNA,115.86990356445312,115.86990356445312,115.91000366210938,115.66000366210938,115.91000366210938,8565.0
2024-07-03 11:55:00,MRNS,1.2050000429153442,1.2050000429153442,1.2050000429153442,1.2000999450683594,1.2050000429153442,14011.0
2024-07-03 11:55:00,MRSN,1.8450000286102295,1.8450000286102295,1.8450000286102295,1.840000033378601,1.840000033378601,675.0
2024-07-03 11:55:00,MRVI,6.980000019073486,6.980000019073486,6.980000019073486,6.965000152587891,6.965000152587891,6358.0
2024-07-03 11:55:00,MXCT,3.694999933242798,3.694999933242798,3.694999933242798,3.690000057220459,3.694999933242798,2991.0
2024-07-03 11:55:00,MYGN,25.079999923706055,25.079999923706055,25.100000381469727,25.079999923706055,25.079999923706055,2416.0
2024-07-03 11:55:00,MYNZ,0.3400000035762787,0.3400000035762787,0.3400999903678894,0.3400000035762787,0.3400999903678894,900.0
2024-07-03 11:55:00,NARI,49.47999954223633,49.47999954223633,49.47999954223633,49.47999954223633,49.47999954223633,256.0
2024-07-03 11:55:00,NDRA,0.09799999743700027,0.09799999743700027,0.09799999743700027,0.09749999642372131,0.09799999743700027,98820.0
2024-07-03 11:55:00,NEO,13.710000038146973,13.710000038146973,13.710000038146973,13.710000038146973,13.710000038146973,634.0
2024-07-03 11:55:00,NEOG,15.194999694824219,15.194999694824219,15.194999694824219,15.190099716186523,15.190099716186523,5037.0
2024-07-03 11:55:00,NKTR,1.25,1.25,1.25,1.25,1.25,579.0
2024-07-03 11:55:00,NKTX,5.322500228881836,5.322500228881836,5.322500228881836,5.322500228881836,5.322500228881836,688.0
2024-07-03 11:55:00,NLSP,0.20000000298023224,0.20000000298023224,0.20000000298023224,0.20000000298023224,0.20000000298023224,17498.0
2024-07-03 11:55:00,NNOX,7.010000228881836,7.010000228881836,7.010000228881836,7.010000228881836,7.010000228881836,341.0
2024-07-03 11:55:00,NRBO,4.571400165557861,4.571400165557861,4.571400165557861,4.559999942779541,4.570000171661377,1282.0
2024-07-03 11:55:00,NRC,22.899999618530273,22.899999618530273,22.899999618530273,22.889999389648438,22.889999389648438,4355.0
2024-07-03 11:55:00,NRIX,19.540000915527344,19.540000915527344,19.540000915527344,19.530000686645508,19.540000915527344,2028.0
2024-07-03 11:55:00,NRSN,1.2999999523162842,1.2999999523162842,1.2999999523162842,1.2999999523162842,1.2999999523162842,100.0
2024-07-03 11:55:00,NTLA,22.6200008392334,22.6200008392334,22.6200008392334,22.610000610351562,22.610000610351562,708.0
2024-07-03 11:55:00,NTRA,111.44000244140625,111.44000244140625,111.44000244140625,111.44000244140625,111.44000244140625,536.0
2024-07-03 11:55:00,NVAX,12.649999618530273,12.649999618530273,12.649999618530273,12.630000114440918,12.630999565124512,52739.0
2024-07-03 11:55:00,NVCR,16.679000854492188,16.679000854492188,16.68899917602539,16.679000854492188,16.68000030517578,1795.0
2024-07-03 11:55:00,OCGN,1.5950000286102295,1.5950000286102295,1.600000023841858,1.5950000286102295,1.5950000286102295,1612.0
2024-07-03 11:55:00,OCUL,6.632500171661377,6.632500171661377,6.635000228881836,6.632500171661377,6.635000228881836,433.0
2024-07-03 11:55:00,OGI,1.5750000476837158,1.5750000476837158,1.5750000476837158,1.5750000476837158,1.5750000476837158,411.0
2024-07-03 11:55:00,OLK,25.75,25.75,25.75,25.75,25.75,200.0
2024-07-03 11:55:00,OLMA,10.550000190734863,10.550000190734863,10.550000190734863,10.550000190734863,10.550000190734863,113.0
2024-07-03 11:55:00,OM,3.869999885559082,3.869999885559082,3.869999885559082,3.869999885559082,3.869999885559082,1783.0
2024-07-03 11:55:00,OMCL,26.579999923706055,26.579999923706055,26.579999923706055,26.579999923706055,26.579999923706055,573.0
2024-07-03 11:55:00,OMER,3.880000114440918,3.880000114440918,3.880000114440918,3.880000114440918,3.880000114440918,242.0
2024-07-03 11:55:00,OMGA,1.9500000476837158,1.9500000476837158,1.9600000381469727,1.9500000476837158,1.9550000429153442,29063.0
2024-07-03 11:56:00,ABCL,2.719899892807007,2.719899892807007,2.719899892807007,2.719899892807007,2.719899892807007,949.0
2024-07-03 11:56:00,ABSI,3.190000057220459,3.190000057220459,3.190000057220459,3.190000057220459,3.190000057220459,303.0
2024-07-03 11:56:00,ABUS,3.140000104904175,3.140000104904175,3.140000104904175,3.140000104904175,3.140000104904175,502.0
2024-07-03 11:56:00,ACAD,15.5649995803833,15.5649995803833,15.5649995803833,15.5649995803833,15.5649995803833,923.0
2024-07-03 11:56:00,ACB,4.861800193786621,4.861800193786621,4.879000186920166,4.860000133514404,4.860000133514404,12052.0
2024-07-03 11:56:00,ACCD,3.5250000953674316,3.5250000953674316,3.5299999713897705,3.5250000953674316,3.5299999713897705,3004.0
2024-07-03 11:56:00,ACET,1.059999942779541,1.059999942779541,1.065000057220459,1.059999942779541,1.065000057220459,1216.0
2024-07-03 11:56:00,ACHC,66.36000061035156,66.36000061035156,66.36000061035156,66.36000061035156,66.36000061035156,392.0
2024-07-03 11:56:00,ACIU,3.799999952316284,3.799999952316284,3.799999952316284,3.799999952316284,3.799999952316284,223.0
2024-07-03 11:56:00,ACRS,1.159999966621399,1.159999966621399,1.159999966621399,1.159999966621399,1.159999966621399,606.0
2024-07-03 11:56:00,ACXP,2.0999999046325684,2.0999999046325684,2.0999999046325684,2.0999999046325684,2.0999999046325684,935.0
2024-07-03 11:56:00,ADAP,1.0199999809265137,1.0199999809265137,1.0199999809265137,1.0199999809265137,1.0199999809265137,215.0
2024-07-03 11:56:00,ADIL,1.059999942779541,1.059999942779541,1.059999942779541,1.0499999523162842,1.0499999523162842,284.0
2024-07-03 11:56:00,ADMA,11.234999656677246,11.234999656677246,11.239899635314941,11.234999656677246,11.234999656677246,1345.0
2024-07-03 11:56:00,AGIO,41.76940155029297,41.76940155029297,41.76940155029297,41.7599983215332,41.7599983215332,701.0
2024-07-03 11:56:00,AHCO,9.744999885559082,9.744999885559082,9.744999885559082,9.720000267028809,9.720000267028809,2248.0
2024-07-03 11:56:00,AIRS,3.9800000190734863,3.9800000190734863,3.9800000190734863,3.9800000190734863,3.9800000190734863,307.0
2024-07-03 11:56:00,AKBA,0.9456999897956848,0.9456999897956848,0.9491000175476074,0.9456999897956848,0.9491000175476074,800.0
2024-07-03 11:56:00,AKRO,21.8700008392334,21.8700008392334,21.8799991607666,21.8700008392334,21.8799991607666,628.0
2024-07-03 11:56:00,AKYA,2.117500066757202,2.117500066757202,2.117500066757202,2.115000009536743,2.115000009536743,652.0
2024-07-03 11:56:00,ALDX,3.1982998847961426,3.1982998847961426,3.1982998847961426,3.1982998847961426,3.1982998847961426,203.0
2024-07-03 11:56:00,ALEC,4.40500020980835,4.40500020980835,4.414999961853027,4.400000095367432,4.409900188446045,15645.0
2024-07-03 11:56:00,ALGS,0.42489999532699585,0.42489999532699585,0.42489999532699585,0.4237000048160553,0.4237000048160553,2100.0
2024-07-03 11:56:00,ALIM,5.520999908447266,5.520999908447266,5.520999908447266,5.520999908447266,5.520999908447266,1032.0
2024-07-03 11:56:00,ALKS,24.239999771118164,24.239999771118164,24.2450008392334,24.239999771118164,24.2450008392334,847.0
2024-07-03 11:56:00,ALLK,0.8263000249862671,0.8263000249862671,0.8263000249862671,0.8263000249862671,0.8263000249862671,5261.0
2024-07-03 11:56:00,ALLO,2.0799999237060547,2.0799999237060547,2.0859999656677246,2.0799999237060547,2.0801000595092773,7265.0
2024-07-03 11:56:00,ALLR,0.20250000059604645,0.20250000059604645,0.2070000022649765,0.20250000059604645,0.2069000005722046,13900.0
2024-07-03 11:56:00,ALT,6.675000190734863,6.675000190734863,6.675000190734863,6.670000076293945,6.675000190734863,2756.0
2024-07-03 11:56:00,ALVR,0.7329000234603882,0.7329000234603882,0.7329000234603882,0.7300999760627747,0.7304999828338623,5107.0
2024-07-03 11:56:00,ALXO,5.71999979019165,5.71999979019165,5.75,5.710000038146973,5.739999771118164,5960.0
2024-07-03 11:56:00,AMED,96.98999786376953,96.98999786376953,97.0,96.98999786376953,96.98999786376953,2715.0
2024-07-03 11:56:00,AMGN,307.1099853515625,307.1099853515625,307.1600036621094,307.1099853515625,307.1600036621094,719.0
2024-07-03 11:56:00,AMLX,1.7599999904632568,1.7599999904632568,1.7599999904632568,1.7599999904632568,1.7599999904632568,346.0
2024-07-03 11:56:00,AMRN,0.6929000020027161,0.6929000020027161,0.6929000020027161,0.6929000020027161,0.6929000020027161,500.0
2024-07-03 11:56:00,ANAB,24.979999542236328,24.979999542236328,24.979999542236328,24.979999542236328,24.979999542236328,152.0
2024-07-03 11:56:00,ANGO,5.639999866485596,5.639999866485596,5.639999866485596,5.630000114440918,5.630000114440918,1128.0
2024-07-03 11:56:00,ANNX,4.784999847412109,4.784999847412109,4.789999961853027,4.784999847412109,4.784999847412109,1200.0
2024-07-03 11:56:00,APDN,0.39100000262260437,0.39100000262260437,0.4000000059604645,0.39100000262260437,0.4000000059604645,1700.0
2024-07-03 11:56:00,APLS,35.34000015258789,35.34000015258789,35.369998931884766,35.34000015258789,35.369998931884766,509.0
2024-07-03 11:56:00,APLT,4.349999904632568,4.349999904632568,4.355000019073486,4.349999904632568,4.355000019073486,1053.0
2024-07-03 11:56:00,AQST,2.4100000858306885,2.4100000858306885,2.4100000858306885,2.4100000858306885,2.4100000858306885,625.0
2024-07-03 11:56:00,ARCT,21.510000228881836,21.510000228881836,21.510000228881836,21.510000228881836,21.510000228881836,121.0
2024-07-03 11:56:00,ARDX,5.244999885559082,5.244999885559082,5.25,5.230000019073486,5.230100154876709,34937.0
2024-07-03 11:56:00,ARQT,9.555000305175781,9.555000305175781,9.555000305175781,9.555000305175781,9.555000305175781,996.0
2024-07-03 11:56:00,ARVN,23.795000076293945,23.795000076293945,23.795000076293945,23.795000076293945,23.795000076293945,431.0
2024-07-03 11:56:00,ASND,133.625,133.625,133.6300048828125,133.52000427246094,133.52000427246094,2367.0
2024-07-03 11:56:00,ATAI,1.2949999570846558,1.2949999570846558,1.2949999570846558,1.2949999570846558,1.2949999570846558,557.0
2024-07-03 11:56:00,ATEC,9.954999923706055,9.954999923706055,9.954999923706055,9.954999923706055,9.954999923706055,375.0
2024-07-03 11:56:00,ATRC,22.290000915527344,22.290000915527344,22.290000915527344,22.290000915527344,22.290000915527344,206.0
2024-07-03 11:56:00,ATXS,8.979999542236328,8.979999542236328,8.979999542236328,8.979999542236328,8.979999542236328,254.0
2024-07-03 11:56:00,AUGX,1.0,1.0,1.0,1.0,1.0,854.0
2024-07-03 11:56:00,AUPH,5.454999923706055,5.454999923706055,5.460000038146973,5.454999923706055,5.454999923706055,1580.0
2024-07-03 11:56:00,AUTL,3.4700000286102295,3.4700000286102295,3.4700000286102295,3.4700000286102295,3.4700000286102295,2680.0
2024-07-03 11:56:00,AVDL,14.4350004196167,14.4350004196167,14.4350004196167,14.4350004196167,14.4350004196167,619.0
2024-07-03 11:56:00,AVIR,3.265000104904175,3.265000104904175,3.2699999809265137,3.259999990463257,3.260999917984009,8585.0
2024-07-03 11:56:00,AVTE,1.6349999904632568,1.6349999904632568,1.6349999904632568,1.6349999904632568,1.6349999904632568,280.0
2024-07-03 11:56:00,AVXL,4.130000114440918,4.130000114440918,4.139999866485596,4.130000114440918,4.139999866485596,1903.0
2024-07-03 11:56:00,AXGN,7.425000190734863,7.425000190734863,7.460000038146973,7.425000190734863,7.460000038146973,2761.0
2024-07-03 11:56:00,AZN,76.59660339355469,76.59660339355469,76.5999984741211,76.59500122070312,76.59500122070312,4749.0
2024-07-03 11:56:00,AZTA,52.59000015258789,52.59000015258789,52.63999938964844,52.59000015258789,52.630001068115234,3580.0
2024-07-03 11:56:00,BBIO,25.239999771118164,25.239999771118164,25.239999771118164,25.239999771118164,25.239999771118164,455.0
2024-07-03 11:56:00,BCAB,1.3799999952316284,1.3799999952316284,1.3799999952316284,1.375,1.375,1811.0
2024-07-03 11:56:00,BCRX,6.440000057220459,6.440000057220459,6.440000057220459,6.429999828338623,6.429999828338623,4000.0
2024-07-03 11:56:00,BDTX,4.355000019073486,4.355000019073486,4.355000019073486,4.355000019073486,4.355000019073486,320.0
2024-07-03 11:56:00,BEAM,23.59000015258789,23.59000015258789,23.59000015258789,23.59000015258789,23.59000015258789,377.0
2024-07-03 11:56:00,BEAT,2.7850000858306885,2.7850000858306885,2.7850000858306885,2.7850000858306885,2.7850000858306885,314.0
2024-07-03 11:56:00,BIIB,223.11500549316406,223.11500549316406,223.24000549316406,223.0850067138672,223.1699981689453,3408.0
2024-07-03 11:56:00,BIVI,0.41920000314712524,0.41920000314712524,0.41920000314712524,0.41920000314712524,0.41920000314712524,2611.0
2024-07-03 11:56:00,BJDX,0.6349999904632568,0.6349999904632568,0.6349999904632568,0.6349999904632568,0.6349999904632568,2713.0
2024-07-03 11:56:00,BLRX,0.5196999907493591,0.5196999907493591,0.5196999907493591,0.5181999802589417,0.5181999802589417,2761.0
2024-07-03 11:56:00,BLUE,0.9239000082015991,0.9239000082015991,0.9269999861717224,0.9239000082015991,0.9269999861717224,8855.0
2024-07-03 11:56:00,BMRN,80.82959747314453,80.82959747314453,80.82959747314453,80.80999755859375,80.80999755859375,881.0
2024-07-03 11:56:00,BNGO,0.5562000274658203,0.5562000274658203,0.5562000274658203,0.5561000108718872,0.5562000274658203,4312.0
2024-07-03 11:56:00,BPMC,110.6449966430664,110.6449966430664,110.6449966430664,110.56999969482422,110.56999969482422,1978.0
2024-07-03 11:56:00,BRKR,61.5,61.5,61.5,61.5,61.5,113.0
2024-07-03 11:56:00,BTAI,1.0800000429153442,1.0800000429153442,1.0800000429153442,1.0800000429153442,1.0800000429153442,345.0
2024-07-03 11:56:00,BTMD,7.400000095367432,7.400000095367432,7.400000095367432,7.400000095367432,7.400000095367432,402.0
2024-07-03 11:56:00,BVS,5.949999809265137,5.949999809265137,5.949999809265137,5.949999809265137,5.949999809265137,1626.0
2024-07-03 11:56:00,CADL,6.300000190734863,6.300000190734863,6.300000190734863,6.289999961853027,6.289999961853027,1803.0
2024-07-03 11:56:00,CCCC,4.525000095367432,4.525000095367432,4.539999961853027,4.525000095367432,4.539999961853027,4016.0
2024-07-03 11:56:00,CCRN,13.725000381469727,13.725000381469727,13.725000381469727,13.725000381469727,13.725000381469727,117.0
2024-07-03 11:56:00,CDMO,7.784999847412109,7.784999847412109,7.797399997711182,7.769999980926514,7.769999980926514,2488.0
2024-07-03 11:56:00,CDNA,15.130000114440918,15.130000114440918,15.130000114440918,15.130000114440918,15.130000114440918,997.0
2024-07-03 11:56:00,CDXC,2.505000114440918,2.505000114440918,2.505000114440918,2.505000114440918,2.505000114440918,200.0
2024-07-03 11:56:00,CDXS,2.875,2.875,2.880000114440918,2.869999885559082,2.869999885559082,670.0
2024-07-03 11:56:00,CERE,39.604000091552734,39.604000091552734,39.689998626708984,39.54999923706055,39.64500045776367,14612.0
2024-07-03 11:56:00,CERT,13.8100004196167,13.8100004196167,13.8100004196167,13.8100004196167,13.8100004196167,176.0
2024-07-03 11:56:00,CGC,6.529900074005127,6.529900074005127,6.550000190734863,6.5100998878479,6.5100998878479,25250.0
2024-07-03 11:56:00,CGEM,16.610000610351562,16.610000610351562,16.639999389648438,16.610000610351562,16.639999389648438,600.0
2024-07-03 11:56:00,CGEN,1.660099983215332,1.660099983215332,1.6699999570846558,1.660099983215332,1.6699999570846558,0.0
2024-07-03 11:56:00,CING,0.33399999141693115,0.33399999141693115,0.33399999141693115,0.33009999990463257,0.33009999990463257,3950.0
2024-07-03 11:56:00,CKPT,2.180000066757202,2.180000066757202,2.190000057220459,2.140000104904175,2.190000057220459,33468.0
2024-07-03 11:56:00,CLOV,1.2450000047683716,1.2450000047683716,1.2450000047683716,1.2450000047683716,1.2450000047683716,199.0
2024-07-03 11:56:00,CLPT,5.389999866485596,5.389999866485596,5.389999866485596,5.389999866485596,5.389999866485596,156.0
2024-07-03 11:56:00,CMAX,2.177000045776367,2.177000045776367,2.177000045776367,2.177000045776367,2.177000045776367,751.0
2024-07-03 11:56:00,CMPS,6.239999771118164,6.239999771118164,6.269999980926514,6.239999771118164,6.25,8843.0
2024-07-03 11:56:00,CMPX,0.8539999723434448,0.8539999723434448,0.8539999723434448,0.8539999723434448,0.8539999723434448,200.0
2024-07-03 11:56:00,CNSP,1.534000039100647,1.534000039100647,1.5499999523162842,1.5199999809265137,1.5299999713897705,28323.0
2024-07-03 11:56:00,COCP,2.309999942779541,2.309999942779541,2.4511001110076904,2.309999942779541,2.4511001110076904,268.0
2024-07-03 11:56:00,COGT,8.329999923706055,8.329999923706055,8.425000190734863,8.329999923706055,8.425000190734863,5300.0
2024-07-03 11:56:00,COLL,32.16999816894531,32.16999816894531,32.16999816894531,32.16999816894531,32.16999816894531,788.0
2024-07-03 11:56:00,CORT,30.34000015258789,30.34000015258789,30.34000015258789,30.239999771118164,30.239999771118164,5421.0
2024-07-03 11:56:00,COSM,0.9200000166893005,0.9200000166893005,0.9210000038146973,0.9200000166893005,0.9210000038146973,3229.0
2024-07-03 11:56:00,CPRX,15.430000305175781,15.430000305175781,15.430000305175781,15.430000305175781,15.430000305175781,1385.0
2024-07-03 11:56:00,CRBU,1.5750000476837158,1.5750000476837158,1.5800000429153442,1.5700000524520874,1.5700000524520874,1900.0
2024-07-03 11:56:00,CRDL,1.909999966621399,1.909999966621399,1.909999966621399,1.909999966621399,1.909999966621399,1022.0
2024-07-03 11:56:00,CRMD,4.125,4.125,4.125,4.125,4.125,302.0
2024-07-03 11:56:00,CRON,2.305000066757202,2.305000066757202,2.305000066757202,2.305000066757202,2.305000066757202,1026.0
2024-07-03 11:56:00,CRSP,53.86000061035156,53.86000061035156,53.86000061035156,53.79999923706055,53.79999923706055,1355.0
2024-07-03 11:56:00,CSTL,20.81999969482422,20.81999969482422,20.829999923706055,20.790000915527344,20.790000915527344,2383.0
2024-07-03 11:56:00,CTKB,5.605000019073486,5.605000019073486,5.605000019073486,5.605000019073486,5.605000019073486,200.0
2024-07-03 11:56:00,CTXR,0.5070000290870667,0.5070000290870667,0.5070000290870667,0.5070000290870667,0.5070000290870667,586.0
2024-07-03 11:56:00,CUTR,1.2994999885559082,1.2994999885559082,1.2994999885559082,1.2994999885559082,1.2994999885559082,141.0
2024-07-03 11:56:00,CVAC,3.3450000286102295,3.3450000286102295,3.3499999046325684,3.3299999237060547,3.3299999237060547,11327.0
2024-07-03 11:56:00,CYTK,54.66999816894531,54.66999816894531,54.66999816894531,54.66999816894531,54.66999816894531,157.0
2024-07-03 11:56:00,DAWN,13.289999961853027,13.289999961853027,13.289999961853027,13.289999961853027,13.289999961853027,510.0
2024-07-03 11:56:00,DH,5.376699924468994,5.376699924468994,5.376699924468994,5.376699924468994,5.376699924468994,112.0
2024-07-03 11:56:00,DVAX,11.039999961853027,11.039999961853027,11.039999961853027,11.03499984741211,11.039999961853027,2254.0
2024-07-03 11:56:00,DYN,34.095001220703125,34.095001220703125,34.095001220703125,34.095001220703125,34.095001220703125,169.0
2024-07-03 11:56:00,EDIT,4.625,4.625,4.630000114440918,4.625,4.630000114440918,4291.0
2024-07-03 11:56:00,EOLS,10.90999984741211,10.90999984741211,10.90999984741211,10.90999984741211,10.90999984741211,215.0
2024-07-03 11:56:00,ESPR,2.3399999141693115,2.3399999141693115,2.3399999141693115,2.3399999141693115,2.3399999141693115,2404.0
2024-07-03 11:56:00,ETNB,7.489999771118164,7.489999771118164,7.489999771118164,7.489999771118164,7.489999771118164,167.0
2024-07-03 11:56:00,EXAI,5.420000076293945,5.420000076293945,5.420000076293945,5.420000076293945,5.420000076293945,1110.0
2024-07-03 11:56:00,EXAS,43.13999938964844,43.13999938964844,43.13999938964844,43.13999938964844,43.13999938964844,888.0
2024-07-03 11:56:00,EXEL,21.92340087890625,21.92340087890625,21.924999237060547,21.92340087890625,21.924999237060547,1253.0
2024-07-03 11:56:00,EYEN,0.7886000275611877,0.7886000275611877,0.7886000275611877,0.7843000292778015,0.7843000292778015,301.0
2024-07-03 11:56:00,EYPT,8.319999694824219,8.319999694824219,8.319999694824219,8.305000305175781,8.3100004196167,2833.0
2024-07-03 11:56:00,FATE,3.1549999713897705,3.1549999713897705,3.1549999713897705,3.1500000953674316,3.1500000953674316,4813.0
2024-07-03 11:56:00,FBIO,1.7651000022888184,1.7651000022888184,1.7651000022888184,1.7549999952316284,1.7549999952316284,535.0
2024-07-03 11:56:00,FDMT,20.8799991607666,20.8799991607666,20.8799991607666,20.8799991607666,20.8799991607666,220.0
2024-07-03 11:56:00,FGEN,0.7107999920845032,0.7107999920845032,0.7110000252723694,0.7099999785423279,0.7099999785423279,9879.0
2024-07-03 11:56:00,FHTX,5.599999904632568,5.599999904632568,5.599999904632568,5.590000152587891,5.590000152587891,640.0
2024-07-03 11:56:00,FOLD,9.864999771118164,9.864999771118164,9.864999771118164,9.859999656677246,9.859999656677246,1149.0
2024-07-03 11:56:00,FULC,6.130000114440918,6.130000114440918,6.135000228881836,6.130000114440918,6.135000228881836,890.0
2024-07-03 11:56:00,GALT,2.1600000858306885,2.1600000858306885,2.1600000858306885,2.1600000858306885,2.1600000858306885,205.0
2024-07-03 11:56:00,GERN,4.324999809265137,4.324999809265137,4.324999809265137,4.320000171661377,4.320000171661377,14023.0
2024-07-03 11:56:00,GHSI,9.920000076293945,9.920000076293945,9.92020034790039,9.920000076293945,9.92020034790039,604.0
2024-07-03 11:56:00,GILD,66.94499969482422,66.94499969482422,66.95500183105469,66.94000244140625,66.94049835205078,7259.0
2024-07-03 11:56:00,GLYC,0.2745000123977661,0.2745000123977661,0.2745000123977661,0.2745000123977661,0.2745000123977661,0.0
2024-07-03 11:56:00,GMAB,25.170000076293945,25.170000076293945,25.170000076293945,25.170000076293945,25.170000076293945,840.0
2024-07-03 11:56:00,GOSS,0.9440000057220459,0.9440000057220459,0.9440000057220459,0.9440000057220459,0.9440000057220459,248.0
2024-07-03 11:56:00,GOVX,2.940000057220459,2.940000057220459,2.940000057220459,2.9200000762939453,2.9296000003814697,3053.0
2024-07-03 11:56:00,GRFS,6.664999961853027,6.664999961853027,6.670000076293945,6.659999847412109,6.664999961853027,1357.0
2024-07-03 11:56:00,GTHX,2.549999952316284,2.549999952316284,2.549999952316284,2.5450000762939453,2.5450000762939453,441.0
2024-07-03 11:56:00,HALO,52.20000076293945,52.20000076293945,52.20000076293945,52.150001525878906,52.15999984741211,4264.0
2024-07-03 11:56:00,HCAT,6.181300163269043,6.181300163269043,6.181300163269043,6.181300163269043,6.181300163269043,462.0
2024-07-03 11:56:00,HCM,17.44499969482422,17.44499969482422,17.44499969482422,17.44499969482422,17.44499969482422,200.0
2024-07-03 11:56:00,HCSG,10.614999771118164,10.614999771118164,10.614999771118164,10.604999542236328,10.609999656677246,2014.0
2024-07-03 11:56:00,HITI,2.1098999977111816,2.1098999977111816,2.109999895095825,2.1050000190734863,2.1050000190734863,5344.0
2024-07-03 11:56:00,HOLX,73.16999816894531,73.16999816894531,73.16999816894531,73.1449966430664,73.1449966430664,2397.0
2024-07-03 11:56:00,HOOK,0.5870000123977661,0.5870000123977661,0.5879999995231628,0.5860000252723694,0.5860000252723694,2700.0
2024-07-03 11:56:00,HQY,83.36000061035156,83.36000061035156,83.40499877929688,83.36000061035156,83.40499877929688,762.0
2024-07-03 11:56:00,HRMY,30.450000762939453,30.450000762939453,30.549999237060547,30.450000762939453,30.485000610351562,1588.0
2024-07-03 11:56:00,HROW,21.434999465942383,21.434999465942383,21.434999465942383,21.434999465942383,21.434999465942383,368.0
2024-07-03 11:56:00,HRTX,2.7049999237060547,2.7049999237060547,2.70989990234375,2.700000047683716,2.7049999237060547,16533.0
2024-07-03 11:56:00,HSIC,64.95500183105469,64.95500183105469,64.95500183105469,64.94000244140625,64.94000244140625,1130.0
2024-07-03 11:56:00,HUGE,0.1454000025987625,0.1454000025987625,0.1454000025987625,0.1454000025987625,0.1454000025987625,20000.0
2024-07-03 11:56:00,HUMA,5.684999942779541,5.684999942779541,5.684999942779541,5.670199871063232,5.675000190734863,3696.0
2024-07-03 11:56:00,HYPR,1.0049999952316284,1.0049999952316284,1.0049999952316284,1.0049999952316284,1.0049999952316284,2000.0
2024-07-03 11:56:00,IART,28.514999389648438,28.514999389648438,28.530000686645508,28.489999771118164,28.530000686645508,1999.0
2024-07-03 11:56:00,IBRX,6.264999866485596,6.264999866485596,6.264999866485596,6.264999866485596,6.264999866485596,1023.0
2024-07-03 11:56:00,ICCM,0.7272999882698059,0.7272999882698059,0.7272999882698059,0.7272999882698059,0.7272999882698059,156.0
2024-07-03 11:56:00,IDXX,476.4501037597656,476.4501037597656,476.4501037597656,476.4501037597656,476.4501037597656,216.0
2024-07-03 11:56:00,IDYA,33.314998626708984,33.314998626708984,33.314998626708984,33.314998626708984,33.314998626708984,183.0
2024-07-03 11:56:00,IINN,1.2799999713897705,1.2799999713897705,1.3600000143051147,1.2699999809265137,1.3600000143051147,54121.0
2024-07-03 11:56:00,IKNA,1.649999976158142,1.649999976158142,1.649999976158142,1.649999976158142,1.649999976158142,212.0
2024-07-03 11:56:00,ILMN,105.41999816894531,105.41999816894531,105.41999816894531,105.33999633789062,105.33999633789062,2055.0
2024-07-03 11:56:00,IMMP,1.9900000095367432,1.9900000095367432,1.9900000095367432,1.9800000190734863,1.9800000190734863,635.0
2024-07-03 11:56:00,IMMX,2.384999990463257,2.384999990463257,2.384999990463257,2.384999990463257,2.384999990463257,1417.0
2024-07-03 11:56:00,IMNM,11.989999771118164,11.989999771118164,12.005000114440918,11.989999771118164,12.005000114440918,339.0
2024-07-03 11:56:00,IMVT,26.040000915527344,26.040000915527344,26.049999237060547,26.040000915527344,26.045000076293945,949.0
2024-07-03 11:56:00,INBX,13.199999809265137,13.199999809265137,13.199999809265137,13.199999809265137,13.199999809265137,580.0
2024-07-03 11:56:00,INCY,57.89500045776367,57.89500045776367,57.9297981262207,57.89500045776367,57.91999816894531,5582.0
2024-07-03 11:56:00,INGN,8.015000343322754,8.015000343322754,8.015000343322754,8.015000343322754,8.015000343322754,204.0
2024-07-03 11:56:00,INMD,17.559999465942383,17.559999465942383,17.559999465942383,17.549999237060547,17.549999237060547,544.0
2024-07-03 11:56:00,INSM,61.970001220703125,61.970001220703125,61.97999954223633,61.959999084472656,61.959999084472656,3592.0
2024-07-03 11:56:00,IONS,44.79999923706055,44.79999923706055,44.79999923706055,44.79999923706055,44.79999923706055,979.0
2024-07-03 11:56:00,IOVA,7.510000228881836,7.510000228881836,7.510000228881836,7.5,7.505000114440918,30937.0
2024-07-03 11:56:00,IPA,1.0,1.0,1.0,1.0,1.0,4184.0
2024-07-03 11:56:00,IPSC,2.25,2.25,2.25,2.240000009536743,2.25,547.0
2024-07-03 11:56:00,IRWD,6.114999771118164,6.114999771118164,6.114999771118164,6.105000019073486,6.105000019073486,5178.0
2024-07-03 11:56:00,ISRG,433.2099914550781,433.2099914550781,433.2099914550781,433.2099914550781,433.2099914550781,424.0
2024-07-03 11:56:00,ITCI,68.30999755859375,68.30999755859375,68.31999969482422,68.30999755859375,68.31999969482422,1140.0
2024-07-03 11:56:00,ITOS,14.8149995803833,14.8149995803833,14.845000267028809,14.8149995803833,14.84000015258789,1835.0
2024-07-03 11:56:00,IVVD,1.1050000190734863,1.1050000190734863,1.1050000190734863,1.1050000190734863,1.1050000190734863,322.0
2024-07-03 11:56:00,JAGX,3.4600000381469727,3.4600000381469727,3.4800000190734863,3.4600000381469727,3.4800000190734863,3029.0
2024-07-03 11:56:00,KALV,11.630000114440918,11.630000114440918,11.630000114440918,11.630000114440918,11.630000114440918,405.0
2024-07-03 11:56:00,KNSA,18.905000686645508,18.905000686645508,18.915000915527344,18.899999618530273,18.899999618530273,1369.0
2024-07-03 11:56:00,KPRX,4.300000190734863,4.300000190734863,4.300000190734863,4.300000190734863,4.300000190734863,601.0
2024-07-03 11:56:00,KPTI,0.8240000009536743,0.8240000009536743,0.8309999704360962,0.8240000009536743,0.8240000009536743,356.0
2024-07-03 11:56:00,KTRA,0.28929999470710754,0.28929999470710754,0.289900004863739,0.28929999470710754,0.2897000014781952,20489.0
2024-07-03 11:56:00,LAB,1.8200000524520874,1.8200000524520874,1.8200000524520874,1.8200000524520874,1.8200000524520874,3190.0
2024-07-03 11:56:00,LBPH,32.09000015258789,32.09000015258789,32.16999816894531,31.989999771118164,31.989999771118164,9135.0
2024-07-03 11:56:00,LEGN,46.16999816894531,46.16999816894531,46.16999816894531,46.09000015258789,46.09000015258789,365.0
2024-07-03 11:56:00,LFLY,2.069999933242798,2.069999933242798,2.069999933242798,2.069999933242798,2.069999933242798,800.0
2024-07-03 11:56:00,LFMD,6.710000038146973,6.710000038146973,6.710000038146973,6.704999923706055,6.704999923706055,3401.0
2024-07-03 11:56:00,LGVN,1.6198999881744385,1.6198999881744385,1.6198999881744385,1.6194000244140625,1.6194000244140625,379.0
2024-07-03 11:56:00,LNTH,79.2750015258789,79.2750015258789,79.2750015258789,79.2750015258789,79.2750015258789,276.0
2024-07-03 11:56:00,LQDA,11.960000038146973,11.960000038146973,11.960000038146973,11.949999809265137,11.949999809265137,1445.0
2024-07-03 11:56:00,LUCY,0.4684999883174896,0.4684999883174896,0.4684999883174896,0.4684999883174896,0.4684999883174896,1741.0
2024-07-03 11:56:00,MASI,114.61499786376953,114.61499786376953,114.69999694824219,114.61499786376953,114.62000274658203,1912.0
2024-07-03 11:56:00,MBIO,0.49799999594688416,0.49799999594688416,0.5009999871253967,0.4952999949455261,0.49880000948905945,5908.0
2024-07-03 11:56:00,MCRB,0.7120000123977661,0.7120000123977661,0.7120000123977661,0.7120000123977661,0.7120000123977661,1313.0
2024-07-03 11:56:00,ME,0.41040000319480896,0.41040000319480896,0.41040000319480896,0.41040000319480896,0.41040000319480896,124.0
2024-07-03 11:56:00,MEDS,18.229999542236328,18.229999542236328,18.229999542236328,18.229999542236328,18.229999542236328,959.0
2024-07-03 11:56:00,MESO,6.75,6.75,6.75,6.75,6.75,222.0
2024-07-03 11:56:00,MGNX,4.204999923706055,4.204999923706055,4.204999923706055,4.204999923706055,4.204999923706055,883.0
2024-07-03 11:56:00,MGTX,3.9749999046325684,3.9749999046325684,3.9749999046325684,3.9749999046325684,3.9749999046325684,0.0
2024-07-03 11:56:00,MIRM,33.90999984741211,33.90999984741211,33.90999984741211,33.84000015258789,33.84000015258789,1089.0
2024-07-03 11:56:00,MODD,1.4199999570846558,1.4199999570846558,1.4700000286102295,1.399999976158142,1.4700000286102295,18822.0
2024-07-03 11:56:00,MORF,31.89900016784668,31.89900016784668,31.899999618530273,31.829999923706055,31.829999923706055,616.0
2024-07-03 11:56:00,MOVE,0.3149999976158142,0.3149999976158142,0.3149999976158142,0.3149999976158142,0.3149999976158142,330.0
2024-07-03 11:56:00,MRNA,115.7249984741211,115.7249984741211,115.7249984741211,115.68000030517578,115.68000030517578,1181.0
2024-07-03 11:56:00,MRSN,1.850000023841858,1.850000023841858,1.850000023841858,1.840000033378601,1.840000033378601,244.0
2024-07-03 11:56:00,MRUS,52.20000076293945,52.20000076293945,52.20000076293945,52.20000076293945,52.20000076293945,920.0
2024-07-03 11:56:00,MRVI,6.980000019073486,6.980000019073486,6.980000019073486,6.980000019073486,6.980000019073486,615.0
2024-07-03 11:56:00,MXCT,3.700000047683716,3.700000047683716,3.700000047683716,3.694999933242798,3.694999933242798,201.0
2024-07-03 11:56:00,MYGN,25.100000381469727,25.100000381469727,25.100000381469727,25.079999923706055,25.079999923706055,6550.0
2024-07-03 11:56:00,NARI,49.4900016784668,49.4900016784668,49.4900016784668,49.4900016784668,49.4900016784668,205.0
2024-07-03 11:56:00,NBIX,138.17999267578125,138.17999267578125,138.17999267578125,138.17999267578125,138.17999267578125,147.0
2024-07-03 11:56:00,NDRA,0.09790000319480896,0.09790000319480896,0.09799999743700027,0.09629999846220016,0.09799999743700027,73082.0
2024-07-03 11:56:00,NEO,13.720000267028809,13.720000267028809,13.720000267028809,13.710000038146973,13.710000038146973,1888.0
2024-07-03 11:56:00,NEOG,15.1899995803833,15.1899995803833,15.194999694824219,15.180000305175781,15.194999694824219,6913.0
2024-07-03 11:56:00,NKTR,1.25,1.25,1.25,1.2450000047683716,1.2450000047683716,1042.0
2024-07-03 11:56:00,NRIX,19.55500030517578,19.55500030517578,19.55500030517578,19.55500030517578,19.55500030517578,306.0
2024-07-03 11:56:00,NTRA,111.51000213623047,111.51000213623047,111.51000213623047,111.51000213623047,111.51000213623047,503.0
2024-07-03 11:56:00,NVAX,12.649900436401367,12.649900436401367,12.649999618530273,12.640000343322754,12.649999618530273,8844.0
2024-07-03 11:56:00,NVCR,16.679000854492188,16.679000854492188,16.679000854492188,16.679000854492188,16.679000854492188,1183.0
2024-07-03 11:56:00,NVCT,6.210000038146973,6.210000038146973,6.210000038146973,6.210000038146973,6.210000038146973,136.0
2024-07-03 11:56:00,OCGN,1.6050000190734863,1.6050000190734863,1.6050000190734863,1.5950000286102295,1.5950000286102295,51255.0
2024-07-03 11:56:00,OCUL,6.631999969482422,6.631999969482422,6.631999969482422,6.631999969482422,6.631999969482422,723.0
2024-07-03 11:56:00,OLK,25.7549991607666,25.7549991607666,25.7549991607666,25.7549991607666,25.7549991607666,4311.0
2024-07-03 11:56:00,OLMA,10.520000457763672,10.520000457763672,10.550000190734863,10.5,10.550000190734863,3038.0
2024-07-03 11:56:00,OM,3.869999885559082,3.869999885559082,3.869999885559082,3.869999885559082,3.869999885559082,402.0
2024-07-03 11:56:00,OMCL,26.579999923706055,26.579999923706055,26.579999923706055,26.579999923706055,26.579999923706055,392.0
2024-07-03 11:56:00,OMGA,1.9572999477386475,1.9572999477386475,1.9572999477386475,1.9572999477386475,1.9572999477386475,0.0
2024-07-03 11:57:00,AADI,1.3899999856948853,1.3899999856948853,1.3899999856948853,1.3799999952316284,1.3849999904632568,2782.0
2024-07-03 11:57:00,ABEO,4.260000228881836,4.260000228881836,4.260000228881836,4.260000228881836,4.260000228881836,169.0
2024-07-03 11:57:00,ABOS,2.2799999713897705,2.2799999713897705,2.2799999713897705,2.2799999713897705,2.2799999713897705,208.0
2024-07-03 11:57:00,ABSI,3.190000057220459,3.190000057220459,3.190000057220459,3.184999942779541,3.184999942779541,835.0
2024-07-03 11:57:00,ABUS,3.134999990463257,3.134999990463257,3.140000104904175,3.134999990463257,3.140000104904175,1249.0
2024-07-03 11:57:00,ACCD,3.555000066757202,3.555000066757202,3.559999942779541,3.5299999713897705,3.5299999713897705,33314.0
2024-07-03 11:57:00,ACET,1.0700000524520874,1.0700000524520874,1.0700000524520874,1.059999942779541,1.065000057220459,18658.0
2024-07-03 11:57:00,ACHC,66.27999877929688,66.27999877929688,66.38999938964844,66.27999877929688,66.3550033569336,7989.0
2024-07-03 11:57:00,ACIU,3.799999952316284,3.799999952316284,3.799999952316284,3.799999952316284,3.799999952316284,183.0
2024-07-03 11:57:00,ACLX,53.939998626708984,53.939998626708984,53.939998626708984,53.939998626708984,53.939998626708984,1401.0
2024-07-03 11:57:00,ACRS,1.159999966621399,1.159999966621399,1.159999966621399,1.159999966621399,1.159999966621399,1311.0
2024-07-03 11:57:00,ADAP,1.0199999809265137,1.0199999809265137,1.0199999809265137,1.0199999809265137,1.0199999809265137,200.0
2024-07-03 11:57:00,ADMA,11.220000267028809,11.220000267028809,11.234999656677246,11.220000267028809,11.234999656677246,3069.0
2024-07-03 11:57:00,ADPT,3.375,3.375,3.375,3.375,3.375,373.0
2024-07-03 11:57:00,AFMD,5.070000171661377,5.070000171661377,5.070000171661377,5.070000171661377,5.070000171661377,190.0
2024-07-03 11:57:00,AGIO,41.90999984741211,41.90999984741211,41.90999984741211,41.779998779296875,41.779998779296875,2544.0
2024-07-03 11:57:00,AKBA,0.9473000168800354,0.9473000168800354,0.9473000168800354,0.9473000168800354,0.9473000168800354,500.0
2024-07-03 11:57:00,AKRO,21.875,21.875,21.875,21.875,21.875,668.0
2024-07-03 11:57:00,ALEC,4.420000076293945,4.420000076293945,4.420000076293945,4.409999847412109,4.409999847412109,173.0
2024-07-03 11:57:00,ALGN,241.97000122070312,241.97000122070312,242.07000732421875,241.7899932861328,241.7899932861328,2857.0
2024-07-03 11:57:00,ALHC,7.949999809265137,7.949999809265137,7.96999979019165,7.949999809265137,7.96999979019165,2108.0
2024-07-03 11:57:00,ALKS,24.219999313354492,24.219999313354492,24.239999771118164,24.219999313354492,24.239999771118164,1762.0
2024-07-03 11:57:00,ALLK,0.8263000249862671,0.8263000249862671,0.8263000249862671,0.8259999752044678,0.8259999752044678,0.0
2024-07-03 11:57:00,ALLO,2.0859999656677246,2.0859999656677246,2.0859999656677246,2.0850000381469727,2.0850000381469727,2332.0
2024-07-03 11:57:00,ALLR,0.20250000059604645,0.20250000059604645,0.20250000059604645,0.20250000059604645,0.20250000059604645,11021.0
2024-07-03 11:57:00,ALNY,246.55999755859375,246.55999755859375,246.55999755859375,246.4149932861328,246.4149932861328,729.0
2024-07-03 11:57:00,ALT,6.675000190734863,6.675000190734863,6.675000190734863,6.670000076293945,6.670000076293945,3620.0
2024-07-03 11:57:00,AMED,97.0,97.0,97.0,96.98500061035156,96.98500061035156,2870.0
2024-07-03 11:57:00,AMGN,307.19000244140625,307.19000244140625,307.19000244140625,307.0404968261719,307.0404968261719,1436.0
2024-07-03 11:57:00,AMLX,1.7549999952316284,1.7549999952316284,1.7599999904632568,1.7549999952316284,1.7599999904632568,1245.0
2024-07-03 11:57:00,AMPH,38.31999969482422,38.31999969482422,38.31999969482422,38.31999969482422,38.31999969482422,864.0
2024-07-03 11:57:00,AMRN,0.6929000020027161,0.6929000020027161,0.6930000185966492,0.6929000020027161,0.6930000185966492,10400.0
2024-07-03 11:57:00,ANAB,24.989999771118164,24.989999771118164,24.989999771118164,24.989999771118164,24.989999771118164,227.0
2024-07-03 11:57:00,ANGO,5.650000095367432,5.650000095367432,5.650000095367432,5.644999980926514,5.644999980926514,961.0
2024-07-03 11:57:00,ANNX,4.784999847412109,4.784999847412109,4.789999961853027,4.78000020980835,4.784999847412109,3986.0
2024-07-03 11:57:00,ANTX,2.5390000343322754,2.5390000343322754,2.5399999618530273,2.5390000343322754,2.5399999618530273,1471.0
2024-07-03 11:57:00,APDN,0.4000000059604645,0.4000000059604645,0.4000000059604645,0.4000000059604645,0.4000000059604645,75.0
2024-07-03 11:57:00,APLS,35.33000183105469,35.33000183105469,35.380001068115234,35.33000183105469,35.380001068115234,2174.0
2024-07-03 11:57:00,APLT,4.349999904632568,4.349999904632568,4.355000019073486,4.349999904632568,4.349999904632568,854.0
2024-07-03 11:57:00,AQST,2.4003000259399414,2.4003000259399414,2.4100000858306885,2.4000000953674316,2.4000000953674316,23914.0
2024-07-03 11:57:00,ARDX,5.244999885559082,5.244999885559082,5.25,5.244999885559082,5.244999885559082,10307.0
2024-07-03 11:57:00,ARQT,9.545000076293945,9.545000076293945,9.550000190734863,9.515000343322754,9.550000190734863,12300.0
2024-07-03 11:57:00,ARVN,23.780099868774414,23.780099868774414,23.80500030517578,23.780000686645508,23.780000686645508,2017.0
2024-07-03 11:57:00,ASRT,1.3300000429153442,1.3300000429153442,1.3300000429153442,1.3250000476837158,1.3250000476837158,3685.0
2024-07-03 11:57:00,ATEC,9.954999923706055,9.954999923706055,9.954999923706055,9.954999923706055,9.954999923706055,674.0
2024-07-03 11:57:00,ATRC,22.280000686645508,22.280000686645508,22.31999969482422,22.270000457763672,22.309999465942383,2174.0
2024-07-03 11:57:00,ATXS,8.970000267028809,8.970000267028809,8.970000267028809,8.970000267028809,8.970000267028809,378.0
2024-07-03 11:57:00,AUGX,1.0049999952316284,1.0049999952316284,1.0049999952316284,1.0,1.0049999952316284,6927.0
2024-07-03 11:57:00,AUPH,5.454999923706055,5.454999923706055,5.454999923706055,5.454999923706055,5.454999923706055,160.0
2024-07-03 11:57:00,AUTL,3.4700000286102295,3.4700000286102295,3.4700000286102295,3.4700000286102295,3.4700000286102295,251.0
2024-07-03 11:57:00,AVDL,14.40999984741211,14.40999984741211,14.420000076293945,14.40999984741211,14.420000076293945,1919.0
2024-07-03 11:57:00,AVIR,3.265000104904175,3.265000104904175,3.265000104904175,3.265000104904175,3.265000104904175,572.0
2024-07-03 11:57:00,AVTE,1.6349999904632568,1.6349999904632568,1.6399999856948853,1.6349999904632568,1.6349999904632568,501.0
2024-07-03 11:57:00,AVXL,4.139999866485596,4.139999866485596,4.139999866485596,4.139999866485596,4.139999866485596,200.0
2024-07-03 11:57:00,AXGN,7.425000190734863,7.425000190734863,7.425000190734863,7.409999847412109,7.425000190734863,829.0
2024-07-03 11:57:00,AXSM,79.58999633789062,79.58999633789062,79.58999633789062,79.58999633789062,79.58999633789062,1232.0
2024-07-03 11:57:00,AZN,76.61000061035156,76.61000061035156,76.61000061035156,76.59500122070312,76.5999984741211,9069.0
2024-07-03 11:57:00,BBIO,25.229999542236328,25.229999542236328,25.260000228881836,25.229999542236328,25.25,805.0
2024-07-03 11:57:00,BCAB,1.3799999952316284,1.3799999952316284,1.3799999952316284,1.3799999952316284,1.3799999952316284,300.0
2024-07-03 11:57:00,BCRX,6.440000057220459,6.440000057220459,6.440100193023682,6.440000057220459,6.440100193023682,3203.0
2024-07-03 11:57:00,BEAM,23.594999313354492,23.594999313354492,23.610000610351562,23.56999969482422,23.600000381469727,3714.0
2024-07-03 11:57:00,BGXX,0.26339998841285706,0.26339998841285706,0.26339998841285706,0.26339998841285706,0.26339998841285706,320.0
2024-07-03 11:57:00,BIIB,223.22000122070312,223.22000122070312,223.22000122070312,223.08999633789062,223.11000061035156,2750.0
2024-07-03 11:57:00,BLFS,19.709999084472656,19.709999084472656,19.709999084472656,19.709999084472656,19.709999084472656,565.0
2024-07-03 11:57:00,BLUE,0.9271000027656555,0.9271000027656555,0.9271000027656555,0.923799991607666,0.9269999861717224,17120.0
2024-07-03 11:57:00,BMEA,4.340000152587891,4.340000152587891,4.340000152587891,4.340000152587891,4.340000152587891,200.0
2024-07-03 11:57:00,BMRN,80.91000366210938,80.91000366210938,80.91000366210938,80.8499984741211,80.8499984741211,2077.0
2024-07-03 11:57:00,BNGO,0.5562000274658203,0.5562000274658203,0.5562000274658203,0.5562000274658203,0.5562000274658203,0.0
2024-07-03 11:57:00,BNTX,79.8550033569336,79.8550033569336,79.9000015258789,79.8550033569336,79.88500213623047,1458.0
2024-07-03 11:57:00,BPTH,1.7898999452590942,1.7898999452590942,1.7898999452590942,1.7898999452590942,1.7898999452590942,1839.0
2024-07-03 11:57:00,BRKR,61.439998626708984,61.439998626708984,61.470001220703125,61.439998626708984,61.470001220703125,2941.0
2024-07-03 11:57:00,BRTX,1.9002000093460083,1.9002000093460083,1.9002000093460083,1.9002000093460083,1.9002000093460083,243.0
2024-07-03 11:57:00,BTAI,1.0800000429153442,1.0800000429153442,1.0850000381469727,1.0800000429153442,1.0850000381469727,628.0
2024-07-03 11:57:00,BVS,5.945000171661377,5.945000171661377,5.945000171661377,5.945000171661377,5.945000171661377,302.0
2024-07-03 11:57:00,CABA,7.489999771118164,7.489999771118164,7.5,7.489999771118164,7.5,1433.0
2024-07-03 11:57:00,CCCC,4.519999980926514,4.519999980926514,4.525000095367432,4.519999980926514,4.525000095367432,2746.0
2024-07-03 11:57:00,CCEL,6.829999923706055,6.829999923706055,6.829999923706055,6.829999923706055,6.829999923706055,602.0
2024-07-03 11:57:00,CCRN,13.75,13.75,13.75,13.75,13.75,1198.0
2024-07-03 11:57:00,CDMO,7.784999847412109,7.784999847412109,7.800000190734863,7.769999980926514,7.784999847412109,1056.0
2024-07-03 11:57:00,CDXC,2.505000114440918,2.505000114440918,2.505000114440918,2.505000114440918,2.505000114440918,795.0
2024-07-03 11:57:00,CERE,39.68000030517578,39.68000030517578,39.68000030517578,39.59000015258789,39.61000061035156,24709.0
2024-07-03 11:57:00,CERS,1.7100000381469727,1.7100000381469727,1.7100000381469727,1.7100000381469727,1.7100000381469727,600.0
2024-07-03 11:57:00,CERT,13.8100004196167,13.8100004196167,13.8100004196167,13.8100004196167,13.8100004196167,345.0
2024-07-03 11:57:00,CGEM,16.639999389648438,16.639999389648438,16.639999389648438,16.639999389648438,16.639999389648438,516.0
2024-07-03 11:57:00,CGEN,1.6699999570846558,1.6699999570846558,1.6699999570846558,1.669800043106079,1.669800043106079,4182.0
2024-07-03 11:57:00,CHRS,1.3949999809265137,1.3949999809265137,1.3949999809265137,1.3949999809265137,1.3949999809265137,1013.0
2024-07-03 11:57:00,CING,0.33009999990463257,0.33009999990463257,0.33009999990463257,0.33009999990463257,0.33009999990463257,0.0
2024-07-03 11:57:00,CLDX,36.0099983215332,36.0099983215332,36.0099983215332,36.0099983215332,36.0099983215332,653.0
2024-07-03 11:57:00,CLOV,1.2400000095367432,1.2400000095367432,1.2400000095367432,1.2400000095367432,1.2400000095367432,987.0
2024-07-03 11:57:00,CLPT,5.409999847412109,5.409999847412109,5.409999847412109,5.409999847412109,5.409999847412109,1398.0
2024-07-03 11:57:00,CLRB,2.440000057220459,2.440000057220459,2.440000057220459,2.440000057220459,2.440000057220459,1080.0
2024-07-03 11:57:00,CMAX,2.180000066757202,2.180000066757202,2.180000066757202,2.174999952316284,2.174999952316284,1271.0
2024-07-03 11:57:00,CMPS,6.215000152587891,6.215000152587891,6.230000019073486,6.215000152587891,6.230000019073486,3347.0
2024-07-03 11:57:00,CMPX,0.8529999852180481,0.8529999852180481,0.8529999852180481,0.8392000198364258,0.8392000198364258,222.0
2024-07-03 11:57:00,CMRX,0.8629999756813049,0.8629999756813049,0.8629999756813049,0.8629999756813049,0.8629999756813049,107.0
2024-07-03 11:57:00,CNSP,1.5399999618530273,1.5399999618530273,1.5399999618530273,1.5199999809265137,1.5299999713897705,42567.0
2024-07-03 11:57:00,CNTA,8.670000076293945,8.670000076293945,8.670000076293945,8.670000076293945,8.670000076293945,1350.0
2024-07-03 11:57:00,COGT,8.319999694824219,8.319999694824219,8.319999694824219,8.319999694824219,8.319999694824219,524.0
2024-07-03 11:57:00,CORT,30.329999923706055,30.329999923706055,30.329999923706055,30.329999923706055,30.329999923706055,335.0
2024-07-03 11:57:00,COSM,0.9211000204086304,0.9211000204086304,0.9211000204086304,0.9211000204086304,0.9211000204086304,311.0
2024-07-03 11:57:00,CPRX,15.4399995803833,15.4399995803833,15.4399995803833,15.4399995803833,15.4399995803833,841.0
2024-07-03 11:57:00,CRBU,1.5700000524520874,1.5700000524520874,1.5750000476837158,1.5700000524520874,1.5700000524520874,762.0
2024-07-03 11:57:00,CRMD,4.125,4.125,4.125,4.125,4.125,2596.0
2024-07-03 11:57:00,CRSP,53.810001373291016,53.810001373291016,53.900001525878906,53.810001373291016,53.86000061035156,1625.0
2024-07-03 11:57:00,CTKB,5.605000019073486,5.605000019073486,5.610000133514404,5.599999904632568,5.605000019073486,12823.0
2024-07-03 11:57:00,CTMX,1.309999942779541,1.309999942779541,1.315000057220459,1.309999942779541,1.309999942779541,5872.0
2024-07-03 11:57:00,CTSO,0.8162000179290771,0.8162000179290771,0.8162000179290771,0.8162000179290771,0.8162000179290771,211.0
2024-07-03 11:57:00,CUE,0.9973000288009644,0.9973000288009644,0.9973000288009644,0.9973000288009644,0.9973000288009644,1400.0
2024-07-03 11:57:00,CVAC,3.3499999046325684,3.3499999046325684,3.3499999046325684,3.3450000286102295,3.3450000286102295,6125.0
2024-07-03 11:57:00,CYTK,54.62110137939453,54.62110137939453,54.66999816894531,54.62110137939453,54.66999816894531,1009.0
2024-07-03 11:57:00,DAWN,13.329999923706055,13.329999923706055,13.329999923706055,13.300000190734863,13.300000190734863,1239.0
2024-07-03 11:57:00,DH,5.375,5.375,5.375,5.375,5.375,254.0
2024-07-03 11:57:00,DSGN,3.259999990463257,3.259999990463257,3.259999990463257,3.259999990463257,3.259999990463257,389.0
2024-07-03 11:57:00,DVAX,11.045000076293945,11.045000076293945,11.045000076293945,11.045000076293945,11.045000076293945,692.0
2024-07-03 11:57:00,DXCM,110.66000366210938,110.66000366210938,110.70999908447266,110.66000366210938,110.66000366210938,3217.0
2024-07-03 11:57:00,DYN,34.095001220703125,34.095001220703125,34.095001220703125,34.095001220703125,34.095001220703125,205.0
2024-07-03 11:57:00,EDAP,5.17549991607666,5.17549991607666,5.17549991607666,5.17549991607666,5.17549991607666,220.0
2024-07-03 11:57:00,ELYM,6.789999961853027,6.789999961853027,6.789999961853027,6.789999961853027,6.789999961853027,231.0
2024-07-03 11:57:00,ENSG,126.63999938964844,126.63999938964844,126.63999938964844,126.63999938964844,126.63999938964844,1361.0
2024-07-03 11:57:00,ENTA,13.10099983215332,13.10099983215332,13.10099983215332,13.10099983215332,13.10099983215332,1166.0
2024-07-03 11:57:00,EOLS,10.90999984741211,10.90999984741211,10.90999984741211,10.90999984741211,10.90999984741211,284.0
2024-07-03 11:57:00,ESPR,2.3399999141693115,2.3399999141693115,2.3399999141693115,2.3301000595092773,2.3301000595092773,2269.0
2024-07-03 11:57:00,ETNB,7.489999771118164,7.489999771118164,7.489999771118164,7.489999771118164,7.489999771118164,363.0
2024-07-03 11:57:00,EXAS,43.154998779296875,43.154998779296875,43.16999816894531,43.13999938964844,43.150001525878906,6156.0
2024-07-03 11:57:00,EXEL,21.905000686645508,21.905000686645508,21.923500061035156,21.905000686645508,21.923500061035156,2282.0
2024-07-03 11:57:00,EYEN,0.7843000292778015,0.7843000292778015,0.7843000292778015,0.7843000292778015,0.7843000292778015,735.0
2024-07-03 11:57:00,FATE,3.1500000953674316,3.1500000953674316,3.1549999713897705,3.1500000953674316,3.1500000953674316,3278.0
2024-07-03 11:57:00,FBIO,1.7675000429153442,1.7675000429153442,1.7675000429153442,1.7675000429153442,1.7675000429153442,742.0
2024-07-03 11:57:00,FDMT,20.829999923706055,20.829999923706055,20.860000610351562,20.829999923706055,20.860000610351562,2711.0
2024-07-03 11:57:00,FGEN,0.7107999920845032,0.7107999920845032,0.7107999920845032,0.7099999785423279,0.7099999785423279,9929.0
2024-07-03 11:57:00,FHTX,5.659999847412109,5.659999847412109,5.659999847412109,5.599999904632568,5.599999904632568,685.0
2024-07-03 11:57:00,FOLD,9.864999771118164,9.864999771118164,9.864999771118164,9.864999771118164,9.864999771118164,2501.0
2024-07-03 11:57:00,FULC,6.135000228881836,6.135000228881836,6.135000228881836,6.135000228881836,6.135000228881836,133.0
2024-07-03 11:57:00,GALT,2.1600000858306885,2.1600000858306885,2.1600000858306885,2.1600000858306885,2.1600000858306885,7.0
2024-07-03 11:57:00,GANX,1.1299999952316284,1.1299999952316284,1.1299999952316284,1.1299999952316284,1.1299999952316284,0.0
2024-07-03 11:57:00,GCTK,1.725000023841858,1.725000023841858,1.725000023841858,1.725000023841858,1.725000023841858,183.0
2024-07-03 11:57:00,GDRX,7.715000152587891,7.715000152587891,7.71999979019165,7.715000152587891,7.715000152587891,4805.0
2024-07-03 11:57:00,GERN,4.324999809265137,4.324999809265137,4.324999809265137,4.324999809265137,4.324999809265137,1638.0
2024-07-03 11:57:00,GILD,66.94499969482422,66.94499969482422,66.94999694824219,66.92050170898438,66.94499969482422,6440.0
2024-07-03 11:57:00,GLTO,0.5134999752044678,0.5134999752044678,0.5199999809265137,0.5134999752044678,0.5199999809265137,700.0
2024-07-03 11:57:00,GLUE,3.75,3.75,3.75,3.75,3.75,213.0
2024-07-03 11:57:00,GOSS,0.949999988079071,0.949999988079071,0.949999988079071,0.949999988079071,0.949999988079071,4801.0
2024-07-03 11:57:00,GRFS,6.659999847412109,6.659999847412109,6.659999847412109,6.659999847412109,6.659999847412109,266.0
2024-07-03 11:57:00,GRTS,0.5774000287055969,0.5774000287055969,0.5774000287055969,0.5774000287055969,0.5774000287055969,1716.0
2024-07-03 11:57:00,GTHX,2.5299999713897705,2.5299999713897705,2.5450000762939453,2.5299999713897705,2.5399999618530273,6339.0
2024-07-03 11:57:00,HALO,52.22200012207031,52.22200012207031,52.239898681640625,52.22200012207031,52.22999954223633,2110.0
2024-07-03 11:57:00,HCM,17.430099487304688,17.430099487304688,17.449899673461914,17.430099487304688,17.449899673461914,644.0
2024-07-03 11:57:00,HOLX,73.15499877929688,73.15499877929688,73.15499877929688,73.15499877929688,73.15499877929688,2684.0
2024-07-03 11:57:00,HOOK,0.5878999829292297,0.5878999829292297,0.5878999829292297,0.5878999829292297,0.5878999829292297,4152.0
2024-07-03 11:57:00,HQY,83.36000061035156,83.36000061035156,83.4000015258789,83.36000061035156,83.4000015258789,566.0
2024-07-03 11:57:00,HRMY,30.479999542236328,30.479999542236328,30.549999237060547,30.479999542236328,30.549999237060547,598.0
2024-07-03 11:57:00,HROW,21.450000762939453,21.450000762939453,21.450000762939453,21.420000076293945,21.420000076293945,2247.0
2024-07-03 11:57:00,HRTX,2.7074999809265137,2.7074999809265137,2.7074999809265137,2.7074999809265137,2.7074999809265137,1676.0
2024-07-03 11:57:00,HSIC,64.95500183105469,64.95500183105469,64.95500183105469,64.94000244140625,64.94000244140625,1572.0
2024-07-03 11:57:00,HUGE,0.14399999380111694,0.14399999380111694,0.1446000039577484,0.14380000531673431,0.1446000039577484,0.0
2024-07-03 11:57:00,HUMA,5.690000057220459,5.690000057220459,5.690000057220459,5.679999828338623,5.690000057220459,903.0
2024-07-03 11:57:00,IBRX,6.263199806213379,6.263199806213379,6.263199806213379,6.263199806213379,6.263199806213379,142.0
2024-07-03 11:57:00,ICLR,318.0199890136719,318.0199890136719,318.0350036621094,318.0,318.0,1912.0
2024-07-03 11:57:00,IDXX,476.7650146484375,476.7650146484375,476.7650146484375,476.7650146484375,476.7650146484375,377.0
2024-07-03 11:57:00,IDYA,33.32500076293945,33.32500076293945,33.32500076293945,33.32500076293945,33.32500076293945,686.0
2024-07-03 11:57:00,IGMS,6.489999771118164,6.489999771118164,6.489999771118164,6.489999771118164,6.489999771118164,376.0
2024-07-03 11:57:00,IINN,1.3300000429153442,1.3300000429153442,1.3300000429153442,1.3300000429153442,1.3300000429153442,0.0
2024-07-03 11:57:00,ILMN,105.5999984741211,105.5999984741211,105.5999984741211,105.44000244140625,105.44000244140625,3857.0
2024-07-03 11:57:00,IMCR,35.9900016784668,35.9900016784668,36.06999969482422,35.9900016784668,36.02000045776367,1899.0
2024-07-03 11:57:00,IMMX,2.384999990463257,2.384999990463257,2.384999990463257,2.384999990463257,2.384999990463257,565.0
2024-07-03 11:57:00,IMNM,11.989999771118164,11.989999771118164,12.0,11.989999771118164,12.0,666.0
2024-07-03 11:57:00,IMRX,1.1299999952316284,1.1299999952316284,1.1299999952316284,1.1200000047683716,1.1298999786376953,11239.0
2024-07-03 11:57:00,IMTX,11.770000457763672,11.770000457763672,11.770000457763672,11.770000457763672,11.770000457763672,120.0
2024-07-03 11:57:00,IMVT,26.06999969482422,26.06999969482422,26.09000015258789,26.049999237060547,26.065000534057617,8059.0
2024-07-03 11:57:00,INCY,57.88999938964844,57.88999938964844,57.88999938964844,57.869998931884766,57.869998931884766,1522.0
2024-07-03 11:57:00,INGN,8.018600463867188,8.018600463867188,8.018600463867188,8.018600463867188,8.018600463867188,754.0
2024-07-03 11:57:00,INMB,7.915999889373779,7.915999889373779,7.915999889373779,7.915999889373779,7.915999889373779,288.0
2024-07-03 11:57:00,INSM,62.0099983215332,62.0099983215332,62.0099983215332,61.939998626708984,61.970001220703125,3411.0
2024-07-03 11:57:00,INVA,16.27989959716797,16.27989959716797,16.27989959716797,16.27989959716797,16.27989959716797,577.0
2024-07-03 11:57:00,IONS,44.810001373291016,44.810001373291016,44.86000061035156,44.79399871826172,44.79399871826172,3880.0
2024-07-03 11:57:00,IOVA,7.489999771118164,7.489999771118164,7.510000228881836,7.489999771118164,7.505000114440918,19011.0
2024-07-03 11:57:00,IRTC,93.75,93.75,93.75,93.6500015258789,93.6500015258789,1334.0
2024-07-03 11:57:00,IRWD,6.114999771118164,6.114999771118164,6.114999771118164,6.114999771118164,6.114999771118164,156.0
2024-07-03 11:57:00,ISPC,0.27489998936653137,0.27489998936653137,0.27489998936653137,0.27489998936653137,0.27489998936653137,2324.0
2024-07-03 11:57:00,ISRG,433.5799865722656,433.5799865722656,433.5799865722656,433.32000732421875,433.3699951171875,5407.0
2024-07-03 11:57:00,ITCI,68.29499816894531,68.29499816894531,68.29499816894531,68.29499816894531,68.29499816894531,317.0
2024-07-03 11:57:00,JANX,37.93000030517578,37.93000030517578,37.93000030517578,37.93000030517578,37.93000030517578,257.0
2024-07-03 11:57:00,JSPR,22.59000015258789,22.59000015258789,23.020000457763672,22.580900192260742,23.020000457763672,5147.0
2024-07-03 11:57:00,KALA,6.709199905395508,6.709199905395508,6.709199905395508,6.709199905395508,6.709199905395508,206.0
2024-07-03 11:57:00,KIDS,29.780000686645508,29.780000686645508,29.780000686645508,29.719999313354492,29.719999313354492,1517.0
2024-07-03 11:57:00,KNSA,18.93000030517578,18.93000030517578,18.93000030517578,18.905000686645508,18.93000030517578,1177.0
2024-07-03 11:57:00,KPTI,0.8226000070571899,0.8226000070571899,0.8260999917984009,0.8226000070571899,0.8238999843597412,916.0
2024-07-03 11:57:00,KTRA,0.2881999909877777,0.2881999909877777,0.28999999165534973,0.2881999909877777,0.2890999913215637,78618.0
2024-07-03 11:57:00,KZR,0.5759000182151794,0.5759000182151794,0.5759000182151794,0.5734999775886536,0.5734999775886536,13740.0
2024-07-03 11:57:00,LAB,1.8200000524520874,1.8200000524520874,1.8200000524520874,1.8200000524520874,1.8200000524520874,1673.0
2024-07-03 11:57:00,LBPH,32.13999938964844,32.13999938964844,32.310001373291016,32.13999938964844,32.15999984741211,2077.0
2024-07-03 11:57:00,LEGN,46.119998931884766,46.119998931884766,46.16999816894531,46.119998931884766,46.16999816894531,1319.0
2024-07-03 11:57:00,LFMD,6.710000038146973,6.710000038146973,6.710000038146973,6.710000038146973,6.710000038146973,703.0
2024-07-03 11:57:00,LFST,5.105000019073486,5.105000019073486,5.105000019073486,5.105000019073486,5.105000019073486,407.0
2024-07-03 11:57:00,LGVN,1.6101000308990479,1.6101000308990479,1.6101000308990479,1.6101000308990479,1.6101000308990479,159.0
2024-07-03 11:57:00,LNTH,79.33000183105469,79.33000183105469,79.33000183105469,79.19999694824219,79.19999694824219,987.0
2024-07-03 11:57:00,LQDA,11.979999542236328,11.979999542236328,11.979999542236328,11.975000381469727,11.975000381469727,719.0
2024-07-03 11:57:00,LRMR,7.695000171661377,7.695000171661377,7.695000171661377,7.679999828338623,7.679999828338623,3243.0
2024-07-03 11:57:00,LYEL,1.4850000143051147,1.4850000143051147,1.4850000143051147,1.4850000143051147,1.4850000143051147,3327.0
2024-07-03 11:57:00,MASI,114.52999877929688,114.52999877929688,114.52999877929688,114.52999877929688,114.52999877929688,773.0
2024-07-03 11:57:00,MASS,4.78000020980835,4.78000020980835,4.78000020980835,4.75,4.75,9801.0
2024-07-03 11:57:00,MBIO,0.49540001153945923,0.49540001153945923,0.4977000057697296,0.49540001153945923,0.4977000057697296,7697.0
2024-07-03 11:57:00,MCRB,0.7120000123977661,0.7120000123977661,0.7120000123977661,0.7120000123977661,0.7120000123977661,1270.0
2024-07-03 11:57:00,MDWD,14.75,14.75,14.866900444030762,14.75,14.866900444030762,1165.0
2024-07-03 11:57:00,ME,0.4092999994754791,0.4092999994754791,0.4099000096321106,0.4092999994754791,0.4092999994754791,3399.0
2024-07-03 11:57:00,MEDP,404.94500732421875,404.94500732421875,404.94500732421875,404.94500732421875,404.94500732421875,338.0
2024-07-03 11:57:00,MESO,6.75,6.75,6.75,6.75,6.75,83.0
2024-07-03 11:57:00,MGTX,3.9749999046325684,3.9749999046325684,3.9749999046325684,3.9749999046325684,3.9749999046325684,357.0
2024-07-03 11:57:00,MIRM,33.877201080322266,33.877201080322266,33.877201080322266,33.877201080322266,33.877201080322266,361.0
2024-07-03 11:57:00,MLTX,41.34000015258789,41.34000015258789,41.34000015258789,41.27000045776367,41.33000183105469,1022.0
2024-07-03 11:57:00,MNKD,5.014999866485596,5.014999866485596,5.014999866485596,5.014999866485596,5.014999866485596,4060.0
2024-07-03 11:57:00,MNMD,7.159999847412109,7.159999847412109,7.159999847412109,7.159999847412109,7.159999847412109,962.0
2024-07-03 11:57:00,MODD,1.409999966621399,1.409999966621399,1.440000057220459,1.409999966621399,1.440000057220459,57.0
2024-07-03 11:57:00,MORF,31.860000610351562,31.860000610351562,31.860000610351562,31.860000610351562,31.860000610351562,197.0
2024-07-03 11:57:00,MREO,3.509999990463257,3.509999990463257,3.509999990463257,3.5,3.5,2364.0
2024-07-03 11:57:00,MRNA,115.73789978027344,115.73789978027344,115.76000213623047,115.66000366210938,115.76000213623047,3210.0
2024-07-03 11:57:00,MRSN,1.840000033378601,1.840000033378601,1.840000033378601,1.840000033378601,1.840000033378601,302.0
2024-07-03 11:57:00,MRVI,6.980000019073486,6.980000019073486,6.980000019073486,6.980000019073486,6.980000019073486,239.0
2024-07-03 11:57:00,MXCT,3.694999933242798,3.694999933242798,3.700000047683716,3.694999933242798,3.694999933242798,763.0
2024-07-03 11:57:00,MYGN,24.985000610351562,24.985000610351562,25.1200008392334,24.969999313354492,25.108999252319336,9700.0
2024-07-03 11:57:00,NARI,49.52000045776367,49.52000045776367,49.52000045776367,49.4900016784668,49.4900016784668,1155.0
2024-07-03 11:57:00,NBIX,138.2100067138672,138.2100067138672,138.2100067138672,138.19500732421875,138.1999969482422,1772.0
2024-07-03 11:57:00,NDRA,0.09730000048875809,0.09730000048875809,0.09780000150203705,0.0966000035405159,0.09780000150203705,120997.0
2024-07-03 11:57:00,NEO,13.710000038146973,13.710000038146973,13.710000038146973,13.699999809265137,13.710000038146973,1122.0
2024-07-03 11:57:00,NEOG,15.204999923706055,15.204999923706055,15.204999923706055,15.199999809265137,15.199999809265137,1856.0
2024-07-03 11:57:00,NKTR,1.25,1.25,1.25,1.2457000017166138,1.25,1923.0
2024-07-03 11:57:00,NNOX,7.010000228881836,7.010000228881836,7.010000228881836,7.010000228881836,7.010000228881836,1260.0
2024-07-03 11:57:00,NRIX,19.524999618530273,19.524999618530273,19.55500030517578,19.524999618530273,19.55500030517578,352.0
2024-07-03 11:57:00,NRSN,1.2999999523162842,1.2999999523162842,1.2999999523162842,1.2999999523162842,1.2999999523162842,62.0
2024-07-03 11:57:00,NSPR,2.3499999046325684,2.3499999046325684,2.3499999046325684,2.3499999046325684,2.3499999046325684,212.0
2024-07-03 11:57:00,NTLA,22.639999389648438,22.639999389648438,22.649999618530273,22.610000610351562,22.6200008392334,6935.0
2024-07-03 11:57:00,NTRA,111.5,111.5,111.5,111.5,111.5,647.0
2024-07-03 11:57:00,NVAX,12.569999694824219,12.569999694824219,12.649999618530273,12.569999694824219,12.649999618530273,21195.0
2024-07-03 11:57:00,NVCR,16.670000076293945,16.670000076293945,16.670000076293945,16.670000076293945,16.670000076293945,765.0
2024-07-03 11:57:00,OCGN,1.6050000190734863,1.6050000190734863,1.6100000143051147,1.600000023841858,1.600000023841858,5577.0
2024-07-03 11:57:00,OM,3.869999885559082,3.869999885559082,3.875,3.869999885559082,3.869999885559082,868.0
2024-07-03 11:57:00,OMCL,26.59000015258789,26.59000015258789,26.59000015258789,26.59000015258789,26.59000015258789,519.0
2024-07-03 11:58:00,ABSI,3.1898999214172363,3.1898999214172363,3.190000057220459,3.184999942779541,3.188999891281128,967.0
2024-07-03 11:58:00,ACB,4.868500232696533,4.868500232696533,4.868500232696533,4.868500232696533,4.868500232696533,1776.0
2024-07-03 11:58:00,ACCD,3.559999942779541,3.559999942779541,3.559999942779541,3.559999942779541,3.559999942779541,1400.0
2024-07-03 11:58:00,ACET,1.0750000476837158,1.0750000476837158,1.0750000476837158,1.0700000524520874,1.0700000524520874,5486.0
2024-07-03 11:58:00,ACHC,66.37999725341797,66.37999725341797,66.37999725341797,66.37999725341797,66.37999725341797,561.0
2024-07-03 11:58:00,ACLX,54.26499938964844,54.26499938964844,54.26499938964844,54.01499938964844,54.01499938964844,3761.0
2024-07-03 11:58:00,ACRS,1.159999966621399,1.159999966621399,1.159999966621399,1.159999966621399,1.159999966621399,1000.0
2024-07-03 11:58:00,ADAP,1.0099999904632568,1.0099999904632568,1.0149999856948853,1.0099999904632568,1.0149999856948853,925.0
2024-07-03 11:58:00,ADMA,11.225000381469727,11.225000381469727,11.225000381469727,11.220000267028809,11.220000267028809,3431.0
2024-07-03 11:58:00,ADTX,1.4900000095367432,1.4900000095367432,1.4900000095367432,1.4900000095367432,1.4900000095367432,300.0
2024-07-03 11:58:00,AIMD,0.8296999931335449,0.8296999931335449,0.8296999931335449,0.8087999820709229,0.8087999820709229,975.0
2024-07-03 11:58:00,AKAN,2.2499001026153564,2.2499001026153564,2.2499001026153564,2.2499001026153564,2.2499001026153564,808.0
2024-07-03 11:58:00,AKBA,0.9484000205993652,0.9484000205993652,0.9484000205993652,0.9455999732017517,0.9473000168800354,2353.0
2024-07-03 11:58:00,ALDX,3.200000047683716,3.200000047683716,3.200000047683716,3.197999954223633,3.197999954223633,1471.0
2024-07-03 11:58:00,ALGN,242.3300018310547,242.3300018310547,242.3300018310547,242.07150268554688,242.2100067138672,1129.0
2024-07-03 11:58:00,ALKS,24.219999313354492,24.219999313354492,24.219999313354492,24.219999313354492,24.219999313354492,826.0
2024-07-03 11:58:00,ALLK,0.8260999917984009,0.8260999917984009,0.8260999917984009,0.8260999917984009,0.8260999917984009,209.0
2024-07-03 11:58:00,ALLO,2.0950000286102295,2.0950000286102295,2.0950000286102295,2.0799999237060547,2.0799999237060547,18524.0
2024-07-03 11:58:00,ALLR,0.20110000669956207,0.20110000669956207,0.20250000059604645,0.20000000298023224,0.20250000059604645,79654.0
2024-07-03 11:58:00,ALNY,246.4199981689453,246.4199981689453,246.49000549316406,246.4199981689453,246.4199981689453,1092.0
2024-07-03 11:58:00,ALT,6.659999847412109,6.659999847412109,6.678899765014648,6.659999847412109,6.675000190734863,2892.0
2024-07-03 11:58:00,ALXO,5.710000038146973,5.710000038146973,5.710000038146973,5.699999809265137,5.699999809265137,912.0
2024-07-03 11:58:00,AMED,97.0,97.0,97.0,96.98999786376953,97.0,927.0
2024-07-03 11:58:00,AMGN,307.06500244140625,307.06500244140625,307.260009765625,307.04998779296875,307.260009765625,3162.0
2024-07-03 11:58:00,AMLX,1.7599999904632568,1.7599999904632568,1.7599999904632568,1.7549999952316284,1.7599999904632568,518.0
2024-07-03 11:58:00,AMRN,0.6930000185966492,0.6930000185966492,0.6930000185966492,0.6930000185966492,0.6930000185966492,5900.0
2024-07-03 11:58:00,ANAB,25.0,25.0,25.010000228881836,24.989999771118164,24.989999771118164,1450.0
2024-07-03 11:58:00,ANGO,5.644999980926514,5.644999980926514,5.649899959564209,5.644999980926514,5.649899959564209,859.0
2024-07-03 11:58:00,ANIK,25.469999313354492,25.469999313354492,25.469999313354492,25.469999313354492,25.469999313354492,160.0
2024-07-03 11:58:00,ANIP,61.04999923706055,61.04999923706055,61.04999923706055,61.04999923706055,61.04999923706055,186.0
2024-07-03 11:58:00,ANNX,4.784999847412109,4.784999847412109,4.789999961853027,4.78000020980835,4.784999847412109,2425.0
2024-07-03 11:58:00,ANTX,2.569999933242798,2.569999933242798,2.569999933242798,2.5299999713897705,2.5350000858306885,17218.0
2024-07-03 11:58:00,APDN,0.3971000015735626,0.3971000015735626,0.39989998936653137,0.3970000147819519,0.39989998936653137,9265.0
2024-07-03 11:58:00,APLS,35.33000183105469,35.33000183105469,35.33000183105469,35.33000183105469,35.33000183105469,1400.0
2024-07-03 11:58:00,APLT,4.355000019073486,4.355000019073486,4.355000019073486,4.355000019073486,4.355000019073486,257.0
2024-07-03 11:58:00,AQST,2.4049999713897705,2.4049999713897705,2.4049999713897705,2.4049999713897705,2.4049999713897705,1651.0
2024-07-03 11:58:00,ARCT,21.514999389648438,21.514999389648438,21.514999389648438,21.514999389648438,21.514999389648438,470.0
2024-07-03 11:58:00,ARDX,5.245200157165527,5.245200157165527,5.25,5.244999885559082,5.244999885559082,3237.0
2024-07-03 11:58:00,ARQT,9.520000457763672,9.520000457763672,9.545000076293945,9.520000457763672,9.545000076293945,3925.0
2024-07-03 11:58:00,ARWR,25.15999984741211,25.15999984741211,25.209999084472656,25.15999984741211,25.209999084472656,3430.0
2024-07-03 11:58:00,ASRT,1.3391000032424927,1.3391000032424927,1.3391000032424927,1.3300000429153442,1.3300000429153442,8253.0
2024-07-03 11:58:00,ATNF,1.5961999893188477,1.5961999893188477,1.5961999893188477,1.5961999893188477,1.5961999893188477,1974.0
2024-07-03 11:58:00,ATRA,7.690000057220459,7.690000057220459,7.690000057220459,7.690000057220459,7.690000057220459,180.0
2024-07-03 11:58:00,ATRC,22.280000686645508,22.280000686645508,22.280000686645508,22.280000686645508,22.280000686645508,405.0
2024-07-03 11:58:00,ATXS,8.989999771118164,8.989999771118164,8.989999771118164,8.989999771118164,8.989999771118164,964.0
2024-07-03 11:58:00,AUGX,1.0,1.0,1.0,1.0,1.0,1593.0
2024-07-03 11:58:00,AUPH,5.460000038146973,5.460000038146973,5.460000038146973,5.454999923706055,5.454999923706055,1074.0
2024-07-03 11:58:00,AUTL,3.4700000286102295,3.4700000286102295,3.4700000286102295,3.4700000286102295,3.4700000286102295,389.0
2024-07-03 11:58:00,AVAH,2.624799966812134,2.624799966812134,2.624799966812134,2.624799966812134,2.624799966812134,828.0
2024-07-03 11:58:00,AVDL,14.40999984741211,14.40999984741211,14.420000076293945,14.40999984741211,14.420000076293945,1435.0
2024-07-03 11:58:00,AVTE,1.6349999904632568,1.6349999904632568,1.6399999856948853,1.6349999904632568,1.6399999856948853,688.0
2024-07-03 11:58:00,AVXL,4.150000095367432,4.150000095367432,4.150000095367432,4.139999866485596,4.139999866485596,5360.0
2024-07-03 11:58:00,AXNX,67.5199966430664,67.5199966430664,67.5199966430664,67.51000213623047,67.51000213623047,1148.0
2024-07-03 11:58:00,AXSM,79.55000305175781,79.55000305175781,79.55000305175781,79.55000305175781,79.55000305175781,208.0
2024-07-03 11:58:00,AZN,76.64990234375,76.64990234375,76.6500015258789,76.62000274658203,76.62000274658203,9442.0
2024-07-03 11:58:00,BACK,1.679800033569336,1.679800033569336,1.679800033569336,1.6785000562667847,1.6785000562667847,500.0
2024-07-03 11:58:00,BCAB,1.3799999952316284,1.3799999952316284,1.3799999952316284,1.3799999952316284,1.3799999952316284,4820.0
2024-07-03 11:58:00,BCLI,0.35830000042915344,0.35830000042915344,0.35830000042915344,0.35830000042915344,0.35830000042915344,3109.0
2024-07-03 11:58:00,BCYC,19.665000915527344,19.665000915527344,19.665000915527344,19.665000915527344,19.665000915527344,117.0
2024-07-03 11:58:00,BDTX,4.360000133514404,4.360000133514404,4.360000133514404,4.360000133514404,4.360000133514404,302.0
2024-07-03 11:58:00,BEAM,23.59000015258789,23.59000015258789,23.59000015258789,23.559999465942383,23.559999465942383,508.0
2024-07-03 11:58:00,BEAT,2.7850000858306885,2.7850000858306885,2.7850000858306885,2.7799999713897705,2.7799999713897705,3365.0
2024-07-03 11:58:00,BJDX,0.6396999955177307,0.6396999955177307,0.6396999955177307,0.6396999955177307,0.6396999955177307,1072.0
2024-07-03 11:58:00,BLUE,0.923799991607666,0.923799991607666,0.923799991607666,0.923799991607666,0.923799991607666,300.0
2024-07-03 11:58:00,BMEA,4.349999904632568,4.349999904632568,4.349999904632568,4.349999904632568,4.349999904632568,79.0
2024-07-03 11:58:00,BMRN,80.87999725341797,80.87999725341797,80.87999725341797,80.87999725341797,80.87999725341797,606.0
2024-07-03 11:58:00,BNGO,0.5562999844551086,0.5562999844551086,0.5562999844551086,0.5562999844551086,0.5562999844551086,22905.0
2024-07-03 11:58:00,BPMC,110.63999938964844,110.63999938964844,110.63999938964844,110.63999938964844,110.63999938964844,205.0
2024-07-03 11:58:00,BRKR,61.40769958496094,61.40769958496094,61.4900016784668,61.40769958496094,61.459999084472656,10367.0
2024-07-03 11:58:00,CARA,0.289000004529953,0.289000004529953,0.289000004529953,0.2847999930381775,0.2847999930381775,700.0
2024-07-03 11:58:00,CCCC,4.53000020980835,4.53000020980835,4.53000020980835,4.519999980926514,4.519999980926514,2426.0
2024-07-03 11:58:00,CDMO,7.784999847412109,7.784999847412109,7.800000190734863,7.78000020980835,7.784999847412109,5047.0
2024-07-03 11:58:00,CDXS,2.8719000816345215,2.8719000816345215,2.875,2.8719000816345215,2.875,5486.0
2024-07-03 11:58:00,CERE,39.619998931884766,39.619998931884766,39.63999938964844,39.599998474121094,39.619998931884766,9700.0
2024-07-03 11:58:00,CERS,1.7200000286102295,1.7200000286102295,1.7200000286102295,1.7200000286102295,1.7200000286102295,1003.0
2024-07-03 11:58:00,CERT,13.8100004196167,13.8100004196167,13.8100004196167,13.800100326538086,13.800100326538086,2390.0
2024-07-03 11:58:00,CGC,6.525000095367432,6.525000095367432,6.529900074005127,6.525000095367432,6.529900074005127,300.0
2024-07-03 11:58:00,CGEM,16.65999984741211,16.65999984741211,16.65999984741211,16.65999984741211,16.65999984741211,971.0
2024-07-03 11:58:00,CGEN,1.6699999570846558,1.6699999570846558,1.6699999570846558,1.6649999618530273,1.6649999618530273,4217.0
2024-07-03 11:58:00,CHRS,1.3925000429153442,1.3925000429153442,1.3925000429153442,1.3925000429153442,1.3925000429153442,0.0
2024-07-03 11:58:00,CLOV,1.2400000095367432,1.2400000095367432,1.2400000095367432,1.2400000095367432,1.2400000095367432,640.0
2024-07-03 11:58:00,CMPS,6.199999809265137,6.199999809265137,6.215000152587891,6.199999809265137,6.215000152587891,1346.0
2024-07-03 11:58:00,CMPX,0.8539999723434448,0.8539999723434448,0.8539999723434448,0.8539999723434448,0.8539999723434448,197.0
2024-07-03 11:58:00,CNSP,1.524999976158142,1.524999976158142,1.5399999618530273,1.5199999809265137,1.534999966621399,23542.0
2024-07-03 11:58:00,COLL,32.16999816894531,32.16999816894531,32.16999816894531,32.16999816894531,32.16999816894531,204.0
2024-07-03 11:58:00,CORT,30.375,30.375,30.375,30.34000015258789,30.34000015258789,2167.0
2024-07-03 11:58:00,COSM,0.9200000166893005,0.9200000166893005,0.9200000166893005,0.9153000116348267,0.9200000166893005,10658.0
2024-07-03 11:58:00,CPRX,15.4399995803833,15.4399995803833,15.4399995803833,15.4399995803833,15.4399995803833,794.0
2024-07-03 11:58:00,CRBU,1.5700000524520874,1.5700000524520874,1.5750000476837158,1.5700000524520874,1.5700000524520874,317.0
2024-07-03 11:58:00,CRDF,2.25,2.25,2.25,2.2492001056671143,2.2492001056671143,764.0
2024-07-03 11:58:00,CRDL,1.9199999570846558,1.9199999570846558,1.9249999523162842,1.9098999500274658,1.909999966621399,4925.0
2024-07-03 11:58:00,CRNX,44.54999923706055,44.54999923706055,44.54999923706055,44.54999923706055,44.54999923706055,419.0
2024-07-03 11:58:00,CSTL,20.81999969482422,20.81999969482422,20.81999969482422,20.81999969482422,20.81999969482422,653.0
2024-07-03 11:58:00,CTKB,5.599999904632568,5.599999904632568,5.605000019073486,5.590000152587891,5.605000019073486,3027.0
2024-07-03 11:58:00,CTXR,0.5084999799728394,0.5084999799728394,0.5084999799728394,0.5069000124931335,0.5073000192642212,4926.0
2024-07-03 11:58:00,CUE,0.9973000288009644,0.9973000288009644,0.9973000288009644,0.9973000288009644,0.9973000288009644,1047.0
2024-07-03 11:58:00,CUTR,1.2999999523162842,1.2999999523162842,1.2999999523162842,1.2999999523162842,1.2999999523162842,491.0
2024-07-03 11:58:00,CVAC,3.3450000286102295,3.3450000286102295,3.3499999046325684,3.3450000286102295,3.3499999046325684,4891.0
2024-07-03 11:58:00,CYTK,54.61000061035156,54.61000061035156,54.61000061035156,54.61000061035156,54.61000061035156,316.0
2024-07-03 11:58:00,DAWN,13.289999961853027,13.289999961853027,13.319999694824219,13.279999732971191,13.319999694824219,1766.0
2024-07-03 11:58:00,DCGO,2.9549999237060547,2.9549999237060547,2.9549999237060547,2.944999933242798,2.944999933242798,1792.0
2024-07-03 11:58:00,DCTH,7.914999961853027,7.914999961853027,7.914999961853027,7.914999961853027,7.914999961853027,584.0
2024-07-03 11:58:00,DH,5.380000114440918,5.380000114440918,5.380000114440918,5.380000114440918,5.380000114440918,458.0
2024-07-03 11:58:00,DNLI,21.290000915527344,21.290000915527344,21.290000915527344,21.290000915527344,21.290000915527344,434.0
2024-07-03 11:58:00,DYN,34.084999084472656,34.084999084472656,34.130001068115234,34.084999084472656,34.130001068115234,423.0
2024-07-03 11:58:00,EDIT,4.625,4.625,4.625,4.625,4.625,438.0
2024-07-03 11:58:00,ELEV,2.6449999809265137,2.6449999809265137,2.6449999809265137,2.6449999809265137,2.6449999809265137,439.0
2024-07-03 11:58:00,EMBC,12.039999961853027,12.039999961853027,12.0600004196167,12.039999961853027,12.0600004196167,732.0
2024-07-03 11:58:00,ENLV,1.284999966621399,1.284999966621399,1.284999966621399,1.284999966621399,1.284999966621399,1196.0
2024-07-03 11:58:00,EOLS,10.920000076293945,10.920000076293945,10.920000076293945,10.920000076293945,10.920000076293945,384.0
2024-07-03 11:58:00,ERAS,2.2200000286102295,2.2200000286102295,2.2200000286102295,2.2200000286102295,2.2200000286102295,255.0
2024-07-03 11:58:00,ESPR,2.3350000381469727,2.3350000381469727,2.3450000286102295,2.3350000381469727,2.3399999141693115,55319.0
2024-07-03 11:58:00,ESTA,43.38999938964844,43.38999938964844,43.38999938964844,43.38999938964844,43.38999938964844,397.0
2024-07-03 11:58:00,EWTX,18.06999969482422,18.06999969482422,18.06999969482422,18.059999465942383,18.059999465942383,1198.0
2024-07-03 11:58:00,EXAS,43.17499923706055,43.17499923706055,43.18000030517578,43.16999816894531,43.16999816894531,2312.0
2024-07-03 11:58:00,EXEL,21.885000228881836,21.885000228881836,21.905000686645508,21.88290023803711,21.905000686645508,1807.0
2024-07-03 11:58:00,EYEN,0.7843000292778015,0.7843000292778015,0.7886000275611877,0.7799999713897705,0.7886000275611877,5102.0
2024-07-03 11:58:00,FATE,3.1500000953674316,3.1500000953674316,3.1500000953674316,3.140000104904175,3.1500000953674316,4939.0
2024-07-03 11:58:00,FBIOP,15.990099906921387,15.990099906921387,15.990099906921387,15.990099906921387,15.990099906921387,352.0
2024-07-03 11:58:00,FDMT,20.782800674438477,20.782800674438477,20.782800674438477,20.782800674438477,20.782800674438477,1817.0
2024-07-03 11:58:00,FGEN,0.7099999785423279,0.7099999785423279,0.7109000086784363,0.7099999785423279,0.7099999785423279,2142.0
2024-07-03 11:58:00,FHTX,5.695000171661377,5.695000171661377,5.695000171661377,5.650000095367432,5.670000076293945,3894.0
2024-07-03 11:58:00,FLGC,0.9800000190734863,0.9800000190734863,0.9800000190734863,0.9800000190734863,0.9800000190734863,179.0
2024-07-03 11:58:00,FOLD,9.864999771118164,9.864999771118164,9.869999885559082,9.864999771118164,9.869999885559082,781.0
2024-07-03 11:58:00,FULC,6.135000228881836,6.135000228881836,6.135000228881836,6.135000228881836,6.135000228881836,107.0
2024-07-03 11:58:00,GALT,2.190000057220459,2.190000057220459,2.190000057220459,2.190000057220459,2.190000057220459,201.0
2024-07-03 11:58:00,GANX,1.1299999952316284,1.1299999952316284,1.1299999952316284,1.1299999952316284,1.1299999952316284,501.0
2024-07-03 11:58:00,GDRX,7.735000133514404,7.735000133514404,7.75,7.710000038146973,7.710000038146973,14217.0
2024-07-03 11:58:00,GENE,1.350000023841858,1.350000023841858,1.350000023841858,1.350000023841858,1.350000023841858,891.0
2024-07-03 11:58:00,GERN,4.324999809265137,4.324999809265137,4.324999809265137,4.324999809265137,4.324999809265137,828.0
2024-07-03 11:58:00,GILD,66.95999908447266,66.95999908447266,66.97000122070312,66.94499969482422,66.94499969482422,6941.0
2024-07-03 11:58:00,GMAB,25.160999298095703,25.160999298095703,25.160999298095703,25.160999298095703,25.160999298095703,466.0
2024-07-03 11:58:00,GOSS,0.957099974155426,0.957099974155426,0.957099974155426,0.957099974155426,0.957099974155426,1856.0
2024-07-03 11:58:00,GOVX,2.9100000858306885,2.9100000858306885,2.9100000858306885,2.9000000953674316,2.9100000858306885,1699.0
2024-07-03 11:58:00,GRFS,6.664999961853027,6.664999961853027,6.664999961853027,6.664999961853027,6.664999961853027,200.0
2024-07-03 11:58:00,HALO,52.2599983215332,52.2599983215332,52.2599983215332,52.2400016784668,52.25,2019.0
2024-07-03 11:58:00,HCSG,10.585000038146973,10.585000038146973,10.585000038146973,10.579999923706055,10.579999923706055,359.0
2024-07-03 11:58:00,HOLX,73.16000366210938,73.16000366210938,73.18000030517578,73.16000366210938,73.18000030517578,518.0
2024-07-03 11:58:00,HQY,83.36000061035156,83.36000061035156,83.37000274658203,83.36000061035156,83.37000274658203,1274.0
2024-07-03 11:58:00,HRMY,30.467500686645508,30.467500686645508,30.475000381469727,30.46500015258789,30.475000381469727,746.0
2024-07-03 11:58:00,HROW,21.479999542236328,21.479999542236328,21.479999542236328,21.469999313354492,21.469999313354492,961.0
2024-07-03 11:58:00,HRTX,2.700000047683716,2.700000047683716,2.700000047683716,2.700000047683716,2.700000047683716,263.0
2024-07-03 11:58:00,HSCS,4.849999904632568,4.849999904632568,4.860000133514404,4.849999904632568,4.860000133514404,1361.0
2024-07-03 11:58:00,HSIC,64.95500183105469,64.95500183105469,64.95500183105469,64.94000244140625,64.94000244140625,1849.0
2024-07-03 11:58:00,HUGE,0.14399999380111694,0.14399999380111694,0.14399999380111694,0.14390000700950623,0.14390000700950623,535.0
2024-07-03 11:58:00,HUMA,5.675000190734863,5.675000190734863,5.679999828338623,5.675000190734863,5.679999828338623,6718.0
2024-07-03 11:58:00,ICUI,117.83000183105469,117.83000183105469,117.83000183105469,117.83000183105469,117.83000183105469,455.0
2024-07-03 11:58:00,IKNA,1.6399999856948853,1.6399999856948853,1.649999976158142,1.6399999856948853,1.649999976158142,1485.0
2024-07-03 11:58:00,ILMN,105.62000274658203,105.62000274658203,105.62000274658203,105.58000183105469,105.58000183105469,1578.0
2024-07-03 11:58:00,IMAB,1.5199999809265137,1.5199999809265137,1.524999976158142,1.5199999809265137,1.524999976158142,900.0
2024-07-03 11:58:00,IMCR,36.029998779296875,36.029998779296875,36.029998779296875,35.939998626708984,35.9900016784668,2227.0
2024-07-03 11:58:00,IMMX,2.4000000953674316,2.4000000953674316,2.4000000953674316,2.4000000953674316,2.4000000953674316,955.0
2024-07-03 11:58:00,IMNM,11.989999771118164,11.989999771118164,11.989999771118164,11.989999771118164,11.989999771118164,318.0
2024-07-03 11:58:00,IMRX,1.125,1.125,1.125,1.125,1.125,508.0
2024-07-03 11:58:00,IMVT,26.045000076293945,26.045000076293945,26.045000076293945,26.020000457763672,26.020000457763672,558.0
2024-07-03 11:58:00,INBX,13.117500305175781,13.117500305175781,13.199999809265137,13.117500305175781,13.199999809265137,5107.0
2024-07-03 11:58:00,INCY,57.81999969482422,57.81999969482422,57.86000061035156,57.80500030517578,57.86000061035156,4585.0
2024-07-03 11:58:00,INMB,7.90500020980835,7.90500020980835,7.90500020980835,7.900000095367432,7.900000095367432,2454.0
2024-07-03 11:58:00,INMD,17.565500259399414,17.565500259399414,17.565500259399414,17.565000534057617,17.565000534057617,1237.0
2024-07-03 11:58:00,INO,8.399999618530273,8.399999618530273,8.399999618530273,8.399999618530273,8.399999618530273,538.0
2024-07-03 11:58:00,INSM,61.959999084472656,61.959999084472656,62.02000045776367,61.959999084472656,61.992000579833984,2292.0
2024-07-03 11:58:00,INZY,4.46999979019165,4.46999979019165,4.46999979019165,4.465000152587891,4.465000152587891,1710.0
2024-07-03 11:58:00,IONS,44.79999923706055,44.79999923706055,44.79999923706055,44.79999923706055,44.79999923706055,577.0
2024-07-03 11:58:00,IOVA,7.489999771118164,7.489999771118164,7.505000114440918,7.485000133514404,7.489999771118164,44611.0
2024-07-03 11:58:00,IRWD,6.110000133514404,6.110000133514404,6.110000133514404,6.110000133514404,6.110000133514404,751.0
2024-07-03 11:58:00,ISRG,433.739990234375,433.739990234375,433.739990234375,433.739990234375,433.739990234375,2157.0
2024-07-03 11:58:00,ITCI,68.30000305175781,68.30000305175781,68.30000305175781,68.30000305175781,68.30000305175781,837.0
2024-07-03 11:58:00,IVVD,1.1050000190734863,1.1050000190734863,1.1050000190734863,1.1050000190734863,1.1050000190734863,462.0
2024-07-03 11:58:00,KIDS,29.710100173950195,29.710100173950195,29.710100173950195,29.710100173950195,29.710100173950195,775.0
2024-07-03 11:58:00,KOD,2.2149999141693115,2.2149999141693115,2.2149999141693115,2.2149999141693115,2.2149999141693115,2897.0
2024-07-03 11:58:00,KPTI,0.8226000070571899,0.8226000070571899,0.8226000070571899,0.8226000070571899,0.8226000070571899,2578.0
2024-07-03 11:58:00,KTRA,0.28859999775886536,0.28859999775886536,0.28859999775886536,0.28769999742507935,0.28769999742507935,0.0
2024-07-03 11:58:00,KYMR,30.209999084472656,30.209999084472656,30.209999084472656,30.209999084472656,30.209999084472656,459.0
2024-07-03 11:58:00,KZR,0.5742999911308289,0.5742999911308289,0.5759999752044678,0.5728999972343445,0.5759999752044678,11795.0
2024-07-03 11:58:00,LAB,1.8200000524520874,1.8200000524520874,1.8200000524520874,1.8200000524520874,1.8200000524520874,589.0
2024-07-03 11:58:00,LBPH,32.150001525878906,32.150001525878906,32.20249938964844,32.150001525878906,32.20249938964844,1386.0
2024-07-03 11:58:00,LEGN,46.005001068115234,46.005001068115234,46.11000061035156,45.994998931884766,46.11000061035156,2115.0
2024-07-03 11:58:00,LFMD,6.710000038146973,6.710000038146973,6.710000038146973,6.704999923706055,6.704999923706055,290.0
2024-07-03 11:58:00,LFST,5.114999771118164,5.114999771118164,5.114999771118164,5.110000133514404,5.110000133514404,3330.0
2024-07-03 11:58:00,LIVN,52.619998931884766,52.619998931884766,52.650001525878906,52.619998931884766,52.650001525878906,1343.0
2024-07-03 11:58:00,LNTH,79.43499755859375,79.43499755859375,79.43499755859375,79.33000183105469,79.33000183105469,1268.0
2024-07-03 11:58:00,LQDA,11.989899635314941,11.989899635314941,11.989899635314941,11.989899635314941,11.989899635314941,1451.0
2024-07-03 11:58:00,LYRA,0.2858999967575073,0.2858999967575073,0.2858999967575073,0.2858999967575073,0.2858999967575073,900.0
2024-07-03 11:58:00,MASS,4.800000190734863,4.800000190734863,4.800000190734863,4.800000190734863,4.800000190734863,2028.0
2024-07-03 11:58:00,MBIO,0.4927000105381012,0.4927000105381012,0.4959000051021576,0.4927000105381012,0.4959000051021576,14404.0
2024-07-03 11:58:00,MCRB,0.7117000222206116,0.7117000222206116,0.7120000123977661,0.7117000222206116,0.7120000123977661,729.0
2024-07-03 11:58:00,MDXG,6.744999885559082,6.744999885559082,6.744999885559082,6.744999885559082,6.744999885559082,764.0
2024-07-03 11:58:00,ME,0.41040000319480896,0.41040000319480896,0.41040000319480896,0.41040000319480896,0.41040000319480896,4.0
2024-07-03 11:58:00,MEDP,404.4700012207031,404.4700012207031,404.4700012207031,404.4700012207031,404.4700012207031,1086.0
2024-07-03 11:58:00,MESO,6.739999771118164,6.739999771118164,6.739999771118164,6.739999771118164,6.739999771118164,235.0
2024-07-03 11:58:00,MGNX,4.195000171661377,4.195000171661377,4.210000038146973,4.190000057220459,4.210000038146973,4296.0
2024-07-03 11:58:00,MGTX,3.9749999046325684,3.9749999046325684,3.9749999046325684,3.9749999046325684,3.9749999046325684,474.0
2024-07-03 11:58:00,MIRM,33.779998779296875,33.779998779296875,33.869998931884766,33.779998779296875,33.86000061035156,1537.0
2024-07-03 11:58:00,MLTX,41.5,41.5,41.5,41.439998626708984,41.5,1201.0
2024-07-03 11:58:00,MMSI,85.94499969482422,85.94499969482422,85.94499969482422,85.94499969482422,85.94499969482422,429.0
2024-07-03 11:58:00,MNMD,7.139999866485596,7.139999866485596,7.139999866485596,7.139999866485596,7.139999866485596,1207.0
2024-07-03 11:58:00,MODD,1.440000057220459,1.440000057220459,1.440000057220459,1.440000057220459,1.440000057220459,152.0
2024-07-03 11:58:00,MORF,31.889999389648438,31.889999389648438,31.889999389648438,31.889999389648438,31.889999389648438,402.0
2024-07-03 11:58:00,MRNA,115.75,115.75,115.75499725341797,115.6500015258789,115.6500015258789,1432.0
2024-07-03 11:58:00,MRNS,1.2050000429153442,1.2050000429153442,1.2050000429153442,1.2050000429153442,1.2050000429153442,332.0
2024-07-03 11:58:00,MRSN,1.840000033378601,1.840000033378601,1.850000023841858,1.840000033378601,1.840000033378601,393.0
2024-07-03 11:58:00,MRVI,6.974999904632568,6.974999904632568,6.980000019073486,6.974999904632568,6.974999904632568,1109.0
2024-07-03 11:58:00,MXCT,3.700000047683716,3.700000047683716,3.700000047683716,3.700000047683716,3.700000047683716,300.0
2024-07-03 11:58:00,MYGN,25.020000457763672,25.020000457763672,25.020000457763672,25.020000457763672,25.020000457763672,451.0
2024-07-03 11:58:00,NARI,49.54999923706055,49.54999923706055,49.54999923706055,49.5099983215332,49.5099983215332,329.0
2024-07-03 11:58:00,NBIX,138.05999755859375,138.05999755859375,138.13499450683594,138.00999450683594,138.13499450683594,1826.0
2024-07-03 11:58:00,NDRA,0.09880000352859497,0.09880000352859497,0.09889999777078629,0.09790000319480896,0.09790000319480896,95634.0
2024-07-03 11:58:00,NEO,13.704999923706055,13.704999923706055,13.704999923706055,13.704999923706055,13.704999923706055,126.0
2024-07-03 11:58:00,NEOG,15.210000038146973,15.210000038146973,15.210000038146973,15.204999923706055,15.204999923706055,265.0
2024-07-03 11:58:00,NKTR,1.2599999904632568,1.2599999904632568,1.2599999904632568,1.25,1.25,8118.0
2024-07-03 11:58:00,NTLA,22.6200008392334,22.6200008392334,22.62689971923828,22.6200008392334,22.62689971923828,997.0
2024-07-03 11:58:00,NTRA,111.48999786376953,111.48999786376953,111.48999786376953,111.48999786376953,111.48999786376953,907.0
2024-07-03 11:58:00,NVAX,12.515000343322754,12.515000343322754,12.578900337219238,12.510000228881836,12.574999809265137,72720.0
2024-07-03 11:58:00,NVCR,16.68000030517578,16.68000030517578,16.68000030517578,16.670000076293945,16.670000076293945,2430.0
2024-07-03 11:58:00,NXL,1.3901000022888184,1.3901000022888184,1.3901000022888184,1.3901000022888184,1.3901000022888184,363.0
2024-07-03 11:58:00,NXTC,1.5750000476837158,1.5750000476837158,1.5750000476837158,1.5750000476837158,1.5750000476837158,472.0
2024-07-03 11:58:00,OCUL,6.650000095367432,6.650000095367432,6.650000095367432,6.639999866485596,6.639999866485596,2652.0
2024-07-03 11:58:00,OGI,1.5716999769210815,1.5716999769210815,1.5716999769210815,1.5716999769210815,1.5716999769210815,1040.0
2024-07-03 11:58:00,OLMA,10.470000267028809,10.470000267028809,10.470000267028809,10.470000267028809,10.470000267028809,528.0
2024-07-03 11:58:00,OM,3.875,3.875,3.875,3.869999885559082,3.869999885559082,405.0
2024-07-03 11:58:00,OMGA,1.9550000429153442,1.9550000429153442,1.9550000429153442,1.9550000429153442,1.9550000429153442,321.0
2024-07-03 11:59:00,ABCL,2.7149999141693115,2.7149999141693115,2.7149999141693115,2.7149999141693115,2.7149999141693115,304.0
2024-07-03 11:59:00,ABEO,4.25570011138916,4.25570011138916,4.25570011138916,4.25570011138916,4.25570011138916,555.0
2024-07-03 11:59:00,ABOS,2.2750000953674316,2.2750000953674316,2.2750000953674316,2.2750000953674316,2.2750000953674316,460.0
2024-07-03 11:59:00,ABSI,3.184999942779541,3.184999942779541,3.188999891281128,3.180000066757202,3.188999891281128,1396.0
2024-07-03 11:59:00,ABVC,0.7297999858856201,0.7297999858856201,0.7297999858856201,0.7250000238418579,0.7297999858856201,870.0
2024-07-03 11:59:00,ACAD,15.574999809265137,15.574999809265137,15.574999809265137,15.569999694824219,15.569999694824219,2576.0
2024-07-03 11:59:00,ACB,4.866700172424316,4.866700172424316,4.866700172424316,4.866700172424316,4.866700172424316,0.0
2024-07-03 11:59:00,ACCD,3.555000066757202,3.555000066757202,3.559999942779541,3.555000066757202,3.555000066757202,2411.0
2024-07-03 11:59:00,ACET,1.0795999765396118,1.0795999765396118,1.0800000429153442,1.0750000476837158,1.0800000429153442,775.0
2024-07-03 11:59:00,ACRS,1.159999966621399,1.159999966621399,1.159999966621399,1.159999966621399,1.159999966621399,835.0
2024-07-03 11:59:00,ADAP,1.0099999904632568,1.0099999904632568,1.0099999904632568,1.0099999904632568,1.0099999904632568,200.0
2024-07-03 11:59:00,ADMA,11.21500015258789,11.21500015258789,11.225000381469727,11.21500015258789,11.225000381469727,10319.0
2024-07-03 11:59:00,ADPT,3.375,3.375,3.375,3.375,3.375,140.0
2024-07-03 11:59:00,AGEN,14.265000343322754,14.265000343322754,14.300000190734863,14.25,14.300000190734863,1703.0
2024-07-03 11:59:00,AGIO,41.970001220703125,41.970001220703125,41.970001220703125,41.88999938964844,41.95000076293945,2139.0
2024-07-03 11:59:00,AHCO,9.75,9.75,9.75,9.75,9.75,658.0
2024-07-03 11:59:00,AIMD,0.8199999928474426,0.8199999928474426,0.8199999928474426,0.8199999928474426,0.8199999928474426,438.0
2024-07-03 11:59:00,AKAN,2.23009991645813,2.23009991645813,2.240000009536743,2.2100000381469727,2.240000009536743,3346.0
2024-07-03 11:59:00,AKRO,21.850000381469727,21.850000381469727,21.850000381469727,21.850000381469727,21.850000381469727,1641.0
2024-07-03 11:59:00,AKYA,2.115000009536743,2.115000009536743,2.115000009536743,2.115000009536743,2.115000009536743,355.0
2024-07-03 11:59:00,ALEC,4.429999828338623,4.429999828338623,4.429999828338623,4.429999828338623,4.429999828338623,304.0
2024-07-03 11:59:00,ALGN,242.125,242.125,242.125,242.125,242.125,176.0
2024-07-03 11:59:00,ALIM,5.525000095367432,5.525000095367432,5.525000095367432,5.525000095367432,5.525000095367432,150.0
2024-07-03 11:59:00,ALKS,24.225000381469727,24.225000381469727,24.225000381469727,24.225000381469727,24.225000381469727,483.0
2024-07-03 11:59:00,ALLK,0.8263000249862671,0.8263000249862671,0.8263000249862671,0.8263000249862671,0.8263000249862671,2650.0
2024-07-03 11:59:00,ALLO,2.0950000286102295,2.0950000286102295,2.099900007247925,2.0950000286102295,2.0950000286102295,4150.0
2024-07-03 11:59:00,ALLR,0.20110000669956207,0.20110000669956207,0.20409999787807465,0.20110000669956207,0.20409999787807465,7415.0
2024-07-03 11:59:00,ALNY,246.4250030517578,246.4250030517578,246.4250030517578,246.3094024658203,246.3094024658203,1459.0
2024-07-03 11:59:00,ALT,6.65500020980835,6.65500020980835,6.670000076293945,6.65500020980835,6.670000076293945,3430.0
2024-07-03 11:59:00,ALVR,0.7317000031471252,0.7317000031471252,0.7330999970436096,0.7317000031471252,0.7330999970436096,3736.0
2024-07-03 11:59:00,ALXO,5.704999923706055,5.704999923706055,5.704999923706055,5.704999923706055,5.704999923706055,217.0
2024-07-03 11:59:00,AMED,96.98999786376953,96.98999786376953,97.0,96.98999786376953,97.0,1531.0
2024-07-03 11:59:00,AMGN,307.1099853515625,307.1099853515625,307.2560119628906,307.0,307.18499755859375,3820.0
2024-07-03 11:59:00,AMLX,1.7549999952316284,1.7549999952316284,1.7599999904632568,1.7549999952316284,1.7549999952316284,714.0
2024-07-03 11:59:00,AMRN,0.7024999856948853,0.7024999856948853,0.7024999856948853,0.6930000185966492,0.6930000185966492,11154.0
2024-07-03 11:59:00,ANAB,25.010000228881836,25.010000228881836,25.010000228881836,25.010000228881836,25.010000228881836,556.0
2024-07-03 11:59:00,ANNX,4.784999847412109,4.784999847412109,4.789999961853027,4.78000020980835,4.784999847412109,4185.0
2024-07-03 11:59:00,ANTX,2.5673999786376953,2.5673999786376953,2.5673999786376953,2.5673999786376953,2.5673999786376953,0.0
2024-07-03 11:59:00,APLS,35.34000015258789,35.34000015258789,35.349998474121094,35.22999954223633,35.33000183105469,3333.0
2024-07-03 11:59:00,APLT,4.34499979019165,4.34499979019165,4.355000019073486,4.34499979019165,4.355000019073486,3107.0
2024-07-03 11:59:00,AQST,2.4000000953674316,2.4000000953674316,2.4049999713897705,2.4000000953674316,2.4049999713897705,900.0
2024-07-03 11:59:00,ARDX,5.235000133514404,5.235000133514404,5.244999885559082,5.230100154876709,5.244999885559082,14033.0
2024-07-03 11:59:00,ARQT,9.505000114440918,9.505000114440918,9.515000343322754,9.5,9.515000343322754,6532.0
2024-07-03 11:59:00,ARVN,23.780000686645508,23.780000686645508,23.780000686645508,23.780000686645508,23.780000686645508,1005.0
2024-07-03 11:59:00,ARWR,25.1299991607666,25.1299991607666,25.1299991607666,25.110000610351562,25.110000610351562,1641.0
2024-07-03 11:59:00,ASND,133.2899932861328,133.2899932861328,133.2899932861328,133.2899932861328,133.2899932861328,909.0
2024-07-03 11:59:00,ASRT,1.3350000381469727,1.3350000381469727,1.340000033378601,1.3306000232696533,1.3350000381469727,6507.0
2024-07-03 11:59:00,ATAI,1.2899999618530273,1.2899999618530273,1.2900999784469604,1.2899999618530273,1.2900999784469604,2541.0
2024-07-03 11:59:00,ATEC,9.96500015258789,9.96500015258789,9.96500015258789,9.960000038146973,9.960000038146973,1234.0
2024-07-03 11:59:00,ATNF,1.5959999561309814,1.5959999561309814,1.5959999561309814,1.5959999561309814,1.5959999561309814,63.0
2024-07-03 11:59:00,ATRC,22.30500030517578,22.30500030517578,22.315000534057617,22.280000686645508,22.280000686645508,1943.0
2024-07-03 11:59:00,ATXS,9.012499809265137,9.012499809265137,9.012499809265137,9.0,9.010000228881836,1708.0
2024-07-03 11:59:00,AUPH,5.460000038146973,5.460000038146973,5.460000038146973,5.460000038146973,5.460000038146973,118.0
2024-07-03 11:59:00,AUTL,3.4749999046325684,3.4749999046325684,3.4749999046325684,3.4649999141693115,3.4700000286102295,19503.0
2024-07-03 11:59:00,AVDL,14.420000076293945,14.420000076293945,14.420000076293945,14.420000076293945,14.420000076293945,590.0
2024-07-03 11:59:00,AVTE,1.6349999904632568,1.6349999904632568,1.6349999904632568,1.6349999904632568,1.6349999904632568,104.0
2024-07-03 11:59:00,AXSM,79.44499969482422,79.44499969482422,79.5,79.44000244140625,79.5,3138.0
2024-07-03 11:59:00,AZN,76.6449966430664,76.6449966430664,76.66500091552734,76.63999938964844,76.6449966430664,10937.0
2024-07-03 11:59:00,AZTA,52.654998779296875,52.654998779296875,52.654998779296875,52.630001068115234,52.630001068115234,1527.0
2024-07-03 11:59:00,BBIO,25.280000686645508,25.280000686645508,25.290000915527344,25.229999542236328,25.229999542236328,10556.0
2024-07-03 11:59:00,BCAB,1.3799999952316284,1.3799999952316284,1.3799999952316284,1.3799999952316284,1.3799999952316284,863.0
2024-07-03 11:59:00,BDSX,1.6100000143051147,1.6100000143051147,1.6100000143051147,1.6100000143051147,1.6100000143051147,170.0
2024-07-03 11:59:00,BDTX,4.360000133514404,4.360000133514404,4.360000133514404,4.360000133514404,4.360000133514404,481.0
2024-07-03 11:59:00,BEAM,23.530000686645508,23.530000686645508,23.575000762939453,23.530000686645508,23.575000762939453,2160.0
2024-07-03 11:59:00,BIIB,223.22000122070312,223.22000122070312,223.22000122070312,223.22000122070312,223.22000122070312,583.0
2024-07-03 11:59:00,BLFS,19.69499969482422,19.69499969482422,19.69499969482422,19.69499969482422,19.69499969482422,532.0
2024-07-03 11:59:00,BLRX,0.5194000005722046,0.5194000005722046,0.5194000005722046,0.5194000005722046,0.5194000005722046,285.0
2024-07-03 11:59:00,BLUE,0.9236999750137329,0.9236999750137329,0.9236999750137329,0.9212999939918518,0.921500027179718,11400.0
2024-07-03 11:59:00,BMEA,4.329999923706055,4.329999923706055,4.340000152587891,4.329999923706055,4.329999923706055,540.0
2024-07-03 11:59:00,BMRN,80.91000366210938,80.91000366210938,80.91000366210938,80.91000366210938,80.91000366210938,631.0
2024-07-03 11:59:00,BNGO,0.5630999803543091,0.5630999803543091,0.5630999803543091,0.5598999857902527,0.5598999857902527,5794.0
2024-07-03 11:59:00,BNTX,79.872802734375,79.872802734375,79.872802734375,79.8499984741211,79.87000274658203,1340.0
2024-07-03 11:59:00,BPMC,110.63999938964844,110.63999938964844,110.63999938964844,110.6050033569336,110.6050033569336,1011.0
2024-07-03 11:59:00,BRTX,1.9012000560760498,1.9012000560760498,1.9012000560760498,1.9012000560760498,1.9012000560760498,1422.0
2024-07-03 11:59:00,BTAI,1.0800000429153442,1.0800000429153442,1.0800000429153442,1.0800000429153442,1.0800000429153442,308.0
2024-07-03 11:59:00,BTMD,7.389999866485596,7.389999866485596,7.400000095367432,7.389999866485596,7.400000095367432,3171.0
2024-07-03 11:59:00,BVS,5.949999809265137,5.949999809265137,5.965000152587891,5.949999809265137,5.949999809265137,8527.0
2024-07-03 11:59:00,BYSI,2.5999999046325684,2.5999999046325684,2.5999999046325684,2.5999999046325684,2.5999999046325684,804.0
2024-07-03 11:59:00,CABA,7.519999980926514,7.519999980926514,7.53000020980835,7.510000228881836,7.510000228881836,5447.0
2024-07-03 11:59:00,CADL,6.282299995422363,6.282299995422363,6.282299995422363,6.282299995422363,6.282299995422363,408.0
2024-07-03 11:59:00,CAPR,4.739999771118164,4.739999771118164,4.739999771118164,4.739999771118164,4.739999771118164,120.0
2024-07-03 11:59:00,CASI,5.210000038146973,5.210000038146973,5.210000038146973,5.210000038146973,5.210000038146973,301.0
2024-07-03 11:59:00,CCCC,4.534999847412109,4.534999847412109,4.534999847412109,4.53000020980835,4.53000020980835,2744.0
2024-07-03 11:59:00,CDMO,7.784999847412109,7.784999847412109,7.820000171661377,7.78000020980835,7.784999847412109,7557.0
2024-07-03 11:59:00,CDXC,2.505000114440918,2.505000114440918,2.505000114440918,2.505000114440918,2.505000114440918,453.0
2024-07-03 11:59:00,CDXS,2.869999885559082,2.869999885559082,2.875,2.869999885559082,2.875,0.0
2024-07-03 11:59:00,CELC,16.28499984741211,16.28499984741211,16.28499984741211,16.249799728393555,16.249799728393555,255.0
2024-07-03 11:59:00,CERE,39.67499923706055,39.67499923706055,39.68000030517578,39.61000061035156,39.63999938964844,7154.0
2024-07-03 11:59:00,CERS,1.7200000286102295,1.7200000286102295,1.7200000286102295,1.715000033378601,1.715000033378601,382.0
2024-07-03 11:59:00,CGC,6.525000095367432,6.525000095367432,6.529799938201904,6.514999866485596,6.514999866485596,8089.0
2024-07-03 11:59:00,CGEM,16.584999084472656,16.584999084472656,16.6299991607666,16.584999084472656,16.6299991607666,1087.0
2024-07-03 11:59:00,CHRS,1.3849999904632568,1.3849999904632568,1.3899999856948853,1.3849999904632568,1.3899999856948853,3928.0
2024-07-03 11:59:00,CKPT,2.1600000858306885,2.1600000858306885,2.180000066757202,2.1600000858306885,2.180000066757202,360.0
2024-07-03 11:59:00,CLDX,35.959999084472656,35.959999084472656,35.970001220703125,35.959999084472656,35.970001220703125,1222.0
2024-07-03 11:59:00,CLOV,1.2496999502182007,1.2496999502182007,1.2496999502182007,1.2400000095367432,1.2400000095367432,539.0
2024-07-03 11:59:00,CMPS,6.210000038146973,6.210000038146973,6.210000038146973,6.210000038146973,6.210000038146973,215.0
2024-07-03 11:59:00,CNSP,1.5299999713897705,1.5299999713897705,1.5299999713897705,1.5199999809265137,1.5240000486373901,10846.0
2024-07-03 11:59:00,CNTB,1.3700000047683716,1.3700000047683716,1.3700000047683716,1.3700000047683716,1.3700000047683716,704.0
2024-07-03 11:59:00,CODX,1.2799999713897705,1.2799999713897705,1.2799999713897705,1.2799999713897705,1.2799999713897705,980.0
2024-07-03 11:59:00,COGT,8.354999542236328,8.354999542236328,8.369999885559082,8.319999694824219,8.34000015258789,3884.0
2024-07-03 11:59:00,COLL,32.18000030517578,32.18000030517578,32.18000030517578,32.125,32.125,1721.0
2024-07-03 11:59:00,CORT,30.3799991607666,30.3799991607666,30.3799991607666,30.3799991607666,30.3799991607666,305.0
2024-07-03 11:59:00,CPRX,15.420000076293945,15.420000076293945,15.420000076293945,15.420000076293945,15.420000076293945,1197.0
2024-07-03 11:59:00,CRBP,49.84000015258789,49.84000015258789,49.84000015258789,49.84000015258789,49.84000015258789,588.0
2024-07-03 11:59:00,CRBU,1.5800000429153442,1.5800000429153442,1.5800000429153442,1.5749000310897827,1.5774999856948853,1756.0
2024-07-03 11:59:00,CRMD,4.114999771118164,4.114999771118164,4.119999885559082,4.114999771118164,4.119999885559082,764.0
2024-07-03 11:59:00,CRNX,44.58000183105469,44.58000183105469,44.58000183105469,44.58000183105469,44.58000183105469,316.0
2024-07-03 11:59:00,CRSP,53.810001373291016,53.810001373291016,53.875,53.779998779296875,53.875,4309.0
2024-07-03 11:59:00,CTKB,5.59499979019165,5.59499979019165,5.599999904632568,5.590000152587891,5.599999904632568,4655.0
2024-07-03 11:59:00,CTXR,0.5095999836921692,0.5095999836921692,0.5099999904632568,0.5090000033378601,0.5090000033378601,10296.0
2024-07-03 11:59:00,CUE,0.9901000261306763,0.9901000261306763,0.9901000261306763,0.9901000261306763,0.9901000261306763,399.0
2024-07-03 11:59:00,CUTR,1.2949999570846558,1.2949999570846558,1.2990000247955322,1.2949999570846558,1.2949999570846558,1024.0
2024-07-03 11:59:00,CVAC,3.3399999141693115,3.3399999141693115,3.3399999141693115,3.3299999237060547,3.3399999141693115,8718.0
2024-07-03 11:59:00,DAWN,13.279999732971191,13.279999732971191,13.300000190734863,13.279999732971191,13.300000190734863,875.0
2024-07-03 11:59:00,DCGO,2.9549999237060547,2.9549999237060547,2.9549999237060547,2.9549999237060547,2.9549999237060547,729.0
2024-07-03 11:59:00,DERM,5.139999866485596,5.139999866485596,5.139999866485596,5.139999866485596,5.139999866485596,207.0
2024-07-03 11:59:00,DNLI,21.290000915527344,21.290000915527344,21.290000915527344,21.290000915527344,21.290000915527344,538.0
2024-07-03 11:59:00,DVAX,11.03499984741211,11.03499984741211,11.039999961853027,11.03499984741211,11.039999961853027,2892.0
2024-07-03 11:59:00,DXCM,110.66999816894531,110.66999816894531,110.72000122070312,110.66999816894531,110.70999908447266,2487.0
2024-07-03 11:59:00,DYN,34.084999084472656,34.084999084472656,34.099998474121094,34.084999084472656,34.099998474121094,1177.0
2024-07-03 11:59:00,EDIT,4.630000114440918,4.630000114440918,4.630000114440918,4.625,4.625,803.0
2024-07-03 11:59:00,EMBC,12.039999961853027,12.039999961853027,12.039999961853027,12.039999961853027,12.039999961853027,597.0
2024-07-03 11:59:00,ENSC,0.4729999899864197,0.4729999899864197,0.4729999899864197,0.4729999899864197,0.4729999899864197,100.0
2024-07-03 11:59:00,ERAS,2.219099998474121,2.219099998474121,2.2200000286102295,2.2149999141693115,2.2200000286102295,5578.0
2024-07-03 11:59:00,ESPR,2.3350000381469727,2.3350000381469727,2.3399999141693115,2.3350000381469727,2.3399999141693115,2762.0
2024-07-03 11:59:00,ETNB,7.5,7.5,7.5,7.489999771118164,7.489999771118164,1178.0
2024-07-03 11:59:00,EWTX,18.040000915527344,18.040000915527344,18.040000915527344,18.040000915527344,18.040000915527344,1042.0
2024-07-03 11:59:00,EXAI,5.429900169372559,5.429900169372559,5.429900169372559,5.425000190734863,5.425000190734863,0.0
2024-07-03 11:59:00,EXAS,43.165000915527344,43.165000915527344,43.189998626708984,43.15999984741211,43.189998626708984,4276.0
2024-07-03 11:59:00,EXEL,21.895000457763672,21.895000457763672,21.899999618530273,21.875,21.8799991607666,6911.0
2024-07-03 11:59:00,EYEN,0.7800999879837036,0.7800999879837036,0.7843000292778015,0.7800999879837036,0.7843000292778015,0.0
2024-07-03 11:59:00,FATE,3.140000104904175,3.140000104904175,3.1449999809265137,3.140000104904175,3.140000104904175,6578.0
2024-07-03 11:59:00,FDMT,20.829999923706055,20.829999923706055,20.829999923706055,20.78499984741211,20.78499984741211,1864.0
2024-07-03 11:59:00,FGEN,0.7099999785423279,0.7099999785423279,0.7139000296592712,0.7099999785423279,0.7099999785423279,37293.0
2024-07-03 11:59:00,FHTX,5.684999942779541,5.684999942779541,5.684999942779541,5.639999866485596,5.659999847412109,4121.0
2024-07-03 11:59:00,FLGC,0.9799000024795532,0.9799000024795532,0.9799000024795532,0.9799000024795532,0.9799000024795532,205.0
2024-07-03 11:59:00,FOLD,9.859999656677246,9.859999656677246,9.859999656677246,9.859999656677246,9.859999656677246,1662.0
2024-07-03 11:59:00,FULC,6.135000228881836,6.135000228881836,6.135000228881836,6.135000228881836,6.135000228881836,491.0
2024-07-03 11:59:00,GALT,2.1700000762939453,2.1700000762939453,2.1700000762939453,2.1700000762939453,2.1700000762939453,53.0
2024-07-03 11:59:00,GERN,4.324999809265137,4.324999809265137,4.324999809265137,4.324999809265137,4.324999809265137,3956.0
2024-07-03 11:59:00,GH,28.290000915527344,28.290000915527344,28.290000915527344,28.290000915527344,28.290000915527344,324.0
2024-07-03 11:59:00,GILD,66.94999694824219,66.94999694824219,66.97000122070312,66.94999694824219,66.95240020751953,5124.0
2024-07-03 11:59:00,GLSI,16.700000762939453,16.700000762939453,16.700000762939453,16.700000762939453,16.700000762939453,230.0
2024-07-03 11:59:00,GLYC,0.2745000123977661,0.2745000123977661,0.2745000123977661,0.27390000224113464,0.27390000224113464,23821.0
2024-07-03 11:59:00,GMAB,25.149999618530273,25.149999618530273,25.149999618530273,25.149999618530273,25.149999618530273,827.0
2024-07-03 11:59:00,GRFS,6.644999980926514,6.644999980926514,6.659999847412109,6.64300012588501,6.659999847412109,6875.0
2024-07-03 11:59:00,GTHX,2.5299999713897705,2.5299999713897705,2.5299999713897705,2.5299999713897705,2.5299999713897705,324.0
2024-07-03 11:59:00,HALO,52.275001525878906,52.275001525878906,52.29999923706055,52.2599983215332,52.2599983215332,3703.0
2024-07-03 11:59:00,HCM,17.459999084472656,17.459999084472656,17.459999084472656,17.459999084472656,17.459999084472656,146.0
2024-07-03 11:59:00,HITI,2.109299898147583,2.109299898147583,2.109299898147583,2.1029000282287598,2.1029000282287598,3532.0
2024-07-03 11:59:00,HLVX,14.399999618530273,14.399999618530273,14.399999618530273,14.399999618530273,14.399999618530273,1600.0
2024-07-03 11:59:00,HOLX,73.16999816894531,73.16999816894531,73.18000030517578,73.16000366210938,73.18000030517578,5082.0
2024-07-03 11:59:00,HOWL,2.0599000453948975,2.0599000453948975,2.0599000453948975,2.0599000453948975,2.0599000453948975,1213.0
2024-07-03 11:59:00,HQY,83.30000305175781,83.30000305175781,83.36000061035156,83.30000305175781,83.3499984741211,2837.0
2024-07-03 11:59:00,HRMY,30.459999084472656,30.459999084472656,30.459999084472656,30.459999084472656,30.459999084472656,307.0
2024-07-03 11:59:00,HRTX,2.7049999237060547,2.7049999237060547,2.7049999237060547,2.700000047683716,2.7016000747680664,3003.0
2024-07-03 11:59:00,HSIC,64.97000122070312,64.97000122070312,64.9800033569336,64.94999694824219,64.94999694824219,2674.0
2024-07-03 11:59:00,HUGE,0.14399999380111694,0.14399999380111694,0.14399999380111694,0.14399999380111694,0.14399999380111694,304.0
2024-07-03 11:59:00,HUMA,5.684999942779541,5.684999942779541,5.690000057220459,5.679999828338623,5.679999828338623,3193.0
2024-07-03 11:59:00,IBRX,6.264999866485596,6.264999866485596,6.264999866485596,6.264999866485596,6.264999866485596,1149.0
2024-07-03 11:59:00,ICLR,317.7550048828125,317.7550048828125,318.0,317.7550048828125,318.0,857.0
2024-07-03 11:59:00,IDXX,476.9800109863281,476.9800109863281,476.9800109863281,476.9800109863281,476.9800109863281,464.0
2024-07-03 11:59:00,IINN,1.385200023651123,1.385200023651123,1.385200023651123,1.385200023651123,1.385200023651123,200.0
2024-07-03 11:59:00,ILMN,105.58000183105469,105.58000183105469,105.61499786376953,105.58000183105469,105.61499786376953,765.0
2024-07-03 11:59:00,IMAB,1.524999976158142,1.524999976158142,1.524999976158142,1.524999976158142,1.524999976158142,135.0
2024-07-03 11:59:00,IMCR,36.0,36.0,36.029998779296875,35.959999084472656,35.994998931884766,3911.0
2024-07-03 11:59:00,IMMX,2.390000104904175,2.390000104904175,2.390000104904175,2.389400005340576,2.389400005340576,417.0
2024-07-03 11:59:00,IMNM,11.984999656677246,11.984999656677246,11.984999656677246,11.984999656677246,11.984999656677246,394.0
2024-07-03 11:59:00,INBX,13.140000343322754,13.140000343322754,13.15999984741211,13.100000381469727,13.145000457763672,1707.0
2024-07-03 11:59:00,INCY,57.80500030517578,57.80500030517578,57.84000015258789,57.80500030517578,57.81999969482422,1861.0
2024-07-03 11:59:00,INMD,17.559999465942383,17.559999465942383,17.565000534057617,17.559999465942383,17.560699462890625,6914.0
2024-07-03 11:59:00,INO,8.399999618530273,8.399999618530273,8.399999618530273,8.399999618530273,8.399999618530273,469.0
2024-07-03 11:59:00,INSM,62.08000183105469,62.08000183105469,62.1150016784668,61.998199462890625,61.998199462890625,5155.0
2024-07-03 11:59:00,INZY,4.46999979019165,4.46999979019165,4.474999904632568,4.46999979019165,4.474999904632568,651.0
2024-07-03 11:59:00,IONM,0.3264999985694885,0.3264999985694885,0.3264999985694885,0.3264999985694885,0.3264999985694885,518.0
2024-07-03 11:59:00,IONS,44.79999923706055,44.79999923706055,44.79999923706055,44.790000915527344,44.79999923706055,664.0
2024-07-03 11:59:00,IOVA,7.480000019073486,7.480000019073486,7.494999885559082,7.480000019073486,7.489999771118164,20586.0
2024-07-03 11:59:00,IRTC,93.72000122070312,93.72000122070312,93.72000122070312,93.72000122070312,93.72000122070312,239.0
2024-07-03 11:59:00,IRWD,6.119999885559082,6.119999885559082,6.119999885559082,6.114999771118164,6.114999771118164,1562.0
2024-07-03 11:59:00,ITOS,14.819999694824219,14.819999694824219,14.819999694824219,14.819999694824219,14.819999694824219,332.0
2024-07-03 11:59:00,JANX,37.963199615478516,37.963199615478516,37.963199615478516,37.963199615478516,37.963199615478516,314.0
2024-07-03 11:59:00,JAZZ,104.0250015258789,104.0250015258789,104.11000061035156,104.0250015258789,104.11000061035156,1013.0
2024-07-03 11:59:00,KMDA,5.164999961853027,5.164999961853027,5.164999961853027,5.164999961853027,5.164999961853027,125.0
2024-07-03 11:59:00,KTRA,0.289900004863739,0.289900004863739,0.289900004863739,0.289900004863739,0.289900004863739,1251.0
2024-07-03 11:59:00,KYMR,30.18000030517578,30.18000030517578,30.18000030517578,30.170000076293945,30.170000076293945,958.0
2024-07-03 11:59:00,KZR,0.5742999911308289,0.5742999911308289,0.5742999911308289,0.5742999911308289,0.5742999911308289,196.0
2024-07-03 11:59:00,LAB,1.8200000524520874,1.8200000524520874,1.8200000524520874,1.8200000524520874,1.8200000524520874,580.0
2024-07-03 11:59:00,LEGN,46.029998779296875,46.029998779296875,46.029998779296875,46.029998779296875,46.029998779296875,263.0
2024-07-03 11:59:00,LEXX,2.630000114440918,2.630000114440918,2.630000114440918,2.630000114440918,2.630000114440918,0.0
2024-07-03 11:59:00,LFLY,2.059999942779541,2.059999942779541,2.059999942779541,2.059999942779541,2.059999942779541,0.0
2024-07-03 11:59:00,LFMD,6.722499847412109,6.722499847412109,6.722499847412109,6.710000038146973,6.710000038146973,1921.0
2024-07-03 11:59:00,LGVN,1.6124999523162842,1.6124999523162842,1.6124999523162842,1.6124999523162842,1.6124999523162842,2000.0
2024-07-03 11:59:00,LMAT,81.19000244140625,81.19000244140625,81.19000244140625,81.19000244140625,81.19000244140625,224.0
2024-07-03 11:59:00,LOGC,5.764999866485596,5.764999866485596,5.764999866485596,5.764999866485596,5.764999866485596,4673.0
2024-07-03 11:59:00,LPTX,1.7949999570846558,1.7949999570846558,1.7949999570846558,1.7949999570846558,1.7949999570846558,481.0
2024-07-03 11:59:00,LSTA,3.490000009536743,3.490000009536743,3.490000009536743,3.490000009536743,3.490000009536743,300.0
2024-07-03 11:59:00,LUCY,0.4722999930381775,0.4722999930381775,0.4722999930381775,0.4684999883174896,0.4684999883174896,4344.0
2024-07-03 11:59:00,LUNG,6.269999980926514,6.269999980926514,6.269999980926514,6.269999980926514,6.269999980926514,200.0
2024-07-03 11:59:00,LVTX,1.8300000429153442,1.8300000429153442,1.8300000429153442,1.8286999464035034,1.8286999464035034,1148.0
2024-07-03 11:59:00,LXRX,1.6050000190734863,1.6050000190734863,1.606600046157837,1.6050000190734863,1.606600046157837,887.0
2024-07-03 11:59:00,LYEL,1.4850000143051147,1.4850000143051147,1.4850000143051147,1.4850000143051147,1.4850000143051147,1067.0
2024-07-03 11:59:00,LYRA,0.2858999967575073,0.2858999967575073,0.2858999967575073,0.2858999967575073,0.2858999967575073,403.0
2024-07-03 11:59:00,MASI,114.54000091552734,114.54000091552734,114.54000091552734,114.5199966430664,114.5199966430664,769.0
2024-07-03 11:59:00,MASS,4.804999828338623,4.804999828338623,4.809999942779541,4.800000190734863,4.800000190734863,3603.0
2024-07-03 11:59:00,MBIO,0.49239999055862427,0.49239999055862427,0.4927000105381012,0.49230000376701355,0.4927000105381012,10077.0
2024-07-03 11:59:00,MCRB,0.7114999890327454,0.7114999890327454,0.711899995803833,0.7114999890327454,0.7114999890327454,3389.0
2024-07-03 11:59:00,MDWD,14.680000305175781,14.680000305175781,14.760000228881836,14.680000305175781,14.75,3201.0
2024-07-03 11:59:00,ME,0.4092999994754791,0.4092999994754791,0.40939998626708984,0.4092999994754791,0.40939998626708984,9021.0
2024-07-03 11:59:00,MESO,6.739999771118164,6.739999771118164,6.739999771118164,6.739999771118164,6.739999771118164,84.0
2024-07-03 11:59:00,MLTX,41.5,41.5,41.5,41.5,41.5,600.0
2024-07-03 11:59:00,MNKD,5.014999866485596,5.014999866485596,5.019999980926514,5.014999866485596,5.019999980926514,533.0
2024-07-03 11:59:00,MNMD,7.150000095367432,7.150000095367432,7.150000095367432,7.148099899291992,7.148099899291992,2994.0
2024-07-03 11:59:00,MODD,1.440000057220459,1.440000057220459,1.440000057220459,1.4299999475479126,1.4299999475479126,300.0
2024-07-03 11:59:00,MODV,28.09000015258789,28.09000015258789,28.09000015258789,28.09000015258789,28.09000015258789,680.0
2024-07-03 11:59:00,MREO,3.509999990463257,3.509999990463257,3.509999990463257,3.509999990463257,3.509999990463257,943.0
2024-07-03 11:59:00,MRNA,115.6500015258789,115.6500015258789,115.80989837646484,115.59049987792969,115.66000366210938,2362.0
2024-07-03 11:59:00,MRSN,1.8450000286102295,1.8450000286102295,1.8450000286102295,1.840000033378601,1.840000033378601,311.0
2024-07-03 11:59:00,MRUS,52.19499969482422,52.19499969482422,52.19499969482422,52.19499969482422,52.19499969482422,675.0
2024-07-03 11:59:00,MRVI,6.974999904632568,6.974999904632568,6.974999904632568,6.96999979019165,6.96999979019165,8331.0
2024-07-03 11:59:00,MXCT,3.700000047683716,3.700000047683716,3.700000047683716,3.700000047683716,3.700000047683716,200.0
2024-07-03 11:59:00,MYGN,25.020000457763672,25.020000457763672,25.020000457763672,25.020000457763672,25.020000457763672,107.0
2024-07-03 11:59:00,NARI,49.494998931884766,49.494998931884766,49.560001373291016,49.494998931884766,49.560001373291016,707.0
2024-07-03 11:59:00,NBIX,138.08999633789062,138.08999633789062,138.08999633789062,138.05999755859375,138.05999755859375,1921.0
2024-07-03 11:59:00,NDRA,0.09839999675750732,0.09839999675750732,0.09880000352859497,0.09839999675750732,0.09880000352859497,18659.0
2024-07-03 11:59:00,NEO,13.710000038146973,13.710000038146973,13.710000038146973,13.710000038146973,13.710000038146973,545.0
2024-07-03 11:59:00,NEOG,15.199999809265137,15.199999809265137,15.199999809265137,15.199999809265137,15.199999809265137,1132.0
2024-07-03 11:59:00,NKTR,1.2599999904632568,1.2599999904632568,1.2599999904632568,1.2549999952316284,1.2549999952316284,300.0
2024-07-03 11:59:00,NKTX,5.324999809265137,5.324999809265137,5.324999809265137,5.324999809265137,5.324999809265137,161.0
2024-07-03 11:59:00,NRIX,19.530000686645508,19.530000686645508,19.549999237060547,19.530000686645508,19.530000686645508,1506.0
2024-07-03 11:59:00,NRSN,1.2999999523162842,1.2999999523162842,1.2999999523162842,1.2999999523162842,1.2999999523162842,200.0
2024-07-03 11:59:00,NTLA,22.6299991607666,22.6299991607666,22.635000228881836,22.6200008392334,22.6200008392334,847.0
2024-07-03 11:59:00,NTRA,111.25,111.25,111.48999786376953,111.25,111.48999786376953,4286.0
2024-07-03 11:59:00,NUWE,3.9200000762939453,3.9200000762939453,3.9200000762939453,3.9200000762939453,3.9200000762939453,1266.0
2024-07-03 11:59:00,NVAX,12.470000267028809,12.470000267028809,12.524999618530273,12.470000267028809,12.524999618530273,64913.0
2024-07-03 11:59:00,NVCR,16.66900062561035,16.66900062561035,16.670000076293945,16.65999984741211,16.670000076293945,1585.0
2024-07-03 11:59:00,OCGN,1.6100000143051147,1.6100000143051147,1.6100000143051147,1.600000023841858,1.6050000190734863,3548.0
2024-07-03 11:59:00,OCUL,6.639999866485596,6.639999866485596,6.644999980926514,6.635000228881836,6.643700122833252,3222.0
2024-07-03 11:59:00,OGI,1.5750000476837158,1.5750000476837158,1.5750000476837158,1.5700000524520874,1.5743000507354736,1323.0
2024-07-03 11:59:00,OM,3.875,3.875,3.875,3.875,3.875,423.0
2024-07-03 11:59:00,OMCL,26.584999084472656,26.584999084472656,26.584999084472656,26.584999084472656,26.584999084472656,205.0
2024-07-03 11:59:00,OMER,3.880000114440918,3.880000114440918,3.880000114440918,3.880000114440918,3.880000114440918,102.0
2024-07-03 12:00:00,ABCL,2.7149999141693115,2.7149999141693115,2.7149999141693115,2.7149999141693115,2.7149999141693115,334.0
2024-07-03 12:00:00,ABSI,3.184999942779541,3.184999942779541,3.197499990463257,3.184999942779541,3.190000057220459,7674.0
2024-07-03 12:00:00,ABUS,3.140000104904175,3.140000104904175,3.140000104904175,3.134999990463257,3.134999990463257,1572.0
2024-07-03 12:00:00,ACAD,15.5600004196167,15.5600004196167,15.569999694824219,15.5600004196167,15.569999694824219,2271.0
2024-07-03 12:00:00,ACB,4.866000175476074,4.866000175476074,4.866000175476074,4.866000175476074,4.866000175476074,502.0
2024-07-03 12:00:00,ACCD,3.559999942779541,3.559999942779541,3.559999942779541,3.549999952316284,3.555000066757202,35320.0
2024-07-03 12:00:00,ACET,1.0800000429153442,1.0800000429153442,1.0800000429153442,1.0800000429153442,1.0800000429153442,221.0
2024-07-03 12:00:00,ACHC,66.29000091552734,66.29000091552734,66.33999633789062,66.29000091552734,66.33999633789062,1358.0
2024-07-03 12:00:00,ACIU,3.799999952316284,3.799999952316284,3.799999952316284,3.799999952316284,3.799999952316284,1010.0
2024-07-03 12:00:00,ACRS,1.159999966621399,1.159999966621399,1.159999966621399,1.1549999713897705,1.159999966621399,12114.0
2024-07-03 12:00:00,ACST,2.9507999420166016,2.9507999420166016,2.9507999420166016,2.9507999420166016,2.9507999420166016,147.0
2024-07-03 12:00:00,ADAG,2.9000000953674316,2.9000000953674316,2.9600000381469727,2.9000000953674316,2.9600000381469727,2423.0
2024-07-03 12:00:00,ADAP,1.0099999904632568,1.0099999904632568,1.0198999643325806,1.0099999904632568,1.0188000202178955,10307.0
2024-07-03 12:00:00,ADMA,11.21500015258789,11.21500015258789,11.220000267028809,11.21500015258789,11.21500015258789,3191.0
2024-07-03 12:00:00,ADPT,3.375,3.375,3.3798999786376953,3.375,3.3798999786376953,863.0
2024-07-03 12:00:00,ADUS,117.3550033569336,117.3550033569336,117.3550033569336,117.3550033569336,117.3550033569336,1043.0
2024-07-03 12:00:00,AEMD,0.4027000069618225,0.4027000069618225,0.4027000069618225,0.4027000069618225,0.4027000069618225,14100.0
2024-07-03 12:00:00,AGEN,14.244999885559082,14.244999885559082,14.244999885559082,14.244999885559082,14.244999885559082,709.0
2024-07-03 12:00:00,AGIO,41.849998474121094,41.849998474121094,41.849998474121094,41.849998474121094,41.849998474121094,178.0
2024-07-03 12:00:00,AHCO,9.75,9.75,9.75,9.75,9.75,997.0
2024-07-03 12:00:00,AKBA,0.9470000267028809,0.9470000267028809,0.9470000267028809,0.9470000267028809,0.9470000267028809,602.0
2024-07-03 12:00:00,ALEC,4.429999828338623,4.429999828338623,4.429999828338623,4.429999828338623,4.429999828338623,378.0
2024-07-03 12:00:00,ALGN,241.94000244140625,241.94000244140625,242.13650512695312,241.94000244140625,242.08509826660156,3196.0
2024-07-03 12:00:00,ALGS,0.4237000048160553,0.4237000048160553,0.42489999532699585,0.42260000109672546,0.42260000109672546,14500.0
2024-07-03 12:00:00,ALKS,24.184999465942383,24.184999465942383,24.225000381469727,24.184999465942383,24.225000381469727,4613.0
2024-07-03 12:00:00,ALLK,0.8264999985694885,0.8264999985694885,0.8270999789237976,0.8258000016212463,0.8263000249862671,2261.0
2024-07-03 12:00:00,ALLO,2.0998001098632812,2.0998001098632812,2.0999999046325684,2.0950000286102295,2.0999999046325684,4887.0
2024-07-03 12:00:00,ALNY,246.40750122070312,246.40750122070312,246.4149932861328,246.27999877929688,246.30999755859375,1847.0
2024-07-03 12:00:00,ALT,6.644999980926514,6.644999980926514,6.65500020980835,6.639999866485596,6.65500020980835,3810.0
2024-07-03 12:00:00,ALXO,5.710000038146973,5.710000038146973,5.710000038146973,5.710000038146973,5.710000038146973,709.0
2024-07-03 12:00:00,AMED,96.98999786376953,96.98999786376953,97.0,96.98999786376953,97.0,819.0
2024-07-03 12:00:00,AMGN,306.9649963378906,306.9649963378906,307.1099853515625,306.82000732421875,307.1099853515625,3491.0
2024-07-03 12:00:00,AMLX,1.7599999904632568,1.7599999904632568,1.7599999904632568,1.7549999952316284,1.7599999904632568,417.0
2024-07-03 12:00:00,AMPH,38.33000183105469,38.33000183105469,38.380001068115234,38.33000183105469,38.349998474121094,3937.0
2024-07-03 12:00:00,ANGO,5.65500020980835,5.65500020980835,5.65500020980835,5.649899959564209,5.649899959564209,2393.0
2024-07-03 12:00:00,ANIP,60.880001068115234,60.880001068115234,60.880001068115234,60.880001068115234,60.880001068115234,445.0
2024-07-03 12:00:00,ANNX,4.784999847412109,4.784999847412109,4.784999847412109,4.78000020980835,4.784999847412109,2011.0
2024-07-03 12:00:00,ANTX,2.5666000843048096,2.5666000843048096,2.5666000843048096,2.5666000843048096,2.5666000843048096,0.0
2024-07-03 12:00:00,APDN,0.3944000005722046,0.3944000005722046,0.4000000059604645,0.3944000005722046,0.3970000147819519,600.0
2024-07-03 12:00:00,APLS,35.27000045776367,35.27000045776367,35.32500076293945,35.2599983215332,35.31999969482422,2419.0
2024-07-03 12:00:00,APLT,4.340000152587891,4.340000152587891,4.340000152587891,4.340000152587891,4.340000152587891,484.0
2024-07-03 12:00:00,APVO,0.3109999895095825,0.3109999895095825,0.3109999895095825,0.3109999895095825,0.3109999895095825,911.0
2024-07-03 12:00:00,APYX,1.3240000009536743,1.3240000009536743,1.3550000190734863,1.3240000009536743,1.350000023841858,542.0
2024-07-03 12:00:00,AQST,2.4049999713897705,2.4049999713897705,2.4049999713897705,2.4000000953674316,2.4000000953674316,1197.0
2024-07-03 12:00:00,ARCT,21.420000076293945,21.420000076293945,21.450000762939453,21.420000076293945,21.450000762939453,2084.0
2024-07-03 12:00:00,ARDX,5.244999885559082,5.244999885559082,5.244999885559082,5.235000133514404,5.235000133514404,15845.0
2024-07-03 12:00:00,ARQT,9.545000076293945,9.545000076293945,9.545000076293945,9.505000114440918,9.505000114440918,6113.0
2024-07-03 12:00:00,ARVN,23.795000076293945,23.795000076293945,23.795000076293945,23.795000076293945,23.795000076293945,238.0
2024-07-03 12:00:00,ASRT,1.336300015449524,1.336300015449524,1.336300015449524,1.3300000429153442,1.3300000429153442,1795.0
2024-07-03 12:00:00,ATEC,9.960000038146973,9.960000038146973,9.96500015258789,9.960000038146973,9.96500015258789,527.0
2024-07-03 12:00:00,ATOS,1.149999976158142,1.149999976158142,1.1549999713897705,1.149999976158142,1.1549999713897705,2608.0
2024-07-03 12:00:00,ATXS,9.005000114440918,9.005000114440918,9.005000114440918,9.0,9.0,1342.0
2024-07-03 12:00:00,AUGX,1.0049999952316284,1.0049999952316284,1.0049999952316284,1.0049999952316284,1.0049999952316284,3800.0
2024-07-03 12:00:00,AUPH,5.460000038146973,5.460000038146973,5.460000038146973,5.454999923706055,5.454999923706055,407.0
2024-07-03 12:00:00,AUTL,3.4800000190734863,3.4800000190734863,3.4800000190734863,3.4749999046325684,3.4800000190734863,1270.0
2024-07-03 12:00:00,AVIR,3.265000104904175,3.265000104904175,3.265000104904175,3.265000104904175,3.265000104904175,300.0
2024-07-03 12:00:00,AVTE,1.649999976158142,1.649999976158142,1.649999976158142,1.6349999904632568,1.6399999856948853,25095.0
2024-07-03 12:00:00,AVXL,4.150000095367432,4.150000095367432,4.150000095367432,4.150000095367432,4.150000095367432,478.0
2024-07-03 12:00:00,AZN,76.63500213623047,76.63500213623047,76.6449966430664,76.62999725341797,76.6449966430664,2825.0
2024-07-03 12:00:00,AZTA,52.56999969482422,52.56999969482422,52.630001068115234,52.56999969482422,52.630001068115234,2344.0
2024-07-03 12:00:00,BBIO,25.334999084472656,25.334999084472656,25.34000015258789,25.274999618530273,25.280000686645508,3100.0
2024-07-03 12:00:00,BCAB,1.4149999618530273,1.4149999618530273,1.434999942779541,1.3799999952316284,1.3799999952316284,73984.0
2024-07-03 12:00:00,BCRX,6.434999942779541,6.434999942779541,6.434999942779541,6.434999942779541,6.434999942779541,217.0
2024-07-03 12:00:00,BEAM,23.5,23.5,23.5,23.5,23.5,650.0
2024-07-03 12:00:00,BIIB,223.4149932861328,223.4149932861328,223.4149932861328,223.13499450683594,223.13499450683594,6509.0
2024-07-03 12:00:00,BIOR,0.6399999856948853,0.6399999856948853,0.6401000022888184,0.6399999856948853,0.6399999856948853,10495.0
2024-07-03 12:00:00,BJDX,0.6349999904632568,0.6349999904632568,0.6349999904632568,0.6349999904632568,0.6349999904632568,707.0
2024-07-03 12:00:00,BLFS,19.75,19.75,19.75,19.75,19.75,610.0
2024-07-03 12:00:00,BLUE,0.9185000061988831,0.9185000061988831,0.9212999939918518,0.9185000061988831,0.9212999939918518,5049.0
2024-07-03 12:00:00,BMEA,4.346499919891357,4.346499919891357,4.346499919891357,4.329999923706055,4.340000152587891,2881.0
2024-07-03 12:00:00,BMRN,80.81999969482422,80.81999969482422,80.8499984741211,80.80999755859375,80.8499984741211,3788.0
2024-07-03 12:00:00,BNGO,0.5669000148773193,0.5669000148773193,0.5669999718666077,0.5634999871253967,0.5634999871253967,22657.0
2024-07-03 12:00:00,BOLT,0.7348999977111816,0.7348999977111816,0.7348999977111816,0.7348999977111816,0.7348999977111816,105.0
2024-07-03 12:00:00,BPMC,110.63999938964844,110.63999938964844,110.63999938964844,110.63999938964844,110.63999938964844,518.0
2024-07-03 12:00:00,BRKR,61.380001068115234,61.380001068115234,61.43000030517578,61.380001068115234,61.400001525878906,3539.0
2024-07-03 12:00:00,BRTX,1.909999966621399,1.909999966621399,1.909999966621399,1.909999966621399,1.909999966621399,91.0
2024-07-03 12:00:00,BTAI,1.0800000429153442,1.0800000429153442,1.0800000429153442,1.0800000429153442,1.0800000429153442,153.0
2024-07-03 12:00:00,BVS,5.945000171661377,5.945000171661377,5.949999809265137,5.940000057220459,5.949999809265137,1134.0
2024-07-03 12:00:00,CABA,7.519999980926514,7.519999980926514,7.519999980926514,7.510000228881836,7.510000228881836,1825.0
2024-07-03 12:00:00,CADL,6.289999961853027,6.289999961853027,6.300000190734863,6.284999847412109,6.289999961853027,2714.0
2024-07-03 12:00:00,CAPR,4.739999771118164,4.739999771118164,4.739999771118164,4.739999771118164,4.739999771118164,152.0
2024-07-03 12:00:00,CARA,0.2851000130176544,0.2851000130176544,0.2851000130176544,0.2851000130176544,0.2851000130176544,461.0
2024-07-03 12:00:00,CASI,5.010000228881836,5.010000228881836,5.170000076293945,5.010000228881836,5.159999847412109,1500.0
2024-07-03 12:00:00,CCCC,4.539999961853027,4.539999961853027,4.545000076293945,4.534999847412109,4.539999961853027,1600.0
2024-07-03 12:00:00,CCRN,13.75,13.75,13.75,13.75,13.75,180.0
2024-07-03 12:00:00,CDMO,7.764999866485596,7.764999866485596,7.784999847412109,7.764999866485596,7.784999847412109,2558.0
2024-07-03 12:00:00,CELC,16.2450008392334,16.2450008392334,16.2450008392334,16.219999313354492,16.239999771118164,1142.0
2024-07-03 12:00:00,CERE,39.59000015258789,39.59000015258789,39.67499923706055,39.59000015258789,39.67499923706055,14924.0
2024-07-03 12:00:00,CERT,13.774999618530273,13.774999618530273,13.805000305175781,13.774999618530273,13.800000190734863,2778.0
2024-07-03 12:00:00,CGC,6.539899826049805,6.539899826049805,6.539999961853027,6.534999847412109,6.539700031280518,2663.0
2024-07-03 12:00:00,CHRS,1.3849999904632568,1.3849999904632568,1.3849999904632568,1.3801000118255615,1.3801000118255615,2097.0
2024-07-03 12:00:00,CLOV,1.2400000095367432,1.2400000095367432,1.2400000095367432,1.2400000095367432,1.2400000095367432,155.0
2024-07-03 12:00:00,CLRB,2.440000057220459,2.440000057220459,2.440000057220459,2.440000057220459,2.440000057220459,513.0
2024-07-03 12:00:00,CMPS,6.190000057220459,6.190000057220459,6.199999809265137,6.190000057220459,6.199999809265137,3780.0
2024-07-03 12:00:00,CNSP,1.5360000133514404,1.5360000133514404,1.559999942779541,1.5292999744415283,1.5298999547958374,48651.0
2024-07-03 12:00:00,CODX,1.2899999618530273,1.2899999618530273,1.2899999618530273,1.2899999618530273,1.2899999618530273,626.0
2024-07-03 12:00:00,COGT,8.379500389099121,8.379500389099121,8.380000114440918,8.359999656677246,8.359999656677246,1819.0
2024-07-03 12:00:00,CORT,30.375,30.375,30.375,30.375,30.375,388.0
2024-07-03 12:00:00,COSM,0.9101999998092651,0.9101999998092651,0.9197999835014343,0.910099983215332,0.9197999835014343,10338.0
2024-07-03 12:00:00,CPRX,15.420000076293945,15.420000076293945,15.430000305175781,15.420000076293945,15.430000305175781,904.0
2024-07-03 12:00:00,CRBU,1.5750000476837158,1.5750000476837158,1.5800000429153442,1.5700000524520874,1.5700000524520874,509.0
2024-07-03 12:00:00,CRDF,2.240000009536743,2.240000009536743,2.240000009536743,2.240000009536743,2.240000009536743,447.0
2024-07-03 12:00:00,CRMD,4.105000019073486,4.105000019073486,4.110000133514404,4.105000019073486,4.110000133514404,1326.0
2024-07-03 12:00:00,CRNX,44.56999969482422,44.56999969482422,44.56999969482422,44.51499938964844,44.51499938964844,929.0
2024-07-03 12:00:00,CRON,2.304500102996826,2.304500102996826,2.305000066757202,2.304500102996826,2.305000066757202,1770.0
2024-07-03 12:00:00,CRSP,53.869998931884766,53.869998931884766,53.869998931884766,53.810001373291016,53.83000183105469,2382.0
2024-07-03 12:00:00,CTKB,5.585000038146973,5.585000038146973,5.59499979019165,5.585000038146973,5.59499979019165,4385.0
2024-07-03 12:00:00,CTMX,1.315000057220459,1.315000057220459,1.315000057220459,1.315000057220459,1.315000057220459,1962.0
2024-07-03 12:00:00,CTXR,0.5099999904632568,0.5099999904632568,0.5099999904632568,0.5099999904632568,0.5099999904632568,1701.0
2024-07-03 12:00:00,CUE,0.9901000261306763,0.9901000261306763,0.9940999746322632,0.9901000261306763,0.9922000169754028,1501.0
2024-07-03 12:00:00,CUTR,1.2949999570846558,1.2949999570846558,1.2949999570846558,1.2949999570846558,1.2949999570846558,1102.0
2024-07-03 12:00:00,CVAC,3.349100112915039,3.349100112915039,3.349100112915039,3.3299999237060547,3.3310000896453857,9894.0
2024-07-03 12:00:00,CYTK,54.61000061035156,54.61000061035156,54.61000061035156,54.599998474121094,54.599998474121094,495.0
2024-07-03 12:00:00,DAWN,13.28499984741211,13.28499984741211,13.289999961853027,13.28499984741211,13.289999961853027,806.0
2024-07-03 12:00:00,DH,5.369999885559082,5.369999885559082,5.375,5.369999885559082,5.375,326.0
2024-07-03 12:00:00,DNLI,21.306800842285156,21.306800842285156,21.306800842285156,21.290000915527344,21.290000915527344,502.0
2024-07-03 12:00:00,DSGN,3.2699999809265137,3.2699999809265137,3.2699999809265137,3.259999990463257,3.259999990463257,643.0
2024-07-03 12:00:00,DXCM,110.73999786376953,110.73999786376953,110.73999786376953,110.66000366210938,110.66829681396484,2973.0
2024-07-03 12:00:00,DYN,34.084999084472656,34.084999084472656,34.084999084472656,34.084999084472656,34.084999084472656,168.0
2024-07-03 12:00:00,DYNT,0.23240000009536743,0.23240000009536743,0.23489999771118164,0.23240000009536743,0.23489999771118164,3280.0
2024-07-03 12:00:00,EDIT,4.624800205230713,4.624800205230713,4.624800205230713,4.624800205230713,4.624800205230713,549.0
2024-07-03 12:00:00,ELYM,6.809999942779541,6.809999942779541,6.809999942779541,6.809999942779541,6.809999942779541,250.0
2024-07-03 12:00:00,EMBC,11.979999542236328,11.979999542236328,12.029999732971191,11.979999542236328,12.029999732971191,1719.0
2024-07-03 12:00:00,ENSG,126.61750030517578,126.61750030517578,126.66999816894531,126.5999984741211,126.66999816894531,940.0
2024-07-03 12:00:00,EOLS,10.930000305175781,10.930000305175781,10.930000305175781,10.909600257873535,10.909600257873535,1382.0
2024-07-03 12:00:00,ERAS,2.2200000286102295,2.2200000286102295,2.2200000286102295,2.2200000286102295,2.2200000286102295,942.0
2024-07-03 12:00:00,ESPR,2.3350000381469727,2.3350000381469727,2.3350000381469727,2.3350000381469727,2.3350000381469727,3127.0
2024-07-03 12:00:00,ETNB,7.5,7.5,7.5,7.5,7.5,1241.0
2024-07-03 12:00:00,EWTX,18.040000915527344,18.040000915527344,18.040000915527344,18.040000915527344,18.040000915527344,126.0
2024-07-03 12:00:00,EXAS,43.13999938964844,43.13999938964844,43.16999816894531,43.13999938964844,43.16999816894531,3313.0
2024-07-03 12:00:00,EXEL,21.895000457763672,21.895000457763672,21.895000457763672,21.895000457763672,21.895000457763672,1014.0
2024-07-03 12:00:00,EYEN,0.784500002861023,0.784500002861023,0.784500002861023,0.784500002861023,0.784500002861023,118.0
2024-07-03 12:00:00,EYPT,8.350000381469727,8.350000381469727,8.350000381469727,8.350000381469727,8.350000381469727,419.0
2024-07-03 12:00:00,FATE,3.140000104904175,3.140000104904175,3.140000104904175,3.140000104904175,3.140000104904175,117.0
2024-07-03 12:00:00,FENC,6.0,6.0,6.0,6.0,6.0,5896.0
2024-07-03 12:00:00,FGEN,0.7121999859809875,0.7121999859809875,0.7121999859809875,0.7121999859809875,0.7121999859809875,1100.0
2024-07-03 12:00:00,FHTX,5.650000095367432,5.650000095367432,5.650000095367432,5.650000095367432,5.650000095367432,818.0
2024-07-03 12:00:00,FOLD,9.854999542236328,9.854999542236328,9.859999656677246,9.854999542236328,9.859999656677246,1933.0
2024-07-03 12:00:00,FONR,16.065000534057617,16.065000534057617,16.065000534057617,16.065000534057617,16.065000534057617,239.0
2024-07-03 12:00:00,FULC,6.130000114440918,6.130000114440918,6.135000228881836,6.130000114440918,6.135000228881836,3410.0
2024-07-03 12:00:00,GALT,2.1700000762939453,2.1700000762939453,2.1700000762939453,2.1700000762939453,2.1700000762939453,200.0
2024-07-03 12:00:00,GERN,4.324999809265137,4.324999809265137,4.324999809265137,4.324999809265137,4.324999809265137,1209.0
2024-07-03 12:00:00,GH,28.302499771118164,28.302499771118164,28.302499771118164,28.302499771118164,28.302499771118164,218.0
2024-07-03 12:00:00,GILD,66.94999694824219,66.94999694824219,66.95999908447266,66.93499755859375,66.94999694824219,9096.0
2024-07-03 12:00:00,GLPG,25.0,25.0,25.0,25.0,25.0,712.0
2024-07-03 12:00:00,GLUE,3.75,3.75,3.75,3.75,3.75,105.0
2024-07-03 12:00:00,GMAB,25.15999984741211,25.15999984741211,25.15999984741211,25.149999618530273,25.149999618530273,1425.0
2024-07-03 12:00:00,GOVX,2.9198999404907227,2.9198999404907227,2.9198999404907227,2.9198999404907227,2.9198999404907227,2002.0
2024-07-03 12:00:00,GRFS,6.650000095367432,6.650000095367432,6.650000095367432,6.644999980926514,6.644999980926514,737.0
2024-07-03 12:00:00,GTHX,2.5299999713897705,2.5299999713897705,2.5322000980377197,2.5299999713897705,2.5322000980377197,485.0
2024-07-03 12:00:00,HALO,52.209999084472656,52.209999084472656,52.244998931884766,52.20000076293945,52.244998931884766,2928.0
2024-07-03 12:00:00,HCAT,6.179999828338623,6.179999828338623,6.179999828338623,6.179999828338623,6.179999828338623,522.0
2024-07-03 12:00:00,HCM,17.475099563598633,17.475099563598633,17.475099563598633,17.475099563598633,17.475099563598633,685.0
2024-07-03 12:00:00,HCSG,10.619999885559082,10.619999885559082,10.619999885559082,10.586000442504883,10.586000442504883,2863.0
2024-07-03 12:00:00,HITI,2.102400064468384,2.102400064468384,2.102400064468384,2.102400064468384,2.102400064468384,3489.0
2024-07-03 12:00:00,HOLX,73.16000366210938,73.16000366210938,73.16999816894531,73.1500015258789,73.16000366210938,2547.0
2024-07-03 12:00:00,HOOK,0.5878999829292297,0.5878999829292297,0.5878999829292297,0.5878999829292297,0.5878999829292297,1674.0
2024-07-03 12:00:00,HPCO,0.8300999999046326,0.8300999999046326,0.8300999999046326,0.8300999999046326,0.8300999999046326,61.0
2024-07-03 12:00:00,HRMY,30.514999389648438,30.514999389648438,30.514999389648438,30.469999313354492,30.469999313354492,2123.0
2024-07-03 12:00:00,HROW,21.5,21.5,21.5,21.5,21.5,114.0
2024-07-03 12:00:00,HRTX,2.7051000595092773,2.7051000595092773,2.7051000595092773,2.700000047683716,2.7049999237060547,2432.0
2024-07-03 12:00:00,HSIC,64.91000366210938,64.91000366210938,64.9749984741211,64.91000366210938,64.9749984741211,3361.0
2024-07-03 12:00:00,HSTM,27.5,27.5,27.510000228881836,27.5,27.510000228881836,855.0
2024-07-03 12:00:00,HUGE,0.14399999380111694,0.14399999380111694,0.14399999380111694,0.14380000531673431,0.14399999380111694,2517.0
2024-07-03 12:00:00,HUMA,5.690000057220459,5.690000057220459,5.690000057220459,5.679999828338623,5.690000057220459,10677.0
2024-07-03 12:00:00,HYPR,0.9998999834060669,0.9998999834060669,0.9998999834060669,0.9998999834060669,0.9998999834060669,2953.0
2024-07-03 12:00:00,IBRX,6.260000228881836,6.260000228881836,6.260000228881836,6.260000228881836,6.260000228881836,1774.0
2024-07-03 12:00:00,ICLR,317.75,317.75,317.7550048828125,317.75,317.7550048828125,1210.0
2024-07-03 12:00:00,IDYA,33.380001068115234,33.380001068115234,33.380001068115234,33.290000915527344,33.290000915527344,2391.0
2024-07-03 12:00:00,IINN,1.385200023651123,1.385200023651123,1.385200023651123,1.385200023651123,1.385200023651123,120.0
2024-07-03 12:00:00,IKNA,1.6449999809265137,1.6449999809265137,1.6449999809265137,1.6449999809265137,1.6449999809265137,102.0
2024-07-03 12:00:00,ILMN,105.57499694824219,105.57499694824219,105.58000183105469,105.54000091552734,105.54000091552734,1578.0
2024-07-03 12:00:00,IMCC,0.4699999988079071,0.4699999988079071,0.4699999988079071,0.4699999988079071,0.4699999988079071,109.0
2024-07-03 12:00:00,IMMX,2.4000000953674316,2.4000000953674316,2.4000000953674316,2.3701000213623047,2.384999990463257,3834.0
2024-07-03 12:00:00,IMNM,11.984999656677246,11.984999656677246,11.984999656677246,11.984999656677246,11.984999656677246,647.0
2024-07-03 12:00:00,IMTX,11.770000457763672,11.770000457763672,11.770000457763672,11.770000457763672,11.770000457763672,184.0
2024-07-03 12:00:00,IMUX,1.1349999904632568,1.1349999904632568,1.1349999904632568,1.1349999904632568,1.1349999904632568,302.0
2024-07-03 12:00:00,IMVT,26.045000076293945,26.045000076293945,26.045000076293945,26.045000076293945,26.045000076293945,111.0
2024-07-03 12:00:00,INBX,13.104999542236328,13.104999542236328,13.130000114440918,13.104999542236328,13.130000114440918,510.0
2024-07-03 12:00:00,INCY,57.7400016784668,57.7400016784668,57.790000915527344,57.7400016784668,57.790000915527344,2540.0
2024-07-03 12:00:00,INGN,8.029999732971191,8.029999732971191,8.029999732971191,8.029999732971191,8.029999732971191,209.0
2024-07-03 12:00:00,INO,8.390000343322754,8.390000343322754,8.390000343322754,8.390000343322754,8.390000343322754,710.0
2024-07-03 12:00:00,INSM,62.0890007019043,62.0890007019043,62.0890007019043,62.060001373291016,62.060001373291016,2100.0
2024-07-03 12:00:00,INVA,16.260000228881836,16.260000228881836,16.260000228881836,16.260000228881836,16.260000228881836,1748.0
2024-07-03 12:00:00,INZY,4.469900131225586,4.469900131225586,4.469900131225586,4.469900131225586,4.469900131225586,502.0
2024-07-03 12:00:00,IONS,44.76499938964844,44.76499938964844,44.814998626708984,44.76499938964844,44.810001373291016,5058.0
2024-07-03 12:00:00,IOVA,7.465000152587891,7.465000152587891,7.489999771118164,7.460000038146973,7.480100154876709,44285.0
2024-07-03 12:00:00,IPSC,2.2300000190734863,2.2300000190734863,2.259999990463257,2.2300000190734863,2.25,3759.0
2024-07-03 12:00:00,IRIX,2.058300018310547,2.058300018310547,2.058300018310547,2.058300018310547,2.058300018310547,153.0
2024-07-03 12:00:00,IRTC,94.08000183105469,94.08000183105469,94.08000183105469,93.70999908447266,93.70999908447266,2160.0
2024-07-03 12:00:00,IRWD,6.119999885559082,6.119999885559082,6.119999885559082,6.119999885559082,6.119999885559082,203.0
2024-07-03 12:00:00,ISRG,433.6099853515625,433.6099853515625,433.82000732421875,433.6099853515625,433.80999755859375,2054.0
2024-07-03 12:00:00,ITCI,68.27999877929688,68.27999877929688,68.27999877929688,68.23999786376953,68.27999877929688,1986.0
2024-07-03 12:00:00,ITOS,14.800000190734863,14.800000190734863,14.835000038146973,14.800000190734863,14.835000038146973,1847.0
2024-07-03 12:00:00,IVVD,1.0950000286102295,1.0950000286102295,1.100000023841858,1.0950000286102295,1.100000023841858,2454.0
2024-07-03 12:00:00,JANX,37.97999954223633,37.97999954223633,37.97999954223633,37.93000030517578,37.93000030517578,516.0
2024-07-03 12:00:00,JAZZ,104.0250015258789,104.0250015258789,104.0250015258789,104.0250015258789,104.0250015258789,178.0
2024-07-03 12:00:00,KALV,11.609999656677246,11.609999656677246,11.630000114440918,11.609999656677246,11.630000114440918,1291.0
2024-07-03 12:00:00,KNSA,18.905000686645508,18.905000686645508,18.905000686645508,18.905000686645508,18.905000686645508,248.0
2024-07-03 12:00:00,KPTI,0.8230000138282776,0.8230000138282776,0.8230000138282776,0.8230000138282776,0.8230000138282776,3634.0
2024-07-03 12:00:00,KRMD,2.4200000762939453,2.4200000762939453,2.4200000762939453,2.4200000762939453,2.4200000762939453,179.0
2024-07-03 12:00:00,KTRA,0.28949999809265137,0.28949999809265137,0.289900004863739,0.28870001435279846,0.2890999913215637,9753.0
2024-07-03 12:00:00,KURA,20.239999771118164,20.239999771118164,20.239999771118164,20.239999771118164,20.239999771118164,1296.0
2024-07-03 12:00:00,KZR,0.5742999911308289,0.5742999911308289,0.5742999911308289,0.5742999911308289,0.5742999911308289,499.0
2024-07-03 12:00:00,LAB,1.8200000524520874,1.8200000524520874,1.8200000524520874,1.8200000524520874,1.8200000524520874,439.0
2024-07-03 12:00:00,LBPH,32.46500015258789,32.46500015258789,32.54069900512695,32.40999984741211,32.40999984741211,2628.0
2024-07-03 12:00:00,LEGN,46.0099983215332,46.0099983215332,46.0099983215332,46.0099983215332,46.0099983215332,212.0
2024-07-03 12:00:00,LFMD,6.71999979019165,6.71999979019165,6.71999979019165,6.71999979019165,6.71999979019165,676.0
2024-07-03 12:00:00,LFST,5.125,5.125,5.125,5.114999771118164,5.114999771118164,2281.0
2024-07-03 12:00:00,LGND,82.65499877929688,82.65499877929688,82.65499877929688,82.65499877929688,82.65499877929688,155.0
2024-07-03 12:00:00,LGVN,1.6196999549865723,1.6196999549865723,1.6196999549865723,1.6196999549865723,1.6196999549865723,0.0
2024-07-03 12:00:00,LIVN,52.599998474121094,52.599998474121094,52.599998474121094,52.599998474121094,52.599998474121094,425.0
2024-07-03 12:00:00,LNTH,79.33000183105469,79.33000183105469,79.33999633789062,79.31999969482422,79.33450317382812,1489.0
2024-07-03 12:00:00,LQDA,11.979999542236328,11.979999542236328,11.989999771118164,11.975000381469727,11.975000381469727,2739.0
2024-07-03 12:00:00,LUCY,0.4690000116825104,0.4690000116825104,0.4690000116825104,0.4690000116825104,0.4690000116825104,7459.0
2024-07-03 12:00:00,LXRX,1.6092000007629395,1.6092000007629395,1.6092000007629395,1.6050000190734863,1.6050000190734863,8329.0
2024-07-03 12:00:00,LYEL,1.4850000143051147,1.4850000143051147,1.4850000143051147,1.4850000143051147,1.4850000143051147,108.0
2024-07-03 12:00:00,LYRA,0.28619998693466187,0.28619998693466187,0.28619998693466187,0.2858000099658966,0.28600001335144043,1840.0
2024-07-03 12:00:00,MASI,114.54499816894531,114.54499816894531,114.58999633789062,114.54499816894531,114.58999633789062,1097.0
2024-07-03 12:00:00,MASS,4.809999942779541,4.809999942779541,4.809999942779541,4.800000190734863,4.800000190734863,0.0
2024-07-03 12:00:00,MCRB,0.7200999855995178,0.7200999855995178,0.720300018787384,0.7114999890327454,0.7117000222206116,39571.0
2024-07-03 12:00:00,MDWD,14.65999984741211,14.65999984741211,14.65999984741211,14.65999984741211,14.65999984741211,300.0
2024-07-03 12:00:00,MDXG,6.744999885559082,6.744999885559082,6.744999885559082,6.744999885559082,6.744999885559082,1032.0
2024-07-03 12:00:00,ME,0.4092999994754791,0.4092999994754791,0.4097000062465668,0.4092999994754791,0.4097000062465668,1957.0
2024-07-03 12:00:00,MEDS,18.139999389648438,18.139999389648438,18.25,17.850000381469727,18.25,2322.0
2024-07-03 12:00:00,MESO,6.739999771118164,6.739999771118164,6.739999771118164,6.739999771118164,6.739999771118164,200.0
2024-07-03 12:00:00,MGNX,4.195000171661377,4.195000171661377,4.199999809265137,4.190000057220459,4.190000057220459,1243.0
2024-07-03 12:00:00,MIRM,33.779998779296875,33.779998779296875,33.779998779296875,33.779998779296875,33.779998779296875,104.0
2024-07-03 12:00:00,MLTX,41.38999938964844,41.38999938964844,41.38999938964844,41.38999938964844,41.38999938964844,0.0
2024-07-03 12:00:00,MMSI,85.8949966430664,85.8949966430664,85.8949966430664,85.8949966430664,85.8949966430664,256.0
2024-07-03 12:00:00,MNKD,5.014999866485596,5.014999866485596,5.014999866485596,5.014999866485596,5.014999866485596,1356.0
2024-07-03 12:00:00,MRNA,115.73999786376953,115.73999786376953,115.73999786376953,115.61000061035156,115.69000244140625,2587.0
2024-07-03 12:00:00,MRNS,1.2050000429153442,1.2050000429153442,1.2050000429153442,1.2050000429153442,1.2050000429153442,142.0
2024-07-03 12:00:00,MRSN,1.850000023841858,1.850000023841858,1.850000023841858,1.840000033378601,1.840000033378601,408.0
2024-07-03 12:00:00,MRUS,52.220001220703125,52.220001220703125,52.22999954223633,52.0,52.19499969482422,8546.0
2024-07-03 12:00:00,MRVI,6.974999904632568,6.974999904632568,6.974999904632568,6.949999809265137,6.974999904632568,12833.0
2024-07-03 12:00:00,MXCT,3.700000047683716,3.700000047683716,3.700000047683716,3.700000047683716,3.700000047683716,200.0
2024-07-03 12:00:00,MYGN,24.950000762939453,24.950000762939453,24.9950008392334,24.940000534057617,24.97610092163086,1317.0
2024-07-03 12:00:00,NARI,49.5,49.5,49.560001373291016,49.5,49.560001373291016,553.0
2024-07-03 12:00:00,NAUT,2.305000066757202,2.305000066757202,2.305000066757202,2.305000066757202,2.305000066757202,4438.0
2024-07-03 12:00:00,NBIX,138.13999938964844,138.13999938964844,138.13999938964844,138.13999938964844,138.13999938964844,168.0
2024-07-03 12:00:00,NDRA,0.0982000008225441,0.0982000008225441,0.09839999675750732,0.09799999743700027,0.09839999675750732,53259.0
2024-07-03 12:00:00,NEO,13.729999542236328,13.729999542236328,13.729999542236328,13.699999809265137,13.699999809265137,3445.0
2024-07-03 12:00:00,NEOG,15.170000076293945,15.170000076293945,15.199899673461914,15.170000076293945,15.199899673461914,5909.0
2024-07-03 12:00:00,NKTR,1.2549999952316284,1.2549999952316284,1.2599999904632568,1.2549999952316284,1.2549999952316284,1652.0
2024-07-03 12:00:00,NKTX,5.324999809265137,5.324999809265137,5.324999809265137,5.324999809265137,5.324999809265137,133.0
2024-07-03 12:00:00,NRBO,4.550000190734863,4.550000190734863,4.550000190734863,4.550000190734863,4.550000190734863,200.0
2024-07-03 12:00:00,NRSN,1.2699999809265137,1.2699999809265137,1.2699999809265137,1.2699999809265137,1.2699999809265137,660.0
2024-07-03 12:00:00,NTLA,22.610000610351562,22.610000610351562,22.639999389648438,22.610000610351562,22.639999389648438,1589.0
2024-07-03 12:00:00,NUTX,5.329999923706055,5.329999923706055,5.329999923706055,5.329999923706055,5.329999923706055,528.0
2024-07-03 12:00:00,NUVL,71.7699966430664,71.7699966430664,72.0,71.7699966430664,72.0,2519.0
2024-07-03 12:00:00,NUWE,3.875,3.875,3.875,3.875,3.875,460.0
2024-07-03 12:00:00,NVAX,12.579999923706055,12.579999923706055,12.579999923706055,12.470499992370605,12.470499992370605,98701.0
2024-07-03 12:00:00,NVCR,16.66900062561035,16.66900062561035,16.709999084472656,16.66900062561035,16.68000030517578,5233.0
2024-07-03 12:00:00,NVCT,6.210000038146973,6.210000038146973,6.210000038146973,6.210000038146973,6.210000038146973,649.0
2024-07-03 12:00:00,NXL,1.3899999856948853,1.3899999856948853,1.3899999856948853,1.3899999856948853,1.3899999856948853,1249.0
2024-07-03 12:00:00,NYXH,7.360000133514404,7.360000133514404,7.360000133514404,7.360000133514404,7.360000133514404,288.0
2024-07-03 12:00:00,OCGN,1.6100000143051147,1.6100000143051147,1.6100000143051147,1.6100000143051147,1.6100000143051147,309.0
2024-07-03 12:00:00,OCUL,6.639999866485596,6.639999866485596,6.639999866485596,6.639999866485596,6.639999866485596,689.0
2024-07-03 12:00:00,OLMA,10.46500015258789,10.46500015258789,10.489899635314941,10.46500015258789,10.489899635314941,1590.0
2024-07-03 12:00:00,OM,3.869999885559082,3.869999885559082,3.869999885559082,3.869999885559082,3.869999885559082,268.0
2024-07-03 12:00:00,OMCL,26.549999237060547,26.549999237060547,26.584999084472656,26.549999237060547,26.584999084472656,2305.0
2024-07-03 12:00:00,OMER,3.869999885559082,3.869999885559082,3.875,3.869999885559082,3.875,300.0
2024-07-03 12:00:00,OMGA,1.9500000476837158,1.9500000476837158,1.9500000476837158,1.9500000476837158,1.9500000476837158,2341.0
2024-07-03 12:01:00,ABCL,2.7200000286102295,2.7200000286102295,2.7200000286102295,2.7163000106811523,2.7163000106811523,4365.0
2024-07-03 12:01:00,ABEO,4.260000228881836,4.260000228881836,4.260000228881836,4.260000228881836,4.260000228881836,523.0
2024-07-03 12:01:00,ABSI,3.190000057220459,3.190000057220459,3.190000057220459,3.190000057220459,3.190000057220459,200.0
2024-07-03 12:01:00,ABUS,3.130000114440918,3.130000114440918,3.130000114440918,3.130000114440918,3.130000114440918,450.0
2024-07-03 12:01:00,ACAD,15.5600004196167,15.5600004196167,15.5600004196167,15.5600004196167,15.5600004196167,423.0
2024-07-03 12:01:00,ACCD,3.555000066757202,3.555000066757202,3.555000066757202,3.549999952316284,3.549999952316284,21820.0
2024-07-03 12:01:00,ACET,1.0750000476837158,1.0750000476837158,1.0800000429153442,1.0750000476837158,1.0750000476837158,12296.0
2024-07-03 12:01:00,ACHC,66.33499908447266,66.33499908447266,66.33499908447266,66.29000091552734,66.29000091552734,3552.0
2024-07-03 12:01:00,ACLX,54.130001068115234,54.130001068115234,54.130001068115234,54.130001068115234,54.130001068115234,1001.0
2024-07-03 12:01:00,ACON,0.2919999957084656,0.2919999957084656,0.2919999957084656,0.2919999957084656,0.2919999957084656,514.0
2024-07-03 12:01:00,ACRS,1.149999976158142,1.149999976158142,1.1549999713897705,1.149999976158142,1.1549999713897705,548.0
2024-07-03 12:01:00,ADAP,1.0149999856948853,1.0149999856948853,1.0149999856948853,1.0149999856948853,1.0149999856948853,1113.0
2024-07-03 12:01:00,ADMA,11.225000381469727,11.225000381469727,11.225000381469727,11.21500015258789,11.220000267028809,15736.0
2024-07-03 12:01:00,ADPT,3.375,3.375,3.375,3.375,3.375,150.0
2024-07-03 12:01:00,AEMD,0.40290001034736633,0.40290001034736633,0.40290001034736633,0.40290001034736633,0.40290001034736633,0.0
2024-07-03 12:01:00,AGEN,14.284600257873535,14.284600257873535,14.284600257873535,14.25,14.266300201416016,941.0
2024-07-03 12:01:00,AGIO,41.720001220703125,41.720001220703125,41.79999923706055,41.720001220703125,41.79999923706055,1024.0
2024-07-03 12:01:00,AHCO,9.75,9.75,9.75,9.744999885559082,9.744999885559082,1359.0
2024-07-03 12:01:00,AKBA,0.9470000267028809,0.9470000267028809,0.9470000267028809,0.9456999897956848,0.9456999897956848,158.0
2024-07-03 12:01:00,AKYA,2.109999895095825,2.109999895095825,2.109999895095825,2.109999895095825,2.109999895095825,922.0
2024-07-03 12:01:00,ALEC,4.440000057220459,4.440000057220459,4.440000057220459,4.429999828338623,4.429999828338623,574.0
2024-07-03 12:01:00,ALGN,242.10499572753906,242.10499572753906,242.10499572753906,242.05499267578125,242.0800018310547,1706.0
2024-07-03 12:01:00,ALGS,0.42489999532699585,0.42489999532699585,0.42489999532699585,0.4237000048160553,0.4237000048160553,3700.0
2024-07-03 12:01:00,ALKS,24.190000534057617,24.190000534057617,24.190000534057617,24.190000534057617,24.190000534057617,285.0
2024-07-03 12:01:00,ALLK,0.8266000151634216,0.8266000151634216,0.8266000151634216,0.8266000151634216,0.8266000151634216,1002.0
2024-07-03 12:01:00,ALLO,2.0950000286102295,2.0950000286102295,2.0950000286102295,2.0950000286102295,2.0950000286102295,2661.0
2024-07-03 12:01:00,ALNY,246.17999267578125,246.17999267578125,246.44000244140625,245.91000366210938,246.4149932861328,3321.0
2024-07-03 12:01:00,ALT,6.650000095367432,6.650000095367432,6.650000095367432,6.630000114440918,6.644999980926514,4391.0
2024-07-03 12:01:00,AMED,97.0,97.0,97.0,96.98999786376953,97.0,4536.0
2024-07-03 12:01:00,AMGN,306.92498779296875,306.92498779296875,306.92498779296875,306.8699951171875,306.8699951171875,949.0
2024-07-03 12:01:00,AMLX,1.7549999952316284,1.7549999952316284,1.7549999952316284,1.7549999952316284,1.7549999952316284,2760.0
2024-07-03 12:01:00,AMPH,38.29999923706055,38.29999923706055,38.34000015258789,38.29999923706055,38.34000015258789,1340.0
2024-07-03 12:01:00,ANAB,25.0,25.0,25.0,25.0,25.0,516.0
2024-07-03 12:01:00,ANGO,5.653299808502197,5.653299808502197,5.653299808502197,5.650000095367432,5.650000095367432,1064.0
2024-07-03 12:01:00,ANNX,4.784999847412109,4.784999847412109,4.789999961853027,4.784999847412109,4.784999847412109,3239.0
2024-07-03 12:01:00,APDN,0.39989998936653137,0.39989998936653137,0.39989998936653137,0.39410001039505005,0.39410001039505005,1565.0
2024-07-03 12:01:00,APLS,35.27000045776367,35.27000045776367,35.27000045776367,35.22999954223633,35.22999954223633,461.0
2024-07-03 12:01:00,APLT,4.320000171661377,4.320000171661377,4.340000152587891,4.320000171661377,4.340000152587891,4643.0
2024-07-03 12:01:00,AQST,2.4049999713897705,2.4049999713897705,2.4049999713897705,2.4049999713897705,2.4049999713897705,524.0
2024-07-03 12:01:00,ARCT,21.415000915527344,21.415000915527344,21.415000915527344,21.40999984741211,21.40999984741211,1941.0
2024-07-03 12:01:00,ARDX,5.240099906921387,5.240099906921387,5.249899864196777,5.239999771118164,5.249899864196777,6513.0
2024-07-03 12:01:00,ARQT,9.539999961853027,9.539999961853027,9.550000190734863,9.539999961853027,9.550000190734863,5169.0
2024-07-03 12:01:00,ARVN,23.860000610351562,23.860000610351562,23.8700008392334,23.790000915527344,23.790000915527344,4079.0
2024-07-03 12:01:00,ARWR,25.110000610351562,25.110000610351562,25.110000610351562,25.110000610351562,25.110000610351562,130.0
2024-07-03 12:01:00,ASRT,1.3350000381469727,1.3350000381469727,1.3350000381469727,1.3350000381469727,1.3350000381469727,444.0
2024-07-03 12:01:00,ATAI,1.2949999570846558,1.2949999570846558,1.2949999570846558,1.2949999570846558,1.2949999570846558,370.0
2024-07-03 12:01:00,ATXS,9.0,9.0,9.0,9.0,9.0,236.0
2024-07-03 12:01:00,AUGX,1.0,1.0,1.0,1.0,1.0,0.0
2024-07-03 12:01:00,AUPH,5.454999923706055,5.454999923706055,5.454999923706055,5.454999923706055,5.454999923706055,178.0
2024-07-03 12:01:00,AUTL,3.4800000190734863,3.4800000190734863,3.4800000190734863,3.4749999046325684,3.4800000190734863,766.0
2024-07-03 12:01:00,AVDL,14.420000076293945,14.420000076293945,14.420000076293945,14.420000076293945,14.420000076293945,962.0
2024-07-03 12:01:00,AVIR,3.2899999618530273,3.2899999618530273,3.2899999618530273,3.265000104904175,3.265000104904175,7339.0
2024-07-03 12:01:00,AVTE,1.6549999713897705,1.6549999713897705,1.6549999713897705,1.6549999713897705,1.6549999713897705,323.0
2024-07-03 12:01:00,AXSM,79.43499755859375,79.43499755859375,79.43499755859375,79.43499755859375,79.43499755859375,160.0
2024-07-03 12:01:00,AYTU,2.8399999141693115,2.8399999141693115,2.8399999141693115,2.8399999141693115,2.8399999141693115,457.0
2024-07-03 12:01:00,AZN,76.63999938964844,76.63999938964844,76.6449966430664,76.62999725341797,76.63500213623047,6030.0
2024-07-03 12:01:00,AZTA,52.56999969482422,52.56999969482422,52.56999969482422,52.56999969482422,52.56999969482422,796.0
2024-07-03 12:01:00,BACK,1.679900050163269,1.679900050163269,1.679900050163269,1.679900050163269,1.679900050163269,1357.0
2024-07-03 12:01:00,BBIO,25.360000610351562,25.360000610351562,25.360000610351562,25.334999084472656,25.334999084472656,376.0
2024-07-03 12:01:00,BCDA,3.049999952316284,3.049999952316284,3.049999952316284,3.049999952316284,3.049999952316284,254.0
2024-07-03 12:01:00,BCRX,6.420000076293945,6.420000076293945,6.429999828338623,6.420000076293945,6.429999828338623,4914.0
2024-07-03 12:01:00,BDTX,4.360000133514404,4.360000133514404,4.360000133514404,4.360000133514404,4.360000133514404,365.0
2024-07-03 12:01:00,BEAM,23.459999084472656,23.459999084472656,23.469999313354492,23.43000030517578,23.469999313354492,1047.0
2024-07-03 12:01:00,BIAF,2.194999933242798,2.194999933242798,2.194999933242798,2.194999933242798,2.194999933242798,1040.0
2024-07-03 12:01:00,BIIB,223.3800048828125,223.3800048828125,223.3800048828125,223.3800048828125,223.3800048828125,804.0
2024-07-03 12:01:00,BIOR,0.6399000287055969,0.6399000287055969,0.6406000256538391,0.6399000287055969,0.6406000256538391,2710.0
2024-07-03 12:01:00,BLRX,0.5101000070571899,0.5101000070571899,0.5192999839782715,0.5101000070571899,0.5101000070571899,20099.0
2024-07-03 12:01:00,BLTE,45.400001525878906,45.400001525878906,45.439998626708984,45.400001525878906,45.439998626708984,1124.0
2024-07-03 12:01:00,BLUE,0.9150999784469604,0.9150999784469604,0.9150999784469604,0.9150999784469604,0.9150999784469604,1409.0
2024-07-03 12:01:00,BMEA,4.320000171661377,4.320000171661377,4.34499979019165,4.309999942779541,4.34499979019165,11461.0
2024-07-03 12:01:00,BMRN,80.73320007324219,80.73320007324219,80.76000213623047,80.66999816894531,80.76000213623047,1480.0
2024-07-03 12:01:00,BNGO,0.5634999871253967,0.5634999871253967,0.5669000148773193,0.5633999705314636,0.565500020980835,46801.0
2024-07-03 12:01:00,BNTC,9.09000015258789,9.09000015258789,9.09000015258789,9.09000015258789,9.09000015258789,135.0
2024-07-03 12:01:00,BPMC,110.48999786376953,110.48999786376953,110.70999908447266,110.48999786376953,110.6500015258789,2884.0
2024-07-03 12:01:00,BRKR,61.38249969482422,61.38249969482422,61.400001525878906,61.349998474121094,61.369998931884766,4644.0
2024-07-03 12:01:00,BTAI,1.0800000429153442,1.0800000429153442,1.089900016784668,1.0800000429153442,1.0800000429153442,1468.0
2024-07-03 12:01:00,CABA,7.519999980926514,7.519999980926514,7.519999980926514,7.519999980926514,7.519999980926514,260.0
2024-07-03 12:01:00,CAPR,4.739999771118164,4.739999771118164,4.760000228881836,4.739999771118164,4.739999771118164,6477.0
2024-07-03 12:01:00,CASI,5.230000019073486,5.230000019073486,5.230000019073486,5.230000019073486,5.230000019073486,755.0
2024-07-03 12:01:00,CCCC,4.53000020980835,4.53000020980835,4.539999961853027,4.53000020980835,4.534999847412109,2878.0
2024-07-03 12:01:00,CCRN,13.760000228881836,13.760000228881836,13.760000228881836,13.760000228881836,13.760000228881836,740.0
2024-07-03 12:01:00,CDMO,7.764999866485596,7.764999866485596,7.764999866485596,7.764999866485596,7.764999866485596,489.0
2024-07-03 12:01:00,CDNA,15.109999656677246,15.109999656677246,15.109999656677246,15.109999656677246,15.109999656677246,247.0
2024-07-03 12:01:00,CDXC,2.505000114440918,2.505000114440918,2.505000114440918,2.505000114440918,2.505000114440918,500.0
2024-07-03 12:01:00,CELC,16.229999542236328,16.229999542236328,16.2450008392334,16.200000762939453,16.2450008392334,1185.0
2024-07-03 12:01:00,CERE,39.58000183105469,39.58000183105469,39.59000015258789,39.560001373291016,39.59000015258789,51855.0
2024-07-03 12:01:00,CERS,1.7200000286102295,1.7200000286102295,1.7200000286102295,1.7200000286102295,1.7200000286102295,1347.0
2024-07-03 12:01:00,CGC,6.539999961853027,6.539999961853027,6.548299789428711,6.539999961853027,6.539999961853027,2002.0
2024-07-03 12:01:00,CHRS,1.385200023651123,1.385200023651123,1.385200023651123,1.3849999904632568,1.3849999904632568,1300.0
2024-07-03 12:01:00,CING,0.3377000093460083,0.3377000093460083,0.3377000093460083,0.3377000093460083,0.3377000093460083,693.0
2024-07-03 12:01:00,CLDX,36.0099983215332,36.0099983215332,36.02000045776367,35.91999816894531,35.91999816894531,2957.0
2024-07-03 12:01:00,CLOV,1.2400000095367432,1.2400000095367432,1.2400000095367432,1.2400000095367432,1.2400000095367432,278.0
2024-07-03 12:01:00,CMAX,2.1898999214172363,2.1898999214172363,2.1898999214172363,2.1898999214172363,2.1898999214172363,1551.0
2024-07-03 12:01:00,CMPS,6.1915998458862305,6.1915998458862305,6.1915998458862305,6.1915998458862305,6.1915998458862305,315.0
2024-07-03 12:01:00,CMPX,0.8539999723434448,0.8539999723434448,0.8539999723434448,0.8465999960899353,0.8465999960899353,300.0
2024-07-03 12:01:00,CMRX,0.8629999756813049,0.8629999756813049,0.8629999756813049,0.8629999756813049,0.8629999756813049,200.0
2024-07-03 12:01:00,CNSP,1.5049999952316284,1.5049999952316284,1.5399999618530273,1.5,1.534999966621399,39142.0
2024-07-03 12:01:00,COGT,8.390000343322754,8.390000343322754,8.390000343322754,8.375,8.375,238.0
2024-07-03 12:01:00,COLL,32.18000030517578,32.18000030517578,32.18000030517578,32.18000030517578,32.18000030517578,394.0
2024-07-03 12:01:00,CORT,30.30500030517578,30.30500030517578,30.350000381469727,30.290000915527344,30.350000381469727,5054.0
2024-07-03 12:01:00,COSM,0.9125999808311462,0.9125999808311462,0.913100004196167,0.910099983215332,0.910099983215332,4597.0
2024-07-03 12:01:00,CRBU,1.5800000429153442,1.5800000429153442,1.5800000429153442,1.5750000476837158,1.5750000476837158,241.0
2024-07-03 12:01:00,CRMD,4.105000019073486,4.105000019073486,4.105000019073486,4.105000019073486,4.105000019073486,430.0
2024-07-03 12:01:00,CRSP,53.880001068115234,53.880001068115234,53.880001068115234,53.880001068115234,53.880001068115234,554.0
2024-07-03 12:01:00,CTKB,5.590000152587891,5.590000152587891,5.590000152587891,5.590000152587891,5.590000152587891,0.0
2024-07-03 12:01:00,CTMX,1.309999942779541,1.309999942779541,1.309999942779541,1.309999942779541,1.309999942779541,0.0
2024-07-03 12:01:00,CTXR,0.5101000070571899,0.5101000070571899,0.5101000070571899,0.5099999904632568,0.5099999904632568,9359.0
2024-07-03 12:01:00,CUE,0.9901000261306763,0.9901000261306763,0.9901000261306763,0.9901000261306763,0.9901000261306763,708.0
2024-07-03 12:01:00,CUTR,1.2949999570846558,1.2949999570846558,1.297700047492981,1.2949999570846558,1.297700047492981,575.0
2024-07-03 12:01:00,CVAC,3.380000114440918,3.380000114440918,3.4200000762939453,3.3499999046325684,3.3499999046325684,51223.0
2024-07-03 12:01:00,CYTK,54.599998474121094,54.599998474121094,54.65999984741211,54.599998474121094,54.65999984741211,4717.0
2024-07-03 12:01:00,DAWN,13.279999732971191,13.279999732971191,13.279999732971191,13.279999732971191,13.279999732971191,215.0
2024-07-03 12:01:00,DH,5.360000133514404,5.360000133514404,5.369999885559082,5.360000133514404,5.369999885559082,1409.0
2024-07-03 12:01:00,DNLI,21.299999237060547,21.299999237060547,21.299999237060547,21.299999237060547,21.299999237060547,310.0
2024-07-03 12:01:00,DSGN,3.259999990463257,3.259999990463257,3.259999990463257,3.259999990463257,3.259999990463257,154.0
2024-07-03 12:01:00,DVAX,11.050000190734863,11.050000190734863,11.050000190734863,11.024999618530273,11.029999732971191,9450.0
2024-07-03 12:01:00,DXCM,110.75499725341797,110.75499725341797,110.75499725341797,110.75499725341797,110.75499725341797,657.0
2024-07-03 12:01:00,DYAI,1.541700005531311,1.541700005531311,1.5499999523162842,1.531599998474121,1.5399999618530273,2000.0
2024-07-03 12:01:00,DYN,34.084999084472656,34.084999084472656,34.087501525878906,34.084999084472656,34.084999084472656,1136.0
2024-07-03 12:01:00,DYNT,0.23119999468326569,0.23119999468326569,0.23119999468326569,0.23119999468326569,0.23119999468326569,302.0
2024-07-03 12:01:00,EDAP,5.173500061035156,5.173500061035156,5.173500061035156,5.173500061035156,5.173500061035156,122.0
2024-07-03 12:01:00,EDIT,4.619999885559082,4.619999885559082,4.625,4.619999885559082,4.622499942779541,2215.0
2024-07-03 12:01:00,ELEV,2.640000104904175,2.640000104904175,2.6449999809265137,2.640000104904175,2.6449999809265137,2837.0
2024-07-03 12:01:00,ENLV,1.2799999713897705,1.2799999713897705,1.284999966621399,1.2799999713897705,1.284999966621399,383.0
2024-07-03 12:01:00,ENSG,126.91500091552734,126.91500091552734,126.91500091552734,126.59500122070312,126.59500122070312,5447.0
2024-07-03 12:01:00,EOLS,10.930000305175781,10.930000305175781,10.930000305175781,10.920000076293945,10.920000076293945,915.0
2024-07-03 12:01:00,ERAS,2.2200000286102295,2.2200000286102295,2.2200000286102295,2.2200000286102295,2.2200000286102295,157.0
2024-07-03 12:01:00,ESPR,2.3399999141693115,2.3399999141693115,2.3399999141693115,2.3350000381469727,2.3350000381469727,3656.0
2024-07-03 12:01:00,ESTA,43.40999984741211,43.40999984741211,43.40999984741211,43.34000015258789,43.34000015258789,888.0
2024-07-03 12:01:00,ETNB,7.489999771118164,7.489999771118164,7.5,7.489999771118164,7.5,3657.0
2024-07-03 12:01:00,EVOK,0.5353000164031982,0.5353000164031982,0.5353000164031982,0.5353000164031982,0.5353000164031982,1149.0
2024-07-03 12:01:00,EXAI,5.449999809265137,5.449999809265137,5.449999809265137,5.429999828338623,5.429999828338623,904.0
2024-07-03 12:01:00,EXAS,43.165000915527344,43.165000915527344,43.18000030517578,43.150001525878906,43.150001525878906,4824.0
2024-07-03 12:01:00,EXEL,21.889999389648438,21.889999389648438,21.889999389648438,21.889999389648438,21.889999389648438,768.0
2024-07-03 12:01:00,EYEN,0.784500002861023,0.784500002861023,0.784500002861023,0.784500002861023,0.784500002861023,105.0
2024-07-03 12:01:00,FATE,3.1449999809265137,3.1449999809265137,3.1449999809265137,3.140000104904175,3.140000104904175,893.0
2024-07-03 12:01:00,FGEN,0.7099999785423279,0.7099999785423279,0.7099999785423279,0.7099999785423279,0.7099999785423279,858.0
2024-07-03 12:01:00,FHTX,5.710000038146973,5.710000038146973,5.710000038146973,5.659999847412109,5.679999828338623,4415.0
2024-07-03 12:01:00,FOLD,9.854999542236328,9.854999542236328,9.854999542236328,9.854999542236328,9.854999542236328,465.0
2024-07-03 12:01:00,FULC,6.110000133514404,6.110000133514404,6.130000114440918,6.110000133514404,6.130000114440918,6214.0
2024-07-03 12:01:00,GALT,2.1600000858306885,2.1600000858306885,2.1600000858306885,2.1600000858306885,2.1600000858306885,100.0
2024-07-03 12:01:00,GDRX,7.735000133514404,7.735000133514404,7.735000133514404,7.735000133514404,7.735000133514404,490.0
2024-07-03 12:01:00,GERN,4.320000171661377,4.320000171661377,4.324999809265137,4.320000171661377,4.324999809265137,4023.0
2024-07-03 12:01:00,GH,28.31999969482422,28.31999969482422,28.31999969482422,28.280000686645508,28.299999237060547,932.0
2024-07-03 12:01:00,GILD,66.9800033569336,66.9800033569336,66.9800033569336,66.94499969482422,66.94499969482422,5833.0
2024-07-03 12:01:00,GLUE,3.7142999172210693,3.7142999172210693,3.7200000286102295,3.7142999172210693,3.7200000286102295,1004.0
2024-07-03 12:01:00,GLYC,0.2743000090122223,0.2743000090122223,0.2743000090122223,0.2743000090122223,0.2743000090122223,0.0
2024-07-03 12:01:00,GMAB,25.139999389648438,25.139999389648438,25.149900436401367,25.139999389648438,25.149900436401367,1152.0
2024-07-03 12:01:00,GOSS,0.9491000175476074,0.9491000175476074,0.9501000046730042,0.9491000175476074,0.9501000046730042,7502.0
2024-07-03 12:01:00,GOVX,2.9200000762939453,2.9200000762939453,2.9200000762939453,2.9200000762939453,2.9200000762939453,1422.0
2024-07-03 12:01:00,GRFS,6.644999980926514,6.644999980926514,6.650000095367432,6.644999980926514,6.644999980926514,11131.0
2024-07-03 12:01:00,GRTS,0.5774999856948853,0.5774999856948853,0.5774999856948853,0.5774999856948853,0.5774999856948853,4503.0
2024-07-03 12:01:00,HALO,52.20000076293945,52.20000076293945,52.20000076293945,52.20000076293945,52.20000076293945,323.0
2024-07-03 12:01:00,HCAT,6.179999828338623,6.179999828338623,6.179999828338623,6.179999828338623,6.179999828338623,765.0
2024-07-03 12:01:00,HCSG,10.59000015258789,10.59000015258789,10.600000381469727,10.59000015258789,10.600000381469727,641.0
2024-07-03 12:01:00,HLVX,14.3100004196167,14.3100004196167,14.3100004196167,14.3100004196167,14.3100004196167,350.0
2024-07-03 12:01:00,HOLX,73.1500015258789,73.1500015258789,73.1500015258789,73.1500015258789,73.1500015258789,672.0
2024-07-03 12:01:00,HOOK,0.5878999829292297,0.5878999829292297,0.5878999829292297,0.5878999829292297,0.5878999829292297,0.0
2024-07-03 12:01:00,HOWL,2.0411999225616455,2.0411999225616455,2.0411999225616455,2.0399999618530273,2.0399999618530273,665.0
2024-07-03 12:01:00,HQY,83.23999786376953,83.23999786376953,83.23999786376953,83.23999786376953,83.23999786376953,266.0
2024-07-03 12:01:00,HRTX,2.7049999237060547,2.7049999237060547,2.7049999237060547,2.7012999057769775,2.7049999237060547,1930.0
2024-07-03 12:01:00,HUGE,0.14399999380111694,0.14399999380111694,0.14399999380111694,0.14399999380111694,0.14399999380111694,1102.0
2024-07-03 12:01:00,HUMA,5.690000057220459,5.690000057220459,5.690000057220459,5.690000057220459,5.690000057220459,1058.0
2024-07-03 12:01:00,IART,28.489999771118164,28.489999771118164,28.489999771118164,28.489999771118164,28.489999771118164,160.0
2024-07-03 12:01:00,ICAD,1.2200000286102295,1.2200000286102295,1.2200000286102295,1.2200000286102295,1.2200000286102295,1365.0
2024-07-03 12:01:00,IDXX,476.6400146484375,476.6400146484375,476.6400146484375,476.6400146484375,476.6400146484375,437.0
2024-07-03 12:01:00,IINN,1.375,1.375,1.375,1.375,1.375,190.0
2024-07-03 12:01:00,IKT,1.2200000286102295,1.2200000286102295,1.2200000286102295,1.2200000286102295,1.2200000286102295,1700.0
2024-07-03 12:01:00,ILMN,105.68499755859375,105.68499755859375,105.70500183105469,105.62000274658203,105.62000274658203,4687.0
2024-07-03 12:01:00,IMMX,2.4100000858306885,2.4100000858306885,2.4100000858306885,2.380000114440918,2.3926000595092773,5445.0
2024-07-03 12:01:00,IMTX,11.779999732971191,11.779999732971191,11.789999961853027,11.774999618530273,11.774999618530273,1188.0
2024-07-03 12:01:00,IMVT,26.020000457763672,26.020000457763672,26.020000457763672,26.020000457763672,26.020000457763672,141.0
2024-07-03 12:01:00,INBX,13.09000015258789,13.09000015258789,13.104999542236328,13.09000015258789,13.104999542236328,809.0
2024-07-03 12:01:00,INCY,57.66999816894531,57.66999816894531,57.7400016784668,57.66999816894531,57.7400016784668,3315.0
2024-07-03 12:01:00,INMD,17.565000534057617,17.565000534057617,17.56999969482422,17.565000534057617,17.569400787353516,1453.0
2024-07-03 12:01:00,INSM,62.060001373291016,62.060001373291016,62.10499954223633,62.060001373291016,62.060001373291016,526.0
2024-07-03 12:01:00,INVA,16.270000457763672,16.270000457763672,16.270000457763672,16.264999389648438,16.264999389648438,1423.0
2024-07-03 12:01:00,INZY,4.460000038146973,4.460000038146973,4.460000038146973,4.460000038146973,4.460000038146973,300.0
2024-07-03 12:01:00,IONS,44.77000045776367,44.77000045776367,44.77000045776367,44.7400016784668,44.7400016784668,2173.0
2024-07-03 12:01:00,IOVA,7.460000038146973,7.460000038146973,7.46999979019165,7.454999923706055,7.465000152587891,27581.0
2024-07-03 12:01:00,IRWD,6.119999885559082,6.119999885559082,6.119999885559082,6.114999771118164,6.119999885559082,457.0
2024-07-03 12:01:00,ISRG,433.71319580078125,433.71319580078125,433.71319580078125,433.71319580078125,433.71319580078125,705.0
2024-07-03 12:01:00,JANX,37.97999954223633,37.97999954223633,37.97999954223633,37.97999954223633,37.97999954223633,316.0
2024-07-03 12:01:00,JAZZ,103.91999816894531,103.91999816894531,104.0199966430664,103.91999816894531,104.0199966430664,1430.0
2024-07-03 12:01:00,KPRX,4.349999904632568,4.349999904632568,4.349999904632568,4.349999904632568,4.349999904632568,104.0
2024-07-03 12:01:00,KPTI,0.8285999894142151,0.8285999894142151,0.8285999894142151,0.8285999894142151,0.8285999894142151,3362.0
2024-07-03 12:01:00,KROS,42.279998779296875,42.279998779296875,42.34000015258789,42.279998779296875,42.32500076293945,330.0
2024-07-03 12:01:00,KTRA,0.28999999165534973,0.28999999165534973,0.28999999165534973,0.28859999775886536,0.28859999775886536,13261.0
2024-07-03 12:01:00,KZR,0.574400007724762,0.574400007724762,0.574400007724762,0.574400007724762,0.574400007724762,709.0
2024-07-03 12:01:00,LAB,1.8200000524520874,1.8200000524520874,1.8200000524520874,1.815000057220459,1.815000057220459,1638.0
2024-07-03 12:01:00,LBPH,32.290000915527344,32.290000915527344,32.400001525878906,32.290000915527344,32.400001525878906,3166.0
2024-07-03 12:01:00,LEGN,45.939998626708984,45.939998626708984,45.939998626708984,45.939998626708984,45.939998626708984,530.0
2024-07-03 12:01:00,LFST,5.125,5.125,5.125,5.125,5.125,777.0
2024-07-03 12:01:00,LGND,82.53179931640625,82.53179931640625,82.53179931640625,82.53179931640625,82.53179931640625,335.0
2024-07-03 12:01:00,LNTH,79.37000274658203,79.37000274658203,79.43499755859375,79.37000274658203,79.43499755859375,577.0
2024-07-03 12:01:00,LPCN,7.751399993896484,7.751399993896484,7.769999980926514,7.610000133514404,7.760000228881836,9860.0
2024-07-03 12:01:00,LQDA,11.979999542236328,11.979999542236328,12.0,11.979999542236328,11.989999771118164,3534.0
2024-07-03 12:01:00,LUNG,6.269999980926514,6.269999980926514,6.269999980926514,6.269999980926514,6.269999980926514,141.0
2024-07-03 12:01:00,LXRX,1.6050000190734863,1.6050000190734863,1.6050000190734863,1.6050000190734863,1.6050000190734863,659.0
2024-07-03 12:01:00,LYEL,1.4850000143051147,1.4850000143051147,1.4850000143051147,1.4850000143051147,1.4850000143051147,522.0
2024-07-03 12:01:00,LYRA,0.28600001335144043,0.28600001335144043,0.28619998693466187,0.28600001335144043,0.28600001335144043,1044.0
2024-07-03 12:01:00,MASS,4.840000152587891,4.840000152587891,4.840000152587891,4.809999942779541,4.809999942779541,2094.0
2024-07-03 12:01:00,MCRB,0.7207000255584717,0.7207000255584717,0.7207000255584717,0.7200000286102295,0.7200999855995178,19138.0
2024-07-03 12:01:00,ME,0.40880000591278076,0.40880000591278076,0.40959998965263367,0.4072999954223633,0.40959998965263367,3835.0
2024-07-03 12:01:00,MESO,6.767000198364258,6.767000198364258,6.769999980926514,6.75,6.75,625.0
2024-07-03 12:01:00,MGNX,4.195000171661377,4.195000171661377,4.195000171661377,4.195000171661377,4.195000171661377,1021.0
2024-07-03 12:01:00,MGTX,3.9600000381469727,3.9600000381469727,3.9749999046325684,3.9600000381469727,3.9749999046325684,1172.0
2024-07-03 12:01:00,MIRM,33.779998779296875,33.779998779296875,33.779998779296875,33.779998779296875,33.779998779296875,459.0
2024-07-03 12:01:00,MNKD,5.010000228881836,5.010000228881836,5.014999866485596,5.010000228881836,5.014999866485596,916.0
2024-07-03 12:01:00,MODD,1.4199999570846558,1.4199999570846558,1.4299999475479126,1.399999976158142,1.4199999570846558,9233.0
2024-07-03 12:01:00,MOR,18.190000534057617,18.190000534057617,18.190000534057617,18.17490005493164,18.17490005493164,417.0
2024-07-03 12:01:00,MORF,31.850000381469727,31.850000381469727,31.850000381469727,31.850000381469727,31.850000381469727,312.0
2024-07-03 12:01:00,MREO,3.5299999713897705,3.5299999713897705,3.5299999713897705,3.505000114440918,3.505000114440918,8766.0
2024-07-03 12:01:00,MRNA,115.76499938964844,115.76499938964844,115.76499938964844,115.66999816894531,115.70999908447266,4626.0
2024-07-03 12:01:00,MRNS,1.2050000429153442,1.2050000429153442,1.2095999717712402,1.2050000429153442,1.2095999717712402,496.0
2024-07-03 12:01:00,MRSN,1.840000033378601,1.840000033378601,1.850000023841858,1.840000033378601,1.840000033378601,524.0
2024-07-03 12:01:00,MRUS,52.45000076293945,52.45000076293945,52.46799850463867,52.22999954223633,52.22999954223633,12828.0
2024-07-03 12:01:00,MRVI,6.974999904632568,6.974999904632568,6.974999904632568,6.96999979019165,6.96999979019165,1213.0
2024-07-03 12:01:00,MXCT,3.694999933242798,3.694999933242798,3.694999933242798,3.690000057220459,3.690000057220459,1215.0
2024-07-03 12:01:00,MYGN,24.90999984741211,24.90999984741211,24.969999313354492,24.90999984741211,24.969999313354492,2375.0
2024-07-03 12:01:00,NARI,49.560001373291016,49.560001373291016,49.560001373291016,49.560001373291016,49.560001373291016,236.0
2024-07-03 12:01:00,NBIX,137.9199981689453,137.9199981689453,138.0800018310547,137.9199981689453,138.02000427246094,2886.0
2024-07-03 12:01:00,NDRA,0.09969999641180038,0.09969999641180038,0.09969999641180038,0.09830000251531601,0.09830000251531601,85425.0
2024-07-03 12:01:00,NEOG,15.164999961853027,15.164999961853027,15.164999961853027,15.164999961853027,15.164999961853027,300.0
2024-07-03 12:01:00,NKTR,1.2599999904632568,1.2599999904632568,1.2599999904632568,1.2599999904632568,1.2599999904632568,1186.0
2024-07-03 12:01:00,NKTX,5.324999809265137,5.324999809265137,5.324999809265137,5.324999809265137,5.324999809265137,255.0
2024-07-03 12:01:00,NNOX,7.0106000900268555,7.0106000900268555,7.0106000900268555,7.0,7.010000228881836,740.0
2024-07-03 12:01:00,NRIX,19.56450080871582,19.56450080871582,19.59000015258789,19.559999465942383,19.559999465942383,1949.0
2024-07-03 12:01:00,NSPR,2.3499999046325684,2.3499999046325684,2.3499999046325684,2.3499999046325684,2.3499999046325684,1598.0
2024-07-03 12:01:00,NTLA,22.614999771118164,22.614999771118164,22.6200008392334,22.614999771118164,22.6200008392334,646.0
2024-07-03 12:01:00,NTRA,111.29499816894531,111.29499816894531,111.29499816894531,111.29499816894531,111.29499816894531,575.0
2024-07-03 12:01:00,NUVL,71.75499725341797,71.75499725341797,71.75499725341797,71.73999786376953,71.73999786376953,812.0
2024-07-03 12:01:00,NUWE,3.890000104904175,3.890000104904175,3.890000104904175,3.890000104904175,3.890000104904175,1332.0
2024-07-03 12:01:00,NVAX,12.609999656677246,12.609999656677246,12.609999656677246,12.570099830627441,12.579999923706055,7581.0
2024-07-03 12:01:00,NVCR,16.670000076293945,16.670000076293945,16.670000076293945,16.670000076293945,16.670000076293945,575.0
2024-07-03 12:01:00,OCGN,1.6100000143051147,1.6100000143051147,1.6100000143051147,1.600100040435791,1.6050000190734863,2836.0
2024-07-03 12:01:00,OCX,3.0399999618530273,3.0399999618530273,3.0399999618530273,3.0399999618530273,3.0399999618530273,176.0
2024-07-03 12:01:00,OLK,25.7549991607666,25.7549991607666,25.7549991607666,25.75,25.75,2351.0
2024-07-03 12:01:00,OLMA,10.475000381469727,10.475000381469727,10.479999542236328,10.475000381469727,10.479999542236328,732.0
2024-07-03 12:01:00,OM,3.869999885559082,3.869999885559082,3.875,3.869999885559082,3.875,843.0
2024-07-03 12:01:00,OMER,3.859999895095825,3.859999895095825,3.859999895095825,3.859999895095825,3.859999895095825,1258.0
2024-07-03 12:02:00,ABCL,2.7200000286102295,2.7200000286102295,2.7200000286102295,2.7119998931884766,2.7119998931884766,1489.0
2024-07-03 12:02:00,ABSI,3.194999933242798,3.194999933242798,3.194999933242798,3.1875,3.190000057220459,1086.0
2024-07-03 12:02:00,ABUS,3.134999990463257,3.134999990463257,3.140000104904175,3.134999990463257,3.140000104904175,612.0
2024-07-03 12:02:00,ACAD,15.5649995803833,15.5649995803833,15.5649995803833,15.5649995803833,15.5649995803833,625.0
2024-07-03 12:02:00,ACB,4.875,4.875,4.875,4.875,4.875,583.0
2024-07-03 12:02:00,ACCD,3.559999942779541,3.559999942779541,3.569999933242798,3.559999942779541,3.559999942779541,13312.0
2024-07-03 12:02:00,ACET,1.0800000429153442,1.0800000429153442,1.0800000429153442,1.0750000476837158,1.0769000053405762,2312.0
2024-07-03 12:02:00,ACHC,66.33999633789062,66.33999633789062,66.33999633789062,66.29000091552734,66.29000091552734,602.0
2024-07-03 12:02:00,ACHL,0.8130000233650208,0.8130000233650208,0.8130000233650208,0.8130000233650208,0.8130000233650208,600.0
2024-07-03 12:02:00,ACRS,1.149999976158142,1.149999976158142,1.149999976158142,1.149999976158142,1.149999976158142,1659.0
2024-07-03 12:02:00,ADMA,11.225000381469727,11.225000381469727,11.225000381469727,11.225000381469727,11.225000381469727,1062.0
2024-07-03 12:02:00,AEMD,0.40389999747276306,0.40389999747276306,0.40389999747276306,0.40389999747276306,0.40389999747276306,500.0
2024-07-03 12:02:00,AFMD,5.039999961853027,5.039999961853027,5.050000190734863,5.039999961853027,5.050000190734863,1179.0
2024-07-03 12:02:00,AGIO,41.79999923706055,41.79999923706055,41.849998474121094,41.79999923706055,41.849998474121094,447.0
2024-07-03 12:02:00,AIMD,0.8799999952316284,0.8799999952316284,0.9359999895095825,0.814300000667572,0.8190000057220459,153548.0
2024-07-03 12:02:00,AIRS,4.019999980926514,4.019999980926514,4.019999980926514,4.019999980926514,4.019999980926514,256.0
2024-07-03 12:02:00,AKBA,0.9455999732017517,0.9455999732017517,0.9456999897956848,0.9455999732017517,0.9456999897956848,1537.0
2024-07-03 12:02:00,ALEC,4.429999828338623,4.429999828338623,4.429999828338623,4.429999828338623,4.429999828338623,200.0
2024-07-03 12:02:00,ALIM,5.525000095367432,5.525000095367432,5.525000095367432,5.525000095367432,5.525000095367432,510.0
2024-07-03 12:02:00,ALKS,24.200000762939453,24.200000762939453,24.200000762939453,24.200000762939453,24.200000762939453,3582.0
2024-07-03 12:02:00,ALLK,0.8270999789237976,0.8270999789237976,0.8270999789237976,0.8266000151634216,0.8270999789237976,921.0
2024-07-03 12:02:00,ALLO,2.0950000286102295,2.0950000286102295,2.0999999046325684,2.0899999141693115,2.099900007247925,4150.0
2024-07-03 12:02:00,ALLR,0.2011999934911728,0.2011999934911728,0.2069000005722046,0.2011999934911728,0.2012999951839447,1800.0
2024-07-03 12:02:00,ALNY,246.0749969482422,246.0749969482422,246.0749969482422,246.0749969482422,246.0749969482422,764.0
2024-07-03 12:02:00,ALT,6.659999847412109,6.659999847412109,6.659999847412109,6.659900188446045,6.659999847412109,2373.0
2024-07-03 12:02:00,ALVO,12.270000457763672,12.270000457763672,12.270000457763672,12.270000457763672,12.270000457763672,196.0
2024-07-03 12:02:00,ALXO,5.690000057220459,5.690000057220459,5.710000038146973,5.690000057220459,5.710000038146973,2374.0
2024-07-03 12:02:00,AMED,97.0,97.0,97.0,97.0,97.0,1354.0
2024-07-03 12:02:00,AMGN,307.17498779296875,307.17498779296875,307.17498779296875,306.9200134277344,306.9200134277344,2530.0
2024-07-03 12:02:00,ANAB,25.010000228881836,25.010000228881836,25.010000228881836,25.010000228881836,25.010000228881836,130.0
2024-07-03 12:02:00,ANGO,5.65500020980835,5.65500020980835,5.65500020980835,5.650000095367432,5.650000095367432,205.0
2024-07-03 12:02:00,ANNX,4.784999847412109,4.784999847412109,4.789999961853027,4.784999847412109,4.784999847412109,3160.0
2024-07-03 12:02:00,ANTX,2.5450000762939453,2.5450000762939453,2.5450000762939453,2.5450000762939453,2.5450000762939453,200.0
2024-07-03 12:02:00,APLS,35.27000045776367,35.27000045776367,35.27000045776367,35.2599983215332,35.2599983215332,1758.0
2024-07-03 12:02:00,APLT,4.309999942779541,4.309999942779541,4.309999942779541,4.309999942779541,4.309999942779541,848.0
2024-07-03 12:02:00,APRE,3.7600998878479004,3.7600998878479004,3.7600998878479004,3.7600998878479004,3.7600998878479004,1142.0
2024-07-03 12:02:00,AQST,2.4049999713897705,2.4049999713897705,2.4049999713897705,2.4049999713897705,2.4049999713897705,698.0
2024-07-03 12:02:00,ARAY,1.7350000143051147,1.7350000143051147,1.7350000143051147,1.7350000143051147,1.7350000143051147,879.0
2024-07-03 12:02:00,ARDX,5.242000102996826,5.242000102996826,5.244999885559082,5.239999771118164,5.244999885559082,9229.0
2024-07-03 12:02:00,ARQT,9.59000015258789,9.59000015258789,9.600000381469727,9.5649995803833,9.5649995803833,8330.0
2024-07-03 12:02:00,ARVN,23.959999084472656,23.959999084472656,23.959999084472656,23.920000076293945,23.920000076293945,866.0
2024-07-03 12:02:00,ARWR,25.13990020751953,25.13990020751953,25.13990020751953,25.13990020751953,25.13990020751953,416.0
2024-07-03 12:02:00,ASND,133.97999572753906,133.97999572753906,133.99000549316406,133.02000427246094,133.02000427246094,5034.0
2024-07-03 12:02:00,ASRT,1.3250000476837158,1.3250000476837158,1.3305000066757202,1.3250000476837158,1.3305000066757202,5095.0
2024-07-03 12:02:00,ATAI,1.2899999618530273,1.2899999618530273,1.2899999618530273,1.2899999618530273,1.2899999618530273,885.0
2024-07-03 12:02:00,ATEC,9.960000038146973,9.960000038146973,9.96500015258789,9.954999923706055,9.96500015258789,6034.0
2024-07-03 12:02:00,ATHA,2.5601000785827637,2.5601000785827637,2.5601000785827637,2.5601000785827637,2.5601000785827637,1214.0
2024-07-03 12:02:00,ATNF,1.5700000524520874,1.5700000524520874,1.5700000524520874,1.5700000524520874,1.5700000524520874,1100.0
2024-07-03 12:02:00,ATRA,7.71999979019165,7.71999979019165,7.71999979019165,7.71999979019165,7.71999979019165,1153.0
2024-07-03 12:02:00,ATRC,22.28499984741211,22.28499984741211,22.28499984741211,22.28499984741211,22.28499984741211,213.0
2024-07-03 12:02:00,ATXS,9.0,9.0,9.0,9.0,9.0,402.0
2024-07-03 12:02:00,AUGX,1.0,1.0,1.0,1.0,1.0,12.0
2024-07-03 12:02:00,AUPH,5.465000152587891,5.465000152587891,5.465000152587891,5.454999923706055,5.460000038146973,3171.0
2024-07-03 12:02:00,AUTL,3.4800000190734863,3.4800000190734863,3.4800000190734863,3.4800000190734863,3.4800000190734863,347.0
2024-07-03 12:02:00,AVDL,14.399999618530273,14.399999618530273,14.414999961853027,14.399999618530273,14.414999961853027,388.0
2024-07-03 12:02:00,AVIR,3.309999942779541,3.309999942779541,3.309999942779541,3.299999952316284,3.299999952316284,1575.0
2024-07-03 12:02:00,AVTE,1.6549999713897705,1.6549999713897705,1.659999966621399,1.6549999713897705,1.659999966621399,684.0
2024-07-03 12:02:00,AVXL,4.159999847412109,4.159999847412109,4.159999847412109,4.150000095367432,4.150000095367432,4459.0
2024-07-03 12:02:00,AWH,0.9700000286102295,0.9700000286102295,0.9700000286102295,0.9700000286102295,0.9700000286102295,9953.0
2024-07-03 12:02:00,AXGN,7.420000076293945,7.420000076293945,7.420000076293945,7.420000076293945,7.420000076293945,640.0
2024-07-03 12:02:00,AXSM,79.52999877929688,79.52999877929688,79.52999877929688,79.47000122070312,79.47000122070312,1384.0
2024-07-03 12:02:00,AZN,76.6449966430664,76.6449966430664,76.6449966430664,76.63500213623047,76.63990020751953,3464.0
2024-07-03 12:02:00,AZTA,52.4900016784668,52.4900016784668,52.540000915527344,52.4900016784668,52.540000915527344,1353.0
2024-07-03 12:02:00,BBIO,25.360000610351562,25.360000610351562,25.360000610351562,25.34000015258789,25.34000015258789,1321.0
2024-07-03 12:02:00,BCAB,1.4149999618530273,1.4149999618530273,1.4149999618530273,1.4149999618530273,1.4149999618530273,778.0
2024-07-03 12:02:00,BCRX,6.425000190734863,6.425000190734863,6.425000190734863,6.425000190734863,6.425000190734863,236.0
2024-07-03 12:02:00,BDTX,4.357999801635742,4.357999801635742,4.357999801635742,4.357999801635742,4.357999801635742,171.0
2024-07-03 12:02:00,BEAM,23.450000762939453,23.450000762939453,23.450000762939453,23.440000534057617,23.450000762939453,551.0
2024-07-03 12:02:00,BIIB,223.38499450683594,223.38499450683594,223.38499450683594,223.38499450683594,223.38499450683594,510.0
2024-07-03 12:02:00,BIMI,1.2599999904632568,1.2599999904632568,1.2599999904632568,1.2599999904632568,1.2599999904632568,200.0
2024-07-03 12:02:00,BJDX,0.6399000287055969,0.6399000287055969,0.6399000287055969,0.6399000287055969,0.6399000287055969,2000.0
2024-07-03 12:02:00,BLRX,0.5192999839782715,0.5192999839782715,0.5192999839782715,0.5192999839782715,0.5192999839782715,200.0
2024-07-03 12:02:00,BLTE,45.16999816894531,45.16999816894531,45.16999816894531,45.13999938964844,45.165000915527344,1432.0
2024-07-03 12:02:00,BLUE,0.9150000214576721,0.9150000214576721,0.9164000153541565,0.9150000214576721,0.9150999784469604,19685.0
2024-07-03 12:02:00,BMEA,4.331699848175049,4.331699848175049,4.331699848175049,4.320000171661377,4.320000171661377,979.0
2024-07-03 12:02:00,BMRA,0.450300008058548,0.450300008058548,0.450300008058548,0.450300008058548,0.450300008058548,200.0
2024-07-03 12:02:00,BMRN,80.62000274658203,80.62000274658203,80.7300033569336,80.62000274658203,80.70999908447266,2359.0
2024-07-03 12:02:00,BNGO,0.5634999871253967,0.5634999871253967,0.5634999871253967,0.5634999871253967,0.5634999871253967,0.0
2024-07-03 12:02:00,BPMC,110.61000061035156,110.61000061035156,110.68000030517578,110.45999908447266,110.55000305175781,2718.0
2024-07-03 12:02:00,BPTH,1.7898999452590942,1.7898999452590942,1.7898999452590942,1.7898999452590942,1.7898999452590942,504.0
2024-07-03 12:02:00,BRKR,61.3650016784668,61.3650016784668,61.3650016784668,61.349998474121094,61.349998474121094,336.0
2024-07-03 12:02:00,BTAI,1.0806000232696533,1.0806000232696533,1.0806000232696533,1.0800000429153442,1.0800000429153442,1503.0
2024-07-03 12:02:00,BVS,5.945000171661377,5.945000171661377,5.945000171661377,5.945000171661377,5.945000171661377,402.0
2024-07-03 12:02:00,CADL,6.289999961853027,6.289999961853027,6.289999961853027,6.275000095367432,6.289999961853027,2674.0
2024-07-03 12:02:00,CAPR,4.755000114440918,4.755000114440918,4.755000114440918,4.755000114440918,4.755000114440918,219.0
2024-07-03 12:02:00,CCCC,4.534999847412109,4.534999847412109,4.534999847412109,4.519999980926514,4.534999847412109,3691.0
2024-07-03 12:02:00,CDMO,7.778299808502197,7.778299808502197,7.778299808502197,7.75,7.764999866485596,3598.0
2024-07-03 12:02:00,CDNA,15.116000175476074,15.116000175476074,15.116000175476074,15.116000175476074,15.116000175476074,1213.0
2024-07-03 12:02:00,CERE,39.599998474121094,39.599998474121094,39.64500045776367,39.56999969482422,39.58000183105469,29201.0
2024-07-03 12:02:00,CERT,13.755000114440918,13.755000114440918,13.755000114440918,13.755000114440918,13.755000114440918,385.0
2024-07-03 12:02:00,CGC,6.539999961853027,6.539999961853027,6.539999961853027,6.534999847412109,6.537300109863281,871.0
2024-07-03 12:02:00,CGEM,16.549999237060547,16.549999237060547,16.559999465942383,16.549999237060547,16.559999465942383,1217.0
2024-07-03 12:02:00,CHRS,1.3849999904632568,1.3849999904632568,1.3849999904632568,1.3849999904632568,1.3849999904632568,311.0
2024-07-03 12:02:00,CING,0.33009999990463257,0.33009999990463257,0.33009999990463257,0.33009999990463257,0.33009999990463257,639.0
2024-07-03 12:02:00,CLDX,36.04999923706055,36.04999923706055,36.07500076293945,36.04999923706055,36.06999969482422,2524.0
2024-07-03 12:02:00,CLOV,1.2450000047683716,1.2450000047683716,1.25,1.2400000095367432,1.2400000095367432,1827.0
2024-07-03 12:02:00,CLRB,2.450000047683716,2.450000047683716,2.450000047683716,2.440000057220459,2.440000057220459,3447.0
2024-07-03 12:02:00,CMPS,6.190000057220459,6.190000057220459,6.190000057220459,6.190000057220459,6.190000057220459,515.0
2024-07-03 12:02:00,CMRX,0.8664000034332275,0.8664000034332275,0.8664000034332275,0.8664000034332275,0.8664000034332275,226.0
2024-07-03 12:02:00,CNSP,1.4707000255584717,1.4707000255584717,1.5099999904632568,1.4700000286102295,1.5092999935150146,88327.0
2024-07-03 12:02:00,CODX,1.284999966621399,1.284999966621399,1.284999966621399,1.284999966621399,1.284999966621399,351.0
2024-07-03 12:02:00,COGT,8.390000343322754,8.390000343322754,8.390000343322754,8.390000343322754,8.390000343322754,574.0
2024-07-03 12:02:00,CORT,30.290000915527344,30.290000915527344,30.290000915527344,30.290000915527344,30.290000915527344,269.0
2024-07-03 12:02:00,COSM,0.9200000166893005,0.9200000166893005,0.9200999736785889,0.9200000166893005,0.9200999736785889,6039.0
2024-07-03 12:02:00,CPRX,15.420000076293945,15.420000076293945,15.420000076293945,15.40999984741211,15.414999961853027,2151.0
2024-07-03 12:02:00,CRBU,1.5700000524520874,1.5700000524520874,1.5800000429153442,1.5700000524520874,1.5750000476837158,1610.0
2024-07-03 12:02:00,CRMD,4.099999904632568,4.099999904632568,4.099999904632568,4.099999904632568,4.099999904632568,252.0
2024-07-03 12:02:00,CRON,2.309999942779541,2.309999942779541,2.309999942779541,2.309999942779541,2.309999942779541,1001.0
2024-07-03 12:02:00,CTKB,5.590000152587891,5.590000152587891,5.590000152587891,5.590000152587891,5.590000152587891,211.0
2024-07-03 12:02:00,CUTR,1.2990000247955322,1.2990000247955322,1.2990000247955322,1.2990000247955322,1.2990000247955322,4406.0
2024-07-03 12:02:00,CVAC,3.3496999740600586,3.3496999740600586,3.369999885559082,3.3399999141693115,3.369999885559082,8402.0
2024-07-03 12:02:00,CYTK,54.650001525878906,54.650001525878906,54.650001525878906,54.599998474121094,54.650001525878906,1261.0
2024-07-03 12:02:00,DAWN,13.279999732971191,13.279999732971191,13.279999732971191,13.279999732971191,13.279999732971191,300.0
2024-07-03 12:02:00,DCGO,2.9549999237060547,2.9549999237060547,2.9549999237060547,2.9549999237060547,2.9549999237060547,368.0
2024-07-03 12:02:00,DH,5.369999885559082,5.369999885559082,5.369999885559082,5.364999771118164,5.364999771118164,498.0
2024-07-03 12:02:00,DNLI,21.290000915527344,21.290000915527344,21.290000915527344,21.290000915527344,21.290000915527344,240.0
2024-07-03 12:02:00,DSGN,3.259999990463257,3.259999990463257,3.259999990463257,3.259999990463257,3.259999990463257,5141.0
2024-07-03 12:02:00,DXCM,110.94999694824219,110.94999694824219,110.94999694824219,110.80999755859375,110.80999755859375,3328.0
2024-07-03 12:02:00,DYN,34.1349983215332,34.1349983215332,34.20000076293945,34.119998931884766,34.119998931884766,2774.0
2024-07-03 12:02:00,EDIT,4.614999771118164,4.614999771118164,4.619999885559082,4.614999771118164,4.619999885559082,5226.0
2024-07-03 12:02:00,EGRX,5.40500020980835,5.40500020980835,5.40500020980835,5.360000133514404,5.369999885559082,3073.0
2024-07-03 12:02:00,ELYM,6.815000057220459,6.815000057220459,6.815000057220459,6.815000057220459,6.815000057220459,200.0
2024-07-03 12:02:00,ENSC,0.451200008392334,0.451200008392334,0.46799999475479126,0.451200008392334,0.46799999475479126,15165.0
2024-07-03 12:02:00,ENSG,126.69999694824219,126.69999694824219,126.97000122070312,126.69999694824219,126.97000122070312,3015.0
2024-07-03 12:02:00,ENTX,1.6449999809265137,1.6449999809265137,1.6546000242233276,1.6449999809265137,1.6546000242233276,443.0
2024-07-03 12:02:00,ENVB,0.5175999999046326,0.5175999999046326,0.5175999999046326,0.5175999999046326,0.5175999999046326,0.0
2024-07-03 12:02:00,EOLS,10.930000305175781,10.930000305175781,10.930000305175781,10.930000305175781,10.930000305175781,757.0
2024-07-03 12:02:00,ERAS,2.2200000286102295,2.2200000286102295,2.2200000286102295,2.2200000286102295,2.2200000286102295,442.0
2024-07-03 12:02:00,ESPR,2.3350000381469727,2.3350000381469727,2.3399999141693115,2.3299999237060547,2.331199884414673,18737.0
2024-07-03 12:02:00,ETNB,7.5,7.5,7.5,7.4899001121521,7.4899001121521,638.0
2024-07-03 12:02:00,EWTX,18.049999237060547,18.049999237060547,18.049999237060547,18.045000076293945,18.045000076293945,1684.0
2024-07-03 12:02:00,EXAS,43.19499969482422,43.19499969482422,43.19499969482422,43.15999984741211,43.15999984741211,1493.0
2024-07-03 12:02:00,EXEL,21.860000610351562,21.860000610351562,21.885000228881836,21.860000610351562,21.885000228881836,1017.0
2024-07-03 12:02:00,EYEN,0.784500002861023,0.784500002861023,0.784500002861023,0.784500002861023,0.784500002861023,215.0
2024-07-03 12:02:00,EYPT,8.359999656677246,8.359999656677246,8.359999656677246,8.359999656677246,8.359999656677246,200.0
2024-07-03 12:02:00,FATE,3.140000104904175,3.140000104904175,3.140000104904175,3.140000104904175,3.140000104904175,260.0
2024-07-03 12:02:00,FDMT,20.81999969482422,20.81999969482422,20.81999969482422,20.81999969482422,20.81999969482422,465.0
2024-07-03 12:02:00,FGEN,0.7099999785423279,0.7099999785423279,0.7099999785423279,0.7099999785423279,0.7099999785423279,3115.0
2024-07-03 12:02:00,FHTX,5.690000057220459,5.690000057220459,5.690000057220459,5.670000076293945,5.670000076293945,633.0
2024-07-03 12:02:00,FOLD,9.854999542236328,9.854999542236328,9.854999542236328,9.854999542236328,9.854999542236328,226.0
2024-07-03 12:02:00,FORA,2.630000114440918,2.630000114440918,2.630000114440918,2.630000114440918,2.630000114440918,179.0
2024-07-03 12:02:00,FULC,6.110000133514404,6.110000133514404,6.119999885559082,6.110000133514404,6.119999885559082,806.0
2024-07-03 12:02:00,GALT,2.1600000858306885,2.1600000858306885,2.1600000858306885,2.1600000858306885,2.1600000858306885,2.0
2024-07-03 12:02:00,GBIO,2.3949999809265137,2.3949999809265137,2.3949999809265137,2.3949999809265137,2.3949999809265137,3980.0
2024-07-03 12:02:00,GERN,4.315000057220459,4.315000057220459,4.324999809265137,4.309999942779541,4.320000171661377,18515.0
2024-07-03 12:02:00,GILD,67.04000091552734,67.04000091552734,67.04000091552734,66.97090148925781,66.98500061035156,10339.0
2024-07-03 12:02:00,GLSI,16.864999771118164,16.864999771118164,16.864999771118164,16.75,16.75,2538.0
2024-07-03 12:02:00,GLUE,3.694999933242798,3.694999933242798,3.694999933242798,3.694999933242798,3.694999933242798,430.0
2024-07-03 12:02:00,GMAB,25.139999389648438,25.139999389648438,25.139999389648438,25.139999389648438,25.139999389648438,663.0
2024-07-03 12:02:00,GRFS,6.644999980926514,6.644999980926514,6.644999980926514,6.644999980926514,6.644999980926514,0.0
2024-07-03 12:02:00,GRTS,0.5774999856948853,0.5774999856948853,0.5774999856948853,0.5774999856948853,0.5774999856948853,644.0
2024-07-03 12:02:00,GTHX,2.5299999713897705,2.5299999713897705,2.530100107192993,2.5299999713897705,2.530100107192993,384.0
2024-07-03 12:02:00,HALO,52.255001068115234,52.255001068115234,52.28799819946289,52.209999084472656,52.22999954223633,4196.0
2024-07-03 12:02:00,HCAT,6.210000038146973,6.210000038146973,6.210000038146973,6.179999828338623,6.179999828338623,2574.0
2024-07-03 12:02:00,HCSG,10.595000267028809,10.595000267028809,10.595000267028809,10.595000267028809,10.595000267028809,294.0
2024-07-03 12:02:00,HOLX,73.16000366210938,73.16000366210938,73.16000366210938,73.1449966430664,73.1449966430664,2183.0
2024-07-03 12:02:00,HQY,83.30999755859375,83.30999755859375,83.30999755859375,83.29000091552734,83.29000091552734,2717.0
2024-07-03 12:02:00,HRTX,2.7049999237060547,2.7049999237060547,2.7049999237060547,2.7000999450683594,2.7049999237060547,1309.0
2024-07-03 12:02:00,HSIC,64.9800033569336,64.9800033569336,64.9800033569336,64.88999938964844,64.88999938964844,2678.0
2024-07-03 12:02:00,HUMA,5.683700084686279,5.683700084686279,5.683700084686279,5.679999828338623,5.679999828338623,1343.0
2024-07-03 12:02:00,IART,28.489999771118164,28.489999771118164,28.489999771118164,28.489999771118164,28.489999771118164,1202.0
2024-07-03 12:02:00,IBRX,6.264999866485596,6.264999866485596,6.264999866485596,6.264999866485596,6.264999866485596,418.0
2024-07-03 12:02:00,ICLR,318.07000732421875,318.07000732421875,318.07000732421875,317.9599914550781,318.0299987792969,1539.0
2024-07-03 12:02:00,ICUI,117.44000244140625,117.44000244140625,117.69499969482422,117.44000244140625,117.69499969482422,3563.0
2024-07-03 12:02:00,IDYA,33.369998931884766,33.369998931884766,33.369998931884766,33.369998931884766,33.369998931884766,290.0
2024-07-03 12:02:00,IKNA,1.6449999809265137,1.6449999809265137,1.6449999809265137,1.6449999809265137,1.6449999809265137,347.0
2024-07-03 12:02:00,IKT,1.2300000190734863,1.2300000190734863,1.2300000190734863,1.2300000190734863,1.2300000190734863,200.0
2024-07-03 12:02:00,ILMN,105.7699966430664,105.7699966430664,105.7699966430664,105.73999786376953,105.76000213623047,3862.0
2024-07-03 12:02:00,IMAB,1.524999976158142,1.524999976158142,1.524999976158142,1.524999976158142,1.524999976158142,200.0
2024-07-03 12:02:00,IMCR,36.005001068115234,36.005001068115234,36.029998779296875,36.005001068115234,36.029998779296875,477.0
2024-07-03 12:02:00,IMMX,2.4007999897003174,2.4007999897003174,2.4198999404907227,2.400099992752075,2.4198999404907227,2798.0
2024-07-03 12:02:00,IMNM,11.984999656677246,11.984999656677246,11.984999656677246,11.984999656677246,11.984999656677246,664.0
2024-07-03 12:02:00,IMRX,1.128000020980835,1.128000020980835,1.128000020980835,1.128000020980835,1.128000020980835,334.0
2024-07-03 12:02:00,IMVT,26.040000915527344,26.040000915527344,26.040000915527344,26.020000457763672,26.024999618530273,665.0
2024-07-03 12:02:00,INCY,57.72999954223633,57.72999954223633,57.72999954223633,57.66999816894531,57.689998626708984,8094.0
2024-07-03 12:02:00,INMD,17.579999923706055,17.579999923706055,17.579999923706055,17.56999969482422,17.56999969482422,1863.0
2024-07-03 12:02:00,INSM,62.060001373291016,62.060001373291016,62.099998474121094,62.060001373291016,62.099998474121094,1721.0
2024-07-03 12:02:00,INZY,4.460000038146973,4.460000038146973,4.460000038146973,4.460000038146973,4.460000038146973,244.0
2024-07-03 12:02:00,IONM,0.3199999928474426,0.3199999928474426,0.3199999928474426,0.3192000091075897,0.3192000091075897,4398.0
2024-07-03 12:02:00,IONS,44.775001525878906,44.775001525878906,44.790000915527344,44.77000045776367,44.779998779296875,3053.0
2024-07-03 12:02:00,IOVA,7.460000038146973,7.460000038146973,7.465000152587891,7.449999809265137,7.460000038146973,36584.0
2024-07-03 12:02:00,IRTC,94.16000366210938,94.16000366210938,94.16000366210938,94.16000366210938,94.16000366210938,975.0
2024-07-03 12:02:00,IRWD,6.114999771118164,6.114999771118164,6.119999885559082,6.114999771118164,6.119999885559082,813.0
2024-07-03 12:02:00,ISRG,433.75299072265625,433.75299072265625,433.75299072265625,433.75299072265625,433.75299072265625,1398.0
2024-07-03 12:02:00,ITCI,68.27999877929688,68.27999877929688,68.27999877929688,68.27999877929688,68.27999877929688,633.0
2024-07-03 12:02:00,IVVD,1.0950000286102295,1.0950000286102295,1.0950000286102295,1.0950000286102295,1.0950000286102295,439.0
2024-07-03 12:02:00,JANX,37.9900016784668,37.9900016784668,38.029998779296875,37.93000030517578,37.93000030517578,2266.0
2024-07-03 12:02:00,KMDA,5.150000095367432,5.150000095367432,5.150000095367432,5.150000095367432,5.150000095367432,1009.0
2024-07-03 12:02:00,KNSA,18.905000686645508,18.905000686645508,18.905000686645508,18.889999389648438,18.889999389648438,738.0
2024-07-03 12:02:00,KPTI,0.8230000138282776,0.8230000138282776,0.8281000256538391,0.8230000138282776,0.8281000256538391,15262.0
2024-07-03 12:02:00,KRMD,2.4200000762939453,2.4200000762939453,2.4200000762939453,2.4200000762939453,2.4200000762939453,307.0
2024-07-03 12:02:00,KROS,42.275001525878906,42.275001525878906,42.275001525878906,42.275001525878906,42.275001525878906,416.0
2024-07-03 12:02:00,LAB,1.8200000524520874,1.8200000524520874,1.8200000524520874,1.8200000524520874,1.8200000524520874,1084.0
2024-07-03 12:02:00,LEGN,45.974998474121094,45.974998474121094,46.0,45.974998474121094,46.0,982.0
2024-07-03 12:02:00,LFMD,6.730000019073486,6.730000019073486,6.735000133514404,6.730000019073486,6.735000133514404,637.0
2024-07-03 12:02:00,LFST,5.125,5.125,5.125,5.125,5.125,853.0
2024-07-03 12:02:00,LIVN,52.619998931884766,52.619998931884766,52.619998931884766,52.619998931884766,52.619998931884766,1238.0
2024-07-03 12:02:00,LMAT,81.30999755859375,81.30999755859375,81.30999755859375,81.18499755859375,81.18499755859375,318.0
2024-07-03 12:02:00,LNTH,79.50199890136719,79.50199890136719,79.50199890136719,79.4000015258789,79.4000015258789,1344.0
2024-07-03 12:02:00,LPTX,1.809999942779541,1.809999942779541,1.809999942779541,1.809999942779541,1.809999942779541,207.0
2024-07-03 12:02:00,LQDA,11.920000076293945,11.920000076293945,11.949999809265137,11.920000076293945,11.949999809265137,1416.0
2024-07-03 12:02:00,LRMR,7.690000057220459,7.690000057220459,7.690000057220459,7.690000057220459,7.690000057220459,276.0
2024-07-03 12:02:00,LUCY,0.4740000069141388,0.4740000069141388,0.4740000069141388,0.4722999930381775,0.4722999930381775,828.0
2024-07-03 12:02:00,LYEL,1.4950000047683716,1.4950000047683716,1.4950000047683716,1.4804999828338623,1.4804999828338623,14571.0
2024-07-03 12:02:00,LYRA,0.28600001335144043,0.28600001335144043,0.28600001335144043,0.28600001335144043,0.28600001335144043,712.0
2024-07-03 12:02:00,MASS,4.849999904632568,4.849999904632568,4.849999904632568,4.849999904632568,4.849999904632568,1013.0
2024-07-03 12:02:00,MBIO,0.4927000105381012,0.4927000105381012,0.492900013923645,0.4927000105381012,0.492900013923645,2212.0
2024-07-03 12:02:00,MDXG,6.760000228881836,6.760000228881836,6.760000228881836,6.739999771118164,6.739999771118164,19905.0
2024-07-03 12:02:00,ME,0.40880000591278076,0.40880000591278076,0.40880000591278076,0.40880000591278076,0.40880000591278076,807.0
2024-07-03 12:02:00,MEDP,405.0450134277344,405.0450134277344,405.2200012207031,404.3900146484375,405.2200012207031,5998.0
2024-07-03 12:02:00,MEDS,18.429899215698242,18.429899215698242,18.429899215698242,18.429899215698242,18.429899215698242,945.0
2024-07-03 12:02:00,MESO,6.75,6.75,6.75,6.75,6.75,1249.0
2024-07-03 12:02:00,MGNX,4.199999809265137,4.199999809265137,4.199999809265137,4.195000171661377,4.198800086975098,4159.0
2024-07-03 12:02:00,MGTX,4.0,4.0,4.0,3.9700000286102295,3.9700000286102295,1416.0
2024-07-03 12:02:00,MHUA,0.8981999754905701,0.8981999754905701,0.8981999754905701,0.8981999754905701,0.8981999754905701,3330.0
2024-07-03 12:02:00,MLTX,41.459999084472656,41.459999084472656,41.47999954223633,41.38999938964844,41.439998626708984,939.0
2024-07-03 12:02:00,MNKD,5.010000228881836,5.010000228881836,5.014999866485596,5.010000228881836,5.014999866485596,304.0
2024-07-03 12:02:00,MODD,1.3600000143051147,1.3600000143051147,1.375,1.3600000143051147,1.375,9100.0
2024-07-03 12:02:00,MRNA,115.79499816894531,115.79499816894531,115.83000183105469,115.69999694824219,115.75260162353516,4548.0
2024-07-03 12:02:00,MRUS,52.525001525878906,52.525001525878906,52.54999923706055,52.470001220703125,52.470001220703125,3708.0
2024-07-03 12:02:00,MRVI,6.980000019073486,6.980000019073486,6.980000019073486,6.96999979019165,6.974999904632568,925.0
2024-07-03 12:02:00,MXCT,3.694999933242798,3.694999933242798,3.700000047683716,3.694999933242798,3.694999933242798,520.0
2024-07-03 12:02:00,MYGN,24.940000534057617,24.940000534057617,24.940000534057617,24.940000534057617,24.940000534057617,789.0
2024-07-03 12:02:00,MYNZ,0.33880001306533813,0.33880001306533813,0.33880001306533813,0.33880001306533813,0.33880001306533813,5434.0
2024-07-03 12:02:00,NARI,49.58000183105469,49.58000183105469,49.58000183105469,49.560001373291016,49.560001373291016,856.0
2024-07-03 12:02:00,NBIX,138.01499938964844,138.01499938964844,138.01499938964844,138.01499938964844,138.01499938964844,587.0
2024-07-03 12:02:00,NDRA,0.10000000149011612,0.10000000149011612,0.10000000149011612,0.09969999641180038,0.09969999641180038,176895.0
2024-07-03 12:02:00,NEO,13.739999771118164,13.739999771118164,13.739999771118164,13.739999771118164,13.739999771118164,842.0
2024-07-03 12:02:00,NEOG,15.1850004196167,15.1850004196167,15.1850004196167,15.15999984741211,15.15999984741211,2342.0
2024-07-03 12:02:00,NKTR,1.2549999952316284,1.2549999952316284,1.2599999904632568,1.250599980354309,1.2599999904632568,5228.0
2024-07-03 12:02:00,NKTX,5.329999923706055,5.329999923706055,5.329999923706055,5.329999923706055,5.329999923706055,800.0
2024-07-03 12:02:00,NNOX,7.019899845123291,7.019899845123291,7.03000020980835,7.010000228881836,7.019899845123291,2289.0
2024-07-03 12:02:00,NRIX,19.479999542236328,19.479999542236328,19.610000610351562,19.450000762939453,19.600000381469727,5779.0
2024-07-03 12:02:00,NTLA,22.6200008392334,22.6200008392334,22.6200008392334,22.6200008392334,22.6200008392334,173.0
2024-07-03 12:02:00,NTRA,111.2970962524414,111.2970962524414,111.30000305175781,111.2970962524414,111.30000305175781,1440.0
2024-07-03 12:02:00,NUVL,71.81999969482422,71.81999969482422,71.81999969482422,71.81999969482422,71.81999969482422,2081.0
2024-07-03 12:02:00,NVAX,12.60949993133545,12.60949993133545,12.609999656677246,12.59000015258789,12.600000381469727,13544.0
2024-07-03 12:02:00,NVCR,16.6299991607666,16.6299991607666,16.685199737548828,16.6299991607666,16.68000030517578,5029.0
2024-07-03 12:02:00,NVCT,6.164999961853027,6.164999961853027,6.179999828338623,6.164999961853027,6.179999828338623,1674.0
2024-07-03 12:02:00,NXL,1.3799999952316284,1.3799999952316284,1.386299967765808,1.3799999952316284,1.386299967765808,658.0
2024-07-03 12:02:00,OCGN,1.6100000143051147,1.6100000143051147,1.6100000143051147,1.6050000190734863,1.6050000190734863,1473.0
2024-07-03 12:02:00,OCUL,6.64900016784668,6.64900016784668,6.64900016784668,6.64900016784668,6.64900016784668,230.0
2024-07-03 12:02:00,OFIX,13.489999771118164,13.489999771118164,13.489999771118164,13.489999771118164,13.489999771118164,404.0
2024-07-03 12:02:00,OKYO,1.2050000429153442,1.2050000429153442,1.2050000429153442,1.2050000429153442,1.2050000429153442,242.0
2024-07-03 12:02:00,OM,3.869999885559082,3.869999885559082,3.869999885559082,3.869999885559082,3.869999885559082,528.0
2024-07-03 12:02:00,OMCL,26.549999237060547,26.549999237060547,26.549999237060547,26.549999237060547,26.549999237060547,367.0
2024-07-03 12:02:00,OMGA,1.9500000476837158,1.9500000476837158,1.9500000476837158,1.9450000524520874,1.9450000524520874,22788.0
2024-07-03 12:02:00,ONVO,0.774399995803833,0.774399995803833,0.774399995803833,0.774399995803833,0.774399995803833,2396.0
2024-07-03 12:03:00,ABSI,3.194999933242798,3.194999933242798,3.200000047683716,3.194999933242798,3.194999933242798,20200.0
2024-07-03 12:03:00,ABUS,3.1449999809265137,3.1449999809265137,3.1449999809265137,3.140000104904175,3.140000104904175,11916.0
2024-07-03 12:03:00,ACAD,15.5649995803833,15.5649995803833,15.5649995803833,15.5649995803833,15.5649995803833,454.0
2024-07-03 12:03:00,ACB,4.889999866485596,4.889999866485596,4.889999866485596,4.875,4.878799915313721,4601.0
2024-07-03 12:03:00,ACCD,3.557800054550171,3.557800054550171,3.557800054550171,3.557800054550171,3.557800054550171,1639.0
2024-07-03 12:03:00,ACET,1.0800000429153442,1.0800000429153442,1.0850000381469727,1.0750000476837158,1.0800000429153442,13318.0
2024-07-03 12:03:00,ACHC,66.33999633789062,66.33999633789062,66.33999633789062,66.33999633789062,66.33999633789062,229.0
2024-07-03 12:03:00,ACRS,1.149999976158142,1.149999976158142,1.149999976158142,1.149999976158142,1.149999976158142,211.0
2024-07-03 12:03:00,ADMA,11.225000381469727,11.225000381469727,11.229999542236328,11.220100402832031,11.229900360107422,16687.0
2024-07-03 12:03:00,ADPT,3.381200075149536,3.381200075149536,3.390000104904175,3.380000114440918,3.380000114440918,4152.0
2024-07-03 12:03:00,ADVM,7.010000228881836,7.010000228881836,7.010000228881836,7.010000228881836,7.010000228881836,1286.0
2024-07-03 12:03:00,AGEN,14.289999961853027,14.289999961853027,14.300000190734863,14.279999732971191,14.279999732971191,1579.0
2024-07-03 12:03:00,AGIO,41.869998931884766,41.869998931884766,41.900001525878906,41.869998931884766,41.900001525878906,651.0
2024-07-03 12:03:00,AHCO,9.75,9.75,9.760000228881836,9.75,9.760000228881836,319.0
2024-07-03 12:03:00,AIMD,0.8999999761581421,0.8999999761581421,0.9240999817848206,0.8999999761581421,0.9240000247955322,66183.0
2024-07-03 12:03:00,AKBA,0.9455999732017517,0.9455999732017517,0.9473000168800354,0.9455999732017517,0.9473000168800354,600.0
2024-07-03 12:03:00,AKRO,21.860000610351562,21.860000610351562,21.8700008392334,21.860000610351562,21.8700008392334,4722.0
2024-07-03 12:03:00,ALDX,3.200000047683716,3.200000047683716,3.200000047683716,3.194999933242798,3.194999933242798,781.0
2024-07-03 12:03:00,ALEC,4.429999828338623,4.429999828338623,4.429999828338623,4.429999828338623,4.429999828338623,184.0
2024-07-03 12:03:00,ALGN,242.25,242.25,242.25,242.25,242.25,675.0
2024-07-03 12:03:00,ALGS,0.4237000048160553,0.4237000048160553,0.42489999532699585,0.4237000048160553,0.42489999532699585,4310.0
2024-07-03 12:03:00,ALHC,7.960000038146973,7.960000038146973,7.960000038146973,7.960000038146973,7.960000038146973,741.0
2024-07-03 12:03:00,ALKS,24.204999923706055,24.204999923706055,24.204999923706055,24.204999923706055,24.204999923706055,680.0
2024-07-03 12:03:00,ALLK,0.8259999752044678,0.8259999752044678,0.8259999752044678,0.8259999752044678,0.8259999752044678,11.0
2024-07-03 12:03:00,ALLO,2.0950000286102295,2.0950000286102295,2.0950000286102295,2.0899999141693115,2.0950000286102295,2155.0
2024-07-03 12:03:00,ALLR,0.20409999787807465,0.20409999787807465,0.20409999787807465,0.20409999787807465,0.20409999787807465,0.0
2024-07-03 12:03:00,ALNY,246.39999389648438,246.39999389648438,246.44000244140625,246.1699981689453,246.1699981689453,4020.0
2024-07-03 12:03:00,ALT,6.650000095367432,6.650000095367432,6.675000190734863,6.650000095367432,6.670000076293945,7456.0
2024-07-03 12:03:00,ALVR,0.7318000197410583,0.7318000197410583,0.7318000197410583,0.7318000197410583,0.7318000197410583,445.0
2024-07-03 12:03:00,ALXO,5.690000057220459,5.690000057220459,5.690000057220459,5.690000057220459,5.690000057220459,688.0
2024-07-03 12:03:00,ALZN,0.400299996137619,0.400299996137619,0.400299996137619,0.400299996137619,0.400299996137619,1571.0
2024-07-03 12:03:00,AMED,97.16500091552734,97.16500091552734,97.16500091552734,97.01000213623047,97.01000213623047,3240.0
2024-07-03 12:03:00,AMGN,307.42999267578125,307.42999267578125,307.4599914550781,307.2799987792969,307.2799987792969,2986.0
2024-07-03 12:03:00,AMLX,1.7549999952316284,1.7549999952316284,1.7599999904632568,1.7549999952316284,1.7549999952316284,2605.0
2024-07-03 12:03:00,AMPH,38.279998779296875,38.279998779296875,38.30550003051758,38.279998779296875,38.30550003051758,1467.0
2024-07-03 12:03:00,AMRN,0.6970000267028809,0.6970000267028809,0.6970000267028809,0.6970000267028809,0.6970000267028809,1660.0
2024-07-03 12:03:00,ANAB,24.96500015258789,24.96500015258789,25.020000457763672,24.96500015258789,25.0,1299.0
2024-07-03 12:03:00,ANIK,25.440000534057617,25.440000534057617,25.489999771118164,25.3799991607666,25.3799991607666,1382.0
2024-07-03 12:03:00,ANNX,4.784999847412109,4.784999847412109,4.789999961853027,4.784999847412109,4.784999847412109,1590.0
2024-07-03 12:03:00,ANTX,2.5399999618530273,2.5399999618530273,2.5399999618530273,2.5299999713897705,2.5378000736236572,1495.0
2024-07-03 12:03:00,APDN,0.39989998936653137,0.39989998936653137,0.4000000059604645,0.39989998936653137,0.4000000059604645,4282.0
2024-07-03 12:03:00,AQST,2.4200000762939453,2.4200000762939453,2.4200000762939453,2.4100000858306885,2.4100000858306885,29194.0
2024-07-03 12:03:00,ARCT,21.424999237060547,21.424999237060547,21.479999542236328,21.370100021362305,21.370100021362305,722.0
2024-07-03 12:03:00,ARDX,5.264999866485596,5.264999866485596,5.269999980926514,5.244999885559082,5.244999885559082,51938.0
2024-07-03 12:03:00,ARQT,9.595000267028809,9.595000267028809,9.595000267028809,9.595000267028809,9.595000267028809,1532.0
2024-07-03 12:03:00,ARWR,25.139999389648438,25.139999389648438,25.139999389648438,25.125,25.139999389648438,1652.0
2024-07-03 12:03:00,ASRT,1.3293999433517456,1.3293999433517456,1.3293999433517456,1.3293999433517456,1.3293999433517456,691.0
2024-07-03 12:03:00,ATAI,1.284999966621399,1.284999966621399,1.2899999618530273,1.284999966621399,1.2899999618530273,6490.0
2024-07-03 12:03:00,ATEC,9.970000267028809,9.970000267028809,9.979999542236328,9.970000267028809,9.970000267028809,1020.0
2024-07-03 12:03:00,ATOS,1.1549999713897705,1.1549999713897705,1.159999966621399,1.1549999713897705,1.1549999713897705,500.0
2024-07-03 12:03:00,ATRC,22.31999969482422,22.31999969482422,22.31999969482422,22.309999465942383,22.309999465942383,774.0
2024-07-03 12:03:00,AUGX,1.0,1.0,1.0049999952316284,1.0,1.0049999952316284,559.0
2024-07-03 12:03:00,AUPH,5.485000133514404,5.485000133514404,5.485000133514404,5.46999979019165,5.46999979019165,6044.0
2024-07-03 12:03:00,AUTL,3.4800000190734863,3.4800000190734863,3.484999895095825,3.4800000190734863,3.4800000190734863,1204.0
2024-07-03 12:03:00,AVGR,1.8594000339508057,1.8594000339508057,1.8594000339508057,1.8450000286102295,1.8450000286102295,301.0
2024-07-03 12:03:00,AVTE,1.6549999713897705,1.6549999713897705,1.6549999713897705,1.6549999713897705,1.6549999713897705,300.0
2024-07-03 12:03:00,AVXL,4.150000095367432,4.150000095367432,4.159999847412109,4.150000095367432,4.159999847412109,546.0
2024-07-03 12:03:00,AXSM,79.48999786376953,79.48999786376953,79.5,79.44999694824219,79.48999786376953,2686.0
2024-07-03 12:03:00,AZN,76.67500305175781,76.67500305175781,76.68000030517578,76.6449966430664,76.6449966430664,5463.0
2024-07-03 12:03:00,AZTA,52.540000915527344,52.540000915527344,52.54999923706055,52.540000915527344,52.540000915527344,943.0
2024-07-03 12:03:00,BBIO,25.3700008392334,25.3700008392334,25.3700008392334,25.360000610351562,25.360000610351562,2997.0
2024-07-03 12:03:00,BCLI,0.34599998593330383,0.34599998593330383,0.34689998626708984,0.34599998593330383,0.34689998626708984,2855.0
2024-07-03 12:03:00,BCRX,6.434999942779541,6.434999942779541,6.434999942779541,6.425000190734863,6.425000190734863,2915.0
2024-07-03 12:03:00,BEAM,23.469999313354492,23.469999313354492,23.479999542236328,23.45989990234375,23.469999313354492,5631.0
2024-07-03 12:03:00,BGNE,148.32000732421875,148.32000732421875,148.32000732421875,148.25999450683594,148.27000427246094,975.0
2024-07-03 12:03:00,BGXX,0.2669999897480011,0.2669999897480011,0.2669999897480011,0.26510000228881836,0.26649999618530273,9046.0
2024-07-03 12:03:00,BIIB,223.35000610351562,223.35000610351562,223.35000610351562,223.35000610351562,223.35000610351562,1108.0
2024-07-03 12:03:00,BLFS,19.790000915527344,19.790000915527344,19.790000915527344,19.790000915527344,19.790000915527344,907.0
2024-07-03 12:03:00,BLRX,0.5192999839782715,0.5192999839782715,0.5192999839782715,0.5146999955177307,0.5146999955177307,4964.0
2024-07-03 12:03:00,BLTE,45.400001525878906,45.400001525878906,45.400001525878906,45.400001525878906,45.400001525878906,224.0
2024-07-03 12:03:00,BLUE,0.9150000214576721,0.9150000214576721,0.9150000214576721,0.9150000214576721,0.9150000214576721,2424.0
2024-07-03 12:03:00,BMEA,4.320000171661377,4.320000171661377,4.329999923706055,4.320000171661377,4.329999923706055,510.0
2024-07-03 12:03:00,BMRN,80.7074966430664,80.7074966430664,80.7074966430664,80.61000061035156,80.61949920654297,1509.0
2024-07-03 12:03:00,BNTX,79.97000122070312,79.97000122070312,79.97000122070312,79.91000366210938,79.91999816894531,1100.0
2024-07-03 12:03:00,BRKR,61.36000061035156,61.36000061035156,61.38999938964844,61.349998474121094,61.349998474121094,3766.0
2024-07-03 12:03:00,BRTX,1.909999966621399,1.909999966621399,1.909999966621399,1.909999966621399,1.909999966621399,400.0
2024-07-03 12:03:00,BTAI,1.0850000381469727,1.0850000381469727,1.0850000381469727,1.0850000381469727,1.0850000381469727,200.0
2024-07-03 12:03:00,CABA,7.529699802398682,7.529699802398682,7.539999961853027,7.529699802398682,7.53000020980835,2942.0
2024-07-03 12:03:00,CAPR,4.755000114440918,4.755000114440918,4.755000114440918,4.755000114440918,4.755000114440918,1038.0
2024-07-03 12:03:00,CCCC,4.559999942779541,4.559999942779541,4.565000057220459,4.550000190734863,4.550000190734863,3451.0
2024-07-03 12:03:00,CCRN,13.785200119018555,13.785200119018555,13.789999961853027,13.779999732971191,13.779999732971191,1646.0
2024-07-03 12:03:00,CDMO,7.798999786376953,7.798999786376953,7.798999786376953,7.769999980926514,7.769999980926514,6135.0
2024-07-03 12:03:00,CDNA,15.140000343322754,15.140000343322754,15.149999618530273,15.140000343322754,15.140000343322754,1787.0
2024-07-03 12:03:00,CDXC,2.505000114440918,2.505000114440918,2.505000114440918,2.505000114440918,2.505000114440918,505.0
2024-07-03 12:03:00,CDXS,2.869999885559082,2.869999885559082,2.869999885559082,2.869999885559082,2.869999885559082,332.0
2024-07-03 12:03:00,CELU,3.0850000381469727,3.0850000381469727,3.0850000381469727,3.0850000381469727,3.0850000381469727,254.0
2024-07-03 12:03:00,CERE,39.630001068115234,39.630001068115234,39.6349983215332,39.599998474121094,39.630001068115234,64202.0
2024-07-03 12:03:00,CERS,1.7200000286102295,1.7200000286102295,1.7200000286102295,1.7200000286102295,1.7200000286102295,1713.0
2024-07-03 12:03:00,CERT,13.755000114440918,13.755000114440918,13.755000114440918,13.755000114440918,13.755000114440918,200.0
2024-07-03 12:03:00,CGC,6.545000076293945,6.545000076293945,6.547299861907959,6.539999961853027,6.547299861907959,3125.0
2024-07-03 12:03:00,CGEM,16.59000015258789,16.59000015258789,16.59000015258789,16.59000015258789,16.59000015258789,1439.0
2024-07-03 12:03:00,CHRS,1.3849999904632568,1.3849999904632568,1.3849999904632568,1.3849999904632568,1.3849999904632568,3479.0
2024-07-03 12:03:00,CING,0.33399999141693115,0.33399999141693115,0.33399999141693115,0.33399999141693115,0.33399999141693115,0.0
2024-07-03 12:03:00,CKPT,2.1600000858306885,2.1600000858306885,2.1600000858306885,2.1600000858306885,2.1600000858306885,516.0
2024-07-03 12:03:00,CLNN,0.32989999651908875,0.32989999651908875,0.32989999651908875,0.32989999651908875,0.32989999651908875,7235.0
2024-07-03 12:03:00,CLOV,1.2400000095367432,1.2400000095367432,1.2450000047683716,1.2400000095367432,1.2401000261306763,7342.0
2024-07-03 12:03:00,CLPT,5.394999980926514,5.394999980926514,5.394999980926514,5.394999980926514,5.394999980926514,501.0
2024-07-03 12:03:00,CLRB,2.4400999546051025,2.4400999546051025,2.4400999546051025,2.4400999546051025,2.4400999546051025,661.0
2024-07-03 12:03:00,CLSD,1.25,1.25,1.25,1.25,1.25,210.0
2024-07-03 12:03:00,CMAX,2.200000047683716,2.200000047683716,2.200000047683716,2.200000047683716,2.200000047683716,1026.0
2024-07-03 12:03:00,CMPS,6.190000057220459,6.190000057220459,6.208799839019775,6.190000057220459,6.208799839019775,1064.0
2024-07-03 12:03:00,CMPX,0.8485000133514404,0.8485000133514404,0.8485000133514404,0.8465999960899353,0.8465999960899353,750.0
2024-07-03 12:03:00,CNSP,1.440000057220459,1.440000057220459,1.4799000024795532,1.4199999570846558,1.4799000024795532,144635.0
2024-07-03 12:03:00,COGT,8.414999961853027,8.414999961853027,8.414999961853027,8.385000228881836,8.399999618530273,2436.0
2024-07-03 12:03:00,COLL,32.18000030517578,32.18000030517578,32.18000030517578,32.18000030517578,32.18000030517578,1970.0
2024-07-03 12:03:00,CORT,30.34000015258789,30.34000015258789,30.34000015258789,30.329999923706055,30.329999923706055,1846.0
2024-07-03 12:03:00,CPRX,15.4399995803833,15.4399995803833,15.444999694824219,15.4399995803833,15.444999694824219,1197.0
2024-07-03 12:03:00,CRBP,50.125,50.125,50.125,50.060001373291016,50.060001373291016,706.0
2024-07-03 12:03:00,CRMD,4.099999904632568,4.099999904632568,4.105000019073486,4.099999904632568,4.099999904632568,623.0
2024-07-03 12:03:00,CRNX,44.689998626708984,44.689998626708984,44.689998626708984,44.59000015258789,44.59000015258789,1285.0
2024-07-03 12:03:00,CRON,2.309999942779541,2.309999942779541,2.309999942779541,2.309999942779541,2.309999942779541,389.0
2024-07-03 12:03:00,CRSP,53.869998931884766,53.869998931884766,53.91999816894531,53.82500076293945,53.86859893798828,8107.0
2024-07-03 12:03:00,CSTL,20.829999923706055,20.829999923706055,20.829999923706055,20.829999923706055,20.829999923706055,851.0
2024-07-03 12:03:00,CTKB,5.590000152587891,5.590000152587891,5.590000152587891,5.590000152587891,5.590000152587891,530.0
2024-07-03 12:03:00,CTMX,1.309999942779541,1.309999942779541,1.315000057220459,1.309999942779541,1.315000057220459,1507.0
2024-07-03 12:03:00,CTXR,0.5126000046730042,0.5126000046730042,0.5126000046730042,0.5126000046730042,0.5126000046730042,402.0
2024-07-03 12:03:00,CUTR,1.2949999570846558,1.2949999570846558,1.2949999570846558,1.2949999570846558,1.2949999570846558,323.0
2024-07-03 12:03:00,CVAC,3.3499999046325684,3.3499999046325684,3.359999895095825,3.3450000286102295,3.3450000286102295,32848.0
2024-07-03 12:03:00,CYTK,54.630001068115234,54.630001068115234,54.630001068115234,54.630001068115234,54.630001068115234,317.0
2024-07-03 12:03:00,DAWN,13.289999961853027,13.289999961853027,13.289999961853027,13.289999961853027,13.289999961853027,514.0
2024-07-03 12:03:00,DH,5.369999885559082,5.369999885559082,5.369999885559082,5.369999885559082,5.369999885559082,1128.0
2024-07-03 12:03:00,DNLI,21.299999237060547,21.299999237060547,21.299999237060547,21.290000915527344,21.290000915527344,766.0
2024-07-03 12:03:00,DVAX,11.0649995803833,11.0649995803833,11.0649995803833,11.055000305175781,11.055000305175781,1835.0
2024-07-03 12:03:00,DXCM,110.7750015258789,110.7750015258789,110.95999908447266,110.7437973022461,110.95999908447266,8238.0
2024-07-03 12:03:00,DYN,34.20500183105469,34.20500183105469,34.209999084472656,34.20500183105469,34.209999084472656,300.0
2024-07-03 12:03:00,EDIT,4.614999771118164,4.614999771118164,4.614999771118164,4.614999771118164,4.614999771118164,1297.0
2024-07-03 12:03:00,EGRX,5.40500020980835,5.40500020980835,5.40500020980835,5.40500020980835,5.40500020980835,201.0
2024-07-03 12:03:00,ELEV,2.640000104904175,2.640000104904175,2.640000104904175,2.630000114440918,2.630000114440918,2077.0
2024-07-03 12:03:00,ELYM,6.815000057220459,6.815000057220459,6.815000057220459,6.815000057220459,6.815000057220459,31.0
2024-07-03 12:03:00,EMBC,11.970000267028809,11.970000267028809,11.970000267028809,11.970000267028809,11.970000267028809,130.0
2024-07-03 12:03:00,ERAS,2.2049999237060547,2.2049999237060547,2.2249999046325684,2.2049999237060547,2.2200000286102295,12987.0
2024-07-03 12:03:00,ESPR,2.3350000381469727,2.3350000381469727,2.3399999141693115,2.3350000381469727,2.3350000381469727,2936.0
2024-07-03 12:03:00,ETNB,7.5,7.5,7.5,7.5,7.5,412.0
2024-07-03 12:03:00,EWTX,18.110000610351562,18.110000610351562,18.1299991607666,18.049999237060547,18.049999237060547,4735.0
2024-07-03 12:03:00,EXAI,5.449999809265137,5.449999809265137,5.449999809265137,5.440000057220459,5.441999912261963,2608.0
2024-07-03 12:03:00,EXAS,43.2400016784668,43.2400016784668,43.2400016784668,43.2036018371582,43.2036018371582,1500.0
2024-07-03 12:03:00,EXEL,21.864999771118164,21.864999771118164,21.864999771118164,21.860000610351562,21.864999771118164,1044.0
2024-07-03 12:03:00,EYPT,8.329999923706055,8.329999923706055,8.359999656677246,8.329999923706055,8.350000381469727,4668.0
2024-07-03 12:03:00,FATE,3.1500000953674316,3.1500000953674316,3.1600000858306885,3.1449999809265137,3.1449999809265137,7303.0
2024-07-03 12:03:00,FDMT,20.739999771118164,20.739999771118164,20.799999237060547,20.739999771118164,20.799999237060547,1693.0
2024-07-03 12:03:00,FHTX,5.710000038146973,5.710000038146973,5.710000038146973,5.690000057220459,5.690000057220459,898.0
2024-07-03 12:03:00,FLGT,20.132200241088867,20.132200241088867,20.132200241088867,20.132200241088867,20.132200241088867,205.0
2024-07-03 12:03:00,FOLD,9.859999656677246,9.859999656677246,9.859999656677246,9.854999542236328,9.854999542236328,2491.0
2024-07-03 12:03:00,FULC,6.125,6.125,6.125,6.119999885559082,6.119999885559082,2625.0
2024-07-03 12:03:00,GALT,2.1700000762939453,2.1700000762939453,2.1700000762939453,2.1600000858306885,2.1600000858306885,2100.0
2024-07-03 12:03:00,GANX,1.1399999856948853,1.1399999856948853,1.1399999856948853,1.1399999856948853,1.1399999856948853,516.0
2024-07-03 12:03:00,GERN,4.320000171661377,4.320000171661377,4.320000171661377,4.309999942779541,4.315000057220459,20771.0
2024-07-03 12:03:00,GH,28.31999969482422,28.31999969482422,28.360000610351562,28.31999969482422,28.350000381469727,1931.0
2024-07-03 12:03:00,GILD,66.9801025390625,66.9801025390625,67.05000305175781,66.9749984741211,67.0438003540039,7162.0
2024-07-03 12:03:00,GLYC,0.2745000123977661,0.2745000123977661,0.2745000123977661,0.2727000117301941,0.2727000117301941,1656.0
2024-07-03 12:03:00,GMAB,25.149999618530273,25.149999618530273,25.149999618530273,25.149999618530273,25.149999618530273,1659.0
2024-07-03 12:03:00,GOSS,0.9444000124931335,0.9444000124931335,0.9492999911308289,0.9444000124931335,0.9492999911308289,776.0
2024-07-03 12:03:00,GOVX,2.9102001190185547,2.9102001190185547,2.9200000762939453,2.9102001190185547,2.9200000762939453,1839.0
2024-07-03 12:03:00,GRFS,6.644999980926514,6.644999980926514,6.644999980926514,6.644999980926514,6.644999980926514,600.0
2024-07-03 12:03:00,GRTS,0.5774000287055969,0.5774000287055969,0.5774000287055969,0.5774000287055969,0.5774000287055969,761.0
2024-07-03 12:03:00,GTHX,2.5299999713897705,2.5299999713897705,2.5299999713897705,2.5299999713897705,2.5299999713897705,758.0
2024-07-03 12:03:00,HALO,52.29499816894531,52.29499816894531,52.33000183105469,52.22269821166992,52.22269821166992,2694.0
2024-07-03 12:03:00,HCAT,6.210000038146973,6.210000038146973,6.210000038146973,6.210000038146973,6.210000038146973,305.0
2024-07-03 12:03:00,HITI,2.138000011444092,2.138000011444092,2.140000104904175,2.109999895095825,2.109999895095825,13536.0
2024-07-03 12:03:00,HOLX,73.19999694824219,73.19999694824219,73.19999694824219,73.18000030517578,73.18000030517578,2161.0
2024-07-03 12:03:00,HOOK,0.5878999829292297,0.5878999829292297,0.5878999829292297,0.5878999829292297,0.5878999829292297,100.0
2024-07-03 12:03:00,HROW,21.6200008392334,21.6200008392334,21.6200008392334,21.520000457763672,21.520000457763672,7748.0
2024-07-03 12:03:00,HRTX,2.729300022125244,2.729300022125244,2.7399001121520996,2.700000047683716,2.7000999450683594,58149.0
2024-07-03 12:03:00,HSIC,65.01499938964844,65.01499938964844,65.01499938964844,65.01000213623047,65.01000213623047,714.0
2024-07-03 12:03:00,HUGE,0.14399999380111694,0.14399999380111694,0.14399999380111694,0.14399999380111694,0.14399999380111694,11775.0
2024-07-03 12:03:00,HUMA,5.699999809265137,5.699999809265137,5.699999809265137,5.695000171661377,5.699999809265137,2545.0
2024-07-03 12:03:00,IBRX,6.275000095367432,6.275000095367432,6.275000095367432,6.2600998878479,6.264999866485596,1586.0
2024-07-03 12:03:00,ICLR,318.20001220703125,318.20001220703125,318.20001220703125,318.06500244140625,318.06500244140625,459.0
2024-07-03 12:03:00,IDYA,33.34000015258789,33.34000015258789,33.380001068115234,33.34000015258789,33.380001068115234,967.0
2024-07-03 12:03:00,IGMS,6.489999771118164,6.489999771118164,6.519999980926514,6.489999771118164,6.519999980926514,1868.0
2024-07-03 12:03:00,IKNA,1.6449999809265137,1.6449999809265137,1.6449999809265137,1.6449999809265137,1.6449999809265137,200.0
2024-07-03 12:03:00,IKT,1.2350000143051147,1.2350000143051147,1.2350000143051147,1.2350000143051147,1.2350000143051147,400.0
2024-07-03 12:03:00,ILMN,105.88999938964844,105.88999938964844,105.91000366210938,105.7699966430664,105.81900024414062,7756.0
2024-07-03 12:03:00,IMAB,1.524999976158142,1.524999976158142,1.5298999547958374,1.524999976158142,1.524999976158142,1569.0
2024-07-03 12:03:00,IMMP,1.9800000190734863,1.9800000190734863,1.9800000190734863,1.9800000190734863,1.9800000190734863,345.0
2024-07-03 12:03:00,IMMX,2.4049999713897705,2.4049999713897705,2.4049999713897705,2.4049999713897705,2.4049999713897705,2574.0
2024-07-03 12:03:00,IMNM,11.989999771118164,11.989999771118164,11.989999771118164,11.979999542236328,11.979999542236328,2237.0
2024-07-03 12:03:00,IMTX,11.8149995803833,11.8149995803833,11.8149995803833,11.789999961853027,11.8100004196167,1601.0
2024-07-03 12:03:00,IMVT,26.049999237060547,26.049999237060547,26.059999465942383,26.020000457763672,26.020000457763672,4812.0
2024-07-03 12:03:00,INCY,57.755001068115234,57.755001068115234,57.779998779296875,57.7400016784668,57.75,2144.0
2024-07-03 12:03:00,INGN,8.024999618530273,8.024999618530273,8.024999618530273,8.024999618530273,8.024999618530273,325.0
2024-07-03 12:03:00,INMD,17.549999237060547,17.549999237060547,17.56999969482422,17.549999237060547,17.56999969482422,7799.0
2024-07-03 12:03:00,INSM,62.099998474121094,62.099998474121094,62.099998474121094,62.04999923706055,62.099998474121094,1792.0
2024-07-03 12:03:00,IONS,44.775001525878906,44.775001525878906,44.775001525878906,44.775001525878906,44.775001525878906,304.0
2024-07-03 12:03:00,IOVA,7.460000038146973,7.460000038146973,7.474999904632568,7.445000171661377,7.454999923706055,200587.0
2024-07-03 12:03:00,IPSC,2.25,2.25,2.25,2.240000009536743,2.240000009536743,1076.0
2024-07-03 12:03:00,ISRG,434.0199890136719,434.0199890136719,434.0199890136719,433.6300048828125,433.6300048828125,4586.0
2024-07-03 12:03:00,ITCI,68.2750015258789,68.2750015258789,68.2750015258789,68.25,68.2750015258789,688.0
2024-07-03 12:03:00,IVVD,1.0950000286102295,1.0950000286102295,1.0950000286102295,1.0950000286102295,1.0950000286102295,103.0
2024-07-03 12:03:00,JAGX,3.4798998832702637,3.4798998832702637,3.4800000190734863,3.450000047683716,3.450000047683716,2732.0
2024-07-03 12:03:00,JANX,38.03499984741211,38.03499984741211,38.040000915527344,37.9900016784668,38.02000045776367,4387.0
2024-07-03 12:03:00,KALV,11.630000114440918,11.630000114440918,11.630000114440918,11.619999885559082,11.619999885559082,867.0
2024-07-03 12:03:00,KMDA,5.159999847412109,5.159999847412109,5.159999847412109,5.159999847412109,5.159999847412109,800.0
2024-07-03 12:03:00,KNSA,18.864999771118164,18.864999771118164,18.889999389648438,18.84000015258789,18.88010025024414,7403.0
2024-07-03 12:03:00,KPTI,0.8230000138282776,0.8230000138282776,0.8255000114440918,0.8230000138282776,0.8230000138282776,600.0
2024-07-03 12:03:00,KROS,42.34000015258789,42.34000015258789,42.34000015258789,42.275001525878906,42.31999969482422,594.0
2024-07-03 12:03:00,KRYS,176.46499633789062,176.46499633789062,176.46499633789062,176.46499633789062,176.46499633789062,701.0
2024-07-03 12:03:00,KTRA,0.289900004863739,0.289900004863739,0.289900004863739,0.289900004863739,0.289900004863739,1441.0
2024-07-03 12:03:00,KZIA,0.21889999508857727,0.21889999508857727,0.21889999508857727,0.21889999508857727,0.21889999508857727,400.0
2024-07-03 12:03:00,LAB,1.8300000429153442,1.8300000429153442,1.8300000429153442,1.815000057220459,1.815000057220459,37841.0
2024-07-03 12:03:00,LBPH,32.3849983215332,32.3849983215332,32.3849983215332,32.3849983215332,32.3849983215332,457.0
2024-07-03 12:03:00,LEGN,46.040000915527344,46.040000915527344,46.040000915527344,46.02560043334961,46.02560043334961,1353.0
2024-07-03 12:03:00,LFMD,6.735000133514404,6.735000133514404,6.735000133514404,6.735000133514404,6.735000133514404,265.0
2024-07-03 12:03:00,LFST,5.125,5.125,5.125,5.125,5.125,204.0
2024-07-03 12:03:00,LGND,82.56999969482422,82.56999969482422,82.56999969482422,82.56999969482422,82.56999969482422,182.0
2024-07-03 12:03:00,LGVN,1.6232000589370728,1.6232000589370728,1.6232000589370728,1.6232000589370728,1.6232000589370728,391.0
2024-07-03 12:03:00,LIVN,52.68000030517578,52.68000030517578,52.68000030517578,52.68000030517578,52.68000030517578,103.0
2024-07-03 12:03:00,LMAT,81.19499969482422,81.19499969482422,81.19499969482422,81.19499969482422,81.19499969482422,249.0
2024-07-03 12:03:00,LNTH,79.56500244140625,79.56500244140625,79.56500244140625,79.5062026977539,79.5062026977539,506.0
2024-07-03 12:03:00,LOGC,5.789999961853027,5.789999961853027,5.789999961853027,5.775000095367432,5.775000095367432,2043.0
2024-07-03 12:03:00,LPCN,7.751999855041504,7.751999855041504,7.751999855041504,7.751999855041504,7.751999855041504,240.0
2024-07-03 12:03:00,LPTX,1.809999942779541,1.809999942779541,1.809999942779541,1.809999942779541,1.809999942779541,792.0
2024-07-03 12:03:00,LRMR,7.699999809265137,7.699999809265137,7.699999809265137,7.699999809265137,7.699999809265137,218.0
2024-07-03 12:03:00,LUCD,0.7659000158309937,0.7659000158309937,0.7659000158309937,0.7659000158309937,0.7659000158309937,915.0
2024-07-03 12:03:00,LUNG,6.320000171661377,6.320000171661377,6.320000171661377,6.28000020980835,6.28000020980835,2943.0
2024-07-03 12:03:00,LXRX,1.6050000190734863,1.6050000190734863,1.6050000190734863,1.600000023841858,1.600000023841858,4028.0
2024-07-03 12:03:00,LYEL,1.5,1.5,1.5,1.5,1.5,1019.0
2024-07-03 12:03:00,LYRA,0.28619998693466187,0.28619998693466187,0.28619998693466187,0.28600001335144043,0.28600001335144043,800.0
2024-07-03 12:03:00,MASI,114.31999969482422,114.31999969482422,114.47000122070312,114.31999969482422,114.47000122070312,2571.0
2024-07-03 12:03:00,MASS,4.860000133514404,4.860000133514404,4.860000133514404,4.829999923706055,4.829999923706055,1788.0
2024-07-03 12:03:00,MBIO,0.49790000915527344,0.49790000915527344,0.49880000948905945,0.49790000915527344,0.4984999895095825,3409.0
2024-07-03 12:03:00,MBOT,1.059999942779541,1.059999942779541,1.059999942779541,1.059999942779541,1.059999942779541,2127.0
2024-07-03 12:03:00,MDXG,6.760000228881836,6.760000228881836,6.760000228881836,6.760000228881836,6.760000228881836,1560.0
2024-07-03 12:03:00,ME,0.40880000591278076,0.40880000591278076,0.4097000062465668,0.40880000591278076,0.40950000286102295,3178.0
2024-07-03 12:03:00,MESO,6.769999980926514,6.769999980926514,6.769999980926514,6.769999980926514,6.769999980926514,217.0
2024-07-03 12:03:00,MGNX,4.204999923706055,4.204999923706055,4.204999923706055,4.204999923706055,4.204999923706055,1127.0
2024-07-03 12:03:00,MIRM,33.81999969482422,33.81999969482422,33.81999969482422,33.81999969482422,33.81999969482422,212.0
2024-07-03 12:03:00,MLTX,41.310001373291016,41.310001373291016,41.470001220703125,41.310001373291016,41.470001220703125,1749.0
2024-07-03 12:03:00,MNKD,5.010000228881836,5.010000228881836,5.017399787902832,5.010000228881836,5.014999866485596,3971.0
2024-07-03 12:03:00,MNMD,7.144999980926514,7.144999980926514,7.144999980926514,7.144999980926514,7.144999980926514,696.0
2024-07-03 12:03:00,MODD,1.350000023841858,1.350000023841858,1.3949999809265137,1.350000023841858,1.3949999809265137,18073.0
2024-07-03 12:03:00,MOLN,6.600100040435791,6.600100040435791,6.600100040435791,6.600100040435791,6.600100040435791,181.0
2024-07-03 12:03:00,MORF,31.86750030517578,31.86750030517578,31.86750030517578,31.86750030517578,31.86750030517578,976.0
2024-07-03 12:03:00,MRNA,115.93000030517578,115.93000030517578,115.94999694824219,115.76000213623047,115.81999969482422,9850.0
2024-07-03 12:03:00,MRSN,1.850000023841858,1.850000023841858,1.850000023841858,1.840000033378601,1.840000033378601,429.0
2024-07-03 12:03:00,MRUS,52.654998779296875,52.654998779296875,52.65999984741211,52.560001373291016,52.560001373291016,2124.0
2024-07-03 12:03:00,MRVI,6.96999979019165,6.96999979019165,6.985000133514404,6.96999979019165,6.980000019073486,8548.0
2024-07-03 12:03:00,MXCT,3.694999933242798,3.694999933242798,3.694999933242798,3.694999933242798,3.694999933242798,569.0
2024-07-03 12:03:00,MYGN,24.954999923706055,24.954999923706055,24.959999084472656,24.930099487304688,24.959999084472656,582.0
2024-07-03 12:03:00,NARI,49.58000183105469,49.58000183105469,49.58000183105469,49.58000183105469,49.58000183105469,456.0
2024-07-03 12:03:00,NBIX,138.09500122070312,138.09500122070312,138.09500122070312,138.0800018310547,138.0800018310547,883.0
2024-07-03 12:03:00,NDRA,0.10119999945163727,0.10119999945163727,0.10119999945163727,0.10019999742507935,0.10019999742507935,21792.0
2024-07-03 12:03:00,NEO,13.75,13.75,13.75,13.75,13.75,502.0
2024-07-03 12:03:00,NKTR,1.2549999952316284,1.2549999952316284,1.2599999904632568,1.25,1.2599999904632568,16081.0
2024-07-03 12:03:00,NKTX,5.324999809265137,5.324999809265137,5.324999809265137,5.324999809265137,5.324999809265137,181.0
2024-07-03 12:03:00,NLSP,0.20000000298023224,0.20000000298023224,0.20000000298023224,0.20000000298023224,0.20000000298023224,1679.0
2024-07-03 12:03:00,NNOX,7.039999961853027,7.039999961853027,7.039999961853027,7.039999961853027,7.039999961853027,499.0
2024-07-03 12:03:00,NOTV,1.649999976158142,1.649999976158142,1.6549999713897705,1.649999976158142,1.649999976158142,880.0
2024-07-03 12:03:00,NRBO,4.639999866485596,4.639999866485596,4.639999866485596,4.639999866485596,4.639999866485596,34.0
2024-07-03 12:03:00,NRC,22.899999618530273,22.899999618530273,22.90999984741211,22.899999618530273,22.90999984741211,2991.0
2024-07-03 12:03:00,NRIX,19.59000015258789,19.59000015258789,19.59000015258789,19.549999237060547,19.549999237060547,309.0
2024-07-03 12:03:00,NTLA,22.700000762939453,22.700000762939453,22.700000762939453,22.6299991607666,22.6299991607666,4880.0
2024-07-03 12:03:00,NTRA,111.55000305175781,111.55000305175781,111.55000305175781,111.23519897460938,111.23519897460938,4795.0
2024-07-03 12:03:00,NUVL,71.86000061035156,71.86000061035156,71.86000061035156,71.86000061035156,71.86000061035156,412.0
2024-07-03 12:03:00,NVAX,12.630000114440918,12.630000114440918,12.649999618530273,12.609999656677246,12.61989974975586,10551.0
2024-07-03 12:03:00,NVCR,16.631200790405273,16.631200790405273,16.631200790405273,16.631200790405273,16.631200790405273,698.0
2024-07-03 12:03:00,NVCT,6.170000076293945,6.170000076293945,6.199999809265137,6.164999961853027,6.164999961853027,1556.0
2024-07-03 12:03:00,OCGN,1.6100000143051147,1.6100000143051147,1.6100000143051147,1.6100000143051147,1.6100000143051147,3104.0
2024-07-03 12:03:00,OCUL,6.644999980926514,6.644999980926514,6.644999980926514,6.644999980926514,6.644999980926514,726.0
2024-07-03 12:03:00,OFIX,13.449999809265137,13.449999809265137,13.449999809265137,13.449999809265137,13.449999809265137,1501.0
2024-07-03 12:03:00,OGI,1.5750000476837158,1.5750000476837158,1.5800000429153442,1.5750000476837158,1.5800000429153442,592.0
2024-07-03 12:03:00,OLK,25.75,25.75,25.7549991607666,25.75,25.7549991607666,5304.0
2024-07-03 12:03:00,OLMA,10.479999542236328,10.479999542236328,10.489999771118164,10.479999542236328,10.479999542236328,2208.0
2024-07-03 12:03:00,OM,3.869999885559082,3.869999885559082,3.875,3.865000009536743,3.869999885559082,7507.0
2024-07-03 12:03:00,OMCL,26.510000228881836,26.510000228881836,26.56999969482422,26.510000228881836,26.559999465942383,1870.0
2024-07-03 12:03:00,OMER,3.859999895095825,3.859999895095825,3.859999895095825,3.859999895095825,3.859999895095825,1030.0
2024-07-03 12:03:00,OMGA,1.9500000476837158,1.9500000476837158,1.9500000476837158,1.9500000476837158,1.9500000476837158,396.0
2024-07-03 12:04:00,AADI,1.3799999952316284,1.3799999952316284,1.3799999952316284,1.3799999952316284,1.3799999952316284,286.0
2024-07-03 12:04:00,ABSI,3.198499917984009,3.198499917984009,3.198499917984009,3.1902999877929688,3.194999933242798,2502.0
2024-07-03 12:04:00,ABUS,3.134999990463257,3.134999990463257,3.134999990463257,3.134999990463257,3.134999990463257,741.0
2024-07-03 12:04:00,ABVC,0.7297999858856201,0.7297999858856201,0.7297999858856201,0.7297999858856201,0.7297999858856201,156.0
2024-07-03 12:04:00,ACAD,15.555000305175781,15.555000305175781,15.5600004196167,15.555000305175781,15.5600004196167,1207.0
2024-07-03 12:04:00,ACB,4.885000228881836,4.885000228881836,4.889999866485596,4.885000228881836,4.889999866485596,4621.0
2024-07-03 12:04:00,ACCD,3.555000066757202,3.555000066757202,3.556999921798706,3.555000066757202,3.556999921798706,2217.0
2024-07-03 12:04:00,ACET,1.0850000381469727,1.0850000381469727,1.0850000381469727,1.0850000381469727,1.0850000381469727,373.0
2024-07-03 12:04:00,ACRS,1.149999976158142,1.149999976158142,1.149999976158142,1.149999976158142,1.149999976158142,1646.0
2024-07-03 12:04:00,ADMA,11.225000381469727,11.225000381469727,11.234999656677246,11.225000381469727,11.225000381469727,9984.0
2024-07-03 12:04:00,ADPT,3.390000104904175,3.390000104904175,3.390000104904175,3.384999990463257,3.390000104904175,1551.0
2024-07-03 12:04:00,ADVM,7.034999847412109,7.034999847412109,7.034999847412109,7.03000020980835,7.03000020980835,909.0
2024-07-03 12:04:00,AEMD,0.40299999713897705,0.40299999713897705,0.40299999713897705,0.40299999713897705,0.40299999713897705,270.0
2024-07-03 12:04:00,AGEN,14.300000190734863,14.300000190734863,14.300000190734863,14.300000190734863,14.300000190734863,2953.0
2024-07-03 12:04:00,AGIO,41.83000183105469,41.83000183105469,41.83000183105469,41.83000183105469,41.83000183105469,589.0
2024-07-03 12:04:00,AHCO,9.770000457763672,9.770000457763672,9.770000457763672,9.760000228881836,9.760000228881836,829.0
2024-07-03 12:04:00,AIMD,0.9114000201225281,0.9114000201225281,0.9200000166893005,0.9114000201225281,0.9190000295639038,5874.0
2024-07-03 12:04:00,AKBA,0.9455999732017517,0.9455999732017517,0.9491000175476074,0.9455999732017517,0.9473999738693237,4010.0
2024-07-03 12:04:00,AKYA,2.109999895095825,2.109999895095825,2.1196999549865723,2.109999895095825,2.1196999549865723,2259.0
2024-07-03 12:04:00,ALEC,4.440000057220459,4.440000057220459,4.440000057220459,4.429999828338623,4.429999828338623,405.0
2024-07-03 12:04:00,ALGN,242.11500549316406,242.11500549316406,242.22999572753906,242.11500549316406,242.22999572753906,767.0
2024-07-03 12:04:00,ALKS,24.204999923706055,24.204999923706055,24.204999923706055,24.204999923706055,24.204999923706055,860.0
2024-07-03 12:04:00,ALLK,0.8267999887466431,0.8267999887466431,0.8267999887466431,0.8267999887466431,0.8267999887466431,112.0
2024-07-03 12:04:00,ALLO,2.0899999141693115,2.0899999141693115,2.0950000286102295,2.0899999141693115,2.0950000286102295,1356.0
2024-07-03 12:04:00,ALNY,246.33999633789062,246.33999633789062,246.39999389648438,246.24000549316406,246.39999389648438,1817.0
2024-07-03 12:04:00,ALT,6.664999961853027,6.664999961853027,6.664999961853027,6.664999961853027,6.664999961853027,1038.0
2024-07-03 12:04:00,ALVR,0.7330999970436096,0.7330999970436096,0.7330999970436096,0.7318000197410583,0.7330999970436096,4195.0
2024-07-03 12:04:00,ALXO,5.715000152587891,5.715000152587891,5.71999979019165,5.699999809265137,5.699999809265137,10279.0
2024-07-03 12:04:00,AMED,97.05999755859375,97.05999755859375,97.16999816894531,97.05999755859375,97.16999816894531,4170.0
2024-07-03 12:04:00,AMGN,307.29998779296875,307.29998779296875,307.4800109863281,307.2900085449219,307.2900085449219,4244.0
2024-07-03 12:04:00,AMLX,1.7549999952316284,1.7549999952316284,1.7599999904632568,1.7549999952316284,1.7599999904632568,1195.0
2024-07-03 12:04:00,ANAB,25.0,25.0,25.020000457763672,25.0,25.020000457763672,770.0
2024-07-03 12:04:00,ANGO,5.65500020980835,5.65500020980835,5.65500020980835,5.65500020980835,5.65500020980835,354.0
2024-07-03 12:04:00,ANIK,25.5,25.5,25.520000457763672,25.5,25.520000457763672,509.0
2024-07-03 12:04:00,ANNX,4.800000190734863,4.800000190734863,4.800000190734863,4.784999847412109,4.784999847412109,7739.0
2024-07-03 12:04:00,ANTX,2.549999952316284,2.549999952316284,2.549999952316284,2.549999952316284,2.549999952316284,561.0
2024-07-03 12:04:00,APLS,35.22999954223633,35.22999954223633,35.25,35.209999084472656,35.22999954223633,2194.0
2024-07-03 12:04:00,APLT,4.324999809265137,4.324999809265137,4.329999923706055,4.324999809265137,4.329999923706055,673.0
2024-07-03 12:04:00,AQST,2.424999952316284,2.424999952316284,2.424999952316284,2.4149999618530273,2.4200000762939453,12843.0
2024-07-03 12:04:00,ARCT,21.5,21.5,21.5,21.424999237060547,21.424999237060547,8809.0
2024-07-03 12:04:00,ARDX,5.255000114440918,5.255000114440918,5.264999866485596,5.25,5.2600998878479,15858.0
2024-07-03 12:04:00,ARQT,9.595000267028809,9.595000267028809,9.595000267028809,9.5649995803833,9.59000015258789,5575.0
2024-07-03 12:04:00,ARVN,23.954999923706055,23.954999923706055,23.969999313354492,23.93000030517578,23.940000534057617,2418.0
2024-07-03 12:04:00,ASMB,11.942899703979492,11.942899703979492,11.942899703979492,11.942899703979492,11.942899703979492,483.0
2024-07-03 12:04:00,ASND,134.6300048828125,134.6300048828125,134.63999938964844,134.42999267578125,134.42999267578125,1128.0
2024-07-03 12:04:00,ASRT,1.3300000429153442,1.3300000429153442,1.3300000429153442,1.3300000429153442,1.3300000429153442,2966.0
2024-07-03 12:04:00,ATAI,1.2899999618530273,1.2899999618530273,1.2899999618530273,1.284999966621399,1.284999966621399,4820.0
2024-07-03 12:04:00,ATEC,9.975000381469727,9.975000381469727,9.975000381469727,9.975000381469727,9.975000381469727,4330.0
2024-07-03 12:04:00,ATNF,1.5989999771118164,1.5989999771118164,1.5989999771118164,1.5989999771118164,1.5989999771118164,0.0
2024-07-03 12:04:00,ATOS,1.1549999713897705,1.1549999713897705,1.1549999713897705,1.1549999713897705,1.1549999713897705,150.0
2024-07-03 12:04:00,ATRC,22.299999237060547,22.299999237060547,22.315000534057617,22.299999237060547,22.315000534057617,391.0
2024-07-03 12:04:00,ATRI,452.1099853515625,452.1099853515625,452.1099853515625,452.1099853515625,452.1099853515625,168.0
2024-07-03 12:04:00,ATXS,8.994999885559082,8.994999885559082,8.994999885559082,8.994999885559082,8.994999885559082,120.0
2024-07-03 12:04:00,AUGX,1.0,1.0,1.0002000331878662,1.0,1.0,3648.0
2024-07-03 12:04:00,AUPH,5.485000133514404,5.485000133514404,5.485000133514404,5.485000133514404,5.485000133514404,200.0
2024-07-03 12:04:00,AUTL,3.4749999046325684,3.4749999046325684,3.4749999046325684,3.4749999046325684,3.4749999046325684,232.0
2024-07-03 12:04:00,AVDL,14.40999984741211,14.40999984741211,14.40999984741211,14.399999618530273,14.40999984741211,612.0
2024-07-03 12:04:00,AVTE,1.6549999713897705,1.6549999713897705,1.659999966621399,1.6549999713897705,1.6549999713897705,895.0
2024-07-03 12:04:00,AVXL,4.139999866485596,4.139999866485596,4.150000095367432,4.139999866485596,4.150000095367432,10900.0
2024-07-03 12:04:00,AXGN,7.420000076293945,7.420000076293945,7.420000076293945,7.420000076293945,7.420000076293945,258.0
2024-07-03 12:04:00,AZN,76.6500015258789,76.6500015258789,76.68000030517578,76.6500015258789,76.68000030517578,5585.0
2024-07-03 12:04:00,BBIO,25.389999389648438,25.389999389648438,25.389999389648438,25.3700008392334,25.3700008392334,1077.0
2024-07-03 12:04:00,BCAB,1.409999966621399,1.409999966621399,1.409999966621399,1.409999966621399,1.409999966621399,6486.0
2024-07-03 12:04:00,BCYC,19.700000762939453,19.700000762939453,19.700000762939453,19.690000534057617,19.690000534057617,2382.0
2024-07-03 12:04:00,BDSX,1.605299949645996,1.605299949645996,1.605299949645996,1.605299949645996,1.605299949645996,2055.0
2024-07-03 12:04:00,BDTX,4.360000133514404,4.360000133514404,4.360000133514404,4.360000133514404,4.360000133514404,177.0
2024-07-03 12:04:00,BEAM,23.469999313354492,23.469999313354492,23.469999313354492,23.469999313354492,23.469999313354492,302.0
2024-07-03 12:04:00,BGNE,148.35000610351562,148.35000610351562,148.35000610351562,148.35000610351562,148.35000610351562,497.0
2024-07-03 12:04:00,BIIB,223.2928924560547,223.2928924560547,223.2928924560547,223.2928924560547,223.2928924560547,1123.0
2024-07-03 12:04:00,BJDX,0.6355999708175659,0.6355999708175659,0.6355999708175659,0.6351000070571899,0.6351000070571899,4239.0
2024-07-03 12:04:00,BLUE,0.9175000190734863,0.9175000190734863,0.9175000190734863,0.9120000004768372,0.9121000170707703,14537.0
2024-07-03 12:04:00,BMEA,4.360000133514404,4.360000133514404,4.360000133514404,4.329999923706055,4.329999923706055,4315.0
2024-07-03 12:04:00,BMRA,0.45829999446868896,0.45829999446868896,0.45829999446868896,0.45829999446868896,0.45829999446868896,353.0
2024-07-03 12:04:00,BMRN,80.62999725341797,80.62999725341797,80.70500183105469,80.5999984741211,80.70500183105469,1450.0
2024-07-03 12:04:00,BNGO,0.5662000179290771,0.5662000179290771,0.5662000179290771,0.5636000037193298,0.5636000037193298,568.0
2024-07-03 12:04:00,BNTC,8.989999771118164,8.989999771118164,8.989999771118164,8.949999809265137,8.949999809265137,806.0
2024-07-03 12:04:00,BRKR,61.380001068115234,61.380001068115234,61.40999984741211,61.380001068115234,61.400001525878906,3589.0
2024-07-03 12:04:00,BRTX,1.909999966621399,1.909999966621399,1.909999966621399,1.909999966621399,1.909999966621399,0.0
2024-07-03 12:04:00,BTAI,1.0801000595092773,1.0801000595092773,1.0801000595092773,1.0800000429153442,1.0800000429153442,484.0
2024-07-03 12:04:00,BVS,5.960000038146973,5.960000038146973,5.960000038146973,5.949999809265137,5.949999809265137,2780.0
2024-07-03 12:04:00,CABA,7.53000020980835,7.53000020980835,7.53000020980835,7.519999980926514,7.519999980926514,3288.0
2024-07-03 12:04:00,CADL,6.280099868774414,6.280099868774414,6.280099868774414,6.280099868774414,6.280099868774414,872.0
2024-07-03 12:04:00,CCCC,4.559999942779541,4.559999942779541,4.570000171661377,4.559999942779541,4.559999942779541,3479.0
2024-07-03 12:04:00,CDMO,7.804999828338623,7.804999828338623,7.804999828338623,7.795000076293945,7.800000190734863,349.0
2024-07-03 12:04:00,CDXC,2.502500057220459,2.502500057220459,2.502500057220459,2.502500057220459,2.502500057220459,401.0
2024-07-03 12:04:00,CDXS,2.880000114440918,2.880000114440918,2.880000114440918,2.880000114440918,2.880000114440918,202.0
2024-07-03 12:04:00,CERE,39.630001068115234,39.630001068115234,39.65999984741211,39.630001068115234,39.630001068115234,4930.0
2024-07-03 12:04:00,CERS,1.7200000286102295,1.7200000286102295,1.725000023841858,1.7200000286102295,1.7200000286102295,12326.0
2024-07-03 12:04:00,CERT,13.800000190734863,13.800000190734863,13.800000190734863,13.755000114440918,13.755000114440918,1806.0
2024-07-03 12:04:00,CGC,6.549499988555908,6.549499988555908,6.549499988555908,6.547699928283691,6.547699928283691,2605.0
2024-07-03 12:04:00,CGEM,16.6200008392334,16.6200008392334,16.6200008392334,16.6200008392334,16.6200008392334,393.0
2024-07-03 12:04:00,CHRS,1.3899999856948853,1.3899999856948853,1.3899999856948853,1.3849999904632568,1.3899999856948853,4387.0
2024-07-03 12:04:00,CLOV,1.2450000047683716,1.2450000047683716,1.2450000047683716,1.2400000095367432,1.2400000095367432,415.0
2024-07-03 12:04:00,CMPS,6.190000057220459,6.190000057220459,6.199999809265137,6.190000057220459,6.199999809265137,1965.0
2024-07-03 12:04:00,CNSP,1.4600000381469727,1.4600000381469727,1.4700000286102295,1.4299999475479126,1.440000057220459,47299.0
2024-07-03 12:04:00,CNTB,1.3700000047683716,1.3700000047683716,1.3700000047683716,1.3700000047683716,1.3700000047683716,196.0
2024-07-03 12:04:00,CODX,1.2999999523162842,1.2999999523162842,1.2999999523162842,1.2899999618530273,1.2899999618530273,1100.0
2024-07-03 12:04:00,COGT,8.40999984741211,8.40999984741211,8.40999984741211,8.40999984741211,8.40999984741211,440.0
2024-07-03 12:04:00,CORT,30.32990074157715,30.32990074157715,30.32990074157715,30.229999542236328,30.290000915527344,6773.0
2024-07-03 12:04:00,COSM,0.9304999709129333,0.9304999709129333,0.9304999709129333,0.9300000071525574,0.9300000071525574,2259.0
2024-07-03 12:04:00,CRBP,49.98500061035156,49.98500061035156,50.0,49.98500061035156,50.0,1365.0
2024-07-03 12:04:00,CRBU,1.5700000524520874,1.5700000524520874,1.5800000429153442,1.5700000524520874,1.5800000429153442,1045.0
2024-07-03 12:04:00,CRDF,2.244999885559082,2.244999885559082,2.244999885559082,2.244999885559082,2.244999885559082,939.0
2024-07-03 12:04:00,CRMD,4.135000228881836,4.135000228881836,4.13640022277832,4.099999904632568,4.099999904632568,25711.0
2024-07-03 12:04:00,CRNX,44.619998931884766,44.619998931884766,44.630001068115234,44.619998931884766,44.625,1531.0
2024-07-03 12:04:00,CRSP,53.845001220703125,53.845001220703125,53.845001220703125,53.845001220703125,53.845001220703125,404.0
2024-07-03 12:04:00,CTXR,0.5126000046730042,0.5126000046730042,0.5126000046730042,0.5116000175476074,0.5116000175476074,2633.0
2024-07-03 12:04:00,CUE,0.9901000261306763,0.9901000261306763,0.9901000261306763,0.9901000261306763,0.9901000261306763,3830.0
2024-07-03 12:04:00,CUTR,1.2949999570846558,1.2949999570846558,1.2949999570846558,1.2949999570846558,1.2949999570846558,200.0
2024-07-03 12:04:00,CVAC,3.3399999141693115,3.3399999141693115,3.3499999046325684,3.3399999141693115,3.3499999046325684,6675.0
2024-07-03 12:04:00,CYTK,54.654998779296875,54.654998779296875,54.654998779296875,54.654998779296875,54.654998779296875,142.0
2024-07-03 12:04:00,DAWN,13.300000190734863,13.300000190734863,13.300000190734863,13.289999961853027,13.289999961853027,862.0
2024-07-03 12:04:00,DCGO,2.9549999237060547,2.9549999237060547,2.9549999237060547,2.9549999237060547,2.9549999237060547,862.0
2024-07-03 12:04:00,DERM,5.159999847412109,5.159999847412109,5.159999847412109,5.159999847412109,5.159999847412109,1968.0
2024-07-03 12:04:00,DNLI,21.30500030517578,21.30500030517578,21.30500030517578,21.290000915527344,21.290000915527344,578.0
2024-07-03 12:04:00,DVAX,11.0649995803833,11.0649995803833,11.0649995803833,11.0649995803833,11.0649995803833,311.0
2024-07-03 12:04:00,DXCM,110.7699966430664,110.7699966430664,110.7699966430664,110.7699966430664,110.7699966430664,1300.0
2024-07-03 12:04:00,DYAI,1.5299999713897705,1.5299999713897705,1.5399999618530273,1.5299999713897705,1.5399999618530273,4825.0
2024-07-03 12:04:00,DYN,34.20500183105469,34.20500183105469,34.209999084472656,34.20500183105469,34.209999084472656,430.0
2024-07-03 12:04:00,EDIT,4.614999771118164,4.614999771118164,4.614999771118164,4.614999771118164,4.614999771118164,1478.0
2024-07-03 12:04:00,EGRX,5.434999942779541,5.434999942779541,5.46999979019165,5.429999828338623,5.429999828338623,1603.0
2024-07-03 12:04:00,ELDN,2.4600000381469727,2.4600000381469727,2.4600000381469727,2.4600000381469727,2.4600000381469727,253.0
2024-07-03 12:04:00,ELYM,6.769999980926514,6.769999980926514,6.815000057220459,6.769999980926514,6.815000057220459,1087.0
2024-07-03 12:04:00,ENSC,0.45100000500679016,0.45100000500679016,0.45100000500679016,0.45100000500679016,0.45100000500679016,300.0
2024-07-03 12:04:00,ESPR,2.3350000381469727,2.3350000381469727,2.3350000381469727,2.3350000381469727,2.3350000381469727,962.0
2024-07-03 12:04:00,EXAS,43.27000045776367,43.27000045776367,43.27000045776367,43.25,43.2599983215332,1793.0
2024-07-03 12:04:00,EXEL,21.850000381469727,21.850000381469727,21.860000610351562,21.850000381469727,21.860000610351562,1778.0
2024-07-03 12:04:00,EYEN,0.7843999862670898,0.7843999862670898,0.7843999862670898,0.7843999862670898,0.7843999862670898,200.0
2024-07-03 12:04:00,EYPT,8.359999656677246,8.359999656677246,8.359999656677246,8.359999656677246,8.359999656677246,566.0
2024-07-03 12:04:00,FATE,3.1549999713897705,3.1549999713897705,3.1549999713897705,3.1549999713897705,3.1549999713897705,190.0
2024-07-03 12:04:00,FBIO,1.7799999713897705,1.7799999713897705,1.7799999713897705,1.7799999713897705,1.7799999713897705,200.0
2024-07-03 12:04:00,FDMT,20.7450008392334,20.7450008392334,20.7450008392334,20.7450008392334,20.7450008392334,160.0
2024-07-03 12:04:00,FGEN,0.7099999785423279,0.7099999785423279,0.7099999785423279,0.7099999785423279,0.7099999785423279,1028.0
2024-07-03 12:04:00,FOLD,9.864999771118164,9.864999771118164,9.864999771118164,9.864999771118164,9.864999771118164,542.0
2024-07-03 12:04:00,FULC,6.125,6.125,6.125,6.125,6.125,316.0
2024-07-03 12:04:00,GALT,2.1600000858306885,2.1600000858306885,2.1600000858306885,2.1600000858306885,2.1600000858306885,0.0
2024-07-03 12:04:00,GBIO,2.390000104904175,2.390000104904175,2.390000104904175,2.390000104904175,2.390000104904175,886.0
2024-07-03 12:04:00,GDRX,7.735000133514404,7.735000133514404,7.735000133514404,7.730000019073486,7.730000019073486,607.0
2024-07-03 12:04:00,GERN,4.315000057220459,4.315000057220459,4.315000057220459,4.315000057220459,4.315000057220459,851.0
2024-07-03 12:04:00,GH,28.280000686645508,28.280000686645508,28.31999969482422,28.280000686645508,28.31999969482422,409.0
2024-07-03 12:04:00,GILD,66.98999786376953,66.98999786376953,67.0,66.97000122070312,66.98999786376953,2187.0
2024-07-03 12:04:00,GLSI,16.739999771118164,16.739999771118164,16.739999771118164,16.739999771118164,16.739999771118164,235.0
2024-07-03 12:04:00,GLTO,0.5099999904632568,0.5099999904632568,0.5199999809265137,0.5099999904632568,0.5199999809265137,12137.0
2024-07-03 12:04:00,GLUE,3.7100000381469727,3.7100000381469727,3.7300000190734863,3.7100000381469727,3.7300000190734863,520.0
2024-07-03 12:04:00,GLYC,0.27889999747276306,0.27889999747276306,0.27900001406669617,0.2750000059604645,0.2750000059604645,29834.0
2024-07-03 12:04:00,GMAB,25.149999618530273,25.149999618530273,25.149999618530273,25.149999618530273,25.149999618530273,1294.0
2024-07-03 12:04:00,GOSS,0.9544000029563904,0.9544000029563904,0.9544000029563904,0.954200029373169,0.954200029373169,1061.0
2024-07-03 12:04:00,GOVX,2.9212000370025635,2.9212000370025635,2.9212000370025635,2.9212000370025635,2.9212000370025635,2008.0
2024-07-03 12:04:00,GRFS,6.644999980926514,6.644999980926514,6.644999980926514,6.644999980926514,6.644999980926514,501.0
2024-07-03 12:04:00,GTHX,2.5299999713897705,2.5299999713897705,2.5399999618530273,2.5299999713897705,2.5399999618530273,1330.0
2024-07-03 12:04:00,HALO,52.290000915527344,52.290000915527344,52.329898834228516,52.290000915527344,52.290000915527344,1256.0
2024-07-03 12:04:00,HCAT,6.210000038146973,6.210000038146973,6.210000038146973,6.210000038146973,6.210000038146973,404.0
2024-07-03 12:04:00,HCM,17.510000228881836,17.510000228881836,17.549999237060547,17.489999771118164,17.489999771118164,2479.0
2024-07-03 12:04:00,HITI,2.1305999755859375,2.1305999755859375,2.1305999755859375,2.1305999755859375,2.1305999755859375,3238.0
2024-07-03 12:04:00,HLVX,14.40999984741211,14.40999984741211,14.40999984741211,14.40999984741211,14.40999984741211,318.0
2024-07-03 12:04:00,HOLX,73.19999694824219,73.19999694824219,73.19999694824219,73.18099975585938,73.19999694824219,2972.0
2024-07-03 12:04:00,HROW,21.594999313354492,21.594999313354492,21.6200008392334,21.594999313354492,21.6200008392334,616.0
2024-07-03 12:04:00,HRTX,2.7298998832702637,2.7298998832702637,2.7298998832702637,2.7298998832702637,2.7298998832702637,2364.0
2024-07-03 12:04:00,HSIC,65.05000305175781,65.05000305175781,65.05000305175781,65.05000305175781,65.05000305175781,368.0
2024-07-03 12:04:00,HUMA,5.704999923706055,5.704999923706055,5.7179999351501465,5.699999809265137,5.699999809265137,5734.0
2024-07-03 12:04:00,HYPR,0.9998999834060669,0.9998999834060669,0.9998999834060669,0.9998999834060669,0.9998999834060669,335.0
2024-07-03 12:04:00,IART,28.469999313354492,28.469999313354492,28.469999313354492,28.469999313354492,28.469999313354492,236.0
2024-07-03 12:04:00,IBRX,6.275000095367432,6.275000095367432,6.275000095367432,6.275000095367432,6.275000095367432,1042.0
2024-07-03 12:04:00,ICLR,317.8999938964844,317.8999938964844,318.06500244140625,317.8999938964844,318.06500244140625,1079.0
2024-07-03 12:04:00,IDXX,476.5299987792969,476.5299987792969,476.5299987792969,476.5299987792969,476.5299987792969,517.0
2024-07-03 12:04:00,IINN,1.375,1.375,1.375,1.375,1.375,200.0
2024-07-03 12:04:00,IKNA,1.649999976158142,1.649999976158142,1.649999976158142,1.649999976158142,1.649999976158142,44.0
2024-07-03 12:04:00,ILMN,105.88999938964844,105.88999938964844,105.94999694824219,105.88999938964844,105.9000015258789,4413.0
2024-07-03 12:04:00,IMCR,36.005001068115234,36.005001068115234,36.005001068115234,36.005001068115234,36.005001068115234,200.0
2024-07-03 12:04:00,IMMX,2.3808999061584473,2.3808999061584473,2.3808999061584473,2.3808999061584473,2.3808999061584473,156.0
2024-07-03 12:04:00,IMRN,2.015000104904175,2.015000104904175,2.015000104904175,2.015000104904175,2.015000104904175,200.0
2024-07-03 12:04:00,IMVT,26.05500030517578,26.05500030517578,26.06999969482422,25.950000762939453,26.059999465942383,11276.0
2024-07-03 12:04:00,INCY,57.77000045776367,57.77000045776367,57.77000045776367,57.7400016784668,57.77000045776367,2853.0
2024-07-03 12:04:00,INMD,17.559999465942383,17.559999465942383,17.559999465942383,17.559999465942383,17.559999465942383,116.0
2024-07-03 12:04:00,INSM,62.040000915527344,62.040000915527344,62.099998474121094,62.040000915527344,62.060001373291016,5045.0
2024-07-03 12:04:00,IONS,44.900001525878906,44.900001525878906,44.900001525878906,44.790000915527344,44.790000915527344,2975.0
2024-07-03 12:04:00,IOVA,7.473899841308594,7.473899841308594,7.487199783325195,7.460000038146973,7.465000152587891,16110.0
2024-07-03 12:04:00,IRWD,6.114999771118164,6.114999771118164,6.114999771118164,6.114999771118164,6.114999771118164,636.0
2024-07-03 12:04:00,ITCI,68.2750015258789,68.2750015258789,68.2750015258789,68.2750015258789,68.2750015258789,1030.0
2024-07-03 12:04:00,IVVD,1.090399980545044,1.090399980545044,1.090399980545044,1.090399980545044,1.090399980545044,466.0
2024-07-03 12:04:00,JANX,38.03499984741211,38.03499984741211,38.03499984741211,38.0,38.0,534.0
2024-07-03 12:04:00,KNSA,18.854999542236328,18.854999542236328,18.854999542236328,18.854999542236328,18.854999542236328,626.0
2024-07-03 12:04:00,KPTI,0.8230000138282776,0.8230000138282776,0.8271999955177307,0.8230000138282776,0.8230000138282776,14127.0
2024-07-03 12:04:00,KROS,42.404998779296875,42.404998779296875,42.404998779296875,42.404998779296875,42.404998779296875,332.0
2024-07-03 12:04:00,KTRA,0.289000004529953,0.289000004529953,0.289000004529953,0.28859999775886536,0.28859999775886536,8264.0
2024-07-03 12:04:00,KZR,0.5756000280380249,0.5756000280380249,0.5756000280380249,0.5730999708175659,0.574400007724762,13583.0
2024-07-03 12:04:00,LAB,1.8300000429153442,1.8300000429153442,1.8300000429153442,1.8300000429153442,1.8300000429153442,581.0
2024-07-03 12:04:00,LBPH,32.29999923706055,32.29999923706055,32.29999923706055,32.29999923706055,32.29999923706055,759.0
2024-07-03 12:04:00,LEGN,46.11000061035156,46.11000061035156,46.119998931884766,46.025001525878906,46.04999923706055,1158.0
2024-07-03 12:04:00,LFLY,2.0899999141693115,2.0899999141693115,2.0899999141693115,2.0799999237060547,2.0799999237060547,1100.0
2024-07-03 12:04:00,LFMD,6.730000019073486,6.730000019073486,6.730000019073486,6.71999979019165,6.730000019073486,3392.0
2024-07-03 12:04:00,LFST,5.130000114440918,5.130000114440918,5.130000114440918,5.130000114440918,5.130000114440918,718.0
2024-07-03 12:04:00,LIVN,52.64500045776367,52.64500045776367,52.64500045776367,52.64500045776367,52.64500045776367,1860.0
2024-07-03 12:04:00,LNTH,79.57499694824219,79.57499694824219,79.57499694824219,79.57499694824219,79.57499694824219,121.0
2024-07-03 12:04:00,LOGC,5.775000095367432,5.775000095367432,5.775000095367432,5.775000095367432,5.775000095367432,108.0
2024-07-03 12:04:00,LQDA,11.9399995803833,11.9399995803833,11.9399995803833,11.9399995803833,11.9399995803833,533.0
2024-07-03 12:04:00,LSTA,3.430000066757202,3.430000066757202,3.430000066757202,3.430000066757202,3.430000066757202,1845.0
2024-07-03 12:04:00,LUCY,0.4699999988079071,0.4699999988079071,0.4699999988079071,0.4690999984741211,0.4699999988079071,1836.0
2024-07-03 12:04:00,LXRX,1.6100000143051147,1.6100000143051147,1.6100000143051147,1.600000023841858,1.6100000143051147,23285.0
2024-07-03 12:04:00,LYEL,1.5,1.5,1.5,1.5,1.5,1675.0
2024-07-03 12:04:00,LYRA,0.28600001335144043,0.28600001335144043,0.28600001335144043,0.28600001335144043,0.28600001335144043,800.0
2024-07-03 12:04:00,MASI,114.5,114.5,114.5,114.41500091552734,114.41500091552734,897.0
2024-07-03 12:04:00,MASS,4.860000133514404,4.860000133514404,4.869999885559082,4.860000133514404,4.860000133514404,1387.0
2024-07-03 12:04:00,MBIO,0.4982999861240387,0.4982999861240387,0.4982999861240387,0.4982999861240387,0.4982999861240387,290.0
2024-07-03 12:04:00,MBOT,1.059999942779541,1.059999942779541,1.059999942779541,1.059999942779541,1.059999942779541,375.0
2024-07-03 12:04:00,MDWD,14.649999618530273,14.649999618530273,14.649999618530273,14.649999618530273,14.649999618530273,207.0
2024-07-03 12:04:00,ME,0.4092000126838684,0.4092000126838684,0.4097999930381775,0.4081000089645386,0.4097000062465668,6525.0
2024-07-03 12:04:00,MESO,6.78000020980835,6.78000020980835,6.800000190734863,6.78000020980835,6.798799991607666,2436.0
2024-07-03 12:04:00,MGNX,4.175000190734863,4.175000190734863,4.204999923706055,4.175000190734863,4.204999923706055,5965.0
2024-07-03 12:04:00,MIRM,33.837501525878906,33.837501525878906,33.845001220703125,33.810001373291016,33.810001373291016,1032.0
2024-07-03 12:04:00,MIST,1.3250000476837158,1.3250000476837158,1.3250000476837158,1.3250000476837158,1.3250000476837158,661.0
2024-07-03 12:04:00,MLTX,41.255001068115234,41.255001068115234,41.255001068115234,41.255001068115234,41.255001068115234,223.0
2024-07-03 12:04:00,MMSI,85.91000366210938,85.91000366210938,85.91000366210938,85.91000366210938,85.91000366210938,517.0
2024-07-03 12:04:00,MNMD,7.144999980926514,7.144999980926514,7.144999980926514,7.144999980926514,7.144999980926514,609.0
2024-07-03 12:04:00,MODD,1.3600000143051147,1.3600000143051147,1.3899999856948853,1.350000023841858,1.3799999952316284,2026.0
2024-07-03 12:04:00,MODV,28.014999389648438,28.014999389648438,28.014999389648438,28.014999389648438,28.014999389648438,1322.0
2024-07-03 12:04:00,MREO,3.5399999618530273,3.5399999618530273,3.5399999618530273,3.5299999713897705,3.5299999713897705,2699.0
2024-07-03 12:04:00,MRNA,115.77999877929688,115.77999877929688,115.94999694824219,115.76000213623047,115.93499755859375,4855.0
2024-07-03 12:04:00,MRNS,1.2000000476837158,1.2000000476837158,1.2000000476837158,1.2000000476837158,1.2000000476837158,219.0
2024-07-03 12:04:00,MRSN,1.8550000190734863,1.8550000190734863,1.8550000190734863,1.8450000286102295,1.850000023841858,9540.0
2024-07-03 12:04:00,MRUS,52.625,52.625,52.625,52.625,52.625,644.0
2024-07-03 12:04:00,MXCT,3.700000047683716,3.700000047683716,3.700000047683716,3.691999912261963,3.700000047683716,561.0
2024-07-03 12:04:00,MYGN,24.979999542236328,24.979999542236328,24.979999542236328,24.96500015258789,24.96500015258789,779.0
2024-07-03 12:04:00,NARI,49.619998931884766,49.619998931884766,49.619998931884766,49.619998931884766,49.619998931884766,136.0
2024-07-03 12:04:00,NBIX,138.08999633789062,138.08999633789062,138.08999633789062,138.08999633789062,138.08999633789062,616.0
2024-07-03 12:04:00,NDRA,0.1005999967455864,0.1005999967455864,0.10100000351667404,0.10000000149011612,0.10100000351667404,30154.0
2024-07-03 12:04:00,NEOG,15.1850004196167,15.1850004196167,15.1850004196167,15.1850004196167,15.1850004196167,200.0
2024-07-03 12:04:00,NKTR,1.2599999904632568,1.2599999904632568,1.2599999904632568,1.2599999904632568,1.2599999904632568,1084.0
2024-07-03 12:04:00,NKTX,5.340000152587891,5.340000152587891,5.360000133514404,5.329999923706055,5.329999923706055,4217.0
2024-07-03 12:04:00,NNOX,7.047500133514404,7.047500133514404,7.047500133514404,7.039999961853027,7.039999961853027,1212.0
2024-07-03 12:04:00,NRC,22.959999084472656,22.959999084472656,22.985000610351562,22.950000762939453,22.979999542236328,895.0
2024-07-03 12:04:00,NRIX,19.575000762939453,19.575000762939453,19.59000015258789,19.575000762939453,19.59000015258789,372.0
2024-07-03 12:04:00,NSPR,2.4398999214172363,2.4398999214172363,2.4398999214172363,2.4398999214172363,2.4398999214172363,0.0
2024-07-03 12:04:00,NTLA,22.709999084472656,22.709999084472656,22.709999084472656,22.700000762939453,22.700000762939453,1116.0
2024-07-03 12:04:00,NVAX,12.619999885559082,12.619999885559082,12.619999885559082,12.569999694824219,12.609999656677246,29391.0
2024-07-03 12:04:00,NVCR,16.649999618530273,16.649999618530273,16.649999618530273,16.649999618530273,16.649999618530273,620.0
2024-07-03 12:04:00,NXL,1.3899999856948853,1.3899999856948853,1.3899999856948853,1.3899999856948853,1.3899999856948853,0.0
2024-07-03 12:04:00,OCGN,1.6100000143051147,1.6100000143051147,1.6100000143051147,1.6013000011444092,1.6013000011444092,3274.0
2024-07-03 12:04:00,OGI,1.5750000476837158,1.5750000476837158,1.5750000476837158,1.5750000476837158,1.5750000476837158,153.0
2024-07-03 12:04:00,OM,3.869999885559082,3.869999885559082,3.869999885559082,3.869999885559082,3.869999885559082,267.0
2024-07-03 12:04:00,OMGA,1.9500000476837158,1.9500000476837158,1.9500000476837158,1.9500000476837158,1.9500000476837158,1532.0
2024-07-03 12:05:00,ABCL,2.7149999141693115,2.7149999141693115,2.7149999141693115,2.7149999141693115,2.7149999141693115,4018.0
2024-07-03 12:05:00,ABEO,4.269999980926514,4.269999980926514,4.269999980926514,4.269999980926514,4.269999980926514,203.0
2024-07-03 12:05:00,ABIO,3.5799999237060547,3.5799999237060547,3.630000114440918,3.569999933242798,3.569999933242798,7030.0
2024-07-03 12:05:00,ABOS,2.2750000953674316,2.2750000953674316,2.2750000953674316,2.2750000953674316,2.2750000953674316,200.0
2024-07-03 12:05:00,ABSI,3.194999933242798,3.194999933242798,3.1989998817443848,3.194999933242798,3.1989998817443848,406.0
2024-07-03 12:05:00,ABUS,3.140000104904175,3.140000104904175,3.140000104904175,3.140000104904175,3.140000104904175,1803.0
2024-07-03 12:05:00,ACAD,15.53499984741211,15.53499984741211,15.550000190734863,15.529999732971191,15.550000190734863,5042.0
2024-07-03 12:05:00,ACCD,3.565000057220459,3.565000057220459,3.565000057220459,3.559999942779541,3.559999942779541,2583.0
2024-07-03 12:05:00,ACET,1.0800000429153442,1.0800000429153442,1.089900016784668,1.0800000429153442,1.089900016784668,1383.0
2024-07-03 12:05:00,ACHC,66.44000244140625,66.44000244140625,66.47000122070312,66.38999938964844,66.38999938964844,2118.0
2024-07-03 12:05:00,ADAP,1.0188000202178955,1.0188000202178955,1.0188000202178955,1.0188000202178955,1.0188000202178955,2169.0
2024-07-03 12:05:00,ADMA,11.225000381469727,11.225000381469727,11.225000381469727,11.225000381469727,11.225000381469727,1045.0
2024-07-03 12:05:00,ADPT,3.384999990463257,3.384999990463257,3.384999990463257,3.384999990463257,3.384999990463257,675.0
2024-07-03 12:05:00,AFMD,5.077499866485596,5.077499866485596,5.090000152587891,5.070000171661377,5.079999923706055,1347.0
2024-07-03 12:05:00,AGIO,41.880001068115234,41.880001068115234,41.880001068115234,41.880001068115234,41.880001068115234,1225.0
2024-07-03 12:05:00,AIMD,0.9160000085830688,0.9160000085830688,0.9200000166893005,0.8999999761581421,0.8999999761581421,13419.0
2024-07-03 12:05:00,AKAN,2.2149999141693115,2.2149999141693115,2.2149999141693115,2.2149999141693115,2.2149999141693115,2113.0
2024-07-03 12:05:00,AKYA,2.109999895095825,2.109999895095825,2.115000009536743,2.109999895095825,2.115000009536743,569.0
2024-07-03 12:05:00,ALEC,4.429999828338623,4.429999828338623,4.429999828338623,4.429999828338623,4.429999828338623,452.0
2024-07-03 12:05:00,ALGN,242.0500030517578,242.0500030517578,242.22999572753906,241.97999572753906,242.22999572753906,1317.0
2024-07-03 12:05:00,ALGS,0.42489999532699585,0.42489999532699585,0.42489999532699585,0.4237000048160553,0.42489999532699585,46823.0
2024-07-03 12:05:00,ALHC,7.960000038146973,7.960000038146973,7.960000038146973,7.960000038146973,7.960000038146973,368.0
2024-07-03 12:05:00,ALKS,24.184999465942383,24.184999465942383,24.200000762939453,24.184999465942383,24.200000762939453,1376.0
2024-07-03 12:05:00,ALLK,0.8266000151634216,0.8266000151634216,0.8266000151634216,0.8266000151634216,0.8266000151634216,122.0
2024-07-03 12:05:00,ALLO,2.091399908065796,2.091399908065796,2.0999999046325684,2.091399908065796,2.0999999046325684,2544.0
2024-07-03 12:05:00,ALNY,246.33999633789062,246.33999633789062,246.47000122070312,246.33999633789062,246.44000244140625,1651.0
2024-07-03 12:05:00,ALT,6.639999866485596,6.639999866485596,6.664999961853027,6.639999866485596,6.664999961853027,4528.0
2024-07-03 12:05:00,ALVR,0.7350999712944031,0.7350999712944031,0.7350999712944031,0.7330999970436096,0.7330999970436096,4263.0
2024-07-03 12:05:00,ALXO,5.679999828338623,5.679999828338623,5.710000038146973,5.670000076293945,5.710000038146973,4860.0
2024-07-03 12:05:00,AMGN,307.17999267578125,307.17999267578125,307.30999755859375,307.1400146484375,307.30999755859375,3601.0
2024-07-03 12:05:00,AMLX,1.7549999952316284,1.7549999952316284,1.7549999952316284,1.7549999952316284,1.7549999952316284,506.0
2024-07-03 12:05:00,AMPH,38.2599983215332,38.2599983215332,38.2599983215332,38.2599983215332,38.2599983215332,1224.0
2024-07-03 12:05:00,AMRN,0.6953999996185303,0.6953999996185303,0.6953999996185303,0.6953999996185303,0.6953999996185303,2004.0
2024-07-03 12:05:00,ANAB,25.0,25.0,25.0,25.0,25.0,229.0
2024-07-03 12:05:00,ANGO,5.650000095367432,5.650000095367432,5.650000095367432,5.650000095367432,5.650000095367432,450.0
2024-07-03 12:05:00,ANNX,4.800000190734863,4.800000190734863,4.800000190734863,4.789999961853027,4.800000190734863,4006.0
2024-07-03 12:05:00,APDN,0.4000000059604645,0.4000000059604645,0.4000000059604645,0.4000000059604645,0.4000000059604645,238.0
2024-07-03 12:05:00,APLS,35.20000076293945,35.20000076293945,35.20000076293945,35.20000076293945,35.20000076293945,247.0
2024-07-03 12:05:00,APLT,4.340000152587891,4.340000152587891,4.340000152587891,4.323200225830078,4.324999809265137,2709.0
2024-07-03 12:05:00,AQST,2.434999942779541,2.434999942779541,2.440000057220459,2.430000066757202,2.430000066757202,6654.0
2024-07-03 12:05:00,ARAY,1.7300000190734863,1.7300000190734863,1.7300000190734863,1.7300000190734863,1.7300000190734863,0.0
2024-07-03 12:05:00,ARCT,21.520000457763672,21.520000457763672,21.520000457763672,21.514999389648438,21.514999389648438,581.0
2024-07-03 12:05:00,ARDX,5.268099784851074,5.268099784851074,5.269999980926514,5.250100135803223,5.255000114440918,12984.0
2024-07-03 12:05:00,ARQT,9.630000114440918,9.630000114440918,9.630000114440918,9.619999885559082,9.619999885559082,1051.0
2024-07-03 12:05:00,ARWR,25.149999618530273,25.149999618530273,25.149999618530273,25.135700225830078,25.135700225830078,2135.0
2024-07-03 12:05:00,ASRT,1.3300000429153442,1.3300000429153442,1.3300000429153442,1.3240000009536743,1.3240000009536743,6028.0
2024-07-03 12:05:00,ATAI,1.284999966621399,1.284999966621399,1.2899999618530273,1.284999966621399,1.2899999618530273,3500.0
2024-07-03 12:05:00,ATOS,1.1549999713897705,1.1549999713897705,1.159999966621399,1.1549999713897705,1.159999966621399,544.0
2024-07-03 12:05:00,ATRC,22.329999923706055,22.329999923706055,22.329999923706055,22.329999923706055,22.329999923706055,231.0
2024-07-03 12:05:00,ATXS,9.015000343322754,9.015000343322754,9.020000457763672,9.0,9.010000228881836,3633.0
2024-07-03 12:05:00,AUGX,1.0,1.0,1.0,1.0,1.0,1415.0
2024-07-03 12:05:00,AUPH,5.484000205993652,5.484000205993652,5.485000133514404,5.484000205993652,5.485000133514404,616.0
2024-07-03 12:05:00,AUTL,3.4798998832702637,3.4798998832702637,3.4800000190734863,3.4749999046325684,3.4749999046325684,3111.0
2024-07-03 12:05:00,AVDL,14.430000305175781,14.430000305175781,14.430000305175781,14.414999961853027,14.414999961853027,1614.0
2024-07-03 12:05:00,AVGR,1.854599952697754,1.854599952697754,1.854599952697754,1.854599952697754,1.854599952697754,494.0
2024-07-03 12:05:00,AVTE,1.6549999713897705,1.6549999713897705,1.6549999713897705,1.6549999713897705,1.6549999713897705,445.0
2024-07-03 12:05:00,AVXL,4.139999866485596,4.139999866485596,4.144999980926514,4.139999866485596,4.139999866485596,2657.0
2024-07-03 12:05:00,AZN,76.63500213623047,76.63500213623047,76.63999938964844,76.63500213623047,76.63500213623047,3153.0
2024-07-03 12:05:00,AZTA,52.41999816894531,52.41999816894531,52.540000915527344,52.41999816894531,52.540000915527344,3992.0
2024-07-03 12:05:00,BBIO,25.399999618530273,25.399999618530273,25.399999618530273,25.399999618530273,25.399999618530273,1748.0
2024-07-03 12:05:00,BCAB,1.3899999856948853,1.3899999856948853,1.4000999927520752,1.3899999856948853,1.4000999927520752,5837.0
2024-07-03 12:05:00,BCRX,6.439899921417236,6.439899921417236,6.439899921417236,6.439899921417236,6.439899921417236,913.0
2024-07-03 12:05:00,BDSX,1.6100000143051147,1.6100000143051147,1.6150000095367432,1.6100000143051147,1.6150000095367432,914.0
2024-07-03 12:05:00,BDTX,4.355000019073486,4.355000019073486,4.360000133514404,4.355000019073486,4.360000133514404,2847.0
2024-07-03 12:05:00,BEAM,23.549999237060547,23.549999237060547,23.559999465942383,23.469999313354492,23.469999313354492,5921.0
2024-07-03 12:05:00,BJDX,0.635200023651123,0.635200023651123,0.635200023651123,0.635200023651123,0.635200023651123,0.0
2024-07-03 12:05:00,BLFS,19.799999237060547,19.799999237060547,19.799999237060547,19.799999237060547,19.799999237060547,437.0
2024-07-03 12:05:00,BLTE,45.380001068115234,45.380001068115234,45.380001068115234,45.380001068115234,45.380001068115234,200.0
2024-07-03 12:05:00,BLUE,0.9200999736785889,0.9200999736785889,0.9210000038146973,0.916700005531311,0.916700005531311,16003.0
2024-07-03 12:05:00,BMEA,4.349999904632568,4.349999904632568,4.349999904632568,4.349999904632568,4.349999904632568,2100.0
2024-07-03 12:05:00,BMRN,80.69999694824219,80.69999694824219,80.69999694824219,80.61000061035156,80.63500213623047,1623.0
2024-07-03 12:05:00,BNGO,0.5680999755859375,0.5680999755859375,0.5680999755859375,0.5680999755859375,0.5680999755859375,16256.0
2024-07-03 12:05:00,BNTX,79.91000366210938,79.91000366210938,80.00499725341797,79.88999938964844,79.91000366210938,126025.0
2024-07-03 12:05:00,BPMC,110.7699966430664,110.7699966430664,110.7699966430664,110.7699966430664,110.7699966430664,333.0
2024-07-03 12:05:00,BRKR,61.41999816894531,61.41999816894531,61.5099983215332,61.36000061035156,61.39500045776367,5030.0
2024-07-03 12:05:00,BTAI,1.0800000429153442,1.0800000429153442,1.0850000381469727,1.0800000429153442,1.0800000429153442,1016.0
2024-07-03 12:05:00,BVS,5.965000152587891,5.965000152587891,5.965000152587891,5.965000152587891,5.965000152587891,501.0
2024-07-03 12:05:00,CABA,7.519999980926514,7.519999980926514,7.525000095367432,7.519999980926514,7.525000095367432,1332.0
2024-07-03 12:05:00,CCCC,4.599999904632568,4.599999904632568,4.599999904632568,4.554999828338623,4.565000057220459,7599.0
2024-07-03 12:05:00,CCRN,13.739999771118164,13.739999771118164,13.789999961853027,13.739999771118164,13.789999961853027,2170.0
2024-07-03 12:05:00,CDMO,7.804999828338623,7.804999828338623,7.804999828338623,7.802000045776367,7.804999828338623,4448.0
2024-07-03 12:05:00,CDXC,2.505000114440918,2.505000114440918,2.506700038909912,2.505000114440918,2.506700038909912,335.0
2024-07-03 12:05:00,CDXS,2.875,2.875,2.880000114440918,2.875,2.880000114440918,2669.0
2024-07-03 12:05:00,CELC,16.25,16.25,16.25,16.229999542236328,16.229999542236328,1139.0
2024-07-03 12:05:00,CERE,39.66999816894531,39.66999816894531,39.66999816894531,39.59000015258789,39.630001068115234,43839.0
2024-07-03 12:05:00,CERS,1.725000023841858,1.725000023841858,1.725000023841858,1.7200000286102295,1.7200000286102295,600.0
2024-07-03 12:05:00,CERT,13.770000457763672,13.770000457763672,13.770000457763672,13.770000457763672,13.770000457763672,674.0
2024-07-03 12:05:00,CGC,6.547999858856201,6.547999858856201,6.549099922180176,6.542500019073486,6.549099922180176,3151.0
2024-07-03 12:05:00,CLDX,36.189998626708984,36.189998626708984,36.189998626708984,36.06999969482422,36.06999969482422,5227.0
2024-07-03 12:05:00,CLOV,1.2450000047683716,1.2450000047683716,1.2450000047683716,1.2400000095367432,1.2404999732971191,698.0
2024-07-03 12:05:00,CMAX,2.2100000381469727,2.2100000381469727,2.2100000381469727,2.200000047683716,2.200000047683716,876.0
2024-07-03 12:05:00,CMPS,6.179999828338623,6.179999828338623,6.190000057220459,6.179999828338623,6.179999828338623,848.0
2024-07-03 12:05:00,CNSP,1.465000033378601,1.465000033378601,1.4700000286102295,1.4601000547409058,1.4601000547409058,25019.0
2024-07-03 12:05:00,COGT,8.399999618530273,8.399999618530273,8.40999984741211,8.399999618530273,8.40999984741211,1634.0
2024-07-03 12:05:00,CORT,30.274999618530273,30.274999618530273,30.290000915527344,30.25,30.290000915527344,1263.0
2024-07-03 12:05:00,COSM,0.9399999976158142,0.9399999976158142,0.9399999976158142,0.9399999976158142,0.9399999976158142,6107.0
2024-07-03 12:05:00,CRBP,49.84000015258789,49.84000015258789,49.84000015258789,49.84000015258789,49.84000015258789,526.0
2024-07-03 12:05:00,CRBU,1.5700000524520874,1.5700000524520874,1.5800000429153442,1.5700000524520874,1.5800000429153442,406.0
2024-07-03 12:05:00,CRMD,4.139999866485596,4.139999866485596,4.139999866485596,4.139999866485596,4.139999866485596,709.0
2024-07-03 12:05:00,CRNX,44.63999938964844,44.63999938964844,44.63999938964844,44.63999938964844,44.63999938964844,298.0
2024-07-03 12:05:00,CRON,2.305000066757202,2.305000066757202,2.305000066757202,2.305000066757202,2.305000066757202,333.0
2024-07-03 12:05:00,CRSP,53.90999984741211,53.90999984741211,53.90999984741211,53.86000061035156,53.86000061035156,3698.0
2024-07-03 12:05:00,CSTL,20.93000030517578,20.93000030517578,20.93000030517578,20.889999389648438,20.889999389648438,1169.0
2024-07-03 12:05:00,CTKB,5.590000152587891,5.590000152587891,5.59499979019165,5.590000152587891,5.590000152587891,1370.0
2024-07-03 12:05:00,CTXR,0.5130000114440918,0.5130000114440918,0.5130000114440918,0.5127000212669373,0.5127000212669373,985.0
2024-07-03 12:05:00,CUE,0.9901000261306763,0.9901000261306763,0.9937000274658203,0.9901000261306763,0.9937000274658203,1350.0
2024-07-03 12:05:00,CUTR,1.2944999933242798,1.2944999933242798,1.2944999933242798,1.2944999933242798,1.2944999933242798,1669.0
2024-07-03 12:05:00,CVAC,3.3499999046325684,3.3499999046325684,3.3499999046325684,3.3399999141693115,3.3399999141693115,7352.0
2024-07-03 12:05:00,CYTK,54.68000030517578,54.68000030517578,54.68000030517578,54.630001068115234,54.654998779296875,699.0
2024-07-03 12:05:00,DARE,3.200000047683716,3.200000047683716,3.200000047683716,3.200000047683716,3.200000047683716,397.0
2024-07-03 12:05:00,DCGO,2.9549999237060547,2.9549999237060547,2.9549999237060547,2.9549999237060547,2.9549999237060547,531.0
2024-07-03 12:05:00,DH,5.380000114440918,5.380000114440918,5.380000114440918,5.380000114440918,5.380000114440918,237.0
2024-07-03 12:05:00,DNLI,21.31999969482422,21.31999969482422,21.31999969482422,21.299999237060547,21.299999237060547,1389.0
2024-07-03 12:05:00,DVAX,11.079999923706055,11.079999923706055,11.079999923706055,11.0649995803833,11.0649995803833,2199.0
2024-07-03 12:05:00,DXCM,110.75499725341797,110.75499725341797,110.84619903564453,110.69000244140625,110.78500366210938,17054.0
2024-07-03 12:05:00,DYN,34.255001068115234,34.255001068115234,34.255001068115234,34.2400016784668,34.2400016784668,692.0
2024-07-03 12:05:00,EDIT,4.625,4.625,4.625,4.619999885559082,4.619999885559082,4615.0
2024-07-03 12:05:00,ELEV,2.640000104904175,2.640000104904175,2.640000104904175,2.640000104904175,2.640000104904175,129.0
2024-07-03 12:05:00,EMBC,11.960000038146973,11.960000038146973,11.960000038146973,11.960000038146973,11.960000038146973,329.0
2024-07-03 12:05:00,ENSC,0.45100000500679016,0.45100000500679016,0.45100000500679016,0.45100000500679016,0.45100000500679016,600.0
2024-07-03 12:05:00,ENSG,126.72000122070312,126.72000122070312,126.72000122070312,126.72000122070312,126.72000122070312,1071.0
2024-07-03 12:05:00,ENTA,13.050000190734863,13.050000190734863,13.050000190734863,13.050000190734863,13.050000190734863,356.0
2024-07-03 12:05:00,ERAS,2.200000047683716,2.200000047683716,2.200000047683716,2.200000047683716,2.200000047683716,1641.0
2024-07-03 12:05:00,ESPR,2.3399999141693115,2.3399999141693115,2.3399999141693115,2.3340001106262207,2.3350000381469727,9522.0
2024-07-03 12:05:00,ESTA,43.41999816894531,43.41999816894531,43.41999816894531,43.41999816894531,43.41999816894531,1101.0
2024-07-03 12:05:00,EWTX,18.1299991607666,18.1299991607666,18.1299991607666,18.1299991607666,18.1299991607666,244.0
2024-07-03 12:05:00,EXAS,43.244998931884766,43.244998931884766,43.279998779296875,43.22999954223633,43.2599983215332,3703.0
2024-07-03 12:05:00,EXEL,21.850000381469727,21.850000381469727,21.854999542236328,21.850000381469727,21.854999542236328,936.0
2024-07-03 12:05:00,EYEN,0.7843999862670898,0.7843999862670898,0.7843999862670898,0.7843999862670898,0.7843999862670898,5.0
2024-07-03 12:05:00,EYPT,8.350000381469727,8.350000381469727,8.359999656677246,8.350000381469727,8.359999656677246,2586.0
2024-07-03 12:05:00,FATE,3.158900022506714,3.158900022506714,3.158900022506714,3.1500000953674316,3.1500000953674316,3735.0
2024-07-03 12:05:00,FDMT,20.739999771118164,20.739999771118164,20.739999771118164,20.739999771118164,20.739999771118164,369.0
2024-07-03 12:05:00,FLGT,20.110000610351562,20.110000610351562,20.110000610351562,20.110000610351562,20.110000610351562,316.0
2024-07-03 12:05:00,FOLD,9.864999771118164,9.864999771118164,9.864999771118164,9.864999771118164,9.864999771118164,608.0
2024-07-03 12:05:00,GANX,1.1399999856948853,1.1399999856948853,1.149999976158142,1.1299999952316284,1.1399999856948853,7548.0
2024-07-03 12:05:00,GDRX,7.744999885559082,7.744999885559082,7.744999885559082,7.739999771118164,7.739999771118164,2751.0
2024-07-03 12:05:00,GERN,4.324999809265137,4.324999809265137,4.328700065612793,4.320000171661377,4.320000171661377,10146.0
2024-07-03 12:05:00,GHRS,11.602899551391602,11.602899551391602,11.602899551391602,11.602899551391602,11.602899551391602,687.0
2024-07-03 12:05:00,GILD,66.9000015258789,66.9000015258789,66.9800033569336,66.88999938964844,66.9800033569336,18619.0
2024-07-03 12:05:00,GLYC,0.27790001034736633,0.27790001034736633,0.27799999713897705,0.27790001034736633,0.27799999713897705,69800.0
2024-07-03 12:05:00,GOVX,2.9000000953674316,2.9000000953674316,2.9100000858306885,2.9000000953674316,2.9100000858306885,2228.0
2024-07-03 12:05:00,GRFS,6.644999980926514,6.644999980926514,6.644999980926514,6.644999980926514,6.644999980926514,1990.0
2024-07-03 12:05:00,GRTS,0.5806000232696533,0.5806000232696533,0.5806000232696533,0.5774000287055969,0.5774000287055969,17123.0
2024-07-03 12:05:00,HALO,52.310001373291016,52.310001373291016,52.33000183105469,52.30500030517578,52.30500030517578,410.0
2024-07-03 12:05:00,HCAT,6.210000038146973,6.210000038146973,6.210000038146973,6.199999809265137,6.210000038146973,854.0
2024-07-03 12:05:00,HCSG,10.595000267028809,10.595000267028809,10.595000267028809,10.595000267028809,10.595000267028809,436.0
2024-07-03 12:05:00,HOLX,73.20500183105469,73.20500183105469,73.23999786376953,73.19000244140625,73.19999694824219,5181.0
2024-07-03 12:05:00,HOOK,0.586899995803833,0.586899995803833,0.586899995803833,0.586899995803833,0.586899995803833,2.0
2024-07-03 12:05:00,HOWL,2.030100107192993,2.030100107192993,2.030100107192993,2.030100107192993,2.030100107192993,209.0
2024-07-03 12:05:00,HRMY,30.600000381469727,30.600000381469727,30.600000381469727,30.600000381469727,30.600000381469727,2193.0
2024-07-03 12:05:00,HRTX,2.746000051498413,2.746000051498413,2.75,2.7211999893188477,2.7211999893188477,13573.0
2024-07-03 12:05:00,HSIC,65.0250015258789,65.0250015258789,65.06999969482422,65.0250015258789,65.06999969482422,1992.0
2024-07-03 12:05:00,HSTM,27.450000762939453,27.450000762939453,27.450000762939453,27.450000762939453,27.450000762939453,120.0
2024-07-03 12:05:00,HUGE,0.14319999516010284,0.14319999516010284,0.14319999516010284,0.1429000049829483,0.14319999516010284,7300.0
2024-07-03 12:05:00,HUMA,5.699999809265137,5.699999809265137,5.699999809265137,5.690100193023682,5.699999809265137,5203.0
2024-07-03 12:05:00,IART,28.459999084472656,28.459999084472656,28.459999084472656,28.459999084472656,28.459999084472656,1920.0
2024-07-03 12:05:00,IBRX,6.275000095367432,6.275000095367432,6.28000020980835,6.275000095367432,6.28000020980835,1358.0
2024-07-03 12:05:00,ICLR,317.8900146484375,317.8900146484375,317.8900146484375,317.8900146484375,317.8900146484375,760.0
2024-07-03 12:05:00,IDXX,476.3999938964844,476.3999938964844,476.510009765625,476.3999938964844,476.510009765625,2466.0
2024-07-03 12:05:00,IDYA,33.380001068115234,33.380001068115234,33.380001068115234,33.380001068115234,33.380001068115234,721.0
2024-07-03 12:05:00,IFRX,1.625,1.625,1.6299999952316284,1.625,1.6299999952316284,757.0
2024-07-03 12:05:00,IINN,1.375,1.375,1.375,1.375,1.375,79.0
2024-07-03 12:05:00,IKNA,1.649999976158142,1.649999976158142,1.649999976158142,1.649999976158142,1.649999976158142,633.0
2024-07-03 12:05:00,IKT,1.23989999294281,1.23989999294281,1.23989999294281,1.2300000190734863,1.2300000190734863,800.0
2024-07-03 12:05:00,ILMN,105.80000305175781,105.80000305175781,105.88999938964844,105.80000305175781,105.88999938964844,2824.0
2024-07-03 12:05:00,IMAB,1.5199999809265137,1.5199999809265137,1.5199999809265137,1.5199999809265137,1.5199999809265137,233.0
2024-07-03 12:05:00,IMCR,36.029998779296875,36.029998779296875,36.029998779296875,36.005001068115234,36.005001068115234,438.0
2024-07-03 12:05:00,IMMX,2.3949999809265137,2.3949999809265137,2.3949999809265137,2.3949999809265137,2.3949999809265137,1506.0
2024-07-03 12:05:00,IMRX,1.125,1.125,1.125,1.125,1.125,383.0
2024-07-03 12:05:00,INBX,13.104999542236328,13.104999542236328,13.104999542236328,13.104999542236328,13.104999542236328,1188.0
2024-07-03 12:05:00,INCY,57.720001220703125,57.720001220703125,57.7599983215332,57.720001220703125,57.7599983215332,3804.0
2024-07-03 12:05:00,INMD,17.569000244140625,17.569000244140625,17.569000244140625,17.569000244140625,17.569000244140625,304.0
2024-07-03 12:05:00,INNV,5.269999980926514,5.269999980926514,5.269999980926514,5.269999980926514,5.269999980926514,1350.0
2024-07-03 12:05:00,INO,8.444999694824219,8.444999694824219,8.444999694824219,8.420000076293945,8.420000076293945,1419.0
2024-07-03 12:05:00,INSM,61.970001220703125,61.970001220703125,62.02000045776367,61.970001220703125,62.02000045776367,4382.0
2024-07-03 12:05:00,INVO,0.7502999901771545,0.7502999901771545,0.7504000067710876,0.7502999901771545,0.7504000067710876,6628.0
2024-07-03 12:05:00,IONS,44.89500045776367,44.89500045776367,44.900001525878906,44.88999938964844,44.900001525878906,803.0
2024-07-03 12:05:00,IOVA,7.474999904632568,7.474999904632568,7.489999771118164,7.474999904632568,7.474999904632568,33055.0
2024-07-03 12:05:00,IRTC,94.19000244140625,94.19000244140625,94.19000244140625,94.19000244140625,94.19000244140625,1100.0
2024-07-03 12:05:00,IRWD,6.130000114440918,6.130000114440918,6.130000114440918,6.119999885559082,6.119999885559082,2923.0
2024-07-03 12:05:00,ISPC,0.27300000190734863,0.27300000190734863,0.27309998869895935,0.27219998836517334,0.27309998869895935,2782.0
2024-07-03 12:05:00,ISRG,433.7049865722656,433.7049865722656,433.8349914550781,433.510009765625,433.7799987792969,3713.0
2024-07-03 12:05:00,ITOS,14.8149995803833,14.8149995803833,14.8149995803833,14.8149995803833,14.8149995803833,212.0
2024-07-03 12:05:00,JAGX,3.4825000762939453,3.4825000762939453,3.490000009536743,3.4800000190734863,3.4800000190734863,1563.0
2024-07-03 12:05:00,JANX,38.03499984741211,38.03499984741211,38.03499984741211,38.03499984741211,38.03499984741211,313.0
2024-07-03 12:05:00,JAZZ,103.8407974243164,103.8407974243164,103.8407974243164,103.8407974243164,103.8407974243164,424.0
2024-07-03 12:05:00,KALV,11.630000114440918,11.630000114440918,11.630000114440918,11.630000114440918,11.630000114440918,188.0
2024-07-03 12:05:00,KIDS,29.780000686645508,29.780000686645508,29.780000686645508,29.780000686645508,29.780000686645508,719.0
2024-07-03 12:05:00,KPTI,0.8252999782562256,0.8252999782562256,0.8252999782562256,0.8220000267028809,0.8230000138282776,33697.0
2024-07-03 12:05:00,KROS,42.34000015258789,42.34000015258789,42.34000015258789,42.34000015258789,42.34000015258789,220.0
2024-07-03 12:05:00,KTRA,0.2897000014781952,0.2897000014781952,0.2897000014781952,0.2897000014781952,0.2897000014781952,0.0
2024-07-03 12:05:00,KURA,20.229999542236328,20.229999542236328,20.229999542236328,20.229999542236328,20.229999542236328,702.0
2024-07-03 12:05:00,KYMR,30.15999984741211,30.15999984741211,30.200000762939453,30.15999984741211,30.200000762939453,373.0
2024-07-03 12:05:00,KZR,0.5759000182151794,0.5759000182151794,0.5759999752044678,0.5756000280380249,0.5756000280380249,18407.0
2024-07-03 12:05:00,LAB,1.8300000429153442,1.8300000429153442,1.8300000429153442,1.8246999979019165,1.8300000429153442,2230.0
2024-07-03 12:05:00,LEGN,46.06999969482422,46.06999969482422,46.06999969482422,46.06999969482422,46.06999969482422,162.0
2024-07-03 12:05:00,LFST,5.130000114440918,5.130000114440918,5.130000114440918,5.130000114440918,5.130000114440918,518.0
2024-07-03 12:05:00,LIVN,52.68000030517578,52.68000030517578,52.689998626708984,52.68000030517578,52.689998626708984,952.0
2024-07-03 12:05:00,LNTH,79.55500030517578,79.55500030517578,79.57499694824219,79.5,79.57499694824219,2043.0
2024-07-03 12:05:00,LOGC,5.764999866485596,5.764999866485596,5.769999980926514,5.764999866485596,5.769999980926514,2328.0
2024-07-03 12:05:00,LPCN,7.501999855041504,7.501999855041504,7.539999961853027,7.501999855041504,7.539999961853027,128.0
2024-07-03 12:05:00,LRMR,7.710000038146973,7.710000038146973,7.710000038146973,7.690000057220459,7.699999809265137,1501.0
2024-07-03 12:05:00,LUCY,0.4745999872684479,0.4745999872684479,0.4745999872684479,0.47200000286102295,0.47200000286102295,1818.0
2024-07-03 12:05:00,LYEL,1.5,1.5,1.5,1.5,1.5,6249.0
2024-07-03 12:05:00,LYRA,0.2858000099658966,0.2858000099658966,0.28600001335144043,0.2858000099658966,0.28600001335144043,1000.0
2024-07-03 12:05:00,MASI,114.70999908447266,114.70999908447266,114.70999908447266,114.48999786376953,114.48999786376953,2978.0
2024-07-03 12:05:00,MASS,4.869999885559082,4.869999885559082,4.869999885559082,4.869999885559082,4.869999885559082,265.0
2024-07-03 12:05:00,MBIO,0.4932999908924103,0.4932999908924103,0.4984000027179718,0.4932999908924103,0.4984000027179718,805.0
2024-07-03 12:05:00,MDXG,6.764999866485596,6.764999866485596,6.764999866485596,6.764999866485596,6.764999866485596,413.0
2024-07-03 12:05:00,MDXH,2.319999933242798,2.319999933242798,2.319999933242798,2.319999933242798,2.319999933242798,200.0
2024-07-03 12:05:00,ME,0.4129999876022339,0.4129999876022339,0.4129999876022339,0.4092000126838684,0.4092000126838684,22607.0
2024-07-03 12:05:00,MESO,6.78000020980835,6.78000020980835,6.78000020980835,6.78000020980835,6.78000020980835,416.0
2024-07-03 12:05:00,MGNX,4.175000190734863,4.175000190734863,4.175000190734863,4.175000190734863,4.175000190734863,349.0
2024-07-03 12:05:00,MLTX,41.22999954223633,41.22999954223633,41.22999954223633,41.22999954223633,41.22999954223633,200.0
2024-07-03 12:05:00,MNKD,5.010000228881836,5.010000228881836,5.019999980926514,5.010000228881836,5.019999980926514,1690.0
2024-07-03 12:05:00,MNMD,7.144999980926514,7.144999980926514,7.144999980926514,7.144999980926514,7.144999980926514,349.0
2024-07-03 12:05:00,MREO,3.5450000762939453,3.5450000762939453,3.5450000762939453,3.5450000762939453,3.5450000762939453,245.0
2024-07-03 12:05:00,MRKR,5.184000015258789,5.184000015258789,5.184000015258789,5.184000015258789,5.184000015258789,359.0
2024-07-03 12:05:00,MRNA,115.63009643554688,115.63009643554688,115.77999877929688,115.62999725341797,115.76000213623047,4548.0
2024-07-03 12:05:00,MRNS,1.2050000429153442,1.2050000429153442,1.2050000429153442,1.2050000429153442,1.2050000429153442,200.0
2024-07-03 12:05:00,MRSN,1.8550000190734863,1.8550000190734863,1.8550000190734863,1.8550000190734863,1.8550000190734863,835.0
2024-07-03 12:05:00,MRVI,6.974999904632568,6.974999904632568,6.980000019073486,6.971199989318848,6.974999904632568,876.0
2024-07-03 12:05:00,MXCT,3.694999933242798,3.694999933242798,3.700000047683716,3.694999933242798,3.700000047683716,500.0
2024-07-03 12:05:00,MYGN,24.979999542236328,24.979999542236328,24.979999542236328,24.979999542236328,24.979999542236328,1100.0
2024-07-03 12:05:00,NARI,49.584999084472656,49.584999084472656,49.61000061035156,49.54999923706055,49.61000061035156,1695.0
2024-07-03 12:05:00,NBIX,138.02000427246094,138.02000427246094,138.11000061035156,137.9600067138672,138.0850067138672,1555.0
2024-07-03 12:05:00,NDRA,0.10010000318288803,0.10010000318288803,0.10100000351667404,0.10010000318288803,0.10090000182390213,138560.0
2024-07-03 12:05:00,NEO,13.75,13.75,13.75,13.739999771118164,13.739999771118164,749.0
2024-07-03 12:05:00,NEOG,15.180000305175781,15.180000305175781,15.1850004196167,15.180000305175781,15.180000305175781,3163.0
2024-07-03 12:05:00,NKTR,1.2599999904632568,1.2599999904632568,1.2599999904632568,1.2599999904632568,1.2599999904632568,1645.0
2024-07-03 12:05:00,NLSP,0.2011999934911728,0.2011999934911728,0.2011999934911728,0.2011999934911728,0.2011999934911728,3708.0
2024-07-03 12:05:00,NPCE,7.409999847412109,7.409999847412109,7.409999847412109,7.400000095367432,7.400000095367432,522.0
2024-07-03 12:05:00,NRBO,4.559999942779541,4.559999942779541,4.559999942779541,4.559999942779541,4.559999942779541,203.0
2024-07-03 12:05:00,NRC,23.03499984741211,23.03499984741211,23.03499984741211,23.03499984741211,23.03499984741211,141.0
2024-07-03 12:05:00,NRSN,1.2700999975204468,1.2700999975204468,1.2700999975204468,1.2700999975204468,1.2700999975204468,211.0
2024-07-03 12:05:00,NSPR,2.4398999214172363,2.4398999214172363,2.4398999214172363,2.4398999214172363,2.4398999214172363,209.0
2024-07-03 12:05:00,NTLA,22.719999313354492,22.719999313354492,22.719999313354492,22.704299926757812,22.704299926757812,1635.0
2024-07-03 12:05:00,NVAX,12.604999542236328,12.604999542236328,12.625,12.600000381469727,12.619999885559082,9981.0
2024-07-03 12:05:00,NVCR,16.6299991607666,16.6299991607666,16.65999984741211,16.6299991607666,16.649999618530273,2285.0
2024-07-03 12:05:00,NVOS,0.762499988079071,0.762499988079071,0.762499988079071,0.762499988079071,0.762499988079071,1300.0
2024-07-03 12:05:00,NXL,1.3904999494552612,1.3904999494552612,1.3904999494552612,1.3904999494552612,1.3904999494552612,308.0
2024-07-03 12:05:00,OCGN,1.6100000143051147,1.6100000143051147,1.6100000143051147,1.6100000143051147,1.6100000143051147,4148.0
2024-07-03 12:05:00,OCUL,6.650000095367432,6.650000095367432,6.650000095367432,6.650000095367432,6.650000095367432,126.0
2024-07-03 12:05:00,OFIX,13.46500015258789,13.46500015258789,13.46500015258789,13.46500015258789,13.46500015258789,341.0
2024-07-03 12:05:00,OGI,1.5800000429153442,1.5800000429153442,1.5800000429153442,1.5800000429153442,1.5800000429153442,200.0
2024-07-03 12:05:00,OLMA,10.489999771118164,10.489999771118164,10.489999771118164,10.489999771118164,10.489999771118164,453.0
2024-07-03 12:05:00,OM,3.869999885559082,3.869999885559082,3.869999885559082,3.869999885559082,3.869999885559082,574.0
2024-07-03 12:05:00,OMCL,26.540000915527344,26.540000915527344,26.549999237060547,26.540000915527344,26.540000915527344,922.0
2024-07-03 12:06:00,ABEO,4.269999980926514,4.269999980926514,4.269999980926514,4.260000228881836,4.260000228881836,1188.0
2024-07-03 12:06:00,ABOS,2.2899999618530273,2.2899999618530273,2.2899999618530273,2.2899999618530273,2.2899999618530273,283.0
2024-07-03 12:06:00,ABSI,3.190999984741211,3.190999984741211,3.190999984741211,3.190999984741211,3.190999984741211,700.0
2024-07-03 12:06:00,ABUS,3.134999990463257,3.134999990463257,3.134999990463257,3.134999990463257,3.134999990463257,119.0
2024-07-03 12:06:00,ACAD,15.550000190734863,15.550000190734863,15.550000190734863,15.529999732971191,15.529999732971191,3561.0
2024-07-03 12:06:00,ACB,4.889999866485596,4.889999866485596,4.889999866485596,4.889999866485596,4.889999866485596,1554.0
2024-07-03 12:06:00,ACCD,3.559999942779541,3.559999942779541,3.569999933242798,3.559999942779541,3.565000057220459,6359.0
2024-07-03 12:06:00,ACET,1.0850000381469727,1.0850000381469727,1.0850000381469727,1.0800000429153442,1.0850000381469727,1809.0
2024-07-03 12:06:00,ACHC,66.44499969482422,66.44499969482422,66.44499969482422,66.44499969482422,66.44499969482422,1283.0
2024-07-03 12:06:00,ACIU,3.799999952316284,3.799999952316284,3.809999942779541,3.799999952316284,3.809999942779541,1170.0
2024-07-03 12:06:00,ACRS,1.149999976158142,1.149999976158142,1.149999976158142,1.149999976158142,1.149999976158142,1360.0
2024-07-03 12:06:00,ADAP,1.0149999856948853,1.0149999856948853,1.0149999856948853,1.0149999856948853,1.0149999856948853,200.0
2024-07-03 12:06:00,ADMA,11.225000381469727,11.225000381469727,11.225000381469727,11.225000381469727,11.225000381469727,298.0
2024-07-03 12:06:00,AEMD,0.40389999747276306,0.40389999747276306,0.40389999747276306,0.40389999747276306,0.40389999747276306,359.0
2024-07-03 12:06:00,AFMD,5.105000019073486,5.105000019073486,5.110000133514404,5.105000019073486,5.110000133514404,334.0
2024-07-03 12:06:00,AHCO,9.774999618530273,9.774999618530273,9.779999732971191,9.774999618530273,9.779999732971191,849.0
2024-07-03 12:06:00,AIMD,0.914900004863739,0.914900004863739,0.9197999835014343,0.8999999761581421,0.9000999927520752,37352.0
2024-07-03 12:06:00,AKAN,2.2000999450683594,2.2000999450683594,2.2000999450683594,2.2000999450683594,2.2000999450683594,2726.0
2024-07-03 12:06:00,AKBA,0.9477999806404114,0.9477999806404114,0.9477999806404114,0.9456999897956848,0.9463000297546387,1227.0
2024-07-03 12:06:00,ALEC,4.429999828338623,4.429999828338623,4.440000057220459,4.429999828338623,4.440000057220459,286.0
2024-07-03 12:06:00,ALGN,242.32000732421875,242.32000732421875,242.32000732421875,242.05999755859375,242.05999755859375,1922.0
2024-07-03 12:06:00,ALHC,7.960000038146973,7.960000038146973,7.965000152587891,7.960000038146973,7.960000038146973,3517.0
2024-07-03 12:06:00,ALKS,24.190000534057617,24.190000534057617,24.190000534057617,24.190000534057617,24.190000534057617,575.0
2024-07-03 12:06:00,ALLK,0.8264999985694885,0.8264999985694885,0.8264999985694885,0.8264999985694885,0.8264999985694885,331.0
2024-07-03 12:06:00,ALLO,2.0950000286102295,2.0950000286102295,2.0950000286102295,2.0950000286102295,2.0950000286102295,3525.0
2024-07-03 12:06:00,ALLR,0.2011999934911728,0.2011999934911728,0.2070000022649765,0.2011999934911728,0.2070000022649765,3237.0
2024-07-03 12:06:00,ALT,6.64109992980957,6.64109992980957,6.64109992980957,6.64109992980957,6.64109992980957,651.0
2024-07-03 12:06:00,ALXO,5.679999828338623,5.679999828338623,5.690000057220459,5.679999828338623,5.690000057220459,997.0
2024-07-03 12:06:00,AMGN,307.30999755859375,307.30999755859375,307.30999755859375,307.1947937011719,307.2349853515625,1655.0
2024-07-03 12:06:00,AMLX,1.7549999952316284,1.7549999952316284,1.7549999952316284,1.7549999952316284,1.7549999952316284,512.0
2024-07-03 12:06:00,AMPH,38.31999969482422,38.31999969482422,38.32500076293945,38.29999923706055,38.29999923706055,1328.0
2024-07-03 12:06:00,ANAB,24.962499618530273,24.962499618530273,25.0,24.940000534057617,25.0,2272.0
2024-07-03 12:06:00,ANGO,5.65500020980835,5.65500020980835,5.65500020980835,5.649899959564209,5.650000095367432,4918.0
2024-07-03 12:06:00,ANIP,60.90999984741211,60.90999984741211,60.90999984741211,60.90999984741211,60.90999984741211,701.0
2024-07-03 12:06:00,ANNX,4.800000190734863,4.800000190734863,4.800000190734863,4.795000076293945,4.795000076293945,2233.0
2024-07-03 12:06:00,APLS,35.16999816894531,35.16999816894531,35.16999816894531,35.16999816894531,35.16999816894531,677.0
2024-07-03 12:06:00,APLT,4.340000152587891,4.340000152587891,4.340000152587891,4.340000152587891,4.340000152587891,444.0
2024-07-03 12:06:00,AQST,2.440000057220459,2.440000057220459,2.440000057220459,2.440000057220459,2.440000057220459,1106.0
2024-07-03 12:06:00,ARCT,21.530000686645508,21.530000686645508,21.530000686645508,21.530000686645508,21.530000686645508,202.0
2024-07-03 12:06:00,ARDX,5.275000095367432,5.275000095367432,5.275599956512451,5.269999980926514,5.269999980926514,8554.0
2024-07-03 12:06:00,ARQT,9.630000114440918,9.630000114440918,9.635000228881836,9.630000114440918,9.635000228881836,2966.0
2024-07-03 12:06:00,ARVN,23.969999313354492,23.969999313354492,23.969999313354492,23.969999313354492,23.969999313354492,259.0
2024-07-03 12:06:00,ARWR,25.170000076293945,25.170000076293945,25.170000076293945,25.15999984741211,25.15999984741211,1336.0
2024-07-03 12:06:00,ASMB,11.920000076293945,11.920000076293945,11.920000076293945,11.920000076293945,11.920000076293945,200.0
2024-07-03 12:06:00,ASND,135.0,135.0,135.0,135.0,135.0,2545.0
2024-07-03 12:06:00,ASRT,1.329699993133545,1.329699993133545,1.329699993133545,1.329699993133545,1.329699993133545,3706.0
2024-07-03 12:06:00,ATAI,1.2899999618530273,1.2899999618530273,1.2899999618530273,1.2899999618530273,1.2899999618530273,300.0
2024-07-03 12:06:00,ATEC,9.989999771118164,9.989999771118164,9.989999771118164,9.984999656677246,9.989999771118164,2026.0
2024-07-03 12:06:00,ATNF,1.600000023841858,1.600000023841858,1.600000023841858,1.590000033378601,1.590000033378601,512.0
2024-07-03 12:06:00,ATOS,1.159999966621399,1.159999966621399,1.159999966621399,1.1549999713897705,1.1549999713897705,361.0
2024-07-03 12:06:00,ATRC,22.34000015258789,22.34000015258789,22.34000015258789,22.34000015258789,22.34000015258789,332.0
2024-07-03 12:06:00,AUGX,1.0,1.0,1.0,1.0,1.0,200.0
2024-07-03 12:06:00,AUTL,3.484999895095825,3.484999895095825,3.484999895095825,3.4756999015808105,3.4800000190734863,4229.0
2024-07-03 12:06:00,AVDL,14.404999732971191,14.404999732971191,14.425000190734863,14.390000343322754,14.420000076293945,6474.0
2024-07-03 12:06:00,AVGR,1.8200000524520874,1.8200000524520874,1.8200000524520874,1.8200000524520874,1.8200000524520874,0.0
2024-07-03 12:06:00,AVTE,1.659999966621399,1.659999966621399,1.659999966621399,1.6549999713897705,1.6549999713897705,909.0
2024-07-03 12:06:00,AXGN,7.480000019073486,7.480000019073486,7.480000019073486,7.440000057220459,7.440000057220459,2536.0
2024-07-03 12:06:00,AZN,76.65499877929688,76.65499877929688,76.66000366210938,76.63999938964844,76.63999938964844,5791.0
2024-07-03 12:06:00,AZTA,52.4900016784668,52.4900016784668,52.4900016784668,52.435001373291016,52.435001373291016,1830.0
2024-07-03 12:06:00,BBIO,25.40999984741211,25.40999984741211,25.40999984741211,25.40999984741211,25.40999984741211,797.0
2024-07-03 12:06:00,BCAB,1.3899999856948853,1.3899999856948853,1.3949999809265137,1.3899999856948853,1.3949999809265137,271.0
2024-07-03 12:06:00,BCRX,6.440000057220459,6.440000057220459,6.440000057220459,6.440000057220459,6.440000057220459,1986.0
2024-07-03 12:06:00,BDSX,1.6100000143051147,1.6100000143051147,1.6100000143051147,1.6100000143051147,1.6100000143051147,420.0
2024-07-03 12:06:00,BDTX,4.360000133514404,4.360000133514404,4.360000133514404,4.360000133514404,4.360000133514404,300.0
2024-07-03 12:06:00,BEAM,23.549999237060547,23.549999237060547,23.56999969482422,23.549999237060547,23.56999969482422,1241.0
2024-07-03 12:06:00,BEAT,2.7950000762939453,2.7950000762939453,2.7950000762939453,2.7950000762939453,2.7950000762939453,1664.0
2024-07-03 12:06:00,BGXX,0.2662999927997589,0.2662999927997589,0.2662999927997589,0.2662999927997589,0.2662999927997589,105.0
2024-07-03 12:06:00,BIIB,223.47000122070312,223.47000122070312,223.47000122070312,223.44000244140625,223.44000244140625,2687.0
2024-07-03 12:06:00,BLUE,0.9200999736785889,0.9200999736785889,0.9212999939918518,0.9200999736785889,0.9212999939918518,2388.0
2024-07-03 12:06:00,BMEA,4.355000019073486,4.355000019073486,4.355000019073486,4.355000019073486,4.355000019073486,273.0
2024-07-03 12:06:00,BMRN,80.80000305175781,80.80000305175781,80.80000305175781,80.63999938964844,80.69000244140625,2673.0
2024-07-03 12:06:00,BNGO,0.5753999948501587,0.5753999948501587,0.5753999948501587,0.5753999948501587,0.5753999948501587,1182.0
2024-07-03 12:06:00,BPMC,110.76000213623047,110.76000213623047,110.91999816894531,110.76000213623047,110.86000061035156,2160.0
2024-07-03 12:06:00,BRKR,61.5,61.5,61.5,61.45000076293945,61.45000076293945,1798.0
2024-07-03 12:06:00,BTAI,1.0800000429153442,1.0800000429153442,1.089900016784668,1.0800000429153442,1.0800000429153442,820.0
2024-07-03 12:06:00,BYSI,2.515899896621704,2.515899896621704,2.515899896621704,2.515899896621704,2.515899896621704,1191.0
2024-07-03 12:06:00,CABA,7.510000228881836,7.510000228881836,7.519999980926514,7.510000228881836,7.519999980926514,1971.0
2024-07-03 12:06:00,CCCC,4.610000133514404,4.610000133514404,4.610000133514404,4.59499979019165,4.59499979019165,2449.0
2024-07-03 12:06:00,CCRN,13.699999809265137,13.699999809265137,13.699999809265137,13.699999809265137,13.699999809265137,219.0
2024-07-03 12:06:00,CDMO,7.789999961853027,7.789999961853027,7.809999942779541,7.789999961853027,7.792600154876709,4921.0
2024-07-03 12:06:00,CDXC,2.505000114440918,2.505000114440918,2.509999990463257,2.505000114440918,2.509999990463257,2193.0
2024-07-03 12:06:00,CDXS,2.880000114440918,2.880000114440918,2.880000114440918,2.880000114440918,2.880000114440918,260.0
2024-07-03 12:06:00,CERE,39.63999938964844,39.63999938964844,39.70000076293945,39.599998474121094,39.67499923706055,11624.0
2024-07-03 12:06:00,CERS,1.725000023841858,1.725000023841858,1.725000023841858,1.7200000286102295,1.725000023841858,880.0
2024-07-03 12:06:00,CERT,13.819999694824219,13.819999694824219,13.819999694824219,13.78499984741211,13.78499984741211,2315.0
2024-07-03 12:06:00,CGC,6.545000076293945,6.545000076293945,6.545000076293945,6.545000076293945,6.545000076293945,751.0
2024-07-03 12:06:00,CGEM,16.6200008392334,16.6200008392334,16.6200008392334,16.6200008392334,16.6200008392334,351.0
2024-07-03 12:06:00,CHRS,1.3801000118255615,1.3801000118255615,1.3801000118255615,1.3801000118255615,1.3801000118255615,552.0
2024-07-03 12:06:00,CLDX,36.209999084472656,36.209999084472656,36.209999084472656,36.189998626708984,36.209999084472656,966.0
2024-07-03 12:06:00,CLOV,1.2450000047683716,1.2450000047683716,1.2450000047683716,1.2400000095367432,1.2401000261306763,11309.0
2024-07-03 12:06:00,CMPS,6.21999979019165,6.21999979019165,6.239999771118164,6.179999828338623,6.179999828338623,6098.0
2024-07-03 12:06:00,CNSP,1.5,1.5,1.5,1.4600000381469727,1.4699000120162964,26930.0
2024-07-03 12:06:00,COGT,8.380000114440918,8.380000114440918,8.380000114440918,8.369999885559082,8.369999885559082,825.0
2024-07-03 12:06:00,CORT,30.329999923706055,30.329999923706055,30.350000381469727,30.280000686645508,30.280000686645508,6448.0
2024-07-03 12:06:00,COSM,0.9398999810218811,0.9398999810218811,0.9398999810218811,0.9398999810218811,0.9398999810218811,5405.0
2024-07-03 12:06:00,CPIX,1.5299999713897705,1.5299999713897705,1.5299999713897705,1.5299999713897705,1.5299999713897705,499.0
2024-07-03 12:06:00,CRBU,1.5750000476837158,1.5750000476837158,1.5800000429153442,1.5750000476837158,1.5800000429153442,514.0
2024-07-03 12:06:00,CRMD,4.139999866485596,4.139999866485596,4.139999866485596,4.139999866485596,4.139999866485596,916.0
2024-07-03 12:06:00,CRNX,44.59000015258789,44.59000015258789,44.66749954223633,44.54999923706055,44.63999938964844,6212.0
2024-07-03 12:06:00,CRSP,53.90999984741211,53.90999984741211,53.90999984741211,53.876800537109375,53.876800537109375,877.0
2024-07-03 12:06:00,CSTL,21.059999465942383,21.059999465942383,21.059999465942383,20.924999237060547,20.93000030517578,3454.0
2024-07-03 12:06:00,CTKB,5.590000152587891,5.590000152587891,5.59499979019165,5.590000152587891,5.59499979019165,1103.0
2024-07-03 12:06:00,CTMX,1.315000057220459,1.315000057220459,1.315000057220459,1.315000057220459,1.315000057220459,1355.0
2024-07-03 12:06:00,CTXR,0.5145000219345093,0.5145000219345093,0.5145000219345093,0.5131000280380249,0.5131000280380249,21986.0
2024-07-03 12:06:00,CUE,0.9965000152587891,0.9965000152587891,0.9970999956130981,0.9965000152587891,0.9970999956130981,1001.0
2024-07-03 12:06:00,CUTR,1.2999999523162842,1.2999999523162842,1.2999999523162842,1.2949999570846558,1.2949999570846558,1450.0
2024-07-03 12:06:00,CVAC,3.3399999141693115,3.3399999141693115,3.3499999046325684,3.3350000381469727,3.3450000286102295,19036.0
2024-07-03 12:06:00,CVRX,11.739999771118164,11.739999771118164,11.779999732971191,11.739999771118164,11.744999885559082,960.0
2024-07-03 12:06:00,CYCC,1.6299999952316284,1.6299999952316284,1.6299999952316284,1.6299999952316284,1.6299999952316284,560.0
2024-07-03 12:06:00,CYTK,54.65999984741211,54.65999984741211,54.70000076293945,54.65999984741211,54.70000076293945,1168.0
2024-07-03 12:06:00,DAWN,13.3100004196167,13.3100004196167,13.3100004196167,13.3100004196167,13.3100004196167,941.0
2024-07-03 12:06:00,DH,5.385000228881836,5.385000228881836,5.385000228881836,5.385000228881836,5.385000228881836,429.0
2024-07-03 12:06:00,DNLI,21.360000610351562,21.360000610351562,21.360000610351562,21.325000762939453,21.325000762939453,2283.0
2024-07-03 12:06:00,DSGN,3.2899999618530273,3.2899999618530273,3.2899999618530273,3.2699999809265137,3.2699999809265137,1290.0
2024-07-03 12:06:00,DVAX,11.074999809265137,11.074999809265137,11.074999809265137,11.074999809265137,11.074999809265137,101.0
2024-07-03 12:06:00,DXCM,110.8499984741211,110.8499984741211,110.86000061035156,110.63999938964844,110.63999938964844,6074.0
2024-07-03 12:06:00,DYN,34.25,34.25,34.25,34.20000076293945,34.20000076293945,340.0
2024-07-03 12:06:00,EDIT,4.620100021362305,4.620100021362305,4.620100021362305,4.620100021362305,4.620100021362305,5172.0
2024-07-03 12:06:00,ELEV,2.630000114440918,2.630000114440918,2.630000114440918,2.630000114440918,2.630000114440918,571.0
2024-07-03 12:06:00,EMBC,11.960000038146973,11.960000038146973,11.960000038146973,11.960000038146973,11.960000038146973,521.0
2024-07-03 12:06:00,ENLV,1.2862999439239502,1.2862999439239502,1.2862999439239502,1.2862999439239502,1.2862999439239502,776.0
2024-07-03 12:06:00,EOLS,10.930000305175781,10.930000305175781,10.9350004196167,10.930000305175781,10.930000305175781,2611.0
2024-07-03 12:06:00,ERAS,2.2049999237060547,2.2049999237060547,2.2049999237060547,2.2049999237060547,2.2049999237060547,865.0
2024-07-03 12:06:00,ESPR,2.3450000286102295,2.3450000286102295,2.3450000286102295,2.3399999141693115,2.3399999141693115,19780.0
2024-07-03 12:06:00,ETNB,7.5,7.5,7.5,7.489999771118164,7.5,5233.0
2024-07-03 12:06:00,EWTX,18.1299991607666,18.1299991607666,18.1299991607666,18.1299991607666,18.1299991607666,571.0
2024-07-03 12:06:00,EXAI,5.449999809265137,5.449999809265137,5.449999809265137,5.449999809265137,5.449999809265137,859.0
2024-07-03 12:06:00,EXAS,43.22999954223633,43.22999954223633,43.22999954223633,43.21500015258789,43.21500015258789,611.0
2024-07-03 12:06:00,EXEL,21.844999313354492,21.844999313354492,21.850000381469727,21.844999313354492,21.844999313354492,1724.0
2024-07-03 12:06:00,EYEN,0.7843000292778015,0.7843000292778015,0.7843000292778015,0.7843000292778015,0.7843000292778015,307.0
2024-07-03 12:06:00,EYPT,8.359999656677246,8.359999656677246,8.359999656677246,8.329999923706055,8.329999923706055,300.0
2024-07-03 12:06:00,FATE,3.1500000953674316,3.1500000953674316,3.1549999713897705,3.1500000953674316,3.1549999713897705,3507.0
2024-07-03 12:06:00,FDMT,20.75,20.75,20.75,20.75,20.75,322.0
2024-07-03 12:06:00,FGEN,0.7089999914169312,0.7089999914169312,0.7089999914169312,0.7089999914169312,0.7089999914169312,1370.0
2024-07-03 12:06:00,FLGT,20.110000610351562,20.110000610351562,20.110000610351562,20.110000610351562,20.110000610351562,126.0
2024-07-03 12:06:00,FULC,6.139999866485596,6.139999866485596,6.139999866485596,6.125,6.130000114440918,2387.0
2024-07-03 12:06:00,GALT,2.1600000858306885,2.1600000858306885,2.1600000858306885,2.1600000858306885,2.1600000858306885,200.0
2024-07-03 12:06:00,GDRX,7.739999771118164,7.739999771118164,7.739999771118164,7.735000133514404,7.739999771118164,4075.0
2024-07-03 12:06:00,GH,28.280000686645508,28.280000686645508,28.34000015258789,28.280000686645508,28.34000015258789,968.0
2024-07-03 12:06:00,GILD,66.94999694824219,66.94999694824219,66.94999694824219,66.88999938964844,66.88999938964844,8107.0
2024-07-03 12:06:00,GLTO,0.5041000247001648,0.5041000247001648,0.5041000247001648,0.5041000247001648,0.5041000247001648,693.0
2024-07-03 12:06:00,GLUE,3.7200000286102295,3.7200000286102295,3.7200000286102295,3.7200000286102295,3.7200000286102295,200.0
2024-07-03 12:06:00,GLYC,0.27649998664855957,0.27649998664855957,0.2775000035762787,0.27649998664855957,0.2775000035762787,0.0
2024-07-03 12:06:00,GOVX,2.9200000762939453,2.9200000762939453,2.950000047683716,2.910399913787842,2.910399913787842,1769.0
2024-07-03 12:06:00,GRFS,6.644999980926514,6.644999980926514,6.650000095367432,6.644999980926514,6.644999980926514,2466.0
2024-07-03 12:06:00,GRTS,0.5806000232696533,0.5806000232696533,0.5806000232696533,0.5792999863624573,0.5792999863624573,3011.0
2024-07-03 12:06:00,GTHX,2.5450000762939453,2.5450000762939453,2.549999952316284,2.5350000858306885,2.5350000858306885,2969.0
2024-07-03 12:06:00,HALO,52.2599983215332,52.2599983215332,52.30500030517578,52.110599517822266,52.30500030517578,17088.0
2024-07-03 12:06:00,HCAT,6.199999809265137,6.199999809265137,6.199999809265137,6.199999809265137,6.199999809265137,121.0
2024-07-03 12:06:00,HCSG,10.600000381469727,10.600000381469727,10.600000381469727,10.600000381469727,10.600000381469727,699.0
2024-07-03 12:06:00,HITI,2.130000114440918,2.130000114440918,2.140000104904175,2.130000114440918,2.134999990463257,14708.0
2024-07-03 12:06:00,HLVX,14.369999885559082,14.369999885559082,14.369999885559082,14.369999885559082,14.369999885559082,408.0
2024-07-03 12:06:00,HOLX,73.20500183105469,73.20500183105469,73.20500183105469,73.19999694824219,73.19999694824219,1064.0
2024-07-03 12:06:00,HOOK,0.5863999724388123,0.5863999724388123,0.5863999724388123,0.5863999724388123,0.5863999724388123,200.0
2024-07-03 12:06:00,HRMY,30.600000381469727,30.600000381469727,30.600000381469727,30.59000015258789,30.59000015258789,670.0
2024-07-03 12:06:00,HRTX,2.734999895095825,2.734999895095825,2.744999885559082,2.734999895095825,2.744999885559082,2768.0
2024-07-03 12:06:00,HSIC,65.06999969482422,65.06999969482422,65.06999969482422,65.04000091552734,65.04000091552734,1342.0
2024-07-03 12:06:00,HSTM,27.489999771118164,27.489999771118164,27.489999771118164,27.489999771118164,27.489999771118164,366.0
2024-07-03 12:06:00,HUMA,5.699999809265137,5.699999809265137,5.7093000411987305,5.698999881744385,5.698999881744385,8604.0
2024-07-03 12:06:00,IBRX,6.292099952697754,6.292099952697754,6.295000076293945,6.289999961853027,6.295000076293945,1957.0
2024-07-03 12:06:00,IDXX,476.94500732421875,476.94500732421875,477.3500061035156,476.94500732421875,476.9800109863281,1534.0
2024-07-03 12:06:00,IDYA,33.377498626708984,33.377498626708984,33.380001068115234,33.377498626708984,33.380001068115234,1038.0
2024-07-03 12:06:00,IFRX,1.6299999952316284,1.6299999952316284,1.6299999952316284,1.625,1.625,1087.0
2024-07-03 12:06:00,IINN,1.3884999752044678,1.3884999752044678,1.3884999752044678,1.375,1.375,300.0
2024-07-03 12:06:00,ILMN,105.87000274658203,105.87000274658203,105.89250183105469,105.73999786376953,105.73999786376953,1986.0
2024-07-03 12:06:00,IMAB,1.524999976158142,1.524999976158142,1.524999976158142,1.524999976158142,1.524999976158142,150.0
2024-07-03 12:06:00,IMCR,36.084999084472656,36.084999084472656,36.084999084472656,36.04999923706055,36.04999923706055,1076.0
2024-07-03 12:06:00,IMMX,2.3938000202178955,2.3938000202178955,2.3949999809265137,2.3903000354766846,2.3949999809265137,3165.0
2024-07-03 12:06:00,IMNM,12.03499984741211,12.03499984741211,12.045000076293945,12.0,12.0,6984.0
2024-07-03 12:06:00,INCY,57.84000015258789,57.84000015258789,57.869998931884766,57.7400016784668,57.7400016784668,11268.0
2024-07-03 12:06:00,INMD,17.559999465942383,17.559999465942383,17.56999969482422,17.549999237060547,17.549999237060547,2451.0
2024-07-03 12:06:00,INO,8.439000129699707,8.439000129699707,8.439000129699707,8.439000129699707,8.439000129699707,1325.0
2024-07-03 12:06:00,INSM,62.03499984741211,62.03499984741211,62.03499984741211,61.970001220703125,61.970001220703125,5558.0
2024-07-03 12:06:00,INVA,16.280000686645508,16.280000686645508,16.280000686645508,16.280000686645508,16.280000686645508,618.0
2024-07-03 12:06:00,IONS,44.93000030517578,44.93000030517578,44.93000030517578,44.900001525878906,44.91999816894531,3183.0
2024-07-03 12:06:00,IOVA,7.5,7.5,7.5,7.472899913787842,7.474999904632568,23716.0
2024-07-03 12:06:00,IRWD,6.125,6.125,6.130000114440918,6.125,6.125,1463.0
2024-07-03 12:06:00,ISRG,434.0,434.0,434.0,433.7799987792969,433.8699951171875,4317.0
2024-07-03 12:06:00,ITCI,68.2750015258789,68.2750015258789,68.2750015258789,68.2750015258789,68.2750015258789,933.0
2024-07-03 12:06:00,ITOS,14.829999923706055,14.829999923706055,14.829999923706055,14.829999923706055,14.829999923706055,2465.0
2024-07-03 12:06:00,IVVD,1.0950000286102295,1.0950000286102295,1.0950000286102295,1.0950000286102295,1.0950000286102295,1411.0
2024-07-03 12:06:00,JANX,37.97999954223633,37.97999954223633,38.029998779296875,37.97999954223633,38.029998779296875,1402.0
2024-07-03 12:06:00,JAZZ,103.77999877929688,103.77999877929688,103.8550033569336,103.77999877929688,103.81999969482422,794.0
2024-07-03 12:06:00,JSPR,22.709999084472656,22.709999084472656,22.709999084472656,22.709999084472656,22.709999084472656,613.0
2024-07-03 12:06:00,KALV,11.640000343322754,11.640000343322754,11.640000343322754,11.640000343322754,11.640000343322754,285.0
2024-07-03 12:06:00,KNSA,18.93000030517578,18.93000030517578,18.93000030517578,18.93000030517578,18.93000030517578,495.0
2024-07-03 12:06:00,KPTI,0.8305000066757202,0.8305000066757202,0.8305000066757202,0.824400007724762,0.8252999782562256,26712.0
2024-07-03 12:06:00,KROS,42.345001220703125,42.345001220703125,42.345001220703125,42.345001220703125,42.345001220703125,169.0
2024-07-03 12:06:00,KTRA,0.28850001096725464,0.28850001096725464,0.289000004529953,0.2872999906539917,0.289000004529953,19090.0
2024-07-03 12:06:00,KURA,20.239999771118164,20.239999771118164,20.239999771118164,20.239999771118164,20.239999771118164,216.0
2024-07-03 12:06:00,KYMR,30.200000762939453,30.200000762939453,30.200000762939453,30.200000762939453,30.200000762939453,540.0
2024-07-03 12:06:00,KZIA,0.2101999968290329,0.2101999968290329,0.21699999272823334,0.2101999968290329,0.21699999272823334,22100.0
2024-07-03 12:06:00,KZR,0.5759000182151794,0.5759000182151794,0.5759000182151794,0.5759000182151794,0.5759000182151794,1288.0
2024-07-03 12:06:00,LAB,1.8300000429153442,1.8300000429153442,1.8300000429153442,1.8200000524520874,1.8300000429153442,4734.0
2024-07-03 12:06:00,LBPH,32.27000045776367,32.27000045776367,32.27000045776367,32.27000045776367,32.27000045776367,287.0
2024-07-03 12:06:00,LEGN,46.06999969482422,46.06999969482422,46.06999969482422,46.02000045776367,46.02000045776367,1178.0
2024-07-03 12:06:00,LGND,82.5425033569336,82.5425033569336,82.5425033569336,82.5425033569336,82.5425033569336,355.0
2024-07-03 12:06:00,LIVN,52.665000915527344,52.665000915527344,52.665000915527344,52.65999984741211,52.65999984741211,758.0
2024-07-03 12:06:00,LMAT,81.26000213623047,81.26000213623047,81.26000213623047,81.26000213623047,81.26000213623047,452.0
2024-07-03 12:06:00,LNTH,79.6500015258789,79.6500015258789,79.6500015258789,79.62999725341797,79.62999725341797,1619.0
2024-07-03 12:06:00,LQDA,11.960000038146973,11.960000038146973,11.960000038146973,11.949999809265137,11.949999809265137,720.0
2024-07-03 12:06:00,LRMR,7.710000038146973,7.710000038146973,7.710000038146973,7.710000038146973,7.710000038146973,115.0
2024-07-03 12:06:00,LTRN,4.420000076293945,4.420000076293945,4.420000076293945,4.420000076293945,4.420000076293945,225.0
2024-07-03 12:06:00,LUCY,0.4700999855995178,0.4700999855995178,0.4745999872684479,0.4699999988079071,0.4745999872684479,2740.0
2024-07-03 12:06:00,LXRX,1.614799976348877,1.614799976348877,1.6150000095367432,1.6100000143051147,1.6100000143051147,15221.0
2024-07-03 12:06:00,LYRA,0.2858000099658966,0.2858000099658966,0.2858999967575073,0.2858000099658966,0.2858000099658966,711.0
2024-07-03 12:06:00,MASS,4.880000114440918,4.880000114440918,4.880000114440918,4.880000114440918,4.880000114440918,400.0
2024-07-03 12:06:00,MBIO,0.49939998984336853,0.49939998984336853,0.5001000165939331,0.4943000078201294,0.5001000165939331,19531.0
2024-07-03 12:06:00,MCRB,0.7369999885559082,0.7369999885559082,0.7369999885559082,0.7214999794960022,0.7214999794960022,41101.0
2024-07-03 12:06:00,MDXG,6.764999866485596,6.764999866485596,6.764999866485596,6.764999866485596,6.764999866485596,230.0
2024-07-03 12:06:00,ME,0.41190001368522644,0.41190001368522644,0.41190001368522644,0.41190001368522644,0.41190001368522644,1845.0
2024-07-03 12:06:00,MESO,6.800000190734863,6.800000190734863,6.820000171661377,6.789999961853027,6.789999961853027,2450.0
2024-07-03 12:06:00,MGNX,4.179999828338623,4.179999828338623,4.179999828338623,4.179999828338623,4.179999828338623,1772.0
2024-07-03 12:06:00,MGTX,3.990000009536743,3.990000009536743,3.990000009536743,3.990000009536743,3.990000009536743,211.0
2024-07-03 12:06:00,MIRM,33.93000030517578,33.93000030517578,33.93000030517578,33.93000030517578,33.93000030517578,179.0
2024-07-03 12:06:00,MLTX,41.404998779296875,41.404998779296875,41.404998779296875,41.21500015258789,41.21500015258789,518.0
2024-07-03 12:06:00,MNKD,5.010000228881836,5.010000228881836,5.010000228881836,5.010000228881836,5.010000228881836,712.0
2024-07-03 12:06:00,MNMD,7.164999961853027,7.164999961853027,7.164999961853027,7.150000095367432,7.150000095367432,2146.0
2024-07-03 12:06:00,MODD,1.291200041770935,1.291200041770935,1.3350000381469727,1.2799999713897705,1.3350000381469727,7145.0
2024-07-03 12:06:00,MREO,3.5450000762939453,3.5450000762939453,3.5450000762939453,3.5399999618530273,3.5399999618530273,2984.0
2024-07-03 12:06:00,MRNA,115.73999786376953,115.73999786376953,115.85990142822266,115.61000061035156,115.76000213623047,6292.0
2024-07-03 12:06:00,MRNS,1.2050000429153442,1.2050000429153442,1.2100000381469727,1.2000000476837158,1.2000000476837158,499.0
2024-07-03 12:06:00,MRUS,52.5,52.5,52.64500045776367,52.45000076293945,52.560001373291016,8572.0
2024-07-03 12:06:00,MRVI,6.96999979019165,6.96999979019165,6.974999904632568,6.965000152587891,6.974999904632568,8487.0
2024-07-03 12:06:00,MXCT,3.694999933242798,3.694999933242798,3.700000047683716,3.694999933242798,3.694999933242798,1569.0
2024-07-03 12:06:00,MYGN,24.979999542236328,24.979999542236328,24.979999542236328,24.979999542236328,24.979999542236328,456.0
2024-07-03 12:06:00,NARI,49.689998626708984,49.689998626708984,49.689998626708984,49.619998931884766,49.619998931884766,5028.0
2024-07-03 12:06:00,NBIX,138.15499877929688,138.15499877929688,138.2100067138672,137.9499969482422,137.9499969482422,951.0
2024-07-03 12:06:00,NDRA,0.10050000250339508,0.10050000250339508,0.10100000351667404,0.10040000081062317,0.10100000351667404,48611.0
2024-07-03 12:06:00,NEO,13.760000228881836,13.760000228881836,13.760000228881836,13.739999771118164,13.75,2065.0
2024-07-03 12:06:00,NEOG,15.180000305175781,15.180000305175781,15.1850004196167,15.180000305175781,15.1850004196167,3919.0
2024-07-03 12:06:00,NKTR,1.2599999904632568,1.2599999904632568,1.2599999904632568,1.2599999904632568,1.2599999904632568,4818.0
2024-07-03 12:06:00,NNOX,7.039999961853027,7.039999961853027,7.054999828338623,7.039999961853027,7.039999961853027,1133.0
2024-07-03 12:06:00,NRIX,19.600000381469727,19.600000381469727,19.639999389648438,19.59000015258789,19.59000015258789,519.0
2024-07-03 12:06:00,NTLA,22.72209930419922,22.72209930419922,22.72209930419922,22.709999084472656,22.71500015258789,696.0
2024-07-03 12:06:00,NTRA,111.63999938964844,111.63999938964844,111.63999938964844,111.63999938964844,111.63999938964844,640.0
2024-07-03 12:06:00,NUVL,72.08000183105469,72.08000183105469,72.08000183105469,71.86000061035156,71.86000061035156,3014.0
2024-07-03 12:06:00,NVAX,12.620100021362305,12.620100021362305,12.620100021362305,12.604999542236328,12.604999542236328,3744.0
2024-07-03 12:06:00,NVCR,16.649999618530273,16.649999618530273,16.649999618530273,16.649999618530273,16.649999618530273,755.0
2024-07-03 12:06:00,NVOS,0.7720000147819519,0.7720000147819519,0.7720000147819519,0.7720000147819519,0.7720000147819519,0.0
2024-07-03 12:06:00,NXL,1.3949999809265137,1.3949999809265137,1.3949999809265137,1.3949999809265137,1.3949999809265137,1066.0
2024-07-03 12:06:00,OCGN,1.6100000143051147,1.6100000143051147,1.6100000143051147,1.6050000190734863,1.6094000339508057,5820.0
2024-07-03 12:06:00,OCUL,6.650000095367432,6.650000095367432,6.650000095367432,6.642499923706055,6.642499923706055,270.0
2024-07-03 12:06:00,OGI,1.5800000429153442,1.5800000429153442,1.5800000429153442,1.5800000429153442,1.5800000429153442,215.0
2024-07-03 12:06:00,OLMA,10.529999732971191,10.529999732971191,10.529999732971191,10.5,10.5,2539.0
2024-07-03 12:06:00,OM,3.875,3.875,3.875,3.875,3.875,107.0
2024-07-03 12:06:00,OMCL,26.545000076293945,26.545000076293945,26.545000076293945,26.545000076293945,26.545000076293945,105.0
2024-07-03 12:06:00,OMER,3.865000009536743,3.865000009536743,3.865000009536743,3.865000009536743,3.865000009536743,205.0
2024-07-03 12:07:00,AADI,1.3804999589920044,1.3804999589920044,1.3804999589920044,1.3804999589920044,1.3804999589920044,634.0
2024-07-03 12:07:00,ABOS,2.2950000762939453,2.2950000762939453,2.2950000762939453,2.2899999618530273,2.2899999618530273,970.0
2024-07-03 12:07:00,ABSI,3.200000047683716,3.200000047683716,3.200000047683716,3.194999933242798,3.194999933242798,592.0
2024-07-03 12:07:00,ABUS,3.134999990463257,3.134999990463257,3.140000104904175,3.134999990463257,3.140000104904175,648.0
2024-07-03 12:07:00,ACAD,15.600000381469727,15.600000381469727,15.609999656677246,15.550000190734863,15.550000190734863,18672.0
2024-07-03 12:07:00,ACB,4.909999847412109,4.909999847412109,4.909999847412109,4.900000095367432,4.900000095367432,8034.0
2024-07-03 12:07:00,ACCD,3.564199924468994,3.564199924468994,3.564199924468994,3.559999942779541,3.559999942779541,2210.0
2024-07-03 12:07:00,ACHC,66.58999633789062,66.58999633789062,66.5999984741211,66.5,66.5,856.0
2024-07-03 12:07:00,ACRS,1.149999976158142,1.149999976158142,1.149999976158142,1.149999976158142,1.149999976158142,420.0
2024-07-03 12:07:00,ADAP,1.0099999904632568,1.0099999904632568,1.0149999856948853,1.0099999904632568,1.0099999904632568,20549.0
2024-07-03 12:07:00,ADMA,11.220000267028809,11.220000267028809,11.229999542236328,11.21500015258789,11.220000267028809,21972.0
2024-07-03 12:07:00,ADPT,3.384999990463257,3.384999990463257,3.384999990463257,3.384999990463257,3.384999990463257,1280.0
2024-07-03 12:07:00,AFMD,5.099999904632568,5.099999904632568,5.099999904632568,5.099999904632568,5.099999904632568,590.0
2024-07-03 12:07:00,AGEN,14.258000373840332,14.258000373840332,14.258000373840332,14.258000373840332,14.258000373840332,569.0
2024-07-03 12:07:00,AIMD,0.8999999761581421,0.8999999761581421,0.9071999788284302,0.8999999761581421,0.9071999788284302,20137.0
2024-07-03 12:07:00,AKBA,0.9485999941825867,0.9485999941825867,0.949999988079071,0.9462000131607056,0.949999988079071,1498.0
2024-07-03 12:07:00,ALEC,4.429999828338623,4.429999828338623,4.440000057220459,4.429999828338623,4.440000057220459,719.0
2024-07-03 12:07:00,ALGN,242.27499389648438,242.27499389648438,242.27499389648438,242.2100067138672,242.2100067138672,465.0
2024-07-03 12:07:00,ALHC,7.960000038146973,7.960000038146973,7.960000038146973,7.960000038146973,7.960000038146973,727.0
2024-07-03 12:07:00,ALKS,24.170000076293945,24.170000076293945,24.18000030517578,24.170000076293945,24.18000030517578,1209.0
2024-07-03 12:07:00,ALLK,0.8266000151634216,0.8266000151634216,0.8266000151634216,0.8266000151634216,0.8266000151634216,2285.0
2024-07-03 12:07:00,ALNY,246.38499450683594,246.38499450683594,246.47999572753906,246.38499450683594,246.47999572753906,734.0
2024-07-03 12:07:00,ALT,6.65500020980835,6.65500020980835,6.65500020980835,6.644999980926514,6.644999980926514,1831.0
2024-07-03 12:07:00,ALXO,5.690000057220459,5.690000057220459,5.690000057220459,5.690000057220459,5.690000057220459,300.0
2024-07-03 12:07:00,AMED,97.01000213623047,97.01000213623047,97.01000213623047,97.01000213623047,97.01000213623047,266.0
2024-07-03 12:07:00,AMLX,1.7549999952316284,1.7549999952316284,1.7549999952316284,1.7549999952316284,1.7549999952316284,1247.0
2024-07-03 12:07:00,AMRN,0.6970000267028809,0.6970000267028809,0.6970000267028809,0.6970000267028809,0.6970000267028809,200.0
2024-07-03 12:07:00,ANNX,4.800000190734863,4.800000190734863,4.800000190734863,4.800000190734863,4.800000190734863,306.0
2024-07-03 12:07:00,ANTX,2.531100034713745,2.531100034713745,2.531100034713745,2.531100034713745,2.531100034713745,215.0
2024-07-03 12:07:00,APDN,0.39989998936653137,0.39989998936653137,0.39989998936653137,0.39989998936653137,0.39989998936653137,2107.0
2024-07-03 12:07:00,APLS,35.23500061035156,35.23500061035156,35.25,35.23500061035156,35.25,1558.0
2024-07-03 12:07:00,AQST,2.440000057220459,2.440000057220459,2.440000057220459,2.440000057220459,2.440000057220459,1225.0
2024-07-03 12:07:00,ARCT,21.530000686645508,21.530000686645508,21.530000686645508,21.530000686645508,21.530000686645508,680.0
2024-07-03 12:07:00,ARDX,5.277599811553955,5.277599811553955,5.277599811553955,5.270100116729736,5.270100116729736,2108.0
2024-07-03 12:07:00,ARQT,9.600000381469727,9.600000381469727,9.635000228881836,9.600000381469727,9.635000228881836,3874.0
2024-07-03 12:07:00,ARVN,23.90999984741211,23.90999984741211,23.94499969482422,23.90999984741211,23.940000534057617,1205.0
2024-07-03 12:07:00,ARWR,25.110000610351562,25.110000610351562,25.139999389648438,25.100000381469727,25.139999389648438,1554.0
2024-07-03 12:07:00,ASND,134.94000244140625,134.94000244140625,134.94000244140625,134.94000244140625,134.94000244140625,197.0
2024-07-03 12:07:00,ASRT,1.3300000429153442,1.3300000429153442,1.3300000429153442,1.3299000263214111,1.3299000263214111,8077.0
2024-07-03 12:07:00,ATAI,1.284999966621399,1.284999966621399,1.2899999618530273,1.284999966621399,1.2899999618530273,937.0
2024-07-03 12:07:00,ATEC,9.989999771118164,9.989999771118164,9.989999771118164,9.989999771118164,9.989999771118164,643.0
2024-07-03 12:07:00,AUGX,1.0,1.0,1.0,1.0,1.0,1492.0
2024-07-03 12:07:00,AUPH,5.489999771118164,5.489999771118164,5.489999771118164,5.489999771118164,5.489999771118164,535.0
2024-07-03 12:07:00,AURA,7.019999980926514,7.019999980926514,7.019999980926514,7.019999980926514,7.019999980926514,1199.0
2024-07-03 12:07:00,AUTL,3.490000009536743,3.490000009536743,3.490000009536743,3.484999895095825,3.484999895095825,1655.0
2024-07-03 12:07:00,AVDL,14.4399995803833,14.4399995803833,14.4399995803833,14.420000076293945,14.420000076293945,2708.0
2024-07-03 12:07:00,AVIR,3.305000066757202,3.305000066757202,3.315000057220459,3.305000066757202,3.309999942779541,3887.0
2024-07-03 12:07:00,AVTE,1.6799999475479126,1.6799999475479126,1.6799999475479126,1.659999966621399,1.659999966621399,18833.0
2024-07-03 12:07:00,AVXL,4.139999866485596,4.139999866485596,4.139999866485596,4.135000228881836,4.135000228881836,746.0
2024-07-03 12:07:00,AXGN,7.510000228881836,7.510000228881836,7.510000228881836,7.480000019073486,7.489999771118164,4632.0
2024-07-03 12:07:00,AZN,76.64230346679688,76.64230346679688,76.65560150146484,76.63999938964844,76.65560150146484,3254.0
2024-07-03 12:07:00,AZTA,52.50809860229492,52.50809860229492,52.50809860229492,52.45000076293945,52.459999084472656,769.0
2024-07-03 12:07:00,BBIO,25.3799991607666,25.3799991607666,25.399999618530273,25.3799991607666,25.389999389648438,630.0
2024-07-03 12:07:00,BCAB,1.3940000534057617,1.3940000534057617,1.3940000534057617,1.3940000534057617,1.3940000534057617,2068.0
2024-07-03 12:07:00,BCRX,6.445000171661377,6.445000171661377,6.445000171661377,6.445000171661377,6.445000171661377,170.0
2024-07-03 12:07:00,BDTX,4.360000133514404,4.360000133514404,4.360000133514404,4.360000133514404,4.360000133514404,563.0
2024-07-03 12:07:00,BEAM,23.559999465942383,23.559999465942383,23.559999465942383,23.540000915527344,23.540000915527344,1709.0
2024-07-03 12:07:00,BGXX,0.2662999927997589,0.2662999927997589,0.2662999927997589,0.2662999927997589,0.2662999927997589,670.0
2024-07-03 12:07:00,BIOL,0.10010000318288803,0.10010000318288803,0.10010000318288803,0.10010000318288803,0.10010000318288803,100.0
2024-07-03 12:07:00,BLFS,19.834999084472656,19.834999084472656,19.84000015258789,19.829999923706055,19.829999923706055,2737.0
2024-07-03 12:07:00,BLUE,0.9200999736785889,0.9200999736785889,0.9218000173568726,0.9200999736785889,0.9218000173568726,10019.0
2024-07-03 12:07:00,BNGO,0.574999988079071,0.574999988079071,0.574999988079071,0.574999988079071,0.574999988079071,222.0
2024-07-03 12:07:00,BNTX,79.93000030517578,79.93000030517578,79.93000030517578,79.84500122070312,79.8499984741211,1350.0
2024-07-03 12:07:00,BPMC,110.70999908447266,110.70999908447266,110.73500061035156,110.70999908447266,110.73500061035156,1078.0
2024-07-03 12:07:00,BRKR,61.47999954223633,61.47999954223633,61.4900016784668,61.47999954223633,61.4900016784668,2001.0
2024-07-03 12:07:00,BTAI,1.0800000429153442,1.0800000429153442,1.0850000381469727,1.0800000429153442,1.0800000429153442,1202.0
2024-07-03 12:07:00,CCCC,4.590000152587891,4.590000152587891,4.610000133514404,4.590000152587891,4.604000091552734,6069.0
2024-07-03 12:07:00,CCRN,13.699999809265137,13.699999809265137,13.699999809265137,13.699999809265137,13.699999809265137,498.0
2024-07-03 12:07:00,CDMO,7.809999942779541,7.809999942779541,7.820000171661377,7.789999961853027,7.789999961853027,6365.0
2024-07-03 12:07:00,CDNA,15.15999984741211,15.15999984741211,15.164999961853027,15.15999984741211,15.15999984741211,1339.0
2024-07-03 12:07:00,CDXC,2.505000114440918,2.505000114440918,2.509999990463257,2.505000114440918,2.505000114440918,2454.0
2024-07-03 12:07:00,CELC,16.2549991607666,16.2549991607666,16.2549991607666,16.2549991607666,16.2549991607666,303.0
2024-07-03 12:07:00,CERE,39.63999938964844,39.63999938964844,39.63999938964844,39.599998474121094,39.63999938964844,9693.0
2024-07-03 12:07:00,CERS,1.725000023841858,1.725000023841858,1.725000023841858,1.725000023841858,1.725000023841858,2844.0
2024-07-03 12:07:00,CERT,13.770000457763672,13.770000457763672,13.770000457763672,13.770000457763672,13.770000457763672,940.0
2024-07-03 12:07:00,CGC,6.554500102996826,6.554500102996826,6.559999942779541,6.54010009765625,6.54010009765625,21840.0
2024-07-03 12:07:00,CGEM,16.59000015258789,16.59000015258789,16.6200008392334,16.584999084472656,16.584999084472656,3308.0
2024-07-03 12:07:00,CGEN,1.6640000343322754,1.6640000343322754,1.6649999618530273,1.659999966621399,1.659999966621399,3068.0
2024-07-03 12:07:00,CHRS,1.3899999856948853,1.3899999856948853,1.3899999856948853,1.382599949836731,1.3849999904632568,4934.0
2024-07-03 12:07:00,CING,0.33500000834465027,0.33500000834465027,0.33500000834465027,0.33500000834465027,0.33500000834465027,616.0
2024-07-03 12:07:00,CKPT,2.1600000858306885,2.1600000858306885,2.1600000858306885,2.1600000858306885,2.1600000858306885,335.0
2024-07-03 12:07:00,CLOV,1.2450000047683716,1.2450000047683716,1.2487000226974487,1.2450000047683716,1.2487000226974487,1045.0
2024-07-03 12:07:00,CLSD,1.25,1.25,1.25,1.25,1.25,135.0
2024-07-03 12:07:00,CMMB,0.9531000256538391,0.9531000256538391,0.9531000256538391,0.9531000256538391,0.9531000256538391,0.0
2024-07-03 12:07:00,CMPS,6.21999979019165,6.21999979019165,6.235000133514404,6.21999979019165,6.235000133514404,654.0
2024-07-03 12:07:00,CMPX,0.8539999723434448,0.8539999723434448,0.8539999723434448,0.8539999723434448,0.8539999723434448,300.0
2024-07-03 12:07:00,CNSP,1.5299999713897705,1.5299999713897705,1.5299999713897705,1.4900000095367432,1.4901000261306763,33523.0
2024-07-03 12:07:00,CNTB,1.3700000047683716,1.3700000047683716,1.3700000047683716,1.3700000047683716,1.3700000047683716,202.0
2024-07-03 12:07:00,COGT,8.380000114440918,8.380000114440918,8.390000343322754,8.380000114440918,8.390000343322754,210.0
2024-07-03 12:07:00,CORT,30.405000686645508,30.405000686645508,30.40999984741211,30.34000015258789,30.34000015258789,2942.0
2024-07-03 12:07:00,COSM,0.9210000038146973,0.9210000038146973,0.9373000264167786,0.9210000038146973,0.9304999709129333,2990.0
2024-07-03 12:07:00,CPRX,15.425000190734863,15.425000190734863,15.430000305175781,15.425000190734863,15.430000305175781,325.0
2024-07-03 12:07:00,CRBU,1.5750000476837158,1.5750000476837158,1.5800000429153442,1.5750000476837158,1.5800000429153442,5203.0
2024-07-03 12:07:00,CRIS,6.25,6.25,6.25,6.25,6.25,429.0
2024-07-03 12:07:00,CRMD,4.150000095367432,4.150000095367432,4.150000095367432,4.150000095367432,4.150000095367432,531.0
2024-07-03 12:07:00,CRON,2.299999952316284,2.299999952316284,2.315000057220459,2.299999952316284,2.305000066757202,33681.0
2024-07-03 12:07:00,CRSP,53.83000183105469,53.83000183105469,53.91999816894531,53.83000183105469,53.88999938964844,1603.0
2024-07-03 12:07:00,CSTL,20.990100860595703,20.990100860595703,20.990100860595703,20.990100860595703,20.990100860595703,324.0
2024-07-03 12:07:00,CTKB,5.590000152587891,5.590000152587891,5.599999904632568,5.590000152587891,5.599999904632568,777.0
2024-07-03 12:07:00,CTXR,0.5171999931335449,0.5171999931335449,0.5171999931335449,0.5166000127792358,0.5166000127792358,2118.0
2024-07-03 12:07:00,CUE,0.9937999844551086,0.9937999844551086,0.9937999844551086,0.9937999844551086,0.9937999844551086,607.0
2024-07-03 12:07:00,CUTR,1.2999000549316406,1.2999000549316406,1.2999000549316406,1.2949999570846558,1.2949999570846558,2269.0
2024-07-03 12:07:00,CVAC,3.3399999141693115,3.3399999141693115,3.34879994392395,3.3399999141693115,3.34879994392395,14370.0
2024-07-03 12:07:00,DARE,3.2065000534057617,3.2065000534057617,3.2065000534057617,3.2065000534057617,3.2065000534057617,1107.0
2024-07-03 12:07:00,DCTH,7.960000038146973,7.960000038146973,7.960000038146973,7.929999828338623,7.929999828338623,1137.0
2024-07-03 12:07:00,DRRX,1.3125,1.3125,1.3125,1.3125,1.3125,620.0
2024-07-03 12:07:00,DSGN,3.2799999713897705,3.2799999713897705,3.2960000038146973,3.2799999713897705,3.2960000038146973,4562.0
2024-07-03 12:07:00,DVAX,11.074999809265137,11.074999809265137,11.079999923706055,11.074999809265137,11.079999923706055,222.0
2024-07-03 12:07:00,DYN,34.25,34.25,34.255001068115234,34.25,34.255001068115234,281.0
2024-07-03 12:07:00,DYNT,0.23929999768733978,0.23929999768733978,0.23929999768733978,0.23929999768733978,0.23929999768733978,1374.0
2024-07-03 12:07:00,EDIT,4.625,4.625,4.635000228881836,4.625,4.630000114440918,5604.0
2024-07-03 12:07:00,ELYM,6.744999885559082,6.744999885559082,6.744999885559082,6.744999885559082,6.744999885559082,265.0
2024-07-03 12:07:00,EMBC,11.960000038146973,11.960000038146973,11.960000038146973,11.960000038146973,11.960000038146973,709.0
2024-07-03 12:07:00,ENSG,126.81999969482422,126.81999969482422,126.81999969482422,126.81999969482422,126.81999969482422,721.0
2024-07-03 12:07:00,EOLS,10.930000305175781,10.930000305175781,10.930000305175781,10.930000305175781,10.930000305175781,254.0
2024-07-03 12:07:00,ERAS,2.2049999237060547,2.2049999237060547,2.2049999237060547,2.2049999237060547,2.2049999237060547,127.0
2024-07-03 12:07:00,ESPR,2.3450000286102295,2.3450000286102295,2.3450000286102295,2.3450000286102295,2.3450000286102295,3536.0
2024-07-03 12:07:00,ETNB,7.489999771118164,7.489999771118164,7.489999771118164,7.489999771118164,7.489999771118164,1198.0
2024-07-03 12:07:00,EWTX,18.139999389648438,18.139999389648438,18.139999389648438,18.139999389648438,18.139999389648438,228.0
2024-07-03 12:07:00,EXAI,5.459099769592285,5.459099769592285,5.459099769592285,5.459099769592285,5.459099769592285,1002.0
2024-07-03 12:07:00,EXAS,43.209999084472656,43.209999084472656,43.220001220703125,43.189998626708984,43.209999084472656,2959.0
2024-07-03 12:07:00,EXEL,21.854999542236328,21.854999542236328,21.854999542236328,21.84000015258789,21.84000015258789,4498.0
2024-07-03 12:07:00,EYEN,0.7839000225067139,0.7839000225067139,0.7839000225067139,0.7839000225067139,0.7839000225067139,205.0
2024-07-03 12:07:00,EYPT,8.359999656677246,8.359999656677246,8.359999656677246,8.337499618530273,8.359999656677246,439.0
2024-07-03 12:07:00,FATE,3.1549999713897705,3.1549999713897705,3.1649999618530273,3.1449999809265137,3.1500000953674316,16028.0
2024-07-03 12:07:00,FDMT,20.770000457763672,20.770000457763672,20.770000457763672,20.75,20.75,1175.0
2024-07-03 12:07:00,FGEN,0.7099999785423279,0.7099999785423279,0.7099999785423279,0.7099999785423279,0.7099999785423279,2795.0
2024-07-03 12:07:00,FHTX,5.739999771118164,5.739999771118164,5.739999771118164,5.739999771118164,5.739999771118164,1116.0
2024-07-03 12:07:00,FLGT,20.110000610351562,20.110000610351562,20.110000610351562,20.110000610351562,20.110000610351562,129.0
2024-07-03 12:07:00,GALT,2.1600000858306885,2.1600000858306885,2.1600000858306885,2.1600000858306885,2.1600000858306885,3.0
2024-07-03 12:07:00,GDRX,7.744999885559082,7.744999885559082,7.744999885559082,7.744999885559082,7.744999885559082,501.0
2024-07-03 12:07:00,GERN,4.329999923706055,4.329999923706055,4.329999923706055,4.324999809265137,4.324999809265137,1273.0
2024-07-03 12:07:00,GH,28.30500030517578,28.30500030517578,28.30500030517578,28.299999237060547,28.299999237060547,515.0
2024-07-03 12:07:00,GILD,66.94999694824219,66.94999694824219,66.9697036743164,66.94000244140625,66.94999694824219,3805.0
2024-07-03 12:07:00,GLUE,3.7499001026153564,3.7499001026153564,3.7499001026153564,3.7499001026153564,3.7499001026153564,553.0
2024-07-03 12:07:00,GLYC,0.27880001068115234,0.27880001068115234,0.27880001068115234,0.2775000035762787,0.2775000035762787,26750.0
2024-07-03 12:07:00,GOSS,0.9473999738693237,0.9473999738693237,0.9544000029563904,0.9473999738693237,0.954200029373169,2489.0
2024-07-03 12:07:00,GRFS,6.644999980926514,6.644999980926514,6.650000095367432,6.644999980926514,6.644999980926514,5315.0
2024-07-03 12:07:00,GRTS,0.5806000232696533,0.5806000232696533,0.5813000202178955,0.5806000232696533,0.5813000202178955,2293.0
2024-07-03 12:07:00,GTHX,2.549999952316284,2.549999952316284,2.549999952316284,2.5450000762939453,2.549999952316284,1076.0
2024-07-03 12:07:00,HCAT,6.210000038146973,6.210000038146973,6.210000038146973,6.210000038146973,6.210000038146973,363.0
2024-07-03 12:07:00,HCSG,10.604999542236328,10.604999542236328,10.604999542236328,10.604999542236328,10.604999542236328,148.0
2024-07-03 12:07:00,HITI,2.134999990463257,2.134999990463257,2.134999990463257,2.134999990463257,2.134999990463257,768.0
2024-07-03 12:07:00,HOLX,73.19000244140625,73.19000244140625,73.19999694824219,73.19000244140625,73.19999694824219,2162.0
2024-07-03 12:07:00,HOOK,0.5867999792098999,0.5867999792098999,0.5867999792098999,0.5867999792098999,0.5867999792098999,1011.0
2024-07-03 12:07:00,HRMY,30.559999465942383,30.559999465942383,30.559999465942383,30.559999465942383,30.559999465942383,335.0
2024-07-03 12:07:00,HROW,21.59000015258789,21.59000015258789,21.594999313354492,21.59000015258789,21.594999313354492,489.0
2024-07-03 12:07:00,HRTX,2.73009991645813,2.73009991645813,2.734999895095825,2.73009991645813,2.730299949645996,6559.0
2024-07-03 12:07:00,HSIC,65.11000061035156,65.11000061035156,65.12000274658203,65.11000061035156,65.11000061035156,815.0
2024-07-03 12:07:00,HUGE,0.14380000531673431,0.14380000531673431,0.14380000531673431,0.14380000531673431,0.14380000531673431,403.0
2024-07-03 12:07:00,HUMA,5.700300216674805,5.700300216674805,5.704999923706055,5.699999809265137,5.704999923706055,1324.0
2024-07-03 12:07:00,IBRX,6.289999961853027,6.289999961853027,6.289999961853027,6.284999847412109,6.289999961853027,1940.0
2024-07-03 12:07:00,ICLR,317.8900146484375,317.8900146484375,317.8900146484375,317.6000061035156,317.6000061035156,923.0
2024-07-03 12:07:00,IGMS,6.489999771118164,6.489999771118164,6.5,6.489999771118164,6.5,1243.0
2024-07-03 12:07:00,IINN,1.3401999473571777,1.3401999473571777,1.3401999473571777,1.3401999473571777,1.3401999473571777,100.0
2024-07-03 12:07:00,ILMN,105.83000183105469,105.83000183105469,105.87999725341797,105.83000183105469,105.8499984741211,1870.0
2024-07-03 12:07:00,IMAB,1.524999976158142,1.524999976158142,1.524999976158142,1.524999976158142,1.524999976158142,282.0
2024-07-03 12:07:00,IMCR,36.084999084472656,36.084999084472656,36.084999084472656,36.084999084472656,36.084999084472656,77.0
2024-07-03 12:07:00,IMMX,2.3901000022888184,2.3901000022888184,2.3949999809265137,2.3901000022888184,2.3949999809265137,1735.0
2024-07-03 12:07:00,IMNM,12.010000228881836,12.010000228881836,12.020000457763672,12.010000228881836,12.020000457763672,828.0
2024-07-03 12:07:00,IMVT,26.040000915527344,26.040000915527344,26.065000534057617,26.040000915527344,26.065000534057617,1747.0
2024-07-03 12:07:00,INBX,13.100000381469727,13.100000381469727,13.100000381469727,13.100000381469727,13.100000381469727,804.0
2024-07-03 12:07:00,INCY,57.81999969482422,57.81999969482422,57.85499954223633,57.81999969482422,57.85499954223633,2003.0
2024-07-03 12:07:00,INMB,7.90500020980835,7.90500020980835,7.90500020980835,7.90500020980835,7.90500020980835,493.0
2024-07-03 12:07:00,INMD,17.559999465942383,17.559999465942383,17.565000534057617,17.559999465942383,17.565000534057617,826.0
2024-07-03 12:07:00,INO,8.4399995803833,8.4399995803833,8.4399995803833,8.420000076293945,8.420000076293945,1020.0
2024-07-03 12:07:00,INSM,62.03499984741211,62.03499984741211,62.03499984741211,62.03499984741211,62.03499984741211,988.0
2024-07-03 12:07:00,INZY,4.465000152587891,4.465000152587891,4.465000152587891,4.465000152587891,4.465000152587891,198.0
2024-07-03 12:07:00,IONS,44.880001068115234,44.880001068115234,44.920501708984375,44.880001068115234,44.920501708984375,2083.0
2024-07-03 12:07:00,IOVA,7.5177998542785645,7.5177998542785645,7.519999980926514,7.5,7.5,28522.0
2024-07-03 12:07:00,IRWD,6.125,6.125,6.130000114440918,6.119999885559082,6.125,1767.0
2024-07-03 12:07:00,ISRG,434.0150146484375,434.0150146484375,434.05999755859375,434.0150146484375,434.05999755859375,2081.0
2024-07-03 12:07:00,ITCI,68.31999969482422,68.31999969482422,68.33999633789062,68.31999969482422,68.33000183105469,3770.0
2024-07-03 12:07:00,JANX,37.97359848022461,37.97359848022461,38.016998291015625,37.97359848022461,38.0099983215332,984.0
2024-07-03 12:07:00,KALV,11.630000114440918,11.630000114440918,11.640000343322754,11.630000114440918,11.640000343322754,1613.0
2024-07-03 12:07:00,KPTI,0.8313999772071838,0.8313999772071838,0.83160001039505,0.8313999772071838,0.83160001039505,2046.0
2024-07-03 12:07:00,KRMD,2.4200000762939453,2.4200000762939453,2.4200000762939453,2.4200000762939453,2.4200000762939453,2207.0
2024-07-03 12:07:00,KRYS,176.2899932861328,176.2899932861328,176.2899932861328,176.2899932861328,176.2899932861328,769.0
2024-07-03 12:07:00,KTRA,0.2897000014781952,0.2897000014781952,0.2897000014781952,0.2897000014781952,0.2897000014781952,0.0
2024-07-03 12:07:00,KZIA,0.21040000021457672,0.21040000021457672,0.21040000021457672,0.21040000021457672,0.21040000021457672,0.0
2024-07-03 12:07:00,KZR,0.5760999917984009,0.5760999917984009,0.5760999917984009,0.5760999917984009,0.5760999917984009,1733.0
2024-07-03 12:07:00,LAB,1.8300000429153442,1.8300000429153442,1.8300000429153442,1.8250000476837158,1.8250000476837158,1640.0
2024-07-03 12:07:00,LBPH,32.27000045776367,32.27000045776367,32.380001068115234,32.27000045776367,32.380001068115234,2600.0
2024-07-03 12:07:00,LEGN,46.040000915527344,46.040000915527344,46.04999923706055,46.02000045776367,46.040000915527344,1781.0
2024-07-03 12:07:00,LFST,5.130000114440918,5.130000114440918,5.130000114440918,5.130000114440918,5.130000114440918,139.0
2024-07-03 12:07:00,LIVN,52.66999816894531,52.66999816894531,52.68000030517578,52.66999816894531,52.68000030517578,1642.0
2024-07-03 12:07:00,LNTH,79.70999908447266,79.70999908447266,79.70999908447266,79.63999938964844,79.6500015258789,1273.0
2024-07-03 12:07:00,LPTX,1.7999999523162842,1.7999999523162842,1.7999999523162842,1.7999999523162842,1.7999999523162842,631.0
2024-07-03 12:07:00,LQDA,11.949999809265137,11.949999809265137,11.949999809265137,11.949999809265137,11.949999809265137,719.0
2024-07-03 12:07:00,LRMR,7.710000038146973,7.710000038146973,7.710000038146973,7.710000038146973,7.710000038146973,393.0
2024-07-03 12:07:00,LUCY,0.4700999855995178,0.4700999855995178,0.47110000252723694,0.4700999855995178,0.47110000252723694,9231.0
2024-07-03 12:07:00,LUNG,6.320000171661377,6.320000171661377,6.320000171661377,6.320000171661377,6.320000171661377,506.0
2024-07-03 12:07:00,LXRX,1.6198999881744385,1.6198999881744385,1.6198999881744385,1.6150000095367432,1.6150000095367432,7110.0
2024-07-03 12:07:00,LYRA,0.2858999967575073,0.2858999967575073,0.2858999967575073,0.2858000099658966,0.2858000099658966,900.0
2024-07-03 12:07:00,MASI,114.8499984741211,114.8499984741211,114.8499984741211,114.71499633789062,114.71499633789062,1080.0
2024-07-03 12:07:00,MASS,4.880000114440918,4.880000114440918,4.880000114440918,4.880000114440918,4.880000114440918,0.0
2024-07-03 12:07:00,MBIO,0.49799999594688416,0.49799999594688416,0.49950000643730164,0.49799999594688416,0.49950000643730164,0.0
2024-07-03 12:07:00,MBOT,1.059499979019165,1.059499979019165,1.059499979019165,1.059499979019165,1.059499979019165,371.0
2024-07-03 12:07:00,MCRB,0.7294999957084656,0.7294999957084656,0.7301999926567078,0.7294999957084656,0.7301999926567078,1512.0
2024-07-03 12:07:00,MDWD,14.725000381469727,14.725000381469727,14.798500061035156,14.725000381469727,14.798500061035156,929.0
2024-07-03 12:07:00,MDXG,6.764999866485596,6.764999866485596,6.764999866485596,6.764999866485596,6.764999866485596,520.0
2024-07-03 12:07:00,ME,0.4129999876022339,0.4129999876022339,0.4129999876022339,0.41260001063346863,0.41260001063346863,9596.0
2024-07-03 12:07:00,MLTX,41.314998626708984,41.314998626708984,41.314998626708984,41.314998626708984,41.314998626708984,139.0
2024-07-03 12:07:00,MMSI,85.91000366210938,85.91000366210938,85.91000366210938,85.91000366210938,85.91000366210938,318.0
2024-07-03 12:07:00,MNKD,5.014999866485596,5.014999866485596,5.014999866485596,5.014999866485596,5.014999866485596,220.0
2024-07-03 12:07:00,MNMD,7.164999961853027,7.164999961853027,7.164999961853027,7.164999961853027,7.164999961853027,385.0
2024-07-03 12:07:00,MODD,1.2999999523162842,1.2999999523162842,1.2999999523162842,1.2899999618530273,1.2989000082015991,16816.0
2024-07-03 12:07:00,MORF,31.874000549316406,31.874000549316406,31.874000549316406,31.874000549316406,31.874000549316406,1653.0
2024-07-03 12:07:00,MRNA,115.66999816894531,115.66999816894531,115.83000183105469,115.66999816894531,115.83000183105469,1629.0
2024-07-03 12:07:00,MRUS,52.459999084472656,52.459999084472656,52.459999084472656,52.459999084472656,52.459999084472656,478.0
2024-07-03 12:07:00,MRVI,6.960000038146973,6.960000038146973,6.965000152587891,6.960000038146973,6.965000152587891,5343.0
2024-07-03 12:07:00,MXCT,3.694999933242798,3.694999933242798,3.700000047683716,3.694999933242798,3.700000047683716,610.0
2024-07-03 12:07:00,MYGN,25.0049991607666,25.0049991607666,25.0049991607666,25.0049991607666,25.0049991607666,612.0
2024-07-03 12:07:00,NARI,49.654998779296875,49.654998779296875,49.66999816894531,49.654998779296875,49.654998779296875,995.0
2024-07-03 12:07:00,NBIX,137.9949951171875,137.9949951171875,138.1230010986328,137.9949951171875,138.1230010986328,1573.0
2024-07-03 12:07:00,NDRA,0.10080000013113022,0.10080000013113022,0.10080000013113022,0.10040000081062317,0.10040000081062317,64656.0
2024-07-03 12:07:00,NEO,13.75,13.75,13.760000228881836,13.75,13.760000228881836,717.0
2024-07-03 12:07:00,NEOG,15.170000076293945,15.170000076293945,15.175999641418457,15.170000076293945,15.175999641418457,6549.0
2024-07-03 12:07:00,NKTR,1.2649999856948853,1.2649999856948853,1.2699999809265137,1.2549999952316284,1.2599999904632568,5732.0
2024-07-03 12:07:00,NKTX,5.324999809265137,5.324999809265137,5.324999809265137,5.324999809265137,5.324999809265137,251.0
2024-07-03 12:07:00,NLSP,0.20110000669956207,0.20110000669956207,0.20110000669956207,0.20110000669956207,0.20110000669956207,0.0
2024-07-03 12:07:00,NNOX,7.059000015258789,7.059000015258789,7.059000015258789,7.059000015258789,7.059000015258789,1364.0
2024-07-03 12:07:00,NRC,23.239999771118164,23.239999771118164,23.239999771118164,23.059999465942383,23.06999969482422,2234.0
2024-07-03 12:07:00,NRIX,19.6299991607666,19.6299991607666,19.6299991607666,19.559999465942383,19.559999465942383,1199.0
2024-07-03 12:07:00,NTLA,22.68000030517578,22.68000030517578,22.71500015258789,22.670000076293945,22.71500015258789,1288.0
2024-07-03 12:07:00,NUVL,71.95999908447266,71.95999908447266,72.08000183105469,71.95999908447266,72.08000183105469,2746.0
2024-07-03 12:07:00,NUWE,3.927000045776367,3.927000045776367,3.927000045776367,3.927000045776367,3.927000045776367,885.0
2024-07-03 12:07:00,NVAX,12.600500106811523,12.600500106811523,12.629899978637695,12.579999923706055,12.629899978637695,18346.0
2024-07-03 12:07:00,NVCR,16.649999618530273,16.649999618530273,16.649999618530273,16.64900016784668,16.64900016784668,1826.0
2024-07-03 12:07:00,OCGN,1.6050000190734863,1.6050000190734863,1.6100000143051147,1.600100040435791,1.600100040435791,103.0
2024-07-03 12:07:00,OCUL,6.644999980926514,6.644999980926514,6.644999980926514,6.644000053405762,6.644000053405762,2383.0
2024-07-03 12:07:00,OCUP,1.5800000429153442,1.5800000429153442,1.5800000429153442,1.5750000476837158,1.5750000476837158,1528.0
2024-07-03 12:07:00,OGI,1.5850000381469727,1.5850000381469727,1.5850000381469727,1.5800000429153442,1.5800000429153442,11025.0
2024-07-03 12:07:00,OLMA,10.520000457763672,10.520000457763672,10.520000457763672,10.520000457763672,10.520000457763672,213.0
2024-07-03 12:07:00,OM,3.875,3.875,3.884999990463257,3.869999885559082,3.869999885559082,7591.0
2024-07-03 12:07:00,OMCL,26.545000076293945,26.545000076293945,26.545000076293945,26.545000076293945,26.545000076293945,421.0
2024-07-03 12:08:00,ABCL,2.7149999141693115,2.7149999141693115,2.7149999141693115,2.7100000381469727,2.7149999141693115,4026.0
2024-07-03 12:08:00,ABSI,3.194999933242798,3.194999933242798,3.1989998817443848,3.194999933242798,3.1989998817443848,304.0
2024-07-03 12:08:00,ABUS,3.134999990463257,3.134999990463257,3.140000104904175,3.134000062942505,3.134000062942505,2034.0
2024-07-03 12:08:00,ACAD,15.579999923706055,15.579999923706055,15.60099983215332,15.579999923706055,15.60099983215332,2939.0
2024-07-03 12:08:00,ACB,4.914999961853027,4.914999961853027,4.914999961853027,4.914999961853027,4.914999961853027,375.0
2024-07-03 12:08:00,ACCD,3.565000057220459,3.565000057220459,3.565000057220459,3.559999942779541,3.565000057220459,2148.0
2024-07-03 12:08:00,ACET,1.0850000381469727,1.0850000381469727,1.0850000381469727,1.0850000381469727,1.0850000381469727,121.0
2024-07-03 12:08:00,ACHC,66.58000183105469,66.58000183105469,66.61499786376953,66.58000183105469,66.5999984741211,2332.0
2024-07-03 12:08:00,ACRS,1.149999976158142,1.149999976158142,1.149999976158142,1.149999976158142,1.149999976158142,1801.0
2024-07-03 12:08:00,ADMA,11.234999656677246,11.234999656677246,11.234999656677246,11.21500015258789,11.21500015258789,5099.0
2024-07-03 12:08:00,ADUS,117.30999755859375,117.30999755859375,117.30999755859375,117.30999755859375,117.30999755859375,644.0
2024-07-03 12:08:00,AFMD,5.079999923706055,5.079999923706055,5.079999923706055,5.079999923706055,5.079999923706055,453.0
2024-07-03 12:08:00,AIMD,0.8999999761581421,0.8999999761581421,0.9007999897003174,0.8995000123977661,0.9004999995231628,34472.0
2024-07-03 12:08:00,AKBA,0.949999988079071,0.949999988079071,0.949999988079071,0.9498999714851379,0.9498999714851379,1980.0
2024-07-03 12:08:00,ALDX,3.2039999961853027,3.2039999961853027,3.2039999961853027,3.2039999961853027,3.2039999961853027,1499.0
2024-07-03 12:08:00,ALGN,242.3350067138672,242.3350067138672,242.3350067138672,242.25,242.25,496.0
2024-07-03 12:08:00,ALGS,0.42489999532699585,0.42489999532699585,0.42489999532699585,0.42250001430511475,0.42250001430511475,2941.0
2024-07-03 12:08:00,ALHC,7.960000038146973,7.960000038146973,7.960000038146973,7.960000038146973,7.960000038146973,584.0
2024-07-03 12:08:00,ALKS,24.174999237060547,24.174999237060547,24.174999237060547,24.15999984741211,24.15999984741211,407.0
2024-07-03 12:08:00,ALLK,0.8270999789237976,0.8270999789237976,0.8270999789237976,0.8260999917984009,0.8260999917984009,956.0
2024-07-03 12:08:00,ALLO,2.0950000286102295,2.0950000286102295,2.0950000286102295,2.0950000286102295,2.0950000286102295,3475.0
2024-07-03 12:08:00,ALLR,0.2011999934911728,0.2011999934911728,0.20200000703334808,0.2011999934911728,0.20200000703334808,15912.0
2024-07-03 12:08:00,ALNY,246.38499450683594,246.38499450683594,246.38499450683594,246.38499450683594,246.38499450683594,1054.0
2024-07-03 12:08:00,ALT,6.679999828338623,6.679999828338623,6.679999828338623,6.659999847412109,6.659999847412109,1732.0
2024-07-03 12:08:00,ALVO,12.270000457763672,12.270000457763672,12.270000457763672,12.270000457763672,12.270000457763672,200.0
2024-07-03 12:08:00,ALXO,5.690000057220459,5.690000057220459,5.690000057220459,5.690000057220459,5.690000057220459,978.0
2024-07-03 12:08:00,AMGN,307.2850036621094,307.2850036621094,307.3547058105469,307.1600036621094,307.1600036621094,1616.0
2024-07-03 12:08:00,AMLX,1.7549999952316284,1.7549999952316284,1.7549999952316284,1.7549999952316284,1.7549999952316284,511.0
2024-07-03 12:08:00,AMRN,0.6970000267028809,0.6970000267028809,0.6970000267028809,0.6970000267028809,0.6970000267028809,1000.0
2024-07-03 12:08:00,ANAB,25.010000228881836,25.010000228881836,25.010000228881836,25.0,25.0,631.0
2024-07-03 12:08:00,ANNX,4.795000076293945,4.795000076293945,4.800000190734863,4.795000076293945,4.800000190734863,1560.0
2024-07-03 12:08:00,APLS,35.20000076293945,35.20000076293945,35.20000076293945,35.20000076293945,35.20000076293945,225.0
2024-07-03 12:08:00,APLT,4.340000152587891,4.340000152587891,4.340000152587891,4.340000152587891,4.340000152587891,125.0
2024-07-03 12:08:00,AQST,2.440000057220459,2.440000057220459,2.440000057220459,2.440000057220459,2.440000057220459,201.0
2024-07-03 12:08:00,ARAY,1.7300000190734863,1.7300000190734863,1.7300000190734863,1.7300000190734863,1.7300000190734863,200.0
2024-07-03 12:08:00,ARCT,21.530000686645508,21.530000686645508,21.530000686645508,21.530000686645508,21.530000686645508,255.0
2024-07-03 12:08:00,ARDX,5.269999980926514,5.269999980926514,5.279900074005127,5.269999980926514,5.277500152587891,8947.0
2024-07-03 12:08:00,ARQT,9.5649995803833,9.5649995803833,9.595000267028809,9.5649995803833,9.595000267028809,2358.0
2024-07-03 12:08:00,ARVN,23.915000915527344,23.915000915527344,23.940000534057617,23.915000915527344,23.940000534057617,1061.0
2024-07-03 12:08:00,ARWR,25.110000610351562,25.110000610351562,25.139999389648438,25.110000610351562,25.139999389648438,3375.0
2024-07-03 12:08:00,ASRT,1.3300000429153442,1.3300000429153442,1.3300000429153442,1.3300000429153442,1.3300000429153442,1534.0
2024-07-03 12:08:00,ATAI,1.2899999618530273,1.2899999618530273,1.2899999618530273,1.284999966621399,1.284999966621399,14920.0
2024-07-03 12:08:00,ATOS,1.159999966621399,1.159999966621399,1.159999966621399,1.159999966621399,1.159999966621399,390.0
2024-07-03 12:08:00,ATRC,22.31999969482422,22.31999969482422,22.334999084472656,22.31999969482422,22.334999084472656,1630.0
2024-07-03 12:08:00,AUGX,1.0,1.0,1.0,1.0,1.0,201.0
2024-07-03 12:08:00,AUPH,5.485000133514404,5.485000133514404,5.489999771118164,5.485000133514404,5.489999771118164,716.0
2024-07-03 12:08:00,AUTL,3.490000009536743,3.490000009536743,3.490000009536743,3.490000009536743,3.490000009536743,57.0
2024-07-03 12:08:00,AXGN,7.53000020980835,7.53000020980835,7.53000020980835,7.53000020980835,7.53000020980835,690.0
2024-07-03 12:08:00,AXNX,67.51000213623047,67.51000213623047,67.51000213623047,67.51000213623047,67.51000213623047,505.0
2024-07-03 12:08:00,AZN,76.6449966430664,76.6449966430664,76.6449966430664,76.63390350341797,76.63390350341797,3197.0
2024-07-03 12:08:00,AZTA,52.439998626708984,52.439998626708984,52.45000076293945,52.439998626708984,52.45000076293945,706.0
2024-07-03 12:08:00,BBIO,25.40999984741211,25.40999984741211,25.40999984741211,25.40999984741211,25.40999984741211,1286.0
2024-07-03 12:08:00,BCLI,0.34610000252723694,0.34610000252723694,0.34610000252723694,0.34610000252723694,0.34610000252723694,740.0
2024-07-03 12:08:00,BCRX,6.44890022277832,6.44890022277832,6.44890022277832,6.44890022277832,6.44890022277832,1644.0
2024-07-03 12:08:00,BEAM,23.540000915527344,23.540000915527344,23.540000915527344,23.540000915527344,23.540000915527344,200.0
2024-07-03 12:08:00,BGNE,148.33999633789062,148.33999633789062,148.33999633789062,148.33999633789062,148.33999633789062,189.0
2024-07-03 12:08:00,BIIB,223.27000427246094,223.27000427246094,223.27000427246094,223.27000427246094,223.27000427246094,1192.0
2024-07-03 12:08:00,BLFS,19.969999313354492,19.969999313354492,20.020000457763672,19.889999389648438,19.889999389648438,5143.0
2024-07-03 12:08:00,BLTE,45.70000076293945,45.70000076293945,45.70000076293945,45.70000076293945,45.70000076293945,1298.0
2024-07-03 12:08:00,BMEA,4.34499979019165,4.34499979019165,4.34499979019165,4.34499979019165,4.34499979019165,200.0
2024-07-03 12:08:00,BMRN,80.86499786376953,80.86499786376953,80.86499786376953,80.86499786376953,80.86499786376953,661.0
2024-07-03 12:08:00,BNGO,0.5745000243186951,0.5745000243186951,0.5745000243186951,0.5745000243186951,0.5745000243186951,8138.0
2024-07-03 12:08:00,BNTX,79.94499969482422,79.94499969482422,79.96990203857422,79.88999938964844,79.9000015258789,2670.0
2024-07-03 12:08:00,BPMC,110.83999633789062,110.83999633789062,110.83999633789062,110.83999633789062,110.83999633789062,911.0
2024-07-03 12:08:00,BRKR,61.47999954223633,61.47999954223633,61.47999954223633,61.47999954223633,61.47999954223633,1014.0
2024-07-03 12:08:00,BTAI,1.0800000429153442,1.0800000429153442,1.0800000429153442,1.0800000429153442,1.0800000429153442,490.0
2024-07-03 12:08:00,BTCY,0.8964999914169312,0.8964999914169312,0.8964999914169312,0.7401000261306763,0.7597000002861023,15157.0
2024-07-03 12:08:00,BVS,5.96999979019165,5.96999979019165,5.96999979019165,5.96999979019165,5.96999979019165,513.0
2024-07-03 12:08:00,CABA,7.5,7.5,7.5,7.49399995803833,7.49399995803833,2106.0
2024-07-03 12:08:00,CADL,6.295000076293945,6.295000076293945,6.300000190734863,6.289999961853027,6.300000190734863,2709.0
2024-07-03 12:08:00,CARA,0.2840000092983246,0.2840000092983246,0.2840000092983246,0.2840000092983246,0.2840000092983246,144.0
2024-07-03 12:08:00,CCCC,4.599999904632568,4.599999904632568,4.599999904632568,4.590000152587891,4.598999977111816,8928.0
2024-07-03 12:08:00,CCRN,13.680000305175781,13.680000305175781,13.699999809265137,13.680000305175781,13.699999809265137,1500.0
2024-07-03 12:08:00,CDMO,7.815000057220459,7.815000057220459,7.829999923706055,7.800000190734863,7.804999828338623,10162.0
2024-07-03 12:08:00,CDXC,2.5199999809265137,2.5199999809265137,2.5199999809265137,2.509999990463257,2.509999990463257,2646.0
2024-07-03 12:08:00,CDXS,2.880000114440918,2.880000114440918,2.880000114440918,2.880000114440918,2.880000114440918,2205.0
2024-07-03 12:08:00,CELC,16.24799919128418,16.24799919128418,16.24799919128418,16.24799919128418,16.24799919128418,553.0
2024-07-03 12:08:00,CERE,39.66999816894531,39.66999816894531,39.66999816894531,39.63999938964844,39.63999938964844,2497.0
2024-07-03 12:08:00,CERS,1.7200000286102295,1.7200000286102295,1.7200000286102295,1.7200000286102295,1.7200000286102295,747.0
2024-07-03 12:08:00,CERT,13.789999961853027,13.789999961853027,13.800000190734863,13.789999961853027,13.800000190734863,843.0
2024-07-03 12:08:00,CGC,6.570000171661377,6.570000171661377,6.570000171661377,6.554999828338623,6.559700012207031,21276.0
2024-07-03 12:08:00,CGEM,16.610000610351562,16.610000610351562,16.610000610351562,16.610000610351562,16.610000610351562,642.0
2024-07-03 12:08:00,CHRS,1.3899999856948853,1.3899999856948853,1.3899999856948853,1.3880000114440918,1.3899999856948853,2422.0
2024-07-03 12:08:00,CLOV,1.2450000047683716,1.2450000047683716,1.2450000047683716,1.2450000047683716,1.2450000047683716,448.0
2024-07-03 12:08:00,CMAX,2.2100000381469727,2.2100000381469727,2.2100000381469727,2.2100000381469727,2.2100000381469727,148.0
2024-07-03 12:08:00,CMPS,6.21999979019165,6.21999979019165,6.235000133514404,6.21999979019165,6.235000133514404,374.0
2024-07-03 12:08:00,CNSP,1.4907000064849854,1.4907000064849854,1.5299999713897705,1.4900000095367432,1.524999976158142,18024.0
2024-07-03 12:08:00,COGT,8.380000114440918,8.380000114440918,8.380000114440918,8.380000114440918,8.380000114440918,399.0
2024-07-03 12:08:00,COSM,0.9300000071525574,0.9300000071525574,0.9300000071525574,0.9300000071525574,0.9300000071525574,5042.0
2024-07-03 12:08:00,CPRX,15.4399995803833,15.4399995803833,15.4399995803833,15.428999900817871,15.4399995803833,2402.0
2024-07-03 12:08:00,CRBU,1.579699993133545,1.579699993133545,1.579699993133545,1.5750000476837158,1.5750000476837158,2195.0
2024-07-03 12:08:00,CRMD,4.14900016784668,4.14900016784668,4.14900016784668,4.14900016784668,4.14900016784668,103.0
2024-07-03 12:08:00,CRON,2.305000066757202,2.305000066757202,2.305000066757202,2.301800012588501,2.305000066757202,1227.0
2024-07-03 12:08:00,CRSP,53.85499954223633,53.85499954223633,53.85499954223633,53.81999969482422,53.81999969482422,1018.0
2024-07-03 12:08:00,CTKB,5.590000152587891,5.590000152587891,5.59499979019165,5.590000152587891,5.59499979019165,1189.0
2024-07-03 12:08:00,CTMX,1.315000057220459,1.315000057220459,1.315000057220459,1.309999942779541,1.309999942779541,1529.0
2024-07-03 12:08:00,CTXR,0.5210000276565552,0.5210000276565552,0.5210000276565552,0.5171999931335449,0.5171999931335449,23738.0
2024-07-03 12:08:00,CUTR,1.2949999570846558,1.2949999570846558,1.2949999570846558,1.2949999570846558,1.2949999570846558,1260.0
2024-07-03 12:08:00,CVAC,3.3287999629974365,3.3287999629974365,3.3450000286102295,3.319999933242798,3.3399999141693115,38639.0
2024-07-03 12:08:00,CYTK,54.654998779296875,54.654998779296875,54.66999816894531,54.625,54.66999816894531,1753.0
2024-07-03 12:08:00,CYTO,1.159999966621399,1.159999966621399,1.159999966621399,1.159999966621399,1.159999966621399,200.0
2024-07-03 12:08:00,DERM,5.170000076293945,5.170000076293945,5.170000076293945,5.170000076293945,5.170000076293945,272.0
2024-07-03 12:08:00,DMAC,2.940000057220459,2.940000057220459,2.940000057220459,2.940000057220459,2.940000057220459,320.0
2024-07-03 12:08:00,DNLI,21.385000228881836,21.385000228881836,21.385000228881836,21.385000228881836,21.385000228881836,328.0
2024-07-03 12:08:00,DSGN,3.2850000858306885,3.2850000858306885,3.2850000858306885,3.2850000858306885,3.2850000858306885,294.0
2024-07-03 12:08:00,DVAX,11.074999809265137,11.074999809265137,11.079999923706055,11.074999809265137,11.079999923706055,846.0
2024-07-03 12:08:00,DXCM,111.14800262451172,111.14800262451172,111.14800262451172,110.84349822998047,110.84349822998047,8003.0
2024-07-03 12:08:00,DYN,34.30500030517578,34.30500030517578,34.30500030517578,34.290000915527344,34.290000915527344,247.0
2024-07-03 12:08:00,DYNT,0.23929999768733978,0.23929999768733978,0.23929999768733978,0.23569999635219574,0.23929999768733978,8810.0
2024-07-03 12:08:00,EDIT,4.625,4.625,4.625,4.619999885559082,4.619999885559082,592.0
2024-07-03 12:08:00,EGRX,5.489999771118164,5.489999771118164,5.489999771118164,5.489999771118164,5.489999771118164,425.0
2024-07-03 12:08:00,EMBC,11.960000038146973,11.960000038146973,11.970000267028809,11.960000038146973,11.970000267028809,586.0
2024-07-03 12:08:00,ENSG,126.88999938964844,126.88999938964844,126.88999938964844,126.88999938964844,126.88999938964844,113.0
2024-07-03 12:08:00,EQ,0.671999990940094,0.671999990940094,0.671999990940094,0.671999990940094,0.671999990940094,820.0
2024-07-03 12:08:00,ERAS,2.2049999237060547,2.2049999237060547,2.2100000381469727,2.2039999961853027,2.2039999961853027,2190.0
2024-07-03 12:08:00,ESPR,2.3450000286102295,2.3450000286102295,2.3499999046325684,2.3450000286102295,2.3499999046325684,6040.0
2024-07-03 12:08:00,EXAI,5.460000038146973,5.460000038146973,5.460000038146973,5.460000038146973,5.460000038146973,331.0
2024-07-03 12:08:00,EXAS,43.25,43.25,43.25,43.21500015258789,43.22999954223633,3203.0
2024-07-03 12:08:00,EXEL,21.856000900268555,21.856000900268555,21.856000900268555,21.854999542236328,21.854999542236328,1319.0
2024-07-03 12:08:00,EYEN,0.7839000225067139,0.7839000225067139,0.7839000225067139,0.7839000225067139,0.7839000225067139,300.0
2024-07-03 12:08:00,FATE,3.1559998989105225,3.1559998989105225,3.1559998989105225,3.1559998989105225,3.1559998989105225,1538.0
2024-07-03 12:08:00,FDMT,20.81999969482422,20.81999969482422,20.81999969482422,20.790000915527344,20.790000915527344,2032.0
2024-07-03 12:08:00,FGEN,0.7099999785423279,0.7099999785423279,0.7099999785423279,0.7093999981880188,0.7093999981880188,7220.0
2024-07-03 12:08:00,FHTX,5.730000019073486,5.730000019073486,5.789999961853027,5.71999979019165,5.789999961853027,1050.0
2024-07-03 12:08:00,FLGT,20.110000610351562,20.110000610351562,20.1200008392334,20.110000610351562,20.1200008392334,2861.0
2024-07-03 12:08:00,FOLD,9.875,9.875,9.875,9.869999885559082,9.869999885559082,1601.0
2024-07-03 12:08:00,FULC,6.130000114440918,6.130000114440918,6.135000228881836,6.130000114440918,6.130000114440918,2016.0
2024-07-03 12:08:00,GALT,2.1600000858306885,2.1600000858306885,2.1600000858306885,2.1600000858306885,2.1600000858306885,101.0
2024-07-03 12:08:00,GANX,1.1449999809265137,1.1449999809265137,1.1449999809265137,1.1449999809265137,1.1449999809265137,116.0
2024-07-03 12:08:00,GDRX,7.75,7.75,7.75,7.75,7.75,300.0
2024-07-03 12:08:00,GERN,4.329999923706055,4.329999923706055,4.329999923706055,4.329999923706055,4.329999923706055,2116.0
2024-07-03 12:08:00,GH,28.299999237060547,28.299999237060547,28.299999237060547,28.280000686645508,28.299299240112305,2203.0
2024-07-03 12:08:00,GILD,66.8821029663086,66.8821029663086,66.94000244140625,66.8821029663086,66.94000244140625,5701.0
2024-07-03 12:08:00,GLTO,0.5065000057220459,0.5065000057220459,0.5065000057220459,0.5031999945640564,0.5031999945640564,1206.0
2024-07-03 12:08:00,GLYC,0.27709999680519104,0.27709999680519104,0.27889999747276306,0.27709999680519104,0.27889999747276306,7400.0
2024-07-03 12:08:00,GMAB,25.15999984741211,25.15999984741211,25.165000915527344,25.15999984741211,25.15999984741211,1816.0
2024-07-03 12:08:00,GRFS,6.644999980926514,6.644999980926514,6.650000095367432,6.644999980926514,6.644999980926514,1212.0
2024-07-03 12:08:00,GRTS,0.5806000232696533,0.5806000232696533,0.5806000232696533,0.5792999863624573,0.5792999863624573,3727.0
2024-07-03 12:08:00,GTHX,2.549999952316284,2.549999952316284,2.549999952316284,2.5450000762939453,2.5450000762939453,627.0
2024-07-03 12:08:00,HALO,52.25,52.25,52.25,52.25,52.25,381.0
2024-07-03 12:08:00,HBIO,2.8299999237060547,2.8299999237060547,2.8299999237060547,2.7897000312805176,2.789799928665161,5044.0
2024-07-03 12:08:00,HCAT,6.199999809265137,6.199999809265137,6.201000213623047,6.199999809265137,6.201000213623047,985.0
2024-07-03 12:08:00,HCSG,10.614999771118164,10.614999771118164,10.619999885559082,10.604000091552734,10.604000091552734,1889.0
2024-07-03 12:08:00,HITI,2.134999990463257,2.134999990463257,2.134999990463257,2.134999990463257,2.134999990463257,534.0
2024-07-03 12:08:00,HOLX,73.17500305175781,73.17500305175781,73.19999694824219,73.17500305175781,73.19999694824219,1362.0
2024-07-03 12:08:00,HQY,83.44000244140625,83.44000244140625,83.5,83.4000015258789,83.4000015258789,2935.0
2024-07-03 12:08:00,HRMY,30.600000381469727,30.600000381469727,30.600000381469727,30.600000381469727,30.600000381469727,311.0
2024-07-03 12:08:00,HRTX,2.734999895095825,2.734999895095825,2.734999895095825,2.734999895095825,2.734999895095825,798.0
2024-07-03 12:08:00,HSIC,65.0,65.0,65.08000183105469,65.0,65.08000183105469,1900.0
2024-07-03 12:08:00,HUMA,5.715000152587891,5.715000152587891,5.719900131225586,5.703999996185303,5.703999996185303,4361.0
2024-07-03 12:08:00,IBRX,6.285200119018555,6.285200119018555,6.289999961853027,6.281199932098389,6.281199932098389,2560.0
2024-07-03 12:08:00,ICAD,1.25,1.25,1.25,1.25,1.25,200.0
2024-07-03 12:08:00,IGMS,6.485000133514404,6.485000133514404,6.485000133514404,6.485000133514404,6.485000133514404,201.0
2024-07-03 12:08:00,ILMN,105.77999877929688,105.77999877929688,105.81999969482422,105.77999877929688,105.81999969482422,1008.0
2024-07-03 12:08:00,IMCR,36.084999084472656,36.084999084472656,36.084999084472656,36.084999084472656,36.084999084472656,183.0
2024-07-03 12:08:00,IMMX,2.3949999809265137,2.3949999809265137,2.4000000953674316,2.3949999809265137,2.4000000953674316,1590.0
2024-07-03 12:08:00,IMNM,12.0,12.0,12.015000343322754,12.0,12.015000343322754,959.0
2024-07-03 12:08:00,IMRX,1.1299999952316284,1.1299999952316284,1.1299999952316284,1.1299999952316284,1.1299999952316284,331.0
2024-07-03 12:08:00,IMUX,1.1299999952316284,1.1299999952316284,1.1349999904632568,1.1299999952316284,1.1299999952316284,4267.0
2024-07-03 12:08:00,IMVT,26.010000228881836,26.010000228881836,26.010000228881836,26.010000228881836,26.010000228881836,1317.0
2024-07-03 12:08:00,INCY,57.779998779296875,57.779998779296875,57.82500076293945,57.779998779296875,57.82500076293945,4965.0
2024-07-03 12:08:00,INMD,17.56999969482422,17.56999969482422,17.56999969482422,17.559999465942383,17.559999465942383,670.0
2024-07-03 12:08:00,INSM,62.0,62.0,62.0,61.9900016784668,61.9900016784668,337.0
2024-07-03 12:08:00,INVA,16.28499984741211,16.28499984741211,16.28499984741211,16.28499984741211,16.28499984741211,687.0
2024-07-03 12:08:00,IONS,44.880001068115234,44.880001068115234,44.880001068115234,44.880001068115234,44.880001068115234,354.0
2024-07-03 12:08:00,IOVA,7.519999980926514,7.519999980926514,7.519999980926514,7.5,7.519999980926514,26533.0
2024-07-03 12:08:00,IRTC,94.30999755859375,94.30999755859375,94.30999755859375,94.30999755859375,94.30999755859375,1876.0
2024-07-03 12:08:00,IRWD,6.135000228881836,6.135000228881836,6.139999866485596,6.130000114440918,6.130000114440918,3637.0
2024-07-03 12:08:00,ISRG,434.42999267578125,434.42999267578125,434.42999267578125,434.1700134277344,434.1700134277344,3468.0
2024-07-03 12:08:00,ITCI,68.3499984741211,68.3499984741211,68.36000061035156,68.33999633789062,68.36000061035156,683.0
2024-07-03 12:08:00,IVVD,1.0950000286102295,1.0950000286102295,1.0950000286102295,1.093999981880188,1.093999981880188,2723.0
2024-07-03 12:08:00,JANX,37.970001220703125,37.970001220703125,37.970001220703125,37.970001220703125,37.970001220703125,176.0
2024-07-03 12:08:00,JYNT,13.210000038146973,13.210000038146973,13.229999542236328,13.210000038146973,13.229999542236328,793.0
2024-07-03 12:08:00,KMDA,5.159999847412109,5.159999847412109,5.159999847412109,5.159999847412109,5.159999847412109,376.0
2024-07-03 12:08:00,KPTI,0.8312000036239624,0.8312000036239624,0.8312000036239624,0.8312000036239624,0.8312000036239624,1355.0
2024-07-03 12:08:00,KRMD,2.450000047683716,2.450000047683716,2.450000047683716,2.450000047683716,2.450000047683716,101.0
2024-07-03 12:08:00,KRON,1.1399999856948853,1.1399999856948853,1.1399999856948853,1.1399999856948853,1.1399999856948853,172.0
2024-07-03 12:08:00,KROS,42.45500183105469,42.45500183105469,42.45500183105469,42.45500183105469,42.45500183105469,251.0
2024-07-03 12:08:00,KTRA,0.28839999437332153,0.28839999437332153,0.28850001096725464,0.287200003862381,0.28850001096725464,25903.0
2024-07-03 12:08:00,LAB,1.8300000429153442,1.8300000429153442,1.8300000429153442,1.8250000476837158,1.8300000429153442,2228.0
2024-07-03 12:08:00,LEGN,46.119998931884766,46.119998931884766,46.119998931884766,46.08000183105469,46.08000183105469,1135.0
2024-07-03 12:08:00,LFMD,6.730000019073486,6.730000019073486,6.730000019073486,6.730000019073486,6.730000019073486,599.0
2024-07-03 12:08:00,LFST,5.130000114440918,5.130000114440918,5.130000114440918,5.130000114440918,5.130000114440918,307.0
2024-07-03 12:08:00,LGVN,1.6296000480651855,1.6296000480651855,1.6296000480651855,1.6296000480651855,1.6296000480651855,520.0
2024-07-03 12:08:00,LNTH,79.7699966430664,79.7699966430664,79.7699966430664,79.75,79.75,525.0
2024-07-03 12:08:00,LQDA,11.951399803161621,11.951399803161621,11.951399803161621,11.949999809265137,11.949999809265137,948.0
2024-07-03 12:08:00,LRMR,7.710000038146973,7.710000038146973,7.710000038146973,7.710000038146973,7.710000038146973,1398.0
2024-07-03 12:08:00,LXRX,1.6200000047683716,1.6200000047683716,1.6200000047683716,1.6200000047683716,1.6200000047683716,1102.0
2024-07-03 12:08:00,LYRA,0.2858000099658966,0.2858000099658966,0.2858999967575073,0.2858000099658966,0.2858999967575073,7795.0
2024-07-03 12:08:00,MBIO,0.5008999705314636,0.5008999705314636,0.5008999705314636,0.49619999527931213,0.49619999527931213,1024.0
2024-07-03 12:08:00,MCRB,0.728600025177002,0.728600025177002,0.7293999791145325,0.728600025177002,0.7293000221252441,11151.0
2024-07-03 12:08:00,MDXG,6.764999866485596,6.764999866485596,6.765999794006348,6.764999866485596,6.765999794006348,1105.0
2024-07-03 12:08:00,ME,0.413100004196167,0.413100004196167,0.413100004196167,0.41260001063346863,0.41260001063346863,0.0
2024-07-03 12:08:00,MGTX,3.990000009536743,3.990000009536743,3.990000009536743,3.990000009536743,3.990000009536743,110.0
2024-07-03 12:08:00,MIRM,33.8568000793457,33.8568000793457,33.8568000793457,33.8568000793457,33.8568000793457,328.0
2024-07-03 12:08:00,MMSI,86.00499725341797,86.00499725341797,86.00499725341797,85.91000366210938,85.91000366210938,2126.0
2024-07-03 12:08:00,MNKD,5.014999866485596,5.014999866485596,5.014999866485596,5.010000228881836,5.014999866485596,2859.0
2024-07-03 12:08:00,MODD,1.2920000553131104,1.2920000553131104,1.2999999523162842,1.2615000009536743,1.2999999523162842,7448.0
2024-07-03 12:08:00,MREO,3.549999952316284,3.549999952316284,3.549999952316284,3.549999952316284,3.549999952316284,1184.0
2024-07-03 12:08:00,MRNA,115.7699966430664,115.7699966430664,115.86000061035156,115.66999816894531,115.76499938964844,3479.0
2024-07-03 12:08:00,MRNS,1.2000000476837158,1.2000000476837158,1.2100000381469727,1.2000000476837158,1.2059999704360962,4019.0
2024-07-03 12:08:00,MRSN,1.8550000190734863,1.8550000190734863,1.8550000190734863,1.8514000177383423,1.8514000177383423,353.0
2024-07-03 12:08:00,MRVI,6.965000152587891,6.965000152587891,6.965000152587891,6.965000152587891,6.965000152587891,251.0
2024-07-03 12:08:00,MXCT,3.694999933242798,3.694999933242798,3.694999933242798,3.694999933242798,3.694999933242798,254.0
2024-07-03 12:08:00,MYGN,25.020000457763672,25.020000457763672,25.020000457763672,25.020000457763672,25.020000457763672,298.0
2024-07-03 12:08:00,NARI,49.65999984741211,49.65999984741211,49.65999984741211,49.65999984741211,49.65999984741211,103.0
2024-07-03 12:08:00,NBIX,137.96499633789062,137.96499633789062,137.96499633789062,137.96499633789062,137.96499633789062,784.0
2024-07-03 12:08:00,NDRA,0.10050000250339508,0.10050000250339508,0.1006999984383583,0.10019999742507935,0.1006999984383583,12992.0
2024-07-03 12:08:00,NEO,13.73900032043457,13.73900032043457,13.73900032043457,13.729999542236328,13.729999542236328,670.0
2024-07-03 12:08:00,NEOG,15.154999732971191,15.154999732971191,15.15999984741211,15.154999732971191,15.15999984741211,2214.0
2024-07-03 12:08:00,NKTR,1.2699999809265137,1.2699999809265137,1.2699999809265137,1.2699999809265137,1.2699999809265137,1279.0
2024-07-03 12:08:00,NKTX,5.3292999267578125,5.3292999267578125,5.3292999267578125,5.3292999267578125,5.3292999267578125,1180.0
2024-07-03 12:08:00,NLSP,0.20160000026226044,0.20160000026226044,0.20160000026226044,0.20110000669956207,0.20110000669956207,3504.0
2024-07-03 12:08:00,NNOX,7.054999828338623,7.054999828338623,7.054999828338623,7.054999828338623,7.054999828338623,1090.0
2024-07-03 12:08:00,NOTV,1.6505000591278076,1.6505000591278076,1.6505000591278076,1.6505000591278076,1.6505000591278076,902.0
2024-07-03 12:08:00,NRBO,4.579999923706055,4.579999923706055,4.579999923706055,4.579999923706055,4.579999923706055,200.0
2024-07-03 12:08:00,NRIX,19.600000381469727,19.600000381469727,19.600000381469727,19.600000381469727,19.600000381469727,674.0
2024-07-03 12:08:00,NRSN,1.2999999523162842,1.2999999523162842,1.2999999523162842,1.2999999523162842,1.2999999523162842,902.0
2024-07-03 12:08:00,NTLA,22.700000762939453,22.700000762939453,22.700000762939453,22.68000030517578,22.68000030517578,1315.0
2024-07-03 12:08:00,NTRA,111.44999694824219,111.44999694824219,111.51000213623047,111.44999694824219,111.51000213623047,4140.0
2024-07-03 12:08:00,NUVL,71.98999786376953,71.98999786376953,71.98999786376953,71.94499969482422,71.94499969482422,875.0
2024-07-03 12:08:00,NVAX,12.606300354003906,12.606300354003906,12.614999771118164,12.600000381469727,12.600000381469727,3084.0
2024-07-03 12:08:00,NXTC,1.590000033378601,1.590000033378601,1.590000033378601,1.590000033378601,1.590000033378601,279.0
2024-07-03 12:08:00,OCGN,1.6050000190734863,1.6050000190734863,1.6100000143051147,1.6050000190734863,1.6100000143051147,4072.0
2024-07-03 12:08:00,OCUL,6.639999866485596,6.639999866485596,6.639999866485596,6.639999866485596,6.639999866485596,223.0
2024-07-03 12:08:00,OCUP,1.5736000537872314,1.5736000537872314,1.5736000537872314,1.5736000537872314,1.5736000537872314,1134.0
2024-07-03 12:08:00,OLMA,10.529999732971191,10.529999732971191,10.529999732971191,10.529999732971191,10.529999732971191,733.0
2024-07-03 12:08:00,OM,3.880000114440918,3.880000114440918,3.880000114440918,3.875,3.875,616.0
2024-07-03 12:08:00,OMCL,26.6299991607666,26.6299991607666,26.6299991607666,26.559999465942383,26.559999465942383,2181.0
2024-07-03 12:08:00,OMGA,1.948799967765808,1.948799967765808,1.948799967765808,1.948799967765808,1.948799967765808,376.0
2024-07-03 12:09:00,ABCL,2.7149999141693115,2.7149999141693115,2.719899892807007,2.7132999897003174,2.7132999897003174,4027.0
2024-07-03 12:09:00,ABSI,3.194999933242798,3.194999933242798,3.200000047683716,3.194999933242798,3.194999933242798,1563.0
2024-07-03 12:09:00,ABUS,3.1449999809265137,3.1449999809265137,3.1449999809265137,3.140000104904175,3.140000104904175,4479.0
2024-07-03 12:09:00,ACAD,15.579999923706055,15.579999923706055,15.579999923706055,15.579999923706055,15.579999923706055,1248.0
2024-07-03 12:09:00,ACB,4.928299903869629,4.928299903869629,4.928299903869629,4.918099880218506,4.918099880218506,1919.0
2024-07-03 12:09:00,ACCD,3.5799999237060547,3.5799999237060547,3.5799999237060547,3.555000066757202,3.559999942779541,38381.0
2024-07-03 12:09:00,ACET,1.0850000381469727,1.0850000381469727,1.090000033378601,1.0850000381469727,1.0850000381469727,16888.0
2024-07-03 12:09:00,ACHC,66.6050033569336,66.6050033569336,66.6050033569336,66.6050033569336,66.6050033569336,600.0
2024-07-03 12:09:00,ACLX,54.30500030517578,54.30500030517578,54.30500030517578,54.13750076293945,54.13750076293945,2720.0
2024-07-03 12:09:00,ACRS,1.149999976158142,1.149999976158142,1.149999976158142,1.149999976158142,1.149999976158142,1304.0
2024-07-03 12:09:00,ADAP,1.0091999769210815,1.0091999769210815,1.0091999769210815,1.0091999769210815,1.0091999769210815,3969.0
2024-07-03 12:09:00,ADMA,11.234999656677246,11.234999656677246,11.234999656677246,11.234999656677246,11.234999656677246,1412.0
2024-07-03 12:09:00,ADVM,7.070000171661377,7.070000171661377,7.070000171661377,7.070000171661377,7.070000171661377,197.0
2024-07-03 12:09:00,AGEN,14.279999732971191,14.279999732971191,14.289999961853027,14.279999732971191,14.289999961853027,2421.0
2024-07-03 12:09:00,AIMD,0.909500002861023,0.909500002861023,0.914900004863739,0.909500002861023,0.9100000262260437,12972.0
2024-07-03 12:09:00,AKBA,0.9487000107765198,0.9487000107765198,0.9498999714851379,0.9487000107765198,0.9498999714851379,1066.0
2024-07-03 12:09:00,ALEC,4.440000057220459,4.440000057220459,4.440000057220459,4.429999828338623,4.429999828338623,374.0
2024-07-03 12:09:00,ALGN,242.33999633789062,242.33999633789062,242.47000122070312,242.27000427246094,242.27999877929688,1150.0
2024-07-03 12:09:00,ALIM,5.525000095367432,5.525000095367432,5.525000095367432,5.525000095367432,5.525000095367432,345.0
2024-07-03 12:09:00,ALKS,24.174999237060547,24.174999237060547,24.174999237060547,24.174999237060547,24.174999237060547,879.0
2024-07-03 12:09:00,ALLK,0.8267999887466431,0.8267999887466431,0.8267999887466431,0.8266000151634216,0.8266000151634216,1173.0
2024-07-03 12:09:00,ALLO,2.0950000286102295,2.0950000286102295,2.0999999046325684,2.0899999141693115,2.0950000286102295,18618.0
2024-07-03 12:09:00,ALLR,0.20100000500679016,0.20100000500679016,0.2011999934911728,0.20000000298023224,0.2011999934911728,120618.0
2024-07-03 12:09:00,ALNY,246.5500030517578,246.5500030517578,246.5500030517578,246.1999969482422,246.30039978027344,2582.0
2024-07-03 12:09:00,ALT,6.678699970245361,6.678699970245361,6.679999828338623,6.675000190734863,6.679999828338623,1218.0
2024-07-03 12:09:00,ALXO,5.690000057220459,5.690000057220459,5.690000057220459,5.690000057220459,5.690000057220459,600.0
2024-07-03 12:09:00,AMED,97.01000213623047,97.01000213623047,97.01000213623047,97.01000213623047,97.01000213623047,2123.0
2024-07-03 12:09:00,AMGN,307.3399963378906,307.3399963378906,307.4049987792969,307.17999267578125,307.260009765625,5502.0
2024-07-03 12:09:00,AMLX,1.7549999952316284,1.7549999952316284,1.7599999904632568,1.7549999952316284,1.7599999904632568,401.0
2024-07-03 12:09:00,AMPH,38.32500076293945,38.32500076293945,38.47999954223633,38.32500076293945,38.368099212646484,3168.0
2024-07-03 12:09:00,ANAB,25.0,25.0,25.049999237060547,25.0,25.020000457763672,2029.0
2024-07-03 12:09:00,ANIX,2.265000104904175,2.265000104904175,2.265000104904175,2.265000104904175,2.265000104904175,597.0
2024-07-03 12:09:00,ANNX,4.795000076293945,4.795000076293945,4.800000190734863,4.795000076293945,4.795000076293945,2461.0
2024-07-03 12:09:00,ANTX,2.5299999713897705,2.5299999713897705,2.5299999713897705,2.5299999713897705,2.5299999713897705,362.0
2024-07-03 12:09:00,APDN,0.39750000834465027,0.39750000834465027,0.39750000834465027,0.39750000834465027,0.39750000834465027,1386.0
2024-07-03 12:09:00,APLS,35.279998779296875,35.279998779296875,35.279998779296875,35.279998779296875,35.279998779296875,1448.0
2024-07-03 12:09:00,APLT,4.340000152587891,4.340000152587891,4.340000152587891,4.340000152587891,4.340000152587891,140.0
2024-07-03 12:09:00,AQST,2.440000057220459,2.440000057220459,2.440000057220459,2.440000057220459,2.440000057220459,964.0
2024-07-03 12:09:00,ARCT,21.5,21.5,21.53499984741211,21.5,21.53499984741211,1355.0
2024-07-03 12:09:00,ARDX,5.269999980926514,5.269999980926514,5.275000095367432,5.269999980926514,5.275000095367432,3119.0
2024-07-03 12:09:00,ARQT,9.5649995803833,9.5649995803833,9.5649995803833,9.5649995803833,9.5649995803833,808.0
2024-07-03 12:09:00,ARVN,23.8799991607666,23.8799991607666,23.8799991607666,23.8799991607666,23.8799991607666,301.0
2024-07-03 12:09:00,ASRT,1.3300000429153442,1.3300000429153442,1.3300000429153442,1.3300000429153442,1.3300000429153442,3193.0
2024-07-03 12:09:00,ATAI,1.2898999452590942,1.2898999452590942,1.2899999618530273,1.284999966621399,1.2899999618530273,4511.0
2024-07-03 12:09:00,ATEC,10.015000343322754,10.015000343322754,10.015000343322754,10.010000228881836,10.010000228881836,984.0
2024-07-03 12:09:00,ATOS,1.159999966621399,1.159999966621399,1.159999966621399,1.1556999683380127,1.1556999683380127,863.0
2024-07-03 12:09:00,ATRC,22.30470085144043,22.30470085144043,22.309999465942383,22.304500579833984,22.304500579833984,2305.0
2024-07-03 12:09:00,ATXS,9.039999961853027,9.039999961853027,9.039999961853027,9.039999961853027,9.039999961853027,1051.0
2024-07-03 12:09:00,AUPH,5.485000133514404,5.485000133514404,5.485000133514404,5.480000019073486,5.480000019073486,1048.0
2024-07-03 12:09:00,AUTL,3.490000009536743,3.490000009536743,3.490000009536743,3.490000009536743,3.490000009536743,641.0
2024-07-03 12:09:00,AVTE,1.6799999475479126,1.6799999475479126,1.684999942779541,1.679900050163269,1.679900050163269,4884.0
2024-07-03 12:09:00,AZN,76.6449966430664,76.6449966430664,76.6500015258789,76.6449966430664,76.6449966430664,1033.0
2024-07-03 12:09:00,AZTA,52.470001220703125,52.470001220703125,52.470001220703125,52.400001525878906,52.439998626708984,1755.0
2024-07-03 12:09:00,BCAB,1.3949999809265137,1.3949999809265137,1.3997999429702759,1.3949999809265137,1.3997999429702759,5600.0
2024-07-03 12:09:00,BCRX,6.454999923706055,6.454999923706055,6.454999923706055,6.449999809265137,6.449999809265137,4280.0
2024-07-03 12:09:00,BDTX,4.360000133514404,4.360000133514404,4.360000133514404,4.360000133514404,4.360000133514404,807.0
2024-07-03 12:09:00,BEAM,23.559999465942383,23.559999465942383,23.56999969482422,23.559999465942383,23.559999465942383,967.0
2024-07-03 12:09:00,BGNE,148.33999633789062,148.33999633789062,148.33999633789062,148.33999633789062,148.33999633789062,2079.0
2024-07-03 12:09:00,BIIB,223.27000427246094,223.27000427246094,223.27000427246094,223.27000427246094,223.27000427246094,1747.0
2024-07-03 12:09:00,BLUE,0.9200000166893005,0.9200000166893005,0.9210000038146973,0.9200000166893005,0.9210000038146973,248.0
2024-07-03 12:09:00,BMEA,4.34499979019165,4.34499979019165,4.34499979019165,4.34499979019165,4.34499979019165,1318.0
2024-07-03 12:09:00,BNGO,0.5734999775886536,0.5734999775886536,0.5734999775886536,0.5734999775886536,0.5734999775886536,300.0
2024-07-03 12:09:00,BNTC,8.819999694824219,8.819999694824219,8.819999694824219,8.819999694824219,8.819999694824219,247.0
2024-07-03 12:09:00,BNTX,80.04000091552734,80.04000091552734,80.04000091552734,79.9800033569336,80.01499938964844,880.0
2024-07-03 12:09:00,BPMC,111.05000305175781,111.05000305175781,111.05000305175781,110.91000366210938,110.91000366210938,1380.0
2024-07-03 12:09:00,BRKR,61.470001220703125,61.470001220703125,61.47999954223633,61.459999084472656,61.470001220703125,3160.0
2024-07-03 12:09:00,BTAI,1.0800000429153442,1.0800000429153442,1.090000033378601,1.0800000429153442,1.0850000381469727,2845.0
2024-07-03 12:09:00,BTCY,0.8676999807357788,0.8676999807357788,0.8676999807357788,0.8676999807357788,0.8676999807357788,230.0
2024-07-03 12:09:00,CADL,6.289999961853027,6.289999961853027,6.289999961853027,6.289999961853027,6.289999961853027,1139.0
2024-07-03 12:09:00,CAPR,4.78000020980835,4.78000020980835,4.78000020980835,4.78000020980835,4.78000020980835,1020.0
2024-07-03 12:09:00,CCCC,4.585000038146973,4.585000038146973,4.599999904632568,4.585000038146973,4.599999904632568,3231.0
2024-07-03 12:09:00,CCRN,13.680000305175781,13.680000305175781,13.680000305175781,13.649999618530273,13.649999618530273,424.0
2024-07-03 12:09:00,CDMO,7.815000057220459,7.815000057220459,7.815000057220459,7.809999942779541,7.815000057220459,873.0
2024-07-03 12:09:00,CDNA,15.15999984741211,15.15999984741211,15.170000076293945,15.15999984741211,15.15999984741211,1348.0
2024-07-03 12:09:00,CERE,39.67499923706055,39.67499923706055,39.70000076293945,39.64500045776367,39.64500045776367,13187.0
2024-07-03 12:09:00,CERS,1.725000023841858,1.725000023841858,1.725000023841858,1.725000023841858,1.725000023841858,563.0
2024-07-03 12:09:00,CERT,13.779999732971191,13.779999732971191,13.779999732971191,13.770000457763672,13.779999732971191,2438.0
2024-07-03 12:09:00,CGC,6.559000015258789,6.559000015258789,6.579999923706055,6.554999828338623,6.579999923706055,7252.0
2024-07-03 12:09:00,CGEM,16.719999313354492,16.719999313354492,16.760000228881836,16.649999618530273,16.649999618530273,4733.0
2024-07-03 12:09:00,CING,0.33379998803138733,0.33379998803138733,0.33390000462532043,0.33379998803138733,0.33379998803138733,1127.0
2024-07-03 12:09:00,CLDX,36.19499969482422,36.19499969482422,36.19499969482422,36.19499969482422,36.19499969482422,204.0
2024-07-03 12:09:00,CLOV,1.2450000047683716,1.2450000047683716,1.2450000047683716,1.2450000047683716,1.2450000047683716,1040.0
2024-07-03 12:09:00,CLPT,5.369999885559082,5.369999885559082,5.369999885559082,5.369999885559082,5.369999885559082,105.0
2024-07-03 12:09:00,CLRB,2.4579999446868896,2.4579999446868896,2.4579999446868896,2.4579999446868896,2.4579999446868896,200.0
2024-07-03 12:09:00,CMPS,6.21999979019165,6.21999979019165,6.21999979019165,6.21999979019165,6.21999979019165,148.0
2024-07-03 12:09:00,CMPX,0.8539999723434448,0.8539999723434448,0.8539999723434448,0.8539999723434448,0.8539999723434448,186.0
2024-07-03 12:09:00,CNSP,1.5,1.5,1.5199999809265137,1.4901000261306763,1.4996999502182007,26181.0
2024-07-03 12:09:00,COGT,8.404999732971191,8.404999732971191,8.404999732971191,8.395000457763672,8.395000457763672,1832.0
2024-07-03 12:09:00,CORT,30.3700008392334,30.3700008392334,30.399999618530273,30.3700008392334,30.399999618530273,325.0
2024-07-03 12:09:00,CRBP,50.005001068115234,50.005001068115234,50.005001068115234,50.005001068115234,50.005001068115234,122.0
2024-07-03 12:09:00,CRBU,1.5750000476837158,1.5750000476837158,1.5753999948501587,1.5750000476837158,1.5750000476837158,1956.0
2024-07-03 12:09:00,CRMD,4.144999980926514,4.144999980926514,4.144999980926514,4.144999980926514,4.144999980926514,127.0
2024-07-03 12:09:00,CRSP,53.970001220703125,53.970001220703125,53.970001220703125,53.939998626708984,53.939998626708984,2077.0
2024-07-03 12:09:00,CTKB,5.590000152587891,5.590000152587891,5.59499979019165,5.590000152587891,5.59499979019165,2105.0
2024-07-03 12:09:00,CTXR,0.5159000158309937,0.5159000158309937,0.5202999711036682,0.5159000158309937,0.5202999711036682,20746.0
2024-07-03 12:09:00,CUE,0.9937000274658203,0.9937000274658203,0.9937000274658203,0.9937000274658203,0.9937000274658203,574.0
2024-07-03 12:09:00,CUTR,1.2949999570846558,1.2949999570846558,1.2999999523162842,1.2949999570846558,1.298200011253357,2249.0
2024-07-03 12:09:00,CVAC,3.309999942779541,3.309999942779541,3.3299999237060547,3.309999942779541,3.3290998935699463,12729.0
2024-07-03 12:09:00,CYCC,1.6399999856948853,1.6399999856948853,1.6399999856948853,1.6299999952316284,1.6299999952316284,1125.0
2024-07-03 12:09:00,CYTK,54.65999984741211,54.65999984741211,54.65999984741211,54.65999984741211,54.65999984741211,370.0
2024-07-03 12:09:00,CYTO,1.1549999713897705,1.1549999713897705,1.1549999713897705,1.1549999713897705,1.1549999713897705,324.0
2024-07-03 12:09:00,DAWN,13.319999694824219,13.319999694824219,13.319999694824219,13.3100004196167,13.3100004196167,992.0
2024-07-03 12:09:00,DSGN,3.2850000858306885,3.2850000858306885,3.2850000858306885,3.2850000858306885,3.2850000858306885,224.0
2024-07-03 12:09:00,DVAX,11.085000038146973,11.085000038146973,11.085000038146973,11.079999923706055,11.079999923706055,1663.0
2024-07-03 12:09:00,DYN,34.34000015258789,34.34000015258789,34.34000015258789,34.29999923706055,34.29999923706055,622.0
2024-07-03 12:09:00,EDIT,4.635000228881836,4.635000228881836,4.635000228881836,4.630000114440918,4.630000114440918,2276.0
2024-07-03 12:09:00,EGRX,5.489999771118164,5.489999771118164,5.489999771118164,5.489999771118164,5.489999771118164,450.0
2024-07-03 12:09:00,ELEV,2.640000104904175,2.640000104904175,2.6449999809265137,2.640000104904175,2.640000104904175,2321.0
2024-07-03 12:09:00,EMBC,11.949999809265137,11.949999809265137,11.960000038146973,11.949999809265137,11.960000038146973,1259.0
2024-07-03 12:09:00,ENLV,1.2999000549316406,1.2999000549316406,1.2999000549316406,1.2999000549316406,1.2999000549316406,601.0
2024-07-03 12:09:00,ENSG,126.88999938964844,126.88999938964844,126.88999938964844,126.88999938964844,126.88999938964844,787.0
2024-07-03 12:09:00,EOLS,10.925000190734863,10.925000190734863,10.925000190734863,10.925000190734863,10.925000190734863,137.0
2024-07-03 12:09:00,EQ,0.6600000262260437,0.6600000262260437,0.6717000007629395,0.6600000262260437,0.6700999736785889,9784.0
2024-07-03 12:09:00,ERAS,2.2200000286102295,2.2200000286102295,2.2200000286102295,2.2049999237060547,2.2049999237060547,6902.0
2024-07-03 12:09:00,ESPR,2.3499999046325684,2.3499999046325684,2.3499999046325684,2.3499999046325684,2.3499999046325684,3242.0
2024-07-03 12:09:00,ETNB,7.5,7.5,7.5,7.5,7.5,380.0
2024-07-03 12:09:00,EWTX,18.1200008392334,18.1200008392334,18.140100479125977,18.1200008392334,18.1299991607666,2231.0
2024-07-03 12:09:00,EXAI,5.449999809265137,5.449999809265137,5.460000038146973,5.449999809265137,5.460000038146973,1556.0
2024-07-03 12:09:00,EXAS,43.25,43.25,43.2599983215332,43.2400016784668,43.25,3960.0
2024-07-03 12:09:00,EXEL,21.850000381469727,21.850000381469727,21.850000381469727,21.850000381469727,21.850000381469727,772.0
2024-07-03 12:09:00,EYPT,8.34000015258789,8.34000015258789,8.359999656677246,8.34000015258789,8.359999656677246,2725.0
2024-07-03 12:09:00,FATE,3.1549999713897705,3.1549999713897705,3.1549999713897705,3.1549999713897705,3.1549999713897705,1266.0
2024-07-03 12:09:00,FDMT,20.84000015258789,20.84000015258789,20.850000381469727,20.84000015258789,20.850000381469727,967.0
2024-07-03 12:09:00,FGEN,0.7167999744415283,0.7167999744415283,0.7171000242233276,0.7105000019073486,0.7109000086784363,66233.0
2024-07-03 12:09:00,FHTX,5.735000133514404,5.735000133514404,5.735000133514404,5.735000133514404,5.735000133514404,2369.0
2024-07-03 12:09:00,FOLD,9.880000114440918,9.880000114440918,9.880000114440918,9.875,9.875,696.0
2024-07-03 12:09:00,FULC,6.139999866485596,6.139999866485596,6.139999866485596,6.139999866485596,6.139999866485596,514.0
2024-07-03 12:09:00,GALT,2.1600000858306885,2.1600000858306885,2.1600000858306885,2.1600000858306885,2.1600000858306885,102.0
2024-07-03 12:09:00,GDRX,7.764999866485596,7.764999866485596,7.764999866485596,7.75,7.75,4463.0
2024-07-03 12:09:00,GERN,4.324999809265137,4.324999809265137,4.329999923706055,4.324999809265137,4.324999809265137,2680.0
2024-07-03 12:09:00,GH,28.290000915527344,28.290000915527344,28.290000915527344,28.270000457763672,28.270000457763672,723.0
2024-07-03 12:09:00,GILD,66.91000366210938,66.91000366210938,66.91999816894531,66.88999938964844,66.9000015258789,6893.0
2024-07-03 12:09:00,GLSI,16.735000610351562,16.735000610351562,16.735000610351562,16.735000610351562,16.735000610351562,178.0
2024-07-03 12:09:00,GLUE,3.75,3.75,3.75,3.75,3.75,275.0
2024-07-03 12:09:00,GLYC,0.275299996137619,0.275299996137619,0.27709999680519104,0.275299996137619,0.27709999680519104,2446.0
2024-07-03 12:09:00,GOSS,0.9544000029563904,0.9544000029563904,0.9544000029563904,0.95169997215271,0.95169997215271,2923.0
2024-07-03 12:09:00,GOVX,2.9000000953674316,2.9000000953674316,2.9200000762939453,2.9000000953674316,2.9200000762939453,12551.0
2024-07-03 12:09:00,GRFS,6.644999980926514,6.644999980926514,6.644999980926514,6.644999980926514,6.644999980926514,200.0
2024-07-03 12:09:00,GTHX,2.549999952316284,2.549999952316284,2.549999952316284,2.5450000762939453,2.5450000762939453,235.0
2024-07-03 12:09:00,HALO,52.22999954223633,52.22999954223633,52.275001525878906,52.22999954223633,52.275001525878906,1300.0
2024-07-03 12:09:00,HCAT,6.210000038146973,6.210000038146973,6.210000038146973,6.210000038146973,6.210000038146973,797.0
2024-07-03 12:09:00,HCSG,10.625,10.625,10.625,10.625,10.625,355.0
2024-07-03 12:09:00,HCTI,0.4749999940395355,0.4749999940395355,0.4749999940395355,0.4749999940395355,0.4749999940395355,115.0
2024-07-03 12:09:00,HCWB,0.6201000213623047,0.6201000213623047,0.6201000213623047,0.6201000213623047,0.6201000213623047,307.0
2024-07-03 12:09:00,HITI,2.139899969100952,2.139899969100952,2.139899969100952,2.139899969100952,2.139899969100952,267.0
2024-07-03 12:09:00,HOLX,73.16500091552734,73.16500091552734,73.16500091552734,73.13999938964844,73.16000366210938,3541.0
2024-07-03 12:09:00,HRMY,30.545000076293945,30.545000076293945,30.545000076293945,30.545000076293945,30.545000076293945,490.0
2024-07-03 12:09:00,HROW,21.592500686645508,21.592500686645508,21.592500686645508,21.592500686645508,21.592500686645508,265.0
2024-07-03 12:09:00,HRTX,2.7500998973846436,2.7500998973846436,2.7500998973846436,2.7304999828338623,2.7304999828338623,17658.0
2024-07-03 12:09:00,HSIC,65.0,65.0,65.02999877929688,65.0,65.01499938964844,2141.0
2024-07-03 12:09:00,HSTM,27.479999542236328,27.479999542236328,27.479999542236328,27.479999542236328,27.479999542236328,207.0
2024-07-03 12:09:00,HUMA,5.730000019073486,5.730000019073486,5.730000019073486,5.715000152587891,5.715000152587891,15777.0
2024-07-03 12:09:00,IART,28.440000534057617,28.440000534057617,28.459999084472656,28.440000534057617,28.459999084472656,2147.0
2024-07-03 12:09:00,IBRX,6.284999847412109,6.284999847412109,6.284999847412109,6.284999847412109,6.284999847412109,836.0
2024-07-03 12:09:00,ICAD,1.2300000190734863,1.2300000190734863,1.2300000190734863,1.2300000190734863,1.2300000190734863,6452.0
2024-07-03 12:09:00,ICLR,317.95001220703125,317.95001220703125,317.95001220703125,317.95001220703125,317.95001220703125,887.0
2024-07-03 12:09:00,IDXX,477.0199890136719,477.0199890136719,477.07000732421875,477.0199890136719,477.07000732421875,603.0
2024-07-03 12:09:00,IINN,1.3880000114440918,1.3880000114440918,1.3880000114440918,1.3880000114440918,1.3880000114440918,100.0
2024-07-03 12:09:00,IKNA,1.649999976158142,1.649999976158142,1.649999976158142,1.649999976158142,1.649999976158142,915.0
2024-07-03 12:09:00,ILMN,105.81999969482422,105.81999969482422,105.9000015258789,105.76000213623047,105.87000274658203,5261.0
2024-07-03 12:09:00,IMAB,1.5298999547958374,1.5298999547958374,1.5299999713897705,1.5298999547958374,1.5299999713897705,5105.0
2024-07-03 12:09:00,IMCR,36.095001220703125,36.095001220703125,36.095001220703125,36.08000183105469,36.09000015258789,511.0
2024-07-03 12:09:00,IMMX,2.390000104904175,2.390000104904175,2.3991000652313232,2.390000104904175,2.3949999809265137,3824.0
2024-07-03 12:09:00,IMUX,1.1399999856948853,1.1399999856948853,1.1399999856948853,1.1399999856948853,1.1399999856948853,105.0
2024-07-03 12:09:00,IMVT,26.049999237060547,26.049999237060547,26.049999237060547,26.010000228881836,26.010000228881836,4812.0
2024-07-03 12:09:00,INBX,13.079999923706055,13.079999923706055,13.085000038146973,13.079999923706055,13.085000038146973,417.0
2024-07-03 12:09:00,INCY,57.810001373291016,57.810001373291016,57.81999969482422,57.790000915527344,57.79999923706055,7070.0
2024-07-03 12:09:00,INMD,17.565000534057617,17.565000534057617,17.565000534057617,17.559999465942383,17.559999465942383,727.0
2024-07-03 12:09:00,INSM,61.935001373291016,61.935001373291016,62.02000045776367,61.91999816894531,62.01020050048828,14806.0
2024-07-03 12:09:00,IONS,44.880001068115234,44.880001068115234,44.880001068115234,44.86000061035156,44.880001068115234,552.0
2024-07-03 12:09:00,IOVA,7.530099868774414,7.530099868774414,7.539999961853027,7.519800186157227,7.519999980926514,21513.0
2024-07-03 12:09:00,IRWD,6.135000228881836,6.135000228881836,6.135000228881836,6.135000228881836,6.135000228881836,452.0
2024-07-03 12:09:00,ISRG,434.1199951171875,434.1199951171875,434.1199951171875,434.1199951171875,434.1199951171875,542.0
2024-07-03 12:09:00,ITCI,68.3550033569336,68.3550033569336,68.3550033569336,68.3550033569336,68.3550033569336,236.0
2024-07-03 12:09:00,IVVD,1.0950000286102295,1.0950000286102295,1.0950000286102295,1.090399980545044,1.090399980545044,609.0
2024-07-03 12:09:00,JANX,38.04999923706055,38.04999923706055,38.04999923706055,38.04999923706055,38.04999923706055,278.0
2024-07-03 12:09:00,JAZZ,103.91999816894531,103.91999816894531,103.91999816894531,103.91999816894531,103.91999816894531,1379.0
2024-07-03 12:09:00,KALA,6.869999885559082,6.869999885559082,6.869999885559082,6.789999961853027,6.800000190734863,2661.0
2024-07-03 12:09:00,KMDA,5.139999866485596,5.139999866485596,5.150000095367432,5.139999866485596,5.150000095367432,5273.0
2024-07-03 12:09:00,KRMD,2.440000057220459,2.440000057220459,2.440000057220459,2.440000057220459,2.440000057220459,302.0
2024-07-03 12:09:00,KROS,42.43000030517578,42.43000030517578,42.43000030517578,42.43000030517578,42.43000030517578,386.0
2024-07-03 12:09:00,KRYS,176.6199951171875,176.6199951171875,176.6300048828125,176.6199951171875,176.6300048828125,1251.0
2024-07-03 12:09:00,KTRA,0.28839999437332153,0.28839999437332153,0.28839999437332153,0.28839999437332153,0.28839999437332153,1275.0
2024-07-03 12:09:00,KURA,20.209999084472656,20.209999084472656,20.209999084472656,20.209999084472656,20.209999084472656,815.0
2024-07-03 12:09:00,KZIA,0.2102999985218048,0.2102999985218048,0.2102999985218048,0.2102999985218048,0.2102999985218048,600.0
2024-07-03 12:09:00,KZR,0.5769000053405762,0.5769000053405762,0.5769000053405762,0.5763000249862671,0.5763000249862671,606.0
2024-07-03 12:09:00,LAB,1.8300000429153442,1.8300000429153442,1.8300000429153442,1.8250000476837158,1.8300000429153442,1774.0
2024-07-03 12:09:00,LBPH,32.20000076293945,32.20000076293945,32.20000076293945,32.20000076293945,32.20000076293945,1542.0
2024-07-03 12:09:00,LEGN,46.15999984741211,46.15999984741211,46.15999984741211,46.13999938964844,46.13999938964844,1117.0
2024-07-03 12:09:00,LFMD,6.730000019073486,6.730000019073486,6.730000019073486,6.730000019073486,6.730000019073486,379.0
2024-07-03 12:09:00,LNTH,79.73999786376953,79.73999786376953,79.7479019165039,79.73999786376953,79.74500274658203,773.0
2024-07-03 12:09:00,LPTX,1.7999999523162842,1.7999999523162842,1.7999999523162842,1.7999999523162842,1.7999999523162842,840.0
2024-07-03 12:09:00,LUCD,0.7620000243186951,0.7620000243186951,0.7620000243186951,0.7620000243186951,0.7620000243186951,120.0
2024-07-03 12:09:00,LUCY,0.4722000062465668,0.4722000062465668,0.4722000062465668,0.4699999988079071,0.47049999237060547,13572.0
2024-07-03 12:09:00,LYRA,0.2858000099658966,0.2858000099658966,0.2858000099658966,0.2858000099658966,0.2858000099658966,2120.0
2024-07-03 12:09:00,MASS,4.880000114440918,4.880000114440918,4.880000114440918,4.880000114440918,4.880000114440918,128.0
2024-07-03 12:09:00,MBIO,0.5008000135421753,0.5008000135421753,0.5008999705314636,0.49799999594688416,0.5008999705314636,2640.0
2024-07-03 12:09:00,MDXG,6.764999866485596,6.764999866485596,6.764999866485596,6.764999866485596,6.764999866485596,215.0
2024-07-03 12:09:00,ME,0.413100004196167,0.413100004196167,0.413100004196167,0.4124999940395355,0.41280001401901245,481.0
2024-07-03 12:09:00,MGNX,4.190000057220459,4.190000057220459,4.190000057220459,4.190000057220459,4.190000057220459,569.0
2024-07-03 12:09:00,MGTX,3.990000009536743,3.990000009536743,3.990000009536743,3.990000009536743,3.990000009536743,275.0
2024-07-03 12:09:00,MIRM,33.93000030517578,33.93000030517578,33.93000030517578,33.93000030517578,33.93000030517578,288.0
2024-07-03 12:09:00,MLTX,41.400001525878906,41.400001525878906,41.400001525878906,41.38999938964844,41.38999938964844,301.0
2024-07-03 12:09:00,MMSI,86.04000091552734,86.04000091552734,86.04000091552734,85.94000244140625,85.94000244140625,993.0
2024-07-03 12:09:00,MNKD,5.010000228881836,5.010000228881836,5.014999866485596,5.010000228881836,5.014999866485596,798.0
2024-07-03 12:09:00,MNMD,7.184999942779541,7.184999942779541,7.184999942779541,7.170000076293945,7.170000076293945,2476.0
2024-07-03 12:09:00,MOR,18.209999084472656,18.209999084472656,18.209999084472656,18.209999084472656,18.209999084472656,1418.0
2024-07-03 12:09:00,MRNA,115.875,115.875,115.93000030517578,115.79000091552734,115.80500030517578,8203.0
2024-07-03 12:09:00,MRSN,1.8600000143051147,1.8600000143051147,1.8600000143051147,1.8550000190734863,1.8550000190734863,547.0
2024-07-03 12:09:00,MRUS,52.53499984741211,52.53499984741211,52.53499984741211,52.53499984741211,52.53499984741211,211.0
2024-07-03 12:09:00,MRVI,6.985000133514404,6.985000133514404,6.989999771118164,6.96999979019165,6.96999979019165,5829.0
2024-07-03 12:09:00,MXCT,3.694999933242798,3.694999933242798,3.700000047683716,3.694999933242798,3.694999933242798,322.0
2024-07-03 12:09:00,MYGN,25.0,25.0,25.010000228881836,25.0,25.010000228881836,1277.0
2024-07-03 12:09:00,NARI,49.69499969482422,49.69499969482422,49.69499969482422,49.689998626708984,49.689998626708984,949.0
2024-07-03 12:09:00,NBIX,138.0800018310547,138.0800018310547,138.0800018310547,138.0800018310547,138.0800018310547,498.0
2024-07-03 12:09:00,NDRA,0.09799999743700027,0.09799999743700027,0.10100000351667404,0.09799999743700027,0.10040000081062317,110547.0
2024-07-03 12:09:00,NEO,13.710000038146973,13.710000038146973,13.729999542236328,13.710000038146973,13.729999542236328,1664.0
2024-07-03 12:09:00,NEOG,15.15999984741211,15.15999984741211,15.164999961853027,15.15999984741211,15.15999984741211,2879.0
2024-07-03 12:09:00,NKTR,1.2699999809265137,1.2699999809265137,1.2699999809265137,1.2699999809265137,1.2699999809265137,2017.0
2024-07-03 12:09:00,NLSP,0.2029999941587448,0.2029999941587448,0.2029999941587448,0.20149999856948853,0.20149999856948853,2474.0
2024-07-03 12:09:00,NOTV,1.6505000591278076,1.6505000591278076,1.6505000591278076,1.6505000591278076,1.6505000591278076,1002.0
2024-07-03 12:09:00,NRBO,4.619999885559082,4.619999885559082,4.619999885559082,4.579999923706055,4.579999923706055,320.0
2024-07-03 12:09:00,NRIX,19.559999465942383,19.559999465942383,19.639999389648438,19.559999465942383,19.600000381469727,350.0
2024-07-03 12:09:00,NTLA,22.735000610351562,22.735000610351562,22.735000610351562,22.709999084472656,22.709999084472656,1355.0
2024-07-03 12:09:00,NVAX,12.609999656677246,12.609999656677246,12.609999656677246,12.600000381469727,12.604999542236328,2019.0
2024-07-03 12:09:00,NXL,1.399999976158142,1.399999976158142,1.399999976158142,1.399999976158142,1.399999976158142,1292.0
2024-07-03 12:09:00,NXTC,1.590000033378601,1.590000033378601,1.590000033378601,1.590000033378601,1.590000033378601,100.0
2024-07-03 12:09:00,OCGN,1.6100000143051147,1.6100000143051147,1.6100000143051147,1.601199984550476,1.601199984550476,3358.0
2024-07-03 12:09:00,OCUL,6.644999980926514,6.644999980926514,6.650000095367432,6.644999980926514,6.650000095367432,454.0
2024-07-03 12:09:00,OFIX,13.470000267028809,13.470000267028809,13.470000267028809,13.470000267028809,13.470000267028809,281.0
2024-07-03 12:09:00,OLMA,10.550000190734863,10.550000190734863,10.550000190734863,10.539999961853027,10.539999961853027,506.0
2024-07-03 12:09:00,OM,3.880000114440918,3.880000114440918,3.880000114440918,3.880000114440918,3.880000114440918,1159.0
2024-07-03 12:09:00,OMER,3.865000009536743,3.865000009536743,3.865000009536743,3.865000009536743,3.865000009536743,1150.0
2024-07-03 12:09:00,OMGA,1.9299999475479126,1.9299999475479126,1.9400999546051025,1.9299999475479126,1.9400999546051025,9304.0
2024-07-03 12:10:00,ABOS,2.299999952316284,2.299999952316284,2.299999952316284,2.299999952316284,2.299999952316284,1143.0
2024-07-03 12:10:00,ABSI,3.196000099182129,3.196000099182129,3.1989998817443848,3.190000057220459,3.194999933242798,3242.0
2024-07-03 12:10:00,ACAD,15.579999923706055,15.579999923706055,15.579999923706055,15.579999923706055,15.579999923706055,549.0
2024-07-03 12:10:00,ACB,4.920000076293945,4.920000076293945,4.920000076293945,4.9197998046875,4.9197998046875,241.0
2024-07-03 12:10:00,ACCD,3.5799999237060547,3.5799999237060547,3.5850000381469727,3.5799999237060547,3.5799999237060547,13111.0
2024-07-03 12:10:00,ACHC,66.6500015258789,66.6500015258789,66.65499877929688,66.5999984741211,66.63500213623047,2738.0
2024-07-03 12:10:00,ACHV,4.519999980926514,4.519999980926514,4.519999980926514,4.519999980926514,4.519999980926514,2126.0
2024-07-03 12:10:00,ACLX,54.470001220703125,54.470001220703125,54.51499938964844,54.279998779296875,54.279998779296875,5115.0
2024-07-03 12:10:00,ACRS,1.149999976158142,1.149999976158142,1.149999976158142,1.149999976158142,1.149999976158142,1529.0
2024-07-03 12:10:00,ADMA,11.234999656677246,11.234999656677246,11.234999656677246,11.234999656677246,11.234999656677246,1030.0
2024-07-03 12:10:00,ADPT,3.3949999809265137,3.3949999809265137,3.4000000953674316,3.390000104904175,3.390000104904175,4506.0
2024-07-03 12:10:00,ADUS,117.65499877929688,117.65499877929688,117.65499877929688,117.65499877929688,117.65499877929688,831.0
2024-07-03 12:10:00,AEMD,0.4072999954223633,0.4072999954223633,0.4072999954223633,0.4072999954223633,0.4072999954223633,1000.0
2024-07-03 12:10:00,AGIO,41.939998626708984,41.939998626708984,41.939998626708984,41.88999938964844,41.88999938964844,901.0
2024-07-03 12:10:00,AHCO,9.774999618530273,9.774999618530273,9.774999618530273,9.774999618530273,9.774999618530273,531.0
2024-07-03 12:10:00,AIMD,0.9398999810218811,0.9398999810218811,0.9399999976158142,0.9147999882698059,0.9147999882698059,42619.0
2024-07-03 12:10:00,AKBA,0.949999988079071,0.949999988079071,0.949999988079071,0.949999988079071,0.949999988079071,3434.0
2024-07-03 12:10:00,AKYA,2.109999895095825,2.109999895095825,2.1175999641418457,2.109999895095825,2.1175999641418457,1428.0
2024-07-03 12:10:00,ALEC,4.434999942779541,4.434999942779541,4.440000057220459,4.434999942779541,4.440000057220459,300.0
2024-07-03 12:10:00,ALGN,242.25,242.25,242.4499969482422,242.25,242.35499572753906,1757.0
2024-07-03 12:10:00,ALHC,7.954999923706055,7.954999923706055,7.960000038146973,7.949999809265137,7.960000038146973,3843.0
2024-07-03 12:10:00,ALKS,24.190000534057617,24.190000534057617,24.190000534057617,24.174999237060547,24.174999237060547,859.0
2024-07-03 12:10:00,ALLK,0.8266000151634216,0.8266000151634216,0.8270000219345093,0.8266000151634216,0.8266000151634216,1583.0
2024-07-03 12:10:00,ALLO,2.0899999141693115,2.0899999141693115,2.0999999046325684,2.0899999141693115,2.0899999141693115,4865.0
2024-07-03 12:10:00,ALLR,0.1979999989271164,0.1979999989271164,0.2003999948501587,0.1979999989271164,0.2003999948501587,37745.0
2024-07-03 12:10:00,ALNY,246.75,246.75,246.75999450683594,246.55999755859375,246.55999755859375,2555.0
2024-07-03 12:10:00,ALT,6.670000076293945,6.670000076293945,6.675000190734863,6.670000076293945,6.675000190734863,2953.0
2024-07-03 12:10:00,AMED,96.9800033569336,96.9800033569336,96.9800033569336,96.93910217285156,96.97000122070312,7286.0
2024-07-03 12:10:00,AMGN,307.2799987792969,307.2799987792969,307.30499267578125,307.17999267578125,307.29998779296875,2994.0
2024-07-03 12:10:00,AMLX,1.7599999904632568,1.7599999904632568,1.7599999904632568,1.7599999904632568,1.7599999904632568,317.0
2024-07-03 12:10:00,AMPH,38.33000183105469,38.33000183105469,38.33000183105469,38.33000183105469,38.33000183105469,529.0
2024-07-03 12:10:00,ANAB,25.0,25.0,25.03499984741211,25.0,25.03499984741211,713.0
2024-07-03 12:10:00,ANIK,25.559999465942383,25.559999465942383,25.559999465942383,25.559999465942383,25.559999465942383,168.0
2024-07-03 12:10:00,ANNX,4.795000076293945,4.795000076293945,4.800000190734863,4.795000076293945,4.800000190734863,2880.0
2024-07-03 12:10:00,APLT,4.340000152587891,4.340000152587891,4.340000152587891,4.340000152587891,4.340000152587891,137.0
2024-07-03 12:10:00,AQST,2.440000057220459,2.440000057220459,2.440000057220459,2.440000057220459,2.440000057220459,539.0
2024-07-03 12:10:00,ARAY,1.7300000190734863,1.7300000190734863,1.7300000190734863,1.7300000190734863,1.7300000190734863,2570.0
2024-07-03 12:10:00,ARCT,21.450000762939453,21.450000762939453,21.450000762939453,21.450000762939453,21.450000762939453,212.0
2024-07-03 12:10:00,ARDX,5.280099868774414,5.280099868774414,5.284999847412109,5.264999866485596,5.275000095367432,36521.0
2024-07-03 12:10:00,ARGX,435.010009765625,435.010009765625,435.010009765625,435.010009765625,435.010009765625,228.0
2024-07-03 12:10:00,ARQT,9.579999923706055,9.579999923706055,9.579999923706055,9.555000305175781,9.5649995803833,3755.0
2024-07-03 12:10:00,ARVN,23.889999389648438,23.889999389648438,23.899999618530273,23.8799991607666,23.8799991607666,768.0
2024-07-03 12:10:00,ASRT,1.3300000429153442,1.3300000429153442,1.3300000429153442,1.3250000476837158,1.3250000476837158,947.0
2024-07-03 12:10:00,ATAI,1.2899999618530273,1.2899999618530273,1.2899999618530273,1.2899999618530273,1.2899999618530273,0.0
2024-07-03 12:10:00,ATEC,10.015000343322754,10.015000343322754,10.015000343322754,10.015000343322754,10.015000343322754,200.0
2024-07-03 12:10:00,ATNF,1.6399999856948853,1.6399999856948853,1.6399999856948853,1.6198999881744385,1.6198999881744385,2000.0
2024-07-03 12:10:00,ATOS,1.159999966621399,1.159999966621399,1.159999966621399,1.159999966621399,1.159999966621399,1156.0
2024-07-03 12:10:00,ATRC,22.329999923706055,22.329999923706055,22.329999923706055,22.31999969482422,22.31999969482422,403.0
2024-07-03 12:10:00,ATRI,452.30499267578125,452.30499267578125,452.30499267578125,452.30499267578125,452.30499267578125,479.0
2024-07-03 12:10:00,AUGX,1.0,1.0,1.0,1.0,1.0,1078.0
2024-07-03 12:10:00,AVTE,1.684999942779541,1.684999942779541,1.684999942779541,1.6799999475479126,1.6799999475479126,14001.0
2024-07-03 12:10:00,AVXL,4.150000095367432,4.150000095367432,4.150000095367432,4.150000095367432,4.150000095367432,2084.0
2024-07-03 12:10:00,AXGN,7.510000228881836,7.510000228881836,7.519999980926514,7.510000228881836,7.519999980926514,889.0
2024-07-03 12:10:00,AXNX,67.47000122070312,67.47000122070312,67.5199966430664,67.47000122070312,67.5199966430664,717.0
2024-07-03 12:10:00,AXSM,79.55000305175781,79.55000305175781,79.55000305175781,79.54000091552734,79.54000091552734,837.0
2024-07-03 12:10:00,AZN,76.65499877929688,76.65499877929688,76.65750122070312,76.63999938964844,76.6449966430664,10838.0
2024-07-03 12:10:00,BBIO,25.3799991607666,25.3799991607666,25.385000228881836,25.3700008392334,25.385000228881836,1667.0
2024-07-03 12:10:00,BCAB,1.3949999809265137,1.3949999809265137,1.399999976158142,1.3949999809265137,1.399999976158142,1517.0
2024-07-03 12:10:00,BCLI,0.34619998931884766,0.34619998931884766,0.34619998931884766,0.34619998931884766,0.34619998931884766,2414.0
2024-07-03 12:10:00,BCRX,6.454999923706055,6.454999923706055,6.454999923706055,6.454999923706055,6.454999923706055,561.0
2024-07-03 12:10:00,BEAM,23.549999237060547,23.549999237060547,23.549999237060547,23.549999237060547,23.549999237060547,1507.0
2024-07-03 12:10:00,BGNE,148.33999633789062,148.33999633789062,148.33999633789062,148.33999633789062,148.33999633789062,2799.0
2024-07-03 12:10:00,BGXX,0.26339998841285706,0.26339998841285706,0.26339998841285706,0.26339998841285706,0.26339998841285706,3000.0
2024-07-03 12:10:00,BIMI,1.2649999856948853,1.2649999856948853,1.2649999856948853,1.2649999856948853,1.2649999856948853,894.0
2024-07-03 12:10:00,BJDX,0.6349999904632568,0.6349999904632568,0.6349999904632568,0.6349999904632568,0.6349999904632568,27521.0
2024-07-03 12:10:00,BLFS,20.019899368286133,20.019899368286133,20.019899368286133,20.019899368286133,20.019899368286133,472.0
2024-07-03 12:10:00,BLUE,0.9218000173568726,0.9218000173568726,0.9218999743461609,0.9208999872207642,0.9218999743461609,16305.0
2024-07-03 12:10:00,BMEA,4.34499979019165,4.34499979019165,4.34499979019165,4.34499979019165,4.34499979019165,192.0
2024-07-03 12:10:00,BMRN,80.83000183105469,80.83000183105469,80.86499786376953,80.79000091552734,80.86499786376953,5907.0
2024-07-03 12:10:00,BNGO,0.5735999941825867,0.5735999941825867,0.5735999941825867,0.5735999941825867,0.5735999941825867,43.0
2024-07-03 12:10:00,BNTX,80.05860137939453,80.05860137939453,80.05860137939453,80.05860137939453,80.05860137939453,151.0
2024-07-03 12:10:00,BPMC,111.04000091552734,111.04000091552734,111.05000305175781,110.93879699707031,110.93879699707031,2249.0
2024-07-03 12:10:00,BRKR,61.439998626708984,61.439998626708984,61.439998626708984,61.439998626708984,61.439998626708984,924.0
2024-07-03 12:10:00,BTAI,1.0800000429153442,1.0800000429153442,1.090000033378601,1.0800000429153442,1.0800000429153442,12607.0
2024-07-03 12:10:00,BVS,5.980000019073486,5.980000019073486,5.980000019073486,5.96999979019165,5.974999904632568,2018.0
2024-07-03 12:10:00,CABA,7.519999980926514,7.519999980926514,7.519999980926514,7.510000228881836,7.510000228881836,1353.0
2024-07-03 12:10:00,CADL,6.300000190734863,6.300000190734863,6.300000190734863,6.289999961853027,6.289999961853027,949.0
2024-07-03 12:10:00,CAPR,4.800000190734863,4.800000190734863,4.800000190734863,4.760000228881836,4.800000190734863,15747.0
2024-07-03 12:10:00,CARA,0.289000004529953,0.289000004529953,0.289000004529953,0.289000004529953,0.289000004529953,3103.0
2024-07-03 12:10:00,CCCC,4.599999904632568,4.599999904632568,4.599999904632568,4.590000152587891,4.590000152587891,1019.0
2024-07-03 12:10:00,CCRN,13.65999984741211,13.65999984741211,13.670000076293945,13.65999984741211,13.670000076293945,988.0
2024-07-03 12:10:00,CDMO,7.815000057220459,7.815000057220459,7.815000057220459,7.809999942779541,7.809999942779541,3651.0
2024-07-03 12:10:00,CDXS,2.880000114440918,2.880000114440918,2.880000114440918,2.880000114440918,2.880000114440918,756.0
2024-07-03 12:10:00,CELC,16.225000381469727,16.225000381469727,16.225000381469727,16.219999313354492,16.219999313354492,613.0
2024-07-03 12:10:00,CERE,39.69499969482422,39.69499969482422,39.709999084472656,39.68000030517578,39.68000030517578,31929.0
2024-07-03 12:10:00,CERS,1.7200000286102295,1.7200000286102295,1.7200000286102295,1.7200000286102295,1.7200000286102295,1327.0
2024-07-03 12:10:00,CERT,13.770000457763672,13.770000457763672,13.779999732971191,13.770000457763672,13.779999732971191,806.0
2024-07-03 12:10:00,CGC,6.565000057220459,6.565000057220459,6.565000057220459,6.554999828338623,6.554999828338623,1183.0
2024-07-03 12:10:00,CGEN,1.684999942779541,1.684999942779541,1.690000057220459,1.6699999570846558,1.6699999570846558,6693.0
2024-07-03 12:10:00,CHRS,1.3899999856948853,1.3899999856948853,1.3899999856948853,1.3899999856948853,1.3899999856948853,1610.0
2024-07-03 12:10:00,CLOV,1.2549999952316284,1.2549999952316284,1.2549999952316284,1.2450000047683716,1.25,97579.0
2024-07-03 12:10:00,CMPS,6.235000133514404,6.235000133514404,6.235000133514404,6.21999979019165,6.21999979019165,352.0
2024-07-03 12:10:00,CMPX,0.8500000238418579,0.8500000238418579,0.8500000238418579,0.8465999960899353,0.8472999930381775,7190.0
2024-07-03 12:10:00,CNSP,1.4950000047683716,1.4950000047683716,1.5199999809265137,1.4900000095367432,1.49399995803833,28903.0
2024-07-03 12:10:00,CNTX,1.7999999523162842,1.7999999523162842,1.7999999523162842,1.7999999523162842,1.7999999523162842,939.0
2024-07-03 12:10:00,CODX,1.2799999713897705,1.2799999713897705,1.2799999713897705,1.2799999713897705,1.2799999713897705,222.0
2024-07-03 12:10:00,COGT,8.420000076293945,8.420000076293945,8.420000076293945,8.404999732971191,8.404999732971191,508.0
2024-07-03 12:10:00,CORT,30.429500579833984,30.429500579833984,30.429500579833984,30.429500579833984,30.429500579833984,376.0
2024-07-03 12:10:00,COSM,0.9200000166893005,0.9200000166893005,0.9200000166893005,0.9100000262260437,0.9100000262260437,9104.0
2024-07-03 12:10:00,CPRX,15.430000305175781,15.430000305175781,15.430000305175781,15.430000305175781,15.430000305175781,337.0
2024-07-03 12:10:00,CRBP,49.915000915527344,49.915000915527344,50.0,49.915000915527344,50.0,1321.0
2024-07-03 12:10:00,CRBU,1.5750000476837158,1.5750000476837158,1.5750000476837158,1.5700000524520874,1.5750000476837158,1222.0
2024-07-03 12:10:00,CRSP,54.04999923706055,54.04999923706055,54.04999923706055,53.97999954223633,53.97999954223633,1730.0
2024-07-03 12:10:00,CSTL,21.010000228881836,21.010000228881836,21.010000228881836,21.010000228881836,21.010000228881836,820.0
2024-07-03 12:10:00,CTKB,5.59499979019165,5.59499979019165,5.59499979019165,5.59499979019165,5.59499979019165,3308.0
2024-07-03 12:10:00,CTMX,1.309999942779541,1.309999942779541,1.309999942779541,1.309999942779541,1.309999942779541,0.0
2024-07-03 12:10:00,CUTR,1.2918000221252441,1.2918000221252441,1.2994999885559082,1.2918000221252441,1.2994999885559082,1062.0
2024-07-03 12:10:00,CVAC,3.305000066757202,3.305000066757202,3.315000057220459,3.305000066757202,3.315000057220459,17715.0
2024-07-03 12:10:00,CYTK,54.6349983215332,54.6349983215332,54.65999984741211,54.61000061035156,54.65999984741211,966.0
2024-07-03 12:10:00,CYTO,1.149999976158142,1.149999976158142,1.1549999713897705,1.149999976158142,1.1549999713897705,13355.0
2024-07-03 12:10:00,DAWN,13.34000015258789,13.34000015258789,13.34000015258789,13.319999694824219,13.319999694824219,1843.0
2024-07-03 12:10:00,DCGO,2.9549999237060547,2.9549999237060547,2.9549999237060547,2.950000047683716,2.950000047683716,418.0
2024-07-03 12:10:00,DCTH,7.934999942779541,7.934999942779541,7.934999942779541,7.934999942779541,7.934999942779541,155.0
2024-07-03 12:10:00,DERM,5.199999809265137,5.199999809265137,5.199999809265137,5.190000057220459,5.190000057220459,1528.0
2024-07-03 12:10:00,DH,5.400000095367432,5.400000095367432,5.400000095367432,5.389999866485596,5.389999866485596,771.0
2024-07-03 12:10:00,DNLI,21.385000228881836,21.385000228881836,21.385000228881836,21.360000610351562,21.360000610351562,315.0
2024-07-03 12:10:00,DVAX,11.085000038146973,11.085000038146973,11.085000038146973,11.079999923706055,11.085000038146973,2477.0
2024-07-03 12:10:00,DXCM,111.0,111.0,111.0,111.0,111.0,547.0
2024-07-03 12:10:00,DYN,34.29999923706055,34.29999923706055,34.29999923706055,34.29999923706055,34.29999923706055,796.0
2024-07-03 12:10:00,EDIT,4.635000228881836,4.635000228881836,4.635000228881836,4.635000228881836,4.635000228881836,440.0
2024-07-03 12:10:00,EGRX,5.489999771118164,5.489999771118164,5.489999771118164,5.430799961090088,5.430799961090088,663.0
2024-07-03 12:10:00,ELEV,2.634999990463257,2.634999990463257,2.634999990463257,2.634999990463257,2.634999990463257,177.0
2024-07-03 12:10:00,ELOX,0.7200000286102295,0.7200000286102295,0.7200000286102295,0.7200000286102295,0.7200000286102295,0.0
2024-07-03 12:10:00,EMBC,11.949999809265137,11.949999809265137,11.949999809265137,11.949999809265137,11.949999809265137,888.0
2024-07-03 12:10:00,ENLV,1.2999999523162842,1.2999999523162842,1.2999999523162842,1.2999999523162842,1.2999999523162842,1158.0
2024-07-03 12:10:00,ENSG,126.9000015258789,126.9000015258789,126.9000015258789,126.82499694824219,126.82499694824219,759.0
2024-07-03 12:10:00,EOLS,10.920000076293945,10.920000076293945,10.925000190734863,10.920000076293945,10.925000190734863,405.0
2024-07-03 12:10:00,ERAS,2.2200000286102295,2.2200000286102295,2.2200000286102295,2.2149999141693115,2.2200000286102295,766.0
2024-07-03 12:10:00,ESPR,2.3450000286102295,2.3450000286102295,2.3499999046325684,2.3450000286102295,2.3499999046325684,1031.0
2024-07-03 12:10:00,ETNB,7.489999771118164,7.489999771118164,7.489999771118164,7.489999771118164,7.489999771118164,211.0
2024-07-03 12:10:00,EXAI,5.460000038146973,5.460000038146973,5.46999979019165,5.460000038146973,5.465000152587891,1322.0
2024-07-03 12:10:00,EXAS,43.2599983215332,43.2599983215332,43.27000045776367,43.2400016784668,43.27000045776367,3838.0
2024-07-03 12:10:00,EXEL,21.854999542236328,21.854999542236328,21.854999542236328,21.851499557495117,21.854999542236328,1838.0
2024-07-03 12:10:00,EYEN,0.7829999923706055,0.7829999923706055,0.7829999923706055,0.7829999923706055,0.7829999923706055,1000.0
2024-07-03 12:10:00,EYPT,8.354999542236328,8.354999542236328,8.354999542236328,8.354999542236328,8.354999542236328,140.0
2024-07-03 12:10:00,FATE,3.1649999618530273,3.1649999618530273,3.1700000762939453,3.1600000858306885,3.1600000858306885,6026.0
2024-07-03 12:10:00,FBIO,1.7799999713897705,1.7799999713897705,1.7799999713897705,1.7799999713897705,1.7799999713897705,1.0
2024-07-03 12:10:00,FGEN,0.718500018119812,0.718500018119812,0.718500018119812,0.7171000242233276,0.7171000242233276,763.0
2024-07-03 12:10:00,FLGT,20.06450080871582,20.06450080871582,20.06450080871582,20.06450080871582,20.06450080871582,611.0
2024-07-03 12:10:00,FULC,6.135000228881836,6.135000228881836,6.135000228881836,6.135000228881836,6.135000228881836,786.0
2024-07-03 12:10:00,GALT,2.1600000858306885,2.1600000858306885,2.1600000858306885,2.1600000858306885,2.1600000858306885,101.0
2024-07-03 12:10:00,GDRX,7.760000228881836,7.760000228881836,7.760000228881836,7.760000228881836,7.760000228881836,161.0
2024-07-03 12:10:00,GERN,4.335000038146973,4.335000038146973,4.335000038146973,4.329999923706055,4.329999923706055,15337.0
2024-07-03 12:10:00,GH,28.28499984741211,28.28499984741211,28.28499984741211,28.28499984741211,28.28499984741211,855.0
2024-07-03 12:10:00,GILD,66.92050170898438,66.92050170898438,66.94499969482422,66.91500091552734,66.91500091552734,6204.0
2024-07-03 12:10:00,GLUE,3.759999990463257,3.759999990463257,3.759999990463257,3.759999990463257,3.759999990463257,600.0
2024-07-03 12:10:00,GLYC,0.27709999680519104,0.27709999680519104,0.27709999680519104,0.27709999680519104,0.27709999680519104,0.0
2024-07-03 12:10:00,GMAB,25.149999618530273,25.149999618530273,25.15999984741211,25.149999618530273,25.15999984741211,300.0
2024-07-03 12:10:00,GOSS,0.9542999863624573,0.9542999863624573,0.9544000029563904,0.9542999863624573,0.9544000029563904,17991.0
2024-07-03 12:10:00,GRFS,6.650000095367432,6.650000095367432,6.650000095367432,6.644999980926514,6.644999980926514,341.0
2024-07-03 12:10:00,GRTS,0.5802000164985657,0.5802000164985657,0.5802000164985657,0.5788999795913696,0.5792999863624573,6577.0
2024-07-03 12:10:00,GTHX,2.549999952316284,2.549999952316284,2.549999952316284,2.5450000762939453,2.5450000762939453,978.0
2024-07-03 12:10:00,HALO,52.18000030517578,52.18000030517578,52.21500015258789,52.18000030517578,52.189998626708984,2433.0
2024-07-03 12:10:00,HOLX,73.13999938964844,73.13999938964844,73.16000366210938,73.13999938964844,73.16000366210938,3409.0
2024-07-03 12:10:00,HOOK,0.5863999724388123,0.5863999724388123,0.5863999724388123,0.5863999724388123,0.5863999724388123,403.0
2024-07-03 12:10:00,HOWL,2.0399999618530273,2.0399999618530273,2.0399999618530273,2.0299999713897705,2.0299999713897705,2858.0
2024-07-03 12:10:00,HQY,83.55999755859375,83.55999755859375,83.55999755859375,83.48999786376953,83.48999786376953,1211.0
2024-07-03 12:10:00,HRTX,2.755000114440918,2.755000114440918,2.755000114440918,2.755000114440918,2.755000114440918,296.0
2024-07-03 12:10:00,HSIC,65.01499938964844,65.01499938964844,65.01499938964844,65.0,65.0,808.0
2024-07-03 12:10:00,HSTM,27.469999313354492,27.469999313354492,27.469999313354492,27.469999313354492,27.469999313354492,562.0
2024-07-03 12:10:00,HUMA,5.739999771118164,5.739999771118164,5.744999885559082,5.730000019073486,5.730000019073486,13604.0
2024-07-03 12:10:00,HYPR,1.0,1.0,1.0,1.0,1.0,225.0
2024-07-03 12:10:00,IART,28.469999313354492,28.469999313354492,28.469999313354492,28.420000076293945,28.420000076293945,3367.0
2024-07-03 12:10:00,IBRX,6.289999961853027,6.289999961853027,6.295000076293945,6.289999961853027,6.291399955749512,3370.0
2024-07-03 12:10:00,ICLR,317.989990234375,317.989990234375,318.0,317.989990234375,318.0,810.0
2024-07-03 12:10:00,ICUI,117.73999786376953,117.73999786376953,117.73999786376953,117.73999786376953,117.73999786376953,310.0
2024-07-03 12:10:00,IDYA,33.40999984741211,33.40999984741211,33.40999984741211,33.3849983215332,33.3849983215332,1466.0
2024-07-03 12:10:00,IGMS,6.52269983291626,6.52269983291626,6.52269983291626,6.462500095367432,6.462500095367432,607.0
2024-07-03 12:10:00,IINN,1.3799999952316284,1.3799999952316284,1.3799999952316284,1.3799999952316284,1.3799999952316284,100.0
2024-07-03 12:10:00,ILMN,105.75,105.75,105.83740234375,105.75,105.77999877929688,1019.0
2024-07-03 12:10:00,IMCR,36.02000045776367,36.02000045776367,36.095001220703125,36.02000045776367,36.095001220703125,1023.0
2024-07-03 12:10:00,IMMP,1.9800000190734863,1.9800000190734863,1.9800000190734863,1.9800000190734863,1.9800000190734863,516.0
2024-07-03 12:10:00,IMMX,2.390000104904175,2.390000104904175,2.390000104904175,2.390000104904175,2.390000104904175,600.0
2024-07-03 12:10:00,IMNM,11.989999771118164,11.989999771118164,11.989999771118164,11.989999771118164,11.989999771118164,432.0
2024-07-03 12:10:00,IMRX,1.1299999952316284,1.1299999952316284,1.1299999952316284,1.125,1.125,350.0
2024-07-03 12:10:00,IMVT,26.020000457763672,26.020000457763672,26.06999969482422,26.0,26.059999465942383,3216.0
2024-07-03 12:10:00,INBX,13.079999923706055,13.079999923706055,13.079999923706055,13.079999923706055,13.079999923706055,300.0
2024-07-03 12:10:00,INCY,57.790000915527344,57.790000915527344,57.790000915527344,57.790000915527344,57.790000915527344,1933.0
2024-07-03 12:10:00,INMD,17.559999465942383,17.559999465942383,17.56999969482422,17.559999465942383,17.559999465942383,1209.0
2024-07-03 12:10:00,INO,8.460000038146973,8.460000038146973,8.460000038146973,8.460000038146973,8.460000038146973,838.0
2024-07-03 12:10:00,INSM,61.93370056152344,61.93370056152344,61.935001373291016,61.91999816894531,61.935001373291016,2403.0
2024-07-03 12:10:00,INVA,16.295000076293945,16.295000076293945,16.295000076293945,16.295000076293945,16.295000076293945,101.0
2024-07-03 12:10:00,IONS,44.849998474121094,44.849998474121094,44.880001068115234,44.849998474121094,44.86000061035156,3058.0
2024-07-03 12:10:00,IOVA,7.510000228881836,7.510000228881836,7.53000020980835,7.510000228881836,7.53000020980835,5153.0
2024-07-03 12:10:00,IRWD,6.135000228881836,6.135000228881836,6.139999866485596,6.135000228881836,6.135000228881836,1758.0
2024-07-03 12:10:00,ISRG,434.1449890136719,434.1449890136719,434.1449890136719,433.989990234375,433.989990234375,2011.0
2024-07-03 12:10:00,ITCI,68.36000061035156,68.36000061035156,68.4000015258789,68.36000061035156,68.38999938964844,2189.0
2024-07-03 12:10:00,KIDS,29.809999465942383,29.809999465942383,29.809999465942383,29.809999465942383,29.809999465942383,122.0
2024-07-03 12:10:00,KMDA,5.150000095367432,5.150000095367432,5.150000095367432,5.150000095367432,5.150000095367432,892.0
2024-07-03 12:10:00,KOD,2.2100000381469727,2.2100000381469727,2.2100000381469727,2.2100000381469727,2.2100000381469727,200.0
2024-07-03 12:10:00,KRMD,2.4600000381469727,2.4600000381469727,2.4600000381469727,2.4600000381469727,2.4600000381469727,230.0
2024-07-03 12:10:00,KROS,42.48500061035156,42.48500061035156,42.48500061035156,42.48500061035156,42.48500061035156,119.0
2024-07-03 12:10:00,KRYS,176.66000366210938,176.66000366210938,176.7899932861328,176.66000366210938,176.66000366210938,1254.0
2024-07-03 12:10:00,KTRA,0.287200003862381,0.287200003862381,0.287200003862381,0.287200003862381,0.287200003862381,477.0
2024-07-03 12:10:00,KYMR,30.219999313354492,30.219999313354492,30.219999313354492,30.18000030517578,30.219999313354492,2182.0
2024-07-03 12:10:00,KZIA,0.20999999344348907,0.20999999344348907,0.2126999944448471,0.20999999344348907,0.2126999944448471,25995.0
2024-07-03 12:10:00,KZR,0.5769000053405762,0.5769000053405762,0.5769000053405762,0.5769000053405762,0.5769000053405762,1296.0
2024-07-03 12:10:00,LAB,1.8300000429153442,1.8300000429153442,1.8300000429153442,1.8250000476837158,1.8250000476837158,3184.0
2024-07-03 12:10:00,LEGN,46.22999954223633,46.22999954223633,46.22999954223633,46.22999954223633,46.22999954223633,145.0
2024-07-03 12:10:00,LFLY,2.119999885559082,2.119999885559082,2.119999885559082,2.119999885559082,2.119999885559082,0.0
2024-07-03 12:10:00,LFST,5.125,5.125,5.130000114440918,5.125,5.130000114440918,710.0
2024-07-03 12:10:00,LGND,82.7300033569336,82.7300033569336,82.73999786376953,82.7300033569336,82.7300033569336,1395.0
2024-07-03 12:10:00,LGVN,1.625,1.625,1.625,1.625,1.625,487.0
2024-07-03 12:10:00,LIVN,52.650001525878906,52.650001525878906,52.650001525878906,52.650001525878906,52.650001525878906,142.0
2024-07-03 12:10:00,LNTH,79.625,79.625,79.73999786376953,79.625,79.73999786376953,5323.0
2024-07-03 12:10:00,LOGC,5.764999866485596,5.764999866485596,5.764999866485596,5.764999866485596,5.764999866485596,410.0
2024-07-03 12:10:00,LUCY,0.46399998664855957,0.46399998664855957,0.4699999988079071,0.46399998664855957,0.4699999988079071,26239.0
2024-07-03 12:10:00,LYEL,1.5049999952316284,1.5049999952316284,1.5049999952316284,1.500100016593933,1.500100016593933,16743.0
2024-07-03 12:10:00,LYRA,0.2858000099658966,0.2858000099658966,0.2858000099658966,0.2858000099658966,0.2858000099658966,374.0
2024-07-03 12:10:00,MASS,4.880000114440918,4.880000114440918,4.880000114440918,4.869999885559082,4.869999885559082,593.0
2024-07-03 12:10:00,MBIO,0.49950000643730164,0.49950000643730164,0.49950000643730164,0.49939998984336853,0.49939998984336853,2067.0
2024-07-03 12:10:00,MDXG,6.764999866485596,6.764999866485596,6.764999866485596,6.764999866485596,6.764999866485596,448.0
2024-07-03 12:10:00,ME,0.41280001401901245,0.41280001401901245,0.41280001401901245,0.41280001401901245,0.41280001401901245,191.0
2024-07-03 12:10:00,MESO,6.804999828338623,6.804999828338623,6.820000171661377,6.800000190734863,6.800000190734863,1519.0
2024-07-03 12:10:00,MGNX,4.190000057220459,4.190000057220459,4.190000057220459,4.190000057220459,4.190000057220459,618.0
2024-07-03 12:10:00,MGTX,3.990000009536743,3.990000009536743,3.990000009536743,3.990000009536743,3.990000009536743,112.0
2024-07-03 12:10:00,MIRM,33.90999984741211,33.90999984741211,33.95500183105469,33.90999984741211,33.95500183105469,2054.0
2024-07-03 12:10:00,MIST,1.3200000524520874,1.3200000524520874,1.3350000381469727,1.3200000524520874,1.3250000476837158,2548.0
2024-07-03 12:10:00,MLTX,41.33000183105469,41.33000183105469,41.33000183105469,41.33000183105469,41.33000183105469,200.0
2024-07-03 12:10:00,MNMD,7.195000171661377,7.195000171661377,7.195000171661377,7.195000171661377,7.195000171661377,611.0
2024-07-03 12:10:00,MODV,28.040000915527344,28.040000915527344,28.040000915527344,28.040000915527344,28.040000915527344,669.0
2024-07-03 12:10:00,MORF,31.829999923706055,31.829999923706055,31.829999923706055,31.829999923706055,31.829999923706055,1322.0
2024-07-03 12:10:00,MREO,3.5299999713897705,3.5299999713897705,3.5450000762939453,3.5299999713897705,3.5450000762939453,6605.0
2024-07-03 12:10:00,MRNA,115.86000061035156,115.86000061035156,115.93000030517578,115.86000061035156,115.87999725341797,1682.0
2024-07-03 12:10:00,MRNS,1.2050000429153442,1.2050000429153442,1.2050000429153442,1.2050000429153442,1.2050000429153442,1450.0
2024-07-03 12:10:00,MRSN,1.850000023841858,1.850000023841858,1.850000023841858,1.850000023841858,1.850000023841858,200.0
2024-07-03 12:10:00,MRUS,52.65999984741211,52.65999984741211,52.65999984741211,52.619998931884766,52.619998931884766,1885.0
2024-07-03 12:10:00,MRVI,6.96999979019165,6.96999979019165,6.985000133514404,6.96999979019165,6.985000133514404,2530.0
2024-07-03 12:10:00,MXCT,3.700000047683716,3.700000047683716,3.700000047683716,3.700000047683716,3.700000047683716,242.0
2024-07-03 12:10:00,MYGN,25.0,25.0,25.020000457763672,25.0,25.020000457763672,529.0
2024-07-03 12:10:00,NARI,49.724998474121094,49.724998474121094,49.72999954223633,49.724998474121094,49.72999954223633,616.0
2024-07-03 12:10:00,NBIX,138.1199951171875,138.1199951171875,138.1199951171875,138.1199951171875,138.1199951171875,224.0
2024-07-03 12:10:00,NDRA,0.09910000115633011,0.09910000115633011,0.09910000115633011,0.0989999994635582,0.0989999994635582,17053.0
2024-07-03 12:10:00,NEO,13.729999542236328,13.729999542236328,13.729999542236328,13.729999542236328,13.729999542236328,700.0
2024-07-03 12:10:00,NEOG,15.15999984741211,15.15999984741211,15.164999961853027,15.15999984741211,15.164999961853027,1498.0
2024-07-03 12:10:00,NEPH,2.075000047683716,2.075000047683716,2.0882999897003174,2.075000047683716,2.0882999897003174,0.0
2024-07-03 12:10:00,NKTR,1.2699999809265137,1.2699999809265137,1.2699999809265137,1.2649999856948853,1.2649999856948853,2073.0
2024-07-03 12:10:00,NKTX,5.324999809265137,5.324999809265137,5.324999809265137,5.324999809265137,5.324999809265137,171.0
2024-07-03 12:10:00,NLSP,0.20200000703334808,0.20200000703334808,0.20200000703334808,0.20190000534057617,0.20190000534057617,5665.0
2024-07-03 12:10:00,NPCE,7.449999809265137,7.449999809265137,7.449999809265137,7.449999809265137,7.449999809265137,149.0
2024-07-03 12:10:00,NRIX,19.6299991607666,19.6299991607666,19.6299991607666,19.56999969482422,19.56999969482422,258.0
2024-07-03 12:10:00,NRSN,1.2799999713897705,1.2799999713897705,1.2799999713897705,1.2799999713897705,1.2799999713897705,1667.0
2024-07-03 12:10:00,NTLA,22.749900817871094,22.749900817871094,22.749900817871094,22.735000610351562,22.735000610351562,397.0
2024-07-03 12:10:00,NTRA,111.52999877929688,111.52999877929688,111.54000091552734,111.52999877929688,111.52999877929688,1771.0
2024-07-03 12:10:00,NVAX,12.59000015258789,12.59000015258789,12.60990047454834,12.585000038146973,12.60990047454834,4977.0
2024-07-03 12:10:00,NXTC,1.590000033378601,1.590000033378601,1.590000033378601,1.590000033378601,1.590000033378601,525.0
2024-07-03 12:10:00,OCGN,1.6200000047683716,1.6200000047683716,1.6200000047683716,1.6100000143051147,1.6100000143051147,27056.0
2024-07-03 12:10:00,OCUL,6.619999885559082,6.619999885559082,6.659999847412109,6.619999885559082,6.650000095367432,10851.0
2024-07-03 12:10:00,OFIX,13.479999542236328,13.479999542236328,13.479999542236328,13.479999542236328,13.479999542236328,110.0
2024-07-03 12:10:00,OLMA,10.550000190734863,10.550000190734863,10.550000190734863,10.550000190734863,10.550000190734863,488.0
2024-07-03 12:10:00,OM,3.884999990463257,3.884999990463257,3.884999990463257,3.884999990463257,3.884999990463257,308.0
2024-07-03 12:10:00,OMCL,26.65999984741211,26.65999984741211,26.65999984741211,26.6299991607666,26.6299991607666,1238.0
2024-07-03 12:10:00,OMER,3.9000000953674316,3.9000000953674316,3.9000000953674316,3.890000104904175,3.890000104904175,213.0
2024-07-03 12:10:00,OMGA,1.940000057220459,1.940000057220459,1.9483000040054321,1.940000057220459,1.9483000040054321,2946.0
2024-07-03 12:11:00,ABCL,2.7149999141693115,2.7149999141693115,2.7149999141693115,2.7100000381469727,2.7100000381469727,226.0
2024-07-03 12:11:00,ABSI,3.194999933242798,3.194999933242798,3.200000047683716,3.194999933242798,3.200000047683716,22304.0
2024-07-03 12:11:00,ABUS,3.1500000953674316,3.1500000953674316,3.1500000953674316,3.1449999809265137,3.1449999809265137,1666.0
2024-07-03 12:11:00,ACCD,3.5899999141693115,3.5899999141693115,3.5899999141693115,3.5799999237060547,3.589200019836426,13032.0
2024-07-03 12:11:00,ACET,1.0850000381469727,1.0850000381469727,1.0850000381469727,1.080399990081787,1.0850000381469727,1027.0
2024-07-03 12:11:00,ACHC,66.66000366210938,66.66000366210938,66.69499969482422,66.6500015258789,66.68000030517578,1682.0
2024-07-03 12:11:00,ACLX,54.505001068115234,54.505001068115234,54.51499938964844,54.5,54.5,695.0
2024-07-03 12:11:00,ADAP,1.0099999904632568,1.0099999904632568,1.0099999904632568,1.0099999904632568,1.0099999904632568,6375.0
2024-07-03 12:11:00,ADMA,11.234999656677246,11.234999656677246,11.234999656677246,11.234999656677246,11.234999656677246,1384.0
2024-07-03 12:11:00,ADPT,3.3949999809265137,3.3949999809265137,3.3949999809265137,3.3949999809265137,3.3949999809265137,324.0
2024-07-03 12:11:00,AEMD,0.40720000863075256,0.40720000863075256,0.4072999954223633,0.40720000863075256,0.4072999954223633,0.0
2024-07-03 12:11:00,AGIO,41.95500183105469,41.95500183105469,41.95500183105469,41.91999816894531,41.91999816894531,1097.0
2024-07-03 12:11:00,AIMD,0.9300000071525574,0.9300000071525574,0.9456999897956848,0.9215999841690063,0.9399999976158142,21249.0
2024-07-03 12:11:00,AKBA,0.9526000022888184,0.9526000022888184,0.9526000022888184,0.9501000046730042,0.9501000046730042,14299.0
2024-07-03 12:11:00,AKYA,2.109999895095825,2.109999895095825,2.115000009536743,2.109999895095825,2.115000009536743,2982.0
2024-07-03 12:11:00,ALGN,242.22000122070312,242.22000122070312,242.22000122070312,242.22000122070312,242.22000122070312,468.0
2024-07-03 12:11:00,ALKS,24.170000076293945,24.170000076293945,24.18000030517578,24.170000076293945,24.18000030517578,4559.0
2024-07-03 12:11:00,ALLK,0.8270999789237976,0.8270999789237976,0.8270999789237976,0.8270999789237976,0.8270999789237976,456.0
2024-07-03 12:11:00,ALLR,0.1979999989271164,0.1979999989271164,0.20000000298023224,0.1979999989271164,0.19949999451637268,29345.0
2024-07-03 12:11:00,ALNY,246.52000427246094,246.52000427246094,246.52000427246094,246.52000427246094,246.52000427246094,1496.0
2024-07-03 12:11:00,ALT,6.669899940490723,6.669899940490723,6.669899940490723,6.664999961853027,6.664999961853027,709.0
2024-07-03 12:11:00,ALZN,0.4000000059604645,0.4000000059604645,0.4000000059604645,0.4000000059604645,0.4000000059604645,1208.0
2024-07-03 12:11:00,AMED,96.98999786376953,96.98999786376953,97.0,96.98999786376953,97.0,1221.0
2024-07-03 12:11:00,AMGN,307.2300109863281,307.2300109863281,307.2300109863281,307.1199951171875,307.2300109863281,4164.0
2024-07-03 12:11:00,AMLX,1.7599999904632568,1.7599999904632568,1.7599999904632568,1.7549999952316284,1.7599999904632568,720.0
2024-07-03 12:11:00,AMRN,0.6931999921798706,0.6931999921798706,0.6931999921798706,0.6931999921798706,0.6931999921798706,6974.0
2024-07-03 12:11:00,ANAB,25.0,25.0,25.045000076293945,25.0,25.045000076293945,1100.0
2024-07-03 12:11:00,ANNX,4.775000095367432,4.775000095367432,4.795000076293945,4.775000095367432,4.795000076293945,7060.0
2024-07-03 12:11:00,ANTX,2.549999952316284,2.549999952316284,2.549999952316284,2.549999952316284,2.549999952316284,1669.0
2024-07-03 12:11:00,APDN,0.39980000257492065,0.39980000257492065,0.39980000257492065,0.39500001072883606,0.39500001072883606,2969.0
2024-07-03 12:11:00,APLT,4.341300010681152,4.341300010681152,4.341300010681152,4.340000152587891,4.340000152587891,1416.0
2024-07-03 12:11:00,AQST,2.440000057220459,2.440000057220459,2.440000057220459,2.440000057220459,2.440000057220459,2171.0
2024-07-03 12:11:00,ARCT,21.46500015258789,21.46500015258789,21.530000686645508,21.46500015258789,21.4950008392334,898.0
2024-07-03 12:11:00,ARDX,5.284999847412109,5.284999847412109,5.289999961853027,5.28000020980835,5.28000020980835,24745.0
2024-07-03 12:11:00,ARGX,434.80999755859375,434.80999755859375,434.80999755859375,434.80999755859375,434.80999755859375,311.0
2024-07-03 12:11:00,ARQT,9.5649995803833,9.5649995803833,9.569999694824219,9.5649995803833,9.569999694824219,2064.0
2024-07-03 12:11:00,ARVN,23.8799991607666,23.8799991607666,23.8799991607666,23.850000381469727,23.850000381469727,424.0
2024-07-03 12:11:00,ARWR,25.15999984741211,25.15999984741211,25.15999984741211,25.139999389648438,25.139999389648438,1966.0
2024-07-03 12:11:00,ASMB,11.997300148010254,11.997300148010254,11.997300148010254,11.997300148010254,11.997300148010254,51.0
2024-07-03 12:11:00,ASND,134.60000610351562,134.60000610351562,134.60000610351562,134.60000610351562,134.60000610351562,547.0
2024-07-03 12:11:00,ASRT,1.3208999633789062,1.3208999633789062,1.3285000324249268,1.3208999633789062,1.3285000324249268,2265.0
2024-07-03 12:11:00,ATEC,10.010000228881836,10.010000228881836,10.015000343322754,10.010000228881836,10.015000343322754,2335.0
2024-07-03 12:11:00,ATOS,1.159999966621399,1.159999966621399,1.159999966621399,1.159999966621399,1.159999966621399,387.0
2024-07-03 12:11:00,ATRC,22.260000228881836,22.260000228881836,22.299999237060547,22.25,22.299999237060547,5027.0
2024-07-03 12:11:00,AUGX,1.0,1.0,1.0,1.0,1.0,1713.0
2024-07-03 12:11:00,AUPH,5.485000133514404,5.485000133514404,5.485000133514404,5.485000133514404,5.485000133514404,488.0
2024-07-03 12:11:00,AUTL,3.490000009536743,3.490000009536743,3.490000009536743,3.484999895095825,3.490000009536743,831.0
2024-07-03 12:11:00,AVTE,1.6749999523162842,1.6749999523162842,1.6749999523162842,1.6749999523162842,1.6749999523162842,309.0
2024-07-03 12:11:00,AVXL,4.144999980926514,4.144999980926514,4.144999980926514,4.144999980926514,4.144999980926514,1186.0
2024-07-03 12:11:00,AWH,0.9031000137329102,0.9031000137329102,0.9599999785423279,0.9031000137329102,0.9599999785423279,25645.0
2024-07-03 12:11:00,AXGN,7.492800235748291,7.492800235748291,7.5,7.489999771118164,7.5,981.0
2024-07-03 12:11:00,AXNX,67.4800033569336,67.4800033569336,67.5199966430664,67.4800033569336,67.5199966430664,669.0
2024-07-03 12:11:00,AXSM,79.51000213623047,79.51000213623047,79.5199966430664,79.44000244140625,79.5199966430664,1669.0
2024-07-03 12:11:00,AZN,76.69499969482422,76.69499969482422,76.70500183105469,76.65499877929688,76.65499877929688,9966.0
2024-07-03 12:11:00,BBIO,25.389999389648438,25.389999389648438,25.389999389648438,25.3799991607666,25.385000228881836,2465.0
2024-07-03 12:11:00,BCAB,1.3949999809265137,1.3949999809265137,1.3949999809265137,1.3949999809265137,1.3949999809265137,1915.0
2024-07-03 12:11:00,BCRX,6.454999923706055,6.454999923706055,6.454999923706055,6.454999923706055,6.454999923706055,1282.0
2024-07-03 12:11:00,BDTX,4.360000133514404,4.360000133514404,4.360000133514404,4.360000133514404,4.360000133514404,963.0
2024-07-03 12:11:00,BEAT,2.7999000549316406,2.7999000549316406,2.7999000549316406,2.7999000549316406,2.7999000549316406,1002.0
2024-07-03 12:11:00,BIIB,223.1300048828125,223.1300048828125,223.42990112304688,223.1300048828125,223.42990112304688,3096.0
2024-07-03 12:11:00,BIVI,0.41499999165534973,0.41499999165534973,0.41499999165534973,0.41499999165534973,0.41499999165534973,185.0
2024-07-03 12:11:00,BJDX,0.6352999806404114,0.6352999806404114,0.6352999806404114,0.6352999806404114,0.6352999806404114,0.0
2024-07-03 12:11:00,BLUE,0.9200999736785889,0.9200999736785889,0.920199990272522,0.9200000166893005,0.9200000166893005,2932.0
2024-07-03 12:11:00,BMEA,4.34499979019165,4.34499979019165,4.34499979019165,4.34499979019165,4.34499979019165,152.0
2024-07-03 12:11:00,BMRN,80.88999938964844,80.88999938964844,80.92500305175781,80.83999633789062,80.83999633789062,1668.0
2024-07-03 12:11:00,BNGO,0.5788000226020813,0.5788000226020813,0.579200029373169,0.5745000243186951,0.5745000243186951,1793.0
2024-07-03 12:11:00,BPMC,110.95500183105469,110.95500183105469,110.95500183105469,110.9000015258789,110.9000015258789,792.0
2024-07-03 12:11:00,BRKR,61.345001220703125,61.345001220703125,61.439998626708984,61.314998626708984,61.439998626708984,5314.0
2024-07-03 12:11:00,BTAI,1.089900016784668,1.089900016784668,1.089900016784668,1.089900016784668,1.089900016784668,229.0
2024-07-03 12:11:00,BTCY,0.800000011920929,0.800000011920929,0.800000011920929,0.800000011920929,0.800000011920929,270.0
2024-07-03 12:11:00,BTMD,7.409999847412109,7.409999847412109,7.409999847412109,7.409999847412109,7.409999847412109,1809.0
2024-07-03 12:11:00,CABA,7.570000171661377,7.570000171661377,7.570000171661377,7.53000020980835,7.53000020980835,4219.0
2024-07-03 12:11:00,CADL,6.28000020980835,6.28000020980835,6.300000190734863,6.28000020980835,6.300000190734863,3187.0
2024-07-03 12:11:00,CAPR,4.809999942779541,4.809999942779541,4.809999942779541,4.800000190734863,4.800000190734863,6160.0
2024-07-03 12:11:00,CCCC,4.59499979019165,4.59499979019165,4.599999904632568,4.590000152587891,4.59499979019165,2603.0
2024-07-03 12:11:00,CCRN,13.649999618530273,13.649999618530273,13.649999618530273,13.649999618530273,13.649999618530273,438.0
2024-07-03 12:11:00,CDMO,7.809999942779541,7.809999942779541,7.815000057220459,7.800000190734863,7.809999942779541,2178.0
2024-07-03 12:11:00,CERE,39.75,39.75,39.75,39.68000030517578,39.68000030517578,17256.0
2024-07-03 12:11:00,CERS,1.7200000286102295,1.7200000286102295,1.725000023841858,1.7200000286102295,1.725000023841858,9918.0
2024-07-03 12:11:00,CERT,13.774999618530273,13.774999618530273,13.774999618530273,13.774999618530273,13.774999618530273,1671.0
2024-07-03 12:11:00,CGC,6.565000057220459,6.565000057220459,6.565999984741211,6.565000057220459,6.565000057220459,1867.0
2024-07-03 12:11:00,CGEM,16.610000610351562,16.610000610351562,16.736099243164062,16.610000610351562,16.736099243164062,3195.0
2024-07-03 12:11:00,CLDX,36.27000045776367,36.27000045776367,36.29999923706055,36.220001220703125,36.22999954223633,1178.0
2024-07-03 12:11:00,CLOV,1.2549999952316284,1.2549999952316284,1.2549999952316284,1.2549999952316284,1.2549999952316284,3425.0
2024-07-03 12:11:00,CLPT,5.369999885559082,5.369999885559082,5.369999885559082,5.369999885559082,5.369999885559082,436.0
2024-07-03 12:11:00,CMAX,2.2081000804901123,2.2081000804901123,2.2081000804901123,2.2081000804901123,2.2081000804901123,360.0
2024-07-03 12:11:00,CMPS,6.235000133514404,6.235000133514404,6.235000133514404,6.21999979019165,6.21999979019165,1999.0
2024-07-03 12:11:00,CMPX,0.8465999960899353,0.8465999960899353,0.8513000011444092,0.8465999960899353,0.8513000011444092,0.0
2024-07-03 12:11:00,CNSP,1.4846999645233154,1.4846999645233154,1.5,1.4800000190734863,1.4950000047683716,26897.0
2024-07-03 12:11:00,COGT,8.385000228881836,8.385000228881836,8.404999732971191,8.385000228881836,8.404999732971191,807.0
2024-07-03 12:11:00,COLL,32.2400016784668,32.2400016784668,32.2400016784668,32.2400016784668,32.2400016784668,807.0
2024-07-03 12:11:00,CORT,30.34000015258789,30.34000015258789,30.405000686645508,30.34000015258789,30.405000686645508,2260.0
2024-07-03 12:11:00,COSM,0.9150000214576721,0.9150000214576721,0.925000011920929,0.9100000262260437,0.9100000262260437,10961.0
2024-07-03 12:11:00,CRBP,49.915000915527344,49.915000915527344,49.915000915527344,49.915000915527344,49.915000915527344,634.0
2024-07-03 12:11:00,CRBU,1.5750000476837158,1.5750000476837158,1.5800000429153442,1.5750000476837158,1.5750000476837158,822.0
2024-07-03 12:11:00,CRDF,2.265000104904175,2.265000104904175,2.2699999809265137,2.244999885559082,2.244999885559082,1696.0
2024-07-03 12:11:00,CRMD,4.150000095367432,4.150000095367432,4.150000095367432,4.150000095367432,4.150000095367432,259.0
2024-07-03 12:11:00,CRSP,54.0,54.0,54.02000045776367,53.959999084472656,54.02000045776367,1566.0
2024-07-03 12:11:00,CSTL,21.045000076293945,21.045000076293945,21.049999237060547,21.045000076293945,21.049999237060547,931.0
2024-07-03 12:11:00,CTKB,5.590000152587891,5.590000152587891,5.59499979019165,5.585000038146973,5.590000152587891,3321.0
2024-07-03 12:11:00,CTMX,1.309999942779541,1.309999942779541,1.309999942779541,1.309999942779541,1.309999942779541,400.0
2024-07-03 12:11:00,CUE,0.9937000274658203,0.9937000274658203,0.9937000274658203,0.9937000274658203,0.9937000274658203,885.0
2024-07-03 12:11:00,CUTR,1.29830002784729,1.29830002784729,1.2999999523162842,1.29830002784729,1.2999999523162842,685.0
2024-07-03 12:11:00,CVAC,3.25,3.25,3.3099000453948975,3.2300000190734863,3.3099000453948975,101850.0
2024-07-03 12:11:00,CYTK,54.625,54.625,54.6349983215332,54.599998474121094,54.6349983215332,1113.0
2024-07-03 12:11:00,DARE,3.1054999828338623,3.1054999828338623,3.200000047683716,3.0999999046325684,3.200000047683716,5524.0
2024-07-03 12:11:00,DAWN,13.329999923706055,13.329999923706055,13.34000015258789,13.329999923706055,13.34000015258789,1270.0
2024-07-03 12:11:00,DERM,5.170000076293945,5.170000076293945,5.170000076293945,5.170000076293945,5.170000076293945,300.0
2024-07-03 12:11:00,DH,5.394999980926514,5.394999980926514,5.394999980926514,5.394999980926514,5.394999980926514,335.0
2024-07-03 12:11:00,DNLI,21.360000610351562,21.360000610351562,21.360000610351562,21.360000610351562,21.360000610351562,200.0
2024-07-03 12:11:00,DSGN,3.2899999618530273,3.2899999618530273,3.299999952316284,3.2799999713897705,3.2850000858306885,29825.0
2024-07-03 12:11:00,DVAX,11.079999923706055,11.079999923706055,11.09000015258789,11.079999923706055,11.085000038146973,4566.0
2024-07-03 12:11:00,DXCM,110.94999694824219,110.94999694824219,111.06999969482422,110.94999694824219,111.0,13253.0
2024-07-03 12:11:00,DYN,34.25,34.25,34.27000045776367,34.22999954223633,34.27000045776367,950.0
2024-07-03 12:11:00,EDIT,4.644999980926514,4.644999980926514,4.650000095367432,4.635000228881836,4.635000228881836,6212.0
2024-07-03 12:11:00,EKSO,1.0299999713897705,1.0299999713897705,1.0299999713897705,1.0299999713897705,1.0299999713897705,200.0
2024-07-03 12:11:00,ELEV,2.627500057220459,2.627500057220459,2.630000114440918,2.627500057220459,2.630000114440918,1190.0
2024-07-03 12:11:00,EMBC,11.9399995803833,11.9399995803833,11.9399995803833,11.9399995803833,11.9399995803833,1068.0
2024-07-03 12:11:00,ENSG,126.82499694824219,126.82499694824219,126.82499694824219,126.82499694824219,126.82499694824219,478.0
2024-07-03 12:11:00,ENTA,13.050000190734863,13.050000190734863,13.050000190734863,13.050000190734863,13.050000190734863,526.0
2024-07-03 12:11:00,EOLS,10.925000190734863,10.925000190734863,10.925000190734863,10.925000190734863,10.925000190734863,135.0
2024-07-03 12:11:00,ERAS,2.2200000286102295,2.2200000286102295,2.2200000286102295,2.2200000286102295,2.2200000286102295,510.0
2024-07-03 12:11:00,ESPR,2.3499999046325684,2.3499999046325684,2.3499999046325684,2.3450000286102295,2.3450000286102295,5946.0
2024-07-03 12:11:00,ETNB,7.5,7.5,7.5,7.5,7.5,476.0
2024-07-03 12:11:00,EWTX,18.110000610351562,18.110000610351562,18.110000610351562,18.110000610351562,18.110000610351562,742.0
2024-07-03 12:11:00,EXAI,5.449999809265137,5.449999809265137,5.449999809265137,5.449999809265137,5.449999809265137,639.0
2024-07-03 12:11:00,EXAS,43.220001220703125,43.220001220703125,43.22999954223633,43.220001220703125,43.22999954223633,1157.0
2024-07-03 12:11:00,EXEL,21.844999313354492,21.844999313354492,21.850000381469727,21.844999313354492,21.850000381469727,2194.0
2024-07-03 12:11:00,EYEN,0.781499981880188,0.781499981880188,0.781499981880188,0.7802000045776367,0.7802000045776367,2857.0
2024-07-03 12:11:00,EYPT,8.369999885559082,8.369999885559082,8.369999885559082,8.369999885559082,8.369999885559082,372.0
2024-07-03 12:11:00,FATE,3.1649999618530273,3.1649999618530273,3.1649999618530273,3.1649999618530273,3.1649999618530273,493.0
2024-07-03 12:11:00,FDMT,20.920000076293945,20.920000076293945,20.920000076293945,20.899999618530273,20.899999618530273,536.0
2024-07-03 12:11:00,FGEN,0.7175999879837036,0.7175999879837036,0.7184000015258789,0.7175999879837036,0.7184000015258789,4315.0
2024-07-03 12:11:00,FOLD,9.875,9.875,9.875,9.875,9.875,826.0
2024-07-03 12:11:00,FULC,6.1356000900268555,6.1356000900268555,6.1356000900268555,6.1356000900268555,6.1356000900268555,785.0
2024-07-03 12:11:00,GANX,1.1449999809265137,1.1449999809265137,1.1449999809265137,1.1399999856948853,1.1399999856948853,600.0
2024-07-03 12:11:00,GCTK,1.7295000553131104,1.7295000553131104,1.7295000553131104,1.7295000553131104,1.7295000553131104,628.0
2024-07-03 12:11:00,GDRX,7.760000228881836,7.760000228881836,7.760000228881836,7.755000114440918,7.755000114440918,555.0
2024-07-03 12:11:00,GERN,4.335000038146973,4.335000038146973,4.3379998207092285,4.335000038146973,4.335000038146973,3296.0
2024-07-03 12:11:00,GILD,66.91999816894531,66.91999816894531,66.96499633789062,66.91999816894531,66.92009735107422,8302.0
2024-07-03 12:11:00,GLTO,0.5098999738693237,0.5098999738693237,0.5098999738693237,0.5098999738693237,0.5098999738693237,10844.0
2024-07-03 12:11:00,GLUE,3.797800064086914,3.797800064086914,3.797800064086914,3.7560999393463135,3.759999990463257,14205.0
2024-07-03 12:11:00,GLYC,0.27709999680519104,0.27709999680519104,0.27900001406669617,0.27709999680519104,0.27889999747276306,29700.0
2024-07-03 12:11:00,GMAB,25.162200927734375,25.162200927734375,25.162200927734375,25.162200927734375,25.162200927734375,358.0
2024-07-03 12:11:00,GOSS,0.9592999815940857,0.9592999815940857,0.9599999785423279,0.9542999863624573,0.9542999863624573,5949.0
2024-07-03 12:11:00,GOVX,2.9100000858306885,2.9100000858306885,2.9100000858306885,2.9100000858306885,2.9100000858306885,5346.0
2024-07-03 12:11:00,GRFS,6.65500020980835,6.65500020980835,6.65500020980835,6.644999980926514,6.644999980926514,6341.0
2024-07-03 12:11:00,GRTS,0.5799999833106995,0.5799999833106995,0.5800999999046326,0.5799999833106995,0.5800999999046326,5051.0
2024-07-03 12:11:00,GTHX,2.549999952316284,2.549999952316284,2.549999952316284,2.5450000762939453,2.5450000762939453,464.0
2024-07-03 12:11:00,HALO,52.279998779296875,52.279998779296875,52.31999969482422,52.20500183105469,52.20500183105469,3402.0
2024-07-03 12:11:00,HCAT,6.210000038146973,6.210000038146973,6.210000038146973,6.199999809265137,6.199999809265137,461.0
2024-07-03 12:11:00,HCSG,10.630000114440918,10.630000114440918,10.630000114440918,10.630000114440918,10.630000114440918,782.0
2024-07-03 12:11:00,HOLX,73.05999755859375,73.05999755859375,73.12999725341797,73.05999755859375,73.12999725341797,2231.0
2024-07-03 12:11:00,HQY,83.6594009399414,83.6594009399414,83.66999816894531,83.61000061035156,83.66999816894531,1549.0
2024-07-03 12:11:00,HROW,21.604999542236328,21.604999542236328,21.604999542236328,21.604999542236328,21.604999542236328,230.0
2024-07-03 12:11:00,HRTX,2.75,2.75,2.755000114440918,2.75,2.755000114440918,967.0
2024-07-03 12:11:00,HSIC,65.0,65.0,65.0,65.0,65.0,907.0
2024-07-03 12:11:00,HUGE,0.1420000046491623,0.1420000046491623,0.1420000046491623,0.1420000046491623,0.1420000046491623,5800.0
2024-07-03 12:11:00,HUMA,5.739999771118164,5.739999771118164,5.744999885559082,5.730000019073486,5.744999885559082,2454.0
2024-07-03 12:11:00,IBRX,6.289999961853027,6.289999961853027,6.289999961853027,6.288300037384033,6.288300037384033,1071.0
2024-07-03 12:11:00,ICLR,317.875,317.875,317.9849853515625,317.82000732421875,317.9849853515625,1585.0
2024-07-03 12:11:00,ICUI,117.76000213623047,117.76000213623047,117.76000213623047,117.76000213623047,117.76000213623047,346.0
2024-07-03 12:11:00,IDXX,477.0150146484375,477.0150146484375,477.0150146484375,477.0150146484375,477.0150146484375,584.0
2024-07-03 12:11:00,IINN,1.3799999952316284,1.3799999952316284,1.3799999952316284,1.3799999952316284,1.3799999952316284,100.0
2024-07-03 12:11:00,ILMN,105.83999633789062,105.83999633789062,105.83999633789062,105.77999877929688,105.77999877929688,3350.0
2024-07-03 12:11:00,IMCR,36.01499938964844,36.01499938964844,36.01499938964844,36.01499938964844,36.01499938964844,673.0
2024-07-03 12:11:00,IMMX,2.390000104904175,2.390000104904175,2.390000104904175,2.390000104904175,2.390000104904175,356.0
2024-07-03 12:11:00,IMNM,12.005000114440918,12.005000114440918,12.005000114440918,12.005000114440918,12.005000114440918,251.0
2024-07-03 12:11:00,IMVT,26.040000915527344,26.040000915527344,26.049999237060547,26.030000686645508,26.030000686645508,1707.0
2024-07-03 12:11:00,INBX,13.079999923706055,13.079999923706055,13.079999923706055,13.079999923706055,13.079999923706055,200.0
2024-07-03 12:11:00,INCY,57.75,57.75,57.790000915527344,57.75,57.76499938964844,8130.0
2024-07-03 12:11:00,INGN,8.020000457763672,8.020000457763672,8.020000457763672,8.020000457763672,8.020000457763672,248.0
2024-07-03 12:11:00,INMD,17.559999465942383,17.559999465942383,17.560199737548828,17.559999465942383,17.560199737548828,901.0
2024-07-03 12:11:00,INSM,62.15999984741211,62.15999984741211,62.25,61.935001373291016,61.935001373291016,9275.0
2024-07-03 12:11:00,INVA,16.295000076293945,16.295000076293945,16.295000076293945,16.295000076293945,16.295000076293945,1060.0
2024-07-03 12:11:00,INVO,0.7501999735832214,0.7501999735832214,0.7501999735832214,0.7501999735832214,0.7501999735832214,0.0
2024-07-03 12:11:00,INZY,4.46999979019165,4.46999979019165,4.46999979019165,4.46999979019165,4.46999979019165,1003.0
2024-07-03 12:11:00,IONM,0.3199999928474426,0.3199999928474426,0.3199999928474426,0.3199000060558319,0.3199000060558319,701.0
2024-07-03 12:11:00,IONS,44.8650016784668,44.8650016784668,44.8650016784668,44.849998474121094,44.849998474121094,856.0
2024-07-03 12:11:00,IOVA,7.494999885559082,7.494999885559082,7.510000228881836,7.494999885559082,7.510000228881836,14022.0
2024-07-03 12:11:00,IRWD,6.139999866485596,6.139999866485596,6.139999866485596,6.135000228881836,6.135000228881836,1254.0
2024-07-03 12:11:00,ISRG,434.19000244140625,434.19000244140625,434.30499267578125,434.1000061035156,434.1449890136719,3047.0
2024-07-03 12:11:00,ITCI,68.38999938964844,68.38999938964844,68.38999938964844,68.38999938964844,68.38999938964844,1111.0
2024-07-03 12:11:00,IVVD,1.0950000286102295,1.0950000286102295,1.0950000286102295,1.0950000286102295,1.0950000286102295,399.0
2024-07-03 12:11:00,JAGX,3.471400022506714,3.471400022506714,3.471400022506714,3.471400022506714,3.471400022506714,974.0
2024-07-03 12:11:00,JANX,37.9900016784668,37.9900016784668,37.9900016784668,37.970001220703125,37.970001220703125,653.0
2024-07-03 12:11:00,JAZZ,103.94000244140625,103.94000244140625,103.95999908447266,103.94000244140625,103.95999908447266,1944.0
2024-07-03 12:11:00,KIDS,29.860000610351562,29.860000610351562,29.860000610351562,29.850000381469727,29.850000381469727,333.0
2024-07-03 12:11:00,KMDA,5.159999847412109,5.159999847412109,5.159999847412109,5.150000095367432,5.150000095367432,578.0
2024-07-03 12:11:00,KOD,2.2100000381469727,2.2100000381469727,2.2100000381469727,2.2100000381469727,2.2100000381469727,281.0
2024-07-03 12:11:00,KPTI,0.8310999870300293,0.8310999870300293,0.8310999870300293,0.8310999870300293,0.8310999870300293,396.0
2024-07-03 12:11:00,KROS,42.43000030517578,42.43000030517578,42.43000030517578,42.43000030517578,42.43000030517578,144.0
2024-07-03 12:11:00,KTRA,0.2872999906539917,0.2872999906539917,0.289000004529953,0.2872999906539917,0.289000004529953,8200.0
2024-07-03 12:11:00,KYMR,30.149999618530273,30.149999618530273,30.149999618530273,30.139999389648438,30.149999618530273,2754.0
2024-07-03 12:11:00,LAB,1.8300000429153442,1.8300000429153442,1.8300000429153442,1.8250000476837158,1.8250000476837158,1421.0
2024-07-03 12:11:00,LEGN,45.959999084472656,45.959999084472656,46.220001220703125,45.959999084472656,46.209999084472656,2227.0
2024-07-03 12:11:00,LFST,5.139699935913086,5.139699935913086,5.139699935913086,5.125,5.125,4471.0
2024-07-03 12:11:00,LIVN,52.70000076293945,52.70000076293945,52.70000076293945,52.70000076293945,52.70000076293945,381.0
2024-07-03 12:11:00,LMAT,81.45999908447266,81.45999908447266,81.45999908447266,81.45999908447266,81.45999908447266,448.0
2024-07-03 12:11:00,LNTH,79.66999816894531,79.66999816894531,79.66999816894531,79.66999816894531,79.66999816894531,361.0
2024-07-03 12:11:00,LQDA,11.960000038146973,11.960000038146973,11.970000267028809,11.960000038146973,11.969900131225586,882.0
2024-07-03 12:11:00,LRMR,7.710000038146973,7.710000038146973,7.710000038146973,7.710000038146973,7.710000038146973,684.0
2024-07-03 12:11:00,LUCD,0.7659000158309937,0.7659000158309937,0.7659000158309937,0.7659000158309937,0.7659000158309937,720.0
2024-07-03 12:11:00,LUCY,0.4641000032424927,0.4641000032424927,0.4641000032424927,0.46399998664855957,0.46399998664855957,15552.0
2024-07-03 12:11:00,LYRA,0.2858999967575073,0.2858999967575073,0.2858999967575073,0.2858000099658966,0.2858000099658966,1011.0
2024-07-03 12:11:00,MASI,114.69499969482422,114.69499969482422,114.69499969482422,114.69499969482422,114.69499969482422,694.0
2024-07-03 12:11:00,MASS,4.860000133514404,4.860000133514404,4.860000133514404,4.860000133514404,4.860000133514404,1023.0
2024-07-03 12:11:00,MCRB,0.7281000018119812,0.7281000018119812,0.7286999821662903,0.7279999852180481,0.7286999821662903,33986.0
2024-07-03 12:11:00,MDWD,14.670000076293945,14.670000076293945,14.71500015258789,14.670000076293945,14.71500015258789,286.0
2024-07-03 12:11:00,MDXG,6.760000228881836,6.760000228881836,6.760000228881836,6.760000228881836,6.760000228881836,200.0
2024-07-03 12:11:00,ME,0.41280001401901245,0.41280001401901245,0.41280001401901245,0.41280001401901245,0.41280001401901245,131.0
2024-07-03 12:11:00,MGNX,4.184999942779541,4.184999942779541,4.184999942779541,4.184999942779541,4.184999942779541,116.0
2024-07-03 12:11:00,MGTX,4.007999897003174,4.007999897003174,4.007999897003174,3.9800000190734863,3.990000009536743,500.0
2024-07-03 12:11:00,MLTX,41.32500076293945,41.32500076293945,41.32500076293945,41.32500076293945,41.32500076293945,201.0
2024-07-03 12:11:00,MMSI,85.91000366210938,85.91000366210938,85.91000366210938,85.91000366210938,85.91000366210938,1027.0
2024-07-03 12:11:00,MNKD,5.010000228881836,5.010000228881836,5.014999866485596,5.010000228881836,5.010000228881836,1452.0
2024-07-03 12:11:00,MODD,1.2999999523162842,1.2999999523162842,1.2999999523162842,1.2999999523162842,1.2999999523162842,357.0
2024-07-03 12:11:00,MODV,27.9950008392334,27.9950008392334,27.9950008392334,27.93000030517578,27.93000030517578,563.0
2024-07-03 12:11:00,MORF,31.84000015258789,31.84000015258789,31.84000015258789,31.84000015258789,31.84000015258789,631.0
2024-07-03 12:11:00,MOVE,0.3188999891281128,0.3188999891281128,0.3188999891281128,0.31450000405311584,0.3188999891281128,1100.0
2024-07-03 12:11:00,MREO,3.5299999713897705,3.5299999713897705,3.5399999618530273,3.5299999713897705,3.5399999618530273,5958.0
2024-07-03 12:11:00,MRNA,115.91000366210938,115.91000366210938,115.91000366210938,115.79000091552734,115.80000305175781,3617.0
2024-07-03 12:11:00,MRNS,1.2050000429153442,1.2050000429153442,1.2050000429153442,1.2050000429153442,1.2050000429153442,204.0
2024-07-03 12:11:00,MRSN,1.8600000143051147,1.8600000143051147,1.8600000143051147,1.8600000143051147,1.8600000143051147,139.0
2024-07-03 12:11:00,MRUS,52.625,52.625,52.625,52.625,52.625,131.0
2024-07-03 12:11:00,MRVI,7.014999866485596,7.014999866485596,7.014999866485596,6.980000019073486,6.980000019073486,4520.0
2024-07-03 12:11:00,MXCT,3.700000047683716,3.700000047683716,3.700000047683716,3.700000047683716,3.700000047683716,315.0
2024-07-03 12:11:00,MYGN,24.993999481201172,24.993999481201172,24.993999481201172,24.989999771118164,24.989999771118164,930.0
2024-07-03 12:11:00,NARI,49.724998474121094,49.724998474121094,49.724998474121094,49.724998474121094,49.724998474121094,440.0
2024-07-03 12:11:00,NAUT,2.315000057220459,2.315000057220459,2.315000057220459,2.315000057220459,2.315000057220459,301.0
2024-07-03 12:11:00,NBIX,138.125,138.125,138.125,138.125,138.125,575.0
2024-07-03 12:11:00,NDRA,0.0997999981045723,0.0997999981045723,0.09989999979734421,0.09910000115633011,0.09989999979734421,34697.0
2024-07-03 12:11:00,NEOG,15.154999732971191,15.154999732971191,15.15999984741211,15.154999732971191,15.154999732971191,1459.0
2024-07-03 12:11:00,NKTR,1.2699999809265137,1.2699999809265137,1.2699999809265137,1.2699999809265137,1.2699999809265137,3125.0
2024-07-03 12:11:00,NKTX,5.324999809265137,5.324999809265137,5.324999809265137,5.324999809265137,5.324999809265137,620.0
2024-07-03 12:11:00,NLSP,0.2029000073671341,0.2029000073671341,0.2029000073671341,0.2029000073671341,0.2029000073671341,300.0
2024-07-03 12:11:00,NPCE,7.199999809265137,7.199999809265137,7.420000076293945,7.199999809265137,7.420000076293945,6003.0
2024-07-03 12:11:00,NRBO,4.619999885559082,4.619999885559082,4.619999885559082,4.619999885559082,4.619999885559082,114.0
2024-07-03 12:11:00,NRIX,19.559999465942383,19.559999465942383,19.610000610351562,19.559999465942383,19.610000610351562,519.0
2024-07-03 12:11:00,NRSN,1.2999999523162842,1.2999999523162842,1.2999999523162842,1.2999999523162842,1.2999999523162842,1621.0
2024-07-03 12:11:00,NTLA,22.719999313354492,22.719999313354492,22.729999542236328,22.719999313354492,22.729999542236328,1629.0
2024-07-03 12:11:00,NTRA,111.41000366210938,111.41000366210938,111.43000030517578,111.41000366210938,111.43000030517578,1408.0
2024-07-03 12:11:00,NVAX,12.545000076293945,12.545000076293945,12.59000015258789,12.541999816894531,12.59000015258789,21653.0
2024-07-03 12:11:00,NVCR,16.639999389648438,16.639999389648438,16.639999389648438,16.639999389648438,16.639999389648438,954.0
2024-07-03 12:11:00,NVNO,5.119900226593018,5.119900226593018,5.119900226593018,5.119900226593018,5.119900226593018,2231.0
2024-07-03 12:11:00,NVOS,0.762499988079071,0.762499988079071,0.762499988079071,0.762499988079071,0.762499988079071,10810.0
2024-07-03 12:11:00,NXL,1.399999976158142,1.399999976158142,1.399999976158142,1.399999976158142,1.399999976158142,956.0
2024-07-03 12:11:00,OCGN,1.6150000095367432,1.6150000095367432,1.6200000047683716,1.6119999885559082,1.6200000047683716,2007.0
2024-07-03 12:11:00,OCUL,6.620100021362305,6.620100021362305,6.625,6.620100021362305,6.625,1317.0
2024-07-03 12:11:00,OFIX,13.494999885559082,13.494999885559082,13.494999885559082,13.479999542236328,13.479999542236328,1083.0
2024-07-03 12:11:00,OLK,25.75,25.75,25.75,25.75,25.75,183.0
2024-07-03 12:11:00,OLMA,10.520000457763672,10.520000457763672,10.529999732971191,10.520000457763672,10.529999732971191,1280.0
2024-07-03 12:11:00,OM,3.884999990463257,3.884999990463257,3.884999990463257,3.880000114440918,3.880000114440918,324.0
2024-07-03 12:11:00,OMCL,26.610000610351562,26.610000610351562,26.610000610351562,26.610000610351562,26.610000610351562,497.0
2024-07-03 12:12:00,AADI,1.3799999952316284,1.3799999952316284,1.3799999952316284,1.3799999952316284,1.3799999952316284,1070.0
2024-07-03 12:12:00,ABCL,2.7200000286102295,2.7200000286102295,2.7200000286102295,2.7100000381469727,2.7149999141693115,21151.0
2024-07-03 12:12:00,ABEO,4.28000020980835,4.28000020980835,4.28000020980835,4.28000020980835,4.28000020980835,119.0
2024-07-03 12:12:00,ABSI,3.194999933242798,3.194999933242798,3.200000047683716,3.194999933242798,3.200000047683716,896.0
2024-07-03 12:12:00,ABUS,3.1449999809265137,3.1449999809265137,3.1500000953674316,3.1449999809265137,3.1500000953674316,1694.0
2024-07-03 12:12:00,ACAD,15.600000381469727,15.600000381469727,15.600000381469727,15.579999923706055,15.579999923706055,3498.0
2024-07-03 12:12:00,ACB,4.920000076293945,4.920000076293945,4.920000076293945,4.9197001457214355,4.9197001457214355,1462.0
2024-07-03 12:12:00,ACCD,3.5950000286102295,3.5950000286102295,3.5999999046325684,3.5899999141693115,3.5899999141693115,2576.0
2024-07-03 12:12:00,ACET,1.0850000381469727,1.0850000381469727,1.0850000381469727,1.0850000381469727,1.0850000381469727,462.0
2024-07-03 12:12:00,ACHC,66.69000244140625,66.69000244140625,66.69999694824219,66.68499755859375,66.69999694824219,1828.0
2024-07-03 12:12:00,ACLX,54.61000061035156,54.61000061035156,54.61000061035156,54.56999969482422,54.61000061035156,458.0
2024-07-03 12:12:00,ACRS,1.149999976158142,1.149999976158142,1.149999976158142,1.149999976158142,1.149999976158142,677.0
2024-07-03 12:12:00,ADAP,1.0099999904632568,1.0099999904632568,1.0199999809265137,1.0022000074386597,1.0022000074386597,17357.0
2024-07-03 12:12:00,ADMA,11.234999656677246,11.234999656677246,11.234999656677246,11.234999656677246,11.234999656677246,213.0
2024-07-03 12:12:00,ADPT,3.3949999809265137,3.3949999809265137,3.3949999809265137,3.3949999809265137,3.3949999809265137,780.0
2024-07-03 12:12:00,AIMD,0.9682000279426575,0.9682000279426575,0.9682000279426575,0.9200999736785889,0.9200999736785889,55766.0
2024-07-03 12:12:00,AKBA,0.9570000171661377,0.9570000171661377,0.9574000239372253,0.9526000022888184,0.9526000022888184,17112.0
2024-07-03 12:12:00,AKYA,2.0999999046325684,2.0999999046325684,2.109999895095825,2.0999999046325684,2.109999895095825,2100.0
2024-07-03 12:12:00,ALEC,4.425000190734863,4.425000190734863,4.429999828338623,4.425000190734863,4.429999828338623,2138.0
2024-07-03 12:12:00,ALGN,242.49000549316406,242.49000549316406,242.49000549316406,242.49000549316406,242.49000549316406,405.0
2024-07-03 12:12:00,ALGS,0.4237000048160553,0.4237000048160553,0.42489999532699585,0.4237000048160553,0.4237000048160553,3100.0
2024-07-03 12:12:00,ALHC,7.960000038146973,7.960000038146973,7.960000038146973,7.960000038146973,7.960000038146973,1132.0
2024-07-03 12:12:00,ALIM,5.525000095367432,5.525000095367432,5.525000095367432,5.525000095367432,5.525000095367432,542.0
2024-07-03 12:12:00,ALLO,2.0950000286102295,2.0950000286102295,2.0950000286102295,2.0950000286102295,2.0950000286102295,2279.0
2024-07-03 12:12:00,ALLR,0.19499999284744263,0.19499999284744263,0.20000000298023224,0.19499999284744263,0.1979999989271164,28410.0
2024-07-03 12:12:00,ALNY,246.30999755859375,246.30999755859375,246.52999877929688,246.22000122070312,246.22000122070312,5916.0
2024-07-03 12:12:00,ALT,6.65500020980835,6.65500020980835,6.670000076293945,6.65500020980835,6.670000076293945,6538.0
2024-07-03 12:12:00,ALXO,5.695000171661377,5.695000171661377,5.695000171661377,5.690000057220459,5.690000057220459,1316.0
2024-07-03 12:12:00,AMED,97.0,97.0,97.0,96.98999786376953,96.98999786376953,1945.0
2024-07-03 12:12:00,AMGN,306.9800109863281,306.9800109863281,307.0450134277344,306.9599914550781,306.9700012207031,7445.0
2024-07-03 12:12:00,AMLX,1.7549999952316284,1.7549999952316284,1.7599999904632568,1.7549999952316284,1.7599999904632568,959.0
2024-07-03 12:12:00,AMPH,38.33000183105469,38.33000183105469,38.33000183105469,38.33000183105469,38.33000183105469,907.0
2024-07-03 12:12:00,ANAB,25.0,25.0,25.045000076293945,25.0,25.045000076293945,645.0
2024-07-03 12:12:00,ANNX,4.775000095367432,4.775000095367432,4.775000095367432,4.775000095367432,4.775000095367432,1603.0
2024-07-03 12:12:00,APLS,35.18000030517578,35.18000030517578,35.21500015258789,35.17499923706055,35.20000076293945,1619.0
2024-07-03 12:12:00,APLT,4.340000152587891,4.340000152587891,4.340000152587891,4.340000152587891,4.340000152587891,103.0
2024-07-03 12:12:00,APM,3.997999906539917,3.997999906539917,3.997999906539917,3.997999906539917,3.997999906539917,1005.0
2024-07-03 12:12:00,APYX,1.3350000381469727,1.3350000381469727,1.3350000381469727,1.3200000524520874,1.3200000524520874,2626.0
2024-07-03 12:12:00,AQST,2.440000057220459,2.440000057220459,2.440000057220459,2.440000057220459,2.440000057220459,860.0
2024-07-03 12:12:00,ARCT,21.46500015258789,21.46500015258789,21.46500015258789,21.46500015258789,21.46500015258789,121.0
2024-07-03 12:12:00,ARDX,5.295000076293945,5.295000076293945,5.300000190734863,5.28000020980835,5.280300140380859,23478.0
2024-07-03 12:12:00,ARQT,9.555000305175781,9.555000305175781,9.5649995803833,9.555000305175781,9.5649995803833,1936.0
2024-07-03 12:12:00,ARVN,23.8799991607666,23.8799991607666,23.8799991607666,23.8799991607666,23.8799991607666,1126.0
2024-07-03 12:12:00,ARWR,25.139999389648438,25.139999389648438,25.149999618530273,25.139999389648438,25.149999618530273,940.0
2024-07-03 12:12:00,ASMB,12.0,12.0,12.0,12.0,12.0,806.0
2024-07-03 12:12:00,ASND,134.94000244140625,134.94000244140625,134.94000244140625,134.94000244140625,134.94000244140625,374.0
2024-07-03 12:12:00,ATAI,1.2867000102996826,1.2867000102996826,1.2867000102996826,1.2867000102996826,1.2867000102996826,200.0
2024-07-03 12:12:00,ATRC,22.280000686645508,22.280000686645508,22.290000915527344,22.280000686645508,22.280000686645508,1333.0
2024-07-03 12:12:00,AUTL,3.490000009536743,3.490000009536743,3.490000009536743,3.490000009536743,3.490000009536743,328.0
2024-07-03 12:12:00,AVIR,3.307499885559082,3.307499885559082,3.307499885559082,3.307499885559082,3.307499885559082,1335.0
2024-07-03 12:12:00,AVTE,1.6699999570846558,1.6699999570846558,1.6749999523162842,1.6699999570846558,1.6749999523162842,19521.0
2024-07-03 12:12:00,AVXL,4.14900016784668,4.14900016784668,4.150000095367432,4.14900016784668,4.150000095367432,758.0
2024-07-03 12:12:00,AXGN,7.489999771118164,7.489999771118164,7.489999771118164,7.489999771118164,7.489999771118164,337.0
2024-07-03 12:12:00,AXNX,67.4800033569336,67.4800033569336,67.4800033569336,67.4800033569336,67.4800033569336,441.0
2024-07-03 12:12:00,AZN,76.66500091552734,76.66500091552734,76.68499755859375,76.66000366210938,76.68499755859375,5829.0
2024-07-03 12:12:00,AZTA,52.5,52.5,52.5099983215332,52.5,52.5,980.0
2024-07-03 12:12:00,BBIO,25.3700008392334,25.3700008392334,25.3700008392334,25.3700008392334,25.3700008392334,1451.0
2024-07-03 12:12:00,BCAB,1.3949999809265137,1.3949999809265137,1.3949999809265137,1.3949999809265137,1.3949999809265137,963.0
2024-07-03 12:12:00,BCRX,6.445000171661377,6.445000171661377,6.454999923706055,6.445000171661377,6.449999809265137,3673.0
2024-07-03 12:12:00,BEAM,23.639999389648438,23.639999389648438,23.639999389648438,23.59000015258789,23.59000015258789,544.0
2024-07-03 12:12:00,BGNE,148.0399932861328,148.0399932861328,148.2050018310547,148.0399932861328,148.1999969482422,7084.0
2024-07-03 12:12:00,BGXX,0.26330000162124634,0.26330000162124634,0.26330000162124634,0.26330000162124634,0.26330000162124634,942.0
2024-07-03 12:12:00,BIIB,223.125,223.125,223.19000244140625,223.125,223.19000244140625,1855.0
2024-07-03 12:12:00,BLUE,0.9200999736785889,0.9200999736785889,0.9207000136375427,0.9200999736785889,0.9200999736785889,6560.0
2024-07-03 12:12:00,BMEA,4.34499979019165,4.34499979019165,4.34499979019165,4.34499979019165,4.34499979019165,200.0
2024-07-03 12:12:00,BMRN,80.88999938964844,80.88999938964844,80.88999938964844,80.88999938964844,80.88999938964844,238.0
2024-07-03 12:12:00,BNGO,0.5759999752044678,0.5759999752044678,0.5799999833106995,0.5759999752044678,0.5799999833106995,983.0
2024-07-03 12:12:00,BNTX,80.13999938964844,80.13999938964844,80.13999938964844,80.0199966430664,80.0199966430664,3018.0
2024-07-03 12:12:00,BPMC,110.94999694824219,110.94999694824219,110.94999694824219,110.94999694824219,110.94999694824219,616.0
2024-07-03 12:12:00,BRKR,61.290000915527344,61.290000915527344,61.349998474121094,61.290000915527344,61.349998474121094,1955.0
2024-07-03 12:12:00,CABA,7.570000171661377,7.570000171661377,7.570000171661377,7.570000171661377,7.570000171661377,192.0
2024-07-03 12:12:00,CADL,6.28000020980835,6.28000020980835,6.28000020980835,6.28000020980835,6.28000020980835,142.0
2024-07-03 12:12:00,CAPR,4.840000152587891,4.840000152587891,4.840000152587891,4.840000152587891,4.840000152587891,2871.0
2024-07-03 12:12:00,CARA,0.2888999879360199,0.2888999879360199,0.2888999879360199,0.2888999879360199,0.2888999879360199,2000.0
2024-07-03 12:12:00,CCCC,4.579999923706055,4.579999923706055,4.590000152587891,4.574999809265137,4.590000152587891,4264.0
2024-07-03 12:12:00,CCRN,13.649999618530273,13.649999618530273,13.649999618530273,13.649999618530273,13.649999618530273,444.0
2024-07-03 12:12:00,CDMO,7.860000133514404,7.860000133514404,7.880000114440918,7.800000190734863,7.809999942779541,28084.0
2024-07-03 12:12:00,CDXC,2.5299999713897705,2.5299999713897705,2.5299999713897705,2.5299999713897705,2.5299999713897705,101.0
2024-07-03 12:12:00,CELC,16.219999313354492,16.219999313354492,16.219999313354492,16.219999313354492,16.219999313354492,287.0
2024-07-03 12:12:00,CERE,39.755001068115234,39.755001068115234,39.7599983215332,39.720001220703125,39.744998931884766,17462.0
2024-07-03 12:12:00,CERS,1.715000033378601,1.715000033378601,1.715000033378601,1.7100000381469727,1.715000033378601,870.0
2024-07-03 12:12:00,CGC,6.565000057220459,6.565000057220459,6.565000057220459,6.565000057220459,6.565000057220459,1341.0
2024-07-03 12:12:00,CGEM,16.639999389648438,16.639999389648438,16.639999389648438,16.610000610351562,16.610000610351562,1848.0
2024-07-03 12:12:00,CHRS,1.3899999856948853,1.3899999856948853,1.3899999856948853,1.3849999904632568,1.3849999904632568,725.0
2024-07-03 12:12:00,CING,0.3325999975204468,0.3325999975204468,0.3325999975204468,0.3325999975204468,0.3325999975204468,1749.0
2024-07-03 12:12:00,CKPT,2.1649999618530273,2.1649999618530273,2.1649999618530273,2.1649999618530273,2.1649999618530273,400.0
2024-07-03 12:12:00,CLDX,36.255001068115234,36.255001068115234,36.29999923706055,36.150001525878906,36.29499816894531,2902.0
2024-07-03 12:12:00,CLOV,1.25,1.25,1.25,1.25,1.25,335.0
2024-07-03 12:12:00,CMPS,6.235000133514404,6.235000133514404,6.239999771118164,6.21999979019165,6.235000133514404,826.0
2024-07-03 12:12:00,CMRX,0.869700014591217,0.869700014591217,0.869700014591217,0.869700014591217,0.869700014591217,847.0
2024-07-03 12:12:00,CNSP,1.4700000286102295,1.4700000286102295,1.4900000095367432,1.4600000381469727,1.4845999479293823,34007.0
2024-07-03 12:12:00,COCP,2.4168999195098877,2.4168999195098877,2.4168999195098877,2.4168999195098877,2.4168999195098877,158.0
2024-07-03 12:12:00,COGT,8.390000343322754,8.390000343322754,8.390000343322754,8.385000228881836,8.385000228881836,436.0
2024-07-03 12:12:00,CORT,30.34000015258789,30.34000015258789,30.34000015258789,30.34000015258789,30.34000015258789,169.0
2024-07-03 12:12:00,CPRX,15.430000305175781,15.430000305175781,15.4399995803833,15.430000305175781,15.4399995803833,786.0
2024-07-03 12:12:00,CRBU,1.5800000429153442,1.5800000429153442,1.5800000429153442,1.5800000429153442,1.5800000429153442,201.0
2024-07-03 12:12:00,CRDF,2.265000104904175,2.265000104904175,2.265000104904175,2.265000104904175,2.265000104904175,900.0
2024-07-03 12:12:00,CRIS,6.309999942779541,6.309999942779541,6.309999942779541,6.309999942779541,6.309999942779541,300.0
2024-07-03 12:12:00,CRMD,4.144999980926514,4.144999980926514,4.150000095367432,4.144999980926514,4.144999980926514,1087.0
2024-07-03 12:12:00,CRSP,54.0,54.0,54.0,53.974998474121094,54.0,1834.0
2024-07-03 12:12:00,CTKB,5.59499979019165,5.59499979019165,5.59499979019165,5.59499979019165,5.59499979019165,339.0
2024-07-03 12:12:00,CUTR,1.2999999523162842,1.2999999523162842,1.2999999523162842,1.2949999570846558,1.2949999570846558,1202.0
2024-07-03 12:12:00,CVAC,3.259999990463257,3.259999990463257,3.2799999713897705,3.240000009536743,3.240000009536743,41578.0
2024-07-03 12:12:00,CYTK,54.599998474121094,54.599998474121094,54.599998474121094,54.59000015258789,54.59000015258789,101.0
2024-07-03 12:12:00,DARE,3.100100040435791,3.100100040435791,3.100100040435791,3.100100040435791,3.100100040435791,874.0
2024-07-03 12:12:00,DAWN,13.34000015258789,13.34000015258789,13.34000015258789,13.34000015258789,13.34000015258789,384.0
2024-07-03 12:12:00,DCTH,7.920000076293945,7.920000076293945,7.920000076293945,7.920000076293945,7.920000076293945,654.0
2024-07-03 12:12:00,DH,5.394999980926514,5.394999980926514,5.394999980926514,5.394999980926514,5.394999980926514,633.0
2024-07-03 12:12:00,DNLI,21.385000228881836,21.385000228881836,21.385000228881836,21.360000610351562,21.360000610351562,1233.0
2024-07-03 12:12:00,DSGN,3.309999942779541,3.309999942779541,3.309999942779541,3.299999952316284,3.299999952316284,1235.0
2024-07-03 12:12:00,DVAX,11.074999809265137,11.074999809265137,11.100000381469727,11.074999809265137,11.085000038146973,22525.0
2024-07-03 12:12:00,DXCM,110.90540313720703,110.90540313720703,110.90540313720703,110.881103515625,110.881103515625,1048.0
2024-07-03 12:12:00,DYN,34.25,34.25,34.25,34.25,34.25,117.0
2024-07-03 12:12:00,EDIT,4.639999866485596,4.639999866485596,4.644999980926514,4.639999866485596,4.644999980926514,2043.0
2024-07-03 12:12:00,ENSG,126.9000015258789,126.9000015258789,126.9000015258789,126.9000015258789,126.9000015258789,251.0
2024-07-03 12:12:00,EOLS,10.930000305175781,10.930000305175781,10.930000305175781,10.930000305175781,10.930000305175781,341.0
2024-07-03 12:12:00,ERAS,2.2200000286102295,2.2200000286102295,2.2200000286102295,2.219099998474121,2.2200000286102295,1324.0
2024-07-03 12:12:00,ESPR,2.3499999046325684,2.3499999046325684,2.3499999046325684,2.3499999046325684,2.3499999046325684,841.0
2024-07-03 12:12:00,EXAS,43.220001220703125,43.220001220703125,43.279998779296875,43.220001220703125,43.224998474121094,3265.0
2024-07-03 12:12:00,EXEL,21.833799362182617,21.833799362182617,21.84000015258789,21.833799362182617,21.84000015258789,1642.0
2024-07-03 12:12:00,FATE,3.1600000858306885,3.1600000858306885,3.1649999618530273,3.1600000858306885,3.1649999618530273,1894.0
2024-07-03 12:12:00,FBRX,0.5099999904632568,0.5099999904632568,0.5099999904632568,0.5,0.5,767.0
2024-07-03 12:12:00,FDMT,20.915000915527344,20.915000915527344,20.915000915527344,20.915000915527344,20.915000915527344,241.0
2024-07-03 12:12:00,FGEN,0.7182000279426575,0.7182000279426575,0.7182000279426575,0.7175999879837036,0.7175999879837036,1104.0
2024-07-03 12:12:00,FHTX,5.699999809265137,5.699999809265137,5.769999980926514,5.699999809265137,5.769999980926514,2354.0
2024-07-03 12:12:00,FOLD,9.875,9.875,9.875,9.875,9.875,860.0
2024-07-03 12:12:00,FULC,6.135000228881836,6.135000228881836,6.135000228881836,6.135000228881836,6.135000228881836,228.0
2024-07-03 12:12:00,GALT,2.1600000858306885,2.1600000858306885,2.1600000858306885,2.1600000858306885,2.1600000858306885,105.0
2024-07-03 12:12:00,GANX,1.1449999809265137,1.1449999809265137,1.1449999809265137,1.1399999856948853,1.1449999809265137,1533.0
2024-07-03 12:12:00,GERN,4.335000038146973,4.335000038146973,4.335000038146973,4.335000038146973,4.335000038146973,1846.0
2024-07-03 12:12:00,GH,28.229999542236328,28.229999542236328,28.260000228881836,28.229999542236328,28.239999771118164,2666.0
2024-07-03 12:12:00,GILD,66.8949966430664,66.8949966430664,66.91999816894531,66.87999725341797,66.91999816894531,3045.0
2024-07-03 12:12:00,GLUE,3.8399999141693115,3.8399999141693115,3.8399999141693115,3.805000066757202,3.805000066757202,7736.0
2024-07-03 12:12:00,GLYC,0.2754000127315521,0.2754000127315521,0.27709999680519104,0.2754000127315521,0.27709999680519104,1389.0
2024-07-03 12:12:00,GMAB,25.139999389648438,25.139999389648438,25.149999618530273,25.139999389648438,25.149999618530273,546.0
2024-07-03 12:12:00,GOSS,0.9535999894142151,0.9535999894142151,0.9599999785423279,0.9535999894142151,0.9596999883651733,13107.0
2024-07-03 12:12:00,GOVX,2.91129994392395,2.91129994392395,2.91129994392395,2.9100000858306885,2.9100000858306885,250.0
2024-07-03 12:12:00,GRFS,6.65500020980835,6.65500020980835,6.659999847412109,6.650000095367432,6.65500020980835,612.0
2024-07-03 12:12:00,GTHX,2.549999952316284,2.549999952316284,2.549999952316284,2.549999952316284,2.549999952316284,505.0
2024-07-03 12:12:00,HALO,52.25,52.25,52.25,52.25,52.25,791.0
2024-07-03 12:12:00,HBIO,2.8299999237060547,2.8299999237060547,2.8299999237060547,2.8299999237060547,2.8299999237060547,1601.0
2024-07-03 12:12:00,HCAT,6.204999923706055,6.204999923706055,6.210000038146973,6.204999923706055,6.210000038146973,1075.0
2024-07-03 12:12:00,HCSG,10.645000457763672,10.645000457763672,10.645000457763672,10.630000114440918,10.630000114440918,2848.0
2024-07-03 12:12:00,HOLX,73.05500030517578,73.05500030517578,73.05999755859375,73.05000305175781,73.05999755859375,3415.0
2024-07-03 12:12:00,HQY,83.61000061035156,83.61000061035156,83.61000061035156,83.61000061035156,83.61000061035156,683.0
2024-07-03 12:12:00,HRMY,30.549999237060547,30.549999237060547,30.549999237060547,30.549999237060547,30.549999237060547,205.0
2024-07-03 12:12:00,HRTX,2.755000114440918,2.755000114440918,2.755000114440918,2.75,2.75,421.0
2024-07-03 12:12:00,HSIC,65.0,65.0,65.01000213623047,65.0,65.01000213623047,1422.0
2024-07-03 12:12:00,HUGE,0.14190000295639038,0.14190000295639038,0.14190000295639038,0.14190000295639038,0.14190000295639038,1500.0
2024-07-03 12:12:00,HUMA,5.800000190734863,5.800000190734863,5.829999923706055,5.730000019073486,5.735799789428711,70412.0
2024-07-03 12:12:00,IART,28.520000457763672,28.520000457763672,28.520000457763672,28.5,28.5,1194.0
2024-07-03 12:12:00,ICLR,318.14990234375,318.14990234375,318.14990234375,318.14990234375,318.14990234375,391.0
2024-07-03 12:12:00,IDYA,33.3849983215332,33.3849983215332,33.3849983215332,33.380001068115234,33.380001068115234,786.0
2024-07-03 12:12:00,IGMS,6.485000133514404,6.485000133514404,6.485000133514404,6.485000133514404,6.485000133514404,101.0
2024-07-03 12:12:00,IINN,1.4114999771118164,1.4114999771118164,1.4114999771118164,1.4114999771118164,1.4114999771118164,100.0
2024-07-03 12:12:00,ILMN,105.76840209960938,105.76840209960938,105.77999877929688,105.76840209960938,105.77999877929688,697.0
2024-07-03 12:12:00,IMMX,2.390000104904175,2.390000104904175,2.396699905395508,2.390000104904175,2.396699905395508,912.0
2024-07-03 12:12:00,IMNM,12.005000114440918,12.005000114440918,12.005000114440918,12.005000114440918,12.005000114440918,380.0
2024-07-03 12:12:00,IMUX,1.1399999856948853,1.1399999856948853,1.1399999856948853,1.1399999856948853,1.1399999856948853,163.0
2024-07-03 12:12:00,IMVT,26.05500030517578,26.05500030517578,26.06999969482422,26.030000686645508,26.06999969482422,1417.0
2024-07-03 12:12:00,INBX,13.079999923706055,13.079999923706055,13.079999923706055,13.079999923706055,13.079999923706055,303.0
2024-07-03 12:12:00,INCY,57.77000045776367,57.77000045776367,57.77000045776367,57.720001220703125,57.72999954223633,6701.0
2024-07-03 12:12:00,INGN,8.020000457763672,8.020000457763672,8.020000457763672,8.010000228881836,8.010000228881836,1132.0
2024-07-03 12:12:00,INMB,7.880000114440918,7.880000114440918,7.880000114440918,7.880000114440918,7.880000114440918,226.0
2024-07-03 12:12:00,INSM,61.97999954223633,61.97999954223633,62.15999984741211,61.97999954223633,62.15999984741211,22871.0
2024-07-03 12:12:00,IONM,0.31700000166893005,0.31700000166893005,0.31700000166893005,0.31700000166893005,0.31700000166893005,3104.0
2024-07-03 12:12:00,IONS,44.8650016784668,44.8650016784668,44.8650016784668,44.8650016784668,44.8650016784668,1197.0
2024-07-03 12:12:00,IOVA,7.489999771118164,7.489999771118164,7.494999885559082,7.480000019073486,7.494999885559082,8723.0
2024-07-03 12:12:00,IRTC,94.51000213623047,94.51000213623047,94.51000213623047,94.25,94.25,1949.0
2024-07-03 12:12:00,IRWD,6.135000228881836,6.135000228881836,6.139999866485596,6.135000228881836,6.135000228881836,1875.0
2024-07-03 12:12:00,ISPC,0.2702000141143799,0.2702000141143799,0.2703000009059906,0.2702000141143799,0.2703000009059906,3438.0
2024-07-03 12:12:00,ISRG,434.12689208984375,434.12689208984375,434.30999755859375,434.12689208984375,434.29998779296875,2516.0
2024-07-03 12:12:00,IVVD,1.100000023841858,1.100000023841858,1.100000023841858,1.090000033378601,1.090399980545044,15044.0
2024-07-03 12:12:00,KALV,11.65999984741211,11.65999984741211,11.6899995803833,11.65999984741211,11.6899995803833,401.0
2024-07-03 12:12:00,KIDS,29.81999969482422,29.81999969482422,29.81999969482422,29.81999969482422,29.81999969482422,594.0
2024-07-03 12:12:00,KMDA,5.150000095367432,5.150000095367432,5.150000095367432,5.150000095367432,5.150000095367432,380.0
2024-07-03 12:12:00,KOD,2.2100000381469727,2.2100000381469727,2.2100000381469727,2.2100000381469727,2.2100000381469727,200.0
2024-07-03 12:12:00,KPTI,0.8317999839782715,0.8317999839782715,0.8317999839782715,0.8310999870300293,0.8310999870300293,846.0
2024-07-03 12:12:00,KROS,42.415000915527344,42.415000915527344,42.415000915527344,42.415000915527344,42.415000915527344,447.0
2024-07-03 12:12:00,KRYS,176.61000061035156,176.61000061035156,176.61000061035156,176.5800018310547,176.5800018310547,920.0
2024-07-03 12:12:00,KTRA,0.2883000075817108,0.2883000075817108,0.2883000075817108,0.2883000075817108,0.2883000075817108,2200.0
2024-07-03 12:12:00,KURA,20.229999542236328,20.229999542236328,20.229999542236328,20.229999542236328,20.229999542236328,709.0
2024-07-03 12:12:00,KZR,0.5759000182151794,0.5759000182151794,0.5759000182151794,0.5759000182151794,0.5759000182151794,1037.0
2024-07-03 12:12:00,LAB,1.8300000429153442,1.8300000429153442,1.8300000429153442,1.8200000524520874,1.8250000476837158,4564.0
2024-07-03 12:12:00,LBPH,32.02000045776367,32.02000045776367,32.20000076293945,32.02000045776367,32.13999938964844,4159.0
2024-07-03 12:12:00,LEGN,45.91999816894531,45.91999816894531,45.91999816894531,45.91999816894531,45.91999816894531,889.0
2024-07-03 12:12:00,LFMD,6.730000019073486,6.730000019073486,6.730000019073486,6.730000019073486,6.730000019073486,275.0
2024-07-03 12:12:00,LFST,5.130000114440918,5.130000114440918,5.135000228881836,5.125,5.135000228881836,3708.0
2024-07-03 12:12:00,LIVN,52.65999984741211,52.65999984741211,52.65999984741211,52.650001525878906,52.650001525878906,1265.0
2024-07-03 12:12:00,LQDA,11.96500015258789,11.96500015258789,11.96500015258789,11.96500015258789,11.96500015258789,242.0
2024-07-03 12:12:00,LRMR,7.78000020980835,7.78000020980835,7.78000020980835,7.710000038146973,7.710000038146973,4342.0
2024-07-03 12:12:00,LUCY,0.4636000096797943,0.4636000096797943,0.46399998664855957,0.4636000096797943,0.46399998664855957,30524.0
2024-07-03 12:12:00,LXRX,1.6150000095367432,1.6150000095367432,1.6200000047683716,1.6150000095367432,1.6200000047683716,756.0
2024-07-03 12:12:00,LYRA,0.2858000099658966,0.2858000099658966,0.2858999967575073,0.2858000099658966,0.2858000099658966,311.0
2024-07-03 12:12:00,MASI,114.5250015258789,114.5250015258789,114.69499969482422,114.51000213623047,114.69499969482422,5821.0
2024-07-03 12:12:00,MBIO,0.49630001187324524,0.49630001187324524,0.5,0.49630001187324524,0.4999000132083893,9310.0
2024-07-03 12:12:00,MBOT,1.0575000047683716,1.0575000047683716,1.0575000047683716,1.0575000047683716,1.0575000047683716,2000.0
2024-07-03 12:12:00,MCRB,0.7324000000953674,0.7324000000953674,0.7324000000953674,0.7286999821662903,0.7286999821662903,7492.0
2024-07-03 12:12:00,MDXG,6.764999866485596,6.764999866485596,6.764999866485596,6.760000228881836,6.764999866485596,2370.0
2024-07-03 12:12:00,ME,0.413100004196167,0.413100004196167,0.413100004196167,0.41280001401901245,0.41280001401901245,961.0
2024-07-03 12:12:00,MGNX,4.184999942779541,4.184999942779541,4.190000057220459,4.184999942779541,4.190000057220459,654.0
2024-07-03 12:12:00,MGTX,3.994999885559082,3.994999885559082,3.994999885559082,3.994999885559082,3.994999885559082,43.0
2024-07-03 12:12:00,MLTX,41.41999816894531,41.41999816894531,41.41999816894531,41.41999816894531,41.41999816894531,567.0
2024-07-03 12:12:00,MNKD,5.014999866485596,5.014999866485596,5.014999866485596,5.010000228881836,5.014999866485596,2989.0
2024-07-03 12:12:00,MNMD,7.190000057220459,7.190000057220459,7.195000171661377,7.190000057220459,7.190000057220459,4901.0
2024-07-03 12:12:00,MRNA,115.91500091552734,115.91500091552734,115.9800033569336,115.91500091552734,115.9800033569336,1293.0
2024-07-03 12:12:00,MRNS,1.2050000429153442,1.2050000429153442,1.2050000429153442,1.2050000429153442,1.2050000429153442,600.0
2024-07-03 12:12:00,MRSN,1.8600000143051147,1.8600000143051147,1.8600000143051147,1.8550000190734863,1.8550000190734863,300.0
2024-07-03 12:12:00,MRUS,52.630001068115234,52.630001068115234,52.70000076293945,52.630001068115234,52.66999816894531,3577.0
2024-07-03 12:12:00,MRVI,7.010000228881836,7.010000228881836,7.010000228881836,7.005000114440918,7.005000114440918,779.0
2024-07-03 12:12:00,MXCT,3.694999933242798,3.694999933242798,3.700000047683716,3.694999933242798,3.700000047683716,972.0
2024-07-03 12:12:00,MYGN,25.010000228881836,25.010000228881836,25.010000228881836,25.010000228881836,25.010000228881836,429.0
2024-07-03 12:12:00,NARI,49.709999084472656,49.709999084472656,49.709999084472656,49.709999084472656,49.709999084472656,406.0
2024-07-03 12:12:00,NBIX,138.19000244140625,138.19000244140625,138.19000244140625,138.13499450683594,138.13499450683594,805.0
2024-07-03 12:12:00,NDRA,0.09889999777078629,0.09889999777078629,0.0997999981045723,0.09799999743700027,0.0997999981045723,59602.0
2024-07-03 12:12:00,NEOG,15.149999618530273,15.149999618530273,15.149999618530273,15.149999618530273,15.149999618530273,1365.0
2024-07-03 12:12:00,NKTR,1.2699999809265137,1.2699999809265137,1.2699999809265137,1.2649999856948853,1.2649999856948853,2105.0
2024-07-03 12:12:00,NLSP,0.2029999941587448,0.2029999941587448,0.20389999449253082,0.20190000534057617,0.20190000534057617,2284.0
2024-07-03 12:12:00,NNOX,7.059999942779541,7.059999942779541,7.059999942779541,7.050099849700928,7.050099849700928,851.0
2024-07-03 12:12:00,NPCE,7.269999980926514,7.269999980926514,7.269999980926514,7.232999801635742,7.232999801635742,404.0
2024-07-03 12:12:00,NRC,23.260000228881836,23.260000228881836,23.270000457763672,23.260000228881836,23.270000457763672,876.0
2024-07-03 12:12:00,NRIX,19.540000915527344,19.540000915527344,19.594999313354492,19.540000915527344,19.594999313354492,3176.0
2024-07-03 12:12:00,NTLA,22.709999084472656,22.709999084472656,22.709999084472656,22.709999084472656,22.709999084472656,327.0
2024-07-03 12:12:00,NTRA,111.43499755859375,111.43499755859375,111.44499969482422,111.43499755859375,111.44499969482422,587.0
2024-07-03 12:12:00,NUVL,71.98999786376953,71.98999786376953,71.98999786376953,71.97000122070312,71.9800033569336,978.0
2024-07-03 12:12:00,NUWE,3.8299999237060547,3.8299999237060547,3.8510000705718994,3.8299999237060547,3.8510000705718994,1126.0
2024-07-03 12:12:00,NVAX,12.5649995803833,12.5649995803833,12.574999809265137,12.550000190734863,12.550000190734863,11893.0
2024-07-03 12:12:00,NVCR,16.6299991607666,16.6299991607666,16.6299991607666,16.6299991607666,16.6299991607666,1552.0
2024-07-03 12:12:00,NVCT,6.179999828338623,6.179999828338623,6.230000019073486,6.179999828338623,6.230000019073486,508.0
2024-07-03 12:12:00,OCGN,1.6200000047683716,1.6200000047683716,1.6200000047683716,1.6200000047683716,1.6200000047683716,807.0
2024-07-03 12:12:00,OCUL,6.625,6.625,6.625,6.625,6.625,419.0
2024-07-03 12:12:00,OM,3.880000114440918,3.880000114440918,3.880000114440918,3.880000114440918,3.880000114440918,526.0
2024-07-03 12:12:00,OMER,3.9000000953674316,3.9000000953674316,3.9000000953674316,3.9000000953674316,3.9000000953674316,126.0
2024-07-03 12:12:00,OMGA,1.9299999475479126,1.9299999475479126,1.940000057220459,1.9199999570846558,1.940000057220459,11851.0
2024-07-03 12:12:00,ONCY,1.0049999952316284,1.0049999952316284,1.0049999952316284,1.0049999952316284,1.0049999952316284,256.0
2024-07-03 12:13:00,ABCL,2.7149999141693115,2.7149999141693115,2.7200000286102295,2.7149999141693115,2.7200000286102295,1147.0
2024-07-03 12:13:00,ABSI,3.200000047683716,3.200000047683716,3.200000047683716,3.194999933242798,3.1989998817443848,776.0
2024-07-03 12:13:00,ABUS,3.1500000953674316,3.1500000953674316,3.1500000953674316,3.1449999809265137,3.1449999809265137,634.0
2024-07-03 12:13:00,ACAD,15.579999923706055,15.579999923706055,15.59000015258789,15.579999923706055,15.59000015258789,1118.0
2024-07-03 12:13:00,ACCD,3.6549999713897705,3.6549999713897705,3.6549999713897705,3.5999999046325684,3.5999999046325684,92765.0
2024-07-03 12:13:00,ACHC,66.68499755859375,66.68499755859375,66.70500183105469,66.68499755859375,66.70500183105469,455.0
2024-07-03 12:13:00,ACLX,54.564998626708984,54.564998626708984,54.564998626708984,54.564998626708984,54.564998626708984,101.0
2024-07-03 12:13:00,ACRS,1.149999976158142,1.149999976158142,1.149999976158142,1.149999976158142,1.149999976158142,1761.0
2024-07-03 12:13:00,ACXP,2.049999952316284,2.049999952316284,2.049999952316284,2.049999952316284,2.049999952316284,3300.0
2024-07-03 12:13:00,ADMA,11.234999656677246,11.234999656677246,11.234999656677246,11.234999656677246,11.234999656677246,919.0
2024-07-03 12:13:00,ADTX,1.4950000047683716,1.4950000047683716,1.4950000047683716,1.4950000047683716,1.4950000047683716,35.0
2024-07-03 12:13:00,AFMD,5.050000190734863,5.050000190734863,5.071199893951416,5.050000190734863,5.054200172424316,1685.0
2024-07-03 12:13:00,AHCO,9.774999618530273,9.774999618530273,9.774999618530273,9.774999618530273,9.774999618530273,2053.0
2024-07-03 12:13:00,AIMD,0.9599999785423279,0.9599999785423279,0.9625999927520752,0.9399999976158142,0.9501000046730042,25296.0
2024-07-03 12:13:00,AKBA,0.9574000239372253,0.9574000239372253,0.9574000239372253,0.95660001039505,0.9570000171661377,5444.0
2024-07-03 12:13:00,AKYA,2.119999885559082,2.119999885559082,2.119999885559082,2.109999895095825,2.109999895095825,2113.0
2024-07-03 12:13:00,ALGN,242.32000732421875,242.32000732421875,242.47000122070312,242.32000732421875,242.47000122070312,613.0
2024-07-03 12:13:00,ALHC,7.980000019073486,7.980000019073486,7.989999771118164,7.960000038146973,7.965000152587891,11301.0
2024-07-03 12:13:00,ALLO,2.0899999141693115,2.0899999141693115,2.0899999141693115,2.0899999141693115,2.0899999141693115,1881.0
2024-07-03 12:13:00,ALLR,0.19699999690055847,0.19699999690055847,0.2021999955177307,0.19599999487400055,0.1979999989271164,23842.0
2024-07-03 12:13:00,ALNY,246.375,246.375,246.375,246.22000122070312,246.22000122070312,2563.0
2024-07-03 12:13:00,ALT,6.65500020980835,6.65500020980835,6.658400058746338,6.651500225067139,6.651500225067139,1155.0
2024-07-03 12:13:00,ALVO,12.270000457763672,12.270000457763672,12.270000457763672,12.270000457763672,12.270000457763672,470.0
2024-07-03 12:13:00,ALXO,5.690000057220459,5.690000057220459,5.695000171661377,5.690000057220459,5.695000171661377,884.0
2024-07-03 12:13:00,ALZN,0.4000000059604645,0.4000000059604645,0.4000000059604645,0.39899998903274536,0.39899998903274536,1250.0
2024-07-03 12:13:00,AMED,96.99189758300781,96.99189758300781,97.04000091552734,96.97000122070312,97.0,6351.0
2024-07-03 12:13:00,AMGN,307.7200012207031,307.7200012207031,307.7200012207031,307.2300109863281,307.2300109863281,4275.0
2024-07-03 12:13:00,AMLX,1.7599999904632568,1.7599999904632568,1.7599999904632568,1.7549999952316284,1.7599999904632568,6312.0
2024-07-03 12:13:00,AMRN,0.6930000185966492,0.6930000185966492,0.6930000185966492,0.6930000185966492,0.6930000185966492,302.0
2024-07-03 12:13:00,ANAB,25.0,25.0,25.020000457763672,24.969999313354492,24.969999313354492,2830.0
2024-07-03 12:13:00,ANGO,5.65500020980835,5.65500020980835,5.65500020980835,5.65500020980835,5.65500020980835,400.0
2024-07-03 12:13:00,ANNX,4.775000095367432,4.775000095367432,4.775000095367432,4.775000095367432,4.775000095367432,836.0
2024-07-03 12:13:00,APLS,35.2400016784668,35.2400016784668,35.2400016784668,35.220001220703125,35.22999954223633,738.0
2024-07-03 12:13:00,APLT,4.360000133514404,4.360000133514404,4.369999885559082,4.340000152587891,4.349999904632568,4585.0
2024-07-03 12:13:00,ARCT,21.575000762939453,21.575000762939453,21.625,21.530000686645508,21.530000686645508,3124.0
2024-07-03 12:13:00,ARDX,5.295000076293945,5.295000076293945,5.300000190734863,5.289999961853027,5.300000190734863,15951.0
2024-07-03 12:13:00,ARQT,9.555000305175781,9.555000305175781,9.555000305175781,9.555000305175781,9.555000305175781,426.0
2024-07-03 12:13:00,ASRT,1.3350000381469727,1.3350000381469727,1.3350000381469727,1.3300000429153442,1.3300000429153442,32742.0
2024-07-03 12:13:00,ATAI,1.2897000312805176,1.2897000312805176,1.2897000312805176,1.2897000312805176,1.2897000312805176,8.0
2024-07-03 12:13:00,ATEC,10.015000343322754,10.015000343322754,10.020000457763672,10.010000228881836,10.010000228881836,1133.0
2024-07-03 12:13:00,ATNF,1.6399999856948853,1.6399999856948853,1.6399999856948853,1.6399999856948853,1.6399999856948853,305.0
2024-07-03 12:13:00,ATOS,1.159999966621399,1.159999966621399,1.159999966621399,1.1562999486923218,1.1562999486923218,1515.0
2024-07-03 12:13:00,AUGX,1.0,1.0,1.0,1.0,1.0,702.0
2024-07-03 12:13:00,AUPH,5.485000133514404,5.485000133514404,5.485000133514404,5.480000019073486,5.480000019073486,3704.0
2024-07-03 12:13:00,AURA,6.989999771118164,6.989999771118164,7.050000190734863,6.989999771118164,7.050000190734863,500.0
2024-07-03 12:13:00,AUTL,3.4700000286102295,3.4700000286102295,3.484999895095825,3.4649999141693115,3.484999895095825,5895.0
2024-07-03 12:13:00,AVDL,14.4399995803833,14.4399995803833,14.4399995803833,14.420000076293945,14.420000076293945,1210.0
2024-07-03 12:13:00,AVXL,4.150000095367432,4.150000095367432,4.150000095367432,4.150000095367432,4.150000095367432,23.0
2024-07-03 12:13:00,AXGN,7.53000020980835,7.53000020980835,7.53000020980835,7.5,7.5,2367.0
2024-07-03 12:13:00,AZN,76.67500305175781,76.67500305175781,76.69000244140625,76.66500091552734,76.66500091552734,9461.0
2024-07-03 12:13:00,BBIO,25.3799991607666,25.3799991607666,25.3799991607666,25.3799991607666,25.3799991607666,918.0
2024-07-03 12:13:00,BCAB,1.3949999809265137,1.3949999809265137,1.3949999809265137,1.3949999809265137,1.3949999809265137,612.0
2024-07-03 12:13:00,BCLI,0.34610000252723694,0.34610000252723694,0.34610000252723694,0.34610000252723694,0.34610000252723694,503.0
2024-07-03 12:13:00,BCTX,1.0299999713897705,1.0299999713897705,1.0299999713897705,1.0299999713897705,1.0299999713897705,851.0
2024-07-03 12:13:00,BEAM,23.614999771118164,23.614999771118164,23.649999618530273,23.614999771118164,23.6200008392334,5610.0
2024-07-03 12:13:00,BEAT,2.7999000549316406,2.7999000549316406,2.7999000549316406,2.7999000549316406,2.7999000549316406,1110.0
2024-07-03 12:13:00,BFRI,0.8500000238418579,0.8500000238418579,0.8500000238418579,0.8500000238418579,0.8500000238418579,1277.0
2024-07-03 12:13:00,BGXX,0.2646999955177307,0.2646999955177307,0.2646999955177307,0.2646999955177307,0.2646999955177307,497.0
2024-07-03 12:13:00,BIIB,223.3800048828125,223.3800048828125,223.3800048828125,223.1300048828125,223.1300048828125,3128.0
2024-07-03 12:13:00,BLFS,20.020000457763672,20.020000457763672,20.020000457763672,20.020000457763672,20.020000457763672,328.0
2024-07-03 12:13:00,BLUE,0.926800012588501,0.926800012588501,0.926800012588501,0.9200999736785889,0.9212999939918518,111196.0
2024-07-03 12:13:00,BMEA,4.34499979019165,4.34499979019165,4.34499979019165,4.34499979019165,4.34499979019165,200.0
2024-07-03 12:13:00,BMRN,80.93000030517578,80.93000030517578,80.94989776611328,80.93000030517578,80.94989776611328,505.0
2024-07-03 12:13:00,BNGO,0.5770000219345093,0.5770000219345093,0.578000009059906,0.5770000219345093,0.578000009059906,2902.0
2024-07-03 12:13:00,BNTX,80.09500122070312,80.09500122070312,80.1500015258789,80.09500122070312,80.12999725341797,2418.0
2024-07-03 12:13:00,BRKR,61.349998474121094,61.349998474121094,61.349998474121094,61.29999923706055,61.29999923706055,4668.0
2024-07-03 12:13:00,BTAI,1.0800000429153442,1.0800000429153442,1.0886000394821167,1.0800000429153442,1.0886000394821167,8976.0
2024-07-03 12:13:00,BTCY,0.8499000072479248,0.8499000072479248,0.8499000072479248,0.8499000072479248,0.8499000072479248,2532.0
2024-07-03 12:13:00,BVS,5.980000019073486,5.980000019073486,5.980000019073486,5.980000019073486,5.980000019073486,1295.0
2024-07-03 12:13:00,CABA,7.570000171661377,7.570000171661377,7.574999809265137,7.570000171661377,7.570000171661377,1782.0
2024-07-03 12:13:00,CADL,6.284999847412109,6.284999847412109,6.284999847412109,6.284999847412109,6.284999847412109,366.0
2024-07-03 12:13:00,CARA,0.28790000081062317,0.28790000081062317,0.28790000081062317,0.28790000081062317,0.28790000081062317,1304.0
2024-07-03 12:13:00,CASI,5.179999828338623,5.179999828338623,5.179999828338623,5.179999828338623,5.179999828338623,533.0
2024-07-03 12:13:00,CCCC,4.574999809265137,4.574999809265137,4.579999923706055,4.570000171661377,4.579999923706055,4555.0
2024-07-03 12:13:00,CCRN,13.6899995803833,13.6899995803833,13.6899995803833,13.6899995803833,13.6899995803833,2366.0
2024-07-03 12:13:00,CDMO,7.840000152587891,7.840000152587891,7.860000133514404,7.829999923706055,7.855000019073486,9912.0
2024-07-03 12:13:00,CDNA,15.1899995803833,15.1899995803833,15.1899995803833,15.1899995803833,15.1899995803833,138.0
2024-07-03 12:13:00,CDXC,2.5299999713897705,2.5299999713897705,2.5299999713897705,2.5299999713897705,2.5299999713897705,637.0
2024-07-03 12:13:00,CERE,39.779998779296875,39.779998779296875,39.79999923706055,39.7599983215332,39.77000045776367,8245.0
2024-07-03 12:13:00,CGC,6.574999809265137,6.574999809265137,6.574999809265137,6.561999797821045,6.561999797821045,7084.0
2024-07-03 12:13:00,CHRS,1.3849999904632568,1.3849999904632568,1.3849999904632568,1.3849999904632568,1.3849999904632568,241.0
2024-07-03 12:13:00,CLOV,1.25,1.25,1.2590999603271484,1.25,1.2549999952316284,744.0
2024-07-03 12:13:00,CLPT,5.360000133514404,5.360000133514404,5.360000133514404,5.360000133514404,5.360000133514404,124.0
2024-07-03 12:13:00,CLRB,2.4600000381469727,2.4600000381469727,2.4600000381469727,2.4579999446868896,2.4579999446868896,925.0
2024-07-03 12:13:00,CMAX,2.2100000381469727,2.2100000381469727,2.2100000381469727,2.2100000381469727,2.2100000381469727,521.0
2024-07-03 12:13:00,CMPS,6.21999979019165,6.21999979019165,6.235000133514404,6.21999979019165,6.235000133514404,393.0
2024-07-03 12:13:00,CMPX,0.8539999723434448,0.8539999723434448,0.8539999723434448,0.8539999723434448,0.8539999723434448,200.0
2024-07-03 12:13:00,CMRX,0.8629999756813049,0.8629999756813049,0.8629999756813049,0.8629999756813049,0.8629999756813049,206.0
2024-07-03 12:13:00,CNSP,1.465000033378601,1.465000033378601,1.4900000095367432,1.4600000381469727,1.4740999937057495,23510.0
2024-07-03 12:13:00,COGT,8.390000343322754,8.390000343322754,8.390000343322754,8.390000343322754,8.390000343322754,304.0
2024-07-03 12:13:00,CORT,30.34000015258789,30.34000015258789,30.375,30.34000015258789,30.375,521.0
2024-07-03 12:13:00,COSM,0.9298999905586243,0.9298999905586243,0.9298999905586243,0.9298999905586243,0.9298999905586243,443.0
2024-07-03 12:13:00,CRBP,49.79499816894531,49.79499816894531,49.79499816894531,49.79499816894531,49.79499816894531,285.0
2024-07-03 12:13:00,CRBU,1.5700000524520874,1.5700000524520874,1.5800000429153442,1.5700000524520874,1.5750000476837158,1058.0
2024-07-03 12:13:00,CRDF,2.265000104904175,2.265000104904175,2.265000104904175,2.265000104904175,2.265000104904175,1150.0
2024-07-03 12:13:00,CRNX,44.7400016784668,44.7400016784668,44.7400016784668,44.7400016784668,44.7400016784668,909.0
2024-07-03 12:13:00,CRON,2.305000066757202,2.305000066757202,2.305000066757202,2.305000066757202,2.305000066757202,336.0
2024-07-03 12:13:00,CRSP,54.0,54.0,54.029998779296875,54.0,54.012001037597656,1069.0
2024-07-03 12:13:00,CTKB,5.59499979019165,5.59499979019165,5.59499979019165,5.59499979019165,5.59499979019165,159.0
2024-07-03 12:13:00,CTXR,0.5095000267028809,0.5095000267028809,0.5099999904632568,0.5080999732017517,0.5099999904632568,20429.0
2024-07-03 12:13:00,CUE,0.9937000274658203,0.9937000274658203,0.9973000288009644,0.9937000274658203,0.9973000288009644,1052.0
2024-07-03 12:13:00,CUTR,1.2949999570846558,1.2949999570846558,1.2999999523162842,1.2949999570846558,1.2999999523162842,1105.0
2024-07-03 12:13:00,CVAC,3.259999990463257,3.259999990463257,3.2799999713897705,3.240000009536743,3.25,85898.0
2024-07-03 12:13:00,DAWN,13.3100004196167,13.3100004196167,13.329999923706055,13.3100004196167,13.329999923706055,1032.0
2024-07-03 12:13:00,DNLI,21.40999984741211,21.40999984741211,21.450000762939453,21.385000228881836,21.385000228881836,2519.0
2024-07-03 12:13:00,DXCM,110.8499984741211,110.8499984741211,110.9000015258789,110.8499984741211,110.86000061035156,1067.0
2024-07-03 12:13:00,DYN,34.25,34.25,34.25,34.25,34.25,709.0
2024-07-03 12:13:00,EGRX,5.489999771118164,5.489999771118164,5.489999771118164,5.489999771118164,5.489999771118164,722.0
2024-07-03 12:13:00,ELDN,2.450000047683716,2.450000047683716,2.450000047683716,2.450000047683716,2.450000047683716,1354.0
2024-07-03 12:13:00,ELEV,2.625,2.625,2.625,2.625,2.625,198.0
2024-07-03 12:13:00,ENSG,126.88999938964844,126.88999938964844,126.88999938964844,126.88999938964844,126.88999938964844,1170.0
2024-07-03 12:13:00,EOLS,10.926799774169922,10.926799774169922,10.926799774169922,10.926799774169922,10.926799774169922,709.0
2024-07-03 12:13:00,ERAS,2.2200000286102295,2.2200000286102295,2.2200000286102295,2.2200000286102295,2.2200000286102295,218.0
2024-07-03 12:13:00,ESPR,2.3499999046325684,2.3499999046325684,2.3499999046325684,2.3450000286102295,2.3450000286102295,5118.0
2024-07-03 12:13:00,ETNB,7.497499942779541,7.497499942779541,7.497499942779541,7.497499942779541,7.497499942779541,729.0
2024-07-03 12:13:00,EWTX,18.065000534057617,18.065000534057617,18.065000534057617,18.065000534057617,18.065000534057617,227.0
2024-07-03 12:13:00,EXAS,43.22999954223633,43.22999954223633,43.22999954223633,43.22999954223633,43.22999954223633,1012.0
2024-07-03 12:13:00,EXEL,21.834999084472656,21.834999084472656,21.834999084472656,21.829999923706055,21.829999923706055,1741.0
2024-07-03 12:13:00,EYEN,0.7829999923706055,0.7829999923706055,0.7829999923706055,0.781499981880188,0.781499981880188,509.0
2024-07-03 12:13:00,EYPT,8.34000015258789,8.34000015258789,8.369999885559082,8.34000015258789,8.369999885559082,354.0
2024-07-03 12:13:00,FATE,3.1700000762939453,3.1700000762939453,3.1700000762939453,3.1649999618530273,3.1700000762939453,868.0
2024-07-03 12:13:00,FDMT,20.93000030517578,20.93000030517578,20.940000534057617,20.93000030517578,20.940000534057617,1157.0
2024-07-03 12:13:00,FGEN,0.7182000279426575,0.7182000279426575,0.7182000279426575,0.7179999947547913,0.7179999947547913,8413.0
2024-07-03 12:13:00,FOLD,9.875,9.875,9.875,9.871999740600586,9.875,3106.0
2024-07-03 12:13:00,FULC,6.135000228881836,6.135000228881836,6.135000228881836,6.135000228881836,6.135000228881836,139.0
2024-07-03 12:13:00,GALT,2.1600000858306885,2.1600000858306885,2.1600000858306885,2.1600000858306885,2.1600000858306885,200.0
2024-07-03 12:13:00,GANX,1.1449999809265137,1.1449999809265137,1.1449999809265137,1.1449999809265137,1.1449999809265137,149.0
2024-07-03 12:13:00,GDRX,7.760000228881836,7.760000228881836,7.760000228881836,7.760000228881836,7.760000228881836,791.0
2024-07-03 12:13:00,GERN,4.335000038146973,4.335000038146973,4.335000038146973,4.329999923706055,4.335000038146973,4200.0
2024-07-03 12:13:00,GILD,66.94000244140625,66.94000244140625,66.94000244140625,66.89199829101562,66.8949966430664,8403.0
2024-07-03 12:13:00,GLSI,16.7450008392334,16.7450008392334,16.7450008392334,16.7450008392334,16.7450008392334,280.0
2024-07-03 12:13:00,GLTO,0.5098999738693237,0.5098999738693237,0.5098999738693237,0.5098999738693237,0.5098999738693237,5000.0
2024-07-03 12:13:00,GLUE,3.8399999141693115,3.8399999141693115,3.8399999141693115,3.8299999237060547,3.8299999237060547,947.0
2024-07-03 12:13:00,GLYC,0.27639999985694885,0.27639999985694885,0.27639999985694885,0.27639999985694885,0.27639999985694885,439.0
2024-07-03 12:13:00,GMAB,25.155000686645508,25.155000686645508,25.155000686645508,25.149999618530273,25.149999618530273,978.0
2024-07-03 12:13:00,GOSS,0.9631999731063843,0.9631999731063843,0.9650999903678894,0.9559999704360962,0.9559999704360962,32420.0
2024-07-03 12:13:00,GOVX,2.9184000492095947,2.9184000492095947,2.9184000492095947,2.9184000492095947,2.9184000492095947,1080.0
2024-07-03 12:13:00,GRFS,6.650000095367432,6.650000095367432,6.650000095367432,6.650000095367432,6.650000095367432,48.0
2024-07-03 12:13:00,GTHX,2.549999952316284,2.549999952316284,2.549999952316284,2.549999952316284,2.549999952316284,365.0
2024-07-03 12:13:00,HCAT,6.210000038146973,6.210000038146973,6.210000038146973,6.199999809265137,6.199999809265137,779.0
2024-07-03 12:13:00,HCSG,10.65999984741211,10.65999984741211,10.65999984741211,10.649999618530273,10.649999618530273,1470.0
2024-07-03 12:13:00,HITI,2.1301000118255615,2.1301000118255615,2.1301000118255615,2.1301000118255615,2.1301000118255615,0.0
2024-07-03 12:13:00,HLVX,14.40999984741211,14.40999984741211,14.40999984741211,14.40999984741211,14.40999984741211,336.0
2024-07-03 12:13:00,HOLX,73.06999969482422,73.06999969482422,73.06999969482422,73.05999755859375,73.05999755859375,1530.0
2024-07-03 12:13:00,HPCO,0.8300999999046326,0.8300999999046326,0.8300999999046326,0.8300999999046326,0.8300999999046326,300.0
2024-07-03 12:13:00,HQY,83.70999908447266,83.70999908447266,83.70999908447266,83.70999908447266,83.70999908447266,310.0
2024-07-03 12:13:00,HRMY,30.53499984741211,30.53499984741211,30.53499984741211,30.53499984741211,30.53499984741211,277.0
2024-07-03 12:13:00,HROW,21.55500030517578,21.55500030517578,21.604999542236328,21.55500030517578,21.604999542236328,1507.0
2024-07-03 12:13:00,HRTX,2.75,2.75,2.75,2.75,2.75,4984.0
2024-07-03 12:13:00,HSIC,65.0,65.0,65.04000091552734,65.0,65.0,4032.0
2024-07-03 12:13:00,HUGE,0.14429999887943268,0.14429999887943268,0.14429999887943268,0.14429999887943268,0.14429999887943268,6020.0
2024-07-03 12:13:00,HUMA,5.800000190734863,5.800000190734863,5.824999809265137,5.795000076293945,5.809999942779541,32461.0
2024-07-03 12:13:00,IART,28.520000457763672,28.520000457763672,28.520000457763672,28.520000457763672,28.520000457763672,414.0
2024-07-03 12:13:00,IBRX,6.285900115966797,6.285900115966797,6.285900115966797,6.285900115966797,6.285900115966797,785.0
2024-07-03 12:13:00,ICCC,4.300000190734863,4.300000190734863,4.300000190734863,4.300000190734863,4.300000190734863,0.0
2024-07-03 12:13:00,ICLR,317.875,317.875,317.875,317.875,317.875,106.0
2024-07-03 12:13:00,ICUI,118.0199966430664,118.0199966430664,118.0199966430664,117.82499694824219,117.82499694824219,1334.0
2024-07-03 12:13:00,IDXX,477.0050048828125,477.0050048828125,477.0050048828125,477.0050048828125,477.0050048828125,268.0
2024-07-03 12:13:00,IDYA,33.349998474121094,33.349998474121094,33.349998474121094,33.349998474121094,33.349998474121094,629.0
2024-07-03 12:13:00,IGMS,6.46999979019165,6.46999979019165,6.46999979019165,6.46999979019165,6.46999979019165,400.0
2024-07-03 12:13:00,IINN,1.409999966621399,1.409999966621399,1.419800043106079,1.409999966621399,1.419800043106079,704.0
2024-07-03 12:13:00,ILMN,105.85749816894531,105.85749816894531,105.86000061035156,105.75,105.75,4825.0
2024-07-03 12:13:00,IMMP,1.9900000095367432,1.9900000095367432,1.9900000095367432,1.9900000095367432,1.9900000095367432,3540.0
2024-07-03 12:13:00,IMMX,2.390000104904175,2.390000104904175,2.3949999809265137,2.390000104904175,2.3949999809265137,1520.0
2024-07-03 12:13:00,IMNM,12.005000114440918,12.005000114440918,12.005000114440918,12.005000114440918,12.005000114440918,164.0
2024-07-03 12:13:00,IMRX,1.1299999952316284,1.1299999952316284,1.1299999952316284,1.125,1.125,3757.0
2024-07-03 12:13:00,IMUX,1.1399999856948853,1.1399999856948853,1.1399999856948853,1.1399999856948853,1.1399999856948853,447.0
2024-07-03 12:13:00,IMVT,26.040000915527344,26.040000915527344,26.05500030517578,26.040000915527344,26.05500030517578,759.0
2024-07-03 12:13:00,INBX,13.079999923706055,13.079999923706055,13.079999923706055,13.079999923706055,13.079999923706055,590.0
2024-07-03 12:13:00,INCR,2.0999999046325684,2.0999999046325684,2.1003000736236572,2.0999999046325684,2.1003000736236572,484.0
2024-07-03 12:13:00,INCY,57.79499816894531,57.79499816894531,57.79999923706055,57.75870132446289,57.75870132446289,3927.0
2024-07-03 12:13:00,INMB,7.869999885559082,7.869999885559082,7.869999885559082,7.869999885559082,7.869999885559082,640.0
2024-07-03 12:13:00,INMD,17.56800079345703,17.56800079345703,17.56800079345703,17.56800079345703,17.56800079345703,192.0
2024-07-03 12:13:00,INSM,62.060001373291016,62.060001373291016,62.09000015258789,62.029998779296875,62.029998779296875,15885.0
2024-07-03 12:13:00,INVO,0.7501000165939331,0.7501000165939331,0.7501000165939331,0.7501000165939331,0.7501000165939331,4850.0
2024-07-03 12:13:00,IONM,0.3125999867916107,0.3125999867916107,0.3125999867916107,0.3125999867916107,0.3125999867916107,1730.0
2024-07-03 12:13:00,IONS,44.88999938964844,44.88999938964844,44.900001525878906,44.8650016784668,44.8650016784668,3512.0
2024-07-03 12:13:00,IOVA,7.434999942779541,7.434999942779541,7.480000019073486,7.429999828338623,7.480000019073486,13466.0
2024-07-03 12:13:00,IRTC,94.73999786376953,94.73999786376953,94.74500274658203,94.73999786376953,94.74500274658203,1581.0
2024-07-03 12:13:00,IRWD,6.135000228881836,6.135000228881836,6.139999866485596,6.135000228881836,6.139999866485596,1086.0
2024-07-03 12:13:00,ISPC,0.2703000009059906,0.2703000009059906,0.2703000009059906,0.2703000009059906,0.2703000009059906,1636.0
2024-07-03 12:13:00,ISRG,433.7900085449219,433.7900085449219,433.7900085449219,433.7900085449219,433.7900085449219,2084.0
2024-07-03 12:13:00,ITCI,68.38999938964844,68.38999938964844,68.4000015258789,68.38999938964844,68.38999938964844,3257.0
2024-07-03 12:13:00,JSPR,22.829999923706055,22.829999923706055,22.829999923706055,22.829999923706055,22.829999923706055,421.0
2024-07-03 12:13:00,KALV,11.675000190734863,11.675000190734863,11.675000190734863,11.675000190734863,11.675000190734863,229.0
2024-07-03 12:13:00,KMDA,5.150000095367432,5.150000095367432,5.150000095367432,5.150000095367432,5.150000095367432,269.0
2024-07-03 12:13:00,KRMD,2.4600000381469727,2.4600000381469727,2.4600000381469727,2.4600000381469727,2.4600000381469727,203.0
2024-07-03 12:13:00,KRON,1.1399999856948853,1.1399999856948853,1.149999976158142,1.1399999856948853,1.149999976158142,2909.0
2024-07-03 12:13:00,KTRA,0.2879999876022339,0.2879999876022339,0.2879999876022339,0.2879999876022339,0.2879999876022339,15414.0
2024-07-03 12:13:00,KZR,0.5760999917984009,0.5760999917984009,0.5760999917984009,0.5760999917984009,0.5760999917984009,778.0
2024-07-03 12:13:00,LAB,1.8300000429153442,1.8300000429153442,1.8300000429153442,1.8250000476837158,1.8250000476837158,1135.0
2024-07-03 12:13:00,LBPH,32.040000915527344,32.040000915527344,32.165000915527344,32.040000915527344,32.040000915527344,2767.0
2024-07-03 12:13:00,LFMD,6.75,6.75,6.75,6.730000019073486,6.730000019073486,1511.0
2024-07-03 12:13:00,LFST,5.130000114440918,5.130000114440918,5.135000228881836,5.130000114440918,5.130000114440918,3186.0
2024-07-03 12:13:00,LIVN,52.66999816894531,52.66999816894531,52.66999816894531,52.66999816894531,52.66999816894531,120.0
2024-07-03 12:13:00,LNTH,79.58999633789062,79.58999633789062,79.63999938964844,79.58999633789062,79.63999938964844,2781.0
2024-07-03 12:13:00,LOGC,5.760000228881836,5.760000228881836,5.760000228881836,5.760000228881836,5.760000228881836,292.0
2024-07-03 12:13:00,LUCY,0.46369999647140503,0.46369999647140503,0.46369999647140503,0.46369999647140503,0.46369999647140503,1088.0
2024-07-03 12:13:00,LUNG,6.315000057220459,6.315000057220459,6.315000057220459,6.300000190734863,6.300000190734863,400.0
2024-07-03 12:13:00,LXRX,1.6200000047683716,1.6200000047683716,1.6200000047683716,1.6200000047683716,1.6200000047683716,265.0
2024-07-03 12:13:00,LYRA,0.2858999967575073,0.2858999967575073,0.2858999967575073,0.2858000099658966,0.2858000099658966,400.0
2024-07-03 12:13:00,MASI,114.2699966430664,114.2699966430664,114.5199966430664,114.2699966430664,114.5199966430664,3049.0
2024-07-03 12:13:00,MBIO,0.4966000020503998,0.4966000020503998,0.49869999289512634,0.4959999918937683,0.4959999918937683,8458.0
2024-07-03 12:13:00,MBOT,1.0508999824523926,1.0508999824523926,1.0549999475479126,1.0508999824523926,1.0549999475479126,0.0
2024-07-03 12:13:00,MDWD,14.649999618530273,14.649999618530273,14.649999618530273,14.649999618530273,14.649999618530273,442.0
2024-07-03 12:13:00,MDXG,6.764999866485596,6.764999866485596,6.769999980926514,6.760000228881836,6.760000228881836,885.0
2024-07-03 12:13:00,ME,0.41280001401901245,0.41280001401901245,0.41280001401901245,0.41280001401901245,0.41280001401901245,300.0
2024-07-03 12:13:00,MEDS,17.950000762939453,17.950000762939453,17.950000762939453,17.950000762939453,17.950000762939453,282.0
2024-07-03 12:13:00,MGNX,4.190000057220459,4.190000057220459,4.190000057220459,4.190000057220459,4.190000057220459,126.0
2024-07-03 12:13:00,MGTX,3.994999885559082,3.994999885559082,3.994999885559082,3.994999885559082,3.994999885559082,145.0
2024-07-03 12:13:00,MIRM,33.8849983215332,33.8849983215332,33.8849983215332,33.8849983215332,33.8849983215332,480.0
2024-07-03 12:13:00,MNKD,5.034999847412109,5.034999847412109,5.034999847412109,5.010000228881836,5.010000228881836,13367.0
2024-07-03 12:13:00,MODD,1.2920000553131104,1.2920000553131104,1.2999999523162842,1.2799999713897705,1.2998000383377075,12124.0
2024-07-03 12:13:00,MRNA,116.0,116.0,116.05999755859375,115.88999938964844,115.91500091552734,11373.0
2024-07-03 12:13:00,MRNS,1.2074999809265137,1.2074999809265137,1.2074999809265137,1.2074999809265137,1.2074999809265137,393.0
2024-07-03 12:13:00,MRSN,1.8550000190734863,1.8550000190734863,1.8600000143051147,1.850000023841858,1.8600000143051147,302.0
2024-07-03 12:13:00,MRUS,52.599998474121094,52.599998474121094,52.630001068115234,52.599998474121094,52.630001068115234,1592.0
2024-07-03 12:13:00,MXCT,3.694999933242798,3.694999933242798,3.700000047683716,3.690000057220459,3.700000047683716,155.0
2024-07-03 12:13:00,MYGN,24.989999771118164,24.989999771118164,25.0,24.989999771118164,24.989999771118164,848.0
2024-07-03 12:13:00,NARI,49.70000076293945,49.70000076293945,49.709999084472656,49.689998626708984,49.709999084472656,1360.0
2024-07-03 12:13:00,NBIX,138.13499450683594,138.13499450683594,138.1999969482422,138.13499450683594,138.1999969482422,807.0
2024-07-03 12:13:00,NDRA,0.09950000047683716,0.09950000047683716,0.09960000216960907,0.09889999777078629,0.09889999777078629,20212.0
2024-07-03 12:13:00,NEOG,15.149999618530273,15.149999618530273,15.154999732971191,15.149999618530273,15.149999618530273,2090.0
2024-07-03 12:13:00,NKTR,1.2699999809265137,1.2699999809265137,1.2699999809265137,1.2649999856948853,1.2699999809265137,4043.0
2024-07-03 12:13:00,NKTX,5.329999923706055,5.329999923706055,5.329999923706055,5.329999923706055,5.329999923706055,303.0
2024-07-03 12:13:00,NRC,23.225000381469727,23.225000381469727,23.229999542236328,23.190000534057617,23.229999542236328,943.0
2024-07-03 12:13:00,NRIX,19.549999237060547,19.549999237060547,19.549999237060547,19.549999237060547,19.549999237060547,111.0
2024-07-03 12:13:00,NRSN,1.2899999618530273,1.2899999618530273,1.2899999618530273,1.2799999713897705,1.2799999713897705,717.0
2024-07-03 12:13:00,NRXP,2.609999895095825,2.609999895095825,2.609999895095825,2.5999999046325684,2.609999895095825,12385.0
2024-07-03 12:13:00,NTLA,22.719999313354492,22.719999313354492,22.719999313354492,22.709999084472656,22.709999084472656,1687.0
2024-07-03 12:13:00,NTRA,111.43599700927734,111.43599700927734,111.48999786376953,111.43499755859375,111.43499755859375,1327.0
2024-07-03 12:13:00,NTRB,5.75,5.75,5.75,5.75,5.75,222.0
2024-07-03 12:13:00,NUVL,71.94999694824219,71.94999694824219,71.94999694824219,71.88999938964844,71.88999938964844,734.0
2024-07-03 12:13:00,NVAX,12.579999923706055,12.579999923706055,12.59000015258789,12.5649995803833,12.5649995803833,10610.0
2024-07-03 12:13:00,NVCR,16.649999618530273,16.649999618530273,16.649999618530273,16.639999389648438,16.639999389648438,1460.0
2024-07-03 12:13:00,NVOS,0.7511000037193298,0.7511000037193298,0.7511000037193298,0.7511000037193298,0.7511000037193298,401.0
2024-07-03 12:13:00,NXL,1.3901000022888184,1.3901000022888184,1.3901000022888184,1.3899999856948853,1.3899999856948853,4316.0
2024-07-03 12:13:00,OCGN,1.6200000047683716,1.6200000047683716,1.6200000047683716,1.6150000095367432,1.6200000047683716,3688.0
2024-07-03 12:13:00,OLMA,10.53499984741211,10.53499984741211,10.53499984741211,10.53499984741211,10.53499984741211,544.0
2024-07-03 12:13:00,OM,3.869999885559082,3.869999885559082,3.880000114440918,3.869999885559082,3.880000114440918,1929.0
2024-07-03 12:13:00,OMCL,26.645000457763672,26.645000457763672,26.645000457763672,26.645000457763672,26.645000457763672,962.0
2024-07-03 12:13:00,OMGA,1.9399000406265259,1.9399000406265259,1.9399000406265259,1.930999994277954,1.930999994277954,1491.0
2024-07-03 12:14:00,ABEO,4.300000190734863,4.300000190734863,4.300000190734863,4.28000020980835,4.28000020980835,699.0
2024-07-03 12:14:00,ABSI,3.194999933242798,3.194999933242798,3.200000047683716,3.194999933242798,3.200000047683716,1719.0
2024-07-03 12:14:00,ABUS,3.1500000953674316,3.1500000953674316,3.1500000953674316,3.1500000953674316,3.1500000953674316,516.0
2024-07-03 12:14:00,ACAD,15.59939956665039,15.59939956665039,15.59939956665039,15.585000038146973,15.585000038146973,2800.0
2024-07-03 12:14:00,ACB,4.924300193786621,4.924300193786621,4.928199768066406,4.920499801635742,4.920499801635742,2293.0
2024-07-03 12:14:00,ACCD,3.6449999809265137,3.6449999809265137,3.6600000858306885,3.6449999809265137,3.6549999713897705,12541.0
2024-07-03 12:14:00,ACET,1.0850000381469727,1.0850000381469727,1.0850000381469727,1.0850000381469727,1.0850000381469727,505.0
2024-07-03 12:14:00,ACHC,66.62999725341797,66.62999725341797,66.62999725341797,66.58999633789062,66.62000274658203,2451.0
2024-07-03 12:14:00,ACLX,54.595001220703125,54.595001220703125,54.619998931884766,54.595001220703125,54.61000061035156,1237.0
2024-07-03 12:14:00,ACRS,1.149999976158142,1.149999976158142,1.149999976158142,1.149999976158142,1.149999976158142,1259.0
2024-07-03 12:14:00,ADAP,1.0099999904632568,1.0099999904632568,1.0099999904632568,1.0099999904632568,1.0099999904632568,200.0
2024-07-03 12:14:00,ADMA,11.234999656677246,11.234999656677246,11.234999656677246,11.234999656677246,11.234999656677246,370.0
2024-07-03 12:14:00,ADUS,117.5999984741211,117.5999984741211,117.75499725341797,117.5999984741211,117.75,1706.0
2024-07-03 12:14:00,ADVM,7.070000171661377,7.070000171661377,7.070000171661377,7.070000171661377,7.070000171661377,509.0
2024-07-03 12:14:00,AGEN,14.270000457763672,14.270000457763672,14.270000457763672,14.270000457763672,14.270000457763672,646.0
2024-07-03 12:14:00,AGIO,41.97999954223633,41.97999954223633,41.97999954223633,41.91999816894531,41.970001220703125,1466.0
2024-07-03 12:14:00,AHCO,9.774999618530273,9.774999618530273,9.779999732971191,9.774999618530273,9.774999618530273,3344.0
2024-07-03 12:14:00,AIMD,0.9581999778747559,0.9581999778747559,0.9599999785423279,0.9399999976158142,0.949999988079071,23237.0
2024-07-03 12:14:00,AKBA,0.9570000171661377,0.9570000171661377,0.9574000239372253,0.9570000171661377,0.9570000171661377,504.0
2024-07-03 12:14:00,AKYA,2.119999885559082,2.119999885559082,2.119999885559082,2.119999885559082,2.119999885559082,162.0
2024-07-03 12:14:00,ALEC,4.425000190734863,4.425000190734863,4.425000190734863,4.425000190734863,4.425000190734863,216.0
2024-07-03 12:14:00,ALGN,242.17999267578125,242.17999267578125,242.22999572753906,241.99000549316406,242.1199951171875,3102.0
2024-07-03 12:14:00,ALGS,0.42489999532699585,0.42489999532699585,0.42489999532699585,0.4237000048160553,0.4237000048160553,700.0
2024-07-03 12:14:00,ALHC,7.989999771118164,7.989999771118164,7.994999885559082,7.980000019073486,7.980000019073486,4667.0
2024-07-03 12:14:00,ALKS,24.18000030517578,24.18000030517578,24.18000030517578,24.15999984741211,24.15999984741211,3298.0
2024-07-03 12:14:00,ALLK,0.8270999789237976,0.8270999789237976,0.8270999789237976,0.82669997215271,0.8270999789237976,1173.0
2024-07-03 12:14:00,ALLO,2.0950000286102295,2.0950000286102295,2.0999999046325684,2.0950000286102295,2.0999999046325684,2858.0
2024-07-03 12:14:00,ALLR,0.20000000298023224,0.20000000298023224,0.2061000019311905,0.20000000298023224,0.2011999934911728,46352.0
2024-07-03 12:14:00,ALNY,246.5399932861328,246.5399932861328,246.5399932861328,246.5,246.5,1614.0
2024-07-03 12:14:00,ALT,6.659999847412109,6.659999847412109,6.664999961853027,6.650000095367432,6.65500020980835,4064.0
2024-07-03 12:14:00,AMED,97.01000213623047,97.01000213623047,97.05999755859375,97.0,97.0,4402.0
2024-07-03 12:14:00,AMGN,307.5299987792969,307.5299987792969,307.7550048828125,307.4700012207031,307.6600036621094,4215.0
2024-07-03 12:14:00,AMLX,1.7599999904632568,1.7599999904632568,1.7599999904632568,1.7599999904632568,1.7599999904632568,1425.0
2024-07-03 12:14:00,AMRN,0.6930000185966492,0.6930000185966492,0.6930000185966492,0.6930000185966492,0.6930000185966492,1400.0
2024-07-03 12:14:00,ANAB,25.0,25.0,25.05500030517578,25.0,25.010000228881836,5320.0
2024-07-03 12:14:00,ANGO,5.65500020980835,5.65500020980835,5.65500020980835,5.65500020980835,5.65500020980835,115.0
2024-07-03 12:14:00,ANIP,61.09000015258789,61.09000015258789,61.09000015258789,61.08000183105469,61.08000183105469,682.0
2024-07-03 12:14:00,ANNX,4.775000095367432,4.775000095367432,4.78000020980835,4.775000095367432,4.775000095367432,964.0
2024-07-03 12:14:00,APLS,35.189998626708984,35.189998626708984,35.220001220703125,35.15999984741211,35.220001220703125,1061.0
2024-07-03 12:14:00,APLT,4.369999885559082,4.369999885559082,4.369999885559082,4.369999885559082,4.369999885559082,520.0
2024-07-03 12:14:00,AQST,2.440000057220459,2.440000057220459,2.440000057220459,2.440000057220459,2.440000057220459,278.0
2024-07-03 12:14:00,ARCT,21.690000534057617,21.690000534057617,21.700000762939453,21.6299991607666,21.639999389648438,1866.0
2024-07-03 12:14:00,ARDX,5.295000076293945,5.295000076293945,5.300000190734863,5.289999961853027,5.295000076293945,10409.0
2024-07-03 12:14:00,ARQT,9.567999839782715,9.567999839782715,9.585000038146973,9.555000305175781,9.555000305175781,6352.0
2024-07-03 12:14:00,ARVN,23.850000381469727,23.850000381469727,23.875,23.850000381469727,23.8700008392334,1337.0
2024-07-03 12:14:00,ARWR,25.139999389648438,25.139999389648438,25.139999389648438,25.139999389648438,25.139999389648438,459.0
2024-07-03 12:14:00,ASRT,1.340000033378601,1.340000033378601,1.340000033378601,1.340000033378601,1.340000033378601,285.0
2024-07-03 12:14:00,ATAI,1.2894999980926514,1.2894999980926514,1.2894999980926514,1.2894999980926514,1.2894999980926514,1754.0
2024-07-03 12:14:00,ATEC,9.970000267028809,9.970000267028809,10.020000457763672,9.96500015258789,10.020000457763672,12447.0
2024-07-03 12:14:00,ATNF,1.6399999856948853,1.6399999856948853,1.6399999856948853,1.6399999856948853,1.6399999856948853,172.0
2024-07-03 12:14:00,ATOS,1.1549999713897705,1.1549999713897705,1.1549999713897705,1.1549999713897705,1.1549999713897705,319.0
2024-07-03 12:14:00,ATRC,22.299999237060547,22.299999237060547,22.299999237060547,22.25,22.270000457763672,1954.0
2024-07-03 12:14:00,AUPH,5.485000133514404,5.485000133514404,5.485000133514404,5.485000133514404,5.485000133514404,212.0
2024-07-03 12:14:00,AURA,7.019999980926514,7.019999980926514,7.019999980926514,7.019999980926514,7.019999980926514,207.0
2024-07-03 12:14:00,AUTL,3.4835000038146973,3.4835000038146973,3.484999895095825,3.4625000953674316,3.4677999019622803,29291.0
2024-07-03 12:14:00,AVTE,1.6699999570846558,1.6699999570846558,1.6699999570846558,1.6699999570846558,1.6699999570846558,631.0
2024-07-03 12:14:00,AVXL,4.139999866485596,4.139999866485596,4.144999980926514,4.139999866485596,4.144999980926514,3037.0
2024-07-03 12:14:00,AWH,0.9800000190734863,0.9800000190734863,0.9800000190734863,0.9779000282287598,0.9779999852180481,6200.0
2024-07-03 12:14:00,AXGN,7.510000228881836,7.510000228881836,7.510000228881836,7.510000228881836,7.510000228881836,565.0
2024-07-03 12:14:00,AZN,76.69499969482422,76.69499969482422,76.69999694824219,76.67500305175781,76.68000030517578,12802.0
2024-07-03 12:14:00,BBIO,25.399999618530273,25.399999618530273,25.399999618530273,25.389999389648438,25.389999389648438,832.0
2024-07-03 12:14:00,BCAB,1.3949999809265137,1.3949999809265137,1.3949999809265137,1.3949999809265137,1.3949999809265137,2224.0
2024-07-03 12:14:00,BCRX,6.454999923706055,6.454999923706055,6.454999923706055,6.440000057220459,6.440000057220459,3059.0
2024-07-03 12:14:00,BDTX,4.360000133514404,4.360000133514404,4.360000133514404,4.360000133514404,4.360000133514404,178.0
2024-07-03 12:14:00,BEAM,23.625,23.625,23.625,23.625,23.625,639.0
2024-07-03 12:14:00,BEAT,2.79010009765625,2.79010009765625,2.7950000762939453,2.79010009765625,2.7950000762939453,789.0
2024-07-03 12:14:00,BIIB,223.41000366210938,223.41000366210938,223.41000366210938,223.41000366210938,223.41000366210938,193.0
2024-07-03 12:14:00,BIOR,0.6341999769210815,0.6341999769210815,0.6395999789237976,0.6341999769210815,0.6395999789237976,1540.0
2024-07-03 12:14:00,BLUE,0.9229000210762024,0.9229000210762024,0.9269000291824341,0.9229000210762024,0.9269000291824341,7033.0
2024-07-03 12:14:00,BMEA,4.34499979019165,4.34499979019165,4.34499979019165,4.34499979019165,4.34499979019165,806.0
2024-07-03 12:14:00,BMRN,80.87000274658203,80.87000274658203,80.9000015258789,80.87000274658203,80.9000015258789,1152.0
2024-07-03 12:14:00,BNGO,0.5756000280380249,0.5756000280380249,0.5756000280380249,0.5756000280380249,0.5756000280380249,912.0
2024-07-03 12:14:00,BNTX,80.22000122070312,80.22000122070312,80.2750015258789,80.16000366210938,80.16000366210938,2399.0
2024-07-03 12:14:00,BRKR,61.33000183105469,61.33000183105469,61.334999084472656,61.29999923706055,61.334999084472656,2495.0
2024-07-03 12:14:00,BTAI,1.0800000429153442,1.0800000429153442,1.0865999460220337,1.0800000429153442,1.0800000429153442,1301.0
2024-07-03 12:14:00,BVS,5.985000133514404,5.985000133514404,5.985000133514404,5.985000133514404,5.985000133514404,389.0
2024-07-03 12:14:00,CABA,7.579999923706055,7.579999923706055,7.579999923706055,7.570000171661377,7.570000171661377,2731.0
2024-07-03 12:14:00,CARA,0.2849999964237213,0.2849999964237213,0.2849999964237213,0.2849999964237213,0.2849999964237213,0.0
2024-07-03 12:14:00,CCCC,4.574999809265137,4.574999809265137,4.574999809265137,4.574999809265137,4.574999809265137,0.0
2024-07-03 12:14:00,CDMO,7.849999904632568,7.849999904632568,7.849999904632568,7.840000152587891,7.840000152587891,1019.0
2024-07-03 12:14:00,CDNA,15.1899995803833,15.1899995803833,15.1899995803833,15.170000076293945,15.170000076293945,901.0
2024-07-03 12:14:00,CDXS,2.880000114440918,2.880000114440918,2.880000114440918,2.880000114440918,2.880000114440918,400.0
2024-07-03 12:14:00,CERE,39.84000015258789,39.84000015258789,39.84000015258789,39.790000915527344,39.79999923706055,18524.0
2024-07-03 12:14:00,CERS,1.7100000381469727,1.7100000381469727,1.7100000381469727,1.7100000381469727,1.7100000381469727,208.0
2024-07-03 12:14:00,CGC,6.574999809265137,6.574999809265137,6.57919979095459,6.574999809265137,6.57919979095459,2805.0
2024-07-03 12:14:00,CGEM,16.670000076293945,16.670000076293945,16.670000076293945,16.639999389648438,16.649999618530273,1235.0
2024-07-03 12:14:00,CGEN,1.684999942779541,1.684999942779541,1.684999942779541,1.684999942779541,1.684999942779541,530.0
2024-07-03 12:14:00,CHRS,1.3849999904632568,1.3849999904632568,1.3899999856948853,1.3849999904632568,1.3899999856948853,2018.0
2024-07-03 12:14:00,CLNN,0.3276999890804291,0.3276999890804291,0.3276999890804291,0.3276999890804291,0.3276999890804291,6944.0
2024-07-03 12:14:00,CLOV,1.2450000047683716,1.2450000047683716,1.25,1.2450000047683716,1.25,24502.0
2024-07-03 12:14:00,CMPS,6.21999979019165,6.21999979019165,6.21999979019165,6.21999979019165,6.21999979019165,210.0
2024-07-03 12:14:00,CMPX,0.8392000198364258,0.8392000198364258,0.8392000198364258,0.8392000198364258,0.8392000198364258,100.0
2024-07-03 12:14:00,CNSP,1.496000051498413,1.496000051498413,1.496000051498413,1.4500000476837158,1.4700000286102295,47642.0
2024-07-03 12:14:00,COGT,8.404999732971191,8.404999732971191,8.404999732971191,8.404999732971191,8.404999732971191,738.0
2024-07-03 12:14:00,COLL,32.244998931884766,32.244998931884766,32.244998931884766,32.244998931884766,32.244998931884766,451.0
2024-07-03 12:14:00,CORT,30.405000686645508,30.405000686645508,30.440000534057617,30.350000381469727,30.350000381469727,10079.0
2024-07-03 12:14:00,CPRX,15.4399995803833,15.4399995803833,15.4399995803833,15.4399995803833,15.4399995803833,1255.0
2024-07-03 12:14:00,CRBU,1.5750000476837158,1.5750000476837158,1.5800000429153442,1.5750000476837158,1.5800000429153442,769.0
2024-07-03 12:14:00,CRDF,2.265000104904175,2.265000104904175,2.265000104904175,2.259999990463257,2.259999990463257,1820.0
2024-07-03 12:14:00,CRNX,44.650001525878906,44.650001525878906,44.654998779296875,44.650001525878906,44.654998779296875,561.0
2024-07-03 12:14:00,CRON,2.3090999126434326,2.3090999126434326,2.3090999126434326,2.3090999126434326,2.3090999126434326,24139.0
2024-07-03 12:14:00,CRSP,54.06999969482422,54.06999969482422,54.06999969482422,54.010101318359375,54.029998779296875,2249.0
2024-07-03 12:14:00,CTKB,5.605000019073486,5.605000019073486,5.605000019073486,5.599999904632568,5.599999904632568,13736.0
2024-07-03 12:14:00,CTMX,1.3108999729156494,1.3108999729156494,1.3108999729156494,1.3108999729156494,1.3108999729156494,515.0
2024-07-03 12:14:00,CUE,0.9973000288009644,0.9973000288009644,0.9973000288009644,0.9973000288009644,0.9973000288009644,602.0
2024-07-03 12:14:00,CVAC,3.265000104904175,3.265000104904175,3.2688000202178955,3.255000114440918,3.259999990463257,10996.0
2024-07-03 12:14:00,CYTK,54.630001068115234,54.630001068115234,54.66999816894531,54.630001068115234,54.66999816894531,998.0
2024-07-03 12:14:00,DAWN,13.329999923706055,13.329999923706055,13.329999923706055,13.319999694824219,13.329999923706055,1566.0
2024-07-03 12:14:00,DCGO,2.9549999237060547,2.9549999237060547,2.9549999237060547,2.9549999237060547,2.9549999237060547,765.0
2024-07-03 12:14:00,DNLI,21.450000762939453,21.450000762939453,21.450000762939453,21.450000762939453,21.450000762939453,193.0
2024-07-03 12:14:00,DVAX,11.079999923706055,11.079999923706055,11.079999923706055,11.079999923706055,11.079999923706055,202.0
2024-07-03 12:14:00,DXCM,110.83000183105469,110.83000183105469,110.87999725341797,110.7957992553711,110.87000274658203,6768.0
2024-07-03 12:14:00,DYAI,1.5355000495910645,1.5355000495910645,1.5355000495910645,1.5355000495910645,1.5355000495910645,1660.0
2024-07-03 12:14:00,EDAP,5.179999828338623,5.179999828338623,5.179999828338623,5.179999828338623,5.179999828338623,575.0
2024-07-03 12:14:00,EDIT,4.65500020980835,4.65500020980835,4.659999847412109,4.642499923706055,4.642499923706055,28038.0
2024-07-03 12:14:00,EGRX,5.53000020980835,5.53000020980835,5.53000020980835,5.53000020980835,5.53000020980835,220.0
2024-07-03 12:14:00,ELEV,2.6250998973846436,2.6250998973846436,2.6250998973846436,2.6250998973846436,2.6250998973846436,201.0
2024-07-03 12:14:00,EMBC,11.9399995803833,11.9399995803833,11.9399995803833,11.9399995803833,11.9399995803833,325.0
2024-07-03 12:14:00,ENSG,126.83999633789062,126.83999633789062,126.83999633789062,126.78009796142578,126.78009796142578,1706.0
2024-07-03 12:14:00,ENVB,0.5175999999046326,0.5175999999046326,0.5175999999046326,0.5175999999046326,0.5175999999046326,1004.0
2024-07-03 12:14:00,ERAS,2.2149999141693115,2.2149999141693115,2.2200000286102295,2.2149999141693115,2.2200000286102295,631.0
2024-07-03 12:14:00,ESPR,2.3499999046325684,2.3499999046325684,2.3499999046325684,2.3499999046325684,2.3499999046325684,1645.0
2024-07-03 12:14:00,ETNB,7.5,7.5,7.5,7.5,7.5,8441.0
2024-07-03 12:14:00,EWTX,18.059999465942383,18.059999465942383,18.059999465942383,18.059999465942383,18.059999465942383,119.0
2024-07-03 12:14:00,EXAI,5.440000057220459,5.440000057220459,5.440000057220459,5.440000057220459,5.440000057220459,726.0
2024-07-03 12:14:00,EXAS,43.2400016784668,43.2400016784668,43.244998931884766,43.2400016784668,43.244998931884766,490.0
2024-07-03 12:14:00,EXEL,21.844999313354492,21.844999313354492,21.854999542236328,21.834999084472656,21.84000015258789,4578.0
2024-07-03 12:14:00,EYPT,8.345000267028809,8.345000267028809,8.369999885559082,8.329999923706055,8.369999885559082,3557.0
2024-07-03 12:14:00,FATE,3.1649999618530273,3.1649999618530273,3.1649999618530273,3.1649999618530273,3.1649999618530273,488.0
2024-07-03 12:14:00,FBIO,1.7699999809265137,1.7699999809265137,1.7699999809265137,1.7699999809265137,1.7699999809265137,600.0
2024-07-03 12:14:00,FDMT,20.8799991607666,20.8799991607666,20.950000762939453,20.8799991607666,20.94499969482422,2936.0
2024-07-03 12:14:00,FGEN,0.7182999849319458,0.7182999849319458,0.7182999849319458,0.7182000279426575,0.7182000279426575,5896.0
2024-07-03 12:14:00,FLGT,20.059999465942383,20.059999465942383,20.07200050354004,20.059999465942383,20.07200050354004,2924.0
2024-07-03 12:14:00,FOLD,9.875,9.875,9.875,9.875,9.875,914.0
2024-07-03 12:14:00,FULC,6.135000228881836,6.135000228881836,6.135000228881836,6.135000228881836,6.135000228881836,443.0
2024-07-03 12:14:00,GALT,2.1700000762939453,2.1700000762939453,2.180000066757202,2.1700000762939453,2.180000066757202,628.0
2024-07-03 12:14:00,GERN,4.335000038146973,4.335000038146973,4.335000038146973,4.335000038146973,4.335000038146973,1267.0
2024-07-03 12:14:00,GH,28.239999771118164,28.239999771118164,28.239999771118164,28.219999313354492,28.219999313354492,851.0
2024-07-03 12:14:00,GILD,66.92040252685547,66.92040252685547,66.94999694824219,66.91000366210938,66.94000244140625,3726.0
2024-07-03 12:14:00,GLUE,3.8499999046325684,3.8499999046325684,3.8499999046325684,3.8499999046325684,3.8499999046325684,501.0
2024-07-03 12:14:00,GLYC,0.27639999985694885,0.27639999985694885,0.27639999985694885,0.27639999985694885,0.27639999985694885,422.0
2024-07-03 12:14:00,GMAB,25.15999984741211,25.15999984741211,25.15999984741211,25.15999984741211,25.15999984741211,338.0
2024-07-03 12:14:00,GOSS,0.9599000215530396,0.9599000215530396,0.9599999785423279,0.9581000208854675,0.9581000208854675,2150.0
2024-07-03 12:14:00,GRFS,6.650000095367432,6.650000095367432,6.659999847412109,6.650000095367432,6.659999847412109,330.0
2024-07-03 12:14:00,GRTS,0.5800999999046326,0.5800999999046326,0.5800999999046326,0.5800999999046326,0.5800999999046326,8522.0
2024-07-03 12:14:00,GTHX,2.5399999618530273,2.5399999618530273,2.549999952316284,2.5299999713897705,2.549999952316284,5343.0
2024-07-03 12:14:00,HALO,52.349998474121094,52.349998474121094,52.349998474121094,52.255001068115234,52.255001068115234,3543.0
2024-07-03 12:14:00,HCAT,6.210000038146973,6.210000038146973,6.210000038146973,6.210000038146973,6.210000038146973,302.0
2024-07-03 12:14:00,HOLX,73.0199966430664,73.0199966430664,73.08000183105469,73.0199966430664,73.06999969482422,2921.0
2024-07-03 12:14:00,HOOK,0.5860999822616577,0.5860999822616577,0.5860999822616577,0.5860999822616577,0.5860999822616577,2001.0
2024-07-03 12:14:00,HOWL,2.049999952316284,2.049999952316284,2.049999952316284,2.049999952316284,2.049999952316284,1069.0
2024-07-03 12:14:00,HRMY,30.56999969482422,30.56999969482422,30.56999969482422,30.56999969482422,30.56999969482422,648.0
2024-07-03 12:14:00,HROW,21.59000015258789,21.59000015258789,21.59000015258789,21.5,21.5,13576.0
2024-07-03 12:14:00,HRTX,2.755000114440918,2.755000114440918,2.755000114440918,2.755000114440918,2.755000114440918,2595.0
2024-07-03 12:14:00,HSIC,65.0199966430664,65.0199966430664,65.0199966430664,65.0199966430664,65.0199966430664,753.0
2024-07-03 12:14:00,HSTM,27.469999313354492,27.469999313354492,27.469999313354492,27.469999313354492,27.469999313354492,240.0
2024-07-03 12:14:00,HUMA,5.800000190734863,5.800000190734863,5.809999942779541,5.789999961853027,5.800000190734863,16773.0
2024-07-03 12:14:00,IART,28.5,28.5,28.5,28.469999313354492,28.489999771118164,2710.0
2024-07-03 12:14:00,IBRX,6.28000020980835,6.28000020980835,6.287199974060059,6.28000020980835,6.287199974060059,2376.0
2024-07-03 12:14:00,ICLR,317.8599853515625,317.8599853515625,317.875,317.8599853515625,317.875,1294.0
2024-07-03 12:14:00,IDXX,476.9549865722656,476.9549865722656,476.9549865722656,476.9549865722656,476.9549865722656,663.0
2024-07-03 12:14:00,IDYA,33.349998474121094,33.349998474121094,33.349998474121094,33.349998474121094,33.349998474121094,341.0
2024-07-03 12:14:00,IINN,1.4010000228881836,1.4010000228881836,1.4010000228881836,1.4010000228881836,1.4010000228881836,0.0
2024-07-03 12:14:00,ILMN,105.81289672851562,105.81289672851562,105.86000061035156,105.79000091552734,105.79000091552734,1313.0
2024-07-03 12:14:00,IMAB,1.5303000211715698,1.5303000211715698,1.534999966621399,1.5303000211715698,1.534999966621399,611.0
2024-07-03 12:14:00,IMCC,0.45489999651908875,0.45489999651908875,0.45489999651908875,0.45489999651908875,0.45489999651908875,263.0
2024-07-03 12:14:00,IMCR,36.040000915527344,36.040000915527344,36.040000915527344,36.040000915527344,36.040000915527344,102.0
2024-07-03 12:14:00,IMMP,2.009999990463257,2.009999990463257,2.009999990463257,1.9900000095367432,1.9900000095367432,4845.0
2024-07-03 12:14:00,IMMX,2.380000114440918,2.380000114440918,2.4000000953674316,2.380000114440918,2.4000000953674316,789.0
2024-07-03 12:14:00,IMNM,12.020099639892578,12.020099639892578,12.020099639892578,12.010000228881836,12.010000228881836,1707.0
2024-07-03 12:14:00,IMRX,1.1299999952316284,1.1299999952316284,1.1299999952316284,1.1200000047683716,1.1299999952316284,557.0
2024-07-03 12:14:00,IMTX,11.829999923706055,11.829999923706055,11.829999923706055,11.829999923706055,11.829999923706055,465.0
2024-07-03 12:14:00,IMUX,1.1399999856948853,1.1399999856948853,1.1399999856948853,1.1399999856948853,1.1399999856948853,368.0
2024-07-03 12:14:00,IMVT,26.049999237060547,26.049999237060547,26.100000381469727,26.040000915527344,26.045000076293945,5008.0
2024-07-03 12:14:00,INBX,13.079999923706055,13.079999923706055,13.079999923706055,13.079999923706055,13.079999923706055,313.0
2024-07-03 12:14:00,INCY,57.79499816894531,57.79499816894531,57.79499816894531,57.77000045776367,57.79499816894531,3833.0
2024-07-03 12:14:00,INMB,7.880000114440918,7.880000114440918,7.880000114440918,7.880000114440918,7.880000114440918,96.0
2024-07-03 12:14:00,INMD,17.559999465942383,17.559999465942383,17.559999465942383,17.559999465942383,17.559999465942383,273.0
2024-07-03 12:14:00,INO,8.475000381469727,8.475000381469727,8.475000381469727,8.475000381469727,8.475000381469727,292.0
2024-07-03 12:14:00,INSM,61.944000244140625,61.944000244140625,62.06999969482422,61.88999938964844,62.06999969482422,2937.0
2024-07-03 12:14:00,INVA,16.30500030517578,16.30500030517578,16.30500030517578,16.30500030517578,16.30500030517578,310.0
2024-07-03 12:14:00,INVO,0.75,0.75,0.75,0.75,0.75,0.0
2024-07-03 12:14:00,IONS,44.90999984741211,44.90999984741211,44.95000076293945,44.900001525878906,44.900001525878906,5744.0
2024-07-03 12:14:00,IOVA,7.429999828338623,7.429999828338623,7.440000057220459,7.429999828338623,7.434999942779541,24085.0
2024-07-03 12:14:00,IRWD,6.144999980926514,6.144999980926514,6.144999980926514,6.135000228881836,6.135000228881836,5054.0
2024-07-03 12:14:00,ISRG,434.1700134277344,434.1700134277344,434.1700134277344,433.56500244140625,433.75,5817.0
2024-07-03 12:14:00,ITCI,68.41000366210938,68.41000366210938,68.48999786376953,68.41000366210938,68.41000366210938,1643.0
2024-07-03 12:14:00,ITOS,14.800000190734863,14.800000190734863,14.800000190734863,14.800000190734863,14.800000190734863,824.0
2024-07-03 12:14:00,JANX,38.03499984741211,38.03499984741211,38.03499984741211,38.03499984741211,38.03499984741211,217.0
2024-07-03 12:14:00,JYNT,13.1899995803833,13.1899995803833,13.1899995803833,13.1899995803833,13.1899995803833,340.0
2024-07-03 12:14:00,KMDA,5.159999847412109,5.159999847412109,5.159999847412109,5.150000095367432,5.150000095367432,628.0
2024-07-03 12:14:00,KOD,2.2149999141693115,2.2149999141693115,2.2149999141693115,2.2149999141693115,2.2149999141693115,712.0
2024-07-03 12:14:00,KPTI,0.8310999870300293,0.8310999870300293,0.8324999809265137,0.8310999870300293,0.8317999839782715,1760.0
2024-07-03 12:14:00,KRMD,2.4600000381469727,2.4600000381469727,2.4600000381469727,2.4600000381469727,2.4600000381469727,107.0
2024-07-03 12:14:00,KROS,42.474998474121094,42.474998474121094,42.474998474121094,42.474998474121094,42.474998474121094,650.0
2024-07-03 12:14:00,KTRA,0.2879999876022339,0.2879999876022339,0.2879999876022339,0.2879999876022339,0.2879999876022339,12890.0
2024-07-03 12:14:00,KURA,20.209999084472656,20.209999084472656,20.209999084472656,20.209999084472656,20.209999084472656,520.0
2024-07-03 12:14:00,KZR,0.5760999917984009,0.5760999917984009,0.5760999917984009,0.5760999917984009,0.5760999917984009,689.0
2024-07-03 12:14:00,LAB,1.8300000429153442,1.8300000429153442,1.8300000429153442,1.8300000429153442,1.8300000429153442,1546.0
2024-07-03 12:14:00,LBPH,32.150001525878906,32.150001525878906,32.150001525878906,32.150001525878906,32.150001525878906,891.0
2024-07-03 12:14:00,LEGN,46.0276985168457,46.0276985168457,46.0276985168457,45.95000076293945,45.95000076293945,2199.0
2024-07-03 12:14:00,LFST,5.135000228881836,5.135000228881836,5.135000228881836,5.135000228881836,5.135000228881836,691.0
2024-07-03 12:14:00,LIVN,52.66999816894531,52.66999816894531,52.66999816894531,52.66999816894531,52.66999816894531,300.0
2024-07-03 12:14:00,LNTH,79.66999816894531,79.66999816894531,79.66999816894531,79.58499908447266,79.58499908447266,4040.0
2024-07-03 12:14:00,LQDA,11.96500015258789,11.96500015258789,11.96500015258789,11.96500015258789,11.96500015258789,997.0
2024-07-03 12:14:00,LRMR,7.78000020980835,7.78000020980835,7.78000020980835,7.78000020980835,7.78000020980835,540.0
2024-07-03 12:14:00,LUNG,6.329999923706055,6.329999923706055,6.329999923706055,6.329999923706055,6.329999923706055,425.0
2024-07-03 12:14:00,LXRX,1.6150000095367432,1.6150000095367432,1.6150000095367432,1.6150000095367432,1.6150000095367432,249.0
2024-07-03 12:14:00,LYRA,0.2858000099658966,0.2858000099658966,0.2858000099658966,0.28299999237060547,0.2858000099658966,5123.0
2024-07-03 12:14:00,MASI,114.11000061035156,114.11000061035156,114.12999725341797,114.08999633789062,114.12999725341797,367.0
2024-07-03 12:14:00,MBIO,0.4970000088214874,0.4970000088214874,0.4970000088214874,0.4970000088214874,0.4970000088214874,5112.0
2024-07-03 12:14:00,MDXG,6.764999866485596,6.764999866485596,6.764999866485596,6.764999866485596,6.764999866485596,1112.0
2024-07-03 12:14:00,ME,0.41280001401901245,0.41280001401901245,0.41280001401901245,0.41280001401901245,0.41280001401901245,900.0
2024-07-03 12:14:00,MEDP,403.8500061035156,403.8500061035156,403.8500061035156,403.8500061035156,403.8500061035156,509.0
2024-07-03 12:14:00,MGNX,4.184999942779541,4.184999942779541,4.190000057220459,4.184999942779541,4.190000057220459,329.0
2024-07-03 12:14:00,MNKD,5.031499862670898,5.031499862670898,5.039999961853027,5.031499862670898,5.039999961853027,1268.0
2024-07-03 12:14:00,MNMD,7.190000057220459,7.190000057220459,7.190000057220459,7.190000057220459,7.190000057220459,300.0
2024-07-03 12:14:00,MODD,1.309999942779541,1.309999942779541,1.309999942779541,1.2899999618530273,1.2899999618530273,24368.0
2024-07-03 12:14:00,MREO,3.5250000953674316,3.5250000953674316,3.5250000953674316,3.5199999809265137,3.5250000953674316,952.0
2024-07-03 12:14:00,MRNA,116.11499786376953,116.11499786376953,116.19000244140625,115.95999908447266,116.0,18343.0
2024-07-03 12:14:00,MRSN,1.8550000190734863,1.8550000190734863,1.8550000190734863,1.8550000190734863,1.8550000190734863,201.0
2024-07-03 12:14:00,MRVI,7.005000114440918,7.005000114440918,7.010000228881836,7.000100135803223,7.010000228881836,1311.0
2024-07-03 12:14:00,MXCT,3.700000047683716,3.700000047683716,3.700000047683716,3.700000047683716,3.700000047683716,203.0
2024-07-03 12:14:00,MYGN,25.010000228881836,25.010000228881836,25.010000228881836,25.010000228881836,25.010000228881836,454.0
2024-07-03 12:14:00,MYNZ,0.3449999988079071,0.3449999988079071,0.3449999988079071,0.3449999988079071,0.3449999988079071,423.0
2024-07-03 12:14:00,NARI,49.619998931884766,49.619998931884766,49.654998779296875,49.619998931884766,49.654998779296875,1101.0
2024-07-03 12:14:00,NBIX,138.24000549316406,138.24000549316406,138.24000549316406,138.24000549316406,138.24000549316406,304.0
2024-07-03 12:14:00,NCNA,2.7899999618530273,2.7899999618530273,2.7899999618530273,2.7899999618530273,2.7899999618530273,159.0
2024-07-03 12:14:00,NDRA,0.09799999743700027,0.09799999743700027,0.09880000352859497,0.09799999743700027,0.09880000352859497,110536.0
2024-07-03 12:14:00,NEO,13.720000267028809,13.720000267028809,13.720000267028809,13.720000267028809,13.720000267028809,161.0
2024-07-03 12:14:00,NEOG,15.140000343322754,15.140000343322754,15.140000343322754,15.140000343322754,15.140000343322754,393.0
2024-07-03 12:14:00,NKTR,1.2699999809265137,1.2699999809265137,1.2699999809265137,1.2649999856948853,1.2699999809265137,3098.0
2024-07-03 12:14:00,NKTX,5.324999809265137,5.324999809265137,5.324999809265137,5.324999809265137,5.324999809265137,766.0
2024-07-03 12:14:00,NLSP,0.20200000703334808,0.20200000703334808,0.20200000703334808,0.20200000703334808,0.20200000703334808,13109.0
2024-07-03 12:14:00,NNOX,7.054999828338623,7.054999828338623,7.054999828338623,7.054999828338623,7.054999828338623,138.0
2024-07-03 12:14:00,NOTV,1.6549999713897705,1.6549999713897705,1.6549999713897705,1.6549999713897705,1.6549999713897705,388.0
2024-07-03 12:14:00,NRC,23.18000030517578,23.18000030517578,23.200000762939453,23.18000030517578,23.200000762939453,670.0
2024-07-03 12:14:00,NRIX,19.510000228881836,19.510000228881836,19.510000228881836,19.510000228881836,19.510000228881836,609.0
2024-07-03 12:14:00,NTLA,22.729999542236328,22.729999542236328,22.729999542236328,22.719999313354492,22.719999313354492,1547.0
2024-07-03 12:14:00,NTRA,111.41999816894531,111.41999816894531,111.4800033569336,111.41999816894531,111.44999694824219,1356.0
2024-07-03 12:14:00,NVAX,12.555000305175781,12.555000305175781,12.585000038146973,12.555000305175781,12.569999694824219,20494.0
2024-07-03 12:14:00,NVCR,16.639999389648438,16.639999389648438,16.639999389648438,16.639999389648438,16.639999389648438,997.0
2024-07-03 12:14:00,NVNO,5.081500053405762,5.081500053405762,5.081500053405762,5.081500053405762,5.081500053405762,321.0
2024-07-03 12:14:00,OCGN,1.6200000047683716,1.6200000047683716,1.6200000047683716,1.6150000095367432,1.6200000047683716,2292.0
2024-07-03 12:14:00,OCUL,6.639999866485596,6.639999866485596,6.639999866485596,6.630000114440918,6.630000114440918,1639.0
2024-07-03 12:14:00,OFIX,13.470000267028809,13.470000267028809,13.470000267028809,13.470000267028809,13.470000267028809,513.0
2024-07-03 12:14:00,OGI,1.5850000381469727,1.5850000381469727,1.5850000381469727,1.5850000381469727,1.5850000381469727,541.0
2024-07-03 12:14:00,OLK,25.7549991607666,25.7549991607666,25.7549991607666,25.7549991607666,25.7549991607666,527.0
2024-07-03 12:14:00,OLMA,10.550000190734863,10.550000190734863,10.550000190734863,10.550000190734863,10.550000190734863,117.0
2024-07-03 12:14:00,OM,3.869999885559082,3.869999885559082,3.869999885559082,3.869999885559082,3.869999885559082,329.0
2024-07-03 12:14:00,OMGA,1.9210000038146973,1.9210000038146973,1.9299999475479126,1.9199999570846558,1.9299999475479126,11456.0
2024-07-03 12:15:00,ABEO,4.300000190734863,4.300000190734863,4.300000190734863,4.300000190734863,4.300000190734863,822.0
2024-07-03 12:15:00,ABIO,3.569999933242798,3.569999933242798,3.569999933242798,3.569999933242798,3.569999933242798,561.0
2024-07-03 12:15:00,ABSI,3.200000047683716,3.200000047683716,3.200000047683716,3.194999933242798,3.194999933242798,2191.0
2024-07-03 12:15:00,ABUS,3.1500000953674316,3.1500000953674316,3.1500000953674316,3.1449999809265137,3.1449999809265137,716.0
2024-07-03 12:15:00,ACAD,15.59000015258789,15.59000015258789,15.593400001525879,15.59000015258789,15.593400001525879,1058.0
2024-07-03 12:15:00,ACCD,3.6600000858306885,3.6600000858306885,3.6600000858306885,3.640000104904175,3.641200065612793,14651.0
2024-07-03 12:15:00,ACET,1.089900016784668,1.089900016784668,1.089900016784668,1.089900016784668,1.089900016784668,707.0
2024-07-03 12:15:00,ACLX,54.595001220703125,54.595001220703125,54.595001220703125,54.595001220703125,54.595001220703125,206.0
2024-07-03 12:15:00,ACRS,1.149999976158142,1.149999976158142,1.149999976158142,1.149999976158142,1.149999976158142,3210.0
2024-07-03 12:15:00,ADAP,1.0049999952316284,1.0049999952316284,1.0099999904632568,1.0049999952316284,1.0099999904632568,501.0
2024-07-03 12:15:00,ADMA,11.229999542236328,11.229999542236328,11.234999656677246,11.229999542236328,11.23009967803955,2127.0
2024-07-03 12:15:00,ADPT,3.3949999809265137,3.3949999809265137,3.3949999809265137,3.3949999809265137,3.3949999809265137,173.0
2024-07-03 12:15:00,AGEN,14.369999885559082,14.369999885559082,14.369999885559082,14.270000457763672,14.270000457763672,5581.0
2024-07-03 12:15:00,AHCO,9.770000457763672,9.770000457763672,9.774999618530273,9.770000457763672,9.774999618530273,2217.0
2024-07-03 12:15:00,AIMD,0.9200000166893005,0.9200000166893005,0.949999988079071,0.9200000166893005,0.9300000071525574,14442.0
2024-07-03 12:15:00,AKAN,2.2100000381469727,2.2100000381469727,2.2100000381469727,2.2100000381469727,2.2100000381469727,1525.0
2024-07-03 12:15:00,AKBA,0.9573000073432922,0.9573000073432922,0.9573000073432922,0.9570000171661377,0.9570000171661377,320.0
2024-07-03 12:15:00,ALEC,4.420000076293945,4.420000076293945,4.420000076293945,4.420000076293945,4.420000076293945,1484.0
2024-07-03 12:15:00,ALGN,242.2100067138672,242.2100067138672,242.2100067138672,242.08999633789062,242.08999633789062,1818.0
2024-07-03 12:15:00,ALKS,24.200000762939453,24.200000762939453,24.208999633789062,24.18000030517578,24.18000030517578,2864.0
2024-07-03 12:15:00,ALLO,2.0999999046325684,2.0999999046325684,2.0999999046325684,2.0999999046325684,2.0999999046325684,331.0
2024-07-03 12:15:00,ALLR,0.20010000467300415,0.20010000467300415,0.20110000669956207,0.20010000467300415,0.20010000467300415,9989.0
2024-07-03 12:15:00,ALNY,246.47000122070312,246.47000122070312,246.47000122070312,246.4199981689453,246.4199981689453,280.0
2024-07-03 12:15:00,ALT,6.644999980926514,6.644999980926514,6.650000095367432,6.640699863433838,6.650000095367432,3055.0
2024-07-03 12:15:00,ALVOW,3.2799999713897705,3.2799999713897705,3.2799999713897705,3.2799999713897705,3.2799999713897705,201.0
2024-07-03 12:15:00,ALVR,0.730400025844574,0.730400025844574,0.730400025844574,0.730400025844574,0.730400025844574,200.0
2024-07-03 12:15:00,ALXO,5.690000057220459,5.690000057220459,5.699999809265137,5.690000057220459,5.699999809265137,355.0
2024-07-03 12:15:00,AMED,97.01000213623047,97.01000213623047,97.01000213623047,97.01000213623047,97.01000213623047,682.0
2024-07-03 12:15:00,AMGN,307.7200012207031,307.7200012207031,307.7200012207031,307.4800109863281,307.4800109863281,4192.0
2024-07-03 12:15:00,AMLX,1.7599999904632568,1.7599999904632568,1.7599999904632568,1.7599999904632568,1.7599999904632568,749.0
2024-07-03 12:15:00,AMPH,38.310001373291016,38.310001373291016,38.310001373291016,38.310001373291016,38.310001373291016,835.0
2024-07-03 12:15:00,AMRN,0.692799985408783,0.692799985408783,0.692799985408783,0.692799985408783,0.692799985408783,0.0
2024-07-03 12:15:00,ANAB,24.989999771118164,24.989999771118164,25.0,24.989999771118164,25.0,4283.0
2024-07-03 12:15:00,ANGO,5.659999847412109,5.659999847412109,5.659999847412109,5.659999847412109,5.659999847412109,1391.0
2024-07-03 12:15:00,ANIK,25.565000534057617,25.565000534057617,25.565000534057617,25.565000534057617,25.565000534057617,484.0
2024-07-03 12:15:00,ANIP,60.994998931884766,60.994998931884766,61.092498779296875,60.93000030517578,61.092498779296875,5778.0
2024-07-03 12:15:00,ANNX,4.775000095367432,4.775000095367432,4.78000020980835,4.775000095367432,4.775000095367432,1633.0
2024-07-03 12:15:00,APDN,0.3799999952316284,0.3799999952316284,0.39500001072883606,0.3799999952316284,0.39500001072883606,41845.0
2024-07-03 12:15:00,APLS,35.11000061035156,35.11000061035156,35.189998626708984,35.11000061035156,35.189998626708984,1710.0
2024-07-03 12:15:00,APLT,4.375,4.375,4.385000228881836,4.369999885559082,4.369999885559082,1858.0
2024-07-03 12:15:00,AQST,2.434999942779541,2.434999942779541,2.440000057220459,2.434999942779541,2.440000057220459,2032.0
2024-07-03 12:15:00,ARDX,5.284999847412109,5.284999847412109,5.300000190734863,5.28000020980835,5.29010009765625,25659.0
2024-07-03 12:15:00,ARQT,9.579999923706055,9.579999923706055,9.579999923706055,9.5649995803833,9.569999694824219,4689.0
2024-07-03 12:15:00,ARVN,23.864999771118164,23.864999771118164,23.864999771118164,23.864999771118164,23.864999771118164,165.0
2024-07-03 12:15:00,ARWR,25.1560001373291,25.1560001373291,25.1560001373291,25.1560001373291,25.1560001373291,276.0
2024-07-03 12:15:00,ASRT,1.340000033378601,1.340000033378601,1.340000033378601,1.340000033378601,1.340000033378601,1670.0
2024-07-03 12:15:00,ATAI,1.284999966621399,1.284999966621399,1.284999966621399,1.284999966621399,1.284999966621399,409.0
2024-07-03 12:15:00,ATEC,9.970000267028809,9.970000267028809,9.970000267028809,9.970000267028809,9.970000267028809,1290.0
2024-07-03 12:15:00,ATOS,1.1549999713897705,1.1549999713897705,1.1549999713897705,1.1549999713897705,1.1549999713897705,307.0
2024-07-03 12:15:00,ATXS,9.039999961853027,9.039999961853027,9.039999961853027,9.039999961853027,9.039999961853027,960.0
2024-07-03 12:15:00,AUGX,1.0,1.0,1.0,1.0,1.0,773.0
2024-07-03 12:15:00,AUPH,5.480299949645996,5.480299949645996,5.485000133514404,5.480299949645996,5.485000133514404,2812.0
2024-07-03 12:15:00,AUTL,3.4749999046325684,3.4749999046325684,3.484999895095825,3.4749999046325684,3.484999895095825,3381.0
2024-07-03 12:15:00,AVTE,1.6699999570846558,1.6699999570846558,1.6799999475479126,1.6699999570846558,1.6799999475479126,701.0
2024-07-03 12:15:00,AVXL,4.135000228881836,4.135000228881836,4.137499809265137,4.135000228881836,4.137499809265137,1434.0
2024-07-03 12:15:00,AWH,1.0299999713897705,1.0299999713897705,1.0299999713897705,0.9898999929428101,0.9898999929428101,2850.0
2024-07-03 12:15:00,AXSM,79.54499816894531,79.54499816894531,79.54499816894531,79.54499816894531,79.54499816894531,408.0
2024-07-03 12:15:00,AZN,76.69499969482422,76.69499969482422,76.69499969482422,76.69000244140625,76.69499969482422,3093.0
2024-07-03 12:15:00,AZTA,52.459999084472656,52.459999084472656,52.459999084472656,52.459999084472656,52.459999084472656,564.0
2024-07-03 12:15:00,BBIO,25.360000610351562,25.360000610351562,25.399999618530273,25.360000610351562,25.399999618530273,4182.0
2024-07-03 12:15:00,BCAB,1.3949999809265137,1.3949999809265137,1.399999976158142,1.3949999809265137,1.3949999809265137,1181.0
2024-07-03 12:15:00,BDTX,4.360000133514404,4.360000133514404,4.360000133514404,4.360000133514404,4.360000133514404,717.0
2024-07-03 12:15:00,BEAM,23.600000381469727,23.600000381469727,23.625,23.600000381469727,23.625,410.0
2024-07-03 12:15:00,BIAF,2.1700000762939453,2.1700000762939453,2.180000066757202,2.1700000762939453,2.180000066757202,335.0
2024-07-03 12:15:00,BIIB,223.50999450683594,223.50999450683594,223.5500030517578,223.3800048828125,223.3800048828125,3168.0
2024-07-03 12:15:00,BIOR,0.6327999830245972,0.6327999830245972,0.6327999830245972,0.6327999830245972,0.6327999830245972,3560.0
2024-07-03 12:15:00,BIVI,0.41510000824928284,0.41510000824928284,0.41510000824928284,0.41510000824928284,0.41510000824928284,2111.0
2024-07-03 12:15:00,BJDX,0.6349999904632568,0.6349999904632568,0.636900007724762,0.6349999904632568,0.6349999904632568,1526.0
2024-07-03 12:15:00,BMEA,4.340000152587891,4.340000152587891,4.34499979019165,4.340000152587891,4.34499979019165,1403.0
2024-07-03 12:15:00,BMRA,0.45489999651908875,0.45489999651908875,0.45489999651908875,0.45489999651908875,0.45489999651908875,90.0
2024-07-03 12:15:00,BMRN,80.88159942626953,80.88159942626953,80.88500213623047,80.88159942626953,80.88500213623047,714.0
2024-07-03 12:15:00,BNGO,0.578000009059906,0.578000009059906,0.578000009059906,0.5770000219345093,0.5770000219345093,2535.0
2024-07-03 12:15:00,BPMC,110.93000030517578,110.93000030517578,110.97000122070312,110.91999816894531,110.91999816894531,1958.0
2024-07-03 12:15:00,BRKR,61.47999954223633,61.47999954223633,61.47999954223633,61.33000183105469,61.33000183105469,2440.0
2024-07-03 12:15:00,BTAI,1.0800000429153442,1.0800000429153442,1.0800000429153442,1.0800000429153442,1.0800000429153442,535.0
2024-07-03 12:15:00,CABA,7.559999942779541,7.559999942779541,7.570000171661377,7.559999942779541,7.570000171661377,1403.0
2024-07-03 12:15:00,CAPR,4.809999942779541,4.809999942779541,4.849999904632568,4.809999942779541,4.829999923706055,7705.0
2024-07-03 12:15:00,CCCC,4.579999923706055,4.579999923706055,4.585000038146973,4.574999809265137,4.574999809265137,2208.0
2024-07-03 12:15:00,CDMO,7.849999904632568,7.849999904632568,7.849999904632568,7.849999904632568,7.849999904632568,3734.0
2024-07-03 12:15:00,CDNA,15.210000038146973,15.210000038146973,15.210000038146973,15.207599639892578,15.210000038146973,420.0
2024-07-03 12:15:00,CDXC,2.5199999809265137,2.5199999809265137,2.5199999809265137,2.5199999809265137,2.5199999809265137,1021.0
2024-07-03 12:15:00,CDXS,2.880000114440918,2.880000114440918,2.880000114440918,2.880000114440918,2.880000114440918,26.0
2024-07-03 12:15:00,CERE,39.95000076293945,39.95000076293945,39.95000076293945,39.83000183105469,39.84000015258789,27492.0
2024-07-03 12:15:00,CERS,1.715000033378601,1.715000033378601,1.715000033378601,1.715000033378601,1.715000033378601,200.0
2024-07-03 12:15:00,CERT,13.775199890136719,13.775199890136719,13.789999961853027,13.774999618530273,13.774999618530273,918.0
2024-07-03 12:15:00,CGC,6.574999809265137,6.574999809265137,6.574999809265137,6.574999809265137,6.574999809265137,585.0
2024-07-03 12:15:00,CGEM,16.65999984741211,16.65999984741211,16.65999984741211,16.65999984741211,16.65999984741211,410.0
2024-07-03 12:15:00,CGEN,1.6699999570846558,1.6699999570846558,1.6799999475479126,1.6699999570846558,1.6799999475479126,943.0
2024-07-03 12:15:00,CHRS,1.3849999904632568,1.3849999904632568,1.3899999856948853,1.3849999904632568,1.3899999856948853,4695.0
2024-07-03 12:15:00,CLOV,1.2482000589370728,1.2482000589370728,1.2482000589370728,1.2482000589370728,1.2482000589370728,422.0
2024-07-03 12:15:00,CLPT,5.360000133514404,5.360000133514404,5.360000133514404,5.360000133514404,5.360000133514404,832.0
2024-07-03 12:15:00,CLRB,2.450000047683716,2.450000047683716,2.4600000381469727,2.450000047683716,2.450000047683716,15794.0
2024-07-03 12:15:00,CMPS,6.230000019073486,6.230000019073486,6.230000019073486,6.21999979019165,6.21999979019165,824.0
2024-07-03 12:15:00,CMPX,0.8539999723434448,0.8539999723434448,0.8539999723434448,0.8539999723434448,0.8539999723434448,200.0
2024-07-03 12:15:00,CNSP,1.5,1.5,1.5,1.4900000095367432,1.49399995803833,33654.0
2024-07-03 12:15:00,COGT,8.380000114440918,8.380000114440918,8.390000343322754,8.369999885559082,8.390000343322754,851.0
2024-07-03 12:15:00,COLL,32.29999923706055,32.29999923706055,32.29999923706055,32.29999923706055,32.29999923706055,189.0
2024-07-03 12:15:00,CORT,30.469999313354492,30.469999313354492,30.489999771118164,30.389999389648438,30.405000686645508,5424.0
2024-07-03 12:15:00,CRBP,49.970001220703125,49.970001220703125,49.970001220703125,49.970001220703125,49.970001220703125,578.0
2024-07-03 12:15:00,CRBU,1.5800000429153442,1.5800000429153442,1.5800000429153442,1.5750000476837158,1.5750000476837158,4384.0
2024-07-03 12:15:00,CRIS,6.309999942779541,6.309999942779541,6.309999942779541,6.210000038146973,6.210000038146973,410.0
2024-07-03 12:15:00,CRMD,4.144999980926514,4.144999980926514,4.144999980926514,4.144999980926514,4.144999980926514,362.0
2024-07-03 12:15:00,CRNX,44.60499954223633,44.60499954223633,44.63999938964844,44.60499954223633,44.63999938964844,545.0
2024-07-03 12:15:00,CRSP,54.099998474121094,54.099998474121094,54.11000061035156,54.099998474121094,54.11000061035156,885.0
2024-07-03 12:15:00,CSTL,21.049999237060547,21.049999237060547,21.059999465942383,20.979999542236328,21.059999465942383,2457.0
2024-07-03 12:15:00,CTKB,5.605000019073486,5.605000019073486,5.605000019073486,5.605000019073486,5.605000019073486,842.0
2024-07-03 12:15:00,CTMX,1.3131999969482422,1.3131999969482422,1.3131999969482422,1.309999942779541,1.309999942779541,1179.0
2024-07-03 12:15:00,CUE,0.9912999868392944,0.9912999868392944,0.9912999868392944,0.9901000261306763,0.9901000261306763,1853.0
2024-07-03 12:15:00,CUTR,1.2949999570846558,1.2949999570846558,1.2949999570846558,1.2949999570846558,1.2949999570846558,1105.0
2024-07-03 12:15:00,CVAC,3.242000102996826,3.242000102996826,3.2699999809265137,3.240000009536743,3.265000104904175,42111.0
2024-07-03 12:15:00,CYTK,54.622501373291016,54.622501373291016,54.622501373291016,54.59000015258789,54.59000015258789,250.0
2024-07-03 12:15:00,CYTO,1.149999976158142,1.149999976158142,1.149999976158142,1.149999976158142,1.149999976158142,14270.0
2024-07-03 12:15:00,DAWN,13.329999923706055,13.329999923706055,13.329999923706055,13.329999923706055,13.329999923706055,887.0
2024-07-03 12:15:00,DH,5.409999847412109,5.409999847412109,5.409999847412109,5.40500020980835,5.40500020980835,1138.0
2024-07-03 12:15:00,DNLI,21.434999465942383,21.434999465942383,21.434999465942383,21.420000076293945,21.420000076293945,518.0
2024-07-03 12:15:00,DSGN,3.315000057220459,3.315000057220459,3.3299999237060547,3.315000057220459,3.3299999237060547,495.0
2024-07-03 12:15:00,DVAX,11.079999923706055,11.079999923706055,11.079999923706055,11.079999923706055,11.079999923706055,360.0
2024-07-03 12:15:00,DXCM,110.9113998413086,110.9113998413086,110.93000030517578,110.86000061035156,110.86000061035156,4950.0
2024-07-03 12:15:00,DYN,34.26499938964844,34.26499938964844,34.26499938964844,34.26499938964844,34.26499938964844,1629.0
2024-07-03 12:15:00,EDIT,4.65500020980835,4.65500020980835,4.659999847412109,4.65500020980835,4.659999847412109,949.0
2024-07-03 12:15:00,EGRX,5.5,5.5,5.5,5.5,5.5,277.0
2024-07-03 12:15:00,EKSO,1.034999966621399,1.034999966621399,1.034999966621399,1.034999966621399,1.034999966621399,1089.0
2024-07-03 12:15:00,ELEV,2.619999885559082,2.619999885559082,2.624000072479248,2.619999885559082,2.624000072479248,2822.0
2024-07-03 12:15:00,ENSG,126.77999877929688,126.77999877929688,126.77999877929688,126.77999877929688,126.77999877929688,646.0
2024-07-03 12:15:00,EOLS,10.949999809265137,10.949999809265137,10.949999809265137,10.949999809265137,10.949999809265137,394.0
2024-07-03 12:15:00,ERAS,2.2200000286102295,2.2200000286102295,2.2200000286102295,2.2149999141693115,2.2200000286102295,840.0
2024-07-03 12:15:00,ESPR,2.3499999046325684,2.3499999046325684,2.3499999046325684,2.3424999713897705,2.3499999046325684,20405.0
2024-07-03 12:15:00,ETNB,7.494999885559082,7.494999885559082,7.494999885559082,7.494999885559082,7.494999885559082,753.0
2024-07-03 12:15:00,EVGN,0.6399999856948853,0.6399999856948853,0.6399999856948853,0.6399999856948853,0.6399999856948853,3761.0
2024-07-03 12:15:00,EWTX,18.05500030517578,18.05500030517578,18.05500030517578,18.05500030517578,18.05500030517578,971.0
2024-07-03 12:15:00,EXAS,43.209999084472656,43.209999084472656,43.2599983215332,43.209999084472656,43.2599983215332,1653.0
2024-07-03 12:15:00,EXEL,21.84000015258789,21.84000015258789,21.844999313354492,21.84000015258789,21.844999313354492,567.0
2024-07-03 12:15:00,EYPT,8.390000343322754,8.390000343322754,8.390000343322754,8.329999923706055,8.329999923706055,15120.0
2024-07-03 12:15:00,FATE,3.1649999618530273,3.1649999618530273,3.1649999618530273,3.1649999618530273,3.1649999618530273,400.0
2024-07-03 12:15:00,FGEN,0.7182000279426575,0.7182000279426575,0.7184000015258789,0.7182000279426575,0.7182999849319458,25326.0
2024-07-03 12:15:00,FOLD,9.875,9.875,9.875,9.869999885559082,9.875,3826.0
2024-07-03 12:15:00,FULC,6.135000228881836,6.135000228881836,6.135000228881836,6.135000228881836,6.135000228881836,471.0
2024-07-03 12:15:00,GDRX,7.75,7.75,7.75,7.75,7.75,903.0
2024-07-03 12:15:00,GH,28.219999313354492,28.219999313354492,28.219999313354492,28.219999313354492,28.219999313354492,571.0
2024-07-03 12:15:00,GILD,66.94000244140625,66.94000244140625,66.95999908447266,66.91000366210938,66.91999816894531,17937.0
2024-07-03 12:15:00,GLYC,0.2775000035762787,0.2775000035762787,0.2775000035762787,0.27639999985694885,0.27639999985694885,1400.0
2024-07-03 12:15:00,GMAB,25.170000076293945,25.170000076293945,25.170000076293945,25.15999984741211,25.15999984741211,1322.0
2024-07-03 12:15:00,GOSS,0.9599999785423279,0.9599999785423279,0.9599999785423279,0.9599999785423279,0.9599999785423279,2143.0
2024-07-03 12:15:00,GOVX,2.9200000762939453,2.9200000762939453,2.9200000762939453,2.9200000762939453,2.9200000762939453,2239.0
2024-07-03 12:15:00,GRFS,6.650000095367432,6.650000095367432,6.65500020980835,6.644999980926514,6.65500020980835,2445.0
2024-07-03 12:15:00,GRTS,0.5800999999046326,0.5800999999046326,0.5800999999046326,0.5800999999046326,0.5800999999046326,501.0
2024-07-03 12:15:00,GTHX,2.5250000953674316,2.5250000953674316,2.5250000953674316,2.5250000953674316,2.5250000953674316,890.0
2024-07-03 12:15:00,HALO,52.349998474121094,52.349998474121094,52.375,52.34000015258789,52.36000061035156,10062.0
2024-07-03 12:15:00,HCAT,6.210000038146973,6.210000038146973,6.210000038146973,6.199999809265137,6.210000038146973,422.0
2024-07-03 12:15:00,HCSG,10.720000267028809,10.720000267028809,10.725000381469727,10.65999984741211,10.65999984741211,7046.0
2024-07-03 12:15:00,HOLX,73.08000183105469,73.08000183105469,73.08000183105469,73.0199966430664,73.0199966430664,4720.0
2024-07-03 12:15:00,HQY,83.69000244140625,83.69000244140625,83.7300033569336,83.69000244140625,83.7300033569336,947.0
2024-07-03 12:15:00,HSIC,65.02110290527344,65.02110290527344,65.02110290527344,65.0,65.0,2730.0
2024-07-03 12:15:00,HUGE,0.1429000049829483,0.1429000049829483,0.1429000049829483,0.1429000049829483,0.1429000049829483,0.0
2024-07-03 12:15:00,HUMA,5.799900054931641,5.799900054931641,5.799900054931641,5.78000020980835,5.789999961853027,8914.0
2024-07-03 12:15:00,IART,28.514999389648438,28.514999389648438,28.514999389648438,28.514999389648438,28.514999389648438,784.0
2024-07-03 12:15:00,IBRX,6.284999847412109,6.284999847412109,6.284999847412109,6.284999847412109,6.284999847412109,521.0
2024-07-03 12:15:00,ICLR,317.8900146484375,317.8900146484375,317.8900146484375,317.8900146484375,317.8900146484375,380.0
2024-07-03 12:15:00,ICUI,118.01000213623047,118.01000213623047,118.01000213623047,117.97000122070312,117.97000122070312,2174.0
2024-07-03 12:15:00,IDXX,477.0249938964844,477.0249938964844,477.20001220703125,477.0,477.0,1340.0
2024-07-03 12:15:00,IDYA,33.380001068115234,33.380001068115234,33.380001068115234,33.380001068115234,33.380001068115234,418.0
2024-07-03 12:15:00,IINN,1.4220000505447388,1.4220000505447388,1.4220000505447388,1.4220000505447388,1.4220000505447388,100.0
2024-07-03 12:15:00,IKNA,1.6449999809265137,1.6449999809265137,1.6449999809265137,1.6449999809265137,1.6449999809265137,372.0
2024-07-03 12:15:00,ILMN,105.86499786376953,105.86499786376953,105.86499786376953,105.86499786376953,105.86499786376953,1238.0
2024-07-03 12:15:00,IMCR,35.9900016784668,35.9900016784668,36.0,35.970001220703125,36.0,1631.0
2024-07-03 12:15:00,IMMX,2.380000114440918,2.380000114440918,2.380000114440918,2.359999895095825,2.375,6544.0
2024-07-03 12:15:00,IMNM,12.039999961853027,12.039999961853027,12.039999961853027,12.039999961853027,12.039999961853027,472.0
2024-07-03 12:15:00,IMVT,26.020000457763672,26.020000457763672,26.05500030517578,26.0,26.05500030517578,4371.0
2024-07-03 12:15:00,INBX,13.079999923706055,13.079999923706055,13.079999923706055,13.079999923706055,13.079999923706055,311.0
2024-07-03 12:15:00,INCY,57.7599983215332,57.7599983215332,57.775001525878906,57.7599983215332,57.775001525878906,1057.0
2024-07-03 12:15:00,INGN,8.020000457763672,8.020000457763672,8.020000457763672,8.010000228881836,8.010000228881836,792.0
2024-07-03 12:15:00,INMB,7.889999866485596,7.889999866485596,7.900000095367432,7.885000228881836,7.891900062561035,2388.0
2024-07-03 12:15:00,INMD,17.559999465942383,17.559999465942383,17.56999969482422,17.559999465942383,17.56999969482422,6736.0
2024-07-03 12:15:00,INO,8.489999771118164,8.489999771118164,8.489999771118164,8.489999771118164,8.489999771118164,142.0
2024-07-03 12:15:00,INSM,61.939998626708984,61.939998626708984,61.959999084472656,61.88999938964844,61.88999938964844,1155.0
2024-07-03 12:15:00,INVO,0.7501000165939331,0.7501000165939331,0.7501000165939331,0.7501000165939331,0.7501000165939331,3233.0
2024-07-03 12:15:00,IONM,0.3125999867916107,0.3125999867916107,0.3125999867916107,0.3125999867916107,0.3125999867916107,2000.0
2024-07-03 12:15:00,IONS,44.900001525878906,44.900001525878906,44.91999816894531,44.880001068115234,44.91999816894531,1489.0
2024-07-03 12:15:00,IOVA,7.434999942779541,7.434999942779541,7.440000057220459,7.429999828338623,7.429999828338623,32827.0
2024-07-03 12:15:00,IPA,0.9995999932289124,0.9995999932289124,0.9995999932289124,0.9995999932289124,0.9995999932289124,3742.0
2024-07-03 12:15:00,IRWD,6.150000095367432,6.150000095367432,6.150000095367432,6.144999980926514,6.150000095367432,812.0
2024-07-03 12:15:00,ISPC,0.2727999985218048,0.2727999985218048,0.2728999853134155,0.2727999985218048,0.2728999853134155,18000.0
2024-07-03 12:15:00,ISRG,434.0,434.0,434.1700134277344,434.0,434.1700134277344,1784.0
2024-07-03 12:15:00,ITCI,68.41500091552734,68.41500091552734,68.41500091552734,68.41500091552734,68.41500091552734,536.0
2024-07-03 12:15:00,IVVD,1.090399980545044,1.090399980545044,1.090399980545044,1.090399980545044,1.090399980545044,2231.0
2024-07-03 12:15:00,KMDA,5.1579999923706055,5.1579999923706055,5.1579999923706055,5.150000095367432,5.150000095367432,782.0
2024-07-03 12:15:00,KNSA,18.940000534057617,18.940000534057617,18.940000534057617,18.940000534057617,18.940000534057617,574.0
2024-07-03 12:15:00,KPTI,0.8328999876976013,0.8328999876976013,0.8328999876976013,0.8328999876976013,0.8328999876976013,413.0
2024-07-03 12:15:00,KRMD,2.4600000381469727,2.4600000381469727,2.4600000381469727,2.4600000381469727,2.4600000381469727,429.0
2024-07-03 12:15:00,KRON,1.149899959564209,1.149899959564209,1.149899959564209,1.149899959564209,1.149899959564209,516.0
2024-07-03 12:15:00,KTRA,0.2800999879837036,0.2800999879837036,0.287200003862381,0.2800999879837036,0.287200003862381,146095.0
2024-07-03 12:15:00,KZR,0.5777000188827515,0.5777000188827515,0.5782999992370605,0.5769000053405762,0.5769000053405762,2212.0
2024-07-03 12:15:00,LBPH,31.899999618530273,31.899999618530273,31.90999984741211,31.899999618530273,31.90999984741211,847.0
2024-07-03 12:15:00,LEGN,46.150001525878906,46.150001525878906,46.150001525878906,46.060001373291016,46.060001373291016,1291.0
2024-07-03 12:15:00,LFMD,6.75,6.75,6.75,6.75,6.75,877.0
2024-07-03 12:15:00,LFST,5.135000228881836,5.135000228881836,5.135000228881836,5.135000228881836,5.135000228881836,545.0
2024-07-03 12:15:00,LGVN,1.6349999904632568,1.6349999904632568,1.6399999856948853,1.6299999952316284,1.6299999952316284,10973.0
2024-07-03 12:15:00,LIVN,52.66999816894531,52.66999816894531,52.66999816894531,52.66999816894531,52.66999816894531,513.0
2024-07-03 12:15:00,LOGC,5.75,5.75,5.75,5.75,5.75,726.0
2024-07-03 12:15:00,LRMR,7.760000228881836,7.760000228881836,7.789999961853027,7.760000228881836,7.769999980926514,2212.0
2024-07-03 12:15:00,LUCD,0.7620000243186951,0.7620000243186951,0.7620000243186951,0.7620000243186951,0.7620000243186951,400.0
2024-07-03 12:15:00,LUCY,0.4691999852657318,0.4691999852657318,0.4699000120162964,0.46369999647140503,0.4699000120162964,5040.0
2024-07-03 12:15:00,LYEL,1.5099999904632568,1.5099999904632568,1.5099999904632568,1.500499963760376,1.500499963760376,1419.0
2024-07-03 12:15:00,LYRA,0.28439998626708984,0.28439998626708984,0.2858000099658966,0.28439998626708984,0.2858000099658966,224.0
2024-07-03 12:15:00,MASI,114.12999725341797,114.12999725341797,114.12999725341797,114.11000061035156,114.11000061035156,399.0
2024-07-03 12:15:00,MBIO,0.4970000088214874,0.4970000088214874,0.4977000057697296,0.4970000088214874,0.4977000057697296,3815.0
2024-07-03 12:15:00,MBOT,1.0549999475479126,1.0549999475479126,1.0549999475479126,1.0549999475479126,1.0549999475479126,189.0
2024-07-03 12:15:00,MDXG,6.764999866485596,6.764999866485596,6.764999866485596,6.764999866485596,6.764999866485596,211.0
2024-07-03 12:15:00,ME,0.4133000075817108,0.4133000075817108,0.4133000075817108,0.41280001401901245,0.41280001401901245,35087.0
2024-07-03 12:15:00,MEDP,403.510009765625,403.510009765625,403.510009765625,403.510009765625,403.510009765625,607.0
2024-07-03 12:15:00,MGNX,4.190000057220459,4.190000057220459,4.190000057220459,4.184999942779541,4.184999942779541,560.0
2024-07-03 12:15:00,MGTX,3.994999885559082,3.994999885559082,3.994999885559082,3.994999885559082,3.994999885559082,450.0
2024-07-03 12:15:00,MLTX,41.34000015258789,41.34000015258789,41.34000015258789,41.34000015258789,41.34000015258789,133.0
2024-07-03 12:15:00,MMSI,85.87999725341797,85.87999725341797,85.87999725341797,85.87999725341797,85.87999725341797,334.0
2024-07-03 12:15:00,MNKD,5.039999961853027,5.039999961853027,5.039999961853027,5.039999961853027,5.039999961853027,304.0
2024-07-03 12:15:00,MNMD,7.179999828338623,7.179999828338623,7.179999828338623,7.179999828338623,7.179999828338623,442.0
2024-07-03 12:15:00,MODD,1.3450000286102295,1.3450000286102295,1.3450000286102295,1.3450000286102295,1.3450000286102295,972.0
2024-07-03 12:15:00,MODV,27.96500015258789,27.96500015258789,27.96500015258789,27.96500015258789,27.96500015258789,257.0
2024-07-03 12:15:00,MRNA,116.08499908447266,116.08499908447266,116.20999908447266,116.08499908447266,116.12000274658203,2241.0
2024-07-03 12:15:00,MRNS,1.2100000381469727,1.2100000381469727,1.2100000381469727,1.2000000476837158,1.2095999717712402,653.0
2024-07-03 12:15:00,MRSN,1.8600000143051147,1.8600000143051147,1.8600000143051147,1.8600000143051147,1.8600000143051147,200.0
2024-07-03 12:15:00,MRUS,52.57270050048828,52.57270050048828,52.57270050048828,52.52000045776367,52.52000045776367,1788.0
2024-07-03 12:15:00,MRVI,7.005000114440918,7.005000114440918,7.014999866485596,7.005000114440918,7.005000114440918,5194.0
2024-07-03 12:15:00,MXCT,3.694999933242798,3.694999933242798,3.700000047683716,3.694999933242798,3.700000047683716,536.0
2024-07-03 12:15:00,MYGN,25.010000228881836,25.010000228881836,25.010000228881836,25.010000228881836,25.010000228881836,351.0
2024-07-03 12:15:00,NARI,49.68000030517578,49.68000030517578,49.68000030517578,49.68000030517578,49.68000030517578,231.0
2024-07-03 12:15:00,NBIX,138.19000244140625,138.19000244140625,138.25,138.1199951171875,138.25,1283.0
2024-07-03 12:15:00,NDRA,0.0949999988079071,0.0949999988079071,0.09709999710321426,0.0949999988079071,0.09709999710321426,160195.0
2024-07-03 12:15:00,NEO,13.710000038146973,13.710000038146973,13.720000267028809,13.710000038146973,13.720000267028809,1215.0
2024-07-03 12:15:00,NEOG,15.140000343322754,15.140000343322754,15.145000457763672,15.140000343322754,15.145000457763672,1276.0
2024-07-03 12:15:00,NKTR,1.2699999809265137,1.2699999809265137,1.2699999809265137,1.2599999904632568,1.2699999809265137,4559.0
2024-07-03 12:15:00,NLSP,0.20280000567436218,0.20280000567436218,0.20309999585151672,0.2020999938249588,0.2020999938249588,30145.0
2024-07-03 12:15:00,NRC,23.049999237060547,23.049999237060547,23.190000534057617,23.049999237060547,23.18000030517578,1413.0
2024-07-03 12:15:00,NRSN,1.2853000164031982,1.2853000164031982,1.2853000164031982,1.2800999879837036,1.2800999879837036,1600.0
2024-07-03 12:15:00,NTLA,22.719999313354492,22.719999313354492,22.719999313354492,22.719999313354492,22.719999313354492,224.0
2024-07-03 12:15:00,NTRA,111.4000015258789,111.4000015258789,111.4800033569336,111.4000015258789,111.4800033569336,2978.0
2024-07-03 12:15:00,NUTX,5.329999923706055,5.329999923706055,5.329999923706055,5.329999923706055,5.329999923706055,12660.0
2024-07-03 12:15:00,NVAX,12.574999809265137,12.574999809265137,12.579999923706055,12.5600004196167,12.5600004196167,6582.0
2024-07-03 12:15:00,NVCR,16.638999938964844,16.638999938964844,16.638999938964844,16.638999938964844,16.638999938964844,146.0
2024-07-03 12:15:00,NXL,1.409999966621399,1.409999966621399,1.409999966621399,1.409999966621399,1.409999966621399,826.0
2024-07-03 12:15:00,OCGN,1.6200000047683716,1.6200000047683716,1.6200000047683716,1.6150000095367432,1.6200000047683716,1723.0
2024-07-03 12:15:00,OCUL,6.635000228881836,6.635000228881836,6.635000228881836,6.630099773406982,6.630099773406982,626.0
2024-07-03 12:15:00,OLMA,10.505000114440918,10.505000114440918,10.539999961853027,10.5,10.539999961853027,4165.0
2024-07-03 12:15:00,OM,3.880000114440918,3.880000114440918,3.884999990463257,3.875,3.875,2404.0
2024-07-03 12:15:00,OMCL,26.649999618530273,26.649999618530273,26.649999618530273,26.649999618530273,26.649999618530273,318.0
2024-07-03 12:15:00,OMER,3.8949999809265137,3.8949999809265137,3.8949999809265137,3.8949999809265137,3.8949999809265137,249.0
2024-07-03 12:16:00,ABCL,2.7200000286102295,2.7200000286102295,2.7200000286102295,2.7149999141693115,2.7149999141693115,1294.0
2024-07-03 12:16:00,ABSI,3.194999933242798,3.194999933242798,3.200000047683716,3.194999933242798,3.200000047683716,1377.0
2024-07-03 12:16:00,ACAD,15.579999923706055,15.579999923706055,15.59000015258789,15.579999923706055,15.58899974822998,2504.0
2024-07-03 12:16:00,ACB,4.920000076293945,4.920000076293945,4.920000076293945,4.909999847412109,4.920000076293945,11638.0
2024-07-03 12:16:00,ACCD,3.640000104904175,3.640000104904175,3.6649999618530273,3.640000104904175,3.6649999618530273,13523.0
2024-07-03 12:16:00,ACET,1.0850000381469727,1.0850000381469727,1.0850000381469727,1.0850000381469727,1.0850000381469727,302.0
2024-07-03 12:16:00,ACHC,66.5999984741211,66.5999984741211,66.5999984741211,66.5999984741211,66.5999984741211,1030.0
2024-07-03 12:16:00,ACLX,54.61000061035156,54.61000061035156,54.650001525878906,54.52000045776367,54.595001220703125,7918.0
2024-07-03 12:16:00,ACRS,1.149999976158142,1.149999976158142,1.149999976158142,1.149999976158142,1.149999976158142,437.0
2024-07-03 12:16:00,ADAP,1.0049999952316284,1.0049999952316284,1.0049999952316284,1.0049999952316284,1.0049999952316284,205.0
2024-07-03 12:16:00,ADMA,11.220000267028809,11.220000267028809,11.234999656677246,11.220000267028809,11.234999656677246,7846.0
2024-07-03 12:16:00,ADPT,3.4000000953674316,3.4000000953674316,3.4000000953674316,3.4000000953674316,3.4000000953674316,117.0
2024-07-03 12:16:00,AEMD,0.40639999508857727,0.40639999508857727,0.40639999508857727,0.40639999508857727,0.40639999508857727,2705.0
2024-07-03 12:16:00,AGIO,41.939998626708984,41.939998626708984,41.939998626708984,41.93000030517578,41.939998626708984,2101.0
2024-07-03 12:16:00,AHCO,9.76550006866455,9.76550006866455,9.76550006866455,9.76550006866455,9.76550006866455,444.0
2024-07-03 12:16:00,AIMD,0.921999990940094,0.921999990940094,0.9484999775886536,0.9200000166893005,0.9343000054359436,5450.0
2024-07-03 12:16:00,AKAN,2.2000999450683594,2.2000999450683594,2.2000999450683594,2.2000999450683594,2.2000999450683594,378.0
2024-07-03 12:16:00,AKBA,0.9570000171661377,0.9570000171661377,0.957099974155426,0.9569000005722046,0.9570000171661377,1579.0
2024-07-03 12:16:00,ALEC,4.40500020980835,4.40500020980835,4.40500020980835,4.40500020980835,4.40500020980835,142.0
2024-07-03 12:16:00,ALKS,24.200000762939453,24.200000762939453,24.204999923706055,24.200000762939453,24.200000762939453,1996.0
2024-07-03 12:16:00,ALLK,0.8274999856948853,0.8274999856948853,0.8274999856948853,0.8274999856948853,0.8274999856948853,590.0
2024-07-03 12:16:00,ALLO,2.1050000190734863,2.1050000190734863,2.1050000190734863,2.0950000286102295,2.0950000286102295,67832.0
2024-07-03 12:16:00,ALNY,246.4199981689453,246.4199981689453,246.4199981689453,246.25,246.4199981689453,3048.0
2024-07-03 12:16:00,ALT,6.632999897003174,6.632999897003174,6.644999980926514,6.632999897003174,6.644999980926514,3630.0
2024-07-03 12:16:00,ALVR,0.730400025844574,0.730400025844574,0.730400025844574,0.730400025844574,0.730400025844574,481.0
2024-07-03 12:16:00,ALXO,5.679999828338623,5.679999828338623,5.690000057220459,5.679999828338623,5.690000057220459,1141.0
2024-07-03 12:16:00,ALZN,0.39010000228881836,0.39010000228881836,0.39100000262260437,0.39010000228881836,0.39100000262260437,4835.0
2024-07-03 12:16:00,AMED,97.01000213623047,97.01000213623047,97.01000213623047,97.0,97.0,7338.0
2024-07-03 12:16:00,AMGN,307.6549987792969,307.6549987792969,307.70001220703125,307.6199951171875,307.6199951171875,2653.0
2024-07-03 12:16:00,AMLX,1.7549999952316284,1.7549999952316284,1.7599999904632568,1.7549999952316284,1.7599999904632568,1213.0
2024-07-03 12:16:00,AMPH,38.25,38.25,38.33000183105469,38.25,38.33000183105469,2116.0
2024-07-03 12:16:00,AMRN,0.6926000118255615,0.6926000118255615,0.6967999935150146,0.6926000118255615,0.6967999935150146,1630.0
2024-07-03 12:16:00,ANAB,25.010000228881836,25.010000228881836,25.010000228881836,25.010000228881836,25.010000228881836,214.0
2024-07-03 12:16:00,ANGO,5.659999847412109,5.659999847412109,5.659999847412109,5.659999847412109,5.659999847412109,1077.0
2024-07-03 12:16:00,ANNX,4.775000095367432,4.775000095367432,4.78000020980835,4.775000095367432,4.775000095367432,1616.0
2024-07-03 12:16:00,ANTX,2.549999952316284,2.549999952316284,2.549999952316284,2.549999952316284,2.549999952316284,1411.0
2024-07-03 12:16:00,APDN,0.3799999952316284,0.3799999952316284,0.3799999952316284,0.3799999952316284,0.3799999952316284,6400.0
2024-07-03 12:16:00,APLS,35.15999984741211,35.15999984741211,35.15999984741211,35.15999984741211,35.15999984741211,116.0
2024-07-03 12:16:00,APLT,4.369999885559082,4.369999885559082,4.375,4.369999885559082,4.375,2577.0
2024-07-03 12:16:00,AQST,2.434999942779541,2.434999942779541,2.434999942779541,2.434999942779541,2.434999942779541,554.0
2024-07-03 12:16:00,ARCT,21.735000610351562,21.735000610351562,21.809999465942383,21.65999984741211,21.65999984741211,2788.0
2024-07-03 12:16:00,ARDX,5.284999847412109,5.284999847412109,5.289899826049805,5.284999847412109,5.284999847412109,5324.0
2024-07-03 12:16:00,ARGX,434.8399963378906,434.8399963378906,434.8399963378906,434.8399963378906,434.8399963378906,1063.0
2024-07-03 12:16:00,ARQT,9.59000015258789,9.59000015258789,9.600000381469727,9.579999923706055,9.585000038146973,2981.0
2024-07-03 12:16:00,ARVN,23.829999923706055,23.829999923706055,23.862499237060547,23.829999923706055,23.829999923706055,2468.0
2024-07-03 12:16:00,ARWR,25.1299991607666,25.1299991607666,25.1299991607666,25.1299991607666,25.1299991607666,921.0
2024-07-03 12:16:00,ASRT,1.3350000381469727,1.3350000381469727,1.340000033378601,1.3350000381469727,1.340000033378601,10620.0
2024-07-03 12:16:00,ATEC,10.010000228881836,10.010000228881836,10.010000228881836,9.979999542236328,9.979999542236328,11164.0
2024-07-03 12:16:00,ATOS,1.1649999618530273,1.1649999618530273,1.1649999618530273,1.159999966621399,1.159999966621399,5707.0
2024-07-03 12:16:00,ATRC,22.274999618530273,22.274999618530273,22.274999618530273,22.274999618530273,22.274999618530273,594.0
2024-07-03 12:16:00,ATXS,9.029999732971191,9.029999732971191,9.045000076293945,9.029999732971191,9.045000076293945,879.0
2024-07-03 12:16:00,AUGX,1.0,1.0,1.0,1.0,1.0,1300.0
2024-07-03 12:16:00,AUPH,5.485000133514404,5.485000133514404,5.485000133514404,5.485000133514404,5.485000133514404,0.0
2024-07-03 12:16:00,AUTL,3.4749999046325684,3.4749999046325684,3.4749999046325684,3.4700000286102295,3.4749999046325684,4952.0
2024-07-03 12:16:00,AVDL,14.449999809265137,14.449999809265137,14.449999809265137,14.449999809265137,14.449999809265137,434.0
2024-07-03 12:16:00,AVXL,4.135000228881836,4.135000228881836,4.135000228881836,4.135000228881836,4.135000228881836,1287.0
2024-07-03 12:16:00,AWH,0.9955000281333923,0.9955000281333923,0.9955000281333923,0.9955000281333923,0.9955000281333923,2150.0
2024-07-03 12:16:00,AXSM,79.44999694824219,79.44999694824219,79.47000122070312,79.44999694824219,79.47000122070312,1015.0
2024-07-03 12:16:00,AZN,76.70500183105469,76.70500183105469,76.70500183105469,76.69499969482422,76.69499969482422,9315.0
2024-07-03 12:16:00,BBIO,25.389999389648438,25.389999389648438,25.389999389648438,25.350000381469727,25.350000381469727,3570.0
2024-07-03 12:16:00,BCAB,1.3949999809265137,1.3949999809265137,1.399999976158142,1.3949999809265137,1.399999976158142,1193.0
2024-07-03 12:16:00,BCLI,0.3472000062465668,0.3472000062465668,0.3474000096321106,0.3472000062465668,0.3474000096321106,3498.0
2024-07-03 12:16:00,BCRX,6.449999809265137,6.449999809265137,6.454999923706055,6.449999809265137,6.454999923706055,3203.0
2024-07-03 12:16:00,BDTX,4.360000133514404,4.360000133514404,4.360000133514404,4.360000133514404,4.360000133514404,343.0
2024-07-03 12:16:00,BEAM,23.604999542236328,23.604999542236328,23.625,23.59000015258789,23.625,2774.0
2024-07-03 12:16:00,BIIB,223.5399932861328,223.5399932861328,223.5399932861328,223.5399932861328,223.5399932861328,1051.0
2024-07-03 12:16:00,BIOR,0.6395999789237976,0.6395999789237976,0.6395999789237976,0.6395999789237976,0.6395999789237976,0.0
2024-07-03 12:16:00,BJDX,0.6363999843597412,0.6363999843597412,0.6363999843597412,0.6363999843597412,0.6363999843597412,6630.0
2024-07-03 12:16:00,BLFS,19.975000381469727,19.975000381469727,19.975000381469727,19.975000381469727,19.975000381469727,631.0
2024-07-03 12:16:00,BLUE,0.9241999983787537,0.9241999983787537,0.9258999824523926,0.9241999983787537,0.9258999824523926,1642.0
2024-07-03 12:16:00,BMRN,80.92500305175781,80.92500305175781,80.92500305175781,80.7699966430664,80.88500213623047,7189.0
2024-07-03 12:16:00,BNGO,0.5770000219345093,0.5770000219345093,0.5770000219345093,0.5751000046730042,0.5770000219345093,6969.0
2024-07-03 12:16:00,BNTX,80.125,80.125,80.2699966430664,80.125,80.2300033569336,1822.0
2024-07-03 12:16:00,BPMC,110.93499755859375,110.93499755859375,110.95500183105469,110.875,110.94000244140625,1878.0
2024-07-03 12:16:00,BRKR,61.47999954223633,61.47999954223633,61.540000915527344,61.47999954223633,61.540000915527344,2593.0
2024-07-03 12:16:00,BTAI,1.0800000429153442,1.0800000429153442,1.0800000429153442,1.0800000429153442,1.0800000429153442,2407.0
2024-07-03 12:16:00,BVS,5.989999771118164,5.989999771118164,5.989999771118164,5.989999771118164,5.989999771118164,920.0
2024-07-03 12:16:00,CABA,7.539999961853027,7.539999961853027,7.550000190734863,7.539999961853027,7.550000190734863,1333.0
2024-07-03 12:16:00,CADL,6.28000020980835,6.28000020980835,6.300000190734863,6.28000020980835,6.295000076293945,2841.0
2024-07-03 12:16:00,CAPR,4.780099868774414,4.780099868774414,4.780099868774414,4.780099868774414,4.780099868774414,924.0
2024-07-03 12:16:00,CCCC,4.554999828338623,4.554999828338623,4.579999923706055,4.554999828338623,4.579999923706055,2388.0
2024-07-03 12:16:00,CCRN,13.6899995803833,13.6899995803833,13.710000038146973,13.6899995803833,13.710000038146973,521.0
2024-07-03 12:16:00,CDMO,7.849999904632568,7.849999904632568,7.849999904632568,7.835000038146973,7.849999904632568,4987.0
2024-07-03 12:16:00,CDXS,2.875,2.875,2.875,2.875,2.875,393.0
2024-07-03 12:16:00,CERE,40.029998779296875,40.029998779296875,40.040000915527344,39.939998626708984,39.939998626708984,99599.0
2024-07-03 12:16:00,CERS,1.715000033378601,1.715000033378601,1.715000033378601,1.7100000381469727,1.7100000381469727,7924.0
2024-07-03 12:16:00,CERT,13.779500007629395,13.779500007629395,13.779500007629395,13.779500007629395,13.779500007629395,387.0
2024-07-03 12:16:00,CGC,6.554999828338623,6.554999828338623,6.579899787902832,6.545000076293945,6.579899787902832,11255.0
2024-07-03 12:16:00,CGEM,16.635000228881836,16.635000228881836,16.700000762939453,16.610000610351562,16.700000762939453,2700.0
2024-07-03 12:16:00,CGEN,1.6799999475479126,1.6799999475479126,1.6799999475479126,1.6799999475479126,1.6799999475479126,763.0
2024-07-03 12:16:00,CGTX,1.7599999904632568,1.7599999904632568,1.7799999713897705,1.7599999904632568,1.7799999713897705,3893.0
2024-07-03 12:16:00,CHRS,1.3849999904632568,1.3849999904632568,1.3849999904632568,1.3849999904632568,1.3849999904632568,3603.0
2024-07-03 12:16:00,CLDX,36.15999984741211,36.15999984741211,36.15999984741211,36.15999984741211,36.15999984741211,1328.0
2024-07-03 12:16:00,CLOV,1.2450000047683716,1.2450000047683716,1.2450000047683716,1.2450000047683716,1.2450000047683716,1219.0
2024-07-03 12:16:00,CMPS,6.21999979019165,6.21999979019165,6.21999979019165,6.21999979019165,6.21999979019165,312.0
2024-07-03 12:16:00,CMPX,0.8539999723434448,0.8539999723434448,0.8539999723434448,0.8511000275611877,0.8511000275611877,900.0
2024-07-03 12:16:00,CNSP,1.479699969291687,1.479699969291687,1.5,1.479699969291687,1.4950000047683716,32030.0
2024-07-03 12:16:00,COGT,8.369999885559082,8.369999885559082,8.380000114440918,8.369999885559082,8.380000114440918,574.0
2024-07-03 12:16:00,COLL,32.28409957885742,32.28409957885742,32.28409957885742,32.28409957885742,32.28409957885742,132.0
2024-07-03 12:16:00,CORT,30.440000534057617,30.440000534057617,30.475000381469727,30.420000076293945,30.475000381469727,2471.0
2024-07-03 12:16:00,CPRX,15.4399995803833,15.4399995803833,15.44950008392334,15.4399995803833,15.44950008392334,1034.0
2024-07-03 12:16:00,CRBP,49.974998474121094,49.974998474121094,49.974998474121094,49.974998474121094,49.974998474121094,707.0
2024-07-03 12:16:00,CRBU,1.5800000429153442,1.5800000429153442,1.5800000429153442,1.5750000476837158,1.5759999752044678,692.0
2024-07-03 12:16:00,CRDF,2.259999990463257,2.259999990463257,2.265000104904175,2.259999990463257,2.265000104904175,2713.0
2024-07-03 12:16:00,CRNX,44.595001220703125,44.595001220703125,44.61000061035156,44.595001220703125,44.61000061035156,1023.0
2024-07-03 12:16:00,CRSP,53.97999954223633,53.97999954223633,54.08000183105469,53.959999084472656,54.08000183105469,2541.0
2024-07-03 12:16:00,CTKB,5.605000019073486,5.605000019073486,5.605000019073486,5.605000019073486,5.605000019073486,1168.0
2024-07-03 12:16:00,CUTR,1.2949999570846558,1.2949999570846558,1.2999000549316406,1.2949999570846558,1.2949999570846558,1589.0
2024-07-03 12:16:00,CVAC,3.240000009536743,3.240000009536743,3.2499001026153564,3.2300000190734863,3.2499001026153564,36965.0
2024-07-03 12:16:00,CYCC,1.6223000288009644,1.6223000288009644,1.6223000288009644,1.6223000288009644,1.6223000288009644,3596.0
2024-07-03 12:16:00,CYTK,54.61000061035156,54.61000061035156,54.650001525878906,54.58000183105469,54.599998474121094,2180.0
2024-07-03 12:16:00,DARE,3.1198999881744385,3.1198999881744385,3.119999885559082,3.1198999881744385,3.119999885559082,1276.0
2024-07-03 12:16:00,DAWN,13.329999923706055,13.329999923706055,13.34000015258789,13.329999923706055,13.34000015258789,1094.0
2024-07-03 12:16:00,DCGO,2.9549999237060547,2.9549999237060547,2.9549999237060547,2.9549999237060547,2.9549999237060547,281.0
2024-07-03 12:16:00,DNLI,21.43000030517578,21.43000030517578,21.434999465942383,21.420000076293945,21.434999465942383,2323.0
2024-07-03 12:16:00,DVAX,11.085000038146973,11.085000038146973,11.088700294494629,11.079999923706055,11.088700294494629,1625.0
2024-07-03 12:16:00,DXCM,110.8499984741211,110.8499984741211,110.88500213623047,110.83999633789062,110.88500213623047,8445.0
2024-07-03 12:16:00,DYN,34.18000030517578,34.18000030517578,34.2599983215332,34.18000030517578,34.2599983215332,1517.0
2024-07-03 12:16:00,EDIT,4.644999980926514,4.644999980926514,4.650000095367432,4.644999980926514,4.650000095367432,10535.0
2024-07-03 12:16:00,ELEV,2.625,2.625,2.625,2.619999885559082,2.619999885559082,1196.0
2024-07-03 12:16:00,EMBC,11.954999923706055,11.954999923706055,11.954999923706055,11.954999923706055,11.954999923706055,390.0
2024-07-03 12:16:00,ENSG,126.81069946289062,126.81069946289062,126.81069946289062,126.81069946289062,126.81069946289062,680.0
2024-07-03 12:16:00,EOLS,10.949999809265137,10.949999809265137,10.960000038146973,10.949999809265137,10.949999809265137,1935.0
2024-07-03 12:16:00,ERAS,2.2149999141693115,2.2149999141693115,2.2200000286102295,2.2149999141693115,2.2149999141693115,2192.0
2024-07-03 12:16:00,ESPR,2.359999895095825,2.359999895095825,2.359999895095825,2.3499999046325684,2.3499999046325684,26917.0
2024-07-03 12:16:00,EWTX,18.03499984741211,18.03499984741211,18.03499984741211,17.989999771118164,18.03499984741211,3254.0
2024-07-03 12:16:00,EXAI,5.440000057220459,5.440000057220459,5.440000057220459,5.440000057220459,5.440000057220459,200.0
2024-07-03 12:16:00,EXAS,43.20500183105469,43.20500183105469,43.25,43.20500183105469,43.224998474121094,4917.0
2024-07-03 12:16:00,EXEL,21.834999084472656,21.834999084472656,21.850000381469727,21.834999084472656,21.84000015258789,2317.0
2024-07-03 12:16:00,EYPT,8.380000114440918,8.380000114440918,8.380000114440918,8.380000114440918,8.380000114440918,635.0
2024-07-03 12:16:00,FATE,3.1649999618530273,3.1649999618530273,3.1649999618530273,3.1649999618530273,3.1649999618530273,1619.0
2024-07-03 12:16:00,FBIO,1.7699999809265137,1.7699999809265137,1.7699999809265137,1.7699999809265137,1.7699999809265137,0.0
2024-07-03 12:16:00,FDMT,20.81999969482422,20.81999969482422,20.8700008392334,20.799999237060547,20.8700008392334,862.0
2024-07-03 12:16:00,FGEN,0.7214000225067139,0.7214000225067139,0.7218000292778015,0.7182999849319458,0.7184000015258789,14686.0
2024-07-03 12:16:00,FHTX,5.630000114440918,5.630000114440918,5.699999809265137,5.630000114440918,5.699999809265137,6769.0
2024-07-03 12:16:00,FLGT,20.086000442504883,20.086000442504883,20.086000442504883,20.086000442504883,20.086000442504883,412.0
2024-07-03 12:16:00,FOLD,9.869999885559082,9.869999885559082,9.875,9.869999885559082,9.875,2908.0
2024-07-03 12:16:00,FONR,16.05500030517578,16.05500030517578,16.05500030517578,15.949999809265137,15.949999809265137,1057.0
2024-07-03 12:16:00,FULC,6.135000228881836,6.135000228881836,6.135000228881836,6.135000228881836,6.135000228881836,260.0
2024-07-03 12:16:00,GALT,2.1700000762939453,2.1700000762939453,2.174999952316284,2.1700000762939453,2.174999952316284,505.0
2024-07-03 12:16:00,GANX,1.1449999809265137,1.1449999809265137,1.1449999809265137,1.1449999809265137,1.1449999809265137,200.0
2024-07-03 12:16:00,GBIO,2.4172000885009766,2.4172000885009766,2.4172000885009766,2.4172000885009766,2.4172000885009766,1664.0
2024-07-03 12:16:00,GERN,4.329999923706055,4.329999923706055,4.329999923706055,4.329999923706055,4.329999923706055,12344.0
2024-07-03 12:16:00,GH,28.219999313354492,28.219999313354492,28.219999313354492,28.219999313354492,28.219999313354492,671.0
2024-07-03 12:16:00,GILD,66.94999694824219,66.94999694824219,66.95999908447266,66.93000030517578,66.94999694824219,5360.0
2024-07-03 12:16:00,GLTO,0.5099999904632568,0.5099999904632568,0.5099999904632568,0.5098999738693237,0.5098999738693237,19250.0
2024-07-03 12:16:00,GLYC,0.2800000011920929,0.2800000011920929,0.2800000011920929,0.2786000072956085,0.2786000072956085,76479.0
2024-07-03 12:16:00,GMAB,25.170000076293945,25.170000076293945,25.170000076293945,25.170000076293945,25.170000076293945,1179.0
2024-07-03 12:16:00,GOVX,2.9200000762939453,2.9200000762939453,2.9200000762939453,2.9200000762939453,2.9200000762939453,723.0
2024-07-03 12:16:00,GRFS,6.659999847412109,6.659999847412109,6.659999847412109,6.639999866485596,6.644999980926514,7554.0
2024-07-03 12:16:00,GRTS,0.5800999999046326,0.5800999999046326,0.5800999999046326,0.5799999833106995,0.5800999999046326,8435.0
2024-07-03 12:16:00,GTHX,2.5250000953674316,2.5250000953674316,2.5250000953674316,2.5250000953674316,2.5250000953674316,300.0
2024-07-03 12:16:00,HALO,52.290000915527344,52.290000915527344,52.356300354003906,52.279998779296875,52.349998474121094,15672.0
2024-07-03 12:16:00,HCAT,6.190000057220459,6.190000057220459,6.199999809265137,6.190000057220459,6.199999809265137,3169.0
2024-07-03 12:16:00,HCSG,10.718999862670898,10.718999862670898,10.718999862670898,10.718999862670898,10.718999862670898,356.0
2024-07-03 12:16:00,HLVX,14.390000343322754,14.390000343322754,14.390000343322754,14.390000343322754,14.390000343322754,492.0
2024-07-03 12:16:00,HOLX,73.08499908447266,73.08499908447266,73.08499908447266,73.06929779052734,73.07499694824219,4135.0
2024-07-03 12:16:00,HOWL,2.052500009536743,2.052500009536743,2.052500009536743,2.052500009536743,2.052500009536743,940.0
2024-07-03 12:16:00,HRMY,30.600000381469727,30.600000381469727,30.600000381469727,30.549999237060547,30.549999237060547,812.0
2024-07-03 12:16:00,HROW,21.55500030517578,21.55500030517578,21.55500030517578,21.55500030517578,21.55500030517578,101.0
2024-07-03 12:16:00,HRTX,2.744999885559082,2.744999885559082,2.755000114440918,2.744999885559082,2.755000114440918,3611.0
2024-07-03 12:16:00,HSIC,65.0,65.0,65.04000091552734,65.0,65.0199966430664,2850.0
2024-07-03 12:16:00,HSTM,27.496000289916992,27.496000289916992,27.496000289916992,27.496000289916992,27.496000289916992,251.0
2024-07-03 12:16:00,HUMA,5.789999961853027,5.789999961853027,5.800000190734863,5.789999961853027,5.800000190734863,10802.0
2024-07-03 12:16:00,IART,28.475000381469727,28.475000381469727,28.530000686645508,28.469999313354492,28.520000457763672,5057.0
2024-07-03 12:16:00,IBRX,6.28000020980835,6.28000020980835,6.28000020980835,6.28000020980835,6.28000020980835,1758.0
2024-07-03 12:16:00,ICLR,317.6400146484375,317.6400146484375,317.6400146484375,317.6400146484375,317.6400146484375,301.0
2024-07-03 12:16:00,IDXX,477.0249938964844,477.0249938964844,477.0249938964844,477.0249938964844,477.0249938964844,809.0
2024-07-03 12:16:00,IINN,1.4651000499725342,1.4651000499725342,1.4651000499725342,1.4651000499725342,1.4651000499725342,658.0
2024-07-03 12:16:00,ILMN,105.76000213623047,105.76000213623047,105.80000305175781,105.76000213623047,105.80000305175781,2311.0
2024-07-03 12:16:00,IMCR,35.970001220703125,35.970001220703125,35.9900016784668,35.970001220703125,35.9900016784668,1445.0
2024-07-03 12:16:00,IMMP,2.005000114440918,2.005000114440918,2.005000114440918,2.005000114440918,2.005000114440918,2837.0
2024-07-03 12:16:00,IMMX,2.359999895095825,2.359999895095825,2.380000114440918,2.359999895095825,2.361799955368042,0.0
2024-07-03 12:16:00,IMNM,12.039999961853027,12.039999961853027,12.039999961853027,12.039999961853027,12.039999961853027,593.0
2024-07-03 12:16:00,IMNN,1.1799999475479126,1.1799999475479126,1.2299000024795532,1.1799999475479126,1.2299000024795532,0.0
2024-07-03 12:16:00,IMRX,1.1236000061035156,1.1236000061035156,1.1299999952316284,1.1236000061035156,1.1299999952316284,1036.0
2024-07-03 12:16:00,IMTX,11.800000190734863,11.800000190734863,11.800000190734863,11.800000190734863,11.800000190734863,384.0
2024-07-03 12:16:00,IMVT,26.010000228881836,26.010000228881836,26.040000915527344,26.0,26.014999389648438,3276.0
2024-07-03 12:16:00,INCY,57.724998474121094,57.724998474121094,57.775001525878906,57.724998474121094,57.775001525878906,3614.0
2024-07-03 12:16:00,INMD,17.559999465942383,17.559999465942383,17.559999465942383,17.559999465942383,17.559999465942383,678.0
2024-07-03 12:16:00,INO,8.470000267028809,8.470000267028809,8.470000267028809,8.470000267028809,8.470000267028809,199.0
2024-07-03 12:16:00,INSM,61.84000015258789,61.84000015258789,61.939998626708984,61.79999923706055,61.939998626708984,3538.0
2024-07-03 12:16:00,INVA,16.305999755859375,16.305999755859375,16.305999755859375,16.30500030517578,16.30500030517578,777.0
2024-07-03 12:16:00,IONM,0.31279999017715454,0.31279999017715454,0.31279999017715454,0.31279999017715454,0.31279999017715454,919.0
2024-07-03 12:16:00,IONS,44.849998474121094,44.849998474121094,44.8849983215332,44.849998474121094,44.880001068115234,2163.0
2024-07-03 12:16:00,IOVA,7.440000057220459,7.440000057220459,7.454999923706055,7.429999828338623,7.434999942779541,50861.0
2024-07-03 12:16:00,IPSC,2.25,2.25,2.25,2.25,2.25,720.0
2024-07-03 12:16:00,IRWD,6.144999980926514,6.144999980926514,6.150000095367432,6.144999980926514,6.144999980926514,521.0
2024-07-03 12:16:00,ISPC,0.27160000801086426,0.27160000801086426,0.27160000801086426,0.27160000801086426,0.27160000801086426,0.0
2024-07-03 12:16:00,ISRG,434.1300048828125,434.1300048828125,434.2149963378906,434.1300048828125,434.1868896484375,1253.0
2024-07-03 12:16:00,ITCI,68.45999908447266,68.45999908447266,68.47000122070312,68.43499755859375,68.47000122070312,1624.0
2024-07-03 12:16:00,JANX,38.060001373291016,38.060001373291016,38.064998626708984,37.9900016784668,37.9900016784668,6920.0
2024-07-03 12:16:00,JSPR,22.639999389648438,22.639999389648438,22.639999389648438,22.639999389648438,22.639999389648438,589.0
2024-07-03 12:16:00,KALV,11.640000343322754,11.640000343322754,11.664999961853027,11.640000343322754,11.65999984741211,2013.0
2024-07-03 12:16:00,KPTI,0.8330000042915344,0.8330000042915344,0.8331000208854675,0.8327999711036682,0.8330000042915344,857.0
2024-07-03 12:16:00,KROS,42.3849983215332,42.3849983215332,42.3849983215332,42.380001068115234,42.380001068115234,617.0
2024-07-03 12:16:00,KRYS,176.78439331054688,176.78439331054688,176.78439331054688,176.78439331054688,176.78439331054688,2981.0
2024-07-03 12:16:00,KTRA,0.28139999508857727,0.28139999508857727,0.28139999508857727,0.27869999408721924,0.2800000011920929,100189.0
2024-07-03 12:16:00,KURA,20.200000762939453,20.200000762939453,20.209999084472656,20.149999618530273,20.209999084472656,5393.0
2024-07-03 12:16:00,KYMR,30.100000381469727,30.100000381469727,30.15999984741211,30.100000381469727,30.15999984741211,2800.0
2024-07-03 12:16:00,KZR,0.579200029373169,0.579200029373169,0.579200029373169,0.579200029373169,0.579200029373169,401.0
2024-07-03 12:16:00,LAB,1.8300000429153442,1.8300000429153442,1.8300000429153442,1.8250000476837158,1.8250000476837158,1774.0
2024-07-03 12:16:00,LBPH,32.109901428222656,32.109901428222656,32.109901428222656,32.109901428222656,32.109901428222656,993.0
2024-07-03 12:16:00,LEGN,46.18000030517578,46.18000030517578,46.18000030517578,46.18000030517578,46.18000030517578,285.0
2024-07-03 12:16:00,LEXX,2.630000114440918,2.630000114440918,2.630000114440918,2.630000114440918,2.630000114440918,312.0
2024-07-03 12:16:00,LFMD,6.760000228881836,6.760000228881836,6.760000228881836,6.75,6.75,672.0
2024-07-03 12:16:00,LFST,5.135000228881836,5.135000228881836,5.135000228881836,5.135000228881836,5.135000228881836,519.0
2024-07-03 12:16:00,LGVN,1.6299999952316284,1.6299999952316284,1.6299999952316284,1.629699945449829,1.629699945449829,3000.0
2024-07-03 12:16:00,LIVN,52.65999984741211,52.65999984741211,52.65999984741211,52.650001525878906,52.650001525878906,264.0
2024-07-03 12:16:00,LNTH,79.61499786376953,79.61499786376953,79.62999725341797,79.56999969482422,79.58000183105469,1326.0
2024-07-03 12:16:00,LOGC,5.75,5.75,5.75,5.75,5.75,143.0
2024-07-03 12:16:00,LPTX,1.809999942779541,1.809999942779541,1.809999942779541,1.809999942779541,1.809999942779541,300.0
2024-07-03 12:16:00,LQDA,11.960000038146973,11.960000038146973,11.960000038146973,11.960000038146973,11.960000038146973,1666.0
2024-07-03 12:16:00,LRMR,7.75,7.75,7.769999980926514,7.75,7.760000228881836,884.0
2024-07-03 12:16:00,LTRN,4.371600151062012,4.371600151062012,4.371600151062012,4.371600151062012,4.371600151062012,351.0
2024-07-03 12:16:00,LUCD,0.7659000158309937,0.7659000158309937,0.7659000158309937,0.7620000243186951,0.7659000158309937,735.0
2024-07-03 12:16:00,LXRX,1.6200000047683716,1.6200000047683716,1.6200000047683716,1.6200000047683716,1.6200000047683716,1942.0
2024-07-03 12:16:00,LYEL,1.5049999952316284,1.5049999952316284,1.5049999952316284,1.5049999952316284,1.5049999952316284,583.0
2024-07-03 12:16:00,LYRA,0.2858000099658966,0.2858000099658966,0.2858000099658966,0.2858000099658966,0.2858000099658966,202.0
2024-07-03 12:16:00,MASI,114.27999877929688,114.27999877929688,114.30999755859375,114.12000274658203,114.12000274658203,3412.0
2024-07-03 12:16:00,MBIO,0.49729999899864197,0.49729999899864197,0.49729999899864197,0.4970000088214874,0.4970000088214874,2401.0
2024-07-03 12:16:00,MCRB,0.7350000143051147,0.7350000143051147,0.7350000143051147,0.7330999970436096,0.7330999970436096,1631.0
2024-07-03 12:16:00,MDGL,271.3800048828125,271.3800048828125,271.3800048828125,271.3800048828125,271.3800048828125,420.0
2024-07-03 12:16:00,MDWD,14.649999618530273,14.649999618530273,14.649999618530273,14.649999618530273,14.649999618530273,854.0
2024-07-03 12:16:00,MDXG,6.760000228881836,6.760000228881836,6.764999866485596,6.760000228881836,6.764999866485596,331.0
2024-07-03 12:16:00,ME,0.4133000075817108,0.4133000075817108,0.4133000075817108,0.4131999909877777,0.4133000075817108,37416.0
2024-07-03 12:16:00,MEDP,403.3901062011719,403.3901062011719,403.864990234375,403.3901062011719,403.864990234375,864.0
2024-07-03 12:16:00,MGNX,4.190000057220459,4.190000057220459,4.190000057220459,4.184999942779541,4.184999942779541,230.0
2024-07-03 12:16:00,MGTX,3.9800000190734863,3.9800000190734863,3.9800000190734863,3.9800000190734863,3.9800000190734863,1100.0
2024-07-03 12:16:00,MIRM,33.86000061035156,33.86000061035156,33.86000061035156,33.849998474121094,33.849998474121094,1335.0
2024-07-03 12:16:00,MMSI,85.90399932861328,85.90399932861328,85.90399932861328,85.90399932861328,85.90399932861328,448.0
2024-07-03 12:16:00,MNKD,5.03000020980835,5.03000020980835,5.034999847412109,5.014999866485596,5.034999847412109,12680.0
2024-07-03 12:16:00,MNMD,7.184000015258789,7.184000015258789,7.184000015258789,7.184000015258789,7.184000015258789,234.0
2024-07-03 12:16:00,MNOV,1.4149999618530273,1.4149999618530273,1.4149999618530273,1.4149999618530273,1.4149999618530273,579.0
2024-07-03 12:16:00,MODD,1.4450000524520874,1.4450000524520874,1.4600000381469727,1.3450000286102295,1.3450000286102295,5711.0
2024-07-03 12:16:00,MORF,31.809999465942383,31.809999465942383,31.815000534057617,31.799999237060547,31.809999465942383,1372.0
2024-07-03 12:16:00,MREO,3.5250000953674316,3.5250000953674316,3.5250000953674316,3.5250000953674316,3.5250000953674316,253.0
2024-07-03 12:16:00,MRNA,115.93499755859375,115.93499755859375,116.11499786376953,115.9000015258789,116.11499786376953,7065.0
2024-07-03 12:16:00,MRSN,1.8550000190734863,1.8550000190734863,1.8550000190734863,1.850000023841858,1.8550000190734863,2306.0
2024-07-03 12:16:00,MRUS,52.52000045776367,52.52000045776367,52.540000915527344,52.5,52.540000915527344,490.0
2024-07-03 12:16:00,MRVI,6.994999885559082,6.994999885559082,7.003399848937988,6.994999885559082,7.003399848937988,1291.0
2024-07-03 12:16:00,MXCT,3.694999933242798,3.694999933242798,3.700000047683716,3.694999933242798,3.700000047683716,817.0
2024-07-03 12:16:00,MYGN,24.989999771118164,24.989999771118164,24.993999481201172,24.920000076293945,24.993999481201172,5648.0
2024-07-03 12:16:00,NARI,49.608001708984375,49.608001708984375,49.65999984741211,49.60499954223633,49.60499954223633,679.0
2024-07-03 12:16:00,NBIX,138.1699981689453,138.1699981689453,138.22000122070312,138.1199951171875,138.1699981689453,5026.0
2024-07-03 12:16:00,NBTX,5.394999980926514,5.394999980926514,5.394999980926514,5.394999980926514,5.394999980926514,339.0
2024-07-03 12:16:00,NDRA,0.09390000253915787,0.09390000253915787,0.09700000286102295,0.09390000253915787,0.0949999988079071,446985.0
2024-07-03 12:16:00,NEO,13.710000038146973,13.710000038146973,13.710000038146973,13.710000038146973,13.710000038146973,644.0
2024-07-03 12:16:00,NEOG,15.140000343322754,15.140000343322754,15.145000457763672,15.140000343322754,15.145000457763672,1474.0
2024-07-03 12:16:00,NKTR,1.274999976158142,1.274999976158142,1.2799999713897705,1.2699999809265137,1.2699999809265137,6948.0
2024-07-03 12:16:00,NLSP,0.2011999934911728,0.2011999934911728,0.20589999854564667,0.2011999934911728,0.20589999854564667,6000.0
2024-07-03 12:16:00,NNOX,7.059999942779541,7.059999942779541,7.059999942779541,7.059999942779541,7.059999942779541,1139.0
2024-07-03 12:16:00,NOTV,1.6549999713897705,1.6549999713897705,1.6549999713897705,1.6549999713897705,1.6549999713897705,895.0
2024-07-03 12:16:00,NRC,23.09000015258789,23.09000015258789,23.149999618530273,23.059999465942383,23.059999465942383,1441.0
2024-07-03 12:16:00,NRIX,19.56999969482422,19.56999969482422,19.579999923706055,19.56999969482422,19.579999923706055,440.0
2024-07-03 12:16:00,NRSN,1.2899999618530273,1.2899999618530273,1.2899999618530273,1.2899999618530273,1.2899999618530273,0.0
2024-07-03 12:16:00,NTLA,22.68000030517578,22.68000030517578,22.738100051879883,22.68000030517578,22.738100051879883,3384.0
2024-07-03 12:16:00,NTRA,111.44499969482422,111.44499969482422,111.4800033569336,111.41000366210938,111.4800033569336,3711.0
2024-07-03 12:16:00,NUVL,72.20999908447266,72.20999908447266,72.22000122070312,71.8499984741211,71.93499755859375,17810.0
2024-07-03 12:16:00,NVAX,12.53499984741211,12.53499984741211,12.574999809265137,12.53499984741211,12.570099830627441,8743.0
2024-07-03 12:16:00,NVCR,16.6299991607666,16.6299991607666,16.638999938964844,16.6299991607666,16.638999938964844,1330.0
2024-07-03 12:16:00,OCGN,1.6101000308990479,1.6101000308990479,1.6200000047683716,1.6101000308990479,1.6200000047683716,2275.0
2024-07-03 12:16:00,OCUL,6.635000228881836,6.635000228881836,6.635000228881836,6.630000114440918,6.630000114440918,2662.0
2024-07-03 12:16:00,OFIX,13.449999809265137,13.449999809265137,13.460000038146973,13.449999809265137,13.460000038146973,1160.0
2024-07-03 12:16:00,OLK,25.7549991607666,25.7549991607666,25.760000228881836,25.7549991607666,25.760000228881836,3359.0
2024-07-03 12:16:00,OLMA,10.484999656677246,10.484999656677246,10.5,10.484999656677246,10.5,1582.0
2024-07-03 12:16:00,OM,3.880000114440918,3.880000114440918,3.880000114440918,3.880000114440918,3.880000114440918,117.0
2024-07-03 12:16:00,OMCL,26.610000610351562,26.610000610351562,26.655500411987305,26.610000610351562,26.6299991607666,1416.0
2024-07-03 12:16:00,OMGA,1.9199999570846558,1.9199999570846558,1.9299999475479126,1.9199999570846558,1.9199999570846558,2976.0
2024-07-03 12:17:00,ABCL,2.7100000381469727,2.7100000381469727,2.7100000381469727,2.7049999237060547,2.7100000381469727,18619.0
2024-07-03 12:17:00,ABIO,3.569999933242798,3.569999933242798,3.569999933242798,3.569999933242798,3.569999933242798,225.0
2024-07-03 12:17:00,ABOS,2.2925000190734863,2.2925000190734863,2.299999952316284,2.2899999618530273,2.299999952316284,2652.0
2024-07-03 12:17:00,ABSI,3.194999933242798,3.194999933242798,3.200000047683716,3.194999933242798,3.194999933242798,2714.0
2024-07-03 12:17:00,ABUS,3.1500000953674316,3.1500000953674316,3.1500000953674316,3.1449999809265137,3.1500000953674316,1220.0
2024-07-03 12:17:00,ACAD,15.5600004196167,15.5600004196167,15.569999694824219,15.5600004196167,15.569999694824219,1834.0
2024-07-03 12:17:00,ACB,4.920100212097168,4.920100212097168,4.920100212097168,4.920100212097168,4.920100212097168,4447.0
2024-07-03 12:17:00,ACCD,3.634999990463257,3.634999990463257,3.640000104904175,3.619999885559082,3.640000104904175,20693.0
2024-07-03 12:17:00,ACET,1.0850000381469727,1.0850000381469727,1.0850000381469727,1.0800000429153442,1.0800000429153442,787.0
2024-07-03 12:17:00,ACLX,54.540000915527344,54.540000915527344,54.540000915527344,54.47999954223633,54.494998931884766,1826.0
2024-07-03 12:17:00,ACRS,1.149999976158142,1.149999976158142,1.149999976158142,1.149999976158142,1.149999976158142,1192.0
2024-07-03 12:17:00,ADMA,11.21500015258789,11.21500015258789,11.220000267028809,11.21500015258789,11.220000267028809,28642.0
2024-07-03 12:17:00,ADPT,3.384999990463257,3.384999990463257,3.390000104904175,3.382499933242798,3.390000104904175,3520.0
2024-07-03 12:17:00,AGEN,14.229999542236328,14.229999542236328,14.329999923706055,14.229999542236328,14.329999923706055,3368.0
2024-07-03 12:17:00,AGIO,41.80500030517578,41.80500030517578,41.81999969482422,41.80500030517578,41.81999969482422,1379.0
2024-07-03 12:17:00,AHCO,9.78499984741211,9.78499984741211,9.785099983215332,9.755000114440918,9.760000228881836,4869.0
2024-07-03 12:17:00,AIMD,0.9300000071525574,0.9300000071525574,0.9300000071525574,0.9114999771118164,0.9248999953269958,5382.0
2024-07-03 12:17:00,AKBA,0.9564999938011169,0.9564999938011169,0.957099974155426,0.9563999772071838,0.957099974155426,6615.0
2024-07-03 12:17:00,AKRO,21.81999969482422,21.81999969482422,21.850000381469727,21.81999969482422,21.850000381469727,1588.0
2024-07-03 12:17:00,ALEC,4.399099826812744,4.399099826812744,4.400000095367432,4.399099826812744,4.400000095367432,1813.0
2024-07-03 12:17:00,ALGS,0.4237000048160553,0.4237000048160553,0.42480000853538513,0.4237000048160553,0.42480000853538513,1099.0
2024-07-03 12:17:00,ALKS,24.19499969482422,24.19499969482422,24.204999923706055,24.190000534057617,24.204999923706055,2303.0
2024-07-03 12:17:00,ALLK,0.8270999789237976,0.8270999789237976,0.8270999789237976,0.8270999789237976,0.8270999789237976,326.0
2024-07-03 12:17:00,ALLO,2.0950000286102295,2.0950000286102295,2.0999999046325684,2.0950000286102295,2.0999999046325684,7495.0
2024-07-03 12:17:00,ALLR,0.20600000023841858,0.20600000023841858,0.20600000023841858,0.20600000023841858,0.20600000023841858,7819.0
2024-07-03 12:17:00,ALNY,246.1999969482422,246.1999969482422,246.1999969482422,246.1999969482422,246.1999969482422,396.0
2024-07-03 12:17:00,ALT,6.619999885559082,6.619999885559082,6.619999885559082,6.619999885559082,6.619999885559082,943.0
2024-07-03 12:17:00,ALVR,0.7303000092506409,0.7303000092506409,0.7303000092506409,0.7303000092506409,0.7303000092506409,643.0
2024-07-03 12:17:00,ALXO,5.670000076293945,5.670000076293945,5.670000076293945,5.670000076293945,5.670000076293945,554.0
2024-07-03 12:17:00,AMED,97.06990051269531,97.06990051269531,97.08000183105469,97.05000305175781,97.08000183105469,4160.0
2024-07-03 12:17:00,AMGN,307.55999755859375,307.55999755859375,307.70001220703125,307.54998779296875,307.54998779296875,2359.0
2024-07-03 12:17:00,AMLX,1.7599999904632568,1.7599999904632568,1.7599999904632568,1.7599999904632568,1.7599999904632568,438.0
2024-07-03 12:17:00,AMPH,38.220001220703125,38.220001220703125,38.25,38.189998626708984,38.25,1453.0
2024-07-03 12:17:00,AMRN,0.6919999718666077,0.6919999718666077,0.6944000124931335,0.6919999718666077,0.6944000124931335,810.0
2024-07-03 12:17:00,ANAB,24.950000762939453,24.950000762939453,25.049999237060547,24.950000762939453,25.0,5016.0
2024-07-03 12:17:00,ANIP,60.83000183105469,60.83000183105469,60.86000061035156,60.83000183105469,60.83000183105469,818.0
2024-07-03 12:17:00,ANNX,4.764999866485596,4.764999866485596,4.775000095367432,4.764999866485596,4.775000095367432,4893.0
2024-07-03 12:17:00,ANTX,2.555000066757202,2.555000066757202,2.555000066757202,2.555000066757202,2.555000066757202,1300.0
2024-07-03 12:17:00,APDN,0.39489999413490295,0.39489999413490295,0.39489999413490295,0.39489999413490295,0.39489999413490295,0.0
2024-07-03 12:17:00,APLS,35.08000183105469,35.08000183105469,35.11000061035156,35.08000183105469,35.11000061035156,3041.0
2024-07-03 12:17:00,APLT,4.360000133514404,4.360000133514404,4.369999885559082,4.360000133514404,4.369999885559082,3283.0
2024-07-03 12:17:00,APVO,0.3073999881744385,0.3073999881744385,0.3073999881744385,0.3073999881744385,0.3073999881744385,531.0
2024-07-03 12:17:00,AQST,2.434999942779541,2.434999942779541,2.434999942779541,2.434999942779541,2.434999942779541,614.0
2024-07-03 12:17:00,ARCT,21.6299991607666,21.6299991607666,21.65999984741211,21.594999313354492,21.65999984741211,3259.0
2024-07-03 12:17:00,ARDX,5.275000095367432,5.275000095367432,5.28000020980835,5.269999980926514,5.28000020980835,23666.0
2024-07-03 12:17:00,ARQT,9.5600004196167,9.5600004196167,9.579999923706055,9.554499626159668,9.579999923706055,4190.0
2024-07-03 12:17:00,ARTL,1.339400053024292,1.339400053024292,1.339900016784668,1.339400053024292,1.339900016784668,680.0
2024-07-03 12:17:00,ARWR,25.155000686645508,25.155000686645508,25.155000686645508,25.079999923706055,25.110000610351562,6621.0
2024-07-03 12:17:00,ASRT,1.3350000381469727,1.3350000381469727,1.3350000381469727,1.3350000381469727,1.3350000381469727,584.0
2024-07-03 12:17:00,ATEC,10.010000228881836,10.010000228881836,10.010000228881836,10.010000228881836,10.010000228881836,1412.0
2024-07-03 12:17:00,ATRC,22.2450008392334,22.2450008392334,22.2450008392334,22.229999542236328,22.229999542236328,851.0
2024-07-03 12:17:00,ATXS,9.03499984741211,9.03499984741211,9.03499984741211,9.020000457763672,9.024999618530273,2610.0
2024-07-03 12:17:00,AUPH,5.474999904632568,5.474999904632568,5.480000019073486,5.474999904632568,5.480000019073486,2517.0
2024-07-03 12:17:00,AURA,6.989999771118164,6.989999771118164,6.989999771118164,6.989999771118164,6.989999771118164,122.0
2024-07-03 12:17:00,AUTL,3.4600000381469727,3.4600000381469727,3.4749999046325684,3.4600000381469727,3.4749999046325684,3714.0
2024-07-03 12:17:00,AVDL,14.420000076293945,14.420000076293945,14.420000076293945,14.420000076293945,14.420000076293945,2595.0
2024-07-03 12:17:00,AVTE,1.6699999570846558,1.6699999570846558,1.6699999570846558,1.6699999570846558,1.6699999570846558,533.0
2024-07-03 12:17:00,AVXL,4.125,4.125,4.130000114440918,4.125,4.130000114440918,2862.0
2024-07-03 12:17:00,AWH,0.9954000115394592,0.9954000115394592,0.9954000115394592,0.9954000115394592,0.9954000115394592,500.0
2024-07-03 12:17:00,AXNX,67.5,67.5,67.5,67.5,67.5,1476.0
2024-07-03 12:17:00,AXSM,79.44499969482422,79.44499969482422,79.44999694824219,79.44000244140625,79.44999694824219,2874.0
2024-07-03 12:17:00,AZN,76.68499755859375,76.68499755859375,76.70500183105469,76.66999816894531,76.70500183105469,10114.0
2024-07-03 12:17:00,AZTA,52.470001220703125,52.470001220703125,52.47999954223633,52.470001220703125,52.47999954223633,576.0
2024-07-03 12:17:00,BBIO,25.3700008392334,25.3700008392334,25.3799991607666,25.360000610351562,25.3799991607666,3312.0
2024-07-03 12:17:00,BCAB,1.409999966621399,1.409999966621399,1.409999966621399,1.3949999809265137,1.399999976158142,10259.0
2024-07-03 12:17:00,BCRX,6.430600166320801,6.430600166320801,6.440000057220459,6.429999828338623,6.440000057220459,9257.0
2024-07-03 12:17:00,BCTX,1.0099999904632568,1.0099999904632568,1.0099999904632568,1.0099999904632568,1.0099999904632568,1122.0
2024-07-03 12:17:00,BDTX,4.335000038146973,4.335000038146973,4.360000133514404,4.335000038146973,4.360000133514404,3628.0
2024-07-03 12:17:00,BEAM,23.545000076293945,23.545000076293945,23.604999542236328,23.510900497436523,23.604999542236328,5320.0
2024-07-03 12:17:00,BIOR,0.6395999789237976,0.6395999789237976,0.6395999789237976,0.6395999789237976,0.6395999789237976,16740.0
2024-07-03 12:17:00,BIVI,0.41510000824928284,0.41510000824928284,0.41510000824928284,0.41510000824928284,0.41510000824928284,2389.0
2024-07-03 12:17:00,BJDX,0.6351000070571899,0.6351000070571899,0.6351000070571899,0.6351000070571899,0.6351000070571899,0.0
2024-07-03 12:17:00,BLUE,0.9241999983787537,0.9241999983787537,0.9241999983787537,0.9241999983787537,0.9241999983787537,147.0
2024-07-03 12:17:00,BMRN,80.87999725341797,80.87999725341797,80.87999725341797,80.87000274658203,80.87000274658203,1138.0
2024-07-03 12:17:00,BNGO,0.5759999752044678,0.5759999752044678,0.5759999752044678,0.5759999752044678,0.5759999752044678,7368.0
2024-07-03 12:17:00,BNTX,80.09500122070312,80.09500122070312,80.0999984741211,80.08999633789062,80.0999984741211,1658.0
2024-07-03 12:17:00,BPMC,110.93499755859375,110.93499755859375,110.93499755859375,110.8499984741211,110.8499984741211,3250.0
2024-07-03 12:17:00,BRKR,61.439998626708984,61.439998626708984,61.439998626708984,61.439998626708984,61.439998626708984,351.0
2024-07-03 12:17:00,BTAI,1.0800000429153442,1.0800000429153442,1.0800000429153442,1.0800000429153442,1.0800000429153442,536.0
2024-07-03 12:17:00,CABA,7.539999961853027,7.539999961853027,7.539999961853027,7.519999980926514,7.53000020980835,12297.0
2024-07-03 12:17:00,CADL,6.275000095367432,6.275000095367432,6.275000095367432,6.275000095367432,6.275000095367432,678.0
2024-07-03 12:17:00,CCCC,4.539999961853027,4.539999961853027,4.545000076293945,4.534999847412109,4.545000076293945,2572.0
2024-07-03 12:17:00,CDMO,7.849999904632568,7.849999904632568,7.849999904632568,7.840000152587891,7.849999904632568,2872.0
2024-07-03 12:17:00,CDNA,15.15999984741211,15.15999984741211,15.194999694824219,15.15999984741211,15.1899995803833,1619.0
2024-07-03 12:17:00,CDXC,2.515000104904175,2.515000104904175,2.515000104904175,2.515000104904175,2.515000104904175,101.0
2024-07-03 12:17:00,CDXS,2.865000009536743,2.865000009536743,2.869999885559082,2.865000009536743,2.869999885559082,2974.0
2024-07-03 12:17:00,CERE,40.05500030517578,40.05500030517578,40.060001373291016,40.0,40.0099983215332,53508.0
2024-07-03 12:17:00,CERS,1.715000033378601,1.715000033378601,1.715000033378601,1.7100000381469727,1.7100000381469727,1098.0
2024-07-03 12:17:00,CERT,13.770099639892578,13.770099639892578,13.789999961853027,13.770099639892578,13.789999961853027,857.0
2024-07-03 12:17:00,CGC,6.579999923706055,6.579999923706055,6.579999923706055,6.570000171661377,6.570000171661377,2180.0
2024-07-03 12:17:00,CGEM,16.610000610351562,16.610000610351562,16.649999618530273,16.610000610351562,16.649999618530273,1136.0
2024-07-03 12:17:00,CGTX,1.7599999904632568,1.7599999904632568,1.7599999904632568,1.7599999904632568,1.7599999904632568,92.0
2024-07-03 12:17:00,CHRS,1.3849999904632568,1.3849999904632568,1.3899999856948853,1.3849999904632568,1.3849999904632568,6407.0
2024-07-03 12:17:00,CLOV,1.2496999502182007,1.2496999502182007,1.2496999502182007,1.2496999502182007,1.2496999502182007,2084.0
2024-07-03 12:17:00,CMPS,6.21999979019165,6.21999979019165,6.231500148773193,6.21999979019165,6.230000019073486,1893.0
2024-07-03 12:17:00,CMPX,0.8539999723434448,0.8539999723434448,0.8539999723434448,0.8392999768257141,0.8392999768257141,1200.0
2024-07-03 12:17:00,CNSP,1.4800000190734863,1.4800000190734863,1.4800000190734863,1.4700000286102295,1.4759999513626099,11444.0
2024-07-03 12:17:00,COGT,8.354999542236328,8.354999542236328,8.354999542236328,8.354999542236328,8.354999542236328,200.0
2024-07-03 12:17:00,COLL,32.310001373291016,32.310001373291016,32.310001373291016,32.310001373291016,32.310001373291016,201.0
2024-07-03 12:17:00,CORT,30.3799991607666,30.3799991607666,30.420000076293945,30.3799991607666,30.420000076293945,2027.0
2024-07-03 12:17:00,COSM,0.9300000071525574,0.9300000071525574,0.9300000071525574,0.9298999905586243,0.9298999905586243,1311.0
2024-07-03 12:17:00,CPRX,15.430000305175781,15.430000305175781,15.449999809265137,15.430000305175781,15.449999809265137,55.0
2024-07-03 12:17:00,CRBU,1.5700000524520874,1.5700000524520874,1.5700000524520874,1.5700000524520874,1.5700000524520874,1848.0
2024-07-03 12:17:00,CRDL,1.9299999475479126,1.9299999475479126,1.9299999475479126,1.9299999475479126,1.9299999475479126,5047.0
2024-07-03 12:17:00,CRIS,6.30210018157959,6.30210018157959,6.30210018157959,6.30210018157959,6.30210018157959,160.0
2024-07-03 12:17:00,CRMD,4.135000228881836,4.135000228881836,4.139999866485596,4.135000228881836,4.139999866485596,4722.0
2024-07-03 12:17:00,CRNX,44.540000915527344,44.540000915527344,44.59000015258789,44.540000915527344,44.59000015258789,1588.0
2024-07-03 12:17:00,CRSP,53.90250015258789,53.90250015258789,53.970001220703125,53.90250015258789,53.970001220703125,1673.0
2024-07-03 12:17:00,CTMX,1.315000057220459,1.315000057220459,1.315000057220459,1.315000057220459,1.315000057220459,819.0
2024-07-03 12:17:00,CVAC,3.244999885559082,3.244999885559082,3.244999885559082,3.234999895095825,3.234999895095825,10386.0
2024-07-03 12:17:00,DAWN,13.300000190734863,13.300000190734863,13.3100004196167,13.300000190734863,13.3100004196167,1018.0
2024-07-03 12:17:00,DCGO,2.9549999237060547,2.9549999237060547,2.9549999237060547,2.9549999237060547,2.9549999237060547,530.0
2024-07-03 12:17:00,DH,5.399199962615967,5.399199962615967,5.40500020980835,5.399199962615967,5.40500020980835,1398.0
2024-07-03 12:17:00,DNLI,21.395000457763672,21.395000457763672,21.40999984741211,21.389999389648438,21.40999984741211,3230.0
2024-07-03 12:17:00,DSGN,3.299999952316284,3.299999952316284,3.315000057220459,3.299999952316284,3.315000057220459,1238.0
2024-07-03 12:17:00,DVAX,11.079999923706055,11.079999923706055,11.079999923706055,11.079999923706055,11.079999923706055,1097.0
2024-07-03 12:17:00,DXCM,110.83000183105469,110.83000183105469,110.86720275878906,110.83000183105469,110.86720275878906,2602.0
2024-07-03 12:17:00,DYN,34.10499954223633,34.10499954223633,34.150001525878906,34.099998474121094,34.150001525878906,1015.0
2024-07-03 12:17:00,EDIT,4.630000114440918,4.630000114440918,4.639999866485596,4.630000114440918,4.639999866485596,1517.0
2024-07-03 12:17:00,ELEV,2.625,2.625,2.625,2.625,2.625,1040.0
2024-07-03 12:17:00,EMBC,11.96660041809082,11.96660041809082,11.96660041809082,11.9399995803833,11.9399995803833,1405.0
2024-07-03 12:17:00,ENSC,0.45010000467300415,0.45010000467300415,0.45010000467300415,0.45010000467300415,0.45010000467300415,300.0
2024-07-03 12:17:00,ENTA,13.079999923706055,13.079999923706055,13.079999923706055,13.069999694824219,13.069999694824219,1147.0
2024-07-03 12:17:00,EOLS,10.920000076293945,10.920000076293945,10.9399995803833,10.920000076293945,10.9399995803833,2319.0
2024-07-03 12:17:00,ERAS,2.2040998935699463,2.2040998935699463,2.2100000381469727,2.2040998935699463,2.2100000381469727,9750.0
2024-07-03 12:17:00,ESPR,2.3550000190734863,2.3550000190734863,2.359999895095825,2.3550000190734863,2.3550000190734863,2442.0
2024-07-03 12:17:00,ETNB,7.499899864196777,7.499899864196777,7.499899864196777,7.499899864196777,7.499899864196777,1892.0
2024-07-03 12:17:00,ETON,3.3299999237060547,3.3299999237060547,3.3299999237060547,3.3299999237060547,3.3299999237060547,1239.0
2024-07-03 12:17:00,EWTX,17.969999313354492,17.969999313354492,18.030000686645508,17.934999465942383,18.0,105789.0
2024-07-03 12:17:00,EXAI,5.429999828338623,5.429999828338623,5.429999828338623,5.429999828338623,5.429999828338623,353.0
2024-07-03 12:17:00,EXAS,43.185001373291016,43.185001373291016,43.189998626708984,43.18000030517578,43.189998626708984,1642.0
2024-07-03 12:17:00,EXEL,21.825000762939453,21.825000762939453,21.834999084472656,21.825000762939453,21.834999084472656,3460.0
2024-07-03 12:17:00,EYEN,0.7820000052452087,0.7820000052452087,0.7820000052452087,0.7820000052452087,0.7820000052452087,1317.0
2024-07-03 12:17:00,FATE,3.1549999713897705,3.1549999713897705,3.1649999618530273,3.1500000953674316,3.1649999618530273,6593.0
2024-07-03 12:17:00,FDMT,20.8700008392334,20.8700008392334,20.8700008392334,20.790000915527344,20.790000915527344,2596.0
2024-07-03 12:17:00,FGEN,0.7199000120162964,0.7199000120162964,0.7217000126838684,0.7199000120162964,0.7214000225067139,5768.0
2024-07-03 12:17:00,FHTX,5.539999961853027,5.539999961853027,5.570000171661377,5.539999961853027,5.550000190734863,1157.0
2024-07-03 12:17:00,FOLD,9.845000267028809,9.845000267028809,9.859999656677246,9.845000267028809,9.859999656677246,2401.0
2024-07-03 12:17:00,FULC,6.119999885559082,6.119999885559082,6.135000228881836,6.119999885559082,6.135000228881836,5184.0
2024-07-03 12:17:00,GALT,2.174999952316284,2.174999952316284,2.174999952316284,2.1700000762939453,2.1700000762939453,358.0
2024-07-03 12:17:00,GDRX,7.744999885559082,7.744999885559082,7.744999885559082,7.739999771118164,7.739999771118164,1546.0
2024-07-03 12:17:00,GERN,4.324999809265137,4.324999809265137,4.324999809265137,4.320000171661377,4.320000171661377,6742.0
2024-07-03 12:17:00,GH,28.100000381469727,28.100000381469727,28.204999923706055,28.100000381469727,28.200000762939453,3209.0
2024-07-03 12:17:00,GHRS,11.550000190734863,11.550000190734863,11.550000190734863,11.550000190734863,11.550000190734863,613.0
2024-07-03 12:17:00,GILD,66.91819763183594,66.91819763183594,66.94000244140625,66.90850067138672,66.94000244140625,7651.0
2024-07-03 12:17:00,GLUE,3.8399999141693115,3.8399999141693115,3.8499999046325684,3.8299999237060547,3.8299999237060547,1026.0
2024-07-03 12:17:00,GLYC,0.28200000524520874,0.28200000524520874,0.28200000524520874,0.2806999981403351,0.28200000524520874,37354.0
2024-07-03 12:17:00,GOSS,0.9588000178337097,0.9588000178337097,0.9588000178337097,0.9588000178337097,0.9588000178337097,393.0
2024-07-03 12:17:00,GOVX,2.934999942779541,2.934999942779541,2.934999942779541,2.934999942779541,2.934999942779541,410.0
2024-07-03 12:17:00,GRFS,6.664999961853027,6.664999961853027,6.6682000160217285,6.664999961853027,6.6682000160217285,738.0
2024-07-03 12:17:00,GTHX,2.5299999713897705,2.5299999713897705,2.5399999618530273,2.5250000953674316,2.5250000953674316,9185.0
2024-07-03 12:17:00,HALO,52.099998474121094,52.099998474121094,52.22249984741211,52.099998474121094,52.22249984741211,1863.0
2024-07-03 12:17:00,HCAT,6.159999847412109,6.159999847412109,6.199999809265137,6.159999847412109,6.199999809265137,2549.0
2024-07-03 12:17:00,HCSG,10.710000038146973,10.710000038146973,10.720000267028809,10.710000038146973,10.720000267028809,3709.0
2024-07-03 12:17:00,HITI,2.140000104904175,2.140000104904175,2.140000104904175,2.140000104904175,2.140000104904175,379.0
2024-07-03 12:17:00,HLVX,14.300000190734863,14.300000190734863,14.359999656677246,14.300000190734863,14.359999656677246,1412.0
2024-07-03 12:17:00,HOLX,73.08999633789062,73.08999633789062,73.08999633789062,73.07499694824219,73.08499908447266,4969.0
2024-07-03 12:17:00,HOOK,0.5863999724388123,0.5863999724388123,0.5863999724388123,0.5863999724388123,0.5863999724388123,200.0
2024-07-03 12:17:00,HRMY,30.545000076293945,30.545000076293945,30.545000076293945,30.545000076293945,30.545000076293945,164.0
2024-07-03 12:17:00,HROW,21.55500030517578,21.55500030517578,21.55500030517578,21.55500030517578,21.55500030517578,464.0
2024-07-03 12:17:00,HRTX,2.740000009536743,2.740000009536743,2.740000009536743,2.740000009536743,2.740000009536743,2376.0
2024-07-03 12:17:00,HSIC,65.0,65.0,65.0199966430664,65.0,65.0199966430664,1642.0
2024-07-03 12:17:00,HUGE,0.1428000032901764,0.1428000032901764,0.1428000032901764,0.1428000032901764,0.1428000032901764,6000.0
2024-07-03 12:17:00,HUMA,5.78000020980835,5.78000020980835,5.798999786376953,5.775000095367432,5.798600196838379,9199.0
2024-07-03 12:17:00,IART,28.5049991607666,28.5049991607666,28.5049991607666,28.489999771118164,28.489999771118164,1005.0
2024-07-03 12:17:00,IBRX,6.264999866485596,6.264999866485596,6.269999980926514,6.264999866485596,6.269999980926514,2180.0
2024-07-03 12:17:00,ICLR,318.0,318.0,318.0,317.7099914550781,317.7799987792969,4036.0
2024-07-03 12:17:00,IDYA,33.375,33.375,33.375,33.31999969482422,33.349998474121094,2837.0
2024-07-03 12:17:00,IGMS,6.445000171661377,6.445000171661377,6.449999809265137,6.440000057220459,6.449999809265137,788.0
2024-07-03 12:17:00,IINN,1.420799970626831,1.420799970626831,1.420799970626831,1.420799970626831,1.420799970626831,0.0
2024-07-03 12:17:00,IKNA,1.649999976158142,1.649999976158142,1.649999976158142,1.649999976158142,1.649999976158142,361.0
2024-07-03 12:17:00,ILMN,105.7300033569336,105.7300033569336,105.7300033569336,105.66999816894531,105.7300033569336,2087.0
2024-07-03 12:17:00,IMCR,36.02000045776367,36.02000045776367,36.02000045776367,36.02000045776367,36.02000045776367,525.0
2024-07-03 12:17:00,IMMX,2.365000009536743,2.365000009536743,2.3661000728607178,2.359999895095825,2.365000009536743,7063.0
2024-07-03 12:17:00,IMNM,11.989999771118164,11.989999771118164,12.029999732971191,11.989999771118164,12.029999732971191,2055.0
2024-07-03 12:17:00,IMRX,1.1299999952316284,1.1299999952316284,1.1299999952316284,1.1299999952316284,1.1299999952316284,0.0
2024-07-03 12:17:00,IMTX,11.770000457763672,11.770000457763672,11.770000457763672,11.770000457763672,11.770000457763672,256.0
2024-07-03 12:17:00,IMUX,1.1399999856948853,1.1399999856948853,1.1399999856948853,1.1399999856948853,1.1399999856948853,203.0
2024-07-03 12:17:00,IMVT,26.0049991607666,26.0049991607666,26.010000228881836,25.989999771118164,26.0,1806.0
2024-07-03 12:17:00,INAB,0.7928000092506409,0.7928000092506409,0.7928000092506409,0.7928000092506409,0.7928000092506409,1000.0
2024-07-03 12:17:00,INCY,57.689998626708984,57.689998626708984,57.709999084472656,57.68000030517578,57.709999084472656,5191.0
2024-07-03 12:17:00,INGN,8.050000190734863,8.050000190734863,8.050000190734863,8.020000457763672,8.029999732971191,3687.0
2024-07-03 12:17:00,INMD,17.565000534057617,17.565000534057617,17.565000534057617,17.559999465942383,17.559999465942383,3013.0
2024-07-03 12:17:00,INO,8.420000076293945,8.420000076293945,8.449999809265137,8.420000076293945,8.449999809265137,2000.0
2024-07-03 12:17:00,INSM,61.83000183105469,61.83000183105469,61.84000015258789,61.69309997558594,61.77000045776367,4501.0
2024-07-03 12:17:00,INZY,4.449999809265137,4.449999809265137,4.480000019073486,4.449999809265137,4.46999979019165,4029.0
2024-07-03 12:17:00,IONS,44.834999084472656,44.834999084472656,44.86000061035156,44.81999969482422,44.86000061035156,4543.0
2024-07-03 12:17:00,IOVA,7.440000057220459,7.440000057220459,7.449999809265137,7.429999828338623,7.449999809265137,30953.0
2024-07-03 12:17:00,IRTC,94.80999755859375,94.80999755859375,94.80999755859375,94.80999755859375,94.80999755859375,1053.0
2024-07-03 12:17:00,IRWD,6.144999980926514,6.144999980926514,6.150000095367432,6.144999980926514,6.149899959564209,2474.0
2024-07-03 12:17:00,ISPC,0.2761000096797943,0.2761000096797943,0.2761000096797943,0.2703000009059906,0.2703000009059906,4502.0
2024-07-03 12:17:00,ISRG,433.9700012207031,433.9700012207031,434.1300048828125,433.9700012207031,434.1300048828125,1828.0
2024-07-03 12:17:00,ITCI,68.43499755859375,68.43499755859375,68.4800033569336,68.43499755859375,68.43499755859375,2035.0
2024-07-03 12:17:00,ITOS,14.8100004196167,14.8100004196167,14.8100004196167,14.779999732971191,14.800000190734863,3208.0
2024-07-03 12:17:00,JANX,38.23500061035156,38.23500061035156,38.23500061035156,38.040000915527344,38.04999923706055,2352.0
2024-07-03 12:17:00,JAZZ,103.61000061035156,103.61000061035156,103.7699966430664,103.61000061035156,103.7699966430664,2726.0
2024-07-03 12:17:00,KIDS,29.809999465942383,29.809999465942383,29.81999969482422,29.780000686645508,29.780000686645508,1578.0
2024-07-03 12:17:00,KMDA,5.139999866485596,5.139999866485596,5.159999847412109,5.139999866485596,5.15500020980835,1155.0
2024-07-03 12:17:00,KNSA,18.860000610351562,18.860000610351562,18.899999618530273,18.860000610351562,18.899999618530273,2512.0
2024-07-03 12:17:00,KOD,2.2100000381469727,2.2100000381469727,2.2100000381469727,2.2100000381469727,2.2100000381469727,1501.0
2024-07-03 12:17:00,KPTI,0.8330000042915344,0.8330000042915344,0.8330000042915344,0.8327999711036682,0.8330000042915344,5708.0
2024-07-03 12:17:00,KROS,42.310001373291016,42.310001373291016,42.38999938964844,42.310001373291016,42.38999938964844,1249.0
2024-07-03 12:17:00,KTRA,0.2800000011920929,0.2800000011920929,0.28139999508857727,0.2782999873161316,0.28139999508857727,84634.0
2024-07-03 12:17:00,KURA,20.225000381469727,20.225000381469727,20.225000381469727,20.225000381469727,20.225000381469727,789.0
2024-07-03 12:17:00,KZR,0.579200029373169,0.579200029373169,0.579200029373169,0.579200029373169,0.579200029373169,562.0
2024-07-03 12:17:00,LAB,1.8300000429153442,1.8300000429153442,1.8300000429153442,1.8200000524520874,1.8300000429153442,1997.0
2024-07-03 12:17:00,LBPH,31.899999618530273,31.899999618530273,32.09109878540039,31.899999618530273,32.09109878540039,857.0
2024-07-03 12:17:00,LEGN,46.18000030517578,46.18000030517578,46.18000030517578,46.15999984741211,46.15999984741211,846.0
2024-07-03 12:17:00,LFST,5.135000228881836,5.135000228881836,5.135000228881836,5.130000114440918,5.135000228881836,1450.0
2024-07-03 12:17:00,LGND,82.73999786376953,82.73999786376953,82.73999786376953,82.73999786376953,82.73999786376953,826.0
2024-07-03 12:17:00,LGVN,1.6217999458312988,1.6217999458312988,1.6217999458312988,1.6217999458312988,1.6217999458312988,0.0
2024-07-03 12:17:00,LIVN,52.65999984741211,52.65999984741211,52.65999984741211,52.65999984741211,52.65999984741211,354.0
2024-07-03 12:17:00,LNTH,79.57499694824219,79.57499694824219,79.61499786376953,79.5199966430664,79.61499786376953,2244.0
2024-07-03 12:17:00,LQDA,11.9399995803833,11.9399995803833,11.9399995803833,11.930000305175781,11.9399995803833,1024.0
2024-07-03 12:17:00,LUCD,0.7659000158309937,0.7659000158309937,0.7659000158309937,0.7620000243186951,0.7620000243186951,500.0
2024-07-03 12:17:00,LUCY,0.46380001306533813,0.46380001306533813,0.46380001306533813,0.46380001306533813,0.46380001306533813,2330.0
2024-07-03 12:17:00,LXRX,1.6150000095367432,1.6150000095367432,1.6150000095367432,1.6100000143051147,1.6150000095367432,10676.0
2024-07-03 12:17:00,LYEL,1.4950000047683716,1.4950000047683716,1.5,1.4950000047683716,1.5,23267.0
2024-07-03 12:17:00,LYRA,0.28439998626708984,0.28439998626708984,0.2858000099658966,0.28439998626708984,0.2858000099658966,300.0
2024-07-03 12:17:00,MASI,114.1500015258789,114.1500015258789,114.1500015258789,114.1500015258789,114.1500015258789,808.0
2024-07-03 12:17:00,MASS,4.849999904632568,4.849999904632568,4.849999904632568,4.849999904632568,4.849999904632568,1246.0
2024-07-03 12:17:00,MBIO,0.4966000020503998,0.4966000020503998,0.4975999891757965,0.4966000020503998,0.4975999891757965,3245.0
2024-07-03 12:17:00,MBOT,1.0505000352859497,1.0505000352859497,1.0505000352859497,1.0505000352859497,1.0505000352859497,581.0
2024-07-03 12:17:00,MDGL,271.364990234375,271.364990234375,271.364990234375,271.364990234375,271.364990234375,517.0
2024-07-03 12:17:00,MDXG,6.755000114440918,6.755000114440918,6.760000228881836,6.755000114440918,6.760000228881836,4496.0
2024-07-03 12:17:00,ME,0.4131999909877777,0.4131999909877777,0.4133000075817108,0.4131999909877777,0.4133000075817108,760.0
2024-07-03 12:17:00,MEDP,404.4599914550781,404.4599914550781,404.4599914550781,404.4599914550781,404.4599914550781,401.0
2024-07-03 12:17:00,MEIP,2.799999952316284,2.799999952316284,2.799999952316284,2.799999952316284,2.799999952316284,539.0
2024-07-03 12:17:00,MGNX,4.190000057220459,4.190000057220459,4.190000057220459,4.184999942779541,4.184999942779541,2101.0
2024-07-03 12:17:00,MGTX,4.009900093078613,4.009900093078613,4.009900093078613,3.9800000190734863,3.9800000190734863,1623.0
2024-07-03 12:17:00,MLTX,41.334999084472656,41.334999084472656,41.334999084472656,41.334999084472656,41.334999084472656,276.0
2024-07-03 12:17:00,MNKD,5.005000114440918,5.005000114440918,5.010000228881836,5.005000114440918,5.010000228881836,7907.0
2024-07-03 12:17:00,MNMD,7.179999828338623,7.179999828338623,7.185800075531006,7.175000190734863,7.185800075531006,2836.0
2024-07-03 12:17:00,MODD,1.440000057220459,1.440000057220459,1.440000057220459,1.409999966621399,1.409999966621399,1270.0
2024-07-03 12:17:00,MODV,27.899999618530273,27.899999618530273,27.954999923706055,27.899999618530273,27.90999984741211,748.0
2024-07-03 12:17:00,MORF,31.799999237060547,31.799999237060547,31.799999237060547,31.735000610351562,31.780000686645508,2838.0
2024-07-03 12:17:00,MREO,3.5250000953674316,3.5250000953674316,3.5250000953674316,3.5250000953674316,3.5250000953674316,330.0
2024-07-03 12:17:00,MRNA,115.79000091552734,115.79000091552734,115.98999786376953,115.79000091552734,115.98999786376953,2846.0
2024-07-03 12:17:00,MRNS,1.2095999717712402,1.2095999717712402,1.2095999717712402,1.2050000429153442,1.2050000429153442,595.0
2024-07-03 12:17:00,MRSN,1.850000023841858,1.850000023841858,1.8550000190734863,1.850000023841858,1.850000023841858,911.0
2024-07-03 12:17:00,MRUS,52.45000076293945,52.45000076293945,52.5,52.45000076293945,52.5,1244.0
2024-07-03 12:17:00,MRVI,6.989999771118164,6.989999771118164,6.999899864196777,6.989999771118164,6.994999885559082,958.0
2024-07-03 12:17:00,MXCT,3.684999942779541,3.684999942779541,3.700000047683716,3.680000066757202,3.700000047683716,2527.0
2024-07-03 12:17:00,MYGN,24.959999084472656,24.959999084472656,24.959999084472656,24.959999084472656,24.959999084472656,238.0
2024-07-03 12:17:00,NARI,49.630001068115234,49.630001068115234,49.630001068115234,49.630001068115234,49.630001068115234,296.0
2024-07-03 12:17:00,NBIX,138.05999755859375,138.05999755859375,138.1649932861328,138.05999755859375,138.1649932861328,2459.0
2024-07-03 12:17:00,NDRA,0.09520000219345093,0.09520000219345093,0.09520000219345093,0.09369999915361404,0.09399999678134918,135049.0
2024-07-03 12:17:00,NEO,13.710000038146973,13.710000038146973,13.710000038146973,13.699999809265137,13.710000038146973,2679.0
2024-07-03 12:17:00,NEOG,15.119999885559082,15.119999885559082,15.135000228881836,15.119999885559082,15.135000228881836,4866.0
2024-07-03 12:17:00,NKTR,1.2799999713897705,1.2799999713897705,1.2799999713897705,1.2799999713897705,1.2799999713897705,1477.0
2024-07-03 12:17:00,NKTX,5.320000171661377,5.320000171661377,5.320000171661377,5.320000171661377,5.320000171661377,937.0
2024-07-03 12:17:00,NLSP,0.2029999941587448,0.2029999941587448,0.2029999941587448,0.2011999934911728,0.2011999934911728,11917.0
2024-07-03 12:17:00,NRC,23.100000381469727,23.100000381469727,23.1299991607666,23.040000915527344,23.040000915527344,741.0
2024-07-03 12:17:00,NRIX,19.489999771118164,19.489999771118164,19.530000686645508,19.489999771118164,19.530000686645508,2627.0
2024-07-03 12:17:00,NTLA,22.639999389648438,22.639999389648438,22.649999618530273,22.6299991607666,22.649999618530273,1513.0
2024-07-03 12:17:00,NTRA,111.38999938964844,111.38999938964844,111.38999938964844,111.31999969482422,111.37999725341797,1647.0
2024-07-03 12:17:00,NVAX,12.550000190734863,12.550000190734863,12.555000305175781,12.520000457763672,12.520000457763672,5802.0
2024-07-03 12:17:00,NVCR,16.6299991607666,16.6299991607666,16.6299991607666,16.628999710083008,16.628999710083008,1072.0
2024-07-03 12:17:00,NXL,1.399999976158142,1.399999976158142,1.4049999713897705,1.399999976158142,1.4049999713897705,1889.0
2024-07-03 12:17:00,OCGN,1.6150000095367432,1.6150000095367432,1.6200000047683716,1.6100000143051147,1.6200000047683716,5983.0
2024-07-03 12:17:00,OCUL,6.699999809265137,6.699999809265137,6.699999809265137,6.630000114440918,6.635000228881836,19336.0
2024-07-03 12:17:00,OFIX,13.454999923706055,13.454999923706055,13.470000267028809,13.454999923706055,13.470000267028809,609.0
2024-07-03 12:17:00,OGI,1.5879000425338745,1.5879000425338745,1.5879000425338745,1.5879000425338745,1.5879000425338745,459.0
2024-07-03 12:17:00,OLMA,10.470000267028809,10.470000267028809,10.479999542236328,10.470000267028809,10.470000267028809,1074.0
2024-07-03 12:17:00,OM,3.884999990463257,3.884999990463257,3.884999990463257,3.880000114440918,3.880000114440918,844.0
2024-07-03 12:17:00,OMCL,26.56999969482422,26.56999969482422,26.589000701904297,26.56999969482422,26.579999923706055,1494.0
2024-07-03 12:17:00,OMER,3.890000104904175,3.890000104904175,3.890000104904175,3.890000104904175,3.890000104904175,917.0
2024-07-03 12:17:00,OMGA,1.9199999570846558,1.9199999570846558,1.9249999523162842,1.9199999570846558,1.9249999523162842,653.0
2024-07-03 12:18:00,ABCL,2.7098000049591064,2.7098000049591064,2.7098000049591064,2.7098000049591064,2.7098000049591064,901.0
2024-07-03 12:18:00,ABSI,3.190000057220459,3.190000057220459,3.200000047683716,3.190000057220459,3.190200090408325,3553.0
2024-07-03 12:18:00,ABUS,3.1500000953674316,3.1500000953674316,3.1500000953674316,3.1500000953674316,3.1500000953674316,603.0
2024-07-03 12:18:00,ACAD,15.5600004196167,15.5600004196167,15.5600004196167,15.550000190734863,15.550000190734863,2413.0
2024-07-03 12:18:00,ACB,4.929999828338623,4.929999828338623,4.934999942779541,4.929999828338623,4.930600166320801,7688.0
2024-07-03 12:18:00,ACCD,3.640000104904175,3.640000104904175,3.6500000953674316,3.6301000118255615,3.6301000118255615,27163.0
2024-07-03 12:18:00,ACET,1.0800000429153442,1.0800000429153442,1.0800000429153442,1.0800000429153442,1.0800000429153442,385.0
2024-07-03 12:18:00,ACHC,66.55999755859375,66.55999755859375,66.5999984741211,66.55999755859375,66.5999984741211,2247.0
2024-07-03 12:18:00,ACLX,54.4900016784668,54.4900016784668,54.4900016784668,54.4900016784668,54.4900016784668,0.0
2024-07-03 12:18:00,ACON,0.29100000858306885,0.29100000858306885,0.29100000858306885,0.29100000858306885,0.29100000858306885,5774.0
2024-07-03 12:18:00,ACRS,1.149999976158142,1.149999976158142,1.149999976158142,1.149999976158142,1.149999976158142,786.0
2024-07-03 12:18:00,ADMA,11.210000038146973,11.210000038146973,11.218700408935547,11.210000038146973,11.21500015258789,1727.0
2024-07-03 12:18:00,ADPT,3.3949999809265137,3.3949999809265137,3.3949999809265137,3.384999990463257,3.384999990463257,4538.0
2024-07-03 12:18:00,AIMD,0.9298999905586243,0.9298999905586243,0.9300000071525574,0.910099983215332,0.910099983215332,7704.0
2024-07-03 12:18:00,AKBA,0.9563000202178955,0.9563000202178955,0.9563999772071838,0.9563000202178955,0.9563999772071838,1302.0
2024-07-03 12:18:00,AKYA,2.127000093460083,2.127000093460083,2.127000093460083,2.127000093460083,2.127000093460083,1008.0
2024-07-03 12:18:00,ALEC,4.400000095367432,4.400000095367432,4.400000095367432,4.400000095367432,4.400000095367432,466.0
2024-07-03 12:18:00,ALGN,242.31500244140625,242.31500244140625,242.31500244140625,242.31500244140625,242.31500244140625,725.0
2024-07-03 12:18:00,ALGS,0.42489999532699585,0.42489999532699585,0.42489999532699585,0.4237000048160553,0.4237000048160553,5500.0
2024-07-03 12:18:00,ALKS,24.200000762939453,24.200000762939453,24.200000762939453,24.190000534057617,24.200000762939453,1598.0
2024-07-03 12:18:00,ALLO,2.0950000286102295,2.0950000286102295,2.0950000286102295,2.0950000286102295,2.0950000286102295,1082.0
2024-07-03 12:18:00,ALLR,0.20600000023841858,0.20600000023841858,0.20600000023841858,0.20600000023841858,0.20600000023841858,896.0
2024-07-03 12:18:00,ALNY,246.38499450683594,246.38499450683594,246.38499450683594,246.38499450683594,246.38499450683594,1328.0
2024-07-03 12:18:00,ALRN,2.8299999237060547,2.8299999237060547,2.8299999237060547,2.8299999237060547,2.8299999237060547,146.0
2024-07-03 12:18:00,ALT,6.628699779510498,6.628699779510498,6.629899978637695,6.619999885559082,6.619999885559082,4533.0
2024-07-03 12:18:00,ALVO,12.270000457763672,12.270000457763672,12.270000457763672,12.270000457763672,12.270000457763672,204.0
2024-07-03 12:18:00,ALXO,5.670000076293945,5.670000076293945,5.670000076293945,5.659999847412109,5.659999847412109,735.0
2024-07-03 12:18:00,AMED,97.08999633789062,97.08999633789062,97.16000366210938,97.08999633789062,97.16000366210938,4254.0
2024-07-03 12:18:00,AMGN,307.42999267578125,307.42999267578125,307.5249938964844,307.25,307.5249938964844,2261.0
2024-07-03 12:18:00,AMLX,1.7599999904632568,1.7599999904632568,1.7599999904632568,1.7599999904632568,1.7599999904632568,422.0
2024-07-03 12:18:00,AMPH,38.220001220703125,38.220001220703125,38.220001220703125,38.220001220703125,38.220001220703125,108.0
2024-07-03 12:18:00,ANAB,24.969999313354492,24.969999313354492,24.969999313354492,24.969999313354492,24.969999313354492,639.0
2024-07-03 12:18:00,ANIK,25.469999313354492,25.469999313354492,25.559999465942383,25.469999313354492,25.559999465942383,1132.0
2024-07-03 12:18:00,ANNX,4.764999866485596,4.764999866485596,4.764999866485596,4.764999866485596,4.764999866485596,482.0
2024-07-03 12:18:00,ANTX,2.559999942779541,2.559999942779541,2.559999942779541,2.549999952316284,2.555000066757202,4214.0
2024-07-03 12:18:00,APDN,0.39980000257492065,0.39980000257492065,0.39980000257492065,0.39489999413490295,0.39489999413490295,3923.0
2024-07-03 12:18:00,APLT,4.349999904632568,4.349999904632568,4.360000133514404,4.349999904632568,4.360000133514404,764.0
2024-07-03 12:18:00,AQST,2.4375,2.4375,2.440000057220459,2.434999942779541,2.440000057220459,2223.0
2024-07-03 12:18:00,ARCT,21.584999084472656,21.584999084472656,21.59000015258789,21.584999084472656,21.59000015258789,517.0
2024-07-03 12:18:00,ARDX,5.289999961853027,5.289999961853027,5.289999961853027,5.269999980926514,5.275000095367432,21760.0
2024-07-03 12:18:00,ARQT,9.5649995803833,9.5649995803833,9.569999694824219,9.5649995803833,9.5649995803833,1988.0
2024-07-03 12:18:00,ARWR,25.15999984741211,25.15999984741211,25.15999984741211,25.15999984741211,25.15999984741211,304.0
2024-07-03 12:18:00,ASND,135.19000244140625,135.19000244140625,135.19000244140625,135.19000244140625,135.19000244140625,1737.0
2024-07-03 12:18:00,ASRT,1.3300000429153442,1.3300000429153442,1.3350000381469727,1.3300000429153442,1.3350000381469727,7712.0
2024-07-03 12:18:00,ATEC,10.055999755859375,10.055999755859375,10.055999755859375,10.020000457763672,10.020000457763672,3065.0
2024-07-03 12:18:00,ATOS,1.1649999618530273,1.1649999618530273,1.1649999618530273,1.1649999618530273,1.1649999618530273,1228.0
2024-07-03 12:18:00,ATRC,22.280000686645508,22.280000686645508,22.280000686645508,22.25,22.25,2211.0
2024-07-03 12:18:00,AUGX,1.0,1.0,1.0,1.0,1.0,1096.0
2024-07-03 12:18:00,AUPH,5.474999904632568,5.474999904632568,5.474999904632568,5.474999904632568,5.474999904632568,702.0
2024-07-03 12:18:00,AURA,6.96999979019165,6.96999979019165,6.96999979019165,6.96999979019165,6.96999979019165,838.0
2024-07-03 12:18:00,AUTL,3.4649999141693115,3.4649999141693115,3.4649999141693115,3.4649999141693115,3.4649999141693115,614.0
2024-07-03 12:18:00,AVTE,1.6649999618530273,1.6649999618530273,1.6699999570846558,1.6649999618530273,1.6649999618530273,530.0
2024-07-03 12:18:00,AVXL,4.130000114440918,4.130000114440918,4.130000114440918,4.125,4.125,2483.0
2024-07-03 12:18:00,AWH,0.9955000281333923,0.9955000281333923,1.0099999904632568,0.9955000281333923,1.0099999904632568,200.0
2024-07-03 12:18:00,AXGN,7.5,7.5,7.5,7.5,7.5,672.0
2024-07-03 12:18:00,AXSM,79.58000183105469,79.58000183105469,79.58000183105469,79.5,79.5,1126.0
2024-07-03 12:18:00,AZN,76.70500183105469,76.70500183105469,76.70500183105469,76.69000244140625,76.69499969482422,6615.0
2024-07-03 12:18:00,AZTA,52.459999084472656,52.459999084472656,52.470001220703125,52.459999084472656,52.470001220703125,1009.0
2024-07-03 12:18:00,BCAB,1.4049999713897705,1.4049999713897705,1.409999966621399,1.4049999713897705,1.409999966621399,702.0
2024-07-03 12:18:00,BCRX,6.434999942779541,6.434999942779541,6.440000057220459,6.434999942779541,6.440000057220459,305.0
2024-07-03 12:18:00,BDTX,4.340000152587891,4.340000152587891,4.340000152587891,4.335000038146973,4.335000038146973,3003.0
2024-07-03 12:18:00,BEAM,23.540000915527344,23.540000915527344,23.540000915527344,23.540000915527344,23.540000915527344,407.0
2024-07-03 12:18:00,BIIB,223.16000366210938,223.16000366210938,223.38999938964844,223.16000366210938,223.38999938964844,1439.0
2024-07-03 12:18:00,BIOR,0.636900007724762,0.636900007724762,0.636900007724762,0.636900007724762,0.636900007724762,0.0
2024-07-03 12:18:00,BLUE,0.923799991607666,0.923799991607666,0.923799991607666,0.923799991607666,0.923799991607666,1300.0
2024-07-03 12:18:00,BMEA,4.335000038146973,4.335000038146973,4.335000038146973,4.335000038146973,4.335000038146973,1605.0
2024-07-03 12:18:00,BMRN,80.8499984741211,80.8499984741211,80.8499984741211,80.8499984741211,80.8499984741211,139.0
2024-07-03 12:18:00,BNGO,0.5759000182151794,0.5759000182151794,0.5759000182151794,0.5759000182151794,0.5759000182151794,1401.0
2024-07-03 12:18:00,BNTX,80.12000274658203,80.12000274658203,80.12000274658203,80.11000061035156,80.11000061035156,1428.0
2024-07-03 12:18:00,BRKR,61.38999938964844,61.38999938964844,61.45000076293945,61.38999938964844,61.439998626708984,3717.0
2024-07-03 12:18:00,BTAI,1.0800000429153442,1.0800000429153442,1.0850000381469727,1.0800000429153442,1.0850000381469727,373.0
2024-07-03 12:18:00,BVS,5.985000133514404,5.985000133514404,5.985000133514404,5.985000133514404,5.985000133514404,312.0
2024-07-03 12:18:00,CADL,6.289999961853027,6.289999961853027,6.289999961853027,6.289999961853027,6.289999961853027,352.0
2024-07-03 12:18:00,CCCC,4.534999847412109,4.534999847412109,4.545000076293945,4.53000020980835,4.539999961853027,4337.0
2024-07-03 12:18:00,CCRN,13.6899995803833,13.6899995803833,13.6899995803833,13.6899995803833,13.6899995803833,685.0
2024-07-03 12:18:00,CDMO,7.800099849700928,7.800099849700928,7.849999904632568,7.800000190734863,7.849999904632568,10654.0
2024-07-03 12:18:00,CDXS,2.859999895095825,2.859999895095825,2.859999895095825,2.859999895095825,2.859999895095825,190.0
2024-07-03 12:18:00,CELC,16.25,16.25,16.25,16.25,16.25,262.0
2024-07-03 12:18:00,CERE,40.0099983215332,40.0099983215332,40.11000061035156,40.0099983215332,40.05500030517578,41582.0
2024-07-03 12:18:00,CERS,1.7100000381469727,1.7100000381469727,1.7100000381469727,1.7100000381469727,1.7100000381469727,200.0
2024-07-03 12:18:00,CGC,6.59119987487793,6.59119987487793,6.59119987487793,6.579999923706055,6.579999923706055,7949.0
2024-07-03 12:18:00,CHRS,1.3849999904632568,1.3849999904632568,1.3849999904632568,1.3849999904632568,1.3849999904632568,2413.0
2024-07-03 12:18:00,CLPT,5.340000152587891,5.340000152587891,5.340000152587891,5.340000152587891,5.340000152587891,166.0
2024-07-03 12:18:00,CLRB,2.450000047683716,2.450000047683716,2.4549999237060547,2.450000047683716,2.450000047683716,600.0
2024-07-03 12:18:00,CLSD,1.25,1.25,1.25,1.25,1.25,708.0
2024-07-03 12:18:00,CMAX,2.25,2.25,2.25,2.25,2.25,200.0
2024-07-03 12:18:00,CMPS,6.210000038146973,6.210000038146973,6.210000038146973,6.210000038146973,6.210000038146973,391.0
2024-07-03 12:18:00,CMRX,0.8629999756813049,0.8629999756813049,0.8629999756813049,0.8629999756813049,0.8629999756813049,104.0
2024-07-03 12:18:00,CNSP,1.4800000190734863,1.4800000190734863,1.4800000190734863,1.4700000286102295,1.4700000286102295,9503.0
2024-07-03 12:18:00,COGT,8.354999542236328,8.354999542236328,8.354999542236328,8.354999542236328,8.354999542236328,209.0
2024-07-03 12:18:00,CORT,30.360000610351562,30.360000610351562,30.360000610351562,30.360000610351562,30.360000610351562,133.0
2024-07-03 12:18:00,CPRX,15.4399995803833,15.4399995803833,15.4399995803833,15.4399995803833,15.4399995803833,487.0
2024-07-03 12:18:00,CRBU,1.559999942779541,1.559999942779541,1.5750000476837158,1.559999942779541,1.5750000476837158,23859.0
2024-07-03 12:18:00,CRMD,4.130000114440918,4.130000114440918,4.130000114440918,4.130000114440918,4.130000114440918,200.0
2024-07-03 12:18:00,CRON,2.309999942779541,2.309999942779541,2.309999942779541,2.3099000453948975,2.3099000453948975,3256.0
2024-07-03 12:18:00,CTKB,5.605000019073486,5.605000019073486,5.605000019073486,5.605000019073486,5.605000019073486,575.0
2024-07-03 12:18:00,CTMX,1.2999999523162842,1.2999999523162842,1.2999999523162842,1.2999999523162842,1.2999999523162842,526.0
2024-07-03 12:18:00,CTSO,0.8119999766349792,0.8119999766349792,0.8289999961853027,0.8119999766349792,0.8289999961853027,716.0
2024-07-03 12:18:00,CUE,0.9901000261306763,0.9901000261306763,0.9901000261306763,0.9900000095367432,0.9901000261306763,2815.0
2024-07-03 12:18:00,CVAC,3.2300000190734863,3.2300000190734863,3.244999885559082,3.210900068283081,3.240000009536743,47048.0
2024-07-03 12:18:00,CYTK,54.584598541259766,54.584598541259766,54.599998474121094,54.56999969482422,54.584999084472656,4853.0
2024-07-03 12:18:00,DNLI,21.415000915527344,21.415000915527344,21.415000915527344,21.399999618530273,21.399999618530273,324.0
2024-07-03 12:18:00,DXCM,110.87000274658203,110.87000274658203,110.88999938964844,110.87000274658203,110.88999938964844,1159.0
2024-07-03 12:18:00,DYN,34.099998474121094,34.099998474121094,34.10499954223633,34.099998474121094,34.10499954223633,963.0
2024-07-03 12:18:00,EGRX,5.550000190734863,5.550000190734863,5.550000190734863,5.539999961853027,5.539999961853027,533.0
2024-07-03 12:18:00,EMBC,11.9399995803833,11.9399995803833,11.9399995803833,11.9399995803833,11.9399995803833,574.0
2024-07-03 12:18:00,ENSG,126.61000061035156,126.61000061035156,126.75,126.61000061035156,126.75,3072.0
2024-07-03 12:18:00,EOLS,10.920000076293945,10.920000076293945,10.920000076293945,10.920000076293945,10.920000076293945,393.0
2024-07-03 12:18:00,ESPR,2.359999895095825,2.359999895095825,2.359999895095825,2.3550000190734863,2.359999895095825,1214.0
2024-07-03 12:18:00,ESTA,43.41999816894531,43.41999816894531,43.41999816894531,43.41999816894531,43.41999816894531,105.0
2024-07-03 12:18:00,EWTX,17.924999237060547,17.924999237060547,17.924999237060547,17.924999237060547,17.924999237060547,200.0
2024-07-03 12:18:00,EXAI,5.4430999755859375,5.4430999755859375,5.4430999755859375,5.4430999755859375,5.4430999755859375,800.0
2024-07-03 12:18:00,EXAS,43.16999816894531,43.16999816894531,43.20000076293945,43.16999816894531,43.185001373291016,3406.0
2024-07-03 12:18:00,EXEL,21.81999969482422,21.81999969482422,21.81999969482422,21.81999969482422,21.81999969482422,807.0
2024-07-03 12:18:00,EYPT,8.489999771118164,8.489999771118164,8.489999771118164,8.39900016784668,8.39900016784668,5292.0
2024-07-03 12:18:00,FATE,3.1549999713897705,3.1549999713897705,3.1549999713897705,3.1549999713897705,3.1549999713897705,365.0
2024-07-03 12:18:00,FDMT,20.875,20.875,20.875,20.875,20.875,411.0
2024-07-03 12:18:00,FGEN,0.7199000120162964,0.7199000120162964,0.7199000120162964,0.7199000120162964,0.7199000120162964,400.0
2024-07-03 12:18:00,FULC,6.114999771118164,6.114999771118164,6.114999771118164,6.114999771118164,6.114999771118164,144.0
2024-07-03 12:18:00,GALT,2.1700000762939453,2.1700000762939453,2.180000066757202,2.1600000858306885,2.174999952316284,4634.0
2024-07-03 12:18:00,GDRX,7.744999885559082,7.744999885559082,7.75,7.744999885559082,7.75,409.0
2024-07-03 12:18:00,GERN,4.324999809265137,4.324999809265137,4.324999809265137,4.324999809265137,4.324999809265137,1556.0
2024-07-03 12:18:00,GH,28.149999618530273,28.149999618530273,28.149999618530273,28.149999618530273,28.149999618530273,932.0
2024-07-03 12:18:00,GILD,66.94000244140625,66.94000244140625,66.94000244140625,66.91999816894531,66.92500305175781,4791.0
2024-07-03 12:18:00,GLSI,16.7450008392334,16.7450008392334,16.7450008392334,16.700000762939453,16.7450008392334,491.0
2024-07-03 12:18:00,GLYC,0.27649998664855957,0.27649998664855957,0.2816999852657318,0.27649998664855957,0.2816999852657318,202112.0
2024-07-03 12:18:00,GMAB,25.15999984741211,25.15999984741211,25.15999984741211,25.15999984741211,25.15999984741211,637.0
2024-07-03 12:18:00,GOSS,0.9628000259399414,0.9628000259399414,0.9628000259399414,0.9628000259399414,0.9628000259399414,1009.0
2024-07-03 12:18:00,GRFS,6.664999961853027,6.664999961853027,6.664999961853027,6.664999961853027,6.664999961853027,1074.0
2024-07-03 12:18:00,GRTS,0.5800999999046326,0.5800999999046326,0.5800999999046326,0.5800999999046326,0.5800999999046326,200.0
2024-07-03 12:18:00,GTBP,2.7400999069213867,2.7400999069213867,2.7400999069213867,2.7400999069213867,2.7400999069213867,206.0
2024-07-03 12:18:00,GTHX,2.5450000762939453,2.5450000762939453,2.5450000762939453,2.5450000762939453,2.5450000762939453,612.0
2024-07-03 12:18:00,HALO,52.084999084472656,52.084999084472656,52.16960144042969,52.08000183105469,52.09000015258789,1943.0
2024-07-03 12:18:00,HBIO,2.809999942779541,2.809999942779541,2.809999942779541,2.809999942779541,2.809999942779541,182.0
2024-07-03 12:18:00,HCM,17.549999237060547,17.549999237060547,17.572500228881836,17.549999237060547,17.572500228881836,446.0
2024-07-03 12:18:00,HCSG,10.71500015258789,10.71500015258789,10.71500015258789,10.71500015258789,10.71500015258789,124.0
2024-07-03 12:18:00,HLVX,14.300000190734863,14.300000190734863,14.300000190734863,14.300000190734863,14.300000190734863,198.0
2024-07-03 12:18:00,HOLX,73.05999755859375,73.05999755859375,73.06999969482422,73.05000305175781,73.06999969482422,1809.0
2024-07-03 12:18:00,HQY,83.66000366210938,83.66000366210938,83.69000244140625,83.6500015258789,83.6500015258789,926.0
2024-07-03 12:18:00,HRMY,30.545000076293945,30.545000076293945,30.55500030517578,30.545000076293945,30.55500030517578,339.0
2024-07-03 12:18:00,HROW,21.549999237060547,21.549999237060547,21.549999237060547,21.549999237060547,21.549999237060547,271.0
2024-07-03 12:18:00,HRTX,2.744999885559082,2.744999885559082,2.744999885559082,2.744999885559082,2.744999885559082,1131.0
2024-07-03 12:18:00,HSIC,65.0,65.0,65.01000213623047,65.0,65.00499725341797,1168.0
2024-07-03 12:18:00,HUGE,0.14159999787807465,0.14159999787807465,0.1429000049829483,0.14159999787807465,0.1429000049829483,31959.0
2024-07-03 12:18:00,HUMA,5.78000020980835,5.78000020980835,5.789999961853027,5.769999980926514,5.780099868774414,19114.0
2024-07-03 12:18:00,ICAD,1.25,1.25,1.25,1.25,1.25,120.0
2024-07-03 12:18:00,ICLR,317.739990234375,317.739990234375,317.739990234375,317.739990234375,317.739990234375,148.0
2024-07-03 12:18:00,IDXX,477.4599914550781,477.4599914550781,477.489990234375,477.0249938964844,477.0249938964844,1593.0
2024-07-03 12:18:00,IGMS,6.440000057220459,6.440000057220459,6.440000057220459,6.440000057220459,6.440000057220459,200.0
2024-07-03 12:18:00,IINN,1.399999976158142,1.399999976158142,1.399999976158142,1.399999976158142,1.399999976158142,100.0
2024-07-03 12:18:00,ILMN,105.75499725341797,105.75499725341797,105.76000213623047,105.73999786376953,105.76000213623047,1827.0
2024-07-03 12:18:00,IMAB,1.5398999452590942,1.5398999452590942,1.5398999452590942,1.5398999452590942,1.5398999452590942,177.0
2024-07-03 12:18:00,IMCR,35.98500061035156,35.98500061035156,36.02000045776367,35.98500061035156,36.02000045776367,621.0
2024-07-03 12:18:00,IMMX,2.365000009536743,2.365000009536743,2.365000009536743,2.359999895095825,2.3601999282836914,2226.0
2024-07-03 12:18:00,IMNM,11.989999771118164,11.989999771118164,11.989999771118164,11.984999656677246,11.984999656677246,317.0
2024-07-03 12:18:00,IMTX,11.770000457763672,11.770000457763672,11.770000457763672,11.770000457763672,11.770000457763672,598.0
2024-07-03 12:18:00,IMVT,26.024999618530273,26.024999618530273,26.030000686645508,26.010000228881836,26.020000457763672,1338.0
2024-07-03 12:18:00,INAB,0.7903000116348267,0.7903000116348267,0.7903000116348267,0.7903000116348267,0.7903000116348267,726.0
2024-07-03 12:18:00,INBX,13.079999923706055,13.079999923706055,13.079999923706055,13.079999923706055,13.079999923706055,411.0
2024-07-03 12:18:00,INCY,57.67499923706055,57.67499923706055,57.70000076293945,57.66999816894531,57.685001373291016,4162.0
2024-07-03 12:18:00,INMD,17.560199737548828,17.560199737548828,17.560199737548828,17.560199737548828,17.560199737548828,245.0
2024-07-03 12:18:00,INSM,61.720001220703125,61.720001220703125,61.814998626708984,61.650001525878906,61.814998626708984,4562.0
2024-07-03 12:18:00,INVA,16.309999465942383,16.309999465942383,16.309999465942383,16.30500030517578,16.30500030517578,836.0
2024-07-03 12:18:00,IONS,44.83000183105469,44.83000183105469,44.834999084472656,44.83000183105469,44.834999084472656,715.0
2024-07-03 12:18:00,IOVA,7.437699794769287,7.437699794769287,7.449999809265137,7.429999828338623,7.434999942779541,28570.0
2024-07-03 12:18:00,IRWD,6.150000095367432,6.150000095367432,6.150000095367432,6.144999980926514,6.144999980926514,1479.0
2024-07-03 12:18:00,ISPC,0.2759000062942505,0.2759000062942505,0.2759000062942505,0.2759000062942505,0.2759000062942505,2094.0
2024-07-03 12:18:00,ISRG,434.1099853515625,434.1099853515625,434.1099853515625,433.6700134277344,433.8299865722656,3652.0
2024-07-03 12:18:00,ITCI,68.4800033569336,68.4800033569336,68.4800033569336,68.4800033569336,68.4800033569336,1532.0
2024-07-03 12:18:00,ITOS,14.8100004196167,14.8100004196167,14.8100004196167,14.8100004196167,14.8100004196167,1011.0
2024-07-03 12:18:00,IVVD,1.100000023841858,1.100000023841858,1.100000023841858,1.100000023841858,1.100000023841858,154.0
2024-07-03 12:18:00,JANX,38.13999938964844,38.13999938964844,38.189998626708984,38.119998931884766,38.189998626708984,1892.0
2024-07-03 12:18:00,JAZZ,103.5,103.5,103.5,103.5,103.5,482.0
2024-07-03 12:18:00,KALV,11.645000457763672,11.645000457763672,11.649999618530273,11.630000114440918,11.630000114440918,582.0
2024-07-03 12:18:00,KNSA,18.854999542236328,18.854999542236328,18.8799991607666,18.850000381469727,18.860000610351562,2595.0
2024-07-03 12:18:00,KRMD,2.4600000381469727,2.4600000381469727,2.4600000381469727,2.4600000381469727,2.4600000381469727,102.0
2024-07-03 12:18:00,KTRA,0.2800000011920929,0.2800000011920929,0.2800000011920929,0.27630001306533813,0.2782000005245209,0.0
2024-07-03 12:18:00,KYMR,30.030000686645508,30.030000686645508,30.030000686645508,30.030000686645508,30.030000686645508,697.0
2024-07-03 12:18:00,KZR,0.5777000188827515,0.5777000188827515,0.5777000188827515,0.5777000188827515,0.5777000188827515,474.0
2024-07-03 12:18:00,LAB,1.8300000429153442,1.8300000429153442,1.8300000429153442,1.8250000476837158,1.8250000476837158,2341.0
2024-07-03 12:18:00,LBPH,31.93000030517578,31.93000030517578,31.93000030517578,31.93000030517578,31.93000030517578,109.0
2024-07-03 12:18:00,LEGN,46.11000061035156,46.11000061035156,46.119998931884766,46.11000061035156,46.11000061035156,1715.0
2024-07-03 12:18:00,LFMD,6.789999961853027,6.789999961853027,6.789999961853027,6.758999824523926,6.758999824523926,8726.0
2024-07-03 12:18:00,LFST,5.135000228881836,5.135000228881836,5.135000228881836,5.130000114440918,5.130000114440918,521.0
2024-07-03 12:18:00,LGVN,1.6205999851226807,1.6205999851226807,1.6205999851226807,1.6205999851226807,1.6205999851226807,1010.0
2024-07-03 12:18:00,LIVN,52.70000076293945,52.70000076293945,52.70000076293945,52.70000076293945,52.70000076293945,220.0
2024-07-03 12:18:00,LMAT,81.16500091552734,81.16500091552734,81.16500091552734,81.16500091552734,81.16500091552734,433.0
2024-07-03 12:18:00,LNTH,79.45500183105469,79.45500183105469,79.55999755859375,79.44999694824219,79.5199966430664,1751.0
2024-07-03 12:18:00,LQDA,11.930000305175781,11.930000305175781,11.930000305175781,11.930000305175781,11.930000305175781,256.0
2024-07-03 12:18:00,LUNG,6.289999961853027,6.289999961853027,6.309999942779541,6.289999961853027,6.309999942779541,1168.0
2024-07-03 12:18:00,LXRX,1.6150000095367432,1.6150000095367432,1.6150000095367432,1.6100000143051147,1.6150000095367432,9086.0
2024-07-03 12:18:00,LYRA,0.2858000099658966,0.2858000099658966,0.2858000099658966,0.2858000099658966,0.2858000099658966,400.0
2024-07-03 12:18:00,MASI,114.16999816894531,114.16999816894531,114.16999816894531,114.16999816894531,114.16999816894531,621.0
2024-07-03 12:18:00,MBIO,0.4966000020503998,0.4966000020503998,0.4966000020503998,0.4966000020503998,0.4966000020503998,1454.0
2024-07-03 12:18:00,MBOT,1.0597000122070312,1.0597000122070312,1.0597000122070312,1.0499999523162842,1.0499999523162842,351.0
2024-07-03 12:18:00,MCRB,0.7329999804496765,0.7329999804496765,0.7329999804496765,0.7329999804496765,0.7329999804496765,916.0
2024-07-03 12:18:00,ME,0.4133000075817108,0.4133000075817108,0.4133000075817108,0.4133000075817108,0.4133000075817108,304.0
2024-07-03 12:18:00,MEDS,17.719999313354492,17.719999313354492,18.010000228881836,17.719999313354492,18.000099182128906,1632.0
2024-07-03 12:18:00,MGNX,4.190000057220459,4.190000057220459,4.190000057220459,4.190000057220459,4.190000057220459,200.0
2024-07-03 12:18:00,MGTX,3.994999885559082,3.994999885559082,3.994999885559082,3.9800000190734863,3.9800000190734863,1215.0
2024-07-03 12:18:00,MNKD,5.009699821472168,5.009699821472168,5.010000228881836,5.009699821472168,5.009799957275391,12102.0
2024-07-03 12:18:00,MNMD,7.179999828338623,7.179999828338623,7.179999828338623,7.170000076293945,7.170000076293945,2489.0
2024-07-03 12:18:00,MODD,1.4799000024795532,1.4799000024795532,1.4799000024795532,1.4600000381469727,1.4600000381469727,7070.0
2024-07-03 12:18:00,MODV,27.979999542236328,27.979999542236328,27.979999542236328,27.93000030517578,27.979999542236328,2960.0
2024-07-03 12:18:00,MRNA,115.875,115.875,115.88999938964844,115.79000091552734,115.88999938964844,2410.0
2024-07-03 12:18:00,MRSN,1.8450000286102295,1.8450000286102295,1.8600000143051147,1.8450000286102295,1.850000023841858,2628.0
2024-07-03 12:18:00,MRUS,52.474998474121094,52.474998474121094,52.474998474121094,52.474998474121094,52.474998474121094,109.0
2024-07-03 12:18:00,MRVI,6.994999885559082,6.994999885559082,6.994999885559082,6.994999885559082,6.994999885559082,208.0
2024-07-03 12:18:00,MTEM,1.1799999475479126,1.1799999475479126,1.1799999475479126,1.1799999475479126,1.1799999475479126,396.0
2024-07-03 12:18:00,MXCT,3.680000066757202,3.680000066757202,3.684999942779541,3.680000066757202,3.684999942779541,1012.0
2024-07-03 12:18:00,MYGN,24.950000762939453,24.950000762939453,24.979999542236328,24.950000762939453,24.979999542236328,1355.0
2024-07-03 12:18:00,MYNZ,0.3449999988079071,0.3449999988079071,0.3449999988079071,0.3449999988079071,0.3449999988079071,702.0
2024-07-03 12:18:00,NARI,49.56999969482422,49.56999969482422,49.65999984741211,49.56999969482422,49.65999984741211,253.0
2024-07-03 12:18:00,NAUT,2.315000057220459,2.315000057220459,2.315000057220459,2.315000057220459,2.315000057220459,228.0
2024-07-03 12:18:00,NBIX,138.00999450683594,138.00999450683594,138.00999450683594,138.00999450683594,138.00999450683594,662.0
2024-07-03 12:18:00,NDRA,0.09510000050067902,0.09510000050067902,0.09520000219345093,0.09510000050067902,0.09520000219345093,42579.0
2024-07-03 12:18:00,NEO,13.720000267028809,13.720000267028809,13.720000267028809,13.720000267028809,13.720000267028809,2390.0
2024-07-03 12:18:00,NKTR,1.2799999713897705,1.2799999713897705,1.2799999713897705,1.2699999809265137,1.2799999713897705,3093.0
2024-07-03 12:18:00,NKTX,5.315000057220459,5.315000057220459,5.315000057220459,5.315000057220459,5.315000057220459,745.0
2024-07-03 12:18:00,NLSP,0.20360000431537628,0.20360000431537628,0.20360000431537628,0.2029999941587448,0.2029999941587448,4807.0
2024-07-03 12:18:00,NNOX,7.059999942779541,7.059999942779541,7.059999942779541,7.059999942779541,7.059999942779541,901.0
2024-07-03 12:18:00,NPCE,7.309999942779541,7.309999942779541,7.309999942779541,7.309999942779541,7.309999942779541,200.0
2024-07-03 12:18:00,NRC,23.049999237060547,23.049999237060547,23.049999237060547,23.030000686645508,23.030000686645508,890.0
2024-07-03 12:18:00,NTLA,22.65999984741211,22.65999984741211,22.65999984741211,22.639999389648438,22.639999389648438,1600.0
2024-07-03 12:18:00,NTRA,111.31999969482422,111.31999969482422,111.31999969482422,111.31999969482422,111.31999969482422,461.0
2024-07-03 12:18:00,NUVL,72.41000366210938,72.41000366210938,72.41000366210938,72.36000061035156,72.36000061035156,1254.0
2024-07-03 12:18:00,NUWE,3.884999990463257,3.884999990463257,3.884999990463257,3.875,3.875,651.0
2024-07-03 12:18:00,NVAX,12.545000076293945,12.545000076293945,12.550000190734863,12.545000076293945,12.550000190734863,1361.0
2024-07-03 12:18:00,NVCR,16.649999618530273,16.649999618530273,16.649999618530273,16.625,16.625,3454.0
2024-07-03 12:18:00,NVOS,0.7605999708175659,0.7605999708175659,0.7699999809265137,0.7605999708175659,0.7699999809265137,700.0
2024-07-03 12:18:00,NXL,1.399999976158142,1.399999976158142,1.399999976158142,1.399999976158142,1.399999976158142,0.0
2024-07-03 12:18:00,OCGN,1.6150000095367432,1.6150000095367432,1.6150000095367432,1.6150000095367432,1.6150000095367432,727.0
2024-07-03 12:18:00,OFIX,13.454999923706055,13.454999923706055,13.455300331115723,13.454999923706055,13.455300331115723,457.0
2024-07-03 12:18:00,OGI,1.5850000381469727,1.5850000381469727,1.5850000381469727,1.5850000381469727,1.5850000381469727,255.0
2024-07-03 12:18:00,OM,3.884999990463257,3.884999990463257,3.884999990463257,3.880000114440918,3.880000114440918,4162.0
2024-07-03 12:18:00,OMGA,1.9199999570846558,1.9199999570846558,1.9249999523162842,1.9199999570846558,1.9249999523162842,16736.0
2024-07-03 12:18:00,ONCY,1.0098999738693237,1.0098999738693237,1.0098999738693237,1.0098999738693237,1.0098999738693237,2459.0
2024-07-03 12:19:00,ABCL,2.7100000381469727,2.7100000381469727,2.7100000381469727,2.7091000080108643,2.7091000080108643,599.0
2024-07-03 12:19:00,ABEO,4.281000137329102,4.281000137329102,4.281000137329102,4.281000137329102,4.281000137329102,157.0
2024-07-03 12:19:00,ABSI,3.1847000122070312,3.1847000122070312,3.200000047683716,3.1847000122070312,3.194999933242798,9158.0
2024-07-03 12:19:00,ABUS,3.1500000953674316,3.1500000953674316,3.1500000953674316,3.1449999809265137,3.1449999809265137,333.0
2024-07-03 12:19:00,ACAD,15.539999961853027,15.539999961853027,15.550600051879883,15.53499984741211,15.550600051879883,1622.0
2024-07-03 12:19:00,ACB,4.925000190734863,4.925000190734863,4.925000190734863,4.925000190734863,4.925000190734863,688.0
2024-07-03 12:19:00,ACCD,3.5999999046325684,3.5999999046325684,3.640000104904175,3.5899999141693115,3.640000104904175,37196.0
2024-07-03 12:19:00,ACHC,66.70999908447266,66.70999908447266,66.70999908447266,66.56999969482422,66.56999969482422,2326.0
2024-07-03 12:19:00,ACIU,3.819999933242798,3.819999933242798,3.819999933242798,3.819999933242798,3.819999933242798,712.0
2024-07-03 12:19:00,ACRS,1.149999976158142,1.149999976158142,1.149999976158142,1.149999976158142,1.149999976158142,201.0
2024-07-03 12:19:00,ADAP,1.0049999952316284,1.0049999952316284,1.0099999904632568,1.0049999952316284,1.0099999904632568,5812.0
2024-07-03 12:19:00,ADMA,11.210000038146973,11.210000038146973,11.220000267028809,11.210000038146973,11.21500015258789,2741.0
2024-07-03 12:19:00,ADPT,3.3949999809265137,3.3949999809265137,3.3949999809265137,3.3949999809265137,3.3949999809265137,301.0
2024-07-03 12:19:00,AIMD,0.9298999905586243,0.9298999905586243,0.9298999905586243,0.8999999761581421,0.916700005531311,19168.0
2024-07-03 12:19:00,AKBA,0.9563000202178955,0.9563000202178955,0.9563000202178955,0.9557999968528748,0.9563000202178955,2010.0
2024-07-03 12:19:00,ALEC,4.400000095367432,4.400000095367432,4.400000095367432,4.400000095367432,4.400000095367432,1426.0
2024-07-03 12:19:00,ALGN,242.4149932861328,242.4149932861328,242.49000549316406,242.4149932861328,242.49000549316406,1201.0
2024-07-03 12:19:00,ALGS,0.4246000051498413,0.4246000051498413,0.42489999532699585,0.42250001430511475,0.42250001430511475,7900.0
2024-07-03 12:19:00,ALKS,24.200000762939453,24.200000762939453,24.209999084472656,24.190000534057617,24.209999084472656,2558.0
2024-07-03 12:19:00,ALLO,2.0950000286102295,2.0950000286102295,2.09879994392395,2.0899999141693115,2.0899999141693115,7866.0
2024-07-03 12:19:00,ALLR,0.20200000703334808,0.20200000703334808,0.20399999618530273,0.20200000703334808,0.20399999618530273,5198.0
2024-07-03 12:19:00,ALNY,246.5500030517578,246.5500030517578,246.5500030517578,246.38499450683594,246.38499450683594,657.0
2024-07-03 12:19:00,ALT,6.635000228881836,6.635000228881836,6.635000228881836,6.625999927520752,6.630000114440918,5683.0
2024-07-03 12:19:00,ALXO,5.670000076293945,5.670000076293945,5.670000076293945,5.670000076293945,5.670000076293945,837.0
2024-07-03 12:19:00,AMED,97.25,97.25,97.25,97.11000061035156,97.11000061035156,4597.0
2024-07-03 12:19:00,AMGN,307.3714904785156,307.3714904785156,307.3714904785156,307.3714904785156,307.3714904785156,1663.0
2024-07-03 12:19:00,AMLX,1.7599999904632568,1.7599999904632568,1.7599999904632568,1.7549999952316284,1.7599999904632568,866.0
2024-07-03 12:19:00,AMPH,38.18510055541992,38.18510055541992,38.220001220703125,38.18510055541992,38.220001220703125,718.0
2024-07-03 12:19:00,AMRN,0.691100001335144,0.691100001335144,0.691100001335144,0.691100001335144,0.691100001335144,3190.0
2024-07-03 12:19:00,ANAB,25.0,25.0,25.0,25.0,25.0,714.0
2024-07-03 12:19:00,ANNX,4.764999866485596,4.764999866485596,4.764999866485596,4.764999866485596,4.764999866485596,898.0
2024-07-03 12:19:00,ANTX,2.569999933242798,2.569999933242798,2.569999933242798,2.549999952316284,2.5699000358581543,7277.0
2024-07-03 12:19:00,APLS,35.13999938964844,35.13999938964844,35.13999938964844,35.04999923706055,35.04999923706055,1751.0
2024-07-03 12:19:00,APLT,4.349999904632568,4.349999904632568,4.360000133514404,4.349999904632568,4.360000133514404,959.0
2024-07-03 12:19:00,AQST,2.434999942779541,2.434999942779541,2.434999942779541,2.434999942779541,2.434999942779541,365.0
2024-07-03 12:19:00,ARCT,21.639999389648438,21.639999389648438,21.639999389648438,21.584999084472656,21.584999084472656,1360.0
2024-07-03 12:19:00,ARDX,5.28000020980835,5.28000020980835,5.289999961853027,5.28000020980835,5.289999961853027,1504.0
2024-07-03 12:19:00,ARQT,9.555000305175781,9.555000305175781,9.5600004196167,9.550000190734863,9.5600004196167,2094.0
2024-07-03 12:19:00,ASRT,1.3394999504089355,1.3394999504089355,1.3394999504089355,1.3394999504089355,1.3394999504089355,844.0
2024-07-03 12:19:00,ATEC,10.010199546813965,10.010199546813965,10.050000190734863,10.010000228881836,10.050000190734863,3599.0
2024-07-03 12:19:00,ATOS,1.1649999618530273,1.1649999618530273,1.1649999618530273,1.159999966621399,1.1649999618530273,5293.0
2024-07-03 12:19:00,ATRC,22.309999465942383,22.309999465942383,22.309999465942383,22.260000228881836,22.280000686645508,827.0
2024-07-03 12:19:00,AUGX,1.0,1.0,1.0,1.0,1.0,0.0
2024-07-03 12:19:00,AUPH,5.465000152587891,5.465000152587891,5.474999904632568,5.465000152587891,5.474999904632568,8736.0
2024-07-03 12:19:00,AUTL,3.4625000953674316,3.4625000953674316,3.4625000953674316,3.4625000953674316,3.4625000953674316,2200.0
2024-07-03 12:19:00,AVTE,1.6793999671936035,1.6793999671936035,1.6799999475479126,1.6699999570846558,1.6699999570846558,9572.0
2024-07-03 12:19:00,AVXL,4.135000228881836,4.135000228881836,4.135000228881836,4.135000228881836,4.135000228881836,1295.0
2024-07-03 12:19:00,AWH,0.9955000281333923,0.9955000281333923,1.0099999904632568,0.9955000281333923,1.0099999904632568,200.0
2024-07-03 12:19:00,AXSM,79.58000183105469,79.58000183105469,79.66000366210938,79.58000183105469,79.66000366210938,570.0
2024-07-03 12:19:00,AZN,76.7699966430664,76.7699966430664,76.7699966430664,76.7074966430664,76.7074966430664,8270.0
2024-07-03 12:19:00,AZTA,52.45000076293945,52.45000076293945,52.45000076293945,52.45000076293945,52.45000076293945,220.0
2024-07-03 12:19:00,BBIO,25.3799991607666,25.3799991607666,25.3799991607666,25.3700008392334,25.3700008392334,899.0
2024-07-03 12:19:00,BCAB,1.409999966621399,1.409999966621399,1.409999966621399,1.4049999713897705,1.409999966621399,784.0
2024-07-03 12:19:00,BCRX,6.434999942779541,6.434999942779541,6.434999942779541,6.434999942779541,6.434999942779541,990.0
2024-07-03 12:19:00,BEAM,23.540000915527344,23.540000915527344,23.540000915527344,23.540000915527344,23.540000915527344,547.0
2024-07-03 12:19:00,BIIB,223.16000366210938,223.16000366210938,223.17999267578125,223.16000366210938,223.17999267578125,647.0
2024-07-03 12:19:00,BLFS,19.95009994506836,19.95009994506836,19.95009994506836,19.95009994506836,19.95009994506836,170.0
2024-07-03 12:19:00,BLUE,0.9222999811172485,0.9222999811172485,0.9251999855041504,0.9222999811172485,0.9251999855041504,7370.0
2024-07-03 12:19:00,BMEA,4.335000038146973,4.335000038146973,4.335000038146973,4.330999851226807,4.330999851226807,615.0
2024-07-03 12:19:00,BMRN,80.83000183105469,80.83000183105469,80.83000183105469,80.83000183105469,80.83000183105469,1108.0
2024-07-03 12:19:00,BNGO,0.573199987411499,0.573199987411499,0.573199987411499,0.573199987411499,0.573199987411499,540.0
2024-07-03 12:19:00,BNTX,80.27999877929688,80.27999877929688,80.27999877929688,80.2300033569336,80.2300033569336,1792.0
2024-07-03 12:19:00,BRKR,61.380001068115234,61.380001068115234,61.380001068115234,61.380001068115234,61.380001068115234,307.0
2024-07-03 12:19:00,BTAI,1.0800000429153442,1.0800000429153442,1.0800000429153442,1.0800000429153442,1.0800000429153442,530.0
2024-07-03 12:19:00,CABA,7.539999961853027,7.539999961853027,7.539999961853027,7.539999961853027,7.539999961853027,654.0
2024-07-03 12:19:00,CCCC,4.559999942779541,4.559999942779541,4.559999942779541,4.534999847412109,4.534999847412109,2556.0
2024-07-03 12:19:00,CDMO,7.78000020980835,7.78000020980835,7.809999942779541,7.78000020980835,7.809999942779541,3661.0
2024-07-03 12:19:00,CDNA,15.1899995803833,15.1899995803833,15.1899995803833,15.1899995803833,15.1899995803833,1229.0
2024-07-03 12:19:00,CDXC,2.515000104904175,2.515000104904175,2.515000104904175,2.515000104904175,2.515000104904175,438.0
2024-07-03 12:19:00,CDXS,2.865000009536743,2.865000009536743,2.865000009536743,2.865000009536743,2.865000009536743,121.0
2024-07-03 12:19:00,CELC,16.219999313354492,16.219999313354492,16.219999313354492,16.219999313354492,16.219999313354492,114.0
2024-07-03 12:19:00,CELZ,3.7950000762939453,3.7950000762939453,3.7950000762939453,3.7950000762939453,3.7950000762939453,526.0
2024-07-03 12:19:00,CERE,40.060001373291016,40.060001373291016,40.060001373291016,40.0,40.0099983215332,11249.0
2024-07-03 12:19:00,CERS,1.7100000381469727,1.7100000381469727,1.7100000381469727,1.7100000381469727,1.7100000381469727,203.0
2024-07-03 12:19:00,CERT,13.774999618530273,13.774999618530273,13.789999961853027,13.774999618530273,13.789999961853027,882.0
2024-07-03 12:19:00,CGC,6.585000038146973,6.585000038146973,6.58620023727417,6.585000038146973,6.58620023727417,1363.0
2024-07-03 12:19:00,CGEM,16.670000076293945,16.670000076293945,16.670000076293945,16.670000076293945,16.670000076293945,466.0
2024-07-03 12:19:00,CHRS,1.3849999904632568,1.3849999904632568,1.3849999904632568,1.3849999904632568,1.3849999904632568,1120.0
2024-07-03 12:19:00,CLDX,36.11000061035156,36.11000061035156,36.11000061035156,36.099998474121094,36.099998474121094,799.0
2024-07-03 12:19:00,CLOV,1.2450000047683716,1.2450000047683716,1.2450000047683716,1.2450000047683716,1.2450000047683716,597.0
2024-07-03 12:19:00,CLRB,2.450000047683716,2.450000047683716,2.450000047683716,2.450000047683716,2.450000047683716,200.0
2024-07-03 12:19:00,CMAX,2.25,2.25,2.2699999809265137,2.25,2.25,1531.0
2024-07-03 12:19:00,CMPS,6.210000038146973,6.210000038146973,6.210000038146973,6.210000038146973,6.210000038146973,239.0
2024-07-03 12:19:00,CMRX,0.8629999756813049,0.8629999756813049,0.8629999756813049,0.8629999756813049,0.8629999756813049,102.0
2024-07-03 12:19:00,CNSP,1.4492000341415405,1.4492000341415405,1.4800000190734863,1.4299999475479126,1.4800000190734863,58938.0
2024-07-03 12:19:00,COGT,8.354999542236328,8.354999542236328,8.359999656677246,8.350000381469727,8.354999542236328,1265.0
2024-07-03 12:19:00,COLL,32.29999923706055,32.29999923706055,32.29999923706055,32.2599983215332,32.2599983215332,342.0
2024-07-03 12:19:00,CORT,30.360000610351562,30.360000610351562,30.360000610351562,30.360000610351562,30.360000610351562,193.0
2024-07-03 12:19:00,COSM,0.9298999905586243,0.9298999905586243,0.9300000071525574,0.9298999905586243,0.9300000071525574,806.0
2024-07-03 12:19:00,CPRX,15.430000305175781,15.430000305175781,15.430000305175781,15.425000190734863,15.430000305175781,2073.0
2024-07-03 12:19:00,CRBP,49.97999954223633,49.97999954223633,49.97999954223633,49.97999954223633,49.97999954223633,176.0
2024-07-03 12:19:00,CRBU,1.559999942779541,1.559999942779541,1.559999942779541,1.559999942779541,1.559999942779541,407.0
2024-07-03 12:19:00,CRDF,2.259999990463257,2.259999990463257,2.259999990463257,2.255000114440918,2.259999990463257,2450.0
2024-07-03 12:19:00,CRMD,4.135000228881836,4.135000228881836,4.135000228881836,4.135000228881836,4.135000228881836,735.0
2024-07-03 12:19:00,CRON,2.305000066757202,2.305000066757202,2.309999942779541,2.305000066757202,2.309999942779541,145.0
2024-07-03 12:19:00,CRSP,53.90999984741211,53.90999984741211,53.90999984741211,53.880001068115234,53.880001068115234,1663.0
2024-07-03 12:19:00,CVAC,3.2251999378204346,3.2251999378204346,3.2300000190734863,3.2249999046325684,3.2249999046325684,6690.0
2024-07-03 12:19:00,CYCC,1.6399999856948853,1.6399999856948853,1.6399999856948853,1.6399999856948853,1.6399999856948853,750.0
2024-07-03 12:19:00,CYTK,54.595001220703125,54.595001220703125,54.63999938964844,54.595001220703125,54.595001220703125,863.0
2024-07-03 12:19:00,DAWN,13.289999961853027,13.289999961853027,13.289999961853027,13.289999961853027,13.289999961853027,679.0
2024-07-03 12:19:00,DCGO,2.950000047683716,2.950000047683716,2.950000047683716,2.950000047683716,2.950000047683716,2050.0
2024-07-03 12:19:00,DCTH,7.914999961853027,7.914999961853027,7.914999961853027,7.914999961853027,7.914999961853027,1255.0
2024-07-03 12:19:00,DH,5.394999980926514,5.394999980926514,5.394999980926514,5.394999980926514,5.394999980926514,220.0
2024-07-03 12:19:00,DNLI,21.40999984741211,21.40999984741211,21.40999984741211,21.40999984741211,21.40999984741211,328.0
2024-07-03 12:19:00,DVAX,11.074999809265137,11.074999809265137,11.074999809265137,11.074999809265137,11.074999809265137,1143.0
2024-07-03 12:19:00,DXCM,110.95999908447266,110.95999908447266,110.95999908447266,110.88999938964844,110.88999938964844,9579.0
2024-07-03 12:19:00,EDIT,4.625,4.625,4.625,4.619999885559082,4.619999885559082,936.0
2024-07-03 12:19:00,EGRX,5.539999961853027,5.539999961853027,5.550000190734863,5.539999961853027,5.550000190734863,2011.0
2024-07-03 12:19:00,ELEV,2.634999990463257,2.634999990463257,2.634999990463257,2.630000114440918,2.630000114440918,3301.0
2024-07-03 12:19:00,ENVB,0.5097000002861023,0.5097000002861023,0.5097000002861023,0.5097000002861023,0.5097000002861023,170.0
2024-07-03 12:19:00,EOLS,10.90999984741211,10.90999984741211,10.90999984741211,10.90999984741211,10.90999984741211,463.0
2024-07-03 12:19:00,ESPR,2.359999895095825,2.359999895095825,2.359999895095825,2.3550000190734863,2.359999895095825,4962.0
2024-07-03 12:19:00,ESTA,43.41999816894531,43.41999816894531,43.41999816894531,43.41999816894531,43.41999816894531,793.0
2024-07-03 12:19:00,EWTX,18.049999237060547,18.049999237060547,18.049999237060547,17.934999465942383,17.934999465942383,4140.0
2024-07-03 12:19:00,EXAS,43.16999816894531,43.16999816894531,43.189998626708984,43.16999816894531,43.189998626708984,1089.0
2024-07-03 12:19:00,EXEL,21.81999969482422,21.81999969482422,21.81999969482422,21.81999969482422,21.81999969482422,559.0
2024-07-03 12:19:00,EYPT,8.539999961853027,8.539999961853027,8.539999961853027,8.470000267028809,8.489999771118164,5467.0
2024-07-03 12:19:00,FATE,3.1500000953674316,3.1500000953674316,3.1549999713897705,3.1500000953674316,3.1500000953674316,1571.0
2024-07-03 12:19:00,FBIO,1.7799999713897705,1.7799999713897705,1.7799999713897705,1.7799999713897705,1.7799999713897705,200.0
2024-07-03 12:19:00,FDMT,20.875,20.875,20.875,20.875,20.875,421.0
2024-07-03 12:19:00,FENC,6.019999980926514,6.019999980926514,6.019999980926514,6.019999980926514,6.019999980926514,223.0
2024-07-03 12:19:00,FGEN,0.7217000126838684,0.7217000126838684,0.7217000126838684,0.7167999744415283,0.7167999744415283,8015.0
2024-07-03 12:19:00,FHTX,5.420000076293945,5.420000076293945,5.420000076293945,5.420000076293945,5.420000076293945,198.0
2024-07-03 12:19:00,FOLD,9.845000267028809,9.845000267028809,9.845000267028809,9.84000015258789,9.84000015258789,300.0
2024-07-03 12:19:00,FULC,6.114999771118164,6.114999771118164,6.114999771118164,6.114999771118164,6.114999771118164,118.0
2024-07-03 12:19:00,GANX,1.1399999856948853,1.1399999856948853,1.144700050354004,1.1399999856948853,1.1399999856948853,6468.0
2024-07-03 12:19:00,GDRX,7.75,7.75,7.75,7.75,7.75,106.0
2024-07-03 12:19:00,GERN,4.324999809265137,4.324999809265137,4.324999809265137,4.324999809265137,4.324999809265137,1691.0
2024-07-03 12:19:00,GH,28.145000457763672,28.145000457763672,28.145000457763672,28.121000289916992,28.121000289916992,1287.0
2024-07-03 12:19:00,GILD,66.95500183105469,66.95500183105469,66.96800231933594,66.93499755859375,66.93499755859375,10941.0
2024-07-03 12:19:00,GLPG,25.0,25.0,25.0,25.0,25.0,159.0
2024-07-03 12:19:00,GLUE,3.859999895095825,3.859999895095825,3.859999895095825,3.859999895095825,3.859999895095825,588.0
2024-07-03 12:19:00,GLYC,0.27250000834465027,0.27250000834465027,0.27649998664855957,0.27250000834465027,0.27649998664855957,30212.0
2024-07-03 12:19:00,GMAB,25.15999984741211,25.15999984741211,25.15999984741211,25.15999984741211,25.15999984741211,856.0
2024-07-03 12:19:00,GOSS,0.9670000076293945,0.9670000076293945,0.9670000076293945,0.9629999995231628,0.9629999995231628,12900.0
2024-07-03 12:19:00,GOVX,2.940000057220459,2.940000057220459,2.940000057220459,2.940000057220459,2.940000057220459,592.0
2024-07-03 12:19:00,GRFS,6.664999961853027,6.664999961853027,6.664999961853027,6.664999961853027,6.664999961853027,500.0
2024-07-03 12:19:00,GRTS,0.5799999833106995,0.5799999833106995,0.5799999833106995,0.5799999833106995,0.5799999833106995,1329.0
2024-07-03 12:19:00,GTHX,2.555000066757202,2.555000066757202,2.555000066757202,2.5450000762939453,2.5450000762939453,4888.0
2024-07-03 12:19:00,HALO,52.089500427246094,52.089500427246094,52.089500427246094,52.07500076293945,52.07500076293945,567.0
2024-07-03 12:19:00,HCSG,10.704999923706055,10.704999923706055,10.710000038146973,10.699999809265137,10.710000038146973,1317.0
2024-07-03 12:19:00,HITI,2.134999990463257,2.134999990463257,2.134999990463257,2.134999990463257,2.134999990463257,142.0
2024-07-03 12:19:00,HOLX,73.10379791259766,73.10379791259766,73.11000061035156,73.05999755859375,73.05999755859375,4240.0
2024-07-03 12:19:00,HOWL,2.055000066757202,2.055000066757202,2.055000066757202,2.055000066757202,2.055000066757202,1849.0
2024-07-03 12:19:00,HQY,83.7300033569336,83.7300033569336,83.7300033569336,83.7300033569336,83.7300033569336,1468.0
2024-07-03 12:19:00,HRMY,30.549999237060547,30.549999237060547,30.549999237060547,30.549999237060547,30.549999237060547,200.0
2024-07-03 12:19:00,HRTX,2.740000009536743,2.740000009536743,2.744999885559082,2.740000009536743,2.740000009536743,1943.0
2024-07-03 12:19:00,HSIC,65.02999877929688,65.02999877929688,65.02999877929688,65.0,65.0,1296.0
2024-07-03 12:19:00,HUMA,5.762499809265137,5.762499809265137,5.78000020980835,5.762499809265137,5.78000020980835,7231.0
2024-07-03 12:19:00,IART,28.540000915527344,28.540000915527344,28.549999237060547,28.510000228881836,28.520000457763672,3091.0
2024-07-03 12:19:00,IBRX,6.264999866485596,6.264999866485596,6.264999866485596,6.264999866485596,6.264999866485596,1099.0
2024-07-03 12:19:00,ICAD,1.2400000095367432,1.2400000095367432,1.2400000095367432,1.2400000095367432,1.2400000095367432,7767.0
2024-07-03 12:19:00,ICLR,317.8800048828125,317.8800048828125,317.8800048828125,317.8800048828125,317.8800048828125,793.0
2024-07-03 12:19:00,IDXX,477.8599853515625,477.8599853515625,477.8599853515625,477.6099853515625,477.6099853515625,499.0
2024-07-03 12:19:00,IDYA,33.31999969482422,33.31999969482422,33.31999969482422,33.31999969482422,33.31999969482422,144.0
2024-07-03 12:19:00,IGMS,6.440000057220459,6.440000057220459,6.440000057220459,6.440000057220459,6.440000057220459,100.0
2024-07-03 12:19:00,IINN,1.4049999713897705,1.4049999713897705,1.4140000343322754,1.4049999713897705,1.4049999713897705,300.0
2024-07-03 12:19:00,IKNA,1.649999976158142,1.649999976158142,1.649999976158142,1.649999976158142,1.649999976158142,425.0
2024-07-03 12:19:00,ILMN,105.7300033569336,105.7300033569336,105.76000213623047,105.70999908447266,105.76000213623047,2555.0
2024-07-03 12:19:00,IMMX,2.3440001010894775,2.3440001010894775,2.365000009536743,2.309999942779541,2.360100030899048,5739.0
2024-07-03 12:19:00,IMNM,11.989999771118164,11.989999771118164,11.989999771118164,11.989999771118164,11.989999771118164,412.0
2024-07-03 12:19:00,IMUX,1.1399999856948853,1.1399999856948853,1.1399999856948853,1.1399999856948853,1.1399999856948853,539.0
2024-07-03 12:19:00,IMVT,26.010000228881836,26.010000228881836,26.040000915527344,26.010000228881836,26.040000915527344,3096.0
2024-07-03 12:19:00,INBX,12.977999687194824,12.977999687194824,13.074999809265137,12.944999694824219,13.074999809265137,4988.0
2024-07-03 12:19:00,INCY,57.64500045776367,57.64500045776367,57.67499923706055,57.64500045776367,57.67499923706055,2933.0
2024-07-03 12:19:00,INGN,8.039999961853027,8.039999961853027,8.039999961853027,8.039999961853027,8.039999961853027,210.0
2024-07-03 12:19:00,INMD,17.559999465942383,17.559999465942383,17.565000534057617,17.559999465942383,17.565000534057617,795.0
2024-07-03 12:19:00,INSM,61.619998931884766,61.619998931884766,61.70000076293945,61.619998931884766,61.685001373291016,54423.0
2024-07-03 12:19:00,IONS,44.875,44.875,44.880001068115234,44.83000183105469,44.83000183105469,6383.0
2024-07-03 12:19:00,IOVA,7.430099964141846,7.430099964141846,7.440000057220459,7.429999828338623,7.429999828338623,21838.0
2024-07-03 12:19:00,IRWD,6.135000228881836,6.135000228881836,6.139999866485596,6.135000228881836,6.139999866485596,4512.0
2024-07-03 12:19:00,ISRG,434.0,434.0,434.3500061035156,433.9949951171875,433.9949951171875,4575.0
2024-07-03 12:19:00,ITCI,68.4800033569336,68.4800033569336,68.4800033569336,68.44000244140625,68.4800033569336,1086.0
2024-07-03 12:19:00,IVVD,1.0950000286102295,1.0950000286102295,1.0950000286102295,1.0950000286102295,1.0950000286102295,410.0
2024-07-03 12:19:00,JAGX,3.4700000286102295,3.4700000286102295,3.4700000286102295,3.4700000286102295,3.4700000286102295,2075.0
2024-07-03 12:19:00,JAZZ,103.5,103.5,103.5,103.5,103.5,1605.0
2024-07-03 12:19:00,JSPR,22.690000534057617,22.690000534057617,22.739999771118164,22.510000228881836,22.739999771118164,959.0
2024-07-03 12:19:00,KALV,11.630000114440918,11.630000114440918,11.635000228881836,11.630000114440918,11.635000228881836,1784.0
2024-07-03 12:19:00,KNSA,18.860000610351562,18.860000610351562,18.860000610351562,18.860000610351562,18.860000610351562,860.0
2024-07-03 12:19:00,KPTI,0.8313000202178955,0.8313000202178955,0.8313000202178955,0.8313000202178955,0.8313000202178955,359.0
2024-07-03 12:19:00,KRMD,2.4600000381469727,2.4600000381469727,2.4600000381469727,2.4600000381469727,2.4600000381469727,2054.0
2024-07-03 12:19:00,KRON,1.1399999856948853,1.1399999856948853,1.1399999856948853,1.1399999856948853,1.1399999856948853,829.0
2024-07-03 12:19:00,KROS,42.290000915527344,42.290000915527344,42.290000915527344,42.290000915527344,42.290000915527344,288.0
2024-07-03 12:19:00,KRYS,176.22999572753906,176.22999572753906,176.22999572753906,176.22999572753906,176.22999572753906,642.0
2024-07-03 12:19:00,KTRA,0.27880001068115234,0.27880001068115234,0.27880001068115234,0.27630001306533813,0.27630001306533813,46585.0
2024-07-03 12:19:00,KURA,20.190000534057617,20.190000534057617,20.190000534057617,20.190000534057617,20.190000534057617,1325.0
2024-07-03 12:19:00,KZR,0.579200029373169,0.579200029373169,0.579200029373169,0.579200029373169,0.579200029373169,926.0
2024-07-03 12:19:00,LAB,1.8300000429153442,1.8300000429153442,1.8300000429153442,1.8250000476837158,1.8300000429153442,2097.0
2024-07-03 12:19:00,LBPH,31.90999984741211,31.90999984741211,32.0099983215332,31.90999984741211,31.920000076293945,2157.0
2024-07-03 12:19:00,LEGN,46.130001068115234,46.130001068115234,46.130001068115234,46.130001068115234,46.130001068115234,350.0
2024-07-03 12:19:00,LFMD,6.800000190734863,6.800000190734863,6.800000190734863,6.789999961853027,6.789999961853027,2894.0
2024-07-03 12:19:00,LFST,5.119999885559082,5.119999885559082,5.135000228881836,5.119999885559082,5.135000228881836,6807.0
2024-07-03 12:19:00,LIVN,52.67499923706055,52.67499923706055,52.67499923706055,52.67499923706055,52.67499923706055,325.0
2024-07-03 12:19:00,LQDA,11.939900398254395,11.939900398254395,11.939900398254395,11.939900398254395,11.939900398254395,604.0
2024-07-03 12:19:00,LRMR,7.735000133514404,7.735000133514404,7.735000133514404,7.735000133514404,7.735000133514404,420.0
2024-07-03 12:19:00,LUCD,0.7620000243186951,0.7620000243186951,0.7620000243186951,0.7620000243186951,0.7620000243186951,300.0
2024-07-03 12:19:00,LUCY,0.46380001306533813,0.46380001306533813,0.46380001306533813,0.46380001306533813,0.46380001306533813,8459.0
2024-07-03 12:19:00,LVTX,1.8234000205993652,1.8234000205993652,1.8234000205993652,1.8234000205993652,1.8234000205993652,824.0
2024-07-03 12:19:00,LXRX,1.6100000143051147,1.6100000143051147,1.6150000095367432,1.6100000143051147,1.6150000095367432,1111.0
2024-07-03 12:19:00,LYRA,0.2858000099658966,0.2858000099658966,0.2858000099658966,0.2858000099658966,0.2858000099658966,200.0
2024-07-03 12:19:00,MASI,114.18000030517578,114.18000030517578,114.42500305175781,114.16999816894531,114.16999816894531,4722.0
2024-07-03 12:19:00,MBIO,0.4966000020503998,0.4966000020503998,0.4966999888420105,0.4966000020503998,0.4966000020503998,6679.0
2024-07-03 12:19:00,MBOT,1.059000015258789,1.059000015258789,1.059000015258789,1.0549999475479126,1.0549999475479126,1200.0
2024-07-03 12:19:00,MCRB,0.7315000295639038,0.7315000295639038,0.7329999804496765,0.7315000295639038,0.7329999804496765,1026.0
2024-07-03 12:19:00,MDGL,271.09600830078125,271.09600830078125,271.09600830078125,270.69000244140625,270.69000244140625,1734.0
2024-07-03 12:19:00,ME,0.4133000075817108,0.4133000075817108,0.4133000075817108,0.4131999909877777,0.4131999909877777,1472.0
2024-07-03 12:19:00,MEDP,404.6600036621094,404.6600036621094,404.6600036621094,404.6600036621094,404.6600036621094,1734.0
2024-07-03 12:19:00,MGNX,4.190000057220459,4.190000057220459,4.190000057220459,4.184999942779541,4.190000057220459,729.0
2024-07-03 12:19:00,MIRM,33.900001525878906,33.900001525878906,33.900001525878906,33.900001525878906,33.900001525878906,205.0
2024-07-03 12:19:00,MLTX,41.40999984741211,41.40999984741211,41.40999984741211,41.40999984741211,41.40999984741211,690.0
2024-07-03 12:19:00,MMSI,85.83000183105469,85.83000183105469,85.83000183105469,85.83000183105469,85.83000183105469,334.0
2024-07-03 12:19:00,MNKD,5.0,5.0,5.005000114440918,5.0,5.005000114440918,0.0
2024-07-03 12:19:00,MNMD,7.170000076293945,7.170000076293945,7.170000076293945,7.170000076293945,7.170000076293945,6417.0
2024-07-03 12:19:00,MODV,27.8700008392334,27.8700008392334,27.8799991607666,27.8700008392334,27.8799991607666,465.0
2024-07-03 12:19:00,MORF,31.80500030517578,31.80500030517578,31.80500030517578,31.80500030517578,31.80500030517578,383.0
2024-07-03 12:19:00,MREO,3.5250000953674316,3.5250000953674316,3.5250000953674316,3.5250000953674316,3.5250000953674316,108.0
2024-07-03 12:19:00,MRNA,115.80000305175781,115.80000305175781,115.87999725341797,115.80000305175781,115.87999725341797,2835.0
2024-07-03 12:19:00,MRSN,1.8450000286102295,1.8450000286102295,1.8450000286102295,1.8450000286102295,1.8450000286102295,273.0
2024-07-03 12:19:00,MRUS,52.45000076293945,52.45000076293945,52.45000076293945,52.45000076293945,52.45000076293945,211.0
2024-07-03 12:19:00,MRVI,6.994999885559082,6.994999885559082,7.0,6.989999771118164,6.989999771118164,3792.0
2024-07-03 12:19:00,MXCT,3.684999942779541,3.684999942779541,3.684999942779541,3.684999942779541,3.684999942779541,0.0
2024-07-03 12:19:00,MYGN,24.959999084472656,24.959999084472656,24.959999084472656,24.959999084472656,24.959999084472656,383.0
2024-07-03 12:19:00,NARI,49.584999084472656,49.584999084472656,49.619998931884766,49.584999084472656,49.619998931884766,987.0
2024-07-03 12:19:00,NBIX,138.11500549316406,138.11500549316406,138.14999389648438,138.11500549316406,138.1300048828125,1518.0
2024-07-03 12:19:00,NCNA,2.7920000553131104,2.7920000553131104,2.7920000553131104,2.7920000553131104,2.7920000553131104,352.0
2024-07-03 12:19:00,NDRA,0.09390000253915787,0.09390000253915787,0.09430000185966492,0.09380000084638596,0.09430000185966492,48376.0
2024-07-03 12:19:00,NEOG,15.130000114440918,15.130000114440918,15.130000114440918,15.109999656677246,15.109999656677246,4060.0
2024-07-03 12:19:00,NKTR,1.2799999713897705,1.2799999713897705,1.2799999713897705,1.274999976158142,1.2799999713897705,1124.0
2024-07-03 12:19:00,NLSP,0.20399999618530273,0.20399999618530273,0.20399999618530273,0.20399999618530273,0.20399999618530273,0.0
2024-07-03 12:19:00,NNOX,7.059999942779541,7.059999942779541,7.059999942779541,7.059999942779541,7.059999942779541,757.0
2024-07-03 12:19:00,NPCE,7.309999942779541,7.309999942779541,7.309999942779541,7.309999942779541,7.309999942779541,200.0
2024-07-03 12:19:00,NRBO,4.579999923706055,4.579999923706055,4.579999923706055,4.579999923706055,4.579999923706055,200.0
2024-07-03 12:19:00,NRC,23.075000762939453,23.075000762939453,23.075000762939453,23.020000457763672,23.030000686645508,909.0
2024-07-03 12:19:00,NRIX,19.469999313354492,19.469999313354492,19.469999313354492,19.469999313354492,19.469999313354492,1056.0
2024-07-03 12:19:00,NRSN,1.2899999618530273,1.2899999618530273,1.2899999618530273,1.2899999618530273,1.2899999618530273,105.0
2024-07-03 12:19:00,NTLA,22.665000915527344,22.665000915527344,22.670000076293945,22.649999618530273,22.659500122070312,2836.0
2024-07-03 12:19:00,NTRA,111.3550033569336,111.3550033569336,111.3550033569336,111.3550033569336,111.3550033569336,1062.0
2024-07-03 12:19:00,NUWE,3.884999990463257,3.884999990463257,3.884999990463257,3.884999990463257,3.884999990463257,650.0
2024-07-03 12:19:00,NVAX,12.520000457763672,12.520000457763672,12.545000076293945,12.520000457763672,12.545000076293945,5100.0
2024-07-03 12:19:00,NVCR,16.639999389648438,16.639999389648438,16.639999389648438,16.635000228881836,16.635000228881836,1973.0
2024-07-03 12:19:00,NXL,1.4049999713897705,1.4049999713897705,1.4049999713897705,1.4049999713897705,1.4049999713897705,1628.0
2024-07-03 12:19:00,OCGN,1.6200000047683716,1.6200000047683716,1.6200000047683716,1.6150000095367432,1.6150000095367432,2511.0
2024-07-03 12:19:00,OCUL,6.699999809265137,6.699999809265137,6.699999809265137,6.690000057220459,6.690000057220459,15403.0
2024-07-03 12:19:00,OCX,3.069999933242798,3.069999933242798,3.069999933242798,3.0299999713897705,3.069999933242798,19268.0
2024-07-03 12:19:00,OFIX,13.479999542236328,13.479999542236328,13.479999542236328,13.479999542236328,13.479999542236328,462.0
2024-07-03 12:19:00,OLMA,10.460000038146973,10.460000038146973,10.460000038146973,10.460000038146973,10.460000038146973,674.0
2024-07-03 12:19:00,OMER,3.890000104904175,3.890000104904175,3.890000104904175,3.890000104904175,3.890000104904175,388.0
2024-07-03 12:19:00,OMGA,1.909999966621399,1.909999966621399,1.9249999523162842,1.909999966621399,1.9149999618530273,50.0
2024-07-03 12:20:00,ABCL,2.7049999237060547,2.7049999237060547,2.7049999237060547,2.7049999237060547,2.7049999237060547,918.0
2024-07-03 12:20:00,ABSI,3.184999942779541,3.184999942779541,3.184999942779541,3.184999942779541,3.184999942779541,200.0
2024-07-03 12:20:00,ABUS,3.1500000953674316,3.1500000953674316,3.1500000953674316,3.1500000953674316,3.1500000953674316,522.0
2024-07-03 12:20:00,ACAD,15.53499984741211,15.53499984741211,15.53499984741211,15.53499984741211,15.53499984741211,277.0
2024-07-03 12:20:00,ACB,4.920000076293945,4.920000076293945,4.925000190734863,4.920000076293945,4.925000190734863,6769.0
2024-07-03 12:20:00,ACCD,3.5999999046325684,3.5999999046325684,3.5999999046325684,3.5950000286102295,3.5950000286102295,3107.0
2024-07-03 12:20:00,ACET,1.0800000429153442,1.0800000429153442,1.0850000381469727,1.0800000429153442,1.0850000381469727,802.0
2024-07-03 12:20:00,ACIU,3.825000047683716,3.825000047683716,3.825000047683716,3.825000047683716,3.825000047683716,17.0
2024-07-03 12:20:00,ACLX,54.470001220703125,54.470001220703125,54.470001220703125,54.470001220703125,54.470001220703125,662.0
2024-07-03 12:20:00,ACRS,1.149999976158142,1.149999976158142,1.149999976158142,1.149999976158142,1.149999976158142,800.0
2024-07-03 12:20:00,ADAP,1.0099999904632568,1.0099999904632568,1.0099999904632568,1.0099999904632568,1.0099999904632568,155.0
2024-07-03 12:20:00,ADMA,11.1850004196167,11.1850004196167,11.210000038146973,11.180000305175781,11.210000038146973,19498.0
2024-07-03 12:20:00,ADPT,3.384999990463257,3.384999990463257,3.390000104904175,3.384999990463257,3.390000104904175,6738.0
2024-07-03 12:20:00,ADVM,7.059999942779541,7.059999942779541,7.059999942779541,7.059999942779541,7.059999942779541,2571.0
2024-07-03 12:20:00,AEMD,0.4050000011920929,0.4050000011920929,0.4050000011920929,0.4050000011920929,0.4050000011920929,5660.0
2024-07-03 12:20:00,AGIO,41.89500045776367,41.89500045776367,41.90999984741211,41.810001373291016,41.810001373291016,2129.0
2024-07-03 12:20:00,AIMD,0.9000999927520752,0.9000999927520752,0.9298999905586243,0.8999999761581421,0.9002000093460083,19186.0
2024-07-03 12:20:00,AKAN,2.20989990234375,2.20989990234375,2.20989990234375,2.20989990234375,2.20989990234375,263.0
2024-07-03 12:20:00,AKBA,0.9521999955177307,0.9521999955177307,0.9559000134468079,0.9521999955177307,0.9559000134468079,10306.0
2024-07-03 12:20:00,ALDX,3.200000047683716,3.200000047683716,3.200000047683716,3.200000047683716,3.200000047683716,771.0
2024-07-03 12:20:00,ALGN,242.65499877929688,242.65499877929688,242.65499877929688,242.39999389648438,242.4250030517578,2398.0
2024-07-03 12:20:00,ALHC,7.989999771118164,7.989999771118164,7.989999771118164,7.989999771118164,7.989999771118164,1100.0
2024-07-03 12:20:00,ALKS,24.184999465942383,24.184999465942383,24.19499969482422,24.184999465942383,24.190000534057617,2796.0
2024-07-03 12:20:00,ALLK,0.8274999856948853,0.8274999856948853,0.8274999856948853,0.8274999856948853,0.8274999856948853,200.0
2024-07-03 12:20:00,ALLO,2.0950000286102295,2.0950000286102295,2.0950000286102295,2.0899999141693115,2.0950000286102295,3445.0
2024-07-03 12:20:00,ALLR,0.20200000703334808,0.20200000703334808,0.20600000023841858,0.20200000703334808,0.20600000023841858,5144.0
2024-07-03 12:20:00,ALNY,246.38499450683594,246.38499450683594,246.57000732421875,246.38499450683594,246.57000732421875,1589.0
2024-07-03 12:20:00,ALT,6.63539981842041,6.63539981842041,6.639800071716309,6.630000114440918,6.630000114440918,3068.0
2024-07-03 12:20:00,ALVR,0.7311999797821045,0.7311999797821045,0.7311999797821045,0.7311999797821045,0.7311999797821045,368.0
2024-07-03 12:20:00,ALXO,5.670000076293945,5.670000076293945,5.670000076293945,5.670000076293945,5.670000076293945,511.0
2024-07-03 12:20:00,AMED,97.25,97.25,97.26000213623047,97.19499969482422,97.25,9188.0
2024-07-03 12:20:00,AMGN,307.2900085449219,307.2900085449219,307.3900146484375,307.2900085449219,307.3900146484375,2176.0
2024-07-03 12:20:00,AMLX,1.7549999952316284,1.7549999952316284,1.7599999904632568,1.7549999952316284,1.7599999904632568,1475.0
2024-07-03 12:20:00,ANAB,25.02989959716797,25.02989959716797,25.02989959716797,24.969999313354492,24.969999313354492,1017.0
2024-07-03 12:20:00,ANIK,25.485000610351562,25.485000610351562,25.485000610351562,25.479999542236328,25.479999542236328,508.0
2024-07-03 12:20:00,ANIP,60.720001220703125,60.720001220703125,60.720001220703125,60.720001220703125,60.720001220703125,708.0
2024-07-03 12:20:00,ANNX,4.764999866485596,4.764999866485596,4.764999866485596,4.764999866485596,4.764999866485596,80.0
2024-07-03 12:20:00,ANTX,2.579699993133545,2.579699993133545,2.5799999237060547,2.569999933242798,2.569999933242798,6282.0
2024-07-03 12:20:00,APLS,35.13999938964844,35.13999938964844,35.18000030517578,35.13999938964844,35.18000030517578,1573.0
2024-07-03 12:20:00,APLT,4.359000205993652,4.359000205993652,4.360000133514404,4.349999904632568,4.360000133514404,1705.0
2024-07-03 12:20:00,APVO,0.3075000047683716,0.3075000047683716,0.3075000047683716,0.3075000047683716,0.3075000047683716,1807.0
2024-07-03 12:20:00,AQST,2.434999942779541,2.434999942779541,2.440000057220459,2.434999942779541,2.440000057220459,1866.0
2024-07-03 12:20:00,ARCT,21.700000762939453,21.700000762939453,21.75,21.649999618530273,21.65999984741211,6440.0
2024-07-03 12:20:00,ARDX,5.255000114440918,5.255000114440918,5.280300140380859,5.25,5.280300140380859,16384.0
2024-07-03 12:20:00,ARGX,435.3800048828125,435.3800048828125,435.3800048828125,434.8299865722656,434.8299865722656,2724.0
2024-07-03 12:20:00,ARQT,9.574999809265137,9.574999809265137,9.574999809265137,9.550000190734863,9.550000190734863,4855.0
2024-07-03 12:20:00,ARVN,23.940000534057617,23.940000534057617,23.940000534057617,23.834999084472656,23.834999084472656,3876.0
2024-07-03 12:20:00,ARWR,25.15999984741211,25.15999984741211,25.18000030517578,25.15999984741211,25.15999984741211,1248.0
2024-07-03 12:20:00,ASRT,1.3394999504089355,1.3394999504089355,1.3394999504089355,1.3300000429153442,1.3300000429153442,2260.0
2024-07-03 12:20:00,ATAI,1.284999966621399,1.284999966621399,1.284999966621399,1.284999966621399,1.284999966621399,3549.0
2024-07-03 12:20:00,ATOS,1.1649999618530273,1.1649999618530273,1.1649999618530273,1.159999966621399,1.1649999618530273,842.0
2024-07-03 12:20:00,ATRC,22.270000457763672,22.270000457763672,22.270000457763672,22.270000457763672,22.270000457763672,161.0
2024-07-03 12:20:00,AUPH,5.465000152587891,5.465000152587891,5.465000152587891,5.465000152587891,5.465000152587891,283.0
2024-07-03 12:20:00,AUTL,3.4649999141693115,3.4649999141693115,3.4700000286102295,3.4625000953674316,3.4649999141693115,3467.0
2024-07-03 12:20:00,AVIR,3.2950000762939453,3.2950000762939453,3.299999952316284,3.2950000762939453,3.299999952316284,885.0
2024-07-03 12:20:00,AVTE,1.6719000339508057,1.6719000339508057,1.6719000339508057,1.6700999736785889,1.6700999736785889,690.0
2024-07-03 12:20:00,AWH,1.0199999809265137,1.0199999809265137,1.0199999809265137,1.0199999809265137,1.0199999809265137,100.0
2024-07-03 12:20:00,AXGN,7.485000133514404,7.485000133514404,7.485000133514404,7.485000133514404,7.485000133514404,1304.0
2024-07-03 12:20:00,AXSM,79.66000366210938,79.66000366210938,79.66000366210938,79.66000366210938,79.66000366210938,314.0
2024-07-03 12:20:00,AZN,76.78500366210938,76.78500366210938,76.79000091552734,76.7750015258789,76.7750015258789,6790.0
2024-07-03 12:20:00,AZTA,52.41999816894531,52.41999816894531,52.45000076293945,52.369998931884766,52.45000076293945,6539.0
2024-07-03 12:20:00,BBIO,25.3799991607666,25.3799991607666,25.389999389648438,25.375,25.375,1610.0
2024-07-03 12:20:00,BCAB,1.409999966621399,1.409999966621399,1.409999966621399,1.409999966621399,1.409999966621399,606.0
2024-07-03 12:20:00,BCRX,6.440000057220459,6.440000057220459,6.440000057220459,6.434999942779541,6.434999942779541,4710.0
2024-07-03 12:20:00,BEAM,23.530000686645508,23.530000686645508,23.530000686645508,23.510000228881836,23.520000457763672,1509.0
2024-07-03 12:20:00,BEAT,2.7950000762939453,2.7950000762939453,2.7950000762939453,2.7950000762939453,2.7950000762939453,1275.0
2024-07-03 12:20:00,BIIB,223.13999938964844,223.13999938964844,223.13999938964844,223.11000061035156,223.11000061035156,1351.0
2024-07-03 12:20:00,BJDX,0.6341999769210815,0.6341999769210815,0.6341999769210815,0.6341000199317932,0.6341000199317932,14893.0
2024-07-03 12:20:00,BLUE,0.9218999743461609,0.9218999743461609,0.9218999743461609,0.9218000173568726,0.9218000173568726,2349.0
2024-07-03 12:20:00,BMEA,4.310999870300293,4.310999870300293,4.330999851226807,4.310999870300293,4.330999851226807,2275.0
2024-07-03 12:20:00,BMRN,80.79499816894531,80.79499816894531,80.84500122070312,80.79499816894531,80.84500122070312,1812.0
2024-07-03 12:20:00,BNTX,80.29000091552734,80.29000091552734,80.30000305175781,80.2886962890625,80.29499816894531,2076.0
2024-07-03 12:20:00,BPMC,110.75499725341797,110.75499725341797,110.8550033569336,110.69999694824219,110.8550033569336,1838.0
2024-07-03 12:20:00,BRKR,61.380001068115234,61.380001068115234,61.380001068115234,61.380001068115234,61.380001068115234,1364.0
2024-07-03 12:20:00,BVS,5.989999771118164,5.989999771118164,5.989999771118164,5.989999771118164,5.989999771118164,639.0
2024-07-03 12:20:00,CABA,7.519999980926514,7.519999980926514,7.53000020980835,7.519999980926514,7.53000020980835,1261.0
2024-07-03 12:20:00,CALT,39.749900817871094,39.749900817871094,39.749900817871094,39.749900817871094,39.749900817871094,238.0
2024-07-03 12:20:00,CARA,0.2888999879360199,0.2888999879360199,0.2888999879360199,0.2849999964237213,0.2849999964237213,759.0
2024-07-03 12:20:00,CCCC,4.554999828338623,4.554999828338623,4.559999942779541,4.550000190734863,4.554999828338623,3120.0
2024-07-03 12:20:00,CDMO,7.804999828338623,7.804999828338623,7.809999942779541,7.789999961853027,7.789999961853027,8119.0
2024-07-03 12:20:00,CDXC,2.515000104904175,2.515000104904175,2.515000104904175,2.515000104904175,2.515000104904175,300.0
2024-07-03 12:20:00,CDXS,2.865000009536743,2.865000009536743,2.865000009536743,2.865000009536743,2.865000009536743,386.0
2024-07-03 12:20:00,CERE,40.099998474121094,40.099998474121094,40.099998474121094,40.07500076293945,40.07500076293945,9362.0
2024-07-03 12:20:00,CERS,1.715000033378601,1.715000033378601,1.715000033378601,1.715000033378601,1.715000033378601,338.0
2024-07-03 12:20:00,CERT,13.760000228881836,13.760000228881836,13.770000457763672,13.760000228881836,13.770000457763672,2646.0
2024-07-03 12:20:00,CGC,6.579999923706055,6.579999923706055,6.585000038146973,6.579999923706055,6.5802998542785645,7092.0
2024-07-03 12:20:00,CGEM,16.59000015258789,16.59000015258789,16.670000076293945,16.549999237060547,16.670000076293945,2056.0
2024-07-03 12:20:00,CGTX,1.75,1.75,1.75,1.75,1.75,94.0
2024-07-03 12:20:00,CKPT,2.1649999618530273,2.1649999618530273,2.1700000762939453,2.1649999618530273,2.1700000762939453,916.0
2024-07-03 12:20:00,CLPT,5.340000152587891,5.340000152587891,5.340000152587891,5.340000152587891,5.340000152587891,261.0
2024-07-03 12:20:00,CLRB,2.4600000381469727,2.4600000381469727,2.4600000381469727,2.450000047683716,2.450000047683716,310.0
2024-07-03 12:20:00,CMPS,6.210000038146973,6.210000038146973,6.210000038146973,6.210000038146973,6.210000038146973,412.0
2024-07-03 12:20:00,CMPX,0.8539999723434448,0.8539999723434448,0.8539999723434448,0.8539999723434448,0.8539999723434448,103.0
2024-07-03 12:20:00,CMRX,0.8629999756813049,0.8629999756813049,0.8629999756813049,0.8629999756813049,0.8629999756813049,101.0
2024-07-03 12:20:00,CNSP,1.4700000286102295,1.4700000286102295,1.4800000190734863,1.440600037574768,1.440600037574768,27204.0
2024-07-03 12:20:00,COGT,8.359999656677246,8.359999656677246,8.359999656677246,8.354999542236328,8.354999542236328,1033.0
2024-07-03 12:20:00,COLL,32.310001373291016,32.310001373291016,32.310001373291016,32.275001525878906,32.275001525878906,1290.0
2024-07-03 12:20:00,CORT,30.399999618530273,30.399999618530273,30.399999618530273,30.399999618530273,30.399999618530273,461.0
2024-07-03 12:20:00,COSM,0.9110000133514404,0.9110000133514404,0.9110000133514404,0.9110000133514404,0.9110000133514404,261.0
2024-07-03 12:20:00,CRBP,49.97999954223633,49.97999954223633,49.97999954223633,49.97999954223633,49.97999954223633,201.0
2024-07-03 12:20:00,CRBU,1.5586999654769897,1.5586999654769897,1.559999942779541,1.5586999654769897,1.559999942779541,7798.0
2024-07-03 12:20:00,CRDF,2.259999990463257,2.259999990463257,2.259999990463257,2.259999990463257,2.259999990463257,600.0
2024-07-03 12:20:00,CRNX,44.56999969482422,44.56999969482422,44.56999969482422,44.56999969482422,44.56999969482422,1789.0
2024-07-03 12:20:00,CRON,2.305000066757202,2.305000066757202,2.309999942779541,2.305000066757202,2.309999942779541,568.0
2024-07-03 12:20:00,CRSP,53.89500045776367,53.89500045776367,53.91999816894531,53.89500045776367,53.90250015258789,1402.0
2024-07-03 12:20:00,CTKB,5.610000133514404,5.610000133514404,5.610000133514404,5.605000019073486,5.605000019073486,2657.0
2024-07-03 12:20:00,CTMX,1.2999999523162842,1.2999999523162842,1.2999999523162842,1.2999999523162842,1.2999999523162842,886.0
2024-07-03 12:20:00,CTXR,0.5012000203132629,0.5012000203132629,0.5012000203132629,0.5012000203132629,0.5012000203132629,2158.0
2024-07-03 12:20:00,CUTR,1.2949999570846558,1.2949999570846558,1.2949999570846558,1.2949999570846558,1.2949999570846558,450.0
2024-07-03 12:20:00,CVAC,3.2200000286102295,3.2200000286102295,3.2300000190734863,3.2200000286102295,3.2300000190734863,5772.0
2024-07-03 12:20:00,CVRX,11.78499984741211,11.78499984741211,11.78499984741211,11.78499984741211,11.78499984741211,435.0
2024-07-03 12:20:00,CYTK,54.599998474121094,54.599998474121094,54.630001068115234,54.59000015258789,54.59000015258789,2449.0
2024-07-03 12:20:00,DARE,3.174999952316284,3.174999952316284,3.174999952316284,3.174999952316284,3.174999952316284,524.0
2024-07-03 12:20:00,DAWN,13.3100004196167,13.3100004196167,13.3100004196167,13.300000190734863,13.300000190734863,884.0
2024-07-03 12:20:00,DCGO,2.9511001110076904,2.9511001110076904,2.9511001110076904,2.9511001110076904,2.9511001110076904,550.0
2024-07-03 12:20:00,DH,5.394999980926514,5.394999980926514,5.394999980926514,5.394999980926514,5.394999980926514,591.0
2024-07-03 12:20:00,DSGN,3.299999952316284,3.299999952316284,3.299999952316284,3.299999952316284,3.299999952316284,232.0
2024-07-03 12:20:00,DXCM,111.0,111.0,111.16000366210938,110.9800033569336,111.01000213623047,14068.0
2024-07-03 12:20:00,DYN,34.09000015258789,34.09000015258789,34.09000015258789,34.09000015258789,34.09000015258789,172.0
2024-07-03 12:20:00,EDIT,4.630000114440918,4.630000114440918,4.630000114440918,4.629899978637695,4.629899978637695,614.0
2024-07-03 12:20:00,EGRX,5.534999847412109,5.534999847412109,5.534999847412109,5.534999847412109,5.534999847412109,1091.0
2024-07-03 12:20:00,ELEV,2.630000114440918,2.630000114440918,2.630000114440918,2.630000114440918,2.630000114440918,598.0
2024-07-03 12:20:00,ELYM,6.724999904632568,6.724999904632568,6.724999904632568,6.724999904632568,6.724999904632568,110.0
2024-07-03 12:20:00,ENSG,126.75,126.75,126.75,126.73999786376953,126.73999786376953,3507.0
2024-07-03 12:20:00,EOLS,10.920000076293945,10.920000076293945,10.920000076293945,10.920000076293945,10.920000076293945,207.0
2024-07-03 12:20:00,ESPR,2.359999895095825,2.359999895095825,2.359999895095825,2.3499999046325684,2.3499999046325684,12514.0
2024-07-03 12:20:00,EXAI,5.449900150299072,5.449900150299072,5.449900150299072,5.44950008392334,5.44950008392334,0.0
2024-07-03 12:20:00,EXAS,43.13999938964844,43.13999938964844,43.18000030517578,43.13999938964844,43.165000915527344,4461.0
2024-07-03 12:20:00,EXEL,21.834999084472656,21.834999084472656,21.834999084472656,21.81999969482422,21.825000762939453,4756.0
2024-07-03 12:20:00,EYEN,0.7822999954223633,0.7822999954223633,0.7822999954223633,0.7822999954223633,0.7822999954223633,2829.0
2024-07-03 12:20:00,EYPT,8.59000015258789,8.59000015258789,8.59000015258789,8.520000457763672,8.529999732971191,13486.0
2024-07-03 12:20:00,FATE,3.1549999713897705,3.1549999713897705,3.1549999713897705,3.1500000953674316,3.1500000953674316,2216.0
2024-07-03 12:20:00,FEMY,1.1050000190734863,1.1050000190734863,1.1050000190734863,1.1050000190734863,1.1050000190734863,379.0
2024-07-03 12:20:00,FGEN,0.7167999744415283,0.7167999744415283,0.7167999744415283,0.7167999744415283,0.7167999744415283,1503.0
2024-07-03 12:20:00,FHTX,5.449999809265137,5.449999809265137,5.46999979019165,5.449999809265137,5.4593000411987305,1549.0
2024-07-03 12:20:00,FLGT,20.09000015258789,20.09000015258789,20.09000015258789,20.09000015258789,20.09000015258789,139.0
2024-07-03 12:20:00,FOLD,9.845000267028809,9.845000267028809,9.845000267028809,9.84000015258789,9.84000015258789,1860.0
2024-07-03 12:20:00,FULC,6.110000133514404,6.110000133514404,6.114999771118164,6.110000133514404,6.110000133514404,3287.0
2024-07-03 12:20:00,GANX,1.1399999856948853,1.1399999856948853,1.1399999856948853,1.1399999856948853,1.1399999856948853,200.0
2024-07-03 12:20:00,GDRX,7.75,7.75,7.75,7.744999885559082,7.744999885559082,2957.0
2024-07-03 12:20:00,GERN,4.324999809265137,4.324999809265137,4.324999809265137,4.320000171661377,4.320000171661377,7568.0
2024-07-03 12:20:00,GH,28.145000457763672,28.145000457763672,28.145000457763672,28.145000457763672,28.145000457763672,153.0
2024-07-03 12:20:00,GILD,66.94999694824219,66.94999694824219,66.95089721679688,66.94170379638672,66.95089721679688,2327.0
2024-07-03 12:20:00,GLSI,16.700000762939453,16.700000762939453,16.700000762939453,16.700000762939453,16.700000762939453,122.0
2024-07-03 12:20:00,GLYC,0.27619999647140503,0.27619999647140503,0.27959999442100525,0.2741999924182892,0.27959999442100525,51500.0
2024-07-03 12:20:00,GOSS,0.9670000076293945,0.9670000076293945,0.9670000076293945,0.9666000008583069,0.9666000008583069,2081.0
2024-07-03 12:20:00,GOVX,2.9200000762939453,2.9200000762939453,2.9379000663757324,2.9200000762939453,2.9379000663757324,6807.0
2024-07-03 12:20:00,GRFS,6.664999961853027,6.664999961853027,6.664999961853027,6.664999961853027,6.664999961853027,100.0
2024-07-03 12:20:00,GRTS,0.5800999999046326,0.5800999999046326,0.5800999999046326,0.5800999999046326,0.5800999999046326,126.0
2024-07-03 12:20:00,GTHX,2.555000066757202,2.555000066757202,2.555000066757202,2.555000066757202,2.555000066757202,717.0
2024-07-03 12:20:00,HALO,52.060001373291016,52.060001373291016,52.09000015258789,52.04069900512695,52.04069900512695,764.0
2024-07-03 12:20:00,HCSG,10.71500015258789,10.71500015258789,10.71500015258789,10.704999923706055,10.704999923706055,1130.0
2024-07-03 12:20:00,HOLX,73.1449966430664,73.1449966430664,73.1449966430664,73.11000061035156,73.11000061035156,2331.0
2024-07-03 12:20:00,HOWL,2.055000066757202,2.055000066757202,2.055000066757202,2.055000066757202,2.055000066757202,242.0
2024-07-03 12:20:00,HRMY,30.549999237060547,30.549999237060547,30.549999237060547,30.549999237060547,30.549999237060547,172.0
2024-07-03 12:20:00,HROW,21.415000915527344,21.415000915527344,21.520000457763672,21.415000915527344,21.520000457763672,2479.0
2024-07-03 12:20:00,HRTX,2.740000009536743,2.740000009536743,2.740000009536743,2.740000009536743,2.740000009536743,1876.0
2024-07-03 12:20:00,HSIC,65.0,65.0,65.0,65.0,65.0,2120.0
2024-07-03 12:20:00,HUGE,0.14149999618530273,0.14149999618530273,0.14149999618530273,0.1412000060081482,0.1412000060081482,5440.0
2024-07-03 12:20:00,HUMA,5.768499851226807,5.768499851226807,5.769999980926514,5.760000228881836,5.769999980926514,1791.0
2024-07-03 12:20:00,IART,28.549999237060547,28.549999237060547,28.549999237060547,28.549999237060547,28.549999237060547,722.0
2024-07-03 12:20:00,IBRX,6.264999866485596,6.264999866485596,6.264999866485596,6.264999866485596,6.264999866485596,956.0
2024-07-03 12:20:00,ICLR,317.8500061035156,317.8500061035156,317.8500061035156,317.80999755859375,317.80999755859375,2127.0
2024-07-03 12:20:00,ICUI,117.9000015258789,117.9000015258789,117.9000015258789,117.9000015258789,117.9000015258789,1069.0
2024-07-03 12:20:00,IDXX,478.1099853515625,478.1099853515625,478.1099853515625,477.7149963378906,477.7149963378906,340.0
2024-07-03 12:20:00,IDYA,33.2400016784668,33.2400016784668,33.31999969482422,33.2400016784668,33.31999969482422,2209.0
2024-07-03 12:20:00,IGMS,6.449999809265137,6.449999809265137,6.449999809265137,6.449999809265137,6.449999809265137,2016.0
2024-07-03 12:20:00,IINN,1.3519999980926514,1.3519999980926514,1.3600000143051147,1.350000023841858,1.3600000143051147,2900.0
2024-07-03 12:20:00,ILMN,105.69999694824219,105.69999694824219,105.72000122070312,105.68499755859375,105.72000122070312,926.0
2024-07-03 12:20:00,IMMP,2.002000093460083,2.002000093460083,2.00600004196167,2.002000093460083,2.003000020980835,763.0
2024-07-03 12:20:00,IMMX,2.309999942779541,2.309999942779541,2.3299999237060547,2.309999942779541,2.3299999237060547,4606.0
2024-07-03 12:20:00,IMNM,12.0,12.0,12.0,11.989999771118164,11.989999771118164,692.0
2024-07-03 12:20:00,IMVT,26.010000228881836,26.010000228881836,26.024999618530273,26.010000228881836,26.024999618530273,607.0
2024-07-03 12:20:00,INBX,13.020000457763672,13.020000457763672,13.020000457763672,12.944999694824219,12.977999687194824,671.0
2024-07-03 12:20:00,INCY,57.66999816894531,57.66999816894531,57.66999816894531,57.63999938964844,57.63999938964844,4304.0
2024-07-03 12:20:00,INM,0.2556000053882599,0.2556000053882599,0.2556000053882599,0.2556000053882599,0.2556000053882599,4200.0
2024-07-03 12:20:00,INMB,7.860000133514404,7.860000133514404,7.860000133514404,7.855000019073486,7.860000133514404,1940.0
2024-07-03 12:20:00,INMD,17.565000534057617,17.565000534057617,17.565000534057617,17.565000534057617,17.565000534057617,332.0
2024-07-03 12:20:00,INSM,61.619998931884766,61.619998931884766,61.66999816894531,61.619998931884766,61.64500045776367,2299.0
2024-07-03 12:20:00,IONS,44.89500045776367,44.89500045776367,44.89500045776367,44.869998931884766,44.869998931884766,2204.0
2024-07-03 12:20:00,IOVA,7.429999828338623,7.429999828338623,7.440000057220459,7.420000076293945,7.429999828338623,28215.0
2024-07-03 12:20:00,IRWD,6.130000114440918,6.130000114440918,6.135000228881836,6.125,6.130000114440918,5381.0
2024-07-03 12:20:00,ISRG,434.1700134277344,434.1700134277344,434.20001220703125,434.0299987792969,434.0299987792969,5967.0
2024-07-03 12:20:00,ITCI,68.58999633789062,68.58999633789062,68.58999633789062,68.48999786376953,68.48999786376953,2409.0
2024-07-03 12:20:00,IVVD,1.0950000286102295,1.0950000286102295,1.100000023841858,1.0950000286102295,1.100000023841858,926.0
2024-07-03 12:20:00,JANX,37.974300384521484,37.974300384521484,38.08000183105469,37.974300384521484,38.08000183105469,1496.0
2024-07-03 12:20:00,JAZZ,103.5,103.5,103.5,103.5,103.5,1206.0
2024-07-03 12:20:00,JYNT,13.270000457763672,13.270000457763672,13.270000457763672,13.25,13.25,1603.0
2024-07-03 12:20:00,KRMD,2.5,2.5,2.5,2.5,2.5,400.0
2024-07-03 12:20:00,KRYS,176.19000244140625,176.19000244140625,176.19000244140625,176.19000244140625,176.19000244140625,621.0
2024-07-03 12:20:00,KTRA,0.27869999408721924,0.27869999408721924,0.27869999408721924,0.27869999408721924,0.27869999408721924,10167.0
2024-07-03 12:20:00,KZR,0.5766000151634216,0.5766000151634216,0.5766000151634216,0.5763000249862671,0.5766000151634216,2054.0
2024-07-03 12:20:00,LAB,1.8300000429153442,1.8300000429153442,1.8300000429153442,1.8300000429153442,1.8300000429153442,761.0
2024-07-03 12:20:00,LBPH,31.700000762939453,31.700000762939453,31.8700008392334,31.700000762939453,31.8700008392334,1499.0
2024-07-03 12:20:00,LEGN,46.13999938964844,46.13999938964844,46.13999938964844,46.130001068115234,46.130001068115234,386.0
2024-07-03 12:20:00,LEXX,2.609999895095825,2.609999895095825,2.609999895095825,2.609999895095825,2.609999895095825,401.0
2024-07-03 12:20:00,LFST,5.110000133514404,5.110000133514404,5.114999771118164,5.105000019073486,5.114999771118164,2463.0
2024-07-03 12:20:00,LGVN,1.6299999952316284,1.6299999952316284,1.6299999952316284,1.6294000148773193,1.6294000148773193,814.0
2024-07-03 12:20:00,LIVN,52.6775016784668,52.6775016784668,52.70000076293945,52.650001525878906,52.67499923706055,1486.0
2024-07-03 12:20:00,LNTH,79.45500183105469,79.45500183105469,79.45500183105469,79.45500183105469,79.45500183105469,387.0
2024-07-03 12:20:00,LOGC,5.75,5.75,5.75,5.75,5.75,320.0
2024-07-03 12:20:00,LUCD,0.7620000243186951,0.7620000243186951,0.7620000243186951,0.7620000243186951,0.7620000243186951,110.0
2024-07-03 12:20:00,LXRX,1.6150000095367432,1.6150000095367432,1.6194000244140625,1.6150000095367432,1.6150000095367432,1550.0
2024-07-03 12:20:00,LYEL,1.4950000047683716,1.4950000047683716,1.4950000047683716,1.4950000047683716,1.4950000047683716,713.0
2024-07-03 12:20:00,LYRA,0.2858000099658966,0.2858000099658966,0.2858000099658966,0.2858000099658966,0.2858000099658966,200.0
2024-07-03 12:20:00,MASI,114.54000091552734,114.54000091552734,114.54000091552734,114.54000091552734,114.54000091552734,1407.0
2024-07-03 12:20:00,MBIO,0.4966000020503998,0.4966000020503998,0.4966000020503998,0.4966000020503998,0.4966000020503998,3224.0
2024-07-03 12:20:00,MCRB,0.7329999804496765,0.7329999804496765,0.7329999804496765,0.7329999804496765,0.7329999804496765,1011.0
2024-07-03 12:20:00,ME,0.41179999709129333,0.41179999709129333,0.4124000072479248,0.41179999709129333,0.4124000072479248,4602.0
2024-07-03 12:20:00,MEDS,17.644899368286133,17.644899368286133,17.644899368286133,17.644899368286133,17.644899368286133,373.0
2024-07-03 12:20:00,MGNX,4.184999942779541,4.184999942779541,4.190000057220459,4.184999942779541,4.190000057220459,1140.0
2024-07-03 12:20:00,MIST,1.320099949836731,1.320099949836731,1.320099949836731,1.320099949836731,1.320099949836731,1261.0
2024-07-03 12:20:00,MMSI,85.77999877929688,85.77999877929688,85.80000305175781,85.77999877929688,85.80000305175781,1162.0
2024-07-03 12:20:00,MNKD,5.0,5.0,5.005000114440918,5.0,5.0,1361.0
2024-07-03 12:20:00,MORF,31.8700008392334,31.8700008392334,31.8700008392334,31.8700008392334,31.8700008392334,473.0
2024-07-03 12:20:00,MOVE,0.3188999891281128,0.3188999891281128,0.3188999891281128,0.3188999891281128,0.3188999891281128,248.0
2024-07-03 12:20:00,MREO,3.5299999713897705,3.5299999713897705,3.5299999713897705,3.5299999713897705,3.5299999713897705,1504.0
2024-07-03 12:20:00,MRNA,115.91000366210938,115.91000366210938,116.0199966430664,115.86000061035156,115.87000274658203,8460.0
2024-07-03 12:20:00,MRNS,1.2050000429153442,1.2050000429153442,1.2050000429153442,1.2050000429153442,1.2050000429153442,890.0
2024-07-03 12:20:00,MRSN,1.840000033378601,1.840000033378601,1.840000033378601,1.840000033378601,1.840000033378601,230.0
2024-07-03 12:20:00,MRUS,52.474998474121094,52.474998474121094,52.474998474121094,52.474998474121094,52.474998474121094,193.0
2024-07-03 12:20:00,MRVI,6.980000019073486,6.980000019073486,6.989999771118164,6.980000019073486,6.989999771118164,5830.0
2024-07-03 12:20:00,MXCT,3.7049999237060547,3.7049999237060547,3.7049999237060547,3.684999942779541,3.684999942779541,14263.0
2024-07-03 12:20:00,MYGN,24.959999084472656,24.959999084472656,24.959999084472656,24.959999084472656,24.959999084472656,406.0
2024-07-03 12:20:00,NARI,49.619998931884766,49.619998931884766,49.619998931884766,49.619998931884766,49.619998931884766,810.0
2024-07-03 12:20:00,NBIX,138.125,138.125,138.125,138.125,138.125,603.0
2024-07-03 12:20:00,NDRA,0.09380000084638596,0.09380000084638596,0.09390000253915787,0.09380000084638596,0.09390000253915787,421.0
2024-07-03 12:20:00,NEOG,15.119999885559082,15.119999885559082,15.130000114440918,15.119999885559082,15.130000114440918,1058.0
2024-07-03 12:20:00,NKTR,1.274999976158142,1.274999976158142,1.2799999713897705,1.274999976158142,1.2799999713897705,2864.0
2024-07-03 12:20:00,NKTX,5.315000057220459,5.315000057220459,5.315000057220459,5.315000057220459,5.315000057220459,268.0
2024-07-03 12:20:00,NNOX,7.065000057220459,7.065000057220459,7.065000057220459,7.065000057220459,7.065000057220459,685.0
2024-07-03 12:20:00,NRBO,4.570000171661377,4.570000171661377,4.570000171661377,4.570000171661377,4.570000171661377,1036.0
2024-07-03 12:20:00,NRC,23.059999465942383,23.059999465942383,23.094999313354492,23.059999465942383,23.06999969482422,2158.0
2024-07-03 12:20:00,NRIX,19.4950008392334,19.4950008392334,19.4950008392334,19.4950008392334,19.4950008392334,234.0
2024-07-03 12:20:00,NRSN,1.2819000482559204,1.2819000482559204,1.2819000482559204,1.2819000482559204,1.2819000482559204,600.0
2024-07-03 12:20:00,NTLA,22.670000076293945,22.670000076293945,22.670000076293945,22.670000076293945,22.670000076293945,559.0
2024-07-03 12:20:00,NVAX,12.545000076293945,12.545000076293945,12.545000076293945,12.510000228881836,12.523099899291992,10320.0
2024-07-03 12:20:00,NVCR,16.64900016784668,16.64900016784668,16.64900016784668,16.639999389648438,16.639999389648438,894.0
2024-07-03 12:20:00,NVCT,6.210000038146973,6.210000038146973,6.21999979019165,6.199999809265137,6.203999996185303,1199.0
2024-07-03 12:20:00,NVOS,0.7605999708175659,0.7605999708175659,0.7605999708175659,0.7605999708175659,0.7605999708175659,200.0
2024-07-03 12:20:00,NXL,1.4049999713897705,1.4049999713897705,1.4049999713897705,1.4049999713897705,1.4049999713897705,0.0
2024-07-03 12:20:00,OCGN,1.6150000095367432,1.6150000095367432,1.6200000047683716,1.6150000095367432,1.6150000095367432,2128.0
2024-07-03 12:20:00,OCUL,6.760000228881836,6.760000228881836,6.760000228881836,6.690000057220459,6.695000171661377,43295.0
2024-07-03 12:20:00,OLK,25.75,25.75,25.75,25.75,25.75,741.0
2024-07-03 12:20:00,OM,3.884999990463257,3.884999990463257,3.884999990463257,3.884999990463257,3.884999990463257,172.0
2024-07-03 12:20:00,OMCL,26.569599151611328,26.569599151611328,26.579999923706055,26.569599151611328,26.579999923706055,1345.0
2024-07-03 12:20:00,OMER,3.890000104904175,3.890000104904175,3.890000104904175,3.890000104904175,3.890000104904175,56.0
2024-07-03 12:20:00,OMGA,1.909999966621399,1.909999966621399,1.909999966621399,1.909999966621399,1.909999966621399,1500.0
2024-07-03 12:20:00,ONCY,1.0049999952316284,1.0049999952316284,1.0049999952316284,1.0049999952316284,1.0049999952316284,200.0
2024-07-03 12:21:00,ABEO,4.289999961853027,4.289999961853027,4.289999961853027,4.289999961853027,4.289999961853027,390.0
2024-07-03 12:21:00,ABSI,3.184999942779541,3.184999942779541,3.190000057220459,3.184999942779541,3.184999942779541,1257.0
2024-07-03 12:21:00,ABUS,3.1500000953674316,3.1500000953674316,3.1500000953674316,3.1449999809265137,3.1449999809265137,724.0
2024-07-03 12:21:00,ACAD,15.539999961853027,15.539999961853027,15.539999961853027,15.539999961853027,15.539999961853027,1073.0
2024-07-03 12:21:00,ACB,4.92110013961792,4.92110013961792,4.92110013961792,4.92110013961792,4.92110013961792,1942.0
2024-07-03 12:21:00,ACCD,3.6050000190734863,3.6050000190734863,3.609999895095825,3.5899999141693115,3.5999999046325684,134295.0
2024-07-03 12:21:00,ACET,1.0850000381469727,1.0850000381469727,1.0850000381469727,1.0850000381469727,1.0850000381469727,280.0
2024-07-03 12:21:00,ACHL,0.8059999942779541,0.8059999942779541,0.8069999814033508,0.8059999942779541,0.8069999814033508,7070.0
2024-07-03 12:21:00,ACRS,1.149999976158142,1.149999976158142,1.149999976158142,1.149999976158142,1.149999976158142,1052.0
2024-07-03 12:21:00,ADAP,1.0049999952316284,1.0049999952316284,1.0099999904632568,1.0049999952316284,1.0099999904632568,300.0
2024-07-03 12:21:00,ADMA,11.187000274658203,11.187000274658203,11.189200401306152,11.1850004196167,11.1850004196167,4491.0
2024-07-03 12:21:00,ADPT,3.4049999713897705,3.4049999713897705,3.4049999713897705,3.390000104904175,3.390000104904175,5725.0
2024-07-03 12:21:00,AEMD,0.40299999713897705,0.40299999713897705,0.4032999873161316,0.40299999713897705,0.4032000005245209,1470.0
2024-07-03 12:21:00,AGEN,14.214300155639648,14.214300155639648,14.214300155639648,14.214300155639648,14.214300155639648,331.0
2024-07-03 12:21:00,AHCO,9.78499984741211,9.78499984741211,9.78499984741211,9.779999732971191,9.779999732971191,513.0
2024-07-03 12:21:00,AIMD,0.9010999798774719,0.9010999798774719,0.9232000112533569,0.9010999798774719,0.9232000112533569,12538.0
2024-07-03 12:21:00,AIRS,4.059999942779541,4.059999942779541,4.059999942779541,4.059999942779541,4.059999942779541,722.0
2024-07-03 12:21:00,AKRO,21.850000381469727,21.850000381469727,21.850000381469727,21.850000381469727,21.850000381469727,2451.0
2024-07-03 12:21:00,ALGN,242.74000549316406,242.74000549316406,242.76499938964844,242.74000549316406,242.75,1091.0
2024-07-03 12:21:00,ALHC,8.029999732971191,8.029999732971191,8.029999732971191,7.989999771118164,8.0,5015.0
2024-07-03 12:21:00,ALKS,24.184999465942383,24.184999465942383,24.184999465942383,24.18000030517578,24.184999465942383,1952.0
2024-07-03 12:21:00,ALLK,0.8276000022888184,0.8276000022888184,0.8276000022888184,0.8274999856948853,0.8274999856948853,569.0
2024-07-03 12:21:00,ALLO,2.0950000286102295,2.0950000286102295,2.0950000286102295,2.09089994430542,2.0950000286102295,4612.0
2024-07-03 12:21:00,ALNY,246.38499450683594,246.38499450683594,246.55499267578125,246.38499450683594,246.55499267578125,737.0
2024-07-03 12:21:00,ALT,6.6508002281188965,6.6508002281188965,6.65500020980835,6.639999866485596,6.639999866485596,2058.0
2024-07-03 12:21:00,ALVO,12.239999771118164,12.239999771118164,12.239999771118164,12.239999771118164,12.239999771118164,443.0
2024-07-03 12:21:00,ALVR,0.7317000031471252,0.7317000031471252,0.7317000031471252,0.7311999797821045,0.7311999797821045,4274.0
2024-07-03 12:21:00,ALXO,5.679900169372559,5.679900169372559,5.679900169372559,5.679900169372559,5.679900169372559,411.0
2024-07-03 12:21:00,AMED,97.23999786376953,97.23999786376953,97.27010345458984,97.23999786376953,97.2571029663086,12601.0
2024-07-03 12:21:00,AMGN,307.010009765625,307.010009765625,307.2200012207031,307.010009765625,307.2200012207031,1851.0
2024-07-03 12:21:00,AMLX,1.7599999904632568,1.7599999904632568,1.7599999904632568,1.7549999952316284,1.7549999952316284,423.0
2024-07-03 12:21:00,AMPH,38.189998626708984,38.189998626708984,38.22999954223633,38.189998626708984,38.20000076293945,2769.0
2024-07-03 12:21:00,ANGO,5.670000076293945,5.670000076293945,5.670000076293945,5.670000076293945,5.670000076293945,200.0
2024-07-03 12:21:00,ANIK,25.485000610351562,25.485000610351562,25.485000610351562,25.485000610351562,25.485000610351562,255.0
2024-07-03 12:21:00,ANNX,4.764999866485596,4.764999866485596,4.769999980926514,4.764999866485596,4.764999866485596,2423.0
2024-07-03 12:21:00,APLS,35.18000030517578,35.18000030517578,35.18000030517578,35.18000030517578,35.18000030517578,247.0
2024-07-03 12:21:00,APLT,4.349999904632568,4.349999904632568,4.360000133514404,4.349999904632568,4.360000133514404,949.0
2024-07-03 12:21:00,ARDX,5.255000114440918,5.255000114440918,5.260000228881836,5.25,5.255000114440918,10946.0
2024-07-03 12:21:00,ARGX,436.1499938964844,436.1499938964844,436.1499938964844,435.3800048828125,435.3800048828125,2909.0
2024-07-03 12:21:00,ARQT,9.574999809265137,9.574999809265137,9.574999809265137,9.569999694824219,9.574999809265137,909.0
2024-07-03 12:21:00,ARVN,24.0049991607666,24.0049991607666,24.030000686645508,23.96500015258789,23.96500015258789,2726.0
2024-07-03 12:21:00,ARWR,25.139999389648438,25.139999389648438,25.139999389648438,25.139999389648438,25.139999389648438,700.0
2024-07-03 12:21:00,ATAI,1.2799999713897705,1.2799999713897705,1.2799999713897705,1.2799999713897705,1.2799999713897705,1519.0
2024-07-03 12:21:00,ATOS,1.1649999618530273,1.1649999618530273,1.1649999618530273,1.1649999618530273,1.1649999618530273,587.0
2024-07-03 12:21:00,ATRA,7.809999942779541,7.809999942779541,7.809999942779541,7.809999942779541,7.809999942779541,682.0
2024-07-03 12:21:00,ATRC,22.344999313354492,22.344999313354492,22.344999313354492,22.274999618530273,22.274999618530273,3722.0
2024-07-03 12:21:00,AUGX,1.0,1.0,1.0,1.0,1.0,1988.0
2024-07-03 12:21:00,AUPH,5.465000152587891,5.465000152587891,5.468999862670898,5.465000152587891,5.468999862670898,1095.0
2024-07-03 12:21:00,AUTL,3.4649999141693115,3.4649999141693115,3.4649999141693115,3.4649999141693115,3.4649999141693115,2066.0
2024-07-03 12:21:00,AVDL,14.425000190734863,14.425000190734863,14.425000190734863,14.425000190734863,14.425000190734863,220.0
2024-07-03 12:21:00,AVIR,3.2950000762939453,3.2950000762939453,3.2950000762939453,3.2950000762939453,3.2950000762939453,642.0
2024-07-03 12:21:00,AVTE,1.679900050163269,1.679900050163269,1.679900050163269,1.679900050163269,1.679900050163269,590.0
2024-07-03 12:21:00,AVXL,4.130000114440918,4.130000114440918,4.130000114440918,4.130000114440918,4.130000114440918,192.0
2024-07-03 12:21:00,AWH,0.9955000281333923,0.9955000281333923,0.9955000281333923,0.9955000281333923,0.9955000281333923,18.0
2024-07-03 12:21:00,AXSM,79.5999984741211,79.5999984741211,79.69000244140625,79.5999984741211,79.69000244140625,619.0
2024-07-03 12:21:00,AZN,76.7750015258789,76.7750015258789,76.79000091552734,76.7699966430664,76.77999877929688,10363.0
2024-07-03 12:21:00,AZTA,52.459999084472656,52.459999084472656,52.459999084472656,52.439998626708984,52.439998626708984,1199.0
2024-07-03 12:21:00,BBIO,25.399999618530273,25.399999618530273,25.399999618530273,25.399999618530273,25.399999618530273,772.0
2024-07-03 12:21:00,BCAB,1.4149999618530273,1.4149999618530273,1.4199999570846558,1.4049999713897705,1.409999966621399,9507.0
2024-07-03 12:21:00,BCLI,0.34459999203681946,0.34459999203681946,0.3508000075817108,0.34459999203681946,0.34459999203681946,7610.0
2024-07-03 12:21:00,BCRX,6.454999923706055,6.454999923706055,6.454999923706055,6.445000171661377,6.445000171661377,1995.0
2024-07-03 12:21:00,BEAM,23.549999237060547,23.549999237060547,23.549999237060547,23.530000686645508,23.530000686645508,1871.0
2024-07-03 12:21:00,BEAT,2.7950000762939453,2.7950000762939453,2.7950000762939453,2.7950000762939453,2.7950000762939453,152.0
2024-07-03 12:21:00,BGXX,0.26350000500679016,0.26350000500679016,0.26649999618530273,0.26350000500679016,0.266400009393692,1454.0
2024-07-03 12:21:00,BIIB,223.22000122070312,223.22000122070312,223.24000549316406,223.05999755859375,223.05999755859375,3965.0
2024-07-03 12:21:00,BJDX,0.6309999823570251,0.6309999823570251,0.6309999823570251,0.6301000118255615,0.6301000118255615,0.0
2024-07-03 12:21:00,BLUE,0.9200999736785889,0.9200999736785889,0.9200999736785889,0.9200999736785889,0.9200999736785889,2500.0
2024-07-03 12:21:00,BMEA,4.309999942779541,4.309999942779541,4.315000057220459,4.309999942779541,4.315000057220459,7246.0
2024-07-03 12:21:00,BMRN,80.82499694824219,80.82499694824219,80.83000183105469,80.80500030517578,80.80500030517578,1312.0
2024-07-03 12:21:00,BNGO,0.5759999752044678,0.5759999752044678,0.5759999752044678,0.5759999752044678,0.5759999752044678,305.0
2024-07-03 12:21:00,BNTX,80.25499725341797,80.25499725341797,80.30000305175781,80.25499725341797,80.30000305175781,1584.0
2024-07-03 12:21:00,BPMC,110.75,110.75,110.76000213623047,110.75,110.76000213623047,1135.0
2024-07-03 12:21:00,BRKR,61.5099983215332,61.5099983215332,61.5099983215332,61.404998779296875,61.404998779296875,1768.0
2024-07-03 12:21:00,BTAI,1.0800000429153442,1.0800000429153442,1.0800000429153442,1.0800000429153442,1.0800000429153442,533.0
2024-07-03 12:21:00,BVS,6.0,6.0,6.0,5.994999885559082,5.994999885559082,377.0
2024-07-03 12:21:00,CABA,7.519999980926514,7.519999980926514,7.525000095367432,7.510000228881836,7.510000228881836,1934.0
2024-07-03 12:21:00,CADL,6.28000020980835,6.28000020980835,6.289999961853027,6.28000020980835,6.28000020980835,1473.0
2024-07-03 12:21:00,CAPR,4.800000190734863,4.800000190734863,4.800000190734863,4.789999961853027,4.789999961853027,653.0
2024-07-03 12:21:00,CASI,5.081099987030029,5.081099987030029,5.081099987030029,5.081099987030029,5.081099987030029,206.0
2024-07-03 12:21:00,CCCC,4.541999816894531,4.541999816894531,4.559999942779541,4.539999961853027,4.559999942779541,6423.0
2024-07-03 12:21:00,CDMO,7.809999942779541,7.809999942779541,7.820000171661377,7.809999942779541,7.815000057220459,2973.0
2024-07-03 12:21:00,CDXC,2.515000104904175,2.515000104904175,2.515000104904175,2.515000104904175,2.515000104904175,7.0
2024-07-03 12:21:00,CDXS,2.865000009536743,2.865000009536743,2.865000009536743,2.865000009536743,2.865000009536743,100.0
2024-07-03 12:21:00,CELC,16.25,16.25,16.25,16.25,16.25,547.0
2024-07-03 12:21:00,CERE,40.16999816894531,40.16999816894531,40.18000030517578,40.099998474121094,40.099998474121094,26310.0
2024-07-03 12:21:00,CGC,6.570000171661377,6.570000171661377,6.574999809265137,6.570000171661377,6.570000171661377,864.0
2024-07-03 12:21:00,CGEM,16.56999969482422,16.56999969482422,16.600000381469727,16.56999969482422,16.600000381469727,1423.0
2024-07-03 12:21:00,CKPT,2.1649999618530273,2.1649999618530273,2.1649999618530273,2.1649999618530273,2.1649999618530273,599.0
2024-07-03 12:21:00,CLDX,36.1150016784668,36.1150016784668,36.13999938964844,36.1150016784668,36.13999938964844,329.0
2024-07-03 12:21:00,CMAX,2.2899999618530273,2.2899999618530273,2.2899999618530273,2.2899999618530273,2.2899999618530273,151.0
2024-07-03 12:21:00,CMPS,6.224999904632568,6.224999904632568,6.230000019073486,6.210000038146973,6.210000038146973,2016.0
2024-07-03 12:21:00,CMPX,0.8465999960899353,0.8465999960899353,0.8465999960899353,0.8465999960899353,0.8465999960899353,200.0
2024-07-03 12:21:00,CMRX,0.8629999756813049,0.8629999756813049,0.8629999756813049,0.8629999756813049,0.8629999756813049,199.0
2024-07-03 12:21:00,CNSP,1.4600000381469727,1.4600000381469727,1.4797999858856201,1.4500000476837158,1.4731999635696411,16175.0
2024-07-03 12:21:00,CORT,30.399999618530273,30.399999618530273,30.399999618530273,30.399999618530273,30.399999618530273,1532.0
2024-07-03 12:21:00,COSM,0.9150000214576721,0.9150000214576721,0.9200000166893005,0.9110000133514404,0.9200000166893005,6966.0
2024-07-03 12:21:00,CPRX,15.420000076293945,15.420000076293945,15.420000076293945,15.420000076293945,15.420000076293945,1007.0
2024-07-03 12:21:00,CRBP,49.97999954223633,49.97999954223633,49.97999954223633,49.97999954223633,49.97999954223633,295.0
2024-07-03 12:21:00,CRBU,1.5549999475479126,1.5549999475479126,1.559999942779541,1.5549999475479126,1.559999942779541,19229.0
2024-07-03 12:21:00,CRDF,2.255000114440918,2.255000114440918,2.259999990463257,2.255000114440918,2.259999990463257,1425.0
2024-07-03 12:21:00,CRMD,4.144999980926514,4.144999980926514,4.150000095367432,4.135000228881836,4.135000228881836,5762.0
2024-07-03 12:21:00,CRON,2.305500030517578,2.305500030517578,2.305500030517578,2.305000066757202,2.305000066757202,1502.0
2024-07-03 12:21:00,CRSP,53.869998931884766,53.869998931884766,53.93000030517578,53.869998931884766,53.915000915527344,1195.0
2024-07-03 12:21:00,CSTL,21.040000915527344,21.040000915527344,21.040000915527344,21.030000686645508,21.030000686645508,2059.0
2024-07-03 12:21:00,CTXR,0.5012000203132629,0.5012000203132629,0.5012000203132629,0.5012000203132629,0.5012000203132629,210.0
2024-07-03 12:21:00,CUTR,1.2975000143051147,1.2975000143051147,1.2975000143051147,1.2975000143051147,1.2975000143051147,299.0
2024-07-03 12:21:00,CVAC,3.2244999408721924,3.2244999408721924,3.2300000190734863,3.2200000286102295,3.220099925994873,14538.0
2024-07-03 12:21:00,CVRX,11.770000457763672,11.770000457763672,11.770000457763672,11.770000457763672,11.770000457763672,1519.0
2024-07-03 12:21:00,CYTK,54.63999938964844,54.63999938964844,54.66999816894531,54.63999938964844,54.63999938964844,1653.0
2024-07-03 12:21:00,CYTO,1.159999966621399,1.159999966621399,1.159999966621399,1.149999976158142,1.149999976158142,4861.0
2024-07-03 12:21:00,DAWN,13.319999694824219,13.319999694824219,13.319999694824219,13.3100004196167,13.3100004196167,757.0
2024-07-03 12:21:00,DNLI,21.399999618530273,21.399999618530273,21.40999984741211,21.399999618530273,21.40999984741211,426.0
2024-07-03 12:21:00,DSGN,3.299999952316284,3.299999952316284,3.299999952316284,3.299999952316284,3.299999952316284,132.0
2024-07-03 12:21:00,DYN,34.040000915527344,34.040000915527344,34.04999923706055,34.040000915527344,34.04999923706055,1785.0
2024-07-03 12:21:00,EDIT,4.619999885559082,4.619999885559082,4.625,4.619999885559082,4.625,1661.0
2024-07-03 12:21:00,EMBC,11.970000267028809,11.970000267028809,11.970000267028809,11.970000267028809,11.970000267028809,2176.0
2024-07-03 12:21:00,ENSC,0.4729999899864197,0.4729999899864197,0.4729999899864197,0.4729999899864197,0.4729999899864197,0.0
2024-07-03 12:21:00,ENSG,126.61000061035156,126.61000061035156,126.61000061035156,126.61000061035156,126.61000061035156,932.0
2024-07-03 12:21:00,EOLS,10.920000076293945,10.920000076293945,10.920000076293945,10.920000076293945,10.920000076293945,318.0
2024-07-03 12:21:00,ESPR,2.359999895095825,2.359999895095825,2.359999895095825,2.3550000190734863,2.359999895095825,6400.0
2024-07-03 12:21:00,ETNB,7.5,7.5,7.5,7.5,7.5,1133.0
2024-07-03 12:21:00,EWTX,18.049999237060547,18.049999237060547,18.059999465942383,18.040000915527344,18.040000915527344,1107.0
2024-07-03 12:21:00,EXAI,5.440000057220459,5.440000057220459,5.440000057220459,5.440000057220459,5.440000057220459,700.0
2024-07-03 12:21:00,EXAS,43.16999816894531,43.16999816894531,43.16999816894531,43.13999938964844,43.154998779296875,1517.0
2024-07-03 12:21:00,EXEL,21.844999313354492,21.844999313354492,21.844999313354492,21.84000015258789,21.84000015258789,2695.0
2024-07-03 12:21:00,EYPT,8.640000343322754,8.640000343322754,8.649999618530273,8.600000381469727,8.609999656677246,5237.0
2024-07-03 12:21:00,FATE,3.1600000858306885,3.1600000858306885,3.1649999618530273,3.1500000953674316,3.1500000953674316,4286.0
2024-07-03 12:21:00,FDMT,20.920000076293945,20.920000076293945,20.920000076293945,20.875,20.875,1538.0
2024-07-03 12:21:00,FENC,6.010000228881836,6.010000228881836,6.010000228881836,6.010000228881836,6.010000228881836,1796.0
2024-07-03 12:21:00,FGEN,0.7167999744415283,0.7167999744415283,0.7167999744415283,0.7167999744415283,0.7167999744415283,800.0
2024-07-03 12:21:00,FHTX,5.590000152587891,5.590000152587891,5.590000152587891,5.46999979019165,5.46999979019165,1630.0
2024-07-03 12:21:00,FLGC,0.9797000288963318,0.9797000288963318,0.9797000288963318,0.9797000288963318,0.9797000288963318,2552.0
2024-07-03 12:21:00,FOLD,9.859999656677246,9.859999656677246,9.859999656677246,9.84000015258789,9.84000015258789,5067.0
2024-07-03 12:21:00,FULC,6.125,6.125,6.125,6.125,6.125,167.0
2024-07-03 12:21:00,GDRX,7.769999980926514,7.769999980926514,7.769999980926514,7.760000228881836,7.760000228881836,1909.0
2024-07-03 12:21:00,GERN,4.320000171661377,4.320000171661377,4.324999809265137,4.320000171661377,4.3206000328063965,5803.0
2024-07-03 12:21:00,GH,28.149999618530273,28.149999618530273,28.170000076293945,28.149999618530273,28.170000076293945,1265.0
2024-07-03 12:21:00,GILD,66.94000244140625,66.94000244140625,66.94999694824219,66.94000244140625,66.94999694824219,5177.0
2024-07-03 12:21:00,GLPG,25.030000686645508,25.030000686645508,25.030000686645508,25.030000686645508,25.030000686645508,474.0
2024-07-03 12:21:00,GLUE,3.869999885559082,3.869999885559082,3.869999885559082,3.869999885559082,3.869999885559082,438.0
2024-07-03 12:21:00,GLYC,0.2786000072956085,0.2786000072956085,0.2786000072956085,0.274399995803833,0.2745000123977661,13300.0
2024-07-03 12:21:00,GMAB,25.170000076293945,25.170000076293945,25.170000076293945,25.170000076293945,25.170000076293945,907.0
2024-07-03 12:21:00,GOSS,0.9692000150680542,0.9692000150680542,0.9693999886512756,0.9679999947547913,0.9679999947547913,4589.0
2024-07-03 12:21:00,GOVX,2.890000104904175,2.890000104904175,2.9100000858306885,2.880000114440918,2.9100000858306885,16167.0
2024-07-03 12:21:00,GRFS,6.664999961853027,6.664999961853027,6.664999961853027,6.664999961853027,6.664999961853027,809.0
2024-07-03 12:21:00,GRTS,0.5800999999046326,0.5800999999046326,0.5800999999046326,0.5800999999046326,0.5800999999046326,1148.0
2024-07-03 12:21:00,GTHX,2.565000057220459,2.565000057220459,2.565000057220459,2.559999942779541,2.559999942779541,2195.0
2024-07-03 12:21:00,HALO,52.2400016784668,52.2400016784668,52.2599983215332,52.09000015258789,52.09000015258789,3805.0
2024-07-03 12:21:00,HCSG,10.720000267028809,10.720000267028809,10.720000267028809,10.720000267028809,10.720000267028809,1374.0
2024-07-03 12:21:00,HEPA,1.024999976158142,1.024999976158142,1.024999976158142,1.0199999809265137,1.0199999809265137,501.0
2024-07-03 12:21:00,HOLX,73.16000366210938,73.16000366210938,73.16000366210938,73.1449966430664,73.1449966430664,4116.0
2024-07-03 12:21:00,HOOK,0.5860000252723694,0.5860000252723694,0.5863999724388123,0.5860000252723694,0.5863999724388123,625.0
2024-07-03 12:21:00,HRMY,30.549999237060547,30.549999237060547,30.55500030517578,30.549999237060547,30.55500030517578,1179.0
2024-07-03 12:21:00,HROW,21.405000686645508,21.405000686645508,21.405000686645508,21.405000686645508,21.405000686645508,367.0
2024-07-03 12:21:00,HRTX,2.744999885559082,2.744999885559082,2.744999885559082,2.744999885559082,2.744999885559082,904.0
2024-07-03 12:21:00,HSIC,65.0199966430664,65.0199966430664,65.0199966430664,65.0199966430664,65.0199966430664,1226.0
2024-07-03 12:21:00,HUMA,5.768799781799316,5.768799781799316,5.769999980926514,5.764999866485596,5.764999866485596,3367.0
2024-07-03 12:21:00,IART,28.540000915527344,28.540000915527344,28.559999465942383,28.540000915527344,28.559999465942383,4040.0
2024-07-03 12:21:00,IBRX,6.275000095367432,6.275000095367432,6.275000095367432,6.275000095367432,6.275000095367432,444.0
2024-07-03 12:21:00,ICAD,1.2350000143051147,1.2350000143051147,1.2350000143051147,1.2350000143051147,1.2350000143051147,1266.0
2024-07-03 12:21:00,ICLR,317.9200134277344,317.9200134277344,317.9200134277344,317.8800048828125,317.8800048828125,2368.0
2024-07-03 12:21:00,IINN,1.3300000429153442,1.3300000429153442,1.3485000133514404,1.3300000429153442,1.340000033378601,2000.0
2024-07-03 12:21:00,ILMN,105.76000213623047,105.76000213623047,105.80000305175781,105.68499755859375,105.68499755859375,5184.0
2024-07-03 12:21:00,IMAB,1.534999966621399,1.534999966621399,1.534999966621399,1.534999966621399,1.534999966621399,239.0
2024-07-03 12:21:00,IMCR,35.98500061035156,35.98500061035156,35.98500061035156,35.98500061035156,35.98500061035156,300.0
2024-07-03 12:21:00,IMMP,2.0,2.0,2.009999990463257,2.0,2.003999948501587,320.0
2024-07-03 12:21:00,IMMX,2.3499999046325684,2.3499999046325684,2.3499999046325684,2.309999942779541,2.3450000286102295,1961.0
2024-07-03 12:21:00,IMNM,12.039999961853027,12.039999961853027,12.039999961853027,12.039999961853027,12.039999961853027,2029.0
2024-07-03 12:21:00,IMVT,26.03499984741211,26.03499984741211,26.040000915527344,26.017499923706055,26.030000686645508,2283.0
2024-07-03 12:21:00,INCY,57.650001525878906,57.650001525878906,57.67499923706055,57.650001525878906,57.67499923706055,2482.0
2024-07-03 12:21:00,INDP,2.0899999141693115,2.0899999141693115,2.0899999141693115,2.0899999141693115,2.0899999141693115,479.0
2024-07-03 12:21:00,INMB,7.857900142669678,7.857900142669678,7.857900142669678,7.857900142669678,7.857900142669678,258.0
2024-07-03 12:21:00,INMD,17.565200805664062,17.565200805664062,17.565200805664062,17.559999465942383,17.559999465942383,832.0
2024-07-03 12:21:00,INO,8.414999961853027,8.414999961853027,8.414999961853027,8.414999961853027,8.414999961853027,533.0
2024-07-03 12:21:00,INSM,61.7599983215332,61.7599983215332,61.7599983215332,61.665000915527344,61.66999816894531,8639.0
2024-07-03 12:21:00,IONM,0.31290000677108765,0.31290000677108765,0.31290000677108765,0.31279999017715454,0.31279999017715454,2323.0
2024-07-03 12:21:00,IONS,44.88999938964844,44.88999938964844,44.915000915527344,44.88999938964844,44.900001525878906,4426.0
2024-07-03 12:21:00,IOVA,7.429999828338623,7.429999828338623,7.449999809265137,7.429999828338623,7.429999828338623,26007.0
2024-07-03 12:21:00,ISRG,434.4100036621094,434.4100036621094,434.4100036621094,434.32501220703125,434.32501220703125,3164.0
2024-07-03 12:21:00,ITCI,68.70999908447266,68.70999908447266,68.79000091552734,68.66999816894531,68.69999694824219,2110.0
2024-07-03 12:21:00,IVVD,1.100000023841858,1.100000023841858,1.100000023841858,1.0950000286102295,1.100000023841858,422.0
2024-07-03 12:21:00,JANX,37.97140121459961,37.97140121459961,38.05500030517578,37.970001220703125,38.05500030517578,1265.0
2024-07-03 12:21:00,KMDA,5.125,5.125,5.149899959564209,5.119999885559082,5.149899959564209,3944.0
2024-07-03 12:21:00,KPTI,0.8306999802589417,0.8306999802589417,0.8312000036239624,0.8305000066757202,0.8312000036239624,11603.0
2024-07-03 12:21:00,KRMD,2.5,2.5,2.5,2.5,2.5,480.0
2024-07-03 12:21:00,KROS,42.31999969482422,42.31999969482422,42.31999969482422,42.31999969482422,42.31999969482422,447.0
2024-07-03 12:21:00,KTRA,0.2768999934196472,0.2768999934196472,0.2768999934196472,0.2768999934196472,0.2768999934196472,602.0
2024-07-03 12:21:00,KYMR,30.049999237060547,30.049999237060547,30.049999237060547,30.049999237060547,30.049999237060547,592.0
2024-07-03 12:21:00,LAB,1.8300000429153442,1.8300000429153442,1.8300000429153442,1.8250000476837158,1.8300000429153442,1661.0
2024-07-03 12:21:00,LBPH,31.729999542236328,31.729999542236328,31.729999542236328,31.729999542236328,31.729999542236328,186.0
2024-07-03 12:21:00,LEGN,46.15999984741211,46.15999984741211,46.15999984741211,46.15999984741211,46.15999984741211,231.0
2024-07-03 12:21:00,LFMD,6.809999942779541,6.809999942779541,6.809999942779541,6.802499771118164,6.804999828338623,343.0
2024-07-03 12:21:00,LFST,5.114999771118164,5.114999771118164,5.114999771118164,5.114999771118164,5.114999771118164,354.0
2024-07-03 12:21:00,LIVN,52.7599983215332,52.7599983215332,52.790000915527344,52.67499923706055,52.70000076293945,4513.0
2024-07-03 12:21:00,LNTH,79.58999633789062,79.58999633789062,79.58999633789062,79.51000213623047,79.51000213623047,1682.0
2024-07-03 12:21:00,LQDA,11.9399995803833,11.9399995803833,11.949999809265137,11.939900398254395,11.939900398254395,2780.0
2024-07-03 12:21:00,LUNG,6.269999980926514,6.269999980926514,6.269999980926514,6.269999980926514,6.269999980926514,333.0
2024-07-03 12:21:00,LVTX,1.8215999603271484,1.8215999603271484,1.8215999603271484,1.8215999603271484,1.8215999603271484,434.0
2024-07-03 12:21:00,LXRX,1.6150000095367432,1.6150000095367432,1.6150000095367432,1.6100000143051147,1.6150000095367432,1093.0
2024-07-03 12:21:00,LYEL,1.4950000047683716,1.4950000047683716,1.4950000047683716,1.4950000047683716,1.4950000047683716,1916.0
2024-07-03 12:21:00,LYRA,0.2858000099658966,0.2858000099658966,0.2858000099658966,0.2858000099658966,0.2858000099658966,200.0
2024-07-03 12:21:00,MBIO,0.4986000061035156,0.4986000061035156,0.4986000061035156,0.4986000061035156,0.4986000061035156,6155.0
2024-07-03 12:21:00,MDXG,6.755000114440918,6.755000114440918,6.755000114440918,6.755000114440918,6.755000114440918,300.0
2024-07-03 12:21:00,ME,0.4108999967575073,0.4108999967575073,0.41100001335144043,0.4108999967575073,0.41100001335144043,4944.0
2024-07-03 12:21:00,MGNX,4.184999942779541,4.184999942779541,4.190000057220459,4.184999942779541,4.190000057220459,749.0
2024-07-03 12:21:00,MGTX,3.9600000381469727,3.9600000381469727,3.9600000381469727,3.9600000381469727,3.9600000381469727,1103.0
2024-07-03 12:21:00,MIRM,33.900001525878906,33.900001525878906,33.900001525878906,33.900001525878906,33.900001525878906,357.0
2024-07-03 12:21:00,MMSI,85.80999755859375,85.80999755859375,85.80999755859375,85.80999755859375,85.80999755859375,270.0
2024-07-03 12:21:00,MNKD,5.010000228881836,5.010000228881836,5.010000228881836,5.0,5.0,1136.0
2024-07-03 12:21:00,MNPR,0.7045000195503235,0.7045000195503235,0.7070000171661377,0.7045000195503235,0.7070000171661377,28885.0
2024-07-03 12:21:00,MODD,1.399999976158142,1.399999976158142,1.4299999475479126,1.399999976158142,1.4299999475479126,17516.0
2024-07-03 12:21:00,MORF,31.854999542236328,31.854999542236328,31.854999542236328,31.854999542236328,31.854999542236328,543.0
2024-07-03 12:21:00,MRNA,115.99500274658203,115.99500274658203,115.99500274658203,115.96499633789062,115.9749984741211,1825.0
2024-07-03 12:21:00,MRNS,1.2050000429153442,1.2050000429153442,1.2050000429153442,1.2050000429153442,1.2050000429153442,438.0
2024-07-03 12:21:00,MRSN,1.8450000286102295,1.8450000286102295,1.8450000286102295,1.8450000286102295,1.8450000286102295,458.0
2024-07-03 12:21:00,MRUS,52.47999954223633,52.47999954223633,52.47999954223633,52.47999954223633,52.47999954223633,327.0
2024-07-03 12:21:00,MRVI,6.980000019073486,6.980000019073486,6.980000019073486,6.980000019073486,6.980000019073486,888.0
2024-07-03 12:21:00,MYGN,24.959999084472656,24.959999084472656,24.959999084472656,24.959999084472656,24.959999084472656,1266.0
2024-07-03 12:21:00,MYNZ,0.34689998626708984,0.34689998626708984,0.34689998626708984,0.34689998626708984,0.34689998626708984,2700.0
2024-07-03 12:21:00,NARI,49.720001220703125,49.720001220703125,49.720001220703125,49.66999816894531,49.66999816894531,2207.0
2024-07-03 12:21:00,NBIX,138.11000061035156,138.11000061035156,138.1649932861328,138.11000061035156,138.1649932861328,919.0
2024-07-03 12:21:00,NDRA,0.09489999711513519,0.09489999711513519,0.0949999988079071,0.09390000253915787,0.09390000253915787,24564.0
2024-07-03 12:21:00,NEOG,15.130000114440918,15.130000114440918,15.130000114440918,15.125,15.125,1808.0
2024-07-03 12:21:00,NKTR,1.2799999713897705,1.2799999713897705,1.2799999713897705,1.2699999809265137,1.270799994468689,12446.0
2024-07-03 12:21:00,NKTX,5.315000057220459,5.315000057220459,5.315000057220459,5.315000057220459,5.315000057220459,400.0
2024-07-03 12:21:00,NNOX,7.060999870300293,7.060999870300293,7.060999870300293,7.060999870300293,7.060999870300293,325.0
2024-07-03 12:21:00,NOTV,1.6549999713897705,1.6549999713897705,1.6549999713897705,1.6549999713897705,1.6549999713897705,270.0
2024-07-03 12:21:00,NRBO,4.550300121307373,4.550300121307373,4.550300121307373,4.550300121307373,4.550300121307373,1680.0
2024-07-03 12:21:00,NRC,23.059999465942383,23.059999465942383,23.06999969482422,23.059999465942383,23.06999969482422,1244.0
2024-07-03 12:21:00,NRIX,19.520000457763672,19.520000457763672,19.520000457763672,19.475000381469727,19.475000381469727,766.0
2024-07-03 12:21:00,NRSN,1.2899999618530273,1.2899999618530273,1.2899999618530273,1.2899999618530273,1.2899999618530273,229.0
2024-07-03 12:21:00,NTLA,22.704999923706055,22.704999923706055,22.704999923706055,22.65999984741211,22.65999984741211,3464.0
2024-07-03 12:21:00,NTRA,111.44000244140625,111.44000244140625,111.44000244140625,111.375,111.38999938964844,2792.0
2024-07-03 12:21:00,NUVL,72.5,72.5,72.5,72.5,72.5,606.0
2024-07-03 12:21:00,NUWE,3.875,3.875,3.875,3.8519999980926514,3.8519999980926514,1151.0
2024-07-03 12:21:00,NVAX,12.539999961853027,12.539999961853027,12.545000076293945,12.539999961853027,12.54010009765625,6095.0
2024-07-03 12:21:00,NVCR,16.649999618530273,16.649999618530273,16.65999984741211,16.649999618530273,16.649999618530273,12038.0
2024-07-03 12:21:00,NVOS,0.7605999708175659,0.7605999708175659,0.7605999708175659,0.7605999708175659,0.7605999708175659,100.0
2024-07-03 12:21:00,NXL,1.423200011253357,1.423200011253357,1.4299999475479126,1.4005000591278076,1.4098000526428223,23189.0
2024-07-03 12:21:00,OCGN,1.6200000047683716,1.6200000047683716,1.6200000047683716,1.6200000047683716,1.6200000047683716,1918.0
2024-07-03 12:21:00,OCUL,6.699999809265137,6.699999809265137,6.760000228881836,6.699999809265137,6.760000228881836,29918.0
2024-07-03 12:21:00,OCUP,1.5750000476837158,1.5750000476837158,1.5750000476837158,1.5750000476837158,1.5750000476837158,1270.0
2024-07-03 12:21:00,OCX,3.1098999977111816,3.1098999977111816,3.1098999977111816,3.1098999977111816,3.1098999977111816,2500.0
2024-07-03 12:21:00,OFIX,13.476099967956543,13.476099967956543,13.479999542236328,13.476099967956543,13.479999542236328,861.0
2024-07-03 12:21:00,OGI,1.590000033378601,1.590000033378601,1.590000033378601,1.590000033378601,1.590000033378601,722.0
2024-07-03 12:21:00,OLK,25.75,25.75,25.75,25.75,25.75,336.0
2024-07-03 12:21:00,OLMA,10.475000381469727,10.475000381469727,10.475000381469727,10.463899612426758,10.475000381469727,578.0
2024-07-03 12:21:00,OM,3.884999990463257,3.884999990463257,3.884999990463257,3.884999990463257,3.884999990463257,102.0
2024-07-03 12:21:00,ONCY,1.0098999738693237,1.0098999738693237,1.0099999904632568,1.0098999738693237,1.0099999904632568,4196.0
2024-07-03 12:22:00,ABCL,2.7049999237060547,2.7049999237060547,2.7049999237060547,2.7049999237060547,2.7049999237060547,673.0
2024-07-03 12:22:00,ABIO,3.5701000690460205,3.5701000690460205,3.5701000690460205,3.5701000690460205,3.5701000690460205,200.0
2024-07-03 12:22:00,ABSI,3.190000057220459,3.190000057220459,3.190000057220459,3.180000066757202,3.180000066757202,847.0
2024-07-03 12:22:00,ABUS,3.140000104904175,3.140000104904175,3.1500000953674316,3.140000104904175,3.1500000953674316,457.0
2024-07-03 12:22:00,ACAD,15.53499984741211,15.53499984741211,15.539999961853027,15.53499984741211,15.539999961853027,1511.0
2024-07-03 12:22:00,ACCD,3.5950000286102295,3.5950000286102295,3.6050000190734863,3.5950000286102295,3.6050000190734863,12728.0
2024-07-03 12:22:00,ACET,1.0800000429153442,1.0800000429153442,1.0850000381469727,1.0800000429153442,1.0850000381469727,762.0
2024-07-03 12:22:00,ACHC,66.76000213623047,66.76000213623047,66.76000213623047,66.76000213623047,66.76000213623047,329.0
2024-07-03 12:22:00,ACRS,1.149999976158142,1.149999976158142,1.149999976158142,1.149999976158142,1.149999976158142,1307.0
2024-07-03 12:22:00,ADAP,1.0098999738693237,1.0098999738693237,1.0098999738693237,1.0049999952316284,1.0049999952316284,500.0
2024-07-03 12:22:00,ADMA,11.180000305175781,11.180000305175781,11.1850004196167,11.180000305175781,11.1850004196167,7069.0
2024-07-03 12:22:00,ADPT,3.4149999618530273,3.4149999618530273,3.4149999618530273,3.4100000858306885,3.4100000858306885,1833.0
2024-07-03 12:22:00,AGIO,41.849998474121094,41.849998474121094,41.849998474121094,41.849998474121094,41.849998474121094,929.0
2024-07-03 12:22:00,AHCO,9.789999961853027,9.789999961853027,9.800000190734863,9.78499984741211,9.78499984741211,1479.0
2024-07-03 12:22:00,AKAN,2.2100000381469727,2.2100000381469727,2.2100000381469727,2.20989990234375,2.20989990234375,1092.0
2024-07-03 12:22:00,AKBA,0.9519000053405762,0.9519000053405762,0.9519000053405762,0.9519000053405762,0.9519000053405762,2152.0
2024-07-03 12:22:00,AKYA,2.115000009536743,2.115000009536743,2.115000009536743,2.115000009536743,2.115000009536743,708.0
2024-07-03 12:22:00,ALGN,242.6699981689453,242.6699981689453,242.6699981689453,242.57000732421875,242.60000610351562,686.0
2024-07-03 12:22:00,ALHC,8.029999732971191,8.029999732971191,8.029999732971191,8.029999732971191,8.029999732971191,468.0
2024-07-03 12:22:00,ALKS,24.184999465942383,24.184999465942383,24.184999465942383,24.184999465942383,24.184999465942383,210.0
2024-07-03 12:22:00,ALLO,2.0950000286102295,2.0950000286102295,2.0950000286102295,2.094399929046631,2.0950000286102295,2426.0
2024-07-03 12:22:00,ALNY,246.5399932861328,246.5399932861328,246.5399932861328,246.38499450683594,246.38499450683594,1289.0
2024-07-03 12:22:00,ALT,6.644999980926514,6.644999980926514,6.65500020980835,6.644999980926514,6.65310001373291,3925.0
2024-07-03 12:22:00,ALXO,5.670000076293945,5.670000076293945,5.670000076293945,5.670000076293945,5.670000076293945,1077.0
2024-07-03 12:22:00,AMGN,307.0950012207031,307.0950012207031,307.1099853515625,306.989990234375,307.010009765625,3786.0
2024-07-03 12:22:00,AMLX,1.7549999952316284,1.7549999952316284,1.7599999904632568,1.7549999952316284,1.7599999904632568,1171.0
2024-07-03 12:22:00,AMPH,38.150001525878906,38.150001525878906,38.189998626708984,38.150001525878906,38.189998626708984,424.0
2024-07-03 12:22:00,ANAB,25.020000457763672,25.020000457763672,25.020000457763672,25.020000457763672,25.020000457763672,222.0
2024-07-03 12:22:00,ANGO,5.670000076293945,5.670000076293945,5.670000076293945,5.670000076293945,5.670000076293945,86.0
2024-07-03 12:22:00,ANIK,25.530000686645508,25.530000686645508,25.559999465942383,25.530000686645508,25.559999465942383,447.0
2024-07-03 12:22:00,ANNX,4.769999980926514,4.769999980926514,4.769999980926514,4.764999866485596,4.764999866485596,1260.0
2024-07-03 12:22:00,ANTX,2.5799999237060547,2.5799999237060547,2.5799999237060547,2.5799999237060547,2.5799999237060547,902.0
2024-07-03 12:22:00,APDN,0.3944000005722046,0.3944000005722046,0.39800000190734863,0.3944000005722046,0.39800000190734863,10438.0
2024-07-03 12:22:00,APLS,35.154998779296875,35.154998779296875,35.19499969482422,35.13999938964844,35.189998626708984,2195.0
2024-07-03 12:22:00,APLT,4.360000133514404,4.360000133514404,4.360000133514404,4.349999904632568,4.349999904632568,700.0
2024-07-03 12:22:00,APVO,0.3109999895095825,0.3109999895095825,0.3109999895095825,0.3109999895095825,0.3109999895095825,7878.0
2024-07-03 12:22:00,AQST,2.424999952316284,2.424999952316284,2.440000057220459,2.424999952316284,2.440000057220459,8960.0
2024-07-03 12:22:00,ARCT,21.662700653076172,21.662700653076172,21.790000915527344,21.662700653076172,21.700000762939453,1257.0
2024-07-03 12:22:00,ARDX,5.260000228881836,5.260000228881836,5.269999980926514,5.25,5.25,21392.0
2024-07-03 12:22:00,ARGX,435.8450012207031,435.8450012207031,435.8450012207031,435.05999755859375,435.05999755859375,4910.0
2024-07-03 12:22:00,ARQT,9.595000267028809,9.595000267028809,9.595000267028809,9.574999809265137,9.574999809265137,2696.0
2024-07-03 12:22:00,ATAI,1.284999966621399,1.284999966621399,1.284999966621399,1.284999966621399,1.284999966621399,931.0
2024-07-03 12:22:00,ATEC,10.039999961853027,10.039999961853027,10.039999961853027,10.020000457763672,10.020000457763672,1197.0
2024-07-03 12:22:00,ATHA,2.569999933242798,2.569999933242798,2.569999933242798,2.569999933242798,2.569999933242798,810.0
2024-07-03 12:22:00,ATOS,1.1649999618530273,1.1649999618530273,1.1649999618530273,1.1649999618530273,1.1649999618530273,202.0
2024-07-03 12:22:00,ATRC,22.360000610351562,22.360000610351562,22.360000610351562,22.360000610351562,22.360000610351562,263.0
2024-07-03 12:22:00,AUPH,5.480000019073486,5.480000019073486,5.480000019073486,5.46999979019165,5.46999979019165,4038.0
2024-07-03 12:22:00,AUTL,3.4649999141693115,3.4649999141693115,3.4649999141693115,3.4649999141693115,3.4649999141693115,2227.0
2024-07-03 12:22:00,AVDL,14.40999984741211,14.40999984741211,14.4399995803833,14.40999984741211,14.4399995803833,6176.0
2024-07-03 12:22:00,AVTE,1.690000057220459,1.690000057220459,1.690000057220459,1.6799999475479126,1.6799999475479126,820.0
2024-07-03 12:22:00,AVXL,4.135000228881836,4.135000228881836,4.135000228881836,4.135000228881836,4.135000228881836,1057.0
2024-07-03 12:22:00,AWH,1.0199999809265137,1.0199999809265137,1.0199999809265137,1.0149999856948853,1.0149999856948853,770.0
2024-07-03 12:22:00,AXSM,79.69999694824219,79.69999694824219,79.69999694824219,79.68499755859375,79.68499755859375,333.0
2024-07-03 12:22:00,AZN,76.79499816894531,76.79499816894531,76.79499816894531,76.75499725341797,76.7750015258789,12073.0
2024-07-03 12:22:00,BBIO,25.385000228881836,25.385000228881836,25.399999618530273,25.3799991607666,25.399999618530273,1441.0
2024-07-03 12:22:00,BCAB,1.4199999570846558,1.4199999570846558,1.4199999570846558,1.4149999618530273,1.4149999618530273,928.0
2024-07-03 12:22:00,BCLI,0.34459999203681946,0.34459999203681946,0.34459999203681946,0.34459999203681946,0.34459999203681946,3401.0
2024-07-03 12:22:00,BDSX,1.600000023841858,1.600000023841858,1.600000023841858,1.600000023841858,1.600000023841858,488.0
2024-07-03 12:22:00,BEAM,23.530000686645508,23.530000686645508,23.530000686645508,23.530000686645508,23.530000686645508,1610.0
2024-07-03 12:22:00,BGNE,148.33999633789062,148.33999633789062,148.33999633789062,148.33999633789062,148.33999633789062,702.0
2024-07-03 12:22:00,BIIB,223.33999633789062,223.33999633789062,223.33999633789062,223.33999633789062,223.33999633789062,359.0
2024-07-03 12:22:00,BJDX,0.6301000118255615,0.6301000118255615,0.6301000118255615,0.6301000118255615,0.6301000118255615,20.0
2024-07-03 12:22:00,BLFS,20.040000915527344,20.040000915527344,20.040000915527344,19.975000381469727,19.975000381469727,2119.0
2024-07-03 12:22:00,BLUE,0.9200999736785889,0.9200999736785889,0.9211000204086304,0.9200999736785889,0.9200999736785889,1530.0
2024-07-03 12:22:00,BMEA,4.300000190734863,4.300000190734863,4.300099849700928,4.300000190734863,4.300099849700928,1587.0
2024-07-03 12:22:00,BMRN,80.83499908447266,80.83499908447266,80.83499908447266,80.81500244140625,80.81500244140625,1041.0
2024-07-03 12:22:00,BNGO,0.5759000182151794,0.5759000182151794,0.5759000182151794,0.5759000182151794,0.5759000182151794,2017.0
2024-07-03 12:22:00,BNTX,80.33000183105469,80.33000183105469,80.33000183105469,80.25,80.25,919.0
2024-07-03 12:22:00,BPMC,110.79000091552734,110.79000091552734,110.79000091552734,110.79000091552734,110.79000091552734,210.0
2024-07-03 12:22:00,BRKR,61.47999954223633,61.47999954223633,61.5099983215332,61.470001220703125,61.470001220703125,1328.0
2024-07-03 12:22:00,BTAI,1.0800000429153442,1.0800000429153442,1.0800000429153442,1.0800000429153442,1.0800000429153442,995.0
2024-07-03 12:22:00,BTCY,0.7799999713897705,0.7799999713897705,0.7799999713897705,0.7799999713897705,0.7799999713897705,1792.0
2024-07-03 12:22:00,CABA,7.519999980926514,7.519999980926514,7.519999980926514,7.519999980926514,7.519999980926514,601.0
2024-07-03 12:22:00,CAPR,4.789999961853027,4.789999961853027,4.789999961853027,4.789999961853027,4.789999961853027,912.0
2024-07-03 12:22:00,CCCC,4.546199798583984,4.546199798583984,4.554999828338623,4.546199798583984,4.550000190734863,1823.0
2024-07-03 12:22:00,CCRN,13.680000305175781,13.680000305175781,13.680000305175781,13.680000305175781,13.680000305175781,510.0
2024-07-03 12:22:00,CDMO,7.80109977722168,7.80109977722168,7.809999942779541,7.800000190734863,7.809999942779541,6473.0
2024-07-03 12:22:00,CDNA,15.1899995803833,15.1899995803833,15.199999809265137,15.1899995803833,15.199999809265137,374.0
2024-07-03 12:22:00,CDXS,2.869999885559082,2.869999885559082,2.869999885559082,2.865000009536743,2.865000009536743,220.0
2024-07-03 12:22:00,CELC,16.25,16.25,16.25,16.219999313354492,16.219999313354492,203.0
2024-07-03 12:22:00,CERE,40.17499923706055,40.17499923706055,40.18000030517578,40.15999984741211,40.15999984741211,12311.0
2024-07-03 12:22:00,CERS,1.7100000381469727,1.7100000381469727,1.7100000381469727,1.7100000381469727,1.7100000381469727,300.0
2024-07-03 12:22:00,CGC,6.574999809265137,6.574999809265137,6.585000038146973,6.574999809265137,6.574999809265137,8845.0
2024-07-03 12:22:00,CGEM,16.6299991607666,16.6299991607666,16.6299991607666,16.6299991607666,16.6299991607666,1395.0
2024-07-03 12:22:00,CGTX,1.75,1.75,1.75,1.75,1.75,200.0
2024-07-03 12:22:00,CHRS,1.3849999904632568,1.3849999904632568,1.3876999616622925,1.3849999904632568,1.3876999616622925,2701.0
2024-07-03 12:22:00,CLDX,36.13999938964844,36.13999938964844,36.13999938964844,36.13999938964844,36.13999938964844,403.0
2024-07-03 12:22:00,CLPT,5.340000152587891,5.340000152587891,5.340000152587891,5.340000152587891,5.340000152587891,440.0
2024-07-03 12:22:00,CLRB,2.4600000381469727,2.4600000381469727,2.4600000381469727,2.4600000381469727,2.4600000381469727,200.0
2024-07-03 12:22:00,CMAX,2.2899999618530273,2.2899999618530273,2.2899999618530273,2.2850000858306885,2.2850000858306885,300.0
2024-07-03 12:22:00,CMPS,6.224999904632568,6.224999904632568,6.224999904632568,6.224999904632568,6.224999904632568,252.0
2024-07-03 12:22:00,CMRX,0.8629999756813049,0.8629999756813049,0.8629999756813049,0.8629999756813049,0.8629999756813049,242.0
2024-07-03 12:22:00,CNSP,1.4602999687194824,1.4602999687194824,1.4800000190734863,1.4600000381469727,1.4600000381469727,22183.0
2024-07-03 12:22:00,CODX,1.2999999523162842,1.2999999523162842,1.2999999523162842,1.2960000038146973,1.2960000038146973,3229.0
2024-07-03 12:22:00,COGT,8.359999656677246,8.359999656677246,8.359999656677246,8.350000381469727,8.359999656677246,1277.0
2024-07-03 12:22:00,COLL,32.33000183105469,32.33000183105469,32.33000183105469,32.33000183105469,32.33000183105469,821.0
2024-07-03 12:22:00,CORT,30.385000228881836,30.385000228881836,30.385000228881836,30.3700008392334,30.3700008392334,1453.0
2024-07-03 12:22:00,COSM,0.9300000071525574,0.9300000071525574,0.9300000071525574,0.9300000071525574,0.9300000071525574,453.0
2024-07-03 12:22:00,CRBU,1.5549999475479126,1.5549999475479126,1.5549999475479126,1.5549999475479126,1.5549999475479126,800.0
2024-07-03 12:22:00,CRDL,1.9249999523162842,1.9249999523162842,1.9249999523162842,1.9249999523162842,1.9249999523162842,665.0
2024-07-03 12:22:00,CRON,2.305000066757202,2.305000066757202,2.305000066757202,2.300100088119507,2.305000066757202,5201.0
2024-07-03 12:22:00,CRSP,53.790000915527344,53.790000915527344,53.86000061035156,53.75,53.86000061035156,9169.0
2024-07-03 12:22:00,CSTL,21.059999465942383,21.059999465942383,21.059999465942383,21.059999465942383,21.059999465942383,674.0
2024-07-03 12:22:00,CTKB,5.605000019073486,5.605000019073486,5.605000019073486,5.605000019073486,5.605000019073486,1235.0
2024-07-03 12:22:00,CTMX,1.3049999475479126,1.3049999475479126,1.3049999475479126,1.3049999475479126,1.3049999475479126,200.0
2024-07-03 12:22:00,CTXR,0.5016000270843506,0.5016000270843506,0.5095999836921692,0.5013999938964844,0.5013999938964844,1793.0
2024-07-03 12:22:00,CVAC,3.239799976348877,3.239799976348877,3.239799976348877,3.2200000286102295,3.2200000286102295,6785.0
2024-07-03 12:22:00,CYTK,54.46500015258789,54.46500015258789,54.619998931884766,54.46500015258789,54.61000061035156,16196.0
2024-07-03 12:22:00,DAWN,13.3100004196167,13.3100004196167,13.3100004196167,13.3100004196167,13.3100004196167,458.0
2024-07-03 12:22:00,DH,5.394999980926514,5.394999980926514,5.400000095367432,5.394999980926514,5.400000095367432,864.0
2024-07-03 12:22:00,DNLI,21.40999984741211,21.40999984741211,21.40999984741211,21.40999984741211,21.40999984741211,689.0
2024-07-03 12:22:00,DSGN,3.299999952316284,3.299999952316284,3.299999952316284,3.299999952316284,3.299999952316284,1126.0
2024-07-03 12:22:00,DVAX,11.074999809265137,11.074999809265137,11.074999809265137,11.074999809265137,11.074999809265137,331.0
2024-07-03 12:22:00,DXCM,111.02999877929688,111.02999877929688,111.02999877929688,111.0291976928711,111.0291976928711,1609.0
2024-07-03 12:22:00,DYN,33.994998931884766,33.994998931884766,33.994998931884766,33.994998931884766,33.994998931884766,134.0
2024-07-03 12:22:00,EDIT,4.628499984741211,4.628499984741211,4.639999866485596,4.619999885559082,4.630000114440918,54143.0
2024-07-03 12:22:00,ELEV,2.630000114440918,2.630000114440918,2.630000114440918,2.630000114440918,2.630000114440918,522.0
2024-07-03 12:22:00,ELYM,6.739999771118164,6.739999771118164,6.739999771118164,6.739999771118164,6.739999771118164,105.0
2024-07-03 12:22:00,ENTA,13.09280014038086,13.09280014038086,13.09280014038086,13.09280014038086,13.09280014038086,518.0
2024-07-03 12:22:00,ENVB,0.5097000002861023,0.5097000002861023,0.5097000002861023,0.5097000002861023,0.5097000002861023,3878.0
2024-07-03 12:22:00,EQ,0.660099983215332,0.660099983215332,0.660099983215332,0.660099983215332,0.660099983215332,216.0
2024-07-03 12:22:00,ESPR,2.359999895095825,2.359999895095825,2.359999895095825,2.359999895095825,2.359999895095825,1130.0
2024-07-03 12:22:00,ESTA,43.45000076293945,43.45000076293945,43.459999084472656,43.45000076293945,43.459999084472656,841.0
2024-07-03 12:22:00,ETNB,7.5,7.5,7.5,7.5,7.5,4986.0
2024-07-03 12:22:00,EVGN,0.6348999738693237,0.6348999738693237,0.6348999738693237,0.6348999738693237,0.6348999738693237,288.0
2024-07-03 12:22:00,EWTX,18.100000381469727,18.100000381469727,18.100000381469727,18.059999465942383,18.06999969482422,2057.0
2024-07-03 12:22:00,EXAS,43.189998626708984,43.189998626708984,43.189998626708984,43.16999816894531,43.16999816894531,2634.0
2024-07-03 12:22:00,EXEL,21.844999313354492,21.844999313354492,21.844999313354492,21.84000015258789,21.84000015258789,3497.0
2024-07-03 12:22:00,EYPT,8.630000114440918,8.630000114440918,8.630000114440918,8.630000114440918,8.630000114440918,503.0
2024-07-03 12:22:00,FATE,3.1649999618530273,3.1649999618530273,3.1649999618530273,3.1600000858306885,3.1600000858306885,1250.0
2024-07-03 12:22:00,FBIOP,16.010000228881836,16.010000228881836,16.010000228881836,16.010000228881836,16.010000228881836,565.0
2024-07-03 12:22:00,FDMT,20.934999465942383,20.934999465942383,20.934999465942383,20.934999465942383,20.934999465942383,601.0
2024-07-03 12:22:00,FGEN,0.7156999707221985,0.7156999707221985,0.7156999707221985,0.7156999707221985,0.7156999707221985,3236.0
2024-07-03 12:22:00,FHTX,5.611499786376953,5.611499786376953,5.635000228881836,5.611499786376953,5.635000228881836,456.0
2024-07-03 12:22:00,FOLD,9.859999656677246,9.859999656677246,9.859999656677246,9.854999542236328,9.859999656677246,3288.0
2024-07-03 12:22:00,FULC,6.125,6.125,6.125,6.125,6.125,911.0
2024-07-03 12:22:00,GDRX,7.769999980926514,7.769999980926514,7.769999980926514,7.764999866485596,7.764999866485596,350.0
2024-07-03 12:22:00,GERN,4.324999809265137,4.324999809265137,4.329999923706055,4.320000171661377,4.324999809265137,8838.0
2024-07-03 12:22:00,GH,28.219999313354492,28.219999313354492,28.219999313354492,28.145000457763672,28.145000457763672,4113.0
2024-07-03 12:22:00,GILD,66.97000122070312,66.97000122070312,66.97000122070312,66.93000030517578,66.94000244140625,8276.0
2024-07-03 12:22:00,GLUE,3.8798999786376953,3.8798999786376953,3.8798999786376953,3.8798999786376953,3.8798999786376953,363.0
2024-07-03 12:22:00,GLYC,0.27730000019073486,0.27730000019073486,0.27869999408721924,0.27730000019073486,0.27869999408721924,709.0
2024-07-03 12:22:00,GOSS,0.9682999849319458,0.9682999849319458,0.9718000292778015,0.9632999897003174,0.9693999886512756,77892.0
2024-07-03 12:22:00,GOVX,2.9021999835968018,2.9021999835968018,2.9021999835968018,2.9000000953674316,2.9000000953674316,9355.0
2024-07-03 12:22:00,GTBP,2.740000009536743,2.740000009536743,2.740000009536743,2.740000009536743,2.740000009536743,200.0
2024-07-03 12:22:00,GTHX,2.569999933242798,2.569999933242798,2.569999933242798,2.565000057220459,2.569000005722046,2238.0
2024-07-03 12:22:00,HALO,52.2599983215332,52.2599983215332,52.2599983215332,52.224998474121094,52.23500061035156,4034.0
2024-07-03 12:22:00,HCSG,10.6850004196167,10.6850004196167,10.71500015258789,10.6850004196167,10.71500015258789,1772.0
2024-07-03 12:22:00,HEPA,1.024999976158142,1.024999976158142,1.024999976158142,1.024999976158142,1.024999976158142,100.0
2024-07-03 12:22:00,HOLX,73.13999938964844,73.13999938964844,73.13999938964844,73.12999725341797,73.13999938964844,2296.0
2024-07-03 12:22:00,HOOK,0.5864999890327454,0.5864999890327454,0.5864999890327454,0.5864999890327454,0.5864999890327454,478.0
2024-07-03 12:22:00,HQY,83.7249984741211,83.7249984741211,83.7249984741211,83.7249984741211,83.7249984741211,1082.0
2024-07-03 12:22:00,HRMY,30.549999237060547,30.549999237060547,30.549999237060547,30.53499984741211,30.53499984741211,1354.0
2024-07-03 12:22:00,HROW,21.399999618530273,21.399999618530273,21.40999984741211,21.399999618530273,21.40999984741211,852.0
2024-07-03 12:22:00,HRTX,2.744999885559082,2.744999885559082,2.744999885559082,2.744999885559082,2.744999885559082,2261.0
2024-07-03 12:22:00,HSIC,65.01000213623047,65.01000213623047,65.01000213623047,65.0,65.0,2438.0
2024-07-03 12:22:00,HUMA,5.750100135803223,5.750100135803223,5.775000095367432,5.750100135803223,5.764999866485596,5871.0
2024-07-03 12:22:00,HYPR,1.0,1.0,1.0049999952316284,1.0,1.0,2533.0
2024-07-03 12:22:00,IART,28.510000228881836,28.510000228881836,28.530000686645508,28.510000228881836,28.530000686645508,1847.0
2024-07-03 12:22:00,IBRX,6.276199817657471,6.276199817657471,6.278500080108643,6.275000095367432,6.278500080108643,1457.0
2024-07-03 12:22:00,IDYA,33.25,33.25,33.25,33.2400016784668,33.2400016784668,1945.0
2024-07-03 12:22:00,IINN,1.336300015449524,1.336300015449524,1.336300015449524,1.3253999948501587,1.3253999948501587,651.0
2024-07-03 12:22:00,IKNA,1.649999976158142,1.649999976158142,1.649999976158142,1.649999976158142,1.649999976158142,692.0
2024-07-03 12:22:00,IKT,1.23989999294281,1.23989999294281,1.23989999294281,1.2100000381469727,1.2100000381469727,10.0
2024-07-03 12:22:00,ILMN,105.76000213623047,105.76000213623047,105.76000213623047,105.76000213623047,105.76000213623047,287.0
2024-07-03 12:22:00,IMCR,35.9900016784668,35.9900016784668,35.9900016784668,35.974998474121094,35.97999954223633,1664.0
2024-07-03 12:22:00,IMMX,2.309999942779541,2.309999942779541,2.3499999046325684,2.309999942779541,2.3299999237060547,1781.0
2024-07-03 12:22:00,IMNM,12.032500267028809,12.032500267028809,12.032500267028809,12.020000457763672,12.029999732971191,727.0
2024-07-03 12:22:00,IMNN,1.2299000024795532,1.2299000024795532,1.2299000024795532,1.2299000024795532,1.2299000024795532,282.0
2024-07-03 12:22:00,IMTX,11.770000457763672,11.770000457763672,11.770000457763672,11.770000457763672,11.770000457763672,127.0
2024-07-03 12:22:00,IMUX,1.131500005722046,1.131500005722046,1.1399999856948853,1.131500005722046,1.1399999856948853,1278.0
2024-07-03 12:22:00,IMVT,26.049999237060547,26.049999237060547,26.079999923706055,26.020000457763672,26.020000457763672,5005.0
2024-07-03 12:22:00,INAB,0.7968000173568726,0.7968000173568726,0.7968000173568726,0.7968000173568726,0.7968000173568726,526.0
2024-07-03 12:22:00,INCY,57.65999984741211,57.65999984741211,57.665000915527344,57.65999984741211,57.665000915527344,3596.0
2024-07-03 12:22:00,INGN,8.039999961853027,8.039999961853027,8.039999961853027,8.039999961853027,8.039999961853027,21.0
2024-07-03 12:22:00,INMD,17.559999465942383,17.559999465942383,17.559999465942383,17.559999465942383,17.559999465942383,581.0
2024-07-03 12:22:00,INSM,61.92499923706055,61.92499923706055,61.95000076293945,61.77000045776367,61.779998779296875,5717.0
2024-07-03 12:22:00,INVO,0.7501000165939331,0.7501000165939331,0.7501000165939331,0.7501000165939331,0.7501000165939331,219.0
2024-07-03 12:22:00,IONM,0.3149999976158142,0.3149999976158142,0.3149999976158142,0.31279999017715454,0.31279999017715454,6155.0
2024-07-03 12:22:00,IONS,44.900001525878906,44.900001525878906,44.92900085449219,44.900001525878906,44.90999984741211,3894.0
2024-07-03 12:22:00,IOVA,7.434999942779541,7.434999942779541,7.440000057220459,7.429999828338623,7.439899921417236,21670.0
2024-07-03 12:22:00,IRTC,95.0,95.0,95.0,95.0,95.0,1970.0
2024-07-03 12:22:00,IRWD,6.125,6.125,6.130000114440918,6.125,6.125,1213.0
2024-07-03 12:22:00,ITCI,68.73500061035156,68.73500061035156,68.73500061035156,68.68000030517578,68.69499969482422,1665.0
2024-07-03 12:22:00,ITRM,1.1198999881744385,1.1198999881744385,1.1200000047683716,1.11899995803833,1.11899995803833,1472.0
2024-07-03 12:22:00,IVVD,1.100000023841858,1.100000023841858,1.100000023841858,1.0950000286102295,1.0950000286102295,502.0
2024-07-03 12:22:00,JANX,38.040000915527344,38.040000915527344,38.064998626708984,38.0,38.060001373291016,2889.0
2024-07-03 12:22:00,JAZZ,103.44000244140625,103.44000244140625,103.44000244140625,103.44000244140625,103.44000244140625,910.0
2024-07-03 12:22:00,JSPR,22.549999237060547,22.549999237060547,22.549999237060547,22.549999237060547,22.549999237060547,208.0
2024-07-03 12:22:00,KALV,11.619999885559082,11.619999885559082,11.619999885559082,11.619999885559082,11.619999885559082,803.0
2024-07-03 12:22:00,KRYS,176.4499969482422,176.4499969482422,176.4499969482422,176.4499969482422,176.4499969482422,864.0
2024-07-03 12:22:00,KTRA,0.2750999927520752,0.2750999927520752,0.27570000290870667,0.2750999927520752,0.27570000290870667,15417.0
2024-07-03 12:22:00,KURA,20.190000534057617,20.190000534057617,20.190000534057617,20.190000534057617,20.190000534057617,341.0
2024-07-03 12:22:00,KYMR,30.045000076293945,30.045000076293945,30.045000076293945,30.040000915527344,30.040000915527344,786.0
2024-07-03 12:22:00,KZR,0.579200029373169,0.579200029373169,0.579200029373169,0.579200029373169,0.579200029373169,201.0
2024-07-03 12:22:00,LAB,1.8300000429153442,1.8300000429153442,1.8300000429153442,1.8224999904632568,1.8250000476837158,788.0
2024-07-03 12:22:00,LBPH,31.883100509643555,31.883100509643555,31.883100509643555,31.883100509643555,31.883100509643555,1941.0
2024-07-03 12:22:00,LEGN,46.15999984741211,46.15999984741211,46.15999984741211,46.15999984741211,46.15999984741211,664.0
2024-07-03 12:22:00,LFMD,6.795000076293945,6.795000076293945,6.804999828338623,6.789999961853027,6.800000190734863,5197.0
2024-07-03 12:22:00,LFST,5.114999771118164,5.114999771118164,5.114999771118164,5.114999771118164,5.114999771118164,851.0
2024-07-03 12:22:00,LGVN,1.625,1.625,1.625,1.625,1.625,191.0
2024-07-03 12:22:00,LIVN,52.76499938964844,52.76499938964844,52.76499938964844,52.76499938964844,52.76499938964844,185.0
2024-07-03 12:22:00,LNTH,79.61499786376953,79.61499786376953,79.62000274658203,79.61499786376953,79.62000274658203,453.0
2024-07-03 12:22:00,LOGC,5.75,5.75,5.75,5.75,5.75,1275.0
2024-07-03 12:22:00,LPTX,1.8202999830245972,1.8202999830245972,1.8202999830245972,1.8202999830245972,1.8202999830245972,284.0
2024-07-03 12:22:00,LRMR,7.739999771118164,7.739999771118164,7.739999771118164,7.739999771118164,7.739999771118164,1400.0
2024-07-03 12:22:00,LUCY,0.46860000491142273,0.46860000491142273,0.46860000491142273,0.46470001339912415,0.46470001339912415,1259.0
2024-07-03 12:22:00,LXRX,1.6150000095367432,1.6150000095367432,1.6150000095367432,1.6100000143051147,1.6150000095367432,533.0
2024-07-03 12:22:00,LYRA,0.2858000099658966,0.2858000099658966,0.2858000099658966,0.2858000099658966,0.2858000099658966,0.0
2024-07-03 12:22:00,MASS,4.849999904632568,4.849999904632568,4.849999904632568,4.849999904632568,4.849999904632568,314.0
2024-07-03 12:22:00,MBIO,0.4966000020503998,0.4966000020503998,0.4966000020503998,0.4966000020503998,0.4966000020503998,2647.0
2024-07-03 12:22:00,MCRB,0.734499990940094,0.734499990940094,0.734499990940094,0.7329999804496765,0.7329999804496765,3374.0
2024-07-03 12:22:00,MDGL,271.30999755859375,271.30999755859375,272.0,271.30999755859375,272.0,2555.0
2024-07-03 12:22:00,MDWD,14.800000190734863,14.800000190734863,14.800000190734863,14.800000190734863,14.800000190734863,343.0
2024-07-03 12:22:00,MDXG,6.755000114440918,6.755000114440918,6.755000114440918,6.755000114440918,6.755000114440918,422.0
2024-07-03 12:22:00,ME,0.4108000099658966,0.4108000099658966,0.4108000099658966,0.4108000099658966,0.4108000099658966,204.0
2024-07-03 12:22:00,MEDP,405.0299987792969,405.0299987792969,405.0350036621094,405.0299987792969,405.0299987792969,2207.0
2024-07-03 12:22:00,MESO,6.760000228881836,6.760000228881836,6.760000228881836,6.760000228881836,6.760000228881836,1019.0
2024-07-03 12:22:00,MGTX,3.9600000381469727,3.9600000381469727,3.9600000381469727,3.9600000381469727,3.9600000381469727,1137.0
2024-07-03 12:22:00,MIRM,33.849998474121094,33.849998474121094,33.90999984741211,33.849998474121094,33.90999984741211,3247.0
2024-07-03 12:22:00,MNKD,5.005000114440918,5.005000114440918,5.005000114440918,5.0,5.005000114440918,1082.0
2024-07-03 12:22:00,MNMD,7.175000190734863,7.175000190734863,7.175000190734863,7.170100212097168,7.170100212097168,409.0
2024-07-03 12:22:00,MODD,1.434999942779541,1.434999942779541,1.434999942779541,1.434999942779541,1.434999942779541,944.0
2024-07-03 12:22:00,MODV,27.889999389648438,27.889999389648438,27.889999389648438,27.889999389648438,27.889999389648438,448.0
2024-07-03 12:22:00,MREO,3.5201001167297363,3.5201001167297363,3.5201001167297363,3.5201001167297363,3.5201001167297363,298.0
2024-07-03 12:22:00,MRNA,115.92500305175781,115.92500305175781,116.0,115.91000366210938,115.99500274658203,5575.0
2024-07-03 12:22:00,MRSN,1.8450000286102295,1.8450000286102295,1.8450000286102295,1.840000033378601,1.8450000286102295,410.0
2024-07-03 12:22:00,MRUS,52.4900016784668,52.4900016784668,52.4900016784668,52.4900016784668,52.4900016784668,953.0
2024-07-03 12:22:00,MRVI,6.994999885559082,6.994999885559082,6.994999885559082,6.980000019073486,6.980000019073486,3363.0
2024-07-03 12:22:00,MXCT,3.7049999237060547,3.7049999237060547,3.7049999237060547,3.694999933242798,3.7049999237060547,6096.0
2024-07-03 12:22:00,MYNZ,0.3499999940395355,0.3499999940395355,0.3499999940395355,0.3499999940395355,0.3499999940395355,0.0
2024-07-03 12:22:00,NARI,49.72999954223633,49.72999954223633,49.72999954223633,49.65999984741211,49.65999984741211,201.0
2024-07-03 12:22:00,NBIX,138.10499572753906,138.10499572753906,138.10499572753906,138.05999755859375,138.06500244140625,436.0
2024-07-03 12:22:00,NDRA,0.09300000220537186,0.09300000220537186,0.09430000185966492,0.09300000220537186,0.09430000185966492,44439.0
2024-07-03 12:22:00,NKTR,1.2799999713897705,1.2799999713897705,1.2799999713897705,1.2799999713897705,1.2799999713897705,2508.0
2024-07-03 12:22:00,NKTX,5.315000057220459,5.315000057220459,5.315000057220459,5.315000057220459,5.315000057220459,309.0
2024-07-03 12:22:00,NNOX,7.068299770355225,7.068299770355225,7.068299770355225,7.068299770355225,7.068299770355225,545.0
2024-07-03 12:22:00,NPCE,7.320000171661377,7.320000171661377,7.320000171661377,7.320000171661377,7.320000171661377,666.0
2024-07-03 12:22:00,NRC,23.010000228881836,23.010000228881836,23.059999465942383,23.010000228881836,23.059999465942383,1135.0
2024-07-03 12:22:00,NRIX,19.496999740600586,19.496999740600586,19.518999099731445,19.496999740600586,19.518999099731445,1126.0
2024-07-03 12:22:00,NTLA,22.709999084472656,22.709999084472656,22.709999084472656,22.709999084472656,22.709999084472656,457.0
2024-07-03 12:22:00,NTRA,111.58499908447266,111.58499908447266,111.58499908447266,111.51000213623047,111.51000213623047,2704.0
2024-07-03 12:22:00,NUVL,72.36000061035156,72.36000061035156,72.38999938964844,72.36000061035156,72.38999938964844,2120.0
2024-07-03 12:22:00,NUWE,3.875,3.875,3.875,3.875,3.875,102.0
2024-07-03 12:22:00,NVAX,12.545000076293945,12.545000076293945,12.545000076293945,12.539999961853027,12.539999961853027,2503.0
2024-07-03 12:22:00,NVCR,16.65760040283203,16.65760040283203,16.65999984741211,16.649999618530273,16.649999618530273,1633.0
2024-07-03 12:22:00,NVOS,0.7605999708175659,0.7605999708175659,0.7605999708175659,0.7605999708175659,0.7605999708175659,200.0
2024-07-03 12:22:00,NXL,1.4220000505447388,1.4220000505447388,1.4222999811172485,1.4220000505447388,1.4222999811172485,1005.0
2024-07-03 12:22:00,OCGN,1.6200000047683716,1.6200000047683716,1.6200000047683716,1.6150000095367432,1.61899995803833,2477.0
2024-07-03 12:22:00,OCUL,6.695000171661377,6.695000171661377,6.695000171661377,6.690000057220459,6.695000171661377,8832.0
2024-07-03 12:22:00,OCX,3.069999933242798,3.069999933242798,3.069999933242798,3.069999933242798,3.069999933242798,276.0
2024-07-03 12:22:00,OKYO,1.190000057220459,1.190000057220459,1.190000057220459,1.190000057220459,1.190000057220459,195.0
2024-07-03 12:22:00,OLK,25.75,25.75,25.7549991607666,25.75,25.75,724.0
2024-07-03 12:22:00,OLMA,10.489999771118164,10.489999771118164,10.489999771118164,10.475000381469727,10.475000381469727,2368.0
2024-07-03 12:22:00,OM,3.880000114440918,3.880000114440918,3.880000114440918,3.880000114440918,3.880000114440918,1650.0
2024-07-03 12:22:00,OMCL,26.559999465942383,26.559999465942383,26.559999465942383,26.559999465942383,26.559999465942383,488.0
2024-07-03 12:22:00,OMER,3.890000104904175,3.890000104904175,3.890000104904175,3.890000104904175,3.890000104904175,235.0
2024-07-03 12:22:00,OMGA,1.909999966621399,1.909999966621399,1.909999966621399,1.909999966621399,1.909999966621399,515.0
2024-07-03 12:22:00,OMIC,8.40999984741211,8.40999984741211,8.5600004196167,8.40999984741211,8.5600004196167,798.0
2024-07-03 12:23:00,ABSI,3.188999891281128,3.188999891281128,3.190000057220459,3.184999942779541,3.184999942779541,3511.0
2024-07-03 12:23:00,ABUS,3.1449999809265137,3.1449999809265137,3.1500000953674316,3.1449999809265137,3.1500000953674316,455.0
2024-07-03 12:23:00,ACAD,15.529999732971191,15.529999732971191,15.53499984741211,15.529999732971191,15.53499984741211,1374.0
2024-07-03 12:23:00,ACB,4.934999942779541,4.934999942779541,4.934999942779541,4.934999942779541,4.934999942779541,144.0
2024-07-03 12:23:00,ACCD,3.5999999046325684,3.5999999046325684,3.5999999046325684,3.5950000286102295,3.5950000286102295,8391.0
2024-07-03 12:23:00,ACET,1.0850000381469727,1.0850000381469727,1.0850000381469727,1.0850000381469727,1.0850000381469727,478.0
2024-07-03 12:23:00,ACHC,66.76000213623047,66.76000213623047,66.76000213623047,66.76000213623047,66.76000213623047,1119.0
2024-07-03 12:23:00,ACLX,54.59000015258789,54.59000015258789,54.59000015258789,54.43000030517578,54.470001220703125,2244.0
2024-07-03 12:23:00,ACRS,1.149999976158142,1.149999976158142,1.149999976158142,1.149999976158142,1.149999976158142,766.0
2024-07-03 12:23:00,ACXP,2.049999952316284,2.049999952316284,2.049999952316284,2.049999952316284,2.049999952316284,263.0
2024-07-03 12:23:00,ADMA,11.194999694824219,11.194999694824219,11.199999809265137,11.180000305175781,11.180000305175781,18723.0
2024-07-03 12:23:00,ADPT,3.4102001190185547,3.4102001190185547,3.4149999618530273,3.4102001190185547,3.4149999618530273,941.0
2024-07-03 12:23:00,AEMD,0.4043999910354614,0.4043999910354614,0.4058000147342682,0.4043999910354614,0.4058000147342682,725.0
2024-07-03 12:23:00,AFMD,5.050000190734863,5.050000190734863,5.050000190734863,5.050000190734863,5.050000190734863,984.0
2024-07-03 12:23:00,AGEN,14.229999542236328,14.229999542236328,14.229999542236328,14.229999542236328,14.229999542236328,552.0
2024-07-03 12:23:00,AIMD,0.9214000105857849,0.9214000105857849,0.9214000105857849,0.9199000000953674,0.9199000000953674,1376.0
2024-07-03 12:23:00,AKAN,2.2100000381469727,2.2100000381469727,2.2100000381469727,2.2100000381469727,2.2100000381469727,650.0
2024-07-03 12:23:00,AKYA,2.115000009536743,2.115000009536743,2.115000009536743,2.115000009536743,2.115000009536743,240.0
2024-07-03 12:23:00,ALEC,4.40500020980835,4.40500020980835,4.40500020980835,4.40500020980835,4.40500020980835,1218.0
2024-07-03 12:23:00,ALGN,242.75999450683594,242.75999450683594,242.75999450683594,242.75999450683594,242.75999450683594,699.0
2024-07-03 12:23:00,ALGS,0.42480000853538513,0.42480000853538513,0.42489999532699585,0.42480000853538513,0.42489999532699585,6027.0
2024-07-03 12:23:00,ALHC,8.039999961853027,8.039999961853027,8.039999961853027,8.030699729919434,8.030699729919434,1871.0
2024-07-03 12:23:00,ALIM,5.525000095367432,5.525000095367432,5.525000095367432,5.525000095367432,5.525000095367432,525.0
2024-07-03 12:23:00,ALKS,24.200000762939453,24.200000762939453,24.200000762939453,24.190000534057617,24.190000534057617,2811.0
2024-07-03 12:23:00,ALLK,0.8295000195503235,0.8295000195503235,0.8295000195503235,0.8276000022888184,0.8276000022888184,960.0
2024-07-03 12:23:00,ALLO,2.0950000286102295,2.0950000286102295,2.099900007247925,2.0950000286102295,2.099900007247925,7309.0
2024-07-03 12:23:00,ALLR,0.2020999938249588,0.2020999938249588,0.20600000023841858,0.2020999938249588,0.20600000023841858,1780.0
2024-07-03 12:23:00,ALNY,246.38499450683594,246.38499450683594,246.57000732421875,246.38499450683594,246.57000732421875,853.0
2024-07-03 12:23:00,ALT,6.644999980926514,6.644999980926514,6.644999980926514,6.644999980926514,6.644999980926514,1293.0
2024-07-03 12:23:00,ALVR,0.7318000197410583,0.7318000197410583,0.7318000197410583,0.7318000197410583,0.7318000197410583,1923.0
2024-07-03 12:23:00,ALXO,5.670000076293945,5.670000076293945,5.670000076293945,5.670000076293945,5.670000076293945,98.0
2024-07-03 12:23:00,AMGN,307.239990234375,307.239990234375,307.2449951171875,307.239990234375,307.239990234375,1095.0
2024-07-03 12:23:00,AMLX,1.7549999952316284,1.7549999952316284,1.7549999952316284,1.7549999952316284,1.7549999952316284,1515.0
2024-07-03 12:23:00,AMPH,38.2400016784668,38.2400016784668,38.2400016784668,38.209999084472656,38.209999084472656,705.0
2024-07-03 12:23:00,AMRN,0.694599986076355,0.694599986076355,0.694599986076355,0.694599986076355,0.694599986076355,2016.0
2024-07-03 12:23:00,ANAB,25.0,25.0,25.030000686645508,25.0,25.030000686645508,1703.0
2024-07-03 12:23:00,ANNX,4.764999866485596,4.764999866485596,4.769999980926514,4.760799884796143,4.764999866485596,2961.0
2024-07-03 12:23:00,ANTX,2.5799999237060547,2.5799999237060547,2.5999999046325684,2.5799999237060547,2.5959999561309814,6829.0
2024-07-03 12:23:00,APDN,0.39399999380111694,0.39399999380111694,0.3978999853134155,0.3889999985694885,0.3978999853134155,5280.0
2024-07-03 12:23:00,APLS,35.125,35.125,35.130001068115234,35.125,35.130001068115234,846.0
2024-07-03 12:23:00,APLT,4.349999904632568,4.349999904632568,4.360000133514404,4.349999904632568,4.349999904632568,1611.0
2024-07-03 12:23:00,APYX,1.3300000429153442,1.3300000429153442,1.3300000429153442,1.3300000429153442,1.3300000429153442,499.0
2024-07-03 12:23:00,AQST,2.4149999618530273,2.4149999618530273,2.430000066757202,2.4149999618530273,2.4200000762939453,12282.0
2024-07-03 12:23:00,ARDX,5.275000095367432,5.275000095367432,5.28000020980835,5.260000228881836,5.264999866485596,17649.0
2024-07-03 12:23:00,ARQT,9.574999809265137,9.574999809265137,9.59000015258789,9.574999809265137,9.59000015258789,3262.0
2024-07-03 12:23:00,ASRT,1.3300000429153442,1.3300000429153442,1.3300000429153442,1.3300000429153442,1.3300000429153442,6412.0
2024-07-03 12:23:00,ATAI,1.284999966621399,1.284999966621399,1.2898999452590942,1.284999966621399,1.284999966621399,705.0
2024-07-03 12:23:00,ATEC,10.045000076293945,10.045000076293945,10.045000076293945,10.045000076293945,10.045000076293945,308.0
2024-07-03 12:23:00,ATOS,1.1649999618530273,1.1649999618530273,1.1649999618530273,1.1649999618530273,1.1649999618530273,553.0
2024-07-03 12:23:00,ATRC,22.350000381469727,22.350000381469727,22.3700008392334,22.34000015258789,22.36989974975586,1297.0
2024-07-03 12:23:00,AUPH,5.474999904632568,5.474999904632568,5.474999904632568,5.474999904632568,5.474999904632568,8143.0
2024-07-03 12:23:00,AUTL,3.4800000190734863,3.4800000190734863,3.4800000190734863,3.4649999141693115,3.4649999141693115,5909.0
2024-07-03 12:23:00,AVDL,14.420000076293945,14.420000076293945,14.430000305175781,14.40999984741211,14.40999984741211,2868.0
2024-07-03 12:23:00,AVTE,1.6820000410079956,1.6820000410079956,1.684999942779541,1.6820000410079956,1.684999942779541,986.0
2024-07-03 12:23:00,AXSM,79.67500305175781,79.67500305175781,79.79000091552734,79.63999938964844,79.79000091552734,1305.0
2024-07-03 12:23:00,AZN,76.82499694824219,76.82499694824219,76.83000183105469,76.79499816894531,76.80000305175781,9829.0
2024-07-03 12:23:00,BBIO,25.415000915527344,25.415000915527344,25.458999633789062,25.385000228881836,25.385000228881836,48243.0
2024-07-03 12:23:00,BCAB,1.4149999618530273,1.4149999618530273,1.4149999618530273,1.4149999618530273,1.4149999618530273,420.0
2024-07-03 12:23:00,BCDA,3.069999933242798,3.069999933242798,3.069999933242798,3.069999933242798,3.069999933242798,5990.0
2024-07-03 12:23:00,BCRX,6.46999979019165,6.46999979019165,6.474999904632568,6.460000038146973,6.460000038146973,5841.0
2024-07-03 12:23:00,BDTX,4.335000038146973,4.335000038146973,4.335000038146973,4.335000038146973,4.335000038146973,300.0
2024-07-03 12:23:00,BEAM,23.520000457763672,23.520000457763672,23.545000076293945,23.520000457763672,23.540000915527344,2844.0
2024-07-03 12:23:00,BIIB,223.21499633789062,223.21499633789062,223.21499633789062,223.21499633789062,223.21499633789062,659.0
2024-07-03 12:23:00,BLFS,20.059999465942383,20.059999465942383,20.059999465942383,20.059999465942383,20.059999465942383,451.0
2024-07-03 12:23:00,BLTE,45.810001373291016,45.810001373291016,45.810001373291016,45.720001220703125,45.720001220703125,1413.0
2024-07-03 12:23:00,BLUE,0.920199990272522,0.920199990272522,0.9215999841690063,0.9200000166893005,0.9200000166893005,8336.0
2024-07-03 12:23:00,BMRN,80.9000015258789,80.9000015258789,80.9000015258789,80.8550033569336,80.86000061035156,1683.0
2024-07-03 12:23:00,BNGO,0.5759999752044678,0.5759999752044678,0.5759999752044678,0.5759999752044678,0.5759999752044678,0.0
2024-07-03 12:23:00,BNTX,80.33000183105469,80.33000183105469,80.33000183105469,80.31999969482422,80.33000183105469,1025.0
2024-07-03 12:23:00,BPMC,110.82499694824219,110.82499694824219,110.83000183105469,110.79499816894531,110.83000183105469,937.0
2024-07-03 12:23:00,BRKR,61.474998474121094,61.474998474121094,61.4900016784668,61.459999084472656,61.4900016784668,2796.0
2024-07-03 12:23:00,BRTX,1.909600019454956,1.909600019454956,1.909600019454956,1.909600019454956,1.909600019454956,785.0
2024-07-03 12:23:00,BTAI,1.0800000429153442,1.0800000429153442,1.0800000429153442,1.0800000429153442,1.0800000429153442,356.0
2024-07-03 12:23:00,CADL,6.284999847412109,6.284999847412109,6.284999847412109,6.284999847412109,6.284999847412109,2801.0
2024-07-03 12:23:00,CCCC,4.554999828338623,4.554999828338623,4.554999828338623,4.545000076293945,4.545000076293945,1089.0
2024-07-03 12:23:00,CCRN,13.6899995803833,13.6899995803833,13.6899995803833,13.6899995803833,13.6899995803833,481.0
2024-07-03 12:23:00,CDMO,7.800000190734863,7.800000190734863,7.815000057220459,7.800000190734863,7.809999942779541,9885.0
2024-07-03 12:23:00,CDXC,2.515000104904175,2.515000104904175,2.515000104904175,2.515000104904175,2.515000104904175,276.0
2024-07-03 12:23:00,CELC,16.239999771118164,16.239999771118164,16.239999771118164,16.239999771118164,16.239999771118164,130.0
2024-07-03 12:23:00,CERE,40.17499923706055,40.17499923706055,40.17499923706055,40.16999816894531,40.16999816894531,7833.0
2024-07-03 12:23:00,CGC,6.590000152587891,6.590000152587891,6.599999904632568,6.585000038146973,6.585000038146973,29219.0
2024-07-03 12:23:00,CGEM,16.639999389648438,16.639999389648438,16.639999389648438,16.600000381469727,16.600000381469727,2670.0
2024-07-03 12:23:00,CGTX,1.7599999904632568,1.7599999904632568,1.7599999904632568,1.7599999904632568,1.7599999904632568,150.0
2024-07-03 12:23:00,CHRS,1.3849999904632568,1.3849999904632568,1.3849999904632568,1.3849999904632568,1.3849999904632568,210.0
2024-07-03 12:23:00,CKPT,2.1649999618530273,2.1649999618530273,2.1696999073028564,2.1649999618530273,2.1696999073028564,1610.0
2024-07-03 12:23:00,CLDX,36.130001068115234,36.130001068115234,36.130001068115234,36.130001068115234,36.130001068115234,667.0
2024-07-03 12:23:00,CLOV,1.2450000047683716,1.2450000047683716,1.2450000047683716,1.2450000047683716,1.2450000047683716,425.0
2024-07-03 12:23:00,CMPS,6.210000038146973,6.210000038146973,6.224999904632568,6.210000038146973,6.224999904632568,828.0
2024-07-03 12:23:00,CMPX,0.8539999723434448,0.8539999723434448,0.8539999723434448,0.8539999723434448,0.8539999723434448,120.0
2024-07-03 12:23:00,CMRX,0.8629999756813049,0.8629999756813049,0.8629999756813049,0.8629999756813049,0.8629999756813049,408.0
2024-07-03 12:23:00,CNSP,1.4700000286102295,1.4700000286102295,1.4700000286102295,1.4600000381469727,1.4600000381469727,4978.0
2024-07-03 12:23:00,COGT,8.359999656677246,8.359999656677246,8.359999656677246,8.359999656677246,8.359999656677246,771.0
2024-07-03 12:23:00,COLL,32.38999938964844,32.38999938964844,32.38999938964844,32.38999938964844,32.38999938964844,1257.0
2024-07-03 12:23:00,CORT,30.40999984741211,30.40999984741211,30.40999984741211,30.3700008392334,30.3700008392334,900.0
2024-07-03 12:23:00,CRBP,50.27000045776367,50.27000045776367,50.27000045776367,50.189998626708984,50.189998626708984,1775.0
2024-07-03 12:23:00,CRBU,1.5591000318527222,1.5591000318527222,1.5591000318527222,1.5549999475479126,1.5549999475479126,559.0
2024-07-03 12:23:00,CRDF,2.2799999713897705,2.2799999713897705,2.2799999713897705,2.259999990463257,2.259999990463257,943.0
2024-07-03 12:23:00,CRON,2.315000057220459,2.315000057220459,2.315000057220459,2.309999942779541,2.309999942779541,21891.0
2024-07-03 12:23:00,CRSP,53.75,53.75,53.75,53.75,53.75,574.0
2024-07-03 12:23:00,CTKB,5.610000133514404,5.610000133514404,5.610000133514404,5.605000019073486,5.605000019073486,5879.0
2024-07-03 12:23:00,CTMX,1.301900029182434,1.301900029182434,1.301900029182434,1.301900029182434,1.301900029182434,1100.0
2024-07-03 12:23:00,CTXR,0.5030999779701233,0.5030999779701233,0.5092999935150146,0.5016000270843506,0.5016000270843506,3709.0
2024-07-03 12:23:00,CUE,0.9937000274658203,0.9937000274658203,0.9972000122070312,0.9937000274658203,0.9972000122070312,566.0
2024-07-03 12:23:00,CVAC,3.244999885559082,3.244999885559082,3.25,3.234999895095825,3.2360000610351562,12694.0
2024-07-03 12:23:00,CYTK,54.470001220703125,54.470001220703125,54.5,54.459999084472656,54.459999084472656,4163.0
2024-07-03 12:23:00,DAWN,13.3100004196167,13.3100004196167,13.3100004196167,13.3100004196167,13.3100004196167,483.0
2024-07-03 12:23:00,DCGO,2.9549999237060547,2.9549999237060547,2.9549999237060547,2.9549999237060547,2.9549999237060547,1224.0
2024-07-03 12:23:00,DH,5.394000053405762,5.394000053405762,5.394999980926514,5.394000053405762,5.394999980926514,2129.0
2024-07-03 12:23:00,DMAC,2.9100000858306885,2.9100000858306885,2.9100000858306885,2.9100000858306885,2.9100000858306885,95.0
2024-07-03 12:23:00,DVAX,11.074999809265137,11.074999809265137,11.074999809265137,11.074999809265137,11.074999809265137,844.0
2024-07-03 12:23:00,DXCM,111.1050033569336,111.1050033569336,111.1050033569336,111.1050033569336,111.1050033569336,385.0
2024-07-03 12:23:00,DYN,34.005001068115234,34.005001068115234,34.005001068115234,33.994998931884766,33.994998931884766,407.0
2024-07-03 12:23:00,EDIT,4.630000114440918,4.630000114440918,4.630000114440918,4.625,4.625,1757.0
2024-07-03 12:23:00,ELEV,2.630000114440918,2.630000114440918,2.630000114440918,2.630000114440918,2.630000114440918,430.0
2024-07-03 12:23:00,EMBC,11.970000267028809,11.970000267028809,11.970000267028809,11.970000267028809,11.970000267028809,351.0
2024-07-03 12:23:00,ENSG,126.62999725341797,126.62999725341797,126.62999725341797,126.62999725341797,126.62999725341797,2104.0
2024-07-03 12:23:00,ENVB,0.5095999836921692,0.5095999836921692,0.5095999836921692,0.5095999836921692,0.5095999836921692,0.0
2024-07-03 12:23:00,EOLS,10.930000305175781,10.930000305175781,10.930000305175781,10.920000076293945,10.920000076293945,640.0
2024-07-03 12:23:00,ERAS,2.2049999237060547,2.2049999237060547,2.2049999237060547,2.2049999237060547,2.2049999237060547,606.0
2024-07-03 12:23:00,ESPR,2.365000009536743,2.365000009536743,2.365000009536743,2.359999895095825,2.359999895095825,14439.0
2024-07-03 12:23:00,ETNB,7.5,7.5,7.5,7.5,7.5,3079.0
2024-07-03 12:23:00,EXAI,5.449999809265137,5.449999809265137,5.449999809265137,5.449999809265137,5.449999809265137,0.0
2024-07-03 12:23:00,EXAS,43.189998626708984,43.189998626708984,43.20000076293945,43.18000030517578,43.18000030517578,2041.0
2024-07-03 12:23:00,EXEL,21.844999313354492,21.844999313354492,21.844999313354492,21.844999313354492,21.844999313354492,109.0
2024-07-03 12:23:00,EYPT,8.609999656677246,8.609999656677246,8.649999618530273,8.600000381469727,8.630000114440918,3207.0
2024-07-03 12:23:00,FATE,3.1649999618530273,3.1649999618530273,3.1649999618530273,3.1649999618530273,3.1649999618530273,689.0
2024-07-03 12:23:00,FGEN,0.7188000082969666,0.7188000082969666,0.7188000082969666,0.7188000082969666,0.7188000082969666,2808.0
2024-07-03 12:23:00,FLGT,20.100000381469727,20.100000381469727,20.100000381469727,20.100000381469727,20.100000381469727,241.0
2024-07-03 12:23:00,FULC,6.129199981689453,6.129199981689453,6.129199981689453,6.129199981689453,6.129199981689453,1340.0
2024-07-03 12:23:00,GALT,2.168800115585327,2.168800115585327,2.168800115585327,2.168800115585327,2.168800115585327,514.0
2024-07-03 12:23:00,GANX,1.1399999856948853,1.1399999856948853,1.1399999856948853,1.1399999856948853,1.1399999856948853,201.0
2024-07-03 12:23:00,GDRX,7.764999866485596,7.764999866485596,7.769999980926514,7.764999866485596,7.769999980926514,201.0
2024-07-03 12:23:00,GERN,4.324999809265137,4.324999809265137,4.324999809265137,4.324999809265137,4.324999809265137,1998.0
2024-07-03 12:23:00,GH,28.229999542236328,28.229999542236328,28.229999542236328,28.229999542236328,28.229999542236328,374.0
2024-07-03 12:23:00,GILD,66.94499969482422,66.94499969482422,66.95999908447266,66.93000030517578,66.94999694824219,4861.0
2024-07-03 12:23:00,GLYC,0.27619999647140503,0.27619999647140503,0.27730000019073486,0.2759999930858612,0.27730000019073486,30702.0
2024-07-03 12:23:00,GOSS,0.9599999785423279,0.9599999785423279,0.9670000076293945,0.9599999785423279,0.9635000228881836,10382.0
2024-07-03 12:23:00,GOVX,2.899899959564209,2.899899959564209,2.899899959564209,2.871000051498413,2.890000104904175,4153.0
2024-07-03 12:23:00,GRFS,6.664999961853027,6.664999961853027,6.670000076293945,6.664999961853027,6.670000076293945,250.0
2024-07-03 12:23:00,GTHX,2.549999952316284,2.549999952316284,2.5799999237060547,2.549999952316284,2.5799999237060547,7475.0
2024-07-03 12:23:00,HALO,52.18000030517578,52.18000030517578,52.2599983215332,52.18000030517578,52.2400016784668,312.0
2024-07-03 12:23:00,HCAT,6.159999847412109,6.159999847412109,6.159999847412109,6.159999847412109,6.159999847412109,301.0
2024-07-03 12:23:00,HCSG,10.699999809265137,10.699999809265137,10.699999809265137,10.6899995803833,10.6899995803833,1990.0
2024-07-03 12:23:00,HEPA,1.0199999809265137,1.0199999809265137,1.0199999809265137,1.0199999809265137,1.0199999809265137,344.0
2024-07-03 12:23:00,HITI,2.139899969100952,2.139899969100952,2.139899969100952,2.139899969100952,2.139899969100952,135.0
2024-07-03 12:23:00,HOLX,73.13999938964844,73.13999938964844,73.1500015258789,73.13999938964844,73.13999938964844,4086.0
2024-07-03 12:23:00,HQY,83.68499755859375,83.68499755859375,83.68499755859375,83.68499755859375,83.68499755859375,123.0
2024-07-03 12:23:00,HRMY,30.549999237060547,30.549999237060547,30.549999237060547,30.53499984741211,30.549999237060547,5293.0
2024-07-03 12:23:00,HROW,21.405000686645508,21.405000686645508,21.405000686645508,21.405000686645508,21.405000686645508,202.0
2024-07-03 12:23:00,HRTX,2.744999885559082,2.744999885559082,2.744999885559082,2.744999885559082,2.744999885559082,231.0
2024-07-03 12:23:00,HSDT,0.9399999976158142,0.9399999976158142,0.9399999976158142,0.9399999976158142,0.9399999976158142,1599.0
2024-07-03 12:23:00,HSIC,64.95999908447266,64.95999908447266,65.0199966430664,64.94999694824219,65.01000213623047,6990.0
2024-07-03 12:23:00,HUGE,0.14139999449253082,0.14139999449253082,0.14139999449253082,0.14139999449253082,0.14139999449253082,2221.0
2024-07-03 12:23:00,HUMA,5.769000053405762,5.769000053405762,5.769000053405762,5.760000228881836,5.760200023651123,600.0
2024-07-03 12:23:00,IART,28.510000228881836,28.510000228881836,28.510000228881836,28.479999542236328,28.489999771118164,2066.0
2024-07-03 12:23:00,IBRX,6.275000095367432,6.275000095367432,6.275000095367432,6.275000095367432,6.275000095367432,342.0
2024-07-03 12:23:00,ICAD,1.2350000143051147,1.2350000143051147,1.2350000143051147,1.2350000143051147,1.2350000143051147,528.0
2024-07-03 12:23:00,ICCM,0.7294999957084656,0.7294999957084656,0.7294999957084656,0.7294999957084656,0.7294999957084656,1848.0
2024-07-03 12:23:00,IDXX,478.07501220703125,478.07501220703125,478.07501220703125,477.739990234375,477.739990234375,625.0
2024-07-03 12:23:00,IDYA,33.34000015258789,33.34000015258789,33.380001068115234,33.279998779296875,33.279998779296875,3013.0
2024-07-03 12:23:00,IINN,1.3300000429153442,1.3300000429153442,1.3300000429153442,1.3300000429153442,1.3300000429153442,1302.0
2024-07-03 12:23:00,ILMN,105.76940155029297,105.76940155029297,105.76940155029297,105.69999694824219,105.76000213623047,2552.0
2024-07-03 12:23:00,IMAB,1.5399999618530273,1.5399999618530273,1.5399999618530273,1.5399999618530273,1.5399999618530273,1602.0
2024-07-03 12:23:00,IMCR,35.994998931884766,35.994998931884766,36.029998779296875,35.970001220703125,36.02000045776367,4392.0
2024-07-03 12:23:00,IMMX,2.3499999046325684,2.3499999046325684,2.3499999046325684,2.316999912261963,2.316999912261963,974.0
2024-07-03 12:23:00,IMNM,12.03499984741211,12.03499984741211,12.03499984741211,12.029999732971191,12.029999732971191,2354.0
2024-07-03 12:23:00,IMTX,11.760000228881836,11.760000228881836,11.760000228881836,11.760000228881836,11.760000228881836,464.0
2024-07-03 12:23:00,IMVT,26.06999969482422,26.06999969482422,26.06999969482422,26.06999969482422,26.06999969482422,134.0
2024-07-03 12:23:00,INCY,57.64500045776367,57.64500045776367,57.65999984741211,57.630001068115234,57.65999984741211,4766.0
2024-07-03 12:23:00,INM,0.24690000712871552,0.24690000712871552,0.24690000712871552,0.24690000712871552,0.24690000712871552,3802.0
2024-07-03 12:23:00,INMD,17.549999237060547,17.549999237060547,17.565000534057617,17.510000228881836,17.559999465942383,27343.0
2024-07-03 12:23:00,INNV,5.059999942779541,5.059999942779541,5.059999942779541,5.059999942779541,5.059999942779541,620.0
2024-07-03 12:23:00,INO,8.40999984741211,8.40999984741211,8.40999984741211,8.40999984741211,8.40999984741211,594.0
2024-07-03 12:23:00,INSM,61.97999954223633,61.97999954223633,62.0099983215332,61.959999084472656,61.959999084472656,5898.0
2024-07-03 12:23:00,INVO,0.7501000165939331,0.7501000165939331,0.7501000165939331,0.7501000165939331,0.7501000165939331,587.0
2024-07-03 12:23:00,IONS,44.88999938964844,44.88999938964844,44.900001525878906,44.880001068115234,44.900001525878906,2730.0
2024-07-03 12:23:00,IOVA,7.420000076293945,7.420000076293945,7.438899993896484,7.420000076293945,7.434999942779541,23936.0
2024-07-03 12:23:00,IRTC,95.12000274658203,95.12000274658203,95.12000274658203,95.12000274658203,95.12000274658203,1170.0
2024-07-03 12:23:00,IRWD,6.130000114440918,6.130000114440918,6.130000114440918,6.130000114440918,6.130000114440918,313.0
2024-07-03 12:23:00,ISRG,433.8599853515625,433.8599853515625,434.0,433.8500061035156,434.0,725.0
2024-07-03 12:23:00,JANX,38.04999923706055,38.04999923706055,38.04999923706055,38.0,38.0,975.0
2024-07-03 12:23:00,KMDA,5.125,5.125,5.125,5.125,5.125,2319.0
2024-07-03 12:23:00,KPTI,0.8306999802589417,0.8306999802589417,0.8309000134468079,0.8300999999046326,0.8309000134468079,1635.0
2024-07-03 12:23:00,KRMD,2.5,2.5,2.5,2.5,2.5,469.0
2024-07-03 12:23:00,KROS,42.470001220703125,42.470001220703125,42.470001220703125,42.380001068115234,42.380001068115234,827.0
2024-07-03 12:23:00,KURA,20.195100784301758,20.195100784301758,20.195100784301758,20.195100784301758,20.195100784301758,1498.0
2024-07-03 12:23:00,LAB,1.8300000429153442,1.8300000429153442,1.8300000429153442,1.8250000476837158,1.8300000429153442,1699.0
2024-07-03 12:23:00,LEGN,46.15999984741211,46.15999984741211,46.21500015258789,46.15999984741211,46.189998626708984,1647.0
2024-07-03 12:23:00,LFST,5.114999771118164,5.114999771118164,5.114999771118164,5.110000133514404,5.114999771118164,3002.0
2024-07-03 12:23:00,LIVN,52.810001373291016,52.810001373291016,52.810001373291016,52.790000915527344,52.790000915527344,947.0
2024-07-03 12:23:00,LPTX,1.840000033378601,1.840000033378601,1.840000033378601,1.840000033378601,1.840000033378601,152.0
2024-07-03 12:23:00,LQDA,11.95989990234375,11.95989990234375,11.95989990234375,11.9350004196167,11.9350004196167,1625.0
2024-07-03 12:23:00,LUCY,0.46380001306533813,0.46380001306533813,0.46860000491142273,0.46380001306533813,0.46860000491142273,1697.0
2024-07-03 12:23:00,LUMO,2.200000047683716,2.200000047683716,2.2500998973846436,2.200000047683716,2.2500998973846436,582.0
2024-07-03 12:23:00,LUNG,6.309999942779541,6.309999942779541,6.309999942779541,6.300000190734863,6.300000190734863,1350.0
2024-07-03 12:23:00,LXRX,1.6150000095367432,1.6150000095367432,1.6150000095367432,1.6150000095367432,1.6150000095367432,5293.0
2024-07-03 12:23:00,LYEL,1.4950000047683716,1.4950000047683716,1.4950000047683716,1.4901000261306763,1.4901000261306763,885.0
2024-07-03 12:23:00,LYRA,0.2858000099658966,0.2858000099658966,0.2858000099658966,0.2858000099658966,0.2858000099658966,350.0
2024-07-03 12:23:00,MBOT,1.05649995803833,1.05649995803833,1.05649995803833,1.05649995803833,1.05649995803833,700.0
2024-07-03 12:23:00,MBRX,3.630000114440918,3.630000114440918,3.630000114440918,3.630000114440918,3.630000114440918,255.0
2024-07-03 12:23:00,MCRB,0.734499990940094,0.734499990940094,0.734499990940094,0.734499990940094,0.734499990940094,229.0
2024-07-03 12:23:00,MDXG,6.760000228881836,6.760000228881836,6.760000228881836,6.75,6.75,991.0
2024-07-03 12:23:00,ME,0.41019999980926514,0.41019999980926514,0.41019999980926514,0.41019999980926514,0.41019999980926514,600.0
2024-07-03 12:23:00,MGNX,4.190000057220459,4.190000057220459,4.190000057220459,4.184999942779541,4.190000057220459,676.0
2024-07-03 12:23:00,MGTX,3.9600000381469727,3.9600000381469727,3.9600000381469727,3.9600000381469727,3.9600000381469727,922.0
2024-07-03 12:23:00,MIRM,33.8650016784668,33.8650016784668,33.8650016784668,33.8650016784668,33.8650016784668,523.0
2024-07-03 12:23:00,MMSI,85.86000061035156,85.86000061035156,85.86000061035156,85.86000061035156,85.86000061035156,214.0
2024-07-03 12:23:00,MNKD,5.0,5.0,5.005000114440918,5.0,5.005000114440918,450.0
2024-07-03 12:23:00,MNMD,7.190000057220459,7.190000057220459,7.190000057220459,7.179999828338623,7.179999828338623,2417.0
2024-07-03 12:23:00,MRNA,115.94000244140625,115.94000244140625,116.01750183105469,115.92500305175781,115.92500305175781,11890.0
2024-07-03 12:23:00,MRSN,1.840000033378601,1.840000033378601,1.8450000286102295,1.840000033378601,1.8450000286102295,700.0
2024-07-03 12:23:00,MRVI,6.989999771118164,6.989999771118164,6.989999771118164,6.989999771118164,6.989999771118164,1637.0
2024-07-03 12:23:00,NARI,49.72999954223633,49.72999954223633,49.72999954223633,49.72999954223633,49.72999954223633,427.0
2024-07-03 12:23:00,NBIX,137.96499633789062,137.96499633789062,138.10000610351562,137.96499633789062,138.10000610351562,3086.0
2024-07-03 12:23:00,NDRA,0.09160000085830688,0.09160000085830688,0.0925000011920929,0.09149999916553497,0.09189999848604202,168495.0
2024-07-03 12:23:00,NEO,13.725000381469727,13.725000381469727,13.725000381469727,13.710000038146973,13.710000038146973,1125.0
2024-07-03 12:23:00,NKTR,1.2799999713897705,1.2799999713897705,1.2799999713897705,1.274999976158142,1.2799999713897705,4336.0
2024-07-03 12:23:00,NKTX,5.315000057220459,5.315000057220459,5.315000057220459,5.315000057220459,5.315000057220459,575.0
2024-07-03 12:23:00,NNOX,7.070000171661377,7.070000171661377,7.079999923706055,7.070000171661377,7.070000171661377,1927.0
2024-07-03 12:23:00,NRC,23.010000228881836,23.010000228881836,23.059999465942383,23.010000228881836,23.059999465942383,797.0
2024-07-03 12:23:00,NRIX,19.475000381469727,19.475000381469727,19.475000381469727,19.475000381469727,19.475000381469727,213.0
2024-07-03 12:23:00,NTLA,22.709999084472656,22.709999084472656,22.709999084472656,22.700000762939453,22.700000762939453,207.0
2024-07-03 12:23:00,NTRA,111.58000183105469,111.58000183105469,111.5999984741211,111.58000183105469,111.58499908447266,1475.0
2024-07-03 12:23:00,NVAX,12.539999961853027,12.539999961853027,12.550000190734863,12.520000457763672,12.539999961853027,9968.0
2024-07-03 12:23:00,NVCT,6.199999809265137,6.199999809265137,6.199999809265137,6.199999809265137,6.199999809265137,589.0
2024-07-03 12:23:00,NVOS,0.7649999856948853,0.7649999856948853,0.7649999856948853,0.7649999856948853,0.7649999856948853,482.0
2024-07-03 12:23:00,NXGL,2.180000066757202,2.180000066757202,2.180000066757202,2.180000066757202,2.180000066757202,103.0
2024-07-03 12:23:00,OCGN,1.6200000047683716,1.6200000047683716,1.6200000047683716,1.6150000095367432,1.6150000095367432,2506.0
2024-07-03 12:23:00,OCUL,6.704999923706055,6.704999923706055,6.71999979019165,6.699999809265137,6.699999809265137,6040.0
2024-07-03 12:23:00,OLK,25.75,25.75,25.75,25.75,25.75,1718.0
2024-07-03 12:23:00,OLMA,10.489999771118164,10.489999771118164,10.489999771118164,10.489999771118164,10.489999771118164,512.0
2024-07-03 12:23:00,OM,3.884999990463257,3.884999990463257,3.884999990463257,3.880000114440918,3.880000114440918,871.0
2024-07-03 12:23:00,OMCL,26.56999969482422,26.56999969482422,26.579999923706055,26.56999969482422,26.579999923706055,399.0
2024-07-03 12:24:00,AADI,1.3799999952316284,1.3799999952316284,1.3799999952316284,1.3799999952316284,1.3799999952316284,510.0
2024-07-03 12:24:00,ABCL,2.70989990234375,2.70989990234375,2.7100000381469727,2.700000047683716,2.7049999237060547,1759.0
2024-07-03 12:24:00,ABEO,4.340000152587891,4.340000152587891,4.340000152587891,4.289999961853027,4.289999961853027,11754.0
2024-07-03 12:24:00,ABIO,3.569999933242798,3.569999933242798,3.625,3.569999933242798,3.625,8315.0
2024-07-03 12:24:00,ABSI,3.184999942779541,3.184999942779541,3.190000057220459,3.174999952316284,3.190000057220459,11447.0
2024-07-03 12:24:00,ABUS,3.1449999809265137,3.1449999809265137,3.1449999809265137,3.1449999809265137,3.1449999809265137,2304.0
2024-07-03 12:24:00,ACAD,15.529999732971191,15.529999732971191,15.529999732971191,15.524999618530273,15.524999618530273,3197.0
2024-07-03 12:24:00,ACB,4.929100036621094,4.929100036621094,4.929999828338623,4.929100036621094,4.929999828338623,2140.0
2024-07-03 12:24:00,ACCD,3.5999999046325684,3.5999999046325684,3.5999999046325684,3.5950000286102295,3.5999999046325684,188567.0
2024-07-03 12:24:00,ACET,1.0850000381469727,1.0850000381469727,1.0850000381469727,1.0800000429153442,1.0800000429153442,1846.0
2024-07-03 12:24:00,ACHC,66.75499725341797,66.75499725341797,66.76000213623047,66.70999908447266,66.76000213623047,1735.0
2024-07-03 12:24:00,ACRS,1.149999976158142,1.149999976158142,1.1531000137329102,1.149999976158142,1.1531000137329102,729.0
2024-07-03 12:24:00,ADAP,1.0049999952316284,1.0049999952316284,1.0049999952316284,1.0049999952316284,1.0049999952316284,205.0
2024-07-03 12:24:00,ADMA,11.192500114440918,11.192500114440918,11.199999809265137,11.192500114440918,11.199999809265137,4356.0
2024-07-03 12:24:00,ADPT,3.4200000762939453,3.4200000762939453,3.4200000762939453,3.4149999618530273,3.4149999618530273,438.0
2024-07-03 12:24:00,AEMD,0.4058000147342682,0.4058000147342682,0.4058000147342682,0.4058000147342682,0.4058000147342682,289.0
2024-07-03 12:24:00,AHCO,9.789999961853027,9.789999961853027,9.789999961853027,9.789999961853027,9.789999961853027,1562.0
2024-07-03 12:24:00,AIMD,0.9049999713897705,0.9049999713897705,0.9129999876022339,0.9049999713897705,0.9129999876022339,5698.0
2024-07-03 12:24:00,AKYA,2.109999895095825,2.109999895095825,2.109999895095825,2.109999895095825,2.109999895095825,525.0
2024-07-03 12:24:00,ALDX,3.200000047683716,3.200000047683716,3.200000047683716,3.200000047683716,3.200000047683716,660.0
2024-07-03 12:24:00,ALEC,4.420000076293945,4.420000076293945,4.420000076293945,4.420000076293945,4.420000076293945,724.0
2024-07-03 12:24:00,ALGN,242.6999969482422,242.6999969482422,242.6999969482422,242.6999969482422,242.6999969482422,356.0
2024-07-03 12:24:00,ALHC,8.020000457763672,8.020000457763672,8.039999961853027,8.020000457763672,8.039999961853027,2964.0
2024-07-03 12:24:00,ALKS,24.19499969482422,24.19499969482422,24.19499969482422,24.19499969482422,24.19499969482422,323.0
2024-07-03 12:24:00,ALLO,2.0950000286102295,2.0950000286102295,2.0950000286102295,2.0950000286102295,2.0950000286102295,2429.0
2024-07-03 12:24:00,ALNY,246.1300048828125,246.1300048828125,246.47999572753906,246.0500030517578,246.47999572753906,7113.0
2024-07-03 12:24:00,ALT,6.644999980926514,6.644999980926514,6.644999980926514,6.639999866485596,6.644999980926514,1577.0
2024-07-03 12:24:00,ALVR,0.7317000031471252,0.7317000031471252,0.7330999970436096,0.7317000031471252,0.7330999970436096,11771.0
2024-07-03 12:24:00,AMED,97.08000183105469,97.08000183105469,97.08000183105469,97.08000183105469,97.08000183105469,158.0
2024-07-03 12:24:00,AMGN,307.1499938964844,307.1499938964844,307.2200012207031,307.1000061035156,307.1099853515625,1918.0
2024-07-03 12:24:00,AMLX,1.75,1.75,1.7549999952316284,1.75,1.7549999952316284,4034.0
2024-07-03 12:24:00,AMPH,38.20500183105469,38.20500183105469,38.2400016784668,38.19110107421875,38.2400016784668,2229.0
2024-07-03 12:24:00,AMRN,0.6909999847412109,0.6909999847412109,0.6909999847412109,0.6909999847412109,0.6909999847412109,610.0
2024-07-03 12:24:00,ANIP,60.79999923706055,60.79999923706055,60.79999923706055,60.79999923706055,60.79999923706055,329.0
2024-07-03 12:24:00,ANNX,4.764999866485596,4.764999866485596,4.769999980926514,4.764999866485596,4.764999866485596,2425.0
2024-07-03 12:24:00,ANTX,2.5799999237060547,2.5799999237060547,2.5992000102996826,2.5736000537872314,2.5799999237060547,5436.0
2024-07-03 12:24:00,APLS,35.14500045776367,35.14500045776367,35.14500045776367,35.125,35.125,767.0
2024-07-03 12:24:00,APLT,4.349999904632568,4.349999904632568,4.350299835205078,4.349999904632568,4.349999904632568,2994.0
2024-07-03 12:24:00,APVO,0.31369999051094055,0.31369999051094055,0.31369999051094055,0.31369999051094055,0.31369999051094055,300.0
2024-07-03 12:24:00,AQST,2.4149999618530273,2.4149999618530273,2.4149999618530273,2.4149999618530273,2.4149999618530273,230.0
2024-07-03 12:24:00,ARCT,21.67060089111328,21.67060089111328,21.725000381469727,21.650100708007812,21.71500015258789,1756.0
2024-07-03 12:24:00,ARDX,5.275000095367432,5.275000095367432,5.28000020980835,5.269999980926514,5.275000095367432,3124.0
2024-07-03 12:24:00,ARQT,9.579999923706055,9.579999923706055,9.579999923706055,9.579999923706055,9.579999923706055,1133.0
2024-07-03 12:24:00,ARVN,24.0049991607666,24.0049991607666,24.0049991607666,24.0049991607666,24.0049991607666,750.0
2024-07-03 12:24:00,ASRT,1.3350000381469727,1.3350000381469727,1.3350000381469727,1.3350000381469727,1.3350000381469727,833.0
2024-07-03 12:24:00,ATAI,1.284999966621399,1.284999966621399,1.284999966621399,1.284999966621399,1.284999966621399,350.0
2024-07-03 12:24:00,ATOS,1.1649999618530273,1.1649999618530273,1.1649999618530273,1.1649999618530273,1.1649999618530273,602.0
2024-07-03 12:24:00,ATRC,22.350000381469727,22.350000381469727,22.350000381469727,22.350000381469727,22.350000381469727,200.0
2024-07-03 12:24:00,ATXS,9.050000190734863,9.050000190734863,9.0600004196167,9.050000190734863,9.050000190734863,1434.0
2024-07-03 12:24:00,AUGX,1.0,1.0,1.0,1.0,1.0,1294.0
2024-07-03 12:24:00,AUPH,5.474999904632568,5.474999904632568,5.474999904632568,5.474999904632568,5.474999904632568,1342.0
2024-07-03 12:24:00,AUTL,3.484999895095825,3.484999895095825,3.490000009536743,3.484999895095825,3.490000009536743,485.0
2024-07-03 12:24:00,AVDL,14.430000305175781,14.430000305175781,14.430000305175781,14.430000305175781,14.430000305175781,443.0
2024-07-03 12:24:00,AVTE,1.690000057220459,1.690000057220459,1.690000057220459,1.684999942779541,1.690000057220459,1601.0
2024-07-03 12:24:00,AVXL,4.139999866485596,4.139999866485596,4.139999866485596,4.130000114440918,4.135000228881836,644.0
2024-07-03 12:24:00,AWH,1.0149999856948853,1.0149999856948853,1.0149999856948853,1.0149999856948853,1.0149999856948853,1391.0
2024-07-03 12:24:00,AXSM,79.66999816894531,79.66999816894531,79.7300033569336,79.63500213623047,79.63500213623047,1142.0
2024-07-03 12:24:00,AZN,76.83499908447266,76.83499908447266,76.83999633789062,76.82499694824219,76.82499694824219,6422.0
2024-07-03 12:24:00,BBIO,25.389999389648438,25.389999389648438,25.40999984741211,25.3700008392334,25.399999618530273,5042.0
2024-07-03 12:24:00,BCAB,1.4149999618530273,1.4149999618530273,1.4199999570846558,1.4149999618530273,1.4199999570846558,2342.0
2024-07-03 12:24:00,BCRX,6.480000019073486,6.480000019073486,6.480000019073486,6.474999904632568,6.474999904632568,852.0
2024-07-03 12:24:00,BEAM,23.579500198364258,23.579500198364258,23.579500198364258,23.537500381469727,23.549999237060547,5760.0
2024-07-03 12:24:00,BGNE,148.33999633789062,148.33999633789062,148.33999633789062,148.33999633789062,148.33999633789062,281.0
2024-07-03 12:24:00,BGXX,0.2637999951839447,0.2637999951839447,0.2637999951839447,0.2637999951839447,0.2637999951839447,211.0
2024-07-03 12:24:00,BIIB,223.23500061035156,223.23500061035156,223.23500061035156,223.1300048828125,223.22999572753906,985.0
2024-07-03 12:24:00,BLRX,0.51910001039505,0.51910001039505,0.51910001039505,0.51910001039505,0.51910001039505,10059.0
2024-07-03 12:24:00,BLTE,45.869998931884766,45.869998931884766,45.869998931884766,45.810001373291016,45.810001373291016,582.0
2024-07-03 12:24:00,BLUE,0.9200000166893005,0.9200000166893005,0.921500027179718,0.9200000166893005,0.921500027179718,4530.0
2024-07-03 12:24:00,BMEA,4.304999828338623,4.304999828338623,4.304999828338623,4.304999828338623,4.304999828338623,250.0
2024-07-03 12:24:00,BMRN,80.8550033569336,80.8550033569336,80.91000366210938,80.8550033569336,80.91000366210938,1051.0
2024-07-03 12:24:00,BNGO,0.5759999752044678,0.5759999752044678,0.5759999752044678,0.5759999752044678,0.5759999752044678,200.0
2024-07-03 12:24:00,BNTX,80.31999969482422,80.31999969482422,80.32499694824219,80.31999969482422,80.31999969482422,600.0
2024-07-03 12:24:00,BPMC,110.73500061035156,110.73500061035156,110.73500061035156,110.73500061035156,110.73500061035156,1132.0
2024-07-03 12:24:00,BRKR,61.474998474121094,61.474998474121094,61.474998474121094,61.474998474121094,61.474998474121094,490.0
2024-07-03 12:24:00,BTAI,1.0800000429153442,1.0800000429153442,1.0850000381469727,1.0800000429153442,1.0850000381469727,337.0
2024-07-03 12:24:00,BVS,6.0,6.0,6.0,6.0,6.0,254.0
2024-07-03 12:24:00,CABA,7.519999980926514,7.519999980926514,7.519999980926514,7.519999980926514,7.519999980926514,1014.0
2024-07-03 12:24:00,CCCC,4.554999828338623,4.554999828338623,4.570000171661377,4.554999828338623,4.559999942779541,4529.0
2024-07-03 12:24:00,CDMO,7.77239990234375,7.77239990234375,7.789999961853027,7.739999771118164,7.789999961853027,11825.0
2024-07-03 12:24:00,CDXS,2.869999885559082,2.869999885559082,2.869999885559082,2.865000009536743,2.865000009536743,302.0
2024-07-03 12:24:00,CELC,16.239999771118164,16.239999771118164,16.239999771118164,16.239999771118164,16.239999771118164,255.0
2024-07-03 12:24:00,CERE,40.15999984741211,40.15999984741211,40.220001220703125,40.15999984741211,40.17499923706055,14966.0
2024-07-03 12:24:00,CERS,1.715000033378601,1.715000033378601,1.715000033378601,1.715000033378601,1.715000033378601,715.0
2024-07-03 12:24:00,CERT,13.770000457763672,13.770000457763672,13.770000457763672,13.750100135803223,13.760000228881836,1383.0
2024-07-03 12:24:00,CGC,6.585000038146973,6.585000038146973,6.589099884033203,6.585000038146973,6.589099884033203,1494.0
2024-07-03 12:24:00,CGEM,16.639999389648438,16.639999389648438,16.65999984741211,16.639999389648438,16.649999618530273,1152.0
2024-07-03 12:24:00,CGEN,1.6799999475479126,1.6799999475479126,1.6799999475479126,1.6799999475479126,1.6799999475479126,4717.0
2024-07-03 12:24:00,CHRS,1.3849999904632568,1.3849999904632568,1.3849999904632568,1.3849999904632568,1.3849999904632568,2180.0
2024-07-03 12:24:00,CKPT,2.1649999618530273,2.1649999618530273,2.1649999618530273,2.1649999618530273,2.1649999618530273,524.0
2024-07-03 12:24:00,CLDX,36.130001068115234,36.130001068115234,36.130001068115234,36.130001068115234,36.130001068115234,1177.0
2024-07-03 12:24:00,CLOV,1.2549999952316284,1.2549999952316284,1.2599999904632568,1.25,1.25,15274.0
2024-07-03 12:24:00,CLRB,2.4549999237060547,2.4549999237060547,2.4549999237060547,2.4549999237060547,2.4549999237060547,339.0
2024-07-03 12:24:00,CMAX,2.2899999618530273,2.2899999618530273,2.2899999618530273,2.2899999618530273,2.2899999618530273,425.0
2024-07-03 12:24:00,CMPS,6.210000038146973,6.210000038146973,6.224999904632568,6.210000038146973,6.224999904632568,229.0
2024-07-03 12:24:00,CMPX,0.8539999723434448,0.8539999723434448,0.8539999723434448,0.8539999723434448,0.8539999723434448,100.0
2024-07-03 12:24:00,CNSP,1.4397000074386597,1.4397000074386597,1.4700000286102295,1.4199999570846558,1.4609999656677246,55959.0
2024-07-03 12:24:00,COGT,8.359999656677246,8.359999656677246,8.359999656677246,8.359999656677246,8.359999656677246,205.0
2024-07-03 12:24:00,CORT,30.370100021362305,30.370100021362305,30.370100021362305,30.370100021362305,30.370100021362305,489.0
2024-07-03 12:24:00,COSM,0.9121999740600586,0.9121999740600586,0.9200000166893005,0.9121999740600586,0.9200000166893005,3749.0
2024-07-03 12:24:00,CRBP,50.27000045776367,50.27000045776367,50.27000045776367,50.2599983215332,50.2599983215332,1013.0
2024-07-03 12:24:00,CRBU,1.5549999475479126,1.5549999475479126,1.5599000453948975,1.5549999475479126,1.5599000453948975,10692.0
2024-07-03 12:24:00,CRDF,2.2850000858306885,2.2850000858306885,2.2850000858306885,2.279900074005127,2.279900074005127,3386.0
2024-07-03 12:24:00,CRON,2.3101999759674072,2.3101999759674072,2.3101999759674072,2.3101999759674072,2.3101999759674072,200.0
2024-07-03 12:24:00,CRSP,53.72999954223633,53.72999954223633,53.75,53.689998626708984,53.75,1307.0
2024-07-03 12:24:00,CTKB,5.610000133514404,5.610000133514404,5.610000133514404,5.610000133514404,5.610000133514404,8987.0
2024-07-03 12:24:00,CTMX,1.2999999523162842,1.2999999523162842,1.2999999523162842,1.2999999523162842,1.2999999523162842,435.0
2024-07-03 12:24:00,CTSO,0.8299999833106995,0.8299999833106995,0.8299999833106995,0.8299999833106995,0.8299999833106995,1802.0
2024-07-03 12:24:00,CTXR,0.5019999742507935,0.5019999742507935,0.5019999742507935,0.5015000104904175,0.5015000104904175,8620.0
2024-07-03 12:24:00,CUTR,1.2999999523162842,1.2999999523162842,1.2999999523162842,1.2999999523162842,1.2999999523162842,509.0
2024-07-03 12:24:00,CVAC,3.240000009536743,3.240000009536743,3.244999885559082,3.229300022125244,3.244999885559082,13420.0
2024-07-03 12:24:00,CYTK,54.47999954223633,54.47999954223633,54.52000045776367,54.470001220703125,54.470001220703125,3313.0
2024-07-03 12:24:00,DARE,3.170099973678589,3.170099973678589,3.170099973678589,3.160099983215332,3.160099983215332,1002.0
2024-07-03 12:24:00,DAWN,13.319999694824219,13.319999694824219,13.329999923706055,13.3100004196167,13.3100004196167,2251.0
2024-07-03 12:24:00,DERM,5.170000076293945,5.170000076293945,5.170000076293945,5.170000076293945,5.170000076293945,1700.0
2024-07-03 12:24:00,DNLI,21.420000076293945,21.420000076293945,21.43000030517578,21.420000076293945,21.420000076293945,1365.0
2024-07-03 12:24:00,DSGN,3.299999952316284,3.299999952316284,3.299999952316284,3.299999952316284,3.299999952316284,388.0
2024-07-03 12:24:00,DVAX,11.074999809265137,11.074999809265137,11.079999923706055,11.074999809265137,11.079999923706055,662.0
2024-07-03 12:24:00,DXCM,111.18000030517578,111.18000030517578,111.2300033569336,111.0,111.11000061035156,22454.0
2024-07-03 12:24:00,DYAI,1.5399999618530273,1.5399999618530273,1.5399999618530273,1.5302000045776367,1.5303000211715698,782.0
2024-07-03 12:24:00,DYN,33.84000015258789,33.84000015258789,33.970001220703125,33.792598724365234,33.970001220703125,2939.0
2024-07-03 12:24:00,EDIT,4.625,4.625,4.625,4.625,4.625,370.0
2024-07-03 12:24:00,ELEV,2.630000114440918,2.630000114440918,2.630000114440918,2.630000114440918,2.630000114440918,300.0
2024-07-03 12:24:00,ENSC,0.45100000500679016,0.45100000500679016,0.45100000500679016,0.45100000500679016,0.45100000500679016,900.0
2024-07-03 12:24:00,ENVB,0.5097000002861023,0.5097000002861023,0.5097000002861023,0.5097000002861023,0.5097000002861023,382.0
2024-07-03 12:24:00,EOLS,10.9399995803833,10.9399995803833,10.9399995803833,10.930000305175781,10.930000305175781,621.0
2024-07-03 12:24:00,ERAS,2.2100000381469727,2.2100000381469727,2.2100000381469727,2.2049999237060547,2.2049999237060547,669.0
2024-07-03 12:24:00,ESPR,2.359999895095825,2.359999895095825,2.369999885559082,2.359999895095825,2.365000009536743,26384.0
2024-07-03 12:24:00,ESTA,43.474998474121094,43.474998474121094,43.474998474121094,43.474998474121094,43.474998474121094,744.0
2024-07-03 12:24:00,ETNB,7.494999885559082,7.494999885559082,7.494999885559082,7.494999885559082,7.494999885559082,961.0
2024-07-03 12:24:00,EVO,5.130000114440918,5.130000114440918,5.130000114440918,5.130000114440918,5.130000114440918,684.0
2024-07-03 12:24:00,EWTX,18.059999465942383,18.059999465942383,18.059999465942383,18.059999465942383,18.059999465942383,511.0
2024-07-03 12:24:00,EXAI,5.440000057220459,5.440000057220459,5.440000057220459,5.440000057220459,5.440000057220459,0.0
2024-07-03 12:24:00,EXAS,43.16999816894531,43.16999816894531,43.20000076293945,43.150001525878906,43.20000076293945,4165.0
2024-07-03 12:24:00,EXEL,21.844999313354492,21.844999313354492,21.844999313354492,21.84000015258789,21.844999313354492,989.0
2024-07-03 12:24:00,EYPT,8.630000114440918,8.630000114440918,8.630000114440918,8.625,8.625,595.0
2024-07-03 12:24:00,FATE,3.1649999618530273,3.1649999618530273,3.1700000762939453,3.1600000858306885,3.1600000858306885,2205.0
2024-07-03 12:24:00,FBIO,1.7699999809265137,1.7699999809265137,1.7799999713897705,1.7699999809265137,1.7799999713897705,437.0
2024-07-03 12:24:00,FDMT,20.934999465942383,20.934999465942383,20.934999465942383,20.934999465942383,20.934999465942383,464.0
2024-07-03 12:24:00,FGEN,0.717199981212616,0.717199981212616,0.7188000082969666,0.7156999707221985,0.7188000082969666,3700.0
2024-07-03 12:24:00,FHTX,5.53000020980835,5.53000020980835,5.579999923706055,5.53000020980835,5.559999942779541,2509.0
2024-07-03 12:24:00,FOLD,9.864999771118164,9.864999771118164,9.864999771118164,9.864999771118164,9.864999771118164,720.0
2024-07-03 12:24:00,FULC,6.125,6.125,6.125,6.125,6.125,208.0
2024-07-03 12:24:00,GALT,2.1700000762939453,2.1700000762939453,2.1700000762939453,2.1700000762939453,2.1700000762939453,1313.0
2024-07-03 12:24:00,GDRX,7.769999980926514,7.769999980926514,7.769999980926514,7.769999980926514,7.769999980926514,200.0
2024-07-03 12:24:00,GERN,4.329999923706055,4.329999923706055,4.329999923706055,4.324999809265137,4.324999809265137,3409.0
2024-07-03 12:24:00,GH,28.225000381469727,28.225000381469727,28.225000381469727,28.200000762939453,28.209999084472656,668.0
2024-07-03 12:24:00,GHRS,11.600000381469727,11.600000381469727,11.600000381469727,11.600000381469727,11.600000381469727,429.0
2024-07-03 12:24:00,GILD,66.98500061035156,66.98500061035156,66.98500061035156,66.94000244140625,66.94999694824219,5338.0
2024-07-03 12:24:00,GLPG,25.030000686645508,25.030000686645508,25.06999969482422,25.024999618530273,25.024999618530273,14840.0
2024-07-03 12:24:00,GLSI,16.774999618530273,16.774999618530273,16.774999618530273,16.774999618530273,16.774999618530273,900.0
2024-07-03 12:24:00,GLUE,3.8499999046325684,3.8499999046325684,3.865000009536743,3.8499999046325684,3.865000009536743,1652.0
2024-07-03 12:24:00,GOSS,0.9613000154495239,0.9613000154495239,0.9614999890327454,0.9610999822616577,0.9613999724388123,2022.0
2024-07-03 12:24:00,GOVX,2.8980000019073486,2.8980000019073486,2.8980000019073486,2.880000114440918,2.890000104904175,5303.0
2024-07-03 12:24:00,GRFS,6.664999961853027,6.664999961853027,6.664999961853027,6.664999961853027,6.664999961853027,300.0
2024-07-03 12:24:00,GTHX,2.555000066757202,2.555000066757202,2.559999942779541,2.555000066757202,2.559999942779541,935.0
2024-07-03 12:24:00,HALO,52.200801849365234,52.200801849365234,52.22999954223633,52.20000076293945,52.22999954223633,2637.0
2024-07-03 12:24:00,HCAT,6.159999847412109,6.159999847412109,6.159999847412109,6.159999847412109,6.159999847412109,125.0
2024-07-03 12:24:00,HITI,2.1340999603271484,2.1340999603271484,2.1340999603271484,2.1340999603271484,2.1340999603271484,225.0
2024-07-03 12:24:00,HOLX,73.16999816894531,73.16999816894531,73.16999816894531,73.12249755859375,73.12999725341797,5935.0
2024-07-03 12:24:00,HOOK,0.5860000252723694,0.5860000252723694,0.5860000252723694,0.5860000252723694,0.5860000252723694,410.0
2024-07-03 12:24:00,HQY,83.67500305175781,83.67500305175781,83.67500305175781,83.67500305175781,83.67500305175781,254.0
2024-07-03 12:24:00,HRMY,30.709999084472656,30.709999084472656,30.709999084472656,30.549999237060547,30.549999237060547,10578.0
2024-07-03 12:24:00,HROW,21.405000686645508,21.405000686645508,21.405000686645508,21.405000686645508,21.405000686645508,185.0
2024-07-03 12:24:00,HRTX,2.734999895095825,2.734999895095825,2.744999885559082,2.734999895095825,2.744999885559082,6820.0
2024-07-03 12:24:00,HSIC,65.0,65.0,65.0,64.94000244140625,64.94999694824219,5328.0
2024-07-03 12:24:00,HSTM,27.520000457763672,27.520000457763672,27.520000457763672,27.520000457763672,27.520000457763672,980.0
2024-07-03 12:24:00,HUGE,0.14159999787807465,0.14159999787807465,0.14159999787807465,0.14159999787807465,0.14159999787807465,0.0
2024-07-03 12:24:00,HUMA,5.771500110626221,5.771500110626221,5.789999961853027,5.75,5.75,10513.0
2024-07-03 12:24:00,IART,28.56999969482422,28.56999969482422,28.579999923706055,28.510000228881836,28.510000228881836,2804.0
2024-07-03 12:24:00,IBRX,6.275000095367432,6.275000095367432,6.275000095367432,6.275000095367432,6.275000095367432,576.0
2024-07-03 12:24:00,ICAD,1.25,1.25,1.25,1.25,1.25,0.0
2024-07-03 12:24:00,ICLR,317.8599853515625,317.8599853515625,317.8599853515625,317.8599853515625,317.8599853515625,691.0
2024-07-03 12:24:00,ICUI,118.01000213623047,118.01000213623047,118.01000213623047,118.01000213623047,118.01000213623047,1589.0
2024-07-03 12:24:00,IDXX,477.739990234375,477.739990234375,477.739990234375,477.739990234375,477.739990234375,866.0
2024-07-03 12:24:00,IDYA,33.25,33.25,33.29499816894531,33.25,33.29499816894531,1606.0
2024-07-03 12:24:00,ILMN,105.75499725341797,105.75499725341797,105.75499725341797,105.69999694824219,105.69999694824219,1206.0
2024-07-03 12:24:00,IMAB,1.534999966621399,1.534999966621399,1.534999966621399,1.534999966621399,1.534999966621399,227.0
2024-07-03 12:24:00,IMCR,35.939998626708984,35.939998626708984,35.959999084472656,35.90999984741211,35.959999084472656,3338.0
2024-07-03 12:24:00,IMMP,2.0199999809265137,2.0199999809265137,2.0199999809265137,2.0199999809265137,2.0199999809265137,232.0
2024-07-03 12:24:00,IMMX,2.309999942779541,2.309999942779541,2.3299999237060547,2.309999942779541,2.3299999237060547,3406.0
2024-07-03 12:24:00,IMNM,12.039999961853027,12.039999961853027,12.039999961853027,12.037500381469727,12.039999961853027,1339.0
2024-07-03 12:24:00,IMRX,1.1299999952316284,1.1299999952316284,1.1299999952316284,1.1299999952316284,1.1299999952316284,594.0
2024-07-03 12:24:00,IMUX,1.1399999856948853,1.1399999856948853,1.1399999856948853,1.1399999856948853,1.1399999856948853,384.0
2024-07-03 12:24:00,IMVT,26.030000686645508,26.030000686645508,26.049999237060547,26.030000686645508,26.049999237060547,1713.0
2024-07-03 12:24:00,INBX,13.050000190734863,13.050000190734863,13.050000190734863,13.050000190734863,13.050000190734863,697.0
2024-07-03 12:24:00,INCY,57.689998626708984,57.689998626708984,57.70000076293945,57.63999938964844,57.64500045776367,7816.0
2024-07-03 12:24:00,INNV,5.047399997711182,5.047399997711182,5.047399997711182,5.047399997711182,5.047399997711182,164.0
2024-07-03 12:24:00,INSM,61.9900016784668,61.9900016784668,62.0099983215332,61.959999084472656,61.959999084472656,4436.0
2024-07-03 12:24:00,IONM,0.3199999928474426,0.3199999928474426,0.3199999928474426,0.3199999928474426,0.3199999928474426,300.0
2024-07-03 12:24:00,IONS,44.904998779296875,44.904998779296875,44.915000915527344,44.880001068115234,44.89500045776367,4676.0
2024-07-03 12:24:00,IOVA,7.420000076293945,7.420000076293945,7.429900169372559,7.409999847412109,7.429900169372559,23646.0
2024-07-03 12:24:00,IRWD,6.135000228881836,6.135000228881836,6.135000228881836,6.125,6.125,2035.0
2024-07-03 12:24:00,ISRG,434.05499267578125,434.05499267578125,434.1499938964844,433.8500061035156,433.8500061035156,4860.0
2024-07-03 12:24:00,ITCI,68.86499786376953,68.86499786376953,68.87000274658203,68.69999694824219,68.69999694824219,3725.0
2024-07-03 12:24:00,IVVD,1.100000023841858,1.100000023841858,1.100000023841858,1.0950000286102295,1.0950000286102295,549.0
2024-07-03 12:24:00,JAGX,3.4800000190734863,3.4800000190734863,3.4800000190734863,3.4800000190734863,3.4800000190734863,109.0
2024-07-03 12:24:00,JAZZ,103.53500366210938,103.53500366210938,103.58000183105469,103.5199966430664,103.5199966430664,1987.0
2024-07-03 12:24:00,KALV,11.640000343322754,11.640000343322754,11.640000343322754,11.640000343322754,11.640000343322754,794.0
2024-07-03 12:24:00,KIDS,29.84000015258789,29.84000015258789,29.84000015258789,29.84000015258789,29.84000015258789,462.0
2024-07-03 12:24:00,KOD,2.200000047683716,2.200000047683716,2.200000047683716,2.200000047683716,2.200000047683716,141.0
2024-07-03 12:24:00,KPTI,0.8306999802589417,0.8306999802589417,0.8309000134468079,0.8306999802589417,0.8309000134468079,809.0
2024-07-03 12:24:00,KROS,42.40999984741211,42.40999984741211,42.40999984741211,42.40999984741211,42.40999984741211,694.0
2024-07-03 12:24:00,KTRA,0.2750999927520752,0.2750999927520752,0.2750999927520752,0.2750999927520752,0.2750999927520752,39166.0
2024-07-03 12:24:00,KYMR,30.104999542236328,30.104999542236328,30.1299991607666,30.079999923706055,30.079999923706055,1522.0
2024-07-03 12:24:00,KZR,0.5777999758720398,0.5777999758720398,0.5777999758720398,0.5777999758720398,0.5777999758720398,487.0
2024-07-03 12:24:00,LAB,1.840000033378601,1.840000033378601,1.840000033378601,1.8250000476837158,1.8300000429153442,11385.0
2024-07-03 12:24:00,LEGN,46.189998626708984,46.189998626708984,46.189998626708984,46.16999816894531,46.16999816894531,306.0
2024-07-03 12:24:00,LFMD,6.795000076293945,6.795000076293945,6.795000076293945,6.795000076293945,6.795000076293945,544.0
2024-07-03 12:24:00,LIVN,52.75,52.75,52.83000183105469,52.75,52.83000183105469,2827.0
2024-07-03 12:24:00,LIXT,2.3459999561309814,2.3459999561309814,2.3459999561309814,2.3459999561309814,2.3459999561309814,0.0
2024-07-03 12:24:00,LNTH,79.62999725341797,79.62999725341797,79.68000030517578,79.62999725341797,79.66000366210938,3287.0
2024-07-03 12:24:00,LQDA,11.949999809265137,11.949999809265137,11.954999923706055,11.949999809265137,11.954999923706055,1219.0
2024-07-03 12:24:00,LUNG,6.309999942779541,6.309999942779541,6.309999942779541,6.309999942779541,6.309999942779541,460.0
2024-07-03 12:24:00,LXRX,1.6100000143051147,1.6100000143051147,1.6200000047683716,1.6100000143051147,1.6200000047683716,2011.0
2024-07-03 12:24:00,LYRA,0.2858000099658966,0.2858000099658966,0.2858000099658966,0.2858000099658966,0.2858000099658966,400.0
2024-07-03 12:24:00,MASI,114.62999725341797,114.62999725341797,114.69999694824219,114.51000213623047,114.51000213623047,3159.0
2024-07-03 12:24:00,MCRB,0.7330999970436096,0.7330999970436096,0.7330999970436096,0.7330999970436096,0.7330999970436096,157.0
2024-07-03 12:24:00,MDXG,6.775000095367432,6.775000095367432,6.775000095367432,6.755000114440918,6.755000114440918,3831.0
2024-07-03 12:24:00,ME,0.4092999994754791,0.4092999994754791,0.41019999980926514,0.4092999994754791,0.41019999980926514,4338.0
2024-07-03 12:24:00,MGNX,4.184999942779541,4.184999942779541,4.184999942779541,4.184999942779541,4.184999942779541,417.0
2024-07-03 12:24:00,MGTX,3.9600000381469727,3.9600000381469727,3.9600000381469727,3.9600000381469727,3.9600000381469727,951.0
2024-07-03 12:24:00,MLTX,41.439998626708984,41.439998626708984,41.439998626708984,41.36000061035156,41.36000061035156,1222.0
2024-07-03 12:24:00,MMSI,85.87000274658203,85.87000274658203,85.87000274658203,85.87000274658203,85.87000274658203,741.0
2024-07-03 12:24:00,MNKD,5.019999980926514,5.019999980926514,5.019999980926514,5.005000114440918,5.005000114440918,6936.0
2024-07-03 12:24:00,MNMD,7.190000057220459,7.190000057220459,7.190000057220459,7.190000057220459,7.190000057220459,1690.0
2024-07-03 12:24:00,MORF,31.8799991607666,31.8799991607666,31.90999984741211,31.8799991607666,31.899999618530273,741.0
2024-07-03 12:24:00,MRNA,115.86009979248047,115.86009979248047,116.01499938964844,115.86009979248047,116.01499938964844,4385.0
2024-07-03 12:24:00,MRNS,1.2000000476837158,1.2000000476837158,1.2000000476837158,1.2000000476837158,1.2000000476837158,485.0
2024-07-03 12:24:00,MRSN,1.840000033378601,1.840000033378601,1.850000023841858,1.840000033378601,1.840000033378601,331.0
2024-07-03 12:24:00,MRUS,52.494998931884766,52.494998931884766,52.560001373291016,52.494998931884766,52.494998931884766,720.0
2024-07-03 12:24:00,MXCT,3.7049999237060547,3.7049999237060547,3.7049999237060547,3.7049999237060547,3.7049999237060547,200.0
2024-07-03 12:24:00,MYGN,24.959999084472656,24.959999084472656,25.0,24.959999084472656,25.0,1906.0
2024-07-03 12:24:00,NARI,49.75,49.75,49.75,49.75,49.75,1284.0
2024-07-03 12:24:00,NAUT,2.309999942779541,2.309999942779541,2.309999942779541,2.309999942779541,2.309999942779541,1651.0
2024-07-03 12:24:00,NBIX,138.24000549316406,138.24000549316406,138.24000549316406,138.02000427246094,138.02000427246094,2589.0
2024-07-03 12:24:00,NDRA,0.09179999679327011,0.09179999679327011,0.09189999848604202,0.09149999916553497,0.0917000025510788,76957.0
2024-07-03 12:24:00,NEOG,15.135000228881836,15.135000228881836,15.135000228881836,15.135000228881836,15.135000228881836,115.0
2024-07-03 12:24:00,NKTR,1.2799999713897705,1.2799999713897705,1.2799999713897705,1.277999997138977,1.2799999713897705,2574.0
2024-07-03 12:24:00,NKTX,5.320000171661377,5.320000171661377,5.320000171661377,5.320000171661377,5.320000171661377,410.0
2024-07-03 12:24:00,NOTV,1.652500033378601,1.652500033378601,1.652500033378601,1.652500033378601,1.652500033378601,6000.0
2024-07-03 12:24:00,NRC,23.020000457763672,23.020000457763672,23.049999237060547,23.020000457763672,23.049999237060547,916.0
2024-07-03 12:24:00,NRIX,19.542499542236328,19.542499542236328,19.559999465942383,19.510000228881836,19.510000228881836,1559.0
2024-07-03 12:24:00,NRSN,1.2899999618530273,1.2899999618530273,1.2899999618530273,1.2899999618530273,1.2899999618530273,145.0
2024-07-03 12:24:00,NTLA,22.709999084472656,22.709999084472656,22.709999084472656,22.709999084472656,22.709999084472656,714.0
2024-07-03 12:24:00,NTRA,111.58000183105469,111.58000183105469,111.58000183105469,111.58000183105469,111.58000183105469,498.0
2024-07-03 12:24:00,NUWE,3.875,3.875,3.875,3.875,3.875,1403.0
2024-07-03 12:24:00,NVAX,12.550000190734863,12.550000190734863,12.555000305175781,12.539999961853027,12.555000305175781,4195.0
2024-07-03 12:24:00,NVCR,16.649999618530273,16.649999618530273,16.649999618530273,16.649999618530273,16.649999618530273,431.0
2024-07-03 12:24:00,NXL,1.4399000406265259,1.4399000406265259,1.4399000406265259,1.4399000406265259,1.4399000406265259,590.0
2024-07-03 12:24:00,OCGN,1.6200000047683716,1.6200000047683716,1.6200000047683716,1.6100000143051147,1.6200000047683716,1154.0
2024-07-03 12:24:00,OCUL,6.710000038146973,6.710000038146973,6.710000038146973,6.690000057220459,6.699999809265137,8566.0
2024-07-03 12:24:00,OLK,25.75,25.75,25.75,25.75,25.75,267.0
2024-07-03 12:24:00,OM,3.884999990463257,3.884999990463257,3.884999990463257,3.884999990463257,3.884999990463257,203.0
2024-07-03 12:24:00,OMCL,26.59000015258789,26.59000015258789,26.59000015258789,26.59000015258789,26.59000015258789,405.0
2024-07-03 12:24:00,OMGA,1.9149999618530273,1.9149999618530273,1.9149999618530273,1.9149999618530273,1.9149999618530273,218.0
2024-07-03 12:25:00,ABCL,2.7100000381469727,2.7100000381469727,2.7100000381469727,2.700000047683716,2.7049999237060547,12399.0
2024-07-03 12:25:00,ABEO,4.369999885559082,4.369999885559082,4.369999885559082,4.340000152587891,4.340000152587891,4209.0
2024-07-03 12:25:00,ABIO,3.615000009536743,3.615000009536743,3.615000009536743,3.569999933242798,3.569999933242798,1731.0
2024-07-03 12:25:00,ABSI,3.190000057220459,3.190000057220459,3.190000057220459,3.184999942779541,3.184999942779541,1146.0
2024-07-03 12:25:00,ABUS,3.1449999809265137,3.1449999809265137,3.1500000953674316,3.1449999809265137,3.1449999809265137,1900.0
2024-07-03 12:25:00,ACAD,15.539999961853027,15.539999961853027,15.539999961853027,15.539999961853027,15.539999961853027,1382.0
2024-07-03 12:25:00,ACB,4.940000057220459,4.940000057220459,4.940000057220459,4.939000129699707,4.939000129699707,4002.0
2024-07-03 12:25:00,ACCD,3.6449999809265137,3.6449999809265137,3.6600000858306885,3.5999999046325684,3.5999999046325684,31706.0
2024-07-03 12:25:00,ACET,1.0850000381469727,1.0850000381469727,1.0850000381469727,1.0800000429153442,1.0850000381469727,1645.0
2024-07-03 12:25:00,ACHC,66.75499725341797,66.75499725341797,66.75499725341797,66.75499725341797,66.75499725341797,194.0
2024-07-03 12:25:00,ACHV,4.510000228881836,4.510000228881836,4.510000228881836,4.509900093078613,4.509900093078613,583.0
2024-07-03 12:25:00,ACRS,1.149999976158142,1.149999976158142,1.149999976158142,1.149999976158142,1.149999976158142,1020.0
2024-07-03 12:25:00,ADAP,1.0099999904632568,1.0099999904632568,1.0099999904632568,1.0098999738693237,1.0099999904632568,11352.0
2024-07-03 12:25:00,ADMA,11.194999694824219,11.194999694824219,11.194999694824219,11.194999694824219,11.194999694824219,737.0
2024-07-03 12:25:00,ADPT,3.424999952316284,3.424999952316284,3.425299882888794,3.4200000762939453,3.4200000762939453,1412.0
2024-07-03 12:25:00,ADTX,1.5,1.5,1.5,1.4950000047683716,1.4950000047683716,1561.0
2024-07-03 12:25:00,AGEN,14.246000289916992,14.246000289916992,14.264100074768066,14.210000038146973,14.210000038146973,1134.0
2024-07-03 12:25:00,AIMD,0.9199000000953674,0.9199000000953674,0.9199000000953674,0.9199000000953674,0.9199000000953674,104.0
2024-07-03 12:25:00,AKRO,21.909000396728516,21.909000396728516,21.909000396728516,21.889999389648438,21.889999389648438,763.0
2024-07-03 12:25:00,AKYA,2.109999895095825,2.109999895095825,2.115000009536743,2.109999895095825,2.115000009536743,1366.0
2024-07-03 12:25:00,ALDX,3.190000057220459,3.190000057220459,3.190000057220459,3.190000057220459,3.190000057220459,182.0
2024-07-03 12:25:00,ALEC,4.420000076293945,4.420000076293945,4.420000076293945,4.420000076293945,4.420000076293945,206.0
2024-07-03 12:25:00,ALGN,242.72000122070312,242.72000122070312,242.72000122070312,242.6199951171875,242.6199951171875,1256.0
2024-07-03 12:25:00,ALLK,0.8295999765396118,0.8295999765396118,0.8295999765396118,0.8295999765396118,0.8295999765396118,223.0
2024-07-03 12:25:00,ALLO,2.0950000286102295,2.0950000286102295,2.0950000286102295,2.0899999141693115,2.0950000286102295,1118.0
2024-07-03 12:25:00,ALLR,0.2020999938249588,0.2020999938249588,0.20409999787807465,0.2020999938249588,0.20409999787807465,989.0
2024-07-03 12:25:00,ALNY,246.14999389648438,246.14999389648438,246.14999389648438,246.14999389648438,246.14999389648438,1225.0
2024-07-03 12:25:00,ALT,6.640100002288818,6.640100002288818,6.65500020980835,6.630000114440918,6.650000095367432,6509.0
2024-07-03 12:25:00,ALVR,0.7330999970436096,0.7330999970436096,0.7330999970436096,0.7330999970436096,0.7330999970436096,485.0
2024-07-03 12:25:00,ALXO,5.675000190734863,5.675000190734863,5.690000057220459,5.675000190734863,5.679999828338623,2745.0
2024-07-03 12:25:00,AMGN,307.2449951171875,307.2449951171875,307.3399963378906,307.1099853515625,307.2200012207031,1708.0
2024-07-03 12:25:00,AMPH,38.2400016784668,38.2400016784668,38.2400016784668,38.2400016784668,38.2400016784668,574.0
2024-07-03 12:25:00,AMRN,0.694599986076355,0.694599986076355,0.694599986076355,0.6908000111579895,0.694599986076355,2005.0
2024-07-03 12:25:00,ANAB,25.0,25.0,25.0,25.0,25.0,687.0
2024-07-03 12:25:00,ANGO,5.684999942779541,5.684999942779541,5.684999942779541,5.670000076293945,5.670000076293945,1984.0
2024-07-03 12:25:00,ANIK,25.545000076293945,25.545000076293945,25.545000076293945,25.545000076293945,25.545000076293945,247.0
2024-07-03 12:25:00,ANNX,4.764999866485596,4.764999866485596,4.769999980926514,4.764999866485596,4.769999980926514,1510.0
2024-07-03 12:25:00,ANTX,2.5799999237060547,2.5799999237060547,2.5799999237060547,2.5799999237060547,2.5799999237060547,996.0
2024-07-03 12:25:00,APLS,35.119998931884766,35.119998931884766,35.130001068115234,35.099998474121094,35.119998931884766,1420.0
2024-07-03 12:25:00,APLT,4.34499979019165,4.34499979019165,4.349999904632568,4.34499979019165,4.349999904632568,3619.0
2024-07-03 12:25:00,AQST,2.4149999618530273,2.4149999618530273,2.430000066757202,2.4100000858306885,2.4149999618530273,58260.0
2024-07-03 12:25:00,ARCT,21.735000610351562,21.735000610351562,21.735000610351562,21.729999542236328,21.729999542236328,318.0
2024-07-03 12:25:00,ARDX,5.275000095367432,5.275000095367432,5.28000020980835,5.269999980926514,5.275000095367432,11304.0
2024-07-03 12:25:00,ARQT,9.59000015258789,9.59000015258789,9.59000015258789,9.579999923706055,9.579999923706055,1285.0
2024-07-03 12:25:00,ARVN,23.9950008392334,23.9950008392334,24.0049991607666,23.979999542236328,24.0049991607666,1102.0
2024-07-03 12:25:00,ARWR,25.170000076293945,25.170000076293945,25.170000076293945,25.170000076293945,25.170000076293945,974.0
2024-07-03 12:25:00,ASMB,12.010100364685059,12.010100364685059,12.010100364685059,12.010100364685059,12.010100364685059,246.0
2024-07-03 12:25:00,ATAI,1.284999966621399,1.284999966621399,1.284999966621399,1.284999966621399,1.284999966621399,633.0
2024-07-03 12:25:00,ATRC,22.329999923706055,22.329999923706055,22.330900192260742,22.329999923706055,22.330900192260742,1932.0
2024-07-03 12:25:00,ATXS,9.0600004196167,9.0600004196167,9.0600004196167,9.0600004196167,9.0600004196167,260.0
2024-07-03 12:25:00,AUGX,1.0002000331878662,1.0002000331878662,1.0002000331878662,1.0,1.0,403.0
2024-07-03 12:25:00,AURA,6.980000019073486,6.980000019073486,6.980000019073486,6.980000019073486,6.980000019073486,722.0
2024-07-03 12:25:00,AUTL,3.4800000190734863,3.4800000190734863,3.484999895095825,3.4800000190734863,3.484999895095825,2416.0
2024-07-03 12:25:00,AVDL,14.4399995803833,14.4399995803833,14.4399995803833,14.4399995803833,14.4399995803833,796.0
2024-07-03 12:25:00,AVTE,1.684999942779541,1.684999942779541,1.690000057220459,1.684999942779541,1.690000057220459,1246.0
2024-07-03 12:25:00,AVXL,4.135000228881836,4.135000228881836,4.138899803161621,4.135000228881836,4.138899803161621,262.0
2024-07-03 12:25:00,AZN,76.82499694824219,76.82499694824219,76.83000183105469,76.82499694824219,76.83000183105469,4700.0
2024-07-03 12:25:00,AZTA,52.439998626708984,52.439998626708984,52.4900016784668,52.439998626708984,52.459999084472656,3314.0
2024-07-03 12:25:00,BBIO,25.3700008392334,25.3700008392334,25.3799991607666,25.3700008392334,25.3799991607666,551.0
2024-07-03 12:25:00,BCAB,1.4199999570846558,1.4199999570846558,1.4199999570846558,1.4199999570846558,1.4199999570846558,1444.0
2024-07-03 12:25:00,BDTX,4.340000152587891,4.340000152587891,4.340000152587891,4.340000152587891,4.340000152587891,829.0
2024-07-03 12:25:00,BEAM,23.56999969482422,23.56999969482422,23.59000015258789,23.56999969482422,23.579999923706055,3467.0
2024-07-03 12:25:00,BGNE,148.30999755859375,148.30999755859375,148.33999633789062,148.30999755859375,148.33999633789062,862.0
2024-07-03 12:25:00,BIIB,223.52000427246094,223.52000427246094,223.52999877929688,223.3300018310547,223.3300018310547,3746.0
2024-07-03 12:25:00,BIOR,0.6279000043869019,0.6279000043869019,0.6279000043869019,0.6279000043869019,0.6279000043869019,412.0
2024-07-03 12:25:00,BJDX,0.6299999952316284,0.6299999952316284,0.6299999952316284,0.6299999952316284,0.6299999952316284,2576.0
2024-07-03 12:25:00,BLRX,0.5149999856948853,0.5149999856948853,0.5149999856948853,0.5149999856948853,0.5149999856948853,0.0
2024-07-03 12:25:00,BLUE,0.9200000166893005,0.9200000166893005,0.9200000166893005,0.9200000166893005,0.9200000166893005,2422.0
2024-07-03 12:25:00,BMEA,4.304999828338623,4.304999828338623,4.304999828338623,4.304999828338623,4.304999828338623,185.0
2024-07-03 12:25:00,BMRN,80.87999725341797,80.87999725341797,80.8949966430664,80.87999725341797,80.8949966430664,3508.0
2024-07-03 12:25:00,BNGO,0.5770000219345093,0.5770000219345093,0.5770000219345093,0.5770000219345093,0.5770000219345093,940.0
2024-07-03 12:25:00,BNTX,80.26000213623047,80.26000213623047,80.31410217285156,80.26000213623047,80.31410217285156,864.0
2024-07-03 12:25:00,BPMC,110.87000274658203,110.87000274658203,110.87000274658203,110.87000274658203,110.87000274658203,1106.0
2024-07-03 12:25:00,BRKR,61.474998474121094,61.474998474121094,61.47999954223633,61.45000076293945,61.459999084472656,747.0
2024-07-03 12:25:00,BTAI,1.0800000429153442,1.0800000429153442,1.0800000429153442,1.0800000429153442,1.0800000429153442,234.0
2024-07-03 12:25:00,CCCC,4.554999828338623,4.554999828338623,4.554999828338623,4.554999828338623,4.554999828338623,260.0
2024-07-03 12:25:00,CDMO,7.784999847412109,7.784999847412109,7.789999961853027,7.78000020980835,7.78000020980835,1289.0
2024-07-03 12:25:00,CERE,40.25,40.25,40.25,40.16999816894531,40.18000030517578,7121.0
2024-07-03 12:25:00,CGC,6.59499979019165,6.59499979019165,6.599999904632568,6.585000038146973,6.585000038146973,7377.0
2024-07-03 12:25:00,CGEM,16.670000076293945,16.670000076293945,16.719999313354492,16.65999984741211,16.65999984741211,2562.0
2024-07-03 12:25:00,CGEN,1.6799999475479126,1.6799999475479126,1.6799999475479126,1.6799999475479126,1.6799999475479126,0.0
2024-07-03 12:25:00,CHRS,1.3799999952316284,1.3799999952316284,1.3849999904632568,1.3799999952316284,1.3849999904632568,4276.0
2024-07-03 12:25:00,CING,0.3377000093460083,0.3377000093460083,0.3377000093460083,0.3377000093460083,0.3377000093460083,4758.0
2024-07-03 12:25:00,CLOV,1.2549999952316284,1.2549999952316284,1.2549999952316284,1.2549999952316284,1.2549999952316284,10780.0
2024-07-03 12:25:00,CMPS,6.230000019073486,6.230000019073486,6.239999771118164,6.210000038146973,6.210000038146973,368.0
2024-07-03 12:25:00,CMPX,0.8539999723434448,0.8539999723434448,0.8539999723434448,0.8539999723434448,0.8539999723434448,100.0
2024-07-03 12:25:00,CNSP,1.4500000476837158,1.4500000476837158,1.4700000286102295,1.4392000436782837,1.4392000436782837,27670.0
2024-07-03 12:25:00,COGT,8.359999656677246,8.359999656677246,8.359999656677246,8.359999656677246,8.359999656677246,814.0
2024-07-03 12:25:00,COLL,32.43000030517578,32.43000030517578,32.43000030517578,32.40999984741211,32.40999984741211,776.0
2024-07-03 12:25:00,CORT,30.3700008392334,30.3700008392334,30.3700008392334,30.3700008392334,30.3700008392334,435.0
2024-07-03 12:25:00,COSM,0.9200000166893005,0.9200000166893005,0.9200000166893005,0.9200000166893005,0.9200000166893005,2897.0
2024-07-03 12:25:00,CPRX,15.427599906921387,15.427599906921387,15.427599906921387,15.427599906921387,15.427599906921387,863.0
2024-07-03 12:25:00,CRBP,50.4900016784668,50.4900016784668,50.4900016784668,50.310001373291016,50.310001373291016,834.0
2024-07-03 12:25:00,CRBU,1.5699000358581543,1.5699000358581543,1.5699000358581543,1.5549999475479126,1.5549999475479126,10424.0
2024-07-03 12:25:00,CRDF,2.2850000858306885,2.2850000858306885,2.2850000858306885,2.2850000858306885,2.2850000858306885,0.0
2024-07-03 12:25:00,CRMD,4.150000095367432,4.150000095367432,4.150000095367432,4.144999980926514,4.144999980926514,3086.0
2024-07-03 12:25:00,CRNX,44.619998931884766,44.619998931884766,44.619998931884766,44.619998931884766,44.619998931884766,929.0
2024-07-03 12:25:00,CRON,2.3101000785827637,2.3101000785827637,2.315000057220459,2.309999942779541,2.315000057220459,1293.0
2024-07-03 12:25:00,CSTL,21.049999237060547,21.049999237060547,21.049999237060547,21.049999237060547,21.049999237060547,514.0
2024-07-03 12:25:00,CTKB,5.619999885559082,5.619999885559082,5.635000228881836,5.610000133514404,5.610000133514404,12916.0
2024-07-03 12:25:00,CTXR,0.5015000104904175,0.5015000104904175,0.5019999742507935,0.5015000104904175,0.5019999742507935,6930.0
2024-07-03 12:25:00,CVAC,3.244999885559082,3.244999885559082,3.244999885559082,3.240000009536743,3.240000009536743,6674.0
2024-07-03 12:25:00,CVRX,11.829999923706055,11.829999923706055,11.829999923706055,11.779999732971191,11.779999732971191,1485.0
2024-07-03 12:25:00,DARE,3.1110999584198,3.1110999584198,3.160099983215332,3.109999895095825,3.160099983215332,6287.0
2024-07-03 12:25:00,DAWN,13.34000015258789,13.34000015258789,13.34000015258789,13.329999923706055,13.329999923706055,2582.0
2024-07-03 12:25:00,DSGN,3.305000066757202,3.305000066757202,3.305000066757202,3.299999952316284,3.299999952316284,1750.0
2024-07-03 12:25:00,DVAX,11.07800006866455,11.07800006866455,11.07800006866455,11.07800006866455,11.07800006866455,278.0
2024-07-03 12:25:00,DXCM,111.22000122070312,111.22000122070312,111.22000122070312,111.22000122070312,111.22000122070312,1226.0
2024-07-03 12:25:00,DYN,33.750099182128906,33.750099182128906,33.78499984741211,33.750099182128906,33.779998779296875,4269.0
2024-07-03 12:25:00,EDIT,4.625,4.625,4.625,4.625,4.625,528.0
2024-07-03 12:25:00,ELEV,2.630000114440918,2.630000114440918,2.630000114440918,2.630000114440918,2.630000114440918,436.0
2024-07-03 12:25:00,EOLS,10.930000305175781,10.930000305175781,10.9399995803833,10.930000305175781,10.9399995803833,1177.0
2024-07-03 12:25:00,ERAS,2.2100000381469727,2.2100000381469727,2.2100000381469727,2.2100000381469727,2.2100000381469727,1127.0
2024-07-03 12:25:00,ESPR,2.365000009536743,2.365000009536743,2.369999885559082,2.3550000190734863,2.3550000190734863,29756.0
2024-07-03 12:25:00,EWTX,18.06599998474121,18.06599998474121,18.06599998474121,18.059999465942383,18.059999465942383,817.0
2024-07-03 12:25:00,EXAS,43.13999938964844,43.13999938964844,43.15999984741211,43.13999938964844,43.15999984741211,2058.0
2024-07-03 12:25:00,EXEL,21.860000610351562,21.860000610351562,21.860000610351562,21.844999313354492,21.844999313354492,4429.0
2024-07-03 12:25:00,EYPT,8.649999618530273,8.649999618530273,8.65999984741211,8.640000343322754,8.640000343322754,4784.0
2024-07-03 12:25:00,FATE,3.1700000762939453,3.1700000762939453,3.1700000762939453,3.1649999618530273,3.1649999618530273,1811.0
2024-07-03 12:25:00,FGEN,0.7156999707221985,0.7156999707221985,0.7156999707221985,0.7156999707221985,0.7156999707221985,3400.0
2024-07-03 12:25:00,FLGT,20.110000610351562,20.110000610351562,20.110000610351562,20.110000610351562,20.110000610351562,220.0
2024-07-03 12:25:00,FOLD,9.864999771118164,9.864999771118164,9.864999771118164,9.864999771118164,9.864999771118164,546.0
2024-07-03 12:25:00,FULC,6.135000228881836,6.135000228881836,6.135000228881836,6.130000114440918,6.130000114440918,3085.0
2024-07-03 12:25:00,GANX,1.1449999809265137,1.1449999809265137,1.1449999809265137,1.1449999809265137,1.1449999809265137,300.0
2024-07-03 12:25:00,GBIO,2.4100000858306885,2.4100000858306885,2.4100000858306885,2.390000104904175,2.390000104904175,2556.0
2024-07-03 12:25:00,GDRX,7.764999866485596,7.764999866485596,7.769999980926514,7.764999866485596,7.769999980926514,187.0
2024-07-03 12:25:00,GERN,4.329999923706055,4.329999923706055,4.340000152587891,4.329999923706055,4.329999923706055,16169.0
2024-07-03 12:25:00,GH,28.260000228881836,28.260000228881836,28.260000228881836,28.239999771118164,28.239999771118164,970.0
2024-07-03 12:25:00,GILD,66.97000122070312,66.97000122070312,66.99500274658203,66.95999908447266,66.98500061035156,5550.0
2024-07-03 12:25:00,GLPG,25.06999969482422,25.06999969482422,25.06999969482422,25.05500030517578,25.05500030517578,872.0
2024-07-03 12:25:00,GLSI,16.774999618530273,16.774999618530273,16.774999618530273,16.774999618530273,16.774999618530273,486.0
2024-07-03 12:25:00,GLUE,3.9000000953674316,3.9000000953674316,3.9000000953674316,3.880000114440918,3.880000114440918,2195.0
2024-07-03 12:25:00,GLYC,0.27410000562667847,0.27410000562667847,0.2761000096797943,0.27410000562667847,0.2761000096797943,0.0
2024-07-03 12:25:00,GOSS,0.9614999890327454,0.9614999890327454,0.9614999890327454,0.9614999890327454,0.9614999890327454,400.0
2024-07-03 12:25:00,GOVX,2.8598999977111816,2.8598999977111816,2.869999885559082,2.8299999237060547,2.869999885559082,8588.0
2024-07-03 12:25:00,GRFS,6.664999961853027,6.664999961853027,6.664999961853027,6.664000034332275,6.664000034332275,540.0
2024-07-03 12:25:00,GRTS,0.5799999833106995,0.5799999833106995,0.5800999999046326,0.5799999833106995,0.5800999999046326,521.0
2024-07-03 12:25:00,GTHX,2.559999942779541,2.559999942779541,2.559999942779541,2.559999942779541,2.559999942779541,1414.0
2024-07-03 12:25:00,HALO,52.23500061035156,52.23500061035156,52.23500061035156,52.23500061035156,52.23500061035156,247.0
2024-07-03 12:25:00,HCAT,6.159999847412109,6.159999847412109,6.159999847412109,6.159999847412109,6.159999847412109,234.0
2024-07-03 12:25:00,HOLX,73.18000030517578,73.18000030517578,73.18399810791016,73.18000030517578,73.18399810791016,1530.0
2024-07-03 12:25:00,HOWL,2.04010009765625,2.04010009765625,2.04010009765625,2.04010009765625,2.04010009765625,307.0
2024-07-03 12:25:00,HQY,83.7249984741211,83.7249984741211,83.7300033569336,83.7249984741211,83.7300033569336,1352.0
2024-07-03 12:25:00,HRMY,30.709999084472656,30.709999084472656,30.709999084472656,30.670000076293945,30.700000762939453,1647.0
2024-07-03 12:25:00,HROW,21.40999984741211,21.40999984741211,21.40999984741211,21.40999984741211,21.40999984741211,165.0
2024-07-03 12:25:00,HRTX,2.7300000190734863,2.7300000190734863,2.734999895095825,2.7300000190734863,2.734999895095825,1610.0
2024-07-03 12:25:00,HSIC,65.00499725341797,65.00499725341797,65.00499725341797,65.00250244140625,65.00250244140625,384.0
2024-07-03 12:25:00,HUGE,0.14149999618530273,0.14149999618530273,0.14159999787807465,0.14149999618530273,0.14159999787807465,7923.0
2024-07-03 12:25:00,HUMA,5.7829999923706055,5.7829999923706055,5.795000076293945,5.775000095367432,5.78000020980835,10243.0
2024-07-03 12:25:00,IART,28.559999465942383,28.559999465942383,28.563800811767578,28.549999237060547,28.563800811767578,2540.0
2024-07-03 12:25:00,IBRX,6.275000095367432,6.275000095367432,6.28000020980835,6.275000095367432,6.28000020980835,1614.0
2024-07-03 12:25:00,ICLR,318.4100036621094,318.4100036621094,318.4100036621094,317.9700012207031,317.9700012207031,2035.0
2024-07-03 12:25:00,IDXX,477.7449951171875,477.7449951171875,477.7449951171875,477.7449951171875,477.7449951171875,204.0
2024-07-03 12:25:00,IDYA,33.255001068115234,33.255001068115234,33.255001068115234,33.220001220703125,33.255001068115234,618.0
2024-07-03 12:25:00,IGMS,6.429999828338623,6.429999828338623,6.429999828338623,6.429999828338623,6.429999828338623,377.0
2024-07-03 12:25:00,IKNA,1.649999976158142,1.649999976158142,1.649999976158142,1.649999976158142,1.649999976158142,237.0
2024-07-03 12:25:00,ILMN,105.76499938964844,105.76499938964844,105.7699966430664,105.73999786376953,105.76000213623047,3307.0
2024-07-03 12:25:00,IMMX,2.3499999046325684,2.3499999046325684,2.3499999046325684,2.3299999237060547,2.3299999237060547,1617.0
2024-07-03 12:25:00,IMNM,12.045000076293945,12.045000076293945,12.045000076293945,12.045000076293945,12.045000076293945,544.0
2024-07-03 12:25:00,IMTX,11.779999732971191,11.779999732971191,11.779999732971191,11.779999732971191,11.779999732971191,410.0
2024-07-03 12:25:00,IMVT,26.05500030517578,26.05500030517578,26.05500030517578,26.030000686645508,26.049999237060547,569.0
2024-07-03 12:25:00,INCY,57.70500183105469,57.70500183105469,57.72999954223633,57.70000076293945,57.70000076293945,2082.0
2024-07-03 12:25:00,INMB,7.885000228881836,7.885000228881836,7.885000228881836,7.880000114440918,7.880000114440918,834.0
2024-07-03 12:25:00,INSM,62.02000045776367,62.02000045776367,62.099998474121094,61.93000030517578,61.9900016784668,23278.0
2024-07-03 12:25:00,IONM,0.31290000677108765,0.31290000677108765,0.31290000677108765,0.31279999017715454,0.31279999017715454,2236.0
2024-07-03 12:25:00,IONS,44.88999938964844,44.88999938964844,44.904998779296875,44.8650016784668,44.900001525878906,3649.0
2024-07-03 12:25:00,IOVA,7.429999828338623,7.429999828338623,7.449999809265137,7.420000076293945,7.429999828338623,24442.0
2024-07-03 12:25:00,IPA,1.0299999713897705,1.0299999713897705,1.0299999713897705,1.0299999713897705,1.0299999713897705,1548.0
2024-07-03 12:25:00,IRTC,94.77999877929688,94.77999877929688,95.0,94.77999877929688,95.0,12806.0
2024-07-03 12:25:00,IRWD,6.139999866485596,6.139999866485596,6.139999866485596,6.135000228881836,6.135000228881836,403.0
2024-07-03 12:25:00,ISRG,434.1600036621094,434.1600036621094,434.2749938964844,434.1600036621094,434.2300109863281,2668.0
2024-07-03 12:25:00,ITCI,68.94499969482422,68.94499969482422,68.94499969482422,68.94499969482422,68.94499969482422,522.0
2024-07-03 12:25:00,ITRM,1.1100000143051147,1.1100000143051147,1.1100000143051147,1.1100000143051147,1.1100000143051147,587.0
2024-07-03 12:25:00,IVVD,1.0950000286102295,1.0950000286102295,1.0950000286102295,1.0950000286102295,1.0950000286102295,118.0
2024-07-03 12:25:00,JANX,38.04499816894531,38.04499816894531,38.04499816894531,37.95000076293945,37.95000076293945,308.0
2024-07-03 12:25:00,KOD,2.2049999237060547,2.2049999237060547,2.2049999237060547,2.2049999237060547,2.2049999237060547,906.0
2024-07-03 12:25:00,KPTI,0.8307999968528748,0.8307999968528748,0.8309000134468079,0.8307999968528748,0.8309000134468079,11197.0
2024-07-03 12:25:00,KRYS,176.52000427246094,176.52000427246094,176.52000427246094,176.52000427246094,176.52000427246094,604.0
2024-07-03 12:25:00,KTRA,0.2775000035762787,0.2775000035762787,0.27799999713897705,0.27649998664855957,0.27649998664855957,838.0
2024-07-03 12:25:00,KURA,20.219999313354492,20.219999313354492,20.219999313354492,20.190000534057617,20.219999313354492,3063.0
2024-07-03 12:25:00,KYMR,30.110000610351562,30.110000610351562,30.110000610351562,30.110000610351562,30.110000610351562,128.0
2024-07-03 12:25:00,LAB,1.850000023841858,1.850000023841858,1.850000023841858,1.840000033378601,1.840000033378601,7386.0
2024-07-03 12:25:00,LBPH,32.04999923706055,32.04999923706055,32.04999923706055,31.844999313354492,31.917499542236328,5593.0
2024-07-03 12:25:00,LEGN,46.150001525878906,46.150001525878906,46.16999816894531,46.13999938964844,46.15999984741211,1556.0
2024-07-03 12:25:00,LFMD,6.795000076293945,6.795000076293945,6.795000076293945,6.79010009765625,6.795000076293945,2304.0
2024-07-03 12:25:00,LFST,5.119999885559082,5.119999885559082,5.119999885559082,5.110000133514404,5.110000133514404,739.0
2024-07-03 12:25:00,LGVN,1.625,1.625,1.625,1.625,1.625,1050.0
2024-07-03 12:25:00,LMAT,81.29000091552734,81.29000091552734,81.29000091552734,81.29000091552734,81.29000091552734,179.0
2024-07-03 12:25:00,LOGC,5.75,5.75,5.75,5.75,5.75,521.0
2024-07-03 12:25:00,LUCD,0.7657999992370605,0.7657999992370605,0.7657999992370605,0.7657999992370605,0.7657999992370605,1188.0
2024-07-03 12:25:00,LUCY,0.46399998664855957,0.46399998664855957,0.46630001068115234,0.46399998664855957,0.46630001068115234,2041.0
2024-07-03 12:25:00,LYEL,1.4950000047683716,1.4950000047683716,1.4950000047683716,1.4950000047683716,1.4950000047683716,103.0
2024-07-03 12:25:00,LYRA,0.2858000099658966,0.2858000099658966,0.2858000099658966,0.2858000099658966,0.2858000099658966,200.0
2024-07-03 12:25:00,MASI,114.66000366210938,114.66000366210938,114.66000366210938,114.58999633789062,114.66000366210938,1321.0
2024-07-03 12:25:00,MASS,4.860000133514404,4.860000133514404,4.880000114440918,4.860000133514404,4.860000133514404,7230.0
2024-07-03 12:25:00,MBIO,0.4966999888420105,0.4966999888420105,0.4968000054359436,0.4966999888420105,0.4968000054359436,12790.0
2024-07-03 12:25:00,MCRB,0.7330999970436096,0.7330999970436096,0.7330999970436096,0.7330999970436096,0.7330999970436096,860.0
2024-07-03 12:25:00,MDXG,6.784999847412109,6.784999847412109,6.784999847412109,6.775000095367432,6.775000095367432,1531.0
2024-07-03 12:25:00,ME,0.4092999994754791,0.4092999994754791,0.4092999994754791,0.4092999994754791,0.4092999994754791,5811.0
2024-07-03 12:25:00,MGNX,4.190000057220459,4.190000057220459,4.190000057220459,4.184999942779541,4.184999942779541,1118.0
2024-07-03 12:25:00,MGTX,3.9600000381469727,3.9600000381469727,3.9700000286102295,3.9600000381469727,3.9700000286102295,1131.0
2024-07-03 12:25:00,MLTX,41.63999938964844,41.63999938964844,41.63999938964844,41.4900016784668,41.4900016784668,1140.0
2024-07-03 12:25:00,MMSI,86.19000244140625,86.19000244140625,86.38999938964844,85.9000015258789,85.9000015258789,15496.0
2024-07-03 12:25:00,MNKD,5.014999866485596,5.014999866485596,5.019700050354004,5.010000228881836,5.019700050354004,7779.0
2024-07-03 12:25:00,MNMD,7.204999923706055,7.204999923706055,7.204999923706055,7.190000057220459,7.190000057220459,1723.0
2024-07-03 12:25:00,MODD,1.399999976158142,1.399999976158142,1.399999976158142,1.399999976158142,1.399999976158142,35.0
2024-07-03 12:25:00,MORF,31.915000915527344,31.915000915527344,31.915000915527344,31.915000915527344,31.915000915527344,529.0
2024-07-03 12:25:00,MOVE,0.3127000033855438,0.3127000033855438,0.31360000371932983,0.3100000023841858,0.3100000023841858,1019.0
2024-07-03 12:25:00,MREO,3.5199999809265137,3.5199999809265137,3.5199999809265137,3.5199999809265137,3.5199999809265137,1052.0
2024-07-03 12:25:00,MRNA,115.8499984741211,115.8499984741211,115.96990203857422,115.8499984741211,115.91500091552734,4308.0
2024-07-03 12:25:00,MRSN,1.840000033378601,1.840000033378601,1.840000033378601,1.840000033378601,1.840000033378601,311.0
2024-07-03 12:25:00,MRVI,7.010000228881836,7.010000228881836,7.010000228881836,6.985000133514404,6.985000133514404,7334.0
2024-07-03 12:25:00,MXCT,3.7049999237060547,3.7049999237060547,3.7049999237060547,3.7049999237060547,3.7049999237060547,1262.0
2024-07-03 12:25:00,MYGN,25.010000228881836,25.010000228881836,25.010000228881836,25.010000228881836,25.010000228881836,619.0
2024-07-03 12:25:00,NBIX,138.2949981689453,138.2949981689453,138.2949981689453,138.22999572753906,138.22999572753906,1483.0
2024-07-03 12:25:00,NDRA,0.0917000025510788,0.0917000025510788,0.0925000011920929,0.0917000025510788,0.0917000025510788,16859.0
2024-07-03 12:25:00,NEO,13.725000381469727,13.725000381469727,13.725000381469727,13.725000381469727,13.725000381469727,1185.0
2024-07-03 12:25:00,NEOG,15.130000114440918,15.130000114440918,15.130000114440918,15.130000114440918,15.130000114440918,155.0
2024-07-03 12:25:00,NKTR,1.2699999809265137,1.2699999809265137,1.2899999618530273,1.2699999809265137,1.2799999713897705,26665.0
2024-07-03 12:25:00,NKTX,5.329800128936768,5.329800128936768,5.329800128936768,5.315000057220459,5.315000057220459,2621.0
2024-07-03 12:25:00,NLSP,0.20389999449253082,0.20389999449253082,0.20389999449253082,0.20389999449253082,0.20389999449253082,4000.0
2024-07-03 12:25:00,NNOX,7.079999923706055,7.079999923706055,7.079999923706055,7.079999923706055,7.079999923706055,200.0
2024-07-03 12:25:00,NPCE,7.349999904632568,7.349999904632568,7.349999904632568,7.349999904632568,7.349999904632568,128.0
2024-07-03 12:25:00,NRC,23.010000228881836,23.010000228881836,23.03499984741211,23.010000228881836,23.03499984741211,2112.0
2024-07-03 12:25:00,NRIX,19.575000762939453,19.575000762939453,19.575000762939453,19.559999465942383,19.575000762939453,725.0
2024-07-03 12:25:00,NTLA,22.719999313354492,22.719999313354492,22.719999313354492,22.700000762939453,22.709999084472656,1887.0
2024-07-03 12:25:00,NTRA,111.60749816894531,111.60749816894531,111.60749816894531,111.60749816894531,111.60749816894531,699.0
2024-07-03 12:25:00,NVAX,12.555000305175781,12.555000305175781,12.555000305175781,12.555000305175781,12.555000305175781,2529.0
2024-07-03 12:25:00,NVCR,16.649999618530273,16.649999618530273,16.649999618530273,16.649999618530273,16.649999618530273,548.0
2024-07-03 12:25:00,NVOS,0.7649999856948853,0.7649999856948853,0.7649999856948853,0.7649999856948853,0.7649999856948853,3936.0
2024-07-03 12:25:00,NXL,1.4336999654769897,1.4336999654769897,1.4399000406265259,1.4336999654769897,1.4399000406265259,4631.0
2024-07-03 12:25:00,OCGN,1.6109000444412231,1.6109000444412231,1.6200000047683716,1.6109000444412231,1.6150000095367432,3744.0
2024-07-03 12:25:00,OCUL,6.71999979019165,6.71999979019165,6.71999979019165,6.699999809265137,6.710000038146973,51726.0
2024-07-03 12:25:00,OGI,1.590000033378601,1.590000033378601,1.590000033378601,1.590000033378601,1.590000033378601,872.0
2024-07-03 12:25:00,OLK,25.7549991607666,25.7549991607666,25.7549991607666,25.7549991607666,25.7549991607666,313.0
2024-07-03 12:25:00,OLMA,10.5,10.5,10.5,10.489999771118164,10.489999771118164,604.0
2024-07-03 12:25:00,OM,3.884999990463257,3.884999990463257,3.884999990463257,3.884999990463257,3.884999990463257,1319.0
2024-07-03 12:25:00,OMER,3.890000104904175,3.890000104904175,3.890000104904175,3.890000104904175,3.890000104904175,253.0
2024-07-03 12:26:00,ABCL,2.7149999141693115,2.7149999141693115,2.7200000286102295,2.7100000381469727,2.7100000381469727,2518.0
2024-07-03 12:26:00,ABEO,4.369999885559082,4.369999885559082,4.369999885559082,4.349999904632568,4.360000133514404,1033.0
2024-07-03 12:26:00,ABSI,3.189500093460083,3.189500093460083,3.190000057220459,3.189500093460083,3.190000057220459,930.0
2024-07-03 12:26:00,ABUS,3.1449999809265137,3.1449999809265137,3.1500000953674316,3.1449999809265137,3.1500000953674316,362.0
2024-07-03 12:26:00,ABVC,0.7297999858856201,0.7297999858856201,0.7297999858856201,0.7297999858856201,0.7297999858856201,1043.0
2024-07-03 12:26:00,ACAD,15.539999961853027,15.539999961853027,15.550000190734863,15.539999961853027,15.550000190734863,1022.0
2024-07-03 12:26:00,ACB,4.936100006103516,4.936100006103516,4.940000057220459,4.93120002746582,4.940000057220459,2289.0
2024-07-03 12:26:00,ACCD,3.6549999713897705,3.6549999713897705,3.6549999713897705,3.634999990463257,3.640000104904175,28237.0
2024-07-03 12:26:00,ACET,1.0800000429153442,1.0800000429153442,1.0895999670028687,1.0800000429153442,1.0895999670028687,1857.0
2024-07-03 12:26:00,ACHC,66.76000213623047,66.76000213623047,66.76499938964844,66.7300033569336,66.76499938964844,3312.0
2024-07-03 12:26:00,ACIU,3.8299999237060547,3.8299999237060547,3.8299999237060547,3.8299999237060547,3.8299999237060547,310.0
2024-07-03 12:26:00,ACLX,54.61000061035156,54.61000061035156,54.65999984741211,54.595001220703125,54.595001220703125,1092.0
2024-07-03 12:26:00,ACRS,1.149999976158142,1.149999976158142,1.149999976158142,1.149999976158142,1.149999976158142,239.0
2024-07-03 12:26:00,ADAP,1.0199999809265137,1.0199999809265137,1.0199999809265137,1.0199999809265137,1.0199999809265137,100.0
2024-07-03 12:26:00,ADMA,11.190299987792969,11.190299987792969,11.194999694824219,11.190299987792969,11.194999694824219,1903.0
2024-07-03 12:26:00,ADPT,3.424999952316284,3.424999952316284,3.424999952316284,3.424999952316284,3.424999952316284,583.0
2024-07-03 12:26:00,ADUS,117.61000061035156,117.61000061035156,117.61000061035156,117.61000061035156,117.61000061035156,262.0
2024-07-03 12:26:00,ADVM,7.070000171661377,7.070000171661377,7.070000171661377,7.070000171661377,7.070000171661377,121.0
2024-07-03 12:26:00,AEMD,0.4065000116825104,0.4065000116825104,0.4065000116825104,0.4065000116825104,0.4065000116825104,524.0
2024-07-03 12:26:00,AIMD,0.9297999739646912,0.9297999739646912,0.9297999739646912,0.9297999739646912,0.9297999739646912,1461.0
2024-07-03 12:26:00,AKBA,0.9519000053405762,0.9519000053405762,0.9519000053405762,0.95169997215271,0.95169997215271,2752.0
2024-07-03 12:26:00,AKRO,21.84000015258789,21.84000015258789,21.889999389648438,21.84000015258789,21.889999389648438,2125.0
2024-07-03 12:26:00,AKYA,2.115000009536743,2.115000009536743,2.115000009536743,2.115000009536743,2.115000009536743,313.0
2024-07-03 12:26:00,ALEC,4.414999961853027,4.414999961853027,4.420000076293945,4.414999961853027,4.420000076293945,399.0
2024-07-03 12:26:00,ALGN,242.88499450683594,242.88499450683594,242.88499450683594,242.72000122070312,242.72000122070312,2184.0
2024-07-03 12:26:00,ALHC,8.039999961853027,8.039999961853027,8.039999961853027,8.039999961853027,8.039999961853027,716.0
2024-07-03 12:26:00,ALKS,24.190000534057617,24.190000534057617,24.19499969482422,24.190000534057617,24.19499969482422,1165.0
2024-07-03 12:26:00,ALLK,0.8303999900817871,0.8303999900817871,0.8303999900817871,0.8303999900817871,0.8303999900817871,207.0
2024-07-03 12:26:00,ALLO,2.0899999141693115,2.0899999141693115,2.0950000286102295,2.0899999141693115,2.0950000286102295,2134.0
2024-07-03 12:26:00,ALNY,246.13999938964844,246.13999938964844,246.13999938964844,246.13999938964844,246.13999938964844,494.0
2024-07-03 12:26:00,ALT,6.650000095367432,6.650000095367432,6.650000095367432,6.639999866485596,6.639999866485596,765.0
2024-07-03 12:26:00,AMED,97.08000183105469,97.08000183105469,97.08000183105469,97.08000183105469,97.08000183105469,444.0
2024-07-03 12:26:00,AMGN,307.1700134277344,307.1700134277344,307.1700134277344,307.0400085449219,307.07000732421875,2201.0
2024-07-03 12:26:00,AMLX,1.7599999904632568,1.7599999904632568,1.7599999904632568,1.7549999952316284,1.7549999952316284,303.0
2024-07-03 12:26:00,AMRN,0.694599986076355,0.694599986076355,0.694599986076355,0.694599986076355,0.694599986076355,600.0
2024-07-03 12:26:00,ANAB,25.0,25.0,25.0,25.0,25.0,611.0
2024-07-03 12:26:00,ANNX,4.769999980926514,4.769999980926514,4.769999980926514,4.764999866485596,4.769999980926514,1417.0
2024-07-03 12:26:00,ANTX,2.5869998931884766,2.5869998931884766,2.5999999046325684,2.5799999237060547,2.5799999237060547,1489.0
2024-07-03 12:26:00,APDN,0.3978999853134155,0.3978999853134155,0.3978999853134155,0.3978999853134155,0.3978999853134155,650.0
2024-07-03 12:26:00,APLS,35.220001220703125,35.220001220703125,35.220001220703125,35.06999969482422,35.12910079956055,3741.0
2024-07-03 12:26:00,APLT,4.360000133514404,4.360000133514404,4.360000133514404,4.349999904632568,4.349999904632568,4100.0
2024-07-03 12:26:00,APVO,0.3075999915599823,0.3075999915599823,0.31220000982284546,0.3075999915599823,0.31220000982284546,3051.0
2024-07-03 12:26:00,AQST,2.4149999618530273,2.4149999618530273,2.4149999618530273,2.4149999618530273,2.4149999618530273,1362.0
2024-07-03 12:26:00,ARCT,21.7450008392334,21.7450008392334,21.780000686645508,21.735000610351562,21.760000228881836,2156.0
2024-07-03 12:26:00,ARDX,5.269999980926514,5.269999980926514,5.28000020980835,5.269999980926514,5.28000020980835,5233.0
2024-07-03 12:26:00,ARQT,9.59000015258789,9.59000015258789,9.59000015258789,9.579999923706055,9.585000038146973,3859.0
2024-07-03 12:26:00,ARVN,23.959999084472656,23.959999084472656,23.969999313354492,23.959999084472656,23.969999313354492,2476.0
2024-07-03 12:26:00,ASRT,1.3389999866485596,1.3389999866485596,1.3389999866485596,1.3389999866485596,1.3389999866485596,729.0
2024-07-03 12:26:00,ATAI,1.284999966621399,1.284999966621399,1.284999966621399,1.284999966621399,1.284999966621399,802.0
2024-07-03 12:26:00,ATEC,10.050000190734863,10.050000190734863,10.050000190734863,10.045000076293945,10.045000076293945,333.0
2024-07-03 12:26:00,ATOS,1.1649999618530273,1.1649999618530273,1.1649999618530273,1.1649999618530273,1.1649999618530273,376.0
2024-07-03 12:26:00,ATRC,22.31999969482422,22.31999969482422,22.31999969482422,22.31999969482422,22.31999969482422,422.0
2024-07-03 12:26:00,ATXS,9.0600004196167,9.0600004196167,9.069999694824219,9.0600004196167,9.069999694824219,555.0
2024-07-03 12:26:00,AUGX,1.0,1.0,1.0,1.0,1.0,1229.0
2024-07-03 12:26:00,AUPH,5.474999904632568,5.474999904632568,5.480000019073486,5.474999904632568,5.474999904632568,1557.0
2024-07-03 12:26:00,AUTL,3.4800000190734863,3.4800000190734863,3.484999895095825,3.4800000190734863,3.484999895095825,1843.0
2024-07-03 12:26:00,AVDL,14.449000358581543,14.449000358581543,14.449000358581543,14.4399995803833,14.4399995803833,558.0
2024-07-03 12:26:00,AVTE,1.684999942779541,1.684999942779541,1.684999942779541,1.684999942779541,1.684999942779541,703.0
2024-07-03 12:26:00,AVXL,4.144999980926514,4.144999980926514,4.144999980926514,4.135000228881836,4.135000228881836,1580.0
2024-07-03 12:26:00,AXSM,79.78500366210938,79.78500366210938,79.78500366210938,79.78500366210938,79.78500366210938,327.0
2024-07-03 12:26:00,AZN,76.7699966430664,76.7699966430664,76.81999969482422,76.76499938964844,76.81999969482422,6362.0
2024-07-03 12:26:00,AZTA,52.439998626708984,52.439998626708984,52.439998626708984,52.439998626708984,52.439998626708984,2258.0
2024-07-03 12:26:00,BBIO,25.375,25.375,25.375,25.360000610351562,25.360000610351562,614.0
2024-07-03 12:26:00,BCAB,1.4199999570846558,1.4199999570846558,1.4199999570846558,1.419700026512146,1.419700026512146,1676.0
2024-07-03 12:26:00,BCRX,6.474999904632568,6.474999904632568,6.474999904632568,6.46999979019165,6.474999904632568,6065.0
2024-07-03 12:26:00,BCTX,1.0299999713897705,1.0299999713897705,1.0299999713897705,1.0099999904632568,1.0099999904632568,700.0
2024-07-03 12:26:00,BDSX,1.600000023841858,1.600000023841858,1.600000023841858,1.600000023841858,1.600000023841858,280.0
2024-07-03 12:26:00,BEAM,23.559999465942383,23.559999465942383,23.579999923706055,23.559999465942383,23.56999969482422,2007.0
2024-07-03 12:26:00,BEAT,2.7950000762939453,2.7950000762939453,2.7950000762939453,2.7950000762939453,2.7950000762939453,301.0
2024-07-03 12:26:00,BGXX,0.26649999618530273,0.26649999618530273,0.26649999618530273,0.26649999618530273,0.26649999618530273,3205.0
2024-07-03 12:26:00,BIIB,223.47500610351562,223.47500610351562,223.47500610351562,223.47500610351562,223.47500610351562,578.0
2024-07-03 12:26:00,BJDX,0.6301000118255615,0.6301000118255615,0.6301000118255615,0.6301000118255615,0.6301000118255615,420.0
2024-07-03 12:26:00,BLRX,0.5113000273704529,0.5113000273704529,0.5113000273704529,0.510200023651123,0.510200023651123,22534.0
2024-07-03 12:26:00,BLTE,45.89500045776367,45.89500045776367,45.89500045776367,45.89500045776367,45.89500045776367,356.0
2024-07-03 12:26:00,BLUE,0.9230999946594238,0.9230999946594238,0.9230999946594238,0.9200000166893005,0.9200000166893005,17820.0
2024-07-03 12:26:00,BMEA,4.309999942779541,4.309999942779541,4.309999942779541,4.304999828338623,4.304999828338623,3574.0
2024-07-03 12:26:00,BNGO,0.5770000219345093,0.5770000219345093,0.5770000219345093,0.5737000107765198,0.5737000107765198,809.0
2024-07-03 12:26:00,BNTC,9.029999732971191,9.029999732971191,9.029999732971191,9.029999732971191,9.029999732971191,116.0
2024-07-03 12:26:00,BNTX,80.30999755859375,80.30999755859375,80.30999755859375,80.26000213623047,80.26000213623047,571.0
2024-07-03 12:26:00,BPMC,110.9000015258789,110.9000015258789,110.9000015258789,110.9000015258789,110.9000015258789,175.0
2024-07-03 12:26:00,BRKR,61.46500015258789,61.46500015258789,61.46500015258789,61.439998626708984,61.45000076293945,1695.0
2024-07-03 12:26:00,BTAI,1.0800000429153442,1.0800000429153442,1.0850000381469727,1.0800000429153442,1.0800000429153442,476.0
2024-07-03 12:26:00,BVS,5.974999904632568,5.974999904632568,5.994999885559082,5.974999904632568,5.994999885559082,4635.0
2024-07-03 12:26:00,CCCC,4.559999942779541,4.559999942779541,4.565000057220459,4.550000190734863,4.559999942779541,6992.0
2024-07-03 12:26:00,CCRN,13.694999694824219,13.694999694824219,13.694999694824219,13.694999694824219,13.694999694824219,857.0
2024-07-03 12:26:00,CDMO,7.760000228881836,7.760000228881836,7.78000020980835,7.75,7.78000020980835,4205.0
2024-07-03 12:26:00,CDNA,15.194999694824219,15.194999694824219,15.194999694824219,15.194999694824219,15.194999694824219,389.0
2024-07-03 12:26:00,CDXC,2.5199999809265137,2.5199999809265137,2.5199999809265137,2.5199999809265137,2.5199999809265137,442.0
2024-07-03 12:26:00,CDXS,2.869999885559082,2.869999885559082,2.869999885559082,2.869999885559082,2.869999885559082,2961.0
2024-07-03 12:26:00,CELC,16.239999771118164,16.239999771118164,16.239999771118164,16.239999771118164,16.239999771118164,299.0
2024-07-03 12:26:00,CERE,40.345001220703125,40.345001220703125,40.345001220703125,40.2400016784668,40.26499938964844,10170.0
2024-07-03 12:26:00,CERS,1.715000033378601,1.715000033378601,1.715000033378601,1.7100000381469727,1.7100000381469727,434.0
2024-07-03 12:26:00,CERT,13.75,13.75,13.75,13.739999771118164,13.75,2550.0
2024-07-03 12:26:00,CGC,6.590000152587891,6.590000152587891,6.590000152587891,6.590000152587891,6.590000152587891,3529.0
2024-07-03 12:26:00,CGEM,16.700000762939453,16.700000762939453,16.700000762939453,16.700000762939453,16.700000762939453,445.0
2024-07-03 12:26:00,CGEN,1.6885000467300415,1.6885000467300415,1.6885000467300415,1.6799999475479126,1.6799999475479126,756.0
2024-07-03 12:26:00,CING,0.3398999869823456,0.3398999869823456,0.3398999869823456,0.3377000093460083,0.3377000093460083,19011.0
2024-07-03 12:26:00,CLLS,2.0399999618530273,2.0399999618530273,2.0399999618530273,2.0399999618530273,2.0399999618530273,228.0
2024-07-03 12:26:00,CLPT,5.364999771118164,5.364999771118164,5.364999771118164,5.364999771118164,5.364999771118164,191.0
2024-07-03 12:26:00,CMAX,2.2799999713897705,2.2799999713897705,2.2799999713897705,2.279900074005127,2.279900074005127,300.0
2024-07-03 12:26:00,CMPS,6.21999979019165,6.21999979019165,6.230000019073486,6.21999979019165,6.230000019073486,1075.0
2024-07-03 12:26:00,CMPX,0.8539999723434448,0.8539999723434448,0.8539999723434448,0.8539999723434448,0.8539999723434448,1300.0
2024-07-03 12:26:00,CNSP,1.4500000476837158,1.4500000476837158,1.4600000381469727,1.440000057220459,1.4490000009536743,18336.0
2024-07-03 12:26:00,CNTB,1.3000999689102173,1.3000999689102173,1.3600000143051147,1.2999999523162842,1.3600000143051147,18014.0
2024-07-03 12:26:00,COGT,8.345000267028809,8.345000267028809,8.359999656677246,8.34000015258789,8.359999656677246,2239.0
2024-07-03 12:26:00,COLL,32.38999938964844,32.38999938964844,32.45500183105469,32.36000061035156,32.45500183105469,2240.0
2024-07-03 12:26:00,CORT,30.395000457763672,30.395000457763672,30.395000457763672,30.395000457763672,30.395000457763672,1029.0
2024-07-03 12:26:00,COSM,0.9289000034332275,0.9289000034332275,0.9289000034332275,0.9289000034332275,0.9289000034332275,1120.0
2024-07-03 12:26:00,CPRX,15.380000114440918,15.380000114440918,15.40999984741211,15.380000114440918,15.40999984741211,1340.0
2024-07-03 12:26:00,CRBP,49.970001220703125,49.970001220703125,50.40999984741211,49.970001220703125,50.40999984741211,8595.0
2024-07-03 12:26:00,CRBU,1.5683000087738037,1.5683000087738037,1.5683000087738037,1.5683000087738037,1.5683000087738037,275.0
2024-07-03 12:26:00,CRDF,2.2850000858306885,2.2850000858306885,2.2850000858306885,2.2850000858306885,2.2850000858306885,209.0
2024-07-03 12:26:00,CRMD,4.139999866485596,4.139999866485596,4.139999866485596,4.139999866485596,4.139999866485596,121.0
2024-07-03 12:26:00,CRON,2.31030011177063,2.31030011177063,2.31030011177063,2.31030011177063,2.31030011177063,8425.0
2024-07-03 12:26:00,CRSP,53.689998626708984,53.689998626708984,53.72079849243164,53.689998626708984,53.72079849243164,2128.0
2024-07-03 12:26:00,CTXR,0.5015000104904175,0.5015000104904175,0.5015000104904175,0.5015000104904175,0.5015000104904175,1115.0
2024-07-03 12:26:00,CUE,0.9983999729156494,0.9983999729156494,0.9993000030517578,0.9936000108718872,0.9936000108718872,8560.0
2024-07-03 12:26:00,CVAC,3.234999895095825,3.234999895095825,3.25,3.2300000190734863,3.244999885559082,20012.0
2024-07-03 12:26:00,CYTK,54.540000915527344,54.540000915527344,54.59000015258789,54.540000915527344,54.540000915527344,520.0
2024-07-03 12:26:00,DARE,3.109999895095825,3.109999895095825,3.109999895095825,3.109999895095825,3.109999895095825,571.0
2024-07-03 12:26:00,DAWN,13.324999809265137,13.324999809265137,13.329999923706055,13.324999809265137,13.329999923706055,1287.0
2024-07-03 12:26:00,DCGO,2.950000047683716,2.950000047683716,2.950000047683716,2.950000047683716,2.950000047683716,1199.0
2024-07-03 12:26:00,DNLI,21.43000030517578,21.43000030517578,21.43000030517578,21.40999984741211,21.420000076293945,1842.0
2024-07-03 12:26:00,DSGN,3.299999952316284,3.299999952316284,3.299999952316284,3.299999952316284,3.299999952316284,397.0
2024-07-03 12:26:00,DVAX,11.074999809265137,11.074999809265137,11.074999809265137,11.074999809265137,11.074999809265137,361.0
2024-07-03 12:26:00,DXCM,111.12000274658203,111.12000274658203,111.12000274658203,111.12000274658203,111.12000274658203,452.0
2024-07-03 12:26:00,DYN,33.75,33.75,33.78499984741211,33.75,33.78499984741211,915.0
2024-07-03 12:26:00,EDIT,4.625,4.625,4.625,4.625,4.625,1556.0
2024-07-03 12:26:00,ELEV,2.630000114440918,2.630000114440918,2.630000114440918,2.630000114440918,2.630000114440918,435.0
2024-07-03 12:26:00,ELYM,6.739999771118164,6.739999771118164,6.739999771118164,6.739999771118164,6.739999771118164,298.0
2024-07-03 12:26:00,EMBC,11.979999542236328,11.979999542236328,11.979999542236328,11.979999542236328,11.979999542236328,672.0
2024-07-03 12:26:00,ENSG,126.69000244140625,126.69000244140625,126.69000244140625,126.68000030517578,126.68000030517578,1189.0
2024-07-03 12:26:00,ENTA,13.069999694824219,13.069999694824219,13.069999694824219,13.069999694824219,13.069999694824219,155.0
2024-07-03 12:26:00,EOLS,10.920000076293945,10.920000076293945,10.930000305175781,10.920000076293945,10.930000305175781,1157.0
2024-07-03 12:26:00,ESPR,2.369999885559082,2.369999885559082,2.369999885559082,2.365000009536743,2.365000009536743,2680.0
2024-07-03 12:26:00,ETNB,7.5,7.5,7.5,7.5,7.5,1940.0
2024-07-03 12:26:00,EWTX,18.085399627685547,18.085399627685547,18.085399627685547,18.085399627685547,18.085399627685547,980.0
2024-07-03 12:26:00,EXAS,43.130001068115234,43.130001068115234,43.13999938964844,43.060001373291016,43.13999938964844,6196.0
2024-07-03 12:26:00,EXEL,21.864999771118164,21.864999771118164,21.864999771118164,21.864999771118164,21.864999771118164,678.0
2024-07-03 12:26:00,EYPT,8.640000343322754,8.640000343322754,8.649999618530273,8.640000343322754,8.649999618530273,1772.0
2024-07-03 12:26:00,FATE,3.1649999618530273,3.1649999618530273,3.1649999618530273,3.1600000858306885,3.1600000858306885,833.0
2024-07-03 12:26:00,FDMT,20.940000534057617,20.940000534057617,20.940000534057617,20.940000534057617,20.940000534057617,155.0
2024-07-03 12:26:00,FENC,6.005000114440918,6.005000114440918,6.005000114440918,6.005000114440918,6.005000114440918,1654.0
2024-07-03 12:26:00,FGEN,0.7124999761581421,0.7124999761581421,0.7156999707221985,0.7124999761581421,0.7156999707221985,1602.0
2024-07-03 12:26:00,FHTX,5.550000190734863,5.550000190734863,5.550000190734863,5.46999979019165,5.46999979019165,1327.0
2024-07-03 12:26:00,FOLD,9.875,9.875,9.875,9.869999885559082,9.869999885559082,2830.0
2024-07-03 12:26:00,FULC,6.135000228881836,6.135000228881836,6.135000228881836,6.135000228881836,6.135000228881836,909.0
2024-07-03 12:26:00,GALT,2.180000066757202,2.180000066757202,2.180000066757202,2.180000066757202,2.180000066757202,159.0
2024-07-03 12:26:00,GANX,1.1399999856948853,1.1399999856948853,1.1399999856948853,1.1399999856948853,1.1399999856948853,500.0
2024-07-03 12:26:00,GDRX,7.795000076293945,7.795000076293945,7.795000076293945,7.764999866485596,7.764999866485596,5950.0
2024-07-03 12:26:00,GERN,4.324999809265137,4.324999809265137,4.335000038146973,4.324999809265137,4.335000038146973,15622.0
2024-07-03 12:26:00,GH,28.309999465942383,28.309999465942383,28.309999465942383,28.264999389648438,28.264999389648438,3090.0
2024-07-03 12:26:00,GILD,66.93000030517578,66.93000030517578,66.97000122070312,66.91500091552734,66.95999908447266,8403.0
2024-07-03 12:26:00,GLPG,25.045000076293945,25.045000076293945,25.045000076293945,25.045000076293945,25.045000076293945,953.0
2024-07-03 12:26:00,GLSI,16.774999618530273,16.774999618530273,16.774999618530273,16.774999618530273,16.774999618530273,2.0
2024-07-03 12:26:00,GLTO,0.5099999904632568,0.5099999904632568,0.5099999904632568,0.5099999904632568,0.5099999904632568,5700.0
2024-07-03 12:26:00,GMAB,25.149999618530273,25.149999618530273,25.149999618530273,25.149999618530273,25.149999618530273,475.0
2024-07-03 12:26:00,GOSS,0.9613000154495239,0.9613000154495239,0.9613000154495239,0.9613000154495239,0.9613000154495239,615.0
2024-07-03 12:26:00,GOVX,2.859100103378296,2.859100103378296,2.859100103378296,2.858299970626831,2.858299970626831,1233.0
2024-07-03 12:26:00,GRFS,6.664999961853027,6.664999961853027,6.664999961853027,6.664999961853027,6.664999961853027,313.0
2024-07-03 12:26:00,GRTS,0.5799999833106995,0.5799999833106995,0.5799999833106995,0.5799999833106995,0.5799999833106995,547.0
2024-07-03 12:26:00,GTHX,2.569999933242798,2.569999933242798,2.569999933242798,2.569999933242798,2.569999933242798,1880.0
2024-07-03 12:26:00,HALO,52.33000183105469,52.33000183105469,52.33000183105469,52.242000579833984,52.27000045776367,2390.0
2024-07-03 12:26:00,HCAT,6.175000190734863,6.175000190734863,6.190000057220459,6.175000190734863,6.190000057220459,400.0
2024-07-03 12:26:00,HCSG,10.694999694824219,10.694999694824219,10.694999694824219,10.6899995803833,10.694999694824219,962.0
2024-07-03 12:26:00,HLVX,14.329999923706055,14.329999923706055,14.329999923706055,14.329999923706055,14.329999923706055,293.0
2024-07-03 12:26:00,HOLX,73.177001953125,73.177001953125,73.18000030517578,73.1500015258789,73.16500091552734,7398.0
2024-07-03 12:26:00,HRMY,30.719999313354492,30.719999313354492,30.719999313354492,30.684999465942383,30.684999465942383,1269.0
2024-07-03 12:26:00,HROW,21.40999984741211,21.40999984741211,21.40999984741211,21.40999984741211,21.40999984741211,600.0
2024-07-03 12:26:00,HRTX,2.7300000190734863,2.7300000190734863,2.734999895095825,2.7300000190734863,2.734999895095825,5670.0
2024-07-03 12:26:00,HSIC,65.05000305175781,65.05000305175781,65.05999755859375,65.0199966430664,65.0199966430664,1906.0
2024-07-03 12:26:00,HUMA,5.784999847412109,5.784999847412109,5.789999961853027,5.78000020980835,5.78000020980835,4835.0
2024-07-03 12:26:00,IART,28.530099868774414,28.530099868774414,28.549999237060547,28.530000686645508,28.540000915527344,5487.0
2024-07-03 12:26:00,IBRX,6.275000095367432,6.275000095367432,6.275000095367432,6.275000095367432,6.275000095367432,287.0
2024-07-03 12:26:00,ICLR,318.2349853515625,318.2349853515625,318.4049987792969,318.2200012207031,318.2900085449219,3504.0
2024-07-03 12:26:00,IDXX,477.7650146484375,477.7650146484375,477.7650146484375,477.7650146484375,477.7650146484375,966.0
2024-07-03 12:26:00,IDYA,33.26499938964844,33.26499938964844,33.26499938964844,33.26499938964844,33.26499938964844,270.0
2024-07-03 12:26:00,ILMN,105.70500183105469,105.70500183105469,105.7699966430664,105.66000366210938,105.7699966430664,3210.0
2024-07-03 12:26:00,IMAB,1.5299999713897705,1.5299999713897705,1.5299999713897705,1.5299999713897705,1.5299999713897705,200.0
2024-07-03 12:26:00,IMCR,35.96500015258789,35.96500015258789,36.0,35.96500015258789,36.0,594.0
2024-07-03 12:26:00,IMMX,2.349100112915039,2.349100112915039,2.349100112915039,2.309999942779541,2.3299999237060547,3320.0
2024-07-03 12:26:00,IMRX,1.1299999952316284,1.1299999952316284,1.1299999952316284,1.125,1.125,354.0
2024-07-03 12:26:00,IMTX,11.8100004196167,11.8100004196167,11.8100004196167,11.800000190734863,11.800000190734863,302.0
2024-07-03 12:26:00,IMVT,26.049999237060547,26.049999237060547,26.079999923706055,26.049999237060547,26.06999969482422,2626.0
2024-07-03 12:26:00,INBX,13.100000381469727,13.100000381469727,13.100000381469727,13.09000015258789,13.09000015258789,707.0
2024-07-03 12:26:00,INCY,57.650001525878906,57.650001525878906,57.689998626708984,57.650001525878906,57.689998626708984,5898.0
2024-07-03 12:26:00,INGN,8.039999961853027,8.039999961853027,8.039999961853027,8.029999732971191,8.029999732971191,3243.0
2024-07-03 12:26:00,INO,8.390000343322754,8.390000343322754,8.390000343322754,8.390000343322754,8.390000343322754,262.0
2024-07-03 12:26:00,INSM,62.040000915527344,62.040000915527344,62.060001373291016,62.0,62.060001373291016,3090.0
2024-07-03 12:26:00,INVA,16.30500030517578,16.30500030517578,16.30500030517578,16.30500030517578,16.30500030517578,968.0
2024-07-03 12:26:00,INZY,4.460000038146973,4.460000038146973,4.460000038146973,4.460000038146973,4.460000038146973,487.0
2024-07-03 12:26:00,IONS,44.880001068115234,44.880001068115234,44.89500045776367,44.880001068115234,44.89500045776367,2085.0
2024-07-03 12:26:00,IOVA,7.414999961853027,7.414999961853027,7.438499927520752,7.414999961853027,7.434000015258789,8545.0
2024-07-03 12:26:00,IRTC,94.77999877929688,94.77999877929688,94.79000091552734,94.70999908447266,94.77999877929688,13045.0
2024-07-03 12:26:00,IRWD,6.125,6.125,6.135000228881836,6.125,6.135000228881836,4486.0
2024-07-03 12:26:00,ISRG,433.9849853515625,433.9849853515625,434.2449951171875,433.9100036621094,434.2449951171875,1643.0
2024-07-03 12:26:00,ITCI,68.94999694824219,68.94999694824219,68.94999694824219,68.83000183105469,68.83000183105469,1779.0
2024-07-03 12:26:00,IVVD,1.100000023841858,1.100000023841858,1.100000023841858,1.100000023841858,1.100000023841858,251.0
2024-07-03 12:26:00,JAGX,3.4800000190734863,3.4800000190734863,3.4800000190734863,3.4800000190734863,3.4800000190734863,2340.0
2024-07-03 12:26:00,JANX,38.060001373291016,38.060001373291016,38.060001373291016,38.0,38.0,2134.0
2024-07-03 12:26:00,JAZZ,103.47000122070312,103.47000122070312,103.47000122070312,103.47000122070312,103.47000122070312,584.0
2024-07-03 12:26:00,KALV,11.635000228881836,11.635000228881836,11.635000228881836,11.630000114440918,11.630000114440918,757.0
2024-07-03 12:26:00,KNSA,18.854999542236328,18.854999542236328,18.860000610351562,18.850000381469727,18.850000381469727,1761.0
2024-07-03 12:26:00,KOD,2.2074999809265137,2.2074999809265137,2.2100000381469727,2.2049999237060547,2.2100000381469727,2542.0
2024-07-03 12:26:00,KPTI,0.8307999968528748,0.8307999968528748,0.8309000134468079,0.8307999968528748,0.8309000134468079,5960.0
2024-07-03 12:26:00,KRMD,2.5299999713897705,2.5299999713897705,2.5299999713897705,2.509999990463257,2.509999990463257,372.0
2024-07-03 12:26:00,KRYS,176.44000244140625,176.44000244140625,176.44000244140625,176.36000061035156,176.36000061035156,1971.0
2024-07-03 12:26:00,KTRA,0.27799999713897705,0.27799999713897705,0.27799999713897705,0.27790001034736633,0.27790001034736633,12000.0
2024-07-03 12:26:00,KURA,20.18000030517578,20.18000030517578,20.18000030517578,20.18000030517578,20.18000030517578,570.0
2024-07-03 12:26:00,KYMR,30.09000015258789,30.09000015258789,30.110000610351562,30.09000015258789,30.110000610351562,1217.0
2024-07-03 12:26:00,KZR,0.579200029373169,0.579200029373169,0.579200029373169,0.5777999758720398,0.5777999758720398,853.0
2024-07-03 12:26:00,LAB,1.850000023841858,1.850000023841858,1.850000023841858,1.850000023841858,1.850000023841858,5333.0
2024-07-03 12:26:00,LBPH,32.06999969482422,32.06999969482422,32.06999969482422,32.06999969482422,32.06999969482422,466.0
2024-07-03 12:26:00,LEGN,46.13999938964844,46.13999938964844,46.16999816894531,46.119998931884766,46.16999816894531,2003.0
2024-07-03 12:26:00,LFMD,6.800000190734863,6.800000190734863,6.800000190734863,6.800000190734863,6.800000190734863,334.0
2024-07-03 12:26:00,LFST,5.110000133514404,5.110000133514404,5.110000133514404,5.110000133514404,5.110000133514404,300.0
2024-07-03 12:26:00,LGVN,1.6201000213623047,1.6201000213623047,1.6201000213623047,1.6201000213623047,1.6201000213623047,326.0
2024-07-03 12:26:00,LNTH,79.66999816894531,79.66999816894531,79.66999816894531,79.65499877929688,79.65499877929688,1185.0
2024-07-03 12:26:00,LPCN,7.869999885559082,7.869999885559082,7.869999885559082,7.820000171661377,7.820000171661377,858.0
2024-07-03 12:26:00,LPTX,1.840000033378601,1.840000033378601,1.840000033378601,1.815000057220459,1.815000057220459,3109.0
2024-07-03 12:26:00,LQDA,11.960000038146973,11.960000038146973,11.960000038146973,11.9399995803833,11.95989990234375,3599.0
2024-07-03 12:26:00,LTRN,4.360000133514404,4.360000133514404,4.360000133514404,4.360000133514404,4.360000133514404,211.0
2024-07-03 12:26:00,LXRX,1.6100000143051147,1.6100000143051147,1.6200000047683716,1.6100000143051147,1.6200000047683716,2601.0
2024-07-03 12:26:00,LYEL,1.5149999856948853,1.5149999856948853,1.5149999856948853,1.4950000047683716,1.5,61008.0
2024-07-03 12:26:00,LYRA,0.2858000099658966,0.2858000099658966,0.2858000099658966,0.2858000099658966,0.2858000099658966,200.0
2024-07-03 12:26:00,MASI,114.51000213623047,114.51000213623047,114.54000091552734,114.51000213623047,114.54000091552734,1110.0
2024-07-03 12:26:00,MASS,4.869999885559082,4.869999885559082,4.869999885559082,4.869999885559082,4.869999885559082,1089.0
2024-07-03 12:26:00,MBIO,0.4986000061035156,0.4986000061035156,0.49869999289512634,0.4975999891757965,0.4975999891757965,12809.0
2024-07-03 12:26:00,MBOT,1.0549999475479126,1.0549999475479126,1.0549999475479126,1.0549999475479126,1.0549999475479126,0.0
2024-07-03 12:26:00,MCRB,0.7330999970436096,0.7330999970436096,0.7330999970436096,0.7330999970436096,0.7330999970436096,1012.0
2024-07-03 12:26:00,MDGL,271.6099853515625,271.6099853515625,271.6099853515625,271.6099853515625,271.6099853515625,836.0
2024-07-03 12:26:00,MDWD,14.710000038146973,14.710000038146973,14.710000038146973,14.649999618530273,14.649999618530273,541.0
2024-07-03 12:26:00,MDXG,6.775000095367432,6.775000095367432,6.78000020980835,6.775000095367432,6.78000020980835,2432.0
2024-07-03 12:26:00,ME,0.4099999964237213,0.4099999964237213,0.4104999899864197,0.4099999964237213,0.4104999899864197,1514.0
2024-07-03 12:26:00,MGNX,4.199999809265137,4.199999809265137,4.199999809265137,4.190000057220459,4.190000057220459,10916.0
2024-07-03 12:26:00,MGTX,3.9700000286102295,3.9700000286102295,3.9700000286102295,3.9700000286102295,3.9700000286102295,240.0
2024-07-03 12:26:00,MIRM,33.81999969482422,33.81999969482422,33.83000183105469,33.81999969482422,33.83000183105469,1562.0
2024-07-03 12:26:00,MMSI,86.27999877929688,86.27999877929688,86.27999877929688,86.23999786376953,86.23999786376953,1141.0
2024-07-03 12:26:00,MNKD,5.014999866485596,5.014999866485596,5.014999866485596,5.014999866485596,5.014999866485596,784.0
2024-07-03 12:26:00,MNMD,7.199999809265137,7.199999809265137,7.199999809265137,7.199999809265137,7.199999809265137,1743.0
2024-07-03 12:26:00,MORF,31.860000610351562,31.860000610351562,31.860000610351562,31.860000610351562,31.860000610351562,1743.0
2024-07-03 12:26:00,MREO,3.5250000953674316,3.5250000953674316,3.5250000953674316,3.5250000953674316,3.5250000953674316,137.0
2024-07-03 12:26:00,MRNA,115.9000015258789,115.9000015258789,115.91000366210938,115.85099792480469,115.91000366210938,1799.0
2024-07-03 12:26:00,MRSN,1.840000033378601,1.840000033378601,1.850000023841858,1.840000033378601,1.8450000286102295,462.0
2024-07-03 12:26:00,MRUS,52.5,52.5,52.55500030517578,52.5,52.5,858.0
2024-07-03 12:26:00,MRVI,7.010000228881836,7.010000228881836,7.014999866485596,7.010000228881836,7.010000228881836,3256.0
2024-07-03 12:26:00,MXCT,3.7049999237060547,3.7049999237060547,3.7049999237060547,3.7026000022888184,3.7026000022888184,1732.0
2024-07-03 12:26:00,NBIX,138.3300018310547,138.3300018310547,138.35000610351562,138.1699981689453,138.1699981689453,2083.0
2024-07-03 12:26:00,NDRA,0.09200000017881393,0.09200000017881393,0.0925000011920929,0.0917000025510788,0.0917000025510788,28217.0
2024-07-03 12:26:00,NEO,13.729999542236328,13.729999542236328,13.729999542236328,13.729999542236328,13.729999542236328,784.0
2024-07-03 12:26:00,NEOG,15.119999885559082,15.119999885559082,15.130000114440918,15.119999885559082,15.130000114440918,1934.0
2024-07-03 12:26:00,NKTR,1.274999976158142,1.274999976158142,1.274999976158142,1.2700999975204468,1.274999976158142,5422.0
2024-07-03 12:26:00,NKTX,5.324999809265137,5.324999809265137,5.324999809265137,5.324999809265137,5.324999809265137,798.0
2024-07-03 12:26:00,NLSP,0.20200000703334808,0.20200000703334808,0.20200000703334808,0.20200000703334808,0.20200000703334808,0.0
2024-07-03 12:26:00,NNOX,7.070099830627441,7.070099830627441,7.070099830627441,7.070099830627441,7.070099830627441,1522.0
2024-07-03 12:26:00,NRIX,19.56999969482422,19.56999969482422,19.59000015258789,19.540000915527344,19.540000915527344,821.0
2024-07-03 12:26:00,NTLA,22.704999923706055,22.704999923706055,22.719999313354492,22.704999923706055,22.719999313354492,1439.0
2024-07-03 12:26:00,NTRA,111.59500122070312,111.59500122070312,111.6050033569336,111.55999755859375,111.6050033569336,3279.0
2024-07-03 12:26:00,NUWE,3.8550000190734863,3.8550000190734863,3.8550000190734863,3.8550000190734863,3.8550000190734863,1767.0
2024-07-03 12:26:00,NVAX,12.555000305175781,12.555000305175781,12.5600004196167,12.555000305175781,12.555000305175781,3607.0
2024-07-03 12:26:00,NVCR,16.665000915527344,16.665000915527344,16.709999084472656,16.649999618530273,16.649999618530273,34264.0
2024-07-03 12:26:00,NXTC,1.590000033378601,1.590000033378601,1.590000033378601,1.590000033378601,1.590000033378601,500.0
2024-07-03 12:26:00,OCGN,1.6200000047683716,1.6200000047683716,1.6200000047683716,1.6150000095367432,1.6150000095367432,1193.0
2024-07-03 12:26:00,OCUL,6.695000171661377,6.695000171661377,6.710999965667725,6.695000171661377,6.710000038146973,4335.0
2024-07-03 12:26:00,OLMA,10.479999542236328,10.479999542236328,10.484999656677246,10.479999542236328,10.484999656677246,1897.0
2024-07-03 12:26:00,OM,3.884999990463257,3.884999990463257,3.884999990463257,3.884999990463257,3.884999990463257,234.0
2024-07-03 12:26:00,OMCL,26.59000015258789,26.59000015258789,26.59000015258789,26.59000015258789,26.59000015258789,795.0
2024-07-03 12:26:00,OMGA,1.9149999618530273,1.9149999618530273,1.9149999618530273,1.9149999618530273,1.9149999618530273,558.0
2024-07-03 12:26:00,ONCY,1.0049999952316284,1.0049999952316284,1.0049999952316284,1.0049999952316284,1.0049999952316284,217.0
2024-07-03 12:27:00,ABCL,2.7149999141693115,2.7149999141693115,2.7149999141693115,2.7139999866485596,2.7139999866485596,1726.0
2024-07-03 12:27:00,ABEO,4.349999904632568,4.349999904632568,4.360000133514404,4.349999904632568,4.360000133514404,424.0
2024-07-03 12:27:00,ABSI,3.186000108718872,3.186000108718872,3.190000057220459,3.184999942779541,3.190000057220459,460.0
2024-07-03 12:27:00,ABUS,3.1500000953674316,3.1500000953674316,3.1500000953674316,3.1449999809265137,3.1500000953674316,904.0
2024-07-03 12:27:00,ACAD,15.539999961853027,15.539999961853027,15.539999961853027,15.539999961853027,15.539999961853027,770.0
2024-07-03 12:27:00,ACB,4.938499927520752,4.938499927520752,4.938499927520752,4.930300235748291,4.930300235748291,1081.0
2024-07-03 12:27:00,ACCD,3.640000104904175,3.640000104904175,3.6549999713897705,3.640000104904175,3.6549999713897705,17404.0
2024-07-03 12:27:00,ACET,1.0850000381469727,1.0850000381469727,1.0850000381469727,1.0800000429153442,1.0800000429153442,1107.0
2024-07-03 12:27:00,ACHC,66.76000213623047,66.76000213623047,66.76000213623047,66.76000213623047,66.76000213623047,455.0
2024-07-03 12:27:00,ACIU,3.825000047683716,3.825000047683716,3.825000047683716,3.825000047683716,3.825000047683716,107.0
2024-07-03 12:27:00,ACLX,54.6150016784668,54.6150016784668,54.622501373291016,54.6150016784668,54.622501373291016,747.0
2024-07-03 12:27:00,ACRS,1.149999976158142,1.149999976158142,1.149999976158142,1.149999976158142,1.149999976158142,832.0
2024-07-03 12:27:00,ADMA,11.204999923706055,11.204999923706055,11.204999923706055,11.194999694824219,11.194999694824219,12076.0
2024-07-03 12:27:00,ADPT,3.424999952316284,3.424999952316284,3.424999952316284,3.424999952316284,3.424999952316284,298.0
2024-07-03 12:27:00,ADVM,7.099999904632568,7.099999904632568,7.099999904632568,7.0625,7.099999904632568,531.0
2024-07-03 12:27:00,AEMD,0.40720000863075256,0.40720000863075256,0.40720000863075256,0.4065000116825104,0.4065000116825104,320.0
2024-07-03 12:27:00,AGEN,14.229999542236328,14.229999542236328,14.229999542236328,14.229999542236328,14.229999542236328,209.0
2024-07-03 12:27:00,AGRX,1.409999966621399,1.409999966621399,1.409999966621399,1.409999966621399,1.409999966621399,1628.0
2024-07-03 12:27:00,AIMD,0.910099983215332,0.910099983215332,0.9297000169754028,0.910099983215332,0.9199000000953674,3068.0
2024-07-03 12:27:00,AKBA,0.9520000219345093,0.9520000219345093,0.9520000219345093,0.9520000219345093,0.9520000219345093,776.0
2024-07-03 12:27:00,AKYA,2.109999895095825,2.109999895095825,2.115000009536743,2.109999895095825,2.115000009536743,457.0
2024-07-03 12:27:00,ALEC,4.420000076293945,4.420000076293945,4.420000076293945,4.414000034332275,4.414000034332275,971.0
2024-07-03 12:27:00,ALHC,8.045000076293945,8.045000076293945,8.045000076293945,8.039999961853027,8.039999961853027,1632.0
2024-07-03 12:27:00,ALIM,5.525000095367432,5.525000095367432,5.525000095367432,5.525000095367432,5.525000095367432,1616.0
2024-07-03 12:27:00,ALKS,24.184999465942383,24.184999465942383,24.19499969482422,24.184999465942383,24.190000534057617,4200.0
2024-07-03 12:27:00,ALLK,0.8345000147819519,0.8345000147819519,0.8345000147819519,0.8345000147819519,0.8345000147819519,1381.0
2024-07-03 12:27:00,ALLO,2.0899999141693115,2.0899999141693115,2.0950000286102295,2.0899999141693115,2.0950000286102295,1163.0
2024-07-03 12:27:00,ALLR,0.2020999938249588,0.2020999938249588,0.2021999955177307,0.2020999938249588,0.2021999955177307,870.0
2024-07-03 12:27:00,ALNY,246.13999938964844,246.13999938964844,246.13999938964844,246.0,246.10000610351562,1891.0
2024-07-03 12:27:00,ALT,6.644999980926514,6.644999980926514,6.644999980926514,6.644999980926514,6.644999980926514,814.0
2024-07-03 12:27:00,ALVR,0.738099992275238,0.738099992275238,0.7384999990463257,0.7330999970436096,0.7330999970436096,14031.0
2024-07-03 12:27:00,AMED,97.19499969482422,97.19499969482422,97.25,97.13999938964844,97.13999938964844,3570.0
2024-07-03 12:27:00,AMGN,307.1700134277344,307.1700134277344,307.1700134277344,307.0400085449219,307.0400085449219,819.0
2024-07-03 12:27:00,AMLX,1.7549999952316284,1.7549999952316284,1.7549999952316284,1.7549999952316284,1.7549999952316284,1414.0
2024-07-03 12:27:00,AMPH,38.31999969482422,38.31999969482422,38.38999938964844,38.290000915527344,38.290000915527344,2132.0
2024-07-03 12:27:00,ANAB,25.0,25.0,25.020000457763672,24.979999542236328,25.020000457763672,5078.0
2024-07-03 12:27:00,ANIK,25.530000686645508,25.530000686645508,25.530000686645508,25.530000686645508,25.530000686645508,967.0
2024-07-03 12:27:00,ANIP,60.744998931884766,60.744998931884766,60.744998931884766,60.744998931884766,60.744998931884766,249.0
2024-07-03 12:27:00,ANNX,4.764999866485596,4.764999866485596,4.769999980926514,4.764999866485596,4.764999866485596,1525.0
2024-07-03 12:27:00,ANTX,2.5799999237060547,2.5799999237060547,2.5799999237060547,2.5799999237060547,2.5799999237060547,585.0
2024-07-03 12:27:00,APDN,0.39570000767707825,0.39570000767707825,0.39570000767707825,0.39570000767707825,0.39570000767707825,1339.0
2024-07-03 12:27:00,APLS,35.22999954223633,35.22999954223633,35.22999954223633,35.22999954223633,35.22999954223633,445.0
2024-07-03 12:27:00,APLT,4.364999771118164,4.364999771118164,4.364999771118164,4.364999771118164,4.364999771118164,113.0
2024-07-03 12:27:00,ARCT,21.780000686645508,21.780000686645508,21.81999969482422,21.72130012512207,21.780000686645508,6210.0
2024-07-03 12:27:00,ARDX,5.28000020980835,5.28000020980835,5.284999847412109,5.269999980926514,5.275000095367432,38642.0
2024-07-03 12:27:00,ARGX,435.5174865722656,435.5174865722656,435.55499267578125,435.5174865722656,435.55499267578125,517.0
2024-07-03 12:27:00,ARQT,9.585000038146973,9.585000038146973,9.595000267028809,9.585000038146973,9.595000267028809,3324.0
2024-07-03 12:27:00,ARWR,25.149999618530273,25.149999618530273,25.15999984741211,25.100000381469727,25.15999984741211,6265.0
2024-07-03 12:27:00,ASRT,1.3350000381469727,1.3350000381469727,1.3350000381469727,1.3350000381469727,1.3350000381469727,317.0
2024-07-03 12:27:00,ATAI,1.2899999618530273,1.2899999618530273,1.2899999618530273,1.2899999618530273,1.2899999618530273,170.0
2024-07-03 12:27:00,ATEC,10.039999961853027,10.039999961853027,10.050000190734863,10.029999732971191,10.050000190734863,3918.0
2024-07-03 12:27:00,ATHE,1.7799999713897705,1.7799999713897705,1.7799999713897705,1.7799999713897705,1.7799999713897705,1154.0
2024-07-03 12:27:00,ATRC,22.334999084472656,22.334999084472656,22.334999084472656,22.309999465942383,22.309999465942383,334.0
2024-07-03 12:27:00,AUGX,1.0,1.0,1.0,1.0,1.0,700.0
2024-07-03 12:27:00,AUTL,3.4800000190734863,3.4800000190734863,3.484999895095825,3.4800000190734863,3.484999895095825,348.0
2024-07-03 12:27:00,AVAH,2.6700000762939453,2.6700000762939453,2.6700000762939453,2.6700000762939453,2.6700000762939453,365.0
2024-07-03 12:27:00,AVDL,14.460000038146973,14.460000038146973,14.460000038146973,14.444999694824219,14.444999694824219,654.0
2024-07-03 12:27:00,AVTE,1.690000057220459,1.690000057220459,1.690000057220459,1.6820000410079956,1.690000057220459,6819.0
2024-07-03 12:27:00,AVXL,4.140699863433838,4.140699863433838,4.140699863433838,4.140699863433838,4.140699863433838,812.0
2024-07-03 12:27:00,AXGN,7.5,7.5,7.5,7.5,7.5,1010.0
2024-07-03 12:27:00,AXSM,79.93000030517578,79.93000030517578,79.93000030517578,79.93000030517578,79.93000030517578,225.0
2024-07-03 12:27:00,AZN,76.75990295410156,76.75990295410156,76.77999877929688,76.75990295410156,76.7699966430664,4457.0
2024-07-03 12:27:00,AZTA,52.5099983215332,52.5099983215332,52.5099983215332,52.5099983215332,52.5099983215332,556.0
2024-07-03 12:27:00,BBIO,25.360000610351562,25.360000610351562,25.389999389648438,25.360000610351562,25.389999389648438,1515.0
2024-07-03 12:27:00,BCAB,1.4149999618530273,1.4149999618530273,1.4199999570846558,1.4149999618530273,1.4199999570846558,1925.0
2024-07-03 12:27:00,BCRX,6.460000038146973,6.460000038146973,6.460000038146973,6.460000038146973,6.460000038146973,1105.0
2024-07-03 12:27:00,BDTX,4.340000152587891,4.340000152587891,4.340000152587891,4.340000152587891,4.340000152587891,1568.0
2024-07-03 12:27:00,BEAM,23.549999237060547,23.549999237060547,23.56999969482422,23.549999237060547,23.56999969482422,757.0
2024-07-03 12:27:00,BIIB,223.1300048828125,223.1300048828125,223.21499633789062,223.1300048828125,223.13999938964844,1420.0
2024-07-03 12:27:00,BJDX,0.6299999952316284,0.6299999952316284,0.6301000118255615,0.6299999952316284,0.6299999952316284,2654.0
2024-07-03 12:27:00,BLUE,0.9230999946594238,0.9230999946594238,0.9230999946594238,0.9229000210762024,0.9229000210762024,3487.0
2024-07-03 12:27:00,BMRN,80.83999633789062,80.83999633789062,80.86499786376953,80.79499816894531,80.86499786376953,7677.0
2024-07-03 12:27:00,BNGO,0.5770000219345093,0.5770000219345093,0.5770000219345093,0.5770000219345093,0.5770000219345093,1710.0
2024-07-03 12:27:00,BNTC,9.068300247192383,9.068300247192383,9.068300247192383,9.068300247192383,9.068300247192383,311.0
2024-07-03 12:27:00,BNTX,80.30000305175781,80.30000305175781,80.30500030517578,80.30000305175781,80.30500030517578,839.0
2024-07-03 12:27:00,BRKR,61.5099983215332,61.5099983215332,61.540000915527344,61.439998626708984,61.439998626708984,3371.0
2024-07-03 12:27:00,BTAI,1.0800000429153442,1.0800000429153442,1.0800000429153442,1.0800000429153442,1.0800000429153442,204.0
2024-07-03 12:27:00,CABA,7.519999980926514,7.519999980926514,7.519999980926514,7.519999980926514,7.519999980926514,852.0
2024-07-03 12:27:00,CAPR,4.809999942779541,4.809999942779541,4.829999923706055,4.800000190734863,4.804999828338623,3171.0
2024-07-03 12:27:00,CARA,0.28850001096725464,0.28850001096725464,0.28850001096725464,0.28679999709129333,0.28679999709129333,828.0
2024-07-03 12:27:00,CASI,5.074999809265137,5.074999809265137,5.074999809265137,5.074999809265137,5.074999809265137,578.0
2024-07-03 12:27:00,CCCC,4.554999828338623,4.554999828338623,4.554999828338623,4.550000190734863,4.550000190734863,3276.0
2024-07-03 12:27:00,CDMO,7.789999961853027,7.789999961853027,7.789999961853027,7.75,7.760000228881836,4589.0
2024-07-03 12:27:00,CERE,40.380001068115234,40.380001068115234,40.40999984741211,40.31999969482422,40.34000015258789,14122.0
2024-07-03 12:27:00,CERS,1.7100000381469727,1.7100000381469727,1.7100000381469727,1.7100000381469727,1.7100000381469727,740.0
2024-07-03 12:27:00,CGC,6.590099811553955,6.590099811553955,6.590099811553955,6.572500228881836,6.572500228881836,8657.0
2024-07-03 12:27:00,CGEM,16.700000762939453,16.700000762939453,16.700000762939453,16.700000762939453,16.700000762939453,131.0
2024-07-03 12:27:00,CGEN,1.6800999641418457,1.6800999641418457,1.690000057220459,1.6800999641418457,1.690000057220459,1462.0
2024-07-03 12:27:00,CHRS,1.3849999904632568,1.3849999904632568,1.3849999904632568,1.3849999904632568,1.3849999904632568,896.0
2024-07-03 12:27:00,CLOV,1.25,1.25,1.2553999423980713,1.25,1.25,775.0
2024-07-03 12:27:00,CLPT,5.364999771118164,5.364999771118164,5.364999771118164,5.364999771118164,5.364999771118164,275.0
2024-07-03 12:27:00,CLRB,2.4600000381469727,2.4600000381469727,2.4600000381469727,2.4600000381469727,2.4600000381469727,1234.0
2024-07-03 12:27:00,CMPS,6.230000019073486,6.230000019073486,6.230000019073486,6.21999979019165,6.230000019073486,1035.0
2024-07-03 12:27:00,CMPX,0.8513000011444092,0.8513000011444092,0.8513000011444092,0.8457000255584717,0.8457000255584717,0.0
2024-07-03 12:27:00,CMRX,0.863099992275238,0.863099992275238,0.863099992275238,0.863099992275238,0.863099992275238,305.0
2024-07-03 12:27:00,CNSP,1.4550000429153442,1.4550000429153442,1.4600000381469727,1.4313000440597534,1.4400999546051025,22143.0
2024-07-03 12:27:00,CNTA,8.670000076293945,8.670000076293945,8.670000076293945,8.670000076293945,8.670000076293945,509.0
2024-07-03 12:27:00,COCP,2.4200000762939453,2.4200000762939453,2.4200000762939453,2.4200000762939453,2.4200000762939453,200.0
2024-07-03 12:27:00,COGT,8.350000381469727,8.350000381469727,8.350000381469727,8.345000267028809,8.345000267028809,911.0
2024-07-03 12:27:00,COLL,32.375,32.375,32.375,32.375,32.375,838.0
2024-07-03 12:27:00,COSM,0.9100000262260437,0.9100000262260437,0.910099983215332,0.9100000262260437,0.910099983215332,1835.0
2024-07-03 12:27:00,CPRX,15.380000114440918,15.380000114440918,15.380000114440918,15.380000114440918,15.380000114440918,267.0
2024-07-03 12:27:00,CRBP,50.185001373291016,50.185001373291016,50.185001373291016,50.185001373291016,50.185001373291016,101.0
2024-07-03 12:27:00,CRBU,1.5687999725341797,1.5687999725341797,1.5687999725341797,1.5687999725341797,1.5687999725341797,355.0
2024-07-03 12:27:00,CRDF,2.2850000858306885,2.2850000858306885,2.2894999980926514,2.2850000858306885,2.2850000858306885,890.0
2024-07-03 12:27:00,CRNX,44.66999816894531,44.66999816894531,44.66999816894531,44.66999816894531,44.66999816894531,416.0
2024-07-03 12:27:00,CRSP,53.75,53.75,53.75,53.689998626708984,53.720001220703125,2301.0
2024-07-03 12:27:00,CSTL,21.059999465942383,21.059999465942383,21.059999465942383,21.045000076293945,21.045000076293945,997.0
2024-07-03 12:27:00,CTKB,5.614999771118164,5.614999771118164,5.614999771118164,5.614999771118164,5.614999771118164,336.0
2024-07-03 12:27:00,CTXR,0.5015000104904175,0.5015000104904175,0.5015000104904175,0.5015000104904175,0.5015000104904175,710.0
2024-07-03 12:27:00,CVAC,3.234999895095825,3.234999895095825,3.240000009536743,3.2300000190734863,3.2300000190734863,10060.0
2024-07-03 12:27:00,CYTK,54.58000183105469,54.58000183105469,54.58000183105469,54.4900016784668,54.4900016784668,1024.0
2024-07-03 12:27:00,DAWN,13.329999923706055,13.329999923706055,13.329999923706055,13.329999923706055,13.329999923706055,783.0
2024-07-03 12:27:00,DERM,5.170000076293945,5.170000076293945,5.170000076293945,5.170000076293945,5.170000076293945,0.0
2024-07-03 12:27:00,DNLI,21.459999084472656,21.459999084472656,21.459999084472656,21.440000534057617,21.440000534057617,1664.0
2024-07-03 12:27:00,DSGN,3.299999952316284,3.299999952316284,3.299999952316284,3.299999952316284,3.299999952316284,360.0
2024-07-03 12:27:00,DVAX,11.085000038146973,11.085000038146973,11.085000038146973,11.074999809265137,11.074999809265137,2623.0
2024-07-03 12:27:00,DXCM,111.08999633789062,111.08999633789062,111.09529876708984,111.05000305175781,111.06999969482422,1781.0
2024-07-03 12:27:00,DYN,33.790000915527344,33.790000915527344,33.790000915527344,33.779998779296875,33.779998779296875,1441.0
2024-07-03 12:27:00,EDIT,4.625,4.625,4.625,4.625,4.625,1660.0
2024-07-03 12:27:00,ELEV,2.630000114440918,2.630000114440918,2.6391000747680664,2.630000114440918,2.6391000747680664,667.0
2024-07-03 12:27:00,ELYM,6.739999771118164,6.739999771118164,6.75,6.739999771118164,6.75,3313.0
2024-07-03 12:27:00,ENSC,0.45500001311302185,0.45500001311302185,0.45500001311302185,0.45500001311302185,0.45500001311302185,200.0
2024-07-03 12:27:00,ENSG,126.70999908447266,126.70999908447266,126.70999908447266,126.70999908447266,126.70999908447266,551.0
2024-07-03 12:27:00,EOLS,10.930000305175781,10.930000305175781,10.930000305175781,10.920000076293945,10.930000305175781,2198.0
2024-07-03 12:27:00,ERAS,2.2100000381469727,2.2100000381469727,2.2100000381469727,2.2100000381469727,2.2100000381469727,1218.0
2024-07-03 12:27:00,ESPR,2.369999885559082,2.369999885559082,2.369999885559082,2.365000009536743,2.365000009536743,1865.0
2024-07-03 12:27:00,EVAX,2.900899887084961,2.900899887084961,2.9100000858306885,2.900899887084961,2.9100000858306885,300.0
2024-07-03 12:27:00,EVGN,0.6449999809265137,0.6449999809265137,0.6449999809265137,0.6366999745368958,0.6366999745368958,3194.0
2024-07-03 12:27:00,EWTX,18.049999237060547,18.049999237060547,18.049999237060547,18.049999237060547,18.049999237060547,314.0
2024-07-03 12:27:00,EXAI,5.440000057220459,5.440000057220459,5.440000057220459,5.440000057220459,5.440000057220459,300.0
2024-07-03 12:27:00,EXAS,43.15999984741211,43.15999984741211,43.15999984741211,43.150001525878906,43.15999984741211,1225.0
2024-07-03 12:27:00,EXEL,21.8799991607666,21.8799991607666,21.8799991607666,21.861000061035156,21.861000061035156,4994.0
2024-07-03 12:27:00,EYEN,0.7856000065803528,0.7856000065803528,0.7856000065803528,0.7849000096321106,0.7850000262260437,1886.0
2024-07-03 12:27:00,EYPT,8.678899765014648,8.678899765014648,8.678899765014648,8.678899765014648,8.678899765014648,241.0
2024-07-03 12:27:00,FATE,3.1600000858306885,3.1600000858306885,3.1649999618530273,3.1600000858306885,3.1600000858306885,1892.0
2024-07-03 12:27:00,FDMT,20.954999923706055,20.954999923706055,20.969999313354492,20.940000534057617,20.940000534057617,1995.0
2024-07-03 12:27:00,FGEN,0.7156000137329102,0.7156000137329102,0.7156000137329102,0.7156000137329102,0.7156000137329102,1381.0
2024-07-03 12:27:00,FHTX,5.630000114440918,5.630000114440918,5.639999866485596,5.5817999839782715,5.5817999839782715,3282.0
2024-07-03 12:27:00,FLGT,20.079999923706055,20.079999923706055,20.079999923706055,20.079999923706055,20.079999923706055,442.0
2024-07-03 12:27:00,FOLD,9.880000114440918,9.880000114440918,9.880000114440918,9.875,9.875,392.0
2024-07-03 12:27:00,FULC,6.135000228881836,6.135000228881836,6.135000228881836,6.130000114440918,6.130000114440918,571.0
2024-07-03 12:27:00,GDRX,7.800000190734863,7.800000190734863,7.800000190734863,7.800000190734863,7.800000190734863,166.0
2024-07-03 12:27:00,GERN,4.324999809265137,4.324999809265137,4.324999809265137,4.324999809265137,4.324999809265137,2885.0
2024-07-03 12:27:00,GH,28.350000381469727,28.350000381469727,28.350000381469727,28.325000762939453,28.329999923706055,1760.0
2024-07-03 12:27:00,GILD,66.89009857177734,66.89009857177734,66.93000030517578,66.89009857177734,66.93000030517578,5717.0
2024-07-03 12:27:00,GLUE,3.9000000953674316,3.9000000953674316,3.9000000953674316,3.9000000953674316,3.9000000953674316,1237.0
2024-07-03 12:27:00,GLYC,0.2761000096797943,0.2761000096797943,0.2761000096797943,0.2761000096797943,0.2761000096797943,0.0
2024-07-03 12:27:00,GMAB,25.141000747680664,25.141000747680664,25.141000747680664,25.141000747680664,25.141000747680664,484.0
2024-07-03 12:27:00,GOSS,0.9661999940872192,0.9661999940872192,0.9661999940872192,0.9623000025749207,0.9623000025749207,18826.0
2024-07-03 12:27:00,GOVX,2.8499999046325684,2.8499999046325684,2.859999895095825,2.8499999046325684,2.859999895095825,3260.0
2024-07-03 12:27:00,GRFS,6.664999961853027,6.664999961853027,6.664999961853027,6.664999961853027,6.664999961853027,169.0
2024-07-03 12:27:00,GRTS,0.5799999833106995,0.5799999833106995,0.5799999833106995,0.5799999833106995,0.5799999833106995,1104.0
2024-07-03 12:27:00,GTHX,2.569999933242798,2.569999933242798,2.569999933242798,2.565000057220459,2.565000057220459,1625.0
2024-07-03 12:27:00,HALO,52.30500030517578,52.30500030517578,52.30500030517578,52.30500030517578,52.30500030517578,535.0
2024-07-03 12:27:00,HBIO,2.805000066757202,2.805000066757202,2.805000066757202,2.805000066757202,2.805000066757202,238.0
2024-07-03 12:27:00,HCAT,6.190000057220459,6.190000057220459,6.199999809265137,6.190000057220459,6.190000057220459,1820.0
2024-07-03 12:27:00,HITI,2.134999990463257,2.134999990463257,2.134999990463257,2.134999990463257,2.134999990463257,553.0
2024-07-03 12:27:00,HOLX,73.18499755859375,73.18499755859375,73.19000244140625,73.18000030517578,73.18000030517578,1700.0
2024-07-03 12:27:00,HOOK,0.5860000252723694,0.5860000252723694,0.5860000252723694,0.5860000252723694,0.5860000252723694,1476.0
2024-07-03 12:27:00,HPCO,0.8309999704360962,0.8309999704360962,0.8309999704360962,0.8300999999046326,0.8300999999046326,1400.0
2024-07-03 12:27:00,HQY,83.7300033569336,83.7300033569336,83.7300033569336,83.7300033569336,83.7300033569336,293.0
2024-07-03 12:27:00,HRMY,30.700000762939453,30.700000762939453,30.700000762939453,30.690000534057617,30.700000762939453,2624.0
2024-07-03 12:27:00,HROW,21.530000686645508,21.530000686645508,21.530000686645508,21.420000076293945,21.420000076293945,3532.0
2024-07-03 12:27:00,HRTX,2.7249999046325684,2.7249999046325684,2.7309999465942383,2.7200000286102295,2.7309999465942383,13922.0
2024-07-03 12:27:00,HSIC,65.08999633789062,65.08999633789062,65.08999633789062,65.08999633789062,65.08999633789062,1592.0
2024-07-03 12:27:00,HUMA,5.789899826049805,5.789899826049805,5.789899826049805,5.781199932098389,5.781199932098389,2376.0
2024-07-03 12:27:00,HYPR,1.0049999952316284,1.0049999952316284,1.0049999952316284,1.0049999952316284,1.0049999952316284,0.0
2024-07-03 12:27:00,IART,28.56999969482422,28.56999969482422,28.56999969482422,28.530000686645508,28.530000686645508,228.0
2024-07-03 12:27:00,IBRX,6.278800010681152,6.278800010681152,6.278800010681152,6.275000095367432,6.275000095367432,4500.0
2024-07-03 12:27:00,IDXX,478.0,478.0,478.0,477.5,477.5,2078.0
2024-07-03 12:27:00,IDYA,33.279998779296875,33.279998779296875,33.279998779296875,33.2599983215332,33.2599983215332,1127.0
2024-07-03 12:27:00,IFRX,1.6299999952316284,1.6299999952316284,1.6299999952316284,1.6299999952316284,1.6299999952316284,156.0
2024-07-03 12:27:00,IGMS,6.440000057220459,6.440000057220459,6.440000057220459,6.440000057220459,6.440000057220459,104.0
2024-07-03 12:27:00,IKNA,1.649999976158142,1.649999976158142,1.649999976158142,1.649999976158142,1.649999976158142,243.0
2024-07-03 12:27:00,ILMN,105.62999725341797,105.62999725341797,105.69999694824219,105.62999725341797,105.68000030517578,1649.0
2024-07-03 12:27:00,IMCR,36.0,36.0,36.0,35.9900016784668,35.9900016784668,686.0
2024-07-03 12:27:00,IMMP,2.0250000953674316,2.0250000953674316,2.0399999618530273,2.009999990463257,2.009999990463257,10500.0
2024-07-03 12:27:00,IMMX,2.3499999046325684,2.3499999046325684,2.3499999046325684,2.309999942779541,2.3440001010894775,1011.0
2024-07-03 12:27:00,IMNM,12.0649995803833,12.0649995803833,12.0649995803833,12.050000190734863,12.050000190734863,1815.0
2024-07-03 12:27:00,IMTX,11.800000190734863,11.800000190734863,11.800000190734863,11.800000190734863,11.800000190734863,300.0
2024-07-03 12:27:00,IMVT,26.030000686645508,26.030000686645508,26.110000610351562,26.0,26.079999923706055,11678.0
2024-07-03 12:27:00,INBX,13.095000267028809,13.095000267028809,13.095000267028809,13.060400009155273,13.060400009155273,700.0
2024-07-03 12:27:00,INCY,57.630001068115234,57.630001068115234,57.650001525878906,57.630001068115234,57.650001525878906,1005.0
2024-07-03 12:27:00,INGN,8.0600004196167,8.0600004196167,8.0600004196167,8.050000190734863,8.050000190734863,1543.0
2024-07-03 12:27:00,INMB,7.885000228881836,7.885000228881836,7.885000228881836,7.885000228881836,7.885000228881836,54.0
2024-07-03 12:27:00,INMD,17.559999465942383,17.559999465942383,17.559999465942383,17.55500030517578,17.559999465942383,1347.0
2024-07-03 12:27:00,INO,8.390000343322754,8.390000343322754,8.390000343322754,8.382499694824219,8.382499694824219,341.0
2024-07-03 12:27:00,INSM,62.04499816894531,62.04499816894531,62.09000015258789,62.029998779296875,62.09000015258789,2034.0
2024-07-03 12:27:00,INVA,16.30500030517578,16.30500030517578,16.30500030517578,16.30500030517578,16.30500030517578,356.0
2024-07-03 12:27:00,IONM,0.3172000050544739,0.3172000050544739,0.3172000050544739,0.3172000050544739,0.3172000050544739,352.0
2024-07-03 12:27:00,IONS,44.880001068115234,44.880001068115234,44.880001068115234,44.880001068115234,44.880001068115234,546.0
2024-07-03 12:27:00,IOVA,7.4120001792907715,7.4120001792907715,7.414999961853027,7.409999847412109,7.409999847412109,5831.0
2024-07-03 12:27:00,IPSC,2.2200000286102295,2.2200000286102295,2.2200000286102295,2.2200000286102295,2.2200000286102295,164.0
2024-07-03 12:27:00,IRWD,6.125,6.125,6.125,6.119999885559082,6.119999885559082,2377.0
2024-07-03 12:27:00,ISRG,433.8599853515625,433.8599853515625,434.0199890136719,433.8599853515625,434.0199890136719,887.0
2024-07-03 12:27:00,ITCI,68.91500091552734,68.91500091552734,68.91500091552734,68.91500091552734,68.91500091552734,393.0
2024-07-03 12:27:00,IVVD,1.0950000286102295,1.0950000286102295,1.0950000286102295,1.0950000286102295,1.0950000286102295,620.0
2024-07-03 12:27:00,JANX,38.064998626708984,38.064998626708984,38.064998626708984,38.0,38.02000045776367,1469.0
2024-07-03 12:27:00,JAZZ,103.41999816894531,103.41999816894531,103.47899627685547,103.41000366210938,103.41000366210938,395.0
2024-07-03 12:27:00,KALV,11.640000343322754,11.640000343322754,11.640000343322754,11.640000343322754,11.640000343322754,809.0
2024-07-03 12:27:00,KIDS,29.850000381469727,29.850000381469727,29.850000381469727,29.84000015258789,29.84000015258789,616.0
2024-07-03 12:27:00,KPTI,0.8309999704360962,0.8309999704360962,0.8310999870300293,0.8309000134468079,0.8309000134468079,1708.0
2024-07-03 12:27:00,KRMD,2.5299999713897705,2.5299999713897705,2.5299999713897705,2.5299999713897705,2.5299999713897705,485.0
2024-07-03 12:27:00,KROS,42.415000915527344,42.415000915527344,42.47999954223633,42.415000915527344,42.47999954223633,317.0
2024-07-03 12:27:00,KRYS,176.66000366210938,176.66000366210938,176.66000366210938,176.66000366210938,176.66000366210938,261.0
2024-07-03 12:27:00,KTRA,0.27790001034736633,0.27790001034736633,0.27799999713897705,0.2775000035762787,0.27799999713897705,4412.0
2024-07-03 12:27:00,KURA,20.165000915527344,20.165000915527344,20.165000915527344,20.165000915527344,20.165000915527344,2418.0
2024-07-03 12:27:00,KYMR,30.114999771118164,30.114999771118164,30.114999771118164,30.114999771118164,30.114999771118164,228.0
2024-07-03 12:27:00,KZR,0.5777999758720398,0.5777999758720398,0.5777999758720398,0.5777999758720398,0.5777999758720398,481.0
2024-07-03 12:27:00,LAB,1.8550000190734863,1.8550000190734863,1.8600000143051147,1.850000023841858,1.850000023841858,9323.0
2024-07-03 12:27:00,LBPH,32.10350036621094,32.10350036621094,32.13999938964844,32.04999923706055,32.079898834228516,3535.0
2024-07-03 12:27:00,LEGN,46.220001220703125,46.220001220703125,46.220001220703125,46.20000076293945,46.20000076293945,337.0
2024-07-03 12:27:00,LEXX,2.640000104904175,2.640000104904175,2.640000104904175,2.640000104904175,2.640000104904175,2281.0
2024-07-03 12:27:00,LFMD,6.800000190734863,6.800000190734863,6.809999942779541,6.789999961853027,6.800000190734863,7659.0
2024-07-03 12:27:00,LFST,5.105000019073486,5.105000019073486,5.110000133514404,5.099999904632568,5.110000133514404,3464.0
2024-07-03 12:27:00,LIVN,52.75,52.75,52.75,52.73699951171875,52.75,2172.0
2024-07-03 12:27:00,LNTH,79.66000366210938,79.66000366210938,79.66000366210938,79.65499877929688,79.65499877929688,742.0
2024-07-03 12:27:00,LRMR,7.739999771118164,7.739999771118164,7.739999771118164,7.739999771118164,7.739999771118164,119.0
2024-07-03 12:27:00,LUCY,0.46399998664855957,0.46399998664855957,0.4659999907016754,0.46399998664855957,0.4645000100135803,2227.0
2024-07-03 12:27:00,LXRX,1.6100000143051147,1.6100000143051147,1.6100000143051147,1.6100000143051147,1.6100000143051147,236.0
2024-07-03 12:27:00,LYEL,1.5199999809265137,1.5199999809265137,1.5199999809265137,1.5199999809265137,1.5199999809265137,836.0
2024-07-03 12:27:00,LYRA,0.2858000099658966,0.2858000099658966,0.2858000099658966,0.2858000099658966,0.2858000099658966,1.0
2024-07-03 12:27:00,MASI,114.25,114.25,114.25,114.25,114.25,854.0
2024-07-03 12:27:00,MASS,4.880000114440918,4.880000114440918,4.880000114440918,4.880000114440918,4.880000114440918,515.0
2024-07-03 12:27:00,MBIO,0.498199999332428,0.498199999332428,0.49880000948905945,0.498199999332428,0.4986000061035156,4914.0
2024-07-03 12:27:00,MDXH,2.3399999141693115,2.3399999141693115,2.3399999141693115,2.3399999141693115,2.3399999141693115,350.0
2024-07-03 12:27:00,ME,0.4092000126838684,0.4092000126838684,0.4092000126838684,0.4092000126838684,0.4092000126838684,877.0
2024-07-03 12:27:00,MGNX,4.175000190734863,4.175000190734863,4.195000171661377,4.175000190734863,4.195000171661377,9037.0
2024-07-03 12:27:00,MGTX,3.9600000381469727,3.9600000381469727,3.9600000381469727,3.9600000381469727,3.9600000381469727,470.0
2024-07-03 12:27:00,MNKD,5.019999980926514,5.019999980926514,5.019999980926514,5.014999866485596,5.014999866485596,690.0
2024-07-03 12:27:00,MNMD,7.1956000328063965,7.1956000328063965,7.199999809265137,7.1956000328063965,7.199999809265137,848.0
2024-07-03 12:27:00,MOLN,6.619999885559082,6.619999885559082,6.619999885559082,6.619999885559082,6.619999885559082,269.0
2024-07-03 12:27:00,MORF,31.81999969482422,31.81999969482422,31.81999969482422,31.81999969482422,31.81999969482422,253.0
2024-07-03 12:27:00,MRNA,115.88999938964844,115.88999938964844,115.88999938964844,115.79000091552734,115.8499984741211,3625.0
2024-07-03 12:27:00,MRSN,1.8450000286102295,1.8450000286102295,1.850000023841858,1.840000033378601,1.840000033378601,2119.0
2024-07-03 12:27:00,MRUS,52.5,52.5,52.5,52.5,52.5,2254.0
2024-07-03 12:27:00,MRVI,7.0,7.0,7.0,7.0,7.0,167.0
2024-07-03 12:27:00,MXCT,3.7049999237060547,3.7049999237060547,3.7049999237060547,3.7049999237060547,3.7049999237060547,2275.0
2024-07-03 12:27:00,MYGN,24.985000610351562,24.985000610351562,24.985000610351562,24.979999542236328,24.979999542236328,947.0
2024-07-03 12:27:00,NARI,49.72999954223633,49.72999954223633,49.72999954223633,49.72999954223633,49.72999954223633,951.0
2024-07-03 12:27:00,NBIX,138.32000732421875,138.32000732421875,138.3300018310547,138.32000732421875,138.3300018310547,752.0
2024-07-03 12:27:00,NDRA,0.09220000356435776,0.09220000356435776,0.09220000356435776,0.09189999848604202,0.09189999848604202,34447.0
2024-07-03 12:27:00,NEOG,15.125,15.125,15.125,15.119999885559082,15.119999885559082,965.0
2024-07-03 12:27:00,NNOX,7.079999923706055,7.079999923706055,7.079999923706055,7.079999923706055,7.079999923706055,1256.0
2024-07-03 12:27:00,NPCE,7.34499979019165,7.34499979019165,7.34499979019165,7.34499979019165,7.34499979019165,1146.0
2024-07-03 12:27:00,NRC,22.959999084472656,22.959999084472656,22.959999084472656,22.959999084472656,22.959999084472656,1322.0
2024-07-03 12:27:00,NRIX,19.600000381469727,19.600000381469727,19.600000381469727,19.600000381469727,19.600000381469727,556.0
2024-07-03 12:27:00,NRSN,1.2899999618530273,1.2899999618530273,1.2899999618530273,1.2899999618530273,1.2899999618530273,200.0
2024-07-03 12:27:00,NTLA,22.709999084472656,22.709999084472656,22.709999084472656,22.700000762939453,22.704999923706055,3413.0
2024-07-03 12:27:00,NTRA,111.6500015258789,111.6500015258789,111.6500015258789,111.6500015258789,111.6500015258789,1499.0
2024-07-03 12:27:00,NUVL,72.4800033569336,72.4800033569336,72.48999786376953,72.4800033569336,72.48999786376953,1738.0
2024-07-03 12:27:00,NVAX,12.560099601745605,12.560099601745605,12.560099601745605,12.555000305175781,12.555000305175781,12046.0
2024-07-03 12:27:00,NVCR,16.690000534057617,16.690000534057617,16.690000534057617,16.674999237060547,16.690000534057617,1000.0
2024-07-03 12:27:00,NXL,1.4249999523162842,1.4249999523162842,1.4249999523162842,1.4249999523162842,1.4249999523162842,232.0
2024-07-03 12:27:00,OCGN,1.6200000047683716,1.6200000047683716,1.6200000047683716,1.6150000095367432,1.6150000095367432,2324.0
2024-07-03 12:27:00,OCUL,6.684999942779541,6.684999942779541,6.690000057220459,6.684999942779541,6.690000057220459,916.0
2024-07-03 12:27:00,OGI,1.5839999914169312,1.5839999914169312,1.590000033378601,1.5839999914169312,1.589900016784668,6675.0
2024-07-03 12:27:00,OLMA,10.479999542236328,10.479999542236328,10.479999542236328,10.479999542236328,10.479999542236328,340.0
2024-07-03 12:27:00,OM,3.880000114440918,3.880000114440918,3.884999990463257,3.880000114440918,3.880000114440918,4591.0
2024-07-03 12:27:00,OMCL,26.579999923706055,26.579999923706055,26.579999923706055,26.579999923706055,26.579999923706055,288.0
2024-07-03 12:27:00,OMGA,1.9163999557495117,1.9163999557495117,1.9163999557495117,1.909999966621399,1.9149999618530273,4157.0
2024-07-03 12:28:00,ABCL,2.7149999141693115,2.7149999141693115,2.7149999141693115,2.7100000381469727,2.7100000381469727,1869.0
2024-07-03 12:28:00,ABEO,4.360000133514404,4.360000133514404,4.360000133514404,4.349999904632568,4.360000133514404,1626.0
2024-07-03 12:28:00,ABIO,3.509999990463257,3.509999990463257,3.615000009536743,3.5065999031066895,3.615000009536743,5081.0
2024-07-03 12:28:00,ABSI,3.194999933242798,3.194999933242798,3.194999933242798,3.180000066757202,3.190000057220459,8834.0
2024-07-03 12:28:00,ABUS,3.1500000953674316,3.1500000953674316,3.1500000953674316,3.1500000953674316,3.1500000953674316,4568.0
2024-07-03 12:28:00,ACAD,15.529999732971191,15.529999732971191,15.529999732971191,15.520000457763672,15.529999732971191,2979.0
2024-07-03 12:28:00,ACB,4.929999828338623,4.929999828338623,4.940000057220459,4.929999828338623,4.940000057220459,6334.0
2024-07-03 12:28:00,ACCD,3.640000104904175,3.640000104904175,3.6449999809265137,3.630000114440918,3.6449999809265137,12605.0
2024-07-03 12:28:00,ACET,1.0850000381469727,1.0850000381469727,1.0850000381469727,1.0850000381469727,1.0850000381469727,559.0
2024-07-03 12:28:00,ACHC,66.87000274658203,66.87000274658203,66.87000274658203,66.75,66.75,2306.0
2024-07-03 12:28:00,ACLX,54.56999969482422,54.56999969482422,54.6150016784668,54.56999969482422,54.6150016784668,1920.0
2024-07-03 12:28:00,ADMA,11.194999694824219,11.194999694824219,11.210000038146973,11.192500114440918,11.204999923706055,4824.0
2024-07-03 12:28:00,ADPT,3.430000066757202,3.430000066757202,3.430000066757202,3.430000066757202,3.430000066757202,411.0
2024-07-03 12:28:00,AGEN,14.229999542236328,14.229999542236328,14.229999542236328,14.229999542236328,14.229999542236328,778.0
2024-07-03 12:28:00,AGIO,41.880001068115234,41.880001068115234,41.880001068115234,41.880001068115234,41.880001068115234,468.0
2024-07-03 12:28:00,AIMD,0.9297999739646912,0.9297999739646912,0.9297999739646912,0.9199000000953674,0.9199000000953674,3742.0
2024-07-03 12:28:00,AKAN,2.240000009536743,2.240000009536743,2.240000009536743,2.200000047683716,2.2049999237060547,3324.0
2024-07-03 12:28:00,AKBA,0.9520000219345093,0.9520000219345093,0.9520000219345093,0.9520000219345093,0.9520000219345093,403.0
2024-07-03 12:28:00,AKRO,21.780000686645508,21.780000686645508,21.780000686645508,21.780000686645508,21.780000686645508,234.0
2024-07-03 12:28:00,AKYA,2.119999885559082,2.119999885559082,2.119999885559082,2.115000009536743,2.115000009536743,2341.0
2024-07-03 12:28:00,ALEC,4.409999847412109,4.409999847412109,4.4141998291015625,4.409999847412109,4.4141998291015625,1800.0
2024-07-03 12:28:00,ALGN,242.6699981689453,242.6699981689453,242.9600067138672,242.6699981689453,242.9499969482422,2534.0
2024-07-03 12:28:00,ALHC,8.050000190734863,8.050000190734863,8.050000190734863,8.048999786376953,8.048999786376953,237.0
2024-07-03 12:28:00,ALIM,5.525000095367432,5.525000095367432,5.525000095367432,5.525000095367432,5.525000095367432,171.0
2024-07-03 12:28:00,ALKS,24.190000534057617,24.190000534057617,24.190000534057617,24.165000915527344,24.184999465942383,8289.0
2024-07-03 12:28:00,ALLO,2.0950000286102295,2.0950000286102295,2.0950000286102295,2.0899999141693115,2.0950000286102295,2855.0
2024-07-03 12:28:00,ALLR,0.2020999938249588,0.2020999938249588,0.2020999938249588,0.2020999938249588,0.2020999938249588,800.0
2024-07-03 12:28:00,ALNY,246.05999755859375,246.05999755859375,246.08999633789062,245.85499572753906,246.0,5971.0
2024-07-03 12:28:00,ALT,6.664999961853027,6.664999961853027,6.664999961853027,6.650000095367432,6.650000095367432,6119.0
2024-07-03 12:28:00,ALXO,5.690000057220459,5.690000057220459,5.690000057220459,5.675000190734863,5.675000190734863,318.0
2024-07-03 12:28:00,AMED,97.16999816894531,97.16999816894531,97.16999816894531,97.16999816894531,97.16999816894531,844.0
2024-07-03 12:28:00,AMGN,306.8800048828125,306.8800048828125,307.1199951171875,306.8800048828125,307.05999755859375,2326.0
2024-07-03 12:28:00,AMPH,38.209999084472656,38.209999084472656,38.310001373291016,38.189998626708984,38.310001373291016,2350.0
2024-07-03 12:28:00,AMRN,0.690500020980835,0.690500020980835,0.6908000111579895,0.690500020980835,0.6908000111579895,1665.0
2024-07-03 12:28:00,ANAB,25.0,25.0,25.100000381469727,25.0,25.0049991607666,11252.0
2024-07-03 12:28:00,ANNX,4.764999866485596,4.764999866485596,4.769999980926514,4.764999866485596,4.769999980926514,1695.0
2024-07-03 12:28:00,APDN,0.39489999413490295,0.39489999413490295,0.39489999413490295,0.39489999413490295,0.39489999413490295,5350.0
2024-07-03 12:28:00,APLS,35.154998779296875,35.154998779296875,35.209999084472656,35.119998931884766,35.189998626708984,2205.0
2024-07-03 12:28:00,APLT,4.360000133514404,4.360000133514404,4.364999771118164,4.360000133514404,4.360000133514404,1093.0
2024-07-03 12:28:00,AQST,2.4149999618530273,2.4149999618530273,2.4149999618530273,2.4149999618530273,2.4149999618530273,857.0
2024-07-03 12:28:00,ARCT,21.809999465942383,21.809999465942383,21.81999969482422,21.809999465942383,21.81999969482422,2598.0
2024-07-03 12:28:00,ARDX,5.289999961853027,5.289999961853027,5.300000190734863,5.284999847412109,5.284999847412109,37992.0
2024-07-03 12:28:00,ARQT,9.579999923706055,9.579999923706055,9.585000038146973,9.579999923706055,9.585000038146973,1815.0
2024-07-03 12:28:00,ARVN,23.950000762939453,23.950000762939453,23.989999771118164,23.950000762939453,23.989999771118164,2564.0
2024-07-03 12:28:00,ARWR,25.100000381469727,25.100000381469727,25.100000381469727,25.100000381469727,25.100000381469727,411.0
2024-07-03 12:28:00,ASND,134.90499877929688,134.90499877929688,134.90499877929688,134.90499877929688,134.90499877929688,854.0
2024-07-03 12:28:00,ASRT,1.3350000381469727,1.3350000381469727,1.3350000381469727,1.3350000381469727,1.3350000381469727,546.0
2024-07-03 12:28:00,ATAI,1.284999966621399,1.284999966621399,1.284999966621399,1.284999966621399,1.284999966621399,2120.0
2024-07-03 12:28:00,ATEC,10.031900405883789,10.031900405883789,10.031900405883789,10.029999732971191,10.029999732971191,1796.0
2024-07-03 12:28:00,ATOS,1.159999966621399,1.159999966621399,1.159999966621399,1.159999966621399,1.159999966621399,1215.0
2024-07-03 12:28:00,ATRC,22.3700008392334,22.3700008392334,22.3700008392334,22.334999084472656,22.334999084472656,2488.0
2024-07-03 12:28:00,ATXI,3.3301000595092773,3.3301000595092773,3.3801000118255615,3.3301000595092773,3.3801000118255615,1966.0
2024-07-03 12:28:00,ATXS,9.0649995803833,9.0649995803833,9.0649995803833,9.0649995803833,9.0649995803833,463.0
2024-07-03 12:28:00,AUPH,5.465000152587891,5.465000152587891,5.46999979019165,5.465000152587891,5.46999979019165,2937.0
2024-07-03 12:28:00,AUTL,3.4800000190734863,3.4800000190734863,3.484999895095825,3.4800000190734863,3.4800000190734863,1997.0
2024-07-03 12:28:00,AVAH,2.6600000858306885,2.6600000858306885,2.6600000858306885,2.6600000858306885,2.6600000858306885,115.0
2024-07-03 12:28:00,AVDL,14.449999809265137,14.449999809265137,14.470000267028809,14.449999809265137,14.460000038146973,1519.0
2024-07-03 12:28:00,AVIR,3.2899999618530273,3.2899999618530273,3.2899999618530273,3.2899999618530273,3.2899999618530273,673.0
2024-07-03 12:28:00,AVTE,1.690000057220459,1.690000057220459,1.690000057220459,1.680899977684021,1.680899977684021,1504.0
2024-07-03 12:28:00,AVXL,4.144999980926514,4.144999980926514,4.150000095367432,4.144999980926514,4.150000095367432,539.0
2024-07-03 12:28:00,AXSM,79.87999725341797,79.87999725341797,79.9800033569336,79.87999725341797,79.9800033569336,1239.0
2024-07-03 12:28:00,AZN,76.74500274658203,76.74500274658203,76.76000213623047,76.74500274658203,76.76000213623047,2802.0
2024-07-03 12:28:00,AZTA,52.540000915527344,52.540000915527344,52.56999969482422,52.5099983215332,52.52000045776367,2769.0
2024-07-03 12:28:00,BBIO,25.30500030517578,25.30500030517578,25.360000610351562,25.290000915527344,25.360000610351562,3316.0
2024-07-03 12:28:00,BCAB,1.4049999713897705,1.4049999713897705,1.4149999618530273,1.4049999713897705,1.4149999618530273,9767.0
2024-07-03 12:28:00,BCRX,6.449999809265137,6.449999809265137,6.465000152587891,6.449999809265137,6.460000038146973,3037.0
2024-07-03 12:28:00,BCTX,1.0099999904632568,1.0099999904632568,1.0099999904632568,1.0099999904632568,1.0099999904632568,5155.0
2024-07-03 12:28:00,BDTX,4.360000133514404,4.360000133514404,4.360000133514404,4.360000133514404,4.360000133514404,168.0
2024-07-03 12:28:00,BEAM,23.549999237060547,23.549999237060547,23.549999237060547,23.520000457763672,23.549999237060547,4813.0
2024-07-03 12:28:00,BEAT,2.7699999809265137,2.7699999809265137,2.7699999809265137,2.7699999809265137,2.7699999809265137,1510.0
2024-07-03 12:28:00,BFRI,0.8500000238418579,0.8500000238418579,0.8500000238418579,0.8460000157356262,0.8460000157356262,1158.0
2024-07-03 12:28:00,BGNE,148.30999755859375,148.30999755859375,148.30999755859375,148.30999755859375,148.30999755859375,489.0
2024-07-03 12:28:00,BIIB,223.0800018310547,223.0800018310547,223.27999877929688,223.0800018310547,223.10499572753906,3181.0
2024-07-03 12:28:00,BLFS,20.01420021057129,20.01420021057129,20.01420021057129,20.01420021057129,20.01420021057129,1101.0
2024-07-03 12:28:00,BLRX,0.5103999972343445,0.5103999972343445,0.510699987411499,0.5101000070571899,0.5101000070571899,11739.0
2024-07-03 12:28:00,BLUE,0.9200999736785889,0.9200999736785889,0.9232000112533569,0.9200000166893005,0.9232000112533569,21307.0
2024-07-03 12:28:00,BMEA,4.315000057220459,4.315000057220459,4.320000171661377,4.315000057220459,4.315000057220459,2909.0
2024-07-03 12:28:00,BMRN,80.81999969482422,80.81999969482422,80.81999969482422,80.79000091552734,80.80999755859375,4144.0
2024-07-03 12:28:00,BNTX,80.27839660644531,80.27839660644531,80.33000183105469,80.2300033569336,80.26000213623047,2620.0
2024-07-03 12:28:00,BPMC,110.77999877929688,110.77999877929688,110.80000305175781,110.74500274658203,110.79499816894531,1798.0
2024-07-03 12:28:00,BRKR,61.47999954223633,61.47999954223633,61.51499938964844,61.47999954223633,61.51499938964844,2981.0
2024-07-03 12:28:00,BTAI,1.0800000429153442,1.0800000429153442,1.0850000381469727,1.0800000429153442,1.0800000429153442,5110.0
2024-07-03 12:28:00,BTMD,7.409999847412109,7.409999847412109,7.409999847412109,7.409999847412109,7.409999847412109,1113.0
2024-07-03 12:28:00,CABA,7.514800071716309,7.514800071716309,7.519999980926514,7.514800071716309,7.519999980926514,3718.0
2024-07-03 12:28:00,CADL,6.289999961853027,6.289999961853027,6.289999961853027,6.284999847412109,6.284999847412109,2090.0
2024-07-03 12:28:00,CAPR,4.8267998695373535,4.8267998695373535,4.829999923706055,4.800000190734863,4.820000171661377,11459.0
2024-07-03 12:28:00,CARA,0.2849999964237213,0.2849999964237213,0.2867000102996826,0.2849999964237213,0.2851000130176544,1214.0
2024-07-03 12:28:00,CCCC,4.554999828338623,4.554999828338623,4.554999828338623,4.550000190734863,4.550000190734863,3348.0
2024-07-03 12:28:00,CDMO,7.764999866485596,7.764999866485596,7.789999961853027,7.764999866485596,7.789999961853027,2134.0
2024-07-03 12:28:00,CDNA,15.1899995803833,15.1899995803833,15.1899995803833,15.180000305175781,15.180000305175781,895.0
2024-07-03 12:28:00,CDXC,2.5250000953674316,2.5250000953674316,2.5250000953674316,2.5250000953674316,2.5250000953674316,1060.0
2024-07-03 12:28:00,CERE,40.369998931884766,40.369998931884766,40.41999816894531,40.369998931884766,40.38999938964844,31883.0
2024-07-03 12:28:00,CGC,6.574999809265137,6.574999809265137,6.588799953460693,6.570000171661377,6.585000038146973,12184.0
2024-07-03 12:28:00,CGEM,16.709999084472656,16.709999084472656,16.709999084472656,16.690000534057617,16.700000762939453,1273.0
2024-07-03 12:28:00,CGEN,1.684999942779541,1.684999942779541,1.684999942779541,1.6806000471115112,1.6806000471115112,1906.0
2024-07-03 12:28:00,CHRS,1.3849999904632568,1.3849999904632568,1.3849999904632568,1.3849999904632568,1.3849999904632568,721.0
2024-07-03 12:28:00,CING,0.36000001430511475,0.36000001430511475,0.36000001430511475,0.3499999940395355,0.3499999940395355,34998.0
2024-07-03 12:28:00,CKPT,2.1649999618530273,2.1649999618530273,2.1649999618530273,2.1649999618530273,2.1649999618530273,1505.0
2024-07-03 12:28:00,CLDX,36.099998474121094,36.099998474121094,36.099998474121094,36.099998474121094,36.099998474121094,998.0
2024-07-03 12:28:00,CLOV,1.2595000267028809,1.2595000267028809,1.2595000267028809,1.25,1.25,1200.0
2024-07-03 12:28:00,CMAX,2.2750000953674316,2.2750000953674316,2.2750000953674316,2.2750000953674316,2.2750000953674316,1.0
2024-07-03 12:28:00,CMPS,6.21999979019165,6.21999979019165,6.21999979019165,6.21999979019165,6.21999979019165,562.0
2024-07-03 12:28:00,CNSP,1.4399000406265259,1.4399000406265259,1.4600000381469727,1.4399000406265259,1.4559999704360962,16054.0
2024-07-03 12:28:00,CNTX,1.7599999904632568,1.7599999904632568,1.7699999809265137,1.7599999904632568,1.7699999809265137,7781.0
2024-07-03 12:28:00,COGT,8.350000381469727,8.350000381469727,8.350000381469727,8.34000015258789,8.350000381469727,1282.0
2024-07-03 12:28:00,CORT,30.389999389648438,30.389999389648438,30.389999389648438,30.3700008392334,30.3700008392334,1117.0
2024-07-03 12:28:00,COSM,0.9150000214576721,0.9150000214576721,0.9150000214576721,0.9150000214576721,0.9150000214576721,2000.0
2024-07-03 12:28:00,CPRX,15.369999885559082,15.369999885559082,15.380000114440918,15.364999771118164,15.369999885559082,4494.0
2024-07-03 12:28:00,CRBP,49.73509979248047,49.73509979248047,50.185001373291016,49.73509979248047,50.185001373291016,2495.0
2024-07-03 12:28:00,CRBU,1.559999942779541,1.559999942779541,1.5700000524520874,1.559999942779541,1.5609999895095825,7402.0
2024-07-03 12:28:00,CRDF,2.2799999713897705,2.2799999713897705,2.2850000858306885,2.2799999713897705,2.2850000858306885,2090.0
2024-07-03 12:28:00,CRMD,4.144999980926514,4.144999980926514,4.144999980926514,4.144999980926514,4.144999980926514,889.0
2024-07-03 12:28:00,CRNX,44.56999969482422,44.56999969482422,44.63999938964844,44.56999969482422,44.63999938964844,3046.0
2024-07-03 12:28:00,CRSP,53.779998779296875,53.779998779296875,53.779998779296875,53.779998779296875,53.779998779296875,806.0
2024-07-03 12:28:00,CSTL,21.09000015258789,21.09000015258789,21.09000015258789,21.02750015258789,21.06999969482422,5395.0
2024-07-03 12:28:00,CTKB,5.614999771118164,5.614999771118164,5.619999885559082,5.614999771118164,5.619999885559082,1004.0
2024-07-03 12:28:00,CTMX,1.3078999519348145,1.3078999519348145,1.3078999519348145,1.2999999523162842,1.2999999523162842,550.0
2024-07-03 12:28:00,CTXR,0.5055999755859375,0.5055999755859375,0.5055999755859375,0.5055999755859375,0.5055999755859375,1106.0
2024-07-03 12:28:00,CVAC,3.2300000190734863,3.2300000190734863,3.240000009536743,3.2300000190734863,3.234999895095825,11801.0
2024-07-03 12:28:00,CYTK,54.41999816894531,54.41999816894531,54.4900016784668,54.41999816894531,54.4900016784668,2136.0
2024-07-03 12:28:00,DARE,3.1098999977111816,3.1098999977111816,3.1098999977111816,3.1098999977111816,3.1098999977111816,523.0
2024-07-03 12:28:00,DAWN,13.329999923706055,13.329999923706055,13.329999923706055,13.329999923706055,13.329999923706055,872.0
2024-07-03 12:28:00,DNLI,21.44499969482422,21.44499969482422,21.450000762939453,21.440000534057617,21.450000762939453,1596.0
2024-07-03 12:28:00,DSGN,3.299999952316284,3.299999952316284,3.299999952316284,3.299999952316284,3.299999952316284,327.0
2024-07-03 12:28:00,DVAX,11.080100059509277,11.080100059509277,11.085000038146973,11.079999923706055,11.079999923706055,5098.0
2024-07-03 12:28:00,DXCM,111.11499786376953,111.11499786376953,111.16999816894531,111.11000061035156,111.1500015258789,4105.0
2024-07-03 12:28:00,DYN,33.814998626708984,33.814998626708984,33.845001220703125,33.810001373291016,33.81999969482422,1057.0
2024-07-03 12:28:00,EDIT,4.629899978637695,4.629899978637695,4.629899978637695,4.625,4.625,961.0
2024-07-03 12:28:00,ELEV,2.625,2.625,2.625,2.625,2.625,347.0
2024-07-03 12:28:00,ELYM,6.710000038146973,6.710000038146973,6.710000038146973,6.710000038146973,6.710000038146973,357.0
2024-07-03 12:28:00,EMBC,11.989999771118164,11.989999771118164,11.989999771118164,11.960000038146973,11.960000038146973,2007.0
2024-07-03 12:28:00,ENSG,126.7300033569336,126.7300033569336,126.7300033569336,126.7300033569336,126.7300033569336,527.0
2024-07-03 12:28:00,EOLS,10.9399995803833,10.9399995803833,10.9399995803833,10.930000305175781,10.930000305175781,861.0
2024-07-03 12:28:00,EQ,0.6600000262260437,0.6600000262260437,0.6600000262260437,0.6600000262260437,0.6600000262260437,2309.0
2024-07-03 12:28:00,ERAS,2.2100000381469727,2.2100000381469727,2.2100000381469727,2.2100000381469727,2.2100000381469727,1959.0
2024-07-03 12:28:00,ESPR,2.3684000968933105,2.3684000968933105,2.3684000968933105,2.365000009536743,2.365000009536743,1010.0
2024-07-03 12:28:00,ESTA,43.54999923706055,43.54999923706055,43.630001068115234,43.54999923706055,43.630001068115234,588.0
2024-07-03 12:28:00,ETNB,7.494999885559082,7.494999885559082,7.494999885559082,7.494999885559082,7.494999885559082,1121.0
2024-07-03 12:28:00,EWTX,18.079999923706055,18.079999923706055,18.079999923706055,18.06999969482422,18.06999969482422,911.0
2024-07-03 12:28:00,EXAI,5.445000171661377,5.445000171661377,5.445000171661377,5.445000171661377,5.445000171661377,226.0
2024-07-03 12:28:00,EXAS,43.125,43.125,43.1349983215332,43.119998931884766,43.130001068115234,2123.0
2024-07-03 12:28:00,EXEL,21.899999618530273,21.899999618530273,21.899999618530273,21.864999771118164,21.8700008392334,4438.0
2024-07-03 12:28:00,EYPT,8.640000343322754,8.640000343322754,8.640000343322754,8.640000343322754,8.640000343322754,597.0
2024-07-03 12:28:00,FATE,3.1549999713897705,3.1549999713897705,3.1600000858306885,3.1549999713897705,3.1600000858306885,3208.0
2024-07-03 12:28:00,FDMT,20.895000457763672,20.895000457763672,20.93000030517578,20.895000457763672,20.93000030517578,1590.0
2024-07-03 12:28:00,FGEN,0.7186999917030334,0.7186999917030334,0.7186999917030334,0.7156000137329102,0.7156000137329102,1827.0
2024-07-03 12:28:00,FHTX,5.601099967956543,5.601099967956543,5.639999866485596,5.599999904632568,5.639999866485596,3027.0
2024-07-03 12:28:00,FOLD,9.869999885559082,9.869999885559082,9.869999885559082,9.869999885559082,9.869999885559082,1929.0
2024-07-03 12:28:00,FULC,6.135000228881836,6.135000228881836,6.135000228881836,6.135000228881836,6.135000228881836,287.0
2024-07-03 12:28:00,GALT,2.180000066757202,2.180000066757202,2.180000066757202,2.180000066757202,2.180000066757202,372.0
2024-07-03 12:28:00,GANX,1.1399999856948853,1.1399999856948853,1.1399999856948853,1.1399999856948853,1.1399999856948853,100.0
2024-07-03 12:28:00,GDRX,7.795000076293945,7.795000076293945,7.795000076293945,7.795000076293945,7.795000076293945,400.0
2024-07-03 12:28:00,GERN,4.324999809265137,4.324999809265137,4.324999809265137,4.324999809265137,4.324999809265137,2271.0
2024-07-03 12:28:00,GH,28.299999237060547,28.299999237060547,28.329999923706055,28.290000915527344,28.329999923706055,5976.0
2024-07-03 12:28:00,GILD,66.8499984741211,66.8499984741211,66.8949966430664,66.83999633789062,66.89420318603516,11062.0
2024-07-03 12:28:00,GLUE,3.9100000858306885,3.9100000858306885,3.9100000858306885,3.9100000858306885,3.9100000858306885,113.0
2024-07-03 12:28:00,GMAB,25.139999389648438,25.139999389648438,25.139999389648438,25.139999389648438,25.139999389648438,1462.0
2024-07-03 12:28:00,GOSS,0.9639999866485596,0.9639999866485596,0.9639999866485596,0.9629999995231628,0.9631999731063843,3704.0
2024-07-03 12:28:00,GOVX,2.849900007247925,2.849900007247925,2.8598999977111816,2.840100049972534,2.840100049972534,8360.0
2024-07-03 12:28:00,GRFS,6.664999961853027,6.664999961853027,6.664999961853027,6.664999961853027,6.664999961853027,2820.0
2024-07-03 12:28:00,GRTS,0.5745000243186951,0.5745000243186951,0.5800999999046326,0.574400007724762,0.5799999833106995,32058.0
2024-07-03 12:28:00,GTHX,2.565000057220459,2.565000057220459,2.569999933242798,2.565000057220459,2.565000057220459,954.0
2024-07-03 12:28:00,HALO,52.34000015258789,52.34000015258789,52.369998931884766,52.310001373291016,52.310001373291016,1789.0
2024-07-03 12:28:00,HCAT,6.190000057220459,6.190000057220459,6.190000057220459,6.179999828338623,6.179999828338623,2504.0
2024-07-03 12:28:00,HCM,17.565000534057617,17.565000534057617,17.565000534057617,17.549999237060547,17.549999237060547,542.0
2024-07-03 12:28:00,HCSG,10.699999809265137,10.699999809265137,10.699999809265137,10.694999694824219,10.694999694824219,1103.0
2024-07-03 12:28:00,HLVX,14.300000190734863,14.300000190734863,14.300000190734863,14.300000190734863,14.300000190734863,487.0
2024-07-03 12:28:00,HOLX,73.19999694824219,73.19999694824219,73.2249984741211,73.18000030517578,73.19499969482422,6077.0
2024-07-03 12:28:00,HOWL,2.049999952316284,2.049999952316284,2.049999952316284,2.049999952316284,2.049999952316284,514.0
2024-07-03 12:28:00,HQY,83.69999694824219,83.69999694824219,83.7300033569336,83.69999694824219,83.7300033569336,509.0
2024-07-03 12:28:00,HRMY,30.700000762939453,30.700000762939453,30.700000762939453,30.700000762939453,30.700000762939453,1015.0
2024-07-03 12:28:00,HROW,21.530000686645508,21.530000686645508,21.530000686645508,21.530000686645508,21.530000686645508,586.0
2024-07-03 12:28:00,HRTX,2.7249999046325684,2.7249999046325684,2.729300022125244,2.7200000286102295,2.7249999046325684,10386.0
2024-07-03 12:28:00,HSIC,65.05000305175781,65.05000305175781,65.08999633789062,65.02999877929688,65.08999633789062,3002.0
2024-07-03 12:28:00,HSTM,27.53499984741211,27.53499984741211,27.53499984741211,27.53499984741211,27.53499984741211,216.0
2024-07-03 12:28:00,HUGE,0.1436000019311905,0.1436000019311905,0.1436000019311905,0.1436000019311905,0.1436000019311905,336.0
2024-07-03 12:28:00,HUMA,5.789999961853027,5.789999961853027,5.789999961853027,5.78000020980835,5.78000020980835,789.0
2024-07-03 12:28:00,IART,28.540000915527344,28.540000915527344,28.579999923706055,28.520000457763672,28.579999923706055,3021.0
2024-07-03 12:28:00,IBRX,6.275000095367432,6.275000095367432,6.275000095367432,6.275000095367432,6.275000095367432,447.0
2024-07-03 12:28:00,ICLR,318.4599914550781,318.4599914550781,318.4599914550781,318.29998779296875,318.29998779296875,672.0
2024-07-03 12:28:00,IDXX,478.0199890136719,478.0199890136719,478.0199890136719,477.5799865722656,477.5799865722656,776.0
2024-07-03 12:28:00,IDYA,33.279998779296875,33.279998779296875,33.279998779296875,33.279998779296875,33.279998779296875,469.0
2024-07-03 12:28:00,IFRX,1.6349999904632568,1.6349999904632568,1.6399999856948853,1.6349999904632568,1.6399999856948853,1300.0
2024-07-03 12:28:00,IKNA,1.6399999856948853,1.6399999856948853,1.6449999809265137,1.6399999856948853,1.6449999809265137,4602.0
2024-07-03 12:28:00,ILMN,105.58000183105469,105.58000183105469,105.61000061035156,105.55000305175781,105.61000061035156,3580.0
2024-07-03 12:28:00,IMAB,1.5305999517440796,1.5305999517440796,1.5305999517440796,1.5305999517440796,1.5305999517440796,158.0
2024-07-03 12:28:00,IMCR,35.994998931884766,35.994998931884766,35.994998931884766,35.994998931884766,35.994998931884766,640.0
2024-07-03 12:28:00,IMMP,2.0299999713897705,2.0299999713897705,2.0299999713897705,2.0299999713897705,2.0299999713897705,61.0
2024-07-03 12:28:00,IMMX,2.3499999046325684,2.3499999046325684,2.369999885559082,2.3299999237060547,2.3299999237060547,2290.0
2024-07-03 12:28:00,IMNM,12.039999961853027,12.039999961853027,12.0649995803833,12.039999961853027,12.0649995803833,897.0
2024-07-03 12:28:00,IMTX,11.795000076293945,11.795000076293945,11.795000076293945,11.795000076293945,11.795000076293945,83.0
2024-07-03 12:28:00,IMVT,26.010000228881836,26.010000228881836,26.020000457763672,25.999099731445312,26.010000228881836,1214.0
2024-07-03 12:28:00,INBX,13.100000381469727,13.100000381469727,13.100000381469727,13.100000381469727,13.100000381469727,294.0
2024-07-03 12:28:00,INCY,57.598899841308594,57.598899841308594,57.61000061035156,57.59000015258789,57.61000061035156,6293.0
2024-07-03 12:28:00,INMD,17.559999465942383,17.559999465942383,17.559999465942383,17.559999465942383,17.559999465942383,258.0
2024-07-03 12:28:00,INO,8.385000228881836,8.385000228881836,8.385000228881836,8.385000228881836,8.385000228881836,136.0
2024-07-03 12:28:00,INSM,62.01499938964844,62.01499938964844,62.060001373291016,61.970001220703125,62.060001373291016,4672.0
2024-07-03 12:28:00,INVA,16.309999465942383,16.309999465942383,16.309999465942383,16.30500030517578,16.30500030517578,1396.0
2024-07-03 12:28:00,INZY,4.465000152587891,4.465000152587891,4.465000152587891,4.465000152587891,4.465000152587891,423.0
2024-07-03 12:28:00,IONM,0.31279999017715454,0.31279999017715454,0.3172000050544739,0.31279999017715454,0.3172000050544739,3010.0
2024-07-03 12:28:00,IONS,44.8849983215332,44.8849983215332,44.900001525878906,44.8849983215332,44.89899826049805,3052.0
2024-07-03 12:28:00,IOVA,7.400000095367432,7.400000095367432,7.414999961853027,7.394999980926514,7.409999847412109,41288.0
2024-07-03 12:28:00,IRTC,94.94499969482422,94.94499969482422,95.02999877929688,94.70500183105469,94.70500183105469,2785.0
2024-07-03 12:28:00,IRWD,6.125,6.125,6.125,6.125,6.125,1036.0
2024-07-03 12:28:00,ISRG,434.0199890136719,434.0199890136719,434.1199951171875,433.8999938964844,434.0249938964844,1790.0
2024-07-03 12:28:00,ITCI,69.02999877929688,69.02999877929688,69.02999877929688,68.94999694824219,68.94999694824219,3027.0
2024-07-03 12:28:00,ITOS,14.8100004196167,14.8100004196167,14.8100004196167,14.8100004196167,14.8100004196167,1722.0
2024-07-03 12:28:00,JANX,38.33000183105469,38.33000183105469,38.33000183105469,38.06999969482422,38.06999969482422,3338.0
2024-07-03 12:28:00,JAZZ,103.41000366210938,103.41000366210938,103.41000366210938,103.33999633789062,103.41000366210938,738.0
2024-07-03 12:28:00,KIDS,29.84000015258789,29.84000015258789,29.84000015258789,29.84000015258789,29.84000015258789,437.0
2024-07-03 12:28:00,KMDA,5.099999904632568,5.099999904632568,5.099999904632568,5.099999904632568,5.099999904632568,1200.0
2024-07-03 12:28:00,KOD,2.2149999141693115,2.2149999141693115,2.2160000801086426,2.2149999141693115,2.2160000801086426,1076.0
2024-07-03 12:28:00,KRMD,2.5399999618530273,2.5399999618530273,2.5399999618530273,2.5299999713897705,2.5399999618530273,1467.0
2024-07-03 12:28:00,KROS,42.415000915527344,42.415000915527344,42.415000915527344,42.415000915527344,42.415000915527344,435.0
2024-07-03 12:28:00,KRYS,176.61000061035156,176.61000061035156,176.61000061035156,176.61000061035156,176.61000061035156,362.0
2024-07-03 12:28:00,KTRA,0.27790001034736633,0.27790001034736633,0.27790001034736633,0.27790001034736633,0.27790001034736633,2000.0
2024-07-03 12:28:00,KYMR,30.079999923706055,30.079999923706055,30.079999923706055,30.079999923706055,30.079999923706055,568.0
2024-07-03 12:28:00,KZR,0.579200029373169,0.579200029373169,0.579200029373169,0.5777999758720398,0.579200029373169,1303.0
2024-07-03 12:28:00,LAB,1.8700000047683716,1.8700000047683716,1.8700000047683716,1.850000023841858,1.8550000190734863,60209.0
2024-07-03 12:28:00,LBPH,32.189998626708984,32.189998626708984,32.189998626708984,32.189998626708984,32.189998626708984,211.0
2024-07-03 12:28:00,LEGN,46.20500183105469,46.20500183105469,46.220001220703125,46.20500183105469,46.220001220703125,292.0
2024-07-03 12:28:00,LFLY,2.1073999404907227,2.1073999404907227,2.1073999404907227,2.1073999404907227,2.1073999404907227,1027.0
2024-07-03 12:28:00,LFMD,6.80709981918335,6.80709981918335,6.80709981918335,6.800000190734863,6.800000190734863,1607.0
2024-07-03 12:28:00,LGVN,1.6217999458312988,1.6217999458312988,1.6217999458312988,1.6217999458312988,1.6217999458312988,1057.0
2024-07-03 12:28:00,LIVN,52.72999954223633,52.72999954223633,52.7400016784668,52.72999954223633,52.7400016784668,1254.0
2024-07-03 12:28:00,LNTH,79.62000274658203,79.62000274658203,79.62999725341797,79.62000274658203,79.62999725341797,1231.0
2024-07-03 12:28:00,LQDA,11.970000267028809,11.970000267028809,11.970000267028809,11.960000038146973,11.960000038146973,946.0
2024-07-03 12:28:00,LRMR,7.739999771118164,7.739999771118164,7.739999771118164,7.739999771118164,7.739999771118164,457.0
2024-07-03 12:28:00,LUCD,0.7657999992370605,0.7657999992370605,0.7657999992370605,0.7657999992370605,0.7657999992370605,1897.0
2024-07-03 12:28:00,LUCY,0.46399998664855957,0.46399998664855957,0.46399998664855957,0.46399998664855957,0.46399998664855957,1735.0
2024-07-03 12:28:00,LXRX,1.6100000143051147,1.6100000143051147,1.6200000047683716,1.6100000143051147,1.6200000047683716,1348.0
2024-07-03 12:28:00,LYEL,1.5149999856948853,1.5149999856948853,1.5149999856948853,1.5149999856948853,1.5149999856948853,356.0
2024-07-03 12:28:00,LYRA,0.2858000099658966,0.2858000099658966,0.2858000099658966,0.2858000099658966,0.2858000099658966,202.0
2024-07-03 12:28:00,MASI,114.36000061035156,114.36000061035156,114.36000061035156,114.25,114.25,1663.0
2024-07-03 12:28:00,MASS,4.889999866485596,4.889999866485596,4.889999866485596,4.889999866485596,4.889999866485596,936.0
2024-07-03 12:28:00,MBIO,0.498199999332428,0.498199999332428,0.498199999332428,0.498199999332428,0.498199999332428,407.0
2024-07-03 12:28:00,MCRB,0.7330999970436096,0.7330999970436096,0.7330999970436096,0.7330999970436096,0.7330999970436096,726.0
2024-07-03 12:28:00,ME,0.4099999964237213,0.4099999964237213,0.4099999964237213,0.4090000092983246,0.4090000092983246,628.0
2024-07-03 12:28:00,MGNX,4.164999961853027,4.164999961853027,4.170000076293945,4.159999847412109,4.170000076293945,2514.0
2024-07-03 12:28:00,MGTX,3.9700000286102295,3.9700000286102295,3.9700000286102295,3.9700000286102295,3.9700000286102295,385.0
2024-07-03 12:28:00,MLTX,41.509498596191406,41.509498596191406,41.54999923706055,41.509498596191406,41.54999923706055,615.0
2024-07-03 12:28:00,MNKD,5.014999866485596,5.014999866485596,5.014999866485596,5.014999866485596,5.014999866485596,610.0
2024-07-03 12:28:00,MNMD,7.199999809265137,7.199999809265137,7.199999809265137,7.199999809265137,7.199999809265137,815.0
2024-07-03 12:28:00,MODV,27.84000015258789,27.84000015258789,27.850000381469727,27.84000015258789,27.850000381469727,849.0
2024-07-03 12:28:00,MORF,31.84000015258789,31.84000015258789,31.84000015258789,31.84000015258789,31.84000015258789,422.0
2024-07-03 12:28:00,MREO,3.5199999809265137,3.5199999809265137,3.5201001167297363,3.5199999809265137,3.5201001167297363,419.0
2024-07-03 12:28:00,MRNA,115.66000366210938,115.66000366210938,115.87000274658203,115.66000366210938,115.79000091552734,7341.0
2024-07-03 12:28:00,MRNS,1.2003999948501587,1.2003999948501587,1.2003999948501587,1.2003999948501587,1.2003999948501587,663.0
2024-07-03 12:28:00,MRSN,1.8450000286102295,1.8450000286102295,1.8450000286102295,1.8450000286102295,1.8450000286102295,500.0
2024-07-03 12:28:00,MRUS,52.54750061035156,52.54750061035156,52.55500030517578,52.54750061035156,52.55500030517578,595.0
2024-07-03 12:28:00,MRVI,7.010000228881836,7.010000228881836,7.010000228881836,7.005000114440918,7.005000114440918,1456.0
2024-07-03 12:28:00,MXCT,3.7049999237060547,3.7049999237060547,3.7049999237060547,3.7049999237060547,3.7049999237060547,3360.0
2024-07-03 12:28:00,MYGN,24.975000381469727,24.975000381469727,24.979999542236328,24.959999084472656,24.959999084472656,1984.0
2024-07-03 12:28:00,NARI,49.75,49.75,49.75,49.69820022583008,49.69820022583008,788.0
2024-07-03 12:28:00,NBIX,138.1649932861328,138.1649932861328,138.25999450683594,138.1649932861328,138.25999450683594,1921.0
2024-07-03 12:28:00,NCNA,2.7500998973846436,2.7500998973846436,2.7699999809265137,2.75,2.7699999809265137,2318.0
2024-07-03 12:28:00,NDRA,0.09260000288486481,0.09260000288486481,0.09290000051259995,0.09239999949932098,0.09239999949932098,27352.0
2024-07-03 12:28:00,NEOG,15.140000343322754,15.140000343322754,15.140000343322754,15.119999885559082,15.119999885559082,5181.0
2024-07-03 12:28:00,NKTR,1.274999976158142,1.274999976158142,1.2799999713897705,1.274999976158142,1.2799999713897705,2874.0
2024-07-03 12:28:00,NKTX,5.324999809265137,5.324999809265137,5.324999809265137,5.324999809265137,5.324999809265137,151.0
2024-07-03 12:28:00,NLSP,0.20180000364780426,0.20180000364780426,0.20180000364780426,0.20180000364780426,0.20180000364780426,19810.0
2024-07-03 12:28:00,NNOX,7.090000152587891,7.090000152587891,7.090000152587891,7.090000152587891,7.090000152587891,521.0
2024-07-03 12:28:00,NRIX,19.549999237060547,19.549999237060547,19.549999237060547,19.540000915527344,19.540000915527344,1295.0
2024-07-03 12:28:00,NRSN,1.2898999452590942,1.2898999452590942,1.2898999452590942,1.2898999452590942,1.2898999452590942,500.0
2024-07-03 12:28:00,NTLA,22.709999084472656,22.709999084472656,22.709999084472656,22.709999084472656,22.709999084472656,1165.0
2024-07-03 12:28:00,NTRA,111.63009643554688,111.63009643554688,111.6500015258789,111.61000061035156,111.63999938964844,3304.0
2024-07-03 12:28:00,NUVL,72.21499633789062,72.21499633789062,72.3949966430664,72.16000366210938,72.36000061035156,4037.0
2024-07-03 12:28:00,NUWE,3.865000009536743,3.865000009536743,3.865000009536743,3.865000009536743,3.865000009536743,0.0
2024-07-03 12:28:00,NVAX,12.56149959564209,12.56149959564209,12.579999923706055,12.555000305175781,12.5649995803833,16152.0
2024-07-03 12:28:00,NVCR,16.670000076293945,16.670000076293945,16.684999465942383,16.670000076293945,16.684999465942383,1323.0
2024-07-03 12:28:00,NVCT,6.235099792480469,6.235099792480469,6.235099792480469,6.22599983215332,6.22599983215332,518.0
2024-07-03 12:28:00,NXL,1.4249999523162842,1.4249999523162842,1.4249999523162842,1.4249999523162842,1.4249999523162842,105.0
2024-07-03 12:28:00,OCGN,1.6150000095367432,1.6150000095367432,1.6200000047683716,1.6150000095367432,1.6200000047683716,1301.0
2024-07-03 12:28:00,OCUL,6.65500020980835,6.65500020980835,6.684999942779541,6.65500020980835,6.682499885559082,2640.0
2024-07-03 12:28:00,OFIX,13.510000228881836,13.510000228881836,13.510000228881836,13.494999885559082,13.494999885559082,888.0
2024-07-03 12:28:00,OLK,25.739999771118164,25.739999771118164,25.7549991607666,25.729999542236328,25.75,21481.0
2024-07-03 12:28:00,OLMA,10.45359992980957,10.45359992980957,10.479000091552734,10.449999809265137,10.479000091552734,3216.0
2024-07-03 12:28:00,OM,3.875,3.875,3.880000114440918,3.875,3.880000114440918,5046.0
2024-07-03 12:28:00,OMCL,26.600000381469727,26.600000381469727,26.600000381469727,26.600000381469727,26.600000381469727,468.0
2024-07-03 12:28:00,OMGA,1.9149999618530273,1.9149999618530273,1.9149999618530273,1.9149999618530273,1.9149999618530273,736.0
2024-07-03 12:28:00,ONCY,1.0049999952316284,1.0049999952316284,1.0069999694824219,1.0049999952316284,1.0069999694824219,13531.0
2024-07-03 12:28:00,ONVO,0.7551000118255615,0.7551000118255615,0.7599999904632568,0.7551000118255615,0.7599999904632568,1302.0
2024-07-03 12:29:00,AADI,1.3849999904632568,1.3849999904632568,1.3849999904632568,1.3799999952316284,1.3799999952316284,1296.0
2024-07-03 12:29:00,ABCL,2.7149999141693115,2.7149999141693115,2.7149999141693115,2.7149999141693115,2.7149999141693115,450.0
2024-07-03 12:29:00,ABEO,4.340000152587891,4.340000152587891,4.340000152587891,4.340000152587891,4.340000152587891,672.0
2024-07-03 12:29:00,ABIO,3.505000114440918,3.505000114440918,3.505000114440918,3.4700000286102295,3.5,6960.0
2024-07-03 12:29:00,ABSI,3.190000057220459,3.190000057220459,3.194999933242798,3.180299997329712,3.194999933242798,13581.0
2024-07-03 12:29:00,ABUS,3.1500000953674316,3.1500000953674316,3.1500000953674316,3.1449999809265137,3.1449999809265137,733.0
2024-07-03 12:29:00,ACAD,15.539999961853027,15.539999961853027,15.539999961853027,15.539999961853027,15.539999961853027,1691.0
2024-07-03 12:29:00,ACB,4.925000190734863,4.925000190734863,4.925000190734863,4.920000076293945,4.920000076293945,13921.0
2024-07-03 12:29:00,ACCD,3.641200065612793,3.641200065612793,3.6449999809265137,3.634999990463257,3.634999990463257,2138.0
2024-07-03 12:29:00,ACET,1.0800000429153442,1.0800000429153442,1.0850000381469727,1.0800000429153442,1.0850000381469727,5822.0
2024-07-03 12:29:00,ACRS,1.149999976158142,1.149999976158142,1.149999976158142,1.149999976158142,1.149999976158142,4412.0
2024-07-03 12:29:00,ADAP,1.0199999809265137,1.0199999809265137,1.0199999809265137,1.0199999809265137,1.0199999809265137,300.0
2024-07-03 12:29:00,ADMA,11.194999694824219,11.194999694824219,11.194999694824219,11.194999694824219,11.194999694824219,893.0
2024-07-03 12:29:00,ADPT,3.4200000762939453,3.4200000762939453,3.4200000762939453,3.4200000762939453,3.4200000762939453,235.0
2024-07-03 12:29:00,ADUS,117.61000061035156,117.61000061035156,117.61000061035156,117.61000061035156,117.61000061035156,922.0
2024-07-03 12:29:00,ADVM,7.099999904632568,7.099999904632568,7.099999904632568,7.099999904632568,7.099999904632568,1166.0
2024-07-03 12:29:00,AEMD,0.4072999954223633,0.4072999954223633,0.4072999954223633,0.4072999954223633,0.4072999954223633,4075.0
2024-07-03 12:29:00,AGEN,14.25,14.25,14.270000457763672,14.25,14.270000457763672,1089.0
2024-07-03 12:29:00,AGIO,41.880001068115234,41.880001068115234,41.88999938964844,41.880001068115234,41.88999938964844,1300.0
2024-07-03 12:29:00,AIMD,0.9200000166893005,0.9200000166893005,0.9297999739646912,0.9129999876022339,0.9294000267982483,3073.0
2024-07-03 12:29:00,AKBA,0.9521999955177307,0.9521999955177307,0.9521999955177307,0.9520000219345093,0.9520000219345093,756.0
2024-07-03 12:29:00,AKYA,2.124000072479248,2.124000072479248,2.124000072479248,2.124000072479248,2.124000072479248,2160.0
2024-07-03 12:29:00,ALDX,3.190000057220459,3.190000057220459,3.190000057220459,3.190000057220459,3.190000057220459,1538.0
2024-07-03 12:29:00,ALGN,242.66000366210938,242.66000366210938,242.80499267578125,242.66000366210938,242.80499267578125,1573.0
2024-07-03 12:29:00,ALGS,0.42500001192092896,0.42500001192092896,0.42500001192092896,0.42489999532699585,0.42489999532699585,18852.0
2024-07-03 12:29:00,ALHC,8.048999786376953,8.048999786376953,8.048999786376953,8.048999786376953,8.048999786376953,539.0
2024-07-03 12:29:00,ALIM,5.525000095367432,5.525000095367432,5.525000095367432,5.525000095367432,5.525000095367432,1070.0
2024-07-03 12:29:00,ALKS,24.19499969482422,24.19499969482422,24.204999923706055,24.19499969482422,24.204999923706055,5118.0
2024-07-03 12:29:00,ALLK,0.8285999894142151,0.8285999894142151,0.8313000202178955,0.8285999894142151,0.8313000202178955,6322.0
2024-07-03 12:29:00,ALLO,2.0950000286102295,2.0950000286102295,2.0950000286102295,2.0899999141693115,2.0950000286102295,2594.0
2024-07-03 12:29:00,ALLR,0.20200000703334808,0.20200000703334808,0.20389999449253082,0.20200000703334808,0.20389999449253082,24566.0
2024-07-03 12:29:00,ALNY,246.1699981689453,246.1699981689453,246.27000427246094,246.13999938964844,246.13999938964844,1391.0
2024-07-03 12:29:00,ALT,6.650000095367432,6.650000095367432,6.664999961853027,6.650000095367432,6.664999961853027,3974.0
2024-07-03 12:29:00,ALVR,0.738099992275238,0.738099992275238,0.738099992275238,0.738099992275238,0.738099992275238,416.0
2024-07-03 12:29:00,ALXO,5.679999828338623,5.679999828338623,5.679999828338623,5.679999828338623,5.679999828338623,360.0
2024-07-03 12:29:00,AMED,97.13999938964844,97.13999938964844,97.13999938964844,97.13999938964844,97.13999938964844,1107.0
2024-07-03 12:29:00,AMGN,307.010009765625,307.010009765625,307.0249938964844,307.010009765625,307.0249938964844,921.0
2024-07-03 12:29:00,AMLX,1.7549999952316284,1.7549999952316284,1.7549999952316284,1.7549999952316284,1.7549999952316284,882.0
2024-07-03 12:29:00,AMPH,38.15999984741211,38.15999984741211,38.2598991394043,38.15999984741211,38.18000030517578,2218.0
2024-07-03 12:29:00,AMRN,0.690500020980835,0.690500020980835,0.690500020980835,0.690500020980835,0.690500020980835,10.0
2024-07-03 12:29:00,ANAB,25.0,25.0,25.040000915527344,24.969999313354492,25.03499984741211,7840.0
2024-07-03 12:29:00,ANIP,60.724998474121094,60.724998474121094,60.744998931884766,60.724998474121094,60.744998931884766,355.0
2024-07-03 12:29:00,ANNX,4.764999866485596,4.764999866485596,4.769999980926514,4.764999866485596,4.764999866485596,2503.0
2024-07-03 12:29:00,ANTX,2.5871999263763428,2.5871999263763428,2.5871999263763428,2.5799999237060547,2.5799999237060547,1155.0
2024-07-03 12:29:00,APDN,0.39570000767707825,0.39570000767707825,0.39570000767707825,0.39570000767707825,0.39570000767707825,0.0
2024-07-03 12:29:00,APLS,35.119998931884766,35.119998931884766,35.130001068115234,35.119998931884766,35.130001068115234,2130.0
2024-07-03 12:29:00,APLT,4.364999771118164,4.364999771118164,4.364999771118164,4.364999771118164,4.364999771118164,660.0
2024-07-03 12:29:00,ARAY,1.7350000143051147,1.7350000143051147,1.7350000143051147,1.7350000143051147,1.7350000143051147,1072.0
2024-07-03 12:29:00,ARCT,21.8700008392334,21.8700008392334,21.8700008392334,21.850000381469727,21.850000381469727,1274.0
2024-07-03 12:29:00,ARDX,5.284999847412109,5.284999847412109,5.289999961853027,5.284999847412109,5.284999847412109,10008.0
2024-07-03 12:29:00,ARQT,9.579999923706055,9.579999923706055,9.59000015258789,9.579999923706055,9.579999923706055,9182.0
2024-07-03 12:29:00,ARVN,23.979999542236328,23.979999542236328,23.989999771118164,23.979999542236328,23.989999771118164,1249.0
2024-07-03 12:29:00,ARWR,25.110000610351562,25.110000610351562,25.110000610351562,25.110000610351562,25.110000610351562,190.0
2024-07-03 12:29:00,ASRT,1.3300000429153442,1.3300000429153442,1.3300000429153442,1.3300000429153442,1.3300000429153442,2416.0
2024-07-03 12:29:00,ATAI,1.284999966621399,1.284999966621399,1.284999966621399,1.284999966621399,1.284999966621399,100.0
2024-07-03 12:29:00,ATEC,10.029999732971191,10.029999732971191,10.03499984741211,10.029999732971191,10.03499984741211,1420.0
2024-07-03 12:29:00,ATOS,1.1699999570846558,1.1699999570846558,1.1699999570846558,1.1699999570846558,1.1699999570846558,708.0
2024-07-03 12:29:00,ATRC,22.3700008392334,22.3700008392334,22.389999389648438,22.344999313354492,22.3700008392334,10861.0
2024-07-03 12:29:00,ATRI,452.30499267578125,452.30499267578125,452.30499267578125,452.30499267578125,452.30499267578125,200.0
2024-07-03 12:29:00,ATXI,3.299999952316284,3.299999952316284,3.3310000896453857,3.299999952316284,3.3310000896453857,1451.0
2024-07-03 12:29:00,AUGX,1.0,1.0,1.0,1.0,1.0,700.0
2024-07-03 12:29:00,AUPH,5.474999904632568,5.474999904632568,5.474999904632568,5.46999979019165,5.46999979019165,2712.0
2024-07-03 12:29:00,AUTL,3.4749999046325684,3.4749999046325684,3.484999895095825,3.4749999046325684,3.484999895095825,7387.0
2024-07-03 12:29:00,AVDL,14.46500015258789,14.46500015258789,14.470000267028809,14.4399995803833,14.449999809265137,4825.0
2024-07-03 12:29:00,AVIR,3.2950000762939453,3.2950000762939453,3.2950000762939453,3.2950000762939453,3.2950000762939453,259.0
2024-07-03 12:29:00,AVTE,1.690000057220459,1.690000057220459,1.690000057220459,1.684999942779541,1.690000057220459,843.0
2024-07-03 12:29:00,AVXL,4.139999866485596,4.139999866485596,4.139999866485596,4.139999866485596,4.139999866485596,5394.0
2024-07-03 12:29:00,AXNX,67.5,67.5,67.5,67.5,67.5,347.0
2024-07-03 12:29:00,AZN,76.7300033569336,76.7300033569336,76.75,76.71499633789062,76.74500274658203,14791.0
2024-07-03 12:29:00,AZTA,52.529998779296875,52.529998779296875,52.55500030517578,52.529998779296875,52.55500030517578,1059.0
2024-07-03 12:29:00,BBIO,25.31999969482422,25.31999969482422,25.329999923706055,25.290000915527344,25.290000915527344,3742.0
2024-07-03 12:29:00,BCAB,1.4049999713897705,1.4049999713897705,1.4049999713897705,1.4049999713897705,1.4049999713897705,401.0
2024-07-03 12:29:00,BCDA,3.0299999713897705,3.0299999713897705,3.0445001125335693,3.0299999713897705,3.0445001125335693,0.0
2024-07-03 12:29:00,BCRX,6.45989990234375,6.45989990234375,6.460000038146973,6.454999923706055,6.454999923706055,4416.0
2024-07-03 12:29:00,BDTX,4.360000133514404,4.360000133514404,4.360000133514404,4.360000133514404,4.360000133514404,1114.0
2024-07-03 12:29:00,BEAM,23.55500030517578,23.55500030517578,23.59000015258789,23.549999237060547,23.549999237060547,3158.0
2024-07-03 12:29:00,BIIB,223.17999267578125,223.17999267578125,223.17999267578125,223.17999267578125,223.17999267578125,509.0
2024-07-03 12:29:00,BLFS,19.950000762939453,19.950000762939453,20.0,19.950000762939453,20.0,1150.0
2024-07-03 12:29:00,BLUE,0.9200000166893005,0.9200000166893005,0.9212999939918518,0.9200000166893005,0.9200999736785889,13600.0
2024-07-03 12:29:00,BMEA,4.31790018081665,4.31790018081665,4.31790018081665,4.31790018081665,4.31790018081665,248.0
2024-07-03 12:29:00,BMRN,80.80000305175781,80.80000305175781,80.83499908447266,80.80000305175781,80.83499908447266,611.0
2024-07-03 12:29:00,BNGO,0.5755000114440918,0.5755000114440918,0.5755000114440918,0.5755000114440918,0.5755000114440918,1286.0
2024-07-03 12:29:00,BNTX,80.37999725341797,80.37999725341797,80.37999725341797,80.33000183105469,80.33000183105469,562.0
2024-07-03 12:29:00,BPMC,110.88999938964844,110.88999938964844,110.98999786376953,110.86000061035156,110.86000061035156,1758.0
2024-07-03 12:29:00,BRKR,61.470001220703125,61.470001220703125,61.4900016784668,61.470001220703125,61.4900016784668,1199.0
2024-07-03 12:29:00,CABA,7.5,7.5,7.539999961853027,7.5,7.519999980926514,6822.0
2024-07-03 12:29:00,CADL,6.275000095367432,6.275000095367432,6.300000190734863,6.269999980926514,6.300000190734863,2583.0
2024-07-03 12:29:00,CAPR,4.804999828338623,4.804999828338623,4.820000171661377,4.800000190734863,4.809999942779541,6969.0
2024-07-03 12:29:00,CARA,0.28850001096725464,0.28850001096725464,0.28850001096725464,0.28850001096725464,0.28850001096725464,1134.0
2024-07-03 12:29:00,CCCC,4.574999809265137,4.574999809265137,4.574999809265137,4.550000190734863,4.554999828338623,7747.0
2024-07-03 12:29:00,CCRN,13.670000076293945,13.670000076293945,13.6899995803833,13.670000076293945,13.6899995803833,957.0
2024-07-03 12:29:00,CDMO,7.75,7.75,7.764999866485596,7.75,7.764999866485596,976.0
2024-07-03 12:29:00,CDNA,15.170000076293945,15.170000076293945,15.210000038146973,15.170000076293945,15.199999809265137,2166.0
2024-07-03 12:29:00,CDXC,2.5250000953674316,2.5250000953674316,2.5250000953674316,2.5250000953674316,2.5250000953674316,282.0
2024-07-03 12:29:00,CELC,16.21500015258789,16.21500015258789,16.239999771118164,16.21500015258789,16.239999771118164,495.0
2024-07-03 12:29:00,CERE,40.275001525878906,40.275001525878906,40.380001068115234,40.275001525878906,40.369998931884766,6365.0
2024-07-03 12:29:00,CERS,1.7100000381469727,1.7100000381469727,1.715000033378601,1.7100000381469727,1.7100000381469727,1127.0
2024-07-03 12:29:00,CGC,6.574999809265137,6.574999809265137,6.578000068664551,6.574999809265137,6.577899932861328,2935.0
2024-07-03 12:29:00,CGEM,16.68000030517578,16.68000030517578,16.700000762939453,16.68000030517578,16.68000030517578,1120.0
2024-07-03 12:29:00,CGTX,1.7525999546051025,1.7525999546051025,1.7525999546051025,1.7525999546051025,1.7525999546051025,3782.0
2024-07-03 12:29:00,CHRS,1.3849999904632568,1.3849999904632568,1.3849999904632568,1.3838000297546387,1.3838000297546387,1300.0
2024-07-03 12:29:00,CING,0.3700999915599823,0.3700999915599823,0.3700999915599823,0.36000001430511475,0.36000001430511475,1478.0
2024-07-03 12:29:00,CKPT,2.1693999767303467,2.1693999767303467,2.1698999404907227,2.1649999618530273,2.1649999618530273,6569.0
2024-07-03 12:29:00,CLOV,1.2549999952316284,1.2549999952316284,1.2549999952316284,1.25,1.250100016593933,1311.0
2024-07-03 12:29:00,CMPS,6.230000019073486,6.230000019073486,6.230000019073486,6.230000019073486,6.230000019073486,922.0
2024-07-03 12:29:00,CMPX,0.8481000065803528,0.8481000065803528,0.8513000011444092,0.8481000065803528,0.8513000011444092,120.0
2024-07-03 12:29:00,CNSP,1.4200999736785889,1.4200999736785889,1.440000057220459,1.409999966621399,1.4399000406265259,60993.0
2024-07-03 12:29:00,COGT,8.350000381469727,8.350000381469727,8.350000381469727,8.350000381469727,8.350000381469727,669.0
2024-07-03 12:29:00,CORT,30.389999389648438,30.389999389648438,30.420000076293945,30.3700008392334,30.3700008392334,4138.0
2024-07-03 12:29:00,COSM,0.9100000262260437,0.9100000262260437,0.9200000166893005,0.9100000262260437,0.9200000166893005,3791.0
2024-07-03 12:29:00,CRBP,49.7400016784668,49.7400016784668,49.7400016784668,49.7400016784668,49.7400016784668,886.0
2024-07-03 12:29:00,CRBU,1.565000057220459,1.565000057220459,1.5700000524520874,1.559999942779541,1.559999942779541,10578.0
2024-07-03 12:29:00,CRDF,2.2750000953674316,2.2750000953674316,2.2750000953674316,2.2750000953674316,2.2750000953674316,882.0
2024-07-03 12:29:00,CRSP,53.755001068115234,53.755001068115234,53.755001068115234,53.755001068115234,53.755001068115234,292.0
2024-07-03 12:29:00,CSTL,21.09000015258789,21.09000015258789,21.09000015258789,21.09000015258789,21.09000015258789,933.0
2024-07-03 12:29:00,CTKB,5.614999771118164,5.614999771118164,5.619999885559082,5.614999771118164,5.619999885559082,265.0
2024-07-03 12:29:00,CTXR,0.5074999928474426,0.5074999928474426,0.5074999928474426,0.5009999871253967,0.5015000104904175,2855.0
2024-07-03 12:29:00,CUE,0.9904000163078308,0.9904000163078308,0.9904000163078308,0.9904000163078308,0.9904000163078308,4159.0
2024-07-03 12:29:00,CUTR,1.2899999618530273,1.2899999618530273,1.2899999618530273,1.2899999618530273,1.2899999618530273,1363.0
2024-07-03 12:29:00,CVAC,3.2200000286102295,3.2200000286102295,3.2300000190734863,3.200000047683716,3.2300000190734863,57557.0
2024-07-03 12:29:00,CYCC,1.658400058746338,1.658400058746338,1.658400058746338,1.658400058746338,1.658400058746338,401.0
2024-07-03 12:29:00,CYTK,54.400001525878906,54.400001525878906,54.400001525878906,54.400001525878906,54.400001525878906,321.0
2024-07-03 12:29:00,DARE,3.1050000190734863,3.1050000190734863,3.1050000190734863,3.1050000190734863,3.1050000190734863,388.0
2024-07-03 12:29:00,DAWN,13.359999656677246,13.359999656677246,13.359999656677246,13.34000015258789,13.34000015258789,1940.0
2024-07-03 12:29:00,DNLI,21.44499969482422,21.44499969482422,21.44499969482422,21.44499969482422,21.44499969482422,400.0
2024-07-03 12:29:00,DSGN,3.299999952316284,3.299999952316284,3.299999952316284,3.299999952316284,3.299999952316284,261.0
2024-07-03 12:29:00,DVAX,11.079999923706055,11.079999923706055,11.085000038146973,11.079999923706055,11.085000038146973,1386.0
2024-07-03 12:29:00,DXCM,111.16000366210938,111.16000366210938,111.19000244140625,111.16000366210938,111.16000366210938,5648.0
2024-07-03 12:29:00,DYN,33.8650016784668,33.8650016784668,33.8650016784668,33.834999084472656,33.834999084472656,800.0
2024-07-03 12:29:00,EDIT,4.625,4.625,4.625,4.625,4.625,736.0
2024-07-03 12:29:00,EGRX,5.53000020980835,5.53000020980835,5.53000020980835,5.53000020980835,5.53000020980835,277.0
2024-07-03 12:29:00,ELEV,2.625,2.625,2.625,2.625,2.625,311.0
2024-07-03 12:29:00,ELYM,6.699999809265137,6.699999809265137,6.699999809265137,6.699999809265137,6.699999809265137,399.0
2024-07-03 12:29:00,EMBC,12.0,12.0,12.0,12.0,12.0,300.0
2024-07-03 12:29:00,ENSC,0.4794999957084656,0.4794999957084656,0.4794999957084656,0.4794999957084656,0.4794999957084656,420.0
2024-07-03 12:29:00,ENSG,126.66500091552734,126.66500091552734,126.66500091552734,126.65499877929688,126.65499877929688,1481.0
2024-07-03 12:29:00,ENTA,13.069999694824219,13.069999694824219,13.069999694824219,13.069999694824219,13.069999694824219,527.0
2024-07-03 12:29:00,EOLS,10.9399995803833,10.9399995803833,10.9399995803833,10.9399995803833,10.9399995803833,180.0
2024-07-03 12:29:00,EQ,0.6717000007629395,0.6717000007629395,0.6717000007629395,0.6717000007629395,0.6717000007629395,109.0
2024-07-03 12:29:00,ESPR,2.365000009536743,2.365000009536743,2.365000009536743,2.365000009536743,2.365000009536743,443.0
2024-07-03 12:29:00,EWTX,18.094999313354492,18.094999313354492,18.094999313354492,18.094999313354492,18.094999313354492,305.0
2024-07-03 12:29:00,EXAS,43.19499969482422,43.19499969482422,43.19499969482422,43.13999938964844,43.13999938964844,2712.0
2024-07-03 12:29:00,EXEL,21.889999389648438,21.889999389648438,21.895000457763672,21.889999389648438,21.889999389648438,3643.0
2024-07-03 12:29:00,EYEN,0.7889000177383423,0.7889000177383423,0.7889000177383423,0.7883999943733215,0.7883999943733215,2511.0
2024-07-03 12:29:00,EYPT,8.65999984741211,8.65999984741211,8.670000076293945,8.640000343322754,8.65999984741211,5978.0
2024-07-03 12:29:00,FATE,3.1549999713897705,3.1549999713897705,3.1549999713897705,3.1524999141693115,3.1549999713897705,858.0
2024-07-03 12:29:00,FBIO,1.774999976158142,1.774999976158142,1.774999976158142,1.774999976158142,1.774999976158142,300.0
2024-07-03 12:29:00,FDMT,20.895000457763672,20.895000457763672,20.895000457763672,20.895000457763672,20.895000457763672,506.0
2024-07-03 12:29:00,FGEN,0.7124999761581421,0.7124999761581421,0.7156000137329102,0.7124999761581421,0.7156000137329102,8002.0
2024-07-03 12:29:00,FLGC,0.9771999716758728,0.9771999716758728,0.9771999716758728,0.9771999716758728,0.9771999716758728,0.0
2024-07-03 12:29:00,FLGT,20.06999969482422,20.06999969482422,20.06999969482422,20.06999969482422,20.06999969482422,944.0
2024-07-03 12:29:00,FOLD,9.864999771118164,9.864999771118164,9.869999885559082,9.864999771118164,9.864999771118164,3701.0
2024-07-03 12:29:00,GDRX,7.789999961853027,7.789999961853027,7.795000076293945,7.784999847412109,7.795000076293945,3483.0
2024-07-03 12:29:00,GERN,4.320000171661377,4.320000171661377,4.324999809265137,4.320000171661377,4.324999809265137,1776.0
2024-07-03 12:29:00,GH,28.34000015258789,28.34000015258789,28.3700008392334,28.329999923706055,28.329999923706055,3564.0
2024-07-03 12:29:00,GILD,66.84500122070312,66.84500122070312,66.86000061035156,66.83999633789062,66.84200286865234,8167.0
2024-07-03 12:29:00,GLSI,16.530000686645508,16.530000686645508,16.530000686645508,16.530000686645508,16.530000686645508,110.0
2024-07-03 12:29:00,GLYC,0.2761000096797943,0.2761000096797943,0.2761000096797943,0.2761000096797943,0.2761000096797943,520.0
2024-07-03 12:29:00,GMAB,25.149999618530273,25.149999618530273,25.149999618530273,25.149999618530273,25.149999618530273,1293.0
2024-07-03 12:29:00,GOSS,0.9629999995231628,0.9629999995231628,0.9660999774932861,0.9628000259399414,0.9629999995231628,5116.0
2024-07-03 12:29:00,GOVX,2.849900007247925,2.849900007247925,2.849900007247925,2.849900007247925,2.849900007247925,2997.0
2024-07-03 12:29:00,GRFS,6.679999828338623,6.679999828338623,6.679999828338623,6.670000076293945,6.670000076293945,5270.0
2024-07-03 12:29:00,GRTS,0.5745999813079834,0.5745999813079834,0.5773000121116638,0.5745000243186951,0.5745000243186951,1327.0
2024-07-03 12:29:00,GTHX,2.569999933242798,2.569999933242798,2.569999933242798,2.565000057220459,2.565000057220459,900.0
2024-07-03 12:29:00,HALO,52.36000061035156,52.36000061035156,52.3849983215332,52.36000061035156,52.3849983215332,549.0
2024-07-03 12:29:00,HCAT,6.170000076293945,6.170000076293945,6.170000076293945,6.170000076293945,6.170000076293945,335.0
2024-07-03 12:29:00,HCSG,10.71500015258789,10.71500015258789,10.71500015258789,10.710000038146973,10.710000038146973,1534.0
2024-07-03 12:29:00,HITI,2.1396000385284424,2.1396000385284424,2.1396000385284424,2.134999990463257,2.134999990463257,3169.0
2024-07-03 12:29:00,HOLX,73.19499969482422,73.19499969482422,73.19499969482422,73.18000030517578,73.19499969482422,4405.0
2024-07-03 12:29:00,HOWL,2.049999952316284,2.049999952316284,2.049999952316284,2.049999952316284,2.049999952316284,222.0
2024-07-03 12:29:00,HPCO,0.8300999999046326,0.8300999999046326,0.8300999999046326,0.8300999999046326,0.8300999999046326,2132.0
2024-07-03 12:29:00,HQY,83.74500274658203,83.74500274658203,83.7699966430664,83.74500274658203,83.7699966430664,964.0
2024-07-03 12:29:00,HRMY,30.700000762939453,30.700000762939453,30.700000762939453,30.700000762939453,30.700000762939453,407.0
2024-07-03 12:29:00,HRTX,2.7249999046325684,2.7249999046325684,2.734999895095825,2.7249999046325684,2.7249999046325684,12783.0
2024-07-03 12:29:00,HSIC,65.06999969482422,65.06999969482422,65.08000183105469,65.05000305175781,65.06999969482422,3138.0
2024-07-03 12:29:00,HUMA,5.78000020980835,5.78000020980835,5.795000076293945,5.78000020980835,5.789999961853027,10727.0
2024-07-03 12:29:00,IART,28.540000915527344,28.540000915527344,28.540000915527344,28.540000915527344,28.540000915527344,409.0
2024-07-03 12:29:00,IBRX,6.275000095367432,6.275000095367432,6.284999847412109,6.275000095367432,6.28000020980835,2420.0
2024-07-03 12:29:00,ICAD,1.225000023841858,1.225000023841858,1.225000023841858,1.225000023841858,1.225000023841858,540.0
2024-07-03 12:29:00,ICLR,318.2900085449219,318.2900085449219,318.2900085449219,318.2900085449219,318.2900085449219,1497.0
2024-07-03 12:29:00,IDXX,477.7650146484375,477.7650146484375,477.7650146484375,477.7650146484375,477.7650146484375,1539.0
2024-07-03 12:29:00,IDYA,33.310001373291016,33.310001373291016,33.369998931884766,33.279998779296875,33.279998779296875,19847.0
2024-07-03 12:29:00,IGMS,6.445000171661377,6.445000171661377,6.445000171661377,6.445000171661377,6.445000171661377,273.0
2024-07-03 12:29:00,IKNA,1.6399999856948853,1.6399999856948853,1.6469999551773071,1.6399999856948853,1.6469999551773071,1244.0
2024-07-03 12:29:00,ILMN,105.58000183105469,105.58000183105469,105.62000274658203,105.58000183105469,105.58000183105469,4266.0
2024-07-03 12:29:00,IMMX,2.3701000213623047,2.3701000213623047,2.3701000213623047,2.3698999881744385,2.369999885559082,3633.0
2024-07-03 12:29:00,IMNM,12.079999923706055,12.079999923706055,12.079999923706055,12.043999671936035,12.043999671936035,1387.0
2024-07-03 12:29:00,IMRN,2.0199999809265137,2.0199999809265137,2.0199999809265137,2.0199999809265137,2.0199999809265137,100.0
2024-07-03 12:29:00,IMRX,1.125,1.125,1.1299999952316284,1.125,1.1299999952316284,742.0
2024-07-03 12:29:00,IMTX,11.8100004196167,11.8100004196167,11.8100004196167,11.8100004196167,11.8100004196167,207.0
2024-07-03 12:29:00,IMVT,26.145000457763672,26.145000457763672,26.145000457763672,26.0,26.030000686645508,11116.0
2024-07-03 12:29:00,INBX,13.130000114440918,13.130000114440918,13.130000114440918,13.100000381469727,13.100000381469727,906.0
2024-07-03 12:29:00,INCY,57.60499954223633,57.60499954223633,57.61000061035156,57.58000183105469,57.59000015258789,5569.0
2024-07-03 12:29:00,INGN,8.09000015258789,8.09000015258789,8.09000015258789,8.069999694824219,8.069999694824219,889.0
2024-07-03 12:29:00,INMB,7.894999980926514,7.894999980926514,7.894999980926514,7.894999980926514,7.894999980926514,149.0
2024-07-03 12:29:00,INMD,17.559999465942383,17.559999465942383,17.56999969482422,17.559999465942383,17.565000534057617,4479.0
2024-07-03 12:29:00,INO,8.380000114440918,8.380000114440918,8.380000114440918,8.380000114440918,8.380000114440918,362.0
2024-07-03 12:29:00,INSM,61.994998931884766,61.994998931884766,62.02000045776367,61.970001220703125,62.0099983215332,5382.0
2024-07-03 12:29:00,IONS,45.03499984741211,45.03499984741211,45.040000915527344,44.900001525878906,44.900001525878906,15753.0
2024-07-03 12:29:00,IOVA,7.414999961853027,7.414999961853027,7.420000076293945,7.389999866485596,7.394999980926514,142022.0
2024-07-03 12:29:00,IPSC,2.2200000286102295,2.2200000286102295,2.2200000286102295,2.2200000286102295,2.2200000286102295,114.0
2024-07-03 12:29:00,IRTC,95.20500183105469,95.20500183105469,95.20500183105469,95.14330291748047,95.18000030517578,1252.0
2024-07-03 12:29:00,IRWD,6.125,6.125,6.125,6.119999885559082,6.119999885559082,1361.0
2024-07-03 12:29:00,ISPC,0.2759000062942505,0.2759000062942505,0.2759000062942505,0.2759000062942505,0.2759000062942505,200.0
2024-07-03 12:29:00,ISRG,434.17999267578125,434.17999267578125,434.17999267578125,433.8349914550781,433.8699951171875,3314.0
2024-07-03 12:29:00,ITCI,68.98500061035156,68.98500061035156,68.98999786376953,68.98500061035156,68.98999786376953,508.0
2024-07-03 12:29:00,IVVD,1.0950000286102295,1.0950000286102295,1.100000023841858,1.0950000286102295,1.100000023841858,663.0
2024-07-03 12:29:00,JANX,38.27000045776367,38.27000045776367,38.349998474121094,38.27000045776367,38.349998474121094,1536.0
2024-07-03 12:29:00,JAZZ,103.41999816894531,103.41999816894531,103.41999816894531,103.41999816894531,103.41999816894531,528.0
2024-07-03 12:29:00,KALV,11.649999618530273,11.649999618530273,11.649999618530273,11.649999618530273,11.649999618530273,1132.0
2024-07-03 12:29:00,KMDA,5.099999904632568,5.099999904632568,5.119999885559082,5.099999904632568,5.119999885559082,14.0
2024-07-03 12:29:00,KNSA,18.825000762939453,18.825000762939453,18.8799991607666,18.81999969482422,18.8799991607666,2657.0
2024-07-03 12:29:00,KOD,2.2149999141693115,2.2149999141693115,2.2149999141693115,2.2149999141693115,2.2149999141693115,733.0
2024-07-03 12:29:00,KPTI,0.8313000202178955,0.8313000202178955,0.8313000202178955,0.8310999870300293,0.8310999870300293,3592.0
2024-07-03 12:29:00,KRMD,2.5299999713897705,2.5299999713897705,2.5299999713897705,2.5299999713897705,2.5299999713897705,441.0
2024-07-03 12:29:00,KTRA,0.2768999934196472,0.2768999934196472,0.2777999937534332,0.2768999934196472,0.2777999937534332,2100.0
2024-07-03 12:29:00,KYMR,30.104999542236328,30.104999542236328,30.104999542236328,30.104999542236328,30.104999542236328,1229.0
2024-07-03 12:29:00,KZR,0.5791000127792358,0.5791000127792358,0.5791000127792358,0.5791000127792358,0.5791000127792358,554.0
2024-07-03 12:29:00,LAB,1.8700000047683716,1.8700000047683716,1.875,1.8650000095367432,1.8700000047683716,51488.0
2024-07-03 12:29:00,LBPH,32.31999969482422,32.31999969482422,32.31999969482422,32.17409896850586,32.17409896850586,1643.0
2024-07-03 12:29:00,LEGN,46.154998779296875,46.154998779296875,46.20500183105469,46.119998931884766,46.20500183105469,2393.0
2024-07-03 12:29:00,LGND,82.62000274658203,82.62000274658203,82.75499725341797,82.62000274658203,82.75499725341797,462.0
2024-07-03 12:29:00,LIVN,52.731998443603516,52.731998443603516,52.731998443603516,52.731998443603516,52.731998443603516,218.0
2024-07-03 12:29:00,LNTH,79.6500015258789,79.6500015258789,79.66000366210938,79.62000274658203,79.62000274658203,1340.0
2024-07-03 12:29:00,LOGC,5.760000228881836,5.760000228881836,5.760000228881836,5.760000228881836,5.760000228881836,728.0
2024-07-03 12:29:00,LTRN,4.320700168609619,4.320700168609619,4.329999923706055,4.320000171661377,4.329999923706055,2311.0
2024-07-03 12:29:00,LUNG,6.320000171661377,6.320000171661377,6.320000171661377,6.309999942779541,6.309999942779541,1430.0
2024-07-03 12:29:00,LXRX,1.6100000143051147,1.6100000143051147,1.6100000143051147,1.6100000143051147,1.6100000143051147,139.0
2024-07-03 12:29:00,LYEL,1.5199999809265137,1.5199999809265137,1.5199999809265137,1.5199999809265137,1.5199999809265137,295.0
2024-07-03 12:29:00,LYRA,0.2856999933719635,0.2856999933719635,0.2856999933719635,0.2856999933719635,0.2856999933719635,172.0
2024-07-03 12:29:00,MASS,4.900000095367432,4.900000095367432,4.900000095367432,4.889999866485596,4.889999866485596,790.0
2024-07-03 12:29:00,MBIO,0.4964999854564667,0.4964999854564667,0.49810001254081726,0.4964999854564667,0.49810001254081726,4488.0
2024-07-03 12:29:00,MCRB,0.7329999804496765,0.7329999804496765,0.734499990940094,0.7329999804496765,0.7330999970436096,1491.0
2024-07-03 12:29:00,MDWD,14.6899995803833,14.6899995803833,14.6899995803833,14.670000076293945,14.670000076293945,983.0
2024-07-03 12:29:00,MDXG,6.775000095367432,6.775000095367432,6.775000095367432,6.775000095367432,6.775000095367432,428.0
2024-07-03 12:29:00,ME,0.4101000130176544,0.4101000130176544,0.4101000130176544,0.4097999930381775,0.4099999964237213,17111.0
2024-07-03 12:29:00,MEDP,404.114990234375,404.114990234375,404.114990234375,404.114990234375,404.114990234375,1262.0
2024-07-03 12:29:00,MGNX,4.164999961853027,4.164999961853027,4.164999961853027,4.159999847412109,4.160099983215332,1968.0
2024-07-03 12:29:00,MGTX,3.9700000286102295,3.9700000286102295,3.9700000286102295,3.9700000286102295,3.9700000286102295,142.0
2024-07-03 12:29:00,MLTX,41.560001373291016,41.560001373291016,41.619998931884766,41.560001373291016,41.619998931884766,475.0
2024-07-03 12:29:00,MMSI,86.2750015258789,86.2750015258789,86.2750015258789,86.2300033569336,86.2300033569336,1227.0
2024-07-03 12:29:00,MNKD,5.014999866485596,5.014999866485596,5.014999866485596,5.014999866485596,5.014999866485596,182.0
2024-07-03 12:29:00,MNMD,7.184999942779541,7.184999942779541,7.210000038146973,7.179999828338623,7.210000038146973,3501.0
2024-07-03 12:29:00,MODD,1.4600000381469727,1.4600000381469727,1.4600000381469727,1.4600000381469727,1.4600000381469727,108.0
2024-07-03 12:29:00,MORF,31.829999923706055,31.829999923706055,31.829999923706055,31.829999923706055,31.829999923706055,430.0
2024-07-03 12:29:00,MREO,3.5237998962402344,3.5237998962402344,3.5237998962402344,3.5237998962402344,3.5237998962402344,840.0
2024-07-03 12:29:00,MRNA,115.83999633789062,115.83999633789062,115.8499984741211,115.67500305175781,115.68000030517578,2218.0
2024-07-03 12:29:00,MRNS,1.2000000476837158,1.2000000476837158,1.2050000429153442,1.2000000476837158,1.2000000476837158,4135.0
2024-07-03 12:29:00,MRSN,1.8450000286102295,1.8450000286102295,1.850000023841858,1.8450000286102295,1.8450000286102295,870.0
2024-07-03 12:29:00,MRVI,7.014999866485596,7.014999866485596,7.014999866485596,7.010000228881836,7.010000228881836,2833.0
2024-07-03 12:29:00,MXCT,3.7049999237060547,3.7049999237060547,3.7049999237060547,3.7000999450683594,3.7049999237060547,1154.0
2024-07-03 12:29:00,MYGN,24.979999542236328,24.979999542236328,24.989999771118164,24.979999542236328,24.989999771118164,747.0
2024-07-03 12:29:00,NARI,49.72600173950195,49.72600173950195,49.7599983215332,49.72600173950195,49.75,846.0
2024-07-03 12:29:00,NBIX,138.10000610351562,138.10000610351562,138.11000061035156,138.10000610351562,138.11000061035156,1824.0
2024-07-03 12:29:00,NDRA,0.09210000187158585,0.09210000187158585,0.0925000011920929,0.09200000017881393,0.0925000011920929,23340.0
2024-07-03 12:29:00,NEOG,15.135000228881836,15.135000228881836,15.135000228881836,15.135000228881836,15.135000228881836,893.0
2024-07-03 12:29:00,NKTR,1.2799999713897705,1.2799999713897705,1.2799999713897705,1.274999976158142,1.274999976158142,3885.0
2024-07-03 12:29:00,NKTX,5.324999809265137,5.324999809265137,5.324999809265137,5.324999809265137,5.324999809265137,267.0
2024-07-03 12:29:00,NNOX,7.085000038146973,7.085000038146973,7.090000152587891,7.085000038146973,7.090000152587891,1272.0
2024-07-03 12:29:00,NOTV,1.6549999713897705,1.6549999713897705,1.6549999713897705,1.6549999713897705,1.6549999713897705,0.0
2024-07-03 12:29:00,NRIX,19.559999465942383,19.559999465942383,19.559999465942383,19.559999465942383,19.559999465942383,985.0
2024-07-03 12:29:00,NRSN,1.2800999879837036,1.2800999879837036,1.2800999879837036,1.2800999879837036,1.2800999879837036,3062.0
2024-07-03 12:29:00,NTLA,22.719999313354492,22.719999313354492,22.719999313354492,22.719999313354492,22.719999313354492,2056.0
2024-07-03 12:29:00,NUWE,3.802000045776367,3.802000045776367,3.815999984741211,3.802000045776367,3.815999984741211,1761.0
2024-07-03 12:29:00,NVAX,12.5600004196167,12.5600004196167,12.579999923706055,12.5600004196167,12.561200141906738,7306.0
2024-07-03 12:29:00,NVCR,16.690000534057617,16.690000534057617,16.725000381469727,16.690000534057617,16.709999084472656,4381.0
2024-07-03 12:29:00,NVCT,6.210000038146973,6.210000038146973,6.210000038146973,6.210000038146973,6.210000038146973,140.0
2024-07-03 12:29:00,NXTC,1.600000023841858,1.600000023841858,1.600000023841858,1.600000023841858,1.600000023841858,2683.0
2024-07-03 12:29:00,OCGN,1.6200000047683716,1.6200000047683716,1.6200000047683716,1.6150000095367432,1.6200000047683716,8006.0
2024-07-03 12:29:00,OCUL,6.65500020980835,6.65500020980835,6.65500020980835,6.652500152587891,6.652500152587891,496.0
2024-07-03 12:29:00,OCUP,1.5800000429153442,1.5800000429153442,1.5800000429153442,1.5750000476837158,1.5800000429153442,5568.0
2024-07-03 12:29:00,OGI,1.5801000595092773,1.5801000595092773,1.5801000595092773,1.5801000595092773,1.5801000595092773,104.0
2024-07-03 12:29:00,OLK,25.735000610351562,25.735000610351562,25.735000610351562,25.735000610351562,25.735000610351562,312.0
2024-07-03 12:29:00,OLMA,10.46500015258789,10.46500015258789,10.46500015258789,10.460000038146973,10.460000038146973,945.0
2024-07-03 12:29:00,OM,3.869999885559082,3.869999885559082,3.875,3.869999885559082,3.875,12657.0
2024-07-03 12:29:00,OMCL,26.59600067138672,26.59600067138672,26.59600067138672,26.59600067138672,26.59600067138672,448.0
2024-07-03 12:29:00,OMER,3.880000114440918,3.880000114440918,3.884999990463257,3.880000114440918,3.884999990463257,2122.0
2024-07-03 12:29:00,OMGA,1.909999966621399,1.909999966621399,1.909999966621399,1.909999966621399,1.909999966621399,876.0
2024-07-03 12:30:00,ABCL,2.7149999141693115,2.7149999141693115,2.7200000286102295,2.7149999141693115,2.7149999141693115,12304.0
2024-07-03 12:30:00,ABEO,4.329999923706055,4.329999923706055,4.340099811553955,4.329999923706055,4.340099811553955,1052.0
2024-07-03 12:30:00,ABIO,3.5399999618530273,3.5399999618530273,3.5399999618530273,3.5,3.5,1299.0
2024-07-03 12:30:00,ABSI,3.190000057220459,3.190000057220459,3.200000047683716,3.190000057220459,3.190000057220459,7388.0
2024-07-03 12:30:00,ABUS,3.1500000953674316,3.1500000953674316,3.1500000953674316,3.1500000953674316,3.1500000953674316,108.0
2024-07-03 12:30:00,ACAD,15.520000457763672,15.520000457763672,15.529999732971191,15.520000457763672,15.529999732971191,1999.0
2024-07-03 12:30:00,ACB,4.914999961853027,4.914999961853027,4.929900169372559,4.914999961853027,4.929900169372559,3757.0
2024-07-03 12:30:00,ACCD,3.6649999618530273,3.6649999618530273,3.6649999618530273,3.640000104904175,3.640000104904175,3043.0
2024-07-03 12:30:00,ACET,1.0800000429153442,1.0800000429153442,1.0851999521255493,1.0800000429153442,1.0850000381469727,2681.0
2024-07-03 12:30:00,ACHC,66.80000305175781,66.80000305175781,66.83499908447266,66.80000305175781,66.83499908447266,2994.0
2024-07-03 12:30:00,ACHV,4.519999980926514,4.519999980926514,4.519999980926514,4.519999980926514,4.519999980926514,443.0
2024-07-03 12:30:00,ACLX,54.56999969482422,54.56999969482422,54.56999969482422,54.525001525878906,54.525001525878906,725.0
2024-07-03 12:30:00,ACRS,1.149999976158142,1.149999976158142,1.149999976158142,1.149999976158142,1.149999976158142,2076.0
2024-07-03 12:30:00,ADAP,1.0199999809265137,1.0199999809265137,1.0199999809265137,1.0199999809265137,1.0199999809265137,143.0
2024-07-03 12:30:00,ADMA,11.194999694824219,11.194999694824219,11.199999809265137,11.1899995803833,11.199999809265137,7965.0
2024-07-03 12:30:00,ADPT,3.424999952316284,3.424999952316284,3.424999952316284,3.424999952316284,3.424999952316284,608.0
2024-07-03 12:30:00,AFMD,5.059999942779541,5.059999942779541,5.059999942779541,5.059999942779541,5.059999942779541,326.0
2024-07-03 12:30:00,AGEN,14.279899597167969,14.279899597167969,14.279999732971191,14.279899597167969,14.279999732971191,387.0
2024-07-03 12:30:00,AHCO,9.789999961853027,9.789999961853027,9.805000305175781,9.78499984741211,9.789999961853027,4307.0
2024-07-03 12:30:00,AIMD,0.9214000105857849,0.9214000105857849,0.9297999739646912,0.9129999876022339,0.9297000169754028,5358.0
2024-07-03 12:30:00,AKBA,0.9520000219345093,0.9520000219345093,0.9521999955177307,0.95169997215271,0.9517999887466431,7113.0
2024-07-03 12:30:00,AKRO,21.770000457763672,21.770000457763672,21.790000915527344,21.770000457763672,21.790000915527344,948.0
2024-07-03 12:30:00,AKYA,2.119999885559082,2.119999885559082,2.119999885559082,2.119999885559082,2.119999885559082,0.0
2024-07-03 12:30:00,ALGN,242.72000122070312,242.72000122070312,242.86000061035156,242.57000732421875,242.57000732421875,2346.0
2024-07-03 12:30:00,ALGS,0.4251999855041504,0.4251999855041504,0.4251999855041504,0.42500001192092896,0.42500001192092896,20272.0
2024-07-03 12:30:00,ALHC,8.0600004196167,8.0600004196167,8.0600004196167,8.050000190734863,8.0600004196167,1558.0
2024-07-03 12:30:00,ALKS,24.204999923706055,24.204999923706055,24.209999084472656,24.204999923706055,24.209999084472656,1354.0
2024-07-03 12:30:00,ALLO,2.0950000286102295,2.0950000286102295,2.0950000286102295,2.0899999141693115,2.0950000286102295,3125.0
2024-07-03 12:30:00,ALNY,246.2100067138672,246.2100067138672,246.3800048828125,246.1699981689453,246.17999267578125,1201.0
2024-07-03 12:30:00,ALVO,12.220000267028809,12.220000267028809,12.239999771118164,12.220000267028809,12.239999771118164,396.0
2024-07-03 12:30:00,ALVR,0.7350000143051147,0.7350000143051147,0.7350999712944031,0.7350000143051147,0.7350999712944031,535.0
2024-07-03 12:30:00,AMED,97.1500015258789,97.1500015258789,97.1500015258789,97.12999725341797,97.1500015258789,1616.0
2024-07-03 12:30:00,AMGN,307.3949890136719,307.3949890136719,307.44500732421875,306.9949951171875,306.9949951171875,7150.0
2024-07-03 12:30:00,AMLX,1.7549999952316284,1.7549999952316284,1.7549999952316284,1.7549999952316284,1.7549999952316284,300.0
2024-07-03 12:30:00,AMRN,0.6905999779701233,0.6905999779701233,0.6905999779701233,0.6905999779701233,0.6905999779701233,2911.0
2024-07-03 12:30:00,ANAB,25.0,25.0,25.040000915527344,25.0,25.0,3141.0
2024-07-03 12:30:00,ANGO,5.679999828338623,5.679999828338623,5.679999828338623,5.679999828338623,5.679999828338623,1652.0
2024-07-03 12:30:00,ANIK,25.579999923706055,25.579999923706055,25.579999923706055,25.579999923706055,25.579999923706055,299.0
2024-07-03 12:30:00,ANIP,60.744998931884766,60.744998931884766,60.744998931884766,60.744998931884766,60.744998931884766,255.0
2024-07-03 12:30:00,ANNX,4.764999866485596,4.764999866485596,4.769999980926514,4.764999866485596,4.764999866485596,1870.0
2024-07-03 12:30:00,ANTX,2.5999999046325684,2.5999999046325684,2.5999999046325684,2.5799999237060547,2.5899999141693115,14008.0
2024-07-03 12:30:00,APDN,0.39570000767707825,0.39570000767707825,0.39570000767707825,0.3937000036239624,0.3937000036239624,20031.0
2024-07-03 12:30:00,APLS,35.2400016784668,35.2400016784668,35.2400016784668,35.16999816894531,35.209999084472656,1513.0
2024-07-03 12:30:00,APLT,4.360000133514404,4.360000133514404,4.364999771118164,4.360000133514404,4.360000133514404,3280.0
2024-07-03 12:30:00,AQST,2.4119999408721924,2.4119999408721924,2.4149999618530273,2.4119999408721924,2.4149999618530273,1013.0
2024-07-03 12:30:00,ARCT,21.950000762939453,21.950000762939453,21.959999084472656,21.905000686645508,21.93000030517578,2480.0
2024-07-03 12:30:00,ARDX,5.295000076293945,5.295000076293945,5.295000076293945,5.284999847412109,5.289999961853027,23446.0
2024-07-03 12:30:00,ARGX,435.5450134277344,435.5450134277344,435.5450134277344,435.5450134277344,435.5450134277344,1661.0
2024-07-03 12:30:00,ARQT,9.585000038146973,9.585000038146973,9.59000015258789,9.579999923706055,9.585000038146973,6672.0
2024-07-03 12:30:00,ARVN,24.014999389648438,24.014999389648438,24.030000686645508,23.979999542236328,23.979999542236328,4665.0
2024-07-03 12:30:00,ARWR,25.100000381469727,25.100000381469727,25.139999389648438,25.100000381469727,25.100000381469727,3825.0
2024-07-03 12:30:00,ASRT,1.3300000429153442,1.3300000429153442,1.3301000595092773,1.3300000429153442,1.3300000429153442,7511.0
2024-07-03 12:30:00,ATAI,1.284999966621399,1.284999966621399,1.284999966621399,1.284999966621399,1.284999966621399,200.0
2024-07-03 12:30:00,ATEC,10.029999732971191,10.029999732971191,10.029999732971191,10.015000343322754,10.020000457763672,1602.0
2024-07-03 12:30:00,ATRC,22.375,22.375,22.389999389648438,22.3700008392334,22.3700008392334,2372.0
2024-07-03 12:30:00,ATRI,452.2550048828125,452.2550048828125,452.2550048828125,452.2550048828125,452.2550048828125,110.0
2024-07-03 12:30:00,ATXS,9.0649995803833,9.0649995803833,9.0649995803833,9.0649995803833,9.0649995803833,454.0
2024-07-03 12:30:00,AUGX,1.0,1.0,1.0,1.0,1.0,1600.0
2024-07-03 12:30:00,AUPH,5.478799819946289,5.478799819946289,5.478799819946289,5.474999904632568,5.474999904632568,734.0
2024-07-03 12:30:00,AUTL,3.4749999046325684,3.4749999046325684,3.4749999046325684,3.4749999046325684,3.4749999046325684,2773.0
2024-07-03 12:30:00,AVDL,14.489999771118164,14.489999771118164,14.489999771118164,14.477999687194824,14.479999542236328,1493.0
2024-07-03 12:30:00,AVTE,1.6899000406265259,1.6899000406265259,1.690000057220459,1.6899000406265259,1.690000057220459,5476.0
2024-07-03 12:30:00,AVXL,4.139999866485596,4.139999866485596,4.139999866485596,4.135000228881836,4.135000228881836,2722.0
2024-07-03 12:30:00,AZN,76.76499938964844,76.76499938964844,76.77999877929688,76.72000122070312,76.7249984741211,22419.0
2024-07-03 12:30:00,AZTA,52.52000045776367,52.52000045776367,52.52000045776367,52.5099983215332,52.52000045776367,2135.0
2024-07-03 12:30:00,BBIO,25.3700008392334,25.3700008392334,25.3700008392334,25.329999923706055,25.329999923706055,3703.0
2024-07-03 12:30:00,BCAB,1.399999976158142,1.399999976158142,1.409999966621399,1.399999976158142,1.4049999713897705,6313.0
2024-07-03 12:30:00,BCRX,6.460000038146973,6.460000038146973,6.460000038146973,6.460000038146973,6.460000038146973,3611.0
2024-07-03 12:30:00,BCTX,1.0,1.0,1.0,1.0,1.0,348.0
2024-07-03 12:30:00,BEAM,23.584999084472656,23.584999084472656,23.584999084472656,23.559999465942383,23.559999465942383,1707.0
2024-07-03 12:30:00,BEAT,2.7750000953674316,2.7750000953674316,2.7750000953674316,2.7750000953674316,2.7750000953674316,200.0
2024-07-03 12:30:00,BIIB,223.3800048828125,223.3800048828125,223.3800048828125,223.13999938964844,223.13999938964844,1705.0
2024-07-03 12:30:00,BLRX,0.510699987411499,0.510699987411499,0.510699987411499,0.5103999972343445,0.5103999972343445,932.0
2024-07-03 12:30:00,BLUE,0.9185000061988831,0.9185000061988831,0.920799970626831,0.9185000061988831,0.920799970626831,2299.0
2024-07-03 12:30:00,BMEA,4.309999942779541,4.309999942779541,4.315000057220459,4.309999942779541,4.315000057220459,3741.0
2024-07-03 12:30:00,BMRN,80.81999969482422,80.81999969482422,80.83000183105469,80.80000305175781,80.81500244140625,3299.0
2024-07-03 12:30:00,BNGO,0.5756000280380249,0.5756000280380249,0.578000009059906,0.5756000280380249,0.5756000280380249,1300.0
2024-07-03 12:30:00,BNTX,80.38999938964844,80.38999938964844,80.38999938964844,80.3499984741211,80.38999938964844,472.0
2024-07-03 12:30:00,BOLT,0.737500011920929,0.737500011920929,0.737500011920929,0.737500011920929,0.737500011920929,828.0
2024-07-03 12:30:00,BPMC,110.95999908447266,110.95999908447266,110.95999908447266,110.94999694824219,110.94999694824219,592.0
2024-07-03 12:30:00,BRKR,61.560001373291016,61.560001373291016,61.560001373291016,61.4900016784668,61.4900016784668,5851.0
2024-07-03 12:30:00,BRTX,1.9006999731063843,1.9006999731063843,1.9006999731063843,1.9006999731063843,1.9006999731063843,3800.0
2024-07-03 12:30:00,BTAI,1.0800000429153442,1.0800000429153442,1.0850000381469727,1.0800000429153442,1.0850000381469727,6016.0
2024-07-03 12:30:00,BTMD,7.409999847412109,7.409999847412109,7.409999847412109,7.409999847412109,7.409999847412109,178.0
2024-07-03 12:30:00,BVS,5.974999904632568,5.974999904632568,5.980000019073486,5.974999904632568,5.979899883270264,741.0
2024-07-03 12:30:00,CAPR,4.789999961853027,4.789999961853027,4.809999942779541,4.789999961853027,4.804999828338623,4939.0
2024-07-03 12:30:00,CARA,0.2856000065803528,0.2856000065803528,0.2856000065803528,0.2856000065803528,0.2856000065803528,157.0
2024-07-03 12:30:00,CCCC,4.565000057220459,4.565000057220459,4.574999809265137,4.565000057220459,4.574999809265137,2819.0
2024-07-03 12:30:00,CCRN,13.670000076293945,13.670000076293945,13.670000076293945,13.670000076293945,13.670000076293945,522.0
2024-07-03 12:30:00,CDMO,7.764999866485596,7.764999866485596,7.764999866485596,7.75,7.764999866485596,1894.0
2024-07-03 12:30:00,CDXC,2.5199999809265137,2.5199999809265137,2.5199999809265137,2.5199999809265137,2.5199999809265137,625.0
2024-07-03 12:30:00,CELC,16.209999084472656,16.209999084472656,16.209999084472656,16.209999084472656,16.209999084472656,213.0
2024-07-03 12:30:00,CERE,40.28499984741211,40.28499984741211,40.290000915527344,40.22999954223633,40.25,20165.0
2024-07-03 12:30:00,CERS,1.7100000381469727,1.7100000381469727,1.7100000381469727,1.7100000381469727,1.7100000381469727,200.0
2024-07-03 12:30:00,CGC,6.579999923706055,6.579999923706055,6.579999923706055,6.554999828338623,6.578800201416016,28063.0
2024-07-03 12:30:00,CGTX,1.75,1.75,1.75,1.75,1.75,0.0
2024-07-03 12:30:00,CHRS,1.3849999904632568,1.3849999904632568,1.3849999904632568,1.3849999904632568,1.3849999904632568,1188.0
2024-07-03 12:30:00,CING,0.36000001430511475,0.36000001430511475,0.37119999527931213,0.36000001430511475,0.36980000138282776,53090.0
2024-07-03 12:30:00,CLDX,36.119998931884766,36.119998931884766,36.119998931884766,36.06999969482422,36.09000015258789,2646.0
2024-07-03 12:30:00,CLOV,1.25,1.25,1.250100016593933,1.25,1.250100016593933,2722.0
2024-07-03 12:30:00,CMAX,2.2799999713897705,2.2799999713897705,2.2799999713897705,2.2799999713897705,2.2799999713897705,288.0
2024-07-03 12:30:00,CMPS,6.264999866485596,6.264999866485596,6.264999866485596,6.230000019073486,6.230000019073486,2770.0
2024-07-03 12:30:00,CMRX,0.8629999756813049,0.8629999756813049,0.8629999756813049,0.8629999756813049,0.8629999756813049,269.0
2024-07-03 12:30:00,CNSP,1.4392000436782837,1.4392000436782837,1.440000057220459,1.4200999736785889,1.4200999736785889,24354.0
2024-07-03 12:30:00,COCP,2.4709999561309814,2.4709999561309814,2.4709999561309814,2.4709999561309814,2.4709999561309814,74.0
2024-07-03 12:30:00,CODX,1.2899999618530273,1.2899999618530273,1.2899999618530273,1.2899999618530273,1.2899999618530273,200.0
2024-07-03 12:30:00,COGT,8.350000381469727,8.350000381469727,8.350000381469727,8.350000381469727,8.350000381469727,1484.0
2024-07-03 12:30:00,COLL,32.404998779296875,32.404998779296875,32.404998779296875,32.404998779296875,32.404998779296875,371.0
2024-07-03 12:30:00,CORT,30.40999984741211,30.40999984741211,30.40999984741211,30.399999618530273,30.399999618530273,946.0
2024-07-03 12:30:00,CPRX,15.385000228881836,15.385000228881836,15.385000228881836,15.369999885559082,15.369999885559082,3023.0
2024-07-03 12:30:00,CRBP,49.92499923706055,49.92499923706055,50.09000015258789,49.92499923706055,50.09000015258789,680.0
2024-07-03 12:30:00,CRBU,1.559999942779541,1.559999942779541,1.569700002670288,1.559999942779541,1.569700002670288,1255.0
2024-07-03 12:30:00,CRMD,4.139999866485596,4.139999866485596,4.139999866485596,4.139999866485596,4.139999866485596,526.0
2024-07-03 12:30:00,CRON,2.314300060272217,2.314300060272217,2.314300060272217,2.309999942779541,2.309999942779541,805.0
2024-07-03 12:30:00,CRSP,53.79999923706055,53.79999923706055,53.81399917602539,53.709999084472656,53.709999084472656,2983.0
2024-07-03 12:30:00,CSTL,21.1200008392334,21.1200008392334,21.1299991607666,21.1200008392334,21.1299991607666,511.0
2024-07-03 12:30:00,CTKB,5.614999771118164,5.614999771118164,5.614999771118164,5.614999771118164,5.614999771118164,1090.0
2024-07-03 12:30:00,CTMX,1.3016999959945679,1.3016999959945679,1.3016999959945679,1.2999999523162842,1.2999999523162842,713.0
2024-07-03 12:30:00,CUE,0.9904000163078308,0.9904000163078308,0.9904000163078308,0.9904000163078308,0.9904000163078308,386.0
2024-07-03 12:30:00,CVAC,3.234999895095825,3.234999895095825,3.244999885559082,3.2300000190734863,3.2300000190734863,19130.0
2024-07-03 12:30:00,CYTK,54.36000061035156,54.36000061035156,54.40999984741211,54.36000061035156,54.40999984741211,1567.0
2024-07-03 12:30:00,DARE,3.0899999141693115,3.0899999141693115,3.0899999141693115,3.0799999237060547,3.0799999237060547,435.0
2024-07-03 12:30:00,DAWN,13.390000343322754,13.390000343322754,13.390000343322754,13.380000114440918,13.380000114440918,600.0
2024-07-03 12:30:00,DCGO,2.9649999141693115,2.9649999141693115,2.9649999141693115,2.9600000381469727,2.9600000381469727,1999.0
2024-07-03 12:30:00,DH,5.394999980926514,5.394999980926514,5.394999980926514,5.394999980926514,5.394999980926514,976.0
2024-07-03 12:30:00,DMAC,2.9000000953674316,2.9000000953674316,2.9000000953674316,2.9000000953674316,2.9000000953674316,501.0
2024-07-03 12:30:00,DNLI,21.46500015258789,21.46500015258789,21.469999313354492,21.44499969482422,21.44499969482422,1123.0
2024-07-03 12:30:00,DSGN,3.299999952316284,3.299999952316284,3.299999952316284,3.299999952316284,3.299999952316284,479.0
2024-07-03 12:30:00,DVAX,11.085000038146973,11.085000038146973,11.085000038146973,11.079999923706055,11.079999923706055,2833.0
2024-07-03 12:30:00,DXCM,111.13999938964844,111.13999938964844,111.19000244140625,111.13999938964844,111.16000366210938,3955.0
2024-07-03 12:30:00,DYN,34.0,34.0,34.0,33.85499954223633,33.85499954223633,4582.0
2024-07-03 12:30:00,EDIT,4.620100021362305,4.620100021362305,4.625,4.619999885559082,4.625,949.0
2024-07-03 12:30:00,ELEV,2.625,2.625,2.625,2.619999885559082,2.619999885559082,2481.0
2024-07-03 12:30:00,ENSG,126.79499816894531,126.79499816894531,126.79499816894531,126.69999694824219,126.75,3042.0
2024-07-03 12:30:00,ENTA,13.100000381469727,13.100000381469727,13.100000381469727,13.100000381469727,13.100000381469727,641.0
2024-07-03 12:30:00,EOLS,10.949999809265137,10.949999809265137,10.949999809265137,10.930000305175781,10.949999809265137,1611.0
2024-07-03 12:30:00,ERAS,2.2049999237060547,2.2049999237060547,2.2049999237060547,2.2049999237060547,2.2049999237060547,878.0
2024-07-03 12:30:00,ESPR,2.369999885559082,2.369999885559082,2.369999885559082,2.365000009536743,2.365000009536743,44672.0
2024-07-03 12:30:00,ESTA,43.57500076293945,43.57500076293945,43.57500076293945,43.57500076293945,43.57500076293945,757.0
2024-07-03 12:30:00,EWTX,18.084999084472656,18.084999084472656,18.09000015258789,18.084999084472656,18.09000015258789,242.0
2024-07-03 12:30:00,EXAS,43.199501037597656,43.199501037597656,43.220001220703125,43.189998626708984,43.189998626708984,2911.0
2024-07-03 12:30:00,EXEL,21.915000915527344,21.915000915527344,21.915000915527344,21.905000686645508,21.905000686645508,1398.0
2024-07-03 12:30:00,EYEN,0.7900000214576721,0.7900000214576721,0.7900000214576721,0.7900000214576721,0.7900000214576721,1413.0
2024-07-03 12:30:00,EYPT,8.670000076293945,8.670000076293945,8.670000076293945,8.649999618530273,8.65999984741211,4121.0
2024-07-03 12:30:00,FATE,3.1549999713897705,3.1549999713897705,3.1549999713897705,3.1549999713897705,3.1549999713897705,1538.0
2024-07-03 12:30:00,FDMT,20.899999618530273,20.899999618530273,20.899999618530273,20.899999618530273,20.899999618530273,228.0
2024-07-03 12:30:00,FEMY,1.1050000190734863,1.1050000190734863,1.1050000190734863,1.100000023841858,1.100000023841858,672.0
2024-07-03 12:30:00,FGEN,0.7124999761581421,0.7124999761581421,0.7135000228881836,0.7124999761581421,0.7124999761581421,1485.0
2024-07-03 12:30:00,FOLD,9.880000114440918,9.880000114440918,9.880000114440918,9.859999656677246,9.859999656677246,5949.0
2024-07-03 12:30:00,FULC,6.135000228881836,6.135000228881836,6.135000228881836,6.135000228881836,6.135000228881836,390.0
2024-07-03 12:30:00,GALT,2.180000066757202,2.180000066757202,2.180000066757202,2.180000066757202,2.180000066757202,184.0
2024-07-03 12:30:00,GANX,1.1449999809265137,1.1449999809265137,1.1449999809265137,1.1449999809265137,1.1449999809265137,1200.0
2024-07-03 12:30:00,GDRX,7.789999961853027,7.789999961853027,7.789999961853027,7.775000095367432,7.789999961853027,10981.0
2024-07-03 12:30:00,GERN,4.324999809265137,4.324999809265137,4.329999923706055,4.320000171661377,4.324999809265137,5985.0
2024-07-03 12:30:00,GH,28.350000381469727,28.350000381469727,28.350000381469727,28.309999465942383,28.34000015258789,3497.0
2024-07-03 12:30:00,GILD,66.87999725341797,66.87999725341797,66.91500091552734,66.82990264892578,66.8499984741211,13183.0
2024-07-03 12:30:00,GLSI,16.774999618530273,16.774999618530273,16.774999618530273,16.774999618530273,16.774999618530273,500.0
2024-07-03 12:30:00,GLUE,3.890000104904175,3.890000104904175,3.890000104904175,3.890000104904175,3.890000104904175,1825.0
2024-07-03 12:30:00,GMAB,25.165000915527344,25.165000915527344,25.165000915527344,25.165000915527344,25.165000915527344,341.0
2024-07-03 12:30:00,GNPX,1.9206000566482544,1.9206000566482544,1.9206000566482544,1.9206000566482544,1.9206000566482544,200.0
2024-07-03 12:30:00,GOSS,0.964900016784668,0.964900016784668,0.964900016784668,0.964900016784668,0.964900016784668,1252.0
2024-07-03 12:30:00,GOVX,2.819999933242798,2.819999933242798,2.8399999141693115,2.809999942779541,2.8399999141693115,7636.0
2024-07-03 12:30:00,GRFS,6.675000190734863,6.675000190734863,6.675000190734863,6.675000190734863,6.675000190734863,1931.0
2024-07-03 12:30:00,GRTS,0.5745999813079834,0.5745999813079834,0.5745999813079834,0.5745999813079834,0.5745999813079834,900.0
2024-07-03 12:30:00,GTHX,2.575000047683716,2.575000047683716,2.575000047683716,2.565000057220459,2.569999933242798,3130.0
2024-07-03 12:30:00,HALO,52.349998474121094,52.349998474121094,52.380001068115234,52.290000915527344,52.345001220703125,5879.0
2024-07-03 12:30:00,HCSG,10.694999694824219,10.694999694824219,10.71500015258789,10.6850004196167,10.71500015258789,2522.0
2024-07-03 12:30:00,HITI,2.134999990463257,2.134999990463257,2.134999990463257,2.134999990463257,2.134999990463257,4002.0
2024-07-03 12:30:00,HOLX,73.23999786376953,73.23999786376953,73.23999786376953,73.16999816894531,73.18099975585938,5485.0
2024-07-03 12:30:00,HQY,83.68000030517578,83.68000030517578,83.69999694824219,83.68000030517578,83.69999694824219,1114.0
2024-07-03 12:30:00,HRMY,30.700000762939453,30.700000762939453,30.700000762939453,30.690000534057617,30.690000534057617,1308.0
2024-07-03 12:30:00,HRTX,2.720099925994873,2.720099925994873,2.720099925994873,2.720099925994873,2.720099925994873,1342.0
2024-07-03 12:30:00,HSIC,65.06999969482422,65.06999969482422,65.06999969482422,65.04000091552734,65.05000305175781,2664.0
2024-07-03 12:30:00,HSTM,27.56999969482422,27.56999969482422,27.56999969482422,27.56999969482422,27.56999969482422,234.0
2024-07-03 12:30:00,HUMA,5.78000020980835,5.78000020980835,5.789100170135498,5.78000020980835,5.78000020980835,5904.0
2024-07-03 12:30:00,HYPR,1.0299999713897705,1.0299999713897705,1.0299999713897705,1.0299999713897705,1.0299999713897705,389.0
2024-07-03 12:30:00,IART,28.549999237060547,28.549999237060547,28.549999237060547,28.520000457763672,28.549999237060547,6923.0
2024-07-03 12:30:00,ICLR,318.29998779296875,318.29998779296875,318.29998779296875,318.29998779296875,318.29998779296875,1125.0
2024-07-03 12:30:00,ICUI,118.0199966430664,118.0199966430664,118.0199966430664,118.0199966430664,118.0199966430664,1212.0
2024-07-03 12:30:00,IDXX,478.739990234375,478.739990234375,478.739990234375,478.1099853515625,478.1099853515625,902.0
2024-07-03 12:30:00,IDYA,33.31999969482422,33.31999969482422,33.34000015258789,33.29499816894531,33.29499816894531,1216.0
2024-07-03 12:30:00,IGMS,6.445000171661377,6.445000171661377,6.445000171661377,6.445000171661377,6.445000171661377,392.0
2024-07-03 12:30:00,IKNA,1.6449999809265137,1.6449999809265137,1.6449999809265137,1.6449999809265137,1.6449999809265137,43.0
2024-07-03 12:30:00,IKT,1.159999966621399,1.159999966621399,1.2200000286102295,1.159999966621399,1.2200000286102295,2363.0
2024-07-03 12:30:00,ILMN,105.61000061035156,105.61000061035156,105.62000274658203,105.58000183105469,105.58000183105469,2243.0
2024-07-03 12:30:00,IMCR,36.0099983215332,36.0099983215332,36.029998779296875,36.0099983215332,36.029998779296875,663.0
2024-07-03 12:30:00,IMMX,2.369999885559082,2.369999885559082,2.390000104904175,2.369999885559082,2.390000104904175,1455.0
2024-07-03 12:30:00,IMNM,12.079999923706055,12.079999923706055,12.079999923706055,12.079999923706055,12.079999923706055,579.0
2024-07-03 12:30:00,IMRX,1.125,1.125,1.125,1.125,1.125,431.0
2024-07-03 12:30:00,IMTX,11.864999771118164,11.864999771118164,11.864999771118164,11.8100004196167,11.8100004196167,1418.0
2024-07-03 12:30:00,IMUX,1.1299999952316284,1.1299999952316284,1.1299999952316284,1.1299999952316284,1.1299999952316284,226.0
2024-07-03 12:30:00,IMVT,26.110000610351562,26.110000610351562,26.139999389648438,26.110000610351562,26.1200008392334,2164.0
2024-07-03 12:30:00,INBX,13.170000076293945,13.170000076293945,13.180000305175781,13.170000076293945,13.180000305175781,444.0
2024-07-03 12:30:00,INCY,57.619998931884766,57.619998931884766,57.625,57.59000015258789,57.59000015258789,11751.0
2024-07-03 12:30:00,INGN,8.109999656677246,8.109999656677246,8.119999885559082,8.095000267028809,8.095000267028809,597.0
2024-07-03 12:30:00,INMB,7.894999980926514,7.894999980926514,7.909999847412109,7.894999980926514,7.909999847412109,679.0
2024-07-03 12:30:00,INO,8.390000343322754,8.390000343322754,8.399999618530273,8.390000343322754,8.399999618530273,2155.0
2024-07-03 12:30:00,INSM,62.19499969482422,62.19499969482422,62.19499969482422,61.994998931884766,62.02000045776367,6624.0
2024-07-03 12:30:00,INVA,16.315000534057617,16.315000534057617,16.315000534057617,16.315000534057617,16.315000534057617,523.0
2024-07-03 12:30:00,IONS,45.18000030517578,45.18000030517578,45.18000030517578,45.060001373291016,45.060001373291016,4704.0
2024-07-03 12:30:00,IOVA,7.411799907684326,7.411799907684326,7.425000190734863,7.409999847412109,7.414999961853027,22649.0
2024-07-03 12:30:00,IPSC,2.2200000286102295,2.2200000286102295,2.2200000286102295,2.2200000286102295,2.2200000286102295,447.0
2024-07-03 12:30:00,IRTC,95.45999908447266,95.45999908447266,95.45999908447266,95.45999908447266,95.45999908447266,448.0
2024-07-03 12:30:00,IRWD,6.119999885559082,6.119999885559082,6.125,6.119999885559082,6.125,976.0
2024-07-03 12:30:00,ISRG,434.2349853515625,434.2349853515625,434.2349853515625,434.2300109863281,434.2300109863281,1070.0
2024-07-03 12:30:00,ITCI,68.98500061035156,68.98500061035156,69.01499938964844,68.98500061035156,69.01499938964844,1567.0
2024-07-03 12:30:00,IVVD,1.0950000286102295,1.0950000286102295,1.0950000286102295,1.0950000286102295,1.0950000286102295,655.0
2024-07-03 12:30:00,JAGX,3.490000009536743,3.490000009536743,3.490000009536743,3.490000009536743,3.490000009536743,1729.0
2024-07-03 12:30:00,JANX,38.290000915527344,38.290000915527344,38.290000915527344,38.290000915527344,38.290000915527344,602.0
2024-07-03 12:30:00,JAZZ,103.3499984741211,103.3499984741211,103.3499984741211,103.3499984741211,103.3499984741211,387.0
2024-07-03 12:30:00,JSPR,22.6299991607666,22.6299991607666,22.850000381469727,22.56999969482422,22.62969970703125,4501.0
2024-07-03 12:30:00,KNSA,18.80299949645996,18.80299949645996,18.834999084472656,18.80299949645996,18.834999084472656,400.0
2024-07-03 12:30:00,KRMD,2.490000009536743,2.490000009536743,2.5199999809265137,2.490000009536743,2.5199999809265137,1601.0
2024-07-03 12:30:00,KROS,42.404998779296875,42.404998779296875,42.404998779296875,42.349998474121094,42.349998474121094,428.0
2024-07-03 12:30:00,KRYS,176.80999755859375,176.80999755859375,176.80999755859375,176.80999755859375,176.80999755859375,194.0
2024-07-03 12:30:00,KTRA,0.2750999927520752,0.2750999927520752,0.2754000127315521,0.2750999927520752,0.2754000127315521,19047.0
2024-07-03 12:30:00,KURA,20.15999984741211,20.15999984741211,20.170000076293945,20.1299991607666,20.139999389648438,4982.0
2024-07-03 12:30:00,KZR,0.57669997215271,0.57669997215271,0.57669997215271,0.57669997215271,0.57669997215271,342.0
2024-07-03 12:30:00,LAB,1.8849999904632568,1.8849999904632568,1.8849999904632568,1.8650000095367432,1.875,77501.0
2024-07-03 12:30:00,LBPH,32.11000061035156,32.11000061035156,32.255001068115234,32.11000061035156,32.255001068115234,5162.0
2024-07-03 12:30:00,LEGN,46.099998474121094,46.099998474121094,46.130001068115234,46.060001373291016,46.060001373291016,1077.0
2024-07-03 12:30:00,LFMD,6.809999942779541,6.809999942779541,6.809999942779541,6.800000190734863,6.800000190734863,1622.0
2024-07-03 12:30:00,LFST,5.114999771118164,5.114999771118164,5.114999771118164,5.110000133514404,5.110000133514404,1747.0
2024-07-03 12:30:00,LGVN,1.6298999786376953,1.6298999786376953,1.6299999952316284,1.6298999786376953,1.6299999952316284,1146.0
2024-07-03 12:30:00,LIVN,52.755001068115234,52.755001068115234,52.755001068115234,52.6870002746582,52.72999954223633,3968.0
2024-07-03 12:30:00,LNTH,79.67500305175781,79.67500305175781,79.67500305175781,79.62000274658203,79.62000274658203,7019.0
2024-07-03 12:30:00,LQDA,11.979999542236328,11.979999542236328,11.979999542236328,11.979999542236328,11.979999542236328,412.0
2024-07-03 12:30:00,LRMR,7.730000019073486,7.730000019073486,7.739999771118164,7.730000019073486,7.739999771118164,768.0
2024-07-03 12:30:00,LUCY,0.46860000491142273,0.46860000491142273,0.46860000491142273,0.46860000491142273,0.46860000491142273,16815.0
2024-07-03 12:30:00,LUNG,6.320000171661377,6.320000171661377,6.320000171661377,6.320000171661377,6.320000171661377,459.0
2024-07-03 12:30:00,LXRX,1.6100000143051147,1.6100000143051147,1.6200000047683716,1.6100000143051147,1.6150000095367432,1419.0
2024-07-03 12:30:00,LYEL,1.524999976158142,1.524999976158142,1.524999976158142,1.5149999856948853,1.5149999856948853,8452.0
2024-07-03 12:30:00,LYRA,0.28439998626708984,0.28439998626708984,0.2856999933719635,0.28439998626708984,0.2856999933719635,302.0
2024-07-03 12:30:00,MASI,114.1500015258789,114.1500015258789,114.1500015258789,114.1500015258789,114.1500015258789,971.0
2024-07-03 12:30:00,MBIO,0.4959999918937683,0.4959999918937683,0.4959999918937683,0.4959999918937683,0.4959999918937683,601.0
2024-07-03 12:30:00,MCRB,0.734499990940094,0.734499990940094,0.734499990940094,0.7330999970436096,0.7330999970436096,1188.0
2024-07-03 12:30:00,MDGL,271.8450012207031,271.8450012207031,271.8450012207031,271.8450012207031,271.8450012207031,614.0
2024-07-03 12:30:00,MDXG,6.775000095367432,6.775000095367432,6.78000020980835,6.775000095367432,6.775000095367432,2825.0
2024-07-03 12:30:00,ME,0.4097999930381775,0.4097999930381775,0.4101000130176544,0.4097999930381775,0.4101000130176544,13840.0
2024-07-03 12:30:00,MGNX,4.15500020980835,4.15500020980835,4.159999847412109,4.15500020980835,4.159999847412109,1389.0
2024-07-03 12:30:00,MGTX,3.950000047683716,3.950000047683716,3.9700000286102295,3.950000047683716,3.9600000381469727,1616.0
2024-07-03 12:30:00,MNKD,5.014999866485596,5.014999866485596,5.014999866485596,5.014999866485596,5.014999866485596,210.0
2024-07-03 12:30:00,MNMD,7.170000076293945,7.170000076293945,7.170000076293945,7.164999961853027,7.170000076293945,799.0
2024-07-03 12:30:00,MODD,1.4600000381469727,1.4600000381469727,1.4600000381469727,1.4600000381469727,1.4600000381469727,111.0
2024-07-03 12:30:00,MRNA,116.02999877929688,116.02999877929688,116.03990173339844,115.86000061035156,115.86000061035156,5327.0
2024-07-03 12:30:00,MRSN,1.8450000286102295,1.8450000286102295,1.8450000286102295,1.8450000286102295,1.8450000286102295,709.0
2024-07-03 12:30:00,MRUS,52.63999938964844,52.63999938964844,52.63999938964844,52.564998626708984,52.564998626708984,2160.0
2024-07-03 12:30:00,MRVI,7.014999866485596,7.014999866485596,7.014999866485596,7.010000228881836,7.014999866485596,1469.0
2024-07-03 12:30:00,MXCT,3.7049999237060547,3.7049999237060547,3.7049999237060547,3.7049999237060547,3.7049999237060547,444.0
2024-07-03 12:30:00,MYGN,24.985000610351562,24.985000610351562,24.985000610351562,24.979999542236328,24.979999542236328,686.0
2024-07-03 12:30:00,NDRA,0.09220000356435776,0.09220000356435776,0.09220000356435776,0.0917000025510788,0.09210000187158585,42485.0
2024-07-03 12:30:00,NEO,13.729999542236328,13.729999542236328,13.729999542236328,13.720000267028809,13.720000267028809,3667.0
2024-07-03 12:30:00,NEOG,15.135000228881836,15.135000228881836,15.135000228881836,15.125,15.135000228881836,2337.0
2024-07-03 12:30:00,NKTR,1.274999976158142,1.274999976158142,1.284999966621399,1.274999976158142,1.2799999713897705,20719.0
2024-07-03 12:30:00,NKTX,5.335000038146973,5.335000038146973,5.335000038146973,5.324999809265137,5.324999809265137,1606.0
2024-07-03 12:30:00,NNOX,7.099999904632568,7.099999904632568,7.099999904632568,7.085000038146973,7.085000038146973,6656.0
2024-07-03 12:30:00,NPCE,7.355000019073486,7.355000019073486,7.355000019073486,7.320000171661377,7.340000152587891,1837.0
2024-07-03 12:30:00,NRC,22.969999313354492,22.969999313354492,23.079999923706055,22.959999084472656,22.96500015258789,1778.0
2024-07-03 12:30:00,NRSN,1.309999942779541,1.309999942779541,1.309999942779541,1.309999942779541,1.309999942779541,200.0
2024-07-03 12:30:00,NTLA,22.75,22.75,22.75,22.719999313354492,22.719999313354492,2164.0
2024-07-03 12:30:00,NTRA,111.8499984741211,111.8499984741211,111.9000015258789,111.7699966430664,111.7699966430664,2462.0
2024-07-03 12:30:00,NUVL,72.23999786376953,72.23999786376953,72.23999786376953,72.23999786376953,72.23999786376953,492.0
2024-07-03 12:30:00,NUWE,3.802000045776367,3.802000045776367,3.802000045776367,3.802000045776367,3.802000045776367,475.0
2024-07-03 12:30:00,NVAX,12.56879997253418,12.56879997253418,12.56879997253418,12.550000190734863,12.5600004196167,7042.0
2024-07-03 12:30:00,NVCR,16.704999923706055,16.704999923706055,16.704999923706055,16.704999923706055,16.704999923706055,522.0
2024-07-03 12:30:00,NVCT,6.228000164031982,6.228000164031982,6.228000164031982,6.228000164031982,6.228000164031982,558.0
2024-07-03 12:30:00,NXL,1.409999966621399,1.409999966621399,1.409999966621399,1.409999966621399,1.409999966621399,1350.0
2024-07-03 12:30:00,NXTC,1.600000023841858,1.600000023841858,1.600000023841858,1.600000023841858,1.600000023841858,1696.0
2024-07-03 12:30:00,OCGN,1.6200000047683716,1.6200000047683716,1.6200000047683716,1.6150000095367432,1.6200000047683716,1970.0
2024-07-03 12:30:00,OCUL,6.65500020980835,6.65500020980835,6.65500020980835,6.650000095367432,6.65500020980835,895.0
2024-07-03 12:30:00,OCX,3.10479998588562,3.10479998588562,3.10479998588562,3.10479998588562,3.10479998588562,969.0
2024-07-03 12:30:00,OGI,1.5850000381469727,1.5850000381469727,1.5850000381469727,1.5850000381469727,1.5850000381469727,181.0
2024-07-03 12:30:00,OLMA,10.46500015258789,10.46500015258789,10.46500015258789,10.46500015258789,10.46500015258789,388.0
2024-07-03 12:30:00,OM,3.869999885559082,3.869999885559082,3.875,3.869999885559082,3.869999885559082,1809.0
2024-07-03 12:30:00,OMCL,26.610000610351562,26.610000610351562,26.610000610351562,26.610000610351562,26.610000610351562,445.0
2024-07-03 12:30:00,OMGA,1.909999966621399,1.909999966621399,1.9299999475479126,1.899999976158142,1.9149999618530273,18645.0
2024-07-03 12:31:00,ABCL,2.7200000286102295,2.7200000286102295,2.7200000286102295,2.7200000286102295,2.7200000286102295,5012.0
2024-07-03 12:31:00,ABEO,4.329999923706055,4.329999923706055,4.329999923706055,4.329999923706055,4.329999923706055,213.0
2024-07-03 12:31:00,ABIO,3.5399999618530273,3.5399999618530273,3.5399999618530273,3.5399999618530273,3.5399999618530273,524.0
2024-07-03 12:31:00,ABOS,2.299999952316284,2.299999952316284,2.299999952316284,2.299999952316284,2.299999952316284,1364.0
2024-07-03 12:31:00,ABSI,3.19950008392334,3.19950008392334,3.19950008392334,3.194999933242798,3.194999933242798,2499.0
2024-07-03 12:31:00,ABUS,3.1500000953674316,3.1500000953674316,3.1500000953674316,3.1447999477386475,3.1447999477386475,6806.0
2024-07-03 12:31:00,ACAD,15.569999694824219,15.569999694824219,15.569999694824219,15.529999732971191,15.529999732971191,4033.0
2024-07-03 12:31:00,ACB,4.929900169372559,4.929900169372559,4.929900169372559,4.920000076293945,4.928800106048584,5209.0
2024-07-03 12:31:00,ACCD,3.674999952316284,3.674999952316284,3.674999952316284,3.6549999713897705,3.6600000858306885,17613.0
2024-07-03 12:31:00,ACET,1.0800000429153442,1.0800000429153442,1.0801000595092773,1.0800000429153442,1.0801000595092773,29172.0
2024-07-03 12:31:00,ACHV,4.519999980926514,4.519999980926514,4.519999980926514,4.519999980926514,4.519999980926514,537.0
2024-07-03 12:31:00,ACLX,54.529998779296875,54.529998779296875,54.540000915527344,54.4900016784668,54.4900016784668,1461.0
2024-07-03 12:31:00,ACRS,1.149999976158142,1.149999976158142,1.149999976158142,1.149999976158142,1.149999976158142,2038.0
2024-07-03 12:31:00,ADAP,1.0199999809265137,1.0199999809265137,1.0199999809265137,1.0199999809265137,1.0199999809265137,100.0
2024-07-03 12:31:00,ADMA,11.194999694824219,11.194999694824219,11.194999694824219,11.194999694824219,11.194999694824219,488.0
2024-07-03 12:31:00,ADVM,7.099999904632568,7.099999904632568,7.099999904632568,7.0619001388549805,7.079999923706055,1515.0
2024-07-03 12:31:00,AEMD,0.40720000863075256,0.40720000863075256,0.40720000863075256,0.40720000863075256,0.40720000863075256,200.0
2024-07-03 12:31:00,AFMD,5.070000171661377,5.070000171661377,5.081999778747559,5.070000171661377,5.081999778747559,1007.0
2024-07-03 12:31:00,AGEN,14.255000114440918,14.255000114440918,14.255000114440918,14.25,14.25,701.0
2024-07-03 12:31:00,AHCO,9.78499984741211,9.78499984741211,9.789999961853027,9.78499984741211,9.789999961853027,1369.0
2024-07-03 12:31:00,AIMD,0.9103999733924866,0.9103999733924866,0.9297000169754028,0.910099983215332,0.9297000169754028,2911.0
2024-07-03 12:31:00,AKAN,2.2200000286102295,2.2200000286102295,2.2200000286102295,2.2200000286102295,2.2200000286102295,0.0
2024-07-03 12:31:00,AKBA,0.9527999758720398,0.9527999758720398,0.9528999924659729,0.9527999758720398,0.9528999924659729,1799.0
2024-07-03 12:31:00,AKRO,21.780000686645508,21.780000686645508,21.780000686645508,21.780000686645508,21.780000686645508,2140.0
2024-07-03 12:31:00,AKYA,2.119999885559082,2.119999885559082,2.125,2.119999885559082,2.125,3305.0
2024-07-03 12:31:00,ALEC,4.414999961853027,4.414999961853027,4.420000076293945,4.414999961853027,4.414999961853027,544.0
2024-07-03 12:31:00,ALGN,242.8000030517578,242.8000030517578,242.84500122070312,242.8000030517578,242.84500122070312,1237.0
2024-07-03 12:31:00,ALGS,0.4251999855041504,0.4251999855041504,0.4253000020980835,0.4251999855041504,0.4251999855041504,5752.0
2024-07-03 12:31:00,ALHC,8.069999694824219,8.069999694824219,8.069999694824219,8.050000190734863,8.050000190734863,1227.0
2024-07-03 12:31:00,ALKS,24.200000762939453,24.200000762939453,24.200000762939453,24.200000762939453,24.200000762939453,1605.0
2024-07-03 12:31:00,ALLK,0.8288999795913696,0.8288999795913696,0.8292999863624573,0.8288999795913696,0.8292999863624573,513.0
2024-07-03 12:31:00,ALLO,2.0899999141693115,2.0899999141693115,2.0950000286102295,2.0899999141693115,2.0950000286102295,4397.0
2024-07-03 12:31:00,ALNY,246.1199951171875,246.1199951171875,246.35000610351562,246.1199951171875,246.21499633789062,5735.0
2024-07-03 12:31:00,ALT,6.644999980926514,6.644999980926514,6.644999980926514,6.644999980926514,6.644999980926514,297.0
2024-07-03 12:31:00,ALVR,0.7357000112533569,0.7357000112533569,0.7357000112533569,0.7350000143051147,0.7353000044822693,9565.0
2024-07-03 12:31:00,ALXO,5.684999942779541,5.684999942779541,5.684999942779541,5.679999828338623,5.679999828338623,1071.0
2024-07-03 12:31:00,AMED,97.08000183105469,97.08000183105469,97.12999725341797,97.08000183105469,97.12999725341797,1128.0
2024-07-03 12:31:00,AMGN,307.29998779296875,307.29998779296875,307.4128112792969,307.2200012207031,307.4128112792969,1906.0
2024-07-03 12:31:00,AMLX,1.7599999904632568,1.7599999904632568,1.7599999904632568,1.7549999952316284,1.7549999952316284,1524.0
2024-07-03 12:31:00,AMRN,0.690500020980835,0.690500020980835,0.6905999779701233,0.690500020980835,0.6905999779701233,4116.0
2024-07-03 12:31:00,ANAB,25.010000228881836,25.010000228881836,25.010000228881836,25.010000228881836,25.010000228881836,399.0
2024-07-03 12:31:00,ANIK,25.5,25.5,25.5,25.5,25.5,515.0
2024-07-03 12:31:00,ANNX,4.764999866485596,4.764999866485596,4.769999980926514,4.764999866485596,4.764999866485596,1604.0
2024-07-03 12:31:00,APLS,35.2599983215332,35.2599983215332,35.2599983215332,35.2599983215332,35.2599983215332,223.0
2024-07-03 12:31:00,APLT,4.360000133514404,4.360000133514404,4.364999771118164,4.360000133514404,4.364999771118164,1270.0
2024-07-03 12:31:00,AQST,2.4149999618530273,2.4149999618530273,2.4149999618530273,2.4149999618530273,2.4149999618530273,1906.0
2024-07-03 12:31:00,ARCT,21.920000076293945,21.920000076293945,21.959999084472656,21.920000076293945,21.959999084472656,806.0
2024-07-03 12:31:00,ARDX,5.295000076293945,5.295000076293945,5.309999942779541,5.29010009765625,5.295000076293945,73082.0
2024-07-03 12:31:00,ARQT,9.585000038146973,9.585000038146973,9.59000015258789,9.585000038146973,9.585000038146973,1835.0
2024-07-03 12:31:00,ARVN,24.010000228881836,24.010000228881836,24.010000228881836,23.989999771118164,24.0,2075.0
2024-07-03 12:31:00,ASRT,1.3350000381469727,1.3350000381469727,1.3350000381469727,1.3300000429153442,1.3300000429153442,9313.0
2024-07-03 12:31:00,ATAI,1.284999966621399,1.284999966621399,1.2898999452590942,1.284999966621399,1.2898999452590942,809.0
2024-07-03 12:31:00,ATEC,10.024999618530273,10.024999618530273,10.024999618530273,10.024999618530273,10.024999618530273,634.0
2024-07-03 12:31:00,ATOS,1.1699999570846558,1.1699999570846558,1.1699999570846558,1.1699999570846558,1.1699999570846558,168.0
2024-07-03 12:31:00,ATRC,22.377500534057617,22.377500534057617,22.377500534057617,22.377500534057617,22.377500534057617,133.0
2024-07-03 12:31:00,ATXS,9.0649995803833,9.0649995803833,9.0649995803833,9.0649995803833,9.0649995803833,233.0
2024-07-03 12:31:00,AUGX,1.0,1.0,1.0,1.0,1.0,5506.0
2024-07-03 12:31:00,AUPH,5.474999904632568,5.474999904632568,5.474999904632568,5.474999904632568,5.474999904632568,455.0
2024-07-03 12:31:00,AUTL,3.4749999046325684,3.4749999046325684,3.4800000190734863,3.4749999046325684,3.4749999046325684,1493.0
2024-07-03 12:31:00,AVAH,2.6600000858306885,2.6600000858306885,2.6600000858306885,2.6600000858306885,2.6600000858306885,140.0
2024-07-03 12:31:00,AVDL,14.5,14.5,14.5,14.489999771118164,14.489999771118164,1169.0
2024-07-03 12:31:00,AVIR,3.2899999618530273,3.2899999618530273,3.2899999618530273,3.2899999618530273,3.2899999618530273,701.0
2024-07-03 12:31:00,AVTE,1.690000057220459,1.690000057220459,1.690000057220459,1.690000057220459,1.690000057220459,1548.0
2024-07-03 12:31:00,AWH,1.0199999809265137,1.0199999809265137,1.0199999809265137,1.0199999809265137,1.0199999809265137,800.0
2024-07-03 12:31:00,AXNX,67.48999786376953,67.48999786376953,67.48999786376953,67.48999786376953,67.48999786376953,277.0
2024-07-03 12:31:00,AXSM,79.97000122070312,79.97000122070312,79.97000122070312,79.94000244140625,79.95500183105469,827.0
2024-07-03 12:31:00,AZN,76.7699966430664,76.7699966430664,76.7699966430664,76.75,76.75499725341797,4804.0
2024-07-03 12:31:00,AZTA,52.470001220703125,52.470001220703125,52.5099983215332,52.470001220703125,52.5099983215332,1836.0
2024-07-03 12:31:00,BCAB,1.3949999809265137,1.3949999809265137,1.3949999809265137,1.3949999809265137,1.3949999809265137,676.0
2024-07-03 12:31:00,BDSX,1.6100000143051147,1.6100000143051147,1.6100000143051147,1.6100000143051147,1.6100000143051147,1827.0
2024-07-03 12:31:00,BEAM,23.610000610351562,23.610000610351562,23.6299991607666,23.610000610351562,23.6299991607666,910.0
2024-07-03 12:31:00,BFRI,0.8500000238418579,0.8500000238418579,0.8500000238418579,0.8500000238418579,0.8500000238418579,1039.0
2024-07-03 12:31:00,BGXX,0.26649999618530273,0.26649999618530273,0.26649999618530273,0.26649999618530273,0.26649999618530273,1437.0
2024-07-03 12:31:00,BIIB,223.4199981689453,223.4199981689453,223.4199981689453,223.27999877929688,223.27999877929688,1320.0
2024-07-03 12:31:00,BJDX,0.6302000284194946,0.6302000284194946,0.6302000284194946,0.6302000284194946,0.6302000284194946,352.0
2024-07-03 12:31:00,BLFS,19.969999313354492,19.969999313354492,19.969999313354492,19.969999313354492,19.969999313354492,762.0
2024-07-03 12:31:00,BLRX,0.510699987411499,0.510699987411499,0.510699987411499,0.5103999972343445,0.5105999708175659,989.0
2024-07-03 12:31:00,BLUE,0.9175999760627747,0.9175999760627747,0.9176999926567078,0.9175999760627747,0.9176999926567078,1220.0
2024-07-03 12:31:00,BMRN,80.81999969482422,80.81999969482422,80.83999633789062,80.80650329589844,80.81500244140625,14573.0
2024-07-03 12:31:00,BNGO,0.578000009059906,0.578000009059906,0.578000009059906,0.578000009059906,0.578000009059906,469.0
2024-07-03 12:31:00,BNTX,80.51499938964844,80.51499938964844,80.56999969482422,80.3499984741211,80.3499984741211,4636.0
2024-07-03 12:31:00,BPMC,110.80999755859375,110.80999755859375,110.875,110.80999755859375,110.875,602.0
2024-07-03 12:31:00,BPTH,1.7799999713897705,1.7799999713897705,1.7799999713897705,1.7799999713897705,1.7799999713897705,504.0
2024-07-03 12:31:00,BRKR,61.584999084472656,61.584999084472656,61.584999084472656,61.52000045776367,61.52000045776367,1893.0
2024-07-03 12:31:00,BSGM,0.3700000047683716,0.3700000047683716,0.3700000047683716,0.3700000047683716,0.3700000047683716,6905.0
2024-07-03 12:31:00,BTMD,7.400000095367432,7.400000095367432,7.400000095367432,7.400000095367432,7.400000095367432,534.0
2024-07-03 12:31:00,BVS,5.974999904632568,5.974999904632568,5.974999904632568,5.974999904632568,5.974999904632568,132.0
2024-07-03 12:31:00,CADL,6.275000095367432,6.275000095367432,6.289899826049805,6.275000095367432,6.289899826049805,562.0
2024-07-03 12:31:00,CAPR,4.800000190734863,4.800000190734863,4.829999923706055,4.800000190734863,4.815199851989746,12600.0
2024-07-03 12:31:00,CCCC,4.554999828338623,4.554999828338623,4.565000057220459,4.554999828338623,4.565000057220459,3135.0
2024-07-03 12:31:00,CDMO,7.764999866485596,7.764999866485596,7.78000020980835,7.75,7.764999866485596,2485.0
2024-07-03 12:31:00,CDNA,15.095000267028809,15.095000267028809,15.149999618530273,15.095000267028809,15.149999618530273,999.0
2024-07-03 12:31:00,CDXS,2.875,2.875,2.875,2.875,2.875,200.0
2024-07-03 12:31:00,CELC,16.229999542236328,16.229999542236328,16.229999542236328,16.229999542236328,16.229999542236328,106.0
2024-07-03 12:31:00,CERE,40.3661003112793,40.3661003112793,40.38999938964844,40.290000915527344,40.290000915527344,14547.0
2024-07-03 12:31:00,CERS,1.7100000381469727,1.7100000381469727,1.7100000381469727,1.7100000381469727,1.7100000381469727,269.0
2024-07-03 12:31:00,CERT,13.741000175476074,13.741000175476074,13.75,13.741000175476074,13.75,571.0
2024-07-03 12:31:00,CGC,6.589900016784668,6.589900016784668,6.589900016784668,6.579999923706055,6.579999923706055,2686.0
2024-07-03 12:31:00,CGEM,16.690000534057617,16.690000534057617,16.690000534057617,16.670000076293945,16.670000076293945,1828.0
2024-07-03 12:31:00,CHRS,1.3849999904632568,1.3849999904632568,1.3899999856948853,1.3849999904632568,1.3899999856948853,1256.0
2024-07-03 12:31:00,CING,0.3675000071525574,0.3675000071525574,0.3700000047683716,0.36500000953674316,0.3700000047683716,31726.0
2024-07-03 12:31:00,CLNN,0.3255999982357025,0.3255999982357025,0.3255999982357025,0.3255999982357025,0.3255999982357025,995.0
2024-07-03 12:31:00,CLOV,1.25,1.25,1.253600001335144,1.25,1.253600001335144,2839.0
2024-07-03 12:31:00,CMPS,6.269999980926514,6.269999980926514,6.269999980926514,6.264999866485596,6.264999866485596,659.0
2024-07-03 12:31:00,CMPX,0.8575000166893005,0.8575000166893005,0.8575000166893005,0.8500000238418579,0.8513000011444092,2244.0
2024-07-03 12:31:00,CNSP,1.4500000476837158,1.4500000476837158,1.4600000381469727,1.440000057220459,1.440000057220459,23884.0
2024-07-03 12:31:00,COGT,8.319999694824219,8.319999694824219,8.329999923706055,8.319999694824219,8.329999923706055,298.0
2024-07-03 12:31:00,CORT,30.385000228881836,30.385000228881836,30.389999389648438,30.385000228881836,30.389999389648438,1067.0
2024-07-03 12:31:00,COSM,0.906000018119812,0.906000018119812,0.906000018119812,0.906000018119812,0.906000018119812,4134.0
2024-07-03 12:31:00,CPRX,15.390000343322754,15.390000343322754,15.390000343322754,15.390000343322754,15.390000343322754,899.0
2024-07-03 12:31:00,CRBP,49.832000732421875,49.832000732421875,50.275001525878906,49.790000915527344,50.2400016784668,9260.0
2024-07-03 12:31:00,CRBU,1.565000057220459,1.565000057220459,1.565000057220459,1.559999942779541,1.559999942779541,614.0
2024-07-03 12:31:00,CRMD,4.139999866485596,4.139999866485596,4.139999866485596,4.139999866485596,4.139999866485596,239.0
2024-07-03 12:31:00,CRNX,44.529998779296875,44.529998779296875,44.529998779296875,44.529998779296875,44.529998779296875,624.0
2024-07-03 12:31:00,CTKB,5.619999885559082,5.619999885559082,5.619999885559082,5.619999885559082,5.619999885559082,2398.0
2024-07-03 12:31:00,CTMX,1.2999999523162842,1.2999999523162842,1.2999999523162842,1.2999999523162842,1.2999999523162842,400.0
2024-07-03 12:31:00,CTXR,0.5049999952316284,0.5049999952316284,0.507099986076355,0.5049999952316284,0.507099986076355,826.0
2024-07-03 12:31:00,CUE,0.9879999756813049,0.9879999756813049,0.9939000010490417,0.9879999756813049,0.9939000010490417,5104.0
2024-07-03 12:31:00,CVAC,3.234999895095825,3.234999895095825,3.240000009536743,3.2300000190734863,3.239000082015991,13003.0
2024-07-03 12:31:00,CYTK,54.28369903564453,54.28369903564453,54.35499954223633,54.28369903564453,54.35499954223633,1066.0
2024-07-03 12:31:00,DARE,3.049999952316284,3.049999952316284,3.049999952316284,3.049999952316284,3.049999952316284,401.0
2024-07-03 12:31:00,DAWN,13.420000076293945,13.420000076293945,13.420000076293945,13.40999984741211,13.40999984741211,1310.0
2024-07-03 12:31:00,DCGO,2.9600000381469727,2.9600000381469727,2.9600000381469727,2.9600000381469727,2.9600000381469727,2558.0
2024-07-03 12:31:00,DCTH,7.920000076293945,7.920000076293945,7.920000076293945,7.920000076293945,7.920000076293945,276.0
2024-07-03 12:31:00,DH,5.394999980926514,5.394999980926514,5.394999980926514,5.394999980926514,5.394999980926514,691.0
2024-07-03 12:31:00,DNLI,21.459999084472656,21.459999084472656,21.459999084472656,21.459999084472656,21.459999084472656,597.0
2024-07-03 12:31:00,DSGN,3.305000066757202,3.305000066757202,3.305000066757202,3.299999952316284,3.299999952316284,25869.0
2024-07-03 12:31:00,DVAX,11.085000038146973,11.085000038146973,11.085000038146973,11.085000038146973,11.085000038146973,983.0
2024-07-03 12:31:00,DXCM,111.0999984741211,111.0999984741211,111.12000274658203,111.0999984741211,111.12000274658203,2784.0
2024-07-03 12:31:00,DYN,33.970001220703125,33.970001220703125,33.970001220703125,33.970001220703125,33.970001220703125,301.0
2024-07-03 12:31:00,EDIT,4.619999885559082,4.619999885559082,4.625,4.619999885559082,4.625,1699.0
2024-07-03 12:31:00,ELEV,2.625,2.625,2.625,2.625,2.625,1745.0
2024-07-03 12:31:00,EMBC,12.0,12.0,12.0,11.989999771118164,11.989999771118164,1285.0
2024-07-03 12:31:00,ENSG,126.75289916992188,126.75289916992188,126.83000183105469,126.75289916992188,126.83000183105469,1571.0
2024-07-03 12:31:00,ENTA,13.104999542236328,13.104999542236328,13.104999542236328,13.104999542236328,13.104999542236328,264.0
2024-07-03 12:31:00,EOLS,10.960000038146973,10.960000038146973,10.960000038146973,10.949999809265137,10.949999809265137,2177.0
2024-07-03 12:31:00,ESPR,2.369999885559082,2.369999885559082,2.369999885559082,2.369999885559082,2.369999885559082,2982.0
2024-07-03 12:31:00,ESTA,43.529998779296875,43.529998779296875,43.529998779296875,43.529998779296875,43.529998779296875,750.0
2024-07-03 12:31:00,ETNB,7.489999771118164,7.489999771118164,7.5,7.489999771118164,7.494999885559082,4237.0
2024-07-03 12:31:00,EWTX,18.1200008392334,18.1200008392334,18.1200008392334,18.079999923706055,18.079999923706055,1507.0
2024-07-03 12:31:00,EXAI,5.449399948120117,5.449399948120117,5.449399948120117,5.449399948120117,5.449399948120117,300.0
2024-07-03 12:31:00,EXAS,43.18000030517578,43.18000030517578,43.20500183105469,43.18000030517578,43.20500183105469,2459.0
2024-07-03 12:31:00,EXEL,21.899999618530273,21.899999618530273,21.899999618530273,21.899999618530273,21.899999618530273,645.0
2024-07-03 12:31:00,EYPT,8.670000076293945,8.670000076293945,8.670000076293945,8.640000343322754,8.640000343322754,400.0
2024-07-03 12:31:00,FATE,3.1549999713897705,3.1549999713897705,3.1549999713897705,3.1549999713897705,3.1549999713897705,2451.0
2024-07-03 12:31:00,FDMT,20.857500076293945,20.857500076293945,20.8799991607666,20.857500076293945,20.8799991607666,1256.0
2024-07-03 12:31:00,FEMY,1.100100040435791,1.100100040435791,1.100100040435791,1.100100040435791,1.100100040435791,557.0
2024-07-03 12:31:00,FENC,6.004000186920166,6.004000186920166,6.004000186920166,6.004000186920166,6.004000186920166,1452.0
2024-07-03 12:31:00,FGEN,0.7135000228881836,0.7135000228881836,0.7135000228881836,0.7124999761581421,0.7124999761581421,5504.0
2024-07-03 12:31:00,FHTX,5.559999942779541,5.559999942779541,5.559999942779541,5.559999942779541,5.559999942779541,595.0
2024-07-03 12:31:00,FOLD,9.869999885559082,9.869999885559082,9.869999885559082,9.869999885559082,9.869999885559082,2317.0
2024-07-03 12:31:00,FULC,6.139999866485596,6.139999866485596,6.139999866485596,6.135000228881836,6.135000228881836,596.0
2024-07-03 12:31:00,GANX,1.1399999856948853,1.1399999856948853,1.149899959564209,1.1399999856948853,1.149899959564209,5000.0
2024-07-03 12:31:00,GDRX,7.789999961853027,7.789999961853027,7.789999961853027,7.789999961853027,7.789999961853027,857.0
2024-07-03 12:31:00,GERN,4.324999809265137,4.324999809265137,4.324999809265137,4.324999809265137,4.324999809265137,2311.0
2024-07-03 12:31:00,GILD,66.86000061035156,66.86000061035156,66.87000274658203,66.8550033569336,66.86000061035156,6160.0
2024-07-03 12:31:00,GLSI,16.764999389648438,16.764999389648438,16.764999389648438,16.764999389648438,16.764999389648438,0.0
2024-07-03 12:31:00,GLYC,0.27790001034736633,0.27790001034736633,0.27790001034736633,0.27790001034736633,0.27790001034736633,300.0
2024-07-03 12:31:00,GMAB,25.166000366210938,25.166000366210938,25.166000366210938,25.166000366210938,25.166000366210938,933.0
2024-07-03 12:31:00,GRFS,6.675000190734863,6.675000190734863,6.675000190734863,6.675000190734863,6.675000190734863,737.0
2024-07-03 12:31:00,GRTS,0.5745999813079834,0.5745999813079834,0.5769000053405762,0.5745999813079834,0.5745999813079834,1937.0
2024-07-03 12:31:00,HALO,52.28499984741211,52.28499984741211,52.33000183105469,52.28499984741211,52.32500076293945,4435.0
2024-07-03 12:31:00,HCAT,6.179999828338623,6.179999828338623,6.179999828338623,6.179999828338623,6.179999828338623,200.0
2024-07-03 12:31:00,HCM,17.577499389648438,17.577499389648438,17.59000015258789,17.565000534057617,17.565000534057617,1977.0
2024-07-03 12:31:00,HCSG,10.694999694824219,10.694999694824219,10.694999694824219,10.694999694824219,10.694999694824219,102.0
2024-07-03 12:31:00,HITI,2.1301000118255615,2.1301000118255615,2.1301000118255615,2.1301000118255615,2.1301000118255615,283.0
2024-07-03 12:31:00,HOLX,73.23500061035156,73.23500061035156,73.25,73.22000122070312,73.23999786376953,8971.0
2024-07-03 12:31:00,HOWL,2.0399999618530273,2.0399999618530273,2.0399999618530273,2.0399999618530273,2.0399999618530273,1166.0
2024-07-03 12:31:00,HQY,83.79000091552734,83.79000091552734,83.79000091552734,83.63999938964844,83.63999938964844,1872.0
2024-07-03 12:31:00,HRMY,30.700000762939453,30.700000762939453,30.700000762939453,30.700000762939453,30.700000762939453,824.0
2024-07-03 12:31:00,HROW,21.5049991607666,21.5049991607666,21.530000686645508,21.5049991607666,21.530000686645508,698.0
2024-07-03 12:31:00,HRTX,2.7200000286102295,2.7200000286102295,2.7298998832702637,2.7200000286102295,2.7298998832702637,2735.0
2024-07-03 12:31:00,HSIC,65.05750274658203,65.05750274658203,65.08000183105469,65.05750274658203,65.08000183105469,676.0
2024-07-03 12:31:00,HUMA,5.779799938201904,5.779799938201904,5.784999847412109,5.769999980926514,5.780099868774414,9699.0
2024-07-03 12:31:00,IART,28.53499984741211,28.53499984741211,28.549999237060547,28.53499984741211,28.54800033569336,2887.0
2024-07-03 12:31:00,IBRX,6.269999980926514,6.269999980926514,6.275000095367432,6.269999980926514,6.269999980926514,3432.0
2024-07-03 12:31:00,ICAD,1.2300000190734863,1.2300000190734863,1.2300000190734863,1.2300000190734863,1.2300000190734863,146.0
2024-07-03 12:31:00,ICLR,318.32000732421875,318.32000732421875,318.32000732421875,318.30499267578125,318.30499267578125,498.0
2024-07-03 12:31:00,IDXX,477.8550109863281,477.8550109863281,477.9800109863281,477.6099853515625,477.9800109863281,5888.0
2024-07-03 12:31:00,IFRX,1.6399999856948853,1.6399999856948853,1.6399999856948853,1.6399999856948853,1.6399999856948853,270.0
2024-07-03 12:31:00,IKNA,1.6399999856948853,1.6399999856948853,1.6399999856948853,1.6399999856948853,1.6399999856948853,130.0
2024-07-03 12:31:00,IKT,1.184999942779541,1.184999942779541,1.190000057220459,1.159999966621399,1.159999966621399,18592.0
2024-07-03 12:31:00,ILMN,105.6050033569336,105.6050033569336,105.6050033569336,105.56999969482422,105.56999969482422,1771.0
2024-07-03 12:31:00,IMCC,0.45010000467300415,0.45010000467300415,0.45010000467300415,0.45010000467300415,0.45010000467300415,118.0
2024-07-03 12:31:00,IMCR,36.0,36.0,36.0,36.0,36.0,317.0
2024-07-03 12:31:00,IMMP,2.0201001167297363,2.0201001167297363,2.0201001167297363,2.0201001167297363,2.0201001167297363,1000.0
2024-07-03 12:31:00,IMMX,2.359999895095825,2.359999895095825,2.365000009536743,2.359999895095825,2.359999895095825,800.0
2024-07-03 12:31:00,IMNM,12.072500228881836,12.072500228881836,12.072500228881836,12.069999694824219,12.069999694824219,573.0
2024-07-03 12:31:00,IMTX,11.890000343322754,11.890000343322754,11.890000343322754,11.890000343322754,11.890000343322754,145.0
2024-07-03 12:31:00,IMVT,26.149999618530273,26.149999618530273,26.215200424194336,26.1299991607666,26.1299991607666,6301.0
2024-07-03 12:31:00,INBX,13.260000228881836,13.260000228881836,13.260000228881836,13.260000228881836,13.260000228881836,255.0
2024-07-03 12:31:00,INCY,57.63999938964844,57.63999938964844,57.65999984741211,57.630001068115234,57.630001068115234,3519.0
2024-07-03 12:31:00,INGN,8.109999656677246,8.109999656677246,8.119999885559082,8.100000381469727,8.109999656677246,2462.0
2024-07-03 12:31:00,INMD,17.56999969482422,17.56999969482422,17.56999969482422,17.56999969482422,17.56999969482422,551.0
2024-07-03 12:31:00,INO,8.380000114440918,8.380000114440918,8.380000114440918,8.380000114440918,8.380000114440918,1029.0
2024-07-03 12:31:00,INSM,62.19499969482422,62.19499969482422,62.2400016784668,62.150001525878906,62.15909957885742,7126.0
2024-07-03 12:31:00,INVA,16.315000534057617,16.315000534057617,16.315000534057617,16.315000534057617,16.315000534057617,306.0
2024-07-03 12:31:00,INZY,4.465000152587891,4.465000152587891,4.465000152587891,4.465000152587891,4.465000152587891,251.0
2024-07-03 12:31:00,IONS,45.29999923706055,45.29999923706055,45.29999923706055,45.22999954223633,45.255001068115234,2959.0
2024-07-03 12:31:00,IOVA,7.400100231170654,7.400100231170654,7.414999961853027,7.394999980926514,7.414999961853027,35476.0
2024-07-03 12:31:00,IRTC,96.13999938964844,96.13999938964844,96.19999694824219,95.51499938964844,95.51499938964844,4850.0
2024-07-03 12:31:00,IRWD,6.119999885559082,6.119999885559082,6.125,6.119999885559082,6.119999885559082,1941.0
2024-07-03 12:31:00,ISRG,434.2099914550781,434.2099914550781,434.2799987792969,434.0899963378906,434.2349853515625,3178.0
2024-07-03 12:31:00,JANX,38.290000915527344,38.290000915527344,38.36000061035156,38.290000915527344,38.36000061035156,953.0
2024-07-03 12:31:00,KNSA,18.815000534057617,18.815000534057617,18.815000534057617,18.815000534057617,18.815000534057617,398.0
2024-07-03 12:31:00,KRYS,176.52499389648438,176.52499389648438,176.69000244140625,176.52499389648438,176.69000244140625,980.0
2024-07-03 12:31:00,KTRA,0.2759999930858612,0.2759999930858612,0.2759999930858612,0.2750000059604645,0.2750999927520752,29247.0
2024-07-03 12:31:00,KYMR,30.09000015258789,30.09000015258789,30.09000015258789,30.059999465942383,30.06999969482422,822.0
2024-07-03 12:31:00,KZIA,0.21250000596046448,0.21250000596046448,0.2150000035762787,0.21250000596046448,0.2125999927520752,8200.0
2024-07-03 12:31:00,KZR,0.578000009059906,0.578000009059906,0.578000009059906,0.578000009059906,0.578000009059906,1201.0
2024-07-03 12:31:00,LAB,1.8799999952316284,1.8799999952316284,1.8899999856948853,1.875,1.8849999904632568,94752.0
2024-07-03 12:31:00,LEGN,46.209999084472656,46.209999084472656,46.209999084472656,46.209999084472656,46.209999084472656,377.0
2024-07-03 12:31:00,LGND,82.51499938964844,82.51499938964844,82.51499938964844,82.51499938964844,82.51499938964844,1314.0
2024-07-03 12:31:00,LGVN,1.6298999786376953,1.6298999786376953,1.6298999786376953,1.6298999786376953,1.6298999786376953,101.0
2024-07-03 12:31:00,LMAT,81.20999908447266,81.20999908447266,81.20999908447266,81.20999908447266,81.20999908447266,278.0
2024-07-03 12:31:00,LNTH,79.75499725341797,79.75499725341797,79.79000091552734,79.63500213623047,79.68000030517578,7310.0
2024-07-03 12:31:00,LQDA,11.979999542236328,11.979999542236328,11.979999542236328,11.979999542236328,11.979999542236328,845.0
2024-07-03 12:31:00,LUCY,0.4641999900341034,0.4641999900341034,0.4643000066280365,0.4641999900341034,0.4643000066280365,20429.0
2024-07-03 12:31:00,LXRX,1.6100000143051147,1.6100000143051147,1.6200000047683716,1.6100000143051147,1.6200000047683716,2053.0
2024-07-03 12:31:00,LYEL,1.5299999713897705,1.5299999713897705,1.5299999713897705,1.5299999713897705,1.5299999713897705,1488.0
2024-07-03 12:31:00,LYRA,0.2856999933719635,0.2856999933719635,0.2856999933719635,0.2856999933719635,0.2856999933719635,202.0
2024-07-03 12:31:00,MASS,4.902500152587891,4.902500152587891,4.909999847412109,4.900000095367432,4.900000095367432,2428.0
2024-07-03 12:31:00,MBIO,0.4973999857902527,0.4973999857902527,0.4973999857902527,0.4973999857902527,0.4973999857902527,1000.0
2024-07-03 12:31:00,MCRB,0.7333999872207642,0.7333999872207642,0.7333999872207642,0.7333999872207642,0.7333999872207642,1301.0
2024-07-03 12:31:00,MDWD,14.649999618530273,14.649999618530273,14.649999618530273,14.649999618530273,14.649999618530273,3046.0
2024-07-03 12:31:00,MDXG,6.78000020980835,6.78000020980835,6.78000020980835,6.775000095367432,6.78000020980835,2243.0
2024-07-03 12:31:00,ME,0.4090000092983246,0.4090000092983246,0.4090000092983246,0.4090000092983246,0.4090000092983246,300.0
2024-07-03 12:31:00,MGTX,3.950000047683716,3.950000047683716,3.950000047683716,3.950000047683716,3.950000047683716,125.0
2024-07-03 12:31:00,MIRM,33.79999923706055,33.79999923706055,33.810001373291016,33.79999923706055,33.810001373291016,1158.0
2024-07-03 12:31:00,MNKD,5.014999866485596,5.014999866485596,5.014999866485596,5.014999866485596,5.014999866485596,1857.0
2024-07-03 12:31:00,MNMD,7.175000190734863,7.175000190734863,7.175000190734863,7.175000190734863,7.175000190734863,369.0
2024-07-03 12:31:00,MORF,31.799999237060547,31.799999237060547,31.799999237060547,31.799999237060547,31.799999237060547,2253.0
2024-07-03 12:31:00,MREO,3.5450000762939453,3.5450000762939453,3.5450000762939453,3.5250000953674316,3.5299999713897705,2908.0
2024-07-03 12:31:00,MRNA,116.19999694824219,116.19999694824219,116.19999694824219,116.04000091552734,116.04000091552734,8654.0
2024-07-03 12:31:00,MRNS,1.2050000429153442,1.2050000429153442,1.2100000381469727,1.2050000429153442,1.2100000381469727,1029.0
2024-07-03 12:31:00,MRSN,1.8450000286102295,1.8450000286102295,1.850000023841858,1.8450000286102295,1.850000023841858,813.0
2024-07-03 12:31:00,MRUS,52.68000030517578,52.68000030517578,52.68000030517578,52.63999938964844,52.650001525878906,2135.0
2024-07-03 12:31:00,MRVI,7.010000228881836,7.010000228881836,7.014999866485596,7.010000228881836,7.014999866485596,587.0
2024-07-03 12:31:00,MXCT,3.7049999237060547,3.7049999237060547,3.7049999237060547,3.700000047683716,3.7049999237060547,771.0
2024-07-03 12:31:00,MYGN,24.954999923706055,24.954999923706055,24.979999542236328,24.954999923706055,24.979999542236328,923.0
2024-07-03 12:31:00,NARI,49.69499969482422,49.69499969482422,49.724998474121094,49.68000030517578,49.724998474121094,4190.0
2024-07-03 12:31:00,NBIX,138.2100067138672,138.2100067138672,138.2100067138672,138.2100067138672,138.2100067138672,295.0
2024-07-03 12:31:00,NDRA,0.09220000356435776,0.09220000356435776,0.09220000356435776,0.09189999848604202,0.09189999848604202,35152.0
2024-07-03 12:31:00,NEO,13.729999542236328,13.729999542236328,13.729999542236328,13.729999542236328,13.729999542236328,579.0
2024-07-03 12:31:00,NEOG,15.130000114440918,15.130000114440918,15.130000114440918,15.130000114440918,15.130000114440918,797.0
2024-07-03 12:31:00,NKTR,1.274999976158142,1.274999976158142,1.2799999713897705,1.274999976158142,1.274999976158142,5185.0
2024-07-03 12:31:00,NKTX,5.324999809265137,5.324999809265137,5.329999923706055,5.324999809265137,5.329999923706055,1473.0
2024-07-03 12:31:00,NRC,22.950000762939453,22.950000762939453,22.969999313354492,22.950000762939453,22.969999313354492,1357.0
2024-07-03 12:31:00,NTLA,22.760000228881836,22.760000228881836,22.770000457763672,22.760000228881836,22.760000228881836,2553.0
2024-07-03 12:31:00,NTRA,111.79000091552734,111.79000091552734,111.79000091552734,111.77999877929688,111.77999877929688,1258.0
2024-07-03 12:31:00,NUWE,3.869999885559082,3.869999885559082,3.918100118637085,3.799999952316284,3.799999952316284,1522.0
2024-07-03 12:31:00,NVAX,12.545000076293945,12.545000076293945,12.5600004196167,12.545000076293945,12.5600004196167,3226.0
2024-07-03 12:31:00,NVCR,16.700000762939453,16.700000762939453,16.704999923706055,16.690000534057617,16.704999923706055,2760.0
2024-07-03 12:31:00,NXL,1.4259999990463257,1.4259999990463257,1.4259999990463257,1.4259999990463257,1.4259999990463257,122.0
2024-07-03 12:31:00,OCGN,1.625,1.625,1.625,1.6105999946594238,1.6150000095367432,29810.0
2024-07-03 12:31:00,OCUL,6.65500020980835,6.65500020980835,6.65500020980835,6.65500020980835,6.65500020980835,1925.0
2024-07-03 12:31:00,OFIX,13.5,13.5,13.5,13.489999771118164,13.5,964.0
2024-07-03 12:31:00,OLMA,10.46500015258789,10.46500015258789,10.46500015258789,10.46500015258789,10.46500015258789,5.0
2024-07-03 12:31:00,OM,3.869999885559082,3.869999885559082,3.875,3.869999885559082,3.869999885559082,4553.0
2024-07-03 12:31:00,OMCL,26.6200008392334,26.6200008392334,26.6200008392334,26.6200008392334,26.6200008392334,892.0
2024-07-03 12:32:00,ABCL,2.7149999141693115,2.7149999141693115,2.7149999141693115,2.7149999141693115,2.7149999141693115,314.0
2024-07-03 12:32:00,ABEO,4.329999923706055,4.329999923706055,4.329999923706055,4.329999923706055,4.329999923706055,723.0
2024-07-03 12:32:00,ABIO,3.5399999618530273,3.5399999618530273,3.5399999618530273,3.5399999618530273,3.5399999618530273,2754.0
2024-07-03 12:32:00,ABSI,3.194999933242798,3.194999933242798,3.194999933242798,3.194999933242798,3.194999933242798,1146.0
2024-07-03 12:32:00,ABUS,3.1449999809265137,3.1449999809265137,3.1500000953674316,3.1449999809265137,3.1500000953674316,3311.0
2024-07-03 12:32:00,ABVC,0.7509999871253967,0.7509999871253967,0.7529000043869019,0.7297000288963318,0.7297000288963318,6460.0
2024-07-03 12:32:00,ACAD,15.569999694824219,15.569999694824219,15.579999923706055,15.5600004196167,15.5600004196167,1973.0
2024-07-03 12:32:00,ACB,4.92140007019043,4.92140007019043,4.921500205993652,4.920000076293945,4.921500205993652,1773.0
2024-07-03 12:32:00,ACCD,3.6600000858306885,3.6600000858306885,3.6712000370025635,3.6600000858306885,3.6712000370025635,3248.0
2024-07-03 12:32:00,ACET,1.0800000429153442,1.0800000429153442,1.0850000381469727,1.0800000429153442,1.0800000429153442,923.0
2024-07-03 12:32:00,ACHC,66.78500366210938,66.78500366210938,66.81999969482422,66.77999877929688,66.81999969482422,960.0
2024-07-03 12:32:00,ACLX,54.40999984741211,54.40999984741211,54.470001220703125,54.369998931884766,54.470001220703125,2275.0
2024-07-03 12:32:00,ACRS,1.149999976158142,1.149999976158142,1.149999976158142,1.149999976158142,1.149999976158142,800.0
2024-07-03 12:32:00,ADAP,1.0099999904632568,1.0099999904632568,1.0099999904632568,1.0099999904632568,1.0099999904632568,1016.0
2024-07-03 12:32:00,ADMA,11.194999694824219,11.194999694824219,11.199999809265137,11.1850004196167,11.194999694824219,9256.0
2024-07-03 12:32:00,ADPT,3.4200000762939453,3.4200000762939453,3.4200000762939453,3.4200000762939453,3.4200000762939453,264.0
2024-07-03 12:32:00,AGEN,14.25,14.25,14.25,14.25,14.25,319.0
2024-07-03 12:32:00,AGIO,41.8650016784668,41.8650016784668,41.8650016784668,41.8650016784668,41.8650016784668,282.0
2024-07-03 12:32:00,AHCO,9.78499984741211,9.78499984741211,9.78499984741211,9.78499984741211,9.78499984741211,620.0
2024-07-03 12:32:00,AIMD,0.9282000064849854,0.9282000064849854,0.9290000200271606,0.9107999801635742,0.9107999801635742,4907.0
2024-07-03 12:32:00,AKYA,2.119999885559082,2.119999885559082,2.119999885559082,2.119999885559082,2.119999885559082,100.0
2024-07-03 12:32:00,ALDX,3.1800999641418457,3.1800999641418457,3.1800999641418457,3.1800999641418457,3.1800999641418457,192.0
2024-07-03 12:32:00,ALEC,4.420000076293945,4.420000076293945,4.420000076293945,4.409999847412109,4.414999961853027,3624.0
2024-07-03 12:32:00,ALGN,242.8800048828125,242.8800048828125,242.8800048828125,242.7899932861328,242.7899932861328,687.0
2024-07-03 12:32:00,ALGS,0.4250999987125397,0.4250999987125397,0.4251999855041504,0.4250999987125397,0.4250999987125397,1134.0
2024-07-03 12:32:00,ALHC,8.079999923706055,8.079999923706055,8.079999923706055,8.079999923706055,8.079999923706055,201.0
2024-07-03 12:32:00,ALIM,5.525000095367432,5.525000095367432,5.525000095367432,5.525000095367432,5.525000095367432,200.0
2024-07-03 12:32:00,ALLK,0.829800009727478,0.829800009727478,0.829800009727478,0.829800009727478,0.829800009727478,200.0
2024-07-03 12:32:00,ALLO,2.0850000381469727,2.0850000381469727,2.0950000286102295,2.0799999237060547,2.0899999141693115,151579.0
2024-07-03 12:32:00,ALLR,0.2029999941587448,0.2029999941587448,0.20559999346733093,0.2029999941587448,0.2029999941587448,15352.0
2024-07-03 12:32:00,ALNY,246.22999572753906,246.22999572753906,246.24000549316406,246.2100067138672,246.2100067138672,1861.0
2024-07-03 12:32:00,ALT,6.639999866485596,6.639999866485596,6.644999980926514,6.630000114440918,6.644999980926514,11792.0
2024-07-03 12:32:00,ALVO,12.1899995803833,12.1899995803833,12.220000267028809,12.1899995803833,12.199999809265137,11782.0
2024-07-03 12:32:00,ALXO,5.684999942779541,5.684999942779541,5.684999942779541,5.684999942779541,5.684999942779541,540.0
2024-07-03 12:32:00,AMGN,307.260009765625,307.260009765625,307.2699890136719,307.17999267578125,307.2699890136719,5228.0
2024-07-03 12:32:00,AMPH,38.08000183105469,38.08000183105469,38.08000183105469,38.08000183105469,38.08000183105469,289.0
2024-07-03 12:32:00,AMRN,0.6861000061035156,0.6861000061035156,0.692799985408783,0.6861000061035156,0.690500020980835,52543.0
2024-07-03 12:32:00,ANAB,25.0,25.0,25.0,25.0,25.0,475.0
2024-07-03 12:32:00,ANIP,60.81999969482422,60.81999969482422,60.83000183105469,60.7400016784668,60.7400016784668,4451.0
2024-07-03 12:32:00,ANNX,4.764999866485596,4.764999866485596,4.764999866485596,4.764900207519531,4.764999866485596,2652.0
2024-07-03 12:32:00,ANTX,2.5896999835968018,2.5896999835968018,2.5896999835968018,2.5799999237060547,2.5799999237060547,2516.0
2024-07-03 12:32:00,APDN,0.3898000121116638,0.3898000121116638,0.3898000121116638,0.38499999046325684,0.38600000739097595,4164.0
2024-07-03 12:32:00,APLS,35.209999084472656,35.209999084472656,35.2400016784668,35.209999084472656,35.22999954223633,3532.0
2024-07-03 12:32:00,APLT,4.349999904632568,4.349999904632568,4.355000019073486,4.349999904632568,4.355000019073486,2061.0
2024-07-03 12:32:00,APYX,1.3300000429153442,1.3300000429153442,1.3300000429153442,1.3300000429153442,1.3300000429153442,575.0
2024-07-03 12:32:00,AQST,2.4149999618530273,2.4149999618530273,2.4149999618530273,2.4100000858306885,2.4100000858306885,1655.0
2024-07-03 12:32:00,ARCT,21.825000762939453,21.825000762939453,21.940000534057617,21.81999969482422,21.940000534057617,4217.0
2024-07-03 12:32:00,ARDX,5.300000190734863,5.300000190734863,5.304999828338623,5.295000076293945,5.295000076293945,95854.0
2024-07-03 12:32:00,ARQT,9.5600004196167,9.5600004196167,9.59000015258789,9.550000190734863,9.585000038146973,8325.0
2024-07-03 12:32:00,ARWR,25.100000381469727,25.100000381469727,25.110000610351562,25.100000381469727,25.110000610351562,653.0
2024-07-03 12:32:00,ASRT,1.3394999504089355,1.3394999504089355,1.3394999504089355,1.3394999504089355,1.3394999504089355,384.0
2024-07-03 12:32:00,ATEC,10.029999732971191,10.029999732971191,10.029999732971191,10.015000343322754,10.024999618530273,2845.0
2024-07-03 12:32:00,ATHE,1.7756999731063843,1.7756999731063843,1.7899999618530273,1.7756999731063843,1.7899999618530273,2156.0
2024-07-03 12:32:00,ATOS,1.1649999618530273,1.1649999618530273,1.1649999618530273,1.1607999801635742,1.1607999801635742,5818.0
2024-07-03 12:32:00,ATRC,22.385000228881836,22.385000228881836,22.385000228881836,22.3700008392334,22.3700008392334,1221.0
2024-07-03 12:32:00,ATXS,9.055000305175781,9.055000305175781,9.0649995803833,9.050000190734863,9.050000190734863,1485.0
2024-07-03 12:32:00,AUPH,5.474999904632568,5.474999904632568,5.474999904632568,5.474999904632568,5.474999904632568,1415.0
2024-07-03 12:32:00,AUTL,3.4749999046325684,3.4749999046325684,3.4800000190734863,3.4749999046325684,3.4749999046325684,3490.0
2024-07-03 12:32:00,AVAH,2.6600000858306885,2.6600000858306885,2.6600000858306885,2.6600000858306885,2.6600000858306885,206.0
2024-07-03 12:32:00,AVDL,14.489999771118164,14.489999771118164,14.5,14.489999771118164,14.489999771118164,2077.0
2024-07-03 12:32:00,AVGR,1.7899999618530273,1.7899999618530273,1.7999999523162842,1.7899999618530273,1.7999999523162842,664.0
2024-07-03 12:32:00,AVIR,3.2799999713897705,3.2799999713897705,3.2899999618530273,3.2799999713897705,3.2899999618530273,598.0
2024-07-03 12:32:00,AVTE,1.684999942779541,1.684999942779541,1.684999942779541,1.684999942779541,1.684999942779541,200.0
2024-07-03 12:32:00,AVXL,4.119999885559082,4.119999885559082,4.139999866485596,4.119999885559082,4.139999866485596,2541.0
2024-07-03 12:32:00,AWH,1.0099999904632568,1.0099999904632568,1.0099999904632568,1.0099999904632568,1.0099999904632568,1400.0
2024-07-03 12:32:00,AXNX,67.5199966430664,67.5199966430664,67.5199966430664,67.5199966430664,67.5199966430664,221.0
2024-07-03 12:32:00,AXSM,80.05999755859375,80.05999755859375,80.05999755859375,79.98999786376953,79.98999786376953,3141.0
2024-07-03 12:32:00,AZN,76.76499938964844,76.76499938964844,76.77909851074219,76.76499938964844,76.7699966430664,3473.0
2024-07-03 12:32:00,BBIO,25.360000610351562,25.360000610351562,25.360000610351562,25.360000610351562,25.360000610351562,1463.0
2024-07-03 12:32:00,BCAB,1.3949999809265137,1.3949999809265137,1.399999976158142,1.3949999809265137,1.399999976158142,4239.0
2024-07-03 12:32:00,BCDA,3.049999952316284,3.049999952316284,3.049999952316284,3.049999952316284,3.049999952316284,850.0
2024-07-03 12:32:00,BCLI,0.34459999203681946,0.34459999203681946,0.34459999203681946,0.34459999203681946,0.34459999203681946,3503.0
2024-07-03 12:32:00,BCRX,6.454999923706055,6.454999923706055,6.454999923706055,6.454999923706055,6.454999923706055,1989.0
2024-07-03 12:32:00,BCYC,19.700000762939453,19.700000762939453,19.700000762939453,19.700000762939453,19.700000762939453,315.0
2024-07-03 12:32:00,BDTX,4.360000133514404,4.360000133514404,4.360000133514404,4.349999904632568,4.350100040435791,4235.0
2024-07-03 12:32:00,BEAM,23.56999969482422,23.56999969482422,23.610000610351562,23.56999969482422,23.610000610351562,4733.0
2024-07-03 12:32:00,BEAT,2.7750000953674316,2.7750000953674316,2.778599977493286,2.7750000953674316,2.7780001163482666,506.0
2024-07-03 12:32:00,BGNE,148.33999633789062,148.33999633789062,148.33999633789062,148.33999633789062,148.33999633789062,1515.0
2024-07-03 12:32:00,BGXX,0.2669999897480011,0.2669999897480011,0.2669999897480011,0.2669999897480011,0.2669999897480011,668.0
2024-07-03 12:32:00,BIIB,223.69000244140625,223.69000244140625,223.69000244140625,223.5399932861328,223.5800018310547,2831.0
2024-07-03 12:32:00,BIOR,0.6348999738693237,0.6348999738693237,0.6348999738693237,0.6299999952316284,0.6299999952316284,1313.0
2024-07-03 12:32:00,BIVI,0.41510000824928284,0.41510000824928284,0.41510000824928284,0.41510000824928284,0.41510000824928284,527.0
2024-07-03 12:32:00,BLRX,0.510699987411499,0.510699987411499,0.510699987411499,0.510699987411499,0.510699987411499,1700.0
2024-07-03 12:32:00,BLUE,0.9174000024795532,0.9174000024795532,0.917900025844574,0.9174000024795532,0.9175999760627747,15078.0
2024-07-03 12:32:00,BMRA,0.4472000002861023,0.4472000002861023,0.4472000002861023,0.4472000002861023,0.4472000002861023,409.0
2024-07-03 12:32:00,BMRN,80.82499694824219,80.82499694824219,80.83999633789062,80.81999969482422,80.81999969482422,2511.0
2024-07-03 12:32:00,BNTX,80.5199966430664,80.5199966430664,80.58499908447266,80.5199966430664,80.56999969482422,2526.0
2024-07-03 12:32:00,BPMC,110.82499694824219,110.82499694824219,110.87999725341797,110.82499694824219,110.87999725341797,1927.0
2024-07-03 12:32:00,BRKR,61.599998474121094,61.599998474121094,61.599998474121094,61.560001373291016,61.560001373291016,510.0
2024-07-03 12:32:00,BTAI,1.0800000429153442,1.0800000429153442,1.0800000429153442,1.0800000429153442,1.0800000429153442,13893.0
2024-07-03 12:32:00,BTMD,7.40500020980835,7.40500020980835,7.40500020980835,7.40500020980835,7.40500020980835,2792.0
2024-07-03 12:32:00,BVS,5.980000019073486,5.980000019073486,5.980000019073486,5.980000019073486,5.980000019073486,337.0
2024-07-03 12:32:00,CABA,7.5,7.5,7.5,7.480000019073486,7.5,5506.0
2024-07-03 12:32:00,CADL,6.28000020980835,6.28000020980835,6.28000020980835,6.28000020980835,6.28000020980835,221.0
2024-07-03 12:32:00,CAPR,4.815000057220459,4.815000057220459,4.815000057220459,4.815000057220459,4.815000057220459,0.0
2024-07-03 12:32:00,CARA,0.2849999964237213,0.2849999964237213,0.2879999876022339,0.2849999964237213,0.2856000065803528,20648.0
2024-07-03 12:32:00,CASI,5.090000152587891,5.090000152587891,5.170000076293945,5.070000171661377,5.070000171661377,2725.0
2024-07-03 12:32:00,CCCC,4.565000057220459,4.565000057220459,4.565000057220459,4.550000190734863,4.554999828338623,5504.0
2024-07-03 12:32:00,CDMO,7.764999866485596,7.764999866485596,7.78000020980835,7.75,7.764999866485596,3487.0
2024-07-03 12:32:00,CDNA,15.09000015258789,15.09000015258789,15.09000015258789,15.09000015258789,15.09000015258789,967.0
2024-07-03 12:32:00,CDXS,2.869999885559082,2.869999885559082,2.880000114440918,2.859999895095825,2.880000114440918,5168.0
2024-07-03 12:32:00,CELC,16.229999542236328,16.229999542236328,16.229999542236328,16.229999542236328,16.229999542236328,254.0
2024-07-03 12:32:00,CERE,40.349998474121094,40.349998474121094,40.36000061035156,40.31999969482422,40.349998474121094,6995.0
2024-07-03 12:32:00,CERS,1.715000033378601,1.715000033378601,1.715000033378601,1.7100000381469727,1.7100000381469727,700.0
2024-07-03 12:32:00,CERT,13.744999885559082,13.744999885559082,13.744999885559082,13.744999885559082,13.744999885559082,458.0
2024-07-03 12:32:00,CGC,6.589900016784668,6.589900016784668,6.590000152587891,6.585000038146973,6.590000152587891,794.0
2024-07-03 12:32:00,CGEM,16.674999237060547,16.674999237060547,16.719999313354492,16.649999618530273,16.719999313354492,3144.0
2024-07-03 12:32:00,CGEN,1.6799999475479126,1.6799999475479126,1.6799999475479126,1.6799999475479126,1.6799999475479126,1317.0
2024-07-03 12:32:00,CHRS,1.3884999752044678,1.3884999752044678,1.3884999752044678,1.3849999904632568,1.3849999904632568,1785.0
2024-07-03 12:32:00,CING,0.3617999851703644,0.3617999851703644,0.3671000003814697,0.36010000109672546,0.3668999969959259,19652.0
2024-07-03 12:32:00,CLDX,36.099998474121094,36.099998474121094,36.099998474121094,36.099998474121094,36.099998474121094,1032.0
2024-07-03 12:32:00,CLOV,1.2549999952316284,1.2549999952316284,1.2549999952316284,1.2549999952316284,1.2549999952316284,139.0
2024-07-03 12:32:00,CLRB,2.45989990234375,2.45989990234375,2.45989990234375,2.45989990234375,2.45989990234375,353.0
2024-07-03 12:32:00,CMPS,6.25,6.25,6.269999980926514,6.25,6.269999980926514,3358.0
2024-07-03 12:32:00,CMPX,0.8399999737739563,0.8399999737739563,0.8510000109672546,0.8399999737739563,0.8510000109672546,18998.0
2024-07-03 12:32:00,CMRX,0.8632000088691711,0.8632000088691711,0.8632000088691711,0.8632000088691711,0.8632000088691711,169.0
2024-07-03 12:32:00,CNSP,1.4500000476837158,1.4500000476837158,1.4500000476837158,1.4311000108718872,1.440000057220459,9065.0
2024-07-03 12:32:00,CNTA,8.6899995803833,8.6899995803833,8.6899995803833,8.659700393676758,8.664999961853027,5188.0
2024-07-03 12:32:00,CNTX,1.7699999809265137,1.7699999809265137,1.7699999809265137,1.7699999809265137,1.7699999809265137,1114.0
2024-07-03 12:32:00,COGT,8.329999923706055,8.329999923706055,8.329999923706055,8.329999923706055,8.329999923706055,813.0
2024-07-03 12:32:00,COLL,32.45000076293945,32.45000076293945,32.45000076293945,32.45000076293945,32.45000076293945,224.0
2024-07-03 12:32:00,CORT,30.360000610351562,30.360000610351562,30.360000610351562,30.360000610351562,30.360000610351562,133.0
2024-07-03 12:32:00,COSM,0.9100000262260437,0.9100000262260437,0.9100000262260437,0.9099000096321106,0.9099000096321106,843.0
2024-07-03 12:32:00,CRBP,50.17499923706055,50.17499923706055,50.17499923706055,50.17499923706055,50.17499923706055,1380.0
2024-07-03 12:32:00,CRBU,1.559999942779541,1.559999942779541,1.5686999559402466,1.559999942779541,1.565000057220459,5596.0
2024-07-03 12:32:00,CRMD,4.144999980926514,4.144999980926514,4.144999980926514,4.144999980926514,4.144999980926514,101.0
2024-07-03 12:32:00,CRSP,53.689998626708984,53.689998626708984,53.790000915527344,53.689998626708984,53.790000915527344,1367.0
2024-07-03 12:32:00,CTKB,5.619999885559082,5.619999885559082,5.619999885559082,5.619999885559082,5.619999885559082,1300.0
2024-07-03 12:32:00,CTMX,1.3049999475479126,1.3049999475479126,1.3049999475479126,1.2999999523162842,1.2999999523162842,14001.0
2024-07-03 12:32:00,CTXR,0.5009999871253967,0.5009999871253967,0.5009999871253967,0.5009999871253967,0.5009999871253967,220.0
2024-07-03 12:32:00,CUE,0.9828000068664551,0.9828000068664551,0.9828000068664551,0.9828000068664551,0.9828000068664551,1200.0
2024-07-03 12:32:00,CVAC,3.2300000190734863,3.2300000190734863,3.240000009536743,3.2200000286102295,3.234999895095825,28055.0
2024-07-03 12:32:00,CYTK,54.25,54.25,54.349998474121094,54.25,54.34000015258789,2856.0
2024-07-03 12:32:00,DARE,3.0620999336242676,3.0620999336242676,3.0620999336242676,3.049999952316284,3.059999942779541,1474.0
2024-07-03 12:32:00,DAWN,13.380000114440918,13.380000114440918,13.40999984741211,13.380000114440918,13.40999984741211,1824.0
2024-07-03 12:32:00,DH,5.394999980926514,5.394999980926514,5.394999980926514,5.394999980926514,5.394999980926514,512.0
2024-07-03 12:32:00,DNLI,21.440000534057617,21.440000534057617,21.470600128173828,21.440000534057617,21.45400047302246,2407.0
2024-07-03 12:32:00,DSGN,3.305000066757202,3.305000066757202,3.305000066757202,3.305000066757202,3.305000066757202,601.0
2024-07-03 12:32:00,DVAX,11.09000015258789,11.09000015258789,11.09000015258789,11.09000015258789,11.09000015258789,302.0
2024-07-03 12:32:00,DXCM,111.0999984741211,111.0999984741211,111.1240005493164,111.0999984741211,111.1240005493164,2521.0
2024-07-03 12:32:00,DYN,33.880001068115234,33.880001068115234,33.98899841308594,33.880001068115234,33.98899841308594,1592.0
2024-07-03 12:32:00,EDIT,4.625,4.625,4.625,4.614999771118164,4.619999885559082,11560.0
2024-07-03 12:32:00,ELEV,2.625,2.625,2.625,2.625,2.625,263.0
2024-07-03 12:32:00,ENSG,126.81999969482422,126.81999969482422,126.81999969482422,126.71499633789062,126.71499633789062,776.0
2024-07-03 12:32:00,ENVB,0.5097000002861023,0.5097000002861023,0.5097000002861023,0.5097000002861023,0.5097000002861023,3143.0
2024-07-03 12:32:00,ESPR,2.365000009536743,2.365000009536743,2.375,2.365000009536743,2.365000009536743,333252.0
2024-07-03 12:32:00,ETNB,7.489999771118164,7.489999771118164,7.489999771118164,7.489999771118164,7.489999771118164,1100.0
2024-07-03 12:32:00,EWTX,18.1299991607666,18.1299991607666,18.1299991607666,18.100000381469727,18.100000381469727,1100.0
2024-07-03 12:32:00,EXAI,5.430099964141846,5.430099964141846,5.449999809265137,5.430099964141846,5.44379997253418,657.0
2024-07-03 12:32:00,EXAS,43.20000076293945,43.20000076293945,43.209999084472656,43.17499923706055,43.18000030517578,8405.0
2024-07-03 12:32:00,EXEL,21.889999389648438,21.889999389648438,21.905000686645508,21.889999389648438,21.899999618530273,1985.0
2024-07-03 12:32:00,EYPT,8.649999618530273,8.649999618530273,8.670000076293945,8.63070011138916,8.63070011138916,3642.0
2024-07-03 12:32:00,FATE,3.1549999713897705,3.1549999713897705,3.1549999713897705,3.1549999713897705,3.1549999713897705,720.0
2024-07-03 12:32:00,FGEN,0.7174000144004822,0.7174000144004822,0.7174000144004822,0.7135000228881836,0.7135000228881836,14135.0
2024-07-03 12:32:00,FHTX,5.559999942779541,5.559999942779541,5.559999942779541,5.559999942779541,5.559999942779541,760.0
2024-07-03 12:32:00,FOLD,9.875,9.875,9.880000114440918,9.869999885559082,9.869999885559082,3885.0
2024-07-03 12:32:00,FULC,6.134500026702881,6.134500026702881,6.139999866485596,6.134500026702881,6.139999866485596,1223.0
2024-07-03 12:32:00,GANX,1.1399999856948853,1.1399999856948853,1.1449999809265137,1.1399999856948853,1.1404999494552612,3300.0
2024-07-03 12:32:00,GDRX,7.800000190734863,7.800000190734863,7.800000190734863,7.789999961853027,7.794400215148926,4396.0
2024-07-03 12:32:00,GERN,4.324999809265137,4.324999809265137,4.324999809265137,4.324999809265137,4.324999809265137,1553.0
2024-07-03 12:32:00,GH,28.280000686645508,28.280000686645508,28.31999969482422,28.280000686645508,28.31999969482422,3752.0
2024-07-03 12:32:00,GHRS,11.6899995803833,11.6899995803833,11.6899995803833,11.630000114440918,11.640000343322754,1246.0
2024-07-03 12:32:00,GILD,66.87000274658203,66.87000274658203,66.8949966430664,66.86499786376953,66.87999725341797,10005.0
2024-07-03 12:32:00,GLSI,16.764999389648438,16.764999389648438,16.764999389648438,16.764999389648438,16.764999389648438,351.0
2024-07-03 12:32:00,GLUE,3.880000114440918,3.880000114440918,3.880000114440918,3.859999895095825,3.859999895095825,578.0
2024-07-03 12:32:00,GLYC,0.27720001339912415,0.27720001339912415,0.27720001339912415,0.2770000100135803,0.2770000100135803,15978.0
2024-07-03 12:32:00,GOVX,2.859999895095825,2.859999895095825,2.859999895095825,2.8380000591278076,2.8380000591278076,1651.0
2024-07-03 12:32:00,GRFS,6.675000190734863,6.675000190734863,6.675000190734863,6.675000190734863,6.675000190734863,408.0
2024-07-03 12:32:00,GRTS,0.5769000053405762,0.5769000053405762,0.5769000053405762,0.5745999813079834,0.5745999813079834,600.0
2024-07-03 12:32:00,GTHX,2.575000047683716,2.575000047683716,2.5799999237060547,2.575000047683716,2.575000047683716,1514.0
2024-07-03 12:32:00,HALO,52.2599983215332,52.2599983215332,52.2599983215332,52.2599983215332,52.2599983215332,2691.0
2024-07-03 12:32:00,HCSG,10.675000190734863,10.675000190734863,10.6899995803833,10.675000190734863,10.6899995803833,729.0
2024-07-03 12:32:00,HLVX,14.270000457763672,14.270000457763672,14.3100004196167,14.270000457763672,14.3100004196167,885.0
2024-07-03 12:32:00,HOLX,73.18499755859375,73.18499755859375,73.19999694824219,73.18499755859375,73.19999694824219,2382.0
2024-07-03 12:32:00,HQY,83.73500061035156,83.73500061035156,83.76000213623047,83.7300033569336,83.76000213623047,1158.0
2024-07-03 12:32:00,HRMY,30.674999237060547,30.674999237060547,30.674999237060547,30.649999618530273,30.672500610351562,1255.0
2024-07-03 12:32:00,HROW,21.5,21.5,21.5,21.5,21.5,1044.0
2024-07-03 12:32:00,HRTX,2.7249999046325684,2.7249999046325684,2.7249999046325684,2.7249999046325684,2.7249999046325684,330.0
2024-07-03 12:32:00,HSIC,65.05000305175781,65.05000305175781,65.06500244140625,65.05000305175781,65.06500244140625,922.0
2024-07-03 12:32:00,HUMA,5.78000020980835,5.78000020980835,5.78000020980835,5.775000095367432,5.778600215911865,1558.0
2024-07-03 12:32:00,IART,28.540000915527344,28.540000915527344,28.540000915527344,28.540000915527344,28.540000915527344,200.0
2024-07-03 12:32:00,IBRX,6.269999980926514,6.269999980926514,6.275000095367432,6.269999980926514,6.270899772644043,1333.0
2024-07-03 12:32:00,ICLR,318.5369873046875,318.5369873046875,318.54998779296875,318.32501220703125,318.32501220703125,922.0
2024-07-03 12:32:00,IDXX,477.8550109863281,477.8550109863281,477.8550109863281,477.8550109863281,477.8550109863281,629.0
2024-07-03 12:32:00,IDYA,33.31999969482422,33.31999969482422,33.31999969482422,33.31999969482422,33.31999969482422,308.0
2024-07-03 12:32:00,IFRX,1.6399999856948853,1.6399999856948853,1.6399999856948853,1.6399999856948853,1.6399999856948853,789.0
2024-07-03 12:32:00,IKT,1.1799999475479126,1.1799999475479126,1.190000057220459,1.1799999475479126,1.190000057220459,2200.0
2024-07-03 12:32:00,ILMN,105.58000183105469,105.58000183105469,105.58000183105469,105.55000305175781,105.57499694824219,2673.0
2024-07-03 12:32:00,IMAB,1.5299999713897705,1.5299999713897705,1.5299999713897705,1.5299999713897705,1.5299999713897705,1967.0
2024-07-03 12:32:00,IMCR,36.01499938964844,36.01499938964844,36.01499938964844,36.01499938964844,36.01499938964844,125.0
2024-07-03 12:32:00,IMMP,2.0299999713897705,2.0299999713897705,2.039900064468384,2.0299999713897705,2.039900064468384,625.0
2024-07-03 12:32:00,IMMX,2.359999895095825,2.359999895095825,2.359999895095825,2.3499999046325684,2.3499999046325684,3186.0
2024-07-03 12:32:00,IMNM,12.069999694824219,12.069999694824219,12.069999694824219,12.069999694824219,12.069999694824219,279.0
2024-07-03 12:32:00,IMTX,11.869999885559082,11.869999885559082,11.899999618530273,11.869999885559082,11.899999618530273,296.0
2024-07-03 12:32:00,IMVT,26.15999984741211,26.15999984741211,26.15999984741211,26.135000228881836,26.135000228881836,1199.0
2024-07-03 12:32:00,INCY,57.65999984741211,57.65999984741211,57.66999816894531,57.63999938964844,57.63999938964844,3066.0
2024-07-03 12:32:00,INMB,7.909999847412109,7.909999847412109,7.909999847412109,7.909999847412109,7.909999847412109,161.0
2024-07-03 12:32:00,INMD,17.56999969482422,17.56999969482422,17.56999969482422,17.56999969482422,17.56999969482422,655.0
2024-07-03 12:32:00,INSM,62.19499969482422,62.19499969482422,62.19499969482422,62.19499969482422,62.19499969482422,242.0
2024-07-03 12:32:00,INVA,16.315000534057617,16.315000534057617,16.315000534057617,16.315000534057617,16.315000534057617,152.0
2024-07-03 12:32:00,IOBT,1.159999966621399,1.159999966621399,1.159999966621399,1.159999966621399,1.159999966621399,341.0
2024-07-03 12:32:00,IONS,45.2400016784668,45.2400016784668,45.28900146484375,45.21500015258789,45.279998779296875,5375.0
2024-07-03 12:32:00,IOVA,7.389999866485596,7.389999866485596,7.409999847412109,7.369999885559082,7.40500020980835,52552.0
2024-07-03 12:32:00,IRMD,44.0099983215332,44.0099983215332,44.0099983215332,44.0099983215332,44.0099983215332,2532.0
2024-07-03 12:32:00,IRTC,95.77999877929688,95.77999877929688,96.13999938964844,95.62999725341797,96.125,1863.0
2024-07-03 12:32:00,IRWD,6.114999771118164,6.114999771118164,6.125,6.114999771118164,6.125,2825.0
2024-07-03 12:32:00,ISRG,434.30999755859375,434.30999755859375,434.3299865722656,434.0899963378906,434.0899963378906,9453.0
2024-07-03 12:32:00,ITCI,68.95999908447266,68.95999908447266,69.04000091552734,68.95999908447266,69.04000091552734,863.0
2024-07-03 12:32:00,IVVD,1.0950000286102295,1.0950000286102295,1.0950000286102295,1.0950000286102295,1.0950000286102295,450.0
2024-07-03 12:32:00,JAGX,3.485300064086914,3.485300064086914,3.485300064086914,3.4818999767303467,3.4818999767303467,5242.0
2024-07-03 12:32:00,JANX,38.28499984741211,38.28499984741211,38.310001373291016,38.220001220703125,38.310001373291016,2580.0
2024-07-03 12:32:00,JAZZ,103.41000366210938,103.41000366210938,103.41000366210938,103.33999633789062,103.33999633789062,353.0
2024-07-03 12:32:00,JSPR,22.75,22.75,22.75,22.75,22.75,472.0
2024-07-03 12:32:00,KOD,2.2149999141693115,2.2149999141693115,2.2149999141693115,2.2100000381469727,2.2100000381469727,426.0
2024-07-03 12:32:00,KPTI,0.8313000202178955,0.8313000202178955,0.8313000202178955,0.8313000202178955,0.8313000202178955,653.0
2024-07-03 12:32:00,KRMD,2.5299999713897705,2.5299999713897705,2.5299999713897705,2.5299999713897705,2.5299999713897705,1148.0
2024-07-03 12:32:00,KRON,1.1419999599456787,1.1419999599456787,1.1419999599456787,1.1419999599456787,1.1419999599456787,1609.0
2024-07-03 12:32:00,KROS,42.40999984741211,42.40999984741211,42.40999984741211,42.40999984741211,42.40999984741211,379.0
2024-07-03 12:32:00,KTRA,0.2775000035762787,0.2775000035762787,0.27900001406669617,0.2768999934196472,0.2768999934196472,17915.0
2024-07-03 12:32:00,KURA,20.1299991607666,20.1299991607666,20.1299991607666,20.1299991607666,20.1299991607666,232.0
2024-07-03 12:32:00,KYMR,30.09000015258789,30.09000015258789,30.09000015258789,30.059999465942383,30.09000015258789,1182.0
2024-07-03 12:32:00,KZR,0.578000009059906,0.578000009059906,0.578000009059906,0.578000009059906,0.578000009059906,147.0
2024-07-03 12:32:00,LAB,1.8849999904632568,1.8849999904632568,1.8899999856948853,1.8799999952316284,1.8799999952316284,9307.0
2024-07-03 12:32:00,LBPH,31.889999389648438,31.889999389648438,32.08000183105469,31.889999389648438,32.08000183105469,2171.0
2024-07-03 12:32:00,LEGN,46.2599983215332,46.2599983215332,46.279998779296875,46.209999084472656,46.209999084472656,1001.0
2024-07-03 12:32:00,LFLYW,0.015799999237060547,0.015799999237060547,0.015799999237060547,0.015799999237060547,0.015799999237060547,0.0
2024-07-03 12:32:00,LFMD,6.815000057220459,6.815000057220459,6.815000057220459,6.809999942779541,6.809999942779541,2872.0
2024-07-03 12:32:00,LFST,5.114999771118164,5.114999771118164,5.114999771118164,5.114999771118164,5.114999771118164,528.0
2024-07-03 12:32:00,LNTH,79.80000305175781,79.80000305175781,79.80000305175781,79.75499725341797,79.75499725341797,834.0
2024-07-03 12:32:00,LPTX,1.840000033378601,1.840000033378601,1.840000033378601,1.8300000429153442,1.8300000429153442,875.0
2024-07-03 12:32:00,LQDA,11.979999542236328,11.979999542236328,11.979999542236328,11.979999542236328,11.979999542236328,445.0
2024-07-03 12:32:00,LRMR,7.710000038146973,7.710000038146973,7.71999979019165,7.710000038146973,7.71999979019165,1639.0
2024-07-03 12:32:00,LTRN,4.394999980926514,4.394999980926514,4.394999980926514,4.309999942779541,4.309999942779541,2744.0
2024-07-03 12:32:00,LUNG,6.320000171661377,6.320000171661377,6.324999809265137,6.309999942779541,6.324999809265137,1277.0
2024-07-03 12:32:00,LXRX,1.6100000143051147,1.6100000143051147,1.6150000095367432,1.6100000143051147,1.6150000095367432,1189.0
2024-07-03 12:32:00,LYEL,1.524999976158142,1.524999976158142,1.524999976158142,1.524999976158142,1.524999976158142,498.0
2024-07-03 12:32:00,LYRA,0.2856999933719635,0.2856999933719635,0.2856999933719635,0.2856999933719635,0.2856999933719635,123.0
2024-07-03 12:32:00,MASI,114.16999816894531,114.16999816894531,114.16999816894531,114.16999816894531,114.16999816894531,150.0
2024-07-03 12:32:00,MASS,4.900000095367432,4.900000095367432,4.900000095367432,4.900000095367432,4.900000095367432,200.0
2024-07-03 12:32:00,MBIO,0.4973999857902527,0.4973999857902527,0.4975000023841858,0.4973999857902527,0.4975000023841858,3305.0
2024-07-03 12:32:00,MCRB,0.734499990940094,0.734499990940094,0.7347000241279602,0.7332000136375427,0.734499990940094,6102.0
2024-07-03 12:32:00,MDGL,271.6650085449219,271.6650085449219,271.6650085449219,271.6650085449219,271.6650085449219,1028.0
2024-07-03 12:32:00,MDWD,14.530099868774414,14.530099868774414,14.625,14.530099868774414,14.609999656677246,7097.0
2024-07-03 12:32:00,MDXG,6.784999847412109,6.784999847412109,6.784999847412109,6.784999847412109,6.784999847412109,1403.0
2024-07-03 12:32:00,ME,0.40720000863075256,0.40720000863075256,0.4083000123500824,0.40720000863075256,0.4083000123500824,3493.0
2024-07-03 12:32:00,MGNX,4.15500020980835,4.15500020980835,4.15500020980835,4.15500020980835,4.15500020980835,843.0
2024-07-03 12:32:00,MGTX,3.9649999141693115,3.9649999141693115,3.9649999141693115,3.9649999141693115,3.9649999141693115,435.0
2024-07-03 12:32:00,MIRM,33.779998779296875,33.779998779296875,33.79999923706055,33.77000045776367,33.79999923706055,1196.0
2024-07-03 12:32:00,MNKD,5.014999866485596,5.014999866485596,5.014999866485596,5.010000228881836,5.010000228881836,1255.0
2024-07-03 12:32:00,MNMD,7.139999866485596,7.139999866485596,7.170000076293945,7.139999866485596,7.170000076293945,3707.0
2024-07-03 12:32:00,MODD,1.4600000381469727,1.4600000381469727,1.4600000381469727,1.4600000381469727,1.4600000381469727,178.0
2024-07-03 12:32:00,MODV,27.7549991607666,27.7549991607666,27.809999465942383,27.7549991607666,27.770000457763672,2885.0
2024-07-03 12:32:00,MREO,3.5450000762939453,3.5450000762939453,3.5450000762939453,3.5450000762939453,3.5450000762939453,2021.0
2024-07-03 12:32:00,MRNA,115.91500091552734,115.91500091552734,116.08000183105469,115.86000061035156,116.08000183105469,10795.0
2024-07-03 12:32:00,MRSN,1.840000033378601,1.840000033378601,1.850000023841858,1.840000033378601,1.8450000286102295,706.0
2024-07-03 12:32:00,MRUS,52.70000076293945,52.70000076293945,52.70000076293945,52.70000076293945,52.70000076293945,107.0
2024-07-03 12:32:00,MRVI,7.014999866485596,7.014999866485596,7.014999866485596,7.014999866485596,7.014999866485596,1022.0
2024-07-03 12:32:00,MXCT,3.7049999237060547,3.7049999237060547,3.7049999237060547,3.7049999237060547,3.7049999237060547,1642.0
2024-07-03 12:32:00,MYGN,24.950000762939453,24.950000762939453,24.950000762939453,24.950000762939453,24.950000762939453,387.0
2024-07-03 12:32:00,NARI,49.744998931884766,49.744998931884766,49.75,49.744998931884766,49.75,2341.0
2024-07-03 12:32:00,NBIX,138.1699981689453,138.1699981689453,138.25999450683594,138.1699981689453,138.25999450683594,856.0
2024-07-03 12:32:00,NDRA,0.09239999949932098,0.09239999949932098,0.09300000220537186,0.09220000356435776,0.0925000011920929,41884.0
2024-07-03 12:32:00,NEO,13.739500045776367,13.739500045776367,13.739500045776367,13.729999542236328,13.729999542236328,790.0
2024-07-03 12:32:00,NEOG,15.125,15.125,15.125,15.125,15.125,102.0
2024-07-03 12:32:00,NKTR,1.2799999713897705,1.2799999713897705,1.2799999713897705,1.274999976158142,1.274999976158142,3279.0
2024-07-03 12:32:00,NKTX,5.32450008392334,5.32450008392334,5.32450008392334,5.32450008392334,5.32450008392334,1295.0
2024-07-03 12:32:00,NNOX,7.114999771118164,7.114999771118164,7.114999771118164,7.114999771118164,7.114999771118164,178.0
2024-07-03 12:32:00,NRIX,19.55500030517578,19.55500030517578,19.55500030517578,19.55500030517578,19.55500030517578,651.0
2024-07-03 12:32:00,NRSN,1.309999942779541,1.309999942779541,1.309999942779541,1.309999942779541,1.309999942779541,113.0
2024-07-03 12:32:00,NTLA,22.75,22.75,22.75,22.75,22.75,2135.0
2024-07-03 12:32:00,NTRA,111.63999938964844,111.63999938964844,111.63999938964844,111.63999938964844,111.63999938964844,1858.0
2024-07-03 12:32:00,NUVL,72.30500030517578,72.30500030517578,72.3499984741211,72.27999877929688,72.27999877929688,2871.0
2024-07-03 12:32:00,NVAX,12.529999732971191,12.529999732971191,12.550000190734863,12.520099639892578,12.550000190734863,23435.0
2024-07-03 12:32:00,NVCR,16.700000762939453,16.700000762939453,16.700000762939453,16.69499969482422,16.700000762939453,1391.0
2024-07-03 12:32:00,NXL,1.4199999570846558,1.4199999570846558,1.4299999475479126,1.4199999570846558,1.4299999475479126,550.0
2024-07-03 12:32:00,OCGN,1.6299999952316284,1.6299999952316284,1.6299999952316284,1.625,1.625,1229.0
2024-07-03 12:32:00,OCUL,6.650000095367432,6.650000095367432,6.650000095367432,6.650000095367432,6.650000095367432,548.0
2024-07-03 12:32:00,OLK,25.739999771118164,25.739999771118164,25.739999771118164,25.739999771118164,25.739999771118164,2770.0
2024-07-03 12:32:00,OLMA,10.460000038146973,10.460000038146973,10.46500015258789,10.444999694824219,10.46500015258789,5215.0
2024-07-03 12:32:00,OM,3.875,3.875,3.875999927520752,3.875,3.875999927520752,1347.0
2024-07-03 12:32:00,OMER,3.869999885559082,3.869999885559082,3.869999885559082,3.869999885559082,3.869999885559082,452.0
2024-07-03 12:32:00,ONVO,0.7549999952316284,0.7549999952316284,0.7549999952316284,0.7549999952316284,0.7549999952316284,866.0
2024-07-03 12:33:00,ABCL,2.7149999141693115,2.7149999141693115,2.7200000286102295,2.7100000381469727,2.7149999141693115,5250.0
2024-07-03 12:33:00,ABSI,3.200000047683716,3.200000047683716,3.200000047683716,3.194999933242798,3.194999933242798,1368.0
2024-07-03 12:33:00,ABUS,3.1449999809265137,3.1449999809265137,3.1449999809265137,3.1449999809265137,3.1449999809265137,205.0
2024-07-03 12:33:00,ACAD,15.579999923706055,15.579999923706055,15.579999923706055,15.579999923706055,15.579999923706055,402.0
2024-07-03 12:33:00,ACB,4.920000076293945,4.920000076293945,4.920000076293945,4.920000076293945,4.920000076293945,577.0
2024-07-03 12:33:00,ACCD,3.6700000762939453,3.6700000762939453,3.684999942779541,3.6549999713897705,3.6600000858306885,29063.0
2024-07-03 12:33:00,ACET,1.0800000429153442,1.0800000429153442,1.0800000429153442,1.0800000429153442,1.0800000429153442,1134.0
2024-07-03 12:33:00,ACIU,3.809999942779541,3.809999942779541,3.809999942779541,3.809999942779541,3.809999942779541,1428.0
2024-07-03 12:33:00,ACLX,54.41999816894531,54.41999816894531,54.41999816894531,54.41999816894531,54.41999816894531,599.0
2024-07-03 12:33:00,ACRS,1.149999976158142,1.149999976158142,1.149999976158142,1.149999976158142,1.149999976158142,1621.0
2024-07-03 12:33:00,ACST,2.940000057220459,2.940000057220459,2.940000057220459,2.940000057220459,2.940000057220459,680.0
2024-07-03 12:33:00,ADAP,1.0199999809265137,1.0199999809265137,1.0199999809265137,1.0199999809265137,1.0199999809265137,42.0
2024-07-03 12:33:00,ADMA,11.199999809265137,11.199999809265137,11.199999809265137,11.194999694824219,11.194999694824219,1955.0
2024-07-03 12:33:00,ADPT,3.430000066757202,3.430000066757202,3.430000066757202,3.4200000762939453,3.4200000762939453,6331.0
2024-07-03 12:33:00,AEMD,0.4058000147342682,0.4058000147342682,0.4072999954223633,0.4058000147342682,0.4072999954223633,3224.0
2024-07-03 12:33:00,AHCO,9.78499984741211,9.78499984741211,9.78499984741211,9.78499984741211,9.78499984741211,379.0
2024-07-03 12:33:00,AIMD,0.9300000071525574,0.9300000071525574,0.939300000667572,0.9172000288963318,0.9279999732971191,14783.0
2024-07-03 12:33:00,AKBA,0.9527999758720398,0.9527999758720398,0.9528999924659729,0.9527000188827515,0.9527000188827515,2599.0
2024-07-03 12:33:00,AKYA,2.119999885559082,2.119999885559082,2.125,2.119999885559082,2.119999885559082,382.0
2024-07-03 12:33:00,ALGN,242.85000610351562,242.85000610351562,242.85000610351562,242.85000610351562,242.85000610351562,355.0
2024-07-03 12:33:00,ALGS,0.4251999855041504,0.4251999855041504,0.4251999855041504,0.4250999987125397,0.4251999855041504,5650.0
2024-07-03 12:33:00,ALHC,8.069999694824219,8.069999694824219,8.069999694824219,8.069999694824219,8.069999694824219,4108.0
2024-07-03 12:33:00,ALIM,5.519999980926514,5.519999980926514,5.525000095367432,5.519999980926514,5.525000095367432,953.0
2024-07-03 12:33:00,ALKS,24.19499969482422,24.19499969482422,24.19499969482422,24.19499969482422,24.19499969482422,1390.0
2024-07-03 12:33:00,ALLK,0.8292999863624573,0.8292999863624573,0.829800009727478,0.8288000226020813,0.8291000127792358,3701.0
2024-07-03 12:33:00,ALLO,2.0850000381469727,2.0850000381469727,2.0899999141693115,2.0799999237060547,2.0899999141693115,4335.0
2024-07-03 12:33:00,ALLR,0.2029999941587448,0.2029999941587448,0.2045000046491623,0.2029999941587448,0.2045000046491623,3301.0
2024-07-03 12:33:00,ALNY,246.22999572753906,246.22999572753906,246.36000061035156,246.22999572753906,246.33399963378906,769.0
2024-07-03 12:33:00,ALT,6.639999866485596,6.639999866485596,6.644999980926514,6.639999866485596,6.644999980926514,2691.0
2024-07-03 12:33:00,ALVO,12.210000038146973,12.210000038146973,12.210000038146973,12.210000038146973,12.210000038146973,20061.0
2024-07-03 12:33:00,ALVR,0.7357000112533569,0.7357000112533569,0.7357000112533569,0.7350000143051147,0.7350000143051147,814.0
2024-07-03 12:33:00,AMED,97.08000183105469,97.08000183105469,97.08999633789062,97.08000183105469,97.08999633789062,1640.0
2024-07-03 12:33:00,AMGN,307.5,307.5,307.5,307.4049987792969,307.4800109863281,2346.0
2024-07-03 12:33:00,AMLX,1.7549999952316284,1.7549999952316284,1.7549999952316284,1.7549999952316284,1.7549999952316284,1374.0
2024-07-03 12:33:00,AMPH,38.06999969482422,38.06999969482422,38.06999969482422,38.06999969482422,38.06999969482422,186.0
2024-07-03 12:33:00,AMRN,0.6862000226974487,0.6862000226974487,0.6862000226974487,0.6861000061035156,0.6861000061035156,6054.0
2024-07-03 12:33:00,ANAB,24.979999542236328,24.979999542236328,24.979999542236328,24.979999542236328,24.979999542236328,266.0
2024-07-03 12:33:00,ANIP,60.849998474121094,60.849998474121094,60.88999938964844,60.79499816894531,60.869998931884766,4124.0
2024-07-03 12:33:00,ANNX,4.764999866485596,4.764999866485596,4.769999980926514,4.764999866485596,4.764999866485596,3605.0
2024-07-03 12:33:00,APDN,0.38989999890327454,0.38989999890327454,0.38989999890327454,0.38989999890327454,0.38989999890327454,538.0
2024-07-03 12:33:00,APLT,4.355000019073486,4.355000019073486,4.355000019073486,4.355000019073486,4.355000019073486,773.0
2024-07-03 12:33:00,AQST,2.4149999618530273,2.4149999618530273,2.4149999618530273,2.4149999618530273,2.4149999618530273,912.0
2024-07-03 12:33:00,ARDX,5.300000190734863,5.300000190734863,5.300000190734863,5.284999847412109,5.295000076293945,19552.0
2024-07-03 12:33:00,ARGX,435.54998779296875,435.54998779296875,435.54998779296875,435.54998779296875,435.54998779296875,754.0
2024-07-03 12:33:00,ARQT,9.560999870300293,9.560999870300293,9.574999809265137,9.5600004196167,9.5649995803833,4144.0
2024-07-03 12:33:00,ARVN,23.979999542236328,23.979999542236328,24.030000686645508,23.979999542236328,24.030000686645508,3135.0
2024-07-03 12:33:00,ASND,135.16000366210938,135.16000366210938,135.24000549316406,135.16000366210938,135.24000549316406,485.0
2024-07-03 12:33:00,ASRT,1.3300000429153442,1.3300000429153442,1.3301000595092773,1.3300000429153442,1.3300000429153442,12653.0
2024-07-03 12:33:00,ATAI,1.2799999713897705,1.2799999713897705,1.284999966621399,1.2799999713897705,1.284999966621399,1460.0
2024-07-03 12:33:00,ATEC,10.024999618530273,10.024999618530273,10.024999618530273,10.024999618530273,10.024999618530273,200.0
2024-07-03 12:33:00,ATOS,1.1699999570846558,1.1699999570846558,1.1699999570846558,1.1649999618530273,1.1649999618530273,493.0
2024-07-03 12:33:00,ATRC,22.350000381469727,22.350000381469727,22.3700008392334,22.350000381469727,22.3700008392334,1834.0
2024-07-03 12:33:00,ATXS,9.055000305175781,9.055000305175781,9.055000305175781,9.055000305175781,9.055000305175781,373.0
2024-07-03 12:33:00,AUGX,0.9988999962806702,0.9988999962806702,0.9990000128746033,0.9951000213623047,0.9990000128746033,6377.0
2024-07-03 12:33:00,AUPH,5.474999904632568,5.474999904632568,5.474999904632568,5.470200061798096,5.470200061798096,824.0
2024-07-03 12:33:00,AUTL,3.4749999046325684,3.4749999046325684,3.4800000190734863,3.4749999046325684,3.4749999046325684,1500.0
2024-07-03 12:33:00,AVDL,14.5,14.5,14.5,14.5,14.5,620.0
2024-07-03 12:33:00,AVGR,1.7899999618530273,1.7899999618530273,1.7899999618530273,1.7899999618530273,1.7899999618530273,312.0
2024-07-03 12:33:00,AVTE,1.684000015258789,1.684000015258789,1.690000057220459,1.684000015258789,1.690000057220459,2308.0
2024-07-03 12:33:00,AVXL,4.125,4.125,4.125,4.124000072479248,4.124000072479248,815.0
2024-07-03 12:33:00,AXSM,80.01000213623047,80.01000213623047,80.02999877929688,80.01000213623047,80.02999877929688,521.0
2024-07-03 12:33:00,AZN,76.76499938964844,76.76499938964844,76.7699966430664,76.75499725341797,76.76499938964844,5179.0
2024-07-03 12:33:00,AZTA,52.47999954223633,52.47999954223633,52.47999954223633,52.47999954223633,52.47999954223633,452.0
2024-07-03 12:33:00,BBIO,25.34000015258789,25.34000015258789,25.350299835205078,25.34000015258789,25.350000381469727,1358.0
2024-07-03 12:33:00,BCLI,0.34459999203681946,0.34459999203681946,0.34459999203681946,0.34459999203681946,0.34459999203681946,179.0
2024-07-03 12:33:00,BCRX,6.454999923706055,6.454999923706055,6.454999923706055,6.445000171661377,6.454999923706055,7772.0
2024-07-03 12:33:00,BEAM,23.600000381469727,23.600000381469727,23.600000381469727,23.579999923706055,23.579999923706055,2452.0
2024-07-03 12:33:00,BEAT,2.7750000953674316,2.7750000953674316,2.7750000953674316,2.7750000953674316,2.7750000953674316,429.0
2024-07-03 12:33:00,BGNE,147.9250030517578,147.9250030517578,148.16000366210938,147.9250030517578,148.16000366210938,2023.0
2024-07-03 12:33:00,BIIB,223.92999267578125,223.92999267578125,223.92999267578125,223.77499389648438,223.77499389648438,1870.0
2024-07-03 12:33:00,BLRX,0.5105999708175659,0.5105999708175659,0.5105999708175659,0.5105999708175659,0.5105999708175659,1428.0
2024-07-03 12:33:00,BLUE,0.9150000214576721,0.9150000214576721,0.9175999760627747,0.9150000214576721,0.9175999760627747,992.0
2024-07-03 12:33:00,BMRN,80.83999633789062,80.83999633789062,80.8499984741211,80.81999969482422,80.81999969482422,6445.0
2024-07-03 12:33:00,BNGO,0.5819000005722046,0.5819000005722046,0.5819000005722046,0.5774000287055969,0.5774000287055969,31469.0
2024-07-03 12:33:00,BNTX,80.53500366210938,80.53500366210938,80.53500366210938,80.51000213623047,80.51000213623047,679.0
2024-07-03 12:33:00,BPMC,110.76000213623047,110.76000213623047,110.84500122070312,110.75499725341797,110.7699966430664,556.0
2024-07-03 12:33:00,BRKR,61.619998931884766,61.619998931884766,61.619998931884766,61.619998931884766,61.619998931884766,529.0
2024-07-03 12:33:00,BRTX,1.8799999952316284,1.8799999952316284,1.899999976158142,1.8799999952316284,1.899999976158142,12012.0
2024-07-03 12:33:00,BTAI,1.0700000524520874,1.0700000524520874,1.0700000524520874,1.0700000524520874,1.0700000524520874,792.0
2024-07-03 12:33:00,BTCY,0.7656000256538391,0.7656000256538391,0.7656000256538391,0.7656000256538391,0.7656000256538391,214.0
2024-07-03 12:33:00,CABA,7.510000228881836,7.510000228881836,7.510000228881836,7.510000228881836,7.510000228881836,406.0
2024-07-03 12:33:00,CAPR,4.800000190734863,4.800000190734863,4.804999828338623,4.78000020980835,4.800000190734863,4300.0
2024-07-03 12:33:00,CARA,0.2809999883174896,0.2809999883174896,0.2879999876022339,0.2809999883174896,0.2879999876022339,11900.0
2024-07-03 12:33:00,CASI,5.090000152587891,5.090000152587891,5.090000152587891,5.090000152587891,5.090000152587891,112.0
2024-07-03 12:33:00,CCCC,4.574999809265137,4.574999809265137,4.579999923706055,4.570000171661377,4.570000171661377,3132.0
2024-07-03 12:33:00,CCRN,13.670000076293945,13.670000076293945,13.670000076293945,13.664999961853027,13.664999961853027,743.0
2024-07-03 12:33:00,CDMO,7.735000133514404,7.735000133514404,7.78000020980835,7.71999979019165,7.78000020980835,13630.0
2024-07-03 12:33:00,CDNA,15.100000381469727,15.100000381469727,15.100000381469727,15.100000381469727,15.100000381469727,407.0
2024-07-03 12:33:00,CDXC,2.5199999809265137,2.5199999809265137,2.5199999809265137,2.515000104904175,2.5199999809265137,7693.0
2024-07-03 12:33:00,CELC,16.219999313354492,16.219999313354492,16.219999313354492,16.219999313354492,16.219999313354492,294.0
2024-07-03 12:33:00,CERE,40.36000061035156,40.36000061035156,40.380001068115234,40.345001220703125,40.369998931884766,8877.0
2024-07-03 12:33:00,CERS,1.7100000381469727,1.7100000381469727,1.7100000381469727,1.7100000381469727,1.7100000381469727,306.0
2024-07-03 12:33:00,CERT,13.760000228881836,13.760000228881836,13.760000228881836,13.760000228881836,13.760000228881836,365.0
2024-07-03 12:33:00,CGC,6.565000057220459,6.565000057220459,6.579999923706055,6.560100078582764,6.579999923706055,4503.0
2024-07-03 12:33:00,CGEM,16.649999618530273,16.649999618530273,16.674999237060547,16.649999618530273,16.649999618530273,784.0
2024-07-03 12:33:00,CGTX,1.7781000137329102,1.7781000137329102,1.7781000137329102,1.7781000137329102,1.7781000137329102,200.0
2024-07-03 12:33:00,CING,0.3407999873161316,0.3407999873161316,0.3610999882221222,0.3407000005245209,0.36010000109672546,44503.0
2024-07-03 12:33:00,CKPT,2.190000057220459,2.190000057220459,2.190000057220459,2.1700000762939453,2.1700000762939453,5164.0
2024-07-03 12:33:00,CLNN,0.3255999982357025,0.3255999982357025,0.3255999982357025,0.3255999982357025,0.3255999982357025,5229.0
2024-07-03 12:33:00,CLOV,1.2549999952316284,1.2549999952316284,1.2549999952316284,1.25,1.25,2763.0
2024-07-03 12:33:00,CLPT,5.360000133514404,5.360000133514404,5.360000133514404,5.360000133514404,5.360000133514404,506.0
2024-07-03 12:33:00,CLRB,2.4549999237060547,2.4549999237060547,2.4579999446868896,2.4549999237060547,2.4579999446868896,700.0
2024-07-03 12:33:00,CMAX,2.2799999713897705,2.2799999713897705,2.2799999713897705,2.2799999713897705,2.2799999713897705,200.0
2024-07-03 12:33:00,CMPS,6.25,6.25,6.25,6.25,6.25,260.0
2024-07-03 12:33:00,CMRX,0.8632000088691711,0.8632000088691711,0.8632000088691711,0.8632000088691711,0.8632000088691711,200.0
2024-07-03 12:33:00,CNSP,1.4600000381469727,1.4600000381469727,1.4800000190734863,1.4400999546051025,1.4499000310897827,27614.0
2024-07-03 12:33:00,CODX,1.2991000413894653,1.2991000413894653,1.2991000413894653,1.2991000413894653,1.2991000413894653,950.0
2024-07-03 12:33:00,COGT,8.329999923706055,8.329999923706055,8.329999923706055,8.319999694824219,8.329999923706055,880.0
2024-07-03 12:33:00,COLL,32.439998626708984,32.439998626708984,32.45500183105469,32.439998626708984,32.45500183105469,437.0
2024-07-03 12:33:00,CORT,30.31999969482422,30.31999969482422,30.362499237060547,30.31999969482422,30.360000610351562,2934.0
2024-07-03 12:33:00,COSM,0.9096999764442444,0.9096999764442444,0.9100000262260437,0.9093999862670898,0.9099000096321106,20150.0
2024-07-03 12:33:00,CPRX,15.359999656677246,15.359999656677246,15.369999885559082,15.359999656677246,15.369999885559082,870.0
2024-07-03 12:33:00,CRBP,49.88999938964844,49.88999938964844,50.17499923706055,49.88999938964844,50.17499923706055,477.0
2024-07-03 12:33:00,CRBU,1.559999942779541,1.559999942779541,1.559999942779541,1.559999942779541,1.559999942779541,393.0
2024-07-03 12:33:00,CRDF,2.2750000953674316,2.2750000953674316,2.2750000953674316,2.2750000953674316,2.2750000953674316,561.0
2024-07-03 12:33:00,CRMD,4.139999866485596,4.139999866485596,4.139999866485596,4.139999866485596,4.139999866485596,169.0
2024-07-03 12:33:00,CRNX,44.619998931884766,44.619998931884766,44.619998931884766,44.619998931884766,44.619998931884766,2218.0
2024-07-03 12:33:00,CRON,2.3199000358581543,2.3199000358581543,2.3199000358581543,2.309999942779541,2.309999942779541,4030.0
2024-07-03 12:33:00,CRSP,53.75,53.75,53.75,53.75,53.75,1596.0
2024-07-03 12:33:00,CSTL,21.030000686645508,21.030000686645508,21.110000610351562,20.979999542236328,21.100000381469727,3221.0
2024-07-03 12:33:00,CTKB,5.614999771118164,5.614999771118164,5.619999885559082,5.614999771118164,5.619999885559082,628.0
2024-07-03 12:33:00,CTMX,1.2999999523162842,1.2999999523162842,1.3009999990463257,1.2999999523162842,1.2999999523162842,1489.0
2024-07-03 12:33:00,CTSO,0.8550000190734863,0.8550000190734863,0.8550000190734863,0.8550000190734863,0.8550000190734863,203.0
2024-07-03 12:33:00,CTXR,0.5008999705314636,0.5008999705314636,0.5008999705314636,0.5008999705314636,0.5008999705314636,9714.0
2024-07-03 12:33:00,CUE,0.9828000068664551,0.9828000068664551,0.9879000186920166,0.9828000068664551,0.9832000136375427,2865.0
2024-07-03 12:33:00,CVAC,3.2200000286102295,3.2200000286102295,3.2300000190734863,3.2200000286102295,3.2200000286102295,36154.0
2024-07-03 12:33:00,CYTK,54.29999923706055,54.29999923706055,54.29999923706055,54.22999954223633,54.22999954223633,2408.0
2024-07-03 12:33:00,DAWN,13.399999618530273,13.399999618530273,13.399999618530273,13.390000343322754,13.390000343322754,1548.0
2024-07-03 12:33:00,DH,5.389999866485596,5.389999866485596,5.394999980926514,5.389999866485596,5.394999980926514,1614.0
2024-07-03 12:33:00,DNLI,21.450000762939453,21.450000762939453,21.450000762939453,21.450000762939453,21.450000762939453,470.0
2024-07-03 12:33:00,DVAX,11.085000038146973,11.085000038146973,11.085000038146973,11.085000038146973,11.085000038146973,756.0
2024-07-03 12:33:00,DXCM,110.94999694824219,110.94999694824219,111.05000305175781,110.8499984741211,111.04000091552734,5092.0
2024-07-03 12:33:00,DYN,33.84000015258789,33.84000015258789,33.84000015258789,33.84000015258789,33.84000015258789,600.0
2024-07-03 12:33:00,EDIT,4.630000114440918,4.630000114440918,4.635000228881836,4.625,4.625,9727.0
2024-07-03 12:33:00,EGRX,5.505000114440918,5.505000114440918,5.505000114440918,5.505000114440918,5.505000114440918,232.0
2024-07-03 12:33:00,EMBC,12.010000228881836,12.010000228881836,12.010000228881836,12.010000228881836,12.010000228881836,342.0
2024-07-03 12:33:00,ENSG,126.7249984741211,126.7249984741211,126.80000305175781,126.7249984741211,126.7300033569336,1087.0
2024-07-03 12:33:00,ENTA,13.08329963684082,13.08329963684082,13.08329963684082,13.08329963684082,13.08329963684082,597.0
2024-07-03 12:33:00,ENTX,1.649999976158142,1.649999976158142,1.649999976158142,1.649999976158142,1.649999976158142,223.0
2024-07-03 12:33:00,EOLS,10.960000038146973,10.960000038146973,10.96500015258789,10.960000038146973,10.96500015258789,1981.0
2024-07-03 12:33:00,ERAS,2.2100000381469727,2.2100000381469727,2.2100000381469727,2.2100000381469727,2.2100000381469727,291.0
2024-07-03 12:33:00,EWTX,18.1299991607666,18.1299991607666,18.1299991607666,18.1299991607666,18.1299991607666,445.0
2024-07-03 12:33:00,EXAI,5.449999809265137,5.449999809265137,5.449999809265137,5.440000057220459,5.440000057220459,2131.0
2024-07-03 12:33:00,EXAS,43.209999084472656,43.209999084472656,43.209999084472656,43.19599914550781,43.19599914550781,2925.0
2024-07-03 12:33:00,EXEL,21.8700008392334,21.8700008392334,21.885000228881836,21.8700008392334,21.885000228881836,4062.0
2024-07-03 12:33:00,EYPT,8.670000076293945,8.670000076293945,8.670000076293945,8.670000076293945,8.670000076293945,327.0
2024-07-03 12:33:00,FATE,3.1549999713897705,3.1549999713897705,3.1549999713897705,3.1549999713897705,3.1549999713897705,5881.0
2024-07-03 12:33:00,FDMT,20.864999771118164,20.864999771118164,20.864999771118164,20.850000381469727,20.850000381469727,747.0
2024-07-03 12:33:00,FGEN,0.7174000144004822,0.7174000144004822,0.7174000144004822,0.7174000144004822,0.7174000144004822,3859.0
2024-07-03 12:33:00,FULC,6.135000228881836,6.135000228881836,6.135000228881836,6.135000228881836,6.135000228881836,936.0
2024-07-03 12:33:00,GANX,1.1449999809265137,1.1449999809265137,1.1449999809265137,1.1449999809265137,1.1449999809265137,494.0
2024-07-03 12:33:00,GDRX,7.789999961853027,7.789999961853027,7.789999961853027,7.789999961853027,7.789999961853027,1764.0
2024-07-03 12:33:00,GERN,4.324999809265137,4.324999809265137,4.324999809265137,4.320000171661377,4.324999809265137,2867.0
2024-07-03 12:33:00,GH,28.295000076293945,28.295000076293945,28.295000076293945,28.295000076293945,28.295000076293945,797.0
2024-07-03 12:33:00,GHRS,11.779999732971191,11.779999732971191,11.779999732971191,11.779999732971191,11.779999732971191,243.0
2024-07-03 12:33:00,GILD,66.875,66.875,66.88500213623047,66.86499786376953,66.87999725341797,4513.0
2024-07-03 12:33:00,GLPG,25.0,25.0,25.0,25.0,25.0,1573.0
2024-07-03 12:33:00,GLTO,0.5074999928474426,0.5074999928474426,0.5099999904632568,0.5074999928474426,0.5099999904632568,6481.0
2024-07-03 12:33:00,GMAB,25.170000076293945,25.170000076293945,25.170000076293945,25.170000076293945,25.170000076293945,1114.0
2024-07-03 12:33:00,GOSS,0.9700000286102295,0.9700000286102295,0.9700000286102295,0.9700000286102295,0.9700000286102295,1013.0
2024-07-03 12:33:00,GOVX,2.869999885559082,2.869999885559082,2.869999885559082,2.859999895095825,2.859999895095825,4783.0
2024-07-03 12:33:00,GRFS,6.675000190734863,6.675000190734863,6.675000190734863,6.675000190734863,6.675000190734863,346.0
2024-07-03 12:33:00,GRTS,0.5751000046730042,0.5751000046730042,0.5769000053405762,0.5751000046730042,0.5751000046730042,1085.0
2024-07-03 12:33:00,GTBP,2.7300000190734863,2.7300000190734863,2.7300000190734863,2.7300000190734863,2.7300000190734863,1275.0
2024-07-03 12:33:00,GTHX,2.5799999237060547,2.5799999237060547,2.5799999237060547,2.575000047683716,2.575000047683716,4769.0
2024-07-03 12:33:00,HALO,52.21500015258789,52.21500015258789,52.2400016784668,52.189998626708984,52.2400016784668,1437.0
2024-07-03 12:33:00,HCAT,6.179999828338623,6.179999828338623,6.190000057220459,6.179999828338623,6.190000057220459,980.0
2024-07-03 12:33:00,HCSG,10.654999732971191,10.654999732971191,10.664999961853027,10.654999732971191,10.65999984741211,3147.0
2024-07-03 12:33:00,HOLX,73.16999816894531,73.16999816894531,73.18499755859375,73.16500091552734,73.18499755859375,6824.0
2024-07-03 12:33:00,HQY,83.63999938964844,83.63999938964844,83.68000030517578,83.63999938964844,83.68000030517578,1053.0
2024-07-03 12:33:00,HRMY,30.700000762939453,30.700000762939453,30.700000762939453,30.670000076293945,30.670000076293945,2665.0
2024-07-03 12:33:00,HRTX,2.7249999046325684,2.7249999046325684,2.7300000190734863,2.7249999046325684,2.7300000190734863,4760.0
2024-07-03 12:33:00,HSIC,65.05000305175781,65.05000305175781,65.0625,65.05000305175781,65.05000305175781,2908.0
2024-07-03 12:33:00,HUMA,5.769999980926514,5.769999980926514,5.78000020980835,5.769999980926514,5.775000095367432,30636.0
2024-07-03 12:33:00,IART,28.55500030517578,28.55500030517578,28.56999969482422,28.53499984741211,28.53499984741211,6884.0
2024-07-03 12:33:00,IBRX,6.264999866485596,6.264999866485596,6.277500152587891,6.264999866485596,6.277500152587891,1702.0
2024-07-03 12:33:00,ICLR,318.3599853515625,318.3599853515625,318.3599853515625,318.3599853515625,318.3599853515625,228.0
2024-07-03 12:33:00,ICUI,117.90499877929688,117.90499877929688,117.90499877929688,117.90499877929688,117.90499877929688,1445.0
2024-07-03 12:33:00,IDYA,33.290000915527344,33.290000915527344,33.33000183105469,33.28499984741211,33.314998626708984,2690.0
2024-07-03 12:33:00,IGMS,6.449999809265137,6.449999809265137,6.449999809265137,6.449999809265137,6.449999809265137,422.0
2024-07-03 12:33:00,IKNA,1.6449999809265137,1.6449999809265137,1.6449999809265137,1.6449999809265137,1.6449999809265137,758.0
2024-07-03 12:33:00,IKT,1.1799999475479126,1.1799999475479126,1.184999942779541,1.1799999475479126,1.1799999475479126,1000.0
2024-07-03 12:33:00,ILMN,105.55000305175781,105.55000305175781,105.63999938964844,105.55000305175781,105.58000183105469,9420.0
2024-07-03 12:33:00,IMCR,36.01499938964844,36.01499938964844,36.01499938964844,36.01499938964844,36.01499938964844,109.0
2024-07-03 12:33:00,IMMX,2.3550000190734863,2.3550000190734863,2.359999895095825,2.3550000190734863,2.3550000190734863,2065.0
2024-07-03 12:33:00,IMNM,12.074999809265137,12.074999809265137,12.079999923706055,12.069999694824219,12.069999694824219,2571.0
2024-07-03 12:33:00,IMTX,11.869999885559082,11.869999885559082,11.869999885559082,11.869999885559082,11.869999885559082,347.0
2024-07-03 12:33:00,IMVT,26.15999984741211,26.15999984741211,26.15999984741211,26.15999984741211,26.15999984741211,978.0
2024-07-03 12:33:00,INCY,57.650001525878906,57.650001525878906,57.66999816894531,57.63100051879883,57.66999816894531,13106.0
2024-07-03 12:33:00,INMD,17.530000686645508,17.530000686645508,17.565000534057617,17.530000686645508,17.559999465942383,23417.0
2024-07-03 12:33:00,INSM,62.040000915527344,62.040000915527344,62.20000076293945,62.040000915527344,62.17499923706055,15440.0
2024-07-03 12:33:00,INVA,16.315000534057617,16.315000534057617,16.315000534057617,16.315000534057617,16.315000534057617,1347.0
2024-07-03 12:33:00,INZY,4.46999979019165,4.46999979019165,4.46999979019165,4.46999979019165,4.46999979019165,651.0
2024-07-03 12:33:00,IOBT,1.1440000534057617,1.1440000534057617,1.1440000534057617,1.1440000534057617,1.1440000534057617,512.0
2024-07-03 12:33:00,IONM,0.31279999017715454,0.31279999017715454,0.31279999017715454,0.31279999017715454,0.31279999017715454,200.0
2024-07-03 12:33:00,IONS,45.244998931884766,45.244998931884766,45.2599983215332,45.23749923706055,45.25,1776.0
2024-07-03 12:33:00,IOVA,7.394999980926514,7.394999980926514,7.40500020980835,7.369999885559082,7.385000228881836,61650.0
2024-07-03 12:33:00,IRTC,95.62159729003906,95.62159729003906,95.69999694824219,95.62159729003906,95.69999694824219,1918.0
2024-07-03 12:33:00,IRWD,6.110000133514404,6.110000133514404,6.110000133514404,6.110000133514404,6.110000133514404,130.0
2024-07-03 12:33:00,ISRG,434.17999267578125,434.17999267578125,434.760009765625,434.17999267578125,434.44000244140625,10089.0
2024-07-03 12:33:00,ITCI,68.98500061035156,68.98500061035156,68.98500061035156,68.93000030517578,68.93000030517578,1115.0
2024-07-03 12:33:00,ITOS,14.819999694824219,14.819999694824219,14.819999694824219,14.819999694824219,14.819999694824219,379.0
2024-07-03 12:33:00,IVVD,1.0950000286102295,1.0950000286102295,1.0950000286102295,1.0950000286102295,1.0950000286102295,530.0
2024-07-03 12:33:00,JAGX,3.490000009536743,3.490000009536743,3.490000009536743,3.490000009536743,3.490000009536743,0.0
2024-07-03 12:33:00,JANX,38.224998474121094,38.224998474121094,38.224998474121094,38.224998474121094,38.224998474121094,765.0
2024-07-03 12:33:00,JAZZ,103.27999877929688,103.27999877929688,103.33999633789062,103.27999877929688,103.33999633789062,1207.0
2024-07-03 12:33:00,KALV,11.65999984741211,11.65999984741211,11.65999984741211,11.65999984741211,11.65999984741211,453.0
2024-07-03 12:33:00,KIDS,29.802499771118164,29.802499771118164,29.80500030517578,29.802499771118164,29.80500030517578,850.0
2024-07-03 12:33:00,KOD,2.2100000381469727,2.2100000381469727,2.2100000381469727,2.2100000381469727,2.2100000381469727,284.0
2024-07-03 12:33:00,KPTI,0.8313000202178955,0.8313000202178955,0.832099974155426,0.8313000202178955,0.832099974155426,1668.0
2024-07-03 12:33:00,KRMD,2.515000104904175,2.515000104904175,2.5199999809265137,2.515000104904175,2.5199999809265137,1214.0
2024-07-03 12:33:00,KTRA,0.2775999903678894,0.2775999903678894,0.2775999903678894,0.2775999903678894,0.2775999903678894,0.0
2024-07-03 12:33:00,KURA,20.15999984741211,20.15999984741211,20.15999984741211,20.139999389648438,20.139999389648438,1963.0
2024-07-03 12:33:00,KYMR,30.1299991607666,30.1299991607666,30.1299991607666,30.110000610351562,30.110000610351562,1168.0
2024-07-03 12:33:00,KZR,0.5776000022888184,0.5776000022888184,0.5776000022888184,0.5767999887466431,0.5767999887466431,2009.0
2024-07-03 12:33:00,LAB,1.8849999904632568,1.8849999904632568,1.8849999904632568,1.8799999952316284,1.8849999904632568,11277.0
2024-07-03 12:33:00,LBPH,31.8799991607666,31.8799991607666,31.8799991607666,31.8799991607666,31.8799991607666,119.0
2024-07-03 12:33:00,LEGN,46.2599983215332,46.2599983215332,46.28499984741211,46.2599983215332,46.28499984741211,856.0
2024-07-03 12:33:00,LFMD,6.809999942779541,6.809999942779541,6.809999942779541,6.809999942779541,6.809999942779541,152.0
2024-07-03 12:33:00,LFST,5.119999885559082,5.119999885559082,5.119999885559082,5.114999771118164,5.114999771118164,1226.0
2024-07-03 12:33:00,LGVN,1.6100000143051147,1.6100000143051147,1.6299999952316284,1.6100000143051147,1.6294000148773193,7901.0
2024-07-03 12:33:00,LIVN,52.709999084472656,52.709999084472656,52.75,52.70000076293945,52.75,2865.0
2024-07-03 12:33:00,LNTH,79.76000213623047,79.76000213623047,79.76000213623047,79.75,79.75,287.0
2024-07-03 12:33:00,LQDA,11.975000381469727,11.975000381469727,11.989999771118164,11.975000381469727,11.989999771118164,2135.0
2024-07-03 12:33:00,LRMR,7.71999979019165,7.71999979019165,7.71999979019165,7.71999979019165,7.71999979019165,721.0
2024-07-03 12:33:00,LUCD,0.7620000243186951,0.7620000243186951,0.7638999819755554,0.7620000243186951,0.7638999819755554,3107.0
2024-07-03 12:33:00,LXRX,1.6200000047683716,1.6200000047683716,1.6200000047683716,1.6200000047683716,1.6200000047683716,15645.0
2024-07-03 12:33:00,LYEL,1.5299999713897705,1.5299999713897705,1.5299999713897705,1.5299999713897705,1.5299999713897705,809.0
2024-07-03 12:33:00,LYRA,0.2856999933719635,0.2856999933719635,0.2856999933719635,0.2856999933719635,0.2856999933719635,302.0
2024-07-03 12:33:00,MASI,114.2750015258789,114.2750015258789,114.2750015258789,114.16999816894531,114.16999816894531,678.0
2024-07-03 12:33:00,MASS,4.900000095367432,4.900000095367432,4.900000095367432,4.900000095367432,4.900000095367432,152.0
2024-07-03 12:33:00,MBIO,0.4959999918937683,0.4959999918937683,0.4959999918937683,0.4959999918937683,0.4959999918937683,10438.0
2024-07-03 12:33:00,MCRB,0.734000027179718,0.734000027179718,0.7347000241279602,0.734000027179718,0.7343999743461609,8011.0
2024-07-03 12:33:00,MDWD,14.510000228881836,14.510000228881836,14.520000457763672,14.510000228881836,14.520000457763672,835.0
2024-07-03 12:33:00,ME,0.40689998865127563,0.40689998865127563,0.40689998865127563,0.40610000491142273,0.40610000491142273,4357.0
2024-07-03 12:33:00,MESO,6.800000190734863,6.800000190734863,6.800000190734863,6.78000020980835,6.78000020980835,3471.0
2024-07-03 12:33:00,MGNX,4.15500020980835,4.15500020980835,4.15500020980835,4.15500020980835,4.15500020980835,20.0
2024-07-03 12:33:00,MGTX,3.9600000381469727,3.9600000381469727,3.9700000286102295,3.950000047683716,3.950000047683716,2189.0
2024-07-03 12:33:00,MIRM,33.77000045776367,33.77000045776367,33.77000045776367,33.77000045776367,33.77000045776367,359.0
2024-07-03 12:33:00,MIST,1.3250000476837158,1.3250000476837158,1.3250000476837158,1.3250000476837158,1.3250000476837158,1039.0
2024-07-03 12:33:00,MLTX,41.61000061035156,41.61000061035156,41.61000061035156,41.61000061035156,41.61000061035156,472.0
2024-07-03 12:33:00,MMSI,86.28500366210938,86.28500366210938,86.33000183105469,86.28500366210938,86.31999969482422,1099.0
2024-07-03 12:33:00,MNKD,5.010000228881836,5.010000228881836,5.010000228881836,5.010000228881836,5.010000228881836,570.0
2024-07-03 12:33:00,MNMD,7.14739990234375,7.14739990234375,7.14739990234375,7.14739990234375,7.14739990234375,2583.0
2024-07-03 12:33:00,MNPR,0.7001000046730042,0.7001000046730042,0.7038000226020813,0.7001000046730042,0.7038000226020813,1173.0
2024-07-03 12:33:00,MODD,1.4600000381469727,1.4600000381469727,1.4600000381469727,1.4600000381469727,1.4600000381469727,200.0
2024-07-03 12:33:00,MRNA,115.93669891357422,115.93669891357422,115.93669891357422,115.86000061035156,115.91999816894531,2808.0
2024-07-03 12:33:00,MRNS,1.2050000429153442,1.2050000429153442,1.2050000429153442,1.2050000429153442,1.2050000429153442,291.0
2024-07-03 12:33:00,MRSN,1.840000033378601,1.840000033378601,1.840000033378601,1.840000033378601,1.840000033378601,102.0
2024-07-03 12:33:00,MRUS,52.76499938964844,52.76499938964844,52.76499938964844,52.72999954223633,52.72999954223633,1378.0
2024-07-03 12:33:00,MRVI,7.014999866485596,7.014999866485596,7.019999980926514,7.014999866485596,7.019999980926514,1568.0
2024-07-03 12:33:00,MXCT,3.700000047683716,3.700000047683716,3.7049999237060547,3.694999933242798,3.700000047683716,33859.0
2024-07-03 12:33:00,NBIX,138.07000732421875,138.07000732421875,138.13499450683594,138.07000732421875,138.0800018310547,2469.0
2024-07-03 12:33:00,NDRA,0.09229999780654907,0.09229999780654907,0.09239999949932098,0.09229999780654907,0.09239999949932098,3384.0
2024-07-03 12:33:00,NEOG,15.100000381469727,15.100000381469727,15.125,15.095000267028809,15.125,7070.0
2024-07-03 12:33:00,NKTR,1.274999976158142,1.274999976158142,1.2799999713897705,1.274999976158142,1.2799999713897705,2448.0
2024-07-03 12:33:00,NKTX,5.324999809265137,5.324999809265137,5.324999809265137,5.324999809265137,5.324999809265137,414.0
2024-07-03 12:33:00,NNOX,7.119800090789795,7.119800090789795,7.119800090789795,7.119800090789795,7.119800090789795,1063.0
2024-07-03 12:33:00,NRIX,19.55500030517578,19.55500030517578,19.55500030517578,19.55500030517578,19.55500030517578,879.0
2024-07-03 12:33:00,NTLA,22.780000686645508,22.780000686645508,22.780000686645508,22.75,22.75,1569.0
2024-07-03 12:33:00,NUWE,3.890000104904175,3.890000104904175,3.9186999797821045,3.890000104904175,3.9186999797821045,723.0
2024-07-03 12:33:00,NVAX,12.550000190734863,12.550000190734863,12.550000190734863,12.520000457763672,12.520000457763672,11381.0
2024-07-03 12:33:00,NVCR,16.700000762939453,16.700000762939453,16.700000762939453,16.690000534057617,16.700000762939453,5676.0
2024-07-03 12:33:00,NVOS,0.7574999928474426,0.7574999928474426,0.7574999928474426,0.7574999928474426,0.7574999928474426,1400.0
2024-07-03 12:33:00,NXL,1.4199999570846558,1.4199999570846558,1.4199999570846558,1.4199999570846558,1.4199999570846558,200.0
2024-07-03 12:33:00,OCGN,1.6282999515533447,1.6282999515533447,1.6299999952316284,1.6282999515533447,1.6299999952316284,1747.0
2024-07-03 12:33:00,OCUL,6.650000095367432,6.650000095367432,6.650000095367432,6.650000095367432,6.650000095367432,1557.0
2024-07-03 12:33:00,OCX,3.069999933242798,3.069999933242798,3.069999933242798,3.069999933242798,3.069999933242798,805.0
2024-07-03 12:33:00,OGI,1.5898000001907349,1.5898000001907349,1.5898000001907349,1.5898000001907349,1.5898000001907349,5839.0
2024-07-03 12:33:00,OLK,25.75,25.75,25.75,25.75,25.75,1694.0
2024-07-03 12:33:00,OLMA,10.46500015258789,10.46500015258789,10.46500015258789,10.46500015258789,10.46500015258789,433.0
2024-07-03 12:33:00,OM,3.875,3.875,3.875,3.875,3.875,1933.0
2024-07-03 12:33:00,OMCL,26.649999618530273,26.649999618530273,26.649999618530273,26.639999389648438,26.639999389648438,896.0
2024-07-03 12:33:00,OMER,3.880000114440918,3.880000114440918,3.880000114440918,3.880000114440918,3.880000114440918,222.0
2024-07-03 12:33:00,OMGA,1.9049999713897705,1.9049999713897705,1.9049999713897705,1.9049999713897705,1.9049999713897705,108.0
2024-07-03 12:34:00,ABCL,2.7149999141693115,2.7149999141693115,2.7200000286102295,2.7149999141693115,2.7149999141693115,3835.0
2024-07-03 12:34:00,ABEO,4.320000171661377,4.320000171661377,4.320000171661377,4.320000171661377,4.320000171661377,484.0
2024-07-03 12:34:00,ABSI,3.194999933242798,3.194999933242798,3.194999933242798,3.194999933242798,3.194999933242798,901.0
2024-07-03 12:34:00,ABUS,3.1500000953674316,3.1500000953674316,3.1600000858306885,3.1500000953674316,3.1500000953674316,11071.0
2024-07-03 12:34:00,ACAD,15.579999923706055,15.579999923706055,15.585000038146973,15.574999809265137,15.579999923706055,4109.0
2024-07-03 12:34:00,ACB,4.910099983215332,4.910099983215332,4.920000076293945,4.910099983215332,4.920000076293945,33175.0
2024-07-03 12:34:00,ACCD,3.6549999713897705,3.6549999713897705,3.6649999618530273,3.6549999713897705,3.6649999618530273,6165.0
2024-07-03 12:34:00,ACET,1.0800000429153442,1.0800000429153442,1.0895999670028687,1.0800000429153442,1.0895999670028687,7736.0
2024-07-03 12:34:00,ACHC,66.75,66.75,66.78500366210938,66.75,66.7699966430664,1194.0
2024-07-03 12:34:00,ACLX,54.36000061035156,54.36000061035156,54.45000076293945,54.36000061035156,54.45000076293945,868.0
2024-07-03 12:34:00,ACRS,1.149999976158142,1.149999976158142,1.1504000425338745,1.149999976158142,1.149999976158142,401.0
2024-07-03 12:34:00,ADAP,1.0149999856948853,1.0149999856948853,1.0149999856948853,1.0149999856948853,1.0149999856948853,320.0
2024-07-03 12:34:00,ADMA,11.194999694824219,11.194999694824219,11.194999694824219,11.190099716186523,11.194999694824219,3721.0
2024-07-03 12:34:00,ADPT,3.4291999340057373,3.4291999340057373,3.4291999340057373,3.424999952316284,3.424999952316284,771.0
2024-07-03 12:34:00,AEMD,0.40540000796318054,0.40540000796318054,0.40540000796318054,0.4043999910354614,0.40540000796318054,1669.0
2024-07-03 12:34:00,AGIO,41.94499969482422,41.94499969482422,41.94499969482422,41.94499969482422,41.94499969482422,279.0
2024-07-03 12:34:00,AHCO,9.779999732971191,9.779999732971191,9.781000137329102,9.779999732971191,9.779999732971191,1133.0
2024-07-03 12:34:00,AIMD,0.9399999976158142,0.9399999976158142,0.9484999775886536,0.9351000189781189,0.9484999775886536,17529.0
2024-07-03 12:34:00,AKBA,0.9527999758720398,0.9527999758720398,0.9527999758720398,0.9527999758720398,0.9527999758720398,1631.0
2024-07-03 12:34:00,ALDX,3.1898999214172363,3.1898999214172363,3.1898999214172363,3.1898999214172363,3.1898999214172363,282.0
2024-07-03 12:34:00,ALEC,4.409999847412109,4.409999847412109,4.420000076293945,4.409999847412109,4.420000076293945,718.0
2024-07-03 12:34:00,ALGN,242.6999969482422,242.6999969482422,242.80499267578125,242.55999755859375,242.80499267578125,4680.0
2024-07-03 12:34:00,ALGS,0.4251999855041504,0.4251999855041504,0.4251999855041504,0.4251999855041504,0.4251999855041504,1701.0
2024-07-03 12:34:00,ALHC,8.039999961853027,8.039999961853027,8.0600004196167,8.039999961853027,8.0600004196167,4021.0
2024-07-03 12:34:00,ALLK,0.8292999863624573,0.8292999863624573,0.8292999863624573,0.8292999863624573,0.8292999863624573,234.0
2024-07-03 12:34:00,ALLO,2.0799999237060547,2.0799999237060547,2.0850000381469727,2.0799999237060547,2.0850000381469727,1580.0
2024-07-03 12:34:00,ALLR,0.20319999754428864,0.20319999754428864,0.20319999754428864,0.20319999754428864,0.20319999754428864,6800.0
2024-07-03 12:34:00,ALNY,246.22500610351562,246.22500610351562,246.3249969482422,246.22500610351562,246.22500610351562,1163.0
2024-07-03 12:34:00,ALT,6.625,6.625,6.635000228881836,6.620100021362305,6.635000228881836,3446.0
2024-07-03 12:34:00,ALVR,0.7354000210762024,0.7354000210762024,0.7354000210762024,0.7354000210762024,0.7354000210762024,457.0
2024-07-03 12:34:00,ALXO,5.699999809265137,5.699999809265137,5.710000038146973,5.684999942779541,5.690000057220459,4149.0
2024-07-03 12:34:00,AMED,97.1436996459961,97.1436996459961,97.1436996459961,97.08999633789062,97.08999633789062,6933.0
2024-07-03 12:34:00,AMGN,307.6300048828125,307.6300048828125,307.6300048828125,307.57501220703125,307.5874938964844,1336.0
2024-07-03 12:34:00,AMLX,1.7549999952316284,1.7549999952316284,1.7549999952316284,1.7549999952316284,1.7549999952316284,769.0
2024-07-03 12:34:00,AMPH,38.11000061035156,38.11000061035156,38.11000061035156,38.11000061035156,38.11000061035156,370.0
2024-07-03 12:34:00,AMRN,0.6861000061035156,0.6861000061035156,0.6861000061035156,0.6861000061035156,0.6861000061035156,616.0
2024-07-03 12:34:00,ANAB,24.969999313354492,24.969999313354492,25.049999237060547,24.969999313354492,25.0,13278.0
2024-07-03 12:34:00,ANNX,4.764999866485596,4.764999866485596,4.769999980926514,4.764999866485596,4.764999866485596,2561.0
2024-07-03 12:34:00,APLS,35.275001525878906,35.275001525878906,35.275001525878906,35.275001525878906,35.275001525878906,361.0
2024-07-03 12:34:00,APLT,4.349999904632568,4.349999904632568,4.355000019073486,4.349999904632568,4.355000019073486,3062.0
2024-07-03 12:34:00,APTO,0.7900000214576721,0.7900000214576721,0.7900000214576721,0.7900000214576721,0.7900000214576721,2429.0
2024-07-03 12:34:00,AQST,2.4149999618530273,2.4149999618530273,2.4200000762939453,2.4149999618530273,2.4149999618530273,561.0
2024-07-03 12:34:00,ARAY,1.7339999675750732,1.7339999675750732,1.7339999675750732,1.7339999675750732,1.7339999675750732,1468.0
2024-07-03 12:34:00,ARCT,21.875,21.875,21.8799991607666,21.829999923706055,21.829999923706055,1636.0
2024-07-03 12:34:00,ARDX,5.295000076293945,5.295000076293945,5.298799991607666,5.289999961853027,5.29010009765625,7256.0
2024-07-03 12:34:00,ARQT,9.5649995803833,9.5649995803833,9.569899559020996,9.5649995803833,9.5649995803833,1191.0
2024-07-03 12:34:00,ARVN,24.0,24.0,24.0,23.989999771118164,23.989999771118164,1582.0
2024-07-03 12:34:00,ARWR,25.126399993896484,25.126399993896484,25.139999389648438,25.100000381469727,25.100000381469727,1062.0
2024-07-03 12:34:00,ASND,135.14999389648438,135.14999389648438,135.14999389648438,134.97000122070312,134.97000122070312,1027.0
2024-07-03 12:34:00,ASRT,1.3305000066757202,1.3305000066757202,1.3305000066757202,1.3300000429153442,1.3300000429153442,3400.0
2024-07-03 12:34:00,ATAI,1.284999966621399,1.284999966621399,1.284999966621399,1.284999966621399,1.284999966621399,608.0
2024-07-03 12:34:00,ATEC,10.024800300598145,10.024800300598145,10.029999732971191,10.024800300598145,10.029999732971191,1366.0
2024-07-03 12:34:00,ATOS,1.1649999618530273,1.1649999618530273,1.1649999618530273,1.159999966621399,1.159999966621399,3117.0
2024-07-03 12:34:00,ATRC,22.3700008392334,22.3700008392334,22.3700008392334,22.364999771118164,22.364999771118164,555.0
2024-07-03 12:34:00,AUPH,5.46999979019165,5.46999979019165,5.474999904632568,5.46999979019165,5.474999904632568,485.0
2024-07-03 12:34:00,AUTL,3.4800000190734863,3.4800000190734863,3.4800000190734863,3.4749999046325684,3.4749999046325684,3104.0
2024-07-03 12:34:00,AVDL,14.494999885559082,14.494999885559082,14.494999885559082,14.489999771118164,14.489999771118164,2336.0
2024-07-03 12:34:00,AVIR,3.2799999713897705,3.2799999713897705,3.2799999713897705,3.2799999713897705,3.2799999713897705,485.0
2024-07-03 12:34:00,AVTE,1.690000057220459,1.690000057220459,1.690000057220459,1.690000057220459,1.690000057220459,1739.0
2024-07-03 12:34:00,AVXL,4.119999885559082,4.119999885559082,4.125,4.119999885559082,4.125,599.0
2024-07-03 12:34:00,AXGN,7.473999977111816,7.473999977111816,7.473999977111816,7.473999977111816,7.473999977111816,788.0
2024-07-03 12:34:00,AXNX,67.5199966430664,67.5199966430664,67.5199966430664,67.5199966430664,67.5199966430664,288.0
2024-07-03 12:34:00,AXSM,80.01499938964844,80.01499938964844,80.01499938964844,80.01499938964844,80.01499938964844,294.0
2024-07-03 12:34:00,AZN,76.78500366210938,76.78500366210938,76.80000305175781,76.76499938964844,76.7699966430664,7525.0
2024-07-03 12:34:00,AZTA,52.470001220703125,52.470001220703125,52.47999954223633,52.470001220703125,52.47999954223633,1362.0
2024-07-03 12:34:00,BBIO,25.344999313354492,25.344999313354492,25.344999313354492,25.34000015258789,25.344999313354492,841.0
2024-07-03 12:34:00,BCLI,0.3440000116825104,0.3440000116825104,0.3440000116825104,0.3440000116825104,0.3440000116825104,4003.0
2024-07-03 12:34:00,BCRX,6.45989990234375,6.45989990234375,6.460000038146973,6.45989990234375,6.460000038146973,1237.0
2024-07-03 12:34:00,BDTX,4.360000133514404,4.360000133514404,4.360000133514404,4.360000133514404,4.360000133514404,547.0
2024-07-03 12:34:00,BEAM,23.579999923706055,23.579999923706055,23.6200008392334,23.579999923706055,23.604999542236328,2358.0
2024-07-03 12:34:00,BFRI,0.8299999833106995,0.8299999833106995,0.8500000238418579,0.8299999833106995,0.8500000238418579,1910.0
2024-07-03 12:34:00,BIIB,223.7949981689453,223.7949981689453,223.92999267578125,223.7949981689453,223.92999267578125,991.0
2024-07-03 12:34:00,BIVI,0.4162999987602234,0.4162999987602234,0.4162999987602234,0.41510000824928284,0.41510000824928284,2889.0
2024-07-03 12:34:00,BLFS,19.940000534057617,19.940000534057617,19.959999084472656,19.940000534057617,19.959999084472656,1166.0
2024-07-03 12:34:00,BLUE,0.9186000227928162,0.9186000227928162,0.9186000227928162,0.9125999808311462,0.9151999950408936,23176.0
2024-07-03 12:34:00,BMEA,4.315000057220459,4.315000057220459,4.315000057220459,4.309999942779541,4.315000057220459,1393.0
2024-07-03 12:34:00,BMRN,80.81999969482422,80.81999969482422,80.81999969482422,80.80999755859375,80.80999755859375,496.0
2024-07-03 12:34:00,BNGO,0.580299973487854,0.580299973487854,0.5875999927520752,0.580299973487854,0.5823000073432922,22969.0
2024-07-03 12:34:00,BNR,6.110000133514404,6.110000133514404,6.110000133514404,6.110000133514404,6.110000133514404,101.0
2024-07-03 12:34:00,BNTC,8.809499740600586,8.809499740600586,8.809499740600586,8.809499740600586,8.809499740600586,469.0
2024-07-03 12:34:00,BNTX,80.5250015258789,80.5250015258789,80.5250015258789,80.4800033569336,80.5250015258789,1253.0
2024-07-03 12:34:00,BPMC,110.73500061035156,110.73500061035156,110.7699966430664,110.73500061035156,110.7699966430664,719.0
2024-07-03 12:34:00,BPTH,1.7819000482559204,1.7819000482559204,1.7819000482559204,1.7819000482559204,1.7819000482559204,1507.0
2024-07-03 12:34:00,BRKR,61.59000015258789,61.59000015258789,61.619998931884766,61.58000183105469,61.59000015258789,7725.0
2024-07-03 12:34:00,BTAI,1.0700000524520874,1.0700000524520874,1.0750000476837158,1.0700000524520874,1.0750000476837158,7137.0
2024-07-03 12:34:00,BVS,5.949999809265137,5.949999809265137,5.97599983215332,5.949999809265137,5.97599983215332,6213.0
2024-07-03 12:34:00,CADL,6.275000095367432,6.275000095367432,6.275000095367432,6.275000095367432,6.275000095367432,110.0
2024-07-03 12:34:00,CCCC,4.570000171661377,4.570000171661377,4.574999809265137,4.570000171661377,4.574999809265137,5698.0
2024-07-03 12:34:00,CCRN,13.680000305175781,13.680000305175781,13.680000305175781,13.670000076293945,13.670000076293945,2170.0
2024-07-03 12:34:00,CDMO,7.75,7.75,7.755000114440918,7.730000019073486,7.739999771118164,4621.0
2024-07-03 12:34:00,CDNA,15.110899925231934,15.110899925231934,15.110899925231934,15.109999656677246,15.109999656677246,1114.0
2024-07-03 12:34:00,CDXS,2.869999885559082,2.869999885559082,2.869999885559082,2.869999885559082,2.869999885559082,792.0
2024-07-03 12:34:00,CELC,16.260000228881836,16.260000228881836,16.260000228881836,16.219999313354492,16.219999313354492,1387.0
2024-07-03 12:34:00,CERE,40.36000061035156,40.36000061035156,40.36000061035156,40.33000183105469,40.345001220703125,3698.0
2024-07-03 12:34:00,CERS,1.7199000120162964,1.7199000120162964,1.7199000120162964,1.7199000120162964,1.7199000120162964,636.0
2024-07-03 12:34:00,CGC,6.560100078582764,6.560100078582764,6.565000057220459,6.559999942779541,6.559999942779541,709.0
2024-07-03 12:34:00,CGEM,16.649999618530273,16.649999618530273,16.649999618530273,16.649999618530273,16.649999618530273,852.0
2024-07-03 12:34:00,CHRS,1.3849999904632568,1.3849999904632568,1.3849999904632568,1.3849999904632568,1.3849999904632568,2193.0
2024-07-03 12:34:00,CING,0.3517000079154968,0.3517000079154968,0.3517000079154968,0.35010001063346863,0.35010001063346863,7407.0
2024-07-03 12:34:00,CLDX,36.099998474121094,36.099998474121094,36.18000030517578,36.060001373291016,36.15999984741211,5257.0
2024-07-03 12:34:00,CLOV,1.2549999952316284,1.2549999952316284,1.2549999952316284,1.2549999952316284,1.2549999952316284,111.0
2024-07-03 12:34:00,CMPS,6.25,6.25,6.25029993057251,6.25,6.25,1410.0
2024-07-03 12:34:00,CMPX,0.8500000238418579,0.8500000238418579,0.8500000238418579,0.8500000238418579,0.8500000238418579,1102.0
2024-07-03 12:34:00,CNSP,1.4500000476837158,1.4500000476837158,1.4600000381469727,1.4500000476837158,1.4550000429153442,15501.0
2024-07-03 12:34:00,CNTX,1.7699999809265137,1.7699999809265137,1.7699999809265137,1.7699999809265137,1.7699999809265137,121.0
2024-07-03 12:34:00,COGT,8.305000305175781,8.305000305175781,8.329999923706055,8.289999961853027,8.329999923706055,1243.0
2024-07-03 12:34:00,COLL,32.380001068115234,32.380001068115234,32.43989944458008,32.380001068115234,32.43989944458008,1990.0
2024-07-03 12:34:00,CORT,30.32990074157715,30.32990074157715,30.32990074157715,30.31999969482422,30.31999969482422,958.0
2024-07-03 12:34:00,COSM,0.9100000262260437,0.9100000262260437,0.9100000262260437,0.9099000096321106,0.9099000096321106,4910.0
2024-07-03 12:34:00,CPRX,15.359999656677246,15.359999656677246,15.359999656677246,15.359999656677246,15.359999656677246,716.0
2024-07-03 12:34:00,CRBP,50.17499923706055,50.17499923706055,50.17499923706055,50.17499923706055,50.17499923706055,410.0
2024-07-03 12:34:00,CRBU,1.565000057220459,1.565000057220459,1.565000057220459,1.559999942779541,1.559999942779541,937.0
2024-07-03 12:34:00,CRDF,2.2750000953674316,2.2750000953674316,2.2750000953674316,2.2750000953674316,2.2750000953674316,336.0
2024-07-03 12:34:00,CRDL,1.9249999523162842,1.9249999523162842,1.9249999523162842,1.9249999523162842,1.9249999523162842,212.0
2024-07-03 12:34:00,CRMD,4.139999866485596,4.139999866485596,4.139999866485596,4.139999866485596,4.139999866485596,1093.0
2024-07-03 12:34:00,CRNX,44.56999969482422,44.56999969482422,44.56999969482422,44.56999969482422,44.56999969482422,188.0
2024-07-03 12:34:00,CRON,2.309999942779541,2.309999942779541,2.309999942779541,2.305000066757202,2.309999942779541,21419.0
2024-07-03 12:34:00,CRVS,1.7699999809265137,1.7699999809265137,1.7699999809265137,1.7699999809265137,1.7699999809265137,844.0
2024-07-03 12:34:00,CTKB,5.614999771118164,5.614999771118164,5.614999771118164,5.610000133514404,5.614999771118164,2588.0
2024-07-03 12:34:00,CUE,0.9817000031471252,0.9817000031471252,0.9817000031471252,0.9817000031471252,0.9817000031471252,322.0
2024-07-03 12:34:00,CVAC,3.2149999141693115,3.2149999141693115,3.2249999046325684,3.2100000381469727,3.2239999771118164,20979.0
2024-07-03 12:34:00,CVRX,11.786700248718262,11.786700248718262,11.786700248718262,11.786700248718262,11.786700248718262,536.0
2024-07-03 12:34:00,CYTH,1.2200000286102295,1.2200000286102295,1.2200000286102295,1.2200000286102295,1.2200000286102295,962.0
2024-07-03 12:34:00,CYTK,54.45000076293945,54.45000076293945,54.45000076293945,54.29999923706055,54.29999923706055,5936.0
2024-07-03 12:34:00,DCTH,7.909999847412109,7.909999847412109,7.909999847412109,7.909999847412109,7.909999847412109,284.0
2024-07-03 12:34:00,DH,5.389900207519531,5.389900207519531,5.389900207519531,5.389900207519531,5.389900207519531,293.0
2024-07-03 12:34:00,DNLI,21.469999313354492,21.469999313354492,21.469999313354492,21.450000762939453,21.450000762939453,1318.0
2024-07-03 12:34:00,DSGN,3.3010001182556152,3.3010001182556152,3.3010001182556152,3.3010001182556152,3.3010001182556152,599.0
2024-07-03 12:34:00,DVAX,11.085000038146973,11.085000038146973,11.09000015258789,11.081199645996094,11.09000015258789,1753.0
2024-07-03 12:34:00,DXCM,110.87999725341797,110.87999725341797,110.98500061035156,110.87999725341797,110.98500061035156,4958.0
2024-07-03 12:34:00,DYN,33.84000015258789,33.84000015258789,33.84000015258789,33.84000015258789,33.84000015258789,235.0
2024-07-03 12:34:00,EDIT,4.619999885559082,4.619999885559082,4.630000114440918,4.619999885559082,4.625,1132.0
2024-07-03 12:34:00,EMBC,12.009900093078613,12.009900093078613,12.009900093078613,12.009900093078613,12.009900093078613,502.0
2024-07-03 12:34:00,ENSG,126.56999969482422,126.56999969482422,126.80500030517578,126.56999969482422,126.80500030517578,3511.0
2024-07-03 12:34:00,ENVB,0.5097000002861023,0.5097000002861023,0.5097000002861023,0.5097000002861023,0.5097000002861023,0.0
2024-07-03 12:34:00,EOLS,10.968999862670898,10.968999862670898,10.968999862670898,10.968999862670898,10.968999862670898,160.0
2024-07-03 12:34:00,ERAS,2.2100000381469727,2.2100000381469727,2.2100000381469727,2.2100000381469727,2.2100000381469727,770.0
2024-07-03 12:34:00,ESPR,2.365000009536743,2.365000009536743,2.369999885559082,2.360100030899048,2.369999885559082,7779.0
2024-07-03 12:34:00,ETNB,7.489999771118164,7.489999771118164,7.489999771118164,7.480000019073486,7.489999771118164,1476.0
2024-07-03 12:34:00,EWTX,18.125,18.125,18.125,18.1200008392334,18.1200008392334,730.0
2024-07-03 12:34:00,EXAS,43.195701599121094,43.195701599121094,43.220001220703125,43.19499969482422,43.209999084472656,5036.0
2024-07-03 12:34:00,EXEL,21.875,21.875,21.875,21.864999771118164,21.8700008392334,6302.0
2024-07-03 12:34:00,EYEN,0.7897999882698059,0.7897999882698059,0.7897999882698059,0.7864000201225281,0.7864000201225281,1874.0
2024-07-03 12:34:00,EYPT,8.670000076293945,8.670000076293945,8.670000076293945,8.640000343322754,8.640000343322754,447.0
2024-07-03 12:34:00,FATE,3.1549999713897705,3.1549999713897705,3.1549999713897705,3.1549999713897705,3.1549999713897705,1277.0
2024-07-03 12:34:00,FBIO,1.7899999618530273,1.7899999618530273,1.7899999618530273,1.7899999618530273,1.7899999618530273,200.0
2024-07-03 12:34:00,FDMT,20.850000381469727,20.850000381469727,20.850000381469727,20.850000381469727,20.850000381469727,475.0
2024-07-03 12:34:00,FGEN,0.7161999940872192,0.7161999940872192,0.7168999910354614,0.7124999761581421,0.7146000266075134,4461.0
2024-07-03 12:34:00,FOLD,9.875,9.875,9.875,9.869999885559082,9.875,7711.0
2024-07-03 12:34:00,FULC,6.135000228881836,6.135000228881836,6.135000228881836,6.130000114440918,6.130000114440918,369.0
2024-07-03 12:34:00,GALT,2.190000057220459,2.190000057220459,2.190000057220459,2.190000057220459,2.190000057220459,1451.0
2024-07-03 12:34:00,GDRX,7.800000190734863,7.800000190734863,7.800000190734863,7.800000190734863,7.800000190734863,122.0
2024-07-03 12:34:00,GERN,4.329899787902832,4.329899787902832,4.329999923706055,4.320000171661377,4.324999809265137,3691.0
2024-07-03 12:34:00,GHRS,11.78499984741211,11.78499984741211,11.90999984741211,11.78499984741211,11.90999984741211,316.0
2024-07-03 12:34:00,GILD,66.87000274658203,66.87000274658203,66.87989807128906,66.86499786376953,66.87000274658203,4569.0
2024-07-03 12:34:00,GLPG,24.959999084472656,24.959999084472656,24.969999313354492,24.959999084472656,24.969999313354492,662.0
2024-07-03 12:34:00,GLUE,3.859999895095825,3.859999895095825,3.869999885559082,3.8499999046325684,3.869999885559082,2278.0
2024-07-03 12:34:00,GOSS,0.9699000120162964,0.9699000120162964,0.9699000120162964,0.9699000120162964,0.9699000120162964,877.0
2024-07-03 12:34:00,GOVX,2.850100040435791,2.850100040435791,2.850100040435791,2.850100040435791,2.850100040435791,250.0
2024-07-03 12:34:00,GRFS,6.675000190734863,6.675000190734863,6.675000190734863,6.675000190734863,6.675000190734863,312.0
2024-07-03 12:34:00,GRTS,0.5759999752044678,0.5759999752044678,0.5759999752044678,0.5751000046730042,0.5751000046730042,3126.0
2024-07-03 12:34:00,GTHX,2.575000047683716,2.575000047683716,2.575000047683716,2.575000047683716,2.575000047683716,812.0
2024-07-03 12:34:00,HALO,52.20500183105469,52.20500183105469,52.20500183105469,52.1974983215332,52.20500183105469,1028.0
2024-07-03 12:34:00,HCSG,10.654999732971191,10.654999732971191,10.654999732971191,10.654999732971191,10.654999732971191,256.0
2024-07-03 12:34:00,HOLX,73.19000244140625,73.19000244140625,73.19000244140625,73.16999816894531,73.16999816894531,1807.0
2024-07-03 12:34:00,HOOK,0.5860999822616577,0.5860999822616577,0.5860999822616577,0.5860000252723694,0.5860000252723694,36762.0
2024-07-03 12:34:00,HOWL,2.049999952316284,2.049999952316284,2.049999952316284,2.049999952316284,2.049999952316284,334.0
2024-07-03 12:34:00,HQY,83.62999725341797,83.62999725341797,83.67500305175781,83.62999725341797,83.67500305175781,653.0
2024-07-03 12:34:00,HRMY,30.700000762939453,30.700000762939453,30.84000015258789,30.690000534057617,30.700000762939453,8652.0
2024-07-03 12:34:00,HROW,21.485000610351562,21.485000610351562,21.485000610351562,21.485000610351562,21.485000610351562,465.0
2024-07-03 12:34:00,HRTX,2.7249999046325684,2.7249999046325684,2.7249999046325684,2.7218000888824463,2.7249999046325684,7078.0
2024-07-03 12:34:00,HSIC,65.02999877929688,65.02999877929688,65.05000305175781,65.02999877929688,65.05000305175781,1436.0
2024-07-03 12:34:00,HUMA,5.7778000831604,5.7778000831604,5.78000020980835,5.760000228881836,5.760000228881836,10202.0
2024-07-03 12:34:00,IART,28.559999465942383,28.559999465942383,28.56999969482422,28.559999465942383,28.559999465942383,892.0
2024-07-03 12:34:00,IBRX,6.264999866485596,6.264999866485596,6.264999866485596,6.264999866485596,6.264999866485596,902.0
2024-07-03 12:34:00,ICLR,318.364990234375,318.364990234375,318.5,318.364990234375,318.5,325.0
2024-07-03 12:34:00,IDYA,33.244998931884766,33.244998931884766,33.2599983215332,33.244998931884766,33.2599983215332,972.0
2024-07-03 12:34:00,IGMS,6.429999828338623,6.429999828338623,6.440000057220459,6.429999828338623,6.440000057220459,1227.0
2024-07-03 12:34:00,IKT,1.159999966621399,1.159999966621399,1.1897000074386597,1.159999966621399,1.1897000074386597,400.0
2024-07-03 12:34:00,ILMN,105.52999877929688,105.52999877929688,105.58499908447266,105.52999877929688,105.58499908447266,1920.0
2024-07-03 12:34:00,IMCR,36.01499938964844,36.01499938964844,36.01499938964844,36.01499938964844,36.01499938964844,126.0
2024-07-03 12:34:00,IMMP,2.0299999713897705,2.0299999713897705,2.0299999713897705,2.0199999809265137,2.0199999809265137,820.0
2024-07-03 12:34:00,IMUX,1.125,1.125,1.125,1.125,1.125,3778.0
2024-07-03 12:34:00,IMVT,26.18000030517578,26.18000030517578,26.18000030517578,26.18000030517578,26.18000030517578,669.0
2024-07-03 12:34:00,INAB,0.796999990940094,0.796999990940094,0.796999990940094,0.796999990940094,0.796999990940094,200.0
2024-07-03 12:34:00,INCY,57.630001068115234,57.630001068115234,57.650001525878906,57.619998931884766,57.650001525878906,3582.0
2024-07-03 12:34:00,INGN,8.085000038146973,8.085000038146973,8.085000038146973,8.085000038146973,8.085000038146973,208.0
2024-07-03 12:34:00,INMB,7.909999847412109,7.909999847412109,7.909999847412109,7.909999847412109,7.909999847412109,1299.0
2024-07-03 12:34:00,INMD,17.520000457763672,17.520000457763672,17.520200729370117,17.520000457763672,17.520000457763672,1243.0
2024-07-03 12:34:00,INO,8.390000343322754,8.390000343322754,8.390000343322754,8.390000343322754,8.390000343322754,240.0
2024-07-03 12:34:00,INSM,62.04999923706055,62.04999923706055,62.1349983215332,61.9900016784668,62.029998779296875,33453.0
2024-07-03 12:34:00,INVA,16.315000534057617,16.315000534057617,16.315000534057617,16.315000534057617,16.315000534057617,354.0
2024-07-03 12:34:00,INZY,4.474999904632568,4.474999904632568,4.474999904632568,4.474999904632568,4.474999904632568,471.0
2024-07-03 12:34:00,IONS,45.400001525878906,45.400001525878906,45.40999984741211,45.2400016784668,45.2400016784668,5953.0
2024-07-03 12:34:00,IOVA,7.389999866485596,7.389999866485596,7.396999835968018,7.389999866485596,7.391200065612793,13900.0
2024-07-03 12:34:00,IPSC,2.2200000286102295,2.2200000286102295,2.2200000286102295,2.2200000286102295,2.2200000286102295,359.0
2024-07-03 12:34:00,IRTC,95.38999938964844,95.38999938964844,95.66000366210938,95.38999938964844,95.66000366210938,1772.0
2024-07-03 12:34:00,IRWD,6.110000133514404,6.110000133514404,6.110000133514404,6.110000133514404,6.110000133514404,513.0
2024-07-03 12:34:00,ISPC,0.2759999930858612,0.2759999930858612,0.2759999930858612,0.2759999930858612,0.2759999930858612,700.0
2024-07-03 12:34:00,ISRG,433.8500061035156,433.8500061035156,434.4599914550781,433.8500061035156,434.2325134277344,24699.0
2024-07-03 12:34:00,ITOS,14.819999694824219,14.819999694824219,14.829999923706055,14.819999694824219,14.819999694824219,2152.0
2024-07-03 12:34:00,IVVD,1.0950000286102295,1.0950000286102295,1.0950000286102295,1.0950000286102295,1.0950000286102295,201.0
2024-07-03 12:34:00,JANX,38.18000030517578,38.18000030517578,38.26499938964844,38.18000030517578,38.18000030517578,991.0
2024-07-03 12:34:00,JAZZ,103.27999877929688,103.27999877929688,103.27999877929688,103.27999877929688,103.27999877929688,460.0
2024-07-03 12:34:00,JSPR,22.579999923706055,22.579999923706055,22.59000015258789,22.579999923706055,22.59000015258789,322.0
2024-07-03 12:34:00,KALV,11.670000076293945,11.670000076293945,11.670000076293945,11.65999984741211,11.670000076293945,2737.0
2024-07-03 12:34:00,KMDA,5.110000133514404,5.110000133514404,5.110000133514404,5.110000133514404,5.110000133514404,300.0
2024-07-03 12:34:00,KRMD,2.5199999809265137,2.5199999809265137,2.5199999809265137,2.5199999809265137,2.5199999809265137,425.0
2024-07-03 12:34:00,KROS,42.375,42.375,42.375,42.375,42.375,364.0
2024-07-03 12:34:00,KRYS,176.5,176.5,176.5,176.5,176.5,503.0
2024-07-03 12:34:00,KTRA,0.2777999937534332,0.2777999937534332,0.27790001034736633,0.2777999937534332,0.2777999937534332,5573.0
2024-07-03 12:34:00,KZR,0.5776000022888184,0.5776000022888184,0.5776000022888184,0.5776000022888184,0.5776000022888184,819.0
2024-07-03 12:34:00,LAB,1.8854999542236328,1.8854999542236328,1.8854999542236328,1.8799999952316284,1.8849999904632568,13634.0
2024-07-03 12:34:00,LBPH,31.96500015258789,31.96500015258789,31.96500015258789,31.96500015258789,31.96500015258789,887.0
2024-07-03 12:34:00,LEGN,46.310001373291016,46.310001373291016,46.310001373291016,46.22999954223633,46.275001525878906,3357.0
2024-07-03 12:34:00,LFMD,6.809999942779541,6.809999942779541,6.809999942779541,6.804999828338623,6.804999828338623,869.0
2024-07-03 12:34:00,LFST,5.119999885559082,5.119999885559082,5.119999885559082,5.113999843597412,5.113999843597412,1022.0
2024-07-03 12:34:00,LGND,82.5,82.5,82.5,82.37000274658203,82.37000274658203,3192.0
2024-07-03 12:34:00,LIVN,52.72999954223633,52.72999954223633,52.72999954223633,52.689998626708984,52.689998626708984,2163.0
2024-07-03 12:34:00,LNTH,79.76000213623047,79.76000213623047,79.76000213623047,79.76000213623047,79.76000213623047,896.0
2024-07-03 12:34:00,LPTX,1.840000033378601,1.840000033378601,1.840000033378601,1.8300000429153442,1.8300000429153442,425.0
2024-07-03 12:34:00,LQDA,12.010000228881836,12.010000228881836,12.010000228881836,11.989999771118164,11.989999771118164,2708.0
2024-07-03 12:34:00,LRMR,7.710000038146973,7.710000038146973,7.710000038146973,7.710000038146973,7.710000038146973,200.0
2024-07-03 12:34:00,LUCD,0.7620000243186951,0.7620000243186951,0.7652000188827515,0.7620000243186951,0.7620000243186951,1642.0
2024-07-03 12:34:00,LUCY,0.4625000059604645,0.4625000059604645,0.4634000062942505,0.4625000059604645,0.4634000062942505,26904.0
2024-07-03 12:34:00,LXRX,1.625,1.625,1.625,1.625,1.625,2018.0
2024-07-03 12:34:00,LYRA,0.2856999933719635,0.2856999933719635,0.2856999933719635,0.2856999933719635,0.2856999933719635,308.0
2024-07-03 12:34:00,MASI,114.19000244140625,114.19000244140625,114.19000244140625,114.19000244140625,114.19000244140625,268.0
2024-07-03 12:34:00,MBIO,0.49309998750686646,0.49309998750686646,0.4941999912261963,0.49309998750686646,0.4941999912261963,7566.0
2024-07-03 12:34:00,MCRB,0.7347999811172485,0.7347999811172485,0.7347999811172485,0.7347999811172485,0.7347999811172485,2139.0
2024-07-03 12:34:00,MDWD,14.5,14.5,14.5,14.452199935913086,14.452199935913086,2596.0
2024-07-03 12:34:00,MDXG,6.78249979019165,6.78249979019165,6.784999847412109,6.78249979019165,6.784999847412109,840.0
2024-07-03 12:34:00,ME,0.40529999136924744,0.40529999136924744,0.40529999136924744,0.40529999136924744,0.40529999136924744,1068.0
2024-07-03 12:34:00,MGNX,4.159999847412109,4.159999847412109,4.159999847412109,4.150000095367432,4.15500020980835,4305.0
2024-07-03 12:34:00,MGTX,3.9600000381469727,3.9600000381469727,3.9700000286102295,3.9600000381469727,3.9700000286102295,734.0
2024-07-03 12:34:00,MIRM,33.79999923706055,33.79999923706055,33.79999923706055,33.79999923706055,33.79999923706055,461.0
2024-07-03 12:34:00,MMSI,86.0,86.0,86.2300033569336,86.0,86.2300033569336,3676.0
2024-07-03 12:34:00,MNKD,5.014999866485596,5.014999866485596,5.014999866485596,5.010000228881836,5.010000228881836,1120.0
2024-07-03 12:34:00,MODD,1.4600000381469727,1.4600000381469727,1.4600000381469727,1.4600000381469727,1.4600000381469727,100.0
2024-07-03 12:34:00,MREO,3.5499000549316406,3.5499000549316406,3.5499000549316406,3.5499000549316406,3.5499000549316406,551.0
2024-07-03 12:34:00,MRNA,115.9000015258789,115.9000015258789,115.92500305175781,115.8499984741211,115.87000274658203,3577.0
2024-07-03 12:34:00,MRSN,1.8450000286102295,1.8450000286102295,1.850000023841858,1.840000033378601,1.840000033378601,1289.0
2024-07-03 12:34:00,MRUS,52.79999923706055,52.79999923706055,52.79999923706055,52.744998931884766,52.744998931884766,1081.0
2024-07-03 12:34:00,MRVI,7.014999866485596,7.014999866485596,7.019999980926514,7.010000228881836,7.010000228881836,2559.0
2024-07-03 12:34:00,MXCT,3.7049999237060547,3.7049999237060547,3.7100000381469727,3.694999933242798,3.694999933242798,4616.0
2024-07-03 12:34:00,MYGN,24.950000762939453,24.950000762939453,24.950000762939453,24.950000762939453,24.950000762939453,174.0
2024-07-03 12:34:00,NDRA,0.09229999780654907,0.09229999780654907,0.09229999780654907,0.09229999780654907,0.09229999780654907,6000.0
2024-07-03 12:34:00,NEOG,15.095000267028809,15.095000267028809,15.095000267028809,15.09000015258789,15.095000267028809,671.0
2024-07-03 12:34:00,NKTR,1.284999966621399,1.284999966621399,1.2899999618530273,1.274999976158142,1.2799999713897705,9324.0
2024-07-03 12:34:00,NOTV,1.6549999713897705,1.6549999713897705,1.6549999713897705,1.6549999713897705,1.6549999713897705,323.0
2024-07-03 12:34:00,NTLA,22.799999237060547,22.799999237060547,22.799999237060547,22.780000686645508,22.780000686645508,2004.0
2024-07-03 12:34:00,NTRA,111.45999908447266,111.45999908447266,111.62999725341797,111.45999908447266,111.62999725341797,4789.0
2024-07-03 12:34:00,NUTX,5.289999961853027,5.289999961853027,5.289999961853027,5.289999961853027,5.289999961853027,222.0
2024-07-03 12:34:00,NVAX,12.541000366210938,12.541000366210938,12.550000190734863,12.539999961853027,12.545000076293945,9480.0
2024-07-03 12:34:00,NVCR,16.700000762939453,16.700000762939453,16.709999084472656,16.698999404907227,16.700000762939453,11230.0
2024-07-03 12:34:00,NVCT,6.25,6.25,6.25,6.25,6.25,350.0
2024-07-03 12:34:00,NVOS,0.7574999928474426,0.7574999928474426,0.7574999928474426,0.7574999928474426,0.7574999928474426,196.0
2024-07-03 12:34:00,NXL,1.440000057220459,1.440000057220459,1.440000057220459,1.4199999570846558,1.4199999570846558,3901.0
2024-07-03 12:34:00,OCGN,1.625,1.625,1.6299999952316284,1.625,1.625,4978.0
2024-07-03 12:34:00,OCUL,6.675000190734863,6.675000190734863,6.679999828338623,6.659999847412109,6.659999847412109,9815.0
2024-07-03 12:34:00,OLK,25.75,25.75,25.7549991607666,25.75,25.7549991607666,1149.0
2024-07-03 12:34:00,OLMA,10.46500015258789,10.46500015258789,10.46500015258789,10.46500015258789,10.46500015258789,207.0
2024-07-03 12:34:00,OM,3.869999885559082,3.869999885559082,3.869999885559082,3.869999885559082,3.869999885559082,2971.0
2024-07-03 12:34:00,OMCL,26.600000381469727,26.600000381469727,26.600000381469727,26.600000381469727,26.600000381469727,1064.0
2024-07-03 12:34:00,OMER,3.880000114440918,3.880000114440918,3.880000114440918,3.880000114440918,3.880000114440918,829.0
2024-07-03 12:34:00,OMGA,1.909999966621399,1.909999966621399,1.909999966621399,1.9049999713897705,1.9049999713897705,2106.0
2024-07-03 12:35:00,AADI,1.3949999809265137,1.3949999809265137,1.3949999809265137,1.3849999904632568,1.3898999691009521,10878.0
2024-07-03 12:35:00,ABCL,2.7190001010894775,2.7190001010894775,2.7190001010894775,2.7190001010894775,2.7190001010894775,316.0
2024-07-03 12:35:00,ABEO,4.320000171661377,4.320000171661377,4.320000171661377,4.320000171661377,4.320000171661377,90.0
2024-07-03 12:35:00,ABOS,2.299999952316284,2.299999952316284,2.299999952316284,2.299999952316284,2.299999952316284,103.0
2024-07-03 12:35:00,ABSI,3.200000047683716,3.200000047683716,3.200000047683716,3.200000047683716,3.200000047683716,308.0
2024-07-03 12:35:00,ABUS,3.1549999713897705,3.1549999713897705,3.1549999713897705,3.1549999713897705,3.1549999713897705,800.0
2024-07-03 12:35:00,ACAD,15.574999809265137,15.574999809265137,15.574999809265137,15.574999809265137,15.574999809265137,676.0
2024-07-03 12:35:00,ACB,4.920000076293945,4.920000076293945,4.920000076293945,4.920000076293945,4.920000076293945,1389.0
2024-07-03 12:35:00,ACCD,3.6549999713897705,3.6549999713897705,3.6649999618530273,3.6549999713897705,3.6649999618530273,3035.0
2024-07-03 12:35:00,ACET,1.0809999704360962,1.0809999704360962,1.0850000381469727,1.0800000429153442,1.0800000429153442,6014.0
2024-07-03 12:35:00,ACHC,66.75499725341797,66.75499725341797,66.75499725341797,66.73999786376953,66.75,2139.0
2024-07-03 12:35:00,ACIU,3.813800096511841,3.813800096511841,3.813800096511841,3.813800096511841,3.813800096511841,200.0
2024-07-03 12:35:00,ACRS,1.149999976158142,1.149999976158142,1.149999976158142,1.149999976158142,1.149999976158142,1300.0
2024-07-03 12:35:00,ADMA,11.1850004196167,11.1850004196167,11.194999694824219,11.180000305175781,11.1899995803833,20934.0
2024-07-03 12:35:00,ADPT,3.424999952316284,3.424999952316284,3.424999952316284,3.424999952316284,3.424999952316284,553.0
2024-07-03 12:35:00,ADUS,117.30000305175781,117.30000305175781,117.5,117.30000305175781,117.5,1728.0
2024-07-03 12:35:00,ADVM,7.079999923706055,7.079999923706055,7.079999923706055,7.079999923706055,7.079999923706055,205.0
2024-07-03 12:35:00,AEMD,0.40529999136924744,0.40529999136924744,0.40529999136924744,0.40529999136924744,0.40529999136924744,101.0
2024-07-03 12:35:00,AGEN,14.270000457763672,14.270000457763672,14.270000457763672,14.260000228881836,14.260000228881836,1563.0
2024-07-03 12:35:00,AGIO,41.88999938964844,41.88999938964844,41.89500045776367,41.88999938964844,41.88999938964844,2488.0
2024-07-03 12:35:00,AIMD,0.9404000043869019,0.9404000043869019,0.9420999884605408,0.9399999976158142,0.9420999884605408,6742.0
2024-07-03 12:35:00,AKBA,0.9528999924659729,0.9528999924659729,0.9528999924659729,0.9528999924659729,0.9528999924659729,263.0
2024-07-03 12:35:00,AKRO,21.80500030517578,21.80500030517578,21.809999465942383,21.799999237060547,21.799999237060547,1606.0
2024-07-03 12:35:00,AKYA,2.119999885559082,2.119999885559082,2.125,2.119999885559082,2.125,2219.0
2024-07-03 12:35:00,ALDX,3.184999942779541,3.184999942779541,3.184999942779541,3.184999942779541,3.184999942779541,823.0
2024-07-03 12:35:00,ALEC,4.420000076293945,4.420000076293945,4.420000076293945,4.420000076293945,4.420000076293945,200.0
2024-07-03 12:35:00,ALGN,242.7050018310547,242.7050018310547,242.7050018310547,242.4949951171875,242.4949951171875,2457.0
2024-07-03 12:35:00,ALGS,0.4251999855041504,0.4251999855041504,0.4251999855041504,0.4251999855041504,0.4251999855041504,400.0
2024-07-03 12:35:00,ALHC,8.029999732971191,8.029999732971191,8.029999732971191,8.029999732971191,8.029999732971191,200.0
2024-07-03 12:35:00,ALKS,24.19499969482422,24.19499969482422,24.19499969482422,24.190000534057617,24.194900512695312,1589.0
2024-07-03 12:35:00,ALLK,0.8288999795913696,0.8288999795913696,0.8288999795913696,0.8288000226020813,0.8288999795913696,16307.0
2024-07-03 12:35:00,ALLO,2.0850000381469727,2.0850000381469727,2.0899999141693115,2.0850000381469727,2.0850000381469727,6703.0
2024-07-03 12:35:00,ALLR,0.20319999754428864,0.20319999754428864,0.20319999754428864,0.20319999754428864,0.20319999754428864,21051.0
2024-07-03 12:35:00,ALNY,246.22500610351562,246.22500610351562,246.30999755859375,246.22500610351562,246.30999755859375,1436.0
2024-07-03 12:35:00,ALT,6.630000114440918,6.630000114440918,6.630000114440918,6.619999885559082,6.629899978637695,2319.0
2024-07-03 12:35:00,ALVR,0.73580002784729,0.73580002784729,0.73580002784729,0.7350000143051147,0.7350000143051147,349.0
2024-07-03 12:35:00,ALXO,5.690000057220459,5.690000057220459,5.699999809265137,5.690000057220459,5.699999809265137,3072.0
2024-07-03 12:35:00,AMED,97.12999725341797,97.12999725341797,97.19000244140625,97.125,97.13999938964844,2993.0
2024-07-03 12:35:00,AMGN,307.5899963378906,307.5899963378906,307.5899963378906,307.360107421875,307.5400085449219,3168.0
2024-07-03 12:35:00,AMPH,38.08000183105469,38.08000183105469,38.08000183105469,38.08000183105469,38.08000183105469,547.0
2024-07-03 12:35:00,AMRN,0.6850000023841858,0.6850000023841858,0.6850000023841858,0.6850000023841858,0.6850000023841858,1610.0
2024-07-03 12:35:00,ANAB,24.979999542236328,24.979999542236328,24.979999542236328,24.979999542236328,24.979999542236328,1875.0
2024-07-03 12:35:00,ANNX,4.769999980926514,4.769999980926514,4.769999980926514,4.764999866485596,4.764999866485596,7596.0
2024-07-03 12:35:00,ANTX,2.5850000381469727,2.5850000381469727,2.5899999141693115,2.5799999237060547,2.5799999237060547,1889.0
2024-07-03 12:35:00,APDN,0.390500009059906,0.390500009059906,0.390500009059906,0.38999998569488525,0.38999998569488525,891.0
2024-07-03 12:35:00,APLS,35.25,35.25,35.27000045776367,35.25,35.27000045776367,1424.0
2024-07-03 12:35:00,APLT,4.355000019073486,4.355000019073486,4.360000133514404,4.355000019073486,4.355000019073486,709.0
2024-07-03 12:35:00,AQST,2.4149999618530273,2.4149999618530273,2.4149999618530273,2.4100000858306885,2.4149999618530273,592.0
2024-07-03 12:35:00,ARCT,21.885000228881836,21.885000228881836,21.885000228881836,21.885000228881836,21.885000228881836,443.0
2024-07-03 12:35:00,ARDX,5.295000076293945,5.295000076293945,5.295000076293945,5.29010009765625,5.295000076293945,4941.0
2024-07-03 12:35:00,ARQT,9.574999809265137,9.574999809265137,9.574999809265137,9.555000305175781,9.5649995803833,3643.0
2024-07-03 12:35:00,ARVN,23.934999465942383,23.934999465942383,23.979999542236328,23.93000030517578,23.979999542236328,3397.0
2024-07-03 12:35:00,ARWR,25.110000610351562,25.110000610351562,25.149999618530273,25.09000015258789,25.1299991607666,5488.0
2024-07-03 12:35:00,ASMB,12.34000015258789,12.34000015258789,12.34000015258789,12.34000015258789,12.34000015258789,109.0
2024-07-03 12:35:00,ASRT,1.3300000429153442,1.3300000429153442,1.339400053024292,1.3300000429153442,1.3300000429153442,8642.0
2024-07-03 12:35:00,ATAI,1.2799999713897705,1.2799999713897705,1.2799999713897705,1.2799999713897705,1.2799999713897705,381.0
2024-07-03 12:35:00,ATEC,10.029999732971191,10.029999732971191,10.029999732971191,10.024999618530273,10.024999618530273,815.0
2024-07-03 12:35:00,ATOS,1.1649999618530273,1.1649999618530273,1.1699999570846558,1.1649999618530273,1.1699999570846558,690.0
2024-07-03 12:35:00,ATRA,7.815000057220459,7.815000057220459,7.815000057220459,7.815000057220459,7.815000057220459,734.0
2024-07-03 12:35:00,ATRC,22.375,22.375,22.375,22.375,22.375,248.0
2024-07-03 12:35:00,ATRI,452.30499267578125,452.30499267578125,453.3800048828125,452.30499267578125,453.3800048828125,330.0
2024-07-03 12:35:00,ATXS,9.055000305175781,9.055000305175781,9.055000305175781,9.039999961853027,9.039999961853027,831.0
2024-07-03 12:35:00,AUGX,0.9987999796867371,0.9987999796867371,0.9987999796867371,0.9955000281333923,0.9955000281333923,1800.0
2024-07-03 12:35:00,AUPH,5.479100227355957,5.479100227355957,5.479100227355957,5.479100227355957,5.479100227355957,607.0
2024-07-03 12:35:00,AUTL,3.4749999046325684,3.4749999046325684,3.4800000190734863,3.4749999046325684,3.4749999046325684,6271.0
2024-07-03 12:35:00,AVAH,2.6600000858306885,2.6600000858306885,2.6600000858306885,2.6600000858306885,2.6600000858306885,275.0
2024-07-03 12:35:00,AVDL,14.5,14.5,14.5,14.49899959564209,14.49899959564209,567.0
2024-07-03 12:35:00,AVTE,1.684999942779541,1.684999942779541,1.690000057220459,1.684999942779541,1.690000057220459,1666.0
2024-07-03 12:35:00,AVXL,4.135000228881836,4.135000228881836,4.135000228881836,4.119999885559082,4.119999885559082,2029.0
2024-07-03 12:35:00,AWH,1.0200999975204468,1.0200999975204468,1.0200999975204468,1.0200999975204468,1.0200999975204468,0.0
2024-07-03 12:35:00,AXNX,67.5199966430664,67.5199966430664,67.5199966430664,67.5199966430664,67.5199966430664,414.0
2024-07-03 12:35:00,AXSM,79.98999786376953,79.98999786376953,80.03500366210938,79.98999786376953,80.03500366210938,386.0
2024-07-03 12:35:00,AZN,76.7750015258789,76.7750015258789,76.77999877929688,76.76499938964844,76.77999877929688,3738.0
2024-07-03 12:35:00,AZTA,52.470001220703125,52.470001220703125,52.470001220703125,52.470001220703125,52.470001220703125,796.0
2024-07-03 12:35:00,BBIO,25.31999969482422,25.31999969482422,25.350000381469727,25.31999969482422,25.350000381469727,4277.0
2024-07-03 12:35:00,BCAB,1.399999976158142,1.399999976158142,1.409999966621399,1.399999976158142,1.4049999713897705,3486.0
2024-07-03 12:35:00,BCRX,6.451200008392334,6.451200008392334,6.454999923706055,6.451200008392334,6.454999923706055,978.0
2024-07-03 12:35:00,BDTX,4.360000133514404,4.360000133514404,4.360000133514404,4.360000133514404,4.360000133514404,232.0
2024-07-03 12:35:00,BEAM,23.548999786376953,23.548999786376953,23.548999786376953,23.548999786376953,23.548999786376953,1268.0
2024-07-03 12:35:00,BEAT,2.7699999809265137,2.7699999809265137,2.7699999809265137,2.7699999809265137,2.7699999809265137,37778.0
2024-07-03 12:35:00,BGNE,148.06500244140625,148.06500244140625,148.06500244140625,148.06500244140625,148.06500244140625,377.0
2024-07-03 12:35:00,BIAF,2.1689999103546143,2.1689999103546143,2.1689999103546143,2.1689999103546143,2.1689999103546143,211.0
2024-07-03 12:35:00,BIIB,223.6300048828125,223.6300048828125,223.83999633789062,223.6300048828125,223.83999633789062,844.0
2024-07-03 12:35:00,BIOR,0.6348999738693237,0.6348999738693237,0.6348999738693237,0.6348999738693237,0.6348999738693237,1403.0
2024-07-03 12:35:00,BLUE,0.916700005531311,0.916700005531311,0.916700005531311,0.9147999882698059,0.9147999882698059,4941.0
2024-07-03 12:35:00,BMEA,4.315000057220459,4.315000057220459,4.315000057220459,4.315000057220459,4.315000057220459,109.0
2024-07-03 12:35:00,BMRN,80.81500244140625,80.81500244140625,80.81999969482422,80.80000305175781,80.80000305175781,626.0
2024-07-03 12:35:00,BNGO,0.588699996471405,0.588699996471405,0.5889999866485596,0.5874000191688538,0.5874000191688538,3707.0
2024-07-03 12:35:00,BNTX,80.41500091552734,80.41500091552734,80.5250015258789,80.38999938964844,80.5250015258789,2657.0
2024-07-03 12:35:00,BPMC,110.7300033569336,110.7300033569336,110.7300033569336,110.7300033569336,110.7300033569336,271.0
2024-07-03 12:35:00,BRKR,61.59000015258789,61.59000015258789,61.61000061035156,61.59000015258789,61.61000061035156,599.0
2024-07-03 12:35:00,BTAI,1.0750000476837158,1.0750000476837158,1.0750000476837158,1.0700000524520874,1.0700000524520874,669.0
2024-07-03 12:35:00,BVS,5.960000038146973,5.960000038146973,5.960000038146973,5.960000038146973,5.960000038146973,514.0
2024-07-03 12:35:00,CABA,7.5,7.5,7.5,7.5,7.5,519.0
2024-07-03 12:35:00,CADL,6.260000228881836,6.260000228881836,6.269999980926514,6.260000228881836,6.269999980926514,2748.0
2024-07-03 12:35:00,CASI,5.170000076293945,5.170000076293945,5.179999828338623,5.170000076293945,5.170000076293945,300.0
2024-07-03 12:35:00,CCCC,4.565000057220459,4.565000057220459,4.570000171661377,4.559999942779541,4.570000171661377,1327.0
2024-07-03 12:35:00,CDMO,7.757500171661377,7.757500171661377,7.760000228881836,7.75,7.755000114440918,2911.0
2024-07-03 12:35:00,CELC,16.260000228881836,16.260000228881836,16.260000228881836,16.260000228881836,16.260000228881836,370.0
2024-07-03 12:35:00,CERE,40.29999923706055,40.29999923706055,40.345001220703125,40.29999923706055,40.345001220703125,21762.0
2024-07-03 12:35:00,CERS,1.715000033378601,1.715000033378601,1.715000033378601,1.7100000381469727,1.7100000381469727,615.0
2024-07-03 12:35:00,CERT,13.760000228881836,13.760000228881836,13.760000228881836,13.760000228881836,13.760000228881836,2795.0
2024-07-03 12:35:00,CGC,6.565000057220459,6.565000057220459,6.5690999031066895,6.561100006103516,6.561100006103516,1247.0
2024-07-03 12:35:00,CGEM,16.68000030517578,16.68000030517578,16.69499969482422,16.68000030517578,16.69499969482422,989.0
2024-07-03 12:35:00,CING,0.35109999775886536,0.35109999775886536,0.35109999775886536,0.35100001096725464,0.35100001096725464,5108.0
2024-07-03 12:35:00,CLDX,36.119998931884766,36.119998931884766,36.119998931884766,36.09000015258789,36.1150016784668,724.0
2024-07-03 12:35:00,CLOV,1.2549999952316284,1.2549999952316284,1.2549999952316284,1.25,1.25,1170.0
2024-07-03 12:35:00,CLRB,2.4549999237060547,2.4549999237060547,2.4549999237060547,2.450000047683716,2.450000047683716,10529.0
2024-07-03 12:35:00,CMAX,2.2799999713897705,2.2799999713897705,2.2799999713897705,2.2750000953674316,2.2750000953674316,759.0
2024-07-03 12:35:00,CMPS,6.239999771118164,6.239999771118164,6.239999771118164,6.239999771118164,6.239999771118164,116.0
2024-07-03 12:35:00,CMPX,0.8367000222206116,0.8367000222206116,0.8500000238418579,0.8367000222206116,0.8500000238418579,4616.0
2024-07-03 12:35:00,CMRX,0.8632000088691711,0.8632000088691711,0.8632000088691711,0.8632000088691711,0.8632000088691711,234.0
2024-07-03 12:35:00,CNSP,1.4407000541687012,1.4407000541687012,1.4500000476837158,1.440000057220459,1.4400999546051025,9465.0
2024-07-03 12:35:00,COGT,8.329999923706055,8.329999923706055,8.329999923706055,8.300000190734863,8.300000190734863,480.0
2024-07-03 12:35:00,COLL,32.38999938964844,32.38999938964844,32.38999938964844,32.38999938964844,32.38999938964844,312.0
2024-07-03 12:35:00,CORT,30.391700744628906,30.391700744628906,30.43000030517578,30.31999969482422,30.31999969482422,6213.0
2024-07-03 12:35:00,COSM,0.9000999927520752,0.9000999927520752,0.9099000096321106,0.9000999927520752,0.9099000096321106,4381.0
2024-07-03 12:35:00,CPRX,15.380000114440918,15.380000114440918,15.380000114440918,15.359999656677246,15.369999885559082,3852.0
2024-07-03 12:35:00,CRBP,50.11000061035156,50.11000061035156,50.11000061035156,50.11000061035156,50.11000061035156,216.0
2024-07-03 12:35:00,CRBU,1.5800000429153442,1.5800000429153442,1.5800000429153442,1.565000057220459,1.565000057220459,25557.0
2024-07-03 12:35:00,CRNX,44.61000061035156,44.61000061035156,44.61000061035156,44.56999969482422,44.56999969482422,298.0
2024-07-03 12:35:00,CRON,2.315000057220459,2.315000057220459,2.315000057220459,2.309999942779541,2.309999942779541,4955.0
2024-07-03 12:35:00,CRSP,53.76499938964844,53.76499938964844,53.790000915527344,53.7599983215332,53.790000915527344,931.0
2024-07-03 12:35:00,CRVS,1.7799999713897705,1.7799999713897705,1.7799999713897705,1.7799999713897705,1.7799999713897705,1125.0
2024-07-03 12:35:00,CTKB,5.614999771118164,5.614999771118164,5.619999885559082,5.614999771118164,5.614999771118164,1792.0
2024-07-03 12:35:00,CTMX,1.2999999523162842,1.2999999523162842,1.2999999523162842,1.2999999523162842,1.2999999523162842,1723.0
2024-07-03 12:35:00,CUE,0.9817000031471252,0.9817000031471252,0.983299970626831,0.9817000031471252,0.9828000068664551,2521.0
2024-07-03 12:35:00,CVAC,3.2249999046325684,3.2249999046325684,3.2249999046325684,3.200000047683716,3.2100000381469727,32139.0
2024-07-03 12:35:00,CYTK,54.435001373291016,54.435001373291016,54.439998626708984,54.435001373291016,54.439998626708984,721.0
2024-07-03 12:35:00,DCTH,7.914999961853027,7.914999961853027,7.914999961853027,7.914999961853027,7.914999961853027,2015.0
2024-07-03 12:35:00,DH,5.385000228881836,5.385000228881836,5.389999866485596,5.385000228881836,5.389999866485596,863.0
2024-07-03 12:35:00,DNLI,21.459999084472656,21.459999084472656,21.46500015258789,21.459999084472656,21.46500015258789,971.0
2024-07-03 12:35:00,DVAX,11.095000267028809,11.095000267028809,11.095000267028809,11.085000038146973,11.085000038146973,1616.0
2024-07-03 12:35:00,DYN,33.8849983215332,33.8849983215332,33.88999938964844,33.834999084472656,33.834999084472656,1790.0
2024-07-03 12:35:00,EDIT,4.625,4.625,4.630000114440918,4.625,4.625,983.0
2024-07-03 12:35:00,EGRX,5.514999866485596,5.514999866485596,5.514999866485596,5.514999866485596,5.514999866485596,376.0
2024-07-03 12:35:00,ENSG,126.68499755859375,126.68499755859375,126.68499755859375,126.68499755859375,126.68499755859375,1524.0
2024-07-03 12:35:00,EOLS,10.9576997756958,10.9576997756958,10.960000038146973,10.9576997756958,10.960000038146973,868.0
2024-07-03 12:35:00,ERAS,2.2049999237060547,2.2049999237060547,2.2100000381469727,2.2049999237060547,2.2049999237060547,1305.0
2024-07-03 12:35:00,ESPR,2.365000009536743,2.365000009536743,2.369999885559082,2.365000009536743,2.369999885559082,13651.0
2024-07-03 12:35:00,ETNB,7.489999771118164,7.489999771118164,7.489999771118164,7.489999771118164,7.489999771118164,785.0
2024-07-03 12:35:00,EWTX,18.1299991607666,18.1299991607666,18.1299991607666,18.100000381469727,18.1200008392334,2694.0
2024-07-03 12:35:00,EXAI,5.440000057220459,5.440000057220459,5.440000057220459,5.440000057220459,5.440000057220459,180.0
2024-07-03 12:35:00,EXAS,43.209999084472656,43.209999084472656,43.209999084472656,43.209999084472656,43.209999084472656,2746.0
2024-07-03 12:35:00,EXEL,21.875,21.875,21.8799991607666,21.8700008392334,21.8700008392334,2934.0
2024-07-03 12:35:00,EYEN,0.7897999882698059,0.7897999882698059,0.7897999882698059,0.7897999882698059,0.7897999882698059,252.0
2024-07-03 12:35:00,EYPT,8.6899995803833,8.6899995803833,8.6899995803833,8.630000114440918,8.639200210571289,5079.0
2024-07-03 12:35:00,FATE,3.184999942779541,3.184999942779541,3.184999942779541,3.1500000953674316,3.1549999713897705,16930.0
2024-07-03 12:35:00,FGEN,0.7129999995231628,0.7129999995231628,0.7131999731063843,0.7129999995231628,0.7131999731063843,2444.0
2024-07-03 12:35:00,FLGT,20.097999572753906,20.097999572753906,20.097999572753906,20.097999572753906,20.097999572753906,388.0
2024-07-03 12:35:00,FOLD,9.875,9.875,9.875,9.869999885559082,9.869999885559082,1282.0
2024-07-03 12:35:00,FULC,6.139999866485596,6.139999866485596,6.15500020980835,6.135000228881836,6.135000228881836,5306.0
2024-07-03 12:35:00,GDRX,7.789999961853027,7.789999961853027,7.800000190734863,7.789999961853027,7.790800094604492,4860.0
2024-07-03 12:35:00,GERN,4.324999809265137,4.324999809265137,4.324999809265137,4.320000171661377,4.324999809265137,3197.0
2024-07-03 12:35:00,GH,28.295000076293945,28.295000076293945,28.295000076293945,28.295000076293945,28.295000076293945,1380.0
2024-07-03 12:35:00,GHRS,11.84000015258789,11.84000015258789,11.979999542236328,11.84000015258789,11.970000267028809,1600.0
2024-07-03 12:35:00,GILD,66.875,66.875,66.87999725341797,66.86000061035156,66.86499786376953,8117.0
2024-07-03 12:35:00,GNPX,1.9149999618530273,1.9149999618530273,1.9149999618530273,1.9000999927520752,1.9000999927520752,1126.0
2024-07-03 12:35:00,GOSS,0.9660000205039978,0.9660000205039978,0.9700000286102295,0.9660000205039978,0.9700000286102295,6714.0
2024-07-03 12:35:00,GOVX,2.8399999141693115,2.8399999141693115,2.8399999141693115,2.8399999141693115,2.8399999141693115,161.0
2024-07-03 12:35:00,GRFS,6.675000190734863,6.675000190734863,6.675000190734863,6.675000190734863,6.675000190734863,279.0
2024-07-03 12:35:00,GRTS,0.5787000060081482,0.5787000060081482,0.5787000060081482,0.5760999917984009,0.5760999917984009,13649.0
2024-07-03 12:35:00,GTHX,2.5850000381469727,2.5850000381469727,2.5850000381469727,2.575000047683716,2.575000047683716,4129.0
2024-07-03 12:35:00,HALO,52.16999816894531,52.16999816894531,52.224998474121094,52.16999816894531,52.220001220703125,4899.0
2024-07-03 12:35:00,HCM,17.540000915527344,17.540000915527344,17.584999084472656,17.540000915527344,17.584999084472656,688.0
2024-07-03 12:35:00,HCSG,10.625,10.625,10.659899711608887,10.62399959564209,10.659899711608887,3571.0
2024-07-03 12:35:00,HLVX,14.260000228881836,14.260000228881836,14.260000228881836,14.260000228881836,14.260000228881836,220.0
2024-07-03 12:35:00,HOLX,73.25,73.25,73.25,73.19000244140625,73.19000244140625,3514.0
2024-07-03 12:35:00,HOOK,0.5813000202178955,0.5813000202178955,0.5813000202178955,0.5806999802589417,0.5806999802589417,2272.0
2024-07-03 12:35:00,HOTH,0.8950999975204468,0.8950999975204468,0.8950999975204468,0.8853999972343445,0.8949000239372253,27808.0
2024-07-03 12:35:00,HQY,83.79000091552734,83.79000091552734,83.79000091552734,83.72000122070312,83.72000122070312,1969.0
2024-07-03 12:35:00,HROW,21.479999542236328,21.479999542236328,21.479999542236328,21.479999542236328,21.479999542236328,1316.0
2024-07-03 12:35:00,HRTX,2.7249999046325684,2.7249999046325684,2.7300000190734863,2.7249999046325684,2.7300000190734863,6043.0
2024-07-03 12:35:00,HSIC,65.02999877929688,65.02999877929688,65.05000305175781,65.02999877929688,65.04000091552734,1530.0
2024-07-03 12:35:00,HUMA,5.784999847412109,5.784999847412109,5.784999847412109,5.760000228881836,5.760000228881836,4862.0
2024-07-03 12:35:00,IART,28.559999465942383,28.559999465942383,28.569000244140625,28.549999237060547,28.559999465942383,1813.0
2024-07-03 12:35:00,IBRX,6.260000228881836,6.260000228881836,6.2600998878479,6.255000114440918,6.2600998878479,4650.0
2024-07-03 12:35:00,ICLR,318.54998779296875,318.54998779296875,318.54998779296875,318.54998779296875,318.54998779296875,525.0
2024-07-03 12:35:00,IDXX,477.57000732421875,477.57000732421875,477.57000732421875,477.55999755859375,477.57000732421875,1215.0
2024-07-03 12:35:00,IDYA,33.22999954223633,33.22999954223633,33.22999954223633,33.22999954223633,33.22999954223633,684.0
2024-07-03 12:35:00,IKNA,1.6399999856948853,1.6399999856948853,1.6399999856948853,1.6399999856948853,1.6399999856948853,215.0
2024-07-03 12:35:00,ILMN,105.55000305175781,105.55000305175781,105.56999969482422,105.5199966430664,105.55999755859375,3738.0
2024-07-03 12:35:00,IMCR,36.01499938964844,36.01499938964844,36.01499938964844,36.01499938964844,36.01499938964844,222.0
2024-07-03 12:35:00,IMMP,2.0,2.0,2.0250000953674316,2.0,2.0250000953674316,8463.0
2024-07-03 12:35:00,IMMX,2.3550000190734863,2.3550000190734863,2.359999895095825,2.3499999046325684,2.359999895095825,3125.0
2024-07-03 12:35:00,IMNM,12.055000305175781,12.055000305175781,12.069999694824219,12.055000305175781,12.069999694824219,3146.0
2024-07-03 12:35:00,IMRX,1.1299999952316284,1.1299999952316284,1.1299999952316284,1.1299999952316284,1.1299999952316284,151.0
2024-07-03 12:35:00,IMTX,11.890000343322754,11.890000343322754,11.890000343322754,11.890000343322754,11.890000343322754,622.0
2024-07-03 12:35:00,IMVT,26.079999923706055,26.079999923706055,26.139999389648438,26.079999923706055,26.139999389648438,2235.0
2024-07-03 12:35:00,INAB,0.800000011920929,0.800000011920929,0.800000011920929,0.800000011920929,0.800000011920929,966.0
2024-07-03 12:35:00,INCY,57.619998931884766,57.619998931884766,57.630001068115234,57.619998931884766,57.630001068115234,3905.0
2024-07-03 12:35:00,INGN,8.069999694824219,8.069999694824219,8.074999809265137,8.050000190734863,8.050000190734863,1636.0
2024-07-03 12:35:00,INM,0.2556999921798706,0.2556999921798706,0.2556999921798706,0.2556999921798706,0.2556999921798706,0.0
2024-07-03 12:35:00,INMB,7.940000057220459,7.940000057220459,7.940000057220459,7.940000057220459,7.940000057220459,116.0
2024-07-03 12:35:00,INNV,5.070000171661377,5.070000171661377,5.070000171661377,5.070000171661377,5.070000171661377,471.0
2024-07-03 12:35:00,INO,8.390000343322754,8.390000343322754,8.390000343322754,8.390000343322754,8.390000343322754,139.0
2024-07-03 12:35:00,INSM,62.0,62.0,62.04100036621094,61.97999954223633,62.040000915527344,23833.0
2024-07-03 12:35:00,INVA,16.315000534057617,16.315000534057617,16.315000534057617,16.315000534057617,16.315000534057617,762.0
2024-07-03 12:35:00,IONS,45.310001373291016,45.310001373291016,45.38999938964844,45.27000045776367,45.38999938964844,7247.0
2024-07-03 12:35:00,IOVA,7.382500171661377,7.382500171661377,7.394999980926514,7.380000114440918,7.392199993133545,16921.0
2024-07-03 12:35:00,IPSC,2.2200000286102295,2.2200000286102295,2.2200000286102295,2.2200000286102295,2.2200000286102295,500.0
2024-07-03 12:35:00,IRTC,95.52999877929688,95.52999877929688,95.63999938964844,95.52999877929688,95.63999938964844,1148.0
2024-07-03 12:35:00,IRWD,6.114999771118164,6.114999771118164,6.114999771118164,6.099999904632568,6.114999771118164,13029.0
2024-07-03 12:35:00,ISPC,0.2750000059604645,0.2750000059604645,0.2750000059604645,0.2750000059604645,0.2750000059604645,113.0
2024-07-03 12:35:00,ISRG,433.9599914550781,433.9599914550781,433.9599914550781,433.8301086425781,433.875,2640.0
2024-07-03 12:35:00,ITCI,68.88999938964844,68.88999938964844,68.98500061035156,68.86499786376953,68.97979736328125,6586.0
2024-07-03 12:35:00,IVVD,1.0950000286102295,1.0950000286102295,1.0950000286102295,1.0950000286102295,1.0950000286102295,554.0
2024-07-03 12:35:00,JANX,38.21500015258789,38.21500015258789,38.220001220703125,38.15999984741211,38.20000076293945,2820.0
2024-07-03 12:35:00,JAZZ,103.25,103.25,103.25360107421875,103.2300033569336,103.25360107421875,580.0
2024-07-03 12:35:00,JSPR,22.639999389648438,22.639999389648438,22.639999389648438,22.570100784301758,22.570100784301758,487.0
2024-07-03 12:35:00,KNSA,18.809999465942383,18.809999465942383,18.829999923706055,18.809999465942383,18.815399169921875,3721.0
2024-07-03 12:35:00,KOD,2.2149999141693115,2.2149999141693115,2.2149999141693115,2.2149999141693115,2.2149999141693115,1548.0
2024-07-03 12:35:00,KPTI,0.8319000005722046,0.8319000005722046,0.8320000171661377,0.8319000005722046,0.8320000171661377,1823.0
2024-07-03 12:35:00,KRYS,176.2949981689453,176.2949981689453,176.72000122070312,176.2949981689453,176.64500427246094,4035.0
2024-07-03 12:35:00,KURA,20.1299991607666,20.1299991607666,20.149999618530273,20.1299991607666,20.149999618530273,1550.0
2024-07-03 12:35:00,KYMR,30.170000076293945,30.170000076293945,30.170000076293945,30.1299991607666,30.1299991607666,1909.0
2024-07-03 12:35:00,LAB,1.8849999904632568,1.8849999904632568,1.8849999904632568,1.8799999952316284,1.8849999904632568,14633.0
2024-07-03 12:35:00,LEGN,46.31999969482422,46.31999969482422,46.31999969482422,46.31999969482422,46.31999969482422,1351.0
2024-07-03 12:35:00,LFMD,6.800000190734863,6.800000190734863,6.800000190734863,6.800000190734863,6.800000190734863,1144.0
2024-07-03 12:35:00,LFST,5.114999771118164,5.114999771118164,5.119999885559082,5.110000133514404,5.110000133514404,1996.0
2024-07-03 12:35:00,LGND,82.36000061035156,82.36000061035156,82.36000061035156,82.36000061035156,82.36000061035156,431.0
2024-07-03 12:35:00,LGVN,1.6100000143051147,1.6100000143051147,1.6100000143051147,1.6100000143051147,1.6100000143051147,319.0
2024-07-03 12:35:00,LNTH,79.73999786376953,79.73999786376953,79.73999786376953,79.73999786376953,79.73999786376953,296.0
2024-07-03 12:35:00,LOGC,5.75,5.75,5.75,5.75,5.75,873.0
2024-07-03 12:35:00,LQDA,12.024999618530273,12.024999618530273,12.024999618530273,12.024999618530273,12.024999618530273,1511.0
2024-07-03 12:35:00,LRMR,7.71999979019165,7.71999979019165,7.71999979019165,7.71999979019165,7.71999979019165,658.0
2024-07-03 12:35:00,LYEL,1.524999976158142,1.524999976158142,1.524999976158142,1.5199999809265137,1.524999976158142,12542.0
2024-07-03 12:35:00,LYRA,0.2856999933719635,0.2856999933719635,0.2856999933719635,0.2856999933719635,0.2856999933719635,303.0
2024-07-03 12:35:00,MASI,114.36000061035156,114.36000061035156,114.36000061035156,114.2750015258789,114.2750015258789,2156.0
2024-07-03 12:35:00,MASS,4.889999866485596,4.889999866485596,4.900000095367432,4.889999866485596,4.900000095367432,803.0
2024-07-03 12:35:00,MBIO,0.49320000410079956,0.49320000410079956,0.49320000410079956,0.49309998750686646,0.49309998750686646,7409.0
2024-07-03 12:35:00,MCRB,0.7386000156402588,0.7386000156402588,0.7400000095367432,0.7355999946594238,0.7355999946594238,91117.0
2024-07-03 12:35:00,MDGL,272.0,272.0,272.0,272.0,272.0,859.0
2024-07-03 12:35:00,MDXG,6.789999961853027,6.789999961853027,6.789999961853027,6.784999847412109,6.784999847412109,1551.0
2024-07-03 12:35:00,ME,0.4050000011920929,0.4050000011920929,0.40540000796318054,0.4050000011920929,0.40540000796318054,1129.0
2024-07-03 12:35:00,MGNX,4.15500020980835,4.15500020980835,4.15500020980835,4.15500020980835,4.15500020980835,930.0
2024-07-03 12:35:00,MGTX,3.9700000286102295,3.9700000286102295,3.9800000190734863,3.9700000286102295,3.9800000190734863,1961.0
2024-07-03 12:35:00,MIRM,33.779998779296875,33.779998779296875,33.779998779296875,33.779998779296875,33.779998779296875,265.0
2024-07-03 12:35:00,MMSI,86.08000183105469,86.08000183105469,86.08000183105469,85.95999908447266,86.0,585.0
2024-07-03 12:35:00,MNKD,5.014999866485596,5.014999866485596,5.014999866485596,5.010200023651123,5.010200023651123,2862.0
2024-07-03 12:35:00,MNMD,7.130000114440918,7.130000114440918,7.130000114440918,7.130000114440918,7.130000114440918,1579.0
2024-07-03 12:35:00,MODD,1.4600000381469727,1.4600000381469727,1.4600000381469727,1.4600000381469727,1.4600000381469727,100.0
2024-07-03 12:35:00,MRNA,115.98999786376953,115.98999786376953,115.98999786376953,115.80999755859375,115.83999633789062,5804.0
2024-07-03 12:35:00,MRNS,1.2050000429153442,1.2050000429153442,1.2050000429153442,1.2050000429153442,1.2050000429153442,268.0
2024-07-03 12:35:00,MRSN,1.850000023841858,1.850000023841858,1.850000023841858,1.8450000286102295,1.8450000286102295,514.0
2024-07-03 12:35:00,MRUS,52.845001220703125,52.845001220703125,52.845001220703125,52.80500030517578,52.80500030517578,545.0
2024-07-03 12:35:00,MRVI,7.019999980926514,7.019999980926514,7.019999980926514,7.0100998878479,7.0100998878479,1062.0
2024-07-03 12:35:00,MXCT,3.7049999237060547,3.7049999237060547,3.7049999237060547,3.7049999237060547,3.7049999237060547,1614.0
2024-07-03 12:35:00,MYGN,24.954999923706055,24.954999923706055,24.954999923706055,24.954999923706055,24.954999923706055,386.0
2024-07-03 12:35:00,MYNZ,0.3499999940395355,0.3499999940395355,0.3499999940395355,0.3400000035762787,0.3400000035762787,5100.0
2024-07-03 12:35:00,NARI,49.720001220703125,49.720001220703125,49.720001220703125,49.720001220703125,49.720001220703125,549.0
2024-07-03 12:35:00,NBIX,138.0800018310547,138.0800018310547,138.08419799804688,138.0800018310547,138.08419799804688,1044.0
2024-07-03 12:35:00,NDRA,0.09239999949932098,0.09239999949932098,0.09239999949932098,0.09229999780654907,0.09229999780654907,0.0
2024-07-03 12:35:00,NEO,13.729999542236328,13.729999542236328,13.729999542236328,13.720000267028809,13.720000267028809,2283.0
2024-07-03 12:35:00,NEOG,15.09000015258789,15.09000015258789,15.09000015258789,15.09000015258789,15.09000015258789,903.0
2024-07-03 12:35:00,NKTR,1.284999966621399,1.284999966621399,1.284999966621399,1.284999966621399,1.284999966621399,2633.0
2024-07-03 12:35:00,NKTX,5.329999923706055,5.329999923706055,5.329999923706055,5.32390022277832,5.32390022277832,1645.0
2024-07-03 12:35:00,NLSP,0.20149999856948853,0.20149999856948853,0.20149999856948853,0.20149999856948853,0.20149999856948853,0.0
2024-07-03 12:35:00,NRC,22.969999313354492,22.969999313354492,22.969999313354492,22.959999084472656,22.969999313354492,476.0
2024-07-03 12:35:00,NRIX,19.549999237060547,19.549999237060547,19.549999237060547,19.549999237060547,19.549999237060547,114.0
2024-07-03 12:35:00,NTLA,22.799999237060547,22.799999237060547,22.80500030517578,22.799999237060547,22.799999237060547,2554.0
2024-07-03 12:35:00,NTRA,111.52999877929688,111.52999877929688,111.52999877929688,111.37000274658203,111.46990203857422,4311.0
2024-07-03 12:35:00,NVAX,12.545000076293945,12.545000076293945,12.550000190734863,12.539999961853027,12.539999961853027,9355.0
2024-07-03 12:35:00,NVCR,16.700000762939453,16.700000762939453,16.700000762939453,16.700000762939453,16.700000762939453,1003.0
2024-07-03 12:35:00,NVOS,0.7649000287055969,0.7649000287055969,0.7649000287055969,0.7649000287055969,0.7649000287055969,623.0
2024-07-03 12:35:00,NXL,1.420199990272522,1.420199990272522,1.420199990272522,1.4199999570846558,1.4199999570846558,1321.0
2024-07-03 12:35:00,OCGN,1.6349999904632568,1.6349999904632568,1.6399999856948853,1.6299999952316284,1.6299999952316284,29070.0
2024-07-03 12:35:00,OCUL,6.710000038146973,6.710000038146973,6.715000152587891,6.675000190734863,6.675000190734863,32007.0
2024-07-03 12:35:00,OGI,1.5850000381469727,1.5850000381469727,1.5850000381469727,1.5850000381469727,1.5850000381469727,877.0
2024-07-03 12:35:00,OLK,25.75,25.75,25.75,25.75,25.75,358.0
2024-07-03 12:35:00,OLMA,10.46500015258789,10.46500015258789,10.46500015258789,10.46500015258789,10.46500015258789,723.0
2024-07-03 12:35:00,OM,3.875,3.875,3.875,3.865000009536743,3.869999885559082,16196.0
2024-07-03 12:35:00,OMCL,26.56999969482422,26.56999969482422,26.600000381469727,26.56999969482422,26.579999923706055,1099.0
2024-07-03 12:35:00,OMER,3.884999990463257,3.884999990463257,3.884999990463257,3.884999990463257,3.884999990463257,418.0
2024-07-03 12:35:00,OMGA,1.8899999856948853,1.8899999856948853,1.9098999500274658,1.8899999856948853,1.899999976158142,24558.0
2024-07-03 12:36:00,AADI,1.399999976158142,1.399999976158142,1.399999976158142,1.3949999809265137,1.3949999809265137,1228.0
2024-07-03 12:36:00,ABCL,2.7100000381469727,2.7100000381469727,2.7149999141693115,2.7100000381469727,2.7149999141693115,1565.0
2024-07-03 12:36:00,ABEO,4.320000171661377,4.320000171661377,4.320000171661377,4.320000171661377,4.320000171661377,580.0
2024-07-03 12:36:00,ABIO,3.450000047683716,3.450000047683716,3.5399999618530273,3.450000047683716,3.5399999618530273,8638.0
2024-07-03 12:36:00,ABOS,2.299999952316284,2.299999952316284,2.299999952316284,2.299999952316284,2.299999952316284,629.0
2024-07-03 12:36:00,ABSI,3.200000047683716,3.200000047683716,3.200000047683716,3.195499897003174,3.195499897003174,1647.0
2024-07-03 12:36:00,ABUS,3.1449999809265137,3.1449999809265137,3.1549999713897705,3.140000104904175,3.1549999713897705,11461.0
2024-07-03 12:36:00,ACAD,15.569999694824219,15.569999694824219,15.574999809265137,15.569999694824219,15.574999809265137,2822.0
2024-07-03 12:36:00,ACB,4.925000190734863,4.925000190734863,4.925000190734863,4.925000190734863,4.925000190734863,297.0
2024-07-03 12:36:00,ACCD,3.6500000953674316,3.6500000953674316,3.6549999713897705,3.6500000953674316,3.6549999713897705,4319.0
2024-07-03 12:36:00,ACET,1.0800000429153442,1.0800000429153442,1.0800000429153442,1.0800000429153442,1.0800000429153442,561.0
2024-07-03 12:36:00,ACHC,66.86000061035156,66.86000061035156,66.86000061035156,66.79000091552734,66.79000091552734,2122.0
2024-07-03 12:36:00,ACIU,3.829900026321411,3.829900026321411,3.829900026321411,3.829900026321411,3.829900026321411,100.0
2024-07-03 12:36:00,ACLX,54.540000915527344,54.540000915527344,54.540000915527344,54.540000915527344,54.540000915527344,489.0
2024-07-03 12:36:00,ACRS,1.149999976158142,1.149999976158142,1.149999976158142,1.149999976158142,1.149999976158142,1625.0
2024-07-03 12:36:00,ADAP,1.0,1.0,1.0149999856948853,1.0,1.0099999904632568,11020.0
2024-07-03 12:36:00,ADMA,11.194999694824219,11.194999694824219,11.194999694824219,11.175000190734863,11.1850004196167,25035.0
2024-07-03 12:36:00,ADPT,3.4200000762939453,3.4200000762939453,3.424999952316284,3.4200000762939453,3.424999952316284,699.0
2024-07-03 12:36:00,ADVM,7.119999885559082,7.119999885559082,7.139999866485596,7.099999904632568,7.099999904632568,3389.0
2024-07-03 12:36:00,AEMD,0.40299999713897705,0.40299999713897705,0.40540000796318054,0.40299999713897705,0.40540000796318054,3690.0
2024-07-03 12:36:00,AGIO,41.869998931884766,41.869998931884766,41.869998931884766,41.869998931884766,41.869998931884766,1895.0
2024-07-03 12:36:00,AIMD,0.9556000232696533,0.9556000232696533,0.9800000190734863,0.9401999711990356,0.9404000043869019,53707.0
2024-07-03 12:36:00,AKBA,0.9527999758720398,0.9527999758720398,0.9528999924659729,0.9527999758720398,0.9528999924659729,2595.0
2024-07-03 12:36:00,AKYA,2.119999885559082,2.119999885559082,2.1268999576568604,2.119999885559082,2.1268999576568604,1824.0
2024-07-03 12:36:00,ALEC,4.420000076293945,4.420000076293945,4.420000076293945,4.414999961853027,4.414999961853027,328.0
2024-07-03 12:36:00,ALGN,242.57000732421875,242.57000732421875,242.57000732421875,242.57000732421875,242.57000732421875,152.0
2024-07-03 12:36:00,ALGS,0.4250999987125397,0.4250999987125397,0.4250999987125397,0.4250999987125397,0.4250999987125397,900.0
2024-07-03 12:36:00,ALHC,8.039999961853027,8.039999961853027,8.039999961853027,8.039999961853027,8.039999961853027,1083.0
2024-07-03 12:36:00,ALKS,24.204999923706055,24.204999923706055,24.209999084472656,24.200000762939453,24.200000762939453,2768.0
2024-07-03 12:36:00,ALLK,0.8288999795913696,0.8288999795913696,0.8288999795913696,0.8288999795913696,0.8288999795913696,101.0
2024-07-03 12:36:00,ALLO,2.0850000381469727,2.0850000381469727,2.0850000381469727,2.0850000381469727,2.0850000381469727,4894.0
2024-07-03 12:36:00,ALLR,0.20350000262260437,0.20350000262260437,0.20350000262260437,0.20350000262260437,0.20350000262260437,2300.0
2024-07-03 12:36:00,ALNY,246.1999969482422,246.1999969482422,246.22999572753906,246.10000610351562,246.22999572753906,4863.0
2024-07-03 12:36:00,ALT,6.619999885559082,6.619999885559082,6.628799915313721,6.614999771118164,6.625,12745.0
2024-07-03 12:36:00,ALVR,0.73580002784729,0.73580002784729,0.73580002784729,0.73580002784729,0.73580002784729,181.0
2024-07-03 12:36:00,ALXO,5.659999847412109,5.659999847412109,5.679999828338623,5.659999847412109,5.679999828338623,5900.0
2024-07-03 12:36:00,AMED,97.1675033569336,97.1675033569336,97.1698989868164,97.13729858398438,97.13729858398438,4949.0
2024-07-03 12:36:00,AMGN,307.739990234375,307.739990234375,307.80999755859375,307.5899963378906,307.6499938964844,5763.0
2024-07-03 12:36:00,AMLX,1.7549999952316284,1.7549999952316284,1.7589000463485718,1.7549999952316284,1.7589000463485718,3562.0
2024-07-03 12:36:00,AMRN,0.6840999722480774,0.6840999722480774,0.6850000023841858,0.6840999722480774,0.6850000023841858,1800.0
2024-07-03 12:36:00,ANGO,5.675000190734863,5.675000190734863,5.675000190734863,5.675000190734863,5.675000190734863,227.0
2024-07-03 12:36:00,ANIP,60.880001068115234,60.880001068115234,60.904998779296875,60.880001068115234,60.904998779296875,211.0
2024-07-03 12:36:00,ANNX,4.769999980926514,4.769999980926514,4.769999980926514,4.764999866485596,4.764999866485596,2048.0
2024-07-03 12:36:00,APDN,0.39500001072883606,0.39500001072883606,0.39500001072883606,0.38989999890327454,0.38989999890327454,3503.0
2024-07-03 12:36:00,APLS,35.230098724365234,35.230098724365234,35.255001068115234,35.230098724365234,35.2400016784668,776.0
2024-07-03 12:36:00,APLT,4.349999904632568,4.349999904632568,4.355000019073486,4.349999904632568,4.355000019073486,2007.0
2024-07-03 12:36:00,AQST,2.4149999618530273,2.4149999618530273,2.4149999618530273,2.4100000858306885,2.4149999618530273,1349.0
2024-07-03 12:36:00,ARCT,21.93000030517578,21.93000030517578,21.93000030517578,21.899999618530273,21.899999618530273,951.0
2024-07-03 12:36:00,ARDX,5.295000076293945,5.295000076293945,5.295000076293945,5.289999961853027,5.295000076293945,2318.0
2024-07-03 12:36:00,ARQT,9.550999641418457,9.550999641418457,9.574999809265137,9.545000076293945,9.574999809265137,7745.0
2024-07-03 12:36:00,ARVN,23.934999465942383,23.934999465942383,23.979999542236328,23.920000076293945,23.959999084472656,3882.0
2024-07-03 12:36:00,ARWR,24.959999084472656,24.959999084472656,25.1200008392334,24.940000534057617,25.1200008392334,21787.0
2024-07-03 12:36:00,ASRT,1.3300000429153442,1.3300000429153442,1.3300000429153442,1.3300000429153442,1.3300000429153442,445.0
2024-07-03 12:36:00,ATAI,1.284999966621399,1.284999966621399,1.284999966621399,1.284999966621399,1.284999966621399,1650.0
2024-07-03 12:36:00,ATEC,10.015000343322754,10.015000343322754,10.029999732971191,10.015000343322754,10.024999618530273,2974.0
2024-07-03 12:36:00,ATHE,1.815000057220459,1.815000057220459,1.815000057220459,1.815000057220459,1.815000057220459,349.0
2024-07-03 12:36:00,ATOS,1.1649999618530273,1.1649999618530273,1.1699999570846558,1.1649999618530273,1.1699999570846558,1305.0
2024-07-03 12:36:00,ATRC,22.366600036621094,22.366600036621094,22.375,22.363000869750977,22.375,4169.0
2024-07-03 12:36:00,ATXS,9.069999694824219,9.069999694824219,9.069999694824219,9.0600004196167,9.0600004196167,1833.0
2024-07-03 12:36:00,AUGX,0.9987999796867371,0.9987999796867371,0.9987999796867371,0.9927999973297119,0.9987999796867371,400.0
2024-07-03 12:36:00,AUPH,5.474999904632568,5.474999904632568,5.474999904632568,5.474999904632568,5.474999904632568,510.0
2024-07-03 12:36:00,AUTL,3.4749999046325684,3.4749999046325684,3.4749999046325684,3.4749999046325684,3.4749999046325684,161.0
2024-07-03 12:36:00,AVDL,14.5,14.5,14.515000343322754,14.489999771118164,14.5,4599.0
2024-07-03 12:36:00,AVTE,1.6749999523162842,1.6749999523162842,1.684999942779541,1.6749999523162842,1.684999942779541,4383.0
2024-07-03 12:36:00,AVXL,4.135900020599365,4.135900020599365,4.135900020599365,4.135000228881836,4.135000228881836,592.0
2024-07-03 12:36:00,AXGN,7.53000020980835,7.53000020980835,7.53000020980835,7.5,7.5,5487.0
2024-07-03 12:36:00,AXSM,79.87000274658203,79.87000274658203,79.9800033569336,79.87000274658203,79.9800033569336,1741.0
2024-07-03 12:36:00,AZN,76.77999877929688,76.77999877929688,76.79499816894531,76.7699966430664,76.7699966430664,5838.0
2024-07-03 12:36:00,BBIO,25.260000228881836,25.260000228881836,25.309999465942383,25.260000228881836,25.309999465942383,2496.0
2024-07-03 12:36:00,BCAB,1.4049999713897705,1.4049999713897705,1.4049999713897705,1.4049999713897705,1.4049999713897705,203.0
2024-07-03 12:36:00,BCLI,0.3450999855995178,0.3450999855995178,0.35499998927116394,0.3450999855995178,0.35499998927116394,301.0
2024-07-03 12:36:00,BCRX,6.449999809265137,6.449999809265137,6.454999923706055,6.449999809265137,6.454999923706055,3809.0
2024-07-03 12:36:00,BEAM,23.549999237060547,23.549999237060547,23.575000762939453,23.549999237060547,23.575000762939453,2605.0
2024-07-03 12:36:00,BEAT,2.734999895095825,2.734999895095825,2.75,2.7100000381469727,2.75,655.0
2024-07-03 12:36:00,BGNE,148.02000427246094,148.02000427246094,148.02000427246094,148.02000427246094,148.02000427246094,156.0
2024-07-03 12:36:00,BGXX,0.26600000262260437,0.26600000262260437,0.2703999876976013,0.26600000262260437,0.2703999876976013,2057.0
2024-07-03 12:36:00,BIIB,223.6199951171875,223.6199951171875,223.80999755859375,223.61000061035156,223.61000061035156,4875.0
2024-07-03 12:36:00,BIVI,0.4162999987602234,0.4162999987602234,0.4174000024795532,0.4162999987602234,0.4162999987602234,10699.0
2024-07-03 12:36:00,BJDX,0.6299999952316284,0.6299999952316284,0.6309999823570251,0.6299999952316284,0.6309999823570251,25901.0
2024-07-03 12:36:00,BLUE,0.9179999828338623,0.9179999828338623,0.9186000227928162,0.9172999858856201,0.9172999858856201,6825.0
2024-07-03 12:36:00,BMEA,4.315000057220459,4.315000057220459,4.315000057220459,4.315000057220459,4.315000057220459,239.0
2024-07-03 12:36:00,BMRN,80.81999969482422,80.81999969482422,80.83999633789062,80.81500244140625,80.81500244140625,4528.0
2024-07-03 12:36:00,BNGO,0.593999981880188,0.593999981880188,0.593999981880188,0.583299994468689,0.5884000062942505,36984.0
2024-07-03 12:36:00,BNTX,80.05999755859375,80.05999755859375,80.39600372314453,80.04000091552734,80.39009857177734,26992.0
2024-07-03 12:36:00,BPMC,110.45999908447266,110.45999908447266,110.79499816894531,110.45999908447266,110.79499816894531,9774.0
2024-07-03 12:36:00,BRKR,61.58000183105469,61.58000183105469,61.619998931884766,61.58000183105469,61.599998474121094,10264.0
2024-07-03 12:36:00,BTAI,1.0714999437332153,1.0714999437332153,1.0714999437332153,1.0700000524520874,1.0700000524520874,738.0
2024-07-03 12:36:00,CABA,7.5,7.5,7.5,7.5,7.5,540.0
2024-07-03 12:36:00,CADL,6.260000228881836,6.260000228881836,6.260000228881836,6.260000228881836,6.260000228881836,911.0
2024-07-03 12:36:00,CAPR,4.820000171661377,4.820000171661377,4.820000171661377,4.800000190734863,4.820000171661377,9690.0
2024-07-03 12:36:00,CCCC,4.541999816894531,4.541999816894531,4.574999809265137,4.539999961853027,4.570000171661377,30019.0
2024-07-03 12:36:00,CDMO,7.775000095367432,7.775000095367432,7.775000095367432,7.769000053405762,7.769000053405762,3671.0
2024-07-03 12:36:00,CDNA,15.119999885559082,15.119999885559082,15.119999885559082,15.079999923706055,15.109999656677246,2135.0
2024-07-03 12:36:00,CDXS,2.869999885559082,2.869999885559082,2.875,2.869999885559082,2.869999885559082,1572.0
2024-07-03 12:36:00,CELC,16.260000228881836,16.260000228881836,16.290000915527344,16.260000228881836,16.290000915527344,365.0
2024-07-03 12:36:00,CERE,40.27000045776367,40.27000045776367,40.31999969482422,40.23500061035156,40.29999923706055,36162.0
2024-07-03 12:36:00,CERS,1.7100000381469727,1.7100000381469727,1.715000033378601,1.7100000381469727,1.7100000381469727,13303.0
2024-07-03 12:36:00,CGC,6.565000057220459,6.565000057220459,6.565000057220459,6.560100078582764,6.565000057220459,3489.0
2024-07-03 12:36:00,CGEM,16.690000534057617,16.690000534057617,16.690000534057617,16.68000030517578,16.68000030517578,735.0
2024-07-03 12:36:00,CGEN,1.6706000566482544,1.6706000566482544,1.6706000566482544,1.6706000566482544,1.6706000566482544,249.0
2024-07-03 12:36:00,CHRS,1.3849999904632568,1.3849999904632568,1.3899999856948853,1.3849999904632568,1.3899999856948853,4445.0
2024-07-03 12:36:00,CING,0.35260000824928284,0.35260000824928284,0.35260000824928284,0.35260000824928284,0.35260000824928284,3135.0
2024-07-03 12:36:00,CLLS,2.049999952316284,2.049999952316284,2.069999933242798,2.0199999809265137,2.0399999618530273,24940.0
2024-07-03 12:36:00,CLOV,1.25,1.25,1.2590999603271484,1.25,1.25,1502.0
2024-07-03 12:36:00,CMPS,6.21999979019165,6.21999979019165,6.25,6.21999979019165,6.239999771118164,1703.0
2024-07-03 12:36:00,CMPX,0.8299999833106995,0.8299999833106995,0.8327000141143799,0.8299999833106995,0.8327000141143799,2300.0
2024-07-03 12:36:00,CNSP,1.4500000476837158,1.4500000476837158,1.4500000476837158,1.4299999475479126,1.4450000524520874,33544.0
2024-07-03 12:36:00,CNTA,8.635000228881836,8.635000228881836,8.65999984741211,8.630000114440918,8.65999984741211,1004.0
2024-07-03 12:36:00,COGT,8.3149995803833,8.3149995803833,8.3149995803833,8.3149995803833,8.3149995803833,246.0
2024-07-03 12:36:00,CORT,30.454999923706055,30.454999923706055,30.454999923706055,30.454999923706055,30.454999923706055,1605.0
2024-07-03 12:36:00,CPRX,15.369999885559082,15.369999885559082,15.369999885559082,15.369999885559082,15.369999885559082,350.0
2024-07-03 12:36:00,CRBP,50.11000061035156,50.11000061035156,50.11000061035156,50.11000061035156,50.11000061035156,716.0
2024-07-03 12:36:00,CRBU,1.5782999992370605,1.5782999992370605,1.5800000429153442,1.5750000476837158,1.5800000429153442,6039.0
2024-07-03 12:36:00,CRDF,2.265000104904175,2.265000104904175,2.2699999809265137,2.265000104904175,2.2699999809265137,1889.0
2024-07-03 12:36:00,CRMD,4.144999980926514,4.144999980926514,4.144999980926514,4.139999866485596,4.139999866485596,659.0
2024-07-03 12:36:00,CRNX,44.52989959716797,44.52989959716797,44.61000061035156,44.52989959716797,44.61000061035156,3276.0
2024-07-03 12:36:00,CRON,2.309999942779541,2.309999942779541,2.315000057220459,2.309999942779541,2.315000057220459,722.0
2024-07-03 12:36:00,CRSP,53.79999923706055,53.79999923706055,53.81999969482422,53.79999923706055,53.819000244140625,1283.0
2024-07-03 12:36:00,CSTL,21.040000915527344,21.040000915527344,21.059999465942383,21.020000457763672,21.020000457763672,2012.0
2024-07-03 12:36:00,CTKB,5.590000152587891,5.590000152587891,5.614999771118164,5.590000152587891,5.614999771118164,6558.0
2024-07-03 12:36:00,CTXR,0.5008999705314636,0.5008999705314636,0.5008999705314636,0.5008999705314636,0.5008999705314636,200.0
2024-07-03 12:36:00,CUTR,1.2899999618530273,1.2899999618530273,1.2949999570846558,1.2899999618530273,1.2949999570846558,3572.0
2024-07-03 12:36:00,CVAC,3.226900100708008,3.226900100708008,3.2300000190734863,3.2200000286102295,3.2249999046325684,8453.0
2024-07-03 12:36:00,CYTK,54.45500183105469,54.45500183105469,54.4900016784668,54.40999984741211,54.4119987487793,9538.0
2024-07-03 12:36:00,DAWN,13.40999984741211,13.40999984741211,13.40999984741211,13.399999618530273,13.399999618530273,363.0
2024-07-03 12:36:00,DNLI,21.479999542236328,21.479999542236328,21.5,21.459999084472656,21.459999084472656,3650.0
2024-07-03 12:36:00,DSGN,3.299999952316284,3.299999952316284,3.299999952316284,3.299999952316284,3.299999952316284,7794.0
2024-07-03 12:36:00,DVAX,11.09000015258789,11.09000015258789,11.100000381469727,11.09000015258789,11.100000381469727,4589.0
2024-07-03 12:36:00,DXCM,110.88999938964844,110.88999938964844,110.94999694824219,110.8895034790039,110.9000015258789,4293.0
2024-07-03 12:36:00,DYN,33.90999984741211,33.90999984741211,33.933998107910156,33.90999984741211,33.90999984741211,698.0
2024-07-03 12:36:00,EDIT,4.630000114440918,4.630000114440918,4.639999866485596,4.625,4.625,8376.0
2024-07-03 12:36:00,EGRX,5.539999961853027,5.539999961853027,5.539999961853027,5.53000020980835,5.53000020980835,865.0
2024-07-03 12:36:00,ELEV,2.625,2.625,2.625,2.625,2.625,670.0
2024-07-03 12:36:00,EMBC,12.010000228881836,12.010000228881836,12.010000228881836,12.010000228881836,12.010000228881836,2343.0
2024-07-03 12:36:00,ENVB,0.5097000002861023,0.5097000002861023,0.5097000002861023,0.5097000002861023,0.5097000002861023,2567.0
2024-07-03 12:36:00,EOLS,10.960000038146973,10.960000038146973,10.960000038146973,10.960000038146973,10.960000038146973,445.0
2024-07-03 12:36:00,ERAS,2.2100000381469727,2.2100000381469727,2.2100000381469727,2.2100000381469727,2.2100000381469727,400.0
2024-07-03 12:36:00,ESPR,2.369999885559082,2.369999885559082,2.369999885559082,2.365000009536743,2.369999885559082,3900.0
2024-07-03 12:36:00,ETNB,7.489999771118164,7.489999771118164,7.489999771118164,7.489999771118164,7.489999771118164,419.0
2024-07-03 12:36:00,EWTX,18.110000610351562,18.110000610351562,18.110000610351562,18.110000610351562,18.110000610351562,626.0
2024-07-03 12:36:00,EXAI,5.449999809265137,5.449999809265137,5.449999809265137,5.430099964141846,5.430099964141846,880.0
2024-07-03 12:36:00,EXAS,43.2400016784668,43.2400016784668,43.2400016784668,43.20000076293945,43.220001220703125,7496.0
2024-07-03 12:36:00,EXEL,21.875,21.875,21.875,21.8700008392334,21.875,1736.0
2024-07-03 12:36:00,EYPT,8.710000038146973,8.710000038146973,8.720000267028809,8.6899995803833,8.710000038146973,8983.0
2024-07-03 12:36:00,FATE,3.180000066757202,3.180000066757202,3.180000066757202,3.180000066757202,3.180000066757202,622.0
2024-07-03 12:36:00,FBIO,1.76010000705719,1.76010000705719,1.76010000705719,1.76010000705719,1.76010000705719,3950.0
2024-07-03 12:36:00,FDMT,20.8700008392334,20.8700008392334,20.8700008392334,20.850000381469727,20.850000381469727,898.0
2024-07-03 12:36:00,FGEN,0.7127000093460083,0.7127000093460083,0.7142999768257141,0.7127000093460083,0.7127000093460083,800.0
2024-07-03 12:36:00,FHTX,5.46999979019165,5.46999979019165,5.46999979019165,5.46999979019165,5.46999979019165,408.0
2024-07-03 12:36:00,FOLD,9.869999885559082,9.869999885559082,9.875,9.869999885559082,9.869999885559082,651.0
2024-07-03 12:36:00,FULC,6.139999866485596,6.139999866485596,6.139999866485596,6.139500141143799,6.139999866485596,1039.0
2024-07-03 12:36:00,GANX,1.1399999856948853,1.1399999856948853,1.1399999856948853,1.1399999856948853,1.1399999856948853,0.0
2024-07-03 12:36:00,GDRX,7.795000076293945,7.795000076293945,7.795000076293945,7.795000076293945,7.795000076293945,101.0
2024-07-03 12:36:00,GERN,4.320000171661377,4.320000171661377,4.324999809265137,4.320000171661377,4.324999809265137,6340.0
2024-07-03 12:36:00,GH,28.309999465942383,28.309999465942383,28.31999969482422,28.299999237060547,28.309999465942383,4986.0
2024-07-03 12:36:00,GHRS,11.989999771118164,11.989999771118164,11.989999771118164,11.920000076293945,11.970000267028809,769.0
2024-07-03 12:36:00,GILD,66.84500122070312,66.84500122070312,66.88500213623047,66.84500122070312,66.875,10732.0
2024-07-03 12:36:00,GMAB,25.170000076293945,25.170000076293945,25.170000076293945,25.15999984741211,25.15999984741211,1446.0
2024-07-03 12:36:00,GOSS,0.9697999954223633,0.9697999954223633,0.9697999954223633,0.9697999954223633,0.9697999954223633,342.0
2024-07-03 12:36:00,GOVX,2.859999895095825,2.859999895095825,2.859999895095825,2.840100049972534,2.840100049972534,2210.0
2024-07-03 12:36:00,GRFS,6.675000190734863,6.675000190734863,6.675000190734863,6.675000190734863,6.675000190734863,252.0
2024-07-03 12:36:00,GRTS,0.5787000060081482,0.5787000060081482,0.5787000060081482,0.5787000060081482,0.5787000060081482,6314.0
2024-07-03 12:36:00,GTHX,2.5899999141693115,2.5899999141693115,2.5899999141693115,2.5850000381469727,2.5850000381469727,585.0
2024-07-03 12:36:00,HALO,52.255001068115234,52.255001068115234,52.255001068115234,52.189998626708984,52.189998626708984,3543.0
2024-07-03 12:36:00,HCSG,10.670000076293945,10.670000076293945,10.670000076293945,10.640000343322754,10.640000343322754,1646.0
2024-07-03 12:36:00,HLVX,14.3149995803833,14.3149995803833,14.3149995803833,14.3149995803833,14.3149995803833,627.0
2024-07-03 12:36:00,HOLX,73.2699966430664,73.2699966430664,73.2699966430664,73.25,73.25499725341797,3179.0
2024-07-03 12:36:00,HQY,83.80999755859375,83.80999755859375,83.80999755859375,83.80999755859375,83.80999755859375,618.0
2024-07-03 12:36:00,HRMY,30.670000076293945,30.670000076293945,30.700000762939453,30.670000076293945,30.700000762939453,2182.0
2024-07-03 12:36:00,HROW,21.450000762939453,21.450000762939453,21.485000610351562,21.450000762939453,21.485000610351562,1788.0
2024-07-03 12:36:00,HRTX,2.7249999046325684,2.7249999046325684,2.7300000190734863,2.721400022506714,2.7300000190734863,1388.0
2024-07-03 12:36:00,HSIC,65.06999969482422,65.06999969482422,65.08000183105469,65.05999755859375,65.06999969482422,5391.0
2024-07-03 12:36:00,HSTM,27.534000396728516,27.534000396728516,27.534000396728516,27.534000396728516,27.534000396728516,719.0
2024-07-03 12:36:00,HUMA,5.795000076293945,5.795000076293945,5.795000076293945,5.784999847412109,5.784999847412109,2415.0
2024-07-03 12:36:00,IART,28.559999465942383,28.559999465942383,28.559999465942383,28.549999237060547,28.549999237060547,328.0
2024-07-03 12:36:00,IBRX,6.264999866485596,6.264999866485596,6.264999866485596,6.264999866485596,6.264999866485596,1395.0
2024-07-03 12:36:00,ICAD,1.2300000190734863,1.2300000190734863,1.2300000190734863,1.2300000190734863,1.2300000190734863,335.0
2024-07-03 12:36:00,ICLR,318.2200012207031,318.2200012207031,318.57000732421875,317.8900146484375,318.57000732421875,8072.0
2024-07-03 12:36:00,IDXX,477.6700134277344,477.6700134277344,477.6700134277344,477.6700134277344,477.6700134277344,1597.0
2024-07-03 12:36:00,IGMS,6.4319000244140625,6.4319000244140625,6.4319000244140625,6.4319000244140625,6.4319000244140625,327.0
2024-07-03 12:36:00,IKT,1.159999966621399,1.159999966621399,1.159999966621399,1.1519999504089355,1.1519999504089355,400.0
2024-07-03 12:36:00,ILMN,105.55500030517578,105.55500030517578,105.58999633789062,105.54499816894531,105.58999633789062,1851.0
2024-07-03 12:36:00,IMAB,1.534999966621399,1.534999966621399,1.534999966621399,1.534999966621399,1.534999966621399,490.0
2024-07-03 12:36:00,IMCC,0.45019999146461487,0.45019999146461487,0.45019999146461487,0.45019999146461487,0.45019999146461487,407.0
2024-07-03 12:36:00,IMCR,36.0099983215332,36.0099983215332,36.01499938964844,36.0099983215332,36.01499938964844,314.0
2024-07-03 12:36:00,IMMX,2.3350000381469727,2.3350000381469727,2.359999895095825,2.3299999237060547,2.359999895095825,2440.0
2024-07-03 12:36:00,IMNM,12.08899974822998,12.08899974822998,12.09000015258789,12.079999923706055,12.079999923706055,3499.0
2024-07-03 12:36:00,IMTX,11.930000305175781,11.930000305175781,11.930000305175781,11.930000305175781,11.930000305175781,462.0
2024-07-03 12:36:00,IMVT,26.040000915527344,26.040000915527344,26.06999969482422,26.03499984741211,26.06999969482422,2475.0
2024-07-03 12:36:00,INBX,13.260000228881836,13.260000228881836,13.260000228881836,13.244999885559082,13.244999885559082,912.0
2024-07-03 12:36:00,INCY,57.61000061035156,57.61000061035156,57.650001525878906,57.59000015258789,57.630001068115234,12169.0
2024-07-03 12:36:00,INM,0.2556999921798706,0.2556999921798706,0.2556999921798706,0.2556999921798706,0.2556999921798706,220.0
2024-07-03 12:36:00,INMD,17.5531005859375,17.5531005859375,17.559999465942383,17.530000686645508,17.530000686645508,5866.0
2024-07-03 12:36:00,INO,8.399999618530273,8.399999618530273,8.399999618530273,8.399999618530273,8.399999618530273,1308.0
2024-07-03 12:36:00,INSM,62.08000183105469,62.08000183105469,62.08000183105469,61.9900016784668,62.02000045776367,34224.0
2024-07-03 12:36:00,INVA,16.315000534057617,16.315000534057617,16.315000534057617,16.315000534057617,16.315000534057617,598.0
2024-07-03 12:36:00,INZY,4.480000019073486,4.480000019073486,4.480000019073486,4.480000019073486,4.480000019073486,404.0
2024-07-03 12:36:00,IOBT,1.149999976158142,1.149999976158142,1.149999976158142,1.149999976158142,1.149999976158142,326.0
2024-07-03 12:36:00,IONS,45.29249954223633,45.29249954223633,45.314998626708984,45.29249954223633,45.314998626708984,2121.0
2024-07-03 12:36:00,IOVA,7.400000095367432,7.400000095367432,7.420000076293945,7.385000228881836,7.385000228881836,28535.0
2024-07-03 12:36:00,IPSC,2.2200000286102295,2.2200000286102295,2.2200000286102295,2.2200000286102295,2.2200000286102295,0.0
2024-07-03 12:36:00,IRWD,6.114999771118164,6.114999771118164,6.114999771118164,6.114999771118164,6.114999771118164,540.0
2024-07-03 12:36:00,ISRG,434.0400085449219,434.0400085449219,434.04998779296875,434.0400085449219,434.04998779296875,2337.0
2024-07-03 12:36:00,ITCI,68.88500213623047,68.88500213623047,68.88500213623047,68.88500213623047,68.88500213623047,1485.0
2024-07-03 12:36:00,IVVD,1.0950000286102295,1.0950000286102295,1.0950000286102295,1.0950000286102295,1.0950000286102295,335.0
2024-07-03 12:36:00,JANX,38.13999938964844,38.13999938964844,38.150001525878906,38.13999938964844,38.150001525878906,649.0
2024-07-03 12:36:00,JAZZ,103.44999694824219,103.44999694824219,103.44999694824219,103.38500213623047,103.38999938964844,2072.0
2024-07-03 12:36:00,JSPR,22.489999771118164,22.489999771118164,22.739999771118164,22.489999771118164,22.739999771118164,2036.0
2024-07-03 12:36:00,KIDS,29.69499969482422,29.69499969482422,29.69499969482422,29.69499969482422,29.69499969482422,387.0
2024-07-03 12:36:00,KNSA,18.864999771118164,18.864999771118164,18.889999389648438,18.81999969482422,18.829999923706055,4364.0
2024-07-03 12:36:00,KROS,42.369998931884766,42.369998931884766,42.369998931884766,42.369998931884766,42.369998931884766,477.0
2024-07-03 12:36:00,KTRA,0.2777999937534332,0.2777999937534332,0.2777999937534332,0.2777999937534332,0.2777999937534332,1257.0
2024-07-03 12:36:00,KYMR,30.1299991607666,30.1299991607666,30.239999771118164,30.1299991607666,30.190000534057617,5026.0
2024-07-03 12:36:00,KZR,0.5774999856948853,0.5774999856948853,0.5776000022888184,0.5774999856948853,0.5776000022888184,868.0
2024-07-03 12:36:00,LAB,1.8803000450134277,1.8803000450134277,1.8849999904632568,1.8803000450134277,1.8849999904632568,6970.0
2024-07-03 12:36:00,LBPH,31.760000228881836,31.760000228881836,31.860000610351562,31.760000228881836,31.860000610351562,2199.0
2024-07-03 12:36:00,LEGN,46.310001373291016,46.310001373291016,46.380001068115234,46.310001373291016,46.349998474121094,1841.0
2024-07-03 12:36:00,LFST,5.114999771118164,5.114999771118164,5.114999771118164,5.114999771118164,5.114999771118164,965.0
2024-07-03 12:36:00,LGND,82.36000061035156,82.36000061035156,82.36000061035156,82.36000061035156,82.36000061035156,191.0
2024-07-03 12:36:00,LIVN,52.66999816894531,52.66999816894531,52.70000076293945,52.66999816894531,52.70000076293945,1782.0
2024-07-03 12:36:00,LNTH,79.76000213623047,79.76000213623047,79.77999877929688,79.76000213623047,79.77999877929688,734.0
2024-07-03 12:36:00,LQDA,12.020000457763672,12.020000457763672,12.020000457763672,12.020000457763672,12.020000457763672,633.0
2024-07-03 12:36:00,LRMR,7.730000019073486,7.730000019073486,7.730000019073486,7.730000019073486,7.730000019073486,1799.0
2024-07-03 12:36:00,LUCY,0.46619999408721924,0.46619999408721924,0.4666999876499176,0.46619999408721924,0.4666999876499176,10893.0
2024-07-03 12:36:00,LYEL,1.5149999856948853,1.5149999856948853,1.5149999856948853,1.5149999856948853,1.5149999856948853,153.0
2024-07-03 12:36:00,LYRA,0.2856999933719635,0.2856999933719635,0.2856999933719635,0.2856999933719635,0.2856999933719635,266.0
2024-07-03 12:36:00,MASS,4.890500068664551,4.890500068664551,4.890500068664551,4.890500068664551,4.890500068664551,240.0
2024-07-03 12:36:00,MCRB,0.7372999787330627,0.7372999787330627,0.739300012588501,0.7372999787330627,0.739300012588501,22481.0
2024-07-03 12:36:00,ME,0.4056999981403351,0.4056999981403351,0.40689998865127563,0.4056999981403351,0.40689998865127563,608.0
2024-07-03 12:36:00,MESO,6.789999961853027,6.789999961853027,6.789999961853027,6.789999961853027,6.789999961853027,819.0
2024-07-03 12:36:00,MGNX,4.164999961853027,4.164999961853027,4.164999961853027,4.152500152587891,4.15500020980835,5966.0
2024-07-03 12:36:00,MIRM,33.834999084472656,33.834999084472656,33.834999084472656,33.83000183105469,33.83000183105469,868.0
2024-07-03 12:36:00,MMSI,85.9800033569336,85.9800033569336,86.06999969482422,85.9800033569336,86.0,3781.0
2024-07-03 12:36:00,MNKD,5.010000228881836,5.010000228881836,5.010000228881836,5.010000228881836,5.010000228881836,532.0
2024-07-03 12:36:00,MNMD,7.130000114440918,7.130000114440918,7.130000114440918,7.130000114440918,7.130000114440918,891.0
2024-07-03 12:36:00,MODD,1.4700000286102295,1.4700000286102295,1.4700000286102295,1.4700000286102295,1.4700000286102295,2.0
2024-07-03 12:36:00,MOVE,0.3100999891757965,0.3100999891757965,0.3100999891757965,0.3100999891757965,0.3100999891757965,225.0
2024-07-03 12:36:00,MREO,3.5455000400543213,3.5455000400543213,3.5455000400543213,3.5455000400543213,3.5455000400543213,509.0
2024-07-03 12:36:00,MRNA,115.86419677734375,115.86419677734375,116.03630065917969,115.83000183105469,115.9800033569336,6875.0
2024-07-03 12:36:00,MRSN,1.840000033378601,1.840000033378601,1.850000023841858,1.840000033378601,1.850000023841858,2020.0
2024-07-03 12:36:00,MRUS,52.84000015258789,52.84000015258789,52.84000015258789,52.84000015258789,52.84000015258789,619.0
2024-07-03 12:36:00,MRVI,7.014999866485596,7.014999866485596,7.019999980926514,7.014999866485596,7.019999980926514,1541.0
2024-07-03 12:36:00,MXCT,3.7049999237060547,3.7049999237060547,3.7049999237060547,3.7049999237060547,3.7049999237060547,499.0
2024-07-03 12:36:00,MYGN,24.940000534057617,24.940000534057617,24.954999923706055,24.940000534057617,24.950000762939453,1963.0
2024-07-03 12:36:00,NARI,49.77000045776367,49.77000045776367,49.77000045776367,49.7400016784668,49.75,1485.0
2024-07-03 12:36:00,NBIX,138.1300048828125,138.1300048828125,138.1699981689453,138.0850067138672,138.0850067138672,2239.0
2024-07-03 12:36:00,NDRA,0.09260000288486481,0.09260000288486481,0.09260000288486481,0.09239999949932098,0.09260000288486481,6499.0
2024-07-03 12:36:00,NEOG,15.074999809265137,15.074999809265137,15.104999542236328,15.069999694824219,15.100000381469727,11928.0
2024-07-03 12:36:00,NKTR,1.284999966621399,1.284999966621399,1.2949999570846558,1.2799999713897705,1.2899999618530273,15669.0
2024-07-03 12:36:00,NKTX,5.335000038146973,5.335000038146973,5.335000038146973,5.335000038146973,5.335000038146973,1138.0
2024-07-03 12:36:00,NNOX,7.110000133514404,7.110000133514404,7.119999885559082,7.110000133514404,7.119999885559082,1737.0
2024-07-03 12:36:00,NPCE,7.239999771118164,7.239999771118164,7.289999961853027,7.239999771118164,7.289999961853027,1100.0
2024-07-03 12:36:00,NRBO,4.539999961853027,4.539999961853027,4.539999961853027,4.539999961853027,4.539999961853027,264.0
2024-07-03 12:36:00,NRC,22.96500015258789,22.96500015258789,22.96500015258789,22.959999084472656,22.96500015258789,2298.0
2024-07-03 12:36:00,NRIX,19.56999969482422,19.56999969482422,19.56999969482422,19.56999969482422,19.56999969482422,226.0
2024-07-03 12:36:00,NTLA,22.790000915527344,22.790000915527344,22.799999237060547,22.790000915527344,22.799999237060547,1793.0
2024-07-03 12:36:00,NUTX,5.329999923706055,5.329999923706055,5.329999923706055,5.329999923706055,5.329999923706055,600.0
2024-07-03 12:36:00,NVAX,12.53499984741211,12.53499984741211,12.550000190734863,12.53499984741211,12.545000076293945,18929.0
2024-07-03 12:36:00,NVCR,16.700000762939453,16.700000762939453,16.739999771118164,16.700000762939453,16.700000762939453,22038.0
2024-07-03 12:36:00,NVCT,6.248000144958496,6.248000144958496,6.248000144958496,6.248000144958496,6.248000144958496,578.0
2024-07-03 12:36:00,OCGN,1.6349999904632568,1.6349999904632568,1.6399999856948853,1.6349999904632568,1.6399999856948853,3209.0
2024-07-03 12:36:00,OCUL,6.684999942779541,6.684999942779541,6.704999923706055,6.684999942779541,6.704999923706055,2308.0
2024-07-03 12:36:00,OFIX,13.479999542236328,13.479999542236328,13.489999771118164,13.479999542236328,13.479999542236328,817.0
2024-07-03 12:36:00,OLMA,10.460000038146973,10.460000038146973,10.46500015258789,10.460000038146973,10.46500015258789,1967.0
2024-07-03 12:36:00,OM,3.869999885559082,3.869999885559082,3.880000114440918,3.869999885559082,3.875,26058.0
2024-07-03 12:36:00,OMCL,26.600000381469727,26.600000381469727,26.600000381469727,26.59000015258789,26.59000015258789,701.0
2024-07-03 12:36:00,OMER,3.880000114440918,3.880000114440918,3.880000114440918,3.880000114440918,3.880000114440918,599.0
2024-07-03 12:36:00,OMGA,1.8899999856948853,1.8899999856948853,1.899999976158142,1.8899999856948853,1.8899999856948853,2326.0
2024-07-03 12:36:00,ONCY,1.0,1.0,1.0098999738693237,1.0,1.0098999738693237,1482.0
2024-07-03 12:37:00,ABCL,2.710900068283081,2.710900068283081,2.718899965286255,2.710900068283081,2.718899965286255,1804.0
2024-07-03 12:37:00,ABEO,4.329999923706055,4.329999923706055,4.329999923706055,4.320000171661377,4.320000171661377,289.0
2024-07-03 12:37:00,ABIO,3.494999885559082,3.494999885559082,3.494999885559082,3.494999885559082,3.494999885559082,698.0
2024-07-03 12:37:00,ABSI,3.200000047683716,3.200000047683716,3.200000047683716,3.194999933242798,3.194999933242798,1615.0
2024-07-03 12:37:00,ABUS,3.1449999809265137,3.1449999809265137,3.1449999809265137,3.1401000022888184,3.1449999809265137,1813.0
2024-07-03 12:37:00,ACAD,15.5600004196167,15.5600004196167,15.569999694824219,15.5600004196167,15.569999694824219,963.0
2024-07-03 12:37:00,ACB,4.939899921417236,4.939899921417236,4.939899921417236,4.920400142669678,4.920400142669678,45370.0
2024-07-03 12:37:00,ACCD,3.610100030899048,3.610100030899048,3.6500000953674316,3.610100030899048,3.6500000953674316,17179.0
2024-07-03 12:37:00,ACET,1.0800000429153442,1.0800000429153442,1.090000033378601,1.0700000524520874,1.0800000429153442,24557.0
2024-07-03 12:37:00,ACRS,1.149999976158142,1.149999976158142,1.149999976158142,1.149999976158142,1.149999976158142,1065.0
2024-07-03 12:37:00,ADAP,1.0073000192642212,1.0073000192642212,1.0073000192642212,1.0073000192642212,1.0073000192642212,3031.0
2024-07-03 12:37:00,ADMA,11.194999694824219,11.194999694824219,11.194999694824219,11.194999694824219,11.194999694824219,541.0
2024-07-03 12:37:00,ADPT,3.4200000762939453,3.4200000762939453,3.4200000762939453,3.4200000762939453,3.4200000762939453,258.0
2024-07-03 12:37:00,AEMD,0.40720000863075256,0.40720000863075256,0.40720000863075256,0.4050999879837036,0.4050999879837036,1506.0
2024-07-03 12:37:00,AIMD,0.9700000286102295,0.9700000286102295,0.9700000286102295,0.9527999758720398,0.9625999927520752,49105.0
2024-07-03 12:37:00,AKBA,0.953499972820282,0.953499972820282,0.953499972820282,0.9528999924659729,0.953000009059906,2539.0
2024-07-03 12:37:00,AKRO,21.81999969482422,21.81999969482422,21.81999969482422,21.81999969482422,21.81999969482422,961.0
2024-07-03 12:37:00,AKYA,2.119999885559082,2.119999885559082,2.125,2.119999885559082,2.119999885559082,742.0
2024-07-03 12:37:00,ALEC,4.414999961853027,4.414999961853027,4.414999961853027,4.414999961853027,4.414999961853027,208.0
2024-07-03 12:37:00,ALGN,242.8699951171875,242.8699951171875,242.8699951171875,242.66000366210938,242.66000366210938,1325.0
2024-07-03 12:37:00,ALHC,8.039999961853027,8.039999961853027,8.039999961853027,8.029999732971191,8.039999961853027,723.0
2024-07-03 12:37:00,ALKS,24.204999923706055,24.204999923706055,24.204999923706055,24.204999923706055,24.204999923706055,1001.0
2024-07-03 12:37:00,ALLK,0.8288999795913696,0.8288999795913696,0.8288999795913696,0.8288999795913696,0.8288999795913696,222.0
2024-07-03 12:37:00,ALLO,2.0850000381469727,2.0850000381469727,2.0899999141693115,2.0799999237060547,2.0899999141693115,5449.0
2024-07-03 12:37:00,ALLR,0.20399999618530273,0.20399999618530273,0.20559999346733093,0.20250000059604645,0.20559999346733093,29936.0
2024-07-03 12:37:00,ALNY,246.05999755859375,246.05999755859375,246.1750030517578,246.03500366210938,246.1750030517578,19212.0
2024-07-03 12:37:00,ALT,6.610000133514404,6.610000133514404,6.614999771118164,6.610000133514404,6.610099792480469,8715.0
2024-07-03 12:37:00,ALVO,12.149999618530273,12.149999618530273,12.149999618530273,12.149999618530273,12.149999618530273,659.0
2024-07-03 12:37:00,ALVR,0.73580002784729,0.73580002784729,0.73580002784729,0.73580002784729,0.73580002784729,219.0
2024-07-03 12:37:00,ALXO,5.670000076293945,5.670000076293945,5.670000076293945,5.670000076293945,5.670000076293945,379.0
2024-07-03 12:37:00,ALZN,0.3894999921321869,0.3894999921321869,0.3894999921321869,0.3894999921321869,0.3894999921321869,466.0
2024-07-03 12:37:00,AMED,97.30000305175781,97.30000305175781,97.30000305175781,97.17720031738281,97.17720031738281,2366.0
2024-07-03 12:37:00,AMGN,307.7449951171875,307.7449951171875,307.82000732421875,307.7349853515625,307.7349853515625,4526.0
2024-07-03 12:37:00,AMRN,0.6840000152587891,0.6840000152587891,0.6869999766349792,0.6840000152587891,0.6840000152587891,2736.0
2024-07-03 12:37:00,ANNX,4.809999942779541,4.809999942779541,4.809999942779541,4.764999866485596,4.764999866485596,22954.0
2024-07-03 12:37:00,APDN,0.39570000767707825,0.39570000767707825,0.39570000767707825,0.39570000767707825,0.39570000767707825,8345.0
2024-07-03 12:37:00,APLS,35.27000045776367,35.27000045776367,35.27000045776367,35.22999954223633,35.22999954223633,912.0
2024-07-03 12:37:00,APLT,4.355000019073486,4.355000019073486,4.355000019073486,4.349999904632568,4.355000019073486,2878.0
2024-07-03 12:37:00,APTO,0.7400000095367432,0.7400000095367432,0.7409999966621399,0.7400000095367432,0.7409999966621399,0.0
2024-07-03 12:37:00,AQST,2.4149999618530273,2.4149999618530273,2.4200000762939453,2.4100000858306885,2.4200000762939453,8725.0
2024-07-03 12:37:00,ARCT,21.969999313354492,21.969999313354492,21.969999313354492,21.93000030517578,21.950000762939453,2264.0
2024-07-03 12:37:00,ARDX,5.335000038146973,5.335000038146973,5.340000152587891,5.295000076293945,5.295000076293945,64915.0
2024-07-03 12:37:00,ARQT,9.569999694824219,9.569999694824219,9.569999694824219,9.510000228881836,9.550000190734863,23984.0
2024-07-03 12:37:00,ARWR,24.924999237060547,24.924999237060547,24.9950008392334,24.90999984741211,24.989999771118164,5824.0
2024-07-03 12:37:00,ASND,135.05999755859375,135.05999755859375,135.33999633789062,135.05999755859375,135.33999633789062,1113.0
2024-07-03 12:37:00,ASRT,1.333799958229065,1.333799958229065,1.333799958229065,1.3312000036239624,1.3312000036239624,2315.0
2024-07-03 12:37:00,ATAI,1.284999966621399,1.284999966621399,1.284999966621399,1.284999966621399,1.284999966621399,160.0
2024-07-03 12:37:00,ATEC,10.029999732971191,10.029999732971191,10.029999732971191,10.020000457763672,10.020000457763672,2494.0
2024-07-03 12:37:00,ATHE,1.8300000429153442,1.8300000429153442,1.8300000429153442,1.8300000429153442,1.8300000429153442,3276.0
2024-07-03 12:37:00,ATRC,22.454999923706055,22.454999923706055,22.469999313354492,22.360000610351562,22.36720085144043,9718.0
2024-07-03 12:37:00,ATXS,9.069999694824219,9.069999694824219,9.069999694824219,9.069999694824219,9.069999694824219,311.0
2024-07-03 12:37:00,AUGX,0.9955000281333923,0.9955000281333923,0.9987999796867371,0.9955000281333923,0.9987999796867371,900.0
2024-07-03 12:37:00,AUPH,5.474999904632568,5.474999904632568,5.474999904632568,5.474999904632568,5.474999904632568,110.0
2024-07-03 12:37:00,AUTL,3.4749999046325684,3.4749999046325684,3.4749999046325684,3.4749999046325684,3.4749999046325684,317.0
2024-07-03 12:37:00,AVDL,14.5,14.5,14.5,14.5,14.5,321.0
2024-07-03 12:37:00,AVTE,1.6749999523162842,1.6749999523162842,1.6749999523162842,1.6700999736785889,1.6700999736785889,500.0
2024-07-03 12:37:00,AVXL,4.130000114440918,4.130000114440918,4.130000114440918,4.130000114440918,4.130000114440918,128.0
2024-07-03 12:37:00,AWH,1.024999976158142,1.024999976158142,1.024999976158142,1.0199999809265137,1.0199999809265137,2000.0
2024-07-03 12:37:00,AXNX,67.5,67.5,67.5199966430664,67.5,67.5199966430664,907.0
2024-07-03 12:37:00,AXSM,79.91000366210938,79.91000366210938,79.91000366210938,79.91000366210938,79.91000366210938,763.0
2024-07-03 12:37:00,AZN,76.7699966430664,76.7699966430664,76.77999877929688,76.76000213623047,76.7750015258789,6754.0
2024-07-03 12:37:00,AZTA,52.470001220703125,52.470001220703125,52.529998779296875,52.470001220703125,52.52000045776367,5371.0
2024-07-03 12:37:00,BBIO,25.2450008392334,25.2450008392334,25.260000228881836,25.229999542236328,25.2549991607666,4073.0
2024-07-03 12:37:00,BCAB,1.4049999713897705,1.4049999713897705,1.409999966621399,1.399999976158142,1.4049999713897705,2276.0
2024-07-03 12:37:00,BCLI,0.35499998927116394,0.35499998927116394,0.35499998927116394,0.35499998927116394,0.35499998927116394,5404.0
2024-07-03 12:37:00,BDTX,4.349999904632568,4.349999904632568,4.355000019073486,4.349999904632568,4.355000019073486,2770.0
2024-07-03 12:37:00,BEAM,23.610000610351562,23.610000610351562,23.610000610351562,23.530000686645508,23.549999237060547,1630.0
2024-07-03 12:37:00,BGNE,148.02000427246094,148.02000427246094,148.02000427246094,148.02000427246094,148.02000427246094,599.0
2024-07-03 12:37:00,BGXX,0.2694000005722046,0.2694000005722046,0.2694000005722046,0.2694000005722046,0.2694000005722046,770.0
2024-07-03 12:37:00,BIIB,223.85000610351562,223.85000610351562,223.85000610351562,223.77999877929688,223.77999877929688,1445.0
2024-07-03 12:37:00,BJDX,0.6299999952316284,0.6299999952316284,0.6299999952316284,0.6299999952316284,0.6299999952316284,0.0
2024-07-03 12:37:00,BLUE,0.9172999858856201,0.9172999858856201,0.9180999994277954,0.9158999919891357,0.916100025177002,3263.0
2024-07-03 12:37:00,BMEA,4.313600063323975,4.313600063323975,4.315000057220459,4.313600063323975,4.315000057220459,1509.0
2024-07-03 12:37:00,BMRA,0.44999998807907104,0.44999998807907104,0.44999998807907104,0.44999998807907104,0.44999998807907104,142.0
2024-07-03 12:37:00,BNGO,0.5924999713897705,0.5924999713897705,0.5968000292778015,0.5889999866485596,0.5968000292778015,13008.0
2024-07-03 12:37:00,BNTC,8.949999809265137,8.949999809265137,8.949999809265137,8.949999809265137,8.949999809265137,585.0
2024-07-03 12:37:00,BNTX,79.81999969482422,79.81999969482422,80.16000366210938,79.81999969482422,80.01000213623047,3267.0
2024-07-03 12:37:00,BPMC,110.41999816894531,110.41999816894531,110.52999877929688,110.40499877929688,110.40499877929688,3146.0
2024-07-03 12:37:00,BRKR,61.67499923706055,61.67499923706055,61.67499923706055,61.599998474121094,61.599998474121094,1789.0
2024-07-03 12:37:00,CABA,7.510000228881836,7.510000228881836,7.519999980926514,7.510000228881836,7.510000228881836,3472.0
2024-07-03 12:37:00,CADL,6.269999980926514,6.269999980926514,6.269999980926514,6.244999885559082,6.244999885559082,1045.0
2024-07-03 12:37:00,CAPR,4.804999828338623,4.804999828338623,4.809999942779541,4.804999828338623,4.809999942779541,785.0
2024-07-03 12:37:00,CCCC,4.539999961853027,4.539999961853027,4.545000076293945,4.539999961853027,4.545000076293945,1141.0
2024-07-03 12:37:00,CCRN,13.635000228881836,13.635000228881836,13.635000228881836,13.635000228881836,13.635000228881836,102.0
2024-07-03 12:37:00,CDMO,7.775000095367432,7.775000095367432,7.78000020980835,7.775000095367432,7.775000095367432,5034.0
2024-07-03 12:37:00,CDNA,15.09000015258789,15.09000015258789,15.09000015258789,15.09000015258789,15.09000015258789,608.0
2024-07-03 12:37:00,CELC,16.219999313354492,16.219999313354492,16.260000228881836,16.209999084472656,16.260000228881836,1164.0
2024-07-03 12:37:00,CERE,40.244998931884766,40.244998931884766,40.290000915527344,40.20000076293945,40.28499984741211,28733.0
2024-07-03 12:37:00,CERS,1.715000033378601,1.715000033378601,1.715000033378601,1.7100000381469727,1.7100000381469727,7254.0
2024-07-03 12:37:00,CGC,6.570000171661377,6.570000171661377,6.5792999267578125,6.565000057220459,6.565000057220459,4314.0
2024-07-03 12:37:00,CGEM,16.649999618530273,16.649999618530273,16.649999618530273,16.649999618530273,16.649999618530273,499.0
2024-07-03 12:37:00,CING,0.35409998893737793,0.35409998893737793,0.3553999960422516,0.35409998893737793,0.3553999960422516,7634.0
2024-07-03 12:37:00,CLDX,36.130001068115234,36.130001068115234,36.130001068115234,36.130001068115234,36.130001068115234,418.0
2024-07-03 12:37:00,CLLS,2.049999952316284,2.049999952316284,2.049999952316284,2.049999952316284,2.049999952316284,1092.0
2024-07-03 12:37:00,CLOV,1.2549999952316284,1.2549999952316284,1.2549999952316284,1.25,1.25,9023.0
2024-07-03 12:37:00,CMPS,6.21999979019165,6.21999979019165,6.21999979019165,6.21999979019165,6.21999979019165,187.0
2024-07-03 12:37:00,CMPX,0.8199999928474426,0.8199999928474426,0.8209999799728394,0.8199999928474426,0.8209999799728394,4510.0
2024-07-03 12:37:00,CMRX,0.8632000088691711,0.8632000088691711,0.8632000088691711,0.8632000088691711,0.8632000088691711,137.0
2024-07-03 12:37:00,CNSP,1.4300999641418457,1.4300999641418457,1.4500000476837158,1.4299999475479126,1.4450000524520874,24483.0
2024-07-03 12:37:00,CNTA,8.65999984741211,8.65999984741211,8.65999984741211,8.645000457763672,8.645000457763672,1228.0
2024-07-03 12:37:00,COGT,8.335000038146973,8.335000038146973,8.33899974822998,8.3149995803833,8.3149995803833,3941.0
2024-07-03 12:37:00,COLL,32.369998931884766,32.369998931884766,32.41999816894531,32.369998931884766,32.38999938964844,1522.0
2024-07-03 12:37:00,COSM,0.8999999761581421,0.8999999761581421,0.8999999761581421,0.8999999761581421,0.8999999761581421,1450.0
2024-07-03 12:37:00,CPRX,15.369999885559082,15.369999885559082,15.369999885559082,15.369999885559082,15.369999885559082,1477.0
2024-07-03 12:37:00,CRBU,1.5800000429153442,1.5800000429153442,1.5800000429153442,1.5750000476837158,1.5750000476837158,618.0
2024-07-03 12:37:00,CRDF,2.265000104904175,2.265000104904175,2.265000104904175,2.265000104904175,2.265000104904175,1219.0
2024-07-03 12:37:00,CRMD,4.135000228881836,4.135000228881836,4.139999866485596,4.135000228881836,4.139999866485596,2877.0
2024-07-03 12:37:00,CRON,2.315000057220459,2.315000057220459,2.315000057220459,2.315000057220459,2.315000057220459,423.0
2024-07-03 12:37:00,CRSP,53.7599983215332,53.7599983215332,53.779998779296875,53.7599983215332,53.779998779296875,563.0
2024-07-03 12:37:00,CTKB,5.59499979019165,5.59499979019165,5.59499979019165,5.59499979019165,5.59499979019165,300.0
2024-07-03 12:37:00,CTMX,1.3049999475479126,1.3049999475479126,1.3049999475479126,1.2999999523162842,1.2999999523162842,1070.0
2024-07-03 12:37:00,CTXR,0.5008999705314636,0.5008999705314636,0.5008999705314636,0.5008999705314636,0.5008999705314636,458.0
2024-07-03 12:37:00,CUE,0.9817000031471252,0.9817000031471252,0.9817000031471252,0.9817000031471252,0.9817000031471252,818.0
2024-07-03 12:37:00,CUTR,1.2899999618530273,1.2899999618530273,1.2899999618530273,1.2899999618530273,1.2899999618530273,144.0
2024-07-03 12:37:00,CVAC,3.2149999141693115,3.2149999141693115,3.2249999046325684,3.2149999141693115,3.2249999046325684,12408.0
2024-07-03 12:37:00,CYTK,54.439998626708984,54.439998626708984,54.47999954223633,54.439998626708984,54.44499969482422,1144.0
2024-07-03 12:37:00,DARE,3.0599000453948975,3.0599000453948975,3.059999942779541,3.0599000453948975,3.059999942779541,927.0
2024-07-03 12:37:00,DAWN,13.40999984741211,13.40999984741211,13.40999984741211,13.40999984741211,13.40999984741211,357.0
2024-07-03 12:37:00,DNLI,21.489999771118164,21.489999771118164,21.489999771118164,21.479999542236328,21.479999542236328,1763.0
2024-07-03 12:37:00,DSGN,3.299999952316284,3.299999952316284,3.299999952316284,3.299999952316284,3.299999952316284,674.0
2024-07-03 12:37:00,DVAX,11.079999923706055,11.079999923706055,11.085000038146973,11.079999923706055,11.085000038146973,673.0
2024-07-03 12:37:00,DXCM,110.94999694824219,110.94999694824219,110.94999694824219,110.91000366210938,110.93399810791016,1012.0
2024-07-03 12:37:00,DYN,33.92499923706055,33.92499923706055,33.93000030517578,33.92499923706055,33.93000030517578,1175.0
2024-07-03 12:37:00,EDIT,4.635000228881836,4.635000228881836,4.635000228881836,4.635000228881836,4.635000228881836,2635.0
2024-07-03 12:37:00,ELEV,2.640000104904175,2.640000104904175,2.6449999809265137,2.625,2.625,3691.0
2024-07-03 12:37:00,EOLS,10.960000038146973,10.960000038146973,10.960000038146973,10.960000038146973,10.960000038146973,396.0
2024-07-03 12:37:00,ERAS,2.2049999237060547,2.2049999237060547,2.2100000381469727,2.2049999237060547,2.2100000381469727,888.0
2024-07-03 12:37:00,ESPR,2.369999885559082,2.369999885559082,2.369999885559082,2.365000009536743,2.365000009536743,2852.0
2024-07-03 12:37:00,ETNB,7.489999771118164,7.489999771118164,7.489999771118164,7.489999771118164,7.489999771118164,807.0
2024-07-03 12:37:00,EVAX,3.043600082397461,3.043600082397461,3.043600082397461,2.9700000286102295,2.9700000286102295,2834.0
2024-07-03 12:37:00,EWTX,18.1299991607666,18.1299991607666,18.139999389648438,18.1299991607666,18.139999389648438,437.0
2024-07-03 12:37:00,EXAI,5.440000057220459,5.440000057220459,5.440000057220459,5.440000057220459,5.440000057220459,186.0
2024-07-03 12:37:00,EXAS,43.27000045776367,43.27000045776367,43.27000045776367,43.23500061035156,43.23500061035156,3160.0
2024-07-03 12:37:00,EXEL,21.8700008392334,21.8700008392334,21.875,21.860000610351562,21.8700008392334,8000.0
2024-07-03 12:37:00,EYEN,0.7829999923706055,0.7829999923706055,0.7831000089645386,0.7829999923706055,0.7831000089645386,1174.0
2024-07-03 12:37:00,EYPT,8.699999809265137,8.699999809265137,8.710000038146973,8.6899995803833,8.708999633789062,11182.0
2024-07-03 12:37:00,FATE,3.174999952316284,3.174999952316284,3.1891000270843506,3.174999952316284,3.180000066757202,5228.0
2024-07-03 12:37:00,FBIO,1.76010000705719,1.76010000705719,1.76010000705719,1.76010000705719,1.76010000705719,2123.0
2024-07-03 12:37:00,FDMT,20.875,20.875,20.8799991607666,20.8700008392334,20.8799991607666,721.0
2024-07-03 12:37:00,FENC,6.005000114440918,6.005000114440918,6.005000114440918,6.005000114440918,6.005000114440918,486.0
2024-07-03 12:37:00,FGEN,0.7127000093460083,0.7127000093460083,0.7127000093460083,0.7127000093460083,0.7127000093460083,2285.0
2024-07-03 12:37:00,FOLD,9.869999885559082,9.869999885559082,9.869999885559082,9.869999885559082,9.869999885559082,589.0
2024-07-03 12:37:00,FULC,6.139999866485596,6.139999866485596,6.139999866485596,6.139999866485596,6.139999866485596,549.0
2024-07-03 12:37:00,GDRX,7.795000076293945,7.795000076293945,7.795000076293945,7.795000076293945,7.795000076293945,673.0
2024-07-03 12:37:00,GENE,1.399899959564209,1.399899959564209,1.399899959564209,1.399899959564209,1.399899959564209,3000.0
2024-07-03 12:37:00,GERN,4.324999809265137,4.324999809265137,4.329999923706055,4.320000171661377,4.324999809265137,6201.0
2024-07-03 12:37:00,GH,28.329999923706055,28.329999923706055,28.34000015258789,28.31999969482422,28.31999969482422,1313.0
2024-07-03 12:37:00,GHRS,11.8100004196167,11.8100004196167,11.9399995803833,11.8100004196167,11.9399995803833,1280.0
2024-07-03 12:37:00,GILD,66.83499908447266,66.83499908447266,66.83999633789062,66.81500244140625,66.83999633789062,9689.0
2024-07-03 12:37:00,GLSI,16.489999771118164,16.489999771118164,16.489999771118164,16.489999771118164,16.489999771118164,190.0
2024-07-03 12:37:00,GMAB,25.170000076293945,25.170000076293945,25.18000030517578,25.170000076293945,25.18000030517578,1076.0
2024-07-03 12:37:00,GOSS,0.9672999978065491,0.9672999978065491,0.9672999978065491,0.9638000130653381,0.9638000130653381,4485.0
2024-07-03 12:37:00,GRFS,6.675000190734863,6.675000190734863,6.675000190734863,6.675000190734863,6.675000190734863,800.0
2024-07-03 12:37:00,GTHX,2.5899999141693115,2.5899999141693115,2.5899999141693115,2.5850000381469727,2.5899999141693115,1534.0
2024-07-03 12:37:00,HALO,52.189998626708984,52.189998626708984,52.220001220703125,52.189998626708984,52.220001220703125,776.0
2024-07-03 12:37:00,HITI,2.1352999210357666,2.1352999210357666,2.1352999210357666,2.1352999210357666,2.1352999210357666,270.0
2024-07-03 12:37:00,HOLX,73.2699966430664,73.2699966430664,73.2699966430664,73.26000213623047,73.26000213623047,5762.0
2024-07-03 12:37:00,HOWL,2.059999942779541,2.059999942779541,2.059999942779541,2.059999942779541,2.059999942779541,1718.0
2024-07-03 12:37:00,HRMY,30.690000534057617,30.690000534057617,30.690000534057617,30.690000534057617,30.690000534057617,502.0
2024-07-03 12:37:00,HROW,21.489999771118164,21.489999771118164,21.489999771118164,21.489999771118164,21.489999771118164,870.0
2024-07-03 12:37:00,HRTX,2.7249999046325684,2.7249999046325684,2.726300001144409,2.7249999046325684,2.7249999046325684,2687.0
2024-07-03 12:37:00,HSIC,65.05999755859375,65.05999755859375,65.05999755859375,65.05500030517578,65.05999755859375,1657.0
2024-07-03 12:37:00,HUMA,5.795000076293945,5.795000076293945,5.800000190734863,5.789999961853027,5.795000076293945,8672.0
2024-07-03 12:37:00,HYPR,1.0370999574661255,1.0370999574661255,1.0499999523162842,1.0299999713897705,1.0299999713897705,8514.0
2024-07-03 12:37:00,IART,28.565000534057617,28.565000534057617,28.565000534057617,28.559999465942383,28.559999465942383,981.0
2024-07-03 12:37:00,ICCC,4.296599864959717,4.296599864959717,4.296599864959717,4.296599864959717,4.296599864959717,970.0
2024-07-03 12:37:00,ICLR,318.1499938964844,318.1499938964844,318.1499938964844,318.1499938964844,318.1499938964844,1003.0
2024-07-03 12:37:00,IDYA,33.220001220703125,33.220001220703125,33.220001220703125,33.220001220703125,33.220001220703125,603.0
2024-07-03 12:37:00,IKNA,1.649999976158142,1.649999976158142,1.649999976158142,1.6449999809265137,1.649999976158142,816.0
2024-07-03 12:37:00,ILMN,105.75,105.75,105.79000091552734,105.58999633789062,105.58999633789062,8220.0
2024-07-03 12:37:00,IMCR,36.0099983215332,36.0099983215332,36.029998779296875,35.959999084472656,35.9900016784668,5570.0
2024-07-03 12:37:00,IMMX,2.309999942779541,2.309999942779541,2.3301000595092773,2.309999942779541,2.3299999237060547,9597.0
2024-07-03 12:37:00,IMRN,2.0199999809265137,2.0199999809265137,2.0199999809265137,2.0199999809265137,2.0199999809265137,100.0
2024-07-03 12:37:00,IMRX,1.125,1.125,1.125,1.125,1.125,228.0
2024-07-03 12:37:00,IMVT,26.03499984741211,26.03499984741211,26.03499984741211,26.030000686645508,26.030000686645508,369.0
2024-07-03 12:37:00,INCY,57.61000061035156,57.61000061035156,57.619998931884766,57.58000183105469,57.619998931884766,14406.0
2024-07-03 12:37:00,INGN,8.0649995803833,8.0649995803833,8.0649995803833,8.0649995803833,8.0649995803833,273.0
2024-07-03 12:37:00,INMB,7.940000057220459,7.940000057220459,7.940000057220459,7.940000057220459,7.940000057220459,169.0
2024-07-03 12:37:00,INMD,17.549999237060547,17.549999237060547,17.559999465942383,17.549999237060547,17.559999465942383,6025.0
2024-07-03 12:37:00,INSM,61.9900016784668,61.9900016784668,62.119998931884766,61.9900016784668,62.09000015258789,4199.0
2024-07-03 12:37:00,INVA,16.344999313354492,16.344999313354492,16.350000381469727,16.315000534057617,16.315000534057617,10736.0
2024-07-03 12:37:00,IONS,45.290000915527344,45.290000915527344,45.310001373291016,45.290000915527344,45.310001373291016,3051.0
2024-07-03 12:37:00,IOVA,7.414999961853027,7.414999961853027,7.420000076293945,7.390100002288818,7.40500020980835,12692.0
2024-07-03 12:37:00,IRTC,95.37000274658203,95.37000274658203,95.37000274658203,95.37000274658203,95.37000274658203,406.0
2024-07-03 12:37:00,IRWD,6.105000019073486,6.105000019073486,6.110000133514404,6.105000019073486,6.110000133514404,2953.0
2024-07-03 12:37:00,ISPC,0.27549999952316284,0.27549999952316284,0.2759999930858612,0.27549999952316284,0.27549999952316284,6826.0
2024-07-03 12:37:00,ISRG,434.04998779296875,434.04998779296875,434.2149963378906,434.0350036621094,434.1600036621094,4631.0
2024-07-03 12:37:00,ITCI,68.93000030517578,68.93000030517578,68.9800033569336,68.91999816894531,68.91999816894531,2528.0
2024-07-03 12:37:00,ITRM,1.1101000308990479,1.1101000308990479,1.1101000308990479,1.1101000308990479,1.1101000308990479,1527.0
2024-07-03 12:37:00,JANX,38.220001220703125,38.220001220703125,38.220001220703125,38.099998474121094,38.11000061035156,3576.0
2024-07-03 12:37:00,KMDA,5.099999904632568,5.099999904632568,5.110000133514404,5.099999904632568,5.110000133514404,914.0
2024-07-03 12:37:00,KNSA,18.950000762939453,18.950000762939453,18.950000762939453,18.90999984741211,18.90999984741211,1907.0
2024-07-03 12:37:00,KPTI,0.8319000005722046,0.8319000005722046,0.8319000005722046,0.8319000005722046,0.8319000005722046,829.0
2024-07-03 12:37:00,KROS,42.38999938964844,42.38999938964844,42.38999938964844,42.38999938964844,42.38999938964844,663.0
2024-07-03 12:37:00,KRYS,176.3000030517578,176.3000030517578,176.3000030517578,176.3000030517578,176.3000030517578,1414.0
2024-07-03 12:37:00,KTRA,0.27790001034736633,0.27790001034736633,0.27790001034736633,0.27790001034736633,0.27790001034736633,770.0
2024-07-03 12:37:00,KURA,20.1200008392334,20.1200008392334,20.1299991607666,20.110000610351562,20.110000610351562,983.0
2024-07-03 12:37:00,KYMR,30.170000076293945,30.170000076293945,30.170000076293945,30.170000076293945,30.170000076293945,984.0
2024-07-03 12:37:00,KZR,0.5769000053405762,0.5769000053405762,0.5769000053405762,0.5766000151634216,0.5766000151634216,843.0
2024-07-03 12:37:00,LAB,1.8700000047683716,1.8700000047683716,1.8799999952316284,1.8600000143051147,1.8799999952316284,120026.0
2024-07-03 12:37:00,LBPH,31.860000610351562,31.860000610351562,31.889999389648438,31.860000610351562,31.8799991607666,2281.0
2024-07-03 12:37:00,LEGN,46.16999816894531,46.16999816894531,46.36000061035156,46.16999816894531,46.349998474121094,8203.0
2024-07-03 12:37:00,LFMD,6.809999942779541,6.809999942779541,6.809999942779541,6.809999942779541,6.809999942779541,724.0
2024-07-03 12:37:00,LFST,5.114999771118164,5.114999771118164,5.114999771118164,5.114999771118164,5.114999771118164,321.0
2024-07-03 12:37:00,LGND,82.2699966430664,82.2699966430664,82.2699966430664,82.2699966430664,82.2699966430664,728.0
2024-07-03 12:37:00,LNTH,79.77999877929688,79.77999877929688,79.77999877929688,79.77999877929688,79.77999877929688,1052.0
2024-07-03 12:37:00,LOGC,5.744999885559082,5.744999885559082,5.744999885559082,5.739999771118164,5.740099906921387,10230.0
2024-07-03 12:37:00,LPTX,1.840000033378601,1.840000033378601,1.840000033378601,1.8300000429153442,1.840000033378601,325.0
2024-07-03 12:37:00,LQDA,12.0,12.0,12.010000228881836,12.0,12.010000228881836,1840.0
2024-07-03 12:37:00,LRMR,7.739999771118164,7.739999771118164,7.739999771118164,7.739999771118164,7.739999771118164,131.0
2024-07-03 12:37:00,LUCD,0.7620000243186951,0.7620000243186951,0.7620000243186951,0.7620000243186951,0.7620000243186951,200.0
2024-07-03 12:37:00,LUCY,0.4643000066280365,0.4643000066280365,0.4643000066280365,0.4643000066280365,0.4643000066280365,6677.0
2024-07-03 12:37:00,LYEL,1.5099999904632568,1.5099999904632568,1.5099999904632568,1.5099999904632568,1.5099999904632568,4779.0
2024-07-03 12:37:00,LYRA,0.2856999933719635,0.2856999933719635,0.2856999933719635,0.2856999933719635,0.2856999933719635,400.0
2024-07-03 12:37:00,MASI,114.51000213623047,114.51000213623047,114.51000213623047,114.33999633789062,114.33999633789062,3151.0
2024-07-03 12:37:00,MBIO,0.49309998750686646,0.49309998750686646,0.49410000443458557,0.49309998750686646,0.49410000443458557,9869.0
2024-07-03 12:37:00,MCRB,0.7372999787330627,0.7372999787330627,0.7386000156402588,0.7372999787330627,0.7379999756813049,10416.0
2024-07-03 12:37:00,MDWD,14.479999542236328,14.479999542236328,14.5,14.46500015258789,14.5,3105.0
2024-07-03 12:37:00,MDXG,6.784999847412109,6.784999847412109,6.784999847412109,6.784999847412109,6.784999847412109,312.0
2024-07-03 12:37:00,ME,0.4052000045776367,0.4052000045776367,0.4052000045776367,0.4043999910354614,0.40450000762939453,2368.0
2024-07-03 12:37:00,MGNX,4.164999961853027,4.164999961853027,4.175000190734863,4.159999847412109,4.170000076293945,9546.0
2024-07-03 12:37:00,MIRM,33.90999984741211,33.90999984741211,33.94499969482422,33.85499954223633,33.85499954223633,1711.0
2024-07-03 12:37:00,MLTX,41.880001068115234,41.880001068115234,41.880001068115234,41.5,41.5,4049.0
2024-07-03 12:37:00,MNKD,5.014999866485596,5.014999866485596,5.014999866485596,5.010000228881836,5.010000228881836,795.0
2024-07-03 12:37:00,MNMD,7.125,7.125,7.125,7.119999885559082,7.125,1035.0
2024-07-03 12:37:00,MODD,1.4600000381469727,1.4600000381469727,1.4600000381469727,1.4600000381469727,1.4600000381469727,200.0
2024-07-03 12:37:00,MREO,3.55049991607666,3.55049991607666,3.559999942779541,3.549999952316284,3.549999952316284,3965.0
2024-07-03 12:37:00,MRNA,115.95999908447266,115.95999908447266,115.95999908447266,115.83000183105469,115.9000015258789,4109.0
2024-07-03 12:37:00,MRNS,1.2050000429153442,1.2050000429153442,1.2050000429153442,1.2050000429153442,1.2050000429153442,308.0
2024-07-03 12:37:00,MRSN,1.840000033378601,1.840000033378601,1.8450000286102295,1.840000033378601,1.8450000286102295,1099.0
2024-07-03 12:37:00,MRUS,52.849998474121094,52.849998474121094,52.849998474121094,52.79499816894531,52.83000183105469,1467.0
2024-07-03 12:37:00,MRVI,7.010000228881836,7.010000228881836,7.019999980926514,7.010000228881836,7.019999980926514,803.0
2024-07-03 12:37:00,MXCT,3.7049999237060547,3.7049999237060547,3.7049999237060547,3.7049999237060547,3.7049999237060547,1740.0
2024-07-03 12:37:00,MYGN,24.90999984741211,24.90999984741211,24.90999984741211,24.90999984741211,24.90999984741211,618.0
2024-07-03 12:37:00,NARI,49.78499984741211,49.78499984741211,49.790000915527344,49.78499984741211,49.790000915527344,280.0
2024-07-03 12:37:00,NBIX,137.94000244140625,137.94000244140625,138.1199951171875,137.94000244140625,138.10000610351562,3810.0
2024-07-03 12:37:00,NDRA,0.09279999881982803,0.09279999881982803,0.09290000051259995,0.09279999881982803,0.09290000051259995,1531.0
2024-07-03 12:37:00,NEO,13.744999885559082,13.744999885559082,13.744999885559082,13.739999771118164,13.739999771118164,907.0
2024-07-03 12:37:00,NEOG,15.079999923706055,15.079999923706055,15.085000038146973,15.079999923706055,15.085000038146973,822.0
2024-07-03 12:37:00,NKTR,1.2899999618530273,1.2899999618530273,1.2899999618530273,1.2799999713897705,1.284999966621399,7461.0
2024-07-03 12:37:00,NKTX,5.332499980926514,5.332499980926514,5.332499980926514,5.332499980926514,5.332499980926514,150.0
2024-07-03 12:37:00,NNOX,7.099899768829346,7.099899768829346,7.114999771118164,7.090000152587891,7.114999771118164,3895.0
2024-07-03 12:37:00,NRIX,19.549999237060547,19.549999237060547,19.569000244140625,19.549999237060547,19.569000244140625,718.0
2024-07-03 12:37:00,NTLA,22.780000686645508,22.780000686645508,22.780000686645508,22.770000457763672,22.780000686645508,2948.0
2024-07-03 12:37:00,NTRA,111.60250091552734,111.60250091552734,111.66999816894531,111.60250091552734,111.62000274658203,615.0
2024-07-03 12:37:00,NVAX,12.550000190734863,12.550000190734863,12.555000305175781,12.53499984741211,12.53499984741211,6254.0
2024-07-03 12:37:00,NVCR,16.704999923706055,16.704999923706055,16.70989990234375,16.700000762939453,16.700000762939453,976.0
2024-07-03 12:37:00,NVCT,6.21999979019165,6.21999979019165,6.21999979019165,6.179999828338623,6.21999979019165,3311.0
2024-07-03 12:37:00,NVOS,0.7450000047683716,0.7450000047683716,0.7509999871253967,0.7450000047683716,0.7509999871253967,15838.0
2024-07-03 12:37:00,OCGN,1.6349999904632568,1.6349999904632568,1.6399999856948853,1.6349999904632568,1.6399999856948853,6040.0
2024-07-03 12:37:00,OCUL,6.659999847412109,6.659999847412109,6.684999942779541,6.659999847412109,6.684999942779541,8695.0
2024-07-03 12:37:00,OCX,3.059999942779541,3.059999942779541,3.0799999237060547,3.0399999618530273,3.0799999237060547,5470.0
2024-07-03 12:37:00,OLMA,10.449999809265137,10.449999809265137,10.449999809265137,10.449999809265137,10.449999809265137,858.0
2024-07-03 12:37:00,OM,3.875,3.875,3.875,3.875,3.875,0.0
2024-07-03 12:37:00,OMCL,26.6200008392334,26.6200008392334,26.6299991607666,26.6200008392334,26.6299991607666,485.0
2024-07-03 12:37:00,OMGA,1.8899999856948853,1.8899999856948853,1.9084999561309814,1.8899999856948853,1.9084999561309814,677.0
2024-07-03 12:38:00,AADI,1.399999976158142,1.399999976158142,1.4049999713897705,1.399999976158142,1.4049999713897705,2146.0
2024-07-03 12:38:00,ABCL,2.7149999141693115,2.7149999141693115,2.7149999141693115,2.7149999141693115,2.7149999141693115,1220.0
2024-07-03 12:38:00,ABEO,4.320000171661377,4.320000171661377,4.320000171661377,4.320000171661377,4.320000171661377,164.0
2024-07-03 12:38:00,ABOS,2.299999952316284,2.299999952316284,2.299999952316284,2.299999952316284,2.299999952316284,351.0
2024-07-03 12:38:00,ABSI,3.200000047683716,3.200000047683716,3.200000047683716,3.194999933242798,3.200000047683716,2003.0
2024-07-03 12:38:00,ABUS,3.1401000022888184,3.1401000022888184,3.1449999809265137,3.1401000022888184,3.1449999809265137,2454.0
2024-07-03 12:38:00,ACAD,15.539999961853027,15.539999961853027,15.5649995803833,15.529999732971191,15.5649995803833,10445.0
2024-07-03 12:38:00,ACB,4.940000057220459,4.940000057220459,4.940000057220459,4.934999942779541,4.934999942779541,0.0
2024-07-03 12:38:00,ACCD,3.5850000381469727,3.5850000381469727,3.618799924850464,3.5850000381469727,3.615000009536743,14796.0
2024-07-03 12:38:00,ACET,1.0850000381469727,1.0850000381469727,1.0850000381469727,1.0850000381469727,1.0850000381469727,1025.0
2024-07-03 12:38:00,ACLX,54.494998931884766,54.494998931884766,54.494998931884766,54.494998931884766,54.494998931884766,147.0
2024-07-03 12:38:00,ACRS,1.149999976158142,1.149999976158142,1.149999976158142,1.149999976158142,1.149999976158142,700.0
2024-07-03 12:38:00,ACST,2.9100000858306885,2.9100000858306885,2.9100000858306885,2.9100000858306885,2.9100000858306885,129.0
2024-07-03 12:38:00,ADAP,1.0099999904632568,1.0099999904632568,1.0192999839782715,1.0098999738693237,1.0098999738693237,23667.0
2024-07-03 12:38:00,ADMA,11.194999694824219,11.194999694824219,11.194999694824219,11.190199851989746,11.194999694824219,2602.0
2024-07-03 12:38:00,ADPT,3.4200000762939453,3.4200000762939453,3.4200000762939453,3.4200000762939453,3.4200000762939453,3323.0
2024-07-03 12:38:00,AHCO,9.779999732971191,9.779999732971191,9.78499984741211,9.779999732971191,9.78499984741211,936.0
2024-07-03 12:38:00,AIMD,0.9570000171661377,0.9570000171661377,0.9599000215530396,0.949999988079071,0.9589999914169312,16857.0
2024-07-03 12:38:00,AKAN,2.234999895095825,2.234999895095825,2.234999895095825,2.2300000190734863,2.2300000190734863,990.0
2024-07-03 12:38:00,AKBA,0.9538999795913696,0.9538999795913696,0.9538999795913696,0.953499972820282,0.9538999795913696,10972.0
2024-07-03 12:38:00,AKRO,21.844999313354492,21.844999313354492,21.85700035095215,21.844999313354492,21.85700035095215,488.0
2024-07-03 12:38:00,ALEC,4.414999961853027,4.414999961853027,4.414999961853027,4.414999961853027,4.414999961853027,141.0
2024-07-03 12:38:00,ALKS,24.209999084472656,24.209999084472656,24.209999084472656,24.204999923706055,24.204999923706055,1143.0
2024-07-03 12:38:00,ALLK,0.8288999795913696,0.8288999795913696,0.8288999795913696,0.8288999795913696,0.8288999795913696,200.0
2024-07-03 12:38:00,ALLO,2.0850000381469727,2.0850000381469727,2.0892999172210693,2.0850000381469727,2.0892999172210693,1610.0
2024-07-03 12:38:00,ALLR,0.20069999992847443,0.20069999992847443,0.20399999618530273,0.20069999992847443,0.20399999618530273,60883.0
2024-07-03 12:38:00,ALT,6.610000133514404,6.610000133514404,6.614999771118164,6.610000133514404,6.614999771118164,2415.0
2024-07-03 12:38:00,ALVO,12.119999885559082,12.119999885559082,12.130000114440918,12.119999885559082,12.130000114440918,250.0
2024-07-03 12:38:00,ALVR,0.7350000143051147,0.7350000143051147,0.73580002784729,0.7350000143051147,0.7354000210762024,1125.0
2024-07-03 12:38:00,ALXO,5.669400215148926,5.669400215148926,5.669400215148926,5.669400215148926,5.669400215148926,362.0
2024-07-03 12:38:00,AMED,97.29000091552734,97.29000091552734,97.30000305175781,97.22989654541016,97.2300033569336,4408.0
2024-07-03 12:38:00,AMGN,307.7099914550781,307.7099914550781,307.7900085449219,307.7099914550781,307.7561950683594,1342.0
2024-07-03 12:38:00,AMLX,1.7549999952316284,1.7549999952316284,1.7549999952316284,1.7549999952316284,1.7549999952316284,1592.0
2024-07-03 12:38:00,AMPH,38.16999816894531,38.16999816894531,38.2400016784668,38.150001525878906,38.150001525878906,4149.0
2024-07-03 12:38:00,ANGO,5.679999828338623,5.679999828338623,5.679999828338623,5.679999828338623,5.679999828338623,157.0
2024-07-03 12:38:00,ANIP,60.904998779296875,60.904998779296875,60.904998779296875,60.904998779296875,60.904998779296875,748.0
2024-07-03 12:38:00,ANNX,4.804999828338623,4.804999828338623,4.804999828338623,4.804999828338623,4.804999828338623,2049.0
2024-07-03 12:38:00,ANTX,2.5899999141693115,2.5899999141693115,2.5899999141693115,2.5899999141693115,2.5899999141693115,209.0
2024-07-03 12:38:00,APDN,0.39980000257492065,0.39980000257492065,0.39980000257492065,0.3952000141143799,0.39570000767707825,6223.0
2024-07-03 12:38:00,APLS,35.29999923706055,35.29999923706055,35.314998626708984,35.275001525878906,35.275001525878906,1935.0
2024-07-03 12:38:00,APLT,4.355000019073486,4.355000019073486,4.355000019073486,4.349999904632568,4.349999904632568,1236.0
2024-07-03 12:38:00,AQST,2.4200000762939453,2.4200000762939453,2.4200000762939453,2.4149999618530273,2.4149999618530273,2477.0
2024-07-03 12:38:00,ARCT,21.950000762939453,21.950000762939453,21.959999084472656,21.950000762939453,21.959999084472656,1817.0
2024-07-03 12:38:00,ARDX,5.34499979019165,5.34499979019165,5.349999904632568,5.335000038146973,5.335000038146973,22436.0
2024-07-03 12:38:00,ARGX,433.42498779296875,433.42498779296875,435.510009765625,433.42498779296875,435.510009765625,18579.0
2024-07-03 12:38:00,ARQT,9.5600004196167,9.5600004196167,9.569999694824219,9.5600004196167,9.569999694824219,2166.0
2024-07-03 12:38:00,ARTL,1.3600000143051147,1.3600000143051147,1.3600000143051147,1.3600000143051147,1.3600000143051147,0.0
2024-07-03 12:38:00,ARVN,23.959999084472656,23.959999084472656,23.959999084472656,23.920000076293945,23.920000076293945,853.0
2024-07-03 12:38:00,ARWR,24.950000762939453,24.950000762939453,24.950000762939453,24.94499969482422,24.94499969482422,1094.0
2024-07-03 12:38:00,ASRT,1.3300000429153442,1.3300000429153442,1.3350000381469727,1.3300000429153442,1.3350000381469727,2421.0
2024-07-03 12:38:00,ATAI,1.284999966621399,1.284999966621399,1.2899999618530273,1.284999966621399,1.2899999618530273,2002.0
2024-07-03 12:38:00,ATEC,10.03499984741211,10.03499984741211,10.03499984741211,10.03499984741211,10.03499984741211,1164.0
2024-07-03 12:38:00,ATOS,1.1649999618530273,1.1649999618530273,1.1699999570846558,1.1649999618530273,1.1699999570846558,980.0
2024-07-03 12:38:00,ATRC,22.459999084472656,22.459999084472656,22.479999542236328,22.457500457763672,22.479999542236328,1716.0
2024-07-03 12:38:00,ATXS,9.069999694824219,9.069999694824219,9.069999694824219,9.069999694824219,9.069999694824219,123.0
2024-07-03 12:38:00,AUGX,0.9987999796867371,0.9987999796867371,0.9987999796867371,0.9987999796867371,0.9987999796867371,100.0
2024-07-03 12:38:00,AUPH,5.485000133514404,5.485000133514404,5.485000133514404,5.474999904632568,5.480000019073486,1274.0
2024-07-03 12:38:00,AUTL,3.4649999141693115,3.4649999141693115,3.4798998832702637,3.4649999141693115,3.4749999046325684,7741.0
2024-07-03 12:38:00,AVDL,14.5,14.5,14.5,14.5,14.5,413.0
2024-07-03 12:38:00,AVIR,3.2799999713897705,3.2799999713897705,3.2799999713897705,3.2799999713897705,3.2799999713897705,694.0
2024-07-03 12:38:00,AVTE,1.6799999475479126,1.6799999475479126,1.6799999475479126,1.6749999523162842,1.6799999475479126,6442.0
2024-07-03 12:38:00,AVXL,4.135000228881836,4.135000228881836,4.135000228881836,4.130000114440918,4.130000114440918,390.0
2024-07-03 12:38:00,AZN,76.76499938964844,76.76499938964844,76.76499938964844,76.7500991821289,76.76000213623047,2544.0
2024-07-03 12:38:00,AZTA,52.470001220703125,52.470001220703125,52.470001220703125,52.470001220703125,52.470001220703125,1684.0
2024-07-03 12:38:00,BBIO,25.239999771118164,25.239999771118164,25.239999771118164,25.214000701904297,25.229999542236328,2119.0
2024-07-03 12:38:00,BCAB,1.4049999713897705,1.4049999713897705,1.409999966621399,1.399999976158142,1.4049999713897705,2566.0
2024-07-03 12:38:00,BCRX,6.454999923706055,6.454999923706055,6.454999923706055,6.449999809265137,6.449999809265137,4564.0
2024-07-03 12:38:00,BDTX,4.355000019073486,4.355000019073486,4.355000019073486,4.355000019073486,4.355000019073486,358.0
2024-07-03 12:38:00,BEAM,23.645999908447266,23.645999908447266,23.645999908447266,23.6299991607666,23.6299991607666,1129.0
2024-07-03 12:38:00,BIIB,223.7550048828125,223.7550048828125,223.7550048828125,223.7550048828125,223.7550048828125,599.0
2024-07-03 12:38:00,BIMI,1.2599999904632568,1.2599999904632568,1.2599999904632568,1.2599999904632568,1.2599999904632568,879.0
2024-07-03 12:38:00,BIOR,0.6322000026702881,0.6322000026702881,0.6322000026702881,0.6322000026702881,0.6322000026702881,200.0
2024-07-03 12:38:00,BJDX,0.6299999952316284,0.6299999952316284,0.6299999952316284,0.6299999952316284,0.6299999952316284,171.0
2024-07-03 12:38:00,BLFS,19.989999771118164,19.989999771118164,19.989999771118164,19.975000381469727,19.975000381469727,1418.0
2024-07-03 12:38:00,BMEA,4.300000190734863,4.300000190734863,4.315000057220459,4.300000190734863,4.315000057220459,5571.0
2024-07-03 12:38:00,BMRN,80.83000183105469,80.83000183105469,80.83999633789062,80.79000091552734,80.83999633789062,5374.0
2024-07-03 12:38:00,BNGO,0.5773000121116638,0.5773000121116638,0.5929999947547913,0.5773000121116638,0.5924000144004822,37257.0
2024-07-03 12:38:00,BNTX,79.9800033569336,79.9800033569336,80.0,79.88500213623047,79.88500213623047,2931.0
2024-07-03 12:38:00,BPMC,110.44000244140625,110.44000244140625,110.44000244140625,110.32499694824219,110.32499694824219,2300.0
2024-07-03 12:38:00,BRKR,61.67499923706055,61.67499923706055,61.70000076293945,61.650001525878906,61.70000076293945,1013.0
2024-07-03 12:38:00,BRTX,1.8650000095367432,1.8650000095367432,1.8650000095367432,1.8650000095367432,1.8650000095367432,2206.0
2024-07-03 12:38:00,BTAI,1.0750000476837158,1.0750000476837158,1.0750000476837158,1.0700000524520874,1.0750000476837158,3727.0
2024-07-03 12:38:00,CABA,7.5,7.5,7.510000228881836,7.5,7.510000228881836,3435.0
2024-07-03 12:38:00,CASI,5.104800224304199,5.104800224304199,5.104800224304199,5.104800224304199,5.104800224304199,191.0
2024-07-03 12:38:00,CCCC,4.519999980926514,4.519999980926514,4.53000020980835,4.5,4.53000020980835,27386.0
2024-07-03 12:38:00,CCRN,13.640000343322754,13.640000343322754,13.640000343322754,13.640000343322754,13.640000343322754,1330.0
2024-07-03 12:38:00,CDMO,7.769999980926514,7.769999980926514,7.78000020980835,7.75,7.78000020980835,7399.0
2024-07-03 12:38:00,CDNA,15.109999656677246,15.109999656677246,15.109999656677246,15.109999656677246,15.109999656677246,972.0
2024-07-03 12:38:00,CDXC,2.5199999809265137,2.5199999809265137,2.5199999809265137,2.5199999809265137,2.5199999809265137,235.0
2024-07-03 12:38:00,CELC,16.219999313354492,16.219999313354492,16.219999313354492,16.219999313354492,16.219999313354492,537.0
2024-07-03 12:38:00,CERE,40.29999923706055,40.29999923706055,40.33000183105469,40.24869918823242,40.24869918823242,4962.0
2024-07-03 12:38:00,CERS,1.7100000381469727,1.7100000381469727,1.7100000381469727,1.7100000381469727,1.7100000381469727,343.0
2024-07-03 12:38:00,CGC,6.571300029754639,6.571300029754639,6.574999809265137,6.571300029754639,6.574999809265137,728.0
2024-07-03 12:38:00,CGEM,16.670000076293945,16.670000076293945,16.690000534057617,16.639999389648438,16.639999389648438,2100.0
2024-07-03 12:38:00,CGEN,1.6664999723434448,1.6664999723434448,1.6749999523162842,1.6664999723434448,1.6749999523162842,1718.0
2024-07-03 12:38:00,CGTX,1.75,1.75,1.75,1.75,1.75,127.0
2024-07-03 12:38:00,CING,0.35269999504089355,0.35269999504089355,0.36550000309944153,0.35260000824928284,0.36489999294281006,18164.0
2024-07-03 12:38:00,CLDX,36.08000183105469,36.08000183105469,36.11000061035156,36.08000183105469,36.11000061035156,1463.0
2024-07-03 12:38:00,CLOV,1.2549999952316284,1.2549999952316284,1.2549999952316284,1.25,1.25,281.0
2024-07-03 12:38:00,CLRB,2.4549999237060547,2.4549999237060547,2.4549999237060547,2.4549999237060547,2.4549999237060547,1338.0
2024-07-03 12:38:00,CMPS,6.21999979019165,6.21999979019165,6.239999771118164,6.21999979019165,6.21999979019165,1850.0
2024-07-03 12:38:00,CMPX,0.8345000147819519,0.8345000147819519,0.8345000147819519,0.8345000147819519,0.8345000147819519,0.0
2024-07-03 12:38:00,CMRX,0.8632000088691711,0.8632000088691711,0.8632000088691711,0.8632000088691711,0.8632000088691711,102.0
2024-07-03 12:38:00,CNSP,1.4500000476837158,1.4500000476837158,1.4500000476837158,1.434999942779541,1.4386999607086182,16083.0
2024-07-03 12:38:00,COGT,8.34000015258789,8.34000015258789,8.34000015258789,8.329999923706055,8.33899974822998,1269.0
2024-07-03 12:38:00,COLL,32.41999816894531,32.41999816894531,32.41999816894531,32.41999816894531,32.41999816894531,717.0
2024-07-03 12:38:00,COSM,0.8999999761581421,0.8999999761581421,0.9089999794960022,0.8999999761581421,0.9049000144004822,2545.0
2024-07-03 12:38:00,CPRX,15.378299713134766,15.378299713134766,15.385000228881836,15.378299713134766,15.380000114440918,2157.0
2024-07-03 12:38:00,CRBU,1.5750000476837158,1.5750000476837158,1.5800000429153442,1.5750000476837158,1.5779999494552612,1572.0
2024-07-03 12:38:00,CRDF,2.2699999809265137,2.2699999809265137,2.2699999809265137,2.2699999809265137,2.2699999809265137,311.0
2024-07-03 12:38:00,CRMD,4.135000228881836,4.135000228881836,4.135000228881836,4.135000228881836,4.135000228881836,180.0
2024-07-03 12:38:00,CRNX,44.4900016784668,44.4900016784668,44.4900016784668,44.4900016784668,44.4900016784668,524.0
2024-07-03 12:38:00,CRSP,53.77009963989258,53.77009963989258,53.810001373291016,53.77009963989258,53.810001373291016,2089.0
2024-07-03 12:38:00,CRVS,1.784999966621399,1.784999966621399,1.7894999980926514,1.784999966621399,1.7894999980926514,2136.0
2024-07-03 12:38:00,CTKB,5.599999904632568,5.599999904632568,5.599999904632568,5.59499979019165,5.59499979019165,3397.0
2024-07-03 12:38:00,CTMX,1.2999999523162842,1.2999999523162842,1.2999999523162842,1.2999999523162842,1.2999999523162842,105.0
2024-07-03 12:38:00,CTSO,0.8500999808311462,0.8500999808311462,0.8500999808311462,0.8500999808311462,0.8500999808311462,5103.0
2024-07-03 12:38:00,CTXR,0.5088000297546387,0.5088000297546387,0.5088000297546387,0.5008999705314636,0.5008999705314636,2083.0
2024-07-03 12:38:00,CUE,0.9815999865531921,0.9815999865531921,0.9815999865531921,0.9815999865531921,0.9815999865531921,221.0
2024-07-03 12:38:00,CUTR,1.2994999885559082,1.2994999885559082,1.2994999885559082,1.2994999885559082,1.2994999885559082,710.0
2024-07-03 12:38:00,CVAC,3.2249999046325684,3.2249999046325684,3.2298998832702637,3.2100000381469727,3.2149999141693115,23684.0
2024-07-03 12:38:00,CYTK,54.47999954223633,54.47999954223633,54.47999954223633,54.47999954223633,54.47999954223633,600.0
2024-07-03 12:38:00,DARE,3.059999942779541,3.059999942779541,3.059999942779541,3.059999942779541,3.059999942779541,124.0
2024-07-03 12:38:00,DERM,5.142499923706055,5.142499923706055,5.142499923706055,5.139999866485596,5.139999866485596,874.0
2024-07-03 12:38:00,DH,5.380000114440918,5.380000114440918,5.380000114440918,5.380000114440918,5.380000114440918,430.0
2024-07-03 12:38:00,DNLI,21.489999771118164,21.489999771118164,21.489999771118164,21.489999771118164,21.489999771118164,155.0
2024-07-03 12:38:00,DSGN,3.299999952316284,3.299999952316284,3.299999952316284,3.299999952316284,3.299999952316284,239.0
2024-07-03 12:38:00,DVAX,11.09000015258789,11.09000015258789,11.09000015258789,11.079999923706055,11.079999923706055,933.0
2024-07-03 12:38:00,DXCM,111.0,111.0,111.0,111.0,111.0,1093.0
2024-07-03 12:38:00,DYN,33.91999816894531,33.91999816894531,33.91999816894531,33.91999816894531,33.91999816894531,182.0
2024-07-03 12:38:00,EDIT,4.635000228881836,4.635000228881836,4.639999866485596,4.635000228881836,4.635000228881836,1060.0
2024-07-03 12:38:00,ELEV,2.6600000858306885,2.6600000858306885,2.6600000858306885,2.6449999809265137,2.6449999809265137,2388.0
2024-07-03 12:38:00,ELYM,6.739999771118164,6.739999771118164,6.739999771118164,6.739999771118164,6.739999771118164,483.0
2024-07-03 12:38:00,EMBC,12.019000053405762,12.019000053405762,12.029999732971191,12.019000053405762,12.029999732971191,383.0
2024-07-03 12:38:00,ENSC,0.46000000834465027,0.46000000834465027,0.46000000834465027,0.46000000834465027,0.46000000834465027,311.0
2024-07-03 12:38:00,ERAS,2.2049999237060547,2.2049999237060547,2.2100000381469727,2.2049999237060547,2.2100000381469727,4181.0
2024-07-03 12:38:00,ESPR,2.369999885559082,2.369999885559082,2.369999885559082,2.365000009536743,2.365000009536743,2366.0
2024-07-03 12:38:00,ESTA,43.529998779296875,43.529998779296875,43.529998779296875,43.529998779296875,43.529998779296875,507.0
2024-07-03 12:38:00,ETNB,7.489999771118164,7.489999771118164,7.489999771118164,7.489999771118164,7.489999771118164,745.0
2024-07-03 12:38:00,EVAX,3.1700000762939453,3.1700000762939453,3.1700000762939453,3.01200008392334,3.01200008392334,7516.0
2024-07-03 12:38:00,EWTX,18.149999618530273,18.149999618530273,18.149999618530273,18.149999618530273,18.149999618530273,928.0
2024-07-03 12:38:00,EXAS,43.29999923706055,43.29999923706055,43.29999923706055,43.29999923706055,43.29999923706055,501.0
2024-07-03 12:38:00,EXEL,21.875,21.875,21.885000228881836,21.8700008392334,21.8700008392334,3418.0
2024-07-03 12:38:00,EYEN,0.7829999923706055,0.7829999923706055,0.7829999923706055,0.7829999923706055,0.7829999923706055,401.0
2024-07-03 12:38:00,FATE,3.1700000762939453,3.1700000762939453,3.1700000762939453,3.1700000762939453,3.1700000762939453,1006.0
2024-07-03 12:38:00,FBIO,1.774999976158142,1.774999976158142,1.7899999618530273,1.774999976158142,1.7899999618530273,674.0
2024-07-03 12:38:00,FDMT,20.875,20.875,20.895000457763672,20.8700008392334,20.888999938964844,2078.0
2024-07-03 12:38:00,FGEN,0.7124999761581421,0.7124999761581421,0.7135000228881836,0.7124999761581421,0.7135000228881836,7447.0
2024-07-03 12:38:00,FLGT,20.110000610351562,20.110000610351562,20.110000610351562,20.110000610351562,20.110000610351562,523.0
2024-07-03 12:38:00,FOLD,9.864999771118164,9.864999771118164,9.869999885559082,9.861000061035156,9.869999885559082,5860.0
2024-07-03 12:38:00,FULC,6.135000228881836,6.135000228881836,6.139999866485596,6.135000228881836,6.139999866485596,1535.0
2024-07-03 12:38:00,GDRX,7.795000076293945,7.795000076293945,7.795000076293945,7.795000076293945,7.795000076293945,295.0
2024-07-03 12:38:00,GERN,4.324999809265137,4.324999809265137,4.329999923706055,4.324999809265137,4.324999809265137,5095.0
2024-07-03 12:38:00,GH,28.354999542236328,28.354999542236328,28.360000610351562,28.350000381469727,28.360000610351562,1469.0
2024-07-03 12:38:00,GILD,66.8499984741211,66.8499984741211,66.86000061035156,66.83999633789062,66.83999633789062,10456.0
2024-07-03 12:38:00,GLUE,3.8550000190734863,3.8550000190734863,3.8550000190734863,3.8550000190734863,3.8550000190734863,562.0
2024-07-03 12:38:00,GLYC,0.2768000066280365,0.2768000066280365,0.2768000066280365,0.2768000066280365,0.2768000066280365,651.0
2024-07-03 12:38:00,GMAB,25.15999984741211,25.15999984741211,25.15999984741211,25.15999984741211,25.15999984741211,2893.0
2024-07-03 12:38:00,GOSS,0.9717000126838684,0.9717000126838684,0.9717000126838684,0.9700000286102295,0.9700000286102295,9723.0
2024-07-03 12:38:00,GOVX,2.8499999046325684,2.8499999046325684,2.8499999046325684,2.8399999141693115,2.8499999046325684,713.0
2024-07-03 12:38:00,GRFS,6.675000190734863,6.675000190734863,6.675000190734863,6.675000190734863,6.675000190734863,582.0
2024-07-03 12:38:00,GRTS,0.5787000060081482,0.5787000060081482,0.5787000060081482,0.5787000060081482,0.5787000060081482,3381.0
2024-07-03 12:38:00,GTHX,2.5999999046325684,2.5999999046325684,2.5999999046325684,2.5850000381469727,2.5899999141693115,5329.0
2024-07-03 12:38:00,HALO,52.26499938964844,52.26499938964844,52.275001525878906,52.21500015258789,52.220001220703125,3263.0
2024-07-03 12:38:00,HCAT,6.190000057220459,6.190000057220459,6.190000057220459,6.190000057220459,6.190000057220459,200.0
2024-07-03 12:38:00,HCSG,10.664999961853027,10.664999961853027,10.664999961853027,10.664999961853027,10.664999961853027,427.0
2024-07-03 12:38:00,HITI,2.140000104904175,2.140000104904175,2.140000104904175,2.134999990463257,2.134999990463257,2927.0
2024-07-03 12:38:00,HOLX,73.2699966430664,73.2699966430664,73.2699966430664,73.2699966430664,73.2699966430664,3034.0
2024-07-03 12:38:00,HQY,83.83000183105469,83.83000183105469,83.83000183105469,83.83000183105469,83.83000183105469,541.0
2024-07-03 12:38:00,HRMY,30.700000762939453,30.700000762939453,30.700000762939453,30.700000762939453,30.700000762939453,2937.0
2024-07-03 12:38:00,HROW,21.56999969482422,21.56999969482422,21.56999969482422,21.499900817871094,21.499900817871094,1769.0
2024-07-03 12:38:00,HRTX,2.729099988937378,2.729099988937378,2.7300000190734863,2.7200000286102295,2.7300000190734863,3062.0
2024-07-03 12:38:00,HSIC,65.02999877929688,65.02999877929688,65.05500030517578,65.02999877929688,65.04000091552734,2137.0
2024-07-03 12:38:00,HUMA,5.784999847412109,5.784999847412109,5.800000190734863,5.78000020980835,5.79610013961792,5785.0
2024-07-03 12:38:00,IBRX,6.264999866485596,6.264999866485596,6.269999980926514,6.264999866485596,6.264999866485596,540.0
2024-07-03 12:38:00,ICAD,1.2350000143051147,1.2350000143051147,1.25,1.2300000190734863,1.2300000190734863,15599.0
2024-07-03 12:38:00,IDXX,477.95001220703125,477.95001220703125,477.95001220703125,477.95001220703125,477.95001220703125,623.0
2024-07-03 12:38:00,IGMS,6.449999809265137,6.449999809265137,6.449999809265137,6.449999809265137,6.449999809265137,351.0
2024-07-03 12:38:00,IKT,1.159999966621399,1.159999966621399,1.159999966621399,1.1500999927520752,1.1500999927520752,300.0
2024-07-03 12:38:00,ILMN,105.74500274658203,105.74500274658203,105.75,105.74500274658203,105.75,2013.0
2024-07-03 12:38:00,IMAB,1.534999966621399,1.534999966621399,1.534999966621399,1.534999966621399,1.534999966621399,206.0
2024-07-03 12:38:00,IMCR,36.0,36.0,36.0,36.0,36.0,440.0
2024-07-03 12:38:00,IMMP,2.009999990463257,2.009999990463257,2.009999990463257,2.009999990463257,2.009999990463257,0.0
2024-07-03 12:38:00,IMMX,2.319999933242798,2.319999933242798,2.319999933242798,2.299999952316284,2.309999942779541,0.0
2024-07-03 12:38:00,IMRX,1.125,1.125,1.1299999952316284,1.125,1.1299999952316284,300.0
2024-07-03 12:38:00,IMTX,11.895000457763672,11.895000457763672,11.895000457763672,11.895000457763672,11.895000457763672,1061.0
2024-07-03 12:38:00,IMUX,1.1399999856948853,1.1399999856948853,1.1399999856948853,1.1399999856948853,1.1399999856948853,8271.0
2024-07-03 12:38:00,IMVT,26.020000457763672,26.020000457763672,26.048999786376953,26.020000457763672,26.048999786376953,3457.0
2024-07-03 12:38:00,INCY,57.619998931884766,57.619998931884766,57.625,57.599998474121094,57.61000061035156,7445.0
2024-07-03 12:38:00,INMB,7.949999809265137,7.949999809265137,7.949999809265137,7.949999809265137,7.949999809265137,200.0
2024-07-03 12:38:00,INMD,17.565000534057617,17.565000534057617,17.565000534057617,17.549999237060547,17.549999237060547,794.0
2024-07-03 12:38:00,INO,8.399999618530273,8.399999618530273,8.399999618530273,8.399999618530273,8.399999618530273,1211.0
2024-07-03 12:38:00,INSM,62.18000030517578,62.18000030517578,62.20000076293945,62.0,62.005001068115234,7278.0
2024-07-03 12:38:00,INVA,16.350000381469727,16.350000381469727,16.350000381469727,16.344999313354492,16.344999313354492,420.0
2024-07-03 12:38:00,INZY,4.480000019073486,4.480000019073486,4.485000133514404,4.480000019073486,4.480000019073486,1621.0
2024-07-03 12:38:00,IONS,45.310001373291016,45.310001373291016,45.310001373291016,45.310001373291016,45.310001373291016,334.0
2024-07-03 12:38:00,IOVA,7.409999847412109,7.409999847412109,7.414999961853027,7.409999847412109,7.414999961853027,1337.0
2024-07-03 12:38:00,IRTC,95.3499984741211,95.3499984741211,95.3550033569336,95.3499984741211,95.3550033569336,1531.0
2024-07-03 12:38:00,IRWD,6.09499979019165,6.09499979019165,6.105000019073486,6.09499979019165,6.105000019073486,4656.0
2024-07-03 12:38:00,ISRG,434.19000244140625,434.19000244140625,434.32000732421875,434.18499755859375,434.18499755859375,2882.0
2024-07-03 12:38:00,ITCI,69.05899810791016,69.05899810791016,69.05999755859375,69.0199966430664,69.0199966430664,4496.0
2024-07-03 12:38:00,IVVD,1.0950000286102295,1.0950000286102295,1.0950000286102295,1.0950000286102295,1.0950000286102295,736.0
2024-07-03 12:38:00,JANX,38.227500915527344,38.227500915527344,38.25,38.227500915527344,38.25,460.0
2024-07-03 12:38:00,JAZZ,103.33999633789062,103.33999633789062,103.33999633789062,103.33999633789062,103.33999633789062,228.0
2024-07-03 12:38:00,KALA,6.760000228881836,6.760000228881836,6.784999847412109,6.760000228881836,6.784999847412109,2488.0
2024-07-03 12:38:00,KALV,11.6899995803833,11.6899995803833,11.6899995803833,11.675000190734863,11.675000190734863,956.0
2024-07-03 12:38:00,KIDS,29.75,29.75,29.75,29.75,29.75,506.0
2024-07-03 12:38:00,KNSA,18.989999771118164,18.989999771118164,18.989999771118164,18.95240020751953,18.95240020751953,1302.0
2024-07-03 12:38:00,KURA,20.100000381469727,20.100000381469727,20.1200008392334,20.100000381469727,20.1200008392334,1181.0
2024-07-03 12:38:00,KYMR,30.170000076293945,30.170000076293945,30.170000076293945,30.170000076293945,30.170000076293945,110.0
2024-07-03 12:38:00,KZR,0.5763000249862671,0.5763000249862671,0.5763000249862671,0.5763000249862671,0.5763000249862671,276.0
2024-07-03 12:38:00,LAB,1.8700000047683716,1.8700000047683716,1.875,1.8700000047683716,1.8700000047683716,9699.0
2024-07-03 12:38:00,LBPH,31.790000915527344,31.790000915527344,31.799999237060547,31.65999984741211,31.780000686645508,5234.0
2024-07-03 12:38:00,LEGN,46.209999084472656,46.209999084472656,46.209999084472656,46.16999816894531,46.16999816894531,2476.0
2024-07-03 12:38:00,LFMD,6.809999942779541,6.809999942779541,6.815000057220459,6.809999942779541,6.809999942779541,914.0
2024-07-03 12:38:00,LFST,5.114999771118164,5.114999771118164,5.114999771118164,5.114999771118164,5.114999771118164,277.0
2024-07-03 12:38:00,LIVN,52.66999816894531,52.66999816894531,52.66999816894531,52.66999816894531,52.66999816894531,531.0
2024-07-03 12:38:00,LMAT,81.21499633789062,81.21499633789062,81.21499633789062,81.21499633789062,81.21499633789062,541.0
2024-07-03 12:38:00,LNSR,4.361400127410889,4.361400127410889,4.519999980926514,4.361400127410889,4.519999980926514,724.0
2024-07-03 12:38:00,LNTH,79.76000213623047,79.76000213623047,79.87000274658203,79.70999908447266,79.8499984741211,3348.0
2024-07-03 12:38:00,LOGC,5.744999885559082,5.744999885559082,5.744999885559082,5.744999885559082,5.744999885559082,472.0
2024-07-03 12:38:00,LQDA,11.960000038146973,11.960000038146973,11.989999771118164,11.960000038146973,11.989999771118164,2973.0
2024-07-03 12:38:00,LRMR,7.730000019073486,7.730000019073486,7.739999771118164,7.730000019073486,7.739999771118164,1026.0
2024-07-03 12:38:00,LUCD,0.7620000243186951,0.7620000243186951,0.7620000243186951,0.7620000243186951,0.7620000243186951,400.0
2024-07-03 12:38:00,LUCY,0.4620000123977661,0.4620000123977661,0.46399998664855957,0.4620000123977661,0.46239998936653137,8081.0
2024-07-03 12:38:00,LYEL,1.5049999952316284,1.5049999952316284,1.5049999952316284,1.5049999952316284,1.5049999952316284,379.0
2024-07-03 12:38:00,LYRA,0.2856999933719635,0.2856999933719635,0.2856999933719635,0.2856999933719635,0.2856999933719635,555.0
2024-07-03 12:38:00,MBIO,0.49320000410079956,0.49320000410079956,0.4932999908924103,0.49320000410079956,0.4932999908924103,5067.0
2024-07-03 12:38:00,MCRB,0.7372000217437744,0.7372000217437744,0.7386000156402588,0.7372000217437744,0.7386000156402588,6138.0
2024-07-03 12:38:00,MDWD,14.479999542236328,14.479999542236328,14.479999542236328,14.479999542236328,14.479999542236328,1544.0
2024-07-03 12:38:00,MDXG,6.784999847412109,6.784999847412109,6.784999847412109,6.784999847412109,6.784999847412109,828.0
2024-07-03 12:38:00,ME,0.4043000042438507,0.4043000042438507,0.4043000042438507,0.40310001373291016,0.40310001373291016,1552.0
2024-07-03 12:38:00,MGNX,4.179999828338623,4.179999828338623,4.179999828338623,4.170000076293945,4.170000076293945,1985.0
2024-07-03 12:38:00,MIRM,33.94499969482422,33.94499969482422,33.94499969482422,33.94499969482422,33.94499969482422,273.0
2024-07-03 12:38:00,MLTX,41.939998626708984,41.939998626708984,41.939998626708984,41.814998626708984,41.869998931884766,2905.0
2024-07-03 12:38:00,MMSI,86.02999877929688,86.02999877929688,86.02999877929688,86.0,86.0,656.0
2024-07-03 12:38:00,MNKD,5.010000228881836,5.010000228881836,5.010000228881836,5.010000228881836,5.010000228881836,1837.0
2024-07-03 12:38:00,MNMD,7.119999885559082,7.119999885559082,7.119999885559082,7.119999885559082,7.119999885559082,239.0
2024-07-03 12:38:00,MODD,1.4600000381469727,1.4600000381469727,1.4600000381469727,1.4600000381469727,1.4600000381469727,100.0
2024-07-03 12:38:00,MODV,27.725000381469727,27.725000381469727,27.725000381469727,27.725000381469727,27.725000381469727,669.0
2024-07-03 12:38:00,MORF,31.850000381469727,31.850000381469727,31.850000381469727,31.850000381469727,31.850000381469727,658.0
2024-07-03 12:38:00,MREO,3.559999942779541,3.559999942779541,3.559999942779541,3.559999942779541,3.559999942779541,138.0
2024-07-03 12:38:00,MRNA,115.80999755859375,115.80999755859375,115.87000274658203,115.80999755859375,115.87000274658203,2979.0
2024-07-03 12:38:00,MRNS,1.2000000476837158,1.2000000476837158,1.2050000429153442,1.2000000476837158,1.2050000429153442,630.0
2024-07-03 12:38:00,MRSN,1.8450000286102295,1.8450000286102295,1.8450000286102295,1.840000033378601,1.8450000286102295,407.0
2024-07-03 12:38:00,MRUS,52.95000076293945,52.95000076293945,52.95000076293945,52.82500076293945,52.82500076293945,7408.0
2024-07-03 12:38:00,MRVI,7.014999866485596,7.014999866485596,7.019999980926514,7.014999866485596,7.019999980926514,1074.0
2024-07-03 12:38:00,MXCT,3.7049999237060547,3.7049999237060547,3.7049999237060547,3.7049999237060547,3.7049999237060547,1282.0
2024-07-03 12:38:00,MYGN,24.899999618530273,24.899999618530273,24.93000030517578,24.889999389648438,24.93000030517578,1660.0
2024-07-03 12:38:00,NARI,49.79999923706055,49.79999923706055,49.79999923706055,49.79999923706055,49.79999923706055,262.0
2024-07-03 12:38:00,NBIX,137.90499877929688,137.90499877929688,137.90499877929688,137.90499877929688,137.90499877929688,569.0
2024-07-03 12:38:00,NDRA,0.09279999881982803,0.09279999881982803,0.09290000051259995,0.09260000288486481,0.09260000288486481,10833.0
2024-07-03 12:38:00,NEO,13.729999542236328,13.729999542236328,13.74899959564209,13.729999542236328,13.744999885559082,3096.0
2024-07-03 12:38:00,NEOG,15.109999656677246,15.109999656677246,15.109999656677246,15.09000015258789,15.09000015258789,2576.0
2024-07-03 12:38:00,NKTR,1.2949999570846558,1.2949999570846558,1.2999999523162842,1.284999966621399,1.2899999618530273,6253.0
2024-07-03 12:38:00,NKTX,5.315000057220459,5.315000057220459,5.329999923706055,5.315000057220459,5.329999923706055,2451.0
2024-07-03 12:38:00,NNOX,7.09499979019165,7.09499979019165,7.09499979019165,7.090000152587891,7.090000152587891,1037.0
2024-07-03 12:38:00,NOTV,1.6549999713897705,1.6549999713897705,1.6549999713897705,1.6549999713897705,1.6549999713897705,103.0
2024-07-03 12:38:00,NRIX,19.5,19.5,19.549999237060547,19.490999221801758,19.549999237060547,3891.0
2024-07-03 12:38:00,NTLA,22.780000686645508,22.780000686645508,22.780000686645508,22.780000686645508,22.780000686645508,326.0
2024-07-03 12:38:00,NTRA,111.5999984741211,111.5999984741211,111.5999984741211,111.59500122070312,111.59500122070312,1258.0
2024-07-03 12:38:00,NUTX,5.364999771118164,5.364999771118164,5.364999771118164,5.364999771118164,5.364999771118164,487.0
2024-07-03 12:38:00,NVAX,12.555000305175781,12.555000305175781,12.5600004196167,12.555000305175781,12.559900283813477,4570.0
2024-07-03 12:38:00,NVCR,16.790000915527344,16.790000915527344,16.809999465942383,16.700000762939453,16.700000762939453,41690.0
2024-07-03 12:38:00,NVNO,5.059999942779541,5.059999942779541,5.059999942779541,5.0584001541137695,5.0584001541137695,4502.0
2024-07-03 12:38:00,OCGN,1.6399999856948853,1.6399999856948853,1.6399999856948853,1.6399999856948853,1.6399999856948853,3426.0
2024-07-03 12:38:00,OCUL,6.650000095367432,6.650000095367432,6.659999847412109,6.650000095367432,6.659999847412109,1088.0
2024-07-03 12:38:00,OGI,1.5850000381469727,1.5850000381469727,1.5850000381469727,1.5850000381469727,1.5850000381469727,2356.0
2024-07-03 12:38:00,OLK,25.739999771118164,25.739999771118164,25.739999771118164,25.739999771118164,25.739999771118164,236.0
2024-07-03 12:38:00,OLMA,10.4399995803833,10.4399995803833,10.4399995803833,10.4350004196167,10.4399995803833,2495.0
2024-07-03 12:38:00,OM,3.869999885559082,3.869999885559082,3.875,3.869999885559082,3.875,900.0
2024-07-03 12:38:00,OMCL,26.639999389648438,26.639999389648438,26.639999389648438,26.610000610351562,26.610000610351562,1816.0
2024-07-03 12:38:00,OMER,3.875,3.875,3.875,3.875,3.875,550.0
2024-07-03 12:39:00,ABCL,2.7149999141693115,2.7149999141693115,2.7149999141693115,2.7149999141693115,2.7149999141693115,277.0
2024-07-03 12:39:00,ABEO,4.320000171661377,4.320000171661377,4.320000171661377,4.320000171661377,4.320000171661377,360.0
2024-07-03 12:39:00,ABIO,3.494999885559082,3.494999885559082,3.494999885559082,3.494999885559082,3.494999885559082,200.0
2024-07-03 12:39:00,ABSI,3.200000047683716,3.200000047683716,3.200000047683716,3.194999933242798,3.200000047683716,4017.0
2024-07-03 12:39:00,ABUS,3.1500000953674316,3.1500000953674316,3.1500000953674316,3.1449999809265137,3.1449999809265137,11118.0
2024-07-03 12:39:00,ACAD,15.5600004196167,15.5600004196167,15.5600004196167,15.539999961853027,15.539999961853027,6385.0
2024-07-03 12:39:00,ACB,4.931300163269043,4.931300163269043,4.940000057220459,4.931300163269043,4.940000057220459,5296.0
2024-07-03 12:39:00,ACCD,3.5950000286102295,3.5950000286102295,3.5950000286102295,3.5850000381469727,3.5850000381469727,2823.0
2024-07-03 12:39:00,ACET,1.0800000429153442,1.0800000429153442,1.0850000381469727,1.0800000429153442,1.0850000381469727,3594.0
2024-07-03 12:39:00,ACHC,66.91000366210938,66.91000366210938,66.91000366210938,66.91000366210938,66.91000366210938,1060.0
2024-07-03 12:39:00,ACHV,4.528900146484375,4.528900146484375,4.528900146484375,4.528900146484375,4.528900146484375,630.0
2024-07-03 12:39:00,ACIU,3.8148999214172363,3.8148999214172363,3.8148999214172363,3.8148999214172363,3.8148999214172363,51.0
2024-07-03 12:39:00,ACLX,54.470001220703125,54.470001220703125,54.470001220703125,54.470001220703125,54.470001220703125,877.0
2024-07-03 12:39:00,ACRS,1.149999976158142,1.149999976158142,1.149999976158142,1.149999976158142,1.149999976158142,1002.0
2024-07-03 12:39:00,ACST,2.9000000953674316,2.9000000953674316,2.9000000953674316,2.9000000953674316,2.9000000953674316,1164.0
2024-07-03 12:39:00,ADMA,11.1850004196167,11.1850004196167,11.196599960327148,11.180000305175781,11.196599960327148,9701.0
2024-07-03 12:39:00,ADPT,3.425100088119507,3.425100088119507,3.425100088119507,3.424999952316284,3.424999952316284,1830.0
2024-07-03 12:39:00,AGEN,14.220000267028809,14.220000267028809,14.220000267028809,14.220000267028809,14.220000267028809,297.0
2024-07-03 12:39:00,AGIO,41.939998626708984,41.939998626708984,41.959999084472656,41.939998626708984,41.939998626708984,1121.0
2024-07-03 12:39:00,AHCO,9.765000343322754,9.765000343322754,9.784000396728516,9.765000343322754,9.779999732971191,2618.0
2024-07-03 12:39:00,AIMD,0.9700000286102295,0.9700000286102295,0.9700000286102295,0.9521999955177307,0.9549000263214111,6160.0
2024-07-03 12:39:00,AKBA,0.9539999961853027,0.9539999961853027,0.9539999961853027,0.9538999795913696,0.9538999795913696,616.0
2024-07-03 12:39:00,AKRO,21.829999923706055,21.829999923706055,21.829999923706055,21.829999923706055,21.829999923706055,1985.0
2024-07-03 12:39:00,ALEC,4.420000076293945,4.420000076293945,4.420000076293945,4.420000076293945,4.420000076293945,404.0
2024-07-03 12:39:00,ALHC,8.0,8.0,8.039999961853027,8.0,8.029999732971191,4127.0
2024-07-03 12:39:00,ALKS,24.204999923706055,24.204999923706055,24.219999313354492,24.204999923706055,24.204999923706055,8996.0
2024-07-03 12:39:00,ALLO,2.0950000286102295,2.0950000286102295,2.0950000286102295,2.0850000381469727,2.0850000381469727,15011.0
2024-07-03 12:39:00,ALLR,0.20000000298023224,0.20000000298023224,0.20000000298023224,0.20000000298023224,0.20000000298023224,800.0
2024-07-03 12:39:00,ALNY,246.0850067138672,246.0850067138672,246.1999969482422,246.07000732421875,246.07000732421875,2303.0
2024-07-03 12:39:00,ALT,6.579999923706055,6.579999923706055,6.614999771118164,6.579999923706055,6.614999771118164,21105.0
2024-07-03 12:39:00,ALVO,12.109999656677246,12.109999656677246,12.130000114440918,12.109999656677246,12.119999885559082,1020.0
2024-07-03 12:39:00,ALVR,0.73580002784729,0.73580002784729,0.73580002784729,0.73580002784729,0.73580002784729,200.0
2024-07-03 12:39:00,ALXO,5.6620001792907715,5.6620001792907715,5.670000076293945,5.6620001792907715,5.670000076293945,1142.0
2024-07-03 12:39:00,AMED,97.28600311279297,97.28600311279297,97.4000015258789,97.28600311279297,97.30000305175781,9930.0
2024-07-03 12:39:00,AMGN,307.92498779296875,307.92498779296875,308.05999755859375,307.79998779296875,307.8800048828125,5864.0
2024-07-03 12:39:00,AMLX,1.7549999952316284,1.7549999952316284,1.7599999904632568,1.7549999952316284,1.7599999904632568,1586.0
2024-07-03 12:39:00,AMPH,38.119998931884766,38.119998931884766,38.13999938964844,38.11000061035156,38.130001068115234,1279.0
2024-07-03 12:39:00,ANNX,4.804999828338623,4.804999828338623,4.809999942779541,4.804999828338623,4.804999828338623,1817.0
2024-07-03 12:39:00,ANTX,2.5999999046325684,2.5999999046325684,2.5999999046325684,2.5999999046325684,2.5999999046325684,392.0
2024-07-03 12:39:00,APDN,0.40369999408721924,0.40369999408721924,0.40369999408721924,0.40369999408721924,0.40369999408721924,1050.0
2024-07-03 12:39:00,APLS,35.28499984741211,35.28499984741211,35.28499984741211,35.25,35.27000045776367,1009.0
2024-07-03 12:39:00,APLT,4.355000019073486,4.355000019073486,4.355000019073486,4.349999904632568,4.355000019073486,1811.0
2024-07-03 12:39:00,AQST,2.4149999618530273,2.4149999618530273,2.4149999618530273,2.4149999618530273,2.4149999618530273,2085.0
2024-07-03 12:39:00,ARCT,21.84000015258789,21.84000015258789,21.8700008392334,21.84000015258789,21.8700008392334,1410.0
2024-07-03 12:39:00,ARDX,5.355000019073486,5.355000019073486,5.369999885559082,5.34499979019165,5.34499979019165,27411.0
2024-07-03 12:39:00,ARGX,434.1000061035156,434.1000061035156,434.1000061035156,434.0950012207031,434.0950012207031,780.0
2024-07-03 12:39:00,ARQT,9.569999694824219,9.569999694824219,9.574999809265137,9.5649995803833,9.5649995803833,6298.0
2024-07-03 12:39:00,ARVN,23.924999237060547,23.924999237060547,23.950000762939453,23.924999237060547,23.950000762939453,762.0
2024-07-03 12:39:00,ARWR,24.8700008392334,24.8700008392334,24.940000534057617,24.860000610351562,24.940000534057617,8625.0
2024-07-03 12:39:00,ASLN,2.240000009536743,2.240000009536743,2.240000009536743,2.240000009536743,2.240000009536743,868.0
2024-07-03 12:39:00,ASMB,12.15999984741211,12.15999984741211,12.15999984741211,12.15999984741211,12.15999984741211,211.0
2024-07-03 12:39:00,ASND,135.0,135.0,135.0,135.0,135.0,386.0
2024-07-03 12:39:00,ASRT,1.3300000429153442,1.3300000429153442,1.3300000429153442,1.3300000429153442,1.3300000429153442,1287.0
2024-07-03 12:39:00,ATEC,10.039999961853027,10.039999961853027,10.039999961853027,10.03499984741211,10.039999961853027,2936.0
2024-07-03 12:39:00,ATOS,1.1614999771118164,1.1614999771118164,1.1699999570846558,1.1614999771118164,1.1699999570846558,1250.0
2024-07-03 12:39:00,ATRC,22.459999084472656,22.459999084472656,22.459999084472656,22.459999084472656,22.459999084472656,417.0
2024-07-03 12:39:00,ATXS,9.0600004196167,9.0600004196167,9.069999694824219,9.0600004196167,9.0600004196167,598.0
2024-07-03 12:39:00,AUGX,0.9987999796867371,0.9987999796867371,0.9987999796867371,0.9987999796867371,0.9987999796867371,800.0
2024-07-03 12:39:00,AUPH,5.485000133514404,5.485000133514404,5.489999771118164,5.485000133514404,5.489999771118164,2014.0
2024-07-03 12:39:00,AUTL,3.4649999141693115,3.4649999141693115,3.4649999141693115,3.4649999141693115,3.4649999141693115,614.0
2024-07-03 12:39:00,AVDL,14.508999824523926,14.508999824523926,14.508999824523926,14.489999771118164,14.494999885559082,3368.0
2024-07-03 12:39:00,AVGR,1.7899999618530273,1.7899999618530273,1.7899999618530273,1.7899999618530273,1.7899999618530273,45.0
2024-07-03 12:39:00,AVIR,3.2850000858306885,3.2850000858306885,3.2850000858306885,3.2799999713897705,3.2799999713897705,834.0
2024-07-03 12:39:00,AVTE,1.6799999475479126,1.6799999475479126,1.684999942779541,1.6799999475479126,1.684999942779541,5501.0
2024-07-03 12:39:00,AVXL,4.130000114440918,4.130000114440918,4.135000228881836,4.130000114440918,4.135000228881836,537.0
2024-07-03 12:39:00,AXGN,7.539999961853027,7.539999961853027,7.550000190734863,7.5,7.542600154876709,13175.0
2024-07-03 12:39:00,AXNX,67.48500061035156,67.48500061035156,67.48500061035156,67.48500061035156,67.48500061035156,284.0
2024-07-03 12:39:00,AXSM,79.98999786376953,79.98999786376953,79.98999786376953,79.98999786376953,79.98999786376953,2839.0
2024-07-03 12:39:00,AZN,76.76499938964844,76.76499938964844,76.7750015258789,76.76000213623047,76.76499938964844,4595.0
2024-07-03 12:39:00,AZTA,52.400001525878906,52.400001525878906,52.470001220703125,52.400001525878906,52.470001220703125,2599.0
2024-07-03 12:39:00,BBIO,25.209999084472656,25.209999084472656,25.209999084472656,25.200000762939453,25.209999084472656,6199.0
2024-07-03 12:39:00,BCAB,1.399999976158142,1.399999976158142,1.4049999713897705,1.399999976158142,1.4049999713897705,720.0
2024-07-03 12:39:00,BCDA,3.0299999713897705,3.0299999713897705,3.0299999713897705,3.0299999713897705,3.0299999713897705,621.0
2024-07-03 12:39:00,BCRX,6.440000057220459,6.440000057220459,6.449999809265137,6.440000057220459,6.449999809265137,1587.0
2024-07-03 12:39:00,BCTX,1.0,1.0,1.0,1.0,1.0,128.0
2024-07-03 12:39:00,BDSX,1.6100000143051147,1.6100000143051147,1.6200000047683716,1.6100000143051147,1.6150000095367432,544.0
2024-07-03 12:39:00,BDTX,4.360000133514404,4.360000133514404,4.360000133514404,4.360000133514404,4.360000133514404,288.0
2024-07-03 12:39:00,BEAM,23.600000381469727,23.600000381469727,23.6299991607666,23.600000381469727,23.6299991607666,2153.0
2024-07-03 12:39:00,BEAT,2.710099935531616,2.710099935531616,2.710099935531616,2.710099935531616,2.710099935531616,731.0
2024-07-03 12:39:00,BIIB,223.6999969482422,223.6999969482422,223.6999969482422,223.6999969482422,223.6999969482422,412.0
2024-07-03 12:39:00,BIMI,1.2599999904632568,1.2599999904632568,1.2599999904632568,1.2519999742507935,1.2549999952316284,3056.0
2024-07-03 12:39:00,BIOR,0.6316999793052673,0.6316999793052673,0.6316999793052673,0.6316999793052673,0.6316999793052673,1500.0
2024-07-03 12:39:00,BLUE,0.9164000153541565,0.9164000153541565,0.9164000153541565,0.9164000153541565,0.9164000153541565,1341.0
2024-07-03 12:39:00,BMEA,4.320000171661377,4.320000171661377,4.320000171661377,4.289999961853027,4.289999961853027,5589.0
2024-07-03 12:39:00,BMRN,80.80000305175781,80.80000305175781,80.80000305175781,80.80000305175781,80.80000305175781,1834.0
2024-07-03 12:39:00,BNGO,0.5773000121116638,0.5773000121116638,0.5773000121116638,0.5773000121116638,0.5773000121116638,13900.0
2024-07-03 12:39:00,BNTX,80.0,80.0,80.0,80.0,80.0,586.0
2024-07-03 12:39:00,BPMC,109.82499694824219,109.82499694824219,110.11499786376953,109.82499694824219,110.11499786376953,2039.0
2024-07-03 12:39:00,BRKR,61.63999938964844,61.63999938964844,61.650001525878906,61.63999938964844,61.650001525878906,2352.0
2024-07-03 12:39:00,BTAI,1.0700000524520874,1.0700000524520874,1.0700000524520874,1.0700000524520874,1.0700000524520874,1098.0
2024-07-03 12:39:00,BTTX,0.012500000186264515,0.012500000186264515,0.012500000186264515,0.012500000186264515,0.012500000186264515,10500.0
2024-07-03 12:39:00,BYSI,2.5199999809265137,2.5199999809265137,2.5199999809265137,2.5199999809265137,2.5199999809265137,713.0
2024-07-03 12:39:00,CABA,7.489999771118164,7.489999771118164,7.5,7.480000019073486,7.5,5844.0
2024-07-03 12:39:00,CADL,6.239999771118164,6.239999771118164,6.260000228881836,6.239999771118164,6.2418999671936035,3717.0
2024-07-03 12:39:00,CCCC,4.519999980926514,4.519999980926514,4.519999980926514,4.510000228881836,4.514999866485596,1453.0
2024-07-03 12:39:00,CCRN,13.649999618530273,13.649999618530273,13.649999618530273,13.640000343322754,13.640000343322754,2012.0
2024-07-03 12:39:00,CDMO,7.78000020980835,7.78000020980835,7.78000020980835,7.75,7.760000228881836,6043.0
2024-07-03 12:39:00,CDNA,15.109999656677246,15.109999656677246,15.109999656677246,15.109999656677246,15.109999656677246,985.0
2024-07-03 12:39:00,CDXC,2.5199999809265137,2.5199999809265137,2.5199999809265137,2.5199999809265137,2.5199999809265137,444.0
2024-07-03 12:39:00,CDXS,2.869999885559082,2.869999885559082,2.869999885559082,2.869999885559082,2.869999885559082,503.0
2024-07-03 12:39:00,CERE,40.29999923706055,40.29999923706055,40.33000183105469,40.29999923706055,40.30160140991211,1381.0
2024-07-03 12:39:00,CERT,13.770000457763672,13.770000457763672,13.774999618530273,13.770000457763672,13.774999618530273,839.0
2024-07-03 12:39:00,CGEM,16.600000381469727,16.600000381469727,16.670000076293945,16.600000381469727,16.649999618530273,2851.0
2024-07-03 12:39:00,CGEN,1.659999966621399,1.659999966621399,1.659999966621399,1.659999966621399,1.659999966621399,318.0
2024-07-03 12:39:00,CHRS,1.3849999904632568,1.3849999904632568,1.3849999904632568,1.3849999904632568,1.3849999904632568,301.0
2024-07-03 12:39:00,CING,0.32100000977516174,0.32100000977516174,0.3467999994754791,0.3199999928474426,0.3467999994754791,85511.0
2024-07-03 12:39:00,CLDX,36.060001373291016,36.060001373291016,36.060001373291016,36.060001373291016,36.060001373291016,1187.0
2024-07-03 12:39:00,CLNN,0.3255999982357025,0.3255999982357025,0.3255999982357025,0.3255999982357025,0.3255999982357025,1501.0
2024-07-03 12:39:00,CLOV,1.2549999952316284,1.2549999952316284,1.2549999952316284,1.25,1.2549999952316284,1415.0
2024-07-03 12:39:00,CLRB,2.4588000774383545,2.4588000774383545,2.4588000774383545,2.4579999446868896,2.4579999446868896,0.0
2024-07-03 12:39:00,CMPS,6.21999979019165,6.21999979019165,6.239999771118164,6.21999979019165,6.230000019073486,1415.0
2024-07-03 12:39:00,CMRX,0.8634999990463257,0.8634999990463257,0.8634999990463257,0.8634999990463257,0.8634999990463257,309.0
2024-07-03 12:39:00,CNSP,1.4299999475479126,1.4299999475479126,1.440000057220459,1.409999966621399,1.4299999475479126,25356.0
2024-07-03 12:39:00,COGT,8.369000434875488,8.369000434875488,8.369000434875488,8.329999923706055,8.329999923706055,4260.0
2024-07-03 12:39:00,COLL,32.38999938964844,32.38999938964844,32.42499923706055,32.380001068115234,32.42499923706055,1549.0
2024-07-03 12:39:00,CORT,30.399999618530273,30.399999618530273,30.440000534057617,30.399999618530273,30.440000534057617,2560.0
2024-07-03 12:39:00,COSM,0.8999999761581421,0.8999999761581421,0.9049000144004822,0.8999999761581421,0.9049000144004822,11766.0
2024-07-03 12:39:00,CPRX,15.350000381469727,15.350000381469727,15.390000343322754,15.350000381469727,15.390000343322754,2950.0
2024-07-03 12:39:00,CRBU,1.5750000476837158,1.5750000476837158,1.5800000429153442,1.5750000476837158,1.5800000429153442,10964.0
2024-07-03 12:39:00,CRDF,2.265000104904175,2.265000104904175,2.265000104904175,2.265000104904175,2.265000104904175,635.0
2024-07-03 12:39:00,CRMD,4.135000228881836,4.135000228881836,4.135000228881836,4.135000228881836,4.135000228881836,186.0
2024-07-03 12:39:00,CRNX,44.448001861572266,44.448001861572266,44.448001861572266,44.448001861572266,44.448001861572266,164.0
2024-07-03 12:39:00,CRON,2.315000057220459,2.315000057220459,2.315000057220459,2.315000057220459,2.315000057220459,964.0
2024-07-03 12:39:00,CRSP,53.84000015258789,53.84000015258789,53.84000015258789,53.84000015258789,53.84000015258789,264.0
2024-07-03 12:39:00,CSTL,21.104999542236328,21.104999542236328,21.104999542236328,21.104999542236328,21.104999542236328,437.0
2024-07-03 12:39:00,CTMX,1.2999999523162842,1.2999999523162842,1.3049999475479126,1.2999999523162842,1.3049999475479126,116.0
2024-07-03 12:39:00,CTSO,0.8600000143051147,0.8600000143051147,0.8600000143051147,0.8500999808311462,0.8550999760627747,15260.0
2024-07-03 12:39:00,CTXR,0.5004000067710876,0.5004000067710876,0.5047000050544739,0.5004000067710876,0.5047000050544739,1297.0
2024-07-03 12:39:00,CUTR,1.2900999784469604,1.2900999784469604,1.2999000549316406,1.2900999784469604,1.2999000549316406,1146.0
2024-07-03 12:39:00,CVAC,3.234999895095825,3.234999895095825,3.240000009536743,3.2249999046325684,3.2249999046325684,11466.0
2024-07-03 12:39:00,CYTK,54.35499954223633,54.35499954223633,54.4900016784668,54.34000015258789,54.45500183105469,8695.0
2024-07-03 12:39:00,DARE,3.055000066757202,3.055000066757202,3.055000066757202,3.055000066757202,3.055000066757202,564.0
2024-07-03 12:39:00,DAWN,13.40999984741211,13.40999984741211,13.40999984741211,13.40999984741211,13.40999984741211,299.0
2024-07-03 12:39:00,DNLI,21.489999771118164,21.489999771118164,21.5,21.489999771118164,21.5,1594.0
2024-07-03 12:39:00,DRIO,1.1799999475479126,1.1799999475479126,1.1799999475479126,1.1799999475479126,1.1799999475479126,130.0
2024-07-03 12:39:00,DSGN,3.299999952316284,3.299999952316284,3.299999952316284,3.299999952316284,3.299999952316284,757.0
2024-07-03 12:39:00,DVAX,11.079999923706055,11.079999923706055,11.09000015258789,11.079999923706055,11.09000015258789,2409.0
2024-07-03 12:39:00,DXCM,111.0,111.0,111.01000213623047,110.95010375976562,110.9749984741211,6379.0
2024-07-03 12:39:00,DYN,33.91999816894531,33.91999816894531,33.91999816894531,33.91999816894531,33.91999816894531,303.0
2024-07-03 12:39:00,EDIT,4.650000095367432,4.650000095367432,4.650000095367432,4.635000228881836,4.635000228881836,3806.0
2024-07-03 12:39:00,ELEV,2.6549999713897705,2.6549999713897705,2.6549999713897705,2.6500000953674316,2.6500000953674316,1602.0
2024-07-03 12:39:00,EMBC,12.020000457763672,12.020000457763672,12.020000457763672,12.020000457763672,12.020000457763672,436.0
2024-07-03 12:39:00,ENSG,126.86000061035156,126.86000061035156,126.86000061035156,126.86000061035156,126.86000061035156,309.0
2024-07-03 12:39:00,ENTA,13.100000381469727,13.100000381469727,13.100000381469727,13.100000381469727,13.100000381469727,307.0
2024-07-03 12:39:00,EOLS,10.970000267028809,10.970000267028809,10.970000267028809,10.960000038146973,10.960000038146973,1387.0
2024-07-03 12:39:00,ERAS,2.2100000381469727,2.2100000381469727,2.2100000381469727,2.2049999237060547,2.2049999237060547,1462.0
2024-07-03 12:39:00,ESPR,2.369999885559082,2.369999885559082,2.369999885559082,2.364000082015991,2.365000009536743,5736.0
2024-07-03 12:39:00,ESTA,43.599998474121094,43.599998474121094,43.599998474121094,43.599998474121094,43.599998474121094,707.0
2024-07-03 12:39:00,ETNB,7.46999979019165,7.46999979019165,7.480000019073486,7.46999979019165,7.480000019073486,2452.0
2024-07-03 12:39:00,EVAX,3.1898999214172363,3.1898999214172363,3.1898999214172363,3.1898999214172363,3.1898999214172363,840.0
2024-07-03 12:39:00,EWTX,18.100000381469727,18.100000381469727,18.1299991607666,18.100000381469727,18.1299991607666,1105.0
2024-07-03 12:39:00,EXAI,5.440000057220459,5.440000057220459,5.440000057220459,5.440000057220459,5.440000057220459,200.0
2024-07-03 12:39:00,EXAS,43.27000045776367,43.27000045776367,43.29999923706055,43.2400016784668,43.28499984741211,10457.0
2024-07-03 12:39:00,EXEL,21.875,21.875,21.8799991607666,21.8700008392334,21.875,2965.0
2024-07-03 12:39:00,EYEN,0.7893000245094299,0.7893000245094299,0.7893000245094299,0.7853000164031982,0.7853000164031982,2403.0
2024-07-03 12:39:00,EYPT,8.680000305175781,8.680000305175781,8.710000038146973,8.680000305175781,8.6899995803833,3729.0
2024-07-03 12:39:00,FATE,3.1700000762939453,3.1700000762939453,3.1721999645233154,3.1700000762939453,3.1721999645233154,256.0
2024-07-03 12:39:00,FENC,6.005000114440918,6.005000114440918,6.005000114440918,6.005000114440918,6.005000114440918,158.0
2024-07-03 12:39:00,FGEN,0.7138000130653381,0.7138000130653381,0.7143999934196472,0.7129999995231628,0.7143999934196472,3528.0
2024-07-03 12:39:00,FLGC,0.9772999882698059,0.9772999882698059,0.9772999882698059,0.9772999882698059,0.9772999882698059,507.0
2024-07-03 12:39:00,FLGT,20.079999923706055,20.079999923706055,20.079999923706055,20.079999923706055,20.079999923706055,706.0
2024-07-03 12:39:00,FOLD,9.850000381469727,9.850000381469727,9.864999771118164,9.845000267028809,9.864999771118164,5552.0
2024-07-03 12:39:00,FULC,6.135000228881836,6.135000228881836,6.135000228881836,6.135000228881836,6.135000228881836,1222.0
2024-07-03 12:39:00,GALT,2.180000066757202,2.180000066757202,2.180000066757202,2.180000066757202,2.180000066757202,223.0
2024-07-03 12:39:00,GDRX,7.789999961853027,7.789999961853027,7.800000190734863,7.78000020980835,7.795000076293945,14581.0
2024-07-03 12:39:00,GERN,4.324999809265137,4.324999809265137,4.324999809265137,4.324999809265137,4.324999809265137,3775.0
2024-07-03 12:39:00,GH,28.350000381469727,28.350000381469727,28.389999389648438,28.350000381469727,28.360000610351562,11239.0
2024-07-03 12:39:00,GILD,66.87000274658203,66.87000274658203,66.87000274658203,66.83999633789062,66.86000061035156,9640.0
2024-07-03 12:39:00,GOSS,0.9800000190734863,0.9800000190734863,0.9800000190734863,0.9757000207901001,0.9757000207901001,2499.0
2024-07-03 12:39:00,GOVX,2.8499999046325684,2.8499999046325684,2.8499999046325684,2.8399999141693115,2.8499999046325684,3228.0
2024-07-03 12:39:00,GRFS,6.675000190734863,6.675000190734863,6.675000190734863,6.670000076293945,6.675000190734863,1837.0
2024-07-03 12:39:00,GRTS,0.5787000060081482,0.5787000060081482,0.5787000060081482,0.5787000060081482,0.5787000060081482,800.0
2024-07-03 12:39:00,GTHX,2.5999999046325684,2.5999999046325684,2.5999999046325684,2.5950000286102295,2.5950000286102295,1013.0
2024-07-03 12:39:00,HALO,52.21500015258789,52.21500015258789,52.290000915527344,52.209999084472656,52.290000915527344,3024.0
2024-07-03 12:39:00,HCAT,6.190000057220459,6.190000057220459,6.190000057220459,6.179999828338623,6.190000057220459,281.0
2024-07-03 12:39:00,HCSG,10.65999984741211,10.65999984741211,10.65999984741211,10.65999984741211,10.65999984741211,845.0
2024-07-03 12:39:00,HITI,2.139899969100952,2.139899969100952,2.139899969100952,2.139899969100952,2.139899969100952,260.0
2024-07-03 12:39:00,HOLX,73.2699966430664,73.2699966430664,73.27999877929688,73.25,73.27999877929688,9737.0
2024-07-03 12:39:00,HOWL,2.069999933242798,2.069999933242798,2.069999933242798,2.069999933242798,2.069999933242798,110.0
2024-07-03 12:39:00,HQY,83.84500122070312,83.84500122070312,83.87000274658203,83.83999633789062,83.83999633789062,2853.0
2024-07-03 12:39:00,HRMY,30.780000686645508,30.780000686645508,30.790000915527344,30.684999465942383,30.700000762939453,4512.0
2024-07-03 12:39:00,HROW,21.559999465942383,21.559999465942383,21.559999465942383,21.559999465942383,21.559999465942383,1242.0
2024-07-03 12:39:00,HRTX,2.7249999046325684,2.7249999046325684,2.7300000190734863,2.7249999046325684,2.7249999046325684,16360.0
2024-07-03 12:39:00,HSIC,65.02999877929688,65.02999877929688,65.02999877929688,65.02999877929688,65.02999877929688,1129.0
2024-07-03 12:39:00,HUMA,5.784999847412109,5.784999847412109,5.789999961853027,5.78000020980835,5.78000020980835,2797.0
2024-07-03 12:39:00,HYPR,1.0499999523162842,1.0499999523162842,1.0499999523162842,1.0499999523162842,1.0499999523162842,1123.0
2024-07-03 12:39:00,IART,28.524999618530273,28.524999618530273,28.56800079345703,28.524999618530273,28.56800079345703,3122.0
2024-07-03 12:39:00,IBRX,6.255000114440918,6.255000114440918,6.264999866485596,6.255000114440918,6.264999866485596,5388.0
2024-07-03 12:39:00,ICUI,117.86000061035156,117.86000061035156,117.86000061035156,117.86000061035156,117.86000061035156,638.0
2024-07-03 12:39:00,IDXX,478.6159973144531,478.6159973144531,478.6159973144531,478.6159973144531,478.6159973144531,1096.0
2024-07-03 12:39:00,IDYA,33.189998626708984,33.189998626708984,33.220001220703125,33.189998626708984,33.220001220703125,1089.0
2024-07-03 12:39:00,IKNA,1.6449999809265137,1.6449999809265137,1.6449999809265137,1.6399999856948853,1.6399999856948853,300.0
2024-07-03 12:39:00,IKT,1.1699999570846558,1.1699999570846558,1.1699999570846558,1.159999966621399,1.159999966621399,200.0
2024-07-03 12:39:00,ILMN,105.69000244140625,105.69000244140625,105.7300033569336,105.69000244140625,105.7300033569336,3655.0
2024-07-03 12:39:00,IMCR,35.959999084472656,35.959999084472656,35.9900016784668,35.959999084472656,35.9900016784668,1987.0
2024-07-03 12:39:00,IMMX,2.325000047683716,2.325000047683716,2.325000047683716,2.325000047683716,2.325000047683716,1259.0
2024-07-03 12:39:00,IMNM,12.079999923706055,12.079999923706055,12.079999923706055,12.079999923706055,12.079999923706055,767.0
2024-07-03 12:39:00,IMRN,2.0199999809265137,2.0199999809265137,2.0199999809265137,2.0199999809265137,2.0199999809265137,200.0
2024-07-03 12:39:00,IMTX,11.880000114440918,11.880000114440918,11.890000343322754,11.869999885559082,11.890000343322754,1610.0
2024-07-03 12:39:00,INCY,57.60499954223633,57.60499954223633,57.630001068115234,57.599998474121094,57.630001068115234,4547.0
2024-07-03 12:39:00,INGN,8.0649995803833,8.0649995803833,8.0649995803833,8.0649995803833,8.0649995803833,258.0
2024-07-03 12:39:00,INMD,17.56999969482422,17.56999969482422,17.56999969482422,17.56999969482422,17.56999969482422,6889.0
2024-07-03 12:39:00,INO,8.369999885559082,8.369999885559082,8.369999885559082,8.369999885559082,8.369999885559082,459.0
2024-07-03 12:39:00,INSM,62.080101013183594,62.080101013183594,62.20500183105469,62.080101013183594,62.13999938964844,4293.0
2024-07-03 12:39:00,INVA,16.344999313354492,16.344999313354492,16.3700008392334,16.344999313354492,16.360000610351562,1454.0
2024-07-03 12:39:00,INZY,4.474999904632568,4.474999904632568,4.474999904632568,4.474999904632568,4.474999904632568,678.0
2024-07-03 12:39:00,IONS,45.27000045776367,45.27000045776367,45.33000183105469,45.2400016784668,45.310001373291016,5839.0
2024-07-03 12:39:00,IOVA,7.385000228881836,7.385000228881836,7.429900169372559,7.380000114440918,7.420000076293945,45455.0
2024-07-03 12:39:00,IPSC,2.240000009536743,2.240000009536743,2.251199960708618,2.240000009536743,2.251199960708618,1004.0
2024-07-03 12:39:00,IRTC,95.31999969482422,95.31999969482422,95.31999969482422,95.23500061035156,95.23500061035156,1593.0
2024-07-03 12:39:00,IRWD,6.090000152587891,6.090000152587891,6.09499979019165,6.090000152587891,6.090000152587891,3131.0
2024-07-03 12:39:00,ISRG,434.1600036621094,434.1600036621094,434.3399963378906,434.1600036621094,434.19000244140625,3508.0
2024-07-03 12:39:00,ITCI,69.08999633789062,69.08999633789062,69.08999633789062,69.08999633789062,69.08999633789062,1204.0
2024-07-03 12:39:00,ITOS,14.819999694824219,14.819999694824219,14.819999694824219,14.819999694824219,14.819999694824219,568.0
2024-07-03 12:39:00,JAGX,3.490000009536743,3.490000009536743,3.490000009536743,3.490000009536743,3.490000009536743,308.0
2024-07-03 12:39:00,JANX,38.209999084472656,38.209999084472656,38.220001220703125,38.209999084472656,38.220001220703125,1224.0
2024-07-03 12:39:00,JAZZ,103.3499984741211,103.3499984741211,103.45500183105469,103.3499984741211,103.45500183105469,1321.0
2024-07-03 12:39:00,KALV,11.699999809265137,11.699999809265137,11.710000038146973,11.699999809265137,11.699999809265137,2286.0
2024-07-03 12:39:00,KNSA,19.0,19.0,19.0,18.979999542236328,18.979999542236328,826.0
2024-07-03 12:39:00,KOD,2.2100000381469727,2.2100000381469727,2.2100000381469727,2.2100000381469727,2.2100000381469727,792.0
2024-07-03 12:39:00,KPTI,0.8319000005722046,0.8319000005722046,0.8320000171661377,0.8319000005722046,0.8319000005722046,3669.0
2024-07-03 12:39:00,KRMD,2.5299999713897705,2.5299999713897705,2.5299999713897705,2.5299999713897705,2.5299999713897705,123.0
2024-07-03 12:39:00,KRON,1.1399999856948853,1.1399999856948853,1.1399999856948853,1.1399999856948853,1.1399999856948853,448.0
2024-07-03 12:39:00,KROS,42.415000915527344,42.415000915527344,42.415000915527344,42.415000915527344,42.415000915527344,566.0
2024-07-03 12:39:00,KURA,20.059999465942383,20.059999465942383,20.079999923706055,20.040000915527344,20.06999969482422,2464.0
2024-07-03 12:39:00,KYMR,30.15999984741211,30.15999984741211,30.15999984741211,30.15999984741211,30.15999984741211,252.0
2024-07-03 12:39:00,KZR,0.5769000053405762,0.5769000053405762,0.5769000053405762,0.5767999887466431,0.5767999887466431,747.0
2024-07-03 12:39:00,LAB,1.875,1.875,1.875,1.8700000047683716,1.8700000047683716,12837.0
2024-07-03 12:39:00,LBPH,31.74489974975586,31.74489974975586,31.74489974975586,31.74489974975586,31.74489974975586,392.0
2024-07-03 12:39:00,LEGN,46.13999938964844,46.13999938964844,46.209999084472656,46.13999938964844,46.209999084472656,707.0
2024-07-03 12:39:00,LFMD,6.815000057220459,6.815000057220459,6.820000171661377,6.809999942779541,6.820000171661377,2275.0
2024-07-03 12:39:00,LFST,5.114999771118164,5.114999771118164,5.119999885559082,5.114999771118164,5.114999771118164,1358.0
2024-07-03 12:39:00,LGVN,1.6100000143051147,1.6100000143051147,1.6100000143051147,1.6100000143051147,1.6100000143051147,1001.0
2024-07-03 12:39:00,LIVN,52.65999984741211,52.65999984741211,52.69499969482422,52.65999984741211,52.69499969482422,1847.0
2024-07-03 12:39:00,LNTH,79.7300033569336,79.7300033569336,79.7300033569336,79.69999694824219,79.70999908447266,463.0
2024-07-03 12:39:00,LOGC,5.744999885559082,5.744999885559082,5.744999885559082,5.744500160217285,5.744500160217285,338.0
2024-07-03 12:39:00,LQDA,11.970000267028809,11.970000267028809,11.970000267028809,11.970000267028809,11.970000267028809,297.0
2024-07-03 12:39:00,LRMR,7.730000019073486,7.730000019073486,7.730000019073486,7.730000019073486,7.730000019073486,248.0
2024-07-03 12:39:00,LUCD,0.7620000243186951,0.7620000243186951,0.7638999819755554,0.7620000243186951,0.7638999819755554,700.0
2024-07-03 12:39:00,LUCY,0.4620000123977661,0.4620000123977661,0.4666000008583069,0.4620000123977661,0.4666000008583069,829.0
2024-07-03 12:39:00,LXRX,1.625,1.625,1.6299999952316284,1.625,1.625,10068.0
2024-07-03 12:39:00,LYEL,1.5049999952316284,1.5049999952316284,1.5049999952316284,1.5049999952316284,1.5049999952316284,240.0
2024-07-03 12:39:00,LYRA,0.2856999933719635,0.2856999933719635,0.2856999933719635,0.2856999933719635,0.2856999933719635,0.0
2024-07-03 12:39:00,MASI,114.63999938964844,114.63999938964844,114.63999938964844,114.63999938964844,114.63999938964844,852.0
2024-07-03 12:39:00,MASS,4.900000095367432,4.900000095367432,4.900000095367432,4.900000095367432,4.900000095367432,306.0
2024-07-03 12:39:00,MBIO,0.49230000376701355,0.49230000376701355,0.49320000410079956,0.49230000376701355,0.49320000410079956,9142.0
2024-07-03 12:39:00,MDGL,271.6300048828125,271.6300048828125,271.6300048828125,271.6300048828125,271.6300048828125,3783.0
2024-07-03 12:39:00,MDWD,14.430100440979004,14.430100440979004,14.430100440979004,14.430100440979004,14.430100440979004,182.0
2024-07-03 12:39:00,MDXG,6.784999847412109,6.784999847412109,6.784999847412109,6.784999847412109,6.784999847412109,921.0
2024-07-03 12:39:00,ME,0.4041999876499176,0.4041999876499176,0.40529999136924744,0.40310001373291016,0.40310001373291016,1170.0
2024-07-03 12:39:00,MEDP,404.8999938964844,404.8999938964844,404.8999938964844,404.5400085449219,404.5400085449219,1354.0
2024-07-03 12:39:00,MEDS,17.719999313354492,17.719999313354492,17.719999313354492,17.719999313354492,17.719999313354492,209.0
2024-07-03 12:39:00,MGNX,4.179999828338623,4.179999828338623,4.179999828338623,4.175000190734863,4.179999828338623,1432.0
2024-07-03 12:39:00,MIRM,33.849998474121094,33.849998474121094,33.935001373291016,33.849998474121094,33.935001373291016,1695.0
2024-07-03 12:39:00,MLTX,41.95500183105469,41.95500183105469,41.970001220703125,41.834999084472656,41.970001220703125,816.0
2024-07-03 12:39:00,MMSI,86.0,86.0,86.08000183105469,86.0,86.0,1044.0
2024-07-03 12:39:00,MNKD,5.010000228881836,5.010000228881836,5.010000228881836,5.010000228881836,5.010000228881836,7484.0
2024-07-03 12:39:00,MNMD,7.119999885559082,7.119999885559082,7.119999885559082,7.119999885559082,7.119999885559082,1808.0
2024-07-03 12:39:00,MORF,31.850000381469727,31.850000381469727,31.850000381469727,31.829999923706055,31.829999923706055,971.0
2024-07-03 12:39:00,MREO,3.550100088119507,3.550100088119507,3.550100088119507,3.550100088119507,3.550100088119507,141.0
2024-07-03 12:39:00,MRNA,115.75499725341797,115.75499725341797,115.87999725341797,115.7300033569336,115.87000274658203,7209.0
2024-07-03 12:39:00,MRNS,1.2050000429153442,1.2050000429153442,1.2050000429153442,1.2050000429153442,1.2050000429153442,583.0
2024-07-03 12:39:00,MRSN,1.840000033378601,1.840000033378601,1.840000033378601,1.840000033378601,1.840000033378601,773.0
2024-07-03 12:39:00,MRUS,52.84000015258789,52.84000015258789,52.95000076293945,52.84000015258789,52.95000076293945,2751.0
2024-07-03 12:39:00,MRVI,7.014999866485596,7.014999866485596,7.014999866485596,7.010000228881836,7.014999866485596,9863.0
2024-07-03 12:39:00,MXCT,3.7049999237060547,3.7049999237060547,3.7049999237060547,3.7049999237060547,3.7049999237060547,538.0
2024-07-03 12:39:00,MYGN,24.860000610351562,24.860000610351562,24.899999618530273,24.860000610351562,24.899999618530273,1411.0
2024-07-03 12:39:00,NDRA,0.09220000356435776,0.09220000356435776,0.09279999881982803,0.09220000356435776,0.0925000011920929,73912.0
2024-07-03 12:39:00,NEO,13.720000267028809,13.720000267028809,13.720000267028809,13.720000267028809,13.720000267028809,686.0
2024-07-03 12:39:00,NEOG,15.114999771118164,15.114999771118164,15.114999771118164,15.109999656677246,15.109999656677246,1886.0
2024-07-03 12:39:00,NKTR,1.284999966621399,1.284999966621399,1.2999999523162842,1.284999966621399,1.2949999570846558,44524.0
2024-07-03 12:39:00,NNOX,7.090099811553955,7.090099811553955,7.09499979019165,7.090000152587891,7.09499979019165,2315.0
2024-07-03 12:39:00,NOTV,1.6549999713897705,1.6549999713897705,1.6549999713897705,1.6549999713897705,1.6549999713897705,200.0
2024-07-03 12:39:00,NRC,22.98699951171875,22.98699951171875,22.98699951171875,22.954999923706055,22.954999923706055,1637.0
2024-07-03 12:39:00,NRIX,19.5,19.5,19.510000228881836,19.5,19.510000228881836,928.0
2024-07-03 12:39:00,NTLA,22.799999237060547,22.799999237060547,22.799999237060547,22.78499984741211,22.78499984741211,5497.0
2024-07-03 12:39:00,NTRA,111.625,111.625,111.625,111.625,111.625,233.0
2024-07-03 12:39:00,NVAX,12.52400016784668,12.52400016784668,12.5600004196167,12.52400016784668,12.5600004196167,14474.0
2024-07-03 12:39:00,NVCR,16.735000610351562,16.735000610351562,16.799999237060547,16.735000610351562,16.799999237060547,13162.0
2024-07-03 12:39:00,NXTC,1.5800000429153442,1.5800000429153442,1.5800000429153442,1.5800000429153442,1.5800000429153442,396.0
2024-07-03 12:39:00,OCGN,1.6449999809265137,1.6449999809265137,1.649999976158142,1.6349999904632568,1.6349999904632568,32345.0
2024-07-03 12:39:00,OCUL,6.650000095367432,6.650000095367432,6.665599822998047,6.650000095367432,6.650000095367432,3530.0
2024-07-03 12:39:00,OFIX,13.489999771118164,13.489999771118164,13.489999771118164,13.489999771118164,13.489999771118164,772.0
2024-07-03 12:39:00,OLK,25.739999771118164,25.739999771118164,25.75,25.739999771118164,25.75,39951.0
2024-07-03 12:39:00,OLMA,10.5,10.5,10.5,10.449999809265137,10.449999809265137,4818.0
2024-07-03 12:39:00,OM,3.869999885559082,3.869999885559082,3.875,3.869999885559082,3.869999885559082,2675.0
2024-07-03 12:39:00,OMCL,26.655000686645508,26.655000686645508,26.655000686645508,26.649999618530273,26.649999618530273,910.0
2024-07-03 12:40:00,ABCL,2.7049999237060547,2.7049999237060547,2.7100000381469727,2.700000047683716,2.7100000381469727,11083.0
2024-07-03 12:40:00,ABEO,4.321100234985352,4.321100234985352,4.326000213623047,4.321100234985352,4.326000213623047,1201.0
2024-07-03 12:40:00,ABIO,3.494999885559082,3.494999885559082,3.494999885559082,3.494999885559082,3.494999885559082,87.0
2024-07-03 12:40:00,ABOS,2.299999952316284,2.299999952316284,2.299999952316284,2.299999952316284,2.299999952316284,302.0
2024-07-03 12:40:00,ABSI,3.190999984741211,3.190999984741211,3.194999933242798,3.190999984741211,3.194999933242798,3624.0
2024-07-03 12:40:00,ABUS,3.1549999713897705,3.1549999713897705,3.1549999713897705,3.1549999713897705,3.1549999713897705,498.0
2024-07-03 12:40:00,ABVC,0.7360000014305115,0.7360000014305115,0.7509999871253967,0.7360000014305115,0.7508999705314636,3769.0
2024-07-03 12:40:00,ACAD,15.579999923706055,15.579999923706055,15.579999923706055,15.550000190734863,15.5600004196167,3506.0
2024-07-03 12:40:00,ACCD,3.5899999141693115,3.5899999141693115,3.5950000286102295,3.5850000381469727,3.5950000286102295,6578.0
2024-07-03 12:40:00,ACET,1.0800000429153442,1.0800000429153442,1.0800000429153442,1.0800000429153442,1.0800000429153442,1498.0
2024-07-03 12:40:00,ACHC,66.87000274658203,66.87000274658203,66.8949966430664,66.86000061035156,66.86000061035156,2596.0
2024-07-03 12:40:00,ACLX,54.5,54.5,54.5,54.43000030517578,54.459999084472656,2009.0
2024-07-03 12:40:00,ACRS,1.149999976158142,1.149999976158142,1.149999976158142,1.149999976158142,1.149999976158142,2024.0
2024-07-03 12:40:00,ADMA,11.180000305175781,11.180000305175781,11.1850004196167,11.175000190734863,11.180000305175781,12299.0
2024-07-03 12:40:00,ADUS,117.45999908447266,117.45999908447266,117.45999908447266,117.45999908447266,117.45999908447266,651.0
2024-07-03 12:40:00,ADVM,7.125,7.125,7.130000114440918,7.110000133514404,7.119999885559082,2563.0
2024-07-03 12:40:00,AEMD,0.4072999954223633,0.4072999954223633,0.4072999954223633,0.4072999954223633,0.4072999954223633,400.0
2024-07-03 12:40:00,AGEN,14.239999771118164,14.239999771118164,14.244999885559082,14.239999771118164,14.244999885559082,465.0
2024-07-03 12:40:00,AGIO,41.974998474121094,41.974998474121094,41.974998474121094,41.939998626708984,41.95000076293945,1081.0
2024-07-03 12:40:00,AHCO,9.78499984741211,9.78499984741211,9.78499984741211,9.774999618530273,9.774999618530273,2492.0
2024-07-03 12:40:00,AIMD,0.9828000068664551,0.9828000068664551,0.9998000264167786,0.9700000286102295,0.9700000286102295,36017.0
2024-07-03 12:40:00,AKBA,0.9534000158309937,0.9534000158309937,0.9538000226020813,0.9534000158309937,0.9538000226020813,5587.0
2024-07-03 12:40:00,AKYA,2.119999885559082,2.119999885559082,2.119999885559082,2.119999885559082,2.119999885559082,396.0
2024-07-03 12:40:00,ALEC,4.40500020980835,4.40500020980835,4.414999961853027,4.40500020980835,4.414999961853027,2059.0
2024-07-03 12:40:00,ALGN,242.17999267578125,242.17999267578125,242.52999877929688,242.17999267578125,242.52999877929688,3797.0
2024-07-03 12:40:00,ALGS,0.4250999987125397,0.4250999987125397,0.4253000020980835,0.4250999987125397,0.4251999855041504,1600.0
2024-07-03 12:40:00,ALHC,8.0,8.0,8.0,8.0,8.0,435.0
2024-07-03 12:40:00,ALKS,24.200000762939453,24.200000762939453,24.209999084472656,24.200000762939453,24.209999084472656,1052.0
2024-07-03 12:40:00,ALLK,0.8288999795913696,0.8288999795913696,0.8288999795913696,0.8288999795913696,0.8288999795913696,210.0
2024-07-03 12:40:00,ALLO,2.0910000801086426,2.0910000801086426,2.0950000286102295,2.0899999141693115,2.0950000286102295,6939.0
2024-07-03 12:40:00,ALLR,0.20000000298023224,0.20000000298023224,0.20000000298023224,0.20000000298023224,0.20000000298023224,0.0
2024-07-03 12:40:00,ALNY,245.96499633789062,245.96499633789062,246.0850067138672,245.89999389648438,246.0850067138672,4367.0
2024-07-03 12:40:00,ALT,6.570000171661377,6.570000171661377,6.585000038146973,6.570000171661377,6.579999923706055,6759.0
2024-07-03 12:40:00,ALVO,12.104999542236328,12.104999542236328,12.104999542236328,12.079999923706055,12.079999923706055,694.0
2024-07-03 12:40:00,ALVR,0.738099992275238,0.738099992275238,0.738099992275238,0.7358999848365784,0.7358999848365784,818.0
2024-07-03 12:40:00,ALXO,5.679999828338623,5.679999828338623,5.679999828338623,5.675000190734863,5.675000190734863,462.0
2024-07-03 12:40:00,AMED,97.22000122070312,97.22000122070312,97.22000122070312,97.22000122070312,97.22000122070312,1266.0
2024-07-03 12:40:00,AMGN,307.9800109863281,307.9800109863281,307.9800109863281,307.9200134277344,307.9200134277344,1587.0
2024-07-03 12:40:00,AMLX,1.7699999809265137,1.7699999809265137,1.7699999809265137,1.7599999904632568,1.7599999904632568,14637.0
2024-07-03 12:40:00,AMPH,38.11000061035156,38.11000061035156,38.11000061035156,38.11000061035156,38.11000061035156,892.0
2024-07-03 12:40:00,AMRN,0.6850000023841858,0.6850000023841858,0.6850000023841858,0.6850000023841858,0.6850000023841858,2270.0
2024-07-03 12:40:00,ANAB,24.979999542236328,24.979999542236328,25.0,24.979999542236328,25.0,1676.0
2024-07-03 12:40:00,ANGO,5.684999942779541,5.684999942779541,5.684999942779541,5.679999828338623,5.679999828338623,1211.0
2024-07-03 12:40:00,ANIP,60.81999969482422,60.81999969482422,60.83000183105469,60.81999969482422,60.83000183105469,791.0
2024-07-03 12:40:00,ANNX,4.784999847412109,4.784999847412109,4.804999828338623,4.784999847412109,4.804999828338623,8357.0
2024-07-03 12:40:00,ANTX,2.5899999141693115,2.5899999141693115,2.599900007247925,2.5899999141693115,2.599900007247925,806.0
2024-07-03 12:40:00,APDN,0.39809998869895935,0.39809998869895935,0.39809998869895935,0.39809998869895935,0.39809998869895935,4489.0
2024-07-03 12:40:00,APLS,35.244998931884766,35.244998931884766,35.244998931884766,35.2400016784668,35.2400016784668,1005.0
2024-07-03 12:40:00,APLT,4.355000019073486,4.355000019073486,4.355000019073486,4.34499979019165,4.349999904632568,4019.0
2024-07-03 12:40:00,AQST,2.4049999713897705,2.4049999713897705,2.4200000762939453,2.4000000953674316,2.4149999618530273,11281.0
2024-07-03 12:40:00,ARAY,1.7350000143051147,1.7350000143051147,1.7350000143051147,1.7350000143051147,1.7350000143051147,399.0
2024-07-03 12:40:00,ARCT,21.8700008392334,21.8700008392334,21.8799991607666,21.799999237060547,21.81999969482422,3374.0
2024-07-03 12:40:00,ARDX,5.340000152587891,5.340000152587891,5.359899997711182,5.329999923706055,5.359799861907959,42904.0
2024-07-03 12:40:00,ARQT,9.56820011138916,9.56820011138916,9.56820011138916,9.5600004196167,9.5649995803833,2557.0
2024-07-03 12:40:00,ARVN,23.920000076293945,23.920000076293945,23.93000030517578,23.899999618530273,23.920000076293945,5120.0
2024-07-03 12:40:00,ARWR,24.899999618530273,24.899999618530273,24.899999618530273,24.899999618530273,24.899999618530273,483.0
2024-07-03 12:40:00,ASND,135.02000427246094,135.02000427246094,135.02000427246094,134.99000549316406,134.99000549316406,1269.0
2024-07-03 12:40:00,ASRT,1.3300000429153442,1.3300000429153442,1.3300000429153442,1.3300000429153442,1.3300000429153442,200.0
2024-07-03 12:40:00,ATAI,1.2799999713897705,1.2799999713897705,1.2899999618530273,1.2799999713897705,1.2899999618530273,1169.0
2024-07-03 12:40:00,ATOS,1.1649999618530273,1.1649999618530273,1.1649999618530273,1.1649999618530273,1.1649999618530273,0.0
2024-07-03 12:40:00,ATRC,22.389999389648438,22.389999389648438,22.479999542236328,22.389999389648438,22.469999313354492,5905.0
2024-07-03 12:40:00,ATXI,3.40939998626709,3.40939998626709,3.40939998626709,3.40939998626709,3.40939998626709,291.0
2024-07-03 12:40:00,ATXS,9.069999694824219,9.069999694824219,9.069999694824219,9.069999694824219,9.069999694824219,1586.0
2024-07-03 12:40:00,AUGX,0.9987999796867371,0.9987999796867371,0.9987999796867371,0.9987999796867371,0.9987999796867371,0.0
2024-07-03 12:40:00,AUPH,5.474999904632568,5.474999904632568,5.480000019073486,5.474999904632568,5.480000019073486,1997.0
2024-07-03 12:40:00,AURA,6.960000038146973,6.960000038146973,6.960000038146973,6.960000038146973,6.960000038146973,5822.0
2024-07-03 12:40:00,AUTL,3.4549999237060547,3.4549999237060547,3.4600000381469727,3.4549999237060547,3.4600000381469727,3209.0
2024-07-03 12:40:00,AVDL,14.510000228881836,14.510000228881836,14.510000228881836,14.5,14.5,2660.0
2024-07-03 12:40:00,AVTE,1.6749999523162842,1.6749999523162842,1.6749999523162842,1.6749999523162842,1.6749999523162842,0.0
2024-07-03 12:40:00,AVXL,4.125,4.125,4.130000114440918,4.125,4.130000114440918,4702.0
2024-07-03 12:40:00,AWH,0.949999988079071,0.949999988079071,1.0199999809265137,0.949999988079071,1.0199999809265137,7095.0
2024-07-03 12:40:00,AXNX,67.45099639892578,67.45099639892578,67.45099639892578,67.45099639892578,67.45099639892578,103.0
2024-07-03 12:40:00,AZN,76.77999877929688,76.77999877929688,76.78820037841797,76.76499938964844,76.76499938964844,7008.0
2024-07-03 12:40:00,AZTA,52.380001068115234,52.380001068115234,52.38999938964844,52.380001068115234,52.38999938964844,1379.0
2024-07-03 12:40:00,BBIO,25.149999618530273,25.149999618530273,25.200000762939453,25.125,25.200000762939453,9712.0
2024-07-03 12:40:00,BCAB,1.399999976158142,1.399999976158142,1.409999966621399,1.399999976158142,1.4049999713897705,6098.0
2024-07-03 12:40:00,BCRX,6.441800117492676,6.441800117492676,6.441800117492676,6.440000057220459,6.440000057220459,2096.0
2024-07-03 12:40:00,BDSX,1.6200000047683716,1.6200000047683716,1.6200000047683716,1.6100000143051147,1.6100000143051147,1751.0
2024-07-03 12:40:00,BDTX,4.360000133514404,4.360000133514404,4.360000133514404,4.355000019073486,4.355000019073486,1449.0
2024-07-03 12:40:00,BEAM,23.59000015258789,23.59000015258789,23.59000015258789,23.59000015258789,23.59000015258789,817.0
2024-07-03 12:40:00,BIIB,223.75,223.75,223.75,223.625,223.625,2317.0
2024-07-03 12:40:00,BIOR,0.6348999738693237,0.6348999738693237,0.6348999738693237,0.6348999738693237,0.6348999738693237,0.0
2024-07-03 12:40:00,BLRX,0.5113000273704529,0.5113000273704529,0.5113000273704529,0.510699987411499,0.510699987411499,401.0
2024-07-03 12:40:00,BLUE,0.9150999784469604,0.9150999784469604,0.9169999957084656,0.9150000214576721,0.9169999957084656,12700.0
2024-07-03 12:40:00,BMEA,4.349999904632568,4.349999904632568,4.369999885559082,4.309999942779541,4.309999942779541,24011.0
2024-07-03 12:40:00,BMRN,80.79000091552734,80.79000091552734,80.80000305175781,80.79000091552734,80.80000305175781,655.0
2024-07-03 12:40:00,BNGO,0.5774000287055969,0.5774000287055969,0.5774000287055969,0.5773000121116638,0.5773000121116638,8844.0
2024-07-03 12:40:00,BNTX,80.0,80.0,80.0,80.0,80.0,492.0
2024-07-03 12:40:00,BPMC,109.70500183105469,109.70500183105469,109.80000305175781,109.70500183105469,109.80000305175781,877.0
2024-07-03 12:40:00,BPTH,1.7999999523162842,1.7999999523162842,1.7999999523162842,1.7999999523162842,1.7999999523162842,1735.0
2024-07-03 12:40:00,BRKR,61.630001068115234,61.630001068115234,61.65999984741211,61.630001068115234,61.65999984741211,1644.0
2024-07-03 12:40:00,CABA,7.480000019073486,7.480000019073486,7.480000019073486,7.480000019073486,7.480000019073486,1213.0
2024-07-03 12:40:00,CADL,6.25,6.25,6.25,6.25,6.25,200.0
2024-07-03 12:40:00,CAPR,4.809999942779541,4.809999942779541,4.829999923706055,4.809999942779541,4.829999923706055,1722.0
2024-07-03 12:40:00,CARA,0.2800999879837036,0.2800999879837036,0.2800999879837036,0.2800999879837036,0.2800999879837036,875.0
2024-07-03 12:40:00,CCCC,4.519999980926514,4.519999980926514,4.519999980926514,4.514999866485596,4.514999866485596,1631.0
2024-07-03 12:40:00,CDMO,7.784999847412109,7.784999847412109,7.789999961853027,7.784999847412109,7.784999847412109,4128.0
2024-07-03 12:40:00,CDXC,2.5199999809265137,2.5199999809265137,2.5199999809265137,2.509999990463257,2.5199999809265137,752.0
2024-07-03 12:40:00,CDXS,2.869999885559082,2.869999885559082,2.869999885559082,2.869999885559082,2.869999885559082,992.0
2024-07-03 12:40:00,CELC,16.225000381469727,16.225000381469727,16.225000381469727,16.225000381469727,16.225000381469727,317.0
2024-07-03 12:40:00,CERE,40.310001373291016,40.310001373291016,40.310001373291016,40.22999954223633,40.27000045776367,10520.0
2024-07-03 12:40:00,CERS,1.7100000381469727,1.7100000381469727,1.715000033378601,1.7100000381469727,1.7100000381469727,1310.0
2024-07-03 12:40:00,CERT,13.78499984741211,13.78499984741211,13.78499984741211,13.770000457763672,13.770000457763672,901.0
2024-07-03 12:40:00,CGC,6.554999828338623,6.554999828338623,6.570000171661377,6.554999828338623,6.570000171661377,8703.0
2024-07-03 12:40:00,CGEM,16.600000381469727,16.600000381469727,16.625,16.600000381469727,16.600000381469727,949.0
2024-07-03 12:40:00,CGEN,1.6505999565124512,1.6505999565124512,1.659999966621399,1.6505999565124512,1.659999966621399,529.0
2024-07-03 12:40:00,CGTX,1.75,1.75,1.75,1.75,1.75,1.0
2024-07-03 12:40:00,CHRS,1.3849999904632568,1.3849999904632568,1.3849999904632568,1.3849999904632568,1.3849999904632568,702.0
2024-07-03 12:40:00,CING,0.32109999656677246,0.32109999656677246,0.3400000035762787,0.3181999921798706,0.3181999921798706,16020.0
2024-07-03 12:40:00,CKPT,2.184999942779541,2.184999942779541,2.184999942779541,2.184999942779541,2.184999942779541,426.0
2024-07-03 12:40:00,CLDX,36.0,36.0,36.0,36.0,36.0,564.0
2024-07-03 12:40:00,CLOV,1.25,1.25,1.25,1.25,1.25,0.0
2024-07-03 12:40:00,CMPS,6.210000038146973,6.210000038146973,6.239999771118164,6.199999809265137,6.230000019073486,6762.0
2024-07-03 12:40:00,CMPX,0.8349999785423279,0.8349999785423279,0.8349999785423279,0.8281000256538391,0.8300999999046326,1701.0
2024-07-03 12:40:00,CNSP,1.440000057220459,1.440000057220459,1.440000057220459,1.4299999475479126,1.440000057220459,9602.0
2024-07-03 12:40:00,CNTX,1.7799999713897705,1.7799999713897705,1.7799999713897705,1.7799999713897705,1.7799999713897705,1896.0
2024-07-03 12:40:00,COGT,8.364999771118164,8.364999771118164,8.369999885559082,8.359999656677246,8.359999656677246,832.0
2024-07-03 12:40:00,COLL,32.349998474121094,32.349998474121094,32.375,32.349998474121094,32.36000061035156,996.0
2024-07-03 12:40:00,CORT,30.399999618530273,30.399999618530273,30.399999618530273,30.3799991607666,30.3799991607666,675.0
2024-07-03 12:40:00,COSM,0.8956000208854675,0.8956000208854675,0.8956000208854675,0.8956000208854675,0.8956000208854675,400.0
2024-07-03 12:40:00,CPRX,15.350000381469727,15.350000381469727,15.359999656677246,15.350000381469727,15.350000381469727,2050.0
2024-07-03 12:40:00,CRBP,49.85499954223633,49.85499954223633,50.13999938964844,49.85499954223633,50.13999938964844,3911.0
2024-07-03 12:40:00,CRBU,1.5800000429153442,1.5800000429153442,1.5800000429153442,1.5800000429153442,1.5800000429153442,171.0
2024-07-03 12:40:00,CRDF,2.259999990463257,2.259999990463257,2.2699999809265137,2.259999990463257,2.2699999809265137,3770.0
2024-07-03 12:40:00,CRMD,4.144999980926514,4.144999980926514,4.144999980926514,4.130000114440918,4.130000114440918,12936.0
2024-07-03 12:40:00,CRNX,44.439998626708984,44.439998626708984,44.47999954223633,44.439998626708984,44.47999954223633,2504.0
2024-07-03 12:40:00,CRSP,53.85499954223633,53.85499954223633,53.86000061035156,53.83000183105469,53.849998474121094,3489.0
2024-07-03 12:40:00,CSTL,21.040000915527344,21.040000915527344,21.104999542236328,21.020000457763672,21.079999923706055,5802.0
2024-07-03 12:40:00,CTKB,5.59499979019165,5.59499979019165,5.59499979019165,5.59499979019165,5.59499979019165,252.0
2024-07-03 12:40:00,CTMX,1.2999999523162842,1.2999999523162842,1.2999999523162842,1.2999999523162842,1.2999999523162842,744.0
2024-07-03 12:40:00,CTSO,0.8514999747276306,0.8514999747276306,0.8557999730110168,0.8514000177383423,0.8557999730110168,10071.0
2024-07-03 12:40:00,CUE,0.9815999865531921,0.9815999865531921,0.9817000031471252,0.9815999865531921,0.9817000031471252,4074.0
2024-07-03 12:40:00,CUTR,1.2905000448226929,1.2905000448226929,1.2905000448226929,1.2905000448226929,1.2905000448226929,892.0
2024-07-03 12:40:00,CVAC,3.234999895095825,3.234999895095825,3.244999885559082,3.2300000190734863,3.234999895095825,10199.0
2024-07-03 12:40:00,CVRX,11.729999542236328,11.729999542236328,11.789999961853027,11.729999542236328,11.789999961853027,1753.0
2024-07-03 12:40:00,CYTK,54.279998779296875,54.279998779296875,54.34749984741211,54.279998779296875,54.34749984741211,2160.0
2024-07-03 12:40:00,DAWN,13.380000114440918,13.380000114440918,13.40999984741211,13.380000114440918,13.40999984741211,2864.0
2024-07-03 12:40:00,DCGO,2.9549999237060547,2.9549999237060547,2.9549999237060547,2.950000047683716,2.950000047683716,1200.0
2024-07-03 12:40:00,DERM,5.120699882507324,5.120699882507324,5.120699882507324,5.119999885559082,5.119999885559082,1280.0
2024-07-03 12:40:00,DH,5.385000228881836,5.385000228881836,5.385000228881836,5.380000114440918,5.385000228881836,833.0
2024-07-03 12:40:00,DNLI,21.485000610351562,21.485000610351562,21.485000610351562,21.479999542236328,21.479999542236328,1599.0
2024-07-03 12:40:00,DSGN,3.259999990463257,3.259999990463257,3.299999952316284,3.259999990463257,3.299999952316284,18989.0
2024-07-03 12:40:00,DVAX,11.074999809265137,11.074999809265137,11.074999809265137,11.069999694824219,11.069999694824219,546.0
2024-07-03 12:40:00,DXCM,110.95999908447266,110.95999908447266,110.98999786376953,110.95600128173828,110.9800033569336,2305.0
2024-07-03 12:40:00,DYN,33.84000015258789,33.84000015258789,33.880001068115234,33.83000183105469,33.880001068115234,2577.0
2024-07-03 12:40:00,EDIT,4.650000095367432,4.650000095367432,4.650000095367432,4.644999980926514,4.644999980926514,2673.0
2024-07-03 12:40:00,EMBC,11.949999809265137,11.949999809265137,12.0,11.949999809265137,12.0,5162.0
2024-07-03 12:40:00,ENSG,126.86000061035156,126.86000061035156,126.86000061035156,126.76499938964844,126.86000061035156,1797.0
2024-07-03 12:40:00,ENTA,13.069999694824219,13.069999694824219,13.069999694824219,13.069999694824219,13.069999694824219,1450.0
2024-07-03 12:40:00,EOLS,10.960000038146973,10.960000038146973,10.979999542236328,10.960000038146973,10.970000267028809,2767.0
2024-07-03 12:40:00,ERAS,2.2100000381469727,2.2100000381469727,2.2100000381469727,2.2100000381469727,2.2100000381469727,848.0
2024-07-03 12:40:00,ESPR,2.369999885559082,2.369999885559082,2.369999885559082,2.365000009536743,2.365000009536743,5374.0
2024-07-03 12:40:00,ESTA,43.56999969482422,43.56999969482422,43.59000015258789,43.56999969482422,43.59000015258789,970.0
2024-07-03 12:40:00,EWTX,18.079999923706055,18.079999923706055,18.09000015258789,18.06999969482422,18.09000015258789,811.0
2024-07-03 12:40:00,EXAI,5.480000019073486,5.480000019073486,5.5,5.445400238037109,5.445400238037109,37518.0
2024-07-03 12:40:00,EXAS,43.2400016784668,43.2400016784668,43.25,43.220001220703125,43.25,2758.0
2024-07-03 12:40:00,EXEL,21.875,21.875,21.8799991607666,21.875,21.875,1910.0
2024-07-03 12:40:00,EYPT,8.6850004196167,8.6850004196167,8.6850004196167,8.670000076293945,8.680000305175781,3717.0
2024-07-03 12:40:00,FATE,3.1700000762939453,3.1700000762939453,3.1700000762939453,3.1600000858306885,3.1700000762939453,2765.0
2024-07-03 12:40:00,FBIO,1.774999976158142,1.774999976158142,1.774999976158142,1.774999976158142,1.774999976158142,2573.0
2024-07-03 12:40:00,FDMT,20.809999465942383,20.809999465942383,20.8700008392334,20.809999465942383,20.8700008392334,1065.0
2024-07-03 12:40:00,FENC,6.005000114440918,6.005000114440918,6.005000114440918,6.005000114440918,6.005000114440918,115.0
2024-07-03 12:40:00,FGEN,0.7146000266075134,0.7146000266075134,0.7146999835968018,0.7142000198364258,0.7142000198364258,32179.0
2024-07-03 12:40:00,FHTX,5.460000038146973,5.460000038146973,5.460000038146973,5.460000038146973,5.460000038146973,295.0
2024-07-03 12:40:00,FOLD,9.854999542236328,9.854999542236328,9.854999542236328,9.850000381469727,9.850000381469727,1698.0
2024-07-03 12:40:00,FULC,6.119999885559082,6.119999885559082,6.130000114440918,6.119999885559082,6.130000114440918,3071.0
2024-07-03 12:40:00,GALT,2.190000057220459,2.190000057220459,2.190000057220459,2.190000057220459,2.190000057220459,477.0
2024-07-03 12:40:00,GANX,1.1399999856948853,1.1399999856948853,1.1495000123977661,1.1399999856948853,1.1399999856948853,1633.0
2024-07-03 12:40:00,GDRX,7.789999961853027,7.789999961853027,7.789999961853027,7.789999961853027,7.789999961853027,10041.0
2024-07-03 12:40:00,GERN,4.329999923706055,4.329999923706055,4.329999923706055,4.320000171661377,4.324999809265137,7611.0
2024-07-03 12:40:00,GH,28.34000015258789,28.34000015258789,28.350000381469727,28.334999084472656,28.350000381469727,4510.0
2024-07-03 12:40:00,GHRS,11.920000076293945,11.920000076293945,12.0,11.920000076293945,11.920000076293945,1417.0
2024-07-03 12:40:00,GILD,66.9000015258789,66.9000015258789,66.9000015258789,66.86000061035156,66.86499786376953,11506.0
2024-07-03 12:40:00,GLSI,16.559999465942383,16.559999465942383,16.559999465942383,16.559999465942383,16.559999465942383,1203.0
2024-07-03 12:40:00,GOSS,0.9900000095367432,0.9900000095367432,0.9900000095367432,0.9861000180244446,0.9861000180244446,7944.0
2024-07-03 12:40:00,GOVX,2.8480000495910645,2.8480000495910645,2.8580000400543213,2.8450000286102295,2.8580000400543213,630.0
2024-07-03 12:40:00,GRFS,6.664999961853027,6.664999961853027,6.670000076293945,6.659999847412109,6.659999847412109,8696.0
2024-07-03 12:40:00,GRTS,0.5787000060081482,0.5787000060081482,0.5787000060081482,0.5787000060081482,0.5787000060081482,8482.0
2024-07-03 12:40:00,GTHX,2.5850000381469727,2.5850000381469727,2.5950000286102295,2.5850000381469727,2.5950000286102295,9520.0
2024-07-03 12:40:00,HALO,52.165000915527344,52.165000915527344,52.18000030517578,52.165000915527344,52.18000030517578,1374.0
2024-07-03 12:40:00,HBIO,2.799999952316284,2.799999952316284,2.799999952316284,2.799999952316284,2.799999952316284,399.0
2024-07-03 12:40:00,HCAT,6.190000057220459,6.190000057220459,6.190000057220459,6.190000057220459,6.190000057220459,104.0
2024-07-03 12:40:00,HCSG,10.664999961853027,10.664999961853027,10.664999961853027,10.640000343322754,10.654999732971191,4781.0
2024-07-03 12:40:00,HOLX,73.30000305175781,73.30000305175781,73.30000305175781,73.26000213623047,73.2699966430664,5064.0
2024-07-03 12:40:00,HOWL,2.059999942779541,2.059999942779541,2.0799999237060547,2.059999942779541,2.0799999237060547,1625.0
2024-07-03 12:40:00,HQY,83.73999786376953,83.73999786376953,83.76000213623047,83.73999786376953,83.76000213623047,1154.0
2024-07-03 12:40:00,HRMY,30.770000457763672,30.770000457763672,30.770000457763672,30.770000457763672,30.770000457763672,214.0
2024-07-03 12:40:00,HRTX,2.7300000190734863,2.7300000190734863,2.7300000190734863,2.7249999046325684,2.7249999046325684,401.0
2024-07-03 12:40:00,HSIC,65.04000091552734,65.04000091552734,65.05000305175781,65.0199966430664,65.02999877929688,3613.0
2024-07-03 12:40:00,HUMA,5.784999847412109,5.784999847412109,5.784999847412109,5.784999847412109,5.784999847412109,2030.0
2024-07-03 12:40:00,IART,28.549999237060547,28.549999237060547,28.56999969482422,28.53499984741211,28.53499984741211,2773.0
2024-07-03 12:40:00,ICAD,1.25,1.25,1.25,1.25,1.25,1324.0
2024-07-03 12:40:00,ICLR,317.80999755859375,317.80999755859375,318.1499938964844,317.6700134277344,318.1499938964844,2959.0
2024-07-03 12:40:00,ICUI,118.01000213623047,118.01000213623047,118.01000213623047,117.94000244140625,117.94000244140625,591.0
2024-07-03 12:40:00,IDYA,33.16999816894531,33.16999816894531,33.16999816894531,33.165000915527344,33.16999816894531,1760.0
2024-07-03 12:40:00,IGMS,6.454999923706055,6.454999923706055,6.454999923706055,6.440000057220459,6.440000057220459,1113.0
2024-07-03 12:40:00,IINN,1.340000033378601,1.340000033378601,1.340000033378601,1.340000033378601,1.340000033378601,105.0
2024-07-03 12:40:00,IKNA,1.6449999809265137,1.6449999809265137,1.6449999809265137,1.6449999809265137,1.6449999809265137,167.0
2024-07-03 12:40:00,ILMN,105.66999816894531,105.66999816894531,105.69000244140625,105.66000366210938,105.69000244140625,2622.0
2024-07-03 12:40:00,IMAB,1.5299999713897705,1.5299999713897705,1.534999966621399,1.5299999713897705,1.534999966621399,202.0
2024-07-03 12:40:00,IMCR,35.96500015258789,35.96500015258789,35.96500015258789,35.95000076293945,35.95000076293945,361.0
2024-07-03 12:40:00,IMMP,2.0,2.0,2.0,1.9900000095367432,1.9900000095367432,540.0
2024-07-03 12:40:00,IMMX,2.325000047683716,2.325000047683716,2.3299999237060547,2.319999933242798,2.325000047683716,2079.0
2024-07-03 12:40:00,IMNM,12.0600004196167,12.0600004196167,12.069999694824219,12.055000305175781,12.069999694824219,1583.0
2024-07-03 12:40:00,IMRN,2.0199999809265137,2.0199999809265137,2.0199999809265137,2.0199999809265137,2.0199999809265137,159.0
2024-07-03 12:40:00,IMRX,1.125,1.125,1.125,1.125,1.125,566.0
2024-07-03 12:40:00,IMUX,1.149999976158142,1.149999976158142,1.149999976158142,1.1399999856948853,1.1399999856948853,638.0
2024-07-03 12:40:00,IMVT,26.020000457763672,26.020000457763672,26.020000457763672,26.018999099731445,26.018999099731445,1150.0
2024-07-03 12:40:00,INCY,57.630001068115234,57.630001068115234,57.63999938964844,57.61000061035156,57.61000061035156,9566.0
2024-07-03 12:40:00,INGN,8.0649995803833,8.0649995803833,8.0649995803833,8.0649995803833,8.0649995803833,285.0
2024-07-03 12:40:00,INMB,7.949999809265137,7.949999809265137,7.949999809265137,7.940000057220459,7.949999809265137,504.0
2024-07-03 12:40:00,INMD,17.559999465942383,17.559999465942383,17.56999969482422,17.559999465942383,17.56999969482422,1208.0
2024-07-03 12:40:00,INSM,61.97999954223633,61.97999954223633,62.08000183105469,61.97999954223633,62.08000183105469,2241.0
2024-07-03 12:40:00,INVA,16.344999313354492,16.344999313354492,16.344999313354492,16.344999313354492,16.344999313354492,517.0
2024-07-03 12:40:00,INZY,4.46999979019165,4.46999979019165,4.46999979019165,4.46999979019165,4.46999979019165,402.0
2024-07-03 12:40:00,IONM,0.3246999979019165,0.3246999979019165,0.3246999979019165,0.3246999979019165,0.3246999979019165,250.0
2024-07-03 12:40:00,IONS,45.2869987487793,45.2869987487793,45.2869987487793,45.27000045776367,45.27000045776367,1205.0
2024-07-03 12:40:00,IOVA,7.385000228881836,7.385000228881836,7.389999866485596,7.380000114440918,7.381999969482422,7471.0
2024-07-03 12:40:00,IPSC,2.2465999126434326,2.2465999126434326,2.2465999126434326,2.2300000190734863,2.2300000190734863,1208.0
2024-07-03 12:40:00,IRTC,95.2249984741211,95.2249984741211,95.2249984741211,95.2249984741211,95.2249984741211,333.0
2024-07-03 12:40:00,IRWD,6.079999923706055,6.079999923706055,6.09499979019165,6.079999923706055,6.09499979019165,1108.0
2024-07-03 12:40:00,ISRG,434.2850036621094,434.2850036621094,434.31060791015625,434.1600036621094,434.31060791015625,1489.0
2024-07-03 12:40:00,ITOS,14.8149995803833,14.8149995803833,14.8149995803833,14.8149995803833,14.8149995803833,547.0
2024-07-03 12:40:00,IVVD,1.0950000286102295,1.0950000286102295,1.0950000286102295,1.0950000286102295,1.0950000286102295,350.0
2024-07-03 12:40:00,JANX,38.15999984741211,38.15999984741211,38.209999084472656,38.15999984741211,38.209999084472656,1139.0
2024-07-03 12:40:00,JAZZ,103.16999816894531,103.16999816894531,103.4000015258789,103.16999816894531,103.37999725341797,4936.0
2024-07-03 12:40:00,KALV,11.694999694824219,11.694999694824219,11.699999809265137,11.6899995803833,11.699999809265137,1264.0
2024-07-03 12:40:00,KNSA,18.989999771118164,18.989999771118164,19.020000457763672,18.989999771118164,19.020000457763672,996.0
2024-07-03 12:40:00,KPTI,0.8291000127792358,0.8291000127792358,0.8317000269889832,0.8255000114440918,0.8317000269889832,4154.0
2024-07-03 12:40:00,KROS,42.380001068115234,42.380001068115234,42.380001068115234,42.349998474121094,42.349998474121094,407.0
2024-07-03 12:40:00,KRYS,176.40499877929688,176.40499877929688,176.40499877929688,176.40499877929688,176.40499877929688,566.0
2024-07-03 12:40:00,KTRA,0.2782999873161316,0.2782999873161316,0.2782999873161316,0.27799999713897705,0.27799999713897705,15366.0
2024-07-03 12:40:00,KURA,20.059999465942383,20.059999465942383,20.059999465942383,20.049999237060547,20.049999237060547,1015.0
2024-07-03 12:40:00,KYMR,30.15999984741211,30.15999984741211,30.15999984741211,30.15999984741211,30.15999984741211,912.0
2024-07-03 12:40:00,KZR,0.5763000249862671,0.5763000249862671,0.5763000249862671,0.5763000249862671,0.5763000249862671,412.0
2024-07-03 12:40:00,LAB,1.8650000095367432,1.8650000095367432,1.875,1.8650000095367432,1.875,22455.0
2024-07-03 12:40:00,LEGN,46.029998779296875,46.029998779296875,46.16999816894531,46.029998779296875,46.13999938964844,1400.0
2024-07-03 12:40:00,LFMD,6.809999942779541,6.809999942779541,6.824999809265137,6.800000190734863,6.820000171661377,7356.0
2024-07-03 12:40:00,LGND,82.33000183105469,82.33000183105469,82.33000183105469,82.33000183105469,82.33000183105469,517.0
2024-07-03 12:40:00,LIVN,52.63999938964844,52.63999938964844,52.650001525878906,52.63999938964844,52.650001525878906,1396.0
2024-07-03 12:40:00,LMAT,81.12999725341797,81.12999725341797,81.12999725341797,81.12999725341797,81.12999725341797,562.0
2024-07-03 12:40:00,LNSR,4.324999809265137,4.324999809265137,4.324999809265137,4.324999809265137,4.324999809265137,203.0
2024-07-03 12:40:00,LNTH,79.68000030517578,79.68000030517578,79.69000244140625,79.66999816894531,79.69000244140625,910.0
2024-07-03 12:40:00,LOGC,5.739999771118164,5.739999771118164,5.744999885559082,5.735000133514404,5.744999885559082,3568.0
2024-07-03 12:40:00,LQDA,11.960000038146973,11.960000038146973,11.979999542236328,11.960000038146973,11.979999542236328,1152.0
2024-07-03 12:40:00,LRMR,7.71999979019165,7.71999979019165,7.71999979019165,7.71999979019165,7.71999979019165,1358.0
2024-07-03 12:40:00,LUCD,0.7638999819755554,0.7638999819755554,0.7638999819755554,0.7638999819755554,0.7638999819755554,766.0
2024-07-03 12:40:00,LUCY,0.46399998664855957,0.46399998664855957,0.4668999910354614,0.46389999985694885,0.46389999985694885,3227.0
2024-07-03 12:40:00,LXRX,1.639799952507019,1.639799952507019,1.639799952507019,1.6299999952316284,1.6299999952316284,8132.0
2024-07-03 12:40:00,LYRA,0.2856999933719635,0.2856999933719635,0.2856999933719635,0.2856999933719635,0.2856999933719635,602.0
2024-07-03 12:40:00,MASS,4.889999866485596,4.889999866485596,4.889999866485596,4.889999866485596,4.889999866485596,232.0
2024-07-03 12:40:00,MBIO,0.4909000098705292,0.4909000098705292,0.4909000098705292,0.4909000098705292,0.4909000098705292,452.0
2024-07-03 12:40:00,MCRB,0.7325999736785889,0.7325999736785889,0.7325999736785889,0.7325999736785889,0.7325999736785889,271.0
2024-07-03 12:40:00,MDXG,6.784999847412109,6.784999847412109,6.784999847412109,6.784999847412109,6.784999847412109,762.0
2024-07-03 12:40:00,ME,0.40310001373291016,0.40310001373291016,0.4041999876499176,0.40310001373291016,0.40310001373291016,2023.0
2024-07-03 12:40:00,MEDS,17.65999984741211,17.65999984741211,17.780000686645508,17.65999984741211,17.780000686645508,262.0
2024-07-03 12:40:00,MGNX,4.15500020980835,4.15500020980835,4.179999828338623,4.15500020980835,4.175000190734863,10798.0
2024-07-03 12:40:00,MLTX,41.970001220703125,41.970001220703125,41.97999954223633,41.970001220703125,41.974998474121094,601.0
2024-07-03 12:40:00,MMSI,85.94000244140625,85.94000244140625,86.01499938964844,85.94000244140625,86.01499938964844,345.0
2024-07-03 12:40:00,MNKD,5.010000228881836,5.010000228881836,5.010000228881836,5.010000228881836,5.010000228881836,750.0
2024-07-03 12:40:00,MNMD,7.110000133514404,7.110000133514404,7.125,7.110000133514404,7.125,2294.0
2024-07-03 12:40:00,MODD,1.4600000381469727,1.4600000381469727,1.4600000381469727,1.4600000381469727,1.4600000381469727,200.0
2024-07-03 12:40:00,MODV,27.84000015258789,27.84000015258789,27.84000015258789,27.84000015258789,27.84000015258789,800.0
2024-07-03 12:40:00,MOLN,6.989999771118164,6.989999771118164,6.989999771118164,6.989999771118164,6.989999771118164,124.0
2024-07-03 12:40:00,MREO,3.549999952316284,3.549999952316284,3.549999952316284,3.549999952316284,3.549999952316284,1567.0
2024-07-03 12:40:00,MRNA,115.63500213623047,115.63500213623047,115.73999786376953,115.61000061035156,115.72000122070312,7324.0
2024-07-03 12:40:00,MRSN,1.8416999578475952,1.8416999578475952,1.8416999578475952,1.8416999578475952,1.8416999578475952,1062.0
2024-07-03 12:40:00,MRUS,52.8224983215332,52.8224983215332,52.8224983215332,52.8224983215332,52.8224983215332,524.0
2024-07-03 12:40:00,MRVI,7.010000228881836,7.010000228881836,7.014999866485596,7.010000228881836,7.014999866485596,2157.0
2024-07-03 12:40:00,MXCT,3.7149999141693115,3.7149999141693115,3.7200000286102295,3.7049999237060547,3.7049999237060547,6946.0
2024-07-03 12:40:00,MYGN,24.860000610351562,24.860000610351562,24.860000610351562,24.84000015258789,24.855600357055664,2960.0
2024-07-03 12:40:00,MYNZ,0.33889999985694885,0.33889999985694885,0.3402000069618225,0.33889999985694885,0.3400000035762787,4715.0
2024-07-03 12:40:00,NARI,49.79999923706055,49.79999923706055,49.810001373291016,49.7599983215332,49.810001373291016,3001.0
2024-07-03 12:40:00,NBIX,137.96499633789062,137.96499633789062,138.0,137.96499633789062,137.97000122070312,1926.0
2024-07-03 12:40:00,NDRA,0.09149999916553497,0.09149999916553497,0.09220000356435776,0.09149999916553497,0.09220000356435776,140178.0
2024-07-03 12:40:00,NEO,13.720000267028809,13.720000267028809,13.720000267028809,13.720000267028809,13.720000267028809,164.0
2024-07-03 12:40:00,NEOG,15.114999771118164,15.114999771118164,15.114999771118164,15.114999771118164,15.114999771118164,432.0
2024-07-03 12:40:00,NKTR,1.284999966621399,1.284999966621399,1.284999966621399,1.284999966621399,1.284999966621399,828.0
2024-07-03 12:40:00,NKTX,5.315000057220459,5.315000057220459,5.315000057220459,5.309999942779541,5.309999942779541,2001.0
2024-07-03 12:40:00,NNOX,7.050000190734863,7.050000190734863,7.059999942779541,7.050000190734863,7.059999942779541,869.0
2024-07-03 12:40:00,NRIX,19.415000915527344,19.415000915527344,19.5,19.415000915527344,19.5,3247.0
2024-07-03 12:40:00,NRSN,1.3198000192642212,1.3198000192642212,1.3198000192642212,1.319000005722046,1.319000005722046,2717.0
2024-07-03 12:40:00,NTLA,22.799999237060547,22.799999237060547,22.799999237060547,22.790000915527344,22.7908992767334,4230.0
2024-07-03 12:40:00,NTRA,111.68000030517578,111.68000030517578,111.72000122070312,111.58000183105469,111.625,8578.0
2024-07-03 12:40:00,NUVL,72.2699966430664,72.2699966430664,72.30999755859375,72.2699966430664,72.30500030517578,1098.0
2024-07-03 12:40:00,NVAX,12.494999885559082,12.494999885559082,12.520000457763672,12.489999771118164,12.520000457763672,38586.0
2024-07-03 12:40:00,NVCR,16.75,16.75,16.75,16.709999084472656,16.729999542236328,188181.0
2024-07-03 12:40:00,NVCT,6.199999809265137,6.199999809265137,6.199999809265137,6.199999809265137,6.199999809265137,200.0
2024-07-03 12:40:00,NXL,1.4491000175476074,1.4491000175476074,1.4491000175476074,1.4491000175476074,1.4491000175476074,3000.0
2024-07-03 12:40:00,OCGN,1.6449999809265137,1.6449999809265137,1.649999976158142,1.6449999809265137,1.6484999656677246,9627.0
2024-07-03 12:40:00,OCUL,6.619999885559082,6.619999885559082,6.639999866485596,6.619999885559082,6.639999866485596,1961.0
2024-07-03 12:40:00,OFIX,13.5,13.5,13.5,13.5,13.5,839.0
2024-07-03 12:40:00,OLK,25.7450008392334,25.7450008392334,25.7450008392334,25.739999771118164,25.739999771118164,1392.0
2024-07-03 12:40:00,OLMA,10.5,10.5,10.5,10.5,10.5,821.0
2024-07-03 12:40:00,OM,3.875,3.875,3.875,3.869999885559082,3.869999885559082,2351.0
2024-07-03 12:40:00,OMGA,1.899999976158142,1.899999976158142,1.899999976158142,1.899999976158142,1.899999976158142,168.0
2024-07-03 12:41:00,AADI,1.4049999713897705,1.4049999713897705,1.4049999713897705,1.4049999713897705,1.4049999713897705,345.0
2024-07-03 12:41:00,ABEO,4.320000171661377,4.320000171661377,4.320000171661377,4.320000171661377,4.320000171661377,0.0
2024-07-03 12:41:00,ABOS,2.299999952316284,2.299999952316284,2.299999952316284,2.299999952316284,2.299999952316284,902.0
2024-07-03 12:41:00,ABSI,3.194999933242798,3.194999933242798,3.1989998817443848,3.194999933242798,3.1989998817443848,800.0
2024-07-03 12:41:00,ABUS,3.1549999713897705,3.1549999713897705,3.1549999713897705,3.1549999713897705,3.1549999713897705,931.0
2024-07-03 12:41:00,ACAD,15.585000038146973,15.585000038146973,15.585000038146973,15.574999809265137,15.579999923706055,1540.0
2024-07-03 12:41:00,ACB,4.929900169372559,4.929900169372559,4.929999828338623,4.929900169372559,4.929999828338623,2563.0
2024-07-03 12:41:00,ACCD,3.5950000286102295,3.5950000286102295,3.5999999046325684,3.5899999141693115,3.591200113296509,8619.0
2024-07-03 12:41:00,ACET,1.0850000381469727,1.0850000381469727,1.0850000381469727,1.0850000381469727,1.0850000381469727,374.0
2024-07-03 12:41:00,ACHC,66.87999725341797,66.87999725341797,66.87999725341797,66.87999725341797,66.87999725341797,390.0
2024-07-03 12:41:00,ACLX,54.497501373291016,54.497501373291016,54.54999923706055,54.497501373291016,54.54999923706055,549.0
2024-07-03 12:41:00,ACRS,1.149999976158142,1.149999976158142,1.149999976158142,1.149999976158142,1.149999976158142,776.0
2024-07-03 12:41:00,ADMA,11.225000381469727,11.225000381469727,11.225000381469727,11.1850004196167,11.1850004196167,9627.0
2024-07-03 12:41:00,ADPT,3.4100000858306885,3.4100000858306885,3.4200000762939453,3.4100000858306885,3.4200000762939453,2363.0
2024-07-03 12:41:00,ADUS,116.98999786376953,116.98999786376953,117.19000244140625,116.98999786376953,117.12000274658203,1742.0
2024-07-03 12:41:00,ADVM,7.125,7.125,7.125,7.125,7.125,100.0
2024-07-03 12:41:00,AEMD,0.4068000018596649,0.4068000018596649,0.4068000018596649,0.4065999984741211,0.4065999984741211,1952.0
2024-07-03 12:41:00,AFMD,5.03000020980835,5.03000020980835,5.03000020980835,5.03000020980835,5.03000020980835,169.0
2024-07-03 12:41:00,AGEN,14.239999771118164,14.239999771118164,14.260000228881836,14.239999771118164,14.253800392150879,1851.0
2024-07-03 12:41:00,AGIO,41.959999084472656,41.959999084472656,41.959999084472656,41.959999084472656,41.959999084472656,293.0
2024-07-03 12:41:00,AHCO,9.78499984741211,9.78499984741211,9.78499984741211,9.78499984741211,9.78499984741211,126.0
2024-07-03 12:41:00,AIMD,0.9973000288009644,0.9973000288009644,0.9998000264167786,0.9800000190734863,0.9854000210762024,33428.0
2024-07-03 12:41:00,AKAN,2.2260000705718994,2.2260000705718994,2.2260000705718994,2.2260000705718994,2.2260000705718994,115.0
2024-07-03 12:41:00,AKBA,0.953000009059906,0.953000009059906,0.953000009059906,0.953000009059906,0.953000009059906,942.0
2024-07-03 12:41:00,AKYA,2.109999895095825,2.109999895095825,2.119999885559082,2.109999895095825,2.119999885559082,3568.0
2024-07-03 12:41:00,ALEC,4.40500020980835,4.40500020980835,4.409999847412109,4.40500020980835,4.409999847412109,403.0
2024-07-03 12:41:00,ALGN,242.27999877929688,242.27999877929688,242.27999877929688,242.1699981689453,242.22000122070312,1913.0
2024-07-03 12:41:00,ALGS,0.4250999987125397,0.4250999987125397,0.4250999987125397,0.4250999987125397,0.4250999987125397,100.0
2024-07-03 12:41:00,ALHC,8.0,8.0,8.0,8.0,8.0,550.0
2024-07-03 12:41:00,ALIM,5.525000095367432,5.525000095367432,5.525000095367432,5.525000095367432,5.525000095367432,661.0
2024-07-03 12:41:00,ALKS,24.209999084472656,24.209999084472656,24.209999084472656,24.209999084472656,24.209999084472656,383.0
2024-07-03 12:41:00,ALLK,0.8288000226020813,0.8288000226020813,0.8288999795913696,0.8288000226020813,0.8288999795913696,9665.0
2024-07-03 12:41:00,ALLO,2.0950000286102295,2.0950000286102295,2.0999999046325684,2.0899999141693115,2.0950000286102295,4296.0
2024-07-03 12:41:00,ALLR,0.20000000298023224,0.20000000298023224,0.20149999856948853,0.20000000298023224,0.20000000298023224,5370.0
2024-07-03 12:41:00,ALNY,245.94000244140625,245.94000244140625,245.94500732421875,245.94000244140625,245.94500732421875,407.0
2024-07-03 12:41:00,ALT,6.574999809265137,6.574999809265137,6.579800128936768,6.570000171661377,6.570000171661377,1327.0
2024-07-03 12:41:00,ALVO,12.069999694824219,12.069999694824219,12.069999694824219,12.069999694824219,12.069999694824219,459.0
2024-07-03 12:41:00,ALVR,0.7350000143051147,0.7350000143051147,0.7350000143051147,0.7350000143051147,0.7350000143051147,306.0
2024-07-03 12:41:00,ALXO,5.690000057220459,5.690000057220459,5.699999809265137,5.675000190734863,5.675000190734863,4092.0
2024-07-03 12:41:00,ALZN,0.3889000117778778,0.3889000117778778,0.3889000117778778,0.3889000117778778,0.3889000117778778,767.0
2024-07-03 12:41:00,AMED,97.30000305175781,97.30000305175781,97.34989929199219,97.30000305175781,97.34989929199219,1628.0
2024-07-03 12:41:00,AMGN,308.2200012207031,308.2200012207031,308.2200012207031,307.9800109863281,307.9800109863281,3480.0
2024-07-03 12:41:00,AMLX,1.7649999856948853,1.7649999856948853,1.7699999809265137,1.7649999856948853,1.7699999809265137,4115.0
2024-07-03 12:41:00,AMRN,0.6840000152587891,0.6840000152587891,0.6840000152587891,0.6840000152587891,0.6840000152587891,289.0
2024-07-03 12:41:00,ANAB,24.979999542236328,24.979999542236328,24.989999771118164,24.969999313354492,24.969999313354492,1945.0
2024-07-03 12:41:00,ANNX,4.784999847412109,4.784999847412109,4.784999847412109,4.784999847412109,4.784999847412109,533.0
2024-07-03 12:41:00,ANTX,2.5899999141693115,2.5899999141693115,2.599900007247925,2.5899999141693115,2.5899999141693115,800.0
2024-07-03 12:41:00,APDN,0.40369999408721924,0.40369999408721924,0.40369999408721924,0.39800000190734863,0.39800000190734863,1900.0
2024-07-03 12:41:00,APLS,35.22999954223633,35.22999954223633,35.244998931884766,35.22999954223633,35.244998931884766,1773.0
2024-07-03 12:41:00,APLT,4.34499979019165,4.34499979019165,4.34499979019165,4.34499979019165,4.34499979019165,148.0
2024-07-03 12:41:00,AQST,2.4049999713897705,2.4049999713897705,2.4049999713897705,2.4000000953674316,2.4049999713897705,1384.0
2024-07-03 12:41:00,ARCT,21.899999618530273,21.899999618530273,21.899999618530273,21.8799991607666,21.8799991607666,899.0
2024-07-03 12:41:00,ARDX,5.340099811553955,5.340099811553955,5.349899768829346,5.340000152587891,5.340000152587891,21326.0
2024-07-03 12:41:00,ARGX,434.8949890136719,434.8949890136719,435.260009765625,434.510009765625,434.54998779296875,2383.0
2024-07-03 12:41:00,ARQT,9.595000267028809,9.595000267028809,9.595000267028809,9.5649995803833,9.5649995803833,4056.0
2024-07-03 12:41:00,ARVN,23.889999389648438,23.889999389648438,23.899999618530273,23.8799991607666,23.899999618530273,1139.0
2024-07-03 12:41:00,ARWR,24.915000915527344,24.915000915527344,24.915000915527344,24.915000915527344,24.915000915527344,213.0
2024-07-03 12:41:00,ASRT,1.3300000429153442,1.3300000429153442,1.3300000429153442,1.3300000429153442,1.3300000429153442,789.0
2024-07-03 12:41:00,ATAI,1.2899999618530273,1.2899999618530273,1.2899999618530273,1.2899999618530273,1.2899999618530273,200.0
2024-07-03 12:41:00,ATEC,10.03499984741211,10.03499984741211,10.03499984741211,10.03499984741211,10.03499984741211,552.0
2024-07-03 12:41:00,ATOS,1.1699999570846558,1.1699999570846558,1.1699999570846558,1.1699999570846558,1.1699999570846558,142.0
2024-07-03 12:41:00,ATRC,22.405000686645508,22.405000686645508,22.40999984741211,22.399999618530273,22.40999984741211,1403.0
2024-07-03 12:41:00,ATRI,452.30499267578125,452.30499267578125,452.30499267578125,452.30499267578125,452.30499267578125,110.0
2024-07-03 12:41:00,ATXS,9.0600004196167,9.0600004196167,9.0600004196167,9.0600004196167,9.0600004196167,475.0
2024-07-03 12:41:00,AUGX,0.9987999796867371,0.9987999796867371,0.9987999796867371,0.9987999796867371,0.9987999796867371,201.0
2024-07-03 12:41:00,AUPH,5.474999904632568,5.474999904632568,5.47599983215332,5.474999904632568,5.47599983215332,1480.0
2024-07-03 12:41:00,AURA,6.940000057220459,6.940000057220459,6.949999809265137,6.940000057220459,6.949999809265137,5190.0
2024-07-03 12:41:00,AUTL,3.444999933242798,3.444999933242798,3.4549999237060547,3.444999933242798,3.4549999237060547,7678.0
2024-07-03 12:41:00,AVDL,14.460000038146973,14.460000038146973,14.510000228881836,14.460000038146973,14.510000228881836,8310.0
2024-07-03 12:41:00,AVIR,3.2850000858306885,3.2850000858306885,3.2850000858306885,3.2850000858306885,3.2850000858306885,459.0
2024-07-03 12:41:00,AVXL,4.125,4.125,4.125,4.125,4.125,200.0
2024-07-03 12:41:00,AWH,0.949999988079071,0.949999988079071,0.9503999948501587,0.949999988079071,0.9503999948501587,8160.0
2024-07-03 12:41:00,AXNX,67.4800033569336,67.4800033569336,67.4800033569336,67.4800033569336,67.4800033569336,232.0
2024-07-03 12:41:00,AXSM,79.9800033569336,79.9800033569336,79.9800033569336,79.9800033569336,79.9800033569336,711.0
2024-07-03 12:41:00,AZN,76.80500030517578,76.80500030517578,76.80500030517578,76.77999877929688,76.77999877929688,6965.0
2024-07-03 12:41:00,AZTA,52.40999984741211,52.40999984741211,52.43000030517578,52.380001068115234,52.380001068115234,3114.0
2024-07-03 12:41:00,BBIO,25.135000228881836,25.135000228881836,25.135000228881836,25.135000228881836,25.135000228881836,999.0
2024-07-03 12:41:00,BCAB,1.4049999713897705,1.4049999713897705,1.4049999713897705,1.4049999713897705,1.4049999713897705,559.0
2024-07-03 12:41:00,BCYC,19.700000762939453,19.700000762939453,19.700000762939453,19.700000762939453,19.700000762939453,393.0
2024-07-03 12:41:00,BDSX,1.6200000047683716,1.6200000047683716,1.6200000047683716,1.6200000047683716,1.6200000047683716,197.0
2024-07-03 12:41:00,BDTX,4.355000019073486,4.355000019073486,4.355000019073486,4.355000019073486,4.355000019073486,821.0
2024-07-03 12:41:00,BEAM,23.600000381469727,23.600000381469727,23.600000381469727,23.575000762939453,23.579999923706055,1191.0
2024-07-03 12:41:00,BEAT,2.755500078201294,2.755500078201294,2.755500078201294,2.755500078201294,2.755500078201294,145.0
2024-07-03 12:41:00,BGXX,0.2734000086784363,0.2734000086784363,0.2734000086784363,0.27149999141693115,0.27149999141693115,886.0
2024-07-03 12:41:00,BIIB,223.77999877929688,223.77999877929688,223.8249969482422,223.7324981689453,223.7324981689453,1709.0
2024-07-03 12:41:00,BIMI,1.2599999904632568,1.2599999904632568,1.2599999904632568,1.2599999904632568,1.2599999904632568,379.0
2024-07-03 12:41:00,BIOR,0.6326000094413757,0.6326000094413757,0.6326000094413757,0.6326000094413757,0.6326000094413757,338.0
2024-07-03 12:41:00,BIVI,0.4172999858856201,0.4172999858856201,0.4174000024795532,0.4172999858856201,0.4174000024795532,2853.0
2024-07-03 12:41:00,BLFS,20.030000686645508,20.030000686645508,20.030000686645508,20.030000686645508,20.030000686645508,1207.0
2024-07-03 12:41:00,BLUE,0.9125999808311462,0.9125999808311462,0.9150999784469604,0.9125999808311462,0.9150999784469604,14056.0
2024-07-03 12:41:00,BMEA,4.34499979019165,4.34499979019165,4.349999904632568,4.34499979019165,4.349999904632568,1486.0
2024-07-03 12:41:00,BMRN,80.77999877929688,80.77999877929688,80.80500030517578,80.77999877929688,80.77999877929688,2458.0
2024-07-03 12:41:00,BNGO,0.5774000287055969,0.5774000287055969,0.5774000287055969,0.5774000287055969,0.5774000287055969,14400.0
2024-07-03 12:41:00,BNTX,80.0199966430664,80.0199966430664,80.0199966430664,79.95999908447266,80.0,5532.0
2024-07-03 12:41:00,BPMC,109.91000366210938,109.91000366210938,109.91000366210938,109.87999725341797,109.87999725341797,2956.0
2024-07-03 12:41:00,BRKR,61.650001525878906,61.650001525878906,61.650001525878906,61.64500045776367,61.64500045776367,503.0
2024-07-03 12:41:00,CABA,7.480000019073486,7.480000019073486,7.480000019073486,7.480000019073486,7.480000019073486,1081.0
2024-07-03 12:41:00,CADL,6.239999771118164,6.239999771118164,6.25,6.239999771118164,6.25,912.0
2024-07-03 12:41:00,CAPR,4.820000171661377,4.820000171661377,4.820000171661377,4.820000171661377,4.820000171661377,706.0
2024-07-03 12:41:00,CARA,0.2800999879837036,0.2800999879837036,0.2800999879837036,0.2800999879837036,0.2800999879837036,972.0
2024-07-03 12:41:00,CCCC,4.550000190734863,4.550000190734863,4.550000190734863,4.519999980926514,4.519999980926514,6615.0
2024-07-03 12:41:00,CDMO,7.809999942779541,7.809999942779541,7.809999942779541,7.78000020980835,7.784999847412109,7619.0
2024-07-03 12:41:00,CDNA,15.079999923706055,15.079999923706055,15.079999923706055,15.079999923706055,15.079999923706055,307.0
2024-07-03 12:41:00,CDXS,2.869999885559082,2.869999885559082,2.869999885559082,2.869999885559082,2.869999885559082,677.0
2024-07-03 12:41:00,CELC,16.25,16.25,16.25,16.25,16.25,406.0
2024-07-03 12:41:00,CERE,40.23500061035156,40.23500061035156,40.279998779296875,40.20000076293945,40.279998779296875,44453.0
2024-07-03 12:41:00,CERT,13.779999732971191,13.779999732971191,13.789999961853027,13.779999732971191,13.789999961853027,662.0
2024-07-03 12:41:00,CGC,6.545000076293945,6.545000076293945,6.554999828338623,6.540200233459473,6.554999828338623,3002.0
2024-07-03 12:41:00,CGEM,16.649999618530273,16.649999618530273,16.649999618530273,16.600000381469727,16.6299991607666,3000.0
2024-07-03 12:41:00,CHRS,1.3849999904632568,1.3849999904632568,1.3849999904632568,1.3849999904632568,1.3849999904632568,5148.0
2024-07-03 12:41:00,CING,0.3190000057220459,0.3190000057220459,0.32010000944137573,0.3190000057220459,0.3199999928474426,17326.0
2024-07-03 12:41:00,CKPT,2.199700117111206,2.199700117111206,2.199700117111206,2.199700117111206,2.199700117111206,187.0
2024-07-03 12:41:00,CLDX,36.01089859008789,36.01089859008789,36.01089859008789,35.97999954223633,35.97999954223633,708.0
2024-07-03 12:41:00,CLNN,0.3255999982357025,0.3255999982357025,0.3255999982357025,0.3255999982357025,0.3255999982357025,6885.0
2024-07-03 12:41:00,CLOV,1.2549999952316284,1.2549999952316284,1.2549999952316284,1.25,1.2549999952316284,1157.0
2024-07-03 12:41:00,CLPT,5.360000133514404,5.360000133514404,5.360000133514404,5.360000133514404,5.360000133514404,525.0
2024-07-03 12:41:00,CMPS,6.230000019073486,6.230000019073486,6.239999771118164,6.199999809265137,6.199999809265137,3738.0
2024-07-03 12:41:00,CNSP,1.419100046157837,1.419100046157837,1.440000057220459,1.409999966621399,1.4306000471115112,36001.0
2024-07-03 12:41:00,CNTX,1.7864999771118164,1.7864999771118164,1.7864999771118164,1.7864999771118164,1.7864999771118164,1039.0
2024-07-03 12:41:00,COGT,8.385000228881836,8.385000228881836,8.385000228881836,8.369999885559082,8.369999885559082,1724.0
2024-07-03 12:41:00,CORT,30.3799991607666,30.3799991607666,30.395000457763672,30.3700008392334,30.375,1333.0
2024-07-03 12:41:00,COSM,0.8999000191688538,0.8999000191688538,0.8999000191688538,0.8956000208854675,0.8978000283241272,5840.0
2024-07-03 12:41:00,CRBU,1.5800000429153442,1.5800000429153442,1.5800000429153442,1.5750000476837158,1.5750000476837158,1167.0
2024-07-03 12:41:00,CRDF,2.25,2.25,2.255000114440918,2.25,2.25,1270.0
2024-07-03 12:41:00,CRDL,1.9214999675750732,1.9214999675750732,1.9214999675750732,1.9214999675750732,1.9214999675750732,342.0
2024-07-03 12:41:00,CRMD,4.146399974822998,4.146399974822998,4.150000095367432,4.146399974822998,4.150000095367432,429.0
2024-07-03 12:41:00,CRSP,53.869998931884766,53.869998931884766,53.869998931884766,53.84000015258789,53.84000015258789,2455.0
2024-07-03 12:41:00,CTKB,5.599999904632568,5.599999904632568,5.599999904632568,5.59499979019165,5.59499979019165,270.0
2024-07-03 12:41:00,CTMX,1.2999999523162842,1.2999999523162842,1.3049999475479126,1.2999999523162842,1.2999999523162842,809.0
2024-07-03 12:41:00,CTSO,0.8600000143051147,0.8600000143051147,0.8600000143051147,0.8600000143051147,0.8600000143051147,900.0
2024-07-03 12:41:00,CTXR,0.5,0.5,0.5,0.5,0.5,14408.0
2024-07-03 12:41:00,CUE,0.9817000031471252,0.9817000031471252,0.9817000031471252,0.9817000031471252,0.9817000031471252,101.0
2024-07-03 12:41:00,CUTR,1.2899999618530273,1.2899999618530273,1.2949999570846558,1.2899999618530273,1.2949999570846558,3778.0
2024-07-03 12:41:00,CVAC,3.2149999141693115,3.2149999141693115,3.240000009536743,3.2100000381469727,3.2388999462127686,61820.0
2024-07-03 12:41:00,DARE,3.0578999519348145,3.0578999519348145,3.0578999519348145,3.0578999519348145,3.0578999519348145,220.0
2024-07-03 12:41:00,DAWN,13.359999656677246,13.359999656677246,13.369999885559082,13.359999656677246,13.369999885559082,1222.0
2024-07-03 12:41:00,DCGO,2.9549999237060547,2.9549999237060547,2.9549999237060547,2.9549999237060547,2.9549999237060547,401.0
2024-07-03 12:41:00,DH,5.380000114440918,5.380000114440918,5.380000114440918,5.380000114440918,5.380000114440918,1441.0
2024-07-03 12:41:00,DNLI,21.489999771118164,21.489999771118164,21.5,21.489999771118164,21.5,666.0
2024-07-03 12:41:00,DSGN,3.2699999809265137,3.2699999809265137,3.2699999809265137,3.25,3.259999990463257,24968.0
2024-07-03 12:41:00,DVAX,11.074999809265137,11.074999809265137,11.074999809265137,11.074999809265137,11.074999809265137,799.0
2024-07-03 12:41:00,DXCM,111.12999725341797,111.12999725341797,111.16000366210938,110.9800033569336,110.9800033569336,8084.0
2024-07-03 12:41:00,DYN,33.86000061035156,33.86000061035156,33.86000061035156,33.810001373291016,33.810001373291016,1022.0
2024-07-03 12:41:00,EDIT,4.650000095367432,4.650000095367432,4.650000095367432,4.644999980926514,4.644999980926514,1370.0
2024-07-03 12:41:00,EKSO,1.0299999713897705,1.0299999713897705,1.0299999713897705,1.0299999713897705,1.0299999713897705,768.0
2024-07-03 12:41:00,ELEV,2.6600000858306885,2.6600000858306885,2.680000066757202,2.6600000858306885,2.6600000858306885,14192.0
2024-07-03 12:41:00,ELYM,6.699999809265137,6.699999809265137,6.699999809265137,6.699999809265137,6.699999809265137,1455.0
2024-07-03 12:41:00,EMBC,11.9399995803833,11.9399995803833,11.9399995803833,11.9399995803833,11.9399995803833,194.0
2024-07-03 12:41:00,ENSG,126.87000274658203,126.87000274658203,126.87000274658203,126.87000274658203,126.87000274658203,661.0
2024-07-03 12:41:00,ENVB,0.5095999836921692,0.5095999836921692,0.5095999836921692,0.5095999836921692,0.5095999836921692,5005.0
2024-07-03 12:41:00,EOLS,10.949999809265137,10.949999809265137,10.960000038146973,10.949999809265137,10.960000038146973,2335.0
2024-07-03 12:41:00,ERAS,2.2100000381469727,2.2100000381469727,2.2100000381469727,2.2100000381469727,2.2100000381469727,644.0
2024-07-03 12:41:00,ESPR,2.365000009536743,2.365000009536743,2.369999885559082,2.365000009536743,2.369999885559082,11204.0
2024-07-03 12:41:00,ESTA,43.560001373291016,43.560001373291016,43.584999084472656,43.560001373291016,43.584999084472656,2259.0
2024-07-03 12:41:00,ETNB,7.440000057220459,7.440000057220459,7.460000038146973,7.440000057220459,7.460000038146973,2317.0
2024-07-03 12:41:00,EVAX,3.2339999675750732,3.2339999675750732,3.2339999675750732,3.140000104904175,3.190000057220459,1818.0
2024-07-03 12:41:00,EWTX,18.649999618530273,18.649999618530273,18.8700008392334,18.06999969482422,18.100000381469727,46397.0
2024-07-03 12:41:00,EXAI,5.46999979019165,5.46999979019165,5.489999771118164,5.46999979019165,5.489999771118164,2509.0
2024-07-03 12:41:00,EXAS,43.25,43.25,43.25,43.23500061035156,43.25,1120.0
2024-07-03 12:41:00,EXEL,21.875,21.875,21.875,21.875,21.875,2000.0
2024-07-03 12:41:00,EYPT,8.699999809265137,8.699999809265137,8.699999809265137,8.649999618530273,8.6899995803833,5107.0
2024-07-03 12:41:00,FATE,3.1649999618530273,3.1649999618530273,3.1649999618530273,3.1600000858306885,3.1649999618530273,3053.0
2024-07-03 12:41:00,FBIO,1.774999976158142,1.774999976158142,1.774999976158142,1.76010000705719,1.76010000705719,2170.0
2024-07-03 12:41:00,FDMT,20.782499313354492,20.782499313354492,20.799999237060547,20.782499313354492,20.799999237060547,537.0
2024-07-03 12:41:00,FGEN,0.7145000100135803,0.7145000100135803,0.7146000266075134,0.7145000100135803,0.7146000266075134,3429.0
2024-07-03 12:41:00,FOLD,9.859999656677246,9.859999656677246,9.859999656677246,9.854999542236328,9.854999542236328,6080.0
2024-07-03 12:41:00,FULC,6.125,6.125,6.125,6.125,6.125,172.0
2024-07-03 12:41:00,GANX,1.1399999856948853,1.1399999856948853,1.1399999856948853,1.1399999856948853,1.1399999856948853,414.0
2024-07-03 12:41:00,GDRX,7.789999961853027,7.789999961853027,7.789999961853027,7.789999961853027,7.789999961853027,2132.0
2024-07-03 12:41:00,GERN,4.324999809265137,4.324999809265137,4.32889986038208,4.320300102233887,4.324999809265137,3145.0
2024-07-03 12:41:00,GH,28.360000610351562,28.360000610351562,28.360000610351562,28.360000610351562,28.360000610351562,1862.0
2024-07-03 12:41:00,GHRS,11.989999771118164,11.989999771118164,11.989999771118164,11.989999771118164,11.989999771118164,333.0
2024-07-03 12:41:00,GILD,66.91999816894531,66.91999816894531,66.91999816894531,66.88999938964844,66.8949966430664,12022.0
2024-07-03 12:41:00,GLSI,16.450000762939453,16.450000762939453,16.559999465942383,16.450000762939453,16.559999465942383,619.0
2024-07-03 12:41:00,GLYC,0.2757999897003174,0.2757999897003174,0.2757999897003174,0.2757999897003174,0.2757999897003174,700.0
2024-07-03 12:41:00,GOSS,0.9876999855041504,0.9876999855041504,0.9876999855041504,0.9855999946594238,0.9855999946594238,11196.0
2024-07-03 12:41:00,GOVX,2.849900007247925,2.849900007247925,2.859999895095825,2.8399999141693115,2.8399999141693115,2814.0
2024-07-03 12:41:00,GRFS,6.664999961853027,6.664999961853027,6.664999961853027,6.664999961853027,6.664999961853027,2170.0
2024-07-03 12:41:00,GRTS,0.5787000060081482,0.5787000060081482,0.5787000060081482,0.5787000060081482,0.5787000060081482,2683.0
2024-07-03 12:41:00,GTHX,2.5950000286102295,2.5950000286102295,2.5950000286102295,2.5899999141693115,2.5899999141693115,11853.0
2024-07-03 12:41:00,HALO,52.27000045776367,52.27000045776367,52.27000045776367,52.16999816894531,52.18000030517578,3029.0
2024-07-03 12:41:00,HCAT,6.190000057220459,6.190000057220459,6.190000057220459,6.190000057220459,6.190000057220459,200.0
2024-07-03 12:41:00,HCSG,10.675000190734863,10.675000190734863,10.675000190734863,10.651000022888184,10.651000022888184,1414.0
2024-07-03 12:41:00,HITI,2.1303000450134277,2.1303000450134277,2.1303000450134277,2.1303000450134277,2.1303000450134277,2000.0
2024-07-03 12:41:00,HOLX,73.33000183105469,73.33000183105469,73.33000183105469,73.30999755859375,73.30999755859375,5121.0
2024-07-03 12:41:00,HQY,83.81999969482422,83.81999969482422,83.81999969482422,83.81999969482422,83.81999969482422,892.0
2024-07-03 12:41:00,HRMY,30.770000457763672,30.770000457763672,30.770000457763672,30.770000457763672,30.770000457763672,734.0
2024-07-03 12:41:00,HRTX,2.7200000286102295,2.7200000286102295,2.7300000190734863,2.7200000286102295,2.7219998836517334,945.0
2024-07-03 12:41:00,HSIC,65.04000091552734,65.04000091552734,65.05000305175781,65.02999877929688,65.05000305175781,3302.0
2024-07-03 12:41:00,HUMA,5.78000020980835,5.78000020980835,5.784999847412109,5.775000095367432,5.784999847412109,8891.0
2024-07-03 12:41:00,IART,28.610000610351562,28.610000610351562,28.610000610351562,28.549999237060547,28.549999237060547,2447.0
2024-07-03 12:41:00,IBRX,6.260000228881836,6.260000228881836,6.260000228881836,6.239999771118164,6.260000228881836,8329.0
2024-07-03 12:41:00,ICAD,1.25,1.25,1.25,1.25,1.25,200.0
2024-07-03 12:41:00,ICUI,117.84500122070312,117.84500122070312,117.84500122070312,117.84500122070312,117.84500122070312,1709.0
2024-07-03 12:41:00,IFRX,1.6349999904632568,1.6349999904632568,1.6349999904632568,1.6349999904632568,1.6349999904632568,420.0
2024-07-03 12:41:00,IGMS,6.454999923706055,6.454999923706055,6.454999923706055,6.440000057220459,6.454999923706055,442.0
2024-07-03 12:41:00,IKNA,1.6399999856948853,1.6399999856948853,1.6399999856948853,1.6399999856948853,1.6399999856948853,440.0
2024-07-03 12:41:00,IKT,1.159999966621399,1.159999966621399,1.159999966621399,1.159999966621399,1.159999966621399,300.0
2024-07-03 12:41:00,ILMN,105.66999816894531,105.66999816894531,105.69999694824219,105.66999816894531,105.67500305175781,2922.0
2024-07-03 12:41:00,IMCR,35.959999084472656,35.959999084472656,35.97999954223633,35.95249938964844,35.96500015258789,2185.0
2024-07-03 12:41:00,IMMX,2.319999933242798,2.319999933242798,2.325000047683716,2.319999933242798,2.325000047683716,500.0
2024-07-03 12:41:00,IMNM,12.09000015258789,12.09000015258789,12.100000381469727,12.069999694824219,12.069999694824219,3345.0
2024-07-03 12:41:00,IMRN,2.0199999809265137,2.0199999809265137,2.0199999809265137,2.0199999809265137,2.0199999809265137,100.0
2024-07-03 12:41:00,IMTX,11.925000190734863,11.925000190734863,11.930000305175781,11.869999885559082,11.869999885559082,5666.0
2024-07-03 12:41:00,IMVT,26.014999389648438,26.014999389648438,26.020000457763672,26.014999389648438,26.020000457763672,1459.0
2024-07-03 12:41:00,INCY,57.650001525878906,57.650001525878906,57.68000030517578,57.630001068115234,57.630001068115234,8886.0
2024-07-03 12:41:00,INGN,8.0600004196167,8.0600004196167,8.0600004196167,8.050000190734863,8.0600004196167,1069.0
2024-07-03 12:41:00,INMB,7.954999923706055,7.954999923706055,7.954999923706055,7.954999923706055,7.954999923706055,300.0
2024-07-03 12:41:00,INMD,17.559999465942383,17.559999465942383,17.56999969482422,17.559999465942383,17.56999969482422,371.0
2024-07-03 12:41:00,INO,8.350000381469727,8.350000381469727,8.350000381469727,8.350000381469727,8.350000381469727,490.0
2024-07-03 12:41:00,INSM,62.209999084472656,62.209999084472656,62.220001220703125,61.94499969482422,61.970001220703125,24202.0
2024-07-03 12:41:00,INVA,16.354999542236328,16.354999542236328,16.354999542236328,16.345500946044922,16.345500946044922,1005.0
2024-07-03 12:41:00,INZY,4.465000152587891,4.465000152587891,4.465000152587891,4.465000152587891,4.465000152587891,225.0
2024-07-03 12:41:00,IONM,0.31869998574256897,0.31869998574256897,0.3188000023365021,0.31869998574256897,0.3188000023365021,1346.0
2024-07-03 12:41:00,IONS,45.279998779296875,45.279998779296875,45.29899978637695,45.27000045776367,45.27000045776367,2531.0
2024-07-03 12:41:00,IOVA,7.360000133514404,7.360000133514404,7.385000228881836,7.340000152587891,7.385000228881836,237839.0
2024-07-03 12:41:00,IPSC,2.240000009536743,2.240000009536743,2.240000009536743,2.240000009536743,2.240000009536743,354.0
2024-07-03 12:41:00,IRTC,95.91500091552734,95.91500091552734,96.05000305175781,95.16000366210938,95.16000366210938,9548.0
2024-07-03 12:41:00,IRWD,6.085000038146973,6.085000038146973,6.085000038146973,6.079999923706055,6.079999923706055,1545.0
2024-07-03 12:41:00,ISPC,0.2759999930858612,0.2759999930858612,0.2759999930858612,0.2759999930858612,0.2759999930858612,96756.0
2024-07-03 12:41:00,ISRG,434.25,434.25,434.3800048828125,434.1700134277344,434.1700134277344,6580.0
2024-07-03 12:41:00,ITCI,69.06500244140625,69.06500244140625,69.06500244140625,69.06500244140625,69.06500244140625,276.0
2024-07-03 12:41:00,ITOS,14.800000190734863,14.800000190734863,14.800000190734863,14.800000190734863,14.800000190734863,1330.0
2024-07-03 12:41:00,IVVD,1.0950000286102295,1.0950000286102295,1.0950000286102295,1.0950000286102295,1.0950000286102295,112.0
2024-07-03 12:41:00,JANX,38.244998931884766,38.244998931884766,38.244998931884766,38.15999984741211,38.15999984741211,750.0
2024-07-03 12:41:00,KOD,2.2049999237060547,2.2049999237060547,2.2100000381469727,2.2049999237060547,2.2100000381469727,1978.0
2024-07-03 12:41:00,KPTI,0.8291000127792358,0.8291000127792358,0.8317000269889832,0.8269000053405762,0.8269000053405762,1294.0
2024-07-03 12:41:00,KROS,42.39799880981445,42.39799880981445,42.39799880981445,42.39799880981445,42.39799880981445,368.0
2024-07-03 12:41:00,KRYS,176.22000122070312,176.22000122070312,176.22999572753906,176.22000122070312,176.22999572753906,5261.0
2024-07-03 12:41:00,KURA,20.09000015258789,20.09000015258789,20.09000015258789,20.079999923706055,20.079999923706055,972.0
2024-07-03 12:41:00,KYMR,30.170000076293945,30.170000076293945,30.170000076293945,30.15999984741211,30.15999984741211,722.0
2024-07-03 12:41:00,KZIA,0.21299999952316284,0.21299999952316284,0.21299999952316284,0.21299999952316284,0.21299999952316284,0.0
2024-07-03 12:41:00,KZR,0.5767999887466431,0.5767999887466431,0.5767999887466431,0.5767999887466431,0.5767999887466431,636.0
2024-07-03 12:41:00,LAB,1.8650000095367432,1.8650000095367432,1.8650000095367432,1.8650000095367432,1.8650000095367432,14930.0
2024-07-03 12:41:00,LBPH,31.889999389648438,31.889999389648438,31.889999389648438,31.739999771118164,31.739999771118164,4195.0
2024-07-03 12:41:00,LEGN,46.029998779296875,46.029998779296875,46.029998779296875,46.0,46.0,1170.0
2024-07-03 12:41:00,LFMD,6.800000190734863,6.800000190734863,6.815000057220459,6.789999961853027,6.815000057220459,6080.0
2024-07-03 12:41:00,LFST,5.114999771118164,5.114999771118164,5.119999885559082,5.114999771118164,5.119999885559082,1024.0
2024-07-03 12:41:00,LGVN,1.6100000143051147,1.6100000143051147,1.6100000143051147,1.6100000143051147,1.6100000143051147,304.0
2024-07-03 12:41:00,LIVN,52.65999984741211,52.65999984741211,52.65999984741211,52.65999984741211,52.65999984741211,808.0
2024-07-03 12:41:00,LNTH,79.66500091552734,79.66500091552734,79.66500091552734,79.64450073242188,79.64450073242188,1178.0
2024-07-03 12:41:00,LOGC,5.75,5.75,5.75,5.744999885559082,5.744999885559082,2536.0
2024-07-03 12:41:00,LRMR,7.730000019073486,7.730000019073486,7.730000019073486,7.730000019073486,7.730000019073486,429.0
2024-07-03 12:41:00,LUNG,6.309999942779541,6.309999942779541,6.309999942779541,6.300000190734863,6.300000190734863,949.0
2024-07-03 12:41:00,LVTX,1.8219000101089478,1.8219000101089478,1.8219000101089478,1.8219000101089478,1.8219000101089478,200.0
2024-07-03 12:41:00,LXRX,1.6299999952316284,1.6299999952316284,1.6299999952316284,1.6299999952316284,1.6299999952316284,1105.0
2024-07-03 12:41:00,LYEL,1.5049999952316284,1.5049999952316284,1.5049999952316284,1.5049999952316284,1.5049999952316284,930.0
2024-07-03 12:41:00,LYRA,0.2856999933719635,0.2856999933719635,0.2856999933719635,0.28299999237060547,0.28299999237060547,2262.0
2024-07-03 12:41:00,MBIO,0.4864000082015991,0.4864000082015991,0.49079999327659607,0.4828999936580658,0.49079999327659607,22449.0
2024-07-03 12:41:00,MCRB,0.7307000160217285,0.7307000160217285,0.7329999804496765,0.7307000160217285,0.7318999767303467,4571.0
2024-07-03 12:41:00,MDXG,6.784999847412109,6.784999847412109,6.784999847412109,6.78000020980835,6.78000020980835,656.0
2024-07-03 12:41:00,ME,0.4041000008583069,0.4041000008583069,0.4041000008583069,0.40310001373291016,0.40310001373291016,2916.0
2024-07-03 12:41:00,MEDP,404.3800048828125,404.3800048828125,404.3800048828125,404.3800048828125,404.3800048828125,459.0
2024-07-03 12:41:00,MGNX,4.15500020980835,4.15500020980835,4.15500020980835,4.15500020980835,4.15500020980835,1520.0
2024-07-03 12:41:00,MLTX,41.880001068115234,41.880001068115234,41.91999816894531,41.84000015258789,41.91999816894531,1825.0
2024-07-03 12:41:00,MMSI,86.20999908447266,86.20999908447266,86.20999908447266,85.98500061035156,85.98500061035156,2556.0
2024-07-03 12:41:00,MNKD,5.010000228881836,5.010000228881836,5.014999866485596,5.010000228881836,5.010000228881836,1600.0
2024-07-03 12:41:00,MNMD,7.099999904632568,7.099999904632568,7.099999904632568,7.099999904632568,7.099999904632568,201.0
2024-07-03 12:41:00,MODD,1.4700000286102295,1.4700000286102295,1.4700000286102295,1.4700000286102295,1.4700000286102295,175.0
2024-07-03 12:41:00,MORF,31.809999465942383,31.809999465942383,31.809999465942383,31.809999465942383,31.809999465942383,453.0
2024-07-03 12:41:00,MRKR,5.110000133514404,5.110000133514404,5.119999885559082,5.110000133514404,5.119999885559082,776.0
2024-07-03 12:41:00,MRNA,115.69000244140625,115.69000244140625,115.74500274658203,115.69000244140625,115.74500274658203,2584.0
2024-07-03 12:41:00,MRSN,1.8450000286102295,1.8450000286102295,1.8450000286102295,1.8450000286102295,1.8450000286102295,2110.0
2024-07-03 12:41:00,MRUS,52.75,52.75,52.790000915527344,52.75,52.790000915527344,2287.0
2024-07-03 12:41:00,MRVI,7.010000228881836,7.010000228881836,7.014999866485596,7.010000228881836,7.010000228881836,459.0
2024-07-03 12:41:00,MXCT,3.7149999141693115,3.7149999141693115,3.7149999141693115,3.7149999141693115,3.7149999141693115,1918.0
2024-07-03 12:41:00,MYGN,24.864999771118164,24.864999771118164,24.8700008392334,24.864999771118164,24.8700008392334,1072.0
2024-07-03 12:41:00,MYNZ,0.33889999985694885,0.33889999985694885,0.33889999985694885,0.33889999985694885,0.33889999985694885,2083.0
2024-07-03 12:41:00,NBIX,138.0050048828125,138.0050048828125,138.0050048828125,137.92999267578125,137.92999267578125,1753.0
2024-07-03 12:41:00,NDRA,0.09109999984502792,0.09109999984502792,0.09149999916553497,0.09109999984502792,0.09149999916553497,69920.0
2024-07-03 12:41:00,NEO,13.720000267028809,13.720000267028809,13.720000267028809,13.720000267028809,13.720000267028809,546.0
2024-07-03 12:41:00,NEOG,15.114999771118164,15.114999771118164,15.119999885559082,15.114999771118164,15.119999885559082,314.0
2024-07-03 12:41:00,NKTR,1.2949999570846558,1.2949999570846558,1.2999999523162842,1.2899999618530273,1.2899999618530273,58350.0
2024-07-03 12:41:00,NLSP,0.20180000364780426,0.20180000364780426,0.20180000364780426,0.20170000195503235,0.20170000195503235,4462.0
2024-07-03 12:41:00,NNOX,7.050000190734863,7.050000190734863,7.050000190734863,7.039999961853027,7.039999961853027,1960.0
2024-07-03 12:41:00,NOTV,1.6549999713897705,1.6549999713897705,1.6549999713897705,1.6549999713897705,1.6549999713897705,231.0
2024-07-03 12:41:00,NPCE,7.300000190734863,7.300000190734863,7.300000190734863,7.269999980926514,7.269999980926514,455.0
2024-07-03 12:41:00,NRIX,19.40999984741211,19.40999984741211,19.40999984741211,19.402299880981445,19.402299880981445,754.0
2024-07-03 12:41:00,NRSN,1.3015999794006348,1.3015999794006348,1.3015999794006348,1.3015999794006348,1.3015999794006348,445.0
2024-07-03 12:41:00,NRXP,2.609999895095825,2.609999895095825,2.609999895095825,2.609999895095825,2.609999895095825,258.0
2024-07-03 12:41:00,NTLA,22.815000534057617,22.815000534057617,22.815000534057617,22.790000915527344,22.795000076293945,2925.0
2024-07-03 12:41:00,NTRA,111.7300033569336,111.7300033569336,111.7300033569336,111.6500015258789,111.68000030517578,1831.0
2024-07-03 12:41:00,NUVL,72.30999755859375,72.30999755859375,72.30999755859375,72.23999786376953,72.23999786376953,2086.0
2024-07-03 12:41:00,NVAX,12.509900093078613,12.509900093078613,12.510000228881836,12.5,12.505000114440918,10504.0
2024-07-03 12:41:00,NVCR,16.844999313354492,16.844999313354492,16.8700008392334,16.75,16.75,17127.0
2024-07-03 12:41:00,NVOS,0.7649000287055969,0.7649000287055969,0.7649000287055969,0.7649000287055969,0.7649000287055969,500.0
2024-07-03 12:41:00,OCGN,1.6449999809265137,1.6449999809265137,1.6449999809265137,1.6349999904632568,1.6449999809265137,31021.0
2024-07-03 12:41:00,OCUL,6.619999885559082,6.619999885559082,6.625,6.599999904632568,6.619999885559082,12267.0
2024-07-03 12:41:00,OFIX,13.510000228881836,13.510000228881836,13.510000228881836,13.510000228881836,13.510000228881836,1019.0
2024-07-03 12:41:00,OGI,1.589900016784668,1.589900016784668,1.589900016784668,1.5850000381469727,1.5850000381469727,3428.0
2024-07-03 12:41:00,OLMA,10.510000228881836,10.510000228881836,10.510000228881836,10.489999771118164,10.5,3385.0
2024-07-03 12:41:00,OM,3.875,3.875,3.875,3.875,3.875,1496.0
2024-07-03 12:41:00,OMCL,26.709999084472656,26.709999084472656,26.709999084472656,26.670000076293945,26.670000076293945,1024.0
2024-07-03 12:41:00,OMGA,1.899999976158142,1.899999976158142,1.899999976158142,1.8899999856948853,1.899999976158142,4384.0
2024-07-03 12:41:00,ONVO,0.7551000118255615,0.7551000118255615,0.7551000118255615,0.7551000118255615,0.7551000118255615,1005.0
2024-07-03 12:42:00,ABCL,2.694999933242798,2.694999933242798,2.7049999237060547,2.690000057220459,2.7049999237060547,39569.0
2024-07-03 12:42:00,ABEO,4.320000171661377,4.320000171661377,4.320000171661377,4.320000171661377,4.320000171661377,603.0
2024-07-03 12:42:00,ABOS,2.3052000999450684,2.3052000999450684,2.309999942779541,2.305000066757202,2.305000066757202,651.0
2024-07-03 12:42:00,ABSI,3.194999933242798,3.194999933242798,3.200000047683716,3.194999933242798,3.200000047683716,12503.0
2024-07-03 12:42:00,ABUS,3.1596999168395996,3.1596999168395996,3.1596999168395996,3.1549999713897705,3.1549999713897705,3457.0
2024-07-03 12:42:00,ACAD,15.59000015258789,15.59000015258789,15.59000015258789,15.585000038146973,15.585000038146973,1200.0
2024-07-03 12:42:00,ACB,4.920000076293945,4.920000076293945,4.925000190734863,4.920000076293945,4.925000190734863,4215.0
2024-07-03 12:42:00,ACCD,3.5950000286102295,3.5950000286102295,3.5999999046325684,3.5950000286102295,3.5999999046325684,1297.0
2024-07-03 12:42:00,ACET,1.0850000381469727,1.0850000381469727,1.0850000381469727,1.0800000429153442,1.0800000429153442,1534.0
2024-07-03 12:42:00,ACHC,66.81999969482422,66.81999969482422,66.91000366210938,66.70999908447266,66.9000015258789,15638.0
2024-07-03 12:42:00,ACLX,54.525001525878906,54.525001525878906,54.525001525878906,54.525001525878906,54.525001525878906,540.0
2024-07-03 12:42:00,ACRS,1.149999976158142,1.149999976158142,1.149999976158142,1.149999976158142,1.149999976158142,2027.0
2024-07-03 12:42:00,ADAP,1.0149999856948853,1.0149999856948853,1.0149999856948853,1.0149999856948853,1.0149999856948853,400.0
2024-07-03 12:42:00,ADMA,11.3149995803833,11.3149995803833,11.319999694824219,11.225000381469727,11.229999542236328,57732.0
2024-07-03 12:42:00,ADPT,3.4149999618530273,3.4149999618530273,3.4149999618530273,3.4049999713897705,3.4100000858306885,3978.0
2024-07-03 12:42:00,ADUS,117.0999984741211,117.0999984741211,117.0999984741211,117.0999984741211,117.0999984741211,1525.0
2024-07-03 12:42:00,ADVM,7.125,7.125,7.125,7.125,7.125,101.0
2024-07-03 12:42:00,AFMD,5.057499885559082,5.057499885559082,5.057499885559082,5.057499885559082,5.057499885559082,1385.0
2024-07-03 12:42:00,AGEN,14.210000038146973,14.210000038146973,14.25,14.210000038146973,14.25,1684.0
2024-07-03 12:42:00,AGIO,41.96500015258789,41.96500015258789,41.97999954223633,41.96500015258789,41.97999954223633,1683.0
2024-07-03 12:42:00,AHCO,9.78499984741211,9.78499984741211,9.78499984741211,9.78499984741211,9.78499984741211,513.0
2024-07-03 12:42:00,AIMD,1.0099999904632568,1.0099999904632568,1.0099999904632568,0.9800999760627747,0.9940000176429749,33042.0
2024-07-03 12:42:00,AIRS,4.03000020980835,4.03000020980835,4.039999961853027,4.03000020980835,4.039999961853027,442.0
2024-07-03 12:42:00,AKBA,0.9524999856948853,0.9524999856948853,0.953000009059906,0.9523000121116638,0.953000009059906,3648.0
2024-07-03 12:42:00,AKRO,21.860000610351562,21.860000610351562,21.860000610351562,21.825000762939453,21.825000762939453,1606.0
2024-07-03 12:42:00,AKYA,2.1164000034332275,2.1164000034332275,2.119999885559082,2.115000009536743,2.115000009536743,833.0
2024-07-03 12:42:00,ALDX,3.180000066757202,3.180000066757202,3.180000066757202,3.180000066757202,3.180000066757202,351.0
2024-07-03 12:42:00,ALEC,4.409999847412109,4.409999847412109,4.409999847412109,4.409999847412109,4.409999847412109,598.0
2024-07-03 12:42:00,ALGN,241.99000549316406,241.99000549316406,241.99000549316406,241.99000549316406,241.99000549316406,1381.0
2024-07-03 12:42:00,ALHC,8.0,8.0,8.0,7.989999771118164,8.0,6826.0
2024-07-03 12:42:00,ALKS,24.229999542236328,24.229999542236328,24.229999542236328,24.200000762939453,24.200000762939453,6635.0
2024-07-03 12:42:00,ALLK,0.8288999795913696,0.8288999795913696,0.8288999795913696,0.8288999795913696,0.8288999795913696,116.0
2024-07-03 12:42:00,ALLO,2.0936999320983887,2.0936999320983887,2.0950000286102295,2.0899999141693115,2.0899999141693115,4280.0
2024-07-03 12:42:00,ALLR,0.2004999965429306,0.2004999965429306,0.20200000703334808,0.2004999965429306,0.20090000331401825,8197.0
2024-07-03 12:42:00,ALNY,245.94000244140625,245.94000244140625,245.94000244140625,245.94000244140625,245.94000244140625,1394.0
2024-07-03 12:42:00,ALT,6.565000057220459,6.565000057220459,6.574999809265137,6.559999942779541,6.574999809265137,17878.0
2024-07-03 12:42:00,ALVO,12.050000190734863,12.050000190734863,12.050000190734863,12.050000190734863,12.050000190734863,1425.0
2024-07-03 12:42:00,ALVR,0.7357000112533569,0.7357000112533569,0.7357000112533569,0.7357000112533569,0.7357000112533569,101.0
2024-07-03 12:42:00,ALXO,5.690000057220459,5.690000057220459,5.699999809265137,5.690000057220459,5.695000171661377,4465.0
2024-07-03 12:42:00,AMED,97.25,97.25,97.30000305175781,97.25,97.30000305175781,8452.0
2024-07-03 12:42:00,AMGN,308.5799865722656,308.5799865722656,308.5799865722656,308.20001220703125,308.20001220703125,3324.0
2024-07-03 12:42:00,AMLX,1.7699999809265137,1.7699999809265137,1.7699999809265137,1.7699999809265137,1.7699999809265137,1548.0
2024-07-03 12:42:00,AMPH,38.11800003051758,38.11800003051758,38.14500045776367,38.11130142211914,38.14500045776367,2486.0
2024-07-03 12:42:00,AMRN,0.6814000010490417,0.6814000010490417,0.6840000152587891,0.6814000010490417,0.6840000152587891,2000.0
2024-07-03 12:42:00,ANAB,25.0,25.0,25.0,25.0,25.0,1972.0
2024-07-03 12:42:00,ANIP,60.82500076293945,60.82500076293945,60.82500076293945,60.82500076293945,60.82500076293945,213.0
2024-07-03 12:42:00,ANNX,4.789999961853027,4.789999961853027,4.789999961853027,4.784999847412109,4.784999847412109,899.0
2024-07-03 12:42:00,ANTX,2.5999999046325684,2.5999999046325684,2.5999999046325684,2.58270001411438,2.5999999046325684,3730.0
2024-07-03 12:42:00,APDN,0.40369999408721924,0.40369999408721924,0.40369999408721924,0.40369999408721924,0.40369999408721924,10000.0
2024-07-03 12:42:00,APLS,35.209999084472656,35.209999084472656,35.2400016784668,35.18000030517578,35.220001220703125,4004.0
2024-07-03 12:42:00,APLT,4.34499979019165,4.34499979019165,4.349999904632568,4.34499979019165,4.349999904632568,1264.0
2024-07-03 12:42:00,AQST,2.4049999713897705,2.4049999713897705,2.4049999713897705,2.4049999713897705,2.4049999713897705,342.0
2024-07-03 12:42:00,ARCT,21.905000686645508,21.905000686645508,21.905000686645508,21.905000686645508,21.905000686645508,928.0
2024-07-03 12:42:00,ARDX,5.34499979019165,5.34499979019165,5.349899768829346,5.340000152587891,5.340000152587891,29399.0
2024-07-03 12:42:00,ARGX,435.3399963378906,435.3399963378906,435.3399963378906,435.3399963378906,435.3399963378906,579.0
2024-07-03 12:42:00,ARQT,9.600000381469727,9.600000381469727,9.609999656677246,9.595000267028809,9.595000267028809,12061.0
2024-07-03 12:42:00,ARVN,23.93000030517578,23.93000030517578,23.93000030517578,23.8799991607666,23.8799991607666,2032.0
2024-07-03 12:42:00,ARWR,24.899999618530273,24.899999618530273,24.899999618530273,24.889999389648438,24.899999618530273,930.0
2024-07-03 12:42:00,ASRT,1.3324999809265137,1.3324999809265137,1.3324999809265137,1.3300000429153442,1.3300000429153442,659.0
2024-07-03 12:42:00,ATAI,1.284999966621399,1.284999966621399,1.2864999771118164,1.284999966621399,1.284999966621399,3668.0
2024-07-03 12:42:00,ATOS,1.1699999570846558,1.1699999570846558,1.1699999570846558,1.159999966621399,1.159999966621399,515.0
2024-07-03 12:42:00,ATRC,22.3799991607666,22.3799991607666,22.3799991607666,22.3799991607666,22.3799991607666,467.0
2024-07-03 12:42:00,ATXS,9.069999694824219,9.069999694824219,9.069999694824219,9.0600004196167,9.0600004196167,1187.0
2024-07-03 12:42:00,AUGX,0.9987999796867371,0.9987999796867371,0.9987999796867371,0.9987999796867371,0.9987999796867371,600.0
2024-07-03 12:42:00,AUPH,5.474999904632568,5.474999904632568,5.474999904632568,5.46999979019165,5.46999979019165,807.0
2024-07-03 12:42:00,AUTL,3.444999933242798,3.444999933242798,3.444999933242798,3.444999933242798,3.444999933242798,2380.0
2024-07-03 12:42:00,AVDL,14.460000038146973,14.460000038146973,14.470000267028809,14.449999809265137,14.46500015258789,5276.0
2024-07-03 12:42:00,AVGR,1.7899999618530273,1.7899999618530273,1.7899999618530273,1.7899999618530273,1.7899999618530273,403.0
2024-07-03 12:42:00,AVIR,3.2750000953674316,3.2750000953674316,3.2799999713897705,3.2750000953674316,3.2799999713897705,2780.0
2024-07-03 12:42:00,AVTE,1.6706000566482544,1.6706000566482544,1.6706000566482544,1.6706000566482544,1.6706000566482544,128.0
2024-07-03 12:42:00,AVXL,4.125,4.125,4.125,4.125,4.125,805.0
2024-07-03 12:42:00,AWH,0.9387000203132629,0.9387000203132629,0.948199987411499,0.9387000203132629,0.948199987411499,500.0
2024-07-03 12:42:00,AXGN,7.559999942779541,7.559999942779541,7.559999942779541,7.545000076293945,7.550000190734863,4418.0
2024-07-03 12:42:00,AXNX,67.46499633789062,67.46499633789062,67.4800033569336,67.46499633789062,67.4800033569336,430.0
2024-07-03 12:42:00,AZN,76.82499694824219,76.82499694824219,76.82499694824219,76.80999755859375,76.80999755859375,8273.0
2024-07-03 12:42:00,AZTA,52.41999816894531,52.41999816894531,52.41999816894531,52.41999816894531,52.41999816894531,238.0
2024-07-03 12:42:00,BACK,1.6799999475479126,1.6799999475479126,1.6799999475479126,1.6799999475479126,1.6799999475479126,200.0
2024-07-03 12:42:00,BBIO,25.149999618530273,25.149999618530273,25.149999618530273,25.149999618530273,25.149999618530273,1826.0
2024-07-03 12:42:00,BCAB,1.4049999713897705,1.4049999713897705,1.4049999713897705,1.4049999713897705,1.4049999713897705,602.0
2024-07-03 12:42:00,BCRX,6.440000057220459,6.440000057220459,6.445000171661377,6.440000057220459,6.440000057220459,4193.0
2024-07-03 12:42:00,BDSX,1.6200000047683716,1.6200000047683716,1.6200000047683716,1.6200000047683716,1.6200000047683716,10234.0
2024-07-03 12:42:00,BEAM,23.59000015258789,23.59000015258789,23.59000015258789,23.579999923706055,23.579999923706055,726.0
2024-07-03 12:42:00,BGNE,147.7550048828125,147.7550048828125,147.9824981689453,147.7550048828125,147.9824981689453,1416.0
2024-07-03 12:42:00,BGXX,0.2734000086784363,0.2734000086784363,0.2734000086784363,0.27300000190734863,0.2732999920845032,1847.0
2024-07-03 12:42:00,BIIB,223.7899932861328,223.7899932861328,223.7899932861328,223.72999572753906,223.72999572753906,1614.0
2024-07-03 12:42:00,BIVI,0.4172999858856201,0.4172999858856201,0.4172999858856201,0.4172999858856201,0.4172999858856201,597.0
2024-07-03 12:42:00,BLUE,0.9142000079154968,0.9142000079154968,0.9142000079154968,0.9125999808311462,0.9125999808311462,26476.0
2024-07-03 12:42:00,BMEA,4.349999904632568,4.349999904632568,4.349999904632568,4.34499979019165,4.34499979019165,883.0
2024-07-03 12:42:00,BMRN,80.7249984741211,80.7249984741211,80.75,80.7249984741211,80.7249984741211,1752.0
2024-07-03 12:42:00,BNGO,0.5774999856948853,0.5774999856948853,0.5774999856948853,0.5774000287055969,0.5774000287055969,12196.0
2024-07-03 12:42:00,BNTX,80.0199966430664,80.0199966430664,80.0199966430664,80.0199966430664,80.0199966430664,856.0
2024-07-03 12:42:00,BRKR,61.654998779296875,61.654998779296875,61.66999816894531,61.630001068115234,61.630001068115234,3985.0
2024-07-03 12:42:00,BTAI,1.0750000476837158,1.0750000476837158,1.0799000263214111,1.0750000476837158,1.0799000263214111,1158.0
2024-07-03 12:42:00,BVS,5.949999809265137,5.949999809265137,5.96999979019165,5.949999809265137,5.96999979019165,8510.0
2024-07-03 12:42:00,CABA,7.5,7.5,7.505000114440918,7.489999771118164,7.489999771118164,4900.0
2024-07-03 12:42:00,CADL,6.239999771118164,6.239999771118164,6.239999771118164,6.239999771118164,6.239999771118164,403.0
2024-07-03 12:42:00,CAPR,4.809999942779541,4.809999942779541,4.829999923706055,4.809999942779541,4.809999942779541,1149.0
2024-07-03 12:42:00,CARA,0.2800999879837036,0.2800999879837036,0.28360000252723694,0.2800999879837036,0.28360000252723694,693.0
2024-07-03 12:42:00,CCCC,4.539999961853027,4.539999961853027,4.554999828338623,4.539899826049805,4.554999828338623,7899.0
2024-07-03 12:42:00,CDMO,7.795000076293945,7.795000076293945,7.809999942779541,7.789999961853027,7.809999942779541,8520.0
2024-07-03 12:42:00,CDNA,15.069999694824219,15.069999694824219,15.079999923706055,15.069999694824219,15.079999923706055,1674.0
2024-07-03 12:42:00,CDXC,2.515000104904175,2.515000104904175,2.515000104904175,2.515000104904175,2.515000104904175,207.0
2024-07-03 12:42:00,CERE,40.2599983215332,40.2599983215332,40.27000045776367,40.22999954223633,40.23500061035156,11241.0
2024-07-03 12:42:00,CERS,1.715000033378601,1.715000033378601,1.7200000286102295,1.715000033378601,1.7200000286102295,1634.0
2024-07-03 12:42:00,CERT,13.8100004196167,13.8100004196167,13.819999694824219,13.8100004196167,13.819999694824219,1293.0
2024-07-03 12:42:00,CGC,6.54010009765625,6.54010009765625,6.549799919128418,6.54010009765625,6.5416998863220215,895.0
2024-07-03 12:42:00,CGEM,16.655000686645508,16.655000686645508,16.655000686645508,16.655000686645508,16.655000686645508,1120.0
2024-07-03 12:42:00,CGEN,1.649999976158142,1.649999976158142,1.649999976158142,1.649999976158142,1.649999976158142,1344.0
2024-07-03 12:42:00,CGTX,1.75,1.75,1.75,1.75,1.75,1602.0
2024-07-03 12:42:00,CHRS,1.3849999904632568,1.3849999904632568,1.3849999904632568,1.3849999904632568,1.3849999904632568,2911.0
2024-07-03 12:42:00,CING,0.33000001311302185,0.33000001311302185,0.33000001311302185,0.3190000057220459,0.3190000057220459,7815.0
2024-07-03 12:42:00,CLDX,36.04499816894531,36.04499816894531,36.04499816894531,35.9900016784668,35.9900016784668,2545.0
2024-07-03 12:42:00,CLOV,1.25,1.25,1.2582000494003296,1.25,1.25,932.0
2024-07-03 12:42:00,CMAX,2.299999952316284,2.299999952316284,2.299999952316284,2.2799999713897705,2.2799999713897705,1438.0
2024-07-03 12:42:00,CMPS,6.239999771118164,6.239999771118164,6.239999771118164,6.230000019073486,6.230000019073486,897.0
2024-07-03 12:42:00,CMPX,0.8356000185012817,0.8356000185012817,0.8356000185012817,0.8270000219345093,0.8349999785423279,2027.0
2024-07-03 12:42:00,CMRX,0.8633000254631042,0.8633000254631042,0.8633000254631042,0.8633000254631042,0.8633000254631042,415.0
2024-07-03 12:42:00,CNSP,1.4299999475479126,1.4299999475479126,1.440000057220459,1.409999966621399,1.4199999570846558,27374.0
2024-07-03 12:42:00,CNTX,1.7899999618530273,1.7899999618530273,1.7899999618530273,1.7897000312805176,1.7899999618530273,1723.0
2024-07-03 12:42:00,COGT,8.369999885559082,8.369999885559082,8.380000114440918,8.359999656677246,8.380000114440918,1457.0
2024-07-03 12:42:00,CORT,30.3700008392334,30.3700008392334,30.3700008392334,30.3700008392334,30.3700008392334,197.0
2024-07-03 12:42:00,CPRX,15.359999656677246,15.359999656677246,15.359999656677246,15.359999656677246,15.359999656677246,691.0
2024-07-03 12:42:00,CRBU,1.5800000429153442,1.5800000429153442,1.5800000429153442,1.5750000476837158,1.5750000476837158,365.0
2024-07-03 12:42:00,CRDF,2.240000009536743,2.240000009536743,2.255000114440918,2.234999895095825,2.25,8863.0
2024-07-03 12:42:00,CRON,2.309999942779541,2.309999942779541,2.315000057220459,2.309999942779541,2.315000057220459,5324.0
2024-07-03 12:42:00,CRSP,53.935001373291016,53.935001373291016,53.935001373291016,53.935001373291016,53.935001373291016,1201.0
2024-07-03 12:42:00,CSTL,21.05500030517578,21.05500030517578,21.05500030517578,21.05500030517578,21.05500030517578,195.0
2024-07-03 12:42:00,CTKB,5.59499979019165,5.59499979019165,5.599999904632568,5.59499979019165,5.599999904632568,1239.0
2024-07-03 12:42:00,CTXR,0.5,0.5,0.5,0.49889999628067017,0.49889999628067017,13660.0
2024-07-03 12:42:00,CUE,0.9817000031471252,0.9817000031471252,0.9817000031471252,0.9817000031471252,0.9817000031471252,1580.0
2024-07-03 12:42:00,CUTR,1.2949999570846558,1.2949999570846558,1.2949999570846558,1.2949999570846558,1.2949999570846558,573.0
2024-07-03 12:42:00,CVAC,3.20989990234375,3.20989990234375,3.2200000286102295,3.200000047683716,3.2149999141693115,24397.0
2024-07-03 12:42:00,CYTK,54.28499984741211,54.28499984741211,54.28499984741211,54.279998779296875,54.279998779296875,2523.0
2024-07-03 12:42:00,DARE,3.055000066757202,3.055000066757202,3.055000066757202,3.055000066757202,3.055000066757202,322.0
2024-07-03 12:42:00,DAWN,13.359999656677246,13.359999656677246,13.359999656677246,13.350000381469727,13.359999656677246,1885.0
2024-07-03 12:42:00,DH,5.369999885559082,5.369999885559082,5.375,5.369999885559082,5.375,543.0
2024-07-03 12:42:00,DNLI,21.450000762939453,21.450000762939453,21.489999771118164,21.450000762939453,21.489999771118164,7521.0
2024-07-03 12:42:00,DSGN,3.25,3.25,3.25,3.25,3.25,551.0
2024-07-03 12:42:00,DVAX,11.079999923706055,11.079999923706055,11.079999923706055,11.079999923706055,11.079999923706055,2085.0
2024-07-03 12:42:00,DXCM,111.25499725341797,111.25499725341797,111.25499725341797,111.0999984741211,111.12999725341797,5703.0
2024-07-03 12:42:00,DYN,33.85499954223633,33.85499954223633,33.85499954223633,33.85499954223633,33.85499954223633,397.0
2024-07-03 12:42:00,EDIT,4.644999980926514,4.644999980926514,4.644999980926514,4.644999980926514,4.644999980926514,1911.0
2024-07-03 12:42:00,ELEV,2.6549999713897705,2.6549999713897705,2.6549999713897705,2.6549999713897705,2.6549999713897705,1279.0
2024-07-03 12:42:00,ELYM,6.71999979019165,6.71999979019165,6.71999979019165,6.71999979019165,6.71999979019165,410.0
2024-07-03 12:42:00,EMBC,11.9350004196167,11.9350004196167,11.9350004196167,11.9350004196167,11.9350004196167,877.0
2024-07-03 12:42:00,ENSG,126.7300033569336,126.7300033569336,126.7300033569336,126.7300033569336,126.7300033569336,1724.0
2024-07-03 12:42:00,ENTA,13.100000381469727,13.100000381469727,13.109999656677246,13.100000381469727,13.109999656677246,534.0
2024-07-03 12:42:00,ENTX,1.6449999809265137,1.6449999809265137,1.6449999809265137,1.6449999809265137,1.6449999809265137,495.0
2024-07-03 12:42:00,ERAS,2.2100000381469727,2.2100000381469727,2.2100000381469727,2.2100000381469727,2.2100000381469727,836.0
2024-07-03 12:42:00,ESPR,2.369999885559082,2.369999885559082,2.369999885559082,2.365000009536743,2.365000009536743,12231.0
2024-07-03 12:42:00,EVAX,3.140000104904175,3.140000104904175,3.190000057220459,3.140000104904175,3.190000057220459,3532.0
2024-07-03 12:42:00,EWTX,18.649999618530273,18.649999618530273,18.649999618530273,18.3799991607666,18.600000381469727,11260.0
2024-07-03 12:42:00,EXAI,5.461999893188477,5.461999893188477,5.471199989318848,5.461999893188477,5.471199989318848,682.0
2024-07-03 12:42:00,EXAS,43.2400016784668,43.2400016784668,43.25,43.22999954223633,43.2400016784668,6732.0
2024-07-03 12:42:00,EXEL,21.875,21.875,21.875,21.8700008392334,21.875,2252.0
2024-07-03 12:42:00,EYPT,8.720000267028809,8.720000267028809,8.720000267028809,8.720000267028809,8.720000267028809,1360.0
2024-07-03 12:42:00,FATE,3.1600000858306885,3.1600000858306885,3.1649999618530273,3.1600000858306885,3.1649999618530273,1348.0
2024-07-03 12:42:00,FBIO,1.7899999618530273,1.7899999618530273,1.7899999618530273,1.7899999618530273,1.7899999618530273,200.0
2024-07-03 12:42:00,FDMT,20.729999542236328,20.729999542236328,20.790000915527344,20.729999542236328,20.790000915527344,967.0
2024-07-03 12:42:00,FEMY,1.1050000190734863,1.1050000190734863,1.1050000190734863,1.1050000190734863,1.1050000190734863,3478.0
2024-07-03 12:42:00,FLGC,0.9747999906539917,0.9747999906539917,0.9747999906539917,0.9747999906539917,0.9747999906539917,267.0
2024-07-03 12:42:00,FLGT,20.030000686645508,20.030000686645508,20.030000686645508,20.030000686645508,20.030000686645508,1052.0
2024-07-03 12:42:00,FOLD,9.859999656677246,9.859999656677246,9.864999771118164,9.859999656677246,9.864999771118164,1156.0
2024-07-03 12:42:00,FULC,6.119999885559082,6.119999885559082,6.125,6.119999885559082,6.125,387.0
2024-07-03 12:42:00,GDRX,7.789999961853027,7.789999961853027,7.789999961853027,7.789999961853027,7.789999961853027,847.0
2024-07-03 12:42:00,GENE,1.3899999856948853,1.3899999856948853,1.3899999856948853,1.3899999856948853,1.3899999856948853,0.0
2024-07-03 12:42:00,GERN,4.324999809265137,4.324999809265137,4.329999923706055,4.324999809265137,4.324999809265137,3607.0
2024-07-03 12:42:00,GH,28.350000381469727,28.350000381469727,28.354999542236328,28.350000381469727,28.354999542236328,633.0
2024-07-03 12:42:00,GHRS,11.949999809265137,11.949999809265137,12.020000457763672,11.949999809265137,12.020000457763672,300.0
2024-07-03 12:42:00,GILD,66.94000244140625,66.94000244140625,66.9800033569336,66.89089965820312,66.91000366210938,188440.0
2024-07-03 12:42:00,GLPG,24.920000076293945,24.920000076293945,24.949399948120117,24.889999389648438,24.920000076293945,2526.0
2024-07-03 12:42:00,GLUE,3.7899999618530273,3.7899999618530273,3.8499999046325684,3.7899999618530273,3.8499999046325684,5081.0
2024-07-03 12:42:00,GMAB,25.139999389648438,25.139999389648438,25.139999389648438,25.139999389648438,25.139999389648438,384.0
2024-07-03 12:42:00,GOSS,0.9855999946594238,0.9855999946594238,0.9896000027656555,0.9855999946594238,0.9896000027656555,1559.0
2024-07-03 12:42:00,GRFS,6.664999961853027,6.664999961853027,6.664999961853027,6.659999847412109,6.660099983215332,1238.0
2024-07-03 12:42:00,GRTS,0.5787000060081482,0.5787000060081482,0.5787000060081482,0.5787000060081482,0.5787000060081482,600.0
2024-07-03 12:42:00,GTHX,2.5950000286102295,2.5950000286102295,2.5950000286102295,2.5950000286102295,2.5950000286102295,599.0
2024-07-03 12:42:00,HALO,52.23500061035156,52.23500061035156,52.2599983215332,52.23500061035156,52.2599983215332,2220.0
2024-07-03 12:42:00,HCAT,6.179999828338623,6.179999828338623,6.190000057220459,6.179999828338623,6.190000057220459,1195.0
2024-07-03 12:42:00,HCSG,10.625,10.625,10.664999961853027,10.614999771118164,10.664999961853027,3019.0
2024-07-03 12:42:00,HITI,2.134999990463257,2.134999990463257,2.134999990463257,2.134999990463257,2.134999990463257,0.0
2024-07-03 12:42:00,HLVX,14.239999771118164,14.239999771118164,14.239999771118164,14.239999771118164,14.239999771118164,793.0
2024-07-03 12:42:00,HOLX,73.33999633789062,73.33999633789062,73.33999633789062,73.2925033569336,73.31500244140625,5444.0
2024-07-03 12:42:00,HRMY,30.799999237060547,30.799999237060547,30.799999237060547,30.7549991607666,30.7549991607666,991.0
2024-07-03 12:42:00,HRTX,2.7200000286102295,2.7200000286102295,2.7300000190734863,2.7200000286102295,2.7200000286102295,3762.0
2024-07-03 12:42:00,HSIC,65.06999969482422,65.06999969482422,65.07499694824219,65.0250015258789,65.05000305175781,10956.0
2024-07-03 12:42:00,HUMA,5.769999980926514,5.769999980926514,5.775000095367432,5.769999980926514,5.775000095367432,7235.0
2024-07-03 12:42:00,IART,28.655000686645508,28.655000686645508,28.655000686645508,28.607500076293945,28.610000610351562,2460.0
2024-07-03 12:42:00,IBRX,6.260000228881836,6.260000228881836,6.260000228881836,6.257999897003174,6.260000228881836,2134.0
2024-07-03 12:42:00,IDXX,479.2200012207031,479.2200012207031,479.25,478.4599914550781,478.5150146484375,16092.0
2024-07-03 12:42:00,IKNA,1.649999976158142,1.649999976158142,1.649999976158142,1.649999976158142,1.649999976158142,319.0
2024-07-03 12:42:00,IKT,1.1699999570846558,1.1699999570846558,1.2100000381469727,1.159999966621399,1.159999966621399,806.0
2024-07-03 12:42:00,ILMN,105.83000183105469,105.83000183105469,105.83000183105469,105.62999725341797,105.66000366210938,6275.0
2024-07-03 12:42:00,IMCR,35.959999084472656,35.959999084472656,35.959999084472656,35.959999084472656,35.959999084472656,212.0
2024-07-03 12:42:00,IMMX,2.3299999237060547,2.3299999237060547,2.3299999237060547,2.319999933242798,2.325000047683716,3527.0
2024-07-03 12:42:00,IMNM,12.09000015258789,12.09000015258789,12.100000381469727,12.088199615478516,12.09000015258789,1983.0
2024-07-03 12:42:00,IMRN,2.0199999809265137,2.0199999809265137,2.0199999809265137,2.0199999809265137,2.0199999809265137,50.0
2024-07-03 12:42:00,IMUX,1.149999976158142,1.149999976158142,1.149999976158142,1.149999976158142,1.149999976158142,16.0
2024-07-03 12:42:00,IMVT,26.040000915527344,26.040000915527344,26.040000915527344,26.02899932861328,26.02899932861328,4288.0
2024-07-03 12:42:00,INBX,13.34000015258789,13.34000015258789,13.34000015258789,13.34000015258789,13.34000015258789,366.0
2024-07-03 12:42:00,INCR,2.119999885559082,2.119999885559082,2.119999885559082,2.109999895095825,2.109999895095825,1824.0
2024-07-03 12:42:00,INCY,57.650001525878906,57.650001525878906,57.650001525878906,57.630001068115234,57.650001525878906,11405.0
2024-07-03 12:42:00,INGN,8.029999732971191,8.029999732971191,8.029999732971191,8.029999732971191,8.029999732971191,877.0
2024-07-03 12:42:00,INMB,7.940000057220459,7.940000057220459,7.96999979019165,7.940000057220459,7.96999979019165,883.0
2024-07-03 12:42:00,INMD,17.540000915527344,17.540000915527344,17.56999969482422,17.540000915527344,17.56999969482422,2959.0
2024-07-03 12:42:00,INO,8.350000381469727,8.350000381469727,8.354999542236328,8.350000381469727,8.354999542236328,939.0
2024-07-03 12:42:00,INSM,62.2599983215332,62.2599983215332,62.27000045776367,62.20000076293945,62.22999954223633,6458.0
2024-07-03 12:42:00,IONS,45.275001525878906,45.275001525878906,45.275001525878906,45.275001525878906,45.275001525878906,2164.0
2024-07-03 12:42:00,IOVA,7.349899768829346,7.349899768829346,7.369999885559082,7.340000152587891,7.364999771118164,43891.0
2024-07-03 12:42:00,IPSC,2.2300000190734863,2.2300000190734863,2.2300000190734863,2.2300000190734863,2.2300000190734863,496.0
2024-07-03 12:42:00,IRTC,96.04000091552734,96.04000091552734,96.04499816894531,96.01000213623047,96.01000213623047,751.0
2024-07-03 12:42:00,IRWD,6.085000038146973,6.085000038146973,6.090000152587891,6.079999923706055,6.079999923706055,24902.0
2024-07-03 12:42:00,ISRG,434.80999755859375,434.80999755859375,434.80999755859375,434.1199951171875,434.20001220703125,7447.0
2024-07-03 12:42:00,ITCI,69.08999633789062,69.08999633789062,69.08999633789062,69.08999633789062,69.08999633789062,759.0
2024-07-03 12:42:00,IVVD,1.0950000286102295,1.0950000286102295,1.0950000286102295,1.0950000286102295,1.0950000286102295,300.0
2024-07-03 12:42:00,JANX,38.15999984741211,38.15999984741211,38.15999984741211,38.15999984741211,38.15999984741211,606.0
2024-07-03 12:42:00,JAZZ,103.10690307617188,103.10690307617188,103.22000122070312,103.06999969482422,103.22000122070312,3914.0
2024-07-03 12:42:00,JSPR,22.420000076293945,22.420000076293945,22.450000762939453,22.420000076293945,22.450000762939453,336.0
2024-07-03 12:42:00,KALV,11.6899995803833,11.6899995803833,11.6899995803833,11.6899995803833,11.6899995803833,735.0
2024-07-03 12:42:00,KMDA,5.099999904632568,5.099999904632568,5.110000133514404,5.099999904632568,5.110000133514404,700.0
2024-07-03 12:42:00,KNSA,18.979999542236328,18.979999542236328,18.979999542236328,18.979999542236328,18.979999542236328,997.0
2024-07-03 12:42:00,KROS,42.45500183105469,42.45500183105469,42.45500183105469,42.45500183105469,42.45500183105469,209.0
2024-07-03 12:42:00,KURA,20.104999542236328,20.104999542236328,20.104999542236328,20.100000381469727,20.100000381469727,761.0
2024-07-03 12:42:00,KYMR,30.15999984741211,30.15999984741211,30.170000076293945,30.15999984741211,30.170000076293945,2371.0
2024-07-03 12:42:00,KZR,0.5766000151634216,0.5766000151634216,0.5766000151634216,0.5766000151634216,0.5766000151634216,1077.0
2024-07-03 12:42:00,LAB,1.8650000095367432,1.8650000095367432,1.8700000047683716,1.8650000095367432,1.8650000095367432,5044.0
2024-07-03 12:42:00,LBPH,32.08000183105469,32.08000183105469,32.08000183105469,32.02000045776367,32.060001373291016,921.0
2024-07-03 12:42:00,LEGN,46.02000045776367,46.02000045776367,46.02000045776367,46.0,46.0,891.0
2024-07-03 12:42:00,LFMD,6.800000190734863,6.800000190734863,6.800000190734863,6.800000190734863,6.800000190734863,336.0
2024-07-03 12:42:00,LFST,5.110000133514404,5.110000133514404,5.119999885559082,5.110000133514404,5.119999885559082,1174.0
2024-07-03 12:42:00,LGVN,1.6150000095367432,1.6150000095367432,1.6198999881744385,1.6101000308990479,1.6102999448776245,2654.0
2024-07-03 12:42:00,LIVN,52.68000030517578,52.68000030517578,52.70000076293945,52.65999984741211,52.68000030517578,1718.0
2024-07-03 12:42:00,LMAT,81.2300033569336,81.2300033569336,81.2300033569336,81.2300033569336,81.2300033569336,149.0
2024-07-03 12:42:00,LPTX,1.8300000429153442,1.8300000429153442,1.840000033378601,1.8300000429153442,1.840000033378601,251.0
2024-07-03 12:42:00,LQDA,11.979999542236328,11.979999542236328,11.979999542236328,11.970000267028809,11.970000267028809,1881.0
2024-07-03 12:42:00,LRMR,7.71999979019165,7.71999979019165,7.71999979019165,7.71999979019165,7.71999979019165,350.0
2024-07-03 12:42:00,LTRN,4.320000171661377,4.320000171661377,4.320000171661377,4.300000190734863,4.320000171661377,1699.0
2024-07-03 12:42:00,LUCY,0.4634999930858612,0.4634999930858612,0.4634999930858612,0.4634999930858612,0.4634999930858612,366.0
2024-07-03 12:42:00,LUNG,6.329999923706055,6.329999923706055,6.340000152587891,6.309999942779541,6.309999942779541,2003.0
2024-07-03 12:42:00,LYEL,1.5049999952316284,1.5049999952316284,1.5049999952316284,1.5049999952316284,1.5049999952316284,798.0
2024-07-03 12:42:00,LYRA,0.2851000130176544,0.2851000130176544,0.2856999933719635,0.2847999930381775,0.2847999930381775,13940.0
2024-07-03 12:42:00,MASI,114.55999755859375,114.55999755859375,114.56999969482422,114.55999755859375,114.56999969482422,2112.0
2024-07-03 12:42:00,MBIO,0.49079999327659607,0.49079999327659607,0.49079999327659607,0.49079999327659607,0.49079999327659607,0.0
2024-07-03 12:42:00,MCRB,0.7317000031471252,0.7317000031471252,0.7343999743461609,0.7317000031471252,0.7318000197410583,36667.0
2024-07-03 12:42:00,MDWD,14.430000305175781,14.430000305175781,14.4399995803833,14.430000305175781,14.4399995803833,2134.0
2024-07-03 12:42:00,MDXG,6.789000034332275,6.789000034332275,6.789000034332275,6.784999847412109,6.784999847412109,893.0
2024-07-03 12:42:00,ME,0.4043999910354614,0.4043999910354614,0.4049000144004822,0.4016000032424927,0.4032999873161316,95065.0
2024-07-03 12:42:00,MEDS,17.67009925842285,17.67009925842285,17.67009925842285,17.67009925842285,17.67009925842285,320.0
2024-07-03 12:42:00,MGNX,4.170000076293945,4.170000076293945,4.170000076293945,4.159900188446045,4.159900188446045,9940.0
2024-07-03 12:42:00,MGTX,4.005000114440918,4.005000114440918,4.010000228881836,3.990000009536743,4.0,2733.0
2024-07-03 12:42:00,MIRM,33.86000061035156,33.86000061035156,33.86000061035156,33.86000061035156,33.86000061035156,579.0
2024-07-03 12:42:00,MLTX,41.90999984741211,41.90999984741211,41.90999984741211,41.90999984741211,41.90999984741211,600.0
2024-07-03 12:42:00,MNKD,5.010000228881836,5.010000228881836,5.010000228881836,5.010000228881836,5.010000228881836,677.0
2024-07-03 12:42:00,MNMD,7.110000133514404,7.110000133514404,7.110000133514404,7.110000133514404,7.110000133514404,584.0
2024-07-03 12:42:00,MODD,1.399999976158142,1.399999976158142,1.399999976158142,1.399999976158142,1.399999976158142,300.0
2024-07-03 12:42:00,MORF,31.799999237060547,31.799999237060547,31.799999237060547,31.799999237060547,31.799999237060547,683.0
2024-07-03 12:42:00,MRNA,115.6500015258789,115.6500015258789,115.7300033569336,115.5999984741211,115.66999816894531,13259.0
2024-07-03 12:42:00,MRNS,1.2050000429153442,1.2050000429153442,1.2050000429153442,1.2050000429153442,1.2050000429153442,146.0
2024-07-03 12:42:00,MRSN,1.8450000286102295,1.8450000286102295,1.8450000286102295,1.8450000286102295,1.8450000286102295,1286.0
2024-07-03 12:42:00,MRUS,52.7599983215332,52.7599983215332,52.7599983215332,52.7599983215332,52.7599983215332,443.0
2024-07-03 12:42:00,MRVI,7.014999866485596,7.014999866485596,7.014999866485596,7.010000228881836,7.014999866485596,941.0
2024-07-03 12:42:00,MXCT,3.700000047683716,3.700000047683716,3.7100000381469727,3.694999933242798,3.7100000381469727,17305.0
2024-07-03 12:42:00,NARI,49.849998474121094,49.849998474121094,49.849998474121094,49.84000015258789,49.84000015258789,482.0
2024-07-03 12:42:00,NBIX,138.0500030517578,138.0500030517578,138.0500030517578,138.0399932861328,138.0399932861328,438.0
2024-07-03 12:42:00,NDRA,0.09109999984502792,0.09109999984502792,0.09109999984502792,0.09109999984502792,0.09109999984502792,8286.0
2024-07-03 12:42:00,NEO,13.718999862670898,13.718999862670898,13.718999862670898,13.718999862670898,13.718999862670898,276.0
2024-07-03 12:42:00,NEOG,15.104999542236328,15.104999542236328,15.109999656677246,15.104999542236328,15.109999656677246,2023.0
2024-07-03 12:42:00,NKTR,1.284999966621399,1.284999966621399,1.2949999570846558,1.284999966621399,1.2899999618530273,14762.0
2024-07-03 12:42:00,NNOX,7.039999961853027,7.039999961853027,7.039999961853027,7.039999961853027,7.039999961853027,431.0
2024-07-03 12:42:00,NOTV,1.6549999713897705,1.6549999713897705,1.6549999713897705,1.6548999547958374,1.6548999547958374,1220.0
2024-07-03 12:42:00,NRC,22.989999771118164,22.989999771118164,22.989999771118164,22.940000534057617,22.959999084472656,2933.0
2024-07-03 12:42:00,NRIX,19.440000534057617,19.440000534057617,19.440000534057617,19.440000534057617,19.440000534057617,1449.0
2024-07-03 12:42:00,NTLA,22.80500030517578,22.80500030517578,22.809999465942383,22.80500030517578,22.809999465942383,1619.0
2024-07-03 12:42:00,NTRA,111.7300033569336,111.7300033569336,111.7300033569336,111.66000366210938,111.7300033569336,5469.0
2024-07-03 12:42:00,NTRB,5.683499813079834,5.683499813079834,5.730000019073486,5.683499813079834,5.683499813079834,1377.0
2024-07-03 12:42:00,NUVL,72.37000274658203,72.37000274658203,72.37000274658203,72.33999633789062,72.33999633789062,752.0
2024-07-03 12:42:00,NVAX,12.46500015258789,12.46500015258789,12.5,12.46500015258789,12.5,14772.0
2024-07-03 12:42:00,NVCR,16.979999542236328,16.979999542236328,16.979999542236328,16.860000610351562,16.860000610351562,4740.0
2024-07-03 12:42:00,NVCT,6.199999809265137,6.199999809265137,6.21999979019165,6.179999828338623,6.210000038146973,2020.0
2024-07-03 12:42:00,NVOS,0.7649000287055969,0.7649000287055969,0.7649000287055969,0.7649000287055969,0.7649000287055969,100.0
2024-07-03 12:42:00,NXL,1.4500000476837158,1.4500000476837158,1.4500000476837158,1.4299999475479126,1.4299999475479126,0.0
2024-07-03 12:42:00,NXTC,1.600000023841858,1.600000023841858,1.600000023841858,1.600000023841858,1.600000023841858,496.0
2024-07-03 12:42:00,OCUL,6.659999847412109,6.659999847412109,6.659999847412109,6.610000133514404,6.610000133514404,10491.0
2024-07-03 12:42:00,OFIX,13.520000457763672,13.520000457763672,13.520000457763672,13.520000457763672,13.520000457763672,248.0
2024-07-03 12:42:00,OLK,25.739999771118164,25.739999771118164,25.739999771118164,25.739999771118164,25.739999771118164,163.0
2024-07-03 12:42:00,OLMA,10.515000343322754,10.515000343322754,10.515000343322754,10.510000228881836,10.510000228881836,217.0
2024-07-03 12:42:00,OM,3.875,3.875,3.875,3.869999885559082,3.875,2212.0
2024-07-03 12:42:00,OMCL,26.719999313354492,26.719999313354492,26.719999313354492,26.684999465942383,26.700000762939453,2632.0
2024-07-03 12:42:00,OMER,3.880000114440918,3.880000114440918,3.880000114440918,3.880000114440918,3.880000114440918,590.0
2024-07-03 12:42:00,OMGA,1.8899999856948853,1.8899999856948853,1.8899999856948853,1.8899999856948853,1.8899999856948853,1087.0
2024-07-03 12:43:00,ABCL,2.700000047683716,2.700000047683716,2.700000047683716,2.694999933242798,2.694999933242798,593.0
2024-07-03 12:43:00,ABEO,4.309999942779541,4.309999942779541,4.309999942779541,4.309999942779541,4.309999942779541,945.0
2024-07-03 12:43:00,ABIO,3.4500999450683594,3.4500999450683594,3.4500999450683594,3.450000047683716,3.4500999450683594,5338.0
2024-07-03 12:43:00,ABSI,3.194999933242798,3.194999933242798,3.194999933242798,3.194999933242798,3.194999933242798,289.0
2024-07-03 12:43:00,ABUS,3.1549999713897705,3.1549999713897705,3.1600000858306885,3.1549999713897705,3.1549999713897705,5625.0
2024-07-03 12:43:00,ACAD,15.585000038146973,15.585000038146973,15.585000038146973,15.585000038146973,15.585000038146973,600.0
2024-07-03 12:43:00,ACCD,3.5899999141693115,3.5899999141693115,3.5950000286102295,3.5799999237060547,3.5950000286102295,5610.0
2024-07-03 12:43:00,ACET,1.0800000429153442,1.0800000429153442,1.089900016784668,1.0800000429153442,1.089900016784668,1369.0
2024-07-03 12:43:00,ACHC,66.81999969482422,66.81999969482422,66.81999969482422,66.81999969482422,66.81999969482422,572.0
2024-07-03 12:43:00,ACLX,54.470001220703125,54.470001220703125,54.470001220703125,54.470001220703125,54.470001220703125,503.0
2024-07-03 12:43:00,ACRS,1.149999976158142,1.149999976158142,1.1549999713897705,1.1399999856948853,1.149999976158142,11642.0
2024-07-03 12:43:00,ADAG,2.8980000019073486,2.8980000019073486,2.8980000019073486,2.8980000019073486,2.8980000019073486,200.0
2024-07-03 12:43:00,ADMA,11.349900245666504,11.349900245666504,11.359999656677246,11.3100004196167,11.3149995803833,59980.0
2024-07-03 12:43:00,ADPT,3.4149999618530273,3.4149999618530273,3.4149999618530273,3.4149999618530273,3.4149999618530273,398.0
2024-07-03 12:43:00,AEMD,0.40560001134872437,0.40560001134872437,0.4072999954223633,0.40560001134872437,0.4065999984741211,10512.0
2024-07-03 12:43:00,AGEN,14.25,14.25,14.279999732971191,14.25,14.25,2341.0
2024-07-03 12:43:00,AHCO,9.795000076293945,9.795000076293945,9.795000076293945,9.789999961853027,9.789999961853027,2702.0
2024-07-03 12:43:00,AIMD,1.0,1.0,1.0199999809265137,0.9800000190734863,1.0091999769210815,38689.0
2024-07-03 12:43:00,AIRS,4.0,4.0,4.03000020980835,4.0,4.03000020980835,1610.0
2024-07-03 12:43:00,AKBA,0.9528999924659729,0.9528999924659729,0.9528999924659729,0.9524999856948853,0.9524999856948853,531.0
2024-07-03 12:43:00,AKYA,2.125,2.125,2.130000114440918,2.119800090789795,2.119800090789795,4979.0
2024-07-03 12:43:00,ALDX,3.180000066757202,3.180000066757202,3.180000066757202,3.180000066757202,3.180000066757202,560.0
2024-07-03 12:43:00,ALEC,4.414999961853027,4.414999961853027,4.414999961853027,4.409999847412109,4.414999961853027,787.0
2024-07-03 12:43:00,ALGN,241.6699981689453,241.6699981689453,241.97999572753906,241.6699981689453,241.97999572753906,1269.0
2024-07-03 12:43:00,ALHC,7.985000133514404,7.985000133514404,7.985000133514404,7.985000133514404,7.985000133514404,142.0
2024-07-03 12:43:00,ALIM,5.519999980926514,5.519999980926514,5.519999980926514,5.519999980926514,5.519999980926514,1398.0
2024-07-03 12:43:00,ALKS,24.219999313354492,24.219999313354492,24.219999313354492,24.219999313354492,24.219999313354492,2234.0
2024-07-03 12:43:00,ALLK,0.8288999795913696,0.8288999795913696,0.8288999795913696,0.8288000226020813,0.8288999795913696,730.0
2024-07-03 12:43:00,ALLO,2.0950000286102295,2.0950000286102295,2.097399950027466,2.0899999141693115,2.097399950027466,2439.0
2024-07-03 12:43:00,ALNY,246.11000061035156,246.11000061035156,246.16000366210938,246.0,246.0,6158.0
2024-07-03 12:43:00,ALT,6.553999900817871,6.553999900817871,6.569900035858154,6.550000190734863,6.565000057220459,11122.0
2024-07-03 12:43:00,ALVR,0.7372000217437744,0.7372000217437744,0.7372000217437744,0.7350000143051147,0.7350000143051147,2314.0
2024-07-03 12:43:00,ALXO,5.679999828338623,5.679999828338623,5.690000057220459,5.679999828338623,5.690000057220459,2449.0
2024-07-03 12:43:00,AMED,97.16999816894531,97.16999816894531,97.22000122070312,97.16999816894531,97.22000122070312,4535.0
2024-07-03 12:43:00,AMGN,308.510009765625,308.510009765625,308.57000732421875,308.4549865722656,308.4549865722656,3663.0
2024-07-03 12:43:00,AMLX,1.7599999904632568,1.7599999904632568,1.7599999904632568,1.7599999904632568,1.7599999904632568,527.0
2024-07-03 12:43:00,AMPH,38.165000915527344,38.165000915527344,38.165000915527344,38.130001068115234,38.130001068115234,350.0
2024-07-03 12:43:00,AMRN,0.6894000172615051,0.6894000172615051,0.6894000172615051,0.6814000010490417,0.6814000010490417,628.0
2024-07-03 12:43:00,ANAB,24.989999771118164,24.989999771118164,25.0,24.979999542236328,25.0,2820.0
2024-07-03 12:43:00,ANGO,5.684999942779541,5.684999942779541,5.684999942779541,5.684999942779541,5.684999942779541,332.0
2024-07-03 12:43:00,ANIK,25.540000915527344,25.540000915527344,25.540000915527344,25.540000915527344,25.540000915527344,305.0
2024-07-03 12:43:00,ANIP,60.82500076293945,60.82500076293945,60.82500076293945,60.82500076293945,60.82500076293945,239.0
2024-07-03 12:43:00,ANNX,4.784999847412109,4.784999847412109,4.784999847412109,4.784999847412109,4.784999847412109,1951.0
2024-07-03 12:43:00,ANTX,2.5899999141693115,2.5899999141693115,2.5899999141693115,2.5899999141693115,2.5899999141693115,562.0
2024-07-03 12:43:00,APDN,0.40220001339912415,0.40220001339912415,0.40380001068115234,0.4018999934196472,0.4018999934196472,0.0
2024-07-03 12:43:00,APLS,35.17499923706055,35.17499923706055,35.23500061035156,35.17499923706055,35.23500061035156,1847.0
2024-07-03 12:43:00,APLT,4.340000152587891,4.340000152587891,4.34499979019165,4.340000152587891,4.340000152587891,4247.0
2024-07-03 12:43:00,APTO,0.7401999831199646,0.7401999831199646,0.7401999831199646,0.7401999831199646,0.7401999831199646,382.0
2024-07-03 12:43:00,APYX,1.3200000524520874,1.3200000524520874,1.3200000524520874,1.3200000524520874,1.3200000524520874,208.0
2024-07-03 12:43:00,AQST,2.4000000953674316,2.4000000953674316,2.4049999713897705,2.4000000953674316,2.4049999713897705,1604.0
2024-07-03 12:43:00,ARCT,21.81999969482422,21.81999969482422,21.920000076293945,21.81999969482422,21.920000076293945,2146.0
2024-07-03 12:43:00,ARDX,5.340000152587891,5.340000152587891,5.349999904632568,5.340000152587891,5.34499979019165,6880.0
2024-07-03 12:43:00,ARGX,435.3699951171875,435.3699951171875,435.3699951171875,435.1300048828125,435.1300048828125,2210.0
2024-07-03 12:43:00,ARQT,9.585000038146973,9.585000038146973,9.604999542236328,9.581000328063965,9.604999542236328,8515.0
2024-07-03 12:43:00,ARVN,23.924999237060547,23.924999237060547,23.924999237060547,23.924999237060547,23.924999237060547,187.0
2024-07-03 12:43:00,ARWR,24.8700008392334,24.8700008392334,24.899999618530273,24.8700008392334,24.8799991607666,2501.0
2024-07-03 12:43:00,ASND,134.74000549316406,134.74000549316406,134.92999267578125,134.74000549316406,134.85000610351562,3103.0
2024-07-03 12:43:00,ASRT,1.340000033378601,1.340000033378601,1.340000033378601,1.3300000429153442,1.3300000429153442,20908.0
2024-07-03 12:43:00,ATAI,1.2899999618530273,1.2899999618530273,1.2899999618530273,1.284999966621399,1.2899999618530273,8231.0
2024-07-03 12:43:00,ATEC,10.03499984741211,10.03499984741211,10.039899826049805,10.03499984741211,10.039899826049805,955.0
2024-07-03 12:43:00,ATRA,7.815000057220459,7.815000057220459,7.815000057220459,7.815000057220459,7.815000057220459,516.0
2024-07-03 12:43:00,ATRC,22.424999237060547,22.424999237060547,22.424999237060547,22.424999237060547,22.424999237060547,409.0
2024-07-03 12:43:00,ATRI,452.8349914550781,452.8349914550781,452.8349914550781,452.8349914550781,452.8349914550781,721.0
2024-07-03 12:43:00,ATXS,9.0649995803833,9.0649995803833,9.0649995803833,9.0649995803833,9.0649995803833,621.0
2024-07-03 12:43:00,AUGX,0.9958999752998352,0.9958999752998352,0.9958999752998352,0.9958999752998352,0.9958999752998352,4400.0
2024-07-03 12:43:00,AURA,6.920000076293945,6.920000076293945,6.940000057220459,6.920000076293945,6.940000057220459,811.0
2024-07-03 12:43:00,AUTL,3.444999933242798,3.444999933242798,3.444999933242798,3.444999933242798,3.444999933242798,2355.0
2024-07-03 12:43:00,AVAH,2.6600000858306885,2.6600000858306885,2.6600000858306885,2.6500000953674316,2.6500000953674316,2648.0
2024-07-03 12:43:00,AVDL,14.468999862670898,14.468999862670898,14.470000267028809,14.449999809265137,14.460000038146973,2572.0
2024-07-03 12:43:00,AVGR,1.7899999618530273,1.7899999618530273,1.7899999618530273,1.7899999618530273,1.7899999618530273,309.0
2024-07-03 12:43:00,AVTE,1.6749999523162842,1.6749999523162842,1.6749999523162842,1.6699999570846558,1.6720000505447388,1222.0
2024-07-03 12:43:00,AVTX,12.100000381469727,12.100000381469727,12.100000381469727,12.100000381469727,12.100000381469727,283.0
2024-07-03 12:43:00,AVXL,4.125,4.125,4.125,4.121200084686279,4.121200084686279,384.0
2024-07-03 12:43:00,AWH,0.9399999976158142,0.9399999976158142,0.9399999976158142,0.9399999976158142,0.9399999976158142,9700.0
2024-07-03 12:43:00,AXSM,79.93499755859375,79.93499755859375,79.93499755859375,79.93499755859375,79.93499755859375,187.0
2024-07-03 12:43:00,AZN,76.81500244140625,76.81500244140625,76.82499694824219,76.81500244140625,76.82499694824219,9802.0
2024-07-03 12:43:00,AZTA,52.40999984741211,52.40999984741211,52.40999984741211,52.40999984741211,52.40999984741211,711.0
2024-07-03 12:43:00,BBIO,25.1200008392334,25.1200008392334,25.15999984741211,25.1200008392334,25.15999984741211,2570.0
2024-07-03 12:43:00,BCAB,1.409999966621399,1.409999966621399,1.409999966621399,1.4049999713897705,1.409999966621399,1386.0
2024-07-03 12:43:00,BCRX,6.445000171661377,6.445000171661377,6.445000171661377,6.443399906158447,6.443399906158447,891.0
2024-07-03 12:43:00,BDSX,1.6100000143051147,1.6100000143051147,1.6200000047683716,1.6100000143051147,1.6200000047683716,515.0
2024-07-03 12:43:00,BDTX,4.360000133514404,4.360000133514404,4.360000133514404,4.355000019073486,4.355000019073486,1025.0
2024-07-03 12:43:00,BEAM,23.559999465942383,23.559999465942383,23.579999923706055,23.559999465942383,23.579999923706055,2472.0
2024-07-03 12:43:00,BGNE,147.93499755859375,147.93499755859375,147.93499755859375,147.93499755859375,147.93499755859375,254.0
2024-07-03 12:43:00,BIIB,223.85000610351562,223.85000610351562,223.8800048828125,223.7700958251953,223.82000732421875,2870.0
2024-07-03 12:43:00,BIMI,1.2599999904632568,1.2599999904632568,1.2599999904632568,1.2599999904632568,1.2599999904632568,300.0
2024-07-03 12:43:00,BJDX,0.6299999952316284,0.6299999952316284,0.6299999952316284,0.6299999952316284,0.6299999952316284,200.0
2024-07-03 12:43:00,BLRX,0.510200023651123,0.510200023651123,0.5178999900817871,0.510200023651123,0.5178999900817871,1473.0
2024-07-03 12:43:00,BLUE,0.9150999784469604,0.9150999784469604,0.9156000018119812,0.9143999814987183,0.9143999814987183,3851.0
2024-07-03 12:43:00,BMEA,4.340000152587891,4.340000152587891,4.34499979019165,4.329999923706055,4.34499979019165,25983.0
2024-07-03 12:43:00,BMRA,0.451200008392334,0.451200008392334,0.451200008392334,0.451200008392334,0.451200008392334,212.0
2024-07-03 12:43:00,BMRN,80.73999786376953,80.73999786376953,80.73999786376953,80.70999908447266,80.70999908447266,1010.0
2024-07-03 12:43:00,BNGO,0.5774999856948853,0.5774999856948853,0.5774999856948853,0.5774999856948853,0.5774999856948853,720.0
2024-07-03 12:43:00,BNTX,79.91000366210938,79.91000366210938,79.94249725341797,79.90499877929688,79.94249725341797,1029.0
2024-07-03 12:43:00,BPMC,109.68499755859375,109.68499755859375,109.8499984741211,109.68499755859375,109.8499984741211,1643.0
2024-07-03 12:43:00,BRKR,61.64500045776367,61.64500045776367,61.68000030517578,61.630001068115234,61.654998779296875,7938.0
2024-07-03 12:43:00,BTAI,1.0700000524520874,1.0700000524520874,1.0700000524520874,1.0700000524520874,1.0700000524520874,439.0
2024-07-03 12:43:00,BTMD,7.440000057220459,7.440000057220459,7.440000057220459,7.440000057220459,7.440000057220459,772.0
2024-07-03 12:43:00,BVS,5.945000171661377,5.945000171661377,5.949999809265137,5.940000057220459,5.949999809265137,2219.0
2024-07-03 12:43:00,CABA,7.494999885559082,7.494999885559082,7.510000228881836,7.494999885559082,7.510000228881836,2641.0
2024-07-03 12:43:00,CADL,6.175000190734863,6.175000190734863,6.210000038146973,6.170000076293945,6.210000038146973,7101.0
2024-07-03 12:43:00,CAPR,4.809999942779541,4.809999942779541,4.809999942779541,4.809999942779541,4.809999942779541,407.0
2024-07-03 12:43:00,CCCC,4.534999847412109,4.534999847412109,4.534999847412109,4.534999847412109,4.534999847412109,450.0
2024-07-03 12:43:00,CDMO,7.795000076293945,7.795000076293945,7.798999786376953,7.789999961853027,7.795000076293945,2804.0
2024-07-03 12:43:00,CDNA,15.052000045776367,15.052000045776367,15.0600004196167,15.050000190734863,15.050000190734863,1247.0
2024-07-03 12:43:00,CDXC,2.515000104904175,2.515000104904175,2.515000104904175,2.515000104904175,2.515000104904175,200.0
2024-07-03 12:43:00,CDXS,2.875,2.875,2.875,2.875,2.875,306.0
2024-07-03 12:43:00,CELC,16.25,16.25,16.25,16.25,16.25,309.0
2024-07-03 12:43:00,CELU,3.0399999618530273,3.0399999618530273,3.0399999618530273,3.0399999618530273,3.0399999618530273,110.0
2024-07-03 12:43:00,CERE,40.224998474121094,40.224998474121094,40.252498626708984,40.20000076293945,40.25,24281.0
2024-07-03 12:43:00,CERS,1.7100000381469727,1.7100000381469727,1.715000033378601,1.7100000381469727,1.715000033378601,470.0
2024-07-03 12:43:00,CERT,13.800000190734863,13.800000190734863,13.800000190734863,13.800000190734863,13.800000190734863,616.0
2024-07-03 12:43:00,CGC,6.520100116729736,6.520100116729736,6.550000190734863,6.520100116729736,6.539999961853027,12606.0
2024-07-03 12:43:00,CGEN,1.649999976158142,1.649999976158142,1.649999976158142,1.649999976158142,1.649999976158142,185.0
2024-07-03 12:43:00,CHRS,1.3799999952316284,1.3799999952316284,1.3799999952316284,1.3799999952316284,1.3799999952316284,2316.0
2024-07-03 12:43:00,CING,0.32120001316070557,0.32120001316070557,0.32120001316070557,0.32120001316070557,0.32120001316070557,4050.0
2024-07-03 12:43:00,CLOV,1.25,1.25,1.2549999952316284,1.25,1.2549999952316284,589.0
2024-07-03 12:43:00,CMPS,6.21999979019165,6.21999979019165,6.21999979019165,6.21999979019165,6.21999979019165,856.0
2024-07-03 12:43:00,CMPX,0.8270999789237976,0.8270999789237976,0.8281000256538391,0.8270999789237976,0.8281000256538391,1033.0
2024-07-03 12:43:00,CMRX,0.8633000254631042,0.8633000254631042,0.8633000254631042,0.8633000254631042,0.8633000254631042,422.0
2024-07-03 12:43:00,CNSP,1.409999966621399,1.409999966621399,1.4199999570846558,1.409999966621399,1.4199999570846558,20393.0
2024-07-03 12:43:00,COGT,8.345000267028809,8.345000267028809,8.359999656677246,8.345000267028809,8.350000381469727,1775.0
2024-07-03 12:43:00,CORT,30.3700008392334,30.3700008392334,30.375,30.3700008392334,30.3700008392334,916.0
2024-07-03 12:43:00,COSM,0.8902000188827515,0.8902000188827515,0.8999000191688538,0.8901000022888184,0.8956000208854675,5340.0
2024-07-03 12:43:00,CPRX,15.359999656677246,15.359999656677246,15.359999656677246,15.359999656677246,15.359999656677246,1025.0
2024-07-03 12:43:00,CRBU,1.5800000429153442,1.5800000429153442,1.5800000429153442,1.5750000476837158,1.5800000429153442,22080.0
2024-07-03 12:43:00,CRDF,2.234999895095825,2.234999895095825,2.240000009536743,2.234999895095825,2.240000009536743,303.0
2024-07-03 12:43:00,CRDL,1.9249999523162842,1.9249999523162842,1.9249999523162842,1.920799970626831,1.920799970626831,434.0
2024-07-03 12:43:00,CRMD,4.144999980926514,4.144999980926514,4.144999980926514,4.144999980926514,4.144999980926514,221.0
2024-07-03 12:43:00,CRNX,44.400001525878906,44.400001525878906,44.439998626708984,44.400001525878906,44.439998626708984,1062.0
2024-07-03 12:43:00,CRON,2.315000057220459,2.315000057220459,2.315000057220459,2.315000057220459,2.315000057220459,1585.0
2024-07-03 12:43:00,CRSP,53.900001525878906,53.900001525878906,53.93000030517578,53.900001525878906,53.90250015258789,2590.0
2024-07-03 12:43:00,CTKB,5.570000171661377,5.570000171661377,5.590000152587891,5.570000171661377,5.590000152587891,3917.0
2024-07-03 12:43:00,CTMX,1.2999999523162842,1.2999999523162842,1.2999999523162842,1.2999999523162842,1.2999999523162842,515.0
2024-07-03 12:43:00,CTSO,0.8600000143051147,0.8600000143051147,0.8600000143051147,0.8557999730110168,0.8557999730110168,12736.0
2024-07-03 12:43:00,CTXR,0.4975000023841858,0.4975000023841858,0.4975000023841858,0.4975000023841858,0.4975000023841858,310.0
2024-07-03 12:43:00,CUE,0.9815999865531921,0.9815999865531921,0.9815999865531921,0.9815999865531921,0.9815999865531921,330.0
2024-07-03 12:43:00,CUTR,1.291700005531311,1.291700005531311,1.291700005531311,1.2899999618530273,1.2899999618530273,1767.0
2024-07-03 12:43:00,CVAC,3.194999933242798,3.194999933242798,3.2100000381469727,3.190000057220459,3.2049999237060547,29253.0
2024-07-03 12:43:00,CYTK,54.28499984741211,54.28499984741211,54.310001373291016,54.28499984741211,54.310001373291016,762.0
2024-07-03 12:43:00,DAWN,13.350000381469727,13.350000381469727,13.364999771118164,13.34000015258789,13.364999771118164,2003.0
2024-07-03 12:43:00,DCGO,2.9549999237060547,2.9549999237060547,2.9549999237060547,2.9549999237060547,2.9549999237060547,199.0
2024-07-03 12:43:00,DNLI,21.450000762939453,21.450000762939453,21.450000762939453,21.450000762939453,21.450000762939453,1054.0
2024-07-03 12:43:00,DSGN,3.2300000190734863,3.2300000190734863,3.25,3.2300000190734863,3.25,969.0
2024-07-03 12:43:00,DVAX,11.074999809265137,11.074999809265137,11.074999809265137,11.074999809265137,11.074999809265137,432.0
2024-07-03 12:43:00,DXCM,111.18000030517578,111.18000030517578,111.25,111.15599822998047,111.25,3003.0
2024-07-03 12:43:00,DYN,33.8650016784668,33.8650016784668,33.8650016784668,33.85499954223633,33.85499954223633,295.0
2024-07-03 12:43:00,EDIT,4.644999980926514,4.644999980926514,4.650000095367432,4.644999980926514,4.644999980926514,1557.0
2024-07-03 12:43:00,EGRX,5.559999942779541,5.559999942779541,5.559999942779541,5.559999942779541,5.559999942779541,200.0
2024-07-03 12:43:00,ELYM,6.690000057220459,6.690000057220459,6.699999809265137,6.690000057220459,6.699999809265137,1516.0
2024-07-03 12:43:00,EMBC,11.9399995803833,11.9399995803833,11.9399995803833,11.9399995803833,11.9399995803833,405.0
2024-07-03 12:43:00,ENTA,13.106399536132812,13.106399536132812,13.106399536132812,13.106399536132812,13.106399536132812,218.0
2024-07-03 12:43:00,ERAS,2.2100000381469727,2.2100000381469727,2.2100000381469727,2.2100000381469727,2.2100000381469727,657.0
2024-07-03 12:43:00,ESPR,2.365000009536743,2.365000009536743,2.369999885559082,2.365000009536743,2.365000009536743,8017.0
2024-07-03 12:43:00,ETNB,7.460000038146973,7.460000038146973,7.460000038146973,7.449999809265137,7.449999809265137,817.0
2024-07-03 12:43:00,EVAX,3.184999942779541,3.184999942779541,3.184999942779541,3.184999942779541,3.184999942779541,1376.0
2024-07-03 12:43:00,EVOK,0.574999988079071,0.574999988079071,0.574999988079071,0.5690000057220459,0.5690000057220459,5558.0
2024-07-03 12:43:00,EWTX,18.639999389648438,18.639999389648438,18.729999542236328,18.56999969482422,18.639999389648438,15971.0
2024-07-03 12:43:00,EXAI,5.46999979019165,5.46999979019165,5.46999979019165,5.46999979019165,5.46999979019165,198.0
2024-07-03 12:43:00,EXAS,43.21500015258789,43.21500015258789,43.2400016784668,43.209999084472656,43.2400016784668,5160.0
2024-07-03 12:43:00,EXEL,21.875,21.875,21.8799991607666,21.875,21.875,3125.0
2024-07-03 12:43:00,EYEN,0.7897999882698059,0.7897999882698059,0.7897999882698059,0.7897999882698059,0.7897999882698059,209.0
2024-07-03 12:43:00,EYPT,8.720000267028809,8.720000267028809,8.729999542236328,8.710000038146973,8.710000038146973,5499.0
2024-07-03 12:43:00,FATE,3.1600000858306885,3.1600000858306885,3.1600000858306885,3.1600000858306885,3.1600000858306885,1270.0
2024-07-03 12:43:00,FDMT,20.770000457763672,20.770000457763672,20.770000457763672,20.75,20.75,1860.0
2024-07-03 12:43:00,FEMY,1.1050000190734863,1.1050000190734863,1.1050000190734863,1.1050000190734863,1.1050000190734863,0.0
2024-07-03 12:43:00,FGEN,0.7114999890327454,0.7114999890327454,0.7114999890327454,0.7114999890327454,0.7114999890327454,640.0
2024-07-03 12:43:00,FHTX,5.429999828338623,5.429999828338623,5.429999828338623,5.429999828338623,5.429999828338623,132.0
2024-07-03 12:43:00,FOLD,9.859999656677246,9.859999656677246,9.859999656677246,9.859999656677246,9.859999656677246,1121.0
2024-07-03 12:43:00,FULC,6.125,6.125,6.130000114440918,6.125,6.125,750.0
2024-07-03 12:43:00,GDRX,7.789999961853027,7.789999961853027,7.789999961853027,7.789999961853027,7.789999961853027,684.0
2024-07-03 12:43:00,GERN,4.320000171661377,4.320000171661377,4.329899787902832,4.320000171661377,4.324999809265137,9331.0
2024-07-03 12:43:00,GH,28.350000381469727,28.350000381469727,28.3799991607666,28.350000381469727,28.3700008392334,1614.0
2024-07-03 12:43:00,GHRS,11.987500190734863,11.987500190734863,11.987500190734863,11.987500190734863,11.987500190734863,400.0
2024-07-03 12:43:00,GILD,66.99500274658203,66.99500274658203,67.0,66.93000030517578,66.94000244140625,16915.0
2024-07-03 12:43:00,GMAB,25.139999389648438,25.139999389648438,25.139999389648438,25.139999389648438,25.139999389648438,708.0
2024-07-03 12:43:00,GOSS,0.9855999946594238,0.9855999946594238,0.989799976348877,0.9855999946594238,0.9855999946594238,3063.0
2024-07-03 12:43:00,GOVX,2.869999885559082,2.869999885559082,2.869999885559082,2.8499999046325684,2.868000030517578,1313.0
2024-07-03 12:43:00,GRFS,6.664999961853027,6.664999961853027,6.664999961853027,6.664999961853027,6.664999961853027,139.0
2024-07-03 12:43:00,GRTS,0.5699999928474426,0.5699999928474426,0.5787000060081482,0.5699999928474426,0.5787000060081482,54149.0
2024-07-03 12:43:00,GTHX,2.5999999046325684,2.5999999046325684,2.5999999046325684,2.5899999141693115,2.5950000286102295,1577.0
2024-07-03 12:43:00,HALO,52.22999954223633,52.22999954223633,52.2400016784668,52.20000076293945,52.20000076293945,30756.0
2024-07-03 12:43:00,HCAT,6.199999809265137,6.199999809265137,6.199999809265137,6.199999809265137,6.199999809265137,159.0
2024-07-03 12:43:00,HCSG,10.625,10.625,10.630000114440918,10.625,10.625,714.0
2024-07-03 12:43:00,HITI,2.140000104904175,2.140000104904175,2.140000104904175,2.134999990463257,2.134999990463257,2403.0
2024-07-03 12:43:00,HLVX,14.239999771118164,14.239999771118164,14.239999771118164,14.239999771118164,14.239999771118164,186.0
2024-07-03 12:43:00,HOLX,73.37999725341797,73.37999725341797,73.3949966430664,73.3499984741211,73.3499984741211,5472.0
2024-07-03 12:43:00,HOOK,0.5800999999046326,0.5800999999046326,0.5800999999046326,0.5800999999046326,0.5800999999046326,200.0
2024-07-03 12:43:00,HOWL,2.059999942779541,2.059999942779541,2.069999933242798,2.059999942779541,2.069999933242798,925.0
2024-07-03 12:43:00,HQY,83.83000183105469,83.83000183105469,83.83000183105469,83.83000183105469,83.83000183105469,865.0
2024-07-03 12:43:00,HRMY,30.799999237060547,30.799999237060547,30.799999237060547,30.770000457763672,30.770000457763672,530.0
2024-07-03 12:43:00,HROW,21.540000915527344,21.540000915527344,21.540000915527344,21.540000915527344,21.540000915527344,339.0
2024-07-03 12:43:00,HRTX,2.7249999046325684,2.7249999046325684,2.7249999046325684,2.7200000286102295,2.7249999046325684,909.0
2024-07-03 12:43:00,HSCS,4.810100078582764,4.810100078582764,4.810100078582764,4.810100078582764,4.810100078582764,565.0
2024-07-03 12:43:00,HSIC,65.05999755859375,65.05999755859375,65.05999755859375,65.05999755859375,65.05999755859375,198.0
2024-07-03 12:43:00,HUMA,5.784999847412109,5.784999847412109,5.789999961853027,5.76039981842041,5.76039981842041,10449.0
2024-07-03 12:43:00,IART,28.59000015258789,28.59000015258789,28.670000076293945,28.584999084472656,28.65999984741211,7055.0
2024-07-03 12:43:00,IBRX,6.269999980926514,6.269999980926514,6.269999980926514,6.264999866485596,6.269999980926514,1632.0
2024-07-03 12:43:00,ICLR,317.6700134277344,317.6700134277344,317.6700134277344,317.6700134277344,317.6700134277344,472.0
2024-07-03 12:43:00,ICUI,118.01000213623047,118.01000213623047,118.01000213623047,117.97000122070312,117.97000122070312,1748.0
2024-07-03 12:43:00,IDYA,33.189998626708984,33.189998626708984,33.20000076293945,33.13999938964844,33.165000915527344,4189.0
2024-07-03 12:43:00,IGMS,6.440000057220459,6.440000057220459,6.440000057220459,6.440000057220459,6.440000057220459,822.0
2024-07-03 12:43:00,IKNA,1.649999976158142,1.649999976158142,1.649999976158142,1.649999976158142,1.649999976158142,189.0
2024-07-03 12:43:00,ILMN,105.87000274658203,105.87000274658203,105.88999938964844,105.82499694824219,105.83000183105469,4167.0
2024-07-03 12:43:00,IMAB,1.5299999713897705,1.5299999713897705,1.5299999713897705,1.5299999713897705,1.5299999713897705,566.0
2024-07-03 12:43:00,IMCR,35.97999954223633,35.97999954223633,35.97999954223633,35.97999954223633,35.97999954223633,672.0
2024-07-03 12:43:00,IMMX,2.359999895095825,2.359999895095825,2.359999895095825,2.325000047683716,2.3299999237060547,6300.0
2024-07-03 12:43:00,IMNM,12.0600004196167,12.0600004196167,12.09000015258789,12.0600004196167,12.09000015258789,3328.0
2024-07-03 12:43:00,IMUX,1.149999976158142,1.149999976158142,1.149999976158142,1.149999976158142,1.149999976158142,828.0
2024-07-03 12:43:00,INAB,0.800000011920929,0.800000011920929,0.800000011920929,0.800000011920929,0.800000011920929,589.0
2024-07-03 12:43:00,INBX,13.28499984741211,13.28499984741211,13.329999923706055,13.28499984741211,13.319999694824219,670.0
2024-07-03 12:43:00,INCY,57.665000915527344,57.665000915527344,57.665000915527344,57.63999938964844,57.65999984741211,7369.0
2024-07-03 12:43:00,INGN,8.039999961853027,8.039999961853027,8.039999961853027,8.039999961853027,8.039999961853027,102.0
2024-07-03 12:43:00,INMD,17.549999237060547,17.549999237060547,17.549999237060547,17.549999237060547,17.549999237060547,446.0
2024-07-03 12:43:00,INSM,62.130001068115234,62.130001068115234,62.2400016784668,62.130001068115234,62.209999084472656,8527.0
2024-07-03 12:43:00,INVA,16.364999771118164,16.364999771118164,16.364999771118164,16.364999771118164,16.364999771118164,598.0
2024-07-03 12:43:00,IONM,0.3156999945640564,0.3156999945640564,0.3156999945640564,0.3156999945640564,0.3156999945640564,799.0
2024-07-03 12:43:00,IONS,45.279998779296875,45.279998779296875,45.29999923706055,45.27000045776367,45.29999923706055,2576.0
2024-07-03 12:43:00,IOVA,7.34499979019165,7.34499979019165,7.369999885559082,7.340000152587891,7.349999904632568,95977.0
2024-07-03 12:43:00,IRTC,96.02999877929688,96.02999877929688,96.02999877929688,96.01000213623047,96.01000213623047,912.0
2024-07-03 12:43:00,ISRG,435.0899963378906,435.0899963378906,435.1099853515625,434.8500061035156,434.8500061035156,4834.0
2024-07-03 12:43:00,ITCI,69.11000061035156,69.11000061035156,69.11000061035156,69.06500244140625,69.0999984741211,1631.0
2024-07-03 12:43:00,IVVD,1.0950000286102295,1.0950000286102295,1.0950000286102295,1.0950000286102295,1.0950000286102295,1414.0
2024-07-03 12:43:00,JAGX,3.490000009536743,3.490000009536743,3.490000009536743,3.490000009536743,3.490000009536743,526.0
2024-07-03 12:43:00,JANX,38.17499923706055,38.17499923706055,38.244998931884766,38.16999816894531,38.244998931884766,1469.0
2024-07-03 12:43:00,JAZZ,103.11499786376953,103.11499786376953,103.12000274658203,103.11499786376953,103.12000274658203,590.0
2024-07-03 12:43:00,KALV,11.680000305175781,11.680000305175781,11.680000305175781,11.670000076293945,11.670000076293945,1236.0
2024-07-03 12:43:00,KNSA,18.989999771118164,18.989999771118164,18.989999771118164,18.972999572753906,18.972999572753906,1386.0
2024-07-03 12:43:00,KRMD,2.5299999713897705,2.5299999713897705,2.5299999713897705,2.5299999713897705,2.5299999713897705,936.0
2024-07-03 12:43:00,KROS,42.45500183105469,42.45500183105469,42.45500183105469,42.45500183105469,42.45500183105469,372.0
2024-07-03 12:43:00,KTRA,0.2793000042438507,0.2793000042438507,0.2793000042438507,0.27790001034736633,0.27790001034736633,22565.0
2024-07-03 12:43:00,KURA,20.09000015258789,20.09000015258789,20.09000015258789,20.09000015258789,20.09000015258789,538.0
2024-07-03 12:43:00,KZR,0.5766000151634216,0.5766000151634216,0.5766000151634216,0.5763000249862671,0.5766000151634216,1328.0
2024-07-03 12:43:00,LAB,1.8650000095367432,1.8650000095367432,1.8700000047683716,1.8600000143051147,1.8700000047683716,8084.0
2024-07-03 12:43:00,LBPH,32.14500045776367,32.14500045776367,32.150001525878906,32.11000061035156,32.11000061035156,2592.0
2024-07-03 12:43:00,LEGN,46.005001068115234,46.005001068115234,46.02000045776367,46.005001068115234,46.02000045776367,417.0
2024-07-03 12:43:00,LFMD,6.800000190734863,6.800000190734863,6.800000190734863,6.800000190734863,6.800000190734863,959.0
2024-07-03 12:43:00,LFST,5.119999885559082,5.119999885559082,5.119999885559082,5.114999771118164,5.119999885559082,512.0
2024-07-03 12:43:00,LNTH,79.72000122070312,79.72000122070312,79.72000122070312,79.70999908447266,79.70999908447266,1192.0
2024-07-03 12:43:00,LRMR,7.71999979019165,7.71999979019165,7.724999904632568,7.71999979019165,7.724999904632568,1191.0
2024-07-03 12:43:00,LUCY,0.46239998936653137,0.46239998936653137,0.46239998936653137,0.46239998936653137,0.46239998936653137,2219.0
2024-07-03 12:43:00,LVTX,1.8200000524520874,1.8200000524520874,1.8200000524520874,1.8200000524520874,1.8200000524520874,66.0
2024-07-03 12:43:00,LXRX,1.6399999856948853,1.6399999856948853,1.6399999856948853,1.6398999691009521,1.6399999856948853,19243.0
2024-07-03 12:43:00,LYEL,1.5049999952316284,1.5049999952316284,1.5049999952316284,1.5049999952316284,1.5049999952316284,392.0
2024-07-03 12:43:00,MASI,114.47000122070312,114.47000122070312,114.47000122070312,114.47000122070312,114.47000122070312,131.0
2024-07-03 12:43:00,MASS,4.889999866485596,4.889999866485596,4.889999866485596,4.889999866485596,4.889999866485596,245.0
2024-07-03 12:43:00,MBIO,0.49070000648498535,0.49070000648498535,0.49079999327659607,0.49070000648498535,0.49079999327659607,4734.0
2024-07-03 12:43:00,MBOT,1.0549999475479126,1.0549999475479126,1.0549999475479126,1.0507999658584595,1.0507999658584595,1422.0
2024-07-03 12:43:00,MDXG,6.78000020980835,6.78000020980835,6.789000034332275,6.78000020980835,6.789000034332275,816.0
2024-07-03 12:43:00,ME,0.4065999984741211,0.4065999984741211,0.4066999852657318,0.40450000762939453,0.40450000762939453,39986.0
2024-07-03 12:43:00,MGNX,4.175000190734863,4.175000190734863,4.175000190734863,4.169899940490723,4.169899940490723,6694.0
2024-07-03 12:43:00,MLTX,41.880001068115234,41.880001068115234,41.880001068115234,41.880001068115234,41.880001068115234,248.0
2024-07-03 12:43:00,MNKD,5.014999866485596,5.014999866485596,5.019700050354004,5.010000228881836,5.010000228881836,7087.0
2024-07-03 12:43:00,MNMD,7.099999904632568,7.099999904632568,7.099999904632568,7.099999904632568,7.099999904632568,509.0
2024-07-03 12:43:00,MODD,1.399999976158142,1.399999976158142,1.399999976158142,1.399999976158142,1.399999976158142,195.0
2024-07-03 12:43:00,MODV,27.75,27.75,27.790000915527344,27.75,27.790000915527344,1471.0
2024-07-03 12:43:00,MORF,31.799999237060547,31.799999237060547,31.799999237060547,31.799999237060547,31.799999237060547,1267.0
2024-07-03 12:43:00,MRNA,115.63999938964844,115.63999938964844,115.63999938964844,115.58000183105469,115.5999984741211,3278.0
2024-07-03 12:43:00,MRNS,1.2050000429153442,1.2050000429153442,1.2050000429153442,1.2050000429153442,1.2050000429153442,3174.0
2024-07-03 12:43:00,MRSN,1.8456000089645386,1.8456000089645386,1.8456000089645386,1.8456000089645386,1.8456000089645386,250.0
2024-07-03 12:43:00,MRUS,52.709999084472656,52.709999084472656,52.709999084472656,52.709999084472656,52.709999084472656,105.0
2024-07-03 12:43:00,MRVI,7.010000228881836,7.010000228881836,7.014999866485596,7.010000228881836,7.014999866485596,2423.0
2024-07-03 12:43:00,MXCT,3.7149999141693115,3.7149999141693115,3.7149999141693115,3.694999933242798,3.694999933242798,2719.0
2024-07-03 12:43:00,MYGN,24.8700008392334,24.8700008392334,24.8700008392334,24.8700008392334,24.8700008392334,550.0
2024-07-03 12:43:00,NBIX,138.0449981689453,138.0449981689453,138.05499267578125,138.01499938964844,138.05499267578125,733.0
2024-07-03 12:43:00,NDRA,0.09220000356435776,0.09220000356435776,0.09220000356435776,0.09220000356435776,0.09220000356435776,22011.0
2024-07-03 12:43:00,NEO,13.720000267028809,13.720000267028809,13.720000267028809,13.720000267028809,13.720000267028809,1254.0
2024-07-03 12:43:00,NEOG,15.100000381469727,15.100000381469727,15.104999542236328,15.100000381469727,15.104999542236328,575.0
2024-07-03 12:43:00,NKTR,1.284999966621399,1.284999966621399,1.284999966621399,1.284999966621399,1.284999966621399,892.0
2024-07-03 12:43:00,NKTX,5.315000057220459,5.315000057220459,5.315000057220459,5.315000057220459,5.315000057220459,265.0
2024-07-03 12:43:00,NNOX,7.050000190734863,7.050000190734863,7.050000190734863,7.046000003814697,7.046000003814697,1548.0
2024-07-03 12:43:00,NPCE,7.289999961853027,7.289999961853027,7.289999961853027,7.260000228881836,7.260000228881836,998.0
2024-07-03 12:43:00,NRC,23.020000457763672,23.020000457763672,23.030000686645508,23.0,23.030000686645508,1481.0
2024-07-03 12:43:00,NRIX,19.44499969482422,19.44499969482422,19.44499969482422,19.44499969482422,19.44499969482422,389.0
2024-07-03 12:43:00,NRSN,1.309999942779541,1.309999942779541,1.309999942779541,1.2877000570297241,1.2899999618530273,11095.0
2024-07-03 12:43:00,NTLA,22.799999237060547,22.799999237060547,22.799999237060547,22.799999237060547,22.799999237060547,3274.0
2024-07-03 12:43:00,NTRA,111.61000061035156,111.61000061035156,111.70999908447266,111.61000061035156,111.68000030517578,7288.0
2024-07-03 12:43:00,NUTX,5.400000095367432,5.400000095367432,5.400000095367432,5.400000095367432,5.400000095367432,264.0
2024-07-03 12:43:00,NUVL,72.41000366210938,72.41000366210938,72.44999694824219,72.27999877929688,72.27999877929688,4348.0
2024-07-03 12:43:00,NVAX,12.475000381469727,12.475000381469727,12.484999656677246,12.44219970703125,12.46500015258789,41104.0
2024-07-03 12:43:00,NVCR,16.895000457763672,16.895000457763672,16.959999084472656,16.895000457763672,16.959999084472656,2662.0
2024-07-03 12:43:00,NVCT,6.204999923706055,6.204999923706055,6.204999923706055,6.204999923706055,6.204999923706055,954.0
2024-07-03 12:43:00,NVOS,0.7649000287055969,0.7649000287055969,0.7649000287055969,0.7649000287055969,0.7649000287055969,162.0
2024-07-03 12:43:00,NXTC,1.600000023841858,1.600000023841858,1.600000023841858,1.590000033378601,1.5950000286102295,732.0
2024-07-03 12:43:00,OCGN,1.6449999809265137,1.6449999809265137,1.6449999809265137,1.6449999809265137,1.6449999809265137,2529.0
2024-07-03 12:43:00,OCUL,6.659999847412109,6.659999847412109,6.659999847412109,6.659999847412109,6.659999847412109,2143.0
2024-07-03 12:43:00,OFIX,13.520000457763672,13.520000457763672,13.53499984741211,13.520000457763672,13.529999732971191,1679.0
2024-07-03 12:43:00,OGI,1.5800000429153442,1.5800000429153442,1.5800000429153442,1.5800000429153442,1.5800000429153442,6650.0
2024-07-03 12:43:00,OLK,25.739999771118164,25.739999771118164,25.739999771118164,25.739999771118164,25.739999771118164,84.0
2024-07-03 12:43:00,OLMA,10.5,10.5,10.515000343322754,10.5,10.515000343322754,1468.0
2024-07-03 12:43:00,OM,3.869999885559082,3.869999885559082,3.880000114440918,3.869999885559082,3.875,31281.0
2024-07-03 12:43:00,OMCL,26.739999771118164,26.739999771118164,26.770000457763672,26.739999771118164,26.75,1102.0
2024-07-03 12:43:00,OMGA,1.899999976158142,1.899999976158142,1.899999976158142,1.8949999809265137,1.8949999809265137,1043.0
2024-07-03 12:44:00,ABCL,2.700000047683716,2.700000047683716,2.700000047683716,2.694999933242798,2.700000047683716,3228.0
2024-07-03 12:44:00,ABOS,2.305000066757202,2.305000066757202,2.305000066757202,2.305000066757202,2.305000066757202,121.0
2024-07-03 12:44:00,ABSI,3.194999933242798,3.194999933242798,3.1993000507354736,3.1909000873565674,3.1993000507354736,4722.0
2024-07-03 12:44:00,ACAD,15.59000015258789,15.59000015258789,15.59000015258789,15.579999923706055,15.585000038146973,5880.0
2024-07-03 12:44:00,ACB,4.909999847412109,4.909999847412109,4.920100212097168,4.909999847412109,4.920000076293945,5707.0
2024-07-03 12:44:00,ACCD,3.5850000381469727,3.5850000381469727,3.5899999141693115,3.5799999237060547,3.5850000381469727,3512.0
2024-07-03 12:44:00,ACET,1.089900016784668,1.089900016784668,1.089900016784668,1.0800000429153442,1.0800000429153442,1668.0
2024-07-03 12:44:00,ACHC,66.83999633789062,66.83999633789062,66.83999633789062,66.83499908447266,66.83499908447266,475.0
2024-07-03 12:44:00,ACLX,54.63999938964844,54.63999938964844,54.63999938964844,54.435001373291016,54.435001373291016,6188.0
2024-07-03 12:44:00,ACRS,1.149999976158142,1.149999976158142,1.149999976158142,1.149999976158142,1.149999976158142,747.0
2024-07-03 12:44:00,ADAG,2.880000114440918,2.880000114440918,2.880000114440918,2.880000114440918,2.880000114440918,200.0
2024-07-03 12:44:00,ADMA,11.3149995803833,11.3149995803833,11.345000267028809,11.3100004196167,11.345000267028809,13387.0
2024-07-03 12:44:00,ADPT,3.4100000858306885,3.4100000858306885,3.4149999618530273,3.4100000858306885,3.4149999618530273,902.0
2024-07-03 12:44:00,AEMD,0.4025000035762787,0.4025000035762787,0.4050000011920929,0.4018000066280365,0.4050000011920929,26529.0
2024-07-03 12:44:00,AFMD,5.03000020980835,5.03000020980835,5.03000020980835,5.03000020980835,5.03000020980835,221.0
2024-07-03 12:44:00,AGEN,14.329999923706055,14.329999923706055,14.390000343322754,14.279999732971191,14.279999732971191,6673.0
2024-07-03 12:44:00,AHCO,9.795000076293945,9.795000076293945,9.795000076293945,9.795000076293945,9.795000076293945,794.0
2024-07-03 12:44:00,AIMD,1.030400037765503,1.030400037765503,1.0499999523162842,1.0,1.0,119844.0
2024-07-03 12:44:00,AKBA,0.9520000219345093,0.9520000219345093,0.9528999924659729,0.9513999819755554,0.9528999924659729,3593.0
2024-07-03 12:44:00,AKRO,21.895000457763672,21.895000457763672,21.899999618530273,21.895000457763672,21.899999618530273,2758.0
2024-07-03 12:44:00,AKYA,2.125,2.125,2.125,2.125,2.125,300.0
2024-07-03 12:44:00,ALEC,4.409999847412109,4.409999847412109,4.409999847412109,4.409999847412109,4.409999847412109,3147.0
2024-07-03 12:44:00,ALGN,241.82000732421875,241.82000732421875,241.82000732421875,241.75,241.75,654.0
2024-07-03 12:44:00,ALGS,0.4250999987125397,0.4250999987125397,0.4250999987125397,0.42500001192092896,0.42500001192092896,1000.0
2024-07-03 12:44:00,ALHC,7.980100154876709,7.980100154876709,7.980100154876709,7.980100154876709,7.980100154876709,581.0
2024-07-03 12:44:00,ALKS,24.225000381469727,24.225000381469727,24.225000381469727,24.219999313354492,24.219999313354492,3598.0
2024-07-03 12:44:00,ALLO,2.0950000286102295,2.0950000286102295,2.0950000286102295,2.0899999141693115,2.0899999141693115,9217.0
2024-07-03 12:44:00,ALLR,0.20100000500679016,0.20100000500679016,0.20190000534057617,0.20000000298023224,0.2004999965429306,11000.0
2024-07-03 12:44:00,ALNY,246.14999389648438,246.14999389648438,246.22500610351562,246.0500030517578,246.0500030517578,2096.0
2024-07-03 12:44:00,ALT,6.525000095367432,6.525000095367432,6.554999828338623,6.519999980926514,6.554999828338623,19974.0
2024-07-03 12:44:00,ALVR,0.7350999712944031,0.7350999712944031,0.7350999712944031,0.7350999712944031,0.7350999712944031,814.0
2024-07-03 12:44:00,ALXO,5.670000076293945,5.670000076293945,5.670000076293945,5.670000076293945,5.670000076293945,1250.0
2024-07-03 12:44:00,AMED,97.18000030517578,97.18000030517578,97.19000244140625,97.16999816894531,97.18000030517578,13412.0
2024-07-03 12:44:00,AMGN,308.614990234375,308.614990234375,308.6499938964844,308.4800109863281,308.5350036621094,3218.0
2024-07-03 12:44:00,AMLX,1.7699999809265137,1.7699999809265137,1.7699999809265137,1.7599999904632568,1.7649999856948853,4649.0
2024-07-03 12:44:00,AMPH,38.209999084472656,38.209999084472656,38.209999084472656,38.17499923706055,38.17499923706055,341.0
2024-07-03 12:44:00,AMRN,0.6894999742507935,0.6894999742507935,0.6894999742507935,0.6819999814033508,0.6819999814033508,3814.0
2024-07-03 12:44:00,ANAB,25.0,25.0,25.0,24.975000381469727,24.975000381469727,758.0
2024-07-03 12:44:00,ANGO,5.684999942779541,5.684999942779541,5.684999942779541,5.684999942779541,5.684999942779541,576.0
2024-07-03 12:44:00,ANIK,25.510000228881836,25.510000228881836,25.53499984741211,25.510000228881836,25.53499984741211,1647.0
2024-07-03 12:44:00,ANIP,60.81999969482422,60.81999969482422,60.81999969482422,60.81999969482422,60.81999969482422,330.0
2024-07-03 12:44:00,ANNX,4.78000020980835,4.78000020980835,4.789999961853027,4.78000020980835,4.784999847412109,3714.0
2024-07-03 12:44:00,ANTX,2.5899999141693115,2.5899999141693115,2.5899999141693115,2.5850000381469727,2.5899999141693115,1744.0
2024-07-03 12:44:00,APLS,35.189998626708984,35.189998626708984,35.20000076293945,35.16999816894531,35.16999816894531,1520.0
2024-07-03 12:44:00,APLT,4.340000152587891,4.340000152587891,4.340000152587891,4.329999923706055,4.340000152587891,953.0
2024-07-03 12:44:00,APM,3.950000047683716,3.950000047683716,4.005000114440918,3.950000047683716,4.005000114440918,318.0
2024-07-03 12:44:00,AQST,2.4049999713897705,2.4049999713897705,2.4049999713897705,2.4049999713897705,2.4049999713897705,871.0
2024-07-03 12:44:00,ARAY,1.7300000190734863,1.7300000190734863,1.7300000190734863,1.7300000190734863,1.7300000190734863,489.0
2024-07-03 12:44:00,ARCT,21.825000762939453,21.825000762939453,21.825000762939453,21.825000762939453,21.825000762939453,439.0
2024-07-03 12:44:00,ARDX,5.34499979019165,5.34499979019165,5.349999904632568,5.340000152587891,5.340099811553955,96669.0
2024-07-03 12:44:00,ARGX,435.19500732421875,435.19500732421875,435.6000061035156,435.19500732421875,435.6000061035156,365.0
2024-07-03 12:44:00,ARQT,9.545000076293945,9.545000076293945,9.581399917602539,9.545000076293945,9.581000328063965,9681.0
2024-07-03 12:44:00,ARVN,23.905000686645508,23.905000686645508,23.905000686645508,23.889999389648438,23.889999389648438,1350.0
2024-07-03 12:44:00,ARWR,24.8799991607666,24.8799991607666,24.899999618530273,24.850000381469727,24.8700008392334,4000.0
2024-07-03 12:44:00,ASRT,1.340000033378601,1.340000033378601,1.340000033378601,1.340000033378601,1.340000033378601,1413.0
2024-07-03 12:44:00,ATAI,1.2799999713897705,1.2799999713897705,1.2899999618530273,1.2799999713897705,1.2899999618530273,2150.0
2024-07-03 12:44:00,ATEC,10.03499984741211,10.03499984741211,10.03499984741211,10.03499984741211,10.03499984741211,939.0
2024-07-03 12:44:00,ATOS,1.1549999713897705,1.1549999713897705,1.159999966621399,1.1549999713897705,1.159999966621399,14435.0
2024-07-03 12:44:00,ATRC,22.424999237060547,22.424999237060547,22.424999237060547,22.424999237060547,22.424999237060547,1120.0
2024-07-03 12:44:00,AUGX,0.9973999857902527,0.9973999857902527,0.9973999857902527,0.9929999709129333,0.9929999709129333,5200.0
2024-07-03 12:44:00,AUPH,5.474999904632568,5.474999904632568,5.474999904632568,5.474999904632568,5.474999904632568,1304.0
2024-07-03 12:44:00,AUTL,3.4549999237060547,3.4549999237060547,3.4549999237060547,3.444999933242798,3.444999933242798,4287.0
2024-07-03 12:44:00,AVDL,14.475000381469727,14.475000381469727,14.475000381469727,14.460000038146973,14.470000267028809,2317.0
2024-07-03 12:44:00,AVTE,1.6740000247955322,1.6740000247955322,1.6740000247955322,1.6740000247955322,1.6740000247955322,498.0
2024-07-03 12:44:00,AVXL,4.125,4.125,4.125,4.125,4.125,595.0
2024-07-03 12:44:00,AWH,0.9664999842643738,0.9664999842643738,0.9664999842643738,0.9399999976158142,0.9399999976158142,7200.0
2024-07-03 12:44:00,AXGN,7.570000171661377,7.570000171661377,7.570000171661377,7.550000190734863,7.550000190734863,2443.0
2024-07-03 12:44:00,AXNX,67.45999908447266,67.45999908447266,67.45999908447266,67.45999908447266,67.45999908447266,524.0
2024-07-03 12:44:00,AXSM,79.80999755859375,79.80999755859375,79.9000015258789,79.80999755859375,79.9000015258789,1370.0
2024-07-03 12:44:00,AZN,76.80500030517578,76.80500030517578,76.81500244140625,76.80000305175781,76.81500244140625,10896.0
2024-07-03 12:44:00,AZTA,52.33000183105469,52.33000183105469,52.40999984741211,52.33000183105469,52.40999984741211,2833.0
2024-07-03 12:44:00,BBIO,25.09000015258789,25.09000015258789,25.1200008392334,25.09000015258789,25.110000610351562,3964.0
2024-07-03 12:44:00,BCAB,1.409999966621399,1.409999966621399,1.409999966621399,1.4049999713897705,1.4049999713897705,5806.0
2024-07-03 12:44:00,BCLI,0.3440999984741211,0.3440999984741211,0.3440999984741211,0.3440999984741211,0.3440999984741211,800.0
2024-07-03 12:44:00,BCRX,6.429999828338623,6.429999828338623,6.440499782562256,6.429999828338623,6.440499782562256,2899.0
2024-07-03 12:44:00,BEAM,23.540000915527344,23.540000915527344,23.559999465942383,23.540000915527344,23.559999465942383,1070.0
2024-07-03 12:44:00,BEAT,2.75,2.75,2.75,2.75,2.75,202.0
2024-07-03 12:44:00,BGNE,148.11000061035156,148.11000061035156,148.11000061035156,148.11000061035156,148.11000061035156,452.0
2024-07-03 12:44:00,BIIB,224.25999450683594,224.25999450683594,224.27999877929688,224.07000732421875,224.07000732421875,8236.0
2024-07-03 12:44:00,BLFS,20.0,20.0,20.0049991607666,20.0,20.0,1857.0
2024-07-03 12:44:00,BLRX,0.5199000239372253,0.5199000239372253,0.5199000239372253,0.5192999839782715,0.5192999839782715,12941.0
2024-07-03 12:44:00,BLUE,0.9150999784469604,0.9150999784469604,0.9150999784469604,0.9143999814987183,0.9143999814987183,1763.0
2024-07-03 12:44:00,BMRN,80.75,80.75,80.7699966430664,80.73500061035156,80.73500061035156,2078.0
2024-07-03 12:44:00,BNGO,0.5759999752044678,0.5759999752044678,0.5774000287055969,0.5759999752044678,0.5774000287055969,1860.0
2024-07-03 12:44:00,BNTX,79.83000183105469,79.83000183105469,79.91000366210938,79.76000213623047,79.91000366210938,3907.0
2024-07-03 12:44:00,BPMC,109.6500015258789,109.6500015258789,109.69999694824219,109.48999786376953,109.66000366210938,3573.0
2024-07-03 12:44:00,BRKR,61.630001068115234,61.630001068115234,61.630001068115234,61.630001068115234,61.630001068115234,281.0
2024-07-03 12:44:00,BTAI,1.0750000476837158,1.0750000476837158,1.0799000263214111,1.0750000476837158,1.0799000263214111,1234.0
2024-07-03 12:44:00,BVS,5.945000171661377,5.945000171661377,5.945000171661377,5.945000171661377,5.945000171661377,664.0
2024-07-03 12:44:00,CABA,7.489999771118164,7.489999771118164,7.5,7.489999771118164,7.499000072479248,3036.0
2024-07-03 12:44:00,CAPR,4.820000171661377,4.820000171661377,4.840000152587891,4.809999942779541,4.829999923706055,8377.0
2024-07-03 12:44:00,CCCC,4.559999942779541,4.559999942779541,4.559999942779541,4.534999847412109,4.534999847412109,13258.0
2024-07-03 12:44:00,CDMO,7.789999961853027,7.789999961853027,7.809999942779541,7.784999847412109,7.795000076293945,14664.0
2024-07-03 12:44:00,CDXC,2.5399999618530273,2.5399999618530273,2.5399999618530273,2.5199999809265137,2.5199999809265137,3674.0
2024-07-03 12:44:00,CDXS,2.875,2.875,2.875,2.875,2.875,20.0
2024-07-03 12:44:00,CERE,40.2599983215332,40.2599983215332,40.290000915527344,40.20000076293945,40.209999084472656,33458.0
2024-07-03 12:44:00,CERS,1.715000033378601,1.715000033378601,1.715000033378601,1.715000033378601,1.715000033378601,506.0
2024-07-03 12:44:00,CERT,13.779999732971191,13.779999732971191,13.800000190734863,13.779999732971191,13.789999961853027,1423.0
2024-07-03 12:44:00,CGC,6.505000114440918,6.505000114440918,6.525000095367432,6.501800060272217,6.525000095367432,3177.0
2024-07-03 12:44:00,CGEM,16.600000381469727,16.600000381469727,16.670000076293945,16.600000381469727,16.670000076293945,1562.0
2024-07-03 12:44:00,CGEN,1.649999976158142,1.649999976158142,1.649999976158142,1.649999976158142,1.649999976158142,1122.0
2024-07-03 12:44:00,CGTX,1.75,1.75,1.7899999618530273,1.75,1.7899999618530273,700.0
2024-07-03 12:44:00,CHRS,1.3849999904632568,1.3849999904632568,1.3849999904632568,1.3849999904632568,1.3849999904632568,4809.0
2024-07-03 12:44:00,CING,0.3294999897480011,0.3294999897480011,0.3294999897480011,0.3294999897480011,0.3294999897480011,696.0
2024-07-03 12:44:00,CKPT,2.1700000762939453,2.1700000762939453,2.1700000762939453,2.1700000762939453,2.1700000762939453,0.0
2024-07-03 12:44:00,CLDX,36.0,36.0,36.029998779296875,35.97999954223633,36.02000045776367,3680.0
2024-07-03 12:44:00,CLOV,1.25,1.25,1.2549999952316284,1.25,1.25,382.0
2024-07-03 12:44:00,CLRB,2.450000047683716,2.450000047683716,2.4549999237060547,2.444999933242798,2.450000047683716,4763.0
2024-07-03 12:44:00,CMAX,2.319999933242798,2.319999933242798,2.319999933242798,2.319999933242798,2.319999933242798,150.0
2024-07-03 12:44:00,CMPS,6.239999771118164,6.239999771118164,6.239999771118164,6.239999771118164,6.239999771118164,514.0
2024-07-03 12:44:00,CMRX,0.8665000200271606,0.8665000200271606,0.8665000200271606,0.8665000200271606,0.8665000200271606,144.0
2024-07-03 12:44:00,CNSP,1.4106999635696411,1.4106999635696411,1.4198999404907227,1.409999966621399,1.4140000343322754,8020.0
2024-07-03 12:44:00,CNTX,1.7999999523162842,1.7999999523162842,1.7999999523162842,1.7999999523162842,1.7999999523162842,280.0
2024-07-03 12:44:00,COGT,8.359999656677246,8.359999656677246,8.359999656677246,8.350000381469727,8.350000381469727,1979.0
2024-07-03 12:44:00,COLL,32.34000015258789,32.34000015258789,32.34000015258789,32.314998626708984,32.314998626708984,222.0
2024-07-03 12:44:00,CORT,30.420000076293945,30.420000076293945,30.43000030517578,30.3700008392334,30.3799991607666,5388.0
2024-07-03 12:44:00,COSM,0.8999999761581421,0.8999999761581421,0.8999999761581421,0.8902000188827515,0.8950999975204468,947.0
2024-07-03 12:44:00,CPRX,15.350000381469727,15.350000381469727,15.359999656677246,15.350000381469727,15.350000381469727,2716.0
2024-07-03 12:44:00,CRBU,1.5800000429153442,1.5800000429153442,1.5800000429153442,1.5750000476837158,1.5750000476837158,13498.0
2024-07-03 12:44:00,CRDF,2.2300000190734863,2.2300000190734863,2.240000009536743,2.2300000190734863,2.234999895095825,1819.0
2024-07-03 12:44:00,CRMD,4.144999980926514,4.144999980926514,4.144999980926514,4.144999980926514,4.144999980926514,542.0
2024-07-03 12:44:00,CRNX,44.33000183105469,44.33000183105469,44.39500045776367,44.33000183105469,44.39500045776367,2895.0
2024-07-03 12:44:00,CRSP,53.86000061035156,53.86000061035156,53.91999816894531,53.86000061035156,53.91999816894531,1562.0
2024-07-03 12:44:00,CRVS,1.7799999713897705,1.7799999713897705,1.7799999713897705,1.7799999713897705,1.7799999713897705,242.0
2024-07-03 12:44:00,CSTL,21.030000686645508,21.030000686645508,21.030000686645508,21.030000686645508,21.030000686645508,636.0
2024-07-03 12:44:00,CTKB,5.570000171661377,5.570000171661377,5.570000171661377,5.570000171661377,5.570000171661377,586.0
2024-07-03 12:44:00,CTMX,1.2999999523162842,1.2999999523162842,1.3049999475479126,1.2999999523162842,1.2999999523162842,6510.0
2024-07-03 12:44:00,CTSO,0.8600000143051147,0.8600000143051147,0.8600000143051147,0.8515999913215637,0.8600000143051147,9483.0
2024-07-03 12:44:00,CTXR,0.5,0.5,0.5,0.5,0.5,2938.0
2024-07-03 12:44:00,CUTR,1.2949999570846558,1.2949999570846558,1.2963000535964966,1.292199969291687,1.2930999994277954,932.0
2024-07-03 12:44:00,CVAC,3.1649999618530273,3.1649999618530273,3.200000047683716,3.1600000858306885,3.190000057220459,52736.0
2024-07-03 12:44:00,CYTK,54.29999923706055,54.29999923706055,54.29999923706055,54.209999084472656,54.25,3377.0
2024-07-03 12:44:00,DARE,3.0599000453948975,3.0599000453948975,3.0599000453948975,3.0599000453948975,3.0599000453948975,814.0
2024-07-03 12:44:00,DAWN,13.350000381469727,13.350000381469727,13.350000381469727,13.350000381469727,13.350000381469727,651.0
2024-07-03 12:44:00,DBVT,0.8500000238418579,0.8500000238418579,0.8500000238418579,0.8389999866485596,0.8393999934196472,2764.0
2024-07-03 12:44:00,DCGO,2.950000047683716,2.950000047683716,2.950000047683716,2.950000047683716,2.950000047683716,2364.0
2024-07-03 12:44:00,DH,5.375,5.375,5.375,5.369999885559082,5.369999885559082,359.0
2024-07-03 12:44:00,DNLI,21.40999984741211,21.40999984741211,21.440000534057617,21.40999984741211,21.440000534057617,5229.0
2024-07-03 12:44:00,DRRX,1.309999942779541,1.309999942779541,1.309999942779541,1.309999942779541,1.309999942779541,477.0
2024-07-03 12:44:00,DSGN,3.2100000381469727,3.2100000381469727,3.2300000190734863,3.2100000381469727,3.2300000190734863,1038.0
2024-07-03 12:44:00,DVAX,11.074999809265137,11.074999809265137,11.079999923706055,11.074999809265137,11.079999923706055,1190.0
2024-07-03 12:44:00,DXCM,111.30000305175781,111.30000305175781,111.30000305175781,111.16999816894531,111.21499633789062,3262.0
2024-07-03 12:44:00,DYN,33.814998626708984,33.814998626708984,33.845001220703125,33.79999923706055,33.845001220703125,2077.0
2024-07-03 12:44:00,EDIT,4.644999980926514,4.644999980926514,4.650000095367432,4.639999866485596,4.650000095367432,5323.0
2024-07-03 12:44:00,EGRX,5.525000095367432,5.525000095367432,5.53000020980835,5.519999980926514,5.53000020980835,1066.0
2024-07-03 12:44:00,EMBC,11.970000267028809,11.970000267028809,11.970000267028809,11.9399995803833,11.9399995803833,2243.0
2024-07-03 12:44:00,ENSG,126.91999816894531,126.91999816894531,126.91999816894531,126.91999816894531,126.91999816894531,551.0
2024-07-03 12:44:00,ENTA,13.069999694824219,13.069999694824219,13.069999694824219,13.069999694824219,13.069999694824219,5.0
2024-07-03 12:44:00,ENVB,0.5097000002861023,0.5097000002861023,0.5097000002861023,0.5097000002861023,0.5097000002861023,23900.0
2024-07-03 12:44:00,EOLS,10.960000038146973,10.960000038146973,10.960000038146973,10.960000038146973,10.960000038146973,505.0
2024-07-03 12:44:00,EQ,0.6620000004768372,0.6620000004768372,0.6620000004768372,0.6620000004768372,0.6620000004768372,235.0
2024-07-03 12:44:00,ERAS,2.2100000381469727,2.2100000381469727,2.2100000381469727,2.2049999237060547,2.2049999237060547,962.0
2024-07-03 12:44:00,ESPR,2.369999885559082,2.369999885559082,2.369999885559082,2.369999885559082,2.369999885559082,4256.0
2024-07-03 12:44:00,ETNB,7.449999809265137,7.449999809265137,7.460000038146973,7.440000057220459,7.440000057220459,2222.0
2024-07-03 12:44:00,EWTX,18.549999237060547,18.549999237060547,18.690000534057617,18.549999237060547,18.649999618530273,4231.0
2024-07-03 12:44:00,EXAI,5.46999979019165,5.46999979019165,5.480000019073486,5.46999979019165,5.480000019073486,408.0
2024-07-03 12:44:00,EXAS,43.21500015258789,43.21500015258789,43.22999954223633,43.21500015258789,43.220001220703125,3619.0
2024-07-03 12:44:00,EXEL,21.8700008392334,21.8700008392334,21.8799991607666,21.8700008392334,21.875,1439.0
2024-07-03 12:44:00,EYPT,8.6899995803833,8.6899995803833,8.710000038146973,8.667499542236328,8.710000038146973,5355.0
2024-07-03 12:44:00,FATE,3.1600000858306885,3.1600000858306885,3.1600000858306885,3.1600000858306885,3.1600000858306885,1844.0
2024-07-03 12:44:00,FDMT,20.760000228881836,20.760000228881836,20.760000228881836,20.75,20.75,661.0
2024-07-03 12:44:00,FGEN,0.7145000100135803,0.7145000100135803,0.7145000100135803,0.7145000100135803,0.7145000100135803,973.0
2024-07-03 12:44:00,FHTX,5.420000076293945,5.420000076293945,5.420000076293945,5.420000076293945,5.420000076293945,314.0
2024-07-03 12:44:00,FOLD,9.854999542236328,9.854999542236328,9.859999656677246,9.854999542236328,9.859999656677246,2720.0
2024-07-03 12:44:00,FULC,6.119999885559082,6.119999885559082,6.125,6.119999885559082,6.125,2412.0
2024-07-03 12:44:00,GALT,2.170099973678589,2.170099973678589,2.170099973678589,2.170099973678589,2.170099973678589,3808.0
2024-07-03 12:44:00,GANX,1.1399999856948853,1.1399999856948853,1.1399999856948853,1.1399999856948853,1.1399999856948853,111.0
2024-07-03 12:44:00,GDRX,7.789999961853027,7.789999961853027,7.789999961853027,7.789999961853027,7.789999961853027,1721.0
2024-07-03 12:44:00,GERN,4.324999809265137,4.324999809265137,4.324999809265137,4.315000057220459,4.320000171661377,42801.0
2024-07-03 12:44:00,GH,28.329999923706055,28.329999923706055,28.364999771118164,28.270000457763672,28.364999771118164,11251.0
2024-07-03 12:44:00,GHRS,11.949999809265137,11.949999809265137,11.949999809265137,11.949999809265137,11.949999809265137,300.0
2024-07-03 12:44:00,GILD,67.01000213623047,67.01000213623047,67.02999877929688,67.0,67.00499725341797,9347.0
2024-07-03 12:44:00,GLSI,16.540000915527344,16.540000915527344,16.540000915527344,16.485000610351562,16.485000610351562,2066.0
2024-07-03 12:44:00,GOSS,0.98580002784729,0.98580002784729,0.9878000020980835,0.9855999946594238,0.9855999946594238,772.0
2024-07-03 12:44:00,GOVX,2.859999895095825,2.859999895095825,2.869999885559082,2.859999895095825,2.869999885559082,2608.0
2024-07-03 12:44:00,GRFS,6.664999961853027,6.664999961853027,6.664999961853027,6.659999847412109,6.664999961853027,751.0
2024-07-03 12:44:00,GRTS,0.5709999799728394,0.5709999799728394,0.5709999799728394,0.5709999799728394,0.5709999799728394,6508.0
2024-07-03 12:44:00,GTHX,2.5950000286102295,2.5950000286102295,2.5950000286102295,2.5899999141693115,2.5899999141693115,1656.0
2024-07-03 12:44:00,HALO,52.150001525878906,52.150001525878906,52.2400016784668,52.13999938964844,52.209999084472656,6376.0
2024-07-03 12:44:00,HCAT,6.179999828338623,6.179999828338623,6.179999828338623,6.159999847412109,6.170000076293945,4287.0
2024-07-03 12:44:00,HCSG,10.604999542236328,10.604999542236328,10.625,10.604999542236328,10.619999885559082,4441.0
2024-07-03 12:44:00,HOLX,73.37220001220703,73.37220001220703,73.38500213623047,73.36000061035156,73.38500213623047,4282.0
2024-07-03 12:44:00,HOWL,2.059999942779541,2.059999942779541,2.059999942779541,2.059999942779541,2.059999942779541,1169.0
2024-07-03 12:44:00,HQY,83.75,83.75,83.80999755859375,83.7300033569336,83.80999755859375,2055.0
2024-07-03 12:44:00,HRMY,30.704999923706055,30.704999923706055,30.799999237060547,30.704999923706055,30.799999237060547,1086.0
2024-07-03 12:44:00,HROW,21.5,21.5,21.559999465942383,21.5,21.559999465942383,863.0
2024-07-03 12:44:00,HRTX,2.7149999141693115,2.7149999141693115,2.7200000286102295,2.7100000381469727,2.7200000286102295,13811.0
2024-07-03 12:44:00,HSCS,4.810100078582764,4.810100078582764,4.810100078582764,4.810100078582764,4.810100078582764,483.0
2024-07-03 12:44:00,HSIC,65.125,65.125,65.125,65.05999755859375,65.05999755859375,4018.0
2024-07-03 12:44:00,HUGE,0.14569999277591705,0.14569999277591705,0.14569999277591705,0.14569999277591705,0.14569999277591705,23734.0
2024-07-03 12:44:00,HUMA,5.775000095367432,5.775000095367432,5.789999961853027,5.775000095367432,5.789999961853027,8116.0
2024-07-03 12:44:00,IBRX,6.255000114440918,6.255000114440918,6.269999980926514,6.255000114440918,6.269999980926514,2999.0
2024-07-03 12:44:00,ICCM,0.7400000095367432,0.7400000095367432,0.7400000095367432,0.7400000095367432,0.7400000095367432,504.0
2024-07-03 12:44:00,ICLR,317.92999267578125,317.92999267578125,318.1499938964844,317.6700134277344,317.6700134277344,4942.0
2024-07-03 12:44:00,IDXX,478.739990234375,478.739990234375,478.739990234375,478.739990234375,478.739990234375,1242.0
2024-07-03 12:44:00,IDYA,33.20000076293945,33.20000076293945,33.25,33.18000030517578,33.2400016784668,2584.0
2024-07-03 12:44:00,IINN,1.2999999523162842,1.2999999523162842,1.3200000524520874,1.2999999523162842,1.3200000524520874,2137.0
2024-07-03 12:44:00,IKNA,1.649999976158142,1.649999976158142,1.649999976158142,1.649999976158142,1.649999976158142,288.0
2024-07-03 12:44:00,ILMN,105.8499984741211,105.8499984741211,105.86499786376953,105.81999969482422,105.86499786376953,2949.0
2024-07-03 12:44:00,IMCR,35.959999084472656,35.959999084472656,35.959999084472656,35.959999084472656,35.959999084472656,275.0
2024-07-03 12:44:00,IMMP,1.9950000047683716,1.9950000047683716,1.9950000047683716,1.9950000047683716,1.9950000047683716,342.0
2024-07-03 12:44:00,IMMX,2.3450000286102295,2.3450000286102295,2.3450000286102295,2.3450000286102295,2.3450000286102295,750.0
2024-07-03 12:44:00,IMNM,12.039999961853027,12.039999961853027,12.039999961853027,12.039999961853027,12.039999961853027,503.0
2024-07-03 12:44:00,IMRX,1.1299999952316284,1.1299999952316284,1.1299999952316284,1.1299999952316284,1.1299999952316284,800.0
2024-07-03 12:44:00,IMTX,11.829999923706055,11.829999923706055,11.920000076293945,11.829999923706055,11.920000076293945,3253.0
2024-07-03 12:44:00,IMUX,1.149999976158142,1.149999976158142,1.149999976158142,1.149999976158142,1.149999976158142,200.0
2024-07-03 12:44:00,IMVT,26.020000457763672,26.020000457763672,26.020000457763672,26.020000457763672,26.020000457763672,1464.0
2024-07-03 12:44:00,INAB,0.8001000285148621,0.8001000285148621,0.8001000285148621,0.8001000285148621,0.8001000285148621,7745.0
2024-07-03 12:44:00,INBX,13.300000190734863,13.300000190734863,13.300000190734863,13.300000190734863,13.300000190734863,159.0
2024-07-03 12:44:00,INCY,57.65999984741211,57.65999984741211,57.68000030517578,57.65999984741211,57.66999816894531,9374.0
2024-07-03 12:44:00,INGN,8.010000228881836,8.010000228881836,8.010000228881836,7.980000019073486,8.010000228881836,2772.0
2024-07-03 12:44:00,INMD,17.530000686645508,17.530000686645508,17.540000915527344,17.530000686645508,17.540000915527344,1493.0
2024-07-03 12:44:00,INSM,62.0,62.0,62.13999938964844,61.939998626708984,62.13999938964844,25283.0
2024-07-03 12:44:00,INVA,16.364999771118164,16.364999771118164,16.364999771118164,16.364999771118164,16.364999771118164,885.0
2024-07-03 12:44:00,INVO,0.7601000070571899,0.7601000070571899,0.7601000070571899,0.7601000070571899,0.7601000070571899,300.0
2024-07-03 12:44:00,INZY,4.460000038146973,4.460000038146973,4.465000152587891,4.460000038146973,4.465000152587891,1317.0
2024-07-03 12:44:00,IONM,0.3156999945640564,0.3156999945640564,0.3156999945640564,0.3156999945640564,0.3156999945640564,684.0
2024-07-03 12:44:00,IONS,45.279998779296875,45.279998779296875,45.279998779296875,45.279998779296875,45.279998779296875,985.0
2024-07-03 12:44:00,IOVA,7.329999923706055,7.329999923706055,7.34499979019165,7.324999809265137,7.340000152587891,51711.0
2024-07-03 12:44:00,IPSC,2.2200000286102295,2.2200000286102295,2.2200000286102295,2.2200000286102295,2.2200000286102295,302.0
2024-07-03 12:44:00,IRTC,95.91000366210938,95.91000366210938,96.0,95.91000366210938,96.0,1091.0
2024-07-03 12:44:00,IRWD,6.085000038146973,6.085000038146973,6.085000038146973,6.085000038146973,6.085000038146973,1218.0
2024-07-03 12:44:00,ISRG,435.2200012207031,435.2200012207031,435.30999755859375,435.1499938964844,435.1499938964844,2809.0
2024-07-03 12:44:00,ITCI,68.83000183105469,68.83000183105469,69.0199966430664,68.83000183105469,69.0199966430664,2326.0
2024-07-03 12:44:00,IVVD,1.0950000286102295,1.0950000286102295,1.0950000286102295,1.0950000286102295,1.0950000286102295,401.0
2024-07-03 12:44:00,JANX,38.15999984741211,38.15999984741211,38.244998931884766,38.15999984741211,38.18000030517578,1524.0
2024-07-03 12:44:00,JAZZ,103.06999969482422,103.06999969482422,103.0999984741211,103.06999969482422,103.08000183105469,1010.0
2024-07-03 12:44:00,JSPR,22.270000457763672,22.270000457763672,22.40999984741211,22.270000457763672,22.40999984741211,1229.0
2024-07-03 12:44:00,KMDA,5.130000114440918,5.130000114440918,5.130000114440918,5.130000114440918,5.130000114440918,1597.0
2024-07-03 12:44:00,KPTI,0.8220999836921692,0.8220999836921692,0.8220999836921692,0.8220999836921692,0.8220999836921692,2418.0
2024-07-03 12:44:00,KRMD,2.5299999713897705,2.5299999713897705,2.5299999713897705,2.5299999713897705,2.5299999713897705,385.0
2024-07-03 12:44:00,KTRA,0.27889999747276306,0.27889999747276306,0.2793000042438507,0.27889999747276306,0.2793000042438507,8816.0
2024-07-03 12:44:00,KURA,20.079999923706055,20.079999923706055,20.09000015258789,20.079999923706055,20.079999923706055,1916.0
2024-07-03 12:44:00,KYMR,30.075000762939453,30.075000762939453,30.165000915527344,30.075000762939453,30.165000915527344,2000.0
2024-07-03 12:44:00,LAB,1.8700000047683716,1.8700000047683716,1.8700000047683716,1.8600000143051147,1.8600000143051147,3241.0
2024-07-03 12:44:00,LBPH,32.08250045776367,32.08250045776367,32.13999938964844,32.08000183105469,32.11000061035156,4504.0
2024-07-03 12:44:00,LEGN,45.959999084472656,45.959999084472656,45.9900016784668,45.939998626708984,45.970001220703125,3052.0
2024-07-03 12:44:00,LFMD,6.784999847412109,6.784999847412109,6.789999961853027,6.78000020980835,6.789999961853027,1750.0
2024-07-03 12:44:00,LFST,5.105000019073486,5.105000019073486,5.114999771118164,5.099999904632568,5.114999771118164,4081.0
2024-07-03 12:44:00,LGVN,1.6191999912261963,1.6191999912261963,1.6191999912261963,1.6191999912261963,1.6191999912261963,272.0
2024-07-03 12:44:00,LIVN,52.709999084472656,52.709999084472656,52.72999954223633,52.69499969482422,52.69499969482422,2053.0
2024-07-03 12:44:00,LMAT,81.27999877929688,81.27999877929688,81.27999877929688,81.27999877929688,81.27999877929688,162.0
2024-07-03 12:44:00,LNTH,79.68000030517578,79.68000030517578,79.69000244140625,79.68000030517578,79.69000244140625,1294.0
2024-07-03 12:44:00,LQDA,11.979999542236328,11.979999542236328,11.979999542236328,11.979999542236328,11.979999542236328,1449.0
2024-07-03 12:44:00,LUCY,0.46790000796318054,0.46790000796318054,0.46790000796318054,0.46230000257492065,0.46230000257492065,5594.0
2024-07-03 12:44:00,LXRX,1.6349999904632568,1.6349999904632568,1.6349999904632568,1.6349999904632568,1.6349999904632568,367.0
2024-07-03 12:44:00,LYEL,1.5049999952316284,1.5049999952316284,1.5049999952316284,1.5049999952316284,1.5049999952316284,104.0
2024-07-03 12:44:00,MASI,114.47010040283203,114.47010040283203,114.51000213623047,114.47010040283203,114.51000213623047,480.0
2024-07-03 12:44:00,MASS,4.889999866485596,4.889999866485596,4.889999866485596,4.889999866485596,4.889999866485596,200.0
2024-07-03 12:44:00,MBIO,0.49000000953674316,0.49000000953674316,0.49079999327659607,0.49000000953674316,0.49079999327659607,943.0
2024-07-03 12:44:00,MCRB,0.734499990940094,0.734499990940094,0.734499990940094,0.7318000197410583,0.734000027179718,2071.0
2024-07-03 12:44:00,MDWD,14.430000305175781,14.430000305175781,14.4399995803833,14.430000305175781,14.4399995803833,654.0
2024-07-03 12:44:00,MDXG,6.784999847412109,6.784999847412109,6.789000034332275,6.784999847412109,6.789000034332275,1474.0
2024-07-03 12:44:00,ME,0.4077000021934509,0.4077000021934509,0.4090999960899353,0.40689998865127563,0.40689998865127563,23022.0
2024-07-03 12:44:00,MEDP,403.7950134277344,403.7950134277344,404.7200012207031,403.4800109863281,404.7200012207031,3550.0
2024-07-03 12:44:00,MGNX,4.175000190734863,4.175000190734863,4.179999828338623,4.175000190734863,4.178899765014648,1622.0
2024-07-03 12:44:00,MGTX,4.0,4.0,4.0,4.0,4.0,508.0
2024-07-03 12:44:00,MHUA,0.8899999856948853,0.8899999856948853,0.8899999856948853,0.8899999856948853,0.8899999856948853,262.0
2024-07-03 12:44:00,MIRM,33.85499954223633,33.85499954223633,33.89500045776367,33.85499954223633,33.89500045776367,725.0
2024-07-03 12:44:00,MLTX,41.939998626708984,41.939998626708984,41.939998626708984,41.939998626708984,41.939998626708984,1005.0
2024-07-03 12:44:00,MMSI,86.0999984741211,86.0999984741211,86.2249984741211,86.0999984741211,86.2249984741211,2591.0
2024-07-03 12:44:00,MNKD,5.010000228881836,5.010000228881836,5.010000228881836,5.010000228881836,5.010000228881836,764.0
2024-07-03 12:44:00,MNMD,7.099999904632568,7.099999904632568,7.110000133514404,7.099999904632568,7.110000133514404,3322.0
2024-07-03 12:44:00,MODD,1.399999976158142,1.399999976158142,1.399999976158142,1.399999976158142,1.399999976158142,840.0
2024-07-03 12:44:00,MODV,27.690000534057617,27.690000534057617,27.719999313354492,27.690000534057617,27.719999313354492,809.0
2024-07-03 12:44:00,MRNA,115.7300033569336,115.7300033569336,115.7300033569336,115.55999755859375,115.55999755859375,6955.0
2024-07-03 12:44:00,MRNS,1.2050000429153442,1.2050000429153442,1.2050000429153442,1.2050000429153442,1.2050000429153442,3147.0
2024-07-03 12:44:00,MRSN,1.840000033378601,1.840000033378601,1.8450000286102295,1.840000033378601,1.8450000286102295,553.0
2024-07-03 12:44:00,MRUS,52.720001220703125,52.720001220703125,52.720001220703125,52.630001068115234,52.709999084472656,3747.0
2024-07-03 12:44:00,MRVI,7.010000228881836,7.010000228881836,7.010000228881836,6.994999885559082,7.010000228881836,10326.0
2024-07-03 12:44:00,MYGN,24.8700008392334,24.8700008392334,24.8700008392334,24.850000381469727,24.8700008392334,1501.0
2024-07-03 12:44:00,NARI,49.845001220703125,49.845001220703125,49.869998931884766,49.83250045776367,49.83250045776367,1425.0
2024-07-03 12:44:00,NBIX,138.0449981689453,138.0449981689453,138.0500030517578,138.0449981689453,138.0449981689453,485.0
2024-07-03 12:44:00,NDRA,0.09009999781847,0.09009999781847,0.09220000356435776,0.09009999781847,0.09220000356435776,364054.0
2024-07-03 12:44:00,NEO,13.720000267028809,13.720000267028809,13.729999542236328,13.710000038146973,13.71500015258789,4537.0
2024-07-03 12:44:00,NEOG,15.104999542236328,15.104999542236328,15.104999542236328,15.100000381469727,15.100000381469727,2078.0
2024-07-03 12:44:00,NKTR,1.284999966621399,1.284999966621399,1.284999966621399,1.284999966621399,1.284999966621399,660.0
2024-07-03 12:44:00,NKTX,5.315000057220459,5.315000057220459,5.319200038909912,5.315000057220459,5.315000057220459,1798.0
2024-07-03 12:44:00,NLSP,0.20180000364780426,0.20180000364780426,0.20180000364780426,0.20170000195503235,0.20170000195503235,3000.0
2024-07-03 12:44:00,NNOX,7.03000020980835,7.03000020980835,7.050000190734863,7.03000020980835,7.040800094604492,6698.0
2024-07-03 12:44:00,NPCE,7.300000190734863,7.300000190734863,7.300000190734863,7.2621002197265625,7.28000020980835,2496.0
2024-07-03 12:44:00,NRBO,4.539999961853027,4.539999961853027,4.539999961853027,4.539999961853027,4.539999961853027,651.0
2024-07-03 12:44:00,NRC,23.04010009765625,23.04010009765625,23.04010009765625,23.04010009765625,23.04010009765625,938.0
2024-07-03 12:44:00,NRIX,19.44099998474121,19.44099998474121,19.459999084472656,19.44099998474121,19.459999084472656,1005.0
2024-07-03 12:44:00,NRSN,1.2818000316619873,1.2818000316619873,1.2818000316619873,1.2818000316619873,1.2818000316619873,1400.0
2024-07-03 12:44:00,NTLA,22.75,22.75,22.795000076293945,22.739999771118164,22.795000076293945,7158.0
2024-07-03 12:44:00,NTRA,111.6050033569336,111.6050033569336,111.63500213623047,111.58999633789062,111.63500213623047,2323.0
2024-07-03 12:44:00,NUVL,72.34500122070312,72.34500122070312,72.36000061035156,72.22000122070312,72.33999633789062,3204.0
2024-07-03 12:44:00,NUWE,3.889899969100952,3.889899969100952,3.889899969100952,3.889899969100952,3.889899969100952,307.0
2024-07-03 12:44:00,NVAX,12.475000381469727,12.475000381469727,12.489999771118164,12.460000038146973,12.479999542236328,11277.0
2024-07-03 12:44:00,NVCR,16.8799991607666,16.8799991607666,16.889999389648438,16.84000015258789,16.889999389648438,4533.0
2024-07-03 12:44:00,NVCT,6.260000228881836,6.260000228881836,6.260000228881836,6.230000019073486,6.23799991607666,1670.0
2024-07-03 12:44:00,OCGN,1.6349999904632568,1.6349999904632568,1.6449999809265137,1.6302000284194946,1.6449999809265137,58582.0
2024-07-03 12:44:00,OCUL,6.65500020980835,6.65500020980835,6.659999847412109,6.65500020980835,6.659999847412109,1487.0
2024-07-03 12:44:00,OKYO,1.1799999475479126,1.1799999475479126,1.1799999475479126,1.1799999475479126,1.1799999475479126,50.0
2024-07-03 12:44:00,OLK,25.739999771118164,25.739999771118164,25.739999771118164,25.739999771118164,25.739999771118164,466.0
2024-07-03 12:44:00,OLMA,10.460000038146973,10.460000038146973,10.5,10.460000038146973,10.5,5130.0
2024-07-03 12:44:00,OM,3.872499942779541,3.872499942779541,3.872499942779541,3.869999885559082,3.869999885559082,595.0
2024-07-03 12:44:00,OMCL,26.75,26.75,26.75,26.75,26.75,305.0
2024-07-03 12:44:00,OMGA,1.8949999809265137,1.8949999809265137,1.899999976158142,1.8899999856948853,1.899999976158142,3736.0
2024-07-03 12:44:00,ONCY,1.0049999952316284,1.0049999952316284,1.0049999952316284,1.0049999952316284,1.0049999952316284,1800.0
2024-07-03 12:45:00,AADI,1.399999976158142,1.399999976158142,1.399999976158142,1.399999976158142,1.399999976158142,256.0
2024-07-03 12:45:00,ABCL,2.700000047683716,2.700000047683716,2.700000047683716,2.694999933242798,2.694999933242798,1432.0
2024-07-03 12:45:00,ABIO,3.444200038909912,3.444200038909912,3.444200038909912,3.444200038909912,3.444200038909912,3500.0
2024-07-03 12:45:00,ABOS,2.319999933242798,2.319999933242798,2.319999933242798,2.305000066757202,2.305000066757202,8797.0
2024-07-03 12:45:00,ABSI,3.200000047683716,3.200000047683716,3.200000047683716,3.190200090408325,3.194999933242798,2801.0
2024-07-03 12:45:00,ABUS,3.1600000858306885,3.1600000858306885,3.1600000858306885,3.1500000953674316,3.1549999713897705,1226.0
2024-07-03 12:45:00,ACAD,15.585000038146973,15.585000038146973,15.600000381469727,15.579999923706055,15.59000015258789,3142.0
2024-07-03 12:45:00,ACB,4.90500020980835,4.90500020980835,4.909999847412109,4.90500020980835,4.909999847412109,2802.0
2024-07-03 12:45:00,ACCD,3.569999933242798,3.569999933242798,3.5799999237060547,3.569999933242798,3.5799999237060547,13470.0
2024-07-03 12:45:00,ACET,1.0800000429153442,1.0800000429153442,1.0800000429153442,1.0800000429153442,1.0800000429153442,471.0
2024-07-03 12:45:00,ACHC,66.87999725341797,66.87999725341797,66.88999938964844,66.83999633789062,66.87000274658203,3974.0
2024-07-03 12:45:00,ACIU,3.805000066757202,3.805000066757202,3.809999942779541,3.805000066757202,3.809999942779541,1468.0
2024-07-03 12:45:00,ACRS,1.149999976158142,1.149999976158142,1.1549999713897705,1.149999976158142,1.149999976158142,4916.0
2024-07-03 12:45:00,ADMA,11.244999885559082,11.244999885559082,11.319999694824219,11.239999771118164,11.319999694824219,17702.0
2024-07-03 12:45:00,ADPT,3.4149999618530273,3.4149999618530273,3.4200000762939453,3.4149999618530273,3.4149999618530273,2302.0
2024-07-03 12:45:00,ADVM,7.139999866485596,7.139999866485596,7.139999866485596,7.139999866485596,7.139999866485596,276.0
2024-07-03 12:45:00,AEMD,0.39820000529289246,0.39820000529289246,0.4032000005245209,0.396699994802475,0.40119999647140503,92762.0
2024-07-03 12:45:00,AFMD,5.0746002197265625,5.0746002197265625,5.0746002197265625,5.0746002197265625,5.0746002197265625,810.0
2024-07-03 12:45:00,AGEN,14.329999923706055,14.329999923706055,14.329999923706055,14.329999923706055,14.329999923706055,489.0
2024-07-03 12:45:00,AGIO,41.85499954223633,41.85499954223633,41.86000061035156,41.83000183105469,41.86000061035156,1320.0
2024-07-03 12:45:00,AHCO,9.779999732971191,9.779999732971191,9.78499984741211,9.779999732971191,9.78499984741211,2347.0
2024-07-03 12:45:00,AIMD,1.065000057220459,1.065000057220459,1.0700000524520874,1.0199999809265137,1.0299999713897705,77246.0
2024-07-03 12:45:00,AKBA,0.9501000046730042,0.9501000046730042,0.9516000151634216,0.9490000009536743,0.9505000114440918,9576.0
2024-07-03 12:45:00,AKYA,2.119999885559082,2.119999885559082,2.125,2.119999885559082,2.125,653.0
2024-07-03 12:45:00,ALEC,4.414999961853027,4.414999961853027,4.414999961853027,4.414999961853027,4.414999961853027,421.0
2024-07-03 12:45:00,ALGN,242.11000061035156,242.11000061035156,242.11000061035156,241.7899932861328,241.91000366210938,6712.0
2024-07-03 12:45:00,ALGS,0.4250999987125397,0.4250999987125397,0.4250999987125397,0.42500001192092896,0.4250999987125397,3639.0
2024-07-03 12:45:00,ALHC,7.96999979019165,7.96999979019165,7.980000019073486,7.96999979019165,7.980000019073486,2198.0
2024-07-03 12:45:00,ALKS,24.200000762939453,24.200000762939453,24.225000381469727,24.200000762939453,24.225000381469727,3589.0
2024-07-03 12:45:00,ALLK,0.8288999795913696,0.8288999795913696,0.8288999795913696,0.8288999795913696,0.8288999795913696,2982.0
2024-07-03 12:45:00,ALLO,2.0950000286102295,2.0950000286102295,2.0950000286102295,2.0899999141693115,2.0950000286102295,2644.0
2024-07-03 12:45:00,ALLR,0.20000000298023224,0.20000000298023224,0.20200000703334808,0.20000000298023224,0.20100000500679016,34801.0
2024-07-03 12:45:00,ALNY,246.53500366210938,246.53500366210938,246.53500366210938,246.22999572753906,246.22999572753906,3998.0
2024-07-03 12:45:00,ALT,6.539999961853027,6.539999961853027,6.554999828338623,6.525000095367432,6.525000095367432,16918.0
2024-07-03 12:45:00,ALVR,0.7372000217437744,0.7372000217437744,0.7372000217437744,0.7372000217437744,0.7372000217437744,284.0
2024-07-03 12:45:00,ALXO,5.679999828338623,5.679999828338623,5.679999828338623,5.670000076293945,5.670000076293945,726.0
2024-07-03 12:45:00,AMED,97.12989807128906,97.12989807128906,97.16000366210938,97.0999984741211,97.16000366210938,5033.0
2024-07-03 12:45:00,AMGN,308.6400146484375,308.6400146484375,308.82000732421875,308.6099853515625,308.7900085449219,7106.0
2024-07-03 12:45:00,AMPH,38.165000915527344,38.165000915527344,38.18000030517578,38.13999938964844,38.14500045776367,910.0
2024-07-03 12:45:00,ANAB,24.940000534057617,24.940000534057617,24.989999771118164,24.889999389648438,24.979999542236328,6149.0
2024-07-03 12:45:00,ANGO,5.670000076293945,5.670000076293945,5.679999828338623,5.670000076293945,5.679999828338623,2994.0
2024-07-03 12:45:00,ANNX,4.764999866485596,4.764999866485596,4.78000020980835,4.760000228881836,4.78000020980835,9583.0
2024-07-03 12:45:00,ANTX,2.5899999141693115,2.5899999141693115,2.5999999046325684,2.5899999141693115,2.5999999046325684,1481.0
2024-07-03 12:45:00,APDN,0.4000999927520752,0.4000999927520752,0.4018999934196472,0.4000999927520752,0.4018999934196472,743.0
2024-07-03 12:45:00,APLS,35.16999816894531,35.16999816894531,35.189998626708984,35.16999816894531,35.189998626708984,1755.0
2024-07-03 12:45:00,APLT,4.335000038146973,4.335000038146973,4.340000152587891,4.329999923706055,4.340000152587891,2801.0
2024-07-03 12:45:00,AQST,2.4049999713897705,2.4049999713897705,2.4049999713897705,2.4000000953674316,2.4000000953674316,2129.0
2024-07-03 12:45:00,ARCT,21.850000381469727,21.850000381469727,21.850000381469727,21.850000381469727,21.850000381469727,655.0
2024-07-03 12:45:00,ARDX,5.304999828338623,5.304999828338623,5.34499979019165,5.300000190734863,5.340000152587891,24780.0
2024-07-03 12:45:00,ARGX,435.1400146484375,435.1400146484375,435.1400146484375,435.1400146484375,435.1400146484375,1183.0
2024-07-03 12:45:00,ARQT,9.559900283813477,9.559900283813477,9.559900283813477,9.545000076293945,9.545000076293945,4022.0
2024-07-03 12:45:00,ARVN,23.8799991607666,23.8799991607666,23.90999984741211,23.8799991607666,23.90999984741211,1421.0
2024-07-03 12:45:00,ARWR,24.940000534057617,24.940000534057617,24.940000534057617,24.899999618530273,24.899999618530273,3468.0
2024-07-03 12:45:00,ASMB,12.390000343322754,12.390000343322754,12.390000343322754,12.319999694824219,12.319999694824219,4180.0
2024-07-03 12:45:00,ASRT,1.3499000072479248,1.3499000072479248,1.350000023841858,1.3300000429153442,1.3350000381469727,23299.0
2024-07-03 12:45:00,ATAI,1.284999966621399,1.284999966621399,1.2899999618530273,1.284999966621399,1.2899999618530273,1750.0
2024-07-03 12:45:00,ATEC,9.994999885559082,9.994999885559082,10.029999732971191,9.994999885559082,10.029999732971191,5991.0
2024-07-03 12:45:00,ATOS,1.159999966621399,1.159999966621399,1.159999966621399,1.159999966621399,1.159999966621399,239.0
2024-07-03 12:45:00,ATRC,22.420000076293945,22.420000076293945,22.440000534057617,22.420000076293945,22.420000076293945,3186.0
2024-07-03 12:45:00,ATXS,9.050000190734863,9.050000190734863,9.0649995803833,9.050000190734863,9.0649995803833,627.0
2024-07-03 12:45:00,AUGX,0.9983999729156494,0.9983999729156494,0.9983999729156494,0.9973999857902527,0.9973999857902527,3200.0
2024-07-03 12:45:00,AUPH,5.480000019073486,5.480000019073486,5.480000019073486,5.474999904632568,5.474999904632568,752.0
2024-07-03 12:45:00,AURA,6.909999847412109,6.909999847412109,6.920000076293945,6.909999847412109,6.920000076293945,1139.0
2024-07-03 12:45:00,AUTL,3.4549999237060547,3.4549999237060547,3.4549999237060547,3.4549999237060547,3.4549999237060547,405.0
2024-07-03 12:45:00,AVDL,14.5,14.5,14.5,14.475000381469727,14.475000381469727,1290.0
2024-07-03 12:45:00,AVTE,1.6699999570846558,1.6699999570846558,1.6699999570846558,1.6699999570846558,1.6699999570846558,212.0
2024-07-03 12:45:00,AVXL,4.130000114440918,4.130000114440918,4.130000114440918,4.125,4.125,2493.0
2024-07-03 12:45:00,AWH,0.9399999976158142,0.9399999976158142,0.9399999976158142,0.9399999976158142,0.9399999976158142,0.0
2024-07-03 12:45:00,AXGN,7.579999923706055,7.579999923706055,7.579999923706055,7.559999942779541,7.559999942779541,3172.0
2024-07-03 12:45:00,AXSM,79.80500030517578,79.80500030517578,79.80500030517578,79.76000213623047,79.79499816894531,1968.0
2024-07-03 12:45:00,AZN,76.82499694824219,76.82499694824219,76.83499908447266,76.80999755859375,76.80999755859375,7664.0
2024-07-03 12:45:00,AZTA,52.2599983215332,52.2599983215332,52.36000061035156,52.2599983215332,52.34000015258789,3975.0
2024-07-03 12:45:00,BBIO,25.06999969482422,25.06999969482422,25.110000610351562,25.06999969482422,25.09910011291504,207941.0
2024-07-03 12:45:00,BCAB,1.4199999570846558,1.4199999570846558,1.4199999570846558,1.4049999713897705,1.4049999713897705,10021.0
2024-07-03 12:45:00,BCLI,0.3440999984741211,0.3440999984741211,0.3440999984741211,0.3440999984741211,0.3440999984741211,1752.0
2024-07-03 12:45:00,BCRX,6.420000076293945,6.420000076293945,6.434999942779541,6.420000076293945,6.434999942779541,4178.0
2024-07-03 12:45:00,BDSX,1.6100000143051147,1.6100000143051147,1.6100000143051147,1.6100000143051147,1.6100000143051147,310.0
2024-07-03 12:45:00,BDTX,4.349999904632568,4.349999904632568,4.349999904632568,4.349999904632568,4.349999904632568,1729.0
2024-07-03 12:45:00,BEAM,23.520000457763672,23.520000457763672,23.540000915527344,23.520000457763672,23.540000915527344,1505.0
2024-07-03 12:45:00,BGNE,147.9250030517578,147.9250030517578,147.9250030517578,147.9250030517578,147.9250030517578,847.0
2024-07-03 12:45:00,BGXX,0.2671999931335449,0.2671999931335449,0.27149999141693115,0.2671999931335449,0.27149999141693115,14361.0
2024-07-03 12:45:00,BIIB,224.11000061035156,224.11000061035156,224.23500061035156,224.11000061035156,224.23500061035156,874.0
2024-07-03 12:45:00,BIOR,0.6304000020027161,0.6304000020027161,0.6304000020027161,0.6304000020027161,0.6304000020027161,503.0
2024-07-03 12:45:00,BJDX,0.6301000118255615,0.6301000118255615,0.6301000118255615,0.6301000118255615,0.6301000118255615,400.0
2024-07-03 12:45:00,BLFS,19.93000030517578,19.93000030517578,20.014999389648438,19.93000030517578,20.010000228881836,2415.0
2024-07-03 12:45:00,BLRX,0.5252000093460083,0.5252000093460083,0.5252000093460083,0.5252000093460083,0.5252000093460083,1500.0
2024-07-03 12:45:00,BLUE,0.9157999753952026,0.9157999753952026,0.9165999889373779,0.9139999747276306,0.9157000184059143,29246.0
2024-07-03 12:45:00,BMEA,4.349999904632568,4.349999904632568,4.349999904632568,4.340000152587891,4.340000152587891,5995.0
2024-07-03 12:45:00,BMRN,80.76499938964844,80.76499938964844,80.7699966430664,80.75,80.76499938964844,1563.0
2024-07-03 12:45:00,BNGO,0.5745999813079834,0.5745999813079834,0.5745999813079834,0.5745999813079834,0.5745999813079834,365.0
2024-07-03 12:45:00,BNR,6.140399932861328,6.140399932861328,6.140399932861328,6.140399932861328,6.140399932861328,1633.0
2024-07-03 12:45:00,BNTX,79.86000061035156,79.86000061035156,79.86499786376953,79.81500244140625,79.8499984741211,1243.0
2024-07-03 12:45:00,BPMC,109.54000091552734,109.54000091552734,109.58000183105469,109.5199966430664,109.55000305175781,1801.0
2024-07-03 12:45:00,BRKR,61.599998474121094,61.599998474121094,61.65999984741211,61.599998474121094,61.64500045776367,9082.0
2024-07-03 12:45:00,BSGM,0.35499998927116394,0.35499998927116394,0.35499998927116394,0.35499998927116394,0.35499998927116394,1000.0
2024-07-03 12:45:00,BTAI,1.0750000476837158,1.0750000476837158,1.0750000476837158,1.0700000524520874,1.0700000524520874,1980.0
2024-07-03 12:45:00,BVS,5.945000171661377,5.945000171661377,5.945000171661377,5.940000057220459,5.945000171661377,9983.0
2024-07-03 12:45:00,CABA,7.5,7.5,7.5,7.489999771118164,7.489999771118164,1181.0
2024-07-03 12:45:00,CADL,6.164999961853027,6.164999961853027,6.179999828338623,6.150000095367432,6.150000095367432,2445.0
2024-07-03 12:45:00,CAPR,4.809999942779541,4.809999942779541,4.829999923706055,4.809999942779541,4.829999923706055,401.0
2024-07-03 12:45:00,CCCC,4.570000171661377,4.570000171661377,4.579999923706055,4.554999828338623,4.554999828338623,9972.0
2024-07-03 12:45:00,CCRN,13.630000114440918,13.630000114440918,13.630000114440918,13.630000114440918,13.630000114440918,1648.0
2024-07-03 12:45:00,CDMO,7.78000020980835,7.78000020980835,7.799900054931641,7.769999980926514,7.78000020980835,7705.0
2024-07-03 12:45:00,CDNA,15.050000190734863,15.050000190734863,15.050000190734863,15.050000190734863,15.050000190734863,432.0
2024-07-03 12:45:00,CDXS,2.875,2.875,2.875,2.8701000213623047,2.875,899.0
2024-07-03 12:45:00,CELC,16.270000457763672,16.270000457763672,16.270000457763672,16.200000762939453,16.239999771118164,6180.0
2024-07-03 12:45:00,CERE,40.26499938964844,40.26499938964844,40.279998779296875,40.25,40.279998779296875,10063.0
2024-07-03 12:45:00,CERS,1.7100000381469727,1.7100000381469727,1.715000033378601,1.7100000381469727,1.715000033378601,2052.0
2024-07-03 12:45:00,CERT,13.781000137329102,13.781000137329102,13.789999961853027,13.781000137329102,13.789999961853027,1146.0
2024-07-03 12:45:00,CGC,6.509300231933594,6.509300231933594,6.509300231933594,6.509300231933594,6.509300231933594,1709.0
2024-07-03 12:45:00,CGEM,16.610000610351562,16.610000610351562,16.625,16.610000610351562,16.625,712.0
2024-07-03 12:45:00,CING,0.32899999618530273,0.32899999618530273,0.33000001311302185,0.32899999618530273,0.33000001311302185,1240.0
2024-07-03 12:45:00,CKPT,2.184999942779541,2.184999942779541,2.199700117111206,2.1774001121520996,2.184999942779541,3525.0
2024-07-03 12:45:00,CLOV,1.25,1.25,1.2599999904632568,1.25,1.25,723.0
2024-07-03 12:45:00,CLRB,2.447499990463257,2.447499990463257,2.450000047683716,2.441999912261963,2.450000047683716,3204.0
2024-07-03 12:45:00,CMAX,2.3299999237060547,2.3299999237060547,2.3299999237060547,2.318000078201294,2.318000078201294,2100.0
2024-07-03 12:45:00,CMPS,6.210000038146973,6.210000038146973,6.239999771118164,6.210000038146973,6.21999979019165,1533.0
2024-07-03 12:45:00,CMPX,0.8199999928474426,0.8199999928474426,0.8335000276565552,0.8199999928474426,0.8335000276565552,1105.0
2024-07-03 12:45:00,CNSP,1.419700026512146,1.419700026512146,1.4198999404907227,1.409999966621399,1.4149999618530273,10949.0
2024-07-03 12:45:00,COGT,8.359999656677246,8.359999656677246,8.359999656677246,8.359999656677246,8.359999656677246,166.0
2024-07-03 12:45:00,COLL,32.34000015258789,32.34000015258789,32.34000015258789,32.34000015258789,32.34000015258789,1375.0
2024-07-03 12:45:00,CORT,30.399999618530273,30.399999618530273,30.469999313354492,30.399999618530273,30.469999313354492,4439.0
2024-07-03 12:45:00,COSM,0.8999000191688538,0.8999000191688538,0.8999000191688538,0.8999000191688538,0.8999000191688538,931.0
2024-07-03 12:45:00,CPRX,15.319999694824219,15.319999694824219,15.34000015258789,15.319999694824219,15.329999923706055,4496.0
2024-07-03 12:45:00,CRBU,1.5800000429153442,1.5800000429153442,1.5800000429153442,1.5750000476837158,1.5750000476837158,13692.0
2024-07-03 12:45:00,CRDF,2.244999885559082,2.244999885559082,2.244999885559082,2.240000009536743,2.240000009536743,4213.0
2024-07-03 12:45:00,CRMD,4.144999980926514,4.144999980926514,4.144999980926514,4.144999980926514,4.144999980926514,4633.0
2024-07-03 12:45:00,CRNX,44.22999954223633,44.22999954223633,44.23500061035156,44.22999954223633,44.23500061035156,927.0
2024-07-03 12:45:00,CRSP,53.8849983215332,53.8849983215332,53.88999938964844,53.86000061035156,53.88999938964844,1288.0
2024-07-03 12:45:00,CSTL,21.049999237060547,21.049999237060547,21.049999237060547,21.0,21.020000457763672,7792.0
2024-07-03 12:45:00,CTMX,1.2999999523162842,1.2999999523162842,1.3066999912261963,1.2999999523162842,1.2999999523162842,3100.0
2024-07-03 12:45:00,CUE,0.9817000031471252,0.9817000031471252,0.9817000031471252,0.9815999865531921,0.9815999865531921,791.0
2024-07-03 12:45:00,CUTR,1.2949999570846558,1.2949999570846558,1.2949999570846558,1.2949999570846558,1.2949999570846558,1960.0
2024-07-03 12:45:00,CVAC,3.1449999809265137,3.1449999809265137,3.1682000160217285,3.140000104904175,3.161900043487549,36638.0
2024-07-03 12:45:00,CYTK,54.22999954223633,54.22999954223633,54.290000915527344,54.220001220703125,54.25,2866.0
2024-07-03 12:45:00,DAWN,13.354999542236328,13.354999542236328,13.359999656677246,13.350000381469727,13.359999656677246,2301.0
2024-07-03 12:45:00,DBVT,0.8500000238418579,0.8500000238418579,0.8500000238418579,0.8500000238418579,0.8500000238418579,4515.0
2024-07-03 12:45:00,DCGO,2.950000047683716,2.950000047683716,2.950000047683716,2.950000047683716,2.950000047683716,437.0
2024-07-03 12:45:00,DH,5.375,5.375,5.375,5.375,5.375,508.0
2024-07-03 12:45:00,DNLI,21.399999618530273,21.399999618530273,21.40999984741211,21.399999618530273,21.40999984741211,2082.0
2024-07-03 12:45:00,DSGN,3.2100000381469727,3.2100000381469727,3.2100000381469727,3.2100000381469727,3.2100000381469727,200.0
2024-07-03 12:45:00,DVAX,11.074999809265137,11.074999809265137,11.074999809265137,11.074999809265137,11.074999809265137,1509.0
2024-07-03 12:45:00,DXCM,111.2249984741211,111.2249984741211,111.31500244140625,111.20999908447266,111.31500244140625,4137.0
2024-07-03 12:45:00,DYN,33.81999969482422,33.81999969482422,33.84000015258789,33.81999969482422,33.81999969482422,1396.0
2024-07-03 12:45:00,EDIT,4.650000095367432,4.650000095367432,4.650000095367432,4.644999980926514,4.644999980926514,3777.0
2024-07-03 12:45:00,ELEV,2.6700000762939453,2.6700000762939453,2.680000066757202,2.6500000953674316,2.6549999713897705,26425.0
2024-07-03 12:45:00,EMBC,11.979999542236328,11.979999542236328,11.979999542236328,11.979999542236328,11.979999542236328,846.0
2024-07-03 12:45:00,ENSG,126.91999816894531,126.91999816894531,126.91999816894531,126.91999816894531,126.91999816894531,2682.0
2024-07-03 12:45:00,ENVB,0.5095999836921692,0.5095999836921692,0.5097000002861023,0.5095999836921692,0.5097000002861023,500.0
2024-07-03 12:45:00,EOLS,10.949999809265137,10.949999809265137,10.954999923706055,10.949999809265137,10.949999809265137,3920.0
2024-07-03 12:45:00,ERAS,2.194999933242798,2.194999933242798,2.2100000381469727,2.190000057220459,2.2100000381469727,13245.0
2024-07-03 12:45:00,ESPR,2.369999885559082,2.369999885559082,2.369999885559082,2.365000009536743,2.369999885559082,4617.0
2024-07-03 12:45:00,ETNB,7.460000038146973,7.460000038146973,7.460000038146973,7.449999809265137,7.449999809265137,874.0
2024-07-03 12:45:00,EWTX,18.329999923706055,18.329999923706055,18.43000030517578,18.280000686645508,18.43000030517578,6472.0
2024-07-03 12:45:00,EXAI,5.486000061035156,5.486000061035156,5.488999843597412,5.486000061035156,5.488999843597412,310.0
2024-07-03 12:45:00,EXAS,43.279998779296875,43.279998779296875,43.279998779296875,43.220001220703125,43.220001220703125,5605.0
2024-07-03 12:45:00,EXEL,21.8700008392334,21.8700008392334,21.8799991607666,21.8700008392334,21.875,2695.0
2024-07-03 12:45:00,EYEN,0.7897999882698059,0.7897999882698059,0.7897999882698059,0.7897999882698059,0.7897999882698059,690.0
2024-07-03 12:45:00,EYPT,8.680000305175781,8.680000305175781,8.680000305175781,8.670000076293945,8.670000076293945,888.0
2024-07-03 12:45:00,FATE,3.1600000858306885,3.1600000858306885,3.1649999618530273,3.1600000858306885,3.1600000858306885,1841.0
2024-07-03 12:45:00,FDMT,20.739999771118164,20.739999771118164,20.739999771118164,20.739999771118164,20.739999771118164,325.0
2024-07-03 12:45:00,FEMY,1.1050000190734863,1.1050000190734863,1.1050000190734863,1.1050000190734863,1.1050000190734863,326.0
2024-07-03 12:45:00,FGEN,0.7143999934196472,0.7143999934196472,0.7143999934196472,0.7129999995231628,0.7129999995231628,1397.0
2024-07-03 12:45:00,FHTX,5.40500020980835,5.40500020980835,5.40500020980835,5.40500020980835,5.40500020980835,258.0
2024-07-03 12:45:00,FLGT,19.969999313354492,19.969999313354492,19.969999313354492,19.969999313354492,19.969999313354492,373.0
2024-07-03 12:45:00,FOLD,9.845000267028809,9.845000267028809,9.859999656677246,9.845000267028809,9.859999656677246,3020.0
2024-07-03 12:45:00,FULC,6.110000133514404,6.110000133514404,6.114999771118164,6.110000133514404,6.110000133514404,2943.0
2024-07-03 12:45:00,GDRX,7.789999961853027,7.789999961853027,7.795000076293945,7.789999961853027,7.795000076293945,4951.0
2024-07-03 12:45:00,GERN,4.324999809265137,4.324999809265137,4.324999809265137,4.324999809265137,4.324999809265137,6788.0
2024-07-03 12:45:00,GH,28.325000762939453,28.325000762939453,28.350000381469727,28.320100784301758,28.350000381469727,3402.0
2024-07-03 12:45:00,GHRS,11.899999618530273,11.899999618530273,11.949999809265137,11.899999618530273,11.949999809265137,1122.0
2024-07-03 12:45:00,GILD,67.0199966430664,67.0199966430664,67.0250015258789,67.01000213623047,67.0199966430664,7995.0
2024-07-03 12:45:00,GLPG,24.920000076293945,24.920000076293945,24.920000076293945,24.920000076293945,24.920000076293945,899.0
2024-07-03 12:45:00,GLUE,3.809999942779541,3.809999942779541,3.809999942779541,3.7950000762939453,3.7950000762939453,8734.0
2024-07-03 12:45:00,GLYC,0.27250000834465027,0.27250000834465027,0.27399998903274536,0.27250000834465027,0.27399998903274536,55901.0
2024-07-03 12:45:00,GMAB,25.139999389648438,25.139999389648438,25.149999618530273,25.139999389648438,25.149999618530273,1709.0
2024-07-03 12:45:00,GOVX,2.878000020980835,2.878000020980835,2.878000020980835,2.878000020980835,2.878000020980835,621.0
2024-07-03 12:45:00,GTHX,2.5999999046325684,2.5999999046325684,2.5999999046325684,2.5999999046325684,2.5999999046325684,774.0
2024-07-03 12:45:00,HALO,52.16999816894531,52.16999816894531,52.20500183105469,52.15999984741211,52.16999816894531,20860.0
2024-07-03 12:45:00,HCSG,10.621000289916992,10.621000289916992,10.635000228881836,10.604999542236328,10.604999542236328,2672.0
2024-07-03 12:45:00,HOLX,73.31500244140625,73.31500244140625,73.38500213623047,73.31500244140625,73.37999725341797,8464.0
2024-07-03 12:45:00,HOOK,0.5799999833106995,0.5799999833106995,0.5799999833106995,0.5799999833106995,0.5799999833106995,2257.0
2024-07-03 12:45:00,HOWL,2.049999952316284,2.049999952316284,2.049999952316284,2.049999952316284,2.049999952316284,395.0
2024-07-03 12:45:00,HQY,83.72000122070312,83.72000122070312,83.76000213623047,83.72000122070312,83.76000213623047,1316.0
2024-07-03 12:45:00,HRMY,30.65999984741211,30.65999984741211,30.739999771118164,30.649999618530273,30.739999771118164,9020.0
2024-07-03 12:45:00,HROW,21.479999542236328,21.479999542236328,21.5,21.479999542236328,21.5,766.0
2024-07-03 12:45:00,HRTX,2.7149999141693115,2.7149999141693115,2.7200000286102295,2.7149999141693115,2.7149999141693115,4222.0
2024-07-03 12:45:00,HSIC,65.11499786376953,65.11499786376953,65.1500015258789,65.11000061035156,65.1500015258789,3945.0
2024-07-03 12:45:00,HUGE,0.14569999277591705,0.14569999277591705,0.14569999277591705,0.14569999277591705,0.14569999277591705,5901.0
2024-07-03 12:45:00,HUMA,5.759900093078613,5.759900093078613,5.769999980926514,5.755000114440918,5.769999980926514,6260.0
2024-07-03 12:45:00,IART,28.610000610351562,28.610000610351562,28.639999389648438,28.610000610351562,28.610000610351562,2204.0
2024-07-03 12:45:00,IBRX,6.25,6.25,6.255000114440918,6.25,6.255000114440918,1544.0
2024-07-03 12:45:00,ICCC,4.28000020980835,4.28000020980835,4.28000020980835,4.28000020980835,4.28000020980835,850.0
2024-07-03 12:45:00,ICUI,117.9000015258789,117.9000015258789,117.9000015258789,117.9000015258789,117.9000015258789,723.0
2024-07-03 12:45:00,IDXX,478.9800109863281,478.9800109863281,478.9800109863281,478.9800109863281,478.9800109863281,561.0
2024-07-03 12:45:00,IDYA,33.189998626708984,33.189998626708984,33.220001220703125,33.16999816894531,33.189998626708984,2066.0
2024-07-03 12:45:00,IKNA,1.649999976158142,1.649999976158142,1.649999976158142,1.6399999856948853,1.6399999856948853,529.0
2024-07-03 12:45:00,ILMN,105.81999969482422,105.81999969482422,105.86000061035156,105.81999969482422,105.83499908447266,3087.0
2024-07-03 12:45:00,IMAB,1.534999966621399,1.534999966621399,1.534999966621399,1.5299999713897705,1.5299999713897705,500.0
2024-07-03 12:45:00,IMCR,35.9900016784668,35.9900016784668,36.0099983215332,35.96500015258789,35.96500015258789,6495.0
2024-07-03 12:45:00,IMMX,2.3450000286102295,2.3450000286102295,2.3450000286102295,2.3450000286102295,2.3450000286102295,513.0
2024-07-03 12:45:00,IMNM,12.050000190734863,12.050000190734863,12.0600004196167,12.039999961853027,12.039999961853027,4670.0
2024-07-03 12:45:00,IMTX,11.829999923706055,11.829999923706055,11.829999923706055,11.829999923706055,11.829999923706055,365.0
2024-07-03 12:45:00,IMUX,1.149999976158142,1.149999976158142,1.149999976158142,1.149999976158142,1.149999976158142,626.0
2024-07-03 12:45:00,IMVT,25.969999313354492,25.969999313354492,26.0,25.959999084472656,26.0,4688.0
2024-07-03 12:45:00,INCY,57.689998626708984,57.689998626708984,57.70000076293945,57.66999816894531,57.66999816894531,6041.0
2024-07-03 12:45:00,INM,0.262800008058548,0.262800008058548,0.262800008058548,0.25600001215934753,0.25600001215934753,11820.0
2024-07-03 12:45:00,INMD,17.5049991607666,17.5049991607666,17.540000915527344,17.5049991607666,17.540000915527344,2525.0
2024-07-03 12:45:00,INNV,5.059999942779541,5.059999942779541,5.059999942779541,5.059999942779541,5.059999942779541,201.0
2024-07-03 12:45:00,INO,8.34000015258789,8.34000015258789,8.34000015258789,8.34000015258789,8.34000015258789,1367.0
2024-07-03 12:45:00,INSM,61.81999969482422,61.81999969482422,62.0,61.790000915527344,61.9900016784668,32657.0
2024-07-03 12:45:00,INVA,16.364999771118164,16.364999771118164,16.364999771118164,16.364999771118164,16.364999771118164,623.0
2024-07-03 12:45:00,INZY,4.460000038146973,4.460000038146973,4.460000038146973,4.460000038146973,4.460000038146973,222.0
2024-07-03 12:45:00,IONM,0.31290000677108765,0.31290000677108765,0.3156999945640564,0.31290000677108765,0.3156999945640564,9230.0
2024-07-03 12:45:00,IONS,45.290000915527344,45.290000915527344,45.29999923706055,45.279998779296875,45.290000915527344,4357.0
2024-07-03 12:45:00,IOVA,7.335000038146973,7.335000038146973,7.340000152587891,7.329800128936768,7.329800128936768,33054.0
2024-07-03 12:45:00,IRTC,95.68000030517578,95.68000030517578,95.93000030517578,95.68000030517578,95.93000030517578,5638.0
2024-07-03 12:45:00,IRWD,6.085000038146973,6.085000038146973,6.085000038146973,6.079999923706055,6.085000038146973,1210.0
2024-07-03 12:45:00,ISPC,0.2759000062942505,0.2759000062942505,0.2759999930858612,0.27320000529289246,0.2759999930858612,0.0
2024-07-03 12:45:00,ISRG,434.7950134277344,434.7950134277344,435.2900085449219,434.6400146484375,435.0299987792969,6684.0
2024-07-03 12:45:00,ITCI,68.6500015258789,68.6500015258789,68.81999969482422,68.6449966430664,68.81999969482422,2250.0
2024-07-03 12:45:00,JANX,38.209999084472656,38.209999084472656,38.209999084472656,38.150001525878906,38.15999984741211,2009.0
2024-07-03 12:45:00,JAZZ,103.08000183105469,103.08000183105469,103.08999633789062,103.08000183105469,103.08999633789062,1536.0
2024-07-03 12:45:00,JSPR,22.420000076293945,22.420000076293945,22.420000076293945,22.350000381469727,22.350000381469727,853.0
2024-07-03 12:45:00,KALV,11.679400444030762,11.679400444030762,11.679400444030762,11.679400444030762,11.679400444030762,206.0
2024-07-03 12:45:00,KIDS,29.815000534057617,29.815000534057617,29.829999923706055,29.760000228881836,29.760000228881836,1712.0
2024-07-03 12:45:00,KNSA,18.969999313354492,18.969999313354492,18.9950008392334,18.969999313354492,18.9950008392334,1620.0
2024-07-03 12:45:00,KOD,2.200000047683716,2.200000047683716,2.200000047683716,2.200000047683716,2.200000047683716,628.0
2024-07-03 12:45:00,KROS,42.45500183105469,42.45500183105469,42.47999954223633,42.44499969482422,42.44499969482422,2493.0
2024-07-03 12:45:00,KURA,20.06999969482422,20.06999969482422,20.079999923706055,20.06999969482422,20.079999923706055,684.0
2024-07-03 12:45:00,KYMR,30.06999969482422,30.06999969482422,30.06999969482422,30.06999969482422,30.06999969482422,966.0
2024-07-03 12:45:00,KZR,0.5766000151634216,0.5766000151634216,0.5766000151634216,0.5766000151634216,0.5766000151634216,480.0
2024-07-03 12:45:00,LAB,1.8650000095367432,1.8650000095367432,1.8700000047683716,1.8600000143051147,1.8650000095367432,3519.0
2024-07-03 12:45:00,LBPH,31.899999618530273,31.899999618530273,32.15999984741211,31.899999618530273,32.15999984741211,5336.0
2024-07-03 12:45:00,LEGN,45.970001220703125,45.970001220703125,45.970001220703125,45.900001525878906,45.900001525878906,849.0
2024-07-03 12:45:00,LFMD,6.769999980926514,6.769999980926514,6.78000020980835,6.769999980926514,6.78000020980835,2695.0
2024-07-03 12:45:00,LFST,5.105000019073486,5.105000019073486,5.105000019073486,5.105000019073486,5.105000019073486,794.0
2024-07-03 12:45:00,LGND,82.22000122070312,82.22000122070312,82.31500244140625,82.22000122070312,82.31500244140625,899.0
2024-07-03 12:45:00,LIVN,52.66699981689453,52.66699981689453,52.70000076293945,52.66699981689453,52.689998626708984,3337.0
2024-07-03 12:45:00,LMAT,81.2699966430664,81.2699966430664,81.2699966430664,81.2699966430664,81.2699966430664,223.0
2024-07-03 12:45:00,LNSR,4.550000190734863,4.550000190734863,4.550000190734863,4.550000190734863,4.550000190734863,490.0
2024-07-03 12:45:00,LNTH,79.55000305175781,79.55000305175781,79.66500091552734,79.54000091552734,79.66500091552734,1424.0
2024-07-03 12:45:00,LOGC,5.760000228881836,5.760000228881836,5.760000228881836,5.760000228881836,5.760000228881836,240.0
2024-07-03 12:45:00,LQDA,11.979999542236328,11.979999542236328,11.979999542236328,11.979999542236328,11.979999542236328,1473.0
2024-07-03 12:45:00,LRMR,7.704999923706055,7.704999923706055,7.71999979019165,7.704999923706055,7.715000152587891,1218.0
2024-07-03 12:45:00,LUCD,0.7620000243186951,0.7620000243186951,0.7638000249862671,0.7620000243186951,0.7638000249862671,1585.0
2024-07-03 12:45:00,LUCY,0.4650000035762787,0.4650000035762787,0.4650000035762787,0.4650000035762787,0.4650000035762787,897.0
2024-07-03 12:45:00,LUCYW,0.08070000261068344,0.08070000261068344,0.10000000149011612,0.08070000261068344,0.10000000149011612,1717.0
2024-07-03 12:45:00,LUNG,6.320000171661377,6.320000171661377,6.320000171661377,6.320000171661377,6.320000171661377,288.0
2024-07-03 12:45:00,LXRX,1.6399999856948853,1.6399999856948853,1.6399999856948853,1.6349999904632568,1.6399999856948853,2670.0
2024-07-03 12:45:00,LYEL,1.5099999904632568,1.5099999904632568,1.5099999904632568,1.5049999952316284,1.5049999952316284,2284.0
2024-07-03 12:45:00,MASI,114.48999786376953,114.48999786376953,114.56999969482422,114.4800033569336,114.4800033569336,1470.0
2024-07-03 12:45:00,MASS,4.889999866485596,4.889999866485596,4.889999866485596,4.889999866485596,4.889999866485596,236.0
2024-07-03 12:45:00,MBIO,0.4864000082015991,0.4864000082015991,0.48820000886917114,0.4864000082015991,0.4875999987125397,27919.0
2024-07-03 12:45:00,MBOT,1.0499999523162842,1.0499999523162842,1.0549999475479126,1.0499999523162842,1.0549999475479126,5185.0
2024-07-03 12:45:00,MCRB,0.7329999804496765,0.7329999804496765,0.734499990940094,0.7318000197410583,0.734499990940094,3777.0
2024-07-03 12:45:00,MDWD,14.5,14.5,14.5,14.46500015258789,14.46500015258789,2614.0
2024-07-03 12:45:00,MDXG,6.784999847412109,6.784999847412109,6.784999847412109,6.78249979019165,6.78249979019165,3132.0
2024-07-03 12:45:00,ME,0.4083999991416931,0.4083999991416931,0.4083999991416931,0.40779998898506165,0.40779998898506165,19881.0
2024-07-03 12:45:00,MGNX,4.175000190734863,4.175000190734863,4.179999828338623,4.175000190734863,4.175000190734863,3589.0
2024-07-03 12:45:00,MIRM,33.8849983215332,33.8849983215332,33.88999938964844,33.84000015258789,33.88999938964844,833.0
2024-07-03 12:45:00,MNKD,5.010000228881836,5.010000228881836,5.010000228881836,5.010000228881836,5.010000228881836,2238.0
2024-07-03 12:45:00,MNMD,7.090000152587891,7.090000152587891,7.110000133514404,7.090000152587891,7.110000133514404,2029.0
2024-07-03 12:45:00,MODD,1.399999976158142,1.399999976158142,1.399999976158142,1.399999976158142,1.399999976158142,3030.0
2024-07-03 12:45:00,MORF,31.799999237060547,31.799999237060547,31.799999237060547,31.799999237060547,31.799999237060547,226.0
2024-07-03 12:45:00,MREO,3.549999952316284,3.549999952316284,3.549999952316284,3.5450000762939453,3.5450000762939453,1830.0
2024-07-03 12:45:00,MRNA,115.74500274658203,115.74500274658203,115.80000305175781,115.7300033569336,115.7300033569336,4974.0
2024-07-03 12:45:00,MRNS,1.2050000429153442,1.2050000429153442,1.2050000429153442,1.2050000429153442,1.2050000429153442,525.0
2024-07-03 12:45:00,MRSN,1.8450000286102295,1.8450000286102295,1.8450000286102295,1.840000033378601,1.840000033378601,305.0
2024-07-03 12:45:00,MRUS,52.755001068115234,52.755001068115234,52.755001068115234,52.709999084472656,52.709999084472656,1019.0
2024-07-03 12:45:00,MRVI,7.014999866485596,7.014999866485596,7.014999866485596,7.010000228881836,7.010000228881836,3937.0
2024-07-03 12:45:00,MXCT,3.7339999675750732,3.7339999675750732,3.734999895095825,3.7149999141693115,3.7149999141693115,5593.0
2024-07-03 12:45:00,MYGN,24.850000381469727,24.850000381469727,24.87019920349121,24.850000381469727,24.8700008392334,1936.0
2024-07-03 12:45:00,NARI,49.845001220703125,49.845001220703125,49.845001220703125,49.845001220703125,49.845001220703125,208.0
2024-07-03 12:45:00,NBIX,138.02000427246094,138.02000427246094,138.13999938964844,137.9600067138672,138.07000732421875,3958.0
2024-07-03 12:45:00,NDRA,0.09019999951124191,0.09019999951124191,0.09059999883174896,0.09019999951124191,0.09030000120401382,14402.0
2024-07-03 12:45:00,NEO,13.699999809265137,13.699999809265137,13.710000038146973,13.699999809265137,13.710000038146973,1109.0
2024-07-03 12:45:00,NEOG,15.100000381469727,15.100000381469727,15.119999885559082,15.100000381469727,15.104999542236328,8884.0
2024-07-03 12:45:00,NKTR,1.284999966621399,1.284999966621399,1.284999966621399,1.284999966621399,1.284999966621399,818.0
2024-07-03 12:45:00,NKTX,5.329999923706055,5.329999923706055,5.329999923706055,5.315000057220459,5.315000057220459,3280.0
2024-07-03 12:45:00,NLSP,0.20170000195503235,0.20170000195503235,0.20180000364780426,0.20170000195503235,0.20170000195503235,12108.0
2024-07-03 12:45:00,NNOX,7.019999980926514,7.019999980926514,7.019999980926514,7.019999980926514,7.019999980926514,386.0
2024-07-03 12:45:00,NRC,22.989999771118164,22.989999771118164,22.989999771118164,22.979999542236328,22.979999542236328,647.0
2024-07-03 12:45:00,NRIX,19.479999542236328,19.479999542236328,19.489999771118164,19.479999542236328,19.489999771118164,996.0
2024-07-03 12:45:00,NRSN,1.309999942779541,1.309999942779541,1.309999942779541,1.309999942779541,1.309999942779541,1450.0
2024-07-03 12:45:00,NTLA,22.700000762939453,22.700000762939453,22.760000228881836,22.700000762939453,22.75,5559.0
2024-07-03 12:45:00,NTRA,111.5999984741211,111.5999984741211,111.61000061035156,111.45010375976562,111.6050033569336,6299.0
2024-07-03 12:45:00,NUVL,72.26000213623047,72.26000213623047,72.2750015258789,72.16000366210938,72.2300033569336,3386.0
2024-07-03 12:45:00,NVAX,12.484999656677246,12.484999656677246,12.484999656677246,12.470000267028809,12.475000381469727,9277.0
2024-07-03 12:45:00,NVCR,16.885000228881836,16.885000228881836,16.905000686645508,16.8799991607666,16.889999389648438,2750.0
2024-07-03 12:45:00,NVCT,6.230000019073486,6.230000019073486,6.230000019073486,6.230000019073486,6.230000019073486,791.0
2024-07-03 12:45:00,NXL,1.4200999736785889,1.4200999736785889,1.4493999481201172,1.4200999736785889,1.4493999481201172,4624.0
2024-07-03 12:45:00,OCGN,1.6349999904632568,1.6349999904632568,1.6349999904632568,1.6349999904632568,1.6349999904632568,5968.0
2024-07-03 12:45:00,OCUL,6.644999980926514,6.644999980926514,6.65500020980835,6.644999980926514,6.650000095367432,1560.0
2024-07-03 12:45:00,OFIX,13.520000457763672,13.520000457763672,13.529999732971191,13.510000228881836,13.510000228881836,2073.0
2024-07-03 12:45:00,OLK,25.739999771118164,25.739999771118164,25.7450008392334,25.739999771118164,25.739999771118164,1144.0
2024-07-03 12:45:00,OLMA,10.470000267028809,10.470000267028809,10.470000267028809,10.470000267028809,10.470000267028809,684.0
2024-07-03 12:45:00,OM,3.869999885559082,3.869999885559082,3.875,3.869999885559082,3.869999885559082,5016.0
2024-07-03 12:45:00,OMCL,26.760000228881836,26.760000228881836,26.780000686645508,26.760000228881836,26.780000686645508,1409.0
2024-07-03 12:45:00,OMER,3.875,3.875,3.875,3.875,3.875,249.0
2024-07-03 12:45:00,OMGA,1.8940000534057617,1.8940000534057617,1.899999976158142,1.8899999856948853,1.899999976158142,10372.0
2024-07-03 12:46:00,ABCL,2.700000047683716,2.700000047683716,2.700000047683716,2.694999933242798,2.700000047683716,2314.0
2024-07-03 12:46:00,ABEO,4.300000190734863,4.300000190734863,4.309999942779541,4.300000190734863,4.309999942779541,701.0
2024-07-03 12:46:00,ABIO,3.4000000953674316,3.4000000953674316,3.4000000953674316,3.4000000953674316,3.4000000953674316,0.0
2024-07-03 12:46:00,ABOS,2.3299999237060547,2.3299999237060547,2.3299999237060547,2.319999933242798,2.319999933242798,4501.0
2024-07-03 12:46:00,ABSI,3.194999933242798,3.194999933242798,3.1989998817443848,3.194999933242798,3.194999933242798,1620.0
2024-07-03 12:46:00,ABUS,3.1600000858306885,3.1600000858306885,3.1600000858306885,3.1549999713897705,3.1600000858306885,9270.0
2024-07-03 12:46:00,ACAD,15.600000381469727,15.600000381469727,15.609999656677246,15.585000038146973,15.585000038146973,7039.0
2024-07-03 12:46:00,ACB,4.890100002288818,4.890100002288818,4.909999847412109,4.890100002288818,4.909999847412109,3615.0
2024-07-03 12:46:00,ACCD,3.569999933242798,3.569999933242798,3.569999933242798,3.559999942779541,3.569999933242798,12765.0
2024-07-03 12:46:00,ACET,1.0800000429153442,1.0800000429153442,1.0800000429153442,1.0800000429153442,1.0800000429153442,816.0
2024-07-03 12:46:00,ACHC,66.81999969482422,66.81999969482422,66.8499984741211,66.81999969482422,66.83999633789062,4467.0
2024-07-03 12:46:00,ACRS,1.149999976158142,1.149999976158142,1.149999976158142,1.149999976158142,1.149999976158142,2002.0
2024-07-03 12:46:00,ADAP,1.0199999809265137,1.0199999809265137,1.0199999809265137,1.0199999809265137,1.0199999809265137,10100.0
2024-07-03 12:46:00,ADMA,11.249500274658203,11.249500274658203,11.25,11.244999885559082,11.249500274658203,7326.0
2024-07-03 12:46:00,ADPT,3.4149999618530273,3.4149999618530273,3.4200000762939453,3.4149999618530273,3.4200000762939453,1502.0
2024-07-03 12:46:00,AEMD,0.3971000015735626,0.3971000015735626,0.3991999924182892,0.3968000113964081,0.3968000113964081,24268.0
2024-07-03 12:46:00,AGEN,14.359000205993652,14.359000205993652,14.359000205993652,14.350000381469727,14.350000381469727,577.0
2024-07-03 12:46:00,AHCO,9.774999618530273,9.774999618530273,9.774999618530273,9.774999618530273,9.774999618530273,438.0
2024-07-03 12:46:00,AIMD,1.0496000051498413,1.0496000051498413,1.0700000524520874,1.0204999446868896,1.069599986076355,82606.0
2024-07-03 12:46:00,AIRS,4.039999961853027,4.039999961853027,4.130000114440918,4.039999961853027,4.065000057220459,4004.0
2024-07-03 12:46:00,AKBA,0.9516000151634216,0.9516000151634216,0.9516000151634216,0.9516000151634216,0.9516000151634216,29.0
2024-07-03 12:46:00,AKYA,2.125,2.125,2.1298999786376953,2.125,2.1298999786376953,5658.0
2024-07-03 12:46:00,ALDX,3.174999952316284,3.174999952316284,3.174999952316284,3.170099973678589,3.170099973678589,702.0
2024-07-03 12:46:00,ALEC,4.414999961853027,4.414999961853027,4.414999961853027,4.414999961853027,4.414999961853027,108.0
2024-07-03 12:46:00,ALGN,242.09500122070312,242.09500122070312,242.09500122070312,242.09500122070312,242.09500122070312,996.0
2024-07-03 12:46:00,ALGS,0.4250999987125397,0.4250999987125397,0.4250999987125397,0.42500001192092896,0.42500001192092896,2800.0
2024-07-03 12:46:00,ALKS,24.209999084472656,24.209999084472656,24.209999084472656,24.200000762939453,24.200000762939453,2333.0
2024-07-03 12:46:00,ALLK,0.8288000226020813,0.8288000226020813,0.8288999795913696,0.8288000226020813,0.8288999795913696,2788.0
2024-07-03 12:46:00,ALLO,2.0903000831604004,2.0903000831604004,2.0999999046325684,2.0903000831604004,2.0950000286102295,5014.0
2024-07-03 12:46:00,ALLR,0.20100000500679016,0.20100000500679016,0.20200000703334808,0.20000000298023224,0.20000000298023224,24908.0
2024-07-03 12:46:00,ALNY,247.1999969482422,247.1999969482422,247.1999969482422,246.69500732421875,246.6999969482422,5660.0
2024-07-03 12:46:00,ALT,6.554999828338623,6.554999828338623,6.554999828338623,6.539999961853027,6.545000076293945,7225.0
2024-07-03 12:46:00,ALVO,12.09000015258789,12.09000015258789,12.09000015258789,12.09000015258789,12.09000015258789,678.0
2024-07-03 12:46:00,ALXO,5.670000076293945,5.670000076293945,5.670000076293945,5.670000076293945,5.670000076293945,662.0
2024-07-03 12:46:00,AMED,97.13999938964844,97.13999938964844,97.13999938964844,97.13999938964844,97.13999938964844,126.0
2024-07-03 12:46:00,AMGN,308.70001220703125,308.70001220703125,308.70001220703125,308.5899963378906,308.6099853515625,4027.0
2024-07-03 12:46:00,AMLX,1.7599999904632568,1.7599999904632568,1.7599999904632568,1.7599999904632568,1.7599999904632568,508.0
2024-07-03 12:46:00,AMPH,38.165000915527344,38.165000915527344,38.165000915527344,38.165000915527344,38.165000915527344,212.0
2024-07-03 12:46:00,AMRN,0.6830000281333923,0.6830000281333923,0.6830000281333923,0.6830000281333923,0.6830000281333923,2816.0
2024-07-03 12:46:00,ANAB,24.979999542236328,24.979999542236328,24.979999542236328,24.979999542236328,24.979999542236328,411.0
2024-07-03 12:46:00,ANGO,5.679999828338623,5.679999828338623,5.679999828338623,5.679999828338623,5.679999828338623,1111.0
2024-07-03 12:46:00,ANNX,4.764999866485596,4.764999866485596,4.764999866485596,4.764999866485596,4.764999866485596,1047.0
2024-07-03 12:46:00,ANTX,2.6247000694274902,2.6247000694274902,2.640000104904175,2.5899999141693115,2.5999999046325684,19757.0
2024-07-03 12:46:00,APDN,0.4018999934196472,0.4018999934196472,0.4018999934196472,0.4018999934196472,0.4018999934196472,854.0
2024-07-03 12:46:00,APLS,35.2400016784668,35.2400016784668,35.27000045776367,35.18000030517578,35.19499969482422,4948.0
2024-07-03 12:46:00,APLT,4.349999904632568,4.349999904632568,4.349999904632568,4.335000038146973,4.335000038146973,3898.0
2024-07-03 12:46:00,AQST,2.4049999713897705,2.4049999713897705,2.4049999713897705,2.4000000953674316,2.4049999713897705,1286.0
2024-07-03 12:46:00,ARCT,21.84000015258789,21.84000015258789,21.844999313354492,21.829999923706055,21.829999923706055,1431.0
2024-07-03 12:46:00,ARDX,5.289999961853027,5.289999961853027,5.304999828338623,5.289999961853027,5.304999828338623,45404.0
2024-07-03 12:46:00,ARQT,9.574999809265137,9.574999809265137,9.574999809265137,9.5600004196167,9.5600004196167,1902.0
2024-07-03 12:46:00,ARVN,23.905000686645508,23.905000686645508,23.905000686645508,23.8799991607666,23.889999389648438,2373.0
2024-07-03 12:46:00,ARWR,24.969999313354492,24.969999313354492,24.969999313354492,24.940000534057617,24.940000534057617,1035.0
2024-07-03 12:46:00,ASRT,1.350000023841858,1.350000023841858,1.350000023841858,1.3450000286102295,1.350000023841858,0.0
2024-07-03 12:46:00,ATAI,1.2899999618530273,1.2899999618530273,1.2899999618530273,1.2877000570297241,1.2877000570297241,1900.0
2024-07-03 12:46:00,ATEC,10.005000114440918,10.005000114440918,10.005000114440918,9.994999885559082,9.994999885559082,1343.0
2024-07-03 12:46:00,ATOS,1.159999966621399,1.159999966621399,1.159999966621399,1.1598999500274658,1.1598999500274658,753.0
2024-07-03 12:46:00,ATRC,22.399999618530273,22.399999618530273,22.399999618530273,22.399999618530273,22.399999618530273,149.0
2024-07-03 12:46:00,ATXS,9.050000190734863,9.050000190734863,9.050000190734863,9.050000190734863,9.050000190734863,507.0
2024-07-03 12:46:00,AUGX,0.9983999729156494,0.9983999729156494,0.9986000061035156,0.9983000159263611,0.9983000159263611,3439.0
2024-07-03 12:46:00,AUTL,3.450000047683716,3.450000047683716,3.4549999237060547,3.450000047683716,3.4549999237060547,1300.0
2024-07-03 12:46:00,AVDL,14.489999771118164,14.489999771118164,14.5,14.489999771118164,14.489999771118164,2030.0
2024-07-03 12:46:00,AVTE,1.6749999523162842,1.6749999523162842,1.6749999523162842,1.6749999523162842,1.6749999523162842,326.0
2024-07-03 12:46:00,AVXL,4.135000228881836,4.135000228881836,4.139999866485596,4.135000228881836,4.139999866485596,510.0
2024-07-03 12:46:00,AWH,0.9399999976158142,0.9399999976158142,0.9399999976158142,0.9399999976158142,0.9399999976158142,3300.0
2024-07-03 12:46:00,AXGN,7.545000076293945,7.545000076293945,7.559999942779541,7.539999961853027,7.559999942779541,2305.0
2024-07-03 12:46:00,AXNX,67.4800033569336,67.4800033569336,67.4800033569336,67.4800033569336,67.4800033569336,408.0
2024-07-03 12:46:00,AXSM,79.8550033569336,79.8550033569336,79.86000061035156,79.8550033569336,79.86000061035156,615.0
2024-07-03 12:46:00,AZN,76.83499908447266,76.83499908447266,76.83499908447266,76.82499694824219,76.82499694824219,4566.0
2024-07-03 12:46:00,AZTA,52.2400016784668,52.2400016784668,52.2599983215332,52.23500061035156,52.23500061035156,1737.0
2024-07-03 12:46:00,BBIO,25.079999923706055,25.079999923706055,25.079999923706055,25.06999969482422,25.06999969482422,3082.0
2024-07-03 12:46:00,BCAB,1.4199999570846558,1.4199999570846558,1.4199999570846558,1.4199999570846558,1.4199999570846558,1600.0
2024-07-03 12:46:00,BCLI,0.35260000824928284,0.35260000824928284,0.35260000824928284,0.35260000824928284,0.35260000824928284,3126.0
2024-07-03 12:46:00,BCRX,6.429999828338623,6.429999828338623,6.429999828338623,6.425000190734863,6.425000190734863,4446.0
2024-07-03 12:46:00,BDTX,4.360000133514404,4.360000133514404,4.360000133514404,4.360000133514404,4.360000133514404,6153.0
2024-07-03 12:46:00,BEAM,23.53499984741211,23.53499984741211,23.540000915527344,23.510000228881836,23.510000228881836,7484.0
2024-07-03 12:46:00,BGXX,0.2669999897480011,0.2669999897480011,0.2669999897480011,0.2669999897480011,0.2669999897480011,1171.0
2024-07-03 12:46:00,BIIB,224.10499572753906,224.10499572753906,224.10499572753906,224.02999877929688,224.02999877929688,1204.0
2024-07-03 12:46:00,BIVI,0.41609999537467957,0.41609999537467957,0.41609999537467957,0.41609999537467957,0.41609999537467957,1019.0
2024-07-03 12:46:00,BJDX,0.621999979019165,0.621999979019165,0.6301000118255615,0.621999979019165,0.6299999952316284,7984.0
2024-07-03 12:46:00,BLFS,20.059999465942383,20.059999465942383,20.059999465942383,19.969999313354492,19.969999313354492,4839.0
2024-07-03 12:46:00,BLRX,0.5199999809265137,0.5199999809265137,0.5199999809265137,0.5199999809265137,0.5199999809265137,500.0
2024-07-03 12:46:00,BLUE,0.9139999747276306,0.9139999747276306,0.9139999747276306,0.9139999747276306,0.9139999747276306,315.0
2024-07-03 12:46:00,BMRA,0.4510999917984009,0.4510999917984009,0.4510999917984009,0.4510999917984009,0.4510999917984009,269.0
2024-07-03 12:46:00,BMRN,80.7699966430664,80.7699966430664,80.7699966430664,80.7699966430664,80.7699966430664,807.0
2024-07-03 12:46:00,BNGO,0.5745999813079834,0.5745999813079834,0.5745999813079834,0.5745999813079834,0.5745999813079834,13482.0
2024-07-03 12:46:00,BNR,6.179900169372559,6.179900169372559,6.230000019073486,6.179900169372559,6.179999828338623,3229.0
2024-07-03 12:46:00,BNTX,79.8499984741211,79.8499984741211,79.91500091552734,79.82499694824219,79.86000061035156,6840.0
2024-07-03 12:46:00,BPMC,109.55500030517578,109.55500030517578,109.63999938964844,109.55500030517578,109.63999938964844,520.0
2024-07-03 12:46:00,BRKR,61.599998474121094,61.599998474121094,61.619998931884766,61.595001220703125,61.595001220703125,10038.0
2024-07-03 12:46:00,BTAI,1.0700000524520874,1.0700000524520874,1.0791000127792358,1.0700000524520874,1.0791000127792358,971.0
2024-07-03 12:46:00,BVS,5.945000171661377,5.945000171661377,5.949999809265137,5.945000171661377,5.949999809265137,793.0
2024-07-03 12:46:00,CABA,7.5,7.5,7.5,7.5,7.5,2513.0
2024-07-03 12:46:00,CADL,6.184999942779541,6.184999942779541,6.190000057220459,6.164999961853027,6.179999828338623,4609.0
2024-07-03 12:46:00,CAPR,4.809999942779541,4.809999942779541,4.829999923706055,4.809999942779541,4.829999923706055,307.0
2024-07-03 12:46:00,CARA,0.2800999879837036,0.2800999879837036,0.28360000252723694,0.2800999879837036,0.28360000252723694,599.0
2024-07-03 12:46:00,CASI,5.21999979019165,5.21999979019165,5.21999979019165,5.21999979019165,5.21999979019165,450.0
2024-07-03 12:46:00,CCCC,4.590000152587891,4.590000152587891,4.590000152587891,4.570000171661377,4.570000171661377,5111.0
2024-07-03 12:46:00,CDMO,7.800000190734863,7.800000190734863,7.800000190734863,7.784999847412109,7.784999847412109,6879.0
2024-07-03 12:46:00,CDNA,15.0600004196167,15.0600004196167,15.0600004196167,15.039999961853027,15.039999961853027,2849.0
2024-07-03 12:46:00,CDXS,2.875,2.875,2.875,2.875,2.875,306.0
2024-07-03 12:46:00,CELC,16.264999389648438,16.264999389648438,16.264999389648438,16.264999389648438,16.264999389648438,345.0
2024-07-03 12:46:00,CERE,40.25,40.25,40.2599983215332,40.25,40.25,11740.0
2024-07-03 12:46:00,CERS,1.715000033378601,1.715000033378601,1.715000033378601,1.715000033378601,1.715000033378601,701.0
2024-07-03 12:46:00,CERT,13.800000190734863,13.800000190734863,13.800000190734863,13.800000190734863,13.800000190734863,1349.0
2024-07-03 12:46:00,CGC,6.500100135803223,6.500100135803223,6.505000114440918,6.494999885559082,6.501200199127197,7049.0
2024-07-03 12:46:00,CGEM,16.625,16.625,16.6299991607666,16.610000610351562,16.6299991607666,439.0
2024-07-03 12:46:00,CGEN,1.649999976158142,1.649999976158142,1.649999976158142,1.649999976158142,1.649999976158142,3026.0
2024-07-03 12:46:00,CHRS,1.3898999691009521,1.3898999691009521,1.3898999691009521,1.3849999904632568,1.3849999904632568,3633.0
2024-07-03 12:46:00,CING,0.3190999925136566,0.3190999925136566,0.3190999925136566,0.3190999925136566,0.3190999925136566,1303.0
2024-07-03 12:46:00,CLDX,36.040000915527344,36.040000915527344,36.040000915527344,35.9900016784668,35.9900016784668,2016.0
2024-07-03 12:46:00,CLNN,0.32679998874664307,0.32679998874664307,0.32679998874664307,0.32679998874664307,0.32679998874664307,911.0
2024-07-03 12:46:00,CLOV,1.2549999952316284,1.2549999952316284,1.2581000328063965,1.25,1.25,3297.0
2024-07-03 12:46:00,CLPT,5.360000133514404,5.360000133514404,5.360000133514404,5.360000133514404,5.360000133514404,254.0
2024-07-03 12:46:00,CLRB,2.4549999237060547,2.4549999237060547,2.4549999237060547,2.450000047683716,2.450000047683716,4070.0
2024-07-03 12:46:00,CMAX,2.3299999237060547,2.3299999237060547,2.3299999237060547,2.3299999237060547,2.3299999237060547,219.0
2024-07-03 12:46:00,CMPS,6.230000019073486,6.230000019073486,6.239999771118164,6.21999979019165,6.21999979019165,2880.0
2024-07-03 12:46:00,CMPX,0.8348000049591064,0.8348000049591064,0.8348000049591064,0.8199999928474426,0.8199999928474426,19901.0
2024-07-03 12:46:00,CNSP,1.3799999952316284,1.3799999952316284,1.4199999570846558,1.3799999952316284,1.4149999618530273,99768.0
2024-07-03 12:46:00,COGT,8.399999618530273,8.399999618530273,8.399999618530273,8.369999885559082,8.369999885559082,2593.0
2024-07-03 12:46:00,CORT,30.399999618530273,30.399999618530273,30.399999618530273,30.399999618530273,30.399999618530273,1198.0
2024-07-03 12:46:00,CPRX,15.345000267028809,15.345000267028809,15.345000267028809,15.324999809265137,15.324999809265137,2759.0
2024-07-03 12:46:00,CRBP,49.807498931884766,49.807498931884766,49.807498931884766,49.807498931884766,49.807498931884766,1015.0
2024-07-03 12:46:00,CRBU,1.590000033378601,1.590000033378601,1.590000033378601,1.5750000476837158,1.5800000429153442,13574.0
2024-07-03 12:46:00,CRDF,2.240000009536743,2.240000009536743,2.244999885559082,2.240000009536743,2.244999885559082,1753.0
2024-07-03 12:46:00,CRDL,1.9199999570846558,1.9199999570846558,1.9199999570846558,1.9199999570846558,1.9199999570846558,1211.0
2024-07-03 12:46:00,CRMD,4.144999980926514,4.144999980926514,4.144999980926514,4.144999980926514,4.144999980926514,200.0
2024-07-03 12:46:00,CRSP,53.90999984741211,53.90999984741211,53.959999084472656,53.8849983215332,53.8849983215332,3326.0
2024-07-03 12:46:00,CSTL,21.045000076293945,21.045000076293945,21.049999237060547,21.010000228881836,21.010000228881836,1617.0
2024-07-03 12:46:00,CTKB,5.574999809265137,5.574999809265137,5.574999809265137,5.574999809265137,5.574999809265137,1103.0
2024-07-03 12:46:00,CTMX,1.2999999523162842,1.2999999523162842,1.3066999912261963,1.2999999523162842,1.2999999523162842,3577.0
2024-07-03 12:46:00,CTSO,0.8600000143051147,0.8600000143051147,0.8600000143051147,0.8515999913215637,0.8515999913215637,10201.0
2024-07-03 12:46:00,CTXR,0.508400022983551,0.508400022983551,0.5084999799728394,0.5080000162124634,0.5080000162124634,5836.0
2024-07-03 12:46:00,CUE,0.9817000031471252,0.9817000031471252,0.9817000031471252,0.9817000031471252,0.9817000031471252,535.0
2024-07-03 12:46:00,CVAC,3.134999990463257,3.134999990463257,3.1500000953674316,3.130000114440918,3.1449999809265137,29085.0
2024-07-03 12:46:00,CYTK,54.33000183105469,54.33000183105469,54.33000183105469,54.20500183105469,54.220001220703125,3367.0
2024-07-03 12:46:00,DARE,3.0590999126434326,3.0590999126434326,3.0590999126434326,3.0590999126434326,3.0590999126434326,132.0
2024-07-03 12:46:00,DAWN,13.4399995803833,13.4399995803833,13.4399995803833,13.359999656677246,13.359999656677246,171068.0
2024-07-03 12:46:00,DCGO,2.9549999237060547,2.9549999237060547,2.9549999237060547,2.9549999237060547,2.9549999237060547,1433.0
2024-07-03 12:46:00,DH,5.375,5.375,5.375,5.369999885559082,5.375,1027.0
2024-07-03 12:46:00,DMAC,2.9244000911712646,2.9244000911712646,2.9244000911712646,2.9244000911712646,2.9244000911712646,398.0
2024-07-03 12:46:00,DNLI,21.40999984741211,21.40999984741211,21.40999984741211,21.389999389648438,21.389999389648438,8429.0
2024-07-03 12:46:00,DSGN,3.200000047683716,3.200000047683716,3.200000047683716,3.200000047683716,3.200000047683716,1449.0
2024-07-03 12:46:00,DVAX,11.074999809265137,11.074999809265137,11.079999923706055,11.074999809265137,11.074999809265137,848.0
2024-07-03 12:46:00,DXCM,111.22000122070312,111.22000122070312,111.26000213623047,111.18009948730469,111.22429656982422,5435.0
2024-07-03 12:46:00,DYN,33.81999969482422,33.81999969482422,33.83599853515625,33.81999969482422,33.81999969482422,1156.0
2024-07-03 12:46:00,EDIT,4.659999847412109,4.659999847412109,4.659999847412109,4.650000095367432,4.650000095367432,7960.0
2024-07-03 12:46:00,ELEV,2.6700000762939453,2.6700000762939453,2.6700000762939453,2.6649999618530273,2.6649999618530273,1440.0
2024-07-03 12:46:00,ELYM,6.775000095367432,6.775000095367432,6.775000095367432,6.71999979019165,6.71999979019165,3736.0
2024-07-03 12:46:00,ENTA,13.076000213623047,13.076000213623047,13.076000213623047,13.076000213623047,13.076000213623047,167.0
2024-07-03 12:46:00,EOLS,10.979999542236328,10.979999542236328,10.979999542236328,10.960000038146973,10.960000038146973,3253.0
2024-07-03 12:46:00,ERAS,2.194999933242798,2.194999933242798,2.200000047683716,2.194999933242798,2.200000047683716,1144.0
2024-07-03 12:46:00,ESPR,2.369999885559082,2.369999885559082,2.369999885559082,2.365000009536743,2.369999885559082,5488.0
2024-07-03 12:46:00,ETNB,7.440999984741211,7.440999984741211,7.440999984741211,7.440999984741211,7.440999984741211,722.0
2024-07-03 12:46:00,EVOK,0.574999988079071,0.574999988079071,0.574999988079071,0.574999988079071,0.574999988079071,353.0
2024-07-03 12:46:00,EWTX,18.315000534057617,18.315000534057617,18.315000534057617,18.315000534057617,18.315000534057617,286.0
2024-07-03 12:46:00,EXAI,5.480000019073486,5.480000019073486,5.489999771118164,5.480000019073486,5.48799991607666,819.0
2024-07-03 12:46:00,EXAS,43.275001525878906,43.275001525878906,43.279998779296875,43.275001525878906,43.279998779296875,2431.0
2024-07-03 12:46:00,EXEL,21.854999542236328,21.854999542236328,21.8700008392334,21.854999542236328,21.8700008392334,5569.0
2024-07-03 12:46:00,EYEN,0.7892000079154968,0.7892000079154968,0.7892000079154968,0.7892000079154968,0.7892000079154968,373.0
2024-07-03 12:46:00,EYPT,8.6899995803833,8.6899995803833,8.6899995803833,8.680000305175781,8.680000305175781,3924.0
2024-07-03 12:46:00,FATE,3.1600000858306885,3.1600000858306885,3.1700000762939453,3.1600000858306885,3.1700000762939453,689.0
2024-07-03 12:46:00,FBIO,1.7899999618530273,1.7899999618530273,1.7899999618530273,1.7899999618530273,1.7899999618530273,314.0
2024-07-03 12:46:00,FDMT,20.760000228881836,20.760000228881836,20.760000228881836,20.719999313354492,20.719999313354492,1932.0
2024-07-03 12:46:00,FGEN,0.713100016117096,0.713100016117096,0.713100016117096,0.7116000056266785,0.7116000056266785,575.0
2024-07-03 12:46:00,FHTX,5.422500133514404,5.422500133514404,5.519999980926514,5.340000152587891,5.385000228881836,3133.0
2024-07-03 12:46:00,FOLD,9.854999542236328,9.854999542236328,9.854999542236328,9.845000267028809,9.845000267028809,4038.0
2024-07-03 12:46:00,FULC,6.110000133514404,6.110000133514404,6.110000133514404,6.099999904632568,6.099999904632568,3665.0
2024-07-03 12:46:00,GANX,1.1399999856948853,1.1399999856948853,1.1399999856948853,1.1399999856948853,1.1399999856948853,822.0
2024-07-03 12:46:00,GDRX,7.789999961853027,7.789999961853027,7.795000076293945,7.789999961853027,7.795000076293945,873.0
2024-07-03 12:46:00,GERN,4.329999923706055,4.329999923706055,4.329999923706055,4.324999809265137,4.324999809265137,3580.0
2024-07-03 12:46:00,GH,28.350000381469727,28.350000381469727,28.350000381469727,28.325000762939453,28.325000762939453,1984.0
2024-07-03 12:46:00,GHSI,9.899999618530273,9.899999618530273,9.899999618530273,9.899999618530273,9.899999618530273,593.0
2024-07-03 12:46:00,GILD,67.0199966430664,67.0199966430664,67.0199966430664,66.98999786376953,67.01000213623047,15876.0
2024-07-03 12:46:00,GMAB,25.135000228881836,25.135000228881836,25.139999389648438,25.135000228881836,25.139999389648438,1061.0
2024-07-03 12:46:00,GOSS,0.9929999709129333,0.9929999709129333,0.9929999709129333,0.9883999824523926,0.9883999824523926,15012.0
2024-07-03 12:46:00,GRFS,6.664999961853027,6.664999961853027,6.664999961853027,6.664999961853027,6.664999961853027,700.0
2024-07-03 12:46:00,GTHX,2.5850000381469727,2.5850000381469727,2.6050000190734863,2.5799999237060547,2.5999999046325684,34433.0
2024-07-03 12:46:00,HALO,52.290000915527344,52.290000915527344,52.290000915527344,52.15999984741211,52.17110061645508,5240.0
2024-07-03 12:46:00,HBIO,2.7850000858306885,2.7850000858306885,2.7850000858306885,2.7799999713897705,2.7799999713897705,1882.0
2024-07-03 12:46:00,HCAT,6.170000076293945,6.170000076293945,6.170000076293945,6.170000076293945,6.170000076293945,132.0
2024-07-03 12:46:00,HCSG,10.625,10.625,10.630000114440918,10.625,10.630000114440918,418.0
2024-07-03 12:46:00,HLVX,14.229999542236328,14.229999542236328,14.229999542236328,14.229999542236328,14.229999542236328,559.0
2024-07-03 12:46:00,HOLX,73.33999633789062,73.33999633789062,73.33999633789062,73.31500244140625,73.32499694824219,3490.0
2024-07-03 12:46:00,HOOK,0.5800999999046326,0.5800999999046326,0.5800999999046326,0.5800999999046326,0.5800999999046326,400.0
2024-07-03 12:46:00,HOWL,2.069999933242798,2.069999933242798,2.069999933242798,2.059999942779541,2.059999942779541,2766.0
2024-07-03 12:46:00,HQY,83.75499725341797,83.75499725341797,83.75499725341797,83.66999816894531,83.66999816894531,1514.0
2024-07-03 12:46:00,HRMY,30.799999237060547,30.799999237060547,30.799999237060547,30.690000534057617,30.690000534057617,4581.0
2024-07-03 12:46:00,HROW,21.479999542236328,21.479999542236328,21.479999542236328,21.479999542236328,21.479999542236328,604.0
2024-07-03 12:46:00,HRTX,2.7297000885009766,2.7297000885009766,2.7297000885009766,2.7100000381469727,2.7149999141693115,14490.0
2024-07-03 12:46:00,HSIC,65.06749725341797,65.06749725341797,65.09500122070312,65.06749725341797,65.09500122070312,2983.0
2024-07-03 12:46:00,HUMA,5.760000228881836,5.760000228881836,5.760000228881836,5.755000114440918,5.755000114440918,6953.0
2024-07-03 12:46:00,IBRX,6.250699996948242,6.250699996948242,6.255000114440918,6.250699996948242,6.255000114440918,3358.0
2024-07-03 12:46:00,ICLR,317.45001220703125,317.45001220703125,317.7300109863281,317.4100036621094,317.7300109863281,6534.0
2024-07-03 12:46:00,ICUI,117.88500213623047,117.88500213623047,117.88500213623047,117.88500213623047,117.88500213623047,1764.0
2024-07-03 12:46:00,IDXX,478.75,478.75,478.75,478.2900085449219,478.2900085449219,2372.0
2024-07-03 12:46:00,IDYA,33.189998626708984,33.189998626708984,33.189998626708984,33.189998626708984,33.189998626708984,246.0
2024-07-03 12:46:00,IGMS,6.46999979019165,6.46999979019165,6.46999979019165,6.46999979019165,6.46999979019165,116.0
2024-07-03 12:46:00,IKT,1.1540000438690186,1.1540000438690186,1.1540000438690186,1.1540000438690186,1.1540000438690186,600.0
2024-07-03 12:46:00,ILMN,105.76499938964844,105.76499938964844,105.83999633789062,105.76499938964844,105.83000183105469,3818.0
2024-07-03 12:46:00,IMAB,1.5299999713897705,1.5299999713897705,1.5299999713897705,1.5299999713897705,1.5299999713897705,0.0
2024-07-03 12:46:00,IMCR,35.79499816894531,35.79499816894531,36.0,35.77000045776367,35.97999954223633,11759.0
2024-07-03 12:46:00,IMMX,2.3450000286102295,2.3450000286102295,2.3450000286102295,2.3450000286102295,2.3450000286102295,601.0
2024-07-03 12:46:00,IMNM,12.0649995803833,12.0649995803833,12.0649995803833,12.057999610900879,12.057999610900879,1851.0
2024-07-03 12:46:00,IMUX,1.149999976158142,1.149999976158142,1.149999976158142,1.149999976158142,1.149999976158142,211.0
2024-07-03 12:46:00,IMVT,25.969999313354492,25.969999313354492,25.979999542236328,25.968000411987305,25.968000411987305,2790.0
2024-07-03 12:46:00,INCY,57.67499923706055,57.67499923706055,57.70000076293945,57.67499923706055,57.68000030517578,8454.0
2024-07-03 12:46:00,INGN,7.989999771118164,7.989999771118164,7.989999771118164,7.989999771118164,7.989999771118164,465.0
2024-07-03 12:46:00,INMD,17.489999771118164,17.489999771118164,17.503999710083008,17.489999771118164,17.503999710083008,1310.0
2024-07-03 12:46:00,INSM,61.869998931884766,61.869998931884766,61.939998626708984,61.85499954223633,61.9099006652832,3122.0
2024-07-03 12:46:00,INVA,16.364999771118164,16.364999771118164,16.364999771118164,16.364999771118164,16.364999771118164,243.0
2024-07-03 12:46:00,INZY,4.460000038146973,4.460000038146973,4.460000038146973,4.460000038146973,4.460000038146973,300.0
2024-07-03 12:46:00,IONS,45.380001068115234,45.380001068115234,45.3849983215332,45.279998779296875,45.290000915527344,8114.0
2024-07-03 12:46:00,IOVA,7.329999923706055,7.329999923706055,7.339900016784668,7.320000171661377,7.335000038146973,43687.0
2024-07-03 12:46:00,IRTC,96.02999877929688,96.02999877929688,96.02999877929688,95.61000061035156,95.61000061035156,39404.0
2024-07-03 12:46:00,IRWD,6.085000038146973,6.085000038146973,6.085000038146973,6.085000038146973,6.085000038146973,1150.0
2024-07-03 12:46:00,ISPC,0.2759000062942505,0.2759000062942505,0.2759000062942505,0.2759000062942505,0.2759000062942505,5200.0
2024-07-03 12:46:00,ISRG,434.0299987792969,434.0299987792969,434.6160888671875,434.0199890136719,434.32000732421875,18652.0
2024-07-03 12:46:00,ITCI,68.80999755859375,68.80999755859375,68.80999755859375,68.70999908447266,68.70999908447266,4547.0
2024-07-03 12:46:00,ITOS,14.800000190734863,14.800000190734863,14.800999641418457,14.800000190734863,14.800999641418457,1020.0
2024-07-03 12:46:00,IVVD,1.090000033378601,1.090000033378601,1.0950000286102295,1.090000033378601,1.0950000286102295,659.0
2024-07-03 12:46:00,JANX,38.22999954223633,38.22999954223633,38.22999954223633,38.13999938964844,38.15999984741211,1203.0
2024-07-03 12:46:00,JAZZ,103.0250015258789,103.0250015258789,103.04000091552734,102.9800033569336,103.02999877929688,4199.0
2024-07-03 12:46:00,KALA,6.784999847412109,6.784999847412109,6.784999847412109,6.784999847412109,6.784999847412109,1005.0
2024-07-03 12:46:00,KALV,11.699999809265137,11.699999809265137,11.699999809265137,11.670000076293945,11.670000076293945,906.0
2024-07-03 12:46:00,KNSA,19.040000915527344,19.040000915527344,19.040000915527344,18.979999542236328,18.989999771118164,1780.0
2024-07-03 12:46:00,KOD,2.200000047683716,2.200000047683716,2.2049999237060547,2.200000047683716,2.2049999237060547,897.0
2024-07-03 12:46:00,KPTI,0.8238000273704529,0.8238000273704529,0.8241999745368958,0.8205999732017517,0.8241999745368958,6927.0
2024-07-03 12:46:00,KRMD,2.509999990463257,2.509999990463257,2.509999990463257,2.509999990463257,2.509999990463257,1399.0
2024-07-03 12:46:00,KRON,1.1399999856948853,1.1399999856948853,1.1399999856948853,1.1399999856948853,1.1399999856948853,202.0
2024-07-03 12:46:00,KROS,42.459999084472656,42.459999084472656,42.459999084472656,42.459999084472656,42.459999084472656,515.0
2024-07-03 12:46:00,KTRA,0.27869999408721924,0.27869999408721924,0.27869999408721924,0.27869999408721924,0.27869999408721924,15464.0
2024-07-03 12:46:00,KYMR,30.139999389648438,30.139999389648438,30.139999389648438,30.094999313354492,30.094999313354492,2110.0
2024-07-03 12:46:00,KZR,0.5766000151634216,0.5766000151634216,0.5766000151634216,0.5766000151634216,0.5766000151634216,626.0
2024-07-03 12:46:00,LAB,1.8650000095367432,1.8650000095367432,1.8700000047683716,1.8600000143051147,1.8600000143051147,6741.0
2024-07-03 12:46:00,LBPH,32.029998779296875,32.029998779296875,32.029998779296875,32.029998779296875,32.029998779296875,194.0
2024-07-03 12:46:00,LEGN,46.0,46.0,46.0,45.96500015258789,45.96500015258789,995.0
2024-07-03 12:46:00,LFMD,6.769999980926514,6.769999980926514,6.769999980926514,6.769999980926514,6.769999980926514,407.0
2024-07-03 12:46:00,LFST,5.099999904632568,5.099999904632568,5.105000019073486,5.099999904632568,5.105000019073486,4093.0
2024-07-03 12:46:00,LGND,82.37999725341797,82.37999725341797,82.37999725341797,82.31999969482422,82.31999969482422,1198.0
2024-07-03 12:46:00,LGVN,1.6150000095367432,1.6150000095367432,1.6150000095367432,1.6100000143051147,1.6150000095367432,5125.0
2024-07-03 12:46:00,LIVN,52.65999984741211,52.65999984741211,52.689998626708984,52.65999984741211,52.689998626708984,458.0
2024-07-03 12:46:00,LNTH,79.55000305175781,79.55000305175781,79.55000305175781,79.4800033569336,79.4800033569336,1532.0
2024-07-03 12:46:00,LQDA,11.979999542236328,11.979999542236328,11.979999542236328,11.979999542236328,11.979999542236328,550.0
2024-07-03 12:46:00,LRMR,7.704999923706055,7.704999923706055,7.707499980926514,7.704999923706055,7.704999923706055,347.0
2024-07-03 12:46:00,LUCY,0.4666000008583069,0.4666000008583069,0.4666000008583069,0.4666000008583069,0.4666000008583069,229.0
2024-07-03 12:46:00,LUCYW,0.08060000091791153,0.08060000091791153,0.08060000091791153,0.08060000091791153,0.08060000091791153,400.0
2024-07-03 12:46:00,LUNG,6.340000152587891,6.340000152587891,6.340000152587891,6.324999809265137,6.329999923706055,2189.0
2024-07-03 12:46:00,LXRX,1.6399999856948853,1.6399999856948853,1.6399999856948853,1.6399999856948853,1.6399999856948853,4073.0
2024-07-03 12:46:00,LYEL,1.5099999904632568,1.5099999904632568,1.5099999904632568,1.5049999952316284,1.5049999952316284,3208.0
2024-07-03 12:46:00,LYRA,0.2847999930381775,0.2847999930381775,0.2847999930381775,0.2847999930381775,0.2847999930381775,1002.0
2024-07-03 12:46:00,MASI,114.38999938964844,114.38999938964844,114.52999877929688,114.38999938964844,114.45999908447266,4869.0
2024-07-03 12:46:00,MASS,4.860000133514404,4.860000133514404,4.880000114440918,4.860000133514404,4.880000114440918,1422.0
2024-07-03 12:46:00,MBIO,0.48649999499320984,0.48649999499320984,0.48649999499320984,0.48649999499320984,0.48649999499320984,400.0
2024-07-03 12:46:00,MBOT,1.0399999618530273,1.0399999618530273,1.0449999570846558,1.0399999618530273,1.0449999570846558,2378.0
2024-07-03 12:46:00,MCRB,0.7329999804496765,0.7329999804496765,0.7329999804496765,0.7329999804496765,0.7329999804496765,4215.0
2024-07-03 12:46:00,MDXG,6.804999828338623,6.804999828338623,6.804999828338623,6.789999961853027,6.789999961853027,3122.0
2024-07-03 12:46:00,ME,0.40849998593330383,0.40849998593330383,0.40849998593330383,0.4083000123500824,0.4083000123500824,2242.0
2024-07-03 12:46:00,MESO,6.78000020980835,6.78000020980835,6.78000020980835,6.78000020980835,6.78000020980835,204.0
2024-07-03 12:46:00,MGNX,4.179999828338623,4.179999828338623,4.179999828338623,4.179999828338623,4.179999828338623,176.0
2024-07-03 12:46:00,MGTX,3.994999885559082,3.994999885559082,3.994999885559082,3.994999885559082,3.994999885559082,200.0
2024-07-03 12:46:00,MIRM,33.845001220703125,33.845001220703125,33.845001220703125,33.845001220703125,33.845001220703125,507.0
2024-07-03 12:46:00,MMSI,86.06999969482422,86.06999969482422,86.06999969482422,86.06999969482422,86.06999969482422,744.0
2024-07-03 12:46:00,MNKD,5.010000228881836,5.010000228881836,5.014999866485596,5.010000228881836,5.010000228881836,2775.0
2024-07-03 12:46:00,MNMD,7.079999923706055,7.079999923706055,7.079999923706055,7.079999923706055,7.079999923706055,574.0
2024-07-03 12:46:00,MODD,1.399999976158142,1.399999976158142,1.399999976158142,1.399999976158142,1.399999976158142,1517.0
2024-07-03 12:46:00,MORF,31.81999969482422,31.81999969482422,31.81999969482422,31.81999969482422,31.81999969482422,1004.0
2024-07-03 12:46:00,MREO,3.5399999618530273,3.5399999618530273,3.549999952316284,3.5399999618530273,3.549999952316284,9800.0
2024-07-03 12:46:00,MRNA,115.7300033569336,115.7300033569336,115.79000091552734,115.72000122070312,115.7699966430664,8346.0
2024-07-03 12:46:00,MRSN,1.8300000429153442,1.8300000429153442,1.8450000286102295,1.8300000429153442,1.840000033378601,7953.0
2024-07-03 12:46:00,MRUS,52.724998474121094,52.724998474121094,52.724998474121094,52.724998474121094,52.724998474121094,278.0
2024-07-03 12:46:00,MRVI,7.010000228881836,7.010000228881836,7.010000228881836,7.005000114440918,7.010000228881836,1780.0
2024-07-03 12:46:00,MXCT,3.734999895095825,3.734999895095825,3.734999895095825,3.7300000190734863,3.734999895095825,1068.0
2024-07-03 12:46:00,MYGN,24.85650062561035,24.85650062561035,24.860000610351562,24.829999923706055,24.850000381469727,1057.0
2024-07-03 12:46:00,NARI,49.845001220703125,49.845001220703125,49.845001220703125,49.83250045776367,49.83250045776367,517.0
2024-07-03 12:46:00,NBIX,137.9499969482422,137.9499969482422,137.9499969482422,137.9499969482422,137.9499969482422,738.0
2024-07-03 12:46:00,NDRA,0.0908999964594841,0.0908999964594841,0.0908999964594841,0.09040000289678574,0.09040000289678574,1100.0
2024-07-03 12:46:00,NEO,13.710000038146973,13.710000038146973,13.710000038146973,13.704999923706055,13.704999923706055,1121.0
2024-07-03 12:46:00,NEOG,15.095000267028809,15.095000267028809,15.095000267028809,15.095000267028809,15.095000267028809,504.0
2024-07-03 12:46:00,NKTR,1.281499981880188,1.281499981880188,1.281499981880188,1.281499981880188,1.281499981880188,327.0
2024-07-03 12:46:00,NKTX,5.340000152587891,5.340000152587891,5.349999904632568,5.340000152587891,5.340000152587891,2503.0
2024-07-03 12:46:00,NLSP,0.20170000195503235,0.20170000195503235,0.20180000364780426,0.20170000195503235,0.20170000195503235,2413.0
2024-07-03 12:46:00,NNOX,7.019999980926514,7.019999980926514,7.03000020980835,7.019999980926514,7.03000020980835,1145.0
2024-07-03 12:46:00,NRC,23.010000228881836,23.010000228881836,23.010000228881836,23.0,23.0,1675.0
2024-07-03 12:46:00,NRIX,19.479999542236328,19.479999542236328,19.479999542236328,19.450000762939453,19.459999084472656,2138.0
2024-07-03 12:46:00,NRSN,1.309999942779541,1.309999942779541,1.309999942779541,1.309999942779541,1.309999942779541,0.0
2024-07-03 12:46:00,NTLA,22.79050064086914,22.79050064086914,22.79050064086914,22.700000762939453,22.700000762939453,5570.0
2024-07-03 12:46:00,NUTX,5.400000095367432,5.400000095367432,5.400000095367432,5.400000095367432,5.400000095367432,624.0
2024-07-03 12:46:00,NVAX,12.5177001953125,12.5177001953125,12.520000457763672,12.484999656677246,12.489999771118164,11585.0
2024-07-03 12:46:00,NVCR,16.885000228881836,16.885000228881836,16.885000228881836,16.8799991607666,16.8799991607666,1243.0
2024-07-03 12:46:00,NVOS,0.7450000047683716,0.7450000047683716,0.7639999985694885,0.7450000047683716,0.7639999985694885,23344.0
2024-07-03 12:46:00,OCGN,1.6349999904632568,1.6349999904632568,1.6349999904632568,1.6349999904632568,1.6349999904632568,433.0
2024-07-03 12:46:00,OCUL,6.644999980926514,6.644999980926514,6.644999980926514,6.644999980926514,6.644999980926514,1253.0
2024-07-03 12:46:00,OCUP,1.5800000429153442,1.5800000429153442,1.5800000429153442,1.5800000429153442,1.5800000429153442,503.0
2024-07-03 12:46:00,OFIX,13.550000190734863,13.550000190734863,13.550000190734863,13.539999961853027,13.539999961853027,1790.0
2024-07-03 12:46:00,OGI,1.5777000188827515,1.5777000188827515,1.5777000188827515,1.5777000188827515,1.5777000188827515,260.0
2024-07-03 12:46:00,OM,3.869999885559082,3.869999885559082,3.875,3.869999885559082,3.869999885559082,6486.0
2024-07-03 12:46:00,OMCL,26.774999618530273,26.774999618530273,26.790000915527344,26.75,26.75,1573.0
2024-07-03 12:46:00,OMER,3.875,3.875,3.875,3.875,3.875,207.0
2024-07-03 12:47:00,ABCL,2.700000047683716,2.700000047683716,2.700000047683716,2.694999933242798,2.694999933242798,802.0
2024-07-03 12:47:00,ABEO,4.304999828338623,4.304999828338623,4.304999828338623,4.304999828338623,4.304999828338623,170.0
2024-07-03 12:47:00,ABOS,2.3299999237060547,2.3299999237060547,2.3299999237060547,2.3299999237060547,2.3299999237060547,971.0
2024-07-03 12:47:00,ABSI,3.194999933242798,3.194999933242798,3.200000047683716,3.184999942779541,3.194999933242798,13497.0
2024-07-03 12:47:00,ABUS,3.1549999713897705,3.1549999713897705,3.1549999713897705,3.1549999713897705,3.1549999713897705,481.0
2024-07-03 12:47:00,ACAD,15.600000381469727,15.600000381469727,15.609999656677246,15.600000381469727,15.609999656677246,1236.0
2024-07-03 12:47:00,ACB,4.879899978637695,4.879899978637695,4.894999980926514,4.879000186920166,4.894999980926514,8486.0
2024-07-03 12:47:00,ACCD,3.569999933242798,3.569999933242798,3.569999933242798,3.565000057220459,3.565000057220459,9663.0
2024-07-03 12:47:00,ACET,1.0800000429153442,1.0800000429153442,1.0850000381469727,1.0800000429153442,1.0850000381469727,1211.0
2024-07-03 12:47:00,ACHV,4.53000020980835,4.53000020980835,4.53000020980835,4.53000020980835,4.53000020980835,1127.0
2024-07-03 12:47:00,ACLX,54.564998626708984,54.564998626708984,54.56999969482422,54.564998626708984,54.56999969482422,1578.0
2024-07-03 12:47:00,ACRS,1.149999976158142,1.149999976158142,1.1549999713897705,1.149999976158142,1.149999976158142,7119.0
2024-07-03 12:47:00,ADMA,11.244999885559082,11.244999885559082,11.244999885559082,11.244999885559082,11.244999885559082,3598.0
2024-07-03 12:47:00,ADVM,7.139999866485596,7.139999866485596,7.139999866485596,7.139999866485596,7.139999866485596,810.0
2024-07-03 12:47:00,AEMD,0.3991999924182892,0.3991999924182892,0.3991999924182892,0.3991999924182892,0.3991999924182892,1223.0
2024-07-03 12:47:00,AFMD,5.050000190734863,5.050000190734863,5.070000171661377,5.050000190734863,5.050000190734863,919.0
2024-07-03 12:47:00,AGIO,41.849998474121094,41.849998474121094,41.849998474121094,41.849998474121094,41.849998474121094,1256.0
2024-07-03 12:47:00,AHCO,9.739999771118164,9.739999771118164,9.774999618530273,9.739999771118164,9.774999618530273,3047.0
2024-07-03 12:47:00,AIMD,1.0595999956130981,1.0595999956130981,1.0700000524520874,1.0399999618530273,1.0399999618530273,35625.0
2024-07-03 12:47:00,AIRS,4.070000171661377,4.070000171661377,4.070000171661377,4.070000171661377,4.070000171661377,691.0
2024-07-03 12:47:00,AKRO,21.860000610351562,21.860000610351562,21.860000610351562,21.860000610351562,21.860000610351562,619.0
2024-07-03 12:47:00,AKYA,2.134999990463257,2.134999990463257,2.134999990463257,2.130000114440918,2.130000114440918,8570.0
2024-07-03 12:47:00,ALEC,4.420000076293945,4.420000076293945,4.420000076293945,4.420000076293945,4.420000076293945,306.0
2024-07-03 12:47:00,ALGN,242.39999389648438,242.39999389648438,242.39999389648438,242.25,242.25,1442.0
2024-07-03 12:47:00,ALGS,0.42500001192092896,0.42500001192092896,0.4250999987125397,0.42500001192092896,0.42500001192092896,4114.0
2024-07-03 12:47:00,ALHC,7.960000038146973,7.960000038146973,7.96999979019165,7.960000038146973,7.965000152587891,3089.0
2024-07-03 12:47:00,ALKS,24.219999313354492,24.219999313354492,24.219999313354492,24.209999084472656,24.209999084472656,1071.0
2024-07-03 12:47:00,ALLK,0.8288999795913696,0.8288999795913696,0.8288999795913696,0.8288999795913696,0.8288999795913696,303.0
2024-07-03 12:47:00,ALLO,2.0899999141693115,2.0899999141693115,2.0950000286102295,2.0899999141693115,2.0950000286102295,2683.0
2024-07-03 12:47:00,ALLR,0.20010000467300415,0.20010000467300415,0.20190000534057617,0.20010000467300415,0.20190000534057617,6600.0
2024-07-03 12:47:00,ALNY,247.27999877929688,247.27999877929688,247.36000061035156,247.09500122070312,247.35000610351562,4854.0
2024-07-03 12:47:00,ALT,6.565000057220459,6.565000057220459,6.570000171661377,6.554999828338623,6.554999828338623,21895.0
2024-07-03 12:47:00,ALVO,12.09000015258789,12.09000015258789,12.09000015258789,12.09000015258789,12.09000015258789,619.0
2024-07-03 12:47:00,ALVR,0.7371000051498413,0.7371000051498413,0.7371000051498413,0.7371000051498413,0.7371000051498413,626.0
2024-07-03 12:47:00,ALXO,5.670000076293945,5.670000076293945,5.670000076293945,5.670000076293945,5.670000076293945,334.0
2024-07-03 12:47:00,AMED,97.13500213623047,97.13500213623047,97.13999938964844,97.08499908447266,97.13999938964844,1687.0
2024-07-03 12:47:00,AMGN,308.6925048828125,308.6925048828125,308.739990234375,308.55999755859375,308.739990234375,7061.0
2024-07-03 12:47:00,AMLX,1.7649999856948853,1.7649999856948853,1.7699999809265137,1.7649999856948853,1.7649999856948853,635.0
2024-07-03 12:47:00,AMPH,38.165000915527344,38.165000915527344,38.165000915527344,38.165000915527344,38.165000915527344,134.0
2024-07-03 12:47:00,AMRN,0.6863999962806702,0.6863999962806702,0.6863999962806702,0.6863999962806702,0.6863999962806702,1611.0
2024-07-03 12:47:00,ANIP,60.814998626708984,60.814998626708984,60.814998626708984,60.814998626708984,60.814998626708984,137.0
2024-07-03 12:47:00,ANNX,4.760000228881836,4.760000228881836,4.764999866485596,4.760000228881836,4.764999866485596,2046.0
2024-07-03 12:47:00,ANTX,2.6500000953674316,2.6500000953674316,2.6600000858306885,2.619999885559082,2.634999990463257,9974.0
2024-07-03 12:47:00,APLS,35.31999969482422,35.31999969482422,35.369998931884766,35.30500030517578,35.310001373291016,4291.0
2024-07-03 12:47:00,APLT,4.355000019073486,4.355000019073486,4.355000019073486,4.349999904632568,4.355000019073486,1810.0
2024-07-03 12:47:00,APTO,0.7447999715805054,0.7447999715805054,0.7447999715805054,0.7400000095367432,0.7400000095367432,1283.0
2024-07-03 12:47:00,AQST,2.4000000953674316,2.4000000953674316,2.4049999713897705,2.4000000953674316,2.4049999713897705,1449.0
2024-07-03 12:47:00,ARCT,21.89900016784668,21.89900016784668,21.89900016784668,21.850000381469727,21.850000381469727,2932.0
2024-07-03 12:47:00,ARDX,5.304999828338623,5.304999828338623,5.309999942779541,5.29010009765625,5.295000076293945,118413.0
2024-07-03 12:47:00,ARQT,9.59000015258789,9.59000015258789,9.59000015258789,9.57040023803711,9.585000038146973,10181.0
2024-07-03 12:47:00,ARVN,23.93000030517578,23.93000030517578,23.93000030517578,23.899999618530273,23.90999984741211,1808.0
2024-07-03 12:47:00,ARWR,24.969999313354492,24.969999313354492,25.0,24.969999313354492,25.0,3423.0
2024-07-03 12:47:00,ASLN,2.241499900817871,2.241499900817871,2.25,2.241499900817871,2.25,694.0
2024-07-03 12:47:00,ASRT,1.350000023841858,1.350000023841858,1.350000023841858,1.350000023841858,1.350000023841858,964.0
2024-07-03 12:47:00,ATAI,1.2899999618530273,1.2899999618530273,1.2899999618530273,1.284999966621399,1.2899999618530273,1216.0
2024-07-03 12:47:00,ATEC,10.005000114440918,10.005000114440918,10.005000114440918,10.005000114440918,10.005000114440918,889.0
2024-07-03 12:47:00,ATOS,1.159999966621399,1.159999966621399,1.159999966621399,1.159999966621399,1.159999966621399,983.0
2024-07-03 12:47:00,ATRC,22.399999618530273,22.399999618530273,22.40999984741211,22.399999618530273,22.399999618530273,3255.0
2024-07-03 12:47:00,ATXS,9.039999961853027,9.039999961853027,9.050000190734863,9.039999961853027,9.050000190734863,1316.0
2024-07-03 12:47:00,AUGX,0.9987999796867371,0.9987999796867371,0.9987999796867371,0.9987000226974487,0.9987000226974487,1500.0
2024-07-03 12:47:00,AUPH,5.485000133514404,5.485000133514404,5.485000133514404,5.474999904632568,5.474999904632568,1835.0
2024-07-03 12:47:00,AUTL,3.450000047683716,3.450000047683716,3.4549999237060547,3.450000047683716,3.450000047683716,10765.0
2024-07-03 12:47:00,AVDL,14.470000267028809,14.470000267028809,14.489999771118164,14.460000038146973,14.479999542236328,5176.0
2024-07-03 12:47:00,AVTE,1.6749999523162842,1.6749999523162842,1.6749999523162842,1.6699999570846558,1.6699999570846558,483.0
2024-07-03 12:47:00,AVXL,4.144999980926514,4.144999980926514,4.144999980926514,4.139800071716309,4.139800071716309,7524.0
2024-07-03 12:47:00,AWH,0.9937999844551086,0.9937999844551086,0.9937999844551086,0.9937999844551086,0.9937999844551086,3734.0
2024-07-03 12:47:00,AXGN,7.545000076293945,7.545000076293945,7.545000076293945,7.545000076293945,7.545000076293945,424.0
2024-07-03 12:47:00,AXSM,79.95999908447266,79.95999908447266,79.95999908447266,79.95999908447266,79.95999908447266,163.0
2024-07-03 12:47:00,AZN,76.8499984741211,76.8499984741211,76.8550033569336,76.83650207519531,76.83650207519531,4307.0
2024-07-03 12:47:00,AZTA,52.209999084472656,52.209999084472656,52.27000045776367,52.209999084472656,52.2599983215332,1102.0
2024-07-03 12:47:00,BBIO,25.059999465942383,25.059999465942383,25.079999923706055,25.059999465942383,25.06999969482422,2212.0
2024-07-03 12:47:00,BCAB,1.440000057220459,1.440000057220459,1.440000057220459,1.4199999570846558,1.4199999570846558,69837.0
2024-07-03 12:47:00,BCRX,6.434999942779541,6.434999942779541,6.440000057220459,6.434999942779541,6.440000057220459,1354.0
2024-07-03 12:47:00,BDTX,4.360000133514404,4.360000133514404,4.360000133514404,4.355000019073486,4.360000133514404,4728.0
2024-07-03 12:47:00,BEAM,23.579999923706055,23.579999923706055,23.579999923706055,23.540000915527344,23.549999237060547,4669.0
2024-07-03 12:47:00,BIIB,224.02000427246094,224.02000427246094,224.11500549316406,224.02000427246094,224.11500549316406,1042.0
2024-07-03 12:47:00,BIMI,1.2599999904632568,1.2599999904632568,1.2599999904632568,1.2599999904632568,1.2599999904632568,200.0
2024-07-03 12:47:00,BIVI,0.4156000018119812,0.4156000018119812,0.4156000018119812,0.4156000018119812,0.4156000018119812,1041.0
2024-07-03 12:47:00,BJDX,0.6223999857902527,0.6223999857902527,0.6223999857902527,0.6223999857902527,0.6223999857902527,0.0
2024-07-03 12:47:00,BLFS,20.059999465942383,20.059999465942383,20.059999465942383,20.059999465942383,20.059999465942383,814.0
2024-07-03 12:47:00,BLUE,0.9133999943733215,0.9133999943733215,0.9133999943733215,0.9133999943733215,0.9133999943733215,1059.0
2024-07-03 12:47:00,BMEA,4.320000171661377,4.320000171661377,4.352499961853027,4.320000171661377,4.349999904632568,8910.0
2024-07-03 12:47:00,BMRN,80.78500366210938,80.78500366210938,80.79000091552734,80.78500366210938,80.79000091552734,3408.0
2024-07-03 12:47:00,BNGO,0.5745999813079834,0.5745999813079834,0.5745999813079834,0.5745999813079834,0.5745999813079834,438.0
2024-07-03 12:47:00,BNTX,79.8499984741211,79.8499984741211,79.9000015258789,79.8499984741211,79.9000015258789,2042.0
2024-07-03 12:47:00,BPMC,109.4749984741211,109.4749984741211,109.54000091552734,109.4749984741211,109.53500366210938,1322.0
2024-07-03 12:47:00,BRKR,61.599998474121094,61.599998474121094,61.6150016784668,61.59000015258789,61.6150016784668,1727.0
2024-07-03 12:47:00,BTAI,1.0700000524520874,1.0700000524520874,1.0799000263214111,1.0700000524520874,1.0700000524520874,2501.0
2024-07-03 12:47:00,BVS,5.945000171661377,5.945000171661377,5.945000171661377,5.940000057220459,5.940000057220459,700.0
2024-07-03 12:47:00,CABA,7.514999866485596,7.514999866485596,7.519999980926514,7.510000228881836,7.510000228881836,5828.0
2024-07-03 12:47:00,CADL,6.190000057220459,6.190000057220459,6.190000057220459,6.190000057220459,6.190000057220459,442.0
2024-07-03 12:47:00,CAPR,4.829999923706055,4.829999923706055,4.849999904632568,4.829999923706055,4.829999923706055,4501.0
2024-07-03 12:47:00,CCCC,4.614999771118164,4.614999771118164,4.619999885559082,4.590000152587891,4.599999904632568,11653.0
2024-07-03 12:47:00,CDMO,7.809999942779541,7.809999942779541,7.820000171661377,7.800000190734863,7.809999942779541,6606.0
2024-07-03 12:47:00,CDNA,15.069999694824219,15.069999694824219,15.069999694824219,15.069999694824219,15.069999694824219,699.0
2024-07-03 12:47:00,CERE,40.275001525878906,40.275001525878906,40.275001525878906,40.25,40.25,5003.0
2024-07-03 12:47:00,CERS,1.7100000381469727,1.7100000381469727,1.715000033378601,1.7100000381469727,1.715000033378601,1490.0
2024-07-03 12:47:00,CGC,6.505000114440918,6.505000114440918,6.505000114440918,6.500699996948242,6.504499912261963,806.0
2024-07-03 12:47:00,CGEM,16.635000228881836,16.635000228881836,16.639999389648438,16.549999237060547,16.639999389648438,4643.0
2024-07-03 12:47:00,CGEN,1.649999976158142,1.649999976158142,1.6549999713897705,1.649999976158142,1.6549999713897705,1228.0
2024-07-03 12:47:00,CING,0.3192000091075897,0.3192000091075897,0.3192000091075897,0.3190000057220459,0.3192000091075897,1849.0
2024-07-03 12:47:00,CLDX,35.98500061035156,35.98500061035156,36.08000183105469,35.97999954223633,36.08000183105469,2492.0
2024-07-03 12:47:00,CLOV,1.2549999952316284,1.2549999952316284,1.2549999952316284,1.2549999952316284,1.2549999952316284,157.0
2024-07-03 12:47:00,CMAX,2.3359999656677246,2.3359999656677246,2.3480000495910645,2.315000057220459,2.315000057220459,1324.0
2024-07-03 12:47:00,CMPS,6.25,6.25,6.25,6.239999771118164,6.239999771118164,1229.0
2024-07-03 12:47:00,CMPX,0.8395000100135803,0.8395000100135803,0.8395000100135803,0.8395000100135803,0.8395000100135803,200.0
2024-07-03 12:47:00,CNSP,1.399999976158142,1.399999976158142,1.4199999570846558,1.3799999952316284,1.3849999904632568,40713.0
2024-07-03 12:47:00,CNTX,1.7949999570846558,1.7949999570846558,1.7949999570846558,1.7949999570846558,1.7949999570846558,586.0
2024-07-03 12:47:00,COGT,8.390000343322754,8.390000343322754,8.40999984741211,8.390000343322754,8.40999984741211,3909.0
2024-07-03 12:47:00,COLL,32.36000061035156,32.36000061035156,32.36000061035156,32.33000183105469,32.33000183105469,953.0
2024-07-03 12:47:00,CORT,30.40999984741211,30.40999984741211,30.43000030517578,30.40999984741211,30.420000076293945,2125.0
2024-07-03 12:47:00,COSM,0.8973000049591064,0.8973000049591064,0.8999999761581421,0.8949000239372253,0.8996000289916992,10336.0
2024-07-03 12:47:00,CPRX,15.350000381469727,15.350000381469727,15.350000381469727,15.345000267028809,15.350000381469727,798.0
2024-07-03 12:47:00,CRBU,1.590000033378601,1.590000033378601,1.590000033378601,1.5850000381469727,1.5850000381469727,4306.0
2024-07-03 12:47:00,CRDF,2.234999895095825,2.234999895095825,2.234999895095825,2.234999895095825,2.234999895095825,814.0
2024-07-03 12:47:00,CRMD,4.144999980926514,4.144999980926514,4.144999980926514,4.144999980926514,4.144999980926514,787.0
2024-07-03 12:47:00,CRNX,44.39500045776367,44.39500045776367,44.404998779296875,44.27000045776367,44.279998779296875,5761.0
2024-07-03 12:47:00,CRON,2.309999942779541,2.309999942779541,2.315700054168701,2.309999942779541,2.315700054168701,895.0
2024-07-03 12:47:00,CRSP,53.900001525878906,53.900001525878906,53.935001373291016,53.900001525878906,53.935001373291016,1338.0
2024-07-03 12:47:00,CRVS,1.7799999713897705,1.7799999713897705,1.7799999713897705,1.7799999713897705,1.7799999713897705,1004.0
2024-07-03 12:47:00,CSTL,21.049999237060547,21.049999237060547,21.049999237060547,21.049999237060547,21.049999237060547,2860.0
2024-07-03 12:47:00,CTMX,1.2999999523162842,1.2999999523162842,1.2999999523162842,1.2999999523162842,1.2999999523162842,315.0
2024-07-03 12:47:00,CTSO,0.8640999794006348,0.8640999794006348,0.8640999794006348,0.8537999987602234,0.8537999987602234,11385.0
2024-07-03 12:47:00,CUE,0.9817000031471252,0.9817000031471252,0.9817000031471252,0.9817000031471252,0.9817000031471252,592.0
2024-07-03 12:47:00,CUTR,1.2899999618530273,1.2899999618530273,1.2899999618530273,1.2899999618530273,1.2899999618530273,514.0
2024-07-03 12:47:00,CVAC,3.134999990463257,3.134999990463257,3.140000104904175,3.119999885559082,3.134999990463257,19471.0
2024-07-03 12:47:00,CYTK,54.41999816894531,54.41999816894531,54.45000076293945,54.400001525878906,54.400001525878906,764.0
2024-07-03 12:47:00,DARE,3.055000066757202,3.055000066757202,3.055000066757202,3.055000066757202,3.055000066757202,570.0
2024-07-03 12:47:00,DAWN,13.475000381469727,13.475000381469727,13.5,13.470000267028809,13.470000267028809,13440.0
2024-07-03 12:47:00,DBVT,0.8500000238418579,0.8500000238418579,0.8500000238418579,0.8500000238418579,0.8500000238418579,13337.0
2024-07-03 12:47:00,DH,5.375,5.375,5.375,5.364999771118164,5.369999885559082,2422.0
2024-07-03 12:47:00,DNLI,21.3799991607666,21.3799991607666,21.399999618530273,21.3799991607666,21.399999618530273,2918.0
2024-07-03 12:47:00,DSGN,3.200000047683716,3.200000047683716,3.2100000381469727,3.200000047683716,3.200000047683716,5742.0
2024-07-03 12:47:00,DVAX,11.074999809265137,11.074999809265137,11.079999923706055,11.074999809265137,11.079999923706055,594.0
2024-07-03 12:47:00,DXCM,111.23500061035156,111.23500061035156,111.25,111.16999816894531,111.22000122070312,5417.0
2024-07-03 12:47:00,DYN,34.02000045776367,34.02000045776367,34.02000045776367,33.88999938964844,33.90999984741211,13572.0
2024-07-03 12:47:00,EDIT,4.659999847412109,4.659999847412109,4.670000076293945,4.659999847412109,4.659999847412109,6048.0
2024-07-03 12:47:00,EDSA,4.21999979019165,4.21999979019165,4.239999771118164,4.21999979019165,4.239999771118164,442.0
2024-07-03 12:47:00,EMBC,11.970000267028809,11.970000267028809,11.979999542236328,11.970000267028809,11.979999542236328,1731.0
2024-07-03 12:47:00,ENSG,126.81800079345703,126.81800079345703,126.81800079345703,126.81800079345703,126.81800079345703,1119.0
2024-07-03 12:47:00,ENVB,0.5175999999046326,0.5175999999046326,0.5175999999046326,0.5175999999046326,0.5175999999046326,300.0
2024-07-03 12:47:00,ERAS,2.194999933242798,2.194999933242798,2.194999933242798,2.194999933242798,2.194999933242798,1092.0
2024-07-03 12:47:00,ESPR,2.365000009536743,2.365000009536743,2.369999885559082,2.365000009536743,2.369999885559082,4670.0
2024-07-03 12:47:00,ESTA,43.58000183105469,43.58000183105469,43.60499954223633,43.56999969482422,43.59000015258789,1797.0
2024-07-03 12:47:00,ETNB,7.449999809265137,7.449999809265137,7.449999809265137,7.449999809265137,7.449999809265137,855.0
2024-07-03 12:47:00,EVOK,0.5353000164031982,0.5353000164031982,0.5353000164031982,0.5353000164031982,0.5353000164031982,4466.0
2024-07-03 12:47:00,EWTX,18.25,18.25,18.334999084472656,18.25,18.334999084472656,1144.0
2024-07-03 12:47:00,EXAS,43.22999954223633,43.22999954223633,43.279998779296875,43.21500015258789,43.279998779296875,6461.0
2024-07-03 12:47:00,EXEL,21.850000381469727,21.850000381469727,21.864999771118164,21.850000381469727,21.854999542236328,5190.0
2024-07-03 12:47:00,EYEN,0.7860999703407288,0.7860999703407288,0.7890999913215637,0.7829999923706055,0.7890999913215637,3855.0
2024-07-03 12:47:00,EYPT,8.6899995803833,8.6899995803833,8.699999809265137,8.680000305175781,8.6899995803833,3927.0
2024-07-03 12:47:00,FATE,3.174999952316284,3.174999952316284,3.174999952316284,3.1649999618530273,3.1700000762939453,4378.0
2024-07-03 12:47:00,FDMT,20.76799964904785,20.76799964904785,20.76799964904785,20.76799964904785,20.76799964904785,209.0
2024-07-03 12:47:00,FGEN,0.7138000130653381,0.7138000130653381,0.7145000100135803,0.713100016117096,0.713100016117096,7612.0
2024-07-03 12:47:00,FOLD,9.854999542236328,9.854999542236328,9.854999542236328,9.854999542236328,9.854999542236328,764.0
2024-07-03 12:47:00,FULC,6.114999771118164,6.114999771118164,6.114999771118164,6.114999771118164,6.114999771118164,548.0
2024-07-03 12:47:00,GDRX,7.795000076293945,7.795000076293945,7.795000076293945,7.795000076293945,7.795000076293945,622.0
2024-07-03 12:47:00,GERN,4.335000038146973,4.335000038146973,4.335000038146973,4.329999923706055,4.329999923706055,27229.0
2024-07-03 12:47:00,GH,28.260000228881836,28.260000228881836,28.360000610351562,28.260000228881836,28.344999313354492,10186.0
2024-07-03 12:47:00,GHRS,12.0,12.0,12.0,12.0,12.0,772.0
2024-07-03 12:47:00,GILD,67.04000091552734,67.04000091552734,67.08000183105469,67.03009796142578,67.05000305175781,14462.0
2024-07-03 12:47:00,GLUE,3.819999933242798,3.819999933242798,3.819999933242798,3.819999933242798,3.819999933242798,395.0
2024-07-03 12:47:00,GMAB,25.125,25.125,25.1299991607666,25.1200008392334,25.1299991607666,1202.0
2024-07-03 12:47:00,GOSS,0.9930999875068665,0.9930999875068665,0.9950000047683716,0.991100013256073,0.9937000274658203,11277.0
2024-07-03 12:47:00,GOVX,2.8499999046325684,2.8499999046325684,2.890000104904175,2.8499999046325684,2.888000011444092,5603.0
2024-07-03 12:47:00,GRFS,6.664999961853027,6.664999961853027,6.664999961853027,6.664999961853027,6.664999961853027,400.0
2024-07-03 12:47:00,GRTS,0.5672000050544739,0.5672000050544739,0.5672000050544739,0.5672000050544739,0.5672000050544739,200.0
2024-07-03 12:47:00,GTHX,2.5850000381469727,2.5850000381469727,2.5899999141693115,2.5850000381469727,2.5850000381469727,1414.0
2024-07-03 12:47:00,HALO,52.289398193359375,52.289398193359375,52.289398193359375,52.255001068115234,52.255001068115234,1215.0
2024-07-03 12:47:00,HCAT,6.170000076293945,6.170000076293945,6.170000076293945,6.170000076293945,6.170000076293945,1056.0
2024-07-03 12:47:00,HCSG,10.645000457763672,10.645000457763672,10.645000457763672,10.619999885559082,10.625,4391.0
2024-07-03 12:47:00,HOLX,73.33999633789062,73.33999633789062,73.34500122070312,73.33000183105469,73.33999633789062,3982.0
2024-07-03 12:47:00,HOOK,0.5789999961853027,0.5789999961853027,0.5800999999046326,0.5789999961853027,0.5800999999046326,502.0
2024-07-03 12:47:00,HOWL,2.0799999237060547,2.0799999237060547,2.0799999237060547,2.065000057220459,2.065000057220459,612.0
2024-07-03 12:47:00,HQY,83.7750015258789,83.7750015258789,83.80000305175781,83.76000213623047,83.77999877929688,2223.0
2024-07-03 12:47:00,HRMY,30.799999237060547,30.799999237060547,30.799999237060547,30.764999389648438,30.790000915527344,1091.0
2024-07-03 12:47:00,HROW,21.479999542236328,21.479999542236328,21.510000228881836,21.479999542236328,21.5,1227.0
2024-07-03 12:47:00,HRTX,2.7249999046325684,2.7249999046325684,2.7249999046325684,2.7249999046325684,2.7249999046325684,720.0
2024-07-03 12:47:00,HSIC,65.0199966430664,65.0199966430664,65.08999633789062,65.0199966430664,65.08999633789062,2879.0
2024-07-03 12:47:00,HSTM,27.559999465942383,27.559999465942383,27.559999465942383,27.559999465942383,27.559999465942383,406.0
2024-07-03 12:47:00,HUGE,0.1436000019311905,0.1436000019311905,0.1436000019311905,0.1436000019311905,0.1436000019311905,0.0
2024-07-03 12:47:00,HUMA,5.764999866485596,5.764999866485596,5.775000095367432,5.764999866485596,5.764999866485596,4204.0
2024-07-03 12:47:00,IART,28.65999984741211,28.65999984741211,28.65999984741211,28.65999984741211,28.65999984741211,637.0
2024-07-03 12:47:00,IBRX,6.255000114440918,6.255000114440918,6.269999980926514,6.255000114440918,6.260000228881836,3998.0
2024-07-03 12:47:00,ICLR,317.5050048828125,317.5050048828125,317.5050048828125,317.31500244140625,317.32000732421875,4070.0
2024-07-03 12:47:00,IDYA,33.19499969482422,33.19499969482422,33.20000076293945,33.16999816894531,33.16999816894531,1375.0
2024-07-03 12:47:00,IFRX,1.6299999952316284,1.6299999952316284,1.6299999952316284,1.6299999952316284,1.6299999952316284,898.0
2024-07-03 12:47:00,IKNA,1.649999976158142,1.649999976158142,1.649999976158142,1.6399999856948853,1.6399999856948853,631.0
2024-07-03 12:47:00,ILMN,105.83000183105469,105.83000183105469,105.875,105.79000091552734,105.79000091552734,3708.0
2024-07-03 12:47:00,IMCR,35.7599983215332,35.7599983215332,35.7599983215332,35.75,35.755001068115234,1104.0
2024-07-03 12:47:00,IMMX,2.3299999237060547,2.3299999237060547,2.3450000286102295,2.3299999237060547,2.340100049972534,2300.0
2024-07-03 12:47:00,IMNM,12.072500228881836,12.072500228881836,12.072500228881836,12.069999694824219,12.069999694824219,520.0
2024-07-03 12:47:00,IMNN,1.215000033378601,1.215000033378601,1.215000033378601,1.215000033378601,1.215000033378601,472.0
2024-07-03 12:47:00,IMUX,1.149999976158142,1.149999976158142,1.149999976158142,1.149999976158142,1.149999976158142,11.0
2024-07-03 12:47:00,IMVT,26.018999099731445,26.018999099731445,26.018999099731445,26.0,26.0,1229.0
2024-07-03 12:47:00,INCY,57.689998626708984,57.689998626708984,57.72999954223633,57.68000030517578,57.68000030517578,10167.0
2024-07-03 12:47:00,INGN,8.0,8.0,8.0,7.994999885559082,7.994999885559082,399.0
2024-07-03 12:47:00,INMB,7.960000038146973,7.960000038146973,7.960000038146973,7.960000038146973,7.960000038146973,814.0
2024-07-03 12:47:00,INMD,17.510000228881836,17.510000228881836,17.514999389648438,17.489999771118164,17.4950008392334,5001.0
2024-07-03 12:47:00,INO,8.329999923706055,8.329999923706055,8.329999923706055,8.329999923706055,8.329999923706055,599.0
2024-07-03 12:47:00,INSM,62.03900146484375,62.03900146484375,62.03900146484375,61.90999984741211,61.90999984741211,21962.0
2024-07-03 12:47:00,INVA,16.364999771118164,16.364999771118164,16.364999771118164,16.364999771118164,16.364999771118164,1098.0
2024-07-03 12:47:00,INZY,4.460000038146973,4.460000038146973,4.460000038146973,4.460000038146973,4.460000038146973,428.0
2024-07-03 12:47:00,IONS,45.349998474121094,45.349998474121094,45.40999984741211,45.34000015258789,45.380001068115234,8415.0
2024-07-03 12:47:00,IOVA,7.320000171661377,7.320000171661377,7.34499979019165,7.320000171661377,7.340000152587891,59420.0
2024-07-03 12:47:00,IRTC,96.11499786376953,96.11499786376953,96.18000030517578,95.8499984741211,96.18000030517578,799.0
2024-07-03 12:47:00,IRWD,6.074999809265137,6.074999809265137,6.090000152587891,6.070000171661377,6.090000152587891,8146.0
2024-07-03 12:47:00,ISPC,0.2759999930858612,0.2759999930858612,0.2759999930858612,0.2759999930858612,0.2759999930858612,0.0
2024-07-03 12:47:00,ISRG,433.95001220703125,433.95001220703125,434.1600036621094,433.95001220703125,434.0299987792969,13613.0
2024-07-03 12:47:00,ITCI,68.80000305175781,68.80000305175781,68.86499786376953,68.80000305175781,68.86499786376953,557.0
2024-07-03 12:47:00,ITOS,14.819999694824219,14.819999694824219,14.819999694824219,14.819999694824219,14.819999694824219,3894.0
2024-07-03 12:47:00,ITRM,1.100000023841858,1.100000023841858,1.1101000308990479,1.100000023841858,1.1101000308990479,4134.0
2024-07-03 12:47:00,JANX,38.35499954223633,38.35499954223633,38.35499954223633,38.290000915527344,38.290000915527344,3616.0
2024-07-03 12:47:00,JAZZ,103.0,103.0,103.08000183105469,102.98500061035156,103.00370025634766,8384.0
2024-07-03 12:47:00,KALV,11.699999809265137,11.699999809265137,11.699999809265137,11.6899995803833,11.694999694824219,2424.0
2024-07-03 12:47:00,KNSA,19.040000915527344,19.040000915527344,19.040000915527344,19.040000915527344,19.040000915527344,323.0
2024-07-03 12:47:00,KPRX,4.329999923706055,4.329999923706055,4.329999923706055,4.329999923706055,4.329999923706055,1388.0
2024-07-03 12:47:00,KPTI,0.8199999928474426,0.8199999928474426,0.8199999928474426,0.8199999928474426,0.8199999928474426,2114.0
2024-07-03 12:47:00,KTRA,0.27880001068115234,0.27880001068115234,0.27880001068115234,0.27880001068115234,0.27880001068115234,14523.0
2024-07-03 12:47:00,KURA,20.059999465942383,20.059999465942383,20.09000015258789,20.059999465942383,20.06999969482422,2756.0
2024-07-03 12:47:00,KYMR,30.219999313354492,30.219999313354492,30.219999313354492,30.219999313354492,30.219999313354492,291.0
2024-07-03 12:47:00,LAB,1.8700000047683716,1.8700000047683716,1.8700000047683716,1.8600000143051147,1.8650000095367432,7163.0
2024-07-03 12:47:00,LBPH,32.029998779296875,32.029998779296875,32.029998779296875,32.029998779296875,32.029998779296875,5765.0
2024-07-03 12:47:00,LEGN,46.02000045776367,46.02000045776367,46.02000045776367,46.02000045776367,46.02000045776367,833.0
2024-07-03 12:47:00,LFLY,2.059999942779541,2.059999942779541,2.059999942779541,2.059999942779541,2.059999942779541,125.0
2024-07-03 12:47:00,LFMD,6.769999980926514,6.769999980926514,6.769999980926514,6.760000228881836,6.760000228881836,1013.0
2024-07-03 12:47:00,LFST,5.09499979019165,5.09499979019165,5.105000019073486,5.090000152587891,5.105000019073486,2280.0
2024-07-03 12:47:00,LIVN,52.65999984741211,52.65999984741211,52.65999984741211,52.65999984741211,52.65999984741211,302.0
2024-07-03 12:47:00,LNTH,79.5999984741211,79.5999984741211,79.67500305175781,79.5999984741211,79.67500305175781,943.0
2024-07-03 12:47:00,LOGC,5.75,5.75,5.755000114440918,5.75,5.75029993057251,2102.0
2024-07-03 12:47:00,LQDA,11.979999542236328,11.979999542236328,11.979999542236328,11.979999542236328,11.979999542236328,987.0
2024-07-03 12:47:00,LRMR,7.675000190734863,7.675000190734863,7.710000038146973,7.675000190734863,7.710000038146973,3471.0
2024-07-03 12:47:00,LUCD,0.7620000243186951,0.7620000243186951,0.7620000243186951,0.7620000243186951,0.7620000243186951,2709.0
2024-07-03 12:47:00,LUCY,0.4641999900341034,0.4641999900341034,0.4641999900341034,0.4641999900341034,0.4641999900341034,1646.0
2024-07-03 12:47:00,LXRX,1.6399999856948853,1.6399999856948853,1.6399999856948853,1.6349999904632568,1.6399999856948853,2164.0
2024-07-03 12:47:00,LYEL,1.5049999952316284,1.5049999952316284,1.5099999904632568,1.5049999952316284,1.5049999952316284,3736.0
2024-07-03 12:47:00,MASI,114.31999969482422,114.31999969482422,114.31999969482422,114.31999969482422,114.31999969482422,709.0
2024-07-03 12:47:00,MASS,4.869999885559082,4.869999885559082,4.869999885559082,4.869999885559082,4.869999885559082,201.0
2024-07-03 12:47:00,MBIO,0.4864000082015991,0.4864000082015991,0.4864000082015991,0.4864000082015991,0.4864000082015991,860.0
2024-07-03 12:47:00,MBOT,1.0312000513076782,1.0312000513076782,1.0312000513076782,1.0312000513076782,1.0312000513076782,3459.0
2024-07-03 12:47:00,MDXG,6.795000076293945,6.795000076293945,6.804999828338623,6.795000076293945,6.804999828338623,2379.0
2024-07-03 12:47:00,ME,0.4083999991416931,0.4083999991416931,0.40849998593330383,0.40779998898506165,0.40849998593330383,737.0
2024-07-03 12:47:00,MEDP,404.2349853515625,404.2349853515625,404.2349853515625,404.2349853515625,404.2349853515625,496.0
2024-07-03 12:47:00,MESO,6.784999847412109,6.784999847412109,6.784999847412109,6.784999847412109,6.784999847412109,471.0
2024-07-03 12:47:00,MGNX,4.195000171661377,4.195000171661377,4.199999809265137,4.179999828338623,4.179999828338623,4717.0
2024-07-03 12:47:00,MGTX,3.990000009536743,3.990000009536743,3.990000009536743,3.9800000190734863,3.9800000190734863,675.0
2024-07-03 12:47:00,MMSI,86.04000091552734,86.04000091552734,86.04000091552734,86.0250015258789,86.0250015258789,1518.0
2024-07-03 12:47:00,MNKD,5.014999866485596,5.014999866485596,5.019999980926514,5.010000228881836,5.019999980926514,2740.0
2024-07-03 12:47:00,MNMD,7.079999923706055,7.079999923706055,7.096499919891357,7.079999923706055,7.079999923706055,1203.0
2024-07-03 12:47:00,MODD,1.399999976158142,1.399999976158142,1.399999976158142,1.399999976158142,1.399999976158142,590.0
2024-07-03 12:47:00,MREO,3.5450000762939453,3.5450000762939453,3.5450000762939453,3.5450000762939453,3.5450000762939453,1423.0
2024-07-03 12:47:00,MRNA,115.86000061035156,115.86000061035156,115.86000061035156,115.75499725341797,115.79000091552734,8253.0
2024-07-03 12:47:00,MRNS,1.2050000429153442,1.2050000429153442,1.2050000429153442,1.2050000429153442,1.2050000429153442,790.0
2024-07-03 12:47:00,MRSN,1.8300000429153442,1.8300000429153442,1.8350000381469727,1.8300000429153442,1.8350000381469727,502.0
2024-07-03 12:47:00,MRUS,52.689998626708984,52.689998626708984,52.689998626708984,52.66999816894531,52.689998626708984,1276.0
2024-07-03 12:47:00,MRVI,7.005000114440918,7.005000114440918,7.010000228881836,7.005000114440918,7.010000228881836,3062.0
2024-07-03 12:47:00,MXCT,3.734999895095825,3.734999895095825,3.740000009536743,3.734999895095825,3.734999895095825,1996.0
2024-07-03 12:47:00,MYGN,24.854999542236328,24.854999542236328,24.860000610351562,24.844999313354492,24.860000610351562,680.0
2024-07-03 12:47:00,NARI,49.834999084472656,49.834999084472656,49.849998474121094,49.834999084472656,49.845001220703125,2260.0
2024-07-03 12:47:00,NBIX,137.8699951171875,137.8699951171875,137.96499633789062,137.8699951171875,137.96499633789062,1763.0
2024-07-03 12:47:00,NDRA,0.09009999781847,0.09009999781847,0.09059999883174896,0.09009999781847,0.09059999883174896,70625.0
2024-07-03 12:47:00,NEO,13.710000038146973,13.710000038146973,13.710000038146973,13.699999809265137,13.699999809265137,4257.0
2024-07-03 12:47:00,NEOG,15.095000267028809,15.095000267028809,15.095000267028809,15.095000267028809,15.095000267028809,329.0
2024-07-03 12:47:00,NKTR,1.2999999523162842,1.2999999523162842,1.2999999523162842,1.284999966621399,1.284999966621399,4901.0
2024-07-03 12:47:00,NKTX,5.369999885559082,5.369999885559082,5.369999885559082,5.369999885559082,5.369999885559082,281.0
2024-07-03 12:47:00,NNOX,7.019999980926514,7.019999980926514,7.019999980926514,7.019999980926514,7.019999980926514,1175.0
2024-07-03 12:47:00,NRIX,19.461000442504883,19.461000442504883,19.461000442504883,19.461000442504883,19.461000442504883,1626.0
2024-07-03 12:47:00,NTLA,22.799999237060547,22.799999237060547,22.799999237060547,22.795000076293945,22.795000076293945,1308.0
2024-07-03 12:47:00,NTRA,111.62999725341797,111.62999725341797,111.62999725341797,111.58499908447266,111.58499908447266,564.0
2024-07-03 12:47:00,NVAX,12.494999885559082,12.494999885559082,12.515000343322754,12.489999771118164,12.515000343322754,22355.0
2024-07-03 12:47:00,NVCR,16.920000076293945,16.920000076293945,16.950000762939453,16.899999618530273,16.899999618530273,8900.0
2024-07-03 12:47:00,NVCT,6.239999771118164,6.239999771118164,6.239999771118164,6.239999771118164,6.239999771118164,645.0
2024-07-03 12:47:00,NVOS,0.7386999726295471,0.7386999726295471,0.7400000095367432,0.7386999726295471,0.7400000095367432,14754.0
2024-07-03 12:47:00,OCGN,1.6349999904632568,1.6349999904632568,1.6399999856948853,1.6299999952316284,1.6349999904632568,24404.0
2024-07-03 12:47:00,OCUL,6.65500020980835,6.65500020980835,6.664999961853027,6.650000095367432,6.650000095367432,3249.0
2024-07-03 12:47:00,OGI,1.5750000476837158,1.5750000476837158,1.5750000476837158,1.5750000476837158,1.5750000476837158,270.0
2024-07-03 12:47:00,OLK,25.75,25.75,25.75,25.75,25.75,339.0
2024-07-03 12:47:00,OM,3.869999885559082,3.869999885559082,3.875,3.8450000286102295,3.869999885559082,149536.0
2024-07-03 12:47:00,OMCL,26.799999237060547,26.799999237060547,26.799999237060547,26.780000686645508,26.780000686645508,760.0
2024-07-03 12:47:00,OMER,3.880000114440918,3.880000114440918,3.8803000450134277,3.880000114440918,3.880000114440918,1068.0
2024-07-03 12:47:00,ONCY,1.0049999952316284,1.0049999952316284,1.0049999952316284,1.0049999952316284,1.0049999952316284,0.0
2024-07-03 12:48:00,AADI,1.399999976158142,1.399999976158142,1.409999966621399,1.399999976158142,1.409999966621399,5081.0
2024-07-03 12:48:00,ABCL,2.7049999237060547,2.7049999237060547,2.7100000381469727,2.694999933242798,2.700000047683716,16461.0
2024-07-03 12:48:00,ABEO,4.309999942779541,4.309999942779541,4.315000057220459,4.309999942779541,4.309999942779541,1954.0
2024-07-03 12:48:00,ABIO,3.4000000953674316,3.4000000953674316,3.5,3.4000000953674316,3.5,101269.0
2024-07-03 12:48:00,ABOS,2.369999885559082,2.369999885559082,2.369999885559082,2.3350000381469727,2.3350000381469727,23918.0
2024-07-03 12:48:00,ABSI,3.194999933242798,3.194999933242798,3.199899911880493,3.194999933242798,3.199899911880493,727.0
2024-07-03 12:48:00,ABUS,3.1600000858306885,3.1600000858306885,3.1600000858306885,3.1549999713897705,3.1549999713897705,5861.0
2024-07-03 12:48:00,ACAD,15.595000267028809,15.595000267028809,15.599100112915039,15.59000015258789,15.595000267028809,9871.0
2024-07-03 12:48:00,ACB,4.869999885559082,4.869999885559082,4.880000114440918,4.860000133514404,4.880000114440918,37018.0
2024-07-03 12:48:00,ACCD,3.569999933242798,3.569999933242798,3.575000047683716,3.565000057220459,3.565000057220459,16822.0
2024-07-03 12:48:00,ACET,1.0800000429153442,1.0800000429153442,1.082900047302246,1.0800000429153442,1.082900047302246,2616.0
2024-07-03 12:48:00,ACHC,66.83000183105469,66.83000183105469,66.83000183105469,66.83000183105469,66.83000183105469,507.0
2024-07-03 12:48:00,ACRS,1.149999976158142,1.149999976158142,1.149999976158142,1.149999976158142,1.149999976158142,1407.0
2024-07-03 12:48:00,ADAP,1.0197999477386475,1.0197999477386475,1.0197999477386475,1.0099999904632568,1.0099999904632568,2520.0
2024-07-03 12:48:00,ADMA,11.225000381469727,11.225000381469727,11.25,11.225000381469727,11.249799728393555,14852.0
2024-07-03 12:48:00,ADPT,3.4149999618530273,3.4149999618530273,3.4189999103546143,3.4149999618530273,3.4189999103546143,3020.0
2024-07-03 12:48:00,AFMD,5.050000190734863,5.050000190734863,5.050000190734863,5.050000190734863,5.050000190734863,430.0
2024-07-03 12:48:00,AGEN,14.399999618530273,14.399999618530273,14.399999618530273,14.350000381469727,14.350000381469727,1819.0
2024-07-03 12:48:00,AHCO,9.734999656677246,9.734999656677246,9.734999656677246,9.734999656677246,9.734999656677246,939.0
2024-07-03 12:48:00,AIMD,1.0189000368118286,1.0189000368118286,1.0599000453948975,1.0,1.0499999523162842,47996.0
2024-07-03 12:48:00,AKBA,0.9488999843597412,0.9488999843597412,0.9503999948501587,0.9488999843597412,0.9502999782562256,2302.0
2024-07-03 12:48:00,AKRO,21.889999389648438,21.889999389648438,21.889999389648438,21.8799991607666,21.886999130249023,1179.0
2024-07-03 12:48:00,AKYA,2.130000114440918,2.130000114440918,2.130000114440918,2.130000114440918,2.130000114440918,150.0
2024-07-03 12:48:00,ALDX,3.1700000762939453,3.1700000762939453,3.174999952316284,3.1700000762939453,3.174999952316284,582.0
2024-07-03 12:48:00,ALEC,4.420000076293945,4.420000076293945,4.420000076293945,4.414999961853027,4.414999961853027,285.0
2024-07-03 12:48:00,ALGN,242.31100463867188,242.31100463867188,242.31100463867188,242.27999877929688,242.27999877929688,890.0
2024-07-03 12:48:00,ALGS,0.423799991607666,0.423799991607666,0.423799991607666,0.423799991607666,0.423799991607666,100.0
2024-07-03 12:48:00,ALHC,7.974999904632568,7.974999904632568,7.974999904632568,7.965000152587891,7.965000152587891,4822.0
2024-07-03 12:48:00,ALIM,5.519999980926514,5.519999980926514,5.519999980926514,5.519999980926514,5.519999980926514,333.0
2024-07-03 12:48:00,ALKS,24.21500015258789,24.21500015258789,24.21500015258789,24.21500015258789,24.21500015258789,811.0
2024-07-03 12:48:00,ALLK,0.8288000226020813,0.8288000226020813,0.8288999795913696,0.8288000226020813,0.8288999795913696,1109.0
2024-07-03 12:48:00,ALLO,2.0950000286102295,2.0950000286102295,2.0950000286102295,2.09089994430542,2.0950000286102295,7340.0
2024-07-03 12:48:00,ALLR,0.20010000467300415,0.20010000467300415,0.20200000703334808,0.20010000467300415,0.20029999315738678,22299.0
2024-07-03 12:48:00,ALNY,247.72000122070312,247.72000122070312,247.72000122070312,247.3000030517578,247.3000030517578,4426.0
2024-07-03 12:48:00,ALT,6.565000057220459,6.565000057220459,6.565000057220459,6.554999828338623,6.565000057220459,9547.0
2024-07-03 12:48:00,ALVO,12.100000381469727,12.100000381469727,12.100000381469727,12.09000015258789,12.09000015258789,1095.0
2024-07-03 12:48:00,ALVR,0.7350000143051147,0.7350000143051147,0.7350000143051147,0.7350000143051147,0.7350000143051147,192.0
2024-07-03 12:48:00,ALXO,5.675000190734863,5.675000190734863,5.675000190734863,5.670000076293945,5.675000190734863,773.0
2024-07-03 12:48:00,ALZN,0.38999998569488525,0.38999998569488525,0.39010000228881836,0.38999998569488525,0.39010000228881836,455.0
2024-07-03 12:48:00,AMED,97.13500213623047,97.13500213623047,97.13500213623047,97.13500213623047,97.13500213623047,424.0
2024-07-03 12:48:00,AMGN,309.05999755859375,309.05999755859375,309.05999755859375,308.69500732421875,308.69500732421875,4906.0
2024-07-03 12:48:00,AMLX,1.7649999856948853,1.7649999856948853,1.7699999809265137,1.7649999856948853,1.7699999809265137,2733.0
2024-07-03 12:48:00,AMPH,38.150001525878906,38.150001525878906,38.16999816894531,38.13999938964844,38.13999938964844,3088.0
2024-07-03 12:48:00,AMRN,0.6866000294685364,0.6866000294685364,0.6877999901771545,0.6830000281333923,0.6830000281333923,40889.0
2024-07-03 12:48:00,ANAB,25.010000228881836,25.010000228881836,25.010000228881836,24.979999542236328,24.979999542236328,1455.0
2024-07-03 12:48:00,ANIP,60.81999969482422,60.81999969482422,60.81999969482422,60.81999969482422,60.81999969482422,742.0
2024-07-03 12:48:00,ANNX,4.78000020980835,4.78000020980835,4.78000020980835,4.764999866485596,4.764999866485596,7494.0
2024-07-03 12:48:00,ANTX,2.6419999599456787,2.6419999599456787,2.6500000953674316,2.640000104904175,2.6500000953674316,1883.0
2024-07-03 12:48:00,APLS,35.34000015258789,35.34000015258789,35.34000015258789,35.310001373291016,35.33000183105469,1404.0
2024-07-03 12:48:00,APLT,4.355000019073486,4.355000019073486,4.355000019073486,4.34499979019165,4.349999904632568,4123.0
2024-07-03 12:48:00,AQST,2.4049999713897705,2.4049999713897705,2.4100000858306885,2.4049999713897705,2.4049999713897705,1634.0
2024-07-03 12:48:00,ARCT,21.885000228881836,21.885000228881836,21.887500762939453,21.860000610351562,21.8799991607666,2783.0
2024-07-03 12:48:00,ARDX,5.324999809265137,5.324999809265137,5.329999923706055,5.304999828338623,5.304999828338623,20201.0
2024-07-03 12:48:00,ARQT,9.595000267028809,9.595000267028809,9.595000267028809,9.59000015258789,9.595000267028809,3386.0
2024-07-03 12:48:00,ARVN,23.940000534057617,23.940000534057617,23.940000534057617,23.940000534057617,23.940000534057617,1581.0
2024-07-03 12:48:00,ARWR,24.979999542236328,24.979999542236328,24.979999542236328,24.979999542236328,24.979999542236328,1960.0
2024-07-03 12:48:00,ASRT,1.350000023841858,1.350000023841858,1.350000023841858,1.3401000499725342,1.350000023841858,7374.0
2024-07-03 12:48:00,ATAI,1.284999966621399,1.284999966621399,1.2899999618530273,1.284999966621399,1.2899999618530273,1348.0
2024-07-03 12:48:00,ATEC,9.994999885559082,9.994999885559082,10.005000114440918,9.994999885559082,10.005000114440918,3457.0
2024-07-03 12:48:00,ATRC,22.40999984741211,22.40999984741211,22.420000076293945,22.399999618530273,22.420000076293945,2329.0
2024-07-03 12:48:00,AUGX,0.9987999796867371,0.9987999796867371,0.9987999796867371,0.9987999796867371,0.9987999796867371,0.0
2024-07-03 12:48:00,AUPH,5.485000133514404,5.485000133514404,5.485000133514404,5.485000133514404,5.485000133514404,766.0
2024-07-03 12:48:00,AURA,6.909999847412109,6.909999847412109,6.909999847412109,6.909999847412109,6.909999847412109,240.0
2024-07-03 12:48:00,AUTL,3.450000047683716,3.450000047683716,3.4549999237060547,3.450000047683716,3.450000047683716,2450.0
2024-07-03 12:48:00,AVDL,14.489999771118164,14.489999771118164,14.5,14.479999542236328,14.479999542236328,2436.0
2024-07-03 12:48:00,AVTE,1.6700999736785889,1.6700999736785889,1.6700999736785889,1.6700999736785889,1.6700999736785889,219.0
2024-07-03 12:48:00,AVXL,4.144999980926514,4.144999980926514,4.144999980926514,4.144999980926514,4.144999980926514,1857.0
2024-07-03 12:48:00,AWH,0.9645000100135803,0.9645000100135803,0.9645000100135803,0.9645000100135803,0.9645000100135803,328.0
2024-07-03 12:48:00,AXGN,7.550000190734863,7.550000190734863,7.550000190734863,7.53000020980835,7.539999961853027,2260.0
2024-07-03 12:48:00,AXNX,67.48500061035156,67.48500061035156,67.5,67.48500061035156,67.5,2109.0
2024-07-03 12:48:00,AXSM,80.0,80.0,80.01499938964844,79.9749984741211,79.9749984741211,1561.0
2024-07-03 12:48:00,AZN,76.82749938964844,76.82749938964844,76.8499984741211,76.82499694824219,76.8499984741211,3478.0
2024-07-03 12:48:00,AZTA,52.209999084472656,52.209999084472656,52.2400016784668,52.20000076293945,52.2400016784668,1195.0
2024-07-03 12:48:00,BBIO,25.079999923706055,25.079999923706055,25.079999923706055,25.079999923706055,25.079999923706055,1390.0
2024-07-03 12:48:00,BCAB,1.440000057220459,1.440000057220459,1.4450000524520874,1.440000057220459,1.440000057220459,19314.0
2024-07-03 12:48:00,BCRX,6.434999942779541,6.434999942779541,6.434999942779541,6.434999942779541,6.434999942779541,225.0
2024-07-03 12:48:00,BDSX,1.6100000143051147,1.6100000143051147,1.6100000143051147,1.6100000143051147,1.6100000143051147,1490.0
2024-07-03 12:48:00,BDTX,4.380000114440918,4.380000114440918,4.380000114440918,4.360000133514404,4.360000133514404,5184.0
2024-07-03 12:48:00,BEAM,23.549999237060547,23.549999237060547,23.579999923706055,23.549999237060547,23.565000534057617,1155.0
2024-07-03 12:48:00,BGNE,148.1790008544922,148.1790008544922,148.1790008544922,147.77000427246094,147.89999389648438,4365.0
2024-07-03 12:48:00,BIIB,224.19000244140625,224.19000244140625,224.1999969482422,224.02999877929688,224.02999877929688,2598.0
2024-07-03 12:48:00,BJDX,0.6220999956130981,0.6220999956130981,0.6220999956130981,0.621999979019165,0.6220999956130981,1900.0
2024-07-03 12:48:00,BLRX,0.5202999711036682,0.5202999711036682,0.5202999711036682,0.5202999711036682,0.5202999711036682,1109.0
2024-07-03 12:48:00,BLUE,0.9164999723434448,0.9164999723434448,0.9165999889373779,0.9136000275611877,0.9136000275611877,3622.0
2024-07-03 12:48:00,BMEA,4.329999923706055,4.329999923706055,4.329999923706055,4.320000171661377,4.320000171661377,824.0
2024-07-03 12:48:00,BMRN,80.78500366210938,80.78500366210938,80.78500366210938,80.78500366210938,80.78500366210938,1524.0
2024-07-03 12:48:00,BNGO,0.5745999813079834,0.5745999813079834,0.5745999813079834,0.5745999813079834,0.5745999813079834,1910.0
2024-07-03 12:48:00,BNTX,79.9000015258789,79.9000015258789,79.94499969482422,79.9000015258789,79.9000015258789,1225.0
2024-07-03 12:48:00,BPMC,109.25499725341797,109.25499725341797,109.55000305175781,109.25,109.49109649658203,5553.0
2024-07-03 12:48:00,BRKR,61.625,61.625,61.625,61.59000015258789,61.599998474121094,2546.0
2024-07-03 12:48:00,BTAI,1.0750000476837158,1.0750000476837158,1.0750000476837158,1.0700000524520874,1.0700000524520874,2463.0
2024-07-03 12:48:00,BVS,5.945000171661377,5.945000171661377,5.945000171661377,5.940000057220459,5.945000171661377,305.0
2024-07-03 12:48:00,CABA,7.514999866485596,7.514999866485596,7.519999980926514,7.514999866485596,7.519999980926514,752.0
2024-07-03 12:48:00,CAPR,4.809999942779541,4.809999942779541,4.849999904632568,4.809999942779541,4.829999923706055,6984.0
2024-07-03 12:48:00,CCCC,4.605000019073486,4.605000019073486,4.614999771118164,4.605000019073486,4.614999771118164,7402.0
2024-07-03 12:48:00,CDMO,7.804999828338623,7.804999828338623,7.809999942779541,7.804999828338623,7.804999828338623,4398.0
2024-07-03 12:48:00,CDXS,2.875,2.875,2.875,2.875,2.875,933.0
2024-07-03 12:48:00,CERE,40.33000183105469,40.33000183105469,40.375,40.2599983215332,40.27000045776367,22866.0
2024-07-03 12:48:00,CERT,13.8100004196167,13.8100004196167,13.8100004196167,13.8100004196167,13.8100004196167,717.0
2024-07-03 12:48:00,CGC,6.489999771118164,6.489999771118164,6.494999885559082,6.489999771118164,6.494999885559082,2343.0
2024-07-03 12:48:00,CGEM,16.545000076293945,16.545000076293945,16.545000076293945,16.520000457763672,16.520000457763672,842.0
2024-07-03 12:48:00,CGTX,1.75,1.75,1.75,1.75,1.75,205.0
2024-07-03 12:48:00,CING,0.3192000091075897,0.3192000091075897,0.3192000091075897,0.3192000091075897,0.3192000091075897,186.0
2024-07-03 12:48:00,CLDX,35.9900016784668,35.9900016784668,36.02000045776367,35.959999084472656,35.959999084472656,855.0
2024-07-03 12:48:00,CLOV,1.2598999738693237,1.2598999738693237,1.2598999738693237,1.25,1.25,2460.0
2024-07-03 12:48:00,CMAX,2.299999952316284,2.299999952316284,2.3480000495910645,2.299999952316284,2.3480000495910645,6348.0
2024-07-03 12:48:00,CMPS,6.260000228881836,6.260000228881836,6.269999980926514,6.239999771118164,6.25,3925.0
2024-07-03 12:48:00,CMPX,0.8259000182151794,0.8259000182151794,0.8288999795913696,0.8259000182151794,0.8288999795913696,1160.0
2024-07-03 12:48:00,CNSP,1.4000999927520752,1.4000999927520752,1.409999966621399,1.3839999437332153,1.399999976158142,33232.0
2024-07-03 12:48:00,CNTA,8.5,8.5,8.600000381469727,8.5,8.600000381469727,7794.0
2024-07-03 12:48:00,COGT,8.40999984741211,8.40999984741211,8.40999984741211,8.395000457763672,8.395000457763672,2633.0
2024-07-03 12:48:00,COLL,32.290000915527344,32.290000915527344,32.314998626708984,32.290000915527344,32.314998626708984,1172.0
2024-07-03 12:48:00,CORT,30.43000030517578,30.43000030517578,30.43000030517578,30.424999237060547,30.424999237060547,925.0
2024-07-03 12:48:00,COSM,0.8949999809265137,0.8949999809265137,0.8974999785423279,0.8949999809265137,0.8974999785423279,1100.0
2024-07-03 12:48:00,CPRX,15.345000267028809,15.345000267028809,15.345000267028809,15.345000267028809,15.345000267028809,274.0
2024-07-03 12:48:00,CRBP,49.665000915527344,49.665000915527344,49.665000915527344,49.459999084472656,49.599998474121094,1454.0
2024-07-03 12:48:00,CRBU,1.590000033378601,1.590000033378601,1.590000033378601,1.5850000381469727,1.5850000381469727,700.0
2024-07-03 12:48:00,CRDF,2.234999895095825,2.234999895095825,2.244999885559082,2.234999895095825,2.234999895095825,5254.0
2024-07-03 12:48:00,CRMD,4.135000228881836,4.135000228881836,4.139999866485596,4.135000228881836,4.139999866485596,1399.0
2024-07-03 12:48:00,CRON,2.315999984741211,2.315999984741211,2.315999984741211,2.315999984741211,2.315999984741211,359.0
2024-07-03 12:48:00,CSTL,21.030000686645508,21.030000686645508,21.030000686645508,21.030000686645508,21.030000686645508,498.0
2024-07-03 12:48:00,CTKB,5.574999809265137,5.574999809265137,5.574999809265137,5.574999809265137,5.574999809265137,111.0
2024-07-03 12:48:00,CTMX,1.2999999523162842,1.2999999523162842,1.2999999523162842,1.2999999523162842,1.2999999523162842,4500.0
2024-07-03 12:48:00,CUE,0.9817000031471252,0.9817000031471252,0.9817000031471252,0.9817000031471252,0.9817000031471252,1699.0
2024-07-03 12:48:00,CUTR,1.2949999570846558,1.2949999570846558,1.29830002784729,1.2903000116348267,1.2903000116348267,2294.0
2024-07-03 12:48:00,CVAC,3.1500000953674316,3.1500000953674316,3.1500000953674316,3.134999990463257,3.140000104904175,26475.0
2024-07-03 12:48:00,CVRX,11.729999542236328,11.729999542236328,11.75,11.729999542236328,11.75,506.0
2024-07-03 12:48:00,CYTK,54.38249969482422,54.38249969482422,54.40999984741211,54.38249969482422,54.400001525878906,2736.0
2024-07-03 12:48:00,DARE,3.0601999759674072,3.0601999759674072,3.0601999759674072,3.0601999759674072,3.0601999759674072,952.0
2024-07-03 12:48:00,DAWN,13.479999542236328,13.479999542236328,13.5,13.470000267028809,13.470000267028809,4270.0
2024-07-03 12:48:00,DH,5.375,5.375,5.375,5.369999885559082,5.369999885559082,692.0
2024-07-03 12:48:00,DMAC,2.930000066757202,2.930000066757202,2.930000066757202,2.930000066757202,2.930000066757202,0.0
2024-07-03 12:48:00,DNLI,21.399999618530273,21.399999618530273,21.405000686645508,21.389999389648438,21.399999618530273,4790.0
2024-07-03 12:48:00,DVAX,11.074999809265137,11.074999809265137,11.074999809265137,11.074999809265137,11.074999809265137,1627.0
2024-07-03 12:48:00,DXCM,111.28500366210938,111.28500366210938,111.28500366210938,111.25959777832031,111.25959777832031,3229.0
2024-07-03 12:48:00,DYN,34.0099983215332,34.0099983215332,34.03499984741211,34.0099983215332,34.03499984741211,684.0
2024-07-03 12:48:00,EDIT,4.65500020980835,4.65500020980835,4.65500020980835,4.65500020980835,4.65500020980835,1304.0
2024-07-03 12:48:00,ELYM,6.760000228881836,6.760000228881836,6.760000228881836,6.75,6.75,918.0
2024-07-03 12:48:00,ENSG,126.79499816894531,126.79499816894531,126.87000274658203,126.70999908447266,126.87000274658203,5171.0
2024-07-03 12:48:00,ENTX,1.6399999856948853,1.6399999856948853,1.6399999856948853,1.6399999856948853,1.6399999856948853,812.0
2024-07-03 12:48:00,ENVB,0.5175999999046326,0.5175999999046326,0.5175999999046326,0.5175999999046326,0.5175999999046326,100.0
2024-07-03 12:48:00,EOLS,10.979999542236328,10.979999542236328,10.989999771118164,10.979999542236328,10.979999542236328,1291.0
2024-07-03 12:48:00,EPIX,4.795000076293945,4.795000076293945,4.795000076293945,4.795000076293945,4.795000076293945,973.0
2024-07-03 12:48:00,ESPR,2.369999885559082,2.369999885559082,2.369999885559082,2.365000009536743,2.369999885559082,4299.0
2024-07-03 12:48:00,EVAX,3.109999895095825,3.109999895095825,3.159899950027466,3.109999895095825,3.110100030899048,3301.0
2024-07-03 12:48:00,EVGN,0.6445000171661377,0.6445000171661377,0.6445000171661377,0.6445000171661377,0.6445000171661377,256.0
2024-07-03 12:48:00,EWTX,18.15999984741211,18.15999984741211,18.209999084472656,18.15999984741211,18.209999084472656,637.0
2024-07-03 12:48:00,EXAI,5.480000019073486,5.480000019073486,5.480000019073486,5.479700088500977,5.479899883270264,1290.0
2024-07-03 12:48:00,EXAS,43.310001373291016,43.310001373291016,43.310001373291016,43.220001220703125,43.220001220703125,4538.0
2024-07-03 12:48:00,EXEL,21.858999252319336,21.858999252319336,21.858999252319336,21.850000381469727,21.854999542236328,2124.0
2024-07-03 12:48:00,EYEN,0.7860999703407288,0.7860999703407288,0.7860999703407288,0.7860999703407288,0.7860999703407288,200.0
2024-07-03 12:48:00,EYPT,8.6899995803833,8.6899995803833,8.710000038146973,8.6899995803833,8.710000038146973,8567.0
2024-07-03 12:48:00,FATE,3.1700000762939453,3.1700000762939453,3.180000066757202,3.1700000762939453,3.1700000762939453,1879.0
2024-07-03 12:48:00,FDMT,20.760000228881836,20.760000228881836,20.770000457763672,20.760000228881836,20.760000228881836,2179.0
2024-07-03 12:48:00,FGEN,0.7138000130653381,0.7138000130653381,0.7138000130653381,0.713100016117096,0.713100016117096,7632.0
2024-07-03 12:48:00,FHTX,5.454999923706055,5.454999923706055,5.454999923706055,5.454999923706055,5.454999923706055,291.0
2024-07-03 12:48:00,FOLD,9.854999542236328,9.854999542236328,9.854999542236328,9.854999542236328,9.854999542236328,885.0
2024-07-03 12:48:00,FULC,6.135000228881836,6.135000228881836,6.135000228881836,6.114999771118164,6.114999771118164,3370.0
2024-07-03 12:48:00,GALT,2.184999942779541,2.184999942779541,2.184999942779541,2.180000066757202,2.180000066757202,543.0
2024-07-03 12:48:00,GERN,4.335000038146973,4.335000038146973,4.335000038146973,4.335000038146973,4.335000038146973,39681.0
2024-07-03 12:48:00,GH,28.30500030517578,28.30500030517578,28.309999465942383,28.299999237060547,28.299999237060547,1278.0
2024-07-03 12:48:00,GILD,67.0,67.0,67.05999755859375,67.0,67.04499816894531,18113.0
2024-07-03 12:48:00,GMAB,25.1299991607666,25.1299991607666,25.1299991607666,25.1299991607666,25.1299991607666,596.0
2024-07-03 12:48:00,GOSS,0.996999979019165,0.996999979019165,0.9990000128746033,0.9911999702453613,0.9937999844551086,27741.0
2024-07-03 12:48:00,GOVX,2.869999885559082,2.869999885559082,2.890000104904175,2.869999885559082,2.890000104904175,236.0
2024-07-03 12:48:00,GRFS,6.675000190734863,6.675000190734863,6.675000190734863,6.670000076293945,6.670000076293945,7388.0
2024-07-03 12:48:00,GRTS,0.5698000192642212,0.5698000192642212,0.5698000192642212,0.5672000050544739,0.5672000050544739,900.0
2024-07-03 12:48:00,GTHX,2.5850000381469727,2.5850000381469727,2.5850000381469727,2.5850000381469727,2.5850000381469727,1318.0
2024-07-03 12:48:00,HALO,52.3849983215332,52.3849983215332,52.3849983215332,52.29999923706055,52.29999923706055,2801.0
2024-07-03 12:48:00,HCSG,10.649999618530273,10.649999618530273,10.654999732971191,10.645000457763672,10.649999618530273,2635.0
2024-07-03 12:48:00,HOLX,73.33499908447266,73.33499908447266,73.36000061035156,73.33000183105469,73.36000061035156,6319.0
2024-07-03 12:48:00,HOWL,2.069999933242798,2.069999933242798,2.069999933242798,2.069999933242798,2.069999933242798,704.0
2024-07-03 12:48:00,HQY,83.81500244140625,83.81500244140625,83.83000183105469,83.80500030517578,83.83000183105469,1173.0
2024-07-03 12:48:00,HRMY,30.7450008392334,30.7450008392334,30.780000686645508,30.735000610351562,30.764999389648438,1364.0
2024-07-03 12:48:00,HROW,21.489999771118164,21.489999771118164,21.489999771118164,21.489999771118164,21.489999771118164,428.0
2024-07-03 12:48:00,HRTX,2.7298998832702637,2.7298998832702637,2.7298998832702637,2.7249999046325684,2.7249999046325684,1543.0
2024-07-03 12:48:00,HSIC,64.98999786376953,64.98999786376953,65.0,64.98999786376953,65.0,2022.0
2024-07-03 12:48:00,HUMA,5.75,5.75,5.769999980926514,5.75,5.765399932861328,17573.0
2024-07-03 12:48:00,IART,28.67799949645996,28.67799949645996,28.68000030517578,28.660999298095703,28.670000076293945,2192.0
2024-07-03 12:48:00,IBRX,6.25,6.25,6.260000228881836,6.25,6.255000114440918,3040.0
2024-07-03 12:48:00,ICCM,0.739300012588501,0.739300012588501,0.7400000095367432,0.739300012588501,0.7400000095367432,2863.0
2024-07-03 12:48:00,ICLR,318.0400085449219,318.0400085449219,318.0400085449219,317.5199890136719,317.5199890136719,20451.0
2024-07-03 12:48:00,IDXX,478.625,478.625,478.625,478.3500061035156,478.6199951171875,1623.0
2024-07-03 12:48:00,IDYA,33.20500183105469,33.20500183105469,33.20500183105469,33.20500183105469,33.20500183105469,267.0
2024-07-03 12:48:00,IGMS,6.480000019073486,6.480000019073486,6.480000019073486,6.480000019073486,6.480000019073486,304.0
2024-07-03 12:48:00,IINN,1.2999999523162842,1.2999999523162842,1.2999999523162842,1.2899999618530273,1.2999999523162842,9323.0
2024-07-03 12:48:00,IKT,1.159999966621399,1.159999966621399,1.159999966621399,1.149999976158142,1.149999976158142,200.0
2024-07-03 12:48:00,ILMN,105.8550033569336,105.8550033569336,105.91000366210938,105.81500244140625,105.81749725341797,6056.0
2024-07-03 12:48:00,IMAB,1.534999966621399,1.534999966621399,1.534999966621399,1.534999966621399,1.534999966621399,310.0
2024-07-03 12:48:00,IMCC,0.46700000762939453,0.46700000762939453,0.46700000762939453,0.450300008058548,0.450300008058548,12398.0
2024-07-03 12:48:00,IMCR,35.81999969482422,35.81999969482422,35.83000183105469,35.790000915527344,35.80500030517578,1186.0
2024-07-03 12:48:00,IMMX,2.3399999141693115,2.3399999141693115,2.3450000286102295,2.3399999141693115,2.3450000286102295,50.0
2024-07-03 12:48:00,IMNM,12.0600004196167,12.0600004196167,12.074999809265137,12.0600004196167,12.074999809265137,1055.0
2024-07-03 12:48:00,IMTX,11.829999923706055,11.829999923706055,11.84000015258789,11.824999809265137,11.824999809265137,1305.0
2024-07-03 12:48:00,IMUX,1.149999976158142,1.149999976158142,1.149999976158142,1.149999976158142,1.149999976158142,300.0
2024-07-03 12:48:00,IMVT,26.1200008392334,26.1200008392334,26.1200008392334,26.020000457763672,26.020000457763672,4686.0
2024-07-03 12:48:00,INBX,13.282999992370605,13.282999992370605,13.282999992370605,13.282999992370605,13.282999992370605,295.0
2024-07-03 12:48:00,INCY,57.68000030517578,57.68000030517578,57.709999084472656,57.68000030517578,57.70000076293945,6952.0
2024-07-03 12:48:00,INGN,8.010000228881836,8.010000228881836,8.010000228881836,8.0,8.0,1012.0
2024-07-03 12:48:00,INMB,7.945000171661377,7.945000171661377,7.945000171661377,7.945000171661377,7.945000171661377,139.0
2024-07-03 12:48:00,INMD,17.520000457763672,17.520000457763672,17.520000457763672,17.514999389648438,17.514999389648438,3058.0
2024-07-03 12:48:00,INSM,62.18000030517578,62.18000030517578,62.20000076293945,62.03900146484375,62.03900146484375,6131.0
2024-07-03 12:48:00,INVA,16.344999313354492,16.344999313354492,16.364999771118164,16.344999313354492,16.364999771118164,2524.0
2024-07-03 12:48:00,INZY,4.460000038146973,4.460000038146973,4.460000038146973,4.460000038146973,4.460000038146973,944.0
2024-07-03 12:48:00,IONM,0.3131999969482422,0.3131999969482422,0.3131999969482422,0.3131999969482422,0.3131999969482422,520.0
2024-07-03 12:48:00,IONS,45.529998779296875,45.529998779296875,45.529998779296875,45.369998931884766,45.369998931884766,4481.0
2024-07-03 12:48:00,IOVA,7.340000152587891,7.340000152587891,7.34499979019165,7.320000171661377,7.320000171661377,68586.0
2024-07-03 12:48:00,IPSC,2.2200000286102295,2.2200000286102295,2.2300000190734863,2.2200000286102295,2.2300000190734863,1491.0
2024-07-03 12:48:00,IRTC,96.12999725341797,96.12999725341797,96.56999969482422,95.90499877929688,95.90499877929688,39605.0
2024-07-03 12:48:00,IRWD,6.074999809265137,6.074999809265137,6.074999809265137,6.070000171661377,6.074999809265137,2392.0
2024-07-03 12:48:00,ISPC,0.2759000062942505,0.2759000062942505,0.2759000062942505,0.2759000062942505,0.2759000062942505,518.0
2024-07-03 12:48:00,ISRG,434.3599853515625,434.3599853515625,434.3599853515625,433.95001220703125,433.95001220703125,19295.0
2024-07-03 12:48:00,ITCI,68.7699966430664,68.7699966430664,68.7699966430664,68.7699966430664,68.7699966430664,1738.0
2024-07-03 12:48:00,IVVD,1.0950000286102295,1.0950000286102295,1.0950000286102295,1.0950000286102295,1.0950000286102295,680.0
2024-07-03 12:48:00,JANX,38.59000015258789,38.59000015258789,38.75,38.400001525878906,38.400001525878906,18718.0
2024-07-03 12:48:00,JAZZ,102.97000122070312,102.97000122070312,102.99349975585938,102.95999908447266,102.99349975585938,880.0
2024-07-03 12:48:00,KALV,11.725000381469727,11.725000381469727,11.725000381469727,11.720000267028809,11.720000267028809,566.0
2024-07-03 12:48:00,KNSA,19.020000457763672,19.020000457763672,19.020000457763672,19.020000457763672,19.020000457763672,535.0
2024-07-03 12:48:00,KOD,2.200000047683716,2.200000047683716,2.200000047683716,2.200000047683716,2.200000047683716,345.0
2024-07-03 12:48:00,KPTI,0.8199999928474426,0.8199999928474426,0.8199999928474426,0.8191999793052673,0.8199999928474426,2898.0
2024-07-03 12:48:00,KROS,42.52000045776367,42.52000045776367,42.52000045776367,42.52000045776367,42.52000045776367,534.0
2024-07-03 12:48:00,KTRA,0.27880001068115234,0.27880001068115234,0.27880001068115234,0.27880001068115234,0.27880001068115234,7979.0
2024-07-03 12:48:00,KURA,20.079999923706055,20.079999923706055,20.09000015258789,20.079999923706055,20.09000015258789,906.0
2024-07-03 12:48:00,KYMR,30.290000915527344,30.290000915527344,30.290000915527344,30.204999923706055,30.204999923706055,1111.0
2024-07-03 12:48:00,KZR,0.5766000151634216,0.5766000151634216,0.5766000151634216,0.576200008392334,0.576200008392334,1200.0
2024-07-03 12:48:00,LAB,1.8650000095367432,1.8650000095367432,1.8700000047683716,1.8600000143051147,1.8650000095367432,6129.0
2024-07-03 12:48:00,LBPH,31.90999984741211,31.90999984741211,31.90999984741211,31.90999984741211,31.90999984741211,226.0
2024-07-03 12:48:00,LEGN,46.0,46.0,46.025001525878906,45.9900016784668,46.025001525878906,1580.0
2024-07-03 12:48:00,LFMD,6.775000095367432,6.775000095367432,6.78000020980835,6.769999980926514,6.769999980926514,1307.0
2024-07-03 12:48:00,LFST,5.090000152587891,5.090000152587891,5.09499979019165,5.090000152587891,5.09499979019165,1149.0
2024-07-03 12:48:00,LGVN,1.6150000095367432,1.6150000095367432,1.6150000095367432,1.6150000095367432,1.6150000095367432,3360.0
2024-07-03 12:48:00,LIVN,52.689998626708984,52.689998626708984,52.720001220703125,52.665000915527344,52.665000915527344,2962.0
2024-07-03 12:48:00,LIXT,2.319999933242798,2.319999933242798,2.319999933242798,2.319999933242798,2.319999933242798,102.0
2024-07-03 12:48:00,LMAT,81.13999938964844,81.13999938964844,81.13999938964844,81.13999938964844,81.13999938964844,174.0
2024-07-03 12:48:00,LNSR,4.57889986038208,4.57889986038208,4.57889986038208,4.57889986038208,4.57889986038208,787.0
2024-07-03 12:48:00,LNTH,79.52999877929688,79.52999877929688,79.56999969482422,79.52999877929688,79.56999969482422,533.0
2024-07-03 12:48:00,LPTX,1.840000033378601,1.840000033378601,1.840000033378601,1.840000033378601,1.840000033378601,200.0
2024-07-03 12:48:00,LQDA,11.989999771118164,11.989999771118164,11.989999771118164,11.989999771118164,11.989999771118164,2388.0
2024-07-03 12:48:00,LRMR,7.659999847412109,7.659999847412109,7.664999961853027,7.659999847412109,7.664999961853027,518.0
2024-07-03 12:48:00,LUCD,0.7599999904632568,0.7599999904632568,0.7599999904632568,0.7599999904632568,0.7599999904632568,1335.0
2024-07-03 12:48:00,LUCY,0.4645000100135803,0.4645000100135803,0.4645000100135803,0.4625000059604645,0.4625999927520752,1867.0
2024-07-03 12:48:00,LXRX,1.6349999904632568,1.6349999904632568,1.6399999856948853,1.6349999904632568,1.6399999856948853,9995.0
2024-07-03 12:48:00,LYEL,1.5049999952316284,1.5049999952316284,1.5099999904632568,1.5049999952316284,1.5049999952316284,3194.0
2024-07-03 12:48:00,MBIO,0.48649999499320984,0.48649999499320984,0.48649999499320984,0.48649999499320984,0.48649999499320984,655.0
2024-07-03 12:48:00,MBOT,1.0399999618530273,1.0399999618530273,1.0399999618530273,1.0399999618530273,1.0399999618530273,0.0
2024-07-03 12:48:00,MCRB,0.7317000031471252,0.7317000031471252,0.7325000166893005,0.7317000031471252,0.7319999933242798,1262.0
2024-07-03 12:48:00,MDXG,6.795000076293945,6.795000076293945,6.795000076293945,6.795000076293945,6.795000076293945,1025.0
2024-07-03 12:48:00,MGNX,4.204999923706055,4.204999923706055,4.210000038146973,4.199999809265137,4.199999809265137,2800.0
2024-07-03 12:48:00,MGTX,4.0,4.0,4.0,4.0,4.0,300.0
2024-07-03 12:48:00,MIRM,33.91999816894531,33.91999816894531,33.91999816894531,33.88999938964844,33.88999938964844,475.0
2024-07-03 12:48:00,MMSI,85.9800033569336,85.9800033569336,85.9800033569336,85.9800033569336,85.9800033569336,392.0
2024-07-03 12:48:00,MNKD,5.010000228881836,5.010000228881836,5.014999866485596,5.010000228881836,5.010000228881836,1977.0
2024-07-03 12:48:00,MNMD,7.079999923706055,7.079999923706055,7.079999923706055,7.079999923706055,7.079999923706055,451.0
2024-07-03 12:48:00,MODD,1.4500000476837158,1.4500000476837158,1.4500000476837158,1.399999976158142,1.399999976158142,430.0
2024-07-03 12:48:00,MODV,27.65999984741211,27.65999984741211,27.65999984741211,27.6200008392334,27.6200008392334,1326.0
2024-07-03 12:48:00,MREO,3.549999952316284,3.549999952316284,3.549999952316284,3.549999952316284,3.549999952316284,773.0
2024-07-03 12:48:00,MRNA,116.03500366210938,116.03500366210938,116.1500015258789,115.9000015258789,115.9000015258789,30276.0
2024-07-03 12:48:00,MRNS,1.2050000429153442,1.2050000429153442,1.2050000429153442,1.2050000429153442,1.2050000429153442,1038.0
2024-07-03 12:48:00,MRSN,1.8300000429153442,1.8300000429153442,1.8350000381469727,1.8300000429153442,1.8350000381469727,740.0
2024-07-03 12:48:00,MRUS,52.63999938964844,52.63999938964844,52.68280029296875,52.63999938964844,52.68280029296875,687.0
2024-07-03 12:48:00,MRVI,7.005000114440918,7.005000114440918,7.005000114440918,7.00029993057251,7.00029993057251,2983.0
2024-07-03 12:48:00,MXCT,3.734999895095825,3.734999895095825,3.734999895095825,3.734999895095825,3.734999895095825,208.0
2024-07-03 12:48:00,NARI,49.90999984741211,49.90999984741211,49.90999984741211,49.82749938964844,49.82749938964844,2369.0
2024-07-03 12:48:00,NBIX,137.92999267578125,137.92999267578125,137.92999267578125,137.89999389648438,137.89999389648438,747.0
2024-07-03 12:48:00,NDRA,0.09009999781847,0.09009999781847,0.09019999951124191,0.09009999781847,0.09019999951124191,40375.0
2024-07-03 12:48:00,NEOG,15.095000267028809,15.095000267028809,15.100000381469727,15.095000267028809,15.100000381469727,1439.0
2024-07-03 12:48:00,NKTR,1.3049999475479126,1.3049999475479126,1.3049999475479126,1.2949999570846558,1.2949999570846558,15658.0
2024-07-03 12:48:00,NKTX,5.364999771118164,5.364999771118164,5.369999885559082,5.364999771118164,5.369999885559082,694.0
2024-07-03 12:48:00,NNOX,7.03000020980835,7.03000020980835,7.03000020980835,7.019999980926514,7.019999980926514,2438.0
2024-07-03 12:48:00,NRC,22.979999542236328,22.979999542236328,22.979999542236328,22.979999542236328,22.979999542236328,621.0
2024-07-03 12:48:00,NRIX,19.530000686645508,19.530000686645508,19.530000686645508,19.469999313354492,19.475000381469727,1956.0
2024-07-03 12:48:00,NRSN,1.309999942779541,1.309999942779541,1.309999942779541,1.309999942779541,1.309999942779541,15.0
2024-07-03 12:48:00,NTLA,22.81170082092285,22.81170082092285,22.81170082092285,22.799999237060547,22.799999237060547,2984.0
2024-07-03 12:48:00,NTRA,111.56500244140625,111.56500244140625,111.6500015258789,111.51000213623047,111.61000061035156,17970.0
2024-07-03 12:48:00,NUVL,72.26000213623047,72.26000213623047,72.26000213623047,72.26000213623047,72.26000213623047,669.0
2024-07-03 12:48:00,NVAX,12.5,12.5,12.510000228881836,12.483599662780762,12.499899864196777,25220.0
2024-07-03 12:48:00,NVCT,6.21999979019165,6.21999979019165,6.21999979019165,6.21999979019165,6.21999979019165,262.0
2024-07-03 12:48:00,NVOS,0.7372000217437744,0.7372000217437744,0.7372000217437744,0.7372000217437744,0.7372000217437744,5118.0
2024-07-03 12:48:00,NXL,1.434999942779541,1.434999942779541,1.434999942779541,1.434999942779541,1.434999942779541,696.0
2024-07-03 12:48:00,OCGN,1.6349999904632568,1.6349999904632568,1.6360000371932983,1.6349999904632568,1.6349999904632568,3349.0
2024-07-03 12:48:00,OCUL,6.659999847412109,6.659999847412109,6.659999847412109,6.65500020980835,6.659999847412109,1576.0
2024-07-03 12:48:00,OFIX,13.539999961853027,13.539999961853027,13.539999961853027,13.539999961853027,13.539999961853027,966.0
2024-07-03 12:48:00,OGI,1.5700000524520874,1.5700000524520874,1.5740000009536743,1.5700000524520874,1.5740000009536743,100.0
2024-07-03 12:48:00,OLK,25.75,25.75,25.75,25.75,25.75,2588.0
2024-07-03 12:48:00,OLMA,10.5,10.5,10.5,10.470000267028809,10.470000267028809,2192.0
2024-07-03 12:48:00,OM,3.875,3.875,3.875,3.869999885559082,3.869999885559082,12593.0
2024-07-03 12:48:00,OMCL,26.739999771118164,26.739999771118164,26.81999969482422,26.719999313354492,26.81999969482422,2363.0
2024-07-03 12:48:00,OMER,3.880000114440918,3.880000114440918,3.880000114440918,3.880000114440918,3.880000114440918,573.0
2024-07-03 12:48:00,OMGA,1.8899999856948853,1.8899999856948853,1.899999976158142,1.8899999856948853,1.8949999809265137,15543.0
2024-07-03 12:48:00,ONVO,0.7646999955177307,0.7646999955177307,0.7646999955177307,0.7646999955177307,0.7646999955177307,200.0
2024-07-03 12:49:00,ABCL,2.7200000286102295,2.7200000286102295,2.7200000286102295,2.700000047683716,2.7049999237060547,20458.0
2024-07-03 12:49:00,ABEO,4.315000057220459,4.315000057220459,4.315000057220459,4.315000057220459,4.315000057220459,200.0
2024-07-03 12:49:00,ABIO,3.4100000858306885,3.4100000858306885,3.4100000858306885,3.4100000858306885,3.4100000858306885,2141.0
2024-07-03 12:49:00,ABOS,2.359999895095825,2.359999895095825,2.359999895095825,2.3450000286102295,2.3499999046325684,10061.0
2024-07-03 12:49:00,ABSI,3.194999933242798,3.194999933242798,3.200000047683716,3.194999933242798,3.194999933242798,1319.0
2024-07-03 12:49:00,ABUS,3.1549999713897705,3.1549999713897705,3.1600000858306885,3.1549999713897705,3.1600000858306885,1007.0
2024-07-03 12:49:00,ACAD,15.59000015258789,15.59000015258789,15.595000267028809,15.59000015258789,15.595000267028809,1128.0
2024-07-03 12:49:00,ACB,4.87060022354126,4.87060022354126,4.87060022354126,4.860000133514404,4.860000133514404,4572.0
2024-07-03 12:49:00,ACCD,3.555000066757202,3.555000066757202,3.609999895095825,3.555000066757202,3.569999933242798,57245.0
2024-07-03 12:49:00,ACET,1.0800000429153442,1.0800000429153442,1.0800000429153442,1.0800000429153442,1.0800000429153442,618.0
2024-07-03 12:49:00,ACHC,66.79000091552734,66.79000091552734,66.82499694824219,66.79000091552734,66.82499694824219,649.0
2024-07-03 12:49:00,ACRS,1.149999976158142,1.149999976158142,1.1549999713897705,1.149999976158142,1.149999976158142,1077.0
2024-07-03 12:49:00,ADMA,11.234999656677246,11.234999656677246,11.234999656677246,11.220000267028809,11.225000381469727,9109.0
2024-07-03 12:49:00,ADUS,117.1050033569336,117.1050033569336,117.1050033569336,117.1050033569336,117.1050033569336,244.0
2024-07-03 12:49:00,AEMD,0.4050000011920929,0.4050000011920929,0.4050000011920929,0.4000999927520752,0.4000999927520752,700.0
2024-07-03 12:49:00,AFMD,5.039999961853027,5.039999961853027,5.039999961853027,5.039999961853027,5.039999961853027,136.0
2024-07-03 12:49:00,AGEN,14.385000228881836,14.385000228881836,14.390000343322754,14.385000228881836,14.390000343322754,568.0
2024-07-03 12:49:00,AIMD,1.0199999809265137,1.0199999809265137,1.0399999618530273,1.0019999742507935,1.034999966621399,14232.0
2024-07-03 12:49:00,AKBA,0.9492999911308289,0.9492999911308289,0.9501000046730042,0.9488999843597412,0.9490000009536743,3808.0
2024-07-03 12:49:00,AKRO,21.920000076293945,21.920000076293945,21.920000076293945,21.90999984741211,21.90999984741211,2427.0
2024-07-03 12:49:00,AKYA,2.134999990463257,2.134999990463257,2.134999990463257,2.130000114440918,2.130000114440918,250.0
2024-07-03 12:49:00,ALEC,4.414999961853027,4.414999961853027,4.420000076293945,4.414999961853027,4.420000076293945,301.0
2024-07-03 12:49:00,ALGN,242.33999633789062,242.33999633789062,242.33999633789062,242.2550048828125,242.2550048828125,1275.0
2024-07-03 12:49:00,ALHC,7.977499961853027,7.977499961853027,7.977499961853027,7.977499961853027,7.977499961853027,200.0
2024-07-03 12:49:00,ALIM,5.525000095367432,5.525000095367432,5.525000095367432,5.525000095367432,5.525000095367432,356.0
2024-07-03 12:49:00,ALKS,24.219999313354492,24.219999313354492,24.219999313354492,24.219999313354492,24.219999313354492,1827.0
2024-07-03 12:49:00,ALLK,0.8288000226020813,0.8288000226020813,0.8288000226020813,0.8288000226020813,0.8288000226020813,202.0
2024-07-03 12:49:00,ALLO,2.0899999141693115,2.0899999141693115,2.0950000286102295,2.0899999141693115,2.0950000286102295,7178.0
2024-07-03 12:49:00,ALLR,0.20010000467300415,0.20010000467300415,0.20100000500679016,0.20010000467300415,0.20100000500679016,4600.0
2024-07-03 12:49:00,ALNY,247.1999969482422,247.1999969482422,247.94000244140625,247.1999969482422,247.89999389648438,26981.0
2024-07-03 12:49:00,ALT,6.570000171661377,6.570000171661377,6.570000171661377,6.564300060272217,6.565000057220459,4333.0
2024-07-03 12:49:00,ALVO,12.140000343322754,12.140000343322754,12.140000343322754,12.140000343322754,12.140000343322754,317.0
2024-07-03 12:49:00,ALVR,0.738099992275238,0.738099992275238,0.738099992275238,0.738099992275238,0.738099992275238,1042.0
2024-07-03 12:49:00,ALXO,5.664999961853027,5.664999961853027,5.664999961853027,5.664999961853027,5.664999961853027,670.0
2024-07-03 12:49:00,AMED,97.12999725341797,97.12999725341797,97.12999725341797,97.12999725341797,97.12999725341797,835.0
2024-07-03 12:49:00,AMGN,308.9700012207031,308.9700012207031,309.05999755859375,308.9700012207031,308.9800109863281,1857.0
2024-07-03 12:49:00,AMPH,38.2400016784668,38.2400016784668,38.2400016784668,38.16999816894531,38.16999816894531,1892.0
2024-07-03 12:49:00,ANAB,25.0,25.0,25.014999389648438,24.979999542236328,25.0,8568.0
2024-07-03 12:49:00,ANGO,5.679999828338623,5.679999828338623,5.679999828338623,5.675000190734863,5.679999828338623,924.0
2024-07-03 12:49:00,ANNX,4.784999847412109,4.784999847412109,4.789999961853027,4.775000095367432,4.775000095367432,13649.0
2024-07-03 12:49:00,ANTX,2.6500000953674316,2.6500000953674316,2.6549999713897705,2.6500000953674316,2.6549999713897705,2220.0
2024-07-03 12:49:00,APLS,35.31999969482422,35.31999969482422,35.34000015258789,35.310001373291016,35.310001373291016,2110.0
2024-07-03 12:49:00,APLT,4.340000152587891,4.340000152587891,4.355000019073486,4.340000152587891,4.355000019073486,1694.0
2024-07-03 12:49:00,AQST,2.4049999713897705,2.4049999713897705,2.4049999713897705,2.4000000953674316,2.4049999713897705,1203.0
2024-07-03 12:49:00,ARAY,1.7303999662399292,1.7303999662399292,1.7303999662399292,1.7303999662399292,1.7303999662399292,2553.0
2024-07-03 12:49:00,ARDX,5.359899997711182,5.359899997711182,5.360000133514404,5.320000171661377,5.324999809265137,61176.0
2024-07-03 12:49:00,ARGX,435.3500061035156,435.3500061035156,435.3500061035156,435.3500061035156,435.3500061035156,1607.0
2024-07-03 12:49:00,ARQT,9.579999923706055,9.579999923706055,9.600000381469727,9.5600004196167,9.595000267028809,9235.0
2024-07-03 12:49:00,ARVN,23.940000534057617,23.940000534057617,23.959999084472656,23.920000076293945,23.940000534057617,3605.0
2024-07-03 12:49:00,ARWR,25.100000381469727,25.100000381469727,25.100000381469727,24.989999771118164,25.0,28994.0
2024-07-03 12:49:00,ASND,135.25999450683594,135.25999450683594,135.25999450683594,135.25999450683594,135.25999450683594,1081.0
2024-07-03 12:49:00,ASRT,1.350000023841858,1.350000023841858,1.350000023841858,1.340000033378601,1.350000023841858,4015.0
2024-07-03 12:49:00,ATAI,1.284999966621399,1.284999966621399,1.284999966621399,1.284999966621399,1.284999966621399,800.0
2024-07-03 12:49:00,ATEC,10.020000457763672,10.020000457763672,10.020000457763672,9.994999885559082,9.994999885559082,2688.0
2024-07-03 12:49:00,ATHE,1.815000057220459,1.815000057220459,1.815000057220459,1.815000057220459,1.815000057220459,241.0
2024-07-03 12:49:00,ATOS,1.159999966621399,1.159999966621399,1.159999966621399,1.159999966621399,1.159999966621399,4717.0
2024-07-03 12:49:00,ATRA,7.824999809265137,7.824999809265137,7.824999809265137,7.824999809265137,7.824999809265137,147.0
2024-07-03 12:49:00,ATRC,22.44499969482422,22.44499969482422,22.475000381469727,22.399999618530273,22.399999618530273,4418.0
2024-07-03 12:49:00,ATXS,9.0600004196167,9.0600004196167,9.0600004196167,9.0600004196167,9.0600004196167,401.0
2024-07-03 12:49:00,AUGX,0.9991000294685364,0.9991000294685364,0.9991000294685364,0.9987999796867371,0.9987999796867371,3224.0
2024-07-03 12:49:00,AUPH,5.485000133514404,5.485000133514404,5.485000133514404,5.485000133514404,5.485000133514404,1355.0
2024-07-03 12:49:00,AUTL,3.450000047683716,3.450000047683716,3.4600000381469727,3.450000047683716,3.4600000381469727,3972.0
2024-07-03 12:49:00,AVDL,14.510000228881836,14.510000228881836,14.510000228881836,14.489999771118164,14.5,2812.0
2024-07-03 12:49:00,AVTE,1.6799999475479126,1.6799999475479126,1.6799999475479126,1.6749999523162842,1.6749999523162842,14296.0
2024-07-03 12:49:00,AVTX,11.75,11.75,11.75,11.75,11.75,381.0
2024-07-03 12:49:00,AVXL,4.139999866485596,4.139999866485596,4.144999980926514,4.139999866485596,4.144999980926514,4342.0
2024-07-03 12:49:00,AXGN,7.550000190734863,7.550000190734863,7.559999942779541,7.550000190734863,7.550000190734863,4999.0
2024-07-03 12:49:00,AXSM,80.02999877929688,80.02999877929688,80.02999877929688,79.87999725341797,80.01499938964844,2089.0
2024-07-03 12:49:00,AZN,76.80000305175781,76.80000305175781,76.82499694824219,76.80000305175781,76.82499694824219,13631.0
2024-07-03 12:49:00,AZTA,52.13999938964844,52.13999938964844,52.20000076293945,52.13999938964844,52.183998107910156,1443.0
2024-07-03 12:49:00,BACK,1.6799999475479126,1.6799999475479126,1.6799999475479126,1.6799999475479126,1.6799999475479126,120.0
2024-07-03 12:49:00,BBIO,25.049999237060547,25.049999237060547,25.09000015258789,25.041000366210938,25.09000015258789,4450.0
2024-07-03 12:49:00,BCAB,1.440000057220459,1.440000057220459,1.440000057220459,1.434999942779541,1.440000057220459,4017.0
2024-07-03 12:49:00,BCRX,6.429999828338623,6.429999828338623,6.440000057220459,6.429999828338623,6.434999942779541,1659.0
2024-07-03 12:49:00,BCTX,1.0,1.0,1.0,1.0,1.0,200.0
2024-07-03 12:49:00,BDTX,4.380000114440918,4.380000114440918,4.380000114440918,4.380000114440918,4.380000114440918,1043.0
2024-07-03 12:49:00,BEAM,23.59000015258789,23.59000015258789,23.59000015258789,23.549999237060547,23.56999969482422,3653.0
2024-07-03 12:49:00,BIIB,224.1199951171875,224.1199951171875,224.1199951171875,224.1199951171875,224.1199951171875,816.0
2024-07-03 12:49:00,BIVI,0.415800005197525,0.415800005197525,0.415800005197525,0.415800005197525,0.415800005197525,807.0
2024-07-03 12:49:00,BJDX,0.6220999956130981,0.6220999956130981,0.6220999956130981,0.621999979019165,0.621999979019165,3388.0
2024-07-03 12:49:00,BLTE,45.86000061035156,45.86000061035156,45.869998931884766,45.86000061035156,45.869998931884766,2925.0
2024-07-03 12:49:00,BLUE,0.916100025177002,0.916100025177002,0.916100025177002,0.9136999845504761,0.9136999845504761,3174.0
2024-07-03 12:49:00,BMRN,80.80000305175781,80.80000305175781,80.80999755859375,80.79499816894531,80.79499816894531,1638.0
2024-07-03 12:49:00,BNGO,0.5745000243186951,0.5745000243186951,0.5745999813079834,0.5745000243186951,0.5745999813079834,7714.0
2024-07-03 12:49:00,BNTX,79.875,79.875,79.8949966430664,79.8499984741211,79.8949966430664,2878.0
2024-07-03 12:49:00,BPMC,109.29000091552734,109.29000091552734,109.33000183105469,109.2166976928711,109.2166976928711,2622.0
2024-07-03 12:49:00,BRKR,61.619998931884766,61.619998931884766,61.66999816894531,61.59000015258789,61.630001068115234,6817.0
2024-07-03 12:49:00,BTAI,1.0799000263214111,1.0799000263214111,1.0799000263214111,1.0750000476837158,1.0750000476837158,411.0
2024-07-03 12:49:00,BVS,5.945000171661377,5.945000171661377,5.945000171661377,5.945000171661377,5.945000171661377,200.0
2024-07-03 12:49:00,CABA,7.519999980926514,7.519999980926514,7.519999980926514,7.514999866485596,7.514999866485596,634.0
2024-07-03 12:49:00,CCCC,4.630000114440918,4.630000114440918,4.630000114440918,4.605000019073486,4.605000019073486,2529.0
2024-07-03 12:49:00,CDMO,7.7789998054504395,7.7789998054504395,7.809999942779541,7.7789998054504395,7.809999942779541,13596.0
2024-07-03 12:49:00,CDXC,2.5399999618530273,2.5399999618530273,2.540800094604492,2.5399999618530273,2.540800094604492,2339.0
2024-07-03 12:49:00,CELC,16.264999389648438,16.264999389648438,16.264999389648438,16.264999389648438,16.264999389648438,418.0
2024-07-03 12:49:00,CERE,40.255001068115234,40.255001068115234,40.34000015258789,40.2400016784668,40.34000015258789,59142.0
2024-07-03 12:49:00,CERS,1.7100000381469727,1.7100000381469727,1.715000033378601,1.7100000381469727,1.715000033378601,1390.0
2024-07-03 12:49:00,CGC,6.491000175476074,6.491000175476074,6.494999885559082,6.491000175476074,6.494999885559082,2617.0
2024-07-03 12:49:00,CGEM,16.610000610351562,16.610000610351562,16.6200008392334,16.530000686645508,16.530000686645508,5155.0
2024-07-03 12:49:00,CGEN,1.649999976158142,1.649999976158142,1.6549999713897705,1.649999976158142,1.6549999713897705,5943.0
2024-07-03 12:49:00,CGTX,1.784000039100647,1.784000039100647,1.784000039100647,1.784000039100647,1.784000039100647,4568.0
2024-07-03 12:49:00,CHRS,1.3849999904632568,1.3849999904632568,1.3849999904632568,1.3799999952316284,1.3799999952316284,3702.0
2024-07-03 12:49:00,CING,0.31859999895095825,0.31859999895095825,0.31859999895095825,0.31859999895095825,0.31859999895095825,4872.0
2024-07-03 12:49:00,CKPT,2.1700000762939453,2.1700000762939453,2.1700000762939453,2.1700000762939453,2.1700000762939453,123.0
2024-07-03 12:49:00,CLDX,35.9900016784668,35.9900016784668,35.9900016784668,35.9900016784668,35.9900016784668,561.0
2024-07-03 12:49:00,CLNN,0.3260999917984009,0.3260999917984009,0.3260999917984009,0.3260999917984009,0.3260999917984009,1430.0
2024-07-03 12:49:00,CLOV,1.2549999952316284,1.2549999952316284,1.2585999965667725,1.2503000497817993,1.2503000497817993,2064.0
2024-07-03 12:49:00,CLPT,5.360000133514404,5.360000133514404,5.375,5.360000133514404,5.375,681.0
2024-07-03 12:49:00,CMAX,2.2799999713897705,2.2799999713897705,2.2799999713897705,2.2799999713897705,2.2799999713897705,0.0
2024-07-03 12:49:00,CMPS,6.260000228881836,6.260000228881836,6.269999980926514,6.25,6.25,614.0
2024-07-03 12:49:00,CMPX,0.8199999928474426,0.8199999928474426,0.8248999714851379,0.8199999928474426,0.8248999714851379,4314.0
2024-07-03 12:49:00,CNSP,1.4098999500274658,1.4098999500274658,1.409999966621399,1.3899999856948853,1.399999976158142,8584.0
2024-07-03 12:49:00,COGT,8.414999961853027,8.414999961853027,8.414999961853027,8.40999984741211,8.40999984741211,1116.0
2024-07-03 12:49:00,COLL,32.31999969482422,32.31999969482422,32.31999969482422,32.31999969482422,32.31999969482422,941.0
2024-07-03 12:49:00,CORT,30.41010093688965,30.41010093688965,30.420000076293945,30.41010093688965,30.420000076293945,1040.0
2024-07-03 12:49:00,COSM,0.8973000049591064,0.8973000049591064,0.8973000049591064,0.8952000141143799,0.8952000141143799,4701.0
2024-07-03 12:49:00,CPRX,15.34000015258789,15.34000015258789,15.34000015258789,15.34000015258789,15.34000015258789,413.0
2024-07-03 12:49:00,CRBP,49.531700134277344,49.531700134277344,49.531700134277344,49.459999084472656,49.46099853515625,1601.0
2024-07-03 12:49:00,CRBU,1.5850000381469727,1.5850000381469727,1.590000033378601,1.5850000381469727,1.5850000381469727,3677.0
2024-07-03 12:49:00,CRMD,4.135000228881836,4.135000228881836,4.135000228881836,4.135000228881836,4.135000228881836,228.0
2024-07-03 12:49:00,CRNX,44.43000030517578,44.43000030517578,44.43000030517578,44.43000030517578,44.43000030517578,282.0
2024-07-03 12:49:00,CRON,2.315000057220459,2.315000057220459,2.315000057220459,2.315000057220459,2.315000057220459,1580.0
2024-07-03 12:49:00,CRSP,53.939998626708984,53.939998626708984,53.95000076293945,53.869998931884766,53.869998931884766,1928.0
2024-07-03 12:49:00,CSTL,21.040000915527344,21.040000915527344,21.049999237060547,21.010000228881836,21.010000228881836,2373.0
2024-07-03 12:49:00,CTKB,5.570000171661377,5.570000171661377,5.579999923706055,5.570000171661377,5.579999923706055,1867.0
2024-07-03 12:49:00,CTMX,1.2999999523162842,1.2999999523162842,1.3099000453948975,1.2999999523162842,1.3099000453948975,197.0
2024-07-03 12:49:00,CTSO,0.8579000234603882,0.8579000234603882,0.8579000234603882,0.8500999808311462,0.8579000234603882,5712.0
2024-07-03 12:49:00,CTXR,0.5,0.5,0.5009999871253967,0.5,0.5009999871253967,19645.0
2024-07-03 12:49:00,CUE,0.9817000031471252,0.9817000031471252,0.9817000031471252,0.9817000031471252,0.9817000031471252,793.0
2024-07-03 12:49:00,CVAC,3.1500000953674316,3.1500000953674316,3.1600000858306885,3.140000104904175,3.149399995803833,18953.0
2024-07-03 12:49:00,CVRX,11.75,11.75,11.770000457763672,11.75,11.770000457763672,1818.0
2024-07-03 12:49:00,CYTK,54.43000030517578,54.43000030517578,54.439998626708984,54.385398864746094,54.385398864746094,1856.0
2024-07-03 12:49:00,DAWN,13.5,13.5,13.550000190734863,13.489999771118164,13.5,81157.0
2024-07-03 12:49:00,DCGO,2.9549999237060547,2.9549999237060547,2.9600000381469727,2.9549999237060547,2.9600000381469727,1178.0
2024-07-03 12:49:00,DH,5.380000114440918,5.380000114440918,5.380000114440918,5.375,5.375,433.0
2024-07-03 12:49:00,DNLI,21.459999084472656,21.459999084472656,21.459999084472656,21.399999618530273,21.399999618530273,5683.0
2024-07-03 12:49:00,DRTS,2.2699999809265137,2.2699999809265137,2.2699999809265137,2.2699999809265137,2.2699999809265137,640.0
2024-07-03 12:49:00,DSGN,3.2049999237060547,3.2049999237060547,3.2049999237060547,3.2049999237060547,3.2049999237060547,261.0
2024-07-03 12:49:00,DVAX,11.074999809265137,11.074999809265137,11.074999809265137,11.074999809265137,11.074999809265137,743.0
2024-07-03 12:49:00,DXCM,111.2874984741211,111.2874984741211,111.30999755859375,111.2509994506836,111.30500030517578,4138.0
2024-07-03 12:49:00,DYN,33.9900016784668,33.9900016784668,33.9900016784668,33.970001220703125,33.97999954223633,1097.0
2024-07-03 12:49:00,EDIT,4.65500020980835,4.65500020980835,4.659900188446045,4.65500020980835,4.65500020980835,1230.0
2024-07-03 12:49:00,ELEV,2.680000066757202,2.680000066757202,2.680000066757202,2.674999952316284,2.674999952316284,473.0
2024-07-03 12:49:00,EMBC,11.989999771118164,11.989999771118164,11.989999771118164,11.989999771118164,11.989999771118164,430.0
2024-07-03 12:49:00,ENSC,0.4796999990940094,0.4796999990940094,0.4796999990940094,0.4796999990940094,0.4796999990940094,1000.0
2024-07-03 12:49:00,ENSG,126.55999755859375,126.55999755859375,126.87000274658203,126.55999755859375,126.87000274658203,2994.0
2024-07-03 12:49:00,ENTA,13.09000015258789,13.09000015258789,13.09000015258789,13.086999893188477,13.086999893188477,1021.0
2024-07-03 12:49:00,EOLS,10.989999771118164,10.989999771118164,10.989999771118164,10.970000267028809,10.989999771118164,2652.0
2024-07-03 12:49:00,ERAS,2.200000047683716,2.200000047683716,2.200000047683716,2.200000047683716,2.200000047683716,276.0
2024-07-03 12:49:00,ESPR,2.369999885559082,2.369999885559082,2.369999885559082,2.365000009536743,2.369999885559082,7000.0
2024-07-03 12:49:00,ETNB,7.449999809265137,7.449999809265137,7.449999809265137,7.449999809265137,7.449999809265137,925.0
2024-07-03 12:49:00,EVAX,3.0999999046325684,3.0999999046325684,3.0999999046325684,3.0999999046325684,3.0999999046325684,1200.0
2024-07-03 12:49:00,EWTX,18.209999084472656,18.209999084472656,18.219999313354492,18.190000534057617,18.190000534057617,1745.0
2024-07-03 12:49:00,EXAI,5.483399868011475,5.483399868011475,5.483399868011475,5.483399868011475,5.483399868011475,242.0
2024-07-03 12:49:00,EXAS,43.25,43.25,43.290000915527344,43.25,43.27130126953125,3915.0
2024-07-03 12:49:00,EXEL,21.850000381469727,21.850000381469727,21.854999542236328,21.850000381469727,21.854999542236328,1389.0
2024-07-03 12:49:00,EYEN,0.7860999703407288,0.7860999703407288,0.7860999703407288,0.7860999703407288,0.7860999703407288,132.0
2024-07-03 12:49:00,EYPT,8.645000457763672,8.645000457763672,8.680000305175781,8.630000114440918,8.680000305175781,10168.0
2024-07-03 12:49:00,FATE,3.1700000762939453,3.1700000762939453,3.1700000762939453,3.1700000762939453,3.1700000762939453,351.0
2024-07-03 12:49:00,FBIO,1.7899999618530273,1.7899999618530273,1.7899999618530273,1.7899999618530273,1.7899999618530273,9.0
2024-07-03 12:49:00,FDMT,20.79800033569336,20.79800033569336,20.79800033569336,20.790000915527344,20.790000915527344,411.0
2024-07-03 12:49:00,FENC,6.0,6.0,6.0,6.0,6.0,555.0
2024-07-03 12:49:00,FGEN,0.7142000198364258,0.7142000198364258,0.7145000100135803,0.713100016117096,0.713100016117096,2848.0
2024-07-03 12:49:00,FLGT,19.989999771118164,19.989999771118164,19.989999771118164,19.969999313354492,19.979999542236328,929.0
2024-07-03 12:49:00,FOLD,9.850000381469727,9.850000381469727,9.854999542236328,9.850000381469727,9.854999542236328,1348.0
2024-07-03 12:49:00,FULC,6.135000228881836,6.135000228881836,6.135000228881836,6.135000228881836,6.135000228881836,6935.0
2024-07-03 12:49:00,GALT,2.180000066757202,2.180000066757202,2.180000066757202,2.180000066757202,2.180000066757202,401.0
2024-07-03 12:49:00,GDRX,7.795000076293945,7.795000076293945,7.795000076293945,7.795000076293945,7.795000076293945,1066.0
2024-07-03 12:49:00,GERN,4.340000152587891,4.340000152587891,4.340000152587891,4.330100059509277,4.335000038146973,14940.0
2024-07-03 12:49:00,GH,28.299999237060547,28.299999237060547,28.30500030517578,28.290000915527344,28.299999237060547,1024.0
2024-07-03 12:49:00,GHRS,11.90999984741211,11.90999984741211,11.90999984741211,11.90999984741211,11.90999984741211,300.0
2024-07-03 12:49:00,GILD,66.9801025390625,66.9801025390625,67.0,66.9801025390625,67.0,11624.0
2024-07-03 12:49:00,GLPG,24.920000076293945,24.920000076293945,24.950000762939453,24.920000076293945,24.934999465942383,1456.0
2024-07-03 12:49:00,GLUE,3.8399999141693115,3.8399999141693115,3.8399999141693115,3.8399999141693115,3.8399999141693115,808.0
2024-07-03 12:49:00,GLYC,0.272599995136261,0.272599995136261,0.272599995136261,0.272599995136261,0.272599995136261,2832.0
2024-07-03 12:49:00,GMAB,25.125,25.125,25.125,25.125,25.125,437.0
2024-07-03 12:49:00,GOSS,0.9955000281333923,0.9955000281333923,0.9990000128746033,0.9915000200271606,0.9915000200271606,10700.0
2024-07-03 12:49:00,GOVX,2.890000104904175,2.890000104904175,2.890000104904175,2.869999885559082,2.869999885559082,992.0
2024-07-03 12:49:00,GRFS,6.675000190734863,6.675000190734863,6.675000190734863,6.670000076293945,6.675000190734863,3726.0
2024-07-03 12:49:00,GRTS,0.5672000050544739,0.5672000050544739,0.5672000050544739,0.5672000050544739,0.5672000050544739,1815.0
2024-07-03 12:49:00,GTHX,2.5950000286102295,2.5950000286102295,2.5999999046325684,2.5899999141693115,2.5899999141693115,4903.0
2024-07-03 12:49:00,HALO,52.400001525878906,52.400001525878906,52.415000915527344,52.349998474121094,52.349998474121094,3614.0
2024-07-03 12:49:00,HCSG,10.649999618530273,10.649999618530273,10.654999732971191,10.645000457763672,10.654999732971191,1749.0
2024-07-03 12:49:00,HCWB,0.6290000081062317,0.6290000081062317,0.6290000081062317,0.6290000081062317,0.6290000081062317,120.0
2024-07-03 12:49:00,HLVX,14.22700023651123,14.22700023651123,14.22700023651123,14.22700023651123,14.22700023651123,622.0
2024-07-03 12:49:00,HOLX,73.33000183105469,73.33000183105469,73.36000061035156,73.31999969482422,73.33999633789062,9080.0
2024-07-03 12:49:00,HQY,83.81500244140625,83.81500244140625,83.81500244140625,83.81500244140625,83.81500244140625,349.0
2024-07-03 12:49:00,HRMY,30.729999542236328,30.729999542236328,30.739999771118164,30.729999542236328,30.739999771118164,450.0
2024-07-03 12:49:00,HROW,21.489999771118164,21.489999771118164,21.489999771118164,21.489999771118164,21.489999771118164,324.0
2024-07-03 12:49:00,HRTX,2.7200000286102295,2.7200000286102295,2.7300000190734863,2.7200000286102295,2.7249999046325684,5976.0
2024-07-03 12:49:00,HSIC,64.97000122070312,64.97000122070312,65.00499725341797,64.97000122070312,64.9800033569336,4501.0
2024-07-03 12:49:00,HSTM,27.56999969482422,27.56999969482422,27.56999969482422,27.549999237060547,27.549999237060547,490.0
2024-07-03 12:49:00,HUMA,5.739999771118164,5.739999771118164,5.755000114440918,5.739999771118164,5.752500057220459,8854.0
2024-07-03 12:49:00,IART,28.719999313354492,28.719999313354492,28.719999313354492,28.690000534057617,28.690000534057617,3086.0
2024-07-03 12:49:00,IBRX,6.255000114440918,6.255000114440918,6.255000114440918,6.255000114440918,6.255000114440918,1272.0
2024-07-03 12:49:00,ICLR,317.8800048828125,317.8800048828125,317.8800048828125,317.8800048828125,317.8800048828125,1847.0
2024-07-03 12:49:00,ICUI,117.8499984741211,117.8499984741211,117.8499984741211,117.8499984741211,117.8499984741211,463.0
2024-07-03 12:49:00,IDXX,478.80999755859375,478.80999755859375,478.8399963378906,478.80999755859375,478.8399963378906,626.0
2024-07-03 12:49:00,IGMS,6.480000019073486,6.480000019073486,6.480000019073486,6.480000019073486,6.480000019073486,1185.0
2024-07-03 12:49:00,IINN,1.3036999702453613,1.3036999702453613,1.3036999702453613,1.3036999702453613,1.3036999702453613,444.0
2024-07-03 12:49:00,IKNA,1.6449999809265137,1.6449999809265137,1.649999976158142,1.6449999809265137,1.649999976158142,556.0
2024-07-03 12:49:00,ILMN,105.9000015258789,105.9000015258789,105.95999908447266,105.87999725341797,105.88999938964844,5945.0
2024-07-03 12:49:00,IMAB,1.5299999713897705,1.5299999713897705,1.5299999713897705,1.5299999713897705,1.5299999713897705,241.0
2024-07-03 12:49:00,IMCR,35.869998931884766,35.869998931884766,35.88999938964844,35.849998474121094,35.849998474121094,1350.0
2024-07-03 12:49:00,IMMX,2.349900007247925,2.349900007247925,2.3499999046325684,2.3399999141693115,2.3450000286102295,3994.0
2024-07-03 12:49:00,IMNM,12.085000038146973,12.085000038146973,12.09000015258789,12.069999694824219,12.074999809265137,4454.0
2024-07-03 12:49:00,IMRX,1.1299999952316284,1.1299999952316284,1.1299999952316284,1.1299999952316284,1.1299999952316284,1605.0
2024-07-03 12:49:00,IMUX,1.1399999856948853,1.1399999856948853,1.149999976158142,1.1399999856948853,1.149999976158142,974.0
2024-07-03 12:49:00,IMVT,26.110000610351562,26.110000610351562,26.1299991607666,26.110000610351562,26.1299991607666,2046.0
2024-07-03 12:49:00,INBX,13.28499984741211,13.28499984741211,13.28499984741211,13.279999732971191,13.279999732971191,669.0
2024-07-03 12:49:00,INCY,57.66999816894531,57.66999816894531,57.67499923706055,57.665000915527344,57.66999816894531,3825.0
2024-07-03 12:49:00,INGN,8.010000228881836,8.010000228881836,8.010000228881836,8.010000228881836,8.010000228881836,218.0
2024-07-03 12:49:00,INMD,17.5,17.5,17.524999618530273,17.5,17.520000457763672,2702.0
2024-07-03 12:49:00,INO,8.3100004196167,8.3100004196167,8.319999694824219,8.3100004196167,8.319999694824219,305.0
2024-07-03 12:49:00,INSM,62.209999084472656,62.209999084472656,62.21900177001953,62.1349983215332,62.19499969482422,9286.0
2024-07-03 12:49:00,INVA,16.334999084472656,16.334999084472656,16.344999313354492,16.329999923706055,16.344999313354492,2441.0
2024-07-03 12:49:00,IONM,0.31209999322891235,0.31209999322891235,0.31209999322891235,0.31209999322891235,0.31209999322891235,720.0
2024-07-03 12:49:00,IONS,45.6150016784668,45.6150016784668,45.6150016784668,45.5,45.52000045776367,3034.0
2024-07-03 12:49:00,IOVA,7.3256001472473145,7.3256001472473145,7.340000152587891,7.320000171661377,7.340000152587891,48451.0
2024-07-03 12:49:00,IRTC,96.13500213623047,96.13500213623047,96.13999938964844,96.12999725341797,96.12999725341797,965.0
2024-07-03 12:49:00,IRWD,6.074999809265137,6.074999809265137,6.074999809265137,6.070000171661377,6.070000171661377,1422.0
2024-07-03 12:49:00,ISRG,434.0799865722656,434.0799865722656,434.3500061035156,433.94000244140625,434.3500061035156,7836.0
2024-07-03 12:49:00,ITCI,68.80000305175781,68.80000305175781,68.80000305175781,68.80000305175781,68.80000305175781,290.0
2024-07-03 12:49:00,IVVD,1.0950000286102295,1.0950000286102295,1.0950000286102295,1.0950000286102295,1.0950000286102295,200.0
2024-07-03 12:49:00,JAGX,3.497999906539917,3.497999906539917,3.497999906539917,3.494999885559082,3.494999885559082,1460.0
2024-07-03 12:49:00,JANX,38.58000183105469,38.58000183105469,38.65999984741211,38.58000183105469,38.59000015258789,4795.0
2024-07-03 12:49:00,JAZZ,102.86000061035156,102.86000061035156,102.95999908447266,102.86000061035156,102.87999725341797,2821.0
2024-07-03 12:49:00,KALA,6.75,6.75,6.75,6.75,6.75,241.0
2024-07-03 12:49:00,KALV,11.725000381469727,11.725000381469727,11.725000381469727,11.725000381469727,11.725000381469727,981.0
2024-07-03 12:49:00,KNSA,19.049999237060547,19.049999237060547,19.049999237060547,19.020000457763672,19.020000457763672,924.0
2024-07-03 12:49:00,KOD,2.200000047683716,2.200000047683716,2.2049999237060547,2.200000047683716,2.2049999237060547,500.0
2024-07-03 12:49:00,KPTI,0.8230000138282776,0.8230000138282776,0.8233000040054321,0.8230000138282776,0.8230000138282776,3500.0
2024-07-03 12:49:00,KRON,1.1299999952316284,1.1299999952316284,1.1299999952316284,1.1299999952316284,1.1299999952316284,618.0
2024-07-03 12:49:00,KROS,42.44499969482422,42.44499969482422,42.470001220703125,42.44499969482422,42.470001220703125,938.0
2024-07-03 12:49:00,KTRA,0.27889999747276306,0.27889999747276306,0.27889999747276306,0.27889999747276306,0.27889999747276306,431.0
2024-07-03 12:49:00,KURA,20.094999313354492,20.094999313354492,20.094999313354492,20.084999084472656,20.084999084472656,789.0
2024-07-03 12:49:00,KYMR,30.309999465942383,30.309999465942383,30.309999465942383,30.309999465942383,30.309999465942383,615.0
2024-07-03 12:49:00,KZR,0.576200008392334,0.576200008392334,0.576200008392334,0.576200008392334,0.576200008392334,238.0
2024-07-03 12:49:00,LAB,1.8650000095367432,1.8650000095367432,1.8700000047683716,1.8600000143051147,1.8650000095367432,5690.0
2024-07-03 12:49:00,LBPH,31.850000381469727,31.850000381469727,31.93000030517578,31.850000381469727,31.93000030517578,2643.0
2024-07-03 12:49:00,LEGN,46.08000183105469,46.08000183105469,46.08000183105469,46.08000183105469,46.08000183105469,254.0
2024-07-03 12:49:00,LFST,5.09499979019165,5.09499979019165,5.09499979019165,5.090000152587891,5.090000152587891,972.0
2024-07-03 12:49:00,LGND,82.41999816894531,82.41999816894531,82.41999816894531,82.41999816894531,82.41999816894531,750.0
2024-07-03 12:49:00,LIVN,52.70000076293945,52.70000076293945,52.70000076293945,52.70000076293945,52.70000076293945,200.0
2024-07-03 12:49:00,LNTH,79.55999755859375,79.55999755859375,79.56999969482422,79.55000305175781,79.55000305175781,1176.0
2024-07-03 12:49:00,LQDA,11.989999771118164,11.989999771118164,11.989999771118164,11.989999771118164,11.989999771118164,2248.0
2024-07-03 12:49:00,LRMR,7.65500020980835,7.65500020980835,7.65500020980835,7.644999980926514,7.650000095367432,1322.0
2024-07-03 12:49:00,LUCY,0.46650001406669617,0.46650001406669617,0.4666000008583069,0.46239998936653137,0.46459999680519104,7851.0
2024-07-03 12:49:00,LYEL,1.5099999904632568,1.5099999904632568,1.5099999904632568,1.5049999952316284,1.5099999904632568,2889.0
2024-07-03 12:49:00,LYRA,0.2831999957561493,0.2831999957561493,0.2847000062465668,0.2831999957561493,0.2847000062465668,5998.0
2024-07-03 12:49:00,MASI,114.19999694824219,114.19999694824219,114.19999694824219,114.19999694824219,114.19999694824219,423.0
2024-07-03 12:49:00,MBIO,0.48660001158714294,0.48660001158714294,0.48660001158714294,0.48660001158714294,0.48660001158714294,6000.0
2024-07-03 12:49:00,MCRB,0.7335000038146973,0.7335000038146973,0.7335000038146973,0.7311000227928162,0.7315999865531921,928.0
2024-07-03 12:49:00,MDWD,14.5,14.5,14.5,14.489999771118164,14.489999771118164,3087.0
2024-07-03 12:49:00,MDXG,6.795000076293945,6.795000076293945,6.795000076293945,6.795000076293945,6.795000076293945,678.0
2024-07-03 12:49:00,ME,0.40849998593330383,0.40849998593330383,0.40849998593330383,0.4083999991416931,0.4083999991416931,3615.0
2024-07-03 12:49:00,MGNX,4.195000171661377,4.195000171661377,4.210000038146973,4.195000171661377,4.210000038146973,5842.0
2024-07-03 12:49:00,MGTX,3.990000009536743,3.990000009536743,3.990000009536743,3.990000009536743,3.990000009536743,1652.0
2024-07-03 12:49:00,MIRM,33.86000061035156,33.86000061035156,33.900001525878906,33.86000061035156,33.900001525878906,1583.0
2024-07-03 12:49:00,MMSI,86.02999877929688,86.02999877929688,86.05999755859375,85.9800033569336,85.9800033569336,1593.0
2024-07-03 12:49:00,MNKD,5.010000228881836,5.010000228881836,5.014999866485596,5.010000228881836,5.014999866485596,521.0
2024-07-03 12:49:00,MNMD,7.090000152587891,7.090000152587891,7.090000152587891,7.079999923706055,7.079999923706055,4560.0
2024-07-03 12:49:00,MODD,1.4500000476837158,1.4500000476837158,1.4500000476837158,1.399999976158142,1.399999976158142,920.0
2024-07-03 12:49:00,MOVE,0.31450000405311584,0.31450000405311584,0.31450000405311584,0.31450000405311584,0.31450000405311584,397.0
2024-07-03 12:49:00,MREO,3.565000057220459,3.565000057220459,3.565000057220459,3.549999952316284,3.555000066757202,2795.0
2024-07-03 12:49:00,MRNA,115.95500183105469,115.95500183105469,116.02999877929688,115.88999938964844,116.0250015258789,13943.0
2024-07-03 12:49:00,MRNS,1.2050000429153442,1.2050000429153442,1.2050000429153442,1.2050000429153442,1.2050000429153442,800.0
2024-07-03 12:49:00,MRSN,1.8350000381469727,1.8350000381469727,1.8350000381469727,1.8300000429153442,1.8350000381469727,1407.0
2024-07-03 12:49:00,MRUS,52.68000030517578,52.68000030517578,52.68000030517578,52.63999938964844,52.63999938964844,358.0
2024-07-03 12:49:00,MRVI,7.010000228881836,7.010000228881836,7.010000228881836,7.010000228881836,7.010000228881836,422.0
2024-07-03 12:49:00,MXCT,3.744999885559082,3.744999885559082,3.744999885559082,3.734999895095825,3.734999895095825,3282.0
2024-07-03 12:49:00,MYGN,24.860000610351562,24.860000610351562,24.860000610351562,24.860000610351562,24.860000610351562,1113.0
2024-07-03 12:49:00,NARI,49.904998779296875,49.904998779296875,49.93000030517578,49.904998779296875,49.93000030517578,452.0
2024-07-03 12:49:00,NBIX,137.92999267578125,137.92999267578125,137.92999267578125,137.92999267578125,137.92999267578125,802.0
2024-07-03 12:49:00,NDRA,0.09030000120401382,0.09030000120401382,0.09049999713897705,0.09009999781847,0.09019999951124191,144690.0
2024-07-03 12:49:00,NEO,13.71500015258789,13.71500015258789,13.71500015258789,13.71500015258789,13.71500015258789,1326.0
2024-07-03 12:49:00,NEOG,15.095000267028809,15.095000267028809,15.095000267028809,15.095000267028809,15.095000267028809,2189.0
2024-07-03 12:49:00,NKTR,1.3049999475479126,1.3049999475479126,1.309999942779541,1.2999999523162842,1.309999942779541,5577.0
2024-07-03 12:49:00,NKTX,5.369999885559082,5.369999885559082,5.369999885559082,5.369999885559082,5.369999885559082,828.0
2024-07-03 12:49:00,NLSP,0.20090000331401825,0.20090000331401825,0.20090000331401825,0.20010000467300415,0.20020000636577606,28373.0
2024-07-03 12:49:00,NOTV,1.684999942779541,1.684999942779541,1.684999942779541,1.659999966621399,1.659999966621399,7528.0
2024-07-03 12:49:00,NPCE,7.28000020980835,7.28000020980835,7.28000020980835,7.25,7.25,638.0
2024-07-03 12:49:00,NRIX,19.5049991607666,19.5049991607666,19.549999237060547,19.5,19.549999237060547,2118.0
2024-07-03 12:49:00,NRSN,1.3200000524520874,1.3200000524520874,1.3200000524520874,1.2899999618530273,1.2899999618530273,4106.0
2024-07-03 12:49:00,NTLA,22.81999969482422,22.81999969482422,22.827999114990234,22.809999465942383,22.809999465942383,1201.0
2024-07-03 12:49:00,NTRA,111.58000183105469,111.58000183105469,111.63999938964844,111.5,111.63999938964844,1157.0
2024-07-03 12:49:00,NTRB,5.683499813079834,5.683499813079834,5.75,5.683499813079834,5.75,964.0
2024-07-03 12:49:00,NUVL,72.37000274658203,72.37000274658203,72.37000274658203,72.3499984741211,72.3499984741211,2096.0
2024-07-03 12:49:00,NUWE,3.849600076675415,3.849600076675415,3.849600076675415,3.849600076675415,3.849600076675415,452.0
2024-07-03 12:49:00,NVAX,12.520000457763672,12.520000457763672,12.520000457763672,12.494999885559082,12.498000144958496,13375.0
2024-07-03 12:49:00,NVCR,16.989999771118164,16.989999771118164,17.0,16.950000762939453,16.950000762939453,3415.0
2024-07-03 12:49:00,NVOS,0.7384999990463257,0.7384999990463257,0.7384999990463257,0.7364000082015991,0.7364000082015991,608.0
2024-07-03 12:49:00,NXTC,1.600000023841858,1.600000023841858,1.600000023841858,1.600000023841858,1.600000023841858,325.0
2024-07-03 12:49:00,OCGN,1.6349999904632568,1.6349999904632568,1.638700008392334,1.6349999904632568,1.6349999904632568,1982.0
2024-07-03 12:49:00,OCUL,6.65500020980835,6.65500020980835,6.65500020980835,6.65500020980835,6.65500020980835,1055.0
2024-07-03 12:49:00,OGI,1.5750000476837158,1.5750000476837158,1.5750000476837158,1.5750000476837158,1.5750000476837158,100.0
2024-07-03 12:49:00,OLMA,10.520000457763672,10.520000457763672,10.520000457763672,10.520000457763672,10.520000457763672,727.0
2024-07-03 12:49:00,OM,3.869999885559082,3.869999885559082,3.880000114440918,3.869999885559082,3.875,20477.0
2024-07-03 12:49:00,OMCL,26.75,26.75,26.75,26.75,26.75,363.0
2024-07-03 12:49:00,OMGA,1.8949999809265137,1.8949999809265137,1.899999976158142,1.8949999809265137,1.899999976158142,3990.0
2024-07-03 12:50:00,ABCL,2.7249999046325684,2.7249999046325684,2.7249999046325684,2.7200000286102295,2.7200000286102295,17478.0
2024-07-03 12:50:00,ABEO,4.315000057220459,4.315000057220459,4.315000057220459,4.315000057220459,4.315000057220459,224.0
2024-07-03 12:50:00,ABOS,2.3580000400543213,2.3580000400543213,2.3580000400543213,2.3580000400543213,2.3580000400543213,525.0
2024-07-03 12:50:00,ABSI,3.184999942779541,3.184999942779541,3.194999933242798,3.180000066757202,3.190000057220459,11140.0
2024-07-03 12:50:00,ABUS,3.1549999713897705,3.1549999713897705,3.1600000858306885,3.1510000228881836,3.1549999713897705,5450.0
2024-07-03 12:50:00,ACAD,15.595000267028809,15.595000267028809,15.599499702453613,15.595000267028809,15.595000267028809,2666.0
2024-07-03 12:50:00,ACB,4.880000114440918,4.880000114440918,4.880000114440918,4.880000114440918,4.880000114440918,360.0
2024-07-03 12:50:00,ACCD,3.549999952316284,3.549999952316284,3.559999942779541,3.549999952316284,3.555000066757202,17933.0
2024-07-03 12:50:00,ACET,1.0800000429153442,1.0800000429153442,1.0800000429153442,1.0800000429153442,1.0800000429153442,1105.0
2024-07-03 12:50:00,ACHC,66.93000030517578,66.93000030517578,66.93000030517578,66.77999877929688,66.79000091552734,5434.0
2024-07-03 12:50:00,ACHL,0.8199999928474426,0.8199999928474426,0.8199999928474426,0.8102999925613403,0.817300021648407,4365.0
2024-07-03 12:50:00,ACHV,4.519999980926514,4.519999980926514,4.519999980926514,4.519999980926514,4.519999980926514,427.0
2024-07-03 12:50:00,ACLX,54.619998931884766,54.619998931884766,54.64500045776367,54.619998931884766,54.64500045776367,525.0
2024-07-03 12:50:00,ACRS,1.149999976158142,1.149999976158142,1.149999976158142,1.149999976158142,1.149999976158142,1020.0
2024-07-03 12:50:00,ADAG,2.9000000953674316,2.9000000953674316,2.9000000953674316,2.9000000953674316,2.9000000953674316,542.0
2024-07-03 12:50:00,ADAP,1.0199999809265137,1.0199999809265137,1.0199999809265137,1.0199999809265137,1.0199999809265137,0.0
2024-07-03 12:50:00,ADMA,11.229999542236328,11.229999542236328,11.234999656677246,11.229999542236328,11.234999656677246,4121.0
2024-07-03 12:50:00,ADUS,117.37999725341797,117.37999725341797,117.37999725341797,117.0199966430664,117.0199966430664,2589.0
2024-07-03 12:50:00,AEMD,0.40139999985694885,0.40139999985694885,0.40139999985694885,0.40139999985694885,0.40139999985694885,200.0
2024-07-03 12:50:00,AFMD,5.059999942779541,5.059999942779541,5.059999942779541,5.059999942779541,5.059999942779541,113.0
2024-07-03 12:50:00,AGEN,14.444999694824219,14.444999694824219,14.470000267028809,14.385000228881836,14.40999984741211,3169.0
2024-07-03 12:50:00,AGIO,41.900001525878906,41.900001525878906,41.900001525878906,41.880001068115234,41.880001068115234,1891.0
2024-07-03 12:50:00,AHCO,9.729999542236328,9.729999542236328,9.729999542236328,9.729999542236328,9.729999542236328,320.0
2024-07-03 12:50:00,AIMD,1.0204999446868896,1.0204999446868896,1.0399999618530273,1.0200999975204468,1.0299999713897705,19522.0
2024-07-03 12:50:00,AKBA,0.9491999745368958,0.9491999745368958,0.9491999745368958,0.9488999843597412,0.9491000175476074,2305.0
2024-07-03 12:50:00,AKRO,21.920000076293945,21.920000076293945,21.93000030517578,21.920000076293945,21.920000076293945,2168.0
2024-07-03 12:50:00,ALDX,3.174999952316284,3.174999952316284,3.1760001182556152,3.174999952316284,3.1760001182556152,621.0
2024-07-03 12:50:00,ALEC,4.420000076293945,4.420000076293945,4.420000076293945,4.414999961853027,4.414999961853027,517.0
2024-07-03 12:50:00,ALGN,242.67999267578125,242.67999267578125,242.67999267578125,242.33999633789062,242.33999633789062,1962.0
2024-07-03 12:50:00,ALGS,0.4250999987125397,0.4250999987125397,0.4250999987125397,0.42250001430511475,0.42250001430511475,700.0
2024-07-03 12:50:00,ALHC,7.999000072479248,7.999000072479248,8.0,7.974999904632568,7.974999904632568,5095.0
2024-07-03 12:50:00,ALIM,5.53000020980835,5.53000020980835,5.53000020980835,5.519999980926514,5.519999980926514,97094.0
2024-07-03 12:50:00,ALKS,24.200000762939453,24.200000762939453,24.225000381469727,24.200000762939453,24.225000381469727,2360.0
2024-07-03 12:50:00,ALLK,0.8105000257492065,0.8105000257492065,0.8288000226020813,0.8079000115394592,0.8288000226020813,17620.0
2024-07-03 12:50:00,ALLO,2.0950000286102295,2.0950000286102295,2.0999999046325684,2.0950000286102295,2.0999999046325684,2916.0
2024-07-03 12:50:00,ALLR,0.20010000467300415,0.20010000467300415,0.20100000500679016,0.20010000467300415,0.20100000500679016,1592.0
2024-07-03 12:50:00,ALNY,246.7899932861328,246.7899932861328,247.22500610351562,246.7899932861328,247.22500610351562,4052.0
2024-07-03 12:50:00,ALT,6.565000057220459,6.565000057220459,6.574999809265137,6.5630998611450195,6.570000171661377,9389.0
2024-07-03 12:50:00,ALVO,12.180000305175781,12.180000305175781,12.180000305175781,12.140000343322754,12.140000343322754,697.0
2024-07-03 12:50:00,ALVR,0.738099992275238,0.738099992275238,0.739300012588501,0.738099992275238,0.739300012588501,300.0
2024-07-03 12:50:00,ALXO,5.670000076293945,5.670000076293945,5.670000076293945,5.664999961853027,5.664999961853027,2143.0
2024-07-03 12:50:00,AMED,97.3499984741211,97.3499984741211,97.3499984741211,97.14250183105469,97.18000030517578,2765.0
2024-07-03 12:50:00,AMGN,308.885009765625,308.885009765625,309.07000732421875,308.885009765625,308.9100036621094,10306.0
2024-07-03 12:50:00,AMLX,1.7699999809265137,1.7699999809265137,1.7699999809265137,1.76010000705719,1.7649999856948853,2746.0
2024-07-03 12:50:00,AMPH,38.29999923706055,38.29999923706055,38.310001373291016,38.29999923706055,38.310001373291016,5006.0
2024-07-03 12:50:00,AMRN,0.6873000264167786,0.6873000264167786,0.6876999735832214,0.6854000091552734,0.6866000294685364,8658.0
2024-07-03 12:50:00,ANNX,4.784999847412109,4.784999847412109,4.789999961853027,4.784999847412109,4.784999847412109,2612.0
2024-07-03 12:50:00,ANTX,2.6693999767303467,2.6693999767303467,2.6693999767303467,2.650099992752075,2.650099992752075,4158.0
2024-07-03 12:50:00,APLS,35.369998931884766,35.369998931884766,35.369998931884766,35.290000915527344,35.310001373291016,8515.0
2024-07-03 12:50:00,APLT,4.349999904632568,4.349999904632568,4.355000019073486,4.348199844360352,4.348199844360352,6025.0
2024-07-03 12:50:00,APTO,0.7820000052452087,0.7820000052452087,0.7820000052452087,0.7820000052452087,0.7820000052452087,168.0
2024-07-03 12:50:00,AQST,2.4100000858306885,2.4100000858306885,2.4100000858306885,2.4100000858306885,2.4100000858306885,5883.0
2024-07-03 12:50:00,ARAY,1.7350000143051147,1.7350000143051147,1.7350000143051147,1.7350000143051147,1.7350000143051147,1516.0
2024-07-03 12:50:00,ARCT,21.90999984741211,21.90999984741211,21.934999465942383,21.90999984741211,21.90999984741211,2565.0
2024-07-03 12:50:00,ARDX,5.34499979019165,5.34499979019165,5.360000133514404,5.340000152587891,5.360000133514404,89122.0
2024-07-03 12:50:00,ARQT,9.595000267028809,9.595000267028809,9.600000381469727,9.59000015258789,9.59000015258789,2553.0
2024-07-03 12:50:00,ARVN,23.93000030517578,23.93000030517578,23.93000030517578,23.90999984741211,23.920000076293945,2743.0
2024-07-03 12:50:00,ARWR,25.110000610351562,25.110000610351562,25.110000610351562,25.09000015258789,25.09000015258789,795.0
2024-07-03 12:50:00,ASRT,1.3401000499725342,1.3401000499725342,1.350000023841858,1.340000033378601,1.350000023841858,2556.0
2024-07-03 12:50:00,ATAI,1.284999966621399,1.284999966621399,1.2899999618530273,1.284999966621399,1.2899999618530273,800.0
2024-07-03 12:50:00,ATEC,10.020000457763672,10.020000457763672,10.020000457763672,10.015000343322754,10.015000343322754,719.0
2024-07-03 12:50:00,ATOS,1.1500999927520752,1.1500999927520752,1.159000039100647,1.1500999927520752,1.159000039100647,1833.0
2024-07-03 12:50:00,ATRA,7.78000020980835,7.78000020980835,7.78000020980835,7.78000020980835,7.78000020980835,248.0
2024-07-03 12:50:00,ATRC,22.469999313354492,22.469999313354492,22.469999313354492,22.459999084472656,22.459999084472656,922.0
2024-07-03 12:50:00,ATXS,9.050000190734863,9.050000190734863,9.050000190734863,9.050000190734863,9.050000190734863,393.0
2024-07-03 12:50:00,AUPH,5.485000133514404,5.485000133514404,5.485000133514404,5.485000133514404,5.485000133514404,925.0
2024-07-03 12:50:00,AUTL,3.4549999237060547,3.4549999237060547,3.4600000381469727,3.450000047683716,3.4549999237060547,2110.0
2024-07-03 12:50:00,AVDL,14.460000038146973,14.460000038146973,14.489999771118164,14.460000038146973,14.489999771118164,5436.0
2024-07-03 12:50:00,AVIR,3.2750000953674316,3.2750000953674316,3.2750000953674316,3.2750000953674316,3.2750000953674316,442.0
2024-07-03 12:50:00,AVTE,1.690000057220459,1.690000057220459,1.690000057220459,1.6799999475479126,1.684999942779541,3961.0
2024-07-03 12:50:00,AXDX,1.1649999618530273,1.1649999618530273,1.1649999618530273,1.1649999618530273,1.1649999618530273,452.0
2024-07-03 12:50:00,AXSM,79.9800033569336,79.9800033569336,80.05500030517578,79.97000122070312,80.05500030517578,1120.0
2024-07-03 12:50:00,AZN,76.7750015258789,76.7750015258789,76.80000305175781,76.76499938964844,76.80000305175781,6368.0
2024-07-03 12:50:00,AZTA,52.20000076293945,52.20000076293945,52.20000076293945,52.127498626708984,52.13999938964844,2651.0
2024-07-03 12:50:00,BBIO,24.940000534057617,24.940000534057617,25.030000686645508,24.940000534057617,25.030000686645508,2726.0
2024-07-03 12:50:00,BCAB,1.4499000310897827,1.4499000310897827,1.4500000476837158,1.440000057220459,1.440000057220459,6139.0
2024-07-03 12:50:00,BCLI,0.3440999984741211,0.3440999984741211,0.3440999984741211,0.3440999984741211,0.3440999984741211,1381.0
2024-07-03 12:50:00,BCRX,6.434999942779541,6.434999942779541,6.440000057220459,6.434999942779541,6.436600208282471,1738.0
2024-07-03 12:50:00,BCTX,1.0,1.0,1.0,1.0,1.0,100.0
2024-07-03 12:50:00,BDSX,1.6050000190734863,1.6050000190734863,1.6050000190734863,1.6050000190734863,1.6050000190734863,494.0
2024-07-03 12:50:00,BDTX,4.420000076293945,4.420000076293945,4.420000076293945,4.380000114440918,4.380000114440918,4009.0
2024-07-03 12:50:00,BEAM,23.575000762939453,23.575000762939453,23.579999923706055,23.559999465942383,23.579999923706055,4509.0
2024-07-03 12:50:00,BGNE,148.11000061035156,148.11000061035156,148.11000061035156,148.11000061035156,148.11000061035156,802.0
2024-07-03 12:50:00,BIIB,224.27000427246094,224.27000427246094,224.27000427246094,224.00999450683594,224.00999450683594,10304.0
2024-07-03 12:50:00,BIOR,0.6331999897956848,0.6331999897956848,0.6331999897956848,0.6323000192642212,0.6324999928474426,10336.0
2024-07-03 12:50:00,BLUE,0.9140999913215637,0.9140999913215637,0.9140999913215637,0.9140999913215637,0.9140999913215637,411.0
2024-07-03 12:50:00,BMEA,4.324999809265137,4.324999809265137,4.324999809265137,4.324999809265137,4.324999809265137,1133.0
2024-07-03 12:50:00,BMRN,80.83999633789062,80.83999633789062,80.8499984741211,80.80999755859375,80.81999969482422,9932.0
2024-07-03 12:50:00,BNTX,79.76000213623047,79.76000213623047,79.91000366210938,79.72000122070312,79.87000274658203,13365.0
2024-07-03 12:50:00,BPMC,109.31500244140625,109.31500244140625,109.37000274658203,109.28500366210938,109.37000274658203,1745.0
2024-07-03 12:50:00,BRKR,61.63999938964844,61.63999938964844,61.654998779296875,61.6150016784668,61.6150016784668,7727.0
2024-07-03 12:50:00,BRTX,1.8600000143051147,1.8600000143051147,1.8650000095367432,1.8600000143051147,1.8650000095367432,1400.0
2024-07-03 12:50:00,BTMD,7.430500030517578,7.430500030517578,7.430500030517578,7.430500030517578,7.430500030517578,366.0
2024-07-03 12:50:00,BVS,5.949999809265137,5.949999809265137,5.949999809265137,5.945000171661377,5.945000171661377,1303.0
2024-07-03 12:50:00,BYSI,2.5,2.5,2.5250000953674316,2.5,2.5250000953674316,1460.0
2024-07-03 12:50:00,CABA,7.5,7.5,7.519999980926514,7.5,7.519999980926514,4732.0
2024-07-03 12:50:00,CADL,6.2058000564575195,6.2058000564575195,6.2058000564575195,6.2058000564575195,6.2058000564575195,110.0
2024-07-03 12:50:00,CAPR,4.829999923706055,4.829999923706055,4.829999923706055,4.829999923706055,4.829999923706055,1827.0
2024-07-03 12:50:00,CCCC,4.635000228881836,4.635000228881836,4.635000228881836,4.619999885559082,4.625,8720.0
2024-07-03 12:50:00,CCRN,13.619999885559082,13.619999885559082,13.619999885559082,13.619999885559082,13.619999885559082,114.0
2024-07-03 12:50:00,CDMO,7.760000228881836,7.760000228881836,7.78000020980835,7.75,7.775000095367432,8962.0
2024-07-03 12:50:00,CDNA,14.970100402832031,14.970100402832031,15.029999732971191,14.970100402832031,15.029999732971191,4024.0
2024-07-03 12:50:00,CDXC,2.5399999618530273,2.5399999618530273,2.5399999618530273,2.5399999618530273,2.5399999618530273,1203.0
2024-07-03 12:50:00,CDXS,2.880000114440918,2.880000114440918,2.880000114440918,2.874000072479248,2.874000072479248,1193.0
2024-07-03 12:50:00,CERE,40.255001068115234,40.255001068115234,40.27000045776367,40.25,40.2599983215332,36396.0
2024-07-03 12:50:00,CERT,13.800000190734863,13.800000190734863,13.8100004196167,13.800000190734863,13.800000190734863,3162.0
2024-07-03 12:50:00,CGC,6.508399963378906,6.508399963378906,6.510000228881836,6.499100208282471,6.5,21518.0
2024-07-03 12:50:00,CGEM,16.645000457763672,16.645000457763672,16.645000457763672,16.645000457763672,16.645000457763672,1545.0
2024-07-03 12:50:00,CGTX,1.7889000177383423,1.7889000177383423,1.7889000177383423,1.7889000177383423,1.7889000177383423,2004.0
2024-07-03 12:50:00,CLDX,35.95000076293945,35.95000076293945,35.95000076293945,35.95000076293945,35.95000076293945,921.0
2024-07-03 12:50:00,CLOV,1.2598999738693237,1.2598999738693237,1.2598999738693237,1.2549999952316284,1.2549999952316284,1328.0
2024-07-03 12:50:00,CLRB,2.4570000171661377,2.4570000171661377,2.4579999446868896,2.4570000171661377,2.4570000171661377,1191.0
2024-07-03 12:50:00,CMPS,6.25,6.25,6.269999980926514,6.25,6.260000228881836,2737.0
2024-07-03 12:50:00,CMPX,0.8201000094413757,0.8201000094413757,0.8355000019073486,0.8199999928474426,0.8199999928474426,8057.0
2024-07-03 12:50:00,CMRX,0.8633000254631042,0.8633000254631042,0.8633000254631042,0.8633000254631042,0.8633000254631042,350.0
2024-07-03 12:50:00,CNSP,1.3949999809265137,1.3949999809265137,1.4049999713897705,1.3799999952316284,1.4006999731063843,27279.0
2024-07-03 12:50:00,COGT,8.395400047302246,8.395400047302246,8.40999984741211,8.395400047302246,8.40999984741211,1926.0
2024-07-03 12:50:00,COLL,32.400001525878906,32.400001525878906,32.400001525878906,32.400001525878906,32.400001525878906,793.0
2024-07-03 12:50:00,CORT,30.43549919128418,30.43549919128418,30.459999084472656,30.40999984741211,30.414899826049805,4079.0
2024-07-03 12:50:00,COSM,0.8902000188827515,0.8902000188827515,0.8950999975204468,0.8902000188827515,0.8950999975204468,1875.0
2024-07-03 12:50:00,CPRX,15.359999656677246,15.359999656677246,15.364999771118164,15.350000381469727,15.350000381469727,2376.0
2024-07-03 12:50:00,CRBU,1.590000033378601,1.590000033378601,1.590000033378601,1.5850000381469727,1.590000033378601,834.0
2024-07-03 12:50:00,CRDF,2.234999895095825,2.234999895095825,2.234999895095825,2.234999895095825,2.234999895095825,1506.0
2024-07-03 12:50:00,CRDL,1.910099983215332,1.910099983215332,1.910099983215332,1.909999966621399,1.909999966621399,2568.0
2024-07-03 12:50:00,CRMD,4.144999980926514,4.144999980926514,4.144999980926514,4.130000114440918,4.135000228881836,8009.0
2024-07-03 12:50:00,CRNX,44.43000030517578,44.43000030517578,44.43000030517578,44.43000030517578,44.43000030517578,785.0
2024-07-03 12:50:00,CRSP,53.97999954223633,53.97999954223633,53.9900016784668,53.94499969482422,53.95000076293945,3039.0
2024-07-03 12:50:00,CSTL,21.030000686645508,21.030000686645508,21.030000686645508,21.030000686645508,21.030000686645508,493.0
2024-07-03 12:50:00,CTKB,5.599999904632568,5.599999904632568,5.599999904632568,5.574999809265137,5.574999809265137,2734.0
2024-07-03 12:50:00,CTMX,1.3049999475479126,1.3049999475479126,1.3049999475479126,1.2999999523162842,1.3049999475479126,8500.0
2024-07-03 12:50:00,CTXR,0.5,0.5,0.5,0.5,0.5,136.0
2024-07-03 12:50:00,CUE,0.9818000197410583,0.9818000197410583,0.9872999787330627,0.9818000197410583,0.9872999787330627,1149.0
2024-07-03 12:50:00,CUTR,1.2949999570846558,1.2949999570846558,1.2949999570846558,1.2949999570846558,1.2949999570846558,1728.0
2024-07-03 12:50:00,CVAC,3.1649999618530273,3.1649999618530273,3.1649999618530273,3.141200065612793,3.1449999809265137,76147.0
2024-07-03 12:50:00,CYTK,54.404998779296875,54.404998779296875,54.404998779296875,54.369998931884766,54.369998931884766,904.0
2024-07-03 12:50:00,DAWN,13.510000228881836,13.510000228881836,13.529999732971191,13.5,13.5,20828.0
2024-07-03 12:50:00,DCGO,2.9600000381469727,2.9600000381469727,2.9600000381469727,2.9600000381469727,2.9600000381469727,1230.0
2024-07-03 12:50:00,DH,5.375,5.375,5.380000114440918,5.375,5.380000114440918,4003.0
2024-07-03 12:50:00,DNLI,21.399999618530273,21.399999618530273,21.440000534057617,21.399999618530273,21.440000534057617,4324.0
2024-07-03 12:50:00,DSGN,3.200000047683716,3.200000047683716,3.200000047683716,3.200000047683716,3.200000047683716,4561.0
2024-07-03 12:50:00,DVAX,11.074999809265137,11.074999809265137,11.079999923706055,11.074999809265137,11.079999923706055,3228.0
2024-07-03 12:50:00,DXCM,111.26000213623047,111.26000213623047,111.30999755859375,111.16999816894531,111.30999755859375,9065.0
2024-07-03 12:50:00,DYN,34.084999084472656,34.084999084472656,34.084999084472656,34.029998779296875,34.029998779296875,2185.0
2024-07-03 12:50:00,EDIT,4.65500020980835,4.65500020980835,4.65500020980835,4.65500020980835,4.65500020980835,925.0
2024-07-03 12:50:00,ELEV,2.7100000381469727,2.7100000381469727,2.7300000190734863,2.680000066757202,2.700000047683716,15941.0
2024-07-03 12:50:00,EMBC,12.0,12.0,12.0,12.0,12.0,119.0
2024-07-03 12:50:00,ENSG,126.83999633789062,126.83999633789062,126.9000015258789,126.80999755859375,126.81999969482422,3260.0
2024-07-03 12:50:00,EOLS,10.970000267028809,10.970000267028809,10.970000267028809,10.970000267028809,10.970000267028809,362.0
2024-07-03 12:50:00,EQ,0.6629999876022339,0.6629999876022339,0.6629999876022339,0.6629999876022339,0.6629999876022339,517.0
2024-07-03 12:50:00,ERAS,2.200000047683716,2.200000047683716,2.200000047683716,2.194999933242798,2.194999933242798,4472.0
2024-07-03 12:50:00,ESPR,2.369999885559082,2.369999885559082,2.369999885559082,2.365000009536743,2.369999885559082,8159.0
2024-07-03 12:50:00,ESTA,43.58000183105469,43.58000183105469,43.59000015258789,43.529998779296875,43.529998779296875,1963.0
2024-07-03 12:50:00,ETNB,7.449999809265137,7.449999809265137,7.449999809265137,7.449999809265137,7.449999809265137,1117.0
2024-07-03 12:50:00,EVAX,3.163800001144409,3.163800001144409,3.163800001144409,3.163800001144409,3.163800001144409,1997.0
2024-07-03 12:50:00,EVGN,0.6449000239372253,0.6449000239372253,0.6449000239372253,0.6402000188827515,0.6402000188827515,1975.0
2024-07-03 12:50:00,EXAI,5.400000095367432,5.400000095367432,5.486999988555908,5.400000095367432,5.486999988555908,21336.0
2024-07-03 12:50:00,EXAS,43.23500061035156,43.23500061035156,43.23500061035156,43.22999954223633,43.23500061035156,1318.0
2024-07-03 12:50:00,EXEL,21.885000228881836,21.885000228881836,21.889999389648438,21.854999542236328,21.854999542236328,13708.0
2024-07-03 12:50:00,EYPT,8.59000015258789,8.59000015258789,8.649999618530273,8.59000015258789,8.649999618530273,3372.0
2024-07-03 12:50:00,FATE,3.1700000762939453,3.1700000762939453,3.1700000762939453,3.1700000762939453,3.1700000762939453,1010.0
2024-07-03 12:50:00,FDMT,20.780000686645508,20.780000686645508,20.790000915527344,20.780000686645508,20.790000915527344,1752.0
2024-07-03 12:50:00,FENC,6.0,6.0,6.0,6.0,6.0,240.0
2024-07-03 12:50:00,FGEN,0.7142000198364258,0.7142000198364258,0.7143999934196472,0.7142000198364258,0.7143999934196472,6007.0
2024-07-03 12:50:00,FHTX,5.519999980926514,5.519999980926514,5.519999980926514,5.454999923706055,5.454999923706055,300.0
2024-07-03 12:50:00,FLGT,19.96500015258789,19.96500015258789,19.96500015258789,19.96500015258789,19.96500015258789,269.0
2024-07-03 12:50:00,FOLD,9.850000381469727,9.850000381469727,9.854999542236328,9.850000381469727,9.854999542236328,578.0
2024-07-03 12:50:00,FULC,6.135000228881836,6.135000228881836,6.139999866485596,6.129899978637695,6.135000228881836,7854.0
2024-07-03 12:50:00,GALT,2.1600000858306885,2.1600000858306885,2.1600000858306885,2.1600000858306885,2.1600000858306885,258.0
2024-07-03 12:50:00,GANX,1.1449999809265137,1.1449999809265137,1.1449999809265137,1.1449999809265137,1.1449999809265137,371.0
2024-07-03 12:50:00,GBIO,2.4000000953674316,2.4000000953674316,2.4000000953674316,2.4000000953674316,2.4000000953674316,607.0
2024-07-03 12:50:00,GDRX,7.800000190734863,7.800000190734863,7.800000190734863,7.789999961853027,7.789999961853027,7889.0
2024-07-03 12:50:00,GERN,4.335000038146973,4.335000038146973,4.340000152587891,4.335000038146973,4.340000152587891,42410.0
2024-07-03 12:50:00,GH,28.309999465942383,28.309999465942383,28.329999923706055,28.290000915527344,28.309999465942383,4135.0
2024-07-03 12:50:00,GHRS,11.949999809265137,11.949999809265137,12.010000228881836,11.949999809265137,12.010000228881836,504.0
2024-07-03 12:50:00,GILD,66.79000091552734,66.79000091552734,66.9800033569336,66.77999877929688,66.9800033569336,49300.0
2024-07-03 12:50:00,GLPG,24.94499969482422,24.94499969482422,24.94499969482422,24.94499969482422,24.94499969482422,485.0
2024-07-03 12:50:00,GLUE,3.8450000286102295,3.8450000286102295,3.8450000286102295,3.8450000286102295,3.8450000286102295,450.0
2024-07-03 12:50:00,GLYC,0.2712000012397766,0.2712000012397766,0.2761000096797943,0.2712000012397766,0.2761000096797943,31668.0
2024-07-03 12:50:00,GMAB,25.125,25.125,25.1299991607666,25.125,25.1299991607666,892.0
2024-07-03 12:50:00,GOSS,1.0049999952316284,1.0049999952316284,1.0099999904632568,0.9955000281333923,0.9955000281333923,19076.0
2024-07-03 12:50:00,GRFS,6.675000190734863,6.675000190734863,6.679999828338623,6.670000076293945,6.672900199890137,3139.0
2024-07-03 12:50:00,GRTS,0.5687999725341797,0.5687999725341797,0.5687999725341797,0.5687999725341797,0.5687999725341797,1192.0
2024-07-03 12:50:00,GTHX,2.5899999141693115,2.5899999141693115,2.5999999046325684,2.5899999141693115,2.5924999713897705,1732.0
2024-07-03 12:50:00,HALO,52.345001220703125,52.345001220703125,52.380001068115234,52.310001373291016,52.380001068115234,5858.0
2024-07-03 12:50:00,HCSG,10.640000343322754,10.640000343322754,10.649999618530273,10.635000228881836,10.649999618530273,2503.0
2024-07-03 12:50:00,HCTI,0.4620000123977661,0.4620000123977661,0.4620000123977661,0.4620000123977661,0.4620000123977661,102.0
2024-07-03 12:50:00,HLVX,14.289999961853027,14.289999961853027,14.289999961853027,14.289999961853027,14.289999961853027,2645.0
2024-07-03 12:50:00,HOLX,73.33000183105469,73.33000183105469,73.33000183105469,73.30999755859375,73.31500244140625,4300.0
2024-07-03 12:50:00,HOWL,2.0899999141693115,2.0899999141693115,2.0899999141693115,2.0799999237060547,2.0799999237060547,574.0
2024-07-03 12:50:00,HPCO,0.7979999780654907,0.7979999780654907,0.8159999847412109,0.7979999780654907,0.8159999847412109,1617.0
2024-07-03 12:50:00,HQY,83.83499908447266,83.83499908447266,83.87999725341797,83.79000091552734,83.81500244140625,2847.0
2024-07-03 12:50:00,HRMY,30.799999237060547,30.799999237060547,30.799999237060547,30.700000762939453,30.725000381469727,2233.0
2024-07-03 12:50:00,HROW,21.479999542236328,21.479999542236328,21.5,21.459999084472656,21.5,513.0
2024-07-03 12:50:00,HRTX,2.7249999046325684,2.7249999046325684,2.7249999046325684,2.7200000286102295,2.7249999046325684,1887.0
2024-07-03 12:50:00,HSIC,64.94999694824219,64.94999694824219,64.9800033569336,64.94249725341797,64.97000122070312,8393.0
2024-07-03 12:50:00,HSTM,27.59000015258789,27.59000015258789,27.59000015258789,27.59000015258789,27.59000015258789,957.0
2024-07-03 12:50:00,HUGE,0.1421000063419342,0.1421000063419342,0.1421000063419342,0.14159999787807465,0.14159999787807465,40047.0
2024-07-03 12:50:00,HUMA,5.744999885559082,5.744999885559082,5.749000072479248,5.739999771118164,5.749000072479248,3745.0
2024-07-03 12:50:00,HYPR,1.0299999713897705,1.0299999713897705,1.0299999713897705,1.0299999713897705,1.0299999713897705,661.0
2024-07-03 12:50:00,IART,28.600000381469727,28.600000381469727,28.700000762939453,28.600000381469727,28.700000762939453,6339.0
2024-07-03 12:50:00,IBRX,6.260000228881836,6.260000228881836,6.269999980926514,6.25029993057251,6.25029993057251,10000.0
2024-07-03 12:50:00,ICLR,317.614990234375,317.614990234375,317.69000244140625,317.6099853515625,317.6300048828125,2028.0
2024-07-03 12:50:00,ICUI,117.61000061035156,117.61000061035156,117.77999877929688,117.61000061035156,117.77999877929688,1185.0
2024-07-03 12:50:00,IDXX,478.7300109863281,478.7300109863281,478.75,478.3699951171875,478.75,2171.0
2024-07-03 12:50:00,IDYA,33.22999954223633,33.22999954223633,33.27000045776367,33.20500183105469,33.20500183105469,4246.0
2024-07-03 12:50:00,IGMS,6.46999979019165,6.46999979019165,6.512499809265137,6.46999979019165,6.512499809265137,1441.0
2024-07-03 12:50:00,IKNA,1.649999976158142,1.649999976158142,1.649999976158142,1.6399999856948853,1.6399999856948853,411.0
2024-07-03 12:50:00,IKT,1.159999966621399,1.159999966621399,1.159999966621399,1.159999966621399,1.159999966621399,300.0
2024-07-03 12:50:00,ILMN,105.86499786376953,105.86499786376953,105.87999725341797,105.80000305175781,105.87000274658203,7870.0
2024-07-03 12:50:00,IMAB,1.5299999713897705,1.5299999713897705,1.5299999713897705,1.5299999713897705,1.5299999713897705,429.0
2024-07-03 12:50:00,IMCR,36.0,36.0,36.0,35.81999969482422,35.81999969482422,3577.0
2024-07-03 12:50:00,IMMP,1.9900000095367432,1.9900000095367432,1.9900000095367432,1.9900000095367432,1.9900000095367432,335.0
2024-07-03 12:50:00,IMMX,2.380000114440918,2.380000114440918,2.380000114440918,2.3550000190734863,2.3550000190734863,2400.0
2024-07-03 12:50:00,IMNM,12.0600004196167,12.0600004196167,12.079999923706055,12.050000190734863,12.079999923706055,3232.0
2024-07-03 12:50:00,IMTX,11.8100004196167,11.8100004196167,11.84000015258789,11.8100004196167,11.819999694824219,2966.0
2024-07-03 12:50:00,IMVT,26.148000717163086,26.148000717163086,26.148000717163086,26.1299991607666,26.1299991607666,3818.0
2024-07-03 12:50:00,INBX,13.279999732971191,13.279999732971191,13.279999732971191,13.279999732971191,13.279999732971191,790.0
2024-07-03 12:50:00,INCY,57.68000030517578,57.68000030517578,57.68000030517578,57.60499954223633,57.65999984741211,14900.0
2024-07-03 12:50:00,INGN,8.010000228881836,8.010000228881836,8.010000228881836,8.010000228881836,8.010000228881836,442.0
2024-07-03 12:50:00,INMB,7.974999904632568,7.974999904632568,7.974999904632568,7.96999979019165,7.96999979019165,917.0
2024-07-03 12:50:00,INMD,17.489999771118164,17.489999771118164,17.489999771118164,17.489999771118164,17.489999771118164,691.0
2024-07-03 12:50:00,INO,8.329099655151367,8.329099655151367,8.329099655151367,8.319999694824219,8.319999694824219,519.0
2024-07-03 12:50:00,INSM,62.189998626708984,62.189998626708984,62.20000076293945,62.13999938964844,62.18000030517578,8107.0
2024-07-03 12:50:00,INVA,16.334999084472656,16.334999084472656,16.334999084472656,16.334999084472656,16.334999084472656,592.0
2024-07-03 12:50:00,INVO,0.7601000070571899,0.7601000070571899,0.7601000070571899,0.7601000070571899,0.7601000070571899,55.0
2024-07-03 12:50:00,INZY,4.480000019073486,4.480000019073486,4.480000019073486,4.46999979019165,4.46999979019165,1414.0
2024-07-03 12:50:00,IONS,45.619998931884766,45.619998931884766,45.650001525878906,45.599998474121094,45.63999938964844,11119.0
2024-07-03 12:50:00,IOVA,7.304999828338623,7.304999828338623,7.329999923706055,7.295000076293945,7.324999809265137,60012.0
2024-07-03 12:50:00,IPA,1.0099999904632568,1.0099999904632568,1.0099999904632568,1.0099999904632568,1.0099999904632568,164.0
2024-07-03 12:50:00,IPSC,2.234999895095825,2.234999895095825,2.234999895095825,2.2200000286102295,2.234999895095825,900.0
2024-07-03 12:50:00,IRTC,96.52999877929688,96.52999877929688,96.52999877929688,96.26000213623047,96.26000213623047,4619.0
2024-07-03 12:50:00,IRWD,6.074999809265137,6.074999809265137,6.079999923706055,6.074999809265137,6.074999809265137,7121.0
2024-07-03 12:50:00,ISRG,434.0801086425781,434.0801086425781,434.2449951171875,434.0801086425781,434.20001220703125,1781.0
2024-07-03 12:50:00,ITCI,68.83999633789062,68.83999633789062,68.88500213623047,68.81999969482422,68.83000183105469,4513.0
2024-07-03 12:50:00,IVVD,1.0950000286102295,1.0950000286102295,1.0950000286102295,1.0950000286102295,1.0950000286102295,292.0
2024-07-03 12:50:00,JANX,38.61000061035156,38.61000061035156,38.61000061035156,38.59000015258789,38.59000015258789,600.0
2024-07-03 12:50:00,JAZZ,103.26499938964844,103.26499938964844,103.30000305175781,102.94000244140625,102.97000122070312,7813.0
2024-07-03 12:50:00,JSPR,22.479999542236328,22.479999542236328,22.479999542236328,22.479999542236328,22.479999542236328,312.0
2024-07-03 12:50:00,KIDS,29.790000915527344,29.790000915527344,29.790000915527344,29.790000915527344,29.790000915527344,162.0
2024-07-03 12:50:00,KNSA,19.110000610351562,19.110000610351562,19.110000610351562,19.06999969482422,19.06999969482422,2303.0
2024-07-03 12:50:00,KOD,2.2049999237060547,2.2049999237060547,2.2100000381469727,2.200000047683716,2.2100000381469727,3730.0
2024-07-03 12:50:00,KPTI,0.8270999789237976,0.8270999789237976,0.8294000029563904,0.8233000040054321,0.8233000040054321,13900.0
2024-07-03 12:50:00,KROS,42.439998626708984,42.439998626708984,42.45000076293945,42.42499923706055,42.45000076293945,1456.0
2024-07-03 12:50:00,KTRA,0.27889999747276306,0.27889999747276306,0.2793999910354614,0.27889999747276306,0.2791000008583069,22750.0
2024-07-03 12:50:00,KURA,20.09000015258789,20.09000015258789,20.1299991607666,20.05500030517578,20.110000610351562,14824.0
2024-07-03 12:50:00,KYMR,30.424999237060547,30.424999237060547,30.424999237060547,30.350000381469727,30.350000381469727,2033.0
2024-07-03 12:50:00,KZR,0.5767999887466431,0.5767999887466431,0.5769000053405762,0.576200008392334,0.576200008392334,2662.0
2024-07-03 12:50:00,LAB,1.8600000143051147,1.8600000143051147,1.8700000047683716,1.8600000143051147,1.8700000047683716,6523.0
2024-07-03 12:50:00,LBPH,31.75,31.75,31.829999923706055,31.75,31.829999923706055,1761.0
2024-07-03 12:50:00,LEGN,46.029998779296875,46.029998779296875,46.04999923706055,46.0,46.04999923706055,2725.0
2024-07-03 12:50:00,LFMD,6.772500038146973,6.772500038146973,6.772500038146973,6.772500038146973,6.772500038146973,608.0
2024-07-03 12:50:00,LFST,5.09499979019165,5.09499979019165,5.09499979019165,5.09499979019165,5.09499979019165,2039.0
2024-07-03 12:50:00,LGND,82.46499633789062,82.46499633789062,82.46499633789062,82.46499633789062,82.46499633789062,561.0
2024-07-03 12:50:00,LGVN,1.6191999912261963,1.6191999912261963,1.6200000047683716,1.6191999912261963,1.6200000047683716,322.0
2024-07-03 12:50:00,LIVN,52.709999084472656,52.709999084472656,52.709999084472656,52.709999084472656,52.709999084472656,1273.0
2024-07-03 12:50:00,LMAT,81.23999786376953,81.23999786376953,81.23999786376953,81.23999786376953,81.23999786376953,211.0
2024-07-03 12:50:00,LNTH,79.52999877929688,79.52999877929688,79.52999877929688,79.44499969482422,79.51000213623047,1609.0
2024-07-03 12:50:00,LPTX,1.8370000123977661,1.8370000123977661,1.8370000123977661,1.8370000123977661,1.8370000123977661,49.0
2024-07-03 12:50:00,LQDA,11.970000267028809,11.970000267028809,11.970000267028809,11.970000267028809,11.970000267028809,838.0
2024-07-03 12:50:00,LRMR,7.639999866485596,7.639999866485596,7.639999866485596,7.639999866485596,7.639999866485596,426.0
2024-07-03 12:50:00,LUCD,0.7599999904632568,0.7599999904632568,0.7599999904632568,0.7599999904632568,0.7599999904632568,744.0
2024-07-03 12:50:00,LUCY,0.4632999897003174,0.4632999897003174,0.4632999897003174,0.4632999897003174,0.4632999897003174,822.0
2024-07-03 12:50:00,LUNG,6.349999904632568,6.349999904632568,6.349999904632568,6.329999923706055,6.329999923706055,1745.0
2024-07-03 12:50:00,LXRX,1.6449999809265137,1.6449999809265137,1.6474000215530396,1.6349999904632568,1.6349999904632568,13570.0
2024-07-03 12:50:00,LYEL,1.5099999904632568,1.5099999904632568,1.5099999904632568,1.5049999952316284,1.5099999904632568,2826.0
2024-07-03 12:50:00,MASI,114.2300033569336,114.2300033569336,114.30999755859375,114.16999816894531,114.25,6971.0
2024-07-03 12:50:00,MBIO,0.48750001192092896,0.48750001192092896,0.48840001225471497,0.48660001158714294,0.48840001225471497,0.0
2024-07-03 12:50:00,MCRB,0.7322999835014343,0.7322999835014343,0.7322999835014343,0.7322999835014343,0.7322999835014343,1005.0
2024-07-03 12:50:00,MDWD,14.515000343322754,14.515000343322754,14.515000343322754,14.515000343322754,14.515000343322754,200.0
2024-07-03 12:50:00,MDXG,6.795000076293945,6.795000076293945,6.795000076293945,6.795000076293945,6.795000076293945,968.0
2024-07-03 12:50:00,ME,0.4097999930381775,0.4097999930381775,0.4097999930381775,0.40799999237060547,0.40799999237060547,12655.0
2024-07-03 12:50:00,MEDP,403.9599914550781,403.9599914550781,403.9599914550781,403.9599914550781,403.9599914550781,1735.0
2024-07-03 12:50:00,MESO,6.789999961853027,6.789999961853027,6.789999961853027,6.789999961853027,6.789999961853027,451.0
2024-07-03 12:50:00,MGNX,4.195000171661377,4.195000171661377,4.195000171661377,4.195000171661377,4.195000171661377,453.0
2024-07-03 12:50:00,MGTX,4.0,4.0,4.0,3.994999885559082,4.0,1097.0
2024-07-03 12:50:00,MIRM,33.849998474121094,33.849998474121094,33.849998474121094,33.849998474121094,33.849998474121094,309.0
2024-07-03 12:50:00,MLTX,42.029998779296875,42.029998779296875,42.04999923706055,41.915000915527344,41.915000915527344,2027.0
2024-07-03 12:50:00,MMSI,85.98999786376953,85.98999786376953,85.98999786376953,85.98999786376953,85.98999786376953,885.0
2024-07-03 12:50:00,MNKD,5.020100116729736,5.020100116729736,5.03000020980835,5.014999866485596,5.014999866485596,6709.0
2024-07-03 12:50:00,MNMD,7.090000152587891,7.090000152587891,7.099999904632568,7.090000152587891,7.09499979019165,4842.0
2024-07-03 12:50:00,MODD,1.4299999475479126,1.4299999475479126,1.4299999475479126,1.399999976158142,1.399999976158142,1358.0
2024-07-03 12:50:00,MODV,27.649999618530273,27.649999618530273,27.649999618530273,27.649999618530273,27.649999618530273,680.0
2024-07-03 12:50:00,MORF,31.799999237060547,31.799999237060547,31.799999237060547,31.7549991607666,31.770000457763672,1659.0
2024-07-03 12:50:00,MREO,3.565000057220459,3.565000057220459,3.565000057220459,3.565000057220459,3.565000057220459,720.0
2024-07-03 12:50:00,MRNA,116.01000213623047,116.01000213623047,116.01000213623047,115.86009979248047,115.91000366210938,7952.0
2024-07-03 12:50:00,MRSN,1.8300000429153442,1.8300000429153442,1.840000033378601,1.8300000429153442,1.8300000429153442,999.0
2024-07-03 12:50:00,MRUS,52.68000030517578,52.68000030517578,52.70000076293945,52.63999938964844,52.63999938964844,3249.0
2024-07-03 12:50:00,MRVI,7.010000228881836,7.010000228881836,7.010000228881836,7.005000114440918,7.005000114440918,1762.0
2024-07-03 12:50:00,MXCT,3.744999885559082,3.744999885559082,3.744999885559082,3.744999885559082,3.744999885559082,399.0
2024-07-03 12:50:00,MYGN,24.940000534057617,24.940000534057617,24.940000534057617,24.8700008392334,24.8700008392334,1741.0
2024-07-03 12:50:00,MYNZ,0.33149999380111694,0.33149999380111694,0.33149999380111694,0.33149999380111694,0.33149999380111694,4000.0
2024-07-03 12:50:00,NARI,49.95500183105469,49.95500183105469,49.95500183105469,49.93000030517578,49.93000030517578,1056.0
2024-07-03 12:50:00,NBIX,138.22000122070312,138.22000122070312,138.25999450683594,137.99000549316406,137.99000549316406,2628.0
2024-07-03 12:50:00,NDRA,0.09009999781847,0.09009999781847,0.09030000120401382,0.09000000357627869,0.09030000120401382,16174.0
2024-07-03 12:50:00,NEO,13.720000267028809,13.720000267028809,13.720000267028809,13.720000267028809,13.720000267028809,1469.0
2024-07-03 12:50:00,NEOG,15.140000343322754,15.140000343322754,15.140000343322754,15.095000267028809,15.095000267028809,13165.0
2024-07-03 12:50:00,NKTR,1.309999942779541,1.309999942779541,1.309999942779541,1.3049999475479126,1.3049999475479126,3316.0
2024-07-03 12:50:00,NKTX,5.364999771118164,5.364999771118164,5.369999885559082,5.364999771118164,5.369999885559082,308.0
2024-07-03 12:50:00,NNOX,7.019999980926514,7.019999980926514,7.019999980926514,7.019999980926514,7.019999980926514,189.0
2024-07-03 12:50:00,NOTV,1.684999942779541,1.684999942779541,1.684999942779541,1.6799999475479126,1.684999942779541,980.0
2024-07-03 12:50:00,NPCE,7.264999866485596,7.264999866485596,7.264999866485596,7.264999866485596,7.264999866485596,156.0
2024-07-03 12:50:00,NRBO,4.500100135803223,4.500100135803223,4.500100135803223,4.500100135803223,4.500100135803223,391.0
2024-07-03 12:50:00,NRC,22.969999313354492,22.969999313354492,22.969999313354492,22.969999313354492,22.969999313354492,875.0
2024-07-03 12:50:00,NRIX,19.524999618530273,19.524999618530273,19.524999618530273,19.5049991607666,19.5049991607666,1490.0
2024-07-03 12:50:00,NRSN,1.3250000476837158,1.3250000476837158,1.3250000476837158,1.3157000541687012,1.3200000524520874,2860.0
2024-07-03 12:50:00,NTLA,22.850000381469727,22.850000381469727,22.850000381469727,22.829999923706055,22.829999923706055,3679.0
2024-07-03 12:50:00,NTRA,111.80000305175781,111.80000305175781,111.80000305175781,111.51000213623047,111.54499816894531,10294.0
2024-07-03 12:50:00,NUVL,72.38999938964844,72.38999938964844,72.38999938964844,72.37000274658203,72.37000274658203,1515.0
2024-07-03 12:50:00,NVAX,12.510000228881836,12.510000228881836,12.520000457763672,12.510000228881836,12.515000343322754,40909.0
2024-07-03 12:50:00,NVCR,16.84000015258789,16.84000015258789,16.969999313354492,16.84000015258789,16.969999313354492,8363.0
2024-07-03 12:50:00,NVCT,6.230000019073486,6.230000019073486,6.230000019073486,6.230000019073486,6.230000019073486,1503.0
2024-07-03 12:50:00,NVOS,0.754800021648407,0.754800021648407,0.754800021648407,0.754800021648407,0.754800021648407,200.0
2024-07-03 12:50:00,OCGN,1.6299999952316284,1.6299999952316284,1.6349999904632568,1.6299999952316284,1.6349999904632568,2277.0
2024-07-03 12:50:00,OCUL,6.659999847412109,6.659999847412109,6.659999847412109,6.65500020980835,6.659999847412109,1264.0
2024-07-03 12:50:00,OFIX,13.5600004196167,13.5600004196167,13.5600004196167,13.5600004196167,13.5600004196167,820.0
2024-07-03 12:50:00,OGI,1.5750000476837158,1.5750000476837158,1.5750000476837158,1.5750000476837158,1.5750000476837158,510.0
2024-07-03 12:50:00,OLK,25.739999771118164,25.739999771118164,25.739999771118164,25.739999771118164,25.739999771118164,2696.0
2024-07-03 12:50:00,OLMA,10.5,10.5,10.520000457763672,10.5,10.520000457763672,1358.0
2024-07-03 12:50:00,OM,3.869999885559082,3.869999885559082,3.869999885559082,3.869999885559082,3.869999885559082,360.0
2024-07-03 12:50:00,OMCL,26.700000762939453,26.700000762939453,26.739999771118164,26.690000534057617,26.739999771118164,1814.0
2024-07-03 12:50:00,OMGA,1.8949999809265137,1.8949999809265137,1.899999976158142,1.8899999856948853,1.8949999809265137,2405.0
2024-07-03 12:51:00,ABCL,2.7300000190734863,2.7300000190734863,2.7300000190734863,2.7249999046325684,2.7300000190734863,2131.0
2024-07-03 12:51:00,ABOS,2.359999895095825,2.359999895095825,2.359999895095825,2.3499999046325684,2.359999895095825,1703.0
2024-07-03 12:51:00,ABSI,3.194999933242798,3.194999933242798,3.194999933242798,3.180000066757202,3.180000066757202,2984.0
2024-07-03 12:51:00,ABUS,3.1549999713897705,3.1549999713897705,3.1549999713897705,3.1549999713897705,3.1549999713897705,691.0
2024-07-03 12:51:00,ACAD,15.614999771118164,15.614999771118164,15.614999771118164,15.59000015258789,15.59000015258789,5022.0
2024-07-03 12:51:00,ACCD,3.549999952316284,3.549999952316284,3.549999952316284,3.5339999198913574,3.5401999950408936,15491.0
2024-07-03 12:51:00,ACET,1.0850000381469727,1.0850000381469727,1.0850000381469727,1.0800000429153442,1.0800000429153442,1053.0
2024-07-03 12:51:00,ACHC,66.9000015258789,66.9000015258789,67.0,66.87000274658203,66.93000030517578,4099.0
2024-07-03 12:51:00,ACHV,4.528900146484375,4.528900146484375,4.528900146484375,4.528900146484375,4.528900146484375,1071.0
2024-07-03 12:51:00,ACLX,54.654998779296875,54.654998779296875,54.654998779296875,54.61000061035156,54.61000061035156,408.0
2024-07-03 12:51:00,ACRS,1.149999976158142,1.149999976158142,1.149999976158142,1.149999976158142,1.149999976158142,2401.0
2024-07-03 12:51:00,ADAP,1.0199999809265137,1.0199999809265137,1.0199999809265137,1.0199999809265137,1.0199999809265137,1310.0
2024-07-03 12:51:00,ADMA,11.234999656677246,11.234999656677246,11.239999771118164,11.234999656677246,11.239999771118164,7133.0
2024-07-03 12:51:00,ADPT,3.4049999713897705,3.4049999713897705,3.4100000858306885,3.4049999713897705,3.4100000858306885,5008.0
2024-07-03 12:51:00,AEMD,0.4018000066280365,0.4018000066280365,0.4018999934196472,0.40139999985694885,0.40139999985694885,2609.0
2024-07-03 12:51:00,AFMD,5.059999942779541,5.059999942779541,5.059999942779541,5.039999961853027,5.039999961853027,1204.0
2024-07-03 12:51:00,AGEN,14.46500015258789,14.46500015258789,14.489999771118164,14.460000038146973,14.460000038146973,1756.0
2024-07-03 12:51:00,AGIO,41.90999984741211,41.90999984741211,41.90999984741211,41.900001525878906,41.900001525878906,1167.0
2024-07-03 12:51:00,AHCO,9.739999771118164,9.739999771118164,9.744999885559082,9.734999656677246,9.734999656677246,3677.0
2024-07-03 12:51:00,AIMD,1.0299999713897705,1.0299999713897705,1.0299999713897705,1.0099999904632568,1.0298999547958374,10179.0
2024-07-03 12:51:00,AKBA,0.9491999745368958,0.9491999745368958,0.949400007724762,0.9491999745368958,0.949400007724762,2603.0
2024-07-03 12:51:00,AKRO,21.940000534057617,21.940000534057617,21.947999954223633,21.940000534057617,21.947999954223633,1986.0
2024-07-03 12:51:00,AKYA,2.134999990463257,2.134999990463257,2.134999990463257,2.130000114440918,2.130000114440918,296.0
2024-07-03 12:51:00,ALEC,4.425000190734863,4.425000190734863,4.425000190734863,4.420000076293945,4.420000076293945,2405.0
2024-07-03 12:51:00,ALGN,242.91000366210938,242.91000366210938,242.91000366210938,242.5749969482422,242.5749969482422,3010.0
2024-07-03 12:51:00,ALGS,0.4250999987125397,0.4250999987125397,0.4250999987125397,0.4250999987125397,0.4250999987125397,2575.0
2024-07-03 12:51:00,ALHC,7.96999979019165,7.96999979019165,7.999000072479248,7.96999979019165,7.999000072479248,7094.0
2024-07-03 12:51:00,ALIM,5.525000095367432,5.525000095367432,5.525000095367432,5.525000095367432,5.525000095367432,780.0
2024-07-03 12:51:00,ALKS,24.184999465942383,24.184999465942383,24.200000762939453,24.184999465942383,24.200000762939453,2184.0
2024-07-03 12:51:00,ALLK,0.7961999773979187,0.7961999773979187,0.8029999732971191,0.7940999865531921,0.8011999726295471,13103.0
2024-07-03 12:51:00,ALLO,2.0899999141693115,2.0899999141693115,2.0899999141693115,2.0899999141693115,2.0899999141693115,2363.0
2024-07-03 12:51:00,ALLR,0.20110000669956207,0.20110000669956207,0.20110000669956207,0.20110000669956207,0.20110000669956207,370.0
2024-07-03 12:51:00,ALNY,247.72999572753906,247.72999572753906,247.72999572753906,246.88999938964844,246.88999938964844,4565.0
2024-07-03 12:51:00,ALT,6.585000038146973,6.585000038146973,6.590000152587891,6.565000057220459,6.565000057220459,8480.0
2024-07-03 12:51:00,ALVO,12.15999984741211,12.15999984741211,12.170000076293945,12.15999984741211,12.170000076293945,439.0
2024-07-03 12:51:00,ALVR,0.738099992275238,0.738099992275238,0.738099992275238,0.7351999878883362,0.7351999878883362,303.0
2024-07-03 12:51:00,ALXO,5.650000095367432,5.650000095367432,5.670000076293945,5.650000095367432,5.670000076293945,2690.0
2024-07-03 12:51:00,AMED,97.18000030517578,97.18000030517578,97.26000213623047,97.18000030517578,97.22000122070312,806.0
2024-07-03 12:51:00,AMGN,308.5849914550781,308.5849914550781,308.9700012207031,308.5849914550781,308.8699951171875,9128.0
2024-07-03 12:51:00,AMLX,1.7645000219345093,1.7645000219345093,1.7699999809265137,1.7645000219345093,1.7699999809265137,2696.0
2024-07-03 12:51:00,AMPH,38.31999969482422,38.31999969482422,38.31999969482422,38.31999969482422,38.31999969482422,535.0
2024-07-03 12:51:00,AMRN,0.6862000226974487,0.6862000226974487,0.6862000226974487,0.6862000226974487,0.6862000226974487,2812.0
2024-07-03 12:51:00,ANAB,25.0,25.0,25.020000457763672,24.979999542236328,25.0,6175.0
2024-07-03 12:51:00,ANGO,5.690000057220459,5.690000057220459,5.690000057220459,5.679999828338623,5.679999828338623,1294.0
2024-07-03 12:51:00,ANNX,4.784999847412109,4.784999847412109,4.789999961853027,4.784999847412109,4.789999961853027,3211.0
2024-07-03 12:51:00,ANTX,2.6500000953674316,2.6500000953674316,2.6600000858306885,2.6500000953674316,2.6600000858306885,7202.0
2024-07-03 12:51:00,APLS,35.43000030517578,35.43000030517578,35.439998626708984,35.369998931884766,35.369998931884766,4472.0
2024-07-03 12:51:00,APLT,4.360000133514404,4.360000133514404,4.364999771118164,4.349999904632568,4.349999904632568,9692.0
2024-07-03 12:51:00,AQST,2.4000000953674316,2.4000000953674316,2.4100000858306885,2.4000000953674316,2.4049999713897705,11126.0
2024-07-03 12:51:00,ARCT,21.940000534057617,21.940000534057617,21.969999313354492,21.940000534057617,21.959999084472656,1749.0
2024-07-03 12:51:00,ARDX,5.289999961853027,5.289999961853027,5.34499979019165,5.289999961853027,5.340000152587891,78660.0
2024-07-03 12:51:00,ARGX,436.2449951171875,436.2449951171875,436.2449951171875,436.1600036621094,436.19000244140625,2319.0
2024-07-03 12:51:00,ARQT,9.595000267028809,9.595000267028809,9.600000381469727,9.59000015258789,9.600000381469727,9549.0
2024-07-03 12:51:00,ARVN,23.920000076293945,23.920000076293945,23.93000030517578,23.920000076293945,23.93000030517578,1524.0
2024-07-03 12:51:00,ARWR,25.149999618530273,25.149999618530273,25.18000030517578,25.149999618530273,25.15999984741211,4059.0
2024-07-03 12:51:00,ASND,134.99000549316406,134.99000549316406,134.99000549316406,134.98399353027344,134.98399353027344,3822.0
2024-07-03 12:51:00,ASRT,1.350000023841858,1.350000023841858,1.350000023841858,1.340000033378601,1.340000033378601,1506.0
2024-07-03 12:51:00,ATAI,1.2799999713897705,1.2799999713897705,1.284999966621399,1.2799999713897705,1.284999966621399,1115.0
2024-07-03 12:51:00,ATEC,10.024999618530273,10.024999618530273,10.024999618530273,10.015000343322754,10.015000343322754,3542.0
2024-07-03 12:51:00,ATOS,1.1649999618530273,1.1649999618530273,1.1649999618530273,1.159999966621399,1.159999966621399,9984.0
2024-07-03 12:51:00,ATRA,7.824999809265137,7.824999809265137,7.824999809265137,7.824999809265137,7.824999809265137,940.0
2024-07-03 12:51:00,ATRC,22.524999618530273,22.524999618530273,22.540000915527344,22.450000762939453,22.459999084472656,8702.0
2024-07-03 12:51:00,ATXS,9.0600004196167,9.0600004196167,9.0600004196167,9.0600004196167,9.0600004196167,682.0
2024-07-03 12:51:00,AUGX,1.0,1.0,1.0,1.0,1.0,3107.0
2024-07-03 12:51:00,AUPH,5.485000133514404,5.485000133514404,5.485000133514404,5.480000019073486,5.485000133514404,5058.0
2024-07-03 12:51:00,AURA,6.914999961853027,6.914999961853027,6.914999961853027,6.914999961853027,6.914999961853027,146.0
2024-07-03 12:51:00,AUTL,3.4549999237060547,3.4549999237060547,3.4549999237060547,3.450000047683716,3.450000047683716,3500.0
2024-07-03 12:51:00,AVDL,14.489999771118164,14.489999771118164,14.5,14.460000038146973,14.460000038146973,4693.0
2024-07-03 12:51:00,AVIR,3.2699999809265137,3.2699999809265137,3.2699999809265137,3.2699999809265137,3.2699999809265137,1804.0
2024-07-03 12:51:00,AVTE,1.690000057220459,1.690000057220459,1.690000057220459,1.684999942779541,1.684999942779541,901.0
2024-07-03 12:51:00,AXNX,67.51000213623047,67.51000213623047,67.51000213623047,67.4800033569336,67.4800033569336,760.0
2024-07-03 12:51:00,AXSM,80.04499816894531,80.04499816894531,80.04900360107422,80.0,80.0,8145.0
2024-07-03 12:51:00,AZN,76.79499816894531,76.79499816894531,76.80000305175781,76.78500366210938,76.78500366210938,10195.0
2024-07-03 12:51:00,AZTA,52.25,52.25,52.2599983215332,52.20600128173828,52.209999084472656,3892.0
2024-07-03 12:51:00,BBIO,24.969999313354492,24.969999313354492,24.969999313354492,24.93000030517578,24.940000534057617,7686.0
2024-07-03 12:51:00,BCAB,1.4500000476837158,1.4500000476837158,1.4500000476837158,1.441100001335144,1.4500000476837158,3700.0
2024-07-03 12:51:00,BCLI,0.3427000045776367,0.3427000045776367,0.3427000045776367,0.3427000045776367,0.3427000045776367,4519.0
2024-07-03 12:51:00,BCRX,6.430099964141846,6.430099964141846,6.440000057220459,6.430099964141846,6.440000057220459,5072.0
2024-07-03 12:51:00,BCTX,1.0,1.0,1.0,1.0,1.0,100.0
2024-07-03 12:51:00,BDSX,1.6050000190734863,1.6050000190734863,1.6050000190734863,1.6050000190734863,1.6050000190734863,732.0
2024-07-03 12:51:00,BDTX,4.420000076293945,4.420000076293945,4.420000076293945,4.420000076293945,4.420000076293945,816.0
2024-07-03 12:51:00,BEAM,23.59000015258789,23.59000015258789,23.610000610351562,23.575000762939453,23.575000762939453,3173.0
2024-07-03 12:51:00,BEAT,2.7200000286102295,2.7200000286102295,2.7200000286102295,2.7200000286102295,2.7200000286102295,1320.0
2024-07-03 12:51:00,BGNE,147.97999572753906,147.97999572753906,147.97999572753906,147.97999572753906,147.97999572753906,519.0
2024-07-03 12:51:00,BIIB,224.32000732421875,224.32000732421875,224.36000061035156,224.32000732421875,224.3300018310547,2002.0
2024-07-03 12:51:00,BIOR,0.6323000192642212,0.6323000192642212,0.6345999836921692,0.6323000192642212,0.6345999836921692,945.0
2024-07-03 12:51:00,BLFS,20.100000381469727,20.100000381469727,20.100000381469727,20.100000381469727,20.100000381469727,621.0
2024-07-03 12:51:00,BLUE,0.9150999784469604,0.9150999784469604,0.916100025177002,0.9140999913215637,0.916100025177002,2116.0
2024-07-03 12:51:00,BMEA,4.324999809265137,4.324999809265137,4.327499866485596,4.324999809265137,4.327499866485596,300.0
2024-07-03 12:51:00,BMRN,80.87000274658203,80.87000274658203,80.91999816894531,80.83000183105469,80.83999633789062,30981.0
2024-07-03 12:51:00,BNGO,0.5745999813079834,0.5745999813079834,0.5745999813079834,0.5745999813079834,0.5745999813079834,604.0
2024-07-03 12:51:00,BNTX,79.76000213623047,79.76000213623047,79.76000213623047,79.76000213623047,79.76000213623047,1410.0
2024-07-03 12:51:00,BPMC,109.1500015258789,109.1500015258789,109.32499694824219,109.1500015258789,109.32499694824219,1377.0
2024-07-03 12:51:00,BRKR,61.81999969482422,61.81999969482422,61.81999969482422,61.650001525878906,61.650001525878906,22614.0
2024-07-03 12:51:00,BRTX,1.8600000143051147,1.8600000143051147,1.8600000143051147,1.8600000143051147,1.8600000143051147,820.0
2024-07-03 12:51:00,BTMD,7.410099983215332,7.410099983215332,7.420000076293945,7.410099983215332,7.420000076293945,3732.0
2024-07-03 12:51:00,BVS,5.945000171661377,5.945000171661377,5.945000171661377,5.945000171661377,5.945000171661377,300.0
2024-07-03 12:51:00,CABA,7.510000228881836,7.510000228881836,7.519999980926514,7.5,7.5,4957.0
2024-07-03 12:51:00,CADL,6.239999771118164,6.239999771118164,6.239999771118164,6.21999979019165,6.21999979019165,1724.0
2024-07-03 12:51:00,CAPR,4.824999809265137,4.824999809265137,4.824999809265137,4.824999809265137,4.824999809265137,459.0
2024-07-03 12:51:00,CASI,5.110000133514404,5.110000133514404,5.110000133514404,5.110000133514404,5.110000133514404,488.0
2024-07-03 12:51:00,CCCC,4.65500020980835,4.65500020980835,4.659999847412109,4.630000114440918,4.639999866485596,3268.0
2024-07-03 12:51:00,CCRN,13.619999885559082,13.619999885559082,13.619999885559082,13.619999885559082,13.619999885559082,485.0
2024-07-03 12:51:00,CDMO,7.739999771118164,7.739999771118164,7.755000114440918,7.739999771118164,7.755000114440918,5089.0
2024-07-03 12:51:00,CDNA,14.979999542236328,14.979999542236328,14.989999771118164,14.979999542236328,14.989999771118164,958.0
2024-07-03 12:51:00,CDXC,2.549999952316284,2.549999952316284,2.549999952316284,2.549999952316284,2.549999952316284,806.0
2024-07-03 12:51:00,CDXS,2.875,2.875,2.875,2.875,2.875,801.0
2024-07-03 12:51:00,CELC,16.290000915527344,16.290000915527344,16.329999923706055,16.290000915527344,16.299999237060547,1886.0
2024-07-03 12:51:00,CERE,40.310001373291016,40.310001373291016,40.310001373291016,40.255001068115234,40.255001068115234,17133.0
2024-07-03 12:51:00,CERS,1.715000033378601,1.715000033378601,1.715000033378601,1.7100000381469727,1.7100000381469727,856.0
2024-07-03 12:51:00,CERT,13.789999961853027,13.789999961853027,13.789999961853027,13.789999961853027,13.789999961853027,406.0
2024-07-03 12:51:00,CGC,6.5,6.5,6.510000228881836,6.5,6.505000114440918,21360.0
2024-07-03 12:51:00,CGEM,16.65999984741211,16.65999984741211,16.68000030517578,16.645000457763672,16.68000030517578,2537.0
2024-07-03 12:51:00,CGEN,1.649999976158142,1.649999976158142,1.649999976158142,1.649999976158142,1.649999976158142,1016.0
2024-07-03 12:51:00,CGTX,1.75,1.75,1.75,1.75,1.75,0.0
2024-07-03 12:51:00,CHEK,2.0499000549316406,2.0499000549316406,2.0499000549316406,2.0499000549316406,2.0499000549316406,300.0
2024-07-03 12:51:00,CHRS,1.3849999904632568,1.3849999904632568,1.3849999904632568,1.3849999904632568,1.3849999904632568,1050.0
2024-07-03 12:51:00,CING,0.31859999895095825,0.31859999895095825,0.31859999895095825,0.31859999895095825,0.31859999895095825,3685.0
2024-07-03 12:51:00,CKPT,2.174999952316284,2.174999952316284,2.180000066757202,2.1700000762939453,2.1700000762939453,3369.0
2024-07-03 12:51:00,CLDX,36.005001068115234,36.005001068115234,36.005001068115234,35.970001220703125,35.970001220703125,1228.0
2024-07-03 12:51:00,CLNN,0.32749998569488525,0.32749998569488525,0.32749998569488525,0.32749998569488525,0.32749998569488525,841.0
2024-07-03 12:51:00,CLOV,1.252500057220459,1.252500057220459,1.2585999965667725,1.25,1.25,778.0
2024-07-03 12:51:00,CLPT,5.389999866485596,5.389999866485596,5.389999866485596,5.375,5.375,632.0
2024-07-03 12:51:00,CMAX,2.3499999046325684,2.3499999046325684,2.3499999046325684,2.3499999046325684,2.3499999046325684,200.0
2024-07-03 12:51:00,CMPS,6.25,6.25,6.25,6.25,6.25,200.0
2024-07-03 12:51:00,CMPX,0.8199999928474426,0.8199999928474426,0.8199999928474426,0.8199999928474426,0.8199999928474426,5100.0
2024-07-03 12:51:00,CNSP,1.399999976158142,1.399999976158142,1.399999976158142,1.3700000047683716,1.3949999809265137,44991.0
2024-07-03 12:51:00,COGT,8.399999618530273,8.399999618530273,8.40999984741211,8.399999618530273,8.40999984741211,1638.0
2024-07-03 12:51:00,COLL,32.41999816894531,32.41999816894531,32.41999816894531,32.41999816894531,32.41999816894531,1288.0
2024-07-03 12:51:00,CORT,30.450000762939453,30.450000762939453,30.450000762939453,30.431699752807617,30.436899185180664,3329.0
2024-07-03 12:51:00,CPRX,15.369999885559082,15.369999885559082,15.369999885559082,15.369999885559082,15.369999885559082,1517.0
2024-07-03 12:51:00,CRBP,49.57500076293945,49.57500076293945,49.57500076293945,49.57500076293945,49.57500076293945,273.0
2024-07-03 12:51:00,CRBU,1.5950000286102295,1.5950000286102295,1.600000023841858,1.5850000381469727,1.5850000381469727,13682.0
2024-07-03 12:51:00,CRDF,2.240000009536743,2.240000009536743,2.240000009536743,2.240000009536743,2.240000009536743,1264.0
2024-07-03 12:51:00,CRDL,1.909999966621399,1.909999966621399,1.9189000129699707,1.909999966621399,1.9189000129699707,0.0
2024-07-03 12:51:00,CRMD,4.145999908447266,4.145999908447266,4.145999908447266,4.145999908447266,4.145999908447266,1264.0
2024-07-03 12:51:00,CRNX,44.470001220703125,44.470001220703125,44.4900016784668,44.45000076293945,44.48749923706055,1372.0
2024-07-03 12:51:00,CRON,2.315000057220459,2.315000057220459,2.315000057220459,2.315000057220459,2.315000057220459,219.0
2024-07-03 12:51:00,CRSP,54.03900146484375,54.03900146484375,54.03900146484375,54.007598876953125,54.007999420166016,3434.0
2024-07-03 12:51:00,CSTL,21.030000686645508,21.030000686645508,21.06999969482422,21.030000686645508,21.030000686645508,2337.0
2024-07-03 12:51:00,CTKB,5.59499979019165,5.59499979019165,5.605000019073486,5.59499979019165,5.599999904632568,12920.0
2024-07-03 12:51:00,CTMX,1.2999999523162842,1.2999999523162842,1.3049999475479126,1.2999999523162842,1.3049999475479126,2575.0
2024-07-03 12:51:00,CUE,0.9818000197410583,0.9818000197410583,0.9843999743461609,0.9818000197410583,0.9843999743461609,956.0
2024-07-03 12:51:00,CUTR,1.297700047492981,1.297700047492981,1.2992000579833984,1.2899999618530273,1.2992000579833984,9214.0
2024-07-03 12:51:00,CVAC,3.184999942779541,3.184999942779541,3.190000057220459,3.1649999618530273,3.1649999618530273,20783.0
2024-07-03 12:51:00,CYTK,54.54999923706055,54.54999923706055,54.54999923706055,54.45000076293945,54.45000076293945,3534.0
2024-07-03 12:51:00,CYTO,1.149999976158142,1.149999976158142,1.1598999500274658,1.149999976158142,1.1598999500274658,5001.0
2024-07-03 12:51:00,DAWN,13.539999961853027,13.539999961853027,13.539999961853027,13.539999961853027,13.539999961853027,1001.0
2024-07-03 12:51:00,DBVT,0.7889000177383423,0.7889000177383423,0.7889000177383423,0.7889000177383423,0.7889000177383423,2066.0
2024-07-03 12:51:00,DCTH,7.920000076293945,7.920000076293945,7.920000076293945,7.909999847412109,7.909999847412109,1304.0
2024-07-03 12:51:00,DH,5.369999885559082,5.369999885559082,5.375,5.369999885559082,5.375,1258.0
2024-07-03 12:51:00,DNLI,21.40999984741211,21.40999984741211,21.40999984741211,21.40999984741211,21.40999984741211,2577.0
2024-07-03 12:51:00,DSGN,3.180000066757202,3.180000066757202,3.194999933242798,3.180000066757202,3.180000066757202,1407.0
2024-07-03 12:51:00,DVAX,11.079999923706055,11.079999923706055,11.09000015258789,11.074999809265137,11.074999809265137,8125.0
2024-07-03 12:51:00,DXCM,111.4000015258789,111.4000015258789,111.41000366210938,111.20500183105469,111.2300033569336,11356.0
2024-07-03 12:51:00,DYN,34.04999923706055,34.04999923706055,34.154998779296875,34.04999923706055,34.119998931884766,2375.0
2024-07-03 12:51:00,EDIT,4.670000076293945,4.670000076293945,4.670000076293945,4.65500020980835,4.65500020980835,7323.0
2024-07-03 12:51:00,ELEV,2.7300000190734863,2.7300000190734863,2.7300000190734863,2.7200000286102295,2.7300000190734863,4460.0
2024-07-03 12:51:00,ELYM,6.744999885559082,6.744999885559082,6.744999885559082,6.744999885559082,6.744999885559082,972.0
2024-07-03 12:51:00,EMBC,12.020000457763672,12.020000457763672,12.020000457763672,12.0,12.0,1758.0
2024-07-03 12:51:00,ENSC,0.4390000104904175,0.4390000104904175,0.45500001311302185,0.4390000104904175,0.45500001311302185,14017.0
2024-07-03 12:51:00,ENTA,13.079999923706055,13.079999923706055,13.079999923706055,13.0600004196167,13.079999923706055,3289.0
2024-07-03 12:51:00,EOLS,10.979999542236328,10.979999542236328,10.979999542236328,10.975000381469727,10.975000381469727,960.0
2024-07-03 12:51:00,ESPR,2.369999885559082,2.369999885559082,2.369999885559082,2.365000009536743,2.369999885559082,4541.0
2024-07-03 12:51:00,ESTA,43.54999923706055,43.54999923706055,43.54999923706055,43.54999923706055,43.54999923706055,956.0
2024-07-03 12:51:00,ETNB,7.460000038146973,7.460000038146973,7.460000038146973,7.460000038146973,7.460000038146973,4899.0
2024-07-03 12:51:00,EVAX,3.1500000953674316,3.1500000953674316,3.1500000953674316,3.1500000953674316,3.1500000953674316,1060.0
2024-07-03 12:51:00,EWTX,18.18000030517578,18.18000030517578,18.18000030517578,18.18000030517578,18.18000030517578,116.0
2024-07-03 12:51:00,EXAI,5.369999885559082,5.369999885559082,5.400000095367432,5.349999904632568,5.400000095367432,5456.0
2024-07-03 12:51:00,EXAS,43.20000076293945,43.20000076293945,43.2400016784668,43.20000076293945,43.2400016784668,5167.0
2024-07-03 12:51:00,EXEL,21.92889976501465,21.92889976501465,21.92889976501465,21.885000228881836,21.885000228881836,6393.0
2024-07-03 12:51:00,EYEN,0.7670000195503235,0.7670000195503235,0.7853000164031982,0.7670000195503235,0.7840999960899353,37380.0
2024-07-03 12:51:00,EYPT,8.630000114440918,8.630000114440918,8.630000114440918,8.600000381469727,8.600000381469727,6579.0
2024-07-03 12:51:00,FATE,3.1700000762939453,3.1700000762939453,3.174999952316284,3.1700000762939453,3.1700000762939453,1840.0
2024-07-03 12:51:00,FBIO,1.7899999618530273,1.7899999618530273,1.7899999618530273,1.7899999618530273,1.7899999618530273,200.0
2024-07-03 12:51:00,FDMT,20.799999237060547,20.799999237060547,20.80500030517578,20.799999237060547,20.799999237060547,1896.0
2024-07-03 12:51:00,FEMY,1.1002000570297241,1.1002000570297241,1.1002000570297241,1.1002000570297241,1.1002000570297241,829.0
2024-07-03 12:51:00,FGEN,0.7143999934196472,0.7143999934196472,0.7145000100135803,0.7143999934196472,0.7143999934196472,11629.0
2024-07-03 12:51:00,FHTX,5.460000038146973,5.460000038146973,5.460000038146973,5.409999847412109,5.409999847412109,338.0
2024-07-03 12:51:00,FOLD,9.854999542236328,9.854999542236328,9.854999542236328,9.854999542236328,9.854999542236328,1670.0
2024-07-03 12:51:00,FULC,6.170000076293945,6.170000076293945,6.170000076293945,6.144999980926514,6.144999980926514,2828.0
2024-07-03 12:51:00,GDRX,7.820000171661377,7.820000171661377,7.820000171661377,7.795000076293945,7.795000076293945,5812.0
2024-07-03 12:51:00,GERN,4.340000152587891,4.340000152587891,4.340000152587891,4.329999923706055,4.335000038146973,44826.0
2024-07-03 12:51:00,GH,28.350000381469727,28.350000381469727,28.360000610351562,28.309999465942383,28.31999969482422,3941.0
2024-07-03 12:51:00,GILD,66.76000213623047,66.76000213623047,66.86000061035156,66.76000213623047,66.80000305175781,26604.0
2024-07-03 12:51:00,GLTO,0.5074999928474426,0.5074999928474426,0.5074999928474426,0.5049999952316284,0.5049999952316284,603.0
2024-07-03 12:51:00,GMAB,25.135000228881836,25.135000228881836,25.135000228881836,25.1299991607666,25.1299991607666,846.0
2024-07-03 12:51:00,GOSS,1.0099999904632568,1.0099999904632568,1.0099999904632568,1.0049999952316284,1.0049999952316284,1645.0
2024-07-03 12:51:00,GOVX,2.880000114440918,2.880000114440918,2.890000104904175,2.880000114440918,2.880000114440918,962.0
2024-07-03 12:51:00,GRFS,6.670000076293945,6.670000076293945,6.679999828338623,6.670000076293945,6.670000076293945,2093.0
2024-07-03 12:51:00,GRTS,0.5672000050544739,0.5672000050544739,0.5687000155448914,0.5672000050544739,0.5672000050544739,1426.0
2024-07-03 12:51:00,GTHX,2.575000047683716,2.575000047683716,2.5999999046325684,2.575000047683716,2.5999999046325684,18206.0
2024-07-03 12:51:00,HALO,52.25,52.25,52.400001525878906,52.25,52.36000061035156,7552.0
2024-07-03 12:51:00,HCAT,6.170000076293945,6.170000076293945,6.170000076293945,6.170000076293945,6.170000076293945,216.0
2024-07-03 12:51:00,HCM,17.459999084472656,17.459999084472656,17.559999465942383,17.459999084472656,17.520000457763672,5396.0
2024-07-03 12:51:00,HCSG,10.649999618530273,10.649999618530273,10.649999618530273,10.635000228881836,10.635000228881836,2612.0
2024-07-03 12:51:00,HOLX,73.38999938964844,73.38999938964844,73.38999938964844,73.30999755859375,73.30999755859375,10643.0
2024-07-03 12:51:00,HOOK,0.5789999961853027,0.5789999961853027,0.5789999961853027,0.5788999795913696,0.5788999795913696,367.0
2024-07-03 12:51:00,HOWL,2.109999895095825,2.109999895095825,2.109999895095825,2.0999999046325684,2.0999999046325684,519.0
2024-07-03 12:51:00,HQY,83.73500061035156,83.73500061035156,83.91999816894531,83.73500061035156,83.87999725341797,5322.0
2024-07-03 12:51:00,HRMY,30.790000915527344,30.790000915527344,30.799999237060547,30.790000915527344,30.799999237060547,622.0
2024-07-03 12:51:00,HROW,21.44499969482422,21.44499969482422,21.459999084472656,21.440000534057617,21.459999084472656,3311.0
2024-07-03 12:51:00,HRTX,2.7249999046325684,2.7249999046325684,2.7300000190734863,2.7200000286102295,2.7300000190734863,4639.0
2024-07-03 12:51:00,HSIC,64.94999694824219,64.94999694824219,64.97000122070312,64.94499969482422,64.97000122070312,8509.0
2024-07-03 12:51:00,HUMA,5.744999885559082,5.744999885559082,5.747200012207031,5.739999771118164,5.739999771118164,4228.0
2024-07-03 12:51:00,IART,28.65999984741211,28.65999984741211,28.65999984741211,28.600000381469727,28.600000381469727,5977.0
2024-07-03 12:51:00,IBRX,6.264999866485596,6.264999866485596,6.264999866485596,6.264999866485596,6.264999866485596,631.0
2024-07-03 12:51:00,ICLR,317.6099853515625,317.6099853515625,317.6099853515625,317.6099853515625,317.6099853515625,260.0
2024-07-03 12:51:00,ICUI,117.71499633789062,117.71499633789062,117.71499633789062,117.69999694824219,117.69999694824219,1471.0
2024-07-03 12:51:00,IDXX,479.2149963378906,479.2149963378906,479.2200012207031,478.8399963378906,478.8399963378906,3314.0
2024-07-03 12:51:00,IDYA,33.21500015258789,33.21500015258789,33.2400016784668,33.209999084472656,33.22999954223633,3663.0
2024-07-03 12:51:00,IKT,1.149999976158142,1.149999976158142,1.1500999927520752,1.149999976158142,1.1500999927520752,1906.0
2024-07-03 12:51:00,ILMN,105.80999755859375,105.80999755859375,105.88999938964844,105.80999755859375,105.88999938964844,6164.0
2024-07-03 12:51:00,IMAB,1.5299999713897705,1.5299999713897705,1.5305999517440796,1.5299999713897705,1.5305999517440796,5980.0
2024-07-03 12:51:00,IMCR,36.03499984741211,36.03499984741211,36.04999923706055,35.97999954223633,35.97999954223633,2349.0
2024-07-03 12:51:00,IMMX,2.380000114440918,2.380000114440918,2.390000104904175,2.369999885559082,2.3705999851226807,3105.0
2024-07-03 12:51:00,IMTX,11.8100004196167,11.8100004196167,11.8100004196167,11.789999961853027,11.800000190734863,1187.0
2024-07-03 12:51:00,IMUX,1.149999976158142,1.149999976158142,1.149999976158142,1.149999976158142,1.149999976158142,409.0
2024-07-03 12:51:00,IMVT,26.139999389648438,26.139999389648438,26.139999389648438,26.139999389648438,26.139999389648438,644.0
2024-07-03 12:51:00,INAB,0.800000011920929,0.800000011920929,0.800000011920929,0.800000011920929,0.800000011920929,0.0
2024-07-03 12:51:00,INBX,13.270000457763672,13.270000457763672,13.295000076293945,13.260000228881836,13.295000076293945,1568.0
2024-07-03 12:51:00,INCY,57.65999984741211,57.65999984741211,57.68000030517578,57.65999984741211,57.66999816894531,10845.0
2024-07-03 12:51:00,INM,0.2529999911785126,0.2529999911785126,0.2529999911785126,0.2529999911785126,0.2529999911785126,4800.0
2024-07-03 12:51:00,INMB,7.989999771118164,7.989999771118164,7.989999771118164,7.989999771118164,7.989999771118164,227.0
2024-07-03 12:51:00,INMD,17.5049991607666,17.5049991607666,17.5049991607666,17.489999771118164,17.489999771118164,3605.0
2024-07-03 12:51:00,INNV,5.059999942779541,5.059999942779541,5.059999942779541,5.059999942779541,5.059999942779541,681.0
2024-07-03 12:51:00,INO,8.329999923706055,8.329999923706055,8.329999923706055,8.319999694824219,8.319999694824219,1637.0
2024-07-03 12:51:00,INSM,62.22999954223633,62.22999954223633,62.22999954223633,62.189998626708984,62.189998626708984,13470.0
2024-07-03 12:51:00,INVA,16.334999084472656,16.334999084472656,16.334999084472656,16.334999084472656,16.334999084472656,686.0
2024-07-03 12:51:00,INZY,4.480000019073486,4.480000019073486,4.480000019073486,4.480000019073486,4.480000019073486,1477.0
2024-07-03 12:51:00,IONS,45.650001525878906,45.650001525878906,45.724998474121094,45.59000015258789,45.630001068115234,10861.0
2024-07-03 12:51:00,IOVA,7.304999828338623,7.304999828338623,7.319900035858154,7.300000190734863,7.309999942779541,44309.0
2024-07-03 12:51:00,IPSC,2.2200000286102295,2.2200000286102295,2.2200000286102295,2.2200000286102295,2.2200000286102295,644.0
2024-07-03 12:51:00,IRTC,96.625,96.625,96.69000244140625,96.58499908447266,96.66000366210938,2181.0
2024-07-03 12:51:00,IRWD,6.085000038146973,6.085000038146973,6.090000152587891,6.070000171661377,6.079999923706055,25324.0
2024-07-03 12:51:00,ISRG,434.2049865722656,434.2049865722656,434.3349914550781,434.1400146484375,434.2449951171875,26399.0
2024-07-03 12:51:00,ITCI,68.9000015258789,68.9000015258789,68.92500305175781,68.86000061035156,68.87000274658203,3579.0
2024-07-03 12:51:00,IVVD,1.0950000286102295,1.0950000286102295,1.0950000286102295,1.0950000286102295,1.0950000286102295,217.0
2024-07-03 12:51:00,JAGX,3.4700000286102295,3.4700000286102295,3.490000009536743,3.4700000286102295,3.490000009536743,1236.0
2024-07-03 12:51:00,JANX,38.63999938964844,38.63999938964844,38.63999938964844,38.56999969482422,38.58000183105469,6828.0
2024-07-03 12:51:00,JSPR,22.479999542236328,22.479999542236328,22.479999542236328,22.479999542236328,22.479999542236328,361.0
2024-07-03 12:51:00,KALV,11.725000381469727,11.725000381469727,11.725000381469727,11.725000381469727,11.725000381469727,251.0
2024-07-03 12:51:00,KIDS,29.809999465942383,29.809999465942383,29.809999465942383,29.799999237060547,29.799999237060547,638.0
2024-07-03 12:51:00,KNSA,19.090999603271484,19.090999603271484,19.1299991607666,19.09000015258789,19.1200008392334,3819.0
2024-07-03 12:51:00,KOD,2.200000047683716,2.200000047683716,2.2049999237060547,2.200000047683716,2.2049999237060547,841.0
2024-07-03 12:51:00,KPTI,0.8274999856948853,0.8274999856948853,0.8274999856948853,0.8274999856948853,0.8274999856948853,1200.0
2024-07-03 12:51:00,KROS,42.41999816894531,42.41999816894531,42.45000076293945,42.40999984741211,42.41999816894531,1640.0
2024-07-03 12:51:00,KTRA,0.2768999934196472,0.2768999934196472,0.27900001406669617,0.2759000062942505,0.2759000062942505,56896.0
2024-07-03 12:51:00,KURA,20.114999771118164,20.114999771118164,20.114999771118164,20.114999771118164,20.114999771118164,1360.0
2024-07-03 12:51:00,KYMR,30.43000030517578,30.43000030517578,30.450000762939453,30.43000030517578,30.450000762939453,1297.0
2024-07-03 12:51:00,KZR,0.5770999789237976,0.5770999789237976,0.5770999789237976,0.5769000053405762,0.5769000053405762,2851.0
2024-07-03 12:51:00,LAB,1.8700000047683716,1.8700000047683716,1.8700000047683716,1.8624999523162842,1.8700000047683716,2862.0
2024-07-03 12:51:00,LBPH,31.600099563598633,31.600099563598633,31.760000228881836,31.600099563598633,31.760000228881836,2898.0
2024-07-03 12:51:00,LEGN,46.064998626708984,46.064998626708984,46.08000183105469,45.974998474121094,45.97999954223633,3578.0
2024-07-03 12:51:00,LFMD,6.775000095367432,6.775000095367432,6.775000095367432,6.775000095367432,6.775000095367432,1093.0
2024-07-03 12:51:00,LFST,5.090000152587891,5.090000152587891,5.09499979019165,5.090000152587891,5.09499979019165,971.0
2024-07-03 12:51:00,LIVN,52.709999084472656,52.709999084472656,52.7400016784668,52.66999816894531,52.71500015258789,5638.0
2024-07-03 12:51:00,LNTH,79.61000061035156,79.61000061035156,79.61000061035156,79.55000305175781,79.55000305175781,534.0
2024-07-03 12:51:00,LQDA,11.970100402832031,11.970100402832031,11.989999771118164,11.970000267028809,11.970000267028809,3969.0
2024-07-03 12:51:00,LTRN,4.260000228881836,4.260000228881836,4.260000228881836,4.25,4.25,992.0
2024-07-03 12:51:00,LUCD,0.762499988079071,0.762499988079071,0.7628999948501587,0.7599999904632568,0.7599999904632568,5970.0
2024-07-03 12:51:00,LUCY,0.4634000062942505,0.4634000062942505,0.4634000062942505,0.4634000062942505,0.4634000062942505,1991.0
2024-07-03 12:51:00,LXRX,1.6449999809265137,1.6449999809265137,1.6449999809265137,1.6399999856948853,1.6399999856948853,19408.0
2024-07-03 12:51:00,LYEL,1.5049999952316284,1.5049999952316284,1.5099999904632568,1.5049999952316284,1.5049999952316284,2586.0
2024-07-03 12:51:00,LYRA,0.28459998965263367,0.28459998965263367,0.28459998965263367,0.28459998965263367,0.28459998965263367,1000.0
2024-07-03 12:51:00,MASI,114.44999694824219,114.44999694824219,114.44999694824219,114.25,114.25,7288.0
2024-07-03 12:51:00,MASS,4.869999885559082,4.869999885559082,4.869999885559082,4.869999885559082,4.869999885559082,781.0
2024-07-03 12:51:00,MBIO,0.48649999499320984,0.48649999499320984,0.48829999566078186,0.48649999499320984,0.48829999566078186,5342.0
2024-07-03 12:51:00,MCRB,0.7322999835014343,0.7322999835014343,0.7322999835014343,0.7322999835014343,0.7322999835014343,3088.0
2024-07-03 12:51:00,MDWD,14.5600004196167,14.5600004196167,14.5600004196167,14.510000228881836,14.510000228881836,3226.0
2024-07-03 12:51:00,MDXG,6.795000076293945,6.795000076293945,6.795000076293945,6.795000076293945,6.795000076293945,215.0
2024-07-03 12:51:00,ME,0.4108999967575073,0.4108999967575073,0.4108999967575073,0.4108999967575073,0.4108999967575073,1206.0
2024-07-03 12:51:00,MGNX,4.204999923706055,4.204999923706055,4.204999923706055,4.199999809265137,4.199999809265137,3469.0
2024-07-03 12:51:00,MGTX,4.0,4.0,4.0,4.0,4.0,120.0
2024-07-03 12:51:00,MIRM,33.96500015258789,33.96500015258789,33.96500015258789,33.849998474121094,33.849998474121094,1483.0
2024-07-03 12:51:00,MLTX,42.220001220703125,42.220001220703125,42.22999954223633,42.099998474121094,42.099998474121094,3373.0
2024-07-03 12:51:00,MMSI,86.01000213623047,86.01000213623047,86.01000213623047,86.00499725341797,86.00499725341797,572.0
2024-07-03 12:51:00,MNKD,5.03000020980835,5.03000020980835,5.03000020980835,5.025000095367432,5.025000095367432,2600.0
2024-07-03 12:51:00,MNMD,7.090000152587891,7.090000152587891,7.090000152587891,7.090000152587891,7.090000152587891,1682.0
2024-07-03 12:51:00,MODD,1.371000051498413,1.371000051498413,1.4299999475479126,1.371000051498413,1.4299999475479126,7311.0
2024-07-03 12:51:00,MORF,31.829999923706055,31.829999923706055,31.829999923706055,31.829999923706055,31.829999923706055,721.0
2024-07-03 12:51:00,MREO,3.569999933242798,3.569999933242798,3.569999933242798,3.569999933242798,3.569999933242798,39.0
2024-07-03 12:51:00,MRNA,116.30999755859375,116.30999755859375,116.30999755859375,116.0,116.01000213623047,12450.0
2024-07-03 12:51:00,MRNS,1.2050000429153442,1.2050000429153442,1.2050000429153442,1.2050000429153442,1.2050000429153442,731.0
2024-07-03 12:51:00,MRSN,1.8350000381469727,1.8350000381469727,1.8350000381469727,1.8350000381469727,1.8350000381469727,659.0
2024-07-03 12:51:00,MRUS,52.72999954223633,52.72999954223633,52.72999954223633,52.68000030517578,52.68000030517578,1843.0
2024-07-03 12:51:00,MRVI,7.014999866485596,7.014999866485596,7.019999980926514,7.005000114440918,7.005000114440918,15490.0
2024-07-03 12:51:00,MXCT,3.759999990463257,3.759999990463257,3.759999990463257,3.75,3.75,1580.0
2024-07-03 12:51:00,MYGN,24.969999313354492,24.969999313354492,24.969999313354492,24.950000762939453,24.950000762939453,1292.0
2024-07-03 12:51:00,MYNZ,0.3400000035762787,0.3400000035762787,0.3400000035762787,0.33889999985694885,0.33889999985694885,3243.0
2024-07-03 12:51:00,NAUT,2.2899999618530273,2.2899999618530273,2.2899999618530273,2.2899999618530273,2.2899999618530273,671.0
2024-07-03 12:51:00,NBIX,138.17999267578125,138.17999267578125,138.26499938964844,138.17999267578125,138.25,5259.0
2024-07-03 12:51:00,NDRA,0.08990000188350677,0.08990000188350677,0.09000000357627869,0.08669999986886978,0.09000000357627869,130354.0
2024-07-03 12:51:00,NEO,13.729999542236328,13.729999542236328,13.729999542236328,13.729999542236328,13.729999542236328,2296.0
2024-07-03 12:51:00,NEOG,15.15999984741211,15.15999984741211,15.15999984741211,15.145000457763672,15.149999618530273,3607.0
2024-07-03 12:51:00,NKTR,1.309999942779541,1.309999942779541,1.309999942779541,1.3049999475479126,1.309999942779541,4060.0
2024-07-03 12:51:00,NKTX,5.375,5.375,5.375,5.364999771118164,5.364999771118164,2248.0
2024-07-03 12:51:00,NNOX,7.019999980926514,7.019999980926514,7.029900074005127,7.019999980926514,7.029900074005127,2501.0
2024-07-03 12:51:00,NOTV,1.690000057220459,1.690000057220459,1.690000057220459,1.690000057220459,1.690000057220459,300.0
2024-07-03 12:51:00,NRBO,4.5,4.5,4.5,4.5,4.5,649.0
2024-07-03 12:51:00,NRC,23.03499984741211,23.03499984741211,23.03499984741211,23.020000457763672,23.020000457763672,1783.0
2024-07-03 12:51:00,NRIX,19.540000915527344,19.540000915527344,19.540000915527344,19.524999618530273,19.524999618530273,1780.0
2024-07-03 12:51:00,NRSN,1.3300000429153442,1.3300000429153442,1.3300000429153442,1.3300000429153442,1.3300000429153442,209.0
2024-07-03 12:51:00,NTLA,22.899999618530273,22.899999618530273,22.90999984741211,22.860000610351562,22.860000610351562,7003.0
2024-07-03 12:51:00,NTRA,111.73999786376953,111.73999786376953,111.97000122070312,111.73999786376953,111.87999725341797,6390.0
2024-07-03 12:51:00,NUVL,72.5199966430664,72.5199966430664,72.66999816894531,72.51499938964844,72.51499938964844,14992.0
2024-07-03 12:51:00,NVAX,12.519800186157227,12.519800186157227,12.520000457763672,12.505000114440918,12.510000228881836,6808.0
2024-07-03 12:51:00,NVCR,16.850000381469727,16.850000381469727,16.8700008392334,16.84000015258789,16.840499877929688,3445.0
2024-07-03 12:51:00,NVOS,0.7386000156402588,0.7386000156402588,0.754800021648407,0.7386000156402588,0.754800021648407,400.0
2024-07-03 12:51:00,NXL,1.4399000406265259,1.4399000406265259,1.4399000406265259,1.4399000406265259,1.4399000406265259,806.0
2024-07-03 12:51:00,OCGN,1.6349999904632568,1.6349999904632568,1.6349999904632568,1.631500005722046,1.6349999904632568,5871.0
2024-07-03 12:51:00,OCUL,6.679999828338623,6.679999828338623,6.679999828338623,6.659999847412109,6.659999847412109,4659.0
2024-07-03 12:51:00,OGI,1.5750000476837158,1.5750000476837158,1.5750000476837158,1.5750000476837158,1.5750000476837158,132.0
2024-07-03 12:51:00,OLK,25.739999771118164,25.739999771118164,25.7450008392334,25.739999771118164,25.739999771118164,10765.0
2024-07-03 12:51:00,OLMA,10.510000228881836,10.510000228881836,10.510000228881836,10.5,10.5,673.0
2024-07-03 12:51:00,OM,3.875,3.875,3.875,3.869999885559082,3.869999885559082,1950.0
2024-07-03 12:51:00,OMCL,26.739999771118164,26.739999771118164,26.739999771118164,26.709999084472656,26.709999084472656,1963.0
2024-07-03 12:51:00,OMGA,1.8899999856948853,1.8899999856948853,1.899999976158142,1.8899999856948853,1.899899959564209,8606.0
2024-07-03 12:51:00,ONCY,1.0048999786376953,1.0048999786376953,1.0048999786376953,1.0,1.0,925.0
2024-07-03 12:51:00,ONVO,0.7638999819755554,0.7638999819755554,0.7639999985694885,0.7638999819755554,0.7639999985694885,964.0
2024-07-03 12:52:00,AADI,1.4005000591278076,1.4005000591278076,1.4005000591278076,1.4005000591278076,1.4005000591278076,1642.0
2024-07-03 12:52:00,ABCL,2.7219998836517334,2.7219998836517334,2.7300000190734863,2.7219998836517334,2.7300000190734863,2009.0
2024-07-03 12:52:00,ABEO,4.320000171661377,4.320000171661377,4.320000171661377,4.300000190734863,4.309999942779541,4642.0
2024-07-03 12:52:00,ABOS,2.359999895095825,2.359999895095825,2.359999895095825,2.359999895095825,2.359999895095825,380.0
2024-07-03 12:52:00,ABSI,3.194999933242798,3.194999933242798,3.1982998847961426,3.190000057220459,3.194999933242798,2970.0
2024-07-03 12:52:00,ABUS,3.1600000858306885,3.1600000858306885,3.1600000858306885,3.1549999713897705,3.1600000858306885,6695.0
2024-07-03 12:52:00,ACAD,15.635000228881836,15.635000228881836,15.640000343322754,15.619999885559082,15.619999885559082,2618.0
2024-07-03 12:52:00,ACB,4.875,4.875,4.880000114440918,4.870100021362305,4.870100021362305,1264.0
2024-07-03 12:52:00,ACCD,3.5499000549316406,3.5499000549316406,3.555000066757202,3.5450000762939453,3.549999952316284,8964.0
2024-07-03 12:52:00,ACET,1.0800000429153442,1.0800000429153442,1.0800000429153442,1.0800000429153442,1.0800000429153442,475.0
2024-07-03 12:52:00,ACHC,66.91999816894531,66.91999816894531,66.94000244140625,66.91999816894531,66.94000244140625,1689.0
2024-07-03 12:52:00,ACIU,3.7899999618530273,3.7899999618530273,3.799999952316284,3.7899999618530273,3.799999952316284,1019.0
2024-07-03 12:52:00,ACLX,54.67499923706055,54.67499923706055,54.67499923706055,54.67499923706055,54.67499923706055,865.0
2024-07-03 12:52:00,ACRS,1.149999976158142,1.149999976158142,1.1549999713897705,1.149999976158142,1.1549999713897705,1422.0
2024-07-03 12:52:00,ADAP,1.0199999809265137,1.0199999809265137,1.0199999809265137,1.0199999809265137,1.0199999809265137,300.0
2024-07-03 12:52:00,ADMA,11.225000381469727,11.225000381469727,11.234999656677246,11.220000267028809,11.234999656677246,6357.0
2024-07-03 12:52:00,ADPT,3.4049999713897705,3.4049999713897705,3.4049999713897705,3.3949999809265137,3.4000000953674316,9948.0
2024-07-03 12:52:00,ADUS,117.41999816894531,117.41999816894531,117.41999816894531,117.41999816894531,117.41999816894531,384.0
2024-07-03 12:52:00,AEMD,0.4034999907016754,0.4034999907016754,0.4034999907016754,0.4034999907016754,0.4034999907016754,105.0
2024-07-03 12:52:00,AFMD,5.050000190734863,5.050000190734863,5.069399833679199,5.050000190734863,5.065000057220459,1930.0
2024-07-03 12:52:00,AGEN,14.479999542236328,14.479999542236328,14.479999542236328,14.444999694824219,14.460000038146973,1385.0
2024-07-03 12:52:00,AGIO,42.0,42.0,42.0,42.0,42.0,424.0
2024-07-03 12:52:00,AHCO,9.755000114440918,9.755000114440918,9.755000114440918,9.75,9.75,823.0
2024-07-03 12:52:00,AIMD,1.0099999904632568,1.0099999904632568,1.0399999618530273,1.0099999904632568,1.0299999713897705,17271.0
2024-07-03 12:52:00,AKAN,2.2499001026153564,2.2499001026153564,2.2499001026153564,2.240000009536743,2.240000009536743,1950.0
2024-07-03 12:52:00,AKBA,0.9495000243186951,0.9495000243186951,0.9495000243186951,0.9491999745368958,0.9495000243186951,1802.0
2024-07-03 12:52:00,AKRO,21.950000762939453,21.950000762939453,21.950000762939453,21.950000762939453,21.950000762939453,1159.0
2024-07-03 12:52:00,AKYA,2.1449999809265137,2.1449999809265137,2.1500000953674316,2.134999990463257,2.140000104904175,5901.0
2024-07-03 12:52:00,ALDX,3.1700000762939453,3.1700000762939453,3.1700000762939453,3.1700000762939453,3.1700000762939453,446.0
2024-07-03 12:52:00,ALEC,4.429999828338623,4.429999828338623,4.429999828338623,4.429999828338623,4.429999828338623,943.0
2024-07-03 12:52:00,ALGN,243.35000610351562,243.35000610351562,243.35000610351562,242.9149932861328,242.9149932861328,6735.0
2024-07-03 12:52:00,ALGS,0.4251999855041504,0.4251999855041504,0.4251999855041504,0.4251999855041504,0.4251999855041504,900.0
2024-07-03 12:52:00,ALKS,24.200000762939453,24.200000762939453,24.200000762939453,24.18000030517578,24.18000030517578,3246.0
2024-07-03 12:52:00,ALLK,0.794700026512146,0.794700026512146,0.7961999773979187,0.7904000282287598,0.7940999865531921,9408.0
2024-07-03 12:52:00,ALLO,2.0899999141693115,2.0899999141693115,2.0950000286102295,2.0899999141693115,2.0950000286102295,4139.0
2024-07-03 12:52:00,ALLR,0.20010000467300415,0.20010000467300415,0.20029999315738678,0.20010000467300415,0.20020000636577606,7975.0
2024-07-03 12:52:00,ALNY,248.97000122070312,248.97000122070312,248.97000122070312,248.0,248.0,8139.0
2024-07-03 12:52:00,ALT,6.605000019073486,6.605000019073486,6.610000133514404,6.585000038146973,6.585000038146973,8190.0
2024-07-03 12:52:00,ALVO,12.170000076293945,12.170000076293945,12.180000305175781,12.15999984741211,12.180000305175781,740.0
2024-07-03 12:52:00,ALVR,0.738099992275238,0.738099992275238,0.7404999732971191,0.738099992275238,0.7404999732971191,5628.0
2024-07-03 12:52:00,ALXO,5.650000095367432,5.650000095367432,5.659999847412109,5.650000095367432,5.659999847412109,4329.0
2024-07-03 12:52:00,AMED,97.3499984741211,97.3499984741211,97.50499725341797,97.2300033569336,97.2300033569336,11325.0
2024-07-03 12:52:00,AMGN,308.93499755859375,308.93499755859375,308.9700012207031,308.5799865722656,308.5799865722656,5119.0
2024-07-03 12:52:00,AMLX,1.7599999904632568,1.7599999904632568,1.7649999856948853,1.7599999904632568,1.7649999856948853,1271.0
2024-07-03 12:52:00,AMPH,38.38999938964844,38.38999938964844,38.38999938964844,38.34000015258789,38.34000015258789,1661.0
2024-07-03 12:52:00,AMRN,0.6876999735832214,0.6876999735832214,0.6876999735832214,0.6876999735832214,0.6876999735832214,0.0
2024-07-03 12:52:00,ANAB,25.0,25.0,25.020000457763672,25.0,25.020000457763672,1616.0
2024-07-03 12:52:00,ANGO,5.695000171661377,5.695000171661377,5.695000171661377,5.695000171661377,5.695000171661377,547.0
2024-07-03 12:52:00,ANIP,60.814998626708984,60.814998626708984,60.81999969482422,60.814998626708984,60.814998626708984,592.0
2024-07-03 12:52:00,ANNX,4.784999847412109,4.784999847412109,4.789999961853027,4.784999847412109,4.784999847412109,3826.0
2024-07-03 12:52:00,ANTX,2.6737000942230225,2.6737000942230225,2.700000047683716,2.6591999530792236,2.6600000858306885,16149.0
2024-07-03 12:52:00,APLS,35.459999084472656,35.459999084472656,35.470001220703125,35.40999984741211,35.40999984741211,3168.0
2024-07-03 12:52:00,AQST,2.4100000858306885,2.4100000858306885,2.4100000858306885,2.4049999713897705,2.4049999713897705,1211.0
2024-07-03 12:52:00,ARAY,1.7350000143051147,1.7350000143051147,1.7350000143051147,1.7350000143051147,1.7350000143051147,362.0
2024-07-03 12:52:00,ARCT,21.969999313354492,21.969999313354492,21.969999313354492,21.94499969482422,21.969999313354492,2646.0
2024-07-03 12:52:00,ARDX,5.315000057220459,5.315000057220459,5.320000171661377,5.289999961853027,5.295000076293945,137857.0
2024-07-03 12:52:00,ARGX,436.1000061035156,436.1000061035156,436.1000061035156,435.7879943847656,435.7879943847656,666.0
2024-07-03 12:52:00,ARQT,9.595000267028809,9.595000267028809,9.600000381469727,9.591699600219727,9.600000381469727,3326.0
2024-07-03 12:52:00,ARVN,24.020000457763672,24.020000457763672,24.020000457763672,23.93000030517578,23.93000030517578,3904.0
2024-07-03 12:52:00,ASRT,1.350000023841858,1.350000023841858,1.350000023841858,1.3408000469207764,1.350000023841858,4542.0
2024-07-03 12:52:00,ATAI,1.284999966621399,1.284999966621399,1.2899999618530273,1.284999966621399,1.2899999618530273,1909.0
2024-07-03 12:52:00,ATEC,10.0600004196167,10.0600004196167,10.0600004196167,10.03499984741211,10.039999961853027,3705.0
2024-07-03 12:52:00,ATHA,2.5799999237060547,2.5799999237060547,2.5799999237060547,2.5799999237060547,2.5799999237060547,1160.0
2024-07-03 12:52:00,ATOS,1.1649999618530273,1.1649999618530273,1.1649999618530273,1.1649999618530273,1.1649999618530273,1141.0
2024-07-03 12:52:00,ATRC,22.514999389648438,22.514999389648438,22.520000457763672,22.514999389648438,22.520000457763672,461.0
2024-07-03 12:52:00,ATRI,453.7049865722656,453.7049865722656,453.7049865722656,453.7049865722656,453.7049865722656,220.0
2024-07-03 12:52:00,ATXS,9.0649995803833,9.0649995803833,9.0649995803833,9.0649995803833,9.0649995803833,876.0
2024-07-03 12:52:00,AUGX,1.0044000148773193,1.0044000148773193,1.0044000148773193,1.0044000148773193,1.0044000148773193,0.0
2024-07-03 12:52:00,AUPH,5.480000019073486,5.480000019073486,5.480000019073486,5.480000019073486,5.480000019073486,449.0
2024-07-03 12:52:00,AURA,6.929999828338623,6.929999828338623,6.929999828338623,6.920000076293945,6.920000076293945,1392.0
2024-07-03 12:52:00,AUTL,3.450000047683716,3.450000047683716,3.4549999237060547,3.450000047683716,3.450000047683716,7309.0
2024-07-03 12:52:00,AVDL,14.520000457763672,14.520000457763672,14.520000457763672,14.489999771118164,14.489999771118164,4428.0
2024-07-03 12:52:00,AVTE,1.690000057220459,1.690000057220459,1.690000057220459,1.690000057220459,1.690000057220459,1220.0
2024-07-03 12:52:00,AVXL,4.135000228881836,4.135000228881836,4.135000228881836,4.135000228881836,4.135000228881836,1262.0
2024-07-03 12:52:00,AXGN,7.599999904632568,7.599999904632568,7.599999904632568,7.559999942779541,7.559999942779541,5861.0
2024-07-03 12:52:00,AXNX,67.5009994506836,67.5009994506836,67.5199966430664,67.5009994506836,67.5199966430664,1844.0
2024-07-03 12:52:00,AXSM,80.03500366210938,80.03500366210938,80.04000091552734,80.0,80.04000091552734,12059.0
2024-07-03 12:52:00,AZN,76.80999755859375,76.80999755859375,76.80999755859375,76.78500366210938,76.79000091552734,10799.0
2024-07-03 12:52:00,AZTA,52.310001373291016,52.310001373291016,52.310001373291016,52.25,52.25,2147.0
2024-07-03 12:52:00,BBIO,24.959999084472656,24.959999084472656,24.985000610351562,24.940000534057617,24.959999084472656,9891.0
2024-07-03 12:52:00,BCAB,1.440000057220459,1.440000057220459,1.4500000476837158,1.440000057220459,1.4500000476837158,10062.0
2024-07-03 12:52:00,BCLI,0.3400000035762787,0.3400000035762787,0.3400999903678894,0.3400000035762787,0.3400999903678894,1585.0
2024-07-03 12:52:00,BCRX,6.460000038146973,6.460000038146973,6.480000019073486,6.429999828338623,6.429999828338623,71396.0
2024-07-03 12:52:00,BCTX,1.0,1.0,1.0,1.0,1.0,300.0
2024-07-03 12:52:00,BDTX,4.420000076293945,4.420000076293945,4.420000076293945,4.420000076293945,4.420000076293945,1107.0
2024-07-03 12:52:00,BEAM,23.635000228881836,23.635000228881836,23.635000228881836,23.6200008392334,23.6200008392334,1911.0
2024-07-03 12:52:00,BEAT,2.7249999046325684,2.7249999046325684,2.7249999046325684,2.7249999046325684,2.7249999046325684,0.0
2024-07-03 12:52:00,BGNE,147.9499969482422,147.9499969482422,148.17999267578125,147.82000732421875,148.17999267578125,2893.0
2024-07-03 12:52:00,BGXX,0.2639999985694885,0.2639999985694885,0.2639999985694885,0.2639999985694885,0.2639999985694885,200.0
2024-07-03 12:52:00,BIIB,224.7949981689453,224.7949981689453,224.7949981689453,224.5,224.5,2765.0
2024-07-03 12:52:00,BIOR,0.6295999884605408,0.6295999884605408,0.6301000118255615,0.6295999884605408,0.6301000118255615,924.0
2024-07-03 12:52:00,BLUE,0.9185000061988831,0.9185000061988831,0.9185000061988831,0.9140999913215637,0.9140999913215637,40315.0
2024-07-03 12:52:00,BMEA,4.324999809265137,4.324999809265137,4.329999923706055,4.324999809265137,4.324999809265137,2683.0
2024-07-03 12:52:00,BMRN,81.02999877929688,81.02999877929688,81.04879760742188,80.9000015258789,80.9000015258789,3876.0
2024-07-03 12:52:00,BNGO,0.5706999897956848,0.5706999897956848,0.5745000243186951,0.5706999897956848,0.5745000243186951,51621.0
2024-07-03 12:52:00,BNTX,79.81999969482422,79.81999969482422,79.86000061035156,79.77149963378906,79.79000091552734,3154.0
2024-07-03 12:52:00,BPMC,109.30000305175781,109.30000305175781,109.30999755859375,109.11499786376953,109.22000122070312,2533.0
2024-07-03 12:52:00,BRKR,61.939998626708984,61.939998626708984,61.970001220703125,61.88999938964844,61.88999938964844,4207.0
2024-07-03 12:52:00,BVS,5.929999828338623,5.929999828338623,5.949999809265137,5.920000076293945,5.945000171661377,8065.0
2024-07-03 12:52:00,CABA,7.539999961853027,7.539999961853027,7.539999961853027,7.5289998054504395,7.5289998054504395,2940.0
2024-07-03 12:52:00,CAPR,4.829999923706055,4.829999923706055,4.829999923706055,4.829999923706055,4.829999923706055,670.0
2024-07-03 12:52:00,CARA,0.2833000123500824,0.2833000123500824,0.2833000123500824,0.2833000123500824,0.2833000123500824,1004.0
2024-07-03 12:52:00,CCCC,4.639999866485596,4.639999866485596,4.664999961853027,4.639999866485596,4.65500020980835,9682.0
2024-07-03 12:52:00,CCRN,13.619999885559082,13.619999885559082,13.619999885559082,13.619999885559082,13.619999885559082,663.0
2024-07-03 12:52:00,CDMO,7.744999885559082,7.744999885559082,7.75,7.739999771118164,7.744999885559082,2970.0
2024-07-03 12:52:00,CDNA,15.0,15.0,15.010000228881836,14.979999542236328,14.979999542236328,2066.0
2024-07-03 12:52:00,CDXC,2.549999952316284,2.549999952316284,2.549999952316284,2.549999952316284,2.549999952316284,914.0
2024-07-03 12:52:00,CDXS,2.875,2.875,2.875,2.875,2.875,400.0
2024-07-03 12:52:00,CELC,16.350000381469727,16.350000381469727,16.350000381469727,16.350000381469727,16.350000381469727,209.0
2024-07-03 12:52:00,CERE,40.290000915527344,40.290000915527344,40.310001373291016,40.27000045776367,40.30500030517578,40021.0
2024-07-03 12:52:00,CERS,1.7100000381469727,1.7100000381469727,1.715000033378601,1.7100000381469727,1.7100000381469727,1085.0
2024-07-03 12:52:00,CERT,13.8100004196167,13.8100004196167,13.8100004196167,13.789999961853027,13.789999961853027,647.0
2024-07-03 12:52:00,CGC,6.5,6.5,6.510000228881836,6.5,6.510000228881836,3757.0
2024-07-03 12:52:00,CGEM,16.719999313354492,16.719999313354492,16.719999313354492,16.65999984741211,16.65999984741211,2359.0
2024-07-03 12:52:00,CGEN,1.6549999713897705,1.6549999713897705,1.6549999713897705,1.649999976158142,1.649999976158142,2144.0
2024-07-03 12:52:00,CGTX,1.75,1.75,1.75,1.75,1.75,235.0
2024-07-03 12:52:00,CHRS,1.3849999904632568,1.3849999904632568,1.3899999856948853,1.3799999952316284,1.3799999952316284,1120.0
2024-07-03 12:52:00,CING,0.31859999895095825,0.31859999895095825,0.31859999895095825,0.31859999895095825,0.31859999895095825,1471.0
2024-07-03 12:52:00,CKPT,2.1700000762939453,2.1700000762939453,2.1700000762939453,2.1700000762939453,2.1700000762939453,729.0
2024-07-03 12:52:00,CLDX,36.040000915527344,36.040000915527344,36.040000915527344,36.040000915527344,36.040000915527344,527.0
2024-07-03 12:52:00,CLNN,0.32739999890327454,0.32739999890327454,0.33000001311302185,0.32739999890327454,0.3287000060081482,41238.0
2024-07-03 12:52:00,CLOV,1.25,1.25,1.2598999738693237,1.25,1.2585999965667725,847.0
2024-07-03 12:52:00,CMAX,2.3499999046325684,2.3499999046325684,2.3499999046325684,2.3499999046325684,2.3499999046325684,100.0
2024-07-03 12:52:00,CMPS,6.289999961853027,6.289999961853027,6.289999961853027,6.25,6.25,10020.0
2024-07-03 12:52:00,CNSP,1.381100058555603,1.381100058555603,1.399899959564209,1.3799999952316284,1.3905999660491943,14361.0
2024-07-03 12:52:00,COGT,8.420000076293945,8.420000076293945,8.4399995803833,8.40999984741211,8.40999984741211,7176.0
2024-07-03 12:52:00,CORT,30.486099243164062,30.486099243164062,30.5,30.469999313354492,30.469999313354492,4193.0
2024-07-03 12:52:00,COSM,0.8973000049591064,0.8973000049591064,0.8973000049591064,0.8973000049591064,0.8973000049591064,372.0
2024-07-03 12:52:00,CPRX,15.364999771118164,15.364999771118164,15.369999885559082,15.364999771118164,15.369999885559082,1444.0
2024-07-03 12:52:00,CRBP,49.630001068115234,49.630001068115234,49.630001068115234,49.630001068115234,49.630001068115234,742.0
2024-07-03 12:52:00,CRBU,1.5950000286102295,1.5950000286102295,1.600000023841858,1.5950000286102295,1.5950000286102295,2045.0
2024-07-03 12:52:00,CRDF,2.244999885559082,2.244999885559082,2.25,2.244999885559082,2.244999885559082,1913.0
2024-07-03 12:52:00,CRMD,4.150000095367432,4.150000095367432,4.150000095367432,4.144999980926514,4.144999980926514,360.0
2024-07-03 12:52:00,CRNX,44.540000915527344,44.540000915527344,44.540000915527344,44.474998474121094,44.474998474121094,1281.0
2024-07-03 12:52:00,CRON,2.315000057220459,2.315000057220459,2.315000057220459,2.315000057220459,2.315000057220459,1238.0
2024-07-03 12:52:00,CRSP,54.040000915527344,54.040000915527344,54.060001373291016,54.040000915527344,54.04999923706055,1474.0
2024-07-03 12:52:00,CSTL,21.03499984741211,21.03499984741211,21.03499984741211,21.03499984741211,21.03499984741211,374.0
2024-07-03 12:52:00,CTKB,5.599999904632568,5.599999904632568,5.605000019073486,5.59499979019165,5.599999904632568,8920.0
2024-07-03 12:52:00,CTMX,1.2999999523162842,1.2999999523162842,1.3050999641418457,1.2999999523162842,1.2999999523162842,536.0
2024-07-03 12:52:00,CTXR,0.5056999921798706,0.5056999921798706,0.5056999921798706,0.5056999921798706,0.5056999921798706,1220.0
2024-07-03 12:52:00,CUE,0.9818000197410583,0.9818000197410583,0.9818000197410583,0.9817000031471252,0.9818000197410583,1263.0
2024-07-03 12:52:00,CUTR,1.2949999570846558,1.2949999570846558,1.2999999523162842,1.2899999618530273,1.2899999618530273,10469.0
2024-07-03 12:52:00,CVAC,3.1649999618530273,3.1649999618530273,3.190000057220459,3.1549999713897705,3.190000057220459,129893.0
2024-07-03 12:52:00,CYTK,54.56999969482422,54.56999969482422,54.56999969482422,54.540000915527344,54.54999923706055,2618.0
2024-07-03 12:52:00,DAWN,13.579999923706055,13.579999923706055,13.59000015258789,13.539999961853027,13.539999961853027,2794.0
2024-07-03 12:52:00,DCGO,2.9549999237060547,2.9549999237060547,2.9549999237060547,2.9549999237060547,2.9549999237060547,151.0
2024-07-03 12:52:00,DH,5.360000133514404,5.360000133514404,5.360000133514404,5.360000133514404,5.360000133514404,420.0
2024-07-03 12:52:00,DMAC,2.9200000762939453,2.9200000762939453,2.9200000762939453,2.9200000762939453,2.9200000762939453,577.0
2024-07-03 12:52:00,DNLI,21.405000686645508,21.405000686645508,21.40999984741211,21.399999618530273,21.405000686645508,7507.0
2024-07-03 12:52:00,DSGN,3.180000066757202,3.180000066757202,3.194999933242798,3.180000066757202,3.194999933242798,7997.0
2024-07-03 12:52:00,DTIL,9.359999656677246,9.359999656677246,9.369999885559082,9.359999656677246,9.369999885559082,405.0
2024-07-03 12:52:00,DVAX,11.085000038146973,11.085000038146973,11.085000038146973,11.085000038146973,11.085000038146973,1605.0
2024-07-03 12:52:00,DXCM,111.5,111.5,111.5,111.41000366210938,111.41000366210938,5237.0
2024-07-03 12:52:00,DYAI,1.5149999856948853,1.5149999856948853,1.5299999713897705,1.4900000095367432,1.5299999713897705,7968.0
2024-07-03 12:52:00,DYN,34.08000183105469,34.08000183105469,34.08000183105469,34.04999923706055,34.04999923706055,918.0
2024-07-03 12:52:00,EDIT,4.664999961853027,4.664999961853027,4.670000076293945,4.660099983215332,4.660099983215332,1674.0
2024-07-03 12:52:00,ELEV,2.7200000286102295,2.7200000286102295,2.7200000286102295,2.7200000286102295,2.7200000286102295,1232.0
2024-07-03 12:52:00,ELYM,6.71999979019165,6.71999979019165,6.71999979019165,6.71999979019165,6.71999979019165,252.0
2024-07-03 12:52:00,EMBC,12.039999961853027,12.039999961853027,12.039999961853027,12.039999961853027,12.039999961853027,389.0
2024-07-03 12:52:00,ENSC,0.4399999976158142,0.4399999976158142,0.4399999976158142,0.4399999976158142,0.4399999976158142,584.0
2024-07-03 12:52:00,ENSG,126.77999877929688,126.77999877929688,126.77999877929688,126.77999877929688,126.77999877929688,489.0
2024-07-03 12:52:00,ENTA,13.095000267028809,13.095000267028809,13.095000267028809,13.071000099182129,13.071000099182129,1505.0
2024-07-03 12:52:00,EOLS,10.979999542236328,10.979999542236328,10.979999542236328,10.970100402832031,10.979999542236328,914.0
2024-07-03 12:52:00,ESPR,2.375,2.375,2.380000114440918,2.365000009536743,2.369999885559082,50028.0
2024-07-03 12:52:00,ESTA,43.75,43.75,43.75,43.75,43.75,997.0
2024-07-03 12:52:00,EWTX,18.229999542236328,18.229999542236328,18.229999542236328,18.209999084472656,18.209999084472656,1711.0
2024-07-03 12:52:00,EXAI,5.375,5.375,5.375,5.375,5.375,200.0
2024-07-03 12:52:00,EXAS,43.25,43.25,43.27000045776367,43.220001220703125,43.220001220703125,5640.0
2024-07-03 12:52:00,EXEL,21.94499969482422,21.94499969482422,21.950000762939453,21.93000030517578,21.93000030517578,2926.0
2024-07-03 12:52:00,EYEN,0.7688999772071838,0.7688999772071838,0.7688999772071838,0.7688999772071838,0.7688999772071838,1634.0
2024-07-03 12:52:00,EYPT,8.630000114440918,8.630000114440918,8.640000343322754,8.630000114440918,8.640000343322754,6920.0
2024-07-03 12:52:00,FATE,3.1700000762939453,3.1700000762939453,3.174999952316284,3.1700000762939453,3.174999952316284,478.0
2024-07-03 12:52:00,FBIO,1.774999976158142,1.774999976158142,1.774999976158142,1.774999976158142,1.774999976158142,6.0
2024-07-03 12:52:00,FDMT,20.860000610351562,20.860000610351562,20.860000610351562,20.809999465942383,20.809999465942383,2044.0
2024-07-03 12:52:00,FGEN,0.7099999785423279,0.7099999785423279,0.7145000100135803,0.7099999785423279,0.7145000100135803,61444.0
2024-07-03 12:52:00,FHTX,5.460000038146973,5.460000038146973,5.460000038146973,5.460000038146973,5.460000038146973,200.0
2024-07-03 12:52:00,FLGT,19.969999313354492,19.969999313354492,19.979999542236328,19.969999313354492,19.979999542236328,558.0
2024-07-03 12:52:00,FOLD,9.864999771118164,9.864999771118164,9.864999771118164,9.859999656677246,9.859999656677246,4736.0
2024-07-03 12:52:00,FULC,6.164999961853027,6.164999961853027,6.170000076293945,6.164999961853027,6.164999961853027,3764.0
2024-07-03 12:52:00,GALT,2.1700000762939453,2.1700000762939453,2.180000066757202,2.1700000762939453,2.1700000762939453,3948.0
2024-07-03 12:52:00,GDRX,7.809999942779541,7.809999942779541,7.815000057220459,7.809999942779541,7.815000057220459,933.0
2024-07-03 12:52:00,GERN,4.335000038146973,4.335000038146973,4.340000152587891,4.335000038146973,4.335000038146973,6109.0
2024-07-03 12:52:00,GH,28.469999313354492,28.469999313354492,28.469999313354492,28.3799991607666,28.3799991607666,2902.0
2024-07-03 12:52:00,GILD,66.83000183105469,66.83000183105469,66.83000183105469,66.75,66.7699966430664,21637.0
2024-07-03 12:52:00,GLPG,24.940000534057617,24.940000534057617,24.940000534057617,24.940000534057617,24.940000534057617,487.0
2024-07-03 12:52:00,GLUE,3.859999895095825,3.859999895095825,3.859999895095825,3.859999895095825,3.859999895095825,1855.0
2024-07-03 12:52:00,GMAB,25.139999389648438,25.139999389648438,25.139999389648438,25.139999389648438,25.139999389648438,2185.0
2024-07-03 12:52:00,GOSS,1.0149999856948853,1.0149999856948853,1.0199999809265137,1.0099999904632568,1.0099999904632568,12785.0
2024-07-03 12:52:00,GOVX,2.8949999809265137,2.8949999809265137,2.8949999809265137,2.880000114440918,2.880000114440918,2484.0
2024-07-03 12:52:00,GRFS,6.675000190734863,6.675000190734863,6.675000190734863,6.670000076293945,6.675000190734863,11420.0
2024-07-03 12:52:00,GRTS,0.5687000155448914,0.5687000155448914,0.5687000155448914,0.5687000155448914,0.5687000155448914,1001.0
2024-07-03 12:52:00,GTHX,2.575000047683716,2.575000047683716,2.575000047683716,2.575000047683716,2.575000047683716,2122.0
2024-07-03 12:52:00,HALO,52.310001373291016,52.310001373291016,52.310001373291016,52.279998779296875,52.28499984741211,4195.0
2024-07-03 12:52:00,HCAT,6.190000057220459,6.190000057220459,6.190000057220459,6.170000076293945,6.170000076293945,2497.0
2024-07-03 12:52:00,HCM,17.459999084472656,17.459999084472656,17.459999084472656,17.459999084472656,17.459999084472656,736.0
2024-07-03 12:52:00,HCSG,10.670000076293945,10.670000076293945,10.670000076293945,10.649999618530273,10.649999618530273,2138.0
2024-07-03 12:52:00,HOLX,73.43000030517578,73.43000030517578,73.44999694824219,73.41000366210938,73.41999816894531,13366.0
2024-07-03 12:52:00,HOOK,0.5788999795913696,0.5788999795913696,0.5788999795913696,0.5788999795913696,0.5788999795913696,212.0
2024-07-03 12:52:00,HOWL,2.109999895095825,2.109999895095825,2.109999895095825,2.109999895095825,2.109999895095825,221.0
2024-07-03 12:52:00,HQY,83.7699966430664,83.7699966430664,83.80000305175781,83.73999786376953,83.73999786376953,1585.0
2024-07-03 12:52:00,HRMY,30.764999389648438,30.764999389648438,30.799999237060547,30.764999389648438,30.799999237060547,627.0
2024-07-03 12:52:00,HROW,21.475000381469727,21.475000381469727,21.479999542236328,21.469999313354492,21.469999313354492,841.0
2024-07-03 12:52:00,HRTX,2.7200000286102295,2.7200000286102295,2.7300000190734863,2.7200000286102295,2.7249999046325684,6405.0
2024-07-03 12:52:00,HSIC,65.0,65.0,65.0,64.96499633789062,64.96499633789062,5668.0
2024-07-03 12:52:00,HUMA,5.75,5.75,5.75,5.739999771118164,5.744999885559082,4360.0
2024-07-03 12:52:00,IART,28.655000686645508,28.655000686645508,28.670000076293945,28.6299991607666,28.670000076293945,9042.0
2024-07-03 12:52:00,IBRX,6.264999866485596,6.264999866485596,6.264999866485596,6.260000228881836,6.264999866485596,6081.0
2024-07-03 12:52:00,ICLR,317.9750061035156,317.9750061035156,318.1300048828125,317.6099853515625,317.80499267578125,32544.0
2024-07-03 12:52:00,IDXX,479.4200134277344,479.4200134277344,479.4200134277344,479.4200134277344,479.4200134277344,487.0
2024-07-03 12:52:00,IDYA,33.20000076293945,33.20000076293945,33.21500015258789,33.18000030517578,33.18000030517578,1023.0
2024-07-03 12:52:00,IINN,1.3200000524520874,1.3200000524520874,1.340000033378601,1.2990000247955322,1.2999999523162842,28149.0
2024-07-03 12:52:00,IKNA,1.649999976158142,1.649999976158142,1.649999976158142,1.649999976158142,1.649999976158142,476.0
2024-07-03 12:52:00,ILMN,105.95999908447266,105.95999908447266,105.95999908447266,105.83499908447266,105.83499908447266,8755.0
2024-07-03 12:52:00,IMAB,1.5199999809265137,1.5199999809265137,1.534999966621399,1.5199999809265137,1.534999966621399,13913.0
2024-07-03 12:52:00,IMCR,35.97999954223633,35.97999954223633,35.97999954223633,35.97999954223633,35.97999954223633,993.0
2024-07-03 12:52:00,IMMX,2.369999885559082,2.369999885559082,2.369999885559082,2.369999885559082,2.369999885559082,500.0
2024-07-03 12:52:00,IMNM,12.079999923706055,12.079999923706055,12.079999923706055,12.0649995803833,12.0649995803833,2226.0
2024-07-03 12:52:00,IMVT,26.170000076293945,26.170000076293945,26.170000076293945,26.149999618530273,26.149999618530273,5381.0
2024-07-03 12:52:00,INBX,13.270000457763672,13.270000457763672,13.270000457763672,13.270000457763672,13.270000457763672,843.0
2024-07-03 12:52:00,INCY,57.72999954223633,57.72999954223633,57.72999954223633,57.65999984741211,57.65999984741211,13400.0
2024-07-03 12:52:00,INGN,8.020000457763672,8.020000457763672,8.020000457763672,8.020000457763672,8.020000457763672,395.0
2024-07-03 12:52:00,INMB,8.010000228881836,8.010000228881836,8.010000228881836,8.010000228881836,8.010000228881836,300.0
2024-07-03 12:52:00,INMD,17.514999389648438,17.514999389648438,17.514999389648438,17.5,17.5,3593.0
2024-07-03 12:52:00,INO,8.3149995803833,8.3149995803833,8.34000015258789,8.3149995803833,8.329999923706055,2320.0
2024-07-03 12:52:00,INSM,62.29999923706055,62.29999923706055,62.29999923706055,62.25,62.25,6612.0
2024-07-03 12:52:00,INVA,16.334999084472656,16.334999084472656,16.34000015258789,16.334999084472656,16.34000015258789,2136.0
2024-07-03 12:52:00,INZY,4.480000019073486,4.480000019073486,4.480000019073486,4.480000019073486,4.480000019073486,808.0
2024-07-03 12:52:00,IONM,0.31859999895095825,0.31859999895095825,0.31859999895095825,0.31859999895095825,0.31859999895095825,895.0
2024-07-03 12:52:00,IONS,45.709999084472656,45.709999084472656,45.709999084472656,45.630001068115234,45.630001068115234,5849.0
2024-07-03 12:52:00,IOVA,7.335000038146973,7.335000038146973,7.340000152587891,7.300000190734863,7.309899806976318,86660.0
2024-07-03 12:52:00,IPSC,2.2200000286102295,2.2200000286102295,2.2200000286102295,2.2200000286102295,2.2200000286102295,200.0
2024-07-03 12:52:00,IRTC,97.08499908447266,97.08499908447266,97.08499908447266,96.81999969482422,96.83999633789062,3451.0
2024-07-03 12:52:00,IRWD,6.105000019073486,6.105000019073486,6.110000133514404,6.090000152587891,6.090000152587891,14253.0
2024-07-03 12:52:00,ISRG,434.7099914550781,434.7099914550781,434.92999267578125,434.3599853515625,434.3599853515625,9277.0
2024-07-03 12:52:00,ITCI,68.93000030517578,68.93000030517578,69.0199966430664,68.93000030517578,68.93000030517578,3911.0
2024-07-03 12:52:00,ITOS,14.829999923706055,14.829999923706055,14.850000381469727,14.829999923706055,14.850000381469727,1177.0
2024-07-03 12:52:00,IVVD,1.0950000286102295,1.0950000286102295,1.0950000286102295,1.0950000286102295,1.0950000286102295,308.0
2024-07-03 12:52:00,JANX,38.61000061035156,38.61000061035156,38.65999984741211,38.52000045776367,38.64500045776367,20297.0
2024-07-03 12:52:00,JAZZ,103.52999877929688,103.52999877929688,103.55000305175781,103.42500305175781,103.44999694824219,2352.0
2024-07-03 12:52:00,KALV,11.725000381469727,11.725000381469727,11.725000381469727,11.725000381469727,11.725000381469727,339.0
2024-07-03 12:52:00,KIDS,29.84000015258789,29.84000015258789,29.84000015258789,29.829999923706055,29.829999923706055,1168.0
2024-07-03 12:52:00,KNSA,19.100000381469727,19.100000381469727,19.100000381469727,19.100000381469727,19.100000381469727,625.0
2024-07-03 12:52:00,KOD,2.200000047683716,2.200000047683716,2.2100000381469727,2.200000047683716,2.2100000381469727,964.0
2024-07-03 12:52:00,KPTI,0.8281000256538391,0.8281000256538391,0.8284000158309937,0.8278999924659729,0.8278999924659729,8217.0
2024-07-03 12:52:00,KRYS,176.65499877929688,176.65499877929688,176.65499877929688,176.5,176.55999755859375,3782.0
2024-07-03 12:52:00,KTRA,0.2759999930858612,0.2759999930858612,0.2768999934196472,0.2759999930858612,0.2768000066280365,25895.0
2024-07-03 12:52:00,KYMR,30.454999923706055,30.454999923706055,30.477800369262695,30.454999923706055,30.469999313354492,1422.0
2024-07-03 12:52:00,LAB,1.8601000308990479,1.8601000308990479,1.8700000047683716,1.8601000308990479,1.8650000095367432,9157.0
2024-07-03 12:52:00,LBPH,31.585500717163086,31.585500717163086,31.690000534057617,31.549999237060547,31.645000457763672,7487.0
2024-07-03 12:52:00,LEGN,46.020999908447266,46.020999908447266,46.099998474121094,46.0099983215332,46.064998626708984,7766.0
2024-07-03 12:52:00,LFLY,2.059999942779541,2.059999942779541,2.059999942779541,2.059999942779541,2.059999942779541,310.0
2024-07-03 12:52:00,LFST,5.085000038146973,5.085000038146973,5.09499979019165,5.085000038146973,5.09499979019165,2978.0
2024-07-03 12:52:00,LGVN,1.6150000095367432,1.6150000095367432,1.6150000095367432,1.6150000095367432,1.6150000095367432,1000.0
2024-07-03 12:52:00,LIVN,52.709999084472656,52.709999084472656,52.75,52.70000076293945,52.720001220703125,5478.0
2024-07-03 12:52:00,LMAT,81.23999786376953,81.23999786376953,81.23999786376953,81.23999786376953,81.23999786376953,152.0
2024-07-03 12:52:00,LNTH,79.63999938964844,79.63999938964844,79.68000030517578,79.62999725341797,79.68000030517578,1555.0
2024-07-03 12:52:00,LOGC,5.75,5.75,5.755000114440918,5.75,5.75,509.0
2024-07-03 12:52:00,LQDA,11.975000381469727,11.975000381469727,11.975000381469727,11.975000381469727,11.975000381469727,919.0
2024-07-03 12:52:00,LRMR,7.650000095367432,7.650000095367432,7.650000095367432,7.644999980926514,7.644999980926514,2384.0
2024-07-03 12:52:00,LTRN,4.25,4.25,4.269999980926514,4.25,4.260000228881836,490.0
2024-07-03 12:52:00,LUCD,0.7573999762535095,0.7573999762535095,0.762499988079071,0.7573999762535095,0.760200023651123,19402.0
2024-07-03 12:52:00,LUCY,0.46219998598098755,0.46219998598098755,0.46299999952316284,0.46219998598098755,0.462799996137619,20589.0
2024-07-03 12:52:00,LUNG,6.34499979019165,6.34499979019165,6.34499979019165,6.34499979019165,6.34499979019165,360.0
2024-07-03 12:52:00,LXRX,1.6449999809265137,1.6449999809265137,1.6449999809265137,1.6449999809265137,1.6449999809265137,7887.0
2024-07-03 12:52:00,LYEL,1.500100016593933,1.500100016593933,1.5099999904632568,1.500100016593933,1.5049999952316284,4064.0
2024-07-03 12:52:00,LYRA,0.28450000286102295,0.28450000286102295,0.28450000286102295,0.28450000286102295,0.28450000286102295,636.0
2024-07-03 12:52:00,MASI,114.5250015258789,114.5250015258789,114.5250015258789,114.5250015258789,114.5250015258789,1111.0
2024-07-03 12:52:00,MASS,4.880000114440918,4.880000114440918,4.880000114440918,4.880000114440918,4.880000114440918,637.0
2024-07-03 12:52:00,MBIO,0.48660001158714294,0.48660001158714294,0.48660001158714294,0.48660001158714294,0.48660001158714294,0.0
2024-07-03 12:52:00,MCRB,0.7311999797821045,0.7311999797821045,0.7311999797821045,0.7311000227928162,0.7311000227928162,2520.0
2024-07-03 12:52:00,MDGL,271.45001220703125,271.45001220703125,272.0050048828125,271.45001220703125,272.0050048828125,2528.0
2024-07-03 12:52:00,MDWD,14.555000305175781,14.555000305175781,14.555000305175781,14.555000305175781,14.555000305175781,110.0
2024-07-03 12:52:00,MDXG,6.815000057220459,6.815000057220459,6.815000057220459,6.795000076293945,6.795000076293945,8380.0
2024-07-03 12:52:00,ME,0.4115000069141388,0.4115000069141388,0.4115000069141388,0.4115000069141388,0.4115000069141388,4889.0
2024-07-03 12:52:00,MGNX,4.204999923706055,4.204999923706055,4.210000038146973,4.204999923706055,4.204999923706055,1921.0
2024-07-03 12:52:00,MGTX,4.010000228881836,4.010000228881836,4.010000228881836,4.0,4.0,473.0
2024-07-03 12:52:00,MIRM,34.0,34.0,34.0,33.97999954223633,33.97999954223633,558.0
2024-07-03 12:52:00,MLTX,42.31999969482422,42.31999969482422,42.31999969482422,42.125,42.125,1841.0
2024-07-03 12:52:00,MMSI,85.95899963378906,85.95899963378906,85.95899963378906,85.95899963378906,85.95899963378906,808.0
2024-07-03 12:52:00,MNKD,5.034999847412109,5.034999847412109,5.034999847412109,5.03000020980835,5.03000020980835,4093.0
2024-07-03 12:52:00,MNMD,7.099999904632568,7.099999904632568,7.099999904632568,7.09499979019165,7.09499979019165,604.0
2024-07-03 12:52:00,MODD,1.4199999570846558,1.4199999570846558,1.4199999570846558,1.4199999570846558,1.4199999570846558,1039.0
2024-07-03 12:52:00,MODV,27.549999237060547,27.549999237060547,27.549999237060547,27.549999237060547,27.549999237060547,247.0
2024-07-03 12:52:00,MOVE,0.3100000023841858,0.3100000023841858,0.3100000023841858,0.3100000023841858,0.3100000023841858,245.0
2024-07-03 12:52:00,MREO,3.569999933242798,3.569999933242798,3.5799999237060547,3.565000057220459,3.569999933242798,11272.0
2024-07-03 12:52:00,MRNA,116.37999725341797,116.37999725341797,116.37999725341797,116.22000122070312,116.30000305175781,9605.0
2024-07-03 12:52:00,MRNS,1.2050000429153442,1.2050000429153442,1.2050000429153442,1.2050000429153442,1.2050000429153442,1161.0
2024-07-03 12:52:00,MRSN,1.8300000429153442,1.8300000429153442,1.8300000429153442,1.8300000429153442,1.8300000429153442,330.0
2024-07-03 12:52:00,MRUS,52.72999954223633,52.72999954223633,52.72999954223633,52.72999954223633,52.72999954223633,491.0
2024-07-03 12:52:00,MRVI,7.010000228881836,7.010000228881836,7.019999980926514,7.010000228881836,7.014999866485596,3895.0
2024-07-03 12:52:00,MXCT,3.7850000858306885,3.7850000858306885,3.7850000858306885,3.759999990463257,3.759999990463257,4524.0
2024-07-03 12:52:00,MYGN,24.979999542236328,24.979999542236328,25.0,24.959999084472656,24.969999313354492,2783.0
2024-07-03 12:52:00,MYMD,1.7999999523162842,1.7999999523162842,1.809999942779541,1.7999999523162842,1.809999942779541,734.0
2024-07-03 12:52:00,NARI,50.0099983215332,50.0099983215332,50.040000915527344,49.970001220703125,50.0,5459.0
2024-07-03 12:52:00,NBIX,138.1199951171875,138.1199951171875,138.16000366210938,138.1199951171875,138.16000366210938,927.0
2024-07-03 12:52:00,NDRA,0.08900000154972076,0.08900000154972076,0.08980000019073486,0.08739999681711197,0.08980000019073486,35576.0
2024-07-03 12:52:00,NEO,13.729999542236328,13.729999542236328,13.729999542236328,13.720000267028809,13.729999542236328,1626.0
2024-07-03 12:52:00,NEOG,15.210000038146973,15.210000038146973,15.210000038146973,15.170000076293945,15.170000076293945,9649.0
2024-07-03 12:52:00,NKTR,1.3200000524520874,1.3200000524520874,1.3200000524520874,1.309999942779541,1.309999942779541,25052.0
2024-07-03 12:52:00,NKTX,5.389999866485596,5.389999866485596,5.389999866485596,5.375,5.375,2639.0
2024-07-03 12:52:00,NNOX,7.019999980926514,7.019999980926514,7.02810001373291,7.019999980926514,7.019999980926514,1695.0
2024-07-03 12:52:00,NRC,23.0,23.0,23.0,23.0,23.0,979.0
2024-07-03 12:52:00,NRIX,19.549999237060547,19.549999237060547,19.549999237060547,19.53499984741211,19.53499984741211,1468.0
2024-07-03 12:52:00,NRSN,1.3279000520706177,1.3279000520706177,1.3289999961853027,1.3279000520706177,1.3289999961853027,3238.0
2024-07-03 12:52:00,NTLA,22.899999618530273,22.899999618530273,22.899999618530273,22.899999618530273,22.899999618530273,1817.0
2024-07-03 12:52:00,NTRA,111.80999755859375,111.80999755859375,111.80999755859375,111.66999816894531,111.66999816894531,2020.0
2024-07-03 12:52:00,NUVL,72.44499969482422,72.44499969482422,72.44499969482422,72.44499969482422,72.44499969482422,921.0
2024-07-03 12:52:00,NVAX,12.545000076293945,12.545000076293945,12.550000190734863,12.515000343322754,12.515000343322754,11790.0
2024-07-03 12:52:00,NVCR,16.93000030517578,16.93000030517578,16.93000030517578,16.875,16.875,3344.0
2024-07-03 12:52:00,NVCT,6.254000186920166,6.254000186920166,6.254000186920166,6.254000186920166,6.254000186920166,280.0
2024-07-03 12:52:00,OCGN,1.6349999904632568,1.6349999904632568,1.6349999904632568,1.6349999904632568,1.6349999904632568,2177.0
2024-07-03 12:52:00,OCUL,6.684999942779541,6.684999942779541,6.690000057220459,6.670000076293945,6.679999828338623,3949.0
2024-07-03 12:52:00,OFIX,13.574999809265137,13.574999809265137,13.579999923706055,13.574999809265137,13.579999923706055,1195.0
2024-07-03 12:52:00,OGI,1.5750000476837158,1.5750000476837158,1.5786000490188599,1.5750000476837158,1.5786000490188599,862.0
2024-07-03 12:52:00,OLK,25.739999771118164,25.739999771118164,25.739999771118164,25.739999771118164,25.739999771118164,3744.0
2024-07-03 12:52:00,OLMA,10.539999961853027,10.539999961853027,10.539999961853027,10.520000457763672,10.520000457763672,3145.0
2024-07-03 12:52:00,OM,3.869999885559082,3.869999885559082,3.880000114440918,3.869999885559082,3.875,9497.0
2024-07-03 12:52:00,OMCL,26.780000686645508,26.780000686645508,26.790000915527344,26.75,26.75,2175.0
2024-07-03 12:52:00,OMER,3.880000114440918,3.880000114440918,3.880000114440918,3.880000114440918,3.880000114440918,1254.0
2024-07-03 12:52:00,OMGA,1.8991999626159668,1.8991999626159668,1.8991999626159668,1.8991999626159668,1.8991999626159668,601.0
2024-07-03 12:52:00,ONCY,1.0049999952316284,1.0049999952316284,1.0058000087738037,1.0049999952316284,1.0058000087738037,800.0
2024-07-03 12:53:00,ABCL,2.7249999046325684,2.7249999046325684,2.7300000190734863,2.7200000286102295,2.7249999046325684,1910.0
2024-07-03 12:53:00,ABOS,2.365000009536743,2.365000009536743,2.365000009536743,2.3598999977111816,2.359999895095825,2007.0
2024-07-03 12:53:00,ABSI,3.190000057220459,3.190000057220459,3.200000047683716,3.184999942779541,3.194999933242798,14614.0
2024-07-03 12:53:00,ABUS,3.1600000858306885,3.1600000858306885,3.1600000858306885,3.151099920272827,3.1549999713897705,5290.0
2024-07-03 12:53:00,ACAD,15.635000228881836,15.635000228881836,15.640000343322754,15.630000114440918,15.640000343322754,4311.0
2024-07-03 12:53:00,ACB,4.894999980926514,4.894999980926514,4.894999980926514,4.880000114440918,4.880000114440918,9107.0
2024-07-03 12:53:00,ACCD,3.5450000762939453,3.5450000762939453,3.549999952316284,3.5399999618530273,3.5450000762939453,3688.0
2024-07-03 12:53:00,ACET,1.0800000429153442,1.0800000429153442,1.0800000429153442,1.0800000429153442,1.0800000429153442,3894.0
2024-07-03 12:53:00,ACHC,67.01000213623047,67.01000213623047,67.06999969482422,66.98999786376953,67.0,3244.0
2024-07-03 12:53:00,ACHV,4.519700050354004,4.519700050354004,4.519700050354004,4.519700050354004,4.519700050354004,126.0
2024-07-03 12:53:00,ACIU,3.809000015258789,3.809000015258789,3.809000015258789,3.809000015258789,3.809000015258789,209.0
2024-07-03 12:53:00,ACLX,54.665000915527344,54.665000915527344,54.72999954223633,54.665000915527344,54.72999954223633,882.0
2024-07-03 12:53:00,ACRS,1.149999976158142,1.149999976158142,1.1549999713897705,1.149999976158142,1.1549999713897705,4230.0
2024-07-03 12:53:00,ADAP,1.0199999809265137,1.0199999809265137,1.0199999809265137,1.0149999856948853,1.0199999809265137,792.0
2024-07-03 12:53:00,ADIL,1.0449999570846558,1.0449999570846558,1.0449999570846558,1.0449999570846558,1.0449999570846558,2919.0
2024-07-03 12:53:00,ADMA,11.25,11.25,11.25,11.220000267028809,11.220000267028809,17533.0
2024-07-03 12:53:00,ADPT,3.4049999713897705,3.4049999713897705,3.4049999713897705,3.4049999713897705,3.4049999713897705,3147.0
2024-07-03 12:53:00,ADVM,7.135000228881836,7.135000228881836,7.135000228881836,7.135000228881836,7.135000228881836,461.0
2024-07-03 12:53:00,AEMD,0.4034999907016754,0.4034999907016754,0.4034999907016754,0.4034999907016754,0.4034999907016754,596.0
2024-07-03 12:53:00,AFMD,5.054999828338623,5.054999828338623,5.054999828338623,5.054999828338623,5.054999828338623,1307.0
2024-07-03 12:53:00,AGEN,14.5,14.5,14.5,14.475000381469727,14.479999542236328,2459.0
2024-07-03 12:53:00,AGIO,42.0099983215332,42.0099983215332,42.0099983215332,42.0099983215332,42.0099983215332,950.0
2024-07-03 12:53:00,AHCO,9.720000267028809,9.720000267028809,9.755000114440918,9.6899995803833,9.755000114440918,25029.0
2024-07-03 12:53:00,AIMD,1.0204999446868896,1.0204999446868896,1.0299999713897705,1.0130000114440918,1.0130000114440918,6583.0
2024-07-03 12:53:00,AKBA,0.9491999745368958,0.9491999745368958,0.9491999745368958,0.9491999745368958,0.9491999745368958,421.0
2024-07-03 12:53:00,AKRO,21.975000381469727,21.975000381469727,21.975000381469727,21.975000381469727,21.975000381469727,542.0
2024-07-03 12:53:00,AKYA,2.1449999809265137,2.1449999809265137,2.1449999809265137,2.1449999809265137,2.1449999809265137,200.0
2024-07-03 12:53:00,ALDX,3.190000057220459,3.190000057220459,3.190000057220459,3.174999952316284,3.174999952316284,5070.0
2024-07-03 12:53:00,ALEC,4.440000057220459,4.440000057220459,4.440000057220459,4.429999828338623,4.429999828338623,1594.0
2024-07-03 12:53:00,ALGN,243.3699951171875,243.3699951171875,243.41000366210938,243.32000732421875,243.41000366210938,2744.0
2024-07-03 12:53:00,ALGS,0.4250999987125397,0.4250999987125397,0.4253000020980835,0.4250999987125397,0.4250999987125397,6319.0
2024-07-03 12:53:00,ALHC,7.989999771118164,7.989999771118164,7.989999771118164,7.974999904632568,7.974999904632568,4154.0
2024-07-03 12:53:00,ALKS,24.217500686645508,24.217500686645508,24.219999313354492,24.209999084472656,24.209999084472656,1757.0
2024-07-03 12:53:00,ALLK,0.7770000100135803,0.7770000100135803,0.7940999865531921,0.7770000100135803,0.7940999865531921,15234.0
2024-07-03 12:53:00,ALLO,2.0950000286102295,2.0950000286102295,2.0950000286102295,2.0899999141693115,2.0899999141693115,20054.0
2024-07-03 12:53:00,ALNY,249.1699981689453,249.1699981689453,249.1761016845703,248.63499450683594,248.9499969482422,6930.0
2024-07-03 12:53:00,ALT,6.614999771118164,6.614999771118164,6.614999771118164,6.605000019073486,6.610000133514404,10220.0
2024-07-03 12:53:00,ALVO,12.180000305175781,12.180000305175781,12.1899995803833,12.180000305175781,12.1899995803833,406.0
2024-07-03 12:53:00,AMED,97.30999755859375,97.30999755859375,97.48999786376953,97.30000305175781,97.48999786376953,2563.0
2024-07-03 12:53:00,AMGN,309.0899963378906,309.0899963378906,309.0899963378906,308.8900146484375,309.07000732421875,2036.0
2024-07-03 12:53:00,AMLX,1.7649999856948853,1.7649999856948853,1.7649999856948853,1.7649999856948853,1.7649999856948853,1095.0
2024-07-03 12:53:00,AMPH,38.41999816894531,38.41999816894531,38.41999816894531,38.41999816894531,38.41999816894531,904.0
2024-07-03 12:53:00,AMRN,0.6868000030517578,0.6868000030517578,0.6873000264167786,0.6868000030517578,0.6873000264167786,1303.0
2024-07-03 12:53:00,ANAB,25.0,25.0,25.0,25.0,25.0,1816.0
2024-07-03 12:53:00,ANGO,5.699999809265137,5.699999809265137,5.699999809265137,5.699999809265137,5.699999809265137,371.0
2024-07-03 12:53:00,ANIP,60.849998474121094,60.849998474121094,60.880001068115234,60.790000915527344,60.880001068115234,4257.0
2024-07-03 12:53:00,ANNX,4.784999847412109,4.784999847412109,4.789999961853027,4.78000020980835,4.784999847412109,5626.0
2024-07-03 12:53:00,ANTX,2.700000047683716,2.700000047683716,2.700000047683716,2.6800999641418457,2.690000057220459,7265.0
2024-07-03 12:53:00,APDN,0.39980000257492065,0.39980000257492065,0.4009999930858612,0.39980000257492065,0.4009999930858612,612.0
2024-07-03 12:53:00,APLS,35.529998779296875,35.529998779296875,35.540000915527344,35.5099983215332,35.540000915527344,3439.0
2024-07-03 12:53:00,APLT,4.360000133514404,4.360000133514404,4.360000133514404,4.355000019073486,4.360000133514404,1151.0
2024-07-03 12:53:00,APRE,3.759999990463257,3.759999990463257,3.7699999809265137,3.759999990463257,3.7699999809265137,1260.0
2024-07-03 12:53:00,APTO,0.7630000114440918,0.7630000114440918,0.7630000114440918,0.7630000114440918,0.7630000114440918,132.0
2024-07-03 12:53:00,AQST,2.4049999713897705,2.4049999713897705,2.4049999713897705,2.4000000953674316,2.4000000953674316,1010.0
2024-07-03 12:53:00,ARAY,1.7400000095367432,1.7400000095367432,1.7400000095367432,1.7400000095367432,1.7400000095367432,3661.0
2024-07-03 12:53:00,ARCT,22.030000686645508,22.030000686645508,22.040000915527344,21.969999313354492,21.969999313354492,5914.0
2024-07-03 12:53:00,ARDX,5.319900035858154,5.319900035858154,5.320000171661377,5.309999942779541,5.315000057220459,19452.0
2024-07-03 12:53:00,ARGX,435.4419860839844,435.4419860839844,436.1099853515625,435.4419860839844,435.7770080566406,1134.0
2024-07-03 12:53:00,ARQT,9.630000114440918,9.630000114440918,9.640000343322754,9.595000267028809,9.595000267028809,10139.0
2024-07-03 12:53:00,ARVN,23.950000762939453,23.950000762939453,24.020000457763672,23.950000762939453,24.020000457763672,4683.0
2024-07-03 12:53:00,ARWR,25.170000076293945,25.170000076293945,25.170000076293945,25.170000076293945,25.170000076293945,613.0
2024-07-03 12:53:00,ASND,134.88499450683594,134.88499450683594,134.88499450683594,134.88499450683594,134.88499450683594,1869.0
2024-07-03 12:53:00,ASRT,1.3550000190734863,1.3550000190734863,1.3600000143051147,1.350000023841858,1.350000023841858,31505.0
2024-07-03 12:53:00,ATAI,1.2899999618530273,1.2899999618530273,1.2899999618530273,1.2899999618530273,1.2899999618530273,1321.0
2024-07-03 12:53:00,ATEC,10.0649995803833,10.0649995803833,10.069999694824219,10.0600004196167,10.0600004196167,6760.0
2024-07-03 12:53:00,ATOS,1.1649999618530273,1.1649999618530273,1.1698999404907227,1.1649999618530273,1.1649999618530273,693.0
2024-07-03 12:53:00,ATRC,22.520000457763672,22.520000457763672,22.530000686645508,22.4950008392334,22.514999389648438,7358.0
2024-07-03 12:53:00,ATXS,9.050000190734863,9.050000190734863,9.0600004196167,9.050000190734863,9.0600004196167,1571.0
2024-07-03 12:53:00,AUGX,0.9987999796867371,0.9987999796867371,1.0044000148773193,0.9987999796867371,1.0044000148773193,1317.0
2024-07-03 12:53:00,AUPH,5.489999771118164,5.489999771118164,5.489999771118164,5.489999771118164,5.489999771118164,215.0
2024-07-03 12:53:00,AUTL,3.450000047683716,3.450000047683716,3.4549999237060547,3.450000047683716,3.4549999237060547,3981.0
2024-07-03 12:53:00,AVDL,14.520000457763672,14.520000457763672,14.529999732971191,14.510000228881836,14.510000228881836,4566.0
2024-07-03 12:53:00,AVGR,1.7599999904632568,1.7599999904632568,1.7599999904632568,1.7599999904632568,1.7599999904632568,627.0
2024-07-03 12:53:00,AVTE,1.6950000524520874,1.6950000524520874,1.6950000524520874,1.690000057220459,1.690000057220459,13392.0
2024-07-03 12:53:00,AVXL,4.144999980926514,4.144999980926514,4.144999980926514,4.139999866485596,4.139999866485596,5300.0
2024-07-03 12:53:00,AWH,0.9589999914169312,0.9589999914169312,0.9589999914169312,0.9589999914169312,0.9589999914169312,2354.0
2024-07-03 12:53:00,AXGN,7.599999904632568,7.599999904632568,7.599999904632568,7.599999904632568,7.599999904632568,1366.0
2024-07-03 12:53:00,AXNX,67.58000183105469,67.58000183105469,67.58000183105469,67.51000213623047,67.51000213623047,1371.0
2024-07-03 12:53:00,AXSM,80.05000305175781,80.05000305175781,80.1500015258789,79.9800033569336,80.01000213623047,8629.0
2024-07-03 12:53:00,AZN,76.80500030517578,76.80500030517578,76.80999755859375,76.79000091552734,76.80500030517578,11802.0
2024-07-03 12:53:00,AZTA,52.29999923706055,52.29999923706055,52.31999969482422,52.29999923706055,52.31999969482422,488.0
2024-07-03 12:53:00,BBIO,25.0,25.0,25.0,24.969999313354492,24.969999313354492,6634.0
2024-07-03 12:53:00,BCDA,3.0199999809265137,3.0199999809265137,3.0199999809265137,3.009999990463257,3.009999990463257,3400.0
2024-07-03 12:53:00,BCLI,0.3400000035762787,0.3400000035762787,0.34049999713897705,0.3400000035762787,0.3400000035762787,8875.0
2024-07-03 12:53:00,BCRX,6.454999923706055,6.454999923706055,6.460000038146973,6.454999923706055,6.460000038146973,1657.0
2024-07-03 12:53:00,BCTX,1.0,1.0,1.0,1.0,1.0,0.0
2024-07-03 12:53:00,BCYC,19.760000228881836,19.760000228881836,19.760000228881836,19.739999771118164,19.739999771118164,607.0
2024-07-03 12:53:00,BDTX,4.429999828338623,4.429999828338623,4.429999828338623,4.420000076293945,4.420000076293945,1551.0
2024-07-03 12:53:00,BEAM,23.649999618530273,23.649999618530273,23.649999618530273,23.635000228881836,23.649999618530273,2538.0
2024-07-03 12:53:00,BGNE,147.75,147.75,147.9149932861328,147.75,147.9149932861328,1188.0
2024-07-03 12:53:00,BGXX,0.2639999985694885,0.2639999985694885,0.2639999985694885,0.2639999985694885,0.2639999985694885,3444.0
2024-07-03 12:53:00,BIIB,224.72999572753906,224.72999572753906,224.89999389648438,224.72999572753906,224.89999389648438,3278.0
2024-07-03 12:53:00,BIOR,0.6295999884605408,0.6295999884605408,0.6295999884605408,0.6295999884605408,0.6295999884605408,938.0
2024-07-03 12:53:00,BLFS,20.059999465942383,20.059999465942383,20.059999465942383,20.059999465942383,20.059999465942383,329.0
2024-07-03 12:53:00,BLUE,0.9190000295639038,0.9190000295639038,0.9197999835014343,0.9180999994277954,0.9190000295639038,11332.0
2024-07-03 12:53:00,BMEA,4.324999809265137,4.324999809265137,4.324999809265137,4.324999809265137,4.324999809265137,856.0
2024-07-03 12:53:00,BMRN,81.16000366210938,81.16000366210938,81.19000244140625,81.05999755859375,81.05999755859375,4344.0
2024-07-03 12:53:00,BNGO,0.5708000063896179,0.5708000063896179,0.5708000063896179,0.5708000063896179,0.5708000063896179,5800.0
2024-07-03 12:53:00,BNTX,79.77649688720703,79.77649688720703,79.82160186767578,79.77649688720703,79.82160186767578,433.0
2024-07-03 12:53:00,BPMC,109.18499755859375,109.18499755859375,109.33999633789062,109.18000030517578,109.26000213623047,1201.0
2024-07-03 12:53:00,BRKR,62.040000915527344,62.040000915527344,62.06999969482422,61.939998626708984,61.939998626708984,4588.0
2024-07-03 12:53:00,BTMD,7.409999847412109,7.409999847412109,7.409999847412109,7.409999847412109,7.409999847412109,885.0
2024-07-03 12:53:00,BVS,5.90500020980835,5.90500020980835,5.914999961853027,5.900000095367432,5.900000095367432,1047.0
2024-07-03 12:53:00,CABA,7.539999961853027,7.539999961853027,7.545000076293945,7.539999961853027,7.545000076293945,5091.0
2024-07-03 12:53:00,CADL,6.260000228881836,6.260000228881836,6.260000228881836,6.239999771118164,6.239999771118164,1547.0
2024-07-03 12:53:00,CAPR,4.820000171661377,4.820000171661377,4.839900016784668,4.820000171661377,4.839900016784668,2118.0
2024-07-03 12:53:00,CCCC,4.630000114440918,4.630000114440918,4.639999866485596,4.619999885559082,4.639999866485596,6877.0
2024-07-03 12:53:00,CCRN,13.640000343322754,13.640000343322754,13.649999618530273,13.630000114440918,13.640000343322754,3194.0
2024-07-03 12:53:00,CDMO,7.75,7.75,7.760000228881836,7.739999771118164,7.744999885559082,9469.0
2024-07-03 12:53:00,CDNA,15.010000228881836,15.010000228881836,15.010000228881836,15.0,15.0,2487.0
2024-07-03 12:53:00,CDTX,12.15999984741211,12.15999984741211,12.15999984741211,11.899999618530273,11.899999618530273,976.0
2024-07-03 12:53:00,CDXS,2.875,2.875,2.875,2.869999885559082,2.869999885559082,380.0
2024-07-03 12:53:00,CELC,16.350000381469727,16.350000381469727,16.350000381469727,16.309999465942383,16.34000015258789,679.0
2024-07-03 12:53:00,CERE,40.279998779296875,40.279998779296875,40.29999923706055,40.279998779296875,40.290000915527344,9571.0
2024-07-03 12:53:00,CERS,1.715000033378601,1.715000033378601,1.715000033378601,1.715000033378601,1.715000033378601,108.0
2024-07-03 12:53:00,CERT,13.795000076293945,13.795000076293945,13.800000190734863,13.789999961853027,13.795000076293945,1097.0
2024-07-03 12:53:00,CGC,6.5,6.5,6.510000228881836,6.5,6.503200054168701,16033.0
2024-07-03 12:53:00,CGEM,16.799999237060547,16.799999237060547,16.799999237060547,16.719999313354492,16.719999313354492,1658.0
2024-07-03 12:53:00,CGEN,1.6549999713897705,1.6549999713897705,1.6549999713897705,1.6549999713897705,1.6549999713897705,521.0
2024-07-03 12:53:00,CHRS,1.3849999904632568,1.3849999904632568,1.3898999691009521,1.3799999952316284,1.3799999952316284,1732.0
2024-07-03 12:53:00,CLDX,36.09000015258789,36.09000015258789,36.09000015258789,36.060001373291016,36.060001373291016,856.0
2024-07-03 12:53:00,CLOV,1.2549999952316284,1.2549999952316284,1.2599999904632568,1.25,1.2599999904632568,1520.0
2024-07-03 12:53:00,CLPT,5.375,5.375,5.375,5.375,5.375,181.0
2024-07-03 12:53:00,CMAX,2.303100109100342,2.303100109100342,2.3499999046325684,2.303100109100342,2.3499999046325684,1968.0
2024-07-03 12:53:00,CMPS,6.28000020980835,6.28000020980835,6.289999961853027,6.28000020980835,6.289999961853027,1772.0
2024-07-03 12:53:00,CMPX,0.8349999785423279,0.8349999785423279,0.8349999785423279,0.8349999785423279,0.8349999785423279,405.0
2024-07-03 12:53:00,CNSP,1.3910000324249268,1.3910000324249268,1.399899959564209,1.3799999952316284,1.3853000402450562,29557.0
2024-07-03 12:53:00,CNTA,8.569999694824219,8.569999694824219,8.579999923706055,8.569999694824219,8.579999923706055,2226.0
2024-07-03 12:53:00,COGT,8.420000076293945,8.420000076293945,8.430000305175781,8.420000076293945,8.420000076293945,2160.0
2024-07-03 12:53:00,COLL,32.4900016784668,32.4900016784668,32.4900016784668,32.4900016784668,32.4900016784668,819.0
2024-07-03 12:53:00,CORT,30.469999313354492,30.469999313354492,30.489999771118164,30.459999084472656,30.479999542236328,5218.0
2024-07-03 12:53:00,COSM,0.8903999924659729,0.8903999924659729,0.8967000246047974,0.8903999924659729,0.8967000246047974,2957.0
2024-07-03 12:53:00,CPRX,15.369999885559082,15.369999885559082,15.375,15.364999771118164,15.369999885559082,2369.0
2024-07-03 12:53:00,CRBP,49.53499984741211,49.53499984741211,49.53499984741211,49.53499984741211,49.53499984741211,454.0
2024-07-03 12:53:00,CRBU,1.5950000286102295,1.5950000286102295,1.600000023841858,1.5950000286102295,1.600000023841858,10996.0
2024-07-03 12:53:00,CRDF,2.244999885559082,2.244999885559082,2.2492001056671143,2.244999885559082,2.244999885559082,809.0
2024-07-03 12:53:00,CRMD,4.139999866485596,4.139999866485596,4.144999980926514,4.139999866485596,4.144999980926514,414.0
2024-07-03 12:53:00,CRNX,44.540000915527344,44.540000915527344,44.58000183105469,44.540000915527344,44.560001373291016,3348.0
2024-07-03 12:53:00,CRON,2.309999942779541,2.309999942779541,2.309999942779541,2.309999942779541,2.309999942779541,2576.0
2024-07-03 12:53:00,CRSP,54.0,54.0,54.06999969482422,54.0,54.06999969482422,1990.0
2024-07-03 12:53:00,CSTL,21.049999237060547,21.049999237060547,21.049999237060547,21.030000686645508,21.030000686645508,1054.0
2024-07-03 12:53:00,CTKB,5.599999904632568,5.599999904632568,5.605000019073486,5.590000152587891,5.599999904632568,14780.0
2024-07-03 12:53:00,CTMX,1.2999999523162842,1.2999999523162842,1.3049999475479126,1.2999999523162842,1.2999999523162842,413.0
2024-07-03 12:53:00,CTXR,0.5013999938964844,0.5013999938964844,0.5058000087738037,0.5013999938964844,0.5013999938964844,5493.0
2024-07-03 12:53:00,CUTR,1.2949999570846558,1.2949999570846558,1.2999999523162842,1.2949999570846558,1.2999000549316406,22019.0
2024-07-03 12:53:00,CVAC,3.1600000858306885,3.1600000858306885,3.180000066757202,3.1600000858306885,3.1600000858306885,42077.0
2024-07-03 12:53:00,CYTK,54.58000183105469,54.58000183105469,54.599998474121094,54.54999923706055,54.560001373291016,5601.0
2024-07-03 12:53:00,DAWN,13.555000305175781,13.555000305175781,13.579999923706055,13.555000305175781,13.579999923706055,2661.0
2024-07-03 12:53:00,DCGO,2.9549999237060547,2.9549999237060547,2.9549999237060547,2.950000047683716,2.950000047683716,562.0
2024-07-03 12:53:00,DCTH,7.929999828338623,7.929999828338623,7.929999828338623,7.929999828338623,7.929999828338623,401.0
2024-07-03 12:53:00,DH,5.364999771118164,5.364999771118164,5.369999885559082,5.364999771118164,5.369999885559082,719.0
2024-07-03 12:53:00,DNLI,21.450000762939453,21.450000762939453,21.469999313354492,21.399999618530273,21.399999618530273,12214.0
2024-07-03 12:53:00,DRIO,1.1799999475479126,1.1799999475479126,1.1799999475479126,1.1799999475479126,1.1799999475479126,2000.0
2024-07-03 12:53:00,DSGN,3.1700000762939453,3.1700000762939453,3.1700000762939453,3.1600000858306885,3.1600000858306885,4222.0
2024-07-03 12:53:00,DVAX,11.08899974822998,11.08899974822998,11.08899974822998,11.08899974822998,11.08899974822998,300.0
2024-07-03 12:53:00,DXCM,111.59500122070312,111.59500122070312,111.59500122070312,111.51499938964844,111.54000091552734,5547.0
2024-07-03 12:53:00,DYN,34.16999816894531,34.16999816894531,34.16999816894531,34.06999969482422,34.06999969482422,4244.0
2024-07-03 12:53:00,EDIT,4.664999961853027,4.664999961853027,4.670000076293945,4.659999847412109,4.670000076293945,2287.0
2024-07-03 12:53:00,ELEV,2.75,2.75,2.75,2.7300000190734863,2.7300000190734863,7999.0
2024-07-03 12:53:00,ELYM,6.724999904632568,6.724999904632568,6.724999904632568,6.724999904632568,6.724999904632568,300.0
2024-07-03 12:53:00,EMBC,12.050000190734863,12.050000190734863,12.050000190734863,12.039999961853027,12.039999961853027,430.0
2024-07-03 12:53:00,ENSG,126.74500274658203,126.74500274658203,126.74500274658203,126.72000122070312,126.72000122070312,2279.0
2024-07-03 12:53:00,ENVB,0.5135999917984009,0.5135999917984009,0.5199999809265137,0.5135999917984009,0.5175999999046326,10100.0
2024-07-03 12:53:00,EOLS,10.994999885559082,10.994999885559082,11.0,10.989999771118164,10.989999771118164,1331.0
2024-07-03 12:53:00,ERAS,2.194999933242798,2.194999933242798,2.194999933242798,2.194999933242798,2.194999933242798,516.0
2024-07-03 12:53:00,ESPR,2.365000009536743,2.365000009536743,2.380000114440918,2.362499952316284,2.380000114440918,104642.0
2024-07-03 12:53:00,ETNB,7.460000038146973,7.460000038146973,7.460000038146973,7.460000038146973,7.460000038146973,1037.0
2024-07-03 12:53:00,EWTX,18.309999465942383,18.309999465942383,18.309999465942383,18.260000228881836,18.260000228881836,3242.0
2024-07-03 12:53:00,EXAS,43.27000045776367,43.27000045776367,43.29999923706055,43.25,43.25,6298.0
2024-07-03 12:53:00,EXEL,21.969999313354492,21.969999313354492,21.969999313354492,21.950000762939453,21.950000762939453,8346.0
2024-07-03 12:53:00,EYEN,0.75,0.75,0.7757999897003174,0.75,0.7757999897003174,38913.0
2024-07-03 12:53:00,EYPT,8.630000114440918,8.630000114440918,8.638999938964844,8.630000114440918,8.638999938964844,888.0
2024-07-03 12:53:00,FATE,3.1700000762939453,3.1700000762939453,3.174999952316284,3.1700000762939453,3.1700000762939453,1732.0
2024-07-03 12:53:00,FBIO,1.7899999618530273,1.7899999618530273,1.7899999618530273,1.76010000705719,1.76010000705719,3316.0
2024-07-03 12:53:00,FDMT,20.8799991607666,20.8799991607666,20.8799991607666,20.860000610351562,20.860000610351562,748.0
2024-07-03 12:53:00,FGEN,0.7089999914169312,0.7089999914169312,0.7099999785423279,0.7080000042915344,0.7080000042915344,13353.0
2024-07-03 12:53:00,FHTX,5.460000038146973,5.460000038146973,5.460000038146973,5.445000171661377,5.445000171661377,474.0
2024-07-03 12:53:00,FLGT,19.979999542236328,19.979999542236328,19.979999542236328,19.969999313354492,19.969999313354492,843.0
2024-07-03 12:53:00,FOLD,9.864999771118164,9.864999771118164,9.864999771118164,9.864999771118164,9.864999771118164,1974.0
2024-07-03 12:53:00,FULC,6.164999961853027,6.164999961853027,6.170000076293945,6.164999961853027,6.164999961853027,579.0
2024-07-03 12:53:00,GALT,2.1500000953674316,2.1500000953674316,2.1649999618530273,2.1500000953674316,2.1649999618530273,2131.0
2024-07-03 12:53:00,GBIO,2.4100000858306885,2.4100000858306885,2.4100000858306885,2.4100000858306885,2.4100000858306885,941.0
2024-07-03 12:53:00,GDRX,7.815000057220459,7.815000057220459,7.815000057220459,7.815000057220459,7.815000057220459,647.0
2024-07-03 12:53:00,GERN,4.348299980163574,4.348299980163574,4.349999904632568,4.340000152587891,4.340000152587891,30774.0
2024-07-03 12:53:00,GH,28.459999084472656,28.459999084472656,28.479999542236328,28.435699462890625,28.469999313354492,4797.0
2024-07-03 12:53:00,GHRS,11.949999809265137,11.949999809265137,12.020000457763672,11.930000305175781,12.020000457763672,1605.0
2024-07-03 12:53:00,GILD,66.8499984741211,66.8499984741211,66.86000061035156,66.80999755859375,66.83000183105469,32416.0
2024-07-03 12:53:00,GLTO,0.5073999762535095,0.5073999762535095,0.5073999762535095,0.5073999762535095,0.5073999762535095,40.0
2024-07-03 12:53:00,GLUE,3.859999895095825,3.859999895095825,3.859999895095825,3.8450000286102295,3.8450000286102295,4914.0
2024-07-03 12:53:00,GLYC,0.2720000147819519,0.2720000147819519,0.2720000147819519,0.2712000012397766,0.2712000012397766,4005.0
2024-07-03 12:53:00,GOSS,1.0199999809265137,1.0199999809265137,1.0199999809265137,1.010599970817566,1.0199999809265137,16527.0
2024-07-03 12:53:00,GOVX,2.9298999309539795,2.9298999309539795,2.9398999214172363,2.899899959564209,2.899899959564209,5289.0
2024-07-03 12:53:00,GRFS,6.675000190734863,6.675000190734863,6.679900169372559,6.670000076293945,6.679900169372559,2295.0
2024-07-03 12:53:00,GRTS,0.5702000260353088,0.5702000260353088,0.5702000260353088,0.567300021648407,0.567300021648407,7674.0
2024-07-03 12:53:00,GTHX,2.575000047683716,2.575000047683716,2.5799999237060547,2.575000047683716,2.575000047683716,1368.0
2024-07-03 12:53:00,HALO,52.209999084472656,52.209999084472656,52.28499984741211,52.209999084472656,52.28499984741211,6082.0
2024-07-03 12:53:00,HCAT,6.190000057220459,6.190000057220459,6.190000057220459,6.179999828338623,6.179999828338623,1869.0
2024-07-03 12:53:00,HCSG,10.6899995803833,10.6899995803833,10.6899995803833,10.670000076293945,10.670000076293945,3223.0
2024-07-03 12:53:00,HITI,2.139899969100952,2.139899969100952,2.139899969100952,2.134999990463257,2.134999990463257,803.0
2024-07-03 12:53:00,HOLX,73.48999786376953,73.48999786376953,73.48999786376953,73.43000030517578,73.43250274658203,10809.0
2024-07-03 12:53:00,HOOK,0.5788999795913696,0.5788999795913696,0.5788999795913696,0.5788999795913696,0.5788999795913696,200.0
2024-07-03 12:53:00,HOWL,2.0999999046325684,2.0999999046325684,2.0999999046325684,2.0999999046325684,2.0999999046325684,778.0
2024-07-03 12:53:00,HQY,83.70999908447266,83.70999908447266,83.75,83.70999908447266,83.75,1007.0
2024-07-03 12:53:00,HRMY,30.799999237060547,30.799999237060547,30.799999237060547,30.780000686645508,30.799999237060547,7504.0
2024-07-03 12:53:00,HROW,21.475000381469727,21.475000381469727,21.475000381469727,21.475000381469727,21.475000381469727,787.0
2024-07-03 12:53:00,HRTX,2.765000104904175,2.765000104904175,2.7699999809265137,2.7249999046325684,2.7249999046325684,63303.0
2024-07-03 12:53:00,HSIC,65.0,65.0,65.0199966430664,65.0,65.0,5010.0
2024-07-03 12:53:00,HUMA,5.744999885559082,5.744999885559082,5.75,5.739999771118164,5.744999885559082,4945.0
2024-07-03 12:53:00,IART,28.639999389648438,28.639999389648438,28.639999389648438,28.639999389648438,28.639999389648438,935.0
2024-07-03 12:53:00,IBRX,6.275000095367432,6.275000095367432,6.28000020980835,6.269999980926514,6.269999980926514,3933.0
2024-07-03 12:53:00,ICLR,318.06500244140625,318.06500244140625,318.0870056152344,318.06500244140625,318.0870056152344,465.0
2024-07-03 12:53:00,IDXX,479.6050109863281,479.6050109863281,479.6300048828125,479.42999267578125,479.42999267578125,2055.0
2024-07-03 12:53:00,IDYA,33.220001220703125,33.220001220703125,33.25,33.20000076293945,33.20000076293945,3913.0
2024-07-03 12:53:00,IGMS,6.480000019073486,6.480000019073486,6.480000019073486,6.480000019073486,6.480000019073486,110.0
2024-07-03 12:53:00,IKNA,1.649999976158142,1.649999976158142,1.649999976158142,1.6399999856948853,1.6399999856948853,533.0
2024-07-03 12:53:00,IKT,1.149999976158142,1.149999976158142,1.149999976158142,1.149999976158142,1.149999976158142,147.0
2024-07-03 12:53:00,ILMN,105.94999694824219,105.94999694824219,106.01000213623047,105.94000244140625,105.97000122070312,10150.0
2024-07-03 12:53:00,IMAB,1.5,1.5,1.503499984741211,1.5,1.5,1695.0
2024-07-03 12:53:00,IMCR,35.97999954223633,35.97999954223633,35.97999954223633,35.97999954223633,35.97999954223633,1135.0
2024-07-03 12:53:00,IMMP,1.9819999933242798,1.9819999933242798,1.9819999933242798,1.9819999933242798,1.9819999933242798,361.0
2024-07-03 12:53:00,IMMX,2.375,2.375,2.375,2.375,2.375,700.0
2024-07-03 12:53:00,IMNM,12.109999656677246,12.109999656677246,12.109999656677246,12.09000015258789,12.09000015258789,1769.0
2024-07-03 12:53:00,IMTX,11.800000190734863,11.800000190734863,11.8100004196167,11.800000190734863,11.8100004196167,667.0
2024-07-03 12:53:00,IMVT,26.165000915527344,26.165000915527344,26.170000076293945,26.15999984741211,26.15999984741211,4081.0
2024-07-03 12:53:00,INBX,13.3100004196167,13.3100004196167,13.3100004196167,13.28499984741211,13.28499984741211,996.0
2024-07-03 12:53:00,INCY,57.779998779296875,57.779998779296875,57.810001373291016,57.72999954223633,57.72999954223633,17762.0
2024-07-03 12:53:00,INGN,8.020000457763672,8.020000457763672,8.020000457763672,8.020000457763672,8.020000457763672,544.0
2024-07-03 12:53:00,INM,0.2556000053882599,0.2556000053882599,0.2556000053882599,0.2556000053882599,0.2556000053882599,0.0
2024-07-03 12:53:00,INMB,7.980000019073486,7.980000019073486,7.980000019073486,7.980000019073486,7.980000019073486,201.0
2024-07-03 12:53:00,INMD,17.51099967956543,17.51099967956543,17.514999389648438,17.51020050048828,17.514999389648438,1133.0
2024-07-03 12:53:00,INO,8.329999923706055,8.329999923706055,8.329999923706055,8.319999694824219,8.319999694824219,781.0
2024-07-03 12:53:00,INSM,62.3489990234375,62.3489990234375,62.470001220703125,62.290000915527344,62.290000915527344,9960.0
2024-07-03 12:53:00,INZY,4.480000019073486,4.480000019073486,4.480000019073486,4.480000019073486,4.480000019073486,585.0
2024-07-03 12:53:00,IONM,0.31859999895095825,0.31859999895095825,0.31859999895095825,0.31859999895095825,0.31859999895095825,12.0
2024-07-03 12:53:00,IONS,45.599998474121094,45.599998474121094,45.720001220703125,45.59000015258789,45.709999084472656,8823.0
2024-07-03 12:53:00,IOVA,7.355000019073486,7.355000019073486,7.360000133514404,7.329999923706055,7.329999923706055,89623.0
2024-07-03 12:53:00,IRTC,97.25,97.25,97.26000213623047,96.97000122070312,97.26000213623047,4820.0
2024-07-03 12:53:00,IRWD,6.114999771118164,6.114999771118164,6.119999885559082,6.110000133514404,6.110000133514404,8580.0
2024-07-03 12:53:00,ISRG,435.0846862792969,435.0846862792969,435.135009765625,434.8999938964844,434.8999938964844,7451.0
2024-07-03 12:53:00,ITCI,69.0,69.0,69.02999877929688,68.98500061035156,68.98500061035156,1858.0
2024-07-03 12:53:00,ITOS,14.829999923706055,14.829999923706055,14.829999923706055,14.829999923706055,14.829999923706055,1763.0
2024-07-03 12:53:00,IVVD,1.0950000286102295,1.0950000286102295,1.0950000286102295,1.0950000286102295,1.0950000286102295,484.0
2024-07-03 12:53:00,JAGX,3.4749999046325684,3.4749999046325684,3.4749999046325684,3.4749999046325684,3.4749999046325684,461.0
2024-07-03 12:53:00,JANX,38.595001220703125,38.595001220703125,38.595001220703125,38.595001220703125,38.595001220703125,2875.0
2024-07-03 12:53:00,JAZZ,103.5250015258789,103.5250015258789,103.5250015258789,103.5250015258789,103.5250015258789,1089.0
2024-07-03 12:53:00,JSPR,22.475000381469727,22.475000381469727,22.520000457763672,22.459999084472656,22.459999084472656,1552.0
2024-07-03 12:53:00,KALA,6.730000019073486,6.730000019073486,6.730000019073486,6.730000019073486,6.730000019073486,1120.0
2024-07-03 12:53:00,KALV,11.734999656677246,11.734999656677246,11.75,11.729999542236328,11.739999771118164,4868.0
2024-07-03 12:53:00,KIDS,29.860000610351562,29.860000610351562,29.860000610351562,29.860000610351562,29.860000610351562,1766.0
2024-07-03 12:53:00,KMDA,5.130000114440918,5.130000114440918,5.130000114440918,5.110000133514404,5.119999885559082,1228.0
2024-07-03 12:53:00,KNSA,19.079999923706055,19.079999923706055,19.110000610351562,19.079999923706055,19.100000381469727,3144.0
2024-07-03 12:53:00,KOD,2.2049999237060547,2.2049999237060547,2.2200000286102295,2.200000047683716,2.2049999237060547,6371.0
2024-07-03 12:53:00,KPTI,0.8287000060081482,0.8287000060081482,0.8287000060081482,0.8281000256538391,0.8281000256538391,13217.0
2024-07-03 12:53:00,KRMD,2.5299999713897705,2.5299999713897705,2.5299999713897705,2.5299999713897705,2.5299999713897705,898.0
2024-07-03 12:53:00,KROS,42.474998474121094,42.474998474121094,42.474998474121094,42.439998626708984,42.439998626708984,403.0
2024-07-03 12:53:00,KRYS,176.72999572753906,176.72999572753906,176.72999572753906,176.72999572753906,176.72999572753906,847.0
2024-07-03 12:53:00,KTRA,0.2759000062942505,0.2759000062942505,0.2759000062942505,0.2759000062942505,0.2759000062942505,5315.0
2024-07-03 12:53:00,KURA,20.149999618530273,20.149999618530273,20.155000686645508,20.149999618530273,20.155000686645508,776.0
2024-07-03 12:53:00,KYMR,30.524999618530273,30.524999618530273,30.524999618530273,30.459999084472656,30.479999542236328,5236.0
2024-07-03 12:53:00,KZR,0.5773000121116638,0.5773000121116638,0.5773000121116638,0.5771999955177307,0.5771999955177307,1653.0
2024-07-03 12:53:00,LAB,1.8650000095367432,1.8650000095367432,1.8700000047683716,1.8650000095367432,1.8700000047683716,11654.0
2024-07-03 12:53:00,LBPH,31.520000457763672,31.520000457763672,31.520000457763672,31.520000457763672,31.520000457763672,681.0
2024-07-03 12:53:00,LEGN,45.9900016784668,45.9900016784668,46.060001373291016,45.9900016784668,46.060001373291016,3152.0
2024-07-03 12:53:00,LFMD,6.78000020980835,6.78000020980835,6.78000020980835,6.78000020980835,6.78000020980835,533.0
2024-07-03 12:53:00,LFST,5.085000038146973,5.085000038146973,5.085000038146973,5.085000038146973,5.085000038146973,832.0
2024-07-03 12:53:00,LIVN,52.7599983215332,52.7599983215332,52.79999923706055,52.7599983215332,52.7599983215332,7264.0
2024-07-03 12:53:00,LMAT,81.2699966430664,81.2699966430664,81.2699966430664,81.2699966430664,81.2699966430664,711.0
2024-07-03 12:53:00,LNTH,79.76000213623047,79.76000213623047,79.83999633789062,79.7300033569336,79.7300033569336,1845.0
2024-07-03 12:53:00,LOGC,5.764999866485596,5.764999866485596,5.764999866485596,5.760000228881836,5.760000228881836,2111.0
2024-07-03 12:53:00,LQDA,11.975700378417969,11.975700378417969,11.975700378417969,11.969900131225586,11.969900131225586,1532.0
2024-07-03 12:53:00,LXRX,1.649999976158142,1.649999976158142,1.649999976158142,1.6449999809265137,1.649999976158142,2149.0
2024-07-03 12:53:00,LYEL,1.5049999952316284,1.5049999952316284,1.5099999904632568,1.5049999952316284,1.5049999952316284,3778.0
2024-07-03 12:53:00,MASS,4.869999885559082,4.869999885559082,4.880000114440918,4.869999885559082,4.880000114440918,813.0
2024-07-03 12:53:00,MBIO,0.48660001158714294,0.48660001158714294,0.48660001158714294,0.48660001158714294,0.48660001158714294,1665.0
2024-07-03 12:53:00,MCRB,0.7257999777793884,0.7257999777793884,0.7311999797821045,0.7257999777793884,0.7311000227928162,4968.0
2024-07-03 12:53:00,MDWD,14.600000381469727,14.600000381469727,14.600000381469727,14.574999809265137,14.574999809265137,838.0
2024-07-03 12:53:00,ME,0.4129999876022339,0.4129999876022339,0.4129999876022339,0.4124000072479248,0.4124000072479248,2635.0
2024-07-03 12:53:00,MEDS,17.975000381469727,17.975000381469727,17.975000381469727,17.975000381469727,17.975000381469727,410.0
2024-07-03 12:53:00,MGNX,4.210000038146973,4.210000038146973,4.210000038146973,4.204999923706055,4.210000038146973,2588.0
2024-07-03 12:53:00,MIRM,33.959999084472656,33.959999084472656,34.0,33.95000076293945,33.974998474121094,1156.0
2024-07-03 12:53:00,MLTX,42.32500076293945,42.32500076293945,42.32500076293945,42.310001373291016,42.310001373291016,295.0
2024-07-03 12:53:00,MMSI,85.97010040283203,85.97010040283203,86.05999755859375,85.97010040283203,86.05999755859375,1712.0
2024-07-03 12:53:00,MNKD,5.034999847412109,5.034999847412109,5.034999847412109,5.034999847412109,5.034999847412109,1672.0
2024-07-03 12:53:00,MNMD,7.099999904632568,7.099999904632568,7.099999904632568,7.09499979019165,7.0980000495910645,884.0
2024-07-03 12:53:00,MODD,1.4199999570846558,1.4199999570846558,1.4199999570846558,1.4199999570846558,1.4199999570846558,108.0
2024-07-03 12:53:00,MODV,27.450000762939453,27.450000762939453,27.559999465942383,27.399999618530273,27.559999465942383,2933.0
2024-07-03 12:53:00,MOLN,6.600100040435791,6.600100040435791,6.630000114440918,6.599999904632568,6.599999904632568,2572.0
2024-07-03 12:53:00,MORF,31.84000015258789,31.84000015258789,31.84000015258789,31.84000015258789,31.84000015258789,808.0
2024-07-03 12:53:00,MREO,3.565000057220459,3.565000057220459,3.569999933242798,3.565000057220459,3.569999933242798,5597.0
2024-07-03 12:53:00,MRNA,116.30000305175781,116.30000305175781,116.45999908447266,116.29000091552734,116.37999725341797,11662.0
2024-07-03 12:53:00,MRSN,1.8300000429153442,1.8300000429153442,1.8300000429153442,1.8300000429153442,1.8300000429153442,665.0
2024-07-03 12:53:00,MRUS,52.900001525878906,52.900001525878906,52.900001525878906,52.72999954223633,52.72999954223633,3737.0
2024-07-03 12:53:00,MRVI,7.014999866485596,7.014999866485596,7.019999980926514,7.010000228881836,7.014999866485596,3834.0
2024-07-03 12:53:00,MXCT,3.7750000953674316,3.7750000953674316,3.7799999713897705,3.7750000953674316,3.7799999713897705,1802.0
2024-07-03 12:53:00,MYGN,24.989999771118164,24.989999771118164,24.9950008392334,24.96500015258789,24.9950008392334,2186.0
2024-07-03 12:53:00,MYMD,1.7999999523162842,1.7999999523162842,1.809999942779541,1.7999999523162842,1.809999942779541,1740.0
2024-07-03 12:53:00,NARI,50.040000915527344,50.040000915527344,50.040000915527344,50.0099983215332,50.0099983215332,900.0
2024-07-03 12:53:00,NBIX,138.13499450683594,138.13499450683594,138.13499450683594,138.13499450683594,138.13499450683594,2038.0
2024-07-03 12:53:00,NDRA,0.08990000188350677,0.08990000188350677,0.09000000357627869,0.08749999850988388,0.08900000154972076,89390.0
2024-07-03 12:53:00,NEO,13.739999771118164,13.739999771118164,13.739999771118164,13.739999771118164,13.739999771118164,607.0
2024-07-03 12:53:00,NEOG,15.1899995803833,15.1899995803833,15.210000038146973,15.1899995803833,15.204999923706055,11816.0
2024-07-03 12:53:00,NKTR,1.315000057220459,1.315000057220459,1.3200000524520874,1.309999942779541,1.3200000524520874,6716.0
2024-07-03 12:53:00,NLSP,0.20170000195503235,0.20170000195503235,0.20170000195503235,0.20170000195503235,0.20170000195503235,474.0
2024-07-03 12:53:00,NNOX,7.048999786376953,7.048999786376953,7.050000190734863,7.03000020980835,7.03000020980835,5138.0
2024-07-03 12:53:00,NRC,23.024999618530273,23.024999618530273,23.024999618530273,23.024999618530273,23.024999618530273,702.0
2024-07-03 12:53:00,NRIX,19.559999465942383,19.559999465942383,19.559999465942383,19.549999237060547,19.559999465942383,3666.0
2024-07-03 12:53:00,NRSN,1.3300000429153442,1.3300000429153442,1.3300000429153442,1.3300000429153442,1.3300000429153442,0.0
2024-07-03 12:53:00,NTLA,22.905000686645508,22.905000686645508,22.90999984741211,22.897499084472656,22.899999618530273,5283.0
2024-07-03 12:53:00,NTRA,111.9000015258789,111.9000015258789,111.9000015258789,111.81500244140625,111.81500244140625,1490.0
2024-07-03 12:53:00,NUVL,72.54000091552734,72.54000091552734,72.54000091552734,72.5,72.5,1005.0
2024-07-03 12:53:00,NVAX,12.574999809265137,12.574999809265137,12.579999923706055,12.545000076293945,12.548999786376953,11663.0
2024-07-03 12:53:00,NVCR,16.915000915527344,16.915000915527344,16.940000534057617,16.90999984741211,16.920000076293945,3506.0
2024-07-03 12:53:00,NVNO,5.050099849700928,5.050099849700928,5.050099849700928,5.050099849700928,5.050099849700928,585.0
2024-07-03 12:53:00,NVOS,0.746999979019165,0.746999979019165,0.746999979019165,0.7390000224113464,0.7390000224113464,3994.0
2024-07-03 12:53:00,NXL,1.4199999570846558,1.4199999570846558,1.440000057220459,1.4199999570846558,1.440000057220459,187.0
2024-07-03 12:53:00,OCGN,1.649999976158142,1.649999976158142,1.649999976158142,1.6399999856948853,1.6399999856948853,22398.0
2024-07-03 12:53:00,OCUL,6.695000171661377,6.695000171661377,6.699999809265137,6.684999942779541,6.690000057220459,3912.0
2024-07-03 12:53:00,OFIX,13.569999694824219,13.569999694824219,13.569999694824219,13.569999694824219,13.569999694824219,454.0
2024-07-03 12:53:00,OGI,1.5750000476837158,1.5750000476837158,1.5750000476837158,1.5750000476837158,1.5750000476837158,839.0
2024-07-03 12:53:00,OLK,25.739999771118164,25.739999771118164,25.739999771118164,25.739999771118164,25.739999771118164,555.0
2024-07-03 12:53:00,OLMA,10.539999961853027,10.539999961853027,10.545000076293945,10.539999961853027,10.539999961853027,2356.0
2024-07-03 12:53:00,OM,3.869999885559082,3.869999885559082,3.880000114440918,3.869999885559082,3.875,3234.0
2024-07-03 12:53:00,OMCL,26.84000015258789,26.84000015258789,26.84000015258789,26.809999465942383,26.809999465942383,3222.0
2024-07-03 12:53:00,OMGA,1.909999966621399,1.909999966621399,1.9199999570846558,1.899999976158142,1.899999976158142,14830.0
2024-07-03 12:54:00,ABCL,2.7300000190734863,2.7300000190734863,2.7300000190734863,2.7200000286102295,2.7300000190734863,2812.0
2024-07-03 12:54:00,ABEO,4.320000171661377,4.320000171661377,4.320000171661377,4.315000057220459,4.315000057220459,4341.0
2024-07-03 12:54:00,ABOS,2.369999885559082,2.369999885559082,2.369999885559082,2.365000009536743,2.365000009536743,428.0
2024-07-03 12:54:00,ABSI,3.184999942779541,3.184999942779541,3.190000057220459,3.184999942779541,3.186800003051758,3253.0
2024-07-03 12:54:00,ABUS,3.1600000858306885,3.1600000858306885,3.1600000858306885,3.1549999713897705,3.1549999713897705,7237.0
2024-07-03 12:54:00,ACAD,15.635000228881836,15.635000228881836,15.640000343322754,15.630000114440918,15.640000343322754,2058.0
2024-07-03 12:54:00,ACB,4.900000095367432,4.900000095367432,4.900000095367432,4.894999980926514,4.894999980926514,20564.0
2024-07-03 12:54:00,ACCD,3.565000057220459,3.565000057220459,3.5850000381469727,3.549999952316284,3.549999952316284,14176.0
2024-07-03 12:54:00,ACET,1.0800000429153442,1.0800000429153442,1.0800000429153442,1.0800000429153442,1.0800000429153442,944.0
2024-07-03 12:54:00,ACHC,66.91999816894531,66.91999816894531,67.0199966430664,66.91000366210938,66.95999908447266,6897.0
2024-07-03 12:54:00,ACHV,4.511600017547607,4.511600017547607,4.511600017547607,4.511600017547607,4.511600017547607,2181.0
2024-07-03 12:54:00,ACIU,3.809000015258789,3.809000015258789,3.809000015258789,3.809000015258789,3.809000015258789,353.0
2024-07-03 12:54:00,ACLX,54.779998779296875,54.779998779296875,54.779998779296875,54.720001220703125,54.720001220703125,2076.0
2024-07-03 12:54:00,ACRS,1.149999976158142,1.149999976158142,1.149999976158142,1.149999976158142,1.149999976158142,1210.0
2024-07-03 12:54:00,ADAP,1.0199999809265137,1.0199999809265137,1.0199999809265137,1.0149999856948853,1.0149999856948853,5822.0
2024-07-03 12:54:00,ADMA,11.255000114440918,11.255000114440918,11.255000114440918,11.244999885559082,11.25,10215.0
2024-07-03 12:54:00,ADPT,3.4038000106811523,3.4038000106811523,3.4049999713897705,3.4038000106811523,3.4049999713897705,2877.0
2024-07-03 12:54:00,ADUS,117.44999694824219,117.44999694824219,117.44999694824219,117.44999694824219,117.44999694824219,398.0
2024-07-03 12:54:00,ADVM,7.150000095367432,7.150000095367432,7.150000095367432,7.135000228881836,7.135000228881836,225.0
2024-07-03 12:54:00,AEMD,0.4020000100135803,0.4020000100135803,0.4020000100135803,0.4020000100135803,0.4020000100135803,500.0
2024-07-03 12:54:00,AFMD,5.054999828338623,5.054999828338623,5.070000171661377,5.054999828338623,5.070000171661377,966.0
2024-07-03 12:54:00,AGEN,14.444999694824219,14.444999694824219,14.484999656677246,14.444999694824219,14.484999656677246,773.0
2024-07-03 12:54:00,AGIO,42.119998931884766,42.119998931884766,42.119998931884766,42.0099983215332,42.029998779296875,3198.0
2024-07-03 12:54:00,AHCO,9.720000267028809,9.720000267028809,9.725000381469727,9.720000267028809,9.725000381469727,1626.0
2024-07-03 12:54:00,AIMD,1.0252000093460083,1.0252000093460083,1.0299999713897705,1.0199999809265137,1.0199999809265137,4753.0
2024-07-03 12:54:00,AKAN,2.244999885559082,2.244999885559082,2.244999885559082,2.244999885559082,2.244999885559082,600.0
2024-07-03 12:54:00,AKBA,0.9491999745368958,0.9491999745368958,0.9495000243186951,0.9491999745368958,0.9491999745368958,5253.0
2024-07-03 12:54:00,AKRO,21.985000610351562,21.985000610351562,21.985000610351562,21.985000610351562,21.985000610351562,553.0
2024-07-03 12:54:00,ALDX,3.200000047683716,3.200000047683716,3.200000047683716,3.190000057220459,3.190000057220459,1649.0
2024-07-03 12:54:00,ALEC,4.434999942779541,4.434999942779541,4.440000057220459,4.434999942779541,4.440000057220459,1432.0
2024-07-03 12:54:00,ALGN,243.1199951171875,243.1199951171875,243.5,243.1199951171875,243.35499572753906,8930.0
2024-07-03 12:54:00,ALHC,7.989999771118164,7.989999771118164,7.989999771118164,7.989999771118164,7.989999771118164,1060.0
2024-07-03 12:54:00,ALKS,24.260000228881836,24.260000228881836,24.260000228881836,24.21500015258789,24.21500015258789,8142.0
2024-07-03 12:54:00,ALLK,0.7724000215530396,0.7724000215530396,0.777999997138977,0.7723000049591064,0.7770000100135803,15319.0
2024-07-03 12:54:00,ALLO,2.0999999046325684,2.0999999046325684,2.0999999046325684,2.0899999141693115,2.0950000286102295,3790.0
2024-07-03 12:54:00,ALLR,0.19699999690055847,0.19699999690055847,0.20000000298023224,0.19699999690055847,0.20000000298023224,42695.0
2024-07-03 12:54:00,ALNY,248.47500610351562,248.47500610351562,249.16000366210938,248.47500610351562,249.16000366210938,19098.0
2024-07-03 12:54:00,ALT,6.619999885559082,6.619999885559082,6.619999885559082,6.614999771118164,6.614999771118164,3289.0
2024-07-03 12:54:00,ALVO,12.180000305175781,12.180000305175781,12.180000305175781,12.180000305175781,12.180000305175781,774.0
2024-07-03 12:54:00,ALVR,0.7415000200271606,0.7415000200271606,0.7476999759674072,0.7401000261306763,0.7401000261306763,7245.0
2024-07-03 12:54:00,ALXO,5.639999866485596,5.639999866485596,5.659999847412109,5.639999866485596,5.659999847412109,1289.0
2024-07-03 12:54:00,AMED,97.30500030517578,97.30500030517578,97.30500030517578,97.29000091552734,97.29000091552734,1404.0
2024-07-03 12:54:00,AMGN,308.760009765625,308.760009765625,309.05499267578125,308.760009765625,309.04998779296875,7279.0
2024-07-03 12:54:00,AMLX,1.7599999904632568,1.7599999904632568,1.7699999809265137,1.7599999904632568,1.7649999856948853,3363.0
2024-07-03 12:54:00,AMPH,38.52000045776367,38.52000045776367,38.52799987792969,38.435001373291016,38.435001373291016,7440.0
2024-07-03 12:54:00,AMRN,0.6873000264167786,0.6873000264167786,0.6876999735832214,0.6873000264167786,0.6873000264167786,2004.0
2024-07-03 12:54:00,ANAB,24.959999084472656,24.959999084472656,25.03499984741211,24.959999084472656,25.020000457763672,6410.0
2024-07-03 12:54:00,ANGO,5.699999809265137,5.699999809265137,5.704999923706055,5.699999809265137,5.704999923706055,2475.0
2024-07-03 12:54:00,ANIP,60.82500076293945,60.82500076293945,60.82500076293945,60.82500076293945,60.82500076293945,266.0
2024-07-03 12:54:00,ANNX,4.784999847412109,4.784999847412109,4.789999961853027,4.784999847412109,4.784999847412109,4218.0
2024-07-03 12:54:00,ANTX,2.699899911880493,2.699899911880493,2.700000047683716,2.690000057220459,2.690000057220459,2286.0
2024-07-03 12:54:00,APDN,0.39989998936653137,0.39989998936653137,0.4000000059604645,0.39989998936653137,0.4000000059604645,5793.0
2024-07-03 12:54:00,APLS,35.48500061035156,35.48500061035156,35.529998779296875,35.47999954223633,35.529998779296875,3052.0
2024-07-03 12:54:00,APLT,4.369999885559082,4.369999885559082,4.369999885559082,4.355000019073486,4.360000133514404,16812.0
2024-07-03 12:54:00,AQST,2.4049999713897705,2.4049999713897705,2.4049999713897705,2.4000000953674316,2.4049999713897705,1410.0
2024-07-03 12:54:00,ARAY,1.7350000143051147,1.7350000143051147,1.7400000095367432,1.7350000143051147,1.7400000095367432,1047.0
2024-07-03 12:54:00,ARCT,21.979999542236328,21.979999542236328,22.079999923706055,21.979999542236328,22.03499984741211,6862.0
2024-07-03 12:54:00,ARDX,5.289999961853027,5.289999961853027,5.315000057220459,5.289999961853027,5.309999942779541,95583.0
2024-07-03 12:54:00,ARGX,435.989990234375,435.989990234375,435.989990234375,435.27398681640625,435.27398681640625,1552.0
2024-07-03 12:54:00,ARQT,9.625,9.625,9.640000343322754,9.619999885559082,9.635000228881836,6928.0
2024-07-03 12:54:00,ARVN,24.0,24.0,24.0,23.979999542236328,23.979999542236328,4442.0
2024-07-03 12:54:00,ARWR,25.229999542236328,25.229999542236328,25.229999542236328,25.204999923706055,25.204999923706055,3301.0
2024-07-03 12:54:00,ASMB,12.399999618530273,12.399999618530273,12.399999618530273,12.399999618530273,12.399999618530273,1300.0
2024-07-03 12:54:00,ATAI,1.2899999618530273,1.2899999618530273,1.2899999618530273,1.2799999713897705,1.284999966621399,17513.0
2024-07-03 12:54:00,ATEC,10.0649995803833,10.0649995803833,10.0649995803833,10.0649995803833,10.0649995803833,1397.0
2024-07-03 12:54:00,ATHA,2.5980000495910645,2.5980000495910645,2.5999999046325684,2.5980000495910645,2.5999999046325684,559.0
2024-07-03 12:54:00,ATOS,1.1649999618530273,1.1649999618530273,1.1699999570846558,1.1649999618530273,1.1699999570846558,2871.0
2024-07-03 12:54:00,ATRC,22.479999542236328,22.479999542236328,22.5,22.450000762939453,22.5,5862.0
2024-07-03 12:54:00,ATXS,9.039999961853027,9.039999961853027,9.039999961853027,9.029999732971191,9.039999961853027,2011.0
2024-07-03 12:54:00,AUGX,1.0,1.0,1.0,1.0,1.0,1600.0
2024-07-03 12:54:00,AUPH,5.480299949645996,5.480299949645996,5.489999771118164,5.480299949645996,5.485000133514404,6214.0
2024-07-03 12:54:00,AURA,6.940000057220459,6.940000057220459,6.940000057220459,6.940000057220459,6.940000057220459,126.0
2024-07-03 12:54:00,AUTL,3.4549999237060547,3.4549999237060547,3.4549999237060547,3.450000047683716,3.450000047683716,5006.0
2024-07-03 12:54:00,AVDL,14.539999961853027,14.539999961853027,14.550000190734863,14.529999732971191,14.529999732971191,2808.0
2024-07-03 12:54:00,AVIR,3.2699999809265137,3.2699999809265137,3.2699999809265137,3.2699999809265137,3.2699999809265137,798.0
2024-07-03 12:54:00,AVTE,1.7000000476837158,1.7000000476837158,1.7000000476837158,1.6950000524520874,1.7000000476837158,2665.0
2024-07-03 12:54:00,AVXL,4.139999866485596,4.139999866485596,4.139999866485596,4.139999866485596,4.139999866485596,1062.0
2024-07-03 12:54:00,AXGN,7.599999904632568,7.599999904632568,7.599999904632568,7.59499979019165,7.59499979019165,2630.0
2024-07-03 12:54:00,AXNX,67.5,67.5,67.55000305175781,67.5,67.52999877929688,2858.0
2024-07-03 12:54:00,AXSM,80.06500244140625,80.06500244140625,80.06500244140625,80.01000213623047,80.01000213623047,825.0
2024-07-03 12:54:00,AZN,76.80999755859375,76.80999755859375,76.83000183105469,76.80500030517578,76.80500030517578,34201.0
2024-07-03 12:54:00,AZTA,52.15999984741211,52.15999984741211,52.310001373291016,52.15999984741211,52.310001373291016,2786.0
2024-07-03 12:54:00,BACK,1.6799999475479126,1.6799999475479126,1.6799999475479126,1.6799999475479126,1.6799999475479126,339.0
2024-07-03 12:54:00,BBIO,25.014999389648438,25.014999389648438,25.024999618530273,24.989999771118164,25.010000228881836,9040.0
2024-07-03 12:54:00,BCAB,1.4399000406265259,1.4399000406265259,1.4399000406265259,1.4399000406265259,1.4399000406265259,1438.0
2024-07-03 12:54:00,BCDA,2.930000066757202,2.930000066757202,3.013000011444092,2.930000066757202,3.013000011444092,11619.0
2024-07-03 12:54:00,BCLI,0.3359000086784363,0.3359000086784363,0.350600004196167,0.3359000086784363,0.350600004196167,3021.0
2024-07-03 12:54:00,BCRX,6.454999923706055,6.454999923706055,6.454999923706055,6.451300144195557,6.451300144195557,1744.0
2024-07-03 12:54:00,BCTX,1.0,1.0,1.0,1.0,1.0,201.0
2024-07-03 12:54:00,BCYC,19.770000457763672,19.770000457763672,19.774999618530273,19.770000457763672,19.774999618530273,239.0
2024-07-03 12:54:00,BDTX,4.414999961853027,4.414999961853027,4.425000190734863,4.414999961853027,4.425000190734863,4970.0
2024-07-03 12:54:00,BEAM,23.6200008392334,23.6200008392334,23.670000076293945,23.6200008392334,23.649999618530273,7020.0
2024-07-03 12:54:00,BEAT,2.7300000190734863,2.7300000190734863,2.7300000190734863,2.7300000190734863,2.7300000190734863,837.0
2024-07-03 12:54:00,BGNE,147.875,147.875,148.00900268554688,147.875,147.875,718.0
2024-07-03 12:54:00,BGXX,0.2639999985694885,0.2639999985694885,0.2667999863624573,0.2639999985694885,0.2667999863624573,7930.0
2024-07-03 12:54:00,BIIB,224.75,224.75,224.83999633789062,224.67999267578125,224.72999572753906,2594.0
2024-07-03 12:54:00,BLFS,20.06999969482422,20.06999969482422,20.06999969482422,20.06999969482422,20.06999969482422,895.0
2024-07-03 12:54:00,BLUE,0.9180999994277954,0.9180999994277954,0.9199000000953674,0.9180999994277954,0.9182000160217285,5947.0
2024-07-03 12:54:00,BMEA,4.324999809265137,4.324999809265137,4.329999923706055,4.324999809265137,4.329999923706055,1181.0
2024-07-03 12:54:00,BMRA,0.45010000467300415,0.45010000467300415,0.45010000467300415,0.45010000467300415,0.45010000467300415,634.0
2024-07-03 12:54:00,BMRN,81.06999969482422,81.06999969482422,81.2300033569336,81.0199966430664,81.20999908447266,41392.0
2024-07-03 12:54:00,BNGO,0.5708000063896179,0.5708000063896179,0.5708000063896179,0.5708000063896179,0.5708000063896179,6538.0
2024-07-03 12:54:00,BNTX,79.88999938964844,79.88999938964844,79.88999938964844,79.76010131835938,79.76010131835938,6796.0
2024-07-03 12:54:00,BPMC,109.2750015258789,109.2750015258789,109.2750015258789,109.04499816894531,109.25,3784.0
2024-07-03 12:54:00,BRKR,62.02000045776367,62.02000045776367,62.08000183105469,62.0,62.04999923706055,11613.0
2024-07-03 12:54:00,BTAI,1.0700000524520874,1.0700000524520874,1.0700000524520874,1.0700000524520874,1.0700000524520874,2580.0
2024-07-03 12:54:00,BVS,5.909999847412109,5.909999847412109,5.909999847412109,5.900000095367432,5.909999847412109,12749.0
2024-07-03 12:54:00,BYSI,2.4700000286102295,2.4700000286102295,2.4700000286102295,2.4700000286102295,2.4700000286102295,2213.0
2024-07-03 12:54:00,CABA,7.539999961853027,7.539999961853027,7.539999961853027,7.534999847412109,7.539999961853027,2972.0
2024-07-03 12:54:00,CADL,6.269999980926514,6.269999980926514,6.269999980926514,6.269999980926514,6.269999980926514,471.0
2024-07-03 12:54:00,CCCC,4.630000114440918,4.630000114440918,4.639999866485596,4.625,4.625,4594.0
2024-07-03 12:54:00,CCRN,13.630000114440918,13.630000114440918,13.640000343322754,13.630000114440918,13.640000343322754,1063.0
2024-07-03 12:54:00,CDMO,7.78000020980835,7.78000020980835,7.78000020980835,7.744999885559082,7.75,7793.0
2024-07-03 12:54:00,CDNA,14.979999542236328,14.979999542236328,14.989999771118164,14.979999542236328,14.989999771118164,964.0
2024-07-03 12:54:00,CDXS,2.875,2.875,2.875,2.875,2.875,504.0
2024-07-03 12:54:00,CELC,16.325000762939453,16.325000762939453,16.350000381469727,16.31999969482422,16.350000381469727,830.0
2024-07-03 12:54:00,CELU,3.0399999618530273,3.0399999618530273,3.0399999618530273,3.0399999618530273,3.0399999618530273,157.0
2024-07-03 12:54:00,CERE,40.255001068115234,40.255001068115234,40.275001525878906,40.25,40.25,21329.0
2024-07-03 12:54:00,CERS,1.7100000381469727,1.7100000381469727,1.7100000381469727,1.7100000381469727,1.7100000381469727,1453.0
2024-07-03 12:54:00,CERT,13.8100004196167,13.8100004196167,13.8100004196167,13.795000076293945,13.795000076293945,2921.0
2024-07-03 12:54:00,CGEM,16.84000015258789,16.84000015258789,16.84000015258789,16.792999267578125,16.809999465942383,2859.0
2024-07-03 12:54:00,CGEN,1.6649999618530273,1.6649999618530273,1.6649999618530273,1.659999966621399,1.659999966621399,6706.0
2024-07-03 12:54:00,CGTX,1.8200000524520874,1.8200000524520874,1.8200000524520874,1.7897000312805176,1.7898000478744507,11578.0
2024-07-03 12:54:00,CHRS,1.3799999952316284,1.3799999952316284,1.3849999904632568,1.3799999952316284,1.3849999904632568,6056.0
2024-07-03 12:54:00,CKPT,2.184999942779541,2.184999942779541,2.184999942779541,2.1700000762939453,2.1700000762939453,4583.0
2024-07-03 12:54:00,CLDX,36.060001373291016,36.060001373291016,36.060001373291016,36.060001373291016,36.060001373291016,828.0
2024-07-03 12:54:00,CLOV,1.2549999952316284,1.2549999952316284,1.2599999904632568,1.25,1.2549999952316284,11776.0
2024-07-03 12:54:00,CLPT,5.360000133514404,5.360000133514404,5.360000133514404,5.360000133514404,5.360000133514404,338.0
2024-07-03 12:54:00,CLRB,2.4570000171661377,2.4570000171661377,2.4600000381469727,2.4570000171661377,2.4600000381469727,796.0
2024-07-03 12:54:00,CLSD,1.2450000047683716,1.2450000047683716,1.25,1.2450000047683716,1.2462999820709229,2371.0
2024-07-03 12:54:00,CMAX,2.3499999046325684,2.3499999046325684,2.3499999046325684,2.3499999046325684,2.3499999046325684,30.0
2024-07-03 12:54:00,CMPS,6.289999961853027,6.289999961853027,6.289999961853027,6.289999961853027,6.289999961853027,735.0
2024-07-03 12:54:00,CMPX,0.8199999928474426,0.8199999928474426,0.8199999928474426,0.8199999928474426,0.8199999928474426,2043.0
2024-07-03 12:54:00,CMRX,0.8665000200271606,0.8665000200271606,0.8665000200271606,0.8665000200271606,0.8665000200271606,1485.0
2024-07-03 12:54:00,CNSP,1.3899999856948853,1.3899999856948853,1.3996000289916992,1.3899999856948853,1.3949999809265137,33826.0
2024-07-03 12:54:00,CNTA,8.550000190734863,8.550000190734863,8.579999923706055,8.550000190734863,8.579999923706055,2716.0
2024-07-03 12:54:00,CODX,1.2899999618530273,1.2899999618530273,1.2899999618530273,1.2899999618530273,1.2899999618530273,413.0
2024-07-03 12:54:00,COGT,8.430000305175781,8.430000305175781,8.430000305175781,8.40999984741211,8.428999900817871,2009.0
2024-07-03 12:54:00,COLL,32.43000030517578,32.43000030517578,32.46500015258789,32.43000030517578,32.46500015258789,1827.0
2024-07-03 12:54:00,CORT,30.53499984741211,30.53499984741211,30.53499984741211,30.46500015258789,30.469999313354492,13417.0
2024-07-03 12:54:00,COSM,0.8902999758720398,0.8902999758720398,0.8973000049591064,0.8902999758720398,0.8973000049591064,8505.0
2024-07-03 12:54:00,CPRX,15.359999656677246,15.359999656677246,15.369999885559082,15.359999656677246,15.369999885559082,2756.0
2024-07-03 12:54:00,CRBP,49.68000030517578,49.68000030517578,49.68000030517578,49.68000030517578,49.68000030517578,432.0
2024-07-03 12:54:00,CRBU,1.5950000286102295,1.5950000286102295,1.600000023841858,1.5950000286102295,1.5950000286102295,1380.0
2024-07-03 12:54:00,CRDF,2.244999885559082,2.244999885559082,2.244999885559082,2.244999885559082,2.244999885559082,1064.0
2024-07-03 12:54:00,CRMD,4.144999980926514,4.144999980926514,4.144999980926514,4.144999980926514,4.144999980926514,647.0
2024-07-03 12:54:00,CRNX,44.47999954223633,44.47999954223633,44.55500030517578,44.45000076293945,44.55500030517578,3068.0
2024-07-03 12:54:00,CRON,2.315000057220459,2.315000057220459,2.315000057220459,2.315000057220459,2.315000057220459,1490.0
2024-07-03 12:54:00,CRSP,53.96900177001953,53.96900177001953,54.03499984741211,53.939998626708984,54.03499984741211,3977.0
2024-07-03 12:54:00,CSTL,21.235000610351562,21.235000610351562,21.270000457763672,21.06999969482422,21.06999969482422,12734.0
2024-07-03 12:54:00,CTKB,5.59499979019165,5.59499979019165,5.605000019073486,5.59499979019165,5.599999904632568,13699.0
2024-07-03 12:54:00,CTMX,1.3049999475479126,1.3049999475479126,1.3049999475479126,1.2999999523162842,1.2999999523162842,5309.0
2024-07-03 12:54:00,CTXR,0.4964999854564667,0.4964999854564667,0.5058000087738037,0.4964999854564667,0.5013999938964844,30924.0
2024-07-03 12:54:00,CUE,0.9817000031471252,0.9817000031471252,0.9817000031471252,0.9817000031471252,0.9817000031471252,240.0
2024-07-03 12:54:00,CVAC,3.130000114440918,3.130000114440918,3.174999952316284,3.130000114440918,3.1549999713897705,88398.0
2024-07-03 12:54:00,CYTK,54.58000183105469,54.58000183105469,54.599998474121094,54.540000915527344,54.58000183105469,2347.0
2024-07-03 12:54:00,CYTO,1.149999976158142,1.149999976158142,1.159999966621399,1.149999976158142,1.159999966621399,1085.0
2024-07-03 12:54:00,DAWN,13.529999732971191,13.529999732971191,13.555000305175781,13.520000457763672,13.555000305175781,5143.0
2024-07-03 12:54:00,DBVT,0.5023999810218811,0.5023999810218811,0.5023999810218811,0.5023999810218811,0.5023999810218811,171.0
2024-07-03 12:54:00,DCGO,2.950000047683716,2.950000047683716,2.9549999237060547,2.940000057220459,2.950000047683716,9520.0
2024-07-03 12:54:00,DCTH,7.929999828338623,7.929999828338623,7.945000171661377,7.929999828338623,7.945000171661377,1335.0
2024-07-03 12:54:00,DH,5.364999771118164,5.364999771118164,5.364999771118164,5.360000133514404,5.360099792480469,3007.0
2024-07-03 12:54:00,DNLI,21.440000534057617,21.440000534057617,21.450000762939453,21.440000534057617,21.450000762939453,3214.0
2024-07-03 12:54:00,DRIO,1.1899000406265259,1.1899000406265259,1.190000057220459,1.1799999475479126,1.1799999475479126,3888.0
2024-07-03 12:54:00,DSGN,3.1700000762939453,3.1700000762939453,3.1700000762939453,3.1700000762939453,3.1700000762939453,5521.0
2024-07-03 12:54:00,DTIL,9.32229995727539,9.32229995727539,9.32229995727539,9.32229995727539,9.32229995727539,643.0
2024-07-03 12:54:00,DVAX,11.069999694824219,11.069999694824219,11.088000297546387,11.069999694824219,11.085000038146973,5693.0
2024-07-03 12:54:00,DXCM,111.37999725341797,111.37999725341797,111.55899810791016,111.37999725341797,111.54000091552734,10718.0
2024-07-03 12:54:00,DYN,34.189998626708984,34.189998626708984,34.189998626708984,34.13999938964844,34.150001525878906,2140.0
2024-07-03 12:54:00,EDIT,4.664999961853027,4.664999961853027,4.670000076293945,4.659999847412109,4.664999961853027,1803.0
2024-07-03 12:54:00,ELEV,2.75,2.75,2.75,2.740000009536743,2.744999885559082,13775.0
2024-07-03 12:54:00,ELYM,6.75,6.75,6.75,6.724999904632568,6.739999771118164,1516.0
2024-07-03 12:54:00,EMBC,12.055000305175781,12.055000305175781,12.055000305175781,12.048999786376953,12.048999786376953,2483.0
2024-07-03 12:54:00,ENSG,126.66000366210938,126.66000366210938,126.83999633789062,126.66000366210938,126.83000183105469,4767.0
2024-07-03 12:54:00,ENTA,13.130000114440918,13.130000114440918,13.130000114440918,13.119999885559082,13.119999885559082,719.0
2024-07-03 12:54:00,EOLS,11.005000114440918,11.005000114440918,11.005000114440918,10.994999885559082,11.0,1556.0
2024-07-03 12:54:00,ERAS,2.200000047683716,2.200000047683716,2.200000047683716,2.200000047683716,2.200000047683716,496.0
2024-07-03 12:54:00,ESPR,2.365000009536743,2.365000009536743,2.369999885559082,2.365000009536743,2.365000009536743,17790.0
2024-07-03 12:54:00,ETNB,7.449999809265137,7.449999809265137,7.46999979019165,7.440000057220459,7.46999979019165,2313.0
2024-07-03 12:54:00,EVOK,0.574999988079071,0.574999988079071,0.574999988079071,0.5740000009536743,0.574999988079071,1300.0
2024-07-03 12:54:00,EWTX,18.281200408935547,18.281200408935547,18.31999969482422,18.25,18.31999969482422,10792.0
2024-07-03 12:54:00,EXAI,5.375,5.375,5.39300012588501,5.375,5.375,2373.0
2024-07-03 12:54:00,EXAS,43.209999084472656,43.209999084472656,43.27000045776367,43.20000076293945,43.27000045776367,7794.0
2024-07-03 12:54:00,EXEL,21.975000381469727,21.975000381469727,21.979999542236328,21.959999084472656,21.975000381469727,8527.0
2024-07-03 12:54:00,EYEN,0.7580999732017517,0.7580999732017517,0.7598999738693237,0.7580999732017517,0.7598999738693237,1299.0
2024-07-03 12:54:00,EYPT,8.619999885559082,8.619999885559082,8.65999984741211,8.619999885559082,8.640000343322754,10188.0
2024-07-03 12:54:00,FATE,3.174999952316284,3.174999952316284,3.174999952316284,3.1700000762939453,3.1700000762939453,4996.0
2024-07-03 12:54:00,FDMT,20.899999618530273,20.899999618530273,20.920000076293945,20.889999389648438,20.889999389648438,3477.0
2024-07-03 12:54:00,FENC,6.005000114440918,6.005000114440918,6.005000114440918,6.005000114440918,6.005000114440918,547.0
2024-07-03 12:54:00,FGEN,0.7073000073432922,0.7073000073432922,0.7089999914169312,0.7067000269889832,0.7089999914169312,49465.0
2024-07-03 12:54:00,FHTX,5.570000171661377,5.570000171661377,5.570000171661377,5.510000228881836,5.510000228881836,1051.0
2024-07-03 12:54:00,FOLD,9.864999771118164,9.864999771118164,9.864999771118164,9.864999771118164,9.864999771118164,1282.0
2024-07-03 12:54:00,FULC,6.164999961853027,6.164999961853027,6.170000076293945,6.164999961853027,6.164999961853027,1117.0
2024-07-03 12:54:00,GALT,2.1500000953674316,2.1500000953674316,2.1500000953674316,2.1500000953674316,2.1500000953674316,516.0
2024-07-03 12:54:00,GDRX,7.820000171661377,7.820000171661377,7.820000171661377,7.809999942779541,7.815000057220459,2868.0
2024-07-03 12:54:00,GERN,4.349999904632568,4.349999904632568,4.349999904632568,4.343500137329102,4.34499979019165,6931.0
2024-07-03 12:54:00,GH,28.479999542236328,28.479999542236328,28.489999771118164,28.46500015258789,28.46500015258789,3682.0
2024-07-03 12:54:00,GHRS,11.859999656677246,11.859999656677246,11.859999656677246,11.859999656677246,11.859999656677246,422.0
2024-07-03 12:54:00,GILD,66.75,66.75,66.86499786376953,66.74970245361328,66.8499984741211,36475.0
2024-07-03 12:54:00,GLPG,24.920000076293945,24.920000076293945,24.920000076293945,24.920000076293945,24.920000076293945,734.0
2024-07-03 12:54:00,GLUE,3.890000104904175,3.890000104904175,3.890000104904175,3.890000104904175,3.890000104904175,1944.0
2024-07-03 12:54:00,GLYC,0.273499995470047,0.273499995470047,0.273499995470047,0.273499995470047,0.273499995470047,1512.0
2024-07-03 12:54:00,GNPX,1.9000999927520752,1.9000999927520752,1.9000999927520752,1.9000999927520752,1.9000999927520752,144.0
2024-07-03 12:54:00,GOSS,1.0049999952316284,1.0049999952316284,1.0199999809265137,1.0,1.0149999856948853,63308.0
2024-07-03 12:54:00,GOVX,2.9200000762939453,2.9200000762939453,2.9200000762939453,2.912100076675415,2.912100076675415,866.0
2024-07-03 12:54:00,GRFS,6.664999961853027,6.664999961853027,6.675000190734863,6.664999961853027,6.675000190734863,3870.0
2024-07-03 12:54:00,GRTS,0.5688999891281128,0.5688999891281128,0.5698999762535095,0.5677000284194946,0.5677000284194946,5300.0
2024-07-03 12:54:00,GTHX,2.5799999237060547,2.5799999237060547,2.5799999237060547,2.575000047683716,2.575000047683716,1256.0
2024-07-03 12:54:00,HALO,52.15999984741211,52.15999984741211,52.25,52.150001525878906,52.209999084472656,7904.0
2024-07-03 12:54:00,HBIO,2.779099941253662,2.779099941253662,2.779099941253662,2.759999990463257,2.759999990463257,1976.0
2024-07-03 12:54:00,HCAT,6.199999809265137,6.199999809265137,6.199999809265137,6.190000057220459,6.190000057220459,1059.0
2024-07-03 12:54:00,HCSG,10.664999961853027,10.664999961853027,10.6899995803833,10.664999961853027,10.6899995803833,4214.0
2024-07-03 12:54:00,HOLX,73.43250274658203,73.43250274658203,73.53500366210938,73.41999816894531,73.5,24886.0
2024-07-03 12:54:00,HOOK,0.5789999961853027,0.5789999961853027,0.5789999961853027,0.5789999961853027,0.5789999961853027,140.0
2024-07-03 12:54:00,HQY,83.81999969482422,83.81999969482422,83.81999969482422,83.75,83.75,3923.0
2024-07-03 12:54:00,HRMY,30.84000015258789,30.84000015258789,30.8700008392334,30.790000915527344,30.799999237060547,8276.0
2024-07-03 12:54:00,HROW,21.475000381469727,21.475000381469727,21.475000381469727,21.469999313354492,21.469999313354492,1076.0
2024-07-03 12:54:00,HRTX,2.778899908065796,2.778899908065796,2.778899908065796,2.7599000930786133,2.759999990463257,26290.0
2024-07-03 12:54:00,HSIC,64.9000015258789,64.9000015258789,65.01799774169922,64.9000015258789,65.01000213623047,10022.0
2024-07-03 12:54:00,HSTM,27.6200008392334,27.6200008392334,27.6200008392334,27.6200008392334,27.6200008392334,537.0
2024-07-03 12:54:00,HUMA,5.690000057220459,5.690000057220459,5.75,5.675000190734863,5.747099876403809,52058.0
2024-07-03 12:54:00,IART,28.670000076293945,28.670000076293945,28.700000762939453,28.639999389648438,28.648000717163086,7824.0
2024-07-03 12:54:00,IBRX,6.284999847412109,6.284999847412109,6.284999847412109,6.275000095367432,6.275000095367432,4243.0
2024-07-03 12:54:00,ICAD,1.2400000095367432,1.2400000095367432,1.2400000095367432,1.2400000095367432,1.2400000095367432,2139.0
2024-07-03 12:54:00,ICLR,317.8399963378906,317.8399963378906,318.04998779296875,317.8299865722656,318.04998779296875,4432.0
2024-07-03 12:54:00,ICUI,117.76000213623047,117.76000213623047,117.8499984741211,117.76000213623047,117.8499984741211,2870.0
2024-07-03 12:54:00,IDXX,479.05999755859375,479.05999755859375,479.42999267578125,479.05999755859375,479.42999267578125,2704.0
2024-07-03 12:54:00,IDYA,33.31999969482422,33.31999969482422,33.33000183105469,33.2599983215332,33.279998779296875,5456.0
2024-07-03 12:54:00,IGMS,6.510000228881836,6.510000228881836,6.510000228881836,6.489999771118164,6.489999771118164,1546.0
2024-07-03 12:54:00,IKNA,1.6449999809265137,1.6449999809265137,1.6449999809265137,1.6449999809265137,1.6449999809265137,200.0
2024-07-03 12:54:00,ILMN,105.88500213623047,105.88500213623047,106.00499725341797,105.88500213623047,105.9749984741211,9488.0
2024-07-03 12:54:00,IMAB,1.5099999904632568,1.5099999904632568,1.5099999904632568,1.5099999904632568,1.5099999904632568,710.0
2024-07-03 12:54:00,IMCR,35.97999954223633,35.97999954223633,36.0099983215332,35.970001220703125,36.0099983215332,748.0
2024-07-03 12:54:00,IMMX,2.380000114440918,2.380000114440918,2.390000104904175,2.369999885559082,2.369999885559082,4180.0
2024-07-03 12:54:00,IMNM,12.130000114440918,12.130000114440918,12.130000114440918,12.109999656677246,12.109999656677246,2452.0
2024-07-03 12:54:00,IMTX,11.779999732971191,11.779999732971191,11.789999961853027,11.779999732971191,11.789999961853027,1784.0
2024-07-03 12:54:00,IMUX,1.149899959564209,1.149899959564209,1.149899959564209,1.149899959564209,1.149899959564209,400.0
2024-07-03 12:54:00,IMVT,26.200000762939453,26.200000762939453,26.229999542236328,26.170000076293945,26.170000076293945,5620.0
2024-07-03 12:54:00,INAB,0.7985000014305115,0.7985000014305115,0.7985000014305115,0.7985000014305115,0.7985000014305115,1328.0
2024-07-03 12:54:00,INBX,13.359999656677246,13.359999656677246,13.359999656677246,13.350000381469727,13.350000381469727,1720.0
2024-07-03 12:54:00,INCY,57.82500076293945,57.82500076293945,57.849998474121094,57.790000915527344,57.790000915527344,18090.0
2024-07-03 12:54:00,INGN,8.050000190734863,8.050000190734863,8.050000190734863,8.039999961853027,8.039999961853027,1344.0
2024-07-03 12:54:00,INMB,8.010000228881836,8.010000228881836,8.010000228881836,8.010000228881836,8.010000228881836,336.0
2024-07-03 12:54:00,INMD,17.514999389648438,17.514999389648438,17.520000457763672,17.510000228881836,17.514999389648438,5054.0
2024-07-03 12:54:00,INO,8.34000015258789,8.34000015258789,8.34000015258789,8.34000015258789,8.34000015258789,490.0
2024-07-03 12:54:00,INSM,62.290000915527344,62.290000915527344,62.33000183105469,62.2599983215332,62.31999969482422,10421.0
2024-07-03 12:54:00,INVA,16.354999542236328,16.354999542236328,16.354999542236328,16.334999084472656,16.334999084472656,2894.0
2024-07-03 12:54:00,INZY,4.5,4.5,4.5,4.489999771118164,4.489999771118164,1127.0
2024-07-03 12:54:00,IONS,45.599998474121094,45.599998474121094,45.650001525878906,45.58000183105469,45.604000091552734,5556.0
2024-07-03 12:54:00,IOVA,7.360000133514404,7.360000133514404,7.369999885559082,7.335000038146973,7.360000133514404,79105.0
2024-07-03 12:54:00,IPA,1.0,1.0,1.0,1.0,1.0,1721.0
2024-07-03 12:54:00,IPSC,2.25,2.25,2.25,2.2200000286102295,2.2200000286102295,1313.0
2024-07-03 12:54:00,IRTC,97.7300033569336,97.7300033569336,97.7300033569336,97.31999969482422,97.31999969482422,4182.0
2024-07-03 12:54:00,IRWD,6.139999866485596,6.139999866485596,6.150000095367432,6.114999771118164,6.114999771118164,50386.0
2024-07-03 12:54:00,ISPC,0.27570000290870667,0.27570000290870667,0.27570000290870667,0.27570000290870667,0.27570000290870667,603.0
2024-07-03 12:54:00,ISRG,434.67999267578125,434.67999267578125,434.9599914550781,434.4750061035156,434.9599914550781,11163.0
2024-07-03 12:54:00,ITCI,68.9800033569336,68.9800033569336,69.06999969482422,68.9800033569336,69.05999755859375,2326.0
2024-07-03 12:54:00,IVVD,1.0950000286102295,1.0950000286102295,1.0950000286102295,1.0950000286102295,1.0950000286102295,985.0
2024-07-03 12:54:00,JANX,38.59000015258789,38.59000015258789,38.595001220703125,38.5099983215332,38.595001220703125,11681.0
2024-07-03 12:54:00,JAZZ,103.62999725341797,103.62999725341797,103.63999938964844,103.47000122070312,103.47000122070312,9240.0
2024-07-03 12:54:00,KALV,11.720000267028809,11.720000267028809,11.734999656677246,11.720000267028809,11.734999656677246,1078.0
2024-07-03 12:54:00,KMDA,5.110000133514404,5.110000133514404,5.110000133514404,5.110000133514404,5.110000133514404,645.0
2024-07-03 12:54:00,KNSA,19.100000381469727,19.100000381469727,19.100000381469727,19.084999084472656,19.084999084472656,991.0
2024-07-03 12:54:00,KOD,2.200000047683716,2.200000047683716,2.2049999237060547,2.200000047683716,2.200000047683716,1172.0
2024-07-03 12:54:00,KPTI,0.8287000060081482,0.8287000060081482,0.8287000060081482,0.8287000060081482,0.8287000060081482,599.0
2024-07-03 12:54:00,KRMD,2.509999990463257,2.509999990463257,2.509999990463257,2.509999990463257,2.509999990463257,0.0
2024-07-03 12:54:00,KROS,42.43000030517578,42.43000030517578,42.47999954223633,42.43000030517578,42.47999954223633,2311.0
2024-07-03 12:54:00,KRYS,177.05250549316406,177.05250549316406,177.17999267578125,177.05250549316406,177.1300048828125,3195.0
2024-07-03 12:54:00,KTRA,0.2759000062942505,0.2759000062942505,0.2759000062942505,0.2759000062942505,0.2759000062942505,3200.0
2024-07-03 12:54:00,KURA,20.15999984741211,20.15999984741211,20.18000030517578,20.155000686645508,20.155000686645508,4431.0
2024-07-03 12:54:00,KYMR,30.399999618530273,30.399999618530273,30.549999237060547,30.399999618530273,30.540000915527344,6324.0
2024-07-03 12:54:00,KZR,0.5782999992370605,0.5782999992370605,0.5782999992370605,0.5782999992370605,0.5782999992370605,200.0
2024-07-03 12:54:00,LAB,1.8700000047683716,1.8700000047683716,1.8700000047683716,1.8650000095367432,1.8700000047683716,10946.0
2024-07-03 12:54:00,LBPH,31.604999542236328,31.604999542236328,31.65999984741211,31.440000534057617,31.530000686645508,18710.0
2024-07-03 12:54:00,LEGN,45.9900016784668,45.9900016784668,46.040000915527344,45.9900016784668,46.0,3821.0
2024-07-03 12:54:00,LFMD,6.784999847412109,6.784999847412109,6.784999847412109,6.78000020980835,6.78000020980835,2381.0
2024-07-03 12:54:00,LFST,5.079999923706055,5.079999923706055,5.085000038146973,5.079999923706055,5.079999923706055,2576.0
2024-07-03 12:54:00,LGND,82.50499725341797,82.50499725341797,82.50499725341797,82.50499725341797,82.50499725341797,906.0
2024-07-03 12:54:00,LGVN,1.6196000576019287,1.6196000576019287,1.6196000576019287,1.6196000576019287,1.6196000576019287,699.0
2024-07-03 12:54:00,LIVN,52.90999984741211,52.90999984741211,52.90999984741211,52.775001525878906,52.790000915527344,21506.0
2024-07-03 12:54:00,LNTH,79.7699966430664,79.7699966430664,79.81999969482422,79.75,79.80000305175781,1703.0
2024-07-03 12:54:00,LOGC,5.760000228881836,5.760000228881836,5.760000228881836,5.760000228881836,5.760000228881836,621.0
2024-07-03 12:54:00,LQDA,11.970000267028809,11.970000267028809,11.975000381469727,11.970000267028809,11.975000381469727,1194.0
2024-07-03 12:54:00,LRMR,7.639999866485596,7.639999866485596,7.659999847412109,7.639999866485596,7.659999847412109,2308.0
2024-07-03 12:54:00,LTRN,4.260000228881836,4.260000228881836,4.260000228881836,4.260000228881836,4.260000228881836,956.0
2024-07-03 12:54:00,LUCY,0.461899995803833,0.461899995803833,0.461899995803833,0.4616999924182892,0.4616999924182892,980.0
2024-07-03 12:54:00,LUNG,6.340000152587891,6.340000152587891,6.340000152587891,6.340000152587891,6.340000152587891,336.0
2024-07-03 12:54:00,LVTX,1.8200000524520874,1.8200000524520874,1.8200000524520874,1.8200000524520874,1.8200000524520874,860.0
2024-07-03 12:54:00,LXRX,1.649999976158142,1.649999976158142,1.649999976158142,1.6399999856948853,1.6449999809265137,3835.0
2024-07-03 12:54:00,LYEL,1.5049999952316284,1.5049999952316284,1.5099999904632568,1.5049999952316284,1.5099999904632568,5261.0
2024-07-03 12:54:00,MASI,114.25,114.25,114.5,114.25,114.48999786376953,6430.0
2024-07-03 12:54:00,MBIO,0.48829999566078186,0.48829999566078186,0.48829999566078186,0.4830999970436096,0.48660001158714294,46082.0
2024-07-03 12:54:00,MCRB,0.7257999777793884,0.7257999777793884,0.7257999777793884,0.7257999777793884,0.7257999777793884,1504.0
2024-07-03 12:54:00,MDWD,14.640000343322754,14.640000343322754,14.640000343322754,14.630000114440918,14.630000114440918,1277.0
2024-07-03 12:54:00,MDXG,6.818999767303467,6.818999767303467,6.818999767303467,6.815000057220459,6.815000057220459,2312.0
2024-07-03 12:54:00,ME,0.41589999198913574,0.41589999198913574,0.41589999198913574,0.41339999437332153,0.41359999775886536,15921.0
2024-07-03 12:54:00,MEDP,404.3900146484375,404.3900146484375,405.07000732421875,404.3900146484375,404.94000244140625,4286.0
2024-07-03 12:54:00,MEDS,17.81999969482422,17.81999969482422,17.81999969482422,17.81999969482422,17.81999969482422,112.0
2024-07-03 12:54:00,MGNX,4.204999923706055,4.204999923706055,4.210000038146973,4.204999923706055,4.210000038146973,1585.0
2024-07-03 12:54:00,MGTX,4.010000228881836,4.010000228881836,4.010000228881836,4.010000228881836,4.010000228881836,1311.0
2024-07-03 12:54:00,MIRM,33.880001068115234,33.880001068115234,33.959999084472656,33.880001068115234,33.959999084472656,2712.0
2024-07-03 12:54:00,MLTX,42.369998931884766,42.369998931884766,42.39500045776367,42.33000183105469,42.33000183105469,836.0
2024-07-03 12:54:00,MMSI,85.9800033569336,85.9800033569336,86.0,85.92330169677734,85.9801025390625,3560.0
2024-07-03 12:54:00,MNKD,5.039999961853027,5.039999961853027,5.039999961853027,5.034999847412109,5.039999961853027,2332.0
2024-07-03 12:54:00,MNMD,7.119999885559082,7.119999885559082,7.119999885559082,7.09499979019165,7.09499979019165,8910.0
2024-07-03 12:54:00,MODD,1.3701000213623047,1.3701000213623047,1.3701000213623047,1.3701000213623047,1.3701000213623047,19584.0
2024-07-03 12:54:00,MODV,27.3700008392334,27.3700008392334,27.399999618530273,27.3700008392334,27.399999618530273,1137.0
2024-07-03 12:54:00,MREO,3.569999933242798,3.569999933242798,3.569999933242798,3.569999933242798,3.569999933242798,126.0
2024-07-03 12:54:00,MRNA,116.16500091552734,116.16500091552734,116.375,116.12000274658203,116.33999633789062,9597.0
2024-07-03 12:54:00,MRSN,1.8450000286102295,1.8450000286102295,1.8450000286102295,1.8350000381469727,1.8350000381469727,7360.0
2024-07-03 12:54:00,MRUS,52.974998474121094,52.974998474121094,53.0099983215332,52.869998931884766,52.904998779296875,8505.0
2024-07-03 12:54:00,MRVI,7.025000095367432,7.025000095367432,7.034999847412109,7.010000228881836,7.010000228881836,12241.0
2024-07-03 12:54:00,MXCT,3.7850000858306885,3.7850000858306885,3.7850000858306885,3.7799999713897705,3.7799999713897705,1432.0
2024-07-03 12:54:00,MYGN,25.040000915527344,25.040000915527344,25.040000915527344,25.010000228881836,25.010000228881836,2982.0
2024-07-03 12:54:00,NARI,50.084999084472656,50.084999084472656,50.130001068115234,50.04999923706055,50.04999923706055,6515.0
2024-07-03 12:54:00,NBIX,138.16000366210938,138.16000366210938,138.19000244140625,138.0800018310547,138.10000610351562,4760.0
2024-07-03 12:54:00,NDRA,0.08950000256299973,0.08950000256299973,0.08990000188350677,0.08910000324249268,0.08990000188350677,6144.0
2024-07-03 12:54:00,NEO,13.744999885559082,13.744999885559082,13.75,13.734999656677246,13.734999656677246,2690.0
2024-07-03 12:54:00,NEOG,15.170000076293945,15.170000076293945,15.199999809265137,15.170000076293945,15.194999694824219,20071.0
2024-07-03 12:54:00,NKTR,1.3200000524520874,1.3200000524520874,1.3200000524520874,1.311400055885315,1.3200000524520874,6841.0
2024-07-03 12:54:00,NKTX,5.385000228881836,5.385000228881836,5.385000228881836,5.384300231933594,5.384300231933594,1011.0
2024-07-03 12:54:00,NLSP,0.20170000195503235,0.20170000195503235,0.20170000195503235,0.20170000195503235,0.20170000195503235,2145.0
2024-07-03 12:54:00,NOTV,1.690000057220459,1.690000057220459,1.690000057220459,1.690000057220459,1.690000057220459,375.0
2024-07-03 12:54:00,NPCE,7.260000228881836,7.260000228881836,7.260000228881836,7.260000228881836,7.260000228881836,159.0
2024-07-03 12:54:00,NRC,22.989999771118164,22.989999771118164,22.989999771118164,22.989999771118164,22.989999771118164,200.0
2024-07-03 12:54:00,NRIX,19.584999084472656,19.584999084472656,19.584999084472656,19.549999237060547,19.55500030517578,2461.0
2024-07-03 12:54:00,NRSN,1.3300000429153442,1.3300000429153442,1.3300000429153442,1.3300000429153442,1.3300000429153442,212.0
2024-07-03 12:54:00,NTLA,22.924999237060547,22.924999237060547,22.940000534057617,22.899999618530273,22.905000686645508,7907.0
2024-07-03 12:54:00,NTRA,111.83000183105469,111.83000183105469,112.05000305175781,111.77999877929688,111.9000015258789,8931.0
2024-07-03 12:54:00,NUTX,5.369999885559082,5.369999885559082,5.369999885559082,5.369999885559082,5.369999885559082,225.0
2024-07-03 12:54:00,NUVL,72.33999633789062,72.33999633789062,72.54000091552734,72.33999633789062,72.5,5949.0
2024-07-03 12:54:00,NVAX,12.534000396728516,12.534000396728516,12.579999923706055,12.524999618530273,12.574999809265137,22298.0
2024-07-03 12:54:00,NVCR,16.899999618530273,16.899999618530273,16.915000915527344,16.889999389648438,16.915000915527344,7345.0
2024-07-03 12:54:00,OCGN,1.649899959564209,1.649899959564209,1.649999976158142,1.6449999809265137,1.649999976158142,4523.0
2024-07-03 12:54:00,OCUL,6.690000057220459,6.690000057220459,6.699999809265137,6.684999942779541,6.699999809265137,9434.0
2024-07-03 12:54:00,OFIX,13.59000015258789,13.59000015258789,13.59000015258789,13.59000015258789,13.59000015258789,485.0
2024-07-03 12:54:00,OGI,1.5750000476837158,1.5750000476837158,1.5750000476837158,1.5750000476837158,1.5750000476837158,614.0
2024-07-03 12:54:00,OLMA,10.59000015258789,10.59000015258789,10.59000015258789,10.5600004196167,10.5600004196167,1929.0
2024-07-03 12:54:00,OM,3.869999885559082,3.869999885559082,3.875,3.869999885559082,3.869999885559082,2380.0
2024-07-03 12:54:00,OMCL,26.84000015258789,26.84000015258789,26.899999618530273,26.84000015258789,26.84000015258789,2584.0
2024-07-03 12:55:00,ABCL,2.7149999141693115,2.7149999141693115,2.7249999046325684,2.7149999141693115,2.7249999046325684,23036.0
2024-07-03 12:55:00,ABEO,4.329999923706055,4.329999923706055,4.329999923706055,4.329999923706055,4.329999923706055,379.0
2024-07-03 12:55:00,ABOS,2.369999885559082,2.369999885559082,2.369999885559082,2.365000009536743,2.369999885559082,1425.0
2024-07-03 12:55:00,ABSI,3.180000066757202,3.180000066757202,3.200000047683716,3.180000066757202,3.190000057220459,14964.0
2024-07-03 12:55:00,ABUS,3.1549999713897705,3.1549999713897705,3.1600000858306885,3.1549999713897705,3.1600000858306885,882.0
2024-07-03 12:55:00,ACAD,15.604999542236328,15.604999542236328,15.630000114440918,15.600000381469727,15.630000114440918,7684.0
2024-07-03 12:55:00,ACB,4.885000228881836,4.885000228881836,4.90500020980835,4.885000228881836,4.90500020980835,5710.0
2024-07-03 12:55:00,ACCD,3.555000066757202,3.555000066757202,3.565000057220459,3.549999952316284,3.565000057220459,11713.0
2024-07-03 12:55:00,ACET,1.0800000429153442,1.0800000429153442,1.0800000429153442,1.0800000429153442,1.0800000429153442,2115.0
2024-07-03 12:55:00,ACHC,66.79000091552734,66.79000091552734,66.9000015258789,66.79000091552734,66.9000015258789,5263.0
2024-07-03 12:55:00,ACLX,55.040000915527344,55.040000915527344,55.1150016784668,54.79999923706055,54.79999923706055,12914.0
2024-07-03 12:55:00,ACON,0.2939000129699707,0.2939000129699707,0.2939000129699707,0.2939000129699707,0.2939000129699707,189.0
2024-07-03 12:55:00,ACRS,1.149999976158142,1.149999976158142,1.1549999713897705,1.149999976158142,1.149999976158142,4416.0
2024-07-03 12:55:00,ADAP,1.0298000574111938,1.0298000574111938,1.0298000574111938,1.0198999643325806,1.0199999809265137,15980.0
2024-07-03 12:55:00,ADMA,11.234999656677246,11.234999656677246,11.255000114440918,11.234999656677246,11.255000114440918,9346.0
2024-07-03 12:55:00,ADPT,3.390000104904175,3.390000104904175,3.4049999713897705,3.390000104904175,3.4049999713897705,16899.0
2024-07-03 12:55:00,ADUS,117.27999877929688,117.27999877929688,117.36000061035156,117.27999877929688,117.36000061035156,1714.0
2024-07-03 12:55:00,ADVM,7.135000228881836,7.135000228881836,7.150000095367432,7.130000114440918,7.150000095367432,2115.0
2024-07-03 12:55:00,AEMD,0.4023999869823456,0.4023999869823456,0.4023999869823456,0.4023999869823456,0.4023999869823456,0.0
2024-07-03 12:55:00,AFMD,5.064000129699707,5.064000129699707,5.064000129699707,5.054999828338623,5.054999828338623,610.0
2024-07-03 12:55:00,AGEN,14.5,14.5,14.5,14.479999542236328,14.489999771118164,5521.0
2024-07-03 12:55:00,AGIO,42.136600494384766,42.136600494384766,42.18000030517578,42.099998474121094,42.130001068115234,4876.0
2024-07-03 12:55:00,AHCO,9.710000038146973,9.710000038146973,9.71500015258789,9.704999923706055,9.704999923706055,4858.0
2024-07-03 12:55:00,AIMD,1.0199999809265137,1.0199999809265137,1.0299999713897705,1.0199999809265137,1.0219999551773071,6203.0
2024-07-03 12:55:00,AKBA,0.948199987411499,0.948199987411499,0.9496999979019165,0.948199987411499,0.948199987411499,5359.0
2024-07-03 12:55:00,AKRO,21.940000534057617,21.940000534057617,22.0,21.940000534057617,22.0,4979.0
2024-07-03 12:55:00,AKYA,2.130000114440918,2.130000114440918,2.140000104904175,2.130000114440918,2.140000104904175,1680.0
2024-07-03 12:55:00,ALEC,4.440000057220459,4.440000057220459,4.440000057220459,4.434999942779541,4.440000057220459,907.0
2024-07-03 12:55:00,ALGN,243.33999633789062,243.33999633789062,243.52999877929688,243.10000610351562,243.11000061035156,9566.0
2024-07-03 12:55:00,ALHC,7.974999904632568,7.974999904632568,7.989999771118164,7.974999904632568,7.989999771118164,3942.0
2024-07-03 12:55:00,ALIM,5.525000095367432,5.525000095367432,5.525000095367432,5.525000095367432,5.525000095367432,877.0
2024-07-03 12:55:00,ALKS,24.239999771118164,24.239999771118164,24.260000228881836,24.229999542236328,24.260000228881836,11397.0
2024-07-03 12:55:00,ALLK,0.7663000226020813,0.7663000226020813,0.7752000093460083,0.7652000188827515,0.7732999920845032,9157.0
2024-07-03 12:55:00,ALLO,2.0950000286102295,2.0950000286102295,2.0999999046325684,2.0899999141693115,2.0950000286102295,5889.0
2024-07-03 12:55:00,ALLR,0.19850000739097595,0.19850000739097595,0.19949999451637268,0.19750000536441803,0.19750000536441803,37517.0
2024-07-03 12:55:00,ALNY,248.24000549316406,248.24000549316406,248.47500610351562,248.10000610351562,248.47500610351562,2335.0
2024-07-03 12:55:00,ALRN,2.8299999237060547,2.8299999237060547,2.8499999046325684,2.809999942779541,2.809999942779541,2946.0
2024-07-03 12:55:00,ALT,6.625,6.625,6.644999980926514,6.625,6.630000114440918,16082.0
2024-07-03 12:55:00,ALVO,12.1899995803833,12.1899995803833,12.1899995803833,12.180000305175781,12.1899995803833,821.0
2024-07-03 12:55:00,ALVR,0.7351999878883362,0.7351999878883362,0.7351999878883362,0.7351999878883362,0.7351999878883362,0.0
2024-07-03 12:55:00,ALXO,5.650000095367432,5.650000095367432,5.650000095367432,5.650000095367432,5.650000095367432,811.0
2024-07-03 12:55:00,AMED,97.16999816894531,97.16999816894531,97.23999786376953,97.16999816894531,97.23999786376953,1859.0
2024-07-03 12:55:00,AMGN,309.3699951171875,309.3699951171875,309.3800048828125,308.8800048828125,308.8800048828125,11418.0
2024-07-03 12:55:00,AMLX,1.7699999809265137,1.7699999809265137,1.7699999809265137,1.7649999856948853,1.7699999809265137,2143.0
2024-07-03 12:55:00,AMPH,38.47010040283203,38.47010040283203,38.51499938964844,38.47010040283203,38.5099983215332,2442.0
2024-07-03 12:55:00,AMRN,0.6876000165939331,0.6876000165939331,0.6876999735832214,0.6872000098228455,0.6876999735832214,2696.0
2024-07-03 12:55:00,ANAB,24.969999313354492,24.969999313354492,24.969999313354492,24.969999313354492,24.969999313354492,1083.0
2024-07-03 12:55:00,ANGO,5.699999809265137,5.699999809265137,5.699999809265137,5.695000171661377,5.695000171661377,1420.0
2024-07-03 12:55:00,ANIP,60.77000045776367,60.77000045776367,60.81999969482422,60.744998931884766,60.81999969482422,3647.0
2024-07-03 12:55:00,ANIX,2.2699999809265137,2.2699999809265137,2.2699999809265137,2.2630999088287354,2.2630999088287354,477.0
2024-07-03 12:55:00,ANNX,4.784999847412109,4.784999847412109,4.789999961853027,4.78000020980835,4.784999847412109,14348.0
2024-07-03 12:55:00,ANTX,2.6886000633239746,2.6886000633239746,2.700000047683716,2.6886000633239746,2.690000057220459,3819.0
2024-07-03 12:55:00,APLS,35.44499969482422,35.44499969482422,35.5099983215332,35.43000030517578,35.5099983215332,4355.0
2024-07-03 12:55:00,APLT,4.364999771118164,4.364999771118164,4.364999771118164,4.364999771118164,4.364999771118164,1575.0
2024-07-03 12:55:00,AQST,2.4100000858306885,2.4100000858306885,2.4100000858306885,2.4049999713897705,2.4100000858306885,1452.0
2024-07-03 12:55:00,ARAY,1.7350000143051147,1.7350000143051147,1.7350000143051147,1.7350000143051147,1.7350000143051147,3956.0
2024-07-03 12:55:00,ARCT,21.979999542236328,21.979999542236328,21.979999542236328,21.969999313354492,21.979999542236328,2700.0
2024-07-03 12:55:00,ARDX,5.28000020980835,5.28000020980835,5.295000076293945,5.28000020980835,5.289999961853027,41477.0
2024-07-03 12:55:00,ARGX,435.7900085449219,435.7900085449219,435.7900085449219,435.760009765625,435.760009765625,1935.0
2024-07-03 12:55:00,ARQT,9.600000381469727,9.600000381469727,9.619999885559082,9.600000381469727,9.619999885559082,11246.0
2024-07-03 12:55:00,ARVN,23.940000534057617,23.940000534057617,23.979999542236328,23.940000534057617,23.979999542236328,3057.0
2024-07-03 12:55:00,ARWR,25.149999618530273,25.149999618530273,25.219999313354492,25.149999618530273,25.219999313354492,4750.0
2024-07-03 12:55:00,ASLN,2.390000104904175,2.390000104904175,2.390000104904175,2.3399999141693115,2.3399999141693115,7068.0
2024-07-03 12:55:00,ASND,134.81500244140625,134.81500244140625,134.8249969482422,134.67999267578125,134.67999267578125,1307.0
2024-07-03 12:55:00,ASRT,1.3550000190734863,1.3550000190734863,1.3600000143051147,1.3550000190734863,1.3600000143051147,300.0
2024-07-03 12:55:00,ATAI,1.284999966621399,1.284999966621399,1.2899999618530273,1.284999966621399,1.284999966621399,2927.0
2024-07-03 12:55:00,ATEC,10.029999732971191,10.029999732971191,10.069999694824219,10.029999732971191,10.069999694824219,13614.0
2024-07-03 12:55:00,ATOS,1.1649999618530273,1.1649999618530273,1.1699999570846558,1.1649999618530273,1.1649999618530273,1357.0
2024-07-03 12:55:00,ATRC,22.489999771118164,22.489999771118164,22.510000228881836,22.459999084472656,22.46500015258789,13648.0
2024-07-03 12:55:00,ATXS,9.029999732971191,9.029999732971191,9.039999961853027,9.029999732971191,9.029999732971191,442.0
2024-07-03 12:55:00,AUGX,1.0,1.0,1.0044000148773193,1.0,1.0044000148773193,4177.0
2024-07-03 12:55:00,AUPH,5.485000133514404,5.485000133514404,5.489999771118164,5.485000133514404,5.485000133514404,4754.0
2024-07-03 12:55:00,AURA,6.920000076293945,6.920000076293945,6.920000076293945,6.920000076293945,6.920000076293945,1525.0
2024-07-03 12:55:00,AUTL,3.4549999237060547,3.4549999237060547,3.4549999237060547,3.450000047683716,3.450000047683716,11304.0
2024-07-03 12:55:00,AVDL,14.539999961853027,14.539999961853027,14.545000076293945,14.539999961853027,14.539999961853027,3130.0
2024-07-03 12:55:00,AVIR,3.2750000953674316,3.2750000953674316,3.2750000953674316,3.2750000953674316,3.2750000953674316,1065.0
2024-07-03 12:55:00,AVTE,1.6933000087738037,1.6933000087738037,1.7000000476837158,1.690000057220459,1.6950000524520874,6448.0
2024-07-03 12:55:00,AVTX,11.607799530029297,11.607799530029297,11.607799530029297,11.607799530029297,11.607799530029297,419.0
2024-07-03 12:55:00,AVXL,4.125,4.125,4.139999866485596,4.125,4.139999866485596,5617.0
2024-07-03 12:55:00,AXGN,7.590000152587891,7.590000152587891,7.590000152587891,7.590000152587891,7.590000152587891,2414.0
2024-07-03 12:55:00,AXNX,67.44999694824219,67.44999694824219,67.46099853515625,67.44999694824219,67.46099853515625,1076.0
2024-07-03 12:55:00,AXSM,80.08000183105469,80.08000183105469,80.13500213623047,80.02999877929688,80.0999984741211,4342.0
2024-07-03 12:55:00,AZN,76.82499694824219,76.82499694824219,76.83000183105469,76.80999755859375,76.81500244140625,13020.0
2024-07-03 12:55:00,AZTA,52.040000915527344,52.040000915527344,52.13999938964844,52.040000915527344,52.130001068115234,7545.0
2024-07-03 12:55:00,BACK,1.6699999570846558,1.6699999570846558,1.6799999475479126,1.6699999570846558,1.6794999837875366,6551.0
2024-07-03 12:55:00,BBIO,25.010000228881836,25.010000228881836,25.06999969482422,25.010000228881836,25.020000457763672,11262.0
2024-07-03 12:55:00,BCAB,1.440000057220459,1.440000057220459,1.440000057220459,1.434999942779541,1.434999942779541,2489.0
2024-07-03 12:55:00,BCLI,0.33500000834465027,0.33500000834465027,0.3422999978065491,0.33500000834465027,0.3422999978065491,2396.0
2024-07-03 12:55:00,BCRX,6.440000057220459,6.440000057220459,6.449999809265137,6.440000057220459,6.449999809265137,10009.0
2024-07-03 12:55:00,BCYC,19.690000534057617,19.690000534057617,19.719999313354492,19.65999984741211,19.719999313354492,3173.0
2024-07-03 12:55:00,BDTX,4.434999942779541,4.434999942779541,4.440000057220459,4.419899940490723,4.419899940490723,3057.0
2024-07-03 12:55:00,BEAM,23.549999237060547,23.549999237060547,23.61750030517578,23.549999237060547,23.614999771118164,5469.0
2024-07-03 12:55:00,BGNE,148.03500366210938,148.03500366210938,148.03500366210938,147.97000122070312,148.00999450683594,2850.0
2024-07-03 12:55:00,BIIB,224.97999572753906,224.97999572753906,225.0800018310547,224.8300018310547,224.9199981689453,11044.0
2024-07-03 12:55:00,BLFS,20.0,20.0,20.049999237060547,20.0,20.049999237060547,1191.0
2024-07-03 12:55:00,BLRX,0.527999997138977,0.527999997138977,0.527999997138977,0.5253000259399414,0.5253000259399414,4093.0
2024-07-03 12:55:00,BLUE,0.9204000234603882,0.9204000234603882,0.9208999872207642,0.9199000000953674,0.9199000000953674,11165.0
2024-07-03 12:55:00,BMEA,4.335000038146973,4.335000038146973,4.340000152587891,4.329999923706055,4.329999923706055,3529.0
2024-07-03 12:55:00,BMRN,81.2300033569336,81.2300033569336,81.30999755859375,81.08000183105469,81.08999633789062,8730.0
2024-07-03 12:55:00,BNGO,0.5708000063896179,0.5708000063896179,0.5708000063896179,0.5708000063896179,0.5708000063896179,205.0
2024-07-03 12:55:00,BNTX,79.95999908447266,79.95999908447266,79.95999908447266,79.93000030517578,79.93000030517578,2471.0
2024-07-03 12:55:00,BPMC,109.1500015258789,109.1500015258789,109.3499984741211,109.12999725341797,109.26000213623047,3603.0
2024-07-03 12:55:00,BRKR,62.005001068115234,62.005001068115234,62.06999969482422,62.0,62.03499984741211,6387.0
2024-07-03 12:55:00,BTMD,7.400000095367432,7.400000095367432,7.400000095367432,7.400000095367432,7.400000095367432,1274.0
2024-07-03 12:55:00,BVS,5.909999847412109,5.909999847412109,5.914999961853027,5.900000095367432,5.909999847412109,11305.0
2024-07-03 12:55:00,CABA,7.559999942779541,7.559999942779541,7.570000171661377,7.550000190734863,7.550000190734863,10596.0
2024-07-03 12:55:00,CADL,6.260000228881836,6.260000228881836,6.281000137329102,6.25,6.281000137329102,5631.0
2024-07-03 12:55:00,CAPR,4.860000133514404,4.860000133514404,4.860000133514404,4.840000152587891,4.840000152587891,6022.0
2024-07-03 12:55:00,CARA,0.28029999136924744,0.28029999136924744,0.28029999136924744,0.28029999136924744,0.28029999136924744,2806.0
2024-07-03 12:55:00,CASI,5.170000076293945,5.170000076293945,5.170000076293945,5.170000076293945,5.170000076293945,200.0
2024-07-03 12:55:00,CCCC,4.610000133514404,4.610000133514404,4.619999885559082,4.610000133514404,4.619999885559082,10952.0
2024-07-03 12:55:00,CCRN,13.59000015258789,13.59000015258789,13.600000381469727,13.59000015258789,13.600000381469727,2065.0
2024-07-03 12:55:00,CDMO,7.75,7.75,7.800000190734863,7.75,7.789999961853027,17797.0
2024-07-03 12:55:00,CDNA,14.914999961853027,14.914999961853027,14.979999542236328,14.90999984741211,14.979999542236328,5678.0
2024-07-03 12:55:00,CDXS,2.869999885559082,2.869999885559082,2.875,2.869999885559082,2.875,1143.0
2024-07-03 12:55:00,CELC,16.329999923706055,16.329999923706055,16.389999389648438,16.31999969482422,16.350000381469727,3110.0
2024-07-03 12:55:00,CERE,40.314998626708984,40.314998626708984,40.334999084472656,40.25,40.255001068115234,50818.0
2024-07-03 12:55:00,CERS,1.7100000381469727,1.7100000381469727,1.715000033378601,1.7100000381469727,1.715000033378601,919.0
2024-07-03 12:55:00,CERT,13.8100004196167,13.8100004196167,13.829999923706055,13.800000190734863,13.829999923706055,3897.0
2024-07-03 12:55:00,CGC,6.5,6.5,6.510000228881836,6.5,6.505000114440918,11704.0
2024-07-03 12:55:00,CGEM,16.84000015258789,16.84000015258789,16.8799991607666,16.799999237060547,16.850000381469727,7562.0
2024-07-03 12:55:00,CGEN,1.6649999618530273,1.6649999618530273,1.6649999618530273,1.6649999618530273,1.6649999618530273,518.0
2024-07-03 12:55:00,CHRS,1.3849999904632568,1.3849999904632568,1.3849999904632568,1.3799999952316284,1.3849999904632568,4685.0
2024-07-03 12:55:00,CKPT,2.184999942779541,2.184999942779541,2.184999942779541,2.184999942779541,2.184999942779541,143.0
2024-07-03 12:55:00,CLDX,36.029998779296875,36.029998779296875,36.04999923706055,36.02000045776367,36.04999923706055,2046.0
2024-07-03 12:55:00,CLGN,5.0,5.0,5.0,5.0,5.0,827.0
2024-07-03 12:55:00,CLOV,1.2585999965667725,1.2585999965667725,1.2599999904632568,1.25,1.2549999952316284,2809.0
2024-07-03 12:55:00,CLPT,5.389999866485596,5.389999866485596,5.389999866485596,5.389999866485596,5.389999866485596,190.0
2024-07-03 12:55:00,CLSD,1.249899983406067,1.249899983406067,1.25,1.2450000047683716,1.25,2723.0
2024-07-03 12:55:00,CMPX,0.8199999928474426,0.8199999928474426,0.8348000049591064,0.8199999928474426,0.8348000049591064,1338.0
2024-07-03 12:55:00,CNSP,1.399999976158142,1.399999976158142,1.399999976158142,1.3799999952316284,1.3849999904632568,18216.0
2024-07-03 12:55:00,CNTA,8.550000190734863,8.550000190734863,8.550000190734863,8.550000190734863,8.550000190734863,580.0
2024-07-03 12:55:00,COGT,8.399999618530273,8.399999618530273,8.4399995803833,8.390000343322754,8.430000305175781,6410.0
2024-07-03 12:55:00,COLL,32.459999084472656,32.459999084472656,32.459999084472656,32.41999816894531,32.44499969482422,1907.0
2024-07-03 12:55:00,CORT,30.450000762939453,30.450000762939453,30.540000915527344,30.450000762939453,30.540000915527344,6404.0
2024-07-03 12:55:00,COSM,0.8938000202178955,0.8938000202178955,0.8973000049591064,0.8938000202178955,0.8971999883651733,2760.0
2024-07-03 12:55:00,CPRX,15.34000015258789,15.34000015258789,15.364999771118164,15.329999923706055,15.364999771118164,6577.0
2024-07-03 12:55:00,CRBP,49.83000183105469,49.83000183105469,49.83000183105469,49.81999969482422,49.81999969482422,624.0
2024-07-03 12:55:00,CRBU,1.600000023841858,1.600000023841858,1.600000023841858,1.5950000286102295,1.600000023841858,2824.0
2024-07-03 12:55:00,CRDF,2.244999885559082,2.244999885559082,2.244999885559082,2.244999885559082,2.244999885559082,629.0
2024-07-03 12:55:00,CRMD,4.139999866485596,4.139999866485596,4.144999980926514,4.139999866485596,4.139999866485596,1456.0
2024-07-03 12:55:00,CRNX,44.439998626708984,44.439998626708984,44.47999954223633,44.439998626708984,44.45100021362305,3007.0
2024-07-03 12:55:00,CRON,2.315000057220459,2.315000057220459,2.315000057220459,2.315000057220459,2.315000057220459,1954.0
2024-07-03 12:55:00,CRSP,54.0,54.0,54.0099983215332,53.95000076293945,53.9900016784668,8221.0
2024-07-03 12:55:00,CSTL,21.25,21.25,21.260000228881836,21.200000762939453,21.225000381469727,6564.0
2024-07-03 12:55:00,CTKB,5.599999904632568,5.599999904632568,5.610000133514404,5.590000152587891,5.599999904632568,54638.0
2024-07-03 12:55:00,CTMX,1.2999999523162842,1.2999999523162842,1.3049999475479126,1.2999999523162842,1.2999999523162842,4060.0
2024-07-03 12:55:00,CTSO,0.8399999737739563,0.8399999737739563,0.8399999737739563,0.8399999737739563,0.8399999737739563,4600.0
2024-07-03 12:55:00,CTXR,0.5044000148773193,0.5044000148773193,0.5044000148773193,0.5044000148773193,0.5044000148773193,310.0
2024-07-03 12:55:00,CUE,0.9800000190734863,0.9800000190734863,0.982200026512146,0.9800000190734863,0.9817000031471252,22689.0
2024-07-03 12:55:00,CUTR,1.2949999570846558,1.2949999570846558,1.2949999570846558,1.2949999570846558,1.2949999570846558,827.0
2024-07-03 12:55:00,CVAC,3.125,3.125,3.134999990463257,3.115000009536743,3.119999885559082,34163.0
2024-07-03 12:55:00,CVRX,11.75,11.75,11.75,11.75,11.75,966.0
2024-07-03 12:55:00,CYTK,54.41999816894531,54.41999816894531,54.53499984741211,54.41999816894531,54.53499984741211,3601.0
2024-07-03 12:55:00,DARE,3.07669997215271,3.07669997215271,3.07669997215271,3.07669997215271,3.07669997215271,220.0
2024-07-03 12:55:00,DAWN,13.479999542236328,13.479999542236328,13.520000457763672,13.479999542236328,13.520000457763672,5347.0
2024-07-03 12:55:00,DCGO,2.9549999237060547,2.9549999237060547,2.9549999237060547,2.9549999237060547,2.9549999237060547,709.0
2024-07-03 12:55:00,DCTH,7.925000190734863,7.925000190734863,7.925000190734863,7.925000190734863,7.925000190734863,544.0
2024-07-03 12:55:00,DH,5.349999904632568,5.349999904632568,5.364999771118164,5.349999904632568,5.364999771118164,3531.0
2024-07-03 12:55:00,DMAC,2.9200000762939453,2.9200000762939453,2.9200000762939453,2.9200000762939453,2.9200000762939453,1617.0
2024-07-03 12:55:00,DNLI,21.385000228881836,21.385000228881836,21.46500015258789,21.385000228881836,21.459999084472656,11321.0
2024-07-03 12:55:00,DSGN,3.1649999618530273,3.1649999618530273,3.1700000762939453,3.1649999618530273,3.1700000762939453,5503.0
2024-07-03 12:55:00,DVAX,11.055000305175781,11.055000305175781,11.0600004196167,11.055000305175781,11.0600004196167,3212.0
2024-07-03 12:55:00,DXCM,111.16000366210938,111.16000366210938,111.38999938964844,111.08999633789062,111.38999938964844,15031.0
2024-07-03 12:55:00,DYN,34.13999938964844,34.13999938964844,34.220001220703125,34.13999938964844,34.220001220703125,2826.0
2024-07-03 12:55:00,ECOR,6.250100135803223,6.250100135803223,6.250100135803223,6.250100135803223,6.250100135803223,314.0
2024-07-03 12:55:00,EDIT,4.664999961853027,4.664999961853027,4.670000076293945,4.659999847412109,4.664999961853027,3691.0
2024-07-03 12:55:00,ELYM,6.684999942779541,6.684999942779541,6.684999942779541,6.684999942779541,6.684999942779541,260.0
2024-07-03 12:55:00,EMBC,12.0649995803833,12.0649995803833,12.079999923706055,12.0600004196167,12.069999694824219,3845.0
2024-07-03 12:55:00,ENSG,126.51000213623047,126.51000213623047,126.55500030517578,126.33999633789062,126.55500030517578,2623.0
2024-07-03 12:55:00,ENTA,13.119999885559082,13.119999885559082,13.119999885559082,13.119999885559082,13.119999885559082,548.0
2024-07-03 12:55:00,ENVB,0.5175999999046326,0.5175999999046326,0.5175999999046326,0.5175999999046326,0.5175999999046326,200.0
2024-07-03 12:55:00,EOLS,11.0,11.0,11.010000228881836,11.0,11.010000228881836,5067.0
2024-07-03 12:55:00,ERAS,2.188699960708618,2.188699960708618,2.2100000381469727,2.184999942779541,2.200000047683716,25730.0
2024-07-03 12:55:00,ESPR,2.369999885559082,2.369999885559082,2.369999885559082,2.365000009536743,2.369999885559082,16073.0
2024-07-03 12:55:00,ESTA,43.68000030517578,43.68000030517578,43.68000030517578,43.68000030517578,43.68000030517578,597.0
2024-07-03 12:55:00,ETNB,7.429999828338623,7.429999828338623,7.46999979019165,7.429999828338623,7.460000038146973,5839.0
2024-07-03 12:55:00,EWTX,18.270000457763672,18.270000457763672,18.329999923706055,18.260000228881836,18.264999389648438,62264.0
2024-07-03 12:55:00,EXAS,43.189998626708984,43.189998626708984,43.20000076293945,43.13999938964844,43.20000076293945,11436.0
2024-07-03 12:55:00,EXEL,21.985000610351562,21.985000610351562,21.9950008392334,21.979999542236328,21.979999542236328,8928.0
2024-07-03 12:55:00,EYEN,0.7638999819755554,0.7638999819755554,0.7638999819755554,0.7598000168800354,0.7598000168800354,9959.0
2024-07-03 12:55:00,EYPT,8.619000434875488,8.619000434875488,8.630000114440918,8.600000381469727,8.630000114440918,8466.0
2024-07-03 12:55:00,FATE,3.1700000762939453,3.1700000762939453,3.174999952316284,3.1700000762939453,3.174999952316284,1522.0
2024-07-03 12:55:00,FBIO,1.7699999809265137,1.7699999809265137,1.7899999618530273,1.7699999809265137,1.774999976158142,2116.0
2024-07-03 12:55:00,FDMT,20.93000030517578,20.93000030517578,20.959999084472656,20.920000076293945,20.920000076293945,3544.0
2024-07-03 12:55:00,FENC,6.019999980926514,6.019999980926514,6.019999980926514,6.010000228881836,6.010000228881836,568.0
2024-07-03 12:55:00,FGEN,0.70660001039505,0.70660001039505,0.7074999809265137,0.70660001039505,0.7073000073432922,7123.0
2024-07-03 12:55:00,FHTX,5.525000095367432,5.525000095367432,5.525000095367432,5.525000095367432,5.525000095367432,109.0
2024-07-03 12:55:00,FLGC,0.9700000286102295,0.9700000286102295,0.9700000286102295,0.9700000286102295,0.9700000286102295,352.0
2024-07-03 12:55:00,FLGT,19.93000030517578,19.93000030517578,19.969999313354492,19.93000030517578,19.969999313354492,3056.0
2024-07-03 12:55:00,FOLD,9.84000015258789,9.84000015258789,9.864999771118164,9.84000015258789,9.864999771118164,7835.0
2024-07-03 12:55:00,FULC,6.15500020980835,6.15500020980835,6.164999961853027,6.15500020980835,6.164999961853027,5917.0
2024-07-03 12:55:00,GALT,2.1600000858306885,2.1600000858306885,2.1600000858306885,2.1500000953674316,2.1600000858306885,767.0
2024-07-03 12:55:00,GBIO,2.4100000858306885,2.4100000858306885,2.4100000858306885,2.4100000858306885,2.4100000858306885,200.0
2024-07-03 12:55:00,GDRX,7.809999942779541,7.809999942779541,7.815000057220459,7.809999942779541,7.815000057220459,19424.0
2024-07-03 12:55:00,GERN,4.349999904632568,4.349999904632568,4.349999904632568,4.34499979019165,4.349999904632568,17135.0
2024-07-03 12:55:00,GH,28.389999389648438,28.389999389648438,28.530000686645508,28.389999389648438,28.489999771118164,10366.0
2024-07-03 12:55:00,GILD,66.69999694824219,66.69999694824219,66.73999786376953,66.6500015258789,66.73999786376953,41675.0
2024-07-03 12:55:00,GLUE,3.890000104904175,3.890000104904175,3.9000000953674316,3.890000104904175,3.9000000953674316,1245.0
2024-07-03 12:55:00,GMAB,25.149999618530273,25.149999618530273,25.149999618530273,25.139999389648438,25.145000457763672,2339.0
2024-07-03 12:55:00,GOSS,1.000100016593933,1.000100016593933,1.0199999809265137,1.000100016593933,1.0099999904632568,8432.0
2024-07-03 12:55:00,GOVX,2.897599935531616,2.897599935531616,2.940000057220459,2.897599935531616,2.9049999713897705,2935.0
2024-07-03 12:55:00,GRFS,6.664999961853027,6.664999961853027,6.670000076293945,6.659999847412109,6.664999961853027,7080.0
2024-07-03 12:55:00,GRTS,0.5699999928474426,0.5699999928474426,0.5702000260353088,0.567799985408783,0.567799985408783,24584.0
2024-07-03 12:55:00,GTHX,2.569999933242798,2.569999933242798,2.575000047683716,2.569999933242798,2.575000047683716,2563.0
2024-07-03 12:55:00,HALO,52.08000183105469,52.08000183105469,52.119998931884766,52.05830001831055,52.119998931884766,7414.0
2024-07-03 12:55:00,HBIO,2.7899999618530273,2.7899999618530273,2.7899999618530273,2.7899999618530273,2.7899999618530273,672.0
2024-07-03 12:55:00,HCAT,6.179999828338623,6.179999828338623,6.184999942779541,6.179999828338623,6.179999828338623,7649.0
2024-07-03 12:55:00,HCSG,10.614999771118164,10.614999771118164,10.664999961853027,10.614999771118164,10.664999961853027,4475.0
2024-07-03 12:55:00,HLVX,14.15999984741211,14.15999984741211,14.15999984741211,14.15999984741211,14.15999984741211,828.0
2024-07-03 12:55:00,HOLX,73.52999877929688,73.52999877929688,73.54000091552734,73.44000244140625,73.44000244140625,13028.0
2024-07-03 12:55:00,HOOK,0.5788999795913696,0.5788999795913696,0.5789999961853027,0.5788999795913696,0.5788999795913696,720.0
2024-07-03 12:55:00,HOWL,2.130000114440918,2.130000114440918,2.130000114440918,2.109999895095825,2.109999895095825,3520.0
2024-07-03 12:55:00,HQY,83.79000091552734,83.79000091552734,83.79000091552734,83.79000091552734,83.79000091552734,1711.0
2024-07-03 12:55:00,HRMY,30.799999237060547,30.799999237060547,30.850000381469727,30.799999237060547,30.850000381469727,731.0
2024-07-03 12:55:00,HROW,21.44499969482422,21.44499969482422,21.489999771118164,21.44499969482422,21.489999771118164,3892.0
2024-07-03 12:55:00,HRTX,2.7850000858306885,2.7850000858306885,2.7850000858306885,2.7750000953674316,2.7750000953674316,10765.0
2024-07-03 12:55:00,HSIC,64.87999725341797,64.87999725341797,64.91000366210938,64.87999725341797,64.8949966430664,6866.0
2024-07-03 12:55:00,HUMA,5.690000057220459,5.690000057220459,5.695000171661377,5.690000057220459,5.695000171661377,6171.0
2024-07-03 12:55:00,IART,28.68000030517578,28.68000030517578,28.760000228881836,28.68000030517578,28.700000762939453,7025.0
2024-07-03 12:55:00,IBRX,6.275000095367432,6.275000095367432,6.295000076293945,6.275000095367432,6.289999961853027,14594.0
2024-07-03 12:55:00,ICAD,1.2400000095367432,1.2400000095367432,1.2400000095367432,1.2400000095367432,1.2400000095367432,716.0
2024-07-03 12:55:00,ICUI,117.69999694824219,117.69999694824219,117.87999725341797,117.66999816894531,117.7699966430664,3433.0
2024-07-03 12:55:00,IDXX,478.1650085449219,478.1650085449219,478.4800109863281,478.0299987792969,478.4800109863281,2974.0
2024-07-03 12:55:00,IDYA,33.33000183105469,33.33000183105469,33.380001068115234,33.310001373291016,33.34000015258789,3721.0
2024-07-03 12:55:00,IFRX,1.6331000328063965,1.6331000328063965,1.6331000328063965,1.6331000328063965,1.6331000328063965,1402.0
2024-07-03 12:55:00,IGMS,6.46999979019165,6.46999979019165,6.5,6.449999809265137,6.5,1960.0
2024-07-03 12:55:00,IKNA,1.6399999856948853,1.6399999856948853,1.6449999809265137,1.6399999856948853,1.6449999809265137,305.0
2024-07-03 12:55:00,ILMN,105.62000274658203,105.62000274658203,105.87999725341797,105.62000274658203,105.86499786376953,6449.0
2024-07-03 12:55:00,IMAB,1.5099999904632568,1.5099999904632568,1.5099999904632568,1.5099999904632568,1.5099999904632568,728.0
2024-07-03 12:55:00,IMCR,36.0,36.0,36.0,35.97999954223633,35.97999954223633,1278.0
2024-07-03 12:55:00,IMMP,1.9850000143051147,1.9850000143051147,1.9850000143051147,1.9850000143051147,1.9850000143051147,220.0
2024-07-03 12:55:00,IMMX,2.390000104904175,2.390000104904175,2.390000104904175,2.369999885559082,2.381200075149536,4402.0
2024-07-03 12:55:00,IMNM,12.119999885559082,12.119999885559082,12.140000343322754,12.119999885559082,12.140000343322754,5296.0
2024-07-03 12:55:00,IMRX,1.125,1.125,1.125,1.125,1.125,822.0
2024-07-03 12:55:00,IMTX,11.864999771118164,11.864999771118164,11.864999771118164,11.800000190734863,11.800000190734863,7944.0
2024-07-03 12:55:00,IMUX,1.149999976158142,1.149999976158142,1.149999976158142,1.1461000442504883,1.1461000442504883,506.0
2024-07-03 12:55:00,IMVT,26.15999984741211,26.15999984741211,26.209999084472656,26.15999984741211,26.209999084472656,2538.0
2024-07-03 12:55:00,INCY,57.81999969482422,57.81999969482422,57.84000015258789,57.7599983215332,57.81999969482422,32485.0
2024-07-03 12:55:00,INGN,8.0600004196167,8.0600004196167,8.0600004196167,8.050000190734863,8.050000190734863,2423.0
2024-07-03 12:55:00,INM,0.2531000077724457,0.2531000077724457,0.2531000077724457,0.2531000077724457,0.2531000077724457,0.0
2024-07-03 12:55:00,INMB,8.010000228881836,8.010000228881836,8.010000228881836,8.010000228881836,8.010000228881836,1019.0
2024-07-03 12:55:00,INMD,17.489999771118164,17.489999771118164,17.514999389648438,17.489999771118164,17.514999389648438,4554.0
2024-07-03 12:55:00,INO,8.279999732971191,8.279999732971191,8.329999923706055,8.279999732971191,8.329999923706055,6723.0
2024-07-03 12:55:00,INSM,62.27000045776367,62.27000045776367,62.284000396728516,62.06999969482422,62.25,23741.0
2024-07-03 12:55:00,INVA,16.344999313354492,16.344999313354492,16.354999542236328,16.34000015258789,16.354999542236328,4101.0
2024-07-03 12:55:00,INZY,4.480000019073486,4.480000019073486,4.5,4.480000019073486,4.5,4228.0
2024-07-03 12:55:00,IONS,45.709999084472656,45.709999084472656,45.72999954223633,45.619998931884766,45.650001525878906,10823.0
2024-07-03 12:55:00,IOVA,7.369999885559082,7.369999885559082,7.379700183868408,7.360000133514404,7.369999885559082,41294.0
2024-07-03 12:55:00,IPSC,2.2799999713897705,2.2799999713897705,2.2799999713897705,2.25,2.259999990463257,1469.0
2024-07-03 12:55:00,IRTC,97.54000091552734,97.54000091552734,97.69000244140625,97.47000122070312,97.4800033569336,4984.0
2024-07-03 12:55:00,IRWD,6.130000114440918,6.130000114440918,6.150000095367432,6.130000114440918,6.150000095367432,16322.0
2024-07-03 12:55:00,ISPC,0.27570000290870667,0.27570000290870667,0.27570000290870667,0.27570000290870667,0.27570000290870667,476.0
2024-07-03 12:55:00,ISRG,435.0350036621094,435.0350036621094,435.2099914550781,434.82000732421875,435.19000244140625,8221.0
2024-07-03 12:55:00,ITCI,69.12000274658203,69.12000274658203,69.12000274658203,68.9800033569336,68.9800033569336,4777.0
2024-07-03 12:55:00,ITOS,14.8100004196167,14.8100004196167,14.819999694824219,14.8100004196167,14.819999694824219,1821.0
2024-07-03 12:55:00,JANX,38.60499954223633,38.60499954223633,38.64500045776367,38.560001373291016,38.595001220703125,8332.0
2024-07-03 12:55:00,JAZZ,103.80999755859375,103.80999755859375,103.80999755859375,103.6500015258789,103.6500015258789,3878.0
2024-07-03 12:55:00,KALV,11.710000038146973,11.710000038146973,11.739999771118164,11.710000038146973,11.739999771118164,5066.0
2024-07-03 12:55:00,KNSA,19.09000015258789,19.09000015258789,19.125,19.09000015258789,19.1200008392334,4097.0
2024-07-03 12:55:00,KOD,2.200000047683716,2.200000047683716,2.200000047683716,2.200000047683716,2.200000047683716,200.0
2024-07-03 12:55:00,KPTI,0.8305000066757202,0.8305000066757202,0.8305000066757202,0.8287000060081482,0.8287000060081482,9448.0
2024-07-03 12:55:00,KRMD,2.5299999713897705,2.5299999713897705,2.5299999713897705,2.5299999713897705,2.5299999713897705,768.0
2024-07-03 12:55:00,KRON,1.1299999952316284,1.1299999952316284,1.1399999856948853,1.1299999952316284,1.1399999856948853,591.0
2024-07-03 12:55:00,KROS,42.41999816894531,42.41999816894531,42.41999816894531,42.41999816894531,42.41999816894531,125.0
2024-07-03 12:55:00,KRYS,177.3699951171875,177.3699951171875,177.4600067138672,177.3699951171875,177.4600067138672,3570.0
2024-07-03 12:55:00,KTRA,0.2759999930858612,0.2759999930858612,0.2759999930858612,0.2759000062942505,0.2759000062942505,2355.0
2024-07-03 12:55:00,KURA,20.145000457763672,20.145000457763672,20.190000534057617,20.1299991607666,20.190000534057617,13536.0
2024-07-03 12:55:00,KYMR,30.360000610351562,30.360000610351562,30.450000762939453,30.360000610351562,30.450000762939453,2074.0
2024-07-03 12:55:00,KZR,0.5782999992370605,0.5782999992370605,0.5782999992370605,0.5782999992370605,0.5782999992370605,100.0
2024-07-03 12:55:00,LAB,1.8650000095367432,1.8650000095367432,1.8700000047683716,1.8600000143051147,1.8650000095367432,10549.0
2024-07-03 12:55:00,LBPH,31.65999984741211,31.65999984741211,31.65999984741211,31.649999618530273,31.649999618530273,2711.0
2024-07-03 12:55:00,LEGN,45.959999084472656,45.959999084472656,45.97999954223633,45.95000076293945,45.959999084472656,2700.0
2024-07-03 12:55:00,LFMD,6.764999866485596,6.764999866485596,6.784999847412109,6.760000228881836,6.784999847412109,7879.0
2024-07-03 12:55:00,LFST,5.085000038146973,5.085000038146973,5.085000038146973,5.085000038146973,5.085000038146973,1619.0
2024-07-03 12:55:00,LGND,82.625,82.625,82.625,82.625,82.625,779.0
2024-07-03 12:55:00,LGVN,1.639299988746643,1.639299988746643,1.639299988746643,1.6200000047683716,1.6200000047683716,8310.0
2024-07-03 12:55:00,LIVN,52.810001373291016,52.810001373291016,52.900001525878906,52.810001373291016,52.900001525878906,6400.0
2024-07-03 12:55:00,LNTH,79.45999908447266,79.45999908447266,79.80000305175781,79.45999908447266,79.7699966430664,4268.0
2024-07-03 12:55:00,LOGC,5.755000114440918,5.755000114440918,5.760000228881836,5.755000114440918,5.760000228881836,781.0
2024-07-03 12:55:00,LQDA,11.970000267028809,11.970000267028809,11.970000267028809,11.970000267028809,11.970000267028809,2954.0
2024-07-03 12:55:00,LRMR,7.639999866485596,7.639999866485596,7.650000095367432,7.635000228881836,7.650000095367432,3112.0
2024-07-03 12:55:00,LUCY,0.461899995803833,0.461899995803833,0.46209999918937683,0.461899995803833,0.46209999918937683,386.0
2024-07-03 12:55:00,LUNG,6.309999942779541,6.309999942779541,6.329999923706055,6.309999942779541,6.329999923706055,1574.0
2024-07-03 12:55:00,LXRX,1.649999976158142,1.649999976158142,1.649999976158142,1.6449999809265137,1.6449999809265137,5895.0
2024-07-03 12:55:00,LYEL,1.5049999952316284,1.5049999952316284,1.5049999952316284,1.5049999952316284,1.5049999952316284,4249.0
2024-07-03 12:55:00,LYRA,0.28279998898506165,0.28279998898506165,0.28380000591278076,0.28279998898506165,0.28279998898506165,1853.0
2024-07-03 12:55:00,MASI,114.30000305175781,114.30000305175781,114.30000305175781,114.2300033569336,114.30000305175781,4944.0
2024-07-03 12:55:00,MASS,4.860000133514404,4.860000133514404,4.860000133514404,4.860000133514404,4.860000133514404,849.0
2024-07-03 12:55:00,MBIO,0.49070000648498535,0.49070000648498535,0.49070000648498535,0.49070000648498535,0.49070000648498535,1118.0
2024-07-03 12:55:00,MCRB,0.7228000164031982,0.7228000164031982,0.7257999777793884,0.7210000157356262,0.7257999777793884,2365.0
2024-07-03 12:55:00,MDGL,272.1400146484375,272.1400146484375,272.18499755859375,271.79998779296875,271.80999755859375,4650.0
2024-07-03 12:55:00,MDXG,6.809999942779541,6.809999942779541,6.829999923706055,6.809999942779541,6.820000171661377,9920.0
2024-07-03 12:55:00,ME,0.41589999198913574,0.41589999198913574,0.41589999198913574,0.41530001163482666,0.41589999198913574,26954.0
2024-07-03 12:55:00,MEDP,403.7699890136719,403.7699890136719,404.1400146484375,403.7699890136719,404.1400146484375,1631.0
2024-07-03 12:55:00,MESO,6.789999961853027,6.789999961853027,6.789999961853027,6.789999961853027,6.789999961853027,344.0
2024-07-03 12:55:00,MGNX,4.210000038146973,4.210000038146973,4.210000038146973,4.204999923706055,4.204999923706055,6038.0
2024-07-03 12:55:00,MHUA,0.8899999856948853,0.8899999856948853,0.8899999856948853,0.8899999856948853,0.8899999856948853,814.0
2024-07-03 12:55:00,MIRM,33.8849983215332,33.8849983215332,33.900001525878906,33.8849983215332,33.900001525878906,1379.0
2024-07-03 12:55:00,MLTX,42.619998931884766,42.619998931884766,42.66999816894531,42.36000061035156,42.36000061035156,10949.0
2024-07-03 12:55:00,MMSI,85.88999938964844,85.88999938964844,85.88999938964844,85.8499984741211,85.88999938964844,2679.0
2024-07-03 12:55:00,MNKD,5.045000076293945,5.045000076293945,5.050000190734863,5.039999961853027,5.039999961853027,8190.0
2024-07-03 12:55:00,MNMD,7.105000019073486,7.105000019073486,7.130000114440918,7.105000019073486,7.130000114440918,5135.0
2024-07-03 12:55:00,MNPR,0.7001000046730042,0.7001000046730042,0.7034000158309937,0.7001000046730042,0.7034000158309937,463.0
2024-07-03 12:55:00,MODD,1.4299999475479126,1.4299999475479126,1.4299999475479126,1.4299999475479126,1.4299999475479126,0.0
2024-07-03 12:55:00,MODV,27.290000915527344,27.290000915527344,27.290000915527344,27.280000686645508,27.280000686645508,1247.0
2024-07-03 12:55:00,MOR,18.219999313354492,18.219999313354492,18.219999313354492,18.219999313354492,18.219999313354492,433.0
2024-07-03 12:55:00,MORF,31.8799991607666,31.8799991607666,31.920000076293945,31.8700008392334,31.8799991607666,4378.0
2024-07-03 12:55:00,MREO,3.575000047683716,3.575000047683716,3.575000047683716,3.569999933242798,3.569999933242798,3210.0
2024-07-03 12:55:00,MRNA,116.22000122070312,116.22000122070312,116.2300033569336,116.04000091552734,116.18000030517578,11581.0
2024-07-03 12:55:00,MRNS,1.2050000429153442,1.2050000429153442,1.2050000429153442,1.2050000429153442,1.2050000429153442,693.0
2024-07-03 12:55:00,MRSN,1.8450000286102295,1.8450000286102295,1.8450000286102295,1.8450000286102295,1.8450000286102295,1604.0
2024-07-03 12:55:00,MRUS,52.900001525878906,52.900001525878906,52.94499969482422,52.849998474121094,52.94499969482422,2549.0
2024-07-03 12:55:00,MRVI,7.014999866485596,7.014999866485596,7.025000095367432,7.014999866485596,7.025000095367432,7113.0
2024-07-03 12:55:00,MXCT,3.7799999713897705,3.7799999713897705,3.7899999618530273,3.7750000953674316,3.7899999618530273,3166.0
2024-07-03 12:55:00,MYGN,24.950000762939453,24.950000762939453,25.040000915527344,24.940000534057617,25.030000686645508,8677.0
2024-07-03 12:55:00,MYNZ,0.33889999985694885,0.33889999985694885,0.33889999985694885,0.33889999985694885,0.33889999985694885,200.0
2024-07-03 12:55:00,NARI,49.90999984741211,49.90999984741211,50.084999084472656,49.880001068115234,50.084999084472656,6243.0
2024-07-03 12:55:00,NBIX,138.4199981689453,138.4199981689453,138.4250030517578,138.22999572753906,138.22999572753906,5461.0
2024-07-03 12:55:00,NDRA,0.09019999951124191,0.09019999951124191,0.09019999951124191,0.08950000256299973,0.08950000256299973,11695.0
2024-07-03 12:55:00,NEO,13.710000038146973,13.710000038146973,13.739999771118164,13.710000038146973,13.739999771118164,3437.0
2024-07-03 12:55:00,NEOG,15.1899995803833,15.1899995803833,15.1899995803833,15.154999732971191,15.154999732971191,20614.0
2024-07-03 12:55:00,NKTR,1.3200000524520874,1.3200000524520874,1.3300000429153442,1.315000057220459,1.3200000524520874,36351.0
2024-07-03 12:55:00,NKTX,5.369999885559082,5.369999885559082,5.385000228881836,5.369999885559082,5.385000228881836,4655.0
2024-07-03 12:55:00,NNOX,7.03000020980835,7.03000020980835,7.050000190734863,7.03000020980835,7.050000190734863,3721.0
2024-07-03 12:55:00,NOTV,1.690000057220459,1.690000057220459,1.690000057220459,1.690000057220459,1.690000057220459,131.0
2024-07-03 12:55:00,NRC,22.959999084472656,22.959999084472656,22.989999771118164,22.959999084472656,22.989999771118164,1953.0
2024-07-03 12:55:00,NRIX,19.495800018310547,19.495800018310547,19.59000015258789,19.475000381469727,19.59000015258789,7999.0
2024-07-03 12:55:00,NTLA,22.989999771118164,22.989999771118164,22.9950008392334,22.93000030517578,22.93000030517578,12080.0
2024-07-03 12:55:00,NTRA,111.76000213623047,111.76000213623047,111.80000305175781,111.76000213623047,111.80000305175781,1679.0
2024-07-03 12:55:00,NUTX,5.369999885559082,5.369999885559082,5.369999885559082,5.369999885559082,5.369999885559082,230.0
2024-07-03 12:55:00,NUVL,72.33000183105469,72.33000183105469,72.33000183105469,72.33000183105469,72.33000183105469,253.0
2024-07-03 12:55:00,NUWE,3.9100000858306885,3.9100000858306885,3.9100000858306885,3.890000104904175,3.890000104904175,3273.0
2024-07-03 12:55:00,NVAX,12.550200462341309,12.550200462341309,12.555000305175781,12.53499984741211,12.53499984741211,27939.0
2024-07-03 12:55:00,NVCR,16.8799991607666,16.8799991607666,16.920000076293945,16.8799991607666,16.889999389648438,10898.0
2024-07-03 12:55:00,NVCT,6.25,6.25,6.25,6.239999771118164,6.25,2627.0
2024-07-03 12:55:00,NVNO,5.059100151062012,5.059100151062012,5.059100151062012,5.059100151062012,5.059100151062012,519.0
2024-07-03 12:55:00,NVOS,0.7540000081062317,0.7540000081062317,0.7540000081062317,0.7469000220298767,0.7469000220298767,707.0
2024-07-03 12:55:00,NXL,1.4299999475479126,1.4299999475479126,1.437999963760376,1.4299999475479126,1.437999963760376,2300.0
2024-07-03 12:55:00,NXTC,1.5950000286102295,1.5950000286102295,1.5950000286102295,1.5950000286102295,1.5950000286102295,721.0
2024-07-03 12:55:00,OCGN,1.6449999809265137,1.6449999809265137,1.649999976158142,1.6401000022888184,1.6401000022888184,7024.0
2024-07-03 12:55:00,OCUL,6.690000057220459,6.690000057220459,6.695000171661377,6.690000057220459,6.695000171661377,4927.0
2024-07-03 12:55:00,OFIX,13.550000190734863,13.550000190734863,13.585000038146973,13.550000190734863,13.585000038146973,1830.0
2024-07-03 12:55:00,OGI,1.5750000476837158,1.5750000476837158,1.5750000476837158,1.5750000476837158,1.5750000476837158,103.0
2024-07-03 12:55:00,OLK,25.729999542236328,25.729999542236328,25.739999771118164,25.729999542236328,25.739999771118164,3301.0
2024-07-03 12:55:00,OLMA,10.640000343322754,10.640000343322754,10.65999984741211,10.609999656677246,10.609999656677246,6819.0
2024-07-03 12:55:00,OM,3.869999885559082,3.869999885559082,3.875,3.869999885559082,3.869999885559082,3012.0
2024-07-03 12:55:00,OMCL,26.809999465942383,26.809999465942383,26.864999771118164,26.809999465942383,26.864999771118164,2554.0
2024-07-03 12:55:00,OMER,3.880000114440918,3.880000114440918,3.880000114440918,3.880000114440918,3.880000114440918,971.0
2024-07-03 12:55:00,OMGA,1.909999966621399,1.909999966621399,1.9198999404907227,1.909999966621399,1.919100046157837,1447.0
2024-07-03 12:55:00,ONCY,1.0,1.0,1.0098999738693237,1.0,1.0098999738693237,2200.0
2024-07-03 12:56:00,AADI,1.399999976158142,1.399999976158142,1.399999976158142,1.399999976158142,1.399999976158142,371.0
2024-07-03 12:56:00,ABCL,2.7200000286102295,2.7200000286102295,2.7200000286102295,2.7149999141693115,2.7149999141693115,5758.0
2024-07-03 12:56:00,ABEO,4.340000152587891,4.340000152587891,4.340000152587891,4.329999923706055,4.329999923706055,3885.0
2024-07-03 12:56:00,ABOS,2.3499999046325684,2.3499999046325684,2.369999885559082,2.3499999046325684,2.369999885559082,13609.0
2024-07-03 12:56:00,ABSI,3.174999952316284,3.174999952316284,3.180000066757202,3.1700000762939453,3.180000066757202,7824.0
2024-07-03 12:56:00,ABUS,3.1600000858306885,3.1600000858306885,3.1600000858306885,3.1500000953674316,3.1549999713897705,16141.0
2024-07-03 12:56:00,ACAD,15.625,15.625,15.630000114440918,15.604999542236328,15.609999656677246,9520.0
2024-07-03 12:56:00,ACB,4.880000114440918,4.880000114440918,4.885000228881836,4.880000114440918,4.885000228881836,1739.0
2024-07-03 12:56:00,ACCD,3.565000057220459,3.565000057220459,3.569999933242798,3.549999952316284,3.555000066757202,19119.0
2024-07-03 12:56:00,ACET,1.0800000429153442,1.0800000429153442,1.0850000381469727,1.0800000429153442,1.0800000429153442,3027.0
2024-07-03 12:56:00,ACHC,66.73999786376953,66.73999786376953,66.79000091552734,66.73999786376953,66.79000091552734,3674.0
2024-07-03 12:56:00,ACHL,0.8101999759674072,0.8101999759674072,0.8102999925613403,0.8101999759674072,0.8102999925613403,693.0
2024-07-03 12:56:00,ACIU,3.799999952316284,3.799999952316284,3.8099000453948975,3.799999952316284,3.8099000453948975,616.0
2024-07-03 12:56:00,ACLX,55.029998779296875,55.029998779296875,55.130001068115234,54.9900016784668,55.029998779296875,6613.0
2024-07-03 12:56:00,ACRS,1.149999976158142,1.149999976158142,1.149999976158142,1.149999976158142,1.149999976158142,2629.0
2024-07-03 12:56:00,ADMA,11.244999885559082,11.244999885559082,11.255000114440918,11.234999656677246,11.234999656677246,25503.0
2024-07-03 12:56:00,ADPT,3.369999885559082,3.369999885559082,3.390000104904175,3.369999885559082,3.390000104904175,12502.0
2024-07-03 12:56:00,ADVM,7.110000133514404,7.110000133514404,7.130000114440918,7.090000152587891,7.130000114440918,2807.0
2024-07-03 12:56:00,AEMD,0.4058000147342682,0.4058000147342682,0.4058000147342682,0.4058000147342682,0.4058000147342682,1117.0
2024-07-03 12:56:00,AFMD,5.039999961853027,5.039999961853027,5.090000152587891,5.039999961853027,5.070000171661377,3080.0
2024-07-03 12:56:00,AGEN,14.510000228881836,14.510000228881836,14.520000457763672,14.470100402832031,14.5,5749.0
2024-07-03 12:56:00,AGIO,42.11000061035156,42.11000061035156,42.13999938964844,42.11000061035156,42.13999938964844,1985.0
2024-07-03 12:56:00,AHCO,9.699999809265137,9.699999809265137,9.71500015258789,9.699999809265137,9.710000038146973,5784.0
2024-07-03 12:56:00,AIMD,0.9900000095367432,0.9900000095367432,1.0199999809265137,0.9900000095367432,1.0199999809265137,34986.0
2024-07-03 12:56:00,AKBA,0.948199987411499,0.948199987411499,0.9488000273704529,0.948199987411499,0.9483000040054321,5662.0
2024-07-03 12:56:00,AKRO,21.969999313354492,21.969999313354492,21.979999542236328,21.950000762939453,21.950000762939453,3186.0
2024-07-03 12:56:00,AKYA,2.130000114440918,2.130000114440918,2.130000114440918,2.130000114440918,2.130000114440918,876.0
2024-07-03 12:56:00,ALDX,3.190000057220459,3.190000057220459,3.194999933242798,3.190000057220459,3.194999933242798,4128.0
2024-07-03 12:56:00,ALEC,4.429999828338623,4.429999828338623,4.440000057220459,4.420000076293945,4.440000057220459,5656.0
2024-07-03 12:56:00,ALGN,243.44000244140625,243.44000244140625,243.44000244140625,243.35499572753906,243.35499572753906,3573.0
2024-07-03 12:56:00,ALHC,7.929999828338623,7.929999828338623,7.96999979019165,7.929999828338623,7.96999979019165,9269.0
2024-07-03 12:56:00,ALKS,24.229999542236328,24.229999542236328,24.239999771118164,24.229999542236328,24.239999771118164,5572.0
2024-07-03 12:56:00,ALLK,0.7613999843597412,0.7613999843597412,0.7674000263214111,0.7601000070571899,0.7674000263214111,13623.0
2024-07-03 12:56:00,ALLO,2.0850000381469727,2.0850000381469727,2.0950000286102295,2.0799999237060547,2.0899999141693115,24066.0
2024-07-03 12:56:00,ALLR,0.20000000298023224,0.20000000298023224,0.20000000298023224,0.19850000739097595,0.19859999418258667,26183.0
2024-07-03 12:56:00,ALNY,249.4250030517578,249.4250030517578,249.4499969482422,248.36000061035156,248.36000061035156,11519.0
2024-07-03 12:56:00,ALT,6.625,6.625,6.630000114440918,6.614999771118164,6.630000114440918,15208.0
2024-07-03 12:56:00,ALVO,12.1899995803833,12.1899995803833,12.199999809265137,12.170000076293945,12.1899995803833,1935.0
2024-07-03 12:56:00,ALXO,5.619999885559082,5.619999885559082,5.650000095367432,5.619999885559082,5.650000095367432,5972.0
2024-07-03 12:56:00,AMED,97.125,97.125,97.23500061035156,97.125,97.16999816894531,2045.0
2024-07-03 12:56:00,AMGN,309.6099853515625,309.6099853515625,309.6099853515625,309.3800048828125,309.4200134277344,12411.0
2024-07-03 12:56:00,AMLX,1.7649999856948853,1.7649999856948853,1.7699999809265137,1.7599999904632568,1.7699999809265137,6741.0
2024-07-03 12:56:00,AMPH,38.5099983215332,38.5099983215332,38.5099983215332,38.4900016784668,38.5099983215332,3052.0
2024-07-03 12:56:00,AMRN,0.6872000098228455,0.6872000098228455,0.6876000165939331,0.6872000098228455,0.6872000098228455,1802.0
2024-07-03 12:56:00,ANAB,24.899999618530273,24.899999618530273,24.979999542236328,24.899999618530273,24.979999542236328,4793.0
2024-07-03 12:56:00,ANGO,5.699999809265137,5.699999809265137,5.699999809265137,5.699999809265137,5.699999809265137,298.0
2024-07-03 12:56:00,ANIK,25.40999984741211,25.40999984741211,25.510000228881836,25.40999984741211,25.510000228881836,3889.0
2024-07-03 12:56:00,ANIP,60.75,60.75,60.81999969482422,60.75,60.810001373291016,3747.0
2024-07-03 12:56:00,ANNX,4.784999847412109,4.784999847412109,4.789999961853027,4.784999847412109,4.784999847412109,4657.0
2024-07-03 12:56:00,ANTX,2.700000047683716,2.700000047683716,2.700000047683716,2.700000047683716,2.700000047683716,960.0
2024-07-03 12:56:00,APLS,35.42499923706055,35.42499923706055,35.47999954223633,35.40999984741211,35.459999084472656,7957.0
2024-07-03 12:56:00,APLT,4.349999904632568,4.349999904632568,4.364999771118164,4.349999904632568,4.364999771118164,15058.0
2024-07-03 12:56:00,APTO,0.7595000267028809,0.7595000267028809,0.7595999836921692,0.7401000261306763,0.7409999966621399,968.0
2024-07-03 12:56:00,APVO,0.3100999891757965,0.3100999891757965,0.3100999891757965,0.3100999891757965,0.3100999891757965,2929.0
2024-07-03 12:56:00,AQST,2.4049999713897705,2.4049999713897705,2.4100000858306885,2.4000000953674316,2.4000000953674316,6249.0
2024-07-03 12:56:00,ARAY,1.7400000095367432,1.7400000095367432,1.7400000095367432,1.7350000143051147,1.7350000143051147,711.0
2024-07-03 12:56:00,ARCT,21.915000915527344,21.915000915527344,21.950000762939453,21.90999984741211,21.950000762939453,4145.0
2024-07-03 12:56:00,ARDX,5.269999980926514,5.269999980926514,5.289999961853027,5.269999980926514,5.284999847412109,70931.0
2024-07-03 12:56:00,ARGX,436.1099853515625,436.1099853515625,436.1099853515625,436.1099853515625,436.1099853515625,715.0
2024-07-03 12:56:00,ARQT,9.604999542236328,9.604999542236328,9.609999656677246,9.585000038146973,9.604999542236328,19375.0
2024-07-03 12:56:00,ARVN,23.889999389648438,23.889999389648438,23.93000030517578,23.8799991607666,23.93000030517578,3821.0
2024-07-03 12:56:00,ARWR,25.139999389648438,25.139999389648438,25.18000030517578,25.139999389648438,25.170000076293945,4729.0
2024-07-03 12:56:00,ASND,134.17999267578125,134.17999267578125,134.6999969482422,134.17999267578125,134.61000061035156,3978.0
2024-07-03 12:56:00,ASRT,1.3600000143051147,1.3600000143051147,1.3600000143051147,1.3550000190734863,1.3550000190734863,2260.0
2024-07-03 12:56:00,ATAI,1.284999966621399,1.284999966621399,1.2899999618530273,1.284999966621399,1.2899999618530273,2028.0
2024-07-03 12:56:00,ATEC,10.024999618530273,10.024999618530273,10.029999732971191,10.020999908447266,10.029999732971191,4154.0
2024-07-03 12:56:00,ATOS,1.1649999618530273,1.1649999618530273,1.1699999570846558,1.160099983215332,1.160099983215332,4375.0
2024-07-03 12:56:00,ATRC,22.5,22.5,22.510000228881836,22.440000534057617,22.440000534057617,8028.0
2024-07-03 12:56:00,ATRI,453.54998779296875,453.54998779296875,453.54998779296875,453.54998779296875,453.54998779296875,425.0
2024-07-03 12:56:00,ATXS,9.020000457763672,9.020000457763672,9.029999732971191,9.020000457763672,9.029999732971191,2268.0
2024-07-03 12:56:00,AUGX,1.0,1.0,1.0,0.9995999932289124,1.0,2504.0
2024-07-03 12:56:00,AUPH,5.474999904632568,5.474999904632568,5.480000019073486,5.474999904632568,5.480000019073486,4771.0
2024-07-03 12:56:00,AURA,6.914999961853027,6.914999961853027,6.914999961853027,6.914999961853027,6.914999961853027,531.0
2024-07-03 12:56:00,AUTL,3.4600000381469727,3.4600000381469727,3.4600000381469727,3.450000047683716,3.4549999237060547,16197.0
2024-07-03 12:56:00,AVDL,14.539999961853027,14.539999961853027,14.545000076293945,14.529999732971191,14.545000076293945,6643.0
2024-07-03 12:56:00,AVTE,1.6950000524520874,1.6950000524520874,1.6950000524520874,1.6950000524520874,1.6950000524520874,418.0
2024-07-03 12:56:00,AVXL,4.119999885559082,4.119999885559082,4.125,4.119999885559082,4.125,575.0
2024-07-03 12:56:00,AXGN,7.590000152587891,7.590000152587891,7.590000152587891,7.590000152587891,7.590000152587891,748.0
2024-07-03 12:56:00,AXNX,67.44999694824219,67.44999694824219,67.44999694824219,67.44999694824219,67.44999694824219,741.0
2024-07-03 12:56:00,AXSM,80.05999755859375,80.05999755859375,80.1500015258789,80.05999755859375,80.08999633789062,4974.0
2024-07-03 12:56:00,AZN,76.81999969482422,76.81999969482422,76.83000183105469,76.81999969482422,76.83000183105469,14444.0
2024-07-03 12:56:00,AZTA,51.9375,51.9375,52.02000045776367,51.9375,52.0,6612.0
2024-07-03 12:56:00,BACK,1.6686999797821045,1.6686999797821045,1.6699999570846558,1.6686999797821045,1.6699999570846558,1230.0
2024-07-03 12:56:00,BBIO,25.0,25.0,25.010000228881836,24.940000534057617,25.010000228881836,14101.0
2024-07-03 12:56:00,BCAB,1.434999942779541,1.434999942779541,1.440000057220459,1.434999942779541,1.440000057220459,7283.0
2024-07-03 12:56:00,BCLI,0.33500000834465027,0.33500000834465027,0.33500000834465027,0.33500000834465027,0.33500000834465027,602.0
2024-07-03 12:56:00,BCRX,6.425000190734863,6.425000190734863,6.429999828338623,6.425000190734863,6.429999828338623,8326.0
2024-07-03 12:56:00,BCYC,19.614999771118164,19.614999771118164,19.649999618530273,19.56999969482422,19.610000610351562,4939.0
2024-07-03 12:56:00,BDSX,1.600000023841858,1.600000023841858,1.600000023841858,1.600000023841858,1.600000023841858,830.0
2024-07-03 12:56:00,BDTX,4.445000171661377,4.445000171661377,4.445000171661377,4.440000057220459,4.440000057220459,3173.0
2024-07-03 12:56:00,BEAM,23.530000686645508,23.530000686645508,23.559999465942383,23.520000457763672,23.559999465942383,10395.0
2024-07-03 12:56:00,BEAT,2.7300000190734863,2.7300000190734863,2.7300000190734863,2.7300000190734863,2.7300000190734863,1079.0
2024-07-03 12:56:00,BGNE,147.7949981689453,147.7949981689453,147.88999938964844,147.7949981689453,147.88999938964844,1743.0
2024-07-03 12:56:00,BIIB,224.88999938964844,224.88999938964844,225.05999755859375,224.88999938964844,225.05999755859375,4080.0
2024-07-03 12:56:00,BLFS,20.02989959716797,20.02989959716797,20.02989959716797,20.0,20.0,2196.0
2024-07-03 12:56:00,BLUE,0.9136999845504761,0.9136999845504761,0.9204999804496765,0.9133999943733215,0.9204999804496765,30439.0
2024-07-03 12:56:00,BMEA,4.341000080108643,4.341000080108643,4.341000080108643,4.329999923706055,4.335000038146973,10333.0
2024-07-03 12:56:00,BMRN,81.20999908447266,81.20999908447266,81.2699966430664,81.20999908447266,81.25,4448.0
2024-07-03 12:56:00,BNGO,0.570900022983551,0.570900022983551,0.5730000138282776,0.5708000063896179,0.5708000063896179,3507.0
2024-07-03 12:56:00,BNTX,80.08000183105469,80.08000183105469,80.12999725341797,79.94999694824219,79.95999908447266,8886.0
2024-07-03 12:56:00,BPMC,108.99500274658203,108.99500274658203,109.08499908447266,108.91000366210938,109.08499908447266,6132.0
2024-07-03 12:56:00,BRKR,61.994998931884766,61.994998931884766,62.0,61.970001220703125,61.9900016784668,9478.0
2024-07-03 12:56:00,BRTX,1.850000023841858,1.850000023841858,1.850000023841858,1.850000023841858,1.850000023841858,700.0
2024-07-03 12:56:00,BTAI,1.0800000429153442,1.0800000429153442,1.090000033378601,1.0700000524520874,1.0750000476837158,17194.0
2024-07-03 12:56:00,BVS,5.929999828338623,5.929999828338623,5.929999828338623,5.900000095367432,5.90500020980835,14209.0
2024-07-03 12:56:00,BYSI,2.4600000381469727,2.4600000381469727,2.4600000381469727,2.4100000858306885,2.4100000858306885,2941.0
2024-07-03 12:56:00,CABA,7.539999961853027,7.539999961853027,7.559999942779541,7.539999961853027,7.559999942779541,5094.0
2024-07-03 12:56:00,CADL,6.260000228881836,6.260000228881836,6.28000020980835,6.260000228881836,6.28000020980835,331.0
2024-07-03 12:56:00,CAPR,4.849999904632568,4.849999904632568,4.864999771118164,4.849999904632568,4.864999771118164,10838.0
2024-07-03 12:56:00,CCCC,4.550000190734863,4.550000190734863,4.599999904632568,4.550000190734863,4.599999904632568,21835.0
2024-07-03 12:56:00,CCRN,13.59000015258789,13.59000015258789,13.59000015258789,13.579999923706055,13.579999923706055,1798.0
2024-07-03 12:56:00,CDMO,7.739999771118164,7.739999771118164,7.764999866485596,7.739999771118164,7.755000114440918,11771.0
2024-07-03 12:56:00,CDNA,14.899999618530273,14.899999618530273,14.930000305175781,14.899999618530273,14.930000305175781,5206.0
2024-07-03 12:56:00,CDXC,2.555000066757202,2.555000066757202,2.555000066757202,2.555000066757202,2.555000066757202,1072.0
2024-07-03 12:56:00,CDXS,2.869999885559082,2.869999885559082,2.869999885559082,2.865000009536743,2.865000009536743,1482.0
2024-07-03 12:56:00,CELC,16.34000015258789,16.34000015258789,16.344999313354492,16.31999969482422,16.31999969482422,3326.0
2024-07-03 12:56:00,CERE,40.380001068115234,40.380001068115234,40.41999816894531,40.279998779296875,40.290000915527344,26251.0
2024-07-03 12:56:00,CERS,1.715000033378601,1.715000033378601,1.715000033378601,1.7100000381469727,1.7100000381469727,1725.0
2024-07-03 12:56:00,CERT,13.8100004196167,13.8100004196167,13.8149995803833,13.800000190734863,13.8149995803833,2143.0
2024-07-03 12:56:00,CGC,6.46999979019165,6.46999979019165,6.489999771118164,6.46999979019165,6.489999771118164,18890.0
2024-07-03 12:56:00,CGEM,16.84000015258789,16.84000015258789,16.8700008392334,16.799999237060547,16.860000610351562,4639.0
2024-07-03 12:56:00,CGEN,1.6649999618530273,1.6649999618530273,1.6649999618530273,1.6649999618530273,1.6649999618530273,766.0
2024-07-03 12:56:00,CGTX,1.7699999809265137,1.7699999809265137,1.7699999809265137,1.7699999809265137,1.7699999809265137,402.0
2024-07-03 12:56:00,CHRS,1.3849999904632568,1.3849999904632568,1.3849999904632568,1.3849999904632568,1.3849999904632568,2827.0
2024-07-03 12:56:00,CKPT,2.190000057220459,2.190000057220459,2.190000057220459,2.190000057220459,2.190000057220459,271.0
2024-07-03 12:56:00,CLDX,35.994998931884766,35.994998931884766,36.02000045776367,35.9900016784668,36.02000045776367,3565.0
2024-07-03 12:56:00,CLOV,1.2583999633789062,1.2583999633789062,1.2598999738693237,1.25,1.25,1993.0
2024-07-03 12:56:00,CLRB,2.4649999141693115,2.4649999141693115,2.4649999141693115,2.4600000381469727,2.4600000381469727,500.0
2024-07-03 12:56:00,CLSD,1.2450000047683716,1.2450000047683716,1.25,1.2450000047683716,1.249899983406067,5165.0
2024-07-03 12:56:00,CMAX,2.3499999046325684,2.3499999046325684,2.3499999046325684,2.3499999046325684,2.3499999046325684,1231.0
2024-07-03 12:56:00,CMMB,0.9674999713897705,0.9674999713897705,0.9674999713897705,0.9373000264167786,0.9373000264167786,1044.0
2024-07-03 12:56:00,CMPS,6.289999961853027,6.289999961853027,6.289999961853027,6.28000020980835,6.289999961853027,994.0
2024-07-03 12:56:00,CMPX,0.8335000276565552,0.8335000276565552,0.8499000072479248,0.8195000290870667,0.8348000049591064,9236.0
2024-07-03 12:56:00,CNSP,1.4149999618530273,1.4149999618530273,1.4199999570846558,1.3899999856948853,1.3949999809265137,55127.0
2024-07-03 12:56:00,CNTA,8.550000190734863,8.550000190734863,8.550000190734863,8.550000190734863,8.550000190734863,996.0
2024-07-03 12:56:00,COGT,8.380000114440918,8.380000114440918,8.409000396728516,8.380000114440918,8.399999618530273,7453.0
2024-07-03 12:56:00,COLL,32.41999816894531,32.41999816894531,32.440101623535156,32.41999816894531,32.440101623535156,2720.0
2024-07-03 12:56:00,CORT,30.40999984741211,30.40999984741211,30.440000534057617,30.3799991607666,30.440000534057617,9163.0
2024-07-03 12:56:00,COSM,0.8949999809265137,0.8949999809265137,0.8962000012397766,0.8902999758720398,0.8902999758720398,11710.0
2024-07-03 12:56:00,CPRX,15.3100004196167,15.3100004196167,15.34000015258789,15.3100004196167,15.34000015258789,4439.0
2024-07-03 12:56:00,CRBP,50.0,50.0,50.0,50.0,50.0,1257.0
2024-07-03 12:56:00,CRBU,1.5950000286102295,1.5950000286102295,1.600000023841858,1.5950000286102295,1.5950000286102295,4188.0
2024-07-03 12:56:00,CRDF,2.244999885559082,2.244999885559082,2.244999885559082,2.244999885559082,2.244999885559082,579.0
2024-07-03 12:56:00,CRMD,4.130000114440918,4.130000114440918,4.139999866485596,4.130000114440918,4.139999866485596,2701.0
2024-07-03 12:56:00,CRNX,44.41999816894531,44.41999816894531,44.45000076293945,44.40999984741211,44.45000076293945,4549.0
2024-07-03 12:56:00,CRON,2.3006999492645264,2.3006999492645264,2.309999942779541,2.3006999492645264,2.309999942779541,31209.0
2024-07-03 12:56:00,CRSP,53.90999984741211,53.90999984741211,54.029998779296875,53.900001525878906,54.0,7081.0
2024-07-03 12:56:00,CSTL,21.229999542236328,21.229999542236328,21.25,21.190000534057617,21.25,8673.0
2024-07-03 12:56:00,CTKB,5.599999904632568,5.599999904632568,5.605000019073486,5.59499979019165,5.59499979019165,11103.0
2024-07-03 12:56:00,CTMX,1.3049999475479126,1.3049999475479126,1.3049999475479126,1.2999999523162842,1.2999999523162842,2217.0
2024-07-03 12:56:00,CTSO,0.8399999737739563,0.8399999737739563,0.8399999737739563,0.8399999737739563,0.8399999737739563,4091.0
2024-07-03 12:56:00,CTXR,0.5009999871253967,0.5009999871253967,0.5037000179290771,0.5009999871253967,0.5037000179290771,3803.0
2024-07-03 12:56:00,CUE,0.9800000190734863,0.9800000190734863,0.9800000190734863,0.9800000190734863,0.9800000190734863,684.0
2024-07-03 12:56:00,CUTR,1.2997000217437744,1.2997000217437744,1.2997000217437744,1.2997000217437744,1.2997000217437744,434.0
2024-07-03 12:56:00,CVAC,3.119999885559082,3.119999885559082,3.134999990463257,3.109999895095825,3.119999885559082,61445.0
2024-07-03 12:56:00,CVRX,11.770000457763672,11.770000457763672,11.770000457763672,11.729999542236328,11.75,1804.0
2024-07-03 12:56:00,CYTK,54.5099983215332,54.5099983215332,54.5099983215332,54.400001525878906,54.41999816894531,9673.0
2024-07-03 12:56:00,DAWN,13.510000228881836,13.510000228881836,13.510000228881836,13.489999771118164,13.489999771118164,5551.0
2024-07-03 12:56:00,DBVT,0.7889000177383423,0.7889000177383423,0.7889000177383423,0.6959999799728394,0.6959999799728394,1308.0
2024-07-03 12:56:00,DCGO,2.940000057220459,2.940000057220459,2.9600000381469727,2.940000057220459,2.9600000381469727,29230.0
2024-07-03 12:56:00,DCTH,7.909999847412109,7.909999847412109,7.929999828338623,7.909999847412109,7.929999828338623,3706.0
2024-07-03 12:56:00,DH,5.340000152587891,5.340000152587891,5.340000152587891,5.340000152587891,5.340000152587891,939.0
2024-07-03 12:56:00,DMAC,2.880000114440918,2.880000114440918,2.9100000858306885,2.880000114440918,2.9000000953674316,9064.0
2024-07-03 12:56:00,DNLI,21.360000610351562,21.360000610351562,21.389999389648438,21.360000610351562,21.3799991607666,4455.0
2024-07-03 12:56:00,DRRX,1.309999942779541,1.309999942779541,1.309999942779541,1.309999942779541,1.309999942779541,194.0
2024-07-03 12:56:00,DRUG,1.0700000524520874,1.0700000524520874,1.0700000524520874,1.0700000524520874,1.0700000524520874,233.0
2024-07-03 12:56:00,DSGN,3.1649999618530273,3.1649999618530273,3.1649999618530273,3.1600000858306885,3.1649999618530273,5930.0
2024-07-03 12:56:00,DVAX,11.039999961853027,11.039999961853027,11.050100326538086,11.039999961853027,11.050100326538086,5951.0
2024-07-03 12:56:00,DXCM,111.12000274658203,111.12000274658203,111.18499755859375,111.06999969482422,111.16500091552734,10962.0
2024-07-03 12:56:00,DYN,34.04999923706055,34.04999923706055,34.16999816894531,34.040000915527344,34.16999816894531,3239.0
2024-07-03 12:56:00,EDIT,4.664999961853027,4.664999961853027,4.664999961853027,4.659999847412109,4.664999961853027,5561.0
2024-07-03 12:56:00,EGRX,5.525000095367432,5.525000095367432,5.550000190734863,5.5,5.5,1033.0
2024-07-03 12:56:00,ELEV,2.740000009536743,2.740000009536743,2.740000009536743,2.740000009536743,2.740000009536743,1249.0
2024-07-03 12:56:00,EMBC,12.0600004196167,12.0600004196167,12.0600004196167,12.0600004196167,12.0600004196167,1416.0
2024-07-03 12:56:00,ENSG,126.4000015258789,126.4000015258789,126.44999694824219,126.38500213623047,126.40499877929688,5889.0
2024-07-03 12:56:00,ENTA,13.069999694824219,13.069999694824219,13.069999694824219,13.069999694824219,13.069999694824219,343.0
2024-07-03 12:56:00,EOLS,10.979999542236328,10.979999542236328,11.0,10.970000267028809,11.0,6559.0
2024-07-03 12:56:00,ERAS,2.184999942779541,2.184999942779541,2.184999942779541,2.180000066757202,2.180000066757202,1601.0
2024-07-03 12:56:00,ESPR,2.369999885559082,2.369999885559082,2.369999885559082,2.365000009536743,2.369999885559082,12633.0
2024-07-03 12:56:00,ESTA,43.709999084472656,43.709999084472656,43.709999084472656,43.709999084472656,43.709999084472656,2101.0
2024-07-03 12:56:00,ETNB,7.440000057220459,7.440000057220459,7.460000038146973,7.427499771118164,7.429999828338623,11100.0
2024-07-03 12:56:00,EVOK,0.5353000164031982,0.5353000164031982,0.5353000164031982,0.5353000164031982,0.5353000164031982,211.0
2024-07-03 12:56:00,EWTX,18.329999923706055,18.329999923706055,18.329999923706055,18.25,18.25,6052.0
2024-07-03 12:56:00,EXAI,5.389900207519531,5.389900207519531,5.389900207519531,5.389900207519531,5.389900207519531,0.0
2024-07-03 12:56:00,EXAS,43.22999954223633,43.22999954223633,43.2400016784668,43.209999084472656,43.209999084472656,5242.0
2024-07-03 12:56:00,EXEL,21.979999542236328,21.979999542236328,21.989999771118164,21.979999542236328,21.989999771118164,3143.0
2024-07-03 12:56:00,EYEN,0.7678999900817871,0.7678999900817871,0.7678999900817871,0.7678999900817871,0.7678999900817871,1073.0
2024-07-03 12:56:00,EYPT,8.600000381469727,8.600000381469727,8.619999885559082,8.600000381469727,8.619999885559082,3127.0
2024-07-03 12:56:00,FATE,3.1600000858306885,3.1600000858306885,3.1700000762939453,3.1600000858306885,3.1700000762939453,7057.0
2024-07-03 12:56:00,FBIO,1.7699999809265137,1.7699999809265137,1.7699999809265137,1.7699999809265137,1.7699999809265137,0.0
2024-07-03 12:56:00,FDMT,20.8700008392334,20.8700008392334,20.8799991607666,20.8700008392334,20.8799991607666,2415.0
2024-07-03 12:56:00,FGEN,0.6970999836921692,0.6970999836921692,0.7074000239372253,0.6970000267028809,0.7056999802589417,209898.0
2024-07-03 12:56:00,FHTX,5.590000152587891,5.590000152587891,5.590000152587891,5.5,5.570000171661377,939.0
2024-07-03 12:56:00,FOLD,9.829999923706055,9.829999923706055,9.845000267028809,9.829999923706055,9.845000267028809,7618.0
2024-07-03 12:56:00,FULC,6.15500020980835,6.15500020980835,6.15500020980835,6.150000095367432,6.15500020980835,3017.0
2024-07-03 12:56:00,GALT,2.1600000858306885,2.1600000858306885,2.1600000858306885,2.1500000953674316,2.1500000953674316,1860.0
2024-07-03 12:56:00,GANX,1.1405999660491943,1.1405999660491943,1.1449999809265137,1.1405999660491943,1.1449999809265137,518.0
2024-07-03 12:56:00,GDRX,7.820000171661377,7.820000171661377,7.820000171661377,7.809999942779541,7.809999942779541,7180.0
2024-07-03 12:56:00,GERN,4.34499979019165,4.34499979019165,4.349999904632568,4.340000152587891,4.349999904632568,52804.0
2024-07-03 12:56:00,GH,28.399999618530273,28.399999618530273,28.40999984741211,28.3799991607666,28.389999389648438,9802.0
2024-07-03 12:56:00,GHRS,11.9399995803833,11.9399995803833,12.039999961853027,11.9399995803833,12.039999961853027,1239.0
2024-07-03 12:56:00,GILD,66.68499755859375,66.68499755859375,66.72000122070312,66.68000030517578,66.69999694824219,37514.0
2024-07-03 12:56:00,GLPG,24.889999389648438,24.889999389648438,24.889999389648438,24.889999389648438,24.889999389648438,434.0
2024-07-03 12:56:00,GLUE,3.9000000953674316,3.9000000953674316,3.9000000953674316,3.880000114440918,3.880000114440918,991.0
2024-07-03 12:56:00,GMAB,25.155000686645508,25.155000686645508,25.15999984741211,25.149999618530273,25.15999984741211,2933.0
2024-07-03 12:56:00,GOSS,1.0099999904632568,1.0099999904632568,1.0299999713897705,1.0099999904632568,1.0199999809265137,19511.0
2024-07-03 12:56:00,GOVX,2.9200000762939453,2.9200000762939453,2.9200000762939453,2.890000104904175,2.890000104904175,10358.0
2024-07-03 12:56:00,GRFS,6.659999847412109,6.659999847412109,6.664999961853027,6.659999847412109,6.664999961853027,6761.0
2024-07-03 12:56:00,GRTS,0.5767999887466431,0.5767999887466431,0.5767999887466431,0.5702000260353088,0.5702000260353088,16396.0
2024-07-03 12:56:00,GTHX,2.565000057220459,2.565000057220459,2.569999933242798,2.565000057220459,2.569999933242798,11862.0
2024-07-03 12:56:00,HALO,52.04999923706055,52.04999923706055,52.08000183105469,51.970001220703125,52.08000183105469,9541.0
2024-07-03 12:56:00,HBIO,2.7799999713897705,2.7799999713897705,2.7850000858306885,2.7799999713897705,2.7850000858306885,821.0
2024-07-03 12:56:00,HCAT,6.179999828338623,6.179999828338623,6.179999828338623,6.179999828338623,6.179999828338623,1262.0
2024-07-03 12:56:00,HCM,17.46500015258789,17.46500015258789,17.489999771118164,17.46500015258789,17.489999771118164,667.0
2024-07-03 12:56:00,HCSG,10.604999542236328,10.604999542236328,10.614999771118164,10.600000381469727,10.614999771118164,6104.0
2024-07-03 12:56:00,HITI,2.1352999210357666,2.1352999210357666,2.1352999210357666,2.1352999210357666,2.1352999210357666,200.0
2024-07-03 12:56:00,HOLX,73.54499816894531,73.54499816894531,73.54499816894531,73.5199966430664,73.52999877929688,16266.0
2024-07-03 12:56:00,HOOK,0.5789999961853027,0.5789999961853027,0.5789999961853027,0.5788999795913696,0.5789999961853027,4885.0
2024-07-03 12:56:00,HOWL,2.119999885559082,2.119999885559082,2.130000114440918,2.119999885559082,2.130000114440918,550.0
2024-07-03 12:56:00,HQY,83.62000274658203,83.62000274658203,83.70500183105469,83.61000061035156,83.69999694824219,4933.0
2024-07-03 12:56:00,HRMY,30.829999923706055,30.829999923706055,30.850000381469727,30.809999465942383,30.809999465942383,1191.0
2024-07-03 12:56:00,HROW,21.44499969482422,21.44499969482422,21.469999313354492,21.43000030517578,21.454999923706055,5224.0
2024-07-03 12:56:00,HRTX,2.7799999713897705,2.7799999713897705,2.7899999618530273,2.7799999713897705,2.7850000858306885,42267.0
2024-07-03 12:56:00,HSIC,64.91000366210938,64.91000366210938,64.91000366210938,64.875,64.875,13199.0
2024-07-03 12:56:00,HSTM,27.549999237060547,27.549999237060547,27.549999237060547,27.549999237060547,27.549999237060547,1267.0
2024-07-03 12:56:00,HUMA,5.65500020980835,5.65500020980835,5.699999809265137,5.650000095367432,5.695000171661377,15945.0
2024-07-03 12:56:00,HYPR,1.0299999713897705,1.0299999713897705,1.0299999713897705,1.0299999713897705,1.0299999713897705,300.0
2024-07-03 12:56:00,IART,28.68000030517578,28.68000030517578,28.68000030517578,28.665000915527344,28.670000076293945,4578.0
2024-07-03 12:56:00,IBRX,6.284999847412109,6.284999847412109,6.284999847412109,6.275000095367432,6.275000095367432,9835.0
2024-07-03 12:56:00,ICAD,1.2400000095367432,1.2400000095367432,1.2400000095367432,1.2400000095367432,1.2400000095367432,585.0
2024-07-03 12:56:00,ICLR,317.614990234375,317.614990234375,317.614990234375,317.614990234375,317.614990234375,497.0
2024-07-03 12:56:00,IDXX,478.20001220703125,478.20001220703125,478.20001220703125,478.0400085449219,478.0400085449219,1591.0
2024-07-03 12:56:00,IDYA,33.29999923706055,33.29999923706055,33.310001373291016,33.29999923706055,33.310001373291016,2103.0
2024-07-03 12:56:00,IGMS,6.454999923706055,6.454999923706055,6.460000038146973,6.440000057220459,6.449999809265137,1432.0
2024-07-03 12:56:00,IKNA,1.6449999809265137,1.6449999809265137,1.6449999809265137,1.6449999809265137,1.6449999809265137,262.0
2024-07-03 12:56:00,IKT,1.184999942779541,1.184999942779541,1.192199945449829,1.1749999523162842,1.1749999523162842,4200.0
2024-07-03 12:56:00,ILMN,105.55000305175781,105.55000305175781,105.58999633789062,105.5199966430664,105.58000183105469,11643.0
2024-07-03 12:56:00,IMAB,1.5,1.5,1.5099999904632568,1.5,1.5099999904632568,737.0
2024-07-03 12:56:00,IMCR,36.0,36.0,36.02000045776367,35.95069885253906,36.0099983215332,2623.0
2024-07-03 12:56:00,IMMP,1.9900000095367432,1.9900000095367432,1.9900000095367432,1.9900000095367432,1.9900000095367432,518.0
2024-07-03 12:56:00,IMMX,2.4049999713897705,2.4049999713897705,2.4049999713897705,2.380000114440918,2.38919997215271,6351.0
2024-07-03 12:56:00,IMTX,11.859999656677246,11.859999656677246,11.859999656677246,11.859999656677246,11.859999656677246,660.0
2024-07-03 12:56:00,IMUX,1.149999976158142,1.149999976158142,1.149999976158142,1.149899959564209,1.149899959564209,1568.0
2024-07-03 12:56:00,IMVT,26.148000717163086,26.148000717163086,26.148000717163086,26.100000381469727,26.139999389648438,4591.0
2024-07-03 12:56:00,INBX,13.390000343322754,13.390000343322754,13.390000343322754,13.390000343322754,13.390000343322754,638.0
2024-07-03 12:56:00,INCY,57.77000045776367,57.77000045776367,57.84000015258789,57.77000045776367,57.81999969482422,29014.0
2024-07-03 12:56:00,INGN,8.039999961853027,8.039999961853027,8.039999961853027,8.029999732971191,8.039999961853027,2233.0
2024-07-03 12:56:00,INMB,8.015000343322754,8.015000343322754,8.015000343322754,8.015000343322754,8.015000343322754,313.0
2024-07-03 12:56:00,INMD,17.479999542236328,17.479999542236328,17.479999542236328,17.459999084472656,17.459999084472656,9677.0
2024-07-03 12:56:00,INO,8.270000457763672,8.270000457763672,8.270000457763672,8.270000457763672,8.270000457763672,1188.0
2024-07-03 12:56:00,INSM,62.09000015258789,62.09000015258789,62.279998779296875,62.09000015258789,62.27000045776367,22486.0
2024-07-03 12:56:00,INVA,16.329999923706055,16.329999923706055,16.334999084472656,16.329999923706055,16.334999084472656,1539.0
2024-07-03 12:56:00,INZY,4.480000019073486,4.480000019073486,4.480000019073486,4.480000019073486,4.480000019073486,634.0
2024-07-03 12:56:00,IONM,0.3163999915122986,0.3163999915122986,0.3163999915122986,0.3163999915122986,0.3163999915122986,1744.0
2024-07-03 12:56:00,IONS,45.810001373291016,45.810001373291016,45.849998474121094,45.7400016784668,45.75,14567.0
2024-07-03 12:56:00,IOVA,7.360099792480469,7.360099792480469,7.389999866485596,7.360000133514404,7.375,213786.0
2024-07-03 12:56:00,IPA,1.0,1.0,1.0,1.0,1.0,249.0
2024-07-03 12:56:00,IPSC,2.259999990463257,2.259999990463257,2.259999990463257,2.259999990463257,2.259999990463257,870.0
2024-07-03 12:56:00,IRTC,97.125,97.125,97.29000091552734,97.125,97.29000091552734,3124.0
2024-07-03 12:56:00,IRWD,6.130000114440918,6.130000114440918,6.135000228881836,6.130000114440918,6.135000228881836,1838.0
2024-07-03 12:56:00,ISPC,0.27570000290870667,0.27570000290870667,0.27570000290870667,0.27570000290870667,0.27570000290870667,912.0
2024-07-03 12:56:00,ISRG,434.9800109863281,434.9800109863281,435.114990234375,434.8699951171875,435.1000061035156,8310.0
2024-07-03 12:56:00,ITCI,69.11000061035156,69.11000061035156,69.11000061035156,69.05999755859375,69.08999633789062,3923.0
2024-07-03 12:56:00,ITOS,14.789999961853027,14.789999961853027,14.8100004196167,14.789999961853027,14.8100004196167,1917.0
2024-07-03 12:56:00,IVVD,1.090000033378601,1.090000033378601,1.090000033378601,1.090000033378601,1.090000033378601,441.0
2024-07-03 12:56:00,JANX,38.55500030517578,38.55500030517578,38.59000015258789,38.529998779296875,38.59000015258789,6539.0
2024-07-03 12:56:00,JAZZ,104.1500015258789,104.1500015258789,104.1500015258789,103.93000030517578,103.93000030517578,3896.0
2024-07-03 12:56:00,JSPR,22.344999313354492,22.344999313354492,22.43000030517578,22.229999542236328,22.43000030517578,2594.0
2024-07-03 12:56:00,JYNT,13.34000015258789,13.34000015258789,13.34000015258789,13.34000015258789,13.34000015258789,483.0
2024-07-03 12:56:00,KALV,11.699999809265137,11.699999809265137,11.710000038146973,11.699999809265137,11.710000038146973,1733.0
2024-07-03 12:56:00,KIDS,29.770000457763672,29.770000457763672,29.770000457763672,29.770000457763672,29.770000457763672,974.0
2024-07-03 12:56:00,KMDA,5.119999885559082,5.119999885559082,5.119999885559082,5.119999885559082,5.119999885559082,526.0
2024-07-03 12:56:00,KNSA,19.125,19.125,19.125,19.09000015258789,19.100000381469727,5031.0
2024-07-03 12:56:00,KOD,2.190000057220459,2.190000057220459,2.2049999237060547,2.190000057220459,2.2049999237060547,1801.0
2024-07-03 12:56:00,KPTI,0.8305000066757202,0.8305000066757202,0.8305000066757202,0.8303999900817871,0.8305000066757202,4104.0
2024-07-03 12:56:00,KRMD,2.5299999713897705,2.5299999713897705,2.5299999713897705,2.5299999713897705,2.5299999713897705,1137.0
2024-07-03 12:56:00,KROS,42.41999816894531,42.41999816894531,42.43000030517578,42.3849983215332,42.43000030517578,2532.0
2024-07-03 12:56:00,KRYS,178.0,178.0,178.0,177.75999450683594,177.82000732421875,3281.0
2024-07-03 12:56:00,KTRA,0.2759999930858612,0.2759999930858612,0.2759999930858612,0.2759000062942505,0.2759000062942505,23246.0
2024-07-03 12:56:00,KURA,20.139999389648438,20.139999389648438,20.149999618530273,20.1200008392334,20.145000457763672,14957.0
2024-07-03 12:56:00,KYMR,30.229999542236328,30.229999542236328,30.350000381469727,30.229999542236328,30.350000381469727,6019.0
2024-07-03 12:56:00,KZR,0.5782999992370605,0.5782999992370605,0.5782999992370605,0.5773000121116638,0.5773000121116638,2289.0
2024-07-03 12:56:00,LAB,1.8550000190734863,1.8550000190734863,1.8650000095367432,1.850000023841858,1.8600000143051147,46588.0
2024-07-03 12:56:00,LBPH,31.670000076293945,31.670000076293945,31.68000030517578,31.65999984741211,31.68000030517578,1466.0
2024-07-03 12:56:00,LEGN,45.83000183105469,45.83000183105469,45.97999954223633,45.75,45.97999954223633,12482.0
2024-07-03 12:56:00,LFMD,6.744999885559082,6.744999885559082,6.764999866485596,6.744999885559082,6.764999866485596,3429.0
2024-07-03 12:56:00,LFST,5.079999923706055,5.079999923706055,5.085000038146973,5.079999923706055,5.085000038146973,1523.0
2024-07-03 12:56:00,LGND,82.72000122070312,82.72000122070312,82.77999877929688,82.66500091552734,82.66500091552734,1177.0
2024-07-03 12:56:00,LGVN,1.638800024986267,1.638800024986267,1.638800024986267,1.6349999904632568,1.6349999904632568,477.0
2024-07-03 12:56:00,LIVN,52.790000915527344,52.790000915527344,52.83000183105469,52.790000915527344,52.81999969482422,15401.0
2024-07-03 12:56:00,LMAT,81.19999694824219,81.19999694824219,81.19999694824219,81.19999694824219,81.19999694824219,154.0
2024-07-03 12:56:00,LNTH,79.58999633789062,79.58999633789062,79.58999633789062,79.52999877929688,79.54000091552734,2491.0
2024-07-03 12:56:00,LOGC,5.75,5.75,5.75,5.75,5.75,1023.0
2024-07-03 12:56:00,LPTX,1.8300000429153442,1.8300000429153442,1.8300000429153442,1.8300000429153442,1.8300000429153442,707.0
2024-07-03 12:56:00,LQDA,11.970000267028809,11.970000267028809,11.975000381469727,11.970000267028809,11.970000267028809,1840.0
2024-07-03 12:56:00,LRMR,7.619999885559082,7.619999885559082,7.635000228881836,7.619999885559082,7.630000114440918,2200.0
2024-07-03 12:56:00,LUCY,0.45500001311302185,0.45500001311302185,0.462799996137619,0.4544999897480011,0.462799996137619,50238.0
2024-07-03 12:56:00,LUNG,6.320000171661377,6.320000171661377,6.320000171661377,6.320000171661377,6.320000171661377,419.0
2024-07-03 12:56:00,LXRX,1.6449999809265137,1.6449999809265137,1.649999976158142,1.6449999809265137,1.649999976158142,11262.0
2024-07-03 12:56:00,LYEL,1.5099999904632568,1.5099999904632568,1.5099999904632568,1.5049999952316284,1.5099999904632568,5797.0
2024-07-03 12:56:00,MASI,114.36000061035156,114.36000061035156,114.36000061035156,114.30000305175781,114.30000305175781,5663.0
2024-07-03 12:56:00,MASS,4.849999904632568,4.849999904632568,4.860000133514404,4.849999904632568,4.860000133514404,2038.0
2024-07-03 12:56:00,MBIO,0.49070000648498535,0.49070000648498535,0.49079999327659607,0.49070000648498535,0.49079999327659607,10996.0
2024-07-03 12:56:00,MCRB,0.7203999757766724,0.7203999757766724,0.7225000262260437,0.7203999757766724,0.7207000255584717,4050.0
2024-07-03 12:56:00,MDGL,271.75,271.75,271.7799987792969,271.75,271.7799987792969,1857.0
2024-07-03 12:56:00,MDWD,14.640000343322754,14.640000343322754,14.640000343322754,14.640000343322754,14.640000343322754,599.0
2024-07-03 12:56:00,MDXG,6.815000057220459,6.815000057220459,6.815000057220459,6.815000057220459,6.815000057220459,2234.0
2024-07-03 12:56:00,ME,0.4156999886035919,0.4156999886035919,0.4156999886035919,0.41510000824928284,0.41510000824928284,650.0
2024-07-03 12:56:00,MEDP,403.4200134277344,403.4200134277344,403.4200134277344,403.3900146484375,403.3900146484375,2179.0
2024-07-03 12:56:00,MESO,6.800000190734863,6.800000190734863,6.800000190734863,6.800000190734863,6.800000190734863,277.0
2024-07-03 12:56:00,MGNX,4.204999923706055,4.204999923706055,4.210000038146973,4.204999923706055,4.204999923706055,3926.0
2024-07-03 12:56:00,MIRM,33.86000061035156,33.86000061035156,33.86000061035156,33.81999969482422,33.834999084472656,981.0
2024-07-03 12:56:00,MLTX,42.6349983215332,42.6349983215332,42.70500183105469,42.6349983215332,42.65999984741211,4929.0
2024-07-03 12:56:00,MMSI,85.7699966430664,85.7699966430664,85.7699966430664,85.75,85.75,869.0
2024-07-03 12:56:00,MNKD,5.03000020980835,5.03000020980835,5.050000190734863,5.03000020980835,5.050000190734863,11304.0
2024-07-03 12:56:00,MNMD,7.105000019073486,7.105000019073486,7.110000133514404,7.105000019073486,7.105000019073486,1895.0
2024-07-03 12:56:00,MODD,1.4299999475479126,1.4299999475479126,1.4299999475479126,1.4299999475479126,1.4299999475479126,300.0
2024-07-03 12:56:00,MODV,27.1299991607666,27.1299991607666,27.290000915527344,27.1299991607666,27.290000915527344,3235.0
2024-07-03 12:56:00,MORF,31.84000015258789,31.84000015258789,31.8700008392334,31.84000015258789,31.860000610351562,1705.0
2024-07-03 12:56:00,MREO,3.5950000286102295,3.5950000286102295,3.5950000286102295,3.575000047683716,3.575000047683716,6593.0
2024-07-03 12:56:00,MRNA,116.16089630126953,116.16089630126953,116.25,115.97000122070312,116.18000030517578,19497.0
2024-07-03 12:56:00,MRNS,1.2000000476837158,1.2000000476837158,1.2050000429153442,1.2000000476837158,1.2050000429153442,975.0
2024-07-03 12:56:00,MRSN,1.8450000286102295,1.8450000286102295,1.8450000286102295,1.8450000286102295,1.8450000286102295,1873.0
2024-07-03 12:56:00,MRUS,52.88999938964844,52.88999938964844,52.900001525878906,52.849998474121094,52.900001525878906,2115.0
2024-07-03 12:56:00,MRVI,7.014999866485596,7.014999866485596,7.019999980926514,7.014999866485596,7.014999866485596,7247.0
2024-07-03 12:56:00,MXCT,3.7699999809265137,3.7699999809265137,3.7750000953674316,3.7699999809265137,3.7750000953674316,3885.0
2024-07-03 12:56:00,MYGN,24.93000030517578,24.93000030517578,24.959999084472656,24.93000030517578,24.959999084472656,5639.0
2024-07-03 12:56:00,MYNZ,0.335099995136261,0.335099995136261,0.33889999985694885,0.335099995136261,0.33889999985694885,4900.0
2024-07-03 12:56:00,NARI,49.900001525878906,49.900001525878906,49.90999984741211,49.83000183105469,49.83000183105469,6164.0
2024-07-03 12:56:00,NBIX,138.3800048828125,138.3800048828125,138.44500732421875,138.3800048828125,138.4199981689453,4424.0
2024-07-03 12:56:00,NDRA,0.08950000256299973,0.08950000256299973,0.09019999951124191,0.08950000256299973,0.09019999951124191,14172.0
2024-07-03 12:56:00,NEO,13.699999809265137,13.699999809265137,13.710000038146973,13.699999809265137,13.699999809265137,3850.0
2024-07-03 12:56:00,NEOG,15.1899995803833,15.1899995803833,15.225000381469727,15.1850004196167,15.194999694824219,29847.0
2024-07-03 12:56:00,NKTR,1.315000057220459,1.315000057220459,1.3200000524520874,1.309999942779541,1.3200000524520874,10070.0
2024-07-03 12:56:00,NKTX,5.364999771118164,5.364999771118164,5.364999771118164,5.364999771118164,5.364999771118164,994.0
2024-07-03 12:56:00,NLSP,0.20180000364780426,0.20180000364780426,0.20180000364780426,0.20170000195503235,0.20170000195503235,1283.0
2024-07-03 12:56:00,NMTC,0.8500000238418579,0.8500000238418579,0.8500000238418579,0.8500000238418579,0.8500000238418579,491.0
2024-07-03 12:56:00,NNOX,7.014999866485596,7.014999866485596,7.019999980926514,7.014999866485596,7.019999980926514,2714.0
2024-07-03 12:56:00,NOTV,1.690000057220459,1.690000057220459,1.690000057220459,1.690000057220459,1.690000057220459,173.0
2024-07-03 12:56:00,NPCE,7.199999809265137,7.199999809265137,7.25,7.199999809265137,7.25,1292.0
2024-07-03 12:56:00,NRC,22.969999313354492,22.969999313354492,22.989999771118164,22.959999084472656,22.975000381469727,2714.0
2024-07-03 12:56:00,NRIX,19.450000762939453,19.450000762939453,19.479999542236328,19.440000534057617,19.479999542236328,4431.0
2024-07-03 12:56:00,NRSN,1.3049999475479126,1.3049999475479126,1.3049999475479126,1.3049999475479126,1.3049999475479126,5000.0
2024-07-03 12:56:00,NTLA,22.934999465942383,22.934999465942383,22.989999771118164,22.920000076293945,22.989999771118164,12470.0
2024-07-03 12:56:00,NTRA,111.80999755859375,111.80999755859375,111.8499984741211,111.76000213623047,111.7699966430664,8870.0
2024-07-03 12:56:00,NUVL,72.25,72.25,72.33000183105469,72.25,72.33000183105469,1476.0
2024-07-03 12:56:00,NVAX,12.569999694824219,12.569999694824219,12.569999694824219,12.545000076293945,12.555000305175781,31467.0
2024-07-03 12:56:00,NVCR,16.8799991607666,16.8799991607666,16.8799991607666,16.850000381469727,16.8799991607666,4321.0
2024-07-03 12:56:00,NXL,1.4199999570846558,1.4199999570846558,1.4299999475479126,1.4199999570846558,1.4299999475479126,9.0
2024-07-03 12:56:00,OCGN,1.6449999809265137,1.6449999809265137,1.649999976158142,1.6425000429153442,1.6449999809265137,6891.0
2024-07-03 12:56:00,OCUL,6.699999809265137,6.699999809265137,6.699999809265137,6.684999942779541,6.690000057220459,8023.0
2024-07-03 12:56:00,OCUP,1.580299973487854,1.580299973487854,1.590000033378601,1.5800000429153442,1.5800000429153442,6773.0
2024-07-03 12:56:00,OFIX,13.5,13.5,13.529999732971191,13.5,13.529999732971191,1079.0
2024-07-03 12:56:00,OGI,1.5750000476837158,1.5750000476837158,1.5750000476837158,1.5750000476837158,1.5750000476837158,495.0
2024-07-03 12:56:00,OLK,25.739999771118164,25.739999771118164,25.749799728393555,25.739999771118164,25.749799728393555,7484.0
2024-07-03 12:56:00,OLMA,10.630000114440918,10.630000114440918,10.630000114440918,10.630000114440918,10.630000114440918,2446.0
2024-07-03 12:56:00,OM,3.875,3.875,3.875,3.869999885559082,3.875,4831.0
2024-07-03 12:56:00,OMCL,26.780000686645508,26.780000686645508,26.81999969482422,26.760000228881836,26.81999969482422,3302.0
2024-07-03 12:56:00,OMER,3.869999885559082,3.869999885559082,3.869999885559082,3.869999885559082,3.869999885559082,713.0
2024-07-03 12:56:00,OMGA,1.909999966621399,1.909999966621399,1.909999966621399,1.909999966621399,1.909999966621399,16070.0
2024-07-03 12:57:00,AADI,1.4049999713897705,1.4049999713897705,1.4049999713897705,1.4049999713897705,1.4049999713897705,2303.0
2024-07-03 12:57:00,ABCL,2.7200000286102295,2.7200000286102295,2.7200000286102295,2.7100000381469727,2.7100000381469727,2568.0
2024-07-03 12:57:00,ABEO,4.340000152587891,4.340000152587891,4.349999904632568,4.340000152587891,4.3403000831604,4693.0
2024-07-03 12:57:00,ABIO,3.430000066757202,3.430000066757202,3.430000066757202,3.430000066757202,3.430000066757202,467.0
2024-07-03 12:57:00,ABOS,2.359999895095825,2.359999895095825,2.359999895095825,2.359999895095825,2.359999895095825,200.0
2024-07-03 12:57:00,ABSI,3.184999942779541,3.184999942779541,3.194999933242798,3.1700000762939453,3.1700000762939453,13678.0
2024-07-03 12:57:00,ABUS,3.1600000858306885,3.1600000858306885,3.1600000858306885,3.1549999713897705,3.1600000858306885,6943.0
2024-07-03 12:57:00,ACAD,15.614999771118164,15.614999771118164,15.640000343322754,15.614999771118164,15.630000114440918,6673.0
2024-07-03 12:57:00,ACB,4.880000114440918,4.880000114440918,4.885000228881836,4.880000114440918,4.880000114440918,3784.0
2024-07-03 12:57:00,ACCD,3.565000057220459,3.565000057220459,3.569999933242798,3.559999942779541,3.559999942779541,26567.0
2024-07-03 12:57:00,ACET,1.0800000429153442,1.0800000429153442,1.0850000381469727,1.0800000429153442,1.0800000429153442,3683.0
2024-07-03 12:57:00,ACHC,66.7699966430664,66.7699966430664,66.77999877929688,66.73999786376953,66.76000213623047,4903.0
2024-07-03 12:57:00,ACHV,4.5,4.5,4.510000228881836,4.5,4.510000228881836,3422.0
2024-07-03 12:57:00,ACIU,3.809999942779541,3.809999942779541,3.809999942779541,3.809999942779541,3.809999942779541,1008.0
2024-07-03 12:57:00,ACLX,54.7599983215332,54.7599983215332,55.029998779296875,54.7400016784668,55.029998779296875,6188.0
2024-07-03 12:57:00,ACRS,1.149999976158142,1.149999976158142,1.1549999713897705,1.149999976158142,1.149999976158142,3878.0
2024-07-03 12:57:00,ADAG,2.890000104904175,2.890000104904175,2.890000104904175,2.890000104904175,2.890000104904175,200.0
2024-07-03 12:57:00,ADAP,1.0199999809265137,1.0199999809265137,1.0299999713897705,1.0199999809265137,1.024999976158142,3265.0
2024-07-03 12:57:00,ADMA,11.234999656677246,11.234999656677246,11.248499870300293,11.234999656677246,11.239999771118164,7280.0
2024-07-03 12:57:00,ADPT,3.369999885559082,3.369999885559082,3.375,3.369999885559082,3.369999885559082,10586.0
2024-07-03 12:57:00,ADUS,117.21499633789062,117.21499633789062,117.21499633789062,117.21499633789062,117.21499633789062,920.0
2024-07-03 12:57:00,ADVM,7.119999885559082,7.119999885559082,7.130000114440918,7.110000133514404,7.130000114440918,2307.0
2024-07-03 12:57:00,AEMD,0.4049000144004822,0.4049000144004822,0.4049000144004822,0.4049000144004822,0.4049000144004822,1050.0
2024-07-03 12:57:00,AFMD,5.050000190734863,5.050000190734863,5.070000171661377,5.050000190734863,5.070000171661377,756.0
2024-07-03 12:57:00,AGEN,14.520000457763672,14.520000457763672,14.520000457763672,14.479999542236328,14.479999542236328,1320.0
2024-07-03 12:57:00,AGIO,42.02000045776367,42.02000045776367,42.11000061035156,42.02000045776367,42.11000061035156,3224.0
2024-07-03 12:57:00,AHCO,9.704999923706055,9.704999923706055,9.704999923706055,9.704999923706055,9.704999923706055,287.0
2024-07-03 12:57:00,AIMD,0.9700000286102295,0.9700000286102295,0.9900000095367432,0.9700000286102295,0.9900000095367432,44857.0
2024-07-03 12:57:00,AKBA,0.9483000040054321,0.9483000040054321,0.9487000107765198,0.948199987411499,0.9487000107765198,2873.0
2024-07-03 12:57:00,AKRO,21.958999633789062,21.958999633789062,21.969999313354492,21.950000762939453,21.969999313354492,2802.0
2024-07-03 12:57:00,ALDX,3.184999942779541,3.184999942779541,3.184999942779541,3.184999942779541,3.184999942779541,1205.0
2024-07-03 12:57:00,ALEC,4.425000190734863,4.425000190734863,4.429999828338623,4.425000190734863,4.425000190734863,2052.0
2024-07-03 12:57:00,ALGN,243.4149932861328,243.4149932861328,243.4600067138672,243.335205078125,243.36000061035156,4730.0
2024-07-03 12:57:00,ALGS,0.423799991607666,0.423799991607666,0.4253000020980835,0.423799991607666,0.42500001192092896,6900.0
2024-07-03 12:57:00,ALHC,7.943999767303467,7.943999767303467,7.943999767303467,7.929999828338623,7.940000057220459,1945.0
2024-07-03 12:57:00,ALKS,24.225000381469727,24.225000381469727,24.229999542236328,24.219999313354492,24.225000381469727,5620.0
2024-07-03 12:57:00,ALLK,0.7617999911308289,0.7617999911308289,0.7633000016212463,0.7601000070571899,0.7601000070571899,71507.0
2024-07-03 12:57:00,ALLO,2.089900016784668,2.089900016784668,2.0899999141693115,2.0840001106262207,2.0850000381469727,20560.0
2024-07-03 12:57:00,ALLR,0.19750000536441803,0.19750000536441803,0.20090000331401825,0.19750000536441803,0.20000000298023224,60019.0
2024-07-03 12:57:00,ALNY,249.1999969482422,249.1999969482422,249.6699981689453,249.1999969482422,249.6699981689453,16187.0
2024-07-03 12:57:00,ALT,6.625,6.625,6.630000114440918,6.614999771118164,6.625,19208.0
2024-07-03 12:57:00,ALVO,12.1899995803833,12.1899995803833,12.1899995803833,12.180000305175781,12.1899995803833,1393.0
2024-07-03 12:57:00,ALVR,0.7476999759674072,0.7476999759674072,0.7476999759674072,0.7476999759674072,0.7476999759674072,4979.0
2024-07-03 12:57:00,ALXO,5.599999904632568,5.599999904632568,5.619999885559082,5.599999904632568,5.619999885559082,10697.0
2024-07-03 12:57:00,AMED,97.20999908447266,97.20999908447266,97.20999908447266,97.125,97.125,4906.0
2024-07-03 12:57:00,AMGN,309.6199951171875,309.6199951171875,309.6199951171875,309.3999938964844,309.55499267578125,14716.0
2024-07-03 12:57:00,AMLX,1.7649999856948853,1.7649999856948853,1.7699999809265137,1.7599999904632568,1.7649999856948853,25897.0
2024-07-03 12:57:00,AMPH,38.529998779296875,38.529998779296875,38.529998779296875,38.4900016784668,38.52000045776367,4089.0
2024-07-03 12:57:00,AMRN,0.6872000098228455,0.6872000098228455,0.6876000165939331,0.6872000098228455,0.6876000165939331,3521.0
2024-07-03 12:57:00,ANAB,24.8799991607666,24.8799991607666,24.90999984741211,24.8799991607666,24.90999984741211,1614.0
2024-07-03 12:57:00,ANGO,5.690000057220459,5.690000057220459,5.695000171661377,5.690000057220459,5.695000171661377,1734.0
2024-07-03 12:57:00,ANNX,4.789999961853027,4.789999961853027,4.789999961853027,4.784999847412109,4.784999847412109,5737.0
2024-07-03 12:57:00,ANTX,2.690000057220459,2.690000057220459,2.700000047683716,2.684999942779541,2.700000047683716,3966.0
2024-07-03 12:57:00,APDN,0.39879998564720154,0.39879998564720154,0.39879998564720154,0.397599995136261,0.397599995136261,1895.0
2024-07-03 12:57:00,APLS,35.470001220703125,35.470001220703125,35.47999954223633,35.45000076293945,35.459999084472656,6903.0
2024-07-03 12:57:00,APLT,4.349999904632568,4.349999904632568,4.355000019073486,4.349999904632568,4.349999904632568,1515.0
2024-07-03 12:57:00,AQST,2.4100000858306885,2.4100000858306885,2.4100000858306885,2.4000000953674316,2.4049999713897705,2340.0
2024-07-03 12:57:00,ARAY,1.7400000095367432,1.7400000095367432,1.7400000095367432,1.7350000143051147,1.7400000095367432,614.0
2024-07-03 12:57:00,ARCT,21.854999542236328,21.854999542236328,21.905000686645508,21.854999542236328,21.905000686645508,4711.0
2024-07-03 12:57:00,ARDX,5.284999847412109,5.284999847412109,5.289999961853027,5.269999980926514,5.269999980926514,113048.0
2024-07-03 12:57:00,ARGX,435.5400085449219,435.5400085449219,436.1650085449219,435.5400085449219,435.65399169921875,1935.0
2024-07-03 12:57:00,ARQT,9.604999542236328,9.604999542236328,9.609999656677246,9.600000381469727,9.604999542236328,5013.0
2024-07-03 12:57:00,ARVN,23.8799991607666,23.8799991607666,23.899999618530273,23.8799991607666,23.899999618530273,3690.0
2024-07-03 12:57:00,ARWR,25.1299991607666,25.1299991607666,25.1299991607666,25.1299991607666,25.1299991607666,1166.0
2024-07-03 12:57:00,ASMB,12.420000076293945,12.420000076293945,12.420000076293945,12.420000076293945,12.420000076293945,321.0
2024-07-03 12:57:00,ASND,134.3350067138672,134.3350067138672,134.3350067138672,134.21099853515625,134.21600341796875,1996.0
2024-07-03 12:57:00,ASRT,1.3600000143051147,1.3600000143051147,1.3600000143051147,1.350100040435791,1.3600000143051147,5370.0
2024-07-03 12:57:00,ATAI,1.284999966621399,1.284999966621399,1.2899999618530273,1.2799999713897705,1.284999966621399,4906.0
2024-07-03 12:57:00,ATEC,10.015000343322754,10.015000343322754,10.024999618530273,10.015000343322754,10.024999618530273,9367.0
2024-07-03 12:57:00,ATHA,2.5799999237060547,2.5799999237060547,2.5899999141693115,2.5799999237060547,2.5899999141693115,1956.0
2024-07-03 12:57:00,ATOS,1.1699999570846558,1.1699999570846558,1.1699999570846558,1.1649999618530273,1.1649999618530273,4576.0
2024-07-03 12:57:00,ATRC,22.479999542236328,22.479999542236328,22.510000228881836,22.469999313354492,22.469999313354492,5902.0
2024-07-03 12:57:00,ATXS,9.005000114440918,9.005000114440918,9.020000457763672,9.0,9.020000457763672,2470.0
2024-07-03 12:57:00,AUGX,1.0,1.0,1.0010000467300415,1.0,1.0,2452.0
2024-07-03 12:57:00,AUPH,5.474999904632568,5.474999904632568,5.474999904632568,5.474999904632568,5.474999904632568,3039.0
2024-07-03 12:57:00,AURA,6.920000076293945,6.920000076293945,6.920000076293945,6.920000076293945,6.920000076293945,795.0
2024-07-03 12:57:00,AUTL,3.4700000286102295,3.4700000286102295,3.4800000190734863,3.4600000381469727,3.4600000381469727,29804.0
2024-07-03 12:57:00,AVDL,14.520000457763672,14.520000457763672,14.524999618530273,14.5,14.524999618530273,7507.0
2024-07-03 12:57:00,AVIR,3.2750000953674316,3.2750000953674316,3.2750000953674316,3.2699999809265137,3.2699999809265137,1185.0
2024-07-03 12:57:00,AVTE,1.690000057220459,1.690000057220459,1.6950000524520874,1.6799999475479126,1.6950000524520874,18848.0
2024-07-03 12:57:00,AVTX,11.850000381469727,11.850000381469727,11.850000381469727,11.850000381469727,11.850000381469727,212.0
2024-07-03 12:57:00,AVXL,4.119999885559082,4.119999885559082,4.129899978637695,4.119999885559082,4.119999885559082,1044.0
2024-07-03 12:57:00,AWH,0.9387000203132629,0.9387000203132629,0.9399999976158142,0.9387000203132629,0.9387000203132629,1753.0
2024-07-03 12:57:00,AXDX,1.1799999475479126,1.1799999475479126,1.1799999475479126,1.1749999523162842,1.1749999523162842,642.0
2024-07-03 12:57:00,AXGN,7.630000114440918,7.630000114440918,7.65500020980835,7.570000171661377,7.570000171661377,39310.0
2024-07-03 12:57:00,AXNX,67.44999694824219,67.44999694824219,67.44999694824219,67.44999694824219,67.44999694824219,311.0
2024-07-03 12:57:00,AXSM,80.16000366210938,80.16000366210938,80.19999694824219,80.02999877929688,80.06500244140625,11581.0
2024-07-03 12:57:00,AZN,76.83499908447266,76.83499908447266,76.83499908447266,76.81999969482422,76.82499694824219,24917.0
2024-07-03 12:57:00,AZTA,52.02000045776367,52.02000045776367,52.02000045776367,51.900001525878906,51.900001525878906,5406.0
2024-07-03 12:57:00,BACK,1.659999966621399,1.659999966621399,1.659999966621399,1.659999966621399,1.659999966621399,694.0
2024-07-03 12:57:00,BBIO,25.0,25.0,25.010000228881836,24.989999771118164,25.0,9335.0
2024-07-03 12:57:00,BCAB,1.434999942779541,1.434999942779541,1.440000057220459,1.434999942779541,1.440000057220459,13199.0
2024-07-03 12:57:00,BCLI,0.33500000834465027,0.33500000834465027,0.34119999408721924,0.33500000834465027,0.34119999408721924,5219.0
2024-07-03 12:57:00,BCRX,6.424699783325195,6.424699783325195,6.429999828338623,6.420000076293945,6.425000190734863,5126.0
2024-07-03 12:57:00,BCYC,19.600000381469727,19.600000381469727,19.600000381469727,19.600000381469727,19.600000381469727,246.0
2024-07-03 12:57:00,BDTX,4.440000057220459,4.440000057220459,4.440000057220459,4.439199924468994,4.440000057220459,1852.0
2024-07-03 12:57:00,BEAM,23.520000457763672,23.520000457763672,23.540000915527344,23.510000228881836,23.524999618530273,9387.0
2024-07-03 12:57:00,BEAT,2.690000057220459,2.690000057220459,2.7100000381469727,2.690000057220459,2.7100000381469727,2038.0
2024-07-03 12:57:00,BGNE,147.51499938964844,147.51499938964844,147.7899932861328,147.51499938964844,147.7899932861328,727.0
2024-07-03 12:57:00,BIIB,224.93499755859375,224.93499755859375,224.9600067138672,224.75999450683594,224.80999755859375,8891.0
2024-07-03 12:57:00,BJDX,0.6299999952316284,0.6299999952316284,0.6299999952316284,0.6299999952316284,0.6299999952316284,3693.0
2024-07-03 12:57:00,BLFS,19.979999542236328,19.979999542236328,20.0,19.979999542236328,19.989999771118164,2309.0
2024-07-03 12:57:00,BLRX,0.5260999798774719,0.5260999798774719,0.5260999798774719,0.5260999798774719,0.5260999798774719,0.0
2024-07-03 12:57:00,BLUE,0.9139999747276306,0.9139999747276306,0.9171000123023987,0.9139000177383423,0.9139000177383423,5816.0
2024-07-03 12:57:00,BMEA,4.340000152587891,4.340000152587891,4.34499979019165,4.340000152587891,4.341000080108643,2453.0
2024-07-03 12:57:00,BMRN,81.19000244140625,81.19000244140625,81.20999908447266,81.18000030517578,81.20999908447266,5764.0
2024-07-03 12:57:00,BNTX,80.0199966430664,80.0199966430664,80.04499816894531,79.96410369873047,79.9800033569336,1234.0
2024-07-03 12:57:00,BPMC,108.8499984741211,108.8499984741211,109.05000305175781,108.8499984741211,109.05000305175781,6674.0
2024-07-03 12:57:00,BRKR,61.880001068115234,61.880001068115234,62.0099983215332,61.880001068115234,62.0099983215332,13136.0
2024-07-03 12:57:00,BRTX,1.8600000143051147,1.8600000143051147,1.8600000143051147,1.8600000143051147,1.8600000143051147,1627.0
2024-07-03 12:57:00,BTAI,1.0850000381469727,1.0850000381469727,1.090000033378601,1.0800000429153442,1.0850000381469727,16550.0
2024-07-03 12:57:00,BTMD,7.400000095367432,7.400000095367432,7.400000095367432,7.389999866485596,7.389999866485596,2293.0
2024-07-03 12:57:00,BVS,5.929999828338623,5.929999828338623,5.929999828338623,5.925000190734863,5.929999828338623,4156.0
2024-07-03 12:57:00,CABA,7.53000020980835,7.53000020980835,7.539999961853027,7.53000020980835,7.539999961853027,2510.0
2024-07-03 12:57:00,CADL,6.260000228881836,6.260000228881836,6.28000020980835,6.260000228881836,6.260000228881836,2213.0
2024-07-03 12:57:00,CALT,39.22999954223633,39.22999954223633,39.22999954223633,39.22999954223633,39.22999954223633,184.0
2024-07-03 12:57:00,CAPR,4.849999904632568,4.849999904632568,4.849999904632568,4.849999904632568,4.849999904632568,1829.0
2024-07-03 12:57:00,CARA,0.28029999136924744,0.28029999136924744,0.28029999136924744,0.28029999136924744,0.28029999136924744,1403.0
2024-07-03 12:57:00,CASI,5.21999979019165,5.21999979019165,5.21999979019165,5.184999942779541,5.184999942779541,506.0
2024-07-03 12:57:00,CCCC,4.559999942779541,4.559999942779541,4.565000057220459,4.550000190734863,4.550000190734863,12350.0
2024-07-03 12:57:00,CDMO,7.71999979019165,7.71999979019165,7.744999885559082,7.71999979019165,7.744999885559082,20972.0
2024-07-03 12:57:00,CDNA,14.904999732971191,14.904999732971191,14.90999984741211,14.880000114440918,14.890000343322754,3712.0
2024-07-03 12:57:00,CDXC,2.559999942779541,2.559999942779541,2.559999942779541,2.559999942779541,2.559999942779541,334.0
2024-07-03 12:57:00,CDXS,2.869999885559082,2.869999885559082,2.869999885559082,2.859999895095825,2.865000009536743,2813.0
2024-07-03 12:57:00,CELC,16.329999923706055,16.329999923706055,16.344999313354492,16.31999969482422,16.344999313354492,3118.0
2024-07-03 12:57:00,CERE,40.31999969482422,40.31999969482422,40.33000183105469,40.27000045776367,40.33000183105469,31433.0
2024-07-03 12:57:00,CERS,1.7100000381469727,1.7100000381469727,1.715000033378601,1.7100000381469727,1.7100000381469727,3242.0
2024-07-03 12:57:00,CERT,13.789999961853027,13.789999961853027,13.805000305175781,13.789999961853027,13.805000305175781,2199.0
2024-07-03 12:57:00,CGC,6.46999979019165,6.46999979019165,6.475500106811523,6.46999979019165,6.46999979019165,12611.0
2024-07-03 12:57:00,CGEM,16.770000457763672,16.770000457763672,16.84000015258789,16.770000457763672,16.829999923706055,5436.0
2024-07-03 12:57:00,CGEN,1.6699999570846558,1.6699999570846558,1.6699999570846558,1.6649999618530273,1.6699999570846558,3584.0
2024-07-03 12:57:00,CGTX,1.7799999713897705,1.7799999713897705,1.7799999713897705,1.7699999809265137,1.7699999809265137,351.0
2024-07-03 12:57:00,CHRS,1.3849999904632568,1.3849999904632568,1.3849999904632568,1.3849999904632568,1.3849999904632568,3657.0
2024-07-03 12:57:00,CKPT,2.184999942779541,2.184999942779541,2.184999942779541,2.180000066757202,2.184999942779541,3247.0
2024-07-03 12:57:00,CLDX,36.0099983215332,36.0099983215332,36.02000045776367,36.0099983215332,36.02000045776367,2053.0
2024-07-03 12:57:00,CLLS,2.049999952316284,2.049999952316284,2.049999952316284,2.049999952316284,2.049999952316284,452.0
2024-07-03 12:57:00,CLOV,1.2549999952316284,1.2549999952316284,1.2598999738693237,1.25,1.2585999965667725,16249.0
2024-07-03 12:57:00,CLPT,5.369999885559082,5.369999885559082,5.380000114440918,5.369999885559082,5.380000114440918,1933.0
2024-07-03 12:57:00,CLRB,2.4700000286102295,2.4700000286102295,2.4700000286102295,2.4700000286102295,2.4700000286102295,751.0
2024-07-03 12:57:00,CMAX,2.3499999046325684,2.3499999046325684,2.3499999046325684,2.3499999046325684,2.3499999046325684,200.0
2024-07-03 12:57:00,CMPS,6.300000190734863,6.300000190734863,6.300000190734863,6.28000020980835,6.300000190734863,2592.0
2024-07-03 12:57:00,CNSP,1.4200999736785889,1.4200999736785889,1.4299999475479126,1.4187999963760376,1.4187999963760376,35989.0
2024-07-03 12:57:00,CNTA,8.579999923706055,8.579999923706055,8.579999923706055,8.550000190734863,8.550000190734863,1674.0
2024-07-03 12:57:00,COGT,8.369999885559082,8.369999885559082,8.380000114440918,8.369999885559082,8.380000114440918,4504.0
2024-07-03 12:57:00,COLL,32.400001525878906,32.400001525878906,32.43000030517578,32.400001525878906,32.43000030517578,1354.0
2024-07-03 12:57:00,CORT,30.424999237060547,30.424999237060547,30.450000762939453,30.376300811767578,30.389999389648438,7685.0
2024-07-03 12:57:00,COSM,0.8999000191688538,0.8999000191688538,0.8999999761581421,0.8962000012397766,0.8962000012397766,11529.0
2024-07-03 12:57:00,CPRX,15.319999694824219,15.319999694824219,15.329999923706055,15.319999694824219,15.319999694824219,5843.0
2024-07-03 12:57:00,CRBP,49.95000076293945,49.95000076293945,49.95000076293945,49.95000076293945,49.95000076293945,638.0
2024-07-03 12:57:00,CRBU,1.590000033378601,1.590000033378601,1.600000023841858,1.590000033378601,1.600000023841858,5447.0
2024-07-03 12:57:00,CRDF,2.244999885559082,2.244999885559082,2.244999885559082,2.240000009536743,2.244999885559082,2245.0
2024-07-03 12:57:00,CRMD,4.130000114440918,4.130000114440918,4.135000228881836,4.130000114440918,4.130000114440918,3619.0
2024-07-03 12:57:00,CRNX,44.380001068115234,44.380001068115234,44.43000030517578,44.3650016784668,44.38999938964844,6185.0
2024-07-03 12:57:00,CRON,2.305000066757202,2.305000066757202,2.305000066757202,2.305000066757202,2.305000066757202,6918.0
2024-07-03 12:57:00,CRSP,53.939998626708984,53.939998626708984,53.970001220703125,53.88999938964844,53.900001525878906,8626.0
2024-07-03 12:57:00,CSTL,21.229999542236328,21.229999542236328,21.270000457763672,21.209999084472656,21.239999771118164,8964.0
2024-07-03 12:57:00,CTKB,5.590000152587891,5.590000152587891,5.605000019073486,5.590000152587891,5.599999904632568,10390.0
2024-07-03 12:57:00,CTMX,1.2999999523162842,1.2999999523162842,1.3049999475479126,1.2999999523162842,1.2999999523162842,2187.0
2024-07-03 12:57:00,CTXR,0.4950000047683716,0.4950000047683716,0.5023000240325928,0.4950000047683716,0.5009999871253967,7327.0
2024-07-03 12:57:00,CUE,0.9800000190734863,0.9800000190734863,0.9800000190734863,0.9800000190734863,0.9800000190734863,1065.0
2024-07-03 12:57:00,CUTR,1.2949999570846558,1.2949999570846558,1.2949999570846558,1.2899999618530273,1.2949999570846558,3459.0
2024-07-03 12:57:00,CVAC,3.119999885559082,3.119999885559082,3.119999885559082,3.0999999046325684,3.119999885559082,67515.0
2024-07-03 12:57:00,CYTK,54.47999954223633,54.47999954223633,54.5099983215332,54.43000030517578,54.47999954223633,6077.0
2024-07-03 12:57:00,DAWN,13.5600004196167,13.5600004196167,13.579999923706055,13.510000228881836,13.515000343322754,38734.0
2024-07-03 12:57:00,DCGO,2.950000047683716,2.950000047683716,2.950000047683716,2.940000057220459,2.944999933242798,4432.0
2024-07-03 12:57:00,DH,5.355000019073486,5.355000019073486,5.355000019073486,5.340000152587891,5.340000152587891,4910.0
2024-07-03 12:57:00,DNLI,21.350000381469727,21.350000381469727,21.360000610351562,21.329999923706055,21.354999542236328,7771.0
2024-07-03 12:57:00,DRIO,1.1799999475479126,1.1799999475479126,1.1799999475479126,1.1799999475479126,1.1799999475479126,268.0
2024-07-03 12:57:00,DRMA,2.25,2.25,2.25,2.25,2.25,167.0
2024-07-03 12:57:00,DRTS,2.200000047683716,2.200000047683716,2.2200000286102295,2.200000047683716,2.2200000286102295,1688.0
2024-07-03 12:57:00,DSGN,3.1649999618530273,3.1649999618530273,3.1649999618530273,3.1600000858306885,3.1600000858306885,6576.0
2024-07-03 12:57:00,DTIL,9.339900016784668,9.339900016784668,9.339900016784668,9.339900016784668,9.339900016784668,1027.0
2024-07-03 12:57:00,DVAX,11.045000076293945,11.045000076293945,11.045000076293945,11.039999961853027,11.039999961853027,4177.0
2024-07-03 12:57:00,DXCM,111.1500015258789,111.1500015258789,111.21499633789062,111.0999984741211,111.12999725341797,15082.0
2024-07-03 12:57:00,DYN,34.05799865722656,34.05799865722656,34.09000015258789,34.04999923706055,34.06999969482422,3341.0
2024-07-03 12:57:00,EDIT,4.659999847412109,4.659999847412109,4.670000076293945,4.659999847412109,4.664999961853027,4423.0
2024-07-03 12:57:00,EGRX,5.5,5.5,5.5,5.5,5.5,1385.0
2024-07-03 12:57:00,ELEV,2.744999885559082,2.744999885559082,2.744999885559082,2.744999885559082,2.744999885559082,1444.0
2024-07-03 12:57:00,ELYM,6.71999979019165,6.71999979019165,6.71999979019165,6.684999942779541,6.710000038146973,14438.0
2024-07-03 12:57:00,EMBC,12.069999694824219,12.069999694824219,12.069999694824219,12.05840015411377,12.0600004196167,3956.0
2024-07-03 12:57:00,ENSC,0.4650000035762787,0.4650000035762787,0.4650000035762787,0.4650000035762787,0.4650000035762787,0.0
2024-07-03 12:57:00,ENSG,126.4749984741211,126.4749984741211,126.4800033569336,126.36000061035156,126.44999694824219,3448.0
2024-07-03 12:57:00,ENTA,13.079999923706055,13.079999923706055,13.079999923706055,13.079999923706055,13.079999923706055,1012.0
2024-07-03 12:57:00,ENVB,0.5175999999046326,0.5175999999046326,0.5175999999046326,0.5175999999046326,0.5175999999046326,501.0
2024-07-03 12:57:00,EOLS,10.975000381469727,10.975000381469727,10.989999771118164,10.975000381469727,10.979999542236328,4880.0
2024-07-03 12:57:00,EQ,0.666700005531311,0.666700005531311,0.666700005531311,0.666700005531311,0.666700005531311,230.0
2024-07-03 12:57:00,ERAS,2.184999942779541,2.184999942779541,2.184999942779541,2.180000066757202,2.184999942779541,3608.0
2024-07-03 12:57:00,ESPR,2.369999885559082,2.369999885559082,2.369999885559082,2.365000009536743,2.365000009536743,16345.0
2024-07-03 12:57:00,ETNB,7.445000171661377,7.445000171661377,7.445000171661377,7.434999942779541,7.434999942779541,3519.0
2024-07-03 12:57:00,EVO,5.139999866485596,5.139999866485596,5.139999866485596,5.139999866485596,5.139999866485596,852.0
2024-07-03 12:57:00,EWTX,18.31999969482422,18.31999969482422,18.34000015258789,18.309999465942383,18.329999923706055,5221.0
2024-07-03 12:57:00,EXAS,43.18000030517578,43.18000030517578,43.2400016784668,43.18000030517578,43.217201232910156,10879.0
2024-07-03 12:57:00,EXEL,21.94499969482422,21.94499969482422,21.988100051879883,21.93000030517578,21.988100051879883,20402.0
2024-07-03 12:57:00,EYEN,0.7682999968528748,0.7682999968528748,0.7682999968528748,0.7682999968528748,0.7682999968528748,2793.0
2024-07-03 12:57:00,EYPT,8.619999885559082,8.619999885559082,8.630000114440918,8.604999542236328,8.609999656677246,8728.0
2024-07-03 12:57:00,FATE,3.1649999618530273,3.1649999618530273,3.1649999618530273,3.1600000858306885,3.1649999618530273,4154.0
2024-07-03 12:57:00,FBIO,1.7699999809265137,1.7699999809265137,1.7699999809265137,1.7699999809265137,1.7699999809265137,223.0
2024-07-03 12:57:00,FDMT,20.829999923706055,20.829999923706055,20.829999923706055,20.829999923706055,20.829999923706055,1432.0
2024-07-03 12:57:00,FGEN,0.6904000043869019,0.6904000043869019,0.6970999836921692,0.6904000043869019,0.6970999836921692,48096.0
2024-07-03 12:57:00,FHTX,5.599999904632568,5.599999904632568,5.599999904632568,5.599999904632568,5.599999904632568,418.0
2024-07-03 12:57:00,FOLD,9.829999923706055,9.829999923706055,9.829999923706055,9.829999923706055,9.829999923706055,6891.0
2024-07-03 12:57:00,FORA,2.684999942779541,2.684999942779541,2.684999942779541,2.684999942779541,2.684999942779541,355.0
2024-07-03 12:57:00,FULC,6.15500020980835,6.15500020980835,6.159999847412109,6.15500020980835,6.15500020980835,6997.0
2024-07-03 12:57:00,GALT,2.1549999713897705,2.1549999713897705,2.1600000858306885,2.1500000953674316,2.1500000953674316,2553.0
2024-07-03 12:57:00,GANX,1.1399999856948853,1.1399999856948853,1.1399999856948853,1.1399999856948853,1.1399999856948853,515.0
2024-07-03 12:57:00,GBIO,2.430000066757202,2.430000066757202,2.430000066757202,2.4200000762939453,2.4200000762939453,967.0
2024-07-03 12:57:00,GDRX,7.809999942779541,7.809999942779541,7.809999942779541,7.809999942779541,7.809999942779541,1533.0
2024-07-03 12:57:00,GERN,4.34499979019165,4.34499979019165,4.349999904632568,4.34499979019165,4.34499979019165,33282.0
2024-07-03 12:57:00,GH,28.389999389648438,28.389999389648438,28.399999618530273,28.389999389648438,28.399999618530273,7436.0
2024-07-03 12:57:00,GHRS,11.930000305175781,11.930000305175781,12.039999961853027,11.930000305175781,12.039999961853027,1300.0
2024-07-03 12:57:00,GHSI,9.864999771118164,9.864999771118164,9.864999771118164,9.864999771118164,9.864999771118164,154.0
2024-07-03 12:57:00,GILD,66.63999938964844,66.63999938964844,66.68550109863281,66.62999725341797,66.68099975585938,56754.0
2024-07-03 12:57:00,GLUE,3.884999990463257,3.884999990463257,3.890000104904175,3.884999990463257,3.890000104904175,2033.0
2024-07-03 12:57:00,GLYC,0.2727000117301941,0.2727000117301941,0.27300000190734863,0.2727000117301941,0.27300000190734863,1600.0
2024-07-03 12:57:00,GMAB,25.15999984741211,25.15999984741211,25.15999984741211,25.155000686645508,25.155000686645508,1430.0
2024-07-03 12:57:00,GNPX,1.9010000228881836,1.9010000228881836,1.909999966621399,1.9010000228881836,1.909999966621399,875.0
2024-07-03 12:57:00,GOSS,1.0099999904632568,1.0099999904632568,1.0199999809265137,1.0099999904632568,1.0099999904632568,1654.0
2024-07-03 12:57:00,GOVX,2.859999895095825,2.859999895095825,2.930000066757202,2.859999895095825,2.920099973678589,9740.0
2024-07-03 12:57:00,GRFS,6.650000095367432,6.650000095367432,6.659999847412109,6.650000095367432,6.659999847412109,23738.0
2024-07-03 12:57:00,GRTS,0.5767999887466431,0.5767999887466431,0.5767999887466431,0.5767999887466431,0.5767999887466431,0.0
2024-07-03 12:57:00,GTBP,2.75,2.75,2.75,2.75,2.75,164.0
2024-07-03 12:57:00,GTHX,2.5785000324249268,2.5785000324249268,2.5785000324249268,2.565000057220459,2.565000057220459,8126.0
2024-07-03 12:57:00,HALO,52.03499984741211,52.03499984741211,52.08000183105469,52.02000045776367,52.060001373291016,7147.0
2024-07-03 12:57:00,HCAT,6.179999828338623,6.179999828338623,6.179999828338623,6.179999828338623,6.179999828338623,933.0
2024-07-03 12:57:00,HCM,17.489999771118164,17.489999771118164,17.489999771118164,17.489999771118164,17.489999771118164,693.0
2024-07-03 12:57:00,HCSG,10.600000381469727,10.600000381469727,10.604999542236328,10.590999603271484,10.604999542236328,6354.0
2024-07-03 12:57:00,HCTI,0.46309998631477356,0.46309998631477356,0.46309998631477356,0.46299999952316284,0.46299999952316284,2205.0
2024-07-03 12:57:00,HLVX,14.149999618530273,14.149999618530273,14.149999618530273,14.149999618530273,14.149999618530273,138.0
2024-07-03 12:57:00,HOLX,73.54499816894531,73.54499816894531,73.55000305175781,73.53500366210938,73.54499816894531,14535.0
2024-07-03 12:57:00,HOOK,0.5788999795913696,0.5788999795913696,0.5788999795913696,0.5788999795913696,0.5788999795913696,215.0
2024-07-03 12:57:00,HOWL,2.119999885559082,2.119999885559082,2.119999885559082,2.11899995803833,2.119999885559082,1100.0
2024-07-03 12:57:00,HPCO,0.8199999928474426,0.8199999928474426,0.8199999928474426,0.8199999928474426,0.8199999928474426,105.0
2024-07-03 12:57:00,HQY,83.62000274658203,83.62000274658203,83.62000274658203,83.56999969482422,83.6050033569336,2731.0
2024-07-03 12:57:00,HRMY,30.850000381469727,30.850000381469727,30.860000610351562,30.829999923706055,30.850000381469727,2504.0
2024-07-03 12:57:00,HROW,21.469999313354492,21.469999313354492,21.469999313354492,21.43000030517578,21.43000030517578,5845.0
2024-07-03 12:57:00,HRTX,2.7699999809265137,2.7699999809265137,2.7750000953674316,2.7699999809265137,2.7699999809265137,13697.0
2024-07-03 12:57:00,HSCS,4.820000171661377,4.820000171661377,4.820000171661377,4.820000171661377,4.820000171661377,372.0
2024-07-03 12:57:00,HSDT,0.941100001335144,0.941100001335144,0.941100001335144,0.941100001335144,0.941100001335144,1860.0
2024-07-03 12:57:00,HSIC,64.9000015258789,64.9000015258789,64.93000030517578,64.9000015258789,64.91000366210938,9898.0
2024-07-03 12:57:00,HSTM,27.579999923706055,27.579999923706055,27.579999923706055,27.579999923706055,27.579999923706055,1609.0
2024-07-03 12:57:00,HUMA,5.675000190734863,5.675000190734863,5.679999828338623,5.650000095367432,5.659999847412109,19419.0
2024-07-03 12:57:00,HYPR,1.0119999647140503,1.0119999647140503,1.0119999647140503,1.0119999647140503,1.0119999647140503,488.0
2024-07-03 12:57:00,IART,28.69499969482422,28.69499969482422,28.700000762939453,28.690000534057617,28.700000762939453,6508.0
2024-07-03 12:57:00,IBRX,6.289999961853027,6.289999961853027,6.289999961853027,6.28000020980835,6.2820000648498535,4346.0
2024-07-03 12:57:00,ICAD,1.2400000095367432,1.2400000095367432,1.25,1.2400000095367432,1.25,300.0
2024-07-03 12:57:00,ICLR,318.010009765625,318.010009765625,318.05999755859375,317.3900146484375,317.7049865722656,20848.0
2024-07-03 12:57:00,ICUI,117.69000244140625,117.69000244140625,117.69999694824219,117.66000366210938,117.66000366210938,2632.0
2024-07-03 12:57:00,IDXX,478.0899963378906,478.0899963378906,478.3800048828125,478.0899963378906,478.17999267578125,3328.0
2024-07-03 12:57:00,IDYA,33.29999923706055,33.29999923706055,33.310001373291016,33.27000045776367,33.290000915527344,6947.0
2024-07-03 12:57:00,IGMS,6.449999809265137,6.449999809265137,6.449999809265137,6.429999828338623,6.440000057220459,1219.0
2024-07-03 12:57:00,IINN,1.3396999835968018,1.3396999835968018,1.340000033378601,1.3200000524520874,1.3200000524520874,42810.0
2024-07-03 12:57:00,IKNA,1.6399999856948853,1.6399999856948853,1.6449999809265137,1.6399999856948853,1.6449999809265137,1603.0
2024-07-03 12:57:00,IKT,1.2000000476837158,1.2000000476837158,1.225000023841858,1.1799999475479126,1.1799999475479126,609.0
2024-07-03 12:57:00,ILMN,105.5,105.5,105.55000305175781,105.45999908447266,105.54000091552734,16182.0
2024-07-03 12:57:00,IMAB,1.5199999809265137,1.5199999809265137,1.5199999809265137,1.5199999809265137,1.5199999809265137,1541.0
2024-07-03 12:57:00,IMCR,36.0,36.0,36.029998779296875,35.97999954223633,36.0,4900.0
2024-07-03 12:57:00,IMMP,1.9900000095367432,1.9900000095367432,1.9950000047683716,1.9900000095367432,1.9900000095367432,567.0
2024-07-03 12:57:00,IMMX,2.42930006980896,2.42930006980896,2.440000057220459,2.4000000953674316,2.4000000953674316,5283.0
2024-07-03 12:57:00,IMNM,12.119999885559082,12.119999885559082,12.119999885559082,12.109999656677246,12.109999656677246,4761.0
2024-07-03 12:57:00,IMRX,1.125,1.125,1.125,1.125,1.125,1457.0
2024-07-03 12:57:00,IMTX,11.869999885559082,11.869999885559082,11.869999885559082,11.869999885559082,11.869999885559082,252.0
2024-07-03 12:57:00,IMUX,1.1449999809265137,1.1449999809265137,1.1449999809265137,1.1399999856948853,1.1399999856948853,1107.0
2024-07-03 12:57:00,IMVT,26.145000457763672,26.145000457763672,26.149999618530273,26.1299991607666,26.149999618530273,3517.0
2024-07-03 12:57:00,INBX,13.399999618530273,13.399999618530273,13.399999618530273,13.399999618530273,13.399999618530273,414.0
2024-07-03 12:57:00,INCY,57.77000045776367,57.77000045776367,57.77000045776367,57.7400016784668,57.77000045776367,36351.0
2024-07-03 12:57:00,INGN,8.050000190734863,8.050000190734863,8.050000190734863,8.050000190734863,8.050000190734863,263.0
2024-07-03 12:57:00,INMB,7.989999771118164,7.989999771118164,8.039899826049805,7.989999771118164,8.039899826049805,655.0
2024-07-03 12:57:00,INMD,17.479999542236328,17.479999542236328,17.479999542236328,17.469999313354492,17.479999542236328,6186.0
2024-07-03 12:57:00,INO,8.300000190734863,8.300000190734863,8.300000190734863,8.25,8.260000228881836,5293.0
2024-07-03 12:57:00,INSM,62.08000183105469,62.08000183105469,62.099998474121094,61.994998931884766,62.084999084472656,15651.0
2024-07-03 12:57:00,INVA,16.334999084472656,16.334999084472656,16.334999084472656,16.329999923706055,16.334999084472656,2732.0
2024-07-03 12:57:00,INZY,4.474999904632568,4.474999904632568,4.485000133514404,4.474999904632568,4.480000019073486,3410.0
2024-07-03 12:57:00,IOBT,1.1399999856948853,1.1399999856948853,1.1399999856948853,1.1399999856948853,1.1399999856948853,1257.0
2024-07-03 12:57:00,IONM,0.3165000081062317,0.3165000081062317,0.3165000081062317,0.3165000081062317,0.3165000081062317,1063.0
2024-07-03 12:57:00,IONS,45.72999954223633,45.72999954223633,45.84000015258789,45.72999954223633,45.7599983215332,25902.0
2024-07-03 12:57:00,IOVA,7.364999771118164,7.364999771118164,7.369999885559082,7.360000133514404,7.360000133514404,56691.0
2024-07-03 12:57:00,IPSC,2.259999990463257,2.259999990463257,2.259999990463257,2.259999990463257,2.259999990463257,633.0
2024-07-03 12:57:00,IRMD,44.220001220703125,44.220001220703125,44.220001220703125,44.220001220703125,44.220001220703125,359.0
2024-07-03 12:57:00,IRTC,97.01000213623047,97.01000213623047,97.01000213623047,96.95999908447266,97.0,8131.0
2024-07-03 12:57:00,IRWD,6.119999885559082,6.119999885559082,6.130000114440918,6.119999885559082,6.130000114440918,13115.0
2024-07-03 12:57:00,ISRG,435.25,435.25,435.25,435.0,435.0,6409.0
2024-07-03 12:57:00,ITCI,69.08000183105469,69.08000183105469,69.11000061035156,69.08000183105469,69.10299682617188,3576.0
2024-07-03 12:57:00,ITOS,14.789999961853027,14.789999961853027,14.800000190734863,14.789999961853027,14.800000190734863,2456.0
2024-07-03 12:57:00,IVVD,1.0950000286102295,1.0950000286102295,1.0950000286102295,1.0950000286102295,1.0950000286102295,207.0
2024-07-03 12:57:00,JAGX,3.4700000286102295,3.4700000286102295,3.4700000286102295,3.4700000286102295,3.4700000286102295,126.0
2024-07-03 12:57:00,JANX,38.45500183105469,38.45500183105469,38.540000915527344,38.45000076293945,38.5099983215332,7074.0
2024-07-03 12:57:00,JAZZ,103.87000274658203,103.87000274658203,104.08999633789062,103.81999969482422,104.08999633789062,4693.0
2024-07-03 12:57:00,JSPR,22.334999084472656,22.334999084472656,22.334999084472656,22.270000457763672,22.270000457763672,323.0
2024-07-03 12:57:00,KALA,6.75,6.75,6.800000190734863,6.75,6.800000190734863,1060.0
2024-07-03 12:57:00,KALV,11.710000038146973,11.710000038146973,11.710000038146973,11.680000305175781,11.6899995803833,2859.0
2024-07-03 12:57:00,KIDS,29.889999389648438,29.889999389648438,29.889999389648438,29.850000381469727,29.850000381469727,5843.0
2024-07-03 12:57:00,KMDA,5.110000133514404,5.110000133514404,5.125,5.110000133514404,5.119999885559082,7649.0
2024-07-03 12:57:00,KNSA,19.075000762939453,19.075000762939453,19.1200008392334,19.06999969482422,19.110000610351562,5384.0
2024-07-03 12:57:00,KOD,2.190000057220459,2.190000057220459,2.194999933242798,2.190000057220459,2.190000057220459,915.0
2024-07-03 12:57:00,KPTI,0.8303999900817871,0.8303999900817871,0.8305000066757202,0.8303999900817871,0.8305000066757202,5798.0
2024-07-03 12:57:00,KRMD,2.5299999713897705,2.5299999713897705,2.5299999713897705,2.5299999713897705,2.5299999713897705,1064.0
2024-07-03 12:57:00,KRON,1.1299999952316284,1.1299999952316284,1.1299999952316284,1.1299999952316284,1.1299999952316284,258.0
2024-07-03 12:57:00,KROS,42.27000045776367,42.27000045776367,42.345001220703125,42.27000045776367,42.345001220703125,3254.0
2024-07-03 12:57:00,KRYS,177.49000549316406,177.49000549316406,178.0850067138672,177.3699951171875,178.0850067138672,3610.0
2024-07-03 12:57:00,KTRA,0.2759000062942505,0.2759000062942505,0.2759999930858612,0.2759000062942505,0.2759999930858612,5049.0
2024-07-03 12:57:00,KURA,20.1200008392334,20.1200008392334,20.1200008392334,20.110000610351562,20.1200008392334,5055.0
2024-07-03 12:57:00,KYMR,30.209999084472656,30.209999084472656,30.229999542236328,30.200000762939453,30.219999313354492,6739.0
2024-07-03 12:57:00,KZIA,0.2110999971628189,0.2110999971628189,0.2110999971628189,0.2110999971628189,0.2110999971628189,600.0
2024-07-03 12:57:00,KZR,0.5782999992370605,0.5782999992370605,0.5782999992370605,0.5782999992370605,0.5782999992370605,661.0
2024-07-03 12:57:00,LAB,1.8550000190734863,1.8550000190734863,1.8550000190734863,1.850000023841858,1.8550000190734863,13592.0
2024-07-03 12:57:00,LBPH,31.829999923706055,31.829999923706055,31.84000015258789,31.760000228881836,31.770000457763672,10647.0
2024-07-03 12:57:00,LEGN,45.81999969482422,45.81999969482422,45.86000061035156,45.81999969482422,45.83000183105469,7351.0
2024-07-03 12:57:00,LFLYW,0.01549999974668026,0.01549999974668026,0.01549999974668026,0.01549999974668026,0.01549999974668026,1733.0
2024-07-03 12:57:00,LFMD,6.755000114440918,6.755000114440918,6.755000114440918,6.744999885559082,6.744999885559082,2976.0
2024-07-03 12:57:00,LFST,5.079999923706055,5.079999923706055,5.090000152587891,5.079999923706055,5.079999923706055,2752.0
2024-07-03 12:57:00,LGND,82.68000030517578,82.68000030517578,82.75499725341797,82.5999984741211,82.75499725341797,1915.0
2024-07-03 12:57:00,LGVN,1.6349999904632568,1.6349999904632568,1.6349999904632568,1.6349999904632568,1.6349999904632568,2050.0
2024-07-03 12:57:00,LIVN,52.790000915527344,52.790000915527344,52.810001373291016,52.75,52.810001373291016,10114.0
2024-07-03 12:57:00,LMAT,81.41000366210938,81.41000366210938,81.41000366210938,81.30500030517578,81.30500030517578,539.0
2024-07-03 12:57:00,LNTH,79.61000061035156,79.61000061035156,79.61000061035156,79.55999755859375,79.56999969482422,2298.0
2024-07-03 12:57:00,LOGC,5.75,5.75,5.755000114440918,5.744999885559082,5.75,3200.0
2024-07-03 12:57:00,LPTX,1.8300000429153442,1.8300000429153442,1.8300000429153442,1.8300000429153442,1.8300000429153442,1629.0
2024-07-03 12:57:00,LQDA,11.970000267028809,11.970000267028809,11.970000267028809,11.970000267028809,11.970000267028809,780.0
2024-07-03 12:57:00,LRMR,7.639999866485596,7.639999866485596,7.639999866485596,7.630000114440918,7.630000114440918,3981.0
2024-07-03 12:57:00,LTRN,4.320000171661377,4.320000171661377,4.320000171661377,4.320000171661377,4.320000171661377,158.0
2024-07-03 12:57:00,LUCY,0.4542999863624573,0.4542999863624573,0.4562000036239624,0.45399999618530273,0.45399999618530273,53254.0
2024-07-03 12:57:00,LUNG,6.300000190734863,6.300000190734863,6.300000190734863,6.300000190734863,6.300000190734863,1966.0
2024-07-03 12:57:00,LXRX,1.649999976158142,1.649999976158142,1.649999976158142,1.6401000022888184,1.6449999809265137,11000.0
2024-07-03 12:57:00,LYEL,1.5099999904632568,1.5099999904632568,1.5099999904632568,1.5049999952316284,1.5099999904632568,5198.0
2024-07-03 12:57:00,MASI,114.27999877929688,114.27999877929688,114.31999969482422,114.26000213623047,114.2699966430664,3763.0
2024-07-03 12:57:00,MASS,4.860000133514404,4.860000133514404,4.860000133514404,4.84499979019165,4.84499979019165,1733.0
2024-07-03 12:57:00,MBIO,0.49079999327659607,0.49079999327659607,0.49079999327659607,0.49000000953674316,0.49000000953674316,63898.0
2024-07-03 12:57:00,MBOT,1.0414999723434448,1.0414999723434448,1.0499999523162842,1.0414999723434448,1.0499999523162842,421.0
2024-07-03 12:57:00,MCRB,0.7116000056266785,0.7116000056266785,0.7203999757766724,0.7110000252723694,0.7203999757766724,7191.0
2024-07-03 12:57:00,MDGL,271.69000244140625,271.69000244140625,271.69000244140625,271.69000244140625,271.69000244140625,638.0
2024-07-03 12:57:00,MDWD,14.5600004196167,14.5600004196167,14.640000343322754,14.5600004196167,14.640000343322754,1478.0
2024-07-03 12:57:00,MDXG,6.820000171661377,6.820000171661377,6.824999809265137,6.815000057220459,6.818999767303467,11870.0
2024-07-03 12:57:00,ME,0.41429999470710754,0.41429999470710754,0.41589999198913574,0.41359999775886536,0.4156000018119812,27971.0
2024-07-03 12:57:00,MEDP,403.3900146484375,403.3900146484375,403.3999938964844,403.3900146484375,403.3999938964844,1080.0
2024-07-03 12:57:00,MESO,6.800000190734863,6.800000190734863,6.800000190734863,6.800000190734863,6.800000190734863,257.0
2024-07-03 12:57:00,MGNX,4.195000171661377,4.195000171661377,4.210000038146973,4.190000057220459,4.210000038146973,19754.0
2024-07-03 12:57:00,MGTX,4.005000114440918,4.005000114440918,4.010000228881836,4.0,4.0,3891.0
2024-07-03 12:57:00,MIRM,33.900001525878906,33.900001525878906,33.900001525878906,33.83000183105469,33.83000183105469,2855.0
2024-07-03 12:57:00,MLTX,42.83000183105469,42.83000183105469,42.83000183105469,42.630001068115234,42.689998626708984,8459.0
2024-07-03 12:57:00,MMSI,85.72000122070312,85.72000122070312,85.7699966430664,85.71990203857422,85.7699966430664,2455.0
2024-07-03 12:57:00,MNKD,5.034999847412109,5.034999847412109,5.039999961853027,5.03000020980835,5.03000020980835,3519.0
2024-07-03 12:57:00,MNMD,7.110000133514404,7.110000133514404,7.119999885559082,7.099999904632568,7.105000019073486,9665.0
2024-07-03 12:57:00,MNPR,0.7034000158309937,0.7034000158309937,0.7034000158309937,0.7034000158309937,0.7034000158309937,216.0
2024-07-03 12:57:00,MODD,1.4299999475479126,1.4299999475479126,1.4299999475479126,1.4299999475479126,1.4299999475479126,600.0
2024-07-03 12:57:00,MODV,27.06999969482422,27.06999969482422,27.079999923706055,27.059999465942383,27.059999465942383,1144.0
2024-07-03 12:57:00,MORF,31.829999923706055,31.829999923706055,31.899999618530273,31.829999923706055,31.850000381469727,5457.0
2024-07-03 12:57:00,MOVE,0.31349998712539673,0.31349998712539673,0.31349998712539673,0.310699999332428,0.31209999322891235,5324.0
2024-07-03 12:57:00,MREO,3.5950000286102295,3.5950000286102295,3.5950000286102295,3.5899999141693115,3.5950000286102295,1196.0
2024-07-03 12:57:00,MRKR,5.190000057220459,5.190000057220459,5.190000057220459,5.190000057220459,5.190000057220459,594.0
2024-07-03 12:57:00,MRNA,116.19999694824219,116.19999694824219,116.23999786376953,116.1404037475586,116.23999786376953,11969.0
2024-07-03 12:57:00,MRNS,1.2050000429153442,1.2050000429153442,1.2100000381469727,1.2050000429153442,1.205899953842163,6291.0
2024-07-03 12:57:00,MRSN,1.8350000381469727,1.8350000381469727,1.8450000286102295,1.8350000381469727,1.840000033378601,11228.0
2024-07-03 12:57:00,MRUS,53.0,53.0,53.0,52.8650016784668,52.88999938964844,8339.0
2024-07-03 12:57:00,MRVI,7.0,7.0,7.014999866485596,7.0,7.014999866485596,13731.0
2024-07-03 12:57:00,MXCT,3.765000104904175,3.765000104904175,3.765000104904175,3.765000104904175,3.765000104904175,1675.0
2024-07-03 12:57:00,MYGN,24.969999313354492,24.969999313354492,24.969999313354492,24.924999237060547,24.940000534057617,4966.0
2024-07-03 12:57:00,NARI,49.85499954223633,49.85499954223633,49.939998626708984,49.85499954223633,49.93000030517578,4354.0
2024-07-03 12:57:00,NAUT,2.2899999618530273,2.2899999618530273,2.2899999618530273,2.2899999618530273,2.2899999618530273,461.0
2024-07-03 12:57:00,NBIX,138.39999389648438,138.39999389648438,138.39999389648438,138.32000732421875,138.36500549316406,6681.0
2024-07-03 12:57:00,NDRA,0.09019999951124191,0.09019999951124191,0.09019999951124191,0.08990000188350677,0.08990000188350677,30749.0
2024-07-03 12:57:00,NEO,13.699999809265137,13.699999809265137,13.71500015258789,13.699999809265137,13.699999809265137,6707.0
2024-07-03 12:57:00,NEOG,15.199999809265137,15.199999809265137,15.208000183105469,15.194999694824219,15.194999694824219,12305.0
2024-07-03 12:57:00,NKTR,1.3200000524520874,1.3200000524520874,1.3200000524520874,1.315000057220459,1.3200000524520874,17678.0
2024-07-03 12:57:00,NKTX,5.364999771118164,5.364999771118164,5.364999771118164,5.364999771118164,5.364999771118164,1324.0
2024-07-03 12:57:00,NNOX,7.014999866485596,7.014999866485596,7.014999866485596,7.010000228881836,7.010000228881836,2041.0
2024-07-03 12:57:00,NOTV,1.690000057220459,1.690000057220459,1.690000057220459,1.690000057220459,1.690000057220459,408.0
2024-07-03 12:57:00,NPCE,7.199999809265137,7.199999809265137,7.230000019073486,7.199999809265137,7.210000038146973,970.0
2024-07-03 12:57:00,NRC,22.979999542236328,22.979999542236328,22.979999542236328,22.969999313354492,22.969999313354492,1054.0
2024-07-03 12:57:00,NRIX,19.43000030517578,19.43000030517578,19.450000762939453,19.424999237060547,19.440000534057617,10461.0
2024-07-03 12:57:00,NRSN,1.3085999488830566,1.3085999488830566,1.3085999488830566,1.3085999488830566,1.3085999488830566,0.0
2024-07-03 12:57:00,NTLA,22.950000762939453,22.950000762939453,22.969999313354492,22.934999465942383,22.940000534057617,21533.0
2024-07-03 12:57:00,NTRA,111.83999633789062,111.83999633789062,111.8499984741211,111.77999877929688,111.79000091552734,4568.0
2024-07-03 12:57:00,NUVL,72.06999969482422,72.06999969482422,72.18000030517578,72.06999969482422,72.18000030517578,1789.0
2024-07-03 12:57:00,NVAX,12.555000305175781,12.555000305175781,12.5649995803833,12.550000190734863,12.5649995803833,25018.0
2024-07-03 12:57:00,NVCR,16.899999618530273,16.899999618530273,16.90999984741211,16.8799991607666,16.889999389648438,11087.0
2024-07-03 12:57:00,NVNO,5.059999942779541,5.059999942779541,5.059999942779541,5.051300048828125,5.051300048828125,1050.0
2024-07-03 12:57:00,NXL,1.4299999475479126,1.4299999475479126,1.4299999475479126,1.4299999475479126,1.4299999475479126,2241.0
2024-07-03 12:57:00,NYXH,7.349999904632568,7.349999904632568,7.349999904632568,7.349999904632568,7.349999904632568,216.0
2024-07-03 12:57:00,OCGN,1.6349999904632568,1.6349999904632568,1.649999976158142,1.6301000118255615,1.649999976158142,48087.0
2024-07-03 12:57:00,OCUL,6.699999809265137,6.699999809265137,6.699999809265137,6.690000057220459,6.695000171661377,9575.0
2024-07-03 12:57:00,OCUP,1.5800000429153442,1.5800000429153442,1.5800000429153442,1.5800000429153442,1.5800000429153442,434.0
2024-07-03 12:57:00,OFIX,13.5,13.5,13.5,13.5,13.5,2125.0
2024-07-03 12:57:00,OGI,1.5750000476837158,1.5750000476837158,1.5750000476837158,1.5750000476837158,1.5750000476837158,852.0
2024-07-03 12:57:00,OLMA,10.640000343322754,10.640000343322754,10.640000343322754,10.630000114440918,10.640000343322754,2702.0
2024-07-03 12:57:00,OM,3.875,3.875,3.875,3.869999885559082,3.875,1303.0
2024-07-03 12:57:00,OMCL,26.739999771118164,26.739999771118164,26.770000457763672,26.739999771118164,26.770000457763672,1367.0
2024-07-03 12:57:00,OMER,3.869999885559082,3.869999885559082,3.869999885559082,3.869999885559082,3.869999885559082,1289.0
2024-07-03 12:57:00,OMGA,1.899999976158142,1.899999976158142,1.9049999713897705,1.899999976158142,1.9049999713897705,1646.0
2024-07-03 12:57:00,ONCY,1.0,1.0,1.0,1.0,1.0,0.0
2024-07-03 12:58:00,AADI,1.4049999713897705,1.4049999713897705,1.4049999713897705,1.4049999713897705,1.4049999713897705,1066.0
2024-07-03 12:58:00,ABCL,2.7100000381469727,2.7100000381469727,2.7200000286102295,2.7100000381469727,2.7179999351501465,14648.0
2024-07-03 12:58:00,ABEO,4.340000152587891,4.340000152587891,4.349999904632568,4.340000152587891,4.340000152587891,5590.0
2024-07-03 12:58:00,ABIO,3.4200000762939453,3.4200000762939453,3.4200000762939453,3.4200000762939453,3.4200000762939453,1014.0
2024-07-03 12:58:00,ABOS,2.359999895095825,2.359999895095825,2.359999895095825,2.350100040435791,2.359999895095825,4697.0
2024-07-03 12:58:00,ABSI,3.180000066757202,3.180000066757202,3.190000057220459,3.180000066757202,3.180000066757202,7091.0
2024-07-03 12:58:00,ABUS,3.1549999713897705,3.1549999713897705,3.1649999618530273,3.1549999713897705,3.1549999713897705,22530.0
2024-07-03 12:58:00,ABVC,0.7300000190734863,0.7300000190734863,0.7300000190734863,0.7300000190734863,0.7300000190734863,1180.0
2024-07-03 12:58:00,ACAD,15.604999542236328,15.604999542236328,15.625,15.604999542236328,15.619999885559082,7169.0
2024-07-03 12:58:00,ACB,4.885000228881836,4.885000228881836,4.889999866485596,4.885000228881836,4.885000228881836,5052.0
2024-07-03 12:58:00,ACCD,3.559999942779541,3.559999942779541,3.575000047683716,3.559999942779541,3.565000057220459,28814.0
2024-07-03 12:58:00,ACET,1.0800000429153442,1.0800000429153442,1.0850000381469727,1.0800000429153442,1.0850000381469727,3154.0
2024-07-03 12:58:00,ACHC,66.79000091552734,66.79000091552734,66.79000091552734,66.73999786376953,66.7699966430664,7131.0
2024-07-03 12:58:00,ACHV,4.510000228881836,4.510000228881836,4.510000228881836,4.5,4.510000228881836,799.0
2024-07-03 12:58:00,ACLX,54.720001220703125,54.720001220703125,54.83000183105469,54.709999084472656,54.790000915527344,10156.0
2024-07-03 12:58:00,ACON,0.2935999929904938,0.2935999929904938,0.2935999929904938,0.29260000586509705,0.29260000586509705,12256.0
2024-07-03 12:58:00,ACRS,1.149999976158142,1.149999976158142,1.149999976158142,1.149999976158142,1.149999976158142,7134.0
2024-07-03 12:58:00,ADAG,2.890000104904175,2.890000104904175,2.890000104904175,2.890000104904175,2.890000104904175,100.0
2024-07-03 12:58:00,ADAP,1.0200999975204468,1.0200999975204468,1.0299999713897705,1.0200999975204468,1.0298999547958374,10310.0
2024-07-03 12:58:00,ADMA,11.229999542236328,11.229999542236328,11.234999656677246,11.220000267028809,11.234999656677246,17700.0
2024-07-03 12:58:00,ADPT,3.375,3.375,3.380000114440918,3.369999885559082,3.375,11207.0
2024-07-03 12:58:00,ADUS,117.19999694824219,117.19999694824219,117.19999694824219,117.19999694824219,117.19999694824219,1459.0
2024-07-03 12:58:00,ADVM,7.110000133514404,7.110000133514404,7.119999885559082,7.099999904632568,7.099999904632568,2487.0
2024-07-03 12:58:00,AFMD,5.090000152587891,5.090000152587891,5.090000152587891,5.090000152587891,5.090000152587891,2497.0
2024-07-03 12:58:00,AGEN,14.520000457763672,14.520000457763672,14.520000457763672,14.491999626159668,14.520000457763672,1258.0
2024-07-03 12:58:00,AGIO,42.119998931884766,42.119998931884766,42.119998931884766,42.060001373291016,42.060001373291016,2634.0
2024-07-03 12:58:00,AHCO,9.694999694824219,9.694999694824219,9.70989990234375,9.694999694824219,9.70989990234375,4309.0
2024-07-03 12:58:00,AIMD,0.9222000241279602,0.9222000241279602,0.9783999919891357,0.9221000075340271,0.9697999954223633,23651.0
2024-07-03 12:58:00,AKBA,0.9409999847412109,0.9409999847412109,0.948199987411499,0.9399999976158142,0.948199987411499,23645.0
2024-07-03 12:58:00,AKRO,21.979999542236328,21.979999542236328,21.989999771118164,21.959999084472656,21.959999084472656,4788.0
2024-07-03 12:58:00,AKYA,2.119999885559082,2.119999885559082,2.125,2.119999885559082,2.125,1347.0
2024-07-03 12:58:00,ALDX,3.190000057220459,3.190000057220459,3.190000057220459,3.180000066757202,3.180000066757202,2118.0
2024-07-03 12:58:00,ALEC,4.414999961853027,4.414999961853027,4.425000190734863,4.409999847412109,4.425000190734863,5878.0
2024-07-03 12:58:00,ALGN,243.3699951171875,243.3699951171875,243.39500427246094,243.32000732421875,243.39500427246094,8369.0
2024-07-03 12:58:00,ALGS,0.423799991607666,0.423799991607666,0.423799991607666,0.4237000048160553,0.423799991607666,1300.0
2024-07-03 12:58:00,ALHC,7.949999809265137,7.949999809265137,7.960000038146973,7.940000057220459,7.940000057220459,6604.0
2024-07-03 12:58:00,ALIM,5.525000095367432,5.525000095367432,5.525000095367432,5.525000095367432,5.525000095367432,3062.0
2024-07-03 12:58:00,ALKS,24.225000381469727,24.225000381469727,24.25,24.225000381469727,24.229999542236328,12725.0
2024-07-03 12:58:00,ALLK,0.7616999745368958,0.7616999745368958,0.7633000016212463,0.7599999904632568,0.7617999911308289,43192.0
2024-07-03 12:58:00,ALLO,2.0899999141693115,2.0899999141693115,2.0899999141693115,2.0799999237060547,2.0850000381469727,16096.0
2024-07-03 12:58:00,ALLR,0.1979999989271164,0.1979999989271164,0.20000000298023224,0.19750000536441803,0.19750000536441803,1725.0
2024-07-03 12:58:00,ALNY,249.25999450683594,249.25999450683594,249.3800048828125,249.11500549316406,249.36000061035156,10532.0
2024-07-03 12:58:00,ALT,6.630000114440918,6.630000114440918,6.630000114440918,6.619999885559082,6.630000114440918,25809.0
2024-07-03 12:58:00,ALVO,12.199999809265137,12.199999809265137,12.199999809265137,12.1899995803833,12.1899995803833,784.0
2024-07-03 12:58:00,ALXO,5.579999923706055,5.579999923706055,5.610000133514404,5.579999923706055,5.599999904632568,52284.0
2024-07-03 12:58:00,AMED,97.17500305175781,97.17500305175781,97.20999908447266,97.125,97.20999908447266,5077.0
2024-07-03 12:58:00,AMGN,309.3699951171875,309.3699951171875,309.7200012207031,309.29998779296875,309.6199951171875,18332.0
2024-07-03 12:58:00,AMLX,1.7599999904632568,1.7599999904632568,1.7699999809265137,1.7599999904632568,1.7649999856948853,8480.0
2024-07-03 12:58:00,AMPH,38.5099983215332,38.5099983215332,38.54999923706055,38.5099983215332,38.529998779296875,5329.0
2024-07-03 12:58:00,AMRN,0.6850000023841858,0.6850000023841858,0.6869999766349792,0.6850000023841858,0.6850000023841858,11989.0
2024-07-03 12:58:00,ANAB,24.920000076293945,24.920000076293945,24.920000076293945,24.90999984741211,24.90999984741211,2584.0
2024-07-03 12:58:00,ANGO,5.684999942779541,5.684999942779541,5.690000057220459,5.684999942779541,5.690000057220459,1956.0
2024-07-03 12:58:00,ANIK,25.31999969482422,25.31999969482422,25.31999969482422,25.31999969482422,25.31999969482422,291.0
2024-07-03 12:58:00,ANIP,60.82500076293945,60.82500076293945,60.880001068115234,60.779998779296875,60.810001373291016,4712.0
2024-07-03 12:58:00,ANNX,4.789999961853027,4.789999961853027,4.789999961853027,4.784999847412109,4.789999961853027,8470.0
2024-07-03 12:58:00,ANTX,2.6902999877929688,2.6902999877929688,2.700000047683716,2.6800999641418457,2.690000057220459,12921.0
2024-07-03 12:58:00,APLS,35.40999984741211,35.40999984741211,35.4900016784668,35.40999984741211,35.47999954223633,13528.0
2024-07-03 12:58:00,APLT,4.355000019073486,4.355000019073486,4.360000133514404,4.349999904632568,4.360000133514404,4012.0
2024-07-03 12:58:00,APVO,0.31299999356269836,0.31299999356269836,0.31299999356269836,0.31299999356269836,0.31299999356269836,2035.0
2024-07-03 12:58:00,APYX,1.340000033378601,1.340000033378601,1.350000023841858,1.309999942779541,1.315000057220459,8286.0
2024-07-03 12:58:00,AQST,2.4000000953674316,2.4000000953674316,2.4100000858306885,2.4000000953674316,2.4049999713897705,3125.0
2024-07-03 12:58:00,ARAY,1.7400000095367432,1.7400000095367432,1.7400000095367432,1.7400000095367432,1.7400000095367432,333.0
2024-07-03 12:58:00,ARCT,21.860000610351562,21.860000610351562,21.889999389648438,21.799999237060547,21.860000610351562,14047.0
2024-07-03 12:58:00,ARDX,5.289999961853027,5.289999961853027,5.289999961853027,5.28000020980835,5.284999847412109,47692.0
2024-07-03 12:58:00,ARGX,435.69000244140625,435.69000244140625,435.69000244140625,435.29998779296875,435.3160095214844,1118.0
2024-07-03 12:58:00,ARQT,9.604999542236328,9.604999542236328,9.609999656677246,9.600000381469727,9.604999542236328,11030.0
2024-07-03 12:58:00,ARVN,23.829999923706055,23.829999923706055,23.889999389648438,23.829999923706055,23.8700008392334,7872.0
2024-07-03 12:58:00,ARWR,25.110000610351562,25.110000610351562,25.139999389648438,25.110000610351562,25.139999389648438,6890.0
2024-07-03 12:58:00,ASMB,12.40999984741211,12.40999984741211,12.40999984741211,12.40999984741211,12.40999984741211,146.0
2024-07-03 12:58:00,ASND,134.0399932861328,134.0399932861328,134.218994140625,134.0399932861328,134.218994140625,4166.0
2024-07-03 12:58:00,ASRT,1.3600000143051147,1.3600000143051147,1.3600000143051147,1.3550000190734863,1.3550000190734863,4230.0
2024-07-03 12:58:00,ATAI,1.2799999713897705,1.2799999713897705,1.2899999618530273,1.2799999713897705,1.284999966621399,3001.0
2024-07-03 12:58:00,ATEC,10.015000343322754,10.015000343322754,10.015000343322754,10.005000114440918,10.015000343322754,9946.0
2024-07-03 12:58:00,ATNF,1.6100000143051147,1.6100000143051147,1.6101000308990479,1.600000023841858,1.6100000143051147,904.0
2024-07-03 12:58:00,ATOS,1.1649999618530273,1.1649999618530273,1.1699999570846558,1.1613999605178833,1.1699999570846558,4103.0
2024-07-03 12:58:00,ATRA,7.78000020980835,7.78000020980835,7.78000020980835,7.78000020980835,7.78000020980835,328.0
2024-07-03 12:58:00,ATRC,22.5,22.5,22.5,22.479999542236328,22.4950008392334,7711.0
2024-07-03 12:58:00,ATXI,3.4100000858306885,3.4100000858306885,3.4100000858306885,3.4100000858306885,3.4100000858306885,164.0
2024-07-03 12:58:00,ATXS,9.020000457763672,9.020000457763672,9.020000457763672,9.0,9.010000228881836,4377.0
2024-07-03 12:58:00,AUGX,1.0,1.0,1.0098999738693237,1.0,1.0,11806.0
2024-07-03 12:58:00,AUPH,5.474999904632568,5.474999904632568,5.480000019073486,5.474999904632568,5.474999904632568,5040.0
2024-07-03 12:58:00,AUTL,3.4700000286102295,3.4700000286102295,3.4749999046325684,3.4700000286102295,3.4700000286102295,7175.0
2024-07-03 12:58:00,AVAH,2.6600000858306885,2.6600000858306885,2.6600000858306885,2.6600000858306885,2.6600000858306885,490.0
2024-07-03 12:58:00,AVDL,14.529999732971191,14.529999732971191,14.539999961853027,14.5,14.510000228881836,15756.0
2024-07-03 12:58:00,AVIR,3.2799999713897705,3.2799999713897705,3.2799999713897705,3.2750000953674316,3.2750000953674316,2143.0
2024-07-03 12:58:00,AVTE,1.684999942779541,1.684999942779541,1.690000057220459,1.6799999475479126,1.684999942779541,3191.0
2024-07-03 12:58:00,AVXL,4.125,4.125,4.127200126647949,4.119999885559082,4.119999885559082,3460.0
2024-07-03 12:58:00,AWH,0.9412999749183655,0.9412999749183655,0.9855999946594238,0.9412999749183655,0.9855999946594238,1316.0
2024-07-03 12:58:00,AXGN,7.619999885559082,7.619999885559082,7.630000114440918,7.599999904632568,7.630000114440918,7072.0
2024-07-03 12:58:00,AXNX,67.44999694824219,67.44999694824219,67.44999694824219,67.44999694824219,67.44999694824219,1700.0
2024-07-03 12:58:00,AXSM,80.125,80.125,80.25,80.08000183105469,80.25,9357.0
2024-07-03 12:58:00,AZN,76.80000305175781,76.80000305175781,76.8301010131836,76.79499816894531,76.8301010131836,37324.0
2024-07-03 12:58:00,AZTA,51.959999084472656,51.959999084472656,52.0099983215332,51.959999084472656,52.0099983215332,8268.0
2024-07-03 12:58:00,BBIO,24.969999313354492,24.969999313354492,25.010000228881836,24.969999313354492,25.0,18093.0
2024-07-03 12:58:00,BCAB,1.4299999475479126,1.4299999475479126,1.434999942779541,1.4299999475479126,1.4299999475479126,16632.0
2024-07-03 12:58:00,BCLI,0.3334999978542328,0.3334999978542328,0.34360000491142273,0.33309999108314514,0.33399999141693115,4410.0
2024-07-03 12:58:00,BCRX,6.425000190734863,6.425000190734863,6.425000190734863,6.420000076293945,6.425000190734863,10631.0
2024-07-03 12:58:00,BCYC,19.59000015258789,19.59000015258789,19.59000015258789,19.59000015258789,19.59000015258789,1010.0
2024-07-03 12:58:00,BDSX,1.600000023841858,1.600000023841858,1.600000023841858,1.590000033378601,1.590999960899353,1241.0
2024-07-03 12:58:00,BDTX,4.440000057220459,4.440000057220459,4.440000057220459,4.440000057220459,4.440000057220459,4597.0
2024-07-03 12:58:00,BEAM,23.479999542236328,23.479999542236328,23.520000457763672,23.469999313354492,23.520000457763672,17442.0
2024-07-03 12:58:00,BEAT,2.680000066757202,2.680000066757202,2.680000066757202,2.680000066757202,2.680000066757202,994.0
2024-07-03 12:58:00,BGNE,147.75,147.75,147.75999450683594,147.6999969482422,147.6999969482422,2673.0
2024-07-03 12:58:00,BIIB,224.68499755859375,224.68499755859375,224.97999572753906,224.572998046875,224.9250030517578,15220.0
2024-07-03 12:58:00,BIMI,1.25,1.25,1.2599999904632568,1.25,1.2599999904632568,2212.0
2024-07-03 12:58:00,BIOR,0.6270999908447266,0.6270999908447266,0.6270999908447266,0.6200000047683716,0.6200000047683716,1975.0
2024-07-03 12:58:00,BLFS,20.030000686645508,20.030000686645508,20.040000915527344,19.979999542236328,19.979999542236328,15082.0
2024-07-03 12:58:00,BLUE,0.9139999747276306,0.9139999747276306,0.9142000079154968,0.9139999747276306,0.9142000079154968,17465.0
2024-07-03 12:58:00,BMEA,4.34499979019165,4.34499979019165,4.34499979019165,4.341000080108643,4.34499979019165,2617.0
2024-07-03 12:58:00,BMRA,0.44859999418258667,0.44859999418258667,0.4487000107765198,0.44859999418258667,0.4487000107765198,250.0
2024-07-03 12:58:00,BMRN,81.23380279541016,81.23380279541016,81.23380279541016,81.19000244140625,81.19000244140625,11278.0
2024-07-03 12:58:00,BNGO,0.5708000063896179,0.5708000063896179,0.5708000063896179,0.5708000063896179,0.5708000063896179,1015.0
2024-07-03 12:58:00,BNOX,0.6700999736785889,0.6700999736785889,0.6700999736785889,0.6700000166893005,0.6700999736785889,11633.0
2024-07-03 12:58:00,BNTC,8.84000015258789,8.84000015258789,8.84000015258789,8.84000015258789,8.84000015258789,763.0
2024-07-03 12:58:00,BNTX,79.95999908447266,79.95999908447266,80.0199966430664,79.94999694824219,80.00499725341797,2603.0
2024-07-03 12:58:00,BPMC,108.98999786376953,108.98999786376953,109.12000274658203,108.88999938964844,108.93000030517578,9589.0
2024-07-03 12:58:00,BRKR,61.84000015258789,61.84000015258789,61.900001525878906,61.84000015258789,61.869998931884766,24311.0
2024-07-03 12:58:00,BTAI,1.0800000429153442,1.0800000429153442,1.0850000381469727,1.0800000429153442,1.0850000381469727,1351.0
2024-07-03 12:58:00,BTMD,7.400000095367432,7.400000095367432,7.400000095367432,7.400000095367432,7.400000095367432,1373.0
2024-07-03 12:58:00,BVS,5.945000171661377,5.945000171661377,5.945000171661377,5.940000057220459,5.940000057220459,6242.0
2024-07-03 12:58:00,BYSI,2.4000000953674316,2.4000000953674316,2.4200000762939453,2.4000000953674316,2.4200000762939453,1086.0
2024-07-03 12:58:00,CABA,7.570000171661377,7.570000171661377,7.570000171661377,7.53000020980835,7.53000020980835,8997.0
2024-07-03 12:58:00,CADL,6.284999847412109,6.284999847412109,6.284999847412109,6.264999866485596,6.275000095367432,12121.0
2024-07-03 12:58:00,CAPR,4.820000171661377,4.820000171661377,4.840000152587891,4.820000171661377,4.840000152587891,1431.0
2024-07-03 12:58:00,CARA,0.28040000796318054,0.28040000796318054,0.28619998693466187,0.28040000796318054,0.28619998693466187,3125.0
2024-07-03 12:58:00,CCCC,4.565000057220459,4.565000057220459,4.574999809265137,4.554999828338623,4.554999828338623,19452.0
2024-07-03 12:58:00,CCRN,13.609999656677246,13.609999656677246,13.609999656677246,13.600000381469727,13.600000381469727,3070.0
2024-07-03 12:58:00,CDMO,7.735000133514404,7.735000133514404,7.739999771118164,7.71999979019165,7.724999904632568,10244.0
2024-07-03 12:58:00,CDNA,14.899999618530273,14.899999618530273,14.90999984741211,14.899999618530273,14.899999618530273,3198.0
2024-07-03 12:58:00,CDXC,2.5450000762939453,2.5450000762939453,2.555000066757202,2.5399999618530273,2.555000066757202,5061.0
2024-07-03 12:58:00,CDXS,2.875,2.875,2.875,2.869999885559082,2.869999885559082,6082.0
2024-07-03 12:58:00,CELC,16.34000015258789,16.34000015258789,16.34000015258789,16.31999969482422,16.329999923706055,1597.0
2024-07-03 12:58:00,CERE,40.290000915527344,40.290000915527344,40.400001525878906,40.279998779296875,40.33000183105469,48944.0
2024-07-03 12:58:00,CERS,1.715000033378601,1.715000033378601,1.715000033378601,1.7100000381469727,1.715000033378601,5729.0
2024-07-03 12:58:00,CERT,13.8100004196167,13.8100004196167,13.8100004196167,13.789999961853027,13.789999961853027,6244.0
2024-07-03 12:58:00,CGC,6.485000133514404,6.485000133514404,6.485000133514404,6.474999904632568,6.480000019073486,12055.0
2024-07-03 12:58:00,CGEM,16.809999465942383,16.809999465942383,16.809999465942383,16.770000457763672,16.770000457763672,5929.0
2024-07-03 12:58:00,CGEN,1.6699999570846558,1.6699999570846558,1.6699999570846558,1.6699999570846558,1.6699999570846558,725.0
2024-07-03 12:58:00,CGTX,1.7699999809265137,1.7699999809265137,1.7699999809265137,1.7699999809265137,1.7699999809265137,1346.0
2024-07-03 12:58:00,CHRS,1.3849999904632568,1.3849999904632568,1.3849999904632568,1.3799999952316284,1.3849999904632568,5417.0
2024-07-03 12:58:00,CLDX,36.02000045776367,36.02000045776367,36.04999923706055,36.01499938964844,36.029998779296875,5155.0
2024-07-03 12:58:00,CLOV,1.25,1.25,1.2549999952316284,1.25,1.251099944114685,60936.0
2024-07-03 12:58:00,CLPT,5.360000133514404,5.360000133514404,5.360000133514404,5.360000133514404,5.360000133514404,1106.0
2024-07-03 12:58:00,CLRB,2.4700000286102295,2.4700000286102295,2.4700000286102295,2.4700000286102295,2.4700000286102295,1995.0
2024-07-03 12:58:00,CMAX,2.3499999046325684,2.3499999046325684,2.3499999046325684,2.346400022506714,2.3499999046325684,938.0
2024-07-03 12:58:00,CMPS,6.28000020980835,6.28000020980835,6.300000190734863,6.28000020980835,6.298299789428711,4175.0
2024-07-03 12:58:00,CMPX,0.8335000276565552,0.8335000276565552,0.8335000276565552,0.8335000276565552,0.8335000276565552,4386.0
2024-07-03 12:58:00,CMRA,0.025499999523162842,0.025499999523162842,0.025499999523162842,0.025499999523162842,0.025499999523162842,0.0
2024-07-03 12:58:00,CNSP,1.4200999736785889,1.4200999736785889,1.4399000406265259,1.4199999570846558,1.4249999523162842,41689.0
2024-07-03 12:58:00,CNTA,8.550000190734863,8.550000190734863,8.550000190734863,8.550000190734863,8.550000190734863,1038.0
2024-07-03 12:58:00,CNTX,1.7899999618530273,1.7899999618530273,1.7899999618530273,1.7899999618530273,1.7899999618530273,356.0
2024-07-03 12:58:00,CODX,1.281000018119812,1.281000018119812,1.281000018119812,1.281000018119812,1.281000018119812,206.0
2024-07-03 12:58:00,COGT,8.34000015258789,8.34000015258789,8.369999885559082,8.34000015258789,8.369999885559082,11729.0
2024-07-03 12:58:00,COLL,32.400001525878906,32.400001525878906,32.43000030517578,32.369998931884766,32.400001525878906,4061.0
2024-07-03 12:58:00,CORT,30.440000534057617,30.440000534057617,30.514999389648438,30.440000534057617,30.440000534057617,12198.0
2024-07-03 12:58:00,COSM,0.8999999761581421,0.8999999761581421,0.8999999761581421,0.8999999761581421,0.8999999761581421,200.0
2024-07-03 12:58:00,CPRX,15.319999694824219,15.319999694824219,15.326700210571289,15.319999694824219,15.319999694824219,5109.0
2024-07-03 12:58:00,CRBP,49.84000015258789,49.84000015258789,49.84000015258789,49.7599983215332,49.77000045776367,2377.0
2024-07-03 12:58:00,CRBU,1.5850000381469727,1.5850000381469727,1.5987000465393066,1.5850000381469727,1.5987000465393066,30922.0
2024-07-03 12:58:00,CRDF,2.249500036239624,2.249500036239624,2.249500036239624,2.244999885559082,2.244999885559082,2401.0
2024-07-03 12:58:00,CRDL,1.9149999618530273,1.9149999618530273,1.9149999618530273,1.9149999618530273,1.9149999618530273,834.0
2024-07-03 12:58:00,CRIS,6.25,6.25,6.3094000816345215,6.25,6.3094000816345215,438.0
2024-07-03 12:58:00,CRMD,4.135000228881836,4.135000228881836,4.139999866485596,4.130000114440918,4.130000114440918,2193.0
2024-07-03 12:58:00,CRNX,44.21500015258789,44.21500015258789,44.38999938964844,44.1609992980957,44.38999938964844,22113.0
2024-07-03 12:58:00,CRON,2.309999942779541,2.309999942779541,2.309999942779541,2.3013999462127686,2.305000066757202,8463.0
2024-07-03 12:58:00,CRSP,54.0,54.0,54.02000045776367,53.95000076293945,53.959999084472656,17823.0
2024-07-03 12:58:00,CRVS,1.784999966621399,1.784999966621399,1.784999966621399,1.784999966621399,1.784999966621399,195.0
2024-07-03 12:58:00,CSTL,21.25,21.25,21.25,21.229999542236328,21.239999771118164,2361.0
2024-07-03 12:58:00,CTKB,5.570000171661377,5.570000171661377,5.590000152587891,5.570000171661377,5.585000038146973,5491.0
2024-07-03 12:58:00,CTMX,1.2999999523162842,1.2999999523162842,1.309999942779541,1.2999999523162842,1.3049999475479126,8981.0
2024-07-03 12:58:00,CTXR,0.49059998989105225,0.49059998989105225,0.49709999561309814,0.49059998989105225,0.4950000047683716,5338.0
2024-07-03 12:58:00,CUE,0.9800000190734863,0.9800000190734863,0.9800999760627747,0.9800000190734863,0.9800000190734863,1990.0
2024-07-03 12:58:00,CUTR,1.2899999618530273,1.2899999618530273,1.2977999448776245,1.2899999618530273,1.2899999618530273,1159.0
2024-07-03 12:58:00,CVAC,3.1052000522613525,3.1052000522613525,3.119999885559082,3.0999999046325684,3.115000009536743,70502.0
2024-07-03 12:58:00,CVRX,11.800000190734863,11.800000190734863,11.800000190734863,11.770000457763672,11.770000457763672,1040.0
2024-07-03 12:58:00,CYTK,54.44499969482422,54.44499969482422,54.47999954223633,54.41999816894531,54.47999954223633,8971.0
2024-07-03 12:58:00,DARE,3.059999942779541,3.059999942779541,3.119800090789795,3.059999942779541,3.065000057220459,1968.0
2024-07-03 12:58:00,DAWN,13.550000190734863,13.550000190734863,13.5600004196167,13.539999961853027,13.5600004196167,2706.0
2024-07-03 12:58:00,DCGO,2.950000047683716,2.950000047683716,2.950000047683716,2.944999933242798,2.944999933242798,2496.0
2024-07-03 12:58:00,DERM,5.150000095367432,5.150000095367432,5.150000095367432,5.150000095367432,5.150000095367432,201.0
2024-07-03 12:58:00,DH,5.360000133514404,5.360000133514404,5.360000133514404,5.355000019073486,5.355000019073486,1485.0
2024-07-03 12:58:00,DNLI,21.309999465942383,21.309999465942383,21.350000381469727,21.309999465942383,21.344999313354492,16017.0
2024-07-03 12:58:00,DRMA,2.2300000190734863,2.2300000190734863,2.2300000190734863,2.2300000190734863,2.2300000190734863,298.0
2024-07-03 12:58:00,DSGN,3.1600000858306885,3.1600000858306885,3.1649999618530273,3.1600000858306885,3.1649999618530273,6465.0
2024-07-03 12:58:00,DTIL,9.319999694824219,9.319999694824219,9.34000015258789,9.319999694824219,9.34000015258789,788.0
2024-07-03 12:58:00,DVAX,11.039999961853027,11.039999961853027,11.055000305175781,11.039999961853027,11.045000076293945,20346.0
2024-07-03 12:58:00,DXCM,111.06999969482422,111.06999969482422,111.1500015258789,111.06999969482422,111.11000061035156,19005.0
2024-07-03 12:58:00,DYN,34.08000183105469,34.08000183105469,34.08000183105469,34.04999923706055,34.060001373291016,5277.0
2024-07-03 12:58:00,EDIT,4.664999961853027,4.664999961853027,4.670000076293945,4.659999847412109,4.664999961853027,5752.0
2024-07-03 12:58:00,EGRX,5.460000038146973,5.460000038146973,5.489999771118164,5.460000038146973,5.489999771118164,1020.0
2024-07-03 12:58:00,ELEV,2.700000047683716,2.700000047683716,2.744999885559082,2.690000057220459,2.744999885559082,42673.0
2024-07-03 12:58:00,EMBC,12.045000076293945,12.045000076293945,12.069999694824219,12.045000076293945,12.0600004196167,6627.0
2024-07-03 12:58:00,ENSG,126.44999694824219,126.44999694824219,126.4800033569336,126.41999816894531,126.4800033569336,5556.0
2024-07-03 12:58:00,ENTA,13.069999694824219,13.069999694824219,13.069999694824219,13.069999694824219,13.069999694824219,863.0
2024-07-03 12:58:00,EOLS,10.975000381469727,10.975000381469727,10.979999542236328,10.975000381469727,10.979999542236328,2489.0
2024-07-03 12:58:00,ERAS,2.190000057220459,2.190000057220459,2.190000057220459,2.184999942779541,2.184999942779541,2961.0
2024-07-03 12:58:00,ESPR,2.365000009536743,2.365000009536743,2.375,2.365000009536743,2.369999885559082,77405.0
2024-07-03 12:58:00,ESTA,43.709999084472656,43.709999084472656,43.709999084472656,43.709999084472656,43.709999084472656,1213.0
2024-07-03 12:58:00,ETNB,7.454999923706055,7.454999923706055,7.460000038146973,7.449999809265137,7.449999809265137,4786.0
2024-07-03 12:58:00,EWTX,18.284000396728516,18.284000396728516,18.329999923706055,18.284000396728516,18.329999923706055,8839.0
2024-07-03 12:58:00,EXAI,5.389999866485596,5.389999866485596,5.389999866485596,5.389999866485596,5.389999866485596,1181.0
2024-07-03 12:58:00,EXAS,43.189998626708984,43.189998626708984,43.220001220703125,43.18000030517578,43.18000030517578,18273.0
2024-07-03 12:58:00,EXEL,21.950000762939453,21.950000762939453,21.959999084472656,21.94499969482422,21.94499969482422,8465.0
2024-07-03 12:58:00,EYEN,0.7689999938011169,0.7689999938011169,0.7689999938011169,0.7689999938011169,0.7689999938011169,1473.0
2024-07-03 12:58:00,EYPT,8.609999656677246,8.609999656677246,8.630000114440918,8.600000381469727,8.619999885559082,22265.0
2024-07-03 12:58:00,FATE,3.1649999618530273,3.1649999618530273,3.1700000762939453,3.1600000858306885,3.1700000762939453,6697.0
2024-07-03 12:58:00,FBIO,1.7699999809265137,1.7699999809265137,1.7699999809265137,1.7699999809265137,1.7699999809265137,200.0
2024-07-03 12:58:00,FDMT,20.858999252319336,20.858999252319336,20.858999252319336,20.825000762939453,20.829999923706055,3022.0
2024-07-03 12:58:00,FENC,6.03000020980835,6.03000020980835,6.03000020980835,6.000999927520752,6.000999927520752,777.0
2024-07-03 12:58:00,FGEN,0.6840000152587891,0.6840000152587891,0.6916999816894531,0.6801000237464905,0.6904000043869019,141528.0
2024-07-03 12:58:00,FHTX,5.570000171661377,5.570000171661377,5.570000171661377,5.570000171661377,5.570000171661377,619.0
2024-07-03 12:58:00,FLGT,19.899999618530273,19.899999618530273,19.899999618530273,19.889999389648438,19.899999618530273,863.0
2024-07-03 12:58:00,FOLD,9.829999923706055,9.829999923706055,9.835000038146973,9.824999809265137,9.824999809265137,15112.0
2024-07-03 12:58:00,FULC,6.15500020980835,6.15500020980835,6.15500020980835,6.150000095367432,6.15500020980835,3057.0
2024-07-03 12:58:00,GALT,2.1549999713897705,2.1549999713897705,2.1549999713897705,2.1500000953674316,2.1500000953674316,718.0
2024-07-03 12:58:00,GANX,1.1399999856948853,1.1399999856948853,1.1399999856948853,1.1399999856948853,1.1399999856948853,582.0
2024-07-03 12:58:00,GDRX,7.809999942779541,7.809999942779541,7.815000057220459,7.809999942779541,7.815000057220459,12632.0
2024-07-03 12:58:00,GERN,4.355000019073486,4.355000019073486,4.357500076293945,4.34499979019165,4.349999904632568,41659.0
2024-07-03 12:58:00,GH,28.40999984741211,28.40999984741211,28.43000030517578,28.399999618530273,28.399999618530273,23416.0
2024-07-03 12:58:00,GILD,66.61000061035156,66.61000061035156,66.6500015258789,66.5999984741211,66.62999725341797,65961.0
2024-07-03 12:58:00,GLPG,24.90999984741211,24.90999984741211,24.93000030517578,24.8799991607666,24.920000076293945,1877.0
2024-07-03 12:58:00,GLUE,3.890000104904175,3.890000104904175,3.890000104904175,3.880000114440918,3.880000114440918,1732.0
2024-07-03 12:58:00,GMAB,25.15999984741211,25.15999984741211,25.15999984741211,25.149999618530273,25.149999618530273,2236.0
2024-07-03 12:58:00,GNPX,1.9010000228881836,1.9010000228881836,1.909999966621399,1.9010000228881836,1.909999966621399,300.0
2024-07-03 12:58:00,GOSS,1.024999976158142,1.024999976158142,1.0299999713897705,1.0099999904632568,1.0099999904632568,30021.0
2024-07-03 12:58:00,GOVX,2.9000000953674316,2.9000000953674316,2.9198999404907227,2.8901000022888184,2.9198999404907227,3194.0
2024-07-03 12:58:00,GRFS,6.65500020980835,6.65500020980835,6.65500020980835,6.650000095367432,6.65500020980835,10095.0
2024-07-03 12:58:00,GRTS,0.5767999887466431,0.5767999887466431,0.5767999887466431,0.5767999887466431,0.5767999887466431,6777.0
2024-07-03 12:58:00,GRTX,0.13809999823570251,0.13809999823570251,0.13809999823570251,0.13809999823570251,0.13809999823570251,8710.0
2024-07-03 12:58:00,GTHX,2.575000047683716,2.575000047683716,2.5799999237060547,2.569999933242798,2.575000047683716,5192.0
2024-07-03 12:58:00,HALO,52.04999923706055,52.04999923706055,52.060001373291016,52.02000045776367,52.029998779296875,11447.0
2024-07-03 12:58:00,HCAT,6.179999828338623,6.179999828338623,6.184999942779541,6.179999828338623,6.179999828338623,4463.0
2024-07-03 12:58:00,HCM,17.524999618530273,17.524999618530273,17.524999618530273,17.50749969482422,17.520000457763672,1207.0
2024-07-03 12:58:00,HCSG,10.595000267028809,10.595000267028809,10.60890007019043,10.581000328063965,10.60890007019043,11566.0
2024-07-03 12:58:00,HITI,2.130000114440918,2.130000114440918,2.130000114440918,2.130000114440918,2.130000114440918,470.0
2024-07-03 12:58:00,HLVX,14.140000343322754,14.140000343322754,14.140000343322754,14.09000015258789,14.114999771118164,1935.0
2024-07-03 12:58:00,HOLX,73.45999908447266,73.45999908447266,73.55000305175781,73.45999908447266,73.55000305175781,20756.0
2024-07-03 12:58:00,HOOK,0.5789999961853027,0.5789999961853027,0.5789999961853027,0.5788999795913696,0.5788999795913696,1885.0
2024-07-03 12:58:00,HOWL,2.119999885559082,2.119999885559082,2.119999885559082,2.119999885559082,2.119999885559082,2269.0
2024-07-03 12:58:00,HQY,83.56999969482422,83.56999969482422,83.69000244140625,83.56999969482422,83.6449966430664,4804.0
2024-07-03 12:58:00,HRMY,30.81999969482422,30.81999969482422,30.850000381469727,30.81999969482422,30.829999923706055,3397.0
2024-07-03 12:58:00,HROW,21.469999313354492,21.469999313354492,21.469999313354492,21.46500015258789,21.46500015258789,4077.0
2024-07-03 12:58:00,HRTX,2.755000114440918,2.755000114440918,2.765000104904175,2.75,2.765000104904175,15404.0
2024-07-03 12:58:00,HSCS,4.809999942779541,4.809999942779541,4.885799884796143,4.809999942779541,4.885799884796143,782.0
2024-07-03 12:58:00,HSIC,64.86000061035156,64.86000061035156,64.9000015258789,64.85870361328125,64.9000015258789,19353.0
2024-07-03 12:58:00,HSTM,27.59000015258789,27.59000015258789,27.610000610351562,27.59000015258789,27.610000610351562,1715.0
2024-07-03 12:58:00,HUMA,5.684999942779541,5.684999942779541,5.684999942779541,5.670100212097168,5.675000190734863,18579.0
2024-07-03 12:58:00,IART,28.65999984741211,28.65999984741211,28.700000762939453,28.65999984741211,28.690000534057617,9859.0
2024-07-03 12:58:00,IBRX,6.28000020980835,6.28000020980835,6.289999961853027,6.28000020980835,6.284999847412109,9375.0
2024-07-03 12:58:00,ICAD,1.2400000095367432,1.2400000095367432,1.2400000095367432,1.2300000190734863,1.2400000095367432,7575.0
2024-07-03 12:58:00,ICLR,318.2250061035156,318.2250061035156,318.42498779296875,318.0400085449219,318.2699890136719,5282.0
2024-07-03 12:58:00,ICUI,117.6500015258789,117.6500015258789,117.6500015258789,117.63999938964844,117.63999938964844,2703.0
2024-07-03 12:58:00,IDXX,477.7900085449219,477.7900085449219,478.0199890136719,477.7300109863281,478.0199890136719,3988.0
2024-07-03 12:58:00,IDYA,33.29999923706055,33.29999923706055,33.31999969482422,33.279998779296875,33.310001373291016,4941.0
2024-07-03 12:58:00,IGMS,6.449999809265137,6.449999809265137,6.449999809265137,6.449999809265137,6.449999809265137,447.0
2024-07-03 12:58:00,IINN,1.3200000524520874,1.3200000524520874,1.3200000524520874,1.3200000524520874,1.3200000524520874,0.0
2024-07-03 12:58:00,IKNA,1.6380000114440918,1.6380000114440918,1.6399999856948853,1.6349999904632568,1.6399999856948853,5145.0
2024-07-03 12:58:00,IKT,1.190000057220459,1.190000057220459,1.190000057220459,1.190000057220459,1.190000057220459,100.0
2024-07-03 12:58:00,ILMN,105.44000244140625,105.44000244140625,105.4800033569336,105.44000244140625,105.4749984741211,14950.0
2024-07-03 12:58:00,IMAB,1.5,1.5,1.5099999904632568,1.5,1.5099999904632568,3178.0
2024-07-03 12:58:00,IMCR,36.0,36.0,36.029998779296875,36.0,36.0,1499.0
2024-07-03 12:58:00,IMMP,2.0,2.0,2.0,2.0,2.0,320.0
2024-07-03 12:58:00,IMMX,2.440000057220459,2.440000057220459,2.440000057220459,2.4200000762939453,2.420099973678589,17082.0
2024-07-03 12:58:00,IMNM,12.100000381469727,12.100000381469727,12.125,12.095000267028809,12.119999885559082,8555.0
2024-07-03 12:58:00,IMTX,11.84000015258789,11.84000015258789,11.854999542236328,11.84000015258789,11.854999542236328,1605.0
2024-07-03 12:58:00,IMUX,1.149999976158142,1.149999976158142,1.149999976158142,1.149999976158142,1.149999976158142,500.0
2024-07-03 12:58:00,IMVT,26.200000762939453,26.200000762939453,26.200000762939453,26.15999984741211,26.15999984741211,10513.0
2024-07-03 12:58:00,INBX,13.404999732971191,13.404999732971191,13.420000076293945,13.390000343322754,13.420000076293945,3931.0
2024-07-03 12:58:00,INCR,2.119999885559082,2.119999885559082,2.119999885559082,2.119999885559082,2.119999885559082,661.0
2024-07-03 12:58:00,INCY,57.689998626708984,57.689998626708984,57.779998779296875,57.689998626708984,57.779998779296875,27669.0
2024-07-03 12:58:00,INGN,8.079999923706055,8.079999923706055,8.079999923706055,8.039999961853027,8.045000076293945,3592.0
2024-07-03 12:58:00,INMB,7.989999771118164,7.989999771118164,8.015000343322754,7.989500045776367,8.015000343322754,3192.0
2024-07-03 12:58:00,INMD,17.475000381469727,17.475000381469727,17.479999542236328,17.469999313354492,17.469999313354492,2581.0
2024-07-03 12:58:00,INO,8.329999923706055,8.329999923706055,8.329999923706055,8.3100004196167,8.3100004196167,2356.0
2024-07-03 12:58:00,INSM,62.09000015258789,62.09000015258789,62.11000061035156,62.060001373291016,62.0880012512207,27295.0
2024-07-03 12:58:00,INVA,16.334999084472656,16.334999084472656,16.334999084472656,16.325000762939453,16.334999084472656,3722.0
2024-07-03 12:58:00,IOBT,1.1401000022888184,1.1401000022888184,1.1401000022888184,1.1399999856948853,1.1399999856948853,729.0
2024-07-03 12:58:00,IONM,0.3158000111579895,0.3158000111579895,0.3165000081062317,0.31529998779296875,0.3165000081062317,2477.0
2024-07-03 12:58:00,IONS,45.65999984741211,45.65999984741211,45.72999954223633,45.65999984741211,45.72999954223633,10080.0
2024-07-03 12:58:00,IOVA,7.360000133514404,7.360000133514404,7.380000114440918,7.360000133514404,7.360899925231934,86549.0
2024-07-03 12:58:00,IPA,1.0,1.0,1.0,0.9993000030517578,0.9993000030517578,2148.0
2024-07-03 12:58:00,IPSC,2.25,2.25,2.25,2.25,2.25,355.0
2024-07-03 12:58:00,IRMD,44.09000015258789,44.09000015258789,44.09000015258789,44.08000183105469,44.08000183105469,674.0
2024-07-03 12:58:00,IRTC,97.1050033569336,97.1050033569336,97.1050033569336,97.0199966430664,97.08000183105469,2987.0
2024-07-03 12:58:00,IRWD,6.125,6.125,6.125,6.119999885559082,6.119999885559082,5131.0
2024-07-03 12:58:00,ISPC,0.2705000042915344,0.2705000042915344,0.27300000190734863,0.2705000042915344,0.27300000190734863,2118.0
2024-07-03 12:58:00,ISRG,434.6600036621094,434.6600036621094,435.0899963378906,434.6600036621094,435.05999755859375,17182.0
2024-07-03 12:58:00,ITCI,69.11000061035156,69.11000061035156,69.12000274658203,69.04499816894531,69.08000183105469,12424.0
2024-07-03 12:58:00,ITOS,14.800000190734863,14.800000190734863,14.800000190734863,14.789999961853027,14.789999961853027,3169.0
2024-07-03 12:58:00,IVVD,1.090000033378601,1.090000033378601,1.100000023841858,1.090000033378601,1.100000023841858,423.0
2024-07-03 12:58:00,JAGX,3.5,3.5,3.5,3.4800000190734863,3.4800000190734863,3253.0
2024-07-03 12:58:00,JANX,38.369998931884766,38.369998931884766,38.474998474121094,38.369998931884766,38.45000076293945,13488.0
2024-07-03 12:58:00,JAZZ,103.87000274658203,103.87000274658203,103.87000274658203,103.79000091552734,103.83999633789062,5406.0
2024-07-03 12:58:00,JSPR,22.25,22.25,22.290000915527344,22.25,22.290000915527344,1025.0
2024-07-03 12:58:00,KALA,6.657100200653076,6.657100200653076,6.657100200653076,6.657100200653076,6.657100200653076,424.0
2024-07-03 12:58:00,KALV,11.699999809265137,11.699999809265137,11.729999542236328,11.699999809265137,11.720000267028809,4917.0
2024-07-03 12:58:00,KIDS,29.81999969482422,29.81999969482422,29.889999389648438,29.81999969482422,29.860000610351562,2149.0
2024-07-03 12:58:00,KMDA,5.130000114440918,5.130000114440918,5.130000114440918,5.110000133514404,5.130000114440918,1334.0
2024-07-03 12:58:00,KNSA,19.059999465942383,19.059999465942383,19.079999923706055,19.049999237060547,19.06999969482422,8336.0
2024-07-03 12:58:00,KOD,2.190000057220459,2.190000057220459,2.194999933242798,2.190000057220459,2.194999933242798,1970.0
2024-07-03 12:58:00,KPTI,0.8306999802589417,0.8306999802589417,0.8306999802589417,0.8303999900817871,0.8305000066757202,5289.0
2024-07-03 12:58:00,KRMD,2.5250000953674316,2.5250000953674316,2.5250000953674316,2.5250000953674316,2.5250000953674316,331.0
2024-07-03 12:58:00,KROS,42.11000061035156,42.11000061035156,42.2599983215332,42.11000061035156,42.2599983215332,5617.0
2024-07-03 12:58:00,KRYS,177.47000122070312,177.47000122070312,177.47000122070312,177.47000122070312,177.47000122070312,385.0
2024-07-03 12:58:00,KTRA,0.2759000062942505,0.2759000062942505,0.2759999930858612,0.2759000062942505,0.2759999930858612,14324.0
2024-07-03 12:58:00,KURA,20.059999465942383,20.059999465942383,20.1200008392334,20.059999465942383,20.1200008392334,7010.0
2024-07-03 12:58:00,KYMR,30.165000915527344,30.165000915527344,30.170000076293945,30.149999618530273,30.15999984741211,3994.0
2024-07-03 12:58:00,KZIA,0.2102999985218048,0.2102999985218048,0.2102999985218048,0.2102999985218048,0.2102999985218048,1184.0
2024-07-03 12:58:00,KZR,0.5773000121116638,0.5773000121116638,0.5773000121116638,0.5773000121116638,0.5773000121116638,2626.0
2024-07-03 12:58:00,LAB,1.8550000190734863,1.8550000190734863,1.8550000190734863,1.850000023841858,1.850000023841858,22423.0
2024-07-03 12:58:00,LBPH,31.905000686645508,31.905000686645508,31.90999984741211,31.799999237060547,31.850000381469727,7594.0
2024-07-03 12:58:00,LEGN,45.810001373291016,45.810001373291016,45.83000183105469,45.810001373291016,45.81999969482422,1897.0
2024-07-03 12:58:00,LFLY,2.059999942779541,2.059999942779541,2.0799999237060547,2.059999942779541,2.059999942779541,1021.0
2024-07-03 12:58:00,LFMD,6.762199878692627,6.762199878692627,6.789999961853027,6.755000114440918,6.760000228881836,7199.0
2024-07-03 12:58:00,LFST,5.085000038146973,5.085000038146973,5.085000038146973,5.079999923706055,5.079999923706055,1757.0
2024-07-03 12:58:00,LGND,82.65499877929688,82.65499877929688,82.65499877929688,82.65499877929688,82.65499877929688,620.0
2024-07-03 12:58:00,LGVN,1.6349999904632568,1.6349999904632568,1.6349999904632568,1.6349999904632568,1.6349999904632568,42.0
2024-07-03 12:58:00,LIVN,52.77000045776367,52.77000045776367,52.82899856567383,52.77000045776367,52.79499816894531,3331.0
2024-07-03 12:58:00,LMAT,81.2300033569336,81.2300033569336,81.41000366210938,81.19999694824219,81.30500030517578,2045.0
2024-07-03 12:58:00,LNTH,79.61499786376953,79.61499786376953,79.65499877929688,79.5999984741211,79.63999938964844,2911.0
2024-07-03 12:58:00,LOGC,5.75,5.75,5.755000114440918,5.75,5.75,1792.0
2024-07-03 12:58:00,LPCN,7.730000019073486,7.730000019073486,7.730000019073486,7.730000019073486,7.730000019073486,374.0
2024-07-03 12:58:00,LPTX,1.8350000381469727,1.8350000381469727,1.8350000381469727,1.8350000381469727,1.8350000381469727,239.0
2024-07-03 12:58:00,LQDA,11.975000381469727,11.975000381469727,11.975000381469727,11.970000267028809,11.970000267028809,1874.0
2024-07-03 12:58:00,LRMR,7.639999866485596,7.639999866485596,7.650000095367432,7.639999866485596,7.650000095367432,2181.0
2024-07-03 12:58:00,LUCD,0.762499988079071,0.762499988079071,0.762499988079071,0.7549999952316284,0.7549999952316284,1827.0
2024-07-03 12:58:00,LUCY,0.462799996137619,0.462799996137619,0.462799996137619,0.45419999957084656,0.4542999863624573,37726.0
2024-07-03 12:58:00,LUNG,6.300000190734863,6.300000190734863,6.304999828338623,6.300000190734863,6.304999828338623,677.0
2024-07-03 12:58:00,LXRX,1.6449999809265137,1.6449999809265137,1.649999976158142,1.6449999809265137,1.649999976158142,6613.0
2024-07-03 12:58:00,LYEL,1.502500057220459,1.502500057220459,1.5099999904632568,1.502500057220459,1.5049999952316284,9264.0
2024-07-03 12:58:00,LYRA,0.2816999852657318,0.2816999852657318,0.28279998898506165,0.2816999852657318,0.2816999852657318,2272.0
2024-07-03 12:58:00,MASI,114.25,114.25,114.30000305175781,114.19499969482422,114.30000305175781,13780.0
2024-07-03 12:58:00,MASS,4.869999885559082,4.869999885559082,4.869999885559082,4.860000133514404,4.860000133514404,2358.0
2024-07-03 12:58:00,MBIO,0.4921000003814697,0.4921000003814697,0.4950000047683716,0.49149999022483826,0.4918000102043152,64100.0
2024-07-03 12:58:00,MCRB,0.7117000222206116,0.7117000222206116,0.7135999798774719,0.7116000056266785,0.7116000056266785,6229.0
2024-07-03 12:58:00,MDGL,271.614990234375,271.614990234375,271.6300048828125,271.4700012207031,271.6300048828125,1675.0
2024-07-03 12:58:00,MDWD,14.510000228881836,14.510000228881836,14.510000228881836,14.510000228881836,14.510000228881836,1412.0
2024-07-03 12:58:00,MDXG,6.824999809265137,6.824999809265137,6.824999809265137,6.820000171661377,6.820000171661377,10571.0
2024-07-03 12:58:00,ME,0.41670000553131104,0.41670000553131104,0.41670000553131104,0.41359999775886536,0.414000004529953,49697.0
2024-07-03 12:58:00,MEDP,403.70001220703125,403.70001220703125,403.70001220703125,403.1300048828125,403.1300048828125,2491.0
2024-07-03 12:58:00,MEDS,17.889999389648438,17.889999389648438,17.889999389648438,17.889999389648438,17.889999389648438,200.0
2024-07-03 12:58:00,MESO,6.800000190734863,6.800000190734863,6.809999942779541,6.800000190734863,6.800000190734863,3506.0
2024-07-03 12:58:00,MGNX,4.199999809265137,4.199999809265137,4.204999923706055,4.195000171661377,4.195000171661377,10602.0
2024-07-03 12:58:00,MGTX,4.0,4.0,4.010000228881836,3.990000009536743,4.010000228881836,2427.0
2024-07-03 12:58:00,MIRM,33.86000061035156,33.86000061035156,33.91999816894531,33.86000061035156,33.90999984741211,2882.0
2024-07-03 12:58:00,MLTX,42.650001525878906,42.650001525878906,42.83000183105469,42.59000015258789,42.83000183105469,7484.0
2024-07-03 12:58:00,MMSI,85.83000183105469,85.83000183105469,85.8499984741211,85.76000213623047,85.76000213623047,5114.0
2024-07-03 12:58:00,MNKD,5.025000095367432,5.025000095367432,5.034999847412109,5.025000095367432,5.03000020980835,14362.0
2024-07-03 12:58:00,MNMD,7.105000019073486,7.105000019073486,7.110000133514404,7.105000019073486,7.110000133514404,1741.0
2024-07-03 12:58:00,MODD,1.4299999475479126,1.4299999475479126,1.4299999475479126,1.4299999475479126,1.4299999475479126,145.0
2024-07-03 12:58:00,MODV,27.125,27.125,27.125,27.059999465942383,27.059999465942383,1827.0
2024-07-03 12:58:00,MORF,31.899999618530273,31.899999618530273,31.899999618530273,31.829999923706055,31.829999923706055,2547.0
2024-07-03 12:58:00,MREO,3.5850000381469727,3.5850000381469727,3.5999999046325684,3.5850000381469727,3.5950000286102295,2535.0
2024-07-03 12:58:00,MRNA,116.02999877929688,116.02999877929688,116.16999816894531,116.0199966430664,116.16999816894531,17168.0
2024-07-03 12:58:00,MRNS,1.2100000381469727,1.2100000381469727,1.2100000381469727,1.2000000476837158,1.2100000381469727,1631.0
2024-07-03 12:58:00,MRSN,1.8350000381469727,1.8350000381469727,1.840000033378601,1.8350000381469727,1.8350000381469727,11281.0
2024-07-03 12:58:00,MRUS,53.060001373291016,53.060001373291016,53.060001373291016,52.97999954223633,53.0,12710.0
2024-07-03 12:58:00,MRVI,6.989999771118164,6.989999771118164,7.005000114440918,6.989999771118164,7.005000114440918,8723.0
2024-07-03 12:58:00,MXCT,3.765000104904175,3.765000104904175,3.7699999809265137,3.759999990463257,3.7699999809265137,4084.0
2024-07-03 12:58:00,MYGN,24.96500015258789,24.96500015258789,24.979999542236328,24.950000762939453,24.969999313354492,10680.0
2024-07-03 12:58:00,MYMD,1.7999999523162842,1.7999999523162842,1.7999999523162842,1.7999999523162842,1.7999999523162842,200.0
2024-07-03 12:58:00,NARI,49.869998931884766,49.869998931884766,49.915000915527344,49.86000061035156,49.880001068115234,3942.0
2024-07-03 12:58:00,NBIX,138.41000366210938,138.41000366210938,138.48500061035156,138.39999389648438,138.47999572753906,6677.0
2024-07-03 12:58:00,NDRA,0.09099999815225601,0.09099999815225601,0.09099999815225601,0.09030000120401382,0.09030000120401382,291610.0
2024-07-03 12:58:00,NEO,13.699999809265137,13.699999809265137,13.704999923706055,13.699999809265137,13.699999809265137,7874.0
2024-07-03 12:58:00,NEOG,15.204999923706055,15.204999923706055,15.217000007629395,15.199000358581543,15.199000358581543,28345.0
2024-07-03 12:58:00,NKTR,1.3049999475479126,1.3049999475479126,1.3200000524520874,1.3049999475479126,1.3200000524520874,50104.0
2024-07-03 12:58:00,NKTX,5.355000019073486,5.355000019073486,5.360000133514404,5.355000019073486,5.360000133514404,2120.0
2024-07-03 12:58:00,NNOX,7.025000095367432,7.025000095367432,7.025000095367432,7.014999866485596,7.014999866485596,5910.0
2024-07-03 12:58:00,NOTV,1.690000057220459,1.690000057220459,1.690000057220459,1.690000057220459,1.690000057220459,208.0
2024-07-03 12:58:00,NRC,22.969999313354492,22.969999313354492,22.979999542236328,22.969999313354492,22.979999542236328,1206.0
2024-07-03 12:58:00,NRIX,19.415000915527344,19.415000915527344,19.43000030517578,19.402000427246094,19.43000030517578,9941.0
2024-07-03 12:58:00,NTLA,22.940000534057617,22.940000534057617,22.969999313354492,22.940000534057617,22.940000534057617,22178.0
2024-07-03 12:58:00,NTRA,111.70999908447266,111.70999908447266,111.91000366210938,111.70999908447266,111.8499984741211,9032.0
2024-07-03 12:58:00,NUTX,5.369999885559082,5.369999885559082,5.400000095367432,5.369999885559082,5.400000095367432,824.0
2024-07-03 12:58:00,NUVL,72.04000091552734,72.04000091552734,72.16000366210938,72.04000091552734,72.16000366210938,3442.0
2024-07-03 12:58:00,NUWE,3.9690001010894775,3.9690001010894775,3.9700000286102295,3.9600000381469727,3.9600000381469727,2915.0
2024-07-03 12:58:00,NVAX,12.5600004196167,12.5600004196167,12.5600004196167,12.539999961853027,12.55519962310791,28519.0
2024-07-03 12:58:00,NVCR,16.889999389648438,16.889999389648438,16.920000076293945,16.889999389648438,16.899999618530273,13209.0
2024-07-03 12:58:00,NVCT,6.25,6.25,6.260000228881836,6.25,6.260000228881836,2829.0
2024-07-03 12:58:00,NVNO,5.050000190734863,5.050000190734863,5.070000171661377,5.050000190734863,5.070000171661377,1283.0
2024-07-03 12:58:00,NVOS,0.7483000159263611,0.7483000159263611,0.7483000159263611,0.7480999827384949,0.7480999827384949,3492.0
2024-07-03 12:58:00,NXL,1.4199999570846558,1.4199999570846558,1.4199999570846558,1.4199999570846558,1.4199999570846558,300.0
2024-07-03 12:58:00,NXTC,1.600000023841858,1.600000023841858,1.600000023841858,1.5850000381469727,1.5850000381469727,667.0
2024-07-03 12:58:00,OCGN,1.6349999904632568,1.6349999904632568,1.6399999856948853,1.6349999904632568,1.6349999904632568,5316.0
2024-07-03 12:58:00,OCUL,6.684999942779541,6.684999942779541,6.699999809265137,6.684999942779541,6.695000171661377,15035.0
2024-07-03 12:58:00,OFIX,13.5,13.5,13.510000228881836,13.5,13.510000228881836,1273.0
2024-07-03 12:58:00,OGI,1.5750000476837158,1.5750000476837158,1.5750000476837158,1.5750000476837158,1.5750000476837158,226.0
2024-07-03 12:58:00,OLK,25.75,25.75,25.75,25.739999771118164,25.748899459838867,7599.0
2024-07-03 12:58:00,OLMA,10.65999984741211,10.65999984741211,10.65999984741211,10.640000343322754,10.640000343322754,4161.0
2024-07-03 12:58:00,OM,3.869999885559082,3.869999885559082,3.875,3.869999885559082,3.869999885559082,3233.0
2024-07-03 12:58:00,OMCL,26.760000228881836,26.760000228881836,26.780000686645508,26.75,26.75,3895.0
2024-07-03 12:58:00,OMER,3.869999885559082,3.869999885559082,3.869999885559082,3.869999885559082,3.869999885559082,969.0
2024-07-03 12:58:00,OMGA,1.9049999713897705,1.9049999713897705,1.9098999500274658,1.899999976158142,1.9098999500274658,9410.0
2024-07-03 12:59:00,AADI,1.4079999923706055,1.4079999923706055,1.4079999923706055,1.399999976158142,1.399999976158142,762.0
2024-07-03 12:59:00,ABCL,2.7100000381469727,2.7100000381469727,2.7200000286102295,2.7100000381469727,2.7149999141693115,19777.0
2024-07-03 12:59:00,ABEO,4.349999904632568,4.349999904632568,4.349999904632568,4.329999923706055,4.340000152587891,2902.0
2024-07-03 12:59:00,ABIO,3.390000104904175,3.390000104904175,3.4159998893737793,3.359999895095825,3.359999895095825,991.0
2024-07-03 12:59:00,ABOS,2.365000009536743,2.365000009536743,2.369999885559082,2.3550000190734863,2.359999895095825,10228.0
2024-07-03 12:59:00,ABSI,3.190000057220459,3.190000057220459,3.190000057220459,3.180000066757202,3.190000057220459,14700.0
2024-07-03 12:59:00,ABUS,3.1549999713897705,3.1549999713897705,3.1649999618530273,3.1500000953674316,3.1549999713897705,24335.0
2024-07-03 12:59:00,ACAD,15.579999923706055,15.579999923706055,15.600000381469727,15.569999694824219,15.600000381469727,14889.0
2024-07-03 12:59:00,ACB,4.900000095367432,4.900000095367432,4.900000095367432,4.889999866485596,4.889999866485596,9254.0
2024-07-03 12:59:00,ACCD,3.555000066757202,3.555000066757202,3.565000057220459,3.549999952316284,3.559999942779541,42386.0
2024-07-03 12:59:00,ACET,1.0800000429153442,1.0800000429153442,1.0800000429153442,1.0800000429153442,1.0800000429153442,8275.0
2024-07-03 12:59:00,ACHC,66.62000274658203,66.62000274658203,66.77999877929688,66.62000274658203,66.77999877929688,17363.0
2024-07-03 12:59:00,ACHV,4.5,4.5,4.510000228881836,4.5,4.510000228881836,2615.0
2024-07-03 12:59:00,ACIU,3.799999952316284,3.799999952316284,3.819999933242798,3.799999952316284,3.819999933242798,1536.0
2024-07-03 12:59:00,ACLX,54.630001068115234,54.630001068115234,54.7599983215332,54.61000061035156,54.72999954223633,17108.0
2024-07-03 12:59:00,ACRS,1.149999976158142,1.149999976158142,1.159999966621399,1.149999976158142,1.149999976158142,15286.0
2024-07-03 12:59:00,ACXP,2.009999990463257,2.009999990463257,2.009999990463257,2.009999990463257,2.009999990463257,566.0
2024-07-03 12:59:00,ADAG,2.9000000953674316,2.9000000953674316,2.9000000953674316,2.9000000953674316,2.9000000953674316,101.0
2024-07-03 12:59:00,ADAP,1.0299999713897705,1.0299999713897705,1.0299999713897705,1.0199999809265137,1.024999976158142,8078.0
2024-07-03 12:59:00,ADMA,11.21500015258789,11.21500015258789,11.229999542236328,11.210000038146973,11.225000381469727,38057.0
2024-07-03 12:59:00,ADPT,3.390000104904175,3.390000104904175,3.390000104904175,3.369999885559082,3.375,24439.0
2024-07-03 12:59:00,ADUS,117.30000305175781,117.30000305175781,117.30000305175781,117.30000305175781,117.30000305175781,1432.0
2024-07-03 12:59:00,ADVM,7.099999904632568,7.099999904632568,7.139999866485596,7.099999904632568,7.130000114440918,2505.0
2024-07-03 12:59:00,AEMD,0.4000999927520752,0.4000999927520752,0.4000999927520752,0.4000999927520752,0.4000999927520752,413.0
2024-07-03 12:59:00,AFMD,5.079999923706055,5.079999923706055,5.099999904632568,5.079999923706055,5.099999904632568,1543.0
2024-07-03 12:59:00,AGEN,14.479999542236328,14.479999542236328,14.520000457763672,14.449999809265137,14.505000114440918,8188.0
2024-07-03 12:59:00,AGIO,41.970001220703125,41.970001220703125,42.09000015258789,41.970001220703125,42.08000183105469,10837.0
2024-07-03 12:59:00,AHCO,9.699999809265137,9.699999809265137,9.71500015258789,9.694999694824219,9.694999694824219,8026.0
2024-07-03 12:59:00,AIMD,0.9399999976158142,0.9399999976158142,0.9399999976158142,0.9214000105857849,0.9221000075340271,117158.0
2024-07-03 12:59:00,AIRS,3.930000066757202,3.930000066757202,3.944999933242798,3.9200000762939453,3.944999933242798,1741.0
2024-07-03 12:59:00,AKAN,2.2300000190734863,2.2300000190734863,2.25,2.2300000190734863,2.25,4963.0
2024-07-03 12:59:00,AKBA,0.9406999945640564,0.9406999945640564,0.9440000057220459,0.9399999976158142,0.9401000142097473,24354.0
2024-07-03 12:59:00,AKRO,21.90999984741211,21.90999984741211,21.989999771118164,21.899999618530273,21.979999542236328,13284.0
2024-07-03 12:59:00,AKYA,2.130000114440918,2.130000114440918,2.134999990463257,2.119999885559082,2.119999885559082,7410.0
2024-07-03 12:59:00,ALDX,3.180000066757202,3.180000066757202,3.190000057220459,3.180000066757202,3.190000057220459,4367.0
2024-07-03 12:59:00,ALEC,4.400000095367432,4.400000095367432,4.409999847412109,4.400000095367432,4.409999847412109,6206.0
2024-07-03 12:59:00,ALGN,243.36000061035156,243.36000061035156,243.4199981689453,243.30999755859375,243.36000061035156,22466.0
2024-07-03 12:59:00,ALGS,0.42250001430511475,0.42250001430511475,0.42500001192092896,0.42100000381469727,0.423799991607666,14270.0
2024-07-03 12:59:00,ALHC,7.940000057220459,7.940000057220459,7.949999809265137,7.940000057220459,7.945000171661377,6136.0
2024-07-03 12:59:00,ALIM,5.525000095367432,5.525000095367432,5.525000095367432,5.525000095367432,5.525000095367432,4475.0
2024-07-03 12:59:00,ALKS,24.229999542236328,24.229999542236328,24.239999771118164,24.209999084472656,24.225000381469727,22026.0
2024-07-03 12:59:00,ALLK,0.7724999785423279,0.7724999785423279,0.777999997138977,0.7616999745368958,0.7645000219345093,19776.0
2024-07-03 12:59:00,ALLO,2.0899999141693115,2.0899999141693115,2.0899999141693115,2.0799999237060547,2.0850000381469727,43915.0
2024-07-03 12:59:00,ALLR,0.1979999989271164,0.1979999989271164,0.19900000095367432,0.1979999989271164,0.19900000095367432,84145.0
2024-07-03 12:59:00,ALNY,248.49000549316406,248.49000549316406,249.22000122070312,248.38999938964844,249.22000122070312,22324.0
2024-07-03 12:59:00,ALRN,2.8399999141693115,2.8399999141693115,2.8399999141693115,2.8399999141693115,2.8399999141693115,236.0
2024-07-03 12:59:00,ALT,6.579999923706055,6.579999923706055,6.630000114440918,6.570000171661377,6.625,98668.0
2024-07-03 12:59:00,ALVO,12.199999809265137,12.199999809265137,12.199999809265137,12.149999618530273,12.1899995803833,1965.0
2024-07-03 12:59:00,ALVR,0.7414000034332275,0.7414000034332275,0.7414000034332275,0.7351999878883362,0.7351999878883362,3028.0
2024-07-03 12:59:00,ALXO,5.590000152587891,5.590000152587891,5.599999904632568,5.559999942779541,5.570000171661377,33290.0
2024-07-03 12:59:00,AMED,97.29000091552734,97.29000091552734,97.30000305175781,97.16500091552734,97.30000305175781,5010.0
2024-07-03 12:59:00,AMGN,309.3699951171875,309.3699951171875,309.4599914550781,309.1400146484375,309.2699890136719,46687.0
2024-07-03 12:59:00,AMLX,1.7699999809265137,1.7699999809265137,1.7699999809265137,1.7599999904632568,1.7649999856948853,64798.0
2024-07-03 12:59:00,AMPH,38.560001373291016,38.560001373291016,38.560001373291016,38.52000045776367,38.529998779296875,11485.0
2024-07-03 12:59:00,AMRN,0.6830000281333923,0.6830000281333923,0.6866000294685364,0.6830000281333923,0.6866000294685364,12835.0
2024-07-03 12:59:00,ANAB,24.850000381469727,24.850000381469727,24.90999984741211,24.809999465942383,24.8700008392334,6490.0
2024-07-03 12:59:00,ANGO,5.670000076293945,5.670000076293945,5.690000057220459,5.659999847412109,5.690000057220459,5529.0
2024-07-03 12:59:00,ANIK,25.40999984741211,25.40999984741211,25.40999984741211,25.40999984741211,25.40999984741211,711.0
2024-07-03 12:59:00,ANIP,60.68000030517578,60.68000030517578,60.82500076293945,60.68000030517578,60.82500076293945,5344.0
2024-07-03 12:59:00,ANNX,4.800000190734863,4.800000190734863,4.809999942779541,4.78000020980835,4.784999847412109,30522.0
2024-07-03 12:59:00,ANTX,2.7100000381469727,2.7100000381469727,2.7200000286102295,2.690000057220459,2.700000047683716,8837.0
2024-07-03 12:59:00,APDN,0.38999998569488525,0.38999998569488525,0.3952000141143799,0.38999998569488525,0.3952000141143799,15801.0
2024-07-03 12:59:00,APLS,35.40999984741211,35.40999984741211,35.4900016784668,35.400001525878906,35.41999816894531,23586.0
2024-07-03 12:59:00,APLT,4.369999885559082,4.369999885559082,4.380000114440918,4.349999904632568,4.355000019073486,26207.0
2024-07-03 12:59:00,APYX,1.3200000524520874,1.3200000524520874,1.3300000429153442,1.3200000524520874,1.3300000429153442,260.0
2024-07-03 12:59:00,AQST,2.4000000953674316,2.4000000953674316,2.4100000858306885,2.4000000953674316,2.4049999713897705,22565.0
2024-07-03 12:59:00,ARAY,1.7400000095367432,1.7400000095367432,1.7400000095367432,1.7400000095367432,1.7400000095367432,1592.0
2024-07-03 12:59:00,ARCT,21.899999618530273,21.899999618530273,21.969999313354492,21.864999771118164,21.864999771118164,16298.0
2024-07-03 12:59:00,ARDX,5.320000171661377,5.320000171661377,5.320000171661377,5.284999847412109,5.284999847412109,277022.0
2024-07-03 12:59:00,ARGX,434.5199890136719,434.5199890136719,435.7149963378906,434.5199890136719,435.2959899902344,4695.0
2024-07-03 12:59:00,ARQT,9.59000015258789,9.59000015258789,9.630000114440918,9.59000015258789,9.604999542236328,36191.0
2024-07-03 12:59:00,ARVN,23.8700008392334,23.8700008392334,23.889999389648438,23.829999923706055,23.829999923706055,10185.0
2024-07-03 12:59:00,ARWR,25.059999465942383,25.059999465942383,25.114999771118164,25.049999237060547,25.110000610351562,19782.0
2024-07-03 12:59:00,ASLN,2.380000114440918,2.380000114440918,2.380000114440918,2.2699999809265137,2.380000114440918,2862.0
2024-07-03 12:59:00,ASND,134.1580047607422,134.1580047607422,134.5,133.9969940185547,134.03799438476562,8680.0
2024-07-03 12:59:00,ASRT,1.350100040435791,1.350100040435791,1.3600000143051147,1.350000023841858,1.3600000143051147,15959.0
2024-07-03 12:59:00,ATAI,1.2799999713897705,1.2799999713897705,1.2899999618530273,1.2799999713897705,1.284999966621399,23476.0
2024-07-03 12:59:00,ATEC,9.970000267028809,9.970000267028809,10.010000228881836,9.970000267028809,10.010000228881836,37591.0
2024-07-03 12:59:00,ATHA,2.5880000591278076,2.5880000591278076,2.5899999141693115,2.5880000591278076,2.5899999141693115,910.0
2024-07-03 12:59:00,ATOS,1.1649999618530273,1.1649999618530273,1.1699999570846558,1.159999966621399,1.1699999570846558,10397.0
2024-07-03 12:59:00,ATRA,7.71999979019165,7.71999979019165,7.820000171661377,7.71999979019165,7.820000171661377,1611.0
2024-07-03 12:59:00,ATRC,22.459999084472656,22.459999084472656,22.510000228881836,22.450000762939453,22.469999313354492,27064.0
2024-07-03 12:59:00,ATRI,454.2900085449219,454.2900085449219,454.2900085449219,453.0,453.57000732421875,6359.0
2024-07-03 12:59:00,ATXS,9.0,9.0,9.020000457763672,9.0,9.020000457763672,8569.0
2024-07-03 12:59:00,AUGX,1.0,1.0,1.0,1.0,1.0,4039.0
2024-07-03 12:59:00,AUPH,5.460000038146973,5.460000038146973,5.480000019073486,5.460000038146973,5.480000019073486,14041.0
2024-07-03 12:59:00,AURA,6.900000095367432,6.900000095367432,6.914000034332275,6.900000095367432,6.914000034332275,5537.0
2024-07-03 12:59:00,AUTL,3.5,3.5,3.5,3.4649999141693115,3.4700000286102295,127615.0
2024-07-03 12:59:00,AVAH,2.6600000858306885,2.6600000858306885,2.6700000762939453,2.6600000858306885,2.6700000762939453,587.0
2024-07-03 12:59:00,AVDL,14.529999732971191,14.529999732971191,14.529999732971191,14.510000228881836,14.520000457763672,14163.0
2024-07-03 12:59:00,AVIR,3.2899999618530273,3.2899999618530273,3.2899999618530273,3.2699999809265137,3.2750000953674316,9727.0
2024-07-03 12:59:00,AVTE,1.6799999475479126,1.6799999475479126,1.690000057220459,1.6799999475479126,1.684999942779541,8744.0
2024-07-03 12:59:00,AVTX,11.640000343322754,11.640000343322754,11.640000343322754,11.640000343322754,11.640000343322754,470.0
2024-07-03 12:59:00,AVXL,4.110000133514404,4.110000133514404,4.125,4.110000133514404,4.125,10590.0
2024-07-03 12:59:00,AXGN,7.659999847412109,7.659999847412109,7.659999847412109,7.579999923706055,7.610000133514404,57075.0
2024-07-03 12:59:00,AXNX,67.51000213623047,67.51000213623047,67.51000213623047,67.44999694824219,67.44999694824219,4003.0
2024-07-03 12:59:00,AXSM,80.19999694824219,80.19999694824219,80.22000122070312,80.05999755859375,80.19999694824219,9973.0
2024-07-03 12:59:00,AYTU,2.8499999046325684,2.8499999046325684,2.8499999046325684,2.8499999046325684,2.8499999046325684,181.0
2024-07-03 12:59:00,AZN,76.80000305175781,76.80000305175781,76.81500244140625,76.7750015258789,76.80500030517578,49622.0
2024-07-03 12:59:00,AZTA,51.97999954223633,51.97999954223633,52.0099983215332,51.93000030517578,51.959999084472656,8839.0
2024-07-03 12:59:00,BACK,1.6399999856948853,1.6399999856948853,1.659999966621399,1.6399999856948853,1.649999976158142,6744.0
2024-07-03 12:59:00,BBIO,25.0,25.0,25.010000228881836,24.954999923706055,24.969999313354492,23101.0
2024-07-03 12:59:00,BCAB,1.440000057220459,1.440000057220459,1.440000057220459,1.4299999475479126,1.434999942779541,12840.0
2024-07-03 12:59:00,BCDA,2.990000009536743,2.990000009536743,3.0,2.990000009536743,3.0,917.0
2024-07-03 12:59:00,BCLI,0.33059999346733093,0.33059999346733093,0.3334999978542328,0.3303000032901764,0.3330000042915344,9058.0
2024-07-03 12:59:00,BCRX,6.409999847412109,6.409999847412109,6.420000076293945,6.409999847412109,6.420000076293945,39924.0
2024-07-03 12:59:00,BCTX,1.0,1.0,1.0,1.0,1.0,584.0
2024-07-03 12:59:00,BCYC,19.6299991607666,19.6299991607666,19.6299991607666,19.59000015258789,19.59000015258789,2867.0
2024-07-03 12:59:00,BDSX,1.600000023841858,1.600000023841858,1.600000023841858,1.5950000286102295,1.5950000286102295,1423.0
2024-07-03 12:59:00,BDTX,4.440000057220459,4.440000057220459,4.440000057220459,4.420000076293945,4.440000057220459,12133.0
2024-07-03 12:59:00,BEAM,23.450000762939453,23.450000762939453,23.48900032043457,23.450000762939453,23.475000381469727,19848.0
2024-07-03 12:59:00,BEAT,2.6700000762939453,2.6700000762939453,2.739300012588501,2.6700000762939453,2.7100000381469727,6991.0
2024-07-03 12:59:00,BGNE,147.78500366210938,147.78500366210938,147.78500366210938,147.78500366210938,147.78500366210938,876.0
2024-07-03 12:59:00,BGXX,0.2639999985694885,0.2639999985694885,0.265500009059906,0.2639999985694885,0.26510000228881836,5267.0
2024-07-03 12:59:00,BIAF,2.1700000762939453,2.1700000762939453,2.1700000762939453,2.1700000762939453,2.1700000762939453,466.0
2024-07-03 12:59:00,BIIB,224.4199981689453,224.4199981689453,224.7899932861328,224.3000030517578,224.7899932861328,31586.0
2024-07-03 12:59:00,BIMI,1.2799999713897705,1.2799999713897705,1.2799999713897705,1.2699999809265137,1.2699999809265137,243.0
2024-07-03 12:59:00,BIOR,0.6270999908447266,0.6270999908447266,0.6308000087738037,0.6270999908447266,0.6270999908447266,236.0
2024-07-03 12:59:00,BIVI,0.41609999537467957,0.41609999537467957,0.41609999537467957,0.41609999537467957,0.41609999537467957,159.0
2024-07-03 12:59:00,BLFS,20.040000915527344,20.040000915527344,20.049999237060547,20.010000228881836,20.024999618530273,4000.0
2024-07-03 12:59:00,BLTE,45.880001068115234,45.880001068115234,45.880001068115234,45.880001068115234,45.880001068115234,555.0
2024-07-03 12:59:00,BLUE,0.916700005531311,0.916700005531311,0.9168999791145325,0.9139999747276306,0.9139999747276306,43760.0
2024-07-03 12:59:00,BMEA,4.330999851226807,4.330999851226807,4.34499979019165,4.329999923706055,4.34499979019165,13243.0
2024-07-03 12:59:00,BMRN,80.94999694824219,80.94999694824219,81.20500183105469,80.94999694824219,81.20500183105469,32501.0
2024-07-03 12:59:00,BNGO,0.5708000063896179,0.5708000063896179,0.573199987411499,0.5708000063896179,0.5708000063896179,12409.0
2024-07-03 12:59:00,BNOX,0.666100025177002,0.666100025177002,0.6700000166893005,0.666100025177002,0.6700000166893005,0.0
2024-07-03 12:59:00,BNTX,79.80999755859375,79.80999755859375,79.97000122070312,79.70999908447266,79.97000122070312,12981.0
2024-07-03 12:59:00,BPMC,108.81999969482422,108.81999969482422,109.0999984741211,108.81999969482422,109.02999877929688,15783.0
2024-07-03 12:59:00,BPTH,1.7799999713897705,1.7799999713897705,1.7799999713897705,1.7799999713897705,1.7799999713897705,4963.0
2024-07-03 12:59:00,BRKR,61.83000183105469,61.83000183105469,61.869998931884766,61.790000915527344,61.849998474121094,24165.0
2024-07-03 12:59:00,BTAI,1.0850000381469727,1.0850000381469727,1.0850000381469727,1.0800000429153442,1.0800000429153442,4413.0
2024-07-03 12:59:00,BTCY,0.7853999733924866,0.7853999733924866,0.7853999733924866,0.7853999733924866,0.7853999733924866,290.0
2024-07-03 12:59:00,BTMD,7.400000095367432,7.400000095367432,7.409999847412109,7.389999866485596,7.389999866485596,2977.0
2024-07-03 12:59:00,BVS,5.900000095367432,5.900000095367432,5.949999809265137,5.889999866485596,5.945000171661377,60315.0
2024-07-03 12:59:00,BYSI,2.4700000286102295,2.4700000286102295,2.4700000286102295,2.390000104904175,2.4000000953674316,4956.0
2024-07-03 12:59:00,CABA,7.539999961853027,7.539999961853027,7.579999923706055,7.539999961853027,7.574999809265137,14303.0
2024-07-03 12:59:00,CADL,6.295000076293945,6.295000076293945,6.309999942779541,6.25,6.269999980926514,11000.0
2024-07-03 12:59:00,CAPR,4.829999923706055,4.829999923706055,4.829999923706055,4.820000171661377,4.829999923706055,6833.0
2024-07-03 12:59:00,CARA,0.28600001335144043,0.28600001335144043,0.28600001335144043,0.28029999136924744,0.28029999136924744,2988.0
2024-07-03 12:59:00,CASI,5.269999980926514,5.269999980926514,5.269999980926514,5.159999847412109,5.159999847412109,1068.0
2024-07-03 12:59:00,CCCC,4.550000190734863,4.550000190734863,4.565000057220459,4.550000190734863,4.565000057220459,20511.0
2024-07-03 12:59:00,CCRN,13.600000381469727,13.600000381469727,13.600000381469727,13.59000015258789,13.59000015258789,2270.0
2024-07-03 12:59:00,CDMO,7.690000057220459,7.690000057220459,7.730000019073486,7.679999828338623,7.730000019073486,55246.0
2024-07-03 12:59:00,CDNA,14.880000114440918,14.880000114440918,14.920000076293945,14.880000114440918,14.899999618530273,15628.0
2024-07-03 12:59:00,CDXC,2.5299999713897705,2.5299999713897705,2.5399999618530273,2.5299999713897705,2.5350000858306885,1082.0
2024-07-03 12:59:00,CDXS,2.880000114440918,2.880000114440918,2.880000114440918,2.875,2.875,4395.0
2024-07-03 12:59:00,CELC,16.30500030517578,16.30500030517578,16.34000015258789,16.290000915527344,16.329999923706055,3228.0
2024-07-03 12:59:00,CELU,3.0399999618530273,3.0399999618530273,3.0399999618530273,3.0399999618530273,3.0399999618530273,392.0
2024-07-03 12:59:00,CELUW,0.019999999552965164,0.019999999552965164,0.019999999552965164,0.019999999552965164,0.019999999552965164,100.0
2024-07-03 12:59:00,CERE,40.30500030517578,40.30500030517578,40.380001068115234,40.29999923706055,40.33000183105469,45253.0
2024-07-03 12:59:00,CERS,1.7200000286102295,1.7200000286102295,1.7200000286102295,1.7100000381469727,1.715000033378601,17066.0
2024-07-03 12:59:00,CERT,13.850000381469727,13.850000381469727,13.850000381469727,13.789999961853027,13.800000190734863,8740.0
2024-07-03 12:59:00,CGC,6.5,6.5,6.534999847412109,6.480000019073486,6.485000133514404,77803.0
2024-07-03 12:59:00,CGEM,16.75,16.75,16.81999969482422,16.75,16.809999465942383,17290.0
2024-07-03 12:59:00,CGEN,1.6699999570846558,1.6699999570846558,1.6699999570846558,1.662500023841858,1.6699999570846558,5758.0
2024-07-03 12:59:00,CGTX,1.7899999618530273,1.7899999618530273,1.7899999618530273,1.7599999904632568,1.7599999904632568,1333.0
2024-07-03 12:59:00,CHRS,1.3799999952316284,1.3799999952316284,1.3849999904632568,1.3799999952316284,1.3799999952316284,17918.0
2024-07-03 12:59:00,CKPT,2.1700000762939453,2.1700000762939453,2.180000066757202,2.1700000762939453,2.180000066757202,1955.0
2024-07-03 12:59:00,CLDX,35.90999984741211,35.90999984741211,36.02000045776367,35.90999984741211,36.02000045776367,6469.0
2024-07-03 12:59:00,CLOV,1.25,1.25,1.2549999952316284,1.25,1.2549999952316284,14539.0
2024-07-03 12:59:00,CLPT,5.349999904632568,5.349999904632568,5.349999904632568,5.340000152587891,5.349999904632568,1946.0
2024-07-03 12:59:00,CLRB,2.4700000286102295,2.4700000286102295,2.4700000286102295,2.4600000381469727,2.4600000381469727,2800.0
2024-07-03 12:59:00,CLSD,1.2699999809265137,1.2699999809265137,1.2699999809265137,1.2699999809265137,1.2699999809265137,556.0
2024-07-03 12:59:00,CMAX,2.3499999046325684,2.3499999046325684,2.3499999046325684,2.3499999046325684,2.3499999046325684,1201.0
2024-07-03 12:59:00,CMPS,6.269999980926514,6.269999980926514,6.289999961853027,6.239999771118164,6.289999961853027,8632.0
2024-07-03 12:59:00,CMPX,0.8199999928474426,0.8199999928474426,0.8328999876976013,0.8199999928474426,0.8324999809265137,5703.0
2024-07-03 12:59:00,CNSP,1.420199990272522,1.420199990272522,1.4600000381469727,1.3899999856948853,1.440000057220459,126905.0
2024-07-03 12:59:00,CNTA,8.529999732971191,8.529999732971191,8.569999694824219,8.529999732971191,8.5649995803833,5719.0
2024-07-03 12:59:00,CNTB,1.340000033378601,1.340000033378601,1.340000033378601,1.340000033378601,1.340000033378601,174.0
2024-07-03 12:59:00,CNTX,1.7918000221252441,1.7918000221252441,1.7918000221252441,1.7899999618530273,1.7899999618530273,1014.0
2024-07-03 12:59:00,COCP,2.299999952316284,2.299999952316284,2.299999952316284,2.299999952316284,2.299999952316284,258.0
2024-07-03 12:59:00,CODX,1.284999966621399,1.284999966621399,1.284999966621399,1.284999966621399,1.284999966621399,95.0
2024-07-03 12:59:00,COGT,8.350000381469727,8.350000381469727,8.380000114440918,8.34000015258789,8.350000381469727,16613.0
2024-07-03 12:59:00,COLL,32.36000061035156,32.36000061035156,32.38999938964844,32.33000183105469,32.38999938964844,5242.0
2024-07-03 12:59:00,CORT,30.479999542236328,30.479999542236328,30.5,30.420000076293945,30.440000534057617,12702.0
2024-07-03 12:59:00,COSM,0.8801000118255615,0.8801000118255615,0.8999999761581421,0.8799999952316284,0.8999000191688538,25626.0
2024-07-03 12:59:00,CPRX,15.3100004196167,15.3100004196167,15.319999694824219,15.300000190734863,15.319999694824219,13388.0
2024-07-03 12:59:00,CRBP,49.470001220703125,49.470001220703125,49.77000045776367,49.43000030517578,49.7599983215332,6445.0
2024-07-03 12:59:00,CRBU,1.5850000381469727,1.5850000381469727,1.590000033378601,1.5800000429153442,1.5850000381469727,13064.0
2024-07-03 12:59:00,CRDF,2.240000009536743,2.240000009536743,2.25,2.240000009536743,2.240000009536743,9280.0
2024-07-03 12:59:00,CRDL,1.909999966621399,1.909999966621399,1.9149999618530273,1.909999966621399,1.9149999618530273,2339.0
2024-07-03 12:59:00,CRMD,4.130000114440918,4.130000114440918,4.135000228881836,4.119999885559082,4.130000114440918,19352.0
2024-07-03 12:59:00,CRNX,44.20000076293945,44.20000076293945,44.20000076293945,44.16999816894531,44.20000076293945,17243.0
2024-07-03 12:59:00,CRON,2.319999933242798,2.319999933242798,2.319999933242798,2.309999942779541,2.309999942779541,9227.0
2024-07-03 12:59:00,CRSP,53.900001525878906,53.900001525878906,53.9900016784668,53.900001525878906,53.97999954223633,19426.0
2024-07-03 12:59:00,CRVS,1.7890000343322754,1.7890000343322754,1.7890000343322754,1.7890000343322754,1.7890000343322754,347.0
2024-07-03 12:59:00,CSTL,21.239999771118164,21.239999771118164,21.270000457763672,21.229999542236328,21.25,7208.0
2024-07-03 12:59:00,CTKB,5.570000171661377,5.570000171661377,5.570000171661377,5.550000190734863,5.559999942779541,11299.0
2024-07-03 12:59:00,CTMX,1.309999942779541,1.309999942779541,1.309999942779541,1.2999999523162842,1.2999999523162842,10948.0
2024-07-03 12:59:00,CTSO,0.8493000268936157,0.8493000268936157,0.8493000268936157,0.8493000268936157,0.8493000268936157,332.0
2024-07-03 12:59:00,CTXR,0.48539999127388,0.48539999127388,0.490200012922287,0.48539999127388,0.490200012922287,44471.0
2024-07-03 12:59:00,CUE,0.9800000190734863,0.9800000190734863,0.9800999760627747,0.9800000190734863,0.9800000190734863,3753.0
2024-07-03 12:59:00,CUTR,1.2899999618530273,1.2899999618530273,1.2999999523162842,1.2899999618530273,1.2949999570846558,11106.0
2024-07-03 12:59:00,CVAC,3.0999999046325684,3.0999999046325684,3.130000114440918,3.0799999237060547,3.1050000190734863,195883.0
2024-07-03 12:59:00,CVRX,11.760000228881836,11.760000228881836,11.78499984741211,11.760000228881836,11.78499984741211,2229.0
2024-07-03 12:59:00,CYCC,1.6299999952316284,1.6299999952316284,1.6399999856948853,1.6299999952316284,1.6399999856948853,800.0
2024-07-03 12:59:00,CYTK,54.38999938964844,54.38999938964844,54.46500015258789,54.36000061035156,54.45500183105469,22114.0
2024-07-03 12:59:00,CYTO,1.1299999952316284,1.1299999952316284,1.1449999809265137,1.1299999952316284,1.1449999809265137,5065.0
2024-07-03 12:59:00,DAWN,13.5,13.5,13.550000190734863,13.5,13.550000190734863,8586.0
2024-07-03 12:59:00,DBVT,0.7459999918937683,0.7459999918937683,0.7459999918937683,0.7459999918937683,0.7459999918937683,12203.0
2024-07-03 12:59:00,DCGO,2.944999933242798,2.944999933242798,2.950000047683716,2.940000057220459,2.940000057220459,8803.0
2024-07-03 12:59:00,DCTH,7.929999828338623,7.929999828338623,7.929999828338623,7.900000095367432,7.900000095367432,1803.0
2024-07-03 12:59:00,DERM,5.158599853515625,5.158599853515625,5.158599853515625,5.158599853515625,5.158599853515625,1072.0
2024-07-03 12:59:00,DH,5.349999904632568,5.349999904632568,5.355000019073486,5.349999904632568,5.355000019073486,3465.0
2024-07-03 12:59:00,DMAC,2.890000104904175,2.890000104904175,2.890000104904175,2.890000104904175,2.890000104904175,494.0
2024-07-03 12:59:00,DNLI,21.299999237060547,21.299999237060547,21.31999969482422,21.299999237060547,21.309999465942383,21471.0
2024-07-03 12:59:00,DRIO,1.184999942779541,1.184999942779541,1.184999942779541,1.184999942779541,1.184999942779541,220.0
2024-07-03 12:59:00,DRMA,2.2300000190734863,2.2300000190734863,2.2300000190734863,2.2300000190734863,2.2300000190734863,7.0
2024-07-03 12:59:00,DRRX,1.2949999570846558,1.2949999570846558,1.309999942779541,1.2899999618530273,1.3099000453948975,11960.0
2024-07-03 12:59:00,DRTS,2.2300000190734863,2.2300000190734863,2.2300000190734863,2.2300000190734863,2.2300000190734863,340.0
2024-07-03 12:59:00,DSGN,3.1700000762939453,3.1700000762939453,3.1700000762939453,3.1600000858306885,3.1649999618530273,9202.0
2024-07-03 12:59:00,DVAX,11.029999732971191,11.029999732971191,11.039999961853027,11.020000457763672,11.039999961853027,32341.0
2024-07-03 12:59:00,DXCM,110.95999908447266,110.95999908447266,111.08999633789062,110.87999725341797,111.05999755859375,50432.0
2024-07-03 12:59:00,DYAI,1.4800000190734863,1.4800000190734863,1.4800000190734863,1.4600000381469727,1.4600000381469727,2519.0
2024-07-03 12:59:00,DYN,34.040000915527344,34.040000915527344,34.0989990234375,34.029998779296875,34.08000183105469,11264.0
2024-07-03 12:59:00,DYNT,0.23119999468326569,0.23119999468326569,0.23119999468326569,0.23119999468326569,0.23119999468326569,134.0
2024-07-03 12:59:00,EDIT,4.659999847412109,4.659999847412109,4.670000076293945,4.650000095367432,4.664999961853027,28402.0
2024-07-03 12:59:00,EGRX,5.460000038146973,5.460000038146973,5.46999979019165,5.460000038146973,5.460000038146973,1021.0
2024-07-03 12:59:00,ELEV,2.694999933242798,2.694999933242798,2.700000047683716,2.690000057220459,2.700000047683716,8268.0
2024-07-03 12:59:00,ELYM,6.829999923706055,6.829999923706055,6.860000133514404,6.715000152587891,6.71999979019165,15162.0
2024-07-03 12:59:00,EMBC,12.069999694824219,12.069999694824219,12.079999923706055,12.050000190734863,12.050000190734863,8331.0
2024-07-03 12:59:00,ENLV,1.3300000429153442,1.3300000429153442,1.3300000429153442,1.3300000429153442,1.3300000429153442,204.0
2024-07-03 12:59:00,ENSC,0.44999998807907104,0.44999998807907104,0.44999998807907104,0.44999998807907104,0.44999998807907104,5011.0
2024-07-03 12:59:00,ENSG,126.36000061035156,126.36000061035156,126.4000015258789,126.29000091552734,126.33999633789062,4987.0
2024-07-03 12:59:00,ENTA,13.119999885559082,13.119999885559082,13.119999885559082,13.050000190734863,13.050000190734863,3957.0
2024-07-03 12:59:00,ENTX,1.6399999856948853,1.6399999856948853,1.6549999713897705,1.6399999856948853,1.6549999713897705,272.0
2024-07-03 12:59:00,EOLS,10.989999771118164,10.989999771118164,10.989999771118164,10.949999809265137,10.970000267028809,23452.0
2024-07-03 12:59:00,EPIX,4.78000020980835,4.78000020980835,4.78000020980835,4.78000020980835,4.78000020980835,1217.0
2024-07-03 12:59:00,EQ,0.6620000004768372,0.6620000004768372,0.6620000004768372,0.6620000004768372,0.6620000004768372,206.0
2024-07-03 12:59:00,ERAS,2.184999942779541,2.184999942779541,2.190000057220459,2.180000066757202,2.184999942779541,13844.0
2024-07-03 12:59:00,ESPR,2.3550000190734863,2.3550000190734863,2.365000009536743,2.3499999046325684,2.365000009536743,192199.0
2024-07-03 12:59:00,ESTA,43.810001373291016,43.810001373291016,43.810001373291016,43.75,43.75,2057.0
2024-07-03 12:59:00,ETNB,7.480000019073486,7.480000019073486,7.480000019073486,7.445000171661377,7.449999809265137,14480.0
2024-07-03 12:59:00,ETON,3.319999933242798,3.319999933242798,3.319999933242798,3.319999933242798,3.319999933242798,269.0
2024-07-03 12:59:00,EWTX,18.270000457763672,18.270000457763672,18.31999969482422,18.253000259399414,18.2810001373291,9439.0
2024-07-03 12:59:00,EXAI,5.369999885559082,5.369999885559082,5.400000095367432,5.369999885559082,5.400000095367432,2230.0
2024-07-03 12:59:00,EXAS,43.189998626708984,43.189998626708984,43.2400016784668,43.130001068115234,43.20000076293945,49896.0
2024-07-03 12:59:00,EXEL,21.950000762939453,21.950000762939453,21.96500015258789,21.950000762939453,21.954999923706055,33808.0
2024-07-03 12:59:00,EYEN,0.7746000289916992,0.7746000289916992,0.7757999897003174,0.7746000289916992,0.7757999897003174,1250.0
2024-07-03 12:59:00,EYPT,8.600000381469727,8.600000381469727,8.619999885559082,8.600000381469727,8.604999542236328,19438.0
2024-07-03 12:59:00,FATE,3.1600000858306885,3.1600000858306885,3.1700000762939453,3.1500000953674316,3.1600000858306885,32645.0
2024-07-03 12:59:00,FBIO,1.7680000066757202,1.7680000066757202,1.7699999809265137,1.7680000066757202,1.7699999809265137,1015.0
2024-07-03 12:59:00,FDMT,20.81999969482422,20.81999969482422,20.850000381469727,20.799999237060547,20.84000015258789,16366.0
2024-07-03 12:59:00,FEMY,1.090000033378601,1.090000033378601,1.100000023841858,1.0800000429153442,1.100000023841858,7528.0
2024-07-03 12:59:00,FGEN,0.699999988079071,0.699999988079071,0.699999988079071,0.6840000152587891,0.6840000152587891,18512.0
2024-07-03 12:59:00,FHTX,5.630000114440918,5.630000114440918,5.630000114440918,5.510000228881836,5.510000228881836,2243.0
2024-07-03 12:59:00,FLGC,0.9746999740600586,0.9746999740600586,0.9746999740600586,0.9746999740600586,0.9746999740600586,273.0
2024-07-03 12:59:00,FLGT,19.920000076293945,19.920000076293945,19.920000076293945,19.920000076293945,19.920000076293945,1369.0
2024-07-03 12:59:00,FOLD,9.8100004196167,9.8100004196167,9.829999923706055,9.8100004196167,9.829999923706055,29112.0
2024-07-03 12:59:00,FULC,6.15500020980835,6.15500020980835,6.159999847412109,6.150000095367432,6.15500020980835,8301.0
2024-07-03 12:59:00,GALT,2.1500000953674316,2.1500000953674316,2.1500000953674316,2.1500000953674316,2.1500000953674316,2115.0
2024-07-03 12:59:00,GANX,1.1449999809265137,1.1449999809265137,1.1449999809265137,1.1399999856948853,1.1449999809265137,2647.0
2024-07-03 12:59:00,GBIO,2.437999963760376,2.437999963760376,2.440000057220459,2.430000066757202,2.430000066757202,961.0
2024-07-03 12:59:00,GDRX,7.815000057220459,7.815000057220459,7.820000171661377,7.809999942779541,7.809999942779541,9425.0
2024-07-03 12:59:00,GENE,1.399999976158142,1.399999976158142,1.399999976158142,1.399999976158142,1.399999976158142,309.0
2024-07-03 12:59:00,GERN,4.355000019073486,4.355000019073486,4.360000133514404,4.349999904632568,4.355000019073486,141208.0
2024-07-03 12:59:00,GH,28.389999389648438,28.389999389648438,28.415000915527344,28.37299919128418,28.399999618530273,19389.0
2024-07-03 12:59:00,GHRS,11.859999656677246,11.859999656677246,11.994999885559082,11.859999656677246,11.994999885559082,943.0
2024-07-03 12:59:00,GILD,66.58999633789062,66.58999633789062,66.63999938964844,66.58000183105469,66.61000061035156,224556.0
2024-07-03 12:59:00,GLPG,24.860000610351562,24.860000610351562,24.889999389648438,24.860000610351562,24.8799991607666,6389.0
2024-07-03 12:59:00,GLSI,16.670000076293945,16.670000076293945,16.75,16.670000076293945,16.75,927.0
2024-07-03 12:59:00,GLUE,3.890000104904175,3.890000104904175,3.890000104904175,3.880000114440918,3.880000114440918,1623.0
2024-07-03 12:59:00,GLYC,0.2736999988555908,0.2736999988555908,0.2741999924182892,0.2718000113964081,0.2718999981880188,29617.0
2024-07-03 12:59:00,GMAB,25.139999389648438,25.139999389648438,25.149999618530273,25.139999389648438,25.149999618530273,7165.0
2024-07-03 12:59:00,GNPX,1.909999966621399,1.909999966621399,1.909999966621399,1.909000039100647,1.909000039100647,2307.0
2024-07-03 12:59:00,GOSS,1.0099999904632568,1.0099999904632568,1.0299999713897705,1.0099999904632568,1.0199999809265137,10214.0
2024-07-03 12:59:00,GOVX,2.890000104904175,2.890000104904175,2.899899959564209,2.8801000118255615,2.890000104904175,4222.0
2024-07-03 12:59:00,GRFS,6.650000095367432,6.650000095367432,6.65500020980835,6.650000095367432,6.65500020980835,19769.0
2024-07-03 12:59:00,GRTS,0.5735999941825867,0.5735999941825867,0.5767999887466431,0.5702999830245972,0.5767999887466431,12334.0
2024-07-03 12:59:00,GTHX,2.569999933242798,2.569999933242798,2.5799999237060547,2.569999933242798,2.5799999237060547,11413.0
2024-07-03 12:59:00,HALO,52.0,52.0,52.06999969482422,52.0,52.040000915527344,19111.0
2024-07-03 12:59:00,HBIO,2.7750000953674316,2.7750000953674316,2.7750000953674316,2.7699999809265137,2.7699999809265137,702.0
2024-07-03 12:59:00,HCAT,6.170000076293945,6.170000076293945,6.179999828338623,6.170000076293945,6.170000076293945,4348.0
2024-07-03 12:59:00,HCM,17.53499984741211,17.53499984741211,17.540000915527344,17.4950008392334,17.530000686645508,1783.0
2024-07-03 12:59:00,HCSG,10.604999542236328,10.604999542236328,10.609999656677246,10.59000015258789,10.595000267028809,14716.0
2024-07-03 12:59:00,HCTI,0.4717000126838684,0.4717000126838684,0.4717000126838684,0.4717000126838684,0.4717000126838684,0.0
2024-07-03 12:59:00,HCWB,0.6200000047683716,0.6200000047683716,0.6200000047683716,0.6200000047683716,0.6200000047683716,1173.0
2024-07-03 12:59:00,HITI,2.130000114440918,2.130000114440918,2.134999990463257,2.130000114440918,2.134999990463257,1710.0
2024-07-03 12:59:00,HLVX,14.140000343322754,14.140000343322754,14.140000343322754,14.09000015258789,14.09000015258789,1126.0
2024-07-03 12:59:00,HOLX,73.47000122070312,73.47000122070312,73.51000213623047,73.4000015258789,73.45999908447266,64930.0
2024-07-03 12:59:00,HOOK,0.5806999802589417,0.5806999802589417,0.5806999802589417,0.5789999961853027,0.5789999961853027,1882.0
2024-07-03 12:59:00,HOWL,2.140000104904175,2.140000104904175,2.140000104904175,2.119999885559082,2.119999885559082,11075.0
2024-07-03 12:59:00,HQY,83.52999877929688,83.52999877929688,83.56999969482422,83.5,83.56999969482422,7280.0
2024-07-03 12:59:00,HRMY,30.8799991607666,30.8799991607666,30.889999389648438,30.829999923706055,30.829999923706055,8640.0
2024-07-03 12:59:00,HROW,21.6200008392334,21.6200008392334,21.6299991607666,21.46500015258789,21.46500015258789,28063.0
2024-07-03 12:59:00,HRTX,2.75,2.75,2.759999990463257,2.75,2.75,49617.0
2024-07-03 12:59:00,HSCS,4.679999828338623,4.679999828338623,4.800000190734863,4.679999828338623,4.800000190734863,1739.0
2024-07-03 12:59:00,HSIC,64.80000305175781,64.80000305175781,64.86499786376953,64.7699966430664,64.86000061035156,48932.0
2024-07-03 12:59:00,HSTM,27.579999923706055,27.579999923706055,27.600000381469727,27.549999237060547,27.600000381469727,2412.0
2024-07-03 12:59:00,HUMA,5.670000076293945,5.670000076293945,5.690000057220459,5.670000076293945,5.675000190734863,29472.0
2024-07-03 12:59:00,IART,28.719999313354492,28.719999313354492,28.739999771118164,28.649999618530273,28.65999984741211,30230.0
2024-07-03 12:59:00,IBRX,6.260000228881836,6.260000228881836,6.289999961853027,6.260000228881836,6.28000020980835,30567.0
2024-07-03 12:59:00,ICAD,1.2200000286102295,1.2200000286102295,1.2300000190734863,1.2200000286102295,1.2300000190734863,16946.0
2024-07-03 12:59:00,ICLR,318.1199951171875,318.1199951171875,318.8399963378906,318.0899963378906,318.5,10685.0
2024-07-03 12:59:00,ICUI,117.94000244140625,117.94000244140625,117.94000244140625,117.66999816894531,117.66999816894531,6473.0
2024-07-03 12:59:00,IDXX,477.6400146484375,477.6400146484375,477.9100036621094,477.4700012207031,477.697998046875,11760.0
2024-07-03 12:59:00,IDYA,33.279998779296875,33.279998779296875,33.29999923706055,33.275001525878906,33.29999923706055,9500.0
2024-07-03 12:59:00,IFRX,1.6299999952316284,1.6299999952316284,1.6349999904632568,1.6299999952316284,1.6349999904632568,3448.0
2024-07-03 12:59:00,IGMS,6.409999847412109,6.409999847412109,6.449999809265137,6.400000095367432,6.449999809265137,4690.0
2024-07-03 12:59:00,IINN,1.2899999618530273,1.2899999618530273,1.2999999523162842,1.2899999618530273,1.2999999523162842,3176.0
2024-07-03 12:59:00,IKNA,1.6399999856948853,1.6399999856948853,1.6399999856948853,1.6349999904632568,1.6349999904632568,8564.0
2024-07-03 12:59:00,IKT,1.1505000591278076,1.1505000591278076,1.184999942779541,1.1505000591278076,1.184999942779541,613.0
2024-07-03 12:59:00,ILMN,105.29000091552734,105.29000091552734,105.44000244140625,105.29000091552734,105.43000030517578,42349.0
2024-07-03 12:59:00,IMAB,1.5,1.5,1.5049999952316284,1.5,1.5049999952316284,2654.0
2024-07-03 12:59:00,IMCR,36.040000915527344,36.040000915527344,36.040000915527344,35.994998931884766,36.02000045776367,8191.0
2024-07-03 12:59:00,IMMP,1.9900000095367432,1.9900000095367432,2.0,1.9900000095367432,1.9950000047683716,650.0
2024-07-03 12:59:00,IMMX,2.434999942779541,2.434999942779541,2.4600000381469727,2.420099973678589,2.440000057220459,11330.0
2024-07-03 12:59:00,IMNM,12.119999885559082,12.119999885559082,12.140000343322754,12.109000205993652,12.109999656677246,11088.0
2024-07-03 12:59:00,IMRX,1.128000020980835,1.128000020980835,1.1299999952316284,1.125,1.1299999952316284,1119.0
2024-07-03 12:59:00,IMTX,11.84000015258789,11.84000015258789,11.84000015258789,11.8100004196167,11.819999694824219,1394.0
2024-07-03 12:59:00,IMUX,1.1449999809265137,1.1449999809265137,1.149999976158142,1.1449999809265137,1.149999976158142,931.0
2024-07-03 12:59:00,IMVT,26.170000076293945,26.170000076293945,26.229999542236328,26.170000076293945,26.200000762939453,24827.0
2024-07-03 12:59:00,INBX,13.369999885559082,13.369999885559082,13.40999984741211,13.369999885559082,13.369999885559082,6234.0
2024-07-03 12:59:00,INCY,57.65999984741211,57.65999984741211,57.720001220703125,57.599998474121094,57.689998626708984,74478.0
2024-07-03 12:59:00,INGN,8.09000015258789,8.09000015258789,8.09000015258789,8.069999694824219,8.079999923706055,4634.0
2024-07-03 12:59:00,INM,0.2535000145435333,0.2535000145435333,0.2535000145435333,0.2535000145435333,0.2535000145435333,10981.0
2024-07-03 12:59:00,INMB,7.960000038146973,7.960000038146973,7.989999771118164,7.960000038146973,7.980000019073486,7301.0
2024-07-03 12:59:00,INMD,17.469999313354492,17.469999313354492,17.479999542236328,17.459999084472656,17.469999313354492,16421.0
2024-07-03 12:59:00,INO,8.3100004196167,8.3100004196167,8.319999694824219,8.3100004196167,8.319999694824219,4305.0
2024-07-03 12:59:00,INSM,62.029998779296875,62.029998779296875,62.09700012207031,61.98500061035156,62.09000015258789,46206.0
2024-07-03 12:59:00,INVA,16.325000762939453,16.325000762939453,16.329999923706055,16.31999969482422,16.329999923706055,5937.0
2024-07-03 12:59:00,INZY,4.46999979019165,4.46999979019165,4.480000019073486,4.46999979019165,4.480000019073486,6980.0
2024-07-03 12:59:00,IOBT,1.1299999952316284,1.1299999952316284,1.1299999952316284,1.1299999952316284,1.1299999952316284,206.0
2024-07-03 12:59:00,IONS,45.61000061035156,45.61000061035156,45.68000030517578,45.560001373291016,45.68000030517578,31744.0
2024-07-03 12:59:00,IOVA,7.380000114440918,7.380000114440918,7.400000095367432,7.361299991607666,7.361299991607666,228627.0
2024-07-03 12:59:00,IPSC,2.255000114440918,2.255000114440918,2.2699999809265137,2.25,2.259999990463257,9080.0
2024-07-03 12:59:00,IRMD,43.959999084472656,43.959999084472656,44.0,43.91999816894531,44.0,2053.0
2024-07-03 12:59:00,IRTC,96.5999984741211,96.5999984741211,96.98500061035156,96.44999694824219,96.87999725341797,14026.0
2024-07-03 12:59:00,IRWD,6.099999904632568,6.099999904632568,6.125,6.099999904632568,6.125,73540.0
2024-07-03 12:59:00,ISRG,434.7699890136719,434.7699890136719,434.8800048828125,434.489013671875,434.489013671875,29977.0
2024-07-03 12:59:00,ITCI,69.08000183105469,69.08000183105469,69.11000061035156,68.98999786376953,69.11000061035156,17095.0
2024-07-03 12:59:00,ITOS,14.800000190734863,14.800000190734863,14.819999694824219,14.779999732971191,14.819999694824219,5178.0
2024-07-03 12:59:00,ITRM,1.1200000047683716,1.1200000047683716,1.1200000047683716,1.1200000047683716,1.1200000047683716,335.0
2024-07-03 12:59:00,IVA,2.9700000286102295,2.9700000286102295,2.9700000286102295,2.9000000953674316,2.9000000953674316,360.0
2024-07-03 12:59:00,IVVD,1.100000023841858,1.100000023841858,1.100000023841858,1.0950000286102295,1.100000023841858,5306.0
2024-07-03 12:59:00,IXHL,2.740000009536743,2.740000009536743,2.740000009536743,2.740000009536743,2.740000009536743,138.0
2024-07-03 12:59:00,JAGX,3.5,3.5,3.5,3.4800000190734863,3.5,3098.0
2024-07-03 12:59:00,JANX,38.459999084472656,38.459999084472656,38.540000915527344,38.40999984741211,38.41999816894531,17695.0
2024-07-03 12:59:00,JAZZ,103.54000091552734,103.54000091552734,103.91000366210938,103.41999816894531,103.91000366210938,14084.0
2024-07-03 12:59:00,JSPR,22.190000534057617,22.190000534057617,22.350000381469727,22.190000534057617,22.25,4347.0
2024-07-03 12:59:00,JYNT,13.350000381469727,13.350000381469727,13.350000381469727,13.300000190734863,13.300000190734863,1431.0
2024-07-03 12:59:00,KALV,11.710000038146973,11.710000038146973,11.720000267028809,11.6899995803833,11.699999809265137,4723.0
2024-07-03 12:59:00,KIDS,29.940000534057617,29.940000534057617,29.940000534057617,29.799999237060547,29.860000610351562,4957.0
2024-07-03 12:59:00,KMDA,5.150000095367432,5.150000095367432,5.150000095367432,5.130000114440918,5.130000114440918,1199.0
2024-07-03 12:59:00,KNSA,19.084999084472656,19.084999084472656,19.100000381469727,19.059999465942383,19.059999465942383,15221.0
2024-07-03 12:59:00,KOD,2.190000057220459,2.190000057220459,2.194999933242798,2.184999942779541,2.194999933242798,5978.0
2024-07-03 12:59:00,KPRX,4.320000171661377,4.320000171661377,4.320000171661377,4.320000171661377,4.320000171661377,0.0
2024-07-03 12:59:00,KPTI,0.8223000168800354,0.8223000168800354,0.8306999802589417,0.8177000284194946,0.8306999802589417,17134.0
2024-07-03 12:59:00,KRMD,2.5299999713897705,2.5299999713897705,2.5299999713897705,2.5199999809265137,2.5199999809265137,1795.0
2024-07-03 12:59:00,KRON,1.1299999952316284,1.1299999952316284,1.1369999647140503,1.1299999952316284,1.1369999647140503,1821.0
2024-07-03 12:59:00,KROS,42.099998474121094,42.099998474121094,42.154998779296875,42.060001373291016,42.150001525878906,6737.0
2024-07-03 12:59:00,KRYS,177.2899932861328,177.2899932861328,177.47000122070312,177.2899932861328,177.375,9408.0
2024-07-03 12:59:00,KTRA,0.2759999930858612,0.2759999930858612,0.2759999930858612,0.2759000062942505,0.2759999930858612,10865.0
2024-07-03 12:59:00,KURA,20.010000228881836,20.010000228881836,20.06999969482422,20.010000228881836,20.059999465942383,13482.0
2024-07-03 12:59:00,KYMR,30.110000610351562,30.110000610351562,30.18000030517578,30.110000610351562,30.170000076293945,12029.0
2024-07-03 12:59:00,KZIA,0.2102999985218048,0.2102999985218048,0.21050000190734863,0.2102999985218048,0.21050000190734863,0.0
2024-07-03 12:59:00,KZR,0.574999988079071,0.574999988079071,0.574999988079071,0.574999988079071,0.574999988079071,4400.0
2024-07-03 12:59:00,LAB,1.850000023841858,1.850000023841858,1.8600000143051147,1.840000033378601,1.850000023841858,57984.0
2024-07-03 12:59:00,LBPH,31.875,31.875,31.93000030517578,31.81999969482422,31.899999618530273,14148.0
2024-07-03 12:59:00,LEGN,45.900001525878906,45.900001525878906,45.915000915527344,45.83000183105469,45.83000183105469,17394.0
2024-07-03 12:59:00,LFLY,2.059999942779541,2.059999942779541,2.059999942779541,2.059999942779541,2.059999942779541,545.0
2024-07-03 12:59:00,LFMD,6.809000015258789,6.809000015258789,6.809999942779541,6.760000228881836,6.789999961853027,15350.0
2024-07-03 12:59:00,LFST,5.070000171661377,5.070000171661377,5.085000038146973,5.065000057220459,5.085000038146973,27311.0
2024-07-03 12:59:00,LGND,82.65499877929688,82.65499877929688,82.72000122070312,82.51499938964844,82.52999877929688,4612.0
2024-07-03 12:59:00,LGVN,1.659999966621399,1.659999966621399,1.659999966621399,1.6349999904632568,1.6349999904632568,15424.0
2024-07-03 12:59:00,LIVN,52.779998779296875,52.779998779296875,52.79999923706055,52.709999084472656,52.790000915527344,9271.0
2024-07-03 12:59:00,LMAT,81.04000091552734,81.04000091552734,81.33999633789062,81.04000091552734,81.20999908447266,3290.0
2024-07-03 12:59:00,LNTH,79.47000122070312,79.47000122070312,79.58999633789062,79.45999908447266,79.58999633789062,7308.0
2024-07-03 12:59:00,LOGC,5.75,5.75,5.755000114440918,5.75,5.755000114440918,1033.0
2024-07-03 12:59:00,LPTX,1.840000033378601,1.840000033378601,1.840000033378601,1.8114999532699585,1.8300000429153442,7639.0
2024-07-03 12:59:00,LQDA,11.960000038146973,11.960000038146973,11.970000267028809,11.949999809265137,11.970000267028809,5097.0
2024-07-03 12:59:00,LRMR,7.614999771118164,7.614999771118164,7.639999866485596,7.599999904632568,7.639999866485596,9767.0
2024-07-03 12:59:00,LTRN,4.320000171661377,4.320000171661377,4.320000171661377,4.320000171661377,4.320000171661377,564.0
2024-07-03 12:59:00,LUCD,0.7512999773025513,0.7512999773025513,0.7623000144958496,0.7512999773025513,0.7623000144958496,800.0
2024-07-03 12:59:00,LUCY,0.46059998869895935,0.46059998869895935,0.462799996137619,0.46000000834465027,0.462799996137619,6524.0
2024-07-03 12:59:00,LUCYW,0.08089999854564667,0.08089999854564667,0.08089999854564667,0.08089999854564667,0.08089999854564667,200.0
2024-07-03 12:59:00,LUNG,6.309999942779541,6.309999942779541,6.320000171661377,6.300000190734863,6.309999942779541,8775.0
2024-07-03 12:59:00,LVTX,1.7999999523162842,1.7999999523162842,1.8300000429153442,1.7899999618530273,1.809999942779541,5692.0
2024-07-03 12:59:00,LXRX,1.6549999713897705,1.6549999713897705,1.6549999713897705,1.6399999856948853,1.649999976158142,53882.0
2024-07-03 12:59:00,LYEL,1.5099999904632568,1.5099999904632568,1.5099999904632568,1.5049999952316284,1.5049999952316284,19649.0
2024-07-03 12:59:00,LYRA,0.2838999927043915,0.2838999927043915,0.2838999927043915,0.2824999988079071,0.28279998898506165,6462.0
2024-07-03 12:59:00,MASI,114.18000030517578,114.18000030517578,114.26499938964844,114.16999816894531,114.26499938964844,14120.0
2024-07-03 12:59:00,MASS,4.880000114440918,4.880000114440918,4.880000114440918,4.875,4.880000114440918,1625.0
2024-07-03 12:59:00,MBIO,0.4869000017642975,0.4869000017642975,0.49160000681877136,0.4869000017642975,0.49160000681877136,10097.0
2024-07-03 12:59:00,MBOT,1.0449999570846558,1.0449999570846558,1.0449999570846558,1.0449999570846558,1.0449999570846558,1398.0
2024-07-03 12:59:00,MCRB,0.7117000222206116,0.7117000222206116,0.7148000001907349,0.7074000239372253,0.7110000252723694,21209.0
2024-07-03 12:59:00,MDGL,271.2699890136719,271.2699890136719,271.30999755859375,271.2699890136719,271.30999755859375,2395.0
2024-07-03 12:59:00,MDWD,14.510000228881836,14.510000228881836,14.53499984741211,14.510000228881836,14.510000228881836,1245.0
2024-07-03 12:59:00,MDXG,6.824999809265137,6.824999809265137,6.829999923706055,6.820000171661377,6.824999809265137,16003.0
2024-07-03 12:59:00,MDXH,2.3299999237060547,2.3299999237060547,2.3299999237060547,2.3299999237060547,2.3299999237060547,350.0
2024-07-03 12:59:00,ME,0.4172999858856201,0.4172999858856201,0.41999998688697815,0.41609999537467957,0.41609999537467957,49100.0
2024-07-03 12:59:00,MEDP,403.3599853515625,403.3599853515625,403.69000244140625,402.6400146484375,403.69000244140625,6205.0
2024-07-03 12:59:00,MEDS,17.65999984741211,17.65999984741211,17.770000457763672,17.65999984741211,17.770000457763672,1724.0
2024-07-03 12:59:00,MESO,6.809999942779541,6.809999942779541,6.809999942779541,6.789999961853027,6.800000190734863,1779.0
2024-07-03 12:59:00,MGNX,4.184999942779541,4.184999942779541,4.204999923706055,4.184999942779541,4.199999809265137,21407.0
2024-07-03 12:59:00,MGTX,4.010000228881836,4.010000228881836,4.019999980926514,4.010000228881836,4.019999980926514,649.0
2024-07-03 12:59:00,MIRM,33.790000915527344,33.790000915527344,33.83000183105469,33.790000915527344,33.790000915527344,6242.0
2024-07-03 12:59:00,MLTX,42.220001220703125,42.220001220703125,42.650001525878906,42.060001373291016,42.58000183105469,19717.0
2024-07-03 12:59:00,MMSI,85.7699966430664,85.7699966430664,85.87000274658203,85.7699966430664,85.83999633789062,4969.0
2024-07-03 12:59:00,MNKD,5.010000228881836,5.010000228881836,5.03000020980835,5.010000228881836,5.019999980926514,31818.0
2024-07-03 12:59:00,MNMD,7.135000228881836,7.135000228881836,7.135000228881836,7.099999904632568,7.100100040435791,27088.0
2024-07-03 12:59:00,MODD,1.399999976158142,1.399999976158142,1.4500000476837158,1.399999976158142,1.4299999475479126,5569.0
2024-07-03 12:59:00,MODV,27.315000534057617,27.315000534057617,27.315000534057617,27.229999542236328,27.229999542236328,958.0
2024-07-03 12:59:00,MOLN,6.619999885559082,6.619999885559082,6.630000114440918,6.619999885559082,6.630000114440918,433.0
2024-07-03 12:59:00,MOR,18.219999313354492,18.219999313354492,18.219999313354492,18.209999084472656,18.209999084472656,728.0
2024-07-03 12:59:00,MORF,31.780000686645508,31.780000686645508,31.84000015258789,31.774999618530273,31.81999969482422,6255.0
2024-07-03 12:59:00,MREO,3.5980000495910645,3.5980000495910645,3.5999999046325684,3.5850000381469727,3.5850000381469727,19130.0
2024-07-03 12:59:00,MRNA,116.12000274658203,116.12000274658203,116.12000274658203,115.91000366210938,116.04000091552734,40547.0
2024-07-03 12:59:00,MRNS,1.2100000381469727,1.2100000381469727,1.2100000381469727,1.2050000429153442,1.2050000429153442,3118.0
2024-07-03 12:59:00,MRSN,1.840000033378601,1.840000033378601,1.840000033378601,1.8300000429153442,1.8350000381469727,6700.0
2024-07-03 12:59:00,MRUS,52.95000076293945,52.95000076293945,53.025001525878906,52.86000061035156,53.025001525878906,14641.0
2024-07-03 12:59:00,MRVI,6.980000019073486,6.980000019073486,6.994999885559082,6.980000019073486,6.989999771118164,28774.0
2024-07-03 12:59:00,MTEM,1.190000057220459,1.190000057220459,1.190000057220459,1.1799999475479126,1.1799999475479126,509.0
2024-07-03 12:59:00,MXCT,3.75,3.75,3.765000104904175,3.740000009536743,3.759999990463257,22170.0
2024-07-03 12:59:00,MYGN,24.940000534057617,24.940000534057617,24.979999542236328,24.93000030517578,24.959999084472656,18128.0
2024-07-03 12:59:00,NARI,50.0099983215332,50.0099983215332,50.0099983215332,49.84000015258789,49.869998931884766,23197.0
2024-07-03 12:59:00,NAUT,2.259999990463257,2.259999990463257,2.2799999713897705,2.259999990463257,2.2799999713897705,1540.0
2024-07-03 12:59:00,NBIX,138.16000366210938,138.16000366210938,138.44500732421875,138.16000366210938,138.4199981689453,27756.0
2024-07-03 12:59:00,NEO,13.720000267028809,13.720000267028809,13.729999542236328,13.694999694824219,13.694999694824219,8740.0
2024-07-03 12:59:00,NEOG,15.210000038146973,15.210000038146973,15.21500015258789,15.204999923706055,15.204999923706055,37111.0
2024-07-03 12:59:00,NKTR,1.2899999618530273,1.2899999618530273,1.309999942779541,1.2899999618530273,1.3049999475479126,56945.0
2024-07-03 12:59:00,NKTX,5.350100040435791,5.350100040435791,5.355000019073486,5.350100040435791,5.355000019073486,1795.0
2024-07-03 12:59:00,NLSP,0.20180000364780426,0.20180000364780426,0.20180000364780426,0.20170000195503235,0.20180000364780426,6370.0
2024-07-03 12:59:00,NNOX,7.045000076293945,7.045000076293945,7.050000190734863,7.019999980926514,7.025000095367432,11657.0
2024-07-03 12:59:00,NOTV,1.684999942779541,1.684999942779541,1.690000057220459,1.684999942779541,1.684999942779541,2281.0
2024-07-03 12:59:00,NPCE,7.204999923706055,7.204999923706055,7.215000152587891,7.179999828338623,7.215000152587891,2374.0
2024-07-03 12:59:00,NRBO,4.470200061798096,4.470200061798096,4.470300197601318,4.470200061798096,4.470200061798096,1151.0
2024-07-03 12:59:00,NRC,22.8700008392334,22.8700008392334,23.010000228881836,22.8700008392334,23.0,8149.0
2024-07-03 12:59:00,NRIX,19.389999389648438,19.389999389648438,19.420000076293945,19.3799991607666,19.420000076293945,13668.0
2024-07-03 12:59:00,NRSN,1.3200000524520874,1.3200000524520874,1.3300000429153442,1.2999999523162842,1.3200000524520874,12252.0
2024-07-03 12:59:00,NRXP,2.5799999237060547,2.5799999237060547,2.609999895095825,2.5799999237060547,2.609999895095825,954.0
2024-07-03 12:59:00,NTLA,22.899999618530273,22.899999618530273,22.969999313354492,22.899999618530273,22.950000762939453,54107.0
2024-07-03 12:59:00,NTRA,111.62999725341797,111.62999725341797,111.76000213623047,111.625,111.76000213623047,15138.0
2024-07-03 12:59:00,NUTX,5.369999885559082,5.369999885559082,5.389999866485596,5.369999885559082,5.369999885559082,1798.0
2024-07-03 12:59:00,NUVL,71.95999908447266,71.95999908447266,72.02999877929688,71.95999908447266,71.98500061035156,6407.0
2024-07-03 12:59:00,NUWE,4.019999980926514,4.019999980926514,4.019999980926514,4.019999980926514,4.019999980926514,1259.0
2024-07-03 12:59:00,NVAX,12.529999732971191,12.529999732971191,12.5600004196167,12.520000457763672,12.555000305175781,59416.0
2024-07-03 12:59:00,NVCR,16.889999389648438,16.889999389648438,16.899999618530273,16.8700008392334,16.899999618530273,23691.0
2024-07-03 12:59:00,NVCT,6.210000038146973,6.210000038146973,6.25,6.199999809265137,6.25,3563.0
2024-07-03 12:59:00,NVOS,0.7584999799728394,0.7584999799728394,0.7584999799728394,0.7504000067710876,0.7504000067710876,1716.0
2024-07-03 12:59:00,NXL,1.409600019454956,1.409600019454956,1.4220000505447388,1.3899999856948853,1.4220000505447388,6939.0
2024-07-03 12:59:00,NXTC,1.6100000143051147,1.6100000143051147,1.6100000143051147,1.590000033378601,1.600000023841858,2031.0
2024-07-03 12:59:00,NYXH,7.389999866485596,7.389999866485596,7.389999866485596,7.389999866485596,7.389999866485596,252.0
2024-07-03 12:59:00,OCGN,1.6399999856948853,1.6399999856948853,1.6399999856948853,1.6299999952316284,1.6399999856948853,59588.0
2024-07-03 12:59:00,OCUL,6.690000057220459,6.690000057220459,6.690000057220459,6.679999828338623,6.684999942779541,17101.0
2024-07-03 12:59:00,OCUP,1.5800000429153442,1.5800000429153442,1.590000033378601,1.5800000429153442,1.590000033378601,1312.0
2024-07-03 12:59:00,OFIX,13.510000228881836,13.510000228881836,13.510000228881836,13.494999885559082,13.5,3854.0
2024-07-03 12:59:00,OGI,1.5700000524520874,1.5700000524520874,1.5800000429153442,1.5700000524520874,1.5750000476837158,13727.0
2024-07-03 12:59:00,OLK,25.739999771118164,25.739999771118164,25.75,25.739999771118164,25.75,8928.0
2024-07-03 12:59:00,OLMA,10.649999618530273,10.649999618530273,10.670000076293945,10.649999618530273,10.649999618530273,13930.0
2024-07-03 12:59:00,OM,3.827500104904175,3.827500104904175,3.875,3.809999942779541,3.869999885559082,93112.0
2024-07-03 12:59:00,OMCL,26.75,26.75,26.790000915527344,26.729999542236328,26.764999389648438,7095.0
2024-07-03 12:59:00,OMER,3.869999885559082,3.869999885559082,3.869999885559082,3.859999895095825,3.859999895095825,3659.0
2024-07-03 12:59:00,OMGA,1.899999976158142,1.899999976158142,1.909999966621399,1.899999976158142,1.9098999500274658,12403.0
2024-07-03 12:59:00,ONCY,1.0,1.0,1.0,1.0,1.0,439.0
