Datetime,Ticker,Adj Close,Close,High,Low,Open,Volume
2024-09-05 09:30:00+00:00,AFCG,10.300000190734863,10.300000190734863,10.300000190734863,10.300000190734863,10.300000190734863,0.0
2024-09-05 09:30:00+00:00,AGNC,10.21500015258789,10.21500015258789,10.21500015258789,10.210000038146973,10.210000038146973,206168.0
2024-09-05 09:30:00+00:00,AGNCL,24.239999771118164,24.239999771118164,24.239999771118164,24.239999771118164,24.239999771118164,0.0
2024-09-05 09:30:00+00:00,AGNCM,25.15999984741211,25.15999984741211,25.15999984741211,25.15999984741211,25.15999984741211,0.0
2024-09-05 09:30:00+00:00,AGNCN,25.780000686645508,25.780000686645508,25.780000686645508,25.780000686645508,25.780000686645508,0.0
2024-09-05 09:30:00+00:00,AGNCO,24.989999771118164,24.989999771118164,24.989999771118164,24.989999771118164,24.989999771118164,0.0
2024-09-05 09:30:00+00:00,AGNCP,24.25,24.25,24.25,24.25,24.25,0.0
2024-09-05 09:30:00+00:00,ASPS,1.0800000429153442,1.0800000429153442,1.0800000429153442,1.0800000429153442,1.0800000429153442,527.0
2024-09-05 09:30:00+00:00,CSGP,77.55000305175781,77.55000305175781,77.76499938964844,77.5199966430664,77.66999816894531,16184.0
2024-09-05 09:30:00+00:00,DHC,3.3299999237060547,3.3299999237060547,3.3299999237060547,3.3299999237060547,3.3299999237060547,3532.0
2024-09-05 09:30:00+00:00,DUO,0.3799999952316284,0.3799999952316284,0.3799999952316284,0.3799999952316284,0.3799999952316284,630.0
2024-09-05 09:30:00+00:00,EQIX,826.3300170898438,826.3300170898438,828.0,826.239990234375,826.239990234375,12147.0
2024-09-05 09:30:00+00:00,EXPI,11.789999961853027,11.789999961853027,11.789999961853027,11.789999961853027,11.789999961853027,7497.0
2024-09-05 09:30:00+00:00,FRPH,29.31999969482422,29.31999969482422,29.31999969482422,29.299999237060547,29.309999465942383,0.0
2024-09-05 09:30:00+00:00,FTHM,2.7079999446868896,2.7079999446868896,2.7200000286102295,2.7079999446868896,2.7200000286102295,0.0
2024-09-05 09:30:00+00:00,GIPR,2.309999942779541,2.309999942779541,2.309999942779541,2.309999942779541,2.309999942779541,2983.0
2024-09-05 09:30:00+00:00,GLPI,52.349998474121094,52.349998474121094,52.400001525878906,52.2599983215332,52.2599983215332,0.0
2024-09-05 09:30:00+00:00,GOOD,15.229999542236328,15.229999542236328,15.229999542236328,15.229999542236328,15.229999542236328,2268.0
2024-09-05 09:30:00+00:00,HST,16.93000030517578,16.93000030517578,16.940000534057617,16.920000076293945,16.920000076293945,44479.0
2024-09-05 09:30:00+00:00,ILPT,4.769999980926514,4.769999980926514,4.769999980926514,4.769999980926514,4.769999980926514,2344.0
2024-09-05 09:30:00+00:00,LAMR,125.91000366210938,125.91000366210938,125.91000366210938,125.91000366210938,125.91000366210938,2147.0
2024-09-05 09:30:00+00:00,LAND,13.539999961853027,13.539999961853027,13.539999961853027,13.539999961853027,13.539999961853027,1942.0
2024-09-05 09:30:00+00:00,LANDM,24.360000610351562,24.360000610351562,24.360000610351562,24.360000610351562,24.360000610351562,0.0
2024-09-05 09:30:00+00:00,LANDO,21.459999084472656,21.459999084472656,21.459999084472656,21.459999084472656,21.459999084472656,1287.0
2024-09-05 09:30:00+00:00,LSEA,11.529999732971191,11.529999732971191,11.529999732971191,11.529999732971191,11.529999732971191,0.0
2024-09-05 09:30:00+00:00,NMRK,14.329999923706055,14.329999923706055,14.470000267028809,14.319999694824219,14.470000267028809,41325.0
2024-09-05 09:30:00+00:00,NYMT,6.355000019073486,6.355000019073486,6.360000133514404,6.349999904632568,6.349999904632568,6427.0
2024-09-05 09:30:00+00:00,NYMTM,23.920000076293945,23.920000076293945,23.920000076293945,23.920000076293945,23.920000076293945,0.0
2024-09-05 09:30:00+00:00,OPEN,1.9299999475479126,1.9299999475479126,1.965000033378601,1.9299999475479126,1.965000033378601,826072.0
2024-09-05 09:30:00+00:00,OPI,2.190000057220459,2.190000057220459,2.190000057220459,2.180000066757202,2.180000066757202,5153.0
2024-09-05 09:30:00+00:00,PCH,42.904998779296875,42.904998779296875,42.9900016784668,42.904998779296875,42.9900016784668,0.0
2024-09-05 09:30:00+00:00,PECO,37.27000045776367,37.27000045776367,37.27000045776367,37.27000045776367,37.27000045776367,0.0
2024-09-05 09:30:00+00:00,RDFN,9.680000305175781,9.680000305175781,9.739999771118164,9.680000305175781,9.710000038146973,393374.0
2024-09-05 09:30:00+00:00,REAX,5.84499979019165,5.84499979019165,5.84499979019165,5.840000152587891,5.840000152587891,13848.0
2024-09-05 09:30:00+00:00,REFI,15.760000228881836,15.760000228881836,15.760000228881836,15.760000228881836,15.760000228881836,826.0
2024-09-05 09:30:00+00:00,REG,73.48999786376953,73.48999786376953,73.48999786376953,73.12000274658203,73.12000274658203,223586.0
2024-09-05 09:30:00+00:00,ROIC,15.220000267028809,15.220000267028809,15.220000267028809,15.220000267028809,15.220000267028809,0.0
2024-09-05 09:30:00+00:00,SBAC,235.27000427246094,235.27000427246094,235.27000427246094,235.27000427246094,235.27000427246094,3075.0
2024-09-05 09:30:00+00:00,SBRA,17.420000076293945,17.420000076293945,17.440000534057617,17.329999923706055,17.420000076293945,29602.0
2024-09-05 09:30:00+00:00,SEVN,13.699999809265137,13.699999809265137,13.699999809265137,13.699999809265137,13.699999809265137,3539.0
2024-09-05 09:30:00+00:00,SVC,4.715000152587891,4.715000152587891,4.71999979019165,4.710000038146973,4.710000038146973,0.0
2024-09-05 09:30:00+00:00,UNIT,4.869999885559082,4.869999885559082,4.880000114440918,4.75,4.75,90705.0
2024-09-05 09:30:00+00:00,WHLR,1.0199999809265137,1.0199999809265137,1.0199999809265137,1.0099999904632568,1.0099999904632568,6576.0
2024-09-05 09:31:00+00:00,AGNC,10.210000038146973,10.210000038146973,10.218999862670898,10.210000038146973,10.21500015258789,10679.0
2024-09-05 09:31:00+00:00,AGNCO,24.973499298095703,24.973499298095703,24.973499298095703,24.973499298095703,24.973499298095703,2000.0
2024-09-05 09:31:00+00:00,ASPS,1.1299999952316284,1.1299999952316284,1.1299999952316284,1.1299999952316284,1.1299999952316284,176.0
2024-09-05 09:31:00+00:00,CSGP,77.61000061035156,77.61000061035156,77.61000061035156,77.61000061035156,77.61000061035156,199.0
2024-09-05 09:31:00+00:00,DHC,3.3299999237060547,3.3299999237060547,3.3299999237060547,3.3299999237060547,3.3299999237060547,312.0
2024-09-05 09:31:00+00:00,DUO,0.3700000047683716,0.3700000047683716,0.37599998712539673,0.3700000047683716,0.37599998712539673,1816.0
2024-09-05 09:31:00+00:00,EQIX,826.030029296875,826.030029296875,826.2000122070312,826.030029296875,826.2000122070312,911.0
2024-09-05 09:31:00+00:00,FTHM,2.7116000652313232,2.7116000652313232,2.7116000652313232,2.7116000652313232,2.7116000652313232,1982.0
2024-09-05 09:31:00+00:00,GLPI,52.349998474121094,52.349998474121094,52.38999938964844,52.349998474121094,52.349998474121094,1732.0
2024-09-05 09:31:00+00:00,GOOD,15.303999900817871,15.303999900817871,15.303999900817871,15.303999900817871,15.303999900817871,172.0
2024-09-05 09:31:00+00:00,HST,16.90999984741211,16.90999984741211,16.959999084472656,16.90999984741211,16.950000762939453,12770.0
2024-09-05 09:31:00+00:00,NMRK,14.289999961853027,14.289999961853027,14.3100004196167,14.289999961853027,14.305000305175781,4986.0
2024-09-05 09:31:00+00:00,NYMT,6.380000114440918,6.380000114440918,6.380000114440918,6.380000114440918,6.380000114440918,1205.0
2024-09-05 09:31:00+00:00,OPEN,1.9149999618530273,1.9149999618530273,1.9600000381469727,1.909999966621399,1.9299999475479126,664615.0
2024-09-05 09:31:00+00:00,PCH,42.900001525878906,42.900001525878906,42.904998779296875,42.900001525878906,42.904998779296875,483.0
2024-09-05 09:31:00+00:00,PECO,37.279998779296875,37.279998779296875,37.279998779296875,37.275001525878906,37.275001525878906,407.0
2024-09-05 09:31:00+00:00,RDFN,9.595000267028809,9.595000267028809,9.6899995803833,9.595000267028809,9.6899995803833,145259.0
2024-09-05 09:31:00+00:00,SBRA,17.5,17.5,17.520000457763672,17.489999771118164,17.5,26261.0
2024-09-05 09:31:00+00:00,SVC,4.699999809265137,4.699999809265137,4.71999979019165,4.699999809265137,4.71999979019165,2625.0
2024-09-05 09:31:00+00:00,UK,1.440000057220459,1.440000057220459,1.440000057220459,1.440000057220459,1.440000057220459,2311.0
2024-09-05 09:31:00+00:00,UNIT,4.859300136566162,4.859300136566162,4.889999866485596,4.840099811553955,4.864999771118164,22686.0
2024-09-05 09:31:00+00:00,WHLR,1.0260000228881836,1.0260000228881836,1.0260000228881836,1.0199999809265137,1.0199999809265137,638.0
2024-09-05 09:32:00+00:00,AFCG,10.319999694824219,10.319999694824219,10.319999694824219,10.319999694824219,10.319999694824219,219.0
2024-09-05 09:32:00+00:00,AGNC,10.21500015258789,10.21500015258789,10.21500015258789,10.210000038146973,10.210000038146973,13318.0
2024-09-05 09:32:00+00:00,AGNCO,24.979999542236328,24.979999542236328,24.979999542236328,24.979999542236328,24.979999542236328,0.0
2024-09-05 09:32:00+00:00,CSGP,77.31999969482422,77.31999969482422,77.5999984741211,77.0999984741211,77.5999984741211,7688.0
2024-09-05 09:32:00+00:00,DHC,3.3350000381469727,3.3350000381469727,3.3350000381469727,3.3299999237060547,3.3299999237060547,753.0
2024-09-05 09:32:00+00:00,FTHM,2.7200000286102295,2.7200000286102295,2.7200000286102295,2.7100000381469727,2.7179999351501465,1548.0
2024-09-05 09:32:00+00:00,GOOD,15.25,15.25,15.25,15.25,15.25,746.0
2024-09-05 09:32:00+00:00,HST,16.920000076293945,16.920000076293945,16.920000076293945,16.903400421142578,16.903400421142578,3085.0
2024-09-05 09:32:00+00:00,NMRK,14.239999771118164,14.239999771118164,14.270000457763672,14.220000267028809,14.270000457763672,8452.0
2024-09-05 09:32:00+00:00,OPEN,1.9149999618530273,1.9149999618530273,1.9199999570846558,1.909999966621399,1.9149999618530273,56756.0
2024-09-05 09:32:00+00:00,OPI,2.1700000762939453,2.1700000762939453,2.1700000762939453,2.1700000762939453,2.1700000762939453,230.0
2024-09-05 09:32:00+00:00,RDFN,9.539999961853027,9.539999961853027,9.629599571228027,9.529999732971191,9.609999656677246,62367.0
2024-09-05 09:32:00+00:00,REAX,5.829999923706055,5.829999923706055,5.829999923706055,5.829999923706055,5.829999923706055,347.0
2024-09-05 09:32:00+00:00,SBAC,234.40499877929688,234.40499877929688,234.40499877929688,234.02999877929688,234.02999877929688,1243.0
2024-09-05 09:32:00+00:00,SBRA,17.520000457763672,17.520000457763672,17.520000457763672,17.5,17.5,4271.0
2024-09-05 09:32:00+00:00,SVC,4.710000038146973,4.710000038146973,4.710000038146973,4.710000038146973,4.710000038146973,527.0
2024-09-05 09:32:00+00:00,UNIT,4.940000057220459,4.940000057220459,4.940000057220459,4.809999942779541,4.849999904632568,48562.0
2024-09-05 09:32:00+00:00,WHLR,1.0399999618530273,1.0399999618530273,1.0399999618530273,1.0299999713897705,1.0299999713897705,503.0
2024-09-05 09:33:00+00:00,AGNC,10.21500015258789,10.21500015258789,10.21500015258789,10.210000038146973,10.210100173950195,11760.0
2024-09-05 09:33:00+00:00,AGNCO,24.979999542236328,24.979999542236328,24.979999542236328,24.979999542236328,24.979999542236328,1000.0
2024-09-05 09:33:00+00:00,CSGP,77.30999755859375,77.30999755859375,77.30999755859375,77.2300033569336,77.26499938964844,2835.0
2024-09-05 09:33:00+00:00,FSV,178.89999389648438,178.89999389648438,178.89999389648438,178.89999389648438,178.89999389648438,0.0
2024-09-05 09:33:00+00:00,GOOD,15.210100173950195,15.210100173950195,15.210100173950195,15.210100173950195,15.210100173950195,420.0
2024-09-05 09:33:00+00:00,HST,16.940000534057617,16.940000534057617,16.950000762939453,16.915000915527344,16.920000076293945,11985.0
2024-09-05 09:33:00+00:00,ILPT,4.735000133514404,4.735000133514404,4.735000133514404,4.724999904632568,4.730000019073486,2300.0
2024-09-05 09:33:00+00:00,LSEA,11.46500015258789,11.46500015258789,11.46500015258789,11.46500015258789,11.46500015258789,117.0
2024-09-05 09:33:00+00:00,NMRK,14.25,14.25,14.25,14.229999542236328,14.229999542236328,8015.0
2024-09-05 09:33:00+00:00,OPEN,1.909999966621399,1.909999966621399,1.9199999570846558,1.909999966621399,1.9149999618530273,28174.0
2024-09-05 09:33:00+00:00,PECO,37.189998626708984,37.189998626708984,37.189998626708984,37.189998626708984,37.189998626708984,309.0
2024-09-05 09:33:00+00:00,RDFN,9.579999923706055,9.579999923706055,9.600000381469727,9.5600004196167,9.5600004196167,17031.0
2024-09-05 09:33:00+00:00,REAX,5.769999980926514,5.769999980926514,5.829999923706055,5.769999980926514,5.829999923706055,2786.0
2024-09-05 09:33:00+00:00,ROIC,15.270000457763672,15.270000457763672,15.300000190734863,15.270000457763672,15.279999732971191,6442.0
2024-09-05 09:33:00+00:00,SBRA,17.52400016784668,17.52400016784668,17.528600692749023,17.510000228881836,17.524999618530273,9253.0
2024-09-05 09:33:00+00:00,SEVN,13.789999961853027,13.789999961853027,13.789999961853027,13.789999961853027,13.789999961853027,174.0
2024-09-05 09:33:00+00:00,SOHO,1.2400000095367432,1.2400000095367432,1.2400000095367432,1.2400000095367432,1.2400000095367432,0.0
2024-09-05 09:33:00+00:00,SVC,4.704999923706055,4.704999923706055,4.710000038146973,4.704999923706055,4.710000038146973,929.0
2024-09-05 09:33:00+00:00,UNIT,4.96999979019165,4.96999979019165,4.980000019073486,4.940000057220459,4.940000057220459,42948.0
2024-09-05 09:33:00+00:00,WHLR,1.0399999618530273,1.0399999618530273,1.0499000549316406,1.0299999713897705,1.0399999618530273,1666.0
2024-09-05 09:34:00+00:00,AGNC,10.21500015258789,10.21500015258789,10.220000267028809,10.210000038146973,10.21500015258789,35760.0
2024-09-05 09:34:00+00:00,AGNCO,24.975000381469727,24.975000381469727,24.979999542236328,24.975000381469727,24.979999542236328,2400.0
2024-09-05 09:34:00+00:00,CSGP,77.26000213623047,77.26000213623047,77.26000213623047,77.1500015258789,77.17500305175781,5283.0
2024-09-05 09:34:00+00:00,DHC,3.3499999046325684,3.3499999046325684,3.359999895095825,3.3499999046325684,3.359999895095825,1361.0
2024-09-05 09:34:00+00:00,EQIX,822.75,822.75,824.2100219726562,822.75,824.2100219726562,1725.0
2024-09-05 09:34:00+00:00,GLPI,52.28499984741211,52.28499984741211,52.28499984741211,52.275001525878906,52.275001525878906,379.0
2024-09-05 09:34:00+00:00,HST,16.899999618530273,16.899999618530273,16.94499969482422,16.889999389648438,16.940000534057617,16307.0
2024-09-05 09:34:00+00:00,LAND,13.542499542236328,13.542499542236328,13.542499542236328,13.542499542236328,13.542499542236328,1004.0
2024-09-05 09:34:00+00:00,LSEA,11.460000038146973,11.460000038146973,11.460000038146973,11.460000038146973,11.460000038146973,315.0
2024-09-05 09:34:00+00:00,NMRK,14.244999885559082,14.244999885559082,14.244999885559082,14.229999542236328,14.229999542236328,1387.0
2024-09-05 09:34:00+00:00,OPEN,1.9290000200271606,1.9290000200271606,1.930299997329712,1.9049999713897705,1.909999966621399,129522.0
2024-09-05 09:34:00+00:00,OPI,2.1700000762939453,2.1700000762939453,2.1700000762939453,2.1700000762939453,2.1700000762939453,553.0
2024-09-05 09:34:00+00:00,PCH,42.880001068115234,42.880001068115234,42.880001068115234,42.880001068115234,42.880001068115234,413.0
2024-09-05 09:34:00+00:00,PECO,37.18000030517578,37.18000030517578,37.18000030517578,37.18000030517578,37.18000030517578,534.0
2024-09-05 09:34:00+00:00,RDFN,9.609999656677246,9.609999656677246,9.630000114440918,9.5600004196167,9.5649995803833,31298.0
2024-09-05 09:34:00+00:00,REAX,5.769999980926514,5.769999980926514,5.769999980926514,5.769999980926514,5.769999980926514,0.0
2024-09-05 09:34:00+00:00,REG,73.19999694824219,73.19999694824219,73.19999694824219,73.19999694824219,73.19999694824219,743.0
2024-09-05 09:34:00+00:00,ROIC,15.279999732971191,15.279999732971191,15.279999732971191,15.279999732971191,15.279999732971191,540.0
2024-09-05 09:34:00+00:00,SBAC,234.0399932861328,234.0399932861328,234.0399932861328,233.99000549316406,233.99000549316406,792.0
2024-09-05 09:34:00+00:00,SBRA,17.5664005279541,17.5664005279541,17.5664005279541,17.530000686645508,17.530000686645508,4984.0
2024-09-05 09:34:00+00:00,SEVN,13.800000190734863,13.800000190734863,13.800000190734863,13.800000190734863,13.800000190734863,185.0
2024-09-05 09:34:00+00:00,SVC,4.704999923706055,4.704999923706055,4.710000038146973,4.699999809265137,4.704999923706055,6637.0
2024-09-05 09:34:00+00:00,UNIT,4.9593000411987305,4.9593000411987305,4.96999979019165,4.940000057220459,4.96999979019165,85620.0
2024-09-05 09:34:00+00:00,WHLR,1.059999942779541,1.059999942779541,1.059999942779541,1.059999942779541,1.059999942779541,811.0
2024-09-05 09:35:00+00:00,AFCG,10.300000190734863,10.300000190734863,10.300000190734863,10.289999961853027,10.289999961853027,257.0
2024-09-05 09:35:00+00:00,AGNC,10.220000267028809,10.220000267028809,10.22599983215332,10.210000038146973,10.21500015258789,69690.0
2024-09-05 09:35:00+00:00,CHCI,7.679999828338623,7.679999828338623,7.679999828338623,7.679999828338623,7.679999828338623,231.0
2024-09-05 09:35:00+00:00,CSGP,77.1500015258789,77.1500015258789,77.1675033569336,77.1500015258789,77.1675033569336,2143.0
2024-09-05 09:35:00+00:00,DUO,0.3709999918937683,0.3709999918937683,0.3709999918937683,0.3709999918937683,0.3709999918937683,13025.0
2024-09-05 09:35:00+00:00,EQIX,822.864990234375,822.864990234375,822.864990234375,822.2849731445312,822.2849731445312,1281.0
2024-09-05 09:35:00+00:00,GLPI,52.30500030517578,52.30500030517578,52.31829833984375,52.30500030517578,52.31829833984375,1482.0
2024-09-05 09:35:00+00:00,HST,16.940000534057617,16.940000534057617,16.940000534057617,16.90999984741211,16.90999984741211,2431.0
2024-09-05 09:35:00+00:00,ILPT,4.744999885559082,4.744999885559082,4.760000228881836,4.739999771118164,4.75,1994.0
2024-09-05 09:35:00+00:00,LAND,13.589900016784668,13.589900016784668,13.589900016784668,13.589900016784668,13.589900016784668,553.0
2024-09-05 09:35:00+00:00,LSEA,11.460000038146973,11.460000038146973,11.460000038146973,11.460000038146973,11.460000038146973,188.0
2024-09-05 09:35:00+00:00,NMRK,14.229999542236328,14.229999542236328,14.229999542236328,14.220000267028809,14.220000267028809,2004.0
2024-09-05 09:35:00+00:00,OPEN,1.9399000406265259,1.9399000406265259,1.940000057220459,1.9249999523162842,1.9249999523162842,20929.0
2024-09-05 09:35:00+00:00,PECO,37.185001373291016,37.185001373291016,37.185001373291016,37.185001373291016,37.185001373291016,200.0
2024-09-05 09:35:00+00:00,RDFN,9.699999809265137,9.699999809265137,9.739999771118164,9.600000381469727,9.604999542236328,72571.0
2024-09-05 09:35:00+00:00,REG,73.44999694824219,73.44999694824219,73.44999694824219,73.44999694824219,73.44999694824219,305.0
2024-09-05 09:35:00+00:00,SBAC,234.0399932861328,234.0399932861328,234.0399932861328,234.0399932861328,234.0399932861328,1679.0
2024-09-05 09:35:00+00:00,SBRA,17.56999969482422,17.56999969482422,17.579999923706055,17.56999969482422,17.579999923706055,5945.0
2024-09-05 09:35:00+00:00,SEVN,13.789999961853027,13.789999961853027,13.789999961853027,13.789999961853027,13.789999961853027,319.0
2024-09-05 09:35:00+00:00,SVC,4.710000038146973,4.710000038146973,4.710000038146973,4.710000038146973,4.710000038146973,1438.0
2024-09-05 09:35:00+00:00,UNIT,5.03000020980835,5.03000020980835,5.03000020980835,4.945000171661377,4.954999923706055,90819.0
2024-09-05 09:35:00+00:00,WHLR,1.0700000524520874,1.0700000524520874,1.0700000524520874,1.0700000524520874,1.0700000524520874,240.0
2024-09-05 09:36:00+00:00,AGNC,10.229999542236328,10.229999542236328,10.229999542236328,10.220000267028809,10.220000267028809,46006.0
2024-09-05 09:36:00+00:00,CSGP,76.9800033569336,76.9800033569336,76.9800033569336,76.86000061035156,76.86000061035156,303.0
2024-09-05 09:36:00+00:00,DHC,3.359999895095825,3.359999895095825,3.359999895095825,3.359999895095825,3.359999895095825,5617.0
2024-09-05 09:36:00+00:00,DUO,0.3799999952316284,0.3799999952316284,0.3799999952316284,0.3799999952316284,0.3799999952316284,0.0
2024-09-05 09:36:00+00:00,EQIX,824.5399780273438,824.5399780273438,824.5399780273438,824.2000122070312,824.4299926757812,1304.0
2024-09-05 09:36:00+00:00,EXPI,11.739999771118164,11.739999771118164,11.771499633789062,11.739999771118164,11.771499633789062,606.0
2024-09-05 09:36:00+00:00,GLPI,52.279998779296875,52.279998779296875,52.279998779296875,52.279998779296875,52.279998779296875,474.0
2024-09-05 09:36:00+00:00,HST,16.934999465942383,16.934999465942383,16.940000534057617,16.915000915527344,16.940000534057617,16039.0
2024-09-05 09:36:00+00:00,LAND,13.569999694824219,13.569999694824219,13.569999694824219,13.569999694824219,13.569999694824219,698.0
2024-09-05 09:36:00+00:00,NMRK,14.1899995803833,14.1899995803833,14.234999656677246,14.1899995803833,14.229999542236328,3072.0
2024-09-05 09:36:00+00:00,NYMT,6.380000114440918,6.380000114440918,6.380000114440918,6.380000114440918,6.380000114440918,201.0
2024-09-05 09:36:00+00:00,OPEN,1.934999942779541,1.934999942779541,1.9392999410629272,1.9299999475479126,1.934999942779541,82277.0
2024-09-05 09:36:00+00:00,PECO,37.20500183105469,37.20500183105469,37.20500183105469,37.20500183105469,37.20500183105469,139.0
2024-09-05 09:36:00+00:00,RDFN,9.680000305175781,9.680000305175781,9.704999923706055,9.649999618530273,9.6899995803833,19400.0
2024-09-05 09:36:00+00:00,REAX,5.78000020980835,5.78000020980835,5.78000020980835,5.78000020980835,5.78000020980835,104.0
2024-09-05 09:36:00+00:00,REG,73.38999938964844,73.38999938964844,73.4000015258789,73.38999938964844,73.4000015258789,436.0
2024-09-05 09:36:00+00:00,ROIC,15.319999694824219,15.319999694824219,15.319999694824219,15.305999755859375,15.305999755859375,1035.0
2024-09-05 09:36:00+00:00,SBRA,17.59000015258789,17.59000015258789,17.600000381469727,17.56999969482422,17.56999969482422,866.0
2024-09-05 09:36:00+00:00,SVC,4.715000152587891,4.715000152587891,4.71999979019165,4.715000152587891,4.71999979019165,2897.0
2024-09-05 09:36:00+00:00,UNIT,4.989999771118164,4.989999771118164,5.019999980926514,4.980000019073486,5.019999980926514,76101.0
2024-09-05 09:36:00+00:00,WHLR,1.0700000524520874,1.0700000524520874,1.0700000524520874,1.0700000524520874,1.0700000524520874,120.0
2024-09-05 09:37:00+00:00,AFCG,10.300000190734863,10.300000190734863,10.300000190734863,10.289999961853027,10.289999961853027,403.0
2024-09-05 09:37:00+00:00,AGNC,10.220199584960938,10.220199584960938,10.225000381469727,10.220000267028809,10.225000381469727,7813.0
2024-09-05 09:37:00+00:00,AGNCP,24.25,24.25,24.25,24.25,24.25,64.0
2024-09-05 09:37:00+00:00,CHCI,7.539999961853027,7.539999961853027,7.539999961853027,7.539999961853027,7.539999961853027,101.0
2024-09-05 09:37:00+00:00,CSGP,76.76000213623047,76.76000213623047,76.76000213623047,76.76000213623047,76.76000213623047,1569.0
2024-09-05 09:37:00+00:00,EQIX,824.010009765625,824.010009765625,824.010009765625,824.010009765625,824.010009765625,1107.0
2024-09-05 09:37:00+00:00,GLPI,52.25,52.25,52.25,52.25,52.25,155.0
2024-09-05 09:37:00+00:00,GOOD,15.229999542236328,15.229999542236328,15.229999542236328,15.229999542236328,15.229999542236328,141.0
2024-09-05 09:37:00+00:00,HST,16.940000534057617,16.940000534057617,16.940000534057617,16.920000076293945,16.93000030517578,3446.0
2024-09-05 09:37:00+00:00,NMRK,14.25,14.25,14.260000228881836,14.170000076293945,14.180000305175781,8477.0
2024-09-05 09:37:00+00:00,NYMT,6.400000095367432,6.400000095367432,6.400000095367432,6.400000095367432,6.400000095367432,143.0
2024-09-05 09:37:00+00:00,OPEN,1.9400999546051025,1.9400999546051025,1.9474999904632568,1.9299999475479126,1.940000057220459,40042.0
2024-09-05 09:37:00+00:00,RDFN,9.639800071716309,9.639800071716309,9.699899673461914,9.630000114440918,9.680000305175781,25578.0
2024-09-05 09:37:00+00:00,REAX,5.78000020980835,5.78000020980835,5.807600021362305,5.78000020980835,5.807600021362305,1112.0
2024-09-05 09:37:00+00:00,RMR,24.84149932861328,24.84149932861328,24.84149932861328,24.84149932861328,24.84149932861328,0.0
2024-09-05 09:37:00+00:00,ROIC,15.359999656677246,15.359999656677246,15.359999656677246,15.359999656677246,15.359999656677246,6261.0
2024-09-05 09:37:00+00:00,SBRA,17.59000015258789,17.59000015258789,17.59000015258789,17.59000015258789,17.59000015258789,5042.0
2024-09-05 09:37:00+00:00,UK,1.440000057220459,1.440000057220459,1.440000057220459,1.440000057220459,1.440000057220459,0.0
2024-09-05 09:37:00+00:00,UNIT,5.0,5.0,5.0,4.949999809265137,5.0,41409.0
2024-09-05 09:37:00+00:00,WHLR,1.0700000524520874,1.0700000524520874,1.0700000524520874,1.059999942779541,1.059999942779541,318.0
2024-09-05 09:38:00+00:00,AEI,1.1712000370025635,1.1712000370025635,1.1712000370025635,1.1712000370025635,1.1712000370025635,2396.0
2024-09-05 09:38:00+00:00,AFCG,10.300000190734863,10.300000190734863,10.300000190734863,10.300000190734863,10.300000190734863,578.0
2024-09-05 09:38:00+00:00,AGNC,10.225000381469727,10.225000381469727,10.225000381469727,10.220000267028809,10.223400115966797,7638.0
2024-09-05 09:38:00+00:00,CIGI,140.66000366210938,140.66000366210938,140.74000549316406,140.66000366210938,140.74000549316406,0.0
2024-09-05 09:38:00+00:00,EXPI,11.774999618530273,11.774999618530273,11.774999618530273,11.774999618530273,11.774999618530273,212.0
2024-09-05 09:38:00+00:00,GLPI,52.21500015258789,52.21500015258789,52.2400016784668,52.21500015258789,52.2400016784668,735.0
2024-09-05 09:38:00+00:00,GOOD,15.229999542236328,15.229999542236328,15.229999542236328,15.229999542236328,15.229999542236328,340.0
2024-09-05 09:38:00+00:00,HST,16.93000030517578,16.93000030517578,16.934999465942383,16.93000030517578,16.934999465942383,1119.0
2024-09-05 09:38:00+00:00,LAND,13.579999923706055,13.579999923706055,13.599599838256836,13.579999923706055,13.599599838256836,605.0
2024-09-05 09:38:00+00:00,NMRK,14.229999542236328,14.229999542236328,14.265000343322754,14.229999542236328,14.260000228881836,1089.0
2024-09-05 09:38:00+00:00,OPEN,1.9450000524520874,1.9450000524520874,1.9500000476837158,1.9450000524520874,1.9450000524520874,46961.0
2024-09-05 09:38:00+00:00,PECO,37.20500183105469,37.20500183105469,37.2400016784668,37.18000030517578,37.189998626708984,2878.0
2024-09-05 09:38:00+00:00,RDFN,9.687000274658203,9.687000274658203,9.6899995803833,9.640000343322754,9.640000343322754,19703.0
2024-09-05 09:38:00+00:00,ROIC,15.329999923706055,15.329999923706055,15.329999923706055,15.324999809265137,15.329999923706055,501.0
2024-09-05 09:38:00+00:00,SBRA,17.56999969482422,17.56999969482422,17.59000015258789,17.56999969482422,17.59000015258789,2744.0
2024-09-05 09:38:00+00:00,UNIT,4.96999979019165,4.96999979019165,5.010000228881836,4.96999979019165,5.0,25594.0
2024-09-05 09:38:00+00:00,WHLR,1.1100000143051147,1.1100000143051147,1.1399999856948853,1.0800000429153442,1.0800000429153442,7038.0
2024-09-05 09:39:00+00:00,AGNC,10.229900360107422,10.229900360107422,10.229900360107422,10.220000267028809,10.220000267028809,13243.0
2024-09-05 09:39:00+00:00,CIGI,140.63499450683594,140.63499450683594,140.74000549316406,140.19000244140625,140.67999267578125,1207.0
2024-09-05 09:39:00+00:00,CSGP,76.7300033569336,76.7300033569336,76.77999877929688,76.7300033569336,76.77999877929688,1597.0
2024-09-05 09:39:00+00:00,EXPI,11.804200172424316,11.804200172424316,11.804200172424316,11.798500061035156,11.798500061035156,617.0
2024-09-05 09:39:00+00:00,FSV,179.35000610351562,179.35000610351562,179.35000610351562,179.35000610351562,179.35000610351562,578.0
2024-09-05 09:39:00+00:00,GLPI,52.189998626708984,52.189998626708984,52.21500015258789,52.189998626708984,52.21500015258789,1412.0
2024-09-05 09:39:00+00:00,HST,16.895000457763672,16.895000457763672,16.920000076293945,16.895000457763672,16.920000076293945,7144.0
2024-09-05 09:39:00+00:00,NMRK,14.270000457763672,14.270000457763672,14.270000457763672,14.210000038146973,14.210000038146973,2969.0
2024-09-05 09:39:00+00:00,NYMT,6.385000228881836,6.385000228881836,6.385000228881836,6.385000228881836,6.385000228881836,2837.0
2024-09-05 09:39:00+00:00,OPEN,1.9500000476837158,1.9500000476837158,1.9600000381469727,1.940000057220459,1.9450000524520874,67064.0
2024-09-05 09:39:00+00:00,OPI,2.174999952316284,2.174999952316284,2.174999952316284,2.174999952316284,2.174999952316284,1840.0
2024-09-05 09:39:00+00:00,PCH,42.9640007019043,42.9640007019043,42.9640007019043,42.9640007019043,42.9640007019043,1531.0
2024-09-05 09:39:00+00:00,PECO,37.20500183105469,37.20500183105469,37.20500183105469,37.20500183105469,37.20500183105469,117.0
2024-09-05 09:39:00+00:00,RDFN,9.71969985961914,9.71969985961914,9.739999771118164,9.670000076293945,9.670000076293945,22507.0
2024-09-05 09:39:00+00:00,REG,73.4000015258789,73.4000015258789,73.41000366210938,73.4000015258789,73.41000366210938,394.0
2024-09-05 09:39:00+00:00,ROIC,15.335000038146973,15.335000038146973,15.34000015258789,15.329999923706055,15.329999923706055,5104.0
2024-09-05 09:39:00+00:00,SBRA,17.56999969482422,17.56999969482422,17.56999969482422,17.56999969482422,17.56999969482422,151.0
2024-09-05 09:39:00+00:00,SVC,4.710000038146973,4.710000038146973,4.710000038146973,4.710000038146973,4.710000038146973,2511.0
2024-09-05 09:39:00+00:00,UNIT,4.994999885559082,4.994999885559082,4.994999885559082,4.960000038146973,4.96999979019165,30660.0
2024-09-05 09:39:00+00:00,WHLR,1.1699999570846558,1.1699999570846558,1.2000000476837158,1.1092000007629395,1.1100000143051147,14533.0
2024-09-05 09:40:00+00:00,AFCG,10.300000190734863,10.300000190734863,10.300000190734863,10.300000190734863,10.300000190734863,297.0
2024-09-05 09:40:00+00:00,AGNC,10.234999656677246,10.234999656677246,10.239999771118164,10.220000267028809,10.226699829101562,46187.0
2024-09-05 09:40:00+00:00,CSGP,76.7699966430664,76.7699966430664,76.83999633789062,76.625,76.625,2066.0
2024-09-05 09:40:00+00:00,DHC,3.359999895095825,3.359999895095825,3.359999895095825,3.359999895095825,3.359999895095825,1526.0
2024-09-05 09:40:00+00:00,DUO,0.3799999952316284,0.3799999952316284,0.3799999952316284,0.3799999952316284,0.3799999952316284,700.0
2024-09-05 09:40:00+00:00,EQIX,823.8800048828125,823.8800048828125,823.8800048828125,823.8800048828125,823.8800048828125,215.0
2024-09-05 09:40:00+00:00,EXPI,11.84220027923584,11.84220027923584,11.84220027923584,11.84220027923584,11.84220027923584,204.0
2024-09-05 09:40:00+00:00,GLPI,52.2400016784668,52.2400016784668,52.25,52.19499969482422,52.19499969482422,6719.0
2024-09-05 09:40:00+00:00,GOOD,15.260000228881836,15.260000228881836,15.260000228881836,15.260000228881836,15.260000228881836,596.0
2024-09-05 09:40:00+00:00,HST,16.920000076293945,16.920000076293945,16.920000076293945,16.889999389648438,16.889999389648438,4521.0
2024-09-05 09:40:00+00:00,ILPT,4.760000228881836,4.760000228881836,4.760000228881836,4.760000228881836,4.760000228881836,306.0
2024-09-05 09:40:00+00:00,LAND,13.600000381469727,13.600000381469727,13.600000381469727,13.600000381469727,13.600000381469727,932.0
2024-09-05 09:40:00+00:00,LSEA,11.404999732971191,11.404999732971191,11.404999732971191,11.404999732971191,11.404999732971191,275.0
2024-09-05 09:40:00+00:00,NMRK,14.25,14.25,14.270000457763672,14.25,14.260000228881836,1786.0
2024-09-05 09:40:00+00:00,NYMT,6.420000076293945,6.420000076293945,6.420000076293945,6.409999847412109,6.409999847412109,1315.0
2024-09-05 09:40:00+00:00,OPEN,1.9550000429153442,1.9550000429153442,1.965000033378601,1.9500000476837158,1.9500000476837158,200408.0
2024-09-05 09:40:00+00:00,PCH,42.97999954223633,42.97999954223633,42.97999954223633,42.970001220703125,42.970001220703125,1030.0
2024-09-05 09:40:00+00:00,PECO,37.209999084472656,37.209999084472656,37.209999084472656,37.209999084472656,37.209999084472656,425.0
2024-09-05 09:40:00+00:00,RDFN,9.71500015258789,9.71500015258789,9.720000267028809,9.6899995803833,9.713700294494629,12953.0
2024-09-05 09:40:00+00:00,REAX,5.789999961853027,5.789999961853027,5.789999961853027,5.789999961853027,5.789999961853027,679.0
2024-09-05 09:40:00+00:00,REG,73.40499877929688,73.40499877929688,73.40499877929688,73.40499877929688,73.40499877929688,241.0
2024-09-05 09:40:00+00:00,ROIC,15.34000015258789,15.34000015258789,15.34000015258789,15.34000015258789,15.34000015258789,1309.0
2024-09-05 09:40:00+00:00,SBAC,234.52999877929688,234.52999877929688,234.52999877929688,234.52999877929688,234.52999877929688,2657.0
2024-09-05 09:40:00+00:00,SBRA,17.59000015258789,17.59000015258789,17.59000015258789,17.56999969482422,17.579999923706055,7115.0
2024-09-05 09:40:00+00:00,UNIT,5.034999847412109,5.034999847412109,5.039999961853027,4.985000133514404,4.985000133514404,94102.0
2024-09-05 09:40:00+00:00,WHLR,1.3600000143051147,1.3600000143051147,1.3600000143051147,1.190000057220459,1.190000057220459,49370.0
2024-09-05 09:41:00+00:00,AGNC,10.234999656677246,10.234999656677246,10.239899635314941,10.229999542236328,10.234999656677246,63219.0
2024-09-05 09:41:00+00:00,AGNCO,24.979700088500977,24.979700088500977,24.979999542236328,24.979700088500977,24.979999542236328,4200.0
2024-09-05 09:41:00+00:00,CSGP,76.9000015258789,76.9000015258789,76.9000015258789,76.9000015258789,76.9000015258789,568.0
2024-09-05 09:41:00+00:00,DHC,3.365000009536743,3.365000009536743,3.365000009536743,3.365000009536743,3.365000009536743,653.0
2024-09-05 09:41:00+00:00,EQIX,822.530029296875,822.530029296875,822.530029296875,822.530029296875,822.530029296875,302.0
2024-09-05 09:41:00+00:00,EXPI,11.819600105285645,11.819600105285645,11.829999923706055,11.819600105285645,11.829999923706055,738.0
2024-09-05 09:41:00+00:00,FSV,179.55999755859375,179.55999755859375,179.55999755859375,179.55999755859375,179.55999755859375,379.0
2024-09-05 09:41:00+00:00,GLPI,52.25,52.25,52.26499938964844,52.22999954223633,52.26499938964844,2886.0
2024-09-05 09:41:00+00:00,HST,16.920000076293945,16.920000076293945,16.920000076293945,16.920000076293945,16.920000076293945,2798.0
2024-09-05 09:41:00+00:00,LAMR,125.69000244140625,125.69000244140625,125.69000244140625,125.63999938964844,125.63999938964844,1598.0
2024-09-05 09:41:00+00:00,NMRK,14.300000190734863,14.300000190734863,14.3100004196167,14.255000114440918,14.255000114440918,12583.0
2024-09-05 09:41:00+00:00,NYMT,6.429999828338623,6.429999828338623,6.429999828338623,6.429999828338623,6.429999828338623,875.0
2024-09-05 09:41:00+00:00,OPEN,1.9600000381469727,1.9600000381469727,1.9600000381469727,1.9500000476837158,1.9500000476837158,17468.0
2024-09-05 09:41:00+00:00,OPI,2.167799949645996,2.167799949645996,2.1700000762939453,2.167799949645996,2.1700000762939453,1119.0
2024-09-05 09:41:00+00:00,RDFN,9.760000228881836,9.760000228881836,9.760100364685059,9.71500015258789,9.71500015258789,10872.0
2024-09-05 09:41:00+00:00,REAX,5.800000190734863,5.800000190734863,5.800000190734863,5.800000190734863,5.800000190734863,6376.0
2024-09-05 09:41:00+00:00,REG,73.31999969482422,73.31999969482422,73.31999969482422,73.31999969482422,73.31999969482422,174.0
2024-09-05 09:41:00+00:00,ROIC,15.345000267028809,15.345000267028809,15.350000381469727,15.345000267028809,15.350000381469727,507.0
2024-09-05 09:41:00+00:00,SBRA,17.610000610351562,17.610000610351562,17.610000610351562,17.600000381469727,17.600000381469727,1145.0
2024-09-05 09:41:00+00:00,SVC,4.71999979019165,4.71999979019165,4.71999979019165,4.715000152587891,4.715000152587891,1429.0
2024-09-05 09:41:00+00:00,UK,1.3903000354766846,1.3903000354766846,1.3903000354766846,1.3902000188827515,1.3902000188827515,528.0
2024-09-05 09:41:00+00:00,UNIT,5.079999923706055,5.079999923706055,5.110000133514404,5.03000020980835,5.03000020980835,157806.0
2024-09-05 09:42:00+00:00,AFCG,10.319999694824219,10.319999694824219,10.319999694824219,10.305000305175781,10.305000305175781,1016.0
2024-09-05 09:42:00+00:00,AGNC,10.244999885559082,10.244999885559082,10.244999885559082,10.229999542236328,10.229999542236328,44179.0
2024-09-05 09:42:00+00:00,AGNCO,24.979999542236328,24.979999542236328,24.979999542236328,24.979999542236328,24.979999542236328,1200.0
2024-09-05 09:42:00+00:00,CSGP,77.0,77.0,77.0,77.0,77.0,531.0
2024-09-05 09:42:00+00:00,DHC,3.380000114440918,3.380000114440918,3.380000114440918,3.380000114440918,3.380000114440918,469.0
2024-09-05 09:42:00+00:00,EQIX,825.25,825.25,825.25,825.25,825.25,2472.0
2024-09-05 09:42:00+00:00,EXPI,11.819999694824219,11.819999694824219,11.84000015258789,11.8149995803833,11.8149995803833,716.0
2024-09-05 09:42:00+00:00,GLPI,52.275001525878906,52.275001525878906,52.275001525878906,52.25,52.25,1055.0
2024-09-05 09:42:00+00:00,GOOD,15.289899826049805,15.289899826049805,15.289899826049805,15.289899826049805,15.289899826049805,6000.0
2024-09-05 09:42:00+00:00,HST,16.934999465942383,16.934999465942383,16.940000534057617,16.924999237060547,16.924999237060547,6107.0
2024-09-05 09:42:00+00:00,ILPT,4.789999961853027,4.789999961853027,4.795000076293945,4.789999961853027,4.789999961853027,2021.0
2024-09-05 09:42:00+00:00,LAMR,126.80000305175781,126.80000305175781,126.80000305175781,125.66000366210938,126.02999877929688,2532.0
2024-09-05 09:42:00+00:00,LAND,13.635000228881836,13.635000228881836,13.635000228881836,13.635000228881836,13.635000228881836,119.0
2024-09-05 09:42:00+00:00,NMRK,14.354999542236328,14.354999542236328,14.380000114440918,14.329999923706055,14.329999923706055,1887.0
2024-09-05 09:42:00+00:00,NYMT,6.429999828338623,6.429999828338623,6.429999828338623,6.429999828338623,6.429999828338623,166.0
2024-09-05 09:42:00+00:00,OPEN,1.9600000381469727,1.9600000381469727,1.9688999652862549,1.9500000476837158,1.9599000215530396,59633.0
2024-09-05 09:42:00+00:00,OPI,2.1649999618530273,2.1649999618530273,2.1649999618530273,2.1649999618530273,2.1649999618530273,210.0
2024-09-05 09:42:00+00:00,PECO,37.244998931884766,37.244998931884766,37.244998931884766,37.23500061035156,37.23500061035156,259.0
2024-09-05 09:42:00+00:00,RDFN,9.699999809265137,9.699999809265137,9.699999809265137,9.6899995803833,9.6899995803833,40423.0
2024-09-05 09:42:00+00:00,REG,73.31999969482422,73.31999969482422,73.31999969482422,73.31999969482422,73.31999969482422,3598.0
2024-09-05 09:42:00+00:00,ROIC,15.350000381469727,15.350000381469727,15.380000114440918,15.34000015258789,15.350000381469727,4036.0
2024-09-05 09:42:00+00:00,SBAC,235.24000549316406,235.24000549316406,235.24000549316406,235.24000549316406,235.24000549316406,266.0
2024-09-05 09:42:00+00:00,SBRA,17.6299991607666,17.6299991607666,17.6299991607666,17.604999542236328,17.610000610351562,3522.0
2024-09-05 09:42:00+00:00,SOHON,18.594999313354492,18.594999313354492,18.594999313354492,18.469999313354492,18.469999313354492,0.0
2024-09-05 09:42:00+00:00,UNIT,5.059999942779541,5.059999942779541,5.090000152587891,5.050099849700928,5.0782999992370605,11827.0
2024-09-05 09:43:00+00:00,AFCG,10.329999923706055,10.329999923706055,10.329999923706055,10.329999923706055,10.329999923706055,2433.0
2024-09-05 09:43:00+00:00,AGNC,10.234999656677246,10.234999656677246,10.244999885559082,10.234999656677246,10.240099906921387,58116.0
2024-09-05 09:43:00+00:00,AGNCO,24.979999542236328,24.979999542236328,24.979999542236328,24.9778995513916,24.979999542236328,900.0
2024-09-05 09:43:00+00:00,CSGP,76.9749984741211,76.9749984741211,76.9749984741211,76.9749984741211,76.9749984741211,358.0
2024-09-05 09:43:00+00:00,EXPI,11.770000457763672,11.770000457763672,11.789999961853027,11.770000457763672,11.789999961853027,502.0
2024-09-05 09:43:00+00:00,GLPI,52.310001373291016,52.310001373291016,52.310001373291016,52.290000915527344,52.290000915527344,661.0
2024-09-05 09:43:00+00:00,GOOD,15.279999732971191,15.279999732971191,15.300000190734863,15.279999732971191,15.300000190734863,0.0
2024-09-05 09:43:00+00:00,HST,16.920000076293945,16.920000076293945,16.93000030517578,16.920000076293945,16.93000030517578,3149.0
2024-09-05 09:43:00+00:00,ILPT,4.795000076293945,4.795000076293945,4.795000076293945,4.795000076293945,4.795000076293945,704.0
2024-09-05 09:43:00+00:00,NMRK,14.350000381469727,14.350000381469727,14.350000381469727,14.34000015258789,14.34000015258789,1142.0
2024-09-05 09:43:00+00:00,OPEN,1.9643000364303589,1.9643000364303589,1.9800000190734863,1.9500000476837158,1.9600000381469727,306392.0
2024-09-05 09:43:00+00:00,OPI,2.1700000762939453,2.1700000762939453,2.1700000762939453,2.1700000762939453,2.1700000762939453,1952.0
2024-09-05 09:43:00+00:00,RDFN,9.666600227355957,9.666600227355957,9.710200309753418,9.666600227355957,9.710000038146973,13978.0
2024-09-05 09:43:00+00:00,REAX,5.804999828338623,5.804999828338623,5.804999828338623,5.800000190734863,5.804999828338623,610.0
2024-09-05 09:43:00+00:00,REG,73.30000305175781,73.30000305175781,73.31999969482422,73.2699966430664,73.31999969482422,1024.0
2024-09-05 09:43:00+00:00,SBAC,235.2310028076172,235.2310028076172,235.2310028076172,235.0,235.0,1268.0
2024-09-05 09:43:00+00:00,SBRA,17.6200008392334,17.6200008392334,17.649999618530273,17.6200008392334,17.6200008392334,7606.0
2024-09-05 09:43:00+00:00,SVC,4.71999979019165,4.71999979019165,4.71999979019165,4.71999979019165,4.71999979019165,452.0
2024-09-05 09:43:00+00:00,UNIT,5.0553998947143555,5.0553998947143555,5.059999942779541,5.050000190734863,5.059999942779541,23716.0
2024-09-05 09:44:00+00:00,AFCG,10.3149995803833,10.3149995803833,10.3149995803833,10.3100004196167,10.3100004196167,360.0
2024-09-05 09:44:00+00:00,AGNC,10.234999656677246,10.234999656677246,10.239999771118164,10.229999542236328,10.239999771118164,9769.0
2024-09-05 09:44:00+00:00,AGNCO,24.973499298095703,24.973499298095703,24.979999542236328,24.973499298095703,24.979999542236328,3725.0
2024-09-05 09:44:00+00:00,CSGP,77.0999984741211,77.0999984741211,77.0999984741211,77.08000183105469,77.08000183105469,591.0
2024-09-05 09:44:00+00:00,DHC,3.369999885559082,3.369999885559082,3.369999885559082,3.369999885559082,3.369999885559082,175.0
2024-09-05 09:44:00+00:00,GLPI,52.2599983215332,52.2599983215332,52.29499816894531,52.2599983215332,52.290000915527344,1622.0
2024-09-05 09:44:00+00:00,HST,16.889999389648438,16.889999389648438,16.90999984741211,16.889999389648438,16.90999984741211,2401.0
2024-09-05 09:44:00+00:00,ILPT,4.775000095367432,4.775000095367432,4.78000020980835,4.775000095367432,4.78000020980835,765.0
2024-09-05 09:44:00+00:00,LAND,13.619999885559082,13.619999885559082,13.619999885559082,13.619999885559082,13.619999885559082,583.0
2024-09-05 09:44:00+00:00,LSEA,11.524999618530273,11.524999618530273,11.524999618530273,11.524999618530273,11.524999618530273,561.0
2024-09-05 09:44:00+00:00,NMRK,14.350000381469727,14.350000381469727,14.369999885559082,14.350000381469727,14.359999656677246,4165.0
2024-09-05 09:44:00+00:00,NYMT,6.410399913787842,6.410399913787842,6.410399913787842,6.410399913787842,6.410399913787842,602.0
2024-09-05 09:44:00+00:00,NYMTZ,19.420000076293945,19.420000076293945,19.420000076293945,19.420000076293945,19.420000076293945,0.0
2024-09-05 09:44:00+00:00,OPEN,1.9550000429153442,1.9550000429153442,1.9699000120162964,1.9550000429153442,1.965000033378601,49167.0
2024-09-05 09:44:00+00:00,RDFN,9.699999809265137,9.699999809265137,9.699999809265137,9.64900016784668,9.670000076293945,29033.0
2024-09-05 09:44:00+00:00,REG,73.33000183105469,73.33000183105469,73.36000061035156,73.33000183105469,73.36000061035156,789.0
2024-09-05 09:44:00+00:00,ROIC,15.329999923706055,15.329999923706055,15.354999542236328,15.329999923706055,15.354999542236328,973.0
2024-09-05 09:44:00+00:00,SBRA,17.59000015258789,17.59000015258789,17.6200008392334,17.59000015258789,17.6200008392334,2803.0
2024-09-05 09:44:00+00:00,SQFTW,0.028999999165534973,0.028999999165534973,0.028999999165534973,0.028999999165534973,0.028999999165534973,0.0
2024-09-05 09:44:00+00:00,STRS,25.0,25.0,25.0,24.770000457763672,25.0,0.0
2024-09-05 09:44:00+00:00,SVC,4.699999809265137,4.699999809265137,4.710000038146973,4.699999809265137,4.710000038146973,1831.0
2024-09-05 09:44:00+00:00,UNIT,5.050000190734863,5.050000190734863,5.058800220489502,5.045000076293945,5.054999828338623,10043.0
2024-09-05 09:45:00+00:00,AFCG,10.329999923706055,10.329999923706055,10.329999923706055,10.316200256347656,10.316200256347656,1340.0
2024-09-05 09:45:00+00:00,AGNC,10.225000381469727,10.225000381469727,10.234999656677246,10.210000038146973,10.234999656677246,159483.0
2024-09-05 09:45:00+00:00,CIGI,140.66000366210938,140.66000366210938,140.66000366210938,140.66000366210938,140.66000366210938,642.0
2024-09-05 09:45:00+00:00,CSGP,77.27999877929688,77.27999877929688,77.27999877929688,77.27999877929688,77.27999877929688,354.0
2024-09-05 09:45:00+00:00,DHC,3.365000009536743,3.365000009536743,3.365000009536743,3.365000009536743,3.365000009536743,953.0
2024-09-05 09:45:00+00:00,EXPI,11.770099639892578,11.770099639892578,11.829999923706055,11.770000457763672,11.789999961853027,4054.0
2024-09-05 09:45:00+00:00,GLPI,52.25,52.25,52.25,52.25,52.25,10725.0
2024-09-05 09:45:00+00:00,GOOD,15.3100004196167,15.3100004196167,15.3100004196167,15.279999732971191,15.279999732971191,1599.0
2024-09-05 09:45:00+00:00,HST,16.90999984741211,16.90999984741211,16.90999984741211,16.885000228881836,16.899999618530273,5228.0
2024-09-05 09:45:00+00:00,LAMR,126.28710174560547,126.28710174560547,126.28710174560547,126.28710174560547,126.28710174560547,1885.0
2024-09-05 09:45:00+00:00,NMRK,14.359999656677246,14.359999656677246,14.380000114440918,14.359999656677246,14.359999656677246,1603.0
2024-09-05 09:45:00+00:00,NYMT,6.400000095367432,6.400000095367432,6.409999847412109,6.400000095367432,6.409999847412109,3273.0
2024-09-05 09:45:00+00:00,OPEN,1.9550000429153442,1.9550000429153442,1.9700000286102295,1.9550000429153442,1.9550000429153442,80529.0
2024-09-05 09:45:00+00:00,RDFN,9.720000267028809,9.720000267028809,9.760000228881836,9.699999809265137,9.699999809265137,8435.0
2024-09-05 09:45:00+00:00,REAX,5.820000171661377,5.820000171661377,5.820000171661377,5.809999942779541,5.820000171661377,646.0
2024-09-05 09:45:00+00:00,REG,73.30500030517578,73.30500030517578,73.30500030517578,73.26000213623047,73.26000213623047,890.0
2024-09-05 09:45:00+00:00,SBAC,235.25999450683594,235.25999450683594,235.25999450683594,235.24000549316406,235.24000549316406,601.0
2024-09-05 09:45:00+00:00,SBRA,17.59000015258789,17.59000015258789,17.59000015258789,17.59000015258789,17.59000015258789,266.0
2024-09-05 09:45:00+00:00,SEVN,13.670000076293945,13.670000076293945,13.670000076293945,13.627900123596191,13.627900123596191,3763.0
2024-09-05 09:45:00+00:00,UNIT,5.089900016784668,5.089900016784668,5.09499979019165,5.045000076293945,5.054999828338623,39382.0
2024-09-05 09:45:00+00:00,WHLR,1.559999942779541,1.559999942779541,1.6200000047683716,1.409999966621399,1.5099999904632568,117776.0
2024-09-05 09:46:00+00:00,AFCG,10.335000038146973,10.335000038146973,10.35990047454834,10.335000038146973,10.35990047454834,796.0
2024-09-05 09:46:00+00:00,AGNC,10.204999923706055,10.204999923706055,10.220199584960938,10.204999923706055,10.220199584960938,35475.0
2024-09-05 09:46:00+00:00,BPYPO,13.579999923706055,13.579999923706055,13.579999923706055,13.5,13.5,0.0
2024-09-05 09:46:00+00:00,CSGP,76.93000030517578,76.93000030517578,76.93000030517578,76.93000030517578,76.93000030517578,3930.0
2024-09-05 09:46:00+00:00,DHC,3.359999895095825,3.359999895095825,3.359999895095825,3.3512001037597656,3.359999895095825,5163.0
2024-09-05 09:46:00+00:00,EQIX,823.5399780273438,823.5399780273438,823.739990234375,823.5399780273438,823.739990234375,1362.0
2024-09-05 09:46:00+00:00,EXPI,11.720000267028809,11.720000267028809,11.78499984741211,11.720000267028809,11.78499984741211,1381.0
2024-09-05 09:46:00+00:00,GLPI,52.125,52.125,52.27000045776367,52.125,52.25,3391.0
2024-09-05 09:46:00+00:00,GOOD,15.289999961853027,15.289999961853027,15.289999961853027,15.289600372314453,15.289600372314453,260.0
2024-09-05 09:46:00+00:00,HST,16.8799991607666,16.8799991607666,16.90999984741211,16.870500564575195,16.90999984741211,11645.0
2024-09-05 09:46:00+00:00,ILPT,4.769999980926514,4.769999980926514,4.769999980926514,4.769999980926514,4.769999980926514,670.0
2024-09-05 09:46:00+00:00,NMRK,14.300000190734863,14.300000190734863,14.350000381469727,14.300000190734863,14.350000381469727,3603.0
2024-09-05 09:46:00+00:00,NYMT,6.389999866485596,6.389999866485596,6.389999866485596,6.389999866485596,6.389999866485596,1277.0
2024-09-05 09:46:00+00:00,OPEN,1.9550000429153442,1.9550000429153442,1.9600000381469727,1.9500000476837158,1.9550000429153442,20639.0
2024-09-05 09:46:00+00:00,PCH,43.040000915527344,43.040000915527344,43.040000915527344,42.9900016784668,43.0,2824.0
2024-09-05 09:46:00+00:00,PECO,37.185001373291016,37.185001373291016,37.20000076293945,37.185001373291016,37.20000076293945,476.0
2024-09-05 09:46:00+00:00,RDFN,9.699899673461914,9.699899673461914,9.738200187683105,9.699899673461914,9.738200187683105,26734.0
2024-09-05 09:46:00+00:00,REAX,5.820000171661377,5.820000171661377,5.820000171661377,5.820000171661377,5.820000171661377,806.0
2024-09-05 09:46:00+00:00,ROIC,15.335000038146973,15.335000038146973,15.335000038146973,15.335000038146973,15.335000038146973,221.0
2024-09-05 09:46:00+00:00,SBAC,234.86500549316406,234.86500549316406,235.36000061035156,234.86500549316406,235.36000061035156,2057.0
2024-09-05 09:46:00+00:00,SBRA,17.549999237060547,17.549999237060547,17.579999923706055,17.549999237060547,17.579999923706055,3907.0
2024-09-05 09:46:00+00:00,UNIT,5.079999923706055,5.079999923706055,5.09499979019165,5.070000171661377,5.079999923706055,44322.0
2024-09-05 09:46:00+00:00,WHLR,1.5199999809265137,1.5199999809265137,1.5199999809265137,1.5199999809265137,1.5199999809265137,171539.0
2024-09-05 09:47:00+00:00,AGNC,10.204999923706055,10.204999923706055,10.20989990234375,10.199999809265137,10.204999923706055,6854.0
2024-09-05 09:47:00+00:00,BPYPO,13.579999923706055,13.579999923706055,13.579999923706055,13.5,13.5,561.0
2024-09-05 09:47:00+00:00,CHCI,7.679699897766113,7.679699897766113,7.679699897766113,7.587800025939941,7.670000076293945,630.0
2024-09-05 09:47:00+00:00,CSGP,76.88500213623047,76.88500213623047,76.88500213623047,76.88500213623047,76.88500213623047,783.0
2024-09-05 09:47:00+00:00,EXPI,11.739999771118164,11.739999771118164,11.739999771118164,11.739999771118164,11.739999771118164,327.0
2024-09-05 09:47:00+00:00,GLPI,52.125,52.125,52.130001068115234,52.11000061035156,52.130001068115234,1698.0
2024-09-05 09:47:00+00:00,GOODN,22.99970054626465,22.99970054626465,22.99970054626465,22.989999771118164,22.989999771118164,0.0
2024-09-05 09:47:00+00:00,HST,16.854999542236328,16.854999542236328,16.882099151611328,16.854999542236328,16.8700008392334,6150.0
2024-09-05 09:47:00+00:00,ILPT,4.784999847412109,4.784999847412109,4.784999847412109,4.784999847412109,4.784999847412109,417.0
2024-09-05 09:47:00+00:00,LAND,13.640000343322754,13.640000343322754,13.640000343322754,13.640000343322754,13.640000343322754,175.0
2024-09-05 09:47:00+00:00,NMRK,14.300000190734863,14.300000190734863,14.3100004196167,14.289999961853027,14.3100004196167,14678.0
2024-09-05 09:47:00+00:00,OPEN,1.9550000429153442,1.9550000429153442,1.9600000381469727,1.9500000476837158,1.9550000429153442,19838.0
2024-09-05 09:47:00+00:00,OPI,2.15939998626709,2.15939998626709,2.15939998626709,2.1500000953674316,2.1500000953674316,2011.0
2024-09-05 09:47:00+00:00,PCH,43.167301177978516,43.167301177978516,43.167301177978516,43.167301177978516,43.167301177978516,217.0
2024-09-05 09:47:00+00:00,PECO,37.16999816894531,37.16999816894531,37.16999816894531,37.16999816894531,37.16999816894531,117.0
2024-09-05 09:47:00+00:00,RDFN,9.65999984741211,9.65999984741211,9.710000038146973,9.649999618530273,9.6899995803833,8166.0
2024-09-05 09:47:00+00:00,REG,73.20500183105469,73.20500183105469,73.20500183105469,73.20500183105469,73.20500183105469,274.0
2024-09-05 09:47:00+00:00,SBAC,235.02000427246094,235.02000427246094,235.02000427246094,235.02000427246094,235.02000427246094,1757.0
2024-09-05 09:47:00+00:00,SBRA,17.540000915527344,17.540000915527344,17.559999465942383,17.53700065612793,17.549999237060547,1297.0
2024-09-05 09:47:00+00:00,SEVN,13.555000305175781,13.555000305175781,13.609999656677246,13.521400451660156,13.609999656677246,1874.0
2024-09-05 09:47:00+00:00,SVC,4.684800148010254,4.684800148010254,4.684800148010254,4.684800148010254,4.684800148010254,1068.0
2024-09-05 09:47:00+00:00,UNIT,5.079500198364258,5.079500198364258,5.085000038146973,5.070000171661377,5.081200122833252,5019.0
2024-09-05 09:47:00+00:00,WHLR,1.5199999809265137,1.5199999809265137,1.5799000263214111,1.440999984741211,1.5399999618530273,106424.0
2024-09-05 09:48:00+00:00,AGNC,10.194999694824219,10.194999694824219,10.200200080871582,10.1899995803833,10.200200080871582,44865.0
2024-09-05 09:48:00+00:00,BPYPO,13.5556001663208,13.5556001663208,13.600000381469727,13.5,13.5,3029.0
2024-09-05 09:48:00+00:00,CHCI,7.679800033569336,7.679800033569336,7.679800033569336,7.679800033569336,7.679800033569336,400.0
2024-09-05 09:48:00+00:00,EXPI,11.720000267028809,11.720000267028809,11.720000267028809,11.720000267028809,11.720000267028809,189.0
2024-09-05 09:48:00+00:00,FTHM,2.6549999713897705,2.6549999713897705,2.6549999713897705,2.6549999713897705,2.6549999713897705,0.0
2024-09-05 09:48:00+00:00,GLPI,52.125,52.125,52.125,52.125,52.125,903.0
2024-09-05 09:48:00+00:00,GOOD,15.28600025177002,15.28600025177002,15.28600025177002,15.28600025177002,15.28600025177002,290.0
2024-09-05 09:48:00+00:00,HST,16.844999313354492,16.844999313354492,16.850000381469727,16.84000015258789,16.850000381469727,4599.0
2024-09-05 09:48:00+00:00,LAMR,125.77989959716797,125.77989959716797,125.77989959716797,125.77989959716797,125.77989959716797,123.0
2024-09-05 09:48:00+00:00,LAND,13.640000343322754,13.640000343322754,13.640000343322754,13.640000343322754,13.640000343322754,206.0
2024-09-05 09:48:00+00:00,LSEA,11.479999542236328,11.479999542236328,11.479999542236328,11.479999542236328,11.479999542236328,414.0
2024-09-05 09:48:00+00:00,NMRK,14.260000228881836,14.260000228881836,14.279999732971191,14.260000228881836,14.279999732971191,1522.0
2024-09-05 09:48:00+00:00,OPEN,1.9493000507354736,1.9493000507354736,1.9550000429153442,1.9450000524520874,1.9550000429153442,60964.0
2024-09-05 09:48:00+00:00,PCH,43.040000915527344,43.040000915527344,43.099998474121094,43.040000915527344,43.08000183105469,1942.0
2024-09-05 09:48:00+00:00,RDFN,9.569999694824219,9.569999694824219,9.65999984741211,9.550000190734863,9.656100273132324,97074.0
2024-09-05 09:48:00+00:00,SBRA,17.520000457763672,17.520000457763672,17.544700622558594,17.520000457763672,17.544700622558594,1072.0
2024-09-05 09:48:00+00:00,SEVN,13.5,13.5,13.5,13.5,13.5,4718.0
2024-09-05 09:48:00+00:00,UNIT,5.059999942779541,5.059999942779541,5.079500198364258,5.059999942779541,5.070000171661377,6056.0
2024-09-05 09:48:00+00:00,WHLR,1.7200000286102295,1.7200000286102295,1.75,1.5198999643325806,1.5199999809265137,308278.0
2024-09-05 09:49:00+00:00,AFCG,10.329999923706055,10.329999923706055,10.329999923706055,10.329999923706055,10.329999923706055,275.0
2024-09-05 09:49:00+00:00,AGNC,10.210000038146973,10.210000038146973,10.21500015258789,10.1899995803833,10.194999694824219,87228.0
2024-09-05 09:49:00+00:00,BPYPO,13.600000381469727,13.600000381469727,13.600000381469727,13.5,13.5,2263.0
2024-09-05 09:49:00+00:00,CHCI,7.679800033569336,7.679800033569336,7.679800033569336,7.679699897766113,7.679699897766113,201.0
2024-09-05 09:49:00+00:00,CSGP,76.8499984741211,76.8499984741211,76.8499984741211,76.8499984741211,76.8499984741211,446.0
2024-09-05 09:49:00+00:00,DUO,0.3799999952316284,0.3799999952316284,0.3799999952316284,0.3799999952316284,0.3799999952316284,0.0
2024-09-05 09:49:00+00:00,GLPI,52.150001525878906,52.150001525878906,52.150001525878906,52.150001525878906,52.150001525878906,3524.0
2024-09-05 09:49:00+00:00,HST,16.850000381469727,16.850000381469727,16.860000610351562,16.84000015258789,16.84000015258789,9227.0
2024-09-05 09:49:00+00:00,LANDM,24.353599548339844,24.353599548339844,24.353599548339844,24.353599548339844,24.353599548339844,959.0
2024-09-05 09:49:00+00:00,LANDO,21.489999771118164,21.489999771118164,21.489999771118164,21.489999771118164,21.489999771118164,411.0
2024-09-05 09:49:00+00:00,NMRK,14.265000343322754,14.265000343322754,14.265000343322754,14.260000228881836,14.265000343322754,1568.0
2024-09-05 09:49:00+00:00,NYMTZ,19.450000762939453,19.450000762939453,19.570199966430664,19.450000762939453,19.570199966430664,1700.0
2024-09-05 09:49:00+00:00,OPEN,1.940000057220459,1.940000057220459,1.9450000524520874,1.940000057220459,1.9450000524520874,7769.0
2024-09-05 09:49:00+00:00,OPI,2.1549999713897705,2.1549999713897705,2.1549999713897705,2.1549999713897705,2.1549999713897705,160.0
2024-09-05 09:49:00+00:00,PECO,37.16999816894531,37.16999816894531,37.16999816894531,37.16999816894531,37.16999816894531,478.0
2024-09-05 09:49:00+00:00,RDFN,9.587499618530273,9.587499618530273,9.587599754333496,9.569999694824219,9.569999694824219,22817.0
2024-09-05 09:49:00+00:00,REG,73.23999786376953,73.23999786376953,73.23999786376953,73.23999786376953,73.23999786376953,800.0
2024-09-05 09:49:00+00:00,ROIC,15.335000038146973,15.335000038146973,15.335000038146973,15.319999694824219,15.335000038146973,400.0
2024-09-05 09:49:00+00:00,SBAC,235.4550018310547,235.4550018310547,235.81500244140625,235.22000122070312,235.3300018310547,2776.0
2024-09-05 09:49:00+00:00,SBRA,17.489999771118164,17.489999771118164,17.520099639892578,17.489999771118164,17.520000457763672,2202.0
2024-09-05 09:49:00+00:00,UNIT,5.050000190734863,5.050000190734863,5.079899787902832,5.03000020980835,5.065000057220459,24918.0
2024-09-05 09:49:00+00:00,WHLR,1.9800000190734863,1.9800000190734863,1.9800000190734863,1.9800000190734863,1.9800000190734863,494596.0
2024-09-05 09:50:00+00:00,AGNC,10.204999923706055,10.204999923706055,10.21500015258789,10.204999923706055,10.21500015258789,46501.0
2024-09-05 09:50:00+00:00,AGNCO,24.979999542236328,24.979999542236328,24.979999542236328,24.979999542236328,24.979999542236328,916.0
2024-09-05 09:50:00+00:00,CSGP,76.91500091552734,76.91500091552734,76.91500091552734,76.91500091552734,76.91500091552734,382.0
2024-09-05 09:50:00+00:00,DUO,0.3828999996185303,0.3828999996185303,0.3828999996185303,0.3828999996185303,0.3828999996185303,546.0
2024-09-05 09:50:00+00:00,EQIX,821.7449951171875,821.7449951171875,821.7449951171875,821.5700073242188,821.5700073242188,1388.0
2024-09-05 09:50:00+00:00,GOOD,15.289999961853027,15.289999961853027,15.289999961853027,15.289999961853027,15.289999961853027,268.0
2024-09-05 09:50:00+00:00,HST,16.844999313354492,16.844999313354492,16.854999542236328,16.844999313354492,16.854999542236328,4064.0
2024-09-05 09:50:00+00:00,ILPT,4.784999847412109,4.784999847412109,4.784999847412109,4.784999847412109,4.784999847412109,224.0
2024-09-05 09:50:00+00:00,LAMR,125.86499786376953,125.86499786376953,125.86499786376953,125.86499786376953,125.86499786376953,1464.0
2024-09-05 09:50:00+00:00,LAND,13.630000114440918,13.630000114440918,13.645000457763672,13.630000114440918,13.645000457763672,389.0
2024-09-05 09:50:00+00:00,NMRK,14.244999885559082,14.244999885559082,14.255000114440918,14.244999885559082,14.255000114440918,940.0
2024-09-05 09:50:00+00:00,OPEN,1.934999942779541,1.934999942779541,1.9500000476837158,1.9299999475479126,1.9450000524520874,53100.0
2024-09-05 09:50:00+00:00,RDFN,9.5600004196167,9.5600004196167,9.59000015258789,9.53499984741211,9.589900016784668,21205.0
2024-09-05 09:50:00+00:00,REAX,5.789999961853027,5.789999961853027,5.789999961853027,5.771999835968018,5.784999847412109,3338.0
2024-09-05 09:50:00+00:00,REG,73.2699966430664,73.2699966430664,73.2699966430664,73.25,73.25,909.0
2024-09-05 09:50:00+00:00,ROIC,15.34000015258789,15.34000015258789,15.34000015258789,15.335000038146973,15.335000038146973,17591.0
2024-09-05 09:50:00+00:00,SBRA,17.5049991607666,17.5049991607666,17.5049991607666,17.5,17.5,1484.0
2024-09-05 09:50:00+00:00,SVC,4.659999847412109,4.659999847412109,4.670000076293945,4.659999847412109,4.670000076293945,1184.0
2024-09-05 09:50:00+00:00,UK,1.3899999856948853,1.3899999856948853,1.3899999856948853,1.3899999856948853,1.3899999856948853,0.0
2024-09-05 09:50:00+00:00,UNIT,5.110000133514404,5.110000133514404,5.110000133514404,5.050000190734863,5.050000190734863,185918.0
2024-09-05 09:50:00+00:00,WHLR,1.9800000190734863,1.9800000190734863,1.9800000190734863,1.9800000190734863,1.9800000190734863,3454.0
2024-09-05 09:51:00+00:00,AGNC,10.210000038146973,10.210000038146973,10.21500015258789,10.204999923706055,10.204999923706055,21052.0
2024-09-05 09:51:00+00:00,BPYPN,12.889800071716309,12.889800071716309,12.889800071716309,12.889800071716309,12.889800071716309,0.0
2024-09-05 09:51:00+00:00,EQIX,820.1199951171875,820.1199951171875,821.9299926757812,820.1199951171875,821.9299926757812,5461.0
2024-09-05 09:51:00+00:00,GLPI,52.18000030517578,52.18000030517578,52.18000030517578,52.18000030517578,52.18000030517578,166.0
2024-09-05 09:51:00+00:00,HST,16.844999313354492,16.844999313354492,16.844999313354492,16.84000015258789,16.84000015258789,2091.0
2024-09-05 09:51:00+00:00,ILPT,4.769999980926514,4.769999980926514,4.769999980926514,4.769999980926514,4.769999980926514,449.0
2024-09-05 09:51:00+00:00,NMRK,14.260000228881836,14.260000228881836,14.260000228881836,14.244999885559082,14.244999885559082,1656.0
2024-09-05 09:51:00+00:00,NYMT,6.38100004196167,6.38100004196167,6.38100004196167,6.369999885559082,6.369999885559082,5018.0
2024-09-05 09:51:00+00:00,OPEN,1.9299999475479126,1.9299999475479126,1.940000057220459,1.9299999475479126,1.934999942779541,61495.0
2024-09-05 09:51:00+00:00,RDFN,9.569899559020996,9.569899559020996,9.579999923706055,9.53499984741211,9.569999694824219,44889.0
2024-09-05 09:51:00+00:00,REG,73.25499725341797,73.25499725341797,73.25499725341797,73.25499725341797,73.25499725341797,4177.0
2024-09-05 09:51:00+00:00,ROIC,15.333000183105469,15.333000183105469,15.350000381469727,15.333000183105469,15.350000381469727,1336.0
2024-09-05 09:51:00+00:00,SBAC,235.86000061035156,235.86000061035156,235.86000061035156,235.86000061035156,235.86000061035156,412.0
2024-09-05 09:51:00+00:00,SBRA,17.510000228881836,17.510000228881836,17.510000228881836,17.510000228881836,17.510000228881836,683.0
2024-09-05 09:51:00+00:00,UK,1.399999976158142,1.399999976158142,1.399999976158142,1.399999976158142,1.399999976158142,100.0
2024-09-05 09:51:00+00:00,UNIT,5.099999904632568,5.099999904632568,5.110000133514404,5.099999904632568,5.110000133514404,29955.0
2024-09-05 09:52:00+00:00,AFCG,10.305000305175781,10.305000305175781,10.3100004196167,10.300000190734863,10.3100004196167,642.0
2024-09-05 09:52:00+00:00,AGNC,10.21500015258789,10.21500015258789,10.21500015258789,10.21030044555664,10.21500015258789,2971.0
2024-09-05 09:52:00+00:00,ASPS,1.0850000381469727,1.0850000381469727,1.0850000381469727,1.0850000381469727,1.0850000381469727,248.0
2024-09-05 09:52:00+00:00,CSGP,76.93180084228516,76.93180084228516,76.93180084228516,76.93180084228516,76.93180084228516,462.0
2024-09-05 09:52:00+00:00,DHC,3.365000009536743,3.365000009536743,3.365000009536743,3.365000009536743,3.365000009536743,129.0
2024-09-05 09:52:00+00:00,EQIX,820.1199951171875,820.1199951171875,820.1199951171875,820.1199951171875,820.1199951171875,1115.0
2024-09-05 09:52:00+00:00,EXPI,11.710000038146973,11.710000038146973,11.710000038146973,11.710000038146973,11.710000038146973,485.0
2024-09-05 09:52:00+00:00,FSV,179.69500732421875,179.69500732421875,179.69500732421875,179.69500732421875,179.69500732421875,381.0
2024-09-05 09:52:00+00:00,GLPI,52.16999816894531,52.16999816894531,52.16999816894531,52.16999816894531,52.16999816894531,750.0
2024-09-05 09:52:00+00:00,HST,16.829999923706055,16.829999923706055,16.84000015258789,16.825000762939453,16.84000015258789,9694.0
2024-09-05 09:52:00+00:00,NMRK,14.260000228881836,14.260000228881836,14.260000228881836,14.260000228881836,14.260000228881836,1487.0
2024-09-05 09:52:00+00:00,OPEN,1.934999942779541,1.934999942779541,1.940000057220459,1.9299999475479126,1.9399000406265259,70131.0
2024-09-05 09:52:00+00:00,RDFN,9.649999618530273,9.649999618530273,9.649999618530273,9.5600004196167,9.5600004196167,21298.0
2024-09-05 09:52:00+00:00,ROIC,15.345000267028809,15.345000267028809,15.345000267028809,15.34000015258789,15.345000267028809,578.0
2024-09-05 09:52:00+00:00,SBAC,235.8699951171875,235.8699951171875,235.875,235.64999389648438,235.875,3436.0
2024-09-05 09:52:00+00:00,SBRA,17.510000228881836,17.510000228881836,17.520000457763672,17.510000228881836,17.514999389648438,2603.0
2024-09-05 09:52:00+00:00,UNIT,5.110000133514404,5.110000133514404,5.110000133514404,5.090000152587891,5.090000152587891,9983.0
2024-09-05 09:53:00+00:00,AFCG,10.3100004196167,10.3100004196167,10.3100004196167,10.3100004196167,10.3100004196167,301.0
2024-09-05 09:53:00+00:00,AGNC,10.212300300598145,10.212300300598145,10.21500015258789,10.211400032043457,10.21500015258789,1321.0
2024-09-05 09:53:00+00:00,CSGP,76.93000030517578,76.93000030517578,76.93000030517578,76.93000030517578,76.93000030517578,420.0
2024-09-05 09:53:00+00:00,EXPI,11.739999771118164,11.739999771118164,11.739999771118164,11.739999771118164,11.739999771118164,1662.0
2024-09-05 09:53:00+00:00,GIPR,2.2899999618530273,2.2899999618530273,2.2899999618530273,2.2899999618530273,2.2899999618530273,352.0
2024-09-05 09:53:00+00:00,GLPI,52.22999954223633,52.22999954223633,52.25,52.224998474121094,52.22999954223633,8433.0
2024-09-05 09:53:00+00:00,GOOD,15.3149995803833,15.3149995803833,15.319999694824219,15.290300369262695,15.290300369262695,10913.0
2024-09-05 09:53:00+00:00,HST,16.844999313354492,16.844999313354492,16.850000381469727,16.834999084472656,16.834999084472656,3038.0
2024-09-05 09:53:00+00:00,LAMR,125.5999984741211,125.5999984741211,125.86499786376953,125.5999984741211,125.86499786376953,980.0
2024-09-05 09:53:00+00:00,LAND,13.619999885559082,13.619999885559082,13.619999885559082,13.619999885559082,13.619999885559082,543.0
2024-09-05 09:53:00+00:00,NMRK,14.270000457763672,14.270000457763672,14.28499984741211,14.260000228881836,14.270000457763672,5202.0
2024-09-05 09:53:00+00:00,OPEN,1.934999942779541,1.934999942779541,1.940000057220459,1.9299999475479126,1.9312000274658203,41236.0
2024-09-05 09:53:00+00:00,OPI,2.1549999713897705,2.1549999713897705,2.1600000858306885,2.1549999713897705,2.1549999713897705,551.0
2024-09-05 09:53:00+00:00,PECO,37.220001220703125,37.220001220703125,37.220001220703125,37.220001220703125,37.220001220703125,310.0
2024-09-05 09:53:00+00:00,RDFN,9.725000381469727,9.725000381469727,9.729999542236328,9.649999618530273,9.649999618530273,55954.0
2024-09-05 09:53:00+00:00,REAX,5.797299861907959,5.797299861907959,5.797299861907959,5.797299861907959,5.797299861907959,874.0
2024-09-05 09:53:00+00:00,REG,73.2750015258789,73.2750015258789,73.29499816894531,73.25,73.29000091552734,13176.0
2024-09-05 09:53:00+00:00,ROIC,15.329999923706055,15.329999923706055,15.34000015258789,15.329999923706055,15.34000015258789,809.0
2024-09-05 09:53:00+00:00,SBRA,17.559999465942383,17.559999465942383,17.559999465942383,17.520000457763672,17.520000457763672,2342.0
2024-09-05 09:53:00+00:00,UNIT,5.114999771118164,5.114999771118164,5.119999885559082,5.099999904632568,5.105000019073486,45153.0
2024-09-05 09:54:00+00:00,AGNC,10.21500015258789,10.21500015258789,10.215999603271484,10.21500015258789,10.21500015258789,9453.0
2024-09-05 09:54:00+00:00,BPYPP,14.890000343322754,14.890000343322754,14.890000343322754,14.880000114440918,14.880000114440918,0.0
2024-09-05 09:54:00+00:00,GLPI,52.26499938964844,52.26499938964844,52.26499938964844,52.26499938964844,52.26499938964844,1125.0
2024-09-05 09:54:00+00:00,GOOD,15.329999923706055,15.329999923706055,15.329999923706055,15.329999923706055,15.329999923706055,4.0
2024-09-05 09:54:00+00:00,HST,16.829999923706055,16.829999923706055,16.84000015258789,16.829999923706055,16.84000015258789,5854.0
2024-09-05 09:54:00+00:00,NMRK,14.260000228881836,14.260000228881836,14.260000228881836,14.260000228881836,14.260000228881836,426.0
2024-09-05 09:54:00+00:00,NYMT,6.375,6.375,6.375,6.375,6.375,308.0
2024-09-05 09:54:00+00:00,NYMTZ,19.43000030517578,19.43000030517578,19.43000030517578,19.43000030517578,19.43000030517578,0.0
2024-09-05 09:54:00+00:00,OPEN,1.9550000429153442,1.9550000429153442,1.9600000381469727,1.9375,1.9375,106156.0
2024-09-05 09:54:00+00:00,OPI,2.1549999713897705,2.1549999713897705,2.1549999713897705,2.1549999713897705,2.1549999713897705,72.0
2024-09-05 09:54:00+00:00,PCH,43.34000015258789,43.34000015258789,43.34000015258789,43.2400016784668,43.2400016784668,463.0
2024-09-05 09:54:00+00:00,PECO,37.220001220703125,37.220001220703125,37.220001220703125,37.220001220703125,37.220001220703125,226.0
2024-09-05 09:54:00+00:00,RDFN,9.723799705505371,9.723799705505371,9.739999771118164,9.699999809265137,9.725000381469727,45934.0
2024-09-05 09:54:00+00:00,REG,73.30999755859375,73.30999755859375,73.30999755859375,73.27999877929688,73.30879974365234,7889.0
2024-09-05 09:54:00+00:00,ROIC,15.335000038146973,15.335000038146973,15.350000381469727,15.329999923706055,15.350000381469727,3800.0
2024-09-05 09:54:00+00:00,SQFT,0.699999988079071,0.699999988079071,0.699999988079071,0.699999988079071,0.699999988079071,1987.0
2024-09-05 09:54:00+00:00,UNIT,5.15500020980835,5.15500020980835,5.159999847412109,5.119900226593018,5.119900226593018,23535.0
2024-09-05 09:55:00+00:00,AFCG,10.305000305175781,10.305000305175781,10.305000305175781,10.305000305175781,10.305000305175781,230.0
2024-09-05 09:55:00+00:00,AGNC,10.21500015258789,10.21500015258789,10.219900131225586,10.21500015258789,10.21500015258789,36187.0
2024-09-05 09:55:00+00:00,ASPS,1.100000023841858,1.100000023841858,1.100000023841858,1.100000023841858,1.100000023841858,116.0
2024-09-05 09:55:00+00:00,EQIX,823.4849853515625,823.4849853515625,823.8200073242188,820.9299926757812,820.9949951171875,5125.0
2024-09-05 09:55:00+00:00,FSV,179.9499969482422,179.9499969482422,179.9499969482422,179.92999267578125,179.92999267578125,535.0
2024-09-05 09:55:00+00:00,GLPI,52.28030014038086,52.28030014038086,52.28030014038086,52.28030014038086,52.28030014038086,5556.0
2024-09-05 09:55:00+00:00,GOOD,15.319999694824219,15.319999694824219,15.329999923706055,15.319999694824219,15.329999923706055,305.0
2024-09-05 09:55:00+00:00,HST,16.84000015258789,16.84000015258789,16.84000015258789,16.84000015258789,16.84000015258789,5400.0
2024-09-05 09:55:00+00:00,LAND,13.630000114440918,13.630000114440918,13.630000114440918,13.630000114440918,13.630000114440918,121.0
2024-09-05 09:55:00+00:00,NMRK,14.244999885559082,14.244999885559082,14.270000457763672,14.244999885559082,14.270000457763672,2468.0
2024-09-05 09:55:00+00:00,NYMT,6.380000114440918,6.380000114440918,6.380000114440918,6.380000114440918,6.380000114440918,234.0
2024-09-05 09:55:00+00:00,OPEN,1.9681999683380127,1.9681999683380127,1.9699000120162964,1.9550000429153442,1.9569000005722046,78495.0
2024-09-05 09:55:00+00:00,PECO,37.247501373291016,37.247501373291016,37.25,37.22999954223633,37.25,1164.0
2024-09-05 09:55:00+00:00,RDFN,9.734999656677246,9.734999656677246,9.739999771118164,9.699999809265137,9.729999542236328,28092.0
2024-09-05 09:55:00+00:00,REG,73.36000061035156,73.36000061035156,73.36000061035156,73.31999969482422,73.31999969482422,1177.0
2024-09-05 09:55:00+00:00,ROIC,15.364999771118164,15.364999771118164,15.369999885559082,15.335000038146973,15.335000038146973,2497.0
2024-09-05 09:55:00+00:00,SBAC,236.47000122070312,236.47000122070312,236.47000122070312,236.47000122070312,236.47000122070312,1847.0
2024-09-05 09:55:00+00:00,SBRA,17.559999465942383,17.559999465942383,17.56999969482422,17.549999237060547,17.549999237060547,1814.0
2024-09-05 09:55:00+00:00,UNIT,5.149899959564209,5.149899959564209,5.15500020980835,5.114999771118164,5.15500020980835,21917.0
2024-09-05 09:55:00+00:00,WHLR,1.7100000381469727,1.7100000381469727,1.7285000085830688,1.6950000524520874,1.7172000408172607,545953.0
2024-09-05 09:56:00+00:00,AFCG,10.34000015258789,10.34000015258789,10.34000015258789,10.3100004196167,10.3100004196167,5937.0
2024-09-05 09:56:00+00:00,AGNC,10.21500015258789,10.21500015258789,10.225000381469727,10.210000038146973,10.21500015258789,51676.0
2024-09-05 09:56:00+00:00,BPYPN,12.890000343322754,12.890000343322754,12.890000343322754,12.890000343322754,12.890000343322754,425.0
2024-09-05 09:56:00+00:00,BPYPO,13.5649995803833,13.5649995803833,13.5649995803833,13.5649995803833,13.5649995803833,0.0
2024-09-05 09:56:00+00:00,CSGP,77.08000183105469,77.08000183105469,77.08000183105469,77.01499938964844,77.01499938964844,1069.0
2024-09-05 09:56:00+00:00,EQIX,821.8150024414062,821.8150024414062,821.8150024414062,821.8150024414062,821.8150024414062,828.0
2024-09-05 09:56:00+00:00,GLPI,52.2599983215332,52.2599983215332,52.2599983215332,52.2599983215332,52.2599983215332,400.0
2024-09-05 09:56:00+00:00,GOOD,15.310099601745605,15.310099601745605,15.310099601745605,15.310099601745605,15.310099601745605,432.0
2024-09-05 09:56:00+00:00,HST,16.854999542236328,16.854999542236328,16.854999542236328,16.84000015258789,16.84000015258789,22380.0
2024-09-05 09:56:00+00:00,NMRK,14.239999771118164,14.239999771118164,14.25,14.239999771118164,14.25,1938.0
2024-09-05 09:56:00+00:00,NYMT,6.385000228881836,6.385000228881836,6.385000228881836,6.385000228881836,6.385000228881836,236.0
2024-09-05 09:56:00+00:00,OPEN,1.9700000286102295,1.9700000286102295,1.9700000286102295,1.9600000381469727,1.9600000381469727,52224.0
2024-09-05 09:56:00+00:00,PCH,43.22999954223633,43.22999954223633,43.290000915527344,43.22999954223633,43.290000915527344,545.0
2024-09-05 09:56:00+00:00,PECO,37.27000045776367,37.27000045776367,37.275001525878906,37.27000045776367,37.275001525878906,447.0
2024-09-05 09:56:00+00:00,RDFN,9.809700012207031,9.809700012207031,9.8100004196167,9.739999771118164,9.739999771118164,48856.0
2024-09-05 09:56:00+00:00,REG,73.45999908447266,73.45999908447266,73.45999908447266,73.45999908447266,73.45999908447266,308.0
2024-09-05 09:56:00+00:00,ROIC,15.364999771118164,15.364999771118164,15.369999885559082,15.352999687194824,15.352999687194824,3189.0
2024-09-05 09:56:00+00:00,SBRA,17.56999969482422,17.56999969482422,17.56999969482422,17.559999465942383,17.559999465942383,1650.0
2024-09-05 09:56:00+00:00,SVC,4.670000076293945,4.670000076293945,4.670000076293945,4.670000076293945,4.670000076293945,2938.0
2024-09-05 09:56:00+00:00,UNIT,5.144999980926514,5.144999980926514,5.150000095367432,5.135000228881836,5.1407999992370605,61928.0
2024-09-05 09:56:00+00:00,WHLR,1.7300000190734863,1.7300000190734863,1.7599999904632568,1.659999966621399,1.7000000476837158,174090.0
2024-09-05 09:57:00+00:00,AFCG,10.34000015258789,10.34000015258789,10.34000015258789,10.329999923706055,10.329999923706055,741.0
2024-09-05 09:57:00+00:00,AGNC,10.21500015258789,10.21500015258789,10.21500015258789,10.210000038146973,10.210000038146973,4039.0
2024-09-05 09:57:00+00:00,EQIX,821.6799926757812,821.6799926757812,821.6799926757812,821.6799926757812,821.6799926757812,1193.0
2024-09-05 09:57:00+00:00,EXPI,11.770000457763672,11.770000457763672,11.80519962310791,11.770000457763672,11.80519962310791,1573.0
2024-09-05 09:57:00+00:00,GLPI,52.2400016784668,52.2400016784668,52.2400016784668,52.2400016784668,52.2400016784668,925.0
2024-09-05 09:57:00+00:00,HST,16.825000762939453,16.825000762939453,16.825000762939453,16.825000762939453,16.825000762939453,8308.0
2024-09-05 09:57:00+00:00,LAND,13.640000343322754,13.640000343322754,13.640000343322754,13.640000343322754,13.640000343322754,1119.0
2024-09-05 09:57:00+00:00,NMRK,14.194999694824219,14.194999694824219,14.239999771118164,14.194999694824219,14.239999771118164,1987.0
2024-09-05 09:57:00+00:00,NYMT,6.385000228881836,6.385000228881836,6.385000228881836,6.385000228881836,6.385000228881836,760.0
2024-09-05 09:57:00+00:00,OPEN,1.965000033378601,1.965000033378601,1.9700000286102295,1.9600000381469727,1.9697999954223633,44291.0
2024-09-05 09:57:00+00:00,PCH,43.20000076293945,43.20000076293945,43.27000045776367,43.189998626708984,43.27000045776367,1935.0
2024-09-05 09:57:00+00:00,PECO,37.244998931884766,37.244998931884766,37.244998931884766,37.2400016784668,37.2400016784668,438.0
2024-09-05 09:57:00+00:00,RDFN,9.800000190734863,9.800000190734863,9.84000015258789,9.795000076293945,9.80519962310791,35831.0
2024-09-05 09:57:00+00:00,REG,73.44499969482422,73.44499969482422,73.44499969482422,73.37000274658203,73.41999816894531,1714.0
2024-09-05 09:57:00+00:00,ROIC,15.359999656677246,15.359999656677246,15.364999771118164,15.359999656677246,15.364999771118164,2538.0
2024-09-05 09:57:00+00:00,SBAC,236.5800018310547,236.5800018310547,236.5800018310547,236.5800018310547,236.5800018310547,3953.0
2024-09-05 09:57:00+00:00,SBRA,17.566699981689453,17.566699981689453,17.566699981689453,17.565000534057617,17.565000534057617,645.0
2024-09-05 09:57:00+00:00,UNIT,5.135000228881836,5.135000228881836,5.159999847412109,5.117000102996826,5.144999980926514,41167.0
2024-09-05 09:57:00+00:00,WHLR,2.130000114440918,2.130000114440918,2.130000114440918,2.130000114440918,2.130000114440918,471766.0
2024-09-05 09:58:00+00:00,AFCG,10.329999923706055,10.329999923706055,10.329999923706055,10.329999923706055,10.329999923706055,1019.0
2024-09-05 09:58:00+00:00,AGNC,10.217700004577637,10.217700004577637,10.217700004577637,10.217700004577637,10.217700004577637,500.0
2024-09-05 09:58:00+00:00,BPYPP,14.850000381469727,14.850000381469727,14.850000381469727,14.850000381469727,14.850000381469727,477.0
2024-09-05 09:58:00+00:00,CSGP,77.05500030517578,77.05500030517578,77.05500030517578,77.03919982910156,77.03919982910156,722.0
2024-09-05 09:58:00+00:00,EQIX,824.25,824.25,824.25,821.8599853515625,821.8599853515625,5489.0
2024-09-05 09:58:00+00:00,EXPI,11.77400016784668,11.77400016784668,11.77400016784668,11.77400016784668,11.77400016784668,568.0
2024-09-05 09:58:00+00:00,GOOD,15.329999923706055,15.329999923706055,15.329999923706055,15.329999923706055,15.329999923706055,245.0
2024-09-05 09:58:00+00:00,HST,16.84000015258789,16.84000015258789,16.84000015258789,16.824800491333008,16.829999923706055,7023.0
2024-09-05 09:58:00+00:00,LAMR,126.2698974609375,126.2698974609375,126.2698974609375,126.2698974609375,126.2698974609375,1320.0
2024-09-05 09:58:00+00:00,NMRK,14.229999542236328,14.229999542236328,14.229999542236328,14.199999809265137,14.199999809265137,1127.0
2024-09-05 09:58:00+00:00,OPEN,1.965000033378601,1.965000033378601,1.9699000120162964,1.9600000381469727,1.9699000120162964,19232.0
2024-09-05 09:58:00+00:00,OPI,2.1549999713897705,2.1549999713897705,2.1549999713897705,2.1549999713897705,2.1549999713897705,1014.0
2024-09-05 09:58:00+00:00,RDFN,9.770099639892578,9.770099639892578,9.805000305175781,9.770000457763672,9.805000305175781,35864.0
2024-09-05 09:58:00+00:00,REFI,15.84000015258789,15.84000015258789,15.84000015258789,15.84000015258789,15.84000015258789,142.0
2024-09-05 09:58:00+00:00,UNIT,5.139999866485596,5.139999866485596,5.164999961853027,5.135000228881836,5.139999866485596,30534.0
2024-09-05 09:58:00+00:00,WHLR,2.130000114440918,2.130000114440918,2.130000114440918,2.130000114440918,2.130000114440918,28625.0
2024-09-05 09:59:00+00:00,AGNC,10.21500015258789,10.21500015258789,10.220000267028809,10.211999893188477,10.220000267028809,7856.0
2024-09-05 09:59:00+00:00,CSGP,77.02999877929688,77.02999877929688,77.0999984741211,77.02999877929688,77.0999984741211,485.0
2024-09-05 09:59:00+00:00,DHC,3.359999895095825,3.359999895095825,3.359999895095825,3.359999895095825,3.359999895095825,8269.0
2024-09-05 09:59:00+00:00,EQIX,824.25,824.25,824.25,824.25,824.25,733.0
2024-09-05 09:59:00+00:00,GLPI,52.185001373291016,52.185001373291016,52.209999084472656,52.15999984741211,52.209999084472656,4162.0
2024-09-05 09:59:00+00:00,GOOD,15.34000015258789,15.34000015258789,15.34000015258789,15.34000015258789,15.34000015258789,134.0
2024-09-05 09:59:00+00:00,HST,16.850000381469727,16.850000381469727,16.850000381469727,16.84000015258789,16.84000015258789,2163.0
2024-09-05 09:59:00+00:00,LOAN,5.219699859619141,5.219699859619141,5.219699859619141,5.219699859619141,5.219699859619141,418.0
2024-09-05 09:59:00+00:00,NMRK,14.25,14.25,14.25,14.229999542236328,14.229999542236328,1492.0
2024-09-05 09:59:00+00:00,OPEN,1.9500000476837158,1.9500000476837158,1.965000033378601,1.9500000476837158,1.965000033378601,74928.0
2024-09-05 09:59:00+00:00,OPI,2.1600000858306885,2.1600000858306885,2.1600000858306885,2.1600000858306885,2.1600000858306885,352.0
2024-09-05 09:59:00+00:00,RDFN,9.779999732971191,9.779999732971191,9.78320026397705,9.770000457763672,9.779999732971191,14228.0
2024-09-05 09:59:00+00:00,REAX,5.822999954223633,5.822999954223633,5.829999923706055,5.822999954223633,5.829999923706055,1281.0
2024-09-05 09:59:00+00:00,SBRA,17.56999969482422,17.56999969482422,17.6200008392334,17.56999969482422,17.579999923706055,10160.0
2024-09-05 09:59:00+00:00,SEVN,13.604999542236328,13.604999542236328,13.604999542236328,13.604999542236328,13.604999542236328,635.0
2024-09-05 09:59:00+00:00,SVC,4.670000076293945,4.670000076293945,4.670000076293945,4.670000076293945,4.670000076293945,323.0
2024-09-05 09:59:00+00:00,UNIT,5.119999885559082,5.119999885559082,5.119999885559082,5.100100040435791,5.119999885559082,10287.0
2024-09-05 10:00:00+00:00,AGNC,10.225000381469727,10.225000381469727,10.229999542236328,10.21500015258789,10.21500015258789,38393.0
2024-09-05 10:00:00+00:00,AGNCM,25.229999542236328,25.229999542236328,25.229999542236328,25.229999542236328,25.229999542236328,129.0
2024-09-05 10:00:00+00:00,CSGP,77.20500183105469,77.20500183105469,77.20500183105469,77.08000183105469,77.08000183105469,3485.0
2024-09-05 10:00:00+00:00,DHC,3.380000114440918,3.380000114440918,3.380000114440918,3.374500036239624,3.374500036239624,372.0
2024-09-05 10:00:00+00:00,EQIX,823.22998046875,823.22998046875,824.2050170898438,823.1799926757812,824.2050170898438,940.0
2024-09-05 10:00:00+00:00,FTHM,2.5999999046325684,2.5999999046325684,2.700000047683716,2.5999999046325684,2.6549999713897705,2250.0
2024-09-05 10:00:00+00:00,GOOD,15.354999542236328,15.354999542236328,15.354999542236328,15.354999542236328,15.354999542236328,335.0
2024-09-05 10:00:00+00:00,HST,16.8799991607666,16.8799991607666,16.8799991607666,16.844999313354492,16.844999313354492,14782.0
2024-09-05 10:00:00+00:00,ILPT,4.744999885559082,4.744999885559082,4.744999885559082,4.744999885559082,4.744999885559082,245.0
2024-09-05 10:00:00+00:00,LAMR,126.24500274658203,126.24500274658203,126.24500274658203,126.08000183105469,126.2300033569336,579.0
2024-09-05 10:00:00+00:00,LAND,13.630000114440918,13.630000114440918,13.630000114440918,13.630000114440918,13.630000114440918,200.0
2024-09-05 10:00:00+00:00,MDJH,1.0299999713897705,1.0299999713897705,1.0299999713897705,1.0299999713897705,1.0299999713897705,0.0
2024-09-05 10:00:00+00:00,NMRK,14.289999961853027,14.289999961853027,14.289999961853027,14.25,14.25,4745.0
2024-09-05 10:00:00+00:00,NYMT,6.389999866485596,6.389999866485596,6.389999866485596,6.389999866485596,6.389999866485596,329.0
2024-09-05 10:00:00+00:00,OPEN,1.975000023841858,1.975000023841858,1.9800000190734863,1.9600000381469727,1.9600000381469727,89825.0
2024-09-05 10:00:00+00:00,PCH,43.279998779296875,43.279998779296875,43.279998779296875,43.279998779296875,43.279998779296875,763.0
2024-09-05 10:00:00+00:00,PECO,37.290000915527344,37.290000915527344,37.29999923706055,37.244998931884766,37.244998931884766,1019.0
2024-09-05 10:00:00+00:00,RDFN,9.895000457763672,9.895000457763672,9.899999618530273,9.779999732971191,9.789999961853027,50807.0
2024-09-05 10:00:00+00:00,REAX,5.880000114440918,5.880000114440918,5.880000114440918,5.860000133514404,5.860000133514404,1632.0
2024-09-05 10:00:00+00:00,REG,73.38999938964844,73.38999938964844,73.43000030517578,73.38999938964844,73.43000030517578,752.0
2024-09-05 10:00:00+00:00,ROIC,15.369999885559082,15.369999885559082,15.369999885559082,15.340999603271484,15.345000267028809,6687.0
2024-09-05 10:00:00+00:00,SBAC,236.6649932861328,236.6649932861328,236.6649932861328,236.6649932861328,236.6649932861328,1787.0
2024-09-05 10:00:00+00:00,SBRA,17.610000610351562,17.610000610351562,17.610000610351562,17.579999923706055,17.579999923706055,3901.0
2024-09-05 10:00:00+00:00,SVC,4.679999828338623,4.679999828338623,4.679999828338623,4.670100212097168,4.674300193786621,6282.0
2024-09-05 10:00:00+00:00,UNIT,5.164999961853027,5.164999961853027,5.164999961853027,5.15500020980835,5.15500020980835,76596.0
2024-09-05 10:01:00+00:00,AFCG,10.385000228881836,10.385000228881836,10.385000228881836,10.385000228881836,10.385000228881836,262.0
2024-09-05 10:01:00+00:00,AGNC,10.234999656677246,10.234999656677246,10.234999656677246,10.220100402832031,10.229999542236328,41180.0
2024-09-05 10:01:00+00:00,CSGP,77.30999755859375,77.30999755859375,77.30999755859375,77.25,77.25,2613.0
2024-09-05 10:01:00+00:00,DHC,3.390000104904175,3.390000104904175,3.390000104904175,3.390000104904175,3.390000104904175,1093.0
2024-09-05 10:01:00+00:00,EXPI,11.84000015258789,11.84000015258789,11.84000015258789,11.8100004196167,11.819999694824219,1683.0
2024-09-05 10:01:00+00:00,GLPI,52.20000076293945,52.20000076293945,52.25,52.15999984741211,52.25,11589.0
2024-09-05 10:01:00+00:00,GOOD,15.380000114440918,15.380000114440918,15.380000114440918,15.375,15.375,2801.0
2024-09-05 10:01:00+00:00,HST,16.905000686645508,16.905000686645508,16.905000686645508,16.8799991607666,16.8799991607666,16988.0
2024-09-05 10:01:00+00:00,LAMR,126.24500274658203,126.24500274658203,126.24500274658203,126.24500274658203,126.24500274658203,389.0
2024-09-05 10:01:00+00:00,LAND,13.630000114440918,13.630000114440918,13.630000114440918,13.630000114440918,13.630000114440918,935.0
2024-09-05 10:01:00+00:00,LSEA,11.524999618530273,11.524999618530273,11.524999618530273,11.510000228881836,11.510000228881836,1748.0
2024-09-05 10:01:00+00:00,NMRK,14.350000381469727,14.350000381469727,14.369999885559082,14.319999694824219,14.319999694824219,7217.0
2024-09-05 10:01:00+00:00,NYMT,6.414999961853027,6.414999961853027,6.414999961853027,6.414999961853027,6.414999961853027,1127.0
2024-09-05 10:01:00+00:00,OPEN,1.9901000261306763,1.9901000261306763,2.0,1.975000023841858,1.975000023841858,178508.0
2024-09-05 10:01:00+00:00,OPI,2.1600000858306885,2.1600000858306885,2.1600000858306885,2.1600000858306885,2.1600000858306885,1962.0
2024-09-05 10:01:00+00:00,PECO,37.279998779296875,37.279998779296875,37.279998779296875,37.279998779296875,37.279998779296875,372.0
2024-09-05 10:01:00+00:00,RDFN,9.9350004196167,9.9350004196167,9.9350004196167,9.875,9.90999984741211,78704.0
2024-09-05 10:01:00+00:00,REAX,5.869999885559082,5.869999885559082,5.88100004196167,5.849999904632568,5.88100004196167,7340.0
2024-09-05 10:01:00+00:00,REG,73.33499908447266,73.33499908447266,73.33499908447266,73.33499908447266,73.33499908447266,2245.0
2024-09-05 10:01:00+00:00,ROIC,15.354999542236328,15.354999542236328,15.385000228881836,15.350000381469727,15.369999885559082,7209.0
2024-09-05 10:01:00+00:00,SBAC,236.3000030517578,236.3000030517578,236.5399932861328,236.1999969482422,236.5399932861328,3388.0
2024-09-05 10:01:00+00:00,SBRA,17.575000762939453,17.575000762939453,17.604999542236328,17.575000762939453,17.600000381469727,5333.0
2024-09-05 10:01:00+00:00,SVC,4.682600021362305,4.682600021362305,4.690000057220459,4.682600021362305,4.684999942779541,4075.0
2024-09-05 10:01:00+00:00,UNIT,5.148900032043457,5.148900032043457,5.159999847412109,5.148900032043457,5.15500020980835,3318.0
2024-09-05 10:02:00+00:00,AGNC,10.234999656677246,10.234999656677246,10.239999771118164,10.233499526977539,10.234999656677246,11004.0
2024-09-05 10:02:00+00:00,AGNCM,25.219999313354492,25.219999313354492,25.219999313354492,25.219999313354492,25.219999313354492,296.0
2024-09-05 10:02:00+00:00,CSGP,77.44999694824219,77.44999694824219,77.44999694824219,77.32499694824219,77.32499694824219,1875.0
2024-09-05 10:02:00+00:00,EQIX,823.2100219726562,823.2100219726562,823.2100219726562,823.2100219726562,823.2100219726562,762.0
2024-09-05 10:02:00+00:00,EXPI,11.840299606323242,11.840299606323242,11.840299606323242,11.840299606323242,11.840299606323242,141.0
2024-09-05 10:02:00+00:00,GLPI,52.22999954223633,52.22999954223633,52.22999954223633,52.18000030517578,52.20000076293945,5308.0
2024-09-05 10:02:00+00:00,GOOD,15.390000343322754,15.390000343322754,15.390000343322754,15.390000343322754,15.390000343322754,183.0
2024-09-05 10:02:00+00:00,HST,16.924999237060547,16.924999237060547,16.93000030517578,16.905000686645508,16.90999984741211,7108.0
2024-09-05 10:02:00+00:00,LAMR,126.29000091552734,126.29000091552734,126.36000061035156,126.29000091552734,126.36000061035156,1248.0
2024-09-05 10:02:00+00:00,NMRK,14.369999885559082,14.369999885559082,14.369999885559082,14.369999885559082,14.369999885559082,4328.0
2024-09-05 10:02:00+00:00,OPEN,1.9993000030517578,1.9993000030517578,2.0,1.9900000095367432,1.999899983406067,98288.0
2024-09-05 10:02:00+00:00,OPI,2.1649999618530273,2.1649999618530273,2.1649999618530273,2.1649999618530273,2.1649999618530273,1884.0
2024-09-05 10:02:00+00:00,PECO,37.31999969482422,37.31999969482422,37.31999969482422,37.310001373291016,37.310001373291016,769.0
2024-09-05 10:02:00+00:00,RDFN,10.0,10.0,10.020000457763672,9.9350004196167,9.9350004196167,64108.0
2024-09-05 10:02:00+00:00,REAX,5.880000114440918,5.880000114440918,5.881499767303467,5.880000114440918,5.881499767303467,660.0
2024-09-05 10:02:00+00:00,ROIC,15.380000114440918,15.380000114440918,15.380000114440918,15.359999656677246,15.359999656677246,751.0
2024-09-05 10:02:00+00:00,SBAC,236.1750030517578,236.1750030517578,236.1750030517578,236.1750030517578,236.1750030517578,281.0
2024-09-05 10:02:00+00:00,SBRA,17.56999969482422,17.56999969482422,17.56999969482422,17.56999969482422,17.56999969482422,1753.0
2024-09-05 10:02:00+00:00,SVC,4.684999942779541,4.684999942779541,4.690000057220459,4.684999942779541,4.690000057220459,1296.0
2024-09-05 10:02:00+00:00,UNIT,5.15500020980835,5.15500020980835,5.15500020980835,5.110499858856201,5.150000095367432,25822.0
2024-09-05 10:03:00+00:00,AFCG,10.399999618530273,10.399999618530273,10.399999618530273,10.390000343322754,10.390000343322754,2263.0
2024-09-05 10:03:00+00:00,AGNC,10.25,10.25,10.25,10.234999656677246,10.234999656677246,31174.0
2024-09-05 10:03:00+00:00,AGNCP,24.25,24.25,24.25,24.25,24.25,121.0
2024-09-05 10:03:00+00:00,CSGP,77.28500366210938,77.28500366210938,77.4000015258789,77.22000122070312,77.4000015258789,4521.0
2024-09-05 10:03:00+00:00,DHC,3.3949999809265137,3.3949999809265137,3.3949999809265137,3.3949999809265137,3.3949999809265137,200.0
2024-09-05 10:03:00+00:00,DUO,0.3840000033378601,0.3840000033378601,0.3840000033378601,0.3828999996185303,0.3828999996185303,1359.0
2024-09-05 10:03:00+00:00,EQIX,823.5050048828125,823.5050048828125,823.5050048828125,823.5050048828125,823.5050048828125,374.0
2024-09-05 10:03:00+00:00,EXPI,11.869999885559082,11.869999885559082,11.869999885559082,11.850000381469727,11.869999885559082,672.0
2024-09-05 10:03:00+00:00,FSV,180.75999450683594,180.75999450683594,180.75999450683594,180.75999450683594,180.75999450683594,549.0
2024-09-05 10:03:00+00:00,GLPI,52.20000076293945,52.20000076293945,52.209999084472656,52.18000030517578,52.209999084472656,3098.0
2024-09-05 10:03:00+00:00,GOOD,15.3996000289917,15.3996000289917,15.3996000289917,15.380000114440918,15.385000228881836,1433.0
2024-09-05 10:03:00+00:00,GOODN,22.940000534057617,22.940000534057617,22.999900817871094,22.940000534057617,22.971500396728516,606.0
2024-09-05 10:03:00+00:00,HST,16.93000030517578,16.93000030517578,16.93000030517578,16.920000076293945,16.924999237060547,9006.0
2024-09-05 10:03:00+00:00,ILPT,4.78000020980835,4.78000020980835,4.78000020980835,4.78000020980835,4.78000020980835,358.0
2024-09-05 10:03:00+00:00,NMRK,14.399999618530273,14.399999618530273,14.400099754333496,14.369999885559082,14.369999885559082,2119.0
2024-09-05 10:03:00+00:00,NYMT,6.425000190734863,6.425000190734863,6.425000190734863,6.425000190734863,6.425000190734863,502.0
2024-09-05 10:03:00+00:00,OPEN,2.005000114440918,2.005000114440918,2.009999990463257,1.9900000095367432,1.9926999807357788,109388.0
2024-09-05 10:03:00+00:00,OPI,2.1675000190734863,2.1675000190734863,2.1675000190734863,2.1675000190734863,2.1675000190734863,589.0
2024-09-05 10:03:00+00:00,PECO,37.36000061035156,37.36000061035156,37.36000061035156,37.36000061035156,37.36000061035156,234.0
2024-09-05 10:03:00+00:00,RDFN,10.0600004196167,10.0600004196167,10.0600004196167,10.0,10.0,72354.0
2024-09-05 10:03:00+00:00,REAX,5.900000095367432,5.900000095367432,5.900000095367432,5.900000095367432,5.900000095367432,446.0
2024-09-05 10:03:00+00:00,REFI,15.89900016784668,15.89900016784668,15.89900016784668,15.89900016784668,15.89900016784668,588.0
2024-09-05 10:03:00+00:00,REG,73.47000122070312,73.47000122070312,73.47000122070312,73.37999725341797,73.37999725341797,4673.0
2024-09-05 10:03:00+00:00,ROIC,15.380000114440918,15.380000114440918,15.381999969482422,15.375,15.381999969482422,1492.0
2024-09-05 10:03:00+00:00,SBAC,236.05499267578125,236.05499267578125,236.05499267578125,236.05499267578125,236.05499267578125,1861.0
2024-09-05 10:03:00+00:00,SBRA,17.594999313354492,17.594999313354492,17.594999313354492,17.594999313354492,17.594999313354492,4420.0
2024-09-05 10:03:00+00:00,SVC,4.695000171661377,4.695000171661377,4.695000171661377,4.684999942779541,4.689499855041504,4709.0
2024-09-05 10:03:00+00:00,UNIT,5.15500020980835,5.15500020980835,5.159999847412109,5.152500152587891,5.15500020980835,2759.0
2024-09-05 10:03:00+00:00,WHLR,2.378999948501587,2.378999948501587,2.378999948501587,2.340100049972534,2.369999885559082,972086.0
2024-09-05 10:04:00+00:00,AGNC,10.244999885559082,10.244999885559082,10.244999885559082,10.240099906921387,10.244999885559082,6565.0
2024-09-05 10:04:00+00:00,CSGP,77.28500366210938,77.28500366210938,77.30130004882812,77.28500366210938,77.29000091552734,473.0
2024-09-05 10:04:00+00:00,DHC,3.3949999809265137,3.3949999809265137,3.3949999809265137,3.3949999809265137,3.3949999809265137,176.0
2024-09-05 10:04:00+00:00,EQIX,825.2100219726562,825.2100219726562,825.2100219726562,824.25,824.25,1049.0
2024-09-05 10:04:00+00:00,EXPI,11.869999885559082,11.869999885559082,11.869999885559082,11.869999885559082,11.869999885559082,686.0
2024-09-05 10:04:00+00:00,GLPI,52.15999984741211,52.15999984741211,52.15999984741211,52.15999984741211,52.15999984741211,571.0
2024-09-05 10:04:00+00:00,GOOD,15.390000343322754,15.390000343322754,15.390000343322754,15.390000343322754,15.390000343322754,459.0
2024-09-05 10:04:00+00:00,HST,16.920000076293945,16.920000076293945,16.93000030517578,16.920000076293945,16.93000030517578,4094.0
2024-09-05 10:04:00+00:00,HTIBP,15.670000076293945,15.670000076293945,15.670000076293945,15.670000076293945,15.670000076293945,0.0
2024-09-05 10:04:00+00:00,LAMR,126.4000015258789,126.4000015258789,126.4000015258789,126.4000015258789,126.4000015258789,575.0
2024-09-05 10:04:00+00:00,NMRK,14.40999984741211,14.40999984741211,14.420000076293945,14.40999984741211,14.40999984741211,2729.0
2024-09-05 10:04:00+00:00,NYMT,6.429999828338623,6.429999828338623,6.429999828338623,6.429999828338623,6.429999828338623,354.0
2024-09-05 10:04:00+00:00,OPEN,2.005000114440918,2.005000114440918,2.009999990463257,1.9950000047683716,2.005000114440918,211979.0
2024-09-05 10:04:00+00:00,PECO,37.40999984741211,37.40999984741211,37.40999984741211,37.400001525878906,37.400001525878906,4392.0
2024-09-05 10:04:00+00:00,RDFN,10.010000228881836,10.010000228881836,10.013999938964844,10.010000228881836,10.013999938964844,34415.0
2024-09-05 10:04:00+00:00,REAX,5.869999885559082,5.869999885559082,5.889999866485596,5.869999885559082,5.889999866485596,4264.0
2024-09-05 10:04:00+00:00,REFI,15.890000343322754,15.890000343322754,15.890000343322754,15.880000114440918,15.880000114440918,341.0
2024-09-05 10:04:00+00:00,REG,73.54499816894531,73.54499816894531,73.54499816894531,73.54499816894531,73.54499816894531,1115.0
2024-09-05 10:04:00+00:00,ROIC,15.390000343322754,15.390000343322754,15.390000343322754,15.385000228881836,15.385000228881836,1847.0
2024-09-05 10:04:00+00:00,SBRA,17.584999084472656,17.584999084472656,17.584999084472656,17.56999969482422,17.579999923706055,3836.0
2024-09-05 10:04:00+00:00,SVC,4.695000171661377,4.695000171661377,4.695000171661377,4.695000171661377,4.695000171661377,1578.0
2024-09-05 10:04:00+00:00,UNIT,5.1620001792907715,5.1620001792907715,5.1620001792907715,5.150000095367432,5.1504998207092285,81277.0
2024-09-05 10:04:00+00:00,WHLR,2.400099992752075,2.400099992752075,2.4184999465942383,2.400099992752075,2.4100000858306885,759881.0
2024-09-05 10:05:00+00:00,AGNC,10.234999656677246,10.234999656677246,10.25,10.234999656677246,10.244999885559082,59576.0
2024-09-05 10:05:00+00:00,BPYPO,13.5,13.5,13.5,13.5,13.5,319.0
2024-09-05 10:05:00+00:00,CIGI,141.375,141.375,141.375,141.375,141.375,686.0
2024-09-05 10:05:00+00:00,CSGP,77.30500030517578,77.30500030517578,77.30500030517578,77.25,77.25,608.0
2024-09-05 10:05:00+00:00,EQIX,824.6599731445312,824.6599731445312,824.6599731445312,824.6599731445312,824.6599731445312,549.0
2024-09-05 10:05:00+00:00,HST,16.93000030517578,16.93000030517578,16.93000030517578,16.90999984741211,16.90999984741211,12102.0
2024-09-05 10:05:00+00:00,NMRK,14.40999984741211,14.40999984741211,14.40999984741211,14.40999984741211,14.40999984741211,4367.0
2024-09-05 10:05:00+00:00,NYMTZ,19.3799991607666,19.3799991607666,19.3799991607666,19.3799991607666,19.3799991607666,648.0
2024-09-05 10:05:00+00:00,OPEN,2.0000998973846436,2.0000998973846436,2.009700059890747,2.0,2.0,71820.0
2024-09-05 10:05:00+00:00,PCH,43.22999954223633,43.22999954223633,43.22999954223633,43.22999954223633,43.22999954223633,431.0
2024-09-05 10:05:00+00:00,PECO,37.3849983215332,37.3849983215332,37.3849983215332,37.3849983215332,37.3849983215332,251.0
2024-09-05 10:05:00+00:00,RDFN,10.027600288391113,10.027600288391113,10.029999732971191,9.994999885559082,10.020000457763672,29391.0
2024-09-05 10:05:00+00:00,ROIC,15.395000457763672,15.395000457763672,15.395000457763672,15.381999969482422,15.390000343322754,1920.0
2024-09-05 10:05:00+00:00,SBAC,236.28500366210938,236.28500366210938,236.5,236.28500366210938,236.5,1445.0
2024-09-05 10:05:00+00:00,SBRA,17.584999084472656,17.584999084472656,17.584999084472656,17.584999084472656,17.584999084472656,613.0
2024-09-05 10:05:00+00:00,UNIT,5.179999828338623,5.179999828338623,5.179999828338623,5.159999847412109,5.170000076293945,9386.0
2024-09-05 10:05:00+00:00,WHLR,2.2899999618530273,2.2899999618530273,2.299999952316284,2.2899999618530273,2.299999952316284,560067.0
2024-09-05 10:06:00+00:00,AFCG,10.399999618530273,10.399999618530273,10.399999618530273,10.399999618530273,10.399999618530273,200.0
2024-09-05 10:06:00+00:00,AGNC,10.220000267028809,10.220000267028809,10.234999656677246,10.220000267028809,10.234999656677246,46889.0
2024-09-05 10:06:00+00:00,AGNCN,25.738000869750977,25.738000869750977,25.738000869750977,25.738000869750977,25.738000869750977,1170.0
2024-09-05 10:06:00+00:00,CSGP,77.375,77.375,77.375,77.375,77.375,1598.0
2024-09-05 10:06:00+00:00,EQIX,826.0499877929688,826.0499877929688,826.5900268554688,825.2100219726562,825.2100219726562,2301.0
2024-09-05 10:06:00+00:00,EXPI,11.862600326538086,11.862600326538086,11.864999771118164,11.862600326538086,11.864999771118164,2261.0
2024-09-05 10:06:00+00:00,GLPI,52.130001068115234,52.130001068115234,52.130001068115234,52.130001068115234,52.130001068115234,2269.0
2024-09-05 10:06:00+00:00,HST,16.934999465942383,16.934999465942383,16.934999465942383,16.924999237060547,16.924999237060547,6442.0
2024-09-05 10:06:00+00:00,ILPT,4.789999961853027,4.789999961853027,4.789999961853027,4.789999961853027,4.789999961853027,471.0
2024-09-05 10:06:00+00:00,NMRK,14.40999984741211,14.40999984741211,14.420000076293945,14.40999984741211,14.420000076293945,484.0
2024-09-05 10:06:00+00:00,OPEN,2.005000114440918,2.005000114440918,2.0099000930786133,2.0,2.005000114440918,39522.0
2024-09-05 10:06:00+00:00,PECO,37.3849983215332,37.3849983215332,37.3849983215332,37.3849983215332,37.3849983215332,240.0
2024-09-05 10:06:00+00:00,RDFN,10.024999618530273,10.024999618530273,10.029899597167969,9.994999885559082,10.023699760437012,39333.0
2024-09-05 10:06:00+00:00,REAX,5.860000133514404,5.860000133514404,5.860000133514404,5.860000133514404,5.860000133514404,1160.0
2024-09-05 10:06:00+00:00,REG,73.5199966430664,73.5199966430664,73.55000305175781,73.51000213623047,73.5199966430664,2056.0
2024-09-05 10:06:00+00:00,ROIC,15.40999984741211,15.40999984741211,15.40999984741211,15.40999984741211,15.40999984741211,2492.0
2024-09-05 10:06:00+00:00,SBAC,236.44000244140625,236.44000244140625,236.44000244140625,236.42999267578125,236.42999267578125,557.0
2024-09-05 10:06:00+00:00,SBRA,17.594999313354492,17.594999313354492,17.594999313354492,17.584999084472656,17.584999084472656,1058.0
2024-09-05 10:06:00+00:00,SVC,4.695000171661377,4.695000171661377,4.695000171661377,4.695000171661377,4.695000171661377,201.0
2024-09-05 10:06:00+00:00,UNIT,5.175000190734863,5.175000190734863,5.179999828338623,5.170599937438965,5.179999828338623,14279.0
2024-09-05 10:06:00+00:00,WHLR,2.1700000762939453,2.1700000762939453,2.390000104904175,2.134700059890747,2.2980000972747803,317562.0
2024-09-05 10:06:00+00:00,WHLRD,18.639999389648438,18.639999389648438,18.639999389648438,18.59000015258789,18.6200008392334,0.0
2024-09-05 10:07:00+00:00,AGNC,10.220199584960938,10.220199584960938,10.229900360107422,10.220000267028809,10.225000381469727,5012.0
2024-09-05 10:07:00+00:00,DHC,3.385200023651123,3.385200023651123,3.390000104904175,3.384999990463257,3.384999990463257,604.0
2024-09-05 10:07:00+00:00,DUO,0.3840000033378601,0.3840000033378601,0.3840000033378601,0.3840000033378601,0.3840000033378601,1865.0
2024-09-05 10:07:00+00:00,EQIX,826.1500244140625,826.1500244140625,826.6300048828125,826.0050048828125,826.6300048828125,1481.0
2024-09-05 10:07:00+00:00,FSV,180.33470153808594,180.33470153808594,180.33470153808594,180.14999389648438,180.14999389648438,877.0
2024-09-05 10:07:00+00:00,GLPI,52.150001525878906,52.150001525878906,52.15999984741211,52.13999938964844,52.150001525878906,1497.0
2024-09-05 10:07:00+00:00,GOOD,15.399999618530273,15.399999618530273,15.399999618530273,15.399999618530273,15.399999618530273,675.0
2024-09-05 10:07:00+00:00,HST,16.940000534057617,16.940000534057617,16.940000534057617,16.940000534057617,16.940000534057617,13114.0
2024-09-05 10:07:00+00:00,LSEA,11.600000381469727,11.600000381469727,11.609999656677246,11.59000015258789,11.609999656677246,1374.0
2024-09-05 10:07:00+00:00,NMRK,14.40999984741211,14.40999984741211,14.420000076293945,14.40999984741211,14.420000076293945,2562.0
2024-09-05 10:07:00+00:00,NYMT,6.429999828338623,6.429999828338623,6.429999828338623,6.429999828338623,6.429999828338623,369.0
2024-09-05 10:07:00+00:00,OPEN,2.0000998973846436,2.0000998973846436,2.009999990463257,2.0000998973846436,2.005000114440918,93926.0
2024-09-05 10:07:00+00:00,OPI,2.1649999618530273,2.1649999618530273,2.1649999618530273,2.1649999618530273,2.1649999618530273,1253.0
2024-09-05 10:07:00+00:00,PECO,37.415000915527344,37.415000915527344,37.415000915527344,37.415000915527344,37.415000915527344,251.0
2024-09-05 10:07:00+00:00,RDFN,9.970000267028809,9.970000267028809,10.024999618530273,9.96500015258789,10.024999618530273,53422.0
2024-09-05 10:07:00+00:00,REAX,5.849999904632568,5.849999904632568,5.860000133514404,5.849999904632568,5.860000133514404,371.0
2024-09-05 10:07:00+00:00,REG,73.68000030517578,73.68000030517578,73.68000030517578,73.63500213623047,73.63500213623047,780.0
2024-09-05 10:07:00+00:00,ROIC,15.414999961853027,15.414999961853027,15.414999961853027,15.404999732971191,15.40999984741211,1702.0
2024-09-05 10:07:00+00:00,SBAC,236.55999755859375,236.55999755859375,236.55999755859375,236.55999755859375,236.55999755859375,1271.0
2024-09-05 10:07:00+00:00,SBRA,17.600000381469727,17.600000381469727,17.600000381469727,17.594999313354492,17.600000381469727,1005.0
2024-09-05 10:07:00+00:00,SVC,4.699999809265137,4.699999809265137,4.704999923706055,4.699999809265137,4.699999809265137,4330.0
2024-09-05 10:07:00+00:00,UNIT,5.190000057220459,5.190000057220459,5.190000057220459,5.190000057220459,5.190000057220459,51821.0
2024-09-05 10:07:00+00:00,WHLR,2.309999942779541,2.309999942779541,2.4000000953674316,2.170099973678589,2.180000066757202,354789.0
2024-09-05 10:08:00+00:00,AFCG,10.399999618530273,10.399999618530273,10.399999618530273,10.399999618530273,10.399999618530273,105.0
2024-09-05 10:08:00+00:00,AGNC,10.225000381469727,10.225000381469727,10.225000381469727,10.220000267028809,10.220000267028809,4895.0
2024-09-05 10:08:00+00:00,DHC,3.390000104904175,3.390000104904175,3.390000104904175,3.384999990463257,3.384999990463257,416.0
2024-09-05 10:08:00+00:00,EQIX,826.2999877929688,826.2999877929688,826.2999877929688,826.2999877929688,826.2999877929688,291.0
2024-09-05 10:08:00+00:00,GLPI,52.130001068115234,52.130001068115234,52.13999938964844,52.119998931884766,52.13999938964844,1682.0
2024-09-05 10:08:00+00:00,HST,16.934999465942383,16.934999465942383,16.940000534057617,16.93000030517578,16.940000534057617,3598.0
2024-09-05 10:08:00+00:00,MDJH,1.0499999523162842,1.0499999523162842,1.059999942779541,1.0499999523162842,1.059999942779541,700.0
2024-09-05 10:08:00+00:00,NMRK,14.390000343322754,14.390000343322754,14.399999618530273,14.380000114440918,14.399999618530273,4837.0
2024-09-05 10:08:00+00:00,OPEN,2.003499984741211,2.003499984741211,2.009999990463257,2.003000020980835,2.005000114440918,46858.0
2024-09-05 10:08:00+00:00,RDFN,10.015000343322754,10.015000343322754,10.019700050354004,9.960000038146973,9.975000381469727,71056.0
2024-09-05 10:08:00+00:00,REAX,5.860000133514404,5.860000133514404,5.860000133514404,5.849999904632568,5.849999904632568,245.0
2024-09-05 10:08:00+00:00,ROIC,15.414999961853027,15.414999961853027,15.414999961853027,15.414999961853027,15.414999961853027,352.0
2024-09-05 10:08:00+00:00,SBAC,236.85000610351562,236.85000610351562,236.85000610351562,236.83999633789062,236.85000610351562,341.0
2024-09-05 10:08:00+00:00,SBRA,17.594999313354492,17.594999313354492,17.600000381469727,17.594999313354492,17.600000381469727,1673.0
2024-09-05 10:08:00+00:00,SEVN,13.645000457763672,13.645000457763672,13.645000457763672,13.645000457763672,13.645000457763672,177.0
2024-09-05 10:08:00+00:00,SVC,4.699999809265137,4.699999809265137,4.699999809265137,4.695000171661377,4.699999809265137,22866.0
2024-09-05 10:08:00+00:00,UNIT,5.175000190734863,5.175000190734863,5.190000057220459,5.175000190734863,5.189300060272217,28984.0
2024-09-05 10:08:00+00:00,WHLR,2.259999990463257,2.259999990463257,2.359999895095825,2.200000047683716,2.309999942779541,192647.0
2024-09-05 10:09:00+00:00,AFCG,10.399999618530273,10.399999618530273,10.401700019836426,10.399999618530273,10.401700019836426,2139.0
2024-09-05 10:09:00+00:00,AGNC,10.220999717712402,10.220999717712402,10.227999687194824,10.22029972076416,10.225000381469727,4054.0
2024-09-05 10:09:00+00:00,CSGP,77.4000015258789,77.4000015258789,77.4000015258789,77.38999938964844,77.3949966430664,2853.0
2024-09-05 10:09:00+00:00,DHC,3.3949999809265137,3.3949999809265137,3.3949999809265137,3.3949999809265137,3.3949999809265137,735.0
2024-09-05 10:09:00+00:00,EXPI,11.845000267028809,11.845000267028809,11.850000381469727,11.845000267028809,11.850000381469727,1158.0
2024-09-05 10:09:00+00:00,GIPR,2.319999933242798,2.319999933242798,2.319999933242798,2.319999933242798,2.319999933242798,212.0
2024-09-05 10:09:00+00:00,GLPI,52.11000061035156,52.11000061035156,52.119998931884766,52.11000061035156,52.119998931884766,2309.0
2024-09-05 10:09:00+00:00,GOOD,15.40999984741211,15.40999984741211,15.40999984741211,15.40999984741211,15.40999984741211,904.0
2024-09-05 10:09:00+00:00,HST,16.915000915527344,16.915000915527344,16.936500549316406,16.915000915527344,16.93000030517578,19308.0
2024-09-05 10:09:00+00:00,ILPT,4.800000190734863,4.800000190734863,4.800000190734863,4.795000076293945,4.795000076293945,288.0
2024-09-05 10:09:00+00:00,LOAN,5.199999809265137,5.199999809265137,5.199999809265137,5.199999809265137,5.199999809265137,436.0
2024-09-05 10:09:00+00:00,NMRK,14.375,14.375,14.380000114440918,14.369999885559082,14.380000114440918,2528.0
2024-09-05 10:09:00+00:00,NYMT,6.425000190734863,6.425000190734863,6.429999828338623,6.425000190734863,6.429999828338623,916.0
2024-09-05 10:09:00+00:00,OPEN,2.0102999210357666,2.0102999210357666,2.0199999809265137,2.005000114440918,2.005000114440918,147588.0
2024-09-05 10:09:00+00:00,RDFN,9.989999771118164,9.989999771118164,10.017499923706055,9.960000038146973,10.017499923706055,42233.0
2024-09-05 10:09:00+00:00,REAX,5.840000152587891,5.840000152587891,5.840000152587891,5.840000152587891,5.840000152587891,462.0
2024-09-05 10:09:00+00:00,REG,73.62999725341797,73.62999725341797,73.66999816894531,73.62999725341797,73.62999725341797,1778.0
2024-09-05 10:09:00+00:00,ROIC,15.399999618530273,15.399999618530273,15.40999984741211,15.399999618530273,15.40999984741211,5496.0
2024-09-05 10:09:00+00:00,SBAC,236.4499969482422,236.4499969482422,236.6649932861328,236.4499969482422,236.6649932861328,3756.0
2024-09-05 10:09:00+00:00,SBRA,17.575000762939453,17.575000762939453,17.594999313354492,17.56999969482422,17.59000015258789,5790.0
2024-09-05 10:09:00+00:00,SVC,4.679999828338623,4.679999828338623,4.699999809265137,4.679999828338623,4.699999809265137,758.0
2024-09-05 10:09:00+00:00,UNIT,5.175000190734863,5.175000190734863,5.179999828338623,5.171000003814697,5.179800033569336,17209.0
2024-09-05 10:09:00+00:00,WHLR,2.299099922180176,2.299099922180176,2.299999952316284,2.180000066757202,2.25,225227.0
2024-09-05 10:10:00+00:00,AGNC,10.210000038146973,10.210000038146973,10.225000381469727,10.210000038146973,10.225000381469727,28375.0
2024-09-05 10:10:00+00:00,CSGP,77.38999938964844,77.38999938964844,77.38999938964844,77.38999938964844,77.38999938964844,508.0
2024-09-05 10:10:00+00:00,DHC,3.390000104904175,3.390000104904175,3.390000104904175,3.390000104904175,3.390000104904175,1459.0
2024-09-05 10:10:00+00:00,EQIX,826.2100219726562,826.2100219726562,826.2100219726562,826.1099853515625,826.1099853515625,1278.0
2024-09-05 10:10:00+00:00,GLPI,52.08000183105469,52.08000183105469,52.09000015258789,52.06999969482422,52.06999969482422,1103.0
2024-09-05 10:10:00+00:00,GOOD,15.390000343322754,15.390000343322754,15.390000343322754,15.390000343322754,15.390000343322754,192.0
2024-09-05 10:10:00+00:00,HST,16.91990089416504,16.91990089416504,16.920000076293945,16.905000686645508,16.90999984741211,21620.0
2024-09-05 10:10:00+00:00,ILPT,4.775000095367432,4.775000095367432,4.789999961853027,4.775000095367432,4.789999961853027,2718.0
2024-09-05 10:10:00+00:00,LAMR,126.16999816894531,126.16999816894531,126.22000122070312,126.16999816894531,126.22000122070312,1210.0
2024-09-05 10:10:00+00:00,NMRK,14.385000228881836,14.385000228881836,14.385000228881836,14.369999885559082,14.375,1578.0
2024-09-05 10:10:00+00:00,NYMT,6.420000076293945,6.420000076293945,6.420000076293945,6.420000076293945,6.420000076293945,412.0
2024-09-05 10:10:00+00:00,OPEN,2.005000114440918,2.005000114440918,2.0199999809265137,2.0,2.0199999809265137,47347.0
2024-09-05 10:10:00+00:00,OPI,2.1549999713897705,2.1549999713897705,2.1600000858306885,2.1549999713897705,2.1600000858306885,2183.0
2024-09-05 10:10:00+00:00,PECO,37.43000030517578,37.43000030517578,37.439998626708984,37.43000030517578,37.439998626708984,225.0
2024-09-05 10:10:00+00:00,RDFN,10.0,10.0,10.0,9.960000038146973,9.994999885559082,20286.0
2024-09-05 10:10:00+00:00,REAX,5.8105998039245605,5.8105998039245605,5.8105998039245605,5.8105998039245605,5.8105998039245605,228.0
2024-09-05 10:10:00+00:00,REG,73.72000122070312,73.72000122070312,73.7249984741211,73.6449966430664,73.6449966430664,3236.0
2024-09-05 10:10:00+00:00,RMR,24.934999465942383,24.934999465942383,24.934999465942383,24.934999465942383,24.934999465942383,467.0
2024-09-05 10:10:00+00:00,ROIC,15.41100025177002,15.41100025177002,15.414999961853027,15.399999618530273,15.399999618530273,1801.0
2024-09-05 10:10:00+00:00,SBAC,236.38999938964844,236.38999938964844,236.38999938964844,236.38999938964844,236.38999938964844,419.0
2024-09-05 10:10:00+00:00,SBRA,17.545000076293945,17.545000076293945,17.545000076293945,17.53499984741211,17.545000076293945,1805.0
2024-09-05 10:10:00+00:00,UNIT,5.175000190734863,5.175000190734863,5.179999828338623,5.173900127410889,5.175000190734863,7484.0
2024-09-05 10:10:00+00:00,WHLR,2.3701000213623047,2.3701000213623047,2.4100000858306885,2.2200000286102295,2.299999952316284,339917.0
2024-09-05 10:11:00+00:00,AFCG,10.390000343322754,10.390000343322754,10.390000343322754,10.390000343322754,10.390000343322754,1805.0
2024-09-05 10:11:00+00:00,AGNC,10.219900131225586,10.219900131225586,10.219900131225586,10.210000038146973,10.21500015258789,7404.0
2024-09-05 10:11:00+00:00,CSGP,77.33000183105469,77.33000183105469,77.38999938964844,77.2699966430664,77.38999938964844,13009.0
2024-09-05 10:11:00+00:00,DHC,3.365000009536743,3.365000009536743,3.369999885559082,3.365000009536743,3.369999885559082,975.0
2024-09-05 10:11:00+00:00,EQIX,826.52001953125,826.52001953125,826.52001953125,826.52001953125,826.52001953125,1003.0
2024-09-05 10:11:00+00:00,EXPI,11.800000190734863,11.800000190734863,11.819999694824219,11.800000190734863,11.819999694824219,1013.0
2024-09-05 10:11:00+00:00,FSV,179.9199981689453,179.9199981689453,179.9199981689453,179.9199981689453,179.9199981689453,243.0
2024-09-05 10:11:00+00:00,GLPI,52.04999923706055,52.04999923706055,52.099998474121094,52.04999923706055,52.084999084472656,3007.0
2024-09-05 10:11:00+00:00,GOOD,15.359999656677246,15.359999656677246,15.390000343322754,15.359999656677246,15.390000343322754,1187.0
2024-09-05 10:11:00+00:00,HST,16.8799991607666,16.8799991607666,16.915000915527344,16.8799991607666,16.915000915527344,36781.0
2024-09-05 10:11:00+00:00,ILPT,4.775000095367432,4.775000095367432,4.775000095367432,4.775000095367432,4.775000095367432,0.0
2024-09-05 10:11:00+00:00,LAND,13.619999885559082,13.619999885559082,13.619999885559082,13.619999885559082,13.619999885559082,1303.0
2024-09-05 10:11:00+00:00,NMRK,14.350000381469727,14.350000381469727,14.350000381469727,14.350000381469727,14.350000381469727,1682.0
2024-09-05 10:11:00+00:00,NYMT,6.394999980926514,6.394999980926514,6.409999847412109,6.389999866485596,6.409999847412109,1296.0
2024-09-05 10:11:00+00:00,OPEN,1.9950000047683716,1.9950000047683716,2.0,1.9900000095367432,2.0,57615.0
2024-09-05 10:11:00+00:00,OPI,2.1549999713897705,2.1549999713897705,2.1549999713897705,2.1549999713897705,2.1549999713897705,845.0
2024-09-05 10:11:00+00:00,PCH,43.23500061035156,43.23500061035156,43.23500061035156,43.20000076293945,43.23500061035156,1063.0
2024-09-05 10:11:00+00:00,PECO,37.439998626708984,37.439998626708984,37.439998626708984,37.439998626708984,37.439998626708984,146.0
2024-09-05 10:11:00+00:00,RDFN,9.858499526977539,9.858499526977539,9.994999885559082,9.858499526977539,9.994000434875488,48816.0
2024-09-05 10:11:00+00:00,REAX,5.800000190734863,5.800000190734863,5.809999942779541,5.800000190734863,5.809999942779541,1889.0
2024-09-05 10:11:00+00:00,REG,73.66500091552734,73.66500091552734,73.75,73.66500091552734,73.75,1431.0
2024-09-05 10:11:00+00:00,ROIC,15.392000198364258,15.392000198364258,15.40999984741211,15.392000198364258,15.40999984741211,1346.0
2024-09-05 10:11:00+00:00,SBAC,236.2899932861328,236.2899932861328,236.2899932861328,236.2899932861328,236.2899932861328,798.0
2024-09-05 10:11:00+00:00,SBRA,17.520000457763672,17.520000457763672,17.545000076293945,17.520000457763672,17.545000076293945,2403.0
2024-09-05 10:11:00+00:00,SVC,4.670000076293945,4.670000076293945,4.670000076293945,4.670000076293945,4.670000076293945,1519.0
2024-09-05 10:11:00+00:00,UNIT,5.175000190734863,5.175000190734863,5.190000057220459,5.171000003814697,5.175000190734863,20917.0
2024-09-05 10:11:00+00:00,WHLR,2.530100107192993,2.530100107192993,2.583400011062622,2.5299999713897705,2.559999942779541,858576.0
2024-09-05 10:12:00+00:00,AGNC,10.204999923706055,10.204999923706055,10.210000038146973,10.20009994506836,10.210000038146973,6519.0
2024-09-05 10:12:00+00:00,CIGI,141.02999877929688,141.02999877929688,141.02999877929688,141.02999877929688,141.02999877929688,288.0
2024-09-05 10:12:00+00:00,CSGP,77.25,77.25,77.37000274658203,77.25,77.37000274658203,3961.0
2024-09-05 10:12:00+00:00,DHC,3.365000009536743,3.365000009536743,3.365000009536743,3.365000009536743,3.365000009536743,112.0
2024-09-05 10:12:00+00:00,GLPI,52.02000045776367,52.02000045776367,52.029998779296875,52.0099983215332,52.029998779296875,1013.0
2024-09-05 10:12:00+00:00,GOOD,15.350099563598633,15.350099563598633,15.350099563598633,15.350099563598633,15.350099563598633,8442.0
2024-09-05 10:12:00+00:00,HST,16.854999542236328,16.854999542236328,16.8799991607666,16.850000381469727,16.8799991607666,19911.0
2024-09-05 10:12:00+00:00,NMRK,14.324999809265137,14.324999809265137,14.34000015258789,14.324999809265137,14.34000015258789,1000.0
2024-09-05 10:12:00+00:00,NYMT,6.400000095367432,6.400000095367432,6.400000095367432,6.400000095367432,6.400000095367432,567.0
2024-09-05 10:12:00+00:00,NYMTZ,19.315000534057617,19.315000534057617,19.315000534057617,19.315000534057617,19.315000534057617,0.0
2024-09-05 10:12:00+00:00,OPEN,1.9850000143051147,1.9850000143051147,1.9950000047683716,1.9800000190734863,1.9950000047683716,177751.0
2024-09-05 10:12:00+00:00,PCH,43.34000015258789,43.34000015258789,43.34000015258789,43.189998626708984,43.22999954223633,3455.0
2024-09-05 10:12:00+00:00,PECO,37.38999938964844,37.38999938964844,37.40999984741211,37.38999938964844,37.40999984741211,664.0
2024-09-05 10:12:00+00:00,RDFN,9.770000457763672,9.770000457763672,9.854999542236328,9.739999771118164,9.850299835205078,35718.0
2024-09-05 10:12:00+00:00,REAX,5.800000190734863,5.800000190734863,5.800000190734863,5.800000190734863,5.800000190734863,615.0
2024-09-05 10:12:00+00:00,REFI,15.864999771118164,15.864999771118164,15.890000343322754,15.864999771118164,15.890000343322754,639.0
2024-09-05 10:12:00+00:00,REG,73.63999938964844,73.63999938964844,73.67500305175781,73.63999938964844,73.63999938964844,447.0
2024-09-05 10:12:00+00:00,ROIC,15.390000343322754,15.390000343322754,15.390000343322754,15.385000228881836,15.390000343322754,2540.0
2024-09-05 10:12:00+00:00,SBAC,236.2100067138672,236.2100067138672,236.2100067138672,236.2100067138672,236.2100067138672,447.0
2024-09-05 10:12:00+00:00,SBRA,17.514999389648438,17.514999389648438,17.524999618530273,17.510000228881836,17.524999618530273,9048.0
2024-09-05 10:12:00+00:00,SVC,4.650000095367432,4.650000095367432,4.659999847412109,4.650000095367432,4.659999847412109,1380.0
2024-09-05 10:12:00+00:00,UNIT,5.184999942779541,5.184999942779541,5.184999942779541,5.170000076293945,5.175000190734863,42545.0
2024-09-05 10:12:00+00:00,WHLR,2.8299999237060547,2.8299999237060547,2.8385000228881836,2.809999942779541,2.822999954223633,933375.0
2024-09-05 10:13:00+00:00,AGNC,10.210000038146973,10.210000038146973,10.21030044555664,10.204999923706055,10.204999923706055,57211.0
2024-09-05 10:13:00+00:00,CSGP,77.32499694824219,77.32499694824219,77.32499694824219,77.29000091552734,77.29000091552734,1750.0
2024-09-05 10:13:00+00:00,DHC,3.373500108718872,3.373500108718872,3.373500108718872,3.369999885559082,3.369999885559082,1115.0
2024-09-05 10:13:00+00:00,EXPI,11.770000457763672,11.770000457763672,11.770000457763672,11.770000457763672,11.770000457763672,203.0
2024-09-05 10:13:00+00:00,GLPI,51.970001220703125,51.970001220703125,52.02000045776367,51.970001220703125,52.02000045776367,1759.0
2024-09-05 10:13:00+00:00,HST,16.8799991607666,16.8799991607666,16.8799991607666,16.8799991607666,16.8799991607666,4728.0
2024-09-05 10:13:00+00:00,ILPT,4.769999980926514,4.769999980926514,4.769999980926514,4.769999980926514,4.769999980926514,1010.0
2024-09-05 10:13:00+00:00,LAMR,125.79000091552734,125.79000091552734,125.79000091552734,125.79000091552734,125.79000091552734,814.0
2024-09-05 10:13:00+00:00,LAND,13.609999656677246,13.609999656677246,13.609999656677246,13.609999656677246,13.609999656677246,606.0
2024-09-05 10:13:00+00:00,NMRK,14.34000015258789,14.34000015258789,14.34000015258789,14.329999923706055,14.329999923706055,1100.0
2024-09-05 10:13:00+00:00,NYMT,6.40500020980835,6.40500020980835,6.40500020980835,6.400000095367432,6.400000095367432,353.0
2024-09-05 10:13:00+00:00,OPEN,2.0,2.0,2.009999990463257,1.9850000143051147,1.986199975013733,149152.0
2024-09-05 10:13:00+00:00,OPI,2.1549999713897705,2.1549999713897705,2.1549999713897705,2.1549999713897705,2.1549999713897705,2000.0
2024-09-05 10:13:00+00:00,PCH,43.34000015258789,43.34000015258789,43.34000015258789,43.34000015258789,43.34000015258789,194.0
2024-09-05 10:13:00+00:00,PECO,37.404998779296875,37.404998779296875,37.404998779296875,37.404998779296875,37.404998779296875,109.0
2024-09-05 10:13:00+00:00,RDFN,9.710000038146973,9.710000038146973,9.779999732971191,9.6899995803833,9.760100364685059,54959.0
2024-09-05 10:13:00+00:00,REAX,5.829999923706055,5.829999923706055,5.829999923706055,5.820000171661377,5.820000171661377,2528.0
2024-09-05 10:13:00+00:00,REG,73.56999969482422,73.56999969482422,73.56999969482422,73.5199966430664,73.5199966430664,324.0
2024-09-05 10:13:00+00:00,ROIC,15.390000343322754,15.390000343322754,15.390000343322754,15.390000343322754,15.390000343322754,124.0
2024-09-05 10:13:00+00:00,SBRA,17.53499984741211,17.53499984741211,17.53499984741211,17.514999389648438,17.514999389648438,1618.0
2024-09-05 10:13:00+00:00,UNIT,5.164999961853027,5.164999961853027,5.190000057220459,5.159999847412109,5.184999942779541,38967.0
2024-09-05 10:13:00+00:00,WHLR,2.990000009536743,2.990000009536743,3.059999942779541,2.8101000785827637,2.8299999237060547,885738.0
2024-09-05 10:13:00+00:00,WHLRP,2.8399999141693115,2.8399999141693115,2.8499999046325684,2.819999933242798,2.819999933242798,0.0
2024-09-05 10:14:00+00:00,AGNC,10.210000038146973,10.210000038146973,10.210000038146973,10.204999923706055,10.20989990234375,4217.0
2024-09-05 10:14:00+00:00,AGNCM,25.219999313354492,25.219999313354492,25.219999313354492,25.219999313354492,25.219999313354492,400.0
2024-09-05 10:14:00+00:00,GIPR,2.2848000526428223,2.2848000526428223,2.2848000526428223,2.2848000526428223,2.2848000526428223,231.0
2024-09-05 10:14:00+00:00,HST,16.885000228881836,16.885000228881836,16.885000228881836,16.885000228881836,16.885000228881836,217.0
2024-09-05 10:14:00+00:00,ILPT,4.764999866485596,4.764999866485596,4.770599842071533,4.764999866485596,4.770599842071533,687.0
2024-09-05 10:14:00+00:00,MDJH,1.059999942779541,1.059999942779541,1.059999942779541,1.0499999523162842,1.0499999523162842,3400.0
2024-09-05 10:14:00+00:00,NMRK,14.345000267028809,14.345000267028809,14.350000381469727,14.345000267028809,14.350000381469727,2008.0
2024-09-05 10:14:00+00:00,OPEN,1.996999979019165,1.996999979019165,2.0099000930786133,1.9900000095367432,2.005000114440918,120915.0
2024-09-05 10:14:00+00:00,PCH,43.36000061035156,43.36000061035156,43.36000061035156,43.36000061035156,43.36000061035156,323.0
2024-09-05 10:14:00+00:00,PECO,37.387298583984375,37.387298583984375,37.43000030517578,37.386600494384766,37.43000030517578,1403.0
2024-09-05 10:14:00+00:00,RDFN,9.65999984741211,9.65999984741211,9.720000267028809,9.649999618530273,9.720000267028809,26201.0
2024-09-05 10:14:00+00:00,REAX,5.840000152587891,5.840000152587891,5.840000152587891,5.840000152587891,5.840000152587891,799.0
2024-09-05 10:14:00+00:00,REG,73.58999633789062,73.58999633789062,73.58999633789062,73.58000183105469,73.58000183105469,1227.0
2024-09-05 10:14:00+00:00,ROIC,15.385000228881836,15.385000228881836,15.395000457763672,15.385000228881836,15.395000457763672,1448.0
2024-09-05 10:14:00+00:00,SBAC,236.3000030517578,236.3000030517578,236.3000030517578,236.3000030517578,236.3000030517578,351.0
2024-09-05 10:14:00+00:00,SBRA,17.530000686645508,17.530000686645508,17.540000915527344,17.530000686645508,17.530000686645508,915.0
2024-09-05 10:14:00+00:00,SELF,5.159999847412109,5.159999847412109,5.159999847412109,5.159999847412109,5.159999847412109,605.0
2024-09-05 10:14:00+00:00,UNIT,5.215700149536133,5.215700149536133,5.2195000648498535,5.164999961853027,5.164999961853027,41465.0
2024-09-05 10:14:00+00:00,WHLR,3.0829999446868896,3.0829999446868896,3.180000066757202,3.0829999446868896,3.180000066757202,888718.0
2024-09-05 10:15:00+00:00,AGNC,10.204999923706055,10.204999923706055,10.209500312805176,10.199999809265137,10.204999923706055,3611.0
2024-09-05 10:15:00+00:00,AGNCM,25.25,25.25,25.25,25.25,25.25,105.0
2024-09-05 10:15:00+00:00,CSGP,77.26499938964844,77.26499938964844,77.26499938964844,77.26499938964844,77.26499938964844,1902.0
2024-09-05 10:15:00+00:00,EQIX,825.969970703125,825.969970703125,825.969970703125,825.969970703125,825.969970703125,172.0
2024-09-05 10:15:00+00:00,GLPI,51.97999954223633,51.97999954223633,51.98500061035156,51.97999954223633,51.98500061035156,11060.0
2024-09-05 10:15:00+00:00,HST,16.860000610351562,16.860000610351562,16.885000228881836,16.860000610351562,16.885000228881836,12924.0
2024-09-05 10:15:00+00:00,NMRK,14.329999923706055,14.329999923706055,14.34000015258789,14.3100004196167,14.3100004196167,3499.0
2024-09-05 10:15:00+00:00,NYMT,6.400000095367432,6.400000095367432,6.400000095367432,6.400000095367432,6.400000095367432,318.0
2024-09-05 10:15:00+00:00,OPEN,1.9882999658584595,1.9882999658584595,1.9950000047683716,1.9800000190734863,1.9950000047683716,90307.0
2024-09-05 10:15:00+00:00,OPI,2.1600000858306885,2.1600000858306885,2.1600000858306885,2.1600000858306885,2.1600000858306885,577.0
2024-09-05 10:15:00+00:00,PCH,43.36000061035156,43.36000061035156,43.36000061035156,43.36000061035156,43.36000061035156,1219.0
2024-09-05 10:15:00+00:00,PECO,37.404998779296875,37.404998779296875,37.404998779296875,37.404998779296875,37.404998779296875,101.0
2024-09-05 10:15:00+00:00,RDFN,9.666999816894531,9.666999816894531,9.680000305175781,9.630000114440918,9.667799949645996,43463.0
2024-09-05 10:15:00+00:00,REAX,5.829999923706055,5.829999923706055,5.829999923706055,5.829999923706055,5.829999923706055,1937.0
2024-09-05 10:15:00+00:00,ROIC,15.385000228881836,15.385000228881836,15.385000228881836,15.385000228881836,15.385000228881836,696.0
2024-09-05 10:15:00+00:00,SBAC,236.6649932861328,236.6649932861328,236.6699981689453,236.30999755859375,236.6699981689453,921.0
2024-09-05 10:15:00+00:00,SBRA,17.516300201416016,17.516300201416016,17.530000686645508,17.510000228881836,17.530000686645508,1430.0
2024-09-05 10:15:00+00:00,SVC,4.659999847412109,4.659999847412109,4.659999847412109,4.659999847412109,4.659999847412109,5322.0
2024-09-05 10:15:00+00:00,UNIT,5.184999942779541,5.184999942779541,5.218800067901611,5.179999828338623,5.215000152587891,36811.0
2024-09-05 10:15:00+00:00,WHLR,3.2699999809265137,3.2699999809265137,3.2899999618530273,3.04010009765625,3.1198999881744385,930440.0
2024-09-05 10:15:00+00:00,WHLRD,18.90999984741211,18.90999984741211,18.90999984741211,18.889999389648438,18.899999618530273,410.0
2024-09-05 10:16:00+00:00,AEI,1.1799999475479126,1.1799999475479126,1.1799999475479126,1.1799999475479126,1.1799999475479126,417.0
2024-09-05 10:16:00+00:00,AFCG,10.399999618530273,10.399999618530273,10.399999618530273,10.399999618530273,10.399999618530273,234.0
2024-09-05 10:16:00+00:00,AGNC,10.204999923706055,10.204999923706055,10.210000038146973,10.204999923706055,10.210000038146973,5455.0
2024-09-05 10:16:00+00:00,CSGP,77.2300033569336,77.2300033569336,77.30999755859375,77.2300033569336,77.27999877929688,2972.0
2024-09-05 10:16:00+00:00,DHC,3.375,3.375,3.375,3.375,3.375,758.0
2024-09-05 10:16:00+00:00,EQIX,825.969970703125,825.969970703125,825.969970703125,825.969970703125,825.969970703125,331.0
2024-09-05 10:16:00+00:00,EXPI,11.770000457763672,11.770000457763672,11.770000457763672,11.770000457763672,11.770000457763672,143.0
2024-09-05 10:16:00+00:00,FSV,179.875,179.875,179.875,179.875,179.875,562.0
2024-09-05 10:16:00+00:00,GLPI,51.959999084472656,51.959999084472656,51.994998931884766,51.959999084472656,51.97999954223633,2571.0
2024-09-05 10:16:00+00:00,GOOD,15.367199897766113,15.367199897766113,15.367199897766113,15.367199897766113,15.367199897766113,1128.0
2024-09-05 10:16:00+00:00,HST,16.886499404907227,16.886499404907227,16.886600494384766,16.8700008392334,16.8700008392334,8762.0
2024-09-05 10:16:00+00:00,ILPT,4.764999866485596,4.764999866485596,4.769999980926514,4.764999866485596,4.769999980926514,587.0
2024-09-05 10:16:00+00:00,LAND,13.623000144958496,13.623000144958496,13.623000144958496,13.623000144958496,13.623000144958496,955.0
2024-09-05 10:16:00+00:00,LSEA,11.579999923706055,11.579999923706055,11.579999923706055,11.579999923706055,11.579999923706055,241.0
2024-09-05 10:16:00+00:00,NMRK,14.34000015258789,14.34000015258789,14.350000381469727,14.34000015258789,14.350000381469727,3990.0
2024-09-05 10:16:00+00:00,NYMT,6.40500020980835,6.40500020980835,6.40500020980835,6.400000095367432,6.400000095367432,453.0
2024-09-05 10:16:00+00:00,OPEN,1.9903000593185425,1.9903000593185425,1.9967999458312988,1.9800000190734863,1.9800000190734863,126079.0
2024-09-05 10:16:00+00:00,OPI,2.154900074005127,2.154900074005127,2.1600000858306885,2.154900074005127,2.1549999713897705,939.0
2024-09-05 10:16:00+00:00,PECO,37.404998779296875,37.404998779296875,37.404998779296875,37.404998779296875,37.404998779296875,340.0
2024-09-05 10:16:00+00:00,RDFN,9.670000076293945,9.670000076293945,9.699199676513672,9.664999961853027,9.670000076293945,14854.0
2024-09-05 10:16:00+00:00,REG,73.63999938964844,73.63999938964844,73.63999938964844,73.63999938964844,73.63999938964844,570.0
2024-09-05 10:16:00+00:00,ROIC,15.385000228881836,15.385000228881836,15.385000228881836,15.385000228881836,15.385000228881836,383.0
2024-09-05 10:16:00+00:00,SBAC,236.8000030517578,236.8000030517578,236.8000030517578,236.39500427246094,236.39500427246094,2537.0
2024-09-05 10:16:00+00:00,SBRA,17.524999618530273,17.524999618530273,17.524999618530273,17.520000457763672,17.520000457763672,1362.0
2024-09-05 10:16:00+00:00,UNIT,5.204999923706055,5.204999923706055,5.210000038146973,5.190000057220459,5.190000057220459,17315.0
2024-09-05 10:16:00+00:00,WHLR,3.063800096511841,3.063800096511841,3.063800096511841,3.063800096511841,3.063800096511841,783668.0
2024-09-05 10:17:00+00:00,AFCG,10.395000457763672,10.395000457763672,10.395000457763672,10.395000457763672,10.395000457763672,478.0
2024-09-05 10:17:00+00:00,AGNC,10.205499649047852,10.205499649047852,10.205499649047852,10.204999923706055,10.204999923706055,1770.0
2024-09-05 10:17:00+00:00,CSGP,77.25,77.25,77.25,77.25,77.25,1090.0
2024-09-05 10:17:00+00:00,NYMT,6.40500020980835,6.40500020980835,6.40500020980835,6.40500020980835,6.40500020980835,308.0
2024-09-05 10:17:00+00:00,OPEN,1.9950000047683716,1.9950000047683716,1.9967000484466553,1.9900000095367432,1.996500015258789,31052.0
2024-09-05 10:17:00+00:00,PECO,37.35499954223633,37.35499954223633,37.369998931884766,37.34000015258789,37.369998931884766,1858.0
2024-09-05 10:17:00+00:00,RDFN,9.640000343322754,9.640000343322754,9.670000076293945,9.630000114440918,9.670000076293945,23574.0
2024-09-05 10:17:00+00:00,REAX,5.800000190734863,5.800000190734863,5.809999942779541,5.800000190734863,5.809999942779541,1871.0
2024-09-05 10:17:00+00:00,SBAC,236.77999877929688,236.77999877929688,236.77999877929688,236.75,236.75,752.0
2024-09-05 10:17:00+00:00,SBRA,17.520000457763672,17.520000457763672,17.520000457763672,17.520000457763672,17.520000457763672,218.0
2024-09-05 10:17:00+00:00,SVC,4.656099796295166,4.656099796295166,4.656099796295166,4.656099796295166,4.656099796295166,2265.0
2024-09-05 10:17:00+00:00,UNIT,5.228799819946289,5.228799819946289,5.238900184631348,5.210000038146973,5.210000038146973,13783.0
2024-09-05 10:17:00+00:00,WHLR,3.0399999618530273,3.0399999618530273,3.0399999618530273,3.0399999618530273,3.0399999618530273,408304.0
2024-09-05 10:18:00+00:00,AGNC,10.210000038146973,10.210000038146973,10.210000038146973,10.200400352478027,10.204999923706055,32195.0
2024-09-05 10:18:00+00:00,ASPS,1.090000033378601,1.090000033378601,1.090000033378601,1.090000033378601,1.090000033378601,151.0
2024-09-05 10:18:00+00:00,BPYPO,13.481200218200684,13.481200218200684,13.481200218200684,13.481200218200684,13.481200218200684,2000.0
2024-09-05 10:18:00+00:00,CHCI,7.670000076293945,7.670000076293945,7.670000076293945,7.670000076293945,7.670000076293945,283.0
2024-09-05 10:18:00+00:00,CIGI,141.44000244140625,141.44000244140625,141.5,141.38999938964844,141.38999938964844,11295.0
2024-09-05 10:18:00+00:00,CSGP,77.30000305175781,77.30000305175781,77.30000305175781,77.25499725341797,77.25499725341797,288.0
2024-09-05 10:18:00+00:00,EQIX,826.0,826.0,826.0,826.0,826.0,172.0
2024-09-05 10:18:00+00:00,EXPI,11.779999732971191,11.779999732971191,11.779999732971191,11.779999732971191,11.779999732971191,286.0
2024-09-05 10:18:00+00:00,GLPI,51.959999084472656,51.959999084472656,51.959999084472656,51.93000030517578,51.93000030517578,1130.0
2024-09-05 10:18:00+00:00,HST,16.895000457763672,16.895000457763672,16.899999618530273,16.885000228881836,16.889999389648438,8992.0
2024-09-05 10:18:00+00:00,ILPT,4.764999866485596,4.764999866485596,4.767399787902832,4.764999866485596,4.767399787902832,1099.0
2024-09-05 10:18:00+00:00,LAMR,126.04000091552734,126.04000091552734,126.04000091552734,125.95999908447266,125.95999908447266,798.0
2024-09-05 10:18:00+00:00,LSEA,11.609999656677246,11.609999656677246,11.609999656677246,11.609999656677246,11.609999656677246,200.0
2024-09-05 10:18:00+00:00,NMRK,14.359999656677246,14.359999656677246,14.364999771118164,14.354999542236328,14.354999542236328,1921.0
2024-09-05 10:18:00+00:00,OPEN,2.0,2.0,2.0,1.9900000095367432,1.9901000261306763,132601.0
2024-09-05 10:18:00+00:00,OPI,2.1549999713897705,2.1549999713897705,2.1549999713897705,2.1549999713897705,2.1549999713897705,4059.0
2024-09-05 10:18:00+00:00,PCH,43.349998474121094,43.349998474121094,43.349998474121094,43.349998474121094,43.349998474121094,1324.0
2024-09-05 10:18:00+00:00,RDFN,9.680000305175781,9.680000305175781,9.719900131225586,9.640000343322754,9.640000343322754,29909.0
2024-09-05 10:18:00+00:00,REAX,5.815000057220459,5.815000057220459,5.815000057220459,5.800000190734863,5.800000190734863,484.0
2024-09-05 10:18:00+00:00,REG,73.5199966430664,73.5199966430664,73.61000061035156,73.5199966430664,73.61000061035156,2726.0
2024-09-05 10:18:00+00:00,ROIC,15.385000228881836,15.385000228881836,15.385000228881836,15.385000228881836,15.385000228881836,125.0
2024-09-05 10:18:00+00:00,SBAC,236.8800048828125,236.8800048828125,236.8800048828125,236.875,236.875,590.0
2024-09-05 10:18:00+00:00,SBRA,17.524999618530273,17.524999618530273,17.524999618530273,17.524999618530273,17.524999618530273,673.0
2024-09-05 10:18:00+00:00,SVC,4.650899887084961,4.650899887084961,4.650899887084961,4.650899887084961,4.650899887084961,1928.0
2024-09-05 10:18:00+00:00,UNIT,5.235000133514404,5.235000133514404,5.239999771118164,5.2220001220703125,5.224999904632568,6168.0
2024-09-05 10:18:00+00:00,WHLR,2.950000047683716,2.950000047683716,3.1700000762939453,2.9100000858306885,3.0399999618530273,525818.0
2024-09-05 10:19:00+00:00,AGNC,10.21500015258789,10.21500015258789,10.21500015258789,10.206999778747559,10.209500312805176,40615.0
2024-09-05 10:19:00+00:00,CSGP,77.38999938964844,77.38999938964844,77.38999938964844,77.3499984741211,77.3499984741211,5347.0
2024-09-05 10:19:00+00:00,DHC,3.384999990463257,3.384999990463257,3.385699987411499,3.384999990463257,3.385699987411499,4600.0
2024-09-05 10:19:00+00:00,DUO,0.3950999975204468,0.3950999975204468,0.3950999975204468,0.3950999975204468,0.3950999975204468,2565.0
2024-09-05 10:19:00+00:00,EQIX,826.0,826.0,826.0,825.969970703125,825.969970703125,562.0
2024-09-05 10:19:00+00:00,EXPI,11.795999526977539,11.795999526977539,11.795999526977539,11.789999961853027,11.789999961853027,558.0
2024-09-05 10:19:00+00:00,FTHM,2.6500000953674316,2.6500000953674316,2.6500000953674316,2.6500000953674316,2.6500000953674316,200.0
2024-09-05 10:19:00+00:00,GLPI,51.970001220703125,51.970001220703125,51.970001220703125,51.970001220703125,51.970001220703125,1009.0
2024-09-05 10:19:00+00:00,HST,16.883499145507812,16.883499145507812,16.886499404907227,16.883499145507812,16.883499145507812,1673.0
2024-09-05 10:19:00+00:00,NMRK,14.354999542236328,14.354999542236328,14.354999542236328,14.354999542236328,14.354999542236328,585.0
2024-09-05 10:19:00+00:00,OPEN,2.0,2.0,2.0,1.9900000095367432,2.0,67997.0
2024-09-05 10:19:00+00:00,PECO,37.36000061035156,37.36000061035156,37.36000061035156,37.36000061035156,37.36000061035156,221.0
2024-09-05 10:19:00+00:00,RDFN,9.699999809265137,9.699999809265137,9.699999809265137,9.670499801635742,9.6850004196167,13482.0
2024-09-05 10:19:00+00:00,REAX,5.824999809265137,5.824999809265137,5.829999923706055,5.824999809265137,5.829999923706055,502.0
2024-09-05 10:19:00+00:00,REG,73.56999969482422,73.56999969482422,73.58499908447266,73.5,73.5,4044.0
2024-09-05 10:19:00+00:00,ROIC,15.380000114440918,15.380000114440918,15.380000114440918,15.380000114440918,15.380000114440918,173.0
2024-09-05 10:19:00+00:00,SBAC,236.8800048828125,236.8800048828125,236.8800048828125,236.8800048828125,236.8800048828125,753.0
2024-09-05 10:19:00+00:00,SBRA,17.540000915527344,17.540000915527344,17.540000915527344,17.530000686645508,17.530000686645508,2558.0
2024-09-05 10:19:00+00:00,UNIT,5.224999904632568,5.224999904632568,5.230000019073486,5.220099925994873,5.230000019073486,11309.0
2024-09-05 10:19:00+00:00,WHLR,2.8901000022888184,2.8901000022888184,2.8901000022888184,2.8901000022888184,2.8901000022888184,369243.0
2024-09-05 10:20:00+00:00,AFCG,10.395000457763672,10.395000457763672,10.399999618530273,10.395000457763672,10.399999618530273,1882.0
2024-09-05 10:20:00+00:00,AGNC,10.210000038146973,10.210000038146973,10.219099998474121,10.210000038146973,10.21500015258789,6687.0
2024-09-05 10:20:00+00:00,AGNCP,24.248300552368164,24.248300552368164,24.248300552368164,24.248300552368164,24.248300552368164,200.0
2024-09-05 10:20:00+00:00,CIGI,141.57000732421875,141.57000732421875,141.57000732421875,141.50999450683594,141.5500030517578,1459.0
2024-09-05 10:20:00+00:00,CSGP,77.4800033569336,77.4800033569336,77.4800033569336,77.43000030517578,77.43000030517578,1664.0
2024-09-05 10:20:00+00:00,EQIX,826.5399780273438,826.5399780273438,826.5399780273438,825.969970703125,826.0,1798.0
2024-09-05 10:20:00+00:00,FSV,180.07000732421875,180.07000732421875,180.07000732421875,180.07000732421875,180.07000732421875,221.0
2024-09-05 10:20:00+00:00,GLPI,51.97999954223633,51.97999954223633,51.9900016784668,51.959999084472656,51.959999084472656,5235.0
2024-09-05 10:20:00+00:00,HST,16.895000457763672,16.895000457763672,16.895000457763672,16.8799991607666,16.8799991607666,13325.0
2024-09-05 10:20:00+00:00,ILPT,4.769999980926514,4.769999980926514,4.769999980926514,4.769999980926514,4.769999980926514,382.0
2024-09-05 10:20:00+00:00,LAMR,126.01499938964844,126.01499938964844,126.01499938964844,126.01499938964844,126.01499938964844,187.0
2024-09-05 10:20:00+00:00,LSEA,11.625,11.625,11.625,11.625,11.625,175.0
2024-09-05 10:20:00+00:00,NMRK,14.354999542236328,14.354999542236328,14.354999542236328,14.354999542236328,14.354999542236328,5351.0
2024-09-05 10:20:00+00:00,NYMT,6.409999847412109,6.409999847412109,6.409999847412109,6.409999847412109,6.409999847412109,947.0
2024-09-05 10:20:00+00:00,NYMTZ,19.368600845336914,19.368600845336914,19.3799991607666,19.368600845336914,19.3799991607666,415.0
2024-09-05 10:20:00+00:00,OPEN,1.9950000047683716,1.9950000047683716,2.0,1.9900000095367432,2.0,19188.0
2024-09-05 10:20:00+00:00,PCH,43.31999969482422,43.31999969482422,43.38999938964844,43.31999969482422,43.345001220703125,1298.0
2024-09-05 10:20:00+00:00,PECO,37.369998931884766,37.369998931884766,37.369998931884766,37.369998931884766,37.369998931884766,257.0
2024-09-05 10:20:00+00:00,RDFN,9.710000038146973,9.710000038146973,9.720000267028809,9.702400207519531,9.710000038146973,4340.0
2024-09-05 10:20:00+00:00,REAX,5.840000152587891,5.840000152587891,5.840000152587891,5.840000152587891,5.840000152587891,467.0
2024-09-05 10:20:00+00:00,REG,73.56999969482422,73.56999969482422,73.58499908447266,73.56500244140625,73.56500244140625,5061.0
2024-09-05 10:20:00+00:00,ROIC,15.390000343322754,15.390000343322754,15.390000343322754,15.390000343322754,15.390000343322754,767.0
2024-09-05 10:20:00+00:00,SBAC,236.85499572753906,236.85499572753906,236.85499572753906,236.49000549316406,236.49000549316406,1797.0
2024-09-05 10:20:00+00:00,SBRA,17.540000915527344,17.540000915527344,17.540000915527344,17.53499984741211,17.53499984741211,1926.0
2024-09-05 10:20:00+00:00,SEVN,13.654999732971191,13.654999732971191,13.654999732971191,13.654999732971191,13.654999732971191,330.0
2024-09-05 10:20:00+00:00,SVC,4.65500020980835,4.65500020980835,4.65500020980835,4.65500020980835,4.65500020980835,2251.0
2024-09-05 10:20:00+00:00,UNIT,5.224999904632568,5.224999904632568,5.230000019073486,5.215000152587891,5.224999904632568,17621.0
2024-09-05 10:20:00+00:00,WHLR,3.2200000286102295,3.2200000286102295,3.2200000286102295,3.2200000286102295,3.2200000286102295,668419.0
2024-09-05 10:21:00+00:00,AFCG,10.395000457763672,10.395000457763672,10.395000457763672,10.395000457763672,10.395000457763672,560.0
2024-09-05 10:21:00+00:00,AGNC,10.21660041809082,10.21660041809082,10.220000267028809,10.21500015258789,10.21500015258789,2840.0
2024-09-05 10:21:00+00:00,AGNCP,24.25,24.25,24.25,24.25,24.25,100.0
2024-09-05 10:21:00+00:00,CIGI,141.52999877929688,141.52999877929688,141.5800018310547,141.52999877929688,141.5800018310547,1252.0
2024-09-05 10:21:00+00:00,CSGP,77.43499755859375,77.43499755859375,77.44000244140625,77.4000015258789,77.44000244140625,2345.0
2024-09-05 10:21:00+00:00,EQIX,827.0050048828125,827.0050048828125,827.0050048828125,827.0050048828125,827.0050048828125,1246.0
2024-09-05 10:21:00+00:00,FSV,180.0050048828125,180.0050048828125,180.0050048828125,180.0050048828125,180.0050048828125,289.0
2024-09-05 10:21:00+00:00,FTHM,2.7200000286102295,2.7200000286102295,2.7200000286102295,2.688999891281128,2.688999891281128,13561.0
2024-09-05 10:21:00+00:00,GLPI,51.959999084472656,51.959999084472656,51.959999084472656,51.95500183105469,51.95500183105469,650.0
2024-09-05 10:21:00+00:00,GOOD,15.390000343322754,15.390000343322754,15.390000343322754,15.390000343322754,15.390000343322754,5764.0
2024-09-05 10:21:00+00:00,HST,16.8799991607666,16.8799991607666,16.889999389648438,16.8799991607666,16.8799991607666,5783.0
2024-09-05 10:21:00+00:00,LAND,13.640000343322754,13.640000343322754,13.640000343322754,13.640000343322754,13.640000343322754,120.0
2024-09-05 10:21:00+00:00,NMRK,14.350000381469727,14.350000381469727,14.385000228881836,14.350000381469727,14.359999656677246,3858.0
2024-09-05 10:21:00+00:00,OPEN,1.9900000095367432,1.9900000095367432,2.0,1.9850000143051147,1.9950000047683716,282466.0
2024-09-05 10:21:00+00:00,OPI,2.1549999713897705,2.1549999713897705,2.1549999713897705,2.1549999713897705,2.1549999713897705,403.0
2024-09-05 10:21:00+00:00,PECO,37.34000015258789,37.34000015258789,37.370201110839844,37.34000015258789,37.36000061035156,3032.0
2024-09-05 10:21:00+00:00,RDFN,9.680899620056152,9.680899620056152,9.720000267028809,9.680899620056152,9.720000267028809,20101.0
2024-09-05 10:21:00+00:00,REAX,5.800000190734863,5.800000190734863,5.829999923706055,5.800000190734863,5.829999923706055,3489.0
2024-09-05 10:21:00+00:00,REG,73.56999969482422,73.56999969482422,73.56999969482422,73.56999969482422,73.56999969482422,690.0
2024-09-05 10:21:00+00:00,ROIC,15.385000228881836,15.385000228881836,15.390000343322754,15.385000228881836,15.390000343322754,675.0
2024-09-05 10:21:00+00:00,SBAC,236.5850067138672,236.5850067138672,236.6999969482422,236.5850067138672,236.6999969482422,1683.0
2024-09-05 10:21:00+00:00,SBRA,17.545000076293945,17.545000076293945,17.545000076293945,17.545000076293945,17.545000076293945,730.0
2024-09-05 10:21:00+00:00,UNIT,5.21999979019165,5.21999979019165,5.230000019073486,5.21999979019165,5.224999904632568,7390.0
2024-09-05 10:21:00+00:00,WHLR,3.069999933242798,3.069999933242798,3.2300000190734863,3.0199999809265137,3.2200000286102295,496748.0
2024-09-05 10:21:00+00:00,WHLRD,19.049999237060547,19.049999237060547,19.049999237060547,18.93000030517578,18.93000030517578,210.0
2024-09-05 10:22:00+00:00,AFCG,10.395000457763672,10.395000457763672,10.395000457763672,10.395000457763672,10.395000457763672,10.0
2024-09-05 10:22:00+00:00,AGNC,10.225000381469727,10.225000381469727,10.225000381469727,10.21500015258789,10.21500015258789,20051.0
2024-09-05 10:22:00+00:00,CSGP,77.44999694824219,77.44999694824219,77.44999694824219,77.44000244140625,77.44000244140625,4092.0
2024-09-05 10:22:00+00:00,DHC,3.390000104904175,3.390000104904175,3.390000104904175,3.390000104904175,3.390000104904175,1181.0
2024-09-05 10:22:00+00:00,EQIX,828.0,828.0,828.0,827.8800048828125,827.8800048828125,1159.0
2024-09-05 10:22:00+00:00,GLPI,51.96500015258789,51.96500015258789,51.96500015258789,51.95500183105469,51.959999084472656,1888.0
2024-09-05 10:22:00+00:00,HST,16.8799991607666,16.8799991607666,16.8799991607666,16.8799991607666,16.8799991607666,6894.0
2024-09-05 10:22:00+00:00,ILPT,4.78000020980835,4.78000020980835,4.78000020980835,4.78000020980835,4.78000020980835,610.0
2024-09-05 10:22:00+00:00,LAMR,126.05500030517578,126.05500030517578,126.05500030517578,126.05500030517578,126.05500030517578,286.0
2024-09-05 10:22:00+00:00,LAND,13.640000343322754,13.640000343322754,13.640000343322754,13.640000343322754,13.640000343322754,1030.0
2024-09-05 10:22:00+00:00,LANDO,21.489999771118164,21.489999771118164,21.489999771118164,21.489999771118164,21.489999771118164,194.0
2024-09-05 10:22:00+00:00,NMRK,14.389900207519531,14.389900207519531,14.389900207519531,14.359999656677246,14.359999656677246,1280.0
2024-09-05 10:22:00+00:00,OPEN,2.005000114440918,2.005000114440918,2.009999990463257,1.9850000143051147,1.9850000143051147,141590.0
2024-09-05 10:22:00+00:00,OPI,2.1549999713897705,2.1549999713897705,2.1549999713897705,2.1549999713897705,2.1549999713897705,337.0
2024-09-05 10:22:00+00:00,PECO,37.369998931884766,37.369998931884766,37.369998931884766,37.369998931884766,37.369998931884766,258.0
2024-09-05 10:22:00+00:00,RDFN,9.6850004196167,9.6850004196167,9.704999923706055,9.65999984741211,9.680000305175781,8488.0
2024-09-05 10:22:00+00:00,REAX,5.840000152587891,5.840000152587891,5.840000152587891,5.829999923706055,5.829999923706055,927.0
2024-09-05 10:22:00+00:00,REFI,15.869999885559082,15.869999885559082,15.869999885559082,15.869999885559082,15.869999885559082,189.0
2024-09-05 10:22:00+00:00,REG,73.68000030517578,73.68000030517578,73.68000030517578,73.55999755859375,73.55999755859375,15039.0
2024-09-05 10:22:00+00:00,ROIC,15.380999565124512,15.380999565124512,15.385000228881836,15.380000114440918,15.385000228881836,1971.0
2024-09-05 10:22:00+00:00,SBAC,236.77999877929688,236.77999877929688,236.77999877929688,236.4499969482422,236.4600067138672,2267.0
2024-09-05 10:22:00+00:00,SBRA,17.55500030517578,17.55500030517578,17.55500030517578,17.545000076293945,17.549999237060547,1232.0
2024-09-05 10:22:00+00:00,UNIT,5.224999904632568,5.224999904632568,5.235000133514404,5.215000152587891,5.224999904632568,41482.0
2024-09-05 10:22:00+00:00,WHLR,3.059999942779541,3.059999942779541,3.130000114440918,2.9600000381469727,3.0799999237060547,276806.0
2024-09-05 10:23:00+00:00,AFCG,10.420000076293945,10.420000076293945,10.430000305175781,10.40999984741211,10.430000305175781,3751.0
2024-09-05 10:23:00+00:00,AGNC,10.225000381469727,10.225000381469727,10.229900360107422,10.220000267028809,10.229900360107422,2037.0
2024-09-05 10:23:00+00:00,DHC,3.380000114440918,3.380000114440918,3.380000114440918,3.380000114440918,3.380000114440918,288.0
2024-09-05 10:23:00+00:00,EQIX,827.9949951171875,827.9949951171875,828.4099731445312,827.9949951171875,828.4099731445312,308.0
2024-09-05 10:23:00+00:00,EXPI,11.795000076293945,11.795000076293945,11.800000190734863,11.789999961853027,11.800000190734863,966.0
2024-09-05 10:23:00+00:00,GLPI,51.970001220703125,51.970001220703125,51.970001220703125,51.959999084472656,51.959999084472656,1079.0
2024-09-05 10:23:00+00:00,GOOD,15.380000114440918,15.380000114440918,15.381999969482422,15.380000114440918,15.381999969482422,1082.0
2024-09-05 10:23:00+00:00,HST,16.885000228881836,16.885000228881836,16.885000228881836,16.885000228881836,16.885000228881836,1398.0
2024-09-05 10:23:00+00:00,NMRK,14.359999656677246,14.359999656677246,14.380000114440918,14.359999656677246,14.380000114440918,3185.0
2024-09-05 10:23:00+00:00,OPEN,1.996899962425232,1.996899962425232,2.009999990463257,1.996899962425232,2.005000114440918,136061.0
2024-09-05 10:23:00+00:00,RDFN,9.65999984741211,9.65999984741211,9.6899995803833,9.65999984741211,9.6899995803833,7904.0
2024-09-05 10:23:00+00:00,REG,73.69499969482422,73.69499969482422,73.69499969482422,73.66999816894531,73.68000030517578,3149.0
2024-09-05 10:23:00+00:00,ROIC,15.385000228881836,15.385000228881836,15.390000343322754,15.385000228881836,15.390000343322754,917.0
2024-09-05 10:23:00+00:00,SBAC,236.91000366210938,236.91000366210938,236.91000366210938,236.7949981689453,236.7949981689453,1679.0
2024-09-05 10:23:00+00:00,SBRA,17.549999237060547,17.549999237060547,17.549999237060547,17.545000076293945,17.549999237060547,506.0
2024-09-05 10:23:00+00:00,SVC,4.650000095367432,4.650000095367432,4.650000095367432,4.650000095367432,4.650000095367432,6330.0
2024-09-05 10:23:00+00:00,UNIT,5.235000133514404,5.235000133514404,5.25,5.220300197601318,5.22730016708374,74530.0
2024-09-05 10:23:00+00:00,WHLR,3.130000114440918,3.130000114440918,3.157599925994873,2.990000009536743,3.049999952316284,352768.0
2024-09-05 10:24:00+00:00,AGNC,10.225000381469727,10.225000381469727,10.229999542236328,10.222200393676758,10.225000381469727,1241.0
2024-09-05 10:24:00+00:00,AGNCL,24.012500762939453,24.012500762939453,24.012500762939453,24.012500762939453,24.012500762939453,3404.0
2024-09-05 10:24:00+00:00,AGNCP,24.24920082092285,24.24920082092285,24.24920082092285,24.24920082092285,24.24920082092285,5500.0
2024-09-05 10:24:00+00:00,BPYPO,13.470600128173828,13.470600128173828,13.470600128173828,13.470600128173828,13.470600128173828,192.0
2024-09-05 10:24:00+00:00,CSGP,77.49500274658203,77.49500274658203,77.5,77.46499633789062,77.46499633789062,1073.0
2024-09-05 10:24:00+00:00,EQIX,828.75,828.75,828.75,828.75,828.75,154.0
2024-09-05 10:24:00+00:00,EXPI,11.819999694824219,11.819999694824219,11.824999809265137,11.819999694824219,11.824999809265137,442.0
2024-09-05 10:24:00+00:00,GLPI,51.93000030517578,51.93000030517578,51.970001220703125,51.93000030517578,51.959999084472656,4185.0
2024-09-05 10:24:00+00:00,GOOD,15.375,15.375,15.380000114440918,15.375,15.380000114440918,2113.0
2024-09-05 10:24:00+00:00,HST,16.889999389648438,16.889999389648438,16.905000686645508,16.885000228881836,16.885000228881836,12316.0
2024-09-05 10:24:00+00:00,LAMR,126.30000305175781,126.30000305175781,126.30000305175781,126.18000030517578,126.18000030517578,370.0
2024-09-05 10:24:00+00:00,MDJH,1.0499999523162842,1.0499999523162842,1.0499999523162842,1.0499999523162842,1.0499999523162842,2016.0
2024-09-05 10:24:00+00:00,NMRK,14.375,14.375,14.390000343322754,14.369999885559082,14.375,3693.0
2024-09-05 10:24:00+00:00,NYMT,6.414999961853027,6.414999961853027,6.414999961853027,6.414999961853027,6.414999961853027,363.0
2024-09-05 10:24:00+00:00,OPEN,1.9950000047683716,1.9950000047683716,1.9997999668121338,1.9900000095367432,1.9950000047683716,40669.0
2024-09-05 10:24:00+00:00,OPI,2.1549999713897705,2.1549999713897705,2.1549999713897705,2.1500000953674316,2.1500000953674316,551.0
2024-09-05 10:24:00+00:00,PECO,37.38999938964844,37.38999938964844,37.38999938964844,37.38999938964844,37.38999938964844,456.0
2024-09-05 10:24:00+00:00,RDFN,9.680000305175781,9.680000305175781,9.6899995803833,9.649999618530273,9.649999618530273,5699.0
2024-09-05 10:24:00+00:00,REAX,5.855000019073486,5.855000019073486,5.855000019073486,5.849999904632568,5.849999904632568,859.0
2024-09-05 10:24:00+00:00,REG,73.75,73.75,73.76000213623047,73.69999694824219,73.7300033569336,4459.0
2024-09-05 10:24:00+00:00,ROIC,15.385000228881836,15.385000228881836,15.390000343322754,15.380999565124512,15.385000228881836,827.0
2024-09-05 10:24:00+00:00,SBAC,236.90499877929688,236.90499877929688,236.90499877929688,236.7550048828125,236.7550048828125,1479.0
2024-09-05 10:24:00+00:00,SBRA,17.524999618530273,17.524999618530273,17.524999618530273,17.524999618530273,17.524999618530273,3015.0
2024-09-05 10:24:00+00:00,SQFT,0.699999988079071,0.699999988079071,0.699999988079071,0.699999988079071,0.699999988079071,753.0
2024-09-05 10:24:00+00:00,SVC,4.668099880218506,4.668099880218506,4.668099880218506,4.65500020980835,4.65500020980835,5693.0
2024-09-05 10:24:00+00:00,UNIT,5.235000133514404,5.235000133514404,5.239999771118164,5.2322001457214355,5.239999771118164,11357.0
2024-09-05 10:24:00+00:00,WHLR,2.869999885559082,2.869999885559082,3.119999885559082,2.734999895095825,3.1015000343322754,388054.0
2024-09-05 10:25:00+00:00,AGNC,10.223699569702148,10.223699569702148,10.229999542236328,10.223699569702148,10.225000381469727,98441.0
2024-09-05 10:25:00+00:00,CIGI,141.92999267578125,141.92999267578125,142.0,141.92999267578125,142.0,493.0
2024-09-05 10:25:00+00:00,CSGP,77.5,77.5,77.51000213623047,77.5,77.51000213623047,667.0
2024-09-05 10:25:00+00:00,DHC,3.384999990463257,3.384999990463257,3.384999990463257,3.384999990463257,3.384999990463257,324.0
2024-09-05 10:25:00+00:00,EQIX,828.0150146484375,828.0150146484375,828.0150146484375,828.0150146484375,828.0150146484375,152.0
2024-09-05 10:25:00+00:00,GLPI,51.939998626708984,51.939998626708984,51.939998626708984,51.939998626708984,51.939998626708984,114.0
2024-09-05 10:25:00+00:00,GOOD,15.359999656677246,15.359999656677246,15.369999885559082,15.359999656677246,15.369999885559082,909.0
2024-09-05 10:25:00+00:00,HST,16.885000228881836,16.885000228881836,16.885000228881836,16.885000228881836,16.885000228881836,3331.0
2024-09-05 10:25:00+00:00,LAMR,126.29499816894531,126.29499816894531,126.29499816894531,126.29499816894531,126.29499816894531,655.0
2024-09-05 10:25:00+00:00,NMRK,14.385000228881836,14.385000228881836,14.385000228881836,14.369999885559082,14.369999885559082,1064.0
2024-09-05 10:25:00+00:00,OPEN,1.9950000047683716,1.9950000047683716,2.0,1.9900000095367432,1.9950000047683716,173230.0
2024-09-05 10:25:00+00:00,OPI,2.1549999713897705,2.1549999713897705,2.1549999713897705,2.1549999713897705,2.1549999713897705,275.0
2024-09-05 10:25:00+00:00,PECO,37.38999938964844,37.38999938964844,37.38999938964844,37.38999938964844,37.38999938964844,303.0
2024-09-05 10:25:00+00:00,RDFN,9.675000190734863,9.675000190734863,9.675000190734863,9.670000076293945,9.670000076293945,10309.0
2024-09-05 10:25:00+00:00,REG,73.75,73.75,73.75,73.71499633789062,73.71499633789062,3229.0
2024-09-05 10:25:00+00:00,ROIC,15.385000228881836,15.385000228881836,15.390000343322754,15.385000228881836,15.385000228881836,437.0
2024-09-05 10:25:00+00:00,SBAC,236.83999633789062,236.83999633789062,236.83999633789062,236.83999633789062,236.83999633789062,562.0
2024-09-05 10:25:00+00:00,SBRA,17.53499984741211,17.53499984741211,17.53499984741211,17.53499984741211,17.53499984741211,473.0
2024-09-05 10:25:00+00:00,SVC,4.659999847412109,4.659999847412109,4.659999847412109,4.659999847412109,4.659999847412109,202.0
2024-09-05 10:25:00+00:00,UK,1.399999976158142,1.399999976158142,1.399999976158142,1.399999976158142,1.399999976158142,308.0
2024-09-05 10:25:00+00:00,UNIT,5.264999866485596,5.264999866485596,5.269999980926514,5.23199987411499,5.235000133514404,31194.0
2024-09-05 10:25:00+00:00,WHLR,2.7699999809265137,2.7699999809265137,2.880000114440918,2.7699999809265137,2.8798999786376953,179188.0
2024-09-05 10:26:00+00:00,AGNC,10.220100402832031,10.220100402832031,10.229499816894531,10.220100402832031,10.225000381469727,7995.0
2024-09-05 10:26:00+00:00,CIGI,142.343505859375,142.343505859375,142.343505859375,142.343505859375,142.343505859375,300.0
2024-09-05 10:26:00+00:00,CSGP,77.44000244140625,77.44000244140625,77.44000244140625,77.4000015258789,77.41999816894531,1872.0
2024-09-05 10:26:00+00:00,EQIX,829.0,829.0,829.0,829.0,829.0,671.0
2024-09-05 10:26:00+00:00,EXPI,11.8100004196167,11.8100004196167,11.8100004196167,11.8100004196167,11.8100004196167,733.0
2024-09-05 10:26:00+00:00,GLPI,51.939998626708984,51.939998626708984,51.939998626708984,51.939998626708984,51.939998626708984,1394.0
2024-09-05 10:26:00+00:00,GOOD,15.344200134277344,15.344200134277344,15.344200134277344,15.342000007629395,15.342000007629395,1085.0
2024-09-05 10:26:00+00:00,HST,16.8799991607666,16.8799991607666,16.885000228881836,16.8799991607666,16.885000228881836,1201.0
2024-09-05 10:26:00+00:00,NMRK,14.380000114440918,14.380000114440918,14.380000114440918,14.375,14.375,1570.0
2024-09-05 10:26:00+00:00,NYMT,6.416800022125244,6.416800022125244,6.416800022125244,6.414999961853027,6.414999961853027,508.0
2024-09-05 10:26:00+00:00,OPEN,1.9950000047683716,1.9950000047683716,2.0,1.9900000095367432,1.9900000095367432,16750.0
2024-09-05 10:26:00+00:00,PECO,37.3849983215332,37.3849983215332,37.3849983215332,37.3849983215332,37.3849983215332,279.0
2024-09-05 10:26:00+00:00,RDFN,9.699999809265137,9.699999809265137,9.699999809265137,9.699999809265137,9.699999809265137,12976.0
2024-09-05 10:26:00+00:00,REG,73.72000122070312,73.72000122070312,73.72000122070312,73.69499969482422,73.72000122070312,2028.0
2024-09-05 10:26:00+00:00,ROIC,15.385000228881836,15.385000228881836,15.385000228881836,15.385000228881836,15.385000228881836,413.0
2024-09-05 10:26:00+00:00,SBAC,236.8350067138672,236.8350067138672,236.8350067138672,236.8350067138672,236.8350067138672,1391.0
2024-09-05 10:26:00+00:00,SBRA,17.53499984741211,17.53499984741211,17.53499984741211,17.53499984741211,17.53499984741211,381.0
2024-09-05 10:26:00+00:00,SVC,4.659999847412109,4.659999847412109,4.659999847412109,4.659999847412109,4.659999847412109,1658.0
2024-09-05 10:26:00+00:00,UNIT,5.264999866485596,5.264999866485596,5.264999866485596,5.260000228881836,5.260000228881836,3880.0
2024-09-05 10:26:00+00:00,WHLR,2.815000057220459,2.815000057220459,2.838900089263916,2.799999952316284,2.799999952316284,178054.0
2024-09-05 10:27:00+00:00,AGNC,10.225000381469727,10.225000381469727,10.229999542236328,10.220000267028809,10.229999542236328,10911.0
2024-09-05 10:27:00+00:00,CSGP,77.45500183105469,77.45500183105469,77.45500183105469,77.45500183105469,77.45500183105469,170.0
2024-09-05 10:27:00+00:00,DHC,3.390000104904175,3.390000104904175,3.390000104904175,3.384999990463257,3.390000104904175,2102.0
2024-09-05 10:27:00+00:00,EQIX,828.0150146484375,828.0150146484375,828.0150146484375,828.0150146484375,828.0150146484375,602.0
2024-09-05 10:27:00+00:00,GLPI,51.90999984741211,51.90999984741211,51.93000030517578,51.90999984741211,51.93000030517578,1107.0
2024-09-05 10:27:00+00:00,HST,16.885000228881836,16.885000228881836,16.885000228881836,16.8799991607666,16.885000228881836,1930.0
2024-09-05 10:27:00+00:00,ILPT,4.789999961853027,4.789999961853027,4.789999961853027,4.789999961853027,4.789999961853027,169.0
2024-09-05 10:27:00+00:00,NMRK,14.34000015258789,14.34000015258789,14.380000114440918,14.34000015258789,14.380000114440918,5174.0
2024-09-05 10:27:00+00:00,OPEN,2.0,2.0,2.0,1.9900000095367432,1.9950000047683716,16867.0
2024-09-05 10:27:00+00:00,PCH,43.34000015258789,43.34000015258789,43.34000015258789,43.34000015258789,43.34000015258789,239.0
2024-09-05 10:27:00+00:00,RDFN,9.699999809265137,9.699999809265137,9.704999923706055,9.694999694824219,9.699999809265137,27452.0
2024-09-05 10:27:00+00:00,REAX,5.844200134277344,5.844200134277344,5.844200134277344,5.844200134277344,5.844200134277344,1291.0
2024-09-05 10:27:00+00:00,REG,73.7300033569336,73.7300033569336,73.75499725341797,73.7300033569336,73.75,1802.0
2024-09-05 10:27:00+00:00,ROIC,15.385000228881836,15.385000228881836,15.385000228881836,15.385000228881836,15.385000228881836,1162.0
2024-09-05 10:27:00+00:00,SBRA,17.530000686645508,17.530000686645508,17.53499984741211,17.524999618530273,17.530000686645508,4798.0
2024-09-05 10:27:00+00:00,SEVN,13.729999542236328,13.729999542236328,13.729999542236328,13.729999542236328,13.729999542236328,989.0
2024-09-05 10:27:00+00:00,SVC,4.65500020980835,4.65500020980835,4.65500020980835,4.65500020980835,4.65500020980835,1523.0
2024-09-05 10:27:00+00:00,UNIT,5.267000198364258,5.267000198364258,5.269999980926514,5.264999866485596,5.264999866485596,97352.0
2024-09-05 10:27:00+00:00,WHLR,3.0910000801086426,3.0910000801086426,3.0999999046325684,2.7699999809265137,2.819999933242798,397496.0
2024-09-05 10:28:00+00:00,AEI,1.1699999570846558,1.1699999570846558,1.1711000204086304,1.1699999570846558,1.1711000204086304,1242.0
2024-09-05 10:28:00+00:00,AGNC,10.210000038146973,10.210000038146973,10.225000381469727,10.210000038146973,10.225000381469727,88978.0
2024-09-05 10:28:00+00:00,CIGI,141.77000427246094,141.77000427246094,141.77999877929688,141.6300048828125,141.77000427246094,1069.0
2024-09-05 10:28:00+00:00,CSGP,77.44999694824219,77.44999694824219,77.44999694824219,77.44000244140625,77.44000244140625,630.0
2024-09-05 10:28:00+00:00,EQIX,828.8699951171875,828.8699951171875,828.8699951171875,828.8699951171875,828.8699951171875,1285.0
2024-09-05 10:28:00+00:00,EXPI,11.829999923706055,11.829999923706055,11.829999923706055,11.819999694824219,11.819999694824219,531.0
2024-09-05 10:28:00+00:00,GLPI,51.91999816894531,51.91999816894531,51.91999816894531,51.91999816894531,51.91999816894531,1292.0
2024-09-05 10:28:00+00:00,HST,16.885000228881836,16.885000228881836,16.885000228881836,16.8799991607666,16.885000228881836,2261.0
2024-09-05 10:28:00+00:00,ILPT,4.789999961853027,4.789999961853027,4.789999961853027,4.784999847412109,4.789999961853027,832.0
2024-09-05 10:28:00+00:00,LAMR,126.13999938964844,126.13999938964844,126.13999938964844,126.13999938964844,126.13999938964844,268.0
2024-09-05 10:28:00+00:00,LSEA,11.609999656677246,11.609999656677246,11.609999656677246,11.609999656677246,11.609999656677246,453.0
2024-09-05 10:28:00+00:00,OPEN,1.9950000047683716,1.9950000047683716,1.9950000047683716,1.9900000095367432,1.9950000047683716,38269.0
2024-09-05 10:28:00+00:00,PCH,43.310001373291016,43.310001373291016,43.310001373291016,43.310001373291016,43.310001373291016,311.0
2024-09-05 10:28:00+00:00,PECO,37.415000915527344,37.415000915527344,37.415000915527344,37.40999984741211,37.40999984741211,326.0
2024-09-05 10:28:00+00:00,RDFN,9.718299865722656,9.718299865722656,9.75,9.694999694824219,9.699999809265137,43843.0
2024-09-05 10:28:00+00:00,REAX,5.840000152587891,5.840000152587891,5.840000152587891,5.840000152587891,5.840000152587891,411.0
2024-09-05 10:28:00+00:00,REG,73.75499725341797,73.75499725341797,73.75499725341797,73.7249984741211,73.75,2986.0
2024-09-05 10:28:00+00:00,ROIC,15.385000228881836,15.385000228881836,15.385000228881836,15.385000228881836,15.385000228881836,158.0
2024-09-05 10:28:00+00:00,SBAC,236.99000549316406,236.99000549316406,236.99000549316406,236.99000549316406,236.99000549316406,2321.0
2024-09-05 10:28:00+00:00,SBRA,17.530000686645508,17.530000686645508,17.545000076293945,17.530000686645508,17.530000686645508,2433.0
2024-09-05 10:28:00+00:00,UNIT,5.295000076293945,5.295000076293945,5.310999870300293,5.264999866485596,5.264999866485596,419280.0
2024-09-05 10:28:00+00:00,WHLR,3.069999933242798,3.069999933242798,3.0999999046325684,3.0,3.059999942779541,402538.0
2024-09-05 10:29:00+00:00,AFCG,10.4350004196167,10.4350004196167,10.4350004196167,10.40999984741211,10.420000076293945,2572.0
2024-09-05 10:29:00+00:00,AGNC,10.220000267028809,10.220000267028809,10.220000267028809,10.210000038146973,10.21500015258789,3253.0
2024-09-05 10:29:00+00:00,AGNCP,24.25,24.25,24.25,24.25,24.25,0.0
2024-09-05 10:29:00+00:00,CIGI,142.0449981689453,142.0449981689453,142.0500030517578,141.75,141.7899932861328,2742.0
2024-09-05 10:29:00+00:00,CSGP,77.42500305175781,77.42500305175781,77.42500305175781,77.4000015258789,77.4000015258789,1279.0
2024-09-05 10:29:00+00:00,DHC,3.4049999713897705,3.4049999713897705,3.4049999713897705,3.390000104904175,3.390000104904175,5972.0
2024-09-05 10:29:00+00:00,EXPI,11.805000305175781,11.805000305175781,11.829999923706055,11.800000190734863,11.829999923706055,3208.0
2024-09-05 10:29:00+00:00,FTHM,2.7200000286102295,2.7200000286102295,2.7200000286102295,2.7200000286102295,2.7200000286102295,100.0
2024-09-05 10:29:00+00:00,GLPI,51.904998779296875,51.904998779296875,51.93000030517578,51.88999938964844,51.93000030517578,3343.0
2024-09-05 10:29:00+00:00,GOOD,15.359999656677246,15.359999656677246,15.359999656677246,15.359999656677246,15.359999656677246,584.0
2024-09-05 10:29:00+00:00,HST,16.8700008392334,16.8700008392334,16.8799991607666,16.8700008392334,16.8799991607666,7252.0
2024-09-05 10:29:00+00:00,LSEA,11.609999656677246,11.609999656677246,11.640000343322754,11.609999656677246,11.640000343322754,704.0
2024-09-05 10:29:00+00:00,NMRK,14.350000381469727,14.350000381469727,14.350000381469727,14.350000381469727,14.350000381469727,1248.0
2024-09-05 10:29:00+00:00,NYMT,6.409999847412109,6.409999847412109,6.409999847412109,6.409999847412109,6.409999847412109,773.0
2024-09-05 10:29:00+00:00,OPEN,1.9850000143051147,1.9850000143051147,1.9950000047683716,1.9800000190734863,1.9950000047683716,89172.0
2024-09-05 10:29:00+00:00,OPI,2.1549999713897705,2.1549999713897705,2.1549999713897705,2.1549999713897705,2.1549999713897705,3201.0
2024-09-05 10:29:00+00:00,PCH,43.33000183105469,43.33000183105469,43.33000183105469,43.310001373291016,43.310001373291016,1670.0
2024-09-05 10:29:00+00:00,RDFN,9.699999809265137,9.699999809265137,9.710000038146973,9.65999984741211,9.710000038146973,17340.0
2024-09-05 10:29:00+00:00,REAX,5.809999942779541,5.809999942779541,5.809999942779541,5.809999942779541,5.809999942779541,744.0
2024-09-05 10:29:00+00:00,REFI,15.880499839782715,15.880499839782715,15.890000343322754,15.880499839782715,15.890000343322754,1082.0
2024-09-05 10:29:00+00:00,REG,73.7300033569336,73.7300033569336,73.76000213623047,73.7300033569336,73.76000213623047,2103.0
2024-09-05 10:29:00+00:00,ROIC,15.380000114440918,15.380000114440918,15.380000114440918,15.380000114440918,15.380000114440918,6390.0
2024-09-05 10:29:00+00:00,SBAC,236.97999572753906,236.97999572753906,236.98500061035156,236.97000122070312,236.97999572753906,2021.0
2024-09-05 10:29:00+00:00,SBRA,17.523500442504883,17.523500442504883,17.530000686645508,17.523500442504883,17.530000686645508,2410.0
2024-09-05 10:29:00+00:00,SVC,4.650000095367432,4.650000095367432,4.650000095367432,4.650000095367432,4.650000095367432,436.0
2024-09-05 10:29:00+00:00,UNIT,5.251100063323975,5.251100063323975,5.295000076293945,5.25,5.295000076293945,34031.0
2024-09-05 10:29:00+00:00,WHLR,2.9800000190734863,2.9800000190734863,2.9800000190734863,2.9800000190734863,2.9800000190734863,764599.0
2024-09-05 10:30:00+00:00,AGNC,10.220000267028809,10.220000267028809,10.225000381469727,10.21500015258789,10.21500015258789,19909.0
2024-09-05 10:30:00+00:00,AGNCM,25.25,25.25,25.25,25.25,25.25,117.0
2024-09-05 10:30:00+00:00,AGNCP,24.25,24.25,24.25,24.249900817871094,24.249900817871094,3392.0
2024-09-05 10:30:00+00:00,CIGI,142.1750030517578,142.1750030517578,142.1750030517578,142.1750030517578,142.1750030517578,406.0
2024-09-05 10:30:00+00:00,CSGP,77.44499969482422,77.44499969482422,77.48999786376953,77.43499755859375,77.44000244140625,4596.0
2024-09-05 10:30:00+00:00,DHC,3.4100000858306885,3.4100000858306885,3.4100000858306885,3.4100000858306885,3.4100000858306885,630.0
2024-09-05 10:30:00+00:00,EQIX,828.8599853515625,828.8599853515625,828.8699951171875,828.030029296875,828.8699951171875,2010.0
2024-09-05 10:30:00+00:00,FSV,180.17999267578125,180.17999267578125,180.17999267578125,180.17999267578125,180.17999267578125,468.0
2024-09-05 10:30:00+00:00,GLPI,51.94499969482422,51.94499969482422,51.94499969482422,51.900001525878906,51.904998779296875,2416.0
2024-09-05 10:30:00+00:00,GOOD,15.369999885559082,15.369999885559082,15.369999885559082,15.369999885559082,15.369999885559082,132.0
2024-09-05 10:30:00+00:00,HST,16.905000686645508,16.905000686645508,16.905000686645508,16.8799991607666,16.8799991607666,13147.0
2024-09-05 10:30:00+00:00,ILPT,4.800000190734863,4.800000190734863,4.800000190734863,4.800000190734863,4.800000190734863,670.0
2024-09-05 10:30:00+00:00,LAMR,126.25,126.25,126.25,126.25,126.25,977.0
2024-09-05 10:30:00+00:00,LAND,13.680000305175781,13.680000305175781,13.680000305175781,13.680000305175781,13.680000305175781,799.0
2024-09-05 10:30:00+00:00,LSEA,11.65999984741211,11.65999984741211,11.65999984741211,11.640000343322754,11.640000343322754,306.0
2024-09-05 10:30:00+00:00,NMRK,14.369999885559082,14.369999885559082,14.369999885559082,14.359999656677246,14.359999656677246,2768.0
2024-09-05 10:30:00+00:00,OPEN,2.005000114440918,2.005000114440918,2.005000114440918,1.9800000190734863,1.9850000143051147,118572.0
2024-09-05 10:30:00+00:00,OPI,2.1549999713897705,2.1549999713897705,2.1549999713897705,2.1549999713897705,2.1549999713897705,206.0
2024-09-05 10:30:00+00:00,PCH,43.349998474121094,43.349998474121094,43.36000061035156,43.349998474121094,43.36000061035156,1283.0
2024-09-05 10:30:00+00:00,PECO,37.439998626708984,37.439998626708984,37.439998626708984,37.404998779296875,37.404998779296875,962.0
2024-09-05 10:30:00+00:00,RDFN,9.75,9.75,9.770000457763672,9.739999771118164,9.739999771118164,6515.0
2024-09-05 10:30:00+00:00,REAX,5.818999767303467,5.818999767303467,5.820000171661377,5.809999942779541,5.820000171661377,1566.0
2024-09-05 10:30:00+00:00,REG,73.80000305175781,73.80000305175781,73.80000305175781,73.77999877929688,73.77999877929688,2422.0
2024-09-05 10:30:00+00:00,ROIC,15.395000457763672,15.395000457763672,15.395000457763672,15.375,15.380000114440918,5253.0
2024-09-05 10:30:00+00:00,SBAC,236.7100067138672,236.7100067138672,236.97000122070312,236.6300048828125,236.6300048828125,2413.0
2024-09-05 10:30:00+00:00,SBRA,17.545000076293945,17.545000076293945,17.545000076293945,17.530000686645508,17.530000686645508,0.0
2024-09-05 10:30:00+00:00,SVC,4.650000095367432,4.650000095367432,4.650000095367432,4.642499923706055,4.642499923706055,1141.0
2024-09-05 10:30:00+00:00,UNIT,5.244999885559082,5.244999885559082,5.264999866485596,5.235000133514404,5.255000114440918,54190.0
2024-09-05 10:30:00+00:00,WHLR,2.9453999996185303,2.9453999996185303,3.0399999618530273,2.8499999046325684,2.999000072479248,219995.0
2024-09-05 10:31:00+00:00,AFCG,10.420000076293945,10.420000076293945,10.420000076293945,10.420000076293945,10.420000076293945,749.0
2024-09-05 10:31:00+00:00,AGNC,10.220000267028809,10.220000267028809,10.229999542236328,10.220000267028809,10.229999542236328,3894.0
2024-09-05 10:31:00+00:00,AGNCO,24.989900588989258,24.989900588989258,24.989900588989258,24.989900588989258,24.989900588989258,217.0
2024-09-05 10:31:00+00:00,AGNCP,24.25,24.25,24.25,24.25,24.25,205.0
2024-09-05 10:31:00+00:00,CIGI,142.1750030517578,142.1750030517578,142.4199981689453,142.0500030517578,142.4199981689453,357.0
2024-09-05 10:31:00+00:00,CSGP,77.44999694824219,77.44999694824219,77.44999694824219,77.44999694824219,77.44999694824219,6695.0
2024-09-05 10:31:00+00:00,DUO,0.38109999895095825,0.38109999895095825,0.38109999895095825,0.38109999895095825,0.38109999895095825,10007.0
2024-09-05 10:31:00+00:00,EQIX,828.239990234375,828.239990234375,828.239990234375,828.239990234375,828.239990234375,661.0
2024-09-05 10:31:00+00:00,GLPI,51.959999084472656,51.959999084472656,51.959999084472656,51.94499969482422,51.94499969482422,2070.0
2024-09-05 10:31:00+00:00,GOOD,15.369999885559082,15.369999885559082,15.369999885559082,15.369999885559082,15.369999885559082,347.0
2024-09-05 10:31:00+00:00,HST,16.895000457763672,16.895000457763672,16.905000686645508,16.895000457763672,16.905000686645508,4105.0
2024-09-05 10:31:00+00:00,LSEA,11.65999984741211,11.65999984741211,11.65999984741211,11.65999984741211,11.65999984741211,198.0
2024-09-05 10:31:00+00:00,NMRK,14.380000114440918,14.380000114440918,14.38599967956543,14.380000114440918,14.38599967956543,1759.0
2024-09-05 10:31:00+00:00,NYMT,6.409999847412109,6.409999847412109,6.409999847412109,6.409999847412109,6.409999847412109,200.0
2024-09-05 10:31:00+00:00,OPEN,1.9850000143051147,1.9850000143051147,2.007499933242798,1.9800000190734863,2.0,175251.0
2024-09-05 10:31:00+00:00,PECO,37.41999816894531,37.41999816894531,37.45500183105469,37.41999816894531,37.45500183105469,848.0
2024-09-05 10:31:00+00:00,RDFN,9.729999542236328,9.729999542236328,9.774999618530273,9.71500015258789,9.770000457763672,14990.0
2024-09-05 10:31:00+00:00,REG,73.80000305175781,73.80000305175781,73.80000305175781,73.80000305175781,73.80000305175781,1127.0
2024-09-05 10:31:00+00:00,ROIC,15.385000228881836,15.385000228881836,15.390000343322754,15.385000228881836,15.390000343322754,1018.0
2024-09-05 10:31:00+00:00,SBAC,236.9199981689453,236.9199981689453,236.9199981689453,236.9199981689453,236.9199981689453,1101.0
2024-09-05 10:31:00+00:00,SBRA,17.549999237060547,17.549999237060547,17.549999237060547,17.545000076293945,17.545000076293945,454.0
2024-09-05 10:31:00+00:00,SVC,4.650000095367432,4.650000095367432,4.650000095367432,4.650000095367432,4.650000095367432,2030.0
2024-09-05 10:31:00+00:00,UNIT,5.260000228881836,5.260000228881836,5.264999866485596,5.244999885559082,5.25,13086.0
2024-09-05 10:31:00+00:00,WHLR,2.869999885559082,2.869999885559082,2.9800000190734863,2.859999895095825,2.9491000175476074,119925.0
2024-09-05 10:32:00+00:00,AGNC,10.225000381469727,10.225000381469727,10.226699829101562,10.220000267028809,10.220000267028809,7642.0
2024-09-05 10:32:00+00:00,CSGP,77.3499984741211,77.3499984741211,77.37000274658203,77.33999633789062,77.33999633789062,4494.0
2024-09-05 10:32:00+00:00,EQIX,827.0250244140625,827.0250244140625,828.0800170898438,827.0250244140625,828.0800170898438,1574.0
2024-09-05 10:32:00+00:00,GLPI,51.90999984741211,51.90999984741211,51.94499969482422,51.90999984741211,51.94499969482422,1179.0
2024-09-05 10:32:00+00:00,HST,16.889999389648438,16.889999389648438,16.895000457763672,16.889999389648438,16.895000457763672,3033.0
2024-09-05 10:32:00+00:00,LAMR,126.15499877929688,126.15499877929688,126.19999694824219,126.08000183105469,126.19999694824219,1089.0
2024-09-05 10:32:00+00:00,LAND,13.65999984741211,13.65999984741211,13.65999984741211,13.65999984741211,13.65999984741211,598.0
2024-09-05 10:32:00+00:00,NMRK,14.370100021362305,14.370100021362305,14.375,14.369999885559082,14.369999885559082,999.0
2024-09-05 10:32:00+00:00,NYMT,6.394999980926514,6.394999980926514,6.400000095367432,6.394999980926514,6.400000095367432,2150.0
2024-09-05 10:32:00+00:00,OPEN,1.9800000190734863,1.9800000190734863,1.9850000143051147,1.9800000190734863,1.9850000143051147,34012.0
2024-09-05 10:32:00+00:00,OPI,2.1549999713897705,2.1549999713897705,2.1549999713897705,2.1549999713897705,2.1549999713897705,181.0
2024-09-05 10:32:00+00:00,PECO,37.40999984741211,37.40999984741211,37.40999984741211,37.40999984741211,37.40999984741211,355.0
2024-09-05 10:32:00+00:00,RDFN,9.704999923706055,9.704999923706055,9.720000267028809,9.689900398254395,9.720000267028809,20504.0
2024-09-05 10:32:00+00:00,REAX,5.829999923706055,5.829999923706055,5.829999923706055,5.829999923706055,5.829999923706055,732.0
2024-09-05 10:32:00+00:00,REG,73.83499908447266,73.83499908447266,73.83499908447266,73.7699966430664,73.80000305175781,2888.0
2024-09-05 10:32:00+00:00,ROIC,15.375,15.375,15.380000114440918,15.375,15.380000114440918,1320.0
2024-09-05 10:32:00+00:00,SBRA,17.53499984741211,17.53499984741211,17.549999237060547,17.53499984741211,17.549999237060547,1714.0
2024-09-05 10:32:00+00:00,UNIT,5.246500015258789,5.246500015258789,5.25,5.244999885559082,5.25,10338.0
2024-09-05 10:32:00+00:00,WHLR,2.799999952316284,2.799999952316284,2.859999895095825,2.7200000286102295,2.8499999046325684,287355.0
2024-09-05 10:33:00+00:00,AGNC,10.220000267028809,10.220000267028809,10.229999542236328,10.220000267028809,10.229999542236328,6372.0
2024-09-05 10:33:00+00:00,AGNCO,24.981300354003906,24.981300354003906,24.981300354003906,24.981300354003906,24.981300354003906,10000.0
2024-09-05 10:33:00+00:00,CIGI,142.17999267578125,142.17999267578125,142.17999267578125,142.17999267578125,142.17999267578125,201.0
2024-09-05 10:33:00+00:00,CSGP,77.36000061035156,77.36000061035156,77.37000274658203,77.36000061035156,77.37000274658203,1480.0
2024-09-05 10:33:00+00:00,EQIX,827.7899780273438,827.7899780273438,827.9400024414062,827.7899780273438,827.9400024414062,762.0
2024-09-05 10:33:00+00:00,GIPR,2.2899999618530273,2.2899999618530273,2.2899999618530273,2.2899999618530273,2.2899999618530273,1055.0
2024-09-05 10:33:00+00:00,GLPI,51.91999816894531,51.91999816894531,51.91999816894531,51.90999984741211,51.91999816894531,878.0
2024-09-05 10:33:00+00:00,GOOD,15.369999885559082,15.369999885559082,15.369999885559082,15.369999885559082,15.369999885559082,1001.0
2024-09-05 10:33:00+00:00,HST,16.889999389648438,16.889999389648438,16.889999389648438,16.889999389648438,16.889999389648438,995.0
2024-09-05 10:33:00+00:00,NMRK,14.375,14.375,14.380000114440918,14.369999885559082,14.380000114440918,624.0
2024-09-05 10:33:00+00:00,NYMT,6.400000095367432,6.400000095367432,6.400000095367432,6.400000095367432,6.400000095367432,232.0
2024-09-05 10:33:00+00:00,OPEN,1.9869999885559082,1.9869999885559082,1.9900000095367432,1.9800000190734863,1.9850000143051147,10744.0
2024-09-05 10:33:00+00:00,RDFN,9.710000038146973,9.710000038146973,9.710000038146973,9.691499710083008,9.699999809265137,10810.0
2024-09-05 10:33:00+00:00,REG,73.8499984741211,73.8499984741211,73.8550033569336,73.80999755859375,73.83499908447266,2014.0
2024-09-05 10:33:00+00:00,ROIC,15.375,15.375,15.375,15.375,15.375,494.0
2024-09-05 10:33:00+00:00,SBAC,236.7449951171875,236.7449951171875,236.7449951171875,236.67999267578125,236.67999267578125,214.0
2024-09-05 10:33:00+00:00,SBRA,17.54199981689453,17.54199981689453,17.545000076293945,17.54199981689453,17.545000076293945,969.0
2024-09-05 10:33:00+00:00,UNIT,5.255000114440918,5.255000114440918,5.258800029754639,5.244999885559082,5.244999885559082,7413.0
2024-09-05 10:33:00+00:00,WHLR,2.8515000343322754,2.8515000343322754,2.9000000953674316,2.75,2.7950000762939453,187973.0
2024-09-05 10:34:00+00:00,AFCG,10.40999984741211,10.40999984741211,10.40999984741211,10.40999984741211,10.40999984741211,199.0
2024-09-05 10:34:00+00:00,AGNC,10.225000381469727,10.225000381469727,10.229999542236328,10.225000381469727,10.225000381469727,4802.0
2024-09-05 10:34:00+00:00,AGNCO,24.920000076293945,24.920000076293945,24.985000610351562,24.920000076293945,24.985000610351562,270.0
2024-09-05 10:34:00+00:00,AGNCP,24.25,24.25,24.25,24.25,24.25,1000.0
2024-09-05 10:34:00+00:00,CIGI,142.18499755859375,142.18499755859375,142.18499755859375,142.18499755859375,142.18499755859375,330.0
2024-09-05 10:34:00+00:00,CSGP,77.37000274658203,77.37000274658203,77.38500213623047,77.30999755859375,77.30999755859375,8034.0
2024-09-05 10:34:00+00:00,EQIX,827.780029296875,827.780029296875,827.780029296875,827.780029296875,827.780029296875,529.0
2024-09-05 10:34:00+00:00,EXPI,11.795000076293945,11.795000076293945,11.795000076293945,11.795000076293945,11.795000076293945,351.0
2024-09-05 10:34:00+00:00,GLPI,51.94499969482422,51.94499969482422,51.95000076293945,51.91999816894531,51.91999816894531,1465.0
2024-09-05 10:34:00+00:00,GOOD,15.350000381469727,15.350000381469727,15.359999656677246,15.350000381469727,15.359999656677246,1017.0
2024-09-05 10:34:00+00:00,HST,16.875,16.875,16.90999984741211,16.844999313354492,16.889999389648438,367526.0
2024-09-05 10:34:00+00:00,NMRK,14.369999885559082,14.369999885559082,14.369999885559082,14.359999656677246,14.369999885559082,5110.0
2024-09-05 10:34:00+00:00,OPEN,1.9800000190734863,1.9800000190734863,1.9900000095367432,1.9800000190734863,1.98989999294281,47846.0
2024-09-05 10:34:00+00:00,PCH,43.349998474121094,43.349998474121094,43.349998474121094,43.349998474121094,43.349998474121094,1921.0
2024-09-05 10:34:00+00:00,PECO,37.42020034790039,37.42020034790039,37.42020034790039,37.42020034790039,37.42020034790039,781.0
2024-09-05 10:34:00+00:00,RDFN,9.720000267028809,9.720000267028809,9.720000267028809,9.694999694824219,9.699999809265137,8069.0
2024-09-05 10:34:00+00:00,REG,73.79499816894531,73.79499816894531,73.83999633789062,73.79499816894531,73.81999969482422,1594.0
2024-09-05 10:34:00+00:00,ROIC,15.375,15.375,15.375,15.375,15.375,240.0
2024-09-05 10:34:00+00:00,SBAC,236.92999267578125,236.92999267578125,236.92999267578125,236.92999267578125,236.92999267578125,475.0
2024-09-05 10:34:00+00:00,SBRA,17.540000915527344,17.540000915527344,17.540000915527344,17.540000915527344,17.540000915527344,113.0
2024-09-05 10:34:00+00:00,UK,1.3799999952316284,1.3799999952316284,1.3799999952316284,1.3799999952316284,1.3799999952316284,200.0
2024-09-05 10:34:00+00:00,UNIT,5.255000114440918,5.255000114440918,5.260000228881836,5.251999855041504,5.251999855041504,8281.0
2024-09-05 10:34:00+00:00,WHLR,2.797499895095825,2.797499895095825,2.875,2.755000114440918,2.8550000190734863,90213.0
2024-09-05 10:35:00+00:00,AGNC,10.225000381469727,10.225000381469727,10.229999542236328,10.225000381469727,10.225000381469727,2530.0
2024-09-05 10:35:00+00:00,AGNCP,24.25029945373535,24.25029945373535,24.25029945373535,24.25,24.25,1639.0
2024-09-05 10:35:00+00:00,CSGP,77.32499694824219,77.32499694824219,77.37000274658203,77.31999969482422,77.36000061035156,1758.0
2024-09-05 10:35:00+00:00,DHC,3.4000000953674316,3.4000000953674316,3.4000000953674316,3.3949999809265137,3.4000000953674316,2217.0
2024-09-05 10:35:00+00:00,EQIX,827.1699829101562,827.1699829101562,827.1699829101562,827.1699829101562,827.1699829101562,461.0
2024-09-05 10:35:00+00:00,EXPI,11.840999603271484,11.840999603271484,11.840999603271484,11.819999694824219,11.819999694824219,485.0
2024-09-05 10:35:00+00:00,GLPI,51.93000030517578,51.93000030517578,51.95000076293945,51.93000030517578,51.95000076293945,2255.0
2024-09-05 10:35:00+00:00,GOOD,15.343500137329102,15.343500137329102,15.345000267028809,15.343500137329102,15.345000267028809,510.0
2024-09-05 10:35:00+00:00,HST,16.885000228881836,16.885000228881836,16.885000228881836,16.875,16.875,7384.0
2024-09-05 10:35:00+00:00,NMRK,14.359999656677246,14.359999656677246,14.369999885559082,14.354999542236328,14.369999885559082,1901.0
2024-09-05 10:35:00+00:00,OPEN,1.9950000047683716,1.9950000047683716,1.9950000047683716,1.9850000143051147,1.9850000143051147,134066.0
2024-09-05 10:35:00+00:00,OPI,2.1549999713897705,2.1549999713897705,2.1549999713897705,2.1549999713897705,2.1549999713897705,115.0
2024-09-05 10:35:00+00:00,PCH,43.349998474121094,43.349998474121094,43.349998474121094,43.345001220703125,43.349998474121094,1915.0
2024-09-05 10:35:00+00:00,RDFN,9.765000343322754,9.765000343322754,9.765000343322754,9.739999771118164,9.739999771118164,3034.0
2024-09-05 10:35:00+00:00,REG,73.7699966430664,73.7699966430664,73.7750015258789,73.7699966430664,73.7750015258789,815.0
2024-09-05 10:35:00+00:00,ROIC,15.375,15.375,15.375,15.375,15.375,311.0
2024-09-05 10:35:00+00:00,SBAC,236.47000122070312,236.47000122070312,236.72999572753906,236.47000122070312,236.72999572753906,1753.0
2024-09-05 10:35:00+00:00,SBRA,17.530000686645508,17.530000686645508,17.540000915527344,17.530000686645508,17.540000915527344,1250.0
2024-09-05 10:35:00+00:00,SEVN,13.680000305175781,13.680000305175781,13.680000305175781,13.670000076293945,13.670000076293945,752.0
2024-09-05 10:35:00+00:00,UNIT,5.255000114440918,5.255000114440918,5.255000114440918,5.235000133514404,5.255000114440918,16860.0
2024-09-05 10:35:00+00:00,WHLR,2.761199951171875,2.761199951171875,2.819999933242798,2.75,2.797499895095825,108849.0
2024-09-05 10:35:00+00:00,WHLRP,2.809999942779541,2.809999942779541,2.809999942779541,2.809999942779541,2.809999942779541,2181.0
2024-09-05 10:36:00+00:00,AGNC,10.225000381469727,10.225000381469727,10.229999542236328,10.225000381469727,10.225000381469727,8715.0
2024-09-05 10:36:00+00:00,CIGI,142.22999572753906,142.22999572753906,142.22999572753906,142.22999572753906,142.22999572753906,211.0
2024-09-05 10:36:00+00:00,CSGP,77.27999877929688,77.27999877929688,77.27999877929688,77.26000213623047,77.26000213623047,784.0
2024-09-05 10:36:00+00:00,GLPI,51.90999984741211,51.90999984741211,51.91999816894531,51.900001525878906,51.91999816894531,4298.0
2024-09-05 10:36:00+00:00,GOOD,15.326600074768066,15.326600074768066,15.34000015258789,15.326600074768066,15.34000015258789,6067.0
2024-09-05 10:36:00+00:00,HST,16.889999389648438,16.889999389648438,16.889999389648438,16.8799991607666,16.8799991607666,17745.0
2024-09-05 10:36:00+00:00,ILPT,4.800000190734863,4.800000190734863,4.800000190734863,4.800000190734863,4.800000190734863,257.0
2024-09-05 10:36:00+00:00,LSEA,11.609999656677246,11.609999656677246,11.609999656677246,11.609999656677246,11.609999656677246,229.0
2024-09-05 10:36:00+00:00,NMRK,14.34000015258789,14.34000015258789,14.359999656677246,14.34000015258789,14.359999656677246,2177.0
2024-09-05 10:36:00+00:00,NYMT,6.400000095367432,6.400000095367432,6.400000095367432,6.400000095367432,6.400000095367432,1068.0
2024-09-05 10:36:00+00:00,OPEN,1.9950000047683716,1.9950000047683716,1.999899983406067,1.9900000095367432,1.9950000047683716,14306.0
2024-09-05 10:36:00+00:00,OPI,2.1549999713897705,2.1549999713897705,2.1549999713897705,2.1549999713897705,2.1549999713897705,162.0
2024-09-05 10:36:00+00:00,RDFN,9.78499984741211,9.78499984741211,9.800000190734863,9.760000228881836,9.760000228881836,15249.0
2024-09-05 10:36:00+00:00,REFI,15.885000228881836,15.885000228881836,15.885000228881836,15.885000228881836,15.885000228881836,584.0
2024-09-05 10:36:00+00:00,REG,73.73999786376953,73.73999786376953,73.73999786376953,73.70500183105469,73.70500183105469,3837.0
2024-09-05 10:36:00+00:00,ROIC,15.364999771118164,15.364999771118164,15.369999885559082,15.364999771118164,15.369999885559082,1450.0
2024-09-05 10:36:00+00:00,SBRA,17.520000457763672,17.520000457763672,17.524999618530273,17.520000457763672,17.524999618530273,1603.0
2024-09-05 10:36:00+00:00,SEVN,13.670000076293945,13.670000076293945,13.670000076293945,13.670000076293945,13.670000076293945,110.0
2024-09-05 10:36:00+00:00,SVC,4.650000095367432,4.650000095367432,4.650000095367432,4.644999980926514,4.644999980926514,6869.0
2024-09-05 10:36:00+00:00,UNIT,5.258800029754639,5.258800029754639,5.258800029754639,5.255000114440918,5.255000114440918,3130.0
2024-09-05 10:36:00+00:00,WHLR,2.886699914932251,2.886699914932251,2.890000104904175,2.759999990463257,2.7600998878479004,140215.0
2024-09-05 10:37:00+00:00,AFCG,10.399900436401367,10.399900436401367,10.40999984741211,10.399900436401367,10.40999984741211,1396.0
2024-09-05 10:37:00+00:00,AGNC,10.225000381469727,10.225000381469727,10.225000381469727,10.22029972076416,10.225000381469727,4523.0
2024-09-05 10:37:00+00:00,AGNCM,25.25,25.25,25.25,25.25,25.25,3398.0
2024-09-05 10:37:00+00:00,BPYPO,13.5,13.5,13.5,13.499899864196777,13.499899864196777,1094.0
2024-09-05 10:37:00+00:00,BPYPP,14.850000381469727,14.850000381469727,14.850000381469727,14.850000381469727,14.850000381469727,164.0
2024-09-05 10:37:00+00:00,EQIX,826.510009765625,826.510009765625,826.510009765625,826.510009765625,826.510009765625,1053.0
2024-09-05 10:37:00+00:00,GLPI,51.88999938964844,51.88999938964844,51.904998779296875,51.88999938964844,51.900001525878906,1686.0
2024-09-05 10:37:00+00:00,GOOD,15.319999694824219,15.319999694824219,15.319999694824219,15.319999694824219,15.319999694824219,449.0
2024-09-05 10:37:00+00:00,HST,16.885000228881836,16.885000228881836,16.889999389648438,16.88010025024414,16.88010025024414,12117.0
2024-09-05 10:37:00+00:00,NMRK,14.324999809265137,14.324999809265137,14.335000038146973,14.324999809265137,14.335000038146973,1180.0
2024-09-05 10:37:00+00:00,OPEN,1.9900000095367432,1.9900000095367432,1.9960999488830566,1.9900000095367432,1.9901000261306763,9225.0
2024-09-05 10:37:00+00:00,PECO,37.3849983215332,37.3849983215332,37.3849983215332,37.3849983215332,37.3849983215332,562.0
2024-09-05 10:37:00+00:00,RDFN,9.789999961853027,9.789999961853027,9.800000190734863,9.78499984741211,9.78499984741211,5068.0
2024-09-05 10:37:00+00:00,REAX,5.849999904632568,5.849999904632568,5.849999904632568,5.829999923706055,5.829999923706055,1874.0
2024-09-05 10:37:00+00:00,REG,73.70999908447266,73.70999908447266,73.7300033569336,73.70999908447266,73.7300033569336,1262.0
2024-09-05 10:37:00+00:00,ROIC,15.364999771118164,15.364999771118164,15.364999771118164,15.359999656677246,15.364999771118164,4103.0
2024-09-05 10:37:00+00:00,SBAC,236.46499633789062,236.46499633789062,236.60000610351562,236.46499633789062,236.46499633789062,1029.0
2024-09-05 10:37:00+00:00,SBRA,17.510000228881836,17.510000228881836,17.510000228881836,17.510000228881836,17.510000228881836,824.0
2024-09-05 10:37:00+00:00,SVC,4.644999980926514,4.644999980926514,4.650000095367432,4.644999980926514,4.650000095367432,2223.0
2024-09-05 10:37:00+00:00,UNIT,5.224999904632568,5.224999904632568,5.258800029754639,5.21999979019165,5.250800132751465,32996.0
2024-09-05 10:37:00+00:00,WHLR,2.7850000858306885,2.7850000858306885,2.9800000190734863,2.7200000286102295,2.875,325918.0
2024-09-05 10:37:00+00:00,WHLRD,19.0,19.0,19.0,19.0,19.0,600.0
2024-09-05 10:38:00+00:00,AGNC,10.226900100708008,10.226900100708008,10.229999542236328,10.220100402832031,10.225000381469727,8427.0
2024-09-05 10:38:00+00:00,AGNCL,24.200000762939453,24.200000762939453,24.200000762939453,24.125,24.125,721.0
2024-09-05 10:38:00+00:00,ASPS,1.089900016784668,1.089900016784668,1.089900016784668,1.089900016784668,1.089900016784668,40000.0
2024-09-05 10:38:00+00:00,CIGI,142.22500610351562,142.22500610351562,142.22500610351562,142.22500610351562,142.22500610351562,101.0
2024-09-05 10:38:00+00:00,CSGP,77.28500366210938,77.28500366210938,77.28500366210938,77.22000122070312,77.22000122070312,7358.0
2024-09-05 10:38:00+00:00,EQIX,826.3599853515625,826.3599853515625,826.3599853515625,826.3599853515625,826.3599853515625,281.0
2024-09-05 10:38:00+00:00,EXPI,11.84000015258789,11.84000015258789,11.84000015258789,11.829999923706055,11.829999923706055,552.0
2024-09-05 10:38:00+00:00,GLPI,51.900001525878906,51.900001525878906,51.900001525878906,51.900001525878906,51.900001525878906,452.0
2024-09-05 10:38:00+00:00,HST,16.899999618530273,16.899999618530273,16.899999618530273,16.885000228881836,16.885000228881836,19936.0
2024-09-05 10:38:00+00:00,HTIA,15.299799919128418,15.299799919128418,15.299799919128418,15.299799919128418,15.299799919128418,0.0
2024-09-05 10:38:00+00:00,ILPT,4.795000076293945,4.795000076293945,4.795000076293945,4.795000076293945,4.795000076293945,3386.0
2024-09-05 10:38:00+00:00,LAND,13.630599975585938,13.630599975585938,13.630599975585938,13.630599975585938,13.630599975585938,522.0
2024-09-05 10:38:00+00:00,NMRK,14.3100004196167,14.3100004196167,14.3149995803833,14.3100004196167,14.3100004196167,833.0
2024-09-05 10:38:00+00:00,OPEN,1.9900000095367432,1.9900000095367432,2.0,1.9900000095367432,1.9950000047683716,6887.0
2024-09-05 10:38:00+00:00,OPI,2.1549999713897705,2.1549999713897705,2.1549999713897705,2.1500000953674316,2.1500000953674316,233.0
2024-09-05 10:38:00+00:00,PECO,37.3650016784668,37.3650016784668,37.3650016784668,37.3650016784668,37.3650016784668,128.0
2024-09-05 10:38:00+00:00,RDFN,9.824999809265137,9.824999809265137,9.829999923706055,9.789999961853027,9.795000076293945,6773.0
2024-09-05 10:38:00+00:00,REAX,5.840000152587891,5.840000152587891,5.840000152587891,5.840000152587891,5.840000152587891,1583.0
2024-09-05 10:38:00+00:00,REG,73.7300033569336,73.7300033569336,73.73999786376953,73.67500305175781,73.7300033569336,4829.0
2024-09-05 10:38:00+00:00,ROIC,15.359999656677246,15.359999656677246,15.359999656677246,15.359999656677246,15.359999656677246,529.0
2024-09-05 10:38:00+00:00,SBAC,236.52000427246094,236.52000427246094,236.52999877929688,236.38999938964844,236.52999877929688,1904.0
2024-09-05 10:38:00+00:00,SBRA,17.5049991607666,17.5049991607666,17.5049991607666,17.5049991607666,17.5049991607666,518.0
2024-09-05 10:38:00+00:00,UNIT,5.184999942779541,5.184999942779541,5.227499961853027,5.180099964141846,5.224999904632568,24041.0
2024-09-05 10:38:00+00:00,WHLR,2.77020001411438,2.77020001411438,2.819999933242798,2.759999990463257,2.7874999046325684,56138.0
2024-09-05 10:39:00+00:00,AGNC,10.225000381469727,10.225000381469727,10.22700023651123,10.225000381469727,10.225000381469727,5870.0
2024-09-05 10:39:00+00:00,CIGI,142.2100067138672,142.2100067138672,142.2100067138672,142.2100067138672,142.2100067138672,214.0
2024-09-05 10:39:00+00:00,CSGP,77.25,77.25,77.2699966430664,77.25,77.2699966430664,701.0
2024-09-05 10:39:00+00:00,EQIX,826.2550048828125,826.2550048828125,826.3599853515625,826.2550048828125,826.3599853515625,481.0
2024-09-05 10:39:00+00:00,EXPI,11.829999923706055,11.829999923706055,11.84000015258789,11.829999923706055,11.84000015258789,1499.0
2024-09-05 10:39:00+00:00,FTHM,2.7100000381469727,2.7100000381469727,2.7100000381469727,2.7100000381469727,2.7100000381469727,100.0
2024-09-05 10:39:00+00:00,GLPI,51.880001068115234,51.880001068115234,51.880001068115234,51.880001068115234,51.880001068115234,1024.0
2024-09-05 10:39:00+00:00,GOOD,15.289999961853027,15.289999961853027,15.3100004196167,15.289999961853027,15.3100004196167,758.0
2024-09-05 10:39:00+00:00,HST,16.895000457763672,16.895000457763672,16.905000686645508,16.889999389648438,16.905000686645508,42273.0
2024-09-05 10:39:00+00:00,LAMR,125.95999908447266,125.95999908447266,125.95999908447266,125.95999908447266,125.95999908447266,413.0
2024-09-05 10:39:00+00:00,LSEA,11.640000343322754,11.640000343322754,11.640000343322754,11.630000114440918,11.640000343322754,712.0
2024-09-05 10:39:00+00:00,NMRK,14.305000305175781,14.305000305175781,14.305000305175781,14.305000305175781,14.305000305175781,348.0
2024-09-05 10:39:00+00:00,OPEN,1.9950000047683716,1.9950000047683716,1.9954999685287476,1.9900000095367432,1.9954999685287476,7386.0
2024-09-05 10:39:00+00:00,OPI,2.134999990463257,2.134999990463257,2.1549999713897705,2.134999990463257,2.1549999713897705,29843.0
2024-09-05 10:39:00+00:00,PCH,43.2400016784668,43.2400016784668,43.34000015258789,43.2400016784668,43.31999969482422,2456.0
2024-09-05 10:39:00+00:00,PECO,37.33000183105469,37.33000183105469,37.349998474121094,37.31999969482422,37.349998474121094,948.0
2024-09-05 10:39:00+00:00,RDFN,9.819999694824219,9.819999694824219,9.84000015258789,9.789999961853027,9.829999923706055,10201.0
2024-09-05 10:39:00+00:00,REG,73.63999938964844,73.63999938964844,73.66999816894531,73.62000274658203,73.6500015258789,2177.0
2024-09-05 10:39:00+00:00,ROIC,15.345000267028809,15.345000267028809,15.354999542236328,15.345000267028809,15.354999542236328,1684.0
2024-09-05 10:39:00+00:00,SBAC,236.2550048828125,236.2550048828125,236.2550048828125,236.2550048828125,236.2550048828125,691.0
2024-09-05 10:39:00+00:00,SEVN,13.649999618530273,13.649999618530273,13.649999618530273,13.649999618530273,13.649999618530273,1273.0
2024-09-05 10:39:00+00:00,UK,1.399999976158142,1.399999976158142,1.399999976158142,1.399999976158142,1.399999976158142,100.0
2024-09-05 10:39:00+00:00,UNIT,5.195000171661377,5.195000171661377,5.195000171661377,5.184999942779541,5.184999942779541,34535.0
2024-09-05 10:39:00+00:00,WHLR,2.8399999141693115,2.8399999141693115,2.859100103378296,2.75,2.7708001136779785,98686.0
2024-09-05 10:40:00+00:00,AGNC,10.225000381469727,10.225000381469727,10.225000381469727,10.220000267028809,10.225000381469727,87866.0
2024-09-05 10:40:00+00:00,CSGP,77.16000366210938,77.16000366210938,77.2300033569336,77.16000366210938,77.2300033569336,993.0
2024-09-05 10:40:00+00:00,DHC,3.375,3.375,3.390000104904175,3.375,3.390000104904175,2593.0
2024-09-05 10:40:00+00:00,DUO,0.38019999861717224,0.38019999861717224,0.38019999861717224,0.38019999861717224,0.38019999861717224,5064.0
2024-09-05 10:40:00+00:00,EQIX,825.010009765625,825.010009765625,825.010009765625,825.0,825.010009765625,4735.0
2024-09-05 10:40:00+00:00,EXPI,11.789999961853027,11.789999961853027,11.819999694824219,11.789999961853027,11.819999694824219,258.0
2024-09-05 10:40:00+00:00,GLPI,51.84000015258789,51.84000015258789,51.845001220703125,51.81999969482422,51.83000183105469,1636.0
2024-09-05 10:40:00+00:00,GOOD,15.279999732971191,15.279999732971191,15.279999732971191,15.279999732971191,15.279999732971191,1076.0
2024-09-05 10:40:00+00:00,HST,16.895000457763672,16.895000457763672,16.899999618530273,16.885000228881836,16.895000457763672,14152.0
2024-09-05 10:40:00+00:00,LAMR,125.81500244140625,125.81500244140625,125.81500244140625,125.81500244140625,125.81500244140625,199.0
2024-09-05 10:40:00+00:00,LSEA,11.619999885559082,11.619999885559082,11.619999885559082,11.609999656677246,11.609999656677246,301.0
2024-09-05 10:40:00+00:00,NMRK,14.295000076293945,14.295000076293945,14.300000190734863,14.289999961853027,14.300000190734863,2543.0
2024-09-05 10:40:00+00:00,NYMT,6.385000228881836,6.385000228881836,6.385000228881836,6.385000228881836,6.385000228881836,624.0
2024-09-05 10:40:00+00:00,OPEN,1.9850000143051147,1.9850000143051147,1.9903000593185425,1.9800000190734863,1.9900000095367432,40653.0
2024-09-05 10:40:00+00:00,OPI,2.134999990463257,2.134999990463257,2.134999990463257,2.134999990463257,2.134999990463257,118.0
2024-09-05 10:40:00+00:00,PCH,43.189998626708984,43.189998626708984,43.189998626708984,43.189998626708984,43.189998626708984,214.0
2024-09-05 10:40:00+00:00,PECO,37.31999969482422,37.31999969482422,37.31999969482422,37.31999969482422,37.31999969482422,342.0
2024-09-05 10:40:00+00:00,RDFN,9.75,9.75,9.75,9.75,9.75,18468.0
2024-09-05 10:40:00+00:00,REG,73.58000183105469,73.58000183105469,73.62999725341797,73.58000183105469,73.625,3280.0
2024-09-05 10:40:00+00:00,ROIC,15.34000015258789,15.34000015258789,15.34000015258789,15.335000038146973,15.34000015258789,1368.0
2024-09-05 10:40:00+00:00,SBAC,236.1699981689453,236.1699981689453,236.1699981689453,236.02999877929688,236.02999877929688,1088.0
2024-09-05 10:40:00+00:00,SBRA,17.479999542236328,17.479999542236328,17.5,17.479999542236328,17.5,5019.0
2024-09-05 10:40:00+00:00,SVC,4.644999980926514,4.644999980926514,4.644999980926514,4.639999866485596,4.644999980926514,3425.0
2024-09-05 10:40:00+00:00,UNIT,5.195000171661377,5.195000171661377,5.199900150299072,5.195000171661377,5.195000171661377,1734.0
2024-09-05 10:40:00+00:00,WHLR,2.9000000953674316,2.9000000953674316,2.940000057220459,2.799999952316284,2.849900007247925,199365.0
2024-09-05 10:41:00+00:00,AGNC,10.234999656677246,10.234999656677246,10.234999656677246,10.225000381469727,10.225000381469727,64028.0
2024-09-05 10:41:00+00:00,AGNCP,24.25,24.25,24.25,24.25,24.25,530.0
2024-09-05 10:41:00+00:00,CIGI,142.21499633789062,142.21499633789062,142.21499633789062,142.21499633789062,142.21499633789062,219.0
2024-09-05 10:41:00+00:00,CSGP,77.12999725341797,77.12999725341797,77.12999725341797,77.12999725341797,77.12999725341797,945.0
2024-09-05 10:41:00+00:00,DUO,0.3952000141143799,0.3952000141143799,0.3952000141143799,0.3952000141143799,0.3952000141143799,0.0
2024-09-05 10:41:00+00:00,GLPI,51.84000015258789,51.84000015258789,51.84000015258789,51.84000015258789,51.84000015258789,449.0
2024-09-05 10:41:00+00:00,HST,16.899999618530273,16.899999618530273,16.899999618530273,16.895000457763672,16.895000457763672,7569.0
2024-09-05 10:41:00+00:00,NMRK,14.305000305175781,14.305000305175781,14.305000305175781,14.295000076293945,14.295000076293945,831.0
2024-09-05 10:41:00+00:00,NYMT,6.394999980926514,6.394999980926514,6.394999980926514,6.385000228881836,6.385000228881836,14543.0
2024-09-05 10:41:00+00:00,OPEN,1.9850000143051147,1.9850000143051147,1.9850000143051147,1.9800000190734863,1.9850000143051147,43841.0
2024-09-05 10:41:00+00:00,OPI,2.134999990463257,2.134999990463257,2.134999990463257,2.134999990463257,2.134999990463257,116.0
2024-09-05 10:41:00+00:00,PCH,43.20000076293945,43.20000076293945,43.20000076293945,43.20000076293945,43.20000076293945,124.0
2024-09-05 10:41:00+00:00,RDFN,9.779999732971191,9.779999732971191,9.787500381469727,9.760000228881836,9.770000457763672,8253.0
2024-09-05 10:41:00+00:00,REG,73.62000274658203,73.62000274658203,73.62000274658203,73.62000274658203,73.62000274658203,255.0
2024-09-05 10:41:00+00:00,ROIC,15.335000038146973,15.335000038146973,15.34000015258789,15.335000038146973,15.34000015258789,1458.0
2024-09-05 10:41:00+00:00,SBAC,236.0399932861328,236.0399932861328,236.0399932861328,236.0399932861328,236.0399932861328,101.0
2024-09-05 10:41:00+00:00,SELF,5.170000076293945,5.170000076293945,5.170000076293945,5.170000076293945,5.170000076293945,205.0
2024-09-05 10:41:00+00:00,UNIT,5.195000171661377,5.195000171661377,5.199999809265137,5.195000171661377,5.195000171661377,3646.0
2024-09-05 10:41:00+00:00,WHLR,2.740000009536743,2.740000009536743,2.9700000286102295,2.5799999237060547,2.9100000858306885,357478.0
2024-09-05 10:42:00+00:00,AGNC,10.234999656677246,10.234999656677246,10.239999771118164,10.23390007019043,10.23390007019043,112646.0
2024-09-05 10:42:00+00:00,ASPS,1.0800000429153442,1.0800000429153442,1.0800000429153442,1.0800000429153442,1.0800000429153442,0.0
2024-09-05 10:42:00+00:00,DHC,3.375,3.375,3.375,3.375,3.375,2745.0
2024-09-05 10:42:00+00:00,DUO,0.3950999975204468,0.3950999975204468,0.3952000141143799,0.39500001072883606,0.3950999975204468,24612.0
2024-09-05 10:42:00+00:00,GLPI,51.85219955444336,51.85219955444336,51.85219955444336,51.845001220703125,51.849998474121094,1334.0
2024-09-05 10:42:00+00:00,GOOD,15.298199653625488,15.298199653625488,15.298199653625488,15.298199653625488,15.298199653625488,1057.0
2024-09-05 10:42:00+00:00,HST,16.889999389648438,16.889999389648438,16.905000686645508,16.885000228881836,16.905000686645508,6466.0
2024-09-05 10:42:00+00:00,NMRK,14.300000190734863,14.300000190734863,14.300000190734863,14.300000190734863,14.300000190734863,385.0
2024-09-05 10:42:00+00:00,NYMT,6.390100002288818,6.390100002288818,6.394999980926514,6.390100002288818,6.394999980926514,753.0
2024-09-05 10:42:00+00:00,OPEN,1.9754999876022339,1.9754999876022339,1.9850000143051147,1.9700000286102295,1.9850000143051147,75114.0
2024-09-05 10:42:00+00:00,OPI,2.134999990463257,2.134999990463257,2.134999990463257,2.134999990463257,2.134999990463257,346.0
2024-09-05 10:42:00+00:00,PECO,37.31999969482422,37.31999969482422,37.31999969482422,37.31999969482422,37.31999969482422,564.0
2024-09-05 10:42:00+00:00,RDFN,9.734999656677246,9.734999656677246,9.779999732971191,9.734999656677246,9.779999732971191,6117.0
2024-09-05 10:42:00+00:00,REG,73.625,73.625,73.625,73.61499786376953,73.61499786376953,1022.0
2024-09-05 10:42:00+00:00,ROIC,15.335000038146973,15.335000038146973,15.335000038146973,15.335000038146973,15.335000038146973,240.0
2024-09-05 10:42:00+00:00,SBAC,236.13999938964844,236.13999938964844,236.13999938964844,236.13999938964844,236.13999938964844,231.0
2024-09-05 10:42:00+00:00,SBRA,17.485000610351562,17.485000610351562,17.485000610351562,17.485000610351562,17.485000610351562,1316.0
2024-09-05 10:42:00+00:00,SQFT,0.6620000004768372,0.6620000004768372,0.6620000004768372,0.6620000004768372,0.6620000004768372,613.0
2024-09-05 10:42:00+00:00,SVC,4.644999980926514,4.644999980926514,4.644999980926514,4.644999980926514,4.644999980926514,501.0
2024-09-05 10:42:00+00:00,UNIT,5.135000228881836,5.135000228881836,5.195000171661377,5.130000114440918,5.190000057220459,20481.0
2024-09-05 10:42:00+00:00,WHLR,2.8099000453948975,2.8099000453948975,2.8350000381469727,2.7135000228881836,2.740000009536743,165511.0
2024-09-05 10:43:00+00:00,AGNC,10.234999656677246,10.234999656677246,10.239999771118164,10.229999542236328,10.234999656677246,11831.0
2024-09-05 10:43:00+00:00,ASPS,1.090000033378601,1.090000033378601,1.090000033378601,1.090000033378601,1.090000033378601,0.0
2024-09-05 10:43:00+00:00,CIGI,142.1999969482422,142.1999969482422,142.1999969482422,142.1999969482422,142.1999969482422,107.0
2024-09-05 10:43:00+00:00,CSGP,77.12100219726562,77.12100219726562,77.16000366210938,77.12100219726562,77.16000366210938,529.0
2024-09-05 10:43:00+00:00,DHC,3.369999885559082,3.369999885559082,3.369999885559082,3.369999885559082,3.369999885559082,1301.0
2024-09-05 10:43:00+00:00,EXPI,11.779999732971191,11.779999732971191,11.800000190734863,11.779999732971191,11.800000190734863,1059.0
2024-09-05 10:43:00+00:00,GLPI,51.84000015258789,51.84000015258789,51.86000061035156,51.84000015258789,51.86000061035156,1855.0
2024-09-05 10:43:00+00:00,HST,16.895000457763672,16.895000457763672,16.895000457763672,16.889999389648438,16.889999389648438,1608.0
2024-09-05 10:43:00+00:00,ILPT,4.784999847412109,4.784999847412109,4.784999847412109,4.784999847412109,4.784999847412109,200.0
2024-09-05 10:43:00+00:00,LAMR,125.81500244140625,125.81500244140625,125.81500244140625,125.81500244140625,125.81500244140625,121.0
2024-09-05 10:43:00+00:00,NMRK,14.275899887084961,14.275899887084961,14.289999961853027,14.270000457763672,14.289999961853027,1334.0
2024-09-05 10:43:00+00:00,NYMTM,23.979700088500977,23.979700088500977,23.979700088500977,23.979700088500977,23.979700088500977,242.0
2024-09-05 10:43:00+00:00,OPEN,1.972100019454956,1.972100019454956,1.9799000024795532,1.9700000286102295,1.975000023841858,73126.0
2024-09-05 10:43:00+00:00,PCH,43.189998626708984,43.189998626708984,43.189998626708984,43.189998626708984,43.189998626708984,239.0
2024-09-05 10:43:00+00:00,PECO,37.30500030517578,37.30500030517578,37.32500076293945,37.30500030517578,37.31999969482422,1864.0
2024-09-05 10:43:00+00:00,RDFN,9.760000228881836,9.760000228881836,9.760000228881836,9.729999542236328,9.729999542236328,9275.0
2024-09-05 10:43:00+00:00,REG,73.63999938964844,73.63999938964844,73.65499877929688,73.63999938964844,73.65499877929688,1715.0
2024-09-05 10:43:00+00:00,RMR,24.90999984741211,24.90999984741211,24.90999984741211,24.90999984741211,24.90999984741211,166.0
2024-09-05 10:43:00+00:00,ROIC,15.331000328063965,15.331000328063965,15.331000328063965,15.331000328063965,15.331000328063965,208.0
2024-09-05 10:43:00+00:00,SBAC,236.10000610351562,236.10000610351562,236.22999572753906,236.10000610351562,236.17999267578125,1657.0
2024-09-05 10:43:00+00:00,SBRA,17.4950008392334,17.4950008392334,17.4950008392334,17.489999771118164,17.489999771118164,490.0
2024-09-05 10:43:00+00:00,SVC,4.644999980926514,4.644999980926514,4.645400047302246,4.644999980926514,4.645400047302246,1868.0
2024-09-05 10:43:00+00:00,UNIT,5.125,5.125,5.139999866485596,5.125,5.131199836730957,11445.0
2024-09-05 10:43:00+00:00,WHLR,2.884999990463257,2.884999990463257,2.9000000953674316,2.799999952316284,2.8099000453948975,202977.0
2024-09-05 10:44:00+00:00,AFCG,10.390000343322754,10.390000343322754,10.390000343322754,10.390000343322754,10.390000343322754,160.0
2024-09-05 10:44:00+00:00,AGNC,10.239500045776367,10.239500045776367,10.239999771118164,10.239500045776367,10.239999771118164,1758.0
2024-09-05 10:44:00+00:00,CSGP,77.08000183105469,77.08000183105469,77.0999984741211,77.08000183105469,77.0999984741211,736.0
2024-09-05 10:44:00+00:00,DHC,3.369999885559082,3.369999885559082,3.369999885559082,3.365000009536743,3.369999885559082,504.0
2024-09-05 10:44:00+00:00,EQIX,824.3699951171875,824.3699951171875,825.0,824.3699951171875,825.0,891.0
2024-09-05 10:44:00+00:00,GLPI,51.845001220703125,51.845001220703125,51.845001220703125,51.845001220703125,51.845001220703125,199.0
2024-09-05 10:44:00+00:00,HST,16.885000228881836,16.885000228881836,16.895000457763672,16.885000228881836,16.889999389648438,2798.0
2024-09-05 10:44:00+00:00,ILPT,4.789999961853027,4.789999961853027,4.789999961853027,4.789999961853027,4.789999961853027,508.0
2024-09-05 10:44:00+00:00,LAMR,125.80999755859375,125.80999755859375,125.83000183105469,125.80999755859375,125.83000183105469,547.0
2024-09-05 10:44:00+00:00,LSEA,11.625,11.625,11.625,11.625,11.625,430.0
2024-09-05 10:44:00+00:00,NMRK,14.274999618530273,14.274999618530273,14.274999618530273,14.270000457763672,14.270000457763672,2012.0
2024-09-05 10:44:00+00:00,NYMT,6.394999980926514,6.394999980926514,6.394999980926514,6.394999980926514,6.394999980926514,615.0
2024-09-05 10:44:00+00:00,OPEN,1.965000033378601,1.965000033378601,1.975000023841858,1.965000033378601,1.975000023841858,49981.0
2024-09-05 10:44:00+00:00,RDFN,9.734999656677246,9.734999656677246,9.760000228881836,9.720000267028809,9.720000267028809,5382.0
2024-09-05 10:44:00+00:00,REAX,5.815000057220459,5.815000057220459,5.815000057220459,5.804999828338623,5.804999828338623,1910.0
2024-09-05 10:44:00+00:00,REG,73.6500015258789,73.6500015258789,73.6500015258789,73.63999938964844,73.63999938964844,1647.0
2024-09-05 10:44:00+00:00,ROIC,15.329999923706055,15.329999923706055,15.34000015258789,15.329999923706055,15.34000015258789,789.0
2024-09-05 10:44:00+00:00,SBAC,236.24000549316406,236.24000549316406,236.24000549316406,236.24000549316406,236.24000549316406,830.0
2024-09-05 10:44:00+00:00,SBRA,17.4950008392334,17.4950008392334,17.4950008392334,17.490100860595703,17.490100860595703,361.0
2024-09-05 10:44:00+00:00,SVC,4.639999866485596,4.639999866485596,4.644999980926514,4.639999866485596,4.639999866485596,2778.0
2024-09-05 10:44:00+00:00,UNIT,5.099999904632568,5.099999904632568,5.125,5.099999904632568,5.123499870300293,19973.0
2024-09-05 10:44:00+00:00,WHLR,2.640000104904175,2.640000104904175,2.9100000858306885,2.5799999237060547,2.869999885559082,313508.0
2024-09-05 10:45:00+00:00,AGNC,10.234999656677246,10.234999656677246,10.239899635314941,10.229999542236328,10.239899635314941,64606.0
2024-09-05 10:45:00+00:00,CIGI,141.8249969482422,141.8249969482422,142.19000244140625,141.8249969482422,142.19000244140625,785.0
2024-09-05 10:45:00+00:00,CSGP,77.01000213623047,77.01000213623047,77.02999877929688,77.01000213623047,77.02999877929688,1664.0
2024-09-05 10:45:00+00:00,GLPI,51.81999969482422,51.81999969482422,51.85499954223633,51.81999969482422,51.849998474121094,1708.0
2024-09-05 10:45:00+00:00,GOOD,15.289999961853027,15.289999961853027,15.289999961853027,15.289999961853027,15.289999961853027,481.0
2024-09-05 10:45:00+00:00,HST,16.875,16.875,16.8799991607666,16.875,16.8799991607666,9884.0
2024-09-05 10:45:00+00:00,ILPT,4.789999961853027,4.789999961853027,4.789999961853027,4.789999961853027,4.789999961853027,889.0
2024-09-05 10:45:00+00:00,LAMR,125.68000030517578,125.68000030517578,125.68000030517578,125.68000030517578,125.68000030517578,434.0
2024-09-05 10:45:00+00:00,LAND,13.609999656677246,13.609999656677246,13.609999656677246,13.609999656677246,13.609999656677246,371.0
2024-09-05 10:45:00+00:00,NYMT,6.385000228881836,6.385000228881836,6.394999980926514,6.385000228881836,6.394999980926514,1235.0
2024-09-05 10:45:00+00:00,OPEN,1.965000033378601,1.965000033378601,1.9700000286102295,1.9600000381469727,1.965000033378601,125996.0
2024-09-05 10:45:00+00:00,PCH,43.18000030517578,43.18000030517578,43.18000030517578,43.18000030517578,43.18000030517578,1063.0
2024-09-05 10:45:00+00:00,PECO,37.28499984741211,37.28499984741211,37.290000915527344,37.28499984741211,37.290000915527344,1220.0
2024-09-05 10:45:00+00:00,RDFN,9.710000038146973,9.710000038146973,9.731399536132812,9.710000038146973,9.725000381469727,5820.0
2024-09-05 10:45:00+00:00,REAX,5.809999942779541,5.809999942779541,5.815000057220459,5.809999942779541,5.815000057220459,398.0
2024-09-05 10:45:00+00:00,REG,73.62999725341797,73.62999725341797,73.66000366210938,73.62999725341797,73.66000366210938,2792.0
2024-09-05 10:45:00+00:00,ROIC,15.329999923706055,15.329999923706055,15.335000038146973,15.324999809265137,15.335000038146973,7343.0
2024-09-05 10:45:00+00:00,SBAC,236.22999572753906,236.22999572753906,236.22999572753906,236.0,236.0749969482422,3679.0
2024-09-05 10:45:00+00:00,SBRA,17.489999771118164,17.489999771118164,17.4950008392334,17.489999771118164,17.4950008392334,737.0
2024-09-05 10:45:00+00:00,SVC,4.630000114440918,4.630000114440918,4.630000114440918,4.630000114440918,4.630000114440918,904.0
2024-09-05 10:45:00+00:00,UNIT,5.110899925231934,5.110899925231934,5.135000228881836,5.105000019073486,5.105000019073486,24145.0
2024-09-05 10:45:00+00:00,WHLR,2.660799980163574,2.660799980163574,2.700000047683716,2.569999933242798,2.640000104904175,222653.0
2024-09-05 10:46:00+00:00,AFCG,10.395000457763672,10.395000457763672,10.395000457763672,10.395000457763672,10.395000457763672,961.0
2024-09-05 10:46:00+00:00,AGNC,10.229999542236328,10.229999542236328,10.239100456237793,10.229999542236328,10.234999656677246,25403.0
2024-09-05 10:46:00+00:00,CIGI,141.83999633789062,141.83999633789062,141.8699951171875,141.83999633789062,141.8699951171875,112.0
2024-09-05 10:46:00+00:00,CSGP,76.8499984741211,76.8499984741211,76.8499984741211,76.8499984741211,76.8499984741211,421.0
2024-09-05 10:46:00+00:00,EQIX,824.0150146484375,824.0150146484375,824.0150146484375,823.469970703125,824.0150146484375,784.0
2024-09-05 10:46:00+00:00,EXPI,11.734999656677246,11.734999656677246,11.75,11.729999542236328,11.75,1470.0
2024-09-05 10:46:00+00:00,FTHM,2.7100000381469727,2.7100000381469727,2.7100000381469727,2.7100000381469727,2.7100000381469727,100.0
2024-09-05 10:46:00+00:00,GLPI,51.810001373291016,51.810001373291016,51.810001373291016,51.810001373291016,51.810001373291016,304.0
2024-09-05 10:46:00+00:00,GOOD,15.279999732971191,15.279999732971191,15.279999732971191,15.279999732971191,15.279999732971191,789.0
2024-09-05 10:46:00+00:00,HST,16.860000610351562,16.860000610351562,16.875,16.860000610351562,16.875,9084.0
2024-09-05 10:46:00+00:00,NMRK,14.25,14.25,14.25,14.239999771118164,14.239999771118164,696.0
2024-09-05 10:46:00+00:00,NYMT,6.385000228881836,6.385000228881836,6.385000228881836,6.375,6.375,914.0
2024-09-05 10:46:00+00:00,OPEN,1.9699000120162964,1.9699000120162964,1.9700000286102295,1.9600000381469727,1.9600000381469727,52998.0
2024-09-05 10:46:00+00:00,OPI,2.125,2.125,2.130000114440918,2.125,2.130000114440918,3963.0
2024-09-05 10:46:00+00:00,PECO,37.27000045776367,37.27000045776367,37.27000045776367,37.27000045776367,37.27000045776367,46.0
2024-09-05 10:46:00+00:00,RDFN,9.734999656677246,9.734999656677246,9.734999656677246,9.694999694824219,9.699999809265137,11500.0
2024-09-05 10:46:00+00:00,REAX,5.809999942779541,5.809999942779541,5.809999942779541,5.809999942779541,5.809999942779541,445.0
2024-09-05 10:46:00+00:00,ROIC,15.335000038146973,15.335000038146973,15.34000015258789,15.329999923706055,15.34000015258789,4475.0
2024-09-05 10:46:00+00:00,SBRA,17.479999542236328,17.479999542236328,17.479999542236328,17.469999313354492,17.479999542236328,2707.0
2024-09-05 10:46:00+00:00,SVC,4.630000114440918,4.630000114440918,4.630000114440918,4.630000114440918,4.630000114440918,518.0
2024-09-05 10:46:00+00:00,UNIT,5.125,5.125,5.125,5.114999771118164,5.114999771118164,8177.0
2024-09-05 10:46:00+00:00,WHLR,2.7200000286102295,2.7200000286102295,2.7209999561309814,2.6649999618530273,2.6700000762939453,84799.0
2024-09-05 10:47:00+00:00,AFCG,10.395000457763672,10.395000457763672,10.395000457763672,10.395000457763672,10.395000457763672,378.0
2024-09-05 10:47:00+00:00,AGNC,10.225000381469727,10.225000381469727,10.234999656677246,10.220000267028809,10.234999656677246,38478.0
2024-09-05 10:47:00+00:00,CSGP,76.80999755859375,76.80999755859375,76.8499984741211,76.79000091552734,76.8499984741211,1116.0
2024-09-05 10:47:00+00:00,EXPI,11.760000228881836,11.760000228881836,11.760000228881836,11.760000228881836,11.760000228881836,148.0
2024-09-05 10:47:00+00:00,GLPI,51.779998779296875,51.779998779296875,51.790000915527344,51.775001525878906,51.790000915527344,1689.0
2024-09-05 10:47:00+00:00,HST,16.844999313354492,16.844999313354492,16.854999542236328,16.844999313354492,16.854999542236328,21461.0
2024-09-05 10:47:00+00:00,NMRK,14.239999771118164,14.239999771118164,14.239999771118164,14.239999771118164,14.239999771118164,863.0
2024-09-05 10:47:00+00:00,NYMT,6.381700038909912,6.381700038909912,6.381700038909912,6.381700038909912,6.381700038909912,125.0
2024-09-05 10:47:00+00:00,OPEN,1.975000023841858,1.975000023841858,1.9774999618530273,1.9699000120162964,1.9699000120162964,159784.0
2024-09-05 10:47:00+00:00,PCH,43.22999954223633,43.22999954223633,43.25,43.20000076293945,43.20000076293945,1845.0
2024-09-05 10:47:00+00:00,PECO,37.255001068115234,37.255001068115234,37.255001068115234,37.255001068115234,37.255001068115234,282.0
2024-09-05 10:47:00+00:00,RDFN,9.760000228881836,9.760000228881836,9.765000343322754,9.729999542236328,9.729999542236328,11208.0
2024-09-05 10:47:00+00:00,ROIC,15.335000038146973,15.335000038146973,15.335000038146973,15.335000038146973,15.335000038146973,632.0
2024-09-05 10:47:00+00:00,SBAC,236.02999877929688,236.02999877929688,236.02999877929688,236.02999877929688,236.02999877929688,126.0
2024-09-05 10:47:00+00:00,SVC,4.635000228881836,4.635000228881836,4.635000228881836,4.635000228881836,4.635000228881836,1553.0
2024-09-05 10:47:00+00:00,UK,1.399999976158142,1.399999976158142,1.399999976158142,1.3700000047683716,1.3700000047683716,200.0
2024-09-05 10:47:00+00:00,UNIT,5.074999809265137,5.074999809265137,5.130000114440918,5.050000190734863,5.125,119811.0
2024-09-05 10:47:00+00:00,WHLR,2.674999952316284,2.674999952316284,2.7200000286102295,2.660099983215332,2.710099935531616,61412.0
2024-09-05 10:48:00+00:00,AGNC,10.225000381469727,10.225000381469727,10.234999656677246,10.225000381469727,10.225000381469727,70465.0
2024-09-05 10:48:00+00:00,CIGI,141.8000030517578,141.8000030517578,141.8000030517578,141.8000030517578,141.8000030517578,105.0
2024-09-05 10:48:00+00:00,CSGP,76.83000183105469,76.83000183105469,76.83000183105469,76.76000213623047,76.76000213623047,3190.0
2024-09-05 10:48:00+00:00,EXPI,11.7677001953125,11.7677001953125,11.7677001953125,11.760000228881836,11.760000228881836,5594.0
2024-09-05 10:48:00+00:00,GOOD,15.274999618530273,15.274999618530273,15.274999618530273,15.274999618530273,15.274999618530273,1750.0
2024-09-05 10:48:00+00:00,HST,16.84000015258789,16.84000015258789,16.850000381469727,16.834999084472656,16.844999313354492,12875.0
2024-09-05 10:48:00+00:00,ILPT,4.789999961853027,4.789999961853027,4.789999961853027,4.78000020980835,4.78000020980835,1844.0
2024-09-05 10:48:00+00:00,LAMR,125.5,125.5,125.5250015258789,125.5,125.51499938964844,2457.0
2024-09-05 10:48:00+00:00,NMRK,14.25,14.25,14.25,14.239999771118164,14.239999771118164,1628.0
2024-09-05 10:48:00+00:00,OPEN,1.9701999425888062,1.9701999425888062,1.975000023841858,1.9700000286102295,1.9700000286102295,27559.0
2024-09-05 10:48:00+00:00,OPI,2.1298999786376953,2.1298999786376953,2.1298999786376953,2.125,2.125,611.0
2024-09-05 10:48:00+00:00,RDFN,9.75,9.75,9.75,9.739999771118164,9.75,3641.0
2024-09-05 10:48:00+00:00,REG,73.5,73.5,73.5,73.5,73.5,428.0
2024-09-05 10:48:00+00:00,ROIC,15.324999809265137,15.324999809265137,15.335000038146973,15.324999809265137,15.335000038146973,1709.0
2024-09-05 10:48:00+00:00,SBAC,235.93260192871094,235.93260192871094,236.02999877929688,235.93260192871094,236.02999877929688,1553.0
2024-09-05 10:48:00+00:00,SBRA,17.489999771118164,17.489999771118164,17.49049949645996,17.485000610351562,17.489999771118164,4534.0
2024-09-05 10:48:00+00:00,SVC,4.635000228881836,4.635000228881836,4.635000228881836,4.635000228881836,4.635000228881836,1631.0
2024-09-05 10:48:00+00:00,UNIT,5.125,5.125,5.125,5.074999809265137,5.074999809265137,31813.0
2024-09-05 10:48:00+00:00,WHLR,2.649899959564209,2.649899959564209,2.700000047683716,2.640000104904175,2.6700000762939453,40674.0
2024-09-05 10:49:00+00:00,AGNC,10.22659969329834,10.22659969329834,10.22659969329834,10.220000267028809,10.225000381469727,796.0
2024-09-05 10:49:00+00:00,CIGI,141.84500122070312,141.84500122070312,141.84500122070312,141.84500122070312,141.84500122070312,109.0
2024-09-05 10:49:00+00:00,CSGP,76.80999755859375,76.80999755859375,76.80999755859375,76.80999755859375,76.80999755859375,231.0
2024-09-05 10:49:00+00:00,EQIX,822.3499755859375,822.3499755859375,823.1300048828125,822.3499755859375,823.1300048828125,2262.0
2024-09-05 10:49:00+00:00,EXPI,11.739999771118164,11.739999771118164,11.739999771118164,11.739999771118164,11.739999771118164,948.0
2024-09-05 10:49:00+00:00,GLPI,51.720001220703125,51.720001220703125,51.7599983215332,51.720001220703125,51.7599983215332,811.0
2024-09-05 10:49:00+00:00,HST,16.829999923706055,16.829999923706055,16.84000015258789,16.81999969482422,16.84000015258789,7796.0
2024-09-05 10:49:00+00:00,LAMR,125.5,125.5,125.5,125.5,125.5,423.0
2024-09-05 10:49:00+00:00,LAND,13.570099830627441,13.570099830627441,13.570099830627441,13.570099830627441,13.570099830627441,268.0
2024-09-05 10:49:00+00:00,NMRK,14.25,14.25,14.25,14.25,14.25,648.0
2024-09-05 10:49:00+00:00,NYMT,6.375,6.375,6.380000114440918,6.372000217437744,6.380000114440918,5428.0
2024-09-05 10:49:00+00:00,OPEN,1.9699000120162964,1.9699000120162964,1.975000023841858,1.9601000547409058,1.975000023841858,114597.0
2024-09-05 10:49:00+00:00,OPI,2.125,2.125,2.125,2.125,2.125,456.0
2024-09-05 10:49:00+00:00,RDFN,9.699999809265137,9.699999809265137,9.75,9.699999809265137,9.75,4481.0
2024-09-05 10:49:00+00:00,REAX,5.800000190734863,5.800000190734863,5.800000190734863,5.800000190734863,5.800000190734863,3318.0
2024-09-05 10:49:00+00:00,REG,73.33999633789062,73.33999633789062,73.4020004272461,73.33999633789062,73.4020004272461,1429.0
2024-09-05 10:49:00+00:00,ROIC,15.3149995803833,15.3149995803833,15.319999694824219,15.3149995803833,15.319999694824219,1085.0
2024-09-05 10:49:00+00:00,SBAC,235.80999755859375,235.80999755859375,235.80999755859375,235.80999755859375,235.80999755859375,1034.0
2024-09-05 10:49:00+00:00,SBRA,17.489999771118164,17.489999771118164,17.489999771118164,17.489999771118164,17.489999771118164,236.0
2024-09-05 10:49:00+00:00,SVC,4.630000114440918,4.630000114440918,4.630000114440918,4.630000114440918,4.630000114440918,274.0
2024-09-05 10:49:00+00:00,UNIT,5.114999771118164,5.114999771118164,5.135000228881836,5.110000133514404,5.125,21370.0
2024-09-05 10:49:00+00:00,WHLR,2.779900074005127,2.779900074005127,2.799999952316284,2.640000104904175,2.640000104904175,146631.0
2024-09-05 10:50:00+00:00,AGNC,10.21500015258789,10.21500015258789,10.228300094604492,10.212699890136719,10.225000381469727,16453.0
2024-09-05 10:50:00+00:00,CIGI,141.3699951171875,141.3699951171875,141.6649932861328,141.3699951171875,141.6199951171875,1418.0
2024-09-05 10:50:00+00:00,CSGP,76.71499633789062,76.71499633789062,76.76000213623047,76.71499633789062,76.76000213623047,996.0
2024-09-05 10:50:00+00:00,DHC,3.3450000286102295,3.3450000286102295,3.3499999046325684,3.3450000286102295,3.3499999046325684,1518.0
2024-09-05 10:50:00+00:00,EXPI,11.694999694824219,11.694999694824219,11.699999809265137,11.680000305175781,11.699999809265137,1072.0
2024-09-05 10:50:00+00:00,FTHM,2.7100000381469727,2.7100000381469727,2.7100000381469727,2.7100000381469727,2.7100000381469727,57.0
2024-09-05 10:50:00+00:00,GLPI,51.68000030517578,51.68000030517578,51.70000076293945,51.66999816894531,51.70000076293945,1761.0
2024-09-05 10:50:00+00:00,GOOD,15.25,15.25,15.260000228881836,15.25,15.260000228881836,495.0
2024-09-05 10:50:00+00:00,HST,16.809999465942383,16.809999465942383,16.81999969482422,16.80500030517578,16.81999969482422,5825.0
2024-09-05 10:50:00+00:00,ILPT,4.909999847412109,4.909999847412109,4.909999847412109,4.784999847412109,4.784999847412109,49689.0
2024-09-05 10:50:00+00:00,LAMR,125.5,125.5,125.5,125.5,125.5,869.0
2024-09-05 10:50:00+00:00,LSEA,11.5600004196167,11.5600004196167,11.5600004196167,11.5600004196167,11.5600004196167,145.0
2024-09-05 10:50:00+00:00,NMRK,14.220000267028809,14.220000267028809,14.239999771118164,14.220000267028809,14.239999771118164,4457.0
2024-09-05 10:50:00+00:00,NYMT,6.361700057983398,6.361700057983398,6.369999885559082,6.361700057983398,6.369999885559082,1873.0
2024-09-05 10:50:00+00:00,OPEN,1.965000033378601,1.965000033378601,1.9700000286102295,1.9600000381469727,1.9670000076293945,43131.0
2024-09-05 10:50:00+00:00,PCH,43.18000030517578,43.18000030517578,43.189998626708984,43.18000030517578,43.18000030517578,1261.0
2024-09-05 10:50:00+00:00,PECO,37.16999816894531,37.16999816894531,37.220001220703125,37.16999816894531,37.19499969482422,1392.0
2024-09-05 10:50:00+00:00,RDFN,9.694999694824219,9.694999694824219,9.710000038146973,9.6899995803833,9.704999923706055,21819.0
2024-09-05 10:50:00+00:00,REG,73.32499694824219,73.32499694824219,73.32499694824219,73.32499694824219,73.32499694824219,504.0
2024-09-05 10:50:00+00:00,ROIC,15.300000190734863,15.300000190734863,15.3100004196167,15.300000190734863,15.3100004196167,1594.0
2024-09-05 10:50:00+00:00,SBAC,235.13999938964844,235.13999938964844,235.13999938964844,235.13999938964844,235.13999938964844,952.0
2024-09-05 10:50:00+00:00,SBRA,17.450000762939453,17.450000762939453,17.479999542236328,17.450000762939453,17.479999542236328,6174.0
2024-09-05 10:50:00+00:00,SVC,4.614999771118164,4.614999771118164,4.625,4.614999771118164,4.625,3461.0
2024-09-05 10:50:00+00:00,UNIT,5.093900203704834,5.093900203704834,5.105000019073486,5.090099811553955,5.105000019073486,5369.0
2024-09-05 10:50:00+00:00,WHLR,2.7600998878479004,2.7600998878479004,2.8399999141693115,2.7200000286102295,2.7799999713897705,198028.0
2024-09-05 10:51:00+00:00,AGNC,10.219900131225586,10.219900131225586,10.219900131225586,10.210000038146973,10.21500015258789,4726.0
2024-09-05 10:51:00+00:00,DHC,3.3350000381469727,3.3350000381469727,3.3350000381469727,3.3350000381469727,3.3350000381469727,1299.0
2024-09-05 10:51:00+00:00,GLPI,51.70500183105469,51.70500183105469,51.70500183105469,51.70000076293945,51.70000076293945,1061.0
2024-09-05 10:51:00+00:00,HST,16.815000534057617,16.815000534057617,16.81999969482422,16.815000534057617,16.81999969482422,1518.0
2024-09-05 10:51:00+00:00,ILPT,4.875,4.875,4.940000057220459,4.875,4.914999961853027,9035.0
2024-09-05 10:51:00+00:00,LSEA,11.510000228881836,11.510000228881836,11.510000228881836,11.510000228881836,11.510000228881836,289.0
2024-09-05 10:51:00+00:00,NMRK,14.232500076293945,14.232500076293945,14.232500076293945,14.229999542236328,14.229999542236328,763.0
2024-09-05 10:51:00+00:00,OPEN,1.965000033378601,1.965000033378601,1.9700000286102295,1.9600000381469727,1.965000033378601,44920.0
2024-09-05 10:51:00+00:00,OPI,2.125,2.125,2.125,2.125,2.125,126.0
2024-09-05 10:51:00+00:00,RDFN,9.720000267028809,9.720000267028809,9.720000267028809,9.6899995803833,9.6899995803833,3249.0
2024-09-05 10:51:00+00:00,REAX,5.78000020980835,5.78000020980835,5.78000020980835,5.78000020980835,5.78000020980835,287.0
2024-09-05 10:51:00+00:00,REG,73.29000091552734,73.29000091552734,73.29000091552734,73.29000091552734,73.29000091552734,606.0
2024-09-05 10:51:00+00:00,ROIC,15.29990005493164,15.29990005493164,15.29990005493164,15.29990005493164,15.29990005493164,526.0
2024-09-05 10:51:00+00:00,SBRA,17.44499969482422,17.44499969482422,17.44499969482422,17.440000534057617,17.440000534057617,1154.0
2024-09-05 10:51:00+00:00,UNIT,5.105000019073486,5.105000019073486,5.105000019073486,5.079999923706055,5.09499979019165,14932.0
2024-09-05 10:51:00+00:00,WHLR,2.8201000690460205,2.8201000690460205,2.8399999141693115,2.7200000286102295,2.759999990463257,132902.0
2024-09-05 10:52:00+00:00,AFCG,10.380000114440918,10.380000114440918,10.390000343322754,10.380000114440918,10.390000343322754,1283.0
2024-09-05 10:52:00+00:00,AGNC,10.218700408935547,10.218700408935547,10.220000267028809,10.21500015258789,10.21500015258789,9188.0
2024-09-05 10:52:00+00:00,AGNCP,24.25670051574707,24.25670051574707,24.25670051574707,24.25670051574707,24.25670051574707,356.0
2024-09-05 10:52:00+00:00,CSGP,76.83000183105469,76.83000183105469,76.83499908447266,76.69499969482422,76.74500274658203,8474.0
2024-09-05 10:52:00+00:00,GLPI,51.72999954223633,51.72999954223633,51.72999954223633,51.72999954223633,51.72999954223633,424.0
2024-09-05 10:52:00+00:00,HST,16.799999237060547,16.799999237060547,16.809999465942383,16.799999237060547,16.809999465942383,6513.0
2024-09-05 10:52:00+00:00,ILPT,4.885000228881836,4.885000228881836,4.885000228881836,4.885000228881836,4.885000228881836,688.0
2024-09-05 10:52:00+00:00,NMRK,14.239899635314941,14.239899635314941,14.25,14.239899635314941,14.239999771118164,2344.0
2024-09-05 10:52:00+00:00,NYMT,6.369999885559082,6.369999885559082,6.369999885559082,6.364999771118164,6.364999771118164,772.0
2024-09-05 10:52:00+00:00,OPEN,1.9600000381469727,1.9600000381469727,1.9700000286102295,1.9600000381469727,1.9700000286102295,15636.0
2024-09-05 10:52:00+00:00,OPI,2.125,2.125,2.125,2.119999885559082,2.119999885559082,373.0
2024-09-05 10:52:00+00:00,PCH,43.150001525878906,43.150001525878906,43.150001525878906,43.150001525878906,43.150001525878906,639.0
2024-09-05 10:52:00+00:00,PECO,37.185001373291016,37.185001373291016,37.185001373291016,37.185001373291016,37.185001373291016,361.0
2024-09-05 10:52:00+00:00,RDFN,9.712699890136719,9.712699890136719,9.729999542236328,9.699999809265137,9.729999542236328,4351.0
2024-09-05 10:52:00+00:00,REG,73.33999633789062,73.33999633789062,73.33999633789062,73.33999633789062,73.33999633789062,682.0
2024-09-05 10:52:00+00:00,SBRA,17.475000381469727,17.475000381469727,17.475000381469727,17.450000762939453,17.450000762939453,2049.0
2024-09-05 10:52:00+00:00,SVC,4.610000133514404,4.610000133514404,4.610000133514404,4.610000133514404,4.610000133514404,512.0
2024-09-05 10:52:00+00:00,UNIT,5.114999771118164,5.114999771118164,5.114999771118164,5.105000019073486,5.105000019073486,9915.0
2024-09-05 10:52:00+00:00,WHLR,2.9600000381469727,2.9600000381469727,2.9800000190734863,2.819999933242798,2.8399999141693115,395767.0
2024-09-05 10:53:00+00:00,AGNC,10.21500015258789,10.21500015258789,10.21500015258789,10.210000038146973,10.21500015258789,2277.0
2024-09-05 10:53:00+00:00,CSGP,76.75499725341797,76.75499725341797,76.77999877929688,76.75499725341797,76.77999877929688,3751.0
2024-09-05 10:53:00+00:00,DUO,0.4097999930381775,0.4097999930381775,0.4097999930381775,0.4097999930381775,0.4097999930381775,1110.0
2024-09-05 10:53:00+00:00,FRPH,29.600000381469727,29.600000381469727,29.600000381469727,29.600000381469727,29.600000381469727,505.0
2024-09-05 10:53:00+00:00,GLPI,51.68000030517578,51.68000030517578,51.709999084472656,51.68000030517578,51.709999084472656,573.0
2024-09-05 10:53:00+00:00,GOOD,15.244999885559082,15.244999885559082,15.244999885559082,15.244999885559082,15.244999885559082,434.0
2024-09-05 10:53:00+00:00,HST,16.780000686645508,16.780000686645508,16.809999465942383,16.780000686645508,16.80500030517578,9692.0
2024-09-05 10:53:00+00:00,ILPT,4.885000228881836,4.885000228881836,4.885000228881836,4.885000228881836,4.885000228881836,207.0
2024-09-05 10:53:00+00:00,NMRK,14.229999542236328,14.229999542236328,14.229999542236328,14.229999542236328,14.229999542236328,1082.0
2024-09-05 10:53:00+00:00,OPEN,1.9700000286102295,1.9700000286102295,1.9700000286102295,1.9600000381469727,1.9600000381469727,23087.0
2024-09-05 10:53:00+00:00,OPI,2.125,2.125,2.125,2.125,2.125,110.0
2024-09-05 10:53:00+00:00,PCH,43.084999084472656,43.084999084472656,43.16999816894531,43.084999084472656,43.099998474121094,5398.0
2024-09-05 10:53:00+00:00,PECO,37.15999984741211,37.15999984741211,37.15999984741211,37.15999984741211,37.15999984741211,352.0
2024-09-05 10:53:00+00:00,RDFN,9.704999923706055,9.704999923706055,9.729499816894531,9.704999923706055,9.71500015258789,6769.0
2024-09-05 10:53:00+00:00,REG,73.23500061035156,73.23500061035156,73.23999786376953,73.23500061035156,73.23999786376953,772.0
2024-09-05 10:53:00+00:00,RMR,24.84000015258789,24.84000015258789,24.84000015258789,24.84000015258789,24.84000015258789,177.0
2024-09-05 10:53:00+00:00,SBAC,235.05999755859375,235.05999755859375,235.25,235.05999755859375,235.05999755859375,903.0
2024-09-05 10:53:00+00:00,SBRA,17.459999084472656,17.459999084472656,17.469999313354492,17.459999084472656,17.469999313354492,1066.0
2024-09-05 10:53:00+00:00,SVC,4.614999771118164,4.614999771118164,4.614999771118164,4.610000133514404,4.610000133514404,2457.0
2024-09-05 10:53:00+00:00,UNIT,5.119999885559082,5.119999885559082,5.119999885559082,5.114999771118164,5.114999771118164,1693.0
2024-09-05 10:53:00+00:00,WHLR,2.819999933242798,2.819999933242798,3.0000998973846436,2.809999942779541,2.9600000381469727,387441.0
2024-09-05 10:54:00+00:00,AGNC,10.220000267028809,10.220000267028809,10.220000267028809,10.210100173950195,10.21500015258789,1501.0
2024-09-05 10:54:00+00:00,CIGI,141.625,141.625,141.625,141.625,141.625,493.0
2024-09-05 10:54:00+00:00,EXPI,11.729999542236328,11.729999542236328,11.729999542236328,11.729999542236328,11.729999542236328,422.0
2024-09-05 10:54:00+00:00,GLPI,51.650001525878906,51.650001525878906,51.66749954223633,51.650001525878906,51.66749954223633,1649.0
2024-09-05 10:54:00+00:00,GOOD,15.249899864196777,15.249899864196777,15.25,15.249899864196777,15.25,692.0
2024-09-05 10:54:00+00:00,HST,16.799999237060547,16.799999237060547,16.799999237060547,16.780000686645508,16.780000686645508,16302.0
2024-09-05 10:54:00+00:00,ILPT,4.875,4.875,4.875,4.875,4.875,390.0
2024-09-05 10:54:00+00:00,NMRK,14.239999771118164,14.239999771118164,14.239999771118164,14.239999771118164,14.239999771118164,2055.0
2024-09-05 10:54:00+00:00,OPEN,1.9696999788284302,1.9696999788284302,1.9700000286102295,1.9600000381469727,1.965000033378601,31914.0
2024-09-05 10:54:00+00:00,PECO,37.15999984741211,37.15999984741211,37.15999984741211,37.15999984741211,37.15999984741211,547.0
2024-09-05 10:54:00+00:00,RDFN,9.720000267028809,9.720000267028809,9.720000267028809,9.704999923706055,9.710000038146973,3152.0
2024-09-05 10:54:00+00:00,REG,73.23999786376953,73.23999786376953,73.26499938964844,73.23999786376953,73.23999786376953,585.0
2024-09-05 10:54:00+00:00,ROIC,15.295000076293945,15.295000076293945,15.295000076293945,15.295000076293945,15.295000076293945,110.0
2024-09-05 10:54:00+00:00,SBAC,235.0500030517578,235.0500030517578,235.0500030517578,235.0500030517578,235.0500030517578,767.0
2024-09-05 10:54:00+00:00,SVC,4.625,4.625,4.625,4.614999771118164,4.614999771118164,4558.0
2024-09-05 10:54:00+00:00,UNIT,5.130000114440918,5.130000114440918,5.130000114440918,5.110099792480469,5.114999771118164,16377.0
2024-09-05 10:54:00+00:00,WHLR,2.759999990463257,2.759999990463257,2.8389999866485596,2.710099935531616,2.8101000785827637,245309.0
2024-09-05 10:55:00+00:00,AGNC,10.21500015258789,10.21500015258789,10.220000267028809,10.21500015258789,10.219099998474121,40184.0
2024-09-05 10:55:00+00:00,BPYPP,14.849900245666504,14.849900245666504,14.849900245666504,14.849900245666504,14.849900245666504,933.0
2024-09-05 10:55:00+00:00,CSGP,76.81500244140625,76.81500244140625,76.83000183105469,76.81500244140625,76.81500244140625,617.0
2024-09-05 10:55:00+00:00,FSV,178.92999267578125,178.92999267578125,178.92999267578125,178.92999267578125,178.92999267578125,586.0
2024-09-05 10:55:00+00:00,GLPI,51.650001525878906,51.650001525878906,51.650001525878906,51.650001525878906,51.650001525878906,1294.0
2024-09-05 10:55:00+00:00,GOOD,15.25,15.25,15.25,15.25,15.25,626.0
2024-09-05 10:55:00+00:00,HST,16.80500030517578,16.80500030517578,16.80500030517578,16.799999237060547,16.799999237060547,2062.0
2024-09-05 10:55:00+00:00,ILPT,4.880000114440918,4.880000114440918,4.880000114440918,4.869999885559082,4.869999885559082,1024.0
2024-09-05 10:55:00+00:00,LAMR,125.36000061035156,125.36000061035156,125.36000061035156,125.36000061035156,125.36000061035156,185.0
2024-09-05 10:55:00+00:00,LAND,13.555000305175781,13.555000305175781,13.555000305175781,13.555000305175781,13.555000305175781,701.0
2024-09-05 10:55:00+00:00,NMRK,14.255000114440918,14.255000114440918,14.255000114440918,14.25,14.25,3184.0
2024-09-05 10:55:00+00:00,NYMT,6.364999771118164,6.364999771118164,6.375,6.364999771118164,6.369999885559082,2066.0
2024-09-05 10:55:00+00:00,OPEN,1.9743000268936157,1.9743000268936157,1.9800000190734863,1.9600000381469727,1.965000033378601,176831.0
2024-09-05 10:55:00+00:00,OPI,2.125,2.125,2.125,2.125,2.125,170.0
2024-09-05 10:55:00+00:00,PECO,37.19499969482422,37.19499969482422,37.20000076293945,37.17499923706055,37.17499923706055,646.0
2024-09-05 10:55:00+00:00,RDFN,9.734999656677246,9.734999656677246,9.760000228881836,9.729999542236328,9.729999542236328,3384.0
2024-09-05 10:55:00+00:00,REAX,5.78000020980835,5.78000020980835,5.78000020980835,5.78000020980835,5.78000020980835,229.0
2024-09-05 10:55:00+00:00,REG,73.29000091552734,73.29000091552734,73.29000091552734,73.2699966430664,73.2699966430664,964.0
2024-09-05 10:55:00+00:00,ROIC,15.291000366210938,15.291000366210938,15.295000076293945,15.291000366210938,15.291000366210938,542.0
2024-09-05 10:55:00+00:00,SBAC,235.15499877929688,235.15499877929688,235.30999755859375,235.15499877929688,235.30999755859375,719.0
2024-09-05 10:55:00+00:00,SBRA,17.459999084472656,17.459999084472656,17.46500015258789,17.454999923706055,17.459999084472656,4838.0
2024-09-05 10:55:00+00:00,SVC,4.635000228881836,4.635000228881836,4.635000228881836,4.630000114440918,4.630000114440918,2210.0
2024-09-05 10:55:00+00:00,UNIT,5.135000228881836,5.135000228881836,5.139999866485596,5.1305999755859375,5.1305999755859375,7290.0
2024-09-05 10:55:00+00:00,WHLR,2.690000057220459,2.690000057220459,2.7699999809265137,2.6600000858306885,2.76990008354187,165919.0
2024-09-05 10:56:00+00:00,AGNC,10.225000381469727,10.225000381469727,10.229999542236328,10.220000267028809,10.220000267028809,17338.0
2024-09-05 10:56:00+00:00,AGNCP,24.260000228881836,24.260000228881836,24.260000228881836,24.260000228881836,24.260000228881836,942.0
2024-09-05 10:56:00+00:00,ASPS,1.090000033378601,1.090000033378601,1.090000033378601,1.090000033378601,1.090000033378601,103.0
2024-09-05 10:56:00+00:00,CSGP,76.86000061035156,76.86000061035156,76.86000061035156,76.86000061035156,76.86000061035156,599.0
2024-09-05 10:56:00+00:00,EXPI,11.744999885559082,11.744999885559082,11.744999885559082,11.744999885559082,11.744999885559082,126.0
2024-09-05 10:56:00+00:00,GLPI,51.65999984741211,51.65999984741211,51.66999816894531,51.65999984741211,51.66999816894531,709.0
2024-09-05 10:56:00+00:00,HST,16.803699493408203,16.803699493408203,16.80500030517578,16.799999237060547,16.80500030517578,2100.0
2024-09-05 10:56:00+00:00,LAMR,125.12000274658203,125.12000274658203,125.37000274658203,125.12000274658203,125.37000274658203,2994.0
2024-09-05 10:56:00+00:00,NYMT,6.360000133514404,6.360000133514404,6.360099792480469,6.360000133514404,6.360099792480469,1646.0
2024-09-05 10:56:00+00:00,OPEN,1.975000023841858,1.975000023841858,1.9800000190734863,1.9700000286102295,1.975000023841858,32889.0
2024-09-05 10:56:00+00:00,PECO,37.209999084472656,37.209999084472656,37.209999084472656,37.209999084472656,37.209999084472656,310.0
2024-09-05 10:56:00+00:00,RDFN,9.760899543762207,9.760899543762207,9.760899543762207,9.738800048828125,9.738800048828125,8274.0
2024-09-05 10:56:00+00:00,REG,73.23999786376953,73.23999786376953,73.32499694824219,73.23999786376953,73.30999755859375,1525.0
2024-09-05 10:56:00+00:00,ROIC,15.28499984741211,15.28499984741211,15.28499984741211,15.28499984741211,15.28499984741211,1737.0
2024-09-05 10:56:00+00:00,SBRA,17.46500015258789,17.46500015258789,17.46500015258789,17.46500015258789,17.46500015258789,156.0
2024-09-05 10:56:00+00:00,SOHO,1.231600046157837,1.231600046157837,1.231600046157837,1.231600046157837,1.231600046157837,862.0
2024-09-05 10:56:00+00:00,UNIT,5.125,5.125,5.139999866485596,5.125,5.139999866485596,6840.0
2024-09-05 10:56:00+00:00,WHLR,2.700000047683716,2.700000047683716,2.7300000190734863,2.6600000858306885,2.700500011444092,57244.0
2024-09-05 10:57:00+00:00,AFCG,10.359999656677246,10.359999656677246,10.369999885559082,10.359999656677246,10.369999885559082,346.0
2024-09-05 10:57:00+00:00,AGNC,10.220000267028809,10.220000267028809,10.22700023651123,10.220000267028809,10.22700023651123,9940.0
2024-09-05 10:57:00+00:00,FTHM,2.7200000286102295,2.7200000286102295,2.7200000286102295,2.7100000381469727,2.7100000381469727,2583.0
2024-09-05 10:57:00+00:00,GIPR,2.309999942779541,2.309999942779541,2.309999942779541,2.309999942779541,2.309999942779541,1271.0
2024-09-05 10:57:00+00:00,GLPI,51.65999984741211,51.65999984741211,51.65999984741211,51.65520095825195,51.65520095825195,2566.0
2024-09-05 10:57:00+00:00,HST,16.799999237060547,16.799999237060547,16.799999237060547,16.799999237060547,16.799999237060547,3207.0
2024-09-05 10:57:00+00:00,LAMR,125.12000274658203,125.12000274658203,125.12999725341797,125.12000274658203,125.12999725341797,452.0
2024-09-05 10:57:00+00:00,NMRK,14.25,14.25,14.25,14.244999885559082,14.244999885559082,285.0
2024-09-05 10:57:00+00:00,OPEN,1.9701000452041626,1.9701000452041626,1.976199984550476,1.9701000452041626,1.9701000452041626,20491.0
2024-09-05 10:57:00+00:00,PECO,37.16999816894531,37.16999816894531,37.16999816894531,37.16999816894531,37.16999816894531,987.0
2024-09-05 10:57:00+00:00,RDFN,9.755000114440918,9.755000114440918,9.760000228881836,9.75,9.760000228881836,3908.0
2024-09-05 10:57:00+00:00,REAX,5.795000076293945,5.795000076293945,5.795000076293945,5.769999980926514,5.784999847412109,12907.0
2024-09-05 10:57:00+00:00,SBAC,235.25999450683594,235.25999450683594,235.27000427246094,235.25999450683594,235.27000427246094,417.0
2024-09-05 10:57:00+00:00,SBRA,17.469999313354492,17.469999313354492,17.469999313354492,17.450000762939453,17.459999084472656,11210.0
2024-09-05 10:57:00+00:00,SVC,4.631199836730957,4.631199836730957,4.631199836730957,4.631199836730957,4.631199836730957,830.0
2024-09-05 10:57:00+00:00,UNIT,5.125,5.125,5.125,5.125,5.125,1271.0
2024-09-05 10:57:00+00:00,WHLR,2.684999942779541,2.684999942779541,2.7100000381469727,2.619999885559082,2.6903998851776123,114600.0
2024-09-05 10:58:00+00:00,AGNC,10.225000381469727,10.225000381469727,10.229999542236328,10.220000267028809,10.225000381469727,7426.0
2024-09-05 10:58:00+00:00,CSGP,76.75,76.75,76.75,76.75,76.75,1607.0
2024-09-05 10:58:00+00:00,DHC,3.3299999237060547,3.3299999237060547,3.3299999237060547,3.3299999237060547,3.3299999237060547,1581.0
2024-09-05 10:58:00+00:00,EXPI,11.747400283813477,11.747400283813477,11.747400283813477,11.747400283813477,11.747400283813477,675.0
2024-09-05 10:58:00+00:00,GLPI,51.65999984741211,51.65999984741211,51.65999984741211,51.65999984741211,51.65999984741211,396.0
2024-09-05 10:58:00+00:00,HST,16.78499984741211,16.78499984741211,16.795000076293945,16.78499984741211,16.790000915527344,6052.0
2024-09-05 10:58:00+00:00,ILPT,4.869999885559082,4.869999885559082,4.869999885559082,4.869999885559082,4.869999885559082,586.0
2024-09-05 10:58:00+00:00,LAMR,125.21499633789062,125.21499633789062,125.21499633789062,125.21499633789062,125.21499633789062,992.0
2024-09-05 10:58:00+00:00,NMRK,14.25,14.25,14.25,14.25,14.25,816.0
2024-09-05 10:58:00+00:00,OPEN,1.975000023841858,1.975000023841858,1.9800000190734863,1.9700000286102295,1.975000023841858,36047.0
2024-09-05 10:58:00+00:00,OPI,2.125,2.125,2.130000114440918,2.125,2.125,378.0
2024-09-05 10:58:00+00:00,RDFN,9.760000228881836,9.760000228881836,9.760000228881836,9.739999771118164,9.75,1605.0
2024-09-05 10:58:00+00:00,REAX,5.789999961853027,5.789999961853027,5.795000076293945,5.789999961853027,5.789999961853027,3448.0
2024-09-05 10:58:00+00:00,REG,73.22000122070312,73.22000122070312,73.22000122070312,73.19000244140625,73.19000244140625,965.0
2024-09-05 10:58:00+00:00,ROIC,15.26200008392334,15.26200008392334,15.279999732971191,15.26200008392334,15.279999732971191,1696.0
2024-09-05 10:58:00+00:00,SBAC,235.39999389648438,235.39999389648438,235.39999389648438,235.36000061035156,235.36000061035156,653.0
2024-09-05 10:58:00+00:00,SBRA,17.5,17.5,17.5,17.475000381469727,17.475000381469727,4710.0
2024-09-05 10:58:00+00:00,SVC,4.635000228881836,4.635000228881836,4.635000228881836,4.635000228881836,4.635000228881836,921.0
2024-09-05 10:58:00+00:00,UK,1.3899999856948853,1.3899999856948853,1.3899999856948853,1.3899999856948853,1.3899999856948853,100.0
2024-09-05 10:58:00+00:00,UNIT,5.127500057220459,5.127500057220459,5.127500057220459,5.121200084686279,5.121200084686279,951.0
2024-09-05 10:58:00+00:00,WHLR,2.6989998817443848,2.6989998817443848,2.7021000385284424,2.6500000953674316,2.700000047683716,94873.0
2024-09-05 10:59:00+00:00,AFCG,10.364999771118164,10.364999771118164,10.364999771118164,10.364999771118164,10.364999771118164,178.0
2024-09-05 10:59:00+00:00,AGNC,10.22659969329834,10.22659969329834,10.22659969329834,10.22439956665039,10.225000381469727,12552.0
2024-09-05 10:59:00+00:00,DHC,3.325000047683716,3.325000047683716,3.3299999237060547,3.325000047683716,3.3299999237060547,1133.0
2024-09-05 10:59:00+00:00,EXPI,11.729999542236328,11.729999542236328,11.739999771118164,11.729999542236328,11.739999771118164,1828.0
2024-09-05 10:59:00+00:00,FSV,178.84500122070312,178.84500122070312,178.84500122070312,178.7949981689453,178.7949981689453,1446.0
2024-09-05 10:59:00+00:00,FTHM,2.7200000286102295,2.7200000286102295,2.7249999046325684,2.7200000286102295,2.7249999046325684,3135.0
2024-09-05 10:59:00+00:00,GLPI,51.66999816894531,51.66999816894531,51.68000030517578,51.66999816894531,51.68000030517578,543.0
2024-09-05 10:59:00+00:00,HST,16.772499084472656,16.772499084472656,16.795000076293945,16.772499084472656,16.772499084472656,7452.0
2024-09-05 10:59:00+00:00,NMRK,14.239999771118164,14.239999771118164,14.244999885559082,14.239999771118164,14.244999885559082,1257.0
2024-09-05 10:59:00+00:00,OPEN,1.965000033378601,1.965000033378601,1.9779000282287598,1.9601000547409058,1.9700000286102295,70043.0
2024-09-05 10:59:00+00:00,OPI,2.125,2.125,2.125,2.125,2.125,122.0
2024-09-05 10:59:00+00:00,PCH,43.02000045776367,43.02000045776367,43.02000045776367,43.02000045776367,43.02000045776367,173.0
2024-09-05 10:59:00+00:00,PECO,37.154998779296875,37.154998779296875,37.154998779296875,37.13999938964844,37.13999938964844,240.0
2024-09-05 10:59:00+00:00,RDFN,9.722000122070312,9.722000122070312,9.75,9.722000122070312,9.75,2764.0
2024-09-05 10:59:00+00:00,REAX,5.769999980926514,5.769999980926514,5.789999961853027,5.764999866485596,5.789999961853027,2174.0
2024-09-05 10:59:00+00:00,REG,73.25499725341797,73.25499725341797,73.3219985961914,73.22000122070312,73.22000122070312,2520.0
2024-09-05 10:59:00+00:00,ROIC,15.260000228881836,15.260000228881836,15.260000228881836,15.260000228881836,15.260000228881836,973.0
2024-09-05 10:59:00+00:00,SBAC,235.39999389648438,235.39999389648438,235.39999389648438,235.39999389648438,235.39999389648438,1022.0
2024-09-05 10:59:00+00:00,SBRA,17.5049991607666,17.5049991607666,17.5049991607666,17.5,17.5,962.0
2024-09-05 10:59:00+00:00,SVC,4.630000114440918,4.630000114440918,4.635000228881836,4.630000114440918,4.630000114440918,1459.0
2024-09-05 10:59:00+00:00,UNIT,5.135000228881836,5.135000228881836,5.139999866485596,5.119999885559082,5.125,11119.0
2024-09-05 10:59:00+00:00,WHLR,2.70989990234375,2.70989990234375,2.7100000381469727,2.640000104904175,2.6779000759124756,94947.0
2024-09-05 11:00:00+00:00,AGNC,10.225000381469727,10.225000381469727,10.227499961853027,10.220000267028809,10.225000381469727,36564.0
2024-09-05 11:00:00+00:00,BPYPO,13.454999923706055,13.454999923706055,13.454999923706055,13.454999923706055,13.454999923706055,315.0
2024-09-05 11:00:00+00:00,CHCI,7.321000099182129,7.321000099182129,7.321000099182129,7.320000171661377,7.320000171661377,868.0
2024-09-05 11:00:00+00:00,CSGP,76.69999694824219,76.69999694824219,76.69999694824219,76.69999694824219,76.69999694824219,1341.0
2024-09-05 11:00:00+00:00,EQIX,822.1699829101562,822.1699829101562,822.1699829101562,822.1699829101562,822.1699829101562,327.0
2024-09-05 11:00:00+00:00,EXPI,11.680000305175781,11.680000305175781,11.699999809265137,11.680000305175781,11.699999809265137,415.0
2024-09-05 11:00:00+00:00,FTHM,2.721100091934204,2.721100091934204,2.721100091934204,2.7200000286102295,2.7200000286102295,4578.0
2024-09-05 11:00:00+00:00,GLPI,51.65999984741211,51.65999984741211,51.65999984741211,51.65999984741211,51.65999984741211,177.0
2024-09-05 11:00:00+00:00,GOOD,15.25,15.25,15.25,15.25,15.25,284.0
2024-09-05 11:00:00+00:00,HST,16.760000228881836,16.760000228881836,16.77090072631836,16.760000228881836,16.77090072631836,7497.0
2024-09-05 11:00:00+00:00,NMRK,14.225000381469727,14.225000381469727,14.229999542236328,14.225000381469727,14.229999542236328,929.0
2024-09-05 11:00:00+00:00,OPEN,1.962399959564209,1.962399959564209,1.9700000286102295,1.9600000381469727,1.9648000001907349,69147.0
2024-09-05 11:00:00+00:00,OPI,2.125,2.125,2.125,2.125,2.125,313.0
2024-09-05 11:00:00+00:00,PECO,37.13999938964844,37.13999938964844,37.16999816894531,37.13999938964844,37.14500045776367,730.0
2024-09-05 11:00:00+00:00,RDFN,9.694999694824219,9.694999694824219,9.720000267028809,9.6850004196167,9.720000267028809,11161.0
2024-09-05 11:00:00+00:00,REAX,5.760000228881836,5.760000228881836,5.78000020980835,5.760000228881836,5.78000020980835,1653.0
2024-09-05 11:00:00+00:00,REFI,15.845000267028809,15.845000267028809,15.845000267028809,15.845000267028809,15.845000267028809,202.0
2024-09-05 11:00:00+00:00,REG,73.19499969482422,73.19499969482422,73.25,73.19499969482422,73.25,955.0
2024-09-05 11:00:00+00:00,ROIC,15.251999855041504,15.251999855041504,15.260000228881836,15.251999855041504,15.260000228881836,1350.0
2024-09-05 11:00:00+00:00,SBAC,235.1699981689453,235.1699981689453,235.2899932861328,235.1699981689453,235.22999572753906,1014.0
2024-09-05 11:00:00+00:00,SBRA,17.5049991607666,17.5049991607666,17.5049991607666,17.4950008392334,17.5049991607666,6531.0
2024-09-05 11:00:00+00:00,SVC,4.619999885559082,4.619999885559082,4.625,4.619999885559082,4.619999885559082,2114.0
2024-09-05 11:00:00+00:00,UNIT,5.144999980926514,5.144999980926514,5.150000095367432,5.135000228881836,5.135000228881836,18134.0
2024-09-05 11:00:00+00:00,WHLR,2.825000047683716,2.825000047683716,2.8499999046325684,2.690000057220459,2.690000057220459,220757.0
2024-09-05 11:01:00+00:00,AGNC,10.225000381469727,10.225000381469727,10.225000381469727,10.225000381469727,10.225000381469727,15142.0
2024-09-05 11:01:00+00:00,BPYPO,13.449999809265137,13.449999809265137,13.449999809265137,13.449999809265137,13.449999809265137,405.0
2024-09-05 11:01:00+00:00,BPYPP,14.800000190734863,14.800000190734863,14.800000190734863,14.800000190734863,14.800000190734863,105.0
2024-09-05 11:01:00+00:00,CIGI,141.27000427246094,141.27000427246094,141.27000427246094,141.27000427246094,141.27000427246094,611.0
2024-09-05 11:01:00+00:00,CSGP,76.69499969482422,76.69499969482422,76.72000122070312,76.68499755859375,76.69999694824219,4743.0
2024-09-05 11:01:00+00:00,EQIX,821.969970703125,821.969970703125,822.0599975585938,821.969970703125,822.0599975585938,646.0
2024-09-05 11:01:00+00:00,FTHM,2.720900058746338,2.720900058746338,2.720900058746338,2.720900058746338,2.720900058746338,1067.0
2024-09-05 11:01:00+00:00,GLPI,51.650001525878906,51.650001525878906,51.65999984741211,51.650001525878906,51.650001525878906,2224.0
2024-09-05 11:01:00+00:00,GOOD,15.244999885559082,15.244999885559082,15.25,15.239999771118164,15.239999771118164,817.0
2024-09-05 11:01:00+00:00,HST,16.7450008392334,16.7450008392334,16.7549991607666,16.7450008392334,16.7549991607666,3247.0
2024-09-05 11:01:00+00:00,LAMR,124.86000061035156,124.86000061035156,124.91000366210938,124.86000061035156,124.9000015258789,792.0
2024-09-05 11:01:00+00:00,LSEA,11.5,11.5,11.5,11.5,11.5,102.0
2024-09-05 11:01:00+00:00,NMRK,14.220000267028809,14.220000267028809,14.225000381469727,14.220000267028809,14.220000267028809,1563.0
2024-09-05 11:01:00+00:00,NYMT,6.349999904632568,6.349999904632568,6.349999904632568,6.34499979019165,6.34499979019165,882.0
2024-09-05 11:01:00+00:00,OPEN,1.965000033378601,1.965000033378601,1.9700000286102295,1.9600000381469727,1.9699000120162964,85121.0
2024-09-05 11:01:00+00:00,PCH,43.040000915527344,43.040000915527344,43.040000915527344,43.040000915527344,43.040000915527344,550.0
2024-09-05 11:01:00+00:00,RDFN,9.710000038146973,9.710000038146973,9.710000038146973,9.710000038146973,9.710000038146973,22212.0
2024-09-05 11:01:00+00:00,REAX,5.769999980926514,5.769999980926514,5.769999980926514,5.769999980926514,5.769999980926514,104.0
2024-09-05 11:01:00+00:00,REG,73.0999984741211,73.0999984741211,73.125,73.0999984741211,73.125,564.0
2024-09-05 11:01:00+00:00,SBAC,235.3699951171875,235.3699951171875,235.3699951171875,235.17999267578125,235.17999267578125,1151.0
2024-09-05 11:01:00+00:00,SBRA,17.5,17.5,17.5049991607666,17.5,17.5049991607666,995.0
2024-09-05 11:01:00+00:00,SVC,4.614999771118164,4.614999771118164,4.614999771118164,4.614999771118164,4.614999771118164,542.0
2024-09-05 11:01:00+00:00,UNIT,5.135000228881836,5.135000228881836,5.144999980926514,5.135000228881836,5.144999980926514,7118.0
2024-09-05 11:01:00+00:00,WHLR,2.818000078201294,2.818000078201294,2.8499999046325684,2.7699999809265137,2.820199966430664,88898.0
2024-09-05 11:01:00+00:00,WHLRP,2.7300000190734863,2.7300000190734863,2.7300000190734863,2.7300000190734863,2.7300000190734863,303.0
2024-09-05 11:02:00+00:00,AGNC,10.225000381469727,10.225000381469727,10.225000381469727,10.220000267028809,10.22029972076416,6594.0
2024-09-05 11:02:00+00:00,AGNCL,24.209999084472656,24.209999084472656,24.209999084472656,24.209999084472656,24.209999084472656,1400.0
2024-09-05 11:02:00+00:00,CSGP,76.68000030517578,76.68000030517578,76.68000030517578,76.68000030517578,76.68000030517578,1381.0
2024-09-05 11:02:00+00:00,DHC,3.315000057220459,3.315000057220459,3.315000057220459,3.315000057220459,3.315000057220459,165.0
2024-09-05 11:02:00+00:00,EQIX,822.094970703125,822.094970703125,822.094970703125,821.9299926757812,822.0,1772.0
2024-09-05 11:02:00+00:00,EXPI,11.699899673461914,11.699899673461914,11.699899673461914,11.699899673461914,11.699899673461914,721.0
2024-09-05 11:02:00+00:00,FSV,178.9199981689453,178.9199981689453,178.9199981689453,178.9199981689453,178.9199981689453,375.0
2024-09-05 11:02:00+00:00,FTHM,2.765000104904175,2.765000104904175,2.765000104904175,2.7200000286102295,2.7200000286102295,250.0
2024-09-05 11:02:00+00:00,GLPI,51.67499923706055,51.67499923706055,51.68000030517578,51.650001525878906,51.650001525878906,1934.0
2024-09-05 11:02:00+00:00,GOOD,15.265000343322754,15.265000343322754,15.265000343322754,15.259599685668945,15.259599685668945,987.0
2024-09-05 11:02:00+00:00,HST,16.764999389648438,16.764999389648438,16.766700744628906,16.75,16.75,9192.0
2024-09-05 11:02:00+00:00,ILPT,4.849999904632568,4.849999904632568,4.849999904632568,4.840000152587891,4.840000152587891,713.0
2024-09-05 11:02:00+00:00,LAMR,124.94999694824219,124.94999694824219,124.94999694824219,124.94999694824219,124.94999694824219,617.0
2024-09-05 11:02:00+00:00,NMRK,14.234999656677246,14.234999656677246,14.234999656677246,14.229999542236328,14.229999542236328,1717.0
2024-09-05 11:02:00+00:00,OPEN,1.9700000286102295,1.9700000286102295,1.9700000286102295,1.9600000381469727,1.9600000381469727,36411.0
2024-09-05 11:02:00+00:00,OPI,2.125,2.125,2.125,2.125,2.125,385.0
2024-09-05 11:02:00+00:00,RDFN,9.720000267028809,9.720000267028809,9.729999542236328,9.710000038146973,9.710000038146973,5359.0
2024-09-05 11:02:00+00:00,REAX,5.78000020980835,5.78000020980835,5.78000020980835,5.78000020980835,5.78000020980835,333.0
2024-09-05 11:02:00+00:00,REG,73.16000366210938,73.16000366210938,73.16000366210938,73.11000061035156,73.11000061035156,619.0
2024-09-05 11:02:00+00:00,ROIC,15.241999626159668,15.241999626159668,15.25,15.241999626159668,15.25,1049.0
2024-09-05 11:02:00+00:00,SEVN,13.670000076293945,13.670000076293945,13.670000076293945,13.649999618530273,13.649999618530273,359.0
2024-09-05 11:02:00+00:00,UNIT,5.139500141143799,5.139500141143799,5.139999866485596,5.131199836730957,5.135000228881836,4043.0
2024-09-05 11:02:00+00:00,WHLR,2.609999895095825,2.609999895095825,2.819999933242798,2.6015000343322754,2.8069000244140625,195261.0
2024-09-05 11:03:00+00:00,AFCG,10.369999885559082,10.369999885559082,10.369999885559082,10.369999885559082,10.369999885559082,131.0
2024-09-05 11:03:00+00:00,AGNC,10.225000381469727,10.225000381469727,10.225000381469727,10.220000267028809,10.225000381469727,9268.0
2024-09-05 11:03:00+00:00,ASPS,1.0700000524520874,1.0700000524520874,1.0700000524520874,1.0700000524520874,1.0700000524520874,6637.0
2024-09-05 11:03:00+00:00,CSGP,76.7699966430664,76.7699966430664,76.7699966430664,76.69999694824219,76.69999694824219,1424.0
2024-09-05 11:03:00+00:00,EQIX,822.2000122070312,822.2000122070312,822.2000122070312,822.2000122070312,822.2000122070312,287.0
2024-09-05 11:03:00+00:00,EXPI,11.720000267028809,11.720000267028809,11.720000267028809,11.699899673461914,11.699899673461914,1067.0
2024-09-05 11:03:00+00:00,GLPI,51.68000030517578,51.68000030517578,51.68000030517578,51.68000030517578,51.68000030517578,1388.0
2024-09-05 11:03:00+00:00,HST,16.764999389648438,16.764999389648438,16.764999389648438,16.760000228881836,16.760000228881836,8135.0
2024-09-05 11:03:00+00:00,ILPT,4.849999904632568,4.849999904632568,4.849999904632568,4.849999904632568,4.849999904632568,1000.0
2024-09-05 11:03:00+00:00,LAMR,124.93000030517578,124.93000030517578,125.00800323486328,124.93000030517578,124.95999908447266,592.0
2024-09-05 11:03:00+00:00,NMRK,14.25,14.25,14.25,14.25,14.25,948.0
2024-09-05 11:03:00+00:00,NYMTZ,19.520599365234375,19.520599365234375,19.520599365234375,19.520599365234375,19.520599365234375,3000.0
2024-09-05 11:03:00+00:00,OPEN,1.965000033378601,1.965000033378601,1.9700000286102295,1.965000033378601,1.965000033378601,56090.0
2024-09-05 11:03:00+00:00,PCH,42.98500061035156,42.98500061035156,42.98500061035156,42.98500061035156,42.98500061035156,646.0
2024-09-05 11:03:00+00:00,PECO,37.14500045776367,37.14500045776367,37.14500045776367,37.14500045776367,37.14500045776367,559.0
2024-09-05 11:03:00+00:00,RDFN,9.71500015258789,9.71500015258789,9.720000267028809,9.699999809265137,9.720000267028809,8907.0
2024-09-05 11:03:00+00:00,REAX,5.78000020980835,5.78000020980835,5.78000020980835,5.78000020980835,5.78000020980835,200.0
2024-09-05 11:03:00+00:00,REG,73.13999938964844,73.13999938964844,73.13999938964844,73.13999938964844,73.13999938964844,291.0
2024-09-05 11:03:00+00:00,SBAC,235.4499969482422,235.4499969482422,235.4499969482422,235.4499969482422,235.4499969482422,1947.0
2024-09-05 11:03:00+00:00,SBRA,17.500099182128906,17.500099182128906,17.5049991607666,17.5,17.5049991607666,5092.0
2024-09-05 11:03:00+00:00,SVC,4.619999885559082,4.619999885559082,4.619999885559082,4.619999885559082,4.619999885559082,354.0
2024-09-05 11:03:00+00:00,UNIT,5.138899803161621,5.138899803161621,5.138899803161621,5.130099773406982,5.130099773406982,3051.0
2024-09-05 11:03:00+00:00,WHLR,2.617500066757202,2.617500066757202,2.6500000953674316,2.5799999237060547,2.619999885559082,97998.0
2024-09-05 11:04:00+00:00,AGNC,10.229999542236328,10.229999542236328,10.229999542236328,10.220000267028809,10.225000381469727,12520.0
2024-09-05 11:04:00+00:00,ASPS,1.0601999759674072,1.0601999759674072,1.0601999759674072,1.0601999759674072,1.0601999759674072,0.0
2024-09-05 11:04:00+00:00,CSGP,76.7249984741211,76.7249984741211,76.7249984741211,76.72000122070312,76.7249984741211,850.0
2024-09-05 11:04:00+00:00,EQIX,823.010009765625,823.010009765625,823.72998046875,822.2000122070312,823.2100219726562,1992.0
2024-09-05 11:04:00+00:00,EXPI,11.710000038146973,11.710000038146973,11.710000038146973,11.710000038146973,11.710000038146973,119.0
2024-09-05 11:04:00+00:00,GLPI,51.630001068115234,51.630001068115234,51.65999984741211,51.630001068115234,51.65999984741211,858.0
2024-09-05 11:04:00+00:00,HST,16.780000686645508,16.780000686645508,16.780000686645508,16.770000457763672,16.774999618530273,6438.0
2024-09-05 11:04:00+00:00,OPEN,1.9550000429153442,1.9550000429153442,1.965000033378601,1.9500000476837158,1.965000033378601,201927.0
2024-09-05 11:04:00+00:00,PCH,42.95000076293945,42.95000076293945,42.95000076293945,42.95000076293945,42.95000076293945,501.0
2024-09-05 11:04:00+00:00,PECO,37.13999938964844,37.13999938964844,37.13999938964844,37.13999938964844,37.13999938964844,537.0
2024-09-05 11:04:00+00:00,RDFN,9.710000038146973,9.710000038146973,9.71969985961914,9.699999809265137,9.71969985961914,4382.0
2024-09-05 11:04:00+00:00,REAX,5.789999961853027,5.789999961853027,5.789999961853027,5.769999980926514,5.784999847412109,894.0
2024-09-05 11:04:00+00:00,REG,73.19999694824219,73.19999694824219,73.19999694824219,73.1500015258789,73.1500015258789,13788.0
2024-09-05 11:04:00+00:00,ROIC,15.241999626159668,15.241999626159668,15.241999626159668,15.241999626159668,15.241999626159668,801.0
2024-09-05 11:04:00+00:00,SBRA,17.4950008392334,17.4950008392334,17.508100509643555,17.4950008392334,17.508100509643555,1500.0
2024-09-05 11:04:00+00:00,UNIT,5.150000095367432,5.150000095367432,5.150000095367432,5.139100074768066,5.139100074768066,7294.0
2024-09-05 11:04:00+00:00,WHLR,2.619999885559082,2.619999885559082,2.7100000381469727,2.5899999141693115,2.6101999282836914,120581.0
2024-09-05 11:05:00+00:00,AFCG,10.369999885559082,10.369999885559082,10.369999885559082,10.369999885559082,10.369999885559082,1163.0
2024-09-05 11:05:00+00:00,AGNC,10.225000381469727,10.225000381469727,10.229999542236328,10.225000381469727,10.225000381469727,24239.0
2024-09-05 11:05:00+00:00,CSGP,76.70999908447266,76.70999908447266,76.76000213623047,76.70999908447266,76.76000213623047,819.0
2024-09-05 11:05:00+00:00,DHC,3.315000057220459,3.315000057220459,3.315000057220459,3.315000057220459,3.315000057220459,200.0
2024-09-05 11:05:00+00:00,EQIX,823.5700073242188,823.5700073242188,824.219970703125,823.5700073242188,824.219970703125,1357.0
2024-09-05 11:05:00+00:00,EXPI,11.729999542236328,11.729999542236328,11.729999542236328,11.720000267028809,11.720000267028809,1693.0
2024-09-05 11:05:00+00:00,GLPI,51.630001068115234,51.630001068115234,51.630001068115234,51.630001068115234,51.630001068115234,242.0
2024-09-05 11:05:00+00:00,HST,16.774999618530273,16.774999618530273,16.774999618530273,16.774999618530273,16.774999618530273,286.0
2024-09-05 11:05:00+00:00,LAMR,125.19999694824219,125.19999694824219,125.19999694824219,125.0,125.0,2375.0
2024-09-05 11:05:00+00:00,LSEA,11.539999961853027,11.539999961853027,11.539999961853027,11.539999961853027,11.539999961853027,2040.0
2024-09-05 11:05:00+00:00,NMRK,14.260000228881836,14.260000228881836,14.260000228881836,14.255000114440918,14.255000114440918,1385.0
2024-09-05 11:05:00+00:00,OPEN,1.975000023841858,1.975000023841858,1.975000023841858,1.9500000476837158,1.9565999507904053,240305.0
2024-09-05 11:05:00+00:00,OPI,2.1298999786376953,2.1298999786376953,2.1298999786376953,2.1298999786376953,2.1298999786376953,553.0
2024-09-05 11:05:00+00:00,PECO,37.16999816894531,37.16999816894531,37.16999816894531,37.16999816894531,37.16999816894531,351.0
2024-09-05 11:05:00+00:00,RDFN,9.744999885559082,9.744999885559082,9.744999885559082,9.699999809265137,9.699999809265137,2357.0
2024-09-05 11:05:00+00:00,REAX,5.780099868774414,5.780099868774414,5.789999961853027,5.780099868774414,5.789999961853027,222.0
2024-09-05 11:05:00+00:00,REG,73.12999725341797,73.12999725341797,73.19999694824219,73.0999984741211,73.19999694824219,1575.0
2024-09-05 11:05:00+00:00,ROIC,15.25,15.25,15.25,15.25,15.25,653.0
2024-09-05 11:05:00+00:00,SBRA,17.489999771118164,17.489999771118164,17.4950008392334,17.489999771118164,17.489999771118164,2374.0
2024-09-05 11:05:00+00:00,SOHOO,18.32200050354004,18.32200050354004,18.32200050354004,18.32200050354004,18.32200050354004,0.0
2024-09-05 11:05:00+00:00,SVC,4.622499942779541,4.622499942779541,4.622499942779541,4.622499942779541,4.622499942779541,219.0
2024-09-05 11:05:00+00:00,UNIT,5.144999980926514,5.144999980926514,5.144999980926514,5.139999866485596,5.144999980926514,10112.0
2024-09-05 11:05:00+00:00,WHLR,2.45989990234375,2.45989990234375,2.6296000480651855,2.430000066757202,2.6296000480651855,238513.0
2024-09-05 11:06:00+00:00,AFCG,10.380000114440918,10.380000114440918,10.380000114440918,10.380000114440918,10.380000114440918,949.0
2024-09-05 11:06:00+00:00,AGNC,10.234999656677246,10.234999656677246,10.234999656677246,10.229900360107422,10.229900360107422,42484.0
2024-09-05 11:06:00+00:00,ASPS,1.0700000524520874,1.0700000524520874,1.0700000524520874,1.0700000524520874,1.0700000524520874,0.0
2024-09-05 11:06:00+00:00,DHC,3.325000047683716,3.325000047683716,3.325000047683716,3.319999933242798,3.319999933242798,1069.0
2024-09-05 11:06:00+00:00,FSV,179.14999389648438,179.14999389648438,179.14999389648438,179.00999450683594,179.00999450683594,1250.0
2024-09-05 11:06:00+00:00,GLPI,51.619998931884766,51.619998931884766,51.619998931884766,51.61000061035156,51.61000061035156,1229.0
2024-09-05 11:06:00+00:00,HST,16.78499984741211,16.78499984741211,16.790000915527344,16.780000686645508,16.780000686645508,6339.0
2024-09-05 11:06:00+00:00,ILPT,4.860000133514404,4.860000133514404,4.860000133514404,4.860000133514404,4.860000133514404,389.0
2024-09-05 11:06:00+00:00,LAMR,125.08999633789062,125.08999633789062,125.27999877929688,125.08999633789062,125.23500061035156,5926.0
2024-09-05 11:06:00+00:00,LAND,13.536600112915039,13.536600112915039,13.536600112915039,13.536600112915039,13.536600112915039,334.0
2024-09-05 11:06:00+00:00,NMRK,14.275699615478516,14.275699615478516,14.279999732971191,14.265000343322754,14.265000343322754,1642.0
2024-09-05 11:06:00+00:00,NYMT,6.375,6.375,6.375,6.360000133514404,6.360000133514404,1295.0
2024-09-05 11:06:00+00:00,OPEN,1.972599983215332,1.972599983215332,1.9800000190734863,1.9700000286102295,1.9733999967575073,78299.0
2024-09-05 11:06:00+00:00,PECO,37.165000915527344,37.165000915527344,37.165000915527344,37.165000915527344,37.165000915527344,609.0
2024-09-05 11:06:00+00:00,RDFN,9.759300231933594,9.759300231933594,9.760000228881836,9.75,9.75,7698.0
2024-09-05 11:06:00+00:00,SBAC,235.57000732421875,235.57000732421875,235.57000732421875,235.57000732421875,235.57000732421875,238.0
2024-09-05 11:06:00+00:00,SBRA,17.489999771118164,17.489999771118164,17.5049991607666,17.489999771118164,17.489999771118164,3133.0
2024-09-05 11:06:00+00:00,UNIT,5.164999961853027,5.164999961853027,5.164999961853027,5.144999980926514,5.144999980926514,13950.0
2024-09-05 11:06:00+00:00,WHLR,2.420099973678589,2.420099973678589,2.45989990234375,2.3499999046325684,2.45989990234375,191796.0
2024-09-05 11:07:00+00:00,AFCG,10.380000114440918,10.380000114440918,10.380000114440918,10.380000114440918,10.380000114440918,1800.0
2024-09-05 11:07:00+00:00,AGNC,10.234999656677246,10.234999656677246,10.234999656677246,10.229999542236328,10.229999542236328,46088.0
2024-09-05 11:07:00+00:00,CSGP,76.69000244140625,76.69000244140625,76.69000244140625,76.69000244140625,76.69000244140625,13243.0
2024-09-05 11:07:00+00:00,GLPI,51.59000015258789,51.59000015258789,51.599998474121094,51.59000015258789,51.599998474121094,556.0
2024-09-05 11:07:00+00:00,GOODN,22.975000381469727,22.975000381469727,22.975000381469727,22.975000381469727,22.975000381469727,186.0
2024-09-05 11:07:00+00:00,HST,16.760000228881836,16.760000228881836,16.780000686645508,16.760000228881836,16.780000686645508,6640.0
2024-09-05 11:07:00+00:00,ILPT,4.900000095367432,4.900000095367432,4.900000095367432,4.869999885559082,4.869999885559082,6301.0
2024-09-05 11:07:00+00:00,NMRK,14.270000457763672,14.270000457763672,14.274999618530273,14.270000457763672,14.270000457763672,3871.0
2024-09-05 11:07:00+00:00,OPEN,1.975000023841858,1.975000023841858,1.9800000190734863,1.9700000286102295,1.975000023841858,69760.0
2024-09-05 11:07:00+00:00,RDFN,9.739999771118164,9.739999771118164,9.75,9.739999771118164,9.75,946.0
2024-09-05 11:07:00+00:00,REAX,5.789999961853027,5.789999961853027,5.789999961853027,5.789999961853027,5.789999961853027,847.0
2024-09-05 11:07:00+00:00,REG,73.11499786376953,73.11499786376953,73.12000274658203,73.11499786376953,73.12000274658203,260.0
2024-09-05 11:07:00+00:00,ROIC,15.255000114440918,15.255000114440918,15.255000114440918,15.25,15.25,1203.0
2024-09-05 11:07:00+00:00,SBAC,235.57000732421875,235.57000732421875,235.57000732421875,235.35499572753906,235.35499572753906,1070.0
2024-09-05 11:07:00+00:00,SBRA,17.489999771118164,17.489999771118164,17.4950008392334,17.489999771118164,17.489999771118164,4625.0
2024-09-05 11:07:00+00:00,UNIT,5.170000076293945,5.170000076293945,5.170000076293945,5.164999961853027,5.170000076293945,7503.0
2024-09-05 11:07:00+00:00,WHLR,2.389899969100952,2.389899969100952,2.4398999214172363,2.380000114440918,2.389899969100952,91560.0
2024-09-05 11:08:00+00:00,AFCG,10.369999885559082,10.369999885559082,10.380000114440918,10.369999885559082,10.380000114440918,414.0
2024-09-05 11:08:00+00:00,AGNC,10.234999656677246,10.234999656677246,10.234999656677246,10.229999542236328,10.234999656677246,18263.0
2024-09-05 11:08:00+00:00,CMCT,1.9500000476837158,1.9500000476837158,1.9500000476837158,1.9500000476837158,1.9500000476837158,0.0
2024-09-05 11:08:00+00:00,CSGP,76.79000091552734,76.79000091552734,76.79000091552734,76.68499755859375,76.69999694824219,6323.0
2024-09-05 11:08:00+00:00,GLPI,51.58000183105469,51.58000183105469,51.59000015258789,51.56999969482422,51.56999969482422,1722.0
2024-09-05 11:08:00+00:00,GOOD,15.265000343322754,15.265000343322754,15.265000343322754,15.265000343322754,15.265000343322754,254.0
2024-09-05 11:08:00+00:00,HST,16.764999389648438,16.764999389648438,16.764999389648438,16.760000228881836,16.760000228881836,5052.0
2024-09-05 11:08:00+00:00,ILPT,4.949999809265137,4.949999809265137,4.980000019073486,4.909999847412109,4.909999847412109,76432.0
2024-09-05 11:08:00+00:00,NMRK,14.279999732971191,14.279999732971191,14.289999961853027,14.279999732971191,14.279999732971191,1414.0
2024-09-05 11:08:00+00:00,NYMT,6.380000114440918,6.380000114440918,6.380000114440918,6.375,6.375,532.0
2024-09-05 11:08:00+00:00,OPEN,1.965000033378601,1.965000033378601,1.975000023841858,1.9635000228881836,1.975000023841858,108157.0
2024-09-05 11:08:00+00:00,OPI,2.130000114440918,2.130000114440918,2.130000114440918,2.130000114440918,2.130000114440918,731.0
2024-09-05 11:08:00+00:00,PCH,42.9900016784668,42.9900016784668,42.9900016784668,42.9900016784668,42.9900016784668,114.0
2024-09-05 11:08:00+00:00,PECO,37.150001525878906,37.150001525878906,37.150001525878906,37.150001525878906,37.150001525878906,233.0
2024-09-05 11:08:00+00:00,RDFN,9.729999542236328,9.729999542236328,9.75,9.729999542236328,9.739999771118164,10159.0
2024-09-05 11:08:00+00:00,REAX,5.799900054931641,5.799900054931641,5.799900054931641,5.789999961853027,5.789999961853027,566.0
2024-09-05 11:08:00+00:00,REFI,15.84000015258789,15.84000015258789,15.84000015258789,15.829999923706055,15.829999923706055,1923.0
2024-09-05 11:08:00+00:00,REG,73.16999816894531,73.16999816894531,73.16999816894531,73.11000061035156,73.11000061035156,841.0
2024-09-05 11:08:00+00:00,ROIC,15.25100040435791,15.25100040435791,15.255000114440918,15.25100040435791,15.255000114440918,1390.0
2024-09-05 11:08:00+00:00,SBRA,17.5049991607666,17.5049991607666,17.5049991607666,17.5,17.5,569.0
2024-09-05 11:08:00+00:00,UK,1.3700000047683716,1.3700000047683716,1.3700000047683716,1.3700000047683716,1.3700000047683716,150.0
2024-09-05 11:08:00+00:00,UNIT,5.175000190734863,5.175000190734863,5.179999828338623,5.164999961853027,5.168799877166748,10828.0
2024-09-05 11:08:00+00:00,WHLR,2.3703999519348145,2.3703999519348145,2.430000066757202,2.3696999549865723,2.3886001110076904,60568.0
2024-09-05 11:09:00+00:00,AGNC,10.234999656677246,10.234999656677246,10.234999656677246,10.229999542236328,10.229999542236328,9642.0
2024-09-05 11:09:00+00:00,ASPS,1.0799000263214111,1.0799000263214111,1.0799000263214111,1.0683000087738037,1.0683000087738037,6000.0
2024-09-05 11:09:00+00:00,CIGI,141.32000732421875,141.32000732421875,141.32000732421875,141.32000732421875,141.32000732421875,649.0
2024-09-05 11:09:00+00:00,CSGP,76.76499938964844,76.76499938964844,76.76499938964844,76.76499938964844,76.76499938964844,155.0
2024-09-05 11:09:00+00:00,DHC,3.319999933242798,3.319999933242798,3.319999933242798,3.319999933242798,3.319999933242798,698.0
2024-09-05 11:09:00+00:00,EXPI,11.720000267028809,11.720000267028809,11.720000267028809,11.720000267028809,11.720000267028809,752.0
2024-09-05 11:09:00+00:00,GLPI,51.56999969482422,51.56999969482422,51.56999969482422,51.56999969482422,51.56999969482422,577.0
2024-09-05 11:09:00+00:00,GOOD,15.260000228881836,15.260000228881836,15.260000228881836,15.260000228881836,15.260000228881836,246.0
2024-09-05 11:09:00+00:00,GOODN,22.959999084472656,22.959999084472656,22.959999084472656,22.959999084472656,22.959999084472656,560.0
2024-09-05 11:09:00+00:00,HST,16.760000228881836,16.760000228881836,16.768400192260742,16.760000228881836,16.764999389648438,2663.0
2024-09-05 11:09:00+00:00,ILPT,4.929999828338623,4.929999828338623,4.945000171661377,4.929999828338623,4.945000171661377,2129.0
2024-09-05 11:09:00+00:00,NMRK,14.270000457763672,14.270000457763672,14.28499984741211,14.270000457763672,14.28499984741211,2196.0
2024-09-05 11:09:00+00:00,NYMT,6.364999771118164,6.364999771118164,6.380000114440918,6.364999771118164,6.380000114440918,756.0
2024-09-05 11:09:00+00:00,OPEN,1.9634000062942505,1.9634000062942505,1.965000033378601,1.9600000381469727,1.965000033378601,50546.0
2024-09-05 11:09:00+00:00,PCH,42.959999084472656,42.959999084472656,42.959999084472656,42.959999084472656,42.959999084472656,317.0
2024-09-05 11:09:00+00:00,PECO,37.130001068115234,37.130001068115234,37.130001068115234,37.130001068115234,37.130001068115234,193.0
2024-09-05 11:09:00+00:00,RDFN,9.699999809265137,9.699999809265137,9.729999542236328,9.699999809265137,9.729999542236328,5087.0
2024-09-05 11:09:00+00:00,REG,73.30000305175781,73.30000305175781,73.36000061035156,73.19000244140625,73.19999694824219,9871.0
2024-09-05 11:09:00+00:00,SBAC,235.2899932861328,235.2899932861328,235.49000549316406,235.2899932861328,235.49000549316406,438.0
2024-09-05 11:09:00+00:00,SBRA,17.5,17.5,17.5,17.5,17.5,2070.0
2024-09-05 11:09:00+00:00,SVC,4.605000019073486,4.605000019073486,4.625,4.605000019073486,4.625,3144.0
2024-09-05 11:09:00+00:00,UK,1.3700000047683716,1.3700000047683716,1.3700000047683716,1.3700000047683716,1.3700000047683716,136.0
2024-09-05 11:09:00+00:00,UNIT,5.175000190734863,5.175000190734863,5.179999828338623,5.164999961853027,5.170100212097168,26076.0
2024-09-05 11:09:00+00:00,WHLR,2.3499999046325684,2.3499999046325684,2.385999917984009,2.3299999237060547,2.385999917984009,84625.0
2024-09-05 11:10:00+00:00,AFCG,10.375,10.375,10.375,10.375,10.375,226.0
2024-09-05 11:10:00+00:00,AGNC,10.239999771118164,10.239999771118164,10.25,10.234999656677246,10.239999771118164,253484.0
2024-09-05 11:10:00+00:00,ASPS,1.0800000429153442,1.0800000429153442,1.0800000429153442,1.0800000429153442,1.0800000429153442,0.0
2024-09-05 11:10:00+00:00,BPYPP,14.805000305175781,14.805000305175781,14.805000305175781,14.760100364685059,14.760100364685059,2489.0
2024-09-05 11:10:00+00:00,CSGP,76.69999694824219,76.69999694824219,76.7699966430664,76.69999694824219,76.7699966430664,1329.0
2024-09-05 11:10:00+00:00,DUO,0.4090000092983246,0.4090000092983246,0.4099999964237213,0.4090000092983246,0.4090000092983246,9026.0
2024-09-05 11:10:00+00:00,EQIX,823.25,823.25,823.25,823.25,823.25,1290.0
2024-09-05 11:10:00+00:00,EXPI,11.707500457763672,11.707500457763672,11.710000038146973,11.707500457763672,11.710000038146973,1305.0
2024-09-05 11:10:00+00:00,FTHM,2.7200000286102295,2.7200000286102295,2.7202000617980957,2.7200000286102295,2.7202000617980957,1548.0
2024-09-05 11:10:00+00:00,GIPR,2.2899999618530273,2.2899999618530273,2.2899999618530273,2.2899999618530273,2.2899999618530273,573.0
2024-09-05 11:10:00+00:00,GLPI,51.53990173339844,51.53990173339844,51.540000915527344,51.53990173339844,51.540000915527344,1562.0
2024-09-05 11:10:00+00:00,GOOD,15.25,15.25,15.25,15.25,15.25,804.0
2024-09-05 11:10:00+00:00,HST,16.75,16.75,16.7549991607666,16.7450008392334,16.7549991607666,10075.0
2024-09-05 11:10:00+00:00,HTIA,15.25,15.25,15.25,15.25,15.25,424.0
2024-09-05 11:10:00+00:00,LSEA,11.579999923706055,11.579999923706055,11.579999923706055,11.579999923706055,11.579999923706055,400.0
2024-09-05 11:10:00+00:00,NMRK,14.255000114440918,14.255000114440918,14.265000343322754,14.255000114440918,14.260000228881836,2010.0
2024-09-05 11:10:00+00:00,NYMT,6.364999771118164,6.364999771118164,6.364999771118164,6.364999771118164,6.364999771118164,369.0
2024-09-05 11:10:00+00:00,OPEN,1.9550000429153442,1.9550000429153442,1.965000033378601,1.9500000476837158,1.965000033378601,49947.0
2024-09-05 11:10:00+00:00,OPI,2.125200033187866,2.125200033187866,2.125200033187866,2.125200033187866,2.125200033187866,209.0
2024-09-05 11:10:00+00:00,PECO,37.099998474121094,37.099998474121094,37.099998474121094,37.099998474121094,37.099998474121094,223.0
2024-09-05 11:10:00+00:00,RDFN,9.6899995803833,9.6899995803833,9.710000038146973,9.6899995803833,9.699999809265137,8970.0
2024-09-05 11:10:00+00:00,REG,73.2699966430664,73.2699966430664,73.2699966430664,73.2699966430664,73.2699966430664,389.0
2024-09-05 11:10:00+00:00,RMR,24.809999465942383,24.809999465942383,24.809999465942383,24.809999465942383,24.809999465942383,642.0
2024-09-05 11:10:00+00:00,ROIC,15.239999771118164,15.239999771118164,15.25,15.239999771118164,15.25,1846.0
2024-09-05 11:10:00+00:00,SBAC,235.49000549316406,235.49000549316406,235.49000549316406,235.3699951171875,235.3699951171875,1026.0
2024-09-05 11:10:00+00:00,SBRA,17.479999542236328,17.479999542236328,17.489999771118164,17.479999542236328,17.489999771118164,4542.0
2024-09-05 11:10:00+00:00,UK,1.399999976158142,1.399999976158142,1.399999976158142,1.399999976158142,1.399999976158142,100.0
2024-09-05 11:10:00+00:00,UNIT,5.164999961853027,5.164999961853027,5.179999828338623,5.161200046539307,5.175000190734863,5566.0
2024-09-05 11:10:00+00:00,WHLR,2.3499999046325684,2.3499999046325684,2.390000104904175,2.3399999141693115,2.3399999141693115,104826.0
2024-09-05 11:11:00+00:00,AGNC,10.244999885559082,10.244999885559082,10.25,10.239999771118164,10.244999885559082,7345.0
2024-09-05 11:11:00+00:00,ASPS,1.0700000524520874,1.0700000524520874,1.0700000524520874,1.0700000524520874,1.0700000524520874,703.0
2024-09-05 11:11:00+00:00,DUO,0.4099999964237213,0.4099999964237213,0.414900004863739,0.4099999964237213,0.41260001063346863,26892.0
2024-09-05 11:11:00+00:00,FRPH,29.139999389648438,29.139999389648438,29.139999389648438,29.139999389648438,29.139999389648438,260.0
2024-09-05 11:11:00+00:00,GLPI,51.52000045776367,51.52000045776367,51.52000045776367,51.52000045776367,51.52000045776367,409.0
2024-09-05 11:11:00+00:00,HST,16.739999771118164,16.739999771118164,16.75,16.739999771118164,16.75,3948.0
2024-09-05 11:11:00+00:00,HTIA,15.449999809265137,15.449999809265137,15.449999809265137,15.449999809265137,15.449999809265137,108.0
2024-09-05 11:11:00+00:00,ILPT,4.934999942779541,4.934999942779541,4.985000133514404,4.925000190734863,4.925000190734863,21992.0
2024-09-05 11:11:00+00:00,LAND,13.520500183105469,13.520500183105469,13.520500183105469,13.520500183105469,13.520500183105469,226.0
2024-09-05 11:11:00+00:00,NMRK,14.244999885559082,14.244999885559082,14.265000343322754,14.244999885559082,14.255000114440918,5434.0
2024-09-05 11:11:00+00:00,OPEN,1.950700044631958,1.950700044631958,1.9550000429153442,1.9500000476837158,1.9522000551223755,11579.0
2024-09-05 11:11:00+00:00,OPI,2.130000114440918,2.130000114440918,2.130000114440918,2.130000114440918,2.130000114440918,200.0
2024-09-05 11:11:00+00:00,PECO,37.119998931884766,37.119998931884766,37.119998931884766,37.11000061035156,37.11000061035156,979.0
2024-09-05 11:11:00+00:00,RDFN,9.694999694824219,9.694999694824219,9.699999809265137,9.6850004196167,9.699999809265137,7042.0
2024-09-05 11:11:00+00:00,SBAC,235.27000427246094,235.27000427246094,235.27000427246094,235.27000427246094,235.27000427246094,136.0
2024-09-05 11:11:00+00:00,SBRA,17.485000610351562,17.485000610351562,17.485000610351562,17.485000610351562,17.485000610351562,200.0
2024-09-05 11:11:00+00:00,SOHO,1.2200000286102295,1.2200000286102295,1.2206000089645386,1.2200000286102295,1.2202999591827393,8090.0
2024-09-05 11:11:00+00:00,SVC,4.59499979019165,4.59499979019165,4.599999904632568,4.591100215911865,4.599999904632568,2852.0
2024-09-05 11:11:00+00:00,UNIT,5.168700218200684,5.168700218200684,5.168700218200684,5.164999961853027,5.164999961853027,4257.0
2024-09-05 11:11:00+00:00,WHLR,2.3299999237060547,2.3299999237060547,2.3499999046325684,2.2699999809265137,2.3450000286102295,126545.0
2024-09-05 11:12:00+00:00,AEI,1.159999966621399,1.159999966621399,1.159999966621399,1.159999966621399,1.159999966621399,130.0
2024-09-05 11:12:00+00:00,AFCG,10.359999656677246,10.359999656677246,10.359999656677246,10.359999656677246,10.359999656677246,101.0
2024-09-05 11:12:00+00:00,AGNC,10.244999885559082,10.244999885559082,10.244999885559082,10.239999771118164,10.244999885559082,16142.0
2024-09-05 11:12:00+00:00,CSGP,76.69999694824219,76.69999694824219,76.69999694824219,76.69999694824219,76.69999694824219,560.0
2024-09-05 11:12:00+00:00,DUO,0.4099999964237213,0.4099999964237213,0.4099999964237213,0.4099999964237213,0.4099999964237213,16105.0
2024-09-05 11:12:00+00:00,FTHM,2.7200000286102295,2.7200000286102295,2.7200000286102295,2.690000057220459,2.700000047683716,3742.0
2024-09-05 11:12:00+00:00,GLPI,51.535301208496094,51.535301208496094,51.535301208496094,51.5,51.5,2019.0
2024-09-05 11:12:00+00:00,HST,16.735000610351562,16.735000610351562,16.739999771118164,16.725000381469727,16.739999771118164,22936.0
2024-09-05 11:12:00+00:00,ILPT,4.960000038146973,4.960000038146973,4.980000019073486,4.940000057220459,4.980000019073486,18471.0
2024-09-05 11:12:00+00:00,LAMR,125.08999633789062,125.08999633789062,125.08999633789062,125.08999633789062,125.08999633789062,464.0
2024-09-05 11:12:00+00:00,LAND,13.512900352478027,13.512900352478027,13.512900352478027,13.512900352478027,13.512900352478027,252.0
2024-09-05 11:12:00+00:00,NMRK,14.260000228881836,14.260000228881836,14.260000228881836,14.25,14.25,576.0
2024-09-05 11:12:00+00:00,NYMT,6.355000019073486,6.355000019073486,6.355000019073486,6.355000019073486,6.355000019073486,119.0
2024-09-05 11:12:00+00:00,OPEN,1.9502999782562256,1.9502999782562256,1.9550000429153442,1.9500000476837158,1.9500000476837158,9347.0
2024-09-05 11:12:00+00:00,OPI,2.1298999786376953,2.1298999786376953,2.1298999786376953,2.1298999786376953,2.1298999786376953,101.0
2024-09-05 11:12:00+00:00,PCH,42.939998626708984,42.939998626708984,42.939998626708984,42.939998626708984,42.939998626708984,646.0
2024-09-05 11:12:00+00:00,PECO,37.130001068115234,37.130001068115234,37.130001068115234,37.130001068115234,37.130001068115234,897.0
2024-09-05 11:12:00+00:00,RDFN,9.680000305175781,9.680000305175781,9.694999694824219,9.680000305175781,9.6899995803833,9473.0
2024-09-05 11:12:00+00:00,REAX,5.784999847412109,5.784999847412109,5.784999847412109,5.78000020980835,5.784999847412109,2333.0
2024-09-05 11:12:00+00:00,REG,73.22000122070312,73.22000122070312,73.2300033569336,73.19999694824219,73.2300033569336,842.0
2024-09-05 11:12:00+00:00,SBAC,235.39999389648438,235.39999389648438,235.39999389648438,235.19000244140625,235.27000427246094,1292.0
2024-09-05 11:12:00+00:00,SBRA,17.475000381469727,17.475000381469727,17.479999542236328,17.469999313354492,17.479999542236328,326.0
2024-09-05 11:12:00+00:00,SVC,4.59499979019165,4.59499979019165,4.59499979019165,4.59250020980835,4.59499979019165,588.0
2024-09-05 11:12:00+00:00,UNIT,5.164999961853027,5.164999961853027,5.164999961853027,5.1605000495910645,5.164999961853027,3147.0
2024-09-05 11:12:00+00:00,WHLR,2.389899969100952,2.389899969100952,2.4100000858306885,2.3201000690460205,2.3201000690460205,112554.0
2024-09-05 11:13:00+00:00,AFCG,10.359999656677246,10.359999656677246,10.359999656677246,10.359999656677246,10.359999656677246,213.0
2024-09-05 11:13:00+00:00,AGNC,10.235799789428711,10.235799789428711,10.239999771118164,10.229999542236328,10.239999771118164,32003.0
2024-09-05 11:13:00+00:00,CSGP,76.72000122070312,76.72000122070312,76.72000122070312,76.72000122070312,76.72000122070312,652.0
2024-09-05 11:13:00+00:00,DHC,3.305000066757202,3.305000066757202,3.309999942779541,3.305000066757202,3.309999942779541,1924.0
2024-09-05 11:13:00+00:00,DUO,0.4025000035762787,0.4025000035762787,0.4025000035762787,0.4025000035762787,0.4025000035762787,1837.0
2024-09-05 11:13:00+00:00,EQIX,822.0,822.0,822.0,822.0,822.0,174.0
2024-09-05 11:13:00+00:00,EXPI,11.670000076293945,11.670000076293945,11.6899995803833,11.670000076293945,11.6899995803833,1891.0
2024-09-05 11:13:00+00:00,GLPI,51.52000045776367,51.52000045776367,51.52000045776367,51.52000045776367,51.52000045776367,395.0
2024-09-05 11:13:00+00:00,HST,16.71500015258789,16.71500015258789,16.729999542236328,16.71500015258789,16.729999542236328,4021.0
2024-09-05 11:13:00+00:00,ILPT,4.940000057220459,4.940000057220459,4.960000038146973,4.940000057220459,4.960000038146973,1913.0
2024-09-05 11:13:00+00:00,LAMR,124.87999725341797,124.87999725341797,124.87999725341797,124.87999725341797,124.87999725341797,713.0
2024-09-05 11:13:00+00:00,LAND,13.5,13.5,13.5,13.5,13.5,834.0
2024-09-05 11:13:00+00:00,LSEA,11.550000190734863,11.550000190734863,11.550000190734863,11.550000190734863,11.550000190734863,708.0
2024-09-05 11:13:00+00:00,NMRK,14.239999771118164,14.239999771118164,14.255000114440918,14.239999771118164,14.255000114440918,2109.0
2024-09-05 11:13:00+00:00,NYMT,6.355000019073486,6.355000019073486,6.355000019073486,6.355000019073486,6.355000019073486,199.0
2024-09-05 11:13:00+00:00,NYMTM,23.975000381469727,23.975000381469727,23.975000381469727,23.975000381469727,23.975000381469727,22.0
2024-09-05 11:13:00+00:00,OPEN,1.9577000141143799,1.9577000141143799,1.9577000141143799,1.9450000524520874,1.9500000476837158,203459.0
2024-09-05 11:13:00+00:00,OPI,2.119999885559082,2.119999885559082,2.125,2.119999885559082,2.125,2759.0
2024-09-05 11:13:00+00:00,PCH,42.86000061035156,42.86000061035156,42.86000061035156,42.86000061035156,42.86000061035156,570.0
2024-09-05 11:13:00+00:00,PECO,37.09000015258789,37.09000015258789,37.119998931884766,37.08000183105469,37.119998931884766,1670.0
2024-09-05 11:13:00+00:00,RDFN,9.659899711608887,9.659899711608887,9.675000190734863,9.649999618530273,9.675000190734863,15576.0
2024-09-05 11:13:00+00:00,REAX,5.78000020980835,5.78000020980835,5.784999847412109,5.78000020980835,5.784999847412109,894.0
2024-09-05 11:13:00+00:00,REG,73.12000274658203,73.12000274658203,73.18000030517578,73.12000274658203,73.18000030517578,758.0
2024-09-05 11:13:00+00:00,ROIC,15.234999656677246,15.234999656677246,15.239999771118164,15.234999656677246,15.239999771118164,1380.0
2024-09-05 11:13:00+00:00,SBAC,235.39999389648438,235.39999389648438,235.39999389648438,235.39999389648438,235.39999389648438,1269.0
2024-09-05 11:13:00+00:00,SBRA,17.454999923706055,17.454999923706055,17.475000381469727,17.454999923706055,17.475000381469727,3268.0
2024-09-05 11:13:00+00:00,SEVN,13.65999984741211,13.65999984741211,13.65999984741211,13.640000343322754,13.649999618530273,970.0
2024-09-05 11:13:00+00:00,SVC,4.59499979019165,4.59499979019165,4.599899768829346,4.59499979019165,4.599899768829346,2451.0
2024-09-05 11:13:00+00:00,UNIT,5.164999961853027,5.164999961853027,5.170000076293945,5.164999961853027,5.164999961853027,11603.0
2024-09-05 11:13:00+00:00,WHLR,2.375,2.375,2.380000114440918,2.3301000595092773,2.380000114440918,48047.0
2024-09-05 11:14:00+00:00,AGNC,10.234999656677246,10.234999656677246,10.237799644470215,10.229999542236328,10.234999656677246,6151.0
2024-09-05 11:14:00+00:00,CSGP,76.69999694824219,76.69999694824219,76.69999694824219,76.69499969482422,76.69999694824219,2698.0
2024-09-05 11:14:00+00:00,EQIX,821.97998046875,821.97998046875,821.97998046875,821.5599975585938,821.5599975585938,1177.0
2024-09-05 11:14:00+00:00,GLPI,51.47999954223633,51.47999954223633,51.5,51.47999954223633,51.5,2672.0
2024-09-05 11:14:00+00:00,HST,16.71500015258789,16.71500015258789,16.719999313354492,16.704999923706055,16.719999313354492,10430.0
2024-09-05 11:14:00+00:00,LAND,13.489999771118164,13.489999771118164,13.5,13.489999771118164,13.5,327.0
2024-09-05 11:14:00+00:00,NMRK,14.220000267028809,14.220000267028809,14.244999885559082,14.210000038146973,14.244999885559082,2200.0
2024-09-05 11:14:00+00:00,OPEN,1.9450000524520874,1.9450000524520874,1.9550000429153442,1.940000057220459,1.9550000429153442,76262.0
2024-09-05 11:14:00+00:00,PCH,42.91999816894531,42.91999816894531,42.91999816894531,42.91999816894531,42.91999816894531,1155.0
2024-09-05 11:14:00+00:00,PECO,37.06999969482422,37.06999969482422,37.09000015258789,37.06999969482422,37.09000015258789,926.0
2024-09-05 11:14:00+00:00,RDFN,9.64050006866455,9.64050006866455,9.675000190734863,9.630000114440918,9.670000076293945,48459.0
2024-09-05 11:14:00+00:00,REAX,5.775000095367432,5.775000095367432,5.775000095367432,5.775000095367432,5.775000095367432,809.0
2024-09-05 11:14:00+00:00,REG,73.13999938964844,73.13999938964844,73.13999938964844,73.08999633789062,73.08999633789062,1225.0
2024-09-05 11:14:00+00:00,ROIC,15.225000381469727,15.225000381469727,15.225000381469727,15.225000381469727,15.225000381469727,360.0
2024-09-05 11:14:00+00:00,SBAC,234.89999389648438,234.89999389648438,235.0500030517578,234.89999389648438,235.0449981689453,732.0
2024-09-05 11:14:00+00:00,SBRA,17.46500015258789,17.46500015258789,17.46500015258789,17.454999923706055,17.454999923706055,1089.0
2024-09-05 11:14:00+00:00,SVC,4.590000152587891,4.590000152587891,4.59499979019165,4.590000152587891,4.59499979019165,4060.0
2024-09-05 11:14:00+00:00,UNIT,5.164999961853027,5.164999961853027,5.170000076293945,5.1605000495910645,5.170000076293945,14277.0
2024-09-05 11:14:00+00:00,WHLR,2.3450000286102295,2.3450000286102295,2.4000000953674316,2.3299999237060547,2.4000000953674316,39307.0
2024-09-05 11:15:00+00:00,AGNC,10.234999656677246,10.234999656677246,10.234999656677246,10.234999656677246,10.234999656677246,1636.0
2024-09-05 11:15:00+00:00,CIGI,141.19000244140625,141.19000244140625,141.19000244140625,141.09500122070312,141.09500122070312,416.0
2024-09-05 11:15:00+00:00,CSGP,76.69999694824219,76.69999694824219,76.69999694824219,76.68000030517578,76.69999694824219,4138.0
2024-09-05 11:15:00+00:00,DHC,3.305000066757202,3.305000066757202,3.305000066757202,3.305000066757202,3.305000066757202,170.0
2024-09-05 11:15:00+00:00,HST,16.71500015258789,16.71500015258789,16.71500015258789,16.71500015258789,16.71500015258789,1942.0
2024-09-05 11:15:00+00:00,ILPT,4.940000057220459,4.940000057220459,4.940000057220459,4.940000057220459,4.940000057220459,500.0
2024-09-05 11:15:00+00:00,NMRK,14.229999542236328,14.229999542236328,14.229999542236328,14.225000381469727,14.225000381469727,859.0
2024-09-05 11:15:00+00:00,OPEN,1.9500000476837158,1.9500000476837158,1.9500000476837158,1.940000057220459,1.9450000524520874,15109.0
2024-09-05 11:15:00+00:00,RDFN,9.639900207519531,9.639900207519531,9.65999984741211,9.630000114440918,9.649999618530273,14067.0
2024-09-05 11:15:00+00:00,SBAC,235.02999877929688,235.02999877929688,235.02999877929688,234.88499450683594,234.88499450683594,1389.0
2024-09-05 11:15:00+00:00,SEVN,13.689900398254395,13.689900398254395,13.689900398254395,13.689900398254395,13.689900398254395,517.0
2024-09-05 11:15:00+00:00,UK,1.3700000047683716,1.3700000047683716,1.3700000047683716,1.3700000047683716,1.3700000047683716,98.0
2024-09-05 11:15:00+00:00,UNIT,5.139999866485596,5.139999866485596,5.175000190734863,5.139999866485596,5.168799877166748,26463.0
2024-09-05 11:15:00+00:00,WHLR,2.3891000747680664,2.3891000747680664,2.390000104904175,2.3399999141693115,2.3450000286102295,62477.0
2024-09-05 11:16:00+00:00,AFCG,10.345000267028809,10.345000267028809,10.345000267028809,10.345000267028809,10.345000267028809,248.0
2024-09-05 11:16:00+00:00,AGNC,10.234999656677246,10.234999656677246,10.234999656677246,10.229999542236328,10.23169994354248,1581.0
2024-09-05 11:16:00+00:00,CSGP,76.7249984741211,76.7249984741211,76.7249984741211,76.69499969482422,76.69499969482422,1630.0
2024-09-05 11:16:00+00:00,DHC,3.309999942779541,3.309999942779541,3.309999942779541,3.309999942779541,3.309999942779541,1323.0
2024-09-05 11:16:00+00:00,EQIX,823.3200073242188,823.3200073242188,823.3200073242188,823.1300048828125,823.1300048828125,785.0
2024-09-05 11:16:00+00:00,FTHM,2.7200000286102295,2.7200000286102295,2.734999895095825,2.7200000286102295,2.734999895095825,870.0
2024-09-05 11:16:00+00:00,GLPI,51.4900016784668,51.4900016784668,51.4900016784668,51.4900016784668,51.4900016784668,1441.0
2024-09-05 11:16:00+00:00,GOOD,15.220000267028809,15.220000267028809,15.220000267028809,15.220000267028809,15.220000267028809,261.0
2024-09-05 11:16:00+00:00,HST,16.719999313354492,16.719999313354492,16.729999542236328,16.719999313354492,16.719999313354492,11947.0
2024-09-05 11:16:00+00:00,ILPT,4.949999809265137,4.949999809265137,4.949999809265137,4.949999809265137,4.949999809265137,204.0
2024-09-05 11:16:00+00:00,LAMR,124.625,124.625,124.7699966430664,124.625,124.7699966430664,1681.0
2024-09-05 11:16:00+00:00,LAND,13.510000228881836,13.510000228881836,13.510000228881836,13.510000228881836,13.510000228881836,277.0
2024-09-05 11:16:00+00:00,NMRK,14.239999771118164,14.239999771118164,14.239999771118164,14.229999542236328,14.229999542236328,3253.0
2024-09-05 11:16:00+00:00,NYMT,6.360000133514404,6.360000133514404,6.360000133514404,6.355000019073486,6.355000019073486,555.0
2024-09-05 11:16:00+00:00,OPEN,1.965000033378601,1.965000033378601,1.9696999788284302,1.9450000524520874,1.9450000524520874,149275.0
2024-09-05 11:16:00+00:00,OPI,2.119999885559082,2.119999885559082,2.119999885559082,2.119999885559082,2.119999885559082,113.0
2024-09-05 11:16:00+00:00,PECO,37.099998474121094,37.099998474121094,37.099998474121094,37.099998474121094,37.099998474121094,340.0
2024-09-05 11:16:00+00:00,RDFN,9.645000457763672,9.645000457763672,9.649999618530273,9.640000343322754,9.640000343322754,2555.0
2024-09-05 11:16:00+00:00,REG,73.13999938964844,73.13999938964844,73.1500015258789,73.125,73.125,1190.0
2024-09-05 11:16:00+00:00,ROIC,15.244999885559082,15.244999885559082,15.244999885559082,15.244999885559082,15.244999885559082,613.0
2024-09-05 11:16:00+00:00,SBAC,235.08999633789062,235.08999633789062,235.08999633789062,235.05999755859375,235.05999755859375,2062.0
2024-09-05 11:16:00+00:00,SBRA,17.475000381469727,17.475000381469727,17.475000381469727,17.459999084472656,17.459999084472656,2403.0
2024-09-05 11:16:00+00:00,SVC,4.579999923706055,4.579999923706055,4.579999923706055,4.579999923706055,4.579999923706055,6831.0
2024-09-05 11:16:00+00:00,UNIT,5.159999847412109,5.159999847412109,5.159999847412109,5.144999980926514,5.150000095367432,4700.0
2024-09-05 11:16:00+00:00,WHLR,2.390500068664551,2.390500068664551,2.4200000762939453,2.380000114440918,2.388000011444092,90314.0
2024-09-05 11:17:00+00:00,AFCG,10.345000267028809,10.345000267028809,10.345000267028809,10.345000267028809,10.345000267028809,325.0
2024-09-05 11:17:00+00:00,AGNC,10.232000350952148,10.232000350952148,10.232500076293945,10.232000350952148,10.232500076293945,2013.0
2024-09-05 11:17:00+00:00,EXPI,11.699999809265137,11.699999809265137,11.704999923706055,11.699999809265137,11.704999923706055,390.0
2024-09-05 11:17:00+00:00,HST,16.725000381469727,16.725000381469727,16.726499557495117,16.725000381469727,16.725000381469727,2084.0
2024-09-05 11:17:00+00:00,HTIBP,15.623499870300293,15.623499870300293,15.623499870300293,15.623499870300293,15.623499870300293,1200.0
2024-09-05 11:17:00+00:00,ILPT,4.949999809265137,4.949999809265137,4.949999809265137,4.945000171661377,4.945000171661377,1044.0
2024-09-05 11:17:00+00:00,LSEA,11.539999961853027,11.539999961853027,11.539999961853027,11.539999961853027,11.539999961853027,1017.0
2024-09-05 11:17:00+00:00,NMRK,14.255000114440918,14.255000114440918,14.255000114440918,14.239999771118164,14.25,1316.0
2024-09-05 11:17:00+00:00,OPEN,1.965000033378601,1.965000033378601,1.9700000286102295,1.9601000547409058,1.965000033378601,59349.0
2024-09-05 11:17:00+00:00,PECO,37.11000061035156,37.11000061035156,37.11000061035156,37.11000061035156,37.11000061035156,524.0
2024-09-05 11:17:00+00:00,RDFN,9.699999809265137,9.699999809265137,9.704999923706055,9.6850004196167,9.6899995803833,3560.0
2024-09-05 11:17:00+00:00,REAX,5.789999961853027,5.789999961853027,5.795000076293945,5.789999961853027,5.789999961853027,2644.0
2024-09-05 11:17:00+00:00,REG,73.16500091552734,73.16500091552734,73.18000030517578,73.13999938964844,73.18000030517578,3422.0
2024-09-05 11:17:00+00:00,ROIC,15.25,15.25,15.25,15.25,15.25,2074.0
2024-09-05 11:17:00+00:00,SBAC,234.9550018310547,234.9550018310547,234.9550018310547,234.89630126953125,234.89630126953125,1646.0
2024-09-05 11:17:00+00:00,SBRA,17.475000381469727,17.475000381469727,17.475000381469727,17.469999313354492,17.475000381469727,1007.0
2024-09-05 11:17:00+00:00,SVC,4.57919979095459,4.57919979095459,4.579999923706055,4.574999809265137,4.574999809265137,5865.0
2024-09-05 11:17:00+00:00,UNIT,5.175000190734863,5.175000190734863,5.175000190734863,5.15500020980835,5.15500020980835,19466.0
2024-09-05 11:17:00+00:00,WHLR,2.4200000762939453,2.4200000762939453,2.450000047683716,2.359999895095825,2.4000000953674316,149228.0
2024-09-05 11:18:00+00:00,AGNC,10.234999656677246,10.234999656677246,10.239999771118164,10.230500221252441,10.239899635314941,11956.0
2024-09-05 11:18:00+00:00,CSGP,76.72000122070312,76.72000122070312,76.76000213623047,76.69999694824219,76.76000213623047,1860.0
2024-09-05 11:18:00+00:00,DUO,0.4099000096321106,0.4099000096321106,0.4099000096321106,0.4099000096321106,0.4099000096321106,1494.0
2024-09-05 11:18:00+00:00,EQIX,822.614990234375,822.614990234375,822.614990234375,822.614990234375,822.614990234375,1962.0
2024-09-05 11:18:00+00:00,EXPI,11.710000038146973,11.710000038146973,11.710000038146973,11.699999809265137,11.699999809265137,429.0
2024-09-05 11:18:00+00:00,HST,16.725000381469727,16.725000381469727,16.725000381469727,16.719999313354492,16.719999313354492,1871.0
2024-09-05 11:18:00+00:00,HTIBP,15.689900398254395,15.689900398254395,15.689900398254395,15.579999923706055,15.65999984741211,4482.0
2024-09-05 11:18:00+00:00,ILPT,4.980000019073486,4.980000019073486,4.980000019073486,4.960000038146973,4.960000038146973,1964.0
2024-09-05 11:18:00+00:00,LAMR,124.74430084228516,124.74430084228516,124.74430084228516,124.74430084228516,124.74430084228516,823.0
2024-09-05 11:18:00+00:00,NMRK,14.255000114440918,14.255000114440918,14.255000114440918,14.25,14.25,836.0
2024-09-05 11:18:00+00:00,OPEN,1.965000033378601,1.965000033378601,1.9700000286102295,1.9600000381469727,1.9600000381469727,16339.0
2024-09-05 11:18:00+00:00,OPI,2.119999885559082,2.119999885559082,2.1201000213623047,2.119999885559082,2.1201000213623047,347.0
2024-09-05 11:18:00+00:00,PECO,37.1150016784668,37.1150016784668,37.1150016784668,37.1150016784668,37.1150016784668,275.0
2024-09-05 11:18:00+00:00,RDFN,9.729999542236328,9.729999542236328,9.729999542236328,9.6899995803833,9.704999923706055,3789.0
2024-09-05 11:18:00+00:00,REG,73.16999816894531,73.16999816894531,73.16999816894531,73.16500091552734,73.16500091552734,1077.0
2024-09-05 11:18:00+00:00,SBRA,17.469999313354492,17.469999313354492,17.479400634765625,17.469999313354492,17.475000381469727,1420.0
2024-09-05 11:18:00+00:00,SVC,4.559999942779541,4.559999942779541,4.570000171661377,4.559999942779541,4.570000171661377,7824.0
2024-09-05 11:18:00+00:00,UNIT,5.164999961853027,5.164999961853027,5.175000190734863,5.159999847412109,5.175000190734863,9934.0
2024-09-05 11:18:00+00:00,WHLR,2.4700000286102295,2.4700000286102295,2.4800000190734863,2.4100000858306885,2.4200000762939453,100168.0
2024-09-05 11:18:00+00:00,WHLRP,2.712100028991699,2.712100028991699,2.712100028991699,2.712100028991699,2.712100028991699,1000.0
2024-09-05 11:19:00+00:00,AGNC,10.234999656677246,10.234999656677246,10.239999771118164,10.234999656677246,10.234999656677246,30760.0
2024-09-05 11:19:00+00:00,AGNCL,24.165000915527344,24.165000915527344,24.200000762939453,24.165000915527344,24.200000762939453,1042.0
2024-09-05 11:19:00+00:00,EXPI,11.699999809265137,11.699999809265137,11.699999809265137,11.699999809265137,11.699999809265137,425.0
2024-09-05 11:19:00+00:00,GLPI,51.4900016784668,51.4900016784668,51.4900016784668,51.45000076293945,51.470001220703125,2929.0
2024-09-05 11:19:00+00:00,HST,16.725000381469727,16.725000381469727,16.725000381469727,16.725000381469727,16.725000381469727,3223.0
2024-09-05 11:19:00+00:00,HTIBP,15.579999923706055,15.579999923706055,15.579999923706055,15.579999923706055,15.579999923706055,0.0
2024-09-05 11:19:00+00:00,ILPT,4.974999904632568,4.974999904632568,4.980000019073486,4.974999904632568,4.980000019073486,620.0
2024-09-05 11:19:00+00:00,LAND,13.479999542236328,13.479999542236328,13.479999542236328,13.479999542236328,13.479999542236328,105.0
2024-09-05 11:19:00+00:00,NMRK,14.244999885559082,14.244999885559082,14.244999885559082,14.239999771118164,14.239999771118164,2065.0
2024-09-05 11:19:00+00:00,OPEN,1.965000033378601,1.965000033378601,1.9700000286102295,1.965000033378601,1.9700000286102295,3381.0
2024-09-05 11:19:00+00:00,PCH,42.93000030517578,42.93000030517578,42.93000030517578,42.900001525878906,42.900001525878906,677.0
2024-09-05 11:19:00+00:00,PECO,37.130001068115234,37.130001068115234,37.130001068115234,37.11000061035156,37.11000061035156,745.0
2024-09-05 11:19:00+00:00,RDFN,9.71500015258789,9.71500015258789,9.720000267028809,9.699999809265137,9.719799995422363,5815.0
2024-09-05 11:19:00+00:00,REG,73.16999816894531,73.16999816894531,73.16999816894531,73.11499786376953,73.11499786376953,828.0
2024-09-05 11:19:00+00:00,SBAC,235.1699981689453,235.1699981689453,235.1699981689453,234.99000549316406,234.99000549316406,992.0
2024-09-05 11:19:00+00:00,SBRA,17.46500015258789,17.46500015258789,17.469999313354492,17.459999084472656,17.469999313354492,2329.0
2024-09-05 11:19:00+00:00,SVC,4.565000057220459,4.565000057220459,4.565000057220459,4.565000057220459,4.565000057220459,394.0
2024-09-05 11:19:00+00:00,UNIT,5.199999809265137,5.199999809265137,5.210000038146973,5.164999961853027,5.164999961853027,24477.0
2024-09-05 11:19:00+00:00,WHLR,2.4100000858306885,2.4100000858306885,2.4800000190734863,2.4000000953674316,2.4600000381469727,73755.0
2024-09-05 11:20:00+00:00,AFCG,10.350000381469727,10.350000381469727,10.350000381469727,10.350000381469727,10.350000381469727,414.0
2024-09-05 11:20:00+00:00,AGNC,10.239999771118164,10.239999771118164,10.239999771118164,10.235899925231934,10.235899925231934,1607.0
2024-09-05 11:20:00+00:00,EXPI,11.710000038146973,11.710000038146973,11.710000038146973,11.699999809265137,11.699999809265137,511.0
2024-09-05 11:20:00+00:00,GLPI,51.5099983215332,51.5099983215332,51.5099983215332,51.5,51.5,1961.0
2024-09-05 11:20:00+00:00,GOOD,15.220000267028809,15.220000267028809,15.220000267028809,15.220000267028809,15.220000267028809,120.0
2024-09-05 11:20:00+00:00,HST,16.7549991607666,16.7549991607666,16.7549991607666,16.725000381469727,16.729999542236328,14529.0
2024-09-05 11:20:00+00:00,ILPT,4.965000152587891,4.965000152587891,4.96999979019165,4.965000152587891,4.96999979019165,471.0
2024-09-05 11:20:00+00:00,LAND,13.479999542236328,13.479999542236328,13.479999542236328,13.479999542236328,13.479999542236328,356.0
2024-09-05 11:20:00+00:00,LOAN,5.212100028991699,5.212100028991699,5.21999979019165,5.201900005340576,5.21999979019165,2195.0
2024-09-05 11:20:00+00:00,NMRK,14.255000114440918,14.255000114440918,14.255000114440918,14.25,14.25,567.0
2024-09-05 11:20:00+00:00,NYMT,6.355000019073486,6.355000019073486,6.355000019073486,6.355000019073486,6.355000019073486,171.0
2024-09-05 11:20:00+00:00,OPEN,1.9637999534606934,1.9637999534606934,1.9700000286102295,1.9600000381469727,1.965000033378601,12069.0
2024-09-05 11:20:00+00:00,PCH,42.93000030517578,42.93000030517578,42.93000030517578,42.93000030517578,42.93000030517578,844.0
2024-09-05 11:20:00+00:00,PECO,37.1349983215332,37.1349983215332,37.13999938964844,37.119998931884766,37.13999938964844,565.0
2024-09-05 11:20:00+00:00,RDFN,9.710000038146973,9.710000038146973,9.71500015258789,9.680000305175781,9.699999809265137,11759.0
2024-09-05 11:20:00+00:00,REG,73.17500305175781,73.17500305175781,73.17500305175781,73.17500305175781,73.17500305175781,1441.0
2024-09-05 11:20:00+00:00,RMR,24.790000915527344,24.790000915527344,24.790000915527344,24.790000915527344,24.790000915527344,111.0
2024-09-05 11:20:00+00:00,SBRA,17.459999084472656,17.459999084472656,17.46500015258789,17.459999084472656,17.46500015258789,904.0
2024-09-05 11:20:00+00:00,SVC,4.559999942779541,4.559999942779541,4.559999942779541,4.559999942779541,4.559999942779541,206.0
2024-09-05 11:20:00+00:00,UNIT,5.204999923706055,5.204999923706055,5.210000038146973,5.200799942016602,5.204999923706055,2649.0
2024-09-05 11:20:00+00:00,WHLR,2.2699999809265137,2.2699999809265137,2.4198999404907227,2.25,2.400099992752075,131542.0
2024-09-05 11:21:00+00:00,AGNC,10.234999656677246,10.234999656677246,10.239999771118164,10.234999656677246,10.234999656677246,15699.0
2024-09-05 11:21:00+00:00,CSGP,76.72000122070312,76.72000122070312,76.72000122070312,76.72000122070312,76.72000122070312,266.0
2024-09-05 11:21:00+00:00,EXPI,11.6899995803833,11.6899995803833,11.699999809265137,11.6899995803833,11.699999809265137,1653.0
2024-09-05 11:21:00+00:00,HST,16.7450008392334,16.7450008392334,16.7549991607666,16.7450008392334,16.7549991607666,11762.0
2024-09-05 11:21:00+00:00,ILPT,4.96019983291626,4.96019983291626,4.965000152587891,4.96019983291626,4.965000152587891,868.0
2024-09-05 11:21:00+00:00,NMRK,14.244999885559082,14.244999885559082,14.25,14.244999885559082,14.25,1368.0
2024-09-05 11:21:00+00:00,OPEN,1.965000033378601,1.965000033378601,1.9700000286102295,1.9600000381469727,1.965000033378601,121606.0
2024-09-05 11:21:00+00:00,OPI,2.130000114440918,2.130000114440918,2.130000114440918,2.125,2.129300117492676,8715.0
2024-09-05 11:21:00+00:00,PCH,42.959999084472656,42.959999084472656,42.959999084472656,42.959999084472656,42.959999084472656,285.0
2024-09-05 11:21:00+00:00,PECO,37.12099838256836,37.12099838256836,37.130001068115234,37.12099838256836,37.130001068115234,527.0
2024-09-05 11:21:00+00:00,RDFN,9.6899995803833,9.6899995803833,9.704999923706055,9.6850004196167,9.700300216674805,11427.0
2024-09-05 11:21:00+00:00,REG,73.18000030517578,73.18000030517578,73.18000030517578,73.12999725341797,73.16500091552734,5539.0
2024-09-05 11:21:00+00:00,SBAC,234.97999572753906,234.97999572753906,234.99000549316406,234.97999572753906,234.99000549316406,423.0
2024-09-05 11:21:00+00:00,SBRA,17.459999084472656,17.459999084472656,17.459999084472656,17.459999084472656,17.459999084472656,1274.0
2024-09-05 11:21:00+00:00,SOHO,1.2300000190734863,1.2300000190734863,1.2300000190734863,1.2300000190734863,1.2300000190734863,300.0
2024-09-05 11:21:00+00:00,SVC,4.568699836730957,4.568699836730957,4.568699836730957,4.568699836730957,4.568699836730957,1151.0
2024-09-05 11:21:00+00:00,UNIT,5.224999904632568,5.224999904632568,5.230000019073486,5.204999923706055,5.208799839019775,16525.0
2024-09-05 11:21:00+00:00,WHLR,2.25,2.25,2.2679998874664307,2.190000057220459,2.259999990463257,216235.0
2024-09-05 11:22:00+00:00,AGNC,10.234999656677246,10.234999656677246,10.239999771118164,10.234999656677246,10.234999656677246,1439.0
2024-09-05 11:22:00+00:00,CSGP,76.76000213623047,76.76000213623047,76.76000213623047,76.76000213623047,76.76000213623047,170.0
2024-09-05 11:22:00+00:00,GOOD,15.220000267028809,15.220000267028809,15.220000267028809,15.220000267028809,15.220000267028809,165.0
2024-09-05 11:22:00+00:00,HST,16.7549991607666,16.7549991607666,16.7549991607666,16.75,16.75,2953.0
2024-09-05 11:22:00+00:00,NMRK,14.239999771118164,14.239999771118164,14.244999885559082,14.234999656677246,14.234999656677246,966.0
2024-09-05 11:22:00+00:00,NYMTZ,19.40999984741211,19.40999984741211,19.40999984741211,19.40999984741211,19.40999984741211,0.0
2024-09-05 11:22:00+00:00,OPEN,1.965000033378601,1.965000033378601,1.9699000120162964,1.9600000381469727,1.965000033378601,30080.0
2024-09-05 11:22:00+00:00,RDFN,9.694999694824219,9.694999694824219,9.694999694824219,9.680000305175781,9.694999694824219,8012.0
2024-09-05 11:22:00+00:00,REAX,5.78000020980835,5.78000020980835,5.78000020980835,5.764999866485596,5.78000020980835,8529.0
2024-09-05 11:22:00+00:00,REG,73.19499969482422,73.19499969482422,73.19499969482422,73.16999816894531,73.16999816894531,770.0
2024-09-05 11:22:00+00:00,SBAC,235.22000122070312,235.22000122070312,235.24000549316406,235.22000122070312,235.24000549316406,535.0
2024-09-05 11:22:00+00:00,SBRA,17.454999923706055,17.454999923706055,17.454999923706055,17.44499969482422,17.450000762939453,2466.0
2024-09-05 11:22:00+00:00,UNIT,5.195000171661377,5.195000171661377,5.224999904632568,5.195000171661377,5.224999904632568,9147.0
2024-09-05 11:22:00+00:00,WHLR,2.2799999713897705,2.2799999713897705,2.3399999141693115,2.244999885559082,2.244999885559082,76795.0
2024-09-05 11:23:00+00:00,AFCG,10.350000381469727,10.350000381469727,10.350000381469727,10.350000381469727,10.350000381469727,1102.0
2024-09-05 11:23:00+00:00,AGNC,10.23740005493164,10.23740005493164,10.23740005493164,10.234999656677246,10.234999656677246,5189.0
2024-09-05 11:23:00+00:00,BPYPN,12.890000343322754,12.890000343322754,12.890000343322754,12.890000343322754,12.890000343322754,507.0
2024-09-05 11:23:00+00:00,CSGP,76.76000213623047,76.76000213623047,76.76000213623047,76.69999694824219,76.69999694824219,495.0
2024-09-05 11:23:00+00:00,EXPI,11.6899995803833,11.6899995803833,11.6899995803833,11.6899995803833,11.6899995803833,200.0
2024-09-05 11:23:00+00:00,GLPI,51.47999954223633,51.47999954223633,51.47999954223633,51.47999954223633,51.47999954223633,274.0
2024-09-05 11:23:00+00:00,HST,16.739999771118164,16.739999771118164,16.7549991607666,16.739999771118164,16.7549991607666,4391.0
2024-09-05 11:23:00+00:00,LAND,13.479999542236328,13.479999542236328,13.479999542236328,13.479999542236328,13.479999542236328,291.0
2024-09-05 11:23:00+00:00,NMRK,14.234999656677246,14.234999656677246,14.244999885559082,14.234999656677246,14.244999885559082,1529.0
2024-09-05 11:23:00+00:00,OPEN,1.9601000547409058,1.9601000547409058,1.9700000286102295,1.9600000381469727,1.965000033378601,33036.0
2024-09-05 11:23:00+00:00,PECO,37.119998931884766,37.119998931884766,37.130001068115234,37.119998931884766,37.130001068115234,565.0
2024-09-05 11:23:00+00:00,RDFN,9.645000457763672,9.645000457763672,9.694999694824219,9.640000343322754,9.694999694824219,8704.0
2024-09-05 11:23:00+00:00,REAX,5.78000020980835,5.78000020980835,5.78000020980835,5.78000020980835,5.78000020980835,420.0
2024-09-05 11:23:00+00:00,REG,73.19999694824219,73.19999694824219,73.19999694824219,73.18000030517578,73.19000244140625,3427.0
2024-09-05 11:23:00+00:00,ROIC,15.25,15.25,15.25,15.25,15.25,561.0
2024-09-05 11:23:00+00:00,SBAC,235.22999572753906,235.22999572753906,235.22999572753906,235.22999572753906,235.22999572753906,222.0
2024-09-05 11:23:00+00:00,SBRA,17.450000762939453,17.450000762939453,17.459999084472656,17.450000762939453,17.454999923706055,686.0
2024-09-05 11:23:00+00:00,SVC,4.559199810028076,4.559199810028076,4.559999942779541,4.559199810028076,4.559999942779541,2728.0
2024-09-05 11:23:00+00:00,UNIT,5.204999923706055,5.204999923706055,5.204999923706055,5.199999809265137,5.199999809265137,4539.0
2024-09-05 11:23:00+00:00,WHLR,2.299999952316284,2.299999952316284,2.309999942779541,2.2799999713897705,2.2850000858306885,26173.0
2024-09-05 11:24:00+00:00,AFCG,10.354999542236328,10.354999542236328,10.359999656677246,10.354999542236328,10.354999542236328,2117.0
2024-09-05 11:24:00+00:00,AGNC,10.234999656677246,10.234999656677246,10.239999771118164,10.229999542236328,10.234999656677246,35443.0
2024-09-05 11:24:00+00:00,CSGP,76.69999694824219,76.69999694824219,76.70999908447266,76.68000030517578,76.69999694824219,18153.0
2024-09-05 11:24:00+00:00,DHC,3.305000066757202,3.305000066757202,3.305000066757202,3.299999952316284,3.299999952316284,1100.0
2024-09-05 11:24:00+00:00,EXPI,11.680000305175781,11.680000305175781,11.680000305175781,11.670000076293945,11.680000305175781,1002.0
2024-09-05 11:24:00+00:00,GLPI,51.45000076293945,51.45000076293945,51.48500061035156,51.45000076293945,51.48500061035156,1880.0
2024-09-05 11:24:00+00:00,GOOD,15.204999923706055,15.204999923706055,15.213199615478516,15.204999923706055,15.213199615478516,1323.0
2024-09-05 11:24:00+00:00,HST,16.729999542236328,16.729999542236328,16.7450008392334,16.729999542236328,16.739999771118164,7360.0
2024-09-05 11:24:00+00:00,ILPT,4.949999809265137,4.949999809265137,4.956999778747559,4.949999809265137,4.956999778747559,1147.0
2024-09-05 11:24:00+00:00,LAND,13.489999771118164,13.489999771118164,13.489999771118164,13.475000381469727,13.475000381469727,1731.0
2024-09-05 11:24:00+00:00,NMRK,14.229999542236328,14.229999542236328,14.244999885559082,14.225000381469727,14.244999885559082,2297.0
2024-09-05 11:24:00+00:00,NYMT,6.355000019073486,6.355000019073486,6.355000019073486,6.355000019073486,6.355000019073486,540.0
2024-09-05 11:24:00+00:00,OPEN,1.9496999979019165,1.9496999979019165,1.965000033378601,1.94350004196167,1.9637999534606934,113675.0
2024-09-05 11:24:00+00:00,OPI,2.134999990463257,2.134999990463257,2.134999990463257,2.134999990463257,2.134999990463257,112.0
2024-09-05 11:24:00+00:00,PCH,42.900001525878906,42.900001525878906,42.90250015258789,42.900001525878906,42.90250015258789,595.0
2024-09-05 11:24:00+00:00,PECO,37.07500076293945,37.07500076293945,37.11000061035156,37.060001373291016,37.11000061035156,4682.0
2024-09-05 11:24:00+00:00,RDFN,9.599900245666504,9.599900245666504,9.649999618530273,9.59000015258789,9.630000114440918,40306.0
2024-09-05 11:24:00+00:00,REAX,5.769999980926514,5.769999980926514,5.769999980926514,5.769999980926514,5.769999980926514,626.0
2024-09-05 11:24:00+00:00,REG,73.16000366210938,73.16000366210938,73.18000030517578,73.16000366210938,73.18000030517578,1197.0
2024-09-05 11:24:00+00:00,ROIC,15.239999771118164,15.239999771118164,15.25,15.239999771118164,15.25,3058.0
2024-09-05 11:24:00+00:00,SBAC,235.03500366210938,235.03500366210938,235.2100067138672,235.03500366210938,235.03500366210938,2306.0
2024-09-05 11:24:00+00:00,SBRA,17.44499969482422,17.44499969482422,17.450000762939453,17.44499969482422,17.450000762939453,1643.0
2024-09-05 11:24:00+00:00,SVC,4.541100025177002,4.541100025177002,4.550000190734863,4.539999961853027,4.550000190734863,2644.0
2024-09-05 11:24:00+00:00,UNIT,5.204999923706055,5.204999923706055,5.209099769592285,5.199999809265137,5.204999923706055,3298.0
2024-09-05 11:24:00+00:00,WHLR,2.349600076675415,2.349600076675415,2.3499999046325684,2.2899999618530273,2.309999942779541,29698.0
2024-09-05 11:25:00+00:00,AGNC,10.230299949645996,10.230299949645996,10.237000465393066,10.225000381469727,10.229999542236328,77025.0
2024-09-05 11:25:00+00:00,CSGP,76.62999725341797,76.62999725341797,76.69999694824219,76.55999755859375,76.69999694824219,10826.0
2024-09-05 11:25:00+00:00,DHC,3.2950000762939453,3.2950000762939453,3.299999952316284,3.2950000762939453,3.299999952316284,1161.0
2024-09-05 11:25:00+00:00,EQIX,822.6300048828125,822.6300048828125,822.6300048828125,822.6300048828125,822.6300048828125,448.0
2024-09-05 11:25:00+00:00,EXPI,11.635000228881836,11.635000228881836,11.680000305175781,11.635000228881836,11.672900199890137,1148.0
2024-09-05 11:25:00+00:00,FSV,178.34500122070312,178.34500122070312,178.34500122070312,178.34500122070312,178.34500122070312,234.0
2024-09-05 11:25:00+00:00,GLPI,51.45000076293945,51.45000076293945,51.459999084472656,51.45000076293945,51.459999084472656,1472.0
2024-09-05 11:25:00+00:00,HST,16.725000381469727,16.725000381469727,16.735000610351562,16.725000381469727,16.729999542236328,18292.0
2024-09-05 11:25:00+00:00,LAND,13.489999771118164,13.489999771118164,13.489999771118164,13.489999771118164,13.489999771118164,264.0
2024-09-05 11:25:00+00:00,LSEA,11.520000457763672,11.520000457763672,11.520000457763672,11.510000228881836,11.510000228881836,429.0
2024-09-05 11:25:00+00:00,NMRK,14.220000267028809,14.220000267028809,14.225000381469727,14.220000267028809,14.225000381469727,1001.0
2024-09-05 11:25:00+00:00,NYMT,6.355000019073486,6.355000019073486,6.360000133514404,6.355000019073486,6.360000133514404,842.0
2024-09-05 11:25:00+00:00,OPEN,1.9550000429153442,1.9550000429153442,1.9600000381469727,1.9450000524520874,1.9450000524520874,112467.0
2024-09-05 11:25:00+00:00,PCH,42.88999938964844,42.88999938964844,42.900001525878906,42.88999938964844,42.89500045776367,579.0
2024-09-05 11:25:00+00:00,PECO,37.099998474121094,37.099998474121094,37.099998474121094,37.099998474121094,37.099998474121094,270.0
2024-09-05 11:25:00+00:00,RDFN,9.500100135803223,9.500100135803223,9.59000015258789,9.5,9.59000015258789,85741.0
2024-09-05 11:25:00+00:00,REAX,5.760000228881836,5.760000228881836,5.760000228881836,5.760000228881836,5.760000228881836,748.0
2024-09-05 11:25:00+00:00,ROIC,15.234999656677246,15.234999656677246,15.234999656677246,15.229999542236328,15.229999542236328,1067.0
2024-09-05 11:25:00+00:00,SBAC,234.86000061035156,234.86000061035156,235.03500366210938,234.86000061035156,235.03500366210938,2053.0
2024-09-05 11:25:00+00:00,SBRA,17.440000534057617,17.440000534057617,17.44499969482422,17.434999465942383,17.44499969482422,2666.0
2024-09-05 11:25:00+00:00,SOHO,1.2400000095367432,1.2400000095367432,1.2400000095367432,1.225000023841858,1.225000023841858,15387.0
2024-09-05 11:25:00+00:00,SVC,4.539999961853027,4.539999961853027,4.545000076293945,4.539999961853027,4.545000076293945,5656.0
2024-09-05 11:25:00+00:00,UNIT,5.210000038146973,5.210000038146973,5.210000038146973,5.204999923706055,5.204999923706055,1655.0
2024-09-05 11:25:00+00:00,WHLR,2.299999952316284,2.299999952316284,2.3489999771118164,2.2899999618530273,2.3301000595092773,43816.0
2024-09-05 11:25:00+00:00,WHLRD,19.479999542236328,19.479999542236328,19.479999542236328,19.479999542236328,19.479999542236328,4900.0
2024-09-05 11:26:00+00:00,AFCG,10.335000038146973,10.335000038146973,10.335000038146973,10.335000038146973,10.335000038146973,221.0
2024-09-05 11:26:00+00:00,AGNC,10.225000381469727,10.225000381469727,10.234999656677246,10.220000267028809,10.229999542236328,45522.0
2024-09-05 11:26:00+00:00,CSGP,76.58000183105469,76.58000183105469,76.62999725341797,76.55999755859375,76.57499694824219,1618.0
2024-09-05 11:26:00+00:00,DHC,3.2950000762939453,3.2950000762939453,3.2950000762939453,3.2950000762939453,3.2950000762939453,313.0
2024-09-05 11:26:00+00:00,EXPI,11.630000114440918,11.630000114440918,11.630000114440918,11.630000114440918,11.630000114440918,503.0
2024-09-05 11:26:00+00:00,GLPI,51.43000030517578,51.43000030517578,51.43000030517578,51.41999816894531,51.43000030517578,2427.0
2024-09-05 11:26:00+00:00,HST,16.719999313354492,16.719999313354492,16.729999542236328,16.719999313354492,16.719999313354492,4829.0
2024-09-05 11:26:00+00:00,ILPT,4.954999923706055,4.954999923706055,4.954999923706055,4.954999923706055,4.954999923706055,215.0
2024-09-05 11:26:00+00:00,LAMR,124.5,124.5,124.54000091552734,124.5,124.54000091552734,886.0
2024-09-05 11:26:00+00:00,LAND,13.489999771118164,13.489999771118164,13.489999771118164,13.489999771118164,13.489999771118164,375.0
2024-09-05 11:26:00+00:00,NMRK,14.220000267028809,14.220000267028809,14.225000381469727,14.220000267028809,14.225000381469727,1608.0
2024-09-05 11:26:00+00:00,NYMT,6.349999904632568,6.349999904632568,6.355000019073486,6.349999904632568,6.355000019073486,999.0
2024-09-05 11:26:00+00:00,OPEN,1.9498000144958496,1.9498000144958496,1.9550000429153442,1.9400999546051025,1.9550000429153442,117816.0
2024-09-05 11:26:00+00:00,OPI,2.134999990463257,2.134999990463257,2.134999990463257,2.134999990463257,2.134999990463257,102.0
2024-09-05 11:26:00+00:00,PCH,42.904998779296875,42.904998779296875,42.91999816894531,42.880001068115234,42.880001068115234,1394.0
2024-09-05 11:26:00+00:00,PECO,37.11000061035156,37.11000061035156,37.11000061035156,37.09000015258789,37.09000015258789,2591.0
2024-09-05 11:26:00+00:00,RDFN,9.524999618530273,9.524999618530273,9.524999618530273,9.5,9.510000228881836,22325.0
2024-09-05 11:26:00+00:00,RMR,24.709999084472656,24.709999084472656,24.75,24.709999084472656,24.75,1709.0
2024-09-05 11:26:00+00:00,SBAC,234.72000122070312,234.72000122070312,234.72000122070312,234.72000122070312,234.72000122070312,216.0
2024-09-05 11:26:00+00:00,SBRA,17.44499969482422,17.44499969482422,17.44499969482422,17.44499969482422,17.44499969482422,1056.0
2024-09-05 11:26:00+00:00,SVC,4.539000034332275,4.539000034332275,4.539000034332275,4.53000020980835,4.53000020980835,1623.0
2024-09-05 11:26:00+00:00,UNIT,5.210000038146973,5.210000038146973,5.210000038146973,5.195000171661377,5.204999923706055,19930.0
2024-09-05 11:26:00+00:00,WHLR,2.3399999141693115,2.3399999141693115,2.380000114440918,2.3034000396728516,2.315000057220459,71782.0
2024-09-05 11:27:00+00:00,AGNC,10.225000381469727,10.225000381469727,10.228300094604492,10.225000381469727,10.225000381469727,1338.0
2024-09-05 11:27:00+00:00,CSGP,76.54000091552734,76.54000091552734,76.54000091552734,76.50550079345703,76.5250015258789,1675.0
2024-09-05 11:27:00+00:00,DHC,3.2916998863220215,3.2916998863220215,3.2916998863220215,3.2916998863220215,3.2916998863220215,318.0
2024-09-05 11:27:00+00:00,EQIX,822.2949829101562,822.2949829101562,822.2949829101562,822.2949829101562,822.2949829101562,656.0
2024-09-05 11:27:00+00:00,EXPI,11.630000114440918,11.630000114440918,11.640000343322754,11.630000114440918,11.640000343322754,806.0
2024-09-05 11:27:00+00:00,GLPI,51.43000030517578,51.43000030517578,51.43000030517578,51.40999984741211,51.40999984741211,956.0
2024-09-05 11:27:00+00:00,GOOD,15.210000038146973,15.210000038146973,15.210000038146973,15.210000038146973,15.210000038146973,373.0
2024-09-05 11:27:00+00:00,HST,16.729999542236328,16.729999542236328,16.729999542236328,16.719999313354492,16.719999313354492,14035.0
2024-09-05 11:27:00+00:00,ILPT,4.96999979019165,4.96999979019165,4.96999979019165,4.960000038146973,4.960000038146973,639.0
2024-09-05 11:27:00+00:00,LAMR,124.66999816894531,124.66999816894531,124.66999816894531,124.6500015258789,124.6500015258789,1299.0
2024-09-05 11:27:00+00:00,NMRK,14.229999542236328,14.229999542236328,14.229999542236328,14.220000267028809,14.220000267028809,2043.0
2024-09-05 11:27:00+00:00,OPEN,1.9500000476837158,1.9500000476837158,1.9500000476837158,1.940000057220459,1.9429999589920044,66745.0
2024-09-05 11:27:00+00:00,OPI,2.134999990463257,2.134999990463257,2.134999990463257,2.134999990463257,2.134999990463257,314.0
2024-09-05 11:27:00+00:00,PECO,37.13999938964844,37.13999938964844,37.13999938964844,37.1150016784668,37.1150016784668,1334.0
2024-09-05 11:27:00+00:00,RDFN,9.539999961853027,9.539999961853027,9.539999961853027,9.515000343322754,9.515000343322754,10015.0
2024-09-05 11:27:00+00:00,REAX,5.760000228881836,5.760000228881836,5.760000228881836,5.760000228881836,5.760000228881836,623.0
2024-09-05 11:27:00+00:00,REG,73.12000274658203,73.12000274658203,73.13500213623047,73.12000274658203,73.13500213623047,391.0
2024-09-05 11:27:00+00:00,SBAC,234.69000244140625,234.69000244140625,234.69000244140625,234.69000244140625,234.69000244140625,418.0
2024-09-05 11:27:00+00:00,SBRA,17.44499969482422,17.44499969482422,17.44499969482422,17.434999465942383,17.440000534057617,2665.0
2024-09-05 11:27:00+00:00,SVC,4.53000020980835,4.53000020980835,4.53000020980835,4.53000020980835,4.53000020980835,0.0
2024-09-05 11:27:00+00:00,UNIT,5.215000152587891,5.215000152587891,5.21999979019165,5.210000038146973,5.215000152587891,10783.0
2024-09-05 11:27:00+00:00,WHLR,2.3499999046325684,2.3499999046325684,2.369999885559082,2.3101000785827637,2.3101000785827637,20356.0
2024-09-05 11:28:00+00:00,AFCG,10.3100004196167,10.3100004196167,10.3100004196167,10.3100004196167,10.3100004196167,202.0
2024-09-05 11:28:00+00:00,AGNC,10.229900360107422,10.229900360107422,10.229900360107422,10.220000267028809,10.225000381469727,6637.0
2024-09-05 11:28:00+00:00,AGNCO,24.983600616455078,24.983600616455078,24.983600616455078,24.983600616455078,24.983600616455078,280.0
2024-09-05 11:28:00+00:00,CSGP,76.5199966430664,76.5199966430664,76.55500030517578,76.5199966430664,76.55500030517578,481.0
2024-09-05 11:28:00+00:00,DHC,3.2950000762939453,3.2950000762939453,3.2950000762939453,3.2950000762939453,3.2950000762939453,449.0
2024-09-05 11:28:00+00:00,EXPI,11.630000114440918,11.630000114440918,11.630000114440918,11.630000114440918,11.630000114440918,366.0
2024-09-05 11:28:00+00:00,GLPI,51.43000030517578,51.43000030517578,51.43560028076172,51.43000030517578,51.43560028076172,1141.0
2024-09-05 11:28:00+00:00,GOOD,15.210000038146973,15.210000038146973,15.210000038146973,15.210000038146973,15.210000038146973,1230.0
2024-09-05 11:28:00+00:00,HST,16.729999542236328,16.729999542236328,16.729999542236328,16.729999542236328,16.729999542236328,5026.0
2024-09-05 11:28:00+00:00,LAND,13.510000228881836,13.510000228881836,13.510000228881836,13.510000228881836,13.510000228881836,324.0
2024-09-05 11:28:00+00:00,NYMT,6.34499979019165,6.34499979019165,6.34499979019165,6.34499979019165,6.34499979019165,377.0
2024-09-05 11:28:00+00:00,OPEN,1.9450000524520874,1.9450000524520874,1.9500000476837158,1.940000057220459,1.9443000555038452,75085.0
2024-09-05 11:28:00+00:00,PECO,37.119998931884766,37.119998931884766,37.119998931884766,37.119998931884766,37.119998931884766,618.0
2024-09-05 11:28:00+00:00,RDFN,9.550000190734863,9.550000190734863,9.550000190734863,9.538900375366211,9.538900375366211,2472.0
2024-09-05 11:28:00+00:00,REG,73.13999938964844,73.13999938964844,73.13999938964844,73.13999938964844,73.13999938964844,561.0
2024-09-05 11:28:00+00:00,ROIC,15.229999542236328,15.229999542236328,15.229999542236328,15.229999542236328,15.229999542236328,483.0
2024-09-05 11:28:00+00:00,SBAC,234.66000366210938,234.66000366210938,234.66000366210938,234.66000366210938,234.66000366210938,228.0
2024-09-05 11:28:00+00:00,SBRA,17.441200256347656,17.441200256347656,17.441200256347656,17.441200256347656,17.441200256347656,756.0
2024-09-05 11:28:00+00:00,SVC,4.53000020980835,4.53000020980835,4.53000020980835,4.53000020980835,4.53000020980835,926.0
2024-09-05 11:28:00+00:00,UNIT,5.195000171661377,5.195000171661377,5.215000152587891,5.190000057220459,5.215000152587891,51419.0
2024-09-05 11:28:00+00:00,WHLR,2.360599994659424,2.360599994659424,2.3775999546051025,2.340100049972534,2.3499999046325684,24380.0
2024-09-05 11:29:00+00:00,AFCG,10.319999694824219,10.319999694824219,10.319999694824219,10.319999694824219,10.319999694824219,2333.0
2024-09-05 11:29:00+00:00,AGNC,10.225000381469727,10.225000381469727,10.225000381469727,10.222000122070312,10.225000381469727,3206.0
2024-09-05 11:29:00+00:00,ASPS,1.070199966430664,1.070199966430664,1.070199966430664,1.070199966430664,1.070199966430664,7530.0
2024-09-05 11:29:00+00:00,CSGP,76.44999694824219,76.44999694824219,76.4999008178711,76.44999694824219,76.4999008178711,666.0
2024-09-05 11:29:00+00:00,EXPI,11.619999885559082,11.619999885559082,11.619999885559082,11.619999885559082,11.619999885559082,123.0
2024-09-05 11:29:00+00:00,GLPI,51.415000915527344,51.415000915527344,51.415000915527344,51.415000915527344,51.415000915527344,349.0
2024-09-05 11:29:00+00:00,GOOD,15.210000038146973,15.210000038146973,15.210000038146973,15.210000038146973,15.210000038146973,311.0
2024-09-05 11:29:00+00:00,HST,16.719999313354492,16.719999313354492,16.725000381469727,16.719999313354492,16.725000381469727,3549.0
2024-09-05 11:29:00+00:00,ILPT,4.974999904632568,4.974999904632568,4.974999904632568,4.974999904632568,4.974999904632568,12.0
2024-09-05 11:29:00+00:00,LAND,13.505000114440918,13.505000114440918,13.505000114440918,13.505000114440918,13.505000114440918,211.0
2024-09-05 11:29:00+00:00,NMRK,14.199999809265137,14.199999809265137,14.225000381469727,14.199999809265137,14.220000267028809,2437.0
2024-09-05 11:29:00+00:00,OPEN,1.9450000524520874,1.9450000524520874,1.9467999935150146,1.940000057220459,1.9450000524520874,77833.0
2024-09-05 11:29:00+00:00,OPI,2.134999990463257,2.134999990463257,2.134999990463257,2.134999990463257,2.134999990463257,806.0
2024-09-05 11:29:00+00:00,PECO,37.13999938964844,37.13999938964844,37.13999938964844,37.130001068115234,37.130001068115234,634.0
2024-09-05 11:29:00+00:00,RDFN,9.520000457763672,9.520000457763672,9.529999732971191,9.510000228881836,9.529999732971191,24234.0
2024-09-05 11:29:00+00:00,REAX,5.744999885559082,5.744999885559082,5.750100135803223,5.71999979019165,5.75,10466.0
2024-09-05 11:29:00+00:00,REG,73.1500015258789,73.1500015258789,73.1509017944336,73.1500015258789,73.1500015258789,1275.0
2024-09-05 11:29:00+00:00,SBAC,234.6750030517578,234.6750030517578,234.8300018310547,234.60000610351562,234.7635955810547,719.0
2024-09-05 11:29:00+00:00,SBRA,17.434999465942383,17.434999465942383,17.440000534057617,17.434999465942383,17.440000534057617,880.0
2024-09-05 11:29:00+00:00,SVC,4.534999847412109,4.534999847412109,4.539000034332275,4.534999847412109,4.539000034332275,608.0
2024-09-05 11:29:00+00:00,UNIT,5.195000171661377,5.195000171661377,5.199999809265137,5.195000171661377,5.195000171661377,2993.0
2024-09-05 11:29:00+00:00,WHLR,2.4100000858306885,2.4100000858306885,2.4200000762939453,2.3499999046325684,2.359499931335449,59370.0
2024-09-05 11:30:00+00:00,AEI,1.1303000450134277,1.1303000450134277,1.1303000450134277,1.1303000450134277,1.1303000450134277,573.0
2024-09-05 11:30:00+00:00,AFCG,10.319999694824219,10.319999694824219,10.319999694824219,10.319999694824219,10.319999694824219,644.0
2024-09-05 11:30:00+00:00,AGNC,10.225000381469727,10.225000381469727,10.229999542236328,10.225000381469727,10.225000381469727,6439.0
2024-09-05 11:30:00+00:00,CIGI,140.9499969482422,140.9499969482422,140.9499969482422,140.77000427246094,140.77000427246094,601.0
2024-09-05 11:30:00+00:00,CSGP,76.45500183105469,76.45500183105469,76.45500183105469,76.40499877929688,76.43499755859375,2104.0
2024-09-05 11:30:00+00:00,EQIX,822.4299926757812,822.4299926757812,823.1799926757812,822.2949829101562,822.2949829101562,2367.0
2024-09-05 11:30:00+00:00,EXPI,11.619999885559082,11.619999885559082,11.619999885559082,11.619999885559082,11.619999885559082,578.0
2024-09-05 11:30:00+00:00,GLPI,51.45000076293945,51.45000076293945,51.45000076293945,51.439998626708984,51.439998626708984,1750.0
2024-09-05 11:30:00+00:00,HST,16.71500015258789,16.71500015258789,16.719999313354492,16.71500015258789,16.719999313354492,1964.0
2024-09-05 11:30:00+00:00,LAND,13.510000228881836,13.510000228881836,13.510000228881836,13.505000114440918,13.505000114440918,704.0
2024-09-05 11:30:00+00:00,LSEA,11.529999732971191,11.529999732971191,11.529999732971191,11.529999732971191,11.529999732971191,215.0
2024-09-05 11:30:00+00:00,NMRK,14.210000038146973,14.210000038146973,14.210000038146973,14.204999923706055,14.204999923706055,2893.0
2024-09-05 11:30:00+00:00,OPEN,1.934999942779541,1.934999942779541,1.9450000524520874,1.9299999475479126,1.940000057220459,163506.0
2024-09-05 11:30:00+00:00,OPI,2.130000114440918,2.130000114440918,2.130000114440918,2.130000114440918,2.130000114440918,1033.0
2024-09-05 11:30:00+00:00,RDFN,9.5024995803833,9.5024995803833,9.510000228881836,9.5,9.510000228881836,15074.0
2024-09-05 11:30:00+00:00,REAX,5.739999771118164,5.739999771118164,5.739999771118164,5.739999771118164,5.739999771118164,551.0
2024-09-05 11:30:00+00:00,REG,73.1500015258789,73.1500015258789,73.18000030517578,73.13999938964844,73.15499877929688,3947.0
2024-09-05 11:30:00+00:00,SBAC,234.94000244140625,234.94000244140625,234.94000244140625,234.8800048828125,234.8800048828125,1567.0
2024-09-05 11:30:00+00:00,SBRA,17.434999465942383,17.434999465942383,17.434999465942383,17.434999465942383,17.434999465942383,497.0
2024-09-05 11:30:00+00:00,SVC,4.53000020980835,4.53000020980835,4.53000020980835,4.53000020980835,4.53000020980835,2120.0
2024-09-05 11:30:00+00:00,UNIT,5.195000171661377,5.195000171661377,5.199999809265137,5.184999942779541,5.195000171661377,28076.0
2024-09-05 11:30:00+00:00,WHLR,2.3536999225616455,2.3536999225616455,2.4200000762939453,2.3410000801086426,2.4200000762939453,45936.0
2024-09-05 11:31:00+00:00,AFCG,10.3100004196167,10.3100004196167,10.3100004196167,10.3100004196167,10.3100004196167,241.0
2024-09-05 11:31:00+00:00,AGNC,10.225000381469727,10.225000381469727,10.225000381469727,10.220499992370605,10.220499992370605,4937.0
2024-09-05 11:31:00+00:00,BPYPN,12.859999656677246,12.859999656677246,12.859999656677246,12.859999656677246,12.859999656677246,328.0
2024-09-05 11:31:00+00:00,CSGP,76.36000061035156,76.36000061035156,76.4000015258789,76.36000061035156,76.4000015258789,1611.0
2024-09-05 11:31:00+00:00,EXPI,11.600000381469727,11.600000381469727,11.609999656677246,11.600000381469727,11.609999656677246,827.0
2024-09-05 11:31:00+00:00,FSV,178.05999755859375,178.05999755859375,178.05999755859375,178.05999755859375,178.05999755859375,187.0
2024-09-05 11:31:00+00:00,GLPI,51.415000915527344,51.415000915527344,51.435001373291016,51.415000915527344,51.435001373291016,13201.0
2024-09-05 11:31:00+00:00,HST,16.71500015258789,16.71500015258789,16.719999313354492,16.709999084472656,16.719999313354492,5597.0
2024-09-05 11:31:00+00:00,ILPT,4.96999979019165,4.96999979019165,4.974999904632568,4.96999979019165,4.974999904632568,590.0
2024-09-05 11:31:00+00:00,NMRK,14.180000305175781,14.180000305175781,14.1899995803833,14.180000305175781,14.1899995803833,2493.0
2024-09-05 11:31:00+00:00,NYMT,6.329999923706055,6.329999923706055,6.340000152587891,6.329899787902832,6.340000152587891,4476.0
2024-09-05 11:31:00+00:00,OPEN,1.9450000524520874,1.9450000524520874,1.9500000476837158,1.934999942779541,1.934999942779541,138739.0
2024-09-05 11:31:00+00:00,OPI,2.125,2.125,2.125,2.125,2.125,120.0
2024-09-05 11:31:00+00:00,PCH,42.875,42.875,42.875,42.875,42.875,236.0
2024-09-05 11:31:00+00:00,RDFN,9.510000228881836,9.510000228881836,9.522299766540527,9.5,9.5,23032.0
2024-09-05 11:31:00+00:00,REG,73.12000274658203,73.12000274658203,73.16000366210938,73.12000274658203,73.16000366210938,827.0
2024-09-05 11:31:00+00:00,ROIC,15.234999656677246,15.234999656677246,15.234999656677246,15.234999656677246,15.234999656677246,747.0
2024-09-05 11:31:00+00:00,SBRA,17.424999237060547,17.424999237060547,17.43000030517578,17.423500061035156,17.43000030517578,2726.0
2024-09-05 11:31:00+00:00,SVC,4.525000095367432,4.525000095367432,4.525000095367432,4.519999980926514,4.525000095367432,1166.0
2024-09-05 11:31:00+00:00,UNIT,5.190000057220459,5.190000057220459,5.199999809265137,5.190000057220459,5.191199779510498,11891.0
2024-09-05 11:31:00+00:00,WHLR,2.279900074005127,2.279900074005127,2.3499999046325684,2.2200000286102295,2.3415000438690186,144862.0
2024-09-05 11:32:00+00:00,AGNC,10.229499816894531,10.229499816894531,10.229900360107422,10.220199584960938,10.220199584960938,9555.0
2024-09-05 11:32:00+00:00,CSGP,76.3499984741211,76.3499984741211,76.3499984741211,76.3499984741211,76.3499984741211,379.0
2024-09-05 11:32:00+00:00,FSV,178.2100067138672,178.2100067138672,178.2100067138672,178.2100067138672,178.2100067138672,754.0
2024-09-05 11:32:00+00:00,GLPI,51.43000030517578,51.43000030517578,51.43000030517578,51.41999816894531,51.41999816894531,1615.0
2024-09-05 11:32:00+00:00,HST,16.719999313354492,16.719999313354492,16.719999313354492,16.709999084472656,16.71500015258789,7735.0
2024-09-05 11:32:00+00:00,LAMR,124.71499633789062,124.71499633789062,124.71499633789062,124.71499633789062,124.71499633789062,826.0
2024-09-05 11:32:00+00:00,NMRK,14.175000190734863,14.175000190734863,14.1850004196167,14.175000190734863,14.180000305175781,2841.0
2024-09-05 11:32:00+00:00,NYMT,6.324999809265137,6.324999809265137,6.335000038146973,6.324999809265137,6.335000038146973,1755.0
2024-09-05 11:32:00+00:00,OPEN,1.9500000476837158,1.9500000476837158,1.9500000476837158,1.940000057220459,1.9500000476837158,138689.0
2024-09-05 11:32:00+00:00,PCH,42.90999984741211,42.90999984741211,42.90999984741211,42.90999984741211,42.90999984741211,200.0
2024-09-05 11:32:00+00:00,PECO,37.1349983215332,37.1349983215332,37.150001525878906,37.110198974609375,37.150001525878906,1338.0
2024-09-05 11:32:00+00:00,RDFN,9.5,9.5,9.520000457763672,9.479999542236328,9.51990032196045,75834.0
2024-09-05 11:32:00+00:00,REAX,5.730000019073486,5.730000019073486,5.730000019073486,5.730000019073486,5.730000019073486,472.0
2024-09-05 11:32:00+00:00,SBAC,234.7100067138672,234.7100067138672,234.89999389648438,234.7100067138672,234.7899932861328,893.0
2024-09-05 11:32:00+00:00,SBRA,17.420000076293945,17.420000076293945,17.424999237060547,17.420000076293945,17.424999237060547,1515.0
2024-09-05 11:32:00+00:00,SVC,4.519999980926514,4.519999980926514,4.519999980926514,4.519999980926514,4.519999980926514,985.0
2024-09-05 11:32:00+00:00,UNIT,5.193900108337402,5.193900108337402,5.195000171661377,5.193900108337402,5.195000171661377,682.0
2024-09-05 11:32:00+00:00,WHLR,2.259999990463257,2.259999990463257,2.2799999713897705,2.25,2.2699999809265137,24278.0
2024-09-05 11:33:00+00:00,AFCG,10.3149995803833,10.3149995803833,10.3149995803833,10.3149995803833,10.3149995803833,469.0
2024-09-05 11:33:00+00:00,AGNC,10.225000381469727,10.225000381469727,10.225000381469727,10.220100402832031,10.225000381469727,3330.0
2024-09-05 11:33:00+00:00,ASPS,1.059999942779541,1.059999942779541,1.0800000429153442,1.059999942779541,1.0700000524520874,536.0
2024-09-05 11:33:00+00:00,CSGP,76.24250030517578,76.24250030517578,76.34500122070312,76.24250030517578,76.30999755859375,1170.0
2024-09-05 11:33:00+00:00,EXPI,11.579999923706055,11.579999923706055,11.59000015258789,11.579999923706055,11.59000015258789,328.0
2024-09-05 11:33:00+00:00,GLPI,51.400001525878906,51.400001525878906,51.415000915527344,51.400001525878906,51.415000915527344,1154.0
2024-09-05 11:33:00+00:00,GOOD,15.204999923706055,15.204999923706055,15.204999923706055,15.204999923706055,15.204999923706055,282.0
2024-09-05 11:33:00+00:00,HST,16.709999084472656,16.709999084472656,16.709999084472656,16.709999084472656,16.709999084472656,3769.0
2024-09-05 11:33:00+00:00,LAMR,124.71499633789062,124.71499633789062,124.71499633789062,124.71499633789062,124.71499633789062,0.0
2024-09-05 11:33:00+00:00,NMRK,14.15999984741211,14.15999984741211,14.170000076293945,14.15999984741211,14.170000076293945,384.0
2024-09-05 11:33:00+00:00,NYMT,6.329999923706055,6.329999923706055,6.329999923706055,6.329999923706055,6.329999923706055,1486.0
2024-09-05 11:33:00+00:00,OPEN,1.9450000524520874,1.9450000524520874,1.9500000476837158,1.940000057220459,1.9450000524520874,25169.0
2024-09-05 11:33:00+00:00,OPI,2.119999885559082,2.119999885559082,2.125,2.119999885559082,2.125,225.0
2024-09-05 11:33:00+00:00,PCH,42.8849983215332,42.8849983215332,42.8849983215332,42.8849983215332,42.8849983215332,293.0
2024-09-05 11:33:00+00:00,PECO,37.125,37.125,37.125,37.125,37.125,1311.0
2024-09-05 11:33:00+00:00,RDFN,9.5,9.5,9.515000343322754,9.489999771118164,9.5,24875.0
2024-09-05 11:33:00+00:00,REG,73.08000183105469,73.08000183105469,73.08000183105469,73.08000183105469,73.08000183105469,306.0
2024-09-05 11:33:00+00:00,ROIC,15.220000267028809,15.220000267028809,15.234999656677246,15.220000267028809,15.234999656677246,1466.0
2024-09-05 11:33:00+00:00,SBAC,234.72999572753906,234.72999572753906,234.72999572753906,234.72999572753906,234.72999572753906,709.0
2024-09-05 11:33:00+00:00,SBRA,17.420000076293945,17.420000076293945,17.424999237060547,17.420000076293945,17.424999237060547,1449.0
2024-09-05 11:33:00+00:00,SVC,4.510000228881836,4.510000228881836,4.514999866485596,4.510000228881836,4.514999866485596,2411.0
2024-09-05 11:33:00+00:00,UNIT,5.195000171661377,5.195000171661377,5.199999809265137,5.195000171661377,5.195000171661377,4606.0
2024-09-05 11:33:00+00:00,WHLR,2.2200000286102295,2.2200000286102295,2.287600040435791,2.2200000286102295,2.2592999935150146,86000.0
2024-09-05 11:34:00+00:00,AGNC,10.225000381469727,10.225000381469727,10.227100372314453,10.220000267028809,10.225000381469727,12696.0
2024-09-05 11:34:00+00:00,ASPS,1.0600999593734741,1.0600999593734741,1.0600999593734741,1.059999942779541,1.0600999593734741,24460.0
2024-09-05 11:34:00+00:00,CSGP,76.30999755859375,76.30999755859375,76.31999969482422,76.30000305175781,76.30000305175781,1291.0
2024-09-05 11:34:00+00:00,DHC,3.280100107192993,3.280100107192993,3.280100107192993,3.280100107192993,3.280100107192993,203.0
2024-09-05 11:34:00+00:00,EQIX,823.2999877929688,823.2999877929688,823.2999877929688,823.2999877929688,823.2999877929688,662.0
2024-09-05 11:34:00+00:00,EXPI,11.574999809265137,11.574999809265137,11.581999778747559,11.569999694824219,11.574999809265137,2033.0
2024-09-05 11:34:00+00:00,GLPI,51.40999984741211,51.40999984741211,51.415000915527344,51.40999984741211,51.40999984741211,1756.0
2024-09-05 11:34:00+00:00,HST,16.709999084472656,16.709999084472656,16.719999313354492,16.700000762939453,16.700000762939453,13708.0
2024-09-05 11:34:00+00:00,ILPT,4.960000038146973,4.960000038146973,4.960000038146973,4.960000038146973,4.960000038146973,907.0
2024-09-05 11:34:00+00:00,LAMR,124.71499633789062,124.71499633789062,124.71499633789062,124.71499633789062,124.71499633789062,1459.0
2024-09-05 11:34:00+00:00,NMRK,14.149999618530273,14.149999618530273,14.154999732971191,14.149999618530273,14.149999618530273,882.0
2024-09-05 11:34:00+00:00,OPEN,1.9500000476837158,1.9500000476837158,1.9500000476837158,1.940000057220459,1.9450000524520874,66928.0
2024-09-05 11:34:00+00:00,PCH,42.8650016784668,42.8650016784668,42.8650016784668,42.8650016784668,42.8650016784668,339.0
2024-09-05 11:34:00+00:00,RDFN,9.517900466918945,9.517900466918945,9.517900466918945,9.5,9.5,4029.0
2024-09-05 11:34:00+00:00,REAX,5.715000152587891,5.715000152587891,5.71999979019165,5.715000152587891,5.71999979019165,2464.0
2024-09-05 11:34:00+00:00,REG,73.11499786376953,73.11499786376953,73.12000274658203,73.11499786376953,73.12000274658203,345.0
2024-09-05 11:34:00+00:00,ROIC,15.211000442504883,15.211000442504883,15.211000442504883,15.211000442504883,15.211000442504883,1368.0
2024-09-05 11:34:00+00:00,SBAC,234.75999450683594,234.75999450683594,234.8699951171875,234.75999450683594,234.8699951171875,558.0
2024-09-05 11:34:00+00:00,SBRA,17.415000915527344,17.415000915527344,17.415000915527344,17.40999984741211,17.40999984741211,1646.0
2024-09-05 11:34:00+00:00,UNIT,5.195000171661377,5.195000171661377,5.195000171661377,5.195000171661377,5.195000171661377,2799.0
2024-09-05 11:34:00+00:00,WHLR,2.253499984741211,2.253499984741211,2.2699999809265137,2.1500000953674316,2.2249999046325684,131165.0
2024-09-05 11:35:00+00:00,AGNC,10.225000381469727,10.225000381469727,10.226099967956543,10.220000267028809,10.225000381469727,16204.0
2024-09-05 11:35:00+00:00,ASPS,1.0699000358581543,1.0699000358581543,1.0699000358581543,1.059999942779541,1.059999942779541,6089.0
2024-09-05 11:35:00+00:00,CSGP,76.30000305175781,76.30000305175781,76.30000305175781,76.30000305175781,76.30000305175781,443.0
2024-09-05 11:35:00+00:00,DHC,3.2850000858306885,3.2850000858306885,3.2850000858306885,3.2850000858306885,3.2850000858306885,755.0
2024-09-05 11:35:00+00:00,GLPI,51.404998779296875,51.404998779296875,51.41999816894531,51.404998779296875,51.40999984741211,2584.0
2024-09-05 11:35:00+00:00,HST,16.709999084472656,16.709999084472656,16.709999084472656,16.709999084472656,16.709999084472656,789.0
2024-09-05 11:35:00+00:00,LAND,13.5,13.5,13.5,13.5,13.5,436.0
2024-09-05 11:35:00+00:00,NMRK,14.15999984741211,14.15999984741211,14.15999984741211,14.15999984741211,14.15999984741211,673.0
2024-09-05 11:35:00+00:00,NYMTZ,19.460100173950195,19.460100173950195,19.460100173950195,19.460100173950195,19.460100173950195,200.0
2024-09-05 11:35:00+00:00,OPEN,1.9450000524520874,1.9450000524520874,1.9500000476837158,1.9450000524520874,1.9450000524520874,85474.0
2024-09-05 11:35:00+00:00,OPI,2.125,2.125,2.125,2.125,2.125,288.0
2024-09-05 11:35:00+00:00,PECO,37.119998931884766,37.119998931884766,37.119998931884766,37.119998931884766,37.119998931884766,1224.0
2024-09-05 11:35:00+00:00,RDFN,9.499500274658203,9.499500274658203,9.524999618530273,9.494999885559082,9.510000228881836,18828.0
2024-09-05 11:35:00+00:00,REAX,5.724999904632568,5.724999904632568,5.724999904632568,5.715000152587891,5.71999979019165,2232.0
2024-09-05 11:35:00+00:00,REG,73.11499786376953,73.11499786376953,73.11499786376953,73.11499786376953,73.11499786376953,717.0
2024-09-05 11:35:00+00:00,SBAC,234.9199981689453,234.9199981689453,234.9199981689453,234.9199981689453,234.9199981689453,873.0
2024-09-05 11:35:00+00:00,SBRA,17.415000915527344,17.415000915527344,17.415000915527344,17.415000915527344,17.415000915527344,398.0
2024-09-05 11:35:00+00:00,STRS,25.0,25.0,25.0,25.0,25.0,970.0
2024-09-05 11:35:00+00:00,SVC,4.510000228881836,4.510000228881836,4.510000228881836,4.510000228881836,4.510000228881836,311.0
2024-09-05 11:35:00+00:00,UNIT,5.195000171661377,5.195000171661377,5.195000171661377,5.191199779510498,5.195000171661377,1547.0
2024-09-05 11:35:00+00:00,WHLR,2.2400999069213867,2.2400999069213867,2.2899999618530273,2.2200000286102295,2.25,64531.0
2024-09-05 11:36:00+00:00,AGNC,10.225000381469727,10.225000381469727,10.225000381469727,10.220100402832031,10.225000381469727,14365.0
2024-09-05 11:36:00+00:00,CSGP,76.37999725341797,76.37999725341797,76.37999725341797,76.37999725341797,76.37999725341797,1253.0
2024-09-05 11:36:00+00:00,DHC,3.2850000858306885,3.2850000858306885,3.2850000858306885,3.2850000858306885,3.2850000858306885,252.0
2024-09-05 11:36:00+00:00,EXPI,11.585000038146973,11.585000038146973,11.585000038146973,11.585000038146973,11.585000038146973,317.0
2024-09-05 11:36:00+00:00,GLPI,51.40999984741211,51.40999984741211,51.41999816894531,51.40999984741211,51.40999984741211,4856.0
2024-09-05 11:36:00+00:00,GOOD,15.204999923706055,15.204999923706055,15.204999923706055,15.204999923706055,15.204999923706055,205.0
2024-09-05 11:36:00+00:00,HST,16.725000381469727,16.725000381469727,16.725000381469727,16.719999313354492,16.719999313354492,5769.0
2024-09-05 11:36:00+00:00,ILPT,4.960000038146973,4.960000038146973,4.960000038146973,4.960000038146973,4.960000038146973,241.0
2024-09-05 11:36:00+00:00,LAMR,124.45010375976562,124.45010375976562,124.58999633789062,124.45010375976562,124.58999633789062,1700.0
2024-09-05 11:36:00+00:00,LSEA,11.550000190734863,11.550000190734863,11.550000190734863,11.5,11.5,2115.0
2024-09-05 11:36:00+00:00,NMRK,14.140000343322754,14.140000343322754,14.15999984741211,14.119999885559082,14.15999984741211,18447.0
2024-09-05 11:36:00+00:00,OPEN,1.9550000429153442,1.9550000429153442,1.955899953842163,1.9450000524520874,1.9499000310897827,77987.0
2024-09-05 11:36:00+00:00,PCH,42.83399963378906,42.83399963378906,42.880001068115234,42.83399963378906,42.880001068115234,672.0
2024-09-05 11:36:00+00:00,RDFN,9.539999961853027,9.539999961853027,9.539999961853027,9.494999885559082,9.494999885559082,29163.0
2024-09-05 11:36:00+00:00,REAX,5.739999771118164,5.739999771118164,5.739999771118164,5.739999771118164,5.739999771118164,200.0
2024-09-05 11:36:00+00:00,REG,73.19999694824219,73.19999694824219,73.19999694824219,73.16999816894531,73.16999816894531,4375.0
2024-09-05 11:36:00+00:00,ROIC,15.201000213623047,15.201000213623047,15.220000267028809,15.199999809265137,15.220000267028809,4235.0
2024-09-05 11:36:00+00:00,SBAC,234.80499267578125,234.80499267578125,234.80499267578125,234.80499267578125,234.80499267578125,808.0
2024-09-05 11:36:00+00:00,SBRA,17.415000915527344,17.415000915527344,17.420000076293945,17.415000915527344,17.415000915527344,3476.0
2024-09-05 11:36:00+00:00,SVC,4.510000228881836,4.510000228881836,4.519999980926514,4.510000228881836,4.514999866485596,5126.0
2024-09-05 11:36:00+00:00,UNIT,5.195000171661377,5.195000171661377,5.195000171661377,5.191100120544434,5.195000171661377,2661.0
2024-09-05 11:36:00+00:00,WHLR,2.190000057220459,2.190000057220459,2.259999990463257,2.1600000858306885,2.259999990463257,50748.0
2024-09-05 11:37:00+00:00,AFCG,10.324999809265137,10.324999809265137,10.324999809265137,10.324999809265137,10.324999809265137,600.0
2024-09-05 11:37:00+00:00,AGNC,10.220000267028809,10.220000267028809,10.229999542236328,10.210200309753418,10.225000381469727,45969.0
2024-09-05 11:37:00+00:00,CSGP,76.30999755859375,76.30999755859375,76.31999969482422,76.30999755859375,76.31999969482422,4353.0
2024-09-05 11:37:00+00:00,EQIX,821.9199829101562,821.9199829101562,821.9199829101562,821.9199829101562,821.9199829101562,253.0
2024-09-05 11:37:00+00:00,GLPI,51.362998962402344,51.362998962402344,51.40999984741211,51.362998962402344,51.40999984741211,3076.0
2024-09-05 11:37:00+00:00,GOOD,15.170000076293945,15.170000076293945,15.199999809265137,15.170000076293945,15.199999809265137,5528.0
2024-09-05 11:37:00+00:00,HST,16.709999084472656,16.709999084472656,16.725000381469727,16.709999084472656,16.725000381469727,4706.0
2024-09-05 11:37:00+00:00,LAND,13.510000228881836,13.510000228881836,13.510000228881836,13.510000228881836,13.510000228881836,116.0
2024-09-05 11:37:00+00:00,MDRR,12.550000190734863,12.550000190734863,12.550000190734863,12.550000190734863,12.550000190734863,0.0
2024-09-05 11:37:00+00:00,NMRK,14.135000228881836,14.135000228881836,14.140000343322754,14.135000228881836,14.140000343322754,1408.0
2024-09-05 11:37:00+00:00,NYMT,6.335000038146973,6.335000038146973,6.335000038146973,6.335000038146973,6.335000038146973,241.0
2024-09-05 11:37:00+00:00,OPEN,1.9501999616622925,1.9501999616622925,1.9565000534057617,1.9500000476837158,1.9550000429153442,134693.0
2024-09-05 11:37:00+00:00,PCH,42.81999969482422,42.81999969482422,42.834999084472656,42.81999969482422,42.834999084472656,666.0
2024-09-05 11:37:00+00:00,PECO,37.099998474121094,37.099998474121094,37.099998474121094,37.099998474121094,37.099998474121094,754.0
2024-09-05 11:37:00+00:00,RDFN,9.53499984741211,9.53499984741211,9.539899826049805,9.520000457763672,9.539899826049805,6761.0
2024-09-05 11:37:00+00:00,REAX,5.710000038146973,5.710000038146973,5.739999771118164,5.699999809265137,5.739999771118164,8457.0
2024-09-05 11:37:00+00:00,REG,73.11000061035156,73.11000061035156,73.2249984741211,73.11000061035156,73.2249984741211,2284.0
2024-09-05 11:37:00+00:00,ROIC,15.199999809265137,15.199999809265137,15.204999923706055,15.199999809265137,15.204999923706055,2795.0
2024-09-05 11:37:00+00:00,SBAC,234.80999755859375,234.80999755859375,234.80999755859375,234.80999755859375,234.80999755859375,1117.0
2024-09-05 11:37:00+00:00,SBRA,17.40999984741211,17.40999984741211,17.415000915527344,17.40999984741211,17.415000915527344,817.0
2024-09-05 11:37:00+00:00,SVC,4.510000228881836,4.510000228881836,4.519899845123291,4.510000228881836,4.519899845123291,375.0
2024-09-05 11:37:00+00:00,UNIT,5.199999809265137,5.199999809265137,5.199999809265137,5.195000171661377,5.199999809265137,1420.0
2024-09-05 11:37:00+00:00,WHLR,2.244999885559082,2.244999885559082,2.259999990463257,2.180000066757202,2.194999933242798,57850.0
2024-09-05 11:38:00+00:00,AFCG,10.324999809265137,10.324999809265137,10.329999923706055,10.324999809265137,10.329999923706055,995.0
2024-09-05 11:38:00+00:00,AGNC,10.219900131225586,10.219900131225586,10.220000267028809,10.210000038146973,10.21500015258789,41840.0
2024-09-05 11:38:00+00:00,EQIX,821.8499755859375,821.8499755859375,821.8499755859375,821.8499755859375,821.8499755859375,622.0
2024-09-05 11:38:00+00:00,EXPI,11.569999694824219,11.569999694824219,11.569999694824219,11.569999694824219,11.569999694824219,108.0
2024-09-05 11:38:00+00:00,GLPI,51.36000061035156,51.36000061035156,51.375,51.36000061035156,51.369998931884766,3548.0
2024-09-05 11:38:00+00:00,HST,16.709999084472656,16.709999084472656,16.709999084472656,16.704999923706055,16.709999084472656,3854.0
2024-09-05 11:38:00+00:00,ILPT,4.965000152587891,4.965000152587891,4.965000152587891,4.965000152587891,4.965000152587891,297.0
2024-09-05 11:38:00+00:00,MDRR,12.380000114440918,12.380000114440918,12.559900283813477,12.371999740600586,12.371999740600586,2100.0
2024-09-05 11:38:00+00:00,NMRK,14.154999732971191,14.154999732971191,14.154999732971191,14.130000114440918,14.130000114440918,10958.0
2024-09-05 11:38:00+00:00,NYMT,6.339900016784668,6.339900016784668,6.339900016784668,6.335000038146973,6.335000038146973,1153.0
2024-09-05 11:38:00+00:00,OPEN,1.9550000429153442,1.9550000429153442,1.9600000381469727,1.9500000476837158,1.9599000215530396,15734.0
2024-09-05 11:38:00+00:00,RDFN,9.542499542236328,9.542499542236328,9.545000076293945,9.520000457763672,9.53499984741211,3579.0
2024-09-05 11:38:00+00:00,REG,73.16000366210938,73.16000366210938,73.16000366210938,73.11000061035156,73.13999938964844,1688.0
2024-09-05 11:38:00+00:00,ROIC,15.199999809265137,15.199999809265137,15.199999809265137,15.199999809265137,15.199999809265137,719.0
2024-09-05 11:38:00+00:00,SBRA,17.395000457763672,17.395000457763672,17.405000686645508,17.395000457763672,17.405000686645508,807.0
2024-09-05 11:38:00+00:00,SVC,4.519899845123291,4.519899845123291,4.519899845123291,4.519899845123291,4.519899845123291,1102.0
2024-09-05 11:38:00+00:00,UNIT,5.195000171661377,5.195000171661377,5.199999809265137,5.195000171661377,5.195000171661377,4286.0
2024-09-05 11:38:00+00:00,WHLR,2.299999952316284,2.299999952316284,2.299999952316284,2.2320001125335693,2.2320001125335693,66690.0
2024-09-05 11:39:00+00:00,AFCG,10.3100004196167,10.3100004196167,10.3100004196167,10.3100004196167,10.3100004196167,336.0
2024-09-05 11:39:00+00:00,AGNC,10.220000267028809,10.220000267028809,10.220000267028809,10.220000267028809,10.220000267028809,5117.0
2024-09-05 11:39:00+00:00,DHC,3.2850000858306885,3.2850000858306885,3.2850000858306885,3.2850000858306885,3.2850000858306885,84.0
2024-09-05 11:39:00+00:00,EXPI,11.5600004196167,11.5600004196167,11.5600004196167,11.5600004196167,11.5600004196167,2124.0
2024-09-05 11:39:00+00:00,HST,16.700000762939453,16.700000762939453,16.700000762939453,16.700000762939453,16.700000762939453,3212.0
2024-09-05 11:39:00+00:00,HTIBP,15.579999923706055,15.579999923706055,15.579999923706055,15.579999923706055,15.579999923706055,107.0
2024-09-05 11:39:00+00:00,LAND,13.510000228881836,13.510000228881836,13.510000228881836,13.510000228881836,13.510000228881836,142.0
2024-09-05 11:39:00+00:00,LSEA,11.489999771118164,11.489999771118164,11.489999771118164,11.489999771118164,11.489999771118164,338.0
2024-09-05 11:39:00+00:00,NYMT,6.329999923706055,6.329999923706055,6.329999923706055,6.329999923706055,6.329999923706055,593.0
2024-09-05 11:39:00+00:00,NYMTN,22.479999542236328,22.479999542236328,22.479999542236328,22.479999542236328,22.479999542236328,0.0
2024-09-05 11:39:00+00:00,RDFN,9.524999618530273,9.524999618530273,9.524999618530273,9.524999618530273,9.524999618530273,6664.0
2024-09-05 11:39:00+00:00,REG,73.15499877929688,73.15499877929688,73.15499877929688,73.15499877929688,73.15499877929688,255.0
2024-09-05 11:39:00+00:00,SBAC,234.76499938964844,234.76499938964844,234.76499938964844,234.76499938964844,234.76499938964844,941.0
2024-09-05 11:39:00+00:00,SVC,4.514999866485596,4.514999866485596,4.514999866485596,4.514999866485596,4.514999866485596,408.0
2024-09-05 11:39:00+00:00,UNIT,5.195000171661377,5.195000171661377,5.195000171661377,5.195000171661377,5.195000171661377,4135.0
2024-09-05 11:39:00+00:00,WHLR,2.2799999713897705,2.2799999713897705,2.2799999713897705,2.2799999713897705,2.2799999713897705,17181.0
2024-09-05 11:40:00+00:00,AGNC,10.229999542236328,10.229999542236328,10.229999542236328,10.21500015258789,10.219900131225586,41632.0
2024-09-05 11:40:00+00:00,DHC,3.2899999618530273,3.2899999618530273,3.2899999618530273,3.2899999618530273,3.2899999618530273,259.0
2024-09-05 11:40:00+00:00,EQIX,822.1199951171875,822.1199951171875,822.1199951171875,821.8699951171875,821.8699951171875,1356.0
2024-09-05 11:40:00+00:00,FSV,178.50999450683594,178.50999450683594,178.50999450683594,178.50999450683594,178.50999450683594,526.0
2024-09-05 11:40:00+00:00,HST,16.704999923706055,16.704999923706055,16.704999923706055,16.704999923706055,16.704999923706055,369.0
2024-09-05 11:40:00+00:00,ILPT,4.960000038146973,4.960000038146973,4.960000038146973,4.960000038146973,4.960000038146973,884.0
2024-09-05 11:40:00+00:00,LAND,13.51099967956543,13.51099967956543,13.51099967956543,13.510000228881836,13.510000228881836,223.0
2024-09-05 11:40:00+00:00,MDRR,12.555000305175781,12.555000305175781,12.60420036315918,12.5,12.5,2028.0
2024-09-05 11:40:00+00:00,NMRK,14.170000076293945,14.170000076293945,14.175000190734863,14.154999732971191,14.15999984741211,18586.0
2024-09-05 11:40:00+00:00,OPEN,1.9600000381469727,1.9600000381469727,1.9600000381469727,1.9528000354766846,1.9550000429153442,75355.0
2024-09-05 11:40:00+00:00,OPI,2.1298999786376953,2.1298999786376953,2.1298999786376953,2.1298999786376953,2.1298999786376953,243.0
2024-09-05 11:40:00+00:00,PECO,37.11000061035156,37.11000061035156,37.11000061035156,37.11000061035156,37.11000061035156,533.0
2024-09-05 11:40:00+00:00,RDFN,9.529999732971191,9.529999732971191,9.536100387573242,9.527199745178223,9.527199745178223,4000.0
2024-09-05 11:40:00+00:00,REAX,5.724999904632568,5.724999904632568,5.724999904632568,5.724999904632568,5.724999904632568,950.0
2024-09-05 11:40:00+00:00,REG,73.13999938964844,73.13999938964844,73.13999938964844,73.13999938964844,73.13999938964844,648.0
2024-09-05 11:40:00+00:00,ROIC,15.1899995803833,15.1899995803833,15.1899995803833,15.1899995803833,15.1899995803833,993.0
2024-09-05 11:40:00+00:00,SBAC,234.8300018310547,234.8300018310547,234.8300018310547,234.8300018310547,234.8300018310547,175.0
2024-09-05 11:40:00+00:00,SBRA,17.375,17.375,17.385000228881836,17.3700008392334,17.375,9268.0
2024-09-05 11:40:00+00:00,UNIT,5.195000171661377,5.195000171661377,5.195000171661377,5.190000057220459,5.190000057220459,22326.0
2024-09-05 11:40:00+00:00,WHLR,2.4000000953674316,2.4000000953674316,2.4000000953674316,2.2750000953674316,2.2750000953674316,131934.0
2024-09-05 11:41:00+00:00,AFCG,10.3149995803833,10.3149995803833,10.3149995803833,10.3100004196167,10.3100004196167,318.0
2024-09-05 11:41:00+00:00,AGNC,10.225000381469727,10.225000381469727,10.229999542236328,10.225000381469727,10.225000381469727,6873.0
2024-09-05 11:41:00+00:00,EQIX,822.6199951171875,822.6199951171875,822.6199951171875,822.2899780273438,822.2899780273438,1937.0
2024-09-05 11:41:00+00:00,EXPI,11.555000305175781,11.555000305175781,11.555000305175781,11.550000190734863,11.550000190734863,621.0
2024-09-05 11:41:00+00:00,GLPI,51.343101501464844,51.343101501464844,51.345001220703125,51.33000183105469,51.33000183105469,1747.0
2024-09-05 11:41:00+00:00,HST,16.704999923706055,16.704999923706055,16.704999923706055,16.69499969482422,16.700000762939453,19262.0
2024-09-05 11:41:00+00:00,LAMR,124.5199966430664,124.5199966430664,124.5199966430664,124.5199966430664,124.5199966430664,282.0
2024-09-05 11:41:00+00:00,NMRK,14.164999961853027,14.164999961853027,14.170000076293945,14.15999984741211,14.170000076293945,1685.0
2024-09-05 11:41:00+00:00,NYMT,6.335000038146973,6.335000038146973,6.335000038146973,6.335000038146973,6.335000038146973,118.0
2024-09-05 11:41:00+00:00,OPEN,1.9550000429153442,1.9550000429153442,1.9600000381469727,1.9500000476837158,1.9599000215530396,5146.0
2024-09-05 11:41:00+00:00,RDFN,9.53499984741211,9.53499984741211,9.539999961853027,9.524999618530273,9.529999732971191,13186.0
2024-09-05 11:41:00+00:00,REAX,5.71999979019165,5.71999979019165,5.71999979019165,5.71999979019165,5.71999979019165,485.0
2024-09-05 11:41:00+00:00,REG,73.16999816894531,73.16999816894531,73.16999816894531,73.16999816894531,73.16999816894531,771.0
2024-09-05 11:41:00+00:00,SBAC,234.66000366210938,234.66000366210938,234.69500732421875,234.66000366210938,234.69500732421875,377.0
2024-09-05 11:41:00+00:00,SBRA,17.360000610351562,17.360000610351562,17.3700008392334,17.360000610351562,17.3700008392334,4846.0
2024-09-05 11:41:00+00:00,UNIT,5.195000171661377,5.195000171661377,5.215000152587891,5.190000057220459,5.199999809265137,66264.0
2024-09-05 11:41:00+00:00,WHLR,2.359999895095825,2.359999895095825,2.4600000381469727,2.359999895095825,2.390000104904175,93738.0
2024-09-05 11:42:00+00:00,AGNC,10.229999542236328,10.229999542236328,10.229999542236328,10.221500396728516,10.229999542236328,12917.0
2024-09-05 11:42:00+00:00,CIGI,140.6699981689453,140.6699981689453,140.6699981689453,140.6699981689453,140.6699981689453,131.0
2024-09-05 11:42:00+00:00,EXPI,11.600000381469727,11.600000381469727,11.600000381469727,11.550000190734863,11.550000190734863,1496.0
2024-09-05 11:42:00+00:00,GLPI,51.37200164794922,51.37200164794922,51.37200164794922,51.33000183105469,51.33000183105469,2692.0
2024-09-05 11:42:00+00:00,HST,16.69499969482422,16.69499969482422,16.704999923706055,16.69499969482422,16.704999923706055,6058.0
2024-09-05 11:42:00+00:00,ILPT,4.965000152587891,4.965000152587891,4.965000152587891,4.965000152587891,4.965000152587891,303.0
2024-09-05 11:42:00+00:00,LAND,13.520000457763672,13.520000457763672,13.520000457763672,13.520000457763672,13.520000457763672,126.0
2024-09-05 11:42:00+00:00,MDRR,12.630000114440918,12.630000114440918,12.630000114440918,12.630000114440918,12.630000114440918,512.0
2024-09-05 11:42:00+00:00,NMRK,14.164999961853027,14.164999961853027,14.170000076293945,14.15999984741211,14.164999961853027,1942.0
2024-09-05 11:42:00+00:00,OPEN,1.9550000429153442,1.9550000429153442,1.9600000381469727,1.9500000476837158,1.9550000429153442,50219.0
2024-09-05 11:42:00+00:00,PECO,37.08000183105469,37.08000183105469,37.08000183105469,37.08000183105469,37.08000183105469,1081.0
2024-09-05 11:42:00+00:00,RDFN,9.545000076293945,9.545000076293945,9.549799919128418,9.53499984741211,9.535300254821777,4251.0
2024-09-05 11:42:00+00:00,REG,73.16000366210938,73.16000366210938,73.16000366210938,73.16000366210938,73.16000366210938,243.0
2024-09-05 11:42:00+00:00,SBAC,234.94000244140625,234.94000244140625,234.94000244140625,234.91000366210938,234.91000366210938,572.0
2024-09-05 11:42:00+00:00,SBRA,17.350000381469727,17.350000381469727,17.364999771118164,17.350000381469727,17.364999771118164,2869.0
2024-09-05 11:42:00+00:00,SVC,4.510000228881836,4.510000228881836,4.514999866485596,4.510000228881836,4.514999866485596,23387.0
2024-09-05 11:42:00+00:00,UNIT,5.184999942779541,5.184999942779541,5.195000171661377,5.175000190734863,5.195000171661377,35879.0
2024-09-05 11:42:00+00:00,WHLR,2.3299999237060547,2.3299999237060547,2.3645999431610107,2.309999942779541,2.3645999431610107,14707.0
2024-09-05 11:43:00+00:00,AGNC,10.225000381469727,10.225000381469727,10.229999542236328,10.225000381469727,10.229999542236328,3476.0
2024-09-05 11:43:00+00:00,DHC,3.2850000858306885,3.2850000858306885,3.2850000858306885,3.2850000858306885,3.2850000858306885,793.0
2024-09-05 11:43:00+00:00,GLPI,51.369998931884766,51.369998931884766,51.369998931884766,51.369998931884766,51.369998931884766,546.0
2024-09-05 11:43:00+00:00,HST,16.684999465942383,16.684999465942383,16.69499969482422,16.684999465942383,16.69499969482422,11177.0
2024-09-05 11:43:00+00:00,ILPT,4.960000038146973,4.960000038146973,4.960000038146973,4.960000038146973,4.960000038146973,482.0
2024-09-05 11:43:00+00:00,LAMR,124.33999633789062,124.33999633789062,124.44999694824219,124.33999633789062,124.44999694824219,1112.0
2024-09-05 11:43:00+00:00,MDRR,12.420000076293945,12.420000076293945,12.420000076293945,12.420000076293945,12.420000076293945,0.0
2024-09-05 11:43:00+00:00,NMRK,14.15999984741211,14.15999984741211,14.15999984741211,14.140000343322754,14.15999984741211,2923.0
2024-09-05 11:43:00+00:00,NYMT,6.329999923706055,6.329999923706055,6.335000038146973,6.329999923706055,6.335000038146973,1068.0
2024-09-05 11:43:00+00:00,OPEN,1.9598000049591064,1.9598000049591064,1.9600000381469727,1.9550000429153442,1.9550000429153442,5158.0
2024-09-05 11:43:00+00:00,OPI,2.125,2.125,2.125,2.125,2.125,1001.0
2024-09-05 11:43:00+00:00,RDFN,9.539999961853027,9.539999961853027,9.555000305175781,9.53499984741211,9.550000190734863,18146.0
2024-09-05 11:43:00+00:00,REAX,5.720099925994873,5.720099925994873,5.724999904632568,5.71999979019165,5.724999904632568,2313.0
2024-09-05 11:43:00+00:00,REFI,15.779999732971191,15.779999732971191,15.779999732971191,15.779999732971191,15.779999732971191,109.0
2024-09-05 11:43:00+00:00,REG,73.06500244140625,73.06500244140625,73.12000274658203,73.06500244140625,73.12000274658203,558.0
2024-09-05 11:43:00+00:00,ROIC,15.1850004196167,15.1850004196167,15.1899995803833,15.1850004196167,15.1899995803833,1128.0
2024-09-05 11:43:00+00:00,SBAC,234.81500244140625,234.81500244140625,234.94000244140625,234.81500244140625,234.94000244140625,349.0
2024-09-05 11:43:00+00:00,SBRA,17.354999542236328,17.354999542236328,17.360000610351562,17.344999313354492,17.350000381469727,4668.0
2024-09-05 11:43:00+00:00,SVC,4.510000228881836,4.510000228881836,4.514999866485596,4.510000228881836,4.510000228881836,529.0
2024-09-05 11:43:00+00:00,UNIT,5.184999942779541,5.184999942779541,5.184999942779541,5.175000190734863,5.184999942779541,20448.0
2024-09-05 11:43:00+00:00,WHLR,2.430000066757202,2.430000066757202,2.440000057220459,2.333400011062622,2.349400043487549,78691.0
2024-09-05 11:44:00+00:00,AFCG,10.3149995803833,10.3149995803833,10.3149995803833,10.3149995803833,10.3149995803833,154.0
2024-09-05 11:44:00+00:00,AGNC,10.225000381469727,10.225000381469727,10.229999542236328,10.220000267028809,10.225000381469727,25355.0
2024-09-05 11:44:00+00:00,CSGP,76.26000213623047,76.26000213623047,76.26000213623047,76.26000213623047,76.26000213623047,156.0
2024-09-05 11:44:00+00:00,DHC,3.2750000953674316,3.2750000953674316,3.2750000953674316,3.2750000953674316,3.2750000953674316,317.0
2024-09-05 11:44:00+00:00,EXPI,11.59000015258789,11.59000015258789,11.59000015258789,11.59000015258789,11.59000015258789,971.0
2024-09-05 11:44:00+00:00,GLPI,51.36000061035156,51.36000061035156,51.36000061035156,51.349998474121094,51.36000061035156,1059.0
2024-09-05 11:44:00+00:00,GOOD,15.15999984741211,15.15999984741211,15.15999984741211,15.15999984741211,15.15999984741211,308.0
2024-09-05 11:44:00+00:00,HST,16.670000076293945,16.670000076293945,16.68000030517578,16.670000076293945,16.68000030517578,8417.0
2024-09-05 11:44:00+00:00,LAND,13.510000228881836,13.510000228881836,13.510000228881836,13.510000228881836,13.510000228881836,234.0
2024-09-05 11:44:00+00:00,NMRK,14.15999984741211,14.15999984741211,14.15999984741211,14.145000457763672,14.149999618530273,2347.0
2024-09-05 11:44:00+00:00,NYMTM,23.950000762939453,23.950000762939453,23.969999313354492,23.950000762939453,23.969999313354492,1349.0
2024-09-05 11:44:00+00:00,OPEN,1.9600000381469727,1.9600000381469727,1.9600000381469727,1.9500000476837158,1.9600000381469727,68718.0
2024-09-05 11:44:00+00:00,OPI,2.130000114440918,2.130000114440918,2.130000114440918,2.125,2.125,10987.0
2024-09-05 11:44:00+00:00,RDFN,9.53499984741211,9.53499984741211,9.550000190734863,9.520000457763672,9.539999961853027,20832.0
2024-09-05 11:44:00+00:00,REG,73.02999877929688,73.02999877929688,73.02999877929688,73.02999877929688,73.02999877929688,939.0
2024-09-05 11:44:00+00:00,ROIC,15.1850004196167,15.1850004196167,15.1850004196167,15.1850004196167,15.1850004196167,335.0
2024-09-05 11:44:00+00:00,SBAC,234.99000549316406,234.99000549316406,234.99000549316406,234.94000244140625,234.94000244140625,2576.0
2024-09-05 11:44:00+00:00,SBRA,17.354999542236328,17.354999542236328,17.354999542236328,17.354999542236328,17.354999542236328,613.0
2024-09-05 11:44:00+00:00,SVC,4.514999866485596,4.514999866485596,4.514999866485596,4.510000228881836,4.514999866485596,1575.0
2024-09-05 11:44:00+00:00,UNIT,5.1875,5.1875,5.1875,5.184999942779541,5.184999942779541,2219.0
2024-09-05 11:44:00+00:00,WHLR,2.400099992752075,2.400099992752075,2.4600000381469727,2.4000000953674316,2.430000066757202,120406.0
2024-09-05 11:45:00+00:00,AGNC,10.225000381469727,10.225000381469727,10.229999542236328,10.220000267028809,10.225000381469727,18828.0
2024-09-05 11:45:00+00:00,CSGP,76.29000091552734,76.29000091552734,76.30000305175781,76.29000091552734,76.30000305175781,956.0
2024-09-05 11:45:00+00:00,EQIX,822.3400268554688,822.3400268554688,822.3400268554688,822.3400268554688,822.3400268554688,1718.0
2024-09-05 11:45:00+00:00,EXPI,11.585000038146973,11.585000038146973,11.585000038146973,11.585000038146973,11.585000038146973,187.0
2024-09-05 11:45:00+00:00,GLPI,51.36000061035156,51.36000061035156,51.36000061035156,51.36000061035156,51.36000061035156,1185.0
2024-09-05 11:45:00+00:00,HST,16.670000076293945,16.670000076293945,16.674999237060547,16.670000076293945,16.674999237060547,1684.0
2024-09-05 11:45:00+00:00,NMRK,14.170000076293945,14.170000076293945,14.170000076293945,14.15999984741211,14.15999984741211,1937.0
2024-09-05 11:45:00+00:00,NYMT,6.335000038146973,6.335000038146973,6.335000038146973,6.329999923706055,6.329999923706055,1103.0
2024-09-05 11:45:00+00:00,OPEN,1.9550000429153442,1.9550000429153442,1.9600000381469727,1.9550000429153442,1.9550000429153442,14409.0
2024-09-05 11:45:00+00:00,RDFN,9.550000190734863,9.550000190734863,9.559900283813477,9.539999961853027,9.539999961853027,4910.0
2024-09-05 11:45:00+00:00,SBAC,235.0,235.0,235.0,235.0,235.0,531.0
2024-09-05 11:45:00+00:00,SBRA,17.360000610351562,17.360000610351562,17.360000610351562,17.354999542236328,17.354999542236328,2227.0
2024-09-05 11:45:00+00:00,UNIT,5.184999942779541,5.184999942779541,5.184999942779541,5.184999942779541,5.184999942779541,3684.0
2024-09-05 11:45:00+00:00,WHLR,2.4298999309539795,2.4298999309539795,2.430000066757202,2.390000104904175,2.4149999618530273,51796.0
2024-09-05 11:46:00+00:00,AFCG,10.329999923706055,10.329999923706055,10.329999923706055,10.319999694824219,10.319999694824219,248.0
2024-09-05 11:46:00+00:00,AGNC,10.225000381469727,10.225000381469727,10.229999542236328,10.224699974060059,10.225000381469727,8454.0
2024-09-05 11:46:00+00:00,CSGP,76.25,76.25,76.25,76.25,76.25,193.0
2024-09-05 11:46:00+00:00,DHC,3.2750000953674316,3.2750000953674316,3.2750000953674316,3.2750000953674316,3.2750000953674316,438.0
2024-09-05 11:46:00+00:00,EXPI,11.579999923706055,11.579999923706055,11.579999923706055,11.579999923706055,11.579999923706055,200.0
2024-09-05 11:46:00+00:00,GLPI,51.36980056762695,51.36980056762695,51.369998931884766,51.36980056762695,51.369998931884766,1498.0
2024-09-05 11:46:00+00:00,HST,16.684999465942383,16.684999465942383,16.684999465942383,16.674999237060547,16.674999237060547,11216.0
2024-09-05 11:46:00+00:00,LAMR,124.33000183105469,124.33000183105469,124.33000183105469,124.32499694824219,124.32499694824219,895.0
2024-09-05 11:46:00+00:00,NMRK,14.164999961853027,14.164999961853027,14.180000305175781,14.164999961853027,14.164999961853027,5001.0
2024-09-05 11:46:00+00:00,OPEN,1.9600000381469727,1.9600000381469727,1.9600000381469727,1.9500000476837158,1.9550000429153442,76889.0
2024-09-05 11:46:00+00:00,PCH,42.76499938964844,42.76499938964844,42.76499938964844,42.76499938964844,42.76499938964844,459.0
2024-09-05 11:46:00+00:00,RDFN,9.5600004196167,9.5600004196167,9.579899787902832,9.559900283813477,9.559900283813477,4978.0
2024-09-05 11:46:00+00:00,REAX,5.710000038146973,5.710000038146973,5.710000038146973,5.710000038146973,5.710000038146973,1081.0
2024-09-05 11:46:00+00:00,REG,73.0999984741211,73.0999984741211,73.0999984741211,73.0999984741211,73.0999984741211,629.0
2024-09-05 11:46:00+00:00,ROIC,15.194999694824219,15.194999694824219,15.199999809265137,15.1899995803833,15.1899995803833,1560.0
2024-09-05 11:46:00+00:00,SBAC,235.02999877929688,235.02999877929688,235.02999877929688,235.02999877929688,235.02999877929688,278.0
2024-09-05 11:46:00+00:00,SBRA,17.364999771118164,17.364999771118164,17.364999771118164,17.364999771118164,17.364999771118164,502.0
2024-09-05 11:46:00+00:00,SQFT,0.6620000004768372,0.6620000004768372,0.6620000004768372,0.6620000004768372,0.6620000004768372,1617.0
2024-09-05 11:46:00+00:00,UNIT,5.184999942779541,5.184999942779541,5.184999942779541,5.184999942779541,5.184999942779541,3498.0
2024-09-05 11:46:00+00:00,WHLR,2.509999990463257,2.509999990463257,2.5299999713897705,2.430000066757202,2.430000066757202,183856.0
2024-09-05 11:47:00+00:00,AGNC,10.225000381469727,10.225000381469727,10.225000381469727,10.220000267028809,10.225000381469727,29063.0
2024-09-05 11:47:00+00:00,CIGI,140.7100067138672,140.7100067138672,140.7100067138672,140.7100067138672,140.7100067138672,116.0
2024-09-05 11:47:00+00:00,CSGP,76.2699966430664,76.2699966430664,76.2699966430664,76.2699966430664,76.2699966430664,294.0
2024-09-05 11:47:00+00:00,EXPI,11.604900360107422,11.604900360107422,11.604900360107422,11.579999923706055,11.585000038146973,1657.0
2024-09-05 11:47:00+00:00,GLPI,51.369998931884766,51.369998931884766,51.369998931884766,51.369998931884766,51.369998931884766,1512.0
2024-09-05 11:47:00+00:00,GOOD,15.15999984741211,15.15999984741211,15.15999984741211,15.15999984741211,15.15999984741211,274.0
2024-09-05 11:47:00+00:00,HST,16.684999465942383,16.684999465942383,16.684999465942383,16.68000030517578,16.684999465942383,5423.0
2024-09-05 11:47:00+00:00,ILPT,4.929999828338623,4.929999828338623,4.949999809265137,4.929999828338623,4.949999809265137,1186.0
2024-09-05 11:47:00+00:00,LAMR,124.4000015258789,124.4000015258789,124.4000015258789,124.4000015258789,124.4000015258789,318.0
2024-09-05 11:47:00+00:00,NMRK,14.170000076293945,14.170000076293945,14.170000076293945,14.15999984741211,14.170000076293945,2309.0
2024-09-05 11:47:00+00:00,NYMT,6.329999923706055,6.329999923706055,6.329999923706055,6.329999923706055,6.329999923706055,719.0
2024-09-05 11:47:00+00:00,OPEN,1.9599000215530396,1.9599000215530396,1.9599000215530396,1.9550000429153442,1.9550000429153442,2976.0
2024-09-05 11:47:00+00:00,PECO,37.060001373291016,37.060001373291016,37.060001373291016,37.060001373291016,37.060001373291016,385.0
2024-09-05 11:47:00+00:00,RDFN,9.5649995803833,9.5649995803833,9.579999923706055,9.5600004196167,9.56719970703125,14470.0
2024-09-05 11:47:00+00:00,REAX,5.710000038146973,5.710000038146973,5.710000038146973,5.710000038146973,5.710000038146973,798.0
2024-09-05 11:47:00+00:00,REFI,15.779899597167969,15.779899597167969,15.779899597167969,15.779899597167969,15.779899597167969,119.0
2024-09-05 11:47:00+00:00,RMR,24.670000076293945,24.670000076293945,24.670000076293945,24.670000076293945,24.670000076293945,281.0
2024-09-05 11:47:00+00:00,SBRA,17.364999771118164,17.364999771118164,17.364999771118164,17.364999771118164,17.364999771118164,163.0
2024-09-05 11:47:00+00:00,UNIT,5.195000171661377,5.195000171661377,5.195000171661377,5.180500030517578,5.184999942779541,18956.0
2024-09-05 11:47:00+00:00,WHLR,2.4203999042510986,2.4203999042510986,2.5,2.4000000953674316,2.5,124088.0
2024-09-05 11:48:00+00:00,AGNC,10.220000267028809,10.220000267028809,10.229999542236328,10.220000267028809,10.220100402832031,29318.0
2024-09-05 11:48:00+00:00,AGNCN,25.760299682617188,25.760299682617188,25.760299682617188,25.760299682617188,25.760299682617188,1247.0
2024-09-05 11:48:00+00:00,AGNCP,24.25469970703125,24.25469970703125,24.25469970703125,24.239999771118164,24.239999771118164,545.0
2024-09-05 11:48:00+00:00,ASPS,1.0799000263214111,1.0799000263214111,1.0799000263214111,1.0699000358581543,1.0700000524520874,5200.0
2024-09-05 11:48:00+00:00,CSGP,76.19999694824219,76.19999694824219,76.19999694824219,76.19999694824219,76.19999694824219,2542.0
2024-09-05 11:48:00+00:00,EQIX,820.8300170898438,820.8300170898438,822.0,820.8300170898438,821.4199829101562,1917.0
2024-09-05 11:48:00+00:00,EXPI,11.609999656677246,11.609999656677246,11.609999656677246,11.609999656677246,11.609999656677246,215.0
2024-09-05 11:48:00+00:00,GLPI,51.37969970703125,51.37969970703125,51.37969970703125,51.3650016784668,51.369998931884766,1343.0
2024-09-05 11:48:00+00:00,HST,16.68000030517578,16.68000030517578,16.68000030517578,16.68000030517578,16.68000030517578,2146.0
2024-09-05 11:48:00+00:00,LAND,13.5,13.5,13.5,13.5,13.5,199.0
2024-09-05 11:48:00+00:00,NMRK,14.140000343322754,14.140000343322754,14.164999961853027,14.140000343322754,14.164999961853027,2732.0
2024-09-05 11:48:00+00:00,NYMT,6.329999923706055,6.329999923706055,6.329999923706055,6.329999923706055,6.329999923706055,382.0
2024-09-05 11:48:00+00:00,OPEN,1.9550000429153442,1.9550000429153442,1.9600000381469727,1.9500000476837158,1.951300024986267,61824.0
2024-09-05 11:48:00+00:00,RDFN,9.5649995803833,9.5649995803833,9.574999809265137,9.5649995803833,9.5649995803833,8811.0
2024-09-05 11:48:00+00:00,REAX,5.699999809265137,5.699999809265137,5.710000038146973,5.699999809265137,5.710000038146973,2794.0
2024-09-05 11:48:00+00:00,REG,73.06999969482422,73.06999969482422,73.06999969482422,73.06999969482422,73.06999969482422,341.0
2024-09-05 11:48:00+00:00,ROIC,15.199999809265137,15.199999809265137,15.199999809265137,15.199999809265137,15.199999809265137,602.0
2024-09-05 11:48:00+00:00,SBAC,235.0399932861328,235.0399932861328,235.0500030517578,235.0399932861328,235.0500030517578,490.0
2024-09-05 11:48:00+00:00,SVC,4.515699863433838,4.515699863433838,4.515699863433838,4.515699863433838,4.515699863433838,520.0
2024-09-05 11:48:00+00:00,UNIT,5.184999942779541,5.184999942779541,5.195000171661377,5.184999942779541,5.195000171661377,16595.0
2024-09-05 11:48:00+00:00,WHLR,2.4000000953674316,2.4000000953674316,2.440000057220459,2.3299999237060547,2.430000066757202,121215.0
2024-09-05 11:49:00+00:00,AFCG,10.3149995803833,10.3149995803833,10.3149995803833,10.3149995803833,10.3149995803833,208.0
2024-09-05 11:49:00+00:00,AGNC,10.220000267028809,10.220000267028809,10.225000381469727,10.220000267028809,10.220000267028809,24379.0
2024-09-05 11:49:00+00:00,AGNCO,24.980100631713867,24.980100631713867,24.980100631713867,24.980100631713867,24.980100631713867,436.0
2024-09-05 11:49:00+00:00,DHC,3.2750000953674316,3.2750000953674316,3.2750000953674316,3.2750000953674316,3.2750000953674316,428.0
2024-09-05 11:49:00+00:00,EQIX,820.6649780273438,820.6649780273438,820.739990234375,820.6649780273438,820.739990234375,432.0
2024-09-05 11:49:00+00:00,EXPI,11.59000015258789,11.59000015258789,11.600000381469727,11.59000015258789,11.600000381469727,1396.0
2024-09-05 11:49:00+00:00,GLPI,51.380001068115234,51.380001068115234,51.380001068115234,51.369998931884766,51.369998931884766,1189.0
2024-09-05 11:49:00+00:00,GOOD,15.164999961853027,15.164999961853027,15.164999961853027,15.164999961853027,15.164999961853027,518.0
2024-09-05 11:49:00+00:00,HST,16.684999465942383,16.684999465942383,16.684999465942383,16.674999237060547,16.674999237060547,10437.0
2024-09-05 11:49:00+00:00,NMRK,14.145000457763672,14.145000457763672,14.145000457763672,14.140000343322754,14.140000343322754,452.0
2024-09-05 11:49:00+00:00,NYMT,6.329999923706055,6.329999923706055,6.335000038146973,6.329999923706055,6.329999923706055,1490.0
2024-09-05 11:49:00+00:00,OPEN,1.9535000324249268,1.9535000324249268,1.9550000429153442,1.9500000476837158,1.9550000429153442,33347.0
2024-09-05 11:49:00+00:00,RDFN,9.5649995803833,9.5649995803833,9.5649995803833,9.555000305175781,9.5600004196167,2910.0
2024-09-05 11:49:00+00:00,REAX,5.699999809265137,5.699999809265137,5.699999809265137,5.699999809265137,5.699999809265137,1618.0
2024-09-05 11:49:00+00:00,REG,73.07499694824219,73.07499694824219,73.07499694824219,73.07499694824219,73.07499694824219,496.0
2024-09-05 11:49:00+00:00,ROIC,15.194999694824219,15.194999694824219,15.194999694824219,15.194999694824219,15.194999694824219,251.0
2024-09-05 11:49:00+00:00,SBAC,234.97999572753906,234.97999572753906,234.97999572753906,234.97999572753906,234.97999572753906,240.0
2024-09-05 11:49:00+00:00,SBRA,17.364999771118164,17.364999771118164,17.3700008392334,17.364999771118164,17.364999771118164,2524.0
2024-09-05 11:49:00+00:00,SVC,4.51800012588501,4.51800012588501,4.51800012588501,4.514999866485596,4.514999866485596,2848.0
2024-09-05 11:49:00+00:00,UNIT,5.184999942779541,5.184999942779541,5.190000057220459,5.179999828338623,5.184999942779541,7760.0
2024-09-05 11:49:00+00:00,WHLR,2.5299999713897705,2.5299999713897705,2.549999952316284,2.4000000953674316,2.4017999172210693,103014.0
2024-09-05 11:50:00+00:00,AGNC,10.214400291442871,10.214400291442871,10.225000381469727,10.214400291442871,10.225000381469727,17247.0
2024-09-05 11:50:00+00:00,BPYPN,12.890000343322754,12.890000343322754,12.890000343322754,12.890000343322754,12.890000343322754,0.0
2024-09-05 11:50:00+00:00,CIGI,140.6199951171875,140.6199951171875,140.6199951171875,140.6199951171875,140.6199951171875,475.0
2024-09-05 11:50:00+00:00,DHC,3.2750000953674316,3.2750000953674316,3.2750000953674316,3.2750000953674316,3.2750000953674316,221.0
2024-09-05 11:50:00+00:00,EQIX,820.3250122070312,820.3250122070312,821.2750244140625,819.489990234375,821.2750244140625,3174.0
2024-09-05 11:50:00+00:00,EXPI,11.600000381469727,11.600000381469727,11.600000381469727,11.595000267028809,11.595000267028809,897.0
2024-09-05 11:50:00+00:00,FSV,178.39999389648438,178.39999389648438,178.39999389648438,178.39999389648438,178.39999389648438,865.0
2024-09-05 11:50:00+00:00,GLPI,51.380001068115234,51.380001068115234,51.39500045776367,51.380001068115234,51.39500045776367,1389.0
2024-09-05 11:50:00+00:00,HST,16.68000030517578,16.68000030517578,16.684999465942383,16.68000030517578,16.68000030517578,1351.0
2024-09-05 11:50:00+00:00,LAMR,124.30999755859375,124.30999755859375,124.30999755859375,124.30999755859375,124.30999755859375,561.0
2024-09-05 11:50:00+00:00,LAND,13.490400314331055,13.490400314331055,13.490400314331055,13.490400314331055,13.490400314331055,365.0
2024-09-05 11:50:00+00:00,LANDO,21.489999771118164,21.489999771118164,21.489999771118164,21.489999771118164,21.489999771118164,1031.0
2024-09-05 11:50:00+00:00,LSEA,11.479999542236328,11.479999542236328,11.479999542236328,11.479999542236328,11.479999542236328,348.0
2024-09-05 11:50:00+00:00,NMRK,14.135000228881836,14.135000228881836,14.140000343322754,14.135000228881836,14.140000343322754,1182.0
2024-09-05 11:50:00+00:00,OPEN,1.9550000429153442,1.9550000429153442,1.9550000429153442,1.9500000476837158,1.9550000429153442,7562.0
2024-09-05 11:50:00+00:00,PECO,37.060001373291016,37.060001373291016,37.08000183105469,37.060001373291016,37.08000183105469,645.0
2024-09-05 11:50:00+00:00,RDFN,9.560099601745605,9.560099601745605,9.579999923706055,9.560099601745605,9.56980037689209,3843.0
2024-09-05 11:50:00+00:00,REFI,15.770000457763672,15.770000457763672,15.770000457763672,15.770000457763672,15.770000457763672,1544.0
2024-09-05 11:50:00+00:00,REG,73.06999969482422,73.06999969482422,73.06999969482422,73.06999969482422,73.06999969482422,362.0
2024-09-05 11:50:00+00:00,ROIC,15.194999694824219,15.194999694824219,15.194999694824219,15.1899995803833,15.1899995803833,1144.0
2024-09-05 11:50:00+00:00,SBAC,234.96499633789062,234.96499633789062,234.96499633789062,234.96499633789062,234.96499633789062,346.0
2024-09-05 11:50:00+00:00,UNIT,5.199999809265137,5.199999809265137,5.199999809265137,5.179999828338623,5.179999828338623,21401.0
2024-09-05 11:50:00+00:00,WHLR,2.450000047683716,2.450000047683716,2.5499000549316406,2.4200000762939453,2.5302999019622803,89369.0
2024-09-05 11:51:00+00:00,AGNC,10.21500015258789,10.21500015258789,10.220000267028809,10.21500015258789,10.21500015258789,20071.0
2024-09-05 11:51:00+00:00,EXPI,11.613699913024902,11.613699913024902,11.613699913024902,11.613699913024902,11.613699913024902,134.0
2024-09-05 11:51:00+00:00,GLPI,51.40999984741211,51.40999984741211,51.40999984741211,51.38999938964844,51.38999938964844,2246.0
2024-09-05 11:51:00+00:00,GOOD,15.170000076293945,15.170000076293945,15.170000076293945,15.15999984741211,15.15999984741211,1791.0
2024-09-05 11:51:00+00:00,HST,16.700000762939453,16.700000762939453,16.700000762939453,16.684999465942383,16.684999465942383,15470.0
2024-09-05 11:51:00+00:00,ILPT,4.914999961853027,4.914999961853027,4.914999961853027,4.914999961853027,4.914999961853027,145.0
2024-09-05 11:51:00+00:00,LAMR,124.41000366210938,124.41000366210938,124.41000366210938,124.38999938964844,124.38999938964844,814.0
2024-09-05 11:51:00+00:00,LOAN,5.210299968719482,5.210299968719482,5.210299968719482,5.210299968719482,5.210299968719482,847.0
2024-09-05 11:51:00+00:00,NMRK,14.140000343322754,14.140000343322754,14.140000343322754,14.135000228881836,14.135000228881836,835.0
2024-09-05 11:51:00+00:00,OPEN,1.9599000215530396,1.9599000215530396,1.9600000381469727,1.9500000476837158,1.9570000171661377,56702.0
2024-09-05 11:51:00+00:00,RDFN,9.588000297546387,9.588000297546387,9.600000381469727,9.569999694824219,9.569999694824219,9024.0
2024-09-05 11:51:00+00:00,REAX,5.699999809265137,5.699999809265137,5.699999809265137,5.699999809265137,5.699999809265137,986.0
2024-09-05 11:51:00+00:00,ROIC,15.194999694824219,15.194999694824219,15.194999694824219,15.194999694824219,15.194999694824219,1005.0
2024-09-05 11:51:00+00:00,SBAC,235.05999755859375,235.05999755859375,235.05999755859375,235.05999755859375,235.05999755859375,1124.0
2024-09-05 11:51:00+00:00,SBRA,17.3799991607666,17.3799991607666,17.3799991607666,17.364999771118164,17.3700008392334,3672.0
2024-09-05 11:51:00+00:00,UNIT,5.25,5.25,5.255000114440918,5.190000057220459,5.195000171661377,101950.0
2024-09-05 11:51:00+00:00,WHLR,2.4800000190734863,2.4800000190734863,2.549999952316284,2.4200000762939453,2.4649999141693115,111451.0
2024-09-05 11:52:00+00:00,AFCG,10.3149995803833,10.3149995803833,10.3149995803833,10.3149995803833,10.3149995803833,165.0
2024-09-05 11:52:00+00:00,AGNC,10.225000381469727,10.225000381469727,10.226499557495117,10.210000038146973,10.220000267028809,103416.0
2024-09-05 11:52:00+00:00,DHC,3.2699999809265137,3.2699999809265137,3.2750000953674316,3.2699999809265137,3.2750000953674316,1293.0
2024-09-05 11:52:00+00:00,EXPI,11.614999771118164,11.614999771118164,11.614999771118164,11.614999771118164,11.614999771118164,338.0
2024-09-05 11:52:00+00:00,GLPI,51.380001068115234,51.380001068115234,51.380001068115234,51.380001068115234,51.380001068115234,672.0
2024-09-05 11:52:00+00:00,HST,16.69499969482422,16.69499969482422,16.69499969482422,16.69420051574707,16.69420051574707,2356.0
2024-09-05 11:52:00+00:00,LAMR,124.30699920654297,124.30699920654297,124.30699920654297,124.30699920654297,124.30699920654297,234.0
2024-09-05 11:52:00+00:00,NMRK,14.135000228881836,14.135000228881836,14.140000343322754,14.135000228881836,14.140000343322754,1764.0
2024-09-05 11:52:00+00:00,OPEN,1.9550000429153442,1.9550000429153442,1.9564000368118286,1.9500000476837158,1.9564000368118286,40585.0
2024-09-05 11:52:00+00:00,OPI,2.140000104904175,2.140000104904175,2.140000104904175,2.140000104904175,2.140000104904175,103.0
2024-09-05 11:52:00+00:00,PECO,37.02000045776367,37.02000045776367,37.060001373291016,37.0,37.060001373291016,6364.0
2024-09-05 11:52:00+00:00,RDFN,9.5649995803833,9.5649995803833,9.585000038146973,9.5600004196167,9.585000038146973,4152.0
2024-09-05 11:52:00+00:00,REFI,15.729999542236328,15.729999542236328,15.760000228881836,15.729999542236328,15.75,3531.0
2024-09-05 11:52:00+00:00,REG,73.02999877929688,73.02999877929688,73.04499816894531,73.02999877929688,73.04000091552734,1267.0
2024-09-05 11:52:00+00:00,ROIC,15.194999694824219,15.194999694824219,15.194999694824219,15.194999694824219,15.194999694824219,447.0
2024-09-05 11:52:00+00:00,SBAC,235.08999633789062,235.08999633789062,235.08999633789062,235.07000732421875,235.07000732421875,693.0
2024-09-05 11:52:00+00:00,SBRA,17.3700008392334,17.3700008392334,17.375,17.364999771118164,17.375,4318.0
2024-09-05 11:52:00+00:00,SVC,4.534999847412109,4.534999847412109,4.534999847412109,4.519999980926514,4.519999980926514,5124.0
2024-09-05 11:52:00+00:00,UNIT,5.25,5.25,5.25,5.239999771118164,5.239999771118164,11815.0
2024-09-05 11:52:00+00:00,WHLR,2.440000057220459,2.440000057220459,2.5,2.4200000762939453,2.5,85545.0
2024-09-05 11:53:00+00:00,AFCG,10.3100004196167,10.3100004196167,10.3100004196167,10.3100004196167,10.3100004196167,369.0
2024-09-05 11:53:00+00:00,AGNC,10.210000038146973,10.210000038146973,10.225000381469727,10.210000038146973,10.22249984741211,25663.0
2024-09-05 11:53:00+00:00,CMCT,1.940000057220459,1.940000057220459,1.940000057220459,1.899999976158142,1.910099983215332,4005.0
2024-09-05 11:53:00+00:00,CSGP,76.25,76.25,76.25,76.22000122070312,76.24500274658203,2586.0
2024-09-05 11:53:00+00:00,EQIX,820.3499755859375,820.3499755859375,820.3499755859375,820.3499755859375,820.3499755859375,787.0
2024-09-05 11:53:00+00:00,EXPI,11.609999656677246,11.609999656677246,11.618900299072266,11.609999656677246,11.618900299072266,952.0
2024-09-05 11:53:00+00:00,GLPI,51.375,51.375,51.375,51.375,51.375,439.0
2024-09-05 11:53:00+00:00,HST,16.69499969482422,16.69499969482422,16.69499969482422,16.69499969482422,16.69499969482422,111.0
2024-09-05 11:53:00+00:00,NMRK,14.109999656677246,14.109999656677246,14.119999885559082,14.109999656677246,14.119999885559082,759.0
2024-09-05 11:53:00+00:00,NYMT,6.329999923706055,6.329999923706055,6.329999923706055,6.329999923706055,6.329999923706055,413.0
2024-09-05 11:53:00+00:00,OPEN,1.940000057220459,1.940000057220459,1.9565000534057617,1.940000057220459,1.9500999450683594,81346.0
2024-09-05 11:53:00+00:00,OPI,2.134999990463257,2.134999990463257,2.134999990463257,2.134999990463257,2.134999990463257,1038.0
2024-09-05 11:53:00+00:00,PECO,37.040000915527344,37.040000915527344,37.040000915527344,37.040000915527344,37.040000915527344,121.0
2024-09-05 11:53:00+00:00,RDFN,9.539999961853027,9.539999961853027,9.5600004196167,9.529999732971191,9.5600004196167,8084.0
2024-09-05 11:53:00+00:00,REFI,15.75,15.75,15.75,15.75,15.75,1336.0
2024-09-05 11:53:00+00:00,REG,73.04499816894531,73.04499816894531,73.04499816894531,73.04499816894531,73.04499816894531,200.0
2024-09-05 11:53:00+00:00,RMR,24.639999389648438,24.639999389648438,24.639999389648438,24.639999389648438,24.639999389648438,360.0
2024-09-05 11:53:00+00:00,SBAC,235.11000061035156,235.11000061035156,235.11000061035156,235.02999877929688,235.02999877929688,1640.0
2024-09-05 11:53:00+00:00,SBRA,17.385000228881836,17.385000228881836,17.385000228881836,17.385000228881836,17.385000228881836,430.0
2024-09-05 11:53:00+00:00,SVC,4.53000020980835,4.53000020980835,4.53000020980835,4.53000020980835,4.53000020980835,900.0
2024-09-05 11:53:00+00:00,UNIT,5.255000114440918,5.255000114440918,5.260000228881836,5.239999771118164,5.244999885559082,86893.0
2024-09-05 11:53:00+00:00,WHLR,2.430000066757202,2.430000066757202,2.490000009536743,2.430000066757202,2.450000047683716,57139.0
2024-09-05 11:54:00+00:00,AGNC,10.21500015258789,10.21500015258789,10.21500015258789,10.21500015258789,10.21500015258789,2463.0
2024-09-05 11:54:00+00:00,CIGI,140.60000610351562,140.60000610351562,140.60000610351562,140.42999267578125,140.42999267578125,521.0
2024-09-05 11:54:00+00:00,EXPI,11.59000015258789,11.59000015258789,11.59000015258789,11.59000015258789,11.59000015258789,188.0
2024-09-05 11:54:00+00:00,GLPI,51.34000015258789,51.34000015258789,51.36000061035156,51.34000015258789,51.36000061035156,608.0
2024-09-05 11:54:00+00:00,GOOD,15.170000076293945,15.170000076293945,15.170000076293945,15.170000076293945,15.170000076293945,483.0
2024-09-05 11:54:00+00:00,HST,16.69499969482422,16.69499969482422,16.69499969482422,16.690000534057617,16.69499969482422,6569.0
2024-09-05 11:54:00+00:00,NMRK,14.104999542236328,14.104999542236328,14.109999656677246,14.100000381469727,14.100000381469727,2154.0
2024-09-05 11:54:00+00:00,OPEN,1.940000057220459,1.940000057220459,1.9450000524520874,1.940000057220459,1.9450000524520874,60781.0
2024-09-05 11:54:00+00:00,PCH,42.775001525878906,42.775001525878906,42.80799865722656,42.775001525878906,42.80799865722656,1139.0
2024-09-05 11:54:00+00:00,PECO,37.029998779296875,37.029998779296875,37.029998779296875,37.0,37.029998779296875,845.0
2024-09-05 11:54:00+00:00,RDFN,9.52970027923584,9.52970027923584,9.529899597167969,9.520000457763672,9.524999618530273,7747.0
2024-09-05 11:54:00+00:00,REAX,5.710000038146973,5.710000038146973,5.710000038146973,5.710000038146973,5.710000038146973,400.0
2024-09-05 11:54:00+00:00,REG,73.03500366210938,73.03500366210938,73.03500366210938,73.0199966430664,73.0199966430664,357.0
2024-09-05 11:54:00+00:00,ROIC,15.1850004196167,15.1850004196167,15.1899995803833,15.1850004196167,15.1899995803833,2422.0
2024-09-05 11:54:00+00:00,SBAC,235.0,235.0,235.0,235.0,235.0,169.0
2024-09-05 11:54:00+00:00,SBRA,17.364999771118164,17.364999771118164,17.3700008392334,17.364999771118164,17.3700008392334,2109.0
2024-09-05 11:54:00+00:00,SVC,4.534999847412109,4.534999847412109,4.534999847412109,4.534999847412109,4.534999847412109,5044.0
2024-09-05 11:54:00+00:00,UNIT,5.275000095367432,5.275000095367432,5.275000095367432,5.255000114440918,5.255000114440918,15176.0
2024-09-05 11:54:00+00:00,WHLR,2.447499990463257,2.447499990463257,2.490000009536743,2.430000066757202,2.4382998943328857,47583.0
2024-09-05 11:55:00+00:00,AFCG,10.305800437927246,10.305800437927246,10.305800437927246,10.305800437927246,10.305800437927246,216.0
2024-09-05 11:55:00+00:00,AGNC,10.21500015258789,10.21500015258789,10.220000267028809,10.214099884033203,10.21500015258789,10684.0
2024-09-05 11:55:00+00:00,CSGP,76.2300033569336,76.2300033569336,76.26000213623047,76.2300033569336,76.26000213623047,835.0
2024-09-05 11:55:00+00:00,EQIX,820.4813232421875,820.4813232421875,820.4813232421875,820.4813232421875,820.4813232421875,915.0
2024-09-05 11:55:00+00:00,EXPI,11.59119987487793,11.59119987487793,11.59119987487793,11.579999923706055,11.59000015258789,880.0
2024-09-05 11:55:00+00:00,GLPI,51.34000015258789,51.34000015258789,51.34000015258789,51.34000015258789,51.34000015258789,234.0
2024-09-05 11:55:00+00:00,HST,16.69499969482422,16.69499969482422,16.69499969482422,16.690000534057617,16.69499969482422,3403.0
2024-09-05 11:55:00+00:00,ILPT,4.914999961853027,4.914999961853027,4.914999961853027,4.914999961853027,4.914999961853027,442.0
2024-09-05 11:55:00+00:00,LANDO,21.469999313354492,21.469999313354492,21.469999313354492,21.469999313354492,21.469999313354492,900.0
2024-09-05 11:55:00+00:00,NMRK,14.119999885559082,14.119999885559082,14.119999885559082,14.109999656677246,14.109999656677246,1908.0
2024-09-05 11:55:00+00:00,OPEN,1.9493000507354736,1.9493000507354736,1.9493000507354736,1.940000057220459,1.940000057220459,12261.0
2024-09-05 11:55:00+00:00,OPI,2.1389999389648438,2.1389999389648438,2.1389999389648438,2.1389999389648438,2.1389999389648438,776.0
2024-09-05 11:55:00+00:00,PCH,42.790000915527344,42.790000915527344,42.790000915527344,42.790000915527344,42.790000915527344,123.0
2024-09-05 11:55:00+00:00,PECO,37.03499984741211,37.03499984741211,37.03499984741211,37.03499984741211,37.03499984741211,212.0
2024-09-05 11:55:00+00:00,RDFN,9.524999618530273,9.524999618530273,9.529999732971191,9.520000457763672,9.524999618530273,6329.0
2024-09-05 11:55:00+00:00,REAX,5.704999923706055,5.704999923706055,5.704999923706055,5.704999923706055,5.704999923706055,286.0
2024-09-05 11:55:00+00:00,REG,73.05000305175781,73.05000305175781,73.08000183105469,73.02999877929688,73.03500366210938,2852.0
2024-09-05 11:55:00+00:00,ROIC,15.180000305175781,15.180000305175781,15.1850004196167,15.180000305175781,15.1850004196167,645.0
2024-09-05 11:55:00+00:00,SBAC,234.9600067138672,234.9600067138672,235.11000061035156,234.82000732421875,235.11000061035156,2851.0
2024-09-05 11:55:00+00:00,SVC,4.539999961853027,4.539999961853027,4.539999961853027,4.53980016708374,4.53980016708374,2254.0
2024-09-05 11:55:00+00:00,UK,1.3712999820709229,1.3712999820709229,1.3712999820709229,1.3712999820709229,1.3712999820709229,1804.0
2024-09-05 11:55:00+00:00,UNIT,5.255000114440918,5.255000114440918,5.269999980926514,5.255000114440918,5.269999980926514,3563.0
2024-09-05 11:55:00+00:00,WHLR,2.4100000858306885,2.4100000858306885,2.4600000381469727,2.369999885559082,2.450000047683716,40099.0
2024-09-05 11:56:00+00:00,AGNC,10.21500015258789,10.21500015258789,10.220000267028809,10.211400032043457,10.220000267028809,45023.0
2024-09-05 11:56:00+00:00,GLPI,51.33000183105469,51.33000183105469,51.36000061035156,51.33000183105469,51.34000015258789,9308.0
2024-09-05 11:56:00+00:00,HST,16.690000534057617,16.690000534057617,16.700000762939453,16.690000534057617,16.700000762939453,3809.0
2024-09-05 11:56:00+00:00,NMRK,14.130000114440918,14.130000114440918,14.130000114440918,14.125,14.125,1856.0
2024-09-05 11:56:00+00:00,OPEN,1.9450000524520874,1.9450000524520874,1.9500000476837158,1.9450000524520874,1.9450000524520874,3223.0
2024-09-05 11:56:00+00:00,PCH,42.790000915527344,42.790000915527344,42.790000915527344,42.790000915527344,42.790000915527344,309.0
2024-09-05 11:56:00+00:00,PECO,37.029998779296875,37.029998779296875,37.029998779296875,37.02000045776367,37.020198822021484,2613.0
2024-09-05 11:56:00+00:00,RDFN,9.510000228881836,9.510000228881836,9.529899597167969,9.510000228881836,9.524999618530273,14374.0
2024-09-05 11:56:00+00:00,ROIC,15.175000190734863,15.175000190734863,15.180000305175781,15.175000190734863,15.180000305175781,1442.0
2024-09-05 11:56:00+00:00,SBAC,234.67999267578125,234.67999267578125,234.67999267578125,234.67999267578125,234.67999267578125,758.0
2024-09-05 11:56:00+00:00,SBRA,17.3700008392334,17.3700008392334,17.3700008392334,17.364999771118164,17.364999771118164,1898.0
2024-09-05 11:56:00+00:00,UNIT,5.251500129699707,5.251500129699707,5.257400035858154,5.244999885559082,5.25,16352.0
2024-09-05 11:56:00+00:00,WHLR,2.4100000858306885,2.4100000858306885,2.430000066757202,2.380000114440918,2.4000000953674316,26922.0
2024-09-05 11:56:00+00:00,WHLRD,19.1200008392334,19.1200008392334,19.1200008392334,19.0,19.0,2200.0
2024-09-05 11:57:00+00:00,AFCG,10.3056001663208,10.3056001663208,10.3056001663208,10.3056001663208,10.3056001663208,822.0
2024-09-05 11:57:00+00:00,AGNC,10.210000038146973,10.210000038146973,10.220000267028809,10.210000038146973,10.220000267028809,6491.0
2024-09-05 11:57:00+00:00,CSGP,76.20999908447266,76.20999908447266,76.20999908447266,76.20999908447266,76.20999908447266,462.0
2024-09-05 11:57:00+00:00,EXPI,11.59000015258789,11.59000015258789,11.59000015258789,11.586299896240234,11.586299896240234,321.0
2024-09-05 11:57:00+00:00,GLPI,51.34000015258789,51.34000015258789,51.34000015258789,51.34000015258789,51.34000015258789,1019.0
2024-09-05 11:57:00+00:00,GOOD,15.164999961853027,15.164999961853027,15.164999961853027,15.164999961853027,15.164999961853027,194.0
2024-09-05 11:57:00+00:00,HST,16.684999465942383,16.684999465942383,16.690000534057617,16.68000030517578,16.690000534057617,19206.0
2024-09-05 11:57:00+00:00,LAMR,124.26000213623047,124.26000213623047,124.26000213623047,124.26000213623047,124.26000213623047,396.0
2024-09-05 11:57:00+00:00,LAND,13.479999542236328,13.479999542236328,13.479999542236328,13.479999542236328,13.479999542236328,659.0
2024-09-05 11:57:00+00:00,NMRK,14.119999885559082,14.119999885559082,14.130000114440918,14.119999885559082,14.130000114440918,887.0
2024-09-05 11:57:00+00:00,OPEN,1.9450000524520874,1.9450000524520874,1.9450000524520874,1.940000057220459,1.940000057220459,10363.0
2024-09-05 11:57:00+00:00,PCH,42.744998931884766,42.744998931884766,42.7599983215332,42.744998931884766,42.7599983215332,714.0
2024-09-05 11:57:00+00:00,PECO,37.03499984741211,37.03499984741211,37.040000915527344,37.03499984741211,37.040000915527344,548.0
2024-09-05 11:57:00+00:00,RDFN,9.505000114440918,9.505000114440918,9.510199546813965,9.5,9.510000228881836,7112.0
2024-09-05 11:57:00+00:00,REAX,5.695000171661377,5.695000171661377,5.699999809265137,5.695000171661377,5.699999809265137,862.0
2024-09-05 11:57:00+00:00,REG,73.06999969482422,73.06999969482422,73.06999969482422,73.06999969482422,73.06999969482422,487.0
2024-09-05 11:57:00+00:00,ROIC,15.170000076293945,15.170000076293945,15.170000076293945,15.170000076293945,15.170000076293945,282.0
2024-09-05 11:57:00+00:00,SBRA,17.375,17.375,17.375,17.375,17.375,1249.0
2024-09-05 11:57:00+00:00,SVC,4.545000076293945,4.545000076293945,4.545000076293945,4.545000076293945,4.545000076293945,3735.0
2024-09-05 11:57:00+00:00,UNIT,5.244999885559082,5.244999885559082,5.264999866485596,5.244999885559082,5.260000228881836,9604.0
2024-09-05 11:57:00+00:00,WHLR,2.3989999294281006,2.3989999294281006,2.408799886703491,2.380000114440918,2.4000000953674316,9450.0
2024-09-05 11:58:00+00:00,AFCG,10.305000305175781,10.305000305175781,10.305000305175781,10.305000305175781,10.305000305175781,0.0
2024-09-05 11:58:00+00:00,AGNC,10.215200424194336,10.215200424194336,10.215200424194336,10.21500015258789,10.21500015258789,867.0
2024-09-05 11:58:00+00:00,CSGP,76.23999786376953,76.23999786376953,76.23999786376953,76.18000030517578,76.19000244140625,2927.0
2024-09-05 11:58:00+00:00,EXPI,11.580699920654297,11.580699920654297,11.580699920654297,11.579999923706055,11.579999923706055,602.0
2024-09-05 11:58:00+00:00,GLPI,51.33000183105469,51.33000183105469,51.349998474121094,51.31999969482422,51.349998474121094,3846.0
2024-09-05 11:58:00+00:00,HST,16.674999237060547,16.674999237060547,16.684999465942383,16.674999237060547,16.684999465942383,9056.0
2024-09-05 11:58:00+00:00,HTIBP,15.4822998046875,15.4822998046875,15.579999923706055,15.385000228881836,15.385000228881836,2518.0
2024-09-05 11:58:00+00:00,LAMR,124.0999984741211,124.0999984741211,124.15499877929688,124.0999984741211,124.15499877929688,742.0
2024-09-05 11:58:00+00:00,LAND,13.46500015258789,13.46500015258789,13.46500015258789,13.46500015258789,13.46500015258789,632.0
2024-09-05 11:58:00+00:00,LSEA,11.449999809265137,11.449999809265137,11.449999809265137,11.449999809265137,11.449999809265137,503.0
2024-09-05 11:58:00+00:00,MDJH,1.0799000263214111,1.0799000263214111,1.0799000263214111,1.0700000524520874,1.0700000524520874,347.0
2024-09-05 11:58:00+00:00,NMRK,14.109999656677246,14.109999656677246,14.109999656677246,14.109999656677246,14.109999656677246,1276.0
2024-09-05 11:58:00+00:00,NYMT,6.335000038146973,6.335000038146973,6.340000152587891,6.324999809265137,6.324999809265137,4823.0
2024-09-05 11:58:00+00:00,OPEN,1.940000057220459,1.940000057220459,1.9450000524520874,1.940000057220459,1.9450000524520874,29255.0
2024-09-05 11:58:00+00:00,OPI,2.134999990463257,2.134999990463257,2.134999990463257,2.134999990463257,2.134999990463257,134.0
2024-09-05 11:58:00+00:00,PCH,42.709999084472656,42.709999084472656,42.709999084472656,42.709999084472656,42.709999084472656,417.0
2024-09-05 11:58:00+00:00,PECO,37.0,37.0,37.040000915527344,37.0,37.040000915527344,928.0
2024-09-05 11:58:00+00:00,RDFN,9.510000228881836,9.510000228881836,9.510000228881836,9.489999771118164,9.509900093078613,12114.0
2024-09-05 11:58:00+00:00,REAX,5.710000038146973,5.710000038146973,5.710000038146973,5.690899848937988,5.690899848937988,1974.0
2024-09-05 11:58:00+00:00,REG,73.0,73.0,73.0,73.0,73.0,1067.0
2024-09-05 11:58:00+00:00,ROIC,15.175000190734863,15.175000190734863,15.175000190734863,15.170000076293945,15.175000190734863,1767.0
2024-09-05 11:58:00+00:00,SBAC,234.4600067138672,234.4600067138672,234.59500122070312,234.4600067138672,234.59500122070312,709.0
2024-09-05 11:58:00+00:00,SBRA,17.364999771118164,17.364999771118164,17.375,17.364999771118164,17.375,2629.0
2024-09-05 11:58:00+00:00,SVC,4.547999858856201,4.547999858856201,4.547999858856201,4.538000106811523,4.539999961853027,10438.0
2024-09-05 11:58:00+00:00,UNIT,5.244999885559082,5.244999885559082,5.255000114440918,5.239999771118164,5.244999885559082,16077.0
2024-09-05 11:58:00+00:00,WHLR,2.359999895095825,2.359999895095825,2.3801000118255615,2.319999933242798,2.380000114440918,28318.0
2024-09-05 11:59:00+00:00,AFCG,10.305000305175781,10.305000305175781,10.305000305175781,10.305000305175781,10.305000305175781,1150.0
2024-09-05 11:59:00+00:00,AGNC,10.21500015258789,10.21500015258789,10.220000267028809,10.210000038146973,10.220000267028809,34679.0
2024-09-05 11:59:00+00:00,BPYPP,14.800000190734863,14.800000190734863,14.800000190734863,14.789999961853027,14.789999961853027,2501.0
2024-09-05 11:59:00+00:00,EXPI,11.579999923706055,11.579999923706055,11.579999923706055,11.579999923706055,11.579999923706055,136.0
2024-09-05 11:59:00+00:00,FSV,178.6300048828125,178.6300048828125,178.6300048828125,178.6300048828125,178.6300048828125,200.0
2024-09-05 11:59:00+00:00,GLPI,51.33000183105469,51.33000183105469,51.33000183105469,51.32339859008789,51.32500076293945,456.0
2024-09-05 11:59:00+00:00,HST,16.670000076293945,16.670000076293945,16.670000076293945,16.670000076293945,16.670000076293945,976.0
2024-09-05 11:59:00+00:00,ILPT,4.900000095367432,4.900000095367432,4.900000095367432,4.900000095367432,4.900000095367432,272.0
2024-09-05 11:59:00+00:00,LOAN,5.210000038146973,5.210000038146973,5.210000038146973,5.210000038146973,5.210000038146973,593.0
2024-09-05 11:59:00+00:00,MDJH,1.059999942779541,1.059999942779541,1.0799000263214111,1.059999942779541,1.0799000263214111,200.0
2024-09-05 11:59:00+00:00,NMRK,14.100000381469727,14.100000381469727,14.100000381469727,14.100000381469727,14.100000381469727,648.0
2024-09-05 11:59:00+00:00,OPEN,1.9450000524520874,1.9450000524520874,1.9450000524520874,1.940000057220459,1.940000057220459,33154.0
2024-09-05 11:59:00+00:00,PECO,37.0099983215332,37.0099983215332,37.02000045776367,37.0099983215332,37.0099983215332,2524.0
2024-09-05 11:59:00+00:00,RDFN,9.505000114440918,9.505000114440918,9.510000228881836,9.505000114440918,9.510000228881836,6383.0
2024-09-05 11:59:00+00:00,SBAC,234.8300018310547,234.8300018310547,234.8300018310547,234.8300018310547,234.8300018310547,565.0
2024-09-05 11:59:00+00:00,SBRA,17.375,17.375,17.375,17.375,17.375,771.0
2024-09-05 11:59:00+00:00,UK,1.3899999856948853,1.3899999856948853,1.399999976158142,1.3899999856948853,1.3980000019073486,0.0
2024-09-05 11:59:00+00:00,UNIT,5.244999885559082,5.244999885559082,5.25,5.239999771118164,5.244999885559082,13734.0
2024-09-05 11:59:00+00:00,WHLR,2.280100107192993,2.280100107192993,2.359999895095825,2.2699999809265137,2.3589999675750732,74259.0
2024-09-05 12:00:00+00:00,AFCG,10.305000305175781,10.305000305175781,10.305000305175781,10.305000305175781,10.305000305175781,0.0
2024-09-05 12:00:00+00:00,AGNC,10.218299865722656,10.218299865722656,10.218299865722656,10.210100173950195,10.21500015258789,9390.0
2024-09-05 12:00:00+00:00,CSGP,76.26000213623047,76.26000213623047,76.26000213623047,76.21499633789062,76.21499633789062,1057.0
2024-09-05 12:00:00+00:00,EXPI,11.59000015258789,11.59000015258789,11.593700408935547,11.59000015258789,11.593700408935547,306.0
2024-09-05 12:00:00+00:00,FSV,178.75999450683594,178.75999450683594,178.75999450683594,178.5500030517578,178.5500030517578,1003.0
2024-09-05 12:00:00+00:00,GLPI,51.34000015258789,51.34000015258789,51.34000015258789,51.33000183105469,51.33000183105469,1547.0
2024-09-05 12:00:00+00:00,GOOD,15.154999732971191,15.154999732971191,15.15999984741211,15.154999732971191,15.15999984741211,675.0
2024-09-05 12:00:00+00:00,HST,16.670000076293945,16.670000076293945,16.674999237060547,16.670000076293945,16.670000076293945,1598.0
2024-09-05 12:00:00+00:00,LOAN,5.210000038146973,5.210000038146973,5.210000038146973,5.210000038146973,5.210000038146973,150.0
2024-09-05 12:00:00+00:00,NMRK,14.100000381469727,14.100000381469727,14.100000381469727,14.095000267028809,14.095000267028809,459.0
2024-09-05 12:00:00+00:00,NYMT,6.335000038146973,6.335000038146973,6.335000038146973,6.335000038146973,6.335000038146973,999.0
2024-09-05 12:00:00+00:00,OPEN,1.940000057220459,1.940000057220459,1.9453999996185303,1.940000057220459,1.9450000524520874,7638.0
2024-09-05 12:00:00+00:00,OPI,2.134999990463257,2.134999990463257,2.134999990463257,2.134999990463257,2.134999990463257,172.0
2024-09-05 12:00:00+00:00,PECO,37.02000045776367,37.02000045776367,37.02000045776367,37.02000045776367,37.02000045776367,124.0
2024-09-05 12:00:00+00:00,RDFN,9.510100364685059,9.510100364685059,9.515000343322754,9.505000114440918,9.505000114440918,7313.0
2024-09-05 12:00:00+00:00,ROIC,15.170000076293945,15.170000076293945,15.170000076293945,15.170000076293945,15.170000076293945,386.0
2024-09-05 12:00:00+00:00,SBRA,17.3700008392334,17.3700008392334,17.375,17.3700008392334,17.375,1733.0
2024-09-05 12:00:00+00:00,SEVN,13.6899995803833,13.6899995803833,13.6899995803833,13.6899995803833,13.6899995803833,1161.0
2024-09-05 12:00:00+00:00,SVC,4.558000087738037,4.558000087738037,4.558000087738037,4.550000190734863,4.550000190734863,2248.0
2024-09-05 12:00:00+00:00,UNIT,5.244999885559082,5.244999885559082,5.25,5.240099906921387,5.244999885559082,40809.0
2024-09-05 12:00:00+00:00,WHLR,2.3299999237060547,2.3299999237060547,2.3499999046325684,2.2899999618530273,2.299999952316284,29486.0
2024-09-05 12:01:00+00:00,AFCG,10.300000190734863,10.300000190734863,10.300000190734863,10.300000190734863,10.300000190734863,473.0
2024-09-05 12:01:00+00:00,AGNC,10.21500015258789,10.21500015258789,10.220000267028809,10.21030044555664,10.21500015258789,24506.0
2024-09-05 12:01:00+00:00,CSGP,76.30999755859375,76.30999755859375,76.30999755859375,76.27999877929688,76.27999877929688,920.0
2024-09-05 12:01:00+00:00,DHC,3.2750000953674316,3.2750000953674316,3.2750000953674316,3.2750000953674316,3.2750000953674316,418.0
2024-09-05 12:01:00+00:00,EQIX,820.0,820.0,820.0,820.0,820.0,157.0
2024-09-05 12:01:00+00:00,EXPI,11.619999885559082,11.619999885559082,11.619999885559082,11.600000381469727,11.600000381469727,665.0
2024-09-05 12:01:00+00:00,GLPI,51.34000015258789,51.34000015258789,51.349998474121094,51.314998626708984,51.349998474121094,3704.0
2024-09-05 12:01:00+00:00,GOOD,15.170000076293945,15.170000076293945,15.170000076293945,15.154999732971191,15.154999732971191,2220.0
2024-09-05 12:01:00+00:00,HST,16.68000030517578,16.68000030517578,16.68000030517578,16.665000915527344,16.670000076293945,53957.0
2024-09-05 12:01:00+00:00,ILPT,4.90500020980835,4.90500020980835,4.90500020980835,4.90500020980835,4.90500020980835,129.0
2024-09-05 12:01:00+00:00,LAMR,124.16500091552734,124.16500091552734,124.2300033569336,124.08000183105469,124.08000183105469,2363.0
2024-09-05 12:01:00+00:00,LSEA,11.449999809265137,11.449999809265137,11.449999809265137,11.4350004196167,11.4350004196167,402.0
2024-09-05 12:01:00+00:00,NMRK,14.100000381469727,14.100000381469727,14.100000381469727,14.100000381469727,14.100000381469727,663.0
2024-09-05 12:01:00+00:00,NYMT,6.335000038146973,6.335000038146973,6.335000038146973,6.335000038146973,6.335000038146973,253.0
2024-09-05 12:01:00+00:00,OPEN,1.9450000524520874,1.9450000524520874,1.9450000524520874,1.9450000524520874,1.9450000524520874,2198.0
2024-09-05 12:01:00+00:00,OPI,2.130000114440918,2.130000114440918,2.130000114440918,2.130000114440918,2.130000114440918,914.0
2024-09-05 12:01:00+00:00,PCH,42.724998474121094,42.724998474121094,42.75,42.724998474121094,42.75,1024.0
2024-09-05 12:01:00+00:00,RDFN,9.529999732971191,9.529999732971191,9.529999732971191,9.515000343322754,9.516599655151367,3226.0
2024-09-05 12:01:00+00:00,REG,73.0199966430664,73.0199966430664,73.02999877929688,72.95999908447266,73.0,619.0
2024-09-05 12:01:00+00:00,ROIC,15.175000190734863,15.175000190734863,15.175000190734863,15.175000190734863,15.175000190734863,591.0
2024-09-05 12:01:00+00:00,SBAC,234.88999938964844,234.88999938964844,234.88999938964844,234.8699951171875,234.8699951171875,2227.0
2024-09-05 12:01:00+00:00,SBRA,17.3799991607666,17.3799991607666,17.3799991607666,17.375,17.375,3514.0
2024-09-05 12:01:00+00:00,SVC,4.559999942779541,4.559999942779541,4.565000057220459,4.559999942779541,4.559999942779541,4310.0
2024-09-05 12:01:00+00:00,UNIT,5.25,5.25,5.2795000076293945,5.244999885559082,5.244999885559082,66648.0
2024-09-05 12:01:00+00:00,WHLR,2.380000114440918,2.380000114440918,2.390000104904175,2.319999933242798,2.3299999237060547,61672.0
2024-09-05 12:02:00+00:00,AFCG,10.305000305175781,10.305000305175781,10.305000305175781,10.305000305175781,10.305000305175781,956.0
2024-09-05 12:02:00+00:00,AGNC,10.21500015258789,10.21500015258789,10.21500015258789,10.21500015258789,10.21500015258789,4261.0
2024-09-05 12:02:00+00:00,ASPS,1.0800000429153442,1.0800000429153442,1.0800000429153442,1.0800000429153442,1.0800000429153442,114.0
2024-09-05 12:02:00+00:00,DHC,3.2850000858306885,3.2850000858306885,3.2850000858306885,3.2799999713897705,3.2799999713897705,1669.0
2024-09-05 12:02:00+00:00,DUO,0.4000000059604645,0.4000000059604645,0.4000000059604645,0.39489999413490295,0.39489999413490295,16669.0
2024-09-05 12:02:00+00:00,EQIX,820.6300048828125,820.6300048828125,820.6300048828125,820.4000244140625,820.4000244140625,1471.0
2024-09-05 12:02:00+00:00,EXPI,11.630000114440918,11.630000114440918,11.630000114440918,11.630000114440918,11.630000114440918,669.0
2024-09-05 12:02:00+00:00,FRPH,29.0,29.0,29.0,29.0,29.0,1448.0
2024-09-05 12:02:00+00:00,HST,16.684999465942383,16.684999465942383,16.684999465942383,16.674999237060547,16.674999237060547,12455.0
2024-09-05 12:02:00+00:00,ILPT,4.920000076293945,4.920000076293945,4.920000076293945,4.90500020980835,4.90500020980835,1324.0
2024-09-05 12:02:00+00:00,LANDM,24.39889907836914,24.39889907836914,24.39889907836914,24.39889907836914,24.39889907836914,455.0
2024-09-05 12:02:00+00:00,NMRK,14.109999656677246,14.109999656677246,14.109999656677246,14.109999656677246,14.109999656677246,662.0
2024-09-05 12:02:00+00:00,NYMT,6.349999904632568,6.349999904632568,6.349999904632568,6.340000152587891,6.340000152587891,2189.0
2024-09-05 12:02:00+00:00,OPEN,1.9450000524520874,1.9450000524520874,1.9500000476837158,1.940000057220459,1.9493000507354736,52846.0
2024-09-05 12:02:00+00:00,PCH,42.7599983215332,42.7599983215332,42.7599983215332,42.72999954223633,42.7400016784668,1395.0
2024-09-05 12:02:00+00:00,PECO,37.04999923706055,37.04999923706055,37.04999923706055,37.04999923706055,37.04999923706055,1003.0
2024-09-05 12:02:00+00:00,RDFN,9.545000076293945,9.545000076293945,9.545000076293945,9.524999618530273,9.53499984741211,5938.0
2024-09-05 12:02:00+00:00,REAX,5.71999979019165,5.71999979019165,5.744999885559082,5.715000152587891,5.715000152587891,36683.0
2024-09-05 12:02:00+00:00,REG,73.01000213623047,73.01000213623047,73.01000213623047,73.01000213623047,73.01000213623047,398.0
2024-09-05 12:02:00+00:00,RMR,24.649999618530273,24.649999618530273,24.649999618530273,24.649999618530273,24.649999618530273,893.0
2024-09-05 12:02:00+00:00,ROIC,15.170999526977539,15.170999526977539,15.175000190734863,15.170999526977539,15.175000190734863,1674.0
2024-09-05 12:02:00+00:00,SBRA,17.375,17.375,17.375,17.375,17.375,200.0
2024-09-05 12:02:00+00:00,SVC,4.550000190734863,4.550000190734863,4.550000190734863,4.550000190734863,4.550000190734863,2649.0
2024-09-05 12:02:00+00:00,UNIT,5.260000228881836,5.260000228881836,5.264999866485596,5.260000228881836,5.260000228881836,2220.0
2024-09-05 12:02:00+00:00,WHLR,2.4000000953674316,2.4000000953674316,2.5,2.360100030899048,2.3635001182556152,79918.0
2024-09-05 12:02:00+00:00,WHLRD,19.087499618530273,19.087499618530273,19.087499618530273,19.087499618530273,19.087499618530273,4305.0
2024-09-05 12:03:00+00:00,AFCG,10.305000305175781,10.305000305175781,10.305000305175781,10.305000305175781,10.305000305175781,167.0
2024-09-05 12:03:00+00:00,AGNC,10.21500015258789,10.21500015258789,10.21500015258789,10.21500015258789,10.21500015258789,5077.0
2024-09-05 12:03:00+00:00,DUO,0.4000000059604645,0.4000000059604645,0.4000000059604645,0.4000000059604645,0.4000000059604645,0.0
2024-09-05 12:03:00+00:00,FTHM,2.734999895095825,2.734999895095825,2.734999895095825,2.734999895095825,2.734999895095825,1980.0
2024-09-05 12:03:00+00:00,GLPI,51.33000183105469,51.33000183105469,51.34000015258789,51.33000183105469,51.34000015258789,979.0
2024-09-05 12:03:00+00:00,GOOD,15.180000305175781,15.180000305175781,15.180000305175781,15.180000305175781,15.180000305175781,309.0
2024-09-05 12:03:00+00:00,HST,16.69499969482422,16.69499969482422,16.69499969482422,16.685100555419922,16.685100555419922,7354.0
2024-09-05 12:03:00+00:00,ILPT,4.929999828338623,4.929999828338623,4.929999828338623,4.929999828338623,4.929999828338623,586.0
2024-09-05 12:03:00+00:00,NMRK,14.125,14.125,14.125,14.119999885559082,14.119999885559082,802.0
2024-09-05 12:03:00+00:00,NYMT,6.34499979019165,6.34499979019165,6.34499979019165,6.34499979019165,6.34499979019165,315.0
2024-09-05 12:03:00+00:00,OPEN,1.9550000429153442,1.9550000429153442,1.9550000429153442,1.940000057220459,1.944000005722046,173200.0
2024-09-05 12:03:00+00:00,OPI,2.139699935913086,2.139699935913086,2.139699935913086,2.139699935913086,2.139699935913086,409.0
2024-09-05 12:03:00+00:00,PCH,42.790000915527344,42.790000915527344,42.790000915527344,42.790000915527344,42.790000915527344,281.0
2024-09-05 12:03:00+00:00,RDFN,9.5625,9.5625,9.5625,9.539999961853027,9.539999961853027,5854.0
2024-09-05 12:03:00+00:00,REAX,5.730000019073486,5.730000019073486,5.730000019073486,5.71999979019165,5.71999979019165,1051.0
2024-09-05 12:03:00+00:00,REG,73.05500030517578,73.05500030517578,73.05500030517578,73.04000091552734,73.04000091552734,1025.0
2024-09-05 12:03:00+00:00,SBRA,17.364999771118164,17.364999771118164,17.375,17.364999771118164,17.375,3458.0
2024-09-05 12:03:00+00:00,UK,1.3700000047683716,1.3700000047683716,1.3700000047683716,1.3700000047683716,1.3700000047683716,136.0
2024-09-05 12:03:00+00:00,UNIT,5.255000114440918,5.255000114440918,5.255799770355225,5.25,5.25,2160.0
2024-09-05 12:03:00+00:00,WHLR,2.390000104904175,2.390000104904175,2.440000057220459,2.380000114440918,2.4200000762939453,49765.0
2024-09-05 12:04:00+00:00,AFCG,10.305000305175781,10.305000305175781,10.3100004196167,10.305000305175781,10.3100004196167,789.0
2024-09-05 12:04:00+00:00,AGNC,10.21500015258789,10.21500015258789,10.220000267028809,10.210000038146973,10.21500015258789,37879.0
2024-09-05 12:04:00+00:00,CSGP,76.33999633789062,76.33999633789062,76.33999633789062,76.33999633789062,76.33999633789062,364.0
2024-09-05 12:04:00+00:00,DUO,0.4000000059604645,0.4000000059604645,0.4000000059604645,0.4000000059604645,0.4000000059604645,3915.0
2024-09-05 12:04:00+00:00,EXPI,11.635000228881836,11.635000228881836,11.635000228881836,11.635000228881836,11.635000228881836,1279.0
2024-09-05 12:04:00+00:00,GLPI,51.31999969482422,51.31999969482422,51.31999969482422,51.31999969482422,51.31999969482422,588.0
2024-09-05 12:04:00+00:00,HST,16.670000076293945,16.670000076293945,16.690000534057617,16.670000076293945,16.690000534057617,8398.0
2024-09-05 12:04:00+00:00,ILPT,4.945000171661377,4.945000171661377,4.945000171661377,4.940000057220459,4.940000057220459,1212.0
2024-09-05 12:04:00+00:00,NMRK,14.119999885559082,14.119999885559082,14.125,14.119999885559082,14.125,1405.0
2024-09-05 12:04:00+00:00,OPEN,1.9500999450683594,1.9500999450683594,1.9600000381469727,1.9500000476837158,1.9550000429153442,52720.0
2024-09-05 12:04:00+00:00,PCH,42.77000045776367,42.77000045776367,42.810001373291016,42.77000045776367,42.80500030517578,1201.0
2024-09-05 12:04:00+00:00,RDFN,9.559900283813477,9.559900283813477,9.571999549865723,9.550000190734863,9.5600004196167,17894.0
2024-09-05 12:04:00+00:00,REAX,5.730000019073486,5.730000019073486,5.730000019073486,5.730000019073486,5.730000019073486,207.0
2024-09-05 12:04:00+00:00,REG,73.05999755859375,73.05999755859375,73.05999755859375,73.02999877929688,73.02999877929688,445.0
2024-09-05 12:04:00+00:00,ROIC,15.175000190734863,15.175000190734863,15.180000305175781,15.175000190734863,15.180000305175781,2954.0
2024-09-05 12:04:00+00:00,SBAC,235.19000244140625,235.19000244140625,235.22000122070312,235.13999938964844,235.13999938964844,1747.0
2024-09-05 12:04:00+00:00,SBRA,17.3700008392334,17.3700008392334,17.375,17.360000610351562,17.360000610351562,3327.0
2024-09-05 12:04:00+00:00,UNIT,5.250500202178955,5.250500202178955,5.250500202178955,5.250500202178955,5.250500202178955,2176.0
2024-09-05 12:04:00+00:00,WHLR,2.5199999809265137,2.5199999809265137,2.5199999809265137,2.390000104904175,2.390000104904175,128803.0
2024-09-05 12:05:00+00:00,AGNC,10.21500015258789,10.21500015258789,10.21500015258789,10.210100173950195,10.21500015258789,10474.0
2024-09-05 12:05:00+00:00,CSGP,76.20349884033203,76.20349884033203,76.26000213623047,76.20349884033203,76.26000213623047,1362.0
2024-09-05 12:05:00+00:00,DHC,3.2899999618530273,3.2899999618530273,3.2899999618530273,3.2899999618530273,3.2899999618530273,240.0
2024-09-05 12:05:00+00:00,GLPI,51.29999923706055,51.29999923706055,51.310001373291016,51.29999923706055,51.310001373291016,1038.0
2024-09-05 12:05:00+00:00,GOOD,15.1899995803833,15.1899995803833,15.1899995803833,15.1899995803833,15.1899995803833,291.0
2024-09-05 12:05:00+00:00,HST,16.674999237060547,16.674999237060547,16.674999237060547,16.670000076293945,16.670000076293945,9493.0
2024-09-05 12:05:00+00:00,LSEA,11.460000038146973,11.460000038146973,11.460000038146973,11.460000038146973,11.460000038146973,717.0
2024-09-05 12:05:00+00:00,NMRK,14.130000114440918,14.130000114440918,14.130000114440918,14.119999885559082,14.119999885559082,1235.0
2024-09-05 12:05:00+00:00,NYMT,6.34499979019165,6.34499979019165,6.34499979019165,6.34499979019165,6.34499979019165,225.0
2024-09-05 12:05:00+00:00,NYMTM,23.96660041809082,23.96660041809082,23.979900360107422,23.96660041809082,23.979900360107422,300.0
2024-09-05 12:05:00+00:00,OPEN,1.9550000429153442,1.9550000429153442,1.9550000429153442,1.9550000429153442,1.9550000429153442,4131.0
2024-09-05 12:05:00+00:00,PCH,42.79499816894531,42.79499816894531,42.79999923706055,42.790000915527344,42.790000915527344,956.0
2024-09-05 12:05:00+00:00,PECO,37.06999969482422,37.06999969482422,37.06999969482422,37.04999923706055,37.04999923706055,850.0
2024-09-05 12:05:00+00:00,RDFN,9.5600004196167,9.5600004196167,9.5600004196167,9.550000190734863,9.550000190734863,1627.0
2024-09-05 12:05:00+00:00,REAX,5.730000019073486,5.730000019073486,5.730000019073486,5.730000019073486,5.730000019073486,315.0
2024-09-05 12:05:00+00:00,ROIC,15.175000190734863,15.175000190734863,15.175000190734863,15.175000190734863,15.175000190734863,133.0
2024-09-05 12:05:00+00:00,SBAC,235.13999938964844,235.13999938964844,235.17999267578125,235.05999755859375,235.05999755859375,865.0
2024-09-05 12:05:00+00:00,SBRA,17.3700008392334,17.3700008392334,17.375,17.364999771118164,17.364999771118164,1048.0
2024-09-05 12:05:00+00:00,SEVN,13.6899995803833,13.6899995803833,13.6899995803833,13.6899995803833,13.6899995803833,505.0
2024-09-05 12:05:00+00:00,SVC,4.554999828338623,4.554999828338623,4.554999828338623,4.554999828338623,4.554999828338623,1774.0
2024-09-05 12:05:00+00:00,WHLR,2.490000009536743,2.490000009536743,2.5299999713897705,2.4600000381469727,2.5199999809265137,52877.0
2024-09-05 12:06:00+00:00,AFCG,10.305000305175781,10.305000305175781,10.305000305175781,10.305000305175781,10.305000305175781,557.0
2024-09-05 12:06:00+00:00,AGNC,10.220000267028809,10.220000267028809,10.220000267028809,10.210000038146973,10.21500015258789,2530.0
2024-09-05 12:06:00+00:00,BPYPN,12.859999656677246,12.859999656677246,12.859999656677246,12.859999656677246,12.859999656677246,510.0
2024-09-05 12:06:00+00:00,CSGP,76.33000183105469,76.33000183105469,76.33000183105469,76.26000213623047,76.26000213623047,2328.0
2024-09-05 12:06:00+00:00,EQIX,820.2000122070312,820.2000122070312,820.2000122070312,820.2000122070312,820.2000122070312,270.0
2024-09-05 12:06:00+00:00,GLPI,51.314998626708984,51.314998626708984,51.314998626708984,51.29999923706055,51.29999923706055,1336.0
2024-09-05 12:06:00+00:00,NYMTM,23.950000762939453,23.950000762939453,23.950000762939453,23.950000762939453,23.950000762939453,100.0
2024-09-05 12:06:00+00:00,OPEN,1.9550000429153442,1.9550000429153442,1.9550000429153442,1.9500000476837158,1.9500999450683594,4341.0
2024-09-05 12:06:00+00:00,OPI,2.134999990463257,2.134999990463257,2.134999990463257,2.134999990463257,2.134999990463257,123.0
2024-09-05 12:06:00+00:00,RDFN,9.550000190734863,9.550000190734863,9.550000190734863,9.550000190734863,9.550000190734863,696.0
2024-09-05 12:06:00+00:00,REAX,5.739999771118164,5.739999771118164,5.739999771118164,5.739999771118164,5.739999771118164,1614.0
2024-09-05 12:06:00+00:00,REG,73.05000305175781,73.05000305175781,73.05000305175781,73.05000305175781,73.05000305175781,1589.0
2024-09-05 12:06:00+00:00,ROIC,15.175000190734863,15.175000190734863,15.180000305175781,15.175000190734863,15.175000190734863,751.0
2024-09-05 12:06:00+00:00,SBAC,235.11000061035156,235.11000061035156,235.11000061035156,234.99000549316406,234.99000549316406,266.0
2024-09-05 12:06:00+00:00,SBRA,17.3799991607666,17.3799991607666,17.3799991607666,17.375,17.375,591.0
2024-09-05 12:06:00+00:00,UNIT,5.250100135803223,5.250100135803223,5.255000114440918,5.25,5.25,2435.0
2024-09-05 12:06:00+00:00,WHLR,2.4600000381469727,2.4600000381469727,2.5,2.4600000381469727,2.4800000190734863,19922.0
2024-09-05 12:07:00+00:00,AGNC,10.225000381469727,10.225000381469727,10.225000381469727,10.211199760437012,10.219900131225586,33890.0
2024-09-05 12:07:00+00:00,CIGI,140.55999755859375,140.55999755859375,140.5800018310547,140.55999755859375,140.5800018310547,1321.0
2024-09-05 12:07:00+00:00,GLPI,51.29999923706055,51.29999923706055,51.31999969482422,51.29999923706055,51.31999969482422,1353.0
2024-09-05 12:07:00+00:00,GOOD,15.180000305175781,15.180000305175781,15.180000305175781,15.180000305175781,15.180000305175781,1038.0
2024-09-05 12:07:00+00:00,HST,16.684999465942383,16.684999465942383,16.684999465942383,16.68000030517578,16.68000030517578,9567.0
2024-09-05 12:07:00+00:00,NMRK,14.145000457763672,14.145000457763672,14.145000457763672,14.140000343322754,14.140000343322754,1539.0
2024-09-05 12:07:00+00:00,NYMT,6.355000019073486,6.355000019073486,6.355000019073486,6.349999904632568,6.349999904632568,447.0
2024-09-05 12:07:00+00:00,NYMTM,23.969999313354492,23.969999313354492,23.969999313354492,23.969999313354492,23.969999313354492,460.0
2024-09-05 12:07:00+00:00,OPEN,1.9550000429153442,1.9550000429153442,1.9589999914169312,1.9500999450683594,1.9550000429153442,37992.0
2024-09-05 12:07:00+00:00,RDFN,9.529999732971191,9.529999732971191,9.539999961853027,9.529999732971191,9.539999961853027,2768.0
2024-09-05 12:07:00+00:00,REAX,5.730000019073486,5.730000019073486,5.730000019073486,5.730000019073486,5.730000019073486,557.0
2024-09-05 12:07:00+00:00,SBAC,235.0800018310547,235.0800018310547,235.0800018310547,234.97000122070312,234.97000122070312,926.0
2024-09-05 12:07:00+00:00,SBRA,17.385000228881836,17.385000228881836,17.385000228881836,17.385000228881836,17.385000228881836,259.0
2024-09-05 12:07:00+00:00,UNIT,5.255000114440918,5.255000114440918,5.255000114440918,5.25,5.255000114440918,6840.0
2024-09-05 12:07:00+00:00,WHLR,2.4700000286102295,2.4700000286102295,2.51990008354187,2.450000047683716,2.4700000286102295,55114.0
2024-09-05 12:08:00+00:00,AGNC,10.229999542236328,10.229999542236328,10.229999542236328,10.224800109863281,10.224800109863281,1119.0
2024-09-05 12:08:00+00:00,ASPS,1.090000033378601,1.090000033378601,1.090000033378601,1.090000033378601,1.090000033378601,205.0
2024-09-05 12:08:00+00:00,DHC,3.2750000953674316,3.2750000953674316,3.2850000858306885,3.2750000953674316,3.2850000858306885,16686.0
2024-09-05 12:08:00+00:00,EQIX,820.239990234375,820.239990234375,820.239990234375,820.239990234375,820.239990234375,213.0
2024-09-05 12:08:00+00:00,GLPI,51.30500030517578,51.30500030517578,51.310001373291016,51.30099868774414,51.310001373291016,905.0
2024-09-05 12:08:00+00:00,HST,16.674999237060547,16.674999237060547,16.684999465942383,16.674999237060547,16.684999465942383,3954.0
2024-09-05 12:08:00+00:00,LAMR,124.16500091552734,124.16500091552734,124.16500091552734,124.13999938964844,124.13999938964844,832.0
2024-09-05 12:08:00+00:00,NMRK,14.149999618530273,14.149999618530273,14.164999961853027,14.149999618530273,14.149999618530273,11453.0
2024-09-05 12:08:00+00:00,NYMT,6.360000133514404,6.360000133514404,6.360000133514404,6.360000133514404,6.360000133514404,600.0
2024-09-05 12:08:00+00:00,NYMTN,22.429399490356445,22.429399490356445,22.429399490356445,22.429399490356445,22.429399490356445,200.0
2024-09-05 12:08:00+00:00,OPEN,1.9550000429153442,1.9550000429153442,1.9599000215530396,1.9502999782562256,1.9550000429153442,14532.0
2024-09-05 12:08:00+00:00,OPI,2.140000104904175,2.140000104904175,2.140000104904175,2.140000104904175,2.140000104904175,280.0
2024-09-05 12:08:00+00:00,RDFN,9.529999732971191,9.529999732971191,9.529999732971191,9.529999732971191,9.529999732971191,907.0
2024-09-05 12:08:00+00:00,REAX,5.724999904632568,5.724999904632568,5.724999904632568,5.724999904632568,5.724999904632568,1429.0
2024-09-05 12:08:00+00:00,ROIC,15.175000190734863,15.175000190734863,15.180000305175781,15.175000190734863,15.180000305175781,1196.0
2024-09-05 12:08:00+00:00,SBAC,234.96499633789062,234.96499633789062,235.02999877929688,234.96499633789062,235.02999877929688,681.0
2024-09-05 12:08:00+00:00,UNIT,5.25,5.25,5.255000114440918,5.25,5.250100135803223,7516.0
2024-09-05 12:08:00+00:00,WHLR,2.4700000286102295,2.4700000286102295,2.4800000190734863,2.4000000953674316,2.460099935531616,75576.0
2024-09-05 12:08:00+00:00,WHLRD,19.106399536132812,19.106399536132812,19.106399536132812,19.106399536132812,19.106399536132812,565.0
2024-09-05 12:09:00+00:00,AGNC,10.225000381469727,10.225000381469727,10.229999542236328,10.220000267028809,10.229999542236328,7811.0
2024-09-05 12:09:00+00:00,CSGP,76.27010345458984,76.27010345458984,76.27010345458984,76.27010345458984,76.27010345458984,379.0
2024-09-05 12:09:00+00:00,DHC,3.2699999809265137,3.2699999809265137,3.2750000953674316,3.2699999809265137,3.2699999809265137,1913.0
2024-09-05 12:09:00+00:00,EQIX,820.239990234375,820.239990234375,820.239990234375,820.239990234375,820.239990234375,941.0
2024-09-05 12:09:00+00:00,GIPR,2.299999952316284,2.299999952316284,2.299999952316284,2.299999952316284,2.299999952316284,206.0
2024-09-05 12:09:00+00:00,GLPI,51.310001373291016,51.310001373291016,51.310001373291016,51.310001373291016,51.310001373291016,1683.0
2024-09-05 12:09:00+00:00,HST,16.674999237060547,16.674999237060547,16.677499771118164,16.674999237060547,16.677499771118164,1710.0
2024-09-05 12:09:00+00:00,HTIA,15.399999618530273,15.399999618530273,15.399999618530273,15.399999618530273,15.399999618530273,2000.0
2024-09-05 12:09:00+00:00,ILPT,4.934999942779541,4.934999942779541,4.934999942779541,4.934999942779541,4.934999942779541,424.0
2024-09-05 12:09:00+00:00,NMRK,14.149999618530273,14.149999618530273,14.149999618530273,14.149999618530273,14.149999618530273,843.0
2024-09-05 12:09:00+00:00,NYMT,6.355000019073486,6.355000019073486,6.355000019073486,6.355000019073486,6.355000019073486,564.0
2024-09-05 12:09:00+00:00,OPEN,1.9550000429153442,1.9550000429153442,1.9599000215530396,1.9500000476837158,1.9599000215530396,8433.0
2024-09-05 12:09:00+00:00,RDFN,9.521100044250488,9.521100044250488,9.539600372314453,9.520000457763672,9.529999732971191,11247.0
2024-09-05 12:09:00+00:00,REAX,5.724999904632568,5.724999904632568,5.724999904632568,5.724999904632568,5.724999904632568,880.0
2024-09-05 12:09:00+00:00,REG,72.98999786376953,72.98999786376953,72.98999786376953,72.98999786376953,72.98999786376953,1176.0
2024-09-05 12:09:00+00:00,ROIC,15.175000190734863,15.175000190734863,15.175000190734863,15.175000190734863,15.175000190734863,273.0
2024-09-05 12:09:00+00:00,SBAC,234.96499633789062,234.96499633789062,235.08999633789062,234.96499633789062,235.08999633789062,766.0
2024-09-05 12:09:00+00:00,SBRA,17.3799991607666,17.3799991607666,17.382999420166016,17.3799991607666,17.382999420166016,454.0
2024-09-05 12:09:00+00:00,UNIT,5.255000114440918,5.255000114440918,5.255000114440918,5.25,5.251500129699707,14201.0
2024-09-05 12:09:00+00:00,WHLR,2.450000047683716,2.450000047683716,2.509999990463257,2.440000057220459,2.4690001010894775,65652.0
2024-09-05 12:10:00+00:00,AGNC,10.225000381469727,10.225000381469727,10.225000381469727,10.220000267028809,10.225000381469727,19118.0
2024-09-05 12:10:00+00:00,CSGP,76.30500030517578,76.30500030517578,76.3499984741211,76.30000305175781,76.30000305175781,3634.0
2024-09-05 12:10:00+00:00,DHC,3.265000104904175,3.265000104904175,3.2699999809265137,3.265000104904175,3.2699999809265137,888.0
2024-09-05 12:10:00+00:00,EXPI,11.626799583435059,11.626799583435059,11.635000228881836,11.619999885559082,11.635000228881836,1888.0
2024-09-05 12:10:00+00:00,GLPI,51.290000915527344,51.290000915527344,51.310001373291016,51.290000915527344,51.310001373291016,2131.0
2024-09-05 12:10:00+00:00,HST,16.665000915527344,16.665000915527344,16.670000076293945,16.65999984741211,16.670000076293945,8573.0
2024-09-05 12:10:00+00:00,ILPT,4.929999828338623,4.929999828338623,4.929999828338623,4.929999828338623,4.929999828338623,310.0
2024-09-05 12:10:00+00:00,LAMR,124.06999969482422,124.06999969482422,124.08999633789062,124.06999969482422,124.08999633789062,467.0
2024-09-05 12:10:00+00:00,NMRK,14.180000305175781,14.180000305175781,14.180000305175781,14.15999984741211,14.15999984741211,11317.0
2024-09-05 12:10:00+00:00,NYMT,6.355000019073486,6.355000019073486,6.355000019073486,6.355000019073486,6.355000019073486,11851.0
2024-09-05 12:10:00+00:00,NYMTN,22.459999084472656,22.459999084472656,22.459999084472656,22.459999084472656,22.459999084472656,400.0
2024-09-05 12:10:00+00:00,OPEN,1.940000057220459,1.940000057220459,1.9550000429153442,1.940000057220459,1.9550000429153442,81573.0
2024-09-05 12:10:00+00:00,PCH,42.77000045776367,42.77000045776367,42.77000045776367,42.77000045776367,42.77000045776367,123.0
2024-09-05 12:10:00+00:00,PECO,37.05500030517578,37.05500030517578,37.09000015258789,37.04999923706055,37.09000015258789,1269.0
2024-09-05 12:10:00+00:00,RDFN,9.510000228881836,9.510000228881836,9.520000457763672,9.505000114440918,9.520000457763672,16450.0
2024-09-05 12:10:00+00:00,REAX,5.71999979019165,5.71999979019165,5.71999979019165,5.71999979019165,5.71999979019165,3960.0
2024-09-05 12:10:00+00:00,ROIC,15.154999732971191,15.154999732971191,15.170000076293945,15.154999732971191,15.170000076293945,5562.0
2024-09-05 12:10:00+00:00,SBAC,234.7899932861328,234.7899932861328,234.96499633789062,234.7899932861328,234.96499633789062,1133.0
2024-09-05 12:10:00+00:00,SBRA,17.3700008392334,17.3700008392334,17.385000228881836,17.3700008392334,17.3799991607666,3806.0
2024-09-05 12:10:00+00:00,SEVN,13.680000305175781,13.680000305175781,13.680000305175781,13.630000114440918,13.640000343322754,951.0
2024-09-05 12:10:00+00:00,SVC,4.559999942779541,4.559999942779541,4.565000057220459,4.559999942779541,4.565000057220459,1237.0
2024-09-05 12:10:00+00:00,UNIT,5.255000114440918,5.255000114440918,5.255000114440918,5.255000114440918,5.255000114440918,3315.0
2024-09-05 12:10:00+00:00,WHLR,2.450000047683716,2.450000047683716,2.4800000190734863,2.4200000762939453,2.440000057220459,40768.0
2024-09-05 12:11:00+00:00,AFCG,10.3149995803833,10.3149995803833,10.3149995803833,10.3149995803833,10.3149995803833,155.0
2024-09-05 12:11:00+00:00,AGNC,10.21500015258789,10.21500015258789,10.229999542236328,10.21500015258789,10.220000267028809,45684.0
2024-09-05 12:11:00+00:00,BPYPO,13.470000267028809,13.470000267028809,13.470000267028809,13.470000267028809,13.470000267028809,1000.0
2024-09-05 12:11:00+00:00,CSGP,76.33999633789062,76.33999633789062,76.3499984741211,76.33999633789062,76.3499984741211,785.0
2024-09-05 12:11:00+00:00,DHC,3.265000104904175,3.265000104904175,3.265000104904175,3.265000104904175,3.265000104904175,4179.0
2024-09-05 12:11:00+00:00,EXPI,11.6225004196167,11.6225004196167,11.625,11.6225004196167,11.625,737.0
2024-09-05 12:11:00+00:00,GLPI,51.27000045776367,51.27000045776367,51.275001525878906,51.27000045776367,51.275001525878906,1472.0
2024-09-05 12:11:00+00:00,HST,16.657499313354492,16.657499313354492,16.657499313354492,16.657499313354492,16.657499313354492,343.0
2024-09-05 12:11:00+00:00,NMRK,14.170000076293945,14.170000076293945,14.1850004196167,14.170000076293945,14.180000305175781,6608.0
2024-09-05 12:11:00+00:00,OPEN,1.9400999546051025,1.9400999546051025,1.9450000524520874,1.9400999546051025,1.9450000524520874,7642.0
2024-09-05 12:11:00+00:00,PCH,42.78499984741211,42.78499984741211,42.78499984741211,42.78499984741211,42.78499984741211,105.0
2024-09-05 12:11:00+00:00,RDFN,9.494999885559082,9.494999885559082,9.505000114440918,9.489999771118164,9.505000114440918,24382.0
2024-09-05 12:11:00+00:00,REAX,5.704999923706055,5.704999923706055,5.704999923706055,5.704999923706055,5.704999923706055,629.0
2024-09-05 12:11:00+00:00,ROIC,15.149999618530273,15.149999618530273,15.149999618530273,15.149999618530273,15.149999618530273,563.0
2024-09-05 12:11:00+00:00,SBRA,17.375,17.375,17.375,17.375,17.375,583.0
2024-09-05 12:11:00+00:00,SQFTW,0.03689999878406525,0.03689999878406525,0.03700000047683716,0.03689999878406525,0.03700000047683716,1800.0
2024-09-05 12:11:00+00:00,SVC,4.559999942779541,4.559999942779541,4.559999942779541,4.559999942779541,4.559999942779541,1642.0
2024-09-05 12:11:00+00:00,UNIT,5.244999885559082,5.244999885559082,5.260000228881836,5.239999771118164,5.25,59275.0
2024-09-05 12:11:00+00:00,WHLR,2.4626998901367188,2.4626998901367188,2.4700000286102295,2.4300999641418457,2.449899911880493,24579.0
2024-09-05 12:12:00+00:00,AGNC,10.21500015258789,10.21500015258789,10.220000267028809,10.210000038146973,10.21500015258789,16056.0
2024-09-05 12:12:00+00:00,BPYPO,13.470000267028809,13.470000267028809,13.470000267028809,13.470000267028809,13.470000267028809,1900.0
2024-09-05 12:12:00+00:00,CSGP,76.3499984741211,76.3499984741211,76.3499984741211,76.3499984741211,76.3499984741211,935.0
2024-09-05 12:12:00+00:00,EXPI,11.619999885559082,11.619999885559082,11.630000114440918,11.619999885559082,11.630000114440918,1209.0
2024-09-05 12:12:00+00:00,FSV,178.61500549316406,178.61500549316406,178.74000549316406,178.61500549316406,178.74000549316406,930.0
2024-09-05 12:12:00+00:00,HST,16.645000457763672,16.645000457763672,16.655000686645508,16.635000228881836,16.655000686645508,18661.0
2024-09-05 12:12:00+00:00,ILPT,4.929999828338623,4.929999828338623,4.929999828338623,4.929999828338623,4.929999828338623,693.0
2024-09-05 12:12:00+00:00,LAMR,124.01000213623047,124.01000213623047,124.01000213623047,124.01000213623047,124.01000213623047,330.0
2024-09-05 12:12:00+00:00,LSEA,11.470000267028809,11.470000267028809,11.470000267028809,11.470000267028809,11.470000267028809,1000.0
2024-09-05 12:12:00+00:00,NYMTN,22.489900588989258,22.489900588989258,22.489900588989258,22.489900588989258,22.489900588989258,0.0
2024-09-05 12:12:00+00:00,OPEN,1.9450000524520874,1.9450000524520874,1.9500000476837158,1.940000057220459,1.9450000524520874,49077.0
2024-09-05 12:12:00+00:00,PCH,42.7599983215332,42.7599983215332,42.7599983215332,42.7599983215332,42.7599983215332,242.0
2024-09-05 12:12:00+00:00,RDFN,9.489999771118164,9.489999771118164,9.5,9.484999656677246,9.494999885559082,60079.0
2024-09-05 12:12:00+00:00,REAX,5.699999809265137,5.699999809265137,5.704999923706055,5.699999809265137,5.699999809265137,985.0
2024-09-05 12:12:00+00:00,REFI,15.789999961853027,15.789999961853027,15.789999961853027,15.789999961853027,15.789999961853027,283.0
2024-09-05 12:12:00+00:00,ROIC,15.154999732971191,15.154999732971191,15.154999732971191,15.154999732971191,15.154999732971191,2805.0
2024-09-05 12:12:00+00:00,SBAC,234.86000061035156,234.86000061035156,234.86000061035156,234.86000061035156,234.86000061035156,699.0
2024-09-05 12:12:00+00:00,SBRA,17.375,17.375,17.375,17.375,17.375,113.0
2024-09-05 12:12:00+00:00,UNIT,5.244999885559082,5.244999885559082,5.244999885559082,5.241199970245361,5.244999885559082,4077.0
2024-09-05 12:12:00+00:00,WHLR,2.590100049972534,2.590100049972534,2.630000114440918,2.4663000106811523,2.4663000106811523,245031.0
2024-09-05 12:13:00+00:00,AGNC,10.21500015258789,10.21500015258789,10.215800285339355,10.210000038146973,10.210100173950195,9576.0
2024-09-05 12:13:00+00:00,ASPS,1.0800000429153442,1.0800000429153442,1.0800000429153442,1.0800000429153442,1.0800000429153442,32.0
2024-09-05 12:13:00+00:00,CSGP,76.33999633789062,76.33999633789062,76.33999633789062,76.33999633789062,76.33999633789062,728.0
2024-09-05 12:13:00+00:00,EQIX,818.989990234375,818.989990234375,818.989990234375,818.989990234375,818.989990234375,1377.0
2024-09-05 12:13:00+00:00,EXPI,11.614999771118164,11.614999771118164,11.614999771118164,11.614999771118164,11.614999771118164,160.0
2024-09-05 12:13:00+00:00,GLPI,51.27000045776367,51.27000045776367,51.27000045776367,51.25,51.25,2584.0
2024-09-05 12:13:00+00:00,GOOD,15.15999984741211,15.15999984741211,15.15999984741211,15.15999984741211,15.15999984741211,108.0
2024-09-05 12:13:00+00:00,HST,16.649999618530273,16.649999618530273,16.649999618530273,16.645000457763672,16.645000457763672,5397.0
2024-09-05 12:13:00+00:00,LAMR,123.88999938964844,123.88999938964844,124.0199966430664,123.88999938964844,124.0199966430664,1693.0
2024-09-05 12:13:00+00:00,LSEA,11.470000267028809,11.470000267028809,11.470000267028809,11.470000267028809,11.470000267028809,211.0
2024-09-05 12:13:00+00:00,MDJH,1.0399999618530273,1.0399999618530273,1.0399999618530273,1.0399999618530273,1.0399999618530273,302.0
2024-09-05 12:13:00+00:00,NMRK,14.15999984741211,14.15999984741211,14.15999984741211,14.149999618530273,14.149999618530273,2047.0
2024-09-05 12:13:00+00:00,OPEN,1.9450000524520874,1.9450000524520874,1.9450000524520874,1.940000057220459,1.9450000524520874,2198.0
2024-09-05 12:13:00+00:00,PCH,42.76499938964844,42.76499938964844,42.76499938964844,42.76499938964844,42.76499938964844,149.0
2024-09-05 12:13:00+00:00,RDFN,9.489999771118164,9.489999771118164,9.5,9.484999656677246,9.484999656677246,27572.0
2024-09-05 12:13:00+00:00,REAX,5.695000171661377,5.695000171661377,5.704999923706055,5.695000171661377,5.699999809265137,2594.0
2024-09-05 12:13:00+00:00,REG,72.95999908447266,72.95999908447266,72.95999908447266,72.94999694824219,72.94999694824219,986.0
2024-09-05 12:13:00+00:00,ROIC,15.170000076293945,15.170000076293945,15.170000076293945,15.149999618530273,15.149999618530273,7831.0
2024-09-05 12:13:00+00:00,SBAC,235.00999450683594,235.00999450683594,235.00999450683594,235.0,235.0,1219.0
2024-09-05 12:13:00+00:00,SBRA,17.375,17.375,17.375,17.354999542236328,17.3700008392334,2518.0
2024-09-05 12:13:00+00:00,SVC,4.565000057220459,4.565000057220459,4.565000057220459,4.565000057220459,4.565000057220459,884.0
2024-09-05 12:13:00+00:00,UNIT,5.235000133514404,5.235000133514404,5.244999885559082,5.230000019073486,5.244999885559082,17179.0
2024-09-05 12:13:00+00:00,WHLR,2.6050000190734863,2.6050000190734863,2.6298999786376953,2.559999942779541,2.590100049972534,179123.0
2024-09-05 12:14:00+00:00,AFCG,10.3149995803833,10.3149995803833,10.3149995803833,10.3149995803833,10.3149995803833,333.0
2024-09-05 12:14:00+00:00,AGNC,10.21500015258789,10.21500015258789,10.21500015258789,10.21500015258789,10.21500015258789,4714.0
2024-09-05 12:14:00+00:00,CSGP,76.36000061035156,76.36000061035156,76.38999938964844,76.36000061035156,76.38999938964844,958.0
2024-09-05 12:14:00+00:00,EXPI,11.630000114440918,11.630000114440918,11.630000114440918,11.619999885559082,11.619999885559082,823.0
2024-09-05 12:14:00+00:00,GLPI,51.26169967651367,51.26169967651367,51.279998779296875,51.26169967651367,51.279998779296875,1671.0
2024-09-05 12:14:00+00:00,HST,16.655000686645508,16.655000686645508,16.665000915527344,16.655000686645508,16.65999984741211,11262.0
2024-09-05 12:14:00+00:00,HTIBP,15.569999694824219,15.569999694824219,15.569999694824219,15.569999694824219,15.569999694824219,200.0
2024-09-05 12:14:00+00:00,NMRK,14.170000076293945,14.170000076293945,14.170000076293945,14.170000076293945,14.170000076293945,207.0
2024-09-05 12:14:00+00:00,OPEN,1.9499000310897827,1.9499000310897827,1.9500000476837158,1.940000057220459,1.9450000524520874,83147.0
2024-09-05 12:14:00+00:00,RDFN,9.520000457763672,9.520000457763672,9.520000457763672,9.489999771118164,9.494999885559082,6902.0
2024-09-05 12:14:00+00:00,REAX,5.690000057220459,5.690000057220459,5.695000171661377,5.690000057220459,5.695000171661377,4531.0
2024-09-05 12:14:00+00:00,REFI,15.779999732971191,15.779999732971191,15.779999732971191,15.779999732971191,15.779999732971191,3235.0
2024-09-05 12:14:00+00:00,REG,72.9800033569336,72.9800033569336,72.9800033569336,72.9800033569336,72.9800033569336,430.0
2024-09-05 12:14:00+00:00,RMR,24.59000015258789,24.59000015258789,24.625,24.59000015258789,24.625,719.0
2024-09-05 12:14:00+00:00,SBRA,17.385000228881836,17.385000228881836,17.385000228881836,17.3799991607666,17.3799991607666,891.0
2024-09-05 12:14:00+00:00,SVC,4.585000038146973,4.585000038146973,4.589300155639648,4.570000171661377,4.570000171661377,16115.0
2024-09-05 12:14:00+00:00,UNIT,5.244999885559082,5.244999885559082,5.244999885559082,5.235000133514404,5.235000133514404,13447.0
2024-09-05 12:14:00+00:00,WHLR,2.7100000381469727,2.7100000381469727,2.7300000190734863,2.5899999141693115,2.600100040435791,230154.0
2024-09-05 12:15:00+00:00,AGNC,10.21500015258789,10.21500015258789,10.21500015258789,10.21500015258789,10.21500015258789,2688.0
2024-09-05 12:15:00+00:00,CSGP,76.41999816894531,76.41999816894531,76.41999816894531,76.38999938964844,76.4000015258789,1313.0
2024-09-05 12:15:00+00:00,EXPI,11.640000343322754,11.640000343322754,11.640000343322754,11.640000343322754,11.640000343322754,1303.0
2024-09-05 12:15:00+00:00,GLPI,51.2400016784668,51.2400016784668,51.2599983215332,51.2400016784668,51.2599983215332,776.0
2024-09-05 12:15:00+00:00,GOOD,15.170000076293945,15.170000076293945,15.170000076293945,15.170000076293945,15.170000076293945,358.0
2024-09-05 12:15:00+00:00,HST,16.645000457763672,16.645000457763672,16.65999984741211,16.645000457763672,16.65999984741211,13377.0
2024-09-05 12:15:00+00:00,ILPT,4.929999828338623,4.929999828338623,4.929999828338623,4.929999828338623,4.929999828338623,105.0
2024-09-05 12:15:00+00:00,LAMR,123.87000274658203,123.87000274658203,123.87000274658203,123.87000274658203,123.87000274658203,166.0
2024-09-05 12:15:00+00:00,LAND,13.470000267028809,13.470000267028809,13.470000267028809,13.470000267028809,13.470000267028809,1120.0
2024-09-05 12:15:00+00:00,NMRK,14.170000076293945,14.170000076293945,14.175999641418457,14.170000076293945,14.175999641418457,2673.0
2024-09-05 12:15:00+00:00,OPEN,1.9500999450683594,1.9500999450683594,1.9550000429153442,1.9450000524520874,1.9450000524520874,114180.0
2024-09-05 12:15:00+00:00,OPI,2.134999990463257,2.134999990463257,2.134999990463257,2.134999990463257,2.134999990463257,238.0
2024-09-05 12:15:00+00:00,PCH,42.76499938964844,42.76499938964844,42.76499938964844,42.76499938964844,42.76499938964844,271.0
2024-09-05 12:15:00+00:00,PECO,37.06999969482422,37.06999969482422,37.06999969482422,37.06999969482422,37.06999969482422,506.0
2024-09-05 12:15:00+00:00,RDFN,9.529999732971191,9.529999732971191,9.539899826049805,9.529899597167969,9.529899597167969,8154.0
2024-09-05 12:15:00+00:00,REAX,5.679999828338623,5.679999828338623,5.679999828338623,5.675000190734863,5.679999828338623,2556.0
2024-09-05 12:15:00+00:00,REG,72.98999786376953,72.98999786376953,72.98999786376953,72.98999786376953,72.98999786376953,764.0
2024-09-05 12:15:00+00:00,SBAC,235.02999877929688,235.02999877929688,235.02999877929688,235.02999877929688,235.02999877929688,333.0
2024-09-05 12:15:00+00:00,SBRA,17.385000228881836,17.385000228881836,17.385000228881836,17.385000228881836,17.385000228881836,597.0
2024-09-05 12:15:00+00:00,SVC,4.585000038146973,4.585000038146973,4.585000038146973,4.579999923706055,4.585000038146973,5495.0
2024-09-05 12:15:00+00:00,UNIT,5.25,5.25,5.25,5.244999885559082,5.25,1877.0
2024-09-05 12:15:00+00:00,WHLR,2.750999927520752,2.750999927520752,2.819999933242798,2.700000047683716,2.710099935531616,374298.0
2024-09-05 12:16:00+00:00,AFCG,10.3100004196167,10.3100004196167,10.3100004196167,10.3100004196167,10.3100004196167,135.0
2024-09-05 12:16:00+00:00,AGNC,10.21500015258789,10.21500015258789,10.21500015258789,10.21500015258789,10.21500015258789,15863.0
2024-09-05 12:16:00+00:00,CHCI,7.510499954223633,7.510499954223633,7.519999980926514,7.510000228881836,7.519999980926514,1087.0
2024-09-05 12:16:00+00:00,CSGP,76.30000305175781,76.30000305175781,76.3499984741211,76.30000305175781,76.3499984741211,1005.0
2024-09-05 12:16:00+00:00,DHC,3.265000104904175,3.265000104904175,3.265000104904175,3.265000104904175,3.265000104904175,200.0
2024-09-05 12:16:00+00:00,EXPI,11.640000343322754,11.640000343322754,11.649999618530273,11.640000343322754,11.649999618530273,977.0
2024-09-05 12:16:00+00:00,GLPI,51.220001220703125,51.220001220703125,51.22999954223633,51.220001220703125,51.22999954223633,2111.0
2024-09-05 12:16:00+00:00,GOOD,15.170000076293945,15.170000076293945,15.170000076293945,15.170000076293945,15.170000076293945,227.0
2024-09-05 12:16:00+00:00,HST,16.640100479125977,16.640100479125977,16.640100479125977,16.640100479125977,16.640100479125977,773.0
2024-09-05 12:16:00+00:00,ILPT,4.929999828338623,4.929999828338623,4.929999828338623,4.929999828338623,4.929999828338623,701.0
2024-09-05 12:16:00+00:00,OPEN,1.9550000429153442,1.9550000429153442,1.9565000534057617,1.9500999450683594,1.9550000429153442,55907.0
2024-09-05 12:16:00+00:00,RDFN,9.529999732971191,9.529999732971191,9.529999732971191,9.524999618530273,9.524999618530273,807.0
2024-09-05 12:16:00+00:00,REAX,5.684999942779541,5.684999942779541,5.684999942779541,5.684999942779541,5.684999942779541,616.0
2024-09-05 12:16:00+00:00,REG,72.9800033569336,72.9800033569336,72.9800033569336,72.95999908447266,72.95999908447266,917.0
2024-09-05 12:16:00+00:00,ROIC,15.15999984741211,15.15999984741211,15.161999702453613,15.15999984741211,15.15999984741211,898.0
2024-09-05 12:16:00+00:00,SBAC,235.02999877929688,235.02999877929688,235.02999877929688,235.02999877929688,235.02999877929688,608.0
2024-09-05 12:16:00+00:00,SBRA,17.385000228881836,17.385000228881836,17.385000228881836,17.385000228881836,17.385000228881836,219.0
2024-09-05 12:16:00+00:00,SVC,4.585000038146973,4.585000038146973,4.585000038146973,4.579999923706055,4.579999923706055,3454.0
2024-09-05 12:16:00+00:00,UNIT,5.241000175476074,5.241000175476074,5.25,5.241000175476074,5.244999885559082,2727.0
2024-09-05 12:16:00+00:00,WHLR,2.740000009536743,2.740000009536743,2.799999952316284,2.700000047683716,2.755000114440918,175683.0
2024-09-05 12:17:00+00:00,AFCG,10.3100004196167,10.3100004196167,10.3100004196167,10.3100004196167,10.3100004196167,111.0
2024-09-05 12:17:00+00:00,AGNC,10.21500015258789,10.21500015258789,10.21500015258789,10.21500015258789,10.21500015258789,8041.0
2024-09-05 12:17:00+00:00,CSGP,76.375,76.375,76.375,76.3499984741211,76.3499984741211,2169.0
2024-09-05 12:17:00+00:00,DHC,3.265000104904175,3.265000104904175,3.265000104904175,3.265000104904175,3.265000104904175,413.0
2024-09-05 12:17:00+00:00,GLPI,51.25,51.25,51.25,51.224998474121094,51.224998474121094,3127.0
2024-09-05 12:17:00+00:00,HST,16.645000457763672,16.645000457763672,16.649999618530273,16.639999389648438,16.645000457763672,17186.0
2024-09-05 12:17:00+00:00,LAMR,123.90499877929688,123.90499877929688,123.90499877929688,123.90499877929688,123.90499877929688,444.0
2024-09-05 12:17:00+00:00,LANDO,21.360000610351562,21.360000610351562,21.360000610351562,21.360000610351562,21.360000610351562,900.0
2024-09-05 12:17:00+00:00,NYMT,6.364999771118164,6.364999771118164,6.364999771118164,6.360000133514404,6.360000133514404,726.0
2024-09-05 12:17:00+00:00,OPEN,1.9500000476837158,1.9500000476837158,1.9593000411987305,1.9500000476837158,1.9550000429153442,38912.0
2024-09-05 12:17:00+00:00,RDFN,9.548399925231934,9.548399925231934,9.5600004196167,9.529999732971191,9.53950023651123,14940.0
2024-09-05 12:17:00+00:00,REAX,5.679999828338623,5.679999828338623,5.684999942779541,5.679999828338623,5.679999828338623,4486.0
2024-09-05 12:17:00+00:00,REG,73.0199966430664,73.0199966430664,73.03500366210938,72.9800033569336,72.98999786376953,3397.0
2024-09-05 12:17:00+00:00,ROIC,15.170000076293945,15.170000076293945,15.170000076293945,15.164999961853027,15.164999961853027,1661.0
2024-09-05 12:17:00+00:00,SBAC,234.92999267578125,234.92999267578125,234.92999267578125,234.92999267578125,234.92999267578125,324.0
2024-09-05 12:17:00+00:00,SBRA,17.385000228881836,17.385000228881836,17.385000228881836,17.385000228881836,17.385000228881836,365.0
2024-09-05 12:17:00+00:00,SVC,4.585000038146973,4.585000038146973,4.585000038146973,4.585000038146973,4.585000038146973,2206.0
2024-09-05 12:17:00+00:00,UNIT,5.244999885559082,5.244999885559082,5.25,5.240600109100342,5.244999885559082,3899.0
2024-09-05 12:17:00+00:00,WHLR,2.869999885559082,2.869999885559082,2.9200000762939453,2.7100000381469727,2.7328999042510986,329613.0
2024-09-05 12:17:00+00:00,WHLRD,19.100000381469727,19.100000381469727,19.100000381469727,19.100000381469727,19.100000381469727,1060.0
2024-09-05 12:18:00+00:00,AGNC,10.21500015258789,10.21500015258789,10.220000267028809,10.210100173950195,10.210100173950195,1529.0
2024-09-05 12:18:00+00:00,CIGI,140.72000122070312,140.72000122070312,140.72000122070312,140.72000122070312,140.72000122070312,105.0
2024-09-05 12:18:00+00:00,CSGP,76.37999725341797,76.37999725341797,76.39649963378906,76.37999725341797,76.39649963378906,309.0
2024-09-05 12:18:00+00:00,GIPR,2.2799999713897705,2.2799999713897705,2.2799999713897705,2.2799999713897705,2.2799999713897705,716.0
2024-09-05 12:18:00+00:00,GLPI,51.22999954223633,51.22999954223633,51.244998931884766,51.22999954223633,51.244998931884766,2870.0
2024-09-05 12:18:00+00:00,HST,16.64299964904785,16.64299964904785,16.649999618530273,16.64299964904785,16.649999618530273,4066.0
2024-09-05 12:18:00+00:00,LAMR,123.98999786376953,123.98999786376953,123.98999786376953,123.98999786376953,123.98999786376953,639.0
2024-09-05 12:18:00+00:00,NMRK,14.170000076293945,14.170000076293945,14.170000076293945,14.170000076293945,14.170000076293945,1110.0
2024-09-05 12:18:00+00:00,NYMT,6.369999885559082,6.369999885559082,6.369999885559082,6.369999885559082,6.369999885559082,933.0
2024-09-05 12:18:00+00:00,OPEN,1.9450000524520874,1.9450000524520874,1.9570000171661377,1.940000057220459,1.9502999782562256,157364.0
2024-09-05 12:18:00+00:00,PECO,37.09000015258789,37.09000015258789,37.09000015258789,37.09000015258789,37.09000015258789,161.0
2024-09-05 12:18:00+00:00,RDFN,9.549300193786621,9.549300193786621,9.550000190734863,9.542499542236328,9.550000190734863,1714.0
2024-09-05 12:18:00+00:00,REAX,5.684999942779541,5.684999942779541,5.684999942779541,5.675000190734863,5.675000190734863,1324.0
2024-09-05 12:18:00+00:00,ROIC,15.180000305175781,15.180000305175781,15.180000305175781,15.175000190734863,15.175000190734863,2580.0
2024-09-05 12:18:00+00:00,SBRA,17.385000228881836,17.385000228881836,17.389999389648438,17.385000228881836,17.385000228881836,825.0
2024-09-05 12:18:00+00:00,SVC,4.583000183105469,4.583000183105469,4.583000183105469,4.583000183105469,4.583000183105469,378.0
2024-09-05 12:18:00+00:00,UNIT,5.25,5.25,5.25,5.25,5.25,9462.0
2024-09-05 12:18:00+00:00,WHLR,2.738800048828125,2.738800048828125,2.899899959564209,2.680000066757202,2.890000104904175,317206.0
2024-09-05 12:19:00+00:00,AGNC,10.21500015258789,10.21500015258789,10.217499732971191,10.210200309753418,10.210200309753418,4168.0
2024-09-05 12:19:00+00:00,ASPS,1.090000033378601,1.090000033378601,1.090000033378601,1.090000033378601,1.090000033378601,101.0
2024-09-05 12:19:00+00:00,BPYPP,14.83899974822998,14.83899974822998,14.83899974822998,14.83899974822998,14.83899974822998,197.0
2024-09-05 12:19:00+00:00,CSGP,76.43000030517578,76.43000030517578,76.43000030517578,76.43000030517578,76.43000030517578,575.0
2024-09-05 12:19:00+00:00,EXPI,11.65999984741211,11.65999984741211,11.65999984741211,11.649999618530273,11.649999618530273,599.0
2024-09-05 12:19:00+00:00,GLPI,51.2400016784668,51.2400016784668,51.2400016784668,51.224998474121094,51.224998474121094,5693.0
2024-09-05 12:19:00+00:00,GOOD,15.170000076293945,15.170000076293945,15.170000076293945,15.170000076293945,15.170000076293945,658.0
2024-09-05 12:19:00+00:00,HST,16.635000228881836,16.635000228881836,16.639999389648438,16.6299991607666,16.639999389648438,13850.0
2024-09-05 12:19:00+00:00,LANDO,21.469999313354492,21.469999313354492,21.469999313354492,21.469999313354492,21.469999313354492,116.0
2024-09-05 12:19:00+00:00,LSEA,11.470000267028809,11.470000267028809,11.470000267028809,11.470000267028809,11.470000267028809,343.0
2024-09-05 12:19:00+00:00,NMRK,14.170000076293945,14.170000076293945,14.170000076293945,14.164999961853027,14.164999961853027,1940.0
2024-09-05 12:19:00+00:00,NYMT,6.364999771118164,6.364999771118164,6.364999771118164,6.364999771118164,6.364999771118164,521.0
2024-09-05 12:19:00+00:00,OPEN,1.9450000524520874,1.9450000524520874,1.9450000524520874,1.940000057220459,1.9450000524520874,7920.0
2024-09-05 12:19:00+00:00,PECO,37.09000015258789,37.09000015258789,37.09000015258789,37.09000015258789,37.09000015258789,170.0
2024-09-05 12:19:00+00:00,RDFN,9.545000076293945,9.545000076293945,9.550000190734863,9.539999961853027,9.539999961853027,2918.0
2024-09-05 12:19:00+00:00,REAX,5.684999942779541,5.684999942779541,5.690000057220459,5.684999942779541,5.684999942779541,7941.0
2024-09-05 12:19:00+00:00,REG,73.08000183105469,73.08000183105469,73.08000183105469,73.08000183105469,73.08000183105469,475.0
2024-09-05 12:19:00+00:00,ROIC,15.1850004196167,15.1850004196167,15.1899995803833,15.180000305175781,15.1850004196167,2448.0
2024-09-05 12:19:00+00:00,SBAC,235.0399932861328,235.0399932861328,235.05999755859375,234.91000366210938,235.05999755859375,741.0
2024-09-05 12:19:00+00:00,SBRA,17.385000228881836,17.385000228881836,17.385000228881836,17.385000228881836,17.385000228881836,158.0
2024-09-05 12:19:00+00:00,SEVN,13.609999656677246,13.609999656677246,13.609999656677246,13.609999656677246,13.609999656677246,143.0
2024-09-05 12:19:00+00:00,SVC,4.581699848175049,4.581699848175049,4.581699848175049,4.581699848175049,4.581699848175049,719.0
2024-09-05 12:19:00+00:00,UNIT,5.260000228881836,5.260000228881836,5.260000228881836,5.25,5.25,6793.0
2024-09-05 12:19:00+00:00,WHLR,2.759999990463257,2.759999990463257,2.7899999618530273,2.710099935531616,2.7300000190734863,85564.0
2024-09-05 12:20:00+00:00,AFCG,10.3149995803833,10.3149995803833,10.3149995803833,10.3149995803833,10.3149995803833,110.0
2024-09-05 12:20:00+00:00,AGNC,10.21500015258789,10.21500015258789,10.21500015258789,10.210000038146973,10.21500015258789,106109.0
2024-09-05 12:20:00+00:00,CIGI,141.0749969482422,141.0749969482422,141.0749969482422,141.0,141.0,1043.0
2024-09-05 12:20:00+00:00,CSGP,76.47000122070312,76.47000122070312,76.47000122070312,76.47000122070312,76.47000122070312,462.0
2024-09-05 12:20:00+00:00,EXPI,11.664999961853027,11.664999961853027,11.664999961853027,11.664199829101562,11.664199829101562,1100.0
2024-09-05 12:20:00+00:00,GLPI,51.27000045776367,51.27000045776367,51.27000045776367,51.25,51.255001068115234,1566.0
2024-09-05 12:20:00+00:00,HST,16.645000457763672,16.645000457763672,16.645000457763672,16.6299991607666,16.6299991607666,11694.0
2024-09-05 12:20:00+00:00,LAMR,124.00499725341797,124.00499725341797,124.0199966430664,124.0,124.0199966430664,1954.0
2024-09-05 12:20:00+00:00,NMRK,14.170000076293945,14.170000076293945,14.170000076293945,14.170000076293945,14.170000076293945,895.0
2024-09-05 12:20:00+00:00,OPEN,1.9450000524520874,1.9450000524520874,1.9499000310897827,1.940000057220459,1.9450000524520874,37949.0
2024-09-05 12:20:00+00:00,PCH,42.79999923706055,42.79999923706055,42.79999923706055,42.790000915527344,42.790000915527344,2037.0
2024-09-05 12:20:00+00:00,PECO,37.11000061035156,37.11000061035156,37.11000061035156,37.09000015258789,37.09000015258789,1207.0
2024-09-05 12:20:00+00:00,RDFN,9.550000190734863,9.550000190734863,9.550000190734863,9.545000076293945,9.545000076293945,2955.0
2024-09-05 12:20:00+00:00,REG,73.13999938964844,73.13999938964844,73.13999938964844,73.0999984741211,73.0999984741211,786.0
2024-09-05 12:20:00+00:00,ROIC,15.1899995803833,15.1899995803833,15.1899995803833,15.180999755859375,15.1850004196167,1642.0
2024-09-05 12:20:00+00:00,SBAC,234.9250030517578,234.9250030517578,234.9250030517578,234.9250030517578,234.9250030517578,308.0
2024-09-05 12:20:00+00:00,SBRA,17.399999618530273,17.399999618530273,17.399999618530273,17.385000228881836,17.385000228881836,4028.0
2024-09-05 12:20:00+00:00,UNIT,5.260000228881836,5.260000228881836,5.260000228881836,5.256100177764893,5.256100177764893,1327.0
2024-09-05 12:20:00+00:00,WHLR,2.759999990463257,2.759999990463257,2.7799999713897705,2.7300000190734863,2.7790000438690186,60041.0
2024-09-05 12:21:00+00:00,AFCG,10.319999694824219,10.319999694824219,10.319999694824219,10.319999694824219,10.319999694824219,208.0
2024-09-05 12:21:00+00:00,AGNC,10.225000381469727,10.225000381469727,10.225000381469727,10.21500015258789,10.21500015258789,55281.0
2024-09-05 12:21:00+00:00,CSGP,76.47000122070312,76.47000122070312,76.47000122070312,76.47000122070312,76.47000122070312,118.0
2024-09-05 12:21:00+00:00,DHC,3.2699999809265137,3.2699999809265137,3.2699999809265137,3.2699999809265137,3.2699999809265137,2519.0
2024-09-05 12:21:00+00:00,EQIX,819.1649780273438,819.1649780273438,819.1649780273438,819.1649780273438,819.1649780273438,260.0
2024-09-05 12:21:00+00:00,EXPI,11.670000076293945,11.670000076293945,11.680000305175781,11.670000076293945,11.680000305175781,1220.0
2024-09-05 12:21:00+00:00,GLPI,51.2599983215332,51.2599983215332,51.26499938964844,51.255001068115234,51.26499938964844,1168.0
2024-09-05 12:21:00+00:00,ILPT,4.945000171661377,4.945000171661377,4.945000171661377,4.940000057220459,4.940000057220459,901.0
2024-09-05 12:21:00+00:00,LAMR,124.19000244140625,124.19000244140625,124.19000244140625,124.11000061035156,124.11000061035156,1733.0
2024-09-05 12:21:00+00:00,NMRK,14.180000305175781,14.180000305175781,14.180000305175781,14.180000305175781,14.180000305175781,509.0
2024-09-05 12:21:00+00:00,NYMT,6.375,6.375,6.375,6.369999885559082,6.369999885559082,412.0
2024-09-05 12:21:00+00:00,OPEN,1.9550000429153442,1.9550000429153442,1.9600000381469727,1.9450000524520874,1.9499000310897827,133814.0
2024-09-05 12:21:00+00:00,OPI,2.134999990463257,2.134999990463257,2.134999990463257,2.134999990463257,2.134999990463257,164.0
2024-09-05 12:21:00+00:00,PCH,42.849998474121094,42.849998474121094,42.849998474121094,42.849998474121094,42.849998474121094,915.0
2024-09-05 12:21:00+00:00,PECO,37.1150016784668,37.1150016784668,37.130001068115234,37.11000061035156,37.130001068115234,739.0
2024-09-05 12:21:00+00:00,RDFN,9.5600004196167,9.5600004196167,9.5600004196167,9.5600004196167,9.5600004196167,1303.0
2024-09-05 12:21:00+00:00,REAX,5.684999942779541,5.684999942779541,5.684999942779541,5.684999942779541,5.684999942779541,672.0
2024-09-05 12:21:00+00:00,ROIC,15.199999809265137,15.199999809265137,15.199999809265137,15.192000389099121,15.192000389099121,681.0
2024-09-05 12:21:00+00:00,SBAC,235.08999633789062,235.08999633789062,235.08999633789062,235.08999633789062,235.08999633789062,797.0
2024-09-05 12:21:00+00:00,SVC,4.59499979019165,4.59499979019165,4.59499979019165,4.590000152587891,4.590000152587891,2338.0
2024-09-05 12:21:00+00:00,UNIT,5.255000114440918,5.255000114440918,5.260000228881836,5.25,5.260000228881836,1272.0
2024-09-05 12:21:00+00:00,WHLR,2.8499999046325684,2.8499999046325684,2.8499999046325684,2.75,2.759999990463257,199051.0
2024-09-05 12:22:00+00:00,AGNC,10.225000381469727,10.225000381469727,10.225000381469727,10.225000381469727,10.225000381469727,3992.0
2024-09-05 12:22:00+00:00,CSGP,76.47000122070312,76.47000122070312,76.47000122070312,76.43499755859375,76.43499755859375,866.0
2024-09-05 12:22:00+00:00,EQIX,819.1900024414062,819.1900024414062,819.1900024414062,818.1500854492188,818.1500854492188,763.0
2024-09-05 12:22:00+00:00,EXPI,11.678600311279297,11.678600311279297,11.680000305175781,11.670000076293945,11.670000076293945,1235.0
2024-09-05 12:22:00+00:00,FSV,178.76499938964844,178.76499938964844,178.76499938964844,178.76499938964844,178.76499938964844,379.0
2024-09-05 12:22:00+00:00,GLPI,51.27000045776367,51.27000045776367,51.275001525878906,51.26499938964844,51.27000045776367,2738.0
2024-09-05 12:22:00+00:00,GOOD,15.1899995803833,15.1899995803833,15.1899995803833,15.1899995803833,15.1899995803833,340.0
2024-09-05 12:22:00+00:00,HST,16.655000686645508,16.655000686645508,16.65999984741211,16.645000457763672,16.649999618530273,18408.0
2024-09-05 12:22:00+00:00,NMRK,14.194999694824219,14.194999694824219,14.199999809265137,14.1899995803833,14.1899995803833,1522.0
2024-09-05 12:22:00+00:00,NYMT,6.380000114440918,6.380000114440918,6.380000114440918,6.380000114440918,6.380000114440918,324.0
2024-09-05 12:22:00+00:00,OPEN,1.969499945640564,1.969499945640564,1.969499945640564,1.9557000398635864,1.9564000368118286,116410.0
2024-09-05 12:22:00+00:00,PCH,42.880001068115234,42.880001068115234,42.880001068115234,42.880001068115234,42.880001068115234,183.0
2024-09-05 12:22:00+00:00,PECO,37.11000061035156,37.11000061035156,37.11000061035156,37.11000061035156,37.11000061035156,204.0
2024-09-05 12:22:00+00:00,RDFN,9.545000076293945,9.545000076293945,9.550000190734863,9.545000076293945,9.550000190734863,4778.0
2024-09-05 12:22:00+00:00,REAX,5.690000057220459,5.690000057220459,5.690000057220459,5.684999942779541,5.690000057220459,7039.0
2024-09-05 12:22:00+00:00,REFI,15.800000190734863,15.800000190734863,15.819999694824219,15.795000076293945,15.795000076293945,2292.0
2024-09-05 12:22:00+00:00,REG,73.16999816894531,73.16999816894531,73.16999816894531,73.15499877929688,73.15499877929688,1098.0
2024-09-05 12:22:00+00:00,ROIC,15.204999923706055,15.204999923706055,15.204999923706055,15.204999923706055,15.204999923706055,1312.0
2024-09-05 12:22:00+00:00,SBRA,17.40999984741211,17.40999984741211,17.40999984741211,17.405000686645508,17.40999984741211,2351.0
2024-09-05 12:22:00+00:00,SVC,4.599999904632568,4.599999904632568,4.605000019073486,4.599999904632568,4.599999904632568,21127.0
2024-09-05 12:22:00+00:00,UNIT,5.255000114440918,5.255000114440918,5.260000228881836,5.255000114440918,5.260000228881836,5015.0
2024-09-05 12:22:00+00:00,WHLR,2.7750000953674316,2.7750000953674316,2.8499999046325684,2.7750000953674316,2.8101000785827637,165608.0
2024-09-05 12:23:00+00:00,AGNC,10.22350025177002,10.22350025177002,10.225000381469727,10.220199584960938,10.225000381469727,4179.0
2024-09-05 12:23:00+00:00,CSGP,76.52999877929688,76.52999877929688,76.52999877929688,76.46499633789062,76.46499633789062,1173.0
2024-09-05 12:23:00+00:00,EXPI,11.6899995803833,11.6899995803833,11.690699577331543,11.676799774169922,11.676799774169922,1898.0
2024-09-05 12:23:00+00:00,FSV,178.8000030517578,178.8000030517578,178.8000030517578,178.7899932861328,178.7899932861328,314.0
2024-09-05 12:23:00+00:00,GLPI,51.309898376464844,51.309898376464844,51.310001373291016,51.279998779296875,51.279998779296875,2699.0
2024-09-05 12:23:00+00:00,HST,16.655000686645508,16.655000686645508,16.65999984741211,16.655000686645508,16.65999984741211,9227.0
2024-09-05 12:23:00+00:00,ILPT,4.960000038146973,4.960000038146973,4.960000038146973,4.949999809265137,4.949999809265137,626.0
2024-09-05 12:23:00+00:00,LAND,13.510000228881836,13.510000228881836,13.510000228881836,13.510000228881836,13.510000228881836,482.0
2024-09-05 12:23:00+00:00,NMRK,14.199999809265137,14.199999809265137,14.199999809265137,14.199999809265137,14.199999809265137,1025.0
2024-09-05 12:23:00+00:00,NYMT,6.394999980926514,6.394999980926514,6.394999980926514,6.389999866485596,6.389999866485596,746.0
2024-09-05 12:23:00+00:00,OPEN,1.9601000547409058,1.9601000547409058,1.9699000120162964,1.9601000547409058,1.965000033378601,72622.0
2024-09-05 12:23:00+00:00,OPI,2.134999990463257,2.134999990463257,2.134999990463257,2.134999990463257,2.134999990463257,402.0
2024-09-05 12:23:00+00:00,PCH,42.88999938964844,42.88999938964844,42.88999938964844,42.88999938964844,42.88999938964844,425.0
2024-09-05 12:23:00+00:00,PECO,37.13999938964844,37.13999938964844,37.13999938964844,37.130001068115234,37.130001068115234,781.0
2024-09-05 12:23:00+00:00,RDFN,9.545000076293945,9.545000076293945,9.569700241088867,9.539999961853027,9.550000190734863,10376.0
2024-09-05 12:23:00+00:00,REAX,5.684999942779541,5.684999942779541,5.684999942779541,5.684999942779541,5.684999942779541,654.0
2024-09-05 12:23:00+00:00,ROIC,15.204999923706055,15.204999923706055,15.21500015258789,15.204999923706055,15.210000038146973,2470.0
2024-09-05 12:23:00+00:00,SBAC,235.08999633789062,235.08999633789062,235.10000610351562,235.07000732421875,235.10000610351562,884.0
2024-09-05 12:23:00+00:00,SBRA,17.424999237060547,17.424999237060547,17.43000030517578,17.420000076293945,17.420000076293945,4818.0
2024-09-05 12:23:00+00:00,SVC,4.59499979019165,4.59499979019165,4.59499979019165,4.59499979019165,4.59499979019165,265.0
2024-09-05 12:23:00+00:00,UNIT,5.260000228881836,5.260000228881836,5.260000228881836,5.255000114440918,5.255000114440918,1130.0
2024-09-05 12:23:00+00:00,WHLR,2.7899999618530273,2.7899999618530273,2.799999952316284,2.75,2.7750000953674316,81762.0
2024-09-05 12:24:00+00:00,AFCG,10.329999923706055,10.329999923706055,10.329999923706055,10.329999923706055,10.329999923706055,149.0
2024-09-05 12:24:00+00:00,AGNC,10.225000381469727,10.225000381469727,10.225000381469727,10.220000267028809,10.220000267028809,1567.0
2024-09-05 12:24:00+00:00,CHCI,7.648499965667725,7.648499965667725,7.648499965667725,7.648499965667725,7.648499965667725,1358.0
2024-09-05 12:24:00+00:00,CIGI,141.17999267578125,141.17999267578125,141.17999267578125,141.17999267578125,141.17999267578125,323.0
2024-09-05 12:24:00+00:00,CSGP,76.52660369873047,76.52660369873047,76.52999877929688,76.51689910888672,76.51689910888672,697.0
2024-09-05 12:24:00+00:00,DHC,3.2739999294281006,3.2739999294281006,3.2799999713897705,3.2739999294281006,3.2799999713897705,8318.0
2024-09-05 12:24:00+00:00,EXPI,11.680000305175781,11.680000305175781,11.6850004196167,11.680000305175781,11.6850004196167,1288.0
2024-09-05 12:24:00+00:00,GLPI,51.310001373291016,51.310001373291016,51.314998626708984,51.30500030517578,51.30500030517578,1725.0
2024-09-05 12:24:00+00:00,GOOD,15.199999809265137,15.199999809265137,15.199999809265137,15.199999809265137,15.199999809265137,121.0
2024-09-05 12:24:00+00:00,HST,16.655000686645508,16.655000686645508,16.655000686645508,16.655000686645508,16.655000686645508,2494.0
2024-09-05 12:24:00+00:00,ILPT,4.965000152587891,4.965000152587891,4.965000152587891,4.965000152587891,4.965000152587891,230.0
2024-09-05 12:24:00+00:00,LSEA,11.5,11.5,11.5,11.489999771118164,11.489999771118164,1872.0
2024-09-05 12:24:00+00:00,OPEN,1.965000033378601,1.965000033378601,1.969499945640564,1.9600000381469727,1.965000033378601,60454.0
2024-09-05 12:24:00+00:00,OPI,2.140000104904175,2.140000104904175,2.140000104904175,2.140000104904175,2.140000104904175,121.0
2024-09-05 12:24:00+00:00,RDFN,9.524999618530273,9.524999618530273,9.550000190734863,9.524999618530273,9.545000076293945,9271.0
2024-09-05 12:24:00+00:00,ROIC,15.220000267028809,15.220000267028809,15.220000267028809,15.204999923706055,15.204999923706055,1800.0
2024-09-05 12:24:00+00:00,SBAC,235.2100067138672,235.2100067138672,235.2100067138672,235.13999938964844,235.13999938964844,797.0
2024-09-05 12:24:00+00:00,SBRA,17.43000030517578,17.43000030517578,17.43000030517578,17.424999237060547,17.43000030517578,883.0
2024-09-05 12:24:00+00:00,SELF,5.184999942779541,5.184999942779541,5.184999942779541,5.184999942779541,5.184999942779541,269.0
2024-09-05 12:24:00+00:00,SVC,4.59499979019165,4.59499979019165,4.599999904632568,4.590000152587891,4.599999904632568,2939.0
2024-09-05 12:24:00+00:00,UNIT,5.260000228881836,5.260000228881836,5.260000228881836,5.25,5.260000228881836,1749.0
2024-09-05 12:24:00+00:00,WHLR,2.7799999713897705,2.7799999713897705,2.7899999618530273,2.75,2.7890000343322754,48016.0
2024-09-05 12:25:00+00:00,AFCG,10.329999923706055,10.329999923706055,10.329999923706055,10.329999923706055,10.329999923706055,219.0
2024-09-05 12:25:00+00:00,AGNC,10.225000381469727,10.225000381469727,10.229999542236328,10.220000267028809,10.225000381469727,6361.0
2024-09-05 12:25:00+00:00,CSGP,76.4988021850586,76.4988021850586,76.5199966430664,76.4988021850586,76.5199966430664,679.0
2024-09-05 12:25:00+00:00,DHC,3.2950000762939453,3.2950000762939453,3.2950000762939453,3.2899999618530273,3.2899999618530273,3608.0
2024-09-05 12:25:00+00:00,EXPI,11.670000076293945,11.670000076293945,11.670000076293945,11.670000076293945,11.670000076293945,228.0
2024-09-05 12:25:00+00:00,FSV,178.83999633789062,178.83999633789062,178.83999633789062,178.83999633789062,178.83999633789062,359.0
2024-09-05 12:25:00+00:00,GLPI,51.310001373291016,51.310001373291016,51.310001373291016,51.30500030517578,51.310001373291016,3555.0
2024-09-05 12:25:00+00:00,GOOD,15.199999809265137,15.199999809265137,15.210000038146973,15.194999694824219,15.199999809265137,1252.0
2024-09-05 12:25:00+00:00,HST,16.655000686645508,16.655000686645508,16.655000686645508,16.649999618530273,16.655000686645508,14112.0
2024-09-05 12:25:00+00:00,ILPT,4.965000152587891,4.965000152587891,4.965000152587891,4.965000152587891,4.965000152587891,717.0
2024-09-05 12:25:00+00:00,NMRK,14.204999923706055,14.204999923706055,14.204999923706055,14.199999809265137,14.199999809265137,2042.0
2024-09-05 12:25:00+00:00,NYMT,6.394999980926514,6.394999980926514,6.394999980926514,6.394999980926514,6.394999980926514,353.0
2024-09-05 12:25:00+00:00,OPEN,1.9600000381469727,1.9600000381469727,1.9700000286102295,1.9600000381469727,1.965000033378601,16644.0
2024-09-05 12:25:00+00:00,OPI,2.140000104904175,2.140000104904175,2.140000104904175,2.140000104904175,2.140000104904175,104.0
2024-09-05 12:25:00+00:00,PECO,37.13999938964844,37.13999938964844,37.13999938964844,37.119998931884766,37.119998931884766,960.0
2024-09-05 12:25:00+00:00,RDFN,9.53499984741211,9.53499984741211,9.539999961853027,9.524999618530273,9.524999618530273,2470.0
2024-09-05 12:25:00+00:00,REAX,5.684999942779541,5.684999942779541,5.690000057220459,5.679999828338623,5.690000057220459,13480.0
2024-09-05 12:25:00+00:00,REG,73.17500305175781,73.17500305175781,73.19000244140625,73.16000366210938,73.19000244140625,2225.0
2024-09-05 12:25:00+00:00,RMR,24.625,24.625,24.625,24.625,24.625,457.0
2024-09-05 12:25:00+00:00,ROIC,15.220000267028809,15.220000267028809,15.220000267028809,15.210000038146973,15.210000038146973,4242.0
2024-09-05 12:25:00+00:00,SBAC,235.22000122070312,235.22000122070312,235.22000122070312,235.22000122070312,235.22000122070312,304.0
2024-09-05 12:25:00+00:00,SBRA,17.43000030517578,17.43000030517578,17.43000030517578,17.43000030517578,17.43000030517578,112.0
2024-09-05 12:25:00+00:00,UNIT,5.260000228881836,5.260000228881836,5.260000228881836,5.255000114440918,5.255000114440918,993.0
2024-09-05 12:25:00+00:00,WHLR,2.77239990234375,2.77239990234375,2.819999933242798,2.7699999809265137,2.7799999713897705,90329.0
2024-09-05 12:26:00+00:00,AGNC,10.225000381469727,10.225000381469727,10.229999542236328,10.225000381469727,10.229999542236328,17260.0
2024-09-05 12:26:00+00:00,CSGP,76.48999786376953,76.48999786376953,76.53500366210938,76.48999786376953,76.53500366210938,555.0
2024-09-05 12:26:00+00:00,DHC,3.2950000762939453,3.2950000762939453,3.2950000762939453,3.2950000762939453,3.2950000762939453,713.0
2024-09-05 12:26:00+00:00,EQIX,819.010009765625,819.010009765625,819.010009765625,819.010009765625,819.010009765625,428.0
2024-09-05 12:26:00+00:00,EXPI,11.664999961853027,11.664999961853027,11.664999961853027,11.664999961853027,11.664999961853027,207.0
2024-09-05 12:26:00+00:00,GLPI,51.310001373291016,51.310001373291016,51.310001373291016,51.310001373291016,51.310001373291016,403.0
2024-09-05 12:26:00+00:00,HST,16.665000915527344,16.665000915527344,16.665000915527344,16.655000686645508,16.65999984741211,7890.0
2024-09-05 12:26:00+00:00,ILPT,4.949999809265137,4.949999809265137,4.965000152587891,4.949999809265137,4.965000152587891,2185.0
2024-09-05 12:26:00+00:00,NMRK,14.20009994506836,14.20009994506836,14.20009994506836,14.20009994506836,14.20009994506836,1213.0
2024-09-05 12:26:00+00:00,NYMT,6.394999980926514,6.394999980926514,6.394999980926514,6.394999980926514,6.394999980926514,850.0
2024-09-05 12:26:00+00:00,OPEN,1.965999960899353,1.965999960899353,1.9700000286102295,1.965000033378601,1.965000033378601,3814.0
2024-09-05 12:26:00+00:00,OPI,2.134999990463257,2.134999990463257,2.134999990463257,2.134999990463257,2.134999990463257,200.0
2024-09-05 12:26:00+00:00,PECO,37.13999938964844,37.13999938964844,37.13999938964844,37.13999938964844,37.13999938964844,261.0
2024-09-05 12:26:00+00:00,RDFN,9.53499984741211,9.53499984741211,9.53499984741211,9.53499984741211,9.53499984741211,2349.0
2024-09-05 12:26:00+00:00,REAX,5.679999828338623,5.679999828338623,5.679999828338623,5.675000190734863,5.675000190734863,633.0
2024-09-05 12:26:00+00:00,REFI,15.829999923706055,15.829999923706055,15.835000038146973,15.829999923706055,15.835000038146973,368.0
2024-09-05 12:26:00+00:00,REG,73.16000366210938,73.16000366210938,73.18000030517578,73.15499877929688,73.16000366210938,2063.0
2024-09-05 12:26:00+00:00,ROIC,15.204999923706055,15.204999923706055,15.210000038146973,15.204999923706055,15.210000038146973,1841.0
2024-09-05 12:26:00+00:00,SBAC,234.97999572753906,234.97999572753906,235.10000610351562,234.97999572753906,235.10000610351562,1584.0
2024-09-05 12:26:00+00:00,SBRA,17.440000534057617,17.440000534057617,17.440000534057617,17.424999237060547,17.424999237060547,9173.0
2024-09-05 12:26:00+00:00,SVC,4.59499979019165,4.59499979019165,4.59499979019165,4.59499979019165,4.59499979019165,310.0
2024-09-05 12:26:00+00:00,UNIT,5.260000228881836,5.260000228881836,5.260000228881836,5.255000114440918,5.255000114440918,926.0
2024-09-05 12:26:00+00:00,WHLR,2.7400999069213867,2.7400999069213867,2.779900074005127,2.7100000381469727,2.773099899291992,74806.0
2024-09-05 12:27:00+00:00,AGNC,10.225000381469727,10.225000381469727,10.229999542236328,10.220000267028809,10.229999542236328,31526.0
2024-09-05 12:27:00+00:00,CSGP,76.53079986572266,76.53079986572266,76.53079986572266,76.5250015258789,76.5250015258789,1578.0
2024-09-05 12:27:00+00:00,DHC,3.2899999618530273,3.2899999618530273,3.2899999618530273,3.2899999618530273,3.2899999618530273,1041.0
2024-09-05 12:27:00+00:00,EXPI,11.65999984741211,11.65999984741211,11.65999984741211,11.65999984741211,11.65999984741211,695.0
2024-09-05 12:27:00+00:00,GLPI,51.310001373291016,51.310001373291016,51.31999969482422,51.29499816894531,51.29999923706055,3041.0
2024-09-05 12:27:00+00:00,HST,16.649999618530273,16.649999618530273,16.65999984741211,16.649999618530273,16.65999984741211,3933.0
2024-09-05 12:27:00+00:00,LAMR,124.4000015258789,124.4000015258789,124.4000015258789,124.4000015258789,124.4000015258789,127.0
2024-09-05 12:27:00+00:00,NMRK,14.199999809265137,14.199999809265137,14.204999923706055,14.199999809265137,14.204999923706055,1002.0
2024-09-05 12:27:00+00:00,NYMT,6.390699863433838,6.390699863433838,6.394999980926514,6.390699863433838,6.394999980926514,785.0
2024-09-05 12:27:00+00:00,OPEN,1.965000033378601,1.965000033378601,1.965000033378601,1.9600000381469727,1.965000033378601,7724.0
2024-09-05 12:27:00+00:00,OPI,2.13700008392334,2.13700008392334,2.140000104904175,2.134999990463257,2.140000104904175,492.0
2024-09-05 12:27:00+00:00,RDFN,9.524999618530273,9.524999618530273,9.529899597167969,9.520000457763672,9.52180004119873,5613.0
2024-09-05 12:27:00+00:00,REAX,5.675000190734863,5.675000190734863,5.675000190734863,5.675000190734863,5.675000190734863,611.0
2024-09-05 12:27:00+00:00,REG,73.1500015258789,73.1500015258789,73.1500015258789,73.1500015258789,73.1500015258789,265.0
2024-09-05 12:27:00+00:00,ROIC,15.204999923706055,15.204999923706055,15.204999923706055,15.204999923706055,15.204999923706055,755.0
2024-09-05 12:27:00+00:00,SBAC,235.1199951171875,235.1199951171875,235.1199951171875,235.00999450683594,235.00999450683594,1700.0
2024-09-05 12:27:00+00:00,SBRA,17.440000534057617,17.440000534057617,17.440000534057617,17.440000534057617,17.440000534057617,203.0
2024-09-05 12:27:00+00:00,UNIT,5.244999885559082,5.244999885559082,5.260000228881836,5.244999885559082,5.260000228881836,23854.0
2024-09-05 12:27:00+00:00,WHLR,2.8301000595092773,2.8301000595092773,2.869999885559082,2.7300000190734863,2.740000009536743,276547.0
2024-09-05 12:28:00+00:00,AFCG,10.336899757385254,10.336899757385254,10.336899757385254,10.336899757385254,10.336899757385254,476.0
2024-09-05 12:28:00+00:00,AGNC,10.225000381469727,10.225000381469727,10.225000381469727,10.225000381469727,10.225000381469727,828.0
2024-09-05 12:28:00+00:00,CIGI,141.00999450683594,141.00999450683594,141.1999969482422,141.00999450683594,141.1999969482422,3623.0
2024-09-05 12:28:00+00:00,CSGP,76.55999755859375,76.55999755859375,76.55999755859375,76.55999755859375,76.55999755859375,402.0
2024-09-05 12:28:00+00:00,EXPI,11.65999984741211,11.65999984741211,11.65999984741211,11.649999618530273,11.649999618530273,1278.0
2024-09-05 12:28:00+00:00,GLPI,51.30500030517578,51.30500030517578,51.310001373291016,51.29999923706055,51.29999923706055,1687.0
2024-09-05 12:28:00+00:00,HST,16.655000686645508,16.655000686645508,16.655000686645508,16.649999618530273,16.649999618530273,3074.0
2024-09-05 12:28:00+00:00,NYMT,6.394999980926514,6.394999980926514,6.394999980926514,6.394999980926514,6.394999980926514,1366.0
2024-09-05 12:28:00+00:00,OPEN,1.9700000286102295,1.9700000286102295,1.9700000286102295,1.965000033378601,1.965000033378601,5407.0
2024-09-05 12:28:00+00:00,PCH,42.880001068115234,42.880001068115234,42.88999938964844,42.880001068115234,42.88999938964844,707.0
2024-09-05 12:28:00+00:00,PECO,37.150001525878906,37.150001525878906,37.150001525878906,37.14500045776367,37.14500045776367,595.0
2024-09-05 12:28:00+00:00,RDFN,9.53499984741211,9.53499984741211,9.539999961853027,9.529999732971191,9.529999732971191,2223.0
2024-09-05 12:28:00+00:00,REAX,5.675000190734863,5.675000190734863,5.675000190734863,5.675000190734863,5.675000190734863,514.0
2024-09-05 12:28:00+00:00,REG,73.19999694824219,73.19999694824219,73.2300033569336,73.16999816894531,73.18000030517578,8405.0
2024-09-05 12:28:00+00:00,ROIC,15.204999923706055,15.204999923706055,15.204999923706055,15.199999809265137,15.199999809265137,713.0
2024-09-05 12:28:00+00:00,SBRA,17.44499969482422,17.44499969482422,17.44499969482422,17.43790054321289,17.43790054321289,7999.0
2024-09-05 12:28:00+00:00,SVC,4.599999904632568,4.599999904632568,4.599999904632568,4.599999904632568,4.599999904632568,387.0
2024-09-05 12:28:00+00:00,UNIT,5.25,5.25,5.25,5.244999885559082,5.25,13137.0
2024-09-05 12:28:00+00:00,WHLR,2.8308000564575195,2.8308000564575195,2.849900007247925,2.799999952316284,2.8350000381469727,60892.0
2024-09-05 12:28:00+00:00,WHLRD,19.099899291992188,19.099899291992188,19.099899291992188,19.099899291992188,19.099899291992188,16.0
2024-09-05 12:29:00+00:00,AGNC,10.210000038146973,10.210000038146973,10.229999542236328,10.210000038146973,10.2298002243042,86309.0
2024-09-05 12:29:00+00:00,AGNCM,25.24340057373047,25.24340057373047,25.24340057373047,25.24340057373047,25.24340057373047,3258.0
2024-09-05 12:29:00+00:00,CIGI,141.0,141.0,141.0,141.0,141.0,631.0
2024-09-05 12:29:00+00:00,CSGP,76.55000305175781,76.55000305175781,76.56999969482422,76.5250015258789,76.5250015258789,1522.0
2024-09-05 12:29:00+00:00,DHC,3.2899999618530273,3.2899999618530273,3.2899999618530273,3.2899999618530273,3.2899999618530273,264.0
2024-09-05 12:29:00+00:00,EQIX,819.02001953125,819.02001953125,819.02001953125,819.02001953125,819.02001953125,227.0
2024-09-05 12:29:00+00:00,EXPI,11.640000343322754,11.640000343322754,11.640000343322754,11.640000343322754,11.640000343322754,894.0
2024-09-05 12:29:00+00:00,GLPI,51.310001373291016,51.310001373291016,51.310001373291016,51.310001373291016,51.310001373291016,1948.0
2024-09-05 12:29:00+00:00,HST,16.639999389648438,16.639999389648438,16.655000686645508,16.639999389648438,16.649999618530273,10068.0
2024-09-05 12:29:00+00:00,LAND,13.49940013885498,13.49940013885498,13.49940013885498,13.49940013885498,13.49940013885498,475.0
2024-09-05 12:29:00+00:00,NMRK,14.194999694824219,14.194999694824219,14.194999694824219,14.194999694824219,14.194999694824219,430.0
2024-09-05 12:29:00+00:00,OPEN,1.9622000455856323,1.9622000455856323,1.965000033378601,1.9600000381469727,1.9600000381469727,14190.0
2024-09-05 12:29:00+00:00,OPI,2.140000104904175,2.140000104904175,2.140000104904175,2.140000104904175,2.140000104904175,192.0
2024-09-05 12:29:00+00:00,PECO,37.125,37.125,37.13010025024414,37.09000015258789,37.130001068115234,3341.0
2024-09-05 12:29:00+00:00,RDFN,9.515000343322754,9.515000343322754,9.53499984741211,9.510000228881836,9.53499984741211,11860.0
2024-09-05 12:29:00+00:00,REAX,5.664999961853027,5.664999961853027,5.675000190734863,5.664999961853027,5.675000190734863,4469.0
2024-09-05 12:29:00+00:00,REG,73.25,73.25,73.25,73.20999908447266,73.20999908447266,2361.0
2024-09-05 12:29:00+00:00,ROIC,15.204999923706055,15.204999923706055,15.204999923706055,15.204999923706055,15.204999923706055,442.0
2024-09-05 12:29:00+00:00,SBAC,235.0800018310547,235.0800018310547,235.0800018310547,235.0800018310547,235.0800018310547,290.0
2024-09-05 12:29:00+00:00,SBRA,17.450000762939453,17.450000762939453,17.450000762939453,17.44499969482422,17.44499969482422,736.0
2024-09-05 12:29:00+00:00,SEVN,13.640000343322754,13.640000343322754,13.670000076293945,13.640000343322754,13.670000076293945,1271.0
2024-09-05 12:29:00+00:00,SVC,4.59499979019165,4.59499979019165,4.59499979019165,4.59499979019165,4.59499979019165,2713.0
2024-09-05 12:29:00+00:00,UNIT,5.235000133514404,5.235000133514404,5.251999855041504,5.235000133514404,5.251999855041504,7911.0
2024-09-05 12:29:00+00:00,WHLR,2.6301000118255615,2.6301000118255615,2.8380000591278076,2.549999952316284,2.8303000926971436,232125.0
2024-09-05 12:30:00+00:00,AGNC,10.21500015258789,10.21500015258789,10.21500015258789,10.210000038146973,10.21030044555664,11153.0
2024-09-05 12:30:00+00:00,BPYPP,14.8100004196167,14.8100004196167,14.8100004196167,14.8100004196167,14.8100004196167,2307.0
2024-09-05 12:30:00+00:00,CSGP,76.52999877929688,76.52999877929688,76.58000183105469,76.52999877929688,76.58000183105469,966.0
2024-09-05 12:30:00+00:00,EQIX,819.0399780273438,819.0399780273438,819.5,819.0399780273438,819.5,990.0
2024-09-05 12:30:00+00:00,HST,16.639999389648438,16.639999389648438,16.645000457763672,16.639999389648438,16.639999389648438,2774.0
2024-09-05 12:30:00+00:00,ILPT,4.949999809265137,4.949999809265137,4.954999923706055,4.949999809265137,4.954999923706055,855.0
2024-09-05 12:30:00+00:00,LAMR,124.41000366210938,124.41000366210938,124.41000366210938,124.40499877929688,124.41000366210938,594.0
2024-09-05 12:30:00+00:00,LSEA,11.520000457763672,11.520000457763672,11.520000457763672,11.520000457763672,11.520000457763672,575.0
2024-09-05 12:30:00+00:00,OPEN,1.965000033378601,1.965000033378601,1.965000033378601,1.9600000381469727,1.965000033378601,12608.0
2024-09-05 12:30:00+00:00,RDFN,9.505000114440918,9.505000114440918,9.510000228881836,9.5,9.510000228881836,5800.0
2024-09-05 12:30:00+00:00,REAX,5.71999979019165,5.71999979019165,5.735000133514404,5.664999961853027,5.664999961853027,50468.0
2024-09-05 12:30:00+00:00,REG,73.25,73.25,73.25,73.25,73.25,662.0
2024-09-05 12:30:00+00:00,ROIC,15.204999923706055,15.204999923706055,15.210000038146973,15.204999923706055,15.210000038146973,728.0
2024-09-05 12:30:00+00:00,SBAC,235.02999877929688,235.02999877929688,235.02999877929688,235.02999877929688,235.02999877929688,326.0
2024-09-05 12:30:00+00:00,SBRA,17.450000762939453,17.450000762939453,17.450000762939453,17.44499969482422,17.44499969482422,316.0
2024-09-05 12:30:00+00:00,SVC,4.599999904632568,4.599999904632568,4.599999904632568,4.599999904632568,4.599999904632568,286.0
2024-09-05 12:30:00+00:00,UNIT,5.25,5.25,5.25,5.2332000732421875,5.2332000732421875,8134.0
2024-09-05 12:30:00+00:00,WHLR,2.7100000381469727,2.7100000381469727,2.7699999809265137,2.630000114440918,2.6489999294281006,198325.0
2024-09-05 12:31:00+00:00,AFCG,10.335000038146973,10.335000038146973,10.335000038146973,10.329999923706055,10.329999923706055,1631.0
2024-09-05 12:31:00+00:00,AGNC,10.21500015258789,10.21500015258789,10.21500015258789,10.211600303649902,10.21500015258789,3955.0
2024-09-05 12:31:00+00:00,AGNCN,25.770000457763672,25.770000457763672,25.780000686645508,25.770000457763672,25.780000686645508,1035.0
2024-09-05 12:31:00+00:00,AGNCP,24.270000457763672,24.270000457763672,24.270000457763672,24.270000457763672,24.270000457763672,156.0
2024-09-05 12:31:00+00:00,CSGP,76.5,76.5,76.55999755859375,76.5,76.55999755859375,3276.0
2024-09-05 12:31:00+00:00,DHC,3.2850000858306885,3.2850000858306885,3.2850000858306885,3.2850000858306885,3.2850000858306885,209.0
2024-09-05 12:31:00+00:00,EQIX,819.7449951171875,819.7449951171875,819.7449951171875,819.7449951171875,819.7449951171875,2824.0
2024-09-05 12:31:00+00:00,EXPI,11.630000114440918,11.630000114440918,11.635000228881836,11.630000114440918,11.635000228881836,950.0
2024-09-05 12:31:00+00:00,GLPI,51.290000915527344,51.290000915527344,51.310001373291016,51.290000915527344,51.29999923706055,2704.0
2024-09-05 12:31:00+00:00,GOOD,15.239999771118164,15.239999771118164,15.239999771118164,15.239999771118164,15.239999771118164,233.0
2024-09-05 12:31:00+00:00,HST,16.635000228881836,16.635000228881836,16.645000457763672,16.6299991607666,16.645000457763672,8843.0
2024-09-05 12:31:00+00:00,LAMR,124.44999694824219,124.44999694824219,124.44999694824219,124.44999694824219,124.44999694824219,1182.0
2024-09-05 12:31:00+00:00,LAND,13.5,13.5,13.5,13.5,13.5,135.0
2024-09-05 12:31:00+00:00,LSEA,11.529999732971191,11.529999732971191,11.529999732971191,11.529999732971191,11.529999732971191,431.0
2024-09-05 12:31:00+00:00,NMRK,14.170000076293945,14.170000076293945,14.1899995803833,14.170000076293945,14.1899995803833,1377.0
2024-09-05 12:31:00+00:00,OPEN,1.9550000429153442,1.9550000429153442,1.965000033378601,1.9500000476837158,1.965000033378601,81398.0
2024-09-05 12:31:00+00:00,PCH,42.83000183105469,42.83000183105469,42.849998474121094,42.83000183105469,42.849998474121094,1001.0
2024-09-05 12:31:00+00:00,RDFN,9.505000114440918,9.505000114440918,9.505000114440918,9.494999885559082,9.505000114440918,11781.0
2024-09-05 12:31:00+00:00,REAX,5.710000038146973,5.710000038146973,5.715000152587891,5.710000038146973,5.715000152587891,873.0
2024-09-05 12:31:00+00:00,REFI,15.836999893188477,15.836999893188477,15.836999893188477,15.836999893188477,15.836999893188477,761.0
2024-09-05 12:31:00+00:00,REG,73.22000122070312,73.22000122070312,73.2300033569336,73.18000030517578,73.2300033569336,3314.0
2024-09-05 12:31:00+00:00,ROIC,15.194999694824219,15.194999694824219,15.204999923706055,15.194999694824219,15.204999923706055,2866.0
2024-09-05 12:31:00+00:00,SBAC,234.9600067138672,234.9600067138672,234.9600067138672,234.9600067138672,234.9600067138672,245.0
2024-09-05 12:31:00+00:00,SBRA,17.44499969482422,17.44499969482422,17.44499969482422,17.434999465942383,17.44499969482422,3705.0
2024-09-05 12:31:00+00:00,SVC,4.59499979019165,4.59499979019165,4.59499979019165,4.59499979019165,4.59499979019165,1827.0
2024-09-05 12:31:00+00:00,UNIT,5.244999885559082,5.244999885559082,5.25,5.240099906921387,5.240099906921387,2014.0
2024-09-05 12:31:00+00:00,WHLR,2.7300000190734863,2.7300000190734863,2.7592999935150146,2.700000047683716,2.7000999450683594,60257.0
2024-09-05 12:32:00+00:00,AGNC,10.21500015258789,10.21500015258789,10.21500015258789,10.210000038146973,10.21500015258789,7551.0
2024-09-05 12:32:00+00:00,CSGP,76.57499694824219,76.57499694824219,76.57499694824219,76.57499694824219,76.57499694824219,410.0
2024-09-05 12:32:00+00:00,DHC,3.2850000858306885,3.2850000858306885,3.2850000858306885,3.2850000858306885,3.2850000858306885,854.0
2024-09-05 12:32:00+00:00,GLPI,51.28559875488281,51.28559875488281,51.29999923706055,51.28340148925781,51.29999923706055,2536.0
2024-09-05 12:32:00+00:00,GOOD,15.229999542236328,15.229999542236328,15.229999542236328,15.229999542236328,15.229999542236328,422.0
2024-09-05 12:32:00+00:00,HST,16.625,16.625,16.6299991607666,16.625,16.6299991607666,8033.0
2024-09-05 12:32:00+00:00,LAMR,124.38500213623047,124.38500213623047,124.38500213623047,124.38500213623047,124.38500213623047,683.0
2024-09-05 12:32:00+00:00,NMRK,14.180000305175781,14.180000305175781,14.180000305175781,14.180000305175781,14.180000305175781,337.0
2024-09-05 12:32:00+00:00,NYMT,6.394999980926514,6.394999980926514,6.394999980926514,6.394999980926514,6.394999980926514,132.0
2024-09-05 12:32:00+00:00,OPEN,1.9550000429153442,1.9550000429153442,1.9550000429153442,1.9500000476837158,1.9550000429153442,10607.0
2024-09-05 12:32:00+00:00,OPI,2.134999990463257,2.134999990463257,2.134999990463257,2.134999990463257,2.134999990463257,120.0
2024-09-05 12:32:00+00:00,PECO,37.119998931884766,37.119998931884766,37.119998931884766,37.119998931884766,37.119998931884766,460.0
2024-09-05 12:32:00+00:00,RDFN,9.515800476074219,9.515800476074219,9.516799926757812,9.510000228881836,9.510000228881836,3100.0
2024-09-05 12:32:00+00:00,REAX,5.710000038146973,5.710000038146973,5.710000038146973,5.704999923706055,5.704999923706055,1432.0
2024-09-05 12:32:00+00:00,SBRA,17.450000762939453,17.450000762939453,17.454999923706055,17.450000762939453,17.450000762939453,1412.0
2024-09-05 12:32:00+00:00,SVC,4.59499979019165,4.59499979019165,4.59499979019165,4.59499979019165,4.59499979019165,1031.0
2024-09-05 12:32:00+00:00,UNIT,5.249899864196777,5.249899864196777,5.249899864196777,5.24399995803833,5.244999885559082,3635.0
2024-09-05 12:32:00+00:00,WHLR,2.7200000286102295,2.7200000286102295,2.7690000534057617,2.7200000286102295,2.7209999561309814,67496.0
2024-09-05 12:33:00+00:00,AGNC,10.21500015258789,10.21500015258789,10.218000411987305,10.214599609375,10.214599609375,2447.0
2024-09-05 12:33:00+00:00,CIGI,140.7100067138672,140.7100067138672,140.7100067138672,140.7100067138672,140.7100067138672,337.0
2024-09-05 12:33:00+00:00,EQIX,817.760009765625,817.760009765625,817.760009765625,817.760009765625,817.760009765625,686.0
2024-09-05 12:33:00+00:00,EXPI,11.630000114440918,11.630000114440918,11.630000114440918,11.630000114440918,11.630000114440918,880.0
2024-09-05 12:33:00+00:00,GLPI,51.279998779296875,51.279998779296875,51.28499984741211,51.279998779296875,51.28499984741211,1803.0
2024-09-05 12:33:00+00:00,HST,16.625,16.625,16.625,16.625,16.625,579.0
2024-09-05 12:33:00+00:00,LSEA,11.520000457763672,11.520000457763672,11.520000457763672,11.520000457763672,11.520000457763672,426.0
2024-09-05 12:33:00+00:00,NMRK,14.199999809265137,14.199999809265137,14.199999809265137,14.180000305175781,14.180000305175781,3087.0
2024-09-05 12:33:00+00:00,NYMT,6.394999980926514,6.394999980926514,6.394999980926514,6.394999980926514,6.394999980926514,234.0
2024-09-05 12:33:00+00:00,OPEN,1.9550000429153442,1.9550000429153442,1.9594999551773071,1.9550000429153442,1.9550000429153442,20837.0
2024-09-05 12:33:00+00:00,OPI,2.134999990463257,2.134999990463257,2.134999990463257,2.134999990463257,2.134999990463257,104.0
2024-09-05 12:33:00+00:00,PECO,37.099998474121094,37.099998474121094,37.099998474121094,37.099998474121094,37.099998474121094,362.0
2024-09-05 12:33:00+00:00,RDFN,9.515000343322754,9.515000343322754,9.515000343322754,9.5,9.510000228881836,3593.0
2024-09-05 12:33:00+00:00,REAX,5.715000152587891,5.715000152587891,5.715000152587891,5.715000152587891,5.715000152587891,181.0
2024-09-05 12:33:00+00:00,REG,73.24500274658203,73.24500274658203,73.24500274658203,73.24500274658203,73.24500274658203,733.0
2024-09-05 12:33:00+00:00,ROIC,15.180000305175781,15.180000305175781,15.1899995803833,15.180000305175781,15.1899995803833,3499.0
2024-09-05 12:33:00+00:00,SBAC,234.9600067138672,234.9600067138672,235.07000732421875,234.9550018310547,235.07000732421875,1496.0
2024-09-05 12:33:00+00:00,SBRA,17.450000762939453,17.450000762939453,17.450000762939453,17.450000762939453,17.450000762939453,813.0
2024-09-05 12:33:00+00:00,SVC,4.590000152587891,4.590000152587891,4.590000152587891,4.590000152587891,4.590000152587891,1351.0
2024-09-05 12:33:00+00:00,UNIT,5.244999885559082,5.244999885559082,5.244999885559082,5.244999885559082,5.244999885559082,781.0
2024-09-05 12:33:00+00:00,WHLR,2.700000047683716,2.700000047683716,2.740000009536743,2.6619999408721924,2.7300000190734863,34534.0
2024-09-05 12:34:00+00:00,AGNC,10.21500015258789,10.21500015258789,10.21500015258789,10.210000038146973,10.21500015258789,2437.0
2024-09-05 12:34:00+00:00,CSGP,76.56999969482422,76.56999969482422,76.56999969482422,76.52999877929688,76.56999969482422,821.0
2024-09-05 12:34:00+00:00,EXPI,11.626999855041504,11.626999855041504,11.626999855041504,11.626999855041504,11.626999855041504,983.0
2024-09-05 12:34:00+00:00,FTHM,2.7200000286102295,2.7200000286102295,2.7200000286102295,2.7200000286102295,2.7200000286102295,1125.0
2024-09-05 12:34:00+00:00,GLPI,51.279998779296875,51.279998779296875,51.279998779296875,51.2599983215332,51.2599983215332,2562.0
2024-09-05 12:34:00+00:00,HST,16.6299991607666,16.6299991607666,16.645000457763672,16.6200008392334,16.625,23481.0
2024-09-05 12:34:00+00:00,HTIBP,15.579999923706055,15.579999923706055,15.654999732971191,15.569999694824219,15.649999618530273,1724.0
2024-09-05 12:34:00+00:00,LAND,13.489999771118164,13.489999771118164,13.489999771118164,13.489999771118164,13.489999771118164,460.0
2024-09-05 12:34:00+00:00,NMRK,14.194999694824219,14.194999694824219,14.199999809265137,14.1899995803833,14.197500228881836,10518.0
2024-09-05 12:34:00+00:00,NYMT,6.394999980926514,6.394999980926514,6.394999980926514,6.394999980926514,6.394999980926514,727.0
2024-09-05 12:34:00+00:00,OPEN,1.9550000429153442,1.9550000429153442,1.9550000429153442,1.9500000476837158,1.9500000476837158,2128.0
2024-09-05 12:34:00+00:00,OPI,2.130000114440918,2.130000114440918,2.134999990463257,2.130000114440918,2.134999990463257,7244.0
2024-09-05 12:34:00+00:00,PCH,42.810298919677734,42.810298919677734,42.810298919677734,42.810298919677734,42.810298919677734,952.0
2024-09-05 12:34:00+00:00,RDFN,9.523300170898438,9.523300170898438,9.523300170898438,9.510000228881836,9.510000228881836,3199.0
2024-09-05 12:34:00+00:00,REAX,5.715000152587891,5.715000152587891,5.715000152587891,5.715000152587891,5.715000152587891,1758.0
2024-09-05 12:34:00+00:00,REG,73.2300033569336,73.2300033569336,73.2300033569336,73.2300033569336,73.2300033569336,1282.0
2024-09-05 12:34:00+00:00,ROIC,15.175000190734863,15.175000190734863,15.180000305175781,15.175000190734863,15.180000305175781,7974.0
2024-09-05 12:34:00+00:00,SBAC,235.10000610351562,235.10000610351562,235.10000610351562,235.10000610351562,235.10000610351562,142.0
2024-09-05 12:34:00+00:00,SBRA,17.459999084472656,17.459999084472656,17.459999084472656,17.454999923706055,17.454999923706055,1217.0
2024-09-05 12:34:00+00:00,SVC,4.59499979019165,4.59499979019165,4.599999904632568,4.59499979019165,4.59499979019165,1976.0
2024-09-05 12:34:00+00:00,UNIT,5.255000114440918,5.255000114440918,5.255000114440918,5.244999885559082,5.244999885559082,7459.0
2024-09-05 12:34:00+00:00,WHLR,2.700700044631958,2.700700044631958,2.740000009536743,2.700000047683716,2.7002999782562256,33756.0
2024-09-05 12:34:00+00:00,WHLRD,19.099000930786133,19.099000930786133,19.099000930786133,19.099000930786133,19.099000930786133,0.0
2024-09-05 12:35:00+00:00,AGNC,10.21500015258789,10.21500015258789,10.219900131225586,10.210000038146973,10.219900131225586,3545.0
2024-09-05 12:35:00+00:00,CSGP,76.61000061035156,76.61000061035156,76.61000061035156,76.56999969482422,76.56999969482422,722.0
2024-09-05 12:35:00+00:00,DUO,0.40070000290870667,0.40070000290870667,0.40070000290870667,0.40070000290870667,0.40070000290870667,704.0
2024-09-05 12:35:00+00:00,EQIX,817.8099975585938,817.8099975585938,817.8099975585938,817.77001953125,817.77001953125,681.0
2024-09-05 12:35:00+00:00,GLPI,51.279998779296875,51.279998779296875,51.279998779296875,51.275001525878906,51.279998779296875,2272.0
2024-09-05 12:35:00+00:00,HST,16.635000228881836,16.635000228881836,16.635799407958984,16.635000228881836,16.635799407958984,1401.0
2024-09-05 12:35:00+00:00,NMRK,14.199999809265137,14.199999809265137,14.199999809265137,14.199999809265137,14.199999809265137,1544.0
2024-09-05 12:35:00+00:00,NYMT,6.40500020980835,6.40500020980835,6.40500020980835,6.400000095367432,6.400000095367432,1161.0
2024-09-05 12:35:00+00:00,OPEN,1.9550000429153442,1.9550000429153442,1.9550000429153442,1.9500000476837158,1.9550000429153442,4306.0
2024-09-05 12:35:00+00:00,OPI,2.125,2.125,2.130000114440918,2.125,2.125,869.0
2024-09-05 12:35:00+00:00,PECO,37.099998474121094,37.099998474121094,37.11000061035156,37.099998474121094,37.099998474121094,782.0
2024-09-05 12:35:00+00:00,RDFN,9.532500267028809,9.532500267028809,9.53499984741211,9.532500267028809,9.53499984741211,820.0
2024-09-05 12:35:00+00:00,REAX,5.75,5.75,5.75,5.71999979019165,5.71999979019165,1809.0
2024-09-05 12:35:00+00:00,ROIC,15.175000190734863,15.175000190734863,15.175000190734863,15.175000190734863,15.175000190734863,1040.0
2024-09-05 12:35:00+00:00,SBAC,235.11500549316406,235.11500549316406,235.11500549316406,235.07000732421875,235.07000732421875,2515.0
2024-09-05 12:35:00+00:00,SBRA,17.459999084472656,17.459999084472656,17.459999084472656,17.459999084472656,17.459999084472656,1639.0
2024-09-05 12:35:00+00:00,SVC,4.59499979019165,4.59499979019165,4.599999904632568,4.59499979019165,4.599999904632568,728.0
2024-09-05 12:35:00+00:00,UNIT,5.25,5.25,5.255000114440918,5.241099834442139,5.255000114440918,11527.0
2024-09-05 12:35:00+00:00,WHLR,2.5799999237060547,2.5799999237060547,2.7009999752044678,2.549999952316284,2.7009999752044678,174961.0
2024-09-05 12:35:00+00:00,WHLRP,2.640000104904175,2.640000104904175,2.640000104904175,2.640000104904175,2.640000104904175,0.0
2024-09-05 12:36:00+00:00,AGNC,10.214799880981445,10.214799880981445,10.21500015258789,10.214799880981445,10.21500015258789,2215.0
2024-09-05 12:36:00+00:00,CSGP,76.56999969482422,76.56999969482422,76.56999969482422,76.56999969482422,76.56999969482422,839.0
2024-09-05 12:36:00+00:00,EQIX,817.4500122070312,817.4500122070312,817.4500122070312,817.4500122070312,817.4500122070312,767.0
2024-09-05 12:36:00+00:00,EXPI,11.640000343322754,11.640000343322754,11.640000343322754,11.640000343322754,11.640000343322754,469.0
2024-09-05 12:36:00+00:00,GLPI,51.26499938964844,51.26499938964844,51.27619934082031,51.26499938964844,51.275001525878906,1220.0
2024-09-05 12:36:00+00:00,GOOD,15.229999542236328,15.229999542236328,15.234999656677246,15.229999542236328,15.234999656677246,2192.0
2024-09-05 12:36:00+00:00,HST,16.6200008392334,16.6200008392334,16.6299991607666,16.6200008392334,16.6299991607666,6743.0
2024-09-05 12:36:00+00:00,ILPT,4.949999809265137,4.949999809265137,4.949999809265137,4.945000171661377,4.9492998123168945,4597.0
2024-09-05 12:36:00+00:00,LAND,13.489999771118164,13.489999771118164,13.489999771118164,13.489999771118164,13.489999771118164,400.0
2024-09-05 12:36:00+00:00,NMRK,14.204999923706055,14.204999923706055,14.204999923706055,14.202500343322754,14.204999923706055,711.0
2024-09-05 12:36:00+00:00,NYMT,6.400000095367432,6.400000095367432,6.400000095367432,6.400000095367432,6.400000095367432,883.0
2024-09-05 12:36:00+00:00,OPEN,1.9550000429153442,1.9550000429153442,1.9550000429153442,1.9505000114440918,1.9550000429153442,2657.0
2024-09-05 12:36:00+00:00,OPI,2.129199981689453,2.129199981689453,2.129199981689453,2.125,2.125,1020.0
2024-09-05 12:36:00+00:00,RDFN,9.53499984741211,9.53499984741211,9.538999557495117,9.53499984741211,9.53499984741211,676.0
2024-09-05 12:36:00+00:00,REAX,5.739999771118164,5.739999771118164,5.739999771118164,5.739999771118164,5.739999771118164,3991.0
2024-09-05 12:36:00+00:00,ROIC,15.170000076293945,15.170000076293945,15.180000305175781,15.170000076293945,15.178899765014648,3433.0
2024-09-05 12:36:00+00:00,SBRA,17.450000762939453,17.450000762939453,17.459999084472656,17.450000762939453,17.459999084472656,2401.0
2024-09-05 12:36:00+00:00,SVC,4.59499979019165,4.59499979019165,4.59499979019165,4.59499979019165,4.59499979019165,557.0
2024-09-05 12:36:00+00:00,UNIT,5.25,5.25,5.25,5.244999885559082,5.25,8840.0
2024-09-05 12:36:00+00:00,WHLR,2.559999942779541,2.559999942779541,2.5999999046325684,2.549999952316284,2.5789999961853027,95941.0
2024-09-05 12:37:00+00:00,AGNC,10.21500015258789,10.21500015258789,10.21500015258789,10.210000038146973,10.21500015258789,1260.0
2024-09-05 12:37:00+00:00,BPYPO,13.470000267028809,13.470000267028809,13.470000267028809,13.470000267028809,13.470000267028809,598.0
2024-09-05 12:37:00+00:00,EQIX,817.5,817.5,817.5,817.5,817.5,150.0
2024-09-05 12:37:00+00:00,GLPI,51.2599983215332,51.2599983215332,51.2599983215332,51.2599983215332,51.2599983215332,415.0
2024-09-05 12:37:00+00:00,ILPT,4.940000057220459,4.940000057220459,4.940000057220459,4.940000057220459,4.940000057220459,434.0
2024-09-05 12:37:00+00:00,LAND,13.510000228881836,13.510000228881836,13.510000228881836,13.489999771118164,13.489999771118164,1463.0
2024-09-05 12:37:00+00:00,NMRK,14.199999809265137,14.199999809265137,14.204999923706055,14.199999809265137,14.199999809265137,2461.0
2024-09-05 12:37:00+00:00,NYMT,6.394999980926514,6.394999980926514,6.400000095367432,6.3907999992370605,6.400000095367432,2943.0
2024-09-05 12:37:00+00:00,OPEN,1.9567999839782715,1.9567999839782715,1.9600000381469727,1.9500000476837158,1.9550000429153442,3060.0
2024-09-05 12:37:00+00:00,OPI,2.125,2.125,2.125,2.125,2.125,311.0
2024-09-05 12:37:00+00:00,RDFN,9.529999732971191,9.529999732971191,9.535900115966797,9.529999732971191,9.53499984741211,2909.0
2024-09-05 12:37:00+00:00,REAX,5.715000152587891,5.715000152587891,5.71999979019165,5.710000038146973,5.71999979019165,1760.0
2024-09-05 12:37:00+00:00,REG,73.19999694824219,73.19999694824219,73.19999694824219,73.19999694824219,73.19999694824219,1183.0
2024-09-05 12:37:00+00:00,ROIC,15.15999984741211,15.15999984741211,15.170000076293945,15.15999984741211,15.170000076293945,4576.0
2024-09-05 12:37:00+00:00,SBRA,17.440000534057617,17.440000534057617,17.44499969482422,17.440000534057617,17.44499969482422,1146.0
2024-09-05 12:37:00+00:00,SVC,4.59499979019165,4.59499979019165,4.59499979019165,4.590000152587891,4.590000152587891,372.0
2024-09-05 12:37:00+00:00,UNIT,5.244999885559082,5.244999885559082,5.25,5.240099906921387,5.240099906921387,1809.0
2024-09-05 12:37:00+00:00,WHLR,2.5799999237060547,2.5799999237060547,2.6298000812530518,2.5204999446868896,2.555000066757202,134748.0
2024-09-05 12:38:00+00:00,AFCG,10.324999809265137,10.324999809265137,10.324999809265137,10.324999809265137,10.324999809265137,120.0
2024-09-05 12:38:00+00:00,AGNC,10.204999923706055,10.204999923706055,10.21500015258789,10.204999923706055,10.213899612426758,49011.0
2024-09-05 12:38:00+00:00,BPYPO,13.466099739074707,13.466099739074707,13.466099739074707,13.466099739074707,13.466099739074707,601.0
2024-09-05 12:38:00+00:00,CSGP,76.5999984741211,76.5999984741211,76.61000061035156,76.56999969482422,76.57510375976562,2129.0
2024-09-05 12:38:00+00:00,EQIX,817.469970703125,817.469970703125,817.469970703125,816.5999755859375,816.5999755859375,2700.0
2024-09-05 12:38:00+00:00,GLPI,51.2599983215332,51.2599983215332,51.26499938964844,51.25379943847656,51.25379943847656,3013.0
2024-09-05 12:38:00+00:00,HST,16.610000610351562,16.610000610351562,16.625,16.610000610351562,16.625,6339.0
2024-09-05 12:38:00+00:00,LAND,13.510000228881836,13.510000228881836,13.510000228881836,13.510000228881836,13.510000228881836,107.0
2024-09-05 12:38:00+00:00,NMRK,14.199999809265137,14.199999809265137,14.204999923706055,14.199999809265137,14.199999809265137,729.0
2024-09-05 12:38:00+00:00,NYMT,6.394999980926514,6.394999980926514,6.394999980926514,6.394999980926514,6.394999980926514,216.0
2024-09-05 12:38:00+00:00,OPEN,1.9500000476837158,1.9500000476837158,1.9600000381469727,1.9500000476837158,1.9550000429153442,56215.0
2024-09-05 12:38:00+00:00,PECO,37.084999084472656,37.084999084472656,37.084999084472656,37.084999084472656,37.084999084472656,256.0
2024-09-05 12:38:00+00:00,RDFN,9.520299911499023,9.520299911499023,9.529999732971191,9.515000343322754,9.519800186157227,8461.0
2024-09-05 12:38:00+00:00,REG,73.20999908447266,73.20999908447266,73.20999908447266,73.19999694824219,73.20999908447266,1927.0
2024-09-05 12:38:00+00:00,ROIC,15.15999984741211,15.15999984741211,15.15999984741211,15.15999984741211,15.15999984741211,578.0
2024-09-05 12:38:00+00:00,SBRA,17.450000762939453,17.450000762939453,17.450000762939453,17.450000762939453,17.450000762939453,839.0
2024-09-05 12:38:00+00:00,SVC,4.590000152587891,4.590000152587891,4.59499979019165,4.590000152587891,4.59499979019165,3782.0
2024-09-05 12:38:00+00:00,UNIT,5.239999771118164,5.239999771118164,5.25,5.239999771118164,5.25,8891.0
2024-09-05 12:38:00+00:00,WHLR,2.5801000595092773,2.5801000595092773,2.609999895095825,2.569999933242798,2.571000099182129,44426.0
2024-09-05 12:39:00+00:00,AFCG,10.319999694824219,10.319999694824219,10.319999694824219,10.319999694824219,10.319999694824219,527.0
2024-09-05 12:39:00+00:00,AGNC,10.21500015258789,10.21500015258789,10.21500015258789,10.20009994506836,10.20009994506836,78527.0
2024-09-05 12:39:00+00:00,CSGP,76.59500122070312,76.59500122070312,76.59500122070312,76.59500122070312,76.59500122070312,577.0
2024-09-05 12:39:00+00:00,DHC,3.271199941635132,3.271199941635132,3.2799999713897705,3.271199941635132,3.2799999713897705,5248.0
2024-09-05 12:39:00+00:00,DUO,0.40149998664855957,0.40149998664855957,0.40149998664855957,0.40149998664855957,0.40149998664855957,2128.0
2024-09-05 12:39:00+00:00,EXPI,11.622900009155273,11.622900009155273,11.630000114440918,11.622900009155273,11.630000114440918,1802.0
2024-09-05 12:39:00+00:00,GLPI,51.25,51.25,51.2599983215332,51.2400016784668,51.2599983215332,6074.0
2024-09-05 12:39:00+00:00,GOOD,15.210000038146973,15.210000038146973,15.220000267028809,15.210000038146973,15.220000267028809,1024.0
2024-09-05 12:39:00+00:00,HST,16.6200008392334,16.6200008392334,16.625,16.614999771118164,16.614999771118164,12211.0
2024-09-05 12:39:00+00:00,LAND,13.510000228881836,13.510000228881836,13.510000228881836,13.510000228881836,13.510000228881836,116.0
2024-09-05 12:39:00+00:00,NMRK,14.199999809265137,14.199999809265137,14.199999809265137,14.199999809265137,14.199999809265137,2435.0
2024-09-05 12:39:00+00:00,OPEN,1.9450000524520874,1.9450000524520874,1.9550000429153442,1.9450000524520874,1.9550000429153442,72556.0
2024-09-05 12:39:00+00:00,PCH,42.790000915527344,42.790000915527344,42.810001373291016,42.790000915527344,42.810001373291016,543.0
2024-09-05 12:39:00+00:00,PECO,37.06999969482422,37.06999969482422,37.06999969482422,37.06999969482422,37.06999969482422,334.0
2024-09-05 12:39:00+00:00,RDFN,9.515000343322754,9.515000343322754,9.51990032196045,9.510000228881836,9.515000343322754,2539.0
2024-09-05 12:39:00+00:00,REAX,5.715000152587891,5.715000152587891,5.715000152587891,5.710000038146973,5.710000038146973,1560.0
2024-09-05 12:39:00+00:00,SBAC,235.11500549316406,235.11500549316406,235.22000122070312,235.11500549316406,235.19000244140625,1591.0
2024-09-05 12:39:00+00:00,SBRA,17.450000762939453,17.450000762939453,17.450000762939453,17.450000762939453,17.450000762939453,705.0
2024-09-05 12:39:00+00:00,SVC,4.585000038146973,4.585000038146973,4.585000038146973,4.585000038146973,4.585000038146973,230.0
2024-09-05 12:39:00+00:00,UNIT,5.244999885559082,5.244999885559082,5.25,5.244999885559082,5.25,2333.0
2024-09-05 12:39:00+00:00,WHLR,2.6589999198913574,2.6589999198913574,2.6700000762939453,2.559999942779541,2.5804998874664307,135240.0
2024-09-05 12:40:00+00:00,AGNC,10.21500015258789,10.21500015258789,10.219900131225586,10.21500015258789,10.21500015258789,9443.0
2024-09-05 12:40:00+00:00,BPYPO,13.470000267028809,13.470000267028809,13.470000267028809,13.470000267028809,13.470000267028809,0.0
2024-09-05 12:40:00+00:00,CSGP,76.58000183105469,76.58000183105469,76.58000183105469,76.58000183105469,76.58000183105469,612.0
2024-09-05 12:40:00+00:00,EQIX,817.7899780273438,817.7899780273438,817.7899780273438,817.7899780273438,817.7899780273438,657.0
2024-09-05 12:40:00+00:00,GLPI,51.25,51.25,51.2599983215332,51.25,51.25,2210.0
2024-09-05 12:40:00+00:00,HST,16.62459945678711,16.62459945678711,16.625,16.62459945678711,16.625,6355.0
2024-09-05 12:40:00+00:00,NMRK,14.210000038146973,14.210000038146973,14.210000038146973,14.199999809265137,14.199999809265137,1499.0
2024-09-05 12:40:00+00:00,OPEN,1.9550000429153442,1.9550000429153442,1.9550000429153442,1.9450000524520874,1.9500000476837158,101087.0
2024-09-05 12:40:00+00:00,PCH,42.84000015258789,42.84000015258789,42.84000015258789,42.814998626708984,42.83000183105469,1812.0
2024-09-05 12:40:00+00:00,PECO,37.064998626708984,37.064998626708984,37.08000183105469,37.064998626708984,37.08000183105469,775.0
2024-09-05 12:40:00+00:00,RDFN,9.515000343322754,9.515000343322754,9.518500328063965,9.515000343322754,9.515000343322754,6508.0
2024-09-05 12:40:00+00:00,REAX,5.715000152587891,5.715000152587891,5.715000152587891,5.715000152587891,5.715000152587891,998.0
2024-09-05 12:40:00+00:00,REG,73.19000244140625,73.19000244140625,73.19000244140625,73.16999816894531,73.19000244140625,673.0
2024-09-05 12:40:00+00:00,ROIC,15.15999984741211,15.15999984741211,15.15999984741211,15.15999984741211,15.15999984741211,1021.0
2024-09-05 12:40:00+00:00,SBRA,17.450000762939453,17.450000762939453,17.450000762939453,17.450000762939453,17.450000762939453,431.0
2024-09-05 12:40:00+00:00,SVC,4.585000038146973,4.585000038146973,4.585000038146973,4.579999923706055,4.579999923706055,718.0
2024-09-05 12:40:00+00:00,UNIT,5.244999885559082,5.244999885559082,5.244999885559082,5.244999885559082,5.244999885559082,713.0
2024-09-05 12:40:00+00:00,WHLR,2.7049999237060547,2.7049999237060547,2.7300000190734863,2.630000114440918,2.640000104904175,128270.0
2024-09-05 12:41:00+00:00,AGNC,10.21500015258789,10.21500015258789,10.220000267028809,10.21049976348877,10.21049976348877,104006.0
2024-09-05 12:41:00+00:00,CSGP,76.61000061035156,76.61000061035156,76.61000061035156,76.61000061035156,76.61000061035156,332.0
2024-09-05 12:41:00+00:00,EQIX,818.030029296875,818.030029296875,818.030029296875,818.030029296875,818.030029296875,715.0
2024-09-05 12:41:00+00:00,GOOD,15.210000038146973,15.210000038146973,15.210000038146973,15.210000038146973,15.210000038146973,246.0
2024-09-05 12:41:00+00:00,ILPT,4.954999923706055,4.954999923706055,4.954999923706055,4.934999942779541,4.934999942779541,6294.0
2024-09-05 12:41:00+00:00,LAMR,124.37000274658203,124.37000274658203,124.37000274658203,124.37000274658203,124.37000274658203,607.0
2024-09-05 12:41:00+00:00,LAND,13.510000228881836,13.510000228881836,13.529999732971191,13.510000228881836,13.512999534606934,1577.0
2024-09-05 12:41:00+00:00,OPEN,1.9574999809265137,1.9574999809265137,1.9574999809265137,1.9534000158309937,1.9550000429153442,8459.0
2024-09-05 12:41:00+00:00,OPI,2.125,2.125,2.130000114440918,2.125,2.130000114440918,204.0
2024-09-05 12:41:00+00:00,PECO,37.064998626708984,37.064998626708984,37.064998626708984,37.064998626708984,37.064998626708984,472.0
2024-09-05 12:41:00+00:00,RDFN,9.515000343322754,9.515000343322754,9.515000343322754,9.515000343322754,9.515000343322754,561.0
2024-09-05 12:41:00+00:00,REAX,5.715000152587891,5.715000152587891,5.715000152587891,5.710000038146973,5.710000038146973,879.0
2024-09-05 12:41:00+00:00,REG,73.16000366210938,73.16000366210938,73.16999816894531,73.16000366210938,73.16999816894531,711.0
2024-09-05 12:41:00+00:00,SBAC,235.0500030517578,235.0500030517578,235.0500030517578,235.0500030517578,235.0500030517578,663.0
2024-09-05 12:41:00+00:00,SBRA,17.452499389648438,17.452499389648438,17.452499389648438,17.452499389648438,17.452499389648438,999.0
2024-09-05 12:41:00+00:00,SVC,4.590000152587891,4.590000152587891,4.590000152587891,4.585000038146973,4.585000038146973,1505.0
2024-09-05 12:41:00+00:00,UNIT,5.244999885559082,5.244999885559082,5.25,5.244999885559082,5.25,1884.0
2024-09-05 12:41:00+00:00,WHLR,2.839900016784668,2.839900016784668,2.8399999141693115,2.6900999546051025,2.6900999546051025,259225.0
2024-09-05 12:42:00+00:00,AGNC,10.21500015258789,10.21500015258789,10.220000267028809,10.21500015258789,10.21500015258789,7547.0
2024-09-05 12:42:00+00:00,AGNCN,25.77989959716797,25.77989959716797,25.780000686645508,25.77989959716797,25.780000686645508,1175.0
2024-09-05 12:42:00+00:00,CIGI,141.0,141.0,141.0,141.0,141.0,451.0
2024-09-05 12:42:00+00:00,CSGP,76.5999984741211,76.5999984741211,76.5999984741211,76.5999984741211,76.5999984741211,602.0
2024-09-05 12:42:00+00:00,EQIX,817.114990234375,817.114990234375,817.1300048828125,817.1099853515625,817.1099853515625,929.0
2024-09-05 12:42:00+00:00,GLPI,51.2599983215332,51.2599983215332,51.270999908447266,51.24919891357422,51.24919891357422,2419.0
2024-09-05 12:42:00+00:00,HST,16.625,16.625,16.635000228881836,16.6200008392334,16.625,133376.0
2024-09-05 12:42:00+00:00,ILPT,4.954999923706055,4.954999923706055,4.954999923706055,4.954999923706055,4.954999923706055,2013.0
2024-09-05 12:42:00+00:00,NMRK,14.199999809265137,14.199999809265137,14.199999809265137,14.199999809265137,14.199999809265137,754.0
2024-09-05 12:42:00+00:00,NYMT,6.40500020980835,6.40500020980835,6.40500020980835,6.400000095367432,6.400000095367432,501.0
2024-09-05 12:42:00+00:00,OPEN,1.9550000429153442,1.9550000429153442,1.9550000429153442,1.9500000476837158,1.9550000429153442,10085.0
2024-09-05 12:42:00+00:00,OPI,2.119999885559082,2.119999885559082,2.119999885559082,2.119999885559082,2.119999885559082,120.0
2024-09-05 12:42:00+00:00,RDFN,9.524999618530273,9.524999618530273,9.539999961853027,9.510000228881836,9.524999618530273,19167.0
2024-09-05 12:42:00+00:00,REAX,5.724999904632568,5.724999904632568,5.724999904632568,5.715000152587891,5.715000152587891,5359.0
2024-09-05 12:42:00+00:00,REG,73.20999908447266,73.20999908447266,73.2300033569336,73.16000366210938,73.16000366210938,1925.0
2024-09-05 12:42:00+00:00,ROIC,15.1850004196167,15.1850004196167,15.1850004196167,15.164999961853027,15.164999961853027,18106.0
2024-09-05 12:42:00+00:00,SBAC,235.22000122070312,235.22000122070312,235.22000122070312,235.22000122070312,235.22000122070312,499.0
2024-09-05 12:42:00+00:00,SBRA,17.46500015258789,17.46500015258789,17.46500015258789,17.459999084472656,17.459999084472656,810.0
2024-09-05 12:42:00+00:00,SVC,4.59499979019165,4.59499979019165,4.59499979019165,4.59499979019165,4.59499979019165,1547.0
2024-09-05 12:42:00+00:00,UNIT,5.255000114440918,5.255000114440918,5.255000114440918,5.239999771118164,5.25,24300.0
2024-09-05 12:42:00+00:00,WHLR,2.920099973678589,2.920099973678589,2.9690001010894775,2.809999942779541,2.839900016784668,302742.0
2024-09-05 12:43:00+00:00,AFCG,10.335000038146973,10.335000038146973,10.335000038146973,10.335000038146973,10.335000038146973,112.0
2024-09-05 12:43:00+00:00,AGNC,10.219799995422363,10.219799995422363,10.220000267028809,10.21500015258789,10.21500015258789,15655.0
2024-09-05 12:43:00+00:00,CSGP,76.61000061035156,76.61000061035156,76.61000061035156,76.61000061035156,76.61000061035156,422.0
2024-09-05 12:43:00+00:00,GLPI,51.27000045776367,51.27000045776367,51.27000045776367,51.26499938964844,51.26499938964844,1348.0
2024-09-05 12:43:00+00:00,HST,16.625,16.625,16.635000228881836,16.6200008392334,16.6299991607666,11277.0
2024-09-05 12:43:00+00:00,NMRK,14.220000267028809,14.220000267028809,14.220000267028809,14.220000267028809,14.220000267028809,830.0
2024-09-05 12:43:00+00:00,NYMT,6.400000095367432,6.400000095367432,6.400000095367432,6.400000095367432,6.400000095367432,205.0
2024-09-05 12:43:00+00:00,OPEN,1.9550000429153442,1.9550000429153442,1.9550000429153442,1.9550000429153442,1.9550000429153442,1039.0
2024-09-05 12:43:00+00:00,OPI,2.120800018310547,2.120800018310547,2.130000114440918,2.120800018310547,2.130000114440918,306.0
2024-09-05 12:43:00+00:00,RDFN,9.524999618530273,9.524999618530273,9.529999732971191,9.520000457763672,9.524999618530273,1778.0
2024-09-05 12:43:00+00:00,REAX,5.735000133514404,5.735000133514404,5.735000133514404,5.735000133514404,5.735000133514404,715.0
2024-09-05 12:43:00+00:00,REG,73.2699966430664,73.2699966430664,73.2699966430664,73.23999786376953,73.23999786376953,1294.0
2024-09-05 12:43:00+00:00,ROIC,15.1850004196167,15.1850004196167,15.1850004196167,15.1850004196167,15.1850004196167,321.0
2024-09-05 12:43:00+00:00,SVC,4.59499979019165,4.59499979019165,4.59499979019165,4.59499979019165,4.59499979019165,515.0
2024-09-05 12:43:00+00:00,UNIT,5.260000228881836,5.260000228881836,5.260000228881836,5.255000114440918,5.255000114440918,8943.0
2024-09-05 12:43:00+00:00,WHLR,2.9899001121520996,2.9899001121520996,3.049999952316284,2.9100000858306885,2.930000066757202,426400.0
2024-09-05 12:44:00+00:00,AGNC,10.21500015258789,10.21500015258789,10.220000267028809,10.210100173950195,10.220000267028809,2842.0
2024-09-05 12:44:00+00:00,BPYPO,13.470000267028809,13.470000267028809,13.470000267028809,13.467900276184082,13.467900276184082,2539.0
2024-09-05 12:44:00+00:00,CSGP,76.63999938964844,76.63999938964844,76.66999816894531,76.62999725341797,76.62999725341797,3994.0
2024-09-05 12:44:00+00:00,EQIX,819.0,819.0,819.0,819.0,819.0,465.0
2024-09-05 12:44:00+00:00,HST,16.625,16.625,16.625,16.625,16.625,2767.0
2024-09-05 12:44:00+00:00,ILPT,4.960000038146973,4.960000038146973,4.960000038146973,4.954999923706055,4.954999923706055,11232.0
2024-09-05 12:44:00+00:00,LAND,13.520000457763672,13.520000457763672,13.520000457763672,13.520000457763672,13.520000457763672,108.0
2024-09-05 12:44:00+00:00,LANDM,24.459999084472656,24.459999084472656,24.459999084472656,24.43000030517578,24.43000030517578,904.0
2024-09-05 12:44:00+00:00,NMRK,14.220000267028809,14.220000267028809,14.220000267028809,14.220000267028809,14.220000267028809,5490.0
2024-09-05 12:44:00+00:00,NYMT,6.394999980926514,6.394999980926514,6.400000095367432,6.394999980926514,6.400000095367432,1408.0
2024-09-05 12:44:00+00:00,OPEN,1.9550000429153442,1.9550000429153442,1.9600000381469727,1.9500000476837158,1.9600000381469727,24680.0
2024-09-05 12:44:00+00:00,PECO,37.084999084472656,37.084999084472656,37.099998474121094,37.08000183105469,37.08000183105469,354.0
2024-09-05 12:44:00+00:00,RDFN,9.524999618530273,9.524999618530273,9.524999618530273,9.520000457763672,9.524999618530273,2105.0
2024-09-05 12:44:00+00:00,REAX,5.724999904632568,5.724999904632568,5.730000019073486,5.724999904632568,5.730000019073486,2512.0
2024-09-05 12:44:00+00:00,REG,73.2699966430664,73.2699966430664,73.2699966430664,73.2699966430664,73.2699966430664,503.0
2024-09-05 12:44:00+00:00,ROIC,15.194999694824219,15.194999694824219,15.194999694824219,15.1850004196167,15.1850004196167,5536.0
2024-09-05 12:44:00+00:00,SBAC,235.14999389648438,235.14999389648438,235.22000122070312,235.09219360351562,235.09219360351562,1991.0
2024-09-05 12:44:00+00:00,SVC,4.59499979019165,4.59499979019165,4.59499979019165,4.59499979019165,4.59499979019165,1562.0
2024-09-05 12:44:00+00:00,UNIT,5.25,5.25,5.255000114440918,5.244999885559082,5.255000114440918,28380.0
2024-09-05 12:44:00+00:00,WHLR,3.0810000896453857,3.0810000896453857,3.1500000953674316,2.9700000286102295,2.9700000286102295,418485.0
2024-09-05 12:45:00+00:00,AFCG,10.335000038146973,10.335000038146973,10.335000038146973,10.335000038146973,10.335000038146973,566.0
2024-09-05 12:45:00+00:00,AGNC,10.21500015258789,10.21500015258789,10.219900131225586,10.21500015258789,10.218999862670898,4291.0
2024-09-05 12:45:00+00:00,AGNCP,24.260400772094727,24.260400772094727,24.260400772094727,24.260400772094727,24.260400772094727,194.0
2024-09-05 12:45:00+00:00,CSGP,76.57749938964844,76.57749938964844,76.66000366210938,76.57749938964844,76.66000366210938,2148.0
2024-09-05 12:45:00+00:00,DHC,3.265000104904175,3.265000104904175,3.2699999809265137,3.265000104904175,3.2699999809265137,2443.0
2024-09-05 12:45:00+00:00,EXPI,11.630000114440918,11.630000114440918,11.630000114440918,11.630000114440918,11.630000114440918,871.0
2024-09-05 12:45:00+00:00,GLPI,51.255001068115234,51.255001068115234,51.27000045776367,51.255001068115234,51.27000045776367,3189.0
2024-09-05 12:45:00+00:00,HST,16.65999984741211,16.65999984741211,16.65999984741211,16.6200008392334,16.625,42349.0
2024-09-05 12:45:00+00:00,ILPT,4.949999809265137,4.949999809265137,4.954999923706055,4.949999809265137,4.954999923706055,942.0
2024-09-05 12:45:00+00:00,LAMR,124.46499633789062,124.46499633789062,124.46499633789062,124.46499633789062,124.46499633789062,777.0
2024-09-05 12:45:00+00:00,LAND,13.529999732971191,13.529999732971191,13.529999732971191,13.515000343322754,13.515000343322754,302.0
2024-09-05 12:45:00+00:00,LSEA,11.510000228881836,11.510000228881836,11.510000228881836,11.510000228881836,11.510000228881836,251.0
2024-09-05 12:45:00+00:00,NMRK,14.220000267028809,14.220000267028809,14.220000267028809,14.220000267028809,14.220000267028809,782.0
2024-09-05 12:45:00+00:00,OPEN,1.9550000429153442,1.9550000429153442,1.9550000429153442,1.9550000429153442,1.9550000429153442,2560.0
2024-09-05 12:45:00+00:00,OPI,2.130000114440918,2.130000114440918,2.130000114440918,2.130000114440918,2.130000114440918,102.0
2024-09-05 12:45:00+00:00,PECO,37.08000183105469,37.08000183105469,37.08000183105469,37.06999969482422,37.06999969482422,889.0
2024-09-05 12:45:00+00:00,RDFN,9.510000228881836,9.510000228881836,9.520000457763672,9.505000114440918,9.520000457763672,7389.0
2024-09-05 12:45:00+00:00,REG,73.26000213623047,73.26000213623047,73.26000213623047,73.23999786376953,73.25,923.0
2024-09-05 12:45:00+00:00,RMR,24.59000015258789,24.59000015258789,24.59000015258789,24.59000015258789,24.59000015258789,922.0
2024-09-05 12:45:00+00:00,SBAC,235.17999267578125,235.17999267578125,235.17999267578125,235.17999267578125,235.17999267578125,617.0
2024-09-05 12:45:00+00:00,SBRA,17.459999084472656,17.459999084472656,17.469999313354492,17.45989990234375,17.469999313354492,2063.0
2024-09-05 12:45:00+00:00,SVC,4.585000038146973,4.585000038146973,4.59499979019165,4.585000038146973,4.59499979019165,4282.0
2024-09-05 12:45:00+00:00,UNIT,5.244999885559082,5.244999885559082,5.25,5.244999885559082,5.244999885559082,7594.0
2024-09-05 12:45:00+00:00,WHLR,3.299999952316284,3.299999952316284,3.450000047683716,3.069999933242798,3.099900007247925,632180.0
2024-09-05 12:46:00+00:00,AGNC,10.220000267028809,10.220000267028809,10.220000267028809,10.220000267028809,10.220000267028809,2210.0
2024-09-05 12:46:00+00:00,GLPI,51.275001525878906,51.275001525878906,51.275001525878906,51.2599983215332,51.2599983215332,3345.0
2024-09-05 12:46:00+00:00,GOOD,15.199999809265137,15.199999809265137,15.199999809265137,15.199999809265137,15.199999809265137,642.0
2024-09-05 12:46:00+00:00,HST,16.674999237060547,16.674999237060547,16.674999237060547,16.655000686645508,16.655000686645508,8525.0
2024-09-05 12:46:00+00:00,NMRK,14.210000038146973,14.210000038146973,14.210000038146973,14.210000038146973,14.210000038146973,147.0
2024-09-05 12:46:00+00:00,OPEN,1.9550000429153442,1.9550000429153442,1.9550000429153442,1.9500000476837158,1.9550000429153442,30939.0
2024-09-05 12:46:00+00:00,OPI,2.130000114440918,2.130000114440918,2.130000114440918,2.130000114440918,2.130000114440918,104.0
2024-09-05 12:46:00+00:00,PECO,37.08000183105469,37.08000183105469,37.08000183105469,37.08000183105469,37.08000183105469,432.0
2024-09-05 12:46:00+00:00,RDFN,9.505000114440918,9.505000114440918,9.510000228881836,9.505000114440918,9.510000228881836,2155.0
2024-09-05 12:46:00+00:00,REAX,5.724999904632568,5.724999904632568,5.724999904632568,5.724999904632568,5.724999904632568,456.0
2024-09-05 12:46:00+00:00,REG,73.2699966430664,73.2699966430664,73.2699966430664,73.2699966430664,73.2699966430664,1385.0
2024-09-05 12:46:00+00:00,ROIC,15.194999694824219,15.194999694824219,15.194999694824219,15.194999694824219,15.194999694824219,333.0
2024-09-05 12:46:00+00:00,SBAC,235.2899932861328,235.2899932861328,235.2899932861328,235.2899932861328,235.2899932861328,495.0
2024-09-05 12:46:00+00:00,SEVN,13.630000114440918,13.630000114440918,13.630000114440918,13.630000114440918,13.630000114440918,249.0
2024-09-05 12:46:00+00:00,SVC,4.579999923706055,4.579999923706055,4.585000038146973,4.579999923706055,4.585000038146973,6669.0
2024-09-05 12:46:00+00:00,UNIT,5.230000019073486,5.230000019073486,5.244999885559082,5.215000152587891,5.244999885559082,24304.0
2024-09-05 12:46:00+00:00,WHLR,3.6589999198913574,3.6589999198913574,3.8299999237060547,3.3499999046325684,3.3499999046325684,810426.0
2024-09-05 12:47:00+00:00,AGNC,10.225000381469727,10.225000381469727,10.225000381469727,10.21500015258789,10.220000267028809,75292.0
2024-09-05 12:47:00+00:00,CSGP,76.59719848632812,76.59719848632812,76.59719848632812,76.59719848632812,76.59719848632812,938.0
2024-09-05 12:47:00+00:00,EQIX,819.75,819.75,819.75,819.75,819.75,484.0
2024-09-05 12:47:00+00:00,EXPI,11.630000114440918,11.630000114440918,11.640000343322754,11.630000114440918,11.640000343322754,1022.0
2024-09-05 12:47:00+00:00,GLPI,51.29999923706055,51.29999923706055,51.29999923706055,51.29999923706055,51.29999923706055,1411.0
2024-09-05 12:47:00+00:00,HST,16.68000030517578,16.68000030517578,16.68000030517578,16.674999237060547,16.674999237060547,8226.0
2024-09-05 12:47:00+00:00,ILPT,4.945000171661377,4.945000171661377,4.945000171661377,4.945000171661377,4.945000171661377,583.0
2024-09-05 12:47:00+00:00,LAND,13.529999732971191,13.529999732971191,13.529999732971191,13.529999732971191,13.529999732971191,523.0
2024-09-05 12:47:00+00:00,LSEA,11.479999542236328,11.479999542236328,11.479999542236328,11.479999542236328,11.479999542236328,197.0
2024-09-05 12:47:00+00:00,NMRK,14.210000038146973,14.210000038146973,14.21500015258789,14.210000038146973,14.21500015258789,673.0
2024-09-05 12:47:00+00:00,OPEN,1.9450000524520874,1.9450000524520874,1.9550000429153442,1.9450000524520874,1.9550000429153442,162014.0
2024-09-05 12:47:00+00:00,OPI,2.130000114440918,2.130000114440918,2.130000114440918,2.130000114440918,2.130000114440918,138.0
2024-09-05 12:47:00+00:00,PECO,37.084999084472656,37.084999084472656,37.084999084472656,37.084999084472656,37.084999084472656,823.0
2024-09-05 12:47:00+00:00,RDFN,9.505000114440918,9.505000114440918,9.509900093078613,9.505000114440918,9.505000114440918,5460.0
2024-09-05 12:47:00+00:00,REAX,5.71999979019165,5.71999979019165,5.71999979019165,5.71999979019165,5.71999979019165,404.0
2024-09-05 12:47:00+00:00,ROIC,15.199999809265137,15.199999809265137,15.199999809265137,15.194999694824219,15.194999694824219,346.0
2024-09-05 12:47:00+00:00,SBAC,235.49000549316406,235.49000549316406,235.49000549316406,235.38999938964844,235.38999938964844,755.0
2024-09-05 12:47:00+00:00,SVC,4.570000171661377,4.570000171661377,4.570000171661377,4.570000171661377,4.570000171661377,835.0
2024-09-05 12:47:00+00:00,UNIT,5.230000019073486,5.230000019073486,5.230000019073486,5.230000019073486,5.230000019073486,1886.0
2024-09-05 12:47:00+00:00,WHLR,3.6700000762939453,3.6700000762939453,3.75,3.631999969482422,3.631999969482422,355255.0
2024-09-05 12:47:00+00:00,WHLRD,19.239999771118164,19.239999771118164,19.290000915527344,19.239999771118164,19.290000915527344,4001.0
2024-09-05 12:48:00+00:00,AGNC,10.225000381469727,10.225000381469727,10.229999542236328,10.225000381469727,10.225000381469727,13453.0
2024-09-05 12:48:00+00:00,CSGP,76.66000366210938,76.66000366210938,76.66000366210938,76.6500015258789,76.6500015258789,970.0
2024-09-05 12:48:00+00:00,GLPI,51.310001373291016,51.310001373291016,51.310001373291016,51.310001373291016,51.310001373291016,315.0
2024-09-05 12:48:00+00:00,ILPT,4.949999809265137,4.949999809265137,4.954999923706055,4.949999809265137,4.954999923706055,737.0
2024-09-05 12:48:00+00:00,NMRK,14.203399658203125,14.203399658203125,14.203399658203125,14.199999809265137,14.199999809265137,812.0
2024-09-05 12:48:00+00:00,OPEN,1.9550000429153442,1.9550000429153442,1.9550000429153442,1.9450000524520874,1.9450000524520874,65087.0
2024-09-05 12:48:00+00:00,RDFN,9.505000114440918,9.505000114440918,9.505000114440918,9.505000114440918,9.505000114440918,190.0
2024-09-05 12:48:00+00:00,REAX,5.71999979019165,5.71999979019165,5.71999979019165,5.71999979019165,5.71999979019165,236.0
2024-09-05 12:48:00+00:00,ROIC,15.194999694824219,15.194999694824219,15.194999694824219,15.1899995803833,15.1899995803833,408.0
2024-09-05 12:48:00+00:00,SBAC,235.44000244140625,235.44000244140625,235.44000244140625,235.44000244140625,235.44000244140625,976.0
2024-09-05 12:48:00+00:00,SBRA,17.454999923706055,17.454999923706055,17.459999084472656,17.454999923706055,17.459999084472656,1677.0
2024-09-05 12:48:00+00:00,VINO,4.849999904632568,4.849999904632568,4.849999904632568,4.849999904632568,4.849999904632568,0.0
2024-09-05 12:48:00+00:00,WHLR,3.869999885559082,3.869999885559082,3.9700000286102295,3.6500000953674316,3.6698999404907227,621386.0
2024-09-05 12:49:00+00:00,AGNC,10.225000381469727,10.225000381469727,10.226200103759766,10.22249984741211,10.226200103759766,5872.0
2024-09-05 12:49:00+00:00,ASPS,1.090000033378601,1.090000033378601,1.090000033378601,1.090000033378601,1.090000033378601,147.0
2024-09-05 12:49:00+00:00,EXPI,11.625,11.625,11.625,11.625,11.625,132.0
2024-09-05 12:49:00+00:00,GLPI,51.314998626708984,51.314998626708984,51.314998626708984,51.310001373291016,51.310001373291016,754.0
2024-09-05 12:49:00+00:00,GOOD,15.204999923706055,15.204999923706055,15.204999923706055,15.204999923706055,15.204999923706055,1332.0
2024-09-05 12:49:00+00:00,HST,16.68000030517578,16.68000030517578,16.68000030517578,16.670000076293945,16.670000076293945,5337.0
2024-09-05 12:49:00+00:00,LAMR,124.41500091552734,124.41500091552734,124.41500091552734,124.41500091552734,124.41500091552734,186.0
2024-09-05 12:49:00+00:00,NMRK,14.204999923706055,14.204999923706055,14.204999923706055,14.204999923706055,14.204999923706055,1649.0
2024-09-05 12:49:00+00:00,OPEN,1.9550000429153442,1.9550000429153442,1.9550000429153442,1.9500000476837158,1.9550000429153442,113341.0
2024-09-05 12:49:00+00:00,OPI,2.130000114440918,2.130000114440918,2.130000114440918,2.125,2.130000114440918,305.0
2024-09-05 12:49:00+00:00,RDFN,9.5,9.5,9.510000228881836,9.494999885559082,9.5,6619.0
2024-09-05 12:49:00+00:00,REAX,5.704999923706055,5.704999923706055,5.71999979019165,5.704999923706055,5.71999979019165,4102.0
2024-09-05 12:49:00+00:00,ROIC,15.194999694824219,15.194999694824219,15.194999694824219,15.194999694824219,15.194999694824219,216.0
2024-09-05 12:49:00+00:00,SBAC,235.52999877929688,235.52999877929688,235.52999877929688,235.52999877929688,235.52999877929688,366.0
2024-09-05 12:49:00+00:00,UNIT,5.230000019073486,5.230000019073486,5.230000019073486,5.224999904632568,5.224999904632568,1815.0
2024-09-05 12:49:00+00:00,VINO,5.199999809265137,5.199999809265137,5.199999809265137,5.199999809265137,5.199999809265137,40.0
2024-09-05 12:49:00+00:00,WHLR,3.7799999713897705,3.7799999713897705,3.9200000762939453,3.6500000953674316,3.8712000846862793,373343.0
2024-09-05 12:50:00+00:00,AGNC,10.239999771118164,10.239999771118164,10.239999771118164,10.229999542236328,10.229999542236328,51842.0
2024-09-05 12:50:00+00:00,CSGP,76.66999816894531,76.66999816894531,76.68000030517578,76.66999816894531,76.66999816894531,1059.0
2024-09-05 12:50:00+00:00,EQIX,820.0,820.0,820.0,820.0,820.0,714.0
2024-09-05 12:50:00+00:00,EXPI,11.630000114440918,11.630000114440918,11.630000114440918,11.625,11.625,658.0
2024-09-05 12:50:00+00:00,GLPI,51.369998931884766,51.369998931884766,51.369998931884766,51.314998626708984,51.314998626708984,2208.0
2024-09-05 12:50:00+00:00,GOOD,15.220000267028809,15.220000267028809,15.220000267028809,15.220000267028809,15.220000267028809,138.0
2024-09-05 12:50:00+00:00,HST,16.684999465942383,16.684999465942383,16.690000534057617,16.674999237060547,16.674999237060547,8960.0
2024-09-05 12:50:00+00:00,HTIBP,15.579999923706055,15.579999923706055,15.579999923706055,15.579999923706055,15.579999923706055,200.0
2024-09-05 12:50:00+00:00,LAMR,124.47000122070312,124.47000122070312,124.47000122070312,124.47000122070312,124.47000122070312,482.0
2024-09-05 12:50:00+00:00,LOAN,5.219900131225586,5.219900131225586,5.219900131225586,5.219900131225586,5.219900131225586,203.0
2024-09-05 12:50:00+00:00,NMRK,14.210000038146973,14.210000038146973,14.210000038146973,14.199999809265137,14.199999809265137,1698.0
2024-09-05 12:50:00+00:00,OPEN,1.9550000429153442,1.9550000429153442,1.9599000215530396,1.9529999494552612,1.9545999765396118,17415.0
2024-09-05 12:50:00+00:00,OPI,2.130000114440918,2.130000114440918,2.130000114440918,2.130000114440918,2.130000114440918,208.0
2024-09-05 12:50:00+00:00,PCH,42.790000915527344,42.790000915527344,42.86000061035156,42.790000915527344,42.84000015258789,4921.0
2024-09-05 12:50:00+00:00,PECO,37.099998474121094,37.099998474121094,37.099998474121094,37.099998474121094,37.099998474121094,827.0
2024-09-05 12:50:00+00:00,RDFN,9.5,9.5,9.505000114440918,9.494999885559082,9.505000114440918,4475.0
2024-09-05 12:50:00+00:00,REAX,5.710000038146973,5.710000038146973,5.710000038146973,5.710000038146973,5.710000038146973,1175.0
2024-09-05 12:50:00+00:00,REG,73.29000091552734,73.29000091552734,73.29000091552734,73.29000091552734,73.29000091552734,2001.0
2024-09-05 12:50:00+00:00,ROIC,15.210000038146973,15.210000038146973,15.210000038146973,15.194999694824219,15.194999694824219,344.0
2024-09-05 12:50:00+00:00,SBAC,235.58999633789062,235.58999633789062,235.58999633789062,235.57000732421875,235.57000732421875,1054.0
2024-09-05 12:50:00+00:00,SBRA,17.459999084472656,17.459999084472656,17.459999084472656,17.459999084472656,17.459999084472656,608.0
2024-09-05 12:50:00+00:00,SVC,4.565000057220459,4.565000057220459,4.565000057220459,4.565000057220459,4.565000057220459,2633.0
2024-09-05 12:50:00+00:00,UNIT,5.235000133514404,5.235000133514404,5.239999771118164,5.230000019073486,5.230000019073486,4768.0
2024-09-05 12:50:00+00:00,WHLR,3.809999942779541,3.809999942779541,3.9100000858306885,3.674099922180176,3.7899999618530273,414696.0
2024-09-05 12:51:00+00:00,AGNC,10.225000381469727,10.225000381469727,10.23740005493164,10.220100402832031,10.234999656677246,140584.0
2024-09-05 12:51:00+00:00,AGNCN,25.764999389648438,25.764999389648438,25.764999389648438,25.764999389648438,25.764999389648438,290.0
2024-09-05 12:51:00+00:00,CSGP,76.69000244140625,76.69000244140625,76.69000244140625,76.69000244140625,76.69000244140625,700.0
2024-09-05 12:51:00+00:00,DHC,3.265000104904175,3.265000104904175,3.265000104904175,3.265000104904175,3.265000104904175,975.0
2024-09-05 12:51:00+00:00,FSV,178.6649932861328,178.6649932861328,178.6649932861328,178.6649932861328,178.6649932861328,931.0
2024-09-05 12:51:00+00:00,FTHM,2.809999942779541,2.809999942779541,2.809999942779541,2.809999942779541,2.809999942779541,3431.0
2024-09-05 12:51:00+00:00,GLPI,51.4099006652832,51.4099006652832,51.4099006652832,51.400001525878906,51.400001525878906,928.0
2024-09-05 12:51:00+00:00,HST,16.700000762939453,16.700000762939453,16.700000762939453,16.690000534057617,16.690000534057617,6530.0
2024-09-05 12:51:00+00:00,ILPT,4.954999923706055,4.954999923706055,4.954999923706055,4.954999923706055,4.954999923706055,200.0
2024-09-05 12:51:00+00:00,LAMR,124.55999755859375,124.55999755859375,124.55999755859375,124.55999755859375,124.55999755859375,300.0
2024-09-05 12:51:00+00:00,LAND,13.539999961853027,13.539999961853027,13.539999961853027,13.522000312805176,13.522000312805176,442.0
2024-09-05 12:51:00+00:00,NYMT,6.400000095367432,6.400000095367432,6.400000095367432,6.400000095367432,6.400000095367432,467.0
2024-09-05 12:51:00+00:00,OPEN,1.9500000476837158,1.9500000476837158,1.9599000215530396,1.9500000476837158,1.9550000429153442,12183.0
2024-09-05 12:51:00+00:00,PCH,42.82500076293945,42.82500076293945,42.82500076293945,42.82500076293945,42.82500076293945,5155.0
2024-09-05 12:51:00+00:00,RDFN,9.5,9.5,9.515000343322754,9.5,9.510000228881836,7695.0
2024-09-05 12:51:00+00:00,REAX,5.710000038146973,5.710000038146973,5.710000038146973,5.710000038146973,5.710000038146973,1013.0
2024-09-05 12:51:00+00:00,ROIC,15.204999923706055,15.204999923706055,15.204999923706055,15.199999809265137,15.204999923706055,1667.0
2024-09-05 12:51:00+00:00,SBAC,235.63499450683594,235.63499450683594,235.63499450683594,235.63499450683594,235.63499450683594,667.0
2024-09-05 12:51:00+00:00,SBRA,17.459999084472656,17.459999084472656,17.459999084472656,17.459999084472656,17.459999084472656,503.0
2024-09-05 12:51:00+00:00,SEVN,13.654999732971191,13.654999732971191,13.654999732971191,13.654999732971191,13.654999732971191,663.0
2024-09-05 12:51:00+00:00,SVC,4.565000057220459,4.565000057220459,4.565000057220459,4.565000057220459,4.565000057220459,140.0
2024-09-05 12:51:00+00:00,UK,1.399999976158142,1.399999976158142,1.399999976158142,1.399999976158142,1.399999976158142,1143.0
2024-09-05 12:51:00+00:00,UNIT,5.239999771118164,5.239999771118164,5.239999771118164,5.230100154876709,5.235000133514404,9098.0
2024-09-05 12:51:00+00:00,WHLR,3.755000114440918,3.755000114440918,3.9100000858306885,3.7100000381469727,3.800100088119507,301972.0
2024-09-05 12:52:00+00:00,AGNC,10.225000381469727,10.225000381469727,10.228799819946289,10.220000267028809,10.225000381469727,31671.0
2024-09-05 12:52:00+00:00,CSGP,76.70999908447266,76.70999908447266,76.70999908447266,76.68000030517578,76.68000030517578,550.0
2024-09-05 12:52:00+00:00,EXPI,11.630000114440918,11.630000114440918,11.630000114440918,11.630000114440918,11.630000114440918,860.0
2024-09-05 12:52:00+00:00,GLPI,51.400001525878906,51.400001525878906,51.400001525878906,51.400001525878906,51.400001525878906,497.0
2024-09-05 12:52:00+00:00,GOOD,15.229999542236328,15.229999542236328,15.229999542236328,15.225000381469727,15.225000381469727,938.0
2024-09-05 12:52:00+00:00,HST,16.69499969482422,16.69499969482422,16.700000762939453,16.69499969482422,16.69499969482422,4923.0
2024-09-05 12:52:00+00:00,ILPT,4.954999923706055,4.954999923706055,4.954999923706055,4.954999923706055,4.954999923706055,30.0
2024-09-05 12:52:00+00:00,LSEA,11.479999542236328,11.479999542236328,11.479999542236328,11.479999542236328,11.479999542236328,200.0
2024-09-05 12:52:00+00:00,NMRK,14.210000038146973,14.210000038146973,14.21500015258789,14.210000038146973,14.210000038146973,21530.0
2024-09-05 12:52:00+00:00,NYMT,6.400000095367432,6.400000095367432,6.400000095367432,6.400000095367432,6.400000095367432,828.0
2024-09-05 12:52:00+00:00,OPEN,1.9550000429153442,1.9550000429153442,1.9550000429153442,1.9500000476837158,1.9550000429153442,24955.0
2024-09-05 12:52:00+00:00,OPI,2.130000114440918,2.130000114440918,2.130000114440918,2.130000114440918,2.130000114440918,136.0
2024-09-05 12:52:00+00:00,PCH,42.849998474121094,42.849998474121094,42.849998474121094,42.82500076293945,42.82500076293945,23080.0
2024-09-05 12:52:00+00:00,PECO,37.13999938964844,37.13999938964844,37.13999938964844,37.13999938964844,37.13999938964844,200.0
2024-09-05 12:52:00+00:00,RDFN,9.499899864196777,9.499899864196777,9.499899864196777,9.494999885559082,9.494999885559082,1482.0
2024-09-05 12:52:00+00:00,REAX,5.710000038146973,5.710000038146973,5.710000038146973,5.710000038146973,5.710000038146973,483.0
2024-09-05 12:52:00+00:00,ROIC,15.204999923706055,15.204999923706055,15.204999923706055,15.204999923706055,15.204999923706055,341.0
2024-09-05 12:52:00+00:00,SBAC,235.7100067138672,235.7100067138672,235.7100067138672,235.57000732421875,235.57000732421875,850.0
2024-09-05 12:52:00+00:00,SBRA,17.46500015258789,17.46500015258789,17.46500015258789,17.46500015258789,17.46500015258789,320.0
2024-09-05 12:52:00+00:00,SVC,4.559999942779541,4.559999942779541,4.565000057220459,4.559999942779541,4.565000057220459,527.0
2024-09-05 12:52:00+00:00,UNIT,5.235000133514404,5.235000133514404,5.235000133514404,5.235000133514404,5.235000133514404,719.0
2024-09-05 12:52:00+00:00,WHLR,3.783099889755249,3.783099889755249,3.819999933242798,3.680000066757202,3.7500998973846436,229612.0
2024-09-05 12:53:00+00:00,AGNC,10.224800109863281,10.224800109863281,10.225000381469727,10.221799850463867,10.221799850463867,8175.0
2024-09-05 12:53:00+00:00,CIGI,140.77999877929688,140.77999877929688,140.82000732421875,140.77999877929688,140.82000732421875,710.0
2024-09-05 12:53:00+00:00,CSGP,76.7699966430664,76.7699966430664,76.7699966430664,76.65609741210938,76.65609741210938,27684.0
2024-09-05 12:53:00+00:00,EQIX,820.7550048828125,820.7550048828125,820.7550048828125,820.0050048828125,820.04248046875,872.0
2024-09-05 12:53:00+00:00,GLPI,51.3849983215332,51.3849983215332,51.400001525878906,51.3849983215332,51.400001525878906,3273.0
2024-09-05 12:53:00+00:00,HST,16.684999465942383,16.684999465942383,16.69499969482422,16.684999465942383,16.69499969482422,11229.0
2024-09-05 12:53:00+00:00,HTIA,15.390000343322754,15.390000343322754,15.390000343322754,15.390000343322754,15.390000343322754,200.0
2024-09-05 12:53:00+00:00,ILPT,4.949999809265137,4.949999809265137,4.949999809265137,4.949999809265137,4.949999809265137,238.0
2024-09-05 12:53:00+00:00,LAND,13.520000457763672,13.520000457763672,13.529999732971191,13.520000457763672,13.529999732971191,766.0
2024-09-05 12:53:00+00:00,LSEA,11.46500015258789,11.46500015258789,11.46500015258789,11.46500015258789,11.46500015258789,254.0
2024-09-05 12:53:00+00:00,NMRK,14.194999694824219,14.194999694824219,14.194999694824219,14.194999694824219,14.194999694824219,419.0
2024-09-05 12:53:00+00:00,NYMT,6.394999980926514,6.394999980926514,6.394999980926514,6.394999980926514,6.394999980926514,670.0
2024-09-05 12:53:00+00:00,OPEN,1.9550000429153442,1.9550000429153442,1.9550000429153442,1.9500000476837158,1.9501999616622925,3070.0
2024-09-05 12:53:00+00:00,PCH,42.845001220703125,42.845001220703125,42.845001220703125,42.845001220703125,42.845001220703125,139.0
2024-09-05 12:53:00+00:00,PECO,37.119998931884766,37.119998931884766,37.119998931884766,37.11000061035156,37.119998931884766,1344.0
2024-09-05 12:53:00+00:00,RDFN,9.5,9.5,9.5,9.494999885559082,9.494999885559082,1181.0
2024-09-05 12:53:00+00:00,REAX,5.710000038146973,5.710000038146973,5.710000038146973,5.710000038146973,5.710000038146973,377.0
2024-09-05 12:53:00+00:00,ROIC,15.204999923706055,15.204999923706055,15.204999923706055,15.204999923706055,15.204999923706055,318.0
2024-09-05 12:53:00+00:00,SBAC,235.69000244140625,235.69000244140625,235.69000244140625,235.69000244140625,235.69000244140625,1423.0
2024-09-05 12:53:00+00:00,SBRA,17.469999313354492,17.469999313354492,17.469999313354492,17.469999313354492,17.469999313354492,472.0
2024-09-05 12:53:00+00:00,UNIT,5.235000133514404,5.235000133514404,5.239999771118164,5.230100154876709,5.231200218200684,12795.0
2024-09-05 12:53:00+00:00,WHLR,3.7000999450683594,3.7000999450683594,3.8399999141693115,3.680000066757202,3.7850000858306885,307359.0
2024-09-05 12:54:00+00:00,AFCG,10.34000015258789,10.34000015258789,10.34000015258789,10.34000015258789,10.34000015258789,416.0
2024-09-05 12:54:00+00:00,AGNC,10.225000381469727,10.225000381469727,10.229900360107422,10.220000267028809,10.225000381469727,6000.0
2024-09-05 12:54:00+00:00,CSGP,76.81500244140625,76.81500244140625,76.81500244140625,76.76499938964844,76.7699966430664,1527.0
2024-09-05 12:54:00+00:00,GLPI,51.349998474121094,51.349998474121094,51.369998931884766,51.349998474121094,51.369998931884766,2998.0
2024-09-05 12:54:00+00:00,HST,16.700000762939453,16.700000762939453,16.700000762939453,16.690000534057617,16.690000534057617,8635.0
2024-09-05 12:54:00+00:00,ILPT,4.949999809265137,4.949999809265137,4.949999809265137,4.949999809265137,4.949999809265137,191.0
2024-09-05 12:54:00+00:00,LAMR,124.5,124.5,124.5,124.5,124.5,1662.0
2024-09-05 12:54:00+00:00,LSEA,11.479999542236328,11.479999542236328,11.479999542236328,11.479999542236328,11.479999542236328,733.0
2024-09-05 12:54:00+00:00,NMRK,14.1899995803833,14.1899995803833,14.1899995803833,14.1899995803833,14.1899995803833,612.0
2024-09-05 12:54:00+00:00,OPEN,1.9550000429153442,1.9550000429153442,1.9550000429153442,1.9550000429153442,1.9550000429153442,2807.0
2024-09-05 12:54:00+00:00,OPI,2.130000114440918,2.130000114440918,2.130000114440918,2.130000114440918,2.130000114440918,197.0
2024-09-05 12:54:00+00:00,PCH,42.845001220703125,42.845001220703125,42.845001220703125,42.845001220703125,42.845001220703125,194.0
2024-09-05 12:54:00+00:00,PECO,37.11000061035156,37.11000061035156,37.11000061035156,37.11000061035156,37.11000061035156,528.0
2024-09-05 12:54:00+00:00,RDFN,9.505000114440918,9.505000114440918,9.505000114440918,9.5,9.5,3102.0
2024-09-05 12:54:00+00:00,REAX,5.710000038146973,5.710000038146973,5.710000038146973,5.710000038146973,5.710000038146973,1515.0
2024-09-05 12:54:00+00:00,REG,73.30000305175781,73.30000305175781,73.30999755859375,73.30000305175781,73.30999755859375,1630.0
2024-09-05 12:54:00+00:00,ROIC,15.204999923706055,15.204999923706055,15.204999923706055,15.204999923706055,15.204999923706055,459.0
2024-09-05 12:54:00+00:00,SBAC,235.61000061035156,235.61000061035156,235.61000061035156,235.5399932861328,235.5399932861328,735.0
2024-09-05 12:54:00+00:00,SBRA,17.469999313354492,17.469999313354492,17.469999313354492,17.46500015258789,17.46500015258789,331.0
2024-09-05 12:54:00+00:00,UNIT,5.255000114440918,5.255000114440918,5.255000114440918,5.230100154876709,5.238699913024902,22074.0
2024-09-05 12:54:00+00:00,WHLR,3.990000009536743,3.990000009536743,3.990000009536743,3.7200000286102295,3.7300000190734863,539591.0
2024-09-05 12:55:00+00:00,AGNC,10.220000267028809,10.220000267028809,10.222800254821777,10.220000267028809,10.222800254821777,2400.0
2024-09-05 12:55:00+00:00,CSGP,76.86000061035156,76.86000061035156,76.86000061035156,76.8499984741211,76.8499984741211,840.0
2024-09-05 12:55:00+00:00,EQIX,820.4349975585938,820.4349975585938,820.4349975585938,820.4349975585938,820.4349975585938,400.0
2024-09-05 12:55:00+00:00,EXPI,11.635000228881836,11.635000228881836,11.640000343322754,11.635000228881836,11.640000343322754,912.0
2024-09-05 12:55:00+00:00,GLPI,51.3849983215332,51.3849983215332,51.3849983215332,51.349998474121094,51.349998474121094,2739.0
2024-09-05 12:55:00+00:00,HST,16.700000762939453,16.700000762939453,16.704999923706055,16.700000762939453,16.700000762939453,9769.0
2024-09-05 12:55:00+00:00,ILPT,4.949999809265137,4.949999809265137,4.949999809265137,4.949999809265137,4.949999809265137,502.0
2024-09-05 12:55:00+00:00,NMRK,14.199999809265137,14.199999809265137,14.199999809265137,14.199999809265137,14.199999809265137,261.0
2024-09-05 12:55:00+00:00,NYMT,6.409999847412109,6.409999847412109,6.409999847412109,6.396999835968018,6.396999835968018,1044.0
2024-09-05 12:55:00+00:00,OPEN,1.9500999450683594,1.9500999450683594,1.9574999809265137,1.9500000476837158,1.9550000429153442,19547.0
2024-09-05 12:55:00+00:00,RDFN,9.505000114440918,9.505000114440918,9.505000114440918,9.505000114440918,9.505000114440918,1843.0
2024-09-05 12:55:00+00:00,REAX,5.71999979019165,5.71999979019165,5.724999904632568,5.71999979019165,5.71999979019165,2921.0
2024-09-05 12:55:00+00:00,ROIC,15.199999809265137,15.199999809265137,15.210000038146973,15.199999809265137,15.210000038146973,670.0
2024-09-05 12:55:00+00:00,SBAC,235.5399932861328,235.5399932861328,235.5500030517578,235.5399932861328,235.5500030517578,483.0
2024-09-05 12:55:00+00:00,SBRA,17.469999313354492,17.469999313354492,17.469999313354492,17.469999313354492,17.469999313354492,569.0
2024-09-05 12:55:00+00:00,SVC,4.559999942779541,4.559999942779541,4.559999942779541,4.559999942779541,4.559999942779541,446.0
2024-09-05 12:55:00+00:00,UNIT,5.264999866485596,5.264999866485596,5.264999866485596,5.260000228881836,5.260000228881836,1965.0
2024-09-05 12:55:00+00:00,WHLR,4.229000091552734,4.229000091552734,4.239999771118164,3.9100000858306885,3.990000009536743,793588.0
2024-09-05 12:56:00+00:00,AFCG,10.335000038146973,10.335000038146973,10.335000038146973,10.335000038146973,10.335000038146973,128.0
2024-09-05 12:56:00+00:00,AGNC,10.229999542236328,10.229999542236328,10.229999542236328,10.22249984741211,10.225000381469727,60036.0
2024-09-05 12:56:00+00:00,CSGP,76.9000015258789,76.9000015258789,76.9000015258789,76.9000015258789,76.9000015258789,231.0
2024-09-05 12:56:00+00:00,EXPI,11.649999618530273,11.649999618530273,11.649999618530273,11.649999618530273,11.649999618530273,191.0
2024-09-05 12:56:00+00:00,FTHM,2.7899999618530273,2.7899999618530273,2.7899999618530273,2.7899999618530273,2.7899999618530273,76.0
2024-09-05 12:56:00+00:00,GLPI,51.380001068115234,51.380001068115234,51.38999938964844,51.380001068115234,51.38999938964844,1315.0
2024-09-05 12:56:00+00:00,GOOD,15.229999542236328,15.229999542236328,15.229999542236328,15.229999542236328,15.229999542236328,395.0
2024-09-05 12:56:00+00:00,HST,16.704999923706055,16.704999923706055,16.704999923706055,16.704999923706055,16.704999923706055,541.0
2024-09-05 12:56:00+00:00,ILPT,4.949999809265137,4.949999809265137,4.949999809265137,4.949999809265137,4.949999809265137,60.0
2024-09-05 12:56:00+00:00,NMRK,14.210000038146973,14.210000038146973,14.210000038146973,14.199999809265137,14.199999809265137,1551.0
2024-09-05 12:56:00+00:00,NYMT,6.40500020980835,6.40500020980835,6.40500020980835,6.40500020980835,6.40500020980835,141.0
2024-09-05 12:56:00+00:00,OPEN,1.9550000429153442,1.9550000429153442,1.9600000381469727,1.9500000476837158,1.9500000476837158,6530.0
2024-09-05 12:56:00+00:00,PCH,42.849998474121094,42.849998474121094,42.849998474121094,42.849998474121094,42.849998474121094,102.0
2024-09-05 12:56:00+00:00,RDFN,9.505000114440918,9.505000114440918,9.515000343322754,9.505000114440918,9.510000228881836,8447.0
2024-09-05 12:56:00+00:00,ROIC,15.204999923706055,15.204999923706055,15.204999923706055,15.204999923706055,15.204999923706055,658.0
2024-09-05 12:56:00+00:00,SBAC,235.5500030517578,235.5500030517578,235.5500030517578,235.5500030517578,235.5500030517578,1525.0
2024-09-05 12:56:00+00:00,SBRA,17.479999542236328,17.479999542236328,17.479999542236328,17.469999313354492,17.469999313354492,1956.0
2024-09-05 12:56:00+00:00,UNIT,5.28000020980835,5.28000020980835,5.28000020980835,5.269999980926514,5.269999980926514,4010.0
2024-09-05 12:56:00+00:00,WHLR,4.119999885559082,4.119999885559082,4.289999961853027,3.9700000286102295,4.19189977645874,619869.0
2024-09-05 12:57:00+00:00,AGNC,10.234999656677246,10.234999656677246,10.234999656677246,10.225000381469727,10.229999542236328,38254.0
2024-09-05 12:57:00+00:00,CSGP,76.9000015258789,76.9000015258789,76.9000015258789,76.9000015258789,76.9000015258789,1385.0
2024-09-05 12:57:00+00:00,EQIX,820.6475219726562,820.6475219726562,820.6475219726562,820.6475219726562,820.6475219726562,936.0
2024-09-05 12:57:00+00:00,EXPI,11.645000457763672,11.645000457763672,11.645000457763672,11.645000457763672,11.645000457763672,346.0
2024-09-05 12:57:00+00:00,FSV,178.69000244140625,178.69000244140625,178.69000244140625,178.69000244140625,178.69000244140625,513.0
2024-09-05 12:57:00+00:00,FTHM,2.809999942779541,2.809999942779541,2.809999942779541,2.809999942779541,2.809999942779541,0.0
2024-09-05 12:57:00+00:00,GLPI,51.400001525878906,51.400001525878906,51.400001525878906,51.380001068115234,51.380001068115234,7302.0
2024-09-05 12:57:00+00:00,HST,16.704999923706055,16.704999923706055,16.709999084472656,16.700000762939453,16.700000762939453,8507.0
2024-09-05 12:57:00+00:00,NMRK,14.220000267028809,14.220000267028809,14.220000267028809,14.220000267028809,14.220000267028809,334.0
2024-09-05 12:57:00+00:00,OPEN,1.9550000429153442,1.9550000429153442,1.9600000381469727,1.9550000429153442,1.9550000429153442,49272.0
2024-09-05 12:57:00+00:00,OPI,2.125,2.125,2.125,2.125,2.125,204.0
2024-09-05 12:57:00+00:00,PCH,42.85499954223633,42.85499954223633,42.869998931884766,42.849998474121094,42.849998474121094,1856.0
2024-09-05 12:57:00+00:00,PECO,37.125,37.125,37.125,37.125,37.125,439.0
2024-09-05 12:57:00+00:00,RDFN,9.515000343322754,9.515000343322754,9.515000343322754,9.510000228881836,9.510000228881836,889.0
2024-09-05 12:57:00+00:00,REAX,5.724999904632568,5.724999904632568,5.724999904632568,5.724999904632568,5.724999904632568,1296.0
2024-09-05 12:57:00+00:00,ROIC,15.204999923706055,15.204999923706055,15.204999923706055,15.204999923706055,15.204999923706055,110.0
2024-09-05 12:57:00+00:00,SBRA,17.475000381469727,17.475000381469727,17.479999542236328,17.475000381469727,17.479999542236328,284.0
2024-09-05 12:57:00+00:00,UNIT,5.289999961853027,5.289999961853027,5.289999961853027,5.28000020980835,5.28000020980835,4866.0
2024-09-05 12:57:00+00:00,WHLR,4.380000114440918,4.380000114440918,4.440000057220459,4.109099864959717,4.109099864959717,897879.0
2024-09-05 12:58:00+00:00,AGNC,10.225000381469727,10.225000381469727,10.239999771118164,10.220000267028809,10.239999771118164,126570.0
2024-09-05 12:58:00+00:00,CIGI,141.02000427246094,141.02000427246094,141.05499267578125,141.02000427246094,141.05499267578125,584.0
2024-09-05 12:58:00+00:00,CSGP,76.87999725341797,76.87999725341797,76.87999725341797,76.87999725341797,76.87999725341797,212.0
2024-09-05 12:58:00+00:00,EXPI,11.649999618530273,11.649999618530273,11.649999618530273,11.649999618530273,11.649999618530273,308.0
2024-09-05 12:58:00+00:00,GLPI,51.375,51.375,51.39500045776367,51.375,51.39500045776367,924.0
2024-09-05 12:58:00+00:00,HST,16.704999923706055,16.704999923706055,16.70599937438965,16.700000762939453,16.704999923706055,2781.0
2024-09-05 12:58:00+00:00,ILPT,4.949999809265137,4.949999809265137,4.954999923706055,4.949999809265137,4.954999923706055,771.0
2024-09-05 12:58:00+00:00,LAND,13.539999961853027,13.539999961853027,13.539999961853027,13.539999961853027,13.539999961853027,280.0
2024-09-05 12:58:00+00:00,LSEA,11.489999771118164,11.489999771118164,11.489999771118164,11.489999771118164,11.489999771118164,480.0
2024-09-05 12:58:00+00:00,OPEN,1.9636000394821167,1.9636000394821167,1.965000033378601,1.9500000476837158,1.9550000429153442,133879.0
2024-09-05 12:58:00+00:00,OPI,2.130000114440918,2.130000114440918,2.130000114440918,2.125,2.125,1317.0
2024-09-05 12:58:00+00:00,PECO,37.125099182128906,37.125099182128906,37.125099182128906,37.125099182128906,37.125099182128906,300.0
2024-09-05 12:58:00+00:00,RDFN,9.530500411987305,9.530500411987305,9.53499984741211,9.515000343322754,9.515000343322754,2216.0
2024-09-05 12:58:00+00:00,REG,73.375,73.375,73.375,73.375,73.375,435.0
2024-09-05 12:58:00+00:00,ROIC,15.210000038146973,15.210000038146973,15.210000038146973,15.204999923706055,15.210000038146973,847.0
2024-09-05 12:58:00+00:00,SBAC,235.44000244140625,235.44000244140625,235.44000244140625,235.44000244140625,235.44000244140625,815.0
2024-09-05 12:58:00+00:00,SBRA,17.475000381469727,17.475000381469727,17.475000381469727,17.475000381469727,17.475000381469727,356.0
2024-09-05 12:58:00+00:00,UNIT,5.260000228881836,5.260000228881836,5.284999847412109,5.260000228881836,5.281000137329102,21726.0
2024-09-05 12:58:00+00:00,WHLR,4.420000076293945,4.420000076293945,4.46999979019165,4.269999980926514,4.354499816894531,540793.0
2024-09-05 12:58:00+00:00,WHLRP,2.8299999237060547,2.8299999237060547,2.8299999237060547,2.680000066757202,2.680000066757202,1786.0
2024-09-05 12:59:00+00:00,AGNC,10.225000381469727,10.225000381469727,10.225000381469727,10.225000381469727,10.225000381469727,7007.0
2024-09-05 12:59:00+00:00,CHCI,7.650000095367432,7.650000095367432,7.650000095367432,7.639999866485596,7.639999866485596,300.0
2024-09-05 12:59:00+00:00,CSGP,76.86000061035156,76.86000061035156,76.91999816894531,76.86000061035156,76.88999938964844,5200.0
2024-09-05 12:59:00+00:00,EXPI,11.649999618530273,11.649999618530273,11.649999618530273,11.649999618530273,11.649999618530273,753.0
2024-09-05 12:59:00+00:00,GLPI,51.400001525878906,51.400001525878906,51.40999984741211,51.380001068115234,51.380001068115234,10521.0
2024-09-05 12:59:00+00:00,HST,16.690000534057617,16.690000534057617,16.700000762939453,16.690000534057617,16.700000762939453,7430.0
2024-09-05 12:59:00+00:00,ILPT,4.940000057220459,4.940000057220459,4.940000057220459,4.940000057220459,4.940000057220459,135.0
2024-09-05 12:59:00+00:00,NMRK,14.225000381469727,14.225000381469727,14.225000381469727,14.220000267028809,14.225000381469727,1420.0
2024-09-05 12:59:00+00:00,OPEN,1.965000033378601,1.965000033378601,1.965000033378601,1.9600000381469727,1.965000033378601,40999.0
2024-09-05 12:59:00+00:00,PECO,37.119998931884766,37.119998931884766,37.119998931884766,37.119998931884766,37.119998931884766,218.0
2024-09-05 12:59:00+00:00,RDFN,9.515000343322754,9.515000343322754,9.539799690246582,9.515000343322754,9.529999732971191,4096.0
2024-09-05 12:59:00+00:00,REAX,5.730000019073486,5.730000019073486,5.730000019073486,5.730000019073486,5.730000019073486,1309.0
2024-09-05 12:59:00+00:00,REG,73.33000183105469,73.33000183105469,73.4000015258789,73.33000183105469,73.4000015258789,1751.0
2024-09-05 12:59:00+00:00,ROIC,15.194999694824219,15.194999694824219,15.210000038146973,15.194999694824219,15.210000038146973,2075.0
2024-09-05 12:59:00+00:00,SBRA,17.469999313354492,17.469999313354492,17.479999542236328,17.469999313354492,17.479999542236328,3292.0
2024-09-05 12:59:00+00:00,UNIT,5.264999866485596,5.264999866485596,5.269999980926514,5.264999866485596,5.268799781799316,4340.0
2024-09-05 12:59:00+00:00,WHLR,4.820000171661377,4.820000171661377,4.869999885559082,4.409999847412109,4.447500228881836,671759.0
2024-09-05 12:59:00+00:00,WHLRP,2.950000047683716,2.950000047683716,2.950000047683716,2.930000066757202,2.930000066757202,650.0
2024-09-05 13:00:00+00:00,AFCG,10.335000038146973,10.335000038146973,10.339699745178223,10.335000038146973,10.339699745178223,4200.0
2024-09-05 13:00:00+00:00,AGNC,10.225000381469727,10.225000381469727,10.225000381469727,10.225000381469727,10.225000381469727,3568.0
2024-09-05 13:00:00+00:00,CSGP,76.91999816894531,76.91999816894531,76.91999816894531,76.86000061035156,76.88999938964844,2913.0
2024-09-05 13:00:00+00:00,EQIX,820.1849975585938,820.1849975585938,820.1849975585938,819.9299926757812,820.1599731445312,1102.0
2024-09-05 13:00:00+00:00,EXPI,11.649999618530273,11.649999618530273,11.649999618530273,11.649999618530273,11.649999618530273,374.0
2024-09-05 13:00:00+00:00,GLPI,51.400001525878906,51.400001525878906,51.400001525878906,51.400001525878906,51.400001525878906,855.0
2024-09-05 13:00:00+00:00,GOOD,15.229999542236328,15.229999542236328,15.229999542236328,15.229999542236328,15.229999542236328,1179.0
2024-09-05 13:00:00+00:00,HST,16.69499969482422,16.69499969482422,16.69499969482422,16.69499969482422,16.69499969482422,4217.0
2024-09-05 13:00:00+00:00,HTIA,15.25,15.25,15.25,15.15999984741211,15.25,2042.0
2024-09-05 13:00:00+00:00,ILPT,4.940000057220459,4.940000057220459,4.940000057220459,4.940000057220459,4.940000057220459,470.0
2024-09-05 13:00:00+00:00,LOAN,5.200300216674805,5.200300216674805,5.200300216674805,5.200200080871582,5.200200080871582,1005.0
2024-09-05 13:00:00+00:00,NYMT,6.400000095367432,6.400000095367432,6.400000095367432,6.400000095367432,6.400000095367432,388.0
2024-09-05 13:00:00+00:00,OPEN,1.965000033378601,1.965000033378601,1.965000033378601,1.965000033378601,1.965000033378601,11194.0
2024-09-05 13:00:00+00:00,PECO,37.11000061035156,37.11000061035156,37.150001525878906,37.11000061035156,37.150001525878906,1337.0
2024-09-05 13:00:00+00:00,RDFN,9.513999938964844,9.513999938964844,9.520000457763672,9.510499954223633,9.520000457763672,4673.0
2024-09-05 13:00:00+00:00,REAX,5.739999771118164,5.739999771118164,5.739999771118164,5.730000019073486,5.739999771118164,399.0
2024-09-05 13:00:00+00:00,REG,73.37999725341797,73.37999725341797,73.38999938964844,73.37000274658203,73.37000274658203,337.0
2024-09-05 13:00:00+00:00,SBAC,235.41000366210938,235.41000366210938,235.41000366210938,235.41000366210938,235.41000366210938,372.0
2024-09-05 13:00:00+00:00,SBRA,17.459999084472656,17.459999084472656,17.46500015258789,17.459999084472656,17.46500015258789,748.0
2024-09-05 13:00:00+00:00,SVC,4.559999942779541,4.559999942779541,4.5619001388549805,4.559999942779541,4.5619001388549805,1076.0
2024-09-05 13:00:00+00:00,UNIT,5.269899845123291,5.269899845123291,5.269999980926514,5.260000228881836,5.264999866485596,2513.0
2024-09-05 13:00:00+00:00,WHLR,5.28000020980835,5.28000020980835,5.309999942779541,4.75,4.849999904632568,744496.0
2024-09-05 13:00:00+00:00,WHLRP,2.9549999237060547,2.9549999237060547,2.9549999237060547,2.9549999237060547,2.9549999237060547,1000.0
2024-09-05 13:01:00+00:00,AFCG,10.335000038146973,10.335000038146973,10.335000038146973,10.335000038146973,10.335000038146973,209.0
2024-09-05 13:01:00+00:00,AGNC,10.225000381469727,10.225000381469727,10.225000381469727,10.222200393676758,10.225000381469727,8889.0
2024-09-05 13:01:00+00:00,CSGP,76.91960144042969,76.91960144042969,76.94999694824219,76.91960144042969,76.94000244140625,862.0
2024-09-05 13:01:00+00:00,EQIX,820.1799926757812,820.1799926757812,820.1799926757812,820.1799926757812,820.1799926757812,186.0
2024-09-05 13:01:00+00:00,EXPI,11.649999618530273,11.649999618530273,11.649999618530273,11.649999618530273,11.649999618530273,622.0
2024-09-05 13:01:00+00:00,GLPI,51.40999984741211,51.40999984741211,51.40999984741211,51.40999984741211,51.40999984741211,1633.0
2024-09-05 13:01:00+00:00,HST,16.690000534057617,16.690000534057617,16.690000534057617,16.690000534057617,16.690000534057617,1803.0
2024-09-05 13:01:00+00:00,LAND,13.539999961853027,13.539999961853027,13.539999961853027,13.539999961853027,13.539999961853027,351.0
2024-09-05 13:01:00+00:00,NMRK,14.225000381469727,14.225000381469727,14.225000381469727,14.220000267028809,14.220000267028809,2501.0
2024-09-05 13:01:00+00:00,NYMT,6.394999980926514,6.394999980926514,6.394999980926514,6.394999980926514,6.394999980926514,743.0
2024-09-05 13:01:00+00:00,OPEN,1.9600000381469727,1.9600000381469727,1.968999981880188,1.9600000381469727,1.9601000547409058,17849.0
2024-09-05 13:01:00+00:00,OPI,2.119999885559082,2.119999885559082,2.119999885559082,2.119999885559082,2.119999885559082,120.0
2024-09-05 13:01:00+00:00,PCH,42.83000183105469,42.83000183105469,42.83000183105469,42.83000183105469,42.83000183105469,512.0
2024-09-05 13:01:00+00:00,REAX,5.71999979019165,5.71999979019165,5.739999771118164,5.71999979019165,5.739999771118164,1023.0
2024-09-05 13:01:00+00:00,REG,73.37999725341797,73.37999725341797,73.37999725341797,73.37999725341797,73.37999725341797,471.0
2024-09-05 13:01:00+00:00,ROIC,15.1899995803833,15.1899995803833,15.1899995803833,15.1899995803833,15.1899995803833,2139.0
2024-09-05 13:01:00+00:00,SBAC,235.4600067138672,235.4600067138672,235.4600067138672,235.4600067138672,235.4600067138672,1032.0
2024-09-05 13:01:00+00:00,SBRA,17.454999923706055,17.454999923706055,17.454999923706055,17.454999923706055,17.454999923706055,300.0
2024-09-05 13:01:00+00:00,UNIT,5.255000114440918,5.255000114440918,5.264999866485596,5.25,5.264999866485596,19100.0
2024-09-05 13:01:00+00:00,WHLR,5.440000057220459,5.440000057220459,5.440000057220459,5.269999980926514,5.300000190734863,80058.0
2024-09-05 13:01:00+00:00,WHLRD,19.5,19.5,19.600000381469727,19.479999542236328,19.479999542236328,807.0
2024-09-05 13:01:00+00:00,WHLRP,3.0,3.0,3.0,3.0,3.0,1131.0
2024-09-05 13:02:00+00:00,AGNC,10.225000381469727,10.225000381469727,10.225000381469727,10.220000267028809,10.225000381469727,3046.0
2024-09-05 13:02:00+00:00,CHCI,7.650000095367432,7.650000095367432,7.650000095367432,7.650000095367432,7.650000095367432,479.0
2024-09-05 13:02:00+00:00,CSGP,76.91000366210938,76.91000366210938,76.91889953613281,76.91000366210938,76.91889953613281,793.0
2024-09-05 13:02:00+00:00,GLPI,51.41999816894531,51.41999816894531,51.41999816894531,51.40999984741211,51.40999984741211,1404.0
2024-09-05 13:02:00+00:00,HST,16.69499969482422,16.69499969482422,16.700000762939453,16.69499969482422,16.69499969482422,10320.0
2024-09-05 13:02:00+00:00,NYMT,6.389999866485596,6.389999866485596,6.389999866485596,6.389999866485596,6.389999866485596,808.0
2024-09-05 13:02:00+00:00,OPEN,1.9550000429153442,1.9550000429153442,1.965000033378601,1.9550000429153442,1.965000033378601,59333.0
2024-09-05 13:02:00+00:00,PECO,37.119998931884766,37.119998931884766,37.130001068115234,37.1150016784668,37.1150016784668,10158.0
2024-09-05 13:02:00+00:00,RDFN,9.5,9.5,9.515000343322754,9.489999771118164,9.510000228881836,5353.0
2024-09-05 13:02:00+00:00,REAX,5.735000133514404,5.735000133514404,5.739999771118164,5.735000133514404,5.739999771118164,1201.0
2024-09-05 13:02:00+00:00,ROIC,15.1850004196167,15.1850004196167,15.1850004196167,15.1850004196167,15.1850004196167,859.0
2024-09-05 13:02:00+00:00,SBRA,17.454999923706055,17.454999923706055,17.454999923706055,17.454999923706055,17.454999923706055,273.0
2024-09-05 13:02:00+00:00,SVC,4.559999942779541,4.559999942779541,4.559999942779541,4.559999942779541,4.559999942779541,267.0
2024-09-05 13:02:00+00:00,UNIT,5.255000114440918,5.255000114440918,5.260000228881836,5.25,5.255000114440918,17633.0
2024-09-05 13:02:00+00:00,WHLRD,19.530000686645508,19.530000686645508,19.530000686645508,19.530000686645508,19.530000686645508,200.0
2024-09-05 13:02:00+00:00,WHLRP,3.190000057220459,3.190000057220459,3.190000057220459,3.190000057220459,3.190000057220459,1898.0
2024-09-05 13:03:00+00:00,AFCG,10.335000038146973,10.335000038146973,10.335000038146973,10.329999923706055,10.329999923706055,413.0
2024-09-05 13:03:00+00:00,AGNC,10.220000267028809,10.220000267028809,10.225000381469727,10.220000267028809,10.220100402832031,51935.0
2024-09-05 13:03:00+00:00,CSGP,76.91000366210938,76.91000366210938,76.91000366210938,76.88009643554688,76.91000366210938,1316.0
2024-09-05 13:03:00+00:00,EXPI,11.635000228881836,11.635000228881836,11.640000343322754,11.635000228881836,11.640000343322754,2266.0
2024-09-05 13:03:00+00:00,FSV,178.72999572753906,178.72999572753906,178.72999572753906,178.72999572753906,178.72999572753906,774.0
2024-09-05 13:03:00+00:00,GLPI,51.400001525878906,51.400001525878906,51.400001525878906,51.400001525878906,51.400001525878906,1440.0
2024-09-05 13:03:00+00:00,HST,16.690000534057617,16.690000534057617,16.69499969482422,16.690000534057617,16.690000534057617,2424.0
2024-09-05 13:03:00+00:00,LAND,13.550000190734863,13.550000190734863,13.550000190734863,13.550000190734863,13.550000190734863,573.0
2024-09-05 13:03:00+00:00,LSEA,11.46500015258789,11.46500015258789,11.470000267028809,11.46500015258789,11.470000267028809,655.0
2024-09-05 13:03:00+00:00,NMRK,14.225000381469727,14.225000381469727,14.225000381469727,14.220000267028809,14.220000267028809,2107.0
2024-09-05 13:03:00+00:00,NYMT,6.385000228881836,6.385000228881836,6.385000228881836,6.380000114440918,6.380899906158447,7678.0
2024-09-05 13:03:00+00:00,OPEN,1.940000057220459,1.940000057220459,1.9550000429153442,1.940000057220459,1.9550000429153442,55068.0
2024-09-05 13:03:00+00:00,OPI,2.130000114440918,2.130000114440918,2.130000114440918,2.130000114440918,2.130000114440918,222.0
2024-09-05 13:03:00+00:00,PECO,37.119998931884766,37.119998931884766,37.119998931884766,37.119998931884766,37.119998931884766,1144.0
2024-09-05 13:03:00+00:00,RDFN,9.494999885559082,9.494999885559082,9.508099555969238,9.494999885559082,9.5,3186.0
2024-09-05 13:03:00+00:00,REAX,5.71999979019165,5.71999979019165,5.730000019073486,5.71999979019165,5.730000019073486,3255.0
2024-09-05 13:03:00+00:00,REG,73.375,73.375,73.375,73.36000061035156,73.375,972.0
2024-09-05 13:03:00+00:00,SBAC,235.3699951171875,235.3699951171875,235.3699951171875,235.3699951171875,235.3699951171875,632.0
2024-09-05 13:03:00+00:00,SBRA,17.440000534057617,17.440000534057617,17.450000762939453,17.440000534057617,17.450000762939453,840.0
2024-09-05 13:03:00+00:00,SVC,4.565000057220459,4.565000057220459,4.565000057220459,4.565000057220459,4.565000057220459,356.0
2024-09-05 13:03:00+00:00,UNIT,5.255000114440918,5.255000114440918,5.255000114440918,5.25,5.255000114440918,1423.0
2024-09-05 13:03:00+00:00,WHLRP,3.0199999809265137,3.0199999809265137,3.549999952316284,3.0199999809265137,3.549999952316284,2030.0
2024-09-05 13:04:00+00:00,AFCG,10.329999923706055,10.329999923706055,10.329999923706055,10.329999923706055,10.329999923706055,511.0
2024-09-05 13:04:00+00:00,AGNC,10.220000267028809,10.220000267028809,10.229900360107422,10.220000267028809,10.225000381469727,4708.0
2024-09-05 13:04:00+00:00,CSGP,76.90499877929688,76.90499877929688,76.93000030517578,76.87999725341797,76.87999725341797,1497.0
2024-09-05 13:04:00+00:00,EQIX,819.1099853515625,819.1099853515625,819.1099853515625,819.1099853515625,819.1099853515625,914.0
2024-09-05 13:04:00+00:00,GLPI,51.40999984741211,51.40999984741211,51.40999984741211,51.40999984741211,51.40999984741211,315.0
2024-09-05 13:04:00+00:00,GOOD,15.199999809265137,15.199999809265137,15.199999809265137,15.199999809265137,15.199999809265137,844.0
2024-09-05 13:04:00+00:00,HST,16.69499969482422,16.69499969482422,16.69499969482422,16.684999465942383,16.690000534057617,34432.0
2024-09-05 13:04:00+00:00,ILPT,4.925000190734863,4.925000190734863,4.929999828338623,4.925000190734863,4.929999828338623,2465.0
2024-09-05 13:04:00+00:00,LAMR,124.51000213623047,124.51000213623047,124.51000213623047,124.51000213623047,124.51000213623047,669.0
2024-09-05 13:04:00+00:00,LANDO,21.329999923706055,21.329999923706055,21.34000015258789,21.25,21.34000015258789,739.0
2024-09-05 13:04:00+00:00,NMRK,14.21500015258789,14.21500015258789,14.21500015258789,14.210000038146973,14.210000038146973,852.0
2024-09-05 13:04:00+00:00,NYMT,6.385000228881836,6.385000228881836,6.385000228881836,6.385000228881836,6.385000228881836,300.0
2024-09-05 13:04:00+00:00,OPEN,1.9450000524520874,1.9450000524520874,1.9499000310897827,1.940000057220459,1.9400999546051025,155672.0
2024-09-05 13:04:00+00:00,OPI,2.125,2.125,2.125,2.125,2.125,1505.0
2024-09-05 13:04:00+00:00,PCH,42.869998931884766,42.869998931884766,42.869998931884766,42.85499954223633,42.85499954223633,1295.0
2024-09-05 13:04:00+00:00,PECO,37.119998931884766,37.119998931884766,37.119998931884766,37.119998931884766,37.119998931884766,1664.0
2024-09-05 13:04:00+00:00,RDFN,9.5,9.5,9.510000228881836,9.494999885559082,9.494999885559082,7242.0
2024-09-05 13:04:00+00:00,REAX,5.715000152587891,5.715000152587891,5.715000152587891,5.715000152587891,5.715000152587891,625.0
2024-09-05 13:04:00+00:00,REFI,15.8149995803833,15.8149995803833,15.8149995803833,15.8149995803833,15.8149995803833,449.0
2024-09-05 13:04:00+00:00,REG,73.3550033569336,73.3550033569336,73.38500213623047,73.3550033569336,73.37999725341797,1771.0
2024-09-05 13:04:00+00:00,ROIC,15.175000190734863,15.175000190734863,15.180000305175781,15.175000190734863,15.180000305175781,1529.0
2024-09-05 13:04:00+00:00,SBAC,235.30999755859375,235.30999755859375,235.41000366210938,235.30999755859375,235.41000366210938,636.0
2024-09-05 13:04:00+00:00,SBRA,17.44099998474121,17.44099998474121,17.44099998474121,17.44099998474121,17.44099998474121,361.0
2024-09-05 13:04:00+00:00,UNIT,5.255000114440918,5.255000114440918,5.255000114440918,5.25,5.25,2642.0
2024-09-05 13:04:00+00:00,WHLRP,3.0799999237060547,3.0799999237060547,3.0799999237060547,3.059999942779541,3.059999942779541,2049.0
2024-09-05 13:05:00+00:00,AGNC,10.21500015258789,10.21500015258789,10.225000381469727,10.21500015258789,10.220000267028809,30572.0
2024-09-05 13:05:00+00:00,CIGI,140.8300018310547,140.8300018310547,140.8300018310547,140.8300018310547,140.8300018310547,192.0
2024-09-05 13:05:00+00:00,CSGP,76.90460205078125,76.90460205078125,76.90499877929688,76.90460205078125,76.90499877929688,751.0
2024-09-05 13:05:00+00:00,GLPI,51.40999984741211,51.40999984741211,51.40999984741211,51.40999984741211,51.40999984741211,888.0
2024-09-05 13:05:00+00:00,HST,16.69499969482422,16.69499969482422,16.700000762939453,16.690000534057617,16.700000762939453,7141.0
2024-09-05 13:05:00+00:00,ILPT,4.920000076293945,4.920000076293945,4.920000076293945,4.920000076293945,4.920000076293945,638.0
2024-09-05 13:05:00+00:00,NMRK,14.1899995803833,14.1899995803833,14.199999809265137,14.1899995803833,14.199999809265137,905.0
2024-09-05 13:05:00+00:00,NYMT,6.385000228881836,6.385000228881836,6.385000228881836,6.385000228881836,6.385000228881836,302.0
2024-09-05 13:05:00+00:00,OPEN,1.9401999711990356,1.9401999711990356,1.9450000524520874,1.940000057220459,1.9450000524520874,20959.0
2024-09-05 13:05:00+00:00,PECO,37.119998931884766,37.119998931884766,37.130001068115234,37.119998931884766,37.130001068115234,0.0
2024-09-05 13:05:00+00:00,RDFN,9.494999885559082,9.494999885559082,9.494999885559082,9.494999885559082,9.494999885559082,4044.0
2024-09-05 13:05:00+00:00,REAX,5.715000152587891,5.715000152587891,5.715000152587891,5.710000038146973,5.710000038146973,457.0
2024-09-05 13:05:00+00:00,ROIC,15.170000076293945,15.170000076293945,15.170000076293945,15.170000076293945,15.170000076293945,351.0
2024-09-05 13:05:00+00:00,UNIT,5.255000114440918,5.255000114440918,5.255000114440918,5.25,5.255000114440918,6911.0
2024-09-05 13:05:00+00:00,WHLRP,2.9200000762939453,2.9200000762939453,2.9200000762939453,2.9200000762939453,2.9200000762939453,726.0
2024-09-05 13:06:00+00:00,AFCG,10.300000190734863,10.300000190734863,10.300000190734863,10.300000190734863,10.300000190734863,341.0
2024-09-05 13:06:00+00:00,AGNC,10.220000267028809,10.220000267028809,10.220000267028809,10.21500015258789,10.21500015258789,7259.0
2024-09-05 13:06:00+00:00,CIGI,140.83999633789062,140.83999633789062,140.83999633789062,140.83999633789062,140.83999633789062,446.0
2024-09-05 13:06:00+00:00,CSGP,76.86000061035156,76.86000061035156,76.94999694824219,76.86000061035156,76.94000244140625,3854.0
2024-09-05 13:06:00+00:00,EXPI,11.600000381469727,11.600000381469727,11.619999885559082,11.600000381469727,11.619999885559082,1388.0
2024-09-05 13:06:00+00:00,GLPI,51.43000030517578,51.43000030517578,51.439998626708984,51.400001525878906,51.40999984741211,3900.0
2024-09-05 13:06:00+00:00,HST,16.684999465942383,16.684999465942383,16.690000534057617,16.684999465942383,16.690000534057617,14889.0
2024-09-05 13:06:00+00:00,ILPT,4.894999980926514,4.894999980926514,4.909999847412109,4.894999980926514,4.909999847412109,1287.0
2024-09-05 13:06:00+00:00,LAND,13.529999732971191,13.529999732971191,13.529999732971191,13.529999732971191,13.529999732971191,478.0
2024-09-05 13:06:00+00:00,LANDO,21.325000762939453,21.325000762939453,21.329999923706055,21.325000762939453,21.329999923706055,505.0
2024-09-05 13:06:00+00:00,NMRK,14.170000076293945,14.170000076293945,14.180000305175781,14.170000076293945,14.180000305175781,1958.0
2024-09-05 13:06:00+00:00,NYMT,6.375,6.375,6.380000114440918,6.375,6.380000114440918,775.0
2024-09-05 13:06:00+00:00,OPEN,1.934999942779541,1.934999942779541,1.9464999437332153,1.9299999475479126,1.9429999589920044,71414.0
2024-09-05 13:06:00+00:00,OPI,2.125,2.125,2.130000114440918,2.125,2.130000114440918,5114.0
2024-09-05 13:06:00+00:00,PCH,42.81999969482422,42.81999969482422,42.81999969482422,42.81999969482422,42.81999969482422,138.0
2024-09-05 13:06:00+00:00,PECO,37.13999938964844,37.13999938964844,37.150001525878906,37.11000061035156,37.119998931884766,8172.0
2024-09-05 13:06:00+00:00,RDFN,9.460000038146973,9.460000038146973,9.494999885559082,9.460000038146973,9.489999771118164,35547.0
2024-09-05 13:06:00+00:00,REAX,5.699999809265137,5.699999809265137,5.710000038146973,5.699999809265137,5.710000038146973,3033.0
2024-09-05 13:06:00+00:00,REG,73.3499984741211,73.3499984741211,73.3499984741211,73.3499984741211,73.3499984741211,949.0
2024-09-05 13:06:00+00:00,RMR,24.584999084472656,24.584999084472656,24.600000381469727,24.584999084472656,24.600000381469727,352.0
2024-09-05 13:06:00+00:00,ROIC,15.154999732971191,15.154999732971191,15.175000190734863,15.154999732971191,15.175000190734863,4784.0
2024-09-05 13:06:00+00:00,SBAC,235.4600067138672,235.4600067138672,235.4600067138672,235.38999938964844,235.40499877929688,2287.0
2024-09-05 13:06:00+00:00,SBRA,17.440000534057617,17.440000534057617,17.440000534057617,17.434999465942383,17.434999465942383,9341.0
2024-09-05 13:06:00+00:00,SVC,4.554999828338623,4.554999828338623,4.559999942779541,4.554999828338623,4.559999942779541,7500.0
2024-09-05 13:06:00+00:00,UNIT,5.269999980926514,5.269999980926514,5.269999980926514,5.25,5.255000114440918,21731.0
2024-09-05 13:06:00+00:00,WHLR,5.880000114440918,5.880000114440918,5.940000057220459,5.119999885559082,5.440000057220459,870723.0
2024-09-05 13:06:00+00:00,WHLRP,3.07450008392334,3.07450008392334,3.07450008392334,3.07450008392334,3.07450008392334,2100.0
2024-09-05 13:07:00+00:00,AGNC,10.212699890136719,10.212699890136719,10.220000267028809,10.212699890136719,10.21500015258789,10483.0
2024-09-05 13:07:00+00:00,CSGP,76.83999633789062,76.83999633789062,76.83999633789062,76.83999633789062,76.83999633789062,275.0
2024-09-05 13:07:00+00:00,DHC,3.265000104904175,3.265000104904175,3.265000104904175,3.265000104904175,3.265000104904175,141.0
2024-09-05 13:07:00+00:00,GLPI,51.41999816894531,51.41999816894531,51.41999816894531,51.38999938964844,51.41999816894531,2494.0
2024-09-05 13:07:00+00:00,HST,16.69499969482422,16.69499969482422,16.69499969482422,16.68000030517578,16.684999465942383,40101.0
2024-09-05 13:07:00+00:00,NMRK,14.180000305175781,14.180000305175781,14.1850004196167,14.180000305175781,14.1850004196167,399.0
2024-09-05 13:07:00+00:00,NYMT,6.380000114440918,6.380000114440918,6.380000114440918,6.380000114440918,6.380000114440918,835.0
2024-09-05 13:07:00+00:00,OPEN,1.934999942779541,1.934999942779541,1.934999942779541,1.934999942779541,1.934999942779541,8560.0
2024-09-05 13:07:00+00:00,OPI,2.125,2.125,2.125,2.125,2.125,1805.0
2024-09-05 13:07:00+00:00,PCH,42.80500030517578,42.80500030517578,42.80500030517578,42.80500030517578,42.80500030517578,566.0
2024-09-05 13:07:00+00:00,RDFN,9.460000038146973,9.460000038146973,9.468899726867676,9.460000038146973,9.46500015258789,2531.0
2024-09-05 13:07:00+00:00,REAX,5.695000171661377,5.695000171661377,5.695000171661377,5.679999828338623,5.690000057220459,9228.0
2024-09-05 13:07:00+00:00,REFI,15.390000343322754,15.390000343322754,15.789999961853027,15.109999656677246,15.789999961853027,31181.0
2024-09-05 13:07:00+00:00,ROIC,15.154999732971191,15.154999732971191,15.154999732971191,15.154999732971191,15.154999732971191,1436.0
2024-09-05 13:07:00+00:00,SBRA,17.43000030517578,17.43000030517578,17.43000030517578,17.424999237060547,17.43000030517578,1087.0
2024-09-05 13:07:00+00:00,SVC,4.554999828338623,4.554999828338623,4.559999942779541,4.554999828338623,4.559999942779541,4043.0
2024-09-05 13:07:00+00:00,UNIT,5.275000095367432,5.275000095367432,5.275000095367432,5.271900177001953,5.275000095367432,4572.0
2024-09-05 13:07:00+00:00,WHLR,6.730000019073486,6.730000019073486,6.730000019073486,5.849999904632568,5.89900016784668,1052907.0
2024-09-05 13:08:00+00:00,AGNC,10.210000038146973,10.210000038146973,10.21500015258789,10.210000038146973,10.21500015258789,2135.0
2024-09-05 13:08:00+00:00,CHCI,7.670000076293945,7.670000076293945,7.670000076293945,7.665999889373779,7.665999889373779,1248.0
2024-09-05 13:08:00+00:00,CSGP,76.9000015258789,76.9000015258789,76.9000015258789,76.9000015258789,76.9000015258789,748.0
2024-09-05 13:08:00+00:00,EQIX,819.4199829101562,819.4199829101562,819.7000122070312,819.4199829101562,819.7000122070312,952.0
2024-09-05 13:08:00+00:00,EXPI,11.579999923706055,11.579999923706055,11.579999923706055,11.579999923706055,11.579999923706055,452.0
2024-09-05 13:08:00+00:00,GLPI,51.439998626708984,51.439998626708984,51.439998626708984,51.435001373291016,51.439998626708984,1140.0
2024-09-05 13:08:00+00:00,HST,16.704999923706055,16.704999923706055,16.704999923706055,16.690000534057617,16.690000534057617,9918.0
2024-09-05 13:08:00+00:00,ILPT,4.900000095367432,4.900000095367432,4.900000095367432,4.900000095367432,4.900000095367432,968.0
2024-09-05 13:08:00+00:00,LSEA,11.470000267028809,11.470000267028809,11.470000267028809,11.444999694824219,11.444999694824219,673.0
2024-09-05 13:08:00+00:00,OPEN,1.934999942779541,1.934999942779541,1.934999942779541,1.9299999475479126,1.934999942779541,31776.0
2024-09-05 13:08:00+00:00,PECO,37.165000915527344,37.165000915527344,37.165000915527344,37.165000915527344,37.165000915527344,259.0
2024-09-05 13:08:00+00:00,RDFN,9.475000381469727,9.475000381469727,9.5,9.470000267028809,9.470000267028809,21363.0
2024-09-05 13:08:00+00:00,REAX,5.684999942779541,5.684999942779541,5.690000057220459,5.684999942779541,5.690000057220459,1066.0
2024-09-05 13:08:00+00:00,REFI,15.569999694824219,15.569999694824219,15.569999694824219,15.569999694824219,15.569999694824219,111.0
2024-09-05 13:08:00+00:00,REG,73.37999725341797,73.37999725341797,73.37999725341797,73.3550033569336,73.3550033569336,1787.0
2024-09-05 13:08:00+00:00,ROIC,15.175000190734863,15.175000190734863,15.180000305175781,15.15999984741211,15.15999984741211,6067.0
2024-09-05 13:08:00+00:00,UNIT,5.269999980926514,5.269999980926514,5.28000020980835,5.269999980926514,5.28000020980835,1971.0
2024-09-05 13:08:00+00:00,WHLR,5.3815999031066895,5.3815999031066895,6.730000019073486,5.159999847412109,6.673299789428711,1321680.0
2024-09-05 13:08:00+00:00,WHLRD,19.40999984741211,19.40999984741211,19.40999984741211,19.40999984741211,19.40999984741211,200.0
2024-09-05 13:08:00+00:00,WHLRP,2.9200000762939453,2.9200000762939453,3.0799999237060547,2.9200000762939453,3.0799999237060547,940.0
2024-09-05 13:09:00+00:00,AFCG,10.319999694824219,10.319999694824219,10.319999694824219,10.3100004196167,10.3100004196167,633.0
2024-09-05 13:09:00+00:00,AGNC,10.219900131225586,10.219900131225586,10.220000267028809,10.213800430297852,10.21500015258789,60359.0
2024-09-05 13:09:00+00:00,CSGP,76.9800033569336,76.9800033569336,76.9800033569336,76.91999816894531,76.91999816894531,4207.0
2024-09-05 13:09:00+00:00,EQIX,818.8499755859375,818.8499755859375,818.8499755859375,818.8499755859375,818.8499755859375,206.0
2024-09-05 13:09:00+00:00,EXPI,11.609999656677246,11.609999656677246,11.609999656677246,11.600000381469727,11.600000381469727,629.0
2024-09-05 13:09:00+00:00,GLPI,51.45000076293945,51.45000076293945,51.45000076293945,51.45000076293945,51.45000076293945,361.0
2024-09-05 13:09:00+00:00,HST,16.709999084472656,16.709999084472656,16.709999084472656,16.709999084472656,16.709999084472656,4039.0
2024-09-05 13:09:00+00:00,LSEA,11.479999542236328,11.479999542236328,11.484999656677246,11.479999542236328,11.484999656677246,574.0
2024-09-05 13:09:00+00:00,NMRK,14.194999694824219,14.194999694824219,14.194999694824219,14.1899995803833,14.1899995803833,3292.0
2024-09-05 13:09:00+00:00,OPEN,1.9450000524520874,1.9450000524520874,1.9500000476837158,1.934999942779541,1.934999942779541,292906.0
2024-09-05 13:09:00+00:00,OPI,2.1273999214172363,2.1273999214172363,2.1273999214172363,2.1273999214172363,2.1273999214172363,305.0
2024-09-05 13:09:00+00:00,PECO,37.20000076293945,37.20000076293945,37.20000076293945,37.16999816894531,37.16999816894531,894.0
2024-09-05 13:09:00+00:00,RDFN,9.5,9.5,9.5,9.475000381469727,9.475000381469727,5104.0
2024-09-05 13:09:00+00:00,REAX,5.699999809265137,5.699999809265137,5.699999809265137,5.690000057220459,5.690000057220459,2512.0
2024-09-05 13:09:00+00:00,REFI,15.699999809265137,15.699999809265137,15.699999809265137,15.6899995803833,15.6899995803833,400.0
2024-09-05 13:09:00+00:00,ROIC,15.175000190734863,15.175000190734863,15.175000190734863,15.175000190734863,15.175000190734863,355.0
2024-09-05 13:09:00+00:00,SBAC,235.36000061035156,235.36000061035156,235.4499969482422,235.36000061035156,235.4499969482422,1497.0
2024-09-05 13:09:00+00:00,SBRA,17.43000030517578,17.43000030517578,17.43000030517578,17.43000030517578,17.43000030517578,367.0
2024-09-05 13:09:00+00:00,UNIT,5.275000095367432,5.275000095367432,5.275000095367432,5.269999980926514,5.275000095367432,2468.0
2024-09-05 13:09:00+00:00,WHLR,5.309999942779541,5.309999942779541,5.440000057220459,5.150000095367432,5.400000095367432,661071.0
2024-09-05 13:10:00+00:00,AGNC,10.21500015258789,10.21500015258789,10.215999603271484,10.210100173950195,10.210100173950195,2082.0
2024-09-05 13:10:00+00:00,AGNCP,24.269899368286133,24.269899368286133,24.269899368286133,24.269899368286133,24.269899368286133,201.0
2024-09-05 13:10:00+00:00,CSGP,77.01000213623047,77.01000213623047,77.01000213623047,76.94999694824219,76.94999694824219,2844.0
2024-09-05 13:10:00+00:00,DHC,3.259999990463257,3.259999990463257,3.259999990463257,3.259999990463257,3.259999990463257,192.0
2024-09-05 13:10:00+00:00,EXPI,11.609999656677246,11.609999656677246,11.609999656677246,11.609999656677246,11.609999656677246,448.0
2024-09-05 13:10:00+00:00,GLPI,51.45000076293945,51.45000076293945,51.45000076293945,51.45000076293945,51.45000076293945,915.0
2024-09-05 13:10:00+00:00,HST,16.725000381469727,16.725000381469727,16.725000381469727,16.719999313354492,16.725000381469727,2381.0
2024-09-05 13:10:00+00:00,OPEN,1.9499000310897827,1.9499000310897827,1.9500000476837158,1.9450000524520874,1.9450000524520874,7539.0
2024-09-05 13:10:00+00:00,PECO,37.209999084472656,37.209999084472656,37.209999084472656,37.209999084472656,37.209999084472656,429.0
2024-09-05 13:10:00+00:00,RDFN,9.46500015258789,9.46500015258789,9.470000267028809,9.4399995803833,9.470000267028809,49288.0
2024-09-05 13:10:00+00:00,REAX,5.684999942779541,5.684999942779541,5.690000057220459,5.670000076293945,5.690000057220459,11881.0
2024-09-05 13:10:00+00:00,RMR,24.59000015258789,24.59000015258789,24.59000015258789,24.59000015258789,24.59000015258789,242.0
2024-09-05 13:10:00+00:00,ROIC,15.175000190734863,15.175000190734863,15.175000190734863,15.175000190734863,15.175000190734863,711.0
2024-09-05 13:10:00+00:00,SBRA,17.434999465942383,17.434999465942383,17.434999465942383,17.43000030517578,17.43000030517578,649.0
2024-09-05 13:10:00+00:00,SVC,4.565000057220459,4.565000057220459,4.565000057220459,4.565000057220459,4.565000057220459,433.0
2024-09-05 13:10:00+00:00,UNIT,5.275000095367432,5.275000095367432,5.28000020980835,5.275000095367432,5.275000095367432,4675.0
2024-09-05 13:10:00+00:00,WHLR,5.179999828338623,5.179999828338623,5.440000057220459,5.053999900817871,5.299799919128418,485617.0
2024-09-05 13:10:00+00:00,WHLRP,3.0,3.0,3.0,2.990000009536743,2.990000009536743,767.0
2024-09-05 13:11:00+00:00,AFCG,10.319999694824219,10.319999694824219,10.319999694824219,10.319999694824219,10.319999694824219,528.0
2024-09-05 13:11:00+00:00,AGNC,10.21500015258789,10.21500015258789,10.21500015258789,10.21500015258789,10.21500015258789,2350.0
2024-09-05 13:11:00+00:00,CSGP,76.9800033569336,76.9800033569336,77.0,76.9800033569336,77.0,398.0
2024-09-05 13:11:00+00:00,EQIX,819.9799194335938,819.9799194335938,819.9799194335938,819.3400268554688,819.3400268554688,1849.0
2024-09-05 13:11:00+00:00,HST,16.725000381469727,16.725000381469727,16.725000381469727,16.725000381469727,16.725000381469727,2345.0
2024-09-05 13:11:00+00:00,LAMR,124.44000244140625,124.44000244140625,124.44000244140625,124.44000244140625,124.44000244140625,687.0
2024-09-05 13:11:00+00:00,NMRK,14.1899995803833,14.1899995803833,14.1899995803833,14.1899995803833,14.1899995803833,101.0
2024-09-05 13:11:00+00:00,OPEN,1.9550000429153442,1.9550000429153442,1.9550000429153442,1.9450000524520874,1.9500000476837158,122678.0
2024-09-05 13:11:00+00:00,OPI,2.125,2.125,2.125,2.125,2.125,287.0
2024-09-05 13:11:00+00:00,RDFN,9.475000381469727,9.475000381469727,9.484999656677246,9.46500015258789,9.46500015258789,24571.0
2024-09-05 13:11:00+00:00,REAX,5.684999942779541,5.684999942779541,5.690000057220459,5.684999942779541,5.690000057220459,1033.0
2024-09-05 13:11:00+00:00,REFI,15.699999809265137,15.699999809265137,15.699999809265137,15.699999809265137,15.699999809265137,715.0
2024-09-05 13:11:00+00:00,REG,73.36000061035156,73.36000061035156,73.37999725341797,73.36000061035156,73.37999725341797,1153.0
2024-09-05 13:11:00+00:00,ROIC,15.175000190734863,15.175000190734863,15.175000190734863,15.175000190734863,15.175000190734863,2821.0
2024-09-05 13:11:00+00:00,SBAC,235.3300018310547,235.3300018310547,235.33999633789062,235.3300018310547,235.33999633789062,2671.0
2024-09-05 13:11:00+00:00,SBRA,17.450000762939453,17.450000762939453,17.450000762939453,17.440000534057617,17.440000534057617,4834.0
2024-09-05 13:11:00+00:00,SVC,4.565000057220459,4.565000057220459,4.565000057220459,4.565000057220459,4.565000057220459,425.0
2024-09-05 13:11:00+00:00,UNIT,5.275000095367432,5.275000095367432,5.275000095367432,5.275000095367432,5.275000095367432,653.0
2024-09-05 13:11:00+00:00,WHLR,5.079899787902832,5.079899787902832,5.210000038146973,4.849999904632568,5.190000057220459,725696.0
2024-09-05 13:11:00+00:00,WHLRD,19.25,19.25,19.3799991607666,19.25,19.3799991607666,300.0
2024-09-05 13:12:00+00:00,AGNC,10.219599723815918,10.219599723815918,10.219900131225586,10.21500015258789,10.219499588012695,27916.0
2024-09-05 13:12:00+00:00,CHCI,7.710000038146973,7.710000038146973,7.710000038146973,7.670000076293945,7.670000076293945,1065.0
2024-09-05 13:12:00+00:00,CSGP,76.9749984741211,76.9749984741211,76.9749984741211,76.9749984741211,76.9749984741211,490.0
2024-09-05 13:12:00+00:00,DHC,3.265000104904175,3.265000104904175,3.265000104904175,3.265000104904175,3.265000104904175,406.0
2024-09-05 13:12:00+00:00,EXPI,11.609999656677246,11.609999656677246,11.609999656677246,11.609999656677246,11.609999656677246,1103.0
2024-09-05 13:12:00+00:00,GLPI,51.435001373291016,51.435001373291016,51.45000076293945,51.435001373291016,51.45000076293945,1337.0
2024-09-05 13:12:00+00:00,HST,16.71500015258789,16.71500015258789,16.725000381469727,16.71500015258789,16.725000381469727,5429.0
2024-09-05 13:12:00+00:00,NMRK,14.1850004196167,14.1850004196167,14.1850004196167,14.1850004196167,14.1850004196167,1128.0
2024-09-05 13:12:00+00:00,OPEN,1.9550000429153442,1.9550000429153442,1.9600000381469727,1.9500999450683594,1.9502999782562256,48588.0
2024-09-05 13:12:00+00:00,RDFN,9.484999656677246,9.484999656677246,9.489999771118164,9.484999656677246,9.489999771118164,2092.0
2024-09-05 13:12:00+00:00,REAX,5.684999942779541,5.684999942779541,5.684999942779541,5.679999828338623,5.684999942779541,1048.0
2024-09-05 13:12:00+00:00,REG,73.3499984741211,73.3499984741211,73.375,73.3499984741211,73.37000274658203,937.0
2024-09-05 13:12:00+00:00,UNIT,5.284999847412109,5.284999847412109,5.284999847412109,5.275000095367432,5.275000095367432,5673.0
2024-09-05 13:12:00+00:00,WHLR,5.119999885559082,5.119999885559082,5.199999809265137,5.010000228881836,5.079999923706055,318307.0
2024-09-05 13:12:00+00:00,WHLRD,19.350000381469727,19.350000381469727,19.350000381469727,19.350000381469727,19.350000381469727,400.0
2024-09-05 13:13:00+00:00,AGNC,10.219900131225586,10.219900131225586,10.220000267028809,10.21030044555664,10.21500015258789,4754.0
2024-09-05 13:13:00+00:00,CSGP,77.0,77.0,77.0,76.9749984741211,76.9749984741211,880.0
2024-09-05 13:13:00+00:00,EXPI,11.609999656677246,11.609999656677246,11.614999771118164,11.609999656677246,11.614999771118164,713.0
2024-09-05 13:13:00+00:00,GLPI,51.43000030517578,51.43000030517578,51.43000030517578,51.43000030517578,51.43000030517578,628.0
2024-09-05 13:13:00+00:00,GOOD,15.199999809265137,15.199999809265137,15.199999809265137,15.199999809265137,15.199999809265137,364.0
2024-09-05 13:13:00+00:00,HST,16.700000762939453,16.700000762939453,16.709999084472656,16.700000762939453,16.709999084472656,11126.0
2024-09-05 13:13:00+00:00,LAMR,124.25,124.25,124.43000030517578,124.25,124.43000030517578,1296.0
2024-09-05 13:13:00+00:00,NMRK,14.180000305175781,14.180000305175781,14.180000305175781,14.180000305175781,14.180000305175781,1879.0
2024-09-05 13:13:00+00:00,OPEN,1.9550000429153442,1.9550000429153442,1.9550000429153442,1.9500000476837158,1.9550000429153442,87120.0
2024-09-05 13:13:00+00:00,PCH,42.7400016784668,42.7400016784668,42.779998779296875,42.7400016784668,42.779998779296875,671.0
2024-09-05 13:13:00+00:00,PECO,37.16999816894531,37.16999816894531,37.16999816894531,37.150001525878906,37.15999984741211,2169.0
2024-09-05 13:13:00+00:00,RDFN,9.494999885559082,9.494999885559082,9.494999885559082,9.483400344848633,9.483400344848633,2757.0
2024-09-05 13:13:00+00:00,REG,73.31999969482422,73.31999969482422,73.31999969482422,73.30500030517578,73.30500030517578,1894.0
2024-09-05 13:13:00+00:00,SBRA,17.440000534057617,17.440000534057617,17.440000534057617,17.440000534057617,17.440000534057617,2550.0
2024-09-05 13:13:00+00:00,SVC,4.565000057220459,4.565000057220459,4.565000057220459,4.565000057220459,4.565000057220459,613.0
2024-09-05 13:13:00+00:00,UNIT,5.28879976272583,5.28879976272583,5.289999961853027,5.284999847412109,5.284999847412109,2482.0
2024-09-05 13:13:00+00:00,WHLR,5.160099983215332,5.160099983215332,5.239999771118164,5.083799839019775,5.090000152587891,246679.0
2024-09-05 13:14:00+00:00,AGNC,10.21500015258789,10.21500015258789,10.220000267028809,10.213899612426758,10.21500015258789,7392.0
2024-09-05 13:14:00+00:00,CHCI,7.789999961853027,7.789999961853027,7.789999961853027,7.75,7.75,2267.0
2024-09-05 13:14:00+00:00,CSGP,76.9800033569336,76.9800033569336,77.01000213623047,76.9749984741211,76.9800033569336,473.0
2024-09-05 13:14:00+00:00,GLPI,51.400001525878906,51.400001525878906,51.409698486328125,51.400001525878906,51.400001525878906,1743.0
2024-09-05 13:14:00+00:00,HST,16.700000762939453,16.700000762939453,16.704999923706055,16.700000762939453,16.700000762939453,1939.0
2024-09-05 13:14:00+00:00,ILPT,4.909999847412109,4.909999847412109,4.909999847412109,4.909999847412109,4.909999847412109,303.0
2024-09-05 13:14:00+00:00,OPEN,1.9550000429153442,1.9550000429153442,1.957800030708313,1.9500000476837158,1.9550000429153442,9608.0
2024-09-05 13:14:00+00:00,OPI,2.130000114440918,2.130000114440918,2.130000114440918,2.130000114440918,2.130000114440918,162.0
2024-09-05 13:14:00+00:00,PECO,37.18000030517578,37.18000030517578,37.18000030517578,37.18000030517578,37.18000030517578,507.0
2024-09-05 13:14:00+00:00,RDFN,9.50979995727539,9.50979995727539,9.50979995727539,9.494999885559082,9.499500274658203,3248.0
2024-09-05 13:14:00+00:00,REAX,5.679999828338623,5.679999828338623,5.679999828338623,5.679999828338623,5.679999828338623,1030.0
2024-09-05 13:14:00+00:00,REFI,15.770000457763672,15.770000457763672,15.770000457763672,15.770000457763672,15.770000457763672,130.0
2024-09-05 13:14:00+00:00,ROIC,15.15999984741211,15.15999984741211,15.170000076293945,15.15999984741211,15.170000076293945,2106.0
2024-09-05 13:14:00+00:00,SBAC,235.19000244140625,235.19000244140625,235.19000244140625,235.19000244140625,235.19000244140625,1098.0
2024-09-05 13:14:00+00:00,SEVN,13.729999542236328,13.729999542236328,13.729999542236328,13.729999542236328,13.729999542236328,179.0
2024-09-05 13:14:00+00:00,SVC,4.565000057220459,4.565000057220459,4.565000057220459,4.565000057220459,4.565000057220459,797.0
2024-09-05 13:14:00+00:00,UNIT,5.28879976272583,5.28879976272583,5.289999961853027,5.284999847412109,5.284999847412109,1412.0
2024-09-05 13:14:00+00:00,WHLR,5.15500020980835,5.15500020980835,5.379000186920166,5.130000114440918,5.197999954223633,346943.0
2024-09-05 13:15:00+00:00,AGNC,10.215700149536133,10.215700149536133,10.220000267028809,10.210000038146973,10.21500015258789,8063.0
2024-09-05 13:15:00+00:00,CIGI,140.6199951171875,140.6199951171875,140.6199951171875,140.6199951171875,140.6199951171875,140.0
2024-09-05 13:15:00+00:00,CSGP,76.94999694824219,76.94999694824219,76.9800033569336,76.94000244140625,76.9800033569336,2461.0
2024-09-05 13:15:00+00:00,EXPI,11.600000381469727,11.600000381469727,11.600000381469727,11.600000381469727,11.600000381469727,141.0
2024-09-05 13:15:00+00:00,GLPI,51.40999984741211,51.40999984741211,51.40999984741211,51.40999984741211,51.40999984741211,397.0
2024-09-05 13:15:00+00:00,GOOD,15.194999694824219,15.194999694824219,15.194999694824219,15.194999694824219,15.194999694824219,846.0
2024-09-05 13:15:00+00:00,HST,16.69499969482422,16.69499969482422,16.700000762939453,16.6924991607666,16.700000762939453,17821.0
2024-09-05 13:15:00+00:00,LSEA,11.479999542236328,11.479999542236328,11.479999542236328,11.479999542236328,11.479999542236328,122.0
2024-09-05 13:15:00+00:00,OPEN,1.9593000411987305,1.9593000411987305,1.9600000381469727,1.9544999599456787,1.9600000381469727,4079.0
2024-09-05 13:15:00+00:00,RDFN,9.505000114440918,9.505000114440918,9.515999794006348,9.494999885559082,9.505000114440918,8952.0
2024-09-05 13:15:00+00:00,REAX,5.679999828338623,5.679999828338623,5.680699825286865,5.670000076293945,5.670000076293945,2218.0
2024-09-05 13:15:00+00:00,ROIC,15.164999961853027,15.164999961853027,15.164999961853027,15.15999984741211,15.15999984741211,575.0
2024-09-05 13:15:00+00:00,UNIT,5.28000020980835,5.28000020980835,5.289999961853027,5.28000020980835,5.284999847412109,13142.0
2024-09-05 13:15:00+00:00,WHLR,5.13700008392334,5.13700008392334,5.199999809265137,5.010000228881836,5.15500020980835,228612.0
2024-09-05 13:15:00+00:00,WHLRP,2.6500000953674316,2.6500000953674316,2.6500000953674316,2.6500000953674316,2.6500000953674316,760.0
2024-09-05 13:16:00+00:00,AGNC,10.21500015258789,10.21500015258789,10.21500015258789,10.21500015258789,10.21500015258789,7525.0
2024-09-05 13:16:00+00:00,CSGP,76.91000366210938,76.91000366210938,76.91000366210938,76.91000366210938,76.91000366210938,1114.0
2024-09-05 13:16:00+00:00,DHC,3.265000104904175,3.265000104904175,3.265000104904175,3.265000104904175,3.265000104904175,343.0
2024-09-05 13:16:00+00:00,EXPI,11.600000381469727,11.600000381469727,11.600000381469727,11.600000381469727,11.600000381469727,648.0
2024-09-05 13:16:00+00:00,GLPI,51.40999984741211,51.40999984741211,51.40999984741211,51.40999984741211,51.40999984741211,415.0
2024-09-05 13:16:00+00:00,HST,16.684999465942383,16.684999465942383,16.69499969482422,16.684999465942383,16.69499969482422,6134.0
2024-09-05 13:16:00+00:00,ILPT,4.909999847412109,4.909999847412109,4.909999847412109,4.909999847412109,4.909999847412109,772.0
2024-09-05 13:16:00+00:00,LAMR,124.19999694824219,124.19999694824219,124.19999694824219,124.19999694824219,124.19999694824219,678.0
2024-09-05 13:16:00+00:00,LSEA,11.475000381469727,11.475000381469727,11.475000381469727,11.475000381469727,11.475000381469727,579.0
2024-09-05 13:16:00+00:00,NMRK,14.15999984741211,14.15999984741211,14.15999984741211,14.15999984741211,14.15999984741211,904.0
2024-09-05 13:16:00+00:00,NYMT,6.375,6.375,6.375,6.375,6.375,104.0
2024-09-05 13:16:00+00:00,OPEN,1.9500999450683594,1.9500999450683594,1.9574999809265137,1.9500000476837158,1.9550000429153442,34379.0
2024-09-05 13:16:00+00:00,OPI,2.134999990463257,2.134999990463257,2.134999990463257,2.130000114440918,2.130000114440918,3893.0
2024-09-05 13:16:00+00:00,PCH,42.72999954223633,42.72999954223633,42.72999954223633,42.72999954223633,42.72999954223633,283.0
2024-09-05 13:16:00+00:00,RDFN,9.460000038146973,9.460000038146973,9.508299827575684,9.460000038146973,9.505000114440918,18435.0
2024-09-05 13:16:00+00:00,REAX,5.679999828338623,5.679999828338623,5.679999828338623,5.679999828338623,5.679999828338623,691.0
2024-09-05 13:16:00+00:00,REG,73.33999633789062,73.33999633789062,73.33999633789062,73.33999633789062,73.33999633789062,891.0
2024-09-05 13:16:00+00:00,ROIC,15.154999732971191,15.154999732971191,15.15999984741211,15.154999732971191,15.15999984741211,5255.0
2024-09-05 13:16:00+00:00,SBAC,235.0500030517578,235.0500030517578,235.07000732421875,235.0500030517578,235.07000732421875,599.0
2024-09-05 13:16:00+00:00,SVC,4.565000057220459,4.565000057220459,4.565000057220459,4.565000057220459,4.565000057220459,416.0
2024-09-05 13:16:00+00:00,UNIT,5.284999847412109,5.284999847412109,5.284999847412109,5.284999847412109,5.284999847412109,624.0
2024-09-05 13:16:00+00:00,WHLR,5.079999923706055,5.079999923706055,5.139999866485596,5.019999980926514,5.130000114440918,173612.0
2024-09-05 13:17:00+00:00,AFCG,10.3149995803833,10.3149995803833,10.3149995803833,10.3149995803833,10.3149995803833,117.0
2024-09-05 13:17:00+00:00,AGNC,10.220000267028809,10.220000267028809,10.220000267028809,10.210000038146973,10.21500015258789,9755.0
2024-09-05 13:17:00+00:00,CIGI,140.5,140.5,140.5,140.5,140.5,222.0
2024-09-05 13:17:00+00:00,CSGP,76.80999755859375,76.80999755859375,76.85140228271484,76.80999755859375,76.85140228271484,632.0
2024-09-05 13:17:00+00:00,EQIX,817.239990234375,817.239990234375,817.239990234375,817.239990234375,817.239990234375,694.0
2024-09-05 13:17:00+00:00,GLPI,51.40999984741211,51.40999984741211,51.40999984741211,51.40999984741211,51.40999984741211,109.0
2024-09-05 13:17:00+00:00,HST,16.684999465942383,16.684999465942383,16.684999465942383,16.684999465942383,16.684999465942383,2659.0
2024-09-05 13:17:00+00:00,LAND,13.52299976348877,13.52299976348877,13.52299976348877,13.52299976348877,13.52299976348877,1449.0
2024-09-05 13:17:00+00:00,NYMT,6.374899864196777,6.374899864196777,6.374899864196777,6.374899864196777,6.374899864196777,104.0
2024-09-05 13:17:00+00:00,OPEN,1.9550000429153442,1.9550000429153442,1.9550000429153442,1.9500000476837158,1.9500000476837158,4131.0
2024-09-05 13:17:00+00:00,PECO,37.15250015258789,37.15250015258789,37.15250015258789,37.15250015258789,37.15250015258789,154.0
2024-09-05 13:17:00+00:00,RDFN,9.4399995803833,9.4399995803833,9.460000038146973,9.4399995803833,9.460000038146973,4924.0
2024-09-05 13:17:00+00:00,REAX,5.670000076293945,5.670000076293945,5.679999828338623,5.670000076293945,5.679999828338623,891.0
2024-09-05 13:17:00+00:00,REG,73.29070281982422,73.29070281982422,73.3499984741211,73.29000091552734,73.3499984741211,2979.0
2024-09-05 13:17:00+00:00,SBRA,17.430099487304688,17.430099487304688,17.440000534057617,17.430099487304688,17.440000534057617,1524.0
2024-09-05 13:17:00+00:00,SVC,4.554999828338623,4.554999828338623,4.559999942779541,4.554999828338623,4.559999942779541,3125.0
2024-09-05 13:17:00+00:00,UNIT,5.284999847412109,5.284999847412109,5.284999847412109,5.28000020980835,5.28000020980835,3588.0
2024-09-05 13:17:00+00:00,WHLR,5.005000114440918,5.005000114440918,5.139999866485596,4.930099964141846,5.099999904632568,258326.0
2024-09-05 13:17:00+00:00,WHLRP,2.8420000076293945,2.8420000076293945,2.8420000076293945,2.680000066757202,2.7300000190734863,1510.0
2024-09-05 13:18:00+00:00,AGNC,10.21500015258789,10.21500015258789,10.21500015258789,10.21500015258789,10.21500015258789,2356.0
2024-09-05 13:18:00+00:00,CSGP,76.8499984741211,76.8499984741211,76.91000366210938,76.84500122070312,76.84500122070312,1374.0
2024-09-05 13:18:00+00:00,EQIX,819.469970703125,819.469970703125,819.469970703125,818.2899780273438,818.2899780273438,1859.0
2024-09-05 13:18:00+00:00,EXPI,11.585000038146973,11.585000038146973,11.585000038146973,11.577199935913086,11.577199935913086,515.0
2024-09-05 13:18:00+00:00,FSV,178.41000366210938,178.41000366210938,178.41000366210938,178.41000366210938,178.41000366210938,687.0
2024-09-05 13:18:00+00:00,GLPI,51.415000915527344,51.415000915527344,51.415000915527344,51.404998779296875,51.40999984741211,1508.0
2024-09-05 13:18:00+00:00,HST,16.704999923706055,16.704999923706055,16.704999923706055,16.684999465942383,16.684999465942383,24783.0
2024-09-05 13:18:00+00:00,NMRK,14.15999984741211,14.15999984741211,14.15999984741211,14.149999618530273,14.149999618530273,771.0
2024-09-05 13:18:00+00:00,NYMT,6.375,6.375,6.375,6.375,6.375,908.0
2024-09-05 13:18:00+00:00,OPEN,1.9550000429153442,1.9550000429153442,1.9550000429153442,1.9500000476837158,1.9550000429153442,9921.0
2024-09-05 13:18:00+00:00,PCH,42.70000076293945,42.70000076293945,42.7400016784668,42.690101623535156,42.690101623535156,1781.0
2024-09-05 13:18:00+00:00,PECO,37.16999816894531,37.16999816894531,37.16999816894531,37.16999816894531,37.16999816894531,501.0
2024-09-05 13:18:00+00:00,RDFN,9.454999923706055,9.454999923706055,9.454999923706055,9.4399995803833,9.449999809265137,6042.0
2024-09-05 13:18:00+00:00,REAX,5.679999828338623,5.679999828338623,5.679999828338623,5.675000190734863,5.679999828338623,1330.0
2024-09-05 13:18:00+00:00,REG,73.30999755859375,73.30999755859375,73.30999755859375,73.30999755859375,73.30999755859375,848.0
2024-09-05 13:18:00+00:00,ROIC,15.154999732971191,15.154999732971191,15.15999984741211,15.154999732971191,15.15999984741211,929.0
2024-09-05 13:18:00+00:00,SBAC,235.0,235.0,235.0,235.0,235.0,336.0
2024-09-05 13:18:00+00:00,SBRA,17.434999465942383,17.434999465942383,17.434999465942383,17.434999465942383,17.434999465942383,305.0
2024-09-05 13:18:00+00:00,SVC,4.565000057220459,4.565000057220459,4.565000057220459,4.559999942779541,4.559999942779541,3770.0
2024-09-05 13:18:00+00:00,UK,1.3869999647140503,1.3869999647140503,1.3869999647140503,1.3869999647140503,1.3869999647140503,800.0
2024-09-05 13:18:00+00:00,UNIT,5.284999847412109,5.284999847412109,5.284999847412109,5.284999847412109,5.284999847412109,552.0
2024-09-05 13:18:00+00:00,WHLR,4.959199905395508,4.959199905395508,5.079999923706055,4.849999904632568,5.0,307510.0
2024-09-05 13:18:00+00:00,WHLRP,2.900099992752075,2.900099992752075,2.940000057220459,2.9000000953674316,2.940000057220459,483.0
2024-09-05 13:19:00+00:00,AFCG,10.314900398254395,10.314900398254395,10.314900398254395,10.314900398254395,10.314900398254395,766.0
2024-09-05 13:19:00+00:00,AGNC,10.225000381469727,10.225000381469727,10.225700378417969,10.21500015258789,10.21500015258789,37244.0
2024-09-05 13:19:00+00:00,CSGP,76.87000274658203,76.87000274658203,76.87000274658203,76.87000274658203,76.87000274658203,814.0
2024-09-05 13:19:00+00:00,DHC,3.265000104904175,3.265000104904175,3.265000104904175,3.265000104904175,3.265000104904175,493.0
2024-09-05 13:19:00+00:00,EXPI,11.59000015258789,11.59000015258789,11.59000015258789,11.585000038146973,11.585000038146973,785.0
2024-09-05 13:19:00+00:00,GLPI,51.41999816894531,51.41999816894531,51.41999816894531,51.41999816894531,51.41999816894531,1153.0
2024-09-05 13:19:00+00:00,HST,16.70989990234375,16.70989990234375,16.709999084472656,16.704999923706055,16.704999923706055,4068.0
2024-09-05 13:19:00+00:00,ILPT,4.909999847412109,4.909999847412109,4.909999847412109,4.90500020980835,4.90500020980835,545.0
2024-09-05 13:19:00+00:00,LAMR,124.30999755859375,124.30999755859375,124.30999755859375,124.30999755859375,124.30999755859375,880.0
2024-09-05 13:19:00+00:00,MDJH,1.059999942779541,1.059999942779541,1.059999942779541,1.059999942779541,1.059999942779541,400.0
2024-09-05 13:19:00+00:00,NMRK,14.170000076293945,14.170000076293945,14.170000076293945,14.170000076293945,14.170000076293945,344.0
2024-09-05 13:19:00+00:00,NYMT,6.375,6.375,6.375,6.3703999519348145,6.375,1554.0
2024-09-05 13:19:00+00:00,OPEN,1.9550000429153442,1.9550000429153442,1.9550000429153442,1.9535000324249268,1.9550000429153442,6691.0
2024-09-05 13:19:00+00:00,PECO,37.189998626708984,37.189998626708984,37.189998626708984,37.189998626708984,37.189998626708984,302.0
2024-09-05 13:19:00+00:00,RDFN,9.40250015258789,9.40250015258789,9.45009994506836,9.399999618530273,9.45009994506836,65036.0
2024-09-05 13:19:00+00:00,REG,73.29000091552734,73.29000091552734,73.29000091552734,73.29000091552734,73.29000091552734,1526.0
2024-09-05 13:19:00+00:00,ROIC,15.149999618530273,15.149999618530273,15.154999732971191,15.149999618530273,15.154999732971191,2799.0
2024-09-05 13:19:00+00:00,SBAC,235.17999267578125,235.17999267578125,235.17999267578125,235.14999389648438,235.14999389648438,1956.0
2024-09-05 13:19:00+00:00,SBRA,17.440000534057617,17.440000534057617,17.440000534057617,17.440000534057617,17.440000534057617,954.0
2024-09-05 13:19:00+00:00,SVC,4.565000057220459,4.565000057220459,4.565000057220459,4.559999942779541,4.565000057220459,913.0
2024-09-05 13:19:00+00:00,UNIT,5.284999847412109,5.284999847412109,5.289999961853027,5.281199932098389,5.284999847412109,3460.0
2024-09-05 13:19:00+00:00,WHLR,4.735000133514404,4.735000133514404,5.03000020980835,4.690000057220459,4.929999828338623,292730.0
2024-09-05 13:19:00+00:00,WHLRD,19.299999237060547,19.299999237060547,19.309999465942383,19.299999237060547,19.299999237060547,331.0
2024-09-05 13:20:00+00:00,AFCG,10.3149995803833,10.3149995803833,10.3149995803833,10.3149995803833,10.3149995803833,0.0
2024-09-05 13:20:00+00:00,AGNC,10.225000381469727,10.225000381469727,10.227899551391602,10.225000381469727,10.225000381469727,6061.0
2024-09-05 13:20:00+00:00,HST,16.70829963684082,16.70829963684082,16.70829963684082,16.700000762939453,16.702999114990234,4164.0
2024-09-05 13:20:00+00:00,ILPT,4.909999847412109,4.909999847412109,4.909999847412109,4.90500020980835,4.90500020980835,449.0
2024-09-05 13:20:00+00:00,LSEA,11.484999656677246,11.484999656677246,11.484999656677246,11.484999656677246,11.484999656677246,237.0
2024-09-05 13:20:00+00:00,NMRK,14.175000190734863,14.175000190734863,14.175000190734863,14.170000076293945,14.170000076293945,4650.0
2024-09-05 13:20:00+00:00,NYMT,6.3755998611450195,6.3755998611450195,6.3755998611450195,6.375,6.375,563.0
2024-09-05 13:20:00+00:00,OPEN,1.9550000429153442,1.9550000429153442,1.9550000429153442,1.9500000476837158,1.9550000429153442,45574.0
2024-09-05 13:20:00+00:00,PECO,37.209999084472656,37.209999084472656,37.209999084472656,37.209999084472656,37.209999084472656,103.0
2024-09-05 13:20:00+00:00,RDFN,9.395000457763672,9.395000457763672,9.409899711608887,9.395000457763672,9.404999732971191,15111.0
2024-09-05 13:20:00+00:00,REAX,5.690000057220459,5.690000057220459,5.690000057220459,5.690000057220459,5.690000057220459,1949.0
2024-09-05 13:20:00+00:00,SBRA,17.44499969482422,17.44499969482422,17.44499969482422,17.44499969482422,17.44499969482422,304.0
2024-09-05 13:20:00+00:00,SVC,4.565000057220459,4.565000057220459,4.566299915313721,4.565000057220459,4.565000057220459,1621.0
2024-09-05 13:20:00+00:00,UNIT,5.289999961853027,5.289999961853027,5.289999961853027,5.284999847412109,5.284999847412109,1738.0
2024-09-05 13:20:00+00:00,WHLR,4.5,4.5,4.75,4.380000114440918,4.735000133514404,622890.0
2024-09-05 13:20:00+00:00,WHLRP,2.8399999141693115,2.8399999141693115,2.8399999141693115,2.8399999141693115,2.8399999141693115,306.0
2024-09-05 13:21:00+00:00,AGNC,10.225000381469727,10.225000381469727,10.228799819946289,10.220000267028809,10.225000381469727,30864.0
2024-09-05 13:21:00+00:00,ASPS,1.090000033378601,1.090000033378601,1.090000033378601,1.090000033378601,1.090000033378601,136.0
2024-09-05 13:21:00+00:00,CSGP,76.93000030517578,76.93000030517578,76.93000030517578,76.81999969482422,76.83999633789062,4770.0
2024-09-05 13:21:00+00:00,EXPI,11.569999694824219,11.569999694824219,11.569999694824219,11.569999694824219,11.569999694824219,1126.0
2024-09-05 13:21:00+00:00,GLPI,51.43000030517578,51.43000030517578,51.43000030517578,51.41999816894531,51.41999816894531,1099.0
2024-09-05 13:21:00+00:00,GOOD,15.194999694824219,15.194999694824219,15.194999694824219,15.194999694824219,15.194999694824219,447.0
2024-09-05 13:21:00+00:00,HST,16.71500015258789,16.71500015258789,16.71500015258789,16.70840072631836,16.709999084472656,6358.0
2024-09-05 13:21:00+00:00,OPEN,1.9599000215530396,1.9599000215530396,1.9599000215530396,1.9515000581741333,1.9515000581741333,4519.0
2024-09-05 13:21:00+00:00,PECO,37.19499969482422,37.19499969482422,37.19499969482422,37.19499969482422,37.19499969482422,113.0
2024-09-05 13:21:00+00:00,RDFN,9.404999732971191,9.404999732971191,9.404999732971191,9.390000343322754,9.390000343322754,6634.0
2024-09-05 13:21:00+00:00,REAX,5.699999809265137,5.699999809265137,5.699999809265137,5.690000057220459,5.690000057220459,1467.0
2024-09-05 13:21:00+00:00,SVC,4.565000057220459,4.565000057220459,4.565000057220459,4.565000057220459,4.565000057220459,376.0
2024-09-05 13:21:00+00:00,UNIT,5.324999809265137,5.324999809265137,5.324999809265137,5.284999847412109,5.284999847412109,66374.0
2024-09-05 13:21:00+00:00,WHLR,4.619200229644775,4.619200229644775,4.639999866485596,4.460000038146973,4.5,234292.0
2024-09-05 13:21:00+00:00,WHLRP,2.700000047683716,2.700000047683716,2.700000047683716,2.700000047683716,2.700000047683716,324.0
2024-09-05 13:22:00+00:00,AFCG,10.3149995803833,10.3149995803833,10.3149995803833,10.3149995803833,10.3149995803833,1.0
2024-09-05 13:22:00+00:00,AGNC,10.225000381469727,10.225000381469727,10.229999542236328,10.220000267028809,10.225000381469727,64346.0
2024-09-05 13:22:00+00:00,CSGP,76.88999938964844,76.88999938964844,76.94000244140625,76.88999938964844,76.91000366210938,606.0
2024-09-05 13:22:00+00:00,HST,16.714399337768555,16.714399337768555,16.71500015258789,16.714399337768555,16.71500015258789,2581.0
2024-09-05 13:22:00+00:00,LSEA,11.484999656677246,11.484999656677246,11.484999656677246,11.484999656677246,11.484999656677246,232.0
2024-09-05 13:22:00+00:00,NMRK,14.180000305175781,14.180000305175781,14.180000305175781,14.180000305175781,14.180000305175781,2267.0
2024-09-05 13:22:00+00:00,NYMT,6.370100021362305,6.370100021362305,6.370100021362305,6.369999885559082,6.369999885559082,779.0
2024-09-05 13:22:00+00:00,OPEN,1.9500000476837158,1.9500000476837158,1.9595999717712402,1.9500000476837158,1.9595999717712402,58150.0
2024-09-05 13:22:00+00:00,RDFN,9.399999618530273,9.399999618530273,9.40999984741211,9.385000228881836,9.395000457763672,2730.0
2024-09-05 13:22:00+00:00,REAX,5.704999923706055,5.704999923706055,5.704999923706055,5.699999809265137,5.699999809265137,572.0
2024-09-05 13:22:00+00:00,SBRA,17.450000762939453,17.450000762939453,17.450000762939453,17.450000762939453,17.450000762939453,473.0
2024-09-05 13:22:00+00:00,SVC,4.565000057220459,4.565000057220459,4.565000057220459,4.565000057220459,4.565000057220459,650.0
2024-09-05 13:22:00+00:00,UK,1.3799999952316284,1.3799999952316284,1.3799999952316284,1.3799999952316284,1.3799999952316284,0.0
2024-09-05 13:22:00+00:00,UNIT,5.329899787902832,5.329899787902832,5.329999923706055,5.324999809265137,5.324999809265137,7382.0
2024-09-05 13:22:00+00:00,WHLR,4.530099868774414,4.530099868774414,4.690000057220459,4.460000038146973,4.629899978637695,147698.0
2024-09-05 13:23:00+00:00,AGNC,10.225000381469727,10.225000381469727,10.225899696350098,10.220000267028809,10.225000381469727,27333.0
2024-09-05 13:23:00+00:00,AGNCL,24.200000762939453,24.200000762939453,24.200000762939453,24.200000762939453,24.200000762939453,200.0
2024-09-05 13:23:00+00:00,CIGI,140.72999572753906,140.72999572753906,140.72999572753906,140.72999572753906,140.72999572753906,123.0
2024-09-05 13:23:00+00:00,EQIX,819.739990234375,819.739990234375,819.739990234375,819.739990234375,819.739990234375,1312.0
2024-09-05 13:23:00+00:00,GLPI,51.439998626708984,51.439998626708984,51.439998626708984,51.43000030517578,51.43000030517578,1350.0
2024-09-05 13:23:00+00:00,HST,16.71969985961914,16.71969985961914,16.71969985961914,16.71969985961914,16.71969985961914,909.0
2024-09-05 13:23:00+00:00,ILPT,4.909999847412109,4.909999847412109,4.909999847412109,4.909999847412109,4.909999847412109,792.0
2024-09-05 13:23:00+00:00,MDRR,12.750100135803223,12.750100135803223,12.750100135803223,12.750100135803223,12.750100135803223,1001.0
2024-09-05 13:23:00+00:00,NYMT,6.373799800872803,6.373799800872803,6.373799800872803,6.373799800872803,6.373799800872803,584.0
2024-09-05 13:23:00+00:00,OPEN,1.9500000476837158,1.9500000476837158,1.9600000381469727,1.9500000476837158,1.9550000429153442,7629.0
2024-09-05 13:23:00+00:00,PECO,37.209999084472656,37.209999084472656,37.220001220703125,37.20000076293945,37.20000076293945,1558.0
2024-09-05 13:23:00+00:00,RDFN,9.425000190734863,9.425000190734863,9.425000190734863,9.390000343322754,9.40250015258789,15020.0
2024-09-05 13:23:00+00:00,REAX,5.699999809265137,5.699999809265137,5.704999923706055,5.699999809265137,5.704999923706055,1487.0
2024-09-05 13:23:00+00:00,REFI,15.789999961853027,15.789999961853027,15.789999961853027,15.789999961853027,15.789999961853027,1147.0
2024-09-05 13:23:00+00:00,RMR,24.550100326538086,24.550100326538086,24.550100326538086,24.550100326538086,24.550100326538086,126.0
2024-09-05 13:23:00+00:00,ROIC,15.154999732971191,15.154999732971191,15.154999732971191,15.154999732971191,15.154999732971191,1693.0
2024-09-05 13:23:00+00:00,SBAC,235.1999969482422,235.1999969482422,235.1999969482422,235.1699981689453,235.1699981689453,2163.0
2024-09-05 13:23:00+00:00,SBRA,17.454999923706055,17.454999923706055,17.454999923706055,17.450000762939453,17.450000762939453,1598.0
2024-09-05 13:23:00+00:00,SVC,4.565000057220459,4.565000057220459,4.565000057220459,4.565000057220459,4.565000057220459,1655.0
2024-09-05 13:23:00+00:00,UNIT,5.340000152587891,5.340000152587891,5.340000152587891,5.320000171661377,5.324999809265137,6848.0
2024-09-05 13:23:00+00:00,WHLR,4.460000038146973,4.460000038146973,4.619900226593018,4.269999980926514,4.568999767303467,234587.0
2024-09-05 13:24:00+00:00,AGNC,10.229700088500977,10.229700088500977,10.229999542236328,10.225000381469727,10.229999542236328,26036.0
2024-09-05 13:24:00+00:00,CSGP,76.94999694824219,76.94999694824219,76.94999694824219,76.91999816894531,76.91999816894531,1576.0
2024-09-05 13:24:00+00:00,FSV,178.44000244140625,178.44000244140625,178.44000244140625,178.44000244140625,178.44000244140625,566.0
2024-09-05 13:24:00+00:00,GLPI,51.474998474121094,51.474998474121094,51.474998474121094,51.45000076293945,51.45000076293945,1246.0
2024-09-05 13:24:00+00:00,HST,16.71500015258789,16.71500015258789,16.71500015258789,16.71500015258789,16.71500015258789,965.0
2024-09-05 13:24:00+00:00,LSEA,11.484999656677246,11.484999656677246,11.484999656677246,11.484999656677246,11.484999656677246,592.0
2024-09-05 13:24:00+00:00,NYMT,6.375,6.375,6.375,6.375,6.375,134.0
2024-09-05 13:24:00+00:00,NYMTN,22.390100479125977,22.390100479125977,22.390100479125977,22.390100479125977,22.390100479125977,4273.0
2024-09-05 13:24:00+00:00,OPEN,1.9550000429153442,1.9550000429153442,1.9550000429153442,1.9500000476837158,1.9550000429153442,29081.0
2024-09-05 13:24:00+00:00,OPI,2.134999990463257,2.134999990463257,2.134999990463257,2.130000114440918,2.131999969482422,18143.0
2024-09-05 13:24:00+00:00,RDFN,9.404999732971191,9.404999732971191,9.40999984741211,9.399999618530273,9.40999984741211,7897.0
2024-09-05 13:24:00+00:00,REAX,5.699999809265137,5.699999809265137,5.699999809265137,5.699999809265137,5.699999809265137,200.0
2024-09-05 13:24:00+00:00,REFI,15.729999542236328,15.729999542236328,15.729999542236328,15.729999542236328,15.729999542236328,200.0
2024-09-05 13:24:00+00:00,REG,73.36000061035156,73.36000061035156,73.36000061035156,73.36000061035156,73.36000061035156,535.0
2024-09-05 13:24:00+00:00,SBAC,235.19500732421875,235.19500732421875,235.21499633789062,235.19500732421875,235.21499633789062,1463.0
2024-09-05 13:24:00+00:00,SBRA,17.450000762939453,17.450000762939453,17.450000762939453,17.450000762939453,17.450000762939453,2308.0
2024-09-05 13:24:00+00:00,SVC,4.574999809265137,4.574999809265137,4.574999809265137,4.565000057220459,4.565000057220459,9447.0
2024-09-05 13:24:00+00:00,UNIT,5.335000038146973,5.335000038146973,5.340000152587891,5.335000038146973,5.337699890136719,1534.0
2024-09-05 13:24:00+00:00,WHLR,4.450099945068359,4.450099945068359,4.46999979019165,4.289999961853027,4.460000038146973,151622.0
2024-09-05 13:25:00+00:00,AFCG,10.3149995803833,10.3149995803833,10.3149995803833,10.3149995803833,10.3149995803833,102.0
2024-09-05 13:25:00+00:00,AGNC,10.229999542236328,10.229999542236328,10.229999542236328,10.225000381469727,10.229999542236328,4781.0
2024-09-05 13:25:00+00:00,EXPI,11.571200370788574,11.571200370788574,11.571200370788574,11.571200370788574,11.571200370788574,104.0
2024-09-05 13:25:00+00:00,GOOD,15.220000267028809,15.220000267028809,15.220000267028809,15.210000038146973,15.210000038146973,1186.0
2024-09-05 13:25:00+00:00,HST,16.725000381469727,16.725000381469727,16.725000381469727,16.709999084472656,16.709999084472656,8660.0
2024-09-05 13:25:00+00:00,NYMT,6.380000114440918,6.380000114440918,6.380000114440918,6.370999813079834,6.370999813079834,1201.0
2024-09-05 13:25:00+00:00,OPEN,1.9520000219345093,1.9520000219345093,1.9593000411987305,1.9500000476837158,1.9550000429153442,5921.0
2024-09-05 13:25:00+00:00,OPI,2.130000114440918,2.130000114440918,2.130000114440918,2.130000114440918,2.130000114440918,0.0
2024-09-05 13:25:00+00:00,PECO,37.2400016784668,37.2400016784668,37.2400016784668,37.2400016784668,37.2400016784668,135.0
2024-09-05 13:25:00+00:00,RDFN,9.392499923706055,9.392499923706055,9.395000457763672,9.392499923706055,9.395000457763672,1342.0
2024-09-05 13:25:00+00:00,REAX,5.699999809265137,5.699999809265137,5.699999809265137,5.699999809265137,5.699999809265137,672.0
2024-09-05 13:25:00+00:00,SBRA,17.440000534057617,17.440000534057617,17.440000534057617,17.440000534057617,17.440000534057617,243.0
2024-09-05 13:25:00+00:00,UNIT,5.34499979019165,5.34499979019165,5.34499979019165,5.335000038146973,5.335000038146973,22057.0
2024-09-05 13:25:00+00:00,WHLR,4.690000057220459,4.690000057220459,4.690000057220459,4.429999828338623,4.429999828338623,257545.0
2024-09-05 13:25:00+00:00,WHLRP,2.6982998847961426,2.6982998847961426,2.6982998847961426,2.6982998847961426,2.6982998847961426,240.0
2024-09-05 13:26:00+00:00,AFCG,10.319999694824219,10.319999694824219,10.319999694824219,10.319999694824219,10.319999694824219,370.0
2024-09-05 13:26:00+00:00,AGNC,10.220000267028809,10.220000267028809,10.225299835205078,10.220000267028809,10.225299835205078,5780.0
2024-09-05 13:26:00+00:00,CSGP,76.9800033569336,76.9800033569336,76.9800033569336,76.94499969482422,76.94499969482422,1421.0
2024-09-05 13:26:00+00:00,EXPI,11.569999694824219,11.569999694824219,11.569999694824219,11.569999694824219,11.569999694824219,257.0
2024-09-05 13:26:00+00:00,GLPI,51.470001220703125,51.470001220703125,51.474998474121094,51.470001220703125,51.474998474121094,327.0
2024-09-05 13:26:00+00:00,HST,16.719999313354492,16.719999313354492,16.719999313354492,16.719999313354492,16.719999313354492,1155.0
2024-09-05 13:26:00+00:00,LSEA,11.479999542236328,11.479999542236328,11.479999542236328,11.479999542236328,11.479999542236328,115.0
2024-09-05 13:26:00+00:00,NMRK,14.174099922180176,14.174099922180176,14.174099922180176,14.170000076293945,14.170000076293945,1463.0
2024-09-05 13:26:00+00:00,NYMT,6.389999866485596,6.389999866485596,6.394999980926514,6.380000114440918,6.380000114440918,4398.0
2024-09-05 13:26:00+00:00,OPEN,1.9550000429153442,1.9550000429153442,1.955299973487854,1.9500000476837158,1.9500000476837158,5291.0
2024-09-05 13:26:00+00:00,RDFN,9.404999732971191,9.404999732971191,9.409899711608887,9.390000343322754,9.390000343322754,2298.0
2024-09-05 13:26:00+00:00,REAX,5.690000057220459,5.690000057220459,5.695000171661377,5.690000057220459,5.695000171661377,699.0
2024-09-05 13:26:00+00:00,REFI,15.744999885559082,15.744999885559082,15.744999885559082,15.744999885559082,15.744999885559082,29.0
2024-09-05 13:26:00+00:00,REG,73.3499984741211,73.3499984741211,73.36000061035156,73.3499984741211,73.3550033569336,1436.0
2024-09-05 13:26:00+00:00,SEVN,13.6899995803833,13.6899995803833,13.6899995803833,13.6899995803833,13.6899995803833,287.0
2024-09-05 13:26:00+00:00,SVC,4.574999809265137,4.574999809265137,4.574999809265137,4.57450008392334,4.574999809265137,1952.0
2024-09-05 13:26:00+00:00,UNIT,5.331099987030029,5.331099987030029,5.34499979019165,5.331099987030029,5.34499979019165,7616.0
2024-09-05 13:26:00+00:00,WHLR,4.96999979019165,4.96999979019165,5.03000020980835,4.650100231170654,4.670000076293945,557670.0
2024-09-05 13:27:00+00:00,AFCG,10.329999923706055,10.329999923706055,10.329999923706055,10.329999923706055,10.329999923706055,589.0
2024-09-05 13:27:00+00:00,AGNC,10.225000381469727,10.225000381469727,10.229999542236328,10.220100402832031,10.229999542236328,5399.0
2024-09-05 13:27:00+00:00,AGNCO,24.980100631713867,24.980100631713867,24.980100631713867,24.980100631713867,24.980100631713867,255.0
2024-09-05 13:27:00+00:00,CSGP,76.95999908447266,76.95999908447266,76.97000122070312,76.94000244140625,76.94000244140625,933.0
2024-09-05 13:27:00+00:00,EXPI,11.5649995803833,11.5649995803833,11.579999923706055,11.5600004196167,11.579999923706055,2521.0
2024-09-05 13:27:00+00:00,GLPI,51.474998474121094,51.474998474121094,51.474998474121094,51.474998474121094,51.474998474121094,371.0
2024-09-05 13:27:00+00:00,HST,16.71500015258789,16.71500015258789,16.725200653076172,16.71500015258789,16.725000381469727,8557.0
2024-09-05 13:27:00+00:00,HTIA,15.359999656677246,15.359999656677246,15.359999656677246,15.34000015258789,15.34000015258789,313.0
2024-09-05 13:27:00+00:00,LAMR,124.4092025756836,124.4092025756836,124.4092025756836,124.4092025756836,124.4092025756836,125.0
2024-09-05 13:27:00+00:00,MDRR,12.289999961853027,12.289999961853027,12.600000381469727,12.289999961853027,12.289999961853027,2409.0
2024-09-05 13:27:00+00:00,OPEN,1.9500000476837158,1.9500000476837158,1.9550000429153442,1.9500000476837158,1.9550000429153442,2555.0
2024-09-05 13:27:00+00:00,OPI,2.1301000118255615,2.1301000118255615,2.1301000118255615,2.1301000118255615,2.1301000118255615,660.0
2024-09-05 13:27:00+00:00,PECO,37.20000076293945,37.20000076293945,37.20000076293945,37.20000076293945,37.20000076293945,613.0
2024-09-05 13:27:00+00:00,RDFN,9.399999618530273,9.399999618530273,9.408599853515625,9.398900032043457,9.404999732971191,7628.0
2024-09-05 13:27:00+00:00,REAX,5.690000057220459,5.690000057220459,5.690000057220459,5.690000057220459,5.690000057220459,872.0
2024-09-05 13:27:00+00:00,REG,73.37000274658203,73.37000274658203,73.37000274658203,73.37000274658203,73.37000274658203,783.0
2024-09-05 13:27:00+00:00,ROIC,15.154999732971191,15.154999732971191,15.154999732971191,15.154999732971191,15.154999732971191,2965.0
2024-09-05 13:27:00+00:00,SBAC,235.22000122070312,235.22000122070312,235.22000122070312,235.22000122070312,235.22000122070312,122.0
2024-09-05 13:27:00+00:00,SBRA,17.44499969482422,17.44499969482422,17.448999404907227,17.440000534057617,17.448999404907227,1861.0
2024-09-05 13:27:00+00:00,SEVN,13.707799911499023,13.707799911499023,13.707799911499023,13.707799911499023,13.707799911499023,1001.0
2024-09-05 13:27:00+00:00,SVC,4.574999809265137,4.574999809265137,4.574999809265137,4.574999809265137,4.574999809265137,168.0
2024-09-05 13:27:00+00:00,UNIT,5.338799953460693,5.338799953460693,5.338799953460693,5.338799953460693,5.338799953460693,665.0
2024-09-05 13:27:00+00:00,WHLR,4.995999813079834,4.995999813079834,5.050000190734863,4.769999980926514,4.945000171661377,464943.0
2024-09-05 13:28:00+00:00,AEI,1.1598000526428223,1.1598000526428223,1.1699999570846558,1.1449999809265137,1.1449999809265137,1823.0
2024-09-05 13:28:00+00:00,AGNC,10.225000381469727,10.225000381469727,10.225000381469727,10.225000381469727,10.225000381469727,4305.0
2024-09-05 13:28:00+00:00,AGNCL,24.209999084472656,24.209999084472656,24.209999084472656,24.184999465942383,24.184999465942383,717.0
2024-09-05 13:28:00+00:00,CIGI,140.60000610351562,140.60000610351562,140.60000610351562,140.60000610351562,140.60000610351562,179.0
2024-09-05 13:28:00+00:00,CSGP,76.94000244140625,76.94000244140625,76.94999694824219,76.92500305175781,76.94999694824219,1408.0
2024-09-05 13:28:00+00:00,EXPI,11.5600004196167,11.5600004196167,11.5600004196167,11.5600004196167,11.5600004196167,1987.0
2024-09-05 13:28:00+00:00,FSV,178.1699981689453,178.1699981689453,178.19000244140625,178.1699981689453,178.19000244140625,357.0
2024-09-05 13:28:00+00:00,GLPI,51.45000076293945,51.45000076293945,51.470001220703125,51.45000076293945,51.470001220703125,1083.0
2024-09-05 13:28:00+00:00,HST,16.71500015258789,16.71500015258789,16.719999313354492,16.709999084472656,16.71500015258789,10115.0
2024-09-05 13:28:00+00:00,HTIA,15.359999656677246,15.359999656677246,15.359999656677246,15.359999656677246,15.359999656677246,187.0
2024-09-05 13:28:00+00:00,LAMR,124.30999755859375,124.30999755859375,124.41999816894531,124.30999755859375,124.41999816894531,898.0
2024-09-05 13:28:00+00:00,MDRR,12.5,12.5,12.5,12.5,12.5,1144.0
2024-09-05 13:28:00+00:00,NMRK,14.149999618530273,14.149999618530273,14.149999618530273,14.149999618530273,14.149999618530273,2092.0
2024-09-05 13:28:00+00:00,NYMT,6.385000228881836,6.385000228881836,6.385000228881836,6.385000228881836,6.385000228881836,433.0
2024-09-05 13:28:00+00:00,OPEN,1.9450000524520874,1.9450000524520874,1.9500000476837158,1.940000057220459,1.9500000476837158,64214.0
2024-09-05 13:28:00+00:00,RDFN,9.395000457763672,9.395000457763672,9.399999618530273,9.390000343322754,9.390000343322754,27811.0
2024-09-05 13:28:00+00:00,REAX,5.679999828338623,5.679999828338623,5.684999942779541,5.679999828338623,5.679999828338623,958.0
2024-09-05 13:28:00+00:00,SBAC,235.1927947998047,235.1927947998047,235.1927947998047,235.1927947998047,235.1927947998047,329.0
2024-09-05 13:28:00+00:00,UNIT,5.329999923706055,5.329999923706055,5.335000038146973,5.321199893951416,5.329999923706055,4748.0
2024-09-05 13:28:00+00:00,WHLR,5.200099945068359,5.200099945068359,5.400000095367432,4.980000019073486,4.989999771118164,669466.0
2024-09-05 13:28:00+00:00,WHLRP,2.640000104904175,2.640000104904175,2.640000104904175,2.640000104904175,2.640000104904175,673.0
2024-09-05 13:29:00+00:00,AGNC,10.225000381469727,10.225000381469727,10.225000381469727,10.225000381469727,10.225000381469727,4852.0
2024-09-05 13:29:00+00:00,AGNCO,24.9950008392334,24.9950008392334,24.9950008392334,24.9950008392334,24.9950008392334,155.0
2024-09-05 13:29:00+00:00,CSGP,76.90499877929688,76.90499877929688,76.90499877929688,76.90499877929688,76.90499877929688,600.0
2024-09-05 13:29:00+00:00,DHC,3.255000114440918,3.255000114440918,3.259999990463257,3.25,3.259999990463257,5240.0
2024-09-05 13:29:00+00:00,FSV,178.0399932861328,178.0399932861328,178.0399932861328,178.0399932861328,178.0399932861328,105.0
2024-09-05 13:29:00+00:00,GLPI,51.439998626708984,51.439998626708984,51.45000076293945,51.439998626708984,51.45000076293945,1934.0
2024-09-05 13:29:00+00:00,HST,16.705699920654297,16.705699920654297,16.709999084472656,16.700000762939453,16.709999084472656,8817.0
2024-09-05 13:29:00+00:00,LAND,13.53499984741211,13.53499984741211,13.539999961853027,13.53499984741211,13.539999961853027,407.0
2024-09-05 13:29:00+00:00,LSEA,11.475000381469727,11.475000381469727,11.475000381469727,11.475000381469727,11.475000381469727,101.0
2024-09-05 13:29:00+00:00,NMRK,14.140000343322754,14.140000343322754,14.154999732971191,14.140000343322754,14.154999732971191,2775.0
2024-09-05 13:29:00+00:00,NYMT,6.380000114440918,6.380000114440918,6.380000114440918,6.380000114440918,6.380000114440918,2100.0
2024-09-05 13:29:00+00:00,OPEN,1.934999942779541,1.934999942779541,1.9450000524520874,1.9299999475479126,1.9400999546051025,182134.0
2024-09-05 13:29:00+00:00,PCH,42.72999954223633,42.72999954223633,42.7400016784668,42.72999954223633,42.72999954223633,611.0
2024-09-05 13:29:00+00:00,RDFN,9.380000114440918,9.380000114440918,9.395000457763672,9.380000114440918,9.395000457763672,10161.0
2024-09-05 13:29:00+00:00,REAX,5.670000076293945,5.670000076293945,5.675000190734863,5.670000076293945,5.675000190734863,4638.0
2024-09-05 13:29:00+00:00,REFI,15.670000076293945,15.670000076293945,15.720000267028809,15.670000076293945,15.720000267028809,926.0
2024-09-05 13:29:00+00:00,REG,73.31999969482422,73.31999969482422,73.33999633789062,73.31999969482422,73.33999633789062,2110.0
2024-09-05 13:29:00+00:00,RMR,24.549999237060547,24.549999237060547,24.549999237060547,24.549999237060547,24.549999237060547,517.0
2024-09-05 13:29:00+00:00,ROIC,15.15999984741211,15.15999984741211,15.15999984741211,15.149999618530273,15.149999618530273,2388.0
2024-09-05 13:29:00+00:00,SBAC,235.02999877929688,235.02999877929688,235.13499450683594,235.02999877929688,235.13499450683594,1168.0
2024-09-05 13:29:00+00:00,SBRA,17.424999237060547,17.424999237060547,17.440000534057617,17.420000076293945,17.440000534057617,2674.0
2024-09-05 13:29:00+00:00,SVC,4.570000171661377,4.570000171661377,4.570000171661377,4.570000171661377,4.570000171661377,780.0
2024-09-05 13:29:00+00:00,UNIT,5.324999809265137,5.324999809265137,5.324999809265137,5.324999809265137,5.324999809265137,1433.0
2024-09-05 13:29:00+00:00,WHLR,5.070000171661377,5.070000171661377,5.269999980926514,5.070000171661377,5.199999809265137,278438.0
2024-09-05 13:30:00+00:00,AGNC,10.225000381469727,10.225000381469727,10.229999542236328,10.225000381469727,10.228300094604492,12791.0
2024-09-05 13:30:00+00:00,AGNCO,24.989999771118164,24.989999771118164,24.989999771118164,24.989999771118164,24.989999771118164,200.0
2024-09-05 13:30:00+00:00,CSGP,76.92500305175781,76.92500305175781,76.92500305175781,76.92500305175781,76.92500305175781,196.0
2024-09-05 13:30:00+00:00,GLPI,51.44499969482422,51.44499969482422,51.44499969482422,51.439998626708984,51.439998626708984,1237.0
2024-09-05 13:30:00+00:00,HST,16.704999923706055,16.704999923706055,16.704999923706055,16.700000762939453,16.700000762939453,1050.0
2024-09-05 13:30:00+00:00,HTIA,15.399999618530273,15.399999618530273,15.399999618530273,15.399999618530273,15.399999618530273,2086.0
2024-09-05 13:30:00+00:00,ILPT,4.894999980926514,4.894999980926514,4.900000095367432,4.894999980926514,4.900000095367432,903.0
2024-09-05 13:30:00+00:00,LSEA,11.460000038146973,11.460000038146973,11.46500015258789,11.460000038146973,11.46500015258789,1581.0
2024-09-05 13:30:00+00:00,NMRK,14.135000228881836,14.135000228881836,14.145000457763672,14.135000228881836,14.135000228881836,7484.0
2024-09-05 13:30:00+00:00,OPEN,1.9299999475479126,1.9299999475479126,1.9375,1.9299999475479126,1.934999942779541,5845.0
2024-09-05 13:30:00+00:00,PECO,37.22999954223633,37.22999954223633,37.22999954223633,37.22999954223633,37.22999954223633,227.0
2024-09-05 13:30:00+00:00,RDFN,9.380000114440918,9.380000114440918,9.385000228881836,9.359999656677246,9.38010025024414,18780.0
2024-09-05 13:30:00+00:00,REFI,15.670000076293945,15.670000076293945,15.670000076293945,15.65999984741211,15.65999984741211,2676.0
2024-09-05 13:30:00+00:00,ROIC,15.149999618530273,15.149999618530273,15.149999618530273,15.149999618530273,15.149999618530273,3663.0
2024-09-05 13:30:00+00:00,SBAC,235.09500122070312,235.09500122070312,235.24000549316406,235.09500122070312,235.14999389648438,1042.0
2024-09-05 13:30:00+00:00,SVC,4.570000171661377,4.570000171661377,4.574999809265137,4.570000171661377,4.574999809265137,5785.0
2024-09-05 13:30:00+00:00,UNIT,5.324999809265137,5.324999809265137,5.324999809265137,5.324999809265137,5.324999809265137,924.0
2024-09-05 13:30:00+00:00,WHLR,5.30019998550415,5.30019998550415,5.400000095367432,5.070000171661377,5.090000152587891,394336.0
2024-09-05 13:31:00+00:00,AGNC,10.229900360107422,10.229900360107422,10.229999542236328,10.220000267028809,10.225000381469727,54181.0
2024-09-05 13:31:00+00:00,AGNCO,24.989999771118164,24.989999771118164,24.989999771118164,24.989999771118164,24.989999771118164,710.0
2024-09-05 13:31:00+00:00,CSGP,76.92500305175781,76.92500305175781,76.92500305175781,76.92500305175781,76.92500305175781,356.0
2024-09-05 13:31:00+00:00,GLPI,51.44499969482422,51.44499969482422,51.44499969482422,51.44499969482422,51.44499969482422,232.0
2024-09-05 13:31:00+00:00,HST,16.700000762939453,16.700000762939453,16.704999923706055,16.700000762939453,16.700000762939453,2135.0
2024-09-05 13:31:00+00:00,ILPT,4.889999866485596,4.889999866485596,4.889999866485596,4.889999866485596,4.889999866485596,231.0
2024-09-05 13:31:00+00:00,NMRK,14.140000343322754,14.140000343322754,14.140000343322754,14.140000343322754,14.140000343322754,2542.0
2024-09-05 13:31:00+00:00,NYMT,6.375,6.375,6.375,6.375,6.375,1025.0
2024-09-05 13:31:00+00:00,OPEN,1.934999942779541,1.934999942779541,1.940000057220459,1.9299999475479126,1.934999942779541,68812.0
2024-09-05 13:31:00+00:00,RDFN,9.379799842834473,9.379799842834473,9.379799842834473,9.375,9.375,981.0
2024-09-05 13:31:00+00:00,REAX,5.670000076293945,5.670000076293945,5.675000190734863,5.670000076293945,5.670000076293945,733.0
2024-09-05 13:31:00+00:00,REG,73.37000274658203,73.37000274658203,73.37000274658203,73.3499984741211,73.3499984741211,2627.0
2024-09-05 13:31:00+00:00,SBRA,17.424999237060547,17.424999237060547,17.424999237060547,17.424999237060547,17.424999237060547,219.0
2024-09-05 13:31:00+00:00,SEVN,13.680000305175781,13.680000305175781,13.680000305175781,13.670000076293945,13.670000076293945,314.0
2024-09-05 13:31:00+00:00,UNIT,5.324999809265137,5.324999809265137,5.324999809265137,5.320000171661377,5.324999809265137,7642.0
2024-09-05 13:31:00+00:00,WHLR,5.298999786376953,5.298999786376953,5.440000057220459,5.199999809265137,5.320000171661377,359500.0
2024-09-05 13:31:00+00:00,WHLRP,2.7100000381469727,2.7100000381469727,2.7100000381469727,2.7100000381469727,2.7100000381469727,360.0
2024-09-05 13:32:00+00:00,AGNC,10.225000381469727,10.225000381469727,10.229999542236328,10.220000267028809,10.220000267028809,8845.0
2024-09-05 13:32:00+00:00,CSGP,76.91500091552734,76.91500091552734,76.91500091552734,76.91000366210938,76.91000366210938,506.0
2024-09-05 13:32:00+00:00,EQIX,819.25,819.25,819.25,819.25,819.25,909.0
2024-09-05 13:32:00+00:00,GLPI,51.42499923706055,51.42499923706055,51.45000076293945,51.42499923706055,51.45000076293945,1195.0
2024-09-05 13:32:00+00:00,HST,16.700000762939453,16.700000762939453,16.700000762939453,16.690000534057617,16.700000762939453,16078.0
2024-09-05 13:32:00+00:00,ILPT,4.880000114440918,4.880000114440918,4.880000114440918,4.880000114440918,4.880000114440918,527.0
2024-09-05 13:32:00+00:00,LSEA,11.454999923706055,11.454999923706055,11.454999923706055,11.454999923706055,11.454999923706055,0.0
2024-09-05 13:32:00+00:00,NMRK,14.145000457763672,14.145000457763672,14.145000457763672,14.140000343322754,14.140000343322754,1011.0
2024-09-05 13:32:00+00:00,NYMT,6.375,6.375,6.375,6.375,6.375,561.0
2024-09-05 13:32:00+00:00,OPEN,1.9299999475479126,1.9299999475479126,1.934999942779541,1.9299999475479126,1.934999942779541,8586.0
2024-09-05 13:32:00+00:00,PECO,37.185001373291016,37.185001373291016,37.20000076293945,37.185001373291016,37.20000076293945,1300.0
2024-09-05 13:32:00+00:00,RDFN,9.385000228881836,9.385000228881836,9.385000228881836,9.369999885559082,9.379899978637695,4130.0
2024-09-05 13:32:00+00:00,REAX,5.679999828338623,5.679999828338623,5.679999828338623,5.670000076293945,5.670000076293945,761.0
2024-09-05 13:32:00+00:00,REG,73.31999969482422,73.31999969482422,73.31999969482422,73.31999969482422,73.31999969482422,734.0
2024-09-05 13:32:00+00:00,SBAC,234.9499969482422,234.9499969482422,234.9499969482422,234.9499969482422,234.9499969482422,833.0
2024-09-05 13:32:00+00:00,SBRA,17.405000686645508,17.405000686645508,17.424999237060547,17.405000686645508,17.424999237060547,2234.0
2024-09-05 13:32:00+00:00,SELF,5.159999847412109,5.159999847412109,5.159999847412109,5.159999847412109,5.159999847412109,125.0
2024-09-05 13:32:00+00:00,UNIT,5.328700065612793,5.328700065612793,5.329999923706055,5.315000057220459,5.324999809265137,8317.0
2024-09-05 13:32:00+00:00,WHLR,5.25,5.25,5.289899826049805,5.172900199890137,5.269999980926514,191579.0
2024-09-05 13:33:00+00:00,AFCG,10.319999694824219,10.319999694824219,10.319999694824219,10.319999694824219,10.319999694824219,125.0
2024-09-05 13:33:00+00:00,AGNC,10.21500015258789,10.21500015258789,10.225000381469727,10.213500022888184,10.220399856567383,24452.0
2024-09-05 13:33:00+00:00,CSGP,76.8499984741211,76.8499984741211,76.8949966430664,76.8499984741211,76.8949966430664,2011.0
2024-09-05 13:33:00+00:00,DHC,3.255000114440918,3.255000114440918,3.255000114440918,3.255000114440918,3.255000114440918,126.0
2024-09-05 13:33:00+00:00,EXPI,11.5600004196167,11.5600004196167,11.5600004196167,11.5600004196167,11.5600004196167,1463.0
2024-09-05 13:33:00+00:00,GLPI,51.40999984741211,51.40999984741211,51.40999984741211,51.40999984741211,51.40999984741211,425.0
2024-09-05 13:33:00+00:00,GOOD,15.1899995803833,15.1899995803833,15.199999809265137,15.1899995803833,15.199999809265137,1044.0
2024-09-05 13:33:00+00:00,HST,16.700000762939453,16.700000762939453,16.704999923706055,16.690000534057617,16.690000534057617,22807.0
2024-09-05 13:33:00+00:00,HTIBP,15.454999923706055,15.454999923706055,15.579999923706055,15.454999923706055,15.579999923706055,892.0
2024-09-05 13:33:00+00:00,NMRK,14.145000457763672,14.145000457763672,14.145000457763672,14.145000457763672,14.145000457763672,529.0
2024-09-05 13:33:00+00:00,OPEN,1.934999942779541,1.934999942779541,1.940000057220459,1.9299999475479126,1.934999942779541,5694.0
2024-09-05 13:33:00+00:00,PCH,42.720001220703125,42.720001220703125,42.720001220703125,42.720001220703125,42.720001220703125,388.0
2024-09-05 13:33:00+00:00,PECO,37.189998626708984,37.189998626708984,37.189998626708984,37.189998626708984,37.189998626708984,176.0
2024-09-05 13:33:00+00:00,RDFN,9.399999618530273,9.399999618530273,9.399999618530273,9.390000343322754,9.390000343322754,4053.0
2024-09-05 13:33:00+00:00,REAX,5.675000190734863,5.675000190734863,5.675000190734863,5.675000190734863,5.675000190734863,942.0
2024-09-05 13:33:00+00:00,REG,73.31999969482422,73.31999969482422,73.31999969482422,73.31999969482422,73.31999969482422,796.0
2024-09-05 13:33:00+00:00,SVC,4.574999809265137,4.574999809265137,4.579999923706055,4.570000171661377,4.570000171661377,13241.0
2024-09-05 13:33:00+00:00,UNIT,5.324999809265137,5.324999809265137,5.329999923706055,5.320000171661377,5.324999809265137,1116.0
2024-09-05 13:33:00+00:00,WHLR,5.080100059509277,5.080100059509277,5.271100044250488,4.960000038146973,5.25,306414.0
2024-09-05 13:33:00+00:00,WHLRD,19.239999771118164,19.239999771118164,19.239999771118164,19.1200008392334,19.1200008392334,6000.0
2024-09-05 13:34:00+00:00,AGNC,10.220000267028809,10.220000267028809,10.220000267028809,10.21500015258789,10.21500015258789,98425.0
2024-09-05 13:34:00+00:00,CSGP,76.94999694824219,76.94999694824219,76.94999694824219,76.86000061035156,76.86000061035156,2810.0
2024-09-05 13:34:00+00:00,DHC,3.255000114440918,3.255000114440918,3.255000114440918,3.255000114440918,3.255000114440918,225.0
2024-09-05 13:34:00+00:00,EXPI,11.550000190734863,11.550000190734863,11.550000190734863,11.550000190734863,11.550000190734863,1893.0
2024-09-05 13:34:00+00:00,FSV,178.16000366210938,178.16000366210938,178.16000366210938,178.16000366210938,178.16000366210938,247.0
2024-09-05 13:34:00+00:00,GLPI,51.43980026245117,51.43980026245117,51.43980026245117,51.40999984741211,51.40999984741211,3207.0
2024-09-05 13:34:00+00:00,GOOD,15.1899995803833,15.1899995803833,15.199999809265137,15.1899995803833,15.1899995803833,387.0
2024-09-05 13:34:00+00:00,HST,16.704999923706055,16.704999923706055,16.704999923706055,16.69499969482422,16.700000762939453,11779.0
2024-09-05 13:34:00+00:00,LAND,13.529999732971191,13.529999732971191,13.529999732971191,13.529999732971191,13.529999732971191,196.0
2024-09-05 13:34:00+00:00,LSEA,11.484999656677246,11.484999656677246,11.484999656677246,11.470000267028809,11.479999542236328,2048.0
2024-09-05 13:34:00+00:00,NMRK,14.149999618530273,14.149999618530273,14.149999618530273,14.149999618530273,14.149999618530273,462.0
2024-09-05 13:34:00+00:00,NYMT,6.379700183868408,6.379700183868408,6.379700183868408,6.379700183868408,6.379700183868408,1559.0
2024-09-05 13:34:00+00:00,OPEN,1.934999942779541,1.934999942779541,1.940000057220459,1.934999942779541,1.9399000406265259,34887.0
2024-09-05 13:34:00+00:00,PCH,42.72999954223633,42.72999954223633,42.72999954223633,42.72999954223633,42.72999954223633,973.0
2024-09-05 13:34:00+00:00,PECO,37.20000076293945,37.20000076293945,37.20000076293945,37.20000076293945,37.20000076293945,320.0
2024-09-05 13:34:00+00:00,RDFN,9.414999961853027,9.414999961853027,9.419899940490723,9.40999984741211,9.40999984741211,8506.0
2024-09-05 13:34:00+00:00,REAX,5.679999828338623,5.679999828338623,5.679999828338623,5.670000076293945,5.670000076293945,1195.0
2024-09-05 13:34:00+00:00,REG,73.36000061035156,73.36000061035156,73.36000061035156,73.33000183105469,73.33000183105469,2133.0
2024-09-05 13:34:00+00:00,ROIC,15.145000457763672,15.145000457763672,15.145000457763672,15.145000457763672,15.145000457763672,440.0
2024-09-05 13:34:00+00:00,SBAC,234.99000549316406,234.99000549316406,234.99000549316406,234.88999938964844,234.88999938964844,1725.0
2024-09-05 13:34:00+00:00,SBRA,17.40999984741211,17.40999984741211,17.40999984741211,17.40999984741211,17.40999984741211,1973.0
2024-09-05 13:34:00+00:00,SEVN,13.6899995803833,13.6899995803833,13.6899995803833,13.6899995803833,13.6899995803833,108.0
2024-09-05 13:34:00+00:00,SOHO,1.2280000448226929,1.2280000448226929,1.2280000448226929,1.2280000448226929,1.2280000448226929,258.0
2024-09-05 13:34:00+00:00,SVC,4.574999809265137,4.574999809265137,4.574999809265137,4.574999809265137,4.574999809265137,1845.0
2024-09-05 13:34:00+00:00,UNIT,5.34499979019165,5.34499979019165,5.34499979019165,5.324999809265137,5.329999923706055,23787.0
2024-09-05 13:34:00+00:00,WHLR,5.074999809265137,5.074999809265137,5.179900169372559,5.070000171661377,5.090000152587891,122552.0
2024-09-05 13:35:00+00:00,AGNC,10.229100227355957,10.229100227355957,10.229900360107422,10.21500015258789,10.21500015258789,16609.0
2024-09-05 13:35:00+00:00,EQIX,820.1076049804688,820.1076049804688,820.1076049804688,819.739990234375,819.739990234375,2201.0
2024-09-05 13:35:00+00:00,EXPI,11.545000076293945,11.545000076293945,11.545000076293945,11.539999961853027,11.539999961853027,637.0
2024-09-05 13:35:00+00:00,FSV,178.3350067138672,178.3350067138672,178.3350067138672,178.3350067138672,178.3350067138672,134.0
2024-09-05 13:35:00+00:00,GLPI,51.459999084472656,51.459999084472656,51.459999084472656,51.439998626708984,51.439998626708984,1318.0
2024-09-05 13:35:00+00:00,GOODN,22.950000762939453,22.950000762939453,22.959999084472656,22.950000762939453,22.959999084472656,1259.0
2024-09-05 13:35:00+00:00,HST,16.719999313354492,16.719999313354492,16.719999313354492,16.709999084472656,16.709999084472656,8934.0
2024-09-05 13:35:00+00:00,ILPT,4.880000114440918,4.880000114440918,4.880000114440918,4.880000114440918,4.880000114440918,688.0
2024-09-05 13:35:00+00:00,LAMR,124.30500030517578,124.30500030517578,124.30500030517578,124.30500030517578,124.30500030517578,323.0
2024-09-05 13:35:00+00:00,LANDO,21.260000228881836,21.260000228881836,21.260000228881836,21.260000228881836,21.260000228881836,556.0
2024-09-05 13:35:00+00:00,NMRK,14.15999984741211,14.15999984741211,14.15999984741211,14.15999984741211,14.15999984741211,755.0
2024-09-05 13:35:00+00:00,OPEN,1.9450000524520874,1.9450000524520874,1.9500000476837158,1.934999942779541,1.934999942779541,115980.0
2024-09-05 13:35:00+00:00,PECO,37.25,37.25,37.25,37.220001220703125,37.220001220703125,766.0
2024-09-05 13:35:00+00:00,RDFN,9.444999694824219,9.444999694824219,9.444999694824219,9.414999961853027,9.420000076293945,8037.0
2024-09-05 13:35:00+00:00,REAX,5.679999828338623,5.679999828338623,5.679999828338623,5.679999828338623,5.679999828338623,341.0
2024-09-05 13:35:00+00:00,ROIC,15.149999618530273,15.149999618530273,15.149999618530273,15.149999618530273,15.149999618530273,6396.0
2024-09-05 13:35:00+00:00,SBAC,234.89999389648438,234.89999389648438,234.94500732421875,234.89999389648438,234.94500732421875,1568.0
2024-09-05 13:35:00+00:00,SVC,4.574999809265137,4.574999809265137,4.574999809265137,4.574999809265137,4.574999809265137,3335.0
2024-09-05 13:35:00+00:00,UNIT,5.34499979019165,5.34499979019165,5.349999904632568,5.340099811553955,5.340099811553955,7490.0
2024-09-05 13:35:00+00:00,WHLR,5.139999866485596,5.139999866485596,5.170000076293945,5.070000171661377,5.079899787902832,90428.0
2024-09-05 13:36:00+00:00,AFCG,10.335000038146973,10.335000038146973,10.335000038146973,10.335000038146973,10.335000038146973,246.0
2024-09-05 13:36:00+00:00,AGNC,10.225000381469727,10.225000381469727,10.229999542236328,10.225000381469727,10.225000381469727,28531.0
2024-09-05 13:36:00+00:00,CIGI,140.72000122070312,140.72000122070312,140.72000122070312,140.72000122070312,140.72000122070312,107.0
2024-09-05 13:36:00+00:00,CSGP,77.0199966430664,77.0199966430664,77.0199966430664,77.0199966430664,77.0199966430664,698.0
2024-09-05 13:36:00+00:00,DHC,3.255000114440918,3.255000114440918,3.255000114440918,3.255000114440918,3.255000114440918,245.0
2024-09-05 13:36:00+00:00,EQIX,819.6500244140625,819.6500244140625,819.6500244140625,819.6500244140625,819.6500244140625,709.0
2024-09-05 13:36:00+00:00,EXPI,11.5600004196167,11.5600004196167,11.5600004196167,11.550000190734863,11.550000190734863,1112.0
2024-09-05 13:36:00+00:00,FTHM,2.7899999618530273,2.7899999618530273,2.7899999618530273,2.7899999618530273,2.7899999618530273,915.0
2024-09-05 13:36:00+00:00,GLPI,51.459999084472656,51.459999084472656,51.459999084472656,51.459999084472656,51.459999084472656,639.0
2024-09-05 13:36:00+00:00,GOOD,15.210000038146973,15.210000038146973,15.210000038146973,15.199999809265137,15.199999809265137,350.0
2024-09-05 13:36:00+00:00,HST,16.729999542236328,16.729999542236328,16.729999542236328,16.725000381469727,16.725000381469727,6830.0
2024-09-05 13:36:00+00:00,NMRK,14.175000190734863,14.175000190734863,14.180000305175781,14.170000076293945,14.170000076293945,3136.0
2024-09-05 13:36:00+00:00,NYMT,6.388800144195557,6.388800144195557,6.388800144195557,6.388800144195557,6.388800144195557,464.0
2024-09-05 13:36:00+00:00,OPEN,1.9550000429153442,1.9550000429153442,1.9550000429153442,1.9450000524520874,1.9500000476837158,127677.0
2024-09-05 13:36:00+00:00,RDFN,9.4399995803833,9.4399995803833,9.444999694824219,9.430000305175781,9.4399995803833,11166.0
2024-09-05 13:36:00+00:00,REAX,5.679999828338623,5.679999828338623,5.679999828338623,5.670000076293945,5.675000190734863,2027.0
2024-09-05 13:36:00+00:00,REG,73.37000274658203,73.37000274658203,73.37000274658203,73.37000274658203,73.37000274658203,1670.0
2024-09-05 13:36:00+00:00,ROIC,15.149999618530273,15.149999618530273,15.154999732971191,15.149999618530273,15.154999732971191,1151.0
2024-09-05 13:36:00+00:00,SBAC,235.00999450683594,235.00999450683594,235.00999450683594,235.00999450683594,235.00999450683594,1174.0
2024-09-05 13:36:00+00:00,SBRA,17.424999237060547,17.424999237060547,17.424999237060547,17.415000915527344,17.415000915527344,1098.0
2024-09-05 13:36:00+00:00,SEVN,13.714900016784668,13.714900016784668,13.714900016784668,13.714900016784668,13.714900016784668,398.0
2024-09-05 13:36:00+00:00,SVC,4.585000038146973,4.585000038146973,4.585000038146973,4.574999809265137,4.574999809265137,7034.0
2024-09-05 13:36:00+00:00,UNIT,5.34499979019165,5.34499979019165,5.34499979019165,5.34499979019165,5.34499979019165,2457.0
2024-09-05 13:36:00+00:00,WHLR,5.27239990234375,5.27239990234375,5.360000133514404,5.135000228881836,5.138500213623047,362705.0
2024-09-05 13:37:00+00:00,AGNC,10.225000381469727,10.225000381469727,10.229999542236328,10.225000381469727,10.229900360107422,22364.0
2024-09-05 13:37:00+00:00,CIGI,140.77000427246094,140.77000427246094,140.77000427246094,140.77000427246094,140.77000427246094,987.0
2024-09-05 13:37:00+00:00,CSGP,77.08000183105469,77.08000183105469,77.08000183105469,77.02999877929688,77.02999877929688,963.0
2024-09-05 13:37:00+00:00,EXPI,11.579999923706055,11.579999923706055,11.579999923706055,11.574999809265137,11.574999809265137,1171.0
2024-09-05 13:37:00+00:00,FSV,178.4199981689453,178.4199981689453,178.4199981689453,178.4199981689453,178.4199981689453,786.0
2024-09-05 13:37:00+00:00,FTHM,2.7899999618530273,2.7899999618530273,2.7899999618530273,2.7899999618530273,2.7899999618530273,272.0
2024-09-05 13:37:00+00:00,GLPI,51.47999954223633,51.47999954223633,51.4900016784668,51.470001220703125,51.470001220703125,2242.0
2024-09-05 13:37:00+00:00,GOOD,15.210000038146973,15.210000038146973,15.210000038146973,15.210000038146973,15.210000038146973,599.0
2024-09-05 13:37:00+00:00,HST,16.739999771118164,16.739999771118164,16.739999771118164,16.739999771118164,16.739999771118164,1854.0
2024-09-05 13:37:00+00:00,LAMR,124.20999908447266,124.20999908447266,124.20999908447266,124.20999908447266,124.20999908447266,1201.0
2024-09-05 13:37:00+00:00,NMRK,14.1899995803833,14.1899995803833,14.1899995803833,14.175000190734863,14.180000305175781,5675.0
2024-09-05 13:37:00+00:00,NYMT,6.389999866485596,6.389999866485596,6.389999866485596,6.389999866485596,6.389999866485596,326.0
2024-09-05 13:37:00+00:00,OPEN,1.9450000524520874,1.9450000524520874,1.9550000429153442,1.940000057220459,1.9550000429153442,144636.0
2024-09-05 13:37:00+00:00,PECO,37.25,37.25,37.25,37.25,37.25,297.0
2024-09-05 13:37:00+00:00,RDFN,9.475000381469727,9.475000381469727,9.475000381469727,9.4399995803833,9.4399995803833,16838.0
2024-09-05 13:37:00+00:00,REAX,5.695000171661377,5.695000171661377,5.695000171661377,5.690000057220459,5.690000057220459,933.0
2024-09-05 13:37:00+00:00,ROIC,15.154999732971191,15.154999732971191,15.15999984741211,15.149999618530273,15.154999732971191,2077.0
2024-09-05 13:37:00+00:00,SBAC,235.0399932861328,235.0399932861328,235.05999755859375,235.0399932861328,235.0399932861328,1597.0
2024-09-05 13:37:00+00:00,SBRA,17.424999237060547,17.424999237060547,17.424999237060547,17.424999237060547,17.424999237060547,194.0
2024-09-05 13:37:00+00:00,SELF,5.170000076293945,5.170000076293945,5.170000076293945,5.170000076293945,5.170000076293945,200.0
2024-09-05 13:37:00+00:00,SQFT,0.6269999742507935,0.6269999742507935,0.6269999742507935,0.6269999742507935,0.6269999742507935,2009.0
2024-09-05 13:37:00+00:00,SVC,4.585000038146973,4.585000038146973,4.585000038146973,4.585000038146973,4.585000038146973,243.0
2024-09-05 13:37:00+00:00,UNIT,5.335000038146973,5.335000038146973,5.355000019073486,5.331200122833252,5.349999904632568,28317.0
2024-09-05 13:37:00+00:00,WHLR,5.1230998039245605,5.1230998039245605,5.349999904632568,5.059999942779541,5.260000228881836,285344.0
2024-09-05 13:38:00+00:00,AGNC,10.234999656677246,10.234999656677246,10.239999771118164,10.2298002243042,10.229999542236328,18754.0
2024-09-05 13:38:00+00:00,CSGP,77.08499908447266,77.08499908447266,77.08499908447266,77.08000183105469,77.08499908447266,996.0
2024-09-05 13:38:00+00:00,DHC,3.265000104904175,3.265000104904175,3.265000104904175,3.259999990463257,3.259999990463257,3393.0
2024-09-05 13:38:00+00:00,EXPI,11.569999694824219,11.569999694824219,11.569999694824219,11.569999694824219,11.569999694824219,1095.0
2024-09-05 13:38:00+00:00,HST,16.739999771118164,16.739999771118164,16.7450008392334,16.739999771118164,16.7450008392334,6800.0
2024-09-05 13:38:00+00:00,LAMR,124.2842025756836,124.2842025756836,124.3499984741211,124.27999877929688,124.3499984741211,1372.0
2024-09-05 13:38:00+00:00,LSEA,11.494999885559082,11.494999885559082,11.494999885559082,11.494999885559082,11.494999885559082,610.0
2024-09-05 13:38:00+00:00,OPEN,1.9450000524520874,1.9450000524520874,1.9500000476837158,1.940000057220459,1.9416999816894531,29552.0
2024-09-05 13:38:00+00:00,PECO,37.255001068115234,37.255001068115234,37.255001068115234,37.25,37.25,638.0
2024-09-05 13:38:00+00:00,RDFN,9.475000381469727,9.475000381469727,9.479999542236328,9.470000267028809,9.475000381469727,8804.0
2024-09-05 13:38:00+00:00,ROIC,15.15999984741211,15.15999984741211,15.15999984741211,15.15999984741211,15.15999984741211,190.0
2024-09-05 13:38:00+00:00,SBAC,234.90499877929688,234.90499877929688,234.9199981689453,234.89999389648438,234.9199981689453,2874.0
2024-09-05 13:38:00+00:00,SBRA,17.43000030517578,17.43000030517578,17.43000030517578,17.43000030517578,17.43000030517578,1494.0
2024-09-05 13:38:00+00:00,SVC,4.585000038146973,4.585000038146973,4.585000038146973,4.585000038146973,4.585000038146973,599.0
2024-09-05 13:38:00+00:00,UNIT,5.335000038146973,5.335000038146973,5.335000038146973,5.335000038146973,5.335000038146973,12222.0
2024-09-05 13:38:00+00:00,WHLR,4.989999771118164,4.989999771118164,5.159900188446045,4.929999828338623,5.144999980926514,227651.0
2024-09-05 13:39:00+00:00,AGNC,10.234999656677246,10.234999656677246,10.239899635314941,10.23009967803955,10.234000205993652,33459.0
2024-09-05 13:39:00+00:00,AGNCP,24.229999542236328,24.229999542236328,24.239999771118164,24.229999542236328,24.239999771118164,3019.0
2024-09-05 13:39:00+00:00,CSGP,77.08499908447266,77.08499908447266,77.12000274658203,77.05999755859375,77.0999984741211,5315.0
2024-09-05 13:39:00+00:00,GLPI,51.46979904174805,51.46979904174805,51.46979904174805,51.46979904174805,51.46979904174805,470.0
2024-09-05 13:39:00+00:00,HST,16.729999542236328,16.729999542236328,16.739999771118164,16.729999542236328,16.739999771118164,7348.0
2024-09-05 13:39:00+00:00,LAMR,124.2249984741211,124.2249984741211,124.2249984741211,124.2249984741211,124.2249984741211,148.0
2024-09-05 13:39:00+00:00,LAND,13.529999732971191,13.529999732971191,13.529999732971191,13.529999732971191,13.529999732971191,141.0
2024-09-05 13:39:00+00:00,NMRK,14.1899995803833,14.1899995803833,14.194999694824219,14.1899995803833,14.194999694824219,6598.0
2024-09-05 13:39:00+00:00,OPEN,1.9493999481201172,1.9493999481201172,1.9500000476837158,1.9429999589920044,1.9450000524520874,3390.0
2024-09-05 13:39:00+00:00,OPI,2.134999990463257,2.134999990463257,2.1366000175476074,2.134999990463257,2.1366000175476074,1180.0
2024-09-05 13:39:00+00:00,PCH,42.7599983215332,42.7599983215332,42.7599983215332,42.7599983215332,42.7599983215332,231.0
2024-09-05 13:39:00+00:00,RDFN,9.484999656677246,9.484999656677246,9.489999771118164,9.475000381469727,9.475000381469727,7435.0
2024-09-05 13:39:00+00:00,REAX,5.699999809265137,5.699999809265137,5.699999809265137,5.699999809265137,5.699999809265137,125.0
2024-09-05 13:39:00+00:00,REG,73.38999938964844,73.38999938964844,73.38999938964844,73.38999938964844,73.38999938964844,3488.0
2024-09-05 13:39:00+00:00,ROIC,15.154999732971191,15.154999732971191,15.15999984741211,15.154999732971191,15.154999732971191,824.0
2024-09-05 13:39:00+00:00,SBAC,234.7899932861328,234.7899932861328,234.7899932861328,234.7899932861328,234.7899932861328,533.0
2024-09-05 13:39:00+00:00,SVC,4.585000038146973,4.585000038146973,4.585000038146973,4.585000038146973,4.585000038146973,1172.0
2024-09-05 13:39:00+00:00,UNIT,5.337500095367432,5.337500095367432,5.340000152587891,5.335000038146973,5.337500095367432,5131.0
2024-09-05 13:39:00+00:00,WHLR,5.090000152587891,5.090000152587891,5.110000133514404,4.949999809265137,5.005000114440918,120984.0
2024-09-05 13:40:00+00:00,AFCG,10.335000038146973,10.335000038146973,10.335000038146973,10.335000038146973,10.335000038146973,167.0
2024-09-05 13:40:00+00:00,AGNC,10.234999656677246,10.234999656677246,10.234999656677246,10.234999656677246,10.234999656677246,9747.0
2024-09-05 13:40:00+00:00,CSGP,77.08999633789062,77.08999633789062,77.08999633789062,77.08999633789062,77.08999633789062,896.0
2024-09-05 13:40:00+00:00,EQIX,819.4437255859375,819.4437255859375,819.4437255859375,819.4437255859375,819.4437255859375,348.0
2024-09-05 13:40:00+00:00,EXPI,11.569999694824219,11.569999694824219,11.569999694824219,11.569999694824219,11.569999694824219,1073.0
2024-09-05 13:40:00+00:00,GLPI,51.479801177978516,51.479801177978516,51.479801177978516,51.459999084472656,51.459999084472656,1943.0
2024-09-05 13:40:00+00:00,HST,16.729999542236328,16.729999542236328,16.735000610351562,16.729999542236328,16.729999542236328,5605.0
2024-09-05 13:40:00+00:00,LAMR,124.29000091552734,124.29000091552734,124.29000091552734,124.29000091552734,124.29000091552734,593.0
2024-09-05 13:40:00+00:00,LANDO,21.329999923706055,21.329999923706055,21.329999923706055,21.329999923706055,21.329999923706055,0.0
2024-09-05 13:40:00+00:00,NMRK,14.194999694824219,14.194999694824219,14.194999694824219,14.194999694824219,14.194999694824219,727.0
2024-09-05 13:40:00+00:00,OPEN,1.9500000476837158,1.9500000476837158,1.9600000381469727,1.9400999546051025,1.9450000524520874,87077.0
2024-09-05 13:40:00+00:00,OPI,2.134999990463257,2.134999990463257,2.1382999420166016,2.134999990463257,2.1382999420166016,2737.0
2024-09-05 13:40:00+00:00,PCH,42.7400016784668,42.7400016784668,42.7400016784668,42.7400016784668,42.7400016784668,272.0
2024-09-05 13:40:00+00:00,PECO,37.27000045776367,37.27000045776367,37.27000045776367,37.27000045776367,37.27000045776367,174.0
2024-09-05 13:40:00+00:00,RDFN,9.526000022888184,9.526000022888184,9.529999732971191,9.484999656677246,9.484999656677246,20662.0
2024-09-05 13:40:00+00:00,REAX,5.690000057220459,5.690000057220459,5.690000057220459,5.690000057220459,5.690000057220459,1834.0
2024-09-05 13:40:00+00:00,ROIC,15.154999732971191,15.154999732971191,15.15999984741211,15.154999732971191,15.154999732971191,6917.0
2024-09-05 13:40:00+00:00,SBRA,17.43000030517578,17.43000030517578,17.43000030517578,17.424999237060547,17.424999237060547,850.0
2024-09-05 13:40:00+00:00,SELF,5.170000076293945,5.170000076293945,5.170000076293945,5.170000076293945,5.170000076293945,109.0
2024-09-05 13:40:00+00:00,SVC,4.585000038146973,4.585000038146973,4.585000038146973,4.585000038146973,4.585000038146973,619.0
2024-09-05 13:40:00+00:00,UNIT,5.335000038146973,5.335000038146973,5.340000152587891,5.329999923706055,5.335000038146973,4981.0
2024-09-05 13:40:00+00:00,WHLR,5.179900169372559,5.179900169372559,5.179999828338623,4.980000019073486,5.085000038146973,118189.0
2024-09-05 13:41:00+00:00,AGNC,10.23009967803955,10.23009967803955,10.238300323486328,10.229999542236328,10.234999656677246,32854.0
2024-09-05 13:41:00+00:00,CSGP,77.11000061035156,77.11000061035156,77.11000061035156,77.0999984741211,77.0999984741211,352.0
2024-09-05 13:41:00+00:00,HST,16.735000610351562,16.735000610351562,16.735000610351562,16.729999542236328,16.729999542236328,7121.0
2024-09-05 13:41:00+00:00,LAND,13.53499984741211,13.53499984741211,13.53499984741211,13.53499984741211,13.53499984741211,1355.0
2024-09-05 13:41:00+00:00,LSEA,11.484999656677246,11.484999656677246,11.484999656677246,11.484999656677246,11.484999656677246,607.0
2024-09-05 13:41:00+00:00,NYMT,6.394999980926514,6.394999980926514,6.394999980926514,6.394999980926514,6.394999980926514,200.0
2024-09-05 13:41:00+00:00,OPEN,1.9550000429153442,1.9550000429153442,1.9600000381469727,1.9500000476837158,1.9600000381469727,54096.0
2024-09-05 13:41:00+00:00,OPI,2.134999990463257,2.134999990463257,2.139699935913086,2.134999990463257,2.139699935913086,2727.0
2024-09-05 13:41:00+00:00,RDFN,9.515000343322754,9.515000343322754,9.524999618530273,9.515000343322754,9.524999618530273,9454.0
2024-09-05 13:41:00+00:00,REAX,5.679999828338623,5.679999828338623,5.679999828338623,5.679999828338623,5.679999828338623,405.0
2024-09-05 13:41:00+00:00,SBAC,234.61500549316406,234.61500549316406,234.61500549316406,234.61500549316406,234.61500549316406,899.0
2024-09-05 13:41:00+00:00,SBRA,17.434999465942383,17.434999465942383,17.434999465942383,17.434999465942383,17.434999465942383,374.0
2024-09-05 13:41:00+00:00,SVC,4.590000152587891,4.590000152587891,4.590000152587891,4.589700222015381,4.590000152587891,3308.0
2024-09-05 13:41:00+00:00,UNIT,5.335000038146973,5.335000038146973,5.335000038146973,5.335000038146973,5.335000038146973,819.0
2024-09-05 13:41:00+00:00,WHLR,5.230000019073486,5.230000019073486,5.289999961853027,5.150000095367432,5.170000076293945,150891.0
2024-09-05 13:42:00+00:00,AGNC,10.234999656677246,10.234999656677246,10.239999771118164,10.234999656677246,10.234999656677246,9390.0
2024-09-05 13:42:00+00:00,CSGP,77.12999725341797,77.12999725341797,77.12999725341797,77.0999984741211,77.0999984741211,717.0
2024-09-05 13:42:00+00:00,GLPI,51.47999954223633,51.47999954223633,51.4900016784668,51.47999954223633,51.4900016784668,1291.0
2024-09-05 13:42:00+00:00,HST,16.7450008392334,16.7450008392334,16.7450008392334,16.735000610351562,16.739999771118164,8152.0
2024-09-05 13:42:00+00:00,NMRK,14.194999694824219,14.194999694824219,14.194999694824219,14.194999694824219,14.194999694824219,1595.0
2024-09-05 13:42:00+00:00,NYMT,6.400000095367432,6.400000095367432,6.400000095367432,6.400000095367432,6.400000095367432,511.0
2024-09-05 13:42:00+00:00,OPEN,1.9596999883651733,1.9596999883651733,1.9600000381469727,1.9500000476837158,1.9550000429153442,73439.0
2024-09-05 13:42:00+00:00,OPI,2.134999990463257,2.134999990463257,2.134999990463257,2.130000114440918,2.130000114440918,587.0
2024-09-05 13:42:00+00:00,PCH,42.77000045776367,42.77000045776367,42.77000045776367,42.77000045776367,42.77000045776367,490.0
2024-09-05 13:42:00+00:00,PECO,37.2599983215332,37.2599983215332,37.2599983215332,37.2599983215332,37.2599983215332,716.0
2024-09-05 13:42:00+00:00,RDFN,9.513699531555176,9.513699531555176,9.520000457763672,9.506999969482422,9.510000228881836,5522.0
2024-09-05 13:42:00+00:00,REAX,5.684999942779541,5.684999942779541,5.684999942779541,5.679999828338623,5.679999828338623,676.0
2024-09-05 13:42:00+00:00,SBRA,17.440000534057617,17.440000534057617,17.440000534057617,17.440000534057617,17.440000534057617,109.0
2024-09-05 13:42:00+00:00,SEVN,13.6899995803833,13.6899995803833,13.6899995803833,13.6899995803833,13.6899995803833,848.0
2024-09-05 13:42:00+00:00,SVC,4.599999904632568,4.599999904632568,4.599999904632568,4.599999904632568,4.599999904632568,425.0
2024-09-05 13:42:00+00:00,UNIT,5.335000038146973,5.335000038146973,5.340000152587891,5.330100059509277,5.338799953460693,12193.0
2024-09-05 13:42:00+00:00,WHLR,5.309999942779541,5.309999942779541,5.360000133514404,5.150199890136719,5.230000019073486,245196.0
2024-09-05 13:43:00+00:00,AFCG,10.335000038146973,10.335000038146973,10.34000015258789,10.335000038146973,10.34000015258789,1643.0
2024-09-05 13:43:00+00:00,AGNC,10.234999656677246,10.234999656677246,10.234999656677246,10.234999656677246,10.234999656677246,11825.0
2024-09-05 13:43:00+00:00,AGNCO,25.0,25.0,25.0,24.996000289916992,24.996000289916992,1780.0
2024-09-05 13:43:00+00:00,BPYPP,14.829999923706055,14.829999923706055,14.829999923706055,14.829999923706055,14.829999923706055,996.0
2024-09-05 13:43:00+00:00,CSGP,77.1500015258789,77.1500015258789,77.16000366210938,77.13999938964844,77.13999938964844,1363.0
2024-09-05 13:43:00+00:00,EQIX,819.8599853515625,819.8599853515625,819.8599853515625,819.8599853515625,819.8599853515625,259.0
2024-09-05 13:43:00+00:00,EXPI,11.569999694824219,11.569999694824219,11.569999694824219,11.569999694824219,11.569999694824219,479.0
2024-09-05 13:43:00+00:00,GLPI,51.49980163574219,51.49980163574219,51.49980163574219,51.47999954223633,51.47999954223633,2238.0
2024-09-05 13:43:00+00:00,GOOD,15.199999809265137,15.199999809265137,15.199999809265137,15.199999809265137,15.199999809265137,127.0
2024-09-05 13:43:00+00:00,HST,16.7549991607666,16.7549991607666,16.7549991607666,16.7450008392334,16.7450008392334,5722.0
2024-09-05 13:43:00+00:00,HTIBP,15.670000076293945,15.670000076293945,15.670000076293945,15.579999923706055,15.579999923706055,7532.0
2024-09-05 13:43:00+00:00,ILPT,4.889999866485596,4.889999866485596,4.889999866485596,4.889999866485596,4.889999866485596,1269.0
2024-09-05 13:43:00+00:00,LAMR,124.4000015258789,124.4000015258789,124.4000015258789,124.4000015258789,124.4000015258789,443.0
2024-09-05 13:43:00+00:00,LSEA,11.489999771118164,11.489999771118164,11.489999771118164,11.489999771118164,11.489999771118164,340.0
2024-09-05 13:43:00+00:00,NYMT,6.394999980926514,6.394999980926514,6.394999980926514,6.394999980926514,6.394999980926514,186.0
2024-09-05 13:43:00+00:00,OPEN,1.9550000429153442,1.9550000429153442,1.9600000381469727,1.9550000429153442,1.9600000381469727,13502.0
2024-09-05 13:43:00+00:00,PECO,37.275001525878906,37.275001525878906,37.290000915527344,37.27000045776367,37.27000045776367,1240.0
2024-09-05 13:43:00+00:00,RDFN,9.520000457763672,9.520000457763672,9.520000457763672,9.5,9.510000228881836,9068.0
2024-09-05 13:43:00+00:00,REAX,5.670000076293945,5.670000076293945,5.684999942779541,5.670000076293945,5.679999828338623,2995.0
2024-09-05 13:43:00+00:00,ROIC,15.154999732971191,15.154999732971191,15.154999732971191,15.154999732971191,15.154999732971191,814.0
2024-09-05 13:43:00+00:00,SBAC,234.60499572753906,234.60499572753906,234.60499572753906,234.60499572753906,234.60499572753906,440.0
2024-09-05 13:43:00+00:00,SBRA,17.450000762939453,17.450000762939453,17.450000762939453,17.436399459838867,17.436399459838867,1121.0
2024-09-05 13:43:00+00:00,UNIT,5.349999904632568,5.349999904632568,5.360000133514404,5.335000038146973,5.340000152587891,54985.0
2024-09-05 13:43:00+00:00,WHLR,5.355000019073486,5.355000019073486,5.429999828338623,5.21999979019165,5.309999942779541,327623.0
2024-09-05 13:44:00+00:00,AFCG,10.354999542236328,10.354999542236328,10.354999542236328,10.354999542236328,10.354999542236328,106.0
2024-09-05 13:44:00+00:00,AGNC,10.244999885559082,10.244999885559082,10.25,10.234999656677246,10.239899635314941,80597.0
2024-09-05 13:44:00+00:00,CIGI,141.00999450683594,141.00999450683594,141.00999450683594,141.0,141.0,357.0
2024-09-05 13:44:00+00:00,CSGP,77.21499633789062,77.21499633789062,77.21990203857422,77.18499755859375,77.18499755859375,1083.0
2024-09-05 13:44:00+00:00,DHC,3.2750000953674316,3.2750000953674316,3.2750000953674316,3.2699999809265137,3.2699999809265137,1243.0
2024-09-05 13:44:00+00:00,EQIX,820.719970703125,820.719970703125,820.719970703125,820.719970703125,820.719970703125,888.0
2024-09-05 13:44:00+00:00,EXPI,11.579999923706055,11.579999923706055,11.579999923706055,11.569999694824219,11.579999923706055,4482.0
2024-09-05 13:44:00+00:00,GOOD,15.229999542236328,15.229999542236328,15.229999542236328,15.210000038146973,15.210000038146973,887.0
2024-09-05 13:44:00+00:00,HST,16.764999389648438,16.764999389648438,16.764999389648438,16.760000228881836,16.760000228881836,8176.0
2024-09-05 13:44:00+00:00,ILPT,4.900000095367432,4.900000095367432,4.900000095367432,4.900000095367432,4.900000095367432,284.0
2024-09-05 13:44:00+00:00,LAMR,124.58000183105469,124.58000183105469,124.58000183105469,124.58000183105469,124.58000183105469,199.0
2024-09-05 13:44:00+00:00,LSEA,11.510000228881836,11.510000228881836,11.510000228881836,11.489999771118164,11.489999771118164,1781.0
2024-09-05 13:44:00+00:00,NMRK,14.210000038146973,14.210000038146973,14.210000038146973,14.199999809265137,14.199999809265137,2033.0
2024-09-05 13:44:00+00:00,NYMT,6.400000095367432,6.400000095367432,6.400000095367432,6.400000095367432,6.400000095367432,1472.0
2024-09-05 13:44:00+00:00,OPEN,1.975000023841858,1.975000023841858,1.9752999544143677,1.9600000381469727,1.9600000381469727,217141.0
2024-09-05 13:44:00+00:00,OPI,2.134999990463257,2.134999990463257,2.134999990463257,2.134999990463257,2.134999990463257,334.0
2024-09-05 13:44:00+00:00,PCH,42.79999923706055,42.79999923706055,42.79999923706055,42.779998779296875,42.779998779296875,969.0
2024-09-05 13:44:00+00:00,PECO,37.31999969482422,37.31999969482422,37.31999969482422,37.290000915527344,37.290000915527344,506.0
2024-09-05 13:44:00+00:00,RDFN,9.574999809265137,9.574999809265137,9.574999809265137,9.515000343322754,9.515000343322754,10458.0
2024-09-05 13:44:00+00:00,REAX,5.690000057220459,5.690000057220459,5.695000171661377,5.679999828338623,5.679999828338623,6627.0
2024-09-05 13:44:00+00:00,REFI,15.739999771118164,15.739999771118164,15.740099906921387,15.729999542236328,15.729999542236328,596.0
2024-09-05 13:44:00+00:00,REG,73.47000122070312,73.47000122070312,73.47000122070312,73.47000122070312,73.47000122070312,1401.0
2024-09-05 13:44:00+00:00,ROIC,15.170000076293945,15.170000076293945,15.175000190734863,15.15999984741211,15.15999984741211,2517.0
2024-09-05 13:44:00+00:00,SBAC,234.75,234.75,234.8300018310547,234.7100067138672,234.7100067138672,2861.0
2024-09-05 13:44:00+00:00,SBRA,17.450000762939453,17.450000762939453,17.450000762939453,17.450000762939453,17.450000762939453,418.0
2024-09-05 13:44:00+00:00,SVC,4.614999771118164,4.614999771118164,4.614999771118164,4.599999904632568,4.599999904632568,7180.0
2024-09-05 13:44:00+00:00,UNIT,5.380000114440918,5.380000114440918,5.389999866485596,5.349999904632568,5.349999904632568,50102.0
2024-09-05 13:44:00+00:00,WHLR,5.743100166320801,5.743100166320801,5.789999961853027,5.360000133514404,5.360000133514404,723691.0
2024-09-05 13:45:00+00:00,AFCG,10.354999542236328,10.354999542236328,10.354999542236328,10.354999542236328,10.354999542236328,506.0
2024-09-05 13:45:00+00:00,AGNC,10.25,10.25,10.25,10.244999885559082,10.244999885559082,8953.0
2024-09-05 13:45:00+00:00,CSGP,77.21499633789062,77.21499633789062,77.21499633789062,77.19000244140625,77.19000244140625,1071.0
2024-09-05 13:45:00+00:00,EXPI,11.600000381469727,11.600000381469727,11.600000381469727,11.600000381469727,11.600000381469727,441.0
2024-09-05 13:45:00+00:00,GLPI,51.54999923706055,51.54999923706055,51.560001373291016,51.540000915527344,51.540000915527344,3075.0
2024-09-05 13:45:00+00:00,LAMR,124.54000091552734,124.54000091552734,124.54000091552734,124.54000091552734,124.54000091552734,617.0
2024-09-05 13:45:00+00:00,NMRK,14.210000038146973,14.210000038146973,14.211000442504883,14.210000038146973,14.211000442504883,804.0
2024-09-05 13:45:00+00:00,NYMT,6.40500020980835,6.40500020980835,6.40500020980835,6.40500020980835,6.40500020980835,600.0
2024-09-05 13:45:00+00:00,OPEN,1.975000023841858,1.975000023841858,1.9800000190734863,1.9701999425888062,1.975000023841858,35273.0
2024-09-05 13:45:00+00:00,PECO,37.33000183105469,37.33000183105469,37.33000183105469,37.33000183105469,37.33000183105469,341.0
2024-09-05 13:45:00+00:00,RDFN,9.585000038146973,9.585000038146973,9.585000038146973,9.569999694824219,9.574999809265137,4441.0
2024-09-05 13:45:00+00:00,REAX,5.690000057220459,5.690000057220459,5.690000057220459,5.690000057220459,5.690000057220459,128.0
2024-09-05 13:45:00+00:00,ROIC,15.175000190734863,15.175000190734863,15.175000190734863,15.175000190734863,15.175000190734863,718.0
2024-09-05 13:45:00+00:00,SBAC,234.75,234.75,234.835205078125,234.75,234.835205078125,1619.0
2024-09-05 13:45:00+00:00,SBRA,17.459999084472656,17.459999084472656,17.459999084472656,17.459999084472656,17.459999084472656,278.0
2024-09-05 13:45:00+00:00,UNIT,5.375,5.375,5.380000114440918,5.364999771118164,5.375,10477.0
2024-09-05 13:45:00+00:00,WHLR,5.389900207519531,5.389900207519531,5.739999771118164,5.300000190734863,5.679999828338623,605612.0
2024-09-05 13:45:00+00:00,WHLRD,19.309999465942383,19.309999465942383,19.309999465942383,19.309999465942383,19.309999465942383,300.0
2024-09-05 13:46:00+00:00,AGNC,10.244999885559082,10.244999885559082,10.25,10.241100311279297,10.244999885559082,20395.0
2024-09-05 13:46:00+00:00,CIGI,141.17999267578125,141.17999267578125,141.17999267578125,141.17999267578125,141.17999267578125,294.0
2024-09-05 13:46:00+00:00,CSGP,77.25,77.25,77.25,77.25,77.25,355.0
2024-09-05 13:46:00+00:00,EQIX,821.8300170898438,821.8300170898438,821.9099731445312,821.8300170898438,821.9099731445312,597.0
2024-09-05 13:46:00+00:00,EXPI,11.619999885559082,11.619999885559082,11.619999885559082,11.609999656677246,11.609999656677246,459.0
2024-09-05 13:46:00+00:00,FTHM,2.7899999618530273,2.7899999618530273,2.799999952316284,2.7899999618530273,2.799999952316284,7796.0
2024-09-05 13:46:00+00:00,GLPI,51.58000183105469,51.58000183105469,51.58000183105469,51.56999969482422,51.58000183105469,1477.0
2024-09-05 13:46:00+00:00,HST,16.770000457763672,16.770000457763672,16.770000457763672,16.760000228881836,16.760000228881836,6537.0
2024-09-05 13:46:00+00:00,HTIBP,15.710000038146973,15.710000038146973,15.710000038146973,15.710000038146973,15.710000038146973,8667.0
2024-09-05 13:46:00+00:00,ILPT,4.909999847412109,4.909999847412109,4.920000076293945,4.900000095367432,4.900000095367432,6470.0
2024-09-05 13:46:00+00:00,LANDM,24.440000534057617,24.440000534057617,24.440000534057617,24.440000534057617,24.440000534057617,500.0
2024-09-05 13:46:00+00:00,LANDO,21.399999618530273,21.399999618530273,21.399999618530273,21.399999618530273,21.399999618530273,611.0
2024-09-05 13:46:00+00:00,NMRK,14.220000267028809,14.220000267028809,14.225000381469727,14.210000038146973,14.210000038146973,2288.0
2024-09-05 13:46:00+00:00,OPEN,1.9800000190734863,1.9800000190734863,1.9800000190734863,1.9700000286102295,1.9780000448226929,13766.0
2024-09-05 13:46:00+00:00,OPI,2.134999990463257,2.134999990463257,2.134999990463257,2.134999990463257,2.134999990463257,585.0
2024-09-05 13:46:00+00:00,PCH,42.790000915527344,42.790000915527344,42.810001373291016,42.790000915527344,42.810001373291016,1081.0
2024-09-05 13:46:00+00:00,RDFN,9.610099792480469,9.610099792480469,9.610099792480469,9.59000015258789,9.59000015258789,13537.0
2024-09-05 13:46:00+00:00,REAX,5.699999809265137,5.699999809265137,5.699999809265137,5.684999942779541,5.684999942779541,1810.0
2024-09-05 13:46:00+00:00,REG,73.52999877929688,73.52999877929688,73.52999877929688,73.5199966430664,73.52999877929688,1512.0
2024-09-05 13:46:00+00:00,ROIC,15.1850004196167,15.1850004196167,15.1850004196167,15.1850004196167,15.1850004196167,620.0
2024-09-05 13:46:00+00:00,SBAC,234.97999572753906,234.97999572753906,234.97999572753906,234.97999572753906,234.97999572753906,182.0
2024-09-05 13:46:00+00:00,SBRA,17.459999084472656,17.459999084472656,17.459999084472656,17.459999084472656,17.459999084472656,730.0
2024-09-05 13:46:00+00:00,UNIT,5.383299827575684,5.383299827575684,5.389999866485596,5.375,5.375,7078.0
2024-09-05 13:46:00+00:00,WHLR,5.381999969482422,5.381999969482422,5.480000019073486,5.203499794006348,5.380000114440918,321578.0
2024-09-05 13:47:00+00:00,AFCG,10.359999656677246,10.359999656677246,10.359999656677246,10.359999656677246,10.359999656677246,101.0
2024-09-05 13:47:00+00:00,AGNC,10.244999885559082,10.244999885559082,10.25,10.239999771118164,10.244999885559082,7715.0
2024-09-05 13:47:00+00:00,CSGP,77.3499984741211,77.3499984741211,77.3499984741211,77.27999877929688,77.27999877929688,2105.0
2024-09-05 13:47:00+00:00,DHC,3.2850000858306885,3.2850000858306885,3.2850000858306885,3.2799999713897705,3.2799999713897705,1650.0
2024-09-05 13:47:00+00:00,EQIX,822.4000244140625,822.4000244140625,822.4000244140625,822.0999755859375,822.0999755859375,822.0
2024-09-05 13:47:00+00:00,EXPI,11.62660026550293,11.62660026550293,11.630000114440918,11.62660026550293,11.630000114440918,1115.0
2024-09-05 13:47:00+00:00,GLPI,51.59000015258789,51.59000015258789,51.61000061035156,51.59000015258789,51.609798431396484,1996.0
2024-09-05 13:47:00+00:00,HST,16.770000457763672,16.770000457763672,16.774999618530273,16.764999389648438,16.774999618530273,13489.0
2024-09-05 13:47:00+00:00,ILPT,4.920000076293945,4.920000076293945,4.925000190734863,4.920000076293945,4.920000076293945,600.0
2024-09-05 13:47:00+00:00,LAND,13.550000190734863,13.550000190734863,13.550000190734863,13.550000190734863,13.550000190734863,341.0
2024-09-05 13:47:00+00:00,NMRK,14.229999542236328,14.229999542236328,14.229999542236328,14.229999542236328,14.229999542236328,1446.0
2024-09-05 13:47:00+00:00,OPEN,1.975000023841858,1.975000023841858,1.9865000247955322,1.9700000286102295,1.9800000190734863,225023.0
2024-09-05 13:47:00+00:00,PCH,42.779998779296875,42.779998779296875,42.779998779296875,42.779998779296875,42.779998779296875,367.0
2024-09-05 13:47:00+00:00,PECO,37.35499954223633,37.35499954223633,37.36000061035156,37.34000015258789,37.36000061035156,1475.0
2024-09-05 13:47:00+00:00,RDFN,9.600000381469727,9.600000381469727,9.619999885559082,9.595000267028809,9.617500305175781,43226.0
2024-09-05 13:47:00+00:00,REAX,5.704999923706055,5.704999923706055,5.704999923706055,5.704999923706055,5.704999923706055,182.0
2024-09-05 13:47:00+00:00,REG,73.50530242919922,73.50530242919922,73.50530242919922,73.5,73.5,2238.0
2024-09-05 13:47:00+00:00,ROIC,15.180000305175781,15.180000305175781,15.180000305175781,15.175000190734863,15.180000305175781,2574.0
2024-09-05 13:47:00+00:00,SBAC,234.9199981689453,234.9199981689453,235.02999877929688,234.9199981689453,235.02999877929688,950.0
2024-09-05 13:47:00+00:00,SBRA,17.459999084472656,17.459999084472656,17.469999313354492,17.459999084472656,17.46500015258789,3331.0
2024-09-05 13:47:00+00:00,SVC,4.625,4.625,4.625,4.619999885559082,4.619999885559082,974.0
2024-09-05 13:47:00+00:00,UNIT,5.394999980926514,5.394999980926514,5.400000095367432,5.385000228881836,5.389999866485596,10615.0
2024-09-05 13:47:00+00:00,WHLR,5.5,5.5,5.5594000816345215,5.310100078582764,5.380000114440918,290762.0
2024-09-05 13:47:00+00:00,WHLRD,19.237300872802734,19.237300872802734,19.237300872802734,19.237300872802734,19.237300872802734,100.0
2024-09-05 13:48:00+00:00,AFCG,10.350000381469727,10.350000381469727,10.350000381469727,10.350000381469727,10.350000381469727,1714.0
2024-09-05 13:48:00+00:00,AGNC,10.244999885559082,10.244999885559082,10.25,10.24120044708252,10.244999885559082,8746.0
2024-09-05 13:48:00+00:00,CSGP,77.30999755859375,77.30999755859375,77.30999755859375,77.30999755859375,77.30999755859375,920.0
2024-09-05 13:48:00+00:00,DUO,0.4050000011920929,0.4050000011920929,0.4050000011920929,0.4050000011920929,0.4050000011920929,3206.0
2024-09-05 13:48:00+00:00,EXPI,11.625,11.625,11.628700256347656,11.619999885559082,11.619999885559082,572.0
2024-09-05 13:48:00+00:00,FTHM,2.7999000549316406,2.7999000549316406,2.799999952316284,2.796299934387207,2.799999952316284,5000.0
2024-09-05 13:48:00+00:00,GLPI,51.599998474121094,51.599998474121094,51.599998474121094,51.599998474121094,51.599998474121094,317.0
2024-09-05 13:48:00+00:00,HST,16.78499984741211,16.78499984741211,16.7898006439209,16.780000686645508,16.780000686645508,6384.0
2024-09-05 13:48:00+00:00,ILPT,4.914999961853027,4.914999961853027,4.914999961853027,4.909999847412109,4.909999847412109,8315.0
2024-09-05 13:48:00+00:00,LAND,13.555000305175781,13.555000305175781,13.555000305175781,13.555000305175781,13.555000305175781,103.0
2024-09-05 13:48:00+00:00,LSEA,11.529999732971191,11.529999732971191,11.529999732971191,11.529999732971191,11.529999732971191,206.0
2024-09-05 13:48:00+00:00,NMRK,14.229999542236328,14.229999542236328,14.234999656677246,14.229999542236328,14.234999656677246,624.0
2024-09-05 13:48:00+00:00,NYMT,6.40500020980835,6.40500020980835,6.40500020980835,6.40500020980835,6.40500020980835,497.0
2024-09-05 13:48:00+00:00,OPEN,1.9800000190734863,1.9800000190734863,1.9800000190734863,1.9701000452041626,1.9701000452041626,3208.0
2024-09-05 13:48:00+00:00,PECO,37.33000183105469,37.33000183105469,37.33000183105469,37.33000183105469,37.33000183105469,869.0
2024-09-05 13:48:00+00:00,RDFN,9.604999542236328,9.604999542236328,9.609999656677246,9.600000381469727,9.604999542236328,7087.0
2024-09-05 13:48:00+00:00,REAX,5.704999923706055,5.704999923706055,5.704999923706055,5.704999923706055,5.704999923706055,160.0
2024-09-05 13:48:00+00:00,REG,73.51000213623047,73.51000213623047,73.51000213623047,73.51000213623047,73.51000213623047,305.0
2024-09-05 13:48:00+00:00,ROIC,15.170000076293945,15.170000076293945,15.175000190734863,15.170000076293945,15.170000076293945,2386.0
2024-09-05 13:48:00+00:00,SBAC,234.30999755859375,234.30999755859375,235.02999877929688,234.30999755859375,234.9199981689453,19523.0
2024-09-05 13:48:00+00:00,SVC,4.611400127410889,4.611400127410889,4.625,4.611400127410889,4.619999885559082,3665.0
2024-09-05 13:48:00+00:00,UNIT,5.385000228881836,5.385000228881836,5.400000095367432,5.375,5.394999980926514,18937.0
2024-09-05 13:48:00+00:00,WHLR,5.446000099182129,5.446000099182129,5.539999961853027,5.320000171661377,5.501999855041504,240721.0
2024-09-05 13:49:00+00:00,AGNC,10.244999885559082,10.244999885559082,10.25,10.244999885559082,10.244999885559082,4477.0
2024-09-05 13:49:00+00:00,EXPI,11.639300346374512,11.639300346374512,11.639300346374512,11.619999885559082,11.619999885559082,874.0
2024-09-05 13:49:00+00:00,GLPI,51.59000015258789,51.59000015258789,51.59000015258789,51.59000015258789,51.59000015258789,428.0
2024-09-05 13:49:00+00:00,HST,16.78499984741211,16.78499984741211,16.78499984741211,16.780000686645508,16.780000686645508,5596.0
2024-09-05 13:49:00+00:00,LAND,13.5600004196167,13.5600004196167,13.5600004196167,13.5600004196167,13.5600004196167,142.0
2024-09-05 13:49:00+00:00,MDJH,1.0508999824523926,1.0508999824523926,1.0508999824523926,1.0508999824523926,1.0508999824523926,249.0
2024-09-05 13:49:00+00:00,OPEN,1.9799000024795532,1.9799000024795532,1.9800000190734863,1.975000023841858,1.975000023841858,12369.0
2024-09-05 13:49:00+00:00,RDFN,9.607399940490723,9.607399940490723,9.607500076293945,9.604999542236328,9.604999542236328,1951.0
2024-09-05 13:49:00+00:00,REAX,5.704999923706055,5.704999923706055,5.710000038146973,5.704999923706055,5.704999923706055,750.0
2024-09-05 13:49:00+00:00,REFI,15.75,15.75,15.75,15.75,15.75,1064.0
2024-09-05 13:49:00+00:00,REG,73.51000213623047,73.51000213623047,73.52999877929688,73.51000213623047,73.52999877929688,1616.0
2024-09-05 13:49:00+00:00,SBRA,17.450000762939453,17.450000762939453,17.459999084472656,17.450000762939453,17.459999084472656,906.0
2024-09-05 13:49:00+00:00,SVC,4.616600036621094,4.616600036621094,4.619999885559082,4.616600036621094,4.619999885559082,1284.0
2024-09-05 13:49:00+00:00,UNIT,5.385000228881836,5.385000228881836,5.385000228881836,5.385000228881836,5.385000228881836,868.0
2024-09-05 13:49:00+00:00,WHLR,5.454999923706055,5.454999923706055,5.53000020980835,5.409999847412109,5.440000057220459,144221.0
2024-09-05 13:50:00+00:00,AGNC,10.244999885559082,10.244999885559082,10.25,10.24120044708252,10.244999885559082,14864.0
2024-09-05 13:50:00+00:00,AGNCO,24.979999542236328,24.979999542236328,24.989999771118164,24.979999542236328,24.989999771118164,2967.0
2024-09-05 13:50:00+00:00,CSGP,77.30999755859375,77.30999755859375,77.33999633789062,77.30999755859375,77.33999633789062,1514.0
2024-09-05 13:50:00+00:00,DHC,3.2799999713897705,3.2799999713897705,3.2799999713897705,3.2799999713897705,3.2799999713897705,1357.0
2024-09-05 13:50:00+00:00,EXPI,11.626299858093262,11.626299858093262,11.626299858093262,11.611599922180176,11.619999885559082,1581.0
2024-09-05 13:50:00+00:00,GIPR,2.2799999713897705,2.2799999713897705,2.2799999713897705,2.2799999713897705,2.2799999713897705,370.0
2024-09-05 13:50:00+00:00,GLPI,51.599998474121094,51.599998474121094,51.599998474121094,51.59000015258789,51.59000015258789,1072.0
2024-09-05 13:50:00+00:00,GOOD,15.234999656677246,15.234999656677246,15.234999656677246,15.234999656677246,15.234999656677246,138.0
2024-09-05 13:50:00+00:00,HST,16.78499984741211,16.78499984741211,16.78499984741211,16.764999389648438,16.78499984741211,38296.0
2024-09-05 13:50:00+00:00,LSEA,11.529999732971191,11.529999732971191,11.529999732971191,11.529999732971191,11.529999732971191,417.0
2024-09-05 13:50:00+00:00,NMRK,14.229999542236328,14.229999542236328,14.229999542236328,14.229999542236328,14.229999542236328,483.0
2024-09-05 13:50:00+00:00,OPEN,1.975000023841858,1.975000023841858,1.9799000024795532,1.9735000133514404,1.9744999408721924,6745.0
2024-09-05 13:50:00+00:00,PCH,42.779998779296875,42.779998779296875,42.779998779296875,42.779998779296875,42.779998779296875,809.0
2024-09-05 13:50:00+00:00,PECO,37.31999969482422,37.31999969482422,37.31999969482422,37.310001373291016,37.310001373291016,25651.0
2024-09-05 13:50:00+00:00,RDFN,9.595000267028809,9.595000267028809,9.609700202941895,9.59000015258789,9.604999542236328,30424.0
2024-09-05 13:50:00+00:00,REAX,5.704999923706055,5.704999923706055,5.704999923706055,5.704999923706055,5.704999923706055,426.0
2024-09-05 13:50:00+00:00,REG,73.51000213623047,73.51000213623047,73.51000213623047,73.49500274658203,73.5,3258.0
2024-09-05 13:50:00+00:00,ROIC,15.194999694824219,15.194999694824219,15.199999809265137,15.164999961853027,15.170000076293945,21428.0
2024-09-05 13:50:00+00:00,SVC,4.614999771118164,4.614999771118164,4.614999771118164,4.614999771118164,4.614999771118164,221.0
2024-09-05 13:50:00+00:00,UNIT,5.385000228881836,5.385000228881836,5.385000228881836,5.385000228881836,5.385000228881836,2820.0
2024-09-05 13:50:00+00:00,WHLR,5.239999771118164,5.239999771118164,5.499199867248535,5.119999885559082,5.454999923706055,281720.0
2024-09-05 13:51:00+00:00,AGNC,10.244999885559082,10.244999885559082,10.244999885559082,10.239999771118164,10.244999885559082,7676.0
2024-09-05 13:51:00+00:00,AGNCO,24.979999542236328,24.979999542236328,24.979999542236328,24.979999542236328,24.979999542236328,1188.0
2024-09-05 13:51:00+00:00,CIGI,140.89999389648438,140.89999389648438,141.16000366210938,140.89999389648438,141.0399932861328,3309.0
2024-09-05 13:51:00+00:00,CSGP,77.30500030517578,77.30500030517578,77.33999633789062,77.30500030517578,77.33999633789062,1272.0
2024-09-05 13:51:00+00:00,EQIX,821.030029296875,821.030029296875,821.030029296875,821.030029296875,821.030029296875,664.0
2024-09-05 13:51:00+00:00,EXPI,11.630000114440918,11.630000114440918,11.630000114440918,11.630000114440918,11.630000114440918,223.0
2024-09-05 13:51:00+00:00,FTHM,2.809999942779541,2.809999942779541,2.809999942779541,2.7899999618530273,2.7899999618530273,3966.0
2024-09-05 13:51:00+00:00,GLPI,51.59000015258789,51.59000015258789,51.59000015258789,51.59000015258789,51.59000015258789,547.0
2024-09-05 13:51:00+00:00,LAND,13.569999694824219,13.569999694824219,13.569999694824219,13.569999694824219,13.569999694824219,394.0
2024-09-05 13:51:00+00:00,OPEN,1.975000023841858,1.975000023841858,1.9800000190734863,1.9700000286102295,1.970900058746338,6678.0
2024-09-05 13:51:00+00:00,OPI,2.134999990463257,2.134999990463257,2.134999990463257,2.134999990463257,2.134999990463257,234.0
2024-09-05 13:51:00+00:00,RDFN,9.600000381469727,9.600000381469727,9.600000381469727,9.595000267028809,9.595000267028809,3965.0
2024-09-05 13:51:00+00:00,REAX,5.704999923706055,5.704999923706055,5.710000038146973,5.704999923706055,5.710000038146973,419.0
2024-09-05 13:51:00+00:00,ROIC,15.1899995803833,15.1899995803833,15.194999694824219,15.1899995803833,15.194999694824219,372.0
2024-09-05 13:51:00+00:00,SBAC,233.55499267578125,233.55499267578125,233.75999450683594,233.55499267578125,233.75999450683594,1395.0
2024-09-05 13:51:00+00:00,SBRA,17.454999923706055,17.454999923706055,17.454999923706055,17.454999923706055,17.454999923706055,668.0
2024-09-05 13:51:00+00:00,SVC,4.614999771118164,4.614999771118164,4.614999771118164,4.614999771118164,4.614999771118164,897.0
2024-09-05 13:51:00+00:00,UNIT,5.385000228881836,5.385000228881836,5.385000228881836,5.380000114440918,5.380000114440918,1756.0
2024-09-05 13:51:00+00:00,WHLR,5.269999980926514,5.269999980926514,5.340000152587891,5.210100173950195,5.2104997634887695,73323.0
2024-09-05 13:52:00+00:00,AGNC,10.244999885559082,10.244999885559082,10.25,10.239999771118164,10.244999885559082,4246.0
2024-09-05 13:52:00+00:00,CSGP,77.33000183105469,77.33000183105469,77.33000183105469,77.33000183105469,77.33000183105469,1963.0
2024-09-05 13:52:00+00:00,FTHM,2.869999885559082,2.869999885559082,2.890000104904175,2.869999885559082,2.880000114440918,1100.0
2024-09-05 13:52:00+00:00,GLPI,51.56999969482422,51.56999969482422,51.56999969482422,51.560001373291016,51.56999969482422,3019.0
2024-09-05 13:52:00+00:00,GOOD,15.25,15.25,15.25,15.234999656677246,15.239899635314941,2300.0
2024-09-05 13:52:00+00:00,HST,16.78499984741211,16.78499984741211,16.78499984741211,16.78499984741211,16.78499984741211,683.0
2024-09-05 13:52:00+00:00,NMRK,14.220000267028809,14.220000267028809,14.220000267028809,14.220000267028809,14.220000267028809,215.0
2024-09-05 13:52:00+00:00,OPEN,1.975000023841858,1.975000023841858,1.9800000190734863,1.975000023841858,1.9800000190734863,2142.0
2024-09-05 13:52:00+00:00,RDFN,9.604999542236328,9.604999542236328,9.604999542236328,9.597000122070312,9.600000381469727,1514.0
2024-09-05 13:52:00+00:00,REAX,5.710000038146973,5.710000038146973,5.710000038146973,5.710000038146973,5.710000038146973,123.0
2024-09-05 13:52:00+00:00,ROIC,15.180000305175781,15.180000305175781,15.1899995803833,15.180000305175781,15.1899995803833,2767.0
2024-09-05 13:52:00+00:00,SBAC,233.3699951171875,233.3699951171875,233.55499267578125,233.3699951171875,233.55499267578125,347.0
2024-09-05 13:52:00+00:00,SBRA,17.459999084472656,17.459999084472656,17.459999084472656,17.459999084472656,17.459999084472656,217.0
2024-09-05 13:52:00+00:00,UNIT,5.385000228881836,5.385000228881836,5.389999866485596,5.380000114440918,5.389999866485596,9267.0
2024-09-05 13:52:00+00:00,WHLR,5.21999979019165,5.21999979019165,5.329999923706055,5.21999979019165,5.31279993057251,102153.0
2024-09-05 13:53:00+00:00,AGNC,10.239999771118164,10.239999771118164,10.25,10.239999771118164,10.244999885559082,35691.0
2024-09-05 13:53:00+00:00,AGNCO,24.979999542236328,24.979999542236328,24.979999542236328,24.979999542236328,24.979999542236328,856.0
2024-09-05 13:53:00+00:00,ASPS,1.090000033378601,1.090000033378601,1.090000033378601,1.090000033378601,1.090000033378601,199.0
2024-09-05 13:53:00+00:00,CSGP,77.3499984741211,77.3499984741211,77.36000061035156,77.31999969482422,77.36000061035156,773.0
2024-09-05 13:53:00+00:00,EXPI,11.649999618530273,11.649999618530273,11.649999618530273,11.649999618530273,11.649999618530273,1049.0
2024-09-05 13:53:00+00:00,FTHM,2.875,2.875,2.875,2.875,2.875,1000.0
2024-09-05 13:53:00+00:00,GLPI,51.54999923706055,51.54999923706055,51.56999969482422,51.54999923706055,51.56999969482422,914.0
2024-09-05 13:53:00+00:00,GOOD,15.260000228881836,15.260000228881836,15.260000228881836,15.260000228881836,15.260000228881836,332.0
2024-09-05 13:53:00+00:00,HST,16.78499984741211,16.78499984741211,16.78499984741211,16.780099868774414,16.780099868774414,1479.0
2024-09-05 13:53:00+00:00,LAMR,124.62999725341797,124.62999725341797,124.62999725341797,124.62999725341797,124.62999725341797,232.0
2024-09-05 13:53:00+00:00,NMRK,14.225000381469727,14.225000381469727,14.225000381469727,14.225000381469727,14.225000381469727,581.0
2024-09-05 13:53:00+00:00,NYMTZ,19.506999969482422,19.506999969482422,19.506999969482422,19.506999969482422,19.506999969482422,1502.0
2024-09-05 13:53:00+00:00,OPEN,1.975000023841858,1.975000023841858,1.975000023841858,1.9700000286102295,1.9700000286102295,9153.0
2024-09-05 13:53:00+00:00,PECO,37.31999969482422,37.31999969482422,37.31999969482422,37.31999969482422,37.31999969482422,348.0
2024-09-05 13:53:00+00:00,RDFN,9.607500076293945,9.607500076293945,9.607500076293945,9.595000267028809,9.600000381469727,2002.0
2024-09-05 13:53:00+00:00,REAX,5.704999923706055,5.704999923706055,5.710000038146973,5.704999923706055,5.710000038146973,2713.0
2024-09-05 13:53:00+00:00,REG,73.5199966430664,73.5199966430664,73.56500244140625,73.5199966430664,73.55999755859375,2173.0
2024-09-05 13:53:00+00:00,ROIC,15.1850004196167,15.1850004196167,15.1850004196167,15.175000190734863,15.180000305175781,4296.0
2024-09-05 13:53:00+00:00,SBAC,233.44000244140625,233.44000244140625,233.50999450683594,233.44000244140625,233.50999450683594,709.0
2024-09-05 13:53:00+00:00,SBRA,17.44499969482422,17.44499969482422,17.454999923706055,17.440000534057617,17.454999923706055,3135.0
2024-09-05 13:53:00+00:00,UNIT,5.380000114440918,5.380000114440918,5.385000228881836,5.380000114440918,5.385000228881836,2017.0
2024-09-05 13:53:00+00:00,WHLR,5.031000137329102,5.031000137329102,5.260000228881836,5.031000137329102,5.21019983291626,220200.0
2024-09-05 13:53:00+00:00,WHLRP,2.700000047683716,2.700000047683716,2.700000047683716,2.700000047683716,2.700000047683716,530.0
2024-09-05 13:54:00+00:00,AGNC,10.25,10.25,10.25,10.239999771118164,10.244999885559082,7208.0
2024-09-05 13:54:00+00:00,AGNCO,24.979999542236328,24.979999542236328,24.979999542236328,24.979999542236328,24.979999542236328,896.0
2024-09-05 13:54:00+00:00,CSGP,77.36000061035156,77.36000061035156,77.36000061035156,77.33499908447266,77.33499908447266,596.0
2024-09-05 13:54:00+00:00,DHC,3.265000104904175,3.265000104904175,3.2699999809265137,3.265000104904175,3.2699999809265137,1994.0
2024-09-05 13:54:00+00:00,EXPI,11.640000343322754,11.640000343322754,11.640000343322754,11.640000343322754,11.640000343322754,2004.0
2024-09-05 13:54:00+00:00,FSV,178.3699951171875,178.3699951171875,178.3699951171875,178.3699951171875,178.3699951171875,445.0
2024-09-05 13:54:00+00:00,FTHM,2.880000114440918,2.880000114440918,2.9100000858306885,2.880000114440918,2.880000114440918,1047.0
2024-09-05 13:54:00+00:00,GLPI,51.540000915527344,51.540000915527344,51.540000915527344,51.540000915527344,51.540000915527344,1010.0
2024-09-05 13:54:00+00:00,GOOD,15.26200008392334,15.26200008392334,15.26200008392334,15.26200008392334,15.26200008392334,6304.0
2024-09-05 13:54:00+00:00,HST,16.774999618530273,16.774999618530273,16.78499984741211,16.774999618530273,16.78499984741211,10115.0
2024-09-05 13:54:00+00:00,ILPT,4.909999847412109,4.909999847412109,4.909999847412109,4.909999847412109,4.909999847412109,526.0
2024-09-05 13:54:00+00:00,LAMR,124.52999877929688,124.52999877929688,124.52999877929688,124.52999877929688,124.52999877929688,216.0
2024-09-05 13:54:00+00:00,LSEA,11.550000190734863,11.550000190734863,11.550000190734863,11.539999961853027,11.539999961853027,638.0
2024-09-05 13:54:00+00:00,NMRK,14.229999542236328,14.229999542236328,14.229999542236328,14.220000267028809,14.225000381469727,3707.0
2024-09-05 13:54:00+00:00,OPEN,1.975000023841858,1.975000023841858,1.9800000190734863,1.9700000286102295,1.9800000190734863,33892.0
2024-09-05 13:54:00+00:00,OPI,2.134999990463257,2.134999990463257,2.134999990463257,2.134999990463257,2.134999990463257,206.0
2024-09-05 13:54:00+00:00,PCH,42.75,42.75,42.75,42.75,42.75,225.0
2024-09-05 13:54:00+00:00,RDFN,9.595000267028809,9.595000267028809,9.607500076293945,9.595000267028809,9.604999542236328,3850.0
2024-09-05 13:54:00+00:00,REAX,5.704999923706055,5.704999923706055,5.710000038146973,5.704999923706055,5.710000038146973,0.0
2024-09-05 13:54:00+00:00,REG,73.53500366210938,73.53500366210938,73.54000091552734,73.5199966430664,73.5199966430664,1500.0
2024-09-05 13:54:00+00:00,RMR,24.610000610351562,24.610000610351562,24.610000610351562,24.610000610351562,24.610000610351562,104.0
2024-09-05 13:54:00+00:00,SBAC,233.00999450683594,233.00999450683594,233.38999938964844,233.00999450683594,233.35000610351562,4386.0
2024-09-05 13:54:00+00:00,SBRA,17.44499969482422,17.44499969482422,17.44499969482422,17.44499969482422,17.44499969482422,664.0
2024-09-05 13:54:00+00:00,SVC,4.614999771118164,4.614999771118164,4.614999771118164,4.614999771118164,4.614999771118164,340.0
2024-09-05 13:54:00+00:00,UNIT,5.394999980926514,5.394999980926514,5.400000095367432,5.385000228881836,5.385000228881836,10033.0
2024-09-05 13:54:00+00:00,WHLR,5.151000022888184,5.151000022888184,5.179999828338623,5.03000020980835,5.0320000648498535,105976.0
2024-09-05 13:55:00+00:00,AGNC,10.243000030517578,10.243000030517578,10.249899864196777,10.239999771118164,10.244999885559082,73797.0
2024-09-05 13:55:00+00:00,CIGI,140.86000061035156,140.86000061035156,140.86000061035156,140.86000061035156,140.86000061035156,775.0
2024-09-05 13:55:00+00:00,CSGP,77.36000061035156,77.36000061035156,77.37000274658203,77.33000183105469,77.3499984741211,1865.0
2024-09-05 13:55:00+00:00,DHC,3.265000104904175,3.265000104904175,3.265000104904175,3.265000104904175,3.265000104904175,823.0
2024-09-05 13:55:00+00:00,EQIX,819.8800048828125,819.8800048828125,819.8800048828125,819.8800048828125,819.8800048828125,704.0
2024-09-05 13:55:00+00:00,FTHM,2.880000114440918,2.880000114440918,2.9100000858306885,2.880000114440918,2.9100000858306885,2150.0
2024-09-05 13:55:00+00:00,GLPI,51.54999923706055,51.54999923706055,51.54999923706055,51.540000915527344,51.540000915527344,2251.0
2024-09-05 13:55:00+00:00,GOOD,15.260000228881836,15.260000228881836,15.260000228881836,15.260000228881836,15.260000228881836,783.0
2024-09-05 13:55:00+00:00,HST,16.774999618530273,16.774999618530273,16.774999618530273,16.770000457763672,16.770000457763672,4033.0
2024-09-05 13:55:00+00:00,LAMR,124.58999633789062,124.58999633789062,124.58999633789062,124.58999633789062,124.58999633789062,548.0
2024-09-05 13:55:00+00:00,NMRK,14.229999542236328,14.229999542236328,14.229999542236328,14.225000381469727,14.229999542236328,2325.0
2024-09-05 13:55:00+00:00,OPEN,1.975000023841858,1.975000023841858,1.975000023841858,1.9701999425888062,1.9701999425888062,2358.0
2024-09-05 13:55:00+00:00,OPI,2.134999990463257,2.134999990463257,2.134999990463257,2.134999990463257,2.134999990463257,214.0
2024-09-05 13:55:00+00:00,PCH,42.72999954223633,42.72999954223633,42.72999954223633,42.72999954223633,42.72999954223633,354.0
2024-09-05 13:55:00+00:00,PECO,37.33000183105469,37.33000183105469,37.33000183105469,37.33000183105469,37.33000183105469,824.0
2024-09-05 13:55:00+00:00,RDFN,9.600000381469727,9.600000381469727,9.600000381469727,9.59000015258789,9.595000267028809,6759.0
2024-09-05 13:55:00+00:00,REAX,5.710000038146973,5.710000038146973,5.710000038146973,5.710000038146973,5.710000038146973,569.0
2024-09-05 13:55:00+00:00,REG,73.5,73.5,73.54000091552734,73.5,73.54000091552734,1278.0
2024-09-05 13:55:00+00:00,SBAC,233.15499877929688,233.15499877929688,233.15499877929688,233.11000061035156,233.11000061035156,3182.0
2024-09-05 13:55:00+00:00,SBRA,17.44499969482422,17.44499969482422,17.44499969482422,17.44499969482422,17.44499969482422,704.0
2024-09-05 13:55:00+00:00,SVC,4.614999771118164,4.614999771118164,4.619999885559082,4.614999771118164,4.619999885559082,871.0
2024-09-05 13:55:00+00:00,UNIT,5.389999866485596,5.389999866485596,5.400000095367432,5.389999866485596,5.394999980926514,2681.0
2024-09-05 13:55:00+00:00,WHLR,5.25,5.25,5.25,5.099999904632568,5.150000095367432,124978.0
2024-09-05 13:56:00+00:00,AFCG,10.345000267028809,10.345000267028809,10.345000267028809,10.345000267028809,10.345000267028809,367.0
2024-09-05 13:56:00+00:00,AGNC,10.234999656677246,10.234999656677246,10.244999885559082,10.229999542236328,10.244999885559082,144107.0
2024-09-05 13:56:00+00:00,CSGP,77.30999755859375,77.30999755859375,77.36499786376953,77.30999755859375,77.36499786376953,5122.0
2024-09-05 13:56:00+00:00,EXPI,11.645000457763672,11.645000457763672,11.645000457763672,11.645000457763672,11.645000457763672,583.0
2024-09-05 13:56:00+00:00,HST,16.774999618530273,16.774999618530273,16.774999618530273,16.770000457763672,16.774999618530273,2215.0
2024-09-05 13:56:00+00:00,NMRK,14.234999656677246,14.234999656677246,14.234999656677246,14.234999656677246,14.234999656677246,211.0
2024-09-05 13:56:00+00:00,NYMT,6.409999847412109,6.409999847412109,6.409999847412109,6.409999847412109,6.409999847412109,1405.0
2024-09-05 13:56:00+00:00,OPEN,1.9799000024795532,1.9799000024795532,1.9800000190734863,1.9701000452041626,1.975000023841858,48408.0
2024-09-05 13:56:00+00:00,RDFN,9.607500076293945,9.607500076293945,9.607500076293945,9.600000381469727,9.604999542236328,6907.0
2024-09-05 13:56:00+00:00,REG,73.51000213623047,73.51000213623047,73.51000213623047,73.48999786376953,73.51000213623047,1482.0
2024-09-05 13:56:00+00:00,SBAC,233.0500030517578,233.0500030517578,233.0500030517578,233.0500030517578,233.0500030517578,527.0
2024-09-05 13:56:00+00:00,SBRA,17.44499969482422,17.44499969482422,17.44499969482422,17.44499969482422,17.44499969482422,531.0
2024-09-05 13:56:00+00:00,SVC,4.614999771118164,4.614999771118164,4.614999771118164,4.614999771118164,4.614999771118164,386.0
2024-09-05 13:56:00+00:00,UNIT,5.385000228881836,5.385000228881836,5.394999980926514,5.382999897003174,5.389999866485596,15549.0
2024-09-05 13:56:00+00:00,WHLR,5.245699882507324,5.245699882507324,5.269999980926514,5.210000038146973,5.21999979019165,99516.0
2024-09-05 13:56:00+00:00,WHLRD,19.399999618530273,19.399999618530273,19.399999618530273,19.399999618530273,19.399999618530273,300.0
2024-09-05 13:57:00+00:00,AGNC,10.239999771118164,10.239999771118164,10.239999771118164,10.234999656677246,10.239999771118164,101964.0
2024-09-05 13:57:00+00:00,CSGP,77.37000274658203,77.37000274658203,77.37000274658203,77.30999755859375,77.31999969482422,2552.0
2024-09-05 13:57:00+00:00,EXPI,11.649999618530273,11.649999618530273,11.649999618530273,11.645000457763672,11.645000457763672,1240.0
2024-09-05 13:57:00+00:00,FSV,178.27999877929688,178.27999877929688,178.27999877929688,178.27999877929688,178.27999877929688,311.0
2024-09-05 13:57:00+00:00,GLPI,51.54999923706055,51.54999923706055,51.54999923706055,51.54999923706055,51.54999923706055,1014.0
2024-09-05 13:57:00+00:00,HST,16.774999618530273,16.774999618530273,16.774999618530273,16.774999618530273,16.774999618530273,3988.0
2024-09-05 13:57:00+00:00,ILPT,4.90500020980835,4.90500020980835,4.90500020980835,4.90500020980835,4.90500020980835,748.0
2024-09-05 13:57:00+00:00,NMRK,14.244999885559082,14.244999885559082,14.244999885559082,14.232500076293945,14.232500076293945,1598.0
2024-09-05 13:57:00+00:00,NYMT,6.40500020980835,6.40500020980835,6.40500020980835,6.40500020980835,6.40500020980835,0.0
2024-09-05 13:57:00+00:00,OPEN,1.9800000190734863,1.9800000190734863,1.9800000190734863,1.9700000286102295,1.975000023841858,44799.0
2024-09-05 13:57:00+00:00,PCH,42.73500061035156,42.73500061035156,42.73500061035156,42.73500061035156,42.73500061035156,987.0
2024-09-05 13:57:00+00:00,RDFN,9.627099990844727,9.627099990844727,9.627099990844727,9.609999656677246,9.609999656677246,5985.0
2024-09-05 13:57:00+00:00,REAX,5.715000152587891,5.715000152587891,5.71999979019165,5.704999923706055,5.704999923706055,3185.0
2024-09-05 13:57:00+00:00,ROIC,15.1850004196167,15.1850004196167,15.1850004196167,15.1850004196167,15.1850004196167,2067.0
2024-09-05 13:57:00+00:00,SBAC,233.07000732421875,233.07000732421875,233.07000732421875,233.07000732421875,233.07000732421875,601.0
2024-09-05 13:57:00+00:00,SBRA,17.44499969482422,17.44499969482422,17.44499969482422,17.44499969482422,17.44499969482422,391.0
2024-09-05 13:57:00+00:00,UNIT,5.385000228881836,5.385000228881836,5.389999866485596,5.385000228881836,5.389999866485596,5427.0
2024-09-05 13:57:00+00:00,WHLR,5.218500137329102,5.218500137329102,5.289999961853027,5.210000038146973,5.25,92642.0
2024-09-05 13:58:00+00:00,AGNC,10.239999771118164,10.239999771118164,10.244999885559082,10.239899635314941,10.239999771118164,55013.0
2024-09-05 13:58:00+00:00,CSGP,77.36000061035156,77.36000061035156,77.37000274658203,77.36000061035156,77.36000061035156,786.0
2024-09-05 13:58:00+00:00,EQIX,819.7899780273438,819.7899780273438,819.7899780273438,819.7899780273438,819.7899780273438,332.0
2024-09-05 13:58:00+00:00,EXPI,11.65999984741211,11.65999984741211,11.664999961853027,11.65999984741211,11.65999984741211,999.0
2024-09-05 13:58:00+00:00,GLPI,51.564998626708984,51.564998626708984,51.56999969482422,51.54999923706055,51.54999923706055,2585.0
2024-09-05 13:58:00+00:00,HST,16.78499984741211,16.78499984741211,16.790000915527344,16.774999618530273,16.774999618530273,16383.0
2024-09-05 13:58:00+00:00,ILPT,4.914999961853027,4.914999961853027,4.914999961853027,4.909999847412109,4.909999847412109,728.0
2024-09-05 13:58:00+00:00,LAMR,124.63999938964844,124.63999938964844,124.63999938964844,124.63999938964844,124.63999938964844,474.0
2024-09-05 13:58:00+00:00,LSEA,11.569999694824219,11.569999694824219,11.569999694824219,11.569999694824219,11.569999694824219,573.0
2024-09-05 13:58:00+00:00,NMRK,14.25,14.25,14.255000114440918,14.244999885559082,14.244999885559082,1939.0
2024-09-05 13:58:00+00:00,NYMT,6.408999919891357,6.408999919891357,6.408999919891357,6.408999919891357,6.408999919891357,370.0
2024-09-05 13:58:00+00:00,OPEN,1.9850000143051147,1.9850000143051147,1.9900000095367432,1.9735000133514404,1.9800000190734863,103157.0
2024-09-05 13:58:00+00:00,OPI,2.130000114440918,2.130000114440918,2.130000114440918,2.130000114440918,2.130000114440918,156.0
2024-09-05 13:58:00+00:00,RDFN,9.635000228881836,9.635000228881836,9.640000343322754,9.619999885559082,9.625,5040.0
2024-09-05 13:58:00+00:00,REAX,5.71999979019165,5.71999979019165,5.71999979019165,5.715000152587891,5.715000152587891,1533.0
2024-09-05 13:58:00+00:00,REFI,15.760000228881836,15.760000228881836,15.760000228881836,15.760000228881836,15.760000228881836,265.0
2024-09-05 13:58:00+00:00,REG,73.54019927978516,73.54019927978516,73.54499816894531,73.54019927978516,73.54499816894531,988.0
2024-09-05 13:58:00+00:00,RMR,24.600000381469727,24.600000381469727,24.600000381469727,24.600000381469727,24.600000381469727,121.0
2024-09-05 13:58:00+00:00,ROIC,15.1850004196167,15.1850004196167,15.1850004196167,15.1850004196167,15.1850004196167,203.0
2024-09-05 13:58:00+00:00,SBAC,233.22999572753906,233.22999572753906,233.22999572753906,233.22999572753906,233.22999572753906,635.0
2024-09-05 13:58:00+00:00,SBRA,17.454999923706055,17.454999923706055,17.454999923706055,17.450000762939453,17.450000762939453,1846.0
2024-09-05 13:58:00+00:00,SVC,4.625,4.625,4.627999782562256,4.619999885559082,4.619999885559082,4667.0
2024-09-05 13:58:00+00:00,UNIT,5.385000228881836,5.385000228881836,5.394999980926514,5.380000114440918,5.385000228881836,8119.0
2024-09-05 13:58:00+00:00,WHLR,5.369999885559082,5.369999885559082,5.449999809265137,5.210000038146973,5.210000038146973,234371.0
2024-09-05 13:59:00+00:00,AFCG,10.354999542236328,10.354999542236328,10.354999542236328,10.354999542236328,10.354999542236328,248.0
2024-09-05 13:59:00+00:00,CSGP,77.3550033569336,77.3550033569336,77.36000061035156,77.3550033569336,77.36000061035156,1299.0
2024-09-05 13:59:00+00:00,DUO,0.4000000059604645,0.4000000059604645,0.4000000059604645,0.4000000059604645,0.4000000059604645,0.0
2024-09-05 13:59:00+00:00,EQIX,820.719970703125,820.719970703125,820.719970703125,820.719970703125,820.719970703125,525.0
2024-09-05 13:59:00+00:00,EXPI,11.654000282287598,11.654000282287598,11.654000282287598,11.654000282287598,11.654000282287598,210.0
2024-09-05 13:59:00+00:00,FSV,178.66000366210938,178.66000366210938,178.66000366210938,178.38999938964844,178.44000244140625,1848.0
2024-09-05 13:59:00+00:00,GOOD,15.260000228881836,15.260000228881836,15.260000228881836,15.260000228881836,15.260000228881836,561.0
2024-09-05 13:59:00+00:00,HST,16.78499984741211,16.78499984741211,16.78499984741211,16.780000686645508,16.78499984741211,79869.0
2024-09-05 13:59:00+00:00,HTIA,15.369999885559082,15.369999885559082,15.369999885559082,15.369999885559082,15.369999885559082,369.0
2024-09-05 13:59:00+00:00,ILPT,4.909900188446045,4.909900188446045,4.914999961853027,4.90500020980835,4.909999847412109,2100.0
2024-09-05 13:59:00+00:00,LAND,13.5600004196167,13.5600004196167,13.5600004196167,13.5600004196167,13.5600004196167,395.0
2024-09-05 13:59:00+00:00,NMRK,14.255000114440918,14.255000114440918,14.255000114440918,14.25,14.25,548.0
2024-09-05 13:59:00+00:00,OPEN,1.9850000143051147,1.9850000143051147,1.9852999448776245,1.9800000190734863,1.9850000143051147,25825.0
2024-09-05 13:59:00+00:00,OPI,2.140000104904175,2.140000104904175,2.140000104904175,2.140000104904175,2.140000104904175,1567.0
2024-09-05 13:59:00+00:00,RDFN,9.654999732971191,9.654999732971191,9.654999732971191,9.630000114440918,9.630000114440918,17290.0
2024-09-05 13:59:00+00:00,REAX,5.704999923706055,5.704999923706055,5.710000038146973,5.704999923706055,5.710000038146973,1964.0
2024-09-05 13:59:00+00:00,ROIC,15.1850004196167,15.1850004196167,15.1850004196167,15.1850004196167,15.1850004196167,560.0
2024-09-05 13:59:00+00:00,SBAC,233.07000732421875,233.07000732421875,233.07000732421875,233.07000732421875,233.07000732421875,831.0
2024-09-05 13:59:00+00:00,SBRA,17.454999923706055,17.454999923706055,17.459999084472656,17.454999923706055,17.459999084472656,1645.0
2024-09-05 13:59:00+00:00,UNIT,5.385000228881836,5.385000228881836,5.385000228881836,5.380000114440918,5.385000228881836,1676.0
2024-09-05 13:59:00+00:00,WHLR,5.260000228881836,5.260000228881836,5.449999809265137,5.25,5.389999866485596,161474.0
2024-09-05 14:00:00+00:00,AGNC,10.244999885559082,10.244999885559082,10.25,10.240099906921387,10.244999885559082,4846.0
2024-09-05 14:00:00+00:00,CSGP,77.38999938964844,77.38999938964844,77.3949966430664,77.37999725341797,77.37999725341797,1789.0
2024-09-05 14:00:00+00:00,DHC,3.2750000953674316,3.2750000953674316,3.2750000953674316,3.2699999809265137,3.2699999809265137,706.0
2024-09-05 14:00:00+00:00,EQIX,821.280029296875,821.280029296875,821.280029296875,821.280029296875,821.280029296875,402.0
2024-09-05 14:00:00+00:00,EXPI,11.677900314331055,11.677900314331055,11.680000305175781,11.654999732971191,11.654999732971191,1712.0
2024-09-05 14:00:00+00:00,FTHM,2.9100000858306885,2.9100000858306885,2.9100000858306885,2.9100000858306885,2.9100000858306885,3222.0
2024-09-05 14:00:00+00:00,GLPI,51.560001373291016,51.560001373291016,51.58000183105469,51.560001373291016,51.560001373291016,2927.0
2024-09-05 14:00:00+00:00,HST,16.77989959716797,16.77989959716797,16.795000076293945,16.764999389648438,16.790000915527344,45106.0
2024-09-05 14:00:00+00:00,ILPT,4.925000190734863,4.925000190734863,4.925000190734863,4.9197998046875,4.9197998046875,9846.0
2024-09-05 14:00:00+00:00,LAND,13.569999694824219,13.569999694824219,13.569999694824219,13.5600004196167,13.5600004196167,823.0
2024-09-05 14:00:00+00:00,LOAN,5.20550012588501,5.20550012588501,5.21560001373291,5.20550012588501,5.210000038146973,1427.0
2024-09-05 14:00:00+00:00,LSEA,11.569999694824219,11.569999694824219,11.569999694824219,11.569999694824219,11.569999694824219,1122.0
2024-09-05 14:00:00+00:00,NMRK,14.25,14.25,14.260000228881836,14.25,14.260000228881836,2733.0
2024-09-05 14:00:00+00:00,NYMT,6.409999847412109,6.409999847412109,6.414999961853027,6.409999847412109,6.409999847412109,4936.0
2024-09-05 14:00:00+00:00,OPEN,1.9900000095367432,1.9900000095367432,1.9900000095367432,1.9850000143051147,1.9850000143051147,13181.0
2024-09-05 14:00:00+00:00,PECO,37.349998474121094,37.349998474121094,37.349998474121094,37.33000183105469,37.34000015258789,1717.0
2024-09-05 14:00:00+00:00,RDFN,9.670000076293945,9.670000076293945,9.689900398254395,9.654999732971191,9.654999732971191,13536.0
2024-09-05 14:00:00+00:00,REAX,5.699999809265137,5.699999809265137,5.704999923706055,5.699999809265137,5.699999809265137,2083.0
2024-09-05 14:00:00+00:00,REFI,15.760000228881836,15.760000228881836,15.760000228881836,15.760000228881836,15.760000228881836,229.0
2024-09-05 14:00:00+00:00,REG,73.56500244140625,73.56500244140625,73.56500244140625,73.54499816894531,73.54499816894531,580.0
2024-09-05 14:00:00+00:00,RMR,24.6299991607666,24.6299991607666,24.6299991607666,24.6299991607666,24.6299991607666,458.0
2024-09-05 14:00:00+00:00,ROIC,15.1850004196167,15.1850004196167,15.1850004196167,15.1850004196167,15.1850004196167,351.0
2024-09-05 14:00:00+00:00,SOHO,1.222000002861023,1.222000002861023,1.222000002861023,1.222000002861023,1.222000002861023,1000.0
2024-09-05 14:00:00+00:00,UNIT,5.375,5.375,5.389999866485596,5.371200084686279,5.385000228881836,15982.0
2024-09-05 14:00:00+00:00,WHLR,5.269999980926514,5.269999980926514,5.380000114440918,5.25,5.339900016784668,102828.0
2024-09-05 14:01:00+00:00,AGNC,10.244999885559082,10.244999885559082,10.25,10.239999771118164,10.244999885559082,19791.0
2024-09-05 14:01:00+00:00,CSGP,77.38999938964844,77.38999938964844,77.3949966430664,77.37000274658203,77.37999725341797,2316.0
2024-09-05 14:01:00+00:00,DHC,3.2750000953674316,3.2750000953674316,3.2750000953674316,3.2750000953674316,3.2750000953674316,1081.0
2024-09-05 14:01:00+00:00,EXPI,11.65999984741211,11.65999984741211,11.680000305175781,11.65999984741211,11.680000305175781,2465.0
2024-09-05 14:01:00+00:00,GLPI,51.560001373291016,51.560001373291016,51.560001373291016,51.55500030517578,51.560001373291016,1427.0
2024-09-05 14:01:00+00:00,GOOD,15.260000228881836,15.260000228881836,15.260000228881836,15.260000228881836,15.260000228881836,836.0
2024-09-05 14:01:00+00:00,HST,16.769899368286133,16.769899368286133,16.770000457763672,16.75,16.770000457763672,28850.0
2024-09-05 14:01:00+00:00,LAMR,124.63500213623047,124.63500213623047,124.63500213623047,124.63500213623047,124.63500213623047,325.0
2024-09-05 14:01:00+00:00,NMRK,14.244999885559082,14.244999885559082,14.244999885559082,14.239999771118164,14.239999771118164,1943.0
2024-09-05 14:01:00+00:00,NYMT,6.400000095367432,6.400000095367432,6.409999847412109,6.400000095367432,6.409999847412109,3686.0
2024-09-05 14:01:00+00:00,OPEN,1.9850000143051147,1.9850000143051147,1.9900000095367432,1.9800000190734863,1.9850000143051147,23077.0
2024-09-05 14:01:00+00:00,PCH,42.720001220703125,42.720001220703125,42.720001220703125,42.720001220703125,42.720001220703125,1475.0
2024-09-05 14:01:00+00:00,PECO,37.31999969482422,37.31999969482422,37.31999969482422,37.31999969482422,37.31999969482422,406.0
2024-09-05 14:01:00+00:00,RDFN,9.664999961853027,9.664999961853027,9.670000076293945,9.65999984741211,9.65999984741211,5396.0
2024-09-05 14:01:00+00:00,REFI,15.729999542236328,15.729999542236328,15.75,15.729999542236328,15.75,717.0
2024-09-05 14:01:00+00:00,REG,73.5250015258789,73.5250015258789,73.55000305175781,73.5199966430664,73.55000305175781,2170.0
2024-09-05 14:01:00+00:00,ROIC,15.170000076293945,15.170000076293945,15.1899995803833,15.170000076293945,15.180000305175781,2936.0
2024-09-05 14:01:00+00:00,SBAC,233.46499633789062,233.46499633789062,233.5,233.17999267578125,233.17999267578125,3018.0
2024-09-05 14:01:00+00:00,SBRA,17.440000534057617,17.440000534057617,17.450000762939453,17.440000534057617,17.450000762939453,3825.0
2024-09-05 14:01:00+00:00,SOHO,1.2200000286102295,1.2200000286102295,1.2200000286102295,1.2200000286102295,1.2200000286102295,779.0
2024-09-05 14:01:00+00:00,SVC,4.625,4.625,4.625,4.619999885559082,4.625,3414.0
2024-09-05 14:01:00+00:00,UNIT,5.375,5.375,5.375,5.369999885559082,5.373000144958496,4107.0
2024-09-05 14:01:00+00:00,WHLR,5.159999847412109,5.159999847412109,5.349999904632568,5.150000095367432,5.260000228881836,110026.0
2024-09-05 14:02:00+00:00,AGNC,10.244999885559082,10.244999885559082,10.244999885559082,10.239999771118164,10.244999885559082,5760.0
2024-09-05 14:02:00+00:00,CSGP,77.36000061035156,77.36000061035156,77.37000274658203,77.3499984741211,77.3499984741211,1272.0
2024-09-05 14:02:00+00:00,EQIX,820.1799926757812,820.1799926757812,820.1799926757812,820.1799926757812,820.1799926757812,200.0
2024-09-05 14:02:00+00:00,EXPI,11.656299591064453,11.656299591064453,11.65999984741211,11.656299591064453,11.65999984741211,722.0
2024-09-05 14:02:00+00:00,HST,16.7549991607666,16.7549991607666,16.760000228881836,16.7544002532959,16.760000228881836,6935.0
2024-09-05 14:02:00+00:00,ILPT,4.920000076293945,4.920000076293945,4.920000076293945,4.920000076293945,4.920000076293945,107.0
2024-09-05 14:02:00+00:00,LAMR,124.63999938964844,124.63999938964844,124.63999938964844,124.63999938964844,124.63999938964844,125.0
2024-09-05 14:02:00+00:00,NYMT,6.394999980926514,6.394999980926514,6.394999980926514,6.394999980926514,6.394999980926514,203.0
2024-09-05 14:02:00+00:00,OPEN,1.9835000038146973,1.9835000038146973,1.9850000143051147,1.9800000190734863,1.9800000190734863,61505.0
2024-09-05 14:02:00+00:00,PECO,37.31999969482422,37.31999969482422,37.31999969482422,37.310001373291016,37.31999969482422,948.0
2024-09-05 14:02:00+00:00,RDFN,9.670000076293945,9.670000076293945,9.680000305175781,9.65999984741211,9.664999961853027,14285.0
2024-09-05 14:02:00+00:00,REG,73.5199966430664,73.5199966430664,73.54000091552734,73.5199966430664,73.52249908447266,3156.0
2024-09-05 14:02:00+00:00,RMR,24.600000381469727,24.600000381469727,24.610000610351562,24.600000381469727,24.610000610351562,1128.0
2024-09-05 14:02:00+00:00,ROIC,15.170000076293945,15.170000076293945,15.170000076293945,15.170000076293945,15.170000076293945,2755.0
2024-09-05 14:02:00+00:00,SVC,4.625,4.625,4.625,4.625,4.625,1041.0
2024-09-05 14:02:00+00:00,UNIT,5.375,5.375,5.375,5.369999885559082,5.375,13944.0
2024-09-05 14:02:00+00:00,WHLR,5.230000019073486,5.230000019073486,5.309999942779541,5.170000076293945,5.191500186920166,94360.0
2024-09-05 14:02:00+00:00,WHLRD,19.350000381469727,19.350000381469727,19.350000381469727,19.350000381469727,19.350000381469727,200.0
2024-09-05 14:03:00+00:00,AFCG,10.354999542236328,10.354999542236328,10.354999542236328,10.354999542236328,10.354999542236328,140.0
2024-09-05 14:03:00+00:00,AGNC,10.244999885559082,10.244999885559082,10.244999885559082,10.240099906921387,10.244999885559082,6631.0
2024-09-05 14:03:00+00:00,CSGP,77.36000061035156,77.36000061035156,77.36499786376953,77.36000061035156,77.36499786376953,774.0
2024-09-05 14:03:00+00:00,EXPI,11.65999984741211,11.65999984741211,11.65999984741211,11.649999618530273,11.649999618530273,1597.0
2024-09-05 14:03:00+00:00,GLPI,51.560001373291016,51.560001373291016,51.560001373291016,51.54999923706055,51.54999923706055,1363.0
2024-09-05 14:03:00+00:00,HST,16.7549991607666,16.7549991607666,16.760000228881836,16.7549991607666,16.760000228881836,2128.0
2024-09-05 14:03:00+00:00,LAMR,124.72000122070312,124.72000122070312,124.72000122070312,124.72000122070312,124.72000122070312,184.0
2024-09-05 14:03:00+00:00,NMRK,14.242500305175781,14.242500305175781,14.244999885559082,14.239999771118164,14.239999771118164,1388.0
2024-09-05 14:03:00+00:00,NYMT,6.394999980926514,6.394999980926514,6.394999980926514,6.394999980926514,6.394999980926514,539.0
2024-09-05 14:03:00+00:00,OPEN,1.9850000143051147,1.9850000143051147,1.9850000143051147,1.9800000190734863,1.9850000143051147,6358.0
2024-09-05 14:03:00+00:00,OPI,2.1449999809265137,2.1449999809265137,2.1449999809265137,2.140000104904175,2.140000104904175,12160.0
2024-09-05 14:03:00+00:00,PECO,37.29999923706055,37.29999923706055,37.29999923706055,37.29999923706055,37.29999923706055,355.0
2024-09-05 14:03:00+00:00,RDFN,9.680000305175781,9.680000305175781,9.680000305175781,9.65999984741211,9.664999961853027,3400.0
2024-09-05 14:03:00+00:00,REAX,5.695000171661377,5.695000171661377,5.695000171661377,5.690000057220459,5.690000057220459,847.0
2024-09-05 14:03:00+00:00,REFI,15.720000267028809,15.720000267028809,15.720000267028809,15.720000267028809,15.720000267028809,207.0
2024-09-05 14:03:00+00:00,REG,73.53500366210938,73.53500366210938,73.53500366210938,73.53500366210938,73.53500366210938,457.0
2024-09-05 14:03:00+00:00,UNIT,5.375,5.375,5.375,5.370100021362305,5.375,1318.0
2024-09-05 14:03:00+00:00,WHLR,5.199999809265137,5.199999809265137,5.309999942779541,5.159999847412109,5.240300178527832,141436.0
2024-09-05 14:04:00+00:00,AGNC,10.244999885559082,10.244999885559082,10.244999885559082,10.241100311279297,10.244999885559082,4803.0
2024-09-05 14:04:00+00:00,CSGP,77.3499984741211,77.3499984741211,77.3499984741211,77.33999633789062,77.3499984741211,841.0
2024-09-05 14:04:00+00:00,EQIX,820.219970703125,820.219970703125,820.219970703125,820.219970703125,820.219970703125,292.0
2024-09-05 14:04:00+00:00,EXPI,11.659500122070312,11.659500122070312,11.659500122070312,11.659500122070312,11.659500122070312,603.0
2024-09-05 14:04:00+00:00,GLPI,51.55099868774414,51.55099868774414,51.55500030517578,51.55099868774414,51.55500030517578,338.0
2024-09-05 14:04:00+00:00,HST,16.7549991607666,16.7549991607666,16.756000518798828,16.7549991607666,16.7549991607666,4199.0
2024-09-05 14:04:00+00:00,LSEA,11.550000190734863,11.550000190734863,11.550000190734863,11.550000190734863,11.550000190734863,777.0
2024-09-05 14:04:00+00:00,NMRK,14.234999656677246,14.234999656677246,14.239999771118164,14.229999542236328,14.239999771118164,4247.0
2024-09-05 14:04:00+00:00,OPEN,1.9850000143051147,1.9850000143051147,1.9850000143051147,1.9850000143051147,1.9850000143051147,1032.0
2024-09-05 14:04:00+00:00,PECO,37.29999923706055,37.29999923706055,37.29999923706055,37.29999923706055,37.29999923706055,162.0
2024-09-05 14:04:00+00:00,RDFN,9.670000076293945,9.670000076293945,9.673299789428711,9.670000076293945,9.670000076293945,5632.0
2024-09-05 14:04:00+00:00,SBAC,233.4499969482422,233.4499969482422,233.4499969482422,233.35000610351562,233.35000610351562,1740.0
2024-09-05 14:04:00+00:00,SBRA,17.44499969482422,17.44499969482422,17.44499969482422,17.44499969482422,17.44499969482422,249.0
2024-09-05 14:04:00+00:00,SVC,4.625,4.625,4.625,4.625,4.625,316.0
2024-09-05 14:04:00+00:00,UNIT,5.375,5.375,5.375,5.375,5.375,4655.0
2024-09-05 14:04:00+00:00,WHLR,5.278299808502197,5.278299808502197,5.300000190734863,5.179999828338623,5.19950008392334,125858.0
2024-09-05 14:04:00+00:00,WHLRD,19.350000381469727,19.350000381469727,19.350000381469727,19.350000381469727,19.350000381469727,2714.0
2024-09-05 14:04:00+00:00,WHLRP,2.722599983215332,2.722599983215332,2.722599983215332,2.722599983215332,2.722599983215332,900.0
2024-09-05 14:05:00+00:00,AGNC,10.244999885559082,10.244999885559082,10.25,10.239999771118164,10.244999885559082,5270.0
2024-09-05 14:05:00+00:00,CSGP,77.31999969482422,77.31999969482422,77.3550033569336,77.31999969482422,77.3499984741211,3519.0
2024-09-05 14:05:00+00:00,DUO,0.4002000093460083,0.4002000093460083,0.4002000093460083,0.4002000093460083,0.4002000093460083,901.0
2024-09-05 14:05:00+00:00,EQIX,820.2999877929688,820.2999877929688,820.2999877929688,820.2999877929688,820.2999877929688,269.0
2024-09-05 14:05:00+00:00,EXPI,11.65999984741211,11.65999984741211,11.65999984741211,11.649999618530273,11.649999618530273,836.0
2024-09-05 14:05:00+00:00,HST,16.75659942626953,16.75659942626953,16.75659942626953,16.7549991607666,16.7549991607666,2724.0
2024-09-05 14:05:00+00:00,NMRK,14.244999885559082,14.244999885559082,14.244999885559082,14.244999885559082,14.244999885559082,395.0
2024-09-05 14:05:00+00:00,NYMT,6.400000095367432,6.400000095367432,6.400000095367432,6.400000095367432,6.400000095367432,118.0
2024-09-05 14:05:00+00:00,OPEN,1.9850000143051147,1.9850000143051147,1.9852999448776245,1.9850000143051147,1.9850000143051147,2416.0
2024-09-05 14:05:00+00:00,OPI,2.140000104904175,2.140000104904175,2.1449999809265137,2.140000104904175,2.140000104904175,539.0
2024-09-05 14:05:00+00:00,PECO,37.310001373291016,37.310001373291016,37.310001373291016,37.310001373291016,37.310001373291016,357.0
2024-09-05 14:05:00+00:00,RDFN,9.675000190734863,9.675000190734863,9.675000190734863,9.675000190734863,9.675000190734863,4034.0
2024-09-05 14:05:00+00:00,REAX,5.704999923706055,5.704999923706055,5.704999923706055,5.695000171661377,5.695000171661377,1277.0
2024-09-05 14:05:00+00:00,REG,73.55000305175781,73.55000305175781,73.55000305175781,73.54000091552734,73.54000091552734,1584.0
2024-09-05 14:05:00+00:00,SBRA,17.44499969482422,17.44499969482422,17.44499969482422,17.44499969482422,17.44499969482422,141.0
2024-09-05 14:05:00+00:00,UNIT,5.385000228881836,5.385000228881836,5.385000228881836,5.375,5.375,20717.0
2024-09-05 14:05:00+00:00,WHLR,5.170000076293945,5.170000076293945,5.279900074005127,5.170000076293945,5.2789998054504395,141169.0
2024-09-05 14:06:00+00:00,AFCG,10.354999542236328,10.354999542236328,10.354999542236328,10.354999542236328,10.354999542236328,131.0
2024-09-05 14:06:00+00:00,AGNC,10.244999885559082,10.244999885559082,10.25,10.239999771118164,10.239999771118164,9019.0
2024-09-05 14:06:00+00:00,AGNCL,24.229999542236328,24.229999542236328,24.229999542236328,24.229999542236328,24.229999542236328,300.0
2024-09-05 14:06:00+00:00,CSGP,77.36000061035156,77.36000061035156,77.36000061035156,77.36000061035156,77.36000061035156,809.0
2024-09-05 14:06:00+00:00,DUO,0.4009999930858612,0.4009999930858612,0.4050000011920929,0.4009999930858612,0.4050000011920929,2402.0
2024-09-05 14:06:00+00:00,EQIX,821.3250122070312,821.3250122070312,821.3250122070312,821.3250122070312,821.3250122070312,327.0
2024-09-05 14:06:00+00:00,EXPI,11.640000343322754,11.640000343322754,11.65999984741211,11.640000343322754,11.65999984741211,1853.0
2024-09-05 14:06:00+00:00,FTHM,2.9200000762939453,2.9200000762939453,2.9200000762939453,2.9000000953674316,2.9100000858306885,1967.0
2024-09-05 14:06:00+00:00,GLPI,51.555198669433594,51.555198669433594,51.560001373291016,51.55500030517578,51.560001373291016,2310.0
2024-09-05 14:06:00+00:00,HST,16.75,16.75,16.75550079345703,16.75,16.75,3589.0
2024-09-05 14:06:00+00:00,LAMR,124.6500015258789,124.6500015258789,124.6500015258789,124.6500015258789,124.6500015258789,526.0
2024-09-05 14:06:00+00:00,NMRK,14.244999885559082,14.244999885559082,14.244999885559082,14.244999885559082,14.244999885559082,1180.0
2024-09-05 14:06:00+00:00,NYMT,6.394999980926514,6.394999980926514,6.394999980926514,6.394999980926514,6.394999980926514,1084.0
2024-09-05 14:06:00+00:00,OPEN,1.9850000143051147,1.9850000143051147,1.9900000095367432,1.9800000190734863,1.9900000095367432,7068.0
2024-09-05 14:06:00+00:00,RDFN,9.6850004196167,9.6850004196167,9.6850004196167,9.670000076293945,9.670000076293945,5748.0
2024-09-05 14:06:00+00:00,REG,73.55500030517578,73.55500030517578,73.55999755859375,73.55500030517578,73.55999755859375,1016.0
2024-09-05 14:06:00+00:00,ROIC,15.164999961853027,15.164999961853027,15.164999961853027,15.15999984741211,15.15999984741211,2194.0
2024-09-05 14:06:00+00:00,SBAC,233.5800018310547,233.5800018310547,233.5800018310547,233.5800018310547,233.5800018310547,158.0
2024-09-05 14:06:00+00:00,SBRA,17.454999923706055,17.454999923706055,17.454999923706055,17.44499969482422,17.450000762939453,2839.0
2024-09-05 14:06:00+00:00,SVC,4.625,4.625,4.625,4.625,4.625,1022.0
2024-09-05 14:06:00+00:00,UNIT,5.385000228881836,5.385000228881836,5.389999866485596,5.380499839782715,5.385000228881836,12580.0
2024-09-05 14:06:00+00:00,WHLR,5.380000114440918,5.380000114440918,5.409999847412109,5.187900066375732,5.210000038146973,179692.0
2024-09-05 14:07:00+00:00,AGNC,10.244999885559082,10.244999885559082,10.25,10.239999771118164,10.243200302124023,19016.0
2024-09-05 14:07:00+00:00,CIGI,140.77999877929688,140.77999877929688,140.77999877929688,140.77999877929688,140.77999877929688,163.0
2024-09-05 14:07:00+00:00,CSGP,77.3499984741211,77.3499984741211,77.36000061035156,77.31999969482422,77.3499984741211,1832.0
2024-09-05 14:07:00+00:00,EQIX,820.5800170898438,820.5800170898438,820.5800170898438,820.5800170898438,820.5800170898438,779.0
2024-09-05 14:07:00+00:00,EXPI,11.649999618530273,11.649999618530273,11.65999984741211,11.649999618530273,11.65999984741211,332.0
2024-09-05 14:07:00+00:00,FRPH,28.920000076293945,28.920000076293945,28.920000076293945,28.920000076293945,28.920000076293945,872.0
2024-09-05 14:07:00+00:00,GLPI,51.564998626708984,51.564998626708984,51.57500076293945,51.55500030517578,51.55500030517578,36026.0
2024-09-05 14:07:00+00:00,HST,16.767000198364258,16.767000198364258,16.770000457763672,16.7549991607666,16.7549991607666,16967.0
2024-09-05 14:07:00+00:00,NMRK,14.234999656677246,14.234999656677246,14.255000114440918,14.234999656677246,14.25,4685.0
2024-09-05 14:07:00+00:00,OPEN,1.9850000143051147,1.9850000143051147,1.9850000143051147,1.9800000190734863,1.9800000190734863,4438.0
2024-09-05 14:07:00+00:00,OPI,2.140000104904175,2.140000104904175,2.140000104904175,2.140000104904175,2.140000104904175,411.0
2024-09-05 14:07:00+00:00,RDFN,9.6850004196167,9.6850004196167,9.689900398254395,9.6850004196167,9.689900398254395,1686.0
2024-09-05 14:07:00+00:00,REAX,5.704999923706055,5.704999923706055,5.704999923706055,5.704999923706055,5.704999923706055,582.0
2024-09-05 14:07:00+00:00,ROIC,15.15999984741211,15.15999984741211,15.164999961853027,15.15999984741211,15.164999961853027,1341.0
2024-09-05 14:07:00+00:00,SBAC,233.75,233.75,233.75,233.64999389648438,233.64999389648438,1391.0
2024-09-05 14:07:00+00:00,UNIT,5.380199909210205,5.380199909210205,5.388800144195557,5.380199909210205,5.385000228881836,4531.0
2024-09-05 14:07:00+00:00,WHLR,5.269999980926514,5.269999980926514,5.389999866485596,5.210999965667725,5.360000133514404,135156.0
2024-09-05 14:08:00+00:00,AGNC,10.244999885559082,10.244999885559082,10.25,10.244999885559082,10.244999885559082,4745.0
2024-09-05 14:08:00+00:00,CSGP,77.41999816894531,77.41999816894531,77.41999816894531,77.36000061035156,77.36000061035156,2162.0
2024-09-05 14:08:00+00:00,EXPI,11.65999984741211,11.65999984741211,11.65999984741211,11.65999984741211,11.65999984741211,743.0
2024-09-05 14:08:00+00:00,FTHM,2.9000000953674316,2.9000000953674316,2.9000000953674316,2.9000000953674316,2.9000000953674316,700.0
2024-09-05 14:08:00+00:00,GLPI,51.564998626708984,51.564998626708984,51.59000015258789,51.564998626708984,51.564998626708984,4442.0
2024-09-05 14:08:00+00:00,HST,16.764999389648438,16.764999389648438,16.780000686645508,16.764999389648438,16.764999389648438,21004.0
2024-09-05 14:08:00+00:00,LAMR,124.68000030517578,124.68000030517578,124.68000030517578,124.68000030517578,124.68000030517578,195.0
2024-09-05 14:08:00+00:00,LSEA,11.520000457763672,11.520000457763672,11.520000457763672,11.520000457763672,11.520000457763672,699.0
2024-09-05 14:08:00+00:00,NMRK,14.229999542236328,14.229999542236328,14.229999542236328,14.229999542236328,14.229999542236328,467.0
2024-09-05 14:08:00+00:00,OPEN,1.9900000095367432,1.9900000095367432,1.9900000095367432,1.9850000143051147,1.9850000143051147,34731.0
2024-09-05 14:08:00+00:00,OPI,2.1498000621795654,2.1498000621795654,2.1498000621795654,2.1498000621795654,2.1498000621795654,157.0
2024-09-05 14:08:00+00:00,PECO,37.33000183105469,37.33000183105469,37.33000183105469,37.31999969482422,37.31999969482422,1269.0
2024-09-05 14:08:00+00:00,RDFN,9.69950008392334,9.69950008392334,9.69950008392334,9.670000076293945,9.6850004196167,8103.0
2024-09-05 14:08:00+00:00,REAX,5.710000038146973,5.710000038146973,5.710000038146973,5.699999809265137,5.699999809265137,1090.0
2024-09-05 14:08:00+00:00,REG,73.59500122070312,73.59500122070312,73.59500122070312,73.55999755859375,73.55999755859375,1114.0
2024-09-05 14:08:00+00:00,ROIC,15.164999961853027,15.164999961853027,15.164999961853027,15.15999984741211,15.164999961853027,995.0
2024-09-05 14:08:00+00:00,SBAC,234.1199951171875,234.1199951171875,234.1199951171875,234.00999450683594,234.02000427246094,2193.0
2024-09-05 14:08:00+00:00,SBRA,17.46500015258789,17.46500015258789,17.46500015258789,17.454999923706055,17.454999923706055,2263.0
2024-09-05 14:08:00+00:00,SVC,4.625,4.625,4.630000114440918,4.625,4.625,1227.0
2024-09-05 14:08:00+00:00,UNIT,5.389999866485596,5.389999866485596,5.389999866485596,5.385000228881836,5.385000228881836,2453.0
2024-09-05 14:08:00+00:00,WHLR,5.110000133514404,5.110000133514404,5.369999885559082,5.090000152587891,5.260200023651123,205202.0
2024-09-05 14:08:00+00:00,WHLRD,19.549999237060547,19.549999237060547,19.549999237060547,19.521099090576172,19.521099090576172,0.0
2024-09-05 14:09:00+00:00,AFCG,10.354999542236328,10.354999542236328,10.354999542236328,10.354999542236328,10.354999542236328,275.0
2024-09-05 14:09:00+00:00,AGNC,10.244999885559082,10.244999885559082,10.244999885559082,10.239999771118164,10.244999885559082,4951.0
2024-09-05 14:09:00+00:00,AGNCN,25.764999389648438,25.764999389648438,25.764999389648438,25.764999389648438,25.764999389648438,2000.0
2024-09-05 14:09:00+00:00,CIGI,140.8000030517578,140.8000030517578,140.8000030517578,140.8000030517578,140.8000030517578,125.0
2024-09-05 14:09:00+00:00,CSGP,77.37999725341797,77.37999725341797,77.41960144042969,77.37999725341797,77.41960144042969,1012.0
2024-09-05 14:09:00+00:00,EXPI,11.649999618530273,11.649999618530273,11.649999618530273,11.649999618530273,11.649999618530273,1768.0
2024-09-05 14:09:00+00:00,FSV,178.67999267578125,178.67999267578125,178.67999267578125,178.67999267578125,178.67999267578125,283.0
2024-09-05 14:09:00+00:00,FTHM,2.9200000762939453,2.9200000762939453,2.9200000762939453,2.9100000858306885,2.9200000762939453,18213.0
2024-09-05 14:09:00+00:00,GLPI,51.5099983215332,51.5099983215332,51.56999969482422,51.5099983215332,51.564998626708984,5622.0
2024-09-05 14:09:00+00:00,GOOD,15.260000228881836,15.260000228881836,15.260000228881836,15.260000228881836,15.260000228881836,459.0
2024-09-05 14:09:00+00:00,HST,16.770000457763672,16.770000457763672,16.780000686645508,16.770000457763672,16.770000457763672,12689.0
2024-09-05 14:09:00+00:00,ILPT,4.920000076293945,4.920000076293945,4.920000076293945,4.920000076293945,4.920000076293945,202.0
2024-09-05 14:09:00+00:00,LAMR,124.61799621582031,124.61799621582031,124.61799621582031,124.61799621582031,124.61799621582031,311.0
2024-09-05 14:09:00+00:00,LAND,13.5600004196167,13.5600004196167,13.5600004196167,13.5600004196167,13.5600004196167,274.0
2024-09-05 14:09:00+00:00,NMRK,14.229999542236328,14.229999542236328,14.229999542236328,14.229999542236328,14.229999542236328,240.0
2024-09-05 14:09:00+00:00,OPEN,1.9801000356674194,1.9801000356674194,1.9900000095367432,1.9801000356674194,1.9850000143051147,18433.0
2024-09-05 14:09:00+00:00,OPI,2.144700050354004,2.144700050354004,2.144700050354004,2.144700050354004,2.144700050354004,243.0
2024-09-05 14:09:00+00:00,RDFN,9.6899995803833,9.6899995803833,9.6899995803833,9.680000305175781,9.6899995803833,6617.0
2024-09-05 14:09:00+00:00,REAX,5.704999923706055,5.704999923706055,5.704999923706055,5.704999923706055,5.704999923706055,145.0
2024-09-05 14:09:00+00:00,REG,73.54499816894531,73.54499816894531,73.58999633789062,73.54000091552734,73.58999633789062,4665.0
2024-09-05 14:09:00+00:00,SBAC,234.13999938964844,234.13999938964844,234.22000122070312,234.13999938964844,234.22000122070312,1377.0
2024-09-05 14:09:00+00:00,SBRA,17.450000762939453,17.450000762939453,17.459999084472656,17.450000762939453,17.459999084472656,2040.0
2024-09-05 14:09:00+00:00,SVC,4.625,4.625,4.625,4.619999885559082,4.619999885559082,797.0
2024-09-05 14:09:00+00:00,UNIT,5.389999866485596,5.389999866485596,5.389999866485596,5.380099773406982,5.385000228881836,2285.0
2024-09-05 14:09:00+00:00,WHLR,4.850900173187256,4.850900173187256,5.110000133514404,4.579999923706055,5.110000133514404,411410.0
2024-09-05 14:10:00+00:00,AGNC,10.244999885559082,10.244999885559082,10.25,10.244999885559082,10.244999885559082,5806.0
2024-09-05 14:10:00+00:00,AGNCN,25.790000915527344,25.790000915527344,25.790000915527344,25.790000915527344,25.790000915527344,4.0
2024-09-05 14:10:00+00:00,CSGP,77.36000061035156,77.36000061035156,77.38500213623047,77.36000061035156,77.38500213623047,516.0
2024-09-05 14:10:00+00:00,EQIX,820.3300170898438,820.3300170898438,820.3300170898438,820.3300170898438,820.3300170898438,428.0
2024-09-05 14:10:00+00:00,GLPI,51.52000045776367,51.52000045776367,51.52000045776367,51.51499938964844,51.51499938964844,1356.0
2024-09-05 14:10:00+00:00,HST,16.764999389648438,16.764999389648438,16.770000457763672,16.764999389648438,16.770000457763672,3087.0
2024-09-05 14:10:00+00:00,ILPT,4.925000190734863,4.925000190734863,4.925000190734863,4.925000190734863,4.925000190734863,456.0
2024-09-05 14:10:00+00:00,LAMR,124.625,124.625,124.625,124.625,124.625,361.0
2024-09-05 14:10:00+00:00,NMRK,14.220000267028809,14.220000267028809,14.220000267028809,14.220000267028809,14.220000267028809,1682.0
2024-09-05 14:10:00+00:00,OPEN,1.9850000143051147,1.9850000143051147,1.9900000095367432,1.9850000143051147,1.9900000095367432,5958.0
2024-09-05 14:10:00+00:00,PECO,37.31999969482422,37.31999969482422,37.31999969482422,37.31999969482422,37.31999969482422,742.0
2024-09-05 14:10:00+00:00,RDFN,9.6899995803833,9.6899995803833,9.694999694824219,9.6899995803833,9.694999694824219,8571.0
2024-09-05 14:10:00+00:00,REAX,5.704999923706055,5.704999923706055,5.710000038146973,5.704999923706055,5.710000038146973,1499.0
2024-09-05 14:10:00+00:00,REFI,15.710000038146973,15.710000038146973,15.729999542236328,15.710000038146973,15.710000038146973,1425.0
2024-09-05 14:10:00+00:00,REG,73.52999877929688,73.52999877929688,73.52999877929688,73.52999877929688,73.52999877929688,1144.0
2024-09-05 14:10:00+00:00,SBRA,17.44499969482422,17.44499969482422,17.445199966430664,17.44499969482422,17.445199966430664,456.0
2024-09-05 14:10:00+00:00,SVC,4.630000114440918,4.630000114440918,4.630000114440918,4.619999885559082,4.619999885559082,7774.0
2024-09-05 14:10:00+00:00,UNIT,5.414999961853027,5.414999961853027,5.425000190734863,5.385000228881836,5.389999866485596,66713.0
2024-09-05 14:10:00+00:00,WHLR,4.889999866485596,4.889999866485596,4.940000057220459,4.829999923706055,4.849999904632568,109534.0
2024-09-05 14:11:00+00:00,AGNC,10.244999885559082,10.244999885559082,10.244999885559082,10.244999885559082,10.244999885559082,7143.0
2024-09-05 14:11:00+00:00,CSGP,77.30999755859375,77.30999755859375,77.30999755859375,77.30999755859375,77.30999755859375,927.0
2024-09-05 14:11:00+00:00,DHC,3.265000104904175,3.265000104904175,3.2699999809265137,3.265000104904175,3.2699999809265137,726.0
2024-09-05 14:11:00+00:00,GLPI,51.5,51.5,51.51499938964844,51.5,51.51499938964844,754.0
2024-09-05 14:11:00+00:00,GOOD,15.25,15.25,15.25,15.25,15.25,880.0
2024-09-05 14:11:00+00:00,HST,16.760000228881836,16.760000228881836,16.770000457763672,16.760000228881836,16.770000457763672,1387.0
2024-09-05 14:11:00+00:00,LAMR,124.4800033569336,124.4800033569336,124.55000305175781,124.4800033569336,124.55000305175781,773.0
2024-09-05 14:11:00+00:00,LSEA,11.510000228881836,11.510000228881836,11.510000228881836,11.510000228881836,11.510000228881836,208.0
2024-09-05 14:11:00+00:00,OPEN,1.9850000143051147,1.9850000143051147,1.9900000095367432,1.9800000190734863,1.9900000095367432,4732.0
2024-09-05 14:11:00+00:00,PCH,42.720001220703125,42.720001220703125,42.720001220703125,42.720001220703125,42.720001220703125,1653.0
2024-09-05 14:11:00+00:00,RDFN,9.670000076293945,9.670000076293945,9.699899673461914,9.664999961853027,9.699899673461914,13110.0
2024-09-05 14:11:00+00:00,REG,73.5,73.5,73.5,73.4800033569336,73.4800033569336,819.0
2024-09-05 14:11:00+00:00,ROIC,15.149999618530273,15.149999618530273,15.15999984741211,15.149999618530273,15.15999984741211,3800.0
2024-09-05 14:11:00+00:00,SBAC,233.9600067138672,233.9600067138672,233.9600067138672,233.9600067138672,233.9600067138672,865.0
2024-09-05 14:11:00+00:00,SBRA,17.44499969482422,17.44499969482422,17.44499969482422,17.440000534057617,17.44499969482422,1338.0
2024-09-05 14:11:00+00:00,UNIT,5.40500020980835,5.40500020980835,5.420000076293945,5.40500020980835,5.414999961853027,7365.0
2024-09-05 14:11:00+00:00,WHLR,4.789999961853027,4.789999961853027,4.900000095367432,4.78000020980835,4.900000095367432,89518.0
2024-09-05 14:11:00+00:00,WHLRP,2.609999895095825,2.609999895095825,2.609999895095825,2.609999895095825,2.609999895095825,0.0
2024-09-05 14:12:00+00:00,AFCG,10.354999542236328,10.354999542236328,10.354999542236328,10.354999542236328,10.354999542236328,118.0
2024-09-05 14:12:00+00:00,AGNC,10.25,10.25,10.25,10.239999771118164,10.244999885559082,24027.0
2024-09-05 14:12:00+00:00,BPYPO,13.460000038146973,13.460000038146973,13.470000267028809,13.430000305175781,13.430000305175781,1900.0
2024-09-05 14:12:00+00:00,CSGP,77.27999877929688,77.27999877929688,77.29000091552734,77.27999877929688,77.29000091552734,1137.0
2024-09-05 14:12:00+00:00,DHC,3.265000104904175,3.265000104904175,3.265000104904175,3.265000104904175,3.265000104904175,162.0
2024-09-05 14:12:00+00:00,EQIX,821.2349853515625,821.2349853515625,821.2349853515625,821.2349853515625,821.2349853515625,846.0
2024-09-05 14:12:00+00:00,FSV,178.61000061035156,178.61000061035156,178.61000061035156,178.61000061035156,178.61000061035156,127.0
2024-09-05 14:12:00+00:00,GLPI,51.540000915527344,51.540000915527344,51.540000915527344,51.5,51.5,3965.0
2024-09-05 14:12:00+00:00,HST,16.760000228881836,16.760000228881836,16.764999389648438,16.75,16.760000228881836,15014.0
2024-09-05 14:12:00+00:00,LANDM,24.420000076293945,24.420000076293945,24.440000534057617,24.420000076293945,24.440000534057617,850.0
2024-09-05 14:12:00+00:00,NMRK,14.21500015258789,14.21500015258789,14.21500015258789,14.21500015258789,14.21500015258789,332.0
2024-09-05 14:12:00+00:00,NYMT,6.399899959564209,6.399899959564209,6.399899959564209,6.399899959564209,6.399899959564209,189.0
2024-09-05 14:12:00+00:00,NYMTM,23.96339988708496,23.96339988708496,23.96339988708496,23.96339988708496,23.96339988708496,423.0
2024-09-05 14:12:00+00:00,OPEN,1.9900000095367432,1.9900000095367432,1.9900000095367432,1.9819999933242798,1.9819999933242798,57643.0
2024-09-05 14:12:00+00:00,RDFN,9.681900024414062,9.681900024414062,9.6899995803833,9.670000076293945,9.670000076293945,5315.0
2024-09-05 14:12:00+00:00,REAX,5.704999923706055,5.704999923706055,5.710000038146973,5.704999923706055,5.710000038146973,841.0
2024-09-05 14:12:00+00:00,REG,73.5199966430664,73.5199966430664,73.5199966430664,73.5199966430664,73.5199966430664,1274.0
2024-09-05 14:12:00+00:00,ROIC,15.145000457763672,15.145000457763672,15.145000457763672,15.145000457763672,15.145000457763672,297.0
2024-09-05 14:12:00+00:00,SBAC,233.83999633789062,233.83999633789062,233.9600067138672,233.83999633789062,233.9600067138672,1240.0
2024-09-05 14:12:00+00:00,UNIT,5.40500020980835,5.40500020980835,5.409999847412109,5.400000095367432,5.40500020980835,4956.0
2024-09-05 14:12:00+00:00,WHLR,4.630000114440918,4.630000114440918,4.800000190734863,4.599999904632568,4.78000020980835,277916.0
2024-09-05 14:13:00+00:00,AGNC,10.244999885559082,10.244999885559082,10.25,10.240099906921387,10.244999885559082,9240.0
2024-09-05 14:13:00+00:00,BPYPO,13.470000267028809,13.470000267028809,13.470000267028809,13.470000267028809,13.470000267028809,41.0
2024-09-05 14:13:00+00:00,CIGI,140.88999938964844,140.88999938964844,140.88999938964844,140.88999938964844,140.88999938964844,946.0
2024-09-05 14:13:00+00:00,CSGP,77.30000305175781,77.30000305175781,77.30000305175781,77.30000305175781,77.30000305175781,146.0
2024-09-05 14:13:00+00:00,DHC,3.265000104904175,3.265000104904175,3.265000104904175,3.265000104904175,3.265000104904175,145.0
2024-09-05 14:13:00+00:00,EXPI,11.645000457763672,11.645000457763672,11.645000457763672,11.645000457763672,11.645000457763672,507.0
2024-09-05 14:13:00+00:00,GLPI,51.529998779296875,51.529998779296875,51.529998779296875,51.529998779296875,51.529998779296875,1617.0
2024-09-05 14:13:00+00:00,HST,16.759899139404297,16.759899139404297,16.759899139404297,16.75,16.75,4996.0
2024-09-05 14:13:00+00:00,LAMR,124.5250015258789,124.5250015258789,124.5250015258789,124.5250015258789,124.5250015258789,125.0
2024-09-05 14:13:00+00:00,LAND,13.558899879455566,13.558899879455566,13.558899879455566,13.558899879455566,13.558899879455566,548.0
2024-09-05 14:13:00+00:00,LSEA,11.524999618530273,11.524999618530273,11.524999618530273,11.510000228881836,11.510000228881836,1449.0
2024-09-05 14:13:00+00:00,NMRK,14.21500015258789,14.21500015258789,14.21500015258789,14.21500015258789,14.21500015258789,432.0
2024-09-05 14:13:00+00:00,OPEN,1.9873000383377075,1.9873000383377075,1.9900000095367432,1.9839999675750732,1.9886000156402588,46628.0
2024-09-05 14:13:00+00:00,RDFN,9.682499885559082,9.682499885559082,9.6850004196167,9.682499885559082,9.6850004196167,704.0
2024-09-05 14:13:00+00:00,REG,73.5199966430664,73.5199966430664,73.5199966430664,73.5199966430664,73.5199966430664,430.0
2024-09-05 14:13:00+00:00,ROIC,15.149999618530273,15.149999618530273,15.149999618530273,15.145000457763672,15.149999618530273,7631.0
2024-09-05 14:13:00+00:00,UNIT,5.414999961853027,5.414999961853027,5.420000076293945,5.40500020980835,5.40500020980835,10444.0
2024-09-05 14:13:00+00:00,WHLR,4.7006001472473145,4.7006001472473145,4.730000019073486,4.619999885559082,4.650000095367432,106470.0
2024-09-05 14:14:00+00:00,AGNC,10.244999885559082,10.244999885559082,10.25,10.240099906921387,10.244999885559082,10356.0
2024-09-05 14:14:00+00:00,CSGP,77.27999877929688,77.27999877929688,77.30999755859375,77.27999877929688,77.30999755859375,495.0
2024-09-05 14:14:00+00:00,EXPI,11.640000343322754,11.640000343322754,11.640000343322754,11.640000343322754,11.640000343322754,1653.0
2024-09-05 14:14:00+00:00,FSV,178.52999877929688,178.52999877929688,178.52999877929688,178.52999877929688,178.52999877929688,961.0
2024-09-05 14:14:00+00:00,GLPI,51.47999954223633,51.47999954223633,51.47999954223633,51.47999954223633,51.47999954223633,441.0
2024-09-05 14:14:00+00:00,HST,16.7549991607666,16.7549991607666,16.7549991607666,16.75,16.75,5670.0
2024-09-05 14:14:00+00:00,ILPT,4.914999961853027,4.914999961853027,4.920000076293945,4.914999961853027,4.920000076293945,522.0
2024-09-05 14:14:00+00:00,LAMR,124.56999969482422,124.56999969482422,124.56999969482422,124.56999969482422,124.56999969482422,174.0
2024-09-05 14:14:00+00:00,NMRK,14.210000038146973,14.210000038146973,14.21500015258789,14.210000038146973,14.21500015258789,634.0
2024-09-05 14:14:00+00:00,NYMT,6.393599987030029,6.393599987030029,6.394999980926514,6.393599987030029,6.394999980926514,280.0
2024-09-05 14:14:00+00:00,OPEN,1.9950000047683716,1.9950000047683716,2.0,1.9900000095367432,1.9900000095367432,270803.0
2024-09-05 14:14:00+00:00,PECO,37.290000915527344,37.290000915527344,37.290000915527344,37.290000915527344,37.290000915527344,180.0
2024-09-05 14:14:00+00:00,RDFN,9.664999961853027,9.664999961853027,9.680000305175781,9.664999961853027,9.680000305175781,4933.0
2024-09-05 14:14:00+00:00,REAX,5.699999809265137,5.699999809265137,5.710000038146973,5.699999809265137,5.710000038146973,838.0
2024-09-05 14:14:00+00:00,ROIC,15.149999618530273,15.149999618530273,15.149999618530273,15.149999618530273,15.149999618530273,598.0
2024-09-05 14:14:00+00:00,SBAC,234.08999633789062,234.08999633789062,234.1699981689453,234.0800018310547,234.1699981689453,2930.0
2024-09-05 14:14:00+00:00,SVC,4.625,4.625,4.625,4.619999885559082,4.619999885559082,2107.0
2024-09-05 14:14:00+00:00,UNIT,5.394999980926514,5.394999980926514,5.418799877166748,5.394999980926514,5.414999961853027,9163.0
2024-09-05 14:14:00+00:00,WHLR,4.769999980926514,4.769999980926514,4.78000020980835,4.710000038146973,4.710000038146973,91648.0
2024-09-05 14:15:00+00:00,AEI,1.1496000289916992,1.1496000289916992,1.1496000289916992,1.1496000289916992,1.1496000289916992,119.0
2024-09-05 14:15:00+00:00,AFCG,10.354999542236328,10.354999542236328,10.354999542236328,10.350000381469727,10.350000381469727,564.0
2024-09-05 14:15:00+00:00,AGNC,10.244999885559082,10.244999885559082,10.25,10.239999771118164,10.244999885559082,17096.0
2024-09-05 14:15:00+00:00,CSGP,77.29000091552734,77.29000091552734,77.29000091552734,77.29000091552734,77.29000091552734,475.0
2024-09-05 14:15:00+00:00,DHC,3.265000104904175,3.265000104904175,3.265000104904175,3.265000104904175,3.265000104904175,365.0
2024-09-05 14:15:00+00:00,EXPI,11.630000114440918,11.630000114440918,11.630000114440918,11.630000114440918,11.630000114440918,300.0
2024-09-05 14:15:00+00:00,FSV,178.38999938964844,178.38999938964844,178.47000122070312,178.38999938964844,178.47000122070312,531.0
2024-09-05 14:15:00+00:00,GLPI,51.4900016784668,51.4900016784668,51.4900016784668,51.470001220703125,51.470001220703125,4388.0
2024-09-05 14:15:00+00:00,GOODN,22.940000534057617,22.940000534057617,22.950000762939453,22.940000534057617,22.950000762939453,807.0
2024-09-05 14:15:00+00:00,HST,16.752500534057617,16.752500534057617,16.7549991607666,16.752500534057617,16.7549991607666,3662.0
2024-09-05 14:15:00+00:00,ILPT,4.909999847412109,4.909999847412109,4.909999847412109,4.909999847412109,4.909999847412109,10.0
2024-09-05 14:15:00+00:00,LAMR,124.44999694824219,124.44999694824219,124.44999694824219,124.44999694824219,124.44999694824219,494.0
2024-09-05 14:15:00+00:00,LSEA,11.524999618530273,11.524999618530273,11.524999618530273,11.524999618530273,11.524999618530273,207.0
2024-09-05 14:15:00+00:00,NMRK,14.210000038146973,14.210000038146973,14.210000038146973,14.210000038146973,14.210000038146973,820.0
2024-09-05 14:15:00+00:00,NYMT,6.394999980926514,6.394999980926514,6.394999980926514,6.394999980926514,6.394999980926514,901.0
2024-09-05 14:15:00+00:00,NYMTM,23.96339988708496,23.96339988708496,23.96339988708496,23.96339988708496,23.96339988708496,397.0
2024-09-05 14:15:00+00:00,OPEN,1.9850000143051147,1.9850000143051147,1.9954999685287476,1.9801000356674194,1.9954999685287476,183614.0
2024-09-05 14:15:00+00:00,OPI,2.1449999809265137,2.1449999809265137,2.1449999809265137,2.1449999809265137,2.1449999809265137,154.0
2024-09-05 14:15:00+00:00,PCH,42.68000030517578,42.68000030517578,42.689998626708984,42.68000030517578,42.689998626708984,1047.0
2024-09-05 14:15:00+00:00,PECO,37.29999923706055,37.29999923706055,37.29999923706055,37.29999923706055,37.29999923706055,244.0
2024-09-05 14:15:00+00:00,RDFN,9.670000076293945,9.670000076293945,9.670000076293945,9.664999961853027,9.664999961853027,3281.0
2024-09-05 14:15:00+00:00,REAX,5.699999809265137,5.699999809265137,5.699999809265137,5.699999809265137,5.699999809265137,1918.0
2024-09-05 14:15:00+00:00,REG,73.4749984741211,73.4749984741211,73.4749984741211,73.4749984741211,73.4749984741211,581.0
2024-09-05 14:15:00+00:00,ROIC,15.145000457763672,15.145000457763672,15.145000457763672,15.145000457763672,15.145000457763672,253.0
2024-09-05 14:15:00+00:00,SBRA,17.440000534057617,17.440000534057617,17.440000534057617,17.434999465942383,17.434999465942383,1290.0
2024-09-05 14:15:00+00:00,UNIT,5.394999980926514,5.394999980926514,5.394999980926514,5.394999980926514,5.394999980926514,962.0
2024-09-05 14:15:00+00:00,WHLR,4.969900131225586,4.969900131225586,4.980000019073486,4.769999980926514,4.769999980926514,179509.0
2024-09-05 14:16:00+00:00,AGNC,10.244999885559082,10.244999885559082,10.25,10.244400024414062,10.25,20313.0
2024-09-05 14:16:00+00:00,CSGP,77.29000091552734,77.29000091552734,77.29000091552734,77.29000091552734,77.29000091552734,882.0
2024-09-05 14:16:00+00:00,EXPI,11.65999984741211,11.65999984741211,11.65999984741211,11.640299797058105,11.640299797058105,890.0
2024-09-05 14:16:00+00:00,GLPI,51.51499938964844,51.51499938964844,51.51499938964844,51.4900016784668,51.4900016784668,2686.0
2024-09-05 14:16:00+00:00,HST,16.770000457763672,16.770000457763672,16.770000457763672,16.7549991607666,16.7549991607666,11854.0
2024-09-05 14:16:00+00:00,HTIBP,15.569999694824219,15.569999694824219,15.569999694824219,15.569999694824219,15.569999694824219,1551.0
2024-09-05 14:16:00+00:00,LAMR,124.5,124.5,124.5,124.5,124.5,1285.0
2024-09-05 14:16:00+00:00,LSEA,11.529999732971191,11.529999732971191,11.539999961853027,11.529999732971191,11.539999961853027,590.0
2024-09-05 14:16:00+00:00,NMRK,14.210000038146973,14.210000038146973,14.210000038146973,14.210000038146973,14.210000038146973,573.0
2024-09-05 14:16:00+00:00,NYMT,6.394999980926514,6.394999980926514,6.394999980926514,6.394999980926514,6.394999980926514,117.0
2024-09-05 14:16:00+00:00,OPEN,1.9850000143051147,1.9850000143051147,1.98989999294281,1.9850000143051147,1.9850000143051147,3551.0
2024-09-05 14:16:00+00:00,PECO,37.29999923706055,37.29999923706055,37.29999923706055,37.279998779296875,37.279998779296875,523.0
2024-09-05 14:16:00+00:00,RDFN,9.664999961853027,9.664999961853027,9.675000190734863,9.660099983215332,9.675000190734863,13905.0
2024-09-05 14:16:00+00:00,REAX,5.690000057220459,5.690000057220459,5.690000057220459,5.690000057220459,5.690000057220459,726.0
2024-09-05 14:16:00+00:00,REG,73.4800033569336,73.4800033569336,73.4800033569336,73.4800033569336,73.4800033569336,306.0
2024-09-05 14:16:00+00:00,ROIC,15.145000457763672,15.145000457763672,15.145000457763672,15.145000457763672,15.145000457763672,199.0
2024-09-05 14:16:00+00:00,SBRA,17.440000534057617,17.440000534057617,17.440000534057617,17.440000534057617,17.440000534057617,1897.0
2024-09-05 14:16:00+00:00,SVC,4.625,4.625,4.625,4.625,4.625,1255.0
2024-09-05 14:16:00+00:00,UNIT,5.394999980926514,5.394999980926514,5.400000095367432,5.394999980926514,5.400000095367432,3369.0
2024-09-05 14:16:00+00:00,WHLR,4.994999885559082,4.994999885559082,5.0,4.920000076293945,4.940000057220459,155605.0
2024-09-05 14:17:00+00:00,AEI,1.188099980354309,1.188099980354309,1.188099980354309,1.188099980354309,1.188099980354309,109.0
2024-09-05 14:17:00+00:00,AFCG,10.359999656677246,10.359999656677246,10.359999656677246,10.359999656677246,10.359999656677246,233.0
2024-09-05 14:17:00+00:00,AGNC,10.249899864196777,10.249899864196777,10.25,10.244999885559082,10.249899864196777,38112.0
2024-09-05 14:17:00+00:00,CSGP,77.41999816894531,77.41999816894531,77.41999816894531,77.30999755859375,77.30999755859375,4289.0
2024-09-05 14:17:00+00:00,DHC,3.2750000953674316,3.2750000953674316,3.2750000953674316,3.2699999809265137,3.2699999809265137,1991.0
2024-09-05 14:17:00+00:00,EQIX,821.280029296875,821.280029296875,821.280029296875,821.280029296875,821.280029296875,879.0
2024-09-05 14:17:00+00:00,EXPI,11.670000076293945,11.670000076293945,11.670000076293945,11.670000076293945,11.670000076293945,692.0
2024-09-05 14:17:00+00:00,FTHM,2.990000009536743,2.990000009536743,2.990000009536743,2.990000009536743,2.990000009536743,802.0
2024-09-05 14:17:00+00:00,GLPI,51.540000915527344,51.540000915527344,51.540000915527344,51.52000045776367,51.52000045776367,1368.0
2024-09-05 14:17:00+00:00,GOOD,15.255000114440918,15.255000114440918,15.260000228881836,15.255000114440918,15.255000114440918,896.0
2024-09-05 14:17:00+00:00,HST,16.770000457763672,16.770000457763672,16.770000457763672,16.770000457763672,16.770000457763672,5340.0
2024-09-05 14:17:00+00:00,ILPT,4.920000076293945,4.920000076293945,4.920000076293945,4.920000076293945,4.920000076293945,1864.0
2024-09-05 14:17:00+00:00,LSEA,11.539999961853027,11.539999961853027,11.539999961853027,11.520000457763672,11.520000457763672,636.0
2024-09-05 14:17:00+00:00,NMRK,14.229999542236328,14.229999542236328,14.229999542236328,14.220000267028809,14.220000267028809,1391.0
2024-09-05 14:17:00+00:00,NYMT,6.409999847412109,6.409999847412109,6.409999847412109,6.400000095367432,6.400000095367432,1569.0
2024-09-05 14:17:00+00:00,OPEN,1.98989999294281,1.98989999294281,1.9900000095367432,1.9850000143051147,1.9850000143051147,81964.0
2024-09-05 14:17:00+00:00,PECO,37.31999969482422,37.31999969482422,37.31999969482422,37.310001373291016,37.310001373291016,873.0
2024-09-05 14:17:00+00:00,RDFN,9.704999923706055,9.704999923706055,9.704999923706055,9.670000076293945,9.670000076293945,4867.0
2024-09-05 14:17:00+00:00,REAX,5.695000171661377,5.695000171661377,5.695000171661377,5.690000057220459,5.690000057220459,485.0
2024-09-05 14:17:00+00:00,REG,73.4800033569336,73.4800033569336,73.51000213623047,73.4800033569336,73.51000213623047,4316.0
2024-09-05 14:17:00+00:00,SBAC,234.00999450683594,234.00999450683594,234.00999450683594,234.00999450683594,234.00999450683594,2164.0
2024-09-05 14:17:00+00:00,SBRA,17.450000762939453,17.450000762939453,17.450000762939453,17.450000762939453,17.450000762939453,1536.0
2024-09-05 14:17:00+00:00,SELF,5.179999828338623,5.179999828338623,5.179999828338623,5.179999828338623,5.179999828338623,500.0
2024-09-05 14:17:00+00:00,SVC,4.630000114440918,4.630000114440918,4.630000114440918,4.630000114440918,4.630000114440918,1674.0
2024-09-05 14:17:00+00:00,UNIT,5.409999847412109,5.409999847412109,5.409999847412109,5.394999980926514,5.400000095367432,9803.0
2024-09-05 14:17:00+00:00,WHLR,4.875,4.875,5.090000152587891,4.699999809265137,5.010000228881836,280780.0
2024-09-05 14:18:00+00:00,AFCG,10.354999542236328,10.354999542236328,10.354999542236328,10.354999542236328,10.354999542236328,657.0
2024-09-05 14:18:00+00:00,AGNC,10.244999885559082,10.244999885559082,10.25,10.244999885559082,10.244999885559082,17395.0
2024-09-05 14:18:00+00:00,CSGP,77.41500091552734,77.41500091552734,77.41999816894531,77.41500091552734,77.41500091552734,1181.0
2024-09-05 14:18:00+00:00,EXPI,11.68220043182373,11.68220043182373,11.6850004196167,11.680000305175781,11.6850004196167,400.0
2024-09-05 14:18:00+00:00,FSV,178.375,178.375,178.375,178.375,178.375,371.0
2024-09-05 14:18:00+00:00,GLPI,51.53499984741211,51.53499984741211,51.53499984741211,51.53499984741211,51.53499984741211,571.0
2024-09-05 14:18:00+00:00,GOOD,15.27910041809082,15.27910041809082,15.27910041809082,15.270000457763672,15.270000457763672,1662.0
2024-09-05 14:18:00+00:00,HST,16.770000457763672,16.770000457763672,16.770000457763672,16.764999389648438,16.764999389648438,6458.0
2024-09-05 14:18:00+00:00,LAND,13.5600004196167,13.5600004196167,13.5600004196167,13.5600004196167,13.5600004196167,131.0
2024-09-05 14:18:00+00:00,LSEA,11.555000305175781,11.555000305175781,11.555000305175781,11.550000190734863,11.550000190734863,475.0
2024-09-05 14:18:00+00:00,NMRK,14.239999771118164,14.239999771118164,14.239999771118164,14.234999656677246,14.234999656677246,4869.0
2024-09-05 14:18:00+00:00,NYMT,6.414999961853027,6.414999961853027,6.414999961853027,6.409999847412109,6.409999847412109,3753.0
2024-09-05 14:18:00+00:00,NYMTM,23.975000381469727,23.975000381469727,23.975000381469727,23.975000381469727,23.975000381469727,85.0
2024-09-05 14:18:00+00:00,OPEN,1.999899983406067,1.999899983406067,1.999899983406067,1.9829000234603882,1.9829000234603882,123122.0
2024-09-05 14:18:00+00:00,OPI,2.140000104904175,2.140000104904175,2.140000104904175,2.140000104904175,2.140000104904175,258.0
2024-09-05 14:18:00+00:00,PCH,42.70000076293945,42.70000076293945,42.720001220703125,42.70000076293945,42.720001220703125,441.0
2024-09-05 14:18:00+00:00,RDFN,9.6899995803833,9.6899995803833,9.704999923706055,9.6899995803833,9.704999923706055,2500.0
2024-09-05 14:18:00+00:00,REAX,5.710000038146973,5.710000038146973,5.710000038146973,5.690000057220459,5.690000057220459,2376.0
2024-09-05 14:18:00+00:00,REG,73.51000213623047,73.51000213623047,73.5199966430664,73.51000213623047,73.5199966430664,1576.0
2024-09-05 14:18:00+00:00,ROIC,15.170000076293945,15.170000076293945,15.170000076293945,15.149999618530273,15.149999618530273,4290.0
2024-09-05 14:18:00+00:00,SBAC,233.39999389648438,233.39999389648438,233.80499267578125,233.39999389648438,233.80499267578125,834.0
2024-09-05 14:18:00+00:00,SBRA,17.459999084472656,17.459999084472656,17.459999084472656,17.454999923706055,17.454999923706055,815.0
2024-09-05 14:18:00+00:00,UNIT,5.409999847412109,5.409999847412109,5.409999847412109,5.400100231170654,5.400100231170654,5221.0
2024-09-05 14:18:00+00:00,WHLR,4.839900016784668,4.839900016784668,4.880000114440918,4.75,4.880000114440918,91920.0
2024-09-05 14:19:00+00:00,AGNC,10.25,10.25,10.25,10.244999885559082,10.244999885559082,3233.0
2024-09-05 14:19:00+00:00,CSGP,77.37999725341797,77.37999725341797,77.38999938964844,77.37999725341797,77.38999938964844,2962.0
2024-09-05 14:19:00+00:00,EQIX,821.2949829101562,821.2949829101562,821.2949829101562,821.2949829101562,821.2949829101562,796.0
2024-09-05 14:19:00+00:00,EXPI,11.680000305175781,11.680000305175781,11.680000305175781,11.680000305175781,11.680000305175781,1057.0
2024-09-05 14:19:00+00:00,GLPI,51.54999923706055,51.54999923706055,51.54999923706055,51.529998779296875,51.529998779296875,1147.0
2024-09-05 14:19:00+00:00,HST,16.75,16.75,16.764999389648438,16.75,16.764999389648438,12349.0
2024-09-05 14:19:00+00:00,LAND,13.555000305175781,13.555000305175781,13.555000305175781,13.555000305175781,13.555000305175781,224.0
2024-09-05 14:19:00+00:00,LSEA,11.562000274658203,11.562000274658203,11.562000274658203,11.562000274658203,11.562000274658203,198.0
2024-09-05 14:19:00+00:00,NMRK,14.244999885559082,14.244999885559082,14.244999885559082,14.244999885559082,14.244999885559082,1585.0
2024-09-05 14:19:00+00:00,OPEN,1.9950000047683716,1.9950000047683716,1.9950000047683716,1.9950000047683716,1.9950000047683716,18432.0
2024-09-05 14:19:00+00:00,PCH,42.68000030517578,42.68000030517578,42.68000030517578,42.68000030517578,42.68000030517578,1120.0
2024-09-05 14:19:00+00:00,RDFN,9.6850004196167,9.6850004196167,9.699799537658691,9.680000305175781,9.699799537658691,4268.0
2024-09-05 14:19:00+00:00,REAX,5.704999923706055,5.704999923706055,5.704999923706055,5.704999923706055,5.704999923706055,206.0
2024-09-05 14:19:00+00:00,REG,73.54000091552734,73.54000091552734,73.54000091552734,73.52999877929688,73.54000091552734,2559.0
2024-09-05 14:19:00+00:00,SBAC,233.57000732421875,233.57000732421875,233.57000732421875,233.3000030517578,233.43499755859375,2330.0
2024-09-05 14:19:00+00:00,SBRA,17.459999084472656,17.459999084472656,17.459999084472656,17.459999084472656,17.459999084472656,2239.0
2024-09-05 14:19:00+00:00,SVC,4.625,4.625,4.625,4.625,4.625,417.0
2024-09-05 14:19:00+00:00,UNIT,5.369999885559082,5.369999885559082,5.409999847412109,5.360000133514404,5.40500020980835,81509.0
2024-09-05 14:19:00+00:00,WHLR,4.835000038146973,4.835000038146973,4.869800090789795,4.800000190734863,4.800000190734863,65860.0
2024-09-05 14:20:00+00:00,AGNC,10.244999885559082,10.244999885559082,10.244999885559082,10.239999771118164,10.244999885559082,2236.0
2024-09-05 14:20:00+00:00,EQIX,821.2949829101562,821.2949829101562,821.2949829101562,821.2949829101562,821.2949829101562,659.0
2024-09-05 14:20:00+00:00,EXPI,11.680000305175781,11.680000305175781,11.680000305175781,11.673999786376953,11.673999786376953,1028.0
2024-09-05 14:20:00+00:00,FSV,178.3800048828125,178.3800048828125,178.3800048828125,178.3800048828125,178.3800048828125,458.0
2024-09-05 14:20:00+00:00,FTHM,2.9649999141693115,2.9649999141693115,2.9800000190734863,2.9649999141693115,2.9800000190734863,1801.0
2024-09-05 14:20:00+00:00,GLPI,51.560001373291016,51.560001373291016,51.560001373291016,51.560001373291016,51.560001373291016,503.0
2024-09-05 14:20:00+00:00,GOOD,15.270000457763672,15.270000457763672,15.270000457763672,15.270000457763672,15.270000457763672,1046.0
2024-09-05 14:20:00+00:00,HST,16.760000228881836,16.760000228881836,16.764999389648438,16.760000228881836,16.760000228881836,13831.0
2024-09-05 14:20:00+00:00,ILPT,4.925000190734863,4.925000190734863,4.925000190734863,4.925000190734863,4.925000190734863,823.0
2024-09-05 14:20:00+00:00,LSEA,11.555000305175781,11.555000305175781,11.555000305175781,11.555000305175781,11.555000305175781,134.0
2024-09-05 14:20:00+00:00,OPEN,1.9950000047683716,1.9950000047683716,1.999500036239624,1.9900000095367432,1.9950000047683716,28575.0
2024-09-05 14:20:00+00:00,PECO,37.349998474121094,37.349998474121094,37.349998474121094,37.349998474121094,37.349998474121094,173.0
2024-09-05 14:20:00+00:00,RDFN,9.694999694824219,9.694999694824219,9.694999694824219,9.694999694824219,9.694999694824219,1656.0
2024-09-05 14:20:00+00:00,REAX,5.710000038146973,5.710000038146973,5.710000038146973,5.704999923706055,5.704999923706055,300.0
2024-09-05 14:20:00+00:00,SBAC,233.28500366210938,233.28500366210938,233.36000061035156,233.28500366210938,233.3300018310547,2002.0
2024-09-05 14:20:00+00:00,SBRA,17.46500015258789,17.46500015258789,17.46500015258789,17.459999084472656,17.459999084472656,3348.0
2024-09-05 14:20:00+00:00,SVC,4.625,4.625,4.625,4.625,4.625,175.0
2024-09-05 14:20:00+00:00,UNIT,5.360099792480469,5.360099792480469,5.369999885559082,5.349999904632568,5.364999771118164,34005.0
2024-09-05 14:20:00+00:00,WHLR,4.809999942779541,4.809999942779541,4.840000152587891,4.800000190734863,4.833199977874756,50045.0
2024-09-05 14:21:00+00:00,AGNC,10.244999885559082,10.244999885559082,10.25,10.244999885559082,10.25,3201.0
2024-09-05 14:21:00+00:00,GLPI,51.56529998779297,51.56529998779297,51.56959915161133,51.56529998779297,51.56959915161133,690.0
2024-09-05 14:21:00+00:00,HST,16.7549991607666,16.7549991607666,16.75550079345703,16.75,16.75,9770.0
2024-09-05 14:21:00+00:00,HTIBP,15.699999809265137,15.699999809265137,15.699999809265137,15.699999809265137,15.699999809265137,441.0
2024-09-05 14:21:00+00:00,OPEN,1.9943000078201294,1.9943000078201294,2.0,1.9900000095367432,2.0,7205.0
2024-09-05 14:21:00+00:00,OPI,2.134999990463257,2.134999990463257,2.140000104904175,2.134999990463257,2.140000104904175,5061.0
2024-09-05 14:21:00+00:00,PCH,42.68000030517578,42.68000030517578,42.68000030517578,42.68000030517578,42.68000030517578,755.0
2024-09-05 14:21:00+00:00,PECO,37.33000183105469,37.33000183105469,37.349998474121094,37.33000183105469,37.349998474121094,1746.0
2024-09-05 14:21:00+00:00,RDFN,9.680000305175781,9.680000305175781,9.6899995803833,9.680000305175781,9.6899995803833,1708.0
2024-09-05 14:21:00+00:00,REAX,5.699999809265137,5.699999809265137,5.704999923706055,5.699999809265137,5.704999923706055,471.0
2024-09-05 14:21:00+00:00,ROIC,15.1850004196167,15.1850004196167,15.1850004196167,15.1850004196167,15.1850004196167,113.0
2024-09-05 14:21:00+00:00,SBAC,233.56500244140625,233.56500244140625,233.66000366210938,233.56500244140625,233.66000366210938,2778.0
2024-09-05 14:21:00+00:00,SBRA,17.454999923706055,17.454999923706055,17.459999084472656,17.450000762939453,17.459999084472656,1616.0
2024-09-05 14:21:00+00:00,SELF,5.159999847412109,5.159999847412109,5.159999847412109,5.159999847412109,5.159999847412109,0.0
2024-09-05 14:21:00+00:00,SVC,4.619999885559082,4.619999885559082,4.619999885559082,4.619999885559082,4.619999885559082,216.0
2024-09-05 14:21:00+00:00,UNIT,5.360000133514404,5.360000133514404,5.361199855804443,5.360000133514404,5.361199855804443,1817.0
2024-09-05 14:21:00+00:00,WHLR,4.824999809265137,4.824999809265137,4.824999809265137,4.740099906921387,4.800000190734863,82256.0
2024-09-05 14:22:00+00:00,AFCG,10.354999542236328,10.354999542236328,10.354999542236328,10.354999542236328,10.354999542236328,200.0
2024-09-05 14:22:00+00:00,AGNC,10.244999885559082,10.244999885559082,10.25,10.239999771118164,10.244999885559082,84478.0
2024-09-05 14:22:00+00:00,CMCT,1.9270999431610107,1.9270999431610107,1.9900000095367432,1.9270999431610107,1.9900000095367432,304.0
2024-09-05 14:22:00+00:00,CSGP,77.44000244140625,77.44000244140625,77.44999694824219,77.38999938964844,77.38999938964844,2418.0
2024-09-05 14:22:00+00:00,DHC,3.2750000953674316,3.2750000953674316,3.2750000953674316,3.2750000953674316,3.2750000953674316,253.0
2024-09-05 14:22:00+00:00,EXPI,11.6899995803833,11.6899995803833,11.6899995803833,11.6899995803833,11.6899995803833,707.0
2024-09-05 14:22:00+00:00,GLPI,51.56999969482422,51.56999969482422,51.56999969482422,51.560001373291016,51.560001373291016,670.0
2024-09-05 14:22:00+00:00,GOOD,15.25629997253418,15.25629997253418,15.25629997253418,15.25629997253418,15.25629997253418,241.0
2024-09-05 14:22:00+00:00,HST,16.7450008392334,16.7450008392334,16.75,16.7450008392334,16.75,9303.0
2024-09-05 14:22:00+00:00,ILPT,4.920000076293945,4.920000076293945,4.920000076293945,4.920000076293945,4.920000076293945,330.0
2024-09-05 14:22:00+00:00,LSEA,11.550000190734863,11.550000190734863,11.550000190734863,11.550000190734863,11.550000190734863,191.0
2024-09-05 14:22:00+00:00,NMRK,14.244999885559082,14.244999885559082,14.246000289916992,14.239999771118164,14.246000289916992,1603.0
2024-09-05 14:22:00+00:00,OPEN,1.9950000047683716,1.9950000047683716,2.0,1.9901000261306763,2.0,11330.0
2024-09-05 14:22:00+00:00,OPI,2.140000104904175,2.140000104904175,2.140000104904175,2.140000104904175,2.140000104904175,201.0
2024-09-05 14:22:00+00:00,RDFN,9.694999694824219,9.694999694824219,9.694999694824219,9.6850004196167,9.687999725341797,3099.0
2024-09-05 14:22:00+00:00,REAX,5.699999809265137,5.699999809265137,5.699999809265137,5.695000171661377,5.699999809265137,2781.0
2024-09-05 14:22:00+00:00,REG,73.5,73.5,73.5,73.5,73.5,288.0
2024-09-05 14:22:00+00:00,ROIC,15.1850004196167,15.1850004196167,15.1850004196167,15.1850004196167,15.1850004196167,301.0
2024-09-05 14:22:00+00:00,SBRA,17.459999084472656,17.459999084472656,17.459999084472656,17.459999084472656,17.459999084472656,462.0
2024-09-05 14:22:00+00:00,SELF,5.190000057220459,5.190000057220459,5.190000057220459,5.175000190734863,5.175000190734863,1461.0
2024-09-05 14:22:00+00:00,SVC,4.619999885559082,4.619999885559082,4.625,4.619999885559082,4.625,3217.0
2024-09-05 14:22:00+00:00,UNIT,5.364999771118164,5.364999771118164,5.369900226593018,5.364999771118164,5.369900226593018,5975.0
2024-09-05 14:22:00+00:00,WHLR,4.921000003814697,4.921000003814697,4.929999828338623,4.800000190734863,4.824999809265137,74788.0
2024-09-05 14:22:00+00:00,WHLRP,2.75,2.75,2.75,2.75,2.75,1315.0
2024-09-05 14:23:00+00:00,AFCG,10.357199668884277,10.357199668884277,10.357199668884277,10.357199668884277,10.357199668884277,565.0
2024-09-05 14:23:00+00:00,AGNC,10.244999885559082,10.244999885559082,10.244999885559082,10.244999885559082,10.244999885559082,3358.0
2024-09-05 14:23:00+00:00,CSGP,77.43000030517578,77.43000030517578,77.45999908447266,77.43000030517578,77.45999908447266,1185.0
2024-09-05 14:23:00+00:00,EQIX,821.2949829101562,821.2949829101562,821.2949829101562,821.2949829101562,821.2949829101562,223.0
2024-09-05 14:23:00+00:00,EXPI,11.680999755859375,11.680999755859375,11.680999755859375,11.680999755859375,11.680999755859375,254.0
2024-09-05 14:23:00+00:00,GLPI,51.54999923706055,51.54999923706055,51.55500030517578,51.54999923706055,51.55500030517578,430.0
2024-09-05 14:23:00+00:00,GOOD,15.255000114440918,15.255000114440918,15.255000114440918,15.255000114440918,15.255000114440918,108.0
2024-09-05 14:23:00+00:00,HST,16.739999771118164,16.739999771118164,16.7450008392334,16.739999771118164,16.739999771118164,5299.0
2024-09-05 14:23:00+00:00,LAMR,124.58000183105469,124.58000183105469,124.58000183105469,124.58000183105469,124.58000183105469,246.0
2024-09-05 14:23:00+00:00,NMRK,14.239999771118164,14.239999771118164,14.239999771118164,14.239999771118164,14.239999771118164,501.0
2024-09-05 14:23:00+00:00,OPEN,1.995300054550171,1.995300054550171,2.0,1.9950000047683716,2.0,24558.0
2024-09-05 14:23:00+00:00,OPI,2.140000104904175,2.140000104904175,2.140000104904175,2.140000104904175,2.140000104904175,402.0
2024-09-05 14:23:00+00:00,RDFN,9.6850004196167,9.6850004196167,9.696999549865723,9.683099746704102,9.696999549865723,2202.0
2024-09-05 14:23:00+00:00,REG,73.4800033569336,73.4800033569336,73.4800033569336,73.47000122070312,73.47000122070312,1660.0
2024-09-05 14:23:00+00:00,ROIC,15.180000305175781,15.180000305175781,15.180000305175781,15.180000305175781,15.180000305175781,1491.0
2024-09-05 14:23:00+00:00,SBRA,17.454999923706055,17.454999923706055,17.454999923706055,17.454999923706055,17.454999923706055,1563.0
2024-09-05 14:23:00+00:00,SVC,4.625,4.625,4.625,4.625,4.625,527.0
2024-09-05 14:23:00+00:00,UNIT,5.364999771118164,5.364999771118164,5.364999771118164,5.364999771118164,5.364999771118164,2099.0
2024-09-05 14:23:00+00:00,WHLR,4.8445000648498535,4.8445000648498535,4.929999828338623,4.820000171661377,4.914999961853027,83434.0
2024-09-05 14:24:00+00:00,AFCG,10.350799560546875,10.350799560546875,10.350799560546875,10.350799560546875,10.350799560546875,603.0
2024-09-05 14:24:00+00:00,AGNC,10.239999771118164,10.239999771118164,10.25,10.239999771118164,10.239999771118164,4382.0
2024-09-05 14:24:00+00:00,ASPS,1.090000033378601,1.090000033378601,1.090000033378601,1.090000033378601,1.090000033378601,131.0
2024-09-05 14:24:00+00:00,BPYPN,12.859999656677246,12.859999656677246,12.859999656677246,12.859999656677246,12.859999656677246,579.0
2024-09-05 14:24:00+00:00,BPYPO,13.460000038146973,13.460000038146973,13.460000038146973,13.460000038146973,13.460000038146973,300.0
2024-09-05 14:24:00+00:00,BPYPP,14.75,14.75,14.75,14.6899995803833,14.739999771118164,4790.0
2024-09-05 14:24:00+00:00,CSGP,77.42500305175781,77.42500305175781,77.44499969482422,77.41000366210938,77.44499969482422,2816.0
2024-09-05 14:24:00+00:00,EQIX,820.530029296875,820.530029296875,820.530029296875,820.530029296875,820.530029296875,959.0
2024-09-05 14:24:00+00:00,EXPI,11.680000305175781,11.680000305175781,11.680000305175781,11.680000305175781,11.680000305175781,853.0
2024-09-05 14:24:00+00:00,GLPI,51.54999923706055,51.54999923706055,51.54999923706055,51.54999923706055,51.54999923706055,1132.0
2024-09-05 14:24:00+00:00,GOOD,15.25,15.25,15.255000114440918,15.25,15.255000114440918,524.0
2024-09-05 14:24:00+00:00,HST,16.735000610351562,16.735000610351562,16.7450008392334,16.735000610351562,16.7450008392334,6770.0
2024-09-05 14:24:00+00:00,LAMR,124.61499786376953,124.61499786376953,124.61499786376953,124.61499786376953,124.61499786376953,143.0
2024-09-05 14:24:00+00:00,LSEA,11.539999961853027,11.539999961853027,11.550000190734863,11.539999961853027,11.550000190734863,302.0
2024-09-05 14:24:00+00:00,NMRK,14.239999771118164,14.239999771118164,14.244999885559082,14.239999771118164,14.239999771118164,8083.0
2024-09-05 14:24:00+00:00,OPEN,1.9950000047683716,1.9950000047683716,2.0,1.9950000047683716,2.0,2757.0
2024-09-05 14:24:00+00:00,PECO,37.31999969482422,37.31999969482422,37.31999969482422,37.31999969482422,37.31999969482422,306.0
2024-09-05 14:24:00+00:00,RDFN,9.680000305175781,9.680000305175781,9.6850004196167,9.680000305175781,9.6850004196167,988.0
2024-09-05 14:24:00+00:00,REAX,5.704500198364258,5.704500198364258,5.704999923706055,5.699999809265137,5.699999809265137,1490.0
2024-09-05 14:24:00+00:00,SBRA,17.450000762939453,17.450000762939453,17.450000762939453,17.450000762939453,17.450000762939453,1679.0
2024-09-05 14:24:00+00:00,SVC,4.625,4.625,4.625,4.625,4.625,440.0
2024-09-05 14:24:00+00:00,UNIT,5.364999771118164,5.364999771118164,5.369500160217285,5.360000133514404,5.364999771118164,2802.0
2024-09-05 14:24:00+00:00,WHLR,4.800000190734863,4.800000190734863,4.839900016784668,4.760000228881836,4.810999870300293,42934.0
2024-09-05 14:25:00+00:00,AFCG,10.354999542236328,10.354999542236328,10.354999542236328,10.354999542236328,10.354999542236328,116.0
2024-09-05 14:25:00+00:00,AGNC,10.244999885559082,10.244999885559082,10.244999885559082,10.239999771118164,10.244999885559082,32215.0
2024-09-05 14:25:00+00:00,CSGP,77.41999816894531,77.41999816894531,77.41999816894531,77.41999816894531,77.41999816894531,916.0
2024-09-05 14:25:00+00:00,DHC,3.2699999809265137,3.2699999809265137,3.2699999809265137,3.2699999809265137,3.2699999809265137,1822.0
2024-09-05 14:25:00+00:00,EXPI,11.670000076293945,11.670000076293945,11.670000076293945,11.670000076293945,11.670000076293945,818.0
2024-09-05 14:25:00+00:00,GLPI,51.560001373291016,51.560001373291016,51.560001373291016,51.540000915527344,51.540000915527344,2469.0
2024-09-05 14:25:00+00:00,GOOD,15.249899864196777,15.249899864196777,15.249899864196777,15.244999885559082,15.244999885559082,1185.0
2024-09-05 14:25:00+00:00,HST,16.735000610351562,16.735000610351562,16.735000610351562,16.735000610351562,16.735000610351562,220.0
2024-09-05 14:25:00+00:00,LAMR,124.5199966430664,124.5199966430664,124.5199966430664,124.5199966430664,124.5199966430664,781.0
2024-09-05 14:25:00+00:00,LAND,13.539999961853027,13.539999961853027,13.539999961853027,13.539999961853027,13.539999961853027,130.0
2024-09-05 14:25:00+00:00,NMRK,14.225000381469727,14.225000381469727,14.239999771118164,14.217499732971191,14.239999771118164,6206.0
2024-09-05 14:25:00+00:00,OPEN,1.9950000047683716,1.9950000047683716,2.0,1.9900000095367432,1.996500015258789,7394.0
2024-09-05 14:25:00+00:00,PECO,37.33000183105469,37.33000183105469,37.33000183105469,37.33000183105469,37.33000183105469,501.0
2024-09-05 14:25:00+00:00,RDFN,9.680000305175781,9.680000305175781,9.68019962310791,9.660099983215332,9.680000305175781,6290.0
2024-09-05 14:25:00+00:00,REFI,15.710000038146973,15.710000038146973,15.710000038146973,15.710000038146973,15.710000038146973,214.0
2024-09-05 14:25:00+00:00,REG,73.44499969482422,73.44499969482422,73.44499969482422,73.41999816894531,73.44499969482422,1516.0
2024-09-05 14:25:00+00:00,SBAC,233.5,233.5,233.5,233.5,233.5,756.0
2024-09-05 14:25:00+00:00,SBRA,17.440000534057617,17.440000534057617,17.44499969482422,17.440000534057617,17.44499969482422,874.0
2024-09-05 14:25:00+00:00,SVC,4.614999771118164,4.614999771118164,4.625,4.614999771118164,4.619999885559082,3264.0
2024-09-05 14:25:00+00:00,UNIT,5.364999771118164,5.364999771118164,5.364999771118164,5.360000133514404,5.364999771118164,2297.0
2024-09-05 14:25:00+00:00,WHLR,4.840000152587891,4.840000152587891,4.880000114440918,4.78000020980835,4.80049991607666,63404.0
2024-09-05 14:26:00+00:00,AGNC,10.244999885559082,10.244999885559082,10.244999885559082,10.239999771118164,10.244999885559082,5882.0
2024-09-05 14:26:00+00:00,CSGP,77.41999816894531,77.41999816894531,77.41999816894531,77.41500091552734,77.41500091552734,824.0
2024-09-05 14:26:00+00:00,FSV,178.4550018310547,178.4550018310547,178.4550018310547,178.4550018310547,178.4550018310547,755.0
2024-09-05 14:26:00+00:00,GLPI,51.53499984741211,51.53499984741211,51.540000915527344,51.53499984741211,51.540000915527344,798.0
2024-09-05 14:26:00+00:00,HST,16.730100631713867,16.730100631713867,16.73550033569336,16.729999542236328,16.729999542236328,11247.0
2024-09-05 14:26:00+00:00,LAND,13.550000190734863,13.550000190734863,13.550000190734863,13.550000190734863,13.550000190734863,564.0
2024-09-05 14:26:00+00:00,LSEA,11.524999618530273,11.524999618530273,11.524999618530273,11.524999618530273,11.524999618530273,639.0
2024-09-05 14:26:00+00:00,OPEN,2.0,2.0,2.0,1.9924999475479126,2.0,7213.0
2024-09-05 14:26:00+00:00,PECO,37.310001373291016,37.310001373291016,37.310001373291016,37.310001373291016,37.310001373291016,876.0
2024-09-05 14:26:00+00:00,RDFN,9.677499771118164,9.677499771118164,9.677499771118164,9.67300033569336,9.67300033569336,1708.0
2024-09-05 14:26:00+00:00,SBRA,17.44499969482422,17.44499969482422,17.44499969482422,17.44499969482422,17.44499969482422,446.0
2024-09-05 14:26:00+00:00,SVC,4.614999771118164,4.614999771118164,4.614999771118164,4.610099792480469,4.610099792480469,1932.0
2024-09-05 14:26:00+00:00,UNIT,5.375,5.375,5.375,5.364999771118164,5.364999771118164,6306.0
2024-09-05 14:26:00+00:00,WHLR,4.875,4.875,4.920000076293945,4.789899826049805,4.840000152587891,109591.0
2024-09-05 14:27:00+00:00,AFCG,10.354999542236328,10.354999542236328,10.354999542236328,10.354999542236328,10.354999542236328,169.0
2024-09-05 14:27:00+00:00,AGNC,10.244999885559082,10.244999885559082,10.25,10.239999771118164,10.239999771118164,4608.0
2024-09-05 14:27:00+00:00,CSGP,77.44000244140625,77.44000244140625,77.44000244140625,77.41999816894531,77.41999816894531,4393.0
2024-09-05 14:27:00+00:00,DHC,3.2750000953674316,3.2750000953674316,3.2750000953674316,3.2750000953674316,3.2750000953674316,255.0
2024-09-05 14:27:00+00:00,EXPI,11.670000076293945,11.670000076293945,11.670000076293945,11.664999961853027,11.664999961853027,583.0
2024-09-05 14:27:00+00:00,GLPI,51.540000915527344,51.540000915527344,51.540000915527344,51.53499984741211,51.53499984741211,1244.0
2024-09-05 14:27:00+00:00,GOOD,15.239999771118164,15.239999771118164,15.239999771118164,15.239999771118164,15.239999771118164,691.0
2024-09-05 14:27:00+00:00,HST,16.729999542236328,16.729999542236328,16.739999771118164,16.729999542236328,16.733600616455078,1448.0
2024-09-05 14:27:00+00:00,LSEA,11.524999618530273,11.524999618530273,11.524999618530273,11.524999618530273,11.524999618530273,189.0
2024-09-05 14:27:00+00:00,NMRK,14.220000267028809,14.220000267028809,14.220000267028809,14.220000267028809,14.220000267028809,217.0
2024-09-05 14:27:00+00:00,NYMT,6.409999847412109,6.409999847412109,6.409999847412109,6.40500020980835,6.409999847412109,2198.0
2024-09-05 14:27:00+00:00,OPEN,2.0,2.0,2.0,1.9900000095367432,1.9950000047683716,3632.0
2024-09-05 14:27:00+00:00,OPI,2.134999990463257,2.134999990463257,2.134999990463257,2.134999990463257,2.134999990463257,199.0
2024-09-05 14:27:00+00:00,RDFN,9.675000190734863,9.675000190734863,9.675000190734863,9.675000190734863,9.675000190734863,1019.0
2024-09-05 14:27:00+00:00,REAX,5.690000057220459,5.690000057220459,5.695000171661377,5.690000057220459,5.690000057220459,1976.0
2024-09-05 14:27:00+00:00,REG,73.44499969482422,73.44499969482422,73.44499969482422,73.44499969482422,73.44499969482422,1340.0
2024-09-05 14:27:00+00:00,SBRA,17.44499969482422,17.44499969482422,17.44499969482422,17.44499969482422,17.44499969482422,1197.0
2024-09-05 14:27:00+00:00,SVC,4.610000133514404,4.610000133514404,4.610000133514404,4.610000133514404,4.610000133514404,1232.0
2024-09-05 14:27:00+00:00,UNIT,5.364999771118164,5.364999771118164,5.375,5.364999771118164,5.369999885559082,3995.0
2024-09-05 14:27:00+00:00,WHLR,4.8592000007629395,4.8592000007629395,4.875,4.820000171661377,4.860000133514404,51905.0
2024-09-05 14:28:00+00:00,AGNC,10.244999885559082,10.244999885559082,10.244999885559082,10.239999771118164,10.239999771118164,3143.0
2024-09-05 14:28:00+00:00,CSGP,77.4000015258789,77.4000015258789,77.4000015258789,77.4000015258789,77.4000015258789,359.0
2024-09-05 14:28:00+00:00,EQIX,820.2949829101562,820.2949829101562,820.5399780273438,820.2949829101562,820.5399780273438,1677.0
2024-09-05 14:28:00+00:00,FTHM,2.940000057220459,2.940000057220459,2.940000057220459,2.930000066757202,2.930000066757202,1800.0
2024-09-05 14:28:00+00:00,GLPI,51.529998779296875,51.529998779296875,51.529998779296875,51.529998779296875,51.529998779296875,1026.0
2024-09-05 14:28:00+00:00,GOOD,15.239999771118164,15.239999771118164,15.239999771118164,15.239999771118164,15.239999771118164,215.0
2024-09-05 14:28:00+00:00,HST,16.735000610351562,16.735000610351562,16.735000610351562,16.729999542236328,16.729999542236328,4397.0
2024-09-05 14:28:00+00:00,ILPT,4.90500020980835,4.90500020980835,4.920000076293945,4.90500020980835,4.920000076293945,1107.0
2024-09-05 14:28:00+00:00,LAMR,124.41000366210938,124.41000366210938,124.41000366210938,124.41000366210938,124.41000366210938,475.0
2024-09-05 14:28:00+00:00,NMRK,14.210000038146973,14.210000038146973,14.210000038146973,14.199999809265137,14.210000038146973,2468.0
2024-09-05 14:28:00+00:00,OPEN,2.0,2.0,2.0,1.9950000047683716,1.9950000047683716,7414.0
2024-09-05 14:28:00+00:00,PCH,42.68000030517578,42.68000030517578,42.68000030517578,42.68000030517578,42.68000030517578,845.0
2024-09-05 14:28:00+00:00,PECO,37.29999923706055,37.29999923706055,37.29999923706055,37.29999923706055,37.29999923706055,123.0
2024-09-05 14:28:00+00:00,RDFN,9.6850004196167,9.6850004196167,9.6850004196167,9.664999961853027,9.670000076293945,3975.0
2024-09-05 14:28:00+00:00,REAX,5.690000057220459,5.690000057220459,5.690000057220459,5.690000057220459,5.690000057220459,737.0
2024-09-05 14:28:00+00:00,RMR,24.610000610351562,24.610000610351562,24.610000610351562,24.610000610351562,24.610000610351562,402.0
2024-09-05 14:28:00+00:00,ROIC,15.164999961853027,15.164999961853027,15.170000076293945,15.164999961853027,15.170000076293945,1732.0
2024-09-05 14:28:00+00:00,SBAC,233.5,233.5,233.61000061035156,233.5,233.61000061035156,1431.0
2024-09-05 14:28:00+00:00,SBRA,17.434999465942383,17.434999465942383,17.440000534057617,17.434999465942383,17.440000534057617,2043.0
2024-09-05 14:28:00+00:00,SVC,4.614999771118164,4.614999771118164,4.614999771118164,4.614999771118164,4.614999771118164,649.0
2024-09-05 14:28:00+00:00,UNIT,5.357500076293945,5.357500076293945,5.369699954986572,5.355000019073486,5.369699954986572,4749.0
2024-09-05 14:28:00+00:00,WHLR,4.889999866485596,4.889999866485596,4.929999828338623,4.840000152587891,4.860000133514404,105821.0
2024-09-05 14:29:00+00:00,AFCG,10.354999542236328,10.354999542236328,10.354999542236328,10.354999542236328,10.354999542236328,109.0
2024-09-05 14:29:00+00:00,AGNC,10.244999885559082,10.244999885559082,10.244999885559082,10.239999771118164,10.244999885559082,4156.0
2024-09-05 14:29:00+00:00,BPYPN,12.850000381469727,12.850000381469727,12.850000381469727,12.850000381469727,12.850000381469727,188.0
2024-09-05 14:29:00+00:00,BPYPP,14.6899995803833,14.6899995803833,14.75,14.6899995803833,14.75,7555.0
2024-09-05 14:29:00+00:00,CSGP,77.41500091552734,77.41500091552734,77.41500091552734,77.4000015258789,77.41000366210938,2110.0
2024-09-05 14:29:00+00:00,EXPI,11.65999984741211,11.65999984741211,11.65999984741211,11.65999984741211,11.65999984741211,652.0
2024-09-05 14:29:00+00:00,FTHM,2.9600000381469727,2.9600000381469727,2.9600000381469727,2.9600000381469727,2.9600000381469727,0.0
2024-09-05 14:29:00+00:00,GLPI,51.529998779296875,51.529998779296875,51.529998779296875,51.529998779296875,51.529998779296875,1027.0
2024-09-05 14:29:00+00:00,GOOD,15.25,15.25,15.25,15.239999771118164,15.239999771118164,444.0
2024-09-05 14:29:00+00:00,HST,16.725000381469727,16.725000381469727,16.735000610351562,16.72439956665039,16.729999542236328,14457.0
2024-09-05 14:29:00+00:00,ILPT,4.920000076293945,4.920000076293945,4.920000076293945,4.90500020980835,4.90500020980835,1699.0
2024-09-05 14:29:00+00:00,LSEA,11.520000457763672,11.520000457763672,11.520000457763672,11.520000457763672,11.520000457763672,280.0
2024-09-05 14:29:00+00:00,NMRK,14.199999809265137,14.199999809265137,14.199999809265137,14.199999809265137,14.199999809265137,779.0
2024-09-05 14:29:00+00:00,OPEN,1.9900000095367432,1.9900000095367432,2.0,1.9900000095367432,2.0,16308.0
2024-09-05 14:29:00+00:00,PCH,42.685001373291016,42.685001373291016,42.685001373291016,42.685001373291016,42.685001373291016,354.0
2024-09-05 14:29:00+00:00,PECO,37.28929901123047,37.28929901123047,37.28929901123047,37.279998779296875,37.279998779296875,1161.0
2024-09-05 14:29:00+00:00,RDFN,9.675000190734863,9.675000190734863,9.680000305175781,9.670000076293945,9.680000305175781,4406.0
2024-09-05 14:29:00+00:00,REAX,5.679999828338623,5.679999828338623,5.690100193023682,5.675000190734863,5.690100193023682,4871.0
2024-09-05 14:29:00+00:00,SBRA,17.450000762939453,17.450000762939453,17.450000762939453,17.40999984741211,17.440000534057617,82751.0
2024-09-05 14:29:00+00:00,UNIT,5.355000019073486,5.355000019073486,5.355000019073486,5.349999904632568,5.349999904632568,3818.0
2024-09-05 14:29:00+00:00,WHLR,4.614999771118164,4.614999771118164,4.88100004196167,4.46999979019165,4.880000114440918,286710.0
2024-09-05 14:30:00+00:00,AGNC,10.234999656677246,10.234999656677246,10.244999885559082,10.234999656677246,10.239999771118164,79915.0
2024-09-05 14:30:00+00:00,CSGP,77.41999816894531,77.41999816894531,77.43000030517578,77.41999816894531,77.43000030517578,1689.0
2024-09-05 14:30:00+00:00,DHC,3.2750000953674316,3.2750000953674316,3.2750000953674316,3.2750000953674316,3.2750000953674316,505.0
2024-09-05 14:30:00+00:00,EXPI,11.670000076293945,11.670000076293945,11.670000076293945,11.670000076293945,11.670000076293945,452.0
2024-09-05 14:30:00+00:00,GLPI,51.540000915527344,51.540000915527344,51.540000915527344,51.53499984741211,51.53499984741211,941.0
2024-09-05 14:30:00+00:00,HST,16.725000381469727,16.725000381469727,16.725000381469727,16.719999313354492,16.719999313354492,2306.0
2024-09-05 14:30:00+00:00,ILPT,4.920000076293945,4.920000076293945,4.920000076293945,4.920000076293945,4.920000076293945,912.0
2024-09-05 14:30:00+00:00,LAND,13.53499984741211,13.53499984741211,13.53499984741211,13.53499984741211,13.53499984741211,228.0
2024-09-05 14:30:00+00:00,LSEA,11.515000343322754,11.515000343322754,11.515000343322754,11.515000343322754,11.515000343322754,291.0
2024-09-05 14:30:00+00:00,NMRK,14.204999923706055,14.204999923706055,14.204999923706055,14.204999923706055,14.204999923706055,663.0
2024-09-05 14:30:00+00:00,OPEN,1.9950000047683716,1.9950000047683716,2.0,1.9900000095367432,1.9950000047683716,65510.0
2024-09-05 14:30:00+00:00,PCH,42.65999984741211,42.65999984741211,42.66999816894531,42.65999984741211,42.66999816894531,826.0
2024-09-05 14:30:00+00:00,PECO,37.29999923706055,37.29999923706055,37.29999923706055,37.29999923706055,37.29999923706055,788.0
2024-09-05 14:30:00+00:00,RDFN,9.675000190734863,9.675000190734863,9.679499626159668,9.672499656677246,9.675000190734863,1620.0
2024-09-05 14:30:00+00:00,REAX,5.695000171661377,5.695000171661377,5.695000171661377,5.670000076293945,5.670000076293945,2856.0
2024-09-05 14:30:00+00:00,REFI,15.71500015258789,15.71500015258789,15.71500015258789,15.71500015258789,15.71500015258789,371.0
2024-09-05 14:30:00+00:00,REG,73.41999816894531,73.41999816894531,73.41999816894531,73.41999816894531,73.41999816894531,3176.0
2024-09-05 14:30:00+00:00,ROIC,15.164999961853027,15.164999961853027,15.164999961853027,15.164999961853027,15.164999961853027,162.0
2024-09-05 14:30:00+00:00,SBAC,233.36000061035156,233.36000061035156,233.53500366210938,233.36000061035156,233.5,1242.0
2024-09-05 14:30:00+00:00,SBRA,17.450000762939453,17.450000762939453,17.450000762939453,17.450000762939453,17.450000762939453,1640.0
2024-09-05 14:30:00+00:00,UNIT,5.331200122833252,5.331200122833252,5.349999904632568,5.331200122833252,5.349999904632568,10518.0
2024-09-05 14:30:00+00:00,WHLR,4.724999904632568,4.724999904632568,4.75,4.610000133514404,4.610000133514404,135337.0
2024-09-05 14:31:00+00:00,AFCG,10.350000381469727,10.350000381469727,10.350000381469727,10.350000381469727,10.350000381469727,836.0
2024-09-05 14:31:00+00:00,AGNC,10.234999656677246,10.234999656677246,10.239999771118164,10.234999656677246,10.234999656677246,53287.0
2024-09-05 14:31:00+00:00,CHCI,7.670000076293945,7.670000076293945,7.670000076293945,7.659999847412109,7.659999847412109,410.0
2024-09-05 14:31:00+00:00,CSGP,77.45999908447266,77.45999908447266,77.45999908447266,77.44999694824219,77.44999694824219,580.0
2024-09-05 14:31:00+00:00,EQIX,819.27001953125,819.27001953125,819.27001953125,819.27001953125,819.27001953125,704.0
2024-09-05 14:31:00+00:00,EXPI,11.670000076293945,11.670000076293945,11.670000076293945,11.670000076293945,11.670000076293945,730.0
2024-09-05 14:31:00+00:00,GLPI,51.595001220703125,51.595001220703125,51.595001220703125,51.54499816894531,51.54499816894531,1337.0
2024-09-05 14:31:00+00:00,HST,16.735000610351562,16.735000610351562,16.735000610351562,16.719999313354492,16.719999313354492,27164.0
2024-09-05 14:31:00+00:00,ILPT,4.925000190734863,4.925000190734863,4.925000190734863,4.925000190734863,4.925000190734863,633.0
2024-09-05 14:31:00+00:00,LAMR,124.66999816894531,124.66999816894531,124.66999816894531,124.66999816894531,124.66999816894531,371.0
2024-09-05 14:31:00+00:00,NMRK,14.204999923706055,14.204999923706055,14.210000038146973,14.204999923706055,14.210000038146973,483.0
2024-09-05 14:31:00+00:00,NYMT,6.414999961853027,6.414999961853027,6.414999961853027,6.40500020980835,6.40500020980835,541.0
2024-09-05 14:31:00+00:00,OPEN,2.0,2.0,2.005000114440918,1.9950000047683716,1.9950000047683716,201606.0
2024-09-05 14:31:00+00:00,OPI,2.139899969100952,2.139899969100952,2.139899969100952,2.139899969100952,2.139899969100952,1142.0
2024-09-05 14:31:00+00:00,PCH,42.68000030517578,42.68000030517578,42.68000030517578,42.68000030517578,42.68000030517578,635.0
2024-09-05 14:31:00+00:00,PECO,37.334999084472656,37.334999084472656,37.334999084472656,37.334999084472656,37.334999084472656,449.0
2024-09-05 14:31:00+00:00,RDFN,9.6850004196167,9.6850004196167,9.6850004196167,9.670000076293945,9.680000305175781,4171.0
2024-09-05 14:31:00+00:00,REAX,5.710000038146973,5.710000038146973,5.710000038146973,5.695000171661377,5.695000171661377,1183.0
2024-09-05 14:31:00+00:00,REG,73.43000030517578,73.43000030517578,73.43000030517578,73.4000015258789,73.4000015258789,958.0
2024-09-05 14:31:00+00:00,ROIC,15.164999961853027,15.164999961853027,15.164999961853027,15.164999961853027,15.164999961853027,2849.0
2024-09-05 14:31:00+00:00,SBAC,233.63999938964844,233.63999938964844,233.72999572753906,233.51499938964844,233.51499938964844,2198.0
2024-09-05 14:31:00+00:00,SBRA,17.469999313354492,17.469999313354492,17.469999313354492,17.454999923706055,17.454999923706055,2225.0
2024-09-05 14:31:00+00:00,SVC,4.614999771118164,4.614999771118164,4.614999771118164,4.614999771118164,4.614999771118164,694.0
2024-09-05 14:31:00+00:00,UNIT,5.324999809265137,5.324999809265137,5.335000038146973,5.315000057220459,5.335000038146973,9116.0
2024-09-05 14:31:00+00:00,VINO,4.974999904632568,4.974999904632568,5.039999961853027,4.934700012207031,4.980000019073486,2425.0
2024-09-05 14:31:00+00:00,WHLR,4.739999771118164,4.739999771118164,4.75,4.660099983215332,4.739999771118164,67761.0
2024-09-05 14:32:00+00:00,AGNC,10.234999656677246,10.234999656677246,10.239999771118164,10.234999656677246,10.234999656677246,24599.0
2024-09-05 14:32:00+00:00,CSGP,77.51000213623047,77.51000213623047,77.51000213623047,77.43000030517578,77.43000030517578,2098.0
2024-09-05 14:32:00+00:00,DHC,3.2850000858306885,3.2850000858306885,3.2850000858306885,3.2799999713897705,3.2799999713897705,1530.0
2024-09-05 14:32:00+00:00,EQIX,821.3300170898438,821.3300170898438,821.3300170898438,820.0800170898438,820.1749877929688,3732.0
2024-09-05 14:32:00+00:00,EXPI,11.680000305175781,11.680000305175781,11.680000305175781,11.680000305175781,11.680000305175781,857.0
2024-09-05 14:32:00+00:00,FSV,178.55999755859375,178.55999755859375,178.55999755859375,178.5,178.5,462.0
2024-09-05 14:32:00+00:00,GLPI,51.61000061035156,51.61000061035156,51.619998931884766,51.59000015258789,51.59000015258789,1756.0
2024-09-05 14:32:00+00:00,GOOD,15.244999885559082,15.244999885559082,15.244999885559082,15.244999885559082,15.244999885559082,666.0
2024-09-05 14:32:00+00:00,HST,16.7450008392334,16.7450008392334,16.7450008392334,16.735000610351562,16.739999771118164,7574.0
2024-09-05 14:32:00+00:00,HTIBP,15.649999618530273,15.649999618530273,15.6899995803833,15.649999618530273,15.6899995803833,840.0
2024-09-05 14:32:00+00:00,ILPT,4.929999828338623,4.929999828338623,4.929999828338623,4.929999828338623,4.929999828338623,228.0
2024-09-05 14:32:00+00:00,LAMR,124.66999816894531,124.66999816894531,124.66999816894531,124.66999816894531,124.66999816894531,852.0
2024-09-05 14:32:00+00:00,LAND,13.5600004196167,13.5600004196167,13.5600004196167,13.539999961853027,13.539999961853027,1003.0
2024-09-05 14:32:00+00:00,LSEA,11.5600004196167,11.5600004196167,11.5600004196167,11.524999618530273,11.524999618530273,1297.0
2024-09-05 14:32:00+00:00,NMRK,14.210000038146973,14.210000038146973,14.210000038146973,14.210000038146973,14.210000038146973,2401.0
2024-09-05 14:32:00+00:00,NYMT,6.409999847412109,6.409999847412109,6.414999961853027,6.40500020980835,6.414999961853027,3461.0
2024-09-05 14:32:00+00:00,OPEN,2.0027999877929688,2.0027999877929688,2.009999990463257,2.0000998973846436,2.0028998851776123,31249.0
2024-09-05 14:32:00+00:00,OPI,2.134999990463257,2.134999990463257,2.140000104904175,2.134999990463257,2.140000104904175,4139.0
2024-09-05 14:32:00+00:00,PCH,42.709999084472656,42.709999084472656,42.709999084472656,42.709999084472656,42.709999084472656,770.0
2024-09-05 14:32:00+00:00,RDFN,9.702099800109863,9.702099800109863,9.704999923706055,9.6850004196167,9.6850004196167,12519.0
2024-09-05 14:32:00+00:00,REAX,5.704999923706055,5.704999923706055,5.710000038146973,5.704999923706055,5.704999923706055,820.0
2024-09-05 14:32:00+00:00,REG,73.45999908447266,73.45999908447266,73.45999908447266,73.45999908447266,73.45999908447266,1158.0
2024-09-05 14:32:00+00:00,ROIC,15.204999923706055,15.204999923706055,15.204999923706055,15.1899995803833,15.1899995803833,2228.0
2024-09-05 14:32:00+00:00,SBAC,233.74000549316406,233.74000549316406,233.74000549316406,233.74000549316406,233.74000549316406,608.0
2024-09-05 14:32:00+00:00,SBRA,17.485000610351562,17.485000610351562,17.485000610351562,17.479999542236328,17.479999542236328,1406.0
2024-09-05 14:32:00+00:00,SVC,4.630000114440918,4.630000114440918,4.630000114440918,4.619999885559082,4.619999885559082,8249.0
2024-09-05 14:32:00+00:00,UNIT,5.335000038146973,5.335000038146973,5.340000152587891,5.320000171661377,5.324999809265137,13729.0
2024-09-05 14:32:00+00:00,WHLR,4.664999961853027,4.664999961853027,4.739999771118164,4.659999847412109,4.730000019073486,48304.0
2024-09-05 14:33:00+00:00,AFCG,10.34000015258789,10.34000015258789,10.34000015258789,10.34000015258789,10.34000015258789,163.0
2024-09-05 14:33:00+00:00,AGNC,10.234999656677246,10.234999656677246,10.239999771118164,10.234999656677246,10.234999656677246,53039.0
2024-09-05 14:33:00+00:00,CSGP,77.46499633789062,77.46499633789062,77.4800033569336,77.46499633789062,77.4800033569336,817.0
2024-09-05 14:33:00+00:00,EXPI,11.6806001663208,11.6806001663208,11.6806001663208,11.6806001663208,11.6806001663208,162.0
2024-09-05 14:33:00+00:00,FTHM,2.9600000381469727,2.9600000381469727,2.9600000381469727,2.9600000381469727,2.9600000381469727,400.0
2024-09-05 14:33:00+00:00,GLPI,51.58000183105469,51.58000183105469,51.599998474121094,51.58000183105469,51.599998474121094,1293.0
2024-09-05 14:33:00+00:00,HST,16.7450008392334,16.7450008392334,16.7450008392334,16.7450008392334,16.7450008392334,962.0
2024-09-05 14:33:00+00:00,LAMR,124.67500305175781,124.67500305175781,124.67500305175781,124.67500305175781,124.67500305175781,753.0
2024-09-05 14:33:00+00:00,LAND,13.5600004196167,13.5600004196167,13.5600004196167,13.5600004196167,13.5600004196167,405.0
2024-09-05 14:33:00+00:00,NYMT,6.414999961853027,6.414999961853027,6.414999961853027,6.414999961853027,6.414999961853027,516.0
2024-09-05 14:33:00+00:00,OPEN,1.9950000047683716,1.9950000047683716,2.005000114440918,1.9900000095367432,2.005000114440918,96636.0
2024-09-05 14:33:00+00:00,PECO,37.33000183105469,37.33000183105469,37.345001220703125,37.33000183105469,37.345001220703125,994.0
2024-09-05 14:33:00+00:00,RDFN,9.699899673461914,9.699899673461914,9.699899673461914,9.6899995803833,9.6899995803833,4499.0
2024-09-05 14:33:00+00:00,ROIC,15.204999923706055,15.204999923706055,15.204999923706055,15.204999923706055,15.204999923706055,1257.0
2024-09-05 14:33:00+00:00,SBAC,233.82000732421875,233.82000732421875,233.82000732421875,233.82000732421875,233.82000732421875,2334.0
2024-09-05 14:33:00+00:00,SBRA,17.459999084472656,17.459999084472656,17.485000610351562,17.459999084472656,17.485000610351562,5380.0
2024-09-05 14:33:00+00:00,SELF,5.190000057220459,5.190000057220459,5.190000057220459,5.190000057220459,5.190000057220459,598.0
2024-09-05 14:33:00+00:00,UNIT,5.34499979019165,5.34499979019165,5.34499979019165,5.335000038146973,5.335000038146973,9140.0
2024-09-05 14:33:00+00:00,VINO,5.026500225067139,5.026500225067139,5.026500225067139,5.026500225067139,5.026500225067139,3500.0
2024-09-05 14:33:00+00:00,WHLR,4.619900226593018,4.619900226593018,4.659999847412109,4.519999980926514,4.650000095367432,128377.0
2024-09-05 14:34:00+00:00,AGNC,10.234999656677246,10.234999656677246,10.234999656677246,10.234999656677246,10.234999656677246,5993.0
2024-09-05 14:34:00+00:00,CSGP,77.4749984741211,77.4749984741211,77.4749984741211,77.4749984741211,77.4749984741211,377.0
2024-09-05 14:34:00+00:00,EQIX,821.4600219726562,821.4600219726562,821.5800170898438,821.02001953125,821.02001953125,2165.0
2024-09-05 14:34:00+00:00,EXPI,11.6899995803833,11.6899995803833,11.6899995803833,11.6899995803833,11.6899995803833,244.0
2024-09-05 14:34:00+00:00,FSV,178.6649932861328,178.6649932861328,178.6649932861328,178.6649932861328,178.6649932861328,122.0
2024-09-05 14:34:00+00:00,GLPI,51.58000183105469,51.58000183105469,51.58000183105469,51.58000183105469,51.58000183105469,987.0
2024-09-05 14:34:00+00:00,GOOD,15.260000228881836,15.260000228881836,15.260000228881836,15.260000228881836,15.260000228881836,1527.0
2024-09-05 14:34:00+00:00,HST,16.7450008392334,16.7450008392334,16.75,16.7450008392334,16.7450008392334,3291.0
2024-09-05 14:34:00+00:00,ILPT,4.920000076293945,4.920000076293945,4.920000076293945,4.920000076293945,4.920000076293945,200.0
2024-09-05 14:34:00+00:00,LSEA,11.555000305175781,11.555000305175781,11.555000305175781,11.555000305175781,11.555000305175781,101.0
2024-09-05 14:34:00+00:00,NMRK,14.204999923706055,14.204999923706055,14.204999923706055,14.204999923706055,14.204999923706055,1510.0
2024-09-05 14:34:00+00:00,OPEN,1.9950000047683716,1.9950000047683716,1.9950000047683716,1.993299961090088,1.993299961090088,3338.0
2024-09-05 14:34:00+00:00,OPI,2.134999990463257,2.134999990463257,2.134999990463257,2.134999990463257,2.134999990463257,673.0
2024-09-05 14:34:00+00:00,PCH,42.709999084472656,42.709999084472656,42.709999084472656,42.709999084472656,42.709999084472656,622.0
2024-09-05 14:34:00+00:00,PECO,37.34000015258789,37.34000015258789,37.34000015258789,37.34000015258789,37.34000015258789,385.0
2024-09-05 14:34:00+00:00,RDFN,9.681400299072266,9.681400299072266,9.6899995803833,9.681400299072266,9.6899995803833,3510.0
2024-09-05 14:34:00+00:00,REAX,5.699999809265137,5.699999809265137,5.704999923706055,5.699999809265137,5.704999923706055,1610.0
2024-09-05 14:34:00+00:00,REFI,15.720000267028809,15.720000267028809,15.720000267028809,15.720000267028809,15.720000267028809,175.0
2024-09-05 14:34:00+00:00,REG,73.47000122070312,73.47000122070312,73.47000122070312,73.44999694824219,73.44999694824219,1656.0
2024-09-05 14:34:00+00:00,ROIC,15.21500015258789,15.21500015258789,15.21500015258789,15.210000038146973,15.210000038146973,959.0
2024-09-05 14:34:00+00:00,SBRA,17.479999542236328,17.479999542236328,17.479999542236328,17.469999313354492,17.469999313354492,1889.0
2024-09-05 14:34:00+00:00,SVC,4.625,4.625,4.625,4.625,4.625,184.0
2024-09-05 14:34:00+00:00,UNIT,5.360799789428711,5.360799789428711,5.360799789428711,5.3404998779296875,5.34499979019165,17364.0
2024-09-05 14:34:00+00:00,WHLR,4.599999904632568,4.599999904632568,4.679999828338623,4.570000171661377,4.599999904632568,103207.0
2024-09-05 14:35:00+00:00,AFCG,10.345000267028809,10.345000267028809,10.345000267028809,10.345000267028809,10.345000267028809,928.0
2024-09-05 14:35:00+00:00,AGNC,10.234999656677246,10.234999656677246,10.239899635314941,10.234999656677246,10.234999656677246,69741.0
2024-09-05 14:35:00+00:00,CSGP,77.46499633789062,77.46499633789062,77.47000122070312,77.46499633789062,77.46499633789062,1132.0
2024-09-05 14:35:00+00:00,DHC,3.2799999713897705,3.2799999713897705,3.2799999713897705,3.2799999713897705,3.2799999713897705,354.0
2024-09-05 14:35:00+00:00,EQIX,821.7849731445312,821.7849731445312,821.7849731445312,821.7849731445312,821.7849731445312,108.0
2024-09-05 14:35:00+00:00,EXPI,11.689800262451172,11.689800262451172,11.689800262451172,11.680000305175781,11.680000305175781,2402.0
2024-09-05 14:35:00+00:00,FSV,178.67999267578125,178.67999267578125,178.67999267578125,178.67999267578125,178.67999267578125,1047.0
2024-09-05 14:35:00+00:00,FTHM,2.930500030517578,2.930500030517578,2.930500030517578,2.930500030517578,2.930500030517578,95.0
2024-09-05 14:35:00+00:00,GLPI,51.59000015258789,51.59000015258789,51.595001220703125,51.59000015258789,51.59000015258789,1344.0
2024-09-05 14:35:00+00:00,HST,16.7450008392334,16.7450008392334,16.75,16.7450008392334,16.746000289916992,6353.0
2024-09-05 14:35:00+00:00,ILPT,4.914999961853027,4.914999961853027,4.914999961853027,4.914999961853027,4.914999961853027,81.0
2024-09-05 14:35:00+00:00,LAMR,124.68499755859375,124.68499755859375,124.68499755859375,124.68499755859375,124.68499755859375,617.0
2024-09-05 14:35:00+00:00,LSEA,11.555000305175781,11.555000305175781,11.555000305175781,11.555000305175781,11.555000305175781,225.0
2024-09-05 14:35:00+00:00,NMRK,14.210000038146973,14.210000038146973,14.210000038146973,14.204999923706055,14.204999923706055,3946.0
2024-09-05 14:35:00+00:00,OPEN,1.9950000047683716,1.9950000047683716,1.9950000047683716,1.9950000047683716,1.9950000047683716,6528.0
2024-09-05 14:35:00+00:00,PECO,37.349998474121094,37.349998474121094,37.349998474121094,37.349998474121094,37.349998474121094,244.0
2024-09-05 14:35:00+00:00,RDFN,9.6899995803833,9.6899995803833,9.6899995803833,9.6850004196167,9.6850004196167,3602.0
2024-09-05 14:35:00+00:00,REFI,15.720000267028809,15.720000267028809,15.720000267028809,15.720000267028809,15.720000267028809,300.0
2024-09-05 14:35:00+00:00,RMR,24.530000686645508,24.530000686645508,24.600099563598633,24.530000686645508,24.600099563598633,3816.0
2024-09-05 14:35:00+00:00,ROIC,15.21500015258789,15.21500015258789,15.21500015258789,15.21500015258789,15.21500015258789,419.0
2024-09-05 14:35:00+00:00,SBRA,17.479999542236328,17.479999542236328,17.479999542236328,17.479999542236328,17.479999542236328,1136.0
2024-09-05 14:35:00+00:00,SELF,5.199999809265137,5.199999809265137,5.199999809265137,5.190000057220459,5.190000057220459,817.0
2024-09-05 14:35:00+00:00,STRS,25.399999618530273,25.399999618530273,25.399999618530273,25.399999618530273,25.399999618530273,227.0
2024-09-05 14:35:00+00:00,SVC,4.625,4.625,4.625,4.625,4.625,203.0
2024-09-05 14:35:00+00:00,UNIT,5.400000095367432,5.400000095367432,5.400000095367432,5.364999771118164,5.364999771118164,36934.0
2024-09-05 14:35:00+00:00,VINO,4.909999847412109,4.909999847412109,4.909999847412109,4.909999847412109,4.909999847412109,0.0
2024-09-05 14:35:00+00:00,WHLR,4.619999885559082,4.619999885559082,4.650000095367432,4.579999923706055,4.609899997711182,72742.0
2024-09-05 14:36:00+00:00,AGNC,10.234999656677246,10.234999656677246,10.234999656677246,10.23169994354248,10.234999656677246,7257.0
2024-09-05 14:36:00+00:00,CSGP,77.52970123291016,77.52970123291016,77.52999877929688,77.4800033569336,77.4800033569336,3266.0
2024-09-05 14:36:00+00:00,EQIX,821.7849731445312,821.7849731445312,821.8624877929688,821.780029296875,821.7849731445312,1788.0
2024-09-05 14:36:00+00:00,EXPI,11.6899995803833,11.6899995803833,11.6899995803833,11.6899995803833,11.6899995803833,537.0
2024-09-05 14:36:00+00:00,HST,16.7450008392334,16.7450008392334,16.7549991607666,16.7450008392334,16.75,13250.0
2024-09-05 14:36:00+00:00,HTIA,15.373700141906738,15.373700141906738,15.373700141906738,15.373700141906738,15.373700141906738,200.0
2024-09-05 14:36:00+00:00,HTIBP,15.649999618530273,15.649999618530273,15.649999618530273,15.649999618530273,15.649999618530273,580.0
2024-09-05 14:36:00+00:00,LAND,13.5600004196167,13.5600004196167,13.5600004196167,13.5600004196167,13.5600004196167,489.0
2024-09-05 14:36:00+00:00,NMRK,14.21500015258789,14.21500015258789,14.21500015258789,14.210000038146973,14.210000038146973,915.0
2024-09-05 14:36:00+00:00,NYMT,6.414999961853027,6.414999961853027,6.414999961853027,6.414999961853027,6.414999961853027,182.0
2024-09-05 14:36:00+00:00,OPEN,2.0,2.0,2.0,1.9900000095367432,1.9950000047683716,6943.0
2024-09-05 14:36:00+00:00,OPI,2.134999990463257,2.134999990463257,2.134999990463257,2.134999990463257,2.134999990463257,320.0
2024-09-05 14:36:00+00:00,PECO,37.369998931884766,37.369998931884766,37.369998931884766,37.369998931884766,37.369998931884766,309.0
2024-09-05 14:36:00+00:00,RDFN,9.710000038146973,9.710000038146973,9.719499588012695,9.694999694824219,9.699999809265137,7103.0
2024-09-05 14:36:00+00:00,REAX,5.695000171661377,5.695000171661377,5.695000171661377,5.690000057220459,5.690000057220459,688.0
2024-09-05 14:36:00+00:00,REFI,15.720000267028809,15.720000267028809,15.729999542236328,15.720000267028809,15.729999542236328,353.0
2024-09-05 14:36:00+00:00,REG,73.4749984741211,73.4749984741211,73.4800033569336,73.4749984741211,73.4800033569336,1155.0
2024-09-05 14:36:00+00:00,SVC,4.625,4.625,4.625,4.625,4.625,1414.0
2024-09-05 14:36:00+00:00,UNIT,5.375,5.375,5.40500020980835,5.375,5.40500020980835,24704.0
2024-09-05 14:36:00+00:00,WHLR,4.670100212097168,4.670100212097168,4.75,4.619999885559082,4.635000228881836,118294.0
2024-09-05 14:37:00+00:00,AGNC,10.234999656677246,10.234999656677246,10.239999771118164,10.23009967803955,10.239999771118164,3283.0
2024-09-05 14:37:00+00:00,CIGI,140.71499633789062,140.71499633789062,140.71499633789062,140.71499633789062,140.71499633789062,411.0
2024-09-05 14:37:00+00:00,CSGP,77.5199966430664,77.5199966430664,77.55000305175781,77.5199966430664,77.52999877929688,2585.0
2024-09-05 14:37:00+00:00,GLPI,51.59000015258789,51.59000015258789,51.59000015258789,51.59000015258789,51.59000015258789,443.0
2024-09-05 14:37:00+00:00,HST,16.7450008392334,16.7450008392334,16.7450008392334,16.739999771118164,16.7450008392334,11950.0
2024-09-05 14:37:00+00:00,LAND,13.5600004196167,13.5600004196167,13.5600004196167,13.5600004196167,13.5600004196167,162.0
2024-09-05 14:37:00+00:00,LSEA,11.569999694824219,11.569999694824219,11.569999694824219,11.555000305175781,11.555000305175781,1094.0
2024-09-05 14:37:00+00:00,NMRK,14.21500015258789,14.21500015258789,14.21500015258789,14.21500015258789,14.21500015258789,1417.0
2024-09-05 14:37:00+00:00,OPEN,1.9950000047683716,1.9950000047683716,2.0,1.993499994277954,2.0,117235.0
2024-09-05 14:37:00+00:00,PECO,37.36000061035156,37.36000061035156,37.36000061035156,37.35499954223633,37.35499954223633,901.0
2024-09-05 14:37:00+00:00,RDFN,9.717300415039062,9.717300415039062,9.717300415039062,9.71500015258789,9.71500015258789,4941.0
2024-09-05 14:37:00+00:00,REAX,5.694699764251709,5.694699764251709,5.694699764251709,5.690000057220459,5.690000057220459,1649.0
2024-09-05 14:37:00+00:00,ROIC,15.220000267028809,15.220000267028809,15.220000267028809,15.220000267028809,15.220000267028809,910.0
2024-09-05 14:37:00+00:00,SBRA,17.47330093383789,17.47330093383789,17.489999771118164,17.47330093383789,17.485000610351562,3315.0
2024-09-05 14:37:00+00:00,SVC,4.619999885559082,4.619999885559082,4.619999885559082,4.619999885559082,4.619999885559082,4658.0
2024-09-05 14:37:00+00:00,UNIT,5.364999771118164,5.364999771118164,5.375,5.364999771118164,5.375,8766.0
2024-09-05 14:37:00+00:00,WHLR,4.690299987792969,4.690299987792969,4.75,4.660999774932861,4.710000038146973,80299.0
2024-09-05 14:37:00+00:00,WHLRD,19.42919921875,19.42919921875,19.42919921875,19.42919921875,19.42919921875,3441.0
2024-09-05 14:38:00+00:00,AEI,1.1399999856948853,1.1399999856948853,1.1399999856948853,1.1399999856948853,1.1399999856948853,236.0
2024-09-05 14:38:00+00:00,AFCG,10.345000267028809,10.345000267028809,10.345000267028809,10.345000267028809,10.345000267028809,114.0
2024-09-05 14:38:00+00:00,AGNC,10.234999656677246,10.234999656677246,10.236900329589844,10.234999656677246,10.236900329589844,2994.0
2024-09-05 14:38:00+00:00,CMCT,1.940000057220459,1.940000057220459,1.940000057220459,1.940000057220459,1.940000057220459,345.0
2024-09-05 14:38:00+00:00,CSGP,77.4800033569336,77.4800033569336,77.5,77.4800033569336,77.5,1820.0
2024-09-05 14:38:00+00:00,DHC,3.2850000858306885,3.2850000858306885,3.2850000858306885,3.2850000858306885,3.2850000858306885,1266.0
2024-09-05 14:38:00+00:00,EXPI,11.6899995803833,11.6899995803833,11.6899995803833,11.680000305175781,11.6899995803833,2565.0
2024-09-05 14:38:00+00:00,GIPR,2.2950000762939453,2.2950000762939453,2.2950000762939453,2.2799999713897705,2.2799999713897705,2003.0
2024-09-05 14:38:00+00:00,GLPI,51.58000183105469,51.58000183105469,51.59000015258789,51.58000183105469,51.59000015258789,550.0
2024-09-05 14:38:00+00:00,HST,16.729999542236328,16.729999542236328,16.739999771118164,16.729999542236328,16.739999771118164,4990.0
2024-09-05 14:38:00+00:00,ILPT,4.920000076293945,4.920000076293945,4.920000076293945,4.909999847412109,4.909999847412109,1360.0
2024-09-05 14:38:00+00:00,NMRK,14.204999923706055,14.204999923706055,14.21500015258789,14.194999694824219,14.210000038146973,6541.0
2024-09-05 14:38:00+00:00,NYMT,6.414999961853027,6.414999961853027,6.414999961853027,6.414999961853027,6.414999961853027,336.0
2024-09-05 14:38:00+00:00,OPEN,2.005000114440918,2.005000114440918,2.009999990463257,1.9900000095367432,2.0,242348.0
2024-09-05 14:38:00+00:00,OPI,2.134999990463257,2.134999990463257,2.134999990463257,2.134999990463257,2.134999990463257,426.0
2024-09-05 14:38:00+00:00,PECO,37.349998474121094,37.349998474121094,37.349998474121094,37.349998474121094,37.349998474121094,896.0
2024-09-05 14:38:00+00:00,RDFN,9.6899995803833,9.6899995803833,9.710000038146973,9.6899995803833,9.710000038146973,4926.0
2024-09-05 14:38:00+00:00,REAX,5.679999828338623,5.679999828338623,5.684999942779541,5.679999828338623,5.684999942779541,383.0
2024-09-05 14:38:00+00:00,ROIC,15.21500015258789,15.21500015258789,15.21500015258789,15.21500015258789,15.21500015258789,507.0
2024-09-05 14:38:00+00:00,SBAC,233.8800048828125,233.8800048828125,233.8800048828125,233.8800048828125,233.8800048828125,1250.0
2024-09-05 14:38:00+00:00,SBRA,17.479999542236328,17.479999542236328,17.479999542236328,17.479999542236328,17.479999542236328,1206.0
2024-09-05 14:38:00+00:00,SVC,4.619999885559082,4.619999885559082,4.619999885559082,4.619999885559082,4.619999885559082,216.0
2024-09-05 14:38:00+00:00,UNIT,5.364999771118164,5.364999771118164,5.369999885559082,5.361199855804443,5.364999771118164,11085.0
2024-09-05 14:38:00+00:00,WHLR,4.639599800109863,4.639599800109863,4.739999771118164,4.579999923706055,4.699999809265137,56348.0
2024-09-05 14:39:00+00:00,AGNC,10.234999656677246,10.234999656677246,10.239999771118164,10.23169994354248,10.234999656677246,22216.0
2024-09-05 14:39:00+00:00,GLPI,51.58000183105469,51.58000183105469,51.599998474121094,51.58000183105469,51.599998474121094,662.0
2024-09-05 14:39:00+00:00,GOOD,15.260000228881836,15.260000228881836,15.260000228881836,15.260000228881836,15.260000228881836,680.0
2024-09-05 14:39:00+00:00,HST,16.735000610351562,16.735000610351562,16.739999771118164,16.735000610351562,16.739999771118164,6081.0
2024-09-05 14:39:00+00:00,ILPT,4.920000076293945,4.920000076293945,4.920000076293945,4.920000076293945,4.920000076293945,209.0
2024-09-05 14:39:00+00:00,LAND,13.550000190734863,13.550000190734863,13.550000190734863,13.550000190734863,13.550000190734863,292.0
2024-09-05 14:39:00+00:00,LSEA,11.5600004196167,11.5600004196167,11.5600004196167,11.5600004196167,11.5600004196167,372.0
2024-09-05 14:39:00+00:00,OPEN,2.0064001083374023,2.0064001083374023,2.0064001083374023,2.0,2.005000114440918,85998.0
2024-09-05 14:39:00+00:00,PECO,37.345001220703125,37.345001220703125,37.345001220703125,37.345001220703125,37.345001220703125,452.0
2024-09-05 14:39:00+00:00,RDFN,9.6899995803833,9.6899995803833,9.699999809265137,9.6899995803833,9.694999694824219,7707.0
2024-09-05 14:39:00+00:00,REG,73.4749984741211,73.4749984741211,73.4749984741211,73.4749984741211,73.4749984741211,441.0
2024-09-05 14:39:00+00:00,ROIC,15.220000267028809,15.220000267028809,15.220000267028809,15.220000267028809,15.220000267028809,797.0
2024-09-05 14:39:00+00:00,SBAC,233.85000610351562,233.85000610351562,233.9600067138672,233.85000610351562,233.9600067138672,783.0
2024-09-05 14:39:00+00:00,SBRA,17.479999542236328,17.479999542236328,17.479999542236328,17.475000381469727,17.475000381469727,577.0
2024-09-05 14:39:00+00:00,SVC,4.614999771118164,4.614999771118164,4.619999885559082,4.614999771118164,4.619999885559082,563.0
2024-09-05 14:39:00+00:00,UNIT,5.364999771118164,5.364999771118164,5.364999771118164,5.364999771118164,5.364999771118164,1204.0
2024-09-05 14:39:00+00:00,WHLR,4.449999809265137,4.449999809265137,4.630000114440918,4.320000171661377,4.630000114440918,246215.0
2024-09-05 14:40:00+00:00,AFCG,10.345000267028809,10.345000267028809,10.345000267028809,10.345000267028809,10.345000267028809,126.0
2024-09-05 14:40:00+00:00,AGNC,10.234999656677246,10.234999656677246,10.239999771118164,10.23169994354248,10.234999656677246,11261.0
2024-09-05 14:40:00+00:00,AGNCN,25.775800704956055,25.775800704956055,25.775800704956055,25.775800704956055,25.775800704956055,431.0
2024-09-05 14:40:00+00:00,CHCI,7.748000144958496,7.748000144958496,7.748000144958496,7.748000144958496,7.748000144958496,225.0
2024-09-05 14:40:00+00:00,CSGP,77.4800033569336,77.4800033569336,77.4800033569336,77.4800033569336,77.4800033569336,377.0
2024-09-05 14:40:00+00:00,GLPI,51.58000183105469,51.58000183105469,51.58000183105469,51.58000183105469,51.58000183105469,602.0
2024-09-05 14:40:00+00:00,HST,16.735000610351562,16.735000610351562,16.735000610351562,16.735000610351562,16.735000610351562,3051.0
2024-09-05 14:40:00+00:00,LAMR,124.68250274658203,124.68250274658203,124.68250274658203,124.68250274658203,124.68250274658203,142.0
2024-09-05 14:40:00+00:00,LANDM,24.360000610351562,24.360000610351562,24.360000610351562,24.360000610351562,24.360000610351562,250.0
2024-09-05 14:40:00+00:00,NMRK,14.1850004196167,14.1850004196167,14.1899995803833,14.1850004196167,14.1899995803833,726.0
2024-09-05 14:40:00+00:00,NYMT,6.414999961853027,6.414999961853027,6.414999961853027,6.414999961853027,6.414999961853027,353.0
2024-09-05 14:40:00+00:00,OPEN,2.0,2.0,2.005000114440918,2.0,2.000200033187866,73664.0
2024-09-05 14:40:00+00:00,PCH,42.71500015258789,42.71500015258789,42.71500015258789,42.71500015258789,42.71500015258789,277.0
2024-09-05 14:40:00+00:00,RDFN,9.704999923706055,9.704999923706055,9.709500312805176,9.694999694824219,9.694999694824219,4510.0
2024-09-05 14:40:00+00:00,REAX,5.679999828338623,5.679999828338623,5.684999942779541,5.679999828338623,5.679999828338623,2362.0
2024-09-05 14:40:00+00:00,SBAC,233.97000122070312,233.97000122070312,233.97000122070312,233.9499969482422,233.9499969482422,688.0
2024-09-05 14:40:00+00:00,SBRA,17.479999542236328,17.479999542236328,17.479999542236328,17.479999542236328,17.479999542236328,1608.0
2024-09-05 14:40:00+00:00,SVC,4.614999771118164,4.614999771118164,4.614999771118164,4.614999771118164,4.614999771118164,152.0
2024-09-05 14:40:00+00:00,UNIT,5.34499979019165,5.34499979019165,5.364999771118164,5.340000152587891,5.364999771118164,23915.0
2024-09-05 14:40:00+00:00,WHLR,4.369999885559082,4.369999885559082,4.46999979019165,4.349999904632568,4.444499969482422,110601.0
2024-09-05 14:41:00+00:00,AGNC,10.234999656677246,10.234999656677246,10.234999656677246,10.234999656677246,10.234999656677246,3524.0
2024-09-05 14:41:00+00:00,CSGP,77.45249938964844,77.45249938964844,77.4800033569336,77.44999694824219,77.4800033569336,2109.0
2024-09-05 14:41:00+00:00,EXPI,11.6899995803833,11.6899995803833,11.6899995803833,11.6899995803833,11.6899995803833,483.0
2024-09-05 14:41:00+00:00,GLPI,51.58000183105469,51.58000183105469,51.59000015258789,51.58000183105469,51.59000015258789,1282.0
2024-09-05 14:41:00+00:00,HST,16.735000610351562,16.735000610351562,16.735000610351562,16.729999542236328,16.735000610351562,2604.0
2024-09-05 14:41:00+00:00,LAND,13.539999961853027,13.539999961853027,13.539999961853027,13.539999961853027,13.539999961853027,796.0
2024-09-05 14:41:00+00:00,LSEA,11.550000190734863,11.550000190734863,11.550000190734863,11.550000190734863,11.550000190734863,319.0
2024-09-05 14:41:00+00:00,NMRK,14.180000305175781,14.180000305175781,14.1850004196167,14.180000305175781,14.1850004196167,3642.0
2024-09-05 14:41:00+00:00,NYMT,6.410099983215332,6.410099983215332,6.410099983215332,6.410099983215332,6.410099983215332,884.0
2024-09-05 14:41:00+00:00,OPEN,2.0,2.0,2.005000114440918,2.0,2.0,41538.0
2024-09-05 14:41:00+00:00,PECO,37.349998474121094,37.349998474121094,37.349998474121094,37.349998474121094,37.349998474121094,412.0
2024-09-05 14:41:00+00:00,RDFN,9.704999923706055,9.704999923706055,9.704999923706055,9.704999923706055,9.704999923706055,1325.0
2024-09-05 14:41:00+00:00,REAX,5.670000076293945,5.670000076293945,5.679999828338623,5.670000076293945,5.679999828338623,1851.0
2024-09-05 14:41:00+00:00,REG,73.4800033569336,73.4800033569336,73.4800033569336,73.4800033569336,73.4800033569336,1365.0
2024-09-05 14:41:00+00:00,SBAC,233.85000610351562,233.85000610351562,233.85000610351562,233.85000610351562,233.85000610351562,936.0
2024-09-05 14:41:00+00:00,SBRA,17.485000610351562,17.485000610351562,17.489999771118164,17.485000610351562,17.485000610351562,1130.0
2024-09-05 14:41:00+00:00,SVC,4.614999771118164,4.614999771118164,4.614999771118164,4.614999771118164,4.614999771118164,1486.0
2024-09-05 14:41:00+00:00,UNIT,5.34499979019165,5.34499979019165,5.349999904632568,5.340099811553955,5.34499979019165,12218.0
2024-09-05 14:41:00+00:00,WHLR,4.239999771118164,4.239999771118164,4.380000114440918,4.199999809265137,4.369999885559082,232510.0
2024-09-05 14:42:00+00:00,AFCG,10.34000015258789,10.34000015258789,10.345000267028809,10.34000015258789,10.345000267028809,2196.0
2024-09-05 14:42:00+00:00,AGNC,10.234999656677246,10.234999656677246,10.239999771118164,10.234999656677246,10.23550033569336,4358.0
2024-09-05 14:42:00+00:00,CSGP,77.41500091552734,77.41500091552734,77.44059753417969,77.41000366210938,77.44059753417969,2289.0
2024-09-05 14:42:00+00:00,GLPI,51.569801330566406,51.569801330566406,51.58000183105469,51.569801330566406,51.58000183105469,1480.0
2024-09-05 14:42:00+00:00,GOOD,15.25,15.25,15.25,15.25,15.25,502.0
2024-09-05 14:42:00+00:00,HST,16.725000381469727,16.725000381469727,16.735000610351562,16.725000381469727,16.735000610351562,7459.0
2024-09-05 14:42:00+00:00,ILPT,4.914999961853027,4.914999961853027,4.920000076293945,4.914999961853027,4.920000076293945,309.0
2024-09-05 14:42:00+00:00,LAMR,124.68499755859375,124.68499755859375,124.68499755859375,124.68499755859375,124.68499755859375,185.0
2024-09-05 14:42:00+00:00,LSEA,11.545000076293945,11.545000076293945,11.545000076293945,11.545000076293945,11.545000076293945,219.0
2024-09-05 14:42:00+00:00,NMRK,14.164999961853027,14.164999961853027,14.175000190734863,14.164999961853027,14.175000190734863,1423.0
2024-09-05 14:42:00+00:00,OPEN,2.005000114440918,2.005000114440918,2.005000114440918,2.0,2.005000114440918,9992.0
2024-09-05 14:42:00+00:00,OPI,2.134999990463257,2.134999990463257,2.134999990463257,2.134999990463257,2.134999990463257,311.0
2024-09-05 14:42:00+00:00,PCH,42.689998626708984,42.689998626708984,42.689998626708984,42.689998626708984,42.689998626708984,1310.0
2024-09-05 14:42:00+00:00,PECO,37.31999969482422,37.31999969482422,37.31999969482422,37.31999969482422,37.31999969482422,871.0
2024-09-05 14:42:00+00:00,RDFN,9.6899995803833,9.6899995803833,9.704999923706055,9.6899995803833,9.704500198364258,3052.0
2024-09-05 14:42:00+00:00,REAX,5.670000076293945,5.670000076293945,5.670000076293945,5.670000076293945,5.670000076293945,711.0
2024-09-05 14:42:00+00:00,REFI,15.710100173950195,15.710100173950195,15.71500015258789,15.710100173950195,15.71500015258789,499.0
2024-09-05 14:42:00+00:00,REG,73.41999816894531,73.41999816894531,73.42500305175781,73.41999816894531,73.42500305175781,1124.0
2024-09-05 14:42:00+00:00,ROIC,15.220000267028809,15.220000267028809,15.220000267028809,15.220000267028809,15.220000267028809,226.0
2024-09-05 14:42:00+00:00,SBAC,233.89999389648438,233.89999389648438,233.97500610351562,233.89999389648438,233.97500610351562,1399.0
2024-09-05 14:42:00+00:00,SVC,4.614999771118164,4.614999771118164,4.614999771118164,4.614999771118164,4.614999771118164,2630.0
2024-09-05 14:42:00+00:00,UNIT,5.341000080108643,5.341000080108643,5.355000019073486,5.340000152587891,5.34499979019165,9732.0
2024-09-05 14:42:00+00:00,WHLR,4.220099925994873,4.220099925994873,4.260000228881836,4.139999866485596,4.210000038146973,192798.0
2024-09-05 14:43:00+00:00,AGNC,10.234999656677246,10.234999656677246,10.239999771118164,10.23009967803955,10.234999656677246,9989.0
2024-09-05 14:43:00+00:00,CSGP,77.33999633789062,77.33999633789062,77.4000015258789,77.33999633789062,77.4000015258789,1514.0
2024-09-05 14:43:00+00:00,DHC,3.2850000858306885,3.2850000858306885,3.2850000858306885,3.2850000858306885,3.2850000858306885,631.0
2024-09-05 14:43:00+00:00,EQIX,821.85498046875,821.85498046875,821.85498046875,821.85498046875,821.85498046875,268.0
2024-09-05 14:43:00+00:00,EXPI,11.694499969482422,11.694499969482422,11.694999694824219,11.694499969482422,11.694999694824219,1071.0
2024-09-05 14:43:00+00:00,FSV,178.38999938964844,178.38999938964844,178.38999938964844,178.38999938964844,178.38999938964844,434.0
2024-09-05 14:43:00+00:00,FTHM,2.9453999996185303,2.9453999996185303,2.9453999996185303,2.9453999996185303,2.9453999996185303,2404.0
2024-09-05 14:43:00+00:00,GIPR,2.2950000762939453,2.2950000762939453,2.2950000762939453,2.2950000762939453,2.2950000762939453,840.0
2024-09-05 14:43:00+00:00,GLPI,51.58000183105469,51.58000183105469,51.58000183105469,51.55500030517578,51.55500030517578,2826.0
2024-09-05 14:43:00+00:00,HST,16.725000381469727,16.725000381469727,16.725000381469727,16.719999313354492,16.725000381469727,2444.0
2024-09-05 14:43:00+00:00,HTIBP,15.649999618530273,15.649999618530273,15.649999618530273,15.649999618530273,15.649999618530273,200.0
2024-09-05 14:43:00+00:00,LAMR,124.66500091552734,124.66500091552734,124.66500091552734,124.66500091552734,124.66500091552734,474.0
2024-09-05 14:43:00+00:00,LSEA,11.545000076293945,11.545000076293945,11.545000076293945,11.545000076293945,11.545000076293945,200.0
2024-09-05 14:43:00+00:00,NMRK,14.164999961853027,14.164999961853027,14.175000190734863,14.164999961853027,14.175000190734863,2509.0
2024-09-05 14:43:00+00:00,OPEN,2.005000114440918,2.005000114440918,2.005000114440918,2.0000998973846436,2.005000114440918,11904.0
2024-09-05 14:43:00+00:00,OPI,2.133500099182129,2.133500099182129,2.1389999389648438,2.130000114440918,2.130000114440918,3088.0
2024-09-05 14:43:00+00:00,PECO,37.31999969482422,37.31999969482422,37.31999969482422,37.31999969482422,37.31999969482422,523.0
2024-09-05 14:43:00+00:00,REAX,5.670000076293945,5.670000076293945,5.675000190734863,5.670000076293945,5.675000190734863,601.0
2024-09-05 14:43:00+00:00,REG,73.44000244140625,73.44000244140625,73.44000244140625,73.4000015258789,73.4000015258789,1983.0
2024-09-05 14:43:00+00:00,ROIC,15.21500015258789,15.21500015258789,15.21500015258789,15.210000038146973,15.210000038146973,953.0
2024-09-05 14:43:00+00:00,SBAC,234.0500030517578,234.0500030517578,234.0500030517578,234.0500030517578,234.0500030517578,355.0
2024-09-05 14:43:00+00:00,SBRA,17.485000610351562,17.485000610351562,17.489999771118164,17.485000610351562,17.489999771118164,709.0
2024-09-05 14:43:00+00:00,SVC,4.614999771118164,4.614999771118164,4.614999771118164,4.610000133514404,4.610000133514404,2803.0
2024-09-05 14:43:00+00:00,UNIT,5.34499979019165,5.34499979019165,5.349999904632568,5.34499979019165,5.34499979019165,3323.0
2024-09-05 14:43:00+00:00,WHLR,4.210000038146973,4.210000038146973,4.239999771118164,4.159999847412109,4.2210001945495605,85423.0
2024-09-05 14:44:00+00:00,AEI,1.1299999952316284,1.1299999952316284,1.1299999952316284,1.1299999952316284,1.1299999952316284,101.0
2024-09-05 14:44:00+00:00,AFCG,10.34000015258789,10.34000015258789,10.34000015258789,10.34000015258789,10.34000015258789,0.0
2024-09-05 14:44:00+00:00,AGNC,10.234999656677246,10.234999656677246,10.239999771118164,10.234999656677246,10.234999656677246,6569.0
2024-09-05 14:44:00+00:00,CSGP,77.38999938964844,77.38999938964844,77.38999938964844,77.37999725341797,77.37999725341797,644.0
2024-09-05 14:44:00+00:00,EQIX,821.1500244140625,821.1500244140625,821.1500244140625,821.1500244140625,821.1500244140625,116.0
2024-09-05 14:44:00+00:00,GLPI,51.58000183105469,51.58000183105469,51.58000183105469,51.58000183105469,51.58000183105469,305.0
2024-09-05 14:44:00+00:00,HST,16.719999313354492,16.719999313354492,16.725000381469727,16.719999313354492,16.725000381469727,6054.0
2024-09-05 14:44:00+00:00,ILPT,4.920000076293945,4.920000076293945,4.920000076293945,4.920000076293945,4.920000076293945,549.0
2024-09-05 14:44:00+00:00,LSEA,11.545000076293945,11.545000076293945,11.545000076293945,11.534000396728516,11.545000076293945,1547.0
2024-09-05 14:44:00+00:00,NMRK,14.170000076293945,14.170000076293945,14.175000190734863,14.15999984741211,14.15999984741211,986.0
2024-09-05 14:44:00+00:00,NYMT,6.414999961853027,6.414999961853027,6.414999961853027,6.414999961853027,6.414999961853027,171.0
2024-09-05 14:44:00+00:00,OPEN,2.0,2.0,2.005000114440918,2.0,2.005000114440918,43016.0
2024-09-05 14:44:00+00:00,OPI,2.130000114440918,2.130000114440918,2.130000114440918,2.130000114440918,2.130000114440918,0.0
2024-09-05 14:44:00+00:00,PECO,37.349998474121094,37.349998474121094,37.349998474121094,37.31999969482422,37.33000183105469,3528.0
2024-09-05 14:44:00+00:00,RDFN,9.694999694824219,9.694999694824219,9.694999694824219,9.681099891662598,9.6850004196167,5974.0
2024-09-05 14:44:00+00:00,REAX,5.675000190734863,5.675000190734863,5.679999828338623,5.675000190734863,5.675000190734863,1658.0
2024-09-05 14:44:00+00:00,SBRA,17.489999771118164,17.489999771118164,17.489999771118164,17.485000610351562,17.485000610351562,1361.0
2024-09-05 14:44:00+00:00,SEVN,13.655500411987305,13.655500411987305,13.655500411987305,13.655500411987305,13.655500411987305,343.0
2024-09-05 14:44:00+00:00,STRS,25.389999389648438,25.389999389648438,25.389999389648438,25.389999389648438,25.389999389648438,454.0
2024-09-05 14:44:00+00:00,UNIT,5.349999904632568,5.349999904632568,5.349999904632568,5.34499979019165,5.34499979019165,2610.0
2024-09-05 14:44:00+00:00,WHLR,4.150000095367432,4.150000095367432,4.21999979019165,4.150000095367432,4.170000076293945,54444.0
2024-09-05 14:45:00+00:00,AGNC,10.239999771118164,10.239999771118164,10.239999771118164,10.234999656677246,10.234999656677246,4826.0
2024-09-05 14:45:00+00:00,CSGP,77.38249969482422,77.38249969482422,77.38999938964844,77.37000274658203,77.38999938964844,1178.0
2024-09-05 14:45:00+00:00,EQIX,821.85498046875,821.85498046875,821.85498046875,821.85498046875,821.85498046875,143.0
2024-09-05 14:45:00+00:00,EXPI,11.699999809265137,11.699999809265137,11.699999809265137,11.699999809265137,11.699999809265137,994.0
2024-09-05 14:45:00+00:00,FSV,178.52499389648438,178.52499389648438,178.52499389648438,178.52499389648438,178.52499389648438,197.0
2024-09-05 14:45:00+00:00,GLPI,51.56999969482422,51.56999969482422,51.56999969482422,51.56999969482422,51.56999969482422,497.0
2024-09-05 14:45:00+00:00,GOOD,15.244999885559082,15.244999885559082,15.244999885559082,15.244999885559082,15.244999885559082,319.0
2024-09-05 14:45:00+00:00,HST,16.725000381469727,16.725000381469727,16.725000381469727,16.719999313354492,16.725000381469727,3302.0
2024-09-05 14:45:00+00:00,ILPT,4.925000190734863,4.925000190734863,4.925000190734863,4.925000190734863,4.925000190734863,726.0
2024-09-05 14:45:00+00:00,LANDO,21.3700008392334,21.3700008392334,21.3700008392334,21.3700008392334,21.3700008392334,200.0
2024-09-05 14:45:00+00:00,NMRK,14.194999694824219,14.194999694824219,14.194999694824219,14.180000305175781,14.180000305175781,2155.0
2024-09-05 14:45:00+00:00,OPEN,2.008699893951416,2.008699893951416,2.008699893951416,2.0,2.0,18950.0
2024-09-05 14:45:00+00:00,PCH,42.689998626708984,42.689998626708984,42.70000076293945,42.689998626708984,42.70000076293945,1080.0
2024-09-05 14:45:00+00:00,RDFN,9.694999694824219,9.694999694824219,9.69950008392334,9.670000076293945,9.680000305175781,15940.0
2024-09-05 14:45:00+00:00,REG,73.44999694824219,73.44999694824219,73.4800033569336,73.44999694824219,73.47000122070312,1361.0
2024-09-05 14:45:00+00:00,ROIC,15.21500015258789,15.21500015258789,15.220000267028809,15.21500015258789,15.220000267028809,1388.0
2024-09-05 14:45:00+00:00,SBAC,234.00999450683594,234.00999450683594,234.09500122070312,234.00999450683594,234.09500122070312,1597.0
2024-09-05 14:45:00+00:00,SBRA,17.489999771118164,17.489999771118164,17.489999771118164,17.489999771118164,17.489999771118164,1297.0
2024-09-05 14:45:00+00:00,SVC,4.616300106048584,4.616300106048584,4.616300106048584,4.616300106048584,4.616300106048584,623.0
2024-09-05 14:45:00+00:00,UNIT,5.346399784088135,5.346399784088135,5.347499847412109,5.34499979019165,5.347499847412109,1967.0
2024-09-05 14:45:00+00:00,WHLR,4.157199859619141,4.157199859619141,4.20989990234375,4.059999942779541,4.150000095367432,216674.0
2024-09-05 14:46:00+00:00,AFCG,10.345000267028809,10.345000267028809,10.345000267028809,10.345000267028809,10.345000267028809,212.0
2024-09-05 14:46:00+00:00,AGNC,10.234999656677246,10.234999656677246,10.234999656677246,10.234999656677246,10.234999656677246,8597.0
2024-09-05 14:46:00+00:00,CSGP,77.41000366210938,77.41000366210938,77.41000366210938,77.38500213623047,77.38500213623047,1042.0
2024-09-05 14:46:00+00:00,EQIX,821.010009765625,821.010009765625,821.4199829101562,821.010009765625,821.4199829101562,554.0
2024-09-05 14:46:00+00:00,EXPI,11.704999923706055,11.704999923706055,11.710000038146973,11.704999923706055,11.710000038146973,712.0
2024-09-05 14:46:00+00:00,GLPI,51.57500076293945,51.57500076293945,51.57500076293945,51.564998626708984,51.569801330566406,1752.0
2024-09-05 14:46:00+00:00,HST,16.729999542236328,16.729999542236328,16.729999542236328,16.725000381469727,16.725000381469727,3351.0
2024-09-05 14:46:00+00:00,LAND,13.532400131225586,13.532400131225586,13.532400131225586,13.532400131225586,13.532400131225586,118.0
2024-09-05 14:46:00+00:00,LANDO,21.3976993560791,21.3976993560791,21.3976993560791,21.350000381469727,21.350000381469727,484.0
2024-09-05 14:46:00+00:00,NMRK,14.1850004196167,14.1850004196167,14.194999694824219,14.1850004196167,14.194999694824219,1321.0
2024-09-05 14:46:00+00:00,NYMT,6.420000076293945,6.420000076293945,6.420000076293945,6.414999961853027,6.414999961853027,229.0
2024-09-05 14:46:00+00:00,OPEN,2.0,2.0,2.005000114440918,2.0,2.005000114440918,23344.0
2024-09-05 14:46:00+00:00,PCH,42.68000030517578,42.68000030517578,42.68000030517578,42.68000030517578,42.68000030517578,269.0
2024-09-05 14:46:00+00:00,PECO,37.31999969482422,37.31999969482422,37.33000183105469,37.31999969482422,37.33000183105469,1363.0
2024-09-05 14:46:00+00:00,RDFN,9.694999694824219,9.694999694824219,9.694999694824219,9.694999694824219,9.694999694824219,8147.0
2024-09-05 14:46:00+00:00,REAX,5.684999942779541,5.684999942779541,5.684999942779541,5.684999942779541,5.684999942779541,1632.0
2024-09-05 14:46:00+00:00,SBRA,17.489999771118164,17.489999771118164,17.5,17.489999771118164,17.4950008392334,1765.0
2024-09-05 14:46:00+00:00,SVC,4.619999885559082,4.619999885559082,4.619999885559082,4.619999885559082,4.619999885559082,484.0
2024-09-05 14:46:00+00:00,UNIT,5.34499979019165,5.34499979019165,5.349999904632568,5.34499979019165,5.349899768829346,24832.0
2024-09-05 14:46:00+00:00,WHLR,4.199900150299072,4.199900150299072,4.199999809265137,4.151000022888184,4.162300109863281,61588.0
2024-09-05 14:47:00+00:00,AGNC,10.239999771118164,10.239999771118164,10.239999771118164,10.234999656677246,10.234999656677246,5143.0
2024-09-05 14:47:00+00:00,BPYPP,14.819999694824219,14.819999694824219,14.819999694824219,14.819999694824219,14.819999694824219,1555.0
2024-09-05 14:47:00+00:00,CHCI,7.660200119018555,7.660200119018555,7.660299777984619,7.660200119018555,7.660299777984619,471.0
2024-09-05 14:47:00+00:00,CSGP,77.44999694824219,77.44999694824219,77.44999694824219,77.41999816894531,77.41999816894531,1989.0
2024-09-05 14:47:00+00:00,DHC,3.2850000858306885,3.2850000858306885,3.2850000858306885,3.2850000858306885,3.2850000858306885,320.0
2024-09-05 14:47:00+00:00,EQIX,822.3699951171875,822.3699951171875,822.7999877929688,821.9450073242188,821.9450073242188,1577.0
2024-09-05 14:47:00+00:00,EXPI,11.710000038146973,11.710000038146973,11.71500015258789,11.710000038146973,11.710000038146973,1557.0
2024-09-05 14:47:00+00:00,GLPI,51.57500076293945,51.57500076293945,51.57609939575195,51.56999969482422,51.57609939575195,786.0
2024-09-05 14:47:00+00:00,HST,16.719999313354492,16.719999313354492,16.729999542236328,16.719999313354492,16.725000381469727,2793.0
2024-09-05 14:47:00+00:00,LAND,13.550000190734863,13.550000190734863,13.550000190734863,13.550000190734863,13.550000190734863,238.0
2024-09-05 14:47:00+00:00,LSEA,11.5600004196167,11.5600004196167,11.569999694824219,11.550000190734863,11.550000190734863,773.0
2024-09-05 14:47:00+00:00,NMRK,14.194999694824219,14.194999694824219,14.194999694824219,14.1850004196167,14.1850004196167,1223.0
2024-09-05 14:47:00+00:00,NYMT,6.414999961853027,6.414999961853027,6.414999961853027,6.414999961853027,6.414999961853027,204.0
2024-09-05 14:47:00+00:00,OPEN,2.005000114440918,2.005000114440918,2.005000114440918,2.0,2.005000114440918,8648.0
2024-09-05 14:47:00+00:00,PECO,37.32500076293945,37.32500076293945,37.32500076293945,37.31999969482422,37.31999969482422,652.0
2024-09-05 14:47:00+00:00,RDFN,9.729999542236328,9.729999542236328,9.729999542236328,9.699999809265137,9.699999809265137,8280.0
2024-09-05 14:47:00+00:00,REAX,5.690000057220459,5.690000057220459,5.690000057220459,5.684999942779541,5.684999942779541,1973.0
2024-09-05 14:47:00+00:00,REG,73.44999694824219,73.44999694824219,73.44999694824219,73.41999816894531,73.41999816894531,741.0
2024-09-05 14:47:00+00:00,ROIC,15.229999542236328,15.229999542236328,15.229999542236328,15.220000267028809,15.220000267028809,2359.0
2024-09-05 14:47:00+00:00,SBRA,17.5,17.5,17.5,17.5,17.5,120.0
2024-09-05 14:47:00+00:00,SVC,4.619999885559082,4.619999885559082,4.619999885559082,4.619999885559082,4.619999885559082,244.0
2024-09-05 14:47:00+00:00,UNIT,5.34499979019165,5.34499979019165,5.349999904632568,5.340000152587891,5.349999904632568,14341.0
2024-09-05 14:47:00+00:00,WHLR,4.360000133514404,4.360000133514404,4.360000133514404,4.179999828338623,4.199399948120117,178914.0
2024-09-05 14:48:00+00:00,AGNC,10.244999885559082,10.244999885559082,10.244999885559082,10.234999656677246,10.234999656677246,41630.0
2024-09-05 14:48:00+00:00,CSGP,77.46499633789062,77.46499633789062,77.4800033569336,77.46499633789062,77.4800033569336,1199.0
2024-09-05 14:48:00+00:00,EQIX,823.0499877929688,823.0499877929688,823.0499877929688,823.0499877929688,823.0499877929688,708.0
2024-09-05 14:48:00+00:00,EXPI,11.699999809265137,11.699999809265137,11.710000038146973,11.699999809265137,11.710000038146973,1474.0
2024-09-05 14:48:00+00:00,GLPI,51.59000015258789,51.59000015258789,51.59000015258789,51.57979965209961,51.57979965209961,2523.0
2024-09-05 14:48:00+00:00,HST,16.719999313354492,16.719999313354492,16.729900360107422,16.719999313354492,16.719999313354492,3827.0
2024-09-05 14:48:00+00:00,LAMR,124.6449966430664,124.6449966430664,124.69000244140625,124.6449966430664,124.69000244140625,1533.0
2024-09-05 14:48:00+00:00,LSEA,11.539999961853027,11.539999961853027,11.550000190734863,11.539999961853027,11.550000190734863,663.0
2024-09-05 14:48:00+00:00,MDJH,1.0499999523162842,1.0499999523162842,1.0499999523162842,1.0499999523162842,1.0499999523162842,972.0
2024-09-05 14:48:00+00:00,NMRK,14.1850004196167,14.1850004196167,14.1850004196167,14.180000305175781,14.180000305175781,500.0
2024-09-05 14:48:00+00:00,NYMT,6.414999961853027,6.414999961853027,6.417500019073486,6.414999961853027,6.417500019073486,2753.0
2024-09-05 14:48:00+00:00,OPEN,2.005000114440918,2.005000114440918,2.009999990463257,2.005000114440918,2.009999990463257,1916.0
2024-09-05 14:48:00+00:00,RDFN,9.720000267028809,9.720000267028809,9.729999542236328,9.720000267028809,9.729999542236328,7189.0
2024-09-05 14:48:00+00:00,REG,73.46749877929688,73.46749877929688,73.46749877929688,73.46749877929688,73.46749877929688,461.0
2024-09-05 14:48:00+00:00,SBAC,234.14500427246094,234.14500427246094,234.14500427246094,234.14500427246094,234.14500427246094,810.0
2024-09-05 14:48:00+00:00,SBRA,17.4950008392334,17.4950008392334,17.5,17.4950008392334,17.4950008392334,1109.0
2024-09-05 14:48:00+00:00,SELF,5.20989990234375,5.20989990234375,5.20989990234375,5.20989990234375,5.20989990234375,892.0
2024-09-05 14:48:00+00:00,SVC,4.619999885559082,4.619999885559082,4.619999885559082,4.619999885559082,4.619999885559082,510.0
2024-09-05 14:48:00+00:00,UNIT,5.335000038146973,5.335000038146973,5.34499979019165,5.324999809265137,5.34499979019165,36540.0
2024-09-05 14:48:00+00:00,WHLR,4.400100231170654,4.400100231170654,4.440000057220459,4.300000190734863,4.359000205993652,149512.0
2024-09-05 14:49:00+00:00,AFCG,10.345000267028809,10.345000267028809,10.345000267028809,10.345000267028809,10.345000267028809,333.0
2024-09-05 14:49:00+00:00,AGNC,10.244999885559082,10.244999885559082,10.25,10.244999885559082,10.244999885559082,3559.0
2024-09-05 14:49:00+00:00,AGNCL,24.18000030517578,24.18000030517578,24.18000030517578,24.18000030517578,24.18000030517578,648.0
2024-09-05 14:49:00+00:00,BPYPO,13.460000038146973,13.460000038146973,13.460000038146973,13.460000038146973,13.460000038146973,20.0
2024-09-05 14:49:00+00:00,CSGP,77.43000030517578,77.43000030517578,77.47000122070312,77.43000030517578,77.47000122070312,1021.0
2024-09-05 14:49:00+00:00,FTHM,2.9600000381469727,2.9600000381469727,2.9600000381469727,2.9600000381469727,2.9600000381469727,557.0
2024-09-05 14:49:00+00:00,GLPI,51.625,51.625,51.630001068115234,51.599998474121094,51.599998474121094,1592.0
2024-09-05 14:49:00+00:00,HST,16.725000381469727,16.725000381469727,16.729999542236328,16.719999313354492,16.729999542236328,3951.0
2024-09-05 14:49:00+00:00,ILPT,4.929999828338623,4.929999828338623,4.929999828338623,4.925000190734863,4.929999828338623,1710.0
2024-09-05 14:49:00+00:00,LSEA,11.53499984741211,11.53499984741211,11.53499984741211,11.53499984741211,11.53499984741211,101.0
2024-09-05 14:49:00+00:00,NMRK,14.199999809265137,14.199999809265137,14.199999809265137,14.1850004196167,14.1850004196167,1263.0
2024-09-05 14:49:00+00:00,NYMT,6.414999961853027,6.414999961853027,6.414999961853027,6.414999961853027,6.414999961853027,2075.0
2024-09-05 14:49:00+00:00,OPEN,2.005000114440918,2.005000114440918,2.005000114440918,2.0,2.005000114440918,3465.0
2024-09-05 14:49:00+00:00,PCH,42.65999984741211,42.65999984741211,42.65999984741211,42.65999984741211,42.65999984741211,1091.0
2024-09-05 14:49:00+00:00,PECO,37.34000015258789,37.34000015258789,37.34000015258789,37.33000183105469,37.33000183105469,947.0
2024-09-05 14:49:00+00:00,RDFN,9.706199645996094,9.706199645996094,9.720000267028809,9.699999809265137,9.720000267028809,16657.0
2024-09-05 14:49:00+00:00,REAX,5.695000171661377,5.695000171661377,5.695000171661377,5.690000057220459,5.690000057220459,463.0
2024-09-05 14:49:00+00:00,SBRA,17.4950008392334,17.4950008392334,17.5,17.4950008392334,17.4950008392334,9607.0
2024-09-05 14:49:00+00:00,SVC,4.614999771118164,4.614999771118164,4.614999771118164,4.614999771118164,4.614999771118164,200.0
2024-09-05 14:49:00+00:00,UNIT,5.340000152587891,5.340000152587891,5.340000152587891,5.335000038146973,5.335000038146973,3349.0
2024-09-05 14:49:00+00:00,WHLR,4.460000038146973,4.460000038146973,4.489999771118164,4.400000095367432,4.409999847412109,99042.0
2024-09-05 14:50:00+00:00,AGNC,10.244999885559082,10.244999885559082,10.248499870300293,10.244999885559082,10.248499870300293,2482.0
2024-09-05 14:50:00+00:00,CSGP,77.4800033569336,77.4800033569336,77.4800033569336,77.43000030517578,77.43000030517578,1507.0
2024-09-05 14:50:00+00:00,DHC,3.2850000858306885,3.2850000858306885,3.2850000858306885,3.2850000858306885,3.2850000858306885,851.0
2024-09-05 14:50:00+00:00,EXPI,11.710000038146973,11.710000038146973,11.710000038146973,11.704999923706055,11.704999923706055,3073.0
2024-09-05 14:50:00+00:00,FSV,178.5399932861328,178.5399932861328,178.5399932861328,178.5399932861328,178.5399932861328,200.0
2024-09-05 14:50:00+00:00,GLPI,51.650001525878906,51.650001525878906,51.650001525878906,51.619998931884766,51.625,3981.0
2024-09-05 14:50:00+00:00,GOOD,15.246999740600586,15.246999740600586,15.246999740600586,15.244999885559082,15.244999885559082,691.0
2024-09-05 14:50:00+00:00,HST,16.735000610351562,16.735000610351562,16.735000610351562,16.725000381469727,16.729999542236328,19245.0
2024-09-05 14:50:00+00:00,HTIBP,15.649999618530273,15.649999618530273,15.649999618530273,15.649999618530273,15.649999618530273,362.0
2024-09-05 14:50:00+00:00,LAND,13.556099891662598,13.556099891662598,13.5600004196167,13.550000190734863,13.550000190734863,619.0
2024-09-05 14:50:00+00:00,LSEA,11.520000457763672,11.520000457763672,11.520000457763672,11.520000457763672,11.520000457763672,285.0
2024-09-05 14:50:00+00:00,NMRK,14.199999809265137,14.199999809265137,14.204999923706055,14.199999809265137,14.199999809265137,1585.0
2024-09-05 14:50:00+00:00,NYMT,6.420000076293945,6.420000076293945,6.420000076293945,6.420000076293945,6.420000076293945,1079.0
2024-09-05 14:50:00+00:00,OPEN,2.0000998973846436,2.0000998973846436,2.005500078201294,2.0000998973846436,2.005000114440918,21881.0
2024-09-05 14:50:00+00:00,PECO,37.33000183105469,37.33000183105469,37.33000183105469,37.31999969482422,37.31999969482422,945.0
2024-09-05 14:50:00+00:00,RDFN,9.704999923706055,9.704999923706055,9.709400177001953,9.699999809265137,9.704999923706055,5690.0
2024-09-05 14:50:00+00:00,REAX,5.710000038146973,5.710000038146973,5.710000038146973,5.695000171661377,5.699999809265137,3024.0
2024-09-05 14:50:00+00:00,REG,73.48570251464844,73.48570251464844,73.48570251464844,73.48570251464844,73.48570251464844,1369.0
2024-09-05 14:50:00+00:00,ROIC,15.229999542236328,15.229999542236328,15.229999542236328,15.229999542236328,15.229999542236328,1039.0
2024-09-05 14:50:00+00:00,SBAC,234.14999389648438,234.14999389648438,234.14999389648438,234.14999389648438,234.14999389648438,246.0
2024-09-05 14:50:00+00:00,SBRA,17.479999542236328,17.479999542236328,17.489999771118164,17.479999542236328,17.489999771118164,5334.0
2024-09-05 14:50:00+00:00,SVC,4.614999771118164,4.614999771118164,4.619999885559082,4.614999771118164,4.619999885559082,2649.0
2024-09-05 14:50:00+00:00,UNIT,5.337399959564209,5.337399959564209,5.340000152587891,5.335000038146973,5.340000152587891,3735.0
2024-09-05 14:50:00+00:00,WHLR,4.369999885559082,4.369999885559082,4.460100173950195,4.300000190734863,4.449999809265137,89885.0
2024-09-05 14:51:00+00:00,AFCG,10.345000267028809,10.345000267028809,10.350000381469727,10.345000267028809,10.350000381469727,1027.0
2024-09-05 14:51:00+00:00,AGNC,10.244999885559082,10.244999885559082,10.25,10.244999885559082,10.244999885559082,5468.0
2024-09-05 14:51:00+00:00,CSGP,77.44999694824219,77.44999694824219,77.48500061035156,77.44999694824219,77.48500061035156,960.0
2024-09-05 14:51:00+00:00,DUO,0.4099000096321106,0.4099000096321106,0.4099000096321106,0.4000999927520752,0.4000999927520752,899.0
2024-09-05 14:51:00+00:00,EQIX,822.6500244140625,822.6500244140625,822.6500244140625,822.6500244140625,822.6500244140625,187.0
2024-09-05 14:51:00+00:00,FSV,178.72999572753906,178.72999572753906,178.72999572753906,178.72999572753906,178.72999572753906,619.0
2024-09-05 14:51:00+00:00,GLPI,51.654998779296875,51.654998779296875,51.654998779296875,51.650001525878906,51.650001525878906,740.0
2024-09-05 14:51:00+00:00,GOOD,15.242899894714355,15.242899894714355,15.244999885559082,15.242899894714355,15.244999885559082,516.0
2024-09-05 14:51:00+00:00,HST,16.732500076293945,16.732500076293945,16.739999771118164,16.732500076293945,16.735000610351562,8219.0
2024-09-05 14:51:00+00:00,NMRK,14.225000381469727,14.225000381469727,14.225000381469727,14.210000038146973,14.210000038146973,3083.0
2024-09-05 14:51:00+00:00,NYMT,6.420000076293945,6.420000076293945,6.425000190734863,6.420000076293945,6.420000076293945,5615.0
2024-09-05 14:51:00+00:00,OPEN,2.009999990463257,2.009999990463257,2.009999990463257,2.0,2.0,28534.0
2024-09-05 14:51:00+00:00,PECO,37.36000061035156,37.36000061035156,37.36000061035156,37.36000061035156,37.36000061035156,529.0
2024-09-05 14:51:00+00:00,RDFN,9.720000267028809,9.720000267028809,9.720000267028809,9.704999923706055,9.704999923706055,3961.0
2024-09-05 14:51:00+00:00,REAX,5.710000038146973,5.710000038146973,5.710000038146973,5.710000038146973,5.710000038146973,507.0
2024-09-05 14:51:00+00:00,REG,73.4800033569336,73.4800033569336,73.48999786376953,73.4800033569336,73.48999786376953,1688.0
2024-09-05 14:51:00+00:00,ROIC,15.25,15.25,15.25,15.225000381469727,15.225000381469727,7228.0
2024-09-05 14:51:00+00:00,SBAC,233.9250030517578,233.9250030517578,234.10000610351562,233.9199981689453,234.10000610351562,2848.0
2024-09-05 14:51:00+00:00,SBRA,17.479999542236328,17.479999542236328,17.485000610351562,17.479999542236328,17.485000610351562,1071.0
2024-09-05 14:51:00+00:00,SVC,4.625800132751465,4.625800132751465,4.625800132751465,4.619999885559082,4.619999885559082,5748.0
2024-09-05 14:51:00+00:00,UNIT,5.335000038146973,5.335000038146973,5.335000038146973,5.331200122833252,5.331200122833252,1050.0
2024-09-05 14:51:00+00:00,VINO,5.03000020980835,5.03000020980835,5.03000020980835,5.03000020980835,5.03000020980835,415.0
2024-09-05 14:51:00+00:00,WHLR,4.300000190734863,4.300000190734863,4.389999866485596,4.300000190734863,4.379000186920166,45979.0
2024-09-05 14:52:00+00:00,AFCG,10.345000267028809,10.345000267028809,10.345000267028809,10.345000267028809,10.345000267028809,329.0
2024-09-05 14:52:00+00:00,AGNC,10.244999885559082,10.244999885559082,10.25,10.244999885559082,10.244999885559082,6747.0
2024-09-05 14:52:00+00:00,ASPS,1.090000033378601,1.090000033378601,1.090000033378601,1.090000033378601,1.090000033378601,101.0
2024-09-05 14:52:00+00:00,CIGI,140.8699951171875,140.8699951171875,140.8699951171875,140.8699951171875,140.8699951171875,198.0
2024-09-05 14:52:00+00:00,CSGP,77.37999725341797,77.37999725341797,77.44000244140625,77.37999725341797,77.44000244140625,1557.0
2024-09-05 14:52:00+00:00,EQIX,823.3350219726562,823.3350219726562,823.3350219726562,823.3350219726562,823.3350219726562,537.0
2024-09-05 14:52:00+00:00,EXPI,11.699999809265137,11.699999809265137,11.699999809265137,11.699999809265137,11.699999809265137,1830.0
2024-09-05 14:52:00+00:00,GLPI,51.66999816894531,51.66999816894531,51.66999816894531,51.65999984741211,51.65999984741211,1921.0
2024-09-05 14:52:00+00:00,HST,16.735000610351562,16.735000610351562,16.735000610351562,16.735000610351562,16.735000610351562,2225.0
2024-09-05 14:52:00+00:00,LAND,13.569999694824219,13.569999694824219,13.569999694824219,13.569999694824219,13.569999694824219,561.0
2024-09-05 14:52:00+00:00,LSEA,11.520000457763672,11.520000457763672,11.520000457763672,11.520000457763672,11.520000457763672,714.0
2024-09-05 14:52:00+00:00,MDRR,12.249199867248535,12.249199867248535,12.249199867248535,12.249199867248535,12.249199867248535,226.0
2024-09-05 14:52:00+00:00,NMRK,14.225000381469727,14.225000381469727,14.225000381469727,14.220000267028809,14.225000381469727,3157.0
2024-09-05 14:52:00+00:00,NYMT,6.425000190734863,6.425000190734863,6.425000190734863,6.425000190734863,6.425000190734863,291.0
2024-09-05 14:52:00+00:00,OPEN,2.005000114440918,2.005000114440918,2.009999990463257,2.0,2.005000114440918,23321.0
2024-09-05 14:52:00+00:00,PCH,42.70159912109375,42.70159912109375,42.70159912109375,42.70159912109375,42.70159912109375,133.0
2024-09-05 14:52:00+00:00,RDFN,9.719900131225586,9.719900131225586,9.725000381469727,9.699999809265137,9.725000381469727,10637.0
2024-09-05 14:52:00+00:00,REAX,5.710000038146973,5.710000038146973,5.710000038146973,5.710000038146973,5.710000038146973,344.0
2024-09-05 14:52:00+00:00,REG,73.50499725341797,73.50499725341797,73.50499725341797,73.48999786376953,73.48999786376953,878.0
2024-09-05 14:52:00+00:00,ROIC,15.239999771118164,15.239999771118164,15.244999885559082,15.234999656677246,15.239999771118164,4048.0
2024-09-05 14:52:00+00:00,SBAC,233.93499755859375,233.93499755859375,233.93499755859375,233.93499755859375,233.93499755859375,532.0
2024-09-05 14:52:00+00:00,SBRA,17.484500885009766,17.484500885009766,17.485000610351562,17.484500885009766,17.485000610351562,1163.0
2024-09-05 14:52:00+00:00,SQFTW,0.029999999329447746,0.029999999329447746,0.029999999329447746,0.029999999329447746,0.029999999329447746,38229.0
2024-09-05 14:52:00+00:00,SVC,4.619999885559082,4.619999885559082,4.625,4.619999885559082,4.625,2874.0
2024-09-05 14:52:00+00:00,UNIT,5.349999904632568,5.349999904632568,5.349999904632568,5.335000038146973,5.335000038146973,15054.0
2024-09-05 14:52:00+00:00,WHLR,4.329999923706055,4.329999923706055,4.3979997634887695,4.230000019073486,4.300000190734863,105964.0
2024-09-05 14:52:00+00:00,WHLRP,2.7799999713897705,2.7799999713897705,2.7799999713897705,2.6700000762939453,2.6700000762939453,617.0
2024-09-05 14:53:00+00:00,AFCG,10.345000267028809,10.345000267028809,10.349699974060059,10.345000267028809,10.349699974060059,343.0
2024-09-05 14:53:00+00:00,AGNC,10.244999885559082,10.244999885559082,10.25,10.244999885559082,10.244999885559082,5412.0
2024-09-05 14:53:00+00:00,CSGP,77.33000183105469,77.33000183105469,77.33000183105469,77.30500030517578,77.31999969482422,968.0
2024-09-05 14:53:00+00:00,EXPI,11.699999809265137,11.699999809265137,11.704999923706055,11.699999809265137,11.699999809265137,1080.0
2024-09-05 14:53:00+00:00,GIPR,2.299999952316284,2.299999952316284,2.299999952316284,2.299999952316284,2.299999952316284,104.0
2024-09-05 14:53:00+00:00,GOOD,15.25,15.25,15.25,15.239999771118164,15.239999771118164,1353.0
2024-09-05 14:53:00+00:00,HST,16.735000610351562,16.735000610351562,16.735000610351562,16.735000610351562,16.735000610351562,3754.0
2024-09-05 14:53:00+00:00,LAMR,124.93499755859375,124.93499755859375,124.95500183105469,124.93499755859375,124.94499969482422,464.0
2024-09-05 14:53:00+00:00,LSEA,11.510000228881836,11.510000228881836,11.510000228881836,11.510000228881836,11.510000228881836,174.0
2024-09-05 14:53:00+00:00,NMRK,14.225000381469727,14.225000381469727,14.225000381469727,14.225000381469727,14.225000381469727,581.0
2024-09-05 14:53:00+00:00,NYMT,6.41349983215332,6.41349983215332,6.420000076293945,6.41349983215332,6.420000076293945,2439.0
2024-09-05 14:53:00+00:00,OPEN,2.0028998851776123,2.0028998851776123,2.009999990463257,2.0,2.005000114440918,8678.0
2024-09-05 14:53:00+00:00,OPI,2.1342999935150146,2.1342999935150146,2.1342999935150146,2.1342999935150146,2.1342999935150146,308.0
2024-09-05 14:53:00+00:00,PCH,42.70000076293945,42.70000076293945,42.70000076293945,42.70000076293945,42.70000076293945,486.0
2024-09-05 14:53:00+00:00,RDFN,9.710000038146973,9.710000038146973,9.71500015258789,9.710000038146973,9.71500015258789,3097.0
2024-09-05 14:53:00+00:00,REAX,5.695000171661377,5.695000171661377,5.710000038146973,5.695000171661377,5.699999809265137,2447.0
2024-09-05 14:53:00+00:00,REG,73.58000183105469,73.58000183105469,73.59500122070312,73.5199966430664,73.54000091552734,8101.0
2024-09-05 14:53:00+00:00,SBAC,233.97000122070312,233.97000122070312,233.97000122070312,233.9600067138672,233.9600067138672,1529.0
2024-09-05 14:53:00+00:00,SBRA,17.485000610351562,17.485000610351562,17.489999771118164,17.485000610351562,17.485000610351562,1046.0
2024-09-05 14:53:00+00:00,SEVN,13.6899995803833,13.6899995803833,13.6899995803833,13.6899995803833,13.6899995803833,547.0
2024-09-05 14:53:00+00:00,SVC,4.614999771118164,4.614999771118164,4.614999771118164,4.614999771118164,4.614999771118164,155.0
2024-09-05 14:53:00+00:00,UNIT,5.349999904632568,5.349999904632568,5.349999904632568,5.34499979019165,5.34499979019165,964.0
2024-09-05 14:53:00+00:00,WHLR,4.349999904632568,4.349999904632568,4.359000205993652,4.300000190734863,4.329999923706055,51846.0
2024-09-05 14:54:00+00:00,AGNC,10.244999885559082,10.244999885559082,10.25,10.239999771118164,10.25,8945.0
2024-09-05 14:54:00+00:00,CIGI,141.0,141.0,141.0,141.0,141.0,220.0
2024-09-05 14:54:00+00:00,CSGP,77.3499984741211,77.3499984741211,77.3499984741211,77.3499984741211,77.3499984741211,789.0
2024-09-05 14:54:00+00:00,EQIX,822.3800048828125,822.3800048828125,822.3800048828125,822.3800048828125,822.3800048828125,269.0
2024-09-05 14:54:00+00:00,EXPI,11.729999542236328,11.729999542236328,11.729999542236328,11.710000038146973,11.710000038146973,815.0
2024-09-05 14:54:00+00:00,GLPI,51.67399978637695,51.67399978637695,51.67399978637695,51.66999816894531,51.66999816894531,1150.0
2024-09-05 14:54:00+00:00,GOOD,15.25,15.25,15.25,15.25,15.25,932.0
2024-09-05 14:54:00+00:00,HST,16.735000610351562,16.735000610351562,16.735000610351562,16.729999542236328,16.729999542236328,7882.0
2024-09-05 14:54:00+00:00,LAMR,124.94000244140625,124.94000244140625,124.94000244140625,124.94000244140625,124.94000244140625,297.0
2024-09-05 14:54:00+00:00,LSEA,11.489999771118164,11.489999771118164,11.489999771118164,11.489999771118164,11.489999771118164,127.0
2024-09-05 14:54:00+00:00,NMRK,14.225000381469727,14.225000381469727,14.225000381469727,14.225000381469727,14.225000381469727,601.0
2024-09-05 14:54:00+00:00,NYMT,6.412799835205078,6.412799835205078,6.412799835205078,6.412799835205078,6.412799835205078,1107.0
2024-09-05 14:54:00+00:00,OPEN,2.009999990463257,2.009999990463257,2.009999990463257,2.0,2.009999990463257,6448.0
2024-09-05 14:54:00+00:00,RDFN,9.750800132751465,9.750800132751465,9.759699821472168,9.71500015258789,9.720000267028809,25698.0
2024-09-05 14:54:00+00:00,REAX,5.695000171661377,5.695000171661377,5.695000171661377,5.695000171661377,5.695000171661377,2061.0
2024-09-05 14:54:00+00:00,REG,73.55000305175781,73.55000305175781,73.58000183105469,73.55000305175781,73.58000183105469,1379.0
2024-09-05 14:54:00+00:00,ROIC,15.234999656677246,15.234999656677246,15.234999656677246,15.234999656677246,15.234999656677246,730.0
2024-09-05 14:54:00+00:00,SBRA,17.5,17.5,17.5,17.489999771118164,17.489999771118164,2943.0
2024-09-05 14:54:00+00:00,SVC,4.614999771118164,4.614999771118164,4.614999771118164,4.614999771118164,4.614999771118164,200.0
2024-09-05 14:54:00+00:00,UNIT,5.369999885559082,5.369999885559082,5.369999885559082,5.34499979019165,5.34499979019165,9246.0
2024-09-05 14:54:00+00:00,WHLR,4.239999771118164,4.239999771118164,4.359000205993652,4.230000019073486,4.340199947357178,64422.0
2024-09-05 14:55:00+00:00,AGNC,10.244999885559082,10.244999885559082,10.25,10.244999885559082,10.244999885559082,8951.0
2024-09-05 14:55:00+00:00,EXPI,11.729999542236328,11.729999542236328,11.729999542236328,11.720000267028809,11.720000267028809,1278.0
2024-09-05 14:55:00+00:00,GIPR,2.30049991607666,2.30049991607666,2.30049991607666,2.30049991607666,2.30049991607666,105.0
2024-09-05 14:55:00+00:00,GLPI,51.66999816894531,51.66999816894531,51.66999816894531,51.65999984741211,51.65999984741211,579.0
2024-09-05 14:55:00+00:00,GOOD,15.244999885559082,15.244999885559082,15.244999885559082,15.244999885559082,15.244999885559082,137.0
2024-09-05 14:55:00+00:00,HST,16.71500015258789,16.71500015258789,16.725000381469727,16.71109962463379,16.725000381469727,14223.0
2024-09-05 14:55:00+00:00,LAMR,124.84500122070312,124.84500122070312,124.94000244140625,124.84500122070312,124.94000244140625,995.0
2024-09-05 14:55:00+00:00,LSEA,11.5,11.5,11.5,11.489999771118164,11.5,766.0
2024-09-05 14:55:00+00:00,NMRK,14.21500015258789,14.21500015258789,14.220000267028809,14.21500015258789,14.220000267028809,1240.0
2024-09-05 14:55:00+00:00,OPEN,2.009999990463257,2.009999990463257,2.009999990463257,2.0000998973846436,2.009999990463257,15526.0
2024-09-05 14:55:00+00:00,PECO,37.36000061035156,37.36000061035156,37.36000061035156,37.36000061035156,37.36000061035156,657.0
2024-09-05 14:55:00+00:00,RDFN,9.755000114440918,9.755000114440918,9.756400108337402,9.744999885559082,9.756400108337402,9998.0
2024-09-05 14:55:00+00:00,REAX,5.690000057220459,5.690000057220459,5.690000057220459,5.690000057220459,5.690000057220459,209.0
2024-09-05 14:55:00+00:00,REG,73.56999969482422,73.56999969482422,73.58999633789062,73.55999755859375,73.56999969482422,6510.0
2024-09-05 14:55:00+00:00,SBAC,233.63999938964844,233.63999938964844,233.82000732421875,233.63999938964844,233.82000732421875,1436.0
2024-09-05 14:55:00+00:00,SBRA,17.489999771118164,17.489999771118164,17.4950008392334,17.487699508666992,17.4950008392334,8044.0
2024-09-05 14:55:00+00:00,SVC,4.614999771118164,4.614999771118164,4.614999771118164,4.614999771118164,4.614999771118164,806.0
2024-09-05 14:55:00+00:00,UNIT,5.369999885559082,5.369999885559082,5.369999885559082,5.340000152587891,5.364999771118164,93681.0
2024-09-05 14:55:00+00:00,WHLR,4.219900131225586,4.219900131225586,4.300000190734863,4.179999828338623,4.25,70595.0
2024-09-05 14:55:00+00:00,WHLRD,19.350000381469727,19.350000381469727,19.350000381469727,19.350000381469727,19.350000381469727,0.0
2024-09-05 14:56:00+00:00,AEI,1.125,1.125,1.125,1.125,1.125,177.0
2024-09-05 14:56:00+00:00,AFCG,10.345000267028809,10.345000267028809,10.345000267028809,10.345000267028809,10.345000267028809,127.0
2024-09-05 14:56:00+00:00,AGNC,10.244999885559082,10.244999885559082,10.25,10.244999885559082,10.244999885559082,4904.0
2024-09-05 14:56:00+00:00,CSGP,77.36499786376953,77.36499786376953,77.38999938964844,77.30500030517578,77.31999969482422,4655.0
2024-09-05 14:56:00+00:00,EQIX,822.1500244140625,822.1500244140625,823.3350219726562,822.1500244140625,823.3350219726562,1303.0
2024-09-05 14:56:00+00:00,EXPI,11.710000038146973,11.710000038146973,11.720000267028809,11.710000038146973,11.720000267028809,1271.0
2024-09-05 14:56:00+00:00,FSV,178.44000244140625,178.44000244140625,178.44000244140625,178.44000244140625,178.44000244140625,263.0
2024-09-05 14:56:00+00:00,GIPR,2.2799999713897705,2.2799999713897705,2.2799999713897705,2.2799999713897705,2.2799999713897705,3178.0
2024-09-05 14:56:00+00:00,GLPI,51.654998779296875,51.654998779296875,51.665000915527344,51.654998779296875,51.65999984741211,2487.0
2024-09-05 14:56:00+00:00,GOOD,15.225000381469727,15.225000381469727,15.239999771118164,15.225000381469727,15.239999771118164,1194.0
2024-09-05 14:56:00+00:00,HST,16.709999084472656,16.709999084472656,16.719999313354492,16.709999084472656,16.71500015258789,4664.0
2024-09-05 14:56:00+00:00,LAMR,124.77999877929688,124.77999877929688,124.84500122070312,124.77999877929688,124.84500122070312,1944.0
2024-09-05 14:56:00+00:00,LSEA,11.510000228881836,11.510000228881836,11.510000228881836,11.5,11.510000228881836,1322.0
2024-09-05 14:56:00+00:00,NMRK,14.210000038146973,14.210000038146973,14.21500015258789,14.210000038146973,14.210000038146973,1558.0
2024-09-05 14:56:00+00:00,OPEN,2.009999990463257,2.009999990463257,2.009999990463257,2.0,2.005000114440918,21832.0
2024-09-05 14:56:00+00:00,PCH,42.69499969482422,42.69499969482422,42.69499969482422,42.689998626708984,42.689998626708984,1026.0
2024-09-05 14:56:00+00:00,PECO,37.310001373291016,37.310001373291016,37.33000183105469,37.310001373291016,37.33000183105469,547.0
2024-09-05 14:56:00+00:00,RDFN,9.75,9.75,9.755000114440918,9.744999885559082,9.7524995803833,15588.0
2024-09-05 14:56:00+00:00,REAX,5.684999942779541,5.684999942779541,5.690000057220459,5.684999942779541,5.690000057220459,1487.0
2024-09-05 14:56:00+00:00,REFI,15.710000038146973,15.710000038146973,15.710000038146973,15.710000038146973,15.710000038146973,385.0
2024-09-05 14:56:00+00:00,REG,73.55000305175781,73.55000305175781,73.55999755859375,73.52999877929688,73.53500366210938,7026.0
2024-09-05 14:56:00+00:00,ROIC,15.220000267028809,15.220000267028809,15.234999656677246,15.220000267028809,15.234999656677246,12218.0
2024-09-05 14:56:00+00:00,SBAC,233.4600067138672,233.4600067138672,233.66000366210938,233.4600067138672,233.66000366210938,2218.0
2024-09-05 14:56:00+00:00,SBRA,17.479999542236328,17.479999542236328,17.489999771118164,17.479999542236328,17.489999771118164,2364.0
2024-09-05 14:56:00+00:00,SVC,4.610000133514404,4.610000133514404,4.614999771118164,4.610000133514404,4.614999771118164,6012.0
2024-09-05 14:56:00+00:00,UNIT,5.324999809265137,5.324999809265137,5.369999885559082,5.320000171661377,5.369999885559082,56658.0
2024-09-05 14:56:00+00:00,WHLR,4.374000072479248,4.374000072479248,4.389999866485596,4.190000057220459,4.190000057220459,117834.0
2024-09-05 14:57:00+00:00,AGNC,10.25,10.25,10.25,10.241700172424316,10.244999885559082,7729.0
2024-09-05 14:57:00+00:00,CSGP,77.37999725341797,77.37999725341797,77.37999725341797,77.36000061035156,77.36000061035156,1029.0
2024-09-05 14:57:00+00:00,DHC,3.2750000953674316,3.2750000953674316,3.2799999713897705,3.2750000953674316,3.2799999713897705,956.0
2024-09-05 14:57:00+00:00,EXPI,11.6899995803833,11.6899995803833,11.6899995803833,11.6899995803833,11.6899995803833,162.0
2024-09-05 14:57:00+00:00,GLPI,51.650001525878906,51.650001525878906,51.654998779296875,51.63999938964844,51.63999938964844,615.0
2024-09-05 14:57:00+00:00,HST,16.704999923706055,16.704999923706055,16.709999084472656,16.704999923706055,16.704999923706055,1596.0
2024-09-05 14:57:00+00:00,ILPT,4.920000076293945,4.920000076293945,4.920000076293945,4.914999961853027,4.920000076293945,1695.0
2024-09-05 14:57:00+00:00,NMRK,14.194999694824219,14.194999694824219,14.210000038146973,14.1850004196167,14.210000038146973,6019.0
2024-09-05 14:57:00+00:00,NYMT,6.40500020980835,6.40500020980835,6.409999847412109,6.40500020980835,6.409999847412109,1288.0
2024-09-05 14:57:00+00:00,OPEN,2.009999990463257,2.009999990463257,2.009999990463257,2.0,2.005000114440918,18002.0
2024-09-05 14:57:00+00:00,OPI,2.130000114440918,2.130000114440918,2.130000114440918,2.130000114440918,2.130000114440918,153.0
2024-09-05 14:57:00+00:00,PECO,37.310001373291016,37.310001373291016,37.31999969482422,37.310001373291016,37.31999969482422,347.0
2024-09-05 14:57:00+00:00,RDFN,9.744999885559082,9.744999885559082,9.75,9.734999656677246,9.75,11839.0
2024-09-05 14:57:00+00:00,REAX,5.679999828338623,5.679999828338623,5.679999828338623,5.679999828338623,5.679999828338623,1278.0
2024-09-05 14:57:00+00:00,REG,73.54000091552734,73.54000091552734,73.56999969482422,73.54000091552734,73.55000305175781,2163.0
2024-09-05 14:57:00+00:00,SBAC,233.52000427246094,233.52000427246094,233.52000427246094,233.50999450683594,233.52000427246094,1421.0
2024-09-05 14:57:00+00:00,SVC,4.610000133514404,4.610000133514404,4.614999771118164,4.610000133514404,4.610000133514404,5242.0
2024-09-05 14:57:00+00:00,UNIT,5.322199821472168,5.322199821472168,5.340000152587891,5.320499897003174,5.324999809265137,70615.0
2024-09-05 14:57:00+00:00,WHLR,4.529900074005127,4.529900074005127,4.599999904632568,4.369999885559082,4.369999885559082,232564.0
2024-09-05 14:58:00+00:00,AFCG,10.345000267028809,10.345000267028809,10.345000267028809,10.345000267028809,10.345000267028809,745.0
2024-09-05 14:58:00+00:00,AGNC,10.244999885559082,10.244999885559082,10.246500015258789,10.239999771118164,10.239999771118164,57927.0
2024-09-05 14:58:00+00:00,CIGI,140.9499969482422,140.9499969482422,140.9499969482422,140.9499969482422,140.9499969482422,133.0
2024-09-05 14:58:00+00:00,CSGP,77.30000305175781,77.30000305175781,77.3499984741211,77.30000305175781,77.3499984741211,1880.0
2024-09-05 14:58:00+00:00,DHC,3.2750000953674316,3.2750000953674316,3.2750000953674316,3.2750000953674316,3.2750000953674316,427.0
2024-09-05 14:58:00+00:00,EQIX,821.0999755859375,821.0999755859375,821.0999755859375,821.0999755859375,821.0999755859375,516.0
2024-09-05 14:58:00+00:00,EXPI,11.669500350952148,11.669500350952148,11.670000076293945,11.669500350952148,11.670000076293945,2145.0
2024-09-05 14:58:00+00:00,GLPI,51.63999938964844,51.63999938964844,51.63999938964844,51.630001068115234,51.63999938964844,3261.0
2024-09-05 14:58:00+00:00,GOOD,15.220000267028809,15.220000267028809,15.220000267028809,15.220000267028809,15.220000267028809,282.0
2024-09-05 14:58:00+00:00,HST,16.700000762939453,16.700000762939453,16.704999923706055,16.700000762939453,16.704999923706055,3042.0
2024-09-05 14:58:00+00:00,HTIBP,15.649999618530273,15.649999618530273,15.649999618530273,15.649999618530273,15.649999618530273,69.0
2024-09-05 14:58:00+00:00,LAND,13.539999961853027,13.539999961853027,13.539999961853027,13.539999961853027,13.539999961853027,140.0
2024-09-05 14:58:00+00:00,LSEA,11.5,11.5,11.5,11.5,11.5,294.0
2024-09-05 14:58:00+00:00,NMRK,14.1899995803833,14.1899995803833,14.194999694824219,14.1899995803833,14.194999694824219,2535.0
2024-09-05 14:58:00+00:00,OPEN,1.9900000095367432,1.9900000095367432,2.0,1.9900000095367432,2.0,166865.0
2024-09-05 14:58:00+00:00,OPI,2.130000114440918,2.130000114440918,2.130000114440918,2.130000114440918,2.130000114440918,195.0
2024-09-05 14:58:00+00:00,RDFN,9.755000114440918,9.755000114440918,9.755000114440918,9.739999771118164,9.744999885559082,19205.0
2024-09-05 14:58:00+00:00,REAX,5.675000190734863,5.675000190734863,5.675000190734863,5.675000190734863,5.675000190734863,556.0
2024-09-05 14:58:00+00:00,REG,73.49500274658203,73.49500274658203,73.51000213623047,73.49500274658203,73.51000213623047,1040.0
2024-09-05 14:58:00+00:00,SBAC,233.60000610351562,233.60000610351562,233.60000610351562,233.52000427246094,233.5399932861328,2517.0
2024-09-05 14:58:00+00:00,SBRA,17.475000381469727,17.475000381469727,17.475000381469727,17.475000381469727,17.475000381469727,1435.0
2024-09-05 14:58:00+00:00,SQFT,0.699999988079071,0.699999988079071,0.699999988079071,0.65829998254776,0.65829998254776,10677.0
2024-09-05 14:58:00+00:00,SVC,4.610000133514404,4.610000133514404,4.614999771118164,4.610000133514404,4.614999771118164,3168.0
2024-09-05 14:58:00+00:00,UNIT,5.320000171661377,5.320000171661377,5.327499866485596,5.315000057220459,5.327499866485596,8929.0
2024-09-05 14:58:00+00:00,WHLR,4.539999961853027,4.539999961853027,4.559999942779541,4.46999979019165,4.519999980926514,85288.0
2024-09-05 14:59:00+00:00,AGNC,10.239999771118164,10.239999771118164,10.2475004196167,10.239999771118164,10.239999771118164,8342.0
2024-09-05 14:59:00+00:00,CSGP,77.30500030517578,77.30500030517578,77.30500030517578,77.30500030517578,77.30500030517578,372.0
2024-09-05 14:59:00+00:00,GLPI,51.63999938964844,51.63999938964844,51.63999938964844,51.63999938964844,51.63999938964844,1228.0
2024-09-05 14:59:00+00:00,HST,16.700000762939453,16.700000762939453,16.709999084472656,16.700000762939453,16.700000762939453,4358.0
2024-09-05 14:59:00+00:00,HTIBP,15.649999618530273,15.649999618530273,15.649999618530273,15.649999618530273,15.649999618530273,5770.0
2024-09-05 14:59:00+00:00,ILPT,4.900000095367432,4.900000095367432,4.900000095367432,4.900000095367432,4.900000095367432,239.0
2024-09-05 14:59:00+00:00,LAND,13.529999732971191,13.529999732971191,13.529999732971191,13.529999732971191,13.529999732971191,702.0
2024-09-05 14:59:00+00:00,LSEA,11.479999542236328,11.479999542236328,11.479999542236328,11.479999542236328,11.479999542236328,964.0
2024-09-05 14:59:00+00:00,NMRK,14.154999732971191,14.154999732971191,14.175000190734863,14.154999732971191,14.175000190734863,2755.0
2024-09-05 14:59:00+00:00,OPEN,2.009999990463257,2.009999990463257,2.009999990463257,1.9950000047683716,1.9950000047683716,82135.0
2024-09-05 14:59:00+00:00,PECO,37.290000915527344,37.290000915527344,37.29999923706055,37.290000915527344,37.29999923706055,647.0
2024-09-05 14:59:00+00:00,RDFN,9.744999885559082,9.744999885559082,9.755000114440918,9.744999885559082,9.755000114440918,8040.0
2024-09-05 14:59:00+00:00,REAX,5.675000190734863,5.675000190734863,5.679999828338623,5.675000190734863,5.675000190734863,1087.0
2024-09-05 14:59:00+00:00,SBRA,17.475000381469727,17.475000381469727,17.479999542236328,17.475000381469727,17.475000381469727,1398.0
2024-09-05 14:59:00+00:00,SVC,4.605000019073486,4.605000019073486,4.605000019073486,4.605000019073486,4.605000019073486,662.0
2024-09-05 14:59:00+00:00,UNIT,5.295000076293945,5.295000076293945,5.317500114440918,5.289999961853027,5.315000057220459,19962.0
2024-09-05 14:59:00+00:00,WHLR,4.494999885559082,4.494999885559082,4.535699844360352,4.389999866485596,4.535699844360352,83763.0
2024-09-05 15:00:00+00:00,AGNC,10.244999885559082,10.244999885559082,10.244999885559082,10.239999771118164,10.244999885559082,7670.0
2024-09-05 15:00:00+00:00,CIGI,140.85000610351562,140.85000610351562,140.85000610351562,140.85000610351562,140.85000610351562,201.0
2024-09-05 15:00:00+00:00,CSGP,77.2300033569336,77.2300033569336,77.29000091552734,77.18000030517578,77.29000091552734,2615.0
2024-09-05 15:00:00+00:00,DHC,3.2699999809265137,3.2699999809265137,3.2750000953674316,3.2699999809265137,3.2750000953674316,1171.0
2024-09-05 15:00:00+00:00,EQIX,820.9299926757812,820.9299926757812,820.9299926757812,820.9299926757812,820.9299926757812,1495.0
2024-09-05 15:00:00+00:00,EXPI,11.640000343322754,11.640000343322754,11.640000343322754,11.640000343322754,11.640000343322754,639.0
2024-09-05 15:00:00+00:00,FSV,178.17999267578125,178.17999267578125,178.40499877929688,178.17999267578125,178.40499877929688,899.0
2024-09-05 15:00:00+00:00,FTHM,2.9807000160217285,2.9807000160217285,2.9807000160217285,2.9807000160217285,2.9807000160217285,1200.0
2024-09-05 15:00:00+00:00,GLPI,51.63999938964844,51.63999938964844,51.63999938964844,51.630001068115234,51.630001068115234,1781.0
2024-09-05 15:00:00+00:00,HST,16.690000534057617,16.690000534057617,16.709999084472656,16.690000534057617,16.709999084472656,19475.0
2024-09-05 15:00:00+00:00,ILPT,4.900000095367432,4.900000095367432,4.900000095367432,4.900000095367432,4.900000095367432,794.0
2024-09-05 15:00:00+00:00,LAND,13.520000457763672,13.520000457763672,13.520000457763672,13.520000457763672,13.520000457763672,211.0
2024-09-05 15:00:00+00:00,NMRK,14.140000343322754,14.140000343322754,14.149999618530273,14.140000343322754,14.149999618530273,1912.0
2024-09-05 15:00:00+00:00,NYMT,6.394999980926514,6.394999980926514,6.400000095367432,6.394999980926514,6.400000095367432,1367.0
2024-09-05 15:00:00+00:00,OPEN,2.0013999938964844,2.0013999938964844,2.005000114440918,2.0,2.005000114440918,45549.0
2024-09-05 15:00:00+00:00,OPI,2.130000114440918,2.130000114440918,2.134999990463257,2.130000114440918,2.130000114440918,4786.0
2024-09-05 15:00:00+00:00,PECO,37.25,37.25,37.290000915527344,37.25,37.279998779296875,2075.0
2024-09-05 15:00:00+00:00,RDFN,9.739999771118164,9.739999771118164,9.744999885559082,9.722100257873535,9.744999885559082,32617.0
2024-09-05 15:00:00+00:00,REAX,5.676400184631348,5.676400184631348,5.676400184631348,5.675000190734863,5.675000190734863,266.0
2024-09-05 15:00:00+00:00,REG,73.45999908447266,73.45999908447266,73.47000122070312,73.44000244140625,73.47000122070312,1374.0
2024-09-05 15:00:00+00:00,ROIC,15.204999923706055,15.204999923706055,15.210000038146973,15.199999809265137,15.210000038146973,4128.0
2024-09-05 15:00:00+00:00,SBRA,17.459999084472656,17.459999084472656,17.469999313354492,17.459999084472656,17.469999313354492,2036.0
2024-09-05 15:00:00+00:00,UNIT,5.284999847412109,5.284999847412109,5.295000076293945,5.283199787139893,5.295000076293945,6725.0
2024-09-05 15:00:00+00:00,WHLR,4.672599792480469,4.672599792480469,4.75,4.46999979019165,4.4928998947143555,209905.0
2024-09-05 15:01:00+00:00,AGNC,10.234199523925781,10.234199523925781,10.239999771118164,10.23169994354248,10.239999771118164,53526.0
2024-09-05 15:01:00+00:00,CIGI,140.8000030517578,140.8000030517578,140.8000030517578,140.8000030517578,140.8000030517578,275.0
2024-09-05 15:01:00+00:00,CSGP,77.20999908447266,77.20999908447266,77.23310089111328,77.18000030517578,77.23310089111328,3155.0
2024-09-05 15:01:00+00:00,DHC,3.2750000953674316,3.2750000953674316,3.2750000953674316,3.2750000953674316,3.2750000953674316,433.0
2024-09-05 15:01:00+00:00,EXPI,11.67549991607666,11.67549991607666,11.67549991607666,11.65999984741211,11.65999984741211,1596.0
2024-09-05 15:01:00+00:00,FTHM,2.9800000190734863,2.9800000190734863,2.9800000190734863,2.9800000190734863,2.9800000190734863,508.0
2024-09-05 15:01:00+00:00,GOOD,15.21500015258789,15.21500015258789,15.21500015258789,15.21500015258789,15.21500015258789,300.0
2024-09-05 15:01:00+00:00,HST,16.69499969482422,16.69499969482422,16.69499969482422,16.69499969482422,16.69499969482422,3674.0
2024-09-05 15:01:00+00:00,ILPT,4.899899959564209,4.899899959564209,4.899899959564209,4.899899959564209,4.899899959564209,459.0
2024-09-05 15:01:00+00:00,LAND,13.510299682617188,13.510299682617188,13.510299682617188,13.510299682617188,13.510299682617188,383.0
2024-09-05 15:01:00+00:00,NYMT,6.394999980926514,6.394999980926514,6.394999980926514,6.394999980926514,6.394999980926514,83.0
2024-09-05 15:01:00+00:00,OPEN,2.005000114440918,2.005000114440918,2.0051000118255615,2.0,2.005000114440918,11268.0
2024-09-05 15:01:00+00:00,PCH,42.666900634765625,42.666900634765625,42.666900634765625,42.666900634765625,42.666900634765625,209.0
2024-09-05 15:01:00+00:00,PECO,37.25,37.25,37.279998779296875,37.25,37.279998779296875,656.0
2024-09-05 15:01:00+00:00,RDFN,9.751500129699707,9.751500129699707,9.755000114440918,9.739999771118164,9.739999771118164,5912.0
2024-09-05 15:01:00+00:00,REG,73.44000244140625,73.44000244140625,73.44000244140625,73.44000244140625,73.44000244140625,1107.0
2024-09-05 15:01:00+00:00,ROIC,15.204999923706055,15.204999923706055,15.204999923706055,15.204999923706055,15.204999923706055,169.0
2024-09-05 15:01:00+00:00,SBRA,17.459999084472656,17.459999084472656,17.459999084472656,17.454999923706055,17.459699630737305,1831.0
2024-09-05 15:01:00+00:00,SVC,4.605000019073486,4.605000019073486,4.610000133514404,4.604100227355957,4.610000133514404,2660.0
2024-09-05 15:01:00+00:00,UNIT,5.309999942779541,5.309999942779541,5.309999942779541,5.289999961853027,5.289999961853027,17132.0
2024-09-05 15:01:00+00:00,WHLR,4.630000114440918,4.630000114440918,4.75,4.610000133514404,4.699999809265137,199379.0
2024-09-05 15:02:00+00:00,AFCG,10.324999809265137,10.324999809265137,10.324999809265137,10.324999809265137,10.324999809265137,111.0
2024-09-05 15:02:00+00:00,AGNC,10.234999656677246,10.234999656677246,10.239899635314941,10.234999656677246,10.239899635314941,1934.0
2024-09-05 15:02:00+00:00,AGNCO,25.010000228881836,25.010000228881836,25.010000228881836,25.010000228881836,25.010000228881836,574.0
2024-09-05 15:02:00+00:00,CSGP,77.23249816894531,77.23249816894531,77.23999786376953,77.22000122070312,77.22000122070312,1009.0
2024-09-05 15:02:00+00:00,DUO,0.4000999927520752,0.4000999927520752,0.4000999927520752,0.4000999927520752,0.4000999927520752,3063.0
2024-09-05 15:02:00+00:00,GLPI,51.63999938964844,51.63999938964844,51.63999938964844,51.63999938964844,51.63999938964844,1437.0
2024-09-05 15:02:00+00:00,HST,16.690000534057617,16.690000534057617,16.700000762939453,16.690000534057617,16.700000762939453,7806.0
2024-09-05 15:02:00+00:00,NMRK,14.130000114440918,14.130000114440918,14.135000228881836,14.130000114440918,14.135000228881836,618.0
2024-09-05 15:02:00+00:00,NYMT,6.394999980926514,6.394999980926514,6.394999980926514,6.394999980926514,6.394999980926514,315.0
2024-09-05 15:02:00+00:00,OPEN,2.005000114440918,2.005000114440918,2.007499933242798,2.0002999305725098,2.0053999423980713,2946.0
2024-09-05 15:02:00+00:00,RDFN,9.745599746704102,9.745599746704102,9.750100135803223,9.739999771118164,9.750100135803223,8091.0
2024-09-05 15:02:00+00:00,REAX,5.660099983215332,5.660099983215332,5.675000190734863,5.660099983215332,5.670000076293945,4588.0
2024-09-05 15:02:00+00:00,REG,73.45999908447266,73.45999908447266,73.45999908447266,73.45999908447266,73.45999908447266,338.0
2024-09-05 15:02:00+00:00,ROIC,15.204999923706055,15.204999923706055,15.204999923706055,15.204999923706055,15.204999923706055,752.0
2024-09-05 15:02:00+00:00,SBAC,233.47000122070312,233.47000122070312,233.5500030517578,233.46499633789062,233.5500030517578,1872.0
2024-09-05 15:02:00+00:00,SBRA,17.459999084472656,17.459999084472656,17.459999084472656,17.459999084472656,17.459999084472656,590.0
2024-09-05 15:02:00+00:00,SVC,4.610000133514404,4.610000133514404,4.610000133514404,4.610000133514404,4.610000133514404,1493.0
2024-09-05 15:02:00+00:00,UNIT,5.309999942779541,5.309999942779541,5.309999942779541,5.30109977722168,5.30109977722168,1807.0
2024-09-05 15:02:00+00:00,WHLR,4.869999885559082,4.869999885559082,4.939899921417236,4.599999904632568,4.610000133514404,332196.0
2024-09-05 15:03:00+00:00,AFCG,10.324999809265137,10.324999809265137,10.324999809265137,10.324999809265137,10.324999809265137,340.0
2024-09-05 15:03:00+00:00,AGNC,10.234999656677246,10.234999656677246,10.239999771118164,10.23449993133545,10.234999656677246,27819.0
2024-09-05 15:03:00+00:00,BPYPP,14.730500221252441,14.730500221252441,14.730500221252441,14.730500221252441,14.730500221252441,0.0
2024-09-05 15:03:00+00:00,CMCT,1.909999966621399,1.909999966621399,1.909999966621399,1.909999966621399,1.909999966621399,412.0
2024-09-05 15:03:00+00:00,CSGP,77.2300033569336,77.2300033569336,77.2300033569336,77.2300033569336,77.2300033569336,275.0
2024-09-05 15:03:00+00:00,GOOD,15.220000267028809,15.220000267028809,15.220000267028809,15.220000267028809,15.220000267028809,367.0
2024-09-05 15:03:00+00:00,HST,16.704999923706055,16.704999923706055,16.704999923706055,16.69499969482422,16.69499969482422,21709.0
2024-09-05 15:03:00+00:00,ILPT,4.894999980926514,4.894999980926514,4.894999980926514,4.894999980926514,4.894999980926514,200.0
2024-09-05 15:03:00+00:00,LSEA,11.430000305175781,11.430000305175781,11.430000305175781,11.420000076293945,11.420000076293945,739.0
2024-09-05 15:03:00+00:00,MDJH,1.0499999523162842,1.0499999523162842,1.0499999523162842,1.0499999523162842,1.0499999523162842,548.0
2024-09-05 15:03:00+00:00,NMRK,14.125,14.125,14.130000114440918,14.125,14.130000114440918,1927.0
2024-09-05 15:03:00+00:00,OPEN,2.009999990463257,2.009999990463257,2.009999990463257,2.0020999908447266,2.005000114440918,4811.0
2024-09-05 15:03:00+00:00,PCH,42.66999816894531,42.66999816894531,42.66999816894531,42.66999816894531,42.66999816894531,412.0
2024-09-05 15:03:00+00:00,PECO,37.25,37.25,37.2599983215332,37.25,37.25,1298.0
2024-09-05 15:03:00+00:00,RDFN,9.75,9.75,9.75,9.739999771118164,9.744999885559082,13978.0
2024-09-05 15:03:00+00:00,REAX,5.664999961853027,5.664999961853027,5.670000076293945,5.659999847412109,5.659999847412109,1352.0
2024-09-05 15:03:00+00:00,REG,73.44000244140625,73.44000244140625,73.44000244140625,73.44000244140625,73.44000244140625,632.0
2024-09-05 15:03:00+00:00,SBRA,17.469999313354492,17.469999313354492,17.469999313354492,17.469999313354492,17.469999313354492,1798.0
2024-09-05 15:03:00+00:00,SVC,4.605000019073486,4.605000019073486,4.610000133514404,4.605000019073486,4.610000133514404,1664.0
2024-09-05 15:03:00+00:00,UNIT,5.264999866485596,5.264999866485596,5.309999942779541,5.2600998878479,5.309999942779541,14174.0
2024-09-05 15:03:00+00:00,WHLR,4.960000038146973,4.960000038146973,5.0,4.800000190734863,4.900000095367432,391980.0
2024-09-05 15:04:00+00:00,AGNC,10.239999771118164,10.239999771118164,10.239999771118164,10.234399795532227,10.239999771118164,24058.0
2024-09-05 15:04:00+00:00,AGNCP,24.2450008392334,24.2450008392334,24.2450008392334,24.2450008392334,24.2450008392334,166.0
2024-09-05 15:04:00+00:00,CSGP,77.33999633789062,77.33999633789062,77.33999633789062,77.26000213623047,77.26000213623047,6089.0
2024-09-05 15:04:00+00:00,DUO,0.40149998664855957,0.40149998664855957,0.40149998664855957,0.40149998664855957,0.40149998664855957,4309.0
2024-09-05 15:04:00+00:00,GLPI,51.650001525878906,51.650001525878906,51.65999984741211,51.650001525878906,51.650001525878906,2713.0
2024-09-05 15:04:00+00:00,HST,16.709999084472656,16.709999084472656,16.709999084472656,16.704999923706055,16.704999923706055,1268.0
2024-09-05 15:04:00+00:00,ILPT,4.90500020980835,4.90500020980835,4.90500020980835,4.900000095367432,4.900000095367432,1727.0
2024-09-05 15:04:00+00:00,LAND,13.520000457763672,13.520000457763672,13.520000457763672,13.520000457763672,13.520000457763672,262.0
2024-09-05 15:04:00+00:00,LSEA,11.460000038146973,11.460000038146973,11.460000038146973,11.430000305175781,11.430000305175781,1850.0
2024-09-05 15:04:00+00:00,NMRK,14.140000343322754,14.140000343322754,14.140000343322754,14.130000114440918,14.130000114440918,1191.0
2024-09-05 15:04:00+00:00,NYMT,6.394999980926514,6.394999980926514,6.394999980926514,6.394999980926514,6.394999980926514,509.0
2024-09-05 15:04:00+00:00,OPEN,2.005000114440918,2.005000114440918,2.005000114440918,2.0,2.005000114440918,3954.0
2024-09-05 15:04:00+00:00,PCH,42.66999816894531,42.66999816894531,42.66999816894531,42.66999816894531,42.66999816894531,175.0
2024-09-05 15:04:00+00:00,PECO,37.22999954223633,37.22999954223633,37.25,37.22999954223633,37.25,859.0
2024-09-05 15:04:00+00:00,RDFN,9.75,9.75,9.755000114440918,9.744999885559082,9.755000114440918,5816.0
2024-09-05 15:04:00+00:00,REAX,5.670000076293945,5.670000076293945,5.670000076293945,5.670000076293945,5.670000076293945,1425.0
2024-09-05 15:04:00+00:00,REG,73.44999694824219,73.44999694824219,73.44999694824219,73.44999694824219,73.44999694824219,1723.0
2024-09-05 15:04:00+00:00,SVC,4.605000019073486,4.605000019073486,4.610000133514404,4.605000019073486,4.610000133514404,2094.0
2024-09-05 15:04:00+00:00,UNIT,5.264999866485596,5.264999866485596,5.264999866485596,5.260499954223633,5.264999866485596,6896.0
2024-09-05 15:04:00+00:00,WHLR,5.114500045776367,5.114500045776367,5.150000095367432,4.940000057220459,4.952000141143799,315459.0
2024-09-05 15:05:00+00:00,AGNC,10.249799728393555,10.249799728393555,10.249799728393555,10.239700317382812,10.239999771118164,59144.0
2024-09-05 15:05:00+00:00,CSGP,77.33999633789062,77.33999633789062,77.33999633789062,77.31500244140625,77.31590270996094,1394.0
2024-09-05 15:05:00+00:00,DHC,3.276700019836426,3.276700019836426,3.276700019836426,3.276700019836426,3.276700019836426,512.0
2024-09-05 15:05:00+00:00,EXPI,11.668600082397461,11.668600082397461,11.675000190734863,11.668600082397461,11.670000076293945,1959.0
2024-09-05 15:05:00+00:00,FRPH,28.829999923706055,28.829999923706055,28.829999923706055,28.829999923706055,28.829999923706055,892.0
2024-09-05 15:05:00+00:00,FTHM,2.9649999141693115,2.9649999141693115,2.9649999141693115,2.9649999141693115,2.9649999141693115,200.0
2024-09-05 15:05:00+00:00,GLPI,51.63999938964844,51.63999938964844,51.650001525878906,51.63999938964844,51.63999938964844,2864.0
2024-09-05 15:05:00+00:00,GOOD,15.220000267028809,15.220000267028809,15.220000267028809,15.220000267028809,15.220000267028809,189.0
2024-09-05 15:05:00+00:00,HST,16.700000762939453,16.700000762939453,16.704999923706055,16.700000762939453,16.704999923706055,5778.0
2024-09-05 15:05:00+00:00,ILPT,4.900000095367432,4.900000095367432,4.900000095367432,4.900000095367432,4.900000095367432,372.0
2024-09-05 15:05:00+00:00,LSEA,11.479999542236328,11.479999542236328,11.479999542236328,11.479999542236328,11.479999542236328,431.0
2024-09-05 15:05:00+00:00,NMRK,14.130000114440918,14.130000114440918,14.135000228881836,14.130000114440918,14.135000228881836,2158.0
2024-09-05 15:05:00+00:00,NYMT,6.394999980926514,6.394999980926514,6.394999980926514,6.394999980926514,6.394999980926514,564.0
2024-09-05 15:05:00+00:00,OPEN,1.9950000047683716,1.9950000047683716,2.005000114440918,1.9950000047683716,2.005000114440918,144788.0
2024-09-05 15:05:00+00:00,PCH,42.6349983215332,42.6349983215332,42.650001525878906,42.625,42.650001525878906,1988.0
2024-09-05 15:05:00+00:00,PECO,37.20500183105469,37.20500183105469,37.220001220703125,37.20500183105469,37.20500183105469,1047.0
2024-09-05 15:05:00+00:00,RDFN,9.739999771118164,9.739999771118164,9.739999771118164,9.734999656677246,9.734999656677246,7595.0
2024-09-05 15:05:00+00:00,REAX,5.675000190734863,5.675000190734863,5.675000190734863,5.675000190734863,5.675000190734863,217.0
2024-09-05 15:05:00+00:00,ROIC,15.1899995803833,15.1899995803833,15.199999809265137,15.1850004196167,15.199999809265137,2044.0
2024-09-05 15:05:00+00:00,SBAC,233.55999755859375,233.55999755859375,233.55999755859375,233.50999450683594,233.50999450683594,1405.0
2024-09-05 15:05:00+00:00,SBRA,17.46500015258789,17.46500015258789,17.469999313354492,17.462200164794922,17.469999313354492,5685.0
2024-09-05 15:05:00+00:00,SVC,4.610000133514404,4.610000133514404,4.610000133514404,4.610000133514404,4.610000133514404,1190.0
2024-09-05 15:05:00+00:00,UNIT,5.264999866485596,5.264999866485596,5.275000095367432,5.264999866485596,5.264999866485596,10955.0
2024-09-05 15:05:00+00:00,WHLR,4.840000152587891,4.840000152587891,5.149899959564209,4.809999942779541,5.090099811553955,279487.0
2024-09-05 15:06:00+00:00,AFCG,10.324999809265137,10.324999809265137,10.324999809265137,10.324999809265137,10.324999809265137,224.0
2024-09-05 15:06:00+00:00,AGNC,10.25,10.25,10.25,10.244999885559082,10.244999885559082,3819.0
2024-09-05 15:06:00+00:00,ASPS,1.0839999914169312,1.0839999914169312,1.0839999914169312,1.0839999914169312,1.0839999914169312,5000.0
2024-09-05 15:06:00+00:00,CIGI,140.69500732421875,140.69500732421875,140.73500061035156,140.6699981689453,140.6699981689453,386.0
2024-09-05 15:06:00+00:00,CSGP,77.30000305175781,77.30000305175781,77.31500244140625,77.30000305175781,77.31500244140625,1380.0
2024-09-05 15:06:00+00:00,EXPI,11.670000076293945,11.670000076293945,11.670000076293945,11.670000076293945,11.670000076293945,790.0
2024-09-05 15:06:00+00:00,FTHM,2.9649999141693115,2.9649999141693115,2.9649999141693115,2.9649999141693115,2.9649999141693115,2002.0
2024-09-05 15:06:00+00:00,GLPI,51.650001525878906,51.650001525878906,51.650001525878906,51.650001525878906,51.650001525878906,781.0
2024-09-05 15:06:00+00:00,GOOD,15.216699600219727,15.216699600219727,15.216699600219727,15.216699600219727,15.216699600219727,128.0
2024-09-05 15:06:00+00:00,HST,16.693700790405273,16.693700790405273,16.704999923706055,16.693700790405273,16.704999923706055,9347.0
2024-09-05 15:06:00+00:00,NMRK,14.111000061035156,14.111000061035156,14.111000061035156,14.111000061035156,14.111000061035156,640.0
2024-09-05 15:06:00+00:00,NYMT,6.400000095367432,6.400000095367432,6.400000095367432,6.400000095367432,6.400000095367432,474.0
2024-09-05 15:06:00+00:00,OPEN,1.9960999488830566,1.9960999488830566,2.0,1.9900000095367432,1.996399998664856,44728.0
2024-09-05 15:06:00+00:00,OPI,2.134999990463257,2.134999990463257,2.134999990463257,2.130000114440918,2.134999990463257,1160.0
2024-09-05 15:06:00+00:00,RDFN,9.75,9.75,9.75,9.734999656677246,9.734999656677246,4610.0
2024-09-05 15:06:00+00:00,REAX,5.670000076293945,5.670000076293945,5.675000190734863,5.664999961853027,5.670000076293945,3028.0
2024-09-05 15:06:00+00:00,REFI,15.710000038146973,15.710000038146973,15.710000038146973,15.699999809265137,15.699999809265137,1219.0
2024-09-05 15:06:00+00:00,REG,73.38999938964844,73.38999938964844,73.41999816894531,73.38999938964844,73.41999816894531,976.0
2024-09-05 15:06:00+00:00,ROIC,15.1850004196167,15.1850004196167,15.1850004196167,15.1850004196167,15.1850004196167,252.0
2024-09-05 15:06:00+00:00,SBRA,17.46500015258789,17.46500015258789,17.46500015258789,17.46500015258789,17.46500015258789,8533.0
2024-09-05 15:06:00+00:00,SVC,4.605000019073486,4.605000019073486,4.605000019073486,4.605000019073486,4.605000019073486,312.0
2024-09-05 15:06:00+00:00,UNIT,5.264999866485596,5.264999866485596,5.269999980926514,5.264999866485596,5.264999866485596,2389.0
2024-09-05 15:06:00+00:00,WHLR,4.78000020980835,4.78000020980835,4.849999904632568,4.699999809265137,4.849999904632568,144126.0
2024-09-05 15:07:00+00:00,AGNC,10.244999885559082,10.244999885559082,10.25,10.244999885559082,10.244999885559082,10696.0
2024-09-05 15:07:00+00:00,ASPS,1.0800000429153442,1.0800000429153442,1.0800000429153442,1.0800000429153442,1.0800000429153442,0.0
2024-09-05 15:07:00+00:00,CSGP,77.23919677734375,77.23919677734375,77.27999877929688,77.23919677734375,77.27999877929688,1607.0
2024-09-05 15:07:00+00:00,EQIX,821.1599731445312,821.1599731445312,821.1599731445312,821.1599731445312,821.1599731445312,573.0
2024-09-05 15:07:00+00:00,EXPI,11.670000076293945,11.670000076293945,11.670000076293945,11.670000076293945,11.670000076293945,68.0
2024-09-05 15:07:00+00:00,FSV,178.27000427246094,178.27000427246094,178.27000427246094,178.25999450683594,178.25999450683594,1984.0
2024-09-05 15:07:00+00:00,GLPI,51.630001068115234,51.630001068115234,51.6349983215332,51.630001068115234,51.6349983215332,2825.0
2024-09-05 15:07:00+00:00,GOOD,15.21500015258789,15.21500015258789,15.21500015258789,15.21500015258789,15.21500015258789,129.0
2024-09-05 15:07:00+00:00,HST,16.69499969482422,16.69499969482422,16.69499969482422,16.690000534057617,16.690000534057617,13451.0
2024-09-05 15:07:00+00:00,LSEA,11.475000381469727,11.475000381469727,11.475000381469727,11.475000381469727,11.475000381469727,408.0
2024-09-05 15:07:00+00:00,NMRK,14.109999656677246,14.109999656677246,14.119999885559082,14.109999656677246,14.114999771118164,1630.0
2024-09-05 15:07:00+00:00,NYMT,6.400000095367432,6.400000095367432,6.400000095367432,6.400000095367432,6.400000095367432,276.0
2024-09-05 15:07:00+00:00,OPEN,2.0,2.0,2.0,1.9900000095367432,1.9950000047683716,49508.0
2024-09-05 15:07:00+00:00,OPI,2.134999990463257,2.134999990463257,2.134999990463257,2.130000114440918,2.130000114440918,240.0
2024-09-05 15:07:00+00:00,PECO,37.16999816894531,37.16999816894531,37.18000030517578,37.16999816894531,37.18000030517578,444.0
2024-09-05 15:07:00+00:00,RDFN,9.75,9.75,9.75,9.75,9.75,1477.0
2024-09-05 15:07:00+00:00,REAX,5.639999866485596,5.639999866485596,5.664999961853027,5.639999866485596,5.664999961853027,46191.0
2024-09-05 15:07:00+00:00,REG,73.37000274658203,73.37000274658203,73.37999725341797,73.37000274658203,73.37999725341797,506.0
2024-09-05 15:07:00+00:00,ROIC,15.1850004196167,15.1850004196167,15.1850004196167,15.1850004196167,15.1850004196167,259.0
2024-09-05 15:07:00+00:00,SBRA,17.46500015258789,17.46500015258789,17.46500015258789,17.454999923706055,17.459999084472656,4418.0
2024-09-05 15:07:00+00:00,SEVN,13.65999984741211,13.65999984741211,13.65999984741211,13.65999984741211,13.65999984741211,1575.0
2024-09-05 15:07:00+00:00,SVC,4.599999904632568,4.599999904632568,4.610000133514404,4.599999904632568,4.610000133514404,1971.0
2024-09-05 15:07:00+00:00,UNIT,5.275000095367432,5.275000095367432,5.28000020980835,5.264999866485596,5.269999980926514,10886.0
2024-09-05 15:07:00+00:00,WHLR,4.789999961853027,4.789999961853027,4.849999904632568,4.730000019073486,4.787499904632568,154419.0
2024-09-05 15:08:00+00:00,AEI,1.1100000143051147,1.1100000143051147,1.1100000143051147,1.1100000143051147,1.1100000143051147,572.0
2024-09-05 15:08:00+00:00,AGNC,10.244999885559082,10.244999885559082,10.25,10.244999885559082,10.244999885559082,7956.0
2024-09-05 15:08:00+00:00,CIGI,140.77499389648438,140.77499389648438,140.77499389648438,140.77499389648438,140.77499389648438,245.0
2024-09-05 15:08:00+00:00,CSGP,77.27999877929688,77.27999877929688,77.28500366210938,77.2300033569336,77.2405014038086,3156.0
2024-09-05 15:08:00+00:00,DUO,0.4050000011920929,0.4050000011920929,0.4050000011920929,0.4050000011920929,0.4050000011920929,1103.0
2024-09-05 15:08:00+00:00,EXPI,11.664999961853027,11.664999961853027,11.664999961853027,11.664999961853027,11.664999961853027,318.0
2024-09-05 15:08:00+00:00,GLPI,51.64500045776367,51.64500045776367,51.650001525878906,51.6349983215332,51.6349983215332,2914.0
2024-09-05 15:08:00+00:00,GOOD,15.21500015258789,15.21500015258789,15.21500015258789,15.21500015258789,15.21500015258789,276.0
2024-09-05 15:08:00+00:00,HST,16.69499969482422,16.69499969482422,16.700000762939453,16.69499969482422,16.69499969482422,18879.0
2024-09-05 15:08:00+00:00,LAMR,124.63999938964844,124.63999938964844,124.63999938964844,124.63999938964844,124.63999938964844,305.0
2024-09-05 15:08:00+00:00,LSEA,11.470000267028809,11.470000267028809,11.470000267028809,11.470000267028809,11.470000267028809,148.0
2024-09-05 15:08:00+00:00,NMRK,14.114999771118164,14.114999771118164,14.114999771118164,14.109999656677246,14.109999656677246,916.0
2024-09-05 15:08:00+00:00,NYMT,6.409999847412109,6.409999847412109,6.409999847412109,6.409999847412109,6.409999847412109,175.0
2024-09-05 15:08:00+00:00,OPEN,2.0,2.0,2.0,1.9900000095367432,1.9950000047683716,14238.0
2024-09-05 15:08:00+00:00,OPI,2.134999990463257,2.134999990463257,2.134999990463257,2.134999990463257,2.134999990463257,716.0
2024-09-05 15:08:00+00:00,PCH,42.61600112915039,42.61600112915039,42.61600112915039,42.61600112915039,42.61600112915039,461.0
2024-09-05 15:08:00+00:00,PECO,37.18000030517578,37.18000030517578,37.18000030517578,37.18000030517578,37.18000030517578,448.0
2024-09-05 15:08:00+00:00,RDFN,9.75,9.75,9.75,9.744999885559082,9.744999885559082,1423.0
2024-09-05 15:08:00+00:00,REAX,5.644999980926514,5.644999980926514,5.644999980926514,5.639999866485596,5.639999866485596,1529.0
2024-09-05 15:08:00+00:00,REG,73.37000274658203,73.37000274658203,73.37000274658203,73.37000274658203,73.37000274658203,186.0
2024-09-05 15:08:00+00:00,SVC,4.605000019073486,4.605000019073486,4.610000133514404,4.605000019073486,4.610000133514404,517.0
2024-09-05 15:08:00+00:00,UNIT,5.28000020980835,5.28000020980835,5.28000020980835,5.271200180053711,5.275000095367432,6966.0
2024-09-05 15:08:00+00:00,WHLR,4.869999885559082,4.869999885559082,4.940000057220459,4.78000020980835,4.789000034332275,195986.0
2024-09-05 15:09:00+00:00,AFCG,10.324999809265137,10.324999809265137,10.324999809265137,10.324999809265137,10.324999809265137,219.0
2024-09-05 15:09:00+00:00,AGNC,10.244999885559082,10.244999885559082,10.25,10.240099906921387,10.2475004196167,4739.0
2024-09-05 15:09:00+00:00,CSGP,77.29000091552734,77.29000091552734,77.30999755859375,77.27999877929688,77.27999877929688,2170.0
2024-09-05 15:09:00+00:00,EQIX,821.1400146484375,821.1400146484375,821.3499755859375,821.1400146484375,821.3499755859375,1025.0
2024-09-05 15:09:00+00:00,EXPI,11.664999961853027,11.664999961853027,11.664999961853027,11.65999984741211,11.65999984741211,447.0
2024-09-05 15:09:00+00:00,GLPI,51.63999938964844,51.63999938964844,51.650001525878906,51.63999938964844,51.650001525878906,1443.0
2024-09-05 15:09:00+00:00,GOOD,15.220000267028809,15.220000267028809,15.220000267028809,15.220000267028809,15.220000267028809,252.0
2024-09-05 15:09:00+00:00,HST,16.69499969482422,16.69499969482422,16.69499969482422,16.69499969482422,16.69499969482422,1824.0
2024-09-05 15:09:00+00:00,LAMR,124.58999633789062,124.58999633789062,124.58999633789062,124.58999633789062,124.58999633789062,586.0
2024-09-05 15:09:00+00:00,LAND,13.510000228881836,13.510000228881836,13.510000228881836,13.510000228881836,13.510000228881836,246.0
2024-09-05 15:09:00+00:00,NMRK,14.114999771118164,14.114999771118164,14.114999771118164,14.114999771118164,14.114999771118164,691.0
2024-09-05 15:09:00+00:00,NYMT,6.40500020980835,6.40500020980835,6.40500020980835,6.40500020980835,6.40500020980835,650.0
2024-09-05 15:09:00+00:00,OPEN,2.0,2.0,2.0,1.9900000095367432,2.0,34858.0
2024-09-05 15:09:00+00:00,PCH,42.59000015258789,42.59000015258789,42.599998474121094,42.59000015258789,42.599998474121094,607.0
2024-09-05 15:09:00+00:00,RDFN,9.704999923706055,9.704999923706055,9.744999885559082,9.70009994506836,9.744999885559082,19097.0
2024-09-05 15:09:00+00:00,REAX,5.639999866485596,5.639999866485596,5.639999866485596,5.639999866485596,5.639999866485596,940.0
2024-09-05 15:09:00+00:00,REG,73.38999938964844,73.38999938964844,73.38999938964844,73.37000274658203,73.37999725341797,3024.0
2024-09-05 15:09:00+00:00,ROIC,15.1850004196167,15.1850004196167,15.1850004196167,15.1850004196167,15.1850004196167,138.0
2024-09-05 15:09:00+00:00,SBAC,233.3800048828125,233.3800048828125,233.3800048828125,233.3800048828125,233.3800048828125,2497.0
2024-09-05 15:09:00+00:00,SBRA,17.469999313354492,17.469999313354492,17.469999313354492,17.46500015258789,17.46500015258789,2100.0
2024-09-05 15:09:00+00:00,SVC,4.599999904632568,4.599999904632568,4.600100040435791,4.599999904632568,4.600100040435791,480.0
2024-09-05 15:09:00+00:00,UNIT,5.275000095367432,5.275000095367432,5.28000020980835,5.275000095367432,5.275000095367432,6431.0
2024-09-05 15:09:00+00:00,WHLR,4.750100135803223,4.750100135803223,4.989999771118164,4.75,4.880000114440918,207907.0
2024-09-05 15:09:00+00:00,WHLRD,19.350000381469727,19.350000381469727,19.350000381469727,19.350000381469727,19.350000381469727,102.0
2024-09-05 15:10:00+00:00,AFCG,10.324999809265137,10.324999809265137,10.324999809265137,10.324999809265137,10.324999809265137,261.0
2024-09-05 15:10:00+00:00,AGNC,10.244999885559082,10.244999885559082,10.25,10.244999885559082,10.244999885559082,3515.0
2024-09-05 15:10:00+00:00,AGNCP,24.2450008392334,24.2450008392334,24.2450008392334,24.2450008392334,24.2450008392334,169.0
2024-09-05 15:10:00+00:00,CIGI,140.77999877929688,140.77999877929688,140.77999877929688,140.77999877929688,140.77999877929688,357.0
2024-09-05 15:10:00+00:00,CSGP,77.29000091552734,77.29000091552734,77.29000091552734,77.27999877929688,77.29000091552734,4122.0
2024-09-05 15:10:00+00:00,DHC,3.265000104904175,3.265000104904175,3.2699999809265137,3.265000104904175,3.2699999809265137,3771.0
2024-09-05 15:10:00+00:00,EQIX,820.4600219726562,820.4600219726562,821.0900268554688,820.4600219726562,820.89501953125,1737.0
2024-09-05 15:10:00+00:00,EXPI,11.649999618530273,11.649999618530273,11.65999984741211,11.649999618530273,11.65999984741211,1853.0
2024-09-05 15:10:00+00:00,GLPI,51.63999938964844,51.63999938964844,51.63999938964844,51.63999938964844,51.63999938964844,597.0
2024-09-05 15:10:00+00:00,GOOD,15.21500015258789,15.21500015258789,15.21500015258789,15.214799880981445,15.214799880981445,362.0
2024-09-05 15:10:00+00:00,HST,16.709999084472656,16.709999084472656,16.709999084472656,16.69499969482422,16.69499969482422,24551.0
2024-09-05 15:10:00+00:00,ILPT,4.889999866485596,4.889999866485596,4.889999866485596,4.889999866485596,4.889999866485596,354.0
2024-09-05 15:10:00+00:00,LAMR,124.5199966430664,124.5199966430664,124.52999877929688,124.5199966430664,124.52999877929688,786.0
2024-09-05 15:10:00+00:00,LSEA,11.449999809265137,11.449999809265137,11.449999809265137,11.449999809265137,11.449999809265137,242.0
2024-09-05 15:10:00+00:00,NMRK,14.114999771118164,14.114999771118164,14.114999771118164,14.114999771118164,14.114999771118164,311.0
2024-09-05 15:10:00+00:00,OPEN,1.9950000047683716,1.9950000047683716,2.0,1.9901000261306763,1.9950000047683716,43580.0
2024-09-05 15:10:00+00:00,OPI,2.130000114440918,2.130000114440918,2.130000114440918,2.130000114440918,2.130000114440918,233.0
2024-09-05 15:10:00+00:00,PCH,42.6150016784668,42.6150016784668,42.6150016784668,42.6150016784668,42.6150016784668,207.0
2024-09-05 15:10:00+00:00,PECO,37.163700103759766,37.163700103759766,37.165000915527344,37.163700103759766,37.165000915527344,696.0
2024-09-05 15:10:00+00:00,RDFN,9.695799827575684,9.695799827575684,9.704999923706055,9.675000190734863,9.704999923706055,13936.0
2024-09-05 15:10:00+00:00,REAX,5.635000228881836,5.635000228881836,5.639999866485596,5.635000228881836,5.639999866485596,1706.0
2024-09-05 15:10:00+00:00,REFI,15.71500015258789,15.71500015258789,15.720000267028809,15.71500015258789,15.720000267028809,301.0
2024-09-05 15:10:00+00:00,ROIC,15.1850004196167,15.1850004196167,15.1850004196167,15.180000305175781,15.180000305175781,497.0
2024-09-05 15:10:00+00:00,SBRA,17.469999313354492,17.469999313354492,17.469999313354492,17.46500015258789,17.46500015258789,1647.0
2024-09-05 15:10:00+00:00,SVC,4.599999904632568,4.599999904632568,4.599999904632568,4.599999904632568,4.599999904632568,452.0
2024-09-05 15:10:00+00:00,UNIT,5.28000020980835,5.28000020980835,5.28000020980835,5.28000020980835,5.28000020980835,1725.0
2024-09-05 15:10:00+00:00,WHLR,4.776899814605713,4.776899814605713,4.879899978637695,4.752600193023682,4.800000190734863,81631.0
2024-09-05 15:10:00+00:00,WHLRD,19.399999618530273,19.399999618530273,19.399999618530273,19.399999618530273,19.399999618530273,996.0
2024-09-05 15:11:00+00:00,AGNC,10.25,10.25,10.25,10.244999885559082,10.25,9083.0
2024-09-05 15:11:00+00:00,CSGP,77.30999755859375,77.30999755859375,77.30999755859375,77.27999877929688,77.27999877929688,1843.0
2024-09-05 15:11:00+00:00,DHC,3.2699999809265137,3.2699999809265137,3.2699999809265137,3.265000104904175,3.265000104904175,2648.0
2024-09-05 15:11:00+00:00,GLPI,51.63999938964844,51.63999938964844,51.63999938964844,51.63999938964844,51.63999938964844,788.0
2024-09-05 15:11:00+00:00,GOOD,15.21500015258789,15.21500015258789,15.220000267028809,15.21500015258789,15.21500015258789,733.0
2024-09-05 15:11:00+00:00,HST,16.704999923706055,16.704999923706055,16.704999923706055,16.704999923706055,16.704999923706055,8307.0
2024-09-05 15:11:00+00:00,ILPT,4.885000228881836,4.885000228881836,4.885000228881836,4.885000228881836,4.885000228881836,267.0
2024-09-05 15:11:00+00:00,LAMR,124.44999694824219,124.44999694824219,124.44999694824219,124.44000244140625,124.44000244140625,244.0
2024-09-05 15:11:00+00:00,LSEA,11.449999809265137,11.449999809265137,11.449999809265137,11.449999809265137,11.449999809265137,706.0
2024-09-05 15:11:00+00:00,NMRK,14.114999771118164,14.114999771118164,14.119999885559082,14.104999542236328,14.114999771118164,8604.0
2024-09-05 15:11:00+00:00,NYMT,6.409900188446045,6.409900188446045,6.409900188446045,6.409900188446045,6.409900188446045,722.0
2024-09-05 15:11:00+00:00,OPEN,1.9889999628067017,1.9889999628067017,2.0,1.9850000143051147,1.9950000047683716,128726.0
2024-09-05 15:11:00+00:00,OPI,2.134999990463257,2.134999990463257,2.134999990463257,2.134999990463257,2.134999990463257,410.0
2024-09-05 15:11:00+00:00,RDFN,9.675000190734863,9.675000190734863,9.694999694824219,9.675000190734863,9.692000389099121,3328.0
2024-09-05 15:11:00+00:00,REAX,5.635000228881836,5.635000228881836,5.635000228881836,5.630000114440918,5.630000114440918,1766.0
2024-09-05 15:11:00+00:00,REFI,15.720000267028809,15.720000267028809,15.720000267028809,15.720000267028809,15.720000267028809,26.0
2024-09-05 15:11:00+00:00,REG,73.4000015258789,73.4000015258789,73.4000015258789,73.4000015258789,73.4000015258789,414.0
2024-09-05 15:11:00+00:00,RMR,24.440000534057617,24.440000534057617,24.450000762939453,24.440000534057617,24.450000762939453,475.0
2024-09-05 15:11:00+00:00,ROIC,15.1850004196167,15.1850004196167,15.1850004196167,15.1850004196167,15.1850004196167,503.0
2024-09-05 15:11:00+00:00,SBRA,17.475000381469727,17.475000381469727,17.475000381469727,17.475000381469727,17.475000381469727,459.0
2024-09-05 15:11:00+00:00,SQFT,0.65829998254776,0.65829998254776,0.6791999936103821,0.65829998254776,0.6791999936103821,2529.0
2024-09-05 15:11:00+00:00,SVC,4.599999904632568,4.599999904632568,4.605000019073486,4.599999904632568,4.605000019073486,731.0
2024-09-05 15:11:00+00:00,UNIT,5.277500152587891,5.277500152587891,5.28000020980835,5.269999980926514,5.28000020980835,2922.0
2024-09-05 15:11:00+00:00,WHLR,4.824999809265137,4.824999809265137,4.880000114440918,4.7600998878479,4.769999980926514,104306.0
2024-09-05 15:12:00+00:00,AGNC,10.25,10.25,10.25,10.244999885559082,10.25,5241.0
2024-09-05 15:12:00+00:00,CSGP,77.30000305175781,77.30000305175781,77.3197021484375,77.28500366210938,77.31500244140625,2943.0
2024-09-05 15:12:00+00:00,GLPI,51.63999938964844,51.63999938964844,51.63999938964844,51.63999938964844,51.63999938964844,1298.0
2024-09-05 15:12:00+00:00,LAMR,124.44999694824219,124.44999694824219,124.49949645996094,124.44999694824219,124.49949645996094,2850.0
2024-09-05 15:12:00+00:00,LAND,13.512100219726562,13.512100219726562,13.512100219726562,13.512100219726562,13.512100219726562,735.0
2024-09-05 15:12:00+00:00,LSEA,11.4399995803833,11.4399995803833,11.4399995803833,11.4399995803833,11.4399995803833,182.0
2024-09-05 15:12:00+00:00,NYMT,6.420000076293945,6.420000076293945,6.420000076293945,6.409999847412109,6.409999847412109,1218.0
2024-09-05 15:12:00+00:00,OPEN,1.9950000047683716,1.9950000047683716,2.0,1.9800000190734863,1.9881999492645264,182437.0
2024-09-05 15:12:00+00:00,PCH,42.59000015258789,42.59000015258789,42.61000061035156,42.59000015258789,42.61000061035156,578.0
2024-09-05 15:12:00+00:00,PECO,37.16999816894531,37.16999816894531,37.16999816894531,37.15299987792969,37.15299987792969,2788.0
2024-09-05 15:12:00+00:00,RDFN,9.675000190734863,9.675000190734863,9.677499771118164,9.675000190734863,9.675000190734863,4217.0
2024-09-05 15:12:00+00:00,REAX,5.630000114440918,5.630000114440918,5.635000228881836,5.630000114440918,5.630000114440918,1719.0
2024-09-05 15:12:00+00:00,REG,73.4000015258789,73.4000015258789,73.4000015258789,73.4000015258789,73.4000015258789,2697.0
2024-09-05 15:12:00+00:00,ROIC,15.180000305175781,15.180000305175781,15.180000305175781,15.180000305175781,15.180000305175781,370.0
2024-09-05 15:12:00+00:00,SBRA,17.475000381469727,17.475000381469727,17.479999542236328,17.475000381469727,17.475000381469727,1955.0
2024-09-05 15:12:00+00:00,SVC,4.605000019073486,4.605000019073486,4.605000019073486,4.599999904632568,4.599999904632568,958.0
2024-09-05 15:12:00+00:00,UNIT,5.275000095367432,5.275000095367432,5.28000020980835,5.275000095367432,5.28000020980835,2670.0
2024-09-05 15:12:00+00:00,WHLR,4.819900035858154,4.819900035858154,4.840000152587891,4.7230000495910645,4.8317999839782715,87240.0
2024-09-05 15:13:00+00:00,AGNC,10.25,10.25,10.25,10.244999885559082,10.244999885559082,4606.0
2024-09-05 15:13:00+00:00,CSGP,77.2791976928711,77.2791976928711,77.29000091552734,77.2791976928711,77.29000091552734,1353.0
2024-09-05 15:13:00+00:00,EXPI,11.65999984741211,11.65999984741211,11.65999984741211,11.649999618530273,11.649999618530273,852.0
2024-09-05 15:13:00+00:00,GLPI,51.6349983215332,51.6349983215332,51.63999938964844,51.630001068115234,51.6349983215332,3788.0
2024-09-05 15:13:00+00:00,HST,16.704999923706055,16.704999923706055,16.704999923706055,16.704999923706055,16.704999923706055,123.0
2024-09-05 15:13:00+00:00,ILPT,4.889999866485596,4.889999866485596,4.889999866485596,4.889999866485596,4.889999866485596,760.0
2024-09-05 15:13:00+00:00,OPEN,1.9950000047683716,1.9950000047683716,2.0,1.9902000427246094,1.9946999549865723,47921.0
2024-09-05 15:13:00+00:00,PCH,42.595001220703125,42.595001220703125,42.595001220703125,42.595001220703125,42.595001220703125,823.0
2024-09-05 15:13:00+00:00,PECO,37.1349983215332,37.1349983215332,37.13999938964844,37.1349983215332,37.13999938964844,358.0
2024-09-05 15:13:00+00:00,RDFN,9.6850004196167,9.6850004196167,9.6899995803833,9.675000190734863,9.675000190734863,4054.0
2024-09-05 15:13:00+00:00,REAX,5.639999866485596,5.639999866485596,5.639999866485596,5.630000114440918,5.630000114440918,5062.0
2024-09-05 15:13:00+00:00,SBRA,17.479999542236328,17.479999542236328,17.479999542236328,17.475000381469727,17.475000381469727,758.0
2024-09-05 15:13:00+00:00,SVC,4.599999904632568,4.599999904632568,4.605000019073486,4.599999904632568,4.605000019073486,1554.0
2024-09-05 15:13:00+00:00,UNIT,5.25,5.25,5.28000020980835,5.25,5.28000020980835,13935.0
2024-09-05 15:13:00+00:00,WHLR,4.760000228881836,4.760000228881836,4.809999942779541,4.710000038146973,4.795199871063232,54184.0
2024-09-05 15:14:00+00:00,AFCG,10.324999809265137,10.324999809265137,10.324999809265137,10.324999809265137,10.324999809265137,228.0
2024-09-05 15:14:00+00:00,AGNC,10.244999885559082,10.244999885559082,10.25,10.243200302124023,10.244999885559082,5771.0
2024-09-05 15:14:00+00:00,CSGP,77.2699966430664,77.2699966430664,77.28500366210938,77.2699966430664,77.2750015258789,2890.0
2024-09-05 15:14:00+00:00,DHC,3.2750000953674316,3.2750000953674316,3.2750000953674316,3.2750000953674316,3.2750000953674316,208.0
2024-09-05 15:14:00+00:00,EXPI,11.664999961853027,11.664999961853027,11.670000076293945,11.65999984741211,11.65999984741211,1248.0
2024-09-05 15:14:00+00:00,GLPI,51.63999938964844,51.63999938964844,51.63999938964844,51.63999938964844,51.63999938964844,504.0
2024-09-05 15:14:00+00:00,GOOD,15.21500015258789,15.21500015258789,15.21500015258789,15.21500015258789,15.21500015258789,433.0
2024-09-05 15:14:00+00:00,HST,16.698999404907227,16.698999404907227,16.704999923706055,16.69499969482422,16.704999923706055,22797.0
2024-09-05 15:14:00+00:00,ILPT,4.885000228881836,4.885000228881836,4.889999866485596,4.885000228881836,4.889999866485596,1162.0
2024-09-05 15:14:00+00:00,LAND,13.489999771118164,13.489999771118164,13.489999771118164,13.489999771118164,13.489999771118164,282.0
2024-09-05 15:14:00+00:00,LSEA,11.46500015258789,11.46500015258789,11.46500015258789,11.430000305175781,11.430000305175781,1261.0
2024-09-05 15:14:00+00:00,NMRK,14.140000343322754,14.140000343322754,14.145000457763672,14.130000114440918,14.130000114440918,6091.0
2024-09-05 15:14:00+00:00,OPEN,1.9931000471115112,1.9931000471115112,1.9931000471115112,1.9901000261306763,1.9901000261306763,27479.0
2024-09-05 15:14:00+00:00,OPI,2.134999990463257,2.134999990463257,2.134999990463257,2.134999990463257,2.134999990463257,558.0
2024-09-05 15:14:00+00:00,PECO,37.130001068115234,37.130001068115234,37.130001068115234,37.130001068115234,37.130001068115234,345.0
2024-09-05 15:14:00+00:00,RDFN,9.6850004196167,9.6850004196167,9.699000358581543,9.680000305175781,9.6899995803833,12042.0
2024-09-05 15:14:00+00:00,ROIC,15.170000076293945,15.170000076293945,15.180000305175781,15.170000076293945,15.180000305175781,5906.0
2024-09-05 15:14:00+00:00,SBAC,233.22999572753906,233.22999572753906,233.22999572753906,233.22999572753906,233.22999572753906,332.0
2024-09-05 15:14:00+00:00,SBRA,17.469999313354492,17.469999313354492,17.475000381469727,17.469999313354492,17.469999313354492,2855.0
2024-09-05 15:14:00+00:00,SVC,4.599999904632568,4.599999904632568,4.599999904632568,4.599999904632568,4.599999904632568,200.0
2024-09-05 15:14:00+00:00,UNIT,5.264999866485596,5.264999866485596,5.264999866485596,5.244999885559082,5.255000114440918,24121.0
2024-09-05 15:14:00+00:00,WHLR,4.802299976348877,4.802299976348877,4.849999904632568,4.699999809265137,4.759900093078613,153105.0
2024-09-05 15:15:00+00:00,AFCG,10.319999694824219,10.319999694824219,10.319999694824219,10.319999694824219,10.319999694824219,134.0
2024-09-05 15:15:00+00:00,AGNC,10.244999885559082,10.244999885559082,10.25,10.239999771118164,10.25,30351.0
2024-09-05 15:15:00+00:00,CIGI,140.46499633789062,140.46499633789062,140.64999389648438,140.46499633789062,140.64999389648438,1886.0
2024-09-05 15:15:00+00:00,CSGP,77.19999694824219,77.19999694824219,77.2699966430664,77.16000366210938,77.2699966430664,8085.0
2024-09-05 15:15:00+00:00,DHC,3.2699999809265137,3.2699999809265137,3.2750000953674316,3.2699999809265137,3.2750000953674316,1275.0
2024-09-05 15:15:00+00:00,EQIX,819.5399780273438,819.5399780273438,820.8099975585938,819.5399780273438,820.7999877929688,1277.0
2024-09-05 15:15:00+00:00,EXPI,11.633399963378906,11.633399963378906,11.65999984741211,11.633399963378906,11.65999984741211,2882.0
2024-09-05 15:15:00+00:00,FTHM,2.9700000286102295,2.9700000286102295,2.9700000286102295,2.9700000286102295,2.9700000286102295,305.0
2024-09-05 15:15:00+00:00,GLPI,51.619998931884766,51.619998931884766,51.63999938964844,51.619998931884766,51.63999938964844,5427.0
2024-09-05 15:15:00+00:00,GOOD,15.199999809265137,15.199999809265137,15.210000038146973,15.199999809265137,15.210000038146973,1465.0
2024-09-05 15:15:00+00:00,HST,16.700000762939453,16.700000762939453,16.704999923706055,16.69499969482422,16.700000762939453,54303.0
2024-09-05 15:15:00+00:00,ILPT,4.880000114440918,4.880000114440918,4.889900207519531,4.880000114440918,4.889900207519531,977.0
2024-09-05 15:15:00+00:00,LAND,13.479999542236328,13.479999542236328,13.489999771118164,13.479999542236328,13.489999771118164,820.0
2024-09-05 15:15:00+00:00,NMRK,14.114999771118164,14.114999771118164,14.130000114440918,14.114999771118164,14.130000114440918,1794.0
2024-09-05 15:15:00+00:00,NYMT,6.414999961853027,6.414999961853027,6.420000076293945,6.414999961853027,6.420000076293945,2718.0
2024-09-05 15:15:00+00:00,OPEN,1.9850000143051147,1.9850000143051147,1.9950000047683716,1.9838000535964966,1.9950000047683716,145365.0
2024-09-05 15:15:00+00:00,OPI,2.130000114440918,2.130000114440918,2.134999990463257,2.130000114440918,2.130000114440918,1470.0
2024-09-05 15:15:00+00:00,PCH,42.54999923706055,42.54999923706055,42.560001373291016,42.54999923706055,42.560001373291016,6671.0
2024-09-05 15:15:00+00:00,PECO,37.099998474121094,37.099998474121094,37.119998931884766,37.099998474121094,37.119998931884766,955.0
2024-09-05 15:15:00+00:00,RDFN,9.664999961853027,9.664999961853027,9.6850004196167,9.664999961853027,9.6850004196167,39440.0
2024-09-05 15:15:00+00:00,REAX,5.625,5.625,5.644999980926514,5.614999771118164,5.644999980926514,5285.0
2024-09-05 15:15:00+00:00,REFI,15.720000267028809,15.720000267028809,15.720000267028809,15.720000267028809,15.720000267028809,252.0
2024-09-05 15:15:00+00:00,REG,73.30999755859375,73.30999755859375,73.33999633789062,73.29000091552734,73.33999633789062,1347.0
2024-09-05 15:15:00+00:00,ROIC,15.15999984741211,15.15999984741211,15.170000076293945,15.15999984741211,15.170000076293945,1921.0
2024-09-05 15:15:00+00:00,SBAC,233.14999389648438,233.14999389648438,233.28500366210938,233.14999389648438,233.28500366210938,16523.0
2024-09-05 15:15:00+00:00,SBRA,17.459999084472656,17.459999084472656,17.475000381469727,17.459999084472656,17.469999313354492,5957.0
2024-09-05 15:15:00+00:00,SELF,5.179999828338623,5.179999828338623,5.179999828338623,5.179999828338623,5.179999828338623,420.0
2024-09-05 15:15:00+00:00,SVC,4.599999904632568,4.599999904632568,4.605000019073486,4.599999904632568,4.605000019073486,2908.0
2024-09-05 15:15:00+00:00,UNIT,5.255000114440918,5.255000114440918,5.264999866485596,5.255000114440918,5.264999866485596,5810.0
2024-09-05 15:15:00+00:00,WHLR,4.764999866485596,4.764999866485596,4.859000205993652,4.720099925994873,4.781000137329102,115592.0
2024-09-05 15:16:00+00:00,AFCG,10.324999809265137,10.324999809265137,10.324999809265137,10.324999809265137,10.324999809265137,117.0
2024-09-05 15:16:00+00:00,AGNC,10.2475004196167,10.2475004196167,10.25,10.24470043182373,10.244999885559082,16416.0
2024-09-05 15:16:00+00:00,CSGP,77.16999816894531,77.16999816894531,77.19999694824219,77.16999816894531,77.18000030517578,2235.0
2024-09-05 15:16:00+00:00,EQIX,819.5700073242188,819.5700073242188,819.5700073242188,819.5700073242188,819.5700073242188,642.0
2024-09-05 15:16:00+00:00,EXPI,11.63010025024414,11.63010025024414,11.640000343322754,11.63010025024414,11.640000343322754,618.0
2024-09-05 15:16:00+00:00,GLPI,51.595001220703125,51.595001220703125,51.6150016784668,51.595001220703125,51.61249923706055,2830.0
2024-09-05 15:16:00+00:00,HST,16.695499420166016,16.695499420166016,16.695499420166016,16.69499969482422,16.69499969482422,3126.0
2024-09-05 15:16:00+00:00,HTIBP,15.640000343322754,15.640000343322754,15.640000343322754,15.640000343322754,15.640000343322754,809.0
2024-09-05 15:16:00+00:00,ILPT,4.880000114440918,4.880000114440918,4.880000114440918,4.880000114440918,4.880000114440918,1238.0
2024-09-05 15:16:00+00:00,LSEA,11.444999694824219,11.444999694824219,11.444999694824219,11.4399995803833,11.4399995803833,3029.0
2024-09-05 15:16:00+00:00,NYMTZ,19.476999282836914,19.476999282836914,19.476999282836914,19.476999282836914,19.476999282836914,5475.0
2024-09-05 15:16:00+00:00,OPEN,1.9850000143051147,1.9850000143051147,1.9896999597549438,1.9800000190734863,1.9800000190734863,33201.0
2024-09-05 15:16:00+00:00,OPI,2.134999990463257,2.134999990463257,2.134999990463257,2.130000114440918,2.130000114440918,930.0
2024-09-05 15:16:00+00:00,PECO,37.08000183105469,37.08000183105469,37.08000183105469,37.08000183105469,37.08000183105469,785.0
2024-09-05 15:16:00+00:00,RDFN,9.675000190734863,9.675000190734863,9.675000190734863,9.670000076293945,9.670000076293945,6321.0
2024-09-05 15:16:00+00:00,REAX,5.635000228881836,5.635000228881836,5.635000228881836,5.625,5.625,2596.0
2024-09-05 15:16:00+00:00,REG,73.30000305175781,73.30000305175781,73.30000305175781,73.30000305175781,73.30000305175781,1824.0
2024-09-05 15:16:00+00:00,ROIC,15.164999961853027,15.164999961853027,15.164999961853027,15.164999961853027,15.164999961853027,806.0
2024-09-05 15:16:00+00:00,SBAC,233.31500244140625,233.31500244140625,233.42999267578125,233.31500244140625,233.39999389648438,2287.0
2024-09-05 15:16:00+00:00,SBRA,17.46500015258789,17.46500015258789,17.46500015258789,17.46500015258789,17.46500015258789,1135.0
2024-09-05 15:16:00+00:00,SVC,4.599999904632568,4.599999904632568,4.599999904632568,4.599999904632568,4.599999904632568,328.0
2024-09-05 15:16:00+00:00,UNIT,5.250100135803223,5.250100135803223,5.260000228881836,5.250100135803223,5.255000114440918,4232.0
2024-09-05 15:16:00+00:00,WHLR,4.583199977874756,4.583199977874756,4.769999980926514,4.550000190734863,4.75,187868.0
2024-09-05 15:17:00+00:00,AGNC,10.244999885559082,10.244999885559082,10.25,10.239999771118164,10.25,5270.0
2024-09-05 15:17:00+00:00,CSGP,77.16999816894531,77.16999816894531,77.16999816894531,77.12000274658203,77.16999816894531,2846.0
2024-09-05 15:17:00+00:00,EXPI,11.649999618530273,11.649999618530273,11.649999618530273,11.640000343322754,11.645000457763672,1521.0
2024-09-05 15:17:00+00:00,GLPI,51.60499954223633,51.60499954223633,51.61000061035156,51.59000015258789,51.599998474121094,6149.0
2024-09-05 15:17:00+00:00,GOOD,15.21500015258789,15.21500015258789,15.21500015258789,15.204999923706055,15.210000038146973,1209.0
2024-09-05 15:17:00+00:00,GOODN,22.924999237060547,22.924999237060547,22.924999237060547,22.924999237060547,22.924999237060547,230.0
2024-09-05 15:17:00+00:00,HST,16.670000076293945,16.670000076293945,16.69499969482422,16.670000076293945,16.69499969482422,73628.0
2024-09-05 15:17:00+00:00,LSEA,11.399999618530273,11.399999618530273,11.444999694824219,11.399999618530273,11.444999694824219,1177.0
2024-09-05 15:17:00+00:00,NMRK,14.100000381469727,14.100000381469727,14.114999771118164,14.100000381469727,14.114999771118164,1583.0
2024-09-05 15:17:00+00:00,OPEN,1.9850000143051147,1.9850000143051147,1.9874999523162842,1.9800000190734863,1.9800000190734863,2049.0
2024-09-05 15:17:00+00:00,OPI,2.1301000118255615,2.1301000118255615,2.134700059890747,2.130000114440918,2.130000114440918,602.0
2024-09-05 15:17:00+00:00,RDFN,9.6850004196167,9.6850004196167,9.6850004196167,9.670100212097168,9.675000190734863,4471.0
2024-09-05 15:17:00+00:00,REAX,5.639999866485596,5.639999866485596,5.639999866485596,5.630000114440918,5.635000228881836,880.0
2024-09-05 15:17:00+00:00,RMR,24.489999771118164,24.489999771118164,24.489999771118164,24.489999771118164,24.489999771118164,675.0
2024-09-05 15:17:00+00:00,ROIC,15.15999984741211,15.15999984741211,15.15999984741211,15.15999984741211,15.15999984741211,369.0
2024-09-05 15:17:00+00:00,SBRA,17.459999084472656,17.459999084472656,17.459999084472656,17.459999084472656,17.459999084472656,1317.0
2024-09-05 15:17:00+00:00,SELF,5.160399913787842,5.160399913787842,5.160399913787842,5.160399913787842,5.160399913787842,1507.0
2024-09-05 15:17:00+00:00,SVC,4.599999904632568,4.599999904632568,4.599999904632568,4.599999904632568,4.599999904632568,13793.0
2024-09-05 15:17:00+00:00,UNIT,5.255000114440918,5.255000114440918,5.260000228881836,5.251200199127197,5.260000228881836,3354.0
2024-09-05 15:17:00+00:00,WHLR,4.510000228881836,4.510000228881836,4.590000152587891,4.440000057220459,4.570000171661377,150536.0
2024-09-05 15:17:00+00:00,WHLRP,2.740000009536743,2.740000009536743,2.740000009536743,2.740000009536743,2.740000009536743,340.0
2024-09-05 15:18:00+00:00,AFCG,10.324999809265137,10.324999809265137,10.324999809265137,10.324999809265137,10.324999809265137,363.0
2024-09-05 15:18:00+00:00,AGNC,10.234999656677246,10.234999656677246,10.25,10.234999656677246,10.244999885559082,106740.0
2024-09-05 15:18:00+00:00,CSGP,77.12000274658203,77.12000274658203,77.1500015258789,77.11000061035156,77.1500015258789,1847.0
2024-09-05 15:18:00+00:00,EXPI,11.640000343322754,11.640000343322754,11.65999984741211,11.640000343322754,11.654999732971191,1899.0
2024-09-05 15:18:00+00:00,GLPI,51.599998474121094,51.599998474121094,51.60499954223633,51.595001220703125,51.60499954223633,2480.0
2024-09-05 15:18:00+00:00,GYRO,7.800000190734863,7.800000190734863,7.800000190734863,7.800000190734863,7.800000190734863,0.0
2024-09-05 15:18:00+00:00,HST,16.700000762939453,16.700000762939453,16.700000762939453,16.674999237060547,16.674999237060547,39975.0
2024-09-05 15:18:00+00:00,LSEA,11.380000114440918,11.380000114440918,11.380000114440918,11.380000114440918,11.380000114440918,127.0
2024-09-05 15:18:00+00:00,NMRK,14.095000267028809,14.095000267028809,14.109999656677246,14.095000267028809,14.104999542236328,2877.0
2024-09-05 15:18:00+00:00,NYMT,6.420000076293945,6.420000076293945,6.420000076293945,6.420000076293945,6.420000076293945,710.0
2024-09-05 15:18:00+00:00,OPEN,1.9837000370025635,1.9837000370025635,1.98989999294281,1.9800000190734863,1.9850000143051147,42265.0
2024-09-05 15:18:00+00:00,OPI,2.134999990463257,2.134999990463257,2.134999990463257,2.134999990463257,2.134999990463257,132.0
2024-09-05 15:18:00+00:00,PCH,42.529998779296875,42.529998779296875,42.529998779296875,42.529998779296875,42.529998779296875,102.0
2024-09-05 15:18:00+00:00,RDFN,9.680000305175781,9.680000305175781,9.699000358581543,9.680000305175781,9.680100440979004,8761.0
2024-09-05 15:18:00+00:00,REAX,5.630000114440918,5.630000114440918,5.630000114440918,5.630000114440918,5.630000114440918,275.0
2024-09-05 15:18:00+00:00,REG,73.26000213623047,73.26000213623047,73.27999877929688,73.26000213623047,73.26000213623047,2151.0
2024-09-05 15:18:00+00:00,ROIC,15.15999984741211,15.15999984741211,15.15999984741211,15.15999984741211,15.15999984741211,748.0
2024-09-05 15:18:00+00:00,SBRA,17.44499969482422,17.44499969482422,17.459999084472656,17.44499969482422,17.459999084472656,3941.0
2024-09-05 15:18:00+00:00,SVC,4.605000019073486,4.605000019073486,4.605000019073486,4.605000019073486,4.605000019073486,2047.0
2024-09-05 15:18:00+00:00,UNIT,5.244999885559082,5.244999885559082,5.260000228881836,5.244999885559082,5.260000228881836,17305.0
2024-09-05 15:18:00+00:00,WHLR,4.574999809265137,4.574999809265137,4.609899997711182,4.461299896240234,4.510200023651123,67206.0
2024-09-05 15:19:00+00:00,AGNC,10.229999542236328,10.229999542236328,10.234999656677246,10.229999542236328,10.234999656677246,12918.0
2024-09-05 15:19:00+00:00,DHC,3.2699999809265137,3.2699999809265137,3.2699999809265137,3.2699999809265137,3.2699999809265137,557.0
2024-09-05 15:19:00+00:00,EQIX,817.3200073242188,817.3200073242188,817.3200073242188,817.3200073242188,817.3200073242188,1125.0
2024-09-05 15:19:00+00:00,EXPI,11.640000343322754,11.640000343322754,11.640000343322754,11.640000343322754,11.640000343322754,989.0
2024-09-05 15:19:00+00:00,GLPI,51.59000015258789,51.59000015258789,51.599998474121094,51.584999084472656,51.599998474121094,2063.0
2024-09-05 15:19:00+00:00,HST,16.700000762939453,16.700000762939453,16.704999923706055,16.690000534057617,16.69499969482422,23712.0
2024-09-05 15:19:00+00:00,LSEA,11.369999885559082,11.369999885559082,11.390000343322754,11.369999885559082,11.390000343322754,785.0
2024-09-05 15:19:00+00:00,NMRK,14.100000381469727,14.100000381469727,14.100000381469727,14.095000267028809,14.100000381469727,3157.0
2024-09-05 15:19:00+00:00,NYMT,6.420000076293945,6.420000076293945,6.420000076293945,6.420000076293945,6.420000076293945,399.0
2024-09-05 15:19:00+00:00,OPEN,1.9850000143051147,1.9850000143051147,1.9900000095367432,1.9850000143051147,1.9900000095367432,15088.0
2024-09-05 15:19:00+00:00,PCH,42.54499816894531,42.54499816894531,42.54499816894531,42.52000045776367,42.52000045776367,3112.0
2024-09-05 15:19:00+00:00,PECO,37.060001373291016,37.060001373291016,37.060001373291016,37.060001373291016,37.060001373291016,196.0
2024-09-05 15:19:00+00:00,RDFN,9.6850004196167,9.6850004196167,9.685099601745605,9.6850004196167,9.685099601745605,3053.0
2024-09-05 15:19:00+00:00,REAX,5.630000114440918,5.630000114440918,5.630000114440918,5.625,5.630000114440918,1206.0
2024-09-05 15:19:00+00:00,ROIC,15.149999618530273,15.149999618530273,15.149999618530273,15.149999618530273,15.149999618530273,518.0
2024-09-05 15:19:00+00:00,SBAC,233.10000610351562,233.10000610351562,233.10000610351562,232.97999572753906,233.0399932861328,3768.0
2024-09-05 15:19:00+00:00,SBRA,17.449899673461914,17.449899673461914,17.449899673461914,17.44499969482422,17.44499969482422,531.0
2024-09-05 15:19:00+00:00,SVC,4.605000019073486,4.605000019073486,4.605000019073486,4.605000019073486,4.605000019073486,341.0
2024-09-05 15:19:00+00:00,UNIT,5.260000228881836,5.260000228881836,5.260000228881836,5.240099906921387,5.244999885559082,14159.0
2024-09-05 15:19:00+00:00,WHLR,4.579999923706055,4.579999923706055,4.589000225067139,4.510000228881836,4.579999923706055,75071.0
2024-09-05 15:20:00+00:00,AFCG,10.324999809265137,10.324999809265137,10.324999809265137,10.324999809265137,10.324999809265137,110.0
2024-09-05 15:20:00+00:00,AGNC,10.234999656677246,10.234999656677246,10.239999771118164,10.229999542236328,10.234999656677246,56068.0
2024-09-05 15:20:00+00:00,CSGP,77.11000061035156,77.11000061035156,77.11000061035156,77.0999984741211,77.0999984741211,738.0
2024-09-05 15:20:00+00:00,DUO,0.4009999930858612,0.4009999930858612,0.4009999930858612,0.4009999930858612,0.4009999930858612,1210.0
2024-09-05 15:20:00+00:00,EXPI,11.633999824523926,11.633999824523926,11.633999824523926,11.633999824523926,11.633999824523926,259.0
2024-09-05 15:20:00+00:00,FSV,177.75,177.75,177.75,177.75,177.75,287.0
2024-09-05 15:20:00+00:00,GLPI,51.59000015258789,51.59000015258789,51.59000015258789,51.584999084472656,51.584999084472656,1637.0
2024-09-05 15:20:00+00:00,GOOD,15.21500015258789,15.21500015258789,15.21500015258789,15.21500015258789,15.21500015258789,240.0
2024-09-05 15:20:00+00:00,HST,16.700000762939453,16.700000762939453,16.704999923706055,16.700000762939453,16.704999923706055,2834.0
2024-09-05 15:20:00+00:00,ILPT,4.880000114440918,4.880000114440918,4.880000114440918,4.880000114440918,4.880000114440918,466.0
2024-09-05 15:20:00+00:00,LAND,13.470000267028809,13.470000267028809,13.470000267028809,13.470000267028809,13.470000267028809,433.0
2024-09-05 15:20:00+00:00,NMRK,14.100000381469727,14.100000381469727,14.104999542236328,14.095000267028809,14.095000267028809,7342.0
2024-09-05 15:20:00+00:00,NYMT,6.414999961853027,6.414999961853027,6.414999961853027,6.414999961853027,6.414999961853027,325.0
2024-09-05 15:20:00+00:00,OPEN,1.9850000143051147,1.9850000143051147,1.9896999597549438,1.9800000190734863,1.9854999780654907,5963.0
2024-09-05 15:20:00+00:00,PECO,37.06999969482422,37.06999969482422,37.06999969482422,37.04999923706055,37.060001373291016,2322.0
2024-09-05 15:20:00+00:00,RDFN,9.670000076293945,9.670000076293945,9.687600135803223,9.670000076293945,9.687600135803223,10937.0
2024-09-05 15:20:00+00:00,REAX,5.610000133514404,5.610000133514404,5.630000114440918,5.605000019073486,5.630000114440918,6796.0
2024-09-05 15:20:00+00:00,REG,73.20999908447266,73.20999908447266,73.23999786376953,73.20999908447266,73.23999786376953,2265.0
2024-09-05 15:20:00+00:00,SBRA,17.44499969482422,17.44499969482422,17.450000762939453,17.44499969482422,17.450000762939453,1618.0
2024-09-05 15:20:00+00:00,SQFTW,0.03009999915957451,0.03009999915957451,0.03009999915957451,0.03009999915957451,0.03009999915957451,0.0
2024-09-05 15:20:00+00:00,SVC,4.609000205993652,4.609000205993652,4.609000205993652,4.605000019073486,4.605000019073486,410.0
2024-09-05 15:20:00+00:00,UNIT,5.255000114440918,5.255000114440918,5.255000114440918,5.255000114440918,5.255000114440918,1308.0
2024-09-05 15:20:00+00:00,WHLR,4.650000095367432,4.650000095367432,4.650000095367432,4.550000190734863,4.550000190734863,98274.0
2024-09-05 15:21:00+00:00,AFCG,10.324999809265137,10.324999809265137,10.324999809265137,10.324999809265137,10.324999809265137,315.0
2024-09-05 15:21:00+00:00,AGNC,10.234999656677246,10.234999656677246,10.239999771118164,10.229999542236328,10.232500076293945,18899.0
2024-09-05 15:21:00+00:00,CSGP,77.12000274658203,77.12000274658203,77.12000274658203,77.08999633789062,77.11000061035156,2687.0
2024-09-05 15:21:00+00:00,DHC,3.265000104904175,3.265000104904175,3.2699999809265137,3.265000104904175,3.2699999809265137,1763.0
2024-09-05 15:21:00+00:00,GLPI,51.60499954223633,51.60499954223633,51.60499954223633,51.59000015258789,51.59000015258789,2371.0
2024-09-05 15:21:00+00:00,GOOD,15.21500015258789,15.21500015258789,15.21500015258789,15.21500015258789,15.21500015258789,273.0
2024-09-05 15:21:00+00:00,HST,16.704999923706055,16.704999923706055,16.704999923706055,16.69499969482422,16.700000762939453,24267.0
2024-09-05 15:21:00+00:00,LAMR,124.11000061035156,124.11000061035156,124.11000061035156,124.0999984741211,124.0999984741211,1603.0
2024-09-05 15:21:00+00:00,LSEA,11.359999656677246,11.359999656677246,11.369999885559082,11.359999656677246,11.369999885559082,1048.0
2024-09-05 15:21:00+00:00,NYMT,6.414999961853027,6.414999961853027,6.414999961853027,6.414999961853027,6.414999961853027,1377.0
2024-09-05 15:21:00+00:00,OPEN,1.9850000143051147,1.9850000143051147,1.9900000095367432,1.9800000190734863,1.9900000095367432,2735.0
2024-09-05 15:21:00+00:00,OPI,2.134999990463257,2.134999990463257,2.134999990463257,2.134999990463257,2.134999990463257,254.0
2024-09-05 15:21:00+00:00,RDFN,9.675000190734863,9.675000190734863,9.680000305175781,9.670000076293945,9.675000190734863,6231.0
2024-09-05 15:21:00+00:00,REAX,5.614999771118164,5.614999771118164,5.614999771118164,5.614999771118164,5.614999771118164,145.0
2024-09-05 15:21:00+00:00,REFI,15.729999542236328,15.729999542236328,15.729999542236328,15.729999542236328,15.729999542236328,138.0
2024-09-05 15:21:00+00:00,REG,73.19999694824219,73.19999694824219,73.19999694824219,73.19999694824219,73.19999694824219,170.0
2024-09-05 15:21:00+00:00,ROIC,15.15999984741211,15.15999984741211,15.15999984741211,15.15999984741211,15.15999984741211,664.0
2024-09-05 15:21:00+00:00,SBRA,17.43000030517578,17.43000030517578,17.44499969482422,17.43000030517578,17.44499969482422,4196.0
2024-09-05 15:21:00+00:00,SVC,4.605000019073486,4.605000019073486,4.605000019073486,4.605000019073486,4.605000019073486,330.0
2024-09-05 15:21:00+00:00,UNIT,5.255000114440918,5.255000114440918,5.264999866485596,5.255000114440918,5.260000228881836,14449.0
2024-09-05 15:21:00+00:00,WHLR,4.699999809265137,4.699999809265137,4.71999979019165,4.579999923706055,4.630000114440918,110228.0
2024-09-05 15:22:00+00:00,AGNC,10.232500076293945,10.232500076293945,10.239899635314941,10.232500076293945,10.234999656677246,3587.0
2024-09-05 15:22:00+00:00,CSGP,77.1500015258789,77.1500015258789,77.16000366210938,77.12999725341797,77.12999725341797,5281.0
2024-09-05 15:22:00+00:00,DHC,3.265000104904175,3.265000104904175,3.265000104904175,3.265000104904175,3.265000104904175,240.0
2024-09-05 15:22:00+00:00,EXPI,11.640000343322754,11.640000343322754,11.640000343322754,11.635000228881836,11.635000228881836,1331.0
2024-09-05 15:22:00+00:00,GLPI,51.60499954223633,51.60499954223633,51.61000061035156,51.60499954223633,51.61000061035156,1105.0
2024-09-05 15:22:00+00:00,HST,16.704999923706055,16.704999923706055,16.705299377441406,16.700000762939453,16.704999923706055,8724.0
2024-09-05 15:22:00+00:00,ILPT,4.880000114440918,4.880000114440918,4.880000114440918,4.880000114440918,4.880000114440918,1587.0
2024-09-05 15:22:00+00:00,LSEA,11.354999542236328,11.354999542236328,11.354999542236328,11.354999542236328,11.354999542236328,294.0
2024-09-05 15:22:00+00:00,NMRK,14.104999542236328,14.104999542236328,14.104999542236328,14.095000267028809,14.095000267028809,1693.0
2024-09-05 15:22:00+00:00,NYMT,6.414999961853027,6.414999961853027,6.414999961853027,6.414999961853027,6.414999961853027,209.0
2024-09-05 15:22:00+00:00,OPEN,1.9850000143051147,1.9850000143051147,1.9850000143051147,1.9850000143051147,1.9850000143051147,881.0
2024-09-05 15:22:00+00:00,OPI,2.130000114440918,2.130000114440918,2.130000114440918,2.130000114440918,2.130000114440918,204.0
2024-09-05 15:22:00+00:00,RDFN,9.6850004196167,9.6850004196167,9.6850004196167,9.675000190734863,9.675000190734863,5217.0
2024-09-05 15:22:00+00:00,REAX,5.639999866485596,5.639999866485596,5.639999866485596,5.614999771118164,5.614999771118164,6893.0
2024-09-05 15:22:00+00:00,REG,73.16999816894531,73.16999816894531,73.22000122070312,73.16999816894531,73.22000122070312,1093.0
2024-09-05 15:22:00+00:00,SBRA,17.434999465942383,17.434999465942383,17.434999465942383,17.43000030517578,17.43000030517578,1844.0
2024-09-05 15:22:00+00:00,SVC,4.605000019073486,4.605000019073486,4.605000019073486,4.605000019073486,4.605000019073486,690.0
2024-09-05 15:22:00+00:00,UNIT,5.255000114440918,5.255000114440918,5.260000228881836,5.239999771118164,5.260000228881836,86432.0
2024-09-05 15:22:00+00:00,WHLR,4.735000133514404,4.735000133514404,4.760000228881836,4.659999847412109,4.719699859619141,124597.0
2024-09-05 15:23:00+00:00,AFCG,10.335000038146973,10.335000038146973,10.335000038146973,10.329999923706055,10.329999923706055,852.0
2024-09-05 15:23:00+00:00,AGNC,10.234999656677246,10.234999656677246,10.234999656677246,10.229999542236328,10.232500076293945,5285.0
2024-09-05 15:23:00+00:00,CSGP,77.25,77.25,77.25,77.16500091552734,77.16500091552734,3548.0
2024-09-05 15:23:00+00:00,EQIX,817.25,817.25,818.4149780273438,817.25,818.4149780273438,853.0
2024-09-05 15:23:00+00:00,EXPI,11.640000343322754,11.640000343322754,11.649999618530273,11.640000343322754,11.649999618530273,911.0
2024-09-05 15:23:00+00:00,FSV,177.77000427246094,177.77000427246094,177.86000061035156,177.77000427246094,177.86000061035156,308.0
2024-09-05 15:23:00+00:00,GLPI,51.6150016784668,51.6150016784668,51.619998931884766,51.60499954223633,51.61000061035156,2357.0
2024-09-05 15:23:00+00:00,GOOD,15.21500015258789,15.21500015258789,15.21500015258789,15.21500015258789,15.21500015258789,258.0
2024-09-05 15:23:00+00:00,HST,16.684999465942383,16.684999465942383,16.704999923706055,16.684999465942383,16.704999923706055,21798.0
2024-09-05 15:23:00+00:00,LAMR,124.19999694824219,124.19999694824219,124.19999694824219,124.19999694824219,124.19999694824219,250.0
2024-09-05 15:23:00+00:00,LSEA,11.380000114440918,11.380000114440918,11.380000114440918,11.34000015258789,11.354999542236328,1118.0
2024-09-05 15:23:00+00:00,NMRK,14.114999771118164,14.114999771118164,14.114999771118164,14.109999656677246,14.109999656677246,1301.0
2024-09-05 15:23:00+00:00,NYMT,6.409999847412109,6.409999847412109,6.414999961853027,6.409999847412109,6.414999961853027,2281.0
2024-09-05 15:23:00+00:00,OPEN,1.9838999509811401,1.9838999509811401,1.9900000095367432,1.9838999509811401,1.9850000143051147,12626.0
2024-09-05 15:23:00+00:00,OPI,2.130000114440918,2.130000114440918,2.130000114440918,2.130000114440918,2.130000114440918,466.0
2024-09-05 15:23:00+00:00,PECO,37.06999969482422,37.06999969482422,37.06999969482422,37.06999969482422,37.06999969482422,425.0
2024-09-05 15:23:00+00:00,RDFN,9.699999809265137,9.699999809265137,9.710000038146973,9.6899995803833,9.6899995803833,4431.0
2024-09-05 15:23:00+00:00,REAX,5.639999866485596,5.639999866485596,5.639999866485596,5.639699935913086,5.639699935913086,464.0
2024-09-05 15:23:00+00:00,REG,73.19000244140625,73.19000244140625,73.19979858398438,73.18000030517578,73.19979858398438,2810.0
2024-09-05 15:23:00+00:00,ROIC,15.151000022888184,15.151000022888184,15.15999984741211,15.151000022888184,15.154999732971191,1362.0
2024-09-05 15:23:00+00:00,SBRA,17.440000534057617,17.440000534057617,17.440000534057617,17.434999465942383,17.434999465942383,1796.0
2024-09-05 15:23:00+00:00,UNIT,5.255000114440918,5.255000114440918,5.255000114440918,5.255000114440918,5.255000114440918,3590.0
2024-09-05 15:23:00+00:00,WHLR,4.708000183105469,4.708000183105469,4.750500202178955,4.650000095367432,4.7357001304626465,82254.0
2024-09-05 15:24:00+00:00,AEI,1.1100000143051147,1.1100000143051147,1.1100000143051147,1.1100000143051147,1.1100000143051147,1250.0
2024-09-05 15:24:00+00:00,AGNC,10.234999656677246,10.234999656677246,10.234999656677246,10.234999656677246,10.234999656677246,2150.0
2024-09-05 15:24:00+00:00,CSGP,77.30500030517578,77.30500030517578,77.31999969482422,77.2300033569336,77.23999786376953,4734.0
2024-09-05 15:24:00+00:00,DHC,3.265000104904175,3.265000104904175,3.265000104904175,3.265000104904175,3.265000104904175,1010.0
2024-09-05 15:24:00+00:00,FSV,177.92999267578125,177.92999267578125,177.92999267578125,177.92999267578125,177.92999267578125,562.0
2024-09-05 15:24:00+00:00,GLPI,51.630001068115234,51.630001068115234,51.6349983215332,51.6150016784668,51.6150016784668,4272.0
2024-09-05 15:24:00+00:00,HST,16.684999465942383,16.684999465942383,16.684999465942383,16.684999465942383,16.684999465942383,1601.0
2024-09-05 15:24:00+00:00,HTIBP,15.640000343322754,15.640000343322754,15.640000343322754,15.640000343322754,15.640000343322754,302.0
2024-09-05 15:24:00+00:00,LAMR,124.33999633789062,124.33999633789062,124.33999633789062,124.27999877929688,124.27999877929688,518.0
2024-09-05 15:24:00+00:00,LAND,13.481300354003906,13.481300354003906,13.481300354003906,13.470000267028809,13.470000267028809,491.0
2024-09-05 15:24:00+00:00,LSEA,11.380000114440918,11.380000114440918,11.380000114440918,11.380000114440918,11.380000114440918,438.0
2024-09-05 15:24:00+00:00,NMRK,14.140000343322754,14.140000343322754,14.140000343322754,14.119999885559082,14.119999885559082,4940.0
2024-09-05 15:24:00+00:00,OPEN,1.9950000047683716,1.9950000047683716,2.0,1.9800000190734863,1.9900000095367432,177895.0
2024-09-05 15:24:00+00:00,PECO,37.06999969482422,37.06999969482422,37.06999969482422,37.06999969482422,37.06999969482422,920.0
2024-09-05 15:24:00+00:00,RDFN,9.71500015258789,9.71500015258789,9.71500015258789,9.694999694824219,9.694999694824219,3324.0
2024-09-05 15:24:00+00:00,REAX,5.630000114440918,5.630000114440918,5.647799968719482,5.630000114440918,5.647799968719482,1009.0
2024-09-05 15:24:00+00:00,REG,73.19999694824219,73.19999694824219,73.20999908447266,73.19999694824219,73.20999908447266,2030.0
2024-09-05 15:24:00+00:00,ROIC,15.149999618530273,15.149999618530273,15.151000022888184,15.149999618530273,15.151000022888184,620.0
2024-09-05 15:24:00+00:00,SBRA,17.44499969482422,17.44499969482422,17.44499969482422,17.440000534057617,17.440000534057617,2457.0
2024-09-05 15:24:00+00:00,SVC,4.605000019073486,4.605000019073486,4.605000019073486,4.605000019073486,4.605000019073486,2040.0
2024-09-05 15:24:00+00:00,UNIT,5.255000114440918,5.255000114440918,5.255000114440918,5.25,5.255000114440918,7407.0
2024-09-05 15:24:00+00:00,WHLR,4.610000133514404,4.610000133514404,4.71999979019165,4.571000099182129,4.699999809265137,109620.0
2024-09-05 15:25:00+00:00,AGNC,10.234999656677246,10.234999656677246,10.234999656677246,10.23009967803955,10.230199813842773,6873.0
2024-09-05 15:25:00+00:00,AGNCP,24.25,24.25,24.260000228881836,24.2450008392334,24.247900009155273,1800.0
2024-09-05 15:25:00+00:00,CSGP,77.33999633789062,77.33999633789062,77.33999633789062,77.30000305175781,77.30500030517578,1781.0
2024-09-05 15:25:00+00:00,DHC,3.2699999809265137,3.2699999809265137,3.2699999809265137,3.2699999809265137,3.2699999809265137,1745.0
2024-09-05 15:25:00+00:00,EQIX,819.2999877929688,819.2999877929688,819.2999877929688,819.1300048828125,819.1300048828125,1589.0
2024-09-05 15:25:00+00:00,FTHM,2.9700000286102295,2.9700000286102295,2.9700000286102295,2.9700000286102295,2.9700000286102295,227.0
2024-09-05 15:25:00+00:00,GLPI,51.64500045776367,51.64500045776367,51.64500045776367,51.63999938964844,51.63999938964844,1234.0
2024-09-05 15:25:00+00:00,GOOD,15.21500015258789,15.21500015258789,15.21500015258789,15.21500015258789,15.21500015258789,344.0
2024-09-05 15:25:00+00:00,HST,16.69499969482422,16.69499969482422,16.69499969482422,16.684999465942383,16.684999465942383,25895.0
2024-09-05 15:25:00+00:00,ILPT,4.875,4.875,4.875,4.875,4.875,138.0
2024-09-05 15:25:00+00:00,LAMR,124.33000183105469,124.33000183105469,124.33000183105469,124.33000183105469,124.33000183105469,1051.0
2024-09-05 15:25:00+00:00,LAND,13.479999542236328,13.479999542236328,13.479999542236328,13.479999542236328,13.479999542236328,688.0
2024-09-05 15:25:00+00:00,LSEA,11.34000015258789,11.34000015258789,11.369999885559082,11.34000015258789,11.369999885559082,1726.0
2024-09-05 15:25:00+00:00,NMRK,14.14009952545166,14.14009952545166,14.149999618530273,14.135000228881836,14.135000228881836,2282.0
2024-09-05 15:25:00+00:00,NYMT,6.409999847412109,6.409999847412109,6.409999847412109,6.409999847412109,6.409999847412109,318.0
2024-09-05 15:25:00+00:00,OPEN,2.0,2.0,2.0,1.9950000047683716,1.9997999668121338,7324.0
2024-09-05 15:25:00+00:00,PECO,37.0890007019043,37.0890007019043,37.09000015258789,37.08000183105469,37.08000183105469,1918.0
2024-09-05 15:25:00+00:00,RDFN,9.718999862670898,9.718999862670898,9.718999862670898,9.6899995803833,9.71500015258789,13657.0
2024-09-05 15:25:00+00:00,REAX,5.635000228881836,5.635000228881836,5.635000228881836,5.630000114440918,5.630000114440918,1034.0
2024-09-05 15:25:00+00:00,REG,73.2300033569336,73.2300033569336,73.2300033569336,73.21499633789062,73.21499633789062,1824.0
2024-09-05 15:25:00+00:00,ROIC,15.151000022888184,15.151000022888184,15.154999732971191,15.149999618530273,15.151000022888184,722.0
2024-09-05 15:25:00+00:00,SBAC,233.2050018310547,233.2050018310547,233.2050018310547,233.2050018310547,233.2050018310547,1318.0
2024-09-05 15:25:00+00:00,SBRA,17.44499969482422,17.44499969482422,17.44499969482422,17.440000534057617,17.44499969482422,3693.0
2024-09-05 15:25:00+00:00,SVC,4.610000133514404,4.610000133514404,4.610000133514404,4.605000019073486,4.605000019073486,2998.0
2024-09-05 15:25:00+00:00,UNIT,5.260000228881836,5.260000228881836,5.269999980926514,5.255000114440918,5.260000228881836,11997.0
2024-09-05 15:25:00+00:00,WHLR,4.85099983215332,4.85099983215332,4.880000114440918,4.611999988555908,4.649899959564209,227474.0
2024-09-05 15:26:00+00:00,AFCG,10.34000015258789,10.34000015258789,10.34000015258789,10.34000015258789,10.34000015258789,462.0
2024-09-05 15:26:00+00:00,AGNC,10.234999656677246,10.234999656677246,10.239999771118164,10.229999542236328,10.234999656677246,13762.0
2024-09-05 15:26:00+00:00,AGNCP,24.247900009155273,24.247900009155273,24.260000228881836,24.2450008392334,24.25,1250.0
2024-09-05 15:26:00+00:00,CSGP,77.31919860839844,77.31919860839844,77.32499694824219,77.31919860839844,77.32499694824219,2055.0
2024-09-05 15:26:00+00:00,EQIX,820.0,820.0,820.0,819.7899780273438,819.7899780273438,920.0
2024-09-05 15:26:00+00:00,EXPI,11.657299995422363,11.657299995422363,11.657299995422363,11.649999618530273,11.649999618530273,450.0
2024-09-05 15:26:00+00:00,GLPI,51.650001525878906,51.650001525878906,51.650001525878906,51.650001525878906,51.650001525878906,1452.0
2024-09-05 15:26:00+00:00,GOOD,15.21500015258789,15.21500015258789,15.21500015258789,15.21500015258789,15.21500015258789,647.0
2024-09-05 15:26:00+00:00,HST,16.700000762939453,16.700000762939453,16.700000762939453,16.69499969482422,16.69499969482422,20947.0
2024-09-05 15:26:00+00:00,ILPT,4.880000114440918,4.880000114440918,4.880000114440918,4.880000114440918,4.880000114440918,1621.0
2024-09-05 15:26:00+00:00,LANDO,21.469999313354492,21.469999313354492,21.469999313354492,21.440000534057617,21.440000534057617,1409.0
2024-09-05 15:26:00+00:00,NMRK,14.15999984741211,14.15999984741211,14.15999984741211,14.145000457763672,14.145000457763672,803.0
2024-09-05 15:26:00+00:00,NYMT,6.420000076293945,6.420000076293945,6.425000190734863,6.420000076293945,6.420000076293945,1547.0
2024-09-05 15:26:00+00:00,NYMTZ,19.465499877929688,19.465499877929688,19.465499877929688,19.465499877929688,19.465499877929688,0.0
2024-09-05 15:26:00+00:00,OPEN,1.9950000047683716,1.9950000047683716,2.0,1.9950000047683716,1.9950000047683716,3238.0
2024-09-05 15:26:00+00:00,RDFN,9.725000381469727,9.725000381469727,9.725000381469727,9.719900131225586,9.720000267028809,1467.0
2024-09-05 15:26:00+00:00,REAX,5.670000076293945,5.670000076293945,5.679999828338623,5.639999866485596,5.639999866485596,38130.0
2024-09-05 15:26:00+00:00,REFI,15.75,15.75,15.75,15.75,15.75,513.0
2024-09-05 15:26:00+00:00,ROIC,15.151000022888184,15.151000022888184,15.15999984741211,15.151000022888184,15.154999732971191,763.0
2024-09-05 15:26:00+00:00,SBRA,17.44499969482422,17.44499969482422,17.44499969482422,17.44499969482422,17.44499969482422,1448.0
2024-09-05 15:26:00+00:00,SVC,4.610000133514404,4.610000133514404,4.614999771118164,4.610000133514404,4.610000133514404,7785.0
2024-09-05 15:26:00+00:00,UNIT,5.269999980926514,5.269999980926514,5.269999980926514,5.264999866485596,5.269999980926514,14585.0
2024-09-05 15:26:00+00:00,WHLR,4.800000190734863,4.800000190734863,4.867099761962891,4.750100135803223,4.860000133514404,137940.0
2024-09-05 15:27:00+00:00,AFCG,10.350000381469727,10.350000381469727,10.350000381469727,10.350000381469727,10.350000381469727,878.0
2024-09-05 15:27:00+00:00,AGNC,10.239999771118164,10.239999771118164,10.239999771118164,10.229999542236328,10.239999771118164,51379.0
2024-09-05 15:27:00+00:00,CSGP,77.32499694824219,77.32499694824219,77.33999633789062,77.31999969482422,77.31999969482422,2867.0
2024-09-05 15:27:00+00:00,DHC,3.2750000953674316,3.2750000953674316,3.2750000953674316,3.2750000953674316,3.2750000953674316,326.0
2024-09-05 15:27:00+00:00,EXPI,11.668999671936035,11.668999671936035,11.670000076293945,11.65999984741211,11.65999984741211,1461.0
2024-09-05 15:27:00+00:00,GLPI,51.654998779296875,51.654998779296875,51.654998779296875,51.64500045776367,51.64500045776367,1363.0
2024-09-05 15:27:00+00:00,GOOD,15.21500015258789,15.21500015258789,15.220000267028809,15.21500015258789,15.220000267028809,251.0
2024-09-05 15:27:00+00:00,HST,16.704999923706055,16.704999923706055,16.704999923706055,16.69499969482422,16.700000762939453,23513.0
2024-09-05 15:27:00+00:00,HTIA,15.350000381469727,15.350000381469727,15.350000381469727,15.350000381469727,15.350000381469727,932.0
2024-09-05 15:27:00+00:00,LAMR,124.38999938964844,124.38999938964844,124.38999938964844,124.38999938964844,124.38999938964844,262.0
2024-09-05 15:27:00+00:00,LSEA,11.369999885559082,11.369999885559082,11.369999885559082,11.359999656677246,11.359999656677246,1549.0
2024-09-05 15:27:00+00:00,NMRK,14.164999961853027,14.164999961853027,14.164999961853027,14.15999984741211,14.15999984741211,8363.0
2024-09-05 15:27:00+00:00,OPEN,2.0,2.0,2.0,1.9900000095367432,2.0,5992.0
2024-09-05 15:27:00+00:00,RDFN,9.729900360107422,9.729900360107422,9.729999542236328,9.720000267028809,9.720000267028809,3362.0
2024-09-05 15:27:00+00:00,REAX,5.684999942779541,5.684999942779541,5.684999942779541,5.670000076293945,5.670000076293945,4994.0
2024-09-05 15:27:00+00:00,REG,73.22000122070312,73.22000122070312,73.25,73.22000122070312,73.22000122070312,1905.0
2024-09-05 15:27:00+00:00,ROIC,15.154999732971191,15.154999732971191,15.154999732971191,15.149999618530273,15.154999732971191,1106.0
2024-09-05 15:27:00+00:00,SBAC,233.25999450683594,233.25999450683594,233.25999450683594,233.25999450683594,233.25999450683594,501.0
2024-09-05 15:27:00+00:00,SBRA,17.44499969482422,17.44499969482422,17.44499969482422,17.44499969482422,17.44499969482422,871.0
2024-09-05 15:27:00+00:00,UNIT,5.295000076293945,5.295000076293945,5.300000190734863,5.264999866485596,5.264999866485596,23297.0
2024-09-05 15:27:00+00:00,WHLR,4.744999885559082,4.744999885559082,4.849999904632568,4.639999866485596,4.790999889373779,116197.0
2024-09-05 15:28:00+00:00,AGNC,10.239999771118164,10.239999771118164,10.239999771118164,10.233200073242188,10.239999771118164,5657.0
2024-09-05 15:28:00+00:00,CHCI,7.726900100708008,7.726900100708008,7.726900100708008,7.726900100708008,7.726900100708008,1032.0
2024-09-05 15:28:00+00:00,CIGI,140.74000549316406,140.74000549316406,140.74000549316406,140.64999389648438,140.64999389648438,821.0
2024-09-05 15:28:00+00:00,CSGP,77.31999969482422,77.31999969482422,77.32499694824219,77.31999969482422,77.32499694824219,735.0
2024-09-05 15:28:00+00:00,EXPI,11.664999961853027,11.664999961853027,11.664999961853027,11.664999961853027,11.664999961853027,511.0
2024-09-05 15:28:00+00:00,FTHM,3.009999990463257,3.009999990463257,3.009999990463257,2.9872000217437744,3.0,9352.0
2024-09-05 15:28:00+00:00,GLPI,51.68000030517578,51.68000030517578,51.68000030517578,51.654998779296875,51.654998779296875,1133.0
2024-09-05 15:28:00+00:00,GOOD,15.21500015258789,15.21500015258789,15.21500015258789,15.21500015258789,15.21500015258789,703.0
2024-09-05 15:28:00+00:00,HST,16.71500015258789,16.71500015258789,16.71500015258789,16.704999923706055,16.704999923706055,30338.0
2024-09-05 15:28:00+00:00,NMRK,14.175000190734863,14.175000190734863,14.180000305175781,14.170000076293945,14.180000305175781,6797.0
2024-09-05 15:28:00+00:00,OPEN,1.9950000047683716,1.9950000047683716,2.0,1.9900000095367432,1.9950000047683716,20526.0
2024-09-05 15:28:00+00:00,RDFN,9.725000381469727,9.725000381469727,9.734999656677246,9.720000267028809,9.729900360107422,6128.0
2024-09-05 15:28:00+00:00,REAX,5.679999828338623,5.679999828338623,5.684999942779541,5.679999828338623,5.684999942779541,2229.0
2024-09-05 15:28:00+00:00,ROIC,15.151000022888184,15.151000022888184,15.154999732971191,15.151000022888184,15.151000022888184,962.0
2024-09-05 15:28:00+00:00,SBAC,233.2100067138672,233.2100067138672,233.22000122070312,233.2100067138672,233.22000122070312,2098.0
2024-09-05 15:28:00+00:00,SBRA,17.44499969482422,17.44499969482422,17.44499969482422,17.440000534057617,17.44499969482422,1759.0
2024-09-05 15:28:00+00:00,UNIT,5.300000190734863,5.300000190734863,5.300000190734863,5.290900230407715,5.295000076293945,9162.0
2024-09-05 15:28:00+00:00,WHLR,4.670000076293945,4.670000076293945,4.711599826812744,4.610000133514404,4.690000057220459,71580.0
2024-09-05 15:29:00+00:00,AFCG,10.350000381469727,10.350000381469727,10.350000381469727,10.350000381469727,10.350000381469727,247.0
2024-09-05 15:29:00+00:00,AGNC,10.239999771118164,10.239999771118164,10.25,10.239999771118164,10.239999771118164,99417.0
2024-09-05 15:29:00+00:00,CSGP,77.38999938964844,77.38999938964844,77.38999938964844,77.33999633789062,77.33999633789062,1608.0
2024-09-05 15:29:00+00:00,EQIX,820.0349731445312,820.0349731445312,820.0349731445312,820.0349731445312,820.0349731445312,417.0
2024-09-05 15:29:00+00:00,EXPI,11.670000076293945,11.670000076293945,11.670000076293945,11.668899536132812,11.668899536132812,1477.0
2024-09-05 15:29:00+00:00,FRPH,28.844999313354492,28.844999313354492,28.844999313354492,28.844999313354492,28.844999313354492,1050.0
2024-09-05 15:29:00+00:00,FTHM,3.0399999618530273,3.0399999618530273,3.0399999618530273,3.0399999618530273,3.0399999618530273,600.0
2024-09-05 15:29:00+00:00,GLPI,51.70500183105469,51.70500183105469,51.70500183105469,51.685001373291016,51.685001373291016,3467.0
2024-09-05 15:29:00+00:00,GOOD,15.229999542236328,15.229999542236328,15.229999542236328,15.220000267028809,15.220000267028809,1418.0
2024-09-05 15:29:00+00:00,HST,16.71500015258789,16.71500015258789,16.71500015258789,16.71500015258789,16.71500015258789,6436.0
2024-09-05 15:29:00+00:00,ILPT,4.880000114440918,4.880000114440918,4.880000114440918,4.875,4.875,378.0
2024-09-05 15:29:00+00:00,LAMR,124.55999755859375,124.55999755859375,124.58499908447266,124.48999786376953,124.48999786376953,1031.0
2024-09-05 15:29:00+00:00,NMRK,14.180000305175781,14.180000305175781,14.180000305175781,14.175000190734863,14.175000190734863,3171.0
2024-09-05 15:29:00+00:00,NYMT,6.420000076293945,6.420000076293945,6.420000076293945,6.414999961853027,6.414999961853027,529.0
2024-09-05 15:29:00+00:00,OPEN,2.005000114440918,2.005000114440918,2.009999990463257,1.9900000095367432,2.0,182328.0
2024-09-05 15:29:00+00:00,PCH,42.560001373291016,42.560001373291016,42.560001373291016,42.560001373291016,42.560001373291016,1127.0
2024-09-05 15:29:00+00:00,PECO,37.119998931884766,37.119998931884766,37.119998931884766,37.119998931884766,37.119998931884766,669.0
2024-09-05 15:29:00+00:00,RDFN,9.725000381469727,9.725000381469727,9.7391996383667,9.720000267028809,9.725000381469727,9372.0
2024-09-05 15:29:00+00:00,REAX,5.675000190734863,5.675000190734863,5.679999828338623,5.664999961853027,5.679999828338623,5089.0
2024-09-05 15:29:00+00:00,REG,73.27999877929688,73.27999877929688,73.27999877929688,73.25,73.25,1620.0
2024-09-05 15:29:00+00:00,ROIC,15.154999732971191,15.154999732971191,15.164999961853027,15.154999732971191,15.15999984741211,5109.0
2024-09-05 15:29:00+00:00,SBAC,233.1699981689453,233.1699981689453,233.32000732421875,233.16000366210938,233.32000732421875,3419.0
2024-09-05 15:29:00+00:00,SBRA,17.454999923706055,17.454999923706055,17.454999923706055,17.440000534057617,17.4424991607666,4405.0
2024-09-05 15:29:00+00:00,SELF,5.159999847412109,5.159999847412109,5.159999847412109,5.159999847412109,5.159999847412109,1267.0
2024-09-05 15:29:00+00:00,SEVN,13.71500015258789,13.71500015258789,13.71500015258789,13.71500015258789,13.71500015258789,513.0
2024-09-05 15:29:00+00:00,SVC,4.610000133514404,4.610000133514404,4.610000133514404,4.610000133514404,4.610000133514404,788.0
2024-09-05 15:29:00+00:00,UNIT,5.295000076293945,5.295000076293945,5.309999942779541,5.290999889373779,5.300000190734863,18914.0
2024-09-05 15:29:00+00:00,WHLR,4.721799850463867,4.721799850463867,4.739999771118164,4.630000114440918,4.669000148773193,87561.0
2024-09-05 15:30:00+00:00,AFCG,10.350000381469727,10.350000381469727,10.350000381469727,10.350000381469727,10.350000381469727,321.0
2024-09-05 15:30:00+00:00,AGNC,10.248900413513184,10.248900413513184,10.25,10.244999885559082,10.244999885559082,0.0
2024-09-05 15:30:00+00:00,CSGP,77.36000061035156,77.36000061035156,77.38999938964844,77.36000061035156,77.38999938964844,1496.0
2024-09-05 15:30:00+00:00,DHC,3.2750000953674316,3.2750000953674316,3.2750000953674316,3.2750000953674316,3.2750000953674316,563.0
2024-09-05 15:30:00+00:00,EXPI,11.670000076293945,11.670000076293945,11.675000190734863,11.670000076293945,11.675000190734863,1358.0
2024-09-05 15:30:00+00:00,FTHM,3.0899999141693115,3.0899999141693115,3.0999999046325684,3.049999952316284,3.0999999046325684,2329.0
2024-09-05 15:30:00+00:00,GLPI,51.69499969482422,51.69499969482422,51.69499969482422,51.67499923706055,51.689998626708984,2979.0
2024-09-05 15:30:00+00:00,HST,16.71500015258789,16.71500015258789,16.71500015258789,16.71500015258789,16.71500015258789,4779.0
2024-09-05 15:30:00+00:00,ILPT,4.880000114440918,4.880000114440918,4.880000114440918,4.880000114440918,4.880000114440918,522.0
2024-09-05 15:30:00+00:00,LAMR,124.4800033569336,124.4800033569336,124.57499694824219,124.4800033569336,124.57499694824219,1268.0
2024-09-05 15:30:00+00:00,LAND,13.489999771118164,13.489999771118164,13.489999771118164,13.489999771118164,13.489999771118164,1219.0
2024-09-05 15:30:00+00:00,LSEA,11.380000114440918,11.380000114440918,11.380000114440918,11.380000114440918,11.380000114440918,1111.0
2024-09-05 15:30:00+00:00,NMRK,14.18529987335205,14.18529987335205,14.18529987335205,14.1850004196167,14.1850004196167,813.0
2024-09-05 15:30:00+00:00,NYMT,6.425000190734863,6.425000190734863,6.425000190734863,6.420000076293945,6.420000076293945,2810.0
2024-09-05 15:30:00+00:00,OPEN,2.005000114440918,2.005000114440918,2.009999990463257,2.0,2.0,46434.0
2024-09-05 15:30:00+00:00,PECO,37.099998474121094,37.099998474121094,37.11000061035156,37.09000015258789,37.099998474121094,1959.0
2024-09-05 15:30:00+00:00,RDFN,9.720000267028809,9.720000267028809,9.737299919128418,9.71500015258789,9.729000091552734,8080.0
2024-09-05 15:30:00+00:00,REAX,5.675000190734863,5.675000190734863,5.675000190734863,5.670000076293945,5.675000190734863,1270.0
2024-09-05 15:30:00+00:00,REG,73.23999786376953,73.23999786376953,73.27999877929688,73.23999786376953,73.27999877929688,1336.0
2024-09-05 15:30:00+00:00,ROIC,15.164999961853027,15.164999961853027,15.164999961853027,15.149999618530273,15.154999732971191,7029.0
2024-09-05 15:30:00+00:00,SBAC,233.02000427246094,233.02000427246094,233.16000366210938,233.02000427246094,233.16000366210938,9720.0
2024-09-05 15:30:00+00:00,SBRA,17.450000762939453,17.450000762939453,17.450000762939453,17.440000534057617,17.450000762939453,2194.0
2024-09-05 15:30:00+00:00,SVC,4.610000133514404,4.610000133514404,4.610000133514404,4.610000133514404,4.610000133514404,558.0
2024-09-05 15:30:00+00:00,UNIT,5.300000190734863,5.300000190734863,5.300000190734863,5.295000076293945,5.295000076293945,12308.0
2024-09-05 15:30:00+00:00,WHLR,4.670000076293945,4.670000076293945,4.760000228881836,4.650000095367432,4.739999771118164,46293.0
2024-09-05 15:31:00+00:00,AFCG,10.350099563598633,10.350099563598633,10.350099563598633,10.350099563598633,10.350099563598633,515.0
2024-09-05 15:31:00+00:00,AGNC,10.2475004196167,10.2475004196167,10.25,10.239999771118164,10.244999885559082,52613.0
2024-09-05 15:31:00+00:00,CSGP,77.38999938964844,77.38999938964844,77.4000015258789,77.36000061035156,77.38999938964844,2813.0
2024-09-05 15:31:00+00:00,EQIX,820.8800048828125,820.8800048828125,820.8800048828125,820.8800048828125,820.8800048828125,878.0
2024-09-05 15:31:00+00:00,EXPI,11.678999900817871,11.678999900817871,11.678999900817871,11.675000190734863,11.675000190734863,316.0
2024-09-05 15:31:00+00:00,FTHM,3.0799999237060547,3.0799999237060547,3.0799999237060547,3.049999952316284,3.049999952316284,2004.0
2024-09-05 15:31:00+00:00,GIPR,2.26419997215271,2.26419997215271,2.26419997215271,2.26419997215271,2.26419997215271,1000.0
2024-09-05 15:31:00+00:00,GLPI,51.68000030517578,51.68000030517578,51.70000076293945,51.68000030517578,51.70000076293945,1213.0
2024-09-05 15:31:00+00:00,GOOD,15.225000381469727,15.225000381469727,15.234999656677246,15.225000381469727,15.234999656677246,7388.0
2024-09-05 15:31:00+00:00,HST,16.725000381469727,16.725000381469727,16.725000381469727,16.709999084472656,16.709999084472656,19493.0
2024-09-05 15:31:00+00:00,ILPT,4.885000228881836,4.885000228881836,4.885000228881836,4.885000228881836,4.885000228881836,858.0
2024-09-05 15:31:00+00:00,LAMR,124.4000015258789,124.4000015258789,124.43499755859375,124.4000015258789,124.43499755859375,1725.0
2024-09-05 15:31:00+00:00,NMRK,14.194999694824219,14.194999694824219,14.194999694824219,14.1899995803833,14.1899995803833,8868.0
2024-09-05 15:31:00+00:00,NYMT,6.419899940490723,6.419899940490723,6.420000076293945,6.414999961853027,6.420000076293945,1943.0
2024-09-05 15:31:00+00:00,OPEN,2.005000114440918,2.005000114440918,2.005000114440918,2.0,2.005000114440918,24667.0
2024-09-05 15:31:00+00:00,PECO,37.119998931884766,37.119998931884766,37.119998931884766,37.119998931884766,37.119998931884766,376.0
2024-09-05 15:31:00+00:00,RDFN,9.734999656677246,9.734999656677246,9.73900032043457,9.725000381469727,9.729999542236328,6613.0
2024-09-05 15:31:00+00:00,REAX,5.675000190734863,5.675000190734863,5.690000057220459,5.670000076293945,5.675000190734863,15547.0
2024-09-05 15:31:00+00:00,REG,73.29499816894531,73.29499816894531,73.30999755859375,73.29000091552734,73.29000091552734,2630.0
2024-09-05 15:31:00+00:00,ROIC,15.170000076293945,15.170000076293945,15.170000076293945,15.164999961853027,15.164999961853027,1382.0
2024-09-05 15:31:00+00:00,SBRA,17.450000762939453,17.450000762939453,17.454999923706055,17.450000762939453,17.450000762939453,3162.0
2024-09-05 15:31:00+00:00,SVC,4.610000133514404,4.610000133514404,4.610000133514404,4.610000133514404,4.610000133514404,611.0
2024-09-05 15:31:00+00:00,UNIT,5.300000190734863,5.300000190734863,5.300000190734863,5.295000076293945,5.300000190734863,2864.0
2024-09-05 15:31:00+00:00,WHLR,4.75,4.75,4.789999961853027,4.659999847412109,4.673799991607666,99245.0
2024-09-05 15:32:00+00:00,AFCG,10.354999542236328,10.354999542236328,10.354999542236328,10.354999542236328,10.354999542236328,580.0
2024-09-05 15:32:00+00:00,AGNC,10.25,10.25,10.25,10.244999885559082,10.25,11587.0
2024-09-05 15:32:00+00:00,CSGP,77.4000015258789,77.4000015258789,77.41500091552734,77.381103515625,77.4000015258789,4112.0
2024-09-05 15:32:00+00:00,DHC,3.2750000953674316,3.2750000953674316,3.2750000953674316,3.2750000953674316,3.2750000953674316,1168.0
2024-09-05 15:32:00+00:00,EQIX,820.8499755859375,820.8499755859375,820.8499755859375,820.8499755859375,820.8499755859375,688.0
2024-09-05 15:32:00+00:00,EXPI,11.680000305175781,11.680000305175781,11.680000305175781,11.680000305175781,11.680000305175781,1726.0
2024-09-05 15:32:00+00:00,FSV,178.08999633789062,178.08999633789062,178.08999633789062,178.08999633789062,178.08999633789062,556.0
2024-09-05 15:32:00+00:00,FTHM,3.0450000762939453,3.0450000762939453,3.0450000762939453,3.009999990463257,3.009999990463257,150.0
2024-09-05 15:32:00+00:00,GIPR,2.253700017929077,2.253700017929077,2.253700017929077,2.253700017929077,2.253700017929077,178.0
2024-09-05 15:32:00+00:00,GLPI,51.70000076293945,51.70000076293945,51.709999084472656,51.70000076293945,51.70000076293945,1621.0
2024-09-05 15:32:00+00:00,HST,16.725000381469727,16.725000381469727,16.729999542236328,16.725000381469727,16.725000381469727,6696.0
2024-09-05 15:32:00+00:00,ILPT,4.889999866485596,4.889999866485596,4.889999866485596,4.889999866485596,4.889999866485596,336.0
2024-09-05 15:32:00+00:00,LSEA,11.385000228881836,11.385000228881836,11.385000228881836,11.369999885559082,11.369999885559082,1196.0
2024-09-05 15:32:00+00:00,NMRK,14.199999809265137,14.199999809265137,14.199999809265137,14.199999809265137,14.199999809265137,990.0
2024-09-05 15:32:00+00:00,OPEN,2.0,2.0,2.005000114440918,2.0,2.005000114440918,81319.0
2024-09-05 15:32:00+00:00,OPI,2.134999990463257,2.134999990463257,2.134999990463257,2.134999990463257,2.134999990463257,383.0
2024-09-05 15:32:00+00:00,PCH,42.560001373291016,42.560001373291016,42.58000183105469,42.560001373291016,42.58000183105469,1991.0
2024-09-05 15:32:00+00:00,PECO,37.12009811401367,37.12009811401367,37.13999938964844,37.12009811401367,37.13999938964844,851.0
2024-09-05 15:32:00+00:00,RDFN,9.744999885559082,9.744999885559082,9.760000228881836,9.739999771118164,9.739999771118164,18006.0
2024-09-05 15:32:00+00:00,REG,73.33000183105469,73.33000183105469,73.33999633789062,73.31500244140625,73.33000183105469,3336.0
2024-09-05 15:32:00+00:00,ROIC,15.170000076293945,15.170000076293945,15.170000076293945,15.170000076293945,15.170000076293945,656.0
2024-09-05 15:32:00+00:00,SBRA,17.450000762939453,17.450000762939453,17.459999084472656,17.450000762939453,17.459999084472656,3057.0
2024-09-05 15:32:00+00:00,UNIT,5.295000076293945,5.295000076293945,5.300000190734863,5.295000076293945,5.300000190734863,42045.0
2024-09-05 15:32:00+00:00,WHLR,4.699999809265137,4.699999809265137,4.78000020980835,4.679999828338623,4.740200042724609,66349.0
2024-09-05 15:33:00+00:00,AGNC,10.255000114440918,10.255000114440918,10.255000114440918,10.244999885559082,10.244999885559082,128708.0
2024-09-05 15:33:00+00:00,AGNCM,25.25950050354004,25.25950050354004,25.260000228881836,25.25950050354004,25.260000228881836,1318.0
2024-09-05 15:33:00+00:00,CIGI,140.9199981689453,140.9199981689453,140.9199981689453,140.9199981689453,140.9199981689453,784.0
2024-09-05 15:33:00+00:00,CSGP,77.44499969482422,77.44499969482422,77.45500183105469,77.42500305175781,77.42500305175781,1509.0
2024-09-05 15:33:00+00:00,DHC,3.2850000858306885,3.2850000858306885,3.2850000858306885,3.2750000953674316,3.2799999713897705,2923.0
2024-09-05 15:33:00+00:00,EQIX,821.2899780273438,821.2899780273438,821.9000244140625,821.197509765625,821.8200073242188,3519.0
2024-09-05 15:33:00+00:00,EXPI,11.6899995803833,11.6899995803833,11.6899995803833,11.6899995803833,11.6899995803833,508.0
2024-09-05 15:33:00+00:00,FTHM,3.069999933242798,3.069999933242798,3.069999933242798,3.049999952316284,3.049999952316284,765.0
2024-09-05 15:33:00+00:00,GLPI,51.67499923706055,51.67499923706055,51.689998626708984,51.66999816894531,51.68000030517578,3193.0
2024-09-05 15:33:00+00:00,GOOD,15.225000381469727,15.225000381469727,15.229999542236328,15.225000381469727,15.229999542236328,1657.0
2024-09-05 15:33:00+00:00,HST,16.725000381469727,16.725000381469727,16.735000610351562,16.725000381469727,16.729999542236328,22012.0
2024-09-05 15:33:00+00:00,LAMR,124.5999984741211,124.5999984741211,124.5999984741211,124.5999984741211,124.5999984741211,280.0
2024-09-05 15:33:00+00:00,LSEA,11.430000305175781,11.430000305175781,11.430000305175781,11.430000305175781,11.430000305175781,720.0
2024-09-05 15:33:00+00:00,NMRK,14.199999809265137,14.199999809265137,14.204999923706055,14.194999694824219,14.199999809265137,10602.0
2024-09-05 15:33:00+00:00,NYMT,6.420000076293945,6.420000076293945,6.420000076293945,6.420000076293945,6.420000076293945,816.0
2024-09-05 15:33:00+00:00,OPEN,2.005000114440918,2.005000114440918,2.009999990463257,2.0,2.005000114440918,12836.0
2024-09-05 15:33:00+00:00,PECO,37.13999938964844,37.13999938964844,37.13999938964844,37.13999938964844,37.13999938964844,851.0
2024-09-05 15:33:00+00:00,RDFN,9.779999732971191,9.779999732971191,9.779999732971191,9.75,9.75,14201.0
2024-09-05 15:33:00+00:00,REAX,5.704999923706055,5.704999923706055,5.704999923706055,5.695000171661377,5.695000171661377,1449.0
2024-09-05 15:33:00+00:00,REFI,15.75,15.75,15.75,15.75,15.75,796.0
2024-09-05 15:33:00+00:00,REG,73.36000061035156,73.36000061035156,73.36000061035156,73.31580352783203,73.34500122070312,1523.0
2024-09-05 15:33:00+00:00,ROIC,15.1899995803833,15.1899995803833,15.1899995803833,15.170000076293945,15.170000076293945,11020.0
2024-09-05 15:33:00+00:00,SBAC,233.39500427246094,233.39500427246094,233.44000244140625,233.17999267578125,233.17999267578125,2245.0
2024-09-05 15:33:00+00:00,SBRA,17.454999923706055,17.454999923706055,17.459999084472656,17.44499969482422,17.459999084472656,7957.0
2024-09-05 15:33:00+00:00,SVC,4.610000133514404,4.610000133514404,4.614999771118164,4.610000133514404,4.610000133514404,3462.0
2024-09-05 15:33:00+00:00,UNIT,5.300000190734863,5.300000190734863,5.300000190734863,5.295000076293945,5.300000190734863,6336.0
2024-09-05 15:33:00+00:00,WHLR,4.864999771118164,4.864999771118164,4.929999828338623,4.659999847412109,4.710000038146973,258039.0
2024-09-05 15:34:00+00:00,AFCG,10.354999542236328,10.354999542236328,10.354999542236328,10.354999542236328,10.354999542236328,427.0
2024-09-05 15:34:00+00:00,AGNC,10.255000114440918,10.255000114440918,10.260000228881836,10.25,10.255000114440918,158729.0
2024-09-05 15:34:00+00:00,CSGP,77.46499633789062,77.46499633789062,77.4749984741211,77.44999694824219,77.45999908447266,2639.0
2024-09-05 15:34:00+00:00,DHC,3.2850000858306885,3.2850000858306885,3.2850000858306885,3.2850000858306885,3.2850000858306885,651.0
2024-09-05 15:34:00+00:00,EQIX,822.3599853515625,822.3599853515625,822.3599853515625,822.135009765625,822.135009765625,381.0
2024-09-05 15:34:00+00:00,EXPI,11.708999633789062,11.708999633789062,11.710000038146973,11.708999633789062,11.710000038146973,812.0
2024-09-05 15:34:00+00:00,FTHM,3.009999990463257,3.009999990463257,3.009999990463257,3.009999990463257,3.009999990463257,438.0
2024-09-05 15:34:00+00:00,GLPI,51.685001373291016,51.685001373291016,51.689998626708984,51.68000030517578,51.68000030517578,3599.0
2024-09-05 15:34:00+00:00,HST,16.7450008392334,16.7450008392334,16.75,16.725000381469727,16.725000381469727,20175.0
2024-09-05 15:34:00+00:00,LAMR,124.61000061035156,124.61000061035156,124.61499786376953,124.55999755859375,124.55999755859375,684.0
2024-09-05 15:34:00+00:00,NMRK,14.199999809265137,14.199999809265137,14.210000038146973,14.199999809265137,14.199999809265137,2676.0
2024-09-05 15:34:00+00:00,NYMT,6.420000076293945,6.420000076293945,6.425000190734863,6.420000076293945,6.425000190734863,2516.0
2024-09-05 15:34:00+00:00,OPEN,2.009999990463257,2.009999990463257,2.009999990463257,2.0,2.009999990463257,12352.0
2024-09-05 15:34:00+00:00,OPI,2.130000114440918,2.130000114440918,2.130000114440918,2.130000114440918,2.130000114440918,200.0
2024-09-05 15:34:00+00:00,PCH,42.56999969482422,42.56999969482422,42.56999969482422,42.56999969482422,42.56999969482422,475.0
2024-09-05 15:34:00+00:00,PECO,37.15060043334961,37.15060043334961,37.15060043334961,37.15060043334961,37.15060043334961,259.0
2024-09-05 15:34:00+00:00,RDFN,9.759699821472168,9.759699821472168,9.774999618530273,9.755000114440918,9.774999618530273,18400.0
2024-09-05 15:34:00+00:00,REAX,5.695000171661377,5.695000171661377,5.715000152587891,5.695000171661377,5.704999923706055,8860.0
2024-09-05 15:34:00+00:00,REG,73.3550033569336,73.3550033569336,73.3550033569336,73.33000183105469,73.33000183105469,1675.0
2024-09-05 15:34:00+00:00,ROIC,15.1850004196167,15.1850004196167,15.194999694824219,15.1850004196167,15.1899995803833,3999.0
2024-09-05 15:34:00+00:00,SBAC,233.52999877929688,233.52999877929688,233.52999877929688,233.52999877929688,233.52999877929688,998.0
2024-09-05 15:34:00+00:00,SBRA,17.450000762939453,17.450000762939453,17.459999084472656,17.450000762939453,17.454999923706055,3402.0
2024-09-05 15:34:00+00:00,SVC,4.614999771118164,4.614999771118164,4.614999771118164,4.614999771118164,4.614999771118164,200.0
2024-09-05 15:34:00+00:00,UNIT,5.309899806976318,5.309899806976318,5.309999942779541,5.300000190734863,5.300000190734863,35308.0
2024-09-05 15:34:00+00:00,WHLR,4.929999828338623,4.929999828338623,4.989999771118164,4.849999904632568,4.869999885559082,243134.0
2024-09-05 15:35:00+00:00,AGNC,10.244999885559082,10.244999885559082,10.255000114440918,10.244999885559082,10.25,32137.0
2024-09-05 15:35:00+00:00,CSGP,77.4800033569336,77.4800033569336,77.5,77.47000122070312,77.4800033569336,2524.0
2024-09-05 15:35:00+00:00,EQIX,821.969970703125,821.969970703125,821.969970703125,821.5599975585938,821.760009765625,2736.0
2024-09-05 15:35:00+00:00,EXPI,11.699999809265137,11.699999809265137,11.704999923706055,11.699999809265137,11.704999923706055,2564.0
2024-09-05 15:35:00+00:00,FTHM,3.0250000953674316,3.0250000953674316,3.0250000953674316,3.0250000953674316,3.0250000953674316,1612.0
2024-09-05 15:35:00+00:00,GLPI,51.69499969482422,51.69499969482422,51.69499969482422,51.685001373291016,51.685001373291016,1967.0
2024-09-05 15:35:00+00:00,HST,16.764999389648438,16.764999389648438,16.764999389648438,16.735000610351562,16.7450008392334,54503.0
2024-09-05 15:35:00+00:00,HTIBP,15.640000343322754,15.640000343322754,15.640000343322754,15.640000343322754,15.640000343322754,133.0
2024-09-05 15:35:00+00:00,ILPT,4.880000114440918,4.880000114440918,4.880000114440918,4.880000114440918,4.880000114440918,326.0
2024-09-05 15:35:00+00:00,LAMR,124.48999786376953,124.48999786376953,124.48999786376953,124.48999786376953,124.48999786376953,434.0
2024-09-05 15:35:00+00:00,LAND,13.489999771118164,13.489999771118164,13.489999771118164,13.489999771118164,13.489999771118164,1123.0
2024-09-05 15:35:00+00:00,LSEA,11.449999809265137,11.449999809265137,11.460000038146973,11.449999809265137,11.460000038146973,506.0
2024-09-05 15:35:00+00:00,MDJH,1.0499999523162842,1.0499999523162842,1.0499999523162842,1.0499999523162842,1.0499999523162842,200.0
2024-09-05 15:35:00+00:00,NMRK,14.204999923706055,14.204999923706055,14.210000038146973,14.199999809265137,14.199999809265137,7482.0
2024-09-05 15:35:00+00:00,OPEN,2.0,2.0,2.009999990463257,2.0,2.009999990463257,19488.0
2024-09-05 15:35:00+00:00,OPI,2.134999990463257,2.134999990463257,2.134999990463257,2.134999990463257,2.134999990463257,228.0
2024-09-05 15:35:00+00:00,PCH,42.54999923706055,42.54999923706055,42.58000183105469,42.54999923706055,42.564998626708984,2053.0
2024-09-05 15:35:00+00:00,PECO,37.13999938964844,37.13999938964844,37.14080047607422,37.130001068115234,37.14080047607422,1324.0
2024-09-05 15:35:00+00:00,RDFN,9.725000381469727,9.725000381469727,9.755000114440918,9.725000381469727,9.755000114440918,7366.0
2024-09-05 15:35:00+00:00,REG,73.37000274658203,73.37000274658203,73.37000274658203,73.3499984741211,73.3499984741211,1714.0
2024-09-05 15:35:00+00:00,RMR,24.464099884033203,24.464099884033203,24.464099884033203,24.464099884033203,24.464099884033203,1182.0
2024-09-05 15:35:00+00:00,SBAC,233.5050048828125,233.5050048828125,233.5050048828125,233.5050048828125,233.5050048828125,991.0
2024-09-05 15:35:00+00:00,SBRA,17.44499969482422,17.44499969482422,17.450000762939453,17.44499969482422,17.450000762939453,2459.0
2024-09-05 15:35:00+00:00,SOHON,18.479999542236328,18.479999542236328,18.479999542236328,18.219999313354492,18.219999313354492,401.0
2024-09-05 15:35:00+00:00,STRS,25.399999618530273,25.399999618530273,25.399999618530273,25.389999389648438,25.389999389648438,874.0
2024-09-05 15:35:00+00:00,SVC,4.610000133514404,4.610000133514404,4.614999771118164,4.610000133514404,4.614999771118164,4062.0
2024-09-05 15:35:00+00:00,UNIT,5.309999942779541,5.309999942779541,5.309999942779541,5.304999828338623,5.304999828338623,8398.0
2024-09-05 15:35:00+00:00,WHLR,4.829899787902832,4.829899787902832,4.96999979019165,4.710000038146973,4.929999828338623,194670.0
2024-09-05 15:36:00+00:00,AGNC,10.244999885559082,10.244999885559082,10.249699592590332,10.244999885559082,10.244999885559082,10903.0
2024-09-05 15:36:00+00:00,BPYPO,13.449999809265137,13.449999809265137,13.449999809265137,13.4399995803833,13.4399995803833,1295.0
2024-09-05 15:36:00+00:00,CIGI,140.82000732421875,140.82000732421875,140.82000732421875,140.72000122070312,140.72000122070312,1337.0
2024-09-05 15:36:00+00:00,CSGP,77.46499633789062,77.46499633789062,77.48999786376953,77.45999908447266,77.48999786376953,2317.0
2024-09-05 15:36:00+00:00,EXPI,11.704999923706055,11.704999923706055,11.704999923706055,11.70009994506836,11.70009994506836,807.0
2024-09-05 15:36:00+00:00,FTHM,3.009999990463257,3.009999990463257,3.009999990463257,3.009999990463257,3.009999990463257,0.0
2024-09-05 15:36:00+00:00,GLPI,51.69499969482422,51.69499969482422,51.70000076293945,51.69499969482422,51.69499969482422,2017.0
2024-09-05 15:36:00+00:00,HST,16.764999389648438,16.764999389648438,16.770000457763672,16.764999389648438,16.770000457763672,9241.0
2024-09-05 15:36:00+00:00,LSEA,11.46500015258789,11.46500015258789,11.479999542236328,11.46500015258789,11.479999542236328,217.0
2024-09-05 15:36:00+00:00,NMRK,14.210000038146973,14.210000038146973,14.21500015258789,14.204999923706055,14.210000038146973,5333.0
2024-09-05 15:36:00+00:00,NYMT,6.414999961853027,6.414999961853027,6.414999961853027,6.414999961853027,6.414999961853027,381.0
2024-09-05 15:36:00+00:00,OPEN,2.005000114440918,2.005000114440918,2.009999990463257,2.0,2.005000114440918,8346.0
2024-09-05 15:36:00+00:00,PECO,37.130001068115234,37.130001068115234,37.150001525878906,37.130001068115234,37.150001525878906,306.0
2024-09-05 15:36:00+00:00,RDFN,9.704999923706055,9.704999923706055,9.729999542236328,9.704999923706055,9.725000381469727,14584.0
2024-09-05 15:36:00+00:00,REAX,5.679999828338623,5.679999828338623,5.695000171661377,5.679999828338623,5.690000057220459,5582.0
2024-09-05 15:36:00+00:00,REG,73.38999938964844,73.38999938964844,73.38999938964844,73.38999938964844,73.38999938964844,1024.0
2024-09-05 15:36:00+00:00,ROIC,15.1850004196167,15.1850004196167,15.1850004196167,15.1850004196167,15.1850004196167,748.0
2024-09-05 15:36:00+00:00,SBRA,17.43000030517578,17.43000030517578,17.450000762939453,17.43000030517578,17.450000762939453,5938.0
2024-09-05 15:36:00+00:00,SVC,4.605000019073486,4.605000019073486,4.605000019073486,4.605000019073486,4.605000019073486,282.0
2024-09-05 15:36:00+00:00,UNIT,5.295000076293945,5.295000076293945,5.309999942779541,5.295000076293945,5.309999942779541,18922.0
2024-09-05 15:36:00+00:00,WHLR,4.885000228881836,4.885000228881836,4.929900169372559,4.75,4.800000190734863,120664.0
2024-09-05 15:37:00+00:00,AFCG,10.350000381469727,10.350000381469727,10.354999542236328,10.350000381469727,10.354999542236328,403.0
2024-09-05 15:37:00+00:00,AGNC,10.240099906921387,10.240099906921387,10.25,10.240099906921387,10.244999885559082,8940.0
2024-09-05 15:37:00+00:00,CSGP,77.43000030517578,77.43000030517578,77.45500183105469,77.43000030517578,77.45500183105469,1937.0
2024-09-05 15:37:00+00:00,EXPI,11.694999694824219,11.694999694824219,11.699999809265137,11.694999694824219,11.699999809265137,2151.0
2024-09-05 15:37:00+00:00,FTHM,3.009999990463257,3.009999990463257,3.009999990463257,3.0,3.0,470.0
2024-09-05 15:37:00+00:00,GLPI,51.709999084472656,51.709999084472656,51.720001220703125,51.709999084472656,51.720001220703125,2180.0
2024-09-05 15:37:00+00:00,GOOD,15.21500015258789,15.21500015258789,15.21500015258789,15.21500015258789,15.21500015258789,411.0
2024-09-05 15:37:00+00:00,HST,16.764999389648438,16.764999389648438,16.770000457763672,16.764999389648438,16.764999389648438,7792.0
2024-09-05 15:37:00+00:00,ILPT,4.880000114440918,4.880000114440918,4.885000228881836,4.880000114440918,4.885000228881836,497.0
2024-09-05 15:37:00+00:00,LAMR,124.44999694824219,124.44999694824219,124.52999877929688,124.43000030517578,124.43000030517578,585.0
2024-09-05 15:37:00+00:00,LSEA,11.449999809265137,11.449999809265137,11.449999809265137,11.449999809265137,11.449999809265137,508.0
2024-09-05 15:37:00+00:00,NMRK,14.204999923706055,14.204999923706055,14.21500015258789,14.204999923706055,14.210000038146973,4341.0
2024-09-05 15:37:00+00:00,OPEN,2.005000114440918,2.005000114440918,2.009999990463257,2.0,2.009999990463257,26476.0
2024-09-05 15:37:00+00:00,PECO,37.130001068115234,37.130001068115234,37.150001525878906,37.130001068115234,37.150001525878906,973.0
2024-09-05 15:37:00+00:00,RDFN,9.699000358581543,9.699000358581543,9.720000267028809,9.6850004196167,9.710000038146973,10491.0
2024-09-05 15:37:00+00:00,REFI,15.739999771118164,15.739999771118164,15.739999771118164,15.729999542236328,15.729999542236328,753.0
2024-09-05 15:37:00+00:00,REG,73.41000366210938,73.41000366210938,73.41000366210938,73.38999938964844,73.3949966430664,3137.0
2024-09-05 15:37:00+00:00,RMR,24.440000534057617,24.440000534057617,24.440000534057617,24.440000534057617,24.440000534057617,126.0
2024-09-05 15:37:00+00:00,ROIC,15.180000305175781,15.180000305175781,15.180000305175781,15.180000305175781,15.180000305175781,3910.0
2024-09-05 15:37:00+00:00,SBAC,233.44000244140625,233.44000244140625,233.625,233.44000244140625,233.4499969482422,918.0
2024-09-05 15:37:00+00:00,SBRA,17.424999237060547,17.424999237060547,17.424999237060547,17.424999237060547,17.424999237060547,2037.0
2024-09-05 15:37:00+00:00,SVC,4.605000019073486,4.605000019073486,4.610000133514404,4.605000019073486,4.610000133514404,1482.0
2024-09-05 15:37:00+00:00,UNIT,5.289999961853027,5.289999961853027,5.300000190734863,5.289999961853027,5.300000190734863,3675.0
2024-09-05 15:37:00+00:00,WHLR,4.902900218963623,4.902900218963623,4.989999771118164,4.870100021362305,4.882900238037109,211314.0
2024-09-05 15:38:00+00:00,AFCG,10.350000381469727,10.350000381469727,10.350000381469727,10.350000381469727,10.350000381469727,196.0
2024-09-05 15:38:00+00:00,AGNC,10.25,10.25,10.25,10.239999771118164,10.25,10305.0
2024-09-05 15:38:00+00:00,CSGP,77.37000274658203,77.37000274658203,77.41999816894531,77.37000274658203,77.41000366210938,9767.0
2024-09-05 15:38:00+00:00,DHC,3.2750000953674316,3.2750000953674316,3.2850000858306885,3.2750000953674316,3.2850000858306885,5297.0
2024-09-05 15:38:00+00:00,FSV,178.1750030517578,178.1750030517578,178.1750030517578,178.1750030517578,178.1750030517578,282.0
2024-09-05 15:38:00+00:00,GLPI,51.70500183105469,51.70500183105469,51.720001220703125,51.70500183105469,51.720001220703125,1586.0
2024-09-05 15:38:00+00:00,GOOD,15.210100173950195,15.210100173950195,15.210100173950195,15.210100173950195,15.210100173950195,2031.0
2024-09-05 15:38:00+00:00,HST,16.764999389648438,16.764999389648438,16.770000457763672,16.760000228881836,16.764999389648438,15415.0
2024-09-05 15:38:00+00:00,ILPT,4.875,4.875,4.875,4.875,4.875,304.0
2024-09-05 15:38:00+00:00,LAMR,124.45999908447266,124.45999908447266,124.5250015258789,124.45999908447266,124.5250015258789,427.0
2024-09-05 15:38:00+00:00,LSEA,11.46500015258789,11.46500015258789,11.46500015258789,11.449999809265137,11.449999809265137,694.0
2024-09-05 15:38:00+00:00,NMRK,14.194999694824219,14.194999694824219,14.204999923706055,14.194999694824219,14.199999809265137,9330.0
2024-09-05 15:38:00+00:00,NYMT,6.420000076293945,6.420000076293945,6.420000076293945,6.420000076293945,6.420000076293945,328.0
2024-09-05 15:38:00+00:00,OPEN,2.0,2.0,2.009999990463257,2.0,2.005000114440918,9646.0
2024-09-05 15:38:00+00:00,OPI,2.130000114440918,2.130000114440918,2.130000114440918,2.130000114440918,2.130000114440918,604.0
2024-09-05 15:38:00+00:00,RDFN,9.675000190734863,9.675000190734863,9.694999694824219,9.675000190734863,9.6899995803833,11596.0
2024-09-05 15:38:00+00:00,REAX,5.679999828338623,5.679999828338623,5.684999942779541,5.675000190734863,5.684999942779541,5473.0
2024-09-05 15:38:00+00:00,REG,73.37000274658203,73.37000274658203,73.38999938964844,73.37000274658203,73.38999938964844,1833.0
2024-09-05 15:38:00+00:00,RMR,24.454999923706055,24.454999923706055,24.454999923706055,24.454999923706055,24.454999923706055,839.0
2024-09-05 15:38:00+00:00,ROIC,15.175000190734863,15.175000190734863,15.175000190734863,15.175000190734863,15.175000190734863,485.0
2024-09-05 15:38:00+00:00,SBAC,233.44500732421875,233.44500732421875,233.44500732421875,233.44500732421875,233.44500732421875,474.0
2024-09-05 15:38:00+00:00,SBRA,17.43000030517578,17.43000030517578,17.43000030517578,17.420000076293945,17.420000076293945,3109.0
2024-09-05 15:38:00+00:00,SVC,4.605000019073486,4.605000019073486,4.605000019073486,4.599999904632568,4.605000019073486,2606.0
2024-09-05 15:38:00+00:00,UNIT,5.295000076293945,5.295000076293945,5.300000190734863,5.295000076293945,5.300000190734863,5578.0
2024-09-05 15:38:00+00:00,WHLR,5.050000190734863,5.050000190734863,5.079999923706055,4.869999885559082,4.909999847412109,271736.0
2024-09-05 15:38:00+00:00,WHLRP,2.640000104904175,2.640000104904175,2.6700000762939453,2.640000104904175,2.6500000953674316,1002.0
2024-09-05 15:39:00+00:00,AFCG,10.350000381469727,10.350000381469727,10.350000381469727,10.350000381469727,10.350000381469727,489.0
2024-09-05 15:39:00+00:00,AGNC,10.244999885559082,10.244999885559082,10.25,10.240099906921387,10.244999885559082,20722.0
2024-09-05 15:39:00+00:00,CIGI,140.47999572753906,140.47999572753906,140.60000610351562,140.47999572753906,140.5399932861328,3330.0
2024-09-05 15:39:00+00:00,CSGP,77.31999969482422,77.31999969482422,77.3499984741211,77.31999969482422,77.3499984741211,2279.0
2024-09-05 15:39:00+00:00,EQIX,821.155029296875,821.155029296875,821.155029296875,821.155029296875,821.155029296875,1300.0
2024-09-05 15:39:00+00:00,EXPI,11.6899995803833,11.6899995803833,11.6899995803833,11.6850004196167,11.6899995803833,2873.0
2024-09-05 15:39:00+00:00,FSV,178.02999877929688,178.02999877929688,178.02999877929688,178.02999877929688,178.02999877929688,652.0
2024-09-05 15:39:00+00:00,GIPR,2.25,2.25,2.2699999809265137,2.25,2.2699999809265137,306.0
2024-09-05 15:39:00+00:00,GLPI,51.689998626708984,51.689998626708984,51.709999084472656,51.689998626708984,51.709999084472656,3756.0
2024-09-05 15:39:00+00:00,GOOD,15.210000038146973,15.210000038146973,15.220000267028809,15.210000038146973,15.220000267028809,793.0
2024-09-05 15:39:00+00:00,HST,16.7549991607666,16.7549991607666,16.764999389648438,16.75,16.764999389648438,39022.0
2024-09-05 15:39:00+00:00,ILPT,4.875,4.875,4.875,4.875,4.875,300.0
2024-09-05 15:39:00+00:00,LAMR,124.47000122070312,124.47000122070312,124.47000122070312,124.47000122070312,124.47000122070312,254.0
2024-09-05 15:39:00+00:00,LSEA,11.4399995803833,11.4399995803833,11.4399995803833,11.4399995803833,11.4399995803833,790.0
2024-09-05 15:39:00+00:00,NMRK,14.180000305175781,14.180000305175781,14.1899995803833,14.15999984741211,14.1899995803833,6003.0
2024-09-05 15:39:00+00:00,NYMT,6.414999961853027,6.414999961853027,6.414999961853027,6.414999961853027,6.414999961853027,1146.0
2024-09-05 15:39:00+00:00,OPEN,1.9950000047683716,1.9950000047683716,2.005000114440918,1.9950000047683716,2.005000114440918,99057.0
2024-09-05 15:39:00+00:00,OPI,2.134999990463257,2.134999990463257,2.134999990463257,2.134999990463257,2.134999990463257,112.0
2024-09-05 15:39:00+00:00,PCH,42.529998779296875,42.529998779296875,42.529998779296875,42.529998779296875,42.529998779296875,824.0
2024-09-05 15:39:00+00:00,PECO,37.119998931884766,37.119998931884766,37.1349983215332,37.119998931884766,37.1349983215332,1708.0
2024-09-05 15:39:00+00:00,RDFN,9.6850004196167,9.6850004196167,9.6850004196167,9.675000190734863,9.6850004196167,18813.0
2024-09-05 15:39:00+00:00,REAX,5.684999942779541,5.684999942779541,5.684999942779541,5.670000076293945,5.675000190734863,2613.0
2024-09-05 15:39:00+00:00,REG,73.36000061035156,73.36000061035156,73.36000061035156,73.36000061035156,73.36000061035156,1276.0
2024-09-05 15:39:00+00:00,ROIC,15.175000190734863,15.175000190734863,15.175000190734863,15.175000190734863,15.175000190734863,618.0
2024-09-05 15:39:00+00:00,SBAC,233.40499877929688,233.40499877929688,233.40499877929688,233.40499877929688,233.40499877929688,2458.0
2024-09-05 15:39:00+00:00,SBRA,17.434999465942383,17.434999465942383,17.434999465942383,17.433700561523438,17.434999465942383,2374.0
2024-09-05 15:39:00+00:00,SVC,4.605000019073486,4.605000019073486,4.605000019073486,4.605000019073486,4.605000019073486,1238.0
2024-09-05 15:39:00+00:00,UNIT,5.295000076293945,5.295000076293945,5.304999828338623,5.295000076293945,5.300000190734863,33342.0
2024-09-05 15:39:00+00:00,WHLR,4.809999942779541,4.809999942779541,5.099999904632568,4.75,5.070000171661377,354556.0
2024-09-05 15:40:00+00:00,AFCG,10.34000015258789,10.34000015258789,10.34000015258789,10.335000038146973,10.335000038146973,983.0
2024-09-05 15:40:00+00:00,AGNC,10.244999885559082,10.244999885559082,10.244999885559082,10.239999771118164,10.244999885559082,85741.0
2024-09-05 15:40:00+00:00,CSGP,77.30500030517578,77.30500030517578,77.30999755859375,77.30000305175781,77.30999755859375,1254.0
2024-09-05 15:40:00+00:00,EXPI,11.6899995803833,11.6899995803833,11.6899995803833,11.6850004196167,11.6850004196167,1658.0
2024-09-05 15:40:00+00:00,GLPI,51.68000030517578,51.68000030517578,51.685001373291016,51.66999816894531,51.685001373291016,2430.0
2024-09-05 15:40:00+00:00,GOOD,15.210000038146973,15.210000038146973,15.210000038146973,15.204999923706055,15.204999923706055,879.0
2024-09-05 15:40:00+00:00,HST,16.7549991607666,16.7549991607666,16.760000228881836,16.7450008392334,16.75,23816.0
2024-09-05 15:40:00+00:00,ILPT,4.880000114440918,4.880000114440918,4.880000114440918,4.875,4.875,340.0
2024-09-05 15:40:00+00:00,LAMR,124.37999725341797,124.37999725341797,124.41999816894531,124.37999725341797,124.41999816894531,1387.0
2024-09-05 15:40:00+00:00,LSEA,11.460000038146973,11.460000038146973,11.460000038146973,11.449999809265137,11.449999809265137,560.0
2024-09-05 15:40:00+00:00,MDJH,1.0499999523162842,1.0499999523162842,1.0499999523162842,1.0499999523162842,1.0499999523162842,1182.0
2024-09-05 15:40:00+00:00,NMRK,14.180000305175781,14.180000305175781,14.180000305175781,14.180000305175781,14.180000305175781,1474.0
2024-09-05 15:40:00+00:00,NYMT,6.40500020980835,6.40500020980835,6.409999847412109,6.40500020980835,6.409999847412109,2117.0
2024-09-05 15:40:00+00:00,OPEN,1.9950000047683716,1.9950000047683716,2.0,1.9900000095367432,1.9900000095367432,30996.0
2024-09-05 15:40:00+00:00,OPI,2.134999990463257,2.134999990463257,2.134999990463257,2.134999990463257,2.134999990463257,158.0
2024-09-05 15:40:00+00:00,PCH,42.46500015258789,42.46500015258789,42.52000045776367,42.459999084472656,42.52000045776367,17424.0
2024-09-05 15:40:00+00:00,PECO,37.154998779296875,37.154998779296875,37.154998779296875,37.11000061035156,37.11000061035156,2743.0
2024-09-05 15:40:00+00:00,RDFN,9.680000305175781,9.680000305175781,9.6850004196167,9.680000305175781,9.680000305175781,7975.0
2024-09-05 15:40:00+00:00,REAX,5.679999828338623,5.679999828338623,5.679999828338623,5.679999828338623,5.679999828338623,1022.0
2024-09-05 15:40:00+00:00,REG,73.36499786376953,73.36499786376953,73.36499786376953,73.31999969482422,73.33999633789062,2026.0
2024-09-05 15:40:00+00:00,ROIC,15.175000190734863,15.175000190734863,15.175000190734863,15.175000190734863,15.175000190734863,845.0
2024-09-05 15:40:00+00:00,SBRA,17.434999465942383,17.434999465942383,17.440000534057617,17.434999465942383,17.434999465942383,2067.0
2024-09-05 15:40:00+00:00,SVC,4.599999904632568,4.599999904632568,4.605000019073486,4.599999904632568,4.599999904632568,1268.0
2024-09-05 15:40:00+00:00,UK,1.3899999856948853,1.3899999856948853,1.399999976158142,1.3799999952316284,1.3990000486373901,791.0
2024-09-05 15:40:00+00:00,UNIT,5.300000190734863,5.300000190734863,5.300000190734863,5.295000076293945,5.295000076293945,7542.0
2024-09-05 15:40:00+00:00,WHLR,4.878600120544434,4.878600120544434,4.899899959564209,4.800000190734863,4.813399791717529,84217.0
2024-09-05 15:41:00+00:00,AFCG,10.329999923706055,10.329999923706055,10.335000038146973,10.329999923706055,10.335000038146973,947.0
2024-09-05 15:41:00+00:00,AGNC,10.244999885559082,10.244999885559082,10.24590015411377,10.239999771118164,10.239999771118164,8618.0
2024-09-05 15:41:00+00:00,CSGP,77.30999755859375,77.30999755859375,77.30999755859375,77.2699966430664,77.29000091552734,5667.0
2024-09-05 15:41:00+00:00,GLPI,51.650001525878906,51.650001525878906,51.685001373291016,51.64500045776367,51.68000030517578,8258.0
2024-09-05 15:41:00+00:00,GOOD,15.204999923706055,15.204999923706055,15.204999923706055,15.204999923706055,15.204999923706055,361.0
2024-09-05 15:41:00+00:00,HST,16.7549991607666,16.7549991607666,16.760000228881836,16.7549991607666,16.7549991607666,17368.0
2024-09-05 15:41:00+00:00,ILPT,4.875,4.875,4.875,4.875,4.875,418.0
2024-09-05 15:41:00+00:00,LAMR,124.32499694824219,124.32499694824219,124.32499694824219,124.32499694824219,124.32499694824219,1291.0
2024-09-05 15:41:00+00:00,LSEA,11.444999694824219,11.444999694824219,11.444999694824219,11.444999694824219,11.444999694824219,524.0
2024-09-05 15:41:00+00:00,MDJH,1.0499999523162842,1.0499999523162842,1.0499999523162842,1.0499999523162842,1.0499999523162842,3951.0
2024-09-05 15:41:00+00:00,NMRK,14.164999961853027,14.164999961853027,14.180000305175781,14.164999961853027,14.180000305175781,4547.0
2024-09-05 15:41:00+00:00,OPEN,2.0,2.0,2.0,1.9901000261306763,2.0,26354.0
2024-09-05 15:41:00+00:00,PCH,42.459999084472656,42.459999084472656,42.459999084472656,42.439998626708984,42.439998626708984,745.0
2024-09-05 15:41:00+00:00,PECO,37.15999984741211,37.15999984741211,37.15999984741211,37.13999938964844,37.150001525878906,6194.0
2024-09-05 15:41:00+00:00,RDFN,9.6850004196167,9.6850004196167,9.6899995803833,9.675000190734863,9.6850004196167,16431.0
2024-09-05 15:41:00+00:00,REAX,5.679999828338623,5.679999828338623,5.684999942779541,5.679999828338623,5.684999942779541,1209.0
2024-09-05 15:41:00+00:00,REFI,15.739999771118164,15.739999771118164,15.739999771118164,15.739999771118164,15.739999771118164,176.0
2024-09-05 15:41:00+00:00,REG,73.30999755859375,73.30999755859375,73.3499984741211,73.30999755859375,73.3499984741211,1033.0
2024-09-05 15:41:00+00:00,ROIC,15.177499771118164,15.177499771118164,15.177499771118164,15.177499771118164,15.177499771118164,270.0
2024-09-05 15:41:00+00:00,SBRA,17.43000030517578,17.43000030517578,17.434999465942383,17.424999237060547,17.434999465942383,4148.0
2024-09-05 15:41:00+00:00,SEVN,13.720000267028809,13.720000267028809,13.720000267028809,13.720000267028809,13.720000267028809,372.0
2024-09-05 15:41:00+00:00,SVC,4.599999904632568,4.599999904632568,4.599999904632568,4.599999904632568,4.599999904632568,664.0
2024-09-05 15:41:00+00:00,UNIT,5.295000076293945,5.295000076293945,5.300000190734863,5.291100025177002,5.295000076293945,9735.0
2024-09-05 15:41:00+00:00,WHLR,4.710100173950195,4.710100173950195,4.880000114440918,4.699999809265137,4.829999923706055,126705.0
2024-09-05 15:42:00+00:00,AFCG,10.34000015258789,10.34000015258789,10.34000015258789,10.34000015258789,10.34000015258789,549.0
2024-09-05 15:42:00+00:00,AGNC,10.239999771118164,10.239999771118164,10.244999885559082,10.239999771118164,10.244999885559082,14566.0
2024-09-05 15:42:00+00:00,CSGP,77.30000305175781,77.30000305175781,77.30999755859375,77.29000091552734,77.30999755859375,928.0
2024-09-05 15:42:00+00:00,DHC,3.2750000953674316,3.2750000953674316,3.2750000953674316,3.2750000953674316,3.2750000953674316,455.0
2024-09-05 15:42:00+00:00,EQIX,820.75,820.75,820.75,820.75,820.75,893.0
2024-09-05 15:42:00+00:00,GIPR,2.2699999809265137,2.2699999809265137,2.2699999809265137,2.2699999809265137,2.2699999809265137,215.0
2024-09-05 15:42:00+00:00,GLPI,51.59000015258789,51.59000015258789,51.63999938964844,51.59000015258789,51.63999938964844,4928.0
2024-09-05 15:42:00+00:00,GOOD,15.204999923706055,15.204999923706055,15.204999923706055,15.204999923706055,15.204999923706055,248.0
2024-09-05 15:42:00+00:00,HST,16.7549991607666,16.7549991607666,16.760000228881836,16.7549991607666,16.760000228881836,15880.0
2024-09-05 15:42:00+00:00,ILPT,4.869999885559082,4.869999885559082,4.875,4.864999771118164,4.869999885559082,3045.0
2024-09-05 15:42:00+00:00,LAMR,124.33999633789062,124.33999633789062,124.33999633789062,124.33999633789062,124.33999633789062,371.0
2024-09-05 15:42:00+00:00,LAND,13.479999542236328,13.479999542236328,13.479999542236328,13.479999542236328,13.479999542236328,493.0
2024-09-05 15:42:00+00:00,LSEA,11.460000038146973,11.460000038146973,11.460000038146973,11.444999694824219,11.444999694824219,1988.0
2024-09-05 15:42:00+00:00,NMRK,14.164999961853027,14.164999961853027,14.164999961853027,14.154999732971191,14.15999984741211,3046.0
2024-09-05 15:42:00+00:00,OPEN,2.0,2.0,2.0,1.999899983406067,2.0,7149.0
2024-09-05 15:42:00+00:00,OPI,2.139899969100952,2.139899969100952,2.139899969100952,2.134999990463257,2.134999990463257,502.0
2024-09-05 15:42:00+00:00,PCH,42.439998626708984,42.439998626708984,42.439998626708984,42.43000030517578,42.439998626708984,2215.0
2024-09-05 15:42:00+00:00,PECO,37.15719985961914,37.15719985961914,37.15999984741211,37.15719985961914,37.15999984741211,1064.0
2024-09-05 15:42:00+00:00,RDFN,9.6850004196167,9.6850004196167,9.6850004196167,9.680000305175781,9.680000305175781,2709.0
2024-09-05 15:42:00+00:00,REAX,5.679999828338623,5.679999828338623,5.684999942779541,5.679999828338623,5.679999828338623,824.0
2024-09-05 15:42:00+00:00,REG,73.27999877929688,73.27999877929688,73.28500366210938,73.27999877929688,73.28500366210938,1278.0
2024-09-05 15:42:00+00:00,ROIC,15.15999984741211,15.15999984741211,15.175000190734863,15.15999984741211,15.175000190734863,5211.0
2024-09-05 15:42:00+00:00,SBAC,233.25,233.25,233.32000732421875,233.24000549316406,233.24000549316406,551.0
2024-09-05 15:42:00+00:00,SBRA,17.424999237060547,17.424999237060547,17.424999237060547,17.420000076293945,17.424999237060547,2870.0
2024-09-05 15:42:00+00:00,SELF,5.150000095367432,5.150000095367432,5.150000095367432,5.150000095367432,5.150000095367432,566.0
2024-09-05 15:42:00+00:00,SVC,4.599999904632568,4.599999904632568,4.599999904632568,4.599999904632568,4.599999904632568,2024.0
2024-09-05 15:42:00+00:00,UNIT,5.300000190734863,5.300000190734863,5.300000190734863,5.295000076293945,5.300000190734863,5458.0
2024-09-05 15:42:00+00:00,WHLR,4.65500020980835,4.65500020980835,4.739999771118164,4.510000228881836,4.739999771118164,169747.0
2024-09-05 15:43:00+00:00,AGNC,10.234999656677246,10.234999656677246,10.244999885559082,10.229999542236328,10.24370002746582,85790.0
2024-09-05 15:43:00+00:00,CSGP,77.30999755859375,77.30999755859375,77.30999755859375,77.27999877929688,77.29000091552734,3987.0
2024-09-05 15:43:00+00:00,EQIX,820.1400146484375,820.1400146484375,820.1400146484375,820.1400146484375,820.1400146484375,950.0
2024-09-05 15:43:00+00:00,EXPI,11.694000244140625,11.694000244140625,11.699899673461914,11.6899995803833,11.699899673461914,1354.0
2024-09-05 15:43:00+00:00,GLPI,51.599998474121094,51.599998474121094,51.599998474121094,51.560001373291016,51.56999969482422,4488.0
2024-09-05 15:43:00+00:00,GOOD,15.204999923706055,15.204999923706055,15.204999923706055,15.204999923706055,15.204999923706055,266.0
2024-09-05 15:43:00+00:00,HST,16.7450008392334,16.7450008392334,16.760000228881836,16.7450008392334,16.7549991607666,13236.0
2024-09-05 15:43:00+00:00,LAMR,124.33999633789062,124.33999633789062,124.33999633789062,124.33999633789062,124.33999633789062,748.0
2024-09-05 15:43:00+00:00,NMRK,14.170000076293945,14.170000076293945,14.170000076293945,14.164999961853027,14.164999961853027,1843.0
2024-09-05 15:43:00+00:00,OPEN,1.9950000047683716,1.9950000047683716,2.0,1.9900000095367432,2.0,13274.0
2024-09-05 15:43:00+00:00,OPI,2.134999990463257,2.134999990463257,2.134999990463257,2.130000114440918,2.130000114440918,213.0
2024-09-05 15:43:00+00:00,PCH,42.40999984741211,42.40999984741211,42.40999984741211,42.40999984741211,42.40999984741211,1871.0
2024-09-05 15:43:00+00:00,PECO,37.18000030517578,37.18000030517578,37.189998626708984,37.15999984741211,37.16019821166992,4594.0
2024-09-05 15:43:00+00:00,RDFN,9.675000190734863,9.675000190734863,9.6850004196167,9.673600196838379,9.6850004196167,7995.0
2024-09-05 15:43:00+00:00,REAX,5.679999828338623,5.679999828338623,5.684999942779541,5.679999828338623,5.684999942779541,5172.0
2024-09-05 15:43:00+00:00,REG,73.30999755859375,73.30999755859375,73.30999755859375,73.29499816894531,73.29499816894531,2214.0
2024-09-05 15:43:00+00:00,ROIC,15.15999984741211,15.15999984741211,15.164999961853027,15.15999984741211,15.164999961853027,662.0
2024-09-05 15:43:00+00:00,SBAC,233.24000549316406,233.24000549316406,233.24000549316406,233.24000549316406,233.24000549316406,1361.0
2024-09-05 15:43:00+00:00,SBRA,17.43000030517578,17.43000030517578,17.43000030517578,17.420000076293945,17.424999237060547,6073.0
2024-09-05 15:43:00+00:00,SVC,4.599999904632568,4.599999904632568,4.599999904632568,4.599999904632568,4.599999904632568,1232.0
2024-09-05 15:43:00+00:00,UNIT,5.304999828338623,5.304999828338623,5.309999942779541,5.289999961853027,5.295000076293945,71619.0
2024-09-05 15:43:00+00:00,WHLR,4.71999979019165,4.71999979019165,4.789999961853027,4.599999904632568,4.620999813079834,107280.0
2024-09-05 15:44:00+00:00,AFCG,10.335000038146973,10.335000038146973,10.335000038146973,10.335000038146973,10.335000038146973,316.0
2024-09-05 15:44:00+00:00,AGNC,10.234999656677246,10.234999656677246,10.239999771118164,10.233200073242188,10.239999771118164,4301.0
2024-09-05 15:44:00+00:00,CSGP,77.27999877929688,77.27999877929688,77.29000091552734,77.27999877929688,77.29000091552734,2894.0
2024-09-05 15:44:00+00:00,DHC,3.2699999809265137,3.2699999809265137,3.2699999809265137,3.2699999809265137,3.2699999809265137,2738.0
2024-09-05 15:44:00+00:00,EXPI,11.664999961853027,11.664999961853027,11.694999694824219,11.65999984741211,11.694999694824219,4432.0
2024-09-05 15:44:00+00:00,GLPI,51.60499954223633,51.60499954223633,51.61000061035156,51.59000015258789,51.59000015258789,4003.0
2024-09-05 15:44:00+00:00,GOOD,15.204999923706055,15.204999923706055,15.204999923706055,15.204999923706055,15.204999923706055,420.0
2024-09-05 15:44:00+00:00,HST,16.7450008392334,16.7450008392334,16.7450008392334,16.7450008392334,16.7450008392334,6165.0
2024-09-05 15:44:00+00:00,LSEA,11.460000038146973,11.460000038146973,11.460000038146973,11.460000038146973,11.460000038146973,575.0
2024-09-05 15:44:00+00:00,NMRK,14.164999961853027,14.164999961853027,14.164999961853027,14.164999961853027,14.164999961853027,4826.0
2024-09-05 15:44:00+00:00,NYMT,6.40500020980835,6.40500020980835,6.40500020980835,6.40500020980835,6.40500020980835,574.0
2024-09-05 15:44:00+00:00,OPEN,1.9950000047683716,1.9950000047683716,2.0,1.9900000095367432,1.9901000261306763,18278.0
2024-09-05 15:44:00+00:00,PECO,37.189998626708984,37.189998626708984,37.189998626708984,37.189998626708984,37.189998626708984,282.0
2024-09-05 15:44:00+00:00,RDFN,9.675000190734863,9.675000190734863,9.675000190734863,9.670000076293945,9.675000190734863,18073.0
2024-09-05 15:44:00+00:00,REAX,5.699999809265137,5.699999809265137,5.704999923706055,5.679999828338623,5.679999828338623,17822.0
2024-09-05 15:44:00+00:00,REG,73.33999633789062,73.33999633789062,73.33999633789062,73.33999633789062,73.33999633789062,225.0
2024-09-05 15:44:00+00:00,ROIC,15.15999984741211,15.15999984741211,15.164999961853027,15.15999984741211,15.164999961853027,1243.0
2024-09-05 15:44:00+00:00,SBAC,233.2449951171875,233.2449951171875,233.2449951171875,233.2449951171875,233.2449951171875,716.0
2024-09-05 15:44:00+00:00,SBRA,17.434999465942383,17.434999465942383,17.434999465942383,17.43000030517578,17.434999465942383,2246.0
2024-09-05 15:44:00+00:00,SVC,4.599999904632568,4.599999904632568,4.599999904632568,4.599999904632568,4.599999904632568,713.0
2024-09-05 15:44:00+00:00,UNIT,5.324999809265137,5.324999809265137,5.329999923706055,5.309999942779541,5.309999942779541,29395.0
2024-09-05 15:44:00+00:00,WHLR,4.730000019073486,4.730000019073486,4.769999980926514,4.710000038146973,4.714000225067139,37291.0
2024-09-05 15:44:00+00:00,WHLRD,19.5,19.5,19.5,19.5,19.5,3002.0
2024-09-05 15:44:00+00:00,WHLRP,2.5199999809265137,2.5199999809265137,2.609999895095825,2.5199999809265137,2.609999895095825,386.0
2024-09-05 15:45:00+00:00,AFCG,10.335000038146973,10.335000038146973,10.34000015258789,10.335000038146973,10.335000038146973,1241.0
2024-09-05 15:45:00+00:00,AGNC,10.239999771118164,10.239999771118164,10.239999771118164,10.234999656677246,10.239999771118164,18419.0
2024-09-05 15:45:00+00:00,CIGI,140.32000732421875,140.32000732421875,140.3300018310547,140.32000732421875,140.3300018310547,823.0
2024-09-05 15:45:00+00:00,CSGP,77.31999969482422,77.31999969482422,77.31999969482422,77.25,77.2699966430664,6599.0
2024-09-05 15:45:00+00:00,EXPI,11.659000396728516,11.659000396728516,11.65999984741211,11.649999618530273,11.649999618530273,3402.0
2024-09-05 15:45:00+00:00,FSV,177.99000549316406,177.99000549316406,177.99000549316406,177.99000549316406,177.99000549316406,540.0
2024-09-05 15:45:00+00:00,GLPI,51.564998626708984,51.564998626708984,51.599998474121094,51.564998626708984,51.599998474121094,5635.0
2024-09-05 15:45:00+00:00,HST,16.7450008392334,16.7450008392334,16.75,16.7450008392334,16.7450008392334,12061.0
2024-09-05 15:45:00+00:00,ILPT,4.869999885559082,4.869999885559082,4.869999885559082,4.869999885559082,4.869999885559082,346.0
2024-09-05 15:45:00+00:00,LAMR,124.42500305175781,124.42500305175781,124.42500305175781,124.37000274658203,124.37000274658203,1137.0
2024-09-05 15:45:00+00:00,LSEA,11.449999809265137,11.449999809265137,11.449999809265137,11.425000190734863,11.430000305175781,629.0
2024-09-05 15:45:00+00:00,NMRK,14.170000076293945,14.170000076293945,14.170000076293945,14.164999961853027,14.164999961853027,2925.0
2024-09-05 15:45:00+00:00,NYMT,6.40500020980835,6.40500020980835,6.40500020980835,6.40500020980835,6.40500020980835,1143.0
2024-09-05 15:45:00+00:00,OPEN,1.9901000261306763,1.9901000261306763,2.0,1.9900000095367432,1.9950000047683716,12090.0
2024-09-05 15:45:00+00:00,OPI,2.134999990463257,2.134999990463257,2.134999990463257,2.134999990463257,2.134999990463257,429.0
2024-09-05 15:45:00+00:00,PCH,42.38999938964844,42.38999938964844,42.38999938964844,42.38999938964844,42.38999938964844,245.0
2024-09-05 15:45:00+00:00,PECO,37.185001373291016,37.185001373291016,37.189998626708984,37.18000030517578,37.18000030517578,1884.0
2024-09-05 15:45:00+00:00,RDFN,9.675000190734863,9.675000190734863,9.6850004196167,9.675000190734863,9.675000190734863,13643.0
2024-09-05 15:45:00+00:00,REAX,5.684999942779541,5.684999942779541,5.695000171661377,5.684999942779541,5.695000171661377,4600.0
2024-09-05 15:45:00+00:00,REFI,15.734999656677246,15.734999656677246,15.734999656677246,15.734999656677246,15.734999656677246,203.0
2024-09-05 15:45:00+00:00,REG,73.33000183105469,73.33000183105469,73.33380126953125,73.33000183105469,73.33380126953125,1872.0
2024-09-05 15:45:00+00:00,ROIC,15.164999961853027,15.164999961853027,15.164999961853027,15.164999961853027,15.164999961853027,1119.0
2024-09-05 15:45:00+00:00,SBAC,233.4199981689453,233.4199981689453,233.47000122070312,233.30999755859375,233.3300018310547,3570.0
2024-09-05 15:45:00+00:00,SBRA,17.424999237060547,17.424999237060547,17.434999465942383,17.420000076293945,17.43000030517578,6456.0
2024-09-05 15:45:00+00:00,SEVN,13.699999809265137,13.699999809265137,13.710000038146973,13.699999809265137,13.710000038146973,234.0
2024-09-05 15:45:00+00:00,SVC,4.605000019073486,4.605000019073486,4.605000019073486,4.599999904632568,4.599999904632568,3642.0
2024-09-05 15:45:00+00:00,UNIT,5.335000038146973,5.335000038146973,5.340000152587891,5.324999809265137,5.324999809265137,19130.0
2024-09-05 15:45:00+00:00,WHLR,4.749000072479248,4.749000072479248,4.769999980926514,4.619999885559082,4.739999771118164,57762.0
2024-09-05 15:46:00+00:00,AFCG,10.335000038146973,10.335000038146973,10.335000038146973,10.335000038146973,10.335000038146973,411.0
2024-09-05 15:46:00+00:00,AGNC,10.244999885559082,10.244999885559082,10.25,10.23009967803955,10.239999771118164,88564.0
2024-09-05 15:46:00+00:00,CIGI,140.3699951171875,140.3699951171875,140.3699951171875,140.27000427246094,140.35000610351562,1801.0
2024-09-05 15:46:00+00:00,CSGP,77.33499908447266,77.33499908447266,77.3499984741211,77.33000183105469,77.3499984741211,1878.0
2024-09-05 15:46:00+00:00,DHC,3.265000104904175,3.265000104904175,3.265000104904175,3.265000104904175,3.265000104904175,686.0
2024-09-05 15:46:00+00:00,EQIX,821.25,821.25,821.25,820.3350219726562,820.8800048828125,1693.0
2024-09-05 15:46:00+00:00,EXPI,11.671699523925781,11.671699523925781,11.675000190734863,11.65999984741211,11.65999984741211,2251.0
2024-09-05 15:46:00+00:00,FTHM,2.984999895095825,2.984999895095825,2.984999895095825,2.984999895095825,2.984999895095825,600.0
2024-09-05 15:46:00+00:00,GLPI,51.54999923706055,51.54999923706055,51.560001373291016,51.54999923706055,51.560001373291016,1492.0
2024-09-05 15:46:00+00:00,GOOD,15.204999923706055,15.204999923706055,15.204999923706055,15.204500198364258,15.204999923706055,732.0
2024-09-05 15:46:00+00:00,HST,16.7450008392334,16.7450008392334,16.75,16.7450008392334,16.7450008392334,9023.0
2024-09-05 15:46:00+00:00,ILPT,4.869999885559082,4.869999885559082,4.869999885559082,4.864999771118164,4.864999771118164,284.0
2024-09-05 15:46:00+00:00,LSEA,11.430000305175781,11.430000305175781,11.430000305175781,11.420000076293945,11.430000305175781,2199.0
2024-09-05 15:46:00+00:00,NMRK,14.175000190734863,14.175000190734863,14.175000190734863,14.15999984741211,14.15999984741211,3988.0
2024-09-05 15:46:00+00:00,NYMT,6.40500020980835,6.40500020980835,6.409999847412109,6.40500020980835,6.409999847412109,922.0
2024-09-05 15:46:00+00:00,OPEN,1.9901000261306763,1.9901000261306763,2.0,1.9900000095367432,1.9900000095367432,19870.0
2024-09-05 15:46:00+00:00,OPI,2.130000114440918,2.130000114440918,2.134999990463257,2.130000114440918,2.130000114440918,4425.0
2024-09-05 15:46:00+00:00,PCH,42.41999816894531,42.41999816894531,42.41999816894531,42.41999816894531,42.41999816894531,1565.0
2024-09-05 15:46:00+00:00,PECO,37.18009948730469,37.18009948730469,37.19499969482422,37.18000030517578,37.189998626708984,2304.0
2024-09-05 15:46:00+00:00,RDFN,9.675000190734863,9.675000190734863,9.680000305175781,9.670000076293945,9.680000305175781,10695.0
2024-09-05 15:46:00+00:00,REG,73.3499984741211,73.3499984741211,73.3499984741211,73.33999633789062,73.33999633789062,2872.0
2024-09-05 15:46:00+00:00,ROIC,15.145000457763672,15.145000457763672,15.15999984741211,15.145000457763672,15.15999984741211,10901.0
2024-09-05 15:46:00+00:00,SBAC,233.52999877929688,233.52999877929688,233.53500366210938,233.52000427246094,233.52999877929688,2025.0
2024-09-05 15:46:00+00:00,SBRA,17.415000915527344,17.415000915527344,17.424999237060547,17.415000915527344,17.424999237060547,5520.0
2024-09-05 15:46:00+00:00,SEVN,13.719900131225586,13.719900131225586,13.719900131225586,13.719900131225586,13.719900131225586,325.0
2024-09-05 15:46:00+00:00,SVC,4.599999904632568,4.599999904632568,4.607500076293945,4.599999904632568,4.607500076293945,1513.0
2024-09-05 15:46:00+00:00,UNIT,5.340000152587891,5.340000152587891,5.340000152587891,5.330100059509277,5.340000152587891,16871.0
2024-09-05 15:46:00+00:00,WHLR,4.734099864959717,4.734099864959717,4.769999980926514,4.630000114440918,4.749899864196777,57078.0
2024-09-05 15:46:00+00:00,WHLRD,19.5,19.5,19.5,19.5,19.5,0.0
2024-09-05 15:47:00+00:00,AFCG,10.329999923706055,10.329999923706055,10.329999923706055,10.329999923706055,10.329999923706055,321.0
2024-09-05 15:47:00+00:00,AGNC,10.244999885559082,10.244999885559082,10.244999885559082,10.239999771118164,10.244999885559082,51896.0
2024-09-05 15:47:00+00:00,CSGP,77.30000305175781,77.30000305175781,77.33000183105469,77.30000305175781,77.30999755859375,4722.0
2024-09-05 15:47:00+00:00,DHC,3.2699999809265137,3.2699999809265137,3.2699999809265137,3.2699999809265137,3.2699999809265137,337.0
2024-09-05 15:47:00+00:00,EQIX,821.0700073242188,821.0700073242188,821.0700073242188,820.8900146484375,820.8900146484375,766.0
2024-09-05 15:47:00+00:00,EXPI,11.65999984741211,11.65999984741211,11.670000076293945,11.654999732971191,11.670000076293945,1163.0
2024-09-05 15:47:00+00:00,FRPH,28.770000457763672,28.770000457763672,28.770000457763672,28.770000457763672,28.770000457763672,1378.0
2024-09-05 15:47:00+00:00,FSV,178.0800018310547,178.0800018310547,178.0800018310547,178.0800018310547,178.0800018310547,769.0
2024-09-05 15:47:00+00:00,GIPR,2.25,2.25,2.25,2.25,2.25,394.0
2024-09-05 15:47:00+00:00,GLPI,51.52000045776367,51.52000045776367,51.540000915527344,51.505001068115234,51.540000915527344,3222.0
2024-09-05 15:47:00+00:00,GOOD,15.199999809265137,15.199999809265137,15.199999809265137,15.199999809265137,15.199999809265137,1474.0
2024-09-05 15:47:00+00:00,HST,16.7450008392334,16.7450008392334,16.75,16.739999771118164,16.75,45161.0
2024-09-05 15:47:00+00:00,HTIBP,15.639900207519531,15.639900207519531,15.640000343322754,15.639900207519531,15.640000343322754,4084.0
2024-09-05 15:47:00+00:00,ILPT,4.869999885559082,4.869999885559082,4.869999885559082,4.869999885559082,4.869999885559082,200.0
2024-09-05 15:47:00+00:00,LAMR,124.41999816894531,124.41999816894531,124.49500274658203,124.41000366210938,124.49500274658203,2227.0
2024-09-05 15:47:00+00:00,LAND,13.479999542236328,13.479999542236328,13.479999542236328,13.479999542236328,13.479999542236328,147.0
2024-09-05 15:47:00+00:00,LANDO,21.299999237060547,21.299999237060547,21.309999465942383,21.299999237060547,21.309999465942383,494.0
2024-09-05 15:47:00+00:00,LSEA,11.420000076293945,11.420000076293945,11.420000076293945,11.420000076293945,11.420000076293945,383.0
2024-09-05 15:47:00+00:00,NMRK,14.161299705505371,14.161299705505371,14.175000190734863,14.161299705505371,14.175000190734863,7516.0
2024-09-05 15:47:00+00:00,NYMT,6.40500020980835,6.40500020980835,6.409999847412109,6.40500020980835,6.40500020980835,1755.0
2024-09-05 15:47:00+00:00,OPEN,1.9950000047683716,1.9950000047683716,2.0,1.9900000095367432,1.9950000047683716,57497.0
2024-09-05 15:47:00+00:00,OPI,2.130000114440918,2.130000114440918,2.130000114440918,2.125,2.130000114440918,15182.0
2024-09-05 15:47:00+00:00,PCH,42.459999084472656,42.459999084472656,42.459999084472656,42.41999816894531,42.42499923706055,1491.0
2024-09-05 15:47:00+00:00,PECO,37.18000030517578,37.18000030517578,37.19499969482422,37.16999816894531,37.18000030517578,6691.0
2024-09-05 15:47:00+00:00,RDFN,9.670000076293945,9.670000076293945,9.675000190734863,9.670000076293945,9.670000076293945,20283.0
2024-09-05 15:47:00+00:00,REAX,5.679999828338623,5.679999828338623,5.684999942779541,5.679999828338623,5.679999828338623,3204.0
2024-09-05 15:47:00+00:00,REFI,15.734999656677246,15.734999656677246,15.734999656677246,15.729999542236328,15.729999542236328,364.0
2024-09-05 15:47:00+00:00,REG,73.33999633789062,73.33999633789062,73.33999633789062,73.33000183105469,73.33000183105469,3259.0
2024-09-05 15:47:00+00:00,RMR,24.420000076293945,24.420000076293945,24.420000076293945,24.420000076293945,24.420000076293945,1869.0
2024-09-05 15:47:00+00:00,ROIC,15.149999618530273,15.149999618530273,15.149999618530273,15.140000343322754,15.145000457763672,3145.0
2024-09-05 15:47:00+00:00,SBAC,233.51499938964844,233.51499938964844,233.69000244140625,233.51499938964844,233.69000244140625,1459.0
2024-09-05 15:47:00+00:00,SBRA,17.40999984741211,17.40999984741211,17.415000915527344,17.40999984741211,17.415000915527344,3109.0
2024-09-05 15:47:00+00:00,SEVN,13.699999809265137,13.699999809265137,13.699999809265137,13.6899995803833,13.6899995803833,2273.0
2024-09-05 15:47:00+00:00,SVC,4.59499979019165,4.59499979019165,4.599999904632568,4.59499979019165,4.599999904632568,11880.0
2024-09-05 15:47:00+00:00,UNIT,5.340000152587891,5.340000152587891,5.340000152587891,5.335000038146973,5.340000152587891,23414.0
2024-09-05 15:47:00+00:00,WHLR,4.71999979019165,4.71999979019165,4.75,4.679999828338623,4.71999979019165,31049.0
2024-09-05 15:47:00+00:00,WHLRD,19.5,19.5,19.500099182128906,19.5,19.5,1982.0
2024-09-05 15:48:00+00:00,AFCG,10.3100004196167,10.3100004196167,10.3100004196167,10.3100004196167,10.3100004196167,230.0
2024-09-05 15:48:00+00:00,AGNC,10.244999885559082,10.244999885559082,10.25,10.242899894714355,10.244999885559082,10328.0
2024-09-05 15:48:00+00:00,CSGP,77.31500244140625,77.31500244140625,77.31999969482422,77.27999877929688,77.29000091552734,2302.0
2024-09-05 15:48:00+00:00,DHC,3.265000104904175,3.265000104904175,3.265000104904175,3.265000104904175,3.265000104904175,639.0
2024-09-05 15:48:00+00:00,EQIX,820.7100219726562,820.7100219726562,820.7100219726562,820.7100219726562,820.7100219726562,1119.0
2024-09-05 15:48:00+00:00,EXPI,11.65999984741211,11.65999984741211,11.65999984741211,11.654999732971191,11.654999732971191,2426.0
2024-09-05 15:48:00+00:00,FTHM,2.9800000190734863,2.9800000190734863,2.9800000190734863,2.9800000190734863,2.9800000190734863,0.0
2024-09-05 15:48:00+00:00,GLPI,51.4900016784668,51.4900016784668,51.52000045776367,51.4900016784668,51.52000045776367,2075.0
2024-09-05 15:48:00+00:00,GOOD,15.1899995803833,15.1899995803833,15.1899995803833,15.1899995803833,15.1899995803833,267.0
2024-09-05 15:48:00+00:00,HST,16.7450008392334,16.7450008392334,16.75,16.739999771118164,16.7450008392334,89416.0
2024-09-05 15:48:00+00:00,HTIBP,15.629899978637695,15.629899978637695,15.630000114440918,15.629899978637695,15.630000114440918,371.0
2024-09-05 15:48:00+00:00,ILPT,4.864999771118164,4.864999771118164,4.864999771118164,4.860000133514404,4.864999771118164,1282.0
2024-09-05 15:48:00+00:00,LAMR,124.36000061035156,124.36000061035156,124.36000061035156,124.36000061035156,124.36000061035156,960.0
2024-09-05 15:48:00+00:00,LAND,13.470000267028809,13.470000267028809,13.470000267028809,13.470000267028809,13.470000267028809,1937.0
2024-09-05 15:48:00+00:00,LSEA,11.40999984741211,11.40999984741211,11.40999984741211,11.399999618530273,11.399999618530273,1366.0
2024-09-05 15:48:00+00:00,NMRK,14.15999984741211,14.15999984741211,14.164999961853027,14.154999732971191,14.164999961853027,5512.0
2024-09-05 15:48:00+00:00,NYMT,6.40500020980835,6.40500020980835,6.40500020980835,6.40500020980835,6.40500020980835,341.0
2024-09-05 15:48:00+00:00,OPEN,2.0,2.0,2.0,1.9900000095367432,1.9950000047683716,134214.0
2024-09-05 15:48:00+00:00,PECO,37.19499969482422,37.19499969482422,37.19499969482422,37.189998626708984,37.19499969482422,3898.0
2024-09-05 15:48:00+00:00,RDFN,9.6850004196167,9.6850004196167,9.689000129699707,9.675000190734863,9.675000190734863,12184.0
2024-09-05 15:48:00+00:00,REAX,5.684999942779541,5.684999942779541,5.684999942779541,5.684999942779541,5.684999942779541,1827.0
2024-09-05 15:48:00+00:00,REG,73.29499816894531,73.29499816894531,73.29499816894531,73.29000091552734,73.29000091552734,1530.0
2024-09-05 15:48:00+00:00,ROIC,15.149999618530273,15.149999618530273,15.149999618530273,15.145000457763672,15.145000457763672,2004.0
2024-09-05 15:48:00+00:00,SBAC,233.47000122070312,233.47000122070312,233.47000122070312,233.4600067138672,233.4600067138672,1513.0
2024-09-05 15:48:00+00:00,SBRA,17.395000457763672,17.395000457763672,17.40999984741211,17.395000457763672,17.40999984741211,4769.0
2024-09-05 15:48:00+00:00,SEVN,13.710000038146973,13.710000038146973,13.710000038146973,13.699999809265137,13.699999809265137,507.0
2024-09-05 15:48:00+00:00,SVC,4.5980000495910645,4.5980000495910645,4.5980000495910645,4.5980000495910645,4.5980000495910645,1779.0
2024-09-05 15:48:00+00:00,UNIT,5.335000038146973,5.335000038146973,5.340000152587891,5.329999923706055,5.335000038146973,49298.0
2024-09-05 15:48:00+00:00,WHLR,4.820000171661377,4.820000171661377,4.849999904632568,4.690000057220459,4.69320011138916,127878.0
2024-09-05 15:49:00+00:00,AFCG,10.329999923706055,10.329999923706055,10.329999923706055,10.319999694824219,10.319999694824219,2031.0
2024-09-05 15:49:00+00:00,AGNC,10.25,10.25,10.25,10.244999885559082,10.25,18413.0
2024-09-05 15:49:00+00:00,BPYPP,14.789899826049805,14.789899826049805,14.789899826049805,14.789899826049805,14.789899826049805,254.0
2024-09-05 15:49:00+00:00,CIGI,140.33999633789062,140.33999633789062,140.33999633789062,140.25999450683594,140.25999450683594,225.0
2024-09-05 15:49:00+00:00,CSGP,77.3499984741211,77.3499984741211,77.375,77.31500244140625,77.31500244140625,4507.0
2024-09-05 15:49:00+00:00,DHC,3.265000104904175,3.265000104904175,3.265000104904175,3.265000104904175,3.265000104904175,3107.0
2024-09-05 15:49:00+00:00,EQIX,820.9199829101562,820.9199829101562,821.2999877929688,820.9199829101562,821.2999877929688,621.0
2024-09-05 15:49:00+00:00,EXPI,11.670000076293945,11.670000076293945,11.679100036621094,11.664999961853027,11.664999961853027,2339.0
2024-09-05 15:49:00+00:00,FSV,178.1199951171875,178.1199951171875,178.1199951171875,178.1199951171875,178.1199951171875,725.0
2024-09-05 15:49:00+00:00,GLPI,51.5099983215332,51.5099983215332,51.5192985534668,51.47999954223633,51.49129867553711,5773.0
2024-09-05 15:49:00+00:00,GOOD,15.1899995803833,15.1899995803833,15.1899995803833,15.1899995803833,15.1899995803833,187.0
2024-09-05 15:49:00+00:00,HST,16.7450008392334,16.7450008392334,16.7549991607666,16.7450008392334,16.7450008392334,52393.0
2024-09-05 15:49:00+00:00,ILPT,4.869999885559082,4.869999885559082,4.869999885559082,4.864999771118164,4.864999771118164,435.0
2024-09-05 15:49:00+00:00,LAMR,124.45999908447266,124.45999908447266,124.45999908447266,124.41000366210938,124.41000366210938,881.0
2024-09-05 15:49:00+00:00,LSEA,11.430000305175781,11.430000305175781,11.430000305175781,11.430000305175781,11.430000305175781,946.0
2024-09-05 15:49:00+00:00,MDJH,1.0499999523162842,1.0499999523162842,1.0499999523162842,1.0499999523162842,1.0499999523162842,370.0
2024-09-05 15:49:00+00:00,NMRK,14.170000076293945,14.170000076293945,14.180000305175781,14.164999961853027,14.170000076293945,6283.0
2024-09-05 15:49:00+00:00,NYMT,6.409999847412109,6.409999847412109,6.409999847412109,6.40500020980835,6.40500020980835,1015.0
2024-09-05 15:49:00+00:00,OPEN,1.9950000047683716,1.9950000047683716,2.0,1.9900000095367432,1.9950000047683716,61090.0
2024-09-05 15:49:00+00:00,OPI,2.134999990463257,2.134999990463257,2.134999990463257,2.134999990463257,2.134999990463257,150.0
2024-09-05 15:49:00+00:00,PCH,42.46500015258789,42.46500015258789,42.470001220703125,42.439998626708984,42.470001220703125,2401.0
2024-09-05 15:49:00+00:00,PECO,37.20000076293945,37.20000076293945,37.20500183105469,37.18000030517578,37.189998626708984,5095.0
2024-09-05 15:49:00+00:00,RDFN,9.675000190734863,9.675000190734863,9.694999694824219,9.675000190734863,9.680000305175781,18422.0
2024-09-05 15:49:00+00:00,REAX,5.695000171661377,5.695000171661377,5.695000171661377,5.684999942779541,5.684999942779541,5447.0
2024-09-05 15:49:00+00:00,REFI,15.739999771118164,15.739999771118164,15.739999771118164,15.739999771118164,15.739999771118164,917.0
2024-09-05 15:49:00+00:00,REG,73.29000091552734,73.29000091552734,73.30000305175781,73.2699966430664,73.2699966430664,3294.0
2024-09-05 15:49:00+00:00,ROIC,15.145000457763672,15.145000457763672,15.149999618530273,15.145000457763672,15.145000457763672,4193.0
2024-09-05 15:49:00+00:00,SBAC,233.5800018310547,233.5800018310547,233.58999633789062,233.50250244140625,233.58999633789062,1199.0
2024-09-05 15:49:00+00:00,SBRA,17.405000686645508,17.405000686645508,17.405000686645508,17.389999389648438,17.389999389648438,8157.0
2024-09-05 15:49:00+00:00,SVC,4.59499979019165,4.59499979019165,4.59499979019165,4.59499979019165,4.59499979019165,611.0
2024-09-05 15:49:00+00:00,UNIT,5.324999809265137,5.324999809265137,5.34499979019165,5.324999809265137,5.335000038146973,35021.0
2024-09-05 15:49:00+00:00,WHLR,4.820000171661377,4.820000171661377,4.880000114440918,4.710000038146973,4.820199966430664,89044.0
2024-09-05 15:50:00+00:00,AFCG,10.312199592590332,10.312199592590332,10.335000038146973,10.300000190734863,10.329999923706055,10046.0
2024-09-05 15:50:00+00:00,AGNC,10.239999771118164,10.239999771118164,10.25,10.239999771118164,10.244999885559082,67719.0
2024-09-05 15:50:00+00:00,AGNCO,25.014799118041992,25.014799118041992,25.020000457763672,25.010000228881836,25.01959991455078,10100.0
2024-09-05 15:50:00+00:00,CIGI,140.22999572753906,140.22999572753906,140.25,140.22999572753906,140.25,1248.0
2024-09-05 15:50:00+00:00,CSGP,77.2699966430664,77.2699966430664,77.33000183105469,77.24500274658203,77.33000183105469,7989.0
2024-09-05 15:50:00+00:00,DHC,3.265000104904175,3.265000104904175,3.265000104904175,3.259999990463257,3.259999990463257,2512.0
2024-09-05 15:50:00+00:00,EQIX,819.989990234375,819.989990234375,820.6199951171875,819.1300048828125,820.6199951171875,6020.0
2024-09-05 15:50:00+00:00,EXPI,11.649999618530273,11.649999618530273,11.659000396728516,11.635000228881836,11.649999618530273,4644.0
2024-09-05 15:50:00+00:00,FSV,178.12249755859375,178.12249755859375,178.28399658203125,178.12249755859375,178.28399658203125,2103.0
2024-09-05 15:50:00+00:00,GLPI,51.4900016784668,51.4900016784668,51.5,51.470001220703125,51.4900016784668,7484.0
2024-09-05 15:50:00+00:00,GOOD,15.194999694824219,15.194999694824219,15.194999694824219,15.194999694824219,15.194999694824219,512.0
2024-09-05 15:50:00+00:00,HST,16.719999313354492,16.719999313354492,16.7450008392334,16.71500015258789,16.7450008392334,86222.0
2024-09-05 15:50:00+00:00,ILPT,4.875,4.875,4.875,4.864999771118164,4.864999771118164,2573.0
2024-09-05 15:50:00+00:00,LAMR,124.41500091552734,124.41500091552734,124.5199966430664,124.38999938964844,124.43000030517578,2324.0
2024-09-05 15:50:00+00:00,LSEA,11.430000305175781,11.430000305175781,11.430000305175781,11.430000305175781,11.430000305175781,2016.0
2024-09-05 15:50:00+00:00,MDJH,1.0499999523162842,1.0499999523162842,1.0499999523162842,1.0499999523162842,1.0499999523162842,3.0
2024-09-05 15:50:00+00:00,NMRK,14.1850004196167,14.1850004196167,14.1850004196167,14.164999961853027,14.170000076293945,17783.0
2024-09-05 15:50:00+00:00,NYMT,6.40500020980835,6.40500020980835,6.409999847412109,6.40500020980835,6.409999847412109,983.0
2024-09-05 15:50:00+00:00,OPEN,2.0,2.0,2.0,1.9900000095367432,1.997499942779541,32268.0
2024-09-05 15:50:00+00:00,OPI,2.1386001110076904,2.1386001110076904,2.1386001110076904,2.1386001110076904,2.1386001110076904,118.0
2024-09-05 15:50:00+00:00,PCH,42.4900016784668,42.4900016784668,42.4900016784668,42.439998626708984,42.45000076293945,3186.0
2024-09-05 15:50:00+00:00,PECO,37.16999816894531,37.16999816894531,37.20000076293945,37.15999984741211,37.20000076293945,13201.0
2024-09-05 15:50:00+00:00,RDFN,9.675000190734863,9.675000190734863,9.6899995803833,9.670000076293945,9.680000305175781,10851.0
2024-09-05 15:50:00+00:00,REAX,5.699999809265137,5.699999809265137,5.704999923706055,5.695000171661377,5.695000171661377,5224.0
2024-09-05 15:50:00+00:00,REG,73.23999786376953,73.23999786376953,73.29000091552734,73.20999908447266,73.26499938964844,7680.0
2024-09-05 15:50:00+00:00,ROIC,15.135000228881836,15.135000228881836,15.140000343322754,15.121999740600586,15.140000343322754,21566.0
2024-09-05 15:50:00+00:00,SBAC,233.43499755859375,233.43499755859375,233.97000122070312,233.11500549316406,233.66000366210938,7467.0
2024-09-05 15:50:00+00:00,SBRA,17.415000915527344,17.415000915527344,17.415000915527344,17.399999618530273,17.399999618530273,8965.0
2024-09-05 15:50:00+00:00,SVC,4.605000019073486,4.605000019073486,4.607999801635742,4.5920000076293945,4.5920000076293945,11167.0
2024-09-05 15:50:00+00:00,UK,1.399999976158142,1.399999976158142,1.399999976158142,1.3899999856948853,1.3995000123977661,1110.0
2024-09-05 15:50:00+00:00,UNIT,5.335000038146973,5.335000038146973,5.335000038146973,5.320000171661377,5.324999809265137,46759.0
2024-09-05 15:50:00+00:00,WHLR,4.664999961853027,4.664999961853027,4.909900188446045,4.639999866485596,4.8084001541137695,152197.0
2024-09-05 15:51:00+00:00,AFCG,10.3100004196167,10.3100004196167,10.3100004196167,10.3100004196167,10.3100004196167,1626.0
2024-09-05 15:51:00+00:00,AGNC,10.25,10.25,10.25,10.244999885559082,10.244999885559082,23871.0
2024-09-05 15:51:00+00:00,CIGI,140.28500366210938,140.28500366210938,140.28500366210938,140.28500366210938,140.28500366210938,285.0
2024-09-05 15:51:00+00:00,CSGP,77.2300033569336,77.2300033569336,77.28500366210938,77.2300033569336,77.28500366210938,5635.0
2024-09-05 15:51:00+00:00,DHC,3.265000104904175,3.265000104904175,3.265000104904175,3.265000104904175,3.265000104904175,1677.0
2024-09-05 15:51:00+00:00,EQIX,820.10498046875,820.10498046875,820.10498046875,819.8499755859375,819.8499755859375,2121.0
2024-09-05 15:51:00+00:00,EXPI,11.654999732971191,11.654999732971191,11.65999984741211,11.654999732971191,11.65999984741211,1505.0
2024-09-05 15:51:00+00:00,GLPI,51.470001220703125,51.470001220703125,51.5,51.470001220703125,51.47999954223633,9317.0
2024-09-05 15:51:00+00:00,GOOD,15.1850004196167,15.1850004196167,15.1899995803833,15.1850004196167,15.1899995803833,1186.0
2024-09-05 15:51:00+00:00,HST,16.704999923706055,16.704999923706055,16.725000381469727,16.704999923706055,16.725000381469727,30350.0
2024-09-05 15:51:00+00:00,ILPT,4.875,4.875,4.875,4.875,4.875,677.0
2024-09-05 15:51:00+00:00,LAMR,124.38500213623047,124.38500213623047,124.3949966430664,124.38500213623047,124.3949966430664,1461.0
2024-09-05 15:51:00+00:00,LAND,13.46500015258789,13.46500015258789,13.46500015258789,13.46500015258789,13.46500015258789,148.0
2024-09-05 15:51:00+00:00,NMRK,14.175000190734863,14.175000190734863,14.1850004196167,14.175000190734863,14.1850004196167,10002.0
2024-09-05 15:51:00+00:00,NYMT,6.409999847412109,6.409999847412109,6.409999847412109,6.409999847412109,6.409999847412109,502.0
2024-09-05 15:51:00+00:00,OPEN,1.999500036239624,1.999500036239624,2.0,1.9900000095367432,1.9950000047683716,36340.0
2024-09-05 15:51:00+00:00,PCH,42.470001220703125,42.470001220703125,42.470001220703125,42.470001220703125,42.470001220703125,1284.0
2024-09-05 15:51:00+00:00,PECO,37.16999816894531,37.16999816894531,37.16999816894531,37.165000915527344,37.16999816894531,1789.0
2024-09-05 15:51:00+00:00,RDFN,9.630000114440918,9.630000114440918,9.675000190734863,9.619999885559082,9.675000190734863,51492.0
2024-09-05 15:51:00+00:00,REAX,5.699999809265137,5.699999809265137,5.699999809265137,5.690000057220459,5.690000057220459,3841.0
2024-09-05 15:51:00+00:00,REFI,15.755000114440918,15.755000114440918,15.755000114440918,15.75,15.75,954.0
2024-09-05 15:51:00+00:00,REG,73.22000122070312,73.22000122070312,73.2300033569336,73.19999694824219,73.2300033569336,2041.0
2024-09-05 15:51:00+00:00,ROIC,15.135000228881836,15.135000228881836,15.135000228881836,15.135000228881836,15.135000228881836,3732.0
2024-09-05 15:51:00+00:00,SBAC,233.43499755859375,233.43499755859375,233.43499755859375,233.43499755859375,233.43499755859375,870.0
2024-09-05 15:51:00+00:00,SBRA,17.399999618530273,17.399999618530273,17.40999984741211,17.395000457763672,17.40999984741211,10264.0
2024-09-05 15:51:00+00:00,SVC,4.605000019073486,4.605000019073486,4.605000019073486,4.599999904632568,4.605000019073486,2205.0
2024-09-05 15:51:00+00:00,UK,1.399999976158142,1.399999976158142,1.399999976158142,1.399999976158142,1.399999976158142,1046.0
2024-09-05 15:51:00+00:00,UNIT,5.335000038146973,5.335000038146973,5.340000152587891,5.324999809265137,5.335000038146973,34060.0
2024-09-05 15:51:00+00:00,WHLR,4.365499973297119,4.365499973297119,4.75,4.300000190734863,4.664999961853027,202379.0
2024-09-05 15:51:00+00:00,WHLRD,19.5,19.5,19.5,19.5,19.5,364.0
2024-09-05 15:52:00+00:00,AFCG,10.305000305175781,10.305000305175781,10.305000305175781,10.305000305175781,10.305000305175781,200.0
2024-09-05 15:52:00+00:00,AGNC,10.234999656677246,10.234999656677246,10.25,10.23009967803955,10.244999885559082,159246.0
2024-09-05 15:52:00+00:00,CIGI,140.39999389648438,140.39999389648438,140.39999389648438,140.39999389648438,140.39999389648438,178.0
2024-09-05 15:52:00+00:00,CSGP,77.25,77.25,77.30000305175781,77.23999786376953,77.23999786376953,8203.0
2024-09-05 15:52:00+00:00,DHC,3.255000114440918,3.255000114440918,3.259999990463257,3.255000114440918,3.259999990463257,9764.0
2024-09-05 15:52:00+00:00,EQIX,819.6649780273438,819.6649780273438,820.0599975585938,819.6649780273438,820.0599975585938,1780.0
2024-09-05 15:52:00+00:00,EXPI,11.649999618530273,11.649999618530273,11.654999732971191,11.649999618530273,11.654999732971191,3056.0
2024-09-05 15:52:00+00:00,FSV,178.3699951171875,178.3699951171875,178.3699951171875,178.3699951171875,178.3699951171875,833.0
2024-09-05 15:52:00+00:00,FTHM,2.999500036239624,2.999500036239624,3.0,2.999500036239624,3.0,2104.0
2024-09-05 15:52:00+00:00,GLPI,51.459999084472656,51.459999084472656,51.459999084472656,51.43000030517578,51.459999084472656,16261.0
2024-09-05 15:52:00+00:00,GOOD,15.1850004196167,15.1850004196167,15.1850004196167,15.1850004196167,15.1850004196167,596.0
2024-09-05 15:52:00+00:00,GOODN,22.899999618530273,22.899999618530273,22.899999618530273,22.899999618530273,22.899999618530273,150.0
2024-09-05 15:52:00+00:00,HST,16.700000762939453,16.700000762939453,16.704999923706055,16.69499969482422,16.704999923706055,23764.0
2024-09-05 15:52:00+00:00,ILPT,4.875,4.875,4.880000114440918,4.875,4.880000114440918,966.0
2024-09-05 15:52:00+00:00,LAMR,124.2699966430664,124.2699966430664,124.33999633789062,124.2699966430664,124.30500030517578,1771.0
2024-09-05 15:52:00+00:00,LAND,13.460000038146973,13.460000038146973,13.460000038146973,13.460000038146973,13.460000038146973,455.0
2024-09-05 15:52:00+00:00,NMRK,14.1850004196167,14.1850004196167,14.1850004196167,14.164999961853027,14.170000076293945,13861.0
2024-09-05 15:52:00+00:00,NYMT,6.409999847412109,6.409999847412109,6.409999847412109,6.400000095367432,6.40500020980835,2019.0
2024-09-05 15:52:00+00:00,OPEN,2.0,2.0,2.0,1.9900000095367432,2.0,29296.0
2024-09-05 15:52:00+00:00,OPI,2.130000114440918,2.130000114440918,2.130000114440918,2.130000114440918,2.130000114440918,336.0
2024-09-05 15:52:00+00:00,PECO,37.16999816894531,37.16999816894531,37.16999816894531,37.15999984741211,37.165000915527344,2737.0
2024-09-05 15:52:00+00:00,RDFN,9.614999771118164,9.614999771118164,9.639900207519531,9.614999771118164,9.625,22948.0
2024-09-05 15:52:00+00:00,REAX,5.695000171661377,5.695000171661377,5.704999923706055,5.695000171661377,5.704999923706055,4036.0
2024-09-05 15:52:00+00:00,REFI,15.75,15.75,15.75,15.75,15.75,101.0
2024-09-05 15:52:00+00:00,REG,73.18000030517578,73.18000030517578,73.23999786376953,73.18000030517578,73.20999908447266,5403.0
2024-09-05 15:52:00+00:00,ROIC,15.135000228881836,15.135000228881836,15.135000228881836,15.130000114440918,15.135000228881836,6547.0
2024-09-05 15:52:00+00:00,SBAC,233.60000610351562,233.60000610351562,233.60000610351562,233.38999938964844,233.43499755859375,2461.0
2024-09-05 15:52:00+00:00,SBRA,17.399999618530273,17.399999618530273,17.405000686645508,17.399999618530273,17.405000686645508,8767.0
2024-09-05 15:52:00+00:00,SEVN,13.729999542236328,13.729999542236328,13.729999542236328,13.729999542236328,13.729999542236328,108.0
2024-09-05 15:52:00+00:00,SVC,4.599999904632568,4.599999904632568,4.605000019073486,4.599999904632568,4.605000019073486,740.0
2024-09-05 15:52:00+00:00,UK,1.4394999742507935,1.4394999742507935,1.4394999742507935,1.4394999742507935,1.4394999742507935,336.0
2024-09-05 15:52:00+00:00,UNIT,5.335000038146973,5.335000038146973,5.340000152587891,5.335000038146973,5.335000038146973,27379.0
2024-09-05 15:52:00+00:00,WHLR,4.46999979019165,4.46999979019165,4.570000171661377,4.340000152587891,4.365499973297119,183861.0
2024-09-05 15:53:00+00:00,AFCG,10.289999961853027,10.289999961853027,10.300000190734863,10.289999961853027,10.300000190734863,2702.0
2024-09-05 15:53:00+00:00,AGNC,10.234999656677246,10.234999656677246,10.234999656677246,10.229999542236328,10.234999656677246,116882.0
2024-09-05 15:53:00+00:00,AGNCP,24.270000457763672,24.270000457763672,24.270000457763672,24.270000457763672,24.270000457763672,493.0
2024-09-05 15:53:00+00:00,CIGI,140.17999267578125,140.17999267578125,140.25,140.17999267578125,140.25,936.0
2024-09-05 15:53:00+00:00,CSGP,77.33999633789062,77.33999633789062,77.33999633789062,77.2699966430664,77.2699966430664,11170.0
2024-09-05 15:53:00+00:00,DHC,3.255000114440918,3.255000114440918,3.259999990463257,3.255000114440918,3.259999990463257,2792.0
2024-09-05 15:53:00+00:00,EQIX,819.4650268554688,819.4650268554688,819.4650268554688,819.4650268554688,819.4650268554688,630.0
2024-09-05 15:53:00+00:00,EXPI,11.640000343322754,11.640000343322754,11.640000343322754,11.640000343322754,11.640000343322754,1509.0
2024-09-05 15:53:00+00:00,FSV,178.6300048828125,178.6300048828125,178.6300048828125,178.6300048828125,178.6300048828125,2582.0
2024-09-05 15:53:00+00:00,GLPI,51.47999954223633,51.47999954223633,51.4900016784668,51.470001220703125,51.47999954223633,7408.0
2024-09-05 15:53:00+00:00,GOOD,15.175000190734863,15.175000190734863,15.180000305175781,15.175000190734863,15.180000305175781,1100.0
2024-09-05 15:53:00+00:00,HST,16.700000762939453,16.700000762939453,16.700000762939453,16.69499969482422,16.69499969482422,63587.0
2024-09-05 15:53:00+00:00,HTIBP,15.630000114440918,15.630000114440918,15.630000114440918,15.630000114440918,15.630000114440918,200.0
2024-09-05 15:53:00+00:00,ILPT,4.875,4.875,4.875,4.875,4.875,1195.0
2024-09-05 15:53:00+00:00,LAMR,124.37000274658203,124.37000274658203,124.37000274658203,124.30999755859375,124.30999755859375,1434.0
2024-09-05 15:53:00+00:00,LAND,13.460000038146973,13.460000038146973,13.460000038146973,13.460000038146973,13.460000038146973,245.0
2024-09-05 15:53:00+00:00,LSEA,11.404999732971191,11.404999732971191,11.414999961853027,11.399999618530273,11.40999984741211,1455.0
2024-09-05 15:53:00+00:00,NMRK,14.1850004196167,14.1850004196167,14.194999694824219,14.1850004196167,14.1850004196167,6939.0
2024-09-05 15:53:00+00:00,NYMT,6.40500020980835,6.40500020980835,6.40500020980835,6.40500020980835,6.40500020980835,1221.0
2024-09-05 15:53:00+00:00,OPEN,2.0,2.0,2.0,1.9900000095367432,1.9950000047683716,36891.0
2024-09-05 15:53:00+00:00,OPI,2.130000114440918,2.130000114440918,2.130000114440918,2.130000114440918,2.130000114440918,163.0
2024-09-05 15:53:00+00:00,PCH,42.4900016784668,42.4900016784668,42.5099983215332,42.47999954223633,42.5099983215332,2804.0
2024-09-05 15:53:00+00:00,PECO,37.16999816894531,37.16999816894531,37.185001373291016,37.15999984741211,37.15999984741211,4462.0
2024-09-05 15:53:00+00:00,RDFN,9.640000343322754,9.640000343322754,9.640000343322754,9.609999656677246,9.619999885559082,17532.0
2024-09-05 15:53:00+00:00,REAX,5.690000057220459,5.690000057220459,5.690000057220459,5.690000057220459,5.690000057220459,2634.0
2024-09-05 15:53:00+00:00,REFI,15.75,15.75,15.75,15.75,15.75,201.0
2024-09-05 15:53:00+00:00,REG,73.2249984741211,73.2249984741211,73.2249984741211,73.19999694824219,73.19999694824219,2449.0
2024-09-05 15:53:00+00:00,ROIC,15.154999732971191,15.154999732971191,15.15999984741211,15.135000228881836,15.135000228881836,10973.0
2024-09-05 15:53:00+00:00,SBAC,233.5,233.5,233.58999633789062,233.39999389648438,233.58999633789062,5244.0
2024-09-05 15:53:00+00:00,SBRA,17.405000686645508,17.405000686645508,17.405000686645508,17.389999389648438,17.395000457763672,10095.0
2024-09-05 15:53:00+00:00,SEVN,13.729999542236328,13.729999542236328,13.729999542236328,13.729999542236328,13.729999542236328,594.0
2024-09-05 15:53:00+00:00,SVC,4.605000019073486,4.605000019073486,4.605000019073486,4.599999904632568,4.605000019073486,1505.0
2024-09-05 15:53:00+00:00,UNIT,5.340000152587891,5.340000152587891,5.340000152587891,5.335000038146973,5.335000038146973,31091.0
2024-09-05 15:53:00+00:00,WHLR,4.480000019073486,4.480000019073486,4.499899864196777,4.429999828338623,4.440000057220459,50140.0
2024-09-05 15:54:00+00:00,AGNC,10.234999656677246,10.234999656677246,10.239999771118164,10.229999542236328,10.234999656677246,269019.0
2024-09-05 15:54:00+00:00,CSGP,77.2750015258789,77.2750015258789,77.4000015258789,77.2699966430664,77.34500122070312,15514.0
2024-09-05 15:54:00+00:00,DHC,3.255000114440918,3.255000114440918,3.259999990463257,3.25,3.25,3725.0
2024-09-05 15:54:00+00:00,EQIX,820.0850219726562,820.0850219726562,820.0850219726562,819.385009765625,819.385009765625,5241.0
2024-09-05 15:54:00+00:00,EXPI,11.639200210571289,11.639200210571289,11.645000457763672,11.639200210571289,11.645000457763672,4645.0
2024-09-05 15:54:00+00:00,FTHM,3.0,3.0,3.0,2.9993999004364014,2.9993999004364014,1042.0
2024-09-05 15:54:00+00:00,GIPR,2.25,2.25,2.25,2.25,2.25,280.0
2024-09-05 15:54:00+00:00,GLPI,51.505001068115234,51.505001068115234,51.5099983215332,51.47999954223633,51.47999954223633,18425.0
2024-09-05 15:54:00+00:00,GOOD,15.175000190734863,15.175000190734863,15.175000190734863,15.175000190734863,15.175000190734863,160.0
2024-09-05 15:54:00+00:00,GOODN,22.899999618530273,22.899999618530273,22.899999618530273,22.899999618530273,22.899999618530273,400.0
2024-09-05 15:54:00+00:00,HST,16.69499969482422,16.69499969482422,16.709999084472656,16.690000534057617,16.700000762939453,114157.0
2024-09-05 15:54:00+00:00,ILPT,4.889999866485596,4.889999866485596,4.889999866485596,4.872000217437744,4.875,5134.0
2024-09-05 15:54:00+00:00,LAMR,124.54000091552734,124.54000091552734,124.62000274658203,124.31999969482422,124.36499786376953,5618.0
2024-09-05 15:54:00+00:00,LAND,13.46500015258789,13.46500015258789,13.46500015258789,13.46500015258789,13.46500015258789,312.0
2024-09-05 15:54:00+00:00,LSEA,11.40999984741211,11.40999984741211,11.40999984741211,11.40999984741211,11.40999984741211,1251.0
2024-09-05 15:54:00+00:00,NMRK,14.175000190734863,14.175000190734863,14.199999809265137,14.175000190734863,14.1850004196167,22990.0
2024-09-05 15:54:00+00:00,NYMT,6.394999980926514,6.394999980926514,6.40500020980835,6.394999980926514,6.400000095367432,6229.0
2024-09-05 15:54:00+00:00,OPEN,1.9950000047683716,1.9950000047683716,2.0,1.9900000095367432,1.9950000047683716,241033.0
2024-09-05 15:54:00+00:00,OPI,2.134999990463257,2.134999990463257,2.134999990463257,2.130000114440918,2.134999990463257,1716.0
2024-09-05 15:54:00+00:00,PCH,42.435001373291016,42.435001373291016,42.48500061035156,42.435001373291016,42.47999954223633,4103.0
2024-09-05 15:54:00+00:00,PECO,37.185001373291016,37.185001373291016,37.220001220703125,37.17499923706055,37.17499923706055,6107.0
2024-09-05 15:54:00+00:00,RDFN,9.630000114440918,9.630000114440918,9.649999618530273,9.625,9.635000228881836,16776.0
2024-09-05 15:54:00+00:00,REAX,5.695000171661377,5.695000171661377,5.699999809265137,5.690000057220459,5.690000057220459,6133.0
2024-09-05 15:54:00+00:00,REFI,15.755000114440918,15.755000114440918,15.755000114440918,15.755000114440918,15.755000114440918,306.0
2024-09-05 15:54:00+00:00,REG,73.31999969482422,73.31999969482422,73.31999969482422,73.2300033569336,73.23999786376953,8444.0
2024-09-05 15:54:00+00:00,ROIC,15.154999732971191,15.154999732971191,15.15999984741211,15.149999618530273,15.15999984741211,20719.0
2024-09-05 15:54:00+00:00,SBAC,233.8000030517578,233.8000030517578,233.91000366210938,233.4499969482422,233.4499969482422,10227.0
2024-09-05 15:54:00+00:00,SBRA,17.385000228881836,17.385000228881836,17.415000915527344,17.385000228881836,17.40999984741211,14758.0
2024-09-05 15:54:00+00:00,SEVN,13.710000038146973,13.710000038146973,13.710000038146973,13.710000038146973,13.710000038146973,645.0
2024-09-05 15:54:00+00:00,SVC,4.605000019073486,4.605000019073486,4.605000019073486,4.599999904632568,4.599999904632568,5149.0
2024-09-05 15:54:00+00:00,UK,1.4041999578475952,1.4041999578475952,1.4041999578475952,1.4041999578475952,1.4041999578475952,1.0
2024-09-05 15:54:00+00:00,UNIT,5.304999828338623,5.304999828338623,5.340000152587891,5.304999828338623,5.335000038146973,129888.0
2024-09-05 15:54:00+00:00,WHLR,4.489999771118164,4.489999771118164,4.489999771118164,4.440000057220459,4.4710001945495605,30981.0
2024-09-05 15:55:00+00:00,AGNC,10.234999656677246,10.234999656677246,10.239999771118164,10.234999656677246,10.234999656677246,197964.0
2024-09-05 15:55:00+00:00,BPYPO,13.449999809265137,13.449999809265137,13.449999809265137,13.449999809265137,13.449999809265137,2896.0
2024-09-05 15:55:00+00:00,CIGI,140.17999267578125,140.17999267578125,140.30999755859375,140.17999267578125,140.30999755859375,1934.0
2024-09-05 15:55:00+00:00,CMCT,1.9049999713897705,1.9049999713897705,1.9049999713897705,1.9049999713897705,1.9049999713897705,490.0
2024-09-05 15:55:00+00:00,CSGP,77.2249984741211,77.2249984741211,77.26000213623047,77.13999938964844,77.26000213623047,22106.0
2024-09-05 15:55:00+00:00,DHC,3.25,3.25,3.25,3.25,3.25,1095.0
2024-09-05 15:55:00+00:00,EQIX,820.9849853515625,820.9849853515625,820.9849853515625,820.10498046875,820.75,2990.0
2024-09-05 15:55:00+00:00,EXPI,11.639900207519531,11.639900207519531,11.640000343322754,11.61400032043457,11.630000114440918,9052.0
2024-09-05 15:55:00+00:00,GLPI,51.505001068115234,51.505001068115234,51.52000045776367,51.4900016784668,51.494998931884766,18596.0
2024-09-05 15:55:00+00:00,GOOD,15.1850004196167,15.1850004196167,15.1850004196167,15.175000190734863,15.175000190734863,1758.0
2024-09-05 15:55:00+00:00,HST,16.725000381469727,16.725000381469727,16.729999542236328,16.700000762939453,16.700000762939453,105574.0
2024-09-05 15:55:00+00:00,ILPT,4.90500020980835,4.90500020980835,4.90500020980835,4.889999866485596,4.889999866485596,3492.0
2024-09-05 15:55:00+00:00,LAMR,124.55999755859375,124.55999755859375,124.69999694824219,124.5199966430664,124.5199966430664,6699.0
2024-09-05 15:55:00+00:00,LAND,13.460000038146973,13.460000038146973,13.460000038146973,13.460000038146973,13.460000038146973,664.0
2024-09-05 15:55:00+00:00,LSEA,11.4399995803833,11.4399995803833,11.4399995803833,11.40999984741211,11.420000076293945,4445.0
2024-09-05 15:55:00+00:00,NMRK,14.175000190734863,14.175000190734863,14.1850004196167,14.15999984741211,14.175000190734863,14975.0
2024-09-05 15:55:00+00:00,NYMT,6.400000095367432,6.400000095367432,6.400000095367432,6.394999980926514,6.394999980926514,1137.0
2024-09-05 15:55:00+00:00,OPEN,1.9900000095367432,1.9900000095367432,1.9952000379562378,1.9900000095367432,1.9900000095367432,110686.0
2024-09-05 15:55:00+00:00,OPI,2.134999990463257,2.134999990463257,2.134999990463257,2.134999990463257,2.134999990463257,406.0
2024-09-05 15:55:00+00:00,PCH,42.439998626708984,42.439998626708984,42.439998626708984,42.41999816894531,42.41999816894531,1643.0
2024-09-05 15:55:00+00:00,PECO,37.15999984741211,37.15999984741211,37.185001373291016,37.150001525878906,37.150001525878906,7057.0
2024-09-05 15:55:00+00:00,RDFN,9.619999885559082,9.619999885559082,9.635000228881836,9.614999771118164,9.630000114440918,18979.0
2024-09-05 15:55:00+00:00,REAX,5.695000171661377,5.695000171661377,5.699999809265137,5.695000171661377,5.695000171661377,4414.0
2024-09-05 15:55:00+00:00,REG,73.2750015258789,73.2750015258789,73.33999633789062,73.2750015258789,73.29000091552734,10746.0
2024-09-05 15:55:00+00:00,ROIC,15.111000061035156,15.111000061035156,15.154999732971191,15.109999656677246,15.154999732971191,24643.0
2024-09-05 15:55:00+00:00,SBAC,233.35000610351562,233.35000610351562,233.84500122070312,232.55999755859375,233.41000366210938,19348.0
2024-09-05 15:55:00+00:00,SBRA,17.385000228881836,17.385000228881836,17.395000457763672,17.3799991607666,17.385000228881836,16207.0
2024-09-05 15:55:00+00:00,SVC,4.59499979019165,4.59499979019165,4.599999904632568,4.5920000076293945,4.599999904632568,35927.0
2024-09-05 15:55:00+00:00,UNIT,5.295000076293945,5.295000076293945,5.304999828338623,5.289999961853027,5.300000190734863,46678.0
2024-09-05 15:55:00+00:00,WHLR,4.474999904632568,4.474999904632568,4.53000020980835,4.449999809265137,4.489999771118164,55691.0
2024-09-05 15:56:00+00:00,AFCG,10.289999961853027,10.289999961853027,10.289999961853027,10.289999961853027,10.289999961853027,546.0
2024-09-05 15:56:00+00:00,AGNC,10.234999656677246,10.234999656677246,10.239999771118164,10.234999656677246,10.239899635314941,69405.0
2024-09-05 15:56:00+00:00,BPYPO,13.449999809265137,13.449999809265137,13.449999809265137,13.449999809265137,13.449999809265137,204.0
2024-09-05 15:56:00+00:00,CSGP,77.23500061035156,77.23500061035156,77.23999786376953,77.17500305175781,77.21499633789062,17094.0
2024-09-05 15:56:00+00:00,DHC,3.250200033187866,3.250200033187866,3.255000114440918,3.25,3.255000114440918,7067.0
2024-09-05 15:56:00+00:00,EQIX,821.0650024414062,821.0650024414062,821.6099853515625,821.0650024414062,821.1400146484375,2121.0
2024-09-05 15:56:00+00:00,EXPI,11.640000343322754,11.640000343322754,11.640000343322754,11.635000228881836,11.635000228881836,3549.0
2024-09-05 15:56:00+00:00,FRPH,28.760000228881836,28.760000228881836,28.760000228881836,28.760000228881836,28.760000228881836,922.0
2024-09-05 15:56:00+00:00,GLPI,51.53499984741211,51.53499984741211,51.53499984741211,51.505001068115234,51.505001068115234,21040.0
2024-09-05 15:56:00+00:00,GOOD,15.180000305175781,15.180000305175781,15.1899995803833,15.180000305175781,15.1850004196167,2434.0
2024-09-05 15:56:00+00:00,HST,16.71500015258789,16.71500015258789,16.725000381469727,16.71500015258789,16.725000381469727,35775.0
2024-09-05 15:56:00+00:00,ILPT,4.900000095367432,4.900000095367432,4.90500020980835,4.900000095367432,4.90500020980835,1554.0
2024-09-05 15:56:00+00:00,LAMR,124.49500274658203,124.49500274658203,124.57499694824219,124.48999786376953,124.56999969482422,2868.0
2024-09-05 15:56:00+00:00,LAND,13.46500015258789,13.46500015258789,13.46500015258789,13.46500015258789,13.46500015258789,255.0
2024-09-05 15:56:00+00:00,LANDM,24.440000534057617,24.440000534057617,24.440000534057617,24.440000534057617,24.440000534057617,175.0
2024-09-05 15:56:00+00:00,LANDO,21.420000076293945,21.420000076293945,21.420000076293945,21.420000076293945,21.420000076293945,313.0
2024-09-05 15:56:00+00:00,NMRK,14.170000076293945,14.170000076293945,14.175000190734863,14.164999961853027,14.175000190734863,13377.0
2024-09-05 15:56:00+00:00,NYMT,6.400000095367432,6.400000095367432,6.400000095367432,6.394999980926514,6.400000095367432,1556.0
2024-09-05 15:56:00+00:00,OPEN,1.9950000047683716,1.9950000047683716,2.0,1.9900000095367432,1.9950000047683716,251888.0
2024-09-05 15:56:00+00:00,OPI,2.130000114440918,2.130000114440918,2.134999990463257,2.130000114440918,2.130000114440918,11775.0
2024-09-05 15:56:00+00:00,PCH,42.400001525878906,42.400001525878906,42.415000915527344,42.400001525878906,42.400001525878906,1809.0
2024-09-05 15:56:00+00:00,PECO,37.1349983215332,37.1349983215332,37.15999984741211,37.1349983215332,37.150001525878906,8306.0
2024-09-05 15:56:00+00:00,RDFN,9.600099563598633,9.600099563598633,9.625,9.600000381469727,9.619999885559082,16742.0
2024-09-05 15:56:00+00:00,REAX,5.695000171661377,5.695000171661377,5.699999809265137,5.690000057220459,5.695000171661377,5894.0
2024-09-05 15:56:00+00:00,REG,73.22000122070312,73.22000122070312,73.2699966430664,73.20999908447266,73.2699966430664,9195.0
2024-09-05 15:56:00+00:00,RMR,24.420000076293945,24.420000076293945,24.420000076293945,24.420000076293945,24.420000076293945,325.0
2024-09-05 15:56:00+00:00,ROIC,15.130000114440918,15.130000114440918,15.130000114440918,15.109999656677246,15.114999771118164,21905.0
2024-09-05 15:56:00+00:00,SBAC,233.6199951171875,233.6199951171875,233.77000427246094,233.35000610351562,233.35000610351562,7352.0
2024-09-05 15:56:00+00:00,SBRA,17.3700008392334,17.3700008392334,17.385000228881836,17.3700008392334,17.385000228881836,12049.0
2024-09-05 15:56:00+00:00,SELF,5.019999980926514,5.019999980926514,5.019999980926514,5.019199848175049,5.019999980926514,1841.0
2024-09-05 15:56:00+00:00,SEVN,13.680000305175781,13.680000305175781,13.680000305175781,13.680000305175781,13.680000305175781,554.0
2024-09-05 15:56:00+00:00,SVC,4.59499979019165,4.59499979019165,4.599999904632568,4.590000152587891,4.59499979019165,21706.0
2024-09-05 15:56:00+00:00,UK,1.4279999732971191,1.4279999732971191,1.4299999475479126,1.4279999732971191,1.4299999475479126,400.0
2024-09-05 15:56:00+00:00,UNIT,5.264999866485596,5.264999866485596,5.300000190734863,5.260000228881836,5.300000190734863,132549.0
2024-09-05 15:56:00+00:00,VINO,4.974999904632568,4.974999904632568,4.974999904632568,4.974999904632568,4.974999904632568,240.0
2024-09-05 15:56:00+00:00,WHLR,4.210000038146973,4.210000038146973,4.5,4.119999885559082,4.46999979019165,158126.0
2024-09-05 15:57:00+00:00,AFCG,10.300000190734863,10.300000190734863,10.300000190734863,10.300000190734863,10.300000190734863,233.0
2024-09-05 15:57:00+00:00,AGNC,10.239999771118164,10.239999771118164,10.239999771118164,10.229999542236328,10.234999656677246,241793.0
2024-09-05 15:57:00+00:00,ASPS,1.090000033378601,1.090000033378601,1.090000033378601,1.090000033378601,1.090000033378601,174.0
2024-09-05 15:57:00+00:00,CIGI,140.19000244140625,140.19000244140625,140.19000244140625,140.1199951171875,140.14999389648438,5110.0
2024-09-05 15:57:00+00:00,CSGP,77.26000213623047,77.26000213623047,77.26499938964844,77.2300033569336,77.23500061035156,16025.0
2024-09-05 15:57:00+00:00,DHC,3.244999885559082,3.244999885559082,3.25,3.244999885559082,3.25,4696.0
2024-09-05 15:57:00+00:00,EQIX,820.8400268554688,820.8400268554688,821.4600219726562,820.8200073242188,821.4600219726562,3681.0
2024-09-05 15:57:00+00:00,EXPI,11.659899711608887,11.659899711608887,11.65999984741211,11.635000228881836,11.635000228881836,6437.0
2024-09-05 15:57:00+00:00,FSV,178.71499633789062,178.71499633789062,178.71499633789062,178.71499633789062,178.71499633789062,718.0
2024-09-05 15:57:00+00:00,FTHM,3.0,3.0,3.0,3.0,3.0,1618.0
2024-09-05 15:57:00+00:00,GLPI,51.529998779296875,51.529998779296875,51.53499984741211,51.5099983215332,51.53499984741211,14333.0
2024-09-05 15:57:00+00:00,GOOD,15.1850004196167,15.1850004196167,15.1850004196167,15.180000305175781,15.1850004196167,1086.0
2024-09-05 15:57:00+00:00,HST,16.71500015258789,16.71500015258789,16.719999313354492,16.709999084472656,16.71500015258789,46930.0
2024-09-05 15:57:00+00:00,ILPT,4.901000022888184,4.901000022888184,4.90500020980835,4.900000095367432,4.90500020980835,2146.0
2024-09-05 15:57:00+00:00,LAMR,124.48999786376953,124.48999786376953,124.48999786376953,124.39009857177734,124.45999908447266,4976.0
2024-09-05 15:57:00+00:00,LAND,13.4399995803833,13.4399995803833,13.460000038146973,13.4399995803833,13.460000038146973,4373.0
2024-09-05 15:57:00+00:00,NMRK,14.149999618530273,14.149999618530273,14.194999694824219,14.149999618530273,14.170000076293945,45085.0
2024-09-05 15:57:00+00:00,NYMT,6.400000095367432,6.400000095367432,6.400000095367432,6.400000095367432,6.400000095367432,791.0
2024-09-05 15:57:00+00:00,OPEN,1.9950000047683716,1.9950000047683716,2.0,1.9900000095367432,1.9950000047683716,38687.0
2024-09-05 15:57:00+00:00,OPI,2.134999990463257,2.134999990463257,2.134999990463257,2.130000114440918,2.134999990463257,1433.0
2024-09-05 15:57:00+00:00,PCH,42.38999938964844,42.38999938964844,42.400001525878906,42.36000061035156,42.400001525878906,5586.0
2024-09-05 15:57:00+00:00,PECO,37.150001525878906,37.150001525878906,37.150001525878906,37.130001068115234,37.13999938964844,7384.0
2024-09-05 15:57:00+00:00,RDFN,9.614999771118164,9.614999771118164,9.619999885559082,9.600000381469727,9.604999542236328,34433.0
2024-09-05 15:57:00+00:00,REAX,5.684999942779541,5.684999942779541,5.699999809265137,5.679999828338623,5.699999809265137,13379.0
2024-09-05 15:57:00+00:00,REFI,15.744999885559082,15.744999885559082,15.744999885559082,15.744999885559082,15.744999885559082,631.0
2024-09-05 15:57:00+00:00,REG,73.23999786376953,73.23999786376953,73.23999786376953,73.21499633789062,73.21499633789062,8339.0
2024-09-05 15:57:00+00:00,RMR,24.420000076293945,24.420000076293945,24.420000076293945,24.420000076293945,24.420000076293945,135.0
2024-09-05 15:57:00+00:00,ROIC,15.130000114440918,15.130000114440918,15.130000114440918,15.125,15.130000114440918,7081.0
2024-09-05 15:57:00+00:00,SBAC,233.05499267578125,233.05499267578125,233.77000427246094,233.0399932861328,233.6199951171875,22133.0
2024-09-05 15:57:00+00:00,SBRA,17.434999465942383,17.434999465942383,17.434999465942383,17.375,17.375,103926.0
2024-09-05 15:57:00+00:00,SELF,5.019999980926514,5.019999980926514,5.019999980926514,5.019999980926514,5.019999980926514,204.0
2024-09-05 15:57:00+00:00,SEVN,13.6850004196167,13.6850004196167,13.6850004196167,13.6850004196167,13.6850004196167,527.0
2024-09-05 15:57:00+00:00,SVC,4.59499979019165,4.59499979019165,4.59499979019165,4.590000152587891,4.59499979019165,13361.0
2024-09-05 15:57:00+00:00,UK,1.4041999578475952,1.4041999578475952,1.4294999837875366,1.4041999578475952,1.4294999837875366,711.0
2024-09-05 15:57:00+00:00,UNIT,5.289999961853027,5.289999961853027,5.300000190734863,5.264999866485596,5.264999866485596,129368.0
2024-09-05 15:57:00+00:00,VINO,4.920000076293945,4.920000076293945,4.920000076293945,4.920000076293945,4.920000076293945,1.0
2024-09-05 15:57:00+00:00,WHLR,4.110000133514404,4.110000133514404,4.21999979019165,3.9900999069213867,4.204999923706055,265717.0
2024-09-05 15:57:00+00:00,WHLRP,2.5299999713897705,2.5299999713897705,2.559999942779541,2.5299999713897705,2.559999942779541,340.0
2024-09-05 15:58:00+00:00,AFCG,10.300000190734863,10.300000190734863,10.300000190734863,10.300000190734863,10.300000190734863,2083.0
2024-09-05 15:58:00+00:00,AGNC,10.239999771118164,10.239999771118164,10.239999771118164,10.229999542236328,10.239999771118164,217729.0
2024-09-05 15:58:00+00:00,ASPS,1.059999942779541,1.059999942779541,1.059999942779541,1.059999942779541,1.059999942779541,702.0
2024-09-05 15:58:00+00:00,CIGI,140.0500030517578,140.0500030517578,140.07000732421875,140.0500030517578,140.07000732421875,1353.0
2024-09-05 15:58:00+00:00,CSGP,77.26499938964844,77.26499938964844,77.30500030517578,77.25,77.26000213623047,30655.0
2024-09-05 15:58:00+00:00,DHC,3.244999885559082,3.244999885559082,3.25,3.244999885559082,3.25,4283.0
2024-09-05 15:58:00+00:00,EQIX,820.7249755859375,820.7249755859375,820.739990234375,820.7249755859375,820.739990234375,3330.0
2024-09-05 15:58:00+00:00,EXPI,11.664999961853027,11.664999961853027,11.670000076293945,11.654999732971191,11.654999732971191,10517.0
2024-09-05 15:58:00+00:00,FTHM,3.0,3.0,3.0,3.0,3.0,1010.0
2024-09-05 15:58:00+00:00,GLPI,51.525001525878906,51.525001525878906,51.540000915527344,51.5099983215332,51.525001525878906,32213.0
2024-09-05 15:58:00+00:00,GOOD,15.170000076293945,15.170000076293945,15.1899995803833,15.170000076293945,15.180000305175781,5297.0
2024-09-05 15:58:00+00:00,HST,16.729999542236328,16.729999542236328,16.735000610351562,16.712499618530273,16.71500015258789,179686.0
2024-09-05 15:58:00+00:00,ILPT,4.900000095367432,4.900000095367432,4.909999847412109,4.900000095367432,4.909999847412109,6376.0
2024-09-05 15:58:00+00:00,LAMR,124.43000030517578,124.43000030517578,124.48999786376953,124.43000030517578,124.48999786376953,5918.0
2024-09-05 15:58:00+00:00,LAND,13.449999809265137,13.449999809265137,13.449999809265137,13.4399995803833,13.4399995803833,2428.0
2024-09-05 15:58:00+00:00,LSEA,11.430000305175781,11.430000305175781,11.449999809265137,11.430000305175781,11.449999809265137,1611.0
2024-09-05 15:58:00+00:00,NMRK,14.145000457763672,14.145000457763672,14.15999984741211,14.140000343322754,14.15999984741211,12516.0
2024-09-05 15:58:00+00:00,NYMT,6.400000095367432,6.400000095367432,6.400000095367432,6.394999980926514,6.400000095367432,2200.0
2024-09-05 15:58:00+00:00,OPEN,1.9945000410079956,1.9945000410079956,2.0,1.9900000095367432,1.9900000095367432,109525.0
2024-09-05 15:58:00+00:00,OPI,2.130000114440918,2.130000114440918,2.134999990463257,2.130000114440918,2.134999990463257,2588.0
2024-09-05 15:58:00+00:00,PCH,42.3849983215332,42.3849983215332,42.38999938964844,42.3849983215332,42.38999938964844,1811.0
2024-09-05 15:58:00+00:00,PECO,37.150001525878906,37.150001525878906,37.18000030517578,37.150001525878906,37.150001525878906,11303.0
2024-09-05 15:58:00+00:00,RDFN,9.645000457763672,9.645000457763672,9.654999732971191,9.600000381469727,9.614999771118164,126726.0
2024-09-05 15:58:00+00:00,REAX,5.684999942779541,5.684999942779541,5.690000057220459,5.679999828338623,5.690000057220459,7373.0
2024-09-05 15:58:00+00:00,REFI,15.744999885559082,15.744999885559082,15.744999885559082,15.744999885559082,15.744999885559082,421.0
2024-09-05 15:58:00+00:00,REG,73.2699966430664,73.2699966430664,73.31999969482422,73.24500274658203,73.24500274658203,17046.0
2024-09-05 15:58:00+00:00,RMR,24.40999984741211,24.40999984741211,24.420000076293945,24.389999389648438,24.40999984741211,1010.0
2024-09-05 15:58:00+00:00,ROIC,15.154999732971191,15.154999732971191,15.15999984741211,15.125,15.130000114440918,30054.0
2024-09-05 15:58:00+00:00,SBAC,233.125,233.125,233.27000427246094,232.9600067138672,233.05999755859375,20869.0
2024-09-05 15:58:00+00:00,SBRA,17.434999465942383,17.434999465942383,17.44499969482422,17.43000030517578,17.440000534057617,51247.0
2024-09-05 15:58:00+00:00,SELF,5.019999980926514,5.019999980926514,5.019999980926514,5.019999980926514,5.019999980926514,845.0
2024-09-05 15:58:00+00:00,SEVN,13.699999809265137,13.699999809265137,13.699999809265137,13.670000076293945,13.6850004196167,883.0
2024-09-05 15:58:00+00:00,SOHO,1.2100000381469727,1.2100000381469727,1.2100000381469727,1.2100000381469727,1.2100000381469727,329.0
2024-09-05 15:58:00+00:00,SVC,4.590000152587891,4.590000152587891,4.599999904632568,4.590000152587891,4.599999904632568,7332.0
2024-09-05 15:58:00+00:00,UK,1.4251999855041504,1.4251999855041504,1.4299999475479126,1.4251999855041504,1.4279999732971191,459.0
2024-09-05 15:58:00+00:00,UNIT,5.284999847412109,5.284999847412109,5.289999961853027,5.28000020980835,5.284999847412109,113558.0
2024-09-05 15:58:00+00:00,VINO,4.860000133514404,4.860000133514404,4.860000133514404,4.860000133514404,4.860000133514404,125.0
2024-09-05 15:58:00+00:00,WHLR,4.08620023727417,4.08620023727417,4.199999809265137,4.0,4.090000152587891,118547.0
2024-09-05 15:58:00+00:00,WHLRD,19.354999542236328,19.354999542236328,19.354999542236328,19.354999542236328,19.354999542236328,200.0
2024-09-05 15:59:00+00:00,AFCG,10.300000190734863,10.300000190734863,10.3100004196167,10.300000190734863,10.300000190734863,3200.0
2024-09-05 15:59:00+00:00,AGNC,10.244999885559082,10.244999885559082,10.25,10.234999656677246,10.239999771118164,427175.0
2024-09-05 15:59:00+00:00,AGNCM,25.299999237060547,25.299999237060547,25.299999237060547,25.299999237060547,25.299999237060547,111.0
2024-09-05 15:59:00+00:00,AGNCO,25.010000228881836,25.010000228881836,25.010000228881836,25.010000228881836,25.010000228881836,0.0
2024-09-05 15:59:00+00:00,AGNCP,24.239999771118164,24.239999771118164,24.239999771118164,24.239999771118164,24.239999771118164,249.0
2024-09-05 15:59:00+00:00,ASPS,1.0499999523162842,1.0499999523162842,1.0700000524520874,1.0499999523162842,1.0700000524520874,2445.0
2024-09-05 15:59:00+00:00,CIGI,140.09500122070312,140.09500122070312,140.09500122070312,140.09500122070312,140.09500122070312,1073.0
2024-09-05 15:59:00+00:00,CMCT,1.899999976158142,1.899999976158142,1.899999976158142,1.899999976158142,1.899999976158142,193.0
2024-09-05 15:59:00+00:00,CSGP,77.37999725341797,77.37999725341797,77.37999725341797,77.26000213623047,77.2699966430664,63000.0
2024-09-05 15:59:00+00:00,DHC,3.2699999809265137,3.2699999809265137,3.2699999809265137,3.240000009536743,3.244999885559082,18541.0
2024-09-05 15:59:00+00:00,EQIX,822.0599975585938,822.0599975585938,822.0599975585938,821.0900268554688,821.0900268554688,5922.0
2024-09-05 15:59:00+00:00,EXPI,11.699999809265137,11.699999809265137,11.710000038146973,11.670000076293945,11.670000076293945,28743.0
2024-09-05 15:59:00+00:00,FRPH,28.809999465942383,28.809999465942383,28.809999465942383,28.790000915527344,28.790000915527344,2133.0
2024-09-05 15:59:00+00:00,FSV,178.77999877929688,178.77999877929688,178.77999877929688,178.72999572753906,178.72999572753906,2221.0
2024-09-05 15:59:00+00:00,GIPR,2.25,2.25,2.25,2.25,2.25,476.0
2024-09-05 15:59:00+00:00,GLPI,51.5,51.5,51.525001525878906,51.4900016784668,51.525001525878906,66480.0
2024-09-05 15:59:00+00:00,GOOD,15.1899995803833,15.1899995803833,15.194999694824219,15.170000076293945,15.175000190734863,10235.0
2024-09-05 15:59:00+00:00,HST,16.739999771118164,16.739999771118164,16.739999771118164,16.725000381469727,16.725000381469727,171973.0
2024-09-05 15:59:00+00:00,HTIBP,15.630000114440918,15.630000114440918,15.630000114440918,15.630000114440918,15.630000114440918,1132.0
2024-09-05 15:59:00+00:00,ILPT,4.900000095367432,4.900000095367432,4.909999847412109,4.890699863433838,4.900000095367432,10916.0
2024-09-05 15:59:00+00:00,LAMR,124.37000274658203,124.37000274658203,124.4800033569336,124.18000030517578,124.47000122070312,21163.0
2024-09-05 15:59:00+00:00,LAND,13.479999542236328,13.479999542236328,13.479999542236328,13.460000038146973,13.460000038146973,2767.0
2024-09-05 15:59:00+00:00,LSEA,11.399999618530273,11.399999618530273,11.4350004196167,11.380000114440918,11.430000305175781,5777.0
2024-09-05 15:59:00+00:00,NMRK,14.140000343322754,14.140000343322754,14.145000457763672,14.119999885559082,14.145000457763672,50692.0
2024-09-05 15:59:00+00:00,NYMT,6.409999847412109,6.409999847412109,6.409999847412109,6.394999980926514,6.400000095367432,14453.0
2024-09-05 15:59:00+00:00,OPEN,2.0,2.0,2.0,1.9900000095367432,1.9950000047683716,490501.0
2024-09-05 15:59:00+00:00,OPI,2.130000114440918,2.130000114440918,2.134999990463257,2.130000114440918,2.134999990463257,8208.0
2024-09-05 15:59:00+00:00,PCH,42.41999816894531,42.41999816894531,42.459999084472656,42.380001068115234,42.38999938964844,10776.0
2024-09-05 15:59:00+00:00,PECO,37.189998626708984,37.189998626708984,37.20000076293945,37.13999938964844,37.15999984741211,24122.0
2024-09-05 15:59:00+00:00,RDFN,9.670000076293945,9.670000076293945,9.670000076293945,9.630000114440918,9.649900436401367,112075.0
2024-09-05 15:59:00+00:00,REAX,5.679999828338623,5.679999828338623,5.699999809265137,5.670000076293945,5.684999942779541,51111.0
2024-09-05 15:59:00+00:00,REFI,15.760000228881836,15.760000228881836,15.760000228881836,15.729999542236328,15.739999771118164,2617.0
2024-09-05 15:59:00+00:00,REG,73.27999877929688,73.27999877929688,73.29000091552734,73.25,73.26499938964844,17279.0
2024-09-05 15:59:00+00:00,RMR,24.40999984741211,24.40999984741211,24.450000762939453,24.3700008392334,24.399999618530273,2584.0
2024-09-05 15:59:00+00:00,ROIC,15.1899995803833,15.1899995803833,15.1899995803833,15.15999984741211,15.15999984741211,75431.0
2024-09-05 15:59:00+00:00,SBAC,233.4499969482422,233.4499969482422,233.4499969482422,232.89999389648438,233.14999389648438,57642.0
2024-09-05 15:59:00+00:00,SBRA,17.450000762939453,17.450000762939453,17.450000762939453,17.420000076293945,17.43000030517578,81554.0
2024-09-05 15:59:00+00:00,SELF,5.019999980926514,5.019999980926514,5.019999980926514,5.019999980926514,5.019999980926514,504.0
2024-09-05 15:59:00+00:00,SEVN,13.71500015258789,13.71500015258789,13.71500015258789,13.670000076293945,13.670000076293945,2256.0
2024-09-05 15:59:00+00:00,SQFTW,0.029999999329447746,0.029999999329447746,0.029999999329447746,0.029999999329447746,0.029999999329447746,1207.0
2024-09-05 15:59:00+00:00,SVC,4.610000133514404,4.610000133514404,4.610000133514404,4.59499979019165,4.59499979019165,41446.0
2024-09-05 15:59:00+00:00,UK,1.3899999856948853,1.3899999856948853,1.4299999475479126,1.3899999856948853,1.4299999475479126,345.0
2024-09-05 15:59:00+00:00,UNIT,5.289999961853027,5.289999961853027,5.289999961853027,5.269999980926514,5.284999847412109,151178.0
2024-09-05 15:59:00+00:00,WHLR,4.119999885559082,4.119999885559082,4.179599761962891,4.085000038146973,4.099999904632568,114111.0
2024-09-05 15:59:00+00:00,WHLRD,19.0,19.0,19.0,19.0,19.0,0.0
