Datetime,Ticker,Adj Close,Close,High,Low,Open,Volume
2024-09-16 09:30:00+00:00,AEI,1.1150000095367432,1.1150000095367432,1.1200000047683716,1.1150000095367432,1.1200000047683716,0.0
2024-09-16 09:30:00+00:00,AFCG,10.34000015258789,10.34000015258789,10.34000015258789,10.34000015258789,10.34000015258789,7037.0
2024-09-16 09:30:00+00:00,AGNC,10.390199661254883,10.390199661254883,10.408300399780273,10.380000114440918,10.390000343322754,430621.0
2024-09-16 09:30:00+00:00,AGNCN,26.030000686645508,26.030000686645508,26.030000686645508,26.030000686645508,26.030000686645508,0.0
2024-09-16 09:30:00+00:00,AGNCO,25.200000762939453,25.200000762939453,25.200000762939453,25.149999618530273,25.200000762939453,0.0
2024-09-16 09:30:00+00:00,AGNCP,24.350000381469727,24.350000381469727,24.350000381469727,24.350000381469727,24.350000381469727,0.0
2024-09-16 09:30:00+00:00,ASPS,1.1699999570846558,1.1699999570846558,1.1699999570846558,1.1699999570846558,1.1699999570846558,0.0
2024-09-16 09:30:00+00:00,CHCI,8.350000381469727,8.350000381469727,8.479999542236328,8.350000381469727,8.479999542236328,0.0
2024-09-16 09:30:00+00:00,CMCT,2.0299999713897705,2.0299999713897705,2.0299999713897705,2.0299999713897705,2.0299999713897705,0.0
2024-09-16 09:30:00+00:00,CSGP,79.8499984741211,79.8499984741211,79.99700164794922,79.8499984741211,79.86000061035156,14470.0
2024-09-16 09:30:00+00:00,DHC,3.549999952316284,3.549999952316284,3.549999952316284,3.549999952316284,3.549999952316284,0.0
2024-09-16 09:30:00+00:00,DUO,0.45489999651908875,0.45489999651908875,0.45489999651908875,0.4399999976158142,0.4399999976158142,54301.0
2024-09-16 09:30:00+00:00,EQIX,874.219970703125,874.219970703125,874.219970703125,871.3800048828125,871.3800048828125,11894.0
2024-09-16 09:30:00+00:00,EXPI,14.279999732971191,14.279999732971191,14.319999694824219,14.149999618530273,14.279999732971191,43049.0
2024-09-16 09:30:00+00:00,FTHM,2.9542999267578125,2.9542999267578125,2.9542999267578125,2.930000066757202,2.930000066757202,12473.0
2024-09-16 09:30:00+00:00,GIPR,2.200000047683716,2.200000047683716,2.200000047683716,2.200000047683716,2.200000047683716,3782.0
2024-09-16 09:30:00+00:00,GLPI,51.869998931884766,51.869998931884766,51.959999084472656,51.810001373291016,51.84000015258789,17907.0
2024-09-16 09:30:00+00:00,GOOD,16.170000076293945,16.170000076293945,16.170000076293945,16.104000091552734,16.1200008392334,6594.0
2024-09-16 09:30:00+00:00,HST,17.545000076293945,17.545000076293945,17.549999237060547,17.5,17.5,63176.0
2024-09-16 09:30:00+00:00,ILPT,5.139999866485596,5.139999866485596,5.139999866485596,5.139999866485596,5.139999866485596,0.0
2024-09-16 09:30:00+00:00,LAMR,129.82000732421875,129.82000732421875,129.82000732421875,129.82000732421875,129.82000732421875,2912.0
2024-09-16 09:30:00+00:00,LAND,14.871000289916992,14.871000289916992,14.871000289916992,14.819999694824219,14.819999694824219,6193.0
2024-09-16 09:30:00+00:00,LOAN,5.21999979019165,5.21999979019165,5.21999979019165,5.21999979019165,5.21999979019165,213.0
2024-09-16 09:30:00+00:00,LSEA,12.470000267028809,12.470000267028809,12.470000267028809,12.470000267028809,12.470000267028809,0.0
2024-09-16 09:30:00+00:00,NMRK,14.930000305175781,14.930000305175781,14.930000305175781,14.930000305175781,14.930000305175781,9522.0
2024-09-16 09:30:00+00:00,NYMT,6.630000114440918,6.630000114440918,6.630000114440918,6.630000114440918,6.630000114440918,5183.0
2024-09-16 09:30:00+00:00,NYMTL,21.209999084472656,21.209999084472656,21.209999084472656,21.209999084472656,21.209999084472656,0.0
2024-09-16 09:30:00+00:00,NYMTM,24.3799991607666,24.3799991607666,24.3799991607666,24.3799991607666,24.3799991607666,0.0
2024-09-16 09:30:00+00:00,NYMTN,22.3700008392334,22.3700008392334,22.3700008392334,22.3700008392334,22.3700008392334,0.0
2024-09-16 09:30:00+00:00,NYMTZ,20.5,20.5,20.5,20.5,20.5,0.0
2024-09-16 09:30:00+00:00,OPEN,2.240000009536743,2.240000009536743,2.25,2.2100000381469727,2.240000009536743,1149435.0
2024-09-16 09:30:00+00:00,OPI,2.190000057220459,2.190000057220459,2.190000057220459,2.190000057220459,2.190000057220459,4544.0
2024-09-16 09:30:00+00:00,PCH,45.474998474121094,45.474998474121094,45.59000015258789,45.474998474121094,45.560001373291016,0.0
2024-09-16 09:30:00+00:00,PECO,38.947200775146484,38.947200775146484,38.97999954223633,38.947200775146484,38.97999954223633,4519.0
2024-09-16 09:30:00+00:00,RDFN,14.375,14.375,14.375,14.375,14.375,333167.0
2024-09-16 09:30:00+00:00,REAX,5.75,5.75,5.809999942779541,5.75,5.809999942779541,90125.0
2024-09-16 09:30:00+00:00,REFI,15.989999771118164,15.989999771118164,15.989999771118164,15.989999771118164,15.989999771118164,965.0
2024-09-16 09:30:00+00:00,REG,74.77999877929688,74.77999877929688,74.77999877929688,74.62999725341797,74.63999938964844,14869.0
2024-09-16 09:30:00+00:00,RMR,25.5,25.5,25.5,25.43000030517578,25.43000030517578,0.0
2024-09-16 09:30:00+00:00,ROIC,16.0,16.0,16.0,16.0,16.0,0.0
2024-09-16 09:30:00+00:00,SBAC,244.90550231933594,244.90550231933594,245.2100067138672,244.5,244.9499969482422,11414.0
2024-09-16 09:30:00+00:00,SBRA,18.690000534057617,18.690000534057617,18.709999084472656,18.6200008392334,18.6200008392334,29766.0
2024-09-16 09:30:00+00:00,SELF,5.170000076293945,5.170000076293945,5.170000076293945,5.170000076293945,5.170000076293945,2453.0
2024-09-16 09:30:00+00:00,SEVN,13.9399995803833,13.9399995803833,13.9399995803833,13.9399995803833,13.9399995803833,0.0
2024-09-16 09:30:00+00:00,SOHO,1.1799999475479126,1.1799999475479126,1.1799999475479126,1.1799999475479126,1.1799999475479126,0.0
2024-09-16 09:30:00+00:00,SOHOB,18.280000686645508,18.280000686645508,18.280000686645508,18.280000686645508,18.280000686645508,988.0
2024-09-16 09:30:00+00:00,SQFT,0.7293999791145325,0.7293999791145325,0.7300000190734863,0.7245000004768372,0.7245000004768372,6510.0
2024-09-16 09:30:00+00:00,SQFTP,15.5,15.5,15.5,15.5,15.5,131.0
2024-09-16 09:30:00+00:00,SVC,4.650000095367432,4.650000095367432,4.670000076293945,4.639999866485596,4.670000076293945,11777.0
2024-09-16 09:30:00+00:00,UNIT,5.360799789428711,5.360799789428711,5.445000171661377,5.360000133514404,5.440000057220459,86653.0
2024-09-16 09:30:00+00:00,VINO,4.695799827575684,4.695799827575684,4.695799827575684,4.695799827575684,4.695799827575684,531.0
2024-09-16 09:30:00+00:00,WHLR,5.918900012969971,5.918900012969971,6.079999923706055,5.900000095367432,6.079999923706055,490463.0
2024-09-16 09:31:00+00:00,AEI,1.1150000095367432,1.1150000095367432,1.1150000095367432,1.1150000095367432,1.1150000095367432,978.0
2024-09-16 09:31:00+00:00,AGNC,10.395000457763672,10.395000457763672,10.399999618530273,10.390000343322754,10.395000457763672,4646.0
2024-09-16 09:31:00+00:00,AGNCM,25.350000381469727,25.350000381469727,25.350000381469727,25.350000381469727,25.350000381469727,1141.0
2024-09-16 09:31:00+00:00,BPYPP,14.710000038146973,14.710000038146973,14.710000038146973,14.710000038146973,14.710000038146973,0.0
2024-09-16 09:31:00+00:00,CIGI,148.0500030517578,148.0500030517578,148.0500030517578,147.27000427246094,147.27000427246094,0.0
2024-09-16 09:31:00+00:00,CSGP,79.90709686279297,79.90709686279297,80.0,79.90709686279297,79.97000122070312,742.0
2024-09-16 09:31:00+00:00,EQIX,875.8300170898438,875.8300170898438,875.8300170898438,874.719970703125,874.719970703125,3174.0
2024-09-16 09:31:00+00:00,EXPI,14.225000381469727,14.225000381469727,14.225000381469727,14.220000267028809,14.220000267028809,1169.0
2024-09-16 09:31:00+00:00,GLPI,51.90999984741211,51.90999984741211,51.90999984741211,51.90999984741211,51.90999984741211,277.0
2024-09-16 09:31:00+00:00,GOOD,16.13990020751953,16.13990020751953,16.13990020751953,16.13990020751953,16.13990020751953,261.0
2024-09-16 09:31:00+00:00,HST,17.55500030517578,17.55500030517578,17.567699432373047,17.545000076293945,17.545000076293945,8523.0
2024-09-16 09:31:00+00:00,OPEN,2.194999933242798,2.194999933242798,2.234999895095825,2.190000057220459,2.234999895095825,562504.0
2024-09-16 09:31:00+00:00,PECO,39.040000915527344,39.040000915527344,39.040000915527344,39.040000915527344,39.040000915527344,295.0
2024-09-16 09:31:00+00:00,RDFN,14.09000015258789,14.09000015258789,14.399999618530273,14.079999923706055,14.395000457763672,70404.0
2024-09-16 09:31:00+00:00,REFI,15.989999771118164,15.989999771118164,15.989999771118164,15.989999771118164,15.989999771118164,317.0
2024-09-16 09:31:00+00:00,REG,75.1500015258789,75.1500015258789,75.1500015258789,74.93000030517578,74.93000030517578,7030.0
2024-09-16 09:31:00+00:00,ROIC,16.030000686645508,16.030000686645508,16.030000686645508,16.030000686645508,16.030000686645508,2932.0
2024-09-16 09:31:00+00:00,SBAC,245.7550048828125,245.7550048828125,245.7550048828125,245.22000122070312,245.5,5010.0
2024-09-16 09:31:00+00:00,SBRA,18.639999389648438,18.639999389648438,18.709999084472656,18.639999389648438,18.68000030517578,4362.0
2024-09-16 09:31:00+00:00,SEVN,13.90999984741211,13.90999984741211,13.930800437927246,13.90999984741211,13.930800437927246,2749.0
2024-09-16 09:31:00+00:00,SVC,4.590000152587891,4.590000152587891,4.639999866485596,4.590000152587891,4.639999866485596,5070.0
2024-09-16 09:31:00+00:00,UNIT,5.389999866485596,5.389999866485596,5.394999980926514,5.380000114440918,5.380000114440918,14016.0
2024-09-16 09:31:00+00:00,WHLR,6.216100215911865,6.216100215911865,6.249499797821045,5.900000095367432,5.900000095367432,19695.0
2024-09-16 09:32:00+00:00,AGNC,10.42020034790039,10.42020034790039,10.425000190734863,10.395000457763672,10.399900436401367,52265.0
2024-09-16 09:32:00+00:00,AGNCO,25.18160057067871,25.18160057067871,25.18160057067871,25.18160057067871,25.18160057067871,151.0
2024-09-16 09:32:00+00:00,AGNCP,24.3799991607666,24.3799991607666,24.3799991607666,24.3799991607666,24.3799991607666,233.0
2024-09-16 09:32:00+00:00,ASPS,1.1588000059127808,1.1588000059127808,1.1588000059127808,1.1588000059127808,1.1588000059127808,512.0
2024-09-16 09:32:00+00:00,CHCI,8.430000305175781,8.430000305175781,8.430000305175781,8.430000305175781,8.430000305175781,256.0
2024-09-16 09:32:00+00:00,CIGI,148.99000549316406,148.99000549316406,148.99000549316406,148.99000549316406,148.99000549316406,1769.0
2024-09-16 09:32:00+00:00,CSGP,80.31999969482422,80.31999969482422,80.31999969482422,79.87000274658203,79.94999694824219,3996.0
2024-09-16 09:32:00+00:00,EQIX,874.6300048828125,874.6300048828125,874.6300048828125,874.6300048828125,874.6300048828125,1870.0
2024-09-16 09:32:00+00:00,EXPI,14.350000381469727,14.350000381469727,14.350000381469727,14.300999641418457,14.319999694824219,1146.0
2024-09-16 09:32:00+00:00,FTHM,2.950000047683716,2.950000047683716,2.950000047683716,2.940000057220459,2.940000057220459,184.0
2024-09-16 09:32:00+00:00,GLPI,51.93000030517578,51.93000030517578,51.93000030517578,51.89500045776367,51.89500045776367,1017.0
2024-09-16 09:32:00+00:00,GOOD,16.110000610351562,16.110000610351562,16.110000610351562,16.110000610351562,16.110000610351562,419.0
2024-09-16 09:32:00+00:00,HST,17.600000381469727,17.600000381469727,17.600000381469727,17.559999465942383,17.559999465942383,6630.0
2024-09-16 09:32:00+00:00,LAMR,130.06500244140625,130.06500244140625,130.06500244140625,129.90040588378906,129.90040588378906,1000.0
2024-09-16 09:32:00+00:00,NMRK,15.029999732971191,15.029999732971191,15.029999732971191,15.029999732971191,15.029999732971191,600.0
2024-09-16 09:32:00+00:00,OPEN,2.2149999141693115,2.2149999141693115,2.219899892807007,2.184000015258789,2.194999933242798,319744.0
2024-09-16 09:32:00+00:00,OPI,2.184999942779541,2.184999942779541,2.194999933242798,2.184999942779541,2.194999933242798,41289.0
2024-09-16 09:32:00+00:00,PCH,45.6349983215332,45.6349983215332,45.6349983215332,45.5,45.529998779296875,3214.0
2024-09-16 09:32:00+00:00,PECO,39.05500030517578,39.05500030517578,39.05500030517578,39.05500030517578,39.05500030517578,300.0
2024-09-16 09:32:00+00:00,RDFN,14.510000228881836,14.510000228881836,14.529999732971191,14.010000228881836,14.100000381469727,171413.0
2024-09-16 09:32:00+00:00,REAX,5.800000190734863,5.800000190734863,5.800000190734863,5.795000076293945,5.795000076293945,1732.0
2024-09-16 09:32:00+00:00,REG,75.08000183105469,75.08000183105469,75.16000366210938,75.08000183105469,75.13999938964844,0.0
2024-09-16 09:32:00+00:00,ROIC,16.0,16.0,16.0,16.0,16.0,11441.0
2024-09-16 09:32:00+00:00,SBAC,246.13499450683594,246.13499450683594,246.25,245.4600067138672,245.66000366210938,2904.0
2024-09-16 09:32:00+00:00,SBRA,18.68000030517578,18.68000030517578,18.68000030517578,18.649999618530273,18.649999618530273,3090.0
2024-09-16 09:32:00+00:00,SELF,5.139999866485596,5.139999866485596,5.139999866485596,5.139999866485596,5.139999866485596,114.0
2024-09-16 09:32:00+00:00,SVC,4.590000152587891,4.590000152587891,4.590000152587891,4.590000152587891,4.590000152587891,3159.0
2024-09-16 09:32:00+00:00,UNIT,5.380000114440918,5.380000114440918,5.400000095367432,5.375,5.400000095367432,5588.0
2024-09-16 09:32:00+00:00,WHLR,6.264500141143799,6.264500141143799,6.349999904632568,6.190000057220459,6.289999961853027,24840.0
2024-09-16 09:33:00+00:00,AGNC,10.420100212097168,10.420100212097168,10.42609977722168,10.420100212097168,10.425000190734863,14649.0
2024-09-16 09:33:00+00:00,ASPS,1.159999966621399,1.159999966621399,1.159999966621399,1.159999966621399,1.159999966621399,1850.0
2024-09-16 09:33:00+00:00,CSGP,80.0988998413086,80.0988998413086,80.44760131835938,80.0988998413086,80.44760131835938,1851.0
2024-09-16 09:33:00+00:00,DHC,3.5399999618530273,3.5399999618530273,3.549999952316284,3.5399999618530273,3.5399999618530273,3217.0
2024-09-16 09:33:00+00:00,EXPI,14.362199783325195,14.362199783325195,14.400199890136719,14.362199783325195,14.375,4223.0
2024-09-16 09:33:00+00:00,FTHM,2.9200000762939453,2.9200000762939453,2.944999933242798,2.880000114440918,2.944999933242798,10278.0
2024-09-16 09:33:00+00:00,GIPR,2.2100000381469727,2.2100000381469727,2.2100000381469727,2.2100000381469727,2.2100000381469727,254.0
2024-09-16 09:33:00+00:00,GLPI,52.04999923706055,52.04999923706055,52.04999923706055,52.005001068115234,52.005001068115234,926.0
2024-09-16 09:33:00+00:00,GOOD,16.110000610351562,16.110000610351562,16.110000610351562,16.110000610351562,16.110000610351562,205.0
2024-09-16 09:33:00+00:00,HST,17.59000015258789,17.59000015258789,17.610000610351562,17.579999923706055,17.610000610351562,16042.0
2024-09-16 09:33:00+00:00,LAND,14.84000015258789,14.84000015258789,14.84000015258789,14.84000015258789,14.84000015258789,321.0
2024-09-16 09:33:00+00:00,NMRK,15.020000457763672,15.020000457763672,15.0600004196167,15.020000457763672,15.0600004196167,1497.0
2024-09-16 09:33:00+00:00,NYMTL,21.06999969482422,21.06999969482422,21.06999969482422,21.06999969482422,21.06999969482422,82.0
2024-09-16 09:33:00+00:00,OPEN,2.2098000049591064,2.2098000049591064,2.2291998863220215,2.2098000049591064,2.219899892807007,134058.0
2024-09-16 09:33:00+00:00,PCH,45.60499954223633,45.60499954223633,45.630001068115234,45.60499954223633,45.630001068115234,474.0
2024-09-16 09:33:00+00:00,PECO,39.07500076293945,39.07500076293945,39.07500076293945,39.07500076293945,39.07500076293945,253.0
2024-09-16 09:33:00+00:00,RDFN,14.458399772644043,14.458399772644043,14.539899826049805,14.40999984741211,14.529999732971191,99227.0
2024-09-16 09:33:00+00:00,REAX,5.849999904632568,5.849999904632568,5.880000114440918,5.800000190734863,5.809999942779541,36818.0
2024-09-16 09:33:00+00:00,REFI,15.984999656677246,15.984999656677246,15.984999656677246,15.984999656677246,15.984999656677246,246.0
2024-09-16 09:33:00+00:00,REG,75.15499877929688,75.15499877929688,75.16999816894531,75.06999969482422,75.16999816894531,941.0
2024-09-16 09:33:00+00:00,RMR,25.510000228881836,25.510000228881836,25.510000228881836,25.510000228881836,25.510000228881836,214.0
2024-09-16 09:33:00+00:00,SBAC,246.0800018310547,246.0800018310547,246.0800018310547,246.0800018310547,246.0800018310547,809.0
2024-09-16 09:33:00+00:00,SBRA,18.68000030517578,18.68000030517578,18.69099998474121,18.68000030517578,18.69099998474121,1890.0
2024-09-16 09:33:00+00:00,SOHO,1.1891000270843506,1.1891000270843506,1.1891000270843506,1.1891000270843506,1.1891000270843506,2542.0
2024-09-16 09:33:00+00:00,UNIT,5.34499979019165,5.34499979019165,5.380000114440918,5.34499979019165,5.375,14501.0
2024-09-16 09:33:00+00:00,WHLR,6.279900074005127,6.279900074005127,6.320000171661377,6.139999866485596,6.199999809265137,11732.0
2024-09-16 09:34:00+00:00,AFCG,10.40999984741211,10.40999984741211,10.40999984741211,10.369999885559082,10.369999885559082,1215.0
2024-09-16 09:34:00+00:00,AGNC,10.444999694824219,10.444999694824219,10.449999809265137,10.425000190734863,10.425000190734863,115561.0
2024-09-16 09:34:00+00:00,CSGP,80.3740005493164,80.3740005493164,80.3740005493164,80.2300033569336,80.2300033569336,1069.0
2024-09-16 09:34:00+00:00,DUO,0.44999998807907104,0.44999998807907104,0.4523000121116638,0.44999998807907104,0.4523000121116638,7750.0
2024-09-16 09:34:00+00:00,EXPI,14.553000450134277,14.553000450134277,14.553000450134277,14.40999984741211,14.449999809265137,27472.0
2024-09-16 09:34:00+00:00,GLPI,52.005001068115234,52.005001068115234,52.060001373291016,52.005001068115234,52.060001373291016,1506.0
2024-09-16 09:34:00+00:00,GOOD,16.11840057373047,16.11840057373047,16.11840057373047,16.11840057373047,16.11840057373047,298.0
2024-09-16 09:34:00+00:00,HST,17.565000534057617,17.565000534057617,17.56999969482422,17.559999465942383,17.56999969482422,2679.0
2024-09-16 09:34:00+00:00,ILPT,5.170000076293945,5.170000076293945,5.170000076293945,5.159999847412109,5.170000076293945,1296.0
2024-09-16 09:34:00+00:00,LAND,14.82979965209961,14.82979965209961,14.82979965209961,14.82979965209961,14.82979965209961,427.0
2024-09-16 09:34:00+00:00,NYMTL,20.992599487304688,20.992599487304688,20.992599487304688,20.992599487304688,20.992599487304688,130.0
2024-09-16 09:34:00+00:00,NYMTM,24.236900329589844,24.236900329589844,24.236900329589844,24.236900329589844,24.236900329589844,240.0
2024-09-16 09:34:00+00:00,OPEN,2.2149999141693115,2.2149999141693115,2.219899892807007,2.200000047683716,2.2100000381469727,194111.0
2024-09-16 09:34:00+00:00,PCH,45.470001220703125,45.470001220703125,45.58000183105469,45.470001220703125,45.58000183105469,3040.0
2024-09-16 09:34:00+00:00,RDFN,14.399999618530273,14.399999618530273,14.489999771118164,14.380000114440918,14.4399995803833,31653.0
2024-09-16 09:34:00+00:00,REG,75.15499877929688,75.15499877929688,75.15499877929688,75.15499877929688,75.15499877929688,304.0
2024-09-16 09:34:00+00:00,ROIC,16.020000457763672,16.020000457763672,16.020000457763672,16.020000457763672,16.020000457763672,1114.0
2024-09-16 09:34:00+00:00,SBAC,246.7100067138672,246.7100067138672,246.7100067138672,246.0800018310547,246.0800018310547,1091.0
2024-09-16 09:34:00+00:00,SBRA,18.719999313354492,18.719999313354492,18.719999313354492,18.68000030517578,18.68000030517578,4272.0
2024-09-16 09:34:00+00:00,SQFT,0.7299000024795532,0.7299000024795532,0.7299000024795532,0.7299000024795532,0.7299000024795532,1001.0
2024-09-16 09:34:00+00:00,SVC,4.605000019073486,4.605000019073486,4.605000019073486,4.605000019073486,4.605000019073486,319.0
2024-09-16 09:34:00+00:00,UNIT,5.380000114440918,5.380000114440918,5.380000114440918,5.349999904632568,5.349999904632568,8972.0
2024-09-16 09:34:00+00:00,WHLR,6.489999771118164,6.489999771118164,6.489999771118164,6.25,6.28000020980835,23298.0
2024-09-16 09:35:00+00:00,AEI,1.1399999856948853,1.1399999856948853,1.1399999856948853,1.100000023841858,1.100000023841858,1778.0
2024-09-16 09:35:00+00:00,AGNC,10.4350004196167,10.4350004196167,10.449999809265137,10.430899620056152,10.444999694824219,98477.0
2024-09-16 09:35:00+00:00,CSGP,80.2300033569336,80.2300033569336,80.2300033569336,80.2300033569336,80.2300033569336,1108.0
2024-09-16 09:35:00+00:00,DHC,3.549999952316284,3.549999952316284,3.559999942779541,3.549999952316284,3.559999942779541,1700.0
2024-09-16 09:35:00+00:00,DUO,0.4300000071525574,0.4300000071525574,0.4300000071525574,0.4300000071525574,0.4300000071525574,20246.0
2024-09-16 09:35:00+00:00,EXPI,14.399999618530273,14.399999618530273,14.550000190734863,14.399999618530273,14.489999771118164,11063.0
2024-09-16 09:35:00+00:00,FSV,182.875,182.875,182.875,182.86000061035156,182.86000061035156,0.0
2024-09-16 09:35:00+00:00,FTHM,2.920799970626831,2.920799970626831,2.9481000900268555,2.920799970626831,2.9481000900268555,2290.0
2024-09-16 09:35:00+00:00,GIPR,2.2249999046325684,2.2249999046325684,2.2249999046325684,2.2249999046325684,2.2249999046325684,336.0
2024-09-16 09:35:00+00:00,GLPI,51.88999938964844,51.88999938964844,51.9900016784668,51.88999938964844,51.9900016784668,5236.0
2024-09-16 09:35:00+00:00,HST,17.565000534057617,17.565000534057617,17.565000534057617,17.53499984741211,17.559999465942383,3224.0
2024-09-16 09:35:00+00:00,ILPT,5.179999828338623,5.179999828338623,5.179999828338623,5.179500102996826,5.179500102996826,1428.0
2024-09-16 09:35:00+00:00,LAMR,130.0449981689453,130.0449981689453,130.0449981689453,130.0449981689453,130.0449981689453,294.0
2024-09-16 09:35:00+00:00,NMRK,14.970000267028809,14.970000267028809,14.979999542236328,14.970000267028809,14.979999542236328,2152.0
2024-09-16 09:35:00+00:00,NYMTM,24.22170066833496,24.22170066833496,24.22170066833496,24.22170066833496,24.22170066833496,439.0
2024-09-16 09:35:00+00:00,OPEN,2.2049999237060547,2.2049999237060547,2.2172000408172607,2.200000047683716,2.2172000408172607,98891.0
2024-09-16 09:35:00+00:00,OPI,2.190000057220459,2.190000057220459,2.200000047683716,2.184999942779541,2.184999942779541,5675.0
2024-09-16 09:35:00+00:00,PECO,39.064998626708984,39.064998626708984,39.064998626708984,39.064998626708984,39.064998626708984,1756.0
2024-09-16 09:35:00+00:00,RDFN,14.329999923706055,14.329999923706055,14.41100025177002,14.25529956817627,14.40999984741211,79222.0
2024-09-16 09:35:00+00:00,REAX,5.869999885559082,5.869999885559082,5.909999847412109,5.869999885559082,5.889999866485596,3218.0
2024-09-16 09:35:00+00:00,REG,75.2300033569336,75.2300033569336,75.2300033569336,75.19000244140625,75.20999908447266,4607.0
2024-09-16 09:35:00+00:00,SBAC,247.09500122070312,247.09500122070312,247.09500122070312,246.58999633789062,246.7899932861328,3112.0
2024-09-16 09:35:00+00:00,SBRA,18.719999313354492,18.719999313354492,18.719999313354492,18.719999313354492,18.719999313354492,551.0
2024-09-16 09:35:00+00:00,SOHO,1.2000000476837158,1.2000000476837158,1.2000000476837158,1.2000000476837158,1.2000000476837158,0.0
2024-09-16 09:35:00+00:00,SVC,4.59499979019165,4.59499979019165,4.599999904632568,4.59499979019165,4.599999904632568,616.0
2024-09-16 09:35:00+00:00,UNIT,5.360000133514404,5.360000133514404,5.360000133514404,5.360000133514404,5.360000133514404,5799.0
2024-09-16 09:35:00+00:00,WHLR,6.625,6.625,6.690000057220459,6.420000076293945,6.429999828338623,42273.0
2024-09-16 09:36:00+00:00,AEI,1.1299999952316284,1.1299999952316284,1.1365000009536743,1.1299999952316284,1.1365000009536743,301.0
2024-09-16 09:36:00+00:00,AFCG,10.379899978637695,10.379899978637695,10.379899978637695,10.375,10.375,459.0
2024-09-16 09:36:00+00:00,AGNC,10.449999809265137,10.449999809265137,10.449999809265137,10.4350004196167,10.4350004196167,56014.0
2024-09-16 09:36:00+00:00,AGNCP,24.459999084472656,24.459999084472656,24.459999084472656,24.459999084472656,24.459999084472656,114.0
2024-09-16 09:36:00+00:00,CSGP,80.0999984741211,80.0999984741211,80.0999984741211,80.05500030517578,80.05999755859375,850.0
2024-09-16 09:36:00+00:00,DHC,3.549999952316284,3.549999952316284,3.549999952316284,3.549999952316284,3.549999952316284,0.0
2024-09-16 09:36:00+00:00,DUO,0.4300000071525574,0.4300000071525574,0.4300000071525574,0.4300000071525574,0.4300000071525574,848.0
2024-09-16 09:36:00+00:00,EXPI,14.359999656677246,14.359999656677246,14.390000343322754,14.289999961853027,14.390000343322754,6832.0
2024-09-16 09:36:00+00:00,FTHM,2.930000066757202,2.930000066757202,2.930000066757202,2.930000066757202,2.930000066757202,1200.0
2024-09-16 09:36:00+00:00,GLPI,51.900001525878906,51.900001525878906,51.939998626708984,51.88999938964844,51.939998626708984,2364.0
2024-09-16 09:36:00+00:00,GOOD,16.100000381469727,16.100000381469727,16.100000381469727,16.100000381469727,16.100000381469727,375.0
2024-09-16 09:36:00+00:00,HST,17.549999237060547,17.549999237060547,17.565000534057617,17.510000228881836,17.565000534057617,12589.0
2024-09-16 09:36:00+00:00,LAND,14.819999694824219,14.819999694824219,14.819999694824219,14.819999694824219,14.819999694824219,405.0
2024-09-16 09:36:00+00:00,NMRK,14.975000381469727,14.975000381469727,14.975000381469727,14.975000381469727,14.975000381469727,907.0
2024-09-16 09:36:00+00:00,OPEN,2.198199987411499,2.198199987411499,2.2100000381469727,2.190000057220459,2.2100000381469727,250775.0
2024-09-16 09:36:00+00:00,OPI,2.194999933242798,2.194999933242798,2.194999933242798,2.194999933242798,2.194999933242798,2533.0
2024-09-16 09:36:00+00:00,PCH,45.349998474121094,45.349998474121094,45.505001068115234,45.349998474121094,45.349998474121094,403.0
2024-09-16 09:36:00+00:00,RDFN,14.300000190734863,14.300000190734863,14.4399995803833,14.270000457763672,14.329999923706055,34116.0
2024-09-16 09:36:00+00:00,REAX,5.849999904632568,5.849999904632568,5.864999771118164,5.849999904632568,5.864999771118164,2470.0
2024-09-16 09:36:00+00:00,REFI,15.989999771118164,15.989999771118164,15.989999771118164,15.989999771118164,15.989999771118164,676.0
2024-09-16 09:36:00+00:00,SBAC,246.85000610351562,246.85000610351562,246.85000610351562,246.83999633789062,246.85000610351562,587.0
2024-09-16 09:36:00+00:00,SBRA,18.700000762939453,18.700000762939453,18.711200714111328,18.700000762939453,18.711200714111328,3193.0
2024-09-16 09:36:00+00:00,SOHO,1.2000000476837158,1.2000000476837158,1.2000000476837158,1.2000000476837158,1.2000000476837158,1406.0
2024-09-16 09:36:00+00:00,SVC,4.590000152587891,4.590000152587891,4.599999904632568,4.590000152587891,4.599999904632568,3661.0
2024-09-16 09:36:00+00:00,UNIT,5.329999923706055,5.329999923706055,5.349999904632568,5.329999923706055,5.349999904632568,5267.0
2024-09-16 09:36:00+00:00,WHLR,6.55079984664917,6.55079984664917,6.808700084686279,6.420000076293945,6.690000057220459,62401.0
2024-09-16 09:37:00+00:00,AFCG,10.369999885559082,10.369999885559082,10.369999885559082,10.369999885559082,10.369999885559082,118.0
2024-09-16 09:37:00+00:00,AGNC,10.440099716186523,10.440099716186523,10.449999809265137,10.430100440979004,10.4399995803833,53220.0
2024-09-16 09:37:00+00:00,BPYPO,13.921099662780762,13.921099662780762,13.921099662780762,13.921099662780762,13.921099662780762,0.0
2024-09-16 09:37:00+00:00,CSGP,80.11000061035156,80.11000061035156,80.11000061035156,80.11000061035156,80.11000061035156,617.0
2024-09-16 09:37:00+00:00,DHC,3.559999942779541,3.559999942779541,3.559999942779541,3.559999942779541,3.559999942779541,120.0
2024-09-16 09:37:00+00:00,EXPI,14.359999656677246,14.359999656677246,14.359999656677246,14.329999923706055,14.350000381469727,1145.0
2024-09-16 09:37:00+00:00,FTHM,2.9200000762939453,2.9200000762939453,2.930000066757202,2.9200000762939453,2.930000066757202,0.0
2024-09-16 09:37:00+00:00,GIPR,2.2100000381469727,2.2100000381469727,2.2100000381469727,2.2100000381469727,2.2100000381469727,289.0
2024-09-16 09:37:00+00:00,GLPI,51.81999969482422,51.81999969482422,51.900001525878906,51.79999923706055,51.900001525878906,2204.0
2024-09-16 09:37:00+00:00,GOOD,16.09000015258789,16.09000015258789,16.09000015258789,16.09000015258789,16.09000015258789,627.0
2024-09-16 09:37:00+00:00,HST,17.549999237060547,17.549999237060547,17.549999237060547,17.520000457763672,17.549999237060547,12474.0
2024-09-16 09:37:00+00:00,ILPT,5.158999919891357,5.158999919891357,5.170000076293945,5.158999919891357,5.170000076293945,9934.0
2024-09-16 09:37:00+00:00,LAND,14.819999694824219,14.819999694824219,14.819999694824219,14.819999694824219,14.819999694824219,225.0
2024-09-16 09:37:00+00:00,NMRK,14.979999542236328,14.979999542236328,14.979999542236328,14.979999542236328,14.979999542236328,450.0
2024-09-16 09:37:00+00:00,OPEN,2.184999942779541,2.184999942779541,2.200000047683716,2.180000066757202,2.194999933242798,155495.0
2024-09-16 09:37:00+00:00,OPI,2.199899911880493,2.199899911880493,2.199899911880493,2.199199914932251,2.199199914932251,531.0
2024-09-16 09:37:00+00:00,PCH,45.38999938964844,45.38999938964844,45.505001068115234,45.36000061035156,45.505001068115234,1412.0
2024-09-16 09:37:00+00:00,PECO,38.9833984375,38.9833984375,38.9833984375,38.9833984375,38.9833984375,3282.0
2024-09-16 09:37:00+00:00,RDFN,14.163999557495117,14.163999557495117,14.279999732971191,14.130000114440918,14.279999732971191,63144.0
2024-09-16 09:37:00+00:00,REAX,5.909999847412109,5.909999847412109,5.909999847412109,5.864999771118164,5.864999771118164,3104.0
2024-09-16 09:37:00+00:00,REG,74.80000305175781,74.80000305175781,74.87000274658203,74.80000305175781,74.87000274658203,1324.0
2024-09-16 09:37:00+00:00,SBAC,246.5399932861328,246.5399932861328,247.02000427246094,246.5399932861328,246.6999969482422,4920.0
2024-09-16 09:37:00+00:00,SBRA,18.665000915527344,18.665000915527344,18.704999923706055,18.665000915527344,18.690000534057617,5989.0
2024-09-16 09:37:00+00:00,STRS,27.399999618530273,27.399999618530273,27.399999618530273,27.399999618530273,27.399999618530273,536.0
2024-09-16 09:37:00+00:00,SVC,4.569799900054932,4.569799900054932,4.570000171661377,4.569799900054932,4.570000171661377,966.0
2024-09-16 09:37:00+00:00,UNIT,5.329999923706055,5.329999923706055,5.329999923706055,5.320000171661377,5.324999809265137,16026.0
2024-09-16 09:37:00+00:00,WHLR,6.112199783325195,6.112199783325195,6.55810022354126,6.112199783325195,6.55810022354126,24300.0
2024-09-16 09:38:00+00:00,AFCG,10.369999885559082,10.369999885559082,10.369999885559082,10.369999885559082,10.369999885559082,258.0
2024-09-16 09:38:00+00:00,AGNC,10.435099601745605,10.435099601745605,10.449999809265137,10.430000305175781,10.440199851989746,77805.0
2024-09-16 09:38:00+00:00,AGNCO,25.200000762939453,25.200000762939453,25.200000762939453,25.200000762939453,25.200000762939453,301.0
2024-09-16 09:38:00+00:00,CSGP,80.0,80.0,80.05000305175781,80.0,80.05000305175781,2638.0
2024-09-16 09:38:00+00:00,DHC,3.559999942779541,3.559999942779541,3.559999942779541,3.559999942779541,3.559999942779541,200.0
2024-09-16 09:38:00+00:00,EXPI,14.329999923706055,14.329999923706055,14.329999923706055,14.318599700927734,14.318599700927734,926.0
2024-09-16 09:38:00+00:00,FTHM,2.930000066757202,2.930000066757202,2.930000066757202,2.930000066757202,2.930000066757202,824.0
2024-09-16 09:38:00+00:00,GLPI,51.79999923706055,51.79999923706055,51.79999923706055,51.779998779296875,51.79999923706055,2554.0
2024-09-16 09:38:00+00:00,HST,17.530000686645508,17.530000686645508,17.549999237060547,17.520000457763672,17.549999237060547,5605.0
2024-09-16 09:38:00+00:00,ILPT,5.150000095367432,5.150000095367432,5.150000095367432,5.150000095367432,5.150000095367432,412.0
2024-09-16 09:38:00+00:00,LAND,14.859999656677246,14.859999656677246,14.859999656677246,14.850000381469727,14.850000381469727,451.0
2024-09-16 09:38:00+00:00,NMRK,14.982500076293945,14.982500076293945,14.982500076293945,14.982500076293945,14.982500076293945,1347.0
2024-09-16 09:38:00+00:00,OPEN,2.174999952316284,2.174999952316284,2.200000047683716,2.174999952316284,2.184999942779541,206140.0
2024-09-16 09:38:00+00:00,PCH,45.36000061035156,45.36000061035156,45.474998474121094,45.36000061035156,45.474998474121094,330.0
2024-09-16 09:38:00+00:00,RDFN,14.130000114440918,14.130000114440918,14.25,14.100000381469727,14.15999984741211,58741.0
2024-09-16 09:38:00+00:00,REFI,15.995800018310547,15.995800018310547,15.995800018310547,15.995800018310547,15.995800018310547,1147.0
2024-09-16 09:38:00+00:00,REG,74.74500274658203,74.74500274658203,74.80500030517578,74.74500274658203,74.80500030517578,357.0
2024-09-16 09:38:00+00:00,RMR,25.420000076293945,25.420000076293945,25.420000076293945,25.350000381469727,25.360000610351562,1301.0
2024-09-16 09:38:00+00:00,SBAC,245.8300018310547,245.8300018310547,246.25,245.8300018310547,246.25,1169.0
2024-09-16 09:38:00+00:00,SBRA,18.667600631713867,18.667600631713867,18.667600631713867,18.645000457763672,18.65999984741211,5470.0
2024-09-16 09:38:00+00:00,SVC,4.559999942779541,4.559999942779541,4.559999942779541,4.559999942779541,4.559999942779541,439.0
2024-09-16 09:38:00+00:00,UNIT,5.3454999923706055,5.3454999923706055,5.349999904632568,5.34499979019165,5.34499979019165,1041.0
2024-09-16 09:38:00+00:00,WHLR,6.499000072479248,6.499000072479248,6.5,6.120100021362305,6.120100021362305,28295.0
2024-09-16 09:39:00+00:00,AGNC,10.425299644470215,10.425299644470215,10.439900398254395,10.425000190734863,10.430000305175781,79105.0
2024-09-16 09:39:00+00:00,BPYPO,13.930000305175781,13.930000305175781,13.930000305175781,13.729999542236328,13.927800178527832,2540.0
2024-09-16 09:39:00+00:00,CSGP,79.94000244140625,79.94000244140625,79.94000244140625,79.94000244140625,79.94000244140625,218.0
2024-09-16 09:39:00+00:00,DHC,3.559999942779541,3.559999942779541,3.559999942779541,3.549999952316284,3.549999952316284,405.0
2024-09-16 09:39:00+00:00,DUO,0.4399999976158142,0.4399999976158142,0.4399999976158142,0.4399999976158142,0.4399999976158142,178.0
2024-09-16 09:39:00+00:00,EQIX,873.3499755859375,873.3499755859375,873.3499755859375,873.3499755859375,873.3499755859375,1287.0
2024-09-16 09:39:00+00:00,EXPI,14.359999656677246,14.359999656677246,14.359999656677246,14.359999656677246,14.359999656677246,266.0
2024-09-16 09:39:00+00:00,FTHM,2.940000057220459,2.940000057220459,2.940000057220459,2.930000066757202,2.930000066757202,107.0
2024-09-16 09:39:00+00:00,GIPR,2.2318999767303467,2.2318999767303467,2.2318999767303467,2.2318999767303467,2.2318999767303467,450.0
2024-09-16 09:39:00+00:00,GLPI,51.77000045776367,51.77000045776367,51.80500030517578,51.77000045776367,51.80500030517578,977.0
2024-09-16 09:39:00+00:00,GOOD,16.09000015258789,16.09000015258789,16.09000015258789,16.09000015258789,16.09000015258789,191.0
2024-09-16 09:39:00+00:00,HST,17.520000457763672,17.520000457763672,17.524999618530273,17.520000457763672,17.524900436401367,2910.0
2024-09-16 09:39:00+00:00,ILPT,5.150000095367432,5.150000095367432,5.150000095367432,5.150000095367432,5.150000095367432,10181.0
2024-09-16 09:39:00+00:00,LAMR,129.57009887695312,129.57009887695312,129.57009887695312,129.57009887695312,129.57009887695312,454.0
2024-09-16 09:39:00+00:00,NMRK,14.960000038146973,14.960000038146973,14.960000038146973,14.960000038146973,14.960000038146973,333.0
2024-09-16 09:39:00+00:00,NYMTZ,20.5,20.5,20.5,20.5,20.5,100.0
2024-09-16 09:39:00+00:00,OPEN,2.1802000999450684,2.1802000999450684,2.190000057220459,2.1700000762939453,2.180000066757202,117971.0
2024-09-16 09:39:00+00:00,OPI,2.2100000381469727,2.2100000381469727,2.2100000381469727,2.200000047683716,2.200000047683716,1831.0
2024-09-16 09:39:00+00:00,PCH,45.349998474121094,45.349998474121094,45.349998474121094,45.349998474121094,45.349998474121094,504.0
2024-09-16 09:39:00+00:00,RDFN,14.145000457763672,14.145000457763672,14.170000076293945,14.093999862670898,14.135000228881836,42300.0
2024-09-16 09:39:00+00:00,REAX,5.869999885559082,5.869999885559082,5.869999885559082,5.869999885559082,5.869999885559082,954.0
2024-09-16 09:39:00+00:00,REG,74.72000122070312,74.72000122070312,74.72000122070312,74.66000366210938,74.70999908447266,4074.0
2024-09-16 09:39:00+00:00,SBAC,246.05999755859375,246.05999755859375,246.16000366210938,245.77499389648438,245.8000030517578,2033.0
2024-09-16 09:39:00+00:00,SBRA,18.65999984741211,18.65999984741211,18.65999984741211,18.65999984741211,18.65999984741211,102.0
2024-09-16 09:39:00+00:00,SELF,5.179999828338623,5.179999828338623,5.179999828338623,5.178999900817871,5.178999900817871,1900.0
2024-09-16 09:39:00+00:00,SVC,4.570000171661377,4.570000171661377,4.570000171661377,4.565000057220459,4.565000057220459,1481.0
2024-09-16 09:39:00+00:00,UNIT,5.329999923706055,5.329999923706055,5.340000152587891,5.329999923706055,5.335000038146973,6096.0
2024-09-16 09:39:00+00:00,WHLR,6.476500034332275,6.476500034332275,6.5,6.301300048828125,6.5,16837.0
2024-09-16 09:40:00+00:00,AFCG,10.369999885559082,10.369999885559082,10.369999885559082,10.369999885559082,10.369999885559082,127.0
2024-09-16 09:40:00+00:00,AGNC,10.429900169372559,10.429900169372559,10.430000305175781,10.420000076293945,10.420299530029297,36017.0
2024-09-16 09:40:00+00:00,BPYPO,14.010000228881836,14.010000228881836,14.050000190734863,13.845600128173828,13.930000305175781,3614.0
2024-09-16 09:40:00+00:00,CIGI,147.13999938964844,147.13999938964844,147.13999938964844,147.13999938964844,147.13999938964844,434.0
2024-09-16 09:40:00+00:00,CSGP,79.86000061035156,79.86000061035156,79.95500183105469,79.86000061035156,79.95079803466797,1077.0
2024-09-16 09:40:00+00:00,DHC,3.5299999713897705,3.5299999713897705,3.5399999618530273,3.5299999713897705,3.5399999618530273,1121.0
2024-09-16 09:40:00+00:00,EXPI,14.210000038146973,14.210000038146973,14.350000381469727,14.199999809265137,14.350000381469727,3955.0
2024-09-16 09:40:00+00:00,FTHM,2.949899911880493,2.949899911880493,2.949899911880493,2.949899911880493,2.949899911880493,746.0
2024-09-16 09:40:00+00:00,GIPR,2.2200000286102295,2.2200000286102295,2.2200000286102295,2.2200000286102295,2.2200000286102295,347.0
2024-09-16 09:40:00+00:00,GLPI,51.720001220703125,51.720001220703125,51.72999954223633,51.70000076293945,51.720001220703125,2989.0
2024-09-16 09:40:00+00:00,GOOD,16.079999923706055,16.079999923706055,16.079999923706055,16.079999923706055,16.079999923706055,1862.0
2024-09-16 09:40:00+00:00,HST,17.520000457763672,17.520000457763672,17.520000457763672,17.510000228881836,17.520000457763672,4896.0
2024-09-16 09:40:00+00:00,ILPT,5.170000076293945,5.170000076293945,5.170000076293945,5.139999866485596,5.139999866485596,2758.0
2024-09-16 09:40:00+00:00,LAMR,129.5800018310547,129.5800018310547,129.5800018310547,129.5800018310547,129.5800018310547,1160.0
2024-09-16 09:40:00+00:00,LAND,14.84000015258789,14.84000015258789,14.84000015258789,14.84000015258789,14.84000015258789,1148.0
2024-09-16 09:40:00+00:00,NMRK,14.920000076293945,14.920000076293945,14.949999809265137,14.920000076293945,14.949999809265137,2445.0
2024-09-16 09:40:00+00:00,NYMT,6.590000152587891,6.590000152587891,6.599999904632568,6.590000152587891,6.599999904632568,655.0
2024-09-16 09:40:00+00:00,OPEN,2.1600000858306885,2.1600000858306885,2.186800003051758,2.1600000858306885,2.184999942779541,191110.0
2024-09-16 09:40:00+00:00,RDFN,14.097700119018555,14.097700119018555,14.138799667358398,14.03499984741211,14.138799667358398,46121.0
2024-09-16 09:40:00+00:00,REG,74.69499969482422,74.69499969482422,74.69499969482422,74.69499969482422,74.69499969482422,534.0
2024-09-16 09:40:00+00:00,SBAC,245.81500244140625,245.81500244140625,246.34500122070312,245.81500244140625,246.34500122070312,1727.0
2024-09-16 09:40:00+00:00,SBRA,18.645000457763672,18.645000457763672,18.65999984741211,18.645000457763672,18.65999984741211,882.0
2024-09-16 09:40:00+00:00,SELF,5.179999828338623,5.179999828338623,5.179999828338623,5.179999828338623,5.179999828338623,431.0
2024-09-16 09:40:00+00:00,SOHO,1.1999000310897827,1.1999000310897827,1.1999000310897827,1.1950000524520874,1.1950000524520874,2582.0
2024-09-16 09:40:00+00:00,SVC,4.569699764251709,4.569699764251709,4.570000171661377,4.569699764251709,4.570000171661377,1831.0
2024-09-16 09:40:00+00:00,UNIT,5.329999923706055,5.329999923706055,5.340000152587891,5.329999923706055,5.329999923706055,6677.0
2024-09-16 09:40:00+00:00,WHLR,6.545000076293945,6.545000076293945,6.570000171661377,6.433599948883057,6.445000171661377,21412.0
2024-09-16 09:41:00+00:00,AGNC,10.42870044708252,10.42870044708252,10.430000305175781,10.420000076293945,10.420100212097168,20624.0
2024-09-16 09:41:00+00:00,AGNCL,24.450000762939453,24.450000762939453,24.450000762939453,24.450000762939453,24.450000762939453,0.0
2024-09-16 09:41:00+00:00,AGNCO,25.17300033569336,25.17300033569336,25.17300033569336,25.17300033569336,25.17300033569336,400.0
2024-09-16 09:41:00+00:00,BPYPN,12.744999885559082,12.744999885559082,12.744999885559082,12.649999618530273,12.649999618530273,0.0
2024-09-16 09:41:00+00:00,BPYPO,14.050000190734863,14.050000190734863,14.059900283813477,14.02239990234375,14.059900283813477,2957.0
2024-09-16 09:41:00+00:00,CMCT,2.005000114440918,2.005000114440918,2.005000114440918,2.005000114440918,2.005000114440918,0.0
2024-09-16 09:41:00+00:00,CSGP,79.9000015258789,79.9000015258789,79.9000015258789,79.9000015258789,79.9000015258789,1490.0
2024-09-16 09:41:00+00:00,DHC,3.5199999809265137,3.5199999809265137,3.5199999809265137,3.5199999809265137,3.5199999809265137,200.0
2024-09-16 09:41:00+00:00,DUO,0.4399999976158142,0.4399999976158142,0.4399999976158142,0.4399999976158142,0.4399999976158142,10844.0
2024-09-16 09:41:00+00:00,EXPI,14.220000267028809,14.220000267028809,14.220000267028809,14.220000267028809,14.220000267028809,157.0
2024-09-16 09:41:00+00:00,FSV,182.74000549316406,182.74000549316406,182.74000549316406,182.74000549316406,182.74000549316406,360.0
2024-09-16 09:41:00+00:00,GLPI,51.70000076293945,51.70000076293945,51.720001220703125,51.70000076293945,51.720001220703125,2988.0
2024-09-16 09:41:00+00:00,GOOD,16.09000015258789,16.09000015258789,16.09000015258789,16.079999923706055,16.079999923706055,0.0
2024-09-16 09:41:00+00:00,HST,17.5575008392334,17.5575008392334,17.559999465942383,17.520000457763672,17.520000457763672,13082.0
2024-09-16 09:41:00+00:00,NMRK,14.930000305175781,14.930000305175781,14.930000305175781,14.930000305175781,14.930000305175781,709.0
2024-09-16 09:41:00+00:00,OPEN,2.1649999618530273,2.1649999618530273,2.18969988822937,2.1600000858306885,2.1700000762939453,172967.0
2024-09-16 09:41:00+00:00,PCH,45.31999969482422,45.31999969482422,45.31999969482422,45.31999969482422,45.31999969482422,793.0
2024-09-16 09:41:00+00:00,RDFN,13.984999656677246,13.984999656677246,14.149999618530273,13.9399995803833,14.100000381469727,92500.0
2024-09-16 09:41:00+00:00,REAX,5.829999923706055,5.829999923706055,5.860000133514404,5.829999923706055,5.860000133514404,2190.0
2024-09-16 09:41:00+00:00,REFI,15.9399995803833,15.9399995803833,15.9399995803833,15.9399995803833,15.9399995803833,454.0
2024-09-16 09:41:00+00:00,REG,74.66500091552734,74.66500091552734,74.66500091552734,74.66500091552734,74.66500091552734,115.0
2024-09-16 09:41:00+00:00,SBAC,245.80499267578125,245.80499267578125,245.9499969482422,245.50999450683594,245.55999755859375,4565.0
2024-09-16 09:41:00+00:00,SBRA,18.625,18.625,18.639999389648438,18.625,18.639999389648438,785.0
2024-09-16 09:41:00+00:00,SOHO,1.2200000286102295,1.2200000286102295,1.2200000286102295,1.1999000310897827,1.1999000310897827,2198.0
2024-09-16 09:41:00+00:00,SVC,4.570000171661377,4.570000171661377,4.570000171661377,4.570000171661377,4.570000171661377,1469.0
2024-09-16 09:41:00+00:00,UK,1.399999976158142,1.399999976158142,1.399999976158142,1.399999976158142,1.399999976158142,2096.0
2024-09-16 09:41:00+00:00,UNIT,5.329999923706055,5.329999923706055,5.329999923706055,5.329999923706055,5.329999923706055,2499.0
2024-09-16 09:41:00+00:00,WHLR,6.820000171661377,6.820000171661377,6.900000095367432,6.525300025939941,6.569699764251709,83766.0
2024-09-16 09:42:00+00:00,AGNC,10.420100212097168,10.420100212097168,10.430000305175781,10.420000076293945,10.425000190734863,84736.0
2024-09-16 09:42:00+00:00,BPYPN,12.729999542236328,12.729999542236328,12.729999542236328,12.720000267028809,12.720000267028809,172.0
2024-09-16 09:42:00+00:00,BPYPO,13.949999809265137,13.949999809265137,13.949999809265137,13.949999809265137,13.949999809265137,3100.0
2024-09-16 09:42:00+00:00,CIGI,147.01499938964844,147.01499938964844,147.22999572753906,146.8874969482422,146.9149932861328,2937.0
2024-09-16 09:42:00+00:00,CSGP,79.66500091552734,79.66500091552734,79.66500091552734,79.63999938964844,79.66500091552734,515.0
2024-09-16 09:42:00+00:00,DHC,3.5399999618530273,3.5399999618530273,3.5399999618530273,3.5250000953674316,3.5250000953674316,449.0
2024-09-16 09:42:00+00:00,EXPI,14.199999809265137,14.199999809265137,14.199999809265137,14.199999809265137,14.199999809265137,222.0
2024-09-16 09:42:00+00:00,FTHM,2.9149999618530273,2.9149999618530273,2.9149999618530273,2.9149999618530273,2.9149999618530273,0.0
2024-09-16 09:42:00+00:00,GLPI,51.65999984741211,51.65999984741211,51.70000076293945,51.65999984741211,51.689998626708984,2788.0
2024-09-16 09:42:00+00:00,HST,17.524999618530273,17.524999618530273,17.549999237060547,17.524999618530273,17.549999237060547,5317.0
2024-09-16 09:42:00+00:00,LAMR,129.57000732421875,129.57000732421875,129.57000732421875,129.57000732421875,129.57000732421875,113.0
2024-09-16 09:42:00+00:00,NYMT,6.590000152587891,6.590000152587891,6.5991997718811035,6.590000152587891,6.5991997718811035,313.0
2024-09-16 09:42:00+00:00,NYMTZ,20.459999084472656,20.459999084472656,20.459999084472656,20.459999084472656,20.459999084472656,100.0
2024-09-16 09:42:00+00:00,OPEN,2.1600000858306885,2.1600000858306885,2.1700000762939453,2.1600000858306885,2.1700000762939453,206859.0
2024-09-16 09:42:00+00:00,OPI,2.2049999237060547,2.2049999237060547,2.2049999237060547,2.2049999237060547,2.2049999237060547,570.0
2024-09-16 09:42:00+00:00,PECO,38.88999938964844,38.88999938964844,38.88999938964844,38.88999938964844,38.88999938964844,386.0
2024-09-16 09:42:00+00:00,RDFN,13.979999542236328,13.979999542236328,14.029199600219727,13.930000305175781,13.970000267028809,70360.0
2024-09-16 09:42:00+00:00,REFI,15.9399995803833,15.9399995803833,15.9399995803833,15.9399995803833,15.9399995803833,190.0
2024-09-16 09:42:00+00:00,REG,74.52999877929688,74.52999877929688,74.61000061035156,74.52999877929688,74.61000061035156,915.0
2024-09-16 09:42:00+00:00,ROIC,15.920000076293945,15.920000076293945,15.920000076293945,15.920000076293945,15.920000076293945,284.0
2024-09-16 09:42:00+00:00,SBAC,245.85499572753906,245.85499572753906,245.85499572753906,245.63499450683594,245.64500427246094,8939.0
2024-09-16 09:42:00+00:00,SBRA,18.6200008392334,18.6200008392334,18.625,18.6200008392334,18.625,995.0
2024-09-16 09:42:00+00:00,SOHO,1.2199000120162964,1.2199000120162964,1.2200000286102295,1.2197999954223633,1.2197999954223633,848.0
2024-09-16 09:42:00+00:00,SQFT,0.7275000214576721,0.7275000214576721,0.7275000214576721,0.7275000214576721,0.7275000214576721,201.0
2024-09-16 09:42:00+00:00,UNIT,5.340000152587891,5.340000152587891,5.34499979019165,5.329999923706055,5.329999923706055,15631.0
2024-09-16 09:42:00+00:00,WHLR,7.063499927520752,7.063499927520752,7.139999866485596,6.750100135803223,6.880000114440918,118343.0
2024-09-16 09:43:00+00:00,AFCG,10.369999885559082,10.369999885559082,10.369999885559082,10.369999885559082,10.369999885559082,280.0
2024-09-16 09:43:00+00:00,AGNC,10.425000190734863,10.425000190734863,10.428999900817871,10.414999961853027,10.425000190734863,52557.0
2024-09-16 09:43:00+00:00,BPYPO,14.059900283813477,14.059900283813477,14.059900283813477,14.059900283813477,14.059900283813477,1086.0
2024-09-16 09:43:00+00:00,CIGI,147.0449981689453,147.0449981689453,147.2899932861328,147.0449981689453,147.2899932861328,758.0
2024-09-16 09:43:00+00:00,CSGP,79.75,79.75,79.75,79.66000366210938,79.75,1144.0
2024-09-16 09:43:00+00:00,DHC,3.5350000858306885,3.5350000858306885,3.5350000858306885,3.5350000858306885,3.5350000858306885,504.0
2024-09-16 09:43:00+00:00,DUO,0.4352000057697296,0.4352000057697296,0.4352000057697296,0.4352000057697296,0.4352000057697296,10032.0
2024-09-16 09:43:00+00:00,EXPI,14.234999656677246,14.234999656677246,14.234999656677246,14.234999656677246,14.234999656677246,214.0
2024-09-16 09:43:00+00:00,FTHM,2.9100000858306885,2.9100000858306885,2.940000057220459,2.9100000858306885,2.930000066757202,1368.0
2024-09-16 09:43:00+00:00,GLPI,51.625,51.625,51.65999984741211,51.625,51.65999984741211,1126.0
2024-09-16 09:43:00+00:00,HST,17.530000686645508,17.530000686645508,17.530000686645508,17.514999389648438,17.524999618530273,6725.0
2024-09-16 09:43:00+00:00,LAND,14.788700103759766,14.788700103759766,14.788700103759766,14.788700103759766,14.788700103759766,782.0
2024-09-16 09:43:00+00:00,NMRK,14.930000305175781,14.930000305175781,14.930000305175781,14.930000305175781,14.930000305175781,1198.0
2024-09-16 09:43:00+00:00,NYMT,6.590000152587891,6.590000152587891,6.590000152587891,6.590000152587891,6.590000152587891,364.0
2024-09-16 09:43:00+00:00,NYMTZ,20.5,20.5,20.5,20.5,20.5,3088.0
2024-09-16 09:43:00+00:00,OPEN,2.1698999404907227,2.1698999404907227,2.1700000762939453,2.1600000858306885,2.1649999618530273,77968.0
2024-09-16 09:43:00+00:00,RDFN,14.0,14.0,14.039999961853027,13.960000038146973,13.961600303649902,55771.0
2024-09-16 09:43:00+00:00,ROIC,15.90999984741211,15.90999984741211,15.90999984741211,15.90999984741211,15.90999984741211,154.0
2024-09-16 09:43:00+00:00,SBAC,245.36000061035156,245.36000061035156,245.86000061035156,245.36000061035156,245.74000549316406,9404.0
2024-09-16 09:43:00+00:00,SBRA,18.60260009765625,18.60260009765625,18.610000610351562,18.600000381469727,18.610000610351562,1743.0
2024-09-16 09:43:00+00:00,SOHO,1.2299000024795532,1.2299000024795532,1.2299000024795532,1.2299000024795532,1.2299000024795532,13233.0
2024-09-16 09:43:00+00:00,SVC,4.565000057220459,4.565000057220459,4.565000057220459,4.565000057220459,4.565000057220459,167.0
2024-09-16 09:43:00+00:00,UNIT,5.340000152587891,5.340000152587891,5.340000152587891,5.340000152587891,5.340000152587891,5504.0
2024-09-16 09:43:00+00:00,WHLR,7.289899826049805,7.289899826049805,7.289999961853027,6.949999809265137,7.119999885559082,187225.0
2024-09-16 09:44:00+00:00,AGNC,10.40999984741211,10.40999984741211,10.428799629211426,10.40999984741211,10.425000190734863,15415.0
2024-09-16 09:44:00+00:00,AGNCN,26.0,26.0,26.0,26.0,26.0,0.0
2024-09-16 09:44:00+00:00,AGNCO,25.150100708007812,25.150100708007812,25.150100708007812,25.150100708007812,25.150100708007812,198.0
2024-09-16 09:44:00+00:00,BPYPN,12.710100173950195,12.710100173950195,12.744999885559082,12.710100173950195,12.744999885559082,596.0
2024-09-16 09:44:00+00:00,BPYPO,14.04990005493164,14.04990005493164,14.04990005493164,14.04990005493164,14.04990005493164,0.0
2024-09-16 09:44:00+00:00,CHCI,8.430800437927246,8.430800437927246,8.430800437927246,8.430800437927246,8.430800437927246,505.0
2024-09-16 09:44:00+00:00,EXPI,14.244999885559082,14.244999885559082,14.244999885559082,14.244999885559082,14.244999885559082,423.0
2024-09-16 09:44:00+00:00,FTHM,2.9200000762939453,2.9200000762939453,2.9200000762939453,2.9100000858306885,2.9100000858306885,343.0
2024-09-16 09:44:00+00:00,GLPI,51.584999084472656,51.584999084472656,51.595001220703125,51.56100082397461,51.58000183105469,3020.0
2024-09-16 09:44:00+00:00,GOOD,16.059999465942383,16.059999465942383,16.059999465942383,16.059999465942383,16.059999465942383,768.0
2024-09-16 09:44:00+00:00,HST,17.529699325561523,17.529699325561523,17.540000915527344,17.5049991607666,17.540000915527344,13962.0
2024-09-16 09:44:00+00:00,LAMR,129.42999267578125,129.42999267578125,129.42999267578125,129.42999267578125,129.42999267578125,709.0
2024-09-16 09:44:00+00:00,LSEA,12.404999732971191,12.404999732971191,12.404999732971191,12.374600410461426,12.374600410461426,1000.0
2024-09-16 09:44:00+00:00,NMRK,14.916000366210938,14.916000366210938,14.929499626159668,14.899999618530273,14.920100212097168,4516.0
2024-09-16 09:44:00+00:00,NYMT,6.595300197601318,6.595300197601318,6.595300197601318,6.595300197601318,6.595300197601318,268.0
2024-09-16 09:44:00+00:00,OPEN,2.170799970626831,2.170799970626831,2.180000066757202,2.1600000858306885,2.1600000858306885,160380.0
2024-09-16 09:44:00+00:00,OPI,2.2100000381469727,2.2100000381469727,2.2100000381469727,2.2100000381469727,2.2100000381469727,859.0
2024-09-16 09:44:00+00:00,PCH,45.30500030517578,45.30500030517578,45.30500030517578,45.30500030517578,45.30500030517578,1910.0
2024-09-16 09:44:00+00:00,PECO,38.92499923706055,38.92499923706055,38.92499923706055,38.869998931884766,38.880001068115234,2099.0
2024-09-16 09:44:00+00:00,RDFN,14.079999923706055,14.079999923706055,14.100000381469727,13.979999542236328,13.99899959564209,52022.0
2024-09-16 09:44:00+00:00,REAX,5.78000020980835,5.78000020980835,5.789999961853027,5.78000020980835,5.789999961853027,685.0
2024-09-16 09:44:00+00:00,REG,74.61499786376953,74.61499786376953,74.61499786376953,74.52999877929688,74.52999877929688,2722.0
2024-09-16 09:44:00+00:00,SBAC,245.61000061035156,245.61000061035156,245.6199951171875,245.51499938964844,245.57000732421875,1471.0
2024-09-16 09:44:00+00:00,SBRA,18.60219955444336,18.60219955444336,18.610000610351562,18.600000381469727,18.600000381469727,10698.0
2024-09-16 09:44:00+00:00,SOHO,1.2299000024795532,1.2299000024795532,1.2299000024795532,1.2299000024795532,1.2299000024795532,0.0
2024-09-16 09:44:00+00:00,SVC,4.550000190734863,4.550000190734863,4.559999942779541,4.550000190734863,4.559999942779541,2803.0
2024-09-16 09:44:00+00:00,UNIT,5.34499979019165,5.34499979019165,5.34499979019165,5.340000152587891,5.340000152587891,5242.0
2024-09-16 09:44:00+00:00,WHLR,7.037300109863281,7.037300109863281,7.389999866485596,6.800000190734863,7.25,230821.0
2024-09-16 09:45:00+00:00,AFCG,10.350000381469727,10.350000381469727,10.350000381469727,10.350000381469727,10.350000381469727,671.0
2024-09-16 09:45:00+00:00,AGNC,10.406599998474121,10.406599998474121,10.420000076293945,10.399999618530273,10.414999961853027,32670.0
2024-09-16 09:45:00+00:00,AGNCP,24.440000534057617,24.440000534057617,24.440000534057617,24.440000534057617,24.440000534057617,1078.0
2024-09-16 09:45:00+00:00,CIGI,146.92999267578125,146.92999267578125,147.17999267578125,146.67999267578125,147.17999267578125,5849.0
2024-09-16 09:45:00+00:00,DHC,3.5399999618530273,3.5399999618530273,3.5399999618530273,3.5399999618530273,3.5399999618530273,224.0
2024-09-16 09:45:00+00:00,DUO,0.4318000078201294,0.4318000078201294,0.4359000027179718,0.4318000078201294,0.43290001153945923,2015.0
2024-09-16 09:45:00+00:00,EXPI,14.420000076293945,14.420000076293945,14.420000076293945,14.279999732971191,14.279999732971191,1895.0
2024-09-16 09:45:00+00:00,GLPI,51.56999969482422,51.56999969482422,51.59000015258789,51.56999969482422,51.59000015258789,702.0
2024-09-16 09:45:00+00:00,HST,17.489999771118164,17.489999771118164,17.524999618530273,17.489999771118164,17.524999618530273,8178.0
2024-09-16 09:45:00+00:00,ILPT,5.170000076293945,5.170000076293945,5.170000076293945,5.160099983215332,5.160099983215332,2350.0
2024-09-16 09:45:00+00:00,NMRK,14.930000305175781,14.930000305175781,14.930000305175781,14.918000221252441,14.918000221252441,2724.0
2024-09-16 09:45:00+00:00,NYMT,6.570000171661377,6.570000171661377,6.570000171661377,6.570000171661377,6.570000171661377,675.0
2024-09-16 09:45:00+00:00,OPEN,2.1740000247955322,2.1740000247955322,2.184999942779541,2.1700000762939453,2.174999952316284,254186.0
2024-09-16 09:45:00+00:00,OPI,2.2149999141693115,2.2149999141693115,2.219399929046631,2.2149999141693115,2.219399929046631,1310.0
2024-09-16 09:45:00+00:00,RDFN,14.148799896240234,14.148799896240234,14.180000305175781,14.119999885559082,14.119999885559082,24078.0
2024-09-16 09:45:00+00:00,REG,74.56999969482422,74.56999969482422,74.58000183105469,74.56999969482422,74.58000183105469,961.0
2024-09-16 09:45:00+00:00,SBAC,245.38999938964844,245.38999938964844,245.52000427246094,245.38999938964844,245.44000244140625,3526.0
2024-09-16 09:45:00+00:00,SBRA,18.59000015258789,18.59000015258789,18.600000381469727,18.584999084472656,18.600000381469727,5644.0
2024-09-16 09:45:00+00:00,SVC,4.550000190734863,4.550000190734863,4.550000190734863,4.550000190734863,4.550000190734863,576.0
2024-09-16 09:45:00+00:00,UNIT,5.349899768829346,5.349899768829346,5.361199855804443,5.34499979019165,5.349999904632568,11187.0
2024-09-16 09:45:00+00:00,WHLR,6.91480016708374,6.91480016708374,7.130000114440918,6.879799842834473,6.970099925994873,115284.0
2024-09-16 09:46:00+00:00,AGNC,10.399999618530273,10.399999618530273,10.409899711608887,10.399999618530273,10.404999732971191,5268.0
2024-09-16 09:46:00+00:00,BPYPN,12.699999809265137,12.699999809265137,12.699999809265137,12.699999809265137,12.699999809265137,200.0
2024-09-16 09:46:00+00:00,BPYPO,14.039999961853027,14.039999961853027,14.055000305175781,14.032299995422363,14.032299995422363,2700.0
2024-09-16 09:46:00+00:00,CSGP,79.61000061035156,79.61000061035156,79.69499969482422,79.61000061035156,79.66999816894531,2834.0
2024-09-16 09:46:00+00:00,EXPI,14.415499687194824,14.415499687194824,14.460000038146973,14.390000343322754,14.460000038146973,2649.0
2024-09-16 09:46:00+00:00,GLPI,51.599998474121094,51.599998474121094,51.599998474121094,51.58000183105469,51.58000183105469,1944.0
2024-09-16 09:46:00+00:00,GOOD,16.020000457763672,16.020000457763672,16.040000915527344,16.020000457763672,16.040000915527344,1996.0
2024-09-16 09:46:00+00:00,HST,17.479999542236328,17.479999542236328,17.5,17.475000381469727,17.479999542236328,14108.0
2024-09-16 09:46:00+00:00,NYMT,6.559999942779541,6.559999942779541,6.559999942779541,6.559999942779541,6.559999942779541,211.0
2024-09-16 09:46:00+00:00,OPEN,2.1449999809265137,2.1449999809265137,2.174999952316284,2.140000104904175,2.1700000762939453,414919.0
2024-09-16 09:46:00+00:00,OPI,2.2149999141693115,2.2149999141693115,2.2149999141693115,2.2149999141693115,2.2149999141693115,1.0
2024-09-16 09:46:00+00:00,PCH,45.40999984741211,45.40999984741211,45.40999984741211,45.290000915527344,45.349998474121094,2352.0
2024-09-16 09:46:00+00:00,PECO,38.90629959106445,38.90629959106445,38.90629959106445,38.90629959106445,38.90629959106445,346.0
2024-09-16 09:46:00+00:00,RDFN,14.059700012207031,14.059700012207031,14.145000457763672,14.029999732971191,14.138999938964844,18967.0
2024-09-16 09:46:00+00:00,REFI,15.969900131225586,15.969900131225586,15.970000267028809,15.944999694824219,15.944999694824219,2603.0
2024-09-16 09:46:00+00:00,SBAC,245.69000244140625,245.69000244140625,245.69000244140625,245.39999389648438,245.39999389648438,12013.0
2024-09-16 09:46:00+00:00,SBRA,18.58009910583496,18.58009910583496,18.600000381469727,18.579999923706055,18.584999084472656,41425.0
2024-09-16 09:46:00+00:00,SEVN,13.84000015258789,13.84000015258789,13.850000381469727,13.84000015258789,13.850000381469727,1047.0
2024-09-16 09:46:00+00:00,SVC,4.554999828338623,4.554999828338623,4.554999828338623,4.554999828338623,4.554999828338623,101.0
2024-09-16 09:46:00+00:00,UNIT,5.349999904632568,5.349999904632568,5.349999904632568,5.343999862670898,5.343999862670898,1726.0
2024-09-16 09:46:00+00:00,WHLR,6.920100212097168,6.920100212097168,7.099999904632568,6.909999847412109,6.980000019073486,82717.0
2024-09-16 09:47:00+00:00,AFCG,10.319999694824219,10.319999694824219,10.343000411987305,10.319999694824219,10.34000015258789,1576.0
2024-09-16 09:47:00+00:00,AGNC,10.395000457763672,10.395000457763672,10.407500267028809,10.390000343322754,10.407500267028809,46375.0
2024-09-16 09:47:00+00:00,AGNCM,25.329999923706055,25.329999923706055,25.329999923706055,25.329999923706055,25.329999923706055,0.0
2024-09-16 09:47:00+00:00,BPYPO,13.907400131225586,13.907400131225586,14.039999961853027,13.907400131225586,14.039999961853027,6256.0
2024-09-16 09:47:00+00:00,CSGP,79.61000061035156,79.61000061035156,79.68000030517578,79.61000061035156,79.66500091552734,1989.0
2024-09-16 09:47:00+00:00,DHC,3.5299999713897705,3.5299999713897705,3.5299999713897705,3.5299999713897705,3.5299999713897705,553.0
2024-09-16 09:47:00+00:00,EXPI,14.404999732971191,14.404999732971191,14.404999732971191,14.404999732971191,14.404999732971191,1761.0
2024-09-16 09:47:00+00:00,FTHM,2.9200000762939453,2.9200000762939453,2.9200000762939453,2.9200000762939453,2.9200000762939453,800.0
2024-09-16 09:47:00+00:00,GLPI,51.54999923706055,51.54999923706055,51.54999923706055,51.529998779296875,51.540000915527344,2818.0
2024-09-16 09:47:00+00:00,HST,17.459999084472656,17.459999084472656,17.470600128173828,17.434999465942383,17.470600128173828,8751.0
2024-09-16 09:47:00+00:00,LAND,14.760000228881836,14.760000228881836,14.760000228881836,14.760000228881836,14.760000228881836,1785.0
2024-09-16 09:47:00+00:00,NMRK,14.914400100708008,14.914400100708008,14.920000076293945,14.914400100708008,14.920000076293945,1936.0
2024-09-16 09:47:00+00:00,NYMT,6.570000171661377,6.570000171661377,6.570000171661377,6.565000057220459,6.565000057220459,1292.0
2024-09-16 09:47:00+00:00,OPEN,2.1500000953674316,2.1500000953674316,2.1600000858306885,2.1301000118255615,2.1449999809265137,408472.0
2024-09-16 09:47:00+00:00,PCH,45.3650016784668,45.3650016784668,45.375,45.3650016784668,45.375,1582.0
2024-09-16 09:47:00+00:00,PECO,38.86000061035156,38.86000061035156,38.900001525878906,38.86000061035156,38.900001525878906,834.0
2024-09-16 09:47:00+00:00,RDFN,14.029999732971191,14.029999732971191,14.104999542236328,14.010000228881836,14.050000190734863,18460.0
2024-09-16 09:47:00+00:00,REAX,5.829999923706055,5.829999923706055,5.829999923706055,5.829999923706055,5.829999923706055,1229.0
2024-09-16 09:47:00+00:00,REFI,15.970000267028809,15.970000267028809,15.970000267028809,15.970000267028809,15.970000267028809,648.0
2024-09-16 09:47:00+00:00,REG,74.52999877929688,74.52999877929688,74.52999877929688,74.52999877929688,74.52999877929688,905.0
2024-09-16 09:47:00+00:00,SBAC,245.77999877929688,245.77999877929688,245.80999755859375,245.47999572753906,245.49000549316406,2412.0
2024-09-16 09:47:00+00:00,SBRA,18.56999969482422,18.56999969482422,18.584999084472656,18.56999969482422,18.584999084472656,7763.0
2024-09-16 09:47:00+00:00,SEVN,13.8100004196167,13.8100004196167,13.8100004196167,13.8100004196167,13.8100004196167,405.0
2024-09-16 09:47:00+00:00,SVC,4.534999847412109,4.534999847412109,4.550000190734863,4.534999847412109,4.550000190734863,2760.0
2024-09-16 09:47:00+00:00,UNIT,5.364999771118164,5.364999771118164,5.364999771118164,5.355000019073486,5.355000019073486,5413.0
2024-09-16 09:47:00+00:00,WHLR,6.6433000564575195,6.6433000564575195,6.929900169372559,6.5,6.902699947357178,115298.0
2024-09-16 09:48:00+00:00,BPYPO,14.0600004196167,14.0600004196167,14.0600004196167,14.0600004196167,14.0600004196167,0.0
2024-09-16 09:48:00+00:00,CSGP,79.44999694824219,79.44999694824219,79.5999984741211,79.44000244140625,79.54499816894531,9409.0
2024-09-16 09:48:00+00:00,DHC,3.5399999618530273,3.5399999618530273,3.5399999618530273,3.5399999618530273,3.5399999618530273,286.0
2024-09-16 09:48:00+00:00,DUO,0.4359000027179718,0.4359000027179718,0.4359000027179718,0.4359000027179718,0.4359000027179718,2845.0
2024-09-16 09:48:00+00:00,EXPI,14.425000190734863,14.425000190734863,14.4399995803833,14.425000190734863,14.4399995803833,317.0
2024-09-16 09:48:00+00:00,FTHM,2.9200000762939453,2.9200000762939453,2.9200000762939453,2.9200000762939453,2.9200000762939453,1.0
2024-09-16 09:48:00+00:00,GLPI,51.56999969482422,51.56999969482422,51.59000015258789,51.55500030517578,51.55500030517578,2507.0
2024-09-16 09:48:00+00:00,GOOD,16.02359962463379,16.02359962463379,16.02359962463379,16.02359962463379,16.02359962463379,324.0
2024-09-16 09:48:00+00:00,HST,17.459999084472656,17.459999084472656,17.459999084472656,17.44499969482422,17.459999084472656,12799.0
2024-09-16 09:48:00+00:00,LAMR,129.1125030517578,129.1125030517578,129.2550048828125,128.98500061035156,129.1699981689453,2106.0
2024-09-16 09:48:00+00:00,LSEA,12.470000267028809,12.470000267028809,12.470000267028809,12.470000267028809,12.470000267028809,643.0
2024-09-16 09:48:00+00:00,NMRK,14.899999618530273,14.899999618530273,14.90999984741211,14.899999618530273,14.90999984741211,2225.0
2024-09-16 09:48:00+00:00,NYMT,6.559999942779541,6.559999942779541,6.559999942779541,6.559999942779541,6.559999942779541,112.0
2024-09-16 09:48:00+00:00,OPEN,2.1549999713897705,2.1549999713897705,2.159899950027466,2.140000104904175,2.140000104904175,137500.0
2024-09-16 09:48:00+00:00,OPI,2.2200000286102295,2.2200000286102295,2.2300000190734863,2.2107999324798584,2.2107999324798584,3268.0
2024-09-16 09:48:00+00:00,PCH,45.31999969482422,45.31999969482422,45.31999969482422,45.31999969482422,45.31999969482422,2207.0
2024-09-16 09:48:00+00:00,PECO,38.83000183105469,38.83000183105469,38.83000183105469,38.83000183105469,38.83000183105469,768.0
2024-09-16 09:48:00+00:00,RDFN,14.048100471496582,14.048100471496582,14.11460018157959,14.020000457763672,14.039999961853027,17978.0
2024-09-16 09:48:00+00:00,REG,74.54000091552734,74.54000091552734,74.56999969482422,74.5199966430664,74.5199966430664,3500.0
2024-09-16 09:48:00+00:00,SBAC,245.6699981689453,245.6699981689453,245.86000061035156,245.6199951171875,245.66000366210938,2361.0
2024-09-16 09:48:00+00:00,SBRA,18.545000076293945,18.545000076293945,18.56999969482422,18.545000076293945,18.56999969482422,6182.0
2024-09-16 09:48:00+00:00,SVC,4.53000020980835,4.53000020980835,4.534999847412109,4.53000020980835,4.534999847412109,218.0
2024-09-16 09:48:00+00:00,UK,1.4199999570846558,1.4199999570846558,1.4199999570846558,1.4199999570846558,1.4199999570846558,267.0
2024-09-16 09:48:00+00:00,UNIT,5.394999980926514,5.394999980926514,5.400000095367432,5.360000133514404,5.364999771118164,22659.0
2024-09-16 09:49:00+00:00,AFCG,10.34000015258789,10.34000015258789,10.34000015258789,10.34000015258789,10.34000015258789,525.0
2024-09-16 09:49:00+00:00,AGNC,10.404999732971191,10.404999732971191,10.404999732971191,10.395000457763672,10.395000457763672,42250.0
2024-09-16 09:49:00+00:00,CHCI,8.449999809265137,8.449999809265137,8.449999809265137,8.449999809265137,8.449999809265137,660.0
2024-09-16 09:49:00+00:00,CSGP,79.55999755859375,79.55999755859375,79.55999755859375,79.51499938964844,79.51499938964844,1530.0
2024-09-16 09:49:00+00:00,DHC,3.5350000858306885,3.5350000858306885,3.5399999618530273,3.5350000858306885,3.5399999618530273,898.0
2024-09-16 09:49:00+00:00,EQIX,873.585205078125,873.585205078125,873.585205078125,873.5850219726562,873.585205078125,1174.0
2024-09-16 09:49:00+00:00,EXPI,14.460000038146973,14.460000038146973,14.460000038146973,14.40999984741211,14.40999984741211,1783.0
2024-09-16 09:49:00+00:00,FSV,182.30999755859375,182.30999755859375,182.30999755859375,182.30999755859375,182.30999755859375,101.0
2024-09-16 09:49:00+00:00,GLPI,51.630001068115234,51.630001068115234,51.63999938964844,51.61000061035156,51.61000061035156,2062.0
2024-09-16 09:49:00+00:00,HST,17.475000381469727,17.475000381469727,17.479999542236328,17.469999313354492,17.469999313354492,16665.0
2024-09-16 09:49:00+00:00,ILPT,5.159999847412109,5.159999847412109,5.159999847412109,5.159999847412109,5.159999847412109,970.0
2024-09-16 09:49:00+00:00,LAMR,129.11000061035156,129.11000061035156,129.11000061035156,129.11000061035156,129.11000061035156,1492.0
2024-09-16 09:49:00+00:00,NMRK,14.904999732971191,14.904999732971191,14.904999732971191,14.904999732971191,14.904999732971191,1123.0
2024-09-16 09:49:00+00:00,NYMT,6.559999942779541,6.559999942779541,6.559999942779541,6.559999942779541,6.559999942779541,200.0
2024-09-16 09:49:00+00:00,OPEN,2.1575000286102295,2.1575000286102295,2.1600000858306885,2.1500000953674316,2.159899950027466,121173.0
2024-09-16 09:49:00+00:00,OPI,2.2300000190734863,2.2300000190734863,2.2300000190734863,2.2300000190734863,2.2300000190734863,2753.0
2024-09-16 09:49:00+00:00,PCH,45.38999938964844,45.38999938964844,45.40999984741211,45.3849983215332,45.400001525878906,1109.0
2024-09-16 09:49:00+00:00,PECO,38.86000061035156,38.86000061035156,38.86000061035156,38.86000061035156,38.86000061035156,867.0
2024-09-16 09:49:00+00:00,RDFN,14.100000381469727,14.100000381469727,14.109999656677246,14.079999923706055,14.08810043334961,21209.0
2024-09-16 09:49:00+00:00,REG,74.5999984741211,74.5999984741211,74.5999984741211,74.54000091552734,74.54000091552734,2653.0
2024-09-16 09:49:00+00:00,RMR,25.334999084472656,25.334999084472656,25.334999084472656,25.334999084472656,25.334999084472656,975.0
2024-09-16 09:49:00+00:00,ROIC,15.87399959564209,15.87399959564209,15.87399959564209,15.869999885559082,15.869999885559082,3560.0
2024-09-16 09:49:00+00:00,SBAC,246.02000427246094,246.02000427246094,246.02000427246094,245.65499877929688,245.65499877929688,4857.0
2024-09-16 09:49:00+00:00,SBRA,18.579999923706055,18.579999923706055,18.579999923706055,18.565000534057617,18.565000534057617,8485.0
2024-09-16 09:49:00+00:00,SELF,5.190000057220459,5.190000057220459,5.190000057220459,5.190000057220459,5.190000057220459,466.0
2024-09-16 09:49:00+00:00,SVC,4.534999847412109,4.534999847412109,4.539999961853027,4.534999847412109,4.536499977111816,4646.0
2024-09-16 09:49:00+00:00,UNIT,5.412899971008301,5.412899971008301,5.412899971008301,5.412899971008301,5.412899971008301,15122.0
2024-09-16 09:49:00+00:00,WHLR,6.630099773406982,6.630099773406982,6.730000019073486,6.630000114440918,6.730000019073486,59224.0
2024-09-16 09:50:00+00:00,AEI,1.1399999856948853,1.1399999856948853,1.1399999856948853,1.1399999856948853,1.1399999856948853,536.0
2024-09-16 09:50:00+00:00,AGNC,10.404999732971191,10.404999732971191,10.40999984741211,10.404500007629395,10.404999732971191,34214.0
2024-09-16 09:50:00+00:00,AGNCO,25.15329933166504,25.15329933166504,25.15999984741211,25.149999618530273,25.15999984741211,302.0
2024-09-16 09:50:00+00:00,BPYPN,12.84000015258789,12.84000015258789,12.84000015258789,12.84000015258789,12.84000015258789,2476.0
2024-09-16 09:50:00+00:00,CHCI,8.470000267028809,8.470000267028809,8.470000267028809,8.470000267028809,8.470000267028809,154.0
2024-09-16 09:50:00+00:00,CIGI,146.5500030517578,146.5500030517578,146.5500030517578,146.53500366210938,146.53500366210938,2110.0
2024-09-16 09:50:00+00:00,CSGP,79.75499725341797,79.75499725341797,79.75499725341797,79.69999694824219,79.69999694824219,1688.0
2024-09-16 09:50:00+00:00,DHC,3.5399999618530273,3.5399999618530273,3.5399999618530273,3.5399999618530273,3.5399999618530273,295.0
2024-09-16 09:50:00+00:00,EXPI,14.460000038146973,14.460000038146973,14.479999542236328,14.454999923706055,14.454999923706055,1147.0
2024-09-16 09:50:00+00:00,FSV,182.00999450683594,182.00999450683594,182.22999572753906,182.00999450683594,182.22999572753906,931.0
2024-09-16 09:50:00+00:00,GLPI,51.58000183105469,51.58000183105469,51.630001068115234,51.58000183105469,51.630001068115234,4234.0
2024-09-16 09:50:00+00:00,GOOD,16.049999237060547,16.049999237060547,16.049999237060547,16.049999237060547,16.049999237060547,1285.0
2024-09-16 09:50:00+00:00,HST,17.479999542236328,17.479999542236328,17.485000610351562,17.475000381469727,17.475000381469727,4891.0
2024-09-16 09:50:00+00:00,ILPT,5.159999847412109,5.159999847412109,5.159999847412109,5.159999847412109,5.159999847412109,328.0
2024-09-16 09:50:00+00:00,NMRK,14.930000305175781,14.930000305175781,14.930000305175781,14.914999961853027,14.914999961853027,558.0
2024-09-16 09:50:00+00:00,NYMT,6.565000057220459,6.565000057220459,6.565000057220459,6.565000057220459,6.565000057220459,614.0
2024-09-16 09:50:00+00:00,NYMTM,24.315399169921875,24.315399169921875,24.315399169921875,24.315399169921875,24.315399169921875,1086.0
2024-09-16 09:50:00+00:00,NYMTZ,20.81999969482422,20.81999969482422,20.81999969482422,20.81999969482422,20.81999969482422,600.0
2024-09-16 09:50:00+00:00,OPEN,2.1549999713897705,2.1549999713897705,2.1600000858306885,2.1500000953674316,2.157399892807007,146924.0
2024-09-16 09:50:00+00:00,OPI,2.240000009536743,2.240000009536743,2.240000009536743,2.240000009536743,2.240000009536743,4084.0
2024-09-16 09:50:00+00:00,PCH,45.45000076293945,45.45000076293945,45.45000076293945,45.45000076293945,45.45000076293945,494.0
2024-09-16 09:50:00+00:00,RDFN,14.119999885559082,14.119999885559082,14.169500350952148,14.109800338745117,14.109800338745117,16427.0
2024-09-16 09:50:00+00:00,REG,74.6050033569336,74.6050033569336,74.64700317382812,74.6050033569336,74.64700317382812,2207.0
2024-09-16 09:50:00+00:00,SBAC,246.1999969482422,246.1999969482422,246.25999450683594,246.11000061035156,246.13999938964844,4859.0
2024-09-16 09:50:00+00:00,SBRA,18.579999923706055,18.579999923706055,18.59000015258789,18.559999465942383,18.579999923706055,13872.0
2024-09-16 09:50:00+00:00,SELF,5.190000057220459,5.190000057220459,5.190000057220459,5.190000057220459,5.190000057220459,3745.0
2024-09-16 09:50:00+00:00,SEVN,13.8149995803833,13.8149995803833,13.8149995803833,13.8149995803833,13.8149995803833,2532.0
2024-09-16 09:50:00+00:00,SVC,4.534999847412109,4.534999847412109,4.534999847412109,4.534999847412109,4.534999847412109,1261.0
2024-09-16 09:50:00+00:00,UNIT,5.429999828338623,5.429999828338623,5.434999942779541,5.409999847412109,5.409999847412109,6453.0
2024-09-16 09:50:00+00:00,WHLR,6.900000095367432,6.900000095367432,6.949900150299072,6.619999885559082,6.679999828338623,62176.0
2024-09-16 09:51:00+00:00,AGNC,10.420000076293945,10.420000076293945,10.420000076293945,10.40250015258789,10.404999732971191,130869.0
2024-09-16 09:51:00+00:00,AGNCM,25.260099411010742,25.260099411010742,25.260099411010742,25.260099411010742,25.260099411010742,3280.0
2024-09-16 09:51:00+00:00,AGNCO,25.150100708007812,25.150100708007812,25.150100708007812,25.149999618530273,25.149999618530273,411.0
2024-09-16 09:51:00+00:00,CSGP,79.72730255126953,79.72730255126953,79.75499725341797,79.68000030517578,79.75499725341797,1292.0
2024-09-16 09:51:00+00:00,DHC,3.5399999618530273,3.5399999618530273,3.5399999618530273,3.5399999618530273,3.5399999618530273,873.0
2024-09-16 09:51:00+00:00,EQIX,876.6500244140625,876.6500244140625,876.6500244140625,876.6500244140625,876.6500244140625,1085.0
2024-09-16 09:51:00+00:00,EXPI,14.479999542236328,14.479999542236328,14.479999542236328,14.479900360107422,14.479900360107422,994.0
2024-09-16 09:51:00+00:00,FTHM,2.930000066757202,2.930000066757202,2.930000066757202,2.930000066757202,2.930000066757202,1000.0
2024-09-16 09:51:00+00:00,GLPI,51.59000015258789,51.59000015258789,51.59000015258789,51.59000015258789,51.59000015258789,867.0
2024-09-16 09:51:00+00:00,GOOD,16.084999084472656,16.084999084472656,16.084999084472656,16.084999084472656,16.084999084472656,129.0
2024-09-16 09:51:00+00:00,GOODN,23.010000228881836,23.010000228881836,23.010000228881836,23.010000228881836,23.010000228881836,0.0
2024-09-16 09:51:00+00:00,HST,17.5,17.5,17.5,17.475000381469727,17.475000381469727,4312.0
2024-09-16 09:51:00+00:00,ILPT,5.150000095367432,5.150000095367432,5.159999847412109,5.150000095367432,5.159999847412109,472.0
2024-09-16 09:51:00+00:00,NYMT,6.574999809265137,6.574999809265137,6.574999809265137,6.570000171661377,6.570000171661377,1847.0
2024-09-16 09:51:00+00:00,NYMTM,24.31999969482422,24.31999969482422,24.31999969482422,24.260000228881836,24.260000228881836,1454.0
2024-09-16 09:51:00+00:00,OPEN,2.1598000526428223,2.1598000526428223,2.1600000858306885,2.1449999809265137,2.1549999713897705,443092.0
2024-09-16 09:51:00+00:00,OPI,2.255000114440918,2.255000114440918,2.255000114440918,2.25,2.252000093460083,901.0
2024-09-16 09:51:00+00:00,PCH,45.400001525878906,45.400001525878906,45.400001525878906,45.400001525878906,45.400001525878906,1178.0
2024-09-16 09:51:00+00:00,RDFN,14.210000038146973,14.210000038146973,14.229999542236328,14.119999885559082,14.119999885559082,36175.0
2024-09-16 09:51:00+00:00,REAX,5.85290002822876,5.85290002822876,5.855000019073486,5.85290002822876,5.855000019073486,2596.0
2024-09-16 09:51:00+00:00,REFI,15.979999542236328,15.979999542236328,15.979999542236328,15.979999542236328,15.979999542236328,232.0
2024-09-16 09:51:00+00:00,ROIC,15.880000114440918,15.880000114440918,15.880000114440918,15.880000114440918,15.880000114440918,1073.0
2024-09-16 09:51:00+00:00,SBAC,246.16000366210938,246.16000366210938,246.25999450683594,246.16000366210938,246.22999572753906,1831.0
2024-09-16 09:51:00+00:00,SBRA,18.584999084472656,18.584999084472656,18.584999084472656,18.584999084472656,18.584999084472656,534.0
2024-09-16 09:51:00+00:00,UNIT,5.434999942779541,5.434999942779541,5.434999942779541,5.425000190734863,5.434999942779541,4191.0
2024-09-16 09:51:00+00:00,WHLR,6.885000228881836,6.885000228881836,6.920000076293945,6.820000171661377,6.917500019073486,27482.0
2024-09-16 09:52:00+00:00,AFCG,10.34000015258789,10.34000015258789,10.34000015258789,10.34000015258789,10.34000015258789,274.0
2024-09-16 09:52:00+00:00,AGNC,10.427499771118164,10.427499771118164,10.430000305175781,10.416000366210938,10.420000076293945,23731.0
2024-09-16 09:52:00+00:00,AGNCL,24.450000762939453,24.450000762939453,24.450000762939453,24.450000762939453,24.450000762939453,742.0
2024-09-16 09:52:00+00:00,BPYPN,12.789999961853027,12.789999961853027,12.789999961853027,12.789999961853027,12.789999961853027,208.0
2024-09-16 09:52:00+00:00,BPYPO,14.0600004196167,14.0600004196167,14.0600004196167,14.039999961853027,14.039999961853027,193.0
2024-09-16 09:52:00+00:00,CMCT,2.0399999618530273,2.0399999618530273,2.0399999618530273,2.0399999618530273,2.0399999618530273,889.0
2024-09-16 09:52:00+00:00,CSGP,79.7300033569336,79.7300033569336,79.81600189208984,79.7300033569336,79.75499725341797,2161.0
2024-09-16 09:52:00+00:00,EXPI,14.520000457763672,14.520000457763672,14.52910041809082,14.489999771118164,14.52910041809082,6363.0
2024-09-16 09:52:00+00:00,FSV,181.7449951171875,181.7449951171875,181.7449951171875,181.7449951171875,181.7449951171875,482.0
2024-09-16 09:52:00+00:00,FTHM,3.0,3.0,3.005000114440918,2.9600000381469727,2.9600000381469727,10242.0
2024-09-16 09:52:00+00:00,GLPI,51.6150016784668,51.6150016784668,51.6150016784668,51.599998474121094,51.599998474121094,3041.0
2024-09-16 09:52:00+00:00,GOOD,16.09000015258789,16.09000015258789,16.09000015258789,16.079999923706055,16.08970069885254,2648.0
2024-09-16 09:52:00+00:00,HST,17.530000686645508,17.530000686645508,17.530000686645508,17.510000228881836,17.510000228881836,2561.0
2024-09-16 09:52:00+00:00,ILPT,5.130000114440918,5.130000114440918,5.139999866485596,5.130000114440918,5.139999866485596,3328.0
2024-09-16 09:52:00+00:00,LAND,14.760000228881836,14.760000228881836,14.760000228881836,14.760000228881836,14.760000228881836,797.0
2024-09-16 09:52:00+00:00,LANDO,22.360000610351562,22.360000610351562,22.360000610351562,22.360000610351562,22.360000610351562,0.0
2024-09-16 09:52:00+00:00,NMRK,14.930000305175781,14.930000305175781,14.930000305175781,14.930000305175781,14.930000305175781,340.0
2024-09-16 09:52:00+00:00,NYMT,6.570000171661377,6.570000171661377,6.570000171661377,6.570000171661377,6.570000171661377,402.0
2024-09-16 09:52:00+00:00,OPEN,2.1649999618530273,2.1649999618530273,2.1649999618530273,2.1500000953674316,2.1549999713897705,127424.0
2024-09-16 09:52:00+00:00,OPI,2.259200096130371,2.259200096130371,2.259200096130371,2.259200096130371,2.259200096130371,189.0
2024-09-16 09:52:00+00:00,PECO,38.90999984741211,38.90999984741211,38.90999984741211,38.90999984741211,38.90999984741211,645.0
2024-09-16 09:52:00+00:00,RDFN,14.289999961853027,14.289999961853027,14.29990005493164,14.1899995803833,14.239999771118164,72500.0
2024-09-16 09:52:00+00:00,REAX,5.849999904632568,5.849999904632568,5.849999904632568,5.849999904632568,5.849999904632568,553.0
2024-09-16 09:52:00+00:00,REG,74.6500015258789,74.6500015258789,74.6500015258789,74.6500015258789,74.6500015258789,501.0
2024-09-16 09:52:00+00:00,ROIC,15.90999984741211,15.90999984741211,15.90999984741211,15.890000343322754,15.890000343322754,1188.0
2024-09-16 09:52:00+00:00,SBAC,246.32000732421875,246.32000732421875,246.32000732421875,246.1999969482422,246.25,917.0
2024-09-16 09:52:00+00:00,SBRA,18.579999923706055,18.579999923706055,18.600000381469727,18.579999923706055,18.59000015258789,5974.0
2024-09-16 09:52:00+00:00,SOHO,1.2481000423431396,1.2481000423431396,1.2481000423431396,1.2481000423431396,1.2481000423431396,11775.0
2024-09-16 09:52:00+00:00,SVC,4.539100170135498,4.539100170135498,4.539100170135498,4.539100170135498,4.539100170135498,2232.0
2024-09-16 09:52:00+00:00,UNIT,5.420000076293945,5.420000076293945,5.429999828338623,5.414999961853027,5.429999828338623,7368.0
2024-09-16 09:52:00+00:00,WHLR,6.809999942779541,6.809999942779541,7.0,6.769999980926514,6.885000228881836,55052.0
2024-09-16 09:53:00+00:00,AFCG,10.369999885559082,10.369999885559082,10.369999885559082,10.344599723815918,10.344599723815918,1800.0
2024-09-16 09:53:00+00:00,AGNC,10.425000190734863,10.425000190734863,10.430000305175781,10.424500465393066,10.425000190734863,5984.0
2024-09-16 09:53:00+00:00,AGNCP,24.43000030517578,24.43000030517578,24.43000030517578,24.43000030517578,24.43000030517578,1010.0
2024-09-16 09:53:00+00:00,CHCI,8.53849983215332,8.53849983215332,8.539999961853027,8.489999771118164,8.489999771118164,10767.0
2024-09-16 09:53:00+00:00,CSGP,79.77999877929688,79.77999877929688,79.80000305175781,79.75,79.80000305175781,1108.0
2024-09-16 09:53:00+00:00,DHC,3.5450000762939453,3.5450000762939453,3.5450000762939453,3.5450000762939453,3.5450000762939453,803.0
2024-09-16 09:53:00+00:00,DUO,0.4327999949455261,0.4327999949455261,0.4327999949455261,0.4327999949455261,0.4327999949455261,6248.0
2024-09-16 09:53:00+00:00,EXPI,14.59000015258789,14.59000015258789,14.631799697875977,14.539999961853027,14.539999961853027,11018.0
2024-09-16 09:53:00+00:00,FTHM,3.0,3.0,3.0250000953674316,3.0,3.0,5706.0
2024-09-16 09:53:00+00:00,GLPI,51.650001525878906,51.650001525878906,51.665000915527344,51.650001525878906,51.665000915527344,1276.0
2024-09-16 09:53:00+00:00,HST,17.545000076293945,17.545000076293945,17.549999237060547,17.530000686645508,17.530000686645508,6688.0
2024-09-16 09:53:00+00:00,ILPT,5.130000114440918,5.130000114440918,5.130000114440918,5.130000114440918,5.130000114440918,253.0
2024-09-16 09:53:00+00:00,LAMR,129.35000610351562,129.35000610351562,129.35000610351562,129.35000610351562,129.35000610351562,667.0
2024-09-16 09:53:00+00:00,LSEA,12.579999923706055,12.579999923706055,12.579999923706055,12.569999694824219,12.569999694824219,1447.0
2024-09-16 09:53:00+00:00,OPEN,2.1549999713897705,2.1549999713897705,2.1698999404907227,2.150099992752075,2.1654999256134033,253193.0
2024-09-16 09:53:00+00:00,OPI,2.25600004196167,2.25600004196167,2.25600004196167,2.25600004196167,2.25600004196167,633.0
2024-09-16 09:53:00+00:00,RDFN,14.239899635314941,14.239899635314941,14.289999961853027,14.194999694824219,14.270000457763672,49705.0
2024-09-16 09:53:00+00:00,REAX,5.840000152587891,5.840000152587891,5.840000152587891,5.840000152587891,5.840000152587891,827.0
2024-09-16 09:53:00+00:00,REFI,15.979999542236328,15.979999542236328,15.979999542236328,15.979999542236328,15.979999542236328,269.0
2024-09-16 09:53:00+00:00,REG,74.66000366210938,74.66000366210938,74.66000366210938,74.63999938964844,74.63999938964844,1122.0
2024-09-16 09:53:00+00:00,ROIC,15.920000076293945,15.920000076293945,15.920000076293945,15.920000076293945,15.920000076293945,213.0
2024-09-16 09:53:00+00:00,SBAC,246.4250030517578,246.4250030517578,246.4250030517578,246.4250030517578,246.4250030517578,279.0
2024-09-16 09:53:00+00:00,SBRA,18.575000762939453,18.575000762939453,18.600000381469727,18.575000762939453,18.584999084472656,8676.0
2024-09-16 09:53:00+00:00,SVC,4.539999961853027,4.539999961853027,4.539999961853027,4.539999961853027,4.539999961853027,1650.0
2024-09-16 09:53:00+00:00,UNIT,5.425000190734863,5.425000190734863,5.434999942779541,5.420000076293945,5.420000076293945,60545.0
2024-09-16 09:53:00+00:00,WHLR,7.079999923706055,7.079999923706055,7.099999904632568,6.820000171661377,6.820000171661377,72761.0
2024-09-16 09:54:00+00:00,AFCG,10.393799781799316,10.393799781799316,10.393799781799316,10.360400199890137,10.360400199890137,7280.0
2024-09-16 09:54:00+00:00,AGNC,10.420000076293945,10.420000076293945,10.430000305175781,10.420000076293945,10.42710018157959,9595.0
2024-09-16 09:54:00+00:00,CHCI,8.539999961853027,8.539999961853027,8.539999961853027,8.539999961853027,8.539999961853027,399.0
2024-09-16 09:54:00+00:00,CSGP,79.69999694824219,79.69999694824219,79.79499816894531,79.69999694824219,79.79499816894531,3023.0
2024-09-16 09:54:00+00:00,DHC,3.549999952316284,3.549999952316284,3.549999952316284,3.549999952316284,3.549999952316284,317.0
2024-09-16 09:54:00+00:00,EXPI,14.619999885559082,14.619999885559082,14.630000114440918,14.619999885559082,14.630000114440918,380.0
2024-09-16 09:54:00+00:00,FTHM,3.009999990463257,3.009999990463257,3.0299999713897705,3.0,3.0,5776.0
2024-09-16 09:54:00+00:00,GLPI,51.61000061035156,51.61000061035156,51.63999938964844,51.61000061035156,51.630001068115234,3117.0
2024-09-16 09:54:00+00:00,HST,17.53499984741211,17.53499984741211,17.545000076293945,17.530000686645508,17.545000076293945,3557.0
2024-09-16 09:54:00+00:00,LAND,14.720000267028809,14.720000267028809,14.750100135803223,14.720000267028809,14.75,5735.0
2024-09-16 09:54:00+00:00,NYMT,6.570000171661377,6.570000171661377,6.574999809265137,6.570000171661377,6.574999809265137,550.0
2024-09-16 09:54:00+00:00,OPEN,2.1500000953674316,2.1500000953674316,2.1649999618530273,2.1500000953674316,2.1521999835968018,126758.0
2024-09-16 09:54:00+00:00,OPI,2.2699999809265137,2.2699999809265137,2.2750000953674316,2.2699999809265137,2.2699999809265137,2501.0
2024-09-16 09:54:00+00:00,PCH,45.505001068115234,45.505001068115234,45.505001068115234,45.505001068115234,45.505001068115234,161.0
2024-09-16 09:54:00+00:00,RDFN,14.305000305175781,14.305000305175781,14.350000381469727,14.239999771118164,14.239999771118164,30663.0
2024-09-16 09:54:00+00:00,REAX,5.840000152587891,5.840000152587891,5.840000152587891,5.829999923706055,5.829999923706055,1658.0
2024-09-16 09:54:00+00:00,REG,74.63999938964844,74.63999938964844,74.66999816894531,74.63999938964844,74.66999816894531,2155.0
2024-09-16 09:54:00+00:00,ROIC,15.930000305175781,15.930000305175781,15.930000305175781,15.930000305175781,15.930000305175781,763.0
2024-09-16 09:54:00+00:00,SBAC,246.19000244140625,246.19000244140625,246.42999267578125,246.19000244140625,246.42999267578125,4595.0
2024-09-16 09:54:00+00:00,SVC,4.534999847412109,4.534999847412109,4.539999961853027,4.534999847412109,4.539999961853027,3488.0
2024-09-16 09:54:00+00:00,UNIT,5.425000190734863,5.425000190734863,5.434999942779541,5.414999961853027,5.429999828338623,19087.0
2024-09-16 09:54:00+00:00,WHLR,7.054999828338623,7.054999828338623,7.25,7.002500057220459,7.045000076293945,88123.0
2024-09-16 09:55:00+00:00,AFCG,10.360099792480469,10.360099792480469,10.360099792480469,10.360099792480469,10.360099792480469,1997.0
2024-09-16 09:55:00+00:00,AGNC,10.4375,10.4375,10.4375,10.421299934387207,10.425000190734863,39328.0
2024-09-16 09:55:00+00:00,AGNCP,24.440000534057617,24.440000534057617,24.440000534057617,24.440000534057617,24.440000534057617,630.0
2024-09-16 09:55:00+00:00,BPYPN,12.8100004196167,12.8100004196167,12.8100004196167,12.8100004196167,12.8100004196167,200.0
2024-09-16 09:55:00+00:00,BPYPO,14.0600004196167,14.0600004196167,14.0600004196167,14.0600004196167,14.0600004196167,913.0
2024-09-16 09:55:00+00:00,CSGP,79.73500061035156,79.73500061035156,79.7699966430664,79.67500305175781,79.7300033569336,2181.0
2024-09-16 09:55:00+00:00,DHC,3.549999952316284,3.549999952316284,3.549999952316284,3.549999952316284,3.549999952316284,200.0
2024-09-16 09:55:00+00:00,EXPI,14.640000343322754,14.640000343322754,14.640000343322754,14.600000381469727,14.600000381469727,4257.0
2024-09-16 09:55:00+00:00,FTHM,3.009999990463257,3.009999990463257,3.0299999713897705,3.0,3.0199999809265137,5746.0
2024-09-16 09:55:00+00:00,GLPI,51.630001068115234,51.630001068115234,51.63999938964844,51.59000015258789,51.59000015258789,15971.0
2024-09-16 09:55:00+00:00,GOOD,16.114999771118164,16.114999771118164,16.114999771118164,16.114999771118164,16.114999771118164,762.0
2024-09-16 09:55:00+00:00,GOODN,23.030000686645508,23.030000686645508,23.030000686645508,23.030000686645508,23.030000686645508,100.0
2024-09-16 09:55:00+00:00,HST,17.559999465942383,17.559999465942383,17.559999465942383,17.524999618530273,17.53499984741211,11419.0
2024-09-16 09:55:00+00:00,ILPT,5.139999866485596,5.139999866485596,5.139999866485596,5.130000114440918,5.130000114440918,906.0
2024-09-16 09:55:00+00:00,NMRK,14.960000038146973,14.960000038146973,14.960000038146973,14.960000038146973,14.960000038146973,633.0
2024-09-16 09:55:00+00:00,OPEN,2.1500000953674316,2.1500000953674316,2.1600000858306885,2.1500000953674316,2.159899950027466,89053.0
2024-09-16 09:55:00+00:00,OPI,2.2750000953674316,2.2750000953674316,2.2750000953674316,2.2750000953674316,2.2750000953674316,2383.0
2024-09-16 09:55:00+00:00,PCH,45.4900016784668,45.4900016784668,45.5,45.459999084472656,45.470001220703125,1405.0
2024-09-16 09:55:00+00:00,RDFN,14.289999961853027,14.289999961853027,14.300000190734863,14.220000267028809,14.300000190734863,38651.0
2024-09-16 09:55:00+00:00,REAX,5.849999904632568,5.849999904632568,5.849999904632568,5.829999923706055,5.829999923706055,1194.0
2024-09-16 09:55:00+00:00,ROIC,15.90999984741211,15.90999984741211,15.920000076293945,15.90999984741211,15.920000076293945,1021.0
2024-09-16 09:55:00+00:00,SBAC,246.1999969482422,246.1999969482422,246.1999969482422,246.1999969482422,246.1999969482422,228.0
2024-09-16 09:55:00+00:00,SBRA,18.565000534057617,18.565000534057617,18.565000534057617,18.559999465942383,18.565000534057617,1088.0
2024-09-16 09:55:00+00:00,SQFT,0.7300000190734863,0.7300000190734863,0.7300000190734863,0.7300000190734863,0.7300000190734863,171.0
2024-09-16 09:55:00+00:00,SVC,4.525000095367432,4.525000095367432,4.53000020980835,4.525000095367432,4.53000020980835,1439.0
2024-09-16 09:55:00+00:00,UNIT,5.425000190734863,5.425000190734863,5.425000190734863,5.420000076293945,5.425000190734863,7083.0
2024-09-16 09:55:00+00:00,WHLR,6.920000076293945,6.920000076293945,7.050000190734863,6.75,7.050000190734863,79542.0
2024-09-16 09:56:00+00:00,AGNC,10.4399995803833,10.4399995803833,10.4399995803833,10.430000305175781,10.430100440979004,29710.0
2024-09-16 09:56:00+00:00,AGNCO,25.149999618530273,25.149999618530273,25.149999618530273,25.149999618530273,25.149999618530273,200.0
2024-09-16 09:56:00+00:00,ASPS,1.1699999570846558,1.1699999570846558,1.1699999570846558,1.1399999856948853,1.1399999856948853,1115.0
2024-09-16 09:56:00+00:00,BPYPN,12.84000015258789,12.84000015258789,12.84000015258789,12.8100004196167,12.84000015258789,475.0
2024-09-16 09:56:00+00:00,CHCI,8.619999885559082,8.619999885559082,8.619999885559082,8.619999885559082,8.619999885559082,130.0
2024-09-16 09:56:00+00:00,CMCT,2.0199999809265137,2.0199999809265137,2.0199999809265137,2.0199999809265137,2.0199999809265137,257.0
2024-09-16 09:56:00+00:00,DHC,3.549999952316284,3.549999952316284,3.549999952316284,3.549999952316284,3.549999952316284,1.0
2024-09-16 09:56:00+00:00,EXPI,14.65999984741211,14.65999984741211,14.65999984741211,14.609999656677246,14.630000114440918,4676.0
2024-09-16 09:56:00+00:00,FTHM,3.0,3.0,3.0299999713897705,2.990000009536743,3.0299999713897705,4405.0
2024-09-16 09:56:00+00:00,GLPI,51.650001525878906,51.650001525878906,51.650001525878906,51.625,51.625,4404.0
2024-09-16 09:56:00+00:00,HST,17.545000076293945,17.545000076293945,17.549999237060547,17.545000076293945,17.549999237060547,2385.0
2024-09-16 09:56:00+00:00,NYMT,6.570000171661377,6.570000171661377,6.570000171661377,6.570000171661377,6.570000171661377,469.0
2024-09-16 09:56:00+00:00,OPEN,2.1649999618530273,2.1649999618530273,2.1700000762939453,2.1500000953674316,2.1600000858306885,191130.0
2024-09-16 09:56:00+00:00,PCH,45.47999954223633,45.47999954223633,45.4900016784668,45.47999954223633,45.4900016784668,871.0
2024-09-16 09:56:00+00:00,PECO,38.93000030517578,38.93000030517578,38.93000030517578,38.93000030517578,38.93000030517578,684.0
2024-09-16 09:56:00+00:00,RDFN,14.300000190734863,14.300000190734863,14.319999694824219,14.279999732971191,14.28969955444336,36118.0
2024-09-16 09:56:00+00:00,REFI,15.989999771118164,15.989999771118164,16.0,15.989999771118164,15.996500015258789,3876.0
2024-09-16 09:56:00+00:00,SBAC,246.40499877929688,246.40499877929688,246.47000122070312,246.32000732421875,246.32000732421875,2133.0
2024-09-16 09:56:00+00:00,SBRA,18.55500030517578,18.55500030517578,18.559999465942383,18.55500030517578,18.559999465942383,764.0
2024-09-16 09:56:00+00:00,SVC,4.525000095367432,4.525000095367432,4.525000095367432,4.525000095367432,4.525000095367432,1219.0
2024-09-16 09:56:00+00:00,UNIT,5.420000076293945,5.420000076293945,5.425000190734863,5.420000076293945,5.425000190734863,3200.0
2024-09-16 09:56:00+00:00,WHLR,6.95989990234375,6.95989990234375,6.989999771118164,6.892499923706055,6.989999771118164,13855.0
2024-09-16 09:57:00+00:00,AGNC,10.444999694824219,10.444999694824219,10.444999694824219,10.434200286865234,10.4350004196167,92349.0
2024-09-16 09:57:00+00:00,AGNCP,24.469999313354492,24.469999313354492,24.469999313354492,24.469999313354492,24.469999313354492,521.0
2024-09-16 09:57:00+00:00,BPYPP,14.859999656677246,14.859999656677246,14.859999656677246,14.859999656677246,14.859999656677246,3467.0
2024-09-16 09:57:00+00:00,CSGP,79.77999877929688,79.77999877929688,79.83999633789062,79.77999877929688,79.83999633789062,1005.0
2024-09-16 09:57:00+00:00,DHC,3.549999952316284,3.549999952316284,3.559999942779541,3.549999952316284,3.559999942779541,498.0
2024-09-16 09:57:00+00:00,EQIX,877.5,877.5,877.5,877.5,877.5,580.0
2024-09-16 09:57:00+00:00,EXPI,14.640000343322754,14.640000343322754,14.6899995803833,14.640000343322754,14.689200401306152,8374.0
2024-09-16 09:57:00+00:00,FTHM,3.005000114440918,3.005000114440918,3.0299999713897705,3.0,3.0199999809265137,1586.0
2024-09-16 09:57:00+00:00,GIPR,2.2255001068115234,2.2255001068115234,2.2255001068115234,2.2255001068115234,2.2255001068115234,4070.0
2024-09-16 09:57:00+00:00,GLPI,51.56999969482422,51.56999969482422,51.66999816894531,51.56999969482422,51.650001525878906,14959.0
2024-09-16 09:57:00+00:00,GOOD,16.125,16.125,16.125,16.125,16.125,1038.0
2024-09-16 09:57:00+00:00,HST,17.594999313354492,17.594999313354492,17.594999313354492,17.545000076293945,17.545000076293945,9563.0
2024-09-16 09:57:00+00:00,ILPT,5.130000114440918,5.130000114440918,5.139999866485596,5.130000114440918,5.139999866485596,689.0
2024-09-16 09:57:00+00:00,NYMT,6.574999809265137,6.574999809265137,6.574999809265137,6.570000171661377,6.570000171661377,652.0
2024-09-16 09:57:00+00:00,OPEN,2.1549999713897705,2.1549999713897705,2.1700000762939453,2.1500000953674316,2.1649999618530273,154761.0
2024-09-16 09:57:00+00:00,OPI,2.2799999713897705,2.2799999713897705,2.2799999713897705,2.2750000953674316,2.2750000953674316,410.0
2024-09-16 09:57:00+00:00,PECO,38.875,38.875,38.875,38.875,38.875,204.0
2024-09-16 09:57:00+00:00,RDFN,14.25,14.25,14.327500343322754,14.220000267028809,14.300000190734863,19876.0
2024-09-16 09:57:00+00:00,REAX,5.849999904632568,5.849999904632568,5.860000133514404,5.849999904632568,5.860000133514404,545.0
2024-09-16 09:57:00+00:00,REFI,16.0,16.0,16.0,16.0,16.0,4625.0
2024-09-16 09:57:00+00:00,ROIC,15.899999618530273,15.899999618530273,15.899999618530273,15.899999618530273,15.899999618530273,200.0
2024-09-16 09:57:00+00:00,SBAC,246.25,246.25,246.25,246.25,246.25,227.0
2024-09-16 09:57:00+00:00,SBRA,18.540000915527344,18.540000915527344,18.565000534057617,18.540000915527344,18.565000534057617,55814.0
2024-09-16 09:57:00+00:00,SVC,4.539999961853027,4.539999961853027,4.539999961853027,4.5289998054504395,4.5289998054504395,3023.0
2024-09-16 09:57:00+00:00,UNIT,5.434999942779541,5.434999942779541,5.445000171661377,5.425000190734863,5.425000190734863,12257.0
2024-09-16 09:57:00+00:00,WHLR,6.815999984741211,6.815999984741211,6.989999771118164,6.699999809265137,6.960000038146973,56002.0
2024-09-16 09:58:00+00:00,AFCG,10.380000114440918,10.380000114440918,10.380000114440918,10.380000114440918,10.380000114440918,752.0
2024-09-16 09:58:00+00:00,AGNC,10.441200256347656,10.441200256347656,10.449999809265137,10.4399995803833,10.444999694824219,14144.0
2024-09-16 09:58:00+00:00,BPYPN,12.84000015258789,12.84000015258789,12.849499702453613,12.84000015258789,12.849499702453613,796.0
2024-09-16 09:58:00+00:00,CIGI,146.85000610351562,146.85000610351562,146.85000610351562,146.77999877929688,146.78500366210938,774.0
2024-09-16 09:58:00+00:00,CSGP,79.7770004272461,79.7770004272461,79.79000091552734,79.7300033569336,79.7300033569336,1401.0
2024-09-16 09:58:00+00:00,EQIX,878.6099853515625,878.6099853515625,878.6099853515625,878.5999755859375,878.6099853515625,2896.0
2024-09-16 09:58:00+00:00,EXPI,14.640000343322754,14.640000343322754,14.65999984741211,14.640000343322754,14.65999984741211,1782.0
2024-09-16 09:58:00+00:00,FTHM,3.009999990463257,3.009999990463257,3.009999990463257,3.009999990463257,3.009999990463257,1000.0
2024-09-16 09:58:00+00:00,GIPR,2.200000047683716,2.200000047683716,2.200000047683716,2.200000047683716,2.200000047683716,357.0
2024-09-16 09:58:00+00:00,GLPI,51.59000015258789,51.59000015258789,51.599998474121094,51.58000183105469,51.58000183105469,2718.0
2024-09-16 09:58:00+00:00,HST,17.584999084472656,17.584999084472656,17.600000381469727,17.584999084472656,17.594999313354492,5699.0
2024-09-16 09:58:00+00:00,LAMR,129.72500610351562,129.72500610351562,129.72500610351562,129.72500610351562,129.72500610351562,472.0
2024-09-16 09:58:00+00:00,LAND,14.755000114440918,14.755000114440918,14.755000114440918,14.755000114440918,14.755000114440918,625.0
2024-09-16 09:58:00+00:00,LOAN,5.210000038146973,5.210000038146973,5.210000038146973,5.210000038146973,5.210000038146973,148.0
2024-09-16 09:58:00+00:00,NYMT,6.570000171661377,6.570000171661377,6.570000171661377,6.570000171661377,6.570000171661377,137.0
2024-09-16 09:58:00+00:00,OPEN,2.1549999713897705,2.1549999713897705,2.1600000858306885,2.1500000953674316,2.1549999713897705,18197.0
2024-09-16 09:58:00+00:00,PCH,45.47999954223633,45.47999954223633,45.47999954223633,45.47999954223633,45.47999954223633,408.0
2024-09-16 09:58:00+00:00,PECO,38.849998474121094,38.849998474121094,38.88999938964844,38.849998474121094,38.849998474121094,1991.0
2024-09-16 09:58:00+00:00,RDFN,14.289999961853027,14.289999961853027,14.29990005493164,14.220000267028809,14.25,35789.0
2024-09-16 09:58:00+00:00,REAX,5.867499828338623,5.867499828338623,5.867499828338623,5.867499828338623,5.867499828338623,409.0
2024-09-16 09:58:00+00:00,REFI,16.049999237060547,16.049999237060547,16.049999237060547,16.024999618530273,16.024999618530273,5272.0
2024-09-16 09:58:00+00:00,REG,74.66429901123047,74.66429901123047,74.66429901123047,74.66429901123047,74.66429901123047,1229.0
2024-09-16 09:58:00+00:00,ROIC,15.904999732971191,15.904999732971191,15.904999732971191,15.904999732971191,15.904999732971191,74.0
2024-09-16 09:58:00+00:00,SBAC,246.2449951171875,246.2449951171875,246.2449951171875,246.2449951171875,246.2449951171875,126.0
2024-09-16 09:58:00+00:00,SBRA,18.5,18.5,18.540000915527344,18.5,18.540000915527344,4906.0
2024-09-16 09:58:00+00:00,UNIT,5.434999942779541,5.434999942779541,5.434999942779541,5.429999828338623,5.434500217437744,879.0
2024-09-16 09:58:00+00:00,WHLR,6.949999809265137,6.949999809265137,7.0,6.75,6.809999942779541,34606.0
2024-09-16 09:59:00+00:00,AGNC,10.4399995803833,10.4399995803833,10.449999809265137,10.4399995803833,10.449999809265137,62830.0
2024-09-16 09:59:00+00:00,AGNCP,24.454999923706055,24.454999923706055,24.454999923706055,24.454999923706055,24.454999923706055,800.0
2024-09-16 09:59:00+00:00,BPYPN,12.826199531555176,12.826199531555176,12.84000015258789,12.826199531555176,12.84000015258789,1281.0
2024-09-16 09:59:00+00:00,BPYPO,14.010100364685059,14.010100364685059,14.010100364685059,14.010100364685059,14.010100364685059,295.0
2024-09-16 09:59:00+00:00,CIGI,147.00999450683594,147.00999450683594,147.11000061035156,147.00999450683594,147.0399932861328,1303.0
2024-09-16 09:59:00+00:00,CSGP,79.7699966430664,79.7699966430664,79.7699966430664,79.7699966430664,79.7699966430664,1101.0
2024-09-16 09:59:00+00:00,DHC,3.555000066757202,3.555000066757202,3.555000066757202,3.555000066757202,3.555000066757202,224.0
2024-09-16 09:59:00+00:00,EXPI,14.600000381469727,14.600000381469727,14.630000114440918,14.600000381469727,14.630000114440918,1390.0
2024-09-16 09:59:00+00:00,FSV,181.6699981689453,181.6699981689453,181.6699981689453,181.6699981689453,181.6699981689453,102.0
2024-09-16 09:59:00+00:00,FTHM,3.0199999809265137,3.0199999809265137,3.0199999809265137,3.0199999809265137,3.0199999809265137,0.0
2024-09-16 09:59:00+00:00,GIPR,2.2300000190734863,2.2300000190734863,2.2300000190734863,2.2044999599456787,2.2044999599456787,4109.0
2024-09-16 09:59:00+00:00,GLPI,51.560001373291016,51.560001373291016,51.58000183105469,51.529998779296875,51.58000183105469,7147.0
2024-09-16 09:59:00+00:00,HST,17.575000762939453,17.575000762939453,17.584999084472656,17.570100784301758,17.584999084472656,15306.0
2024-09-16 09:59:00+00:00,ILPT,5.139999866485596,5.139999866485596,5.139999866485596,5.139999866485596,5.139999866485596,101.0
2024-09-16 09:59:00+00:00,NYMT,6.579999923706055,6.579999923706055,6.579999923706055,6.579999923706055,6.579999923706055,1136.0
2024-09-16 09:59:00+00:00,OPEN,2.1549999713897705,2.1549999713897705,2.1600000858306885,2.1500000953674316,2.1568000316619873,10456.0
2024-09-16 09:59:00+00:00,OPI,2.289299964904785,2.289299964904785,2.289299964904785,2.2799999713897705,2.2799999713897705,3287.0
2024-09-16 09:59:00+00:00,PECO,38.85499954223633,38.85499954223633,38.86000061035156,38.85499954223633,38.86000061035156,333.0
2024-09-16 09:59:00+00:00,RDFN,14.220000267028809,14.220000267028809,14.279999732971191,14.21090030670166,14.265000343322754,31639.0
2024-09-16 09:59:00+00:00,REFI,16.03019905090332,16.03019905090332,16.03019905090332,16.03019905090332,16.03019905090332,319.0
2024-09-16 09:59:00+00:00,REG,74.61000061035156,74.61000061035156,74.61000061035156,74.5999984741211,74.5999984741211,1743.0
2024-09-16 09:59:00+00:00,SBAC,246.61000061035156,246.61000061035156,246.61000061035156,246.1300048828125,246.13999938964844,4377.0
2024-09-16 09:59:00+00:00,SBRA,18.4950008392334,18.4950008392334,18.5,18.469999313354492,18.5,10629.0
2024-09-16 09:59:00+00:00,SVC,4.539999961853027,4.539999961853027,4.539999961853027,4.534999847412109,4.534999847412109,2080.0
2024-09-16 09:59:00+00:00,UNIT,5.434999942779541,5.434999942779541,5.434999942779541,5.425000190734863,5.434999942779541,6028.0
2024-09-16 09:59:00+00:00,WHLR,7.005000114440918,7.005000114440918,7.149799823760986,6.909999847412109,6.929999828338623,75328.0
2024-09-16 10:00:00+00:00,AGNC,10.444999694824219,10.444999694824219,10.449999809265137,10.443300247192383,10.444999694824219,32111.0
2024-09-16 10:00:00+00:00,AGNCP,24.489999771118164,24.489999771118164,24.489999771118164,24.489999771118164,24.489999771118164,0.0
2024-09-16 10:00:00+00:00,CSGP,79.7300033569336,79.7300033569336,79.76499938964844,79.70999908447266,79.70999908447266,1493.0
2024-09-16 10:00:00+00:00,DHC,3.555000066757202,3.555000066757202,3.559999942779541,3.555000066757202,3.559999942779541,252.0
2024-09-16 10:00:00+00:00,EXPI,14.569999694824219,14.569999694824219,14.59000015258789,14.569999694824219,14.59000015258789,784.0
2024-09-16 10:00:00+00:00,GLPI,51.560001373291016,51.560001373291016,51.58000183105469,51.560001373291016,51.560001373291016,10207.0
2024-09-16 10:00:00+00:00,GOOD,16.139999389648438,16.139999389648438,16.140600204467773,16.139999389648438,16.140600204467773,420.0
2024-09-16 10:00:00+00:00,HST,17.559999465942383,17.559999465942383,17.584999084472656,17.55500030517578,17.575000762939453,9764.0
2024-09-16 10:00:00+00:00,ILPT,5.139999866485596,5.139999866485596,5.150000095367432,5.139999866485596,5.150000095367432,1277.0
2024-09-16 10:00:00+00:00,LAMR,130.1999969482422,130.1999969482422,130.1999969482422,130.16000366210938,130.16000366210938,797.0
2024-09-16 10:00:00+00:00,NMRK,14.989999771118164,14.989999771118164,15.0,14.979999542236328,14.989999771118164,3119.0
2024-09-16 10:00:00+00:00,NYMT,6.585000038146973,6.585000038146973,6.585000038146973,6.585000038146973,6.585000038146973,607.0
2024-09-16 10:00:00+00:00,OPEN,2.1549999713897705,2.1549999713897705,2.1600000858306885,2.1500000953674316,2.1500000953674316,135678.0
2024-09-16 10:00:00+00:00,OPI,2.2950000762939453,2.2950000762939453,2.299999952316284,2.2899999618530273,2.2899999618530273,2334.0
2024-09-16 10:00:00+00:00,PCH,45.45000076293945,45.45000076293945,45.540000915527344,45.45000076293945,45.52000045776367,3372.0
2024-09-16 10:00:00+00:00,PECO,38.86000061035156,38.86000061035156,38.86000061035156,38.86000061035156,38.86000061035156,200.0
2024-09-16 10:00:00+00:00,RDFN,14.260100364685059,14.260100364685059,14.272000312805176,14.21500015258789,14.220000267028809,23366.0
2024-09-16 10:00:00+00:00,ROIC,15.90999984741211,15.90999984741211,15.930000305175781,15.90999984741211,15.920000076293945,1475.0
2024-09-16 10:00:00+00:00,SBAC,246.74000549316406,246.74000549316406,246.75,246.60000610351562,246.72000122070312,6980.0
2024-09-16 10:00:00+00:00,SBRA,18.450000762939453,18.450000762939453,18.5,18.450000762939453,18.489999771118164,22166.0
2024-09-16 10:00:00+00:00,SOHOO,18.666099548339844,18.666099548339844,18.666099548339844,18.666099548339844,18.666099548339844,229.0
2024-09-16 10:00:00+00:00,SVC,4.534999847412109,4.534999847412109,4.534999847412109,4.534999847412109,4.534999847412109,575.0
2024-09-16 10:00:00+00:00,UNIT,5.425000190734863,5.425000190734863,5.440000057220459,5.425000190734863,5.440000057220459,10396.0
2024-09-16 10:00:00+00:00,WHLR,7.077899932861328,7.077899932861328,7.159999847412109,6.96999979019165,7.090000152587891,61621.0
2024-09-16 10:01:00+00:00,AGNC,10.4399995803833,10.4399995803833,10.444999694824219,10.4399995803833,10.444000244140625,8606.0
2024-09-16 10:01:00+00:00,CSGP,79.62999725341797,79.62999725341797,79.66999816894531,79.58999633789062,79.66999816894531,1197.0
2024-09-16 10:01:00+00:00,DHC,3.555000066757202,3.555000066757202,3.555000066757202,3.555000066757202,3.555000066757202,287.0
2024-09-16 10:01:00+00:00,EXPI,14.59000015258789,14.59000015258789,14.59000015258789,14.569999694824219,14.574999809265137,1024.0
2024-09-16 10:01:00+00:00,FSV,181.49000549316406,181.49000549316406,181.49000549316406,181.49000549316406,181.49000549316406,586.0
2024-09-16 10:01:00+00:00,GLPI,51.560001373291016,51.560001373291016,51.57500076293945,51.54999923706055,51.560001373291016,3433.0
2024-09-16 10:01:00+00:00,GOOD,16.139999389648438,16.139999389648438,16.139999389648438,16.139999389648438,16.139999389648438,567.0
2024-09-16 10:01:00+00:00,HST,17.540000915527344,17.540000915527344,17.55500030517578,17.540000915527344,17.55500030517578,1485.0
2024-09-16 10:01:00+00:00,ILPT,5.119999885559082,5.119999885559082,5.119999885559082,5.119999885559082,5.119999885559082,643.0
2024-09-16 10:01:00+00:00,LAMR,129.89999389648438,129.89999389648438,129.97000122070312,129.89999389648438,129.97000122070312,962.0
2024-09-16 10:01:00+00:00,LAND,14.76710033416748,14.76710033416748,14.76710033416748,14.76710033416748,14.76710033416748,1407.0
2024-09-16 10:01:00+00:00,LSEA,12.550000190734863,12.550000190734863,12.550000190734863,12.550000190734863,12.550000190734863,170.0
2024-09-16 10:01:00+00:00,NMRK,15.008000373840332,15.008000373840332,15.010000228881836,14.989999771118164,14.989999771118164,1072.0
2024-09-16 10:01:00+00:00,NYMT,6.579999923706055,6.579999923706055,6.579999923706055,6.579999923706055,6.579999923706055,3344.0
2024-09-16 10:01:00+00:00,OPEN,2.1549999713897705,2.1549999713897705,2.1600000858306885,2.1500000953674316,2.1598000526428223,116714.0
2024-09-16 10:01:00+00:00,OPI,2.2990000247955322,2.2990000247955322,2.2990000247955322,2.2990000247955322,2.2990000247955322,942.0
2024-09-16 10:01:00+00:00,PECO,38.8650016784668,38.8650016784668,38.8650016784668,38.8650016784668,38.8650016784668,401.0
2024-09-16 10:01:00+00:00,RDFN,14.28499984741211,14.28499984741211,14.3149995803833,14.260000228881836,14.270000457763672,36185.0
2024-09-16 10:01:00+00:00,REAX,5.869999885559082,5.869999885559082,5.889999866485596,5.869999885559082,5.869999885559082,10073.0
2024-09-16 10:01:00+00:00,REG,74.5999984741211,74.5999984741211,74.5999984741211,74.58999633789062,74.58999633789062,809.0
2024-09-16 10:01:00+00:00,ROIC,15.899999618530273,15.899999618530273,15.899999618530273,15.899999618530273,15.899999618530273,1019.0
2024-09-16 10:01:00+00:00,SBAC,246.86000061035156,246.86000061035156,246.86000061035156,246.86000061035156,246.86000061035156,366.0
2024-09-16 10:01:00+00:00,SBRA,18.454999923706055,18.454999923706055,18.479999542236328,18.450000762939453,18.450000762939453,62394.0
2024-09-16 10:01:00+00:00,SOHO,1.2369999885559082,1.2369999885559082,1.23989999294281,1.2369999885559082,1.23989999294281,0.0
2024-09-16 10:01:00+00:00,UNIT,5.414999961853027,5.414999961853027,5.425000190734863,5.414999961853027,5.425000190734863,2272.0
2024-09-16 10:01:00+00:00,WHLR,6.940700054168701,6.940700054168701,7.099899768829346,6.888000011444092,7.020500183105469,51219.0
2024-09-16 10:02:00+00:00,AGNC,10.46500015258789,10.46500015258789,10.46500015258789,10.4399995803833,10.4399995803833,421203.0
2024-09-16 10:02:00+00:00,CIGI,146.75999450683594,146.75999450683594,146.75999450683594,146.6699981689453,146.69000244140625,913.0
2024-09-16 10:02:00+00:00,CSGP,79.58999633789062,79.58999633789062,79.58999633789062,79.55999755859375,79.58999633789062,1474.0
2024-09-16 10:02:00+00:00,EXPI,14.609999656677246,14.609999656677246,14.609999656677246,14.600000381469727,14.609999656677246,3445.0
2024-09-16 10:02:00+00:00,FTHM,3.0,3.0,3.0,3.0,3.0,500.0
2024-09-16 10:02:00+00:00,GLPI,51.525001525878906,51.525001525878906,51.55500030517578,51.52000045776367,51.55500030517578,3138.0
2024-09-16 10:02:00+00:00,HST,17.545000076293945,17.545000076293945,17.545000076293945,17.532499313354492,17.540000915527344,6079.0
2024-09-16 10:02:00+00:00,LAMR,129.89999389648438,129.89999389648438,129.89999389648438,129.89999389648438,129.89999389648438,610.0
2024-09-16 10:02:00+00:00,NMRK,15.005000114440918,15.005000114440918,15.005000114440918,15.005000114440918,15.005000114440918,161.0
2024-09-16 10:02:00+00:00,NYMT,6.570000171661377,6.570000171661377,6.570000171661377,6.570000171661377,6.570000171661377,984.0
2024-09-16 10:02:00+00:00,OPEN,2.1570000648498535,2.1570000648498535,2.1600000858306885,2.1500000953674316,2.1549999713897705,50514.0
2024-09-16 10:02:00+00:00,OPI,2.2987000942230225,2.2987000942230225,2.2987000942230225,2.2950000762939453,2.2950000762939453,434.0
2024-09-16 10:02:00+00:00,PCH,45.45500183105469,45.45500183105469,45.45500183105469,45.45500183105469,45.45500183105469,199.0
2024-09-16 10:02:00+00:00,PECO,38.869998931884766,38.869998931884766,38.869998931884766,38.8650016784668,38.8650016784668,316.0
2024-09-16 10:02:00+00:00,RDFN,14.306500434875488,14.306500434875488,14.357500076293945,14.244999885559082,14.289999961853027,58406.0
2024-09-16 10:02:00+00:00,REAX,5.850100040435791,5.850100040435791,5.860000133514404,5.849999904632568,5.859000205993652,3137.0
2024-09-16 10:02:00+00:00,REG,74.51000213623047,74.51000213623047,74.55999755859375,74.51000213623047,74.55999755859375,1086.0
2024-09-16 10:02:00+00:00,RMR,25.399999618530273,25.399999618530273,25.399999618530273,25.399999618530273,25.399999618530273,366.0
2024-09-16 10:02:00+00:00,SVC,4.525000095367432,4.525000095367432,4.534999847412109,4.525000095367432,4.534999847412109,10982.0
2024-09-16 10:02:00+00:00,UNIT,5.400000095367432,5.400000095367432,5.409999847412109,5.400000095367432,5.409999847412109,2576.0
2024-09-16 10:02:00+00:00,WHLR,7.159900188446045,7.159900188446045,7.170000076293945,7.0,7.014999866485596,50372.0
2024-09-16 10:03:00+00:00,AFCG,10.369999885559082,10.369999885559082,10.369999885559082,10.369999885559082,10.369999885559082,807.0
2024-09-16 10:03:00+00:00,AGNC,10.449999809265137,10.449999809265137,10.470000267028809,10.449999809265137,10.454999923706055,132177.0
2024-09-16 10:03:00+00:00,AGNCM,25.350000381469727,25.350000381469727,25.350000381469727,25.350000381469727,25.350000381469727,1451.0
2024-09-16 10:03:00+00:00,BPYPN,12.84000015258789,12.84000015258789,12.84000015258789,12.824999809265137,12.824999809265137,500.0
2024-09-16 10:03:00+00:00,CHCI,8.6072998046875,8.6072998046875,8.6072998046875,8.6072998046875,8.6072998046875,155.0
2024-09-16 10:03:00+00:00,CSGP,79.5999984741211,79.5999984741211,79.66999816894531,79.5999984741211,79.66999816894531,1121.0
2024-09-16 10:03:00+00:00,DHC,3.555000066757202,3.555000066757202,3.555000066757202,3.555000066757202,3.555000066757202,571.0
2024-09-16 10:03:00+00:00,EXPI,14.630000114440918,14.630000114440918,14.630000114440918,14.619999885559082,14.619999885559082,281.0
2024-09-16 10:03:00+00:00,FTHM,3.009999990463257,3.009999990463257,3.009999990463257,3.009999990463257,3.009999990463257,0.0
2024-09-16 10:03:00+00:00,GLPI,51.540000915527344,51.540000915527344,51.560001373291016,51.52000045776367,51.52000045776367,7300.0
2024-09-16 10:03:00+00:00,HST,17.545000076293945,17.545000076293945,17.549999237060547,17.53499984741211,17.540000915527344,10263.0
2024-09-16 10:03:00+00:00,LAND,14.739999771118164,14.739999771118164,14.739999771118164,14.739999771118164,14.739999771118164,393.0
2024-09-16 10:03:00+00:00,LSEA,12.529999732971191,12.529999732971191,12.549599647521973,12.529999732971191,12.549599647521973,543.0
2024-09-16 10:03:00+00:00,NMRK,15.0,15.0,15.0,15.0,15.0,2225.0
2024-09-16 10:03:00+00:00,NYMT,6.579999923706055,6.579999923706055,6.579999923706055,6.579999923706055,6.579999923706055,943.0
2024-09-16 10:03:00+00:00,OPEN,2.1549999713897705,2.1549999713897705,2.1600000858306885,2.1500000953674316,2.1549999713897705,170534.0
2024-09-16 10:03:00+00:00,OPI,2.2850000858306885,2.2850000858306885,2.2899999618530273,2.2850000858306885,2.2899999618530273,2348.0
2024-09-16 10:03:00+00:00,PCH,45.40999984741211,45.40999984741211,45.40999984741211,45.40999984741211,45.40999984741211,856.0
2024-09-16 10:03:00+00:00,PECO,38.84000015258789,38.84000015258789,38.84000015258789,38.84000015258789,38.84000015258789,576.0
2024-09-16 10:03:00+00:00,RDFN,14.279999732971191,14.279999732971191,14.3100004196167,14.260000228881836,14.30109977722168,31586.0
2024-09-16 10:03:00+00:00,REAX,5.849999904632568,5.849999904632568,5.849999904632568,5.849999904632568,5.849999904632568,888.0
2024-09-16 10:03:00+00:00,REFI,16.040000915527344,16.040000915527344,16.040000915527344,16.040000915527344,16.040000915527344,361.0
2024-09-16 10:03:00+00:00,REG,74.43000030517578,74.43000030517578,74.4800033569336,74.43000030517578,74.4800033569336,1574.0
2024-09-16 10:03:00+00:00,SBAC,246.7899932861328,246.7899932861328,246.88499450683594,246.72000122070312,246.88499450683594,3060.0
2024-09-16 10:03:00+00:00,SBRA,18.454999923706055,18.454999923706055,18.454999923706055,18.454999923706055,18.454999923706055,4068.0
2024-09-16 10:03:00+00:00,UNIT,5.40500020980835,5.40500020980835,5.420000076293945,5.400000095367432,5.40500020980835,20774.0
2024-09-16 10:03:00+00:00,WHLR,7.110000133514404,7.110000133514404,7.239999771118164,7.03000020980835,7.130799770355225,76171.0
2024-09-16 10:04:00+00:00,AFCG,10.380000114440918,10.380000114440918,10.380000114440918,10.380000114440918,10.380000114440918,222.0
2024-09-16 10:04:00+00:00,AGNC,10.454999923706055,10.454999923706055,10.460000038146973,10.45199966430664,10.454999923706055,57734.0
2024-09-16 10:04:00+00:00,CIGI,146.9499969482422,146.9499969482422,146.9499969482422,146.7899932861328,146.7899932861328,743.0
2024-09-16 10:04:00+00:00,CSGP,79.65499877929688,79.65499877929688,79.69999694824219,79.62000274658203,79.62999725341797,2454.0
2024-09-16 10:04:00+00:00,DHC,3.5560998916625977,3.5560998916625977,3.559999942779541,3.555000066757202,3.555000066757202,4371.0
2024-09-16 10:04:00+00:00,EXPI,14.728300094604492,14.728300094604492,14.739999771118164,14.630000114440918,14.630000114440918,14993.0
2024-09-16 10:04:00+00:00,FSV,181.22999572753906,181.22999572753906,181.22999572753906,181.22999572753906,181.22999572753906,563.0
2024-09-16 10:04:00+00:00,FTHM,3.009999990463257,3.009999990463257,3.009999990463257,3.009999990463257,3.009999990463257,400.0
2024-09-16 10:04:00+00:00,GLPI,51.584999084472656,51.584999084472656,51.584999084472656,51.54999923706055,51.54999923706055,7904.0
2024-09-16 10:04:00+00:00,GOOD,16.15690040588379,16.15690040588379,16.15690040588379,16.149999618530273,16.149999618530273,342.0
2024-09-16 10:04:00+00:00,HST,17.565000534057617,17.565000534057617,17.565000534057617,17.545000076293945,17.545000076293945,5294.0
2024-09-16 10:04:00+00:00,ILPT,5.125,5.125,5.125,5.125,5.125,198.0
2024-09-16 10:04:00+00:00,NMRK,15.005000114440918,15.005000114440918,15.005000114440918,15.005000114440918,15.005000114440918,174.0
2024-09-16 10:04:00+00:00,NYMT,6.584099769592285,6.584099769592285,6.584099769592285,6.584099769592285,6.584099769592285,379.0
2024-09-16 10:04:00+00:00,OPEN,2.1600000858306885,2.1600000858306885,2.1600000858306885,2.1500000953674316,2.1507999897003174,70673.0
2024-09-16 10:04:00+00:00,OPI,2.265000104904175,2.265000104904175,2.2799999713897705,2.265000104904175,2.2799999713897705,2383.0
2024-09-16 10:04:00+00:00,PECO,38.849998474121094,38.849998474121094,38.849998474121094,38.849998474121094,38.849998474121094,245.0
2024-09-16 10:04:00+00:00,RDFN,14.3149995803833,14.3149995803833,14.34000015258789,14.244999885559082,14.255000114440918,35813.0
2024-09-16 10:04:00+00:00,REAX,5.860000133514404,5.860000133514404,5.860000133514404,5.849899768829346,5.849899768829346,6027.0
2024-09-16 10:04:00+00:00,REG,74.45999908447266,74.45999908447266,74.45999908447266,74.44000244140625,74.44000244140625,1827.0
2024-09-16 10:04:00+00:00,ROIC,15.904999732971191,15.904999732971191,15.904999732971191,15.899999618530273,15.899999618530273,376.0
2024-09-16 10:04:00+00:00,SBAC,246.75999450683594,246.75999450683594,246.75999450683594,246.7100067138672,246.72000122070312,1915.0
2024-09-16 10:04:00+00:00,SBRA,18.454999923706055,18.454999923706055,18.459999084472656,18.450599670410156,18.450599670410156,6074.0
2024-09-16 10:04:00+00:00,SOHO,1.2400000095367432,1.2400000095367432,1.2400000095367432,1.2400000095367432,1.2400000095367432,885.0
2024-09-16 10:04:00+00:00,SVC,4.531000137329102,4.531000137329102,4.539899826049805,4.53000020980835,4.53000020980835,1472.0
2024-09-16 10:04:00+00:00,UNIT,5.40500020980835,5.40500020980835,5.40500020980835,5.40500020980835,5.40500020980835,433.0
2024-09-16 10:04:00+00:00,WHLR,6.920000076293945,6.920000076293945,7.139900207519531,6.920000076293945,7.099999904632568,45545.0
2024-09-16 10:05:00+00:00,AGNC,10.454999923706055,10.454999923706055,10.454999923706055,10.451199531555176,10.454999923706055,117343.0
2024-09-16 10:05:00+00:00,BPYPN,12.84000015258789,12.84000015258789,12.84000015258789,12.84000015258789,12.84000015258789,500.0
2024-09-16 10:05:00+00:00,CSGP,79.62999725341797,79.62999725341797,79.6500015258789,79.58000183105469,79.6500015258789,2632.0
2024-09-16 10:05:00+00:00,EQIX,877.0,877.0,877.7100219726562,877.0,877.3099975585938,6636.0
2024-09-16 10:05:00+00:00,EXPI,14.729999542236328,14.729999542236328,14.739999771118164,14.729999542236328,14.739999771118164,4943.0
2024-09-16 10:05:00+00:00,GLPI,51.58000183105469,51.58000183105469,51.584999084472656,51.58000183105469,51.584999084472656,4435.0
2024-09-16 10:05:00+00:00,GOOD,16.155000686645508,16.155000686645508,16.155000686645508,16.155000686645508,16.155000686645508,406.0
2024-09-16 10:05:00+00:00,HST,17.55500030517578,17.55500030517578,17.569000244140625,17.55500030517578,17.565000534057617,15230.0
2024-09-16 10:05:00+00:00,ILPT,5.125,5.125,5.125,5.125,5.125,202.0
2024-09-16 10:05:00+00:00,LSEA,12.555000305175781,12.555000305175781,12.555000305175781,12.555000305175781,12.555000305175781,1322.0
2024-09-16 10:05:00+00:00,NMRK,15.010000228881836,15.010000228881836,15.010000228881836,15.010000228881836,15.010000228881836,305.0
2024-09-16 10:05:00+00:00,NYMT,6.579999923706055,6.579999923706055,6.579999923706055,6.579999923706055,6.579999923706055,253.0
2024-09-16 10:05:00+00:00,OPEN,2.1600000858306885,2.1600000858306885,2.1649999618530273,2.1500000953674316,2.1549999713897705,523391.0
2024-09-16 10:05:00+00:00,OPI,2.25,2.25,2.265000104904175,2.25,2.265000104904175,11612.0
2024-09-16 10:05:00+00:00,PCH,45.29999923706055,45.29999923706055,45.29999923706055,45.29999923706055,45.29999923706055,311.0
2024-09-16 10:05:00+00:00,PECO,38.880001068115234,38.880001068115234,38.880001068115234,38.83000183105469,38.83000183105469,1099.0
2024-09-16 10:05:00+00:00,RDFN,14.309900283813477,14.309900283813477,14.350000381469727,14.234999656677246,14.350000381469727,65740.0
2024-09-16 10:05:00+00:00,REAX,5.869999885559082,5.869999885559082,5.869999885559082,5.869999885559082,5.869999885559082,162.0
2024-09-16 10:05:00+00:00,REFI,16.059999465942383,16.059999465942383,16.059999465942383,16.059999465942383,16.059999465942383,207.0
2024-09-16 10:05:00+00:00,REG,74.51000213623047,74.51000213623047,74.51000213623047,74.4800033569336,74.4800033569336,2284.0
2024-09-16 10:05:00+00:00,RMR,25.360000610351562,25.360000610351562,25.360000610351562,25.360000610351562,25.360000610351562,358.0
2024-09-16 10:05:00+00:00,ROIC,15.904999732971191,15.904999732971191,15.904999732971191,15.904999732971191,15.904999732971191,288.0
2024-09-16 10:05:00+00:00,SBAC,246.75,246.75,246.75,246.75,246.75,444.0
2024-09-16 10:05:00+00:00,SBRA,18.450000762939453,18.450000762939453,18.459999084472656,18.450000762939453,18.454999923706055,9570.0
2024-09-16 10:05:00+00:00,SVC,4.53000020980835,4.53000020980835,4.53000020980835,4.53000020980835,4.53000020980835,1843.0
2024-09-16 10:05:00+00:00,UNIT,5.400000095367432,5.400000095367432,5.409999847412109,5.394999980926514,5.409999847412109,12774.0
2024-09-16 10:05:00+00:00,WHLR,6.989999771118164,6.989999771118164,6.989999771118164,6.820000171661377,6.909999847412109,31950.0
2024-09-16 10:06:00+00:00,AFCG,10.390000343322754,10.390000343322754,10.390000343322754,10.390000343322754,10.390000343322754,367.0
2024-09-16 10:06:00+00:00,AGNC,10.454999923706055,10.454999923706055,10.460000038146973,10.449999809265137,10.454999923706055,156318.0
2024-09-16 10:06:00+00:00,AGNCO,25.200000762939453,25.200000762939453,25.200000762939453,25.200000762939453,25.200000762939453,100.0
2024-09-16 10:06:00+00:00,AGNCP,24.433399200439453,24.433399200439453,24.433399200439453,24.433399200439453,24.433399200439453,402.0
2024-09-16 10:06:00+00:00,ASPS,1.159999966621399,1.159999966621399,1.159999966621399,1.159999966621399,1.159999966621399,2500.0
2024-09-16 10:06:00+00:00,CHCI,8.59000015258789,8.59000015258789,8.593799591064453,8.59000015258789,8.59000015258789,4292.0
2024-09-16 10:06:00+00:00,CSGP,79.69000244140625,79.69000244140625,79.69000244140625,79.61000061035156,79.66999816894531,787.0
2024-09-16 10:06:00+00:00,DHC,3.559999942779541,3.559999942779541,3.559999942779541,3.559999942779541,3.559999942779541,275.0
2024-09-16 10:06:00+00:00,EQIX,877.0,877.0,877.0,876.4099731445312,876.4099731445312,649.0
2024-09-16 10:06:00+00:00,EXPI,14.707599639892578,14.707599639892578,14.75,14.700599670410156,14.729999542236328,5468.0
2024-09-16 10:06:00+00:00,GLPI,51.584999084472656,51.584999084472656,51.595001220703125,51.5802001953125,51.59000015258789,2837.0
2024-09-16 10:06:00+00:00,HST,17.55500030517578,17.55500030517578,17.559999465942383,17.55500030517578,17.559999465942383,5057.0
2024-09-16 10:06:00+00:00,LAMR,130.22999572753906,130.22999572753906,130.24000549316406,130.22000122070312,130.24000549316406,2425.0
2024-09-16 10:06:00+00:00,MDJH,0.7189000248908997,0.7189000248908997,0.7189000248908997,0.7189000248908997,0.7189000248908997,5933.0
2024-09-16 10:06:00+00:00,NMRK,15.03499984741211,15.03499984741211,15.03499984741211,15.03499984741211,15.03499984741211,737.0
2024-09-16 10:06:00+00:00,OPEN,2.1449999809265137,2.1449999809265137,2.1600000858306885,2.140000104904175,2.1591999530792236,416213.0
2024-09-16 10:06:00+00:00,PCH,45.345001220703125,45.345001220703125,45.345001220703125,45.345001220703125,45.345001220703125,368.0
2024-09-16 10:06:00+00:00,PECO,38.92499923706055,38.92499923706055,38.939998626708984,38.92499923706055,38.939998626708984,336.0
2024-09-16 10:06:00+00:00,RDFN,14.25,14.25,14.319999694824219,14.234999656677246,14.305000305175781,40278.0
2024-09-16 10:06:00+00:00,REAX,5.885000228881836,5.885000228881836,5.885000228881836,5.869999885559082,5.869999885559082,6590.0
2024-09-16 10:06:00+00:00,ROIC,15.899999618530273,15.899999618530273,15.90999984741211,15.899999618530273,15.90999984741211,1362.0
2024-09-16 10:06:00+00:00,SBAC,246.8699951171875,246.8699951171875,246.89999389648438,246.77000427246094,246.77000427246094,2111.0
2024-09-16 10:06:00+00:00,SBRA,18.454999923706055,18.454999923706055,18.454999923706055,18.454999923706055,18.454999923706055,2162.0
2024-09-16 10:06:00+00:00,UNIT,5.40500020980835,5.40500020980835,5.40500020980835,5.389999866485596,5.394999980926514,15972.0
2024-09-16 10:06:00+00:00,WHLR,7.0,7.0,7.039999961853027,6.889999866485596,6.96999979019165,19991.0
2024-09-16 10:07:00+00:00,AFCG,10.380000114440918,10.380000114440918,10.399999618530273,10.380000114440918,10.399999618530273,2335.0
2024-09-16 10:07:00+00:00,AGNC,10.454999923706055,10.454999923706055,10.460000038146973,10.45009994506836,10.454999923706055,100729.0
2024-09-16 10:07:00+00:00,CHCI,8.652600288391113,8.652600288391113,8.652600288391113,8.652600288391113,8.652600288391113,0.0
2024-09-16 10:07:00+00:00,CSGP,79.68000030517578,79.68000030517578,79.69999694824219,79.63999938964844,79.65499877929688,926.0
2024-09-16 10:07:00+00:00,DHC,3.555000066757202,3.555000066757202,3.555000066757202,3.555000066757202,3.555000066757202,231.0
2024-09-16 10:07:00+00:00,EQIX,877.4199829101562,877.4199829101562,877.4199829101562,877.4199829101562,877.4199829101562,886.0
2024-09-16 10:07:00+00:00,EXPI,14.700900077819824,14.700900077819824,14.719799995422363,14.699999809265137,14.710000038146973,3379.0
2024-09-16 10:07:00+00:00,GLPI,51.595001220703125,51.595001220703125,51.61000061035156,51.584999084472656,51.584999084472656,15310.0
2024-09-16 10:07:00+00:00,HST,17.55500030517578,17.55500030517578,17.55500030517578,17.545000076293945,17.55500030517578,5348.0
2024-09-16 10:07:00+00:00,LAND,14.75,14.75,14.75,14.75,14.75,473.0
2024-09-16 10:07:00+00:00,NMRK,15.039999961853027,15.039999961853027,15.039999961853027,15.039999961853027,15.039999961853027,269.0
2024-09-16 10:07:00+00:00,NYMT,6.585000038146973,6.585000038146973,6.590000152587891,6.585000038146973,6.590000152587891,3289.0
2024-09-16 10:07:00+00:00,OPEN,2.140000104904175,2.140000104904175,2.1500000953674316,2.140000104904175,2.14520001411438,101786.0
2024-09-16 10:07:00+00:00,PCH,45.345001220703125,45.345001220703125,45.345001220703125,45.345001220703125,45.345001220703125,653.0
2024-09-16 10:07:00+00:00,PECO,38.93000030517578,38.93000030517578,38.93000030517578,38.93000030517578,38.93000030517578,503.0
2024-09-16 10:07:00+00:00,RDFN,14.279999732971191,14.279999732971191,14.279999732971191,14.210000038146973,14.244999885559082,30013.0
2024-09-16 10:07:00+00:00,ROIC,15.895000457763672,15.895000457763672,15.899999618530273,15.895000457763672,15.899999618530273,878.0
2024-09-16 10:07:00+00:00,SBRA,18.489999771118164,18.489999771118164,18.489999771118164,18.459999084472656,18.459999084472656,11270.0
2024-09-16 10:07:00+00:00,SOHO,1.2400000095367432,1.2400000095367432,1.2400000095367432,1.23989999294281,1.2400000095367432,1836.0
2024-09-16 10:07:00+00:00,SVC,4.519999980926514,4.519999980926514,4.519999980926514,4.519999980926514,4.519999980926514,147.0
2024-09-16 10:07:00+00:00,UNIT,5.414999961853027,5.414999961853027,5.414999961853027,5.40500020980835,5.40500020980835,7054.0
2024-09-16 10:07:00+00:00,WHLR,6.9008002281188965,6.9008002281188965,7.039999961853027,6.900000095367432,7.039999961853027,9860.0
2024-09-16 10:08:00+00:00,AFCG,10.380000114440918,10.380000114440918,10.380000114440918,10.380000114440918,10.380000114440918,890.0
2024-09-16 10:08:00+00:00,AGNC,10.449999809265137,10.449999809265137,10.460000038146973,10.449999809265137,10.454999923706055,180975.0
2024-09-16 10:08:00+00:00,BPYPN,12.864299774169922,12.864299774169922,12.864299774169922,12.864299774169922,12.864299774169922,4000.0
2024-09-16 10:08:00+00:00,CSGP,79.70999908447266,79.70999908447266,79.70999908447266,79.67500305175781,79.69999694824219,1361.0
2024-09-16 10:08:00+00:00,DHC,3.5350000858306885,3.5350000858306885,3.555000066757202,3.5299999713897705,3.549999952316284,48031.0
2024-09-16 10:08:00+00:00,EXPI,14.729999542236328,14.729999542236328,14.75,14.729999542236328,14.729999542236328,2511.0
2024-09-16 10:08:00+00:00,FRPH,29.780000686645508,29.780000686645508,29.780000686645508,29.780000686645508,29.780000686645508,0.0
2024-09-16 10:08:00+00:00,GLPI,51.6349983215332,51.6349983215332,51.6349983215332,51.595001220703125,51.599998474121094,11003.0
2024-09-16 10:08:00+00:00,GOOD,16.15999984741211,16.15999984741211,16.15999984741211,16.15999984741211,16.15999984741211,968.0
2024-09-16 10:08:00+00:00,HST,17.575000762939453,17.575000762939453,17.579999923706055,17.559999465942383,17.559999465942383,7215.0
2024-09-16 10:08:00+00:00,ILPT,5.130000114440918,5.130000114440918,5.130000114440918,5.130000114440918,5.130000114440918,664.0
2024-09-16 10:08:00+00:00,LAND,14.75,14.75,14.75,14.75,14.75,272.0
2024-09-16 10:08:00+00:00,NMRK,15.069999694824219,15.069999694824219,15.069999694824219,15.065199851989746,15.069999694824219,1593.0
2024-09-16 10:08:00+00:00,OPEN,2.1449999809265137,2.1449999809265137,2.1449999809265137,2.140000104904175,2.1449999809265137,29496.0
2024-09-16 10:08:00+00:00,PCH,45.42499923706055,45.42499923706055,45.42499923706055,45.40999984741211,45.40999984741211,2399.0
2024-09-16 10:08:00+00:00,PECO,38.959999084472656,38.959999084472656,38.959999084472656,38.95000076293945,38.95000076293945,431.0
2024-09-16 10:08:00+00:00,RDFN,14.3100004196167,14.3100004196167,14.319999694824219,14.28499984741211,14.28499984741211,22132.0
2024-09-16 10:08:00+00:00,REAX,5.880000114440918,5.880000114440918,5.885000228881836,5.880000114440918,5.885000228881836,7180.0
2024-09-16 10:08:00+00:00,REFI,16.069599151611328,16.069599151611328,16.069599151611328,16.049999237060547,16.049999237060547,1979.0
2024-09-16 10:08:00+00:00,REG,74.5999984741211,74.5999984741211,74.61000061035156,74.55999755859375,74.55999755859375,2164.0
2024-09-16 10:08:00+00:00,RMR,25.3799991607666,25.3799991607666,25.3799991607666,25.3799991607666,25.3799991607666,103.0
2024-09-16 10:08:00+00:00,SBAC,246.9149932861328,246.9149932861328,246.9499969482422,246.9149932861328,246.9499969482422,695.0
2024-09-16 10:08:00+00:00,SBRA,18.510000228881836,18.510000228881836,18.510000228881836,18.5,18.5,3126.0
2024-09-16 10:08:00+00:00,SVC,4.525000095367432,4.525000095367432,4.525000095367432,4.525000095367432,4.525000095367432,562.0
2024-09-16 10:08:00+00:00,UNIT,5.414999961853027,5.414999961853027,5.414999961853027,5.414999961853027,5.414999961853027,1833.0
2024-09-16 10:08:00+00:00,WHLR,7.111999988555908,7.111999988555908,7.150000095367432,6.889999866485596,6.900000095367432,55347.0
2024-09-16 10:09:00+00:00,AGNC,10.444999694824219,10.444999694824219,10.45989990234375,10.444999694824219,10.455900192260742,69742.0
2024-09-16 10:09:00+00:00,AGNCL,24.414100646972656,24.414100646972656,24.414100646972656,24.414100646972656,24.414100646972656,501.0
2024-09-16 10:09:00+00:00,AGNCO,25.150100708007812,25.150100708007812,25.174999237060547,25.149999618530273,25.174999237060547,1078.0
2024-09-16 10:09:00+00:00,BPYPP,14.880000114440918,14.880000114440918,14.920000076293945,14.845000267028809,14.845000267028809,2790.0
2024-09-16 10:09:00+00:00,CSGP,79.62000274658203,79.62000274658203,79.70999908447266,79.62000274658203,79.66500091552734,2775.0
2024-09-16 10:09:00+00:00,EXPI,14.71500015258789,14.71500015258789,14.739999771118164,14.71500015258789,14.739999771118164,1224.0
2024-09-16 10:09:00+00:00,GLPI,51.64500045776367,51.64500045776367,51.64500045776367,51.630001068115234,51.63999938964844,5947.0
2024-09-16 10:09:00+00:00,GOOD,16.15999984741211,16.15999984741211,16.15999984741211,16.15999984741211,16.15999984741211,574.0
2024-09-16 10:09:00+00:00,GOODN,23.020000457763672,23.020000457763672,23.020000457763672,23.020000457763672,23.020000457763672,85.0
2024-09-16 10:09:00+00:00,HST,17.575000762939453,17.575000762939453,17.579999923706055,17.575000762939453,17.579999923706055,3708.0
2024-09-16 10:09:00+00:00,ILPT,5.135000228881836,5.135000228881836,5.139999866485596,5.135000228881836,5.139999866485596,768.0
2024-09-16 10:09:00+00:00,LAMR,130.6199951171875,130.6199951171875,130.6199951171875,130.4199981689453,130.4199981689453,1085.0
2024-09-16 10:09:00+00:00,NMRK,15.0649995803833,15.0649995803833,15.0649995803833,15.0649995803833,15.0649995803833,560.0
2024-09-16 10:09:00+00:00,OPEN,2.139899969100952,2.139899969100952,2.149899959564209,2.130000114440918,2.1449999809265137,296475.0
2024-09-16 10:09:00+00:00,OPI,2.25,2.25,2.255000114440918,2.25,2.255000114440918,7638.0
2024-09-16 10:09:00+00:00,PCH,45.42499923706055,45.42499923706055,45.42499923706055,45.42499923706055,45.42499923706055,104.0
2024-09-16 10:09:00+00:00,PECO,38.965301513671875,38.965301513671875,38.965301513671875,38.965301513671875,38.965301513671875,816.0
2024-09-16 10:09:00+00:00,RDFN,14.25,14.25,14.3100004196167,14.199999809265137,14.295000076293945,26931.0
2024-09-16 10:09:00+00:00,REAX,5.894999980926514,5.894999980926514,5.894999980926514,5.889999866485596,5.889999866485596,977.0
2024-09-16 10:09:00+00:00,REG,74.625,74.625,74.625,74.625,74.625,558.0
2024-09-16 10:09:00+00:00,SBAC,246.6999969482422,246.6999969482422,246.94000244140625,246.6999969482422,246.93499755859375,7558.0
2024-09-16 10:09:00+00:00,SBRA,18.4950008392334,18.4950008392334,18.5049991607666,18.4950008392334,18.5049991607666,4940.0
2024-09-16 10:09:00+00:00,SOHO,1.2300000190734863,1.2300000190734863,1.2300000190734863,1.2300000190734863,1.2300000190734863,0.0
2024-09-16 10:09:00+00:00,UNIT,5.414999961853027,5.414999961853027,5.425000190734863,5.414999961853027,5.414999961853027,11223.0
2024-09-16 10:09:00+00:00,WHLR,7.246399879455566,7.246399879455566,7.289899826049805,7.072500228881836,7.099999904632568,98854.0
2024-09-16 10:10:00+00:00,AFCG,10.36359977722168,10.36359977722168,10.36359977722168,10.36359977722168,10.36359977722168,552.0
2024-09-16 10:10:00+00:00,AGNC,10.444999694824219,10.444999694824219,10.444999694824219,10.4399995803833,10.4399995803833,5418.0
2024-09-16 10:10:00+00:00,BPYPO,14.079999923706055,14.079999923706055,14.079999923706055,14.079999923706055,14.079999923706055,304.0
2024-09-16 10:10:00+00:00,CIGI,146.9499969482422,146.9499969482422,146.9499969482422,146.9499969482422,146.9499969482422,131.0
2024-09-16 10:10:00+00:00,CSGP,79.54000091552734,79.54000091552734,79.61000061035156,79.5199966430664,79.58999633789062,1174.0
2024-09-16 10:10:00+00:00,DHC,3.549999952316284,3.549999952316284,3.549999952316284,3.5399999618530273,3.5399999618530273,2986.0
2024-09-16 10:10:00+00:00,EXPI,14.6899995803833,14.6899995803833,14.696700096130371,14.6899995803833,14.696700096130371,622.0
2024-09-16 10:10:00+00:00,GLPI,51.6349983215332,51.6349983215332,51.650001525878906,51.619998931884766,51.630001068115234,7305.0
2024-09-16 10:10:00+00:00,GOOD,16.15999984741211,16.15999984741211,16.167999267578125,16.15999984741211,16.167999267578125,1404.0
2024-09-16 10:10:00+00:00,HST,17.565000534057617,17.565000534057617,17.575000762939453,17.565000534057617,17.575000762939453,7121.0
2024-09-16 10:10:00+00:00,ILPT,5.135000228881836,5.135000228881836,5.139999866485596,5.135000228881836,5.139999866485596,831.0
2024-09-16 10:10:00+00:00,LAND,14.739999771118164,14.739999771118164,14.739999771118164,14.739999771118164,14.739999771118164,877.0
2024-09-16 10:10:00+00:00,LOAN,5.21999979019165,5.21999979019165,5.21999979019165,5.21999979019165,5.21999979019165,757.0
2024-09-16 10:10:00+00:00,NMRK,15.039999961853027,15.039999961853027,15.0600004196167,15.039999961853027,15.0600004196167,1298.0
2024-09-16 10:10:00+00:00,OPEN,2.1549999713897705,2.1549999713897705,2.1600000858306885,2.1328999996185303,2.1328999996185303,276722.0
2024-09-16 10:10:00+00:00,OPI,2.255000114440918,2.255000114440918,2.255000114440918,2.255000114440918,2.255000114440918,1346.0
2024-09-16 10:10:00+00:00,PCH,45.415000915527344,45.415000915527344,45.415000915527344,45.415000915527344,45.415000915527344,104.0
2024-09-16 10:10:00+00:00,PECO,38.959999084472656,38.959999084472656,38.974998474121094,38.959999084472656,38.974998474121094,316.0
2024-09-16 10:10:00+00:00,RDFN,14.229999542236328,14.229999542236328,14.25,14.199999809265137,14.234999656677246,23869.0
2024-09-16 10:10:00+00:00,REAX,5.909999847412109,5.909999847412109,5.909999847412109,5.891900062561035,5.894999980926514,5666.0
2024-09-16 10:10:00+00:00,REFI,16.040000915527344,16.040000915527344,16.049999237060547,16.039199829101562,16.049999237060547,816.0
2024-09-16 10:10:00+00:00,REG,74.63500213623047,74.63500213623047,74.63500213623047,74.5999984741211,74.5999984741211,1502.0
2024-09-16 10:10:00+00:00,RMR,25.354999542236328,25.354999542236328,25.354999542236328,25.354999542236328,25.354999542236328,287.0
2024-09-16 10:10:00+00:00,ROIC,15.880000114440918,15.880000114440918,15.890000343322754,15.880000114440918,15.890000343322754,1142.0
2024-09-16 10:10:00+00:00,SBAC,246.6999969482422,246.6999969482422,246.86000061035156,246.6999969482422,246.77000427246094,3231.0
2024-09-16 10:10:00+00:00,SBRA,18.5,18.5,18.5,18.4950008392334,18.4950008392334,2619.0
2024-09-16 10:10:00+00:00,SVC,4.525000095367432,4.525000095367432,4.525000095367432,4.525000095367432,4.525000095367432,432.0
2024-09-16 10:10:00+00:00,UNIT,5.414999961853027,5.414999961853027,5.420000076293945,5.40500020980835,5.414999961853027,20932.0
2024-09-16 10:10:00+00:00,WHLR,7.139999866485596,7.139999866485596,7.244999885559082,7.03000020980835,7.244999885559082,32634.0
2024-09-16 10:11:00+00:00,AFCG,10.369999885559082,10.369999885559082,10.375,10.369999885559082,10.375,1586.0
2024-09-16 10:11:00+00:00,AGNC,10.449999809265137,10.449999809265137,10.460000038146973,10.4399995803833,10.446900367736816,586263.0
2024-09-16 10:11:00+00:00,BPYPN,12.90999984741211,12.90999984741211,12.920000076293945,12.90999984741211,12.90999984741211,0.0
2024-09-16 10:11:00+00:00,BPYPO,14.149999618530273,14.149999618530273,14.149999618530273,14.10990047454834,14.109999656677246,2814.0
2024-09-16 10:11:00+00:00,CSGP,79.55999755859375,79.55999755859375,79.55999755859375,79.51499938964844,79.51499938964844,991.0
2024-09-16 10:11:00+00:00,EQIX,877.0900268554688,877.0900268554688,877.0900268554688,877.0900268554688,877.0900268554688,626.0
2024-09-16 10:11:00+00:00,EXPI,14.739999771118164,14.739999771118164,14.739999771118164,14.699999809265137,14.699999809265137,2158.0
2024-09-16 10:11:00+00:00,GLPI,51.6349983215332,51.6349983215332,51.6349983215332,51.625,51.6349983215332,1866.0
2024-09-16 10:11:00+00:00,GOOD,16.18000030517578,16.18000030517578,16.18000030517578,16.15999984741211,16.15999984741211,2375.0
2024-09-16 10:11:00+00:00,HST,17.565000534057617,17.565000534057617,17.56999969482422,17.5625,17.565000534057617,5598.0
2024-09-16 10:11:00+00:00,ILPT,5.139999866485596,5.139999866485596,5.139999866485596,5.139999866485596,5.139999866485596,262.0
2024-09-16 10:11:00+00:00,LAMR,130.61000061035156,130.61000061035156,130.61000061035156,130.61000061035156,130.61000061035156,320.0
2024-09-16 10:11:00+00:00,NYMT,6.59499979019165,6.59499979019165,6.59499979019165,6.590000152587891,6.590000152587891,709.0
2024-09-16 10:11:00+00:00,OPEN,2.1700000762939453,2.1700000762939453,2.1700000762939453,2.1500000953674316,2.1600000858306885,71722.0
2024-09-16 10:11:00+00:00,OPI,2.255000114440918,2.255000114440918,2.255000114440918,2.255000114440918,2.255000114440918,0.0
2024-09-16 10:11:00+00:00,PCH,45.415000915527344,45.415000915527344,45.415000915527344,45.415000915527344,45.415000915527344,200.0
2024-09-16 10:11:00+00:00,PECO,38.935001373291016,38.935001373291016,38.95000076293945,38.935001373291016,38.95000076293945,1003.0
2024-09-16 10:11:00+00:00,RDFN,14.419699668884277,14.419699668884277,14.420000076293945,14.234999656677246,14.239999771118164,46890.0
2024-09-16 10:11:00+00:00,REAX,5.920000076293945,5.920000076293945,5.920000076293945,5.920000076293945,5.920000076293945,420.0
2024-09-16 10:11:00+00:00,REG,74.63999938964844,74.63999938964844,74.63999938964844,74.62000274658203,74.62000274658203,1088.0
2024-09-16 10:11:00+00:00,RMR,25.350000381469727,25.350000381469727,25.350000381469727,25.350000381469727,25.350000381469727,304.0
2024-09-16 10:11:00+00:00,ROIC,15.880000114440918,15.880000114440918,15.880000114440918,15.880000114440918,15.880000114440918,254.0
2024-09-16 10:11:00+00:00,SBAC,246.59500122070312,246.59500122070312,246.6750030517578,246.58999633789062,246.6750030517578,1319.0
2024-09-16 10:11:00+00:00,SBRA,18.520000457763672,18.520000457763672,18.520000457763672,18.5,18.5,3438.0
2024-09-16 10:11:00+00:00,SVC,4.519999980926514,4.519999980926514,4.519999980926514,4.514999866485596,4.519999980926514,3864.0
2024-09-16 10:11:00+00:00,UNIT,5.414999961853027,5.414999961853027,5.414999961853027,5.414999961853027,5.414999961853027,401.0
2024-09-16 10:11:00+00:00,WHLR,7.078000068664551,7.078000068664551,7.139999866485596,6.960100173950195,7.132500171661377,29209.0
2024-09-16 10:12:00+00:00,AGNC,10.4350004196167,10.4350004196167,10.444999694824219,10.430000305175781,10.444999694824219,57414.0
2024-09-16 10:12:00+00:00,CIGI,146.93499755859375,146.93499755859375,146.94000244140625,146.93499755859375,146.94000244140625,510.0
2024-09-16 10:12:00+00:00,CSGP,79.55999755859375,79.55999755859375,79.5999984741211,79.51000213623047,79.53500366210938,4985.0
2024-09-16 10:12:00+00:00,DHC,3.549999952316284,3.549999952316284,3.549999952316284,3.549999952316284,3.549999952316284,400.0
2024-09-16 10:12:00+00:00,EQIX,876.4000244140625,876.4000244140625,876.4000244140625,876.4000244140625,876.4000244140625,208.0
2024-09-16 10:12:00+00:00,EXPI,14.739999771118164,14.739999771118164,14.75,14.739999771118164,14.75,711.0
2024-09-16 10:12:00+00:00,FSV,181.2899932861328,181.2899932861328,181.2899932861328,181.27000427246094,181.27000427246094,494.0
2024-09-16 10:12:00+00:00,GLPI,51.65999984741211,51.65999984741211,51.65999984741211,51.63999938964844,51.63999938964844,5916.0
2024-09-16 10:12:00+00:00,HST,17.575000762939453,17.575000762939453,17.579999923706055,17.565000534057617,17.56999969482422,5603.0
2024-09-16 10:12:00+00:00,MDJH,0.7002000212669373,0.7002000212669373,0.7099999785423279,0.7002000212669373,0.7045999765396118,8950.0
2024-09-16 10:12:00+00:00,NMRK,15.069999694824219,15.069999694824219,15.069999694824219,15.045000076293945,15.045000076293945,2140.0
2024-09-16 10:12:00+00:00,OPEN,2.1649999618530273,2.1649999618530273,2.180000066757202,2.1600000858306885,2.1698999404907227,237798.0
2024-09-16 10:12:00+00:00,OPI,2.255000114440918,2.255000114440918,2.255000114440918,2.255000114440918,2.255000114440918,11.0
2024-09-16 10:12:00+00:00,PCH,45.39500045776367,45.39500045776367,45.39500045776367,45.380001068115234,45.38999938964844,937.0
2024-09-16 10:12:00+00:00,PECO,38.95500183105469,38.95500183105469,38.95500183105469,38.95500183105469,38.95500183105469,106.0
2024-09-16 10:12:00+00:00,RDFN,14.338800430297852,14.338800430297852,14.430000305175781,14.338800430297852,14.40999984741211,11712.0
2024-09-16 10:12:00+00:00,REG,74.66000366210938,74.66000366210938,74.69999694824219,74.66000366210938,74.68000030517578,2125.0
2024-09-16 10:12:00+00:00,ROIC,15.880000114440918,15.880000114440918,15.890000343322754,15.880000114440918,15.890000343322754,481.0
2024-09-16 10:12:00+00:00,SBAC,246.52000427246094,246.52000427246094,246.59750366210938,246.49000549316406,246.59500122070312,2758.0
2024-09-16 10:12:00+00:00,SBRA,18.514999389648438,18.514999389648438,18.520000457763672,18.514999389648438,18.514999389648438,2329.0
2024-09-16 10:12:00+00:00,SVC,4.525000095367432,4.525000095367432,4.525000095367432,4.525000095367432,4.525000095367432,308.0
2024-09-16 10:12:00+00:00,UNIT,5.400000095367432,5.400000095367432,5.414999961853027,5.400000095367432,5.414999961853027,3327.0
2024-09-16 10:12:00+00:00,WHLR,6.962600231170654,6.962600231170654,7.150000095367432,6.960999965667725,7.110000133514404,40804.0
2024-09-16 10:13:00+00:00,AGNC,10.439800262451172,10.439800262451172,10.4399995803833,10.430000305175781,10.4399995803833,21630.0
2024-09-16 10:13:00+00:00,BPYPP,15.0,15.0,15.0,15.0,15.0,2558.0
2024-09-16 10:13:00+00:00,CHCI,8.539999961853027,8.539999961853027,8.539999961853027,8.539999961853027,8.539999961853027,3584.0
2024-09-16 10:13:00+00:00,CIGI,147.05499267578125,147.05499267578125,147.16000366210938,147.0050048828125,147.0050048828125,463.0
2024-09-16 10:13:00+00:00,CSGP,79.625,79.625,79.625,79.55000305175781,79.55000305175781,2494.0
2024-09-16 10:13:00+00:00,EQIX,876.9199829101562,876.9199829101562,876.9199829101562,876.9199829101562,876.9199829101562,148.0
2024-09-16 10:13:00+00:00,EXPI,14.725000381469727,14.725000381469727,14.729999542236328,14.725000381469727,14.729999542236328,304.0
2024-09-16 10:13:00+00:00,GLPI,51.65999984741211,51.65999984741211,51.65999984741211,51.630001068115234,51.630001068115234,2029.0
2024-09-16 10:13:00+00:00,GOOD,16.18000030517578,16.18000030517578,16.18000030517578,16.18000030517578,16.18000030517578,683.0
2024-09-16 10:13:00+00:00,HST,17.565000534057617,17.565000534057617,17.579999923706055,17.565000534057617,17.575000762939453,17080.0
2024-09-16 10:13:00+00:00,ILPT,5.150000095367432,5.150000095367432,5.150000095367432,5.144999980926514,5.144999980926514,201.0
2024-09-16 10:13:00+00:00,LAMR,130.34500122070312,130.34500122070312,130.3553924560547,130.1300048828125,130.3553924560547,862.0
2024-09-16 10:13:00+00:00,MDJH,0.7074999809265137,0.7074999809265137,0.7099999785423279,0.7074999809265137,0.7099999785423279,0.0
2024-09-16 10:13:00+00:00,NYMT,6.585000038146973,6.585000038146973,6.590000152587891,6.585000038146973,6.590000152587891,535.0
2024-09-16 10:13:00+00:00,OPEN,2.1700000762939453,2.1700000762939453,2.1700000762939453,2.1500000953674316,2.1649999618530273,246437.0
2024-09-16 10:13:00+00:00,PCH,45.380001068115234,45.380001068115234,45.39500045776367,45.380001068115234,45.39500045776367,543.0
2024-09-16 10:13:00+00:00,RDFN,14.3100004196167,14.3100004196167,14.330100059509277,14.289999961853027,14.330100059509277,28895.0
2024-09-16 10:13:00+00:00,REAX,5.920000076293945,5.920000076293945,5.920000076293945,5.920000076293945,5.920000076293945,2584.0
2024-09-16 10:13:00+00:00,REG,74.63999938964844,74.63999938964844,74.66000366210938,74.62999725341797,74.63999938964844,11990.0
2024-09-16 10:13:00+00:00,RMR,25.350000381469727,25.350000381469727,25.350000381469727,25.350000381469727,25.350000381469727,1071.0
2024-09-16 10:13:00+00:00,ROIC,15.869999885559082,15.869999885559082,15.869999885559082,15.869999885559082,15.869999885559082,307.0
2024-09-16 10:13:00+00:00,SBAC,246.26499938964844,246.26499938964844,246.35000610351562,246.22000122070312,246.35000610351562,2294.0
2024-09-16 10:13:00+00:00,SBRA,18.530000686645508,18.530000686645508,18.530000686645508,18.514999389648438,18.514999389648438,4725.0
2024-09-16 10:13:00+00:00,SVC,4.525000095367432,4.525000095367432,4.525000095367432,4.519999980926514,4.519999980926514,881.0
2024-09-16 10:13:00+00:00,UNIT,5.392600059509277,5.392600059509277,5.400000095367432,5.389999866485596,5.400000095367432,5251.0
2024-09-16 10:13:00+00:00,WHLR,7.210000038146973,7.210000038146973,7.210000038146973,6.929999828338623,6.96999979019165,69708.0
2024-09-16 10:14:00+00:00,AFCG,10.345000267028809,10.345000267028809,10.359999656677246,10.345000267028809,10.359999656677246,10107.0
2024-09-16 10:14:00+00:00,AGNC,10.440099716186523,10.440099716186523,10.444999694824219,10.4350004196167,10.4350004196167,163006.0
2024-09-16 10:14:00+00:00,BPYPN,12.90999984741211,12.90999984741211,12.90999984741211,12.90999984741211,12.90999984741211,200.0
2024-09-16 10:14:00+00:00,CSGP,79.5250015258789,79.5250015258789,79.63999938964844,79.5250015258789,79.62999725341797,2882.0
2024-09-16 10:14:00+00:00,DHC,3.5350000858306885,3.5350000858306885,3.5399999618530273,3.5350000858306885,3.5399999618530273,2752.0
2024-09-16 10:14:00+00:00,EQIX,877.4600219726562,877.4600219726562,877.4600219726562,876.9400024414062,876.9400024414062,668.0
2024-09-16 10:14:00+00:00,EXPI,14.740099906921387,14.740099906921387,14.740099906921387,14.729999542236328,14.729999542236328,1633.0
2024-09-16 10:14:00+00:00,GLPI,51.654998779296875,51.654998779296875,51.654998779296875,51.654998779296875,51.654998779296875,1380.0
2024-09-16 10:14:00+00:00,HST,17.545000076293945,17.545000076293945,17.56999969482422,17.540000915527344,17.565000534057617,8425.0
2024-09-16 10:14:00+00:00,LAMR,130.4499969482422,130.4499969482422,130.4499969482422,130.4199981689453,130.4199981689453,413.0
2024-09-16 10:14:00+00:00,NMRK,15.045000076293945,15.045000076293945,15.045000076293945,15.045000076293945,15.045000076293945,2945.0
2024-09-16 10:14:00+00:00,NYMT,6.579999923706055,6.579999923706055,6.585000038146973,6.579999923706055,6.585000038146973,270.0
2024-09-16 10:14:00+00:00,NYMTM,24.260000228881836,24.260000228881836,24.270000457763672,24.230300903320312,24.270000457763672,737.0
2024-09-16 10:14:00+00:00,OPEN,2.174999952316284,2.174999952316284,2.180000066757202,2.1600000858306885,2.1649999618530273,174897.0
2024-09-16 10:14:00+00:00,PECO,38.94499969482422,38.94499969482422,38.94499969482422,38.94499969482422,38.94499969482422,2020.0
2024-09-16 10:14:00+00:00,RDFN,14.390000343322754,14.390000343322754,14.40999984741211,14.3100004196167,14.3100004196167,19786.0
2024-09-16 10:14:00+00:00,REAX,5.91510009765625,5.91510009765625,5.91510009765625,5.91510009765625,5.91510009765625,917.0
2024-09-16 10:14:00+00:00,REFI,16.010000228881836,16.010000228881836,16.010000228881836,16.010000228881836,16.010000228881836,321.0
2024-09-16 10:14:00+00:00,REG,74.66999816894531,74.66999816894531,74.68000030517578,74.63500213623047,74.63500213623047,6498.0
2024-09-16 10:14:00+00:00,ROIC,15.864999771118164,15.864999771118164,15.864999771118164,15.864999771118164,15.864999771118164,527.0
2024-09-16 10:14:00+00:00,SBAC,246.35000610351562,246.35000610351562,246.41000366210938,246.25,246.25,2511.0
2024-09-16 10:14:00+00:00,SBRA,18.530000686645508,18.530000686645508,18.540000915527344,18.530000686645508,18.530000686645508,5408.0
2024-09-16 10:14:00+00:00,SVC,4.534999847412109,4.534999847412109,4.534999847412109,4.525000095367432,4.525000095367432,4539.0
2024-09-16 10:14:00+00:00,UNIT,5.380000114440918,5.380000114440918,5.394999980926514,5.380000114440918,5.389999866485596,385.0
2024-09-16 10:14:00+00:00,WHLR,7.236800193786621,7.236800193786621,7.379899978637695,7.130000114440918,7.216000080108643,149779.0
2024-09-16 10:15:00+00:00,AFCG,10.331100463867188,10.331100463867188,10.331100463867188,10.331100463867188,10.331100463867188,3037.0
2024-09-16 10:15:00+00:00,AGNC,10.444999694824219,10.444999694824219,10.446399688720703,10.440099716186523,10.441399574279785,13803.0
2024-09-16 10:15:00+00:00,ASPS,1.1699999570846558,1.1699999570846558,1.1699999570846558,1.159999966621399,1.1649999618530273,4900.0
2024-09-16 10:15:00+00:00,CSGP,79.61000061035156,79.61000061035156,79.61000061035156,79.55500030517578,79.55999755859375,1964.0
2024-09-16 10:15:00+00:00,EQIX,877.6900024414062,877.6900024414062,877.6900024414062,877.6900024414062,877.6900024414062,124.0
2024-09-16 10:15:00+00:00,EXPI,14.739999771118164,14.739999771118164,14.739999771118164,14.739999771118164,14.739999771118164,316.0
2024-09-16 10:15:00+00:00,GLPI,51.65999984741211,51.65999984741211,51.65999984741211,51.654998779296875,51.654998779296875,1782.0
2024-09-16 10:15:00+00:00,HST,17.514999389648438,17.514999389648438,17.545000076293945,17.510000228881836,17.545000076293945,7916.0
2024-09-16 10:15:00+00:00,ILPT,5.139999866485596,5.139999866485596,5.150000095367432,5.139999866485596,5.144999980926514,3367.0
2024-09-16 10:15:00+00:00,LSEA,12.609999656677246,12.609999656677246,12.609999656677246,12.609999656677246,12.609999656677246,865.0
2024-09-16 10:15:00+00:00,NYMTN,22.360000610351562,22.360000610351562,22.469999313354492,22.350000381469727,22.38159942626953,2088.0
2024-09-16 10:15:00+00:00,OPEN,2.174999952316284,2.174999952316284,2.180000066757202,2.1700000762939453,2.1740000247955322,17117.0
2024-09-16 10:15:00+00:00,PCH,45.31999969482422,45.31999969482422,45.31999969482422,45.31999969482422,45.31999969482422,104.0
2024-09-16 10:15:00+00:00,PECO,38.940101623535156,38.940101623535156,38.940101623535156,38.940101623535156,38.940101623535156,1572.0
2024-09-16 10:15:00+00:00,RDFN,14.385000228881836,14.385000228881836,14.430000305175781,14.370100021362305,14.395000457763672,29415.0
2024-09-16 10:15:00+00:00,REG,74.69000244140625,74.69000244140625,74.69000244140625,74.67500305175781,74.67500305175781,725.0
2024-09-16 10:15:00+00:00,SBAC,246.52999877929688,246.52999877929688,246.52999877929688,246.35000610351562,246.35000610351562,2503.0
2024-09-16 10:15:00+00:00,SBRA,18.524999618530273,18.524999618530273,18.530000686645508,18.524999618530273,18.530000686645508,2874.0
2024-09-16 10:15:00+00:00,SVC,4.534999847412109,4.534999847412109,4.539899826049805,4.534999847412109,4.539899826049805,1156.0
2024-09-16 10:15:00+00:00,UNIT,5.380000114440918,5.380000114440918,5.385000228881836,5.380000114440918,5.385000228881836,756.0
2024-09-16 10:15:00+00:00,WHLR,7.298699855804443,7.298699855804443,7.340000152587891,7.039999961853027,7.218999862670898,94386.0
2024-09-16 10:16:00+00:00,AFCG,10.34000015258789,10.34000015258789,10.350000381469727,10.34000015258789,10.350000381469727,1006.0
2024-09-16 10:16:00+00:00,AGNC,10.444999694824219,10.444999694824219,10.449999809265137,10.4399995803833,10.449999809265137,30482.0
2024-09-16 10:16:00+00:00,AGNCL,24.030000686645508,24.030000686645508,24.405000686645508,23.959999084472656,24.405000686645508,20320.0
2024-09-16 10:16:00+00:00,CIGI,147.22999572753906,147.22999572753906,147.22999572753906,147.22999572753906,147.22999572753906,648.0
2024-09-16 10:16:00+00:00,CSGP,79.55000305175781,79.55000305175781,79.62000274658203,79.55000305175781,79.62000274658203,1716.0
2024-09-16 10:16:00+00:00,EQIX,877.010009765625,877.010009765625,877.010009765625,877.010009765625,877.010009765625,202.0
2024-09-16 10:16:00+00:00,EXPI,14.779999732971191,14.779999732971191,14.829999923706055,14.729999542236328,14.739999771118164,18246.0
2024-09-16 10:16:00+00:00,GLPI,51.68000030517578,51.68000030517578,51.68000030517578,51.65999984741211,51.65999984741211,1769.0
2024-09-16 10:16:00+00:00,HST,17.520000457763672,17.520000457763672,17.53499984741211,17.514999389648438,17.514999389648438,12596.0
2024-09-16 10:16:00+00:00,LAMR,130.4499969482422,130.4499969482422,130.4499969482422,130.4499969482422,130.4499969482422,243.0
2024-09-16 10:16:00+00:00,NYMT,6.590000152587891,6.590000152587891,6.590000152587891,6.585000038146973,6.585000038146973,515.0
2024-09-16 10:16:00+00:00,NYMTM,24.235000610351562,24.235000610351562,24.28499984741211,24.235000610351562,24.2450008392334,682.0
2024-09-16 10:16:00+00:00,NYMTN,22.25,22.25,22.360000610351562,22.100000381469727,22.350000381469727,12055.0
2024-09-16 10:16:00+00:00,OPEN,2.174999952316284,2.174999952316284,2.180000066757202,2.1700000762939453,2.174999952316284,137592.0
2024-09-16 10:16:00+00:00,OPI,2.255000114440918,2.255000114440918,2.255000114440918,2.255000114440918,2.255000114440918,5464.0
2024-09-16 10:16:00+00:00,PCH,45.31999969482422,45.31999969482422,45.31999969482422,45.31999969482422,45.31999969482422,301.0
2024-09-16 10:16:00+00:00,RDFN,14.409899711608887,14.409899711608887,14.409899711608887,14.323200225830078,14.38010025024414,24388.0
2024-09-16 10:16:00+00:00,REAX,5.909999847412109,5.909999847412109,5.960000038146973,5.909999847412109,5.929999828338623,15947.0
2024-09-16 10:16:00+00:00,ROIC,15.875,15.875,15.875,15.875,15.875,134.0
2024-09-16 10:16:00+00:00,SBAC,246.44000244140625,246.44000244140625,246.44000244140625,246.4199981689453,246.4199981689453,1080.0
2024-09-16 10:16:00+00:00,SBRA,18.524999618530273,18.524999618530273,18.530000686645508,18.524999618530273,18.524999618530273,2669.0
2024-09-16 10:16:00+00:00,UNIT,5.375,5.375,5.385000228881836,5.369999885559082,5.385000228881836,7028.0
2024-09-16 10:16:00+00:00,WHLR,7.226500034332275,7.226500034332275,7.449999809265137,7.150000095367432,7.340000152587891,154818.0
2024-09-16 10:17:00+00:00,AFCG,10.34000015258789,10.34000015258789,10.34000015258789,10.34000015258789,10.34000015258789,220.0
2024-09-16 10:17:00+00:00,AGNC,10.444999694824219,10.444999694824219,10.449999809265137,10.440099716186523,10.440099716186523,40499.0
2024-09-16 10:17:00+00:00,AGNCL,24.059999465942383,24.059999465942383,24.09000015258789,24.030000686645508,24.06999969482422,19400.0
2024-09-16 10:17:00+00:00,AGNCM,25.350000381469727,25.350000381469727,25.350000381469727,25.350000381469727,25.350000381469727,5102.0
2024-09-16 10:17:00+00:00,CSGP,79.55999755859375,79.55999755859375,79.58999633789062,79.5199966430664,79.55500030517578,2078.0
2024-09-16 10:17:00+00:00,DUO,0.42660000920295715,0.42660000920295715,0.42660000920295715,0.42660000920295715,0.42660000920295715,1317.0
2024-09-16 10:17:00+00:00,EQIX,877.8699951171875,877.8699951171875,877.8699951171875,877.8699951171875,877.8699951171875,411.0
2024-09-16 10:17:00+00:00,EXPI,14.800000190734863,14.800000190734863,14.800000190734863,14.800000190734863,14.800000190734863,481.0
2024-09-16 10:17:00+00:00,GLPI,51.68000030517578,51.68000030517578,51.689998626708984,51.66999816894531,51.66999816894531,2477.0
2024-09-16 10:17:00+00:00,GOOD,16.190000534057617,16.190000534057617,16.190000534057617,16.190000534057617,16.190000534057617,443.0
2024-09-16 10:17:00+00:00,HST,17.520000457763672,17.520000457763672,17.524999618530273,17.510000228881836,17.520000457763672,9490.0
2024-09-16 10:17:00+00:00,LAMR,130.2899932861328,130.2899932861328,130.44000244140625,130.2899932861328,130.44000244140625,404.0
2024-09-16 10:17:00+00:00,LSEA,12.600000381469727,12.600000381469727,12.600000381469727,12.600000381469727,12.600000381469727,118.0
2024-09-16 10:17:00+00:00,MDJH,0.699999988079071,0.699999988079071,0.699999988079071,0.699999988079071,0.699999988079071,186.0
2024-09-16 10:17:00+00:00,NYMT,6.590000152587891,6.590000152587891,6.590000152587891,6.590000152587891,6.590000152587891,700.0
2024-09-16 10:17:00+00:00,OPEN,2.1796998977661133,2.1796998977661133,2.180000066757202,2.1700000762939453,2.174999952316284,32343.0
2024-09-16 10:17:00+00:00,PCH,45.36000061035156,45.36000061035156,45.36000061035156,45.30500030517578,45.30500030517578,741.0
2024-09-16 10:17:00+00:00,PECO,38.97999954223633,38.97999954223633,38.97999954223633,38.95000076293945,38.95000076293945,928.0
2024-09-16 10:17:00+00:00,RDFN,14.310099601745605,14.310099601745605,14.404999732971191,14.3100004196167,14.404999732971191,38999.0
2024-09-16 10:17:00+00:00,REAX,5.900000095367432,5.900000095367432,5.900000095367432,5.869999885559082,5.869999885559082,2014.0
2024-09-16 10:17:00+00:00,REG,74.72000122070312,74.72000122070312,74.72000122070312,74.68499755859375,74.68499755859375,1639.0
2024-09-16 10:17:00+00:00,ROIC,15.899999618530273,15.899999618530273,15.899999618530273,15.880000114440918,15.880000114440918,932.0
2024-09-16 10:17:00+00:00,SBAC,246.5399932861328,246.5399932861328,246.5399932861328,246.4499969482422,246.4499969482422,1206.0
2024-09-16 10:17:00+00:00,SBRA,18.514999389648438,18.514999389648438,18.524999618530273,18.510000228881836,18.524999618530273,4658.0
2024-09-16 10:17:00+00:00,UNIT,5.380000114440918,5.380000114440918,5.385000228881836,5.375,5.380000114440918,5381.0
2024-09-16 10:17:00+00:00,WHLR,7.414999961853027,7.414999961853027,7.440000057220459,7.260000228881836,7.284999847412109,101420.0
2024-09-16 10:18:00+00:00,AFCG,10.350000381469727,10.350000381469727,10.350000381469727,10.345000267028809,10.345000267028809,380.0
2024-09-16 10:18:00+00:00,AGNC,10.444999694824219,10.444999694824219,10.449999809265137,10.4399995803833,10.4399995803833,13739.0
2024-09-16 10:18:00+00:00,AGNCL,24.110000610351562,24.110000610351562,24.110000610351562,24.06999969482422,24.06999969482422,9511.0
2024-09-16 10:18:00+00:00,CSGP,79.58999633789062,79.58999633789062,79.5999984741211,79.5199966430664,79.58999633789062,1195.0
2024-09-16 10:18:00+00:00,EXPI,14.770000457763672,14.770000457763672,14.789999961853027,14.770000457763672,14.779999732971191,3527.0
2024-09-16 10:18:00+00:00,GLPI,51.650001525878906,51.650001525878906,51.66999816894531,51.650001525878906,51.66999816894531,1918.0
2024-09-16 10:18:00+00:00,HST,17.524999618530273,17.524999618530273,17.524999618530273,17.520000457763672,17.524999618530273,758.0
2024-09-16 10:18:00+00:00,LAMR,130.2407989501953,130.2407989501953,130.2407989501953,130.2407989501953,130.2407989501953,386.0
2024-09-16 10:18:00+00:00,LSEA,12.59000015258789,12.59000015258789,12.59000015258789,12.59000015258789,12.59000015258789,472.0
2024-09-16 10:18:00+00:00,NMRK,15.069999694824219,15.069999694824219,15.069999694824219,15.069999694824219,15.069999694824219,957.0
2024-09-16 10:18:00+00:00,NYMT,6.590099811553955,6.590099811553955,6.590099811553955,6.590099811553955,6.590099811553955,151.0
2024-09-16 10:18:00+00:00,OPEN,2.180000066757202,2.180000066757202,2.180000066757202,2.1700000762939453,2.174999952316284,48853.0
2024-09-16 10:18:00+00:00,PCH,45.29999923706055,45.29999923706055,45.34000015258789,45.29999923706055,45.31999969482422,1397.0
2024-09-16 10:18:00+00:00,PECO,38.970001220703125,38.970001220703125,38.970001220703125,38.970001220703125,38.970001220703125,254.0
2024-09-16 10:18:00+00:00,RDFN,14.265000343322754,14.265000343322754,14.3100004196167,14.260000228881836,14.3100004196167,30310.0
2024-09-16 10:18:00+00:00,REAX,5.885000228881836,5.885000228881836,5.885000228881836,5.885000228881836,5.885000228881836,154.0
2024-09-16 10:18:00+00:00,REG,74.69999694824219,74.69999694824219,74.71499633789062,74.69999694824219,74.71499633789062,941.0
2024-09-16 10:18:00+00:00,SBAC,246.52000427246094,246.52000427246094,246.52000427246094,246.4499969482422,246.50999450683594,1951.0
2024-09-16 10:18:00+00:00,SBRA,18.530000686645508,18.530000686645508,18.530000686645508,18.510000228881836,18.514999389648438,4399.0
2024-09-16 10:18:00+00:00,UNIT,5.375,5.375,5.380000114440918,5.369999885559082,5.369999885559082,3827.0
2024-09-16 10:18:00+00:00,WHLR,7.670000076293945,7.670000076293945,7.730000019073486,7.369999885559082,7.369999885559082,269824.0
2024-09-16 10:19:00+00:00,AFCG,10.34000015258789,10.34000015258789,10.357999801635742,10.34000015258789,10.350000381469727,2691.0
2024-09-16 10:19:00+00:00,AGNC,10.444999694824219,10.444999694824219,10.444999694824219,10.440099716186523,10.444999694824219,3876.0
2024-09-16 10:19:00+00:00,CSGP,79.55999755859375,79.55999755859375,79.5999984741211,79.5199966430664,79.5999984741211,756.0
2024-09-16 10:19:00+00:00,DHC,3.5399999618530273,3.5399999618530273,3.5399999618530273,3.5399999618530273,3.5399999618530273,269.0
2024-09-16 10:19:00+00:00,DUO,0.42500001192092896,0.42500001192092896,0.42500001192092896,0.42500001192092896,0.42500001192092896,218.0
2024-09-16 10:19:00+00:00,EXPI,14.800000190734863,14.800000190734863,14.800000190734863,14.779999732971191,14.779999732971191,2215.0
2024-09-16 10:19:00+00:00,GIPR,2.240000009536743,2.240000009536743,2.240000009536743,2.240000009536743,2.240000009536743,1660.0
2024-09-16 10:19:00+00:00,GLPI,51.67499923706055,51.67499923706055,51.67499923706055,51.67499923706055,51.67499923706055,850.0
2024-09-16 10:19:00+00:00,HST,17.524999618530273,17.524999618530273,17.530000686645508,17.5049991607666,17.530000686645508,11468.0
2024-09-16 10:19:00+00:00,ILPT,5.139999866485596,5.139999866485596,5.139999866485596,5.139999866485596,5.139999866485596,1189.0
2024-09-16 10:19:00+00:00,LAMR,130.1699981689453,130.1699981689453,130.1699981689453,130.1699981689453,130.1699981689453,680.0
2024-09-16 10:19:00+00:00,NYMT,6.590000152587891,6.590000152587891,6.590000152587891,6.585000038146973,6.590000152587891,1019.0
2024-09-16 10:19:00+00:00,OPEN,2.174999952316284,2.174999952316284,2.180000066757202,2.1700000762939453,2.174999952316284,124543.0
2024-09-16 10:19:00+00:00,OPI,2.25,2.25,2.25,2.25,2.25,1117.0
2024-09-16 10:19:00+00:00,PCH,45.279998779296875,45.279998779296875,45.279998779296875,45.279998779296875,45.279998779296875,843.0
2024-09-16 10:19:00+00:00,PECO,38.970001220703125,38.970001220703125,38.9900016784668,38.970001220703125,38.9900016784668,388.0
2024-09-16 10:19:00+00:00,RDFN,14.279999732971191,14.279999732971191,14.295000076293945,14.260000228881836,14.27910041809082,24280.0
2024-09-16 10:19:00+00:00,REFI,16.058000564575195,16.058000564575195,16.058000564575195,16.027999877929688,16.035999298095703,1027.0
2024-09-16 10:19:00+00:00,REG,74.75,74.75,74.75,74.69000244140625,74.69999694824219,2877.0
2024-09-16 10:19:00+00:00,SBAC,246.68499755859375,246.68499755859375,246.68499755859375,246.5,246.52000427246094,2350.0
2024-09-16 10:19:00+00:00,SBRA,18.530000686645508,18.530000686645508,18.540000915527344,18.530000686645508,18.540000915527344,9796.0
2024-09-16 10:19:00+00:00,UNIT,5.394999980926514,5.394999980926514,5.394999980926514,5.375,5.375,5887.0
2024-09-16 10:19:00+00:00,WHLR,7.76639986038208,7.76639986038208,7.789899826049805,7.600100040435791,7.660999774932861,190447.0
2024-09-16 10:20:00+00:00,AGNC,10.444999694824219,10.444999694824219,10.449999809265137,10.440099716186523,10.444999694824219,45674.0
2024-09-16 10:20:00+00:00,CIGI,147.17999267578125,147.17999267578125,147.17999267578125,147.17999267578125,147.17999267578125,1641.0
2024-09-16 10:20:00+00:00,CSGP,79.48999786376953,79.48999786376953,79.55999755859375,79.48999786376953,79.55999755859375,3829.0
2024-09-16 10:20:00+00:00,DHC,3.5350000858306885,3.5350000858306885,3.5350000858306885,3.5350000858306885,3.5350000858306885,754.0
2024-09-16 10:20:00+00:00,EQIX,877.5050048828125,877.5050048828125,878.0449829101562,877.489990234375,878.0449829101562,1994.0
2024-09-16 10:20:00+00:00,EXPI,14.774999618530273,14.774999618530273,14.774999618530273,14.774999618530273,14.774999618530273,404.0
2024-09-16 10:20:00+00:00,FSV,180.93499755859375,180.93499755859375,180.93499755859375,180.93499755859375,180.93499755859375,101.0
2024-09-16 10:20:00+00:00,GLPI,51.70000076293945,51.70000076293945,51.70000076293945,51.689998626708984,51.689998626708984,672.0
2024-09-16 10:20:00+00:00,GOOD,16.19499969482422,16.19499969482422,16.199899673461914,16.19499969482422,16.19499969482422,742.0
2024-09-16 10:20:00+00:00,HST,17.53499984741211,17.53499984741211,17.53499984741211,17.524999618530273,17.524999618530273,5502.0
2024-09-16 10:20:00+00:00,ILPT,5.139999866485596,5.139999866485596,5.139999866485596,5.139999866485596,5.139999866485596,0.0
2024-09-16 10:20:00+00:00,LAND,14.739999771118164,14.739999771118164,14.739999771118164,14.739999771118164,14.739999771118164,224.0
2024-09-16 10:20:00+00:00,LANDO,22.350000381469727,22.350000381469727,22.350000381469727,22.260000228881836,22.3075008392334,1301.0
2024-09-16 10:20:00+00:00,NYMT,6.59499979019165,6.59499979019165,6.59499979019165,6.59499979019165,6.59499979019165,1449.0
2024-09-16 10:20:00+00:00,NYMTN,22.139999389648438,22.139999389648438,22.139999389648438,22.1299991607666,22.1299991607666,1624.0
2024-09-16 10:20:00+00:00,OPEN,2.1607000827789307,2.1607000827789307,2.180000066757202,2.1600000858306885,2.1700000762939453,152391.0
2024-09-16 10:20:00+00:00,OPI,2.255000114440918,2.255000114440918,2.255000114440918,2.255000114440918,2.255000114440918,102.0
2024-09-16 10:20:00+00:00,PECO,38.9900016784668,38.9900016784668,39.0,38.97999954223633,38.97999954223633,1936.0
2024-09-16 10:20:00+00:00,RDFN,14.19219970703125,14.19219970703125,14.260000228881836,14.192000389099121,14.260000228881836,26592.0
2024-09-16 10:20:00+00:00,REAX,5.869999885559082,5.869999885559082,5.885000228881836,5.869999885559082,5.885000228881836,978.0
2024-09-16 10:20:00+00:00,REG,74.72000122070312,74.72000122070312,74.76000213623047,74.72000122070312,74.75499725341797,2465.0
2024-09-16 10:20:00+00:00,ROIC,15.904999732971191,15.904999732971191,15.904999732971191,15.904999732971191,15.904999732971191,355.0
2024-09-16 10:20:00+00:00,SBAC,246.68499755859375,246.68499755859375,246.68499755859375,246.68499755859375,246.68499755859375,456.0
2024-09-16 10:20:00+00:00,SBRA,18.53499984741211,18.53499984741211,18.545000076293945,18.530000686645508,18.53499984741211,9266.0
2024-09-16 10:20:00+00:00,SVC,4.534999847412109,4.534999847412109,4.534999847412109,4.534999847412109,4.534999847412109,206.0
2024-09-16 10:20:00+00:00,UNIT,5.394999980926514,5.394999980926514,5.400000095367432,5.394000053405762,5.394999980926514,2043.0
2024-09-16 10:20:00+00:00,WHLR,8.10099983215332,8.10099983215332,8.279999732971191,7.75,7.779900074005127,280894.0
2024-09-16 10:21:00+00:00,AGNC,10.444999694824219,10.444999694824219,10.449999809265137,10.44379997253418,10.444999694824219,7566.0
2024-09-16 10:21:00+00:00,EQIX,878.655029296875,878.655029296875,880.0,878.469970703125,878.5999755859375,3421.0
2024-09-16 10:21:00+00:00,EXPI,14.800000190734863,14.800000190734863,14.800000190734863,14.750800132751465,14.750800132751465,3970.0
2024-09-16 10:21:00+00:00,FSV,181.28500366210938,181.28500366210938,181.28500366210938,181.19000244140625,181.19000244140625,879.0
2024-09-16 10:21:00+00:00,GLPI,51.7400016784668,51.7400016784668,51.7400016784668,51.720001220703125,51.720001220703125,433.0
2024-09-16 10:21:00+00:00,HST,17.530000686645508,17.530000686645508,17.53499984741211,17.520000457763672,17.53499984741211,2765.0
2024-09-16 10:21:00+00:00,LAMR,130.36000061035156,130.36000061035156,130.36000061035156,130.36000061035156,130.36000061035156,604.0
2024-09-16 10:21:00+00:00,LANDO,22.21820068359375,22.21820068359375,22.21820068359375,22.21820068359375,22.21820068359375,0.0
2024-09-16 10:21:00+00:00,NMRK,15.079999923706055,15.079999923706055,15.079999923706055,15.079999923706055,15.079999923706055,1106.0
2024-09-16 10:21:00+00:00,NYMT,6.59499979019165,6.59499979019165,6.59499979019165,6.59499979019165,6.59499979019165,255.0
2024-09-16 10:21:00+00:00,OPEN,2.166599988937378,2.166599988937378,2.166599988937378,2.1600000858306885,2.1649999618530273,14941.0
2024-09-16 10:21:00+00:00,OPI,2.255000114440918,2.255000114440918,2.255000114440918,2.255000114440918,2.255000114440918,105.0
2024-09-16 10:21:00+00:00,RDFN,14.265000343322754,14.265000343322754,14.265000343322754,14.194999694824219,14.196000099182129,29122.0
2024-09-16 10:21:00+00:00,REAX,5.869999885559082,5.869999885559082,5.869999885559082,5.869999885559082,5.869999885559082,429.0
2024-09-16 10:21:00+00:00,SBAC,246.6999969482422,246.6999969482422,246.6999969482422,246.6999969482422,246.6999969482422,412.0
2024-09-16 10:21:00+00:00,SBRA,18.53499984741211,18.53499984741211,18.53499984741211,18.530000686645508,18.53499984741211,1294.0
2024-09-16 10:21:00+00:00,SVC,4.539999961853027,4.539999961853027,4.539999961853027,4.539999961853027,4.539999961853027,964.0
2024-09-16 10:21:00+00:00,UNIT,5.394999980926514,5.394999980926514,5.394999980926514,5.390100002288818,5.390100002288818,1053.0
2024-09-16 10:21:00+00:00,WHLR,7.869800090789795,7.869800090789795,8.260000228881836,7.739999771118164,8.100099563598633,475877.0
2024-09-16 10:22:00+00:00,AGNC,10.444999694824219,10.444999694824219,10.449999809265137,10.444000244140625,10.444999694824219,5457.0
2024-09-16 10:22:00+00:00,CSGP,79.41999816894531,79.41999816894531,79.53929901123047,79.41999816894531,79.50499725341797,9301.0
2024-09-16 10:22:00+00:00,EXPI,14.789999961853027,14.789999961853027,14.805000305175781,14.789999961853027,14.789999961853027,6511.0
2024-09-16 10:22:00+00:00,GLPI,51.72999954223633,51.72999954223633,51.7400016784668,51.72999954223633,51.7400016784668,1772.0
2024-09-16 10:22:00+00:00,HST,17.510099411010742,17.510099411010742,17.530000686645508,17.510000228881836,17.524999618530273,6805.0
2024-09-16 10:22:00+00:00,LAND,14.734999656677246,14.734999656677246,14.734999656677246,14.734999656677246,14.734999656677246,906.0
2024-09-16 10:22:00+00:00,NMRK,15.0649995803833,15.0649995803833,15.069999694824219,15.0649995803833,15.069999694824219,293.0
2024-09-16 10:22:00+00:00,NYMTN,22.139999389648438,22.139999389648438,22.139999389648438,22.139999389648438,22.139999389648438,200.0
2024-09-16 10:22:00+00:00,OPEN,2.174999952316284,2.174999952316284,2.180000066757202,2.1600000858306885,2.1649999618530273,221943.0
2024-09-16 10:22:00+00:00,PCH,45.32500076293945,45.32500076293945,45.32500076293945,45.32500076293945,45.32500076293945,946.0
2024-09-16 10:22:00+00:00,PECO,38.9900016784668,38.9900016784668,39.0099983215332,38.9900016784668,39.0099983215332,1770.0
2024-09-16 10:22:00+00:00,RDFN,14.304699897766113,14.304699897766113,14.3149995803833,14.270000457763672,14.270000457763672,21143.0
2024-09-16 10:22:00+00:00,REG,74.6500015258789,74.6500015258789,74.74500274658203,74.6500015258789,74.74500274658203,9456.0
2024-09-16 10:22:00+00:00,ROIC,15.90999984741211,15.90999984741211,15.90999984741211,15.90999984741211,15.90999984741211,1036.0
2024-09-16 10:22:00+00:00,SBAC,246.72999572753906,246.72999572753906,246.72999572753906,246.72000122070312,246.72000122070312,6048.0
2024-09-16 10:22:00+00:00,SBRA,18.53499984741211,18.53499984741211,18.53499984741211,18.530000686645508,18.53499984741211,5647.0
2024-09-16 10:22:00+00:00,SVC,4.545000076293945,4.545000076293945,4.545000076293945,4.534999847412109,4.534999847412109,2279.0
2024-09-16 10:22:00+00:00,UNIT,5.389999866485596,5.389999866485596,5.394999980926514,5.389999866485596,5.394999980926514,2053.0
2024-09-16 10:22:00+00:00,WHLR,7.809999942779541,7.809999942779541,7.96999979019165,7.710000038146973,7.869999885559082,284627.0
2024-09-16 10:23:00+00:00,AGNC,10.449899673461914,10.449899673461914,10.449999809265137,10.444999694824219,10.449999809265137,24933.0
2024-09-16 10:23:00+00:00,CSGP,79.3949966430664,79.3949966430664,79.41000366210938,79.3949966430664,79.3949966430664,1309.0
2024-09-16 10:23:00+00:00,EXPI,14.756500244140625,14.756500244140625,14.756500244140625,14.756500244140625,14.756500244140625,2122.0
2024-09-16 10:23:00+00:00,FRPH,29.649999618530273,29.649999618530273,29.649999618530273,29.649999618530273,29.649999618530273,200.0
2024-09-16 10:23:00+00:00,FSV,180.83999633789062,180.83999633789062,180.83999633789062,180.83999633789062,180.83999633789062,549.0
2024-09-16 10:23:00+00:00,HST,17.5049991607666,17.5049991607666,17.520000457763672,17.5049991607666,17.514999389648438,2952.0
2024-09-16 10:23:00+00:00,LAMR,130.3699951171875,130.3699951171875,130.3699951171875,130.3699951171875,130.3699951171875,876.0
2024-09-16 10:23:00+00:00,NMRK,15.039999961853027,15.039999961853027,15.039999961853027,15.039999961853027,15.039999961853027,1853.0
2024-09-16 10:23:00+00:00,OPEN,2.1696999073028564,2.1696999073028564,2.179800033569336,2.1600000858306885,2.174999952316284,110333.0
2024-09-16 10:23:00+00:00,OPI,2.244999885559082,2.244999885559082,2.25,2.244999885559082,2.25,8174.0
2024-09-16 10:23:00+00:00,RDFN,14.229999542236328,14.229999542236328,14.315299987792969,14.220000267028809,14.300100326538086,30475.0
2024-09-16 10:23:00+00:00,REG,74.6449966430664,74.6449966430664,74.6449966430664,74.6449966430664,74.6449966430664,3978.0
2024-09-16 10:23:00+00:00,ROIC,15.899999618530273,15.899999618530273,15.899999618530273,15.899999618530273,15.899999618530273,644.0
2024-09-16 10:23:00+00:00,SBAC,246.5399932861328,246.5399932861328,246.72999572753906,246.5399932861328,246.5399932861328,3229.0
2024-09-16 10:23:00+00:00,SBRA,18.520000457763672,18.520000457763672,18.53499984741211,18.520000457763672,18.53499984741211,5271.0
2024-09-16 10:23:00+00:00,SVC,4.534999847412109,4.534999847412109,4.534999847412109,4.534999847412109,4.534999847412109,2146.0
2024-09-16 10:23:00+00:00,UNIT,5.394999980926514,5.394999980926514,5.394999980926514,5.389999866485596,5.389999866485596,2313.0
2024-09-16 10:23:00+00:00,WHLR,7.880000114440918,7.880000114440918,8.09000015258789,7.71999979019165,7.839200019836426,201150.0
2024-09-16 10:24:00+00:00,AFCG,10.345000267028809,10.345000267028809,10.345000267028809,10.345000267028809,10.345000267028809,1940.0
2024-09-16 10:24:00+00:00,AGNC,10.4399995803833,10.4399995803833,10.449999809265137,10.4399995803833,10.444999694824219,16490.0
2024-09-16 10:24:00+00:00,AGNCL,24.1299991607666,24.1299991607666,24.1299991607666,24.1200008392334,24.1200008392334,7258.0
2024-09-16 10:24:00+00:00,AGNCO,25.170000076293945,25.170000076293945,25.170000076293945,25.170000076293945,25.170000076293945,624.0
2024-09-16 10:24:00+00:00,ASPS,1.190000057220459,1.190000057220459,1.190000057220459,1.1699999570846558,1.1699999570846558,12654.0
2024-09-16 10:24:00+00:00,CIGI,146.59500122070312,146.59500122070312,146.59500122070312,146.59500122070312,146.59500122070312,1688.0
2024-09-16 10:24:00+00:00,CSGP,79.32499694824219,79.32499694824219,79.38500213623047,79.29499816894531,79.36000061035156,9559.0
2024-09-16 10:24:00+00:00,DHC,3.5350000858306885,3.5350000858306885,3.5350000858306885,3.5350000858306885,3.5350000858306885,3200.0
2024-09-16 10:24:00+00:00,EQIX,877.739990234375,877.739990234375,877.739990234375,877.739990234375,877.739990234375,949.0
2024-09-16 10:24:00+00:00,EXPI,14.729999542236328,14.729999542236328,14.729999542236328,14.729999542236328,14.729999542236328,311.0
2024-09-16 10:24:00+00:00,GLPI,51.696998596191406,51.696998596191406,51.70000076293945,51.696998596191406,51.70000076293945,3520.0
2024-09-16 10:24:00+00:00,GOOD,16.190000534057617,16.190000534057617,16.190000534057617,16.190000534057617,16.190000534057617,827.0
2024-09-16 10:24:00+00:00,HST,17.489999771118164,17.489999771118164,17.510000228881836,17.489999771118164,17.5049991607666,9737.0
2024-09-16 10:24:00+00:00,ILPT,5.110000133514404,5.110000133514404,5.130000114440918,5.110000133514404,5.130000114440918,1838.0
2024-09-16 10:24:00+00:00,LAMR,130.50999450683594,130.50999450683594,130.50999450683594,130.32000732421875,130.32000732421875,1497.0
2024-09-16 10:24:00+00:00,LSEA,12.549799919128418,12.549799919128418,12.550000190734863,12.549799919128418,12.550000190734863,331.0
2024-09-16 10:24:00+00:00,NMRK,15.020000457763672,15.020000457763672,15.029999732971191,15.020000457763672,15.029999732971191,757.0
2024-09-16 10:24:00+00:00,NYMT,6.585000038146973,6.585000038146973,6.590000152587891,6.585000038146973,6.590000152587891,771.0
2024-09-16 10:24:00+00:00,NYMTN,22.149999618530273,22.149999618530273,22.259899139404297,22.149999618530273,22.259899139404297,2500.0
2024-09-16 10:24:00+00:00,OPEN,2.1649999618530273,2.1649999618530273,2.1700000762939453,2.1600000858306885,2.162899971008301,41622.0
2024-09-16 10:24:00+00:00,OPI,2.244999885559082,2.244999885559082,2.244999885559082,2.244999885559082,2.244999885559082,1190.0
2024-09-16 10:24:00+00:00,PCH,45.29999923706055,45.29999923706055,45.29999923706055,45.29999923706055,45.29999923706055,863.0
2024-09-16 10:24:00+00:00,PECO,38.95000076293945,38.95000076293945,38.95000076293945,38.95000076293945,38.95000076293945,1006.0
2024-09-16 10:24:00+00:00,RDFN,14.204999923706055,14.204999923706055,14.220000267028809,14.1943998336792,14.204999923706055,29734.0
2024-09-16 10:24:00+00:00,REAX,5.840000152587891,5.840000152587891,5.840000152587891,5.840000152587891,5.840000152587891,104.0
2024-09-16 10:24:00+00:00,REFI,16.079999923706055,16.079999923706055,16.079999923706055,16.079999923706055,16.079999923706055,700.0
2024-09-16 10:24:00+00:00,REG,74.5199966430664,74.5199966430664,74.61000061035156,74.5199966430664,74.61000061035156,1370.0
2024-09-16 10:24:00+00:00,ROIC,15.885000228881836,15.885000228881836,15.895000457763672,15.885000228881836,15.895000457763672,594.0
2024-09-16 10:24:00+00:00,SBAC,246.3800048828125,246.3800048828125,246.48500061035156,246.3800048828125,246.48500061035156,1944.0
2024-09-16 10:24:00+00:00,SBRA,18.5,18.5,18.514999389648438,18.4950008392334,18.5049991607666,14164.0
2024-09-16 10:24:00+00:00,SELF,5.182700157165527,5.182700157165527,5.199999809265137,5.182700157165527,5.199999809265137,590.0
2024-09-16 10:24:00+00:00,SOHO,1.2350000143051147,1.2350000143051147,1.2350000143051147,1.2350000143051147,1.2350000143051147,2926.0
2024-09-16 10:24:00+00:00,SVC,4.53000020980835,4.53000020980835,4.53000020980835,4.53000020980835,4.53000020980835,1419.0
2024-09-16 10:24:00+00:00,UNIT,5.394999980926514,5.394999980926514,5.394999980926514,5.389999866485596,5.394999980926514,11238.0
2024-09-16 10:24:00+00:00,WHLR,8.0600004196167,8.0600004196167,8.079999923706055,7.660399913787842,7.873000144958496,229712.0
2024-09-16 10:25:00+00:00,AEI,1.1349999904632568,1.1349999904632568,1.1349999904632568,1.1349999904632568,1.1349999904632568,2415.0
2024-09-16 10:25:00+00:00,AFCG,10.345000267028809,10.345000267028809,10.345000267028809,10.345000267028809,10.345000267028809,100.0
2024-09-16 10:25:00+00:00,AGNC,10.4350004196167,10.4350004196167,10.448699951171875,10.430000305175781,10.444999694824219,66139.0
2024-09-16 10:25:00+00:00,AGNCL,24.1299991607666,24.1299991607666,24.1299991607666,24.1299991607666,24.1299991607666,800.0
2024-09-16 10:25:00+00:00,BPYPO,14.154999732971191,14.154999732971191,14.154999732971191,14.154999732971191,14.154999732971191,890.0
2024-09-16 10:25:00+00:00,CSGP,79.29000091552734,79.29000091552734,79.30000305175781,79.29000091552734,79.30000305175781,1561.0
2024-09-16 10:25:00+00:00,DHC,3.5399999618530273,3.5399999618530273,3.5450000762939453,3.5350000858306885,3.5350000858306885,9582.0
2024-09-16 10:25:00+00:00,DUO,0.41499999165534973,0.41499999165534973,0.4189999997615814,0.41499999165534973,0.4189999997615814,7159.0
2024-09-16 10:25:00+00:00,EQIX,878.0,878.0,878.0,878.0,878.0,925.0
2024-09-16 10:25:00+00:00,EXPI,14.729999542236328,14.729999542236328,14.739700317382812,14.729999542236328,14.739700317382812,824.0
2024-09-16 10:25:00+00:00,GLPI,51.66999816894531,51.66999816894531,51.66999816894531,51.66999816894531,51.66999816894531,352.0
2024-09-16 10:25:00+00:00,GOOD,16.170000076293945,16.170000076293945,16.170000076293945,16.170000076293945,16.170000076293945,267.0
2024-09-16 10:25:00+00:00,HST,17.520000457763672,17.520000457763672,17.520000457763672,17.485000610351562,17.485000610351562,7787.0
2024-09-16 10:25:00+00:00,LAMR,130.39500427246094,130.39500427246094,130.5,130.38999938964844,130.38999938964844,1918.0
2024-09-16 10:25:00+00:00,LSEA,12.539999961853027,12.539999961853027,12.539999961853027,12.539999961853027,12.539999961853027,51.0
2024-09-16 10:25:00+00:00,NMRK,15.005000114440918,15.005000114440918,15.015000343322754,14.989999771118164,15.010100364685059,11677.0
2024-09-16 10:25:00+00:00,NYMT,6.590000152587891,6.590000152587891,6.590000152587891,6.590000152587891,6.590000152587891,238.0
2024-09-16 10:25:00+00:00,NYMTN,22.149999618530273,22.149999618530273,22.149999618530273,22.149999618530273,22.149999618530273,700.0
2024-09-16 10:25:00+00:00,OPEN,2.1649999618530273,2.1649999618530273,2.1700000762939453,2.1600000858306885,2.1649999618530273,31278.0
2024-09-16 10:25:00+00:00,RDFN,14.145999908447266,14.145999908447266,14.210000038146973,14.120100021362305,14.194999694824219,49633.0
2024-09-16 10:25:00+00:00,REAX,5.830900192260742,5.830900192260742,5.830900192260742,5.830900192260742,5.830900192260742,313.0
2024-09-16 10:25:00+00:00,REG,74.5,74.5,74.5199966430664,74.5,74.5199966430664,1909.0
2024-09-16 10:25:00+00:00,ROIC,15.880000114440918,15.880000114440918,15.880000114440918,15.880000114440918,15.880000114440918,521.0
2024-09-16 10:25:00+00:00,SBAC,246.18499755859375,246.18499755859375,246.2949981689453,246.18499755859375,246.2949981689453,1502.0
2024-09-16 10:25:00+00:00,SBRA,18.5,18.5,18.50979995727539,18.5,18.50979995727539,1854.0
2024-09-16 10:25:00+00:00,SVC,4.525000095367432,4.525000095367432,4.525000095367432,4.525000095367432,4.525000095367432,202.0
2024-09-16 10:25:00+00:00,UNIT,5.400000095367432,5.400000095367432,5.40500020980835,5.385000228881836,5.389999866485596,17163.0
2024-09-16 10:25:00+00:00,WHLR,8.050000190734863,8.050000190734863,8.329999923706055,8.0,8.079999923706055,471089.0
2024-09-16 10:26:00+00:00,AFCG,10.345000267028809,10.345000267028809,10.350000381469727,10.345000267028809,10.345000267028809,1102.0
2024-09-16 10:26:00+00:00,AGNC,10.4350004196167,10.4350004196167,10.4399995803833,10.430000305175781,10.435500144958496,31829.0
2024-09-16 10:26:00+00:00,AGNCL,24.1299991607666,24.1299991607666,24.1299991607666,24.1299991607666,24.1299991607666,400.0
2024-09-16 10:26:00+00:00,BPYPN,12.850000381469727,12.850000381469727,12.850000381469727,12.850000381469727,12.850000381469727,707.0
2024-09-16 10:26:00+00:00,BPYPO,14.130000114440918,14.130000114440918,14.140000343322754,14.130000114440918,14.140000343322754,200.0
2024-09-16 10:26:00+00:00,CSGP,79.2699966430664,79.2699966430664,79.27999877929688,79.24009704589844,79.27999877929688,1920.0
2024-09-16 10:26:00+00:00,DHC,3.5350000858306885,3.5350000858306885,3.5350000858306885,3.5350000858306885,3.5350000858306885,402.0
2024-09-16 10:26:00+00:00,DUO,0.4284000098705292,0.4284000098705292,0.4284000098705292,0.4284000098705292,0.4284000098705292,0.0
2024-09-16 10:26:00+00:00,EXPI,14.71500015258789,14.71500015258789,14.729999542236328,14.71500015258789,14.729999542236328,1229.0
2024-09-16 10:26:00+00:00,GLPI,51.65999984741211,51.65999984741211,51.66999816894531,51.64500045776367,51.66999816894531,4813.0
2024-09-16 10:26:00+00:00,GOOD,16.16990089416504,16.16990089416504,16.16990089416504,16.16990089416504,16.16990089416504,105.0
2024-09-16 10:26:00+00:00,HST,17.514999389648438,17.514999389648438,17.520000457763672,17.514999389648438,17.520000457763672,2358.0
2024-09-16 10:26:00+00:00,LAMR,130.49000549316406,130.49000549316406,130.49000549316406,130.3249969482422,130.47000122070312,2547.0
2024-09-16 10:26:00+00:00,NMRK,14.99590015411377,14.99590015411377,14.99590015411377,14.989999771118164,14.989999771118164,445.0
2024-09-16 10:26:00+00:00,NYMT,6.590000152587891,6.590000152587891,6.590000152587891,6.590000152587891,6.590000152587891,200.0
2024-09-16 10:26:00+00:00,NYMTN,22.149999618530273,22.149999618530273,22.15999984741211,22.149999618530273,22.15999984741211,3300.0
2024-09-16 10:26:00+00:00,OPEN,2.1549999713897705,2.1549999713897705,2.1649999618530273,2.1549999713897705,2.160099983215332,96048.0
2024-09-16 10:26:00+00:00,OPI,2.244999885559082,2.244999885559082,2.244999885559082,2.240000009536743,2.240000009536743,221.0
2024-09-16 10:26:00+00:00,PECO,38.92499923706055,38.92499923706055,38.92499923706055,38.92499923706055,38.92499923706055,1714.0
2024-09-16 10:26:00+00:00,RDFN,14.135000228881836,14.135000228881836,14.164999961853027,14.130000114440918,14.145000457763672,43806.0
2024-09-16 10:26:00+00:00,REAX,5.829999923706055,5.829999923706055,5.829999923706055,5.829999923706055,5.829999923706055,439.0
2024-09-16 10:26:00+00:00,SBAC,246.39999389648438,246.39999389648438,246.39999389648438,246.35000610351562,246.35000610351562,1852.0
2024-09-16 10:26:00+00:00,SQFT,0.7149999737739563,0.7149999737739563,0.7149999737739563,0.7149999737739563,0.7149999737739563,2581.0
2024-09-16 10:26:00+00:00,SVC,4.525000095367432,4.525000095367432,4.525000095367432,4.525000095367432,4.525000095367432,350.0
2024-09-16 10:26:00+00:00,UNIT,5.40500020980835,5.40500020980835,5.409999847412109,5.400000095367432,5.400000095367432,2343.0
2024-09-16 10:26:00+00:00,WHLR,7.75,7.75,8.15999984741211,7.659999847412109,8.050000190734863,279637.0
2024-09-16 10:27:00+00:00,AFCG,10.329999923706055,10.329999923706055,10.329999923706055,10.329999923706055,10.329999923706055,177.0
2024-09-16 10:27:00+00:00,AGNC,10.430000305175781,10.430000305175781,10.439900398254395,10.430000305175781,10.4350004196167,37120.0
2024-09-16 10:27:00+00:00,AGNCL,24.1299991607666,24.1299991607666,24.1299991607666,24.1299991607666,24.1299991607666,987.0
2024-09-16 10:27:00+00:00,CIGI,146.49000549316406,146.49000549316406,146.52000427246094,146.49000549316406,146.52000427246094,1208.0
2024-09-16 10:27:00+00:00,CSGP,79.16500091552734,79.16500091552734,79.30000305175781,79.16500091552734,79.2699966430664,2787.0
2024-09-16 10:27:00+00:00,DHC,3.5350000858306885,3.5350000858306885,3.5350000858306885,3.5350000858306885,3.5350000858306885,322.0
2024-09-16 10:27:00+00:00,DUO,0.42170000076293945,0.42170000076293945,0.42170000076293945,0.42170000076293945,0.42170000076293945,300.0
2024-09-16 10:27:00+00:00,EXPI,14.640000343322754,14.640000343322754,14.699999809265137,14.640000343322754,14.699999809265137,4484.0
2024-09-16 10:27:00+00:00,FTHM,2.9549999237060547,2.9549999237060547,2.9549999237060547,2.9549999237060547,2.9549999237060547,3833.0
2024-09-16 10:27:00+00:00,GLPI,51.650001525878906,51.650001525878906,51.65999984741211,51.63999938964844,51.65999984741211,2373.0
2024-09-16 10:27:00+00:00,GOOD,16.155000686645508,16.155000686645508,16.15999984741211,16.155000686645508,16.15999984741211,1683.0
2024-09-16 10:27:00+00:00,HST,17.5049991607666,17.5049991607666,17.514999389648438,17.5049991607666,17.510000228881836,9052.0
2024-09-16 10:27:00+00:00,LAMR,130.27000427246094,130.27000427246094,130.30999755859375,130.27000427246094,130.30999755859375,859.0
2024-09-16 10:27:00+00:00,LSEA,12.529999732971191,12.529999732971191,12.529999732971191,12.520000457763672,12.520000457763672,766.0
2024-09-16 10:27:00+00:00,NMRK,14.970000267028809,14.970000267028809,14.989999771118164,14.970000267028809,14.989999771118164,1682.0
2024-09-16 10:27:00+00:00,NYMT,6.570000171661377,6.570000171661377,6.579999923706055,6.570000171661377,6.579999923706055,626.0
2024-09-16 10:27:00+00:00,OPEN,2.1429998874664307,2.1429998874664307,2.1600000858306885,2.140000104904175,2.1549999713897705,103119.0
2024-09-16 10:27:00+00:00,OPI,2.238800048828125,2.238800048828125,2.240000009536743,2.234999895095825,2.240000009536743,4713.0
2024-09-16 10:27:00+00:00,PCH,45.29249954223633,45.29249954223633,45.30500030517578,45.29249954223633,45.30500030517578,428.0
2024-09-16 10:27:00+00:00,PECO,38.85499954223633,38.85499954223633,38.90999984741211,38.85499954223633,38.900001525878906,1469.0
2024-09-16 10:27:00+00:00,RDFN,14.050000190734863,14.050000190734863,14.140000343322754,14.050000190734863,14.140000343322754,136587.0
2024-09-16 10:27:00+00:00,REFI,16.06999969482422,16.06999969482422,16.06999969482422,16.06999969482422,16.06999969482422,546.0
2024-09-16 10:27:00+00:00,REG,74.38999938964844,74.38999938964844,74.38999938964844,74.38999938964844,74.38999938964844,972.0
2024-09-16 10:27:00+00:00,SBAC,246.0800018310547,246.0800018310547,246.3699951171875,246.0500030517578,246.3699951171875,2351.0
2024-09-16 10:27:00+00:00,SBRA,18.4950008392334,18.4950008392334,18.5,18.4950008392334,18.5,972.0
2024-09-16 10:27:00+00:00,SOHO,1.2350000143051147,1.2350000143051147,1.2400000095367432,1.2350000143051147,1.2389999628067017,1025.0
2024-09-16 10:27:00+00:00,SVC,4.519999980926514,4.519999980926514,4.525000095367432,4.519999980926514,4.525000095367432,695.0
2024-09-16 10:27:00+00:00,WHLR,7.744999885559082,7.744999885559082,7.78000020980835,7.619999885559082,7.711699962615967,171433.0
2024-09-16 10:28:00+00:00,AFCG,10.329999923706055,10.329999923706055,10.329999923706055,10.329999923706055,10.329999923706055,963.0
2024-09-16 10:28:00+00:00,AGNC,10.4399995803833,10.4399995803833,10.4399995803833,10.430000305175781,10.4350004196167,5660.0
2024-09-16 10:28:00+00:00,CSGP,79.13999938964844,79.13999938964844,79.13999938964844,79.13999938964844,79.13999938964844,462.0
2024-09-16 10:28:00+00:00,DUO,0.41609999537467957,0.41609999537467957,0.41609999537467957,0.4115000069141388,0.41499999165534973,5182.0
2024-09-16 10:28:00+00:00,EQIX,877.344970703125,877.344970703125,877.344970703125,876.8800048828125,877.1500244140625,1343.0
2024-09-16 10:28:00+00:00,EXPI,14.630000114440918,14.630000114440918,14.649999618530273,14.630000114440918,14.649999618530273,967.0
2024-09-16 10:28:00+00:00,GLPI,51.65999984741211,51.65999984741211,51.65999984741211,51.65999984741211,51.65999984741211,1070.0
2024-09-16 10:28:00+00:00,HST,17.489999771118164,17.489999771118164,17.5,17.489999771118164,17.5,7026.0
2024-09-16 10:28:00+00:00,LAMR,130.1934051513672,130.1934051513672,130.1934051513672,130.1934051513672,130.1934051513672,197.0
2024-09-16 10:28:00+00:00,LSEA,12.520000457763672,12.520000457763672,12.529999732971191,12.520000457763672,12.529999732971191,1187.0
2024-09-16 10:28:00+00:00,NMRK,14.959199905395508,14.959199905395508,14.960000038146973,14.959199905395508,14.960000038146973,761.0
2024-09-16 10:28:00+00:00,OPEN,2.1449999809265137,2.1449999809265137,2.1500000953674316,2.140000104904175,2.1449999809265137,20980.0
2024-09-16 10:28:00+00:00,OPI,2.2249999046325684,2.2249999046325684,2.230299949645996,2.2249999046325684,2.230299949645996,2624.0
2024-09-16 10:28:00+00:00,PCH,45.30500030517578,45.30500030517578,45.30500030517578,45.30500030517578,45.30500030517578,270.0
2024-09-16 10:28:00+00:00,PECO,38.85499954223633,38.85499954223633,38.85499954223633,38.85499954223633,38.85499954223633,249.0
2024-09-16 10:28:00+00:00,RDFN,13.989999771118164,13.989999771118164,14.074999809265137,13.984999656677246,14.045000076293945,57127.0
2024-09-16 10:28:00+00:00,REAX,5.800000190734863,5.800000190734863,5.800000190734863,5.800000190734863,5.800000190734863,181.0
2024-09-16 10:28:00+00:00,REG,74.37000274658203,74.37000274658203,74.37000274658203,74.37000274658203,74.37000274658203,368.0
2024-09-16 10:28:00+00:00,SBAC,246.0800018310547,246.0800018310547,246.0800018310547,246.0800018310547,246.0800018310547,517.0
2024-09-16 10:28:00+00:00,SBRA,18.5049991607666,18.5049991607666,18.5049991607666,18.4950008392334,18.4950008392334,7319.0
2024-09-16 10:28:00+00:00,SOHO,1.2400000095367432,1.2400000095367432,1.25,1.2400000095367432,1.2400000095367432,13367.0
2024-09-16 10:28:00+00:00,SVC,4.519999980926514,4.519999980926514,4.525000095367432,4.519999980926514,4.525000095367432,3265.0
2024-09-16 10:28:00+00:00,UNIT,5.400000095367432,5.400000095367432,5.40500020980835,5.400000095367432,5.40500020980835,10941.0
2024-09-16 10:28:00+00:00,WHLR,7.650000095367432,7.650000095367432,7.820000171661377,7.630000114440918,7.78000020980835,111364.0
2024-09-16 10:29:00+00:00,AFCG,10.329999923706055,10.329999923706055,10.329999923706055,10.329999923706055,10.329999923706055,76.0
2024-09-16 10:29:00+00:00,AGNC,10.4350004196167,10.4350004196167,10.439900398254395,10.430000305175781,10.4350004196167,9805.0
2024-09-16 10:29:00+00:00,CIGI,146.625,146.625,146.625,146.625,146.625,413.0
2024-09-16 10:29:00+00:00,CSGP,79.18000030517578,79.18000030517578,79.18000030517578,79.1532974243164,79.1532974243164,499.0
2024-09-16 10:29:00+00:00,DHC,3.5399999618530273,3.5399999618530273,3.5399999618530273,3.5399999618530273,3.5399999618530273,1044.0
2024-09-16 10:29:00+00:00,DUO,0.4284000098705292,0.4284000098705292,0.4284000098705292,0.40380001068115234,0.40380001068115234,5722.0
2024-09-16 10:29:00+00:00,EXPI,14.640000343322754,14.640000343322754,14.640000343322754,14.609999656677246,14.621999740600586,4911.0
2024-09-16 10:29:00+00:00,GLPI,51.65999984741211,51.65999984741211,51.70000076293945,51.65999984741211,51.70000076293945,1479.0
2024-09-16 10:29:00+00:00,GOOD,16.139999389648438,16.139999389648438,16.139999389648438,16.139999389648438,16.139999389648438,1150.0
2024-09-16 10:29:00+00:00,HST,17.510000228881836,17.510000228881836,17.510000228881836,17.4950008392334,17.4950008392334,12672.0
2024-09-16 10:29:00+00:00,ILPT,5.114999771118164,5.114999771118164,5.114999771118164,5.114999771118164,5.114999771118164,152.0
2024-09-16 10:29:00+00:00,LAMR,130.1999969482422,130.1999969482422,130.35000610351562,130.1999969482422,130.35000610351562,213.0
2024-09-16 10:29:00+00:00,NMRK,14.989999771118164,14.989999771118164,14.989999771118164,14.949999809265137,14.954999923706055,2844.0
2024-09-16 10:29:00+00:00,NYMT,6.579999923706055,6.579999923706055,6.579999923706055,6.570000171661377,6.570000171661377,343.0
2024-09-16 10:29:00+00:00,NYMTN,22.204999923706055,22.204999923706055,22.204999923706055,22.204999923706055,22.204999923706055,1448.0
2024-09-16 10:29:00+00:00,OPEN,2.1449999809265137,2.1449999809265137,2.1500000953674316,2.140000104904175,2.1500000953674316,48424.0
2024-09-16 10:29:00+00:00,OPI,2.2249999046325684,2.2249999046325684,2.2249999046325684,2.2249999046325684,2.2249999046325684,502.0
2024-09-16 10:29:00+00:00,PCH,45.29249954223633,45.29249954223633,45.29249954223633,45.29249954223633,45.29249954223633,310.0
2024-09-16 10:29:00+00:00,PECO,38.83000183105469,38.83000183105469,38.83000183105469,38.83000183105469,38.83000183105469,296.0
2024-09-16 10:29:00+00:00,RDFN,14.050000190734863,14.050000190734863,14.050000190734863,13.975000381469727,13.989999771118164,64540.0
2024-09-16 10:29:00+00:00,REAX,5.789999961853027,5.789999961853027,5.789999961853027,5.789999961853027,5.789999961853027,636.0
2024-09-16 10:29:00+00:00,REG,74.37999725341797,74.37999725341797,74.37999725341797,74.36000061035156,74.36000061035156,2547.0
2024-09-16 10:29:00+00:00,SBAC,245.80999755859375,245.80999755859375,245.97000122070312,245.80999755859375,245.97000122070312,2611.0
2024-09-16 10:29:00+00:00,SBRA,18.5049991607666,18.5049991607666,18.5049991607666,18.5049991607666,18.5049991607666,1016.0
2024-09-16 10:29:00+00:00,SOHO,1.2350000143051147,1.2350000143051147,1.2350000143051147,1.2350000143051147,1.2350000143051147,0.0
2024-09-16 10:29:00+00:00,SVC,4.525000095367432,4.525000095367432,4.525000095367432,4.519999980926514,4.519999980926514,400.0
2024-09-16 10:29:00+00:00,UNIT,5.414999961853027,5.414999961853027,5.414999961853027,5.40500020980835,5.40500020980835,8458.0
2024-09-16 10:29:00+00:00,WHLR,7.579999923706055,7.579999923706055,7.730000019073486,7.429999828338623,7.659999847412109,192400.0
2024-09-16 10:30:00+00:00,AFCG,10.319999694824219,10.319999694824219,10.319999694824219,10.319999694824219,10.319999694824219,200.0
2024-09-16 10:30:00+00:00,AGNC,10.430100440979004,10.430100440979004,10.4350004196167,10.430000305175781,10.4350004196167,11038.0
2024-09-16 10:30:00+00:00,CSGP,78.97000122070312,78.97000122070312,79.1500015258789,78.97000122070312,79.1500015258789,3216.0
2024-09-16 10:30:00+00:00,EQIX,877.2650146484375,877.2650146484375,877.4299926757812,877.2650146484375,877.4299926757812,791.0
2024-09-16 10:30:00+00:00,EXPI,14.580400466918945,14.580400466918945,14.640000343322754,14.580400466918945,14.640000343322754,11256.0
2024-09-16 10:30:00+00:00,FSV,180.38499450683594,180.38499450683594,180.38499450683594,180.38499450683594,180.38499450683594,898.0
2024-09-16 10:30:00+00:00,FTHM,3.0,3.0,3.0,3.0,3.0,501.0
2024-09-16 10:30:00+00:00,GLPI,51.61000061035156,51.61000061035156,51.63999938964844,51.61000061035156,51.63999938964844,662.0
2024-09-16 10:30:00+00:00,HST,17.46500015258789,17.46500015258789,17.510000228881836,17.46500015258789,17.510000228881836,7155.0
2024-09-16 10:30:00+00:00,ILPT,5.099999904632568,5.099999904632568,5.099999904632568,5.099999904632568,5.099999904632568,2542.0
2024-09-16 10:30:00+00:00,LAMR,129.93499755859375,129.93499755859375,130.35000610351562,129.93499755859375,130.1999969482422,15621.0
2024-09-16 10:30:00+00:00,LSEA,12.545000076293945,12.545000076293945,12.545000076293945,12.53499984741211,12.53499984741211,1433.0
2024-09-16 10:30:00+00:00,NMRK,14.940099716186523,14.940099716186523,14.960000038146973,14.940099716186523,14.960000038146973,10135.0
2024-09-16 10:30:00+00:00,NYMT,6.585000038146973,6.585000038146973,6.585000038146973,6.579999923706055,6.579999923706055,1482.0
2024-09-16 10:30:00+00:00,OPEN,2.134999990463257,2.134999990463257,2.1477999687194824,2.130000114440918,2.1449999809265137,168833.0
2024-09-16 10:30:00+00:00,OPI,2.240000009536743,2.240000009536743,2.25,2.2249999046325684,2.2249999046325684,9805.0
2024-09-16 10:30:00+00:00,PCH,45.30500030517578,45.30500030517578,45.30500030517578,45.30500030517578,45.30500030517578,101.0
2024-09-16 10:30:00+00:00,PECO,38.779998779296875,38.779998779296875,38.810001373291016,38.75,38.810001373291016,1407.0
2024-09-16 10:30:00+00:00,RDFN,14.0,14.0,14.049500465393066,13.960000038146973,14.045000076293945,183641.0
2024-09-16 10:30:00+00:00,REAX,5.788599967956543,5.788599967956543,5.788599967956543,5.788599967956543,5.788599967956543,1276.0
2024-09-16 10:30:00+00:00,ROIC,15.859999656677246,15.859999656677246,15.859999656677246,15.850000381469727,15.850000381469727,994.0
2024-09-16 10:30:00+00:00,SBAC,245.75999450683594,245.75999450683594,245.8000030517578,245.75999450683594,245.8000030517578,1981.0
2024-09-16 10:30:00+00:00,SBRA,18.4950008392334,18.4950008392334,18.5049991607666,18.485000610351562,18.5049991607666,10309.0
2024-09-16 10:30:00+00:00,SOHO,1.2400000095367432,1.2400000095367432,1.2400000095367432,1.2400000095367432,1.2400000095367432,630.0
2024-09-16 10:30:00+00:00,SVC,4.519999980926514,4.519999980926514,4.519999980926514,4.519999980926514,4.519999980926514,855.0
2024-09-16 10:30:00+00:00,UNIT,5.40500020980835,5.40500020980835,5.414999961853027,5.40500020980835,5.409999847412109,10302.0
2024-09-16 10:30:00+00:00,WHLR,7.699999809265137,7.699999809265137,7.730000019073486,7.570000171661377,7.599999904632568,112706.0
2024-09-16 10:31:00+00:00,AGNC,10.4350004196167,10.4350004196167,10.4399995803833,10.430000305175781,10.4350004196167,26184.0
2024-09-16 10:31:00+00:00,CSGP,79.0,79.0,79.00499725341797,78.99800109863281,79.00499725341797,1682.0
2024-09-16 10:31:00+00:00,DHC,3.5350000858306885,3.5350000858306885,3.5350000858306885,3.5350000858306885,3.5350000858306885,1820.0
2024-09-16 10:31:00+00:00,EQIX,877.1599731445312,877.1599731445312,877.1599731445312,877.1599731445312,877.1599731445312,256.0
2024-09-16 10:31:00+00:00,EXPI,14.59000015258789,14.59000015258789,14.591099739074707,14.579999923706055,14.591099739074707,3115.0
2024-09-16 10:31:00+00:00,GLPI,51.619998931884766,51.619998931884766,51.619998931884766,51.599998474121094,51.599998474121094,1597.0
2024-09-16 10:31:00+00:00,HST,17.454999923706055,17.454999923706055,17.46500015258789,17.454999923706055,17.46500015258789,4360.0
2024-09-16 10:31:00+00:00,ILPT,5.090000152587891,5.090000152587891,5.100100040435791,5.090000152587891,5.099999904632568,4579.0
2024-09-16 10:31:00+00:00,LAMR,129.80760192871094,129.80760192871094,129.89999389648438,129.80760192871094,129.89999389648438,351.0
2024-09-16 10:31:00+00:00,LOAN,5.199999809265137,5.199999809265137,5.199999809265137,5.199999809265137,5.199999809265137,3144.0
2024-09-16 10:31:00+00:00,NMRK,14.9399995803833,14.9399995803833,14.949999809265137,14.939000129699707,14.9399995803833,2292.0
2024-09-16 10:31:00+00:00,NYMTL,21.1200008392334,21.1200008392334,21.1200008392334,21.1200008392334,21.1200008392334,0.0
2024-09-16 10:31:00+00:00,OPEN,2.1338000297546387,2.1338000297546387,2.139899969100952,2.130000114440918,2.130000114440918,68155.0
2024-09-16 10:31:00+00:00,PCH,45.2599983215332,45.2599983215332,45.290000915527344,45.2599983215332,45.290000915527344,606.0
2024-09-16 10:31:00+00:00,PECO,38.79999923706055,38.79999923706055,38.79999923706055,38.79999923706055,38.79999923706055,1045.0
2024-09-16 10:31:00+00:00,RDFN,14.015000343322754,14.015000343322754,14.050000190734863,13.994999885559082,13.994999885559082,44296.0
2024-09-16 10:31:00+00:00,REAX,5.78000020980835,5.78000020980835,5.781000137329102,5.78000020980835,5.781000137329102,876.0
2024-09-16 10:31:00+00:00,REFI,16.050800323486328,16.050800323486328,16.050800323486328,16.050800323486328,16.050800323486328,316.0
2024-09-16 10:31:00+00:00,REG,74.29000091552734,74.29000091552734,74.29000091552734,74.2750015258789,74.2750015258789,1335.0
2024-09-16 10:31:00+00:00,ROIC,15.859999656677246,15.859999656677246,15.859999656677246,15.859999656677246,15.859999656677246,342.0
2024-09-16 10:31:00+00:00,SBAC,245.76499938964844,245.76499938964844,245.7899932861328,245.76499938964844,245.7899932861328,600.0
2024-09-16 10:31:00+00:00,SBRA,18.5049991607666,18.5049991607666,18.5049991607666,18.489999771118164,18.489999771118164,1250.0
2024-09-16 10:31:00+00:00,SEVN,13.8149995803833,13.8149995803833,13.8149995803833,13.8149995803833,13.8149995803833,202.0
2024-09-16 10:31:00+00:00,SVC,4.510000228881836,4.510000228881836,4.510000228881836,4.510000228881836,4.510000228881836,1374.0
2024-09-16 10:31:00+00:00,UNIT,5.40500020980835,5.40500020980835,5.409900188446045,5.40500020980835,5.409900188446045,1846.0
2024-09-16 10:31:00+00:00,WHLR,7.644999980926514,7.644999980926514,7.730000019073486,7.570099830627441,7.710000038146973,58611.0
2024-09-16 10:32:00+00:00,AGNC,10.43649959564209,10.43649959564209,10.4399995803833,10.430000305175781,10.4350004196167,5463.0
2024-09-16 10:32:00+00:00,CSGP,79.0,79.0,79.00499725341797,78.94499969482422,79.00499725341797,811.0
2024-09-16 10:32:00+00:00,DUO,0.4284000098705292,0.4284000098705292,0.4284000098705292,0.4284000098705292,0.4284000098705292,102.0
2024-09-16 10:32:00+00:00,EXPI,14.465399742126465,14.465399742126465,14.579999923706055,14.465399742126465,14.579999923706055,8652.0
2024-09-16 10:32:00+00:00,FTHM,2.9600000381469727,2.9600000381469727,2.9600000381469727,2.9600000381469727,2.9600000381469727,1000.0
2024-09-16 10:32:00+00:00,HST,17.454999923706055,17.454999923706055,17.459999084472656,17.44499969482422,17.450000762939453,7087.0
2024-09-16 10:32:00+00:00,ILPT,5.080100059509277,5.080100059509277,5.090000152587891,5.080100059509277,5.085000038146973,7479.0
2024-09-16 10:32:00+00:00,LAND,14.640199661254883,14.640199661254883,14.640199661254883,14.640199661254883,14.640199661254883,2145.0
2024-09-16 10:32:00+00:00,LSEA,12.529999732971191,12.529999732971191,12.529999732971191,12.529999732971191,12.529999732971191,468.0
2024-09-16 10:32:00+00:00,NMRK,14.960000038146973,14.960000038146973,14.960000038146973,14.949999809265137,14.949999809265137,4942.0
2024-09-16 10:32:00+00:00,NYMT,6.590000152587891,6.590000152587891,6.590000152587891,6.585000038146973,6.585000038146973,396.0
2024-09-16 10:32:00+00:00,OPEN,2.125,2.125,2.135999917984009,2.1229000091552734,2.135999917984009,127367.0
2024-09-16 10:32:00+00:00,PCH,45.290000915527344,45.290000915527344,45.310001373291016,45.2599983215332,45.27000045776367,4575.0
2024-09-16 10:32:00+00:00,PECO,38.80500030517578,38.80500030517578,38.80500030517578,38.80500030517578,38.80500030517578,919.0
2024-09-16 10:32:00+00:00,RDFN,13.97130012512207,13.97130012512207,14.050000190734863,13.97130012512207,14.010100364685059,109688.0
2024-09-16 10:32:00+00:00,REFI,16.049999237060547,16.049999237060547,16.049999237060547,16.049999237060547,16.049999237060547,331.0
2024-09-16 10:32:00+00:00,REG,74.34500122070312,74.34500122070312,74.34500122070312,74.29000091552734,74.29000091552734,4167.0
2024-09-16 10:32:00+00:00,ROIC,15.864999771118164,15.864999771118164,15.864999771118164,15.864999771118164,15.864999771118164,546.0
2024-09-16 10:32:00+00:00,SBAC,245.63499450683594,245.63499450683594,245.67999267578125,245.52999877929688,245.67999267578125,3696.0
2024-09-16 10:32:00+00:00,SBRA,18.5049991607666,18.5049991607666,18.514999389648438,18.5049991607666,18.510000228881836,6255.0
2024-09-16 10:32:00+00:00,SVC,4.509900093078613,4.509900093078613,4.509900093078613,4.509900093078613,4.509900093078613,515.0
2024-09-16 10:32:00+00:00,WHLR,7.659999847412109,7.659999847412109,7.800000190734863,7.5,7.650000095367432,155192.0
2024-09-16 10:33:00+00:00,AGNC,10.439900398254395,10.439900398254395,10.439900398254395,10.433300018310547,10.4350004196167,10150.0
2024-09-16 10:33:00+00:00,BPYPO,14.109999656677246,14.109999656677246,14.109999656677246,14.109999656677246,14.109999656677246,108.0
2024-09-16 10:33:00+00:00,CSGP,79.0,79.0,79.03990173339844,78.98560333251953,78.98560333251953,2468.0
2024-09-16 10:33:00+00:00,DHC,3.5350000858306885,3.5350000858306885,3.5399999618530273,3.5350000858306885,3.5350000858306885,12730.0
2024-09-16 10:33:00+00:00,EQIX,877.0850219726562,877.0850219726562,877.0850219726562,877.0850219726562,877.0850219726562,266.0
2024-09-16 10:33:00+00:00,EXPI,14.505000114440918,14.505000114440918,14.505000114440918,14.460000038146973,14.475000381469727,6575.0
2024-09-16 10:33:00+00:00,FTHM,2.944999933242798,2.944999933242798,2.944999933242798,2.944999933242798,2.944999933242798,502.0
2024-09-16 10:33:00+00:00,GIPR,2.2249999046325684,2.2249999046325684,2.2249999046325684,2.2249999046325684,2.2249999046325684,270.0
2024-09-16 10:33:00+00:00,GLPI,51.63999938964844,51.63999938964844,51.63999938964844,51.630001068115234,51.630001068115234,915.0
2024-09-16 10:33:00+00:00,HST,17.475000381469727,17.475000381469727,17.479999542236328,17.454999923706055,17.454999923706055,6231.0
2024-09-16 10:33:00+00:00,HTIA,15.720000267028809,15.720000267028809,15.720000267028809,15.720000267028809,15.720000267028809,0.0
2024-09-16 10:33:00+00:00,LAMR,129.8350067138672,129.8350067138672,129.8350067138672,129.8350067138672,129.8350067138672,521.0
2024-09-16 10:33:00+00:00,LSEA,12.529999732971191,12.529999732971191,12.529999732971191,12.529999732971191,12.529999732971191,999.0
2024-09-16 10:33:00+00:00,NMRK,14.950300216674805,14.950300216674805,14.954999923706055,14.950300216674805,14.95259952545166,2333.0
2024-09-16 10:33:00+00:00,NYMT,6.590000152587891,6.590000152587891,6.590000152587891,6.590000152587891,6.590000152587891,596.0
2024-09-16 10:33:00+00:00,OPEN,2.125,2.125,2.130000114440918,2.119999885559082,2.1275999546051025,160466.0
2024-09-16 10:33:00+00:00,OPI,2.2249999046325684,2.2249999046325684,2.2300000190734863,2.2249999046325684,2.2300000190734863,877.0
2024-09-16 10:33:00+00:00,PCH,45.279998779296875,45.279998779296875,45.279998779296875,45.279998779296875,45.279998779296875,234.0
2024-09-16 10:33:00+00:00,RDFN,14.005000114440918,14.005000114440918,14.029999732971191,13.96500015258789,13.970000267028809,30019.0
2024-09-16 10:33:00+00:00,REAX,5.78000020980835,5.78000020980835,5.78000020980835,5.78000020980835,5.78000020980835,542.0
2024-09-16 10:33:00+00:00,REG,74.37000274658203,74.37000274658203,74.37000274658203,74.37000274658203,74.37000274658203,630.0
2024-09-16 10:33:00+00:00,ROIC,15.869999885559082,15.869999885559082,15.869999885559082,15.869999885559082,15.869999885559082,731.0
2024-09-16 10:33:00+00:00,SBAC,245.80999755859375,245.80999755859375,245.80999755859375,245.60499572753906,245.60499572753906,1919.0
2024-09-16 10:33:00+00:00,SBRA,18.517000198364258,18.517000198364258,18.517000198364258,18.5,18.510000228881836,11401.0
2024-09-16 10:33:00+00:00,SVC,4.505000114440918,4.505000114440918,4.505000114440918,4.505000114440918,4.505000114440918,341.0
2024-09-16 10:33:00+00:00,UNIT,5.400000095367432,5.400000095367432,5.400000095367432,5.400000095367432,5.400000095367432,459.0
2024-09-16 10:33:00+00:00,WHLR,7.551000118255615,7.551000118255615,7.699999809265137,7.542699813842773,7.659999847412109,50918.0
2024-09-16 10:34:00+00:00,AGNC,10.4350004196167,10.4350004196167,10.4399995803833,10.430000305175781,10.4350004196167,18029.0
2024-09-16 10:34:00+00:00,AGNCO,25.18000030517578,25.18000030517578,25.18000030517578,25.170000076293945,25.170000076293945,1540.0
2024-09-16 10:34:00+00:00,BPYPN,12.829999923706055,12.829999923706055,12.829999923706055,12.829999923706055,12.829999923706055,495.0
2024-09-16 10:34:00+00:00,BPYPO,14.109999656677246,14.109999656677246,14.109999656677246,14.109999656677246,14.109999656677246,710.0
2024-09-16 10:34:00+00:00,CIGI,146.44000244140625,146.44000244140625,146.57000732421875,146.2949981689453,146.44000244140625,3781.0
2024-09-16 10:34:00+00:00,CSGP,78.94999694824219,78.94999694824219,78.94999694824219,78.86499786376953,78.86499786376953,1808.0
2024-09-16 10:34:00+00:00,DHC,3.5450000762939453,3.5450000762939453,3.5450000762939453,3.5350000858306885,3.5350000858306885,2443.0
2024-09-16 10:34:00+00:00,EQIX,876.27001953125,876.27001953125,877.2849731445312,876.27001953125,877.0349731445312,2625.0
2024-09-16 10:34:00+00:00,EXPI,14.460000038146973,14.460000038146973,14.5,14.460000038146973,14.5,2181.0
2024-09-16 10:34:00+00:00,FSV,180.1199951171875,180.1199951171875,180.1300048828125,179.97250366210938,180.1300048828125,878.0
2024-09-16 10:34:00+00:00,GIPR,2.200000047683716,2.200000047683716,2.200000047683716,2.200000047683716,2.200000047683716,427.0
2024-09-16 10:34:00+00:00,GLPI,51.630001068115234,51.630001068115234,51.650001525878906,51.62699890136719,51.650001525878906,2933.0
2024-09-16 10:34:00+00:00,GOOD,16.129899978637695,16.129899978637695,16.1299991607666,16.129899978637695,16.1299991607666,690.0
2024-09-16 10:34:00+00:00,HST,17.454999923706055,17.454999923706055,17.479999542236328,17.45490074157715,17.479999542236328,7593.0
2024-09-16 10:34:00+00:00,ILPT,5.085000038146973,5.085000038146973,5.085000038146973,5.085000038146973,5.085000038146973,2173.0
2024-09-16 10:34:00+00:00,LSEA,12.51099967956543,12.51099967956543,12.51099967956543,12.505000114440918,12.506999969482422,579.0
2024-09-16 10:34:00+00:00,MDJH,0.7113000154495239,0.7113000154495239,0.7113000154495239,0.7113000154495239,0.7113000154495239,130.0
2024-09-16 10:34:00+00:00,NMRK,14.925000190734863,14.925000190734863,14.949999809265137,14.925000190734863,14.949999809265137,5285.0
2024-09-16 10:34:00+00:00,NYMT,6.59499979019165,6.59499979019165,6.59499979019165,6.59499979019165,6.59499979019165,434.0
2024-09-16 10:34:00+00:00,NYMTM,24.239999771118164,24.239999771118164,24.239999771118164,24.239999771118164,24.239999771118164,1329.0
2024-09-16 10:34:00+00:00,OPEN,2.125,2.125,2.1298999786376953,2.119999885559082,2.1261000633239746,38072.0
2024-09-16 10:34:00+00:00,OPI,2.2291998863220215,2.2291998863220215,2.2291998863220215,2.2200000286102295,2.2200000286102295,1032.0
2024-09-16 10:34:00+00:00,PCH,45.279998779296875,45.279998779296875,45.279998779296875,45.279998779296875,45.279998779296875,200.0
2024-09-16 10:34:00+00:00,RDFN,13.989999771118164,13.989999771118164,14.029999732971191,13.960000038146973,14.010000228881836,95770.0
2024-09-16 10:34:00+00:00,REG,74.43000030517578,74.43000030517578,74.43000030517578,74.37999725341797,74.4000015258789,2370.0
2024-09-16 10:34:00+00:00,RMR,25.30500030517578,25.30500030517578,25.30500030517578,25.30500030517578,25.30500030517578,611.0
2024-09-16 10:34:00+00:00,ROIC,15.885000228881836,15.885000228881836,15.885000228881836,15.885000228881836,15.885000228881836,207.0
2024-09-16 10:34:00+00:00,SBAC,246.13999938964844,246.13999938964844,246.13999938964844,245.6750030517578,245.6750030517578,3872.0
2024-09-16 10:34:00+00:00,SBRA,18.510000228881836,18.510000228881836,18.510000228881836,18.510000228881836,18.510000228881836,659.0
2024-09-16 10:34:00+00:00,SVC,4.505000114440918,4.505000114440918,4.505000114440918,4.5,4.5,1778.0
2024-09-16 10:34:00+00:00,UNIT,5.40500020980835,5.40500020980835,5.409999847412109,5.40500020980835,5.40500020980835,1526.0
2024-09-16 10:34:00+00:00,WHLR,7.65500020980835,7.65500020980835,7.760000228881836,7.570000171661377,7.649899959564209,92355.0
2024-09-16 10:35:00+00:00,AFCG,10.319999694824219,10.319999694824219,10.319999694824219,10.319999694824219,10.319999694824219,1048.0
2024-09-16 10:35:00+00:00,AGNC,10.444499969482422,10.444499969482422,10.449999809265137,10.4350004196167,10.4350004196167,190815.0
2024-09-16 10:35:00+00:00,AGNCO,25.160999298095703,25.160999298095703,25.170000076293945,25.160999298095703,25.160999298095703,5016.0
2024-09-16 10:35:00+00:00,CSGP,79.01000213623047,79.01000213623047,79.0199966430664,78.91999816894531,78.91999816894531,1529.0
2024-09-16 10:35:00+00:00,DHC,3.549999952316284,3.549999952316284,3.549999952316284,3.5450000762939453,3.5450000762939453,5187.0
2024-09-16 10:35:00+00:00,EXPI,14.470000267028809,14.470000267028809,14.470000267028809,14.470000267028809,14.470000267028809,829.0
2024-09-16 10:35:00+00:00,FSV,180.08999633789062,180.08999633789062,180.3300018310547,180.0500030517578,180.0500030517578,1105.0
2024-09-16 10:35:00+00:00,GLPI,51.665000915527344,51.665000915527344,51.665000915527344,51.5,51.630001068115234,104055.0
2024-09-16 10:35:00+00:00,HST,17.46500015258789,17.46500015258789,17.46500015258789,17.454999923706055,17.454999923706055,3620.0
2024-09-16 10:35:00+00:00,ILPT,5.090000152587891,5.090000152587891,5.090000152587891,5.080599784851074,5.090000152587891,2953.0
2024-09-16 10:35:00+00:00,LAND,14.680000305175781,14.680000305175781,14.680000305175781,14.65999984741211,14.65999984741211,801.0
2024-09-16 10:35:00+00:00,LSEA,12.550000190734863,12.550000190734863,12.550000190734863,12.510000228881836,12.510000228881836,998.0
2024-09-16 10:35:00+00:00,NMRK,14.93019962310791,14.93019962310791,14.9350004196167,14.925000190734863,14.925000190734863,6949.0
2024-09-16 10:35:00+00:00,OPEN,2.125,2.125,2.130000114440918,2.119999885559082,2.119999885559082,125764.0
2024-09-16 10:35:00+00:00,PCH,45.40999984741211,45.40999984741211,45.40999984741211,45.27750015258789,45.27750015258789,1949.0
2024-09-16 10:35:00+00:00,RDFN,13.96500015258789,13.96500015258789,13.989999771118164,13.949999809265137,13.970000267028809,36638.0
2024-09-16 10:35:00+00:00,REAX,5.760000228881836,5.760000228881836,5.760000228881836,5.760000228881836,5.760000228881836,2722.0
2024-09-16 10:35:00+00:00,REG,74.47000122070312,74.47000122070312,74.47000122070312,74.44499969482422,74.44499969482422,845.0
2024-09-16 10:35:00+00:00,ROIC,15.890000343322754,15.890000343322754,15.890000343322754,15.890000343322754,15.890000343322754,1018.0
2024-09-16 10:35:00+00:00,SBAC,246.1699981689453,246.1699981689453,246.1699981689453,246.1699981689453,246.1699981689453,444.0
2024-09-16 10:35:00+00:00,SBRA,18.514999389648438,18.514999389648438,18.514999389648438,18.5049991607666,18.5049991607666,5295.0
2024-09-16 10:35:00+00:00,SEVN,13.829899787902832,13.829899787902832,13.829899787902832,13.829899787902832,13.829899787902832,386.0
2024-09-16 10:35:00+00:00,SVC,4.514999866485596,4.514999866485596,4.514999866485596,4.5,4.505000114440918,3201.0
2024-09-16 10:35:00+00:00,UNIT,5.40500020980835,5.40500020980835,5.40500020980835,5.40500020980835,5.40500020980835,5141.0
2024-09-16 10:35:00+00:00,WHLR,7.545199871063232,7.545199871063232,7.880000114440918,7.545199871063232,7.730000019073486,101951.0
2024-09-16 10:36:00+00:00,AFCG,10.34000015258789,10.34000015258789,10.349900245666504,10.34000015258789,10.349900245666504,6924.0
2024-09-16 10:36:00+00:00,AGNC,10.444999694824219,10.444999694824219,10.449999809265137,10.444999694824219,10.444999694824219,35117.0
2024-09-16 10:36:00+00:00,BPYPO,14.145000457763672,14.145000457763672,14.145000457763672,14.145000457763672,14.145000457763672,485.0
2024-09-16 10:36:00+00:00,CSGP,79.03500366210938,79.03500366210938,79.04000091552734,79.0,79.0,1319.0
2024-09-16 10:36:00+00:00,EXPI,14.510000228881836,14.510000228881836,14.510000228881836,14.489999771118164,14.489999771118164,691.0
2024-09-16 10:36:00+00:00,GLPI,51.54999923706055,51.54999923706055,51.650001525878906,51.5,51.650001525878906,576068.0
2024-09-16 10:36:00+00:00,GOOD,16.149999618530273,16.149999618530273,16.149999618530273,16.149999618530273,16.149999618530273,102.0
2024-09-16 10:36:00+00:00,HST,17.475000381469727,17.475000381469727,17.479999542236328,17.46500015258789,17.46500015258789,9900.0
2024-09-16 10:36:00+00:00,LAMR,129.74000549316406,129.74000549316406,129.74000549316406,129.74000549316406,129.74000549316406,635.0
2024-09-16 10:36:00+00:00,LAND,14.675100326538086,14.675100326538086,14.675100326538086,14.675100326538086,14.675100326538086,156.0
2024-09-16 10:36:00+00:00,LSEA,12.59000015258789,12.59000015258789,12.59000015258789,12.59000015258789,12.59000015258789,1577.0
2024-09-16 10:36:00+00:00,NMRK,14.9399995803833,14.9399995803833,14.951000213623047,14.9399995803833,14.944999694824219,4085.0
2024-09-16 10:36:00+00:00,OPEN,2.1298999786376953,2.1298999786376953,2.1298999786376953,2.1233999729156494,2.125,17701.0
2024-09-16 10:36:00+00:00,OPI,2.2249999046325684,2.2249999046325684,2.2249999046325684,2.2249999046325684,2.2249999046325684,122.0
2024-09-16 10:36:00+00:00,PCH,45.33000183105469,45.33000183105469,45.400001525878906,45.33000183105469,45.400001525878906,3114.0
2024-09-16 10:36:00+00:00,PECO,38.869998931884766,38.869998931884766,38.880001068115234,38.869998931884766,38.880001068115234,667.0
2024-09-16 10:36:00+00:00,RDFN,13.900199890136719,13.900199890136719,13.979999542236328,13.898699760437012,13.970000267028809,77754.0
2024-09-16 10:36:00+00:00,REG,74.41999816894531,74.41999816894531,74.47000122070312,74.41999816894531,74.47000122070312,1820.0
2024-09-16 10:36:00+00:00,SBAC,246.22000122070312,246.22000122070312,246.22500610351562,246.22000122070312,246.22500610351562,435.0
2024-09-16 10:36:00+00:00,SBRA,18.510000228881836,18.510000228881836,18.514999389648438,18.510000228881836,18.510000228881836,4642.0
2024-09-16 10:36:00+00:00,UNIT,5.40500020980835,5.40500020980835,5.40500020980835,5.40500020980835,5.40500020980835,3936.0
2024-09-16 10:36:00+00:00,WHLR,7.380000114440918,7.380000114440918,7.599999904632568,7.269999980926514,7.570000171661377,131671.0
2024-09-16 10:37:00+00:00,AFCG,10.34000015258789,10.34000015258789,10.34000015258789,10.34000015258789,10.34000015258789,300.0
2024-09-16 10:37:00+00:00,AGNC,10.449999809265137,10.449999809265137,10.449999809265137,10.440099716186523,10.445099830627441,13725.0
2024-09-16 10:37:00+00:00,BPYPO,14.145000457763672,14.145000457763672,14.145000457763672,14.145000457763672,14.145000457763672,0.0
2024-09-16 10:37:00+00:00,CSGP,79.06999969482422,79.06999969482422,79.08499908447266,79.0250015258789,79.03500366210938,3534.0
2024-09-16 10:37:00+00:00,DHC,3.5450000762939453,3.5450000762939453,3.5450000762939453,3.5450000762939453,3.5450000762939453,900.0
2024-09-16 10:37:00+00:00,EXPI,14.539999961853027,14.539999961853027,14.569999694824219,14.5,14.5,7896.0
2024-09-16 10:37:00+00:00,FRPH,29.614999771118164,29.614999771118164,29.614999771118164,29.614999771118164,29.614999771118164,532.0
2024-09-16 10:37:00+00:00,FSV,180.10499572753906,180.10499572753906,180.2449951171875,180.10499572753906,180.2449951171875,720.0
2024-09-16 10:37:00+00:00,GLPI,51.564998626708984,51.564998626708984,51.56999969482422,51.560001373291016,51.560001373291016,2892.0
2024-09-16 10:37:00+00:00,GOOD,16.15850067138672,16.15850067138672,16.15850067138672,16.15850067138672,16.15850067138672,2507.0
2024-09-16 10:37:00+00:00,HST,17.485000610351562,17.485000610351562,17.489999771118164,17.475000381469727,17.475000381469727,4121.0
2024-09-16 10:37:00+00:00,LAMR,129.7949981689453,129.7949981689453,129.7949981689453,129.7949981689453,129.7949981689453,106.0
2024-09-16 10:37:00+00:00,LAND,14.6899995803833,14.6899995803833,14.6899995803833,14.6899995803833,14.6899995803833,163.0
2024-09-16 10:37:00+00:00,MDJH,0.7113000154495239,0.7113000154495239,0.7113000154495239,0.7113000154495239,0.7113000154495239,265.0
2024-09-16 10:37:00+00:00,NMRK,14.954999923706055,14.954999923706055,14.954999923706055,14.9399995803833,14.9399995803833,912.0
2024-09-16 10:37:00+00:00,NYMT,6.605000019073486,6.605000019073486,6.605000019073486,6.599999904632568,6.599999904632568,3594.0
2024-09-16 10:37:00+00:00,OPEN,2.134999990463257,2.134999990463257,2.140000104904175,2.125,2.125,173589.0
2024-09-16 10:37:00+00:00,OPI,2.2249999046325684,2.2249999046325684,2.2249999046325684,2.2249999046325684,2.2249999046325684,733.0
2024-09-16 10:37:00+00:00,RDFN,13.954999923706055,13.954999923706055,13.979999542236328,13.904999732971191,13.90999984741211,43617.0
2024-09-16 10:37:00+00:00,REG,74.43000030517578,74.43000030517578,74.43000030517578,74.43000030517578,74.43000030517578,1049.0
2024-09-16 10:37:00+00:00,ROIC,15.920000076293945,15.920000076293945,15.920000076293945,15.914999961853027,15.914999961853027,12254.0
2024-09-16 10:37:00+00:00,SBAC,246.2550048828125,246.2550048828125,246.30499267578125,246.22000122070312,246.22000122070312,994.0
2024-09-16 10:37:00+00:00,SBRA,18.510000228881836,18.510000228881836,18.520000457763672,18.510000228881836,18.514999389648438,8686.0
2024-09-16 10:37:00+00:00,UNIT,5.400000095367432,5.400000095367432,5.40500020980835,5.400000095367432,5.40500020980835,735.0
2024-09-16 10:37:00+00:00,WHLR,7.479899883270264,7.479899883270264,7.489999771118164,7.340099811553955,7.389999866485596,70142.0
2024-09-16 10:38:00+00:00,AEI,1.1299999952316284,1.1299999952316284,1.1299999952316284,1.1299999952316284,1.1299999952316284,698.0
2024-09-16 10:38:00+00:00,AGNC,10.454999923706055,10.454999923706055,10.460000038146973,10.444999694824219,10.444999694824219,199096.0
2024-09-16 10:38:00+00:00,AGNCL,24.18000030517578,24.18000030517578,24.18000030517578,24.18000030517578,24.18000030517578,3527.0
2024-09-16 10:38:00+00:00,AGNCO,25.184999465942383,25.184999465942383,25.184999465942383,25.184999465942383,25.184999465942383,156.0
2024-09-16 10:38:00+00:00,EQIX,877.8099975585938,877.8099975585938,877.8099975585938,877.8099975585938,877.8099975585938,658.0
2024-09-16 10:38:00+00:00,EXPI,14.479999542236328,14.479999542236328,14.489999771118164,14.479999542236328,14.489999771118164,515.0
2024-09-16 10:38:00+00:00,FSV,180.1999969482422,180.1999969482422,180.1999969482422,180.10000610351562,180.10000610351562,464.0
2024-09-16 10:38:00+00:00,GIPR,2.2399001121520996,2.2399001121520996,2.2399001121520996,2.2399001121520996,2.2399001121520996,249.0
2024-09-16 10:38:00+00:00,GLPI,51.59000015258789,51.59000015258789,51.59000015258789,51.560001373291016,51.56999969482422,6367.0
2024-09-16 10:38:00+00:00,HST,17.479999542236328,17.479999542236328,17.479999542236328,17.46500015258789,17.479999542236328,8821.0
2024-09-16 10:38:00+00:00,LAMR,129.66000366210938,129.66000366210938,129.66000366210938,129.66000366210938,129.66000366210938,148.0
2024-09-16 10:38:00+00:00,LAND,14.6899995803833,14.6899995803833,14.6899995803833,14.6899995803833,14.6899995803833,526.0
2024-09-16 10:38:00+00:00,NMRK,14.960000038146973,14.960000038146973,14.960000038146973,14.960000038146973,14.960000038146973,260.0
2024-09-16 10:38:00+00:00,NYMT,6.605000019073486,6.605000019073486,6.605000019073486,6.605000019073486,6.605000019073486,331.0
2024-09-16 10:38:00+00:00,OPEN,2.130000114440918,2.130000114440918,2.134999990463257,2.130000114440918,2.134999990463257,60175.0
2024-09-16 10:38:00+00:00,PECO,38.8849983215332,38.8849983215332,38.8849983215332,38.8849983215332,38.8849983215332,141.0
2024-09-16 10:38:00+00:00,RDFN,13.946200370788574,13.946200370788574,13.970000267028809,13.899999618530273,13.961999893188477,35771.0
2024-09-16 10:38:00+00:00,REG,74.49500274658203,74.49500274658203,74.5,74.49500274658203,74.5,589.0
2024-09-16 10:38:00+00:00,ROIC,15.9399995803833,15.9399995803833,15.9399995803833,15.9399995803833,15.9399995803833,387.0
2024-09-16 10:38:00+00:00,SBAC,246.7100067138672,246.7100067138672,246.7100067138672,246.7100067138672,246.7100067138672,757.0
2024-09-16 10:38:00+00:00,SBRA,18.524999618530273,18.524999618530273,18.524999618530273,18.510000228881836,18.510000228881836,6207.0
2024-09-16 10:38:00+00:00,SVC,4.510000228881836,4.510000228881836,4.514999866485596,4.510000228881836,4.514999866485596,558.0
2024-09-16 10:38:00+00:00,UNIT,5.40500020980835,5.40500020980835,5.409999847412109,5.400000095367432,5.40500020980835,10354.0
2024-09-16 10:38:00+00:00,WHLR,7.395400047302246,7.395400047302246,7.489999771118164,7.361000061035156,7.460000038146973,26329.0
2024-09-16 10:39:00+00:00,AFCG,10.34000015258789,10.34000015258789,10.34000015258789,10.34000015258789,10.34000015258789,0.0
2024-09-16 10:39:00+00:00,AGNC,10.454999923706055,10.454999923706055,10.454999923706055,10.444999694824219,10.454999923706055,183276.0
2024-09-16 10:39:00+00:00,AGNCP,24.459999084472656,24.459999084472656,24.459999084472656,24.459999084472656,24.459999084472656,1145.0
2024-09-16 10:39:00+00:00,CSGP,79.06999969482422,79.06999969482422,79.12999725341797,79.06999969482422,79.12999725341797,1606.0
2024-09-16 10:39:00+00:00,EXPI,14.460000038146973,14.460000038146973,14.479999542236328,14.460000038146973,14.479999542236328,873.0
2024-09-16 10:39:00+00:00,FRPH,29.610000610351562,29.610000610351562,29.610000610351562,29.610000610351562,29.610000610351562,370.0
2024-09-16 10:39:00+00:00,FTHM,2.9200000762939453,2.9200000762939453,2.9200000762939453,2.9200000762939453,2.9200000762939453,200.0
2024-09-16 10:39:00+00:00,GLPI,51.6349983215332,51.6349983215332,51.6349983215332,51.6349983215332,51.6349983215332,870.0
2024-09-16 10:39:00+00:00,HST,17.46500015258789,17.46500015258789,17.479999542236328,17.46500015258789,17.469999313354492,3382.0
2024-09-16 10:39:00+00:00,LAND,14.694999694824219,14.694999694824219,14.694999694824219,14.694999694824219,14.694999694824219,801.0
2024-09-16 10:39:00+00:00,NMRK,14.960000038146973,14.960000038146973,14.96500015258789,14.960000038146973,14.96500015258789,1365.0
2024-09-16 10:39:00+00:00,NYMT,6.59499979019165,6.59499979019165,6.599999904632568,6.59499979019165,6.599999904632568,934.0
2024-09-16 10:39:00+00:00,OPEN,2.125,2.125,2.140000104904175,2.125,2.130000114440918,95428.0
2024-09-16 10:39:00+00:00,PECO,38.900001525878906,38.900001525878906,38.900001525878906,38.900001525878906,38.900001525878906,140.0
2024-09-16 10:39:00+00:00,RDFN,13.84000015258789,13.84000015258789,13.949999809265137,13.83530044555664,13.949999809265137,81634.0
2024-09-16 10:39:00+00:00,REG,74.4800033569336,74.4800033569336,74.4800033569336,74.4800033569336,74.4800033569336,1016.0
2024-09-16 10:39:00+00:00,SBAC,246.8350067138672,246.8350067138672,246.99000549316406,246.82000732421875,246.82000732421875,1196.0
2024-09-16 10:39:00+00:00,SBRA,18.540000915527344,18.540000915527344,18.540000915527344,18.524999618530273,18.525999069213867,3578.0
2024-09-16 10:39:00+00:00,SVC,4.510000228881836,4.510000228881836,4.514999866485596,4.510000228881836,4.514999866485596,700.0
2024-09-16 10:39:00+00:00,UNIT,5.419899940490723,5.419899940490723,5.420000076293945,5.40500020980835,5.40500020980835,24411.0
2024-09-16 10:39:00+00:00,WHLR,7.130000114440918,7.130000114440918,7.380000114440918,7.130000114440918,7.380000114440918,96452.0
2024-09-16 10:40:00+00:00,AFCG,10.34000015258789,10.34000015258789,10.34000015258789,10.34000015258789,10.34000015258789,1911.0
2024-09-16 10:40:00+00:00,AGNC,10.454999923706055,10.454999923706055,10.45989990234375,10.451199531555176,10.45989990234375,13626.0
2024-09-16 10:40:00+00:00,BPYPO,14.140000343322754,14.140000343322754,14.145000457763672,14.140000343322754,14.145000457763672,130.0
2024-09-16 10:40:00+00:00,CIGI,146.4250030517578,146.4250030517578,146.4250030517578,146.4250030517578,146.4250030517578,412.0
2024-09-16 10:40:00+00:00,CSGP,79.04499816894531,79.04499816894531,79.08000183105469,79.04499816894531,79.08000183105469,1448.0
2024-09-16 10:40:00+00:00,DHC,3.5510001182556152,3.5510001182556152,3.5510001182556152,3.549999952316284,3.549999952316284,6531.0
2024-09-16 10:40:00+00:00,EXPI,14.4399995803833,14.4399995803833,14.4399995803833,14.329999923706055,14.430000305175781,20415.0
2024-09-16 10:40:00+00:00,GLPI,51.63999938964844,51.63999938964844,51.64550018310547,51.63999938964844,51.64550018310547,1789.0
2024-09-16 10:40:00+00:00,HST,17.459999084472656,17.459999084472656,17.469999313354492,17.454999923706055,17.469999313354492,4878.0
2024-09-16 10:40:00+00:00,ILPT,5.079999923706055,5.079999923706055,5.085000038146973,5.079999923706055,5.085000038146973,1747.0
2024-09-16 10:40:00+00:00,LAMR,129.5800018310547,129.5800018310547,129.5800018310547,129.5800018310547,129.5800018310547,340.0
2024-09-16 10:40:00+00:00,LAND,14.6899995803833,14.6899995803833,14.694999694824219,14.6899995803833,14.694999694824219,347.0
2024-09-16 10:40:00+00:00,NMRK,14.970000267028809,14.970000267028809,14.970000267028809,14.960000038146973,14.960000038146973,2301.0
2024-09-16 10:40:00+00:00,NYMT,6.59499979019165,6.59499979019165,6.59499979019165,6.59499979019165,6.59499979019165,570.0
2024-09-16 10:40:00+00:00,OPEN,2.134999990463257,2.134999990463257,2.140000104904175,2.119999885559082,2.130000114440918,184421.0
2024-09-16 10:40:00+00:00,OPI,2.2249999046325684,2.2249999046325684,2.2249999046325684,2.2249999046325684,2.2249999046325684,1020.0
2024-09-16 10:40:00+00:00,PECO,38.900001525878906,38.900001525878906,38.900001525878906,38.900001525878906,38.900001525878906,141.0
2024-09-16 10:40:00+00:00,RDFN,13.88759994506836,13.88759994506836,13.899999618530273,13.789999961853027,13.84000015258789,84202.0
2024-09-16 10:40:00+00:00,REAX,5.78000020980835,5.78000020980835,5.78000020980835,5.769999980926514,5.769999980926514,1522.0
2024-09-16 10:40:00+00:00,REFI,16.049999237060547,16.049999237060547,16.049999237060547,16.049999237060547,16.049999237060547,240.0
2024-09-16 10:40:00+00:00,REG,74.47000122070312,74.47000122070312,74.47000122070312,74.47000122070312,74.47000122070312,275.0
2024-09-16 10:40:00+00:00,ROIC,15.9399995803833,15.9399995803833,15.9399995803833,15.9399995803833,15.9399995803833,731.0
2024-09-16 10:40:00+00:00,SBAC,246.6750030517578,246.6750030517578,246.86000061035156,246.60000610351562,246.86000061035156,4174.0
2024-09-16 10:40:00+00:00,SBRA,18.540000915527344,18.540000915527344,18.540000915527344,18.53499984741211,18.540000915527344,4282.0
2024-09-16 10:40:00+00:00,SVC,4.514999866485596,4.514999866485596,4.514999866485596,4.514999866485596,4.514999866485596,23891.0
2024-09-16 10:40:00+00:00,UNIT,5.414999961853027,5.414999961853027,5.425000190734863,5.414999961853027,5.414999961853027,14708.0
2024-09-16 10:40:00+00:00,WHLR,6.96999979019165,6.96999979019165,7.199999809265137,6.929999828338623,7.152500152587891,174525.0
2024-09-16 10:41:00+00:00,AGNC,10.455599784851074,10.455599784851074,10.460000038146973,10.449999809265137,10.454999923706055,429780.0
2024-09-16 10:41:00+00:00,AGNCN,25.950000762939453,25.950000762939453,25.979999542236328,25.950000762939453,25.979999542236328,3476.0
2024-09-16 10:41:00+00:00,CHCI,8.739999771118164,8.739999771118164,8.739999771118164,8.595000267028809,8.619999885559082,1822.0
2024-09-16 10:41:00+00:00,CSGP,79.04740142822266,79.04740142822266,79.04740142822266,79.04740142822266,79.04740142822266,551.0
2024-09-16 10:41:00+00:00,EXPI,14.460000038146973,14.460000038146973,14.460000038146973,14.444999694824219,14.444999694824219,785.0
2024-09-16 10:41:00+00:00,FSV,180.75,180.75,180.81019592285156,180.75,180.81019592285156,680.0
2024-09-16 10:41:00+00:00,FTHM,2.9549999237060547,2.9549999237060547,2.9549999237060547,2.9549999237060547,2.9549999237060547,909.0
2024-09-16 10:41:00+00:00,GOOD,16.149900436401367,16.149900436401367,16.149900436401367,16.149900436401367,16.149900436401367,641.0
2024-09-16 10:41:00+00:00,HST,17.46500015258789,17.46500015258789,17.479999542236328,17.450000762939453,17.454999923706055,28247.0
2024-09-16 10:41:00+00:00,ILPT,5.085000038146973,5.085000038146973,5.085000038146973,5.085000038146973,5.085000038146973,237.0
2024-09-16 10:41:00+00:00,LAMR,129.64999389648438,129.64999389648438,129.64999389648438,129.64999389648438,129.64999389648438,1314.0
2024-09-16 10:41:00+00:00,LAND,14.6899995803833,14.6899995803833,14.6899995803833,14.6899995803833,14.6899995803833,284.0
2024-09-16 10:41:00+00:00,LANDM,24.600000381469727,24.600000381469727,24.600000381469727,24.600000381469727,24.600000381469727,0.0
2024-09-16 10:41:00+00:00,NMRK,14.994999885559082,14.994999885559082,14.994999885559082,14.975000381469727,14.975000381469727,1162.0
2024-09-16 10:41:00+00:00,NYMT,6.599999904632568,6.599999904632568,6.599999904632568,6.599999904632568,6.599999904632568,753.0
2024-09-16 10:41:00+00:00,OPEN,2.134999990463257,2.134999990463257,2.140000104904175,2.134999990463257,2.134999990463257,64894.0
2024-09-16 10:41:00+00:00,OPI,2.2249999046325684,2.2249999046325684,2.2249999046325684,2.2249999046325684,2.2249999046325684,711.0
2024-09-16 10:41:00+00:00,PECO,38.8849983215332,38.8849983215332,38.8849983215332,38.8849983215332,38.8849983215332,224.0
2024-09-16 10:41:00+00:00,RDFN,13.875,13.875,13.899999618530273,13.84000015258789,13.880000114440918,82732.0
2024-09-16 10:41:00+00:00,REFI,16.030000686645508,16.030000686645508,16.030000686645508,16.030000686645508,16.030000686645508,59.0
2024-09-16 10:41:00+00:00,REG,74.48500061035156,74.48500061035156,74.48500061035156,74.4800033569336,74.4800033569336,318.0
2024-09-16 10:41:00+00:00,SBAC,246.6699981689453,246.6699981689453,246.75999450683594,246.6699981689453,246.75999450683594,865.0
2024-09-16 10:41:00+00:00,SBRA,18.545000076293945,18.545000076293945,18.545000076293945,18.53499984741211,18.53499984741211,8372.0
2024-09-16 10:41:00+00:00,SELF,5.21999979019165,5.21999979019165,5.21999979019165,5.21999979019165,5.21999979019165,144.0
2024-09-16 10:41:00+00:00,SVC,4.510000228881836,4.510000228881836,4.519999980926514,4.510000228881836,4.514999866485596,672.0
2024-09-16 10:41:00+00:00,UNIT,5.414999961853027,5.414999961853027,5.414999961853027,5.414999961853027,5.414999961853027,2394.0
2024-09-16 10:41:00+00:00,WHLR,6.961299896240234,6.961299896240234,7.099999904632568,6.920000076293945,6.984600067138672,90105.0
2024-09-16 10:42:00+00:00,AFCG,10.34000015258789,10.34000015258789,10.34000015258789,10.34000015258789,10.34000015258789,250.0
2024-09-16 10:42:00+00:00,AGNC,10.444999694824219,10.444999694824219,10.454999923706055,10.4399995803833,10.454999923706055,48103.0
2024-09-16 10:42:00+00:00,ASPS,1.1764999628067017,1.1764999628067017,1.1764999628067017,1.1764999628067017,1.1764999628067017,240.0
2024-09-16 10:42:00+00:00,CSGP,79.05000305175781,79.05000305175781,79.05000305175781,79.0,79.05000305175781,2060.0
2024-09-16 10:42:00+00:00,DHC,3.549999952316284,3.549999952316284,3.549999952316284,3.549999952316284,3.549999952316284,322.0
2024-09-16 10:42:00+00:00,EXPI,14.399999618530273,14.399999618530273,14.430000305175781,14.399999618530273,14.430000305175781,2916.0
2024-09-16 10:42:00+00:00,FSV,180.50999450683594,180.50999450683594,180.5500030517578,180.50999450683594,180.5500030517578,1198.0
2024-09-16 10:42:00+00:00,GLPI,51.66999816894531,51.66999816894531,51.66999816894531,51.665000915527344,51.66999816894531,1092.0
2024-09-16 10:42:00+00:00,GOOD,16.149999618530273,16.149999618530273,16.149999618530273,16.139999389648438,16.139999389648438,2456.0
2024-09-16 10:42:00+00:00,HST,17.479999542236328,17.479999542236328,17.479999542236328,17.454999923706055,17.46500015258789,34771.0
2024-09-16 10:42:00+00:00,LAND,14.685099601745605,14.685099601745605,14.685099601745605,14.685099601745605,14.685099601745605,229.0
2024-09-16 10:42:00+00:00,NMRK,14.989999771118164,14.989999771118164,14.989999771118164,14.989999771118164,14.989999771118164,616.0
2024-09-16 10:42:00+00:00,NYMT,6.590000152587891,6.590000152587891,6.599999904632568,6.590000152587891,6.599999904632568,663.0
2024-09-16 10:42:00+00:00,OPEN,2.1449999809265137,2.1449999809265137,2.1449999809265137,2.130000114440918,2.134999990463257,157869.0
2024-09-16 10:42:00+00:00,PCH,45.404998779296875,45.404998779296875,45.404998779296875,45.404998779296875,45.404998779296875,308.0
2024-09-16 10:42:00+00:00,PECO,38.880001068115234,38.880001068115234,38.8849983215332,38.880001068115234,38.8849983215332,1102.0
2024-09-16 10:42:00+00:00,RDFN,13.930000305175781,13.930000305175781,13.9399995803833,13.810099601745605,13.864999771118164,69866.0
2024-09-16 10:42:00+00:00,REAX,5.78000020980835,5.78000020980835,5.78000020980835,5.776000022888184,5.776000022888184,725.0
2024-09-16 10:42:00+00:00,REG,74.54000091552734,74.54000091552734,74.54000091552734,74.47000122070312,74.47000122070312,1777.0
2024-09-16 10:42:00+00:00,ROIC,15.9399995803833,15.9399995803833,15.9399995803833,15.9399995803833,15.9399995803833,221.0
2024-09-16 10:42:00+00:00,SBAC,246.6649932861328,246.6649932861328,246.6649932861328,246.49000549316406,246.55999755859375,2433.0
2024-09-16 10:42:00+00:00,SBRA,18.559999465942383,18.559999465942383,18.559999465942383,18.540000915527344,18.545000076293945,3712.0
2024-09-16 10:42:00+00:00,SVC,4.510000228881836,4.510000228881836,4.510000228881836,4.510000228881836,4.510000228881836,340.0
2024-09-16 10:42:00+00:00,UNIT,5.389999866485596,5.389999866485596,5.409999847412109,5.389999866485596,5.409999847412109,28416.0
2024-09-16 10:42:00+00:00,WHLR,6.93120002746582,6.93120002746582,7.0,6.840000152587891,6.980000019073486,70217.0
2024-09-16 10:43:00+00:00,AFCG,10.34000015258789,10.34000015258789,10.34000015258789,10.34000015258789,10.34000015258789,117.0
2024-09-16 10:43:00+00:00,AGNC,10.444999694824219,10.444999694824219,10.460000038146973,10.444999694824219,10.444999694824219,605823.0
2024-09-16 10:43:00+00:00,AGNCO,25.18000030517578,25.18000030517578,25.18000030517578,25.170000076293945,25.170000076293945,1417.0
2024-09-16 10:43:00+00:00,CSGP,79.0999984741211,79.0999984741211,79.0999984741211,79.05500030517578,79.05999755859375,2370.0
2024-09-16 10:43:00+00:00,DHC,3.549999952316284,3.549999952316284,3.549999952316284,3.5411999225616455,3.5411999225616455,402.0
2024-09-16 10:43:00+00:00,DUO,0.4165000021457672,0.4165000021457672,0.4165000021457672,0.4165000021457672,0.4165000021457672,4140.0
2024-09-16 10:43:00+00:00,EXPI,14.390000343322754,14.390000343322754,14.420000076293945,14.380000114440918,14.395000457763672,4908.0
2024-09-16 10:43:00+00:00,FSV,180.39999389648438,180.39999389648438,180.39999389648438,180.36000061035156,180.36000061035156,928.0
2024-09-16 10:43:00+00:00,GLPI,51.650001525878906,51.650001525878906,51.685001373291016,51.650001525878906,51.685001373291016,1975.0
2024-09-16 10:43:00+00:00,HST,17.485000610351562,17.485000610351562,17.489999771118164,17.475000381469727,17.479999542236328,3381.0
2024-09-16 10:43:00+00:00,NMRK,14.994999885559082,14.994999885559082,14.994999885559082,14.994999885559082,14.994999885559082,813.0
2024-09-16 10:43:00+00:00,OPEN,2.1301000118255615,2.1301000118255615,2.1500000953674316,2.130000114440918,2.1449999809265137,150851.0
2024-09-16 10:43:00+00:00,OPI,2.2249999046325684,2.2249999046325684,2.2249999046325684,2.2249999046325684,2.2249999046325684,246.0
2024-09-16 10:43:00+00:00,PCH,45.33000183105469,45.33000183105469,45.33000183105469,45.33000183105469,45.33000183105469,184.0
2024-09-16 10:43:00+00:00,PECO,38.88999938964844,38.88999938964844,38.88999938964844,38.88999938964844,38.88999938964844,758.0
2024-09-16 10:43:00+00:00,RDFN,13.854999542236328,13.854999542236328,13.930000305175781,13.854999542236328,13.90999984741211,17296.0
2024-09-16 10:43:00+00:00,REAX,5.778600215911865,5.778600215911865,5.78000020980835,5.778600215911865,5.78000020980835,779.0
2024-09-16 10:43:00+00:00,ROIC,15.9399995803833,15.9399995803833,15.9399995803833,15.9399995803833,15.9399995803833,654.0
2024-09-16 10:43:00+00:00,SBAC,246.88499450683594,246.88499450683594,246.88499450683594,246.88499450683594,246.88499450683594,513.0
2024-09-16 10:43:00+00:00,SBRA,18.565000534057617,18.565000534057617,18.565000534057617,18.559999465942383,18.559999465942383,2203.0
2024-09-16 10:43:00+00:00,SVC,4.510000228881836,4.510000228881836,4.510000228881836,4.510000228881836,4.510000228881836,107.0
2024-09-16 10:43:00+00:00,WHLR,6.889999866485596,6.889999866485596,6.960000038146973,6.882299900054932,6.934999942779541,26980.0
2024-09-16 10:44:00+00:00,AFCG,10.34000015258789,10.34000015258789,10.34000015258789,10.34000015258789,10.34000015258789,209.0
2024-09-16 10:44:00+00:00,AGNC,10.45009994506836,10.45009994506836,10.454999923706055,10.4399995803833,10.444999694824219,68761.0
2024-09-16 10:44:00+00:00,CSGP,79.07499694824219,79.07499694824219,79.08999633789062,79.07499694824219,79.07499694824219,979.0
2024-09-16 10:44:00+00:00,EXPI,14.40999984741211,14.40999984741211,14.40999984741211,14.40999984741211,14.40999984741211,605.0
2024-09-16 10:44:00+00:00,GLPI,51.619998931884766,51.619998931884766,51.63999938964844,51.619998931884766,51.63999938964844,2515.0
2024-09-16 10:44:00+00:00,GOOD,16.15999984741211,16.15999984741211,16.15999984741211,16.15999984741211,16.15999984741211,451.0
2024-09-16 10:44:00+00:00,HST,17.485000610351562,17.485000610351562,17.489999771118164,17.485000610351562,17.485000610351562,5921.0
2024-09-16 10:44:00+00:00,ILPT,5.090000152587891,5.090000152587891,5.090000152587891,5.090000152587891,5.090000152587891,343.0
2024-09-16 10:44:00+00:00,NYMT,6.590099811553955,6.590099811553955,6.590099811553955,6.590099811553955,6.590099811553955,599.0
2024-09-16 10:44:00+00:00,OPEN,2.1401000022888184,2.1401000022888184,2.1449999809265137,2.130000114440918,2.134999990463257,190898.0
2024-09-16 10:44:00+00:00,OPI,2.2249999046325684,2.2249999046325684,2.2300000190734863,2.2249999046325684,2.2300000190734863,1912.0
2024-09-16 10:44:00+00:00,PCH,45.38999938964844,45.38999938964844,45.38999938964844,45.38999938964844,45.38999938964844,133.0
2024-09-16 10:44:00+00:00,PECO,38.880001068115234,38.880001068115234,38.8849983215332,38.880001068115234,38.8849983215332,200.0
2024-09-16 10:44:00+00:00,RDFN,13.920000076293945,13.920000076293945,13.920000076293945,13.845000267028809,13.850000381469727,12986.0
2024-09-16 10:44:00+00:00,REAX,5.769999980926514,5.769999980926514,5.769999980926514,5.769999980926514,5.769999980926514,2597.0
2024-09-16 10:44:00+00:00,SBAC,246.89500427246094,246.89500427246094,246.89500427246094,246.89500427246094,246.89500427246094,112.0
2024-09-16 10:44:00+00:00,SBRA,18.584999084472656,18.584999084472656,18.584999084472656,18.565000534057617,18.565000534057617,2392.0
2024-09-16 10:44:00+00:00,SVC,4.514999866485596,4.514999866485596,4.514999866485596,4.510000228881836,4.510000228881836,315.0
2024-09-16 10:44:00+00:00,UNIT,5.389999866485596,5.389999866485596,5.389999866485596,5.389999866485596,5.389999866485596,328.0
2024-09-16 10:44:00+00:00,WHLR,6.909999847412109,6.909999847412109,6.980000019073486,6.840000152587891,6.860000133514404,59928.0
2024-09-16 10:45:00+00:00,AFCG,10.34000015258789,10.34000015258789,10.34000015258789,10.34000015258789,10.34000015258789,101.0
2024-09-16 10:45:00+00:00,AGNC,10.454999923706055,10.454999923706055,10.454999923706055,10.449999809265137,10.454999923706055,19934.0
2024-09-16 10:45:00+00:00,CSGP,79.03500366210938,79.03500366210938,79.11000061035156,79.03500366210938,79.09500122070312,2674.0
2024-09-16 10:45:00+00:00,DHC,3.5450000762939453,3.5450000762939453,3.5450000762939453,3.5450000762939453,3.5450000762939453,294.0
2024-09-16 10:45:00+00:00,DUO,0.40630000829696655,0.40630000829696655,0.41589999198913574,0.40630000829696655,0.41589999198913574,0.0
2024-09-16 10:45:00+00:00,FSV,179.7899932861328,179.7899932861328,180.25,179.77000427246094,180.25,1965.0
2024-09-16 10:45:00+00:00,GLPI,51.63999938964844,51.63999938964844,51.63999938964844,51.6150016784668,51.619998931884766,1764.0
2024-09-16 10:45:00+00:00,HST,17.489999771118164,17.489999771118164,17.4950008392334,17.485000610351562,17.489999771118164,3188.0
2024-09-16 10:45:00+00:00,LAND,14.689900398254395,14.689900398254395,14.689900398254395,14.689900398254395,14.689900398254395,401.0
2024-09-16 10:45:00+00:00,NYMT,6.599999904632568,6.599999904632568,6.599999904632568,6.599100112915039,6.599100112915039,668.0
2024-09-16 10:45:00+00:00,OPEN,2.149899959564209,2.149899959564209,2.1500000953674316,2.140000104904175,2.149899959564209,26360.0
2024-09-16 10:45:00+00:00,PCH,45.439998626708984,45.439998626708984,45.470001220703125,45.439998626708984,45.470001220703125,399.0
2024-09-16 10:45:00+00:00,PECO,38.880001068115234,38.880001068115234,38.880001068115234,38.880001068115234,38.880001068115234,542.0
2024-09-16 10:45:00+00:00,RDFN,13.904999732971191,13.904999732971191,13.9350004196167,13.880000114440918,13.9350004196167,17099.0
2024-09-16 10:45:00+00:00,REAX,5.78000020980835,5.78000020980835,5.78000020980835,5.779900074005127,5.78000020980835,1011.0
2024-09-16 10:45:00+00:00,REG,74.52999877929688,74.52999877929688,74.52999877929688,74.51499938964844,74.52999877929688,1503.0
2024-09-16 10:45:00+00:00,SBAC,246.89999389648438,246.89999389648438,246.94000244140625,246.89999389648438,246.94000244140625,651.0
2024-09-16 10:45:00+00:00,SBRA,18.594999313354492,18.594999313354492,18.600000381469727,18.59000015258789,18.59000015258789,2116.0
2024-09-16 10:45:00+00:00,SQFT,0.7299000024795532,0.7299000024795532,0.7299000024795532,0.7299000024795532,0.7299000024795532,1271.0
2024-09-16 10:45:00+00:00,SVC,4.525000095367432,4.525000095367432,4.525000095367432,4.510000228881836,4.519999980926514,2491.0
2024-09-16 10:45:00+00:00,UNIT,5.385000228881836,5.385000228881836,5.385000228881836,5.380000114440918,5.385000228881836,1301.0
2024-09-16 10:45:00+00:00,WHLR,6.82480001449585,6.82480001449585,6.920000076293945,6.800000190734863,6.920000076293945,36555.0
2024-09-16 10:46:00+00:00,AFCG,10.350000381469727,10.350000381469727,10.350000381469727,10.350000381469727,10.350000381469727,617.0
2024-09-16 10:46:00+00:00,AGNC,10.454999923706055,10.454999923706055,10.460000038146973,10.45479965209961,10.454999923706055,49872.0
2024-09-16 10:46:00+00:00,CSGP,79.04499816894531,79.04499816894531,79.06999969482422,79.0199966430664,79.05999755859375,3326.0
2024-09-16 10:46:00+00:00,DHC,3.549999952316284,3.549999952316284,3.549999952316284,3.5450000762939453,3.5450000762939453,249.0
2024-09-16 10:46:00+00:00,EXPI,14.420000076293945,14.420000076293945,14.420000076293945,14.420000076293945,14.420000076293945,180.0
2024-09-16 10:46:00+00:00,FSV,179.8350067138672,179.8350067138672,179.89500427246094,179.82000732421875,179.85000610351562,3767.0
2024-09-16 10:46:00+00:00,GLPI,51.66999816894531,51.66999816894531,51.66999816894531,51.630001068115234,51.630001068115234,2209.0
2024-09-16 10:46:00+00:00,GOOD,16.150100708007812,16.150100708007812,16.150100708007812,16.150100708007812,16.150100708007812,618.0
2024-09-16 10:46:00+00:00,HST,17.489999771118164,17.489999771118164,17.4950008392334,17.485000610351562,17.489999771118164,6735.0
2024-09-16 10:46:00+00:00,ILPT,5.079999923706055,5.079999923706055,5.079999923706055,5.079999923706055,5.079999923706055,530.0
2024-09-16 10:46:00+00:00,NYMT,6.605000019073486,6.605000019073486,6.610000133514404,6.599999904632568,6.599999904632568,3782.0
2024-09-16 10:46:00+00:00,OPEN,2.1449999809265137,2.1449999809265137,2.1500000953674316,2.140000104904175,2.147200107574463,110902.0
2024-09-16 10:46:00+00:00,OPI,2.2249999046325684,2.2249999046325684,2.2249999046325684,2.2249999046325684,2.2249999046325684,7.0
2024-09-16 10:46:00+00:00,PCH,45.470001220703125,45.470001220703125,45.470001220703125,45.470001220703125,45.470001220703125,496.0
2024-09-16 10:46:00+00:00,PECO,38.88999938964844,38.88999938964844,38.88999938964844,38.88999938964844,38.88999938964844,953.0
2024-09-16 10:46:00+00:00,RDFN,13.914999961853027,13.914999961853027,13.920000076293945,13.880000114440918,13.890000343322754,9557.0
2024-09-16 10:46:00+00:00,REAX,5.764999866485596,5.764999866485596,5.78000020980835,5.764999866485596,5.78000020980835,830.0
2024-09-16 10:46:00+00:00,REFI,16.030000686645508,16.030000686645508,16.030000686645508,16.030000686645508,16.030000686645508,530.0
2024-09-16 10:46:00+00:00,REG,74.56999969482422,74.56999969482422,74.56999969482422,74.56999969482422,74.56999969482422,728.0
2024-09-16 10:46:00+00:00,ROIC,15.96500015258789,15.96500015258789,15.96500015258789,15.96500015258789,15.96500015258789,1060.0
2024-09-16 10:46:00+00:00,SBAC,246.9949951171875,246.9949951171875,246.9949951171875,246.9949951171875,246.9949951171875,1757.0
2024-09-16 10:46:00+00:00,SBRA,18.625,18.625,18.639999389648438,18.594999313354492,18.594999313354492,8185.0
2024-09-16 10:46:00+00:00,UNIT,5.380000114440918,5.380000114440918,5.385000228881836,5.380000114440918,5.380000114440918,1929.0
2024-09-16 10:46:00+00:00,WHLR,6.840000152587891,6.840000152587891,6.898399829864502,6.769999980926514,6.815000057220459,33776.0
2024-09-16 10:47:00+00:00,AFCG,10.359999656677246,10.359999656677246,10.359999656677246,10.359999656677246,10.359999656677246,390.0
2024-09-16 10:47:00+00:00,AGNC,10.449999809265137,10.449999809265137,10.460000038146973,10.449999809265137,10.456199645996094,23058.0
2024-09-16 10:47:00+00:00,CIGI,146.72889709472656,146.72889709472656,146.72889709472656,146.58999633789062,146.58999633789062,1220.0
2024-09-16 10:47:00+00:00,CSGP,78.9749984741211,78.9749984741211,79.04499816894531,78.9749984741211,79.04499816894531,2217.0
2024-09-16 10:47:00+00:00,DHC,3.5450000762939453,3.5450000762939453,3.5450000762939453,3.5450000762939453,3.5450000762939453,473.0
2024-09-16 10:47:00+00:00,EXPI,14.399999618530273,14.399999618530273,14.399999618530273,14.399999618530273,14.399999618530273,323.0
2024-09-16 10:47:00+00:00,GLPI,51.599998474121094,51.599998474121094,51.66999816894531,51.599998474121094,51.66999816894531,3247.0
2024-09-16 10:47:00+00:00,HST,17.475000381469727,17.475000381469727,17.485000610351562,17.469999313354492,17.485000610351562,4880.0
2024-09-16 10:47:00+00:00,ILPT,5.074999809265137,5.074999809265137,5.079999923706055,5.074999809265137,5.074999809265137,2392.0
2024-09-16 10:47:00+00:00,LAND,14.66100025177002,14.66100025177002,14.680000305175781,14.66100025177002,14.680000305175781,400.0
2024-09-16 10:47:00+00:00,NMRK,14.984999656677246,14.984999656677246,14.989999771118164,14.984999656677246,14.989999771118164,2117.0
2024-09-16 10:47:00+00:00,OPEN,2.1449999809265137,2.1449999809265137,2.1500000953674316,2.1401000022888184,2.149899959564209,21874.0
2024-09-16 10:47:00+00:00,OPI,2.2242000102996826,2.2242000102996826,2.2242000102996826,2.2242000102996826,2.2242000102996826,380.0
2024-09-16 10:47:00+00:00,PCH,45.43000030517578,45.43000030517578,45.439998626708984,45.43000030517578,45.439998626708984,1268.0
2024-09-16 10:47:00+00:00,PECO,38.869998931884766,38.869998931884766,38.875,38.869998931884766,38.875,764.0
2024-09-16 10:47:00+00:00,RDFN,13.884300231933594,13.884300231933594,13.919899940490723,13.880000114440918,13.90999984741211,16838.0
2024-09-16 10:47:00+00:00,REAX,5.769999980926514,5.769999980926514,5.769999980926514,5.769999980926514,5.769999980926514,227.0
2024-09-16 10:47:00+00:00,REG,74.56999969482422,74.56999969482422,74.56999969482422,74.56999969482422,74.56999969482422,913.0
2024-09-16 10:47:00+00:00,ROIC,15.960000038146973,15.960000038146973,15.960000038146973,15.960000038146973,15.960000038146973,1179.0
2024-09-16 10:47:00+00:00,SBAC,246.60000610351562,246.60000610351562,246.9949951171875,246.57000732421875,246.9949951171875,3402.0
2024-09-16 10:47:00+00:00,SBRA,18.604999542236328,18.604999542236328,18.6200008392334,18.604999542236328,18.6200008392334,4958.0
2024-09-16 10:47:00+00:00,SVC,4.525000095367432,4.525000095367432,4.525000095367432,4.525000095367432,4.525000095367432,704.0
2024-09-16 10:47:00+00:00,UNIT,5.360000133514404,5.360000133514404,5.385000228881836,5.360000133514404,5.380000114440918,13884.0
2024-09-16 10:47:00+00:00,WHLR,7.010000228881836,7.010000228881836,7.019999980926514,6.835000038146973,6.835000038146973,62589.0
2024-09-16 10:48:00+00:00,AFCG,10.354999542236328,10.354999542236328,10.354999542236328,10.354999542236328,10.354999542236328,365.0
2024-09-16 10:48:00+00:00,AGNC,10.454999923706055,10.454999923706055,10.460000038146973,10.449999809265137,10.454999923706055,9600.0
2024-09-16 10:48:00+00:00,ASPS,1.1699999570846558,1.1699999570846558,1.1699999570846558,1.1699999570846558,1.1699999570846558,1389.0
2024-09-16 10:48:00+00:00,CIGI,146.65939331054688,146.65939331054688,146.65939331054688,146.65939331054688,146.65939331054688,480.0
2024-09-16 10:48:00+00:00,CSGP,79.0,79.0,79.0,78.9800033569336,78.9800033569336,777.0
2024-09-16 10:48:00+00:00,DHC,3.5399999618530273,3.5399999618530273,3.5399999618530273,3.5399999618530273,3.5399999618530273,2866.0
2024-09-16 10:48:00+00:00,EXPI,14.399999618530273,14.399999618530273,14.420000076293945,14.399999618530273,14.40999984741211,3038.0
2024-09-16 10:48:00+00:00,GLPI,51.56999969482422,51.56999969482422,51.59000015258789,51.56999969482422,51.58000183105469,822.0
2024-09-16 10:48:00+00:00,HST,17.475000381469727,17.475000381469727,17.479999542236328,17.475000381469727,17.475000381469727,3822.0
2024-09-16 10:48:00+00:00,LAMR,129.47999572753906,129.47999572753906,129.47999572753906,129.47999572753906,129.47999572753906,410.0
2024-09-16 10:48:00+00:00,NMRK,14.975899696350098,14.975899696350098,14.979999542236328,14.975899696350098,14.979999542236328,927.0
2024-09-16 10:48:00+00:00,NYMT,6.599999904632568,6.599999904632568,6.599999904632568,6.599999904632568,6.599999904632568,1028.0
2024-09-16 10:48:00+00:00,OPEN,2.130000114440918,2.130000114440918,2.1449999809265137,2.130000114440918,2.1449999809265137,50494.0
2024-09-16 10:48:00+00:00,PECO,38.875,38.875,38.875,38.875,38.875,753.0
2024-09-16 10:48:00+00:00,RDFN,13.860199928283691,13.860199928283691,13.892000198364258,13.854999542236328,13.880000114440918,25282.0
2024-09-16 10:48:00+00:00,REAX,5.760000228881836,5.760000228881836,5.7600998878479,5.760000228881836,5.7600998878479,2668.0
2024-09-16 10:48:00+00:00,REG,74.52999877929688,74.52999877929688,74.52999877929688,74.52999877929688,74.52999877929688,434.0
2024-09-16 10:48:00+00:00,ROIC,15.954999923706055,15.954999923706055,15.954999923706055,15.949999809265137,15.954999923706055,1633.0
2024-09-16 10:48:00+00:00,SBRA,18.575000762939453,18.575000762939453,18.604999542236328,18.56999969482422,18.600000381469727,14385.0
2024-09-16 10:48:00+00:00,SVC,4.525000095367432,4.525000095367432,4.525000095367432,4.519999980926514,4.525000095367432,876.0
2024-09-16 10:48:00+00:00,UK,1.3662999868392944,1.3662999868392944,1.3662999868392944,1.3662999868392944,1.3662999868392944,427.0
2024-09-16 10:48:00+00:00,UNIT,5.360000133514404,5.360000133514404,5.360000133514404,5.360000133514404,5.360000133514404,1213.0
2024-09-16 10:48:00+00:00,WHLR,7.015699863433838,7.015699863433838,7.150000095367432,6.960000038146973,7.005000114440918,71355.0
2024-09-16 10:49:00+00:00,AGNC,10.454999923706055,10.454999923706055,10.460000038146973,10.449999809265137,10.454999923706055,51608.0
2024-09-16 10:49:00+00:00,BPYPO,14.180000305175781,14.180000305175781,14.180000305175781,14.180000305175781,14.180000305175781,306.0
2024-09-16 10:49:00+00:00,CSGP,79.0250015258789,79.0250015258789,79.05999755859375,79.00499725341797,79.00499725341797,960.0
2024-09-16 10:49:00+00:00,DHC,3.5450000762939453,3.5450000762939453,3.5450000762939453,3.5399999618530273,3.5399999618530273,1639.0
2024-09-16 10:49:00+00:00,EXPI,14.438799858093262,14.438799858093262,14.4399995803833,14.40999984741211,14.40999984741211,3739.0
2024-09-16 10:49:00+00:00,FSV,180.17999267578125,180.17999267578125,180.17999267578125,180.17999267578125,180.17999267578125,981.0
2024-09-16 10:49:00+00:00,GLPI,51.61000061035156,51.61000061035156,51.61000061035156,51.59000015258789,51.59000015258789,1428.0
2024-09-16 10:49:00+00:00,HST,17.489999771118164,17.489999771118164,17.5,17.479999542236328,17.479999542236328,11068.0
2024-09-16 10:49:00+00:00,LAND,14.66450023651123,14.66450023651123,14.66450023651123,14.66450023651123,14.66450023651123,208.0
2024-09-16 10:49:00+00:00,LSEA,12.579999923706055,12.579999923706055,12.579999923706055,12.579999923706055,12.579999923706055,212.0
2024-09-16 10:49:00+00:00,NMRK,14.979999542236328,14.979999542236328,14.979999542236328,14.975000381469727,14.975000381469727,980.0
2024-09-16 10:49:00+00:00,NYMT,6.599999904632568,6.599999904632568,6.599999904632568,6.599999904632568,6.599999904632568,763.0
2024-09-16 10:49:00+00:00,OPEN,2.1401000022888184,2.1401000022888184,2.1449999809265137,2.130000114440918,2.1342999935150146,125567.0
2024-09-16 10:49:00+00:00,PECO,38.900001525878906,38.900001525878906,38.900001525878906,38.900001525878906,38.900001525878906,496.0
2024-09-16 10:49:00+00:00,RDFN,13.972599983215332,13.972599983215332,13.979999542236328,13.869999885559082,13.869999885559082,27666.0
2024-09-16 10:49:00+00:00,REAX,5.736000061035156,5.736000061035156,5.739999771118164,5.73199987411499,5.739999771118164,2748.0
2024-09-16 10:49:00+00:00,REG,74.54000091552734,74.54000091552734,74.58000183105469,74.54000091552734,74.54000091552734,1651.0
2024-09-16 10:49:00+00:00,ROIC,15.970000267028809,15.970000267028809,15.970000267028809,15.970000267028809,15.970000267028809,496.0
2024-09-16 10:49:00+00:00,SBAC,246.6699981689453,246.6699981689453,246.6699981689453,246.63499450683594,246.63499450683594,629.0
2024-09-16 10:49:00+00:00,SBRA,18.600000381469727,18.600000381469727,18.600000381469727,18.579999923706055,18.579999923706055,3215.0
2024-09-16 10:49:00+00:00,SOHO,1.2400000095367432,1.2400000095367432,1.2400000095367432,1.2400000095367432,1.2400000095367432,770.0
2024-09-16 10:49:00+00:00,SVC,4.525000095367432,4.525000095367432,4.525000095367432,4.520100116729736,4.525000095367432,6968.0
2024-09-16 10:49:00+00:00,UNIT,5.369999885559082,5.369999885559082,5.375,5.364999771118164,5.364999771118164,20602.0
2024-09-16 10:49:00+00:00,WHLR,7.059999942779541,7.059999942779541,7.14739990234375,6.980000019073486,7.042200088500977,51481.0
2024-09-16 10:50:00+00:00,AFCG,10.359999656677246,10.359999656677246,10.379899978637695,10.354999542236328,10.354999542236328,2137.0
2024-09-16 10:50:00+00:00,AGNC,10.456199645996094,10.456199645996094,10.460000038146973,10.449999809265137,10.454999923706055,12370.0
2024-09-16 10:50:00+00:00,CHCI,8.618000030517578,8.618000030517578,8.618000030517578,8.618000030517578,8.618000030517578,2552.0
2024-09-16 10:50:00+00:00,CSGP,79.04000091552734,79.04000091552734,79.07499694824219,79.02999877929688,79.02999877929688,1196.0
2024-09-16 10:50:00+00:00,DHC,3.549999952316284,3.549999952316284,3.549999952316284,3.549999952316284,3.549999952316284,189.0
2024-09-16 10:50:00+00:00,DUO,0.4065000116825104,0.4065000116825104,0.40700000524520874,0.4065000116825104,0.40700000524520874,5232.0
2024-09-16 10:50:00+00:00,EXPI,14.460000038146973,14.460000038146973,14.460000038146973,14.449999809265137,14.449999809265137,1545.0
2024-09-16 10:50:00+00:00,GLPI,51.59000015258789,51.59000015258789,51.59000015258789,51.59000015258789,51.59000015258789,1463.0
2024-09-16 10:50:00+00:00,HST,17.475000381469727,17.475000381469727,17.4950008392334,17.475000381469727,17.4950008392334,22574.0
2024-09-16 10:50:00+00:00,ILPT,5.074999809265137,5.074999809265137,5.074999809265137,5.074999809265137,5.074999809265137,138.0
2024-09-16 10:50:00+00:00,LAMR,129.48500061035156,129.48500061035156,129.48500061035156,129.48500061035156,129.48500061035156,789.0
2024-09-16 10:50:00+00:00,LAND,14.699799537658691,14.699799537658691,14.699799537658691,14.699799537658691,14.699799537658691,401.0
2024-09-16 10:50:00+00:00,LSEA,12.604999542236328,12.604999542236328,12.604999542236328,12.604999542236328,12.604999542236328,222.0
2024-09-16 10:50:00+00:00,NMRK,14.989999771118164,14.989999771118164,14.989999771118164,14.989999771118164,14.989999771118164,1138.0
2024-09-16 10:50:00+00:00,NYMT,6.610000133514404,6.610000133514404,6.610000133514404,6.610000133514404,6.610000133514404,314.0
2024-09-16 10:50:00+00:00,OPEN,2.1500000953674316,2.1500000953674316,2.1500000953674316,2.140000104904175,2.1449999809265137,126258.0
2024-09-16 10:50:00+00:00,PCH,45.459999084472656,45.459999084472656,45.470001220703125,45.43000030517578,45.43000030517578,790.0
2024-09-16 10:50:00+00:00,PECO,38.900001525878906,38.900001525878906,38.900001525878906,38.869998931884766,38.880001068115234,1431.0
2024-09-16 10:50:00+00:00,RDFN,14.005000114440918,14.005000114440918,14.020000457763672,13.984999656677246,13.984999656677246,41086.0
2024-09-16 10:50:00+00:00,REAX,5.739999771118164,5.739999771118164,5.739999771118164,5.739999771118164,5.739999771118164,738.0
2024-09-16 10:50:00+00:00,REG,74.53500366210938,74.53500366210938,74.53500366210938,74.5199966430664,74.5199966430664,491.0
2024-09-16 10:50:00+00:00,SBAC,246.5800018310547,246.5800018310547,246.5800018310547,246.5800018310547,246.5800018310547,460.0
2024-09-16 10:50:00+00:00,SBRA,18.614999771118164,18.614999771118164,18.614999771118164,18.600000381469727,18.600000381469727,2528.0
2024-09-16 10:50:00+00:00,SVC,4.534999847412109,4.534999847412109,4.545000076293945,4.525000095367432,4.53000020980835,15426.0
2024-09-16 10:50:00+00:00,UNIT,5.385000228881836,5.385000228881836,5.385000228881836,5.364999771118164,5.364999771118164,20113.0
2024-09-16 10:50:00+00:00,WHLR,7.270999908447266,7.270999908447266,7.369999885559082,7.010000228881836,7.070000171661377,77002.0
2024-09-16 10:51:00+00:00,AGNC,10.454999923706055,10.454999923706055,10.460000038146973,10.449999809265137,10.449999809265137,5251.0
2024-09-16 10:51:00+00:00,BPYPO,14.120599746704102,14.120599746704102,14.120599746704102,14.120599746704102,14.120599746704102,287.0
2024-09-16 10:51:00+00:00,CSGP,79.04499816894531,79.04499816894531,79.06999969482422,79.04499816894531,79.06999969482422,1135.0
2024-09-16 10:51:00+00:00,DHC,3.5450000762939453,3.5450000762939453,3.5450000762939453,3.5450000762939453,3.5450000762939453,302.0
2024-09-16 10:51:00+00:00,EXPI,14.449999809265137,14.449999809265137,14.449999809265137,14.449999809265137,14.449999809265137,1367.0
2024-09-16 10:51:00+00:00,GLPI,51.58000183105469,51.58000183105469,51.60499954223633,51.58000183105469,51.60499954223633,2318.0
2024-09-16 10:51:00+00:00,GOOD,16.15999984741211,16.15999984741211,16.15999984741211,16.15999984741211,16.15999984741211,659.0
2024-09-16 10:51:00+00:00,HST,17.46500015258789,17.46500015258789,17.469999313354492,17.46500015258789,17.469999313354492,5934.0
2024-09-16 10:51:00+00:00,ILPT,5.074999809265137,5.074999809265137,5.074999809265137,5.074999809265137,5.074999809265137,130.0
2024-09-16 10:51:00+00:00,LSEA,12.595000267028809,12.595000267028809,12.595000267028809,12.595000267028809,12.595000267028809,396.0
2024-09-16 10:51:00+00:00,NMRK,14.970000267028809,14.970000267028809,14.989999771118164,14.970000267028809,14.984999656677246,1954.0
2024-09-16 10:51:00+00:00,NYMT,6.610000133514404,6.610000133514404,6.610000133514404,6.610000133514404,6.610000133514404,599.0
2024-09-16 10:51:00+00:00,OPEN,2.1498000621795654,2.1498000621795654,2.1500000953674316,2.1435999870300293,2.1435999870300293,10056.0
2024-09-16 10:51:00+00:00,RDFN,14.000800132751465,14.000800132751465,14.04990005493164,13.979900360107422,14.005000114440918,31346.0
2024-09-16 10:51:00+00:00,REAX,5.730000019073486,5.730000019073486,5.730000019073486,5.730000019073486,5.730000019073486,190.0
2024-09-16 10:51:00+00:00,REG,74.51000213623047,74.51000213623047,74.51000213623047,74.51000213623047,74.51000213623047,582.0
2024-09-16 10:51:00+00:00,ROIC,15.979999542236328,15.979999542236328,15.979999542236328,15.979999542236328,15.979999542236328,456.0
2024-09-16 10:51:00+00:00,SBAC,246.56500244140625,246.56500244140625,246.56500244140625,246.42999267578125,246.42999267578125,472.0
2024-09-16 10:51:00+00:00,SBRA,18.610000610351562,18.610000610351562,18.6200008392334,18.604999542236328,18.6200008392334,4107.0
2024-09-16 10:51:00+00:00,SELF,5.219900131225586,5.219900131225586,5.21999979019165,5.219900131225586,5.21999979019165,6352.0
2024-09-16 10:51:00+00:00,SVC,4.550000190734863,4.550000190734863,4.550000190734863,4.539999961853027,4.539999961853027,1913.0
2024-09-16 10:51:00+00:00,UNIT,5.394999980926514,5.394999980926514,5.394999980926514,5.385000228881836,5.385000228881836,9675.0
2024-09-16 10:51:00+00:00,WHLR,7.329999923706055,7.329999923706055,7.380000114440918,7.25,7.269999980926514,118059.0
2024-09-16 10:52:00+00:00,AGNC,10.454999923706055,10.454999923706055,10.460000038146973,10.449999809265137,10.454999923706055,12347.0
2024-09-16 10:52:00+00:00,CIGI,146.38499450683594,146.38499450683594,146.42999267578125,146.3300018310547,146.42999267578125,522.0
2024-09-16 10:52:00+00:00,CSGP,78.9800033569336,78.9800033569336,78.9800033569336,78.9800033569336,78.9800033569336,609.0
2024-09-16 10:52:00+00:00,DHC,3.5450000762939453,3.5450000762939453,3.5450000762939453,3.5450000762939453,3.5450000762939453,436.0
2024-09-16 10:52:00+00:00,DUO,0.4068000018596649,0.4068000018596649,0.4068000018596649,0.4068000018596649,0.4068000018596649,1046.0
2024-09-16 10:52:00+00:00,EXPI,14.44159984588623,14.44159984588623,14.449999809265137,14.44159984588623,14.449999809265137,929.0
2024-09-16 10:52:00+00:00,GLPI,51.56999969482422,51.56999969482422,51.56999969482422,51.567501068115234,51.56999969482422,895.0
2024-09-16 10:52:00+00:00,GOOD,16.1200008392334,16.1200008392334,16.139999389648438,16.1200008392334,16.139999389648438,2210.0
2024-09-16 10:52:00+00:00,HST,17.459999084472656,17.459999084472656,17.46500015258789,17.454999923706055,17.46500015258789,3893.0
2024-09-16 10:52:00+00:00,ILPT,5.070000171661377,5.070000171661377,5.070000171661377,5.070000171661377,5.070000171661377,449.0
2024-09-16 10:52:00+00:00,NYMT,6.605000019073486,6.605000019073486,6.605000019073486,6.605000019073486,6.605000019073486,686.0
2024-09-16 10:52:00+00:00,NYMTM,24.25,24.25,24.25,24.25,24.25,0.0
2024-09-16 10:52:00+00:00,OPEN,2.1480000019073486,2.1480000019073486,2.1500000953674316,2.140000104904175,2.1449999809265137,30441.0
2024-09-16 10:52:00+00:00,OPI,2.2249999046325684,2.2249999046325684,2.2249999046325684,2.2200000286102295,2.2200000286102295,4868.0
2024-09-16 10:52:00+00:00,PCH,45.41999816894531,45.41999816894531,45.45000076293945,45.41999816894531,45.45000076293945,833.0
2024-09-16 10:52:00+00:00,PECO,38.86000061035156,38.86000061035156,38.880001068115234,38.86000061035156,38.880001068115234,1042.0
2024-09-16 10:52:00+00:00,RDFN,14.010000228881836,14.010000228881836,14.03499984741211,14.010000228881836,14.010000228881836,12340.0
2024-09-16 10:52:00+00:00,REAX,5.739999771118164,5.739999771118164,5.739999771118164,5.739999771118164,5.739999771118164,1727.0
2024-09-16 10:52:00+00:00,REG,74.46499633789062,74.46499633789062,74.5,74.46499633789062,74.5,656.0
2024-09-16 10:52:00+00:00,ROIC,15.960000038146973,15.960000038146973,15.970000267028809,15.960000038146973,15.970000267028809,631.0
2024-09-16 10:52:00+00:00,SBAC,246.14999389648438,246.14999389648438,246.30999755859375,246.14999389648438,246.30999755859375,1171.0
2024-09-16 10:52:00+00:00,SBRA,18.59000015258789,18.59000015258789,18.604999542236328,18.59000015258789,18.604999542236328,3256.0
2024-09-16 10:52:00+00:00,SELF,5.225200176239014,5.225200176239014,5.225200176239014,5.225200176239014,5.225200176239014,112.0
2024-09-16 10:52:00+00:00,SVC,4.554999828338623,4.554999828338623,4.554999828338623,4.550000190734863,4.550000190734863,1115.0
2024-09-16 10:52:00+00:00,UNIT,5.394999980926514,5.394999980926514,5.400000095367432,5.385000228881836,5.389999866485596,24524.0
2024-09-16 10:52:00+00:00,WHLR,7.229800224304199,7.229800224304199,7.389999866485596,7.200099945068359,7.32889986038208,49004.0
2024-09-16 10:53:00+00:00,AGNC,10.454999923706055,10.454999923706055,10.460000038146973,10.449999809265137,10.454999923706055,15623.0
2024-09-16 10:53:00+00:00,CSGP,79.04000091552734,79.04000091552734,79.04000091552734,78.98999786376953,79.0,5230.0
2024-09-16 10:53:00+00:00,DHC,3.5450000762939453,3.5450000762939453,3.547499895095825,3.5450000762939453,3.547499895095825,423.0
2024-09-16 10:53:00+00:00,EXPI,14.414999961853027,14.414999961853027,14.449999809265137,14.414999961853027,14.449999809265137,2500.0
2024-09-16 10:53:00+00:00,GLPI,51.560001373291016,51.560001373291016,51.56999969482422,51.560001373291016,51.56999969482422,1108.0
2024-09-16 10:53:00+00:00,HST,17.485000610351562,17.485000610351562,17.489999771118164,17.459999084472656,17.459999084472656,9855.0
2024-09-16 10:53:00+00:00,LAMR,129.76499938964844,129.76499938964844,129.84500122070312,129.74000549316406,129.74000549316406,2545.0
2024-09-16 10:53:00+00:00,LSEA,12.619999885559082,12.619999885559082,12.619999885559082,12.600000381469727,12.600000381469727,1733.0
2024-09-16 10:53:00+00:00,NMRK,14.949999809265137,14.949999809265137,14.949999809265137,14.949999809265137,14.949999809265137,495.0
2024-09-16 10:53:00+00:00,OPEN,2.1407999992370605,2.1407999992370605,2.1500000953674316,2.140000104904175,2.1447999477386475,39958.0
2024-09-16 10:53:00+00:00,PCH,45.41999816894531,45.41999816894531,45.41999816894531,45.41999816894531,45.41999816894531,373.0
2024-09-16 10:53:00+00:00,PECO,38.8650016784668,38.8650016784668,38.8650016784668,38.86000061035156,38.86000061035156,953.0
2024-09-16 10:53:00+00:00,RDFN,14.005000114440918,14.005000114440918,14.015399932861328,14.005000114440918,14.015000343322754,4577.0
2024-09-16 10:53:00+00:00,REG,74.44000244140625,74.44000244140625,74.44000244140625,74.42500305175781,74.42500305175781,1069.0
2024-09-16 10:53:00+00:00,SBAC,246.32000732421875,246.32000732421875,246.32000732421875,246.32000732421875,246.32000732421875,1375.0
2024-09-16 10:53:00+00:00,SBRA,18.584999084472656,18.584999084472656,18.584999084472656,18.584999084472656,18.584999084472656,873.0
2024-09-16 10:53:00+00:00,SELF,5.218900203704834,5.218900203704834,5.218900203704834,5.218900203704834,5.218900203704834,5453.0
2024-09-16 10:53:00+00:00,SEVN,13.949999809265137,13.949999809265137,13.949999809265137,13.899999618530273,13.899999618530273,14430.0
2024-09-16 10:53:00+00:00,SVC,4.554999828338623,4.554999828338623,4.559999942779541,4.554999828338623,4.559999942779541,218.0
2024-09-16 10:53:00+00:00,UNIT,5.394999980926514,5.394999980926514,5.400000095367432,5.394999980926514,5.394999980926514,3961.0
2024-09-16 10:53:00+00:00,WHLR,7.21999979019165,7.21999979019165,7.25,7.150100231170654,7.21999979019165,20416.0
2024-09-16 10:54:00+00:00,AFCG,10.369999885559082,10.369999885559082,10.369999885559082,10.369999885559082,10.369999885559082,1184.0
2024-09-16 10:54:00+00:00,AGNC,10.454999923706055,10.454999923706055,10.460000038146973,10.449999809265137,10.454999923706055,5914.0
2024-09-16 10:54:00+00:00,CMCT,2.0399999618530273,2.0399999618530273,2.0399999618530273,2.0399999618530273,2.0399999618530273,159.0
2024-09-16 10:54:00+00:00,CSGP,78.94000244140625,78.94000244140625,79.06999969482422,78.94000244140625,79.06999969482422,2889.0
2024-09-16 10:54:00+00:00,EXPI,14.40999984741211,14.40999984741211,14.40999984741211,14.399999618530273,14.40999984741211,1408.0
2024-09-16 10:54:00+00:00,GLPI,51.56999969482422,51.56999969482422,51.59000015258789,51.56999969482422,51.58000183105469,1633.0
2024-09-16 10:54:00+00:00,GOOD,16.1299991607666,16.1299991607666,16.1299991607666,16.1299991607666,16.1299991607666,488.0
2024-09-16 10:54:00+00:00,HST,17.475000381469727,17.475000381469727,17.5,17.469999313354492,17.489999771118164,9965.0
2024-09-16 10:54:00+00:00,LAMR,130.0,130.0,130.0,130.0,130.0,370.0
2024-09-16 10:54:00+00:00,LAND,14.670000076293945,14.670000076293945,14.670000076293945,14.670000076293945,14.670000076293945,763.0
2024-09-16 10:54:00+00:00,LSEA,12.609999656677246,12.609999656677246,12.609999656677246,12.609999656677246,12.609999656677246,778.0
2024-09-16 10:54:00+00:00,NMRK,14.960000038146973,14.960000038146973,14.960000038146973,14.960000038146973,14.960000038146973,413.0
2024-09-16 10:54:00+00:00,OPEN,2.1458001136779785,2.1458001136779785,2.1477999687194824,2.140000104904175,2.1449999809265137,62115.0
2024-09-16 10:54:00+00:00,OPI,2.2149999141693115,2.2149999141693115,2.2149999141693115,2.2149999141693115,2.2149999141693115,476.0
2024-09-16 10:54:00+00:00,PCH,45.380001068115234,45.380001068115234,45.380001068115234,45.380001068115234,45.380001068115234,1537.0
2024-09-16 10:54:00+00:00,PECO,38.849998474121094,38.849998474121094,38.869998931884766,38.84000015258789,38.869998931884766,1497.0
2024-09-16 10:54:00+00:00,RDFN,14.029999732971191,14.029999732971191,14.029999732971191,13.925000190734863,14.010000228881836,47983.0
2024-09-16 10:54:00+00:00,REG,74.40499877929688,74.40499877929688,74.44000244140625,74.40499877929688,74.44000244140625,1125.0
2024-09-16 10:54:00+00:00,RMR,25.2450008392334,25.2450008392334,25.299999237060547,25.2450008392334,25.299999237060547,1603.0
2024-09-16 10:54:00+00:00,ROIC,15.96500015258789,15.96500015258789,15.96500015258789,15.96500015258789,15.96500015258789,122.0
2024-09-16 10:54:00+00:00,SBAC,246.32000732421875,246.32000732421875,246.32000732421875,246.32000732421875,246.32000732421875,1090.0
2024-09-16 10:54:00+00:00,SBRA,18.59000015258789,18.59000015258789,18.59000015258789,18.584999084472656,18.584999084472656,1301.0
2024-09-16 10:54:00+00:00,SEVN,13.949999809265137,13.949999809265137,13.949999809265137,13.949999809265137,13.949999809265137,3227.0
2024-09-16 10:54:00+00:00,SVC,4.559999942779541,4.559999942779541,4.559999942779541,4.554999828338623,4.554999828338623,555.0
2024-09-16 10:54:00+00:00,UNIT,5.385000228881836,5.385000228881836,5.394999980926514,5.385000228881836,5.394999980926514,5655.0
2024-09-16 10:55:00+00:00,AGNCN,25.969999313354492,25.969999313354492,25.969999313354492,25.969999313354492,25.969999313354492,1024.0
2024-09-16 10:55:00+00:00,CIGI,146.06500244140625,146.06500244140625,146.06500244140625,146.06500244140625,146.06500244140625,681.0
2024-09-16 10:55:00+00:00,EQIX,877.4600219726562,877.4600219726562,877.4600219726562,877.4600219726562,877.4600219726562,2311.0
2024-09-16 10:55:00+00:00,EXPI,14.40999984741211,14.40999984741211,14.40999984741211,14.40999984741211,14.40999984741211,1549.0
2024-09-16 10:55:00+00:00,GLPI,51.59000015258789,51.59000015258789,51.59000015258789,51.59000015258789,51.59000015258789,1076.0
2024-09-16 10:55:00+00:00,HST,17.485000610351562,17.485000610351562,17.485000610351562,17.46500015258789,17.469999313354492,11790.0
2024-09-16 10:55:00+00:00,LAMR,130.0,130.0,130.0,130.0,130.0,130.0
2024-09-16 10:55:00+00:00,NYMTM,24.260000228881836,24.260000228881836,24.260000228881836,24.260000228881836,24.260000228881836,1409.0
2024-09-16 10:55:00+00:00,OPEN,2.1449999809265137,2.1449999809265137,2.1500000953674316,2.140000104904175,2.1449999809265137,32112.0
2024-09-16 10:55:00+00:00,PECO,38.86000061035156,38.86000061035156,38.86000061035156,38.86000061035156,38.86000061035156,460.0
2024-09-16 10:55:00+00:00,RDFN,13.949999809265137,13.949999809265137,14.039299964904785,13.949999809265137,14.039299964904785,20635.0
2024-09-16 10:55:00+00:00,REFI,16.020000457763672,16.020000457763672,16.020000457763672,16.020000457763672,16.020000457763672,361.0
2024-09-16 10:55:00+00:00,RMR,25.25,25.25,25.25,25.25,25.25,294.0
2024-09-16 10:55:00+00:00,SBAC,246.36500549316406,246.36500549316406,246.36500549316406,246.36500549316406,246.36500549316406,463.0
2024-09-16 10:55:00+00:00,SBRA,18.59000015258789,18.59000015258789,18.59000015258789,18.59000015258789,18.59000015258789,3978.0
2024-09-16 10:55:00+00:00,SOHO,1.2400000095367432,1.2400000095367432,1.2400000095367432,1.2400000095367432,1.2400000095367432,2146.0
2024-09-16 10:55:00+00:00,SVC,4.554999828338623,4.554999828338623,4.554999828338623,4.554999828338623,4.554999828338623,1033.0
2024-09-16 10:55:00+00:00,UNIT,5.380000114440918,5.380000114440918,5.385000228881836,5.380000114440918,5.385000228881836,508.0
2024-09-16 10:56:00+00:00,AGNC,10.454999923706055,10.454999923706055,10.460000038146973,10.449999809265137,10.456299781799316,26760.0
2024-09-16 10:56:00+00:00,AGNCO,25.149999618530273,25.149999618530273,25.149999618530273,25.149999618530273,25.149999618530273,523.0
2024-09-16 10:56:00+00:00,CSGP,78.9800033569336,78.9800033569336,78.98500061035156,78.93000030517578,78.98500061035156,1662.0
2024-09-16 10:56:00+00:00,DHC,3.5450000762939453,3.5450000762939453,3.5450000762939453,3.5450000762939453,3.5450000762939453,778.0
2024-09-16 10:56:00+00:00,EXPI,14.369999885559082,14.369999885559082,14.390000343322754,14.369999885559082,14.390000343322754,1644.0
2024-09-16 10:56:00+00:00,GLPI,51.58000183105469,51.58000183105469,51.58000183105469,51.58000183105469,51.58000183105469,581.0
2024-09-16 10:56:00+00:00,GOOD,16.1294002532959,16.1294002532959,16.1294002532959,16.1294002532959,16.1294002532959,680.0
2024-09-16 10:56:00+00:00,HST,17.5049991607666,17.5049991607666,17.5049991607666,17.489999771118164,17.489999771118164,3755.0
2024-09-16 10:56:00+00:00,ILPT,5.065000057220459,5.065000057220459,5.065000057220459,5.065000057220459,5.065000057220459,132.0
2024-09-16 10:56:00+00:00,LAMR,129.75999450683594,129.75999450683594,129.75999450683594,129.75999450683594,129.75999450683594,288.0
2024-09-16 10:56:00+00:00,MDJH,0.718999981880188,0.718999981880188,0.718999981880188,0.718999981880188,0.718999981880188,0.0
2024-09-16 10:56:00+00:00,NMRK,14.944999694824219,14.944999694824219,14.944999694824219,14.944999694824219,14.944999694824219,1275.0
2024-09-16 10:56:00+00:00,NYMT,6.605000019073486,6.605000019073486,6.605000019073486,6.599999904632568,6.599999904632568,2848.0
2024-09-16 10:56:00+00:00,NYMTZ,20.690000534057617,20.690000534057617,20.690000534057617,20.690000534057617,20.690000534057617,1413.0
2024-09-16 10:56:00+00:00,OPEN,2.132200002670288,2.132200002670288,2.140000104904175,2.130000114440918,2.140000104904175,142441.0
2024-09-16 10:56:00+00:00,RDFN,13.949999809265137,13.949999809265137,13.949999809265137,13.899999618530273,13.91450023651123,19575.0
2024-09-16 10:56:00+00:00,REAX,5.75,5.75,5.75,5.75,5.75,1687.0
2024-09-16 10:56:00+00:00,REG,74.45999908447266,74.45999908447266,74.45999908447266,74.45999908447266,74.45999908447266,2876.0
2024-09-16 10:56:00+00:00,ROIC,15.954999923706055,15.954999923706055,15.954999923706055,15.954999923706055,15.954999923706055,3876.0
2024-09-16 10:56:00+00:00,SBAC,246.36500549316406,246.36500549316406,246.57000732421875,246.36500549316406,246.57000732421875,1151.0
2024-09-16 10:56:00+00:00,SBRA,18.59000015258789,18.59000015258789,18.59000015258789,18.59000015258789,18.59000015258789,877.0
2024-09-16 10:56:00+00:00,UNIT,5.385000228881836,5.385000228881836,5.385000228881836,5.385000228881836,5.385000228881836,662.0
2024-09-16 10:56:00+00:00,WHLR,7.291500091552734,7.291500091552734,7.369900226593018,7.131400108337402,7.190000057220459,67155.0
2024-09-16 10:57:00+00:00,AGNC,10.454999923706055,10.454999923706055,10.460000038146973,10.449999809265137,10.454999923706055,7017.0
2024-09-16 10:57:00+00:00,CSGP,78.9800033569336,78.9800033569336,78.9800033569336,78.9800033569336,78.9800033569336,1371.0
2024-09-16 10:57:00+00:00,DHC,3.549999952316284,3.549999952316284,3.549999952316284,3.5450000762939453,3.5450000762939453,1480.0
2024-09-16 10:57:00+00:00,EXPI,14.383899688720703,14.383899688720703,14.383899688720703,14.380000114440918,14.380000114440918,1133.0
2024-09-16 10:57:00+00:00,GLPI,51.6150016784668,51.6150016784668,51.619998931884766,51.595001220703125,51.595001220703125,2412.0
2024-09-16 10:57:00+00:00,HST,17.4950008392334,17.4950008392334,17.5049991607666,17.489999771118164,17.5,9345.0
2024-09-16 10:57:00+00:00,LSEA,12.619999885559082,12.619999885559082,12.619999885559082,12.619999885559082,12.619999885559082,929.0
2024-09-16 10:57:00+00:00,NYMT,6.599999904632568,6.599999904632568,6.605000019073486,6.599999904632568,6.605000019073486,319.0
2024-09-16 10:57:00+00:00,OPEN,2.134999990463257,2.134999990463257,2.140000104904175,2.130000114440918,2.139899969100952,65596.0
2024-09-16 10:57:00+00:00,PCH,45.40999984741211,45.40999984741211,45.40999984741211,45.400001525878906,45.400001525878906,1422.0
2024-09-16 10:57:00+00:00,PECO,38.880001068115234,38.880001068115234,38.880001068115234,38.86000061035156,38.86000061035156,1392.0
2024-09-16 10:57:00+00:00,RDFN,13.979999542236328,13.979999542236328,13.989999771118164,13.959799766540527,13.959799766540527,12031.0
2024-09-16 10:57:00+00:00,REAX,5.760000228881836,5.760000228881836,5.760000228881836,5.760000228881836,5.760000228881836,228.0
2024-09-16 10:57:00+00:00,REG,74.45999908447266,74.45999908447266,74.45999908447266,74.45999908447266,74.45999908447266,343.0
2024-09-16 10:57:00+00:00,RMR,25.190000534057617,25.190000534057617,25.190000534057617,25.190000534057617,25.190000534057617,1170.0
2024-09-16 10:57:00+00:00,SBAC,246.36000061035156,246.36000061035156,246.36500549316406,246.36000061035156,246.36500549316406,592.0
2024-09-16 10:57:00+00:00,SBRA,18.594999313354492,18.594999313354492,18.594999313354492,18.584999084472656,18.59000015258789,2502.0
2024-09-16 10:57:00+00:00,SVC,4.559999942779541,4.559999942779541,4.559999942779541,4.559999942779541,4.559999942779541,645.0
2024-09-16 10:57:00+00:00,UNIT,5.385000228881836,5.385000228881836,5.385000228881836,5.380000114440918,5.385000228881836,1819.0
2024-09-16 10:57:00+00:00,WHLR,7.389999866485596,7.389999866485596,7.5,7.280099868774414,7.2947998046875,84452.0
2024-09-16 10:58:00+00:00,AFCG,10.369999885559082,10.369999885559082,10.369999885559082,10.369999885559082,10.369999885559082,239.0
2024-09-16 10:58:00+00:00,AGNC,10.449999809265137,10.449999809265137,10.460000038146973,10.449999809265137,10.454999923706055,10526.0
2024-09-16 10:58:00+00:00,CIGI,145.69000244140625,145.69000244140625,145.69000244140625,145.69000244140625,145.69000244140625,268.0
2024-09-16 10:58:00+00:00,CSGP,78.87999725341797,78.87999725341797,78.98500061035156,78.87999725341797,78.98500061035156,1448.0
2024-09-16 10:58:00+00:00,EQIX,877.760009765625,877.760009765625,877.760009765625,877.3699951171875,877.3699951171875,1613.0
2024-09-16 10:58:00+00:00,EXPI,14.380000114440918,14.380000114440918,14.380000114440918,14.380000114440918,14.380000114440918,1258.0
2024-09-16 10:58:00+00:00,GLPI,51.61000061035156,51.61000061035156,51.61000061035156,51.61000061035156,51.61000061035156,1476.0
2024-09-16 10:58:00+00:00,HST,17.4950008392334,17.4950008392334,17.4950008392334,17.4950008392334,17.4950008392334,2342.0
2024-09-16 10:58:00+00:00,HTIA,15.600000381469727,15.600000381469727,15.600000381469727,15.600000381469727,15.600000381469727,598.0
2024-09-16 10:58:00+00:00,ILPT,5.054999828338623,5.054999828338623,5.059999942779541,5.054999828338623,5.059999942779541,1181.0
2024-09-16 10:58:00+00:00,LAMR,129.8000030517578,129.8000030517578,129.8000030517578,129.8000030517578,129.8000030517578,571.0
2024-09-16 10:58:00+00:00,LAND,14.65999984741211,14.65999984741211,14.65999984741211,14.65999984741211,14.65999984741211,183.0
2024-09-16 10:58:00+00:00,NMRK,14.944999694824219,14.944999694824219,14.944999694824219,14.944999694824219,14.944999694824219,204.0
2024-09-16 10:58:00+00:00,NYMT,6.610000133514404,6.610000133514404,6.610000133514404,6.610000133514404,6.610000133514404,1847.0
2024-09-16 10:58:00+00:00,OPEN,2.139899969100952,2.139899969100952,2.139899969100952,2.130000114440918,2.139899969100952,44507.0
2024-09-16 10:58:00+00:00,PECO,38.86000061035156,38.86000061035156,38.869998931884766,38.86000061035156,38.869998931884766,732.0
2024-09-16 10:58:00+00:00,RDFN,14.005399703979492,14.005399703979492,14.005399703979492,13.964500427246094,13.970000267028809,13434.0
2024-09-16 10:58:00+00:00,REAX,5.769999980926514,5.769999980926514,5.769999980926514,5.769999980926514,5.769999980926514,261.0
2024-09-16 10:58:00+00:00,REG,74.44499969482422,74.44499969482422,74.45999908447266,74.44000244140625,74.45999908447266,2717.0
2024-09-16 10:58:00+00:00,ROIC,15.954999923706055,15.954999923706055,15.954999923706055,15.954999923706055,15.954999923706055,435.0
2024-09-16 10:58:00+00:00,SBAC,246.35000610351562,246.35000610351562,246.35499572753906,246.35000610351562,246.35499572753906,211.0
2024-09-16 10:58:00+00:00,SBRA,18.59000015258789,18.59000015258789,18.600000381469727,18.59000015258789,18.600000381469727,3082.0
2024-09-16 10:58:00+00:00,SEVN,13.949999809265137,13.949999809265137,13.949999809265137,13.949999809265137,13.949999809265137,500.0
2024-09-16 10:58:00+00:00,SVC,4.554999828338623,4.554999828338623,4.554999828338623,4.554999828338623,4.554999828338623,394.0
2024-09-16 10:58:00+00:00,UNIT,5.375,5.375,5.380000114440918,5.375,5.380000114440918,17656.0
2024-09-16 10:58:00+00:00,WHLR,7.474999904632568,7.474999904632568,7.570000171661377,7.400000095367432,7.400000095367432,72664.0
2024-09-16 10:59:00+00:00,AGNC,10.454999923706055,10.454999923706055,10.460000038146973,10.449999809265137,10.460000038146973,12760.0
2024-09-16 10:59:00+00:00,AGNCL,24.170000076293945,24.170000076293945,24.18000030517578,24.170000076293945,24.170000076293945,3500.0
2024-09-16 10:59:00+00:00,BPYPP,14.94849967956543,14.94849967956543,14.94849967956543,14.94849967956543,14.94849967956543,104.0
2024-09-16 10:59:00+00:00,CIGI,145.97999572753906,145.97999572753906,145.97999572753906,145.97999572753906,145.97999572753906,228.0
2024-09-16 10:59:00+00:00,CSGP,78.9000015258789,78.9000015258789,78.9000015258789,78.86499786376953,78.86499786376953,746.0
2024-09-16 10:59:00+00:00,DUO,0.4172999858856201,0.4172999858856201,0.4172999858856201,0.4172999858856201,0.4172999858856201,5554.0
2024-09-16 10:59:00+00:00,EXPI,14.380000114440918,14.380000114440918,14.380000114440918,14.380000114440918,14.380000114440918,789.0
2024-09-16 10:59:00+00:00,GLPI,51.6150016784668,51.6150016784668,51.6150016784668,51.59000015258789,51.59000015258789,1469.0
2024-09-16 10:59:00+00:00,HST,17.4950008392334,17.4950008392334,17.5,17.489999771118164,17.5,3792.0
2024-09-16 10:59:00+00:00,ILPT,5.050000190734863,5.050000190734863,5.059999942779541,5.050000190734863,5.059999942779541,1906.0
2024-09-16 10:59:00+00:00,NMRK,14.944999694824219,14.944999694824219,14.944999694824219,14.944999694824219,14.944999694824219,1223.0
2024-09-16 10:59:00+00:00,NYMT,6.614999771118164,6.614999771118164,6.614999771118164,6.614999771118164,6.614999771118164,265.0
2024-09-16 10:59:00+00:00,NYMTM,24.28499984741211,24.28499984741211,24.28499984741211,24.28499984741211,24.28499984741211,200.0
2024-09-16 10:59:00+00:00,NYMTZ,20.687999725341797,20.687999725341797,20.687999725341797,20.687999725341797,20.687999725341797,500.0
2024-09-16 10:59:00+00:00,OPEN,2.134999990463257,2.134999990463257,2.1398000717163086,2.130000114440918,2.130000114440918,68031.0
2024-09-16 10:59:00+00:00,PECO,38.86000061035156,38.86000061035156,38.86000061035156,38.86000061035156,38.86000061035156,387.0
2024-09-16 10:59:00+00:00,RDFN,13.984999656677246,13.984999656677246,14.010000228881836,13.975000381469727,14.010000228881836,17676.0
2024-09-16 10:59:00+00:00,REAX,5.769999980926514,5.769999980926514,5.769999980926514,5.769999980926514,5.769999980926514,635.0
2024-09-16 10:59:00+00:00,REG,74.4800033569336,74.4800033569336,74.4800033569336,74.47000122070312,74.47000122070312,311.0
2024-09-16 10:59:00+00:00,ROIC,15.954999923706055,15.954999923706055,15.954999923706055,15.954999923706055,15.954999923706055,3030.0
2024-09-16 10:59:00+00:00,SBAC,246.39999389648438,246.39999389648438,246.39999389648438,246.34500122070312,246.34500122070312,695.0
2024-09-16 10:59:00+00:00,SBRA,18.610000610351562,18.610000610351562,18.610000610351562,18.59000015258789,18.59000015258789,3336.0
2024-09-16 10:59:00+00:00,SOHO,1.25,1.25,1.25,1.2450000047683716,1.2450000047683716,2990.0
2024-09-16 10:59:00+00:00,UNIT,5.375,5.375,5.380000114440918,5.369999885559082,5.369999885559082,4573.0
2024-09-16 10:59:00+00:00,WHLR,7.505000114440918,7.505000114440918,7.579999923706055,7.460000038146973,7.501399993896484,64395.0
2024-09-16 11:00:00+00:00,AFCG,10.380000114440918,10.380000114440918,10.380000114440918,10.369999885559082,10.369999885559082,12751.0
2024-09-16 11:00:00+00:00,AGNC,10.454999923706055,10.454999923706055,10.460000038146973,10.449999809265137,10.460000038146973,17032.0
2024-09-16 11:00:00+00:00,AGNCL,24.199899673461914,24.199899673461914,24.199899673461914,24.199899673461914,24.199899673461914,1090.0
2024-09-16 11:00:00+00:00,CIGI,146.22000122070312,146.22000122070312,146.22000122070312,146.02999877929688,146.02999877929688,1472.0
2024-09-16 11:00:00+00:00,CSGP,78.83000183105469,78.83000183105469,78.83000183105469,78.83000183105469,78.83000183105469,1573.0
2024-09-16 11:00:00+00:00,EXPI,14.36050033569336,14.36050033569336,14.369999885559082,14.36050033569336,14.369999885559082,2186.0
2024-09-16 11:00:00+00:00,GLPI,51.63999938964844,51.63999938964844,51.63999938964844,51.619998931884766,51.619998931884766,2625.0
2024-09-16 11:00:00+00:00,HST,17.479999542236328,17.479999542236328,17.5,17.479999542236328,17.5,6575.0
2024-09-16 11:00:00+00:00,ILPT,5.059999942779541,5.059999942779541,5.059999942779541,5.059999942779541,5.059999942779541,315.0
2024-09-16 11:00:00+00:00,LSEA,12.609999656677246,12.609999656677246,12.609999656677246,12.609999656677246,12.609999656677246,828.0
2024-09-16 11:00:00+00:00,NMRK,14.90999984741211,14.90999984741211,14.949999809265137,14.90999984741211,14.944999694824219,11030.0
2024-09-16 11:00:00+00:00,OPEN,2.125,2.125,2.134999990463257,2.119999885559082,2.134999990463257,87386.0
2024-09-16 11:00:00+00:00,PCH,45.36000061035156,45.36000061035156,45.369998931884766,45.36000061035156,45.369998931884766,539.0
2024-09-16 11:00:00+00:00,PECO,38.84000015258789,38.84000015258789,38.84000015258789,38.84000015258789,38.84000015258789,631.0
2024-09-16 11:00:00+00:00,RDFN,13.924699783325195,13.924699783325195,13.975000381469727,13.920000076293945,13.975000381469727,23931.0
2024-09-16 11:00:00+00:00,REFI,16.020000457763672,16.020000457763672,16.020000457763672,16.010000228881836,16.010000228881836,367.0
2024-09-16 11:00:00+00:00,REG,74.41999816894531,74.41999816894531,74.44999694824219,74.41999816894531,74.44999694824219,856.0
2024-09-16 11:00:00+00:00,ROIC,15.949999809265137,15.949999809265137,15.954999923706055,15.949999809265137,15.954999923706055,1400.0
2024-09-16 11:00:00+00:00,SBAC,246.32000732421875,246.32000732421875,246.36000061035156,246.13999938964844,246.36000061035156,2221.0
2024-09-16 11:00:00+00:00,SBRA,18.559999465942383,18.559999465942383,18.600000381469727,18.559999465942383,18.600000381469727,6581.0
2024-09-16 11:00:00+00:00,SEVN,13.949999809265137,13.949999809265137,13.949999809265137,13.949999809265137,13.949999809265137,2177.0
2024-09-16 11:00:00+00:00,SVC,4.554999828338623,4.554999828338623,4.554999828338623,4.554999828338623,4.554999828338623,223.0
2024-09-16 11:00:00+00:00,UK,1.399899959564209,1.399899959564209,1.399999976158142,1.3997999429702759,1.3997999429702759,1318.0
2024-09-16 11:00:00+00:00,UNIT,5.364999771118164,5.364999771118164,5.375,5.360000133514404,5.369999885559082,12921.0
2024-09-16 11:00:00+00:00,WHLR,7.053199768066406,7.053199768066406,7.550000190734863,6.949999809265137,7.53000020980835,147088.0
2024-09-16 11:01:00+00:00,AGNC,10.454999923706055,10.454999923706055,10.460000038146973,10.454999923706055,10.460000038146973,11048.0
2024-09-16 11:01:00+00:00,AGNCL,24.18000030517578,24.18000030517578,24.190000534057617,24.18000030517578,24.190000534057617,911.0
2024-09-16 11:01:00+00:00,CHCI,8.59000015258789,8.59000015258789,8.59000015258789,8.59000015258789,8.59000015258789,102.0
2024-09-16 11:01:00+00:00,CSGP,78.76000213623047,78.76000213623047,78.76000213623047,78.72000122070312,78.73999786376953,1085.0
2024-09-16 11:01:00+00:00,DHC,3.5450000762939453,3.5450000762939453,3.555000066757202,3.5450000762939453,3.549999952316284,8706.0
2024-09-16 11:01:00+00:00,EXPI,14.3149995803833,14.3149995803833,14.3149995803833,14.3149995803833,14.3149995803833,431.0
2024-09-16 11:01:00+00:00,GLPI,51.6349983215332,51.6349983215332,51.6349983215332,51.630001068115234,51.630001068115234,1789.0
2024-09-16 11:01:00+00:00,HST,17.469999313354492,17.469999313354492,17.479999542236328,17.469999313354492,17.479999542236328,6611.0
2024-09-16 11:01:00+00:00,ILPT,5.059999942779541,5.059999942779541,5.059999942779541,5.059999942779541,5.059999942779541,142.0
2024-09-16 11:01:00+00:00,LAMR,129.5050048828125,129.5050048828125,129.5050048828125,129.5050048828125,129.5050048828125,846.0
2024-09-16 11:01:00+00:00,LAND,14.630000114440918,14.630000114440918,14.640000343322754,14.630000114440918,14.640000343322754,697.0
2024-09-16 11:01:00+00:00,NMRK,14.904999732971191,14.904999732971191,14.904999732971191,14.895000457763672,14.899999618530273,2824.0
2024-09-16 11:01:00+00:00,NYMT,6.605000019073486,6.605000019073486,6.610000133514404,6.599999904632568,6.610000133514404,3310.0
2024-09-16 11:01:00+00:00,OPEN,2.130000114440918,2.130000114440918,2.130000114440918,2.119999885559082,2.119999885559082,56198.0
2024-09-16 11:01:00+00:00,OPI,2.2049999237060547,2.2049999237060547,2.2100000381469727,2.2049999237060547,2.2100000381469727,2428.0
2024-09-16 11:01:00+00:00,RDFN,13.90999984741211,13.90999984741211,13.930000305175781,13.899999618530273,13.90999984741211,25765.0
2024-09-16 11:01:00+00:00,REFI,16.0049991607666,16.0049991607666,16.0049991607666,16.0049991607666,16.0049991607666,201.0
2024-09-16 11:01:00+00:00,REG,74.44499969482422,74.44499969482422,74.44499969482422,74.44000244140625,74.44000244140625,579.0
2024-09-16 11:01:00+00:00,SBAC,246.1699981689453,246.1699981689453,246.1699981689453,246.14999389648438,246.14999389648438,1255.0
2024-09-16 11:01:00+00:00,SBRA,18.540000915527344,18.540000915527344,18.549999237060547,18.540000915527344,18.549999237060547,2397.0
2024-09-16 11:01:00+00:00,SEVN,13.9399995803833,13.9399995803833,13.949999809265137,13.9399995803833,13.949999809265137,5293.0
2024-09-16 11:01:00+00:00,SOHO,1.2450000047683716,1.2450000047683716,1.2450000047683716,1.2450000047683716,1.2450000047683716,0.0
2024-09-16 11:01:00+00:00,SVC,4.552499771118164,4.552499771118164,4.554999828338623,4.552499771118164,4.554999828338623,652.0
2024-09-16 11:01:00+00:00,UNIT,5.349999904632568,5.349999904632568,5.360000133514404,5.349999904632568,5.360000133514404,2779.0
2024-09-16 11:01:00+00:00,WHLR,7.079999923706055,7.079999923706055,7.130000114440918,6.909999847412109,7.07390022277832,49733.0
2024-09-16 11:01:00+00:00,WHLRP,2.25,2.25,2.25,2.25,2.25,0.0
2024-09-16 11:02:00+00:00,AGNC,10.454999923706055,10.454999923706055,10.45989990234375,10.454999923706055,10.454999923706055,13718.0
2024-09-16 11:02:00+00:00,AGNCL,24.200000762939453,24.200000762939453,24.200000762939453,24.18000030517578,24.18000030517578,1563.0
2024-09-16 11:02:00+00:00,CHCI,8.720000267028809,8.720000267028809,8.720000267028809,8.579999923706055,8.579999923706055,611.0
2024-09-16 11:02:00+00:00,CIGI,146.39999389648438,146.39999389648438,146.39999389648438,146.36000061035156,146.36000061035156,419.0
2024-09-16 11:02:00+00:00,CSGP,78.80999755859375,78.80999755859375,78.80999755859375,78.80000305175781,78.80000305175781,1285.0
2024-09-16 11:02:00+00:00,EXPI,14.329999923706055,14.329999923706055,14.329999923706055,14.319999694824219,14.319999694824219,1289.0
2024-09-16 11:02:00+00:00,GLPI,51.650001525878906,51.650001525878906,51.650001525878906,51.650001525878906,51.650001525878906,795.0
2024-09-16 11:02:00+00:00,GOOD,16.110000610351562,16.110000610351562,16.110000610351562,16.110000610351562,16.110000610351562,410.0
2024-09-16 11:02:00+00:00,HST,17.5,17.5,17.5,17.46500015258789,17.475000381469727,18820.0
2024-09-16 11:02:00+00:00,ILPT,5.065000057220459,5.065000057220459,5.065000057220459,5.065000057220459,5.065000057220459,301.0
2024-09-16 11:02:00+00:00,NMRK,14.901700019836426,14.901700019836426,14.901700019836426,14.901700019836426,14.901700019836426,495.0
2024-09-16 11:02:00+00:00,NYMTZ,20.690000534057617,20.690000534057617,20.690000534057617,20.690000534057617,20.690000534057617,941.0
2024-09-16 11:02:00+00:00,OPEN,2.130000114440918,2.130000114440918,2.130000114440918,2.119999885559082,2.1298999786376953,83309.0
2024-09-16 11:02:00+00:00,OPI,2.2049999237060547,2.2049999237060547,2.2049999237060547,2.2049999237060547,2.2049999237060547,622.0
2024-09-16 11:02:00+00:00,PCH,45.380001068115234,45.380001068115234,45.380001068115234,45.380001068115234,45.380001068115234,548.0
2024-09-16 11:02:00+00:00,RDFN,13.944899559020996,13.944899559020996,13.949999809265137,13.925000190734863,13.929499626159668,17304.0
2024-09-16 11:02:00+00:00,REG,74.45999908447266,74.45999908447266,74.45999908447266,74.45999908447266,74.45999908447266,1495.0
2024-09-16 11:02:00+00:00,ROIC,15.954999923706055,15.954999923706055,15.954999923706055,15.954999923706055,15.954999923706055,4967.0
2024-09-16 11:02:00+00:00,SBAC,246.2550048828125,246.2550048828125,246.25999450683594,246.2550048828125,246.25999450683594,487.0
2024-09-16 11:02:00+00:00,SBRA,18.545000076293945,18.545000076293945,18.545000076293945,18.540000915527344,18.540000915527344,898.0
2024-09-16 11:02:00+00:00,UNIT,5.349999904632568,5.349999904632568,5.355000019073486,5.349999904632568,5.349999904632568,14726.0
2024-09-16 11:02:00+00:00,WHLR,7.130000114440918,7.130000114440918,7.147600173950195,7.082600116729736,7.110000133514404,19747.0
2024-09-16 11:03:00+00:00,AFCG,10.380000114440918,10.380000114440918,10.380000114440918,10.380000114440918,10.380000114440918,468.0
2024-09-16 11:03:00+00:00,AGNC,10.454999923706055,10.454999923706055,10.460000038146973,10.449999809265137,10.454999923706055,448443.0
2024-09-16 11:03:00+00:00,BPYPN,12.850000381469727,12.850000381469727,12.850000381469727,12.850000381469727,12.850000381469727,1439.0
2024-09-16 11:03:00+00:00,BPYPO,14.109999656677246,14.109999656677246,14.109999656677246,14.109999656677246,14.109999656677246,210.0
2024-09-16 11:03:00+00:00,CSGP,78.80999755859375,78.80999755859375,78.80999755859375,78.80999755859375,78.80999755859375,1312.0
2024-09-16 11:03:00+00:00,EXPI,14.260000228881836,14.260000228881836,14.310600280761719,14.260000228881836,14.3100004196167,16241.0
2024-09-16 11:03:00+00:00,GLPI,51.66999816894531,51.66999816894531,51.689998626708984,51.65999984741211,51.66999816894531,4205.0
2024-09-16 11:03:00+00:00,GOOD,16.125,16.125,16.125,16.1200008392334,16.1200008392334,1042.0
2024-09-16 11:03:00+00:00,HST,17.5049991607666,17.5049991607666,17.510000228881836,17.4950008392334,17.4950008392334,3011.0
2024-09-16 11:03:00+00:00,LSEA,12.614999771118164,12.614999771118164,12.614999771118164,12.614999771118164,12.614999771118164,127.0
2024-09-16 11:03:00+00:00,NMRK,14.899999618530273,14.899999618530273,14.90999984741211,14.899999618530273,14.90999984741211,541.0
2024-09-16 11:03:00+00:00,NYMTM,24.229999542236328,24.229999542236328,24.229999542236328,24.229999542236328,24.229999542236328,643.0
2024-09-16 11:03:00+00:00,OPEN,2.125,2.125,2.130000114440918,2.119999885559082,2.125999927520752,19207.0
2024-09-16 11:03:00+00:00,OPI,2.2049999237060547,2.2049999237060547,2.2049999237060547,2.2049999237060547,2.2049999237060547,115.0
2024-09-16 11:03:00+00:00,RDFN,13.890000343322754,13.890000343322754,13.940099716186523,13.850099563598633,13.9399995803833,41810.0
2024-09-16 11:03:00+00:00,REAX,5.760000228881836,5.760000228881836,5.760000228881836,5.760000228881836,5.760000228881836,340.0
2024-09-16 11:03:00+00:00,REFI,16.0,16.0,16.0,16.0,16.0,133.0
2024-09-16 11:03:00+00:00,REG,74.48999786376953,74.48999786376953,74.48999786376953,74.48999786376953,74.48999786376953,1022.0
2024-09-16 11:03:00+00:00,ROIC,15.954999923706055,15.954999923706055,15.960000038146973,15.954999923706055,15.960000038146973,556.0
2024-09-16 11:03:00+00:00,SBAC,246.25,246.25,246.25,246.25,246.25,581.0
2024-09-16 11:03:00+00:00,SBRA,18.545000076293945,18.545000076293945,18.545000076293945,18.540000915527344,18.540199279785156,4188.0
2024-09-16 11:03:00+00:00,SVC,4.565000057220459,4.565000057220459,4.565000057220459,4.552499771118164,4.552499771118164,3963.0
2024-09-16 11:03:00+00:00,UNIT,5.340000152587891,5.340000152587891,5.349999904632568,5.340000152587891,5.349999904632568,5952.0
2024-09-16 11:03:00+00:00,WHLR,7.069900035858154,7.069900035858154,7.110000133514404,7.0,7.110000133514404,17930.0
2024-09-16 11:04:00+00:00,AGNC,10.454999923706055,10.454999923706055,10.460000038146973,10.449999809265137,10.454999923706055,4765.0
2024-09-16 11:04:00+00:00,BPYPP,14.829999923706055,14.829999923706055,14.859999656677246,14.829999923706055,14.859999656677246,6112.0
2024-09-16 11:04:00+00:00,CSGP,78.80999755859375,78.80999755859375,78.8499984741211,78.80999755859375,78.80999755859375,987.0
2024-09-16 11:04:00+00:00,EXPI,14.260000228881836,14.260000228881836,14.260000228881836,14.239999771118164,14.239999771118164,952.0
2024-09-16 11:04:00+00:00,GIPR,2.2200000286102295,2.2200000286102295,2.2200000286102295,2.2200000286102295,2.2200000286102295,200.0
2024-09-16 11:04:00+00:00,GLPI,51.67499923706055,51.67499923706055,51.67499923706055,51.67499923706055,51.67499923706055,513.0
2024-09-16 11:04:00+00:00,GOOD,16.1200008392334,16.1200008392334,16.1200008392334,16.1200008392334,16.1200008392334,1779.0
2024-09-16 11:04:00+00:00,HST,17.5049991607666,17.5049991607666,17.510000228881836,17.5049991607666,17.510000228881836,1440.0
2024-09-16 11:04:00+00:00,LAMR,129.77999877929688,129.77999877929688,129.77999877929688,129.77999877929688,129.77999877929688,872.0
2024-09-16 11:04:00+00:00,LSEA,12.619999885559082,12.619999885559082,12.630000114440918,12.619999885559082,12.630000114440918,1471.0
2024-09-16 11:04:00+00:00,NMRK,14.899999618530273,14.899999618530273,14.899999618530273,14.899999618530273,14.899999618530273,507.0
2024-09-16 11:04:00+00:00,NYMT,6.610000133514404,6.610000133514404,6.610000133514404,6.610000133514404,6.610000133514404,4327.0
2024-09-16 11:04:00+00:00,OPEN,2.125,2.125,2.130000114440918,2.119999885559082,2.125,12540.0
2024-09-16 11:04:00+00:00,OPI,2.2100000381469727,2.2100000381469727,2.2100000381469727,2.2049999237060547,2.2049999237060547,1068.0
2024-09-16 11:04:00+00:00,PECO,38.84000015258789,38.84000015258789,38.84000015258789,38.84000015258789,38.84000015258789,251.0
2024-09-16 11:04:00+00:00,RDFN,13.869999885559082,13.869999885559082,13.904999732971191,13.859999656677246,13.880000114440918,22856.0
2024-09-16 11:04:00+00:00,ROIC,15.975000381469727,15.975000381469727,15.975000381469727,15.960000038146973,15.960000038146973,1191.0
2024-09-16 11:04:00+00:00,SBAC,246.2449951171875,246.2449951171875,246.2449951171875,246.2449951171875,246.2449951171875,461.0
2024-09-16 11:04:00+00:00,SEVN,13.9399995803833,13.9399995803833,13.9399995803833,13.9399995803833,13.9399995803833,209.0
2024-09-16 11:04:00+00:00,SVC,4.565000057220459,4.565000057220459,4.565000057220459,4.565000057220459,4.565000057220459,815.0
2024-09-16 11:04:00+00:00,UNIT,5.340000152587891,5.340000152587891,5.34499979019165,5.340000152587891,5.34499979019165,4108.0
2024-09-16 11:04:00+00:00,WHLR,7.082600116729736,7.082600116729736,7.099999904632568,7.030099868774414,7.09499979019165,6281.0
2024-09-16 11:05:00+00:00,AGNC,10.454999923706055,10.454999923706055,10.460000038146973,10.449999809265137,10.454999923706055,10989.0
2024-09-16 11:05:00+00:00,AGNCL,24.209999084472656,24.209999084472656,24.209999084472656,24.15999984741211,24.15999984741211,916.0
2024-09-16 11:05:00+00:00,AGNCN,25.989999771118164,25.989999771118164,25.989999771118164,25.989999771118164,25.989999771118164,197.0
2024-09-16 11:05:00+00:00,CHCI,8.581999778747559,8.581999778747559,8.581999778747559,8.581999778747559,8.581999778747559,200.0
2024-09-16 11:05:00+00:00,CSGP,78.80999755859375,78.80999755859375,78.83999633789062,78.80999755859375,78.80999755859375,946.0
2024-09-16 11:05:00+00:00,DHC,3.549999952316284,3.549999952316284,3.549999952316284,3.549999952316284,3.549999952316284,777.0
2024-09-16 11:05:00+00:00,EXPI,14.270000457763672,14.270000457763672,14.274999618530273,14.260000228881836,14.260000228881836,2166.0
2024-09-16 11:05:00+00:00,GLPI,51.709999084472656,51.709999084472656,51.709999084472656,51.709999084472656,51.709999084472656,587.0
2024-09-16 11:05:00+00:00,HST,17.5049991607666,17.5049991607666,17.5049991607666,17.5049991607666,17.5049991607666,6520.0
2024-09-16 11:05:00+00:00,ILPT,5.070000171661377,5.070000171661377,5.070000171661377,5.065000057220459,5.065000057220459,454.0
2024-09-16 11:05:00+00:00,LSEA,12.619999885559082,12.619999885559082,12.619999885559082,12.619999885559082,12.619999885559082,218.0
2024-09-16 11:05:00+00:00,NMRK,14.920000076293945,14.920000076293945,14.920000076293945,14.90999984741211,14.90999984741211,2535.0
2024-09-16 11:05:00+00:00,NYMT,6.614999771118164,6.614999771118164,6.614999771118164,6.614999771118164,6.614999771118164,314.0
2024-09-16 11:05:00+00:00,OPEN,2.134999990463257,2.134999990463257,2.134999990463257,2.119999885559082,2.128000020980835,142182.0
2024-09-16 11:05:00+00:00,OPI,2.2049999237060547,2.2049999237060547,2.2049999237060547,2.2049999237060547,2.2049999237060547,928.0
2024-09-16 11:05:00+00:00,PCH,45.400001525878906,45.400001525878906,45.41999816894531,45.36000061035156,45.36000061035156,1202.0
2024-09-16 11:05:00+00:00,PECO,38.849998474121094,38.849998474121094,38.849998474121094,38.84000015258789,38.84000015258789,1338.0
2024-09-16 11:05:00+00:00,RDFN,13.930800437927246,13.930800437927246,13.9399995803833,13.880000114440918,13.880000114440918,14630.0
2024-09-16 11:05:00+00:00,REAX,5.760000228881836,5.760000228881836,5.760000228881836,5.760000228881836,5.760000228881836,433.0
2024-09-16 11:05:00+00:00,REG,74.5,74.5,74.5,74.5,74.5,154.0
2024-09-16 11:05:00+00:00,ROIC,15.979999542236328,15.979999542236328,15.979999542236328,15.979999542236328,15.979999542236328,886.0
2024-09-16 11:05:00+00:00,SBAC,246.47999572753906,246.47999572753906,246.47999572753906,246.38999938964844,246.38999938964844,2251.0
2024-09-16 11:05:00+00:00,SBRA,18.545000076293945,18.545000076293945,18.549999237060547,18.540000915527344,18.540000915527344,2267.0
2024-09-16 11:05:00+00:00,SVC,4.574999809265137,4.574999809265137,4.574999809265137,4.570000171661377,4.570000171661377,1190.0
2024-09-16 11:05:00+00:00,UNIT,5.335000038146973,5.335000038146973,5.344399929046631,5.335000038146973,5.340000152587891,6559.0
2024-09-16 11:05:00+00:00,WHLR,7.0100998878479,7.0100998878479,7.0903000831604,7.010000228881836,7.0903000831604,5467.0
2024-09-16 11:06:00+00:00,AFCG,10.380000114440918,10.380000114440918,10.380000114440918,10.380000114440918,10.380000114440918,223.0
2024-09-16 11:06:00+00:00,AGNC,10.454999923706055,10.454999923706055,10.460000038146973,10.449999809265137,10.454999923706055,142921.0
2024-09-16 11:06:00+00:00,CSGP,78.80999755859375,78.80999755859375,78.80999755859375,78.80999755859375,78.80999755859375,447.0
2024-09-16 11:06:00+00:00,DHC,3.559999942779541,3.559999942779541,3.559999942779541,3.559999942779541,3.559999942779541,221.0
2024-09-16 11:06:00+00:00,EXPI,14.279999732971191,14.279999732971191,14.279999732971191,14.279999732971191,14.279999732971191,520.0
2024-09-16 11:06:00+00:00,GLPI,51.7400016784668,51.7400016784668,51.7400016784668,51.7400016784668,51.7400016784668,539.0
2024-09-16 11:06:00+00:00,GOOD,16.125,16.125,16.125,16.125,16.125,608.0
2024-09-16 11:06:00+00:00,HST,17.5049991607666,17.5049991607666,17.530000686645508,17.5049991607666,17.5049991607666,5834.0
2024-09-16 11:06:00+00:00,ILPT,5.070000171661377,5.070000171661377,5.070000171661377,5.070000171661377,5.070000171661377,300.0
2024-09-16 11:06:00+00:00,LSEA,12.619999885559082,12.619999885559082,12.619999885559082,12.619999885559082,12.619999885559082,398.0
2024-09-16 11:06:00+00:00,OPEN,2.139899969100952,2.139899969100952,2.140000104904175,2.130000114440918,2.1340999603271484,12024.0
2024-09-16 11:06:00+00:00,RDFN,13.90999984741211,13.90999984741211,13.93970012664795,13.899999618530273,13.931400299072266,10610.0
2024-09-16 11:06:00+00:00,REG,74.55999755859375,74.55999755859375,74.55999755859375,74.48999786376953,74.50499725341797,2115.0
2024-09-16 11:06:00+00:00,SBRA,18.530000686645508,18.530000686645508,18.540000915527344,18.530000686645508,18.540000915527344,2410.0
2024-09-16 11:06:00+00:00,SEVN,13.9399995803833,13.9399995803833,13.9399995803833,13.9399995803833,13.9399995803833,600.0
2024-09-16 11:06:00+00:00,SVC,4.574999809265137,4.574999809265137,4.574999809265137,4.574999809265137,4.574999809265137,1628.0
2024-09-16 11:06:00+00:00,UNIT,5.335000038146973,5.335000038146973,5.335000038146973,5.335000038146973,5.335000038146973,2833.0
2024-09-16 11:06:00+00:00,WHLR,7.061399936676025,7.061399936676025,7.061399936676025,7.015900135040283,7.05679988861084,6172.0
2024-09-16 11:07:00+00:00,AGNC,10.454999923706055,10.454999923706055,10.460000038146973,10.454999923706055,10.454999923706055,107391.0
2024-09-16 11:07:00+00:00,AGNCM,25.299999237060547,25.299999237060547,25.299999237060547,25.299999237060547,25.299999237060547,320.0
2024-09-16 11:07:00+00:00,ASPS,1.184999942779541,1.184999942779541,1.184999942779541,1.184999942779541,1.184999942779541,1250.0
2024-09-16 11:07:00+00:00,BPYPO,14.130000114440918,14.130000114440918,14.130000114440918,14.130000114440918,14.130000114440918,280.0
2024-09-16 11:07:00+00:00,CHCI,8.600000381469727,8.600000381469727,8.600000381469727,8.600000381469727,8.600000381469727,59.0
2024-09-16 11:07:00+00:00,CIGI,146.50999450683594,146.50999450683594,146.50999450683594,146.50999450683594,146.50999450683594,337.0
2024-09-16 11:07:00+00:00,CSGP,78.7699966430664,78.7699966430664,78.7699966430664,78.7699966430664,78.7699966430664,224.0
2024-09-16 11:07:00+00:00,EQIX,876.989990234375,876.989990234375,877.885009765625,876.989990234375,877.885009765625,1094.0
2024-09-16 11:07:00+00:00,EXPI,14.305000305175781,14.305000305175781,14.305000305175781,14.289999961853027,14.289999961853027,2155.0
2024-09-16 11:07:00+00:00,GLPI,51.7599983215332,51.7599983215332,51.7599983215332,51.7599983215332,51.7599983215332,539.0
2024-09-16 11:07:00+00:00,HST,17.5049991607666,17.5049991607666,17.510000228881836,17.5049991607666,17.5049991607666,1162.0
2024-09-16 11:07:00+00:00,ILPT,5.079999923706055,5.079999923706055,5.079999923706055,5.079999923706055,5.079999923706055,19.0
2024-09-16 11:07:00+00:00,LSEA,12.625,12.625,12.625,12.619999885559082,12.619999885559082,1169.0
2024-09-16 11:07:00+00:00,OPEN,2.139699935913086,2.139699935913086,2.140000104904175,2.130000114440918,2.134999990463257,56443.0
2024-09-16 11:07:00+00:00,OPI,2.2049999237060547,2.2049999237060547,2.2049999237060547,2.2049999237060547,2.2049999237060547,304.0
2024-09-16 11:07:00+00:00,RDFN,13.925800323486328,13.925800323486328,13.949999809265137,13.914999961853027,13.920000076293945,11027.0
2024-09-16 11:07:00+00:00,REAX,5.78000020980835,5.78000020980835,5.78000020980835,5.760000228881836,5.760000228881836,1328.0
2024-09-16 11:07:00+00:00,REG,74.55000305175781,74.55000305175781,74.55000305175781,74.55000305175781,74.55000305175781,464.0
2024-09-16 11:07:00+00:00,ROIC,15.975000381469727,15.975000381469727,15.979999542236328,15.975000381469727,15.979999542236328,1894.0
2024-09-16 11:07:00+00:00,SBAC,246.75999450683594,246.75999450683594,246.75999450683594,246.63999938964844,246.63999938964844,455.0
2024-09-16 11:07:00+00:00,SBRA,18.540000915527344,18.540000915527344,18.545000076293945,18.530000686645508,18.530000686645508,3340.0
2024-09-16 11:07:00+00:00,SEVN,13.930000305175781,13.930000305175781,13.9399995803833,13.930000305175781,13.9399995803833,2443.0
2024-09-16 11:07:00+00:00,UNIT,5.335000038146973,5.335000038146973,5.335000038146973,5.329999923706055,5.335000038146973,5732.0
2024-09-16 11:07:00+00:00,WHLR,7.050000190734863,7.050000190734863,7.090000152587891,7.019999980926514,7.050000190734863,6301.0
2024-09-16 11:08:00+00:00,AFCG,10.390000343322754,10.390000343322754,10.390000343322754,10.390000343322754,10.390000343322754,185.0
2024-09-16 11:08:00+00:00,AGNC,10.454999923706055,10.454999923706055,10.460000038146973,10.449999809265137,10.454999923706055,16312.0
2024-09-16 11:08:00+00:00,CSGP,78.75,78.75,78.7699966430664,78.75,78.7699966430664,1275.0
2024-09-16 11:08:00+00:00,EXPI,14.3100004196167,14.3100004196167,14.31470012664795,14.30459976196289,14.3100004196167,3150.0
2024-09-16 11:08:00+00:00,GIPR,2.2100000381469727,2.2100000381469727,2.2100000381469727,2.200000047683716,2.200000047683716,1332.0
2024-09-16 11:08:00+00:00,GLPI,51.72999954223633,51.72999954223633,51.75,51.72999954223633,51.75,1501.0
2024-09-16 11:08:00+00:00,GOOD,16.12929916381836,16.12929916381836,16.12929916381836,16.12929916381836,16.12929916381836,683.0
2024-09-16 11:08:00+00:00,HST,17.514999389648438,17.514999389648438,17.530000686645508,17.510000228881836,17.510000228881836,4781.0
2024-09-16 11:08:00+00:00,LAMR,129.7899932861328,129.7899932861328,129.7899932861328,129.7899932861328,129.7899932861328,400.0
2024-09-16 11:08:00+00:00,LAND,14.656399726867676,14.656399726867676,14.656399726867676,14.656399726867676,14.656399726867676,235.0
2024-09-16 11:08:00+00:00,LSEA,12.630000114440918,12.630000114440918,12.630000114440918,12.619999885559082,12.619999885559082,974.0
2024-09-16 11:08:00+00:00,NYMT,6.610000133514404,6.610000133514404,6.619999885559082,6.610000133514404,6.611599922180176,8121.0
2024-09-16 11:08:00+00:00,OPEN,2.134999990463257,2.134999990463257,2.140000104904175,2.134999990463257,2.134999990463257,19792.0
2024-09-16 11:08:00+00:00,OPI,2.2049999237060547,2.2049999237060547,2.2049999237060547,2.2049999237060547,2.2049999237060547,171.0
2024-09-16 11:08:00+00:00,RDFN,13.880000114440918,13.880000114440918,13.930000305175781,13.864999771118164,13.930000305175781,18568.0
2024-09-16 11:08:00+00:00,REG,74.54000091552734,74.54000091552734,74.54000091552734,74.54000091552734,74.54000091552734,456.0
2024-09-16 11:08:00+00:00,ROIC,15.975000381469727,15.975000381469727,15.975000381469727,15.975000381469727,15.975000381469727,133.0
2024-09-16 11:08:00+00:00,SBAC,246.6300048828125,246.6300048828125,246.6300048828125,246.47999572753906,246.47999572753906,1275.0
2024-09-16 11:08:00+00:00,SBRA,18.530000686645508,18.530000686645508,18.540000915527344,18.530000686645508,18.540000915527344,3642.0
2024-09-16 11:08:00+00:00,UNIT,5.335000038146973,5.335000038146973,5.340000152587891,5.324999809265137,5.329999923706055,31370.0
2024-09-16 11:08:00+00:00,WHLR,6.987500190734863,6.987500190734863,7.01200008392334,6.849999904632568,7.0106000900268555,34919.0
2024-09-16 11:09:00+00:00,AFCG,10.369999885559082,10.369999885559082,10.380000114440918,10.369999885559082,10.380000114440918,431.0
2024-09-16 11:09:00+00:00,AGNC,10.454999923706055,10.454999923706055,10.460000038146973,10.449999809265137,10.454999923706055,7086.0
2024-09-16 11:09:00+00:00,AGNCL,24.200000762939453,24.200000762939453,24.200000762939453,24.200000762939453,24.200000762939453,355.0
2024-09-16 11:09:00+00:00,AGNCM,25.299999237060547,25.299999237060547,25.299999237060547,25.299999237060547,25.299999237060547,1189.0
2024-09-16 11:09:00+00:00,CIGI,146.47000122070312,146.47000122070312,146.47000122070312,146.47000122070312,146.47000122070312,481.0
2024-09-16 11:09:00+00:00,CSGP,78.69000244140625,78.69000244140625,78.73999786376953,78.68000030517578,78.73999786376953,1370.0
2024-09-16 11:09:00+00:00,DUO,0.4221999943256378,0.4221999943256378,0.4221999943256378,0.4221999943256378,0.4221999943256378,0.0
2024-09-16 11:09:00+00:00,EXPI,14.398300170898438,14.398300170898438,14.398300170898438,14.34000015258789,14.34000015258789,1213.0
2024-09-16 11:09:00+00:00,GLPI,51.72999954223633,51.72999954223633,51.72999954223633,51.72999954223633,51.72999954223633,1433.0
2024-09-16 11:09:00+00:00,GOOD,16.1299991607666,16.1299991607666,16.1299991607666,16.1299991607666,16.1299991607666,798.0
2024-09-16 11:09:00+00:00,HST,17.520000457763672,17.520000457763672,17.520000457763672,17.514999389648438,17.520000457763672,5345.0
2024-09-16 11:09:00+00:00,NMRK,14.960000038146973,14.960000038146973,14.960000038146973,14.960000038146973,14.960000038146973,161.0
2024-09-16 11:09:00+00:00,OPEN,2.149899959564209,2.149899959564209,2.1500000953674316,2.130000114440918,2.134999990463257,176806.0
2024-09-16 11:09:00+00:00,OPI,2.2049999237060547,2.2049999237060547,2.2100000381469727,2.2049999237060547,2.2100000381469727,2006.0
2024-09-16 11:09:00+00:00,RDFN,13.925000190734863,13.925000190734863,13.930000305175781,13.864999771118164,13.875,30864.0
2024-09-16 11:09:00+00:00,REG,74.5199966430664,74.5199966430664,74.5199966430664,74.5199966430664,74.5199966430664,724.0
2024-09-16 11:09:00+00:00,ROIC,15.975000381469727,15.975000381469727,15.975000381469727,15.975000381469727,15.975000381469727,372.0
2024-09-16 11:09:00+00:00,SBAC,246.6199951171875,246.6199951171875,246.6199951171875,246.6199951171875,246.6199951171875,302.0
2024-09-16 11:09:00+00:00,SBRA,18.530000686645508,18.530000686645508,18.530000686645508,18.530000686645508,18.530000686645508,872.0
2024-09-16 11:09:00+00:00,SEVN,13.850099563598633,13.850099563598633,13.920000076293945,13.850099563598633,13.920000076293945,4243.0
2024-09-16 11:09:00+00:00,SVC,4.579999923706055,4.579999923706055,4.579999923706055,4.570799827575684,4.570799827575684,2411.0
2024-09-16 11:09:00+00:00,UNIT,5.335000038146973,5.335000038146973,5.335000038146973,5.329999923706055,5.335000038146973,6489.0
2024-09-16 11:09:00+00:00,WHLR,7.019999980926514,7.019999980926514,7.057499885559082,6.96999979019165,6.96999979019165,10041.0
2024-09-16 11:10:00+00:00,AGNC,10.454999923706055,10.454999923706055,10.460000038146973,10.454999923706055,10.454999923706055,12735.0
2024-09-16 11:10:00+00:00,CHCI,8.6899995803833,8.6899995803833,8.6899995803833,8.6899995803833,8.6899995803833,742.0
2024-09-16 11:10:00+00:00,CSGP,78.75,78.75,78.77999877929688,78.70999908447266,78.73999786376953,3749.0
2024-09-16 11:10:00+00:00,DHC,3.559999942779541,3.559999942779541,3.559999942779541,3.559999942779541,3.559999942779541,102.0
2024-09-16 11:10:00+00:00,EXPI,14.40999984741211,14.40999984741211,14.40999984741211,14.395000457763672,14.395000457763672,996.0
2024-09-16 11:10:00+00:00,HST,17.514999389648438,17.514999389648438,17.520000457763672,17.514999389648438,17.514999389648438,3161.0
2024-09-16 11:10:00+00:00,ILPT,5.090000152587891,5.090000152587891,5.09499979019165,5.079999923706055,5.079999923706055,2657.0
2024-09-16 11:10:00+00:00,LAND,14.670000076293945,14.670000076293945,14.670000076293945,14.670000076293945,14.670000076293945,997.0
2024-09-16 11:10:00+00:00,LSEA,12.630000114440918,12.630000114440918,12.630000114440918,12.630000114440918,12.630000114440918,843.0
2024-09-16 11:10:00+00:00,NMRK,14.970000267028809,14.970000267028809,14.970000267028809,14.970000267028809,14.970000267028809,512.0
2024-09-16 11:10:00+00:00,NYMT,6.619999885559082,6.619999885559082,6.619999885559082,6.619999885559082,6.619999885559082,1667.0
2024-09-16 11:10:00+00:00,OPEN,2.1549999713897705,2.1549999713897705,2.1600000858306885,2.1447999477386475,2.1449999809265137,148463.0
2024-09-16 11:10:00+00:00,OPI,2.2049999237060547,2.2049999237060547,2.2049999237060547,2.2049999237060547,2.2049999237060547,133.0
2024-09-16 11:10:00+00:00,PCH,45.43000030517578,45.43000030517578,45.43000030517578,45.38399887084961,45.38399887084961,2207.0
2024-09-16 11:10:00+00:00,PECO,38.86000061035156,38.86000061035156,38.869998931884766,38.86000061035156,38.86000061035156,1237.0
2024-09-16 11:10:00+00:00,RDFN,13.954999923706055,13.954999923706055,13.979999542236328,13.920000076293945,13.930000305175781,25573.0
2024-09-16 11:10:00+00:00,REAX,5.789999961853027,5.789999961853027,5.789999961853027,5.784999847412109,5.789999961853027,2429.0
2024-09-16 11:10:00+00:00,SBRA,18.53499984741211,18.53499984741211,18.53499984741211,18.530000686645508,18.530000686645508,1085.0
2024-09-16 11:10:00+00:00,SELF,5.224999904632568,5.224999904632568,5.224999904632568,5.224999904632568,5.224999904632568,1628.0
2024-09-16 11:10:00+00:00,SVC,4.585000038146973,4.585000038146973,4.585000038146973,4.579999923706055,4.579999923706055,1737.0
2024-09-16 11:10:00+00:00,UNIT,5.335000038146973,5.335000038146973,5.340000152587891,5.335000038146973,5.335000038146973,11584.0
2024-09-16 11:10:00+00:00,WHLR,7.130000114440918,7.130000114440918,7.190000057220459,7.050000190734863,7.054599761962891,45580.0
2024-09-16 11:11:00+00:00,AFCG,10.390000343322754,10.390000343322754,10.390000343322754,10.390000343322754,10.390000343322754,509.0
2024-09-16 11:11:00+00:00,AGNC,10.454999923706055,10.454999923706055,10.460000038146973,10.454999923706055,10.454999923706055,8117.0
2024-09-16 11:11:00+00:00,CIGI,146.30499267578125,146.30499267578125,146.38999938964844,146.30499267578125,146.38999938964844,1949.0
2024-09-16 11:11:00+00:00,CSGP,78.74500274658203,78.74500274658203,78.74500274658203,78.74500274658203,78.74500274658203,739.0
2024-09-16 11:11:00+00:00,EQIX,876.989990234375,876.989990234375,876.989990234375,876.989990234375,876.989990234375,1855.0
2024-09-16 11:11:00+00:00,EXPI,14.4399995803833,14.4399995803833,14.4399995803833,14.420000076293945,14.4266996383667,1473.0
2024-09-16 11:11:00+00:00,GLPI,51.720001220703125,51.720001220703125,51.751399993896484,51.720001220703125,51.751399993896484,3029.0
2024-09-16 11:11:00+00:00,GOOD,16.1299991607666,16.1299991607666,16.1299991607666,16.1299991607666,16.1299991607666,364.0
2024-09-16 11:11:00+00:00,HST,17.514999389648438,17.514999389648438,17.520000457763672,17.514999389648438,17.514999389648438,1758.0
2024-09-16 11:11:00+00:00,ILPT,5.085000038146973,5.085000038146973,5.085000038146973,5.085000038146973,5.085000038146973,212.0
2024-09-16 11:11:00+00:00,NYMT,6.619999885559082,6.619999885559082,6.619999885559082,6.619999885559082,6.619999885559082,1480.0
2024-09-16 11:11:00+00:00,OPEN,2.1649999618530273,2.1649999618530273,2.1649999618530273,2.1500000953674316,2.1549999713897705,119909.0
2024-09-16 11:11:00+00:00,OPI,2.2049999237060547,2.2049999237060547,2.2049999237060547,2.2049999237060547,2.2049999237060547,300.0
2024-09-16 11:11:00+00:00,PECO,38.84000015258789,38.84000015258789,38.880001068115234,38.84000015258789,38.880001068115234,2906.0
2024-09-16 11:11:00+00:00,RDFN,13.96500015258789,13.96500015258789,14.0,13.9399995803833,13.95989990234375,20407.0
2024-09-16 11:11:00+00:00,REG,74.51000213623047,74.51000213623047,74.51000213623047,74.51000213623047,74.51000213623047,1334.0
2024-09-16 11:11:00+00:00,ROIC,15.984999656677246,15.984999656677246,15.984999656677246,15.970000267028809,15.970000267028809,6065.0
2024-09-16 11:11:00+00:00,SBAC,246.66000366210938,246.66000366210938,246.66000366210938,246.66000366210938,246.66000366210938,258.0
2024-09-16 11:11:00+00:00,SBRA,18.53499984741211,18.53499984741211,18.53499984741211,18.530000686645508,18.53499984741211,1129.0
2024-09-16 11:11:00+00:00,SELF,5.230000019073486,5.230000019073486,5.230000019073486,5.230000019073486,5.230000019073486,38.0
2024-09-16 11:11:00+00:00,SVC,4.565000057220459,4.565000057220459,4.585000038146973,4.565000057220459,4.585000038146973,7610.0
2024-09-16 11:11:00+00:00,UNIT,5.340000152587891,5.340000152587891,5.340000152587891,5.335000038146973,5.335000038146973,2582.0
2024-09-16 11:11:00+00:00,WHLR,6.960999965667725,6.960999965667725,7.110000133514404,6.949999809265137,7.090000152587891,18177.0
2024-09-16 11:12:00+00:00,AFCG,10.40999984741211,10.40999984741211,10.40999984741211,10.40999984741211,10.40999984741211,235.0
2024-09-16 11:12:00+00:00,AGNC,10.454999923706055,10.454999923706055,10.460000038146973,10.449999809265137,10.460000038146973,11929.0
2024-09-16 11:12:00+00:00,BPYPN,12.885000228881836,12.885000228881836,12.899999618530273,12.885000228881836,12.899999618530273,2540.0
2024-09-16 11:12:00+00:00,CSGP,78.6500015258789,78.6500015258789,78.77999877929688,78.6500015258789,78.77999877929688,1594.0
2024-09-16 11:12:00+00:00,DHC,3.555000066757202,3.555000066757202,3.559999942779541,3.555000066757202,3.559999942779541,206.0
2024-09-16 11:12:00+00:00,EXPI,14.390000343322754,14.390000343322754,14.430000305175781,14.390000343322754,14.430000305175781,3228.0
2024-09-16 11:12:00+00:00,GLPI,51.665000915527344,51.665000915527344,51.709999084472656,51.665000915527344,51.709999084472656,1095.0
2024-09-16 11:12:00+00:00,GOOD,16.1200008392334,16.1200008392334,16.1200008392334,16.1200008392334,16.1200008392334,4048.0
2024-09-16 11:12:00+00:00,HST,17.5,17.5,17.530000686645508,17.489999771118164,17.520000457763672,9894.0
2024-09-16 11:12:00+00:00,ILPT,5.070000171661377,5.070000171661377,5.079999923706055,5.070000171661377,5.079999923706055,790.0
2024-09-16 11:12:00+00:00,LAND,14.640000343322754,14.640000343322754,14.640000343322754,14.640000343322754,14.640000343322754,778.0
2024-09-16 11:12:00+00:00,NMRK,14.954999923706055,14.954999923706055,14.984999656677246,14.949999809265137,14.984999656677246,6578.0
2024-09-16 11:12:00+00:00,OPEN,2.1549999713897705,2.1549999713897705,2.1700000762939453,2.1500000953674316,2.1649999618530273,400154.0
2024-09-16 11:12:00+00:00,OPI,2.2049999237060547,2.2049999237060547,2.2049999237060547,2.200000047683716,2.2049999237060547,2683.0
2024-09-16 11:12:00+00:00,PCH,45.36000061035156,45.36000061035156,45.380001068115234,45.36000061035156,45.380001068115234,1810.0
2024-09-16 11:12:00+00:00,RDFN,13.904999732971191,13.904999732971191,13.989999771118164,13.899999618530273,13.967499732971191,14574.0
2024-09-16 11:12:00+00:00,REAX,5.789999961853027,5.789999961853027,5.789999961853027,5.789999961853027,5.789999961853027,335.0
2024-09-16 11:12:00+00:00,REG,74.45999908447266,74.45999908447266,74.5,74.44999694824219,74.5,1560.0
2024-09-16 11:12:00+00:00,ROIC,15.975000381469727,15.975000381469727,15.979999542236328,15.975000381469727,15.979999542236328,1935.0
2024-09-16 11:12:00+00:00,SBAC,246.5500030517578,246.5500030517578,246.55499267578125,246.47000122070312,246.47000122070312,4820.0
2024-09-16 11:12:00+00:00,SBRA,18.514999389648438,18.514999389648438,18.530000686645508,18.514999389648438,18.530000686645508,3150.0
2024-09-16 11:12:00+00:00,SELF,5.25,5.25,5.25,5.25,5.25,292.0
2024-09-16 11:12:00+00:00,SVC,4.554999828338623,4.554999828338623,4.565000057220459,4.554999828338623,4.565000057220459,1463.0
2024-09-16 11:12:00+00:00,UNIT,5.329999923706055,5.329999923706055,5.335000038146973,5.329999923706055,5.335000038146973,8783.0
2024-09-16 11:12:00+00:00,WHLR,6.934999942779541,6.934999942779541,7.019999980926514,6.869999885559082,6.9608001708984375,26570.0
2024-09-16 11:13:00+00:00,AFCG,10.40999984741211,10.40999984741211,10.40999984741211,10.40999984741211,10.40999984741211,405.0
2024-09-16 11:13:00+00:00,AGNC,10.460000038146973,10.460000038146973,10.460000038146973,10.449999809265137,10.454999923706055,5802.0
2024-09-16 11:13:00+00:00,CHCI,8.600000381469727,8.600000381469727,8.600000381469727,8.600000381469727,8.600000381469727,124.0
2024-09-16 11:13:00+00:00,CSGP,78.62000274658203,78.62000274658203,78.65499877929688,78.62000274658203,78.65499877929688,883.0
2024-09-16 11:13:00+00:00,DHC,3.559999942779541,3.559999942779541,3.559999942779541,3.559999942779541,3.559999942779541,201.0
2024-09-16 11:13:00+00:00,EXPI,14.380999565124512,14.380999565124512,14.380999565124512,14.369999885559082,14.380000114440918,2587.0
2024-09-16 11:13:00+00:00,FSV,180.05999755859375,180.05999755859375,180.35000610351562,180.05999755859375,180.35000610351562,1732.0
2024-09-16 11:13:00+00:00,GLPI,51.65999984741211,51.65999984741211,51.65999984741211,51.65999984741211,51.65999984741211,845.0
2024-09-16 11:13:00+00:00,HST,17.4950008392334,17.4950008392334,17.5,17.4950008392334,17.5,2594.0
2024-09-16 11:13:00+00:00,LAMR,129.72000122070312,129.72000122070312,129.72000122070312,129.72000122070312,129.72000122070312,945.0
2024-09-16 11:13:00+00:00,NMRK,14.960000038146973,14.960000038146973,14.960000038146973,14.960000038146973,14.960000038146973,972.0
2024-09-16 11:13:00+00:00,OPEN,2.159899950027466,2.159899950027466,2.1600000858306885,2.150099992752075,2.1549999713897705,74023.0
2024-09-16 11:13:00+00:00,OPI,2.2149999141693115,2.2149999141693115,2.2149999141693115,2.2049999237060547,2.2049999237060547,2446.0
2024-09-16 11:13:00+00:00,PCH,45.32500076293945,45.32500076293945,45.32500076293945,45.314998626708984,45.314998626708984,734.0
2024-09-16 11:13:00+00:00,PECO,38.82500076293945,38.82500076293945,38.82500076293945,38.82500076293945,38.82500076293945,405.0
2024-09-16 11:13:00+00:00,RDFN,13.871999740600586,13.871999740600586,13.925000190734863,13.871999740600586,13.90999984741211,10870.0
2024-09-16 11:13:00+00:00,REAX,5.78000020980835,5.78000020980835,5.795000076293945,5.78000020980835,5.795000076293945,2470.0
2024-09-16 11:13:00+00:00,REG,74.47250366210938,74.47250366210938,74.47250366210938,74.47250366210938,74.47250366210938,234.0
2024-09-16 11:13:00+00:00,SBAC,246.7196044921875,246.7196044921875,246.7196044921875,246.7196044921875,246.7196044921875,1001.0
2024-09-16 11:13:00+00:00,SBRA,18.510000228881836,18.510000228881836,18.514999389648438,18.5049991607666,18.514999389648438,4887.0
2024-09-16 11:13:00+00:00,SVC,4.554999828338623,4.554999828338623,4.554999828338623,4.554999828338623,4.554999828338623,331.0
2024-09-16 11:13:00+00:00,UNIT,5.324999809265137,5.324999809265137,5.3292999267578125,5.324999809265137,5.324999809265137,4335.0
2024-09-16 11:13:00+00:00,WHLR,6.974400043487549,6.974400043487549,6.989999771118164,6.929999828338623,6.960000038146973,7909.0
2024-09-16 11:14:00+00:00,AFCG,10.399999618530273,10.399999618530273,10.399999618530273,10.399999618530273,10.399999618530273,918.0
2024-09-16 11:14:00+00:00,AGNC,10.457500457763672,10.457500457763672,10.457500457763672,10.449999809265137,10.454999923706055,4614.0
2024-09-16 11:14:00+00:00,AGNCL,24.190000534057617,24.190000534057617,24.190000534057617,24.190000534057617,24.190000534057617,383.0
2024-09-16 11:14:00+00:00,CSGP,78.5999984741211,78.5999984741211,78.5999984741211,78.5999984741211,78.5999984741211,673.0
2024-09-16 11:14:00+00:00,EXPI,14.350000381469727,14.350000381469727,14.390000343322754,14.350000381469727,14.390000343322754,888.0
2024-09-16 11:14:00+00:00,HST,17.4950008392334,17.4950008392334,17.5,17.489999771118164,17.5,3312.0
2024-09-16 11:14:00+00:00,OPEN,2.1521999835968018,2.1521999835968018,2.155600070953369,2.1500000953674316,2.1549999713897705,7992.0
2024-09-16 11:14:00+00:00,OPI,2.2149999141693115,2.2149999141693115,2.2149999141693115,2.2149999141693115,2.2149999141693115,958.0
2024-09-16 11:14:00+00:00,PCH,45.29999923706055,45.29999923706055,45.29999923706055,45.29999923706055,45.29999923706055,287.0
2024-09-16 11:14:00+00:00,PECO,38.810001373291016,38.810001373291016,38.810001373291016,38.810001373291016,38.810001373291016,201.0
2024-09-16 11:14:00+00:00,RDFN,13.84000015258789,13.84000015258789,13.869999885559082,13.819999694824219,13.869999885559082,17870.0
2024-09-16 11:14:00+00:00,REG,74.4800033569336,74.4800033569336,74.4800033569336,74.4800033569336,74.4800033569336,660.0
2024-09-16 11:14:00+00:00,SBAC,246.07000732421875,246.07000732421875,246.33999633789062,246.07000732421875,246.33999633789062,3929.0
2024-09-16 11:14:00+00:00,SBRA,18.520000457763672,18.520000457763672,18.520000457763672,18.514999389648438,18.514999389648438,3598.0
2024-09-16 11:14:00+00:00,SVC,4.554999828338623,4.554999828338623,4.554999828338623,4.554999828338623,4.554999828338623,450.0
2024-09-16 11:14:00+00:00,UNIT,5.320000171661377,5.320000171661377,5.329999923706055,5.320000171661377,5.324999809265137,3397.0
2024-09-16 11:14:00+00:00,WHLR,6.960000038146973,6.960000038146973,6.96999979019165,6.909999847412109,6.960000038146973,3189.0
2024-09-16 11:15:00+00:00,AGNC,10.444999694824219,10.444999694824219,10.449899673461914,10.4399995803833,10.4399995803833,154182.0
2024-09-16 11:15:00+00:00,CSGP,78.5999984741211,78.5999984741211,78.5999984741211,78.5999984741211,78.5999984741211,1180.0
2024-09-16 11:15:00+00:00,DHC,3.559999942779541,3.559999942779541,3.559999942779541,3.559999942779541,3.559999942779541,200.0
2024-09-16 11:15:00+00:00,EXPI,14.350000381469727,14.350000381469727,14.359999656677246,14.329999923706055,14.329999923706055,7967.0
2024-09-16 11:15:00+00:00,GLPI,51.619998931884766,51.619998931884766,51.619998931884766,51.619998931884766,51.619998931884766,744.0
2024-09-16 11:15:00+00:00,HST,17.5,17.5,17.510000228881836,17.485000610351562,17.489999771118164,27495.0
2024-09-16 11:15:00+00:00,LAND,14.611200332641602,14.611200332641602,14.611200332641602,14.611200332641602,14.611200332641602,2131.0
2024-09-16 11:15:00+00:00,OPEN,2.149899959564209,2.149899959564209,2.1500000953674316,2.1401000022888184,2.149899959564209,233342.0
2024-09-16 11:15:00+00:00,PECO,38.80500030517578,38.80500030517578,38.80500030517578,38.80500030517578,38.80500030517578,754.0
2024-09-16 11:15:00+00:00,RDFN,13.810799598693848,13.810799598693848,13.8149995803833,13.779999732971191,13.779999732971191,91476.0
2024-09-16 11:15:00+00:00,REAX,5.769999980926514,5.769999980926514,5.769999980926514,5.769999980926514,5.769999980926514,1200.0
2024-09-16 11:15:00+00:00,REG,74.4800033569336,74.4800033569336,74.48999786376953,74.4800033569336,74.4800033569336,1477.0
2024-09-16 11:15:00+00:00,SBRA,18.530000686645508,18.530000686645508,18.530000686645508,18.530000686645508,18.530000686645508,558.0
2024-09-16 11:15:00+00:00,SELF,5.210000038146973,5.210000038146973,5.210000038146973,5.210000038146973,5.210000038146973,787.0
2024-09-16 11:15:00+00:00,SVC,4.554999828338623,4.554999828338623,4.557000160217285,4.554999828338623,4.557000160217285,372.0
2024-09-16 11:15:00+00:00,UNIT,5.324999809265137,5.324999809265137,5.324999809265137,5.324999809265137,5.324999809265137,3238.0
2024-09-16 11:15:00+00:00,WHLR,7.010000228881836,7.010000228881836,7.059999942779541,6.994999885559082,7.059999942779541,11377.0
2024-09-16 11:16:00+00:00,AEI,1.1299999952316284,1.1299999952316284,1.1299999952316284,1.1299999952316284,1.1299999952316284,1020.0
2024-09-16 11:16:00+00:00,AGNC,10.444999694824219,10.444999694824219,10.449999809265137,10.4399995803833,10.444999694824219,50582.0
2024-09-16 11:16:00+00:00,CSGP,78.55000305175781,78.55000305175781,78.56999969482422,78.55000305175781,78.56999969482422,822.0
2024-09-16 11:16:00+00:00,DHC,3.565000057220459,3.565000057220459,3.565000057220459,3.559999942779541,3.559999942779541,5115.0
2024-09-16 11:16:00+00:00,EXPI,14.359999656677246,14.359999656677246,14.359999656677246,14.329999923706055,14.329999923706055,1796.0
2024-09-16 11:16:00+00:00,GLPI,51.619998931884766,51.619998931884766,51.6349983215332,51.619998931884766,51.6349983215332,643.0
2024-09-16 11:16:00+00:00,HST,17.5,17.5,17.510000228881836,17.489999771118164,17.5049991607666,5849.0
2024-09-16 11:16:00+00:00,ILPT,5.059999942779541,5.059999942779541,5.059999942779541,5.059999942779541,5.059999942779541,1355.0
2024-09-16 11:16:00+00:00,LAND,14.579999923706055,14.579999923706055,14.579999923706055,14.579999923706055,14.579999923706055,602.0
2024-09-16 11:16:00+00:00,LSEA,12.619999885559082,12.619999885559082,12.619999885559082,12.619999885559082,12.619999885559082,413.0
2024-09-16 11:16:00+00:00,NMRK,14.9399995803833,14.9399995803833,14.949999809265137,14.9399995803833,14.949999809265137,1421.0
2024-09-16 11:16:00+00:00,OPEN,2.1549999713897705,2.1549999713897705,2.1600000858306885,2.140000104904175,2.1498000621795654,202667.0
2024-09-16 11:16:00+00:00,PCH,45.29999923706055,45.29999923706055,45.29999923706055,45.29999923706055,45.29999923706055,209.0
2024-09-16 11:16:00+00:00,RDFN,13.78499984741211,13.78499984741211,13.824999809265137,13.767999649047852,13.824999809265137,10946.0
2024-09-16 11:16:00+00:00,REAX,5.7708001136779785,5.7708001136779785,5.7708001136779785,5.7708001136779785,5.7708001136779785,147.0
2024-09-16 11:16:00+00:00,REG,74.4749984741211,74.4749984741211,74.4749984741211,74.4749984741211,74.4749984741211,1475.0
2024-09-16 11:16:00+00:00,ROIC,15.975000381469727,15.975000381469727,15.975000381469727,15.975000381469727,15.975000381469727,1888.0
2024-09-16 11:16:00+00:00,SBAC,245.86500549316406,245.86500549316406,245.86500549316406,245.85499572753906,245.85499572753906,360.0
2024-09-16 11:16:00+00:00,SBRA,18.530000686645508,18.530000686645508,18.530000686645508,18.530000686645508,18.530000686645508,1555.0
2024-09-16 11:16:00+00:00,SVC,4.554999828338623,4.554999828338623,4.554999828338623,4.554999828338623,4.554999828338623,517.0
2024-09-16 11:16:00+00:00,UNIT,5.320000171661377,5.320000171661377,5.324999809265137,5.315000057220459,5.320000171661377,13120.0
2024-09-16 11:16:00+00:00,WHLR,7.039999961853027,7.039999961853027,7.039999961853027,6.980000019073486,6.980000019073486,4798.0
2024-09-16 11:17:00+00:00,AGNC,10.448599815368652,10.448599815368652,10.448599815368652,10.4399995803833,10.446700096130371,7653.0
2024-09-16 11:17:00+00:00,CSGP,78.61000061035156,78.61000061035156,78.62000274658203,78.56999969482422,78.59500122070312,2467.0
2024-09-16 11:17:00+00:00,DHC,3.565000057220459,3.565000057220459,3.565000057220459,3.565000057220459,3.565000057220459,223.0
2024-09-16 11:17:00+00:00,EXPI,14.4399995803833,14.4399995803833,14.4399995803833,14.380000114440918,14.380000114440918,3614.0
2024-09-16 11:17:00+00:00,GLPI,51.630001068115234,51.630001068115234,51.630001068115234,51.630001068115234,51.630001068115234,585.0
2024-09-16 11:17:00+00:00,GOODN,22.92009925842285,22.92009925842285,22.92009925842285,22.92009925842285,22.92009925842285,1604.0
2024-09-16 11:17:00+00:00,HST,17.4950008392334,17.4950008392334,17.510000228881836,17.4950008392334,17.510000228881836,2140.0
2024-09-16 11:17:00+00:00,LAMR,129.59500122070312,129.59500122070312,129.59500122070312,129.59500122070312,129.59500122070312,127.0
2024-09-16 11:17:00+00:00,LSEA,12.614999771118164,12.614999771118164,12.619999885559082,12.614999771118164,12.619999885559082,892.0
2024-09-16 11:17:00+00:00,NYMT,6.610000133514404,6.610000133514404,6.610000133514404,6.610000133514404,6.610000133514404,195.0
2024-09-16 11:17:00+00:00,OPEN,2.1549999713897705,2.1549999713897705,2.1572000980377197,2.1500000953674316,2.1545000076293945,29792.0
2024-09-16 11:17:00+00:00,RDFN,13.850000381469727,13.850000381469727,13.850000381469727,13.789999961853027,13.79069995880127,20669.0
2024-09-16 11:17:00+00:00,REAX,5.78000020980835,5.78000020980835,5.800000190734863,5.769999980926514,5.78000020980835,6413.0
2024-09-16 11:17:00+00:00,REG,74.50499725341797,74.50499725341797,74.50499725341797,74.50499725341797,74.50499725341797,325.0
2024-09-16 11:17:00+00:00,SBAC,245.74000549316406,245.74000549316406,245.74000549316406,245.74000549316406,245.74000549316406,566.0
2024-09-16 11:17:00+00:00,SBRA,18.540000915527344,18.540000915527344,18.540000915527344,18.53499984741211,18.53499984741211,1522.0
2024-09-16 11:17:00+00:00,SVC,4.550000190734863,4.550000190734863,4.550000190734863,4.550000190734863,4.550000190734863,200.0
2024-09-16 11:17:00+00:00,UNIT,5.320000171661377,5.320000171661377,5.324999809265137,5.320000171661377,5.324999809265137,3082.0
2024-09-16 11:17:00+00:00,VINO,4.849999904632568,4.849999904632568,4.849999904632568,4.849999904632568,4.849999904632568,2145.0
2024-09-16 11:17:00+00:00,WHLR,7.019499778747559,7.019499778747559,7.050000190734863,6.980000019073486,7.050000190734863,9341.0
2024-09-16 11:18:00+00:00,AGNC,10.454999923706055,10.454999923706055,10.458399772644043,10.444999694824219,10.449999809265137,146325.0
2024-09-16 11:18:00+00:00,CSGP,78.66000366210938,78.66000366210938,78.66000366210938,78.6500015258789,78.6500015258789,1087.0
2024-09-16 11:18:00+00:00,EXPI,14.454999923706055,14.454999923706055,14.460000038146973,14.449999809265137,14.449999809265137,2777.0
2024-09-16 11:18:00+00:00,GOOD,16.09000015258789,16.09000015258789,16.09000015258789,16.089000701904297,16.089000701904297,1675.0
2024-09-16 11:18:00+00:00,HST,17.4950008392334,17.4950008392334,17.5,17.4950008392334,17.4950008392334,5384.0
2024-09-16 11:18:00+00:00,OPEN,2.1552000045776367,2.1552000045776367,2.1600000858306885,2.1500000953674316,2.1549999713897705,148405.0
2024-09-16 11:18:00+00:00,PCH,45.29499816894531,45.29499816894531,45.29499816894531,45.29499816894531,45.29499816894531,323.0
2024-09-16 11:18:00+00:00,RDFN,13.890000343322754,13.890000343322754,13.890000343322754,13.840499877929688,13.85949993133545,14695.0
2024-09-16 11:18:00+00:00,REG,74.5,74.5,74.50499725341797,74.5,74.5,2157.0
2024-09-16 11:18:00+00:00,ROIC,15.975000381469727,15.975000381469727,15.975000381469727,15.970000267028809,15.970000267028809,397.0
2024-09-16 11:18:00+00:00,SBRA,18.55500030517578,18.55500030517578,18.559999465942383,18.549999237060547,18.549999237060547,3061.0
2024-09-16 11:18:00+00:00,SVC,4.550000190734863,4.550000190734863,4.550000190734863,4.550000190734863,4.550000190734863,227.0
2024-09-16 11:18:00+00:00,UNIT,5.335000038146973,5.335000038146973,5.335000038146973,5.320000171661377,5.320000171661377,7702.0
2024-09-16 11:18:00+00:00,WHLR,7.010000228881836,7.010000228881836,7.03000020980835,6.929999828338623,7.014999866485596,8964.0
2024-09-16 11:19:00+00:00,AGNC,10.460000038146973,10.460000038146973,10.460000038146973,10.449999809265137,10.454999923706055,88261.0
2024-09-16 11:19:00+00:00,AGNCL,24.190000534057617,24.190000534057617,24.190000534057617,24.190000534057617,24.190000534057617,2354.0
2024-09-16 11:19:00+00:00,CSGP,78.73999786376953,78.73999786376953,78.73999786376953,78.69000244140625,78.69000244140625,791.0
2024-09-16 11:19:00+00:00,DHC,3.569999933242798,3.569999933242798,3.575000047683716,3.569999933242798,3.569999933242798,5538.0
2024-09-16 11:19:00+00:00,EQIX,874.72998046875,874.72998046875,875.22998046875,874.72998046875,875.22998046875,1925.0
2024-09-16 11:19:00+00:00,EXPI,14.489999771118164,14.489999771118164,14.489999771118164,14.470000267028809,14.470000267028809,2427.0
2024-09-16 11:19:00+00:00,GLPI,51.625,51.625,51.625,51.625,51.625,261.0
2024-09-16 11:19:00+00:00,GOOD,16.100000381469727,16.100000381469727,16.100000381469727,16.100000381469727,16.100000381469727,1289.0
2024-09-16 11:19:00+00:00,HST,17.479999542236328,17.479999542236328,17.5,17.479999542236328,17.5,8275.0
2024-09-16 11:19:00+00:00,LAMR,129.4499969482422,129.4499969482422,129.4499969482422,129.4499969482422,129.4499969482422,1952.0
2024-09-16 11:19:00+00:00,LSEA,12.614999771118164,12.614999771118164,12.619999885559082,12.600000381469727,12.600000381469727,1220.0
2024-09-16 11:19:00+00:00,NMRK,14.9399995803833,14.9399995803833,14.9399995803833,14.9350004196167,14.9350004196167,1360.0
2024-09-16 11:19:00+00:00,NYMT,6.610000133514404,6.610000133514404,6.619999885559082,6.610000133514404,6.619999885559082,1970.0
2024-09-16 11:19:00+00:00,OPEN,2.1654000282287598,2.1654000282287598,2.1700000762939453,2.1549999713897705,2.1549999713897705,124864.0
2024-09-16 11:19:00+00:00,PCH,45.29499816894531,45.29499816894531,45.29499816894531,45.29499816894531,45.29499816894531,270.0
2024-09-16 11:19:00+00:00,PECO,38.79999923706055,38.79999923706055,38.79999923706055,38.79999923706055,38.79999923706055,592.0
2024-09-16 11:19:00+00:00,RDFN,13.925000190734863,13.925000190734863,13.979999542236328,13.890000343322754,13.890000343322754,22370.0
2024-09-16 11:19:00+00:00,REAX,5.763199806213379,5.763199806213379,5.763199806213379,5.763199806213379,5.763199806213379,1048.0
2024-09-16 11:19:00+00:00,REG,74.5199966430664,74.5199966430664,74.5199966430664,74.5199966430664,74.5199966430664,856.0
2024-09-16 11:19:00+00:00,ROIC,15.979999542236328,15.979999542236328,15.979999542236328,15.975000381469727,15.975000381469727,535.0
2024-09-16 11:19:00+00:00,SBRA,18.559999465942383,18.559999465942383,18.559999465942383,18.55500030517578,18.55500030517578,1262.0
2024-09-16 11:19:00+00:00,SVC,4.550000190734863,4.550000190734863,4.550000190734863,4.550000190734863,4.550000190734863,108.0
2024-09-16 11:19:00+00:00,UNIT,5.335000038146973,5.335000038146973,5.340000152587891,5.335000038146973,5.340000152587891,1359.0
2024-09-16 11:19:00+00:00,VINO,5.039999961853027,5.039999961853027,5.039999961853027,4.579999923706055,4.690000057220459,5230.0
2024-09-16 11:19:00+00:00,WHLR,7.03000020980835,7.03000020980835,7.03000020980835,6.9791998863220215,6.9791998863220215,16565.0
2024-09-16 11:20:00+00:00,AGNC,10.45009994506836,10.45009994506836,10.460000038146973,10.449999809265137,10.460000038146973,10774.0
2024-09-16 11:20:00+00:00,BPYPN,12.880000114440918,12.880000114440918,12.880000114440918,12.880000114440918,12.880000114440918,120.0
2024-09-16 11:20:00+00:00,CSGP,78.67500305175781,78.67500305175781,78.69000244140625,78.63999938964844,78.69000244140625,1457.0
2024-09-16 11:20:00+00:00,EXPI,14.489999771118164,14.489999771118164,14.489999771118164,14.489999771118164,14.489999771118164,1885.0
2024-09-16 11:20:00+00:00,GLPI,51.61000061035156,51.61000061035156,51.61000061035156,51.61000061035156,51.61000061035156,608.0
2024-09-16 11:20:00+00:00,HST,17.475000381469727,17.475000381469727,17.485000610351562,17.475000381469727,17.485000610351562,3233.0
2024-09-16 11:20:00+00:00,LAND,14.604999542236328,14.604999542236328,14.604999542236328,14.604999542236328,14.604999542236328,211.0
2024-09-16 11:20:00+00:00,NYMT,6.610000133514404,6.610000133514404,6.610000133514404,6.610000133514404,6.610000133514404,388.0
2024-09-16 11:20:00+00:00,OPEN,2.1640000343322754,2.1640000343322754,2.1649999618530273,2.1600000858306885,2.1649999618530273,58787.0
2024-09-16 11:20:00+00:00,PCH,45.29999923706055,45.29999923706055,45.29999923706055,45.29999923706055,45.29999923706055,306.0
2024-09-16 11:20:00+00:00,PECO,38.790000915527344,38.790000915527344,38.790000915527344,38.790000915527344,38.790000915527344,524.0
2024-09-16 11:20:00+00:00,RDFN,13.875,13.875,13.930000305175781,13.869999885559082,13.920000076293945,13552.0
2024-09-16 11:20:00+00:00,REG,74.4800033569336,74.4800033569336,74.51000213623047,74.4800033569336,74.51000213623047,1660.0
2024-09-16 11:20:00+00:00,SBAC,245.4199981689453,245.4199981689453,245.58999633789062,245.34500122070312,245.58999633789062,1164.0
2024-09-16 11:20:00+00:00,SBRA,18.559999465942383,18.559999465942383,18.559999465942383,18.55500030517578,18.55500030517578,1043.0
2024-09-16 11:20:00+00:00,SVC,4.539999961853027,4.539999961853027,4.550000190734863,4.539999961853027,4.550000190734863,2746.0
2024-09-16 11:20:00+00:00,UNIT,5.335000038146973,5.335000038146973,5.335000038146973,5.335000038146973,5.335000038146973,926.0
2024-09-16 11:20:00+00:00,WHLR,7.210000038146973,7.210000038146973,7.228600025177002,7.043600082397461,7.050000190734863,45512.0
2024-09-16 11:21:00+00:00,AFCG,10.399999618530273,10.399999618530273,10.399999618530273,10.399999618530273,10.399999618530273,764.0
2024-09-16 11:21:00+00:00,AGNC,10.449999809265137,10.449999809265137,10.458700180053711,10.449999809265137,10.458700180053711,17183.0
2024-09-16 11:21:00+00:00,CSGP,78.63999938964844,78.63999938964844,78.63999938964844,78.62999725341797,78.62999725341797,1074.0
2024-09-16 11:21:00+00:00,GLPI,51.61000061035156,51.61000061035156,51.61000061035156,51.61000061035156,51.61000061035156,1437.0
2024-09-16 11:21:00+00:00,HST,17.479999542236328,17.479999542236328,17.479999542236328,17.475000381469727,17.475000381469727,6816.0
2024-09-16 11:21:00+00:00,ILPT,5.065000057220459,5.065000057220459,5.065000057220459,5.059999942779541,5.065000057220459,956.0
2024-09-16 11:21:00+00:00,LAMR,129.47500610351562,129.47500610351562,129.60000610351562,129.4550018310547,129.4550018310547,1900.0
2024-09-16 11:21:00+00:00,LSEA,12.619999885559082,12.619999885559082,12.635000228881836,12.600000381469727,12.600000381469727,1927.0
2024-09-16 11:21:00+00:00,OPEN,2.1549999713897705,2.1549999713897705,2.1600000858306885,2.1500000953674316,2.1600000858306885,118072.0
2024-09-16 11:21:00+00:00,PCH,45.310001373291016,45.310001373291016,45.33000183105469,45.29499816894531,45.29999923706055,4024.0
2024-09-16 11:21:00+00:00,PECO,38.779998779296875,38.779998779296875,38.779998779296875,38.779998779296875,38.779998779296875,1352.0
2024-09-16 11:21:00+00:00,RDFN,13.819999694824219,13.819999694824219,13.850000381469727,13.8100004196167,13.850000381469727,12585.0
2024-09-16 11:21:00+00:00,REG,74.4749984741211,74.4749984741211,74.4800033569336,74.4749984741211,74.4800033569336,2630.0
2024-09-16 11:21:00+00:00,ROIC,15.979999542236328,15.979999542236328,15.979999542236328,15.975000381469727,15.979999542236328,1028.0
2024-09-16 11:21:00+00:00,SBRA,18.549999237060547,18.549999237060547,18.55500030517578,18.549999237060547,18.55500030517578,3429.0
2024-09-16 11:21:00+00:00,SVC,4.545000076293945,4.545000076293945,4.545000076293945,4.539999961853027,4.545000076293945,647.0
2024-09-16 11:21:00+00:00,UNIT,5.324999809265137,5.324999809265137,5.329999923706055,5.324999809265137,5.329999923706055,3875.0
2024-09-16 11:21:00+00:00,WHLR,7.329999923706055,7.329999923706055,7.389999866485596,7.170400142669678,7.171999931335449,44681.0
2024-09-16 11:22:00+00:00,AFCG,10.399999618530273,10.399999618530273,10.399999618530273,10.399999618530273,10.399999618530273,178.0
2024-09-16 11:22:00+00:00,AGNC,10.460000038146973,10.460000038146973,10.460000038146973,10.449999809265137,10.454999923706055,10709.0
2024-09-16 11:22:00+00:00,AGNCM,25.299999237060547,25.299999237060547,25.299999237060547,25.299999237060547,25.299999237060547,434.0
2024-09-16 11:22:00+00:00,AGNCN,25.959999084472656,25.959999084472656,25.959999084472656,25.959999084472656,25.959999084472656,268.0
2024-09-16 11:22:00+00:00,DHC,3.569999933242798,3.569999933242798,3.569999933242798,3.569999933242798,3.569999933242798,311.0
2024-09-16 11:22:00+00:00,EXPI,14.42609977722168,14.42609977722168,14.42609977722168,14.42609977722168,14.42609977722168,748.0
2024-09-16 11:22:00+00:00,FTHM,2.880000114440918,2.880000114440918,2.934999942779541,2.880000114440918,2.934999942779541,522.0
2024-09-16 11:22:00+00:00,GLPI,51.56999969482422,51.56999969482422,51.58000183105469,51.56999969482422,51.58000183105469,788.0
2024-09-16 11:22:00+00:00,GOOD,16.09000015258789,16.09000015258789,16.09000015258789,16.09000015258789,16.09000015258789,434.0
2024-09-16 11:22:00+00:00,HST,17.459999084472656,17.459999084472656,17.475000381469727,17.459999084472656,17.475000381469727,2689.0
2024-09-16 11:22:00+00:00,ILPT,5.050000190734863,5.050000190734863,5.065000057220459,5.050000190734863,5.059999942779541,3080.0
2024-09-16 11:22:00+00:00,LANDO,22.261999130249023,22.261999130249023,22.261999130249023,22.239999771118164,22.239999771118164,4167.0
2024-09-16 11:22:00+00:00,NMRK,14.9350004196167,14.9350004196167,14.9350004196167,14.9350004196167,14.9350004196167,200.0
2024-09-16 11:22:00+00:00,NYMT,6.614999771118164,6.614999771118164,6.614999771118164,6.610000133514404,6.610000133514404,2143.0
2024-09-16 11:22:00+00:00,OPEN,2.1596999168395996,2.1596999168395996,2.1698999404907227,2.1500000953674316,2.1549999713897705,299255.0
2024-09-16 11:22:00+00:00,PCH,45.279998779296875,45.279998779296875,45.310001373291016,45.27000045776367,45.310001373291016,3496.0
2024-09-16 11:22:00+00:00,PECO,38.775001525878906,38.775001525878906,38.775001525878906,38.760101318359375,38.760101318359375,943.0
2024-09-16 11:22:00+00:00,RDFN,13.869999885559082,13.869999885559082,13.879599571228027,13.84000015258789,13.84000015258789,7386.0
2024-09-16 11:22:00+00:00,REG,74.5,74.5,74.5,74.44999694824219,74.4800033569336,8442.0
2024-09-16 11:22:00+00:00,RMR,25.15999984741211,25.15999984741211,25.15999984741211,25.15999984741211,25.15999984741211,938.0
2024-09-16 11:22:00+00:00,ROIC,15.979999542236328,15.979999542236328,15.984999656677246,15.979999542236328,15.984999656677246,2567.0
2024-09-16 11:22:00+00:00,SBAC,245.14999389648438,245.14999389648438,245.38499450683594,245.14999389648438,245.38499450683594,387.0
2024-09-16 11:22:00+00:00,SBRA,18.55500030517578,18.55500030517578,18.559999465942383,18.55500030517578,18.55500030517578,827.0
2024-09-16 11:22:00+00:00,SVC,4.545000076293945,4.545000076293945,4.550000190734863,4.539999961853027,4.550000190734863,2178.0
2024-09-16 11:22:00+00:00,UNIT,5.315000057220459,5.315000057220459,5.329999923706055,5.315000057220459,5.329999923706055,7844.0
2024-09-16 11:22:00+00:00,WHLR,7.320000171661377,7.320000171661377,7.420000076293945,7.271999835968018,7.360000133514404,47702.0
2024-09-16 11:23:00+00:00,AFCG,10.40999984741211,10.40999984741211,10.40999984741211,10.40999984741211,10.40999984741211,1331.0
2024-09-16 11:23:00+00:00,AGNC,10.454999923706055,10.454999923706055,10.460000038146973,10.453800201416016,10.454999923706055,17472.0
2024-09-16 11:23:00+00:00,CSGP,78.72000122070312,78.72000122070312,78.75,78.62999725341797,78.63999938964844,2625.0
2024-09-16 11:23:00+00:00,DHC,3.565000057220459,3.565000057220459,3.565000057220459,3.565000057220459,3.565000057220459,766.0
2024-09-16 11:23:00+00:00,EXPI,14.489999771118164,14.489999771118164,14.489999771118164,14.4399995803833,14.4399995803833,2552.0
2024-09-16 11:23:00+00:00,GLPI,51.630001068115234,51.630001068115234,51.630001068115234,51.59000015258789,51.59000015258789,1848.0
2024-09-16 11:23:00+00:00,GOOD,16.110000610351562,16.110000610351562,16.110000610351562,16.110000610351562,16.110000610351562,1018.0
2024-09-16 11:23:00+00:00,HST,17.499000549316406,17.499000549316406,17.499000549316406,17.459999084472656,17.459999084472656,7962.0
2024-09-16 11:23:00+00:00,ILPT,5.059999942779541,5.059999942779541,5.059999942779541,5.050000190734863,5.050000190734863,934.0
2024-09-16 11:23:00+00:00,LAMR,129.62249755859375,129.62249755859375,129.62249755859375,129.61500549316406,129.61500549316406,1540.0
2024-09-16 11:23:00+00:00,LSEA,12.640000343322754,12.640000343322754,12.640000343322754,12.640000343322754,12.640000343322754,133.0
2024-09-16 11:23:00+00:00,NMRK,14.949999809265137,14.949999809265137,14.949999809265137,14.949999809265137,14.949999809265137,987.0
2024-09-16 11:23:00+00:00,NYMT,6.619999885559082,6.619999885559082,6.619999885559082,6.614999771118164,6.614999771118164,1253.0
2024-09-16 11:23:00+00:00,OPEN,2.162600040435791,2.162600040435791,2.1700000762939453,2.1549999713897705,2.159899950027466,122651.0
2024-09-16 11:23:00+00:00,PCH,45.33000183105469,45.33000183105469,45.33000183105469,45.290000915527344,45.310001373291016,916.0
2024-09-16 11:23:00+00:00,PECO,38.84000015258789,38.84000015258789,38.84000015258789,38.779998779296875,38.779998779296875,1490.0
2024-09-16 11:23:00+00:00,RDFN,13.904999732971191,13.904999732971191,13.920000076293945,13.85200023651123,13.854000091552734,8588.0
2024-09-16 11:23:00+00:00,REFI,16.020000457763672,16.020000457763672,16.020000457763672,16.020000457763672,16.020000457763672,313.0
2024-09-16 11:23:00+00:00,REG,74.58000183105469,74.58000183105469,74.58000183105469,74.58000183105469,74.58000183105469,627.0
2024-09-16 11:23:00+00:00,ROIC,16.020000457763672,16.020000457763672,16.020000457763672,15.989999771118164,15.989999771118164,3076.0
2024-09-16 11:23:00+00:00,SBAC,245.4499969482422,245.4499969482422,245.4499969482422,245.14999389648438,245.14999389648438,1641.0
2024-09-16 11:23:00+00:00,SBRA,18.565000534057617,18.565000534057617,18.565000534057617,18.55500030517578,18.559999465942383,2486.0
2024-09-16 11:23:00+00:00,SVC,4.554999828338623,4.554999828338623,4.554999828338623,4.539999961853027,4.539999961853027,794.0
2024-09-16 11:23:00+00:00,UNIT,5.335000038146973,5.335000038146973,5.34499979019165,5.320000171661377,5.320000171661377,26053.0
2024-09-16 11:23:00+00:00,VINO,5.010000228881836,5.010000228881836,5.010000228881836,5.010000228881836,5.010000228881836,0.0
2024-09-16 11:23:00+00:00,WHLR,7.289999961853027,7.289999961853027,7.340000152587891,7.269999980926514,7.329999923706055,34991.0
2024-09-16 11:24:00+00:00,AFCG,10.421699523925781,10.421699523925781,10.421699523925781,10.421699523925781,10.421699523925781,971.0
2024-09-16 11:24:00+00:00,AGNC,10.454999923706055,10.454999923706055,10.460000038146973,10.449999809265137,10.460000038146973,16375.0
2024-09-16 11:24:00+00:00,AGNCN,25.989999771118164,25.989999771118164,25.989999771118164,25.989999771118164,25.989999771118164,3800.0
2024-09-16 11:24:00+00:00,BPYPN,12.880000114440918,12.880000114440918,12.880000114440918,12.850000381469727,12.859999656677246,2805.0
2024-09-16 11:24:00+00:00,BPYPO,14.170000076293945,14.170000076293945,14.170000076293945,14.170000076293945,14.170000076293945,3018.0
2024-09-16 11:24:00+00:00,CIGI,146.7899932861328,146.7899932861328,146.7899932861328,146.7899932861328,146.7899932861328,756.0
2024-09-16 11:24:00+00:00,CSGP,78.69999694824219,78.69999694824219,78.75,78.69999694824219,78.75,2755.0
2024-09-16 11:24:00+00:00,DHC,3.575000047683716,3.575000047683716,3.575000047683716,3.569999933242798,3.569999933242798,2978.0
2024-09-16 11:24:00+00:00,EXPI,14.449999809265137,14.449999809265137,14.470000267028809,14.449999809265137,14.470000267028809,1948.0
2024-09-16 11:24:00+00:00,HST,17.485000610351562,17.485000610351562,17.4950008392334,17.479999542236328,17.4950008392334,3846.0
2024-09-16 11:24:00+00:00,ILPT,5.070000171661377,5.070000171661377,5.070000171661377,5.065000057220459,5.065000057220459,381.0
2024-09-16 11:24:00+00:00,LAND,14.619999885559082,14.619999885559082,14.619999885559082,14.619999885559082,14.619999885559082,459.0
2024-09-16 11:24:00+00:00,LSEA,12.65999984741211,12.65999984741211,12.65999984741211,12.640000343322754,12.640000343322754,2419.0
2024-09-16 11:24:00+00:00,OPEN,2.166599988937378,2.166599988937378,2.166599988937378,2.1600000858306885,2.1610000133514404,68193.0
2024-09-16 11:24:00+00:00,PCH,45.29999923706055,45.29999923706055,45.29999923706055,45.29999923706055,45.29999923706055,639.0
2024-09-16 11:24:00+00:00,PECO,38.84000015258789,38.84000015258789,38.84000015258789,38.84000015258789,38.84000015258789,145.0
2024-09-16 11:24:00+00:00,RDFN,13.854999542236328,13.854999542236328,13.90999984741211,13.854999542236328,13.909500122070312,13534.0
2024-09-16 11:24:00+00:00,REFI,16.024999618530273,16.024999618530273,16.024999618530273,16.024999618530273,16.024999618530273,523.0
2024-09-16 11:24:00+00:00,REG,74.58000183105469,74.58000183105469,74.58999633789062,74.58000183105469,74.58999633789062,1392.0
2024-09-16 11:24:00+00:00,ROIC,16.024999618530273,16.024999618530273,16.024999618530273,16.014999389648438,16.014999389648438,1224.0
2024-09-16 11:24:00+00:00,SBAC,245.5399932861328,245.5399932861328,245.5399932861328,245.5,245.5,949.0
2024-09-16 11:24:00+00:00,SBRA,18.559999465942383,18.559999465942383,18.565000534057617,18.55500030517578,18.565000534057617,4845.0
2024-09-16 11:24:00+00:00,SEVN,13.909799575805664,13.909799575805664,13.90999984741211,13.909799575805664,13.90999984741211,3326.0
2024-09-16 11:24:00+00:00,SVC,4.550000190734863,4.550000190734863,4.550000190734863,4.550000190734863,4.550000190734863,995.0
2024-09-16 11:24:00+00:00,UNIT,5.335000038146973,5.335000038146973,5.340000152587891,5.335000038146973,5.335000038146973,915.0
2024-09-16 11:24:00+00:00,WHLR,7.280099868774414,7.280099868774414,7.338500022888184,7.280099868774414,7.300000190734863,8739.0
2024-09-16 11:25:00+00:00,AGNC,10.454999923706055,10.454999923706055,10.460000038146973,10.454999923706055,10.454999923706055,34421.0
2024-09-16 11:25:00+00:00,BPYPN,12.810099601745605,12.810099601745605,12.810099601745605,12.810099601745605,12.810099601745605,2650.0
2024-09-16 11:25:00+00:00,CSGP,78.68000030517578,78.68000030517578,78.73999786376953,78.68000030517578,78.73999786376953,1085.0
2024-09-16 11:25:00+00:00,EXPI,14.452199935913086,14.452199935913086,14.460000038146973,14.430000305175781,14.460000038146973,4011.0
2024-09-16 11:25:00+00:00,HST,17.479999542236328,17.479999542236328,17.489999771118164,17.479999542236328,17.485000610351562,2494.0
2024-09-16 11:25:00+00:00,ILPT,5.059999942779541,5.059999942779541,5.0731000900268555,5.059999942779541,5.0731000900268555,1169.0
2024-09-16 11:25:00+00:00,LSEA,12.670000076293945,12.670000076293945,12.670000076293945,12.670000076293945,12.670000076293945,828.0
2024-09-16 11:25:00+00:00,NMRK,14.949999809265137,14.949999809265137,14.949999809265137,14.949999809265137,14.949999809265137,102.0
2024-09-16 11:25:00+00:00,NYMT,6.625,6.625,6.625,6.619999885559082,6.619999885559082,906.0
2024-09-16 11:25:00+00:00,OPEN,2.1577999591827393,2.1577999591827393,2.1649999618530273,2.1500000953674316,2.1649999618530273,110754.0
2024-09-16 11:25:00+00:00,PCH,45.28499984741211,45.28499984741211,45.290000915527344,45.28499984741211,45.290000915527344,880.0
2024-09-16 11:25:00+00:00,PECO,38.834999084472656,38.834999084472656,38.834999084472656,38.834999084472656,38.834999084472656,319.0
2024-09-16 11:25:00+00:00,RDFN,13.79990005493164,13.79990005493164,13.859999656677246,13.79990005493164,13.854999542236328,15294.0
2024-09-16 11:25:00+00:00,ROIC,16.020000457763672,16.020000457763672,16.024999618530273,16.020000457763672,16.024999618530273,964.0
2024-09-16 11:25:00+00:00,SBRA,18.559099197387695,18.559099197387695,18.559999465942383,18.559099197387695,18.559999465942383,924.0
2024-09-16 11:25:00+00:00,SVC,4.550000190734863,4.550000190734863,4.554999828338623,4.550000190734863,4.554999828338623,1414.0
2024-09-16 11:25:00+00:00,WHLR,7.400100231170654,7.400100231170654,7.4899001121521,7.21999979019165,7.2941999435424805,97277.0
2024-09-16 11:26:00+00:00,AGNC,10.460000038146973,10.460000038146973,10.460000038146973,10.449999809265137,10.454999923706055,11495.0
2024-09-16 11:26:00+00:00,AGNCL,24.18000030517578,24.18000030517578,24.190000534057617,24.18000030517578,24.190000534057617,606.0
2024-09-16 11:26:00+00:00,BPYPN,12.850500106811523,12.850500106811523,12.850500106811523,12.850500106811523,12.850500106811523,1755.0
2024-09-16 11:26:00+00:00,CSGP,78.70999908447266,78.70999908447266,78.70999908447266,78.70999908447266,78.70999908447266,433.0
2024-09-16 11:26:00+00:00,GLPI,51.630001068115234,51.630001068115234,51.6349983215332,51.630001068115234,51.6349983215332,1556.0
2024-09-16 11:26:00+00:00,HST,17.485000610351562,17.485000610351562,17.485000610351562,17.485000610351562,17.485000610351562,704.0
2024-09-16 11:26:00+00:00,ILPT,5.059999942779541,5.059999942779541,5.059999942779541,5.059999942779541,5.059999942779541,447.0
2024-09-16 11:26:00+00:00,LSEA,12.649999618530273,12.649999618530273,12.649999618530273,12.649999618530273,12.649999618530273,116.0
2024-09-16 11:26:00+00:00,OPEN,2.1600000858306885,2.1600000858306885,2.1600000858306885,2.1500000953674316,2.159899950027466,158974.0
2024-09-16 11:26:00+00:00,PCH,45.25,45.25,45.28499984741211,45.25,45.28499984741211,467.0
2024-09-16 11:26:00+00:00,RDFN,13.824999809265137,13.824999809265137,13.84000015258789,13.795000076293945,13.795000076293945,10737.0
2024-09-16 11:26:00+00:00,REG,74.56999969482422,74.56999969482422,74.58499908447266,74.56999969482422,74.58499908447266,1295.0
2024-09-16 11:26:00+00:00,SBRA,18.545000076293945,18.545000076293945,18.55500030517578,18.545000076293945,18.55500030517578,3308.0
2024-09-16 11:26:00+00:00,SVC,4.550000190734863,4.550000190734863,4.554999828338623,4.550000190734863,4.554999828338623,313.0
2024-09-16 11:26:00+00:00,UNIT,5.335000038146973,5.335000038146973,5.335000038146973,5.335000038146973,5.335000038146973,1026.0
2024-09-16 11:26:00+00:00,WHLR,7.334000110626221,7.334000110626221,7.449900150299072,7.270100116729736,7.409999847412109,29051.0
2024-09-16 11:27:00+00:00,AFCG,10.40999984741211,10.40999984741211,10.40999984741211,10.40999984741211,10.40999984741211,1314.0
2024-09-16 11:27:00+00:00,AGNC,10.449999809265137,10.449999809265137,10.460000038146973,10.449999809265137,10.454999923706055,21618.0
2024-09-16 11:27:00+00:00,AGNCM,25.309999465942383,25.309999465942383,25.309999465942383,25.299999237060547,25.299999237060547,568.0
2024-09-16 11:27:00+00:00,AGNCN,25.969999313354492,25.969999313354492,25.969999313354492,25.969999313354492,25.969999313354492,0.0
2024-09-16 11:27:00+00:00,AGNCO,25.190000534057617,25.190000534057617,25.190000534057617,25.190000534057617,25.190000534057617,103.0
2024-09-16 11:27:00+00:00,ASPS,1.184999942779541,1.184999942779541,1.184999942779541,1.1799999475479126,1.1799999475479126,300.0
2024-09-16 11:27:00+00:00,CSGP,78.66000366210938,78.66000366210938,78.66000366210938,78.66000366210938,78.66000366210938,569.0
2024-09-16 11:27:00+00:00,EQIX,874.72998046875,874.72998046875,874.72998046875,874.72998046875,874.72998046875,1166.0
2024-09-16 11:27:00+00:00,EXPI,14.449999809265137,14.449999809265137,14.449999809265137,14.449999809265137,14.449999809265137,775.0
2024-09-16 11:27:00+00:00,GLPI,51.61000061035156,51.61000061035156,51.61000061035156,51.61000061035156,51.61000061035156,416.0
2024-09-16 11:27:00+00:00,GOOD,16.100000381469727,16.100000381469727,16.100000381469727,16.100000381469727,16.100000381469727,455.0
2024-09-16 11:27:00+00:00,HST,17.46500015258789,17.46500015258789,17.479999542236328,17.454999923706055,17.479999542236328,8263.0
2024-09-16 11:27:00+00:00,LAMR,129.71499633789062,129.71499633789062,129.71499633789062,129.71499633789062,129.71499633789062,1115.0
2024-09-16 11:27:00+00:00,NMRK,14.9399995803833,14.9399995803833,14.9399995803833,14.9399995803833,14.9399995803833,1182.0
2024-09-16 11:27:00+00:00,OPEN,2.1549999713897705,2.1549999713897705,2.1600000858306885,2.1500000953674316,2.1600000858306885,26233.0
2024-09-16 11:27:00+00:00,OPI,2.2149999141693115,2.2149999141693115,2.2200000286102295,2.2149999141693115,2.2149999141693115,1232.0
2024-09-16 11:27:00+00:00,PCH,45.28499984741211,45.28499984741211,45.28499984741211,45.28499984741211,45.28499984741211,1073.0
2024-09-16 11:27:00+00:00,PECO,38.814998626708984,38.814998626708984,38.81999969482422,38.814998626708984,38.81999969482422,603.0
2024-09-16 11:27:00+00:00,RDFN,13.760000228881836,13.760000228881836,13.8100004196167,13.750100135803223,13.8100004196167,23687.0
2024-09-16 11:27:00+00:00,REG,74.55999755859375,74.55999755859375,74.55999755859375,74.55000305175781,74.55000305175781,1861.0
2024-09-16 11:27:00+00:00,ROIC,16.020000457763672,16.020000457763672,16.020000457763672,16.020000457763672,16.020000457763672,800.0
2024-09-16 11:27:00+00:00,SBAC,245.14999389648438,245.14999389648438,245.30999755859375,245.14999389648438,245.25999450683594,1808.0
2024-09-16 11:27:00+00:00,SBRA,18.53499984741211,18.53499984741211,18.540000915527344,18.53499984741211,18.540000915527344,1714.0
2024-09-16 11:27:00+00:00,SVC,4.550000190734863,4.550000190734863,4.550000190734863,4.550000190734863,4.550000190734863,2592.0
2024-09-16 11:27:00+00:00,UNIT,5.335000038146973,5.335000038146973,5.335000038146973,5.329999923706055,5.335000038146973,3421.0
2024-09-16 11:27:00+00:00,WHLR,7.3572998046875,7.3572998046875,7.439899921417236,7.329999923706055,7.351900100708008,12121.0
2024-09-16 11:28:00+00:00,AFCG,10.420000076293945,10.420000076293945,10.420000076293945,10.420000076293945,10.420000076293945,588.0
2024-09-16 11:28:00+00:00,AGNC,10.449999809265137,10.449999809265137,10.460000038146973,10.449999809265137,10.449999809265137,6713.0
2024-09-16 11:28:00+00:00,AGNCN,25.969999313354492,25.969999313354492,25.969999313354492,25.969999313354492,25.969999313354492,271.0
2024-09-16 11:28:00+00:00,ASPS,1.190000057220459,1.190000057220459,1.190000057220459,1.190000057220459,1.190000057220459,100.0
2024-09-16 11:28:00+00:00,BPYPO,14.145000457763672,14.145000457763672,14.145000457763672,14.145000457763672,14.145000457763672,697.0
2024-09-16 11:28:00+00:00,CSGP,78.69000244140625,78.69000244140625,78.69000244140625,78.69000244140625,78.69000244140625,131.0
2024-09-16 11:28:00+00:00,EXPI,14.425000190734863,14.425000190734863,14.425000190734863,14.425000190734863,14.425000190734863,309.0
2024-09-16 11:28:00+00:00,GLPI,51.59000015258789,51.59000015258789,51.59000015258789,51.59000015258789,51.59000015258789,328.0
2024-09-16 11:28:00+00:00,GOOD,16.09000015258789,16.09000015258789,16.09000015258789,16.09000015258789,16.09000015258789,244.0
2024-09-16 11:28:00+00:00,HST,17.454999923706055,17.454999923706055,17.459999084472656,17.454999923706055,17.459999084472656,3585.0
2024-09-16 11:28:00+00:00,LAND,14.595000267028809,14.595000267028809,14.595000267028809,14.595000267028809,14.595000267028809,1277.0
2024-09-16 11:28:00+00:00,OPEN,2.1549999713897705,2.1549999713897705,2.1600000858306885,2.1500000953674316,2.1549999713897705,50305.0
2024-09-16 11:28:00+00:00,PECO,38.810001373291016,38.810001373291016,38.81999969482422,38.810001373291016,38.81999969482422,824.0
2024-09-16 11:28:00+00:00,RDFN,13.749899864196777,13.749899864196777,13.760000228881836,13.74120044708252,13.75,13704.0
2024-09-16 11:28:00+00:00,REG,74.55000305175781,74.55000305175781,74.58000183105469,74.55000305175781,74.58000183105469,1836.0
2024-09-16 11:28:00+00:00,ROIC,16.010000228881836,16.010000228881836,16.010000228881836,16.010000228881836,16.010000228881836,954.0
2024-09-16 11:28:00+00:00,SBAC,245.17999267578125,245.17999267578125,245.2050018310547,245.17999267578125,245.2050018310547,415.0
2024-09-16 11:28:00+00:00,SBRA,18.530000686645508,18.530000686645508,18.53499984741211,18.524999618530273,18.53499984741211,1323.0
2024-09-16 11:28:00+00:00,SVC,4.539999961853027,4.539999961853027,4.539999961853027,4.539999961853027,4.539999961853027,912.0
2024-09-16 11:28:00+00:00,UNIT,5.335000038146973,5.335000038146973,5.335000038146973,5.329999923706055,5.335000038146973,1670.0
2024-09-16 11:28:00+00:00,WHLR,7.287899971008301,7.287899971008301,7.349999904632568,7.28000020980835,7.340000152587891,20275.0
2024-09-16 11:29:00+00:00,AGNC,10.449999809265137,10.449999809265137,10.454999923706055,10.449999809265137,10.454999923706055,4214.0
2024-09-16 11:29:00+00:00,AGNCN,25.959999084472656,25.959999084472656,25.959999084472656,25.959999084472656,25.959999084472656,330.0
2024-09-16 11:29:00+00:00,CSGP,78.66000366210938,78.66000366210938,78.66000366210938,78.66000366210938,78.66000366210938,2275.0
2024-09-16 11:29:00+00:00,DHC,3.565000057220459,3.565000057220459,3.569999933242798,3.559999942779541,3.569999933242798,10413.0
2024-09-16 11:29:00+00:00,DUO,0.4268999993801117,0.4268999993801117,0.4268999993801117,0.4268999993801117,0.4268999993801117,1191.0
2024-09-16 11:29:00+00:00,EXPI,14.420000076293945,14.420000076293945,14.420000076293945,14.420000076293945,14.420000076293945,423.0
2024-09-16 11:29:00+00:00,GLPI,51.58000183105469,51.58000183105469,51.58000183105469,51.58000183105469,51.58000183105469,641.0
2024-09-16 11:29:00+00:00,GOOD,16.079999923706055,16.079999923706055,16.079999923706055,16.079999923706055,16.079999923706055,453.0
2024-09-16 11:29:00+00:00,HST,17.44499969482422,17.44499969482422,17.450000762939453,17.44499969482422,17.450000762939453,1646.0
2024-09-16 11:29:00+00:00,HTIA,15.65999984741211,15.65999984741211,15.65999984741211,15.65999984741211,15.65999984741211,0.0
2024-09-16 11:29:00+00:00,LAMR,129.48629760742188,129.48629760742188,129.48629760742188,129.48629760742188,129.48629760742188,125.0
2024-09-16 11:29:00+00:00,LSEA,12.630000114440918,12.630000114440918,12.630000114440918,12.630000114440918,12.630000114440918,878.0
2024-09-16 11:29:00+00:00,OPEN,2.1403000354766846,2.1403000354766846,2.1554999351501465,2.1401000022888184,2.1500000953674316,126168.0
2024-09-16 11:29:00+00:00,PCH,45.310001373291016,45.310001373291016,45.310001373291016,45.25,45.25,5461.0
2024-09-16 11:29:00+00:00,PECO,38.82500076293945,38.82500076293945,38.82500076293945,38.810001373291016,38.810001373291016,559.0
2024-09-16 11:29:00+00:00,RDFN,13.690600395202637,13.690600395202637,13.75,13.670000076293945,13.744999885559082,42812.0
2024-09-16 11:29:00+00:00,REAX,5.78000020980835,5.78000020980835,5.78000020980835,5.78000020980835,5.78000020980835,784.0
2024-09-16 11:29:00+00:00,REG,74.5199966430664,74.5199966430664,74.5199966430664,74.5199966430664,74.5199966430664,1518.0
2024-09-16 11:29:00+00:00,ROIC,16.0049991607666,16.0049991607666,16.0049991607666,16.0,16.0049991607666,3358.0
2024-09-16 11:29:00+00:00,SBAC,245.00999450683594,245.00999450683594,245.00999450683594,245.00999450683594,245.00999450683594,721.0
2024-09-16 11:29:00+00:00,SBRA,18.524999618530273,18.524999618530273,18.524999618530273,18.524999618530273,18.524999618530273,842.0
2024-09-16 11:29:00+00:00,SVC,4.534999847412109,4.534999847412109,4.539999961853027,4.534999847412109,4.539999961853027,1207.0
2024-09-16 11:29:00+00:00,UNIT,5.320000171661377,5.320000171661377,5.329999923706055,5.320000171661377,5.329999923706055,5471.0
2024-09-16 11:29:00+00:00,WHLR,7.230000019073486,7.230000019073486,7.319900035858154,7.230000019073486,7.300000190734863,9100.0
2024-09-16 11:30:00+00:00,AFCG,10.409899711608887,10.409899711608887,10.409899711608887,10.409899711608887,10.409899711608887,549.0
2024-09-16 11:30:00+00:00,AGNC,10.454999923706055,10.454999923706055,10.460000038146973,10.449999809265137,10.449999809265137,25657.0
2024-09-16 11:30:00+00:00,DHC,3.565000057220459,3.565000057220459,3.565000057220459,3.565000057220459,3.565000057220459,246.0
2024-09-16 11:30:00+00:00,DUO,0.4271000027656555,0.4271000027656555,0.4271000027656555,0.4271000027656555,0.4271000027656555,5315.0
2024-09-16 11:30:00+00:00,EXPI,14.39900016784668,14.39900016784668,14.399999618530273,14.39900016784668,14.399999618530273,2603.0
2024-09-16 11:30:00+00:00,FTHM,2.890000104904175,2.890000104904175,2.8919999599456787,2.890000104904175,2.890000104904175,713.0
2024-09-16 11:30:00+00:00,GLPI,51.57500076293945,51.57500076293945,51.57500076293945,51.57500076293945,51.57500076293945,550.0
2024-09-16 11:30:00+00:00,HST,17.434999465942383,17.434999465942383,17.44499969482422,17.434999465942383,17.440000534057617,3305.0
2024-09-16 11:30:00+00:00,ILPT,5.054999828338623,5.054999828338623,5.054999828338623,5.054999828338623,5.054999828338623,782.0
2024-09-16 11:30:00+00:00,LAMR,129.5449981689453,129.5449981689453,129.5449981689453,129.5449981689453,129.5449981689453,312.0
2024-09-16 11:30:00+00:00,NMRK,14.90999984741211,14.90999984741211,14.920000076293945,14.90999984741211,14.920000076293945,719.0
2024-09-16 11:30:00+00:00,NYMT,6.625,6.625,6.630000114440918,6.619999885559082,6.619999885559082,1890.0
2024-09-16 11:30:00+00:00,NYMTL,21.219999313354492,21.219999313354492,21.219999313354492,21.219999313354492,21.219999313354492,6357.0
2024-09-16 11:30:00+00:00,OPEN,2.1449999809265137,2.1449999809265137,2.1494998931884766,2.140000104904175,2.1426000595092773,129725.0
2024-09-16 11:30:00+00:00,OPI,2.2149999141693115,2.2149999141693115,2.2149999141693115,2.2149999141693115,2.2149999141693115,599.0
2024-09-16 11:30:00+00:00,PCH,45.310001373291016,45.310001373291016,45.310001373291016,45.30500030517578,45.30500030517578,1543.0
2024-09-16 11:30:00+00:00,PECO,38.82500076293945,38.82500076293945,38.82500076293945,38.82500076293945,38.82500076293945,138.0
2024-09-16 11:30:00+00:00,RDFN,13.680800437927246,13.680800437927246,13.699999809265137,13.619999885559082,13.680000305175781,75505.0
2024-09-16 11:30:00+00:00,REAX,5.78000020980835,5.78000020980835,5.78000020980835,5.78000020980835,5.78000020980835,401.0
2024-09-16 11:30:00+00:00,RMR,25.094999313354492,25.094999313354492,25.094999313354492,25.094999313354492,25.094999313354492,391.0
2024-09-16 11:30:00+00:00,SBRA,18.53499984741211,18.53499984741211,18.53499984741211,18.530000686645508,18.530000686645508,1489.0
2024-09-16 11:30:00+00:00,SVC,4.534999847412109,4.534999847412109,4.534999847412109,4.534999847412109,4.534999847412109,1054.0
2024-09-16 11:30:00+00:00,UNIT,5.320000171661377,5.320000171661377,5.324999809265137,5.320000171661377,5.324999809265137,1611.0
2024-09-16 11:30:00+00:00,WHLR,7.127200126647949,7.127200126647949,7.279900074005127,7.0,7.199999809265137,31452.0
2024-09-16 11:31:00+00:00,AGNC,10.449999809265137,10.449999809265137,10.454999923706055,10.449999809265137,10.454999923706055,8527.0
2024-09-16 11:31:00+00:00,CSGP,78.6500015258789,78.6500015258789,78.6500015258789,78.6500015258789,78.6500015258789,795.0
2024-09-16 11:31:00+00:00,DHC,3.565000057220459,3.565000057220459,3.565000057220459,3.565000057220459,3.565000057220459,356.0
2024-09-16 11:31:00+00:00,EXPI,14.40999984741211,14.40999984741211,14.40999984741211,14.40999984741211,14.40999984741211,891.0
2024-09-16 11:31:00+00:00,GLPI,51.599998474121094,51.599998474121094,51.599998474121094,51.599998474121094,51.599998474121094,891.0
2024-09-16 11:31:00+00:00,GOOD,16.079999923706055,16.079999923706055,16.079999923706055,16.079999923706055,16.079999923706055,120.0
2024-09-16 11:31:00+00:00,HST,17.434999465942383,17.434999465942383,17.440000534057617,17.43000030517578,17.43000030517578,3986.0
2024-09-16 11:31:00+00:00,LAMR,129.49000549316406,129.49000549316406,129.49000549316406,129.49000549316406,129.49000549316406,525.0
2024-09-16 11:31:00+00:00,LSEA,12.649999618530273,12.649999618530273,12.649999618530273,12.649999618530273,12.649999618530273,541.0
2024-09-16 11:31:00+00:00,NMRK,14.914999961853027,14.914999961853027,14.920000076293945,14.914999961853027,14.914999961853027,972.0
2024-09-16 11:31:00+00:00,NYMT,6.625,6.625,6.625,6.625,6.625,0.0
2024-09-16 11:31:00+00:00,OPEN,2.1449999809265137,2.1449999809265137,2.149899959564209,2.140000104904175,2.1449999809265137,4258.0
2024-09-16 11:31:00+00:00,PCH,45.290000915527344,45.290000915527344,45.290000915527344,45.290000915527344,45.290000915527344,1004.0
2024-09-16 11:31:00+00:00,PECO,38.83000183105469,38.83000183105469,38.83000183105469,38.83000183105469,38.83000183105469,664.0
2024-09-16 11:31:00+00:00,RDFN,13.739999771118164,13.739999771118164,13.75,13.689399719238281,13.699999809265137,24544.0
2024-09-16 11:31:00+00:00,SBAC,245.30999755859375,245.30999755859375,245.30999755859375,245.30999755859375,245.30999755859375,472.0
2024-09-16 11:31:00+00:00,SBRA,18.53499984741211,18.53499984741211,18.53499984741211,18.53499984741211,18.53499984741211,210.0
2024-09-16 11:31:00+00:00,UNIT,5.324999809265137,5.324999809265137,5.324999809265137,5.320000171661377,5.320000171661377,909.0
2024-09-16 11:31:00+00:00,WHLR,7.142600059509277,7.142600059509277,7.170000076293945,7.0665998458862305,7.090000152587891,5699.0
2024-09-16 11:32:00+00:00,AGNC,10.457500457763672,10.457500457763672,10.460000038146973,10.449999809265137,10.458800315856934,21780.0
2024-09-16 11:32:00+00:00,AGNCM,25.299999237060547,25.299999237060547,25.299999237060547,25.299999237060547,25.299999237060547,1991.0
2024-09-16 11:32:00+00:00,AGNCN,25.953500747680664,25.953500747680664,25.953500747680664,25.953500747680664,25.953500747680664,535.0
2024-09-16 11:32:00+00:00,BPYPN,12.850000381469727,12.850000381469727,12.850000381469727,12.850000381469727,12.850000381469727,0.0
2024-09-16 11:32:00+00:00,CSGP,78.6500015258789,78.6500015258789,78.6500015258789,78.62999725341797,78.62999725341797,729.0
2024-09-16 11:32:00+00:00,DHC,3.565000057220459,3.565000057220459,3.565000057220459,3.565000057220459,3.565000057220459,152.0
2024-09-16 11:32:00+00:00,FTHM,2.9439001083374023,2.9439001083374023,2.9439001083374023,2.9439001083374023,2.9439001083374023,139.0
2024-09-16 11:32:00+00:00,GLPI,51.59000015258789,51.59000015258789,51.59000015258789,51.59000015258789,51.59000015258789,418.0
2024-09-16 11:32:00+00:00,GOOD,16.06999969482422,16.06999969482422,16.079999923706055,16.06999969482422,16.079999923706055,960.0
2024-09-16 11:32:00+00:00,HST,17.44499969482422,17.44499969482422,17.44499969482422,17.43000030517578,17.43000030517578,3388.0
2024-09-16 11:32:00+00:00,LAMR,129.49000549316406,129.49000549316406,129.49000549316406,129.49000549316406,129.49000549316406,262.0
2024-09-16 11:32:00+00:00,NMRK,14.920000076293945,14.920000076293945,14.920000076293945,14.920000076293945,14.920000076293945,1838.0
2024-09-16 11:32:00+00:00,NYMT,6.619999885559082,6.619999885559082,6.619999885559082,6.619999885559082,6.619999885559082,1077.0
2024-09-16 11:32:00+00:00,NYMTL,21.211599349975586,21.211599349975586,21.211599349975586,21.211599349975586,21.211599349975586,0.0
2024-09-16 11:32:00+00:00,OPEN,2.1449999809265137,2.1449999809265137,2.1500000953674316,2.140000104904175,2.1449999809265137,7378.0
2024-09-16 11:32:00+00:00,OPI,2.2100000381469727,2.2100000381469727,2.2149999141693115,2.2100000381469727,2.2149999141693115,1935.0
2024-09-16 11:32:00+00:00,RDFN,13.725000381469727,13.725000381469727,13.739999771118164,13.710000038146973,13.73740005493164,17414.0
2024-09-16 11:32:00+00:00,REG,74.58000183105469,74.58000183105469,74.58000183105469,74.58000183105469,74.58000183105469,1088.0
2024-09-16 11:32:00+00:00,SBRA,18.53499984741211,18.53499984741211,18.53499984741211,18.53499984741211,18.53499984741211,117.0
2024-09-16 11:32:00+00:00,UNIT,5.324999809265137,5.324999809265137,5.324999809265137,5.320000171661377,5.320000171661377,765.0
2024-09-16 11:32:00+00:00,WHLR,7.15500020980835,7.15500020980835,7.239299774169922,7.15500020980835,7.203000068664551,5084.0
2024-09-16 11:33:00+00:00,AFCG,10.40999984741211,10.40999984741211,10.40999984741211,10.40999984741211,10.40999984741211,243.0
2024-09-16 11:33:00+00:00,AGNC,10.454999923706055,10.454999923706055,10.454999923706055,10.449999809265137,10.454999923706055,7151.0
2024-09-16 11:33:00+00:00,ASPS,1.1720000505447388,1.1720000505447388,1.1720000505447388,1.1720000505447388,1.1720000505447388,2251.0
2024-09-16 11:33:00+00:00,CSGP,78.6449966430664,78.6449966430664,78.6449966430664,78.6449966430664,78.6449966430664,778.0
2024-09-16 11:33:00+00:00,DHC,3.565000057220459,3.565000057220459,3.565000057220459,3.565000057220459,3.565000057220459,412.0
2024-09-16 11:33:00+00:00,EQIX,875.4500122070312,875.4500122070312,875.4500122070312,875.4500122070312,875.4500122070312,425.0
2024-09-16 11:33:00+00:00,FSV,179.44000244140625,179.44000244140625,179.44000244140625,179.44000244140625,179.44000244140625,138.0
2024-09-16 11:33:00+00:00,GLPI,51.58000183105469,51.58000183105469,51.59000015258789,51.58000183105469,51.59000015258789,1121.0
2024-09-16 11:33:00+00:00,GOOD,16.079999923706055,16.079999923706055,16.079999923706055,16.06999969482422,16.06999969482422,1203.0
2024-09-16 11:33:00+00:00,HST,17.44499969482422,17.44499969482422,17.44890022277832,17.44499969482422,17.44890022277832,576.0
2024-09-16 11:33:00+00:00,LAMR,129.55999755859375,129.55999755859375,129.55999755859375,129.55999755859375,129.55999755859375,216.0
2024-09-16 11:33:00+00:00,NMRK,14.930000305175781,14.930000305175781,14.930000305175781,14.930000305175781,14.930000305175781,670.0
2024-09-16 11:33:00+00:00,OPEN,2.1449999809265137,2.1449999809265137,2.1449999809265137,2.140000104904175,2.143699884414673,15725.0
2024-09-16 11:33:00+00:00,PCH,45.310001373291016,45.310001373291016,45.31999969482422,45.290000915527344,45.290000915527344,2567.0
2024-09-16 11:33:00+00:00,RDFN,13.75,13.75,13.760000228881836,13.70989990234375,13.720000267028809,30611.0
2024-09-16 11:33:00+00:00,REAX,5.796000003814697,5.796000003814697,5.796000003814697,5.796000003814697,5.796000003814697,241.0
2024-09-16 11:33:00+00:00,ROIC,16.0049991607666,16.0049991607666,16.0049991607666,16.0,16.0,512.0
2024-09-16 11:33:00+00:00,SBAC,245.3350067138672,245.3350067138672,245.3350067138672,245.3350067138672,245.3350067138672,388.0
2024-09-16 11:33:00+00:00,SBRA,18.53499984741211,18.53499984741211,18.540000915527344,18.53499984741211,18.540000915527344,1469.0
2024-09-16 11:33:00+00:00,SELF,5.239999771118164,5.239999771118164,5.239999771118164,5.239999771118164,5.239999771118164,180.0
2024-09-16 11:33:00+00:00,SVC,4.53000020980835,4.53000020980835,4.53000020980835,4.53000020980835,4.53000020980835,326.0
2024-09-16 11:33:00+00:00,UNIT,5.324999809265137,5.324999809265137,5.329999923706055,5.320000171661377,5.324999809265137,2348.0
2024-09-16 11:33:00+00:00,WHLR,7.1407999992370605,7.1407999992370605,7.179999828338623,7.1407999992370605,7.179100036621094,4009.0
2024-09-16 11:34:00+00:00,AFCG,10.419899940490723,10.419899940490723,10.419899940490723,10.419899940490723,10.419899940490723,404.0
2024-09-16 11:34:00+00:00,AGNC,10.454999923706055,10.454999923706055,10.454999923706055,10.449999809265137,10.449999809265137,5498.0
2024-09-16 11:34:00+00:00,CHCI,8.609999656677246,8.609999656677246,8.609999656677246,8.609999656677246,8.609999656677246,220.0
2024-09-16 11:34:00+00:00,CSGP,78.63999938964844,78.63999938964844,78.63999938964844,78.63999938964844,78.63999938964844,444.0
2024-09-16 11:34:00+00:00,DHC,3.569999933242798,3.569999933242798,3.569999933242798,3.569999933242798,3.569999933242798,460.0
2024-09-16 11:34:00+00:00,EXPI,14.40999984741211,14.40999984741211,14.40999984741211,14.40999984741211,14.40999984741211,715.0
2024-09-16 11:34:00+00:00,GIPR,2.219099998474121,2.219099998474121,2.219099998474121,2.219099998474121,2.219099998474121,244.0
2024-09-16 11:34:00+00:00,GOOD,16.079999923706055,16.079999923706055,16.079999923706055,16.079999923706055,16.079999923706055,330.0
2024-09-16 11:34:00+00:00,HST,17.479999542236328,17.479999542236328,17.479999542236328,17.44499969482422,17.44499969482422,20854.0
2024-09-16 11:34:00+00:00,LAMR,129.48500061035156,129.48500061035156,129.48500061035156,129.48500061035156,129.48500061035156,330.0
2024-09-16 11:34:00+00:00,LSEA,12.6899995803833,12.6899995803833,12.6899995803833,12.680000305175781,12.680000305175781,1168.0
2024-09-16 11:34:00+00:00,NMRK,14.954999923706055,14.954999923706055,14.954999923706055,14.944999694824219,14.944999694824219,405.0
2024-09-16 11:34:00+00:00,OPEN,2.1449999809265137,2.1449999809265137,2.1500000953674316,2.140000104904175,2.141400098800659,15002.0
2024-09-16 11:34:00+00:00,PECO,38.84000015258789,38.84000015258789,38.84000015258789,38.83000183105469,38.83000183105469,1143.0
2024-09-16 11:34:00+00:00,RDFN,13.755000114440918,13.755000114440918,13.779999732971191,13.744999885559082,13.744999885559082,22384.0
2024-09-16 11:34:00+00:00,REG,74.5999984741211,74.5999984741211,74.5999984741211,74.55000305175781,74.55000305175781,1453.0
2024-09-16 11:34:00+00:00,SBAC,245.47000122070312,245.47000122070312,245.47999572753906,245.375,245.47999572753906,1087.0
2024-09-16 11:34:00+00:00,SBRA,18.53499984741211,18.53499984741211,18.53499984741211,18.53499984741211,18.53499984741211,102.0
2024-09-16 11:34:00+00:00,SELF,5.239999771118164,5.239999771118164,5.239999771118164,5.239999771118164,5.239999771118164,110.0
2024-09-16 11:34:00+00:00,SVC,4.534999847412109,4.534999847412109,4.534999847412109,4.534999847412109,4.534999847412109,878.0
2024-09-16 11:34:00+00:00,UNIT,5.320000171661377,5.320000171661377,5.324999809265137,5.320000171661377,5.320000171661377,1997.0
2024-09-16 11:34:00+00:00,WHLR,7.179999828338623,7.179999828338623,7.210000038146973,7.139999866485596,7.142600059509277,3719.0
2024-09-16 11:35:00+00:00,AGNC,10.460000038146973,10.460000038146973,10.460000038146973,10.449999809265137,10.454999923706055,5904.0
2024-09-16 11:35:00+00:00,AGNCL,24.186199188232422,24.186199188232422,24.186199188232422,24.186199188232422,24.186199188232422,517.0
2024-09-16 11:35:00+00:00,CHCI,8.739999771118164,8.739999771118164,8.739999771118164,8.649999618530273,8.699999809265137,1369.0
2024-09-16 11:35:00+00:00,CSGP,78.68000030517578,78.68000030517578,78.68000030517578,78.68000030517578,78.68000030517578,1481.0
2024-09-16 11:35:00+00:00,EXPI,14.390000343322754,14.390000343322754,14.420100212097168,14.390000343322754,14.399999618530273,4869.0
2024-09-16 11:35:00+00:00,GLPI,51.599998474121094,51.599998474121094,51.599998474121094,51.599998474121094,51.599998474121094,475.0
2024-09-16 11:35:00+00:00,HST,17.475000381469727,17.475000381469727,17.479999542236328,17.46500015258789,17.469999313354492,7010.0
2024-09-16 11:35:00+00:00,ILPT,5.050000190734863,5.050000190734863,5.059999942779541,5.050000190734863,5.059999942779541,609.0
2024-09-16 11:35:00+00:00,LAND,14.600000381469727,14.600000381469727,14.600000381469727,14.600000381469727,14.600000381469727,102.0
2024-09-16 11:35:00+00:00,LSEA,12.649999618530273,12.649999618530273,12.670000076293945,12.649999618530273,12.670000076293945,956.0
2024-09-16 11:35:00+00:00,NMRK,14.949999809265137,14.949999809265137,14.960000038146973,14.949999809265137,14.960000038146973,2807.0
2024-09-16 11:35:00+00:00,NYMT,6.625,6.625,6.625,6.625,6.625,560.0
2024-09-16 11:35:00+00:00,OPEN,2.140000104904175,2.140000104904175,2.1500000953674316,2.134999990463257,2.1500000953674316,90509.0
2024-09-16 11:35:00+00:00,PECO,38.834999084472656,38.834999084472656,38.834999084472656,38.834999084472656,38.834999084472656,152.0
2024-09-16 11:35:00+00:00,RDFN,13.670000076293945,13.670000076293945,13.75,13.670000076293945,13.75,5859.0
2024-09-16 11:35:00+00:00,REAX,5.785200119018555,5.785200119018555,5.789999961853027,5.785200119018555,5.789999961853027,2924.0
2024-09-16 11:35:00+00:00,REG,74.5999984741211,74.5999984741211,74.6050033569336,74.58999633789062,74.6050033569336,1589.0
2024-09-16 11:35:00+00:00,SBAC,245.52000427246094,245.52000427246094,245.52000427246094,245.49000549316406,245.49000549316406,864.0
2024-09-16 11:35:00+00:00,SBRA,18.524999618530273,18.524999618530273,18.545000076293945,18.520000457763672,18.540000915527344,7370.0
2024-09-16 11:35:00+00:00,SVC,4.534999847412109,4.534999847412109,4.534999847412109,4.534999847412109,4.534999847412109,1249.0
2024-09-16 11:35:00+00:00,UNIT,5.321000099182129,5.321000099182129,5.324999809265137,5.321000099182129,5.324999809265137,1077.0
2024-09-16 11:35:00+00:00,WHLR,7.190000057220459,7.190000057220459,7.25,7.190000057220459,7.25,2525.0
2024-09-16 11:36:00+00:00,AGNC,10.45009994506836,10.45009994506836,10.45989990234375,10.449999809265137,10.449999809265137,8676.0
2024-09-16 11:36:00+00:00,AGNCL,24.200000762939453,24.200000762939453,24.200000762939453,24.18000030517578,24.200000762939453,850.0
2024-09-16 11:36:00+00:00,AGNCN,25.8799991607666,25.8799991607666,25.8799991607666,25.8799991607666,25.8799991607666,773.0
2024-09-16 11:36:00+00:00,CIGI,146.4499969482422,146.4499969482422,146.4499969482422,146.4499969482422,146.4499969482422,536.0
2024-09-16 11:36:00+00:00,CMCT,2.0100998878479004,2.0100998878479004,2.015000104904175,2.0100998878479004,2.015000104904175,927.0
2024-09-16 11:36:00+00:00,DHC,3.569999933242798,3.569999933242798,3.569999933242798,3.569999933242798,3.569999933242798,213.0
2024-09-16 11:36:00+00:00,EQIX,875.75,875.75,875.75,875.625,875.625,4732.0
2024-09-16 11:36:00+00:00,EXPI,14.4399995803833,14.4399995803833,14.4399995803833,14.399999618530273,14.399999618530273,2688.0
2024-09-16 11:36:00+00:00,GLPI,51.59000015258789,51.59000015258789,51.59000015258789,51.59000015258789,51.59000015258789,482.0
2024-09-16 11:36:00+00:00,HST,17.469999313354492,17.469999313354492,17.479999542236328,17.469999313354492,17.479999542236328,4617.0
2024-09-16 11:36:00+00:00,ILPT,5.054999828338623,5.054999828338623,5.054999828338623,5.054999828338623,5.054999828338623,105.0
2024-09-16 11:36:00+00:00,LAMR,129.5,129.5,129.5,129.5,129.5,1259.0
2024-09-16 11:36:00+00:00,NYMT,6.625,6.625,6.625,6.625,6.625,468.0
2024-09-16 11:36:00+00:00,OPEN,2.139899969100952,2.139899969100952,2.140000104904175,2.130000114440918,2.1366000175476074,78105.0
2024-09-16 11:36:00+00:00,OPI,2.210099935531616,2.210099935531616,2.210099935531616,2.210099935531616,2.210099935531616,334.0
2024-09-16 11:36:00+00:00,RDFN,13.724499702453613,13.724499702453613,13.729999542236328,13.675999641418457,13.675999641418457,11637.0
2024-09-16 11:36:00+00:00,REAX,5.760000228881836,5.760000228881836,5.760000228881836,5.760000228881836,5.760000228881836,610.0
2024-09-16 11:36:00+00:00,ROIC,16.014999389648438,16.014999389648438,16.014999389648438,16.014999389648438,16.014999389648438,977.0
2024-09-16 11:36:00+00:00,SBAC,245.52499389648438,245.52499389648438,245.52499389648438,245.52499389648438,245.52499389648438,429.0
2024-09-16 11:36:00+00:00,SBRA,18.520000457763672,18.520000457763672,18.524999618530273,18.510000228881836,18.524999618530273,10538.0
2024-09-16 11:36:00+00:00,SVC,4.534999847412109,4.534999847412109,4.534999847412109,4.53000020980835,4.534999847412109,1454.0
2024-09-16 11:36:00+00:00,UNIT,5.320000171661377,5.320000171661377,5.324999809265137,5.320000171661377,5.324999809265137,2107.0
2024-09-16 11:36:00+00:00,WHLR,7.179900169372559,7.179900169372559,7.182300090789795,7.179599761962891,7.182300090789795,3714.0
2024-09-16 11:37:00+00:00,AGNC,10.446599960327148,10.446599960327148,10.45989990234375,10.4399995803833,10.454999923706055,139883.0
2024-09-16 11:37:00+00:00,AGNCL,24.200000762939453,24.200000762939453,24.200000762939453,24.200000762939453,24.200000762939453,400.0
2024-09-16 11:37:00+00:00,AGNCN,25.920000076293945,25.920000076293945,25.920000076293945,25.8799991607666,25.8799991607666,2105.0
2024-09-16 11:37:00+00:00,DHC,3.565000057220459,3.565000057220459,3.565000057220459,3.565000057220459,3.565000057220459,119.0
2024-09-16 11:37:00+00:00,EQIX,875.75,875.75,875.75,875.75,875.75,515.0
2024-09-16 11:37:00+00:00,EXPI,14.4399995803833,14.4399995803833,14.460000038146973,14.4399995803833,14.460000038146973,1642.0
2024-09-16 11:37:00+00:00,FSV,179.6300048828125,179.6300048828125,179.6300048828125,179.6300048828125,179.6300048828125,1304.0
2024-09-16 11:37:00+00:00,GLPI,51.59000015258789,51.59000015258789,51.59000015258789,51.59000015258789,51.59000015258789,172.0
2024-09-16 11:37:00+00:00,GOOD,16.076499938964844,16.076499938964844,16.076499938964844,16.076499938964844,16.076499938964844,687.0
2024-09-16 11:37:00+00:00,HST,17.475000381469727,17.475000381469727,17.475000381469727,17.469999313354492,17.475000381469727,1446.0
2024-09-16 11:37:00+00:00,ILPT,5.054999828338623,5.054999828338623,5.054999828338623,5.054999828338623,5.054999828338623,107.0
2024-09-16 11:37:00+00:00,LAND,14.593700408935547,14.593700408935547,14.593700408935547,14.593700408935547,14.593700408935547,942.0
2024-09-16 11:37:00+00:00,LOAN,5.208799839019775,5.208799839019775,5.208799839019775,5.208799839019775,5.208799839019775,2440.0
2024-09-16 11:37:00+00:00,LSEA,12.680000305175781,12.680000305175781,12.680000305175781,12.65999984741211,12.65999984741211,350.0
2024-09-16 11:37:00+00:00,OPEN,2.1363000869750977,2.1363000869750977,2.140000104904175,2.130000114440918,2.130000114440918,35592.0
2024-09-16 11:37:00+00:00,PCH,45.345001220703125,45.345001220703125,45.345001220703125,45.345001220703125,45.345001220703125,263.0
2024-09-16 11:37:00+00:00,PECO,38.849998474121094,38.849998474121094,38.849998474121094,38.84000015258789,38.84000015258789,613.0
2024-09-16 11:37:00+00:00,RDFN,13.661999702453613,13.661999702453613,13.729900360107422,13.661999702453613,13.729900360107422,15719.0
2024-09-16 11:37:00+00:00,REG,74.58499908447266,74.58499908447266,74.58499908447266,74.58499908447266,74.58499908447266,515.0
2024-09-16 11:37:00+00:00,ROIC,16.020000457763672,16.020000457763672,16.020000457763672,16.020000457763672,16.020000457763672,521.0
2024-09-16 11:37:00+00:00,SBRA,18.510000228881836,18.510000228881836,18.510000228881836,18.510000228881836,18.510000228881836,355.0
2024-09-16 11:37:00+00:00,SOHO,1.2400000095367432,1.2400000095367432,1.2401000261306763,1.2400000095367432,1.2400000095367432,9324.0
2024-09-16 11:37:00+00:00,UNIT,5.324999809265137,5.324999809265137,5.324999809265137,5.320000171661377,5.320000171661377,811.0
2024-09-16 11:37:00+00:00,WHLR,7.130000114440918,7.130000114440918,7.173399925231934,7.130000114440918,7.173399925231934,3331.0
2024-09-16 11:38:00+00:00,AGNC,10.454999923706055,10.454999923706055,10.45989990234375,10.444999694824219,10.449999809265137,103973.0
2024-09-16 11:38:00+00:00,AGNCL,24.200000762939453,24.200000762939453,24.209999084472656,24.200000762939453,24.209999084472656,205.0
2024-09-16 11:38:00+00:00,CIGI,146.4199981689453,146.4199981689453,146.4199981689453,146.4199981689453,146.4199981689453,1063.0
2024-09-16 11:38:00+00:00,CMCT,2.0,2.0,2.013000011444092,2.0,2.009999990463257,2381.0
2024-09-16 11:38:00+00:00,DHC,3.565000057220459,3.565000057220459,3.565000057220459,3.559999942779541,3.559999942779541,312.0
2024-09-16 11:38:00+00:00,EQIX,875.7100219726562,875.7100219726562,875.7100219726562,874.97998046875,875.7100219726562,2167.0
2024-09-16 11:38:00+00:00,GLPI,51.58000183105469,51.58000183105469,51.58000183105469,51.58000183105469,51.58000183105469,1085.0
2024-09-16 11:38:00+00:00,HST,17.475000381469727,17.475000381469727,17.479999542236328,17.475000381469727,17.475000381469727,1610.0
2024-09-16 11:38:00+00:00,LSEA,12.647000312805176,12.647000312805176,12.6899995803833,12.59000015258789,12.6899995803833,3479.0
2024-09-16 11:38:00+00:00,NYMT,6.625,6.625,6.625,6.625,6.625,832.0
2024-09-16 11:38:00+00:00,OPEN,2.130000114440918,2.130000114440918,2.140000104904175,2.130000114440918,2.134000062942505,37049.0
2024-09-16 11:38:00+00:00,OPI,2.2149999141693115,2.2149999141693115,2.2149999141693115,2.2149999141693115,2.2149999141693115,192.0
2024-09-16 11:38:00+00:00,PECO,38.845001220703125,38.845001220703125,38.845001220703125,38.845001220703125,38.845001220703125,251.0
2024-09-16 11:38:00+00:00,RDFN,13.65999984741211,13.65999984741211,13.680000305175781,13.649999618530273,13.65999984741211,27570.0
2024-09-16 11:38:00+00:00,REG,74.6050033569336,74.6050033569336,74.61000061035156,74.58999633789062,74.58999633789062,1116.0
2024-09-16 11:38:00+00:00,SBAC,245.5850067138672,245.5850067138672,245.63999938964844,245.5850067138672,245.63999938964844,214.0
2024-09-16 11:38:00+00:00,SBRA,18.5049991607666,18.5049991607666,18.510000228881836,18.500099182128906,18.510000228881836,7384.0
2024-09-16 11:38:00+00:00,SOHO,1.2400000095367432,1.2400000095367432,1.2400000095367432,1.2400000095367432,1.2400000095367432,848.0
2024-09-16 11:38:00+00:00,SVC,4.534999847412109,4.534999847412109,4.534999847412109,4.534999847412109,4.534999847412109,241.0
2024-09-16 11:38:00+00:00,UNIT,5.329999923706055,5.329999923706055,5.329999923706055,5.320000171661377,5.324999809265137,4746.0
2024-09-16 11:38:00+00:00,WHLR,7.199999809265137,7.199999809265137,7.224999904632568,7.150000095367432,7.150000095367432,6970.0
2024-09-16 11:39:00+00:00,AGNC,10.454999923706055,10.454999923706055,10.460000038146973,10.449999809265137,10.449999809265137,14972.0
2024-09-16 11:39:00+00:00,AGNCL,24.200000762939453,24.200000762939453,24.200000762939453,24.200000762939453,24.200000762939453,668.0
2024-09-16 11:39:00+00:00,AGNCN,25.8700008392334,25.8700008392334,25.8700008392334,25.8700008392334,25.8700008392334,1201.0
2024-09-16 11:39:00+00:00,CHCI,8.666500091552734,8.666500091552734,8.666500091552734,8.666500091552734,8.666500091552734,290.0
2024-09-16 11:39:00+00:00,CMCT,1.9701000452041626,1.9701000452041626,1.9701000452041626,1.9701000452041626,1.9701000452041626,506.0
2024-09-16 11:39:00+00:00,CSGP,78.68000030517578,78.68000030517578,78.68000030517578,78.68000030517578,78.68000030517578,1930.0
2024-09-16 11:39:00+00:00,DHC,3.565000057220459,3.565000057220459,3.565000057220459,3.565000057220459,3.565000057220459,356.0
2024-09-16 11:39:00+00:00,GLPI,51.599998474121094,51.599998474121094,51.60499954223633,51.599998474121094,51.599998474121094,2332.0
2024-09-16 11:39:00+00:00,HST,17.475000381469727,17.475000381469727,17.479999542236328,17.475000381469727,17.475000381469727,4657.0
2024-09-16 11:39:00+00:00,ILPT,5.054999828338623,5.054999828338623,5.054999828338623,5.054999828338623,5.054999828338623,253.0
2024-09-16 11:39:00+00:00,LSEA,12.65999984741211,12.65999984741211,12.65999984741211,12.65999984741211,12.65999984741211,318.0
2024-09-16 11:39:00+00:00,OPEN,2.130000114440918,2.130000114440918,2.140000104904175,2.130000114440918,2.134999990463257,25916.0
2024-09-16 11:39:00+00:00,PECO,38.85499954223633,38.85499954223633,38.869998931884766,38.85499954223633,38.869998931884766,306.0
2024-09-16 11:39:00+00:00,RDFN,13.680000305175781,13.680000305175781,13.6899995803833,13.590100288391113,13.650099754333496,65699.0
2024-09-16 11:39:00+00:00,REG,74.5999984741211,74.5999984741211,74.61000061035156,74.5999984741211,74.61000061035156,1081.0
2024-09-16 11:39:00+00:00,ROIC,16.030000686645508,16.030000686645508,16.030000686645508,16.030000686645508,16.030000686645508,319.0
2024-09-16 11:39:00+00:00,SBAC,245.56500244140625,245.56500244140625,245.6699981689453,245.4949951171875,245.5850067138672,1717.0
2024-09-16 11:39:00+00:00,SBRA,18.514999389648438,18.514999389648438,18.520000457763672,18.510000228881836,18.510000228881836,4505.0
2024-09-16 11:39:00+00:00,SOHO,1.2350000143051147,1.2350000143051147,1.2350000143051147,1.2350000143051147,1.2350000143051147,0.0
2024-09-16 11:39:00+00:00,UNIT,5.335000038146973,5.335000038146973,5.340000152587891,5.324999809265137,5.324999809265137,22635.0
2024-09-16 11:39:00+00:00,WHLR,7.125,7.125,7.199999809265137,7.059999942779541,7.199999809265137,24184.0
2024-09-16 11:40:00+00:00,AFCG,10.414999961853027,10.414999961853027,10.414999961853027,10.414999961853027,10.414999961853027,327.0
2024-09-16 11:40:00+00:00,AGNC,10.454999923706055,10.454999923706055,10.460000038146973,10.454500198364258,10.454999923706055,15078.0
2024-09-16 11:40:00+00:00,CSGP,78.69999694824219,78.69999694824219,78.69999694824219,78.68000030517578,78.68000030517578,846.0
2024-09-16 11:40:00+00:00,DHC,3.565000057220459,3.565000057220459,3.565000057220459,3.565000057220459,3.565000057220459,152.0
2024-09-16 11:40:00+00:00,EQIX,876.0700073242188,876.0700073242188,876.0700073242188,876.0700073242188,876.0700073242188,721.0
2024-09-16 11:40:00+00:00,HST,17.489999771118164,17.489999771118164,17.489999771118164,17.475000381469727,17.475000381469727,5952.0
2024-09-16 11:40:00+00:00,OPEN,2.1449999809265137,2.1449999809265137,2.1500000953674316,2.134000062942505,2.134000062942505,158989.0
2024-09-16 11:40:00+00:00,PCH,45.35499954223633,45.35499954223633,45.35499954223633,45.35499954223633,45.35499954223633,1352.0
2024-09-16 11:40:00+00:00,PECO,38.85499954223633,38.85499954223633,38.85499954223633,38.85499954223633,38.85499954223633,414.0
2024-09-16 11:40:00+00:00,RDFN,13.680000305175781,13.680000305175781,13.680000305175781,13.640000343322754,13.680000305175781,22168.0
2024-09-16 11:40:00+00:00,REG,74.62000274658203,74.62000274658203,74.62000274658203,74.62000274658203,74.62000274658203,453.0
2024-09-16 11:40:00+00:00,ROIC,16.030000686645508,16.030000686645508,16.030000686645508,16.030000686645508,16.030000686645508,300.0
2024-09-16 11:40:00+00:00,SBAC,245.77749633789062,245.77749633789062,245.80999755859375,245.58999633789062,245.58999633789062,1791.0
2024-09-16 11:40:00+00:00,UNIT,5.335000038146973,5.335000038146973,5.340000152587891,5.335000038146973,5.340000152587891,1911.0
2024-09-16 11:40:00+00:00,WHLR,7.260000228881836,7.260000228881836,7.309999942779541,7.130000114440918,7.130000114440918,17546.0
2024-09-16 11:41:00+00:00,AGNC,10.454999923706055,10.454999923706055,10.45989990234375,10.454999923706055,10.454999923706055,13015.0
2024-09-16 11:41:00+00:00,AGNCN,25.969999313354492,25.969999313354492,25.969999313354492,25.969999313354492,25.969999313354492,8251.0
2024-09-16 11:41:00+00:00,AGNCO,25.190000534057617,25.190000534057617,25.190000534057617,25.190000534057617,25.190000534057617,1405.0
2024-09-16 11:41:00+00:00,CSGP,78.75,78.75,78.75499725341797,78.75,78.75499725341797,1659.0
2024-09-16 11:41:00+00:00,DHC,3.565000057220459,3.565000057220459,3.565000057220459,3.565000057220459,3.565000057220459,310.0
2024-09-16 11:41:00+00:00,EXPI,14.479999542236328,14.479999542236328,14.479999542236328,14.475000381469727,14.475000381469727,6847.0
2024-09-16 11:41:00+00:00,GLPI,51.619998931884766,51.619998931884766,51.619998931884766,51.5989990234375,51.5989990234375,2831.0
2024-09-16 11:41:00+00:00,HST,17.4950008392334,17.4950008392334,17.5049991607666,17.4950008392334,17.4950008392334,13658.0
2024-09-16 11:41:00+00:00,NYMT,6.625,6.625,6.625,6.625,6.625,253.0
2024-09-16 11:41:00+00:00,OPEN,2.1449999809265137,2.1449999809265137,2.1459999084472656,2.1401000022888184,2.1401000022888184,27968.0
2024-09-16 11:41:00+00:00,OPI,2.2149999141693115,2.2149999141693115,2.2149999141693115,2.2149999141693115,2.2149999141693115,427.0
2024-09-16 11:41:00+00:00,RDFN,13.611700057983398,13.611700057983398,13.630000114440918,13.611700057983398,13.630000114440918,15399.0
2024-09-16 11:41:00+00:00,REAX,5.769999980926514,5.769999980926514,5.769999980926514,5.769999980926514,5.769999980926514,176.0
2024-09-16 11:41:00+00:00,REG,74.61499786376953,74.61499786376953,74.625,74.61499786376953,74.625,2765.0
2024-09-16 11:41:00+00:00,ROIC,16.03499984741211,16.03499984741211,16.03499984741211,16.03499984741211,16.03499984741211,369.0
2024-09-16 11:41:00+00:00,SBAC,245.80999755859375,245.80999755859375,245.80999755859375,245.80999755859375,245.80999755859375,188.0
2024-09-16 11:41:00+00:00,SBRA,18.4950008392334,18.4950008392334,18.4950008392334,18.4950008392334,18.4950008392334,13735.0
2024-09-16 11:41:00+00:00,SOHO,1.2400000095367432,1.2400000095367432,1.2400000095367432,1.2400000095367432,1.2400000095367432,500.0
2024-09-16 11:41:00+00:00,SVC,4.534999847412109,4.534999847412109,4.534999847412109,4.534999847412109,4.534999847412109,1169.0
2024-09-16 11:41:00+00:00,UNIT,5.324999809265137,5.324999809265137,5.335000038146973,5.324999809265137,5.335000038146973,9926.0
2024-09-16 11:41:00+00:00,WHLR,7.559899806976318,7.559899806976318,7.559999942779541,7.389999866485596,7.399499893188477,71787.0
2024-09-16 11:42:00+00:00,AGNC,10.454999923706055,10.454999923706055,10.460000038146973,10.454999923706055,10.460000038146973,5847.0
2024-09-16 11:42:00+00:00,CSGP,78.75,78.75,78.75,78.75,78.75,397.0
2024-09-16 11:42:00+00:00,EXPI,14.5,14.5,14.5,14.479999542236328,14.479999542236328,1761.0
2024-09-16 11:42:00+00:00,GLPI,51.6150016784668,51.6150016784668,51.619998931884766,51.6150016784668,51.619998931884766,660.0
2024-09-16 11:42:00+00:00,HST,17.485000610351562,17.485000610351562,17.4950008392334,17.485000610351562,17.4950008392334,3535.0
2024-09-16 11:42:00+00:00,ILPT,5.054999828338623,5.054999828338623,5.054999828338623,5.054999828338623,5.054999828338623,133.0
2024-09-16 11:42:00+00:00,LAMR,129.66000366210938,129.66000366210938,129.66000366210938,129.66000366210938,129.66000366210938,1430.0
2024-09-16 11:42:00+00:00,LAND,14.60200023651123,14.60200023651123,14.60200023651123,14.60200023651123,14.60200023651123,686.0
2024-09-16 11:42:00+00:00,LSEA,12.6899995803833,12.6899995803833,12.6899995803833,12.6899995803833,12.6899995803833,210.0
2024-09-16 11:42:00+00:00,NMRK,14.949999809265137,14.949999809265137,14.949999809265137,14.944999694824219,14.944999694824219,4097.0
2024-09-16 11:42:00+00:00,OPEN,2.139699935913086,2.139699935913086,2.140000104904175,2.130000114440918,2.140000104904175,173210.0
2024-09-16 11:42:00+00:00,PECO,38.85499954223633,38.85499954223633,38.85499954223633,38.85499954223633,38.85499954223633,528.0
2024-09-16 11:42:00+00:00,RDFN,13.645000457763672,13.645000457763672,13.649999618530273,13.5600004196167,13.614899635314941,50126.0
2024-09-16 11:42:00+00:00,REG,74.61000061035156,74.61000061035156,74.61000061035156,74.61000061035156,74.61000061035156,230.0
2024-09-16 11:42:00+00:00,ROIC,16.040000915527344,16.040000915527344,16.040000915527344,16.040000915527344,16.040000915527344,222.0
2024-09-16 11:42:00+00:00,SBAC,245.8300018310547,245.8300018310547,245.8300018310547,245.7550048828125,245.80999755859375,386.0
2024-09-16 11:42:00+00:00,SBRA,18.5049991607666,18.5049991607666,18.510000228881836,18.5,18.5,7726.0
2024-09-16 11:42:00+00:00,UNIT,5.329999923706055,5.329999923706055,5.329999923706055,5.324999809265137,5.324999809265137,6228.0
2024-09-16 11:42:00+00:00,WHLR,7.489999771118164,7.489999771118164,7.599999904632568,7.460000038146973,7.579500198364258,66935.0
2024-09-16 11:43:00+00:00,AGNC,10.460000038146973,10.460000038146973,10.460000038146973,10.454999923706055,10.460000038146973,9991.0
2024-09-16 11:43:00+00:00,BPYPO,14.1899995803833,14.1899995803833,14.1899995803833,14.1899995803833,14.1899995803833,1870.0
2024-09-16 11:43:00+00:00,CSGP,78.79000091552734,78.79000091552734,78.79000091552734,78.76000213623047,78.76000213623047,644.0
2024-09-16 11:43:00+00:00,DHC,3.565000057220459,3.565000057220459,3.565000057220459,3.565000057220459,3.565000057220459,480.0
2024-09-16 11:43:00+00:00,DUO,0.4269999861717224,0.4269999861717224,0.4269999861717224,0.4269999861717224,0.4269999861717224,6109.0
2024-09-16 11:43:00+00:00,EXPI,14.510000228881836,14.510000228881836,14.510000228881836,14.510000228881836,14.510000228881836,531.0
2024-09-16 11:43:00+00:00,GLPI,51.6150016784668,51.6150016784668,51.619998931884766,51.6150016784668,51.619998931884766,900.0
2024-09-16 11:43:00+00:00,GOOD,16.06999969482422,16.06999969482422,16.079999923706055,16.06999969482422,16.079999923706055,3290.0
2024-09-16 11:43:00+00:00,HST,17.520000457763672,17.520000457763672,17.520000457763672,17.485000610351562,17.485000610351562,20499.0
2024-09-16 11:43:00+00:00,ILPT,5.054999828338623,5.054999828338623,5.054999828338623,5.054999828338623,5.054999828338623,219.0
2024-09-16 11:43:00+00:00,LSEA,12.6899995803833,12.6899995803833,12.6899995803833,12.6899995803833,12.6899995803833,350.0
2024-09-16 11:43:00+00:00,NYMT,6.625,6.625,6.625,6.625,6.625,552.0
2024-09-16 11:43:00+00:00,NYMTZ,20.799999237060547,20.799999237060547,20.799999237060547,20.770000457763672,20.770000457763672,853.0
2024-09-16 11:43:00+00:00,OPEN,2.1449999809265137,2.1449999809265137,2.149899959564209,2.139899969100952,2.139899969100952,90737.0
2024-09-16 11:43:00+00:00,OPI,2.2149999141693115,2.2149999141693115,2.2149999141693115,2.2149999141693115,2.2149999141693115,614.0
2024-09-16 11:43:00+00:00,PECO,38.8849983215332,38.8849983215332,38.8849983215332,38.86000061035156,38.869998931884766,2787.0
2024-09-16 11:43:00+00:00,RDFN,13.680000305175781,13.680000305175781,13.6899995803833,13.642200469970703,13.649999618530273,15390.0
2024-09-16 11:43:00+00:00,REAX,5.7600998878479,5.7600998878479,5.7600998878479,5.7600998878479,5.7600998878479,1201.0
2024-09-16 11:43:00+00:00,REG,74.62000274658203,74.62000274658203,74.62000274658203,74.62000274658203,74.62000274658203,1089.0
2024-09-16 11:43:00+00:00,ROIC,16.03499984741211,16.03499984741211,16.03499984741211,16.03499984741211,16.03499984741211,193.0
2024-09-16 11:43:00+00:00,SBAC,245.76499938964844,245.76499938964844,245.76499938964844,245.76499938964844,245.76499938964844,240.0
2024-09-16 11:43:00+00:00,SELF,5.215000152587891,5.215000152587891,5.215000152587891,5.215000152587891,5.215000152587891,2012.0
2024-09-16 11:43:00+00:00,SVC,4.53000020980835,4.53000020980835,4.534999847412109,4.53000020980835,4.534999847412109,1804.0
2024-09-16 11:43:00+00:00,UNIT,5.324999809265137,5.324999809265137,5.324999809265137,5.324999809265137,5.324999809265137,1409.0
2024-09-16 11:43:00+00:00,WHLR,7.4899001121521,7.4899001121521,7.5,7.369999885559082,7.46999979019165,16725.0
2024-09-16 11:44:00+00:00,AGNC,10.460000038146973,10.460000038146973,10.465999603271484,10.454999923706055,10.454999923706055,187281.0
2024-09-16 11:44:00+00:00,AGNCO,25.190000534057617,25.190000534057617,25.190000534057617,25.190000534057617,25.190000534057617,400.0
2024-09-16 11:44:00+00:00,CSGP,78.77999877929688,78.77999877929688,78.77999877929688,78.77999877929688,78.77999877929688,490.0
2024-09-16 11:44:00+00:00,DUO,0.427700012922287,0.427700012922287,0.427700012922287,0.4269999861717224,0.4269999861717224,1988.0
2024-09-16 11:44:00+00:00,EQIX,876.4500122070312,876.4500122070312,876.4500122070312,876.4500122070312,876.4500122070312,1222.0
2024-09-16 11:44:00+00:00,EXPI,14.550000190734863,14.550000190734863,14.550000190734863,14.550000190734863,14.550000190734863,542.0
2024-09-16 11:44:00+00:00,GLPI,51.61000061035156,51.61000061035156,51.619998931884766,51.61000061035156,51.619998931884766,2175.0
2024-09-16 11:44:00+00:00,HST,17.514999389648438,17.514999389648438,17.514999389648438,17.514999389648438,17.514999389648438,406.0
2024-09-16 11:44:00+00:00,NYMT,6.625,6.625,6.625,6.625,6.625,493.0
2024-09-16 11:44:00+00:00,OPEN,2.1431000232696533,2.1431000232696533,2.145699977874756,2.140000104904175,2.1401000022888184,87644.0
2024-09-16 11:44:00+00:00,PECO,38.84000015258789,38.84000015258789,38.8849983215332,38.84000015258789,38.8849983215332,1214.0
2024-09-16 11:44:00+00:00,RDFN,13.619999885559082,13.619999885559082,13.65999984741211,13.609999656677246,13.65999984741211,17151.0
2024-09-16 11:44:00+00:00,ROIC,16.03580093383789,16.03580093383789,16.03580093383789,16.03580093383789,16.03580093383789,1106.0
2024-09-16 11:44:00+00:00,SBAC,245.7550048828125,245.7550048828125,245.7550048828125,245.7550048828125,245.7550048828125,174.0
2024-09-16 11:44:00+00:00,SBRA,18.510000228881836,18.510000228881836,18.510000228881836,18.510000228881836,18.510000228881836,354.0
2024-09-16 11:44:00+00:00,UNIT,5.320000171661377,5.320000171661377,5.324999809265137,5.320000171661377,5.324999809265137,4818.0
2024-09-16 11:44:00+00:00,WHLR,7.429999828338623,7.429999828338623,7.5,7.409999847412109,7.480000019073486,15676.0
2024-09-16 11:45:00+00:00,AGNC,10.460000038146973,10.460000038146973,10.465499877929688,10.460000038146973,10.460000038146973,4232.0
2024-09-16 11:45:00+00:00,AGNCO,25.190000534057617,25.190000534057617,25.190000534057617,25.190000534057617,25.190000534057617,500.0
2024-09-16 11:45:00+00:00,CSGP,78.72000122070312,78.72000122070312,78.76000213623047,78.72000122070312,78.76000213623047,1311.0
2024-09-16 11:45:00+00:00,DUO,0.4230000078678131,0.4230000078678131,0.4230000078678131,0.4230000078678131,0.4230000078678131,2401.0
2024-09-16 11:45:00+00:00,EXPI,14.529999732971191,14.529999732971191,14.539999961853027,14.529999732971191,14.539999961853027,1834.0
2024-09-16 11:45:00+00:00,GLPI,51.61000061035156,51.61000061035156,51.61000061035156,51.61000061035156,51.61000061035156,820.0
2024-09-16 11:45:00+00:00,HST,17.514999389648438,17.514999389648438,17.520000457763672,17.510000228881836,17.514999389648438,2797.0
2024-09-16 11:45:00+00:00,ILPT,5.039999961853027,5.039999961853027,5.050000190734863,5.039999961853027,5.050000190734863,2560.0
2024-09-16 11:45:00+00:00,LAND,14.600000381469727,14.600000381469727,14.600000381469727,14.600000381469727,14.600000381469727,429.0
2024-09-16 11:45:00+00:00,LSEA,12.670000076293945,12.670000076293945,12.670000076293945,12.670000076293945,12.670000076293945,295.0
2024-09-16 11:45:00+00:00,NMRK,14.949999809265137,14.949999809265137,14.949999809265137,14.949999809265137,14.949999809265137,1006.0
2024-09-16 11:45:00+00:00,NYMTZ,20.799999237060547,20.799999237060547,20.799999237060547,20.799999237060547,20.799999237060547,315.0
2024-09-16 11:45:00+00:00,OPEN,2.138000011444092,2.138000011444092,2.1454999446868896,2.130000114440918,2.140399932861328,143037.0
2024-09-16 11:45:00+00:00,OPI,2.2149999141693115,2.2149999141693115,2.2149999141693115,2.2149999141693115,2.2149999141693115,240.0
2024-09-16 11:45:00+00:00,PCH,45.45500183105469,45.45500183105469,45.45500183105469,45.349998474121094,45.349998474121094,3187.0
2024-09-16 11:45:00+00:00,PECO,38.834999084472656,38.834999084472656,38.834999084472656,38.834999084472656,38.834999084472656,249.0
2024-09-16 11:45:00+00:00,RDFN,13.630000114440918,13.630000114440918,13.640000343322754,13.607600212097168,13.630000114440918,15406.0
2024-09-16 11:45:00+00:00,REG,74.6050033569336,74.6050033569336,74.6050033569336,74.6050033569336,74.6050033569336,386.0
2024-09-16 11:45:00+00:00,ROIC,16.040000915527344,16.040000915527344,16.040000915527344,16.03499984741211,16.03499984741211,221.0
2024-09-16 11:45:00+00:00,SBAC,245.7899932861328,245.7899932861328,245.7899932861328,245.7899932861328,245.7899932861328,167.0
2024-09-16 11:45:00+00:00,SBRA,18.514999389648438,18.514999389648438,18.520000457763672,18.510000228881836,18.510000228881836,3929.0
2024-09-16 11:45:00+00:00,SVC,4.53000020980835,4.53000020980835,4.53000020980835,4.53000020980835,4.53000020980835,1357.0
2024-09-16 11:45:00+00:00,UNIT,5.304999828338623,5.304999828338623,5.315000057220459,5.304999828338623,5.315000057220459,9997.0
2024-09-16 11:45:00+00:00,WHLR,7.53000020980835,7.53000020980835,7.559999942779541,7.375,7.434999942779541,55694.0
2024-09-16 11:46:00+00:00,AGNC,10.46500015258789,10.46500015258789,10.470000267028809,10.460000038146973,10.460000038146973,8421.0
2024-09-16 11:46:00+00:00,AGNCO,25.190000534057617,25.190000534057617,25.190000534057617,25.190000534057617,25.190000534057617,100.0
2024-09-16 11:46:00+00:00,CSGP,78.73500061035156,78.73500061035156,78.73500061035156,78.73500061035156,78.73500061035156,279.0
2024-09-16 11:46:00+00:00,DUO,0.4262000024318695,0.4262000024318695,0.4262000024318695,0.4262000024318695,0.4262000024318695,1187.0
2024-09-16 11:46:00+00:00,FRPH,29.520000457763672,29.520000457763672,29.520000457763672,29.520000457763672,29.520000457763672,122.0
2024-09-16 11:46:00+00:00,GLPI,51.66999816894531,51.66999816894531,51.66999816894531,51.61000061035156,51.61000061035156,15360.0
2024-09-16 11:46:00+00:00,HST,17.489999771118164,17.489999771118164,17.514999389648438,17.479999542236328,17.514999389648438,15090.0
2024-09-16 11:46:00+00:00,ILPT,5.045000076293945,5.045000076293945,5.045000076293945,5.045000076293945,5.045000076293945,220.0
2024-09-16 11:46:00+00:00,LANDO,22.36989974975586,22.36989974975586,22.36989974975586,22.36989974975586,22.36989974975586,1339.0
2024-09-16 11:46:00+00:00,NMRK,14.949999809265137,14.949999809265137,14.949999809265137,14.949999809265137,14.949999809265137,377.0
2024-09-16 11:46:00+00:00,OPEN,2.1449999809265137,2.1449999809265137,2.1500000953674316,2.130000114440918,2.1301000118255615,192825.0
2024-09-16 11:46:00+00:00,OPI,2.2100000381469727,2.2100000381469727,2.2100000381469727,2.2100000381469727,2.2100000381469727,117.0
2024-09-16 11:46:00+00:00,PECO,38.85499954223633,38.85499954223633,38.85499954223633,38.82500076293945,38.82500076293945,1467.0
2024-09-16 11:46:00+00:00,RDFN,13.604999542236328,13.604999542236328,13.630000114440918,13.604999542236328,13.630000114440918,13543.0
2024-09-16 11:46:00+00:00,REG,74.62000274658203,74.62000274658203,74.62000274658203,74.6050033569336,74.6050033569336,1997.0
2024-09-16 11:46:00+00:00,RMR,25.125,25.125,25.125,25.125,25.125,182.0
2024-09-16 11:46:00+00:00,ROIC,16.03499984741211,16.03499984741211,16.03499984741211,16.03499984741211,16.03499984741211,1189.0
2024-09-16 11:46:00+00:00,SBAC,245.82000732421875,245.82000732421875,245.8300018310547,245.82000732421875,245.8300018310547,609.0
2024-09-16 11:46:00+00:00,SBRA,18.524999618530273,18.524999618530273,18.530000686645508,18.514999389648438,18.514999389648438,3591.0
2024-09-16 11:46:00+00:00,SVC,4.53000020980835,4.53000020980835,4.53000020980835,4.53000020980835,4.53000020980835,263.0
2024-09-16 11:46:00+00:00,UK,1.3880000114440918,1.3880000114440918,1.3880000114440918,1.3880000114440918,1.3880000114440918,243.0
2024-09-16 11:46:00+00:00,UNIT,5.304999828338623,5.304999828338623,5.309999942779541,5.304999828338623,5.309999942779541,3150.0
2024-09-16 11:46:00+00:00,WHLR,7.370100021362305,7.370100021362305,7.539999961853027,7.370100021362305,7.539999961853027,44632.0
2024-09-16 11:47:00+00:00,AFCG,10.430000305175781,10.430000305175781,10.430000305175781,10.430000305175781,10.430000305175781,602.0
2024-09-16 11:47:00+00:00,AGNC,10.46500015258789,10.46500015258789,10.470000267028809,10.460000038146973,10.46500015258789,34319.0
2024-09-16 11:47:00+00:00,AGNCO,25.190000534057617,25.190000534057617,25.190000534057617,25.190000534057617,25.190000534057617,333.0
2024-09-16 11:47:00+00:00,CSGP,78.72270202636719,78.72270202636719,78.72270202636719,78.72270202636719,78.72270202636719,153.0
2024-09-16 11:47:00+00:00,DHC,3.565000057220459,3.565000057220459,3.565000057220459,3.565000057220459,3.565000057220459,431.0
2024-09-16 11:47:00+00:00,EXPI,14.520000457763672,14.520000457763672,14.533100128173828,14.520000457763672,14.533100128173828,2788.0
2024-09-16 11:47:00+00:00,GLPI,51.66999816894531,51.66999816894531,51.67499923706055,51.66999816894531,51.66999816894531,1089.0
2024-09-16 11:47:00+00:00,HST,17.469999313354492,17.469999313354492,17.485000610351562,17.459999084472656,17.485000610351562,10498.0
2024-09-16 11:47:00+00:00,LAND,14.600000381469727,14.600000381469727,14.600000381469727,14.600000381469727,14.600000381469727,793.0
2024-09-16 11:47:00+00:00,LSEA,12.664999961853027,12.664999961853027,12.664999961853027,12.664999961853027,12.664999961853027,212.0
2024-09-16 11:47:00+00:00,OPEN,2.1401000022888184,2.1401000022888184,2.149899959564209,2.1401000022888184,2.1454999446868896,46075.0
2024-09-16 11:47:00+00:00,OPI,2.2149999141693115,2.2149999141693115,2.2149999141693115,2.2149999141693115,2.2149999141693115,200.0
2024-09-16 11:47:00+00:00,PCH,45.52000045776367,45.52000045776367,45.52000045776367,45.52000045776367,45.52000045776367,313.0
2024-09-16 11:47:00+00:00,RDFN,13.595000267028809,13.595000267028809,13.619999885559082,13.59000015258789,13.604999542236328,25674.0
2024-09-16 11:47:00+00:00,RMR,25.190000534057617,25.190000534057617,25.190000534057617,25.15999984741211,25.15999984741211,916.0
2024-09-16 11:47:00+00:00,ROIC,16.045000076293945,16.045000076293945,16.045000076293945,16.040000915527344,16.040000915527344,2112.0
2024-09-16 11:47:00+00:00,SBAC,245.90499877929688,245.90499877929688,245.9199981689453,245.77999877929688,245.77999877929688,2424.0
2024-09-16 11:47:00+00:00,SBRA,18.514999389648438,18.514999389648438,18.530000686645508,18.514999389648438,18.530000686645508,11459.0
2024-09-16 11:47:00+00:00,SEVN,13.90999984741211,13.90999984741211,13.90999984741211,13.880000114440918,13.895000457763672,1224.0
2024-09-16 11:47:00+00:00,SVC,4.534999847412109,4.534999847412109,4.534999847412109,4.53000020980835,4.53000020980835,911.0
2024-09-16 11:47:00+00:00,UNIT,5.300000190734863,5.300000190734863,5.304999828338623,5.300000190734863,5.304999828338623,762.0
2024-09-16 11:47:00+00:00,WHLR,7.269000053405762,7.269000053405762,7.427700042724609,7.150000095367432,7.39769983291626,38785.0
2024-09-16 11:48:00+00:00,AEI,1.090000033378601,1.090000033378601,1.090000033378601,1.090000033378601,1.090000033378601,797.0
2024-09-16 11:48:00+00:00,AFCG,10.430000305175781,10.430000305175781,10.430000305175781,10.430000305175781,10.430000305175781,482.0
2024-09-16 11:48:00+00:00,AGNC,10.46500015258789,10.46500015258789,10.470000267028809,10.460000038146973,10.468799591064453,8300.0
2024-09-16 11:48:00+00:00,CSGP,78.73300170898438,78.73300170898438,78.7750015258789,78.73300170898438,78.76000213623047,1349.0
2024-09-16 11:48:00+00:00,EXPI,14.510000228881836,14.510000228881836,14.520000457763672,14.510000228881836,14.520000457763672,1245.0
2024-09-16 11:48:00+00:00,GOOD,16.08099937438965,16.08099937438965,16.087400436401367,16.08099937438965,16.087400436401367,1700.0
2024-09-16 11:48:00+00:00,HST,17.44499969482422,17.44499969482422,17.469999313354492,17.44499969482422,17.469999313354492,15387.0
2024-09-16 11:48:00+00:00,LSEA,12.6899995803833,12.6899995803833,12.6899995803833,12.6899995803833,12.6899995803833,355.0
2024-09-16 11:48:00+00:00,NMRK,14.954999923706055,14.954999923706055,14.954999923706055,14.954999923706055,14.954999923706055,101.0
2024-09-16 11:48:00+00:00,OPEN,2.140000104904175,2.140000104904175,2.149899959564209,2.130000114440918,2.1401000022888184,263571.0
2024-09-16 11:48:00+00:00,OPI,2.2149999141693115,2.2149999141693115,2.2149999141693115,2.2107999324798584,2.2149999141693115,590.0
2024-09-16 11:48:00+00:00,RDFN,13.604999542236328,13.604999542236328,13.609999656677246,13.569999694824219,13.595000267028809,13335.0
2024-09-16 11:48:00+00:00,SBAC,246.0,246.0,246.00999450683594,245.99000549316406,245.99000549316406,2507.0
2024-09-16 11:48:00+00:00,SBRA,18.5049991607666,18.5049991607666,18.514999389648438,18.5049991607666,18.514999389648438,2388.0
2024-09-16 11:48:00+00:00,SEVN,13.88010025024414,13.88010025024414,13.88010025024414,13.88010025024414,13.88010025024414,1636.0
2024-09-16 11:48:00+00:00,SVC,4.525000095367432,4.525000095367432,4.53000020980835,4.519999980926514,4.53000020980835,2525.0
2024-09-16 11:48:00+00:00,UNIT,5.300000190734863,5.300000190734863,5.309999942779541,5.300000190734863,5.304999828338623,2619.0
2024-09-16 11:48:00+00:00,WHLR,7.199999809265137,7.199999809265137,7.304999828338623,7.19379997253418,7.28000020980835,15657.0
2024-09-16 11:49:00+00:00,AGNC,10.46969985961914,10.46969985961914,10.470000267028809,10.460000038146973,10.46500015258789,6749.0
2024-09-16 11:49:00+00:00,AGNCO,25.170000076293945,25.170000076293945,25.170000076293945,25.170000076293945,25.170000076293945,138.0
2024-09-16 11:49:00+00:00,CSGP,78.67500305175781,78.67500305175781,78.73999786376953,78.66999816894531,78.73999786376953,3466.0
2024-09-16 11:49:00+00:00,EXPI,14.494999885559082,14.494999885559082,14.510000228881836,14.479999542236328,14.510000228881836,2514.0
2024-09-16 11:49:00+00:00,GLPI,51.650001525878906,51.650001525878906,51.665000915527344,51.650001525878906,51.665000915527344,2077.0
2024-09-16 11:49:00+00:00,GOOD,16.06999969482422,16.06999969482422,16.06999969482422,16.06999969482422,16.06999969482422,1026.0
2024-09-16 11:49:00+00:00,HST,17.434999465942383,17.434999465942383,17.44499969482422,17.43000030517578,17.44499969482422,4443.0
2024-09-16 11:49:00+00:00,LAMR,130.04600524902344,130.04600524902344,130.04600524902344,129.9149932861328,129.9149932861328,745.0
2024-09-16 11:49:00+00:00,NMRK,14.954999923706055,14.954999923706055,14.95989990234375,14.954999923706055,14.95989990234375,545.0
2024-09-16 11:49:00+00:00,NYMT,6.630000114440918,6.630000114440918,6.630000114440918,6.630000114440918,6.630000114440918,345.0
2024-09-16 11:49:00+00:00,OPEN,2.1484999656677246,2.1484999656677246,2.149899959564209,2.130000114440918,2.134999990463257,226323.0
2024-09-16 11:49:00+00:00,PCH,45.54499816894531,45.54499816894531,45.54499816894531,45.54499816894531,45.54499816894531,229.0
2024-09-16 11:49:00+00:00,PECO,38.8650016784668,38.8650016784668,38.8650016784668,38.8650016784668,38.8650016784668,282.0
2024-09-16 11:49:00+00:00,RDFN,13.604999542236328,13.604999542236328,13.619999885559082,13.593600273132324,13.600600242614746,8339.0
2024-09-16 11:49:00+00:00,REG,74.63999938964844,74.63999938964844,74.63999938964844,74.62999725341797,74.63500213623047,1142.0
2024-09-16 11:49:00+00:00,ROIC,16.049999237060547,16.049999237060547,16.05500030517578,16.049999237060547,16.05500030517578,1193.0
2024-09-16 11:49:00+00:00,SBAC,245.77000427246094,245.77000427246094,245.86000061035156,245.77000427246094,245.83999633789062,2716.0
2024-09-16 11:49:00+00:00,SBRA,18.4950008392334,18.4950008392334,18.5049991607666,18.4950008392334,18.5049991607666,5447.0
2024-09-16 11:49:00+00:00,SVC,4.519999980926514,4.519999980926514,4.519999980926514,4.519999980926514,4.519999980926514,480.0
2024-09-16 11:49:00+00:00,UNIT,5.315000057220459,5.315000057220459,5.315000057220459,5.304999828338623,5.304999828338623,17066.0
2024-09-16 11:49:00+00:00,WHLR,7.275000095367432,7.275000095367432,7.309999942779541,7.25,7.25,7160.0
2024-09-16 11:50:00+00:00,AFCG,10.430000305175781,10.430000305175781,10.430000305175781,10.430000305175781,10.430000305175781,71.0
2024-09-16 11:50:00+00:00,AGNC,10.460000038146973,10.460000038146973,10.465800285339355,10.460000038146973,10.465800285339355,18556.0
2024-09-16 11:50:00+00:00,AGNCP,24.441600799560547,24.441600799560547,24.441600799560547,24.441600799560547,24.441600799560547,7135.0
2024-09-16 11:50:00+00:00,CSGP,78.67500305175781,78.67500305175781,78.67500305175781,78.67500305175781,78.67500305175781,372.0
2024-09-16 11:50:00+00:00,DHC,3.575000047683716,3.575000047683716,3.575000047683716,3.565000057220459,3.565000057220459,4050.0
2024-09-16 11:50:00+00:00,EXPI,14.460000038146973,14.460000038146973,14.460000038146973,14.460000038146973,14.460000038146973,1108.0
2024-09-16 11:50:00+00:00,GLPI,51.65999984741211,51.65999984741211,51.65999984741211,51.650001525878906,51.650001525878906,661.0
2024-09-16 11:50:00+00:00,HST,17.424999237060547,17.424999237060547,17.434999465942383,17.420000076293945,17.434999465942383,8475.0
2024-09-16 11:50:00+00:00,ILPT,5.039999961853027,5.039999961853027,5.045000076293945,5.039999961853027,5.045000076293945,466.0
2024-09-16 11:50:00+00:00,LAMR,129.9149932861328,129.9149932861328,129.9149932861328,129.7899932861328,129.9149932861328,620.0
2024-09-16 11:50:00+00:00,LSEA,12.680000305175781,12.680000305175781,12.680000305175781,12.680000305175781,12.680000305175781,178.0
2024-09-16 11:50:00+00:00,NYMT,6.625,6.625,6.625,6.625,6.625,145.0
2024-09-16 11:50:00+00:00,OPEN,2.140000104904175,2.140000104904175,2.1449999809265137,2.130000114440918,2.1449999809265137,92106.0
2024-09-16 11:50:00+00:00,PCH,45.5099983215332,45.5099983215332,45.5099983215332,45.5099983215332,45.5099983215332,1087.0
2024-09-16 11:50:00+00:00,PECO,38.86000061035156,38.86000061035156,38.86000061035156,38.86000061035156,38.86000061035156,201.0
2024-09-16 11:50:00+00:00,RDFN,13.580499649047852,13.580499649047852,13.609800338745117,13.574999809265137,13.609800338745117,10508.0
2024-09-16 11:50:00+00:00,REG,74.6500015258789,74.6500015258789,74.6500015258789,74.6500015258789,74.6500015258789,1887.0
2024-09-16 11:50:00+00:00,ROIC,16.045000076293945,16.045000076293945,16.045000076293945,16.045000076293945,16.045000076293945,101.0
2024-09-16 11:50:00+00:00,SBAC,246.03500366210938,246.03500366210938,246.03500366210938,245.86500549316406,245.9600067138672,1273.0
2024-09-16 11:50:00+00:00,SBRA,18.5049991607666,18.5049991607666,18.5049991607666,18.489999771118164,18.489999771118164,5849.0
2024-09-16 11:50:00+00:00,SVC,4.525000095367432,4.525000095367432,4.525000095367432,4.525000095367432,4.525000095367432,462.0
2024-09-16 11:50:00+00:00,UK,1.3899999856948853,1.3899999856948853,1.3899999856948853,1.3899999856948853,1.3899999856948853,1900.0
2024-09-16 11:50:00+00:00,UNIT,5.315000057220459,5.315000057220459,5.315000057220459,5.315000057220459,5.315000057220459,1391.0
2024-09-16 11:50:00+00:00,WHLR,7.28000020980835,7.28000020980835,7.3024001121521,7.28000020980835,7.295000076293945,5032.0
2024-09-16 11:51:00+00:00,AFCG,10.430000305175781,10.430000305175781,10.430000305175781,10.430000305175781,10.430000305175781,355.0
2024-09-16 11:51:00+00:00,AGNC,10.469900131225586,10.469900131225586,10.470000267028809,10.460000038146973,10.46500015258789,24046.0
2024-09-16 11:51:00+00:00,CSGP,78.66000366210938,78.66000366210938,78.66000366210938,78.66000366210938,78.66000366210938,670.0
2024-09-16 11:51:00+00:00,EXPI,14.460000038146973,14.460000038146973,14.460000038146973,14.460000038146973,14.460000038146973,538.0
2024-09-16 11:51:00+00:00,GLPI,51.65999984741211,51.65999984741211,51.65999984741211,51.64500045776367,51.64500045776367,2353.0
2024-09-16 11:51:00+00:00,HST,17.424999237060547,17.424999237060547,17.424999237060547,17.420000076293945,17.420000076293945,5096.0
2024-09-16 11:51:00+00:00,ILPT,5.030300140380859,5.030300140380859,5.034999847412109,5.030300140380859,5.034999847412109,834.0
2024-09-16 11:51:00+00:00,NYMT,6.630000114440918,6.630000114440918,6.630000114440918,6.630000114440918,6.630000114440918,290.0
2024-09-16 11:51:00+00:00,OPEN,2.1440999507904053,2.1440999507904053,2.1500000953674316,2.130000114440918,2.140000104904175,278582.0
2024-09-16 11:51:00+00:00,PECO,38.86000061035156,38.86000061035156,38.86000061035156,38.80009841918945,38.86000061035156,6154.0
2024-09-16 11:51:00+00:00,RDFN,13.630000114440918,13.630000114440918,13.630000114440918,13.545000076293945,13.569999694824219,46472.0
2024-09-16 11:51:00+00:00,REAX,5.760000228881836,5.760000228881836,5.760000228881836,5.760000228881836,5.760000228881836,544.0
2024-09-16 11:51:00+00:00,ROIC,16.020000457763672,16.020000457763672,16.040000915527344,16.020000457763672,16.040000915527344,3784.0
2024-09-16 11:51:00+00:00,SBRA,18.510000228881836,18.510000228881836,18.514999389648438,18.510000228881836,18.510000228881836,1646.0
2024-09-16 11:51:00+00:00,SVC,4.519999980926514,4.519999980926514,4.519999980926514,4.519999980926514,4.519999980926514,243.0
2024-09-16 11:51:00+00:00,UNIT,5.315000057220459,5.315000057220459,5.315000057220459,5.309999942779541,5.309999942779541,1513.0
2024-09-16 11:51:00+00:00,WHLR,7.4019999504089355,7.4019999504089355,7.4019999504089355,7.250100135803223,7.250100135803223,15073.0
2024-09-16 11:51:00+00:00,WHLRP,2.25,2.25,2.25,2.25,2.25,0.0
2024-09-16 11:52:00+00:00,AGNC,10.46500015258789,10.46500015258789,10.470000267028809,10.460000038146973,10.46500015258789,40590.0
2024-09-16 11:52:00+00:00,EQIX,876.780029296875,876.780029296875,876.780029296875,876.780029296875,876.780029296875,537.0
2024-09-16 11:52:00+00:00,FTHM,2.9200000762939453,2.9200000762939453,2.9200000762939453,2.9200000762939453,2.9200000762939453,1073.0
2024-09-16 11:52:00+00:00,GLPI,51.650001525878906,51.650001525878906,51.650001525878906,51.650001525878906,51.650001525878906,559.0
2024-09-16 11:52:00+00:00,HST,17.415000915527344,17.415000915527344,17.424999237060547,17.415000915527344,17.424999237060547,27277.0
2024-09-16 11:52:00+00:00,LAMR,129.9149932861328,129.9149932861328,129.9149932861328,129.9149932861328,129.9149932861328,707.0
2024-09-16 11:52:00+00:00,LAND,14.59000015258789,14.59000015258789,14.59000015258789,14.59000015258789,14.59000015258789,111.0
2024-09-16 11:52:00+00:00,NYMTN,22.440000534057617,22.440000534057617,22.440000534057617,22.440000534057617,22.440000534057617,533.0
2024-09-16 11:52:00+00:00,OPEN,2.1449999809265137,2.1449999809265137,2.1500000953674316,2.1401000022888184,2.1449999809265137,18421.0
2024-09-16 11:52:00+00:00,OPI,2.2149999141693115,2.2149999141693115,2.2149999141693115,2.2149999141693115,2.2149999141693115,692.0
2024-09-16 11:52:00+00:00,PECO,38.834999084472656,38.834999084472656,38.834999084472656,38.83000183105469,38.83000183105469,559.0
2024-09-16 11:52:00+00:00,RDFN,13.59000015258789,13.59000015258789,13.62600040435791,13.59000015258789,13.62600040435791,8979.0
2024-09-16 11:52:00+00:00,REG,74.62999725341797,74.62999725341797,74.62999725341797,74.62999725341797,74.62999725341797,731.0
2024-09-16 11:52:00+00:00,SBAC,245.97999572753906,245.97999572753906,245.97999572753906,245.8300018310547,245.8300018310547,1508.0
2024-09-16 11:52:00+00:00,SBRA,18.520000457763672,18.520000457763672,18.520000457763672,18.514999389648438,18.514999389648438,1193.0
2024-09-16 11:52:00+00:00,SVC,4.519999980926514,4.519999980926514,4.519999980926514,4.519999980926514,4.519999980926514,280.0
2024-09-16 11:52:00+00:00,UNIT,5.315000057220459,5.315000057220459,5.315000057220459,5.315000057220459,5.315000057220459,719.0
2024-09-16 11:52:00+00:00,WHLR,7.394999980926514,7.394999980926514,7.409999847412109,7.28000020980835,7.400000095367432,12523.0
2024-09-16 11:53:00+00:00,AFCG,10.430000305175781,10.430000305175781,10.430000305175781,10.430000305175781,10.430000305175781,2147.0
2024-09-16 11:53:00+00:00,AGNC,10.46500015258789,10.46500015258789,10.46500015258789,10.460000038146973,10.460000038146973,4666.0
2024-09-16 11:53:00+00:00,AGNCL,24.200000762939453,24.200000762939453,24.200000762939453,24.200000762939453,24.200000762939453,311.0
2024-09-16 11:53:00+00:00,CSGP,78.69000244140625,78.69000244140625,78.70999908447266,78.6780014038086,78.69999694824219,1502.0
2024-09-16 11:53:00+00:00,EQIX,875.72998046875,875.72998046875,876.9099731445312,875.72998046875,876.9099731445312,1282.0
2024-09-16 11:53:00+00:00,EXPI,14.470000267028809,14.470000267028809,14.470000267028809,14.470000267028809,14.470000267028809,1450.0
2024-09-16 11:53:00+00:00,GLPI,51.68000030517578,51.68000030517578,51.68000030517578,51.65999984741211,51.65999984741211,1059.0
2024-09-16 11:53:00+00:00,GOOD,16.059999465942383,16.059999465942383,16.062999725341797,16.059999465942383,16.062999725341797,516.0
2024-09-16 11:53:00+00:00,HST,17.44499969482422,17.44499969482422,17.450000762939453,17.415000915527344,17.415000915527344,23530.0
2024-09-16 11:53:00+00:00,LSEA,12.675000190734863,12.675000190734863,12.675000190734863,12.675000190734863,12.675000190734863,473.0
2024-09-16 11:53:00+00:00,NMRK,14.920000076293945,14.920000076293945,14.954999923706055,14.90999984741211,14.949999809265137,5417.0
2024-09-16 11:53:00+00:00,NYMT,6.625,6.625,6.625,6.625,6.625,331.0
2024-09-16 11:53:00+00:00,OPEN,2.1449999809265137,2.1449999809265137,2.1500000953674316,2.1445000171661377,2.1449999809265137,8691.0
2024-09-16 11:53:00+00:00,OPI,2.2149999141693115,2.2149999141693115,2.2149999141693115,2.2149999141693115,2.2149999141693115,343.0
2024-09-16 11:53:00+00:00,PCH,45.5099983215332,45.5099983215332,45.5099983215332,45.5099983215332,45.5099983215332,283.0
2024-09-16 11:53:00+00:00,PECO,38.834999084472656,38.834999084472656,38.834999084472656,38.834999084472656,38.834999084472656,451.0
2024-09-16 11:53:00+00:00,RDFN,13.599900245666504,13.599900245666504,13.630000114440918,13.59000015258789,13.600000381469727,8711.0
2024-09-16 11:53:00+00:00,REG,74.66999816894531,74.66999816894531,74.66999816894531,74.63999938964844,74.63999938964844,2174.0
2024-09-16 11:53:00+00:00,ROIC,16.014999389648438,16.014999389648438,16.014999389648438,16.014999389648438,16.014999389648438,221.0
2024-09-16 11:53:00+00:00,SBAC,245.92999267578125,245.92999267578125,245.92999267578125,245.92999267578125,245.92999267578125,1023.0
2024-09-16 11:53:00+00:00,SBRA,18.520000457763672,18.520000457763672,18.520000457763672,18.514999389648438,18.520000457763672,965.0
2024-09-16 11:53:00+00:00,SOHO,1.2350000143051147,1.2350000143051147,1.2350000143051147,1.2350000143051147,1.2350000143051147,1802.0
2024-09-16 11:53:00+00:00,SVC,4.519999980926514,4.519999980926514,4.53000020980835,4.519999980926514,4.519999980926514,4888.0
2024-09-16 11:53:00+00:00,UNIT,5.304999828338623,5.304999828338623,5.315000057220459,5.304999828338623,5.315000057220459,4415.0
2024-09-16 11:53:00+00:00,WHLR,7.360000133514404,7.360000133514404,7.399899959564209,7.352399826049805,7.360000133514404,6893.0
2024-09-16 11:54:00+00:00,AFCG,10.4399995803833,10.4399995803833,10.4399995803833,10.430000305175781,10.430000305175781,170.0
2024-09-16 11:54:00+00:00,AGNC,10.46500015258789,10.46500015258789,10.470000267028809,10.460000038146973,10.46500015258789,12038.0
2024-09-16 11:54:00+00:00,AGNCM,25.34000015258789,25.34000015258789,25.34000015258789,25.34000015258789,25.34000015258789,292.0
2024-09-16 11:54:00+00:00,CIGI,146.75,146.75,146.75,146.75,146.75,276.0
2024-09-16 11:54:00+00:00,CSGP,78.72000122070312,78.72000122070312,78.72000122070312,78.66999816894531,78.66999816894531,8738.0
2024-09-16 11:54:00+00:00,DHC,3.565000057220459,3.565000057220459,3.5799999237060547,3.565000057220459,3.5799999237060547,6391.0
2024-09-16 11:54:00+00:00,EXPI,14.470000267028809,14.470000267028809,14.470000267028809,14.470000267028809,14.470000267028809,531.0
2024-09-16 11:54:00+00:00,GLPI,51.68000030517578,51.68000030517578,51.68000030517578,51.68000030517578,51.68000030517578,581.0
2024-09-16 11:54:00+00:00,GOODN,23.020000457763672,23.020000457763672,23.020000457763672,23.020000457763672,23.020000457763672,108.0
2024-09-16 11:54:00+00:00,HST,17.44499969482422,17.44499969482422,17.450000762939453,17.440000534057617,17.440000534057617,13696.0
2024-09-16 11:54:00+00:00,HTIA,15.898300170898438,15.898300170898438,15.898300170898438,15.898300170898438,15.898300170898438,1405.0
2024-09-16 11:54:00+00:00,ILPT,5.039999961853027,5.039999961853027,5.050000190734863,5.039999961853027,5.039999961853027,2359.0
2024-09-16 11:54:00+00:00,LAMR,129.9149932861328,129.9149932861328,129.9149932861328,129.9149932861328,129.9149932861328,218.0
2024-09-16 11:54:00+00:00,NMRK,14.904000282287598,14.904000282287598,14.920000076293945,14.904000282287598,14.920000076293945,2214.0
2024-09-16 11:54:00+00:00,NYMT,6.630000114440918,6.630000114440918,6.630000114440918,6.630000114440918,6.630000114440918,1353.0
2024-09-16 11:54:00+00:00,OPEN,2.159899950027466,2.159899950027466,2.1600000858306885,2.1449999809265137,2.1500000953674316,138172.0
2024-09-16 11:54:00+00:00,OPI,2.2149999141693115,2.2149999141693115,2.2149999141693115,2.2100000381469727,2.2100000381469727,1160.0
2024-09-16 11:54:00+00:00,PECO,38.81999969482422,38.81999969482422,38.83000183105469,38.81999969482422,38.83000183105469,993.0
2024-09-16 11:54:00+00:00,RDFN,13.635000228881836,13.635000228881836,13.640000343322754,13.595000267028809,13.595000267028809,11325.0
2024-09-16 11:54:00+00:00,REFI,16.024999618530273,16.024999618530273,16.024999618530273,16.024999618530273,16.024999618530273,1015.0
2024-09-16 11:54:00+00:00,ROIC,16.020000457763672,16.020000457763672,16.020000457763672,16.020000457763672,16.020000457763672,413.0
2024-09-16 11:54:00+00:00,SBRA,18.524999618530273,18.524999618530273,18.53499984741211,18.520000457763672,18.520000457763672,4546.0
2024-09-16 11:54:00+00:00,UNIT,5.304999828338623,5.304999828338623,5.309999942779541,5.300000190734863,5.304999828338623,3056.0
2024-09-16 11:54:00+00:00,WHLR,7.440000057220459,7.440000057220459,7.519999980926514,7.400000095367432,7.400000095367432,25899.0
2024-09-16 11:55:00+00:00,AFCG,10.430000305175781,10.430000305175781,10.430000305175781,10.430000305175781,10.430000305175781,102.0
2024-09-16 11:55:00+00:00,AGNC,10.46500015258789,10.46500015258789,10.468400001525879,10.460000038146973,10.46500015258789,20748.0
2024-09-16 11:55:00+00:00,CSGP,78.7300033569336,78.7300033569336,78.7300033569336,78.7300033569336,78.7300033569336,1005.0
2024-09-16 11:55:00+00:00,EQIX,877.864990234375,877.864990234375,877.9299926757812,877.864990234375,877.9299926757812,2964.0
2024-09-16 11:55:00+00:00,EXPI,14.460000038146973,14.460000038146973,14.475000381469727,14.460000038146973,14.475000381469727,2509.0
2024-09-16 11:55:00+00:00,GLPI,51.689998626708984,51.689998626708984,51.689998626708984,51.689998626708984,51.689998626708984,855.0
2024-09-16 11:55:00+00:00,HST,17.459999084472656,17.459999084472656,17.459999084472656,17.440000534057617,17.44499969482422,11886.0
2024-09-16 11:55:00+00:00,ILPT,5.045199871063232,5.045199871063232,5.059999942779541,5.045199871063232,5.050000190734863,5479.0
2024-09-16 11:55:00+00:00,LAMR,130.0,130.0,130.0,130.0,130.0,132.0
2024-09-16 11:55:00+00:00,LAND,14.600000381469727,14.600000381469727,14.600000381469727,14.600000381469727,14.600000381469727,173.0
2024-09-16 11:55:00+00:00,NMRK,14.871700286865234,14.871700286865234,14.899999618530273,14.871700286865234,14.899999618530273,8901.0
2024-09-16 11:55:00+00:00,NYMT,6.639999866485596,6.639999866485596,6.639999866485596,6.639999866485596,6.639999866485596,525.0
2024-09-16 11:55:00+00:00,OPEN,2.1542999744415283,2.1542999744415283,2.1600000858306885,2.150099992752075,2.1545000076293945,62195.0
2024-09-16 11:55:00+00:00,PCH,45.54999923706055,45.54999923706055,45.54999923706055,45.529998779296875,45.529998779296875,1142.0
2024-09-16 11:55:00+00:00,RDFN,13.5600004196167,13.5600004196167,13.65999984741211,13.5600004196167,13.640000343322754,15039.0
2024-09-16 11:55:00+00:00,REG,74.66000366210938,74.66000366210938,74.68000030517578,74.66000366210938,74.68000030517578,903.0
2024-09-16 11:55:00+00:00,ROIC,16.020000457763672,16.020000457763672,16.024999618530273,16.020000457763672,16.024999618530273,2024.0
2024-09-16 11:55:00+00:00,SBAC,246.3000030517578,246.3000030517578,246.3000030517578,246.0800018310547,246.0800018310547,1311.0
2024-09-16 11:55:00+00:00,SBRA,18.524999618530273,18.524999618530273,18.530000686645508,18.524999618530273,18.524999618530273,1491.0
2024-09-16 11:55:00+00:00,SVC,4.525000095367432,4.525000095367432,4.525000095367432,4.519999980926514,4.525000095367432,699.0
2024-09-16 11:55:00+00:00,UNIT,5.304999828338623,5.304999828338623,5.309999942779541,5.304999828338623,5.309899806976318,4104.0
2024-09-16 11:55:00+00:00,WHLR,7.486700057983398,7.486700057983398,7.539999961853027,7.420000076293945,7.46999979019165,25242.0
2024-09-16 11:56:00+00:00,AFCG,10.429900169372559,10.429900169372559,10.430000305175781,10.429900169372559,10.430000305175781,515.0
2024-09-16 11:56:00+00:00,AGNC,10.467599868774414,10.467599868774414,10.470000267028809,10.460000038146973,10.46500015258789,22449.0
2024-09-16 11:56:00+00:00,AGNCL,24.239900588989258,24.239900588989258,24.239900588989258,24.239900588989258,24.239900588989258,2000.0
2024-09-16 11:56:00+00:00,AGNCM,25.299999237060547,25.299999237060547,25.299999237060547,25.299999237060547,25.299999237060547,833.0
2024-09-16 11:56:00+00:00,AGNCO,25.189899444580078,25.189899444580078,25.189899444580078,25.189899444580078,25.189899444580078,1170.0
2024-09-16 11:56:00+00:00,CSGP,78.7300033569336,78.7300033569336,78.7300033569336,78.7300033569336,78.7300033569336,535.0
2024-09-16 11:56:00+00:00,EXPI,14.46500015258789,14.46500015258789,14.46500015258789,14.46500015258789,14.46500015258789,330.0
2024-09-16 11:56:00+00:00,GLPI,51.688899993896484,51.688899993896484,51.688899993896484,51.685001373291016,51.685001373291016,463.0
2024-09-16 11:56:00+00:00,GOOD,16.059999465942383,16.059999465942383,16.059999465942383,16.059999465942383,16.059999465942383,509.0
2024-09-16 11:56:00+00:00,HST,17.46500015258789,17.46500015258789,17.469999313354492,17.44499969482422,17.459999084472656,11348.0
2024-09-16 11:56:00+00:00,ILPT,5.050000190734863,5.050000190734863,5.050000190734863,5.050000190734863,5.050000190734863,708.0
2024-09-16 11:56:00+00:00,LAMR,130.05999755859375,130.05999755859375,130.05999755859375,129.7801055908203,129.7801055908203,1084.0
2024-09-16 11:56:00+00:00,LANDO,22.28499984741211,22.28499984741211,22.28499984741211,22.28499984741211,22.28499984741211,0.0
2024-09-16 11:56:00+00:00,NMRK,14.880000114440918,14.880000114440918,14.885000228881836,14.875,14.875,2945.0
2024-09-16 11:56:00+00:00,NYMT,6.630000114440918,6.630000114440918,6.630000114440918,6.630000114440918,6.630000114440918,331.0
2024-09-16 11:56:00+00:00,OPEN,2.1570000648498535,2.1570000648498535,2.1596999168395996,2.1500000953674316,2.156599998474121,85901.0
2024-09-16 11:56:00+00:00,PCH,45.57500076293945,45.57500076293945,45.57500076293945,45.56999969482422,45.56999969482422,1710.0
2024-09-16 11:56:00+00:00,RDFN,13.580499649047852,13.580499649047852,13.59000015258789,13.555399894714355,13.5600004196167,11128.0
2024-09-16 11:56:00+00:00,REAX,5.769999980926514,5.769999980926514,5.769999980926514,5.769999980926514,5.769999980926514,6584.0
2024-09-16 11:56:00+00:00,REG,74.66500091552734,74.66500091552734,74.66999816894531,74.66500091552734,74.66500091552734,685.0
2024-09-16 11:56:00+00:00,ROIC,16.028400421142578,16.028400421142578,16.028400421142578,16.028400421142578,16.028400421142578,666.0
2024-09-16 11:56:00+00:00,SBAC,246.4600067138672,246.4600067138672,246.4600067138672,246.3000030517578,246.3000030517578,831.0
2024-09-16 11:56:00+00:00,SBRA,18.520000457763672,18.520000457763672,18.540000915527344,18.520000457763672,18.530000686645508,5781.0
2024-09-16 11:56:00+00:00,SVC,4.525000095367432,4.525000095367432,4.525000095367432,4.519999980926514,4.519999980926514,1144.0
2024-09-16 11:56:00+00:00,UNIT,5.32889986038208,5.32889986038208,5.329999923706055,5.300000190734863,5.304999828338623,19658.0
2024-09-16 11:56:00+00:00,WHLR,7.449999809265137,7.449999809265137,7.559999942779541,7.440000057220459,7.499899864196777,36794.0
2024-09-16 11:57:00+00:00,AFCG,10.430000305175781,10.430000305175781,10.430000305175781,10.425000190734863,10.425000190734863,604.0
2024-09-16 11:57:00+00:00,AGNC,10.46500015258789,10.46500015258789,10.470000267028809,10.460000038146973,10.470000267028809,8591.0
2024-09-16 11:57:00+00:00,BPYPN,12.850000381469727,12.850000381469727,12.850000381469727,12.850000381469727,12.850000381469727,26448.0
2024-09-16 11:57:00+00:00,CMCT,1.9701999425888062,1.9701999425888062,1.9701999425888062,1.9701999425888062,1.9701999425888062,1300.0
2024-09-16 11:57:00+00:00,CSGP,78.76000213623047,78.76000213623047,78.76000213623047,78.73999786376953,78.76000213623047,997.0
2024-09-16 11:57:00+00:00,EXPI,14.470000267028809,14.470000267028809,14.470000267028809,14.460100173950195,14.46500015258789,4885.0
2024-09-16 11:57:00+00:00,GLPI,51.689998626708984,51.689998626708984,51.689998626708984,51.685001373291016,51.685001373291016,1456.0
2024-09-16 11:57:00+00:00,HST,17.479999542236328,17.479999542236328,17.479999542236328,17.46500015258789,17.46500015258789,2949.0
2024-09-16 11:57:00+00:00,ILPT,5.050000190734863,5.050000190734863,5.050000190734863,5.050000190734863,5.050000190734863,315.0
2024-09-16 11:57:00+00:00,LAND,14.59000015258789,14.59000015258789,14.59000015258789,14.59000015258789,14.59000015258789,776.0
2024-09-16 11:57:00+00:00,LSEA,12.680000305175781,12.680000305175781,12.680000305175781,12.680000305175781,12.680000305175781,859.0
2024-09-16 11:57:00+00:00,NMRK,14.899999618530273,14.899999618530273,14.899999618530273,14.869999885559082,14.869999885559082,8057.0
2024-09-16 11:57:00+00:00,OPEN,2.1500000953674316,2.1500000953674316,2.1549999713897705,2.1500000953674316,2.153599977493286,72426.0
2024-09-16 11:57:00+00:00,PECO,38.84000015258789,38.84000015258789,38.84000015258789,38.81999969482422,38.81999969482422,1257.0
2024-09-16 11:57:00+00:00,RDFN,13.555000305175781,13.555000305175781,13.585000038146973,13.555000305175781,13.585000038146973,20804.0
2024-09-16 11:57:00+00:00,REG,74.67359924316406,74.67359924316406,74.67359924316406,74.6500015258789,74.6500015258789,1215.0
2024-09-16 11:57:00+00:00,ROIC,16.030000686645508,16.030000686645508,16.030000686645508,16.030000686645508,16.030000686645508,368.0
2024-09-16 11:57:00+00:00,SBAC,246.36000061035156,246.36000061035156,246.36000061035156,246.36000061035156,246.36000061035156,1006.0
2024-09-16 11:57:00+00:00,SBRA,18.530000686645508,18.530000686645508,18.530000686645508,18.524999618530273,18.524999618530273,667.0
2024-09-16 11:57:00+00:00,SVC,4.519999980926514,4.519999980926514,4.519999980926514,4.519999980926514,4.519999980926514,1749.0
2024-09-16 11:57:00+00:00,UNIT,5.329999923706055,5.329999923706055,5.329999923706055,5.324999809265137,5.324999809265137,1841.0
2024-09-16 11:57:00+00:00,WHLR,7.449999809265137,7.449999809265137,7.449999809265137,7.400000095367432,7.447999954223633,12044.0
2024-09-16 11:58:00+00:00,AFCG,10.430000305175781,10.430000305175781,10.430000305175781,10.430000305175781,10.430000305175781,102.0
2024-09-16 11:58:00+00:00,AGNC,10.460000038146973,10.460000038146973,10.470000267028809,10.460000038146973,10.46500015258789,4966.0
2024-09-16 11:58:00+00:00,AGNCL,24.170000076293945,24.170000076293945,24.170000076293945,24.170000076293945,24.170000076293945,1.0
2024-09-16 11:58:00+00:00,CSGP,78.7750015258789,78.7750015258789,78.77999877929688,78.76000213623047,78.76000213623047,970.0
2024-09-16 11:58:00+00:00,EXPI,14.46500015258789,14.46500015258789,14.46500015258789,14.46500015258789,14.46500015258789,400.0
2024-09-16 11:58:00+00:00,GLPI,51.68000030517578,51.68000030517578,51.689998626708984,51.68000030517578,51.689998626708984,1453.0
2024-09-16 11:58:00+00:00,GOOD,16.049999237060547,16.049999237060547,16.049999237060547,16.049999237060547,16.049999237060547,388.0
2024-09-16 11:58:00+00:00,HST,17.479999542236328,17.479999542236328,17.479999542236328,17.475000381469727,17.475000381469727,5029.0
2024-09-16 11:58:00+00:00,ILPT,5.039999961853027,5.039999961853027,5.055500030517578,5.039999961853027,5.054999828338623,8576.0
2024-09-16 11:58:00+00:00,LAMR,130.0800018310547,130.0800018310547,130.1999969482422,130.0800018310547,130.11000061035156,644.0
2024-09-16 11:58:00+00:00,NYMT,6.630000114440918,6.630000114440918,6.639999866485596,6.630000114440918,6.639999866485596,298.0
2024-09-16 11:58:00+00:00,OPEN,2.1542999744415283,2.1542999744415283,2.159899950027466,2.1517999172210693,2.1517999172210693,6980.0
2024-09-16 11:58:00+00:00,PECO,38.83000183105469,38.83000183105469,38.83000183105469,38.83000183105469,38.83000183105469,372.0
2024-09-16 11:58:00+00:00,RDFN,13.556400299072266,13.556400299072266,13.579999923706055,13.545000076293945,13.555399894714355,21461.0
2024-09-16 11:58:00+00:00,REAX,5.769999980926514,5.769999980926514,5.769999980926514,5.769999980926514,5.769999980926514,2579.0
2024-09-16 11:58:00+00:00,REG,74.68000030517578,74.68000030517578,74.68000030517578,74.68000030517578,74.68000030517578,1233.0
2024-09-16 11:58:00+00:00,SBRA,18.530000686645508,18.530000686645508,18.530000686645508,18.529499053955078,18.529499053955078,849.0
2024-09-16 11:58:00+00:00,SOHO,1.2300000190734863,1.2300000190734863,1.2400000095367432,1.2300000190734863,1.2400000095367432,0.0
2024-09-16 11:58:00+00:00,SVC,4.525000095367432,4.525000095367432,4.525000095367432,4.519999980926514,4.519999980926514,3525.0
2024-09-16 11:58:00+00:00,UK,1.3898999691009521,1.3898999691009521,1.3898999691009521,1.3898999691009521,1.3898999691009521,5501.0
2024-09-16 11:58:00+00:00,UNIT,5.324999809265137,5.324999809265137,5.329999923706055,5.324999809265137,5.329999923706055,4524.0
2024-09-16 11:58:00+00:00,WHLR,7.489999771118164,7.489999771118164,7.539999961853027,7.4440999031066895,7.479899883270264,22249.0
2024-09-16 11:59:00+00:00,AGNC,10.46500015258789,10.46500015258789,10.46500015258789,10.460000038146973,10.46500015258789,3356.0
2024-09-16 11:59:00+00:00,BPYPP,14.850000381469727,14.850000381469727,14.850000381469727,14.850000381469727,14.850000381469727,13757.0
2024-09-16 11:59:00+00:00,CSGP,78.7300033569336,78.7300033569336,78.80000305175781,78.7300033569336,78.77999877929688,5042.0
2024-09-16 11:59:00+00:00,EXPI,14.470000267028809,14.470000267028809,14.470000267028809,14.460000038146973,14.46619987487793,2654.0
2024-09-16 11:59:00+00:00,GLPI,51.68330001831055,51.68330001831055,51.68330001831055,51.68330001831055,51.68330001831055,474.0
2024-09-16 11:59:00+00:00,HST,17.479999542236328,17.479999542236328,17.479999542236328,17.475000381469727,17.475000381469727,3198.0
2024-09-16 11:59:00+00:00,ILPT,5.034999847412109,5.034999847412109,5.045000076293945,5.034999847412109,5.045000076293945,3941.0
2024-09-16 11:59:00+00:00,LAMR,130.0449981689453,130.0449981689453,130.10000610351562,130.0399932861328,130.05499267578125,958.0
2024-09-16 11:59:00+00:00,NMRK,14.880000114440918,14.880000114440918,14.904999732971191,14.869999885559082,14.899999618530273,16792.0
2024-09-16 11:59:00+00:00,OPEN,2.1549999713897705,2.1549999713897705,2.1549999713897705,2.1500000953674316,2.1500000953674316,16832.0
2024-09-16 11:59:00+00:00,RDFN,13.530099868774414,13.530099868774414,13.550000190734863,13.529999732971191,13.550000190734863,28731.0
2024-09-16 11:59:00+00:00,ROIC,16.030000686645508,16.030000686645508,16.030000686645508,16.030000686645508,16.030000686645508,749.0
2024-09-16 11:59:00+00:00,SBRA,18.524999618530273,18.524999618530273,18.524999618530273,18.524999618530273,18.524999618530273,966.0
2024-09-16 11:59:00+00:00,SVC,4.525000095367432,4.525000095367432,4.525000095367432,4.519999980926514,4.519999980926514,1365.0
2024-09-16 11:59:00+00:00,UNIT,5.335000038146973,5.335000038146973,5.335000038146973,5.324999809265137,5.324999809265137,5496.0
2024-09-16 11:59:00+00:00,WHLR,7.324999809265137,7.324999809265137,7.599999904632568,7.230000019073486,7.489999771118164,105365.0
2024-09-16 12:00:00+00:00,AFCG,10.430000305175781,10.430000305175781,10.430000305175781,10.430000305175781,10.430000305175781,400.0
2024-09-16 12:00:00+00:00,AGNC,10.46500015258789,10.46500015258789,10.470000267028809,10.460000038146973,10.46500015258789,7029.0
2024-09-16 12:00:00+00:00,AGNCN,25.90999984741211,25.90999984741211,25.950000762939453,25.90999984741211,25.950000762939453,600.0
2024-09-16 12:00:00+00:00,CSGP,78.70999908447266,78.70999908447266,78.72000122070312,78.70999908447266,78.72000122070312,1440.0
2024-09-16 12:00:00+00:00,EXPI,14.539999961853027,14.539999961853027,14.640000343322754,14.460000038146973,14.460000038146973,51314.0
2024-09-16 12:00:00+00:00,GLPI,51.66749954223633,51.66749954223633,51.66999816894531,51.65999984741211,51.66999816894531,1299.0
2024-09-16 12:00:00+00:00,HST,17.479999542236328,17.479999542236328,17.479999542236328,17.475000381469727,17.479999542236328,3416.0
2024-09-16 12:00:00+00:00,ILPT,5.025000095367432,5.025000095367432,5.03000020980835,5.025000095367432,5.03000020980835,865.0
2024-09-16 12:00:00+00:00,LAMR,130.0,130.0,130.02000427246094,130.0,130.02000427246094,229.0
2024-09-16 12:00:00+00:00,NMRK,14.875,14.875,14.875,14.875,14.875,355.0
2024-09-16 12:00:00+00:00,NYMT,6.639999866485596,6.639999866485596,6.639999866485596,6.635000228881836,6.639800071716309,711.0
2024-09-16 12:00:00+00:00,OPEN,2.1549999713897705,2.1549999713897705,2.1549999713897705,2.140000104904175,2.1500000953674316,166335.0
2024-09-16 12:00:00+00:00,OPI,2.2149999141693115,2.2149999141693115,2.2149999141693115,2.2149999141693115,2.2149999141693115,141.0
2024-09-16 12:00:00+00:00,PECO,38.779998779296875,38.779998779296875,38.81999969482422,38.779998779296875,38.81999969482422,1278.0
2024-09-16 12:00:00+00:00,RDFN,13.544500350952148,13.544500350952148,13.5600004196167,13.430000305175781,13.510000228881836,175783.0
2024-09-16 12:00:00+00:00,REG,74.63749694824219,74.63749694824219,74.66999816894531,74.63749694824219,74.66999816894531,2664.0
2024-09-16 12:00:00+00:00,ROIC,16.030000686645508,16.030000686645508,16.030000686645508,16.030000686645508,16.030000686645508,1012.0
2024-09-16 12:00:00+00:00,SBRA,18.524999618530273,18.524999618530273,18.524999618530273,18.524999618530273,18.524999618530273,152.0
2024-09-16 12:00:00+00:00,SVC,4.525000095367432,4.525000095367432,4.525000095367432,4.525000095367432,4.525000095367432,5588.0
2024-09-16 12:00:00+00:00,UNIT,5.329999923706055,5.329999923706055,5.329999923706055,5.329999923706055,5.329999923706055,3552.0
2024-09-16 12:00:00+00:00,WHLR,7.382599830627441,7.382599830627441,7.429999828338623,7.300000190734863,7.324999809265137,22281.0
2024-09-16 12:01:00+00:00,AFCG,10.430100440979004,10.430100440979004,10.4350004196167,10.430100440979004,10.4350004196167,200.0
2024-09-16 12:01:00+00:00,AGNC,10.46500015258789,10.46500015258789,10.470000267028809,10.460000038146973,10.46500015258789,5698.0
2024-09-16 12:01:00+00:00,CSGP,78.64600372314453,78.64600372314453,78.71499633789062,78.64600372314453,78.71499633789062,837.0
2024-09-16 12:01:00+00:00,DHC,3.559999942779541,3.559999942779541,3.559999942779541,3.559999942779541,3.559999942779541,3880.0
2024-09-16 12:01:00+00:00,EXPI,14.550000190734863,14.550000190734863,14.5600004196167,14.550000190734863,14.5600004196167,3803.0
2024-09-16 12:01:00+00:00,FSV,180.27310180664062,180.27310180664062,180.27310180664062,180.27310180664062,180.27310180664062,274.0
2024-09-16 12:01:00+00:00,GLPI,51.63999938964844,51.63999938964844,51.65999984741211,51.63999938964844,51.65999984741211,1877.0
2024-09-16 12:01:00+00:00,HST,17.46500015258789,17.46500015258789,17.479999542236328,17.46500015258789,17.479999542236328,6655.0
2024-09-16 12:01:00+00:00,LAMR,129.98500061035156,129.98500061035156,130.07000732421875,129.9499969482422,130.07000732421875,696.0
2024-09-16 12:01:00+00:00,NMRK,14.885000228881836,14.885000228881836,14.890000343322754,14.885000228881836,14.885000228881836,1447.0
2024-09-16 12:01:00+00:00,OPEN,2.1579999923706055,2.1579999923706055,2.1600000858306885,2.1500000953674316,2.1549999713897705,119547.0
2024-09-16 12:01:00+00:00,PCH,45.54499816894531,45.54499816894531,45.54499816894531,45.54499816894531,45.54499816894531,355.0
2024-09-16 12:01:00+00:00,PECO,38.779998779296875,38.779998779296875,38.779998779296875,38.779998779296875,38.779998779296875,947.0
2024-09-16 12:01:00+00:00,RDFN,13.515800476074219,13.515800476074219,13.550000190734863,13.5,13.546199798583984,28893.0
2024-09-16 12:01:00+00:00,ROIC,16.030000686645508,16.030000686645508,16.030000686645508,16.024999618530273,16.030000686645508,1495.0
2024-09-16 12:01:00+00:00,SBAC,246.16000366210938,246.16000366210938,246.22000122070312,246.14999389648438,246.22000122070312,2864.0
2024-09-16 12:01:00+00:00,SBRA,18.514999389648438,18.514999389648438,18.524999618530273,18.514999389648438,18.524999618530273,3816.0
2024-09-16 12:01:00+00:00,SELF,5.25,5.25,5.25,5.2484002113342285,5.2484002113342285,4726.0
2024-09-16 12:01:00+00:00,SVC,4.534999847412109,4.534999847412109,4.534999847412109,4.522500038146973,4.522500038146973,3518.0
2024-09-16 12:01:00+00:00,UNIT,5.329999923706055,5.329999923706055,5.329999923706055,5.329999923706055,5.329999923706055,1341.0
2024-09-16 12:01:00+00:00,WHLR,7.3470001220703125,7.3470001220703125,7.3470001220703125,7.311999797821045,7.335000038146973,6358.0
2024-09-16 12:02:00+00:00,AFCG,10.4350004196167,10.4350004196167,10.4350004196167,10.4350004196167,10.4350004196167,119.0
2024-09-16 12:02:00+00:00,AGNC,10.46500015258789,10.46500015258789,10.470000267028809,10.460000038146973,10.46500015258789,22651.0
2024-09-16 12:02:00+00:00,ASPS,1.1699999570846558,1.1699999570846558,1.1699999570846558,1.1699999570846558,1.1699999570846558,200.0
2024-09-16 12:02:00+00:00,CSGP,78.69000244140625,78.69000244140625,78.69000244140625,78.65499877929688,78.65499877929688,530.0
2024-09-16 12:02:00+00:00,DUO,0.4372999966144562,0.4372999966144562,0.4372999966144562,0.4372999966144562,0.4372999966144562,1725.0
2024-09-16 12:02:00+00:00,EXPI,14.5600004196167,14.5600004196167,14.5600004196167,14.550000190734863,14.550000190734863,946.0
2024-09-16 12:02:00+00:00,GLPI,51.654998779296875,51.654998779296875,51.654998779296875,51.654998779296875,51.654998779296875,479.0
2024-09-16 12:02:00+00:00,HST,17.459999084472656,17.459999084472656,17.469999313354492,17.459999084472656,17.469999313354492,3788.0
2024-09-16 12:02:00+00:00,LAMR,130.0399932861328,130.0399932861328,130.0399932861328,129.98500061035156,129.98500061035156,1294.0
2024-09-16 12:02:00+00:00,NMRK,14.871700286865234,14.871700286865234,14.899999618530273,14.869999885559082,14.899999618530273,8021.0
2024-09-16 12:02:00+00:00,NYMT,6.635000228881836,6.635000228881836,6.635000228881836,6.635000228881836,6.635000228881836,206.0
2024-09-16 12:02:00+00:00,OPEN,2.1549999713897705,2.1549999713897705,2.159899950027466,2.150099992752075,2.157599925994873,53241.0
2024-09-16 12:02:00+00:00,OPI,2.2149999141693115,2.2149999141693115,2.2149999141693115,2.2100000381469727,2.2100000381469727,252.0
2024-09-16 12:02:00+00:00,PCH,45.56999969482422,45.56999969482422,45.56999969482422,45.56999969482422,45.56999969482422,461.0
2024-09-16 12:02:00+00:00,RDFN,13.550000190734863,13.550000190734863,13.550000190734863,13.489999771118164,13.510000228881836,26342.0
2024-09-16 12:02:00+00:00,REG,74.66999816894531,74.66999816894531,74.66999816894531,74.66999816894531,74.66999816894531,766.0
2024-09-16 12:02:00+00:00,RMR,25.18000030517578,25.18000030517578,25.18000030517578,25.18000030517578,25.18000030517578,383.0
2024-09-16 12:02:00+00:00,SBAC,246.3800048828125,246.3800048828125,246.42999267578125,246.30499267578125,246.30499267578125,938.0
2024-09-16 12:02:00+00:00,SBRA,18.514999389648438,18.514999389648438,18.524999618530273,18.514999389648438,18.520000457763672,5234.0
2024-09-16 12:02:00+00:00,SVC,4.540299892425537,4.540299892425537,4.540299892425537,4.534999847412109,4.534999847412109,14249.0
2024-09-16 12:02:00+00:00,UNIT,5.329999923706055,5.329999923706055,5.329999923706055,5.329999923706055,5.329999923706055,530.0
2024-09-16 12:02:00+00:00,WHLR,7.355000019073486,7.355000019073486,7.380000114440918,7.309999942779541,7.369999885559082,7123.0
2024-09-16 12:03:00+00:00,AGNC,10.46500015258789,10.46500015258789,10.465399742126465,10.460000038146973,10.46500015258789,12380.0
2024-09-16 12:03:00+00:00,AGNCO,25.200000762939453,25.200000762939453,25.200000762939453,25.200000762939453,25.200000762939453,430.0
2024-09-16 12:03:00+00:00,CSGP,78.66999816894531,78.66999816894531,78.66999816894531,78.66999816894531,78.66999816894531,451.0
2024-09-16 12:03:00+00:00,EXPI,14.553999900817871,14.553999900817871,14.553999900817871,14.545000076293945,14.550100326538086,1937.0
2024-09-16 12:03:00+00:00,FSV,180.41000366210938,180.41000366210938,180.41000366210938,180.41000366210938,180.41000366210938,134.0
2024-09-16 12:03:00+00:00,GLPI,51.64500045776367,51.64500045776367,51.64500045776367,51.64500045776367,51.64500045776367,267.0
2024-09-16 12:03:00+00:00,GOOD,16.030000686645508,16.030000686645508,16.030000686645508,16.030000686645508,16.030000686645508,484.0
2024-09-16 12:03:00+00:00,HST,17.44499969482422,17.44499969482422,17.459999084472656,17.44499969482422,17.459999084472656,5860.0
2024-09-16 12:03:00+00:00,ILPT,5.03000020980835,5.03000020980835,5.03000020980835,5.03000020980835,5.03000020980835,418.0
2024-09-16 12:03:00+00:00,LSEA,12.680000305175781,12.680000305175781,12.680000305175781,12.680000305175781,12.680000305175781,349.0
2024-09-16 12:03:00+00:00,NYMT,6.635000228881836,6.635000228881836,6.635000228881836,6.635000228881836,6.635000228881836,286.0
2024-09-16 12:03:00+00:00,OPEN,2.159899950027466,2.159899950027466,2.159899950027466,2.159899950027466,2.159899950027466,3822.0
2024-09-16 12:03:00+00:00,PECO,38.79999923706055,38.79999923706055,38.79999923706055,38.790000915527344,38.790000915527344,586.0
2024-09-16 12:03:00+00:00,RDFN,13.524999618530273,13.524999618530273,13.541500091552734,13.5,13.541500091552734,20064.0
2024-09-16 12:03:00+00:00,REG,74.68000030517578,74.68000030517578,74.68000030517578,74.68000030517578,74.68000030517578,354.0
2024-09-16 12:03:00+00:00,ROIC,16.030000686645508,16.030000686645508,16.03499984741211,16.030000686645508,16.03499984741211,1043.0
2024-09-16 12:03:00+00:00,SBAC,246.30999755859375,246.30999755859375,246.30999755859375,246.30999755859375,246.30999755859375,128.0
2024-09-16 12:03:00+00:00,SBRA,18.5049991607666,18.5049991607666,18.510000228881836,18.5049991607666,18.510000228881836,3948.0
2024-09-16 12:03:00+00:00,SOHO,1.2300000190734863,1.2300000190734863,1.2300000190734863,1.2300000190734863,1.2300000190734863,1342.0
2024-09-16 12:03:00+00:00,SVC,4.525000095367432,4.525000095367432,4.539999961853027,4.525000095367432,4.539999961853027,8008.0
2024-09-16 12:03:00+00:00,UNIT,5.324999809265137,5.324999809265137,5.324999809265137,5.324999809265137,5.324999809265137,474.0
2024-09-16 12:03:00+00:00,WHLR,7.359899997711182,7.359899997711182,7.359899997711182,7.308000087738037,7.329999923706055,9609.0
2024-09-16 12:04:00+00:00,AGNC,10.46500015258789,10.46500015258789,10.470000267028809,10.460000038146973,10.46500015258789,11987.0
2024-09-16 12:04:00+00:00,AGNCL,24.170000076293945,24.170000076293945,24.18000030517578,24.170000076293945,24.18000030517578,866.0
2024-09-16 12:04:00+00:00,CIGI,146.75,146.75,146.75,146.6199951171875,146.6199951171875,359.0
2024-09-16 12:04:00+00:00,CSGP,78.625,78.625,78.66999816894531,78.625,78.66999816894531,1061.0
2024-09-16 12:04:00+00:00,DHC,3.569999933242798,3.569999933242798,3.569999933242798,3.565000057220459,3.565000057220459,467.0
2024-09-16 12:04:00+00:00,EXPI,14.539999961853027,14.539999961853027,14.539999961853027,14.539999961853027,14.539999961853027,1830.0
2024-09-16 12:04:00+00:00,GLPI,51.6349983215332,51.6349983215332,51.63999938964844,51.6349983215332,51.63999938964844,642.0
2024-09-16 12:04:00+00:00,HST,17.434999465942383,17.434999465942383,17.44499969482422,17.43000030517578,17.44499969482422,10783.0
2024-09-16 12:04:00+00:00,ILPT,5.03000020980835,5.03000020980835,5.03000020980835,5.03000020980835,5.03000020980835,845.0
2024-09-16 12:04:00+00:00,LAMR,129.98500061035156,129.98500061035156,129.98500061035156,129.98500061035156,129.98500061035156,121.0
2024-09-16 12:04:00+00:00,LAND,14.569999694824219,14.569999694824219,14.569999694824219,14.569999694824219,14.569999694824219,401.0
2024-09-16 12:04:00+00:00,LSEA,12.649999618530273,12.649999618530273,12.670000076293945,12.649999618530273,12.670000076293945,745.0
2024-09-16 12:04:00+00:00,NMRK,14.8149995803833,14.8149995803833,14.869999885559082,14.8149995803833,14.869999885559082,6665.0
2024-09-16 12:04:00+00:00,OPEN,2.1449999809265137,2.1449999809265137,2.1600000858306885,2.1428000926971436,2.159899950027466,74914.0
2024-09-16 12:04:00+00:00,PCH,45.560001373291016,45.560001373291016,45.58000183105469,45.560001373291016,45.58000183105469,1389.0
2024-09-16 12:04:00+00:00,PECO,38.810001373291016,38.810001373291016,38.810001373291016,38.79499816894531,38.79499816894531,526.0
2024-09-16 12:04:00+00:00,RDFN,13.46500015258789,13.46500015258789,13.520000457763672,13.463700294494629,13.520000457763672,16388.0
2024-09-16 12:04:00+00:00,REAX,5.769999980926514,5.769999980926514,5.769999980926514,5.769999980926514,5.769999980926514,864.0
2024-09-16 12:04:00+00:00,REG,74.67500305175781,74.67500305175781,74.67500305175781,74.67500305175781,74.67500305175781,203.0
2024-09-16 12:04:00+00:00,SBAC,246.30499267578125,246.30499267578125,246.30499267578125,246.30499267578125,246.30499267578125,586.0
2024-09-16 12:04:00+00:00,SBRA,18.5049991607666,18.5049991607666,18.5049991607666,18.5049991607666,18.5049991607666,1623.0
2024-09-16 12:04:00+00:00,SVC,4.519999980926514,4.519999980926514,4.525000095367432,4.514999866485596,4.525000095367432,2883.0
2024-09-16 12:04:00+00:00,UNIT,5.324999809265137,5.324999809265137,5.324999809265137,5.324999809265137,5.324999809265137,4233.0
2024-09-16 12:04:00+00:00,WHLR,7.364999771118164,7.364999771118164,7.364999771118164,7.364999771118164,7.364999771118164,507.0
2024-09-16 12:05:00+00:00,AFCG,10.425000190734863,10.425000190734863,10.4350004196167,10.425000190734863,10.430000305175781,1779.0
2024-09-16 12:05:00+00:00,AGNC,10.46500015258789,10.46500015258789,10.46500015258789,10.460000038146973,10.46500015258789,29292.0
2024-09-16 12:05:00+00:00,CSGP,78.6500015258789,78.6500015258789,78.6500015258789,78.6449966430664,78.6500015258789,977.0
2024-09-16 12:05:00+00:00,DHC,3.565000057220459,3.565000057220459,3.565000057220459,3.565000057220459,3.565000057220459,194.0
2024-09-16 12:05:00+00:00,EQIX,876.989990234375,876.989990234375,876.989990234375,876.989990234375,876.989990234375,1142.0
2024-09-16 12:05:00+00:00,EXPI,14.550000190734863,14.550000190734863,14.550000190734863,14.550000190734863,14.550000190734863,158.0
2024-09-16 12:05:00+00:00,GLPI,51.63999938964844,51.63999938964844,51.63999938964844,51.63999938964844,51.63999938964844,504.0
2024-09-16 12:05:00+00:00,HST,17.448999404907227,17.448999404907227,17.450000762939453,17.434999465942383,17.434999465942383,15391.0
2024-09-16 12:05:00+00:00,LAMR,129.97500610351562,129.97500610351562,129.97500610351562,129.97500610351562,129.97500610351562,445.0
2024-09-16 12:05:00+00:00,LAND,14.5600004196167,14.5600004196167,14.5600004196167,14.5600004196167,14.5600004196167,140.0
2024-09-16 12:05:00+00:00,LSEA,12.630000114440918,12.630000114440918,12.649999618530273,12.630000114440918,12.649999618530273,397.0
2024-09-16 12:05:00+00:00,NMRK,14.8149995803833,14.8149995803833,14.819100379943848,14.8149995803833,14.819100379943848,2505.0
2024-09-16 12:05:00+00:00,OPEN,2.1475000381469727,2.1475000381469727,2.1500000953674316,2.140000104904175,2.1449999809265137,27932.0
2024-09-16 12:05:00+00:00,OPI,2.210599899291992,2.210599899291992,2.210599899291992,2.210599899291992,2.210599899291992,1759.0
2024-09-16 12:05:00+00:00,PCH,45.57500076293945,45.57500076293945,45.57500076293945,45.57500076293945,45.57500076293945,261.0
2024-09-16 12:05:00+00:00,RDFN,13.550000190734863,13.550000190734863,13.550000190734863,13.460000038146973,13.460000038146973,26115.0
2024-09-16 12:05:00+00:00,REAX,5.75,5.75,5.75,5.75,5.75,119.0
2024-09-16 12:05:00+00:00,REFI,16.042499542236328,16.042499542236328,16.042499542236328,16.042499542236328,16.042499542236328,310.0
2024-09-16 12:05:00+00:00,REG,74.7300033569336,74.7300033569336,74.7300033569336,74.66000366210938,74.66000366210938,2016.0
2024-09-16 12:05:00+00:00,SBAC,246.43499755859375,246.43499755859375,246.43499755859375,246.43499755859375,246.43499755859375,567.0
2024-09-16 12:05:00+00:00,SELF,5.289999961853027,5.289999961853027,5.289999961853027,5.239999771118164,5.239999771118164,3071.0
2024-09-16 12:05:00+00:00,UNIT,5.315000057220459,5.315000057220459,5.320000171661377,5.315000057220459,5.320000171661377,4680.0
2024-09-16 12:05:00+00:00,WHLR,7.480000019073486,7.480000019073486,7.519999980926514,7.210000038146973,7.329999923706055,47739.0
2024-09-16 12:06:00+00:00,AGNC,10.460000038146973,10.460000038146973,10.470000267028809,10.460000038146973,10.46500015258789,33349.0
2024-09-16 12:06:00+00:00,AGNCL,24.170000076293945,24.170000076293945,24.170000076293945,24.170000076293945,24.170000076293945,1294.0
2024-09-16 12:06:00+00:00,AGNCM,25.3799991607666,25.3799991607666,25.3799991607666,25.3799991607666,25.3799991607666,579.0
2024-09-16 12:06:00+00:00,CSGP,78.64900207519531,78.64900207519531,78.64900207519531,78.6449966430664,78.6449966430664,1227.0
2024-09-16 12:06:00+00:00,EXPI,14.583999633789062,14.583999633789062,14.583999633789062,14.550000190734863,14.550000190734863,3464.0
2024-09-16 12:06:00+00:00,GLPI,51.650001525878906,51.650001525878906,51.650001525878906,51.650001525878906,51.650001525878906,1309.0
2024-09-16 12:06:00+00:00,GOOD,16.04829978942871,16.04829978942871,16.04829978942871,16.04829978942871,16.04829978942871,701.0
2024-09-16 12:06:00+00:00,HST,17.459999084472656,17.459999084472656,17.459999084472656,17.450000762939453,17.450000762939453,7627.0
2024-09-16 12:06:00+00:00,ILPT,5.03000020980835,5.03000020980835,5.03000020980835,5.03000020980835,5.03000020980835,524.0
2024-09-16 12:06:00+00:00,LAMR,130.0449981689453,130.0449981689453,130.0500030517578,130.0449981689453,130.0500030517578,269.0
2024-09-16 12:06:00+00:00,LAND,14.539999961853027,14.539999961853027,14.539999961853027,14.539999961853027,14.539999961853027,249.0
2024-09-16 12:06:00+00:00,LSEA,12.649999618530273,12.649999618530273,12.649999618530273,12.649999618530273,12.649999618530273,367.0
2024-09-16 12:06:00+00:00,NMRK,14.821700096130371,14.821700096130371,14.821700096130371,14.8149995803833,14.8149995803833,14442.0
2024-09-16 12:06:00+00:00,NYMT,6.639999866485596,6.639999866485596,6.639999866485596,6.639999866485596,6.639999866485596,279.0
2024-09-16 12:06:00+00:00,OPEN,2.149899959564209,2.149899959564209,2.1500000953674316,2.1449999809265137,2.1449999809265137,52750.0
2024-09-16 12:06:00+00:00,PCH,45.599998474121094,45.599998474121094,45.599998474121094,45.59000015258789,45.59000015258789,1610.0
2024-09-16 12:06:00+00:00,PECO,38.81999969482422,38.81999969482422,38.81999969482422,38.810001373291016,38.810001373291016,831.0
2024-09-16 12:06:00+00:00,RDFN,13.531599998474121,13.531599998474121,13.550000190734863,13.529999732971191,13.550000190734863,11025.0
2024-09-16 12:06:00+00:00,REAX,5.760000228881836,5.760000228881836,5.761000156402588,5.760000228881836,5.761000156402588,980.0
2024-09-16 12:06:00+00:00,REG,74.7300033569336,74.7300033569336,74.75,74.7300033569336,74.75,1399.0
2024-09-16 12:06:00+00:00,SBAC,246.42999267578125,246.42999267578125,246.4694061279297,246.42999267578125,246.4694061279297,659.0
2024-09-16 12:06:00+00:00,SBRA,18.520000457763672,18.520000457763672,18.520000457763672,18.510000228881836,18.510000228881836,5206.0
2024-09-16 12:06:00+00:00,SOHO,1.225000023841858,1.225000023841858,1.2350000143051147,1.2200000286102295,1.2301000356674194,6492.0
2024-09-16 12:06:00+00:00,UNIT,5.309999942779541,5.309999942779541,5.309999942779541,5.309999942779541,5.309999942779541,265.0
2024-09-16 12:06:00+00:00,WHLR,7.567999839782715,7.567999839782715,7.599999904632568,7.450099945068359,7.519999980926514,68315.0
2024-09-16 12:07:00+00:00,AGNC,10.461199760437012,10.461199760437012,10.46500015258789,10.460000038146973,10.46500015258789,5119.0
2024-09-16 12:07:00+00:00,AGNCN,25.950000762939453,25.950000762939453,25.950000762939453,25.950000762939453,25.950000762939453,6820.0
2024-09-16 12:07:00+00:00,AGNCO,25.200000762939453,25.200000762939453,25.200000762939453,25.200000762939453,25.200000762939453,7065.0
2024-09-16 12:07:00+00:00,CIGI,146.58999633789062,146.58999633789062,146.58999633789062,146.58999633789062,146.58999633789062,518.0
2024-09-16 12:07:00+00:00,CSGP,78.62000274658203,78.62000274658203,78.63999938964844,78.62000274658203,78.63999938964844,1883.0
2024-09-16 12:07:00+00:00,DHC,3.572999954223633,3.572999954223633,3.572999954223633,3.569999933242798,3.569999933242798,1745.0
2024-09-16 12:07:00+00:00,EXPI,14.579999923706055,14.579999923706055,14.579999923706055,14.579999923706055,14.579999923706055,108.0
2024-09-16 12:07:00+00:00,GLPI,51.650001525878906,51.650001525878906,51.650001525878906,51.650001525878906,51.650001525878906,926.0
2024-09-16 12:07:00+00:00,GOOD,16.059999465942383,16.059999465942383,16.059999465942383,16.040000915527344,16.040000915527344,1105.0
2024-09-16 12:07:00+00:00,HST,17.46500015258789,17.46500015258789,17.469999313354492,17.46500015258789,17.46500015258789,2571.0
2024-09-16 12:07:00+00:00,LAMR,130.16000366210938,130.16000366210938,130.16000366210938,130.1199951171875,130.1199951171875,454.0
2024-09-16 12:07:00+00:00,LSEA,12.65999984741211,12.65999984741211,12.65999984741211,12.65999984741211,12.65999984741211,529.0
2024-09-16 12:07:00+00:00,MDJH,0.7225000262260437,0.7225000262260437,0.7225000262260437,0.7200000286102295,0.7200000286102295,17010.0
2024-09-16 12:07:00+00:00,NMRK,14.824999809265137,14.824999809265137,14.829999923706055,14.824999809265137,14.824999809265137,4074.0
2024-09-16 12:07:00+00:00,NYMT,6.639999866485596,6.639999866485596,6.639999866485596,6.639999866485596,6.639999866485596,372.0
2024-09-16 12:07:00+00:00,OPEN,2.160099983215332,2.160099983215332,2.1700000762939453,2.140000104904175,2.1449999809265137,251703.0
2024-09-16 12:07:00+00:00,PECO,38.81999969482422,38.81999969482422,38.81999969482422,38.81999969482422,38.81999969482422,488.0
2024-09-16 12:07:00+00:00,RDFN,13.550000190734863,13.550000190734863,13.550000190734863,13.529999732971191,13.53499984741211,21319.0
2024-09-16 12:07:00+00:00,REAX,5.75,5.75,5.75,5.75,5.75,397.0
2024-09-16 12:07:00+00:00,SBRA,18.540000915527344,18.540000915527344,18.540000915527344,18.524999618530273,18.524999618530273,4305.0
2024-09-16 12:07:00+00:00,UNIT,5.315000057220459,5.315000057220459,5.315000057220459,5.309999942779541,5.309999942779541,1010.0
2024-09-16 12:07:00+00:00,WHLR,7.51800012588501,7.51800012588501,7.590000152587891,7.46999979019165,7.590000152587891,22899.0
2024-09-16 12:08:00+00:00,AFCG,10.4350004196167,10.4350004196167,10.4350004196167,10.4350004196167,10.4350004196167,224.0
2024-09-16 12:08:00+00:00,AGNC,10.46500015258789,10.46500015258789,10.470000267028809,10.460000038146973,10.460000038146973,10596.0
2024-09-16 12:08:00+00:00,AGNCO,25.200000762939453,25.200000762939453,25.200000762939453,25.200000762939453,25.200000762939453,0.0
2024-09-16 12:08:00+00:00,ASPS,1.184999942779541,1.184999942779541,1.184999942779541,1.184999942779541,1.184999942779541,0.0
2024-09-16 12:08:00+00:00,DHC,3.5755999088287354,3.5755999088287354,3.5755999088287354,3.5755999088287354,3.5755999088287354,201.0
2024-09-16 12:08:00+00:00,EXPI,14.579999923706055,14.579999923706055,14.579999923706055,14.579999923706055,14.579999923706055,2469.0
2024-09-16 12:08:00+00:00,FRPH,29.389999389648438,29.389999389648438,29.389999389648438,29.389999389648438,29.389999389648438,1017.0
2024-09-16 12:08:00+00:00,GLPI,51.66999816894531,51.66999816894531,51.66999816894531,51.66999816894531,51.66999816894531,298.0
2024-09-16 12:08:00+00:00,GOOD,16.06999969482422,16.06999969482422,16.06999969482422,16.06999969482422,16.06999969482422,518.0
2024-09-16 12:08:00+00:00,HST,17.44499969482422,17.44499969482422,17.46500015258789,17.44499969482422,17.46500015258789,23585.0
2024-09-16 12:08:00+00:00,LAMR,130.125,130.125,130.15499877929688,130.125,130.15499877929688,1291.0
2024-09-16 12:08:00+00:00,LAND,14.550000190734863,14.550000190734863,14.550000190734863,14.550000190734863,14.550000190734863,203.0
2024-09-16 12:08:00+00:00,LSEA,12.649999618530273,12.649999618530273,12.649999618530273,12.649999618530273,12.649999618530273,240.0
2024-09-16 12:08:00+00:00,MDJH,0.7300000190734863,0.7300000190734863,0.7300000190734863,0.7225000262260437,0.7225000262260437,2502.0
2024-09-16 12:08:00+00:00,NMRK,14.824999809265137,14.824999809265137,14.824999809265137,14.824999809265137,14.824999809265137,656.0
2024-09-16 12:08:00+00:00,NYMT,6.639999866485596,6.639999866485596,6.639999866485596,6.639999866485596,6.639999866485596,552.0
2024-09-16 12:08:00+00:00,OPEN,2.159899950027466,2.159899950027466,2.1649999618530273,2.1500000953674316,2.160099983215332,218785.0
2024-09-16 12:08:00+00:00,OPI,2.2149999141693115,2.2149999141693115,2.2200000286102295,2.2149999141693115,2.2149999141693115,11279.0
2024-09-16 12:08:00+00:00,PCH,45.540000915527344,45.540000915527344,45.56999969482422,45.540000915527344,45.56999969482422,1043.0
2024-09-16 12:08:00+00:00,RDFN,13.560099601745605,13.560099601745605,13.569999694824219,13.550000190734863,13.55519962310791,21777.0
2024-09-16 12:08:00+00:00,REAX,5.760000228881836,5.760000228881836,5.760000228881836,5.760000228881836,5.760000228881836,1985.0
2024-09-16 12:08:00+00:00,REG,74.75,74.75,74.75,74.7300033569336,74.7300033569336,1502.0
2024-09-16 12:08:00+00:00,ROIC,16.040000915527344,16.040000915527344,16.040000915527344,16.040000915527344,16.040000915527344,1045.0
2024-09-16 12:08:00+00:00,SBRA,18.545000076293945,18.545000076293945,18.549999237060547,18.540000915527344,18.540000915527344,2771.0
2024-09-16 12:08:00+00:00,SVC,4.514999866485596,4.514999866485596,4.514999866485596,4.514999866485596,4.514999866485596,494.0
2024-09-16 12:08:00+00:00,UNIT,5.324999809265137,5.324999809265137,5.324999809265137,5.315000057220459,5.315000057220459,12731.0
2024-09-16 12:08:00+00:00,WHLR,7.519999980926514,7.519999980926514,7.599999904632568,7.480000019073486,7.529900074005127,45472.0
2024-09-16 12:09:00+00:00,AFCG,10.4350004196167,10.4350004196167,10.4350004196167,10.4350004196167,10.4350004196167,90.0
2024-09-16 12:09:00+00:00,AGNC,10.46500015258789,10.46500015258789,10.466300010681152,10.460000038146973,10.46500015258789,15655.0
2024-09-16 12:09:00+00:00,AGNCO,25.200000762939453,25.200000762939453,25.200000762939453,25.200000762939453,25.200000762939453,281.0
2024-09-16 12:09:00+00:00,CSGP,78.61000061035156,78.61000061035156,78.62000274658203,78.61000061035156,78.62000274658203,1125.0
2024-09-16 12:09:00+00:00,DHC,3.5799999237060547,3.5799999237060547,3.5799999237060547,3.5799999237060547,3.5799999237060547,215.0
2024-09-16 12:09:00+00:00,EXPI,14.59000015258789,14.59000015258789,14.600199699401855,14.579999923706055,14.600000381469727,3572.0
2024-09-16 12:09:00+00:00,FSV,180.4499969482422,180.4499969482422,180.4499969482422,180.35000610351562,180.35000610351562,782.0
2024-09-16 12:09:00+00:00,GLPI,51.665000915527344,51.665000915527344,51.665000915527344,51.665000915527344,51.665000915527344,552.0
2024-09-16 12:09:00+00:00,HST,17.424999237060547,17.424999237060547,17.44499969482422,17.424999237060547,17.440000534057617,5461.0
2024-09-16 12:09:00+00:00,ILPT,5.039999961853027,5.039999961853027,5.039999961853027,5.039999961853027,5.039999961853027,103.0
2024-09-16 12:09:00+00:00,LAMR,130.125,130.125,130.13499450683594,130.125,130.13499450683594,499.0
2024-09-16 12:09:00+00:00,LSEA,12.619999885559082,12.619999885559082,12.619999885559082,12.619999885559082,12.619999885559082,828.0
2024-09-16 12:09:00+00:00,MDJH,0.7300000190734863,0.7300000190734863,0.7300000190734863,0.7300000190734863,0.7300000190734863,0.0
2024-09-16 12:09:00+00:00,NMRK,14.800000190734863,14.800000190734863,14.829999923706055,14.800000190734863,14.824999809265137,15350.0
2024-09-16 12:09:00+00:00,OPEN,2.1600000858306885,2.1600000858306885,2.1600000858306885,2.1545000076293945,2.1589999198913574,19664.0
2024-09-16 12:09:00+00:00,OPI,2.2149999141693115,2.2149999141693115,2.2149999141693115,2.2149999141693115,2.2149999141693115,113.0
2024-09-16 12:09:00+00:00,PCH,45.529998779296875,45.529998779296875,45.529998779296875,45.529998779296875,45.529998779296875,2868.0
2024-09-16 12:09:00+00:00,PECO,38.83000183105469,38.83000183105469,38.83000183105469,38.83000183105469,38.83000183105469,257.0
2024-09-16 12:09:00+00:00,RDFN,13.529999732971191,13.529999732971191,13.569999694824219,13.489999771118164,13.55739974975586,39183.0
2024-09-16 12:09:00+00:00,SBAC,246.52999877929688,246.52999877929688,246.52999877929688,246.46499633789062,246.46499633789062,480.0
2024-09-16 12:09:00+00:00,SBRA,18.520000457763672,18.520000457763672,18.545000076293945,18.520000457763672,18.545000076293945,10780.0
2024-09-16 12:09:00+00:00,SVC,4.510000228881836,4.510000228881836,4.514999866485596,4.510000228881836,4.514999866485596,417.0
2024-09-16 12:09:00+00:00,UNIT,5.329999923706055,5.329999923706055,5.329999923706055,5.329999923706055,5.329999923706055,1634.0
2024-09-16 12:09:00+00:00,WHLR,7.449999809265137,7.449999809265137,7.519999980926514,7.309999942779541,7.519999980926514,20356.0
2024-09-16 12:10:00+00:00,AFCG,10.4350004196167,10.4350004196167,10.439299583435059,10.4350004196167,10.439299583435059,1100.0
2024-09-16 12:10:00+00:00,AGNC,10.46500015258789,10.46500015258789,10.469900131225586,10.460000038146973,10.46500015258789,29594.0
2024-09-16 12:10:00+00:00,EXPI,14.5600004196167,14.5600004196167,14.59000015258789,14.5600004196167,14.59000015258789,3328.0
2024-09-16 12:10:00+00:00,FSV,180.38999938964844,180.38999938964844,180.38999938964844,180.38999938964844,180.38999938964844,108.0
2024-09-16 12:10:00+00:00,GIPR,2.2300000190734863,2.2300000190734863,2.2300000190734863,2.2300000190734863,2.2300000190734863,1472.0
2024-09-16 12:10:00+00:00,GLPI,51.654998779296875,51.654998779296875,51.68000030517578,51.654998779296875,51.68000030517578,2565.0
2024-09-16 12:10:00+00:00,GOOD,16.040000915527344,16.040000915527344,16.040000915527344,16.040000915527344,16.040000915527344,332.0
2024-09-16 12:10:00+00:00,HST,17.405000686645508,17.405000686645508,17.420000076293945,17.405000686645508,17.420000076293945,7177.0
2024-09-16 12:10:00+00:00,ILPT,5.034999847412109,5.034999847412109,5.034999847412109,5.034999847412109,5.034999847412109,200.0
2024-09-16 12:10:00+00:00,LAMR,130.1999969482422,130.1999969482422,130.1999969482422,130.0850067138672,130.0850067138672,627.0
2024-09-16 12:10:00+00:00,NMRK,14.795000076293945,14.795000076293945,14.805000305175781,14.789999961853027,14.800000190734863,30482.0
2024-09-16 12:10:00+00:00,OPEN,2.159899950027466,2.159899950027466,2.1600000858306885,2.150099992752075,2.1579999923706055,20523.0
2024-09-16 12:10:00+00:00,OPI,2.2149999141693115,2.2149999141693115,2.2149999141693115,2.2149999141693115,2.2149999141693115,1947.0
2024-09-16 12:10:00+00:00,PECO,38.81999969482422,38.81999969482422,38.81999969482422,38.81999969482422,38.81999969482422,708.0
2024-09-16 12:10:00+00:00,RDFN,13.529999732971191,13.529999732971191,13.539999961853027,13.524999618530273,13.53499984741211,11142.0
2024-09-16 12:10:00+00:00,REG,74.73500061035156,74.73500061035156,74.73500061035156,74.73500061035156,74.73500061035156,482.0
2024-09-16 12:10:00+00:00,SBRA,18.510000228881836,18.510000228881836,18.514999389648438,18.510000228881836,18.514999389648438,1906.0
2024-09-16 12:10:00+00:00,SVC,4.510000228881836,4.510000228881836,4.510000228881836,4.510000228881836,4.510000228881836,105.0
2024-09-16 12:10:00+00:00,UNIT,5.320099830627441,5.320099830627441,5.320099830627441,5.320099830627441,5.320099830627441,3406.0
2024-09-16 12:10:00+00:00,WHLR,7.440100193023682,7.440100193023682,7.539999961853027,7.429999828338623,7.445000171661377,10423.0
2024-09-16 12:11:00+00:00,AFCG,10.4399995803833,10.4399995803833,10.4399995803833,10.4399995803833,10.4399995803833,1837.0
2024-09-16 12:11:00+00:00,AGNC,10.46500015258789,10.46500015258789,10.470000267028809,10.460000038146973,10.46500015258789,6558.0
2024-09-16 12:11:00+00:00,CMCT,1.9900000095367432,1.9900000095367432,1.9900000095367432,1.9900000095367432,1.9900000095367432,128.0
2024-09-16 12:11:00+00:00,CSGP,78.5999984741211,78.5999984741211,78.5999984741211,78.58000183105469,78.58000183105469,2282.0
2024-09-16 12:11:00+00:00,DHC,3.5799999237060547,3.5799999237060547,3.5799999237060547,3.5799999237060547,3.5799999237060547,221.0
2024-09-16 12:11:00+00:00,EXPI,14.5649995803833,14.5649995803833,14.5649995803833,14.5600004196167,14.560999870300293,852.0
2024-09-16 12:11:00+00:00,HST,17.399999618530273,17.399999618530273,17.40999984741211,17.399999618530273,17.399999618530273,12857.0
2024-09-16 12:11:00+00:00,ILPT,5.034999847412109,5.034999847412109,5.034999847412109,5.034999847412109,5.034999847412109,216.0
2024-09-16 12:11:00+00:00,LAND,14.539899826049805,14.539899826049805,14.539899826049805,14.539899826049805,14.539899826049805,330.0
2024-09-16 12:11:00+00:00,NMRK,14.795000076293945,14.795000076293945,14.795000076293945,14.789999961853027,14.789999961853027,1258.0
2024-09-16 12:11:00+00:00,NYMT,6.639999866485596,6.639999866485596,6.639999866485596,6.639999866485596,6.639999866485596,153.0
2024-09-16 12:11:00+00:00,OPEN,2.1600000858306885,2.1600000858306885,2.1600000858306885,2.1500000953674316,2.1598000526428223,107633.0
2024-09-16 12:11:00+00:00,OPI,2.2149999141693115,2.2149999141693115,2.2149999141693115,2.2149999141693115,2.2149999141693115,164.0
2024-09-16 12:11:00+00:00,PECO,38.810001373291016,38.810001373291016,38.810001373291016,38.810001373291016,38.810001373291016,357.0
2024-09-16 12:11:00+00:00,RDFN,13.532299995422363,13.532299995422363,13.550000190734863,13.520000457763672,13.529999732971191,34238.0
2024-09-16 12:11:00+00:00,REG,74.7300033569336,74.7300033569336,74.7300033569336,74.7300033569336,74.7300033569336,475.0
2024-09-16 12:11:00+00:00,ROIC,16.045000076293945,16.045000076293945,16.045000076293945,16.045000076293945,16.045000076293945,325.0
2024-09-16 12:11:00+00:00,SBAC,246.38999938964844,246.38999938964844,246.38999938964844,246.36000061035156,246.36000061035156,1459.0
2024-09-16 12:11:00+00:00,SOHO,1.2300000190734863,1.2300000190734863,1.2300000190734863,1.2300000190734863,1.2300000190734863,1000.0
2024-09-16 12:11:00+00:00,SVC,4.514999866485596,4.514999866485596,4.514999866485596,4.510000228881836,4.510000228881836,1741.0
2024-09-16 12:11:00+00:00,WHLR,7.388800144195557,7.388800144195557,7.460000038146973,7.300000190734863,7.409999847412109,31739.0
2024-09-16 12:12:00+00:00,AFCG,10.444999694824219,10.444999694824219,10.444999694824219,10.444999694824219,10.444999694824219,200.0
2024-09-16 12:12:00+00:00,AGNC,10.454999923706055,10.454999923706055,10.46500015258789,10.449999809265137,10.46500015258789,94212.0
2024-09-16 12:12:00+00:00,AGNCL,24.170000076293945,24.170000076293945,24.170000076293945,24.170000076293945,24.170000076293945,740.0
2024-09-16 12:12:00+00:00,BPYPP,14.850099563598633,14.850099563598633,14.850099563598633,14.850099563598633,14.850099563598633,428.0
2024-09-16 12:12:00+00:00,CIGI,146.5,146.5,146.5,146.5,146.5,481.0
2024-09-16 12:12:00+00:00,CSGP,78.55999755859375,78.55999755859375,78.58999633789062,78.55999755859375,78.58000183105469,1058.0
2024-09-16 12:12:00+00:00,DHC,3.575000047683716,3.575000047683716,3.575000047683716,3.575000047683716,3.575000047683716,552.0
2024-09-16 12:12:00+00:00,EXPI,14.5600004196167,14.5600004196167,14.5600004196167,14.552599906921387,14.552599906921387,1802.0
2024-09-16 12:12:00+00:00,FSV,180.11500549316406,180.11500549316406,180.11500549316406,180.11500549316406,180.11500549316406,1014.0
2024-09-16 12:12:00+00:00,GLPI,51.63999938964844,51.63999938964844,51.65729904174805,51.63999938964844,51.65729904174805,1370.0
2024-09-16 12:12:00+00:00,HST,17.395000457763672,17.395000457763672,17.399999618530273,17.395000457763672,17.395000457763672,16688.0
2024-09-16 12:12:00+00:00,ILPT,5.03000020980835,5.03000020980835,5.034999847412109,5.03000020980835,5.034999847412109,351.0
2024-09-16 12:12:00+00:00,LAMR,130.16000366210938,130.16000366210938,130.16000366210938,130.16000366210938,130.16000366210938,550.0
2024-09-16 12:12:00+00:00,NMRK,14.78499984741211,14.78499984741211,14.793999671936035,14.770000457763672,14.793999671936035,8392.0
2024-09-16 12:12:00+00:00,NYMT,6.639999866485596,6.639999866485596,6.639999866485596,6.639999866485596,6.639999866485596,2125.0
2024-09-16 12:12:00+00:00,OPEN,2.1500000953674316,2.1500000953674316,2.1549999713897705,2.1401000022888184,2.1549999713897705,163229.0
2024-09-16 12:12:00+00:00,PECO,38.790000915527344,38.790000915527344,38.80500030517578,38.790000915527344,38.80500030517578,1750.0
2024-09-16 12:12:00+00:00,RDFN,13.510000228881836,13.510000228881836,13.529999732971191,13.505000114440918,13.529999732971191,12473.0
2024-09-16 12:12:00+00:00,REAX,5.760000228881836,5.760000228881836,5.760000228881836,5.760000228881836,5.760000228881836,1277.0
2024-09-16 12:12:00+00:00,REG,74.69999694824219,74.69999694824219,74.69999694824219,74.69999694824219,74.69999694824219,713.0
2024-09-16 12:12:00+00:00,RMR,25.170000076293945,25.170000076293945,25.170000076293945,25.170000076293945,25.170000076293945,240.0
2024-09-16 12:12:00+00:00,ROIC,16.030000686645508,16.030000686645508,16.040000915527344,16.030000686645508,16.040000915527344,1457.0
2024-09-16 12:12:00+00:00,SBAC,246.39999389648438,246.39999389648438,246.39999389648438,246.39999389648438,246.39999389648438,348.0
2024-09-16 12:12:00+00:00,SBRA,18.5049991607666,18.5049991607666,18.510000228881836,18.5049991607666,18.510000228881836,3126.0
2024-09-16 12:12:00+00:00,SOHO,1.2300000190734863,1.2300000190734863,1.2300000190734863,1.2300000190734863,1.2300000190734863,0.0
2024-09-16 12:12:00+00:00,SVC,4.514999866485596,4.514999866485596,4.514999866485596,4.514999866485596,4.514999866485596,1002.0
2024-09-16 12:12:00+00:00,UNIT,5.324999809265137,5.324999809265137,5.324999809265137,5.324999809265137,5.324999809265137,4621.0
2024-09-16 12:12:00+00:00,WHLR,7.380000114440918,7.380000114440918,7.400000095367432,7.309999942779541,7.400000095367432,9832.0
2024-09-16 12:13:00+00:00,AGNC,10.454999923706055,10.454999923706055,10.454999923706055,10.449999809265137,10.454999923706055,10513.0
2024-09-16 12:13:00+00:00,CIGI,146.27499389648438,146.27499389648438,146.27499389648438,146.27499389648438,146.27499389648438,1232.0
2024-09-16 12:13:00+00:00,EXPI,14.529999732971191,14.529999732971191,14.550000190734863,14.529999732971191,14.550000190734863,633.0
2024-09-16 12:13:00+00:00,GOOD,16.049999237060547,16.049999237060547,16.049999237060547,16.049999237060547,16.049999237060547,202.0
2024-09-16 12:13:00+00:00,HST,17.399999618530273,17.399999618530273,17.405000686645508,17.392499923706055,17.399999618530273,5938.0
2024-09-16 12:13:00+00:00,HTIBP,15.710000038146973,15.710000038146973,15.710000038146973,15.710000038146973,15.710000038146973,0.0
2024-09-16 12:13:00+00:00,ILPT,5.034999847412109,5.034999847412109,5.034999847412109,5.03000020980835,5.03000020980835,613.0
2024-09-16 12:13:00+00:00,LAMR,130.1999969482422,130.1999969482422,130.1999969482422,130.1999969482422,130.1999969482422,145.0
2024-09-16 12:13:00+00:00,NMRK,14.800000190734863,14.800000190734863,14.800000190734863,14.78499984741211,14.78499984741211,4537.0
2024-09-16 12:13:00+00:00,OPEN,2.147599935531616,2.147599935531616,2.1500000953674316,2.1449999809265137,2.1449999809265137,32157.0
2024-09-16 12:13:00+00:00,OPI,2.2183001041412354,2.2183001041412354,2.2183001041412354,2.2149999141693115,2.2149999141693115,958.0
2024-09-16 12:13:00+00:00,PECO,38.775001525878906,38.775001525878906,38.779998779296875,38.775001525878906,38.779998779296875,1280.0
2024-09-16 12:13:00+00:00,RDFN,13.550000190734863,13.550000190734863,13.550000190734863,13.505000114440918,13.50979995727539,24073.0
2024-09-16 12:13:00+00:00,REG,74.70999908447266,74.70999908447266,74.70999908447266,74.70999908447266,74.70999908447266,2037.0
2024-09-16 12:13:00+00:00,SBAC,246.36000061035156,246.36000061035156,246.36000061035156,246.36000061035156,246.36000061035156,712.0
2024-09-16 12:13:00+00:00,SBRA,18.4950008392334,18.4950008392334,18.5,18.4950008392334,18.5,3557.0
2024-09-16 12:13:00+00:00,SELF,5.28000020980835,5.28000020980835,5.28000020980835,5.28000020980835,5.28000020980835,123.0
2024-09-16 12:13:00+00:00,SVC,4.514999866485596,4.514999866485596,4.514999866485596,4.510000228881836,4.510000228881836,6930.0
2024-09-16 12:13:00+00:00,UNIT,5.324999809265137,5.324999809265137,5.324999809265137,5.324999809265137,5.324999809265137,775.0
2024-09-16 12:13:00+00:00,WHLR,7.449900150299072,7.449900150299072,7.489999771118164,7.367199897766113,7.380000114440918,19108.0
2024-09-16 12:14:00+00:00,AGNC,10.454999923706055,10.454999923706055,10.460000038146973,10.449999809265137,10.454999923706055,25840.0
2024-09-16 12:14:00+00:00,EQIX,877.114990234375,877.114990234375,877.114990234375,877.114990234375,877.114990234375,508.0
2024-09-16 12:14:00+00:00,EXPI,14.529999732971191,14.529999732971191,14.529999732971191,14.529999732971191,14.529999732971191,1639.0
2024-09-16 12:14:00+00:00,GOOD,16.045000076293945,16.045000076293945,16.049999237060547,16.045000076293945,16.049999237060547,718.0
2024-09-16 12:14:00+00:00,HST,17.405000686645508,17.405000686645508,17.40999984741211,17.400100708007812,17.409000396728516,4405.0
2024-09-16 12:14:00+00:00,ILPT,5.034999847412109,5.034999847412109,5.034999847412109,5.034999847412109,5.034999847412109,332.0
2024-09-16 12:14:00+00:00,OPEN,2.1475000381469727,2.1475000381469727,2.1475000381469727,2.1449999809265137,2.1449999809265137,120791.0
2024-09-16 12:14:00+00:00,OPI,2.2149999141693115,2.2149999141693115,2.2149999141693115,2.2149999141693115,2.2149999141693115,412.0
2024-09-16 12:14:00+00:00,PECO,38.790000915527344,38.790000915527344,38.790000915527344,38.790000915527344,38.790000915527344,539.0
2024-09-16 12:14:00+00:00,SBRA,18.49519920349121,18.49519920349121,18.49519920349121,18.49519920349121,18.49519920349121,1088.0
2024-09-16 12:14:00+00:00,UNIT,5.324999809265137,5.324999809265137,5.324999809265137,5.324999809265137,5.324999809265137,1764.0
2024-09-16 12:14:00+00:00,WHLR,7.440100193023682,7.440100193023682,7.449999809265137,7.400000095367432,7.410099983215332,10700.0
2024-09-16 12:15:00+00:00,AFCG,10.449999809265137,10.449999809265137,10.449999809265137,10.449999809265137,10.449999809265137,502.0
2024-09-16 12:15:00+00:00,AGNC,10.454999923706055,10.454999923706055,10.45989990234375,10.449999809265137,10.449999809265137,12893.0
2024-09-16 12:15:00+00:00,AGNCN,25.924999237060547,25.924999237060547,25.941200256347656,25.924999237060547,25.941200256347656,0.0
2024-09-16 12:15:00+00:00,AGNCO,25.200000762939453,25.200000762939453,25.200000762939453,25.200000762939453,25.200000762939453,4370.0
2024-09-16 12:15:00+00:00,CSGP,78.52999877929688,78.52999877929688,78.52999877929688,78.52999877929688,78.52999877929688,2948.0
2024-09-16 12:15:00+00:00,GLPI,51.6150016784668,51.6150016784668,51.619998931884766,51.6150016784668,51.619998931884766,2940.0
2024-09-16 12:15:00+00:00,GOOD,16.030000686645508,16.030000686645508,16.030000686645508,16.030000686645508,16.030000686645508,700.0
2024-09-16 12:15:00+00:00,HST,17.424999237060547,17.424999237060547,17.43000030517578,17.415000915527344,17.415000915527344,8373.0
2024-09-16 12:15:00+00:00,ILPT,5.034999847412109,5.034999847412109,5.034999847412109,5.034999847412109,5.034999847412109,200.0
2024-09-16 12:15:00+00:00,LAMR,130.1199951171875,130.1199951171875,130.1999969482422,130.1199951171875,130.1999969482422,549.0
2024-09-16 12:15:00+00:00,LAND,14.5,14.5,14.5,14.5,14.5,622.0
2024-09-16 12:15:00+00:00,NMRK,14.850000381469727,14.850000381469727,14.850000381469727,14.835000038146973,14.835000038146973,12406.0
2024-09-16 12:15:00+00:00,NYMT,6.635000228881836,6.635000228881836,6.635000228881836,6.635000228881836,6.635000228881836,287.0
2024-09-16 12:15:00+00:00,OPEN,2.1480000019073486,2.1480000019073486,2.1480000019073486,2.140000104904175,2.1449999809265137,5839.0
2024-09-16 12:15:00+00:00,OPI,2.2149999141693115,2.2149999141693115,2.2149999141693115,2.2149999141693115,2.2149999141693115,147.0
2024-09-16 12:15:00+00:00,RDFN,13.505000114440918,13.505000114440918,13.505000114440918,13.50100040435791,13.505000114440918,68960.0
2024-09-16 12:15:00+00:00,ROIC,16.03499984741211,16.03499984741211,16.03499984741211,16.03499984741211,16.03499984741211,652.0
2024-09-16 12:15:00+00:00,SBRA,18.489999771118164,18.489999771118164,18.489999771118164,18.489999771118164,18.489999771118164,140.0
2024-09-16 12:15:00+00:00,SVC,4.510000228881836,4.510000228881836,4.514999866485596,4.510000228881836,4.514999866485596,2217.0
2024-09-16 12:15:00+00:00,UNIT,5.324999809265137,5.324999809265137,5.324999809265137,5.320000171661377,5.320000171661377,1280.0
2024-09-16 12:15:00+00:00,WHLR,7.449999809265137,7.449999809265137,7.489999771118164,7.423999786376953,7.480000019073486,26783.0
2024-09-16 12:16:00+00:00,AGNC,10.454999923706055,10.454999923706055,10.460000038146973,10.449999809265137,10.454999923706055,18078.0
2024-09-16 12:16:00+00:00,AGNCO,25.200000762939453,25.200000762939453,25.200000762939453,25.200000762939453,25.200000762939453,0.0
2024-09-16 12:16:00+00:00,DHC,3.5799999237060547,3.5799999237060547,3.5799999237060547,3.5799999237060547,3.5799999237060547,504.0
2024-09-16 12:16:00+00:00,EXPI,14.529999732971191,14.529999732971191,14.529999732971191,14.520000457763672,14.520000457763672,2426.0
2024-09-16 12:16:00+00:00,GLPI,51.619998931884766,51.619998931884766,51.619998931884766,51.619998931884766,51.619998931884766,1110.0
2024-09-16 12:16:00+00:00,HST,17.415000915527344,17.415000915527344,17.424999237060547,17.415000915527344,17.424999237060547,3633.0
2024-09-16 12:16:00+00:00,NMRK,14.84000015258789,14.84000015258789,14.864999771118164,14.84000015258789,14.859999656677246,14580.0
2024-09-16 12:16:00+00:00,OPEN,2.140000104904175,2.140000104904175,2.1454999446868896,2.132999897003174,2.1449999809265137,302025.0
2024-09-16 12:16:00+00:00,RDFN,13.479499816894531,13.479499816894531,13.505000114440918,13.45009994506836,13.505000114440918,23827.0
2024-09-16 12:16:00+00:00,REFI,16.02790069580078,16.02790069580078,16.02790069580078,16.02790069580078,16.02790069580078,1142.0
2024-09-16 12:16:00+00:00,REG,74.69999694824219,74.69999694824219,74.69999694824219,74.68000030517578,74.68000030517578,1101.0
2024-09-16 12:16:00+00:00,SBAC,246.35499572753906,246.35499572753906,246.49000549316406,246.33999633789062,246.33999633789062,1590.0
2024-09-16 12:16:00+00:00,SBRA,18.4950008392334,18.4950008392334,18.4950008392334,18.489999771118164,18.489999771118164,914.0
2024-09-16 12:16:00+00:00,SVC,4.510000228881836,4.510000228881836,4.510000228881836,4.510000228881836,4.510000228881836,780.0
2024-09-16 12:16:00+00:00,UNIT,5.324999809265137,5.324999809265137,5.324999809265137,5.324999809265137,5.324999809265137,1555.0
2024-09-16 12:16:00+00:00,WHLR,7.699399948120117,7.699399948120117,7.710000038146973,7.360000133514404,7.440000057220459,82659.0
2024-09-16 12:17:00+00:00,AFCG,10.449999809265137,10.449999809265137,10.449999809265137,10.449999809265137,10.449999809265137,927.0
2024-09-16 12:17:00+00:00,AGNC,10.454999923706055,10.454999923706055,10.458200454711914,10.449999809265137,10.454999923706055,11309.0
2024-09-16 12:17:00+00:00,CSGP,78.4800033569336,78.4800033569336,78.4800033569336,78.4800033569336,78.4800033569336,308.0
2024-09-16 12:17:00+00:00,EXPI,14.529999732971191,14.529999732971191,14.529999732971191,14.524999618530273,14.524999618530273,981.0
2024-09-16 12:17:00+00:00,FTHM,2.880000114440918,2.880000114440918,2.9100000858306885,2.880000114440918,2.9100000858306885,1139.0
2024-09-16 12:17:00+00:00,HST,17.405000686645508,17.405000686645508,17.415000915527344,17.405000686645508,17.415000915527344,5652.0
2024-09-16 12:17:00+00:00,ILPT,5.030099868774414,5.030099868774414,5.034999847412109,5.030099868774414,5.034999847412109,130.0
2024-09-16 12:17:00+00:00,LAMR,130.05999755859375,130.05999755859375,130.1699981689453,130.05999755859375,130.1699981689453,470.0
2024-09-16 12:17:00+00:00,NMRK,14.859999656677246,14.859999656677246,14.859999656677246,14.854999542236328,14.854999542236328,1320.0
2024-09-16 12:17:00+00:00,NYMT,6.639999866485596,6.639999866485596,6.639999866485596,6.639999866485596,6.639999866485596,207.0
2024-09-16 12:17:00+00:00,OPEN,2.1398000717163086,2.1398000717163086,2.1473000049591064,2.133699893951416,2.134999990463257,152557.0
2024-09-16 12:17:00+00:00,PECO,38.775001525878906,38.775001525878906,38.775001525878906,38.775001525878906,38.775001525878906,128.0
2024-09-16 12:17:00+00:00,RDFN,13.520000457763672,13.520000457763672,13.550000190734863,13.47029972076416,13.47029972076416,24570.0
2024-09-16 12:17:00+00:00,SBAC,246.34500122070312,246.34500122070312,246.34500122070312,246.34500122070312,246.34500122070312,104.0
2024-09-16 12:17:00+00:00,SBRA,18.4950008392334,18.4950008392334,18.5,18.4950008392334,18.4950008392334,2158.0
2024-09-16 12:17:00+00:00,UNIT,5.315000057220459,5.315000057220459,5.320000171661377,5.309999942779541,5.320000171661377,7119.0
2024-09-16 12:17:00+00:00,WHLR,7.716899871826172,7.716899871826172,7.840000152587891,7.619999885559082,7.684999942779541,92201.0
2024-09-16 12:18:00+00:00,AGNC,10.454999923706055,10.454999923706055,10.454999923706055,10.449999809265137,10.454999923706055,10055.0
2024-09-16 12:18:00+00:00,AGNCO,25.200000762939453,25.200000762939453,25.200000762939453,25.200000762939453,25.200000762939453,200.0
2024-09-16 12:18:00+00:00,BPYPN,12.859999656677246,12.859999656677246,12.859999656677246,12.859999656677246,12.859999656677246,1368.0
2024-09-16 12:18:00+00:00,CSGP,78.51000213623047,78.51000213623047,78.51000213623047,78.4800033569336,78.4800033569336,599.0
2024-09-16 12:18:00+00:00,DHC,3.5799999237060547,3.5799999237060547,3.5799999237060547,3.5799999237060547,3.5799999237060547,202.0
2024-09-16 12:18:00+00:00,EXPI,14.550000190734863,14.550000190734863,14.550000190734863,14.545000076293945,14.545000076293945,440.0
2024-09-16 12:18:00+00:00,FTHM,2.800100088119507,2.800100088119507,2.821500062942505,2.800100088119507,2.821500062942505,8785.0
2024-09-16 12:18:00+00:00,GLPI,51.63999938964844,51.63999938964844,51.63999938964844,51.630001068115234,51.630001068115234,480.0
2024-09-16 12:18:00+00:00,HST,17.405000686645508,17.405000686645508,17.40999984741211,17.405000686645508,17.405000686645508,6571.0
2024-09-16 12:18:00+00:00,ILPT,5.034999847412109,5.034999847412109,5.034999847412109,5.034999847412109,5.034999847412109,200.0
2024-09-16 12:18:00+00:00,LAMR,130.11500549316406,130.11500549316406,130.11500549316406,130.11500549316406,130.11500549316406,512.0
2024-09-16 12:18:00+00:00,LANDO,22.33209991455078,22.33209991455078,22.33209991455078,22.33209991455078,22.33209991455078,452.0
2024-09-16 12:18:00+00:00,LSEA,12.619999885559082,12.619999885559082,12.619999885559082,12.619999885559082,12.619999885559082,598.0
2024-09-16 12:18:00+00:00,NMRK,14.864999771118164,14.864999771118164,14.869999885559082,14.854999542236328,14.854999542236328,2943.0
2024-09-16 12:18:00+00:00,NYMT,6.635000228881836,6.635000228881836,6.639999866485596,6.635000228881836,6.639999866485596,653.0
2024-09-16 12:18:00+00:00,OPEN,2.1422998905181885,2.1422998905181885,2.1473000049591064,2.134700059890747,2.140000104904175,280014.0
2024-09-16 12:18:00+00:00,PECO,38.779998779296875,38.779998779296875,38.779998779296875,38.779998779296875,38.779998779296875,435.0
2024-09-16 12:18:00+00:00,RDFN,13.534500122070312,13.534500122070312,13.53499984741211,13.5,13.520000457763672,6728.0
2024-09-16 12:18:00+00:00,REAX,5.744999885559082,5.744999885559082,5.744999885559082,5.744999885559082,5.744999885559082,330.0
2024-09-16 12:18:00+00:00,REFI,16.059999465942383,16.059999465942383,16.059999465942383,16.030000686645508,16.030000686645508,633.0
2024-09-16 12:18:00+00:00,REG,74.72000122070312,74.72000122070312,74.72000122070312,74.70999908447266,74.70999908447266,1110.0
2024-09-16 12:18:00+00:00,ROIC,16.040000915527344,16.040000915527344,16.040000915527344,16.030000686645508,16.030000686645508,1155.0
2024-09-16 12:18:00+00:00,SBAC,246.25,246.25,246.44000244140625,246.14999389648438,246.34500122070312,4342.0
2024-09-16 12:18:00+00:00,SBRA,18.5049991607666,18.5049991607666,18.5049991607666,18.4950008392334,18.497499465942383,3664.0
2024-09-16 12:18:00+00:00,SEVN,13.875,13.875,13.875,13.875,13.875,1245.0
2024-09-16 12:18:00+00:00,SVC,4.510000228881836,4.510000228881836,4.514999866485596,4.510000228881836,4.510000228881836,328.0
2024-09-16 12:18:00+00:00,UNIT,5.315000057220459,5.315000057220459,5.315000057220459,5.315000057220459,5.315000057220459,1789.0
2024-09-16 12:18:00+00:00,WHLR,7.329999923706055,7.329999923706055,7.710000038146973,7.309999942779541,7.699999809265137,74094.0
2024-09-16 12:19:00+00:00,AGNC,10.454999923706055,10.454999923706055,10.460000038146973,10.449999809265137,10.454999923706055,69797.0
2024-09-16 12:19:00+00:00,BPYPO,14.149999618530273,14.149999618530273,14.149999618530273,14.149999618530273,14.149999618530273,669.0
2024-09-16 12:19:00+00:00,CHCI,8.670000076293945,8.670000076293945,8.670000076293945,8.670000076293945,8.670000076293945,3200.0
2024-09-16 12:19:00+00:00,CSGP,78.55000305175781,78.55000305175781,78.55000305175781,78.48999786376953,78.51000213623047,4920.0
2024-09-16 12:19:00+00:00,DHC,3.5799999237060547,3.5799999237060547,3.5799999237060547,3.5799999237060547,3.5799999237060547,1181.0
2024-09-16 12:19:00+00:00,DUO,0.4300000071525574,0.4300000071525574,0.4300000071525574,0.4300000071525574,0.4300000071525574,6019.0
2024-09-16 12:19:00+00:00,EXPI,14.579999923706055,14.579999923706055,14.579999923706055,14.5600004196167,14.5600004196167,2695.0
2024-09-16 12:19:00+00:00,FRPH,29.1200008392334,29.1200008392334,29.270000457763672,29.1200008392334,29.25,860.0
2024-09-16 12:19:00+00:00,GLPI,51.63999938964844,51.63999938964844,51.63999938964844,51.63999938964844,51.63999938964844,561.0
2024-09-16 12:19:00+00:00,HST,17.405000686645508,17.405000686645508,17.405000686645508,17.399999618530273,17.399999618530273,1637.0
2024-09-16 12:19:00+00:00,ILPT,5.037499904632568,5.037499904632568,5.037499904632568,5.034999847412109,5.034999847412109,444.0
2024-09-16 12:19:00+00:00,LAMR,130.24000549316406,130.24000549316406,130.24000549316406,130.1699981689453,130.19000244140625,1100.0
2024-09-16 12:19:00+00:00,LAND,14.479999542236328,14.479999542236328,14.494999885559082,14.479999542236328,14.494999885559082,914.0
2024-09-16 12:19:00+00:00,NMRK,14.880000114440918,14.880000114440918,14.880000114440918,14.875,14.875,1053.0
2024-09-16 12:19:00+00:00,NYMT,6.639999866485596,6.639999866485596,6.639999866485596,6.639999866485596,6.639999866485596,1961.0
2024-09-16 12:19:00+00:00,OPEN,2.1449999809265137,2.1449999809265137,2.1480000019073486,2.140000104904175,2.1421000957489014,80468.0
2024-09-16 12:19:00+00:00,OPI,2.2149999141693115,2.2149999141693115,2.2149999141693115,2.2149999141693115,2.2149999141693115,274.0
2024-09-16 12:19:00+00:00,PCH,45.52000045776367,45.52000045776367,45.529998779296875,45.52000045776367,45.529998779296875,472.0
2024-09-16 12:19:00+00:00,RDFN,13.5600004196167,13.5600004196167,13.585000038146973,13.533300399780273,13.533300399780273,19641.0
2024-09-16 12:19:00+00:00,REG,74.72000122070312,74.72000122070312,74.72000122070312,74.72000122070312,74.72000122070312,1006.0
2024-09-16 12:19:00+00:00,ROIC,16.040000915527344,16.040000915527344,16.040000915527344,16.040000915527344,16.040000915527344,279.0
2024-09-16 12:19:00+00:00,SBAC,246.22000122070312,246.22000122070312,246.22999572753906,246.1199951171875,246.1199951171875,1714.0
2024-09-16 12:19:00+00:00,SBRA,18.5,18.5,18.520000457763672,18.4950008392334,18.509899139404297,12241.0
2024-09-16 12:19:00+00:00,SVC,4.514999866485596,4.514999866485596,4.519999980926514,4.510000228881836,4.510000228881836,4902.0
2024-09-16 12:19:00+00:00,UNIT,5.309999942779541,5.309999942779541,5.315000057220459,5.309999942779541,5.315000057220459,1126.0
2024-09-16 12:19:00+00:00,WHLR,7.533199787139893,7.533199787139893,7.559899806976318,7.349999904632568,7.440000057220459,32343.0
2024-09-16 12:20:00+00:00,AGNC,10.454999923706055,10.454999923706055,10.460000038146973,10.449999809265137,10.460000038146973,9182.0
2024-09-16 12:20:00+00:00,AGNCL,24.170000076293945,24.170000076293945,24.170000076293945,24.170000076293945,24.170000076293945,800.0
2024-09-16 12:20:00+00:00,CHCI,8.670000076293945,8.670000076293945,8.670000076293945,8.670000076293945,8.670000076293945,0.0
2024-09-16 12:20:00+00:00,CSGP,78.51000213623047,78.51000213623047,78.51000213623047,78.51000213623047,78.51000213623047,818.0
2024-09-16 12:20:00+00:00,DHC,3.5899999141693115,3.5899999141693115,3.5899999141693115,3.5899999141693115,3.5899999141693115,379.0
2024-09-16 12:20:00+00:00,EXPI,14.579999923706055,14.579999923706055,14.585000038146973,14.579999923706055,14.579999923706055,1804.0
2024-09-16 12:20:00+00:00,GLPI,51.63999938964844,51.63999938964844,51.63999938964844,51.63999938964844,51.63999938964844,496.0
2024-09-16 12:20:00+00:00,GOOD,16.050100326538086,16.050100326538086,16.050100326538086,16.050100326538086,16.050100326538086,136.0
2024-09-16 12:20:00+00:00,HST,17.390100479125977,17.390100479125977,17.399999618530273,17.389999389648438,17.399999618530273,13560.0
2024-09-16 12:20:00+00:00,LAMR,130.16000366210938,130.16000366210938,130.27999877929688,130.16000366210938,130.1750030517578,804.0
2024-09-16 12:20:00+00:00,NMRK,14.890000343322754,14.890000343322754,14.890000343322754,14.885000228881836,14.885000228881836,1736.0
2024-09-16 12:20:00+00:00,NYMTZ,20.78809928894043,20.78809928894043,20.78809928894043,20.78809928894043,20.78809928894043,1350.0
2024-09-16 12:20:00+00:00,OPEN,2.1449999809265137,2.1449999809265137,2.14739990234375,2.134999990463257,2.1401000022888184,345348.0
2024-09-16 12:20:00+00:00,PCH,45.525001525878906,45.525001525878906,45.525001525878906,45.525001525878906,45.525001525878906,215.0
2024-09-16 12:20:00+00:00,PECO,38.79999923706055,38.79999923706055,38.79999923706055,38.79999923706055,38.79999923706055,202.0
2024-09-16 12:20:00+00:00,RDFN,13.548700332641602,13.548700332641602,13.5600004196167,13.534899711608887,13.5600004196167,7043.0
2024-09-16 12:20:00+00:00,REAX,5.75,5.75,5.75,5.75,5.75,1200.0
2024-09-16 12:20:00+00:00,RMR,25.139999389648438,25.139999389648438,25.139999389648438,25.139999389648438,25.139999389648438,630.0
2024-09-16 12:20:00+00:00,ROIC,16.040000915527344,16.040000915527344,16.040000915527344,16.040000915527344,16.040000915527344,807.0
2024-09-16 12:20:00+00:00,SBAC,246.21499633789062,246.21499633789062,246.21499633789062,246.1199951171875,246.1199951171875,1404.0
2024-09-16 12:20:00+00:00,SBRA,18.485000610351562,18.485000610351562,18.489999771118164,18.485000610351562,18.489999771118164,4520.0
2024-09-16 12:20:00+00:00,SVC,4.510000228881836,4.510000228881836,4.510000228881836,4.510000228881836,4.510000228881836,127.0
2024-09-16 12:20:00+00:00,UNIT,5.309999942779541,5.309999942779541,5.315000057220459,5.309999942779541,5.315000057220459,1418.0
2024-09-16 12:20:00+00:00,WHLR,7.510000228881836,7.510000228881836,7.679999828338623,7.5,7.539999961853027,22777.0
2024-09-16 12:21:00+00:00,AGNC,10.454999923706055,10.454999923706055,10.460000038146973,10.449999809265137,10.454999923706055,17194.0
2024-09-16 12:21:00+00:00,CSGP,78.51000213623047,78.51000213623047,78.51000213623047,78.50070190429688,78.51000213623047,4841.0
2024-09-16 12:21:00+00:00,DHC,3.5999999046325684,3.5999999046325684,3.5999999046325684,3.5999999046325684,3.5999999046325684,356.0
2024-09-16 12:21:00+00:00,GLPI,51.65999984741211,51.65999984741211,51.65999984741211,51.63999938964844,51.63999938964844,8155.0
2024-09-16 12:21:00+00:00,GOOD,16.06999969482422,16.06999969482422,16.06999969482422,16.06999969482422,16.06999969482422,252.0
2024-09-16 12:21:00+00:00,HST,17.395000457763672,17.395000457763672,17.399999618530273,17.395000457763672,17.395000457763672,7779.0
2024-09-16 12:21:00+00:00,ILPT,5.034999847412109,5.034999847412109,5.034999847412109,5.034999847412109,5.034999847412109,278.0
2024-09-16 12:21:00+00:00,LAMR,130.1300048828125,130.1300048828125,130.14999389648438,130.05999755859375,130.14999389648438,2733.0
2024-09-16 12:21:00+00:00,NMRK,14.904999732971191,14.904999732971191,14.904999732971191,14.899999618530273,14.899999618530273,251.0
2024-09-16 12:21:00+00:00,NYMT,6.635000228881836,6.635000228881836,6.635000228881836,6.635000228881836,6.635000228881836,1513.0
2024-09-16 12:21:00+00:00,OPEN,2.137700080871582,2.137700080871582,2.140000104904175,2.1301000118255615,2.140000104904175,170738.0
2024-09-16 12:21:00+00:00,PCH,45.55500030517578,45.55500030517578,45.56999969482422,45.54999923706055,45.54999923706055,1418.0
2024-09-16 12:21:00+00:00,PECO,38.79999923706055,38.79999923706055,38.810001373291016,38.79999923706055,38.810001373291016,815.0
2024-09-16 12:21:00+00:00,RDFN,13.503399848937988,13.503399848937988,13.539999961853027,13.503399848937988,13.539999961853027,13447.0
2024-09-16 12:21:00+00:00,REG,74.7300033569336,74.7300033569336,74.7300033569336,74.69999694824219,74.69999694824219,1317.0
2024-09-16 12:21:00+00:00,SBRA,18.5049991607666,18.5049991607666,18.510000228881836,18.479999542236328,18.479999542236328,19177.0
2024-09-16 12:21:00+00:00,SVC,4.514999866485596,4.514999866485596,4.514999866485596,4.510000228881836,4.510000228881836,204.0
2024-09-16 12:21:00+00:00,UNIT,5.309999942779541,5.309999942779541,5.315000057220459,5.309999942779541,5.315000057220459,1088.0
2024-09-16 12:21:00+00:00,WHLR,7.607999801635742,7.607999801635742,7.699900150299072,7.559999942779541,7.559999942779541,29638.0
2024-09-16 12:22:00+00:00,AGNC,10.449999809265137,10.449999809265137,10.460000038146973,10.449999809265137,10.460000038146973,13757.0
2024-09-16 12:22:00+00:00,CSGP,78.51000213623047,78.51000213623047,78.51499938964844,78.48999786376953,78.51499938964844,1336.0
2024-09-16 12:22:00+00:00,DHC,3.5850000381469727,3.5850000381469727,3.5950000286102295,3.5850000381469727,3.5899999141693115,34345.0
2024-09-16 12:22:00+00:00,EXPI,14.569999694824219,14.569999694824219,14.574999809265137,14.569999694824219,14.574999809265137,1636.0
2024-09-16 12:22:00+00:00,FSV,180.10000610351562,180.10000610351562,180.10000610351562,180.10000610351562,180.10000610351562,256.0
2024-09-16 12:22:00+00:00,GLPI,51.66999816894531,51.66999816894531,51.66999816894531,51.66999816894531,51.66999816894531,492.0
2024-09-16 12:22:00+00:00,GOOD,16.060800552368164,16.060800552368164,16.060800552368164,16.060800552368164,16.060800552368164,241.0
2024-09-16 12:22:00+00:00,HST,17.395000457763672,17.395000457763672,17.399999618530273,17.389999389648438,17.395000457763672,11433.0
2024-09-16 12:22:00+00:00,LAND,14.501399993896484,14.501399993896484,14.501399993896484,14.501399993896484,14.501399993896484,580.0
2024-09-16 12:22:00+00:00,NMRK,14.904999732971191,14.904999732971191,14.90999984741211,14.904999732971191,14.904999732971191,7664.0
2024-09-16 12:22:00+00:00,NYMT,6.639999866485596,6.639999866485596,6.639999866485596,6.635000228881836,6.635000228881836,1314.0
2024-09-16 12:22:00+00:00,OPEN,2.1386001110076904,2.1386001110076904,2.1386001110076904,2.130000114440918,2.138000011444092,58134.0
2024-09-16 12:22:00+00:00,OPI,2.2149999141693115,2.2149999141693115,2.216099977493286,2.2149999141693115,2.216099977493286,417.0
2024-09-16 12:22:00+00:00,PCH,45.560001373291016,45.560001373291016,45.560001373291016,45.560001373291016,45.560001373291016,844.0
2024-09-16 12:22:00+00:00,PECO,38.79999923706055,38.79999923706055,38.79999923706055,38.79999923706055,38.79999923706055,317.0
2024-09-16 12:22:00+00:00,RDFN,13.46500015258789,13.46500015258789,13.510000228881836,13.46500015258789,13.510000228881836,7209.0
2024-09-16 12:22:00+00:00,REAX,5.75,5.75,5.75,5.75,5.75,710.0
2024-09-16 12:22:00+00:00,REG,74.72000122070312,74.72000122070312,74.75,74.72000122070312,74.75,767.0
2024-09-16 12:22:00+00:00,ROIC,16.03499984741211,16.03499984741211,16.040000915527344,16.03499984741211,16.040000915527344,456.0
2024-09-16 12:22:00+00:00,SBAC,246.3699951171875,246.3699951171875,246.3699951171875,246.23500061035156,246.23500061035156,1720.0
2024-09-16 12:22:00+00:00,SBRA,18.514999389648438,18.514999389648438,18.530000686645508,18.510000228881836,18.510000228881836,7420.0
2024-09-16 12:22:00+00:00,SVC,4.510000228881836,4.510000228881836,4.514999866485596,4.510000228881836,4.514999866485596,730.0
2024-09-16 12:22:00+00:00,UNIT,5.309999942779541,5.309999942779541,5.315000057220459,5.309999942779541,5.309999942779541,1775.0
2024-09-16 12:22:00+00:00,WHLR,7.646200180053711,7.646200180053711,7.679999828338623,7.610000133514404,7.619999885559082,15827.0
2024-09-16 12:23:00+00:00,AGNC,10.454999923706055,10.454999923706055,10.45989990234375,10.449999809265137,10.449999809265137,8381.0
2024-09-16 12:23:00+00:00,CSGP,78.5199966430664,78.5199966430664,78.52999877929688,78.5199966430664,78.52999877929688,2023.0
2024-09-16 12:23:00+00:00,DHC,3.5850000381469727,3.5850000381469727,3.609999895095825,3.5850000381469727,3.5899999141693115,20594.0
2024-09-16 12:23:00+00:00,EQIX,878.1298828125,878.1298828125,878.1298828125,878.1298828125,878.1298828125,1731.0
2024-09-16 12:23:00+00:00,GLPI,51.65999984741211,51.65999984741211,51.67430114746094,51.65999984741211,51.67430114746094,3846.0
2024-09-16 12:23:00+00:00,GOOD,16.049999237060547,16.049999237060547,16.049999237060547,16.049999237060547,16.049999237060547,566.0
2024-09-16 12:23:00+00:00,HST,17.405000686645508,17.405000686645508,17.40999984741211,17.395000457763672,17.399999618530273,8505.0
2024-09-16 12:23:00+00:00,ILPT,5.034999847412109,5.034999847412109,5.034999847412109,5.034999847412109,5.034999847412109,138.0
2024-09-16 12:23:00+00:00,LAND,14.510000228881836,14.510000228881836,14.510000228881836,14.510000228881836,14.510000228881836,1023.0
2024-09-16 12:23:00+00:00,NMRK,14.904999732971191,14.904999732971191,14.904999732971191,14.904999732971191,14.904999732971191,4.0
2024-09-16 12:23:00+00:00,NYMTN,22.389999389648438,22.389999389648438,22.389999389648438,22.389999389648438,22.389999389648438,285.0
2024-09-16 12:23:00+00:00,OPEN,2.134999990463257,2.134999990463257,2.140000104904175,2.130000114440918,2.1373000144958496,75333.0
2024-09-16 12:23:00+00:00,PECO,38.79499816894531,38.79499816894531,38.79999923706055,38.79499816894531,38.79999923706055,767.0
2024-09-16 12:23:00+00:00,RDFN,13.484700202941895,13.484700202941895,13.484700202941895,13.45009994506836,13.45009994506836,13797.0
2024-09-16 12:23:00+00:00,REG,74.69000244140625,74.69000244140625,74.7249984741211,74.69000244140625,74.7249984741211,1490.0
2024-09-16 12:23:00+00:00,SBRA,18.514999389648438,18.514999389648438,18.514999389648438,18.514999389648438,18.514999389648438,952.0
2024-09-16 12:23:00+00:00,SOHO,1.2200000286102295,1.2200000286102295,1.2200000286102295,1.2200000286102295,1.2200000286102295,500.0
2024-09-16 12:23:00+00:00,SVC,4.514999866485596,4.514999866485596,4.514999866485596,4.510000228881836,4.510000228881836,327.0
2024-09-16 12:23:00+00:00,UNIT,5.320000171661377,5.320000171661377,5.335000038146973,5.320000171661377,5.320000171661377,24186.0
2024-09-16 12:23:00+00:00,WHLR,7.619999885559082,7.619999885559082,7.679999828338623,7.579999923706055,7.65500020980835,27055.0
2024-09-16 12:24:00+00:00,AGNC,10.454000473022461,10.454000473022461,10.454999923706055,10.449999809265137,10.454999923706055,22100.0
2024-09-16 12:24:00+00:00,AGNCL,24.18000030517578,24.18000030517578,24.239900588989258,24.170000076293945,24.204999923706055,2305.0
2024-09-16 12:24:00+00:00,BPYPN,12.859999656677246,12.859999656677246,12.859999656677246,12.859999656677246,12.859999656677246,1.0
2024-09-16 12:24:00+00:00,CHCI,8.670000076293945,8.670000076293945,8.670000076293945,8.670000076293945,8.670000076293945,0.0
2024-09-16 12:24:00+00:00,CSGP,78.54499816894531,78.54499816894531,78.55000305175781,78.5199966430664,78.53500366210938,5121.0
2024-09-16 12:24:00+00:00,DHC,3.5899999141693115,3.5899999141693115,3.5899999141693115,3.575000047683716,3.5850000381469727,22425.0
2024-09-16 12:24:00+00:00,EXPI,14.579999923706055,14.579999923706055,14.579999923706055,14.579999923706055,14.579999923706055,1201.0
2024-09-16 12:24:00+00:00,HST,17.399999618530273,17.399999618530273,17.405000686645508,17.389999389648438,17.405000686645508,6765.0
2024-09-16 12:24:00+00:00,LAMR,130.15499877929688,130.15499877929688,130.15499877929688,130.08999633789062,130.08999633789062,394.0
2024-09-16 12:24:00+00:00,LAND,14.510000228881836,14.510000228881836,14.510000228881836,14.510000228881836,14.510000228881836,505.0
2024-09-16 12:24:00+00:00,NMRK,14.880000114440918,14.880000114440918,14.899999618530273,14.880000114440918,14.899999618530273,12454.0
2024-09-16 12:24:00+00:00,OPEN,2.140000104904175,2.140000104904175,2.140000104904175,2.130000114440918,2.134999990463257,10539.0
2024-09-16 12:24:00+00:00,OPI,2.2191998958587646,2.2191998958587646,2.2191998958587646,2.2191998958587646,2.2191998958587646,533.0
2024-09-16 12:24:00+00:00,PECO,38.79999923706055,38.79999923706055,38.79999923706055,38.79999923706055,38.79999923706055,799.0
2024-09-16 12:24:00+00:00,RDFN,13.489899635314941,13.489899635314941,13.489899635314941,13.48169994354248,13.484399795532227,2874.0
2024-09-16 12:24:00+00:00,REG,74.66000366210938,74.66000366210938,74.66000366210938,74.66000366210938,74.66000366210938,566.0
2024-09-16 12:24:00+00:00,SBRA,18.55500030517578,18.55500030517578,18.559999465942383,18.514999389648438,18.514999389648438,162702.0
2024-09-16 12:24:00+00:00,SVC,4.489999771118164,4.489999771118164,4.514999866485596,4.489999771118164,4.514999866485596,22673.0
2024-09-16 12:24:00+00:00,UNIT,5.329999923706055,5.329999923706055,5.329999923706055,5.324999809265137,5.324999809265137,4472.0
2024-09-16 12:24:00+00:00,WHLR,7.590000152587891,7.590000152587891,7.625,7.5,7.625,25899.0
2024-09-16 12:25:00+00:00,AFCG,10.46500015258789,10.46500015258789,10.46500015258789,10.46500015258789,10.46500015258789,125.0
2024-09-16 12:25:00+00:00,AGNC,10.454999923706055,10.454999923706055,10.460000038146973,10.449999809265137,10.449999809265137,11654.0
2024-09-16 12:25:00+00:00,AGNCL,24.239900588989258,24.239900588989258,24.239900588989258,24.239900588989258,24.239900588989258,690.0
2024-09-16 12:25:00+00:00,CSGP,78.51000213623047,78.51000213623047,78.55999755859375,78.51000213623047,78.52999877929688,5370.0
2024-09-16 12:25:00+00:00,DHC,3.5899999141693115,3.5899999141693115,3.5910000801086426,3.5899999141693115,3.5899999141693115,9689.0
2024-09-16 12:25:00+00:00,DUO,0.4300000071525574,0.4300000071525574,0.4300000071525574,0.4300000071525574,0.4300000071525574,5036.0
2024-09-16 12:25:00+00:00,EXPI,14.600000381469727,14.600000381469727,14.600000381469727,14.59000015258789,14.59000015258789,2437.0
2024-09-16 12:25:00+00:00,GLPI,51.66999816894531,51.66999816894531,51.68000030517578,51.66999816894531,51.68000030517578,738.0
2024-09-16 12:25:00+00:00,HST,17.395000457763672,17.395000457763672,17.399999618530273,17.395000457763672,17.395000457763672,6914.0
2024-09-16 12:25:00+00:00,ILPT,5.034999847412109,5.034999847412109,5.034999847412109,5.034999847412109,5.034999847412109,304.0
2024-09-16 12:25:00+00:00,LAMR,130.15499877929688,130.15499877929688,130.22999572753906,130.15499877929688,130.22999572753906,222.0
2024-09-16 12:25:00+00:00,LSEA,12.645999908447266,12.645999908447266,12.645999908447266,12.640000343322754,12.640000343322754,1573.0
2024-09-16 12:25:00+00:00,NMRK,14.899999618530273,14.899999618530273,14.899999618530273,14.875,14.875,3421.0
2024-09-16 12:25:00+00:00,NYMT,6.639999866485596,6.639999866485596,6.639999866485596,6.635000228881836,6.635000228881836,1120.0
2024-09-16 12:25:00+00:00,NYMTN,22.440000534057617,22.440000534057617,22.440000534057617,22.440000534057617,22.440000534057617,440.0
2024-09-16 12:25:00+00:00,OPEN,2.1454999446868896,2.1454999446868896,2.147200107574463,2.134500026702881,2.134999990463257,321505.0
2024-09-16 12:25:00+00:00,PCH,45.61000061035156,45.61000061035156,45.61000061035156,45.57500076293945,45.57500076293945,1651.0
2024-09-16 12:25:00+00:00,PECO,38.79999923706055,38.79999923706055,38.81999969482422,38.79999923706055,38.81999969482422,1652.0
2024-09-16 12:25:00+00:00,RDFN,13.510000228881836,13.510000228881836,13.520000457763672,13.470000267028809,13.489999771118164,11023.0
2024-09-16 12:25:00+00:00,REFI,16.049999237060547,16.049999237060547,16.059999465942383,16.049999237060547,16.059999465942383,1055.0
2024-09-16 12:25:00+00:00,RMR,25.170000076293945,25.170000076293945,25.170000076293945,25.170000076293945,25.170000076293945,273.0
2024-09-16 12:25:00+00:00,ROIC,16.03499984741211,16.03499984741211,16.03499984741211,16.03499984741211,16.03499984741211,970.0
2024-09-16 12:25:00+00:00,SBAC,246.47000122070312,246.47000122070312,246.47000122070312,246.47000122070312,246.47000122070312,232.0
2024-09-16 12:25:00+00:00,SBRA,18.550199508666992,18.550199508666992,18.565000534057617,18.549999237060547,18.55500030517578,8236.0
2024-09-16 12:25:00+00:00,SVC,4.480000019073486,4.480000019073486,4.489999771118164,4.480000019073486,4.489999771118164,4989.0
2024-09-16 12:25:00+00:00,UK,1.399999976158142,1.399999976158142,1.399999976158142,1.399999976158142,1.399999976158142,8329.0
2024-09-16 12:25:00+00:00,UNIT,5.335000038146973,5.335000038146973,5.340000152587891,5.329999923706055,5.329999923706055,4437.0
2024-09-16 12:25:00+00:00,WHLR,7.589000225067139,7.589000225067139,7.590000152587891,7.519999980926514,7.570000171661377,11461.0
2024-09-16 12:26:00+00:00,AFCG,10.460000038146973,10.460000038146973,10.460000038146973,10.460000038146973,10.460000038146973,496.0
2024-09-16 12:26:00+00:00,AGNC,10.456100463867188,10.456100463867188,10.460000038146973,10.449999809265137,10.454999923706055,8169.0
2024-09-16 12:26:00+00:00,AGNCO,25.190099716186523,25.190099716186523,25.190099716186523,25.190099716186523,25.190099716186523,152.0
2024-09-16 12:26:00+00:00,CIGI,146.52000427246094,146.52000427246094,146.52000427246094,146.52000427246094,146.52000427246094,359.0
2024-09-16 12:26:00+00:00,CSGP,78.54000091552734,78.54000091552734,78.56999969482422,78.50499725341797,78.50499725341797,7184.0
2024-09-16 12:26:00+00:00,DHC,3.5950000286102295,3.5950000286102295,3.5950000286102295,3.5899999141693115,3.5899999141693115,2550.0
2024-09-16 12:26:00+00:00,EQIX,876.9199829101562,876.9199829101562,876.9199829101562,876.9199829101562,876.9199829101562,135.0
2024-09-16 12:26:00+00:00,EXPI,14.614999771118164,14.614999771118164,14.614999771118164,14.609999656677246,14.609999656677246,776.0
2024-09-16 12:26:00+00:00,FTHM,2.950000047683716,2.950000047683716,2.950000047683716,2.9100000858306885,2.9100000858306885,1314.0
2024-09-16 12:26:00+00:00,GOOD,16.06999969482422,16.06999969482422,16.06999969482422,16.06999969482422,16.06999969482422,688.0
2024-09-16 12:26:00+00:00,HST,17.395000457763672,17.395000457763672,17.405000686645508,17.395000457763672,17.395000457763672,13900.0
2024-09-16 12:26:00+00:00,ILPT,5.039999961853027,5.039999961853027,5.039999961853027,5.034999847412109,5.034999847412109,933.0
2024-09-16 12:26:00+00:00,LAMR,130.27999877929688,130.27999877929688,130.31500244140625,130.24000549316406,130.24000549316406,1942.0
2024-09-16 12:26:00+00:00,LAND,14.539299964904785,14.539299964904785,14.539299964904785,14.539299964904785,14.539299964904785,276.0
2024-09-16 12:26:00+00:00,NMRK,14.930000305175781,14.930000305175781,14.930000305175781,14.904999732971191,14.90999984741211,1179.0
2024-09-16 12:26:00+00:00,NYMT,6.650000095367432,6.650000095367432,6.650000095367432,6.650000095367432,6.650000095367432,414.0
2024-09-16 12:26:00+00:00,OPEN,2.1514999866485596,2.1514999866485596,2.159899950027466,2.140000104904175,2.1459999084472656,311936.0
2024-09-16 12:26:00+00:00,OPI,2.2149999141693115,2.2149999141693115,2.2149999141693115,2.2149999141693115,2.2149999141693115,506.0
2024-09-16 12:26:00+00:00,PCH,45.529998779296875,45.529998779296875,45.619998931884766,45.529998779296875,45.619998931884766,1903.0
2024-09-16 12:26:00+00:00,RDFN,13.524900436401367,13.524900436401367,13.529999732971191,13.484999656677246,13.50570011138916,17743.0
2024-09-16 12:26:00+00:00,REAX,5.769999980926514,5.769999980926514,5.769999980926514,5.75,5.75,4891.0
2024-09-16 12:26:00+00:00,REG,74.69000244140625,74.69000244140625,74.69000244140625,74.66999816894531,74.66999816894531,2720.0
2024-09-16 12:26:00+00:00,SBAC,246.39500427246094,246.39500427246094,246.39500427246094,246.39500427246094,246.39500427246094,1310.0
2024-09-16 12:26:00+00:00,SBRA,18.559999465942383,18.559999465942383,18.559999465942383,18.549999237060547,18.55500030517578,3263.0
2024-09-16 12:26:00+00:00,SEVN,13.875,13.875,13.880000114440918,13.875,13.880000114440918,1324.0
2024-09-16 12:26:00+00:00,SOHO,1.2100000381469727,1.2100000381469727,1.2100000381469727,1.2100000381469727,1.2100000381469727,295.0
2024-09-16 12:26:00+00:00,SVC,4.494999885559082,4.494999885559082,4.494999885559082,4.485000133514404,4.489200115203857,10873.0
2024-09-16 12:26:00+00:00,UNIT,5.335000038146973,5.335000038146973,5.340000152587891,5.335000038146973,5.340000152587891,1922.0
2024-09-16 12:26:00+00:00,WHLR,7.7484002113342285,7.7484002113342285,7.820000171661377,7.579999923706055,7.593800067901611,86404.0
2024-09-16 12:27:00+00:00,AFCG,10.46500015258789,10.46500015258789,10.46500015258789,10.46500015258789,10.46500015258789,200.0
2024-09-16 12:27:00+00:00,AGNC,10.454999923706055,10.454999923706055,10.460000038146973,10.454999923706055,10.454999923706055,20403.0
2024-09-16 12:27:00+00:00,CSGP,78.56999969482422,78.56999969482422,78.56999969482422,78.56999969482422,78.56999969482422,255.0
2024-09-16 12:27:00+00:00,EQIX,876.9400024414062,876.9400024414062,876.9400024414062,876.9400024414062,876.9400024414062,697.0
2024-09-16 12:27:00+00:00,EXPI,14.59000015258789,14.59000015258789,14.600000381469727,14.59000015258789,14.600000381469727,4138.0
2024-09-16 12:27:00+00:00,GLPI,51.695499420166016,51.695499420166016,51.695499420166016,51.695499420166016,51.695499420166016,286.0
2024-09-16 12:27:00+00:00,HST,17.399999618530273,17.399999618530273,17.399999618530273,17.395000457763672,17.395000457763672,3032.0
2024-09-16 12:27:00+00:00,NMRK,14.930000305175781,14.930000305175781,14.9350004196167,14.928999900817871,14.9350004196167,10016.0
2024-09-16 12:27:00+00:00,OPEN,2.1549999713897705,2.1549999713897705,2.1600000858306885,2.140000104904175,2.1549999713897705,291492.0
2024-09-16 12:27:00+00:00,RDFN,13.524999618530273,13.524999618530273,13.524999618530273,13.489999771118164,13.520000457763672,22186.0
2024-09-16 12:27:00+00:00,REAX,5.772299766540527,5.772299766540527,5.772299766540527,5.769999980926514,5.769999980926514,556.0
2024-09-16 12:27:00+00:00,RMR,25.219999313354492,25.219999313354492,25.219999313354492,25.219999313354492,25.219999313354492,500.0
2024-09-16 12:27:00+00:00,ROIC,16.05500030517578,16.05500030517578,16.05500030517578,16.040000915527344,16.040000915527344,1220.0
2024-09-16 12:27:00+00:00,SBRA,18.579999923706055,18.579999923706055,18.579999923706055,18.565000534057617,18.56999969482422,2483.0
2024-09-16 12:27:00+00:00,SQFTW,0.03280000016093254,0.03280000016093254,0.033900000154972076,0.030700000002980232,0.03280000016093254,1300.0
2024-09-16 12:27:00+00:00,UNIT,5.335000038146973,5.335000038146973,5.335000038146973,5.335000038146973,5.335000038146973,1428.0
2024-09-16 12:27:00+00:00,WHLR,7.736800193786621,7.736800193786621,7.75,7.579999923706055,7.747200012207031,41999.0
2024-09-16 12:28:00+00:00,AFCG,10.46500015258789,10.46500015258789,10.46500015258789,10.46500015258789,10.46500015258789,200.0
2024-09-16 12:28:00+00:00,AGNC,10.454999923706055,10.454999923706055,10.460000038146973,10.45009994506836,10.454999923706055,14569.0
2024-09-16 12:28:00+00:00,BPYPO,14.1899995803833,14.1899995803833,14.1899995803833,14.1899995803833,14.1899995803833,116.0
2024-09-16 12:28:00+00:00,CSGP,78.55000305175781,78.55000305175781,78.58000183105469,78.55000305175781,78.56999969482422,4305.0
2024-09-16 12:28:00+00:00,FSV,180.39999389648438,180.39999389648438,180.39999389648438,180.39999389648438,180.39999389648438,757.0
2024-09-16 12:28:00+00:00,GLPI,51.709999084472656,51.709999084472656,51.709999084472656,51.689998626708984,51.69200134277344,3300.0
2024-09-16 12:28:00+00:00,HST,17.40999984741211,17.40999984741211,17.40999984741211,17.395000457763672,17.395000457763672,4354.0
2024-09-16 12:28:00+00:00,LAND,14.539999961853027,14.539999961853027,14.539999961853027,14.539999961853027,14.539999961853027,330.0
2024-09-16 12:28:00+00:00,OPEN,2.1577000617980957,2.1577000617980957,2.1600000858306885,2.150099992752075,2.1549999713897705,13937.0
2024-09-16 12:28:00+00:00,OPI,2.2149999141693115,2.2149999141693115,2.2149999141693115,2.2149999141693115,2.2149999141693115,906.0
2024-09-16 12:28:00+00:00,PECO,38.84000015258789,38.84000015258789,38.84000015258789,38.83000183105469,38.83000183105469,1360.0
2024-09-16 12:28:00+00:00,RDFN,13.539999961853027,13.539999961853027,13.545000076293945,13.5,13.529999732971191,12025.0
2024-09-16 12:28:00+00:00,REG,74.69999694824219,74.69999694824219,74.69999694824219,74.69999694824219,74.69999694824219,213.0
2024-09-16 12:28:00+00:00,SBAC,246.47000122070312,246.47000122070312,246.5449981689453,246.47000122070312,246.5449981689453,1419.0
2024-09-16 12:28:00+00:00,SBRA,18.59000015258789,18.59000015258789,18.594999313354492,18.584999084472656,18.59000015258789,2872.0
2024-09-16 12:28:00+00:00,SEVN,13.880000114440918,13.880000114440918,13.880000114440918,13.880000114440918,13.880000114440918,541.0
2024-09-16 12:28:00+00:00,SVC,4.498600006103516,4.498600006103516,4.498600006103516,4.498600006103516,4.498600006103516,1462.0
2024-09-16 12:28:00+00:00,UNIT,5.339900016784668,5.339900016784668,5.340000152587891,5.335000038146973,5.340000152587891,2955.0
2024-09-16 12:28:00+00:00,WHLR,7.847599983215332,7.847599983215332,7.859000205993652,7.670000076293945,7.75,67322.0
2024-09-16 12:29:00+00:00,AGNC,10.454999923706055,10.454999923706055,10.460000038146973,10.449999809265137,10.449999809265137,14048.0
2024-09-16 12:29:00+00:00,BPYPN,12.859999656677246,12.859999656677246,12.859999656677246,12.859999656677246,12.859999656677246,317.0
2024-09-16 12:29:00+00:00,CIGI,146.75,146.75,146.75,146.5,146.5,234.0
2024-09-16 12:29:00+00:00,CSGP,78.58000183105469,78.58000183105469,78.58000183105469,78.56999969482422,78.56999969482422,509.0
2024-09-16 12:29:00+00:00,HST,17.405000686645508,17.405000686645508,17.40999984741211,17.405000686645508,17.40999984741211,2701.0
2024-09-16 12:29:00+00:00,LAMR,130.35000610351562,130.35000610351562,130.35000610351562,130.35000610351562,130.35000610351562,396.0
2024-09-16 12:29:00+00:00,LAND,14.541799545288086,14.541799545288086,14.541799545288086,14.541799545288086,14.541799545288086,3384.0
2024-09-16 12:29:00+00:00,LSEA,12.680000305175781,12.680000305175781,12.680000305175781,12.665399551391602,12.680000305175781,615.0
2024-09-16 12:29:00+00:00,NMRK,14.9350004196167,14.9350004196167,14.9350004196167,14.9350004196167,14.9350004196167,400.0
2024-09-16 12:29:00+00:00,NYMT,6.650000095367432,6.650000095367432,6.650000095367432,6.650000095367432,6.650000095367432,581.0
2024-09-16 12:29:00+00:00,OPEN,2.155900001525879,2.155900001525879,2.1572000980377197,2.150099992752075,2.1549999713897705,70895.0
2024-09-16 12:29:00+00:00,OPI,2.2149999141693115,2.2149999141693115,2.2149999141693115,2.2149999141693115,2.2149999141693115,479.0
2024-09-16 12:29:00+00:00,RDFN,13.524999618530273,13.524999618530273,13.539999961853027,13.510000228881836,13.529999732971191,7861.0
2024-09-16 12:29:00+00:00,REAX,5.800000190734863,5.800000190734863,5.800000190734863,5.78000020980835,5.78000020980835,2491.0
2024-09-16 12:29:00+00:00,REG,74.69999694824219,74.69999694824219,74.69999694824219,74.69999694824219,74.69999694824219,336.0
2024-09-16 12:29:00+00:00,SBAC,246.58999633789062,246.58999633789062,246.58999633789062,246.4949951171875,246.58999633789062,2645.0
2024-09-16 12:29:00+00:00,SBRA,18.59000015258789,18.59000015258789,18.59000015258789,18.584999084472656,18.59000015258789,2593.0
2024-09-16 12:29:00+00:00,SOHO,1.2100000381469727,1.2100000381469727,1.2100000381469727,1.2100000381469727,1.2100000381469727,506.0
2024-09-16 12:29:00+00:00,UNIT,5.335000038146973,5.335000038146973,5.338799953460693,5.329999923706055,5.329999923706055,3085.0
2024-09-16 12:29:00+00:00,WHLR,7.829999923706055,7.829999923706055,7.880000114440918,7.770100116729736,7.820000171661377,67784.0
2024-09-16 12:30:00+00:00,AFCG,10.46500015258789,10.46500015258789,10.46500015258789,10.46500015258789,10.46500015258789,100.0
2024-09-16 12:30:00+00:00,AGNC,10.454999923706055,10.454999923706055,10.460000038146973,10.449999809265137,10.460000038146973,10988.0
2024-09-16 12:30:00+00:00,CSGP,78.56500244140625,78.56500244140625,78.56500244140625,78.56500244140625,78.56500244140625,2409.0
2024-09-16 12:30:00+00:00,DHC,3.5950000286102295,3.5950000286102295,3.5950000286102295,3.5950000286102295,3.5950000286102295,1805.0
2024-09-16 12:30:00+00:00,EXPI,14.630000114440918,14.630000114440918,14.640000343322754,14.630000114440918,14.640000343322754,905.0
2024-09-16 12:30:00+00:00,FTHM,2.950000047683716,2.950000047683716,2.950000047683716,2.880000114440918,2.880000114440918,1131.0
2024-09-16 12:30:00+00:00,GLPI,51.720001220703125,51.720001220703125,51.720001220703125,51.709999084472656,51.709999084472656,392.0
2024-09-16 12:30:00+00:00,GOOD,16.09000015258789,16.09000015258789,16.09000015258789,16.084999084472656,16.084999084472656,1351.0
2024-09-16 12:30:00+00:00,HST,17.40999984741211,17.40999984741211,17.40999984741211,17.405000686645508,17.405000686645508,3120.0
2024-09-16 12:30:00+00:00,LAMR,130.31500244140625,130.31500244140625,130.31500244140625,130.31500244140625,130.31500244140625,369.0
2024-09-16 12:30:00+00:00,LAND,14.539999961853027,14.539999961853027,14.539999961853027,14.539999961853027,14.539999961853027,0.0
2024-09-16 12:30:00+00:00,OPEN,2.1549999713897705,2.1549999713897705,2.1600000858306885,2.15310001373291,2.1600000858306885,61278.0
2024-09-16 12:30:00+00:00,RDFN,13.545000076293945,13.545000076293945,13.545000076293945,13.510499954223633,13.520000457763672,10532.0
2024-09-16 12:30:00+00:00,REAX,5.800000190734863,5.800000190734863,5.800000190734863,5.799900054931641,5.799900054931641,14532.0
2024-09-16 12:30:00+00:00,REG,74.7300033569336,74.7300033569336,74.7300033569336,74.69000244140625,74.69999694824219,2011.0
2024-09-16 12:30:00+00:00,ROIC,16.065000534057617,16.065000534057617,16.069900512695312,16.059999465942383,16.059999465942383,1454.0
2024-09-16 12:30:00+00:00,SBRA,18.600000381469727,18.600000381469727,18.600000381469727,18.594999313354492,18.594999313354492,2072.0
2024-09-16 12:30:00+00:00,SEVN,13.880000114440918,13.880000114440918,13.880000114440918,13.880000114440918,13.880000114440918,410.0
2024-09-16 12:30:00+00:00,SVC,4.494999885559082,4.494999885559082,4.494999885559082,4.494999885559082,4.494999885559082,1703.0
2024-09-16 12:30:00+00:00,UNIT,5.335000038146973,5.335000038146973,5.335000038146973,5.335000038146973,5.335000038146973,505.0
2024-09-16 12:30:00+00:00,WHLR,7.704999923706055,7.704999923706055,7.860000133514404,7.579999923706055,7.829999923706055,67167.0
2024-09-16 12:31:00+00:00,AGNC,10.454999923706055,10.454999923706055,10.460000038146973,10.449999809265137,10.460000038146973,12837.0
2024-09-16 12:31:00+00:00,ASPS,1.184999942779541,1.184999942779541,1.184999942779541,1.184999942779541,1.184999942779541,32287.0
2024-09-16 12:31:00+00:00,CSGP,78.52999877929688,78.52999877929688,78.56500244140625,78.52999877929688,78.56500244140625,1839.0
2024-09-16 12:31:00+00:00,DHC,3.5850000381469727,3.5850000381469727,3.5950000286102295,3.5850000381469727,3.5950000286102295,4215.0
2024-09-16 12:31:00+00:00,EXPI,14.649999618530273,14.649999618530273,14.649999618530273,14.630000114440918,14.630000114440918,1760.0
2024-09-16 12:31:00+00:00,GLPI,51.71500015258789,51.71500015258789,51.71500015258789,51.71500015258789,51.71500015258789,897.0
2024-09-16 12:31:00+00:00,GOOD,16.09000015258789,16.09000015258789,16.09000015258789,16.09000015258789,16.09000015258789,305.0
2024-09-16 12:31:00+00:00,HST,17.395000457763672,17.395000457763672,17.40999984741211,17.395000457763672,17.40999984741211,4844.0
2024-09-16 12:31:00+00:00,LAMR,130.22999572753906,130.22999572753906,130.3300018310547,130.22999572753906,130.3300018310547,686.0
2024-09-16 12:31:00+00:00,OPEN,2.1600000858306885,2.1600000858306885,2.1600000858306885,2.1530001163482666,2.1600000858306885,37956.0
2024-09-16 12:31:00+00:00,PCH,45.56999969482422,45.56999969482422,45.56999969482422,45.56999969482422,45.56999969482422,275.0
2024-09-16 12:31:00+00:00,RDFN,13.559700012207031,13.559700012207031,13.559700012207031,13.529999732971191,13.539999961853027,8303.0
2024-09-16 12:31:00+00:00,REAX,5.800000190734863,5.800000190734863,5.800000190734863,5.800000190734863,5.800000190734863,812.0
2024-09-16 12:31:00+00:00,REG,74.7300033569336,74.7300033569336,74.7300033569336,74.7300033569336,74.7300033569336,1125.0
2024-09-16 12:31:00+00:00,ROIC,16.059999465942383,16.059999465942383,16.065000534057617,16.059999465942383,16.065000534057617,2508.0
2024-09-16 12:31:00+00:00,SBAC,246.66000366210938,246.66000366210938,246.66000366210938,246.63999938964844,246.63999938964844,1050.0
2024-09-16 12:31:00+00:00,SBRA,18.594999313354492,18.594999313354492,18.600000381469727,18.59000015258789,18.600000381469727,3604.0
2024-09-16 12:31:00+00:00,UNIT,5.324999809265137,5.324999809265137,5.335000038146973,5.320000171661377,5.335000038146973,6843.0
2024-09-16 12:31:00+00:00,WHLR,7.757199764251709,7.757199764251709,7.78000020980835,7.6528000831604,7.704999923706055,16723.0
2024-09-16 12:32:00+00:00,AFCG,10.470000267028809,10.470000267028809,10.470000267028809,10.460000038146973,10.460000038146973,210.0
2024-09-16 12:32:00+00:00,AGNC,10.454999923706055,10.454999923706055,10.460000038146973,10.454999923706055,10.454999923706055,7009.0
2024-09-16 12:32:00+00:00,BPYPO,14.161999702453613,14.161999702453613,14.199999809265137,14.161999702453613,14.199999809265137,829.0
2024-09-16 12:32:00+00:00,CSGP,78.51000213623047,78.51000213623047,78.5199966430664,78.48999786376953,78.5199966430664,4474.0
2024-09-16 12:32:00+00:00,EXPI,14.680000305175781,14.680000305175781,14.680000305175781,14.65999984741211,14.65999984741211,1743.0
2024-09-16 12:32:00+00:00,GLPI,51.68000030517578,51.68000030517578,51.709999084472656,51.68000030517578,51.709999084472656,3021.0
2024-09-16 12:32:00+00:00,HST,17.3799991607666,17.3799991607666,17.399999618530273,17.3799991607666,17.399999618530273,8298.0
2024-09-16 12:32:00+00:00,ILPT,5.039999961853027,5.039999961853027,5.039999961853027,5.039999961853027,5.039999961853027,440.0
2024-09-16 12:32:00+00:00,LAMR,130.19500732421875,130.19500732421875,130.19500732421875,130.19500732421875,130.19500732421875,365.0
2024-09-16 12:32:00+00:00,NMRK,14.930000305175781,14.930000305175781,14.930000305175781,14.930000305175781,14.930000305175781,2232.0
2024-09-16 12:32:00+00:00,NYMTZ,20.78809928894043,20.78809928894043,20.81999969482422,20.78809928894043,20.81999969482422,568.0
2024-09-16 12:32:00+00:00,OPEN,2.1549999713897705,2.1549999713897705,2.1600000858306885,2.150099992752075,2.159899950027466,44609.0
2024-09-16 12:32:00+00:00,OPI,2.2149999141693115,2.2149999141693115,2.2149999141693115,2.2149999141693115,2.2149999141693115,143.0
2024-09-16 12:32:00+00:00,PCH,45.560001373291016,45.560001373291016,45.560001373291016,45.560001373291016,45.560001373291016,954.0
2024-09-16 12:32:00+00:00,PECO,38.84000015258789,38.84000015258789,38.849998474121094,38.84000015258789,38.849998474121094,2001.0
2024-09-16 12:32:00+00:00,RDFN,13.6181001663208,13.6181001663208,13.619999885559082,13.5600004196167,13.569999694824219,36944.0
2024-09-16 12:32:00+00:00,REAX,5.795000076293945,5.795000076293945,5.795000076293945,5.795000076293945,5.795000076293945,707.0
2024-09-16 12:32:00+00:00,REG,74.68000030517578,74.68000030517578,74.70500183105469,74.66999816894531,74.70500183105469,1459.0
2024-09-16 12:32:00+00:00,RMR,25.200000762939453,25.200000762939453,25.200000762939453,25.200000762939453,25.200000762939453,1011.0
2024-09-16 12:32:00+00:00,ROIC,16.049999237060547,16.049999237060547,16.049999237060547,16.049999237060547,16.049999237060547,1390.0
2024-09-16 12:32:00+00:00,SBAC,246.5500030517578,246.5500030517578,246.61500549316406,246.5500030517578,246.61500549316406,1456.0
2024-09-16 12:32:00+00:00,SBRA,18.56999969482422,18.56999969482422,18.600000381469727,18.56999969482422,18.600000381469727,8694.0
2024-09-16 12:32:00+00:00,SELF,5.28000020980835,5.28000020980835,5.28000020980835,5.28000020980835,5.28000020980835,1615.0
2024-09-16 12:32:00+00:00,SEVN,13.869999885559082,13.869999885559082,13.869999885559082,13.869999885559082,13.869999885559082,1445.0
2024-09-16 12:32:00+00:00,SVC,4.489999771118164,4.489999771118164,4.494999885559082,4.489999771118164,4.494999885559082,392.0
2024-09-16 12:32:00+00:00,UNIT,5.324999809265137,5.324999809265137,5.324999809265137,5.324999809265137,5.324999809265137,2166.0
2024-09-16 12:32:00+00:00,WHLR,7.869999885559082,7.869999885559082,7.889999866485596,7.760000228881836,7.760000228881836,50502.0
2024-09-16 12:33:00+00:00,AFCG,10.470000267028809,10.470000267028809,10.470000267028809,10.470000267028809,10.470000267028809,509.0
2024-09-16 12:33:00+00:00,AGNC,10.460000038146973,10.460000038146973,10.460000038146973,10.454999923706055,10.454999923706055,9685.0
2024-09-16 12:33:00+00:00,ASPS,1.2000000476837158,1.2000000476837158,1.2000000476837158,1.2000000476837158,1.2000000476837158,1295.0
2024-09-16 12:33:00+00:00,CSGP,78.51000213623047,78.51000213623047,78.51499938964844,78.5,78.51000213623047,4161.0
2024-09-16 12:33:00+00:00,EQIX,875.969970703125,875.969970703125,875.969970703125,875.969970703125,875.969970703125,321.0
2024-09-16 12:33:00+00:00,EXPI,14.6899995803833,14.6899995803833,14.6899995803833,14.685400009155273,14.689000129699707,2101.0
2024-09-16 12:33:00+00:00,GOOD,16.079999923706055,16.079999923706055,16.079999923706055,16.079999923706055,16.079999923706055,1327.0
2024-09-16 12:33:00+00:00,HST,17.385000228881836,17.385000228881836,17.385000228881836,17.3799991607666,17.3799991607666,930.0
2024-09-16 12:33:00+00:00,LSEA,12.65999984741211,12.65999984741211,12.65999984741211,12.65999984741211,12.65999984741211,119.0
2024-09-16 12:33:00+00:00,NMRK,14.938899993896484,14.938899993896484,14.938899993896484,14.938899993896484,14.938899993896484,279.0
2024-09-16 12:33:00+00:00,NYMT,6.650000095367432,6.650000095367432,6.650000095367432,6.650000095367432,6.650000095367432,200.0
2024-09-16 12:33:00+00:00,OPEN,2.1600000858306885,2.1600000858306885,2.1600000858306885,2.1549999713897705,2.1549999713897705,22674.0
2024-09-16 12:33:00+00:00,PECO,38.84000015258789,38.84000015258789,38.84000015258789,38.84000015258789,38.84000015258789,712.0
2024-09-16 12:33:00+00:00,RDFN,13.65999984741211,13.65999984741211,13.65999984741211,13.58899974822998,13.626399993896484,46963.0
2024-09-16 12:33:00+00:00,SBAC,246.56500244140625,246.56500244140625,246.56500244140625,246.56500244140625,246.56500244140625,1005.0
2024-09-16 12:33:00+00:00,SBRA,18.575000762939453,18.575000762939453,18.57990074157715,18.565000534057617,18.56999969482422,1903.0
2024-09-16 12:33:00+00:00,SVC,4.494999885559082,4.494999885559082,4.494999885559082,4.489999771118164,4.489999771118164,1725.0
2024-09-16 12:33:00+00:00,UNIT,5.320000171661377,5.320000171661377,5.324999809265137,5.320000171661377,5.324999809265137,810.0
2024-09-16 12:33:00+00:00,WHLR,7.929900169372559,7.929900169372559,7.980000019073486,7.800000190734863,7.889900207519531,145318.0
2024-09-16 12:34:00+00:00,AFCG,10.484999656677246,10.484999656677246,10.484999656677246,10.470000267028809,10.479999542236328,1938.0
2024-09-16 12:34:00+00:00,AGNC,10.454999923706055,10.454999923706055,10.460000038146973,10.449999809265137,10.454999923706055,21227.0
2024-09-16 12:34:00+00:00,AGNCL,24.239900588989258,24.239900588989258,24.239900588989258,24.239900588989258,24.239900588989258,610.0
2024-09-16 12:34:00+00:00,CIGI,146.5800018310547,146.5800018310547,146.5800018310547,146.5800018310547,146.5800018310547,329.0
2024-09-16 12:34:00+00:00,CSGP,78.5199966430664,78.5199966430664,78.52999877929688,78.5,78.5,5643.0
2024-09-16 12:34:00+00:00,EXPI,14.729999542236328,14.729999542236328,14.729999542236328,14.729999542236328,14.729999542236328,655.0
2024-09-16 12:34:00+00:00,GLPI,51.665000915527344,51.665000915527344,51.66749954223633,51.65999984741211,51.65999984741211,1392.0
2024-09-16 12:34:00+00:00,GOOD,16.06999969482422,16.06999969482422,16.06999969482422,16.06999969482422,16.06999969482422,326.0
2024-09-16 12:34:00+00:00,HST,17.389999389648438,17.389999389648438,17.389999389648438,17.385000228881836,17.385000228881836,2759.0
2024-09-16 12:34:00+00:00,LAMR,130.22999572753906,130.22999572753906,130.22999572753906,130.1999969482422,130.1999969482422,423.0
2024-09-16 12:34:00+00:00,NMRK,14.944999694824219,14.944999694824219,14.944999694824219,14.9399995803833,14.9399995803833,2519.0
2024-09-16 12:34:00+00:00,NYMT,6.644999980926514,6.644999980926514,6.644999980926514,6.644999980926514,6.644999980926514,1428.0
2024-09-16 12:34:00+00:00,OPEN,2.160599946975708,2.160599946975708,2.1698999404907227,2.1586999893188477,2.159899950027466,333595.0
2024-09-16 12:34:00+00:00,PECO,38.849998474121094,38.849998474121094,38.849998474121094,38.83000183105469,38.83000183105469,916.0
2024-09-16 12:34:00+00:00,RDFN,13.69629955291748,13.69629955291748,13.699999809265137,13.664999961853027,13.664999961853027,13266.0
2024-09-16 12:34:00+00:00,REAX,5.795000076293945,5.795000076293945,5.795000076293945,5.795000076293945,5.795000076293945,764.0
2024-09-16 12:34:00+00:00,REG,74.7300033569336,74.7300033569336,74.7300033569336,74.66000366210938,74.66000366210938,3337.0
2024-09-16 12:34:00+00:00,SBRA,18.575000762939453,18.575000762939453,18.579999923706055,18.575000762939453,18.579999923706055,924.0
2024-09-16 12:34:00+00:00,SOHO,1.2200000286102295,1.2200000286102295,1.2200000286102295,1.2200000286102295,1.2200000286102295,800.0
2024-09-16 12:34:00+00:00,SVC,4.494999885559082,4.494999885559082,4.494999885559082,4.494999885559082,4.494999885559082,217.0
2024-09-16 12:34:00+00:00,UNIT,5.320000171661377,5.320000171661377,5.329999923706055,5.320000171661377,5.324999809265137,1344.0
2024-09-16 12:34:00+00:00,WHLR,7.925000190734863,7.925000190734863,8.0,7.880000114440918,7.929800033569336,108808.0
2024-09-16 12:35:00+00:00,AFCG,10.484999656677246,10.484999656677246,10.484999656677246,10.484999656677246,10.484999656677246,133.0
2024-09-16 12:35:00+00:00,AGNC,10.454999923706055,10.454999923706055,10.460000038146973,10.449999809265137,10.454999923706055,23020.0
2024-09-16 12:35:00+00:00,BPYPN,12.859999656677246,12.859999656677246,12.859999656677246,12.859999656677246,12.859999656677246,100.0
2024-09-16 12:35:00+00:00,CSGP,78.55000305175781,78.55000305175781,78.56999969482422,78.5199966430664,78.52999877929688,13024.0
2024-09-16 12:35:00+00:00,EQIX,876.7949829101562,876.7949829101562,876.7949829101562,876.7949829101562,876.7949829101562,375.0
2024-09-16 12:35:00+00:00,EXPI,14.74020004272461,14.74020004272461,14.744999885559082,14.734000205993652,14.734999656677246,728.0
2024-09-16 12:35:00+00:00,FRPH,29.489999771118164,29.489999771118164,29.489999771118164,29.489999771118164,29.489999771118164,108.0
2024-09-16 12:35:00+00:00,GLPI,51.68000030517578,51.68000030517578,51.688499450683594,51.68000030517578,51.685001373291016,824.0
2024-09-16 12:35:00+00:00,GOOD,16.079999923706055,16.079999923706055,16.079999923706055,16.079999923706055,16.079999923706055,1409.0
2024-09-16 12:35:00+00:00,HST,17.399999618530273,17.399999618530273,17.405000686645508,17.389999389648438,17.389999389648438,12408.0
2024-09-16 12:35:00+00:00,ILPT,5.054999828338623,5.054999828338623,5.065000057220459,5.050000190734863,5.050000190734863,8645.0
2024-09-16 12:35:00+00:00,LAMR,130.2100067138672,130.2100067138672,130.2100067138672,130.2100067138672,130.2100067138672,334.0
2024-09-16 12:35:00+00:00,LAND,14.550000190734863,14.550000190734863,14.550000190734863,14.550000190734863,14.550000190734863,118.0
2024-09-16 12:35:00+00:00,NMRK,14.944999694824219,14.944999694824219,14.944999694824219,14.944999694824219,14.944999694824219,1018.0
2024-09-16 12:35:00+00:00,NYMT,6.650000095367432,6.650000095367432,6.650000095367432,6.650000095367432,6.650000095367432,293.0
2024-09-16 12:35:00+00:00,OPEN,2.1649999618530273,2.1649999618530273,2.1649999618530273,2.1600000858306885,2.1600000858306885,4165.0
2024-09-16 12:35:00+00:00,OPI,2.2149999141693115,2.2149999141693115,2.219899892807007,2.2149999141693115,2.219899892807007,1000.0
2024-09-16 12:35:00+00:00,PECO,38.869998931884766,38.869998931884766,38.869998931884766,38.86000061035156,38.86000061035156,466.0
2024-09-16 12:35:00+00:00,RDFN,13.739999771118164,13.739999771118164,13.75,13.6899995803833,13.6899995803833,23597.0
2024-09-16 12:35:00+00:00,ROIC,16.05500030517578,16.05500030517578,16.059999465942383,16.049999237060547,16.049999237060547,67594.0
2024-09-16 12:35:00+00:00,SBAC,246.41000366210938,246.41000366210938,246.44000244140625,246.41000366210938,246.44000244140625,567.0
2024-09-16 12:35:00+00:00,SBRA,18.575000762939453,18.575000762939453,18.579999923706055,18.575000762939453,18.579999923706055,5116.0
2024-09-16 12:35:00+00:00,SVC,4.5,4.5,4.5,4.5,4.5,2547.0
2024-09-16 12:35:00+00:00,UNIT,5.324999809265137,5.324999809265137,5.324999809265137,5.324999809265137,5.324999809265137,1016.0
2024-09-16 12:35:00+00:00,WHLR,7.889999866485596,7.889999866485596,8.0,7.800000190734863,7.949900150299072,118964.0
2024-09-16 12:36:00+00:00,AGNC,10.449999809265137,10.449999809265137,10.454999923706055,10.449999809265137,10.454999923706055,10452.0
2024-09-16 12:36:00+00:00,AGNCM,25.309999465942383,25.309999465942383,25.309999465942383,25.309999465942383,25.309999465942383,494.0
2024-09-16 12:36:00+00:00,ASPS,1.1928000450134277,1.1928000450134277,1.1928000450134277,1.1928000450134277,1.1928000450134277,226.0
2024-09-16 12:36:00+00:00,CHCI,8.670000076293945,8.670000076293945,8.670000076293945,8.670000076293945,8.670000076293945,200.0
2024-09-16 12:36:00+00:00,CSGP,78.52999877929688,78.52999877929688,78.55500030517578,78.52999877929688,78.55500030517578,3440.0
2024-09-16 12:36:00+00:00,EXPI,14.680100440979004,14.680100440979004,14.739999771118164,14.680100440979004,14.739999771118164,4657.0
2024-09-16 12:36:00+00:00,FTHM,2.809999942779541,2.809999942779541,2.859999895095825,2.802000045776367,2.859999895095825,3409.0
2024-09-16 12:36:00+00:00,GLPI,51.68000030517578,51.68000030517578,51.68000030517578,51.68000030517578,51.68000030517578,1804.0
2024-09-16 12:36:00+00:00,HST,17.395000457763672,17.395000457763672,17.395000457763672,17.389999389648438,17.395000457763672,7706.0
2024-09-16 12:36:00+00:00,NMRK,14.944999694824219,14.944999694824219,14.944999694824219,14.944999694824219,14.944999694824219,1202.0
2024-09-16 12:36:00+00:00,NYMT,6.650000095367432,6.650000095367432,6.650000095367432,6.650000095367432,6.650000095367432,5060.0
2024-09-16 12:36:00+00:00,OPEN,2.151099920272827,2.151099920272827,2.1649999618530273,2.1500000953674316,2.1614999771118164,45301.0
2024-09-16 12:36:00+00:00,OPI,2.2149999141693115,2.2149999141693115,2.2149999141693115,2.2149999141693115,2.2149999141693115,2293.0
2024-09-16 12:36:00+00:00,PCH,45.599998474121094,45.599998474121094,45.599998474121094,45.599998474121094,45.599998474121094,325.0
2024-09-16 12:36:00+00:00,RDFN,13.65999984741211,13.65999984741211,13.744999885559082,13.654999732971191,13.739999771118164,18730.0
2024-09-16 12:36:00+00:00,REAX,5.804999828338623,5.804999828338623,5.804999828338623,5.804999828338623,5.804999828338623,200.0
2024-09-16 12:36:00+00:00,SBAC,246.39999389648438,246.39999389648438,246.4600067138672,246.39999389648438,246.44000244140625,1579.0
2024-09-16 12:36:00+00:00,SBRA,18.584999084472656,18.584999084472656,18.584999084472656,18.575000762939453,18.575000762939453,3574.0
2024-09-16 12:36:00+00:00,SVC,4.505000114440918,4.505000114440918,4.505000114440918,4.505000114440918,4.505000114440918,225.0
2024-09-16 12:36:00+00:00,UNIT,5.320000171661377,5.320000171661377,5.324999809265137,5.320000171661377,5.324999809265137,3825.0
2024-09-16 12:36:00+00:00,VINO,4.795000076293945,4.795000076293945,4.795000076293945,4.795000076293945,4.795000076293945,9340.0
2024-09-16 12:36:00+00:00,WHLR,7.6803998947143555,7.6803998947143555,7.929999828338623,7.679999828338623,7.869999885559082,53065.0
2024-09-16 12:37:00+00:00,AGNC,10.449999809265137,10.449999809265137,10.460000038146973,10.449999809265137,10.454999923706055,5818.0
2024-09-16 12:37:00+00:00,AGNCL,24.18000030517578,24.18000030517578,24.239900588989258,24.170000076293945,24.219999313354492,3492.0
2024-09-16 12:37:00+00:00,BPYPN,12.859999656677246,12.859999656677246,12.859999656677246,12.859999656677246,12.859999656677246,100.0
2024-09-16 12:37:00+00:00,CHCI,8.720000267028809,8.720000267028809,8.720000267028809,8.720000267028809,8.720000267028809,428.0
2024-09-16 12:37:00+00:00,CSGP,78.51000213623047,78.51000213623047,78.54499816894531,78.50499725341797,78.52999877929688,2612.0
2024-09-16 12:37:00+00:00,EQIX,876.6799926757812,876.6799926757812,876.7949829101562,876.6799926757812,876.7949829101562,615.0
2024-09-16 12:37:00+00:00,EXPI,14.694999694824219,14.694999694824219,14.694999694824219,14.694999694824219,14.694999694824219,152.0
2024-09-16 12:37:00+00:00,HST,17.395000457763672,17.395000457763672,17.399999618530273,17.395000457763672,17.395000457763672,3550.0
2024-09-16 12:37:00+00:00,LAMR,130.2050018310547,130.2050018310547,130.2050018310547,130.2050018310547,130.2050018310547,394.0
2024-09-16 12:37:00+00:00,LSEA,12.65999984741211,12.65999984741211,12.65999984741211,12.640000343322754,12.640000343322754,402.0
2024-09-16 12:37:00+00:00,NYMT,6.65500020980835,6.65500020980835,6.65500020980835,6.65500020980835,6.65500020980835,348.0
2024-09-16 12:37:00+00:00,OPEN,2.1449999809265137,2.1449999809265137,2.1549999713897705,2.1449999809265137,2.153899908065796,47605.0
2024-09-16 12:37:00+00:00,RDFN,13.694000244140625,13.694000244140625,13.699999809265137,13.65999984741211,13.65999984741211,9669.0
2024-09-16 12:37:00+00:00,REAX,5.804999828338623,5.804999828338623,5.804999828338623,5.804999828338623,5.804999828338623,502.0
2024-09-16 12:37:00+00:00,REG,74.74500274658203,74.74500274658203,74.74500274658203,74.74500274658203,74.74500274658203,200.0
2024-09-16 12:37:00+00:00,SBAC,246.33999633789062,246.33999633789062,246.43499755859375,246.33999633789062,246.43499755859375,1663.0
2024-09-16 12:37:00+00:00,SBRA,18.584999084472656,18.584999084472656,18.59000015258789,18.584999084472656,18.59000015258789,1261.0
2024-09-16 12:37:00+00:00,UNIT,5.329999923706055,5.329999923706055,5.329999923706055,5.320000171661377,5.320000171661377,2932.0
2024-09-16 12:37:00+00:00,WHLR,7.660099983215332,7.660099983215332,7.75,7.5,7.679999828338623,111366.0
2024-09-16 12:38:00+00:00,AGNC,10.454999923706055,10.454999923706055,10.460000038146973,10.45419979095459,10.454999923706055,3190.0
2024-09-16 12:38:00+00:00,AGNCL,24.239900588989258,24.239900588989258,24.239900588989258,24.239900588989258,24.239900588989258,1273.0
2024-09-16 12:38:00+00:00,AGNCP,24.440000534057617,24.440000534057617,24.459999084472656,24.440000534057617,24.459999084472656,2578.0
2024-09-16 12:38:00+00:00,CIGI,146.72000122070312,146.72000122070312,146.74000549316406,146.72000122070312,146.74000549316406,242.0
2024-09-16 12:38:00+00:00,CSGP,78.53500366210938,78.53500366210938,78.53500366210938,78.52999877929688,78.52999877929688,985.0
2024-09-16 12:38:00+00:00,DHC,3.5850000381469727,3.5850000381469727,3.5850000381469727,3.5850000381469727,3.5850000381469727,170.0
2024-09-16 12:38:00+00:00,EXPI,14.710000038146973,14.710000038146973,14.710000038146973,14.699999809265137,14.699999809265137,1132.0
2024-09-16 12:38:00+00:00,FTHM,2.940000057220459,2.940000057220459,2.940000057220459,2.880000114440918,2.880000114440918,1411.0
2024-09-16 12:38:00+00:00,GLPI,51.69219970703125,51.69219970703125,51.69219970703125,51.689998626708984,51.689998626708984,1269.0
2024-09-16 12:38:00+00:00,HST,17.395000457763672,17.395000457763672,17.399999618530273,17.395000457763672,17.399999618530273,2063.0
2024-09-16 12:38:00+00:00,ILPT,5.059999942779541,5.059999942779541,5.059999942779541,5.054999828338623,5.054999828338623,223.0
2024-09-16 12:38:00+00:00,LAND,14.5600004196167,14.5600004196167,14.5600004196167,14.5600004196167,14.5600004196167,152.0
2024-09-16 12:38:00+00:00,NMRK,14.944999694824219,14.944999694824219,14.944999694824219,14.944999694824219,14.944999694824219,764.0
2024-09-16 12:38:00+00:00,OPEN,2.1449999809265137,2.1449999809265137,2.1500000953674316,2.1440000534057617,2.1449999809265137,163769.0
2024-09-16 12:38:00+00:00,PECO,38.869998931884766,38.869998931884766,38.869998931884766,38.869998931884766,38.869998931884766,1411.0
2024-09-16 12:38:00+00:00,RDFN,13.724499702453613,13.724499702453613,13.729900360107422,13.699999809265137,13.699999809265137,16424.0
2024-09-16 12:38:00+00:00,REFI,16.094999313354492,16.094999313354492,16.094999313354492,16.09000015258789,16.09000015258789,1099.0
2024-09-16 12:38:00+00:00,REG,74.77999877929688,74.77999877929688,74.77999877929688,74.74500274658203,74.74500274658203,1343.0
2024-09-16 12:38:00+00:00,SBRA,18.584999084472656,18.584999084472656,18.584999084472656,18.584999084472656,18.584999084472656,449.0
2024-09-16 12:38:00+00:00,SVC,4.514999866485596,4.514999866485596,4.514999866485596,4.505000114440918,4.510000228881836,13071.0
2024-09-16 12:38:00+00:00,UNIT,5.324999809265137,5.324999809265137,5.324999809265137,5.324999809265137,5.324999809265137,1845.0
2024-09-16 12:38:00+00:00,WHLR,7.732800006866455,7.732800006866455,7.789899826049805,7.650199890136719,7.704999923706055,33154.0
2024-09-16 12:39:00+00:00,AGNC,10.454999923706055,10.454999923706055,10.460000038146973,10.45009994506836,10.454999923706055,4026.0
2024-09-16 12:39:00+00:00,AGNCL,24.239900588989258,24.239900588989258,24.239900588989258,24.239900588989258,24.239900588989258,536.0
2024-09-16 12:39:00+00:00,AGNCN,25.940000534057617,25.940000534057617,25.950000762939453,25.940000534057617,25.950000762939453,263.0
2024-09-16 12:39:00+00:00,AGNCO,25.190099716186523,25.190099716186523,25.19499969482422,25.190099716186523,25.19499969482422,640.0
2024-09-16 12:39:00+00:00,BPYPN,12.845000267028809,12.845000267028809,12.859999656677246,12.845000267028809,12.859999656677246,3450.0
2024-09-16 12:39:00+00:00,CSGP,78.6050033569336,78.6050033569336,78.61000061035156,78.5199966430664,78.5199966430664,17632.0
2024-09-16 12:39:00+00:00,DHC,3.5850000381469727,3.5850000381469727,3.5850000381469727,3.5850000381469727,3.5850000381469727,415.0
2024-09-16 12:39:00+00:00,EXPI,14.694999694824219,14.694999694824219,14.700799942016602,14.694999694824219,14.700799942016602,1297.0
2024-09-16 12:39:00+00:00,GLPI,51.685001373291016,51.685001373291016,51.689998626708984,51.685001373291016,51.689998626708984,710.0
2024-09-16 12:39:00+00:00,HST,17.385000228881836,17.385000228881836,17.395000457763672,17.385000228881836,17.395000457763672,6559.0
2024-09-16 12:39:00+00:00,ILPT,5.054999828338623,5.054999828338623,5.054999828338623,5.054999828338623,5.054999828338623,102.0
2024-09-16 12:39:00+00:00,LSEA,12.65999984741211,12.65999984741211,12.65999984741211,12.65999984741211,12.65999984741211,409.0
2024-09-16 12:39:00+00:00,OPEN,2.145699977874756,2.145699977874756,2.1500000953674316,2.1449999809265137,2.1500000953674316,47876.0
2024-09-16 12:39:00+00:00,PCH,45.59000015258789,45.59000015258789,45.59000015258789,45.59000015258789,45.59000015258789,201.0
2024-09-16 12:39:00+00:00,RDFN,13.70989990234375,13.70989990234375,13.720000267028809,13.6899995803833,13.720000267028809,8777.0
2024-09-16 12:39:00+00:00,REAX,5.804999828338623,5.804999828338623,5.804999828338623,5.804999828338623,5.804999828338623,631.0
2024-09-16 12:39:00+00:00,REG,74.7699966430664,74.7699966430664,74.7699966430664,74.75,74.75,993.0
2024-09-16 12:39:00+00:00,ROIC,16.05500030517578,16.05500030517578,16.05500030517578,16.05500030517578,16.05500030517578,562.0
2024-09-16 12:39:00+00:00,SBAC,246.2100067138672,246.2100067138672,246.35499572753906,246.2100067138672,246.35499572753906,2338.0
2024-09-16 12:39:00+00:00,SBRA,18.575000762939453,18.575000762939453,18.584999084472656,18.575000762939453,18.584999084472656,4062.0
2024-09-16 12:39:00+00:00,SVC,4.510000228881836,4.510000228881836,4.510000228881836,4.510000228881836,4.510000228881836,0.0
2024-09-16 12:39:00+00:00,UNIT,5.324999809265137,5.324999809265137,5.324999809265137,5.320000171661377,5.324999809265137,3031.0
2024-09-16 12:39:00+00:00,WHLR,7.800000190734863,7.800000190734863,7.9293999671936035,7.720099925994873,7.724999904632568,61608.0
2024-09-16 12:40:00+00:00,AFCG,10.484999656677246,10.484999656677246,10.484999656677246,10.484999656677246,10.484999656677246,510.0
2024-09-16 12:40:00+00:00,AGNC,10.454999923706055,10.454999923706055,10.460000038146973,10.449999809265137,10.454999923706055,16689.0
2024-09-16 12:40:00+00:00,BPYPN,12.819999694824219,12.819999694824219,12.819999694824219,12.819999694824219,12.819999694824219,249.0
2024-09-16 12:40:00+00:00,CHCI,8.739999771118164,8.739999771118164,8.739999771118164,8.739999771118164,8.739999771118164,3103.0
2024-09-16 12:40:00+00:00,CSGP,78.63999938964844,78.63999938964844,78.66000366210938,78.58999633789062,78.63999938964844,2365.0
2024-09-16 12:40:00+00:00,DHC,3.5850000381469727,3.5850000381469727,3.5850000381469727,3.5850000381469727,3.5850000381469727,128.0
2024-09-16 12:40:00+00:00,EXPI,14.714699745178223,14.714699745178223,14.714699745178223,14.710000038146973,14.710000038146973,823.0
2024-09-16 12:40:00+00:00,GLPI,51.70000076293945,51.70000076293945,51.70000076293945,51.70000076293945,51.70000076293945,785.0
2024-09-16 12:40:00+00:00,GOOD,16.139999389648438,16.139999389648438,16.139999389648438,16.139999389648438,16.139999389648438,969.0
2024-09-16 12:40:00+00:00,HST,17.399999618530273,17.399999618530273,17.399999618530273,17.385000228881836,17.389999389648438,8205.0
2024-09-16 12:40:00+00:00,ILPT,5.050000190734863,5.050000190734863,5.050000190734863,5.050000190734863,5.050000190734863,369.0
2024-09-16 12:40:00+00:00,LAMR,130.1999969482422,130.1999969482422,130.1999969482422,130.1999969482422,130.1999969482422,376.0
2024-09-16 12:40:00+00:00,LSEA,12.675000190734863,12.675000190734863,12.675000190734863,12.675000190734863,12.675000190734863,735.0
2024-09-16 12:40:00+00:00,NYMT,6.65500020980835,6.65500020980835,6.65500020980835,6.65500020980835,6.65500020980835,205.0
2024-09-16 12:40:00+00:00,OPEN,2.1600000858306885,2.1600000858306885,2.1600000858306885,2.1449999809265137,2.149899959564209,98559.0
2024-09-16 12:40:00+00:00,PCH,45.560001373291016,45.560001373291016,45.560001373291016,45.560001373291016,45.560001373291016,137.0
2024-09-16 12:40:00+00:00,RDFN,13.75,13.75,13.760000228881836,13.71500015258789,13.71500015258789,18024.0
2024-09-16 12:40:00+00:00,REAX,5.809999942779541,5.809999942779541,5.809999942779541,5.804999828338623,5.804999828338623,2233.0
2024-09-16 12:40:00+00:00,REG,74.77999877929688,74.77999877929688,74.77999877929688,74.77999877929688,74.77999877929688,711.0
2024-09-16 12:40:00+00:00,ROIC,16.059999465942383,16.059999465942383,16.059999465942383,16.059999465942383,16.059999465942383,533.0
2024-09-16 12:40:00+00:00,SBAC,246.44000244140625,246.44000244140625,246.44000244140625,246.39500427246094,246.39500427246094,560.0
2024-09-16 12:40:00+00:00,SBRA,18.579999923706055,18.579999923706055,18.579999923706055,18.56999969482422,18.56999969482422,1709.0
2024-09-16 12:40:00+00:00,SELF,5.28000020980835,5.28000020980835,5.28000020980835,5.28000020980835,5.28000020980835,200.0
2024-09-16 12:40:00+00:00,SVC,4.53000020980835,4.53000020980835,4.53000020980835,4.519999980926514,4.519999980926514,5411.0
2024-09-16 12:40:00+00:00,UNIT,5.324999809265137,5.324999809265137,5.324999809265137,5.320000171661377,5.324999809265137,2382.0
2024-09-16 12:40:00+00:00,WHLR,7.789999961853027,7.789999961853027,7.849999904632568,7.650000095367432,7.789999961853027,38667.0
2024-09-16 12:41:00+00:00,AFCG,10.484999656677246,10.484999656677246,10.484999656677246,10.483099937438965,10.483099937438965,736.0
2024-09-16 12:41:00+00:00,AGNC,10.45419979095459,10.45419979095459,10.460000038146973,10.45419979095459,10.454999923706055,10810.0
2024-09-16 12:41:00+00:00,CMCT,1.9700000286102295,1.9700000286102295,1.9700000286102295,1.9700000286102295,1.9700000286102295,179.0
2024-09-16 12:41:00+00:00,DHC,3.5850000381469727,3.5850000381469727,3.5850000381469727,3.5850000381469727,3.5850000381469727,347.0
2024-09-16 12:41:00+00:00,EXPI,14.720000267028809,14.720000267028809,14.729999542236328,14.720000267028809,14.720000267028809,1743.0
2024-09-16 12:41:00+00:00,GOOD,16.149999618530273,16.149999618530273,16.149999618530273,16.149999618530273,16.149999618530273,283.0
2024-09-16 12:41:00+00:00,HST,17.405000686645508,17.405000686645508,17.405000686645508,17.399999618530273,17.399999618530273,5530.0
2024-09-16 12:41:00+00:00,ILPT,5.074999809265137,5.074999809265137,5.074999809265137,5.059999942779541,5.059999942779541,2030.0
2024-09-16 12:41:00+00:00,LAMR,130.1999969482422,130.1999969482422,130.1999969482422,130.1999969482422,130.1999969482422,169.0
2024-09-16 12:41:00+00:00,LAND,14.5600004196167,14.5600004196167,14.5600004196167,14.5600004196167,14.5600004196167,336.0
2024-09-16 12:41:00+00:00,NYMT,6.670000076293945,6.670000076293945,6.670000076293945,6.659999847412109,6.659999847412109,1180.0
2024-09-16 12:41:00+00:00,OPEN,2.159899950027466,2.159899950027466,2.1600000858306885,2.1549999713897705,2.1596999168395996,42556.0
2024-09-16 12:41:00+00:00,PCH,45.650001525878906,45.650001525878906,45.650001525878906,45.61000061035156,45.61000061035156,1401.0
2024-09-16 12:41:00+00:00,RDFN,13.749899864196777,13.749899864196777,13.770000457763672,13.729999542236328,13.760000228881836,16661.0
2024-09-16 12:41:00+00:00,REG,74.81999969482422,74.81999969482422,74.81999969482422,74.80999755859375,74.80999755859375,1704.0
2024-09-16 12:41:00+00:00,ROIC,16.079999923706055,16.079999923706055,16.079999923706055,16.079999923706055,16.079999923706055,702.0
2024-09-16 12:41:00+00:00,SBRA,18.59000015258789,18.59000015258789,18.594999313354492,18.59000015258789,18.59000015258789,4726.0
2024-09-16 12:41:00+00:00,SVC,4.525000095367432,4.525000095367432,4.53000020980835,4.525000095367432,4.53000020980835,3645.0
2024-09-16 12:41:00+00:00,UNIT,5.329999923706055,5.329999923706055,5.329999923706055,5.320000171661377,5.320000171661377,1670.0
2024-09-16 12:41:00+00:00,WHLR,7.730000019073486,7.730000019073486,7.800000190734863,7.699999809265137,7.716300010681152,18369.0
2024-09-16 12:42:00+00:00,AGNC,10.45989990234375,10.45989990234375,10.460000038146973,10.449999809265137,10.454999923706055,22530.0
2024-09-16 12:42:00+00:00,CSGP,78.66000366210938,78.66000366210938,78.66000366210938,78.62999725341797,78.62999725341797,1144.0
2024-09-16 12:42:00+00:00,EQIX,876.9500122070312,876.9500122070312,876.9500122070312,876.77001953125,876.77001953125,514.0
2024-09-16 12:42:00+00:00,EXPI,14.739999771118164,14.739999771118164,14.739999771118164,14.729999542236328,14.729999542236328,716.0
2024-09-16 12:42:00+00:00,GLPI,51.720001220703125,51.720001220703125,51.720001220703125,51.720001220703125,51.720001220703125,539.0
2024-09-16 12:42:00+00:00,HST,17.405000686645508,17.405000686645508,17.40999984741211,17.405000686645508,17.405000686645508,1740.0
2024-09-16 12:42:00+00:00,ILPT,5.074999809265137,5.074999809265137,5.074999809265137,5.074999809265137,5.074999809265137,204.0
2024-09-16 12:42:00+00:00,LAMR,130.1999969482422,130.1999969482422,130.1999969482422,130.1999969482422,130.1999969482422,261.0
2024-09-16 12:42:00+00:00,LAND,14.574700355529785,14.574700355529785,14.574700355529785,14.574700355529785,14.574700355529785,148.0
2024-09-16 12:42:00+00:00,NMRK,14.944000244140625,14.944000244140625,14.944000244140625,14.944000244140625,14.944000244140625,971.0
2024-09-16 12:42:00+00:00,OPEN,2.1665000915527344,2.1665000915527344,2.1700000762939453,2.1500000953674316,2.1500000953674316,256527.0
2024-09-16 12:42:00+00:00,OPI,2.2100000381469727,2.2100000381469727,2.2149999141693115,2.2100000381469727,2.2149999141693115,689.0
2024-09-16 12:42:00+00:00,PCH,45.63999938964844,45.63999938964844,45.63999938964844,45.63999938964844,45.63999938964844,227.0
2024-09-16 12:42:00+00:00,PECO,38.880001068115234,38.880001068115234,38.880001068115234,38.880001068115234,38.880001068115234,402.0
2024-09-16 12:42:00+00:00,RDFN,13.829999923706055,13.829999923706055,13.829999923706055,13.75,13.75,33150.0
2024-09-16 12:42:00+00:00,REAX,5.809999942779541,5.809999942779541,5.809999942779541,5.809999942779541,5.809999942779541,424.0
2024-09-16 12:42:00+00:00,ROIC,16.075899124145508,16.075899124145508,16.075899124145508,16.075000762939453,16.075000762939453,1109.0
2024-09-16 12:42:00+00:00,SBAC,246.43499755859375,246.43499755859375,246.43499755859375,246.43499755859375,246.43499755859375,192.0
2024-09-16 12:42:00+00:00,SBRA,18.59000015258789,18.59000015258789,18.59000015258789,18.59000015258789,18.59000015258789,1677.0
2024-09-16 12:42:00+00:00,UNIT,5.324999809265137,5.324999809265137,5.329999923706055,5.320000171661377,5.320000171661377,1835.0
2024-09-16 12:42:00+00:00,WHLR,7.679999828338623,7.679999828338623,7.760000228881836,7.650000095367432,7.760000228881836,23748.0
2024-09-16 12:43:00+00:00,AGNC,10.460000038146973,10.460000038146973,10.460000038146973,10.449999809265137,10.45680046081543,15342.0
2024-09-16 12:43:00+00:00,BPYPP,14.899999618530273,14.899999618530273,14.899999618530273,14.850000381469727,14.850000381469727,995.0
2024-09-16 12:43:00+00:00,CIGI,146.5800018310547,146.5800018310547,146.5800018310547,146.52999877929688,146.52999877929688,793.0
2024-09-16 12:43:00+00:00,CSGP,78.66999816894531,78.66999816894531,78.68000030517578,78.66999816894531,78.68000030517578,679.0
2024-09-16 12:43:00+00:00,EQIX,876.844970703125,876.844970703125,876.844970703125,876.844970703125,876.844970703125,1172.0
2024-09-16 12:43:00+00:00,EXPI,14.727700233459473,14.727700233459473,14.727700233459473,14.727700233459473,14.727700233459473,1506.0
2024-09-16 12:43:00+00:00,GOOD,16.1200008392334,16.1200008392334,16.134700775146484,16.1200008392334,16.134700775146484,889.0
2024-09-16 12:43:00+00:00,HST,17.40999984741211,17.40999984741211,17.40999984741211,17.405000686645508,17.40999984741211,9468.0
2024-09-16 12:43:00+00:00,ILPT,5.065000057220459,5.065000057220459,5.070000171661377,5.065000057220459,5.070000171661377,1214.0
2024-09-16 12:43:00+00:00,LAMR,130.1925048828125,130.1925048828125,130.1925048828125,130.1925048828125,130.1925048828125,27.0
2024-09-16 12:43:00+00:00,LANDM,24.520000457763672,24.520000457763672,24.520000457763672,24.520000457763672,24.520000457763672,309.0
2024-09-16 12:43:00+00:00,NYMT,6.664999961853027,6.664999961853027,6.664999961853027,6.664999961853027,6.664999961853027,214.0
2024-09-16 12:43:00+00:00,OPEN,2.1549999713897705,2.1549999713897705,2.1649999618530273,2.1549999713897705,2.161900043487549,205822.0
2024-09-16 12:43:00+00:00,PCH,45.65999984741211,45.65999984741211,45.65999984741211,45.65999984741211,45.65999984741211,269.0
2024-09-16 12:43:00+00:00,PECO,38.869998931884766,38.869998931884766,38.869998931884766,38.869998931884766,38.869998931884766,504.0
2024-09-16 12:43:00+00:00,RDFN,13.770000457763672,13.770000457763672,13.835000038146973,13.760000228881836,13.835000038146973,25649.0
2024-09-16 12:43:00+00:00,ROIC,16.06999969482422,16.06999969482422,16.06999969482422,16.06999969482422,16.06999969482422,139.0
2024-09-16 12:43:00+00:00,SBAC,246.43499755859375,246.43499755859375,246.43499755859375,246.43499755859375,246.43499755859375,530.0
2024-09-16 12:43:00+00:00,SBRA,18.59000015258789,18.59000015258789,18.59000015258789,18.59000015258789,18.59000015258789,651.0
2024-09-16 12:43:00+00:00,SOHO,1.2300000190734863,1.2300000190734863,1.2300000190734863,1.2200000286102295,1.2280000448226929,1210.0
2024-09-16 12:43:00+00:00,UNIT,5.320000171661377,5.320000171661377,5.329999923706055,5.320000171661377,5.324999809265137,3544.0
2024-09-16 12:43:00+00:00,WHLR,7.684999942779541,7.684999942779541,7.710000038146973,7.619999885559082,7.695000171661377,19048.0
2024-09-16 12:44:00+00:00,AFCG,10.484999656677246,10.484999656677246,10.484999656677246,10.484999656677246,10.484999656677246,141.0
2024-09-16 12:44:00+00:00,AGNC,10.46500015258789,10.46500015258789,10.470000267028809,10.454999923706055,10.458600044250488,304260.0
2024-09-16 12:44:00+00:00,CHCI,8.800000190734863,8.800000190734863,8.800000190734863,8.800000190734863,8.800000190734863,136.0
2024-09-16 12:44:00+00:00,CSGP,78.69000244140625,78.69000244140625,78.69000244140625,78.66000366210938,78.66000366210938,1295.0
2024-09-16 12:44:00+00:00,DHC,3.5850000381469727,3.5850000381469727,3.5850000381469727,3.5850000381469727,3.5850000381469727,448.0
2024-09-16 12:44:00+00:00,GLPI,51.72669982910156,51.72669982910156,51.72669982910156,51.720001220703125,51.720001220703125,1125.0
2024-09-16 12:44:00+00:00,HST,17.424999237060547,17.424999237060547,17.43000030517578,17.405000686645508,17.40999984741211,14056.0
2024-09-16 12:44:00+00:00,LAMR,130.22000122070312,130.22000122070312,130.22000122070312,130.22000122070312,130.22000122070312,183.0
2024-09-16 12:44:00+00:00,NMRK,14.9399995803833,14.9399995803833,14.9399995803833,14.9399995803833,14.9399995803833,3098.0
2024-09-16 12:44:00+00:00,NYMT,6.664999961853027,6.664999961853027,6.664999961853027,6.664999961853027,6.664999961853027,283.0
2024-09-16 12:44:00+00:00,OPEN,2.1649999618530273,2.1649999618530273,2.1698999404907227,2.1549999713897705,2.157099962234497,304682.0
2024-09-16 12:44:00+00:00,PCH,45.63999938964844,45.63999938964844,45.63999938964844,45.63999938964844,45.63999938964844,310.0
2024-09-16 12:44:00+00:00,PECO,38.869998931884766,38.869998931884766,38.869998931884766,38.869998931884766,38.869998931884766,363.0
2024-09-16 12:44:00+00:00,RDFN,13.739999771118164,13.739999771118164,13.770000457763672,13.723699569702148,13.765700340270996,13125.0
2024-09-16 12:44:00+00:00,REAX,5.820000171661377,5.820000171661377,5.820000171661377,5.809999942779541,5.809999942779541,984.0
2024-09-16 12:44:00+00:00,REG,74.83000183105469,74.83000183105469,74.83000183105469,74.83000183105469,74.83000183105469,655.0
2024-09-16 12:44:00+00:00,ROIC,16.0762996673584,16.0762996673584,16.0762996673584,16.0762996673584,16.0762996673584,1458.0
2024-09-16 12:44:00+00:00,SOHO,1.2200000286102295,1.2200000286102295,1.2200000286102295,1.2200000286102295,1.2200000286102295,205.0
2024-09-16 12:44:00+00:00,SVC,4.53000020980835,4.53000020980835,4.53000020980835,4.53000020980835,4.53000020980835,560.0
2024-09-16 12:44:00+00:00,UNIT,5.320000171661377,5.320000171661377,5.324999809265137,5.320000171661377,5.324999809265137,776.0
2024-09-16 12:44:00+00:00,WHLR,7.710000038146973,7.710000038146973,7.75,7.684999942779541,7.684999942779541,28522.0
2024-09-16 12:45:00+00:00,AGNC,10.46500015258789,10.46500015258789,10.46500015258789,10.460000038146973,10.46500015258789,8096.0
2024-09-16 12:45:00+00:00,ASPS,1.1699999570846558,1.1699999570846558,1.1699999570846558,1.1699999570846558,1.1699999570846558,0.0
2024-09-16 12:45:00+00:00,CSGP,78.6449966430664,78.6449966430664,78.69000244140625,78.6449966430664,78.6500015258789,1002.0
2024-09-16 12:45:00+00:00,DUO,0.4399999976158142,0.4399999976158142,0.4399999976158142,0.4390000104904175,0.4390000104904175,6400.0
2024-09-16 12:45:00+00:00,EXPI,14.61400032043457,14.61400032043457,14.699999809265137,14.61400032043457,14.699999809265137,4520.0
2024-09-16 12:45:00+00:00,HST,17.415000915527344,17.415000915527344,17.43000030517578,17.415000915527344,17.43000030517578,5995.0
2024-09-16 12:45:00+00:00,ILPT,5.065000057220459,5.065000057220459,5.065000057220459,5.065000057220459,5.065000057220459,353.0
2024-09-16 12:45:00+00:00,LAMR,130.1999969482422,130.1999969482422,130.2032928466797,130.1999969482422,130.1999969482422,641.0
2024-09-16 12:45:00+00:00,NMRK,14.944999694824219,14.944999694824219,14.944999694824219,14.944999694824219,14.944999694824219,267.0
2024-09-16 12:45:00+00:00,NYMT,6.664999961853027,6.664999961853027,6.664999961853027,6.664999961853027,6.664999961853027,382.0
2024-09-16 12:45:00+00:00,OPEN,2.1549999713897705,2.1549999713897705,2.1649999618530273,2.1549999713897705,2.1649999618530273,57147.0
2024-09-16 12:45:00+00:00,PCH,45.63999938964844,45.63999938964844,45.63999938964844,45.63999938964844,45.63999938964844,290.0
2024-09-16 12:45:00+00:00,RDFN,13.720000267028809,13.720000267028809,13.748900413513184,13.71399974822998,13.745499610900879,8026.0
2024-09-16 12:45:00+00:00,SBRA,18.6299991607666,18.6299991607666,18.6299991607666,18.584999084472656,18.59000015258789,13681.0
2024-09-16 12:45:00+00:00,UNIT,5.335000038146973,5.335000038146973,5.340000152587891,5.320000171661377,5.320000171661377,14630.0
2024-09-16 12:45:00+00:00,WHLR,7.670000076293945,7.670000076293945,7.697999954223633,7.610000133514404,7.697999954223633,14497.0
2024-09-16 12:46:00+00:00,AGNC,10.46500015258789,10.46500015258789,10.467499732971191,10.46500015258789,10.46500015258789,7593.0
2024-09-16 12:46:00+00:00,AGNCN,25.93000030517578,25.93000030517578,25.93000030517578,25.93000030517578,25.93000030517578,340.0
2024-09-16 12:46:00+00:00,AGNCO,25.198200225830078,25.198200225830078,25.198200225830078,25.198200225830078,25.198200225830078,617.0
2024-09-16 12:46:00+00:00,CHCI,8.800000190734863,8.800000190734863,8.800000190734863,8.800000190734863,8.800000190734863,312.0
2024-09-16 12:46:00+00:00,CSGP,78.69999694824219,78.69999694824219,78.69999694824219,78.69999694824219,78.69999694824219,531.0
2024-09-16 12:46:00+00:00,DHC,3.5850000381469727,3.5850000381469727,3.5850000381469727,3.5850000381469727,3.5850000381469727,131.0
2024-09-16 12:46:00+00:00,DUO,0.4399999976158142,0.4399999976158142,0.4399999976158142,0.4399000108242035,0.4399000108242035,11188.0
2024-09-16 12:46:00+00:00,EXPI,14.65999984741211,14.65999984741211,14.65999984741211,14.619999885559082,14.619999885559082,1662.0
2024-09-16 12:46:00+00:00,FTHM,2.830899953842163,2.830899953842163,2.830899953842163,2.830899953842163,2.830899953842163,664.0
2024-09-16 12:46:00+00:00,GIPR,2.2204999923706055,2.2204999923706055,2.2204999923706055,2.2204999923706055,2.2204999923706055,1003.0
2024-09-16 12:46:00+00:00,GLPI,51.68000030517578,51.68000030517578,51.720001220703125,51.68000030517578,51.720001220703125,3726.0
2024-09-16 12:46:00+00:00,GOOD,16.1299991607666,16.1299991607666,16.1299991607666,16.1299991607666,16.1299991607666,550.0
2024-09-16 12:46:00+00:00,HST,17.405000686645508,17.405000686645508,17.415000915527344,17.405000686645508,17.415000915527344,6992.0
2024-09-16 12:46:00+00:00,LAMR,130.1999969482422,130.1999969482422,130.1999969482422,130.1999969482422,130.1999969482422,765.0
2024-09-16 12:46:00+00:00,NMRK,14.944999694824219,14.944999694824219,14.944999694824219,14.944999694824219,14.944999694824219,1205.0
2024-09-16 12:46:00+00:00,NYMTZ,20.700000762939453,20.700000762939453,20.84000015258789,20.690000534057617,20.690000534057617,1654.0
2024-09-16 12:46:00+00:00,OPEN,2.1649999618530273,2.1649999618530273,2.1698999404907227,2.1549999713897705,2.1549999713897705,187636.0
2024-09-16 12:46:00+00:00,PECO,38.875,38.875,38.880001068115234,38.875,38.880001068115234,1710.0
2024-09-16 12:46:00+00:00,RDFN,13.77649974822998,13.77649974822998,13.779999732971191,13.71500015258789,13.71500015258789,9394.0
2024-09-16 12:46:00+00:00,REG,74.87000274658203,74.87000274658203,74.87999725341797,74.83999633789062,74.83999633789062,11443.0
2024-09-16 12:46:00+00:00,SBAC,246.36000061035156,246.36000061035156,246.4250030517578,246.36000061035156,246.4250030517578,492.0
2024-09-16 12:46:00+00:00,SBRA,18.635000228881836,18.635000228881836,18.635000228881836,18.635000228881836,18.635000228881836,1991.0
2024-09-16 12:46:00+00:00,SELF,5.279699802398682,5.279699802398682,5.279699802398682,5.279699802398682,5.279699802398682,331.0
2024-09-16 12:46:00+00:00,SOHO,1.2288000583648682,1.2288000583648682,1.2288000583648682,1.2288000583648682,1.2288000583648682,1795.0
2024-09-16 12:46:00+00:00,SVC,4.525000095367432,4.525000095367432,4.525000095367432,4.525000095367432,4.525000095367432,362.0
2024-09-16 12:46:00+00:00,UNIT,5.335000038146973,5.335000038146973,5.340000152587891,5.335000038146973,5.335000038146973,989.0
2024-09-16 12:46:00+00:00,WHLR,7.670000076293945,7.670000076293945,7.729899883270264,7.599999904632568,7.599999904632568,29409.0
2024-09-16 12:47:00+00:00,AFCG,10.484999656677246,10.484999656677246,10.499500274658203,10.484999656677246,10.499500274658203,1200.0
2024-09-16 12:47:00+00:00,AGNC,10.461199760437012,10.461199760437012,10.46500015258789,10.460000038146973,10.46500015258789,7613.0
2024-09-16 12:47:00+00:00,CHCI,8.880000114440918,8.880000114440918,8.880000114440918,8.880000114440918,8.880000114440918,451.0
2024-09-16 12:47:00+00:00,CSGP,78.660400390625,78.660400390625,78.67500305175781,78.660400390625,78.67500305175781,502.0
2024-09-16 12:47:00+00:00,DHC,3.5850000381469727,3.5850000381469727,3.5850000381469727,3.5850000381469727,3.5850000381469727,196.0
2024-09-16 12:47:00+00:00,EXPI,14.670000076293945,14.670000076293945,14.670000076293945,14.670000076293945,14.670000076293945,103.0
2024-09-16 12:47:00+00:00,GIPR,2.2004001140594482,2.2004001140594482,2.2004001140594482,2.2004001140594482,2.2004001140594482,1421.0
2024-09-16 12:47:00+00:00,GLPI,51.68000030517578,51.68000030517578,51.68000030517578,51.68000030517578,51.68000030517578,1358.0
2024-09-16 12:47:00+00:00,GOOD,16.1299991607666,16.1299991607666,16.1299991607666,16.129899978637695,16.129899978637695,1434.0
2024-09-16 12:47:00+00:00,HST,17.40999984741211,17.40999984741211,17.40999984741211,17.399999618530273,17.40999984741211,4173.0
2024-09-16 12:47:00+00:00,ILPT,5.065000057220459,5.065000057220459,5.065000057220459,5.065000057220459,5.065000057220459,106.0
2024-09-16 12:47:00+00:00,LAMR,130.22000122070312,130.22000122070312,130.22500610351562,130.22000122070312,130.22500610351562,756.0
2024-09-16 12:47:00+00:00,LAND,14.569999694824219,14.569999694824219,14.569999694824219,14.569999694824219,14.569999694824219,211.0
2024-09-16 12:47:00+00:00,NYMTZ,20.81679916381836,20.81679916381836,20.81679916381836,20.81679916381836,20.81679916381836,12782.0
2024-09-16 12:47:00+00:00,OPEN,2.1600000858306885,2.1600000858306885,2.1698999404907227,2.1600000858306885,2.1649999618530273,72324.0
2024-09-16 12:47:00+00:00,RDFN,13.786800384521484,13.786800384521484,13.800000190734863,13.760000228881836,13.77869987487793,21530.0
2024-09-16 12:47:00+00:00,REAX,5.800000190734863,5.800000190734863,5.800000190734863,5.800000190734863,5.800000190734863,274.0
2024-09-16 12:47:00+00:00,REFI,16.09000015258789,16.09000015258789,16.09980010986328,16.09000015258789,16.09980010986328,1560.0
2024-09-16 12:47:00+00:00,REG,74.87999725341797,74.87999725341797,74.87999725341797,74.87000274658203,74.87000274658203,1155.0
2024-09-16 12:47:00+00:00,SBAC,246.72000122070312,246.72000122070312,246.72000122070312,246.4250030517578,246.4250030517578,2871.0
2024-09-16 12:47:00+00:00,SBRA,18.625,18.625,18.635000228881836,18.625,18.635000228881836,6850.0
2024-09-16 12:47:00+00:00,SVC,4.525000095367432,4.525000095367432,4.525000095367432,4.525000095367432,4.525000095367432,101.0
2024-09-16 12:47:00+00:00,UNIT,5.335000038146973,5.335000038146973,5.340000152587891,5.335000038146973,5.335000038146973,729.0
2024-09-16 12:47:00+00:00,WHLR,7.789999961853027,7.789999961853027,7.837200164794922,7.670100212097168,7.695400238037109,48293.0
2024-09-16 12:48:00+00:00,AGNC,10.46500015258789,10.46500015258789,10.467499732971191,10.460000038146973,10.46500015258789,30732.0
2024-09-16 12:48:00+00:00,CSGP,78.7300033569336,78.7300033569336,78.7300033569336,78.68499755859375,78.69000244140625,2255.0
2024-09-16 12:48:00+00:00,DHC,3.5850000381469727,3.5850000381469727,3.5850000381469727,3.5850000381469727,3.5850000381469727,315.0
2024-09-16 12:48:00+00:00,EXPI,14.670000076293945,14.670000076293945,14.680000305175781,14.670000076293945,14.675000190734863,2777.0
2024-09-16 12:48:00+00:00,HST,17.405000686645508,17.405000686645508,17.40999984741211,17.405000686645508,17.405000686645508,1584.0
2024-09-16 12:48:00+00:00,NYMT,6.669099807739258,6.669099807739258,6.669099807739258,6.659999847412109,6.659999847412109,2201.0
2024-09-16 12:48:00+00:00,OPEN,2.1600000858306885,2.1600000858306885,2.166599988937378,2.1600000858306885,2.1649999618530273,24720.0
2024-09-16 12:48:00+00:00,RDFN,13.786600112915039,13.786600112915039,13.789899826049805,13.781499862670898,13.781499862670898,3652.0
2024-09-16 12:48:00+00:00,REAX,5.800000190734863,5.800000190734863,5.800000190734863,5.800000190734863,5.800000190734863,222.0
2024-09-16 12:48:00+00:00,REG,74.91000366210938,74.91000366210938,74.91000366210938,74.8499984741211,74.86499786376953,2057.0
2024-09-16 12:48:00+00:00,SBAC,246.7100067138672,246.7100067138672,246.7100067138672,246.60000610351562,246.60000610351562,653.0
2024-09-16 12:48:00+00:00,SBRA,18.614999771118164,18.614999771118164,18.6200008392334,18.614999771118164,18.6200008392334,3201.0
2024-09-16 12:48:00+00:00,SVC,4.522500038146973,4.522500038146973,4.53000020980835,4.522500038146973,4.525000095367432,871.0
2024-09-16 12:48:00+00:00,UNIT,5.335000038146973,5.335000038146973,5.335000038146973,5.335000038146973,5.335000038146973,455.0
2024-09-16 12:48:00+00:00,WHLR,7.380000114440918,7.380000114440918,7.795000076293945,7.266600131988525,7.760000228881836,69794.0
2024-09-16 12:49:00+00:00,AFCG,10.484999656677246,10.484999656677246,10.484999656677246,10.484999656677246,10.484999656677246,42.0
2024-09-16 12:49:00+00:00,AGNC,10.460000038146973,10.460000038146973,10.46500015258789,10.460000038146973,10.46500015258789,5618.0
2024-09-16 12:49:00+00:00,CSGP,78.75,78.75,78.7699966430664,78.73999786376953,78.7699966430664,2761.0
2024-09-16 12:49:00+00:00,DHC,3.5899999141693115,3.5899999141693115,3.5950000286102295,3.5850000381469727,3.5850000381469727,45672.0
2024-09-16 12:49:00+00:00,GLPI,51.709999084472656,51.709999084472656,51.709999084472656,51.70500183105469,51.70500183105469,1144.0
2024-09-16 12:49:00+00:00,GOOD,16.145000457763672,16.145000457763672,16.145000457763672,16.139999389648438,16.139999389648438,515.0
2024-09-16 12:49:00+00:00,HST,17.405000686645508,17.405000686645508,17.40999984741211,17.405000686645508,17.40999984741211,1700.0
2024-09-16 12:49:00+00:00,ILPT,5.065000057220459,5.065000057220459,5.065000057220459,5.065000057220459,5.065000057220459,271.0
2024-09-16 12:49:00+00:00,LAMR,130.25,130.25,130.3000030517578,130.2449951171875,130.25,1312.0
2024-09-16 12:49:00+00:00,LAND,14.569999694824219,14.569999694824219,14.569999694824219,14.569999694824219,14.569999694824219,112.0
2024-09-16 12:49:00+00:00,NMRK,14.944999694824219,14.944999694824219,14.949999809265137,14.944999694824219,14.944999694824219,7629.0
2024-09-16 12:49:00+00:00,NYMT,6.668900012969971,6.668900012969971,6.670000076293945,6.668900012969971,6.670000076293945,729.0
2024-09-16 12:49:00+00:00,OPEN,2.1600000858306885,2.1600000858306885,2.1698999404907227,2.1600000858306885,2.1649999618530273,13006.0
2024-09-16 12:49:00+00:00,PCH,45.63999938964844,45.63999938964844,45.63999938964844,45.63999938964844,45.63999938964844,1062.0
2024-09-16 12:49:00+00:00,RDFN,13.819999694824219,13.819999694824219,13.819999694824219,13.789999961853027,13.789999961853027,8358.0
2024-09-16 12:49:00+00:00,REAX,5.800000190734863,5.800000190734863,5.800000190734863,5.800000190734863,5.800000190734863,133.0
2024-09-16 12:49:00+00:00,REFI,16.075000762939453,16.075000762939453,16.075000762939453,16.075000762939453,16.075000762939453,300.0
2024-09-16 12:49:00+00:00,REG,74.93000030517578,74.93000030517578,74.94000244140625,74.93000030517578,74.94000244140625,999.0
2024-09-16 12:49:00+00:00,ROIC,16.100000381469727,16.100000381469727,16.100000381469727,16.079999923706055,16.079999923706055,1995.0
2024-09-16 12:49:00+00:00,SBAC,246.74000549316406,246.74000549316406,246.74000549316406,246.60499572753906,246.60499572753906,831.0
2024-09-16 12:49:00+00:00,SBRA,18.625,18.625,18.6299991607666,18.614999771118164,18.614999771118164,4995.0
2024-09-16 12:49:00+00:00,SELF,5.289999961853027,5.289999961853027,5.298500061035156,5.289999961853027,5.298500061035156,1020.0
2024-09-16 12:49:00+00:00,SVC,4.522500038146973,4.522500038146973,4.525000095367432,4.522500038146973,4.525000095367432,256.0
2024-09-16 12:49:00+00:00,UNIT,5.340000152587891,5.340000152587891,5.340000152587891,5.335000038146973,5.335000038146973,868.0
2024-09-16 12:49:00+00:00,WHLR,7.619999885559082,7.619999885559082,7.639999866485596,7.386000156402588,7.386000156402588,33001.0
2024-09-16 12:50:00+00:00,AGNC,10.460000038146973,10.460000038146973,10.470000267028809,10.460000038146973,10.46500015258789,10472.0
2024-09-16 12:50:00+00:00,BPYPO,14.135000228881836,14.135000228881836,14.135000228881836,14.135000228881836,14.135000228881836,873.0
2024-09-16 12:50:00+00:00,BPYPP,14.8100004196167,14.8100004196167,14.84000015258789,14.8100004196167,14.84000015258789,1485.0
2024-09-16 12:50:00+00:00,CIGI,146.86000061035156,146.86000061035156,146.86000061035156,146.86000061035156,146.86000061035156,402.0
2024-09-16 12:50:00+00:00,CSGP,78.7699966430664,78.7699966430664,78.78500366210938,78.7699966430664,78.77999877929688,620.0
2024-09-16 12:50:00+00:00,GLPI,51.7400016784668,51.7400016784668,51.7400016784668,51.720001220703125,51.720001220703125,2376.0
2024-09-16 12:50:00+00:00,GOOD,16.139999389648438,16.139999389648438,16.139999389648438,16.139999389648438,16.139999389648438,634.0
2024-09-16 12:50:00+00:00,HST,17.40999984741211,17.40999984741211,17.40999984741211,17.405000686645508,17.405000686645508,2546.0
2024-09-16 12:50:00+00:00,ILPT,5.065000057220459,5.065000057220459,5.070000171661377,5.065000057220459,5.065000057220459,990.0
2024-09-16 12:50:00+00:00,LAMR,130.2449951171875,130.2449951171875,130.2449951171875,130.2449951171875,130.2449951171875,397.0
2024-09-16 12:50:00+00:00,LAND,14.569999694824219,14.569999694824219,14.569999694824219,14.569999694824219,14.569999694824219,328.0
2024-09-16 12:50:00+00:00,OPEN,2.1689999103546143,2.1689999103546143,2.1700000762939453,2.1600000858306885,2.1649999618530273,246445.0
2024-09-16 12:50:00+00:00,OPI,2.2149999141693115,2.2149999141693115,2.2149999141693115,2.2149999141693115,2.2149999141693115,161.0
2024-09-16 12:50:00+00:00,PECO,38.880001068115234,38.880001068115234,38.88999938964844,38.880001068115234,38.88999938964844,1570.0
2024-09-16 12:50:00+00:00,RDFN,13.845000267028809,13.845000267028809,13.845000267028809,13.8100004196167,13.8100004196167,7078.0
2024-09-16 12:50:00+00:00,REAX,5.809999942779541,5.809999942779541,5.809999942779541,5.809999942779541,5.809999942779541,1529.0
2024-09-16 12:50:00+00:00,REFI,16.06999969482422,16.06999969482422,16.06999969482422,16.06999969482422,16.06999969482422,346.0
2024-09-16 12:50:00+00:00,REG,74.90499877929688,74.90499877929688,74.9281005859375,74.90499877929688,74.9281005859375,2580.0
2024-09-16 12:50:00+00:00,ROIC,16.09600067138672,16.09600067138672,16.09600067138672,16.094999313354492,16.094999313354492,1471.0
2024-09-16 12:50:00+00:00,SBAC,246.75999450683594,246.75999450683594,246.75999450683594,246.5800018310547,246.5800018310547,1043.0
2024-09-16 12:50:00+00:00,SBRA,18.635000228881836,18.635000228881836,18.635000228881836,18.6299991607666,18.6299991607666,2452.0
2024-09-16 12:50:00+00:00,SELF,5.28000020980835,5.28000020980835,5.28000020980835,5.25,5.25,302.0
2024-09-16 12:50:00+00:00,SVC,4.525000095367432,4.525000095367432,4.525000095367432,4.519999980926514,4.525000095367432,580.0
2024-09-16 12:50:00+00:00,UNIT,5.329999923706055,5.329999923706055,5.335000038146973,5.329999923706055,5.329999923706055,2935.0
2024-09-16 12:50:00+00:00,WHLR,7.581999778747559,7.581999778747559,7.639999866485596,7.449999809265137,7.562699794769287,13487.0
2024-09-16 12:51:00+00:00,AFCG,10.486800193786621,10.486800193786621,10.486800193786621,10.486800193786621,10.486800193786621,5604.0
2024-09-16 12:51:00+00:00,AGNC,10.46500015258789,10.46500015258789,10.470000267028809,10.460000038146973,10.46500015258789,16162.0
2024-09-16 12:51:00+00:00,CHCI,8.75,8.75,8.75,8.75,8.75,1057.0
2024-09-16 12:51:00+00:00,CSGP,78.75,78.75,78.7699966430664,78.75,78.7699966430664,1884.0
2024-09-16 12:51:00+00:00,DHC,3.5850000381469727,3.5850000381469727,3.5950000286102295,3.5799999237060547,3.5899999141693115,41687.0
2024-09-16 12:51:00+00:00,DUO,0.4399999976158142,0.4399999976158142,0.4399999976158142,0.4399999976158142,0.4399999976158142,0.0
2024-09-16 12:51:00+00:00,EXPI,14.649999618530273,14.649999618530273,14.65999984741211,14.649999618530273,14.65999984741211,405.0
2024-09-16 12:51:00+00:00,GLPI,51.720001220703125,51.720001220703125,51.72999954223633,51.720001220703125,51.72999954223633,1321.0
2024-09-16 12:51:00+00:00,GOOD,16.139999389648438,16.139999389648438,16.139999389648438,16.1299991607666,16.1299991607666,1.0
2024-09-16 12:51:00+00:00,HST,17.405000686645508,17.405000686645508,17.40999984741211,17.405000686645508,17.405000686645508,4920.0
2024-09-16 12:51:00+00:00,ILPT,5.065000057220459,5.065000057220459,5.070000171661377,5.065000057220459,5.065000057220459,2707.0
2024-09-16 12:51:00+00:00,NYMT,6.670000076293945,6.670000076293945,6.670000076293945,6.659999847412109,6.659999847412109,541.0
2024-09-16 12:51:00+00:00,OPEN,2.1798999309539795,2.1798999309539795,2.1798999309539795,2.1656999588012695,2.1656999588012695,215451.0
2024-09-16 12:51:00+00:00,PECO,38.8849983215332,38.8849983215332,38.8849983215332,38.8849983215332,38.8849983215332,670.0
2024-09-16 12:51:00+00:00,RDFN,13.845000267028809,13.845000267028809,13.850000381469727,13.840100288391113,13.845000267028809,8906.0
2024-09-16 12:51:00+00:00,REAX,5.824999809265137,5.824999809265137,5.824999809265137,5.824999809265137,5.824999809265137,587.0
2024-09-16 12:51:00+00:00,ROIC,16.094999313354492,16.094999313354492,16.094999313354492,16.094999313354492,16.094999313354492,236.0
2024-09-16 12:51:00+00:00,SBRA,18.6299991607666,18.6299991607666,18.635000228881836,18.6299991607666,18.635000228881836,1521.0
2024-09-16 12:51:00+00:00,SELF,5.289999961853027,5.289999961853027,5.299799919128418,5.247300148010254,5.299799919128418,1500.0
2024-09-16 12:51:00+00:00,SVC,4.525000095367432,4.525000095367432,4.525000095367432,4.525000095367432,4.525000095367432,414.0
2024-09-16 12:51:00+00:00,UNIT,5.335000038146973,5.335000038146973,5.335000038146973,5.335000038146973,5.335000038146973,264.0
2024-09-16 12:51:00+00:00,WHLR,7.460000038146973,7.460000038146973,7.579999923706055,7.421899795532227,7.579999923706055,12556.0
2024-09-16 12:52:00+00:00,AGNC,10.46500015258789,10.46500015258789,10.467000007629395,10.460000038146973,10.46500015258789,14004.0
2024-09-16 12:52:00+00:00,CSGP,78.70999908447266,78.70999908447266,78.7300033569336,78.70999908447266,78.7300033569336,12221.0
2024-09-16 12:52:00+00:00,DHC,3.5850000381469727,3.5850000381469727,3.5850000381469727,3.5850000381469727,3.5850000381469727,0.0
2024-09-16 12:52:00+00:00,EQIX,878.0549926757812,878.0549926757812,878.0549926757812,878.0549926757812,878.0549926757812,429.0
2024-09-16 12:52:00+00:00,EXPI,14.65999984741211,14.65999984741211,14.65999984741211,14.65999984741211,14.65999984741211,230.0
2024-09-16 12:52:00+00:00,GLPI,51.720001220703125,51.720001220703125,51.720001220703125,51.720001220703125,51.720001220703125,2268.0
2024-09-16 12:52:00+00:00,GOOD,16.139999389648438,16.139999389648438,16.139999389648438,16.139999389648438,16.139999389648438,417.0
2024-09-16 12:52:00+00:00,HST,17.415000915527344,17.415000915527344,17.415000915527344,17.405000686645508,17.40999984741211,9449.0
2024-09-16 12:52:00+00:00,ILPT,5.065000057220459,5.065000057220459,5.065000057220459,5.065000057220459,5.065000057220459,109.0
2024-09-16 12:52:00+00:00,OPEN,2.180000066757202,2.180000066757202,2.180000066757202,2.1700000762939453,2.170099973678589,44734.0
2024-09-16 12:52:00+00:00,RDFN,13.840299606323242,13.840299606323242,13.850000381469727,13.84000015258789,13.845000267028809,11174.0
2024-09-16 12:52:00+00:00,REFI,16.100000381469727,16.100000381469727,16.100000381469727,16.100000381469727,16.100000381469727,101.0
2024-09-16 12:52:00+00:00,ROIC,16.094999313354492,16.094999313354492,16.094999313354492,16.09000015258789,16.09000015258789,428.0
2024-09-16 12:52:00+00:00,SBRA,18.635000228881836,18.635000228881836,18.639999389648438,18.6299991607666,18.6299991607666,1210.0
2024-09-16 12:52:00+00:00,SELF,5.340000152587891,5.340000152587891,5.340000152587891,5.269999980926514,5.290599822998047,2500.0
2024-09-16 12:52:00+00:00,SVC,4.525000095367432,4.525000095367432,4.525000095367432,4.519999980926514,4.519999980926514,598.0
2024-09-16 12:52:00+00:00,UNIT,5.335000038146973,5.335000038146973,5.340000152587891,5.329999923706055,5.335000038146973,1825.0
2024-09-16 12:52:00+00:00,WHLR,7.360000133514404,7.360000133514404,7.480000019073486,7.360000133514404,7.436999797821045,17200.0
2024-09-16 12:53:00+00:00,AGNC,10.46500015258789,10.46500015258789,10.470000267028809,10.460000038146973,10.46500015258789,16895.0
2024-09-16 12:53:00+00:00,BPYPO,14.140000343322754,14.140000343322754,14.140000343322754,14.140000343322754,14.140000343322754,295.0
2024-09-16 12:53:00+00:00,EXPI,14.664999961853027,14.664999961853027,14.664999961853027,14.664999961853027,14.664999961853027,1030.0
2024-09-16 12:53:00+00:00,GLPI,51.70000076293945,51.70000076293945,51.71500015258789,51.70000076293945,51.709999084472656,1094.0
2024-09-16 12:53:00+00:00,HST,17.405000686645508,17.405000686645508,17.420000076293945,17.405000686645508,17.415000915527344,4358.0
2024-09-16 12:53:00+00:00,ILPT,5.065000057220459,5.065000057220459,5.065000057220459,5.065000057220459,5.065000057220459,101.0
2024-09-16 12:53:00+00:00,LAMR,130.1999969482422,130.1999969482422,130.1999969482422,130.1999969482422,130.1999969482422,529.0
2024-09-16 12:53:00+00:00,LAND,14.579999923706055,14.579999923706055,14.579999923706055,14.579999923706055,14.579999923706055,1011.0
2024-09-16 12:53:00+00:00,NMRK,14.954999923706055,14.954999923706055,14.954999923706055,14.954999923706055,14.954999923706055,700.0
2024-09-16 12:53:00+00:00,NYMT,6.659999847412109,6.659999847412109,6.670000076293945,6.659999847412109,6.670000076293945,586.0
2024-09-16 12:53:00+00:00,OPEN,2.174999952316284,2.174999952316284,2.180000066757202,2.1700000762939453,2.174999952316284,20523.0
2024-09-16 12:53:00+00:00,OPI,2.2100000381469727,2.2100000381469727,2.2149999141693115,2.2100000381469727,2.2149999141693115,219.0
2024-09-16 12:53:00+00:00,PCH,45.65999984741211,45.65999984741211,45.67499923706055,45.65999984741211,45.65999984741211,488.0
2024-09-16 12:53:00+00:00,PECO,38.8849983215332,38.8849983215332,38.8849983215332,38.8849983215332,38.8849983215332,481.0
2024-09-16 12:53:00+00:00,RDFN,13.829999923706055,13.829999923706055,13.845000267028809,13.829999923706055,13.845000267028809,6802.0
2024-09-16 12:53:00+00:00,REFI,16.09000015258789,16.09000015258789,16.09000015258789,16.09000015258789,16.09000015258789,111.0
2024-09-16 12:53:00+00:00,ROIC,16.094999313354492,16.094999313354492,16.094999313354492,16.094999313354492,16.094999313354492,932.0
2024-09-16 12:53:00+00:00,SBAC,246.88999938964844,246.88999938964844,246.88999938964844,246.88999938964844,246.88999938964844,507.0
2024-09-16 12:53:00+00:00,SBRA,18.635000228881836,18.635000228881836,18.635000228881836,18.635000228881836,18.635000228881836,700.0
2024-09-16 12:53:00+00:00,SELF,5.304999828338623,5.304999828338623,5.340000152587891,5.266499996185303,5.292500019073486,3200.0
2024-09-16 12:53:00+00:00,SEVN,13.883000373840332,13.883000373840332,13.883000373840332,13.883000373840332,13.883000373840332,873.0
2024-09-16 12:53:00+00:00,SVC,4.525000095367432,4.525000095367432,4.525000095367432,4.519999980926514,4.525000095367432,1222.0
2024-09-16 12:53:00+00:00,UNIT,5.329999923706055,5.329999923706055,5.340000152587891,5.329999923706055,5.335000038146973,1136.0
2024-09-16 12:53:00+00:00,WHLR,7.5,7.5,7.5,7.360000133514404,7.380000114440918,11356.0
2024-09-16 12:54:00+00:00,AGNC,10.46500015258789,10.46500015258789,10.46500015258789,10.460000038146973,10.46500015258789,6236.0
2024-09-16 12:54:00+00:00,AGNCL,24.1825008392334,24.1825008392334,24.184999465942383,24.18000030517578,24.18000030517578,2127.0
2024-09-16 12:54:00+00:00,CSGP,78.73999786376953,78.73999786376953,78.75,78.7300033569336,78.7300033569336,1728.0
2024-09-16 12:54:00+00:00,DHC,3.5850000381469727,3.5850000381469727,3.5850000381469727,3.5850000381469727,3.5850000381469727,171.0
2024-09-16 12:54:00+00:00,EQIX,878.0549926757812,878.0549926757812,878.0549926757812,878.0549926757812,878.0549926757812,432.0
2024-09-16 12:54:00+00:00,EXPI,14.670000076293945,14.670000076293945,14.670000076293945,14.65999984741211,14.65999984741211,1157.0
2024-09-16 12:54:00+00:00,GLPI,51.72999954223633,51.72999954223633,51.72999954223633,51.70500183105469,51.70500183105469,7399.0
2024-09-16 12:54:00+00:00,HST,17.40999984741211,17.40999984741211,17.40999984741211,17.405000686645508,17.40999984741211,1485.0
2024-09-16 12:54:00+00:00,ILPT,5.067500114440918,5.067500114440918,5.067500114440918,5.067500114440918,5.067500114440918,119.0
2024-09-16 12:54:00+00:00,LAMR,130.19500732421875,130.19500732421875,130.19500732421875,130.19500732421875,130.19500732421875,677.0
2024-09-16 12:54:00+00:00,LSEA,12.670000076293945,12.670000076293945,12.670000076293945,12.649999618530273,12.664999961853027,1585.0
2024-09-16 12:54:00+00:00,NMRK,14.954999923706055,14.954999923706055,14.958900451660156,14.954999923706055,14.958900451660156,1365.0
2024-09-16 12:54:00+00:00,NYMT,6.670000076293945,6.670000076293945,6.670000076293945,6.670000076293945,6.670000076293945,235.0
2024-09-16 12:54:00+00:00,OPEN,2.174999952316284,2.174999952316284,2.1798999309539795,2.170099973678589,2.174999952316284,27551.0
2024-09-16 12:54:00+00:00,OPI,2.2149999141693115,2.2149999141693115,2.2149999141693115,2.2149999141693115,2.2149999141693115,596.0
2024-09-16 12:54:00+00:00,PCH,45.65999984741211,45.65999984741211,45.65999984741211,45.65999984741211,45.65999984741211,625.0
2024-09-16 12:54:00+00:00,PECO,38.880001068115234,38.880001068115234,38.880001068115234,38.880001068115234,38.880001068115234,265.0
2024-09-16 12:54:00+00:00,RDFN,13.883000373840332,13.883000373840332,13.899999618530273,13.835000038146973,13.835000038146973,35804.0
2024-09-16 12:54:00+00:00,REFI,16.100000381469727,16.100000381469727,16.100000381469727,16.100000381469727,16.100000381469727,626.0
2024-09-16 12:54:00+00:00,REG,74.87000274658203,74.87000274658203,74.87139892578125,74.87000274658203,74.87139892578125,1028.0
2024-09-16 12:54:00+00:00,SBAC,246.78500366210938,246.78500366210938,246.78500366210938,246.78500366210938,246.78500366210938,200.0
2024-09-16 12:54:00+00:00,SBRA,18.639999389648438,18.639999389648438,18.639999389648438,18.6299991607666,18.6299991607666,3100.0
2024-09-16 12:54:00+00:00,SELF,5.333000183105469,5.333000183105469,5.349999904632568,5.329999923706055,5.329999923706055,2513.0
2024-09-16 12:54:00+00:00,SOHO,1.2200000286102295,1.2200000286102295,1.2299000024795532,1.2200000286102295,1.2299000024795532,12200.0
2024-09-16 12:54:00+00:00,SVC,4.525000095367432,4.525000095367432,4.525000095367432,4.519999980926514,4.519999980926514,1423.0
2024-09-16 12:54:00+00:00,UNIT,5.329999923706055,5.329999923706055,5.335000038146973,5.329999923706055,5.329999923706055,2242.0
2024-09-16 12:54:00+00:00,WHLR,7.319300174713135,7.319300174713135,7.5,7.28000020980835,7.462500095367432,22239.0
2024-09-16 12:55:00+00:00,AGNC,10.467900276184082,10.467900276184082,10.470000267028809,10.460000038146973,10.46500015258789,82133.0
2024-09-16 12:55:00+00:00,AGNCL,24.239900588989258,24.239900588989258,24.239900588989258,24.239900588989258,24.239900588989258,905.0
2024-09-16 12:55:00+00:00,CSGP,78.7750015258789,78.7750015258789,78.7750015258789,78.7300033569336,78.73999786376953,634.0
2024-09-16 12:55:00+00:00,DHC,3.5850000381469727,3.5850000381469727,3.5850000381469727,3.5850000381469727,3.5850000381469727,203.0
2024-09-16 12:55:00+00:00,EQIX,878.0549926757812,878.0549926757812,878.0549926757812,878.0549926757812,878.0549926757812,125.0
2024-09-16 12:55:00+00:00,EXPI,14.680000305175781,14.680000305175781,14.680000305175781,14.670000076293945,14.670000076293945,2438.0
2024-09-16 12:55:00+00:00,FRPH,29.399999618530273,29.399999618530273,29.399999618530273,29.399999618530273,29.399999618530273,244.0
2024-09-16 12:55:00+00:00,GLPI,51.72999954223633,51.72999954223633,51.72999954223633,51.72999954223633,51.72999954223633,395.0
2024-09-16 12:55:00+00:00,GOOD,16.149999618530273,16.149999618530273,16.149999618530273,16.149999618530273,16.149999618530273,655.0
2024-09-16 12:55:00+00:00,HST,17.415000915527344,17.415000915527344,17.415000915527344,17.405000686645508,17.405000686645508,3223.0
2024-09-16 12:55:00+00:00,ILPT,5.074999809265137,5.074999809265137,5.074999809265137,5.065000057220459,5.065000057220459,1508.0
2024-09-16 12:55:00+00:00,LAMR,130.22500610351562,130.22500610351562,130.22999572753906,130.22500610351562,130.22999572753906,576.0
2024-09-16 12:55:00+00:00,NMRK,14.994999885559082,14.994999885559082,14.994999885559082,14.960000038146973,14.960000038146973,4365.0
2024-09-16 12:55:00+00:00,NYMT,6.670000076293945,6.670000076293945,6.670000076293945,6.670000076293945,6.670000076293945,303.0
2024-09-16 12:55:00+00:00,OPEN,2.180000066757202,2.180000066757202,2.180000066757202,2.174999952316284,2.174999952316284,55294.0
2024-09-16 12:55:00+00:00,OPI,2.2149999141693115,2.2149999141693115,2.2149999141693115,2.2149999141693115,2.2149999141693115,4279.0
2024-09-16 12:55:00+00:00,PCH,45.685001373291016,45.685001373291016,45.709999084472656,45.68000030517578,45.689998626708984,2496.0
2024-09-16 12:55:00+00:00,PECO,38.89500045776367,38.89500045776367,38.89500045776367,38.88999938964844,38.88999938964844,949.0
2024-09-16 12:55:00+00:00,RDFN,13.880000114440918,13.880000114440918,13.880000114440918,13.850000381469727,13.880000114440918,15325.0
2024-09-16 12:55:00+00:00,REAX,5.835000038146973,5.835000038146973,5.840000152587891,5.835000038146973,5.835000038146973,1384.0
2024-09-16 12:55:00+00:00,SBAC,246.78250122070312,246.78250122070312,246.78250122070312,246.66000366210938,246.7100067138672,2387.0
2024-09-16 12:55:00+00:00,SBRA,18.639999389648438,18.639999389648438,18.639999389648438,18.635000228881836,18.635000228881836,1135.0
2024-09-16 12:55:00+00:00,SOHO,1.2299000024795532,1.2299000024795532,1.2299000024795532,1.2299000024795532,1.2299000024795532,0.0
2024-09-16 12:55:00+00:00,SVC,4.519999980926514,4.519999980926514,4.53000020980835,4.519999980926514,4.528900146484375,616.0
2024-09-16 12:55:00+00:00,UNIT,5.335000038146973,5.335000038146973,5.335000038146973,5.329999923706055,5.329999923706055,4026.0
2024-09-16 12:55:00+00:00,WHLR,7.330100059509277,7.330100059509277,7.349999904632568,7.269999980926514,7.320000171661377,13447.0
2024-09-16 12:56:00+00:00,AFCG,10.520000457763672,10.520000457763672,10.520000457763672,10.520000457763672,10.520000457763672,386.0
2024-09-16 12:56:00+00:00,AGNC,10.46500015258789,10.46500015258789,10.470000267028809,10.46500015258789,10.468199729919434,72631.0
2024-09-16 12:56:00+00:00,CSGP,78.75,78.75,78.76000213623047,78.75,78.76000213623047,1207.0
2024-09-16 12:56:00+00:00,EQIX,878.0549926757812,878.0549926757812,878.0549926757812,878.0549926757812,878.0549926757812,1546.0
2024-09-16 12:56:00+00:00,GLPI,51.7400016784668,51.7400016784668,51.7400016784668,51.7400016784668,51.7400016784668,822.0
2024-09-16 12:56:00+00:00,HST,17.424999237060547,17.424999237060547,17.424999237060547,17.415000915527344,17.420000076293945,3189.0
2024-09-16 12:56:00+00:00,LAND,14.59000015258789,14.59000015258789,14.59000015258789,14.59000015258789,14.59000015258789,492.0
2024-09-16 12:56:00+00:00,NMRK,14.989999771118164,14.989999771118164,15.005000114440918,14.989999771118164,15.005000114440918,6176.0
2024-09-16 12:56:00+00:00,NYMT,6.668900012969971,6.668900012969971,6.668900012969971,6.668900012969971,6.668900012969971,967.0
2024-09-16 12:56:00+00:00,OPEN,2.188199996948242,2.188199996948242,2.190000057220459,2.1770999431610107,2.1772000789642334,267460.0
2024-09-16 12:56:00+00:00,OPI,2.2149999141693115,2.2149999141693115,2.2149999141693115,2.2149999141693115,2.2149999141693115,224.0
2024-09-16 12:56:00+00:00,PCH,45.70000076293945,45.70000076293945,45.70000076293945,45.689998626708984,45.689998626708984,584.0
2024-09-16 12:56:00+00:00,PECO,38.900001525878906,38.900001525878906,38.900001525878906,38.88010025024414,38.88999938964844,5396.0
2024-09-16 12:56:00+00:00,RDFN,13.89840030670166,13.89840030670166,13.89840030670166,13.869999885559082,13.875,12228.0
2024-09-16 12:56:00+00:00,REFI,16.09980010986328,16.09980010986328,16.09980010986328,16.09980010986328,16.09980010986328,552.0
2024-09-16 12:56:00+00:00,REG,74.88500213623047,74.88500213623047,74.88500213623047,74.87999725341797,74.87999725341797,829.0
2024-09-16 12:56:00+00:00,SBAC,246.75999450683594,246.75999450683594,246.75999450683594,246.75999450683594,246.75999450683594,214.0
2024-09-16 12:56:00+00:00,SBRA,18.639999389648438,18.639999389648438,18.639999389648438,18.63990020751953,18.639999389648438,1682.0
2024-09-16 12:56:00+00:00,SEVN,13.880000114440918,13.880000114440918,13.880000114440918,13.880000114440918,13.880000114440918,301.0
2024-09-16 12:56:00+00:00,SVC,4.519999980926514,4.519999980926514,4.519999980926514,4.519999980926514,4.519999980926514,200.0
2024-09-16 12:56:00+00:00,UNIT,5.335000038146973,5.335000038146973,5.340000152587891,5.329999923706055,5.329999923706055,7752.0
2024-09-16 12:56:00+00:00,WHLR,7.335000038146973,7.335000038146973,7.409999847412109,7.309999942779541,7.360000133514404,9777.0
2024-09-16 12:57:00+00:00,AFCG,10.524999618530273,10.524999618530273,10.524999618530273,10.524999618530273,10.524999618530273,638.0
2024-09-16 12:57:00+00:00,AGNC,10.46500015258789,10.46500015258789,10.470000267028809,10.460000038146973,10.46500015258789,12458.0
2024-09-16 12:57:00+00:00,BPYPN,12.8100004196167,12.8100004196167,12.8100004196167,12.8100004196167,12.8100004196167,386.0
2024-09-16 12:57:00+00:00,CSGP,78.7300033569336,78.7300033569336,78.76000213623047,78.7300033569336,78.73999786376953,2661.0
2024-09-16 12:57:00+00:00,EXPI,14.704999923706055,14.704999923706055,14.704999923706055,14.699999809265137,14.699999809265137,1484.0
2024-09-16 12:57:00+00:00,GOOD,16.139999389648438,16.139999389648438,16.139999389648438,16.139999389648438,16.139999389648438,487.0
2024-09-16 12:57:00+00:00,HST,17.43000030517578,17.43000030517578,17.43000030517578,17.43000030517578,17.43000030517578,6851.0
2024-09-16 12:57:00+00:00,ILPT,5.070000171661377,5.070000171661377,5.070000171661377,5.070000171661377,5.070000171661377,441.0
2024-09-16 12:57:00+00:00,NMRK,14.979999542236328,14.979999542236328,14.979999542236328,14.979999542236328,14.979999542236328,2875.0
2024-09-16 12:57:00+00:00,OPEN,2.1974000930786133,2.1974000930786133,2.200000047683716,2.180000066757202,2.1898999214172363,557553.0
2024-09-16 12:57:00+00:00,OPI,2.2149999141693115,2.2149999141693115,2.2149999141693115,2.2149999141693115,2.2149999141693115,113.0
2024-09-16 12:57:00+00:00,PCH,45.689998626708984,45.689998626708984,45.709999084472656,45.689998626708984,45.709999084472656,1599.0
2024-09-16 12:57:00+00:00,PECO,38.88999938964844,38.88999938964844,38.88999938964844,38.88999938964844,38.88999938964844,838.0
2024-09-16 12:57:00+00:00,RDFN,13.949999809265137,13.949999809265137,13.949999809265137,13.899999618530273,13.899999618530273,39047.0
2024-09-16 12:57:00+00:00,REG,74.87999725341797,74.87999725341797,74.87999725341797,74.87999725341797,74.87999725341797,284.0
2024-09-16 12:57:00+00:00,ROIC,16.109800338745117,16.109800338745117,16.110000610351562,16.108299255371094,16.110000610351562,998.0
2024-09-16 12:57:00+00:00,SBAC,246.77999877929688,246.77999877929688,246.77999877929688,246.77999877929688,246.77999877929688,124.0
2024-09-16 12:57:00+00:00,SBRA,18.645000457763672,18.645000457763672,18.645000457763672,18.635000228881836,18.639999389648438,6223.0
2024-09-16 12:57:00+00:00,SVC,4.519999980926514,4.519999980926514,4.525000095367432,4.519999980926514,4.525000095367432,228.0
2024-09-16 12:57:00+00:00,UNIT,5.34499979019165,5.34499979019165,5.349999904632568,5.335000038146973,5.335000038146973,16630.0
2024-09-16 12:57:00+00:00,WHLR,7.320000171661377,7.320000171661377,7.360000133514404,7.309999942779541,7.329999923706055,8537.0
2024-09-16 12:58:00+00:00,AFCG,10.515000343322754,10.515000343322754,10.515000343322754,10.515000343322754,10.515000343322754,510.0
2024-09-16 12:58:00+00:00,AGNC,10.46500015258789,10.46500015258789,10.470000267028809,10.460000038146973,10.46500015258789,51496.0
2024-09-16 12:58:00+00:00,CSGP,78.7699966430664,78.7699966430664,78.79000091552734,78.74500274658203,78.76000213623047,1528.0
2024-09-16 12:58:00+00:00,DHC,3.5850000381469727,3.5850000381469727,3.5850000381469727,3.5850000381469727,3.5850000381469727,3417.0
2024-09-16 12:58:00+00:00,EXPI,14.71500015258789,14.71500015258789,14.71500015258789,14.710000038146973,14.710000038146973,1097.0
2024-09-16 12:58:00+00:00,GLPI,51.73500061035156,51.73500061035156,51.7400016784668,51.73500061035156,51.73500061035156,1382.0
2024-09-16 12:58:00+00:00,GOOD,16.149999618530273,16.149999618530273,16.149999618530273,16.149999618530273,16.149999618530273,145.0
2024-09-16 12:58:00+00:00,HST,17.44499969482422,17.44499969482422,17.450000762939453,17.424999237060547,17.43000030517578,6160.0
2024-09-16 12:58:00+00:00,ILPT,5.085000038146973,5.085000038146973,5.085000038146973,5.074999809265137,5.074999809265137,1024.0
2024-09-16 12:58:00+00:00,LAMR,130.19500732421875,130.19500732421875,130.22500610351562,130.19500732421875,130.22500610351562,973.0
2024-09-16 12:58:00+00:00,LAND,14.59000015258789,14.59000015258789,14.59000015258789,14.59000015258789,14.59000015258789,207.0
2024-09-16 12:58:00+00:00,NMRK,14.979999542236328,14.979999542236328,14.979999542236328,14.979999542236328,14.979999542236328,1455.0
2024-09-16 12:58:00+00:00,NYMT,6.664999961853027,6.664999961853027,6.670000076293945,6.664999961853027,6.670000076293945,522.0
2024-09-16 12:58:00+00:00,NYMTN,22.450000762939453,22.450000762939453,22.450000762939453,22.450000762939453,22.450000762939453,0.0
2024-09-16 12:58:00+00:00,OPEN,2.2049999237060547,2.2049999237060547,2.2065000534057617,2.194499969482422,2.194999933242798,136945.0
2024-09-16 12:58:00+00:00,OPI,2.2149999141693115,2.2149999141693115,2.2149999141693115,2.2149999141693115,2.2149999141693115,345.0
2024-09-16 12:58:00+00:00,PCH,45.70000076293945,45.70000076293945,45.70000076293945,45.69499969482422,45.69499969482422,1656.0
2024-09-16 12:58:00+00:00,PECO,38.8849983215332,38.8849983215332,38.8849983215332,38.8849983215332,38.8849983215332,222.0
2024-09-16 12:58:00+00:00,RDFN,13.9350004196167,13.9350004196167,13.970000267028809,13.934000015258789,13.960000038146973,13528.0
2024-09-16 12:58:00+00:00,REG,74.9000015258789,74.9000015258789,74.9000015258789,74.88999938964844,74.88999938964844,936.0
2024-09-16 12:58:00+00:00,ROIC,16.1200008392334,16.1200008392334,16.1200008392334,16.110000610351562,16.110000610351562,2172.0
2024-09-16 12:58:00+00:00,SBAC,246.77000427246094,246.77000427246094,246.84500122070312,246.77000427246094,246.77999877929688,1096.0
2024-09-16 12:58:00+00:00,SBRA,18.635000228881836,18.635000228881836,18.645000457763672,18.635000228881836,18.645000457763672,3601.0
2024-09-16 12:58:00+00:00,SEVN,13.880000114440918,13.880000114440918,13.882499694824219,13.880000114440918,13.880000114440918,4190.0
2024-09-16 12:58:00+00:00,SVC,4.519999980926514,4.519999980926514,4.519999980926514,4.519999980926514,4.519999980926514,109.0
2024-09-16 12:58:00+00:00,UNIT,5.34499979019165,5.34499979019165,5.34499979019165,5.34499979019165,5.34499979019165,646.0
2024-09-16 12:58:00+00:00,WHLR,7.402699947357178,7.402699947357178,7.460000038146973,7.368500232696533,7.368500232696533,5883.0
2024-09-16 12:59:00+00:00,AGNC,10.46500015258789,10.46500015258789,10.470000267028809,10.46500015258789,10.470000267028809,3842.0
2024-09-16 12:59:00+00:00,DHC,3.5799999237060547,3.5799999237060547,3.5799999237060547,3.5799999237060547,3.5799999237060547,217.0
2024-09-16 12:59:00+00:00,EXPI,14.710000038146973,14.710000038146973,14.71399974822998,14.704999923706055,14.71399974822998,1240.0
2024-09-16 12:59:00+00:00,GOOD,16.139999389648438,16.139999389648438,16.139999389648438,16.139999389648438,16.139999389648438,224.0
2024-09-16 12:59:00+00:00,HST,17.43000030517578,17.43000030517578,17.440000534057617,17.40999984741211,17.440000534057617,32315.0
2024-09-16 12:59:00+00:00,ILPT,5.074999809265137,5.074999809265137,5.074999809265137,5.074999809265137,5.074999809265137,998.0
2024-09-16 12:59:00+00:00,LAMR,130.18499755859375,130.18499755859375,130.1925048828125,130.18499755859375,130.1925048828125,1456.0
2024-09-16 12:59:00+00:00,NMRK,14.984999656677246,14.984999656677246,14.984999656677246,14.984999656677246,14.984999656677246,184.0
2024-09-16 12:59:00+00:00,OPEN,2.19569993019104,2.19569993019104,2.2100000381469727,2.190000057220459,2.2000999450683594,240867.0
2024-09-16 12:59:00+00:00,OPI,2.2149999141693115,2.2149999141693115,2.2200000286102295,2.2100000381469727,2.2149999141693115,12034.0
2024-09-16 12:59:00+00:00,PCH,45.709999084472656,45.709999084472656,45.724998474121094,45.68000030517578,45.68000030517578,5599.0
2024-09-16 12:59:00+00:00,RDFN,13.930000305175781,13.930000305175781,13.9350004196167,13.919899940490723,13.930000305175781,6961.0
2024-09-16 12:59:00+00:00,REAX,5.835000038146973,5.835000038146973,5.835000038146973,5.835000038146973,5.835000038146973,238.0
2024-09-16 12:59:00+00:00,REG,74.91500091552734,74.91500091552734,74.91500091552734,74.90499877929688,74.90499877929688,427.0
2024-09-16 12:59:00+00:00,ROIC,16.110000610351562,16.110000610351562,16.114999771118164,16.110000610351562,16.114999771118164,2080.0
2024-09-16 12:59:00+00:00,SBAC,246.77000427246094,246.77000427246094,246.80999755859375,246.7100067138672,246.77000427246094,1310.0
2024-09-16 12:59:00+00:00,SBRA,18.639999389648438,18.639999389648438,18.639999389648438,18.635000228881836,18.639999389648438,1367.0
2024-09-16 12:59:00+00:00,SVC,4.519999980926514,4.519999980926514,4.519999980926514,4.519999980926514,4.519999980926514,309.0
2024-09-16 12:59:00+00:00,UNIT,5.34499979019165,5.34499979019165,5.34499979019165,5.34499979019165,5.34499979019165,2377.0
2024-09-16 12:59:00+00:00,WHLR,7.469600200653076,7.469600200653076,7.5,7.400100231170654,7.410799980163574,10219.0
2024-09-16 13:00:00+00:00,AFCG,10.515000343322754,10.515000343322754,10.515000343322754,10.515000343322754,10.515000343322754,200.0
2024-09-16 13:00:00+00:00,AGNC,10.46500015258789,10.46500015258789,10.469900131225586,10.460000038146973,10.46500015258789,8486.0
2024-09-16 13:00:00+00:00,AGNCP,24.45829963684082,24.45829963684082,24.45829963684082,24.45829963684082,24.45829963684082,1357.0
2024-09-16 13:00:00+00:00,BPYPO,14.149999618530273,14.149999618530273,14.149999618530273,14.149999618530273,14.149999618530273,0.0
2024-09-16 13:00:00+00:00,CSGP,78.76000213623047,78.76000213623047,78.77999877929688,78.76000213623047,78.7750015258789,808.0
2024-09-16 13:00:00+00:00,DHC,3.5799999237060547,3.5799999237060547,3.5799999237060547,3.5799999237060547,3.5799999237060547,32.0
2024-09-16 13:00:00+00:00,DUO,0.43959999084472656,0.43959999084472656,0.43959999084472656,0.43959999084472656,0.43959999084472656,5670.0
2024-09-16 13:00:00+00:00,EXPI,14.699999809265137,14.699999809265137,14.71500015258789,14.699999809265137,14.710000038146973,4908.0
2024-09-16 13:00:00+00:00,GLPI,51.7400016784668,51.7400016784668,51.7400016784668,51.724998474121094,51.724998474121094,2789.0
2024-09-16 13:00:00+00:00,GOOD,16.139999389648438,16.139999389648438,16.139999389648438,16.139999389648438,16.139999389648438,364.0
2024-09-16 13:00:00+00:00,HST,17.450000762939453,17.450000762939453,17.450000762939453,17.43000030517578,17.43000030517578,9353.0
2024-09-16 13:00:00+00:00,ILPT,5.074999809265137,5.074999809265137,5.074999809265137,5.074999809265137,5.074999809265137,11.0
2024-09-16 13:00:00+00:00,LAND,14.598199844360352,14.598199844360352,14.598199844360352,14.598199844360352,14.598199844360352,1875.0
2024-09-16 13:00:00+00:00,NYMT,6.664999961853027,6.664999961853027,6.664999961853027,6.664999961853027,6.664999961853027,288.0
2024-09-16 13:00:00+00:00,NYMTL,21.25,21.25,21.25,21.25,21.25,56587.0
2024-09-16 13:00:00+00:00,OPEN,2.199700117111206,2.199700117111206,2.200000047683716,2.190000057220459,2.199899911880493,161773.0
2024-09-16 13:00:00+00:00,OPI,2.2249999046325684,2.2249999046325684,2.2300000190734863,2.2200000286102295,2.2200000286102295,7493.0
2024-09-16 13:00:00+00:00,PCH,45.71500015258789,45.71500015258789,45.71500015258789,45.71500015258789,45.71500015258789,120.0
2024-09-16 13:00:00+00:00,PECO,38.88999938964844,38.88999938964844,38.900001525878906,38.880001068115234,38.880001068115234,2625.0
2024-09-16 13:00:00+00:00,RDFN,13.9399995803833,13.9399995803833,13.960000038146973,13.934700012207031,13.939900398254395,12379.0
2024-09-16 13:00:00+00:00,REAX,5.835000038146973,5.835000038146973,5.835000038146973,5.835000038146973,5.835000038146973,1986.0
2024-09-16 13:00:00+00:00,REG,74.91999816894531,74.91999816894531,74.91999816894531,74.90499877929688,74.90499877929688,1059.0
2024-09-16 13:00:00+00:00,RMR,25.200000762939453,25.200000762939453,25.200000762939453,25.200000762939453,25.200000762939453,804.0
2024-09-16 13:00:00+00:00,ROIC,16.117000579833984,16.117000579833984,16.117000579833984,16.117000579833984,16.117000579833984,1135.0
2024-09-16 13:00:00+00:00,SBAC,246.76499938964844,246.76499938964844,246.77000427246094,246.7100067138672,246.77000427246094,644.0
2024-09-16 13:00:00+00:00,SBRA,18.655000686645508,18.655000686645508,18.655000686645508,18.636999130249023,18.636999130249023,4202.0
2024-09-16 13:00:00+00:00,SELF,5.360000133514404,5.360000133514404,5.361000061035156,5.330100059509277,5.361000061035156,3636.0
2024-09-16 13:00:00+00:00,SEVN,13.885000228881836,13.885000228881836,13.885000228881836,13.885000228881836,13.885000228881836,1962.0
2024-09-16 13:00:00+00:00,SVC,4.53000020980835,4.53000020980835,4.53000020980835,4.53000020980835,4.53000020980835,393.0
2024-09-16 13:00:00+00:00,UNIT,5.34499979019165,5.34499979019165,5.34499979019165,5.34499979019165,5.34499979019165,2121.0
2024-09-16 13:00:00+00:00,WHLR,7.525000095367432,7.525000095367432,7.570000171661377,7.420000076293945,7.445000171661377,14958.0
2024-09-16 13:01:00+00:00,AFCG,10.520000457763672,10.520000457763672,10.520000457763672,10.520000457763672,10.520000457763672,21.0
2024-09-16 13:01:00+00:00,AGNC,10.46500015258789,10.46500015258789,10.470000267028809,10.46500015258789,10.46500015258789,102621.0
2024-09-16 13:01:00+00:00,CIGI,146.9499969482422,146.9499969482422,146.9499969482422,146.9499969482422,146.9499969482422,236.0
2024-09-16 13:01:00+00:00,CSGP,78.7750015258789,78.7750015258789,78.7750015258789,78.75,78.7750015258789,1496.0
2024-09-16 13:01:00+00:00,DUO,0.43959999084472656,0.43959999084472656,0.43959999084472656,0.43959999084472656,0.43959999084472656,11203.0
2024-09-16 13:01:00+00:00,EXPI,14.699999809265137,14.699999809265137,14.699999809265137,14.6899995803833,14.694999694824219,836.0
2024-09-16 13:01:00+00:00,GLPI,51.7400016784668,51.7400016784668,51.75,51.7400016784668,51.7400016784668,719.0
2024-09-16 13:01:00+00:00,GOODN,23.020000457763672,23.020000457763672,23.020000457763672,23.020000457763672,23.020000457763672,2335.0
2024-09-16 13:01:00+00:00,HST,17.454999923706055,17.454999923706055,17.459999084472656,17.454999923706055,17.459999084472656,2983.0
2024-09-16 13:01:00+00:00,ILPT,5.074999809265137,5.074999809265137,5.074999809265137,5.074999809265137,5.074999809265137,622.0
2024-09-16 13:01:00+00:00,LAND,14.59000015258789,14.59000015258789,14.59000015258789,14.59000015258789,14.59000015258789,0.0
2024-09-16 13:01:00+00:00,NYMT,6.659999847412109,6.659999847412109,6.670000076293945,6.659999847412109,6.670000076293945,274.0
2024-09-16 13:01:00+00:00,OPEN,2.200000047683716,2.200000047683716,2.200000047683716,2.190000057220459,2.190000057220459,50329.0
2024-09-16 13:01:00+00:00,OPI,2.2249999046325684,2.2249999046325684,2.2249999046325684,2.2249999046325684,2.2249999046325684,547.0
2024-09-16 13:01:00+00:00,PCH,45.72999954223633,45.72999954223633,45.72999954223633,45.720001220703125,45.724998474121094,994.0
2024-09-16 13:01:00+00:00,PECO,38.900001525878906,38.900001525878906,38.900001525878906,38.900001525878906,38.900001525878906,860.0
2024-09-16 13:01:00+00:00,RDFN,13.949299812316895,13.949299812316895,13.949999809265137,13.940799713134766,13.948599815368652,6220.0
2024-09-16 13:01:00+00:00,REG,74.91999816894531,74.91999816894531,74.91999816894531,74.91999816894531,74.91999816894531,1116.0
2024-09-16 13:01:00+00:00,ROIC,16.110000610351562,16.110000610351562,16.11829948425293,16.110000610351562,16.11829948425293,595.0
2024-09-16 13:01:00+00:00,SBAC,246.93499755859375,246.93499755859375,246.93499755859375,246.6999969482422,246.76499938964844,6407.0
2024-09-16 13:01:00+00:00,SBRA,18.645000457763672,18.645000457763672,18.655000686645508,18.645000457763672,18.655000686645508,4783.0
2024-09-16 13:01:00+00:00,SVC,4.534999847412109,4.534999847412109,4.539999961853027,4.53000020980835,4.53000020980835,4454.0
2024-09-16 13:01:00+00:00,UNIT,5.34499979019165,5.34499979019165,5.349999904632568,5.34499979019165,5.34499979019165,1074.0
2024-09-16 13:01:00+00:00,WHLR,7.430099964141846,7.430099964141846,7.539999961853027,7.430099964141846,7.519999980926514,14862.0
2024-09-16 13:02:00+00:00,AFCG,10.528200149536133,10.528200149536133,10.528200149536133,10.528200149536133,10.528200149536133,201.0
2024-09-16 13:02:00+00:00,AGNC,10.475000381469727,10.475000381469727,10.479900360107422,10.46500015258789,10.470000267028809,120330.0
2024-09-16 13:02:00+00:00,CSGP,78.7750015258789,78.7750015258789,78.7750015258789,78.7750015258789,78.7750015258789,218.0
2024-09-16 13:02:00+00:00,EXPI,14.699999809265137,14.699999809265137,14.699999809265137,14.699999809265137,14.699999809265137,141.0
2024-09-16 13:02:00+00:00,FTHM,2.880000114440918,2.880000114440918,2.880000114440918,2.880000114440918,2.880000114440918,631.0
2024-09-16 13:02:00+00:00,GLPI,51.7400016784668,51.7400016784668,51.7400016784668,51.7400016784668,51.7400016784668,541.0
2024-09-16 13:02:00+00:00,HST,17.459999084472656,17.459999084472656,17.459999084472656,17.454999923706055,17.459999084472656,7934.0
2024-09-16 13:02:00+00:00,ILPT,5.085000038146973,5.085000038146973,5.085000038146973,5.085000038146973,5.085000038146973,204.0
2024-09-16 13:02:00+00:00,LAMR,130.1699981689453,130.1699981689453,130.1699981689453,130.1699981689453,130.1699981689453,309.0
2024-09-16 13:02:00+00:00,LSEA,12.65999984741211,12.65999984741211,12.65999984741211,12.65999984741211,12.65999984741211,362.0
2024-09-16 13:02:00+00:00,NMRK,14.984999656677246,14.984999656677246,14.984999656677246,14.984999656677246,14.984999656677246,196.0
2024-09-16 13:02:00+00:00,NYMT,6.664999961853027,6.664999961853027,6.664999961853027,6.659999847412109,6.659999847412109,2544.0
2024-09-16 13:02:00+00:00,OPEN,2.194999933242798,2.194999933242798,2.200000047683716,2.190000057220459,2.200000047683716,81973.0
2024-09-16 13:02:00+00:00,PCH,45.7400016784668,45.7400016784668,45.7599983215332,45.7400016784668,45.7599983215332,3466.0
2024-09-16 13:02:00+00:00,RDFN,13.975000381469727,13.975000381469727,13.975000381469727,13.949999809265137,13.949999809265137,5816.0
2024-09-16 13:02:00+00:00,REG,74.93000030517578,74.93000030517578,74.93000030517578,74.91999816894531,74.93000030517578,1408.0
2024-09-16 13:02:00+00:00,SBAC,246.85499572753906,246.85499572753906,246.85499572753906,246.85499572753906,246.85499572753906,488.0
2024-09-16 13:02:00+00:00,SBRA,18.635000228881836,18.635000228881836,18.645000457763672,18.635000228881836,18.645000457763672,3338.0
2024-09-16 13:02:00+00:00,SELF,5.349999904632568,5.349999904632568,5.349999904632568,5.349999904632568,5.349999904632568,0.0
2024-09-16 13:02:00+00:00,SOHO,1.2100000381469727,1.2100000381469727,1.2100000381469727,1.2100000381469727,1.2100000381469727,210.0
2024-09-16 13:02:00+00:00,SVC,4.525000095367432,4.525000095367432,4.534999847412109,4.525000095367432,4.53000020980835,8785.0
2024-09-16 13:02:00+00:00,UNIT,5.349999904632568,5.349999904632568,5.349999904632568,5.340000152587891,5.340000152587891,2486.0
2024-09-16 13:02:00+00:00,WHLR,7.429999828338623,7.429999828338623,7.480000019073486,7.369999885559082,7.429999828338623,6183.0
2024-09-16 13:03:00+00:00,AFCG,10.529899597167969,10.529899597167969,10.529899597167969,10.520000457763672,10.520000457763672,650.0
2024-09-16 13:03:00+00:00,AGNC,10.475000381469727,10.475000381469727,10.479999542236328,10.470000267028809,10.475000381469727,25893.0
2024-09-16 13:03:00+00:00,CSGP,78.7750015258789,78.7750015258789,78.7750015258789,78.7750015258789,78.7750015258789,270.0
2024-09-16 13:03:00+00:00,DHC,3.5850000381469727,3.5850000381469727,3.5850000381469727,3.5850000381469727,3.5850000381469727,507.0
2024-09-16 13:03:00+00:00,EXPI,14.710000038146973,14.710000038146973,14.710000038146973,14.710000038146973,14.710000038146973,555.0
2024-09-16 13:03:00+00:00,GLPI,51.744998931884766,51.744998931884766,51.744998931884766,51.7400016784668,51.7400016784668,982.0
2024-09-16 13:03:00+00:00,HST,17.440000534057617,17.440000534057617,17.46500015258789,17.434999465942383,17.46500015258789,14775.0
2024-09-16 13:03:00+00:00,LAMR,130.2449951171875,130.2449951171875,130.2449951171875,130.2449951171875,130.2449951171875,2795.0
2024-09-16 13:03:00+00:00,NYMT,6.659999847412109,6.659999847412109,6.659999847412109,6.659999847412109,6.659999847412109,101.0
2024-09-16 13:03:00+00:00,OPEN,2.200000047683716,2.200000047683716,2.200000047683716,2.1944000720977783,2.200000047683716,89667.0
2024-09-16 13:03:00+00:00,OPI,2.2249999046325684,2.2249999046325684,2.2249999046325684,2.2249999046325684,2.2249999046325684,420.0
2024-09-16 13:03:00+00:00,PCH,45.68000030517578,45.68000030517578,45.7400016784668,45.68000030517578,45.7400016784668,2299.0
2024-09-16 13:03:00+00:00,PECO,38.900001525878906,38.900001525878906,38.900001525878906,38.900001525878906,38.900001525878906,11252.0
2024-09-16 13:03:00+00:00,RDFN,13.984999656677246,13.984999656677246,13.984999656677246,13.970000267028809,13.979999542236328,6745.0
2024-09-16 13:03:00+00:00,REG,74.91999816894531,74.91999816894531,74.91999816894531,74.91999816894531,74.91999816894531,437.0
2024-09-16 13:03:00+00:00,SBAC,246.66000366210938,246.66000366210938,246.66000366210938,246.66000366210938,246.66000366210938,1283.0
2024-09-16 13:03:00+00:00,SBRA,18.635000228881836,18.635000228881836,18.635000228881836,18.635000228881836,18.635000228881836,264.0
2024-09-16 13:03:00+00:00,SOHO,1.215000033378601,1.215000033378601,1.215000033378601,1.215000033378601,1.215000033378601,575.0
2024-09-16 13:03:00+00:00,UNIT,5.340000152587891,5.340000152587891,5.340000152587891,5.340000152587891,5.340000152587891,985.0
2024-09-16 13:03:00+00:00,WHLR,7.554999828338623,7.554999828338623,7.554999828338623,7.44890022277832,7.44890022277832,13309.0
2024-09-16 13:04:00+00:00,AFCG,10.520000457763672,10.520000457763672,10.520000457763672,10.520000457763672,10.520000457763672,0.0
2024-09-16 13:04:00+00:00,AGNC,10.475000381469727,10.475000381469727,10.479999542236328,10.475000381469727,10.475000381469727,5564.0
2024-09-16 13:04:00+00:00,CSGP,78.78500366210938,78.78500366210938,78.78500366210938,78.78500366210938,78.78500366210938,1795.0
2024-09-16 13:04:00+00:00,EXPI,14.739999771118164,14.739999771118164,14.739999771118164,14.739999771118164,14.739999771118164,6478.0
2024-09-16 13:04:00+00:00,GLPI,51.744998931884766,51.744998931884766,51.744998931884766,51.744998931884766,51.744998931884766,2543.0
2024-09-16 13:04:00+00:00,GOOD,16.139999389648438,16.139999389648438,16.139999389648438,16.139999389648438,16.139999389648438,851.0
2024-09-16 13:04:00+00:00,HST,17.420000076293945,17.420000076293945,17.440000534057617,17.420000076293945,17.440000534057617,13235.0
2024-09-16 13:04:00+00:00,OPEN,2.2042999267578125,2.2042999267578125,2.2100000381469727,2.200000047683716,2.2100000381469727,149231.0
2024-09-16 13:04:00+00:00,PCH,45.65999984741211,45.65999984741211,45.65999984741211,45.65999984741211,45.65999984741211,922.0
2024-09-16 13:04:00+00:00,REG,74.91000366210938,74.91000366210938,74.91000366210938,74.91000366210938,74.91000366210938,871.0
2024-09-16 13:04:00+00:00,ROIC,16.110000610351562,16.110000610351562,16.110000610351562,16.110000610351562,16.110000610351562,1487.0
2024-09-16 13:04:00+00:00,SBRA,18.635000228881836,18.635000228881836,18.635000228881836,18.635000228881836,18.635000228881836,226.0
2024-09-16 13:04:00+00:00,SVC,4.519999980926514,4.519999980926514,4.519999980926514,4.519999980926514,4.519999980926514,3313.0
2024-09-16 13:04:00+00:00,UNIT,5.34499979019165,5.34499979019165,5.34499979019165,5.34499979019165,5.34499979019165,557.0
2024-09-16 13:04:00+00:00,WHLR,7.520299911499023,7.520299911499023,7.579999923706055,7.460100173950195,7.570000171661377,11692.0
2024-09-16 13:05:00+00:00,AEI,1.065000057220459,1.065000057220459,1.065000057220459,1.065000057220459,1.065000057220459,277.0
2024-09-16 13:05:00+00:00,AGNC,10.475000381469727,10.475000381469727,10.475000381469727,10.470000267028809,10.475000381469727,6697.0
2024-09-16 13:05:00+00:00,BPYPP,14.699999809265137,14.699999809265137,14.710000038146973,14.699999809265137,14.710000038146973,3421.0
2024-09-16 13:05:00+00:00,CIGI,147.1199951171875,147.1199951171875,147.1199951171875,147.1199951171875,147.1199951171875,383.0
2024-09-16 13:05:00+00:00,CSGP,78.79499816894531,78.79499816894531,78.79499816894531,78.79499816894531,78.79499816894531,335.0
2024-09-16 13:05:00+00:00,EXPI,14.749500274658203,14.749500274658203,14.749500274658203,14.739999771118164,14.739999771118164,1350.0
2024-09-16 13:05:00+00:00,GLPI,51.744998931884766,51.744998931884766,51.75,51.744998931884766,51.744998931884766,1595.0
2024-09-16 13:05:00+00:00,HST,17.415000915527344,17.415000915527344,17.424999237060547,17.415000915527344,17.424999237060547,1768.0
2024-09-16 13:05:00+00:00,LAMR,130.22999572753906,130.22999572753906,130.24000549316406,130.2050018310547,130.2050018310547,1623.0
2024-09-16 13:05:00+00:00,NMRK,14.984999656677246,14.984999656677246,14.984999656677246,14.984999656677246,14.984999656677246,456.0
2024-09-16 13:05:00+00:00,NYMT,6.670000076293945,6.670000076293945,6.670000076293945,6.670000076293945,6.670000076293945,426.0
2024-09-16 13:05:00+00:00,OPEN,2.210099935531616,2.210099935531616,2.219899892807007,2.2072999477386475,2.2100000381469727,195087.0
2024-09-16 13:05:00+00:00,PECO,38.85499954223633,38.85499954223633,38.880001068115234,38.85499954223633,38.880001068115234,1488.0
2024-09-16 13:05:00+00:00,RDFN,14.041199684143066,14.041199684143066,14.050000190734863,14.012399673461914,14.039899826049805,44896.0
2024-09-16 13:05:00+00:00,REG,74.91500091552734,74.91500091552734,74.91999816894531,74.87999725341797,74.8949966430664,2379.0
2024-09-16 13:05:00+00:00,ROIC,16.09000015258789,16.09000015258789,16.100000381469727,16.09000015258789,16.100000381469727,516.0
2024-09-16 13:05:00+00:00,SBAC,246.75,246.75,246.75,246.75,246.75,223.0
2024-09-16 13:05:00+00:00,SBRA,18.635000228881836,18.635000228881836,18.635000228881836,18.635000228881836,18.635000228881836,126.0
2024-09-16 13:05:00+00:00,SVC,4.514999866485596,4.514999866485596,4.514999866485596,4.514999866485596,4.514999866485596,440.0
2024-09-16 13:05:00+00:00,UNIT,5.349999904632568,5.349999904632568,5.349999904632568,5.349999904632568,5.349999904632568,446.0
2024-09-16 13:05:00+00:00,WHLR,7.465000152587891,7.465000152587891,7.499899864196777,7.449999809265137,7.489999771118164,11930.0
2024-09-16 13:06:00+00:00,AFCG,10.520000457763672,10.520000457763672,10.520000457763672,10.520000457763672,10.520000457763672,119201.0
2024-09-16 13:06:00+00:00,AGNC,10.475000381469727,10.475000381469727,10.479900360107422,10.474499702453613,10.475000381469727,37210.0
2024-09-16 13:06:00+00:00,AGNCL,24.18000030517578,24.18000030517578,24.18000030517578,24.18000030517578,24.18000030517578,182.0
2024-09-16 13:06:00+00:00,CSGP,78.80999755859375,78.80999755859375,78.83999633789062,78.78500366210938,78.79499816894531,5719.0
2024-09-16 13:06:00+00:00,DHC,3.5850000381469727,3.5850000381469727,3.5850000381469727,3.5850000381469727,3.5850000381469727,220.0
2024-09-16 13:06:00+00:00,EQIX,878.95751953125,878.95751953125,878.9625244140625,878.95751953125,878.9625244140625,648.0
2024-09-16 13:06:00+00:00,EXPI,14.720000267028809,14.720000267028809,14.739999771118164,14.699999809265137,14.739999771118164,2324.0
2024-09-16 13:06:00+00:00,GLPI,51.744998931884766,51.744998931884766,51.744998931884766,51.7400016784668,51.7400016784668,2251.0
2024-09-16 13:06:00+00:00,HST,17.40999984741211,17.40999984741211,17.420000076293945,17.40999984741211,17.415000915527344,3554.0
2024-09-16 13:06:00+00:00,ILPT,5.074999809265137,5.074999809265137,5.079999923706055,5.074999809265137,5.079999923706055,986.0
2024-09-16 13:06:00+00:00,LAMR,130.22000122070312,130.22000122070312,130.22000122070312,130.19500732421875,130.22000122070312,1915.0
2024-09-16 13:06:00+00:00,LSEA,12.670000076293945,12.670000076293945,12.670000076293945,12.670000076293945,12.670000076293945,582.0
2024-09-16 13:06:00+00:00,NMRK,14.984999656677246,14.984999656677246,14.984999656677246,14.984999656677246,14.984999656677246,1263.0
2024-09-16 13:06:00+00:00,NYMT,6.664999961853027,6.664999961853027,6.664999961853027,6.664999961853027,6.664999961853027,184.0
2024-09-16 13:06:00+00:00,NYMTM,24.260000228881836,24.260000228881836,24.260000228881836,24.260000228881836,24.260000228881836,755.0
2024-09-16 13:06:00+00:00,OPEN,2.2063000202178955,2.2063000202178955,2.2149999141693115,2.200000047683716,2.210099935531616,115878.0
2024-09-16 13:06:00+00:00,OPI,2.2249999046325684,2.2249999046325684,2.2249999046325684,2.2249999046325684,2.2249999046325684,349.0
2024-09-16 13:06:00+00:00,PCH,45.58000183105469,45.58000183105469,45.59000015258789,45.58000183105469,45.59000015258789,442.0
2024-09-16 13:06:00+00:00,PECO,38.84000015258789,38.84000015258789,38.85499954223633,38.84000015258789,38.85499954223633,979.0
2024-09-16 13:06:00+00:00,RDFN,13.989999771118164,13.989999771118164,14.050000190734863,13.97599983215332,14.048700332641602,27709.0
2024-09-16 13:06:00+00:00,REAX,5.820000171661377,5.820000171661377,5.835000038146973,5.820000171661377,5.835000038146973,1710.0
2024-09-16 13:06:00+00:00,REG,74.9000015258789,74.9000015258789,74.90499877929688,74.88999938964844,74.90499877929688,1296.0
2024-09-16 13:06:00+00:00,ROIC,16.09000015258789,16.09000015258789,16.09000015258789,16.09000015258789,16.09000015258789,342.0
2024-09-16 13:06:00+00:00,SBAC,246.58999633789062,246.58999633789062,246.61000061035156,246.5399932861328,246.61000061035156,1847.0
2024-09-16 13:06:00+00:00,SBRA,18.625,18.625,18.635000228881836,18.625,18.635000228881836,3242.0
2024-09-16 13:06:00+00:00,UNIT,5.329999923706055,5.329999923706055,5.34499979019165,5.329999923706055,5.340000152587891,8960.0
2024-09-16 13:06:00+00:00,WHLR,7.599999904632568,7.599999904632568,7.619999885559082,7.467800140380859,7.467800140380859,17817.0
2024-09-16 13:07:00+00:00,AFCG,10.510100364685059,10.510100364685059,10.510100364685059,10.510100364685059,10.510100364685059,946.0
2024-09-16 13:07:00+00:00,AGNC,10.475000381469727,10.475000381469727,10.479999542236328,10.470000267028809,10.475000381469727,31088.0
2024-09-16 13:07:00+00:00,AGNCM,25.345199584960938,25.345199584960938,25.345199584960938,25.345199584960938,25.345199584960938,379.0
2024-09-16 13:07:00+00:00,BPYPO,14.140000343322754,14.140000343322754,14.140000343322754,14.140000343322754,14.140000343322754,38951.0
2024-09-16 13:07:00+00:00,BPYPP,14.744999885559082,14.744999885559082,14.744999885559082,14.744999885559082,14.744999885559082,200.0
2024-09-16 13:07:00+00:00,CSGP,78.77999877929688,78.77999877929688,78.77999877929688,78.77999877929688,78.77999877929688,237.0
2024-09-16 13:07:00+00:00,EXPI,14.721699714660645,14.721699714660645,14.721699714660645,14.721699714660645,14.721699714660645,342.0
2024-09-16 13:07:00+00:00,FTHM,2.880000114440918,2.880000114440918,2.880000114440918,2.880000114440918,2.880000114440918,131.0
2024-09-16 13:07:00+00:00,GLPI,51.744998931884766,51.744998931884766,51.744998931884766,51.744998931884766,51.744998931884766,374.0
2024-09-16 13:07:00+00:00,HST,17.40999984741211,17.40999984741211,17.40999984741211,17.405000686645508,17.40999984741211,9465.0
2024-09-16 13:07:00+00:00,ILPT,5.074999809265137,5.074999809265137,5.074999809265137,5.074999809265137,5.074999809265137,204.0
2024-09-16 13:07:00+00:00,LAMR,130.22000122070312,130.22000122070312,130.22000122070312,130.19000244140625,130.19000244140625,621.0
2024-09-16 13:07:00+00:00,NMRK,14.970000267028809,14.970000267028809,14.979999542236328,14.970000267028809,14.979999542236328,1887.0
2024-09-16 13:07:00+00:00,OPEN,2.2049999237060547,2.2049999237060547,2.2100000381469727,2.2049999237060547,2.2100000381469727,3137.0
2024-09-16 13:07:00+00:00,PCH,45.560001373291016,45.560001373291016,45.560001373291016,45.560001373291016,45.560001373291016,478.0
2024-09-16 13:07:00+00:00,PECO,38.83000183105469,38.83000183105469,38.834999084472656,38.83000183105469,38.834999084472656,700.0
2024-09-16 13:07:00+00:00,RDFN,14.005000114440918,14.005000114440918,14.010000228881836,13.99020004272461,14.0,10586.0
2024-09-16 13:07:00+00:00,REAX,5.820000171661377,5.820000171661377,5.820000171661377,5.820000171661377,5.820000171661377,403.0
2024-09-16 13:07:00+00:00,REG,74.88500213623047,74.88500213623047,74.9000015258789,74.87999725341797,74.87999725341797,1416.0
2024-09-16 13:07:00+00:00,SBAC,246.69500732421875,246.69500732421875,246.69500732421875,246.4949951171875,246.5,4563.0
2024-09-16 13:07:00+00:00,SBRA,18.625,18.625,18.6299991607666,18.625,18.625,1384.0
2024-09-16 13:07:00+00:00,SVC,4.514999866485596,4.514999866485596,4.514999866485596,4.514999866485596,4.514999866485596,393.0
2024-09-16 13:07:00+00:00,UNIT,5.324999809265137,5.324999809265137,5.329999923706055,5.320000171661377,5.329999923706055,6853.0
2024-09-16 13:07:00+00:00,WHLR,7.5507001876831055,7.5507001876831055,7.619999885559082,7.5507001876831055,7.597300052642822,7705.0
2024-09-16 13:08:00+00:00,AFCG,10.520000457763672,10.520000457763672,10.520000457763672,10.520000457763672,10.520000457763672,318.0
2024-09-16 13:08:00+00:00,AGNC,10.470000267028809,10.470000267028809,10.479999542236328,10.470000267028809,10.475000381469727,4008.0
2024-09-16 13:08:00+00:00,CSGP,78.72000122070312,78.72000122070312,78.75,78.72000122070312,78.75,1339.0
2024-09-16 13:08:00+00:00,DHC,3.575000047683716,3.575000047683716,3.5850000381469727,3.575000047683716,3.5850000381469727,4230.0
2024-09-16 13:08:00+00:00,EXPI,14.65999984741211,14.65999984741211,14.710100173950195,14.640000343322754,14.710100173950195,10971.0
2024-09-16 13:08:00+00:00,GLPI,51.7400016784668,51.7400016784668,51.742000579833984,51.73500061035156,51.742000579833984,4590.0
2024-09-16 13:08:00+00:00,HST,17.399999618530273,17.399999618530273,17.40999984741211,17.395000457763672,17.405000686645508,10247.0
2024-09-16 13:08:00+00:00,HTIA,15.770099639892578,15.770099639892578,15.770099639892578,15.770099639892578,15.770099639892578,310.0
2024-09-16 13:08:00+00:00,NYMT,6.667099952697754,6.667099952697754,6.667099952697754,6.667099952697754,6.667099952697754,595.0
2024-09-16 13:08:00+00:00,OPEN,2.200000047683716,2.200000047683716,2.2100000381469727,2.200000047683716,2.2049999237060547,158117.0
2024-09-16 13:08:00+00:00,OPI,2.226300001144409,2.226300001144409,2.226300001144409,2.2249999046325684,2.2249999046325684,336.0
2024-09-16 13:08:00+00:00,PECO,38.83000183105469,38.83000183105469,38.834999084472656,38.83000183105469,38.83000183105469,614.0
2024-09-16 13:08:00+00:00,RDFN,14.005000114440918,14.005000114440918,14.005000114440918,13.994999885559082,14.005000114440918,5761.0
2024-09-16 13:08:00+00:00,REG,74.9000015258789,74.9000015258789,74.91000366210938,74.9000015258789,74.9000015258789,1494.0
2024-09-16 13:08:00+00:00,ROIC,16.079999923706055,16.079999923706055,16.084999084472656,16.079999923706055,16.084999084472656,229.0
2024-09-16 13:08:00+00:00,SBRA,18.610000610351562,18.610000610351562,18.625,18.604999542236328,18.625,7322.0
2024-09-16 13:08:00+00:00,UNIT,5.320000171661377,5.320000171661377,5.324999809265137,5.320000171661377,5.324999809265137,1721.0
2024-09-16 13:08:00+00:00,VINO,4.600100040435791,4.600100040435791,4.600100040435791,4.600100040435791,4.600100040435791,513.0
2024-09-16 13:08:00+00:00,WHLR,7.550000190734863,7.550000190734863,7.628600120544434,7.510000228881836,7.61899995803833,5864.0
2024-09-16 13:09:00+00:00,AGNC,10.470000267028809,10.470000267028809,10.479999542236328,10.470000267028809,10.475000381469727,8607.0
2024-09-16 13:09:00+00:00,CSGP,78.7300033569336,78.7300033569336,78.76000213623047,78.72000122070312,78.73999786376953,6419.0
2024-09-16 13:09:00+00:00,DHC,3.575000047683716,3.575000047683716,3.5850000381469727,3.569999933242798,3.569999933242798,7772.0
2024-09-16 13:09:00+00:00,EQIX,878.5,878.5,878.7999877929688,878.4949951171875,878.7999877929688,843.0
2024-09-16 13:09:00+00:00,EXPI,14.6899995803833,14.6899995803833,14.6899995803833,14.65999984741211,14.65999984741211,2107.0
2024-09-16 13:09:00+00:00,FRPH,29.381999969482422,29.381999969482422,29.381999969482422,29.381999969482422,29.381999969482422,992.0
2024-09-16 13:09:00+00:00,GLPI,51.744998931884766,51.744998931884766,51.75,51.737998962402344,51.7400016784668,6397.0
2024-09-16 13:09:00+00:00,HST,17.395000457763672,17.395000457763672,17.399999618530273,17.395000457763672,17.395000457763672,5837.0
2024-09-16 13:09:00+00:00,ILPT,5.085000038146973,5.085000038146973,5.085000038146973,5.070000171661377,5.074999809265137,1794.0
2024-09-16 13:09:00+00:00,LAMR,130.1750030517578,130.1750030517578,130.19000244140625,130.1750030517578,130.17999267578125,846.0
2024-09-16 13:09:00+00:00,NMRK,14.96500015258789,14.96500015258789,14.96500015258789,14.96500015258789,14.96500015258789,123.0
2024-09-16 13:09:00+00:00,NYMT,6.667300224304199,6.667300224304199,6.667300224304199,6.664999961853027,6.664999961853027,1031.0
2024-09-16 13:09:00+00:00,NYMTZ,20.835599899291992,20.835599899291992,20.835599899291992,20.835599899291992,20.835599899291992,60.0
2024-09-16 13:09:00+00:00,OPEN,2.2049999237060547,2.2049999237060547,2.205699920654297,2.2049999237060547,2.205699920654297,10013.0
2024-09-16 13:09:00+00:00,OPI,2.2249999046325684,2.2249999046325684,2.2300000190734863,2.2249999046325684,2.2300000190734863,2238.0
2024-09-16 13:09:00+00:00,PECO,38.81999969482422,38.81999969482422,38.81999969482422,38.81999969482422,38.81999969482422,645.0
2024-09-16 13:09:00+00:00,RDFN,14.03969955444336,14.03969955444336,14.03969955444336,14.010000228881836,14.010000228881836,7307.0
2024-09-16 13:09:00+00:00,REAX,5.820000171661377,5.820000171661377,5.820000171661377,5.820000171661377,5.820000171661377,1479.0
2024-09-16 13:09:00+00:00,REG,74.9000015258789,74.9000015258789,74.90499877929688,74.9000015258789,74.9000015258789,5195.0
2024-09-16 13:09:00+00:00,ROIC,16.09000015258789,16.09000015258789,16.09000015258789,16.09000015258789,16.09000015258789,428.0
2024-09-16 13:09:00+00:00,SBAC,246.67999267578125,246.67999267578125,246.6999969482422,246.62950134277344,246.68499755859375,2809.0
2024-09-16 13:09:00+00:00,UNIT,5.324999809265137,5.324999809265137,5.329999923706055,5.320000171661377,5.329999923706055,1960.0
2024-09-16 13:09:00+00:00,WHLR,7.539999961853027,7.539999961853027,7.539999961853027,7.5,7.5,725.0
2024-09-16 13:10:00+00:00,AFCG,10.520000457763672,10.520000457763672,10.520000457763672,10.520000457763672,10.520000457763672,405.0
2024-09-16 13:10:00+00:00,AGNC,10.475000381469727,10.475000381469727,10.47700023651123,10.470000267028809,10.470000267028809,22205.0
2024-09-16 13:10:00+00:00,CSGP,78.73999786376953,78.73999786376953,78.76000213623047,78.7300033569336,78.74500274658203,5111.0
2024-09-16 13:10:00+00:00,EQIX,878.4450073242188,878.4450073242188,878.4450073242188,878.4450073242188,878.4450073242188,1202.0
2024-09-16 13:10:00+00:00,FRPH,29.530000686645508,29.530000686645508,29.530000686645508,29.34000015258789,29.34000015258789,468.0
2024-09-16 13:10:00+00:00,HST,17.395000457763672,17.395000457763672,17.395000457763672,17.395000457763672,17.395000457763672,4394.0
2024-09-16 13:10:00+00:00,LAMR,130.16000366210938,130.16000366210938,130.16000366210938,130.16000366210938,130.16000366210938,425.0
2024-09-16 13:10:00+00:00,NMRK,14.954999923706055,14.954999923706055,14.960000038146973,14.954999923706055,14.960000038146973,1322.0
2024-09-16 13:10:00+00:00,NYMTM,24.299999237060547,24.299999237060547,24.299999237060547,24.299999237060547,24.299999237060547,776.0
2024-09-16 13:10:00+00:00,OPEN,2.2065999507904053,2.2065999507904053,2.2100000381469727,2.2026000022888184,2.2100000381469727,85257.0
2024-09-16 13:10:00+00:00,OPI,2.2249999046325684,2.2249999046325684,2.2249999046325684,2.223400115966797,2.223400115966797,1351.0
2024-09-16 13:10:00+00:00,PCH,45.529998779296875,45.529998779296875,45.529998779296875,45.529998779296875,45.529998779296875,615.0
2024-09-16 13:10:00+00:00,RDFN,14.015000343322754,14.015000343322754,14.03499984741211,14.003700256347656,14.03499984741211,13773.0
2024-09-16 13:10:00+00:00,REFI,16.079999923706055,16.079999923706055,16.079999923706055,16.079999923706055,16.079999923706055,364.0
2024-09-16 13:10:00+00:00,SBAC,246.74000549316406,246.74000549316406,246.8800048828125,246.6999969482422,246.86000061035156,1310.0
2024-09-16 13:10:00+00:00,SBRA,18.625,18.625,18.625,18.614999771118164,18.614999771118164,4213.0
2024-09-16 13:10:00+00:00,SELF,5.349999904632568,5.349999904632568,5.349999904632568,5.349999904632568,5.349999904632568,52478.0
2024-09-16 13:10:00+00:00,SOHO,1.215000033378601,1.215000033378601,1.215000033378601,1.215000033378601,1.215000033378601,4502.0
2024-09-16 13:10:00+00:00,UNIT,5.324999809265137,5.324999809265137,5.324999809265137,5.324999809265137,5.324999809265137,1219.0
2024-09-16 13:10:00+00:00,WHLR,7.534999847412109,7.534999847412109,7.559999942779541,7.5,7.5100998878479,4711.0
2024-09-16 13:11:00+00:00,AFCG,10.505000114440918,10.505000114440918,10.510000228881836,10.505000114440918,10.510000228881836,1933.0
2024-09-16 13:11:00+00:00,AGNC,10.460000038146973,10.460000038146973,10.479999542236328,10.449999809265137,10.475000381469727,463311.0
2024-09-16 13:11:00+00:00,CIGI,146.86000061035156,146.86000061035156,146.86000061035156,146.86000061035156,146.86000061035156,343.0
2024-09-16 13:11:00+00:00,CSGP,78.77999877929688,78.77999877929688,78.77999877929688,78.73999786376953,78.76200103759766,4885.0
2024-09-16 13:11:00+00:00,EXPI,14.699999809265137,14.699999809265137,14.699999809265137,14.699999809265137,14.699999809265137,1297.0
2024-09-16 13:11:00+00:00,FTHM,2.950000047683716,2.950000047683716,2.950000047683716,2.950000047683716,2.950000047683716,5027.0
2024-09-16 13:11:00+00:00,GLPI,51.7599983215332,51.7599983215332,51.7599983215332,51.755001068115234,51.755001068115234,751.0
2024-09-16 13:11:00+00:00,GOOD,16.128799438476562,16.128799438476562,16.1299991607666,16.1200008392334,16.1200008392334,809.0
2024-09-16 13:11:00+00:00,HST,17.395000457763672,17.395000457763672,17.399999618530273,17.395000457763672,17.399999618530273,2832.0
2024-09-16 13:11:00+00:00,ILPT,5.099999904632568,5.099999904632568,5.099999904632568,5.085000038146973,5.085000038146973,944.0
2024-09-16 13:11:00+00:00,LAMR,130.15499877929688,130.15499877929688,130.16000366210938,130.11000061035156,130.16000366210938,844.0
2024-09-16 13:11:00+00:00,LSEA,12.680000305175781,12.680000305175781,12.680000305175781,12.680000305175781,12.680000305175781,706.0
2024-09-16 13:11:00+00:00,NYMT,6.65500020980835,6.65500020980835,6.659999847412109,6.65500020980835,6.659999847412109,1539.0
2024-09-16 13:11:00+00:00,OPEN,2.2149999141693115,2.2149999141693115,2.2200000286102295,2.200000047683716,2.20989990234375,151329.0
2024-09-16 13:11:00+00:00,PCH,45.529998779296875,45.529998779296875,45.529998779296875,45.529998779296875,45.529998779296875,105.0
2024-09-16 13:11:00+00:00,RDFN,14.04990005493164,14.04990005493164,14.050000190734863,14.010000228881836,14.020000457763672,13042.0
2024-09-16 13:11:00+00:00,REAX,5.820000171661377,5.820000171661377,5.820000171661377,5.820000171661377,5.820000171661377,271.0
2024-09-16 13:11:00+00:00,REG,74.86000061035156,74.86000061035156,74.88500213623047,74.86000061035156,74.88500213623047,945.0
2024-09-16 13:11:00+00:00,SBAC,246.72999572753906,246.72999572753906,246.72999572753906,246.72999572753906,246.72999572753906,292.0
2024-09-16 13:11:00+00:00,SBRA,18.614999771118164,18.614999771118164,18.625,18.614999771118164,18.625,3891.0
2024-09-16 13:11:00+00:00,UNIT,5.315000057220459,5.315000057220459,5.320000171661377,5.315000057220459,5.320000171661377,3613.0
2024-09-16 13:11:00+00:00,WHLR,7.570000171661377,7.570000171661377,7.570000171661377,7.449999809265137,7.510200023651123,17005.0
2024-09-16 13:12:00+00:00,AFCG,10.5,10.5,10.5,10.5,10.5,367.0
2024-09-16 13:12:00+00:00,AGNC,10.46500015258789,10.46500015258789,10.468000411987305,10.454999923706055,10.454999923706055,147163.0
2024-09-16 13:12:00+00:00,AGNCO,25.190000534057617,25.190000534057617,25.190000534057617,25.190000534057617,25.190000534057617,1098.0
2024-09-16 13:12:00+00:00,CMCT,1.9701000452041626,1.9701000452041626,1.9701000452041626,1.909999966621399,1.9700000286102295,8400.0
2024-09-16 13:12:00+00:00,CSGP,78.81999969482422,78.81999969482422,78.81999969482422,78.78500366210938,78.78500366210938,2473.0
2024-09-16 13:12:00+00:00,EQIX,877.469970703125,877.469970703125,877.469970703125,877.469970703125,877.469970703125,1592.0
2024-09-16 13:12:00+00:00,EXPI,14.720000267028809,14.720000267028809,14.720000267028809,14.720000267028809,14.720000267028809,2427.0
2024-09-16 13:12:00+00:00,GLPI,51.7599983215332,51.7599983215332,51.7599983215332,51.7599983215332,51.7599983215332,485.0
2024-09-16 13:12:00+00:00,GOOD,16.128599166870117,16.128599166870117,16.1299991607666,16.120899200439453,16.1299991607666,1074.0
2024-09-16 13:12:00+00:00,HST,17.385000228881836,17.385000228881836,17.405000686645508,17.385000228881836,17.395000457763672,27252.0
2024-09-16 13:12:00+00:00,LAMR,130.19000244140625,130.19000244140625,130.19000244140625,130.125,130.16000366210938,2799.0
2024-09-16 13:12:00+00:00,LAND,14.59000015258789,14.59000015258789,14.59000015258789,14.59000015258789,14.59000015258789,921.0
2024-09-16 13:12:00+00:00,NMRK,14.96500015258789,14.96500015258789,14.96500015258789,14.954999923706055,14.960000038146973,1940.0
2024-09-16 13:12:00+00:00,OPEN,2.2149999141693115,2.2149999141693115,2.2200000286102295,2.2100000381469727,2.213399887084961,183918.0
2024-09-16 13:12:00+00:00,OPI,2.2249999046325684,2.2249999046325684,2.229300022125244,2.2249999046325684,2.229300022125244,1647.0
2024-09-16 13:12:00+00:00,PCH,45.529998779296875,45.529998779296875,45.560001373291016,45.529998779296875,45.560001373291016,1105.0
2024-09-16 13:12:00+00:00,PECO,38.82500076293945,38.82500076293945,38.82500076293945,38.810001373291016,38.810001373291016,395.0
2024-09-16 13:12:00+00:00,RDFN,14.06820011138916,14.06820011138916,14.074999809265137,14.039999961853027,14.050000190734863,9621.0
2024-09-16 13:12:00+00:00,REAX,5.829999923706055,5.829999923706055,5.829999923706055,5.824999809265137,5.824999809265137,1010.0
2024-09-16 13:12:00+00:00,REG,74.86000061035156,74.86000061035156,74.86000061035156,74.8499984741211,74.8499984741211,837.0
2024-09-16 13:12:00+00:00,SBAC,246.6999969482422,246.6999969482422,246.6999969482422,246.6999969482422,246.6999969482422,198.0
2024-09-16 13:12:00+00:00,SBRA,18.6200008392334,18.6200008392334,18.6200008392334,18.614999771118164,18.614999771118164,915.0
2024-09-16 13:12:00+00:00,SELF,5.380000114440918,5.380000114440918,5.380000114440918,5.380000114440918,5.380000114440918,160.0
2024-09-16 13:12:00+00:00,SVC,4.510000228881836,4.510000228881836,4.514999866485596,4.510000228881836,4.514999866485596,2068.0
2024-09-16 13:12:00+00:00,UNIT,5.309999942779541,5.309999942779541,5.315000057220459,5.309999942779541,5.309999942779541,10179.0
2024-09-16 13:12:00+00:00,WHLR,7.559999942779541,7.559999942779541,7.570000171661377,7.534999847412109,7.570000171661377,4120.0
2024-09-16 13:13:00+00:00,AFCG,10.510000228881836,10.510000228881836,10.510000228881836,10.510000228881836,10.510000228881836,215.0
2024-09-16 13:13:00+00:00,AGNC,10.460000038146973,10.460000038146973,10.46500015258789,10.460000038146973,10.46500015258789,75249.0
2024-09-16 13:13:00+00:00,BPYPP,14.763199806213379,14.763199806213379,14.800000190734863,14.763199806213379,14.800000190734863,2274.0
2024-09-16 13:13:00+00:00,CMCT,1.9098999500274658,1.9098999500274658,1.9098999500274658,1.9098999500274658,1.9098999500274658,3541.0
2024-09-16 13:13:00+00:00,CSGP,78.77999877929688,78.77999877929688,78.81500244140625,78.77999877929688,78.81500244140625,1816.0
2024-09-16 13:13:00+00:00,DHC,3.575000047683716,3.575000047683716,3.575000047683716,3.575000047683716,3.575000047683716,473.0
2024-09-16 13:13:00+00:00,GLPI,51.75,51.75,51.755001068115234,51.75,51.755001068115234,2968.0
2024-09-16 13:13:00+00:00,GOOD,16.1299991607666,16.1299991607666,16.1299991607666,16.1299991607666,16.1299991607666,1507.0
2024-09-16 13:13:00+00:00,HST,17.385000228881836,17.385000228881836,17.385000228881836,17.3799991607666,17.385000228881836,3137.0
2024-09-16 13:13:00+00:00,NMRK,14.960000038146973,14.960000038146973,14.960000038146973,14.960000038146973,14.960000038146973,2560.0
2024-09-16 13:13:00+00:00,OPEN,2.2209999561309814,2.2209999561309814,2.2300000190734863,2.2149999141693115,2.219899892807007,288087.0
2024-09-16 13:13:00+00:00,PCH,45.52000045776367,45.52000045776367,45.52000045776367,45.52000045776367,45.52000045776367,677.0
2024-09-16 13:13:00+00:00,PECO,38.81999969482422,38.81999969482422,38.81999969482422,38.81999969482422,38.81999969482422,1023.0
2024-09-16 13:13:00+00:00,RDFN,14.029999732971191,14.029999732971191,14.069999694824219,14.029800415039062,14.069999694824219,11826.0
2024-09-16 13:13:00+00:00,REG,74.83999633789062,74.83999633789062,74.8499984741211,74.81999969482422,74.83999633789062,2893.0
2024-09-16 13:13:00+00:00,ROIC,16.079999923706055,16.079999923706055,16.09000015258789,16.079999923706055,16.084999084472656,1371.0
2024-09-16 13:13:00+00:00,SBAC,246.69000244140625,246.69000244140625,246.69000244140625,246.69000244140625,246.69000244140625,553.0
2024-09-16 13:13:00+00:00,SBRA,18.614999771118164,18.614999771118164,18.614999771118164,18.614999771118164,18.614999771118164,618.0
2024-09-16 13:13:00+00:00,SVC,4.5,4.5,4.510000228881836,4.5,4.510000228881836,8432.0
2024-09-16 13:13:00+00:00,UNIT,5.315000057220459,5.315000057220459,5.320000171661377,5.315000057220459,5.320000171661377,7913.0
2024-09-16 13:13:00+00:00,WHLR,7.53000020980835,7.53000020980835,7.534999847412109,7.529600143432617,7.529600143432617,4381.0
2024-09-16 13:14:00+00:00,AGNC,10.454999923706055,10.454999923706055,10.460000038146973,10.449999809265137,10.460000038146973,219153.0
2024-09-16 13:14:00+00:00,CHCI,8.760000228881836,8.760000228881836,8.760000228881836,8.760000228881836,8.760000228881836,200.0
2024-09-16 13:14:00+00:00,CSGP,78.78500366210938,78.78500366210938,78.78500366210938,78.7699966430664,78.78500366210938,1155.0
2024-09-16 13:14:00+00:00,EXPI,14.729999542236328,14.729999542236328,14.729999542236328,14.710000038146973,14.71500015258789,1913.0
2024-09-16 13:14:00+00:00,GLPI,51.75,51.75,51.75,51.75,51.75,720.0
2024-09-16 13:14:00+00:00,HST,17.387500762939453,17.387500762939453,17.387500762939453,17.385000228881836,17.385000228881836,1197.0
2024-09-16 13:14:00+00:00,LAMR,130.1649932861328,130.1649932861328,130.1649932861328,130.1649932861328,130.1649932861328,629.0
2024-09-16 13:14:00+00:00,OPEN,2.2249999046325684,2.2249999046325684,2.2298998832702637,2.2200000286102295,2.2200000286102295,56608.0
2024-09-16 13:14:00+00:00,OPI,2.2249999046325684,2.2249999046325684,2.2249999046325684,2.2249999046325684,2.2249999046325684,1866.0
2024-09-16 13:14:00+00:00,PECO,38.79999923706055,38.79999923706055,38.81010055541992,38.79999923706055,38.810001373291016,6617.0
2024-09-16 13:14:00+00:00,RDFN,14.055000305175781,14.055000305175781,14.09000015258789,14.02400016784668,14.02400016784668,11211.0
2024-09-16 13:14:00+00:00,REAX,5.820000171661377,5.820000171661377,5.820000171661377,5.820000171661377,5.820000171661377,162.0
2024-09-16 13:14:00+00:00,REG,74.87000274658203,74.87000274658203,74.87999725341797,74.87000274658203,74.87999725341797,618.0
2024-09-16 13:14:00+00:00,ROIC,16.079999923706055,16.079999923706055,16.079999923706055,16.079999923706055,16.079999923706055,705.0
2024-09-16 13:14:00+00:00,SBAC,246.7100067138672,246.7100067138672,246.7100067138672,246.7100067138672,246.7100067138672,348.0
2024-09-16 13:14:00+00:00,SBRA,18.6200008392334,18.6200008392334,18.6200008392334,18.614999771118164,18.6200008392334,1658.0
2024-09-16 13:14:00+00:00,UNIT,5.315000057220459,5.315000057220459,5.315000057220459,5.315000057220459,5.315000057220459,2193.0
2024-09-16 13:14:00+00:00,WHLR,7.559999942779541,7.559999942779541,7.570000171661377,7.46999979019165,7.570000171661377,3796.0
2024-09-16 13:15:00+00:00,AFCG,10.494999885559082,10.494999885559082,10.494999885559082,10.494999885559082,10.494999885559082,140.0
2024-09-16 13:15:00+00:00,AGNC,10.454999923706055,10.454999923706055,10.460000038146973,10.454000473022461,10.460000038146973,35896.0
2024-09-16 13:15:00+00:00,BPYPN,12.800000190734863,12.800000190734863,12.800000190734863,12.800000190734863,12.800000190734863,361.0
2024-09-16 13:15:00+00:00,CHCI,8.824999809265137,8.824999809265137,8.824999809265137,8.824999809265137,8.824999809265137,85.0
2024-09-16 13:15:00+00:00,CSGP,78.79000091552734,78.79000091552734,78.79000091552734,78.7699966430664,78.7699966430664,390.0
2024-09-16 13:15:00+00:00,EXPI,14.729999542236328,14.729999542236328,14.739999771118164,14.729999542236328,14.734999656677246,2239.0
2024-09-16 13:15:00+00:00,GLPI,51.75,51.75,51.75920104980469,51.7400016784668,51.750999450683594,6870.0
2024-09-16 13:15:00+00:00,HST,17.375,17.375,17.385000228881836,17.375,17.3799991607666,5272.0
2024-09-16 13:15:00+00:00,OPEN,2.234999895095825,2.234999895095825,2.240000009536743,2.2244999408721924,2.2279000282287598,465244.0
2024-09-16 13:15:00+00:00,PECO,38.80500030517578,38.80500030517578,38.80500030517578,38.80500030517578,38.80500030517578,576.0
2024-09-16 13:15:00+00:00,RDFN,14.020000457763672,14.020000457763672,14.059900283813477,14.015000343322754,14.055000305175781,17532.0
2024-09-16 13:15:00+00:00,REAX,5.818999767303467,5.818999767303467,5.818999767303467,5.818999767303467,5.818999767303467,479.0
2024-09-16 13:15:00+00:00,REG,74.86000061035156,74.86000061035156,74.86000061035156,74.86000061035156,74.86000061035156,169.0
2024-09-16 13:15:00+00:00,ROIC,16.079999923706055,16.079999923706055,16.079999923706055,16.079999923706055,16.079999923706055,1009.0
2024-09-16 13:15:00+00:00,SBAC,246.7100067138672,246.7100067138672,246.74000549316406,246.7100067138672,246.7100067138672,1411.0
2024-09-16 13:15:00+00:00,SBRA,18.61989974975586,18.61989974975586,18.61989974975586,18.61989974975586,18.61989974975586,268.0
2024-09-16 13:15:00+00:00,SELF,5.389999866485596,5.389999866485596,5.389999866485596,5.389999866485596,5.389999866485596,3560.0
2024-09-16 13:15:00+00:00,SOHO,1.2200000286102295,1.2200000286102295,1.2200000286102295,1.215000033378601,1.215000033378601,1814.0
2024-09-16 13:15:00+00:00,WHLR,7.500100135803223,7.500100135803223,7.510799884796143,7.500100135803223,7.510799884796143,1446.0
2024-09-16 13:16:00+00:00,AFCG,10.479999542236328,10.479999542236328,10.489999771118164,10.479999542236328,10.482000350952148,3231.0
2024-09-16 13:16:00+00:00,AGNC,10.458999633789062,10.458999633789062,10.460000038146973,10.453300476074219,10.454999923706055,16923.0
2024-09-16 13:16:00+00:00,AGNCL,24.18000030517578,24.18000030517578,24.18000030517578,24.18000030517578,24.18000030517578,200.0
2024-09-16 13:16:00+00:00,CSGP,78.77999877929688,78.77999877929688,78.79000091552734,78.77999877929688,78.79000091552734,768.0
2024-09-16 13:16:00+00:00,DHC,3.575000047683716,3.575000047683716,3.575000047683716,3.575000047683716,3.575000047683716,1402.0
2024-09-16 13:16:00+00:00,EXPI,14.670000076293945,14.670000076293945,14.729999542236328,14.649999618530273,14.729999542236328,18947.0
2024-09-16 13:16:00+00:00,GIPR,2.2100000381469727,2.2100000381469727,2.2100000381469727,2.2100000381469727,2.2100000381469727,252.0
2024-09-16 13:16:00+00:00,GLPI,51.75,51.75,51.75,51.75,51.75,546.0
2024-09-16 13:16:00+00:00,HST,17.3799991607666,17.3799991607666,17.3799991607666,17.37420082092285,17.3799991607666,15287.0
2024-09-16 13:16:00+00:00,ILPT,5.105000019073486,5.105000019073486,5.110000133514404,5.105000019073486,5.110000133514404,1487.0
2024-09-16 13:16:00+00:00,LAMR,130.13369750976562,130.13369750976562,130.13369750976562,130.13369750976562,130.13369750976562,139.0
2024-09-16 13:16:00+00:00,NMRK,14.96500015258789,14.96500015258789,14.96500015258789,14.960000038146973,14.960000038146973,2028.0
2024-09-16 13:16:00+00:00,NYMT,6.670000076293945,6.670000076293945,6.670000076293945,6.659999847412109,6.659999847412109,1528.0
2024-09-16 13:16:00+00:00,OPEN,2.246500015258789,2.246500015258789,2.25,2.2300000190734863,2.234999895095825,154513.0
2024-09-16 13:16:00+00:00,OPI,2.2249999046325684,2.2249999046325684,2.2249999046325684,2.2249999046325684,2.2249999046325684,219.0
2024-09-16 13:16:00+00:00,PCH,45.525001525878906,45.525001525878906,45.525001525878906,45.525001525878906,45.525001525878906,544.0
2024-09-16 13:16:00+00:00,PECO,38.79999923706055,38.79999923706055,38.79999923706055,38.79499816894531,38.79999923706055,750.0
2024-09-16 13:16:00+00:00,RDFN,14.029999732971191,14.029999732971191,14.0600004196167,14.029999732971191,14.029999732971191,29474.0
2024-09-16 13:16:00+00:00,REAX,5.820000171661377,5.820000171661377,5.820000171661377,5.820000171661377,5.820000171661377,239.0
2024-09-16 13:16:00+00:00,REG,74.87999725341797,74.87999725341797,74.87999725341797,74.87999725341797,74.87999725341797,448.0
2024-09-16 13:16:00+00:00,ROIC,16.080799102783203,16.080799102783203,16.080799102783203,16.079999923706055,16.079999923706055,642.0
2024-09-16 13:16:00+00:00,SBRA,18.6200008392334,18.6200008392334,18.6200008392334,18.6200008392334,18.6200008392334,729.0
2024-09-16 13:16:00+00:00,SELF,5.380000114440918,5.380000114440918,5.389999866485596,5.380000114440918,5.389999866485596,0.0
2024-09-16 13:16:00+00:00,UK,1.3799999952316284,1.3799999952316284,1.3799999952316284,1.3799999952316284,1.3799999952316284,0.0
2024-09-16 13:16:00+00:00,UNIT,5.309999942779541,5.309999942779541,5.315199851989746,5.309999942779541,5.315000057220459,2999.0
2024-09-16 13:16:00+00:00,WHLR,7.480000019073486,7.480000019073486,7.550000190734863,7.477499961853027,7.4994001388549805,3337.0
2024-09-16 13:17:00+00:00,AGNC,10.454999923706055,10.454999923706055,10.460000038146973,10.449999809265137,10.454999923706055,6921.0
2024-09-16 13:17:00+00:00,CSGP,78.79000091552734,78.79000091552734,78.79000091552734,78.77999877929688,78.77999877929688,313.0
2024-09-16 13:17:00+00:00,DHC,3.5850000381469727,3.5850000381469727,3.5850000381469727,3.575000047683716,3.5799999237060547,6342.0
2024-09-16 13:17:00+00:00,GLPI,51.744998931884766,51.744998931884766,51.75,51.744998931884766,51.75,982.0
2024-09-16 13:17:00+00:00,GOOD,16.1299991607666,16.1299991607666,16.1299991607666,16.1299991607666,16.1299991607666,1443.0
2024-09-16 13:17:00+00:00,HST,17.3700008392334,17.3700008392334,17.3799991607666,17.3700008392334,17.3799991607666,5109.0
2024-09-16 13:17:00+00:00,ILPT,5.099999904632568,5.099999904632568,5.110000133514404,5.099999904632568,5.110000133514404,1643.0
2024-09-16 13:17:00+00:00,LAMR,130.15499877929688,130.15499877929688,130.15499877929688,130.15499877929688,130.15499877929688,662.0
2024-09-16 13:17:00+00:00,LSEA,12.680000305175781,12.680000305175781,12.680000305175781,12.680000305175781,12.680000305175781,200.0
2024-09-16 13:17:00+00:00,NMRK,14.96500015258789,14.96500015258789,14.96500015258789,14.96500015258789,14.96500015258789,639.0
2024-09-16 13:17:00+00:00,NYMT,6.659999847412109,6.659999847412109,6.659999847412109,6.659999847412109,6.659999847412109,167.0
2024-09-16 13:17:00+00:00,OPEN,2.244999885559082,2.244999885559082,2.25,2.240000009536743,2.244999885559082,114278.0
2024-09-16 13:17:00+00:00,PECO,38.790000915527344,38.790000915527344,38.79999923706055,38.779998779296875,38.79999923706055,1118.0
2024-09-16 13:17:00+00:00,RDFN,14.046600341796875,14.046600341796875,14.04990005493164,14.015000343322754,14.015000343322754,11627.0
2024-09-16 13:17:00+00:00,REG,74.81999969482422,74.81999969482422,74.81999969482422,74.81999969482422,74.81999969482422,467.0
2024-09-16 13:17:00+00:00,ROIC,16.06999969482422,16.06999969482422,16.089099884033203,16.06999969482422,16.089099884033203,2598.0
2024-09-16 13:17:00+00:00,SBAC,246.67250061035156,246.67250061035156,246.7050018310547,246.67250061035156,246.7050018310547,617.0
2024-09-16 13:17:00+00:00,SBRA,18.6200008392334,18.6200008392334,18.6200008392334,18.61009979248047,18.6200008392334,1825.0
2024-09-16 13:17:00+00:00,SELF,5.380000114440918,5.380000114440918,5.380000114440918,5.380000114440918,5.380000114440918,385.0
2024-09-16 13:17:00+00:00,SVC,4.489999771118164,4.489999771118164,4.494999885559082,4.489999771118164,4.494999885559082,535.0
2024-09-16 13:17:00+00:00,UNIT,5.315000057220459,5.315000057220459,5.315000057220459,5.309999942779541,5.315000057220459,3928.0
2024-09-16 13:17:00+00:00,VINO,4.900000095367432,4.900000095367432,4.900000095367432,4.900000095367432,4.900000095367432,0.0
2024-09-16 13:17:00+00:00,WHLR,7.510000228881836,7.510000228881836,7.550000190734863,7.494999885559082,7.5,3818.0
2024-09-16 13:18:00+00:00,AGNC,10.454999923706055,10.454999923706055,10.454999923706055,10.449999809265137,10.454999923706055,8600.0
2024-09-16 13:18:00+00:00,CHCI,8.824999809265137,8.824999809265137,8.824999809265137,8.824999809265137,8.824999809265137,123.0
2024-09-16 13:18:00+00:00,CSGP,78.72000122070312,78.72000122070312,78.7699966430664,78.72000122070312,78.7699966430664,2978.0
2024-09-16 13:18:00+00:00,DHC,3.569999933242798,3.569999933242798,3.5799999237060547,3.569999933242798,3.5799999237060547,42659.0
2024-09-16 13:18:00+00:00,EXPI,14.630000114440918,14.630000114440918,14.6899995803833,14.630000114440918,14.6899995803833,5806.0
2024-09-16 13:18:00+00:00,GLPI,51.744998931884766,51.744998931884766,51.7599983215332,51.744998931884766,51.75,995.0
2024-09-16 13:18:00+00:00,HST,17.360000610351562,17.360000610351562,17.3700008392334,17.360000610351562,17.360000610351562,5510.0
2024-09-16 13:18:00+00:00,ILPT,5.099999904632568,5.099999904632568,5.099999904632568,5.099999904632568,5.099999904632568,563.0
2024-09-16 13:18:00+00:00,LSEA,12.670000076293945,12.670000076293945,12.670000076293945,12.670000076293945,12.670000076293945,206.0
2024-09-16 13:18:00+00:00,NMRK,14.960000038146973,14.960000038146973,14.96500015258789,14.960000038146973,14.960000038146973,5130.0
2024-09-16 13:18:00+00:00,NYMT,6.65500020980835,6.65500020980835,6.659999847412109,6.65500020980835,6.659999847412109,1873.0
2024-09-16 13:18:00+00:00,OPEN,2.252700090408325,2.252700090408325,2.259999990463257,2.240000009536743,2.25,566714.0
2024-09-16 13:18:00+00:00,OPI,2.2200000286102295,2.2200000286102295,2.2200000286102295,2.2200000286102295,2.2200000286102295,102.0
2024-09-16 13:18:00+00:00,PCH,45.459999084472656,45.459999084472656,45.459999084472656,45.459999084472656,45.459999084472656,621.0
2024-09-16 13:18:00+00:00,PECO,38.790000915527344,38.790000915527344,38.790000915527344,38.790000915527344,38.790000915527344,112.0
2024-09-16 13:18:00+00:00,RDFN,14.011500358581543,14.011500358581543,14.050000190734863,13.981300354003906,14.049699783325195,28073.0
2024-09-16 13:18:00+00:00,REAX,5.820000171661377,5.820000171661377,5.820000171661377,5.820000171661377,5.820000171661377,346.0
2024-09-16 13:18:00+00:00,REFI,16.104999542236328,16.104999542236328,16.104999542236328,16.100000381469727,16.100000381469727,3219.0
2024-09-16 13:18:00+00:00,SBAC,246.6750030517578,246.6750030517578,246.6750030517578,246.6750030517578,246.6750030517578,620.0
2024-09-16 13:18:00+00:00,SBRA,18.614999771118164,18.614999771118164,18.6200008392334,18.614999771118164,18.614999771118164,3096.0
2024-09-16 13:18:00+00:00,SVC,4.489999771118164,4.489999771118164,4.489999771118164,4.489999771118164,4.489999771118164,1950.0
2024-09-16 13:18:00+00:00,UNIT,5.315000057220459,5.315000057220459,5.315000057220459,5.315000057220459,5.315000057220459,4476.0
2024-09-16 13:18:00+00:00,WHLR,7.490600109100342,7.490600109100342,7.529799938201904,7.46999979019165,7.512700080871582,2468.0
2024-09-16 13:19:00+00:00,AGNC,10.454999923706055,10.454999923706055,10.460000038146973,10.449999809265137,10.454999923706055,7697.0
2024-09-16 13:19:00+00:00,BPYPO,14.125,14.125,14.125,14.125,14.125,205.0
2024-09-16 13:19:00+00:00,CIGI,147.0,147.0,147.0,147.0,147.0,273.0
2024-09-16 13:19:00+00:00,CSGP,78.70999908447266,78.70999908447266,78.72000122070312,78.70999908447266,78.72000122070312,1180.0
2024-09-16 13:19:00+00:00,DHC,3.575000047683716,3.575000047683716,3.575000047683716,3.575000047683716,3.575000047683716,705.0
2024-09-16 13:19:00+00:00,EXPI,14.576000213623047,14.576000213623047,14.640000343322754,14.570699691772461,14.619999885559082,5936.0
2024-09-16 13:19:00+00:00,GLPI,51.75,51.75,51.75,51.75,51.75,719.0
2024-09-16 13:19:00+00:00,GOOD,16.1299991607666,16.1299991607666,16.1299991607666,16.1200008392334,16.1200008392334,546.0
2024-09-16 13:19:00+00:00,HST,17.360000610351562,17.360000610351562,17.3700008392334,17.360000610351562,17.364999771118164,2599.0
2024-09-16 13:19:00+00:00,LAMR,130.24000549316406,130.24000549316406,130.27999877929688,130.23500061035156,130.23500061035156,974.0
2024-09-16 13:19:00+00:00,LSEA,12.680000305175781,12.680000305175781,12.680000305175781,12.65999984741211,12.65999984741211,458.0
2024-09-16 13:19:00+00:00,NYMT,6.65500020980835,6.65500020980835,6.65500020980835,6.65500020980835,6.65500020980835,239.0
2024-09-16 13:19:00+00:00,OPEN,2.259999990463257,2.259999990463257,2.259999990463257,2.25,2.2500998973846436,63225.0
2024-09-16 13:19:00+00:00,OPI,2.2249999046325684,2.2249999046325684,2.2249999046325684,2.2249999046325684,2.2249999046325684,1008.0
2024-09-16 13:19:00+00:00,PCH,45.5,45.5,45.52000045776367,45.47999954223633,45.47999954223633,1070.0
2024-09-16 13:19:00+00:00,PECO,38.79499816894531,38.79499816894531,38.79499816894531,38.79499816894531,38.79499816894531,465.0
2024-09-16 13:19:00+00:00,RDFN,14.080300331115723,14.080300331115723,14.100000381469727,14.019800186157227,14.019800186157227,57079.0
2024-09-16 13:19:00+00:00,REAX,5.820000171661377,5.820000171661377,5.820000171661377,5.820000171661377,5.820000171661377,0.0
2024-09-16 13:19:00+00:00,REFI,16.09000015258789,16.09000015258789,16.09000015258789,16.09000015258789,16.09000015258789,228.0
2024-09-16 13:19:00+00:00,REG,74.81999969482422,74.81999969482422,74.81999969482422,74.81500244140625,74.81500244140625,910.0
2024-09-16 13:19:00+00:00,SBRA,18.625,18.625,18.625,18.6200008392334,18.6200008392334,2531.0
2024-09-16 13:19:00+00:00,SVC,4.489999771118164,4.489999771118164,4.494999885559082,4.489999771118164,4.494999885559082,1896.0
2024-09-16 13:19:00+00:00,WHLR,7.5,7.5,7.539999961853027,7.489999771118164,7.489999771118164,4346.0
2024-09-16 13:20:00+00:00,AGNC,10.449999809265137,10.449999809265137,10.460000038146973,10.449999809265137,10.454999923706055,19771.0
2024-09-16 13:20:00+00:00,ASPS,1.1699999570846558,1.1699999570846558,1.1699999570846558,1.1699999570846558,1.1699999570846558,34099.0
2024-09-16 13:20:00+00:00,BPYPO,14.136799812316895,14.136799812316895,14.136799812316895,14.136799812316895,14.136799812316895,207.0
2024-09-16 13:20:00+00:00,CSGP,78.7300033569336,78.7300033569336,78.7300033569336,78.70999908447266,78.7300033569336,1784.0
2024-09-16 13:20:00+00:00,DHC,3.569999933242798,3.569999933242798,3.569999933242798,3.569999933242798,3.569999933242798,531.0
2024-09-16 13:20:00+00:00,EXPI,14.579999923706055,14.579999923706055,14.59000015258789,14.579999923706055,14.59000015258789,1806.0
2024-09-16 13:20:00+00:00,GLPI,51.75,51.75,51.75830078125,51.75,51.75830078125,1175.0
2024-09-16 13:20:00+00:00,HST,17.375,17.375,17.375,17.360000610351562,17.360000610351562,12414.0
2024-09-16 13:20:00+00:00,LAMR,130.27999877929688,130.27999877929688,130.27999877929688,130.27999877929688,130.27999877929688,264.0
2024-09-16 13:20:00+00:00,LSEA,12.6850004196167,12.6850004196167,12.694999694824219,12.680000305175781,12.694999694824219,1184.0
2024-09-16 13:20:00+00:00,OPEN,2.265000104904175,2.265000104904175,2.2699999809265137,2.255000114440918,2.2599000930786133,152245.0
2024-09-16 13:20:00+00:00,OPI,2.2249999046325684,2.2249999046325684,2.2249999046325684,2.2249999046325684,2.2249999046325684,121.0
2024-09-16 13:20:00+00:00,PCH,45.494998931884766,45.494998931884766,45.494998931884766,45.494998931884766,45.494998931884766,218.0
2024-09-16 13:20:00+00:00,PECO,38.79499816894531,38.79499816894531,38.79499816894531,38.79499816894531,38.79499816894531,205.0
2024-09-16 13:20:00+00:00,RDFN,14.107099533081055,14.107099533081055,14.125,14.085000038146973,14.09000015258789,19898.0
2024-09-16 13:20:00+00:00,REG,74.80999755859375,74.80999755859375,74.82499694824219,74.80999755859375,74.82499694824219,1179.0
2024-09-16 13:20:00+00:00,ROIC,16.065000534057617,16.065000534057617,16.065000534057617,16.065000534057617,16.065000534057617,134.0
2024-09-16 13:20:00+00:00,SBRA,18.625,18.625,18.625,18.625,18.625,768.0
2024-09-16 13:20:00+00:00,SVC,4.489999771118164,4.489999771118164,4.489999771118164,4.489999771118164,4.489999771118164,200.0
2024-09-16 13:20:00+00:00,UNIT,5.315000057220459,5.315000057220459,5.315000057220459,5.309999942779541,5.315000057220459,1833.0
2024-09-16 13:20:00+00:00,WHLR,7.392000198364258,7.392000198364258,7.5,7.389999866485596,7.5,9906.0
2024-09-16 13:21:00+00:00,AGNC,10.454999923706055,10.454999923706055,10.454999923706055,10.449999809265137,10.449999809265137,7696.0
2024-09-16 13:21:00+00:00,AGNCL,24.18000030517578,24.18000030517578,24.209999084472656,24.18000030517578,24.209999084472656,2371.0
2024-09-16 13:21:00+00:00,BPYPN,12.800000190734863,12.800000190734863,12.800000190734863,12.800000190734863,12.800000190734863,10.0
2024-09-16 13:21:00+00:00,CSGP,78.69999694824219,78.69999694824219,78.70999908447266,78.69499969482422,78.70999908447266,2757.0
2024-09-16 13:21:00+00:00,EXPI,14.583999633789062,14.583999633789062,14.59000015258789,14.579999923706055,14.59000015258789,1419.0
2024-09-16 13:21:00+00:00,FSV,180.11000061035156,180.11000061035156,180.11000061035156,180.11000061035156,180.11000061035156,217.0
2024-09-16 13:21:00+00:00,GOOD,16.1200008392334,16.1200008392334,16.1200008392334,16.1200008392334,16.1200008392334,348.0
2024-09-16 13:21:00+00:00,HST,17.375,17.375,17.375,17.375,17.375,2004.0
2024-09-16 13:21:00+00:00,LAMR,130.27999877929688,130.27999877929688,130.33999633789062,130.27000427246094,130.27000427246094,1571.0
2024-09-16 13:21:00+00:00,LSEA,12.680000305175781,12.680000305175781,12.680000305175781,12.680000305175781,12.680000305175781,297.0
2024-09-16 13:21:00+00:00,NYMT,6.65500020980835,6.65500020980835,6.65500020980835,6.65500020980835,6.65500020980835,185.0
2024-09-16 13:21:00+00:00,OPEN,2.265000104904175,2.265000104904175,2.2699999809265137,2.259999990463257,2.259999990463257,67081.0
2024-09-16 13:21:00+00:00,PCH,45.48249816894531,45.48249816894531,45.48249816894531,45.48249816894531,45.48249816894531,360.0
2024-09-16 13:21:00+00:00,PECO,38.79999923706055,38.79999923706055,38.79999923706055,38.79999923706055,38.79999923706055,1070.0
2024-09-16 13:21:00+00:00,RDFN,14.108699798583984,14.108699798583984,14.125,14.100000381469727,14.109999656677246,14283.0
2024-09-16 13:21:00+00:00,REG,74.8499984741211,74.8499984741211,74.8499984741211,74.83000183105469,74.8499984741211,2366.0
2024-09-16 13:21:00+00:00,ROIC,16.06999969482422,16.06999969482422,16.06999969482422,16.06999969482422,16.06999969482422,203.0
2024-09-16 13:21:00+00:00,SBAC,246.6699981689453,246.6699981689453,246.6699981689453,246.6699981689453,246.6699981689453,724.0
2024-09-16 13:21:00+00:00,SBRA,18.6299991607666,18.6299991607666,18.6299991607666,18.625,18.625,1140.0
2024-09-16 13:21:00+00:00,SVC,4.489999771118164,4.489999771118164,4.489999771118164,4.489999771118164,4.489999771118164,408.0
2024-09-16 13:21:00+00:00,UNIT,5.315000057220459,5.315000057220459,5.320000171661377,5.315000057220459,5.320000171661377,1599.0
2024-09-16 13:21:00+00:00,WHLR,7.460000038146973,7.460000038146973,7.460000038146973,7.434999942779541,7.440000057220459,5720.0
2024-09-16 13:22:00+00:00,AFCG,10.484999656677246,10.484999656677246,10.484999656677246,10.484999656677246,10.484999656677246,247.0
2024-09-16 13:22:00+00:00,AGNC,10.449999809265137,10.449999809265137,10.460000038146973,10.449999809265137,10.460000038146973,57975.0
2024-09-16 13:22:00+00:00,CIGI,146.88999938964844,146.88999938964844,146.88999938964844,146.88999938964844,146.88999938964844,292.0
2024-09-16 13:22:00+00:00,EXPI,14.579999923706055,14.579999923706055,14.59000015258789,14.579999923706055,14.59000015258789,1110.0
2024-09-16 13:22:00+00:00,HST,17.375,17.375,17.375,17.3700008392334,17.375,23533.0
2024-09-16 13:22:00+00:00,ILPT,5.090000152587891,5.090000152587891,5.090000152587891,5.090000152587891,5.090000152587891,237.0
2024-09-16 13:22:00+00:00,LAND,14.581500053405762,14.581500053405762,14.581500053405762,14.581500053405762,14.581500053405762,618.0
2024-09-16 13:22:00+00:00,LSEA,12.675000190734863,12.675000190734863,12.680000305175781,12.670000076293945,12.680000305175781,1112.0
2024-09-16 13:22:00+00:00,NMRK,14.954999923706055,14.954999923706055,14.954999923706055,14.954999923706055,14.954999923706055,302.0
2024-09-16 13:22:00+00:00,OPEN,2.259999990463257,2.259999990463257,2.265500068664551,2.259999990463257,2.2607998847961426,41620.0
2024-09-16 13:22:00+00:00,OPI,2.2249999046325684,2.2249999046325684,2.2249999046325684,2.2249999046325684,2.2249999046325684,510.0
2024-09-16 13:22:00+00:00,PECO,38.79999923706055,38.79999923706055,38.79999923706055,38.79999923706055,38.79999923706055,320.0
2024-09-16 13:22:00+00:00,RDFN,14.04010009765625,14.04010009765625,14.109999656677246,14.039999961853027,14.109800338745117,14128.0
2024-09-16 13:22:00+00:00,REAX,5.820000171661377,5.820000171661377,5.820000171661377,5.820000171661377,5.820000171661377,3512.0
2024-09-16 13:22:00+00:00,ROIC,16.059999465942383,16.059999465942383,16.059999465942383,16.059999465942383,16.059999465942383,106.0
2024-09-16 13:22:00+00:00,SBAC,246.6649932861328,246.6649932861328,246.6649932861328,246.6649932861328,246.6649932861328,612.0
2024-09-16 13:22:00+00:00,SBRA,18.625,18.625,18.625,18.625,18.625,1050.0
2024-09-16 13:22:00+00:00,SVC,4.5,4.5,4.5,4.489999771118164,4.489999771118164,1873.0
2024-09-16 13:22:00+00:00,UNIT,5.320000171661377,5.320000171661377,5.320000171661377,5.315000057220459,5.315000057220459,1594.0
2024-09-16 13:22:00+00:00,WHLR,7.579999923706055,7.579999923706055,7.579999923706055,7.446199893951416,7.460000038146973,10348.0
2024-09-16 13:23:00+00:00,AGNC,10.454999923706055,10.454999923706055,10.460000038146973,10.449999809265137,10.455900192260742,37992.0
2024-09-16 13:23:00+00:00,AGNCN,25.93120002746582,25.93120002746582,25.93120002746582,25.93120002746582,25.93120002746582,331.0
2024-09-16 13:23:00+00:00,DHC,3.575000047683716,3.575000047683716,3.575000047683716,3.575000047683716,3.575000047683716,263.0
2024-09-16 13:23:00+00:00,EXPI,14.569999694824219,14.569999694824219,14.569999694824219,14.569999694824219,14.569999694824219,645.0
2024-09-16 13:23:00+00:00,GLPI,51.7400016784668,51.7400016784668,51.744998931884766,51.7400016784668,51.744998931884766,2466.0
2024-09-16 13:23:00+00:00,GOOD,16.110000610351562,16.110000610351562,16.110000610351562,16.110000610351562,16.110000610351562,413.0
2024-09-16 13:23:00+00:00,HST,17.375,17.375,17.3799991607666,17.3700008392334,17.3700008392334,4321.0
2024-09-16 13:23:00+00:00,LSEA,12.699999809265137,12.699999809265137,12.699999809265137,12.6899995803833,12.6899995803833,637.0
2024-09-16 13:23:00+00:00,NYMT,6.650000095367432,6.650000095367432,6.650000095367432,6.650000095367432,6.650000095367432,239.0
2024-09-16 13:23:00+00:00,NYMTL,21.149999618530273,21.149999618530273,21.149999618530273,21.149999618530273,21.149999618530273,106700.0
2024-09-16 13:23:00+00:00,OPEN,2.2613000869750977,2.2613000869750977,2.269200086593628,2.2600998878479004,2.269200086593628,59431.0
2024-09-16 13:23:00+00:00,PCH,45.47999954223633,45.47999954223633,45.494998931884766,45.47999954223633,45.494998931884766,1088.0
2024-09-16 13:23:00+00:00,PECO,38.810001373291016,38.810001373291016,38.810001373291016,38.810001373291016,38.810001373291016,225.0
2024-09-16 13:23:00+00:00,RDFN,14.0600004196167,14.0600004196167,14.0649995803833,14.045000076293945,14.045000076293945,8693.0
2024-09-16 13:23:00+00:00,REFI,16.030000686645508,16.030000686645508,16.059999465942383,16.030000686645508,16.040000915527344,3285.0
2024-09-16 13:23:00+00:00,SBRA,18.6299991607666,18.6299991607666,18.6299991607666,18.625,18.625,1385.0
2024-09-16 13:23:00+00:00,SVC,4.489999771118164,4.489999771118164,4.494900226593018,4.489999771118164,4.489999771118164,492.0
2024-09-16 13:23:00+00:00,UNIT,5.315000057220459,5.315000057220459,5.315000057220459,5.309999942779541,5.309999942779541,1940.0
2024-09-16 13:23:00+00:00,WHLR,7.557199954986572,7.557199954986572,7.599999904632568,7.525000095367432,7.539999961853027,17316.0
2024-09-16 13:24:00+00:00,AGNC,10.449999809265137,10.449999809265137,10.460000038146973,10.449999809265137,10.45009994506836,16428.0
2024-09-16 13:24:00+00:00,ASPS,1.1720000505447388,1.1720000505447388,1.1720000505447388,1.1720000505447388,1.1720000505447388,3902.0
2024-09-16 13:24:00+00:00,CSGP,78.70500183105469,78.70500183105469,78.70500183105469,78.70500183105469,78.70500183105469,663.0
2024-09-16 13:24:00+00:00,DHC,3.569999933242798,3.569999933242798,3.575000047683716,3.569999933242798,3.575000047683716,2519.0
2024-09-16 13:24:00+00:00,EXPI,14.5600004196167,14.5600004196167,14.569999694824219,14.5600004196167,14.569999694824219,648.0
2024-09-16 13:24:00+00:00,FSV,180.10499572753906,180.10499572753906,180.10499572753906,180.10499572753906,180.10499572753906,198.0
2024-09-16 13:24:00+00:00,GLPI,51.75,51.75,51.75,51.7400016784668,51.7400016784668,945.0
2024-09-16 13:24:00+00:00,HST,17.375,17.375,17.3799991607666,17.375,17.3799991607666,1111.0
2024-09-16 13:24:00+00:00,LAMR,130.27000427246094,130.27000427246094,130.27000427246094,130.1699981689453,130.1699981689453,206.0
2024-09-16 13:24:00+00:00,NMRK,14.949999809265137,14.949999809265137,14.949999809265137,14.949999809265137,14.949999809265137,552.0
2024-09-16 13:24:00+00:00,NYMT,6.659900188446045,6.659900188446045,6.659900188446045,6.65500020980835,6.65500020980835,886.0
2024-09-16 13:24:00+00:00,OPEN,2.2599000930786133,2.2599000930786133,2.265500068664551,2.2544000148773193,2.265000104904175,136959.0
2024-09-16 13:24:00+00:00,PECO,38.79999923706055,38.79999923706055,38.810001373291016,38.79999923706055,38.810001373291016,228.0
2024-09-16 13:24:00+00:00,RDFN,14.045000076293945,14.045000076293945,14.055000305175781,14.012399673461914,14.055000305175781,18026.0
2024-09-16 13:24:00+00:00,SBAC,246.6649932861328,246.6649932861328,246.6649932861328,246.66000366210938,246.66000366210938,807.0
2024-09-16 13:24:00+00:00,SBRA,18.6299991607666,18.6299991607666,18.6299991607666,18.625,18.625,1500.0
2024-09-16 13:24:00+00:00,SVC,4.489999771118164,4.489999771118164,4.489999771118164,4.489999771118164,4.489999771118164,440.0
2024-09-16 13:24:00+00:00,UNIT,5.309999942779541,5.309999942779541,5.315000057220459,5.309999942779541,5.315000057220459,1110.0
2024-09-16 13:24:00+00:00,WHLR,7.565999984741211,7.565999984741211,7.579999923706055,7.429999828338623,7.489999771118164,13832.0
2024-09-16 13:25:00+00:00,AFCG,10.499899864196777,10.499899864196777,10.499899864196777,10.499899864196777,10.499899864196777,581.0
2024-09-16 13:25:00+00:00,AGNC,10.449999809265137,10.449999809265137,10.460000038146973,10.449999809265137,10.449999809265137,5781.0
2024-09-16 13:25:00+00:00,ASPS,1.1799999475479126,1.1799999475479126,1.1799999475479126,1.1799999475479126,1.1799999475479126,0.0
2024-09-16 13:25:00+00:00,BPYPN,12.869999885559082,12.869999885559082,12.869999885559082,12.869999885559082,12.869999885559082,200.0
2024-09-16 13:25:00+00:00,CSGP,78.70149993896484,78.70149993896484,78.70149993896484,78.69999694824219,78.69999694824219,1946.0
2024-09-16 13:25:00+00:00,DHC,3.559999942779541,3.559999942779541,3.565000057220459,3.559999942779541,3.565000057220459,477.0
2024-09-16 13:25:00+00:00,EXPI,14.579999923706055,14.579999923706055,14.579999923706055,14.5600004196167,14.5600004196167,1219.0
2024-09-16 13:25:00+00:00,FSV,180.07000732421875,180.07000732421875,180.07000732421875,180.07000732421875,180.07000732421875,116.0
2024-09-16 13:25:00+00:00,GLPI,51.75,51.75,51.75,51.75,51.75,2681.0
2024-09-16 13:25:00+00:00,HST,17.375,17.375,17.3799991607666,17.375,17.3799991607666,2128.0
2024-09-16 13:25:00+00:00,ILPT,5.09499979019165,5.09499979019165,5.09499979019165,5.09499979019165,5.09499979019165,293.0
2024-09-16 13:25:00+00:00,LAMR,130.22000122070312,130.22000122070312,130.22000122070312,130.22000122070312,130.22000122070312,302.0
2024-09-16 13:25:00+00:00,LAND,14.59000015258789,14.59000015258789,14.59000015258789,14.59000015258789,14.59000015258789,198.0
2024-09-16 13:25:00+00:00,NMRK,14.954999923706055,14.954999923706055,14.954999923706055,14.954999923706055,14.954999923706055,510.0
2024-09-16 13:25:00+00:00,OPEN,2.2623000144958496,2.2623000144958496,2.2699999809265137,2.253000020980835,2.2585999965667725,255550.0
2024-09-16 13:25:00+00:00,PECO,38.79999923706055,38.79999923706055,38.79999923706055,38.79999923706055,38.79999923706055,305.0
2024-09-16 13:25:00+00:00,RDFN,14.010000228881836,14.010000228881836,14.0600004196167,13.970000267028809,14.0600004196167,183393.0
2024-09-16 13:25:00+00:00,ROIC,16.06999969482422,16.06999969482422,16.06999969482422,16.06999969482422,16.06999969482422,459.0
2024-09-16 13:25:00+00:00,SBRA,18.625,18.625,18.635000228881836,18.625,18.6299991607666,8505.0
2024-09-16 13:25:00+00:00,UNIT,5.315000057220459,5.315000057220459,5.320000171661377,5.315000057220459,5.320000171661377,2484.0
2024-09-16 13:25:00+00:00,WHLR,7.630000114440918,7.630000114440918,7.670000076293945,7.320000171661377,7.579999923706055,42978.0
2024-09-16 13:26:00+00:00,AFCG,10.510000228881836,10.510000228881836,10.510000228881836,10.510000228881836,10.510000228881836,1704.0
2024-09-16 13:26:00+00:00,AGNC,10.454999923706055,10.454999923706055,10.454999923706055,10.449999809265137,10.449999809265137,5013.0
2024-09-16 13:26:00+00:00,AGNCL,24.239900588989258,24.239900588989258,24.239900588989258,24.239900588989258,24.239900588989258,1800.0
2024-09-16 13:26:00+00:00,BPYPN,12.8100004196167,12.8100004196167,12.8100004196167,12.8100004196167,12.8100004196167,100.0
2024-09-16 13:26:00+00:00,BPYPP,14.6899995803833,14.6899995803833,14.6899995803833,14.6899995803833,14.6899995803833,2976.0
2024-09-16 13:26:00+00:00,CSGP,78.7249984741211,78.7249984741211,78.7300033569336,78.69999694824219,78.69999694824219,2518.0
2024-09-16 13:26:00+00:00,EXPI,14.59000015258789,14.59000015258789,14.59000015258789,14.579999923706055,14.589500427246094,2138.0
2024-09-16 13:26:00+00:00,FSV,180.2550048828125,180.2550048828125,180.25750732421875,180.22999572753906,180.22999572753906,670.0
2024-09-16 13:26:00+00:00,GLPI,51.75,51.75,51.75,51.75,51.75,3199.0
2024-09-16 13:26:00+00:00,HST,17.3700008392334,17.3700008392334,17.3799991607666,17.3700008392334,17.3799991607666,2183.0
2024-09-16 13:26:00+00:00,LAMR,130.2899932861328,130.2899932861328,130.2899932861328,130.2899932861328,130.2899932861328,624.0
2024-09-16 13:26:00+00:00,LAND,14.59000015258789,14.59000015258789,14.59000015258789,14.59000015258789,14.59000015258789,760.0
2024-09-16 13:26:00+00:00,OPEN,2.265000104904175,2.265000104904175,2.2699999809265137,2.259999990463257,2.2699999809265137,6490.0
2024-09-16 13:26:00+00:00,OPI,2.2249999046325684,2.2249999046325684,2.2249999046325684,2.2249999046325684,2.2249999046325684,120.0
2024-09-16 13:26:00+00:00,PCH,45.4900016784668,45.4900016784668,45.496700286865234,45.4900016784668,45.494998931884766,1097.0
2024-09-16 13:26:00+00:00,PECO,38.79999923706055,38.79999923706055,38.79999923706055,38.79999923706055,38.79999923706055,606.0
2024-09-16 13:26:00+00:00,RDFN,13.944999694824219,13.944999694824219,14.010000228881836,13.9399995803833,14.005000114440918,88759.0
2024-09-16 13:26:00+00:00,REAX,5.824999809265137,5.824999809265137,5.824999809265137,5.824999809265137,5.824999809265137,126.0
2024-09-16 13:26:00+00:00,REFI,16.079999923706055,16.079999923706055,16.079999923706055,16.079999923706055,16.079999923706055,183.0
2024-09-16 13:26:00+00:00,RMR,25.219900131225586,25.219900131225586,25.219900131225586,25.219900131225586,25.219900131225586,206.0
2024-09-16 13:26:00+00:00,SBRA,18.6299991607666,18.6299991607666,18.6299991607666,18.6299991607666,18.6299991607666,393.0
2024-09-16 13:26:00+00:00,SVC,4.489999771118164,4.489999771118164,4.499000072479248,4.489999771118164,4.489999771118164,1272.0
2024-09-16 13:26:00+00:00,UNIT,5.315000057220459,5.315000057220459,5.320000171661377,5.309999942779541,5.320000171661377,3032.0
2024-09-16 13:26:00+00:00,WHLR,7.639999866485596,7.639999866485596,7.699999809265137,7.599999904632568,7.639999866485596,10744.0
2024-09-16 13:27:00+00:00,AFCG,10.5,10.5,10.5,10.5,10.5,400.0
2024-09-16 13:27:00+00:00,AGNC,10.449999809265137,10.449999809265137,10.456000328063965,10.449999809265137,10.449999809265137,8747.0
2024-09-16 13:27:00+00:00,AGNCL,24.18000030517578,24.18000030517578,24.239900588989258,24.18000030517578,24.219999313354492,2559.0
2024-09-16 13:27:00+00:00,BPYPN,12.84000015258789,12.84000015258789,12.84000015258789,12.84000015258789,12.84000015258789,27.0
2024-09-16 13:27:00+00:00,CSGP,78.69999694824219,78.69999694824219,78.7249984741211,78.69499969482422,78.7249984741211,2754.0
2024-09-16 13:27:00+00:00,EXPI,14.571599960327148,14.571599960327148,14.579999923706055,14.571599960327148,14.579999923706055,771.0
2024-09-16 13:27:00+00:00,GOOD,16.100000381469727,16.100000381469727,16.110000610351562,16.100000381469727,16.110000610351562,281.0
2024-09-16 13:27:00+00:00,HST,17.364999771118164,17.364999771118164,17.3700008392334,17.360000610351562,17.3700008392334,8837.0
2024-09-16 13:27:00+00:00,ILPT,5.09499979019165,5.09499979019165,5.09499979019165,5.09499979019165,5.09499979019165,192.0
2024-09-16 13:27:00+00:00,LAMR,130.22000122070312,130.22000122070312,130.22000122070312,130.22000122070312,130.22000122070312,295.0
2024-09-16 13:27:00+00:00,MDJH,0.7279999852180481,0.7279999852180481,0.7279999852180481,0.7279999852180481,0.7279999852180481,200.0
2024-09-16 13:27:00+00:00,OPEN,2.2701001167297363,2.2701001167297363,2.2799999713897705,2.2639999389648438,2.267699956893921,197593.0
2024-09-16 13:27:00+00:00,PCH,45.4900016784668,45.4900016784668,45.4900016784668,45.47999954223633,45.47999954223633,530.0
2024-09-16 13:27:00+00:00,PECO,38.779998779296875,38.779998779296875,38.810001373291016,38.779998779296875,38.810001373291016,1348.0
2024-09-16 13:27:00+00:00,RDFN,14.020000457763672,14.020000457763672,14.020000457763672,13.944999694824219,13.944999694824219,18518.0
2024-09-16 13:27:00+00:00,SBAC,246.5500030517578,246.5500030517578,246.5500030517578,246.5399932861328,246.5500030517578,1561.0
2024-09-16 13:27:00+00:00,SBRA,18.6299991607666,18.6299991607666,18.6299991607666,18.625,18.625,426.0
2024-09-16 13:27:00+00:00,SVC,4.494999885559082,4.494999885559082,4.494999885559082,4.489999771118164,4.489999771118164,881.0
2024-09-16 13:27:00+00:00,UNIT,5.315000057220459,5.315000057220459,5.320000171661377,5.315000057220459,5.320000171661377,1384.0
2024-09-16 13:27:00+00:00,WHLR,7.755000114440918,7.755000114440918,7.800000190734863,7.645599842071533,7.650000095367432,22638.0
2024-09-16 13:28:00+00:00,AGNC,10.454999923706055,10.454999923706055,10.454999923706055,10.449999809265137,10.454999923706055,66734.0
2024-09-16 13:28:00+00:00,CSGP,78.66000366210938,78.66000366210938,78.69499969482422,78.6500015258789,78.69499969482422,1607.0
2024-09-16 13:28:00+00:00,DHC,3.555000066757202,3.555000066757202,3.559999942779541,3.549999952316284,3.559999942779541,2806.0
2024-09-16 13:28:00+00:00,EQIX,877.1599731445312,877.1599731445312,877.1599731445312,877.1599731445312,877.1599731445312,165.0
2024-09-16 13:28:00+00:00,EXPI,14.563199996948242,14.563199996948242,14.569999694824219,14.563199996948242,14.569999694824219,731.0
2024-09-16 13:28:00+00:00,GLPI,51.7400016784668,51.7400016784668,51.7400016784668,51.73500061035156,51.7400016784668,1700.0
2024-09-16 13:28:00+00:00,HST,17.360000610351562,17.360000610351562,17.360000610351562,17.354999542236328,17.360000610351562,8080.0
2024-09-16 13:28:00+00:00,ILPT,5.09499979019165,5.09499979019165,5.09499979019165,5.09499979019165,5.09499979019165,102.0
2024-09-16 13:28:00+00:00,LAMR,130.22000122070312,130.22000122070312,130.22000122070312,130.22000122070312,130.22000122070312,652.0
2024-09-16 13:28:00+00:00,NMRK,14.949999809265137,14.949999809265137,14.949999809265137,14.949999809265137,14.949999809265137,867.0
2024-09-16 13:28:00+00:00,OPEN,2.260999917984009,2.260999917984009,2.279900074005127,2.259999990463257,2.2701001167297363,142357.0
2024-09-16 13:28:00+00:00,PECO,38.779998779296875,38.779998779296875,38.779998779296875,38.779998779296875,38.779998779296875,1589.0
2024-09-16 13:28:00+00:00,RDFN,13.90999984741211,13.90999984741211,14.039999961853027,13.900099754333496,14.03499984741211,25627.0
2024-09-16 13:28:00+00:00,REAX,5.820000171661377,5.820000171661377,5.820000171661377,5.820000171661377,5.820000171661377,483.0
2024-09-16 13:28:00+00:00,REG,74.81649780273438,74.81649780273438,74.81649780273438,74.80999755859375,74.80999755859375,1281.0
2024-09-16 13:28:00+00:00,RMR,25.18000030517578,25.18000030517578,25.18000030517578,25.18000030517578,25.18000030517578,174.0
2024-09-16 13:28:00+00:00,ROIC,16.059999465942383,16.059999465942383,16.059999465942383,16.059999465942383,16.059999465942383,1357.0
2024-09-16 13:28:00+00:00,SBAC,246.64500427246094,246.64500427246094,246.64500427246094,246.63999938964844,246.63999938964844,462.0
2024-09-16 13:28:00+00:00,SBRA,18.625,18.625,18.625,18.625,18.625,2344.0
2024-09-16 13:28:00+00:00,SVC,4.494999885559082,4.494999885559082,4.5,4.489999771118164,4.489999771118164,1858.0
2024-09-16 13:28:00+00:00,UNIT,5.315000057220459,5.315000057220459,5.315000057220459,5.315000057220459,5.315000057220459,865.0
2024-09-16 13:28:00+00:00,WHLR,7.769899845123291,7.769899845123291,7.798399925231934,7.739999771118164,7.769999980926514,13591.0
2024-09-16 13:29:00+00:00,AGNC,10.454999923706055,10.454999923706055,10.460000038146973,10.449999809265137,10.454999923706055,20982.0
2024-09-16 13:29:00+00:00,CIGI,146.81500244140625,146.81500244140625,146.81500244140625,146.8000030517578,146.8000030517578,478.0
2024-09-16 13:29:00+00:00,CSGP,78.69999694824219,78.69999694824219,78.70999908447266,78.66000366210938,78.66000366210938,4104.0
2024-09-16 13:29:00+00:00,EQIX,877.7750244140625,877.7750244140625,877.7750244140625,877.7750244140625,877.7750244140625,545.0
2024-09-16 13:29:00+00:00,EXPI,14.550000190734863,14.550000190734863,14.5649995803833,14.550000190734863,14.5649995803833,6417.0
2024-09-16 13:29:00+00:00,GOOD,16.114999771118164,16.114999771118164,16.1200008392334,16.114999771118164,16.1200008392334,972.0
2024-09-16 13:29:00+00:00,HST,17.3700008392334,17.3700008392334,17.3700008392334,17.354999542236328,17.354999542236328,12378.0
2024-09-16 13:29:00+00:00,ILPT,5.09499979019165,5.09499979019165,5.09499979019165,5.09499979019165,5.09499979019165,651.0
2024-09-16 13:29:00+00:00,LSEA,12.710000038146973,12.710000038146973,12.710000038146973,12.710000038146973,12.710000038146973,230.0
2024-09-16 13:29:00+00:00,NMRK,14.944999694824219,14.944999694824219,14.944999694824219,14.944999694824219,14.944999694824219,387.0
2024-09-16 13:29:00+00:00,NYMT,6.658899784088135,6.658899784088135,6.658899784088135,6.658899784088135,6.658899784088135,1278.0
2024-09-16 13:29:00+00:00,NYMTZ,20.903499603271484,20.903499603271484,20.903499603271484,20.903499603271484,20.903499603271484,520.0
2024-09-16 13:29:00+00:00,OPEN,2.267899990081787,2.267899990081787,2.2699999809265137,2.259999990463257,2.265000104904175,29015.0
2024-09-16 13:29:00+00:00,OPI,2.2249999046325684,2.2249999046325684,2.2249999046325684,2.2249999046325684,2.2249999046325684,308.0
2024-09-16 13:29:00+00:00,PECO,38.779998779296875,38.779998779296875,38.779998779296875,38.779998779296875,38.779998779296875,378.0
2024-09-16 13:29:00+00:00,RDFN,13.930000305175781,13.930000305175781,13.9350004196167,13.914999961853027,13.920000076293945,8031.0
2024-09-16 13:29:00+00:00,REG,74.81500244140625,74.81500244140625,74.82499694824219,74.81500244140625,74.82499694824219,332.0
2024-09-16 13:29:00+00:00,SBAC,246.75999450683594,246.75999450683594,246.7624969482422,246.67999267578125,246.67999267578125,4251.0
2024-09-16 13:29:00+00:00,SBRA,18.625,18.625,18.6299991607666,18.625,18.627500534057617,3855.0
2024-09-16 13:29:00+00:00,STRS,27.3700008392334,27.3700008392334,27.3700008392334,27.019899368286133,27.019899368286133,921.0
2024-09-16 13:29:00+00:00,SVC,4.489999771118164,4.489999771118164,4.494999885559082,4.489999771118164,4.489999771118164,581.0
2024-09-16 13:29:00+00:00,UNIT,5.315000057220459,5.315000057220459,5.320000171661377,5.309999942779541,5.320000171661377,2404.0
2024-09-16 13:29:00+00:00,WHLR,7.78000020980835,7.78000020980835,7.800000190734863,7.744500160217285,7.78000020980835,14882.0
2024-09-16 13:30:00+00:00,AFCG,10.494999885559082,10.494999885559082,10.494999885559082,10.494999885559082,10.494999885559082,844.0
2024-09-16 13:30:00+00:00,AGNC,10.470000267028809,10.470000267028809,10.470000267028809,10.449999809265137,10.454999923706055,142195.0
2024-09-16 13:30:00+00:00,CHCI,8.752599716186523,8.752599716186523,8.752599716186523,8.752599716186523,8.752599716186523,281.0
2024-09-16 13:30:00+00:00,CSGP,78.69000244140625,78.69000244140625,78.69999694824219,78.69000244140625,78.69999694824219,831.0
2024-09-16 13:30:00+00:00,DHC,3.553800106048584,3.553800106048584,3.553800106048584,3.553800106048584,3.553800106048584,212.0
2024-09-16 13:30:00+00:00,EXPI,14.550000190734863,14.550000190734863,14.550000190734863,14.550000190734863,14.550000190734863,469.0
2024-09-16 13:30:00+00:00,GLPI,51.709999084472656,51.709999084472656,51.73500061035156,51.70000076293945,51.73500061035156,3848.0
2024-09-16 13:30:00+00:00,GOOD,16.1200008392334,16.1200008392334,16.1200008392334,16.1200008392334,16.1200008392334,1760.0
2024-09-16 13:30:00+00:00,HST,17.375,17.375,17.375,17.375,17.375,1811.0
2024-09-16 13:30:00+00:00,LSEA,12.720000267028809,12.720000267028809,12.720000267028809,12.720000267028809,12.720000267028809,106.0
2024-09-16 13:30:00+00:00,NMRK,14.944499969482422,14.944499969482422,14.944499969482422,14.944499969482422,14.944499969482422,472.0
2024-09-16 13:30:00+00:00,OPEN,2.2750000953674316,2.2750000953674316,2.279900074005127,2.265000104904175,2.265000104904175,81954.0
2024-09-16 13:30:00+00:00,PECO,38.790000915527344,38.790000915527344,38.790000915527344,38.790000915527344,38.790000915527344,789.0
2024-09-16 13:30:00+00:00,RDFN,13.925000190734863,13.925000190734863,13.935999870300293,13.90999984741211,13.9350004196167,12605.0
2024-09-16 13:30:00+00:00,REAX,5.809999942779541,5.809999942779541,5.820000171661377,5.809999942779541,5.820000171661377,6055.0
2024-09-16 13:30:00+00:00,REFI,16.049999237060547,16.049999237060547,16.049999237060547,16.049999237060547,16.049999237060547,101.0
2024-09-16 13:30:00+00:00,REG,74.80999755859375,74.80999755859375,74.83000183105469,74.80999755859375,74.83000183105469,1550.0
2024-09-16 13:30:00+00:00,SBAC,246.74000549316406,246.74000549316406,246.75999450683594,246.74000549316406,246.75999450683594,431.0
2024-09-16 13:30:00+00:00,SBRA,18.6299991607666,18.6299991607666,18.6299991607666,18.6299991607666,18.6299991607666,790.0
2024-09-16 13:30:00+00:00,SVC,4.494999885559082,4.494999885559082,4.494999885559082,4.494999885559082,4.494999885559082,267.0
2024-09-16 13:30:00+00:00,UNIT,5.320000171661377,5.320000171661377,5.320000171661377,5.315000057220459,5.315000057220459,646.0
2024-09-16 13:30:00+00:00,WHLR,7.730000019073486,7.730000019073486,7.75,7.730000019073486,7.75,9064.0
2024-09-16 13:31:00+00:00,AGNC,10.479999542236328,10.479999542236328,10.479999542236328,10.46500015258789,10.468799591064453,129742.0
2024-09-16 13:31:00+00:00,CSGP,78.69000244140625,78.69000244140625,78.70999908447266,78.69000244140625,78.69000244140625,579.0
2024-09-16 13:31:00+00:00,EXPI,14.579999923706055,14.579999923706055,14.579999923706055,14.569999694824219,14.569999694824219,956.0
2024-09-16 13:31:00+00:00,GIPR,2.2100000381469727,2.2100000381469727,2.2100000381469727,2.2100000381469727,2.2100000381469727,641.0
2024-09-16 13:31:00+00:00,GLPI,51.709999084472656,51.709999084472656,51.71500015258789,51.70000076293945,51.70000076293945,1452.0
2024-09-16 13:31:00+00:00,GOOD,16.110000610351562,16.110000610351562,16.110000610351562,16.110000610351562,16.110000610351562,306.0
2024-09-16 13:31:00+00:00,HST,17.385000228881836,17.385000228881836,17.385000228881836,17.375,17.3799991607666,4986.0
2024-09-16 13:31:00+00:00,LAND,14.574999809265137,14.574999809265137,14.574999809265137,14.574999809265137,14.574999809265137,2047.0
2024-09-16 13:31:00+00:00,NMRK,14.944899559020996,14.944899559020996,14.944899559020996,14.944899559020996,14.944899559020996,558.0
2024-09-16 13:31:00+00:00,NYMT,6.65500020980835,6.65500020980835,6.65500020980835,6.65500020980835,6.65500020980835,685.0
2024-09-16 13:31:00+00:00,OPEN,2.2841999530792236,2.2841999530792236,2.2899999618530273,2.2699999809265137,2.2771999835968018,294859.0
2024-09-16 13:31:00+00:00,PECO,38.790000915527344,38.790000915527344,38.790000915527344,38.790000915527344,38.790000915527344,375.0
2024-09-16 13:31:00+00:00,RDFN,13.954999923706055,13.954999923706055,13.960000038146973,13.930000305175781,13.936699867248535,11522.0
2024-09-16 13:31:00+00:00,REAX,5.809999942779541,5.809999942779541,5.809999942779541,5.809999942779541,5.809999942779541,404.0
2024-09-16 13:31:00+00:00,SBAC,246.8000030517578,246.8000030517578,246.80999755859375,246.74000549316406,246.74000549316406,3256.0
2024-09-16 13:31:00+00:00,SBRA,18.6299991607666,18.6299991607666,18.6299991607666,18.6299991607666,18.6299991607666,488.0
2024-09-16 13:31:00+00:00,STRS,27.27989959716797,27.27989959716797,27.280000686645508,27.25,27.25,1000.0
2024-09-16 13:31:00+00:00,SVC,4.494999885559082,4.494999885559082,4.494999885559082,4.489999771118164,4.489999771118164,1524.0
2024-09-16 13:31:00+00:00,UNIT,5.309999942779541,5.309999942779541,5.317500114440918,5.309999942779541,5.317500114440918,1188.0
2024-09-16 13:31:00+00:00,WHLR,7.630000114440918,7.630000114440918,7.721199989318848,7.590000152587891,7.690000057220459,15455.0
2024-09-16 13:32:00+00:00,AGNC,10.475000381469727,10.475000381469727,10.479999542236328,10.475000381469727,10.475799560546875,11425.0
2024-09-16 13:32:00+00:00,BPYPN,12.800000190734863,12.800000190734863,12.800000190734863,12.800000190734863,12.800000190734863,197.0
2024-09-16 13:32:00+00:00,BPYPP,14.749899864196777,14.749899864196777,14.749899864196777,14.749899864196777,14.749899864196777,7800.0
2024-09-16 13:32:00+00:00,CSGP,78.70999908447266,78.70999908447266,78.71499633789062,78.69000244140625,78.70999908447266,1359.0
2024-09-16 13:32:00+00:00,DHC,3.555000066757202,3.555000066757202,3.555000066757202,3.555000066757202,3.555000066757202,102.0
2024-09-16 13:32:00+00:00,EXPI,14.59000015258789,14.59000015258789,14.59000015258789,14.59000015258789,14.59000015258789,1098.0
2024-09-16 13:32:00+00:00,FRPH,29.54990005493164,29.54990005493164,29.54990005493164,29.46500015258789,29.46500015258789,1006.0
2024-09-16 13:32:00+00:00,FSV,180.25999450683594,180.25999450683594,180.25999450683594,180.25999450683594,180.25999450683594,434.0
2024-09-16 13:32:00+00:00,HST,17.389999389648438,17.389999389648438,17.389999389648438,17.385000228881836,17.385000228881836,1405.0
2024-09-16 13:32:00+00:00,LSEA,12.739999771118164,12.739999771118164,12.739999771118164,12.720000267028809,12.720000267028809,1275.0
2024-09-16 13:32:00+00:00,MDRR,12.543000221252441,12.543000221252441,12.543000221252441,12.543000221252441,12.543000221252441,847.0
2024-09-16 13:32:00+00:00,NMRK,14.944999694824219,14.944999694824219,14.944999694824219,14.944000244140625,14.944000244140625,1167.0
2024-09-16 13:32:00+00:00,NYMTM,24.299999237060547,24.299999237060547,24.299999237060547,24.299999237060547,24.299999237060547,0.0
2024-09-16 13:32:00+00:00,OPEN,2.2850000858306885,2.2850000858306885,2.2899999618530273,2.280100107192993,2.2850000858306885,50889.0
2024-09-16 13:32:00+00:00,PCH,45.5099983215332,45.5099983215332,45.5099983215332,45.5099983215332,45.5099983215332,505.0
2024-09-16 13:32:00+00:00,PECO,38.78499984741211,38.78499984741211,38.78499984741211,38.78499984741211,38.78499984741211,312.0
2024-09-16 13:32:00+00:00,RDFN,13.947799682617188,13.947799682617188,13.960000038146973,13.944199562072754,13.960000038146973,14994.0
2024-09-16 13:32:00+00:00,REFI,16.059999465942383,16.059999465942383,16.059999465942383,16.059999465942383,16.059999465942383,320.0
2024-09-16 13:32:00+00:00,ROIC,16.059999465942383,16.059999465942383,16.059999465942383,16.059999465942383,16.059999465942383,548.0
2024-09-16 13:32:00+00:00,SBAC,246.75999450683594,246.75999450683594,246.75999450683594,246.75999450683594,246.75999450683594,762.0
2024-09-16 13:32:00+00:00,SBRA,18.6299991607666,18.6299991607666,18.6299991607666,18.6299991607666,18.6299991607666,2645.0
2024-09-16 13:32:00+00:00,STRS,27.533199310302734,27.533199310302734,27.533199310302734,27.010000228881836,27.533199310302734,1300.0
2024-09-16 13:32:00+00:00,SVC,4.494999885559082,4.494999885559082,4.494999885559082,4.494999885559082,4.494999885559082,786.0
2024-09-16 13:32:00+00:00,UNIT,5.324999809265137,5.324999809265137,5.324999809265137,5.309999942779541,5.309999942779541,24114.0
2024-09-16 13:32:00+00:00,WHLR,7.650100231170654,7.650100231170654,7.699999809265137,7.640100002288818,7.699900150299072,6915.0
2024-09-16 13:33:00+00:00,AGNC,10.479999542236328,10.479999542236328,10.479999542236328,10.473999977111816,10.479999542236328,74944.0
2024-09-16 13:33:00+00:00,CSGP,78.70500183105469,78.70500183105469,78.71499633789062,78.69000244140625,78.71499633789062,2750.0
2024-09-16 13:33:00+00:00,DHC,3.555000066757202,3.555000066757202,3.555000066757202,3.555000066757202,3.555000066757202,532.0
2024-09-16 13:33:00+00:00,EQIX,876.969970703125,876.969970703125,876.969970703125,876.969970703125,876.969970703125,733.0
2024-09-16 13:33:00+00:00,EXPI,14.600000381469727,14.600000381469727,14.600000381469727,14.59000015258789,14.59000015258789,633.0
2024-09-16 13:33:00+00:00,FRPH,29.511699676513672,29.511699676513672,29.600000381469727,29.5,29.5,1772.0
2024-09-16 13:33:00+00:00,FTHM,2.9700000286102295,2.9700000286102295,2.9700000286102295,2.9700000286102295,2.9700000286102295,223.0
2024-09-16 13:33:00+00:00,HST,17.389999389648438,17.389999389648438,17.389999389648438,17.385000228881836,17.385000228881836,3167.0
2024-09-16 13:33:00+00:00,ILPT,5.099999904632568,5.099999904632568,5.099999904632568,5.099999904632568,5.099999904632568,687.0
2024-09-16 13:33:00+00:00,NMRK,14.944999694824219,14.944999694824219,14.944999694824219,14.944999694824219,14.944999694824219,2116.0
2024-09-16 13:33:00+00:00,NYMT,6.65500020980835,6.65500020980835,6.659999847412109,6.65500020980835,6.659999847412109,855.0
2024-09-16 13:33:00+00:00,OPEN,2.2899999618530273,2.2899999618530273,2.2899999618530273,2.2850000858306885,2.2850000858306885,193179.0
2024-09-16 13:33:00+00:00,PCH,45.459999084472656,45.459999084472656,45.459999084472656,45.459999084472656,45.459999084472656,570.0
2024-09-16 13:33:00+00:00,PECO,38.790000915527344,38.790000915527344,38.790000915527344,38.78499984741211,38.78499984741211,495.0
2024-09-16 13:33:00+00:00,RDFN,13.979000091552734,13.979000091552734,13.979999542236328,13.941900253295898,13.943900108337402,47822.0
2024-09-16 13:33:00+00:00,REAX,5.820000171661377,5.820000171661377,5.820000171661377,5.820000171661377,5.820000171661377,1658.0
2024-09-16 13:33:00+00:00,REG,74.79000091552734,74.79000091552734,74.79000091552734,74.79000091552734,74.79000091552734,503.0
2024-09-16 13:33:00+00:00,ROIC,16.059999465942383,16.059999465942383,16.059999465942383,16.05500030517578,16.05500030517578,1457.0
2024-09-16 13:33:00+00:00,SBAC,246.85499572753906,246.85499572753906,246.85499572753906,246.6999969482422,246.75999450683594,7036.0
2024-09-16 13:33:00+00:00,SBRA,18.639999389648438,18.639999389648438,18.639999389648438,18.635000228881836,18.635000228881836,1375.0
2024-09-16 13:33:00+00:00,SEVN,13.869999885559082,13.869999885559082,13.869999885559082,13.869999885559082,13.869999885559082,164.0
2024-09-16 13:33:00+00:00,STRS,27.444799423217773,27.444799423217773,27.444799423217773,27.444799423217773,27.444799423217773,1117.0
2024-09-16 13:33:00+00:00,SVC,4.494999885559082,4.494999885559082,4.494999885559082,4.494999885559082,4.494999885559082,4542.0
2024-09-16 13:33:00+00:00,UNIT,5.324999809265137,5.324999809265137,5.324999809265137,5.324999809265137,5.324999809265137,1147.0
2024-09-16 13:33:00+00:00,WHLR,7.630000114440918,7.630000114440918,7.689599990844727,7.6020002365112305,7.659999847412109,6394.0
2024-09-16 13:34:00+00:00,AFCG,10.494999885559082,10.494999885559082,10.494999885559082,10.494999885559082,10.494999885559082,159.0
2024-09-16 13:34:00+00:00,AGNC,10.484999656677246,10.484999656677246,10.484999656677246,10.474200248718262,10.479999542236328,75271.0
2024-09-16 13:34:00+00:00,AGNCM,25.299999237060547,25.299999237060547,25.299999237060547,25.299999237060547,25.299999237060547,1358.0
2024-09-16 13:34:00+00:00,ASPS,1.1699999570846558,1.1699999570846558,1.1699999570846558,1.1699999570846558,1.1699999570846558,0.0
2024-09-16 13:34:00+00:00,CIGI,146.88999938964844,146.88999938964844,146.88999938964844,146.88999938964844,146.88999938964844,188.0
2024-09-16 13:34:00+00:00,CSGP,78.72000122070312,78.72000122070312,78.72000122070312,78.70500183105469,78.70500183105469,1243.0
2024-09-16 13:34:00+00:00,DHC,3.555000066757202,3.555000066757202,3.555000066757202,3.555000066757202,3.555000066757202,878.0
2024-09-16 13:34:00+00:00,EXPI,14.640000343322754,14.640000343322754,14.640000343322754,14.609999656677246,14.609999656677246,1847.0
2024-09-16 13:34:00+00:00,GLPI,51.720001220703125,51.720001220703125,51.720001220703125,51.702301025390625,51.720001220703125,1968.0
2024-09-16 13:34:00+00:00,HST,17.385000228881836,17.385000228881836,17.389999389648438,17.385000228881836,17.389999389648438,2447.0
2024-09-16 13:34:00+00:00,ILPT,5.110000133514404,5.110000133514404,5.110000133514404,5.110000133514404,5.110000133514404,686.0
2024-09-16 13:34:00+00:00,LAMR,130.22999572753906,130.22999572753906,130.22999572753906,130.22999572753906,130.22999572753906,181.0
2024-09-16 13:34:00+00:00,LOAN,5.199999809265137,5.199999809265137,5.199999809265137,5.199999809265137,5.199999809265137,204.0
2024-09-16 13:34:00+00:00,LSEA,12.725000381469727,12.725000381469727,12.729999542236328,12.725000381469727,12.729999542236328,364.0
2024-09-16 13:34:00+00:00,NMRK,14.954999923706055,14.954999923706055,14.954999923706055,14.944999694824219,14.949999809265137,1671.0
2024-09-16 13:34:00+00:00,NYMT,6.659999847412109,6.659999847412109,6.659999847412109,6.65500020980835,6.659999847412109,9127.0
2024-09-16 13:34:00+00:00,OPEN,2.299999952316284,2.299999952316284,2.299999952316284,2.280100107192993,2.280100107192993,181650.0
2024-09-16 13:34:00+00:00,PCH,45.439998626708984,45.439998626708984,45.46500015258789,45.43000030517578,45.46500015258789,2112.0
2024-09-16 13:34:00+00:00,PECO,38.79949951171875,38.79949951171875,38.79949951171875,38.790000915527344,38.790000915527344,668.0
2024-09-16 13:34:00+00:00,RDFN,13.975000381469727,13.975000381469727,13.979999542236328,13.970100402832031,13.979700088500977,14130.0
2024-09-16 13:34:00+00:00,REAX,5.820000171661377,5.820000171661377,5.820000171661377,5.820000171661377,5.820000171661377,3413.0
2024-09-16 13:34:00+00:00,REFI,16.079999923706055,16.079999923706055,16.079999923706055,16.079999923706055,16.079999923706055,397.0
2024-09-16 13:34:00+00:00,REG,74.80999755859375,74.80999755859375,74.81500244140625,74.80999755859375,74.80999755859375,1270.0
2024-09-16 13:34:00+00:00,ROIC,16.059999465942383,16.059999465942383,16.059999465942383,16.059999465942383,16.059999465942383,1326.0
2024-09-16 13:34:00+00:00,SBAC,246.85499572753906,246.85499572753906,246.85499572753906,246.85499572753906,246.85499572753906,3282.0
2024-09-16 13:34:00+00:00,SBRA,18.639999389648438,18.639999389648438,18.639999389648438,18.639999389648438,18.639999389648438,1334.0
2024-09-16 13:34:00+00:00,SEVN,13.868800163269043,13.868800163269043,13.868800163269043,13.868800163269043,13.868800163269043,827.0
2024-09-16 13:34:00+00:00,STRS,27.34869956970215,27.34869956970215,27.34869956970215,27.25,27.25,61.0
2024-09-16 13:34:00+00:00,SVC,4.494999885559082,4.494999885559082,4.499000072479248,4.490099906921387,4.499000072479248,1735.0
2024-09-16 13:34:00+00:00,UNIT,5.324999809265137,5.324999809265137,5.329999923706055,5.324999809265137,5.324999809265137,1989.0
2024-09-16 13:34:00+00:00,WHLR,7.590000152587891,7.590000152587891,7.630000114440918,7.590000152587891,7.630000114440918,22733.0
2024-09-16 13:35:00+00:00,AGNC,10.484999656677246,10.484999656677246,10.489999771118164,10.479999542236328,10.484999656677246,12073.0
2024-09-16 13:35:00+00:00,CSGP,78.71499633789062,78.71499633789062,78.7249984741211,78.69999694824219,78.7249984741211,1399.0
2024-09-16 13:35:00+00:00,HST,17.395000457763672,17.395000457763672,17.395000457763672,17.389999389648438,17.389999389648438,4529.0
2024-09-16 13:35:00+00:00,LAMR,130.25,130.25,130.36000061035156,130.25,130.36000061035156,790.0
2024-09-16 13:35:00+00:00,LSEA,12.736000061035156,12.736000061035156,12.736000061035156,12.736000061035156,12.736000061035156,330.0
2024-09-16 13:35:00+00:00,NMRK,14.954999923706055,14.954999923706055,14.954999923706055,14.954999923706055,14.954999923706055,160.0
2024-09-16 13:35:00+00:00,OPEN,2.2934999465942383,2.2934999465942383,2.299999952316284,2.2918999195098877,2.2950000762939453,28860.0
2024-09-16 13:35:00+00:00,OPI,2.2249999046325684,2.2249999046325684,2.2249999046325684,2.2249999046325684,2.2249999046325684,213.0
2024-09-16 13:35:00+00:00,PECO,38.790000915527344,38.790000915527344,38.79999923706055,38.790000915527344,38.79999923706055,738.0
2024-09-16 13:35:00+00:00,RDFN,14.005000114440918,14.005000114440918,14.039999961853027,13.979999542236328,13.979999542236328,187572.0
2024-09-16 13:35:00+00:00,REG,74.83000183105469,74.83000183105469,74.83000183105469,74.81500244140625,74.81500244140625,800.0
2024-09-16 13:35:00+00:00,ROIC,16.068300247192383,16.068300247192383,16.068300247192383,16.068300247192383,16.068300247192383,570.0
2024-09-16 13:35:00+00:00,SBRA,18.65999984741211,18.65999984741211,18.65999984741211,18.645000457763672,18.645000457763672,8898.0
2024-09-16 13:35:00+00:00,SOHO,1.225000023841858,1.225000023841858,1.225000023841858,1.225000023841858,1.225000023841858,8130.0
2024-09-16 13:35:00+00:00,STRS,27.200000762939453,27.200000762939453,27.200000762939453,27.200000762939453,27.200000762939453,634.0
2024-09-16 13:35:00+00:00,SVC,4.494999885559082,4.494999885559082,4.494999885559082,4.494999885559082,4.494999885559082,336.0
2024-09-16 13:35:00+00:00,UNIT,5.324999809265137,5.324999809265137,5.324999809265137,5.324999809265137,5.324999809265137,1273.0
2024-09-16 13:35:00+00:00,WHLR,7.600100040435791,7.600100040435791,7.610000133514404,7.600100040435791,7.610000133514404,1483.0
2024-09-16 13:36:00+00:00,AGNC,10.48550033569336,10.48550033569336,10.489999771118164,10.479999542236328,10.489999771118164,20649.0
2024-09-16 13:36:00+00:00,BPYPO,14.09000015258789,14.09000015258789,14.09000015258789,14.09000015258789,14.09000015258789,189.0
2024-09-16 13:36:00+00:00,BPYPP,14.6899995803833,14.6899995803833,14.6899995803833,14.6899995803833,14.6899995803833,0.0
2024-09-16 13:36:00+00:00,CSGP,78.72000122070312,78.72000122070312,78.72000122070312,78.72000122070312,78.72000122070312,763.0
2024-09-16 13:36:00+00:00,EQIX,878.3099975585938,878.3099975585938,878.3099975585938,878.3099975585938,878.3099975585938,337.0
2024-09-16 13:36:00+00:00,EXPI,14.619999885559082,14.619999885559082,14.649999618530273,14.619999885559082,14.649999618530273,9323.0
2024-09-16 13:36:00+00:00,GLPI,51.7400016784668,51.7400016784668,51.7400016784668,51.724998474121094,51.724998474121094,3643.0
2024-09-16 13:36:00+00:00,GOOD,16.100000381469727,16.100000381469727,16.100000381469727,16.100000381469727,16.100000381469727,196.0
2024-09-16 13:36:00+00:00,HST,17.395999908447266,17.395999908447266,17.399999618530273,17.395999908447266,17.399999618530273,322.0
2024-09-16 13:36:00+00:00,LAMR,130.27499389648438,130.27499389648438,130.27499389648438,130.27499389648438,130.27499389648438,493.0
2024-09-16 13:36:00+00:00,LAND,14.574999809265137,14.574999809265137,14.574999809265137,14.574999809265137,14.574999809265137,116.0
2024-09-16 13:36:00+00:00,NMRK,14.954999923706055,14.954999923706055,14.954999923706055,14.954999923706055,14.954999923706055,323.0
2024-09-16 13:36:00+00:00,NYMT,6.670000076293945,6.670000076293945,6.670000076293945,6.670000076293945,6.670000076293945,204.0
2024-09-16 13:36:00+00:00,NYMTZ,20.959699630737305,20.959699630737305,20.959699630737305,20.959699630737305,20.959699630737305,800.0
2024-09-16 13:36:00+00:00,OPEN,2.293100118637085,2.293100118637085,2.299999952316284,2.2899999618530273,2.2950000762939453,10619.0
2024-09-16 13:36:00+00:00,OPI,2.2200000286102295,2.2200000286102295,2.2200000286102295,2.2200000286102295,2.2200000286102295,241.0
2024-09-16 13:36:00+00:00,PCH,45.459999084472656,45.459999084472656,45.459999084472656,45.459999084472656,45.459999084472656,589.0
2024-09-16 13:36:00+00:00,PECO,38.790000915527344,38.790000915527344,38.790000915527344,38.790000915527344,38.790000915527344,713.0
2024-09-16 13:36:00+00:00,RDFN,13.979999542236328,13.979999542236328,14.010000228881836,13.9399995803833,14.0,25821.0
2024-09-16 13:36:00+00:00,REG,74.81999969482422,74.81999969482422,74.82499694824219,74.81999969482422,74.81999969482422,1064.0
2024-09-16 13:36:00+00:00,SBAC,247.19000244140625,247.19000244140625,247.19000244140625,246.9550018310547,246.9550018310547,1661.0
2024-09-16 13:36:00+00:00,SBRA,18.655000686645508,18.655000686645508,18.65999984741211,18.655000686645508,18.65999984741211,1187.0
2024-09-16 13:36:00+00:00,SOHO,1.225000023841858,1.225000023841858,1.225000023841858,1.225000023841858,1.225000023841858,0.0
2024-09-16 13:36:00+00:00,SVC,4.489999771118164,4.489999771118164,4.499800205230713,4.489999771118164,4.499800205230713,1803.0
2024-09-16 13:36:00+00:00,UNIT,5.329999923706055,5.329999923706055,5.329999923706055,5.320300102233887,5.324999809265137,3431.0
2024-09-16 13:36:00+00:00,WHLR,7.5,7.5,7.690000057220459,7.5,7.650000095367432,26428.0
2024-09-16 13:37:00+00:00,AFCG,10.494999885559082,10.494999885559082,10.494999885559082,10.494999885559082,10.494999885559082,1062.0
2024-09-16 13:37:00+00:00,AGNC,10.498000144958496,10.498000144958496,10.5,10.48449993133545,10.489999771118164,89717.0
2024-09-16 13:37:00+00:00,CSGP,78.73500061035156,78.73500061035156,78.75,78.73500061035156,78.73999786376953,2841.0
2024-09-16 13:37:00+00:00,DHC,3.565000057220459,3.565000057220459,3.565000057220459,3.559999942779541,3.559999942779541,6930.0
2024-09-16 13:37:00+00:00,EQIX,877.0,877.0,877.6900024414062,877.0,877.5349731445312,1509.0
2024-09-16 13:37:00+00:00,EXPI,14.640000343322754,14.640000343322754,14.640000343322754,14.640000343322754,14.640000343322754,578.0
2024-09-16 13:37:00+00:00,GLPI,51.7599983215332,51.7599983215332,51.7599983215332,51.749900817871094,51.749900817871094,991.0
2024-09-16 13:37:00+00:00,HST,17.424999237060547,17.424999237060547,17.43000030517578,17.395000457763672,17.399999618530273,21487.0
2024-09-16 13:37:00+00:00,ILPT,5.135000228881836,5.135000228881836,5.135000228881836,5.119999885559082,5.119999885559082,1286.0
2024-09-16 13:37:00+00:00,LAMR,130.3699951171875,130.3699951171875,130.3699951171875,130.2899932861328,130.2899932861328,1252.0
2024-09-16 13:37:00+00:00,NMRK,14.954999923706055,14.954999923706055,14.960000038146973,14.954999923706055,14.960000038146973,1871.0
2024-09-16 13:37:00+00:00,NYMT,6.670000076293945,6.670000076293945,6.670000076293945,6.670000076293945,6.670000076293945,1083.0
2024-09-16 13:37:00+00:00,OPEN,2.296999931335449,2.296999931335449,2.299999952316284,2.2899999618530273,2.2967000007629395,48285.0
2024-09-16 13:37:00+00:00,PCH,45.44499969482422,45.44499969482422,45.45000076293945,45.44499969482422,45.45000076293945,298.0
2024-09-16 13:37:00+00:00,PECO,38.81999969482422,38.81999969482422,38.81999969482422,38.810001373291016,38.810001373291016,846.0
2024-09-16 13:37:00+00:00,RDFN,14.0,14.0,14.020000457763672,13.979999542236328,13.979999542236328,10550.0
2024-09-16 13:37:00+00:00,REG,74.87000274658203,74.87000274658203,74.87000274658203,74.83000183105469,74.83000183105469,1442.0
2024-09-16 13:37:00+00:00,RMR,25.209999084472656,25.209999084472656,25.209999084472656,25.209999084472656,25.209999084472656,514.0
2024-09-16 13:37:00+00:00,ROIC,16.06999969482422,16.06999969482422,16.06999969482422,16.06999969482422,16.06999969482422,1138.0
2024-09-16 13:37:00+00:00,SBRA,18.666400909423828,18.666400909423828,18.670000076293945,18.655000686645508,18.655000686645508,4408.0
2024-09-16 13:37:00+00:00,SELF,5.399899959564209,5.399899959564209,5.400000095367432,5.399899959564209,5.400000095367432,665.0
2024-09-16 13:37:00+00:00,SVC,4.489999771118164,4.489999771118164,4.494999885559082,4.489999771118164,4.494999885559082,839.0
2024-09-16 13:37:00+00:00,UNIT,5.324999809265137,5.324999809265137,5.329999923706055,5.324999809265137,5.324999809265137,1491.0
2024-09-16 13:37:00+00:00,WHLR,7.269999980926514,7.269999980926514,7.558199882507324,7.099999904632568,7.558199882507324,69567.0
2024-09-16 13:38:00+00:00,AFCG,10.494999885559082,10.494999885559082,10.494999885559082,10.494999885559082,10.494999885559082,272.0
2024-09-16 13:38:00+00:00,AGNC,10.494999885559082,10.494999885559082,10.5,10.494999885559082,10.498499870300293,13340.0
2024-09-16 13:38:00+00:00,ASPS,1.190000057220459,1.190000057220459,1.190000057220459,1.190000057220459,1.190000057220459,120.0
2024-09-16 13:38:00+00:00,BPYPN,12.800000190734863,12.800000190734863,12.800000190734863,12.800000190734863,12.800000190734863,188.0
2024-09-16 13:38:00+00:00,CIGI,147.0,147.0,147.0,146.86000061035156,146.86000061035156,625.0
2024-09-16 13:38:00+00:00,CSGP,78.81999969482422,78.81999969482422,78.83999633789062,78.73570251464844,78.75,4349.0
2024-09-16 13:38:00+00:00,DHC,3.569999933242798,3.569999933242798,3.569999933242798,3.569999933242798,3.569999933242798,840.0
2024-09-16 13:38:00+00:00,EXPI,14.619999885559082,14.619999885559082,14.649999618530273,14.619999885559082,14.640000343322754,3214.0
2024-09-16 13:38:00+00:00,FSV,180.52999877929688,180.52999877929688,180.52999877929688,180.52999877929688,180.52999877929688,431.0
2024-09-16 13:38:00+00:00,GLPI,51.7599983215332,51.7599983215332,51.7599983215332,51.75,51.75019836425781,2013.0
2024-09-16 13:38:00+00:00,GOOD,16.1299991607666,16.1299991607666,16.1299991607666,16.1299991607666,16.1299991607666,1308.0
2024-09-16 13:38:00+00:00,HST,17.44499969482422,17.44499969482422,17.459999084472656,17.424999237060547,17.424999237060547,255078.0
2024-09-16 13:38:00+00:00,ILPT,5.144999980926514,5.144999980926514,5.144999980926514,5.144999980926514,5.144999980926514,200.0
2024-09-16 13:38:00+00:00,LAMR,130.42999267578125,130.42999267578125,130.42999267578125,130.4199981689453,130.4199981689453,643.0
2024-09-16 13:38:00+00:00,LAND,14.569999694824219,14.569999694824219,14.569999694824219,14.569999694824219,14.569999694824219,284.0
2024-09-16 13:38:00+00:00,LOAN,5.199999809265137,5.199999809265137,5.199999809265137,5.199999809265137,5.199999809265137,470.0
2024-09-16 13:38:00+00:00,LSEA,12.729999542236328,12.729999542236328,12.729999542236328,12.729999542236328,12.729999542236328,190.0
2024-09-16 13:38:00+00:00,MDJH,0.7279999852180481,0.7279999852180481,0.7279999852180481,0.7279999852180481,0.7279999852180481,102.0
2024-09-16 13:38:00+00:00,NMRK,14.975000381469727,14.975000381469727,14.975000381469727,14.975000381469727,14.975000381469727,1172.0
2024-09-16 13:38:00+00:00,NYMT,6.679999828338623,6.679999828338623,6.679999828338623,6.679999828338623,6.679999828338623,107.0
2024-09-16 13:38:00+00:00,NYMTM,24.34000015258789,24.34000015258789,24.34000015258789,24.34000015258789,24.34000015258789,310.0
2024-09-16 13:38:00+00:00,NYMTN,22.43000030517578,22.43000030517578,22.43000030517578,22.43000030517578,22.43000030517578,27293.0
2024-09-16 13:38:00+00:00,OPEN,2.3148000240325928,2.3148000240325928,2.319999933242798,2.2950000762939453,2.299999952316284,699779.0
2024-09-16 13:38:00+00:00,PCH,45.459999084472656,45.459999084472656,45.459999084472656,45.459999084472656,45.459999084472656,686.0
2024-09-16 13:38:00+00:00,PECO,38.81999969482422,38.81999969482422,38.81999969482422,38.81999969482422,38.81999969482422,1351.0
2024-09-16 13:38:00+00:00,RDFN,14.055000305175781,14.055000305175781,14.0600004196167,14.000499725341797,14.000499725341797,7698.0
2024-09-16 13:38:00+00:00,REAX,5.820000171661377,5.820000171661377,5.824999809265137,5.820000171661377,5.824999809265137,3928.0
2024-09-16 13:38:00+00:00,REG,74.87999725341797,74.87999725341797,74.87999725341797,74.87999725341797,74.87999725341797,1131.0
2024-09-16 13:38:00+00:00,ROIC,16.09000015258789,16.09000015258789,16.09000015258789,16.09000015258789,16.09000015258789,238.0
2024-09-16 13:38:00+00:00,SBAC,247.2550048828125,247.2550048828125,247.2550048828125,247.10499572753906,247.1999969482422,817.0
2024-09-16 13:38:00+00:00,SBRA,18.674999237060547,18.674999237060547,18.68000030517578,18.670000076293945,18.670000076293945,4622.0
2024-09-16 13:38:00+00:00,SELF,5.409900188446045,5.409900188446045,5.409900188446045,5.409900188446045,5.409900188446045,609.0
2024-09-16 13:38:00+00:00,SVC,4.5,4.5,4.5,4.499300003051758,4.499300003051758,13687.0
2024-09-16 13:38:00+00:00,UNIT,5.329999923706055,5.329999923706055,5.329999923706055,5.324999809265137,5.324999809265137,2904.0
2024-09-16 13:38:00+00:00,WHLR,7.329999923706055,7.329999923706055,7.349899768829346,7.25,7.349899768829346,16551.0
2024-09-16 13:39:00+00:00,AGNC,10.494999885559082,10.494999885559082,10.5,10.492300033569336,10.494400024414062,13154.0
2024-09-16 13:39:00+00:00,CSGP,78.83000183105469,78.83000183105469,78.86000061035156,78.82499694824219,78.82499694824219,2032.0
2024-09-16 13:39:00+00:00,DHC,3.565000057220459,3.565000057220459,3.569999933242798,3.565000057220459,3.569999933242798,7320.0
2024-09-16 13:39:00+00:00,EQIX,878.4000244140625,878.4000244140625,878.4000244140625,878.4000244140625,878.4000244140625,708.0
2024-09-16 13:39:00+00:00,EXPI,14.664999961853027,14.664999961853027,14.664999961853027,14.640000343322754,14.640000343322754,1266.0
2024-09-16 13:39:00+00:00,GLPI,51.779998779296875,51.779998779296875,51.779998779296875,51.755001068115234,51.755001068115234,1934.0
2024-09-16 13:39:00+00:00,HST,17.46500015258789,17.46500015258789,17.489999771118164,17.450000762939453,17.450000762939453,29083.0
2024-09-16 13:39:00+00:00,ILPT,5.144999980926514,5.144999980926514,5.144999980926514,5.144999980926514,5.144999980926514,14.0
2024-09-16 13:39:00+00:00,LAMR,130.46499633789062,130.46499633789062,130.46499633789062,130.46499633789062,130.46499633789062,559.0
2024-09-16 13:39:00+00:00,LSEA,12.739999771118164,12.739999771118164,12.739999771118164,12.739999771118164,12.739999771118164,292.0
2024-09-16 13:39:00+00:00,NMRK,14.989999771118164,14.989999771118164,14.989999771118164,14.975000381469727,14.975000381469727,1708.0
2024-09-16 13:39:00+00:00,NYMT,6.679999828338623,6.679999828338623,6.679999828338623,6.679999828338623,6.679999828338623,405.0
2024-09-16 13:39:00+00:00,OPEN,2.315000057220459,2.315000057220459,2.319999933242798,2.309999942779541,2.319999933242798,200721.0
2024-09-16 13:39:00+00:00,OPI,2.2249999046325684,2.2249999046325684,2.2249999046325684,2.2249999046325684,2.2249999046325684,273.0
2024-09-16 13:39:00+00:00,PECO,38.81999969482422,38.81999969482422,38.81999969482422,38.81999969482422,38.81999969482422,555.0
2024-09-16 13:39:00+00:00,RDFN,14.074999809265137,14.074999809265137,14.074999809265137,14.0600004196167,14.0600004196167,3619.0
2024-09-16 13:39:00+00:00,REAX,5.829999923706055,5.829999923706055,5.829999923706055,5.829999923706055,5.829999923706055,5611.0
2024-09-16 13:39:00+00:00,REG,74.87000274658203,74.87000274658203,74.87000274658203,74.87000274658203,74.87000274658203,652.0
2024-09-16 13:39:00+00:00,ROIC,16.09000015258789,16.09000015258789,16.094999313354492,16.09000015258789,16.094999313354492,2512.0
2024-09-16 13:39:00+00:00,SBRA,18.674999237060547,18.674999237060547,18.68000030517578,18.674999237060547,18.674999237060547,1704.0
2024-09-16 13:39:00+00:00,SVC,4.494999885559082,4.494999885559082,4.494999885559082,4.494999885559082,4.494999885559082,1206.0
2024-09-16 13:39:00+00:00,UNIT,5.320000171661377,5.320000171661377,5.324999809265137,5.320000171661377,5.324999809265137,1632.0
2024-09-16 13:39:00+00:00,WHLR,7.449900150299072,7.449900150299072,7.5,7.28000020980835,7.34250020980835,24658.0
2024-09-16 13:40:00+00:00,AFCG,10.494999885559082,10.494999885559082,10.494999885559082,10.494999885559082,10.494999885559082,137.0
2024-09-16 13:40:00+00:00,AGNC,10.494999885559082,10.494999885559082,10.5,10.489999771118164,10.494999885559082,7241.0
2024-09-16 13:40:00+00:00,AGNCM,25.309999465942383,25.309999465942383,25.309999465942383,25.309999465942383,25.309999465942383,1562.0
2024-09-16 13:40:00+00:00,BPYPN,12.899999618530273,12.899999618530273,12.899999618530273,12.869999885559082,12.869999885559082,21832.0
2024-09-16 13:40:00+00:00,BPYPO,14.149999618530273,14.149999618530273,14.149999618530273,14.149999618530273,14.149999618530273,194.0
2024-09-16 13:40:00+00:00,CIGI,147.0,147.0,147.0,147.0,147.0,124.0
2024-09-16 13:40:00+00:00,EXPI,14.65999984741211,14.65999984741211,14.670000076293945,14.65999984741211,14.670000076293945,1053.0
2024-09-16 13:40:00+00:00,GLPI,51.75,51.75,51.77000045776367,51.75,51.77000045776367,4095.0
2024-09-16 13:40:00+00:00,HST,17.459999084472656,17.459999084472656,17.46500015258789,17.450000762939453,17.46500015258789,5728.0
2024-09-16 13:40:00+00:00,ILPT,5.144999980926514,5.144999980926514,5.144999980926514,5.144999980926514,5.144999980926514,689.0
2024-09-16 13:40:00+00:00,LAMR,130.3699951171875,130.3699951171875,130.3800048828125,130.3699951171875,130.3800048828125,376.0
2024-09-16 13:40:00+00:00,LSEA,12.695300102233887,12.695300102233887,12.729999542236328,12.695300102233887,12.729999542236328,1252.0
2024-09-16 13:40:00+00:00,NMRK,14.984999656677246,14.984999656677246,14.984999656677246,14.984999656677246,14.984999656677246,1741.0
2024-09-16 13:40:00+00:00,OPEN,2.2950000762939453,2.2950000762939453,2.315000057220459,2.2950000762939453,2.3136000633239746,250085.0
2024-09-16 13:40:00+00:00,PECO,38.81999969482422,38.81999969482422,38.81999969482422,38.81999969482422,38.81999969482422,128.0
2024-09-16 13:40:00+00:00,RDFN,14.01990032196045,14.01990032196045,14.069999694824219,14.005000114440918,14.069999694824219,54265.0
2024-09-16 13:40:00+00:00,REG,74.81999969482422,74.81999969482422,74.87000274658203,74.81999969482422,74.87000274658203,1434.0
2024-09-16 13:40:00+00:00,SBAC,247.3000030517578,247.3000030517578,247.3000030517578,247.3000030517578,247.3000030517578,165.0
2024-09-16 13:40:00+00:00,SBRA,18.68000030517578,18.68000030517578,18.68000030517578,18.68000030517578,18.68000030517578,1310.0
2024-09-16 13:40:00+00:00,SELF,5.420000076293945,5.420000076293945,5.420000076293945,5.4019999504089355,5.4019999504089355,1211.0
2024-09-16 13:40:00+00:00,UNIT,5.324999809265137,5.324999809265137,5.329999923706055,5.320000171661377,5.320000171661377,5627.0
2024-09-16 13:40:00+00:00,WHLR,7.429200172424316,7.429200172424316,7.473400115966797,7.389999866485596,7.449999809265137,8918.0
2024-09-16 13:41:00+00:00,AGNC,10.494999885559082,10.494999885559082,10.5,10.494000434875488,10.5,11613.0
2024-09-16 13:41:00+00:00,AGNCO,25.200000762939453,25.200000762939453,25.200000762939453,25.200000762939453,25.200000762939453,1676.0
2024-09-16 13:41:00+00:00,CSGP,78.83000183105469,78.83000183105469,78.84500122070312,78.83000183105469,78.84500122070312,999.0
2024-09-16 13:41:00+00:00,EXPI,14.65999984741211,14.65999984741211,14.65999984741211,14.649999618530273,14.649999618530273,6692.0
2024-09-16 13:41:00+00:00,GLPI,51.744998931884766,51.744998931884766,51.75,51.7400016784668,51.744998931884766,5014.0
2024-09-16 13:41:00+00:00,HST,17.450000762939453,17.450000762939453,17.450000762939453,17.450000762939453,17.450000762939453,2106.0
2024-09-16 13:41:00+00:00,LSEA,12.65999984741211,12.65999984741211,12.670000076293945,12.65999984741211,12.670000076293945,924.0
2024-09-16 13:41:00+00:00,NYMT,6.679999828338623,6.679999828338623,6.679999828338623,6.679999828338623,6.679999828338623,4006.0
2024-09-16 13:41:00+00:00,OPEN,2.2992000579833984,2.2992000579833984,2.299999952316284,2.2899999618530273,2.297499895095825,46101.0
2024-09-16 13:41:00+00:00,PECO,38.82500076293945,38.82500076293945,38.82500076293945,38.81999969482422,38.82500076293945,1416.0
2024-09-16 13:41:00+00:00,RDFN,14.069999694824219,14.069999694824219,14.069999694824219,14.015000343322754,14.015000343322754,0.0
2024-09-16 13:41:00+00:00,REAX,5.824999809265137,5.824999809265137,5.824999809265137,5.824999809265137,5.824999809265137,513.0
2024-09-16 13:41:00+00:00,REFI,16.065000534057617,16.065000534057617,16.065000534057617,16.065000534057617,16.065000534057617,455.0
2024-09-16 13:41:00+00:00,ROIC,16.094999313354492,16.094999313354492,16.094999313354492,16.094999313354492,16.094999313354492,412.0
2024-09-16 13:41:00+00:00,SBAC,247.14500427246094,247.14500427246094,247.1999969482422,247.14500427246094,247.1999969482422,336.0
2024-09-16 13:41:00+00:00,SBRA,18.690000534057617,18.690000534057617,18.690000534057617,18.68000030517578,18.68000030517578,3161.0
2024-09-16 13:41:00+00:00,UNIT,5.324999809265137,5.324999809265137,5.324999809265137,5.320000171661377,5.324999809265137,998.0
2024-09-16 13:41:00+00:00,WHLR,7.433899879455566,7.433899879455566,7.445000171661377,7.400000095367432,7.445000171661377,2504.0
2024-09-16 13:42:00+00:00,AGNC,10.499500274658203,10.499500274658203,10.5,10.491399765014648,10.5,15425.0
2024-09-16 13:42:00+00:00,AGNCO,25.209999084472656,25.209999084472656,25.219999313354492,25.209999084472656,25.219999313354492,7501.0
2024-09-16 13:42:00+00:00,BPYPP,14.739999771118164,14.739999771118164,14.739999771118164,14.739999771118164,14.739999771118164,782.0
2024-09-16 13:42:00+00:00,CSGP,78.83999633789062,78.83999633789062,78.83999633789062,78.83999633789062,78.83999633789062,451.0
2024-09-16 13:42:00+00:00,DHC,3.569999933242798,3.569999933242798,3.569999933242798,3.569999933242798,3.569999933242798,508.0
2024-09-16 13:42:00+00:00,EXPI,14.699999809265137,14.699999809265137,14.699999809265137,14.680000305175781,14.680000305175781,1264.0
2024-09-16 13:42:00+00:00,FRPH,29.469999313354492,29.469999313354492,29.469999313354492,29.469999313354492,29.469999313354492,1688.0
2024-09-16 13:42:00+00:00,GLPI,51.75,51.75,51.75,51.75,51.75,1024.0
2024-09-16 13:42:00+00:00,HST,17.475000381469727,17.475000381469727,17.475000381469727,17.44499969482422,17.44499969482422,7147.0
2024-09-16 13:42:00+00:00,NYMT,6.690000057220459,6.690000057220459,6.690000057220459,6.675000190734863,6.675000190734863,1499.0
2024-09-16 13:42:00+00:00,OPEN,2.309499979019165,2.309499979019165,2.309999942779541,2.299999952316284,2.299999952316284,135685.0
2024-09-16 13:42:00+00:00,PCH,45.46500015258789,45.46500015258789,45.4900016784668,45.46500015258789,45.4900016784668,1525.0
2024-09-16 13:42:00+00:00,PECO,38.82469940185547,38.82469940185547,38.82500076293945,38.82469940185547,38.82500076293945,547.0
2024-09-16 13:42:00+00:00,RDFN,14.100600242614746,14.100600242614746,14.109999656677246,14.069999694824219,14.069999694824219,14748.0
2024-09-16 13:42:00+00:00,REAX,5.835000038146973,5.835000038146973,5.835000038146973,5.829999923706055,5.829999923706055,537.0
2024-09-16 13:42:00+00:00,REG,74.81999969482422,74.81999969482422,74.81999969482422,74.81999969482422,74.81999969482422,1049.0
2024-09-16 13:42:00+00:00,ROIC,16.09830093383789,16.09830093383789,16.09830093383789,16.09830093383789,16.09830093383789,135.0
2024-09-16 13:42:00+00:00,SBAC,247.22000122070312,247.22000122070312,247.22000122070312,247.22000122070312,247.22000122070312,641.0
2024-09-16 13:42:00+00:00,SBRA,18.690000534057617,18.690000534057617,18.690000534057617,18.690000534057617,18.690000534057617,408.0
2024-09-16 13:42:00+00:00,SVC,4.494999885559082,4.494999885559082,4.494999885559082,4.494999885559082,4.494999885559082,733.0
2024-09-16 13:42:00+00:00,UNIT,5.320000171661377,5.320000171661377,5.329999923706055,5.320000171661377,5.324999809265137,3086.0
2024-09-16 13:42:00+00:00,WHLR,7.400000095367432,7.400000095367432,7.433899879455566,7.400000095367432,7.433899879455566,6573.0
2024-09-16 13:43:00+00:00,AGNC,10.505000114440918,10.505000114440918,10.50879955291748,10.499699592590332,10.499699592590332,460849.0
2024-09-16 13:43:00+00:00,CSGP,78.91500091552734,78.91500091552734,78.9749984741211,78.8550033569336,78.8550033569336,5399.0
2024-09-16 13:43:00+00:00,EXPI,14.720000267028809,14.720000267028809,14.729999542236328,14.710000038146973,14.710000038146973,1046.0
2024-09-16 13:43:00+00:00,GLPI,51.744998931884766,51.744998931884766,51.75,51.744998931884766,51.75,797.0
2024-09-16 13:43:00+00:00,GOOD,16.125,16.125,16.125,16.125,16.125,118.0
2024-09-16 13:43:00+00:00,HST,17.46500015258789,17.46500015258789,17.475000381469727,17.46500015258789,17.475000381469727,3221.0
2024-09-16 13:43:00+00:00,ILPT,5.144999980926514,5.144999980926514,5.144999980926514,5.144999980926514,5.144999980926514,504.0
2024-09-16 13:43:00+00:00,LAMR,130.52999877929688,130.52999877929688,130.52999877929688,130.44000244140625,130.52999877929688,818.0
2024-09-16 13:43:00+00:00,NMRK,14.991299629211426,14.991299629211426,14.991299629211426,14.991299629211426,14.991299629211426,202.0
2024-09-16 13:43:00+00:00,OPEN,2.309999942779541,2.309999942779541,2.309999942779541,2.299999952316284,2.305000066757202,90168.0
2024-09-16 13:43:00+00:00,OPI,2.2249999046325684,2.2249999046325684,2.2249999046325684,2.2249999046325684,2.2249999046325684,1000.0
2024-09-16 13:43:00+00:00,PECO,38.834999084472656,38.834999084472656,38.834999084472656,38.83000183105469,38.83000183105469,2162.0
2024-09-16 13:43:00+00:00,RDFN,14.119999885559082,14.119999885559082,14.147100448608398,14.093999862670898,14.100000381469727,21169.0
2024-09-16 13:43:00+00:00,ROIC,16.09630012512207,16.09630012512207,16.100000381469727,16.094999313354492,16.094999313354492,1261.0
2024-09-16 13:43:00+00:00,SBAC,247.4499969482422,247.4499969482422,247.4499969482422,247.25999450683594,247.25999450683594,400.0
2024-09-16 13:43:00+00:00,SBRA,18.690000534057617,18.690000534057617,18.690000534057617,18.690000534057617,18.690000534057617,1107.0
2024-09-16 13:43:00+00:00,SEVN,13.859999656677246,13.859999656677246,13.859999656677246,13.859999656677246,13.859999656677246,1387.0
2024-09-16 13:43:00+00:00,SVC,4.489999771118164,4.489999771118164,4.493599891662598,4.489999771118164,4.489999771118164,1995.0
2024-09-16 13:43:00+00:00,UNIT,5.340000152587891,5.340000152587891,5.340000152587891,5.320000171661377,5.320000171661377,13890.0
2024-09-16 13:43:00+00:00,WHLR,7.426300048828125,7.426300048828125,7.440000057220459,7.400000095367432,7.402699947357178,8139.0
2024-09-16 13:44:00+00:00,AFCG,10.494999885559082,10.494999885559082,10.494999885559082,10.494999885559082,10.494999885559082,200.0
2024-09-16 13:44:00+00:00,AGNC,10.507499694824219,10.507499694824219,10.509900093078613,10.5,10.509900093078613,10079.0
2024-09-16 13:44:00+00:00,AGNCP,24.540000915527344,24.540000915527344,24.540000915527344,24.540000915527344,24.540000915527344,254.0
2024-09-16 13:44:00+00:00,CHCI,8.760000228881836,8.760000228881836,8.760000228881836,8.760000228881836,8.760000228881836,408.0
2024-09-16 13:44:00+00:00,CSGP,78.92500305175781,78.92500305175781,78.92500305175781,78.92500305175781,78.92500305175781,107.0
2024-09-16 13:44:00+00:00,EXPI,14.710000038146973,14.710000038146973,14.720000267028809,14.710000038146973,14.720000267028809,1808.0
2024-09-16 13:44:00+00:00,GLPI,51.72999954223633,51.72999954223633,51.75,51.72999954223633,51.75,2583.0
2024-09-16 13:44:00+00:00,GOOD,16.1200008392334,16.1200008392334,16.1200008392334,16.1200008392334,16.1200008392334,130.0
2024-09-16 13:44:00+00:00,HST,17.46500015258789,17.46500015258789,17.46500015258789,17.46500015258789,17.46500015258789,1077.0
2024-09-16 13:44:00+00:00,ILPT,5.135000228881836,5.135000228881836,5.150000095367432,5.135000228881836,5.150000095367432,3105.0
2024-09-16 13:44:00+00:00,LAND,14.578800201416016,14.578800201416016,14.579999923706055,14.578800201416016,14.579999923706055,366.0
2024-09-16 13:44:00+00:00,NMRK,15.005000114440918,15.005000114440918,15.015000343322754,14.994999885559082,15.0,3618.0
2024-09-16 13:44:00+00:00,OPEN,2.2850000858306885,2.2850000858306885,2.3099000453948975,2.2850000858306885,2.3099000453948975,522069.0
2024-09-16 13:44:00+00:00,OPI,2.2249999046325684,2.2249999046325684,2.2249999046325684,2.2200000286102295,2.2200000286102295,0.0
2024-09-16 13:44:00+00:00,PCH,45.46500015258789,45.46500015258789,45.46500015258789,45.46500015258789,45.46500015258789,146.0
2024-09-16 13:44:00+00:00,PECO,38.83000183105469,38.83000183105469,38.845001220703125,38.83000183105469,38.845001220703125,1101.0
2024-09-16 13:44:00+00:00,RDFN,14.039999961853027,14.039999961853027,14.110300064086914,14.039999961853027,14.110300064086914,10430.0
2024-09-16 13:44:00+00:00,REAX,5.835000038146973,5.835000038146973,5.835700035095215,5.835000038146973,5.835700035095215,802.0
2024-09-16 13:44:00+00:00,REG,74.76000213623047,74.76000213623047,74.76000213623047,74.76000213623047,74.76000213623047,240.0
2024-09-16 13:44:00+00:00,SBAC,247.19000244140625,247.19000244140625,247.26499938964844,247.19000244140625,247.22999572753906,2623.0
2024-09-16 13:44:00+00:00,SBRA,18.690000534057617,18.690000534057617,18.690000534057617,18.683799743652344,18.690000534057617,1713.0
2024-09-16 13:44:00+00:00,SVC,4.489999771118164,4.489999771118164,4.494999885559082,4.489999771118164,4.489999771118164,1485.0
2024-09-16 13:44:00+00:00,UNIT,5.340000152587891,5.340000152587891,5.340000152587891,5.335000038146973,5.335000038146973,2540.0
2024-09-16 13:44:00+00:00,WHLR,7.420000076293945,7.420000076293945,7.429999828338623,7.410999774932861,7.410999774932861,2673.0
2024-09-16 13:45:00+00:00,AFCG,10.510000228881836,10.510000228881836,10.510000228881836,10.510000228881836,10.510000228881836,118.0
2024-09-16 13:45:00+00:00,AGNC,10.5,10.5,10.509200096130371,10.5,10.505000114440918,6670.0
2024-09-16 13:45:00+00:00,CSGP,78.9000015258789,78.9000015258789,78.92500305175781,78.9000015258789,78.92500305175781,721.0
2024-09-16 13:45:00+00:00,EQIX,878.5050048828125,878.5050048828125,878.969970703125,878.5050048828125,878.969970703125,1904.0
2024-09-16 13:45:00+00:00,EXPI,14.6899995803833,14.6899995803833,14.6899995803833,14.673299789428711,14.673299789428711,677.0
2024-09-16 13:45:00+00:00,GLPI,51.7400016784668,51.7400016784668,51.7400016784668,51.7400016784668,51.7400016784668,468.0
2024-09-16 13:45:00+00:00,GOOD,16.128299713134766,16.128299713134766,16.128299713134766,16.128299713134766,16.128299713134766,1242.0
2024-09-16 13:45:00+00:00,HST,17.450000762939453,17.450000762939453,17.46500015258789,17.450000762939453,17.46500015258789,3764.0
2024-09-16 13:45:00+00:00,ILPT,5.125,5.125,5.135000228881836,5.125,5.130000114440918,665.0
2024-09-16 13:45:00+00:00,LAMR,130.50970458984375,130.50970458984375,130.50970458984375,130.50970458984375,130.50970458984375,976.0
2024-09-16 13:45:00+00:00,LAND,14.570500373840332,14.570500373840332,14.570500373840332,14.570500373840332,14.570500373840332,841.0
2024-09-16 13:45:00+00:00,NMRK,14.994999885559082,14.994999885559082,15.005000114440918,14.989999771118164,15.0,10093.0
2024-09-16 13:45:00+00:00,OPEN,2.305000066757202,2.305000066757202,2.309999942779541,2.2881999015808105,2.2899999618530273,236333.0
2024-09-16 13:45:00+00:00,OPI,2.2249999046325684,2.2249999046325684,2.2249999046325684,2.2249999046325684,2.2249999046325684,316.0
2024-09-16 13:45:00+00:00,PECO,38.83000183105469,38.83000183105469,38.83000183105469,38.83000183105469,38.83000183105469,260.0
2024-09-16 13:45:00+00:00,RDFN,14.069999694824219,14.069999694824219,14.09000015258789,14.050000190734863,14.050000190734863,7748.0
2024-09-16 13:45:00+00:00,REAX,5.835000038146973,5.835000038146973,5.835000038146973,5.835000038146973,5.835000038146973,162.0
2024-09-16 13:45:00+00:00,REG,74.75499725341797,74.75499725341797,74.76499938964844,74.75499725341797,74.76499938964844,588.0
2024-09-16 13:45:00+00:00,ROIC,16.094999313354492,16.094999313354492,16.094999313354492,16.094999313354492,16.094999313354492,353.0
2024-09-16 13:45:00+00:00,SBRA,18.690000534057617,18.690000534057617,18.690000534057617,18.690000534057617,18.690000534057617,367.0
2024-09-16 13:45:00+00:00,SVC,4.485000133514404,4.485000133514404,4.494999885559082,4.485000133514404,4.489999771118164,2582.0
2024-09-16 13:45:00+00:00,UK,1.399999976158142,1.399999976158142,1.399999976158142,1.399999976158142,1.399999976158142,0.0
2024-09-16 13:45:00+00:00,UNIT,5.338399887084961,5.338399887084961,5.338399887084961,5.335000038146973,5.335000038146973,884.0
2024-09-16 13:45:00+00:00,WHLR,7.394999980926514,7.394999980926514,7.439899921417236,7.349999904632568,7.426000118255615,6496.0
2024-09-16 13:46:00+00:00,AFCG,10.501199722290039,10.501199722290039,10.501199722290039,10.501199722290039,10.501199722290039,2048.0
2024-09-16 13:46:00+00:00,AGNC,10.507499694824219,10.507499694824219,10.510000228881836,10.5,10.505000114440918,24225.0
2024-09-16 13:46:00+00:00,AGNCO,25.200000762939453,25.200000762939453,25.200000762939453,25.200000762939453,25.200000762939453,1053.0
2024-09-16 13:46:00+00:00,BPYPO,14.149999618530273,14.149999618530273,14.149999618530273,14.149999618530273,14.149999618530273,407.0
2024-09-16 13:46:00+00:00,CIGI,147.11500549316406,147.11500549316406,147.11500549316406,147.11500549316406,147.11500549316406,385.0
2024-09-16 13:46:00+00:00,CSGP,78.91000366210938,78.91000366210938,78.91000366210938,78.91000366210938,78.91000366210938,482.0
2024-09-16 13:46:00+00:00,EXPI,14.6899995803833,14.6899995803833,14.697400093078613,14.649999618530273,14.6899995803833,9842.0
2024-09-16 13:46:00+00:00,GLPI,51.724998474121094,51.724998474121094,51.7400016784668,51.724998474121094,51.7400016784668,1074.0
2024-09-16 13:46:00+00:00,HST,17.434999465942383,17.434999465942383,17.440000534057617,17.434999465942383,17.440000534057617,1457.0
2024-09-16 13:46:00+00:00,LSEA,12.694999694824219,12.694999694824219,12.694999694824219,12.694999694824219,12.694999694824219,187.0
2024-09-16 13:46:00+00:00,NYMT,6.679999828338623,6.679999828338623,6.679999828338623,6.679999828338623,6.679999828338623,2189.0
2024-09-16 13:46:00+00:00,OPEN,2.305000066757202,2.305000066757202,2.309999942779541,2.300100088119507,2.309999942779541,35193.0
2024-09-16 13:46:00+00:00,OPI,2.2249999046325684,2.2249999046325684,2.2249999046325684,2.2249999046325684,2.2249999046325684,1423.0
2024-09-16 13:46:00+00:00,PCH,45.439998626708984,45.439998626708984,45.439998626708984,45.439998626708984,45.439998626708984,765.0
2024-09-16 13:46:00+00:00,PECO,38.81999969482422,38.81999969482422,38.83000183105469,38.81999969482422,38.83000183105469,1473.0
2024-09-16 13:46:00+00:00,RDFN,14.032999992370605,14.032999992370605,14.071000099182129,14.029999732971191,14.070099830627441,5622.0
2024-09-16 13:46:00+00:00,REAX,5.829999923706055,5.829999923706055,5.829999923706055,5.829999923706055,5.829999923706055,1031.0
2024-09-16 13:46:00+00:00,REG,74.76000213623047,74.76000213623047,74.76000213623047,74.75,74.75,3168.0
2024-09-16 13:46:00+00:00,ROIC,16.108299255371094,16.108299255371094,16.108299255371094,16.09000015258789,16.09000015258789,4831.0
2024-09-16 13:46:00+00:00,SBAC,247.08999633789062,247.08999633789062,247.08999633789062,247.08999633789062,247.08999633789062,1083.0
2024-09-16 13:46:00+00:00,SBRA,18.690000534057617,18.690000534057617,18.690000534057617,18.690000534057617,18.690000534057617,2293.0
2024-09-16 13:46:00+00:00,UNIT,5.335000038146973,5.335000038146973,5.340000152587891,5.335000038146973,5.340000152587891,808.0
2024-09-16 13:46:00+00:00,WHLR,7.390100002288818,7.390100002288818,7.429999828338623,7.382699966430664,7.389999866485596,5117.0
2024-09-16 13:47:00+00:00,AGNC,10.5,10.5,10.507499694824219,10.5,10.506199836730957,11039.0
2024-09-16 13:47:00+00:00,BPYPN,12.850000381469727,12.850000381469727,12.850000381469727,12.850000381469727,12.850000381469727,0.0
2024-09-16 13:47:00+00:00,BPYPO,14.149999618530273,14.149999618530273,14.149999618530273,14.149999618530273,14.149999618530273,515.0
2024-09-16 13:47:00+00:00,CSGP,78.91000366210938,78.91000366210938,78.91000366210938,78.91000366210938,78.91000366210938,646.0
2024-09-16 13:47:00+00:00,EXPI,14.680000305175781,14.680000305175781,14.680000305175781,14.680000305175781,14.680000305175781,1697.0
2024-09-16 13:47:00+00:00,GLPI,51.75,51.75,51.75,51.72999954223633,51.72999954223633,3392.0
2024-09-16 13:47:00+00:00,HST,17.454999923706055,17.454999923706055,17.46500015258789,17.434999465942383,17.434999465942383,19362.0
2024-09-16 13:47:00+00:00,ILPT,5.125,5.125,5.125,5.125,5.125,210.0
2024-09-16 13:47:00+00:00,NYMT,6.679999828338623,6.679999828338623,6.679999828338623,6.679999828338623,6.679999828338623,282.0
2024-09-16 13:47:00+00:00,OPEN,2.3029000759124756,2.3029000759124756,2.3099000453948975,2.299999952316284,2.3029000759124756,37626.0
2024-09-16 13:47:00+00:00,OPI,2.2249999046325684,2.2249999046325684,2.2249999046325684,2.2200000286102295,2.2249999046325684,2452.0
2024-09-16 13:47:00+00:00,PCH,45.439998626708984,45.439998626708984,45.439998626708984,45.439998626708984,45.439998626708984,820.0
2024-09-16 13:47:00+00:00,PECO,38.79499816894531,38.79499816894531,38.810001373291016,38.79499816894531,38.810001373291016,721.0
2024-09-16 13:47:00+00:00,RDFN,14.029999732971191,14.029999732971191,14.030099868774414,14.010000228881836,14.029999732971191,8756.0
2024-09-16 13:47:00+00:00,RMR,25.200000762939453,25.200000762939453,25.200000762939453,25.200000762939453,25.200000762939453,736.0
2024-09-16 13:47:00+00:00,ROIC,16.1200008392334,16.1200008392334,16.1200008392334,16.104999542236328,16.110000610351562,3441.0
2024-09-16 13:47:00+00:00,SBAC,247.01499938964844,247.01499938964844,247.02000427246094,247.01499938964844,247.02000427246094,467.0
2024-09-16 13:47:00+00:00,SBRA,18.690000534057617,18.690000534057617,18.690000534057617,18.690000534057617,18.690000534057617,749.0
2024-09-16 13:47:00+00:00,SVC,4.480000019073486,4.480000019073486,4.480000019073486,4.480000019073486,4.480000019073486,164.0
2024-09-16 13:47:00+00:00,UNIT,5.340000152587891,5.340000152587891,5.340000152587891,5.335000038146973,5.335000038146973,736.0
2024-09-16 13:47:00+00:00,WHLR,7.380000114440918,7.380000114440918,7.419899940490723,7.349999904632568,7.403800010681152,9020.0
2024-09-16 13:48:00+00:00,AGNC,10.494999885559082,10.494999885559082,10.505000114440918,10.489999771118164,10.505000114440918,63758.0
2024-09-16 13:48:00+00:00,AGNCM,25.360000610351562,25.360000610351562,25.360000610351562,25.360000610351562,25.360000610351562,0.0
2024-09-16 13:48:00+00:00,CSGP,78.9000015258789,78.9000015258789,78.9000015258789,78.9000015258789,78.9000015258789,438.0
2024-09-16 13:48:00+00:00,DHC,3.565000057220459,3.565000057220459,3.565000057220459,3.565000057220459,3.565000057220459,302.0
2024-09-16 13:48:00+00:00,EXPI,14.661600112915039,14.661600112915039,14.670000076293945,14.661600112915039,14.670000076293945,1334.0
2024-09-16 13:48:00+00:00,GLPI,51.755001068115234,51.755001068115234,51.755001068115234,51.75,51.75,2423.0
2024-09-16 13:48:00+00:00,GOOD,16.119300842285156,16.119300842285156,16.119300842285156,16.119300842285156,16.119300842285156,404.0
2024-09-16 13:48:00+00:00,HST,17.475000381469727,17.475000381469727,17.479999542236328,17.454999923706055,17.454999923706055,8356.0
2024-09-16 13:48:00+00:00,OPEN,2.305000066757202,2.305000066757202,2.309999942779541,2.299999952316284,2.305000066757202,48592.0
2024-09-16 13:48:00+00:00,RDFN,14.001299858093262,14.001299858093262,14.020999908447266,14.0,14.020000457763672,8096.0
2024-09-16 13:48:00+00:00,REAX,5.829999923706055,5.829999923706055,5.829999923706055,5.824999809265137,5.824999809265137,627.0
2024-09-16 13:48:00+00:00,REG,74.80500030517578,74.80500030517578,74.80999755859375,74.80500030517578,74.80500030517578,327.0
2024-09-16 13:48:00+00:00,SBRA,18.690000534057617,18.690000534057617,18.690000534057617,18.690000534057617,18.690000534057617,455.0
2024-09-16 13:48:00+00:00,SELF,5.400000095367432,5.400000095367432,5.409999847412109,5.400000095367432,5.409999847412109,7218.0
2024-09-16 13:48:00+00:00,SVC,4.480000019073486,4.480000019073486,4.485000133514404,4.480000019073486,4.485000133514404,1075.0
2024-09-16 13:48:00+00:00,UNIT,5.335000038146973,5.335000038146973,5.340000152587891,5.335000038146973,5.339200019836426,3115.0
2024-09-16 13:48:00+00:00,WHLR,7.394999980926514,7.394999980926514,7.409999847412109,7.380000114440918,7.380000114440918,3029.0
2024-09-16 13:49:00+00:00,AFCG,10.494999885559082,10.494999885559082,10.494999885559082,10.494999885559082,10.494999885559082,202.0
2024-09-16 13:49:00+00:00,AGNC,10.494999885559082,10.494999885559082,10.5,10.489999771118164,10.494999885559082,83478.0
2024-09-16 13:49:00+00:00,AGNCO,25.21769905090332,25.21769905090332,25.21769905090332,25.21769905090332,25.21769905090332,1651.0
2024-09-16 13:49:00+00:00,CSGP,78.91000366210938,78.91000366210938,78.91000366210938,78.91000366210938,78.91000366210938,755.0
2024-09-16 13:49:00+00:00,DHC,3.565000057220459,3.565000057220459,3.565000057220459,3.565000057220459,3.565000057220459,1462.0
2024-09-16 13:49:00+00:00,GLPI,51.755001068115234,51.755001068115234,51.755001068115234,51.755001068115234,51.755001068115234,462.0
2024-09-16 13:49:00+00:00,GOOD,16.1200008392334,16.1200008392334,16.1200008392334,16.1200008392334,16.1200008392334,487.0
2024-09-16 13:49:00+00:00,HST,17.469999313354492,17.469999313354492,17.479999542236328,17.46500015258789,17.479999542236328,12656.0
2024-09-16 13:49:00+00:00,ILPT,5.125,5.125,5.125,5.125,5.125,409.0
2024-09-16 13:49:00+00:00,OPEN,2.305000066757202,2.305000066757202,2.305999994277954,2.303499937057495,2.303499937057495,19906.0
2024-09-16 13:49:00+00:00,PECO,38.814998626708984,38.814998626708984,38.814998626708984,38.814998626708984,38.814998626708984,377.0
2024-09-16 13:49:00+00:00,RDFN,14.069999694824219,14.069999694824219,14.079999923706055,14.010000228881836,14.010000228881836,29513.0
2024-09-16 13:49:00+00:00,REAX,5.829999923706055,5.829999923706055,5.829999923706055,5.829999923706055,5.829999923706055,530.0
2024-09-16 13:49:00+00:00,REG,74.80000305175781,74.80000305175781,74.80999755859375,74.80000305175781,74.80999755859375,2880.0
2024-09-16 13:49:00+00:00,SBAC,246.99000549316406,246.99000549316406,247.0500030517578,246.99000549316406,247.0500030517578,858.0
2024-09-16 13:49:00+00:00,SBRA,18.69499969482422,18.69499969482422,18.699899673461914,18.690000534057617,18.690000534057617,15427.0
2024-09-16 13:49:00+00:00,SELF,5.409999847412109,5.409999847412109,5.409999847412109,5.409999847412109,5.409999847412109,0.0
2024-09-16 13:49:00+00:00,SVC,4.485000133514404,4.485000133514404,4.489999771118164,4.485000133514404,4.489999771118164,5058.0
2024-09-16 13:49:00+00:00,UNIT,5.340000152587891,5.340000152587891,5.340000152587891,5.335000038146973,5.335000038146973,1370.0
2024-09-16 13:49:00+00:00,WHLR,7.409900188446045,7.409900188446045,7.420000076293945,7.372700214385986,7.409999847412109,3737.0
2024-09-16 13:50:00+00:00,AFCG,10.494999885559082,10.494999885559082,10.494999885559082,10.494999885559082,10.494999885559082,1.0
2024-09-16 13:50:00+00:00,AGNC,10.5,10.5,10.5,10.494500160217285,10.5,15912.0
2024-09-16 13:50:00+00:00,AGNCO,25.218399047851562,25.218399047851562,25.218399047851562,25.218399047851562,25.218399047851562,124.0
2024-09-16 13:50:00+00:00,BPYPN,12.850000381469727,12.850000381469727,12.850000381469727,12.850000381469727,12.850000381469727,100.0
2024-09-16 13:50:00+00:00,CSGP,78.91000366210938,78.91000366210938,78.91079711914062,78.91000366210938,78.91079711914062,800.0
2024-09-16 13:50:00+00:00,GLPI,51.755001068115234,51.755001068115234,51.7599983215332,51.755001068115234,51.755001068115234,1531.0
2024-09-16 13:50:00+00:00,HST,17.459999084472656,17.459999084472656,17.475000381469727,17.459999084472656,17.475000381469727,2380.0
2024-09-16 13:50:00+00:00,LAMR,130.4199981689453,130.4199981689453,130.4199981689453,130.30149841308594,130.39999389648438,4199.0
2024-09-16 13:50:00+00:00,LSEA,12.680000305175781,12.680000305175781,12.680000305175781,12.680000305175781,12.680000305175781,628.0
2024-09-16 13:50:00+00:00,NMRK,14.994999885559082,14.994999885559082,15.0,14.994999885559082,14.994999885559082,859.0
2024-09-16 13:50:00+00:00,NYMT,6.678999900817871,6.678999900817871,6.679999828338623,6.678999900817871,6.679100036621094,1065.0
2024-09-16 13:50:00+00:00,NYMTZ,20.94260025024414,20.94260025024414,20.94260025024414,20.94260025024414,20.94260025024414,0.0
2024-09-16 13:50:00+00:00,OPEN,2.305000066757202,2.305000066757202,2.309999942779541,2.303999900817871,2.309999942779541,10158.0
2024-09-16 13:50:00+00:00,OPI,2.2249999046325684,2.2249999046325684,2.2249999046325684,2.2249999046325684,2.2249999046325684,117.0
2024-09-16 13:50:00+00:00,PCH,45.44499969482422,45.44499969482422,45.44499969482422,45.44499969482422,45.44499969482422,372.0
2024-09-16 13:50:00+00:00,PECO,38.81999969482422,38.81999969482422,38.81999969482422,38.81999969482422,38.81999969482422,224.0
2024-09-16 13:50:00+00:00,RDFN,14.104999542236328,14.104999542236328,14.109999656677246,14.029999732971191,14.0649995803833,55533.0
2024-09-16 13:50:00+00:00,REG,74.80999755859375,74.80999755859375,74.81999969482422,74.80500030517578,74.80500030517578,924.0
2024-09-16 13:50:00+00:00,SBRA,18.684999465942383,18.684999465942383,18.69499969482422,18.684999465942383,18.690000534057617,3868.0
2024-09-16 13:50:00+00:00,SVC,4.489999771118164,4.489999771118164,4.489999771118164,4.485000133514404,4.485000133514404,814.0
2024-09-16 13:50:00+00:00,UNIT,5.335000038146973,5.335000038146973,5.335000038146973,5.335000038146973,5.335000038146973,3265.0
2024-09-16 13:50:00+00:00,WHLR,7.315000057220459,7.315000057220459,7.355000019073486,7.289999961853027,7.340000152587891,18749.0
2024-09-16 13:51:00+00:00,AFCG,10.479999542236328,10.479999542236328,10.489999771118164,10.479999542236328,10.489999771118164,3326.0
2024-09-16 13:51:00+00:00,AGNC,10.492899894714355,10.492899894714355,10.5,10.492899894714355,10.494999885559082,13743.0
2024-09-16 13:51:00+00:00,AGNCO,25.219999313354492,25.219999313354492,25.219999313354492,25.218399047851562,25.218399047851562,1078.0
2024-09-16 13:51:00+00:00,CSGP,78.88999938964844,78.88999938964844,78.91999816894531,78.88999938964844,78.91999816894531,1191.0
2024-09-16 13:51:00+00:00,EQIX,878.5399780273438,878.5399780273438,878.5399780273438,878.5399780273438,878.5399780273438,1761.0
2024-09-16 13:51:00+00:00,EXPI,14.649999618530273,14.649999618530273,14.670000076293945,14.649999618530273,14.670000076293945,1750.0
2024-09-16 13:51:00+00:00,GLPI,51.7599983215332,51.7599983215332,51.7599983215332,51.755001068115234,51.755001068115234,1513.0
2024-09-16 13:51:00+00:00,HST,17.448999404907227,17.448999404907227,17.46500015258789,17.44499969482422,17.459999084472656,10043.0
2024-09-16 13:51:00+00:00,ILPT,5.125,5.125,5.125,5.125,5.125,606.0
2024-09-16 13:51:00+00:00,LAMR,130.43499755859375,130.43499755859375,130.43499755859375,130.43499755859375,130.43499755859375,1562.0
2024-09-16 13:51:00+00:00,OPEN,2.305000066757202,2.305000066757202,2.309999942779541,2.299999952316284,2.305000066757202,114645.0
2024-09-16 13:51:00+00:00,OPI,2.2249999046325684,2.2249999046325684,2.2249999046325684,2.2249999046325684,2.2249999046325684,517.0
2024-09-16 13:51:00+00:00,PCH,45.41999816894531,45.41999816894531,45.41999816894531,45.41999816894531,45.41999816894531,674.0
2024-09-16 13:51:00+00:00,PECO,38.82500076293945,38.82500076293945,38.82500076293945,38.82500076293945,38.82500076293945,323.0
2024-09-16 13:51:00+00:00,RDFN,14.029999732971191,14.029999732971191,14.104999542236328,14.029999732971191,14.100000381469727,24376.0
2024-09-16 13:51:00+00:00,REG,74.80000305175781,74.80000305175781,74.80000305175781,74.80000305175781,74.80000305175781,566.0
2024-09-16 13:51:00+00:00,ROIC,16.125,16.125,16.1299991607666,16.125,16.125,802.0
2024-09-16 13:51:00+00:00,SBAC,247.02999877929688,247.02999877929688,247.02999877929688,247.02999877929688,247.02999877929688,371.0
2024-09-16 13:51:00+00:00,SBRA,18.684999465942383,18.684999465942383,18.684999465942383,18.674999237060547,18.684999465942383,3830.0
2024-09-16 13:51:00+00:00,SELF,5.439899921417236,5.439899921417236,5.439899921417236,5.439899921417236,5.439899921417236,481.0
2024-09-16 13:51:00+00:00,SOHO,1.2299000024795532,1.2299000024795532,1.2299000024795532,1.2299000024795532,1.2299000024795532,1578.0
2024-09-16 13:51:00+00:00,SVC,4.480000019073486,4.480000019073486,4.485000133514404,4.480000019073486,4.485000133514404,324.0
2024-09-16 13:51:00+00:00,UNIT,5.335000038146973,5.335000038146973,5.335000038146973,5.329999923706055,5.329999923706055,2523.0
2024-09-16 13:51:00+00:00,WHLR,7.320000171661377,7.320000171661377,7.340000152587891,7.269999980926514,7.290999889373779,5619.0
2024-09-16 13:52:00+00:00,AGNC,10.499899864196777,10.499899864196777,10.5,10.489999771118164,10.494999885559082,18942.0
2024-09-16 13:52:00+00:00,AGNCO,25.219999313354492,25.219999313354492,25.219999313354492,25.200000762939453,25.200000762939453,1575.0
2024-09-16 13:52:00+00:00,BPYPN,12.880000114440918,12.880000114440918,12.880000114440918,12.880000114440918,12.880000114440918,0.0
2024-09-16 13:52:00+00:00,CSGP,78.87999725341797,78.87999725341797,78.91999816894531,78.87999725341797,78.91000366210938,805.0
2024-09-16 13:52:00+00:00,EXPI,14.63010025024414,14.63010025024414,14.640000343322754,14.63010025024414,14.640000343322754,1853.0
2024-09-16 13:52:00+00:00,GLPI,51.7599983215332,51.7599983215332,51.7599983215332,51.7599983215332,51.7599983215332,950.0
2024-09-16 13:52:00+00:00,GOOD,16.110000610351562,16.110000610351562,16.110000610351562,16.110000610351562,16.110000610351562,109.0
2024-09-16 13:52:00+00:00,HST,17.46500015258789,17.46500015258789,17.46500015258789,17.440000534057617,17.440000534057617,13976.0
2024-09-16 13:52:00+00:00,ILPT,5.125,5.125,5.125,5.125,5.125,118.0
2024-09-16 13:52:00+00:00,LAMR,130.40499877929688,130.40499877929688,130.40499877929688,130.40499877929688,130.40499877929688,1727.0
2024-09-16 13:52:00+00:00,NMRK,14.9975004196167,14.9975004196167,14.9975004196167,14.9975004196167,14.9975004196167,2808.0
2024-09-16 13:52:00+00:00,NYMT,6.67110013961792,6.67110013961792,6.67110013961792,6.67110013961792,6.67110013961792,198.0
2024-09-16 13:52:00+00:00,OPEN,2.305000066757202,2.305000066757202,2.309999942779541,2.303800106048584,2.303800106048584,24153.0
2024-09-16 13:52:00+00:00,PCH,45.400001525878906,45.400001525878906,45.400001525878906,45.400001525878906,45.400001525878906,501.0
2024-09-16 13:52:00+00:00,PECO,38.83000183105469,38.83000183105469,38.83000183105469,38.81999969482422,38.81999969482422,423.0
2024-09-16 13:52:00+00:00,RDFN,14.053299903869629,14.053299903869629,14.079999923706055,14.012100219726562,14.020000457763672,15876.0
2024-09-16 13:52:00+00:00,REAX,5.835000038146973,5.835000038146973,5.835000038146973,5.835000038146973,5.835000038146973,307.0
2024-09-16 13:52:00+00:00,REG,74.83000183105469,74.83000183105469,74.83000183105469,74.83000183105469,74.83000183105469,2339.0
2024-09-16 13:52:00+00:00,ROIC,16.1299991607666,16.1299991607666,16.1299991607666,16.1299991607666,16.1299991607666,112.0
2024-09-16 13:52:00+00:00,SBRA,18.684999465942383,18.684999465942383,18.684999465942383,18.68000030517578,18.684999465942383,2727.0
2024-09-16 13:52:00+00:00,SVC,4.480000019073486,4.480000019073486,4.485000133514404,4.480000019073486,4.485000133514404,669.0
2024-09-16 13:52:00+00:00,UNIT,5.335000038146973,5.335000038146973,5.340000152587891,5.329999923706055,5.335000038146973,3534.0
2024-09-16 13:52:00+00:00,WHLR,7.349999904632568,7.349999904632568,7.39900016784668,7.335700035095215,7.340000152587891,4924.0
2024-09-16 13:53:00+00:00,AFCG,10.5,10.5,10.5,10.5,10.5,0.0
2024-09-16 13:53:00+00:00,AGNC,10.494999885559082,10.494999885559082,10.498800277709961,10.494999885559082,10.494999885559082,8302.0
2024-09-16 13:53:00+00:00,AGNCO,25.200000762939453,25.200000762939453,25.200000762939453,25.200000762939453,25.200000762939453,831.0
2024-09-16 13:53:00+00:00,CMCT,1.9199999570846558,1.9199999570846558,1.9199999570846558,1.9199999570846558,1.9199999570846558,201.0
2024-09-16 13:53:00+00:00,CSGP,78.8499984741211,78.8499984741211,78.8499984741211,78.8499984741211,78.8499984741211,2395.0
2024-09-16 13:53:00+00:00,EXPI,14.630000114440918,14.630000114440918,14.630000114440918,14.630000114440918,14.630000114440918,748.0
2024-09-16 13:53:00+00:00,GLPI,51.779998779296875,51.779998779296875,51.779998779296875,51.7599983215332,51.7599983215332,1303.0
2024-09-16 13:53:00+00:00,GOOD,16.1200008392334,16.1200008392334,16.1200008392334,16.1200008392334,16.1200008392334,1071.0
2024-09-16 13:53:00+00:00,HST,17.479999542236328,17.479999542236328,17.479999542236328,17.469999313354492,17.469999313354492,2495.0
2024-09-16 13:53:00+00:00,NYMTN,22.420000076293945,22.420000076293945,22.420000076293945,22.420000076293945,22.420000076293945,335.0
2024-09-16 13:53:00+00:00,OPEN,2.305000066757202,2.305000066757202,2.309999942779541,2.299999952316284,2.309999942779541,14092.0
2024-09-16 13:53:00+00:00,PECO,38.83000183105469,38.83000183105469,38.83000183105469,38.83000183105469,38.83000183105469,449.0
2024-09-16 13:53:00+00:00,RDFN,14.026599884033203,14.026599884033203,14.039999961853027,14.020000457763672,14.039999961853027,4780.0
2024-09-16 13:53:00+00:00,REAX,5.835000038146973,5.835000038146973,5.835000038146973,5.835000038146973,5.835000038146973,2064.0
2024-09-16 13:53:00+00:00,ROIC,16.125,16.125,16.125,16.125,16.125,1363.0
2024-09-16 13:53:00+00:00,SBRA,18.674999237060547,18.674999237060547,18.684999465942383,18.674999237060547,18.684999465942383,4252.0
2024-09-16 13:53:00+00:00,UNIT,5.340000152587891,5.340000152587891,5.340000152587891,5.335000038146973,5.335000038146973,1730.0
2024-09-16 13:53:00+00:00,WHLR,7.440000057220459,7.440000057220459,7.46120023727417,7.360000133514404,7.360000133514404,8206.0
2024-09-16 13:54:00+00:00,AGNC,10.489999771118164,10.489999771118164,10.498499870300293,10.489999771118164,10.489999771118164,19676.0
2024-09-16 13:54:00+00:00,AGNCP,24.59000015258789,24.59000015258789,24.59000015258789,24.579999923706055,24.579999923706055,3506.0
2024-09-16 13:54:00+00:00,CHCI,8.760000228881836,8.760000228881836,8.760000228881836,8.760000228881836,8.760000228881836,120.0
2024-09-16 13:54:00+00:00,EQIX,880.7249755859375,880.7249755859375,880.7249755859375,880.7249755859375,880.7249755859375,2313.0
2024-09-16 13:54:00+00:00,GLPI,51.77479934692383,51.77479934692383,51.77479934692383,51.77479934692383,51.77479934692383,3381.0
2024-09-16 13:54:00+00:00,HST,17.5,17.5,17.5,17.479999542236328,17.479999542236328,13103.0
2024-09-16 13:54:00+00:00,ILPT,5.130000114440918,5.130000114440918,5.130000114440918,5.130000114440918,5.130000114440918,343.0
2024-09-16 13:54:00+00:00,OPEN,2.3076999187469482,2.3076999187469482,2.3076999187469482,2.3043999671936035,2.3043999671936035,40326.0
2024-09-16 13:54:00+00:00,PCH,45.38010025024414,45.38010025024414,45.38010025024414,45.38010025024414,45.38010025024414,1476.0
2024-09-16 13:54:00+00:00,RDFN,14.003100395202637,14.003100395202637,14.003100395202637,14.003100395202637,14.003100395202637,14699.0
2024-09-16 13:54:00+00:00,ROIC,16.135000228881836,16.135000228881836,16.135000228881836,16.135000228881836,16.135000228881836,283.0
2024-09-16 13:54:00+00:00,SBAC,247.03500366210938,247.03500366210938,247.06500244140625,247.03500366210938,247.06500244140625,2909.0
2024-09-16 13:54:00+00:00,SBRA,18.674999237060547,18.674999237060547,18.674999237060547,18.674999237060547,18.674999237060547,459.0
2024-09-16 13:54:00+00:00,SVC,4.480000019073486,4.480000019073486,4.480000019073486,4.480000019073486,4.480000019073486,766.0
2024-09-16 13:54:00+00:00,UNIT,5.335000038146973,5.335000038146973,5.335000038146973,5.335000038146973,5.335000038146973,2600.0
2024-09-16 13:54:00+00:00,WHLR,7.477399826049805,7.477399826049805,7.489999771118164,7.477399826049805,7.489999771118164,8275.0
2024-09-16 13:55:00+00:00,AFCG,10.494999885559082,10.494999885559082,10.494999885559082,10.494999885559082,10.494999885559082,138661.0
2024-09-16 13:55:00+00:00,AGNC,10.494999885559082,10.494999885559082,10.495400428771973,10.489999771118164,10.494999885559082,3126.0
2024-09-16 13:55:00+00:00,CSGP,78.80000305175781,78.80000305175781,78.83000183105469,78.80000305175781,78.83000183105469,8420.0
2024-09-16 13:55:00+00:00,EXPI,14.604999542236328,14.604999542236328,14.604999542236328,14.604999542236328,14.604999542236328,271.0
2024-09-16 13:55:00+00:00,GLPI,51.779998779296875,51.779998779296875,51.779998779296875,51.77000045776367,51.77000045776367,1787.0
2024-09-16 13:55:00+00:00,HST,17.5049991607666,17.5049991607666,17.510000228881836,17.4950008392334,17.4950008392334,32493.0
2024-09-16 13:55:00+00:00,ILPT,5.125,5.125,5.125,5.125,5.125,677.0
2024-09-16 13:55:00+00:00,NMRK,14.994999885559082,14.994999885559082,14.994999885559082,14.989999771118164,14.989999771118164,3121.0
2024-09-16 13:55:00+00:00,NYMT,6.679999828338623,6.679999828338623,6.679999828338623,6.679999828338623,6.679999828338623,183.0
2024-09-16 13:55:00+00:00,NYMTM,24.389999389648438,24.389999389648438,24.389999389648438,24.360000610351562,24.360000610351562,1084.0
2024-09-16 13:55:00+00:00,OPEN,2.305000066757202,2.305000066757202,2.309999942779541,2.299999952316284,2.305000066757202,10993.0
2024-09-16 13:55:00+00:00,OPI,2.2249999046325684,2.2249999046325684,2.2249999046325684,2.2249999046325684,2.2249999046325684,313.0
2024-09-16 13:55:00+00:00,PECO,38.83000183105469,38.83000183105469,38.84000015258789,38.83000183105469,38.83000183105469,794.0
2024-09-16 13:55:00+00:00,RDFN,14.018099784851074,14.018099784851074,14.020000457763672,13.994000434875488,14.005000114440918,4657.0
2024-09-16 13:55:00+00:00,REG,74.8499984741211,74.8499984741211,74.86000061035156,74.84500122070312,74.86000061035156,640.0
2024-09-16 13:55:00+00:00,ROIC,16.139999389648438,16.139999389648438,16.139999389648438,16.1299991607666,16.139999389648438,2499.0
2024-09-16 13:55:00+00:00,SBRA,18.684999465942383,18.684999465942383,18.690000534057617,18.68000030517578,18.68000030517578,4135.0
2024-09-16 13:55:00+00:00,SVC,4.5,4.5,4.5,4.489999771118164,4.489999771118164,5209.0
2024-09-16 13:55:00+00:00,UNIT,5.335000038146973,5.335000038146973,5.349999904632568,5.335000038146973,5.340000152587891,20653.0
2024-09-16 13:55:00+00:00,WHLR,7.389999866485596,7.389999866485596,7.440000057220459,7.389999866485596,7.404900074005127,6498.0
2024-09-16 13:56:00+00:00,AGNC,10.494999885559082,10.494999885559082,10.5,10.489999771118164,10.489999771118164,13780.0
2024-09-16 13:56:00+00:00,CIGI,147.02000427246094,147.02000427246094,147.02000427246094,147.02000427246094,147.02000427246094,477.0
2024-09-16 13:56:00+00:00,CSGP,78.86000061035156,78.86000061035156,78.87999725341797,78.83499908447266,78.83499908447266,2173.0
2024-09-16 13:56:00+00:00,DHC,3.575000047683716,3.575000047683716,3.575000047683716,3.569999933242798,3.569999933242798,7783.0
2024-09-16 13:56:00+00:00,EXPI,14.609999656677246,14.609999656677246,14.609999656677246,14.609999656677246,14.609999656677246,249.0
2024-09-16 13:56:00+00:00,FSV,180.8300018310547,180.8300018310547,180.8300018310547,180.8300018310547,180.8300018310547,120.0
2024-09-16 13:56:00+00:00,GLPI,51.79750061035156,51.79750061035156,51.79999923706055,51.779998779296875,51.779998779296875,1547.0
2024-09-16 13:56:00+00:00,HST,17.514999389648438,17.514999389648438,17.520000457763672,17.5049991607666,17.5049991607666,17861.0
2024-09-16 13:56:00+00:00,NMRK,15.0,15.0,15.0,14.994999885559082,15.0,2388.0
2024-09-16 13:56:00+00:00,NYMT,6.679999828338623,6.679999828338623,6.679999828338623,6.679999828338623,6.679999828338623,407.0
2024-09-16 13:56:00+00:00,OPEN,2.309999942779541,2.309999942779541,2.309999942779541,2.305000066757202,2.309999942779541,3027.0
2024-09-16 13:56:00+00:00,PCH,45.369998931884766,45.369998931884766,45.400001525878906,45.369998931884766,45.380001068115234,1081.0
2024-09-16 13:56:00+00:00,PECO,38.845001220703125,38.845001220703125,38.845001220703125,38.83000183105469,38.84000015258789,1431.0
2024-09-16 13:56:00+00:00,RDFN,14.050000190734863,14.050000190734863,14.0600004196167,14.015000343322754,14.018400192260742,9770.0
2024-09-16 13:56:00+00:00,REAX,5.835000038146973,5.835000038146973,5.835000038146973,5.835000038146973,5.835000038146973,143.0
2024-09-16 13:56:00+00:00,REG,74.8949966430664,74.8949966430664,74.8949966430664,74.86000061035156,74.86000061035156,2058.0
2024-09-16 13:56:00+00:00,ROIC,16.158300399780273,16.158300399780273,16.158300399780273,16.149999618530273,16.149999618530273,1699.0
2024-09-16 13:56:00+00:00,SBAC,247.11000061035156,247.11000061035156,247.11000061035156,247.11000061035156,247.11000061035156,1090.0
2024-09-16 13:56:00+00:00,SBRA,18.69499969482422,18.69499969482422,18.69499969482422,18.684999465942383,18.684999465942383,3016.0
2024-09-16 13:56:00+00:00,SELF,5.47790002822876,5.47790002822876,5.47790002822876,5.449999809265137,5.449999809265137,1152.0
2024-09-16 13:56:00+00:00,SVC,4.5,4.5,4.5,4.5,4.5,1030.0
2024-09-16 13:56:00+00:00,UNIT,5.340000152587891,5.340000152587891,5.340000152587891,5.340000152587891,5.340000152587891,3430.0
2024-09-16 13:56:00+00:00,WHLR,7.489999771118164,7.489999771118164,7.489999771118164,7.420100212097168,7.420100212097168,5032.0
2024-09-16 13:57:00+00:00,AGNC,10.499899864196777,10.499899864196777,10.5,10.489999771118164,10.494999885559082,7786.0
2024-09-16 13:57:00+00:00,AGNCL,24.18000030517578,24.18000030517578,24.190000534057617,24.18000030517578,24.18000030517578,2148.0
2024-09-16 13:57:00+00:00,CSGP,78.95999908447266,78.95999908447266,78.96800231933594,78.91000366210938,78.91999816894531,2777.0
2024-09-16 13:57:00+00:00,EXPI,14.640000343322754,14.640000343322754,14.640000343322754,14.609999656677246,14.609999656677246,2278.0
2024-09-16 13:57:00+00:00,FSV,180.72999572753906,180.72999572753906,180.72999572753906,180.72999572753906,180.72999572753906,1320.0
2024-09-16 13:57:00+00:00,GLPI,51.79999923706055,51.79999923706055,51.79999923706055,51.79999923706055,51.79999923706055,463.0
2024-09-16 13:57:00+00:00,HST,17.514999389648438,17.514999389648438,17.514999389648438,17.510000228881836,17.514999389648438,2119.0
2024-09-16 13:57:00+00:00,LAMR,130.4250030517578,130.4250030517578,130.4250030517578,130.4250030517578,130.4250030517578,384.0
2024-09-16 13:57:00+00:00,NMRK,14.994999885559082,14.994999885559082,14.994999885559082,14.994999885559082,14.994999885559082,877.0
2024-09-16 13:57:00+00:00,NYMT,6.684999942779541,6.684999942779541,6.684999942779541,6.679999828338623,6.679999828338623,2862.0
2024-09-16 13:57:00+00:00,NYMTM,24.375,24.375,24.375,24.375,24.375,919.0
2024-09-16 13:57:00+00:00,OPEN,2.319999933242798,2.319999933242798,2.319999933242798,2.304500102996826,2.304500102996826,141377.0
2024-09-16 13:57:00+00:00,OPI,2.2200000286102295,2.2200000286102295,2.2200000286102295,2.2200000286102295,2.2200000286102295,428.0
2024-09-16 13:57:00+00:00,PCH,45.34000015258789,45.34000015258789,45.349998474121094,45.31999969482422,45.33000183105469,2691.0
2024-09-16 13:57:00+00:00,PECO,38.850399017333984,38.850399017333984,38.869998931884766,38.850399017333984,38.86000061035156,2737.0
2024-09-16 13:57:00+00:00,RDFN,14.105199813842773,14.105199813842773,14.119999885559082,14.0600004196167,14.0600004196167,22329.0
2024-09-16 13:57:00+00:00,REAX,5.835000038146973,5.835000038146973,5.835000038146973,5.835000038146973,5.835000038146973,266.0
2024-09-16 13:57:00+00:00,RMR,25.155000686645508,25.155000686645508,25.155000686645508,25.155000686645508,25.155000686645508,413.0
2024-09-16 13:57:00+00:00,ROIC,16.155000686645508,16.155000686645508,16.155000686645508,16.155000686645508,16.155000686645508,1240.0
2024-09-16 13:57:00+00:00,SBRA,18.69499969482422,18.69499969482422,18.69499969482422,18.69499969482422,18.69499969482422,1135.0
2024-09-16 13:57:00+00:00,SVC,4.505000114440918,4.505000114440918,4.505000114440918,4.5,4.5,1743.0
2024-09-16 13:57:00+00:00,UNIT,5.340000152587891,5.340000152587891,5.340000152587891,5.340000152587891,5.340000152587891,2155.0
2024-09-16 13:57:00+00:00,WHLR,7.480000019073486,7.480000019073486,7.510000228881836,7.46999979019165,7.470099925994873,8561.0
2024-09-16 13:58:00+00:00,AGNC,10.494999885559082,10.494999885559082,10.5,10.494199752807617,10.494999885559082,33129.0
2024-09-16 13:58:00+00:00,AGNCL,24.18000030517578,24.18000030517578,24.18000030517578,24.170000076293945,24.170000076293945,963.0
2024-09-16 13:58:00+00:00,AGNCN,25.985000610351562,25.985000610351562,25.985000610351562,25.985000610351562,25.985000610351562,14907.0
2024-09-16 13:58:00+00:00,CSGP,78.91000366210938,78.91000366210938,78.93000030517578,78.91000366210938,78.93000030517578,1303.0
2024-09-16 13:58:00+00:00,GLPI,51.79999923706055,51.79999923706055,51.79999923706055,51.79999923706055,51.79999923706055,742.0
2024-09-16 13:58:00+00:00,HST,17.514999389648438,17.514999389648438,17.520000457763672,17.514999389648438,17.514999389648438,1979.0
2024-09-16 13:58:00+00:00,LAND,14.579999923706055,14.579999923706055,14.579999923706055,14.579999923706055,14.579999923706055,567.0
2024-09-16 13:58:00+00:00,LSEA,12.670000076293945,12.670000076293945,12.670000076293945,12.670000076293945,12.670000076293945,442.0
2024-09-16 13:58:00+00:00,NMRK,14.994999885559082,14.994999885559082,15.0,14.994999885559082,15.0,1207.0
2024-09-16 13:58:00+00:00,OPEN,2.314500093460083,2.314500093460083,2.319499969482422,2.3117001056671143,2.3117001056671143,20526.0
2024-09-16 13:58:00+00:00,RDFN,14.119999885559082,14.119999885559082,14.130000114440918,14.114999771118164,14.116999626159668,8642.0
2024-09-16 13:58:00+00:00,REAX,5.838900089263916,5.838900089263916,5.838900089263916,5.838900089263916,5.838900089263916,472.0
2024-09-16 13:58:00+00:00,REG,74.90499877929688,74.90499877929688,74.90750122070312,74.90499877929688,74.90750122070312,435.0
2024-09-16 13:58:00+00:00,ROIC,16.15999984741211,16.15999984741211,16.15999984741211,16.15999984741211,16.15999984741211,677.0
2024-09-16 13:58:00+00:00,SBRA,18.69499969482422,18.69499969482422,18.69499969482422,18.691200256347656,18.69499969482422,2323.0
2024-09-16 13:58:00+00:00,SVC,4.5,4.5,4.508399963378906,4.5,4.505000114440918,685.0
2024-09-16 13:58:00+00:00,UNIT,5.34250020980835,5.34250020980835,5.34499979019165,5.34250020980835,5.34499979019165,715.0
2024-09-16 13:58:00+00:00,WHLR,7.50029993057251,7.50029993057251,7.510000228881836,7.478600025177002,7.478600025177002,4159.0
2024-09-16 13:59:00+00:00,AGNC,10.496100425720215,10.496100425720215,10.5,10.493599891662598,10.5,9357.0
2024-09-16 13:59:00+00:00,CSGP,78.8499984741211,78.8499984741211,78.91999816894531,78.8499984741211,78.91999816894531,7348.0
2024-09-16 13:59:00+00:00,FSV,180.7071990966797,180.7071990966797,180.7071990966797,180.7071990966797,180.7071990966797,788.0
2024-09-16 13:59:00+00:00,GLPI,51.79999923706055,51.79999923706055,51.79999923706055,51.79499816894531,51.79999923706055,793.0
2024-09-16 13:59:00+00:00,HST,17.514999389648438,17.514999389648438,17.520000457763672,17.514999389648438,17.514999389648438,4071.0
2024-09-16 13:59:00+00:00,LAMR,130.4250030517578,130.4250030517578,130.4250030517578,130.4250030517578,130.4250030517578,405.0
2024-09-16 13:59:00+00:00,NMRK,14.994999885559082,14.994999885559082,14.994999885559082,14.994999885559082,14.994999885559082,617.0
2024-09-16 13:59:00+00:00,NYMT,6.690000057220459,6.690000057220459,6.690000057220459,6.690000057220459,6.690000057220459,458.0
2024-09-16 13:59:00+00:00,NYMTM,24.36009979248047,24.36009979248047,24.38159942626953,24.36009979248047,24.38159942626953,1441.0
2024-09-16 13:59:00+00:00,OPEN,2.3101000785827637,2.3101000785827637,2.319999933242798,2.309999942779541,2.315000057220459,54122.0
2024-09-16 13:59:00+00:00,PECO,38.849998474121094,38.849998474121094,38.85340118408203,38.849998474121094,38.85340118408203,1070.0
2024-09-16 13:59:00+00:00,RDFN,14.069999694824219,14.069999694824219,14.119999885559082,14.069999694824219,14.114100456237793,14770.0
2024-09-16 13:59:00+00:00,REAX,5.840000152587891,5.840000152587891,5.840000152587891,5.840000152587891,5.840000152587891,608.0
2024-09-16 13:59:00+00:00,REG,74.90499877929688,74.90499877929688,74.90499877929688,74.90499877929688,74.90499877929688,602.0
2024-09-16 13:59:00+00:00,ROIC,16.174999237060547,16.174999237060547,16.175800323486328,16.169700622558594,16.169700622558594,2542.0
2024-09-16 13:59:00+00:00,SBAC,247.0800018310547,247.0800018310547,247.1699981689453,247.0800018310547,247.1699981689453,555.0
2024-09-16 13:59:00+00:00,SBRA,18.69499969482422,18.69499969482422,18.700000762939453,18.690099716186523,18.690099716186523,918.0
2024-09-16 13:59:00+00:00,SQFT,0.714900016784668,0.714900016784668,0.714900016784668,0.714900016784668,0.714900016784668,743.0
2024-09-16 13:59:00+00:00,SVC,4.508999824523926,4.508999824523926,4.508999824523926,4.505000114440918,4.505000114440918,1539.0
2024-09-16 13:59:00+00:00,UNIT,5.340000152587891,5.340000152587891,5.349999904632568,5.340000152587891,5.349999904632568,2331.0
2024-09-16 13:59:00+00:00,WHLR,7.412099838256836,7.412099838256836,7.499899864196777,7.409999847412109,7.480000019073486,5519.0
2024-09-16 14:00:00+00:00,AFCG,10.494999885559082,10.494999885559082,10.494999885559082,10.494999885559082,10.494999885559082,287.0
2024-09-16 14:00:00+00:00,AGNC,10.499799728393555,10.499799728393555,10.499799728393555,10.494999885559082,10.494999885559082,1187.0
2024-09-16 14:00:00+00:00,AGNCM,25.38719940185547,25.38719940185547,25.38800048828125,25.3799991607666,25.38800048828125,2727.0
2024-09-16 14:00:00+00:00,CSGP,78.81999969482422,78.81999969482422,78.87000274658203,78.81999969482422,78.87000274658203,2337.0
2024-09-16 14:00:00+00:00,DHC,3.565000057220459,3.565000057220459,3.565000057220459,3.565000057220459,3.565000057220459,510.0
2024-09-16 14:00:00+00:00,EXPI,14.630000114440918,14.630000114440918,14.645000457763672,14.630000114440918,14.640000343322754,3176.0
2024-09-16 14:00:00+00:00,GLPI,51.790000915527344,51.790000915527344,51.79499816894531,51.790000915527344,51.790000915527344,998.0
2024-09-16 14:00:00+00:00,GOOD,16.110000610351562,16.110000610351562,16.1200008392334,16.110000610351562,16.1200008392334,1198.0
2024-09-16 14:00:00+00:00,HST,17.514999389648438,17.514999389648438,17.514999389648438,17.514999389648438,17.514999389648438,9819.0
2024-09-16 14:00:00+00:00,LAMR,130.35000610351562,130.35000610351562,130.36000061035156,130.3300018310547,130.36000061035156,1990.0
2024-09-16 14:00:00+00:00,LSEA,12.65999984741211,12.65999984741211,12.65999984741211,12.65999984741211,12.65999984741211,557.0
2024-09-16 14:00:00+00:00,MDJH,0.7279000282287598,0.7279000282287598,0.7279000282287598,0.7279000282287598,0.7279000282287598,5600.0
2024-09-16 14:00:00+00:00,NMRK,14.994500160217285,14.994500160217285,14.994500160217285,14.994500160217285,14.994500160217285,420.0
2024-09-16 14:00:00+00:00,NYMTM,24.360000610351562,24.360000610351562,24.3799991607666,24.360000610351562,24.3799991607666,1030.0
2024-09-16 14:00:00+00:00,NYMTN,22.43000030517578,22.43000030517578,22.43000030517578,22.43000030517578,22.43000030517578,209.0
2024-09-16 14:00:00+00:00,OPEN,2.3092000484466553,2.3092000484466553,2.315000057220459,2.299999952316284,2.315000057220459,127618.0
2024-09-16 14:00:00+00:00,OPI,2.2207000255584717,2.2207000255584717,2.2207000255584717,2.2207000255584717,2.2207000255584717,2518.0
2024-09-16 14:00:00+00:00,PCH,45.31999969482422,45.31999969482422,45.31999969482422,45.310001373291016,45.310001373291016,847.0
2024-09-16 14:00:00+00:00,PECO,38.86000061035156,38.86000061035156,38.86000061035156,38.85499954223633,38.85499954223633,1376.0
2024-09-16 14:00:00+00:00,RDFN,14.050000190734863,14.050000190734863,14.085000038146973,14.045000076293945,14.074999809265137,6340.0
2024-09-16 14:00:00+00:00,REAX,5.829999923706055,5.829999923706055,5.829999923706055,5.820000171661377,5.829999923706055,3870.0
2024-09-16 14:00:00+00:00,REFI,16.06999969482422,16.06999969482422,16.06999969482422,16.06999969482422,16.06999969482422,200.0
2024-09-16 14:00:00+00:00,REG,74.87000274658203,74.87000274658203,74.87000274658203,74.87000274658203,74.87000274658203,351.0
2024-09-16 14:00:00+00:00,SBAC,246.8300018310547,246.8300018310547,247.00999450683594,246.8300018310547,247.0,4914.0
2024-09-16 14:00:00+00:00,SBRA,18.700000762939453,18.700000762939453,18.700000762939453,18.69499969482422,18.69499969482422,2149.0
2024-09-16 14:00:00+00:00,SOHO,1.2283999919891357,1.2283999919891357,1.2283999919891357,1.2283999919891357,1.2283999919891357,368.0
2024-09-16 14:00:00+00:00,SVC,4.5,4.5,4.5,4.5,4.5,1015.0
2024-09-16 14:00:00+00:00,UNIT,5.34499979019165,5.34499979019165,5.349999904632568,5.34499979019165,5.34499979019165,1436.0
2024-09-16 14:00:00+00:00,WHLR,7.394999980926514,7.394999980926514,7.439899921417236,7.394999980926514,7.439899921417236,1094.0
2024-09-16 14:01:00+00:00,AGNC,10.498200416564941,10.498200416564941,10.5,10.494500160217285,10.5,139013.0
2024-09-16 14:01:00+00:00,CIGI,147.19000244140625,147.19000244140625,147.19000244140625,147.19000244140625,147.19000244140625,949.0
2024-09-16 14:01:00+00:00,CSGP,78.76000213623047,78.76000213623047,78.77999877929688,78.76000213623047,78.77999877929688,408.0
2024-09-16 14:01:00+00:00,EQIX,879.8800048828125,879.8800048828125,880.4199829101562,879.8800048828125,880.4199829101562,1138.0
2024-09-16 14:01:00+00:00,EXPI,14.600000381469727,14.600000381469727,14.600000381469727,14.600000381469727,14.600000381469727,923.0
2024-09-16 14:01:00+00:00,FSV,180.7550048828125,180.7550048828125,180.7550048828125,180.7550048828125,180.7550048828125,200.0
2024-09-16 14:01:00+00:00,GLPI,51.810001373291016,51.810001373291016,51.810001373291016,51.79499816894531,51.79499816894531,1718.0
2024-09-16 14:01:00+00:00,HST,17.514999389648438,17.514999389648438,17.520000457763672,17.514999389648438,17.514999389648438,3272.0
2024-09-16 14:01:00+00:00,LAMR,130.33999633789062,130.33999633789062,130.38499450683594,130.33999633789062,130.38499450683594,927.0
2024-09-16 14:01:00+00:00,LAND,14.564200401306152,14.564200401306152,14.564200401306152,14.564200401306152,14.564200401306152,674.0
2024-09-16 14:01:00+00:00,MDJH,0.7269999980926514,0.7269999980926514,0.7269999980926514,0.7269999980926514,0.7269999980926514,0.0
2024-09-16 14:01:00+00:00,NYMT,6.684999942779541,6.684999942779541,6.684999942779541,6.684999942779541,6.684999942779541,603.0
2024-09-16 14:01:00+00:00,OPEN,2.305000066757202,2.305000066757202,2.305000066757202,2.300100088119507,2.305000066757202,13620.0
2024-09-16 14:01:00+00:00,OPI,2.2249999046325684,2.2249999046325684,2.2249999046325684,2.2249999046325684,2.2249999046325684,0.0
2024-09-16 14:01:00+00:00,PCH,45.30500030517578,45.30500030517578,45.31999969482422,45.30500030517578,45.31999969482422,1127.0
2024-09-16 14:01:00+00:00,PECO,38.845001220703125,38.845001220703125,38.86000061035156,38.845001220703125,38.86000061035156,1181.0
2024-09-16 14:01:00+00:00,RDFN,14.089900016784668,14.089900016784668,14.09000015258789,14.039999961853027,14.04990005493164,13484.0
2024-09-16 14:01:00+00:00,REAX,5.829999923706055,5.829999923706055,5.829999923706055,5.829999923706055,5.829999923706055,252.0
2024-09-16 14:01:00+00:00,REG,74.875,74.875,74.875,74.875,74.875,538.0
2024-09-16 14:01:00+00:00,ROIC,16.18000030517578,16.18000030517578,16.18000030517578,16.174999237060547,16.174999237060547,633.0
2024-09-16 14:01:00+00:00,SBRA,18.69499969482422,18.69499969482422,18.700000762939453,18.69499969482422,18.700000762939453,786.0
2024-09-16 14:01:00+00:00,SVC,4.509500026702881,4.509500026702881,4.509500026702881,4.509500026702881,4.509500026702881,460.0
2024-09-16 14:01:00+00:00,UNIT,5.34499979019165,5.34499979019165,5.349999904632568,5.34499979019165,5.34499979019165,1476.0
2024-09-16 14:01:00+00:00,WHLR,7.370100021362305,7.370100021362305,7.415500164031982,7.370100021362305,7.394999980926514,2587.0
2024-09-16 14:02:00+00:00,AGNC,10.489999771118164,10.489999771118164,10.5,10.489999771118164,10.494799613952637,4058.0
2024-09-16 14:02:00+00:00,AGNCP,24.584999084472656,24.584999084472656,24.584999084472656,24.584999084472656,24.584999084472656,484.0
2024-09-16 14:02:00+00:00,CSGP,78.76000213623047,78.76000213623047,78.79000091552734,78.75,78.77999877929688,2705.0
2024-09-16 14:02:00+00:00,DHC,3.565000057220459,3.565000057220459,3.565000057220459,3.565000057220459,3.565000057220459,608.0
2024-09-16 14:02:00+00:00,EXPI,14.609999656677246,14.609999656677246,14.609999656677246,14.609999656677246,14.609999656677246,358.0
2024-09-16 14:02:00+00:00,GLPI,51.79999923706055,51.79999923706055,51.810001373291016,51.79999923706055,51.80500030517578,6884.0
2024-09-16 14:02:00+00:00,GOOD,16.110000610351562,16.110000610351562,16.110000610351562,16.110000610351562,16.110000610351562,1628.0
2024-09-16 14:02:00+00:00,HST,17.514999389648438,17.514999389648438,17.520000457763672,17.510000228881836,17.514999389648438,28573.0
2024-09-16 14:02:00+00:00,ILPT,5.129899978637695,5.129899978637695,5.129899978637695,5.125,5.125,4702.0
2024-09-16 14:02:00+00:00,NMRK,14.994999885559082,14.994999885559082,14.994999885559082,14.975000381469727,14.989999771118164,16189.0
2024-09-16 14:02:00+00:00,OPEN,2.305000066757202,2.305000066757202,2.309000015258789,2.299999952316284,2.305000066757202,8021.0
2024-09-16 14:02:00+00:00,OPI,2.2200000286102295,2.2200000286102295,2.2249999046325684,2.2200000286102295,2.2249999046325684,886.0
2024-09-16 14:02:00+00:00,PECO,38.83000183105469,38.83000183105469,38.83000183105469,38.83000183105469,38.83000183105469,266.0
2024-09-16 14:02:00+00:00,RDFN,14.09000015258789,14.09000015258789,14.095000267028809,14.081000328063965,14.095000267028809,4521.0
2024-09-16 14:02:00+00:00,REAX,5.829999923706055,5.829999923706055,5.829999923706055,5.829999923706055,5.829999923706055,185.0
2024-09-16 14:02:00+00:00,REFI,16.09000015258789,16.09000015258789,16.09000015258789,16.086000442504883,16.086000442504883,890.0
2024-09-16 14:02:00+00:00,SBRA,18.700000762939453,18.700000762939453,18.700000762939453,18.700000762939453,18.700000762939453,863.0
2024-09-16 14:02:00+00:00,UNIT,5.34499979019165,5.34499979019165,5.34499979019165,5.340000152587891,5.340000152587891,1343.0
2024-09-16 14:02:00+00:00,WHLR,7.369800090789795,7.369800090789795,7.449900150299072,7.355999946594238,7.369999885559082,5095.0
2024-09-16 14:03:00+00:00,AFCG,10.495200157165527,10.495200157165527,10.5,10.495200157165527,10.5,366.0
2024-09-16 14:03:00+00:00,AGNC,10.494999885559082,10.494999885559082,10.5,10.494999885559082,10.494999885559082,11475.0
2024-09-16 14:03:00+00:00,AGNCM,25.3700008392334,25.3700008392334,25.3700008392334,25.3700008392334,25.3700008392334,104.0
2024-09-16 14:03:00+00:00,AGNCO,25.219999313354492,25.219999313354492,25.219999313354492,25.219999313354492,25.219999313354492,200.0
2024-09-16 14:03:00+00:00,AGNCP,24.57990074157715,24.57990074157715,24.57990074157715,24.57990074157715,24.57990074157715,520.0
2024-09-16 14:03:00+00:00,CIGI,147.13999938964844,147.13999938964844,147.13999938964844,147.13999938964844,147.13999938964844,269.0
2024-09-16 14:03:00+00:00,CSGP,78.69999694824219,78.69999694824219,78.7300033569336,78.69999694824219,78.7300033569336,2836.0
2024-09-16 14:03:00+00:00,DHC,3.565000057220459,3.565000057220459,3.565000057220459,3.565000057220459,3.565000057220459,248.0
2024-09-16 14:03:00+00:00,EQIX,880.2349853515625,880.2349853515625,880.2349853515625,880.2349853515625,880.2349853515625,434.0
2024-09-16 14:03:00+00:00,EXPI,14.619999885559082,14.619999885559082,14.619999885559082,14.619999885559082,14.619999885559082,546.0
2024-09-16 14:03:00+00:00,GLPI,51.76499938964844,51.76499938964844,51.79999923706055,51.75,51.79999923706055,16977.0
2024-09-16 14:03:00+00:00,GOOD,16.110000610351562,16.110000610351562,16.110000610351562,16.110000610351562,16.110000610351562,103.0
2024-09-16 14:03:00+00:00,HST,17.514999389648438,17.514999389648438,17.514999389648438,17.510000228881836,17.514999389648438,11302.0
2024-09-16 14:03:00+00:00,ILPT,5.120100021362305,5.120100021362305,5.125,5.119999885559082,5.125,5242.0
2024-09-16 14:03:00+00:00,MDJH,0.7279999852180481,0.7279999852180481,0.7279999852180481,0.7279999852180481,0.7279999852180481,22843.0
2024-09-16 14:03:00+00:00,OPEN,2.309999942779541,2.309999942779541,2.309999942779541,2.299999952316284,2.305000066757202,14215.0
2024-09-16 14:03:00+00:00,OPI,2.2200000286102295,2.2200000286102295,2.2200000286102295,2.2200000286102295,2.2200000286102295,104.0
2024-09-16 14:03:00+00:00,RDFN,14.125,14.125,14.125,14.085000038146973,14.095000267028809,15483.0
2024-09-16 14:03:00+00:00,REG,74.87750244140625,74.87750244140625,74.87999725341797,74.86000061035156,74.86000061035156,1711.0
2024-09-16 14:03:00+00:00,RMR,25.143699645996094,25.143699645996094,25.145000457763672,25.143699645996094,25.145000457763672,830.0
2024-09-16 14:03:00+00:00,ROIC,16.174999237060547,16.174999237060547,16.174999237060547,16.174999237060547,16.174999237060547,779.0
2024-09-16 14:03:00+00:00,SBAC,246.7899932861328,246.7899932861328,246.80999755859375,246.7899932861328,246.80999755859375,556.0
2024-09-16 14:03:00+00:00,SBRA,18.700000762939453,18.700000762939453,18.700000762939453,18.700000762939453,18.700000762939453,1106.0
2024-09-16 14:03:00+00:00,UNIT,5.349999904632568,5.349999904632568,5.349999904632568,5.34499979019165,5.34499979019165,688.0
2024-09-16 14:03:00+00:00,WHLR,7.393899917602539,7.393899917602539,7.414999961853027,7.380099773406982,7.380099773406982,6969.0
2024-09-16 14:04:00+00:00,AFCG,10.494999885559082,10.494999885559082,10.494999885559082,10.494999885559082,10.494999885559082,201.0
2024-09-16 14:04:00+00:00,AGNC,10.494999885559082,10.494999885559082,10.5,10.490099906921387,10.494999885559082,48048.0
2024-09-16 14:04:00+00:00,AGNCO,25.209999084472656,25.209999084472656,25.209999084472656,25.200000762939453,25.20199966430664,4491.0
2024-09-16 14:04:00+00:00,CHCI,8.760000228881836,8.760000228881836,8.760000228881836,8.760000228881836,8.760000228881836,103.0
2024-09-16 14:04:00+00:00,CIGI,147.22000122070312,147.22000122070312,147.22999572753906,147.22000122070312,147.22999572753906,776.0
2024-09-16 14:04:00+00:00,CSGP,78.61000061035156,78.61000061035156,78.66999816894531,78.5999984741211,78.66999816894531,1999.0
2024-09-16 14:04:00+00:00,EQIX,880.0050048828125,880.0050048828125,880.1950073242188,879.7100219726562,879.7100219726562,1069.0
2024-09-16 14:04:00+00:00,EXPI,14.619999885559082,14.619999885559082,14.619999885559082,14.619999885559082,14.619999885559082,670.0
2024-09-16 14:04:00+00:00,GLPI,51.73500061035156,51.73500061035156,51.75,51.72999954223633,51.75,1329.0
2024-09-16 14:04:00+00:00,GOOD,16.079999923706055,16.079999923706055,16.100000381469727,16.079999923706055,16.100000381469727,990.0
2024-09-16 14:04:00+00:00,HST,17.485000610351562,17.485000610351562,17.510000228881836,17.479999542236328,17.510000228881836,43608.0
2024-09-16 14:04:00+00:00,ILPT,5.110000133514404,5.110000133514404,5.110000133514404,5.110000133514404,5.110000133514404,302.0
2024-09-16 14:04:00+00:00,LAMR,130.2899932861328,130.2899932861328,130.2949981689453,130.2899932861328,130.2949981689453,1168.0
2024-09-16 14:04:00+00:00,NMRK,14.994999885559082,14.994999885559082,14.994999885559082,14.994999885559082,14.994999885559082,633.0
2024-09-16 14:04:00+00:00,OPEN,2.289900064468384,2.289900064468384,2.305000066757202,2.2809998989105225,2.305000066757202,155748.0
2024-09-16 14:04:00+00:00,OPI,2.2200000286102295,2.2200000286102295,2.2200000286102295,2.2200000286102295,2.2200000286102295,215.0
2024-09-16 14:04:00+00:00,PCH,45.31999969482422,45.31999969482422,45.31999969482422,45.310001373291016,45.310001373291016,981.0
2024-09-16 14:04:00+00:00,PECO,38.83000183105469,38.83000183105469,38.83000183105469,38.83000183105469,38.83000183105469,1038.0
2024-09-16 14:04:00+00:00,RDFN,14.125,14.125,14.135000228881836,14.125,14.125,6133.0
2024-09-16 14:04:00+00:00,REAX,5.829999923706055,5.829999923706055,5.829999923706055,5.829999923706055,5.829999923706055,325.0
2024-09-16 14:04:00+00:00,REG,74.88999938964844,74.88999938964844,74.88999938964844,74.88999938964844,74.88999938964844,320.0
2024-09-16 14:04:00+00:00,ROIC,16.174999237060547,16.174999237060547,16.174999237060547,16.174999237060547,16.174999237060547,206.0
2024-09-16 14:04:00+00:00,SBAC,246.72999572753906,246.72999572753906,246.72999572753906,246.72999572753906,246.72999572753906,932.0
2024-09-16 14:04:00+00:00,SBRA,18.700000762939453,18.700000762939453,18.704999923706055,18.69499969482422,18.700000762939453,7473.0
2024-09-16 14:04:00+00:00,SEVN,13.869999885559082,13.869999885559082,13.869999885559082,13.869999885559082,13.869999885559082,267.0
2024-09-16 14:04:00+00:00,SVC,4.505000114440918,4.505000114440918,4.505000114440918,4.505000114440918,4.505000114440918,250.0
2024-09-16 14:04:00+00:00,UNIT,5.335000038146973,5.335000038146973,5.349999904632568,5.335000038146973,5.349999904632568,12419.0
2024-09-16 14:04:00+00:00,WHLR,7.361000061035156,7.361000061035156,7.395199775695801,7.361000061035156,7.395199775695801,2217.0
2024-09-16 14:05:00+00:00,AFCG,10.510000228881836,10.510000228881836,10.510000228881836,10.494999885559082,10.494999885559082,3849.0
2024-09-16 14:05:00+00:00,AGNC,10.489999771118164,10.489999771118164,10.5,10.489999771118164,10.497400283813477,3323.0
2024-09-16 14:05:00+00:00,AGNCO,25.200000762939453,25.200000762939453,25.200000762939453,25.200000762939453,25.200000762939453,0.0
2024-09-16 14:05:00+00:00,CSGP,78.58000183105469,78.58000183105469,78.58000183105469,78.58000183105469,78.58000183105469,320.0
2024-09-16 14:05:00+00:00,EXPI,14.619999885559082,14.619999885559082,14.619999885559082,14.609999656677246,14.609999656677246,2089.0
2024-09-16 14:05:00+00:00,GIPR,2.2100000381469727,2.2100000381469727,2.2100000381469727,2.2100000381469727,2.2100000381469727,0.0
2024-09-16 14:05:00+00:00,GLPI,51.75,51.75,51.75,51.73270034790039,51.73270034790039,2314.0
2024-09-16 14:05:00+00:00,HST,17.485000610351562,17.485000610351562,17.485000610351562,17.485000610351562,17.485000610351562,1087.0
2024-09-16 14:05:00+00:00,ILPT,5.09499979019165,5.09499979019165,5.099999904632568,5.09499979019165,5.099999904632568,662.0
2024-09-16 14:05:00+00:00,LAMR,130.1999969482422,130.1999969482422,130.30999755859375,130.1999969482422,130.23500061035156,3202.0
2024-09-16 14:05:00+00:00,LSEA,12.63949966430664,12.63949966430664,12.649999618530273,12.635000228881836,12.635000228881836,1370.0
2024-09-16 14:05:00+00:00,OPEN,2.299799919128418,2.299799919128418,2.299999952316284,2.2799999713897705,2.2799999713897705,149547.0
2024-09-16 14:05:00+00:00,OPI,2.2200000286102295,2.2200000286102295,2.2200000286102295,2.2200000286102295,2.2200000286102295,195.0
2024-09-16 14:05:00+00:00,RDFN,14.125,14.125,14.135000228881836,14.125,14.130000114440918,7525.0
2024-09-16 14:05:00+00:00,REAX,5.809999942779541,5.809999942779541,5.820000171661377,5.809999942779541,5.820000171661377,1683.0
2024-09-16 14:05:00+00:00,REG,74.87999725341797,74.87999725341797,74.87999725341797,74.87999725341797,74.87999725341797,519.0
2024-09-16 14:05:00+00:00,ROIC,16.18000030517578,16.18000030517578,16.18000030517578,16.18000030517578,16.18000030517578,201.0
2024-09-16 14:05:00+00:00,UNIT,5.34499979019165,5.34499979019165,5.34499979019165,5.340000152587891,5.340000152587891,6458.0
2024-09-16 14:05:00+00:00,WHLR,7.4079999923706055,7.4079999923706055,7.4079999923706055,7.369999885559082,7.369999885559082,1150.0
2024-09-16 14:06:00+00:00,AFCG,10.529999732971191,10.529999732971191,10.529999732971191,10.529999732971191,10.529999732971191,703.0
2024-09-16 14:06:00+00:00,AGNC,10.5,10.5,10.5,10.494999885559082,10.499799728393555,4944.0
2024-09-16 14:06:00+00:00,CSGP,78.61000061035156,78.61000061035156,78.61000061035156,78.6050033569336,78.6050033569336,794.0
2024-09-16 14:06:00+00:00,DHC,3.565000057220459,3.565000057220459,3.565000057220459,3.565000057220459,3.565000057220459,431.0
2024-09-16 14:06:00+00:00,EQIX,879.5549926757812,879.5549926757812,879.5549926757812,879.5549926757812,879.5549926757812,125.0
2024-09-16 14:06:00+00:00,EXPI,14.609999656677246,14.609999656677246,14.609999656677246,14.609999656677246,14.609999656677246,762.0
2024-09-16 14:06:00+00:00,GLPI,51.75,51.75,51.77000045776367,51.75,51.75,1675.0
2024-09-16 14:06:00+00:00,GOOD,16.09000015258789,16.09000015258789,16.100000381469727,16.09000015258789,16.100000381469727,424.0
2024-09-16 14:06:00+00:00,HST,17.5049991607666,17.5049991607666,17.5049991607666,17.485000610351562,17.485000610351562,55968.0
2024-09-16 14:06:00+00:00,LAMR,130.19500732421875,130.19500732421875,130.22999572753906,130.19500732421875,130.19500732421875,2582.0
2024-09-16 14:06:00+00:00,LAND,14.5600004196167,14.5600004196167,14.5600004196167,14.5600004196167,14.5600004196167,468.0
2024-09-16 14:06:00+00:00,LSEA,12.649999618530273,12.649999618530273,12.649999618530273,12.649999618530273,12.649999618530273,400.0
2024-09-16 14:06:00+00:00,NMRK,14.994999885559082,14.994999885559082,14.994999885559082,14.994999885559082,14.994999885559082,990.0
2024-09-16 14:06:00+00:00,OPEN,2.2950000762939453,2.2950000762939453,2.299999952316284,2.2899999618530273,2.2899999618530273,71731.0
2024-09-16 14:06:00+00:00,PCH,45.32500076293945,45.32500076293945,45.32500076293945,45.32500076293945,45.32500076293945,249.0
2024-09-16 14:06:00+00:00,PECO,38.849998474121094,38.849998474121094,38.849998474121094,38.84000015258789,38.84000015258789,841.0
2024-09-16 14:06:00+00:00,RDFN,14.164999961853027,14.164999961853027,14.168700218200684,14.131699562072754,14.131699562072754,14878.0
2024-09-16 14:06:00+00:00,REAX,5.829999923706055,5.829999923706055,5.829999923706055,5.820000171661377,5.820000171661377,1444.0
2024-09-16 14:06:00+00:00,REFI,16.1200008392334,16.1200008392334,16.1200008392334,16.1200008392334,16.1200008392334,146.0
2024-09-16 14:06:00+00:00,RMR,25.1200008392334,25.1200008392334,25.1200008392334,25.1200008392334,25.1200008392334,1364.0
2024-09-16 14:06:00+00:00,ROIC,16.19499969482422,16.19499969482422,16.19499969482422,16.170000076293945,16.170000076293945,6271.0
2024-09-16 14:06:00+00:00,SBRA,18.719999313354492,18.719999313354492,18.719999313354492,18.700000762939453,18.700000762939453,3296.0
2024-09-16 14:06:00+00:00,SELF,5.440000057220459,5.440000057220459,5.440000057220459,5.440000057220459,5.440000057220459,193.0
2024-09-16 14:06:00+00:00,SVC,4.505000114440918,4.505000114440918,4.505000114440918,4.5,4.5,420.0
2024-09-16 14:06:00+00:00,UNIT,5.355000019073486,5.355000019073486,5.360000133514404,5.349999904632568,5.349999904632568,3801.0
2024-09-16 14:06:00+00:00,WHLR,7.409999847412109,7.409999847412109,7.409999847412109,7.389999866485596,7.39300012588501,1230.0
2024-09-16 14:07:00+00:00,AFCG,10.539999961853027,10.539999961853027,10.539999961853027,10.539999961853027,10.539999961853027,184.0
2024-09-16 14:07:00+00:00,AGNC,10.489999771118164,10.489999771118164,10.5,10.489999771118164,10.5,5434.0
2024-09-16 14:07:00+00:00,BPYPN,12.850000381469727,12.850000381469727,12.850000381469727,12.850000381469727,12.850000381469727,0.0
2024-09-16 14:07:00+00:00,CSGP,78.58000183105469,78.58000183105469,78.63999938964844,78.58000183105469,78.625,4352.0
2024-09-16 14:07:00+00:00,DHC,3.569999933242798,3.569999933242798,3.569999933242798,3.569999933242798,3.569999933242798,483.0
2024-09-16 14:07:00+00:00,EQIX,880.0050048828125,880.0050048828125,880.0050048828125,879.5549926757812,879.5549926757812,335.0
2024-09-16 14:07:00+00:00,EXPI,14.630000114440918,14.630000114440918,14.630000114440918,14.630000114440918,14.630000114440918,649.0
2024-09-16 14:07:00+00:00,FSV,180.7949981689453,180.7949981689453,180.7949981689453,180.7949981689453,180.7949981689453,470.0
2024-09-16 14:07:00+00:00,GLPI,51.755001068115234,51.755001068115234,51.755001068115234,51.755001068115234,51.755001068115234,1304.0
2024-09-16 14:07:00+00:00,HST,17.510000228881836,17.510000228881836,17.510000228881836,17.5,17.5049991607666,4699.0
2024-09-16 14:07:00+00:00,ILPT,5.099999904632568,5.099999904632568,5.099999904632568,5.099999904632568,5.099999904632568,1175.0
2024-09-16 14:07:00+00:00,LAMR,130.27000427246094,130.27000427246094,130.27000427246094,130.27000427246094,130.27000427246094,581.0
2024-09-16 14:07:00+00:00,NMRK,14.994999885559082,14.994999885559082,14.994999885559082,14.994999885559082,14.994999885559082,154.0
2024-09-16 14:07:00+00:00,OPEN,2.305000066757202,2.305000066757202,2.309999942779541,2.2950000762939453,2.298799991607666,134487.0
2024-09-16 14:07:00+00:00,PCH,45.31999969482422,45.31999969482422,45.32749938964844,45.31999969482422,45.32749938964844,212.0
2024-09-16 14:07:00+00:00,RDFN,14.239899635314941,14.239899635314941,14.239999771118164,14.170000076293945,14.170000076293945,64504.0
2024-09-16 14:07:00+00:00,REG,74.87999725341797,74.87999725341797,74.87999725341797,74.87999725341797,74.87999725341797,566.0
2024-09-16 14:07:00+00:00,ROIC,16.19499969482422,16.19499969482422,16.19499969482422,16.19499969482422,16.19499969482422,1229.0
2024-09-16 14:07:00+00:00,SBAC,246.7100067138672,246.7100067138672,246.7100067138672,246.7100067138672,246.7100067138672,1530.0
2024-09-16 14:07:00+00:00,SBRA,18.725000381469727,18.725000381469727,18.725000381469727,18.725000381469727,18.725000381469727,3053.0
2024-09-16 14:07:00+00:00,UNIT,5.355000019073486,5.355000019073486,5.355000019073486,5.355000019073486,5.355000019073486,769.0
2024-09-16 14:07:00+00:00,WHLR,7.545000076293945,7.545000076293945,7.570000171661377,7.402699947357178,7.425000190734863,29430.0
2024-09-16 14:08:00+00:00,AGNC,10.494999885559082,10.494999885559082,10.5,10.489999771118164,10.489999771118164,3360.0
2024-09-16 14:08:00+00:00,AGNCL,24.170000076293945,24.170000076293945,24.239900588989258,24.170000076293945,24.170000076293945,4117.0
2024-09-16 14:08:00+00:00,CSGP,78.55999755859375,78.55999755859375,78.5999984741211,78.55999755859375,78.58999633789062,1281.0
2024-09-16 14:08:00+00:00,EQIX,879.8499755859375,879.8499755859375,880.0050048828125,879.239990234375,880.0050048828125,854.0
2024-09-16 14:08:00+00:00,EXPI,14.630000114440918,14.630000114440918,14.640000343322754,14.630000114440918,14.640000343322754,341.0
2024-09-16 14:08:00+00:00,GOOD,16.09000015258789,16.09000015258789,16.09000015258789,16.09000015258789,16.09000015258789,225.0
2024-09-16 14:08:00+00:00,LAMR,130.3000030517578,130.3000030517578,130.3000030517578,130.3000030517578,130.3000030517578,703.0
2024-09-16 14:08:00+00:00,LAND,14.569999694824219,14.569999694824219,14.569999694824219,14.569999694824219,14.569999694824219,159.0
2024-09-16 14:08:00+00:00,LANDO,22.349899291992188,22.349899291992188,22.349899291992188,22.349899291992188,22.349899291992188,308.0
2024-09-16 14:08:00+00:00,NMRK,14.994999885559082,14.994999885559082,14.994999885559082,14.989999771118164,14.989999771118164,396.0
2024-09-16 14:08:00+00:00,NYMT,6.684999942779541,6.684999942779541,6.690000057220459,6.684999942779541,6.690000057220459,622.0
2024-09-16 14:08:00+00:00,OPEN,2.309799909591675,2.309799909591675,2.309999942779541,2.304500102996826,2.304500102996826,122949.0
2024-09-16 14:08:00+00:00,OPI,2.2249999046325684,2.2249999046325684,2.2249999046325684,2.2249999046325684,2.2249999046325684,116.0
2024-09-16 14:08:00+00:00,PCH,45.33000183105469,45.33000183105469,45.33000183105469,45.33000183105469,45.33000183105469,448.0
2024-09-16 14:08:00+00:00,PECO,38.849998474121094,38.849998474121094,38.849998474121094,38.845001220703125,38.849998474121094,1095.0
2024-09-16 14:08:00+00:00,RDFN,14.244999885559082,14.244999885559082,14.260000228881836,14.22350025177002,14.25,37155.0
2024-09-16 14:08:00+00:00,REG,74.88999938964844,74.88999938964844,74.88999938964844,74.87999725341797,74.87999725341797,1456.0
2024-09-16 14:08:00+00:00,ROIC,16.200000762939453,16.200000762939453,16.200000762939453,16.200000762939453,16.200000762939453,434.0
2024-09-16 14:08:00+00:00,SBAC,246.64999389648438,246.64999389648438,246.66000366210938,246.64999389648438,246.64999389648438,644.0
2024-09-16 14:08:00+00:00,SBRA,18.71500015258789,18.71500015258789,18.725000381469727,18.71500015258789,18.725000381469727,5141.0
2024-09-16 14:08:00+00:00,SVC,4.505000114440918,4.505000114440918,4.505000114440918,4.505000114440918,4.505000114440918,1029.0
2024-09-16 14:08:00+00:00,UNIT,5.355000019073486,5.355000019073486,5.360000133514404,5.355000019073486,5.360000133514404,1427.0
2024-09-16 14:08:00+00:00,WHLR,7.639999866485596,7.639999866485596,7.699999809265137,7.559999942779541,7.559999942779541,28544.0
2024-09-16 14:09:00+00:00,AFCG,10.539999961853027,10.539999961853027,10.539999961853027,10.53499984741211,10.53499984741211,1462.0
2024-09-16 14:09:00+00:00,AGNC,10.494999885559082,10.494999885559082,10.5,10.489999771118164,10.494999885559082,8591.0
2024-09-16 14:09:00+00:00,CHCI,8.770000457763672,8.770000457763672,8.770000457763672,8.770000457763672,8.770000457763672,414.0
2024-09-16 14:09:00+00:00,CMCT,1.9457999467849731,1.9457999467849731,1.9457999467849731,1.9457999467849731,1.9457999467849731,314.0
2024-09-16 14:09:00+00:00,CSGP,78.58999633789062,78.58999633789062,78.58999633789062,78.5824966430664,78.5824966430664,834.0
2024-09-16 14:09:00+00:00,EXPI,14.649999618530273,14.649999618530273,14.649999618530273,14.630000114440918,14.630000114440918,2579.0
2024-09-16 14:09:00+00:00,GLPI,51.7599983215332,51.7599983215332,51.7599983215332,51.75,51.75,327.0
2024-09-16 14:09:00+00:00,GOOD,16.100000381469727,16.100000381469727,16.100000381469727,16.100000381469727,16.100000381469727,722.0
2024-09-16 14:09:00+00:00,HST,17.514999389648438,17.514999389648438,17.518999099731445,17.5049991607666,17.5049991607666,12124.0
2024-09-16 14:09:00+00:00,ILPT,5.105000019073486,5.105000019073486,5.105000019073486,5.105000019073486,5.105000019073486,439.0
2024-09-16 14:09:00+00:00,LAND,14.569999694824219,14.569999694824219,14.569999694824219,14.569999694824219,14.569999694824219,164.0
2024-09-16 14:09:00+00:00,NMRK,15.0,15.0,15.0,15.0,15.0,4095.0
2024-09-16 14:09:00+00:00,NYMT,6.690199851989746,6.690199851989746,6.690199851989746,6.690000057220459,6.690000057220459,2837.0
2024-09-16 14:09:00+00:00,OPEN,2.309999942779541,2.309999942779541,2.319999933242798,2.305000066757202,2.3099000453948975,151671.0
2024-09-16 14:09:00+00:00,OPI,2.2249999046325684,2.2249999046325684,2.2300000190734863,2.2249999046325684,2.2300000190734863,372.0
2024-09-16 14:09:00+00:00,PCH,45.34000015258789,45.34000015258789,45.34000015258789,45.314998626708984,45.314998626708984,2250.0
2024-09-16 14:09:00+00:00,PECO,38.86000061035156,38.86000061035156,38.86000061035156,38.849998474121094,38.849998474121094,1854.0
2024-09-16 14:09:00+00:00,RDFN,14.255900382995605,14.255900382995605,14.260000228881836,14.220000267028809,14.25,19786.0
2024-09-16 14:09:00+00:00,REG,74.8949966430664,74.8949966430664,74.8949966430664,74.8949966430664,74.8949966430664,246.0
2024-09-16 14:09:00+00:00,ROIC,16.19499969482422,16.19499969482422,16.204999923706055,16.19499969482422,16.200000762939453,11691.0
2024-09-16 14:09:00+00:00,SBAC,246.6699981689453,246.6699981689453,246.6699981689453,246.6699981689453,246.6699981689453,2286.0
2024-09-16 14:09:00+00:00,SBRA,18.725000381469727,18.725000381469727,18.725000381469727,18.719999313354492,18.719999313354492,3787.0
2024-09-16 14:09:00+00:00,SVC,4.5,4.5,4.5,4.5,4.5,102.0
2024-09-16 14:09:00+00:00,UNIT,5.355000019073486,5.355000019073486,5.360000133514404,5.355000019073486,5.355000019073486,2527.0
2024-09-16 14:09:00+00:00,WHLR,7.669899940490723,7.669899940490723,7.669899940490723,7.599999904632568,7.639999866485596,8654.0
2024-09-16 14:10:00+00:00,AFCG,10.579999923706055,10.579999923706055,10.579999923706055,10.550000190734863,10.550000190734863,16224.0
2024-09-16 14:10:00+00:00,AGNC,10.499699592590332,10.499699592590332,10.499899864196777,10.49429988861084,10.494999885559082,3306.0
2024-09-16 14:10:00+00:00,CHCI,8.770000457763672,8.770000457763672,8.770000457763672,8.770000457763672,8.770000457763672,938.0
2024-09-16 14:10:00+00:00,CSGP,78.62000274658203,78.62000274658203,78.62000274658203,78.58999633789062,78.58999633789062,2958.0
2024-09-16 14:10:00+00:00,DHC,3.569999933242798,3.569999933242798,3.569999933242798,3.569999933242798,3.569999933242798,9790.0
2024-09-16 14:10:00+00:00,EQIX,879.7550048828125,879.7550048828125,879.7550048828125,879.7550048828125,879.7550048828125,645.0
2024-09-16 14:10:00+00:00,EXPI,14.680000305175781,14.680000305175781,14.680000305175781,14.670000076293945,14.670000076293945,1165.0
2024-09-16 14:10:00+00:00,GLPI,51.75,51.75,51.75,51.75,51.75,1477.0
2024-09-16 14:10:00+00:00,HST,17.514999389648438,17.514999389648438,17.514999389648438,17.514999389648438,17.514999389648438,8176.0
2024-09-16 14:10:00+00:00,ILPT,5.114999771118164,5.114999771118164,5.114999771118164,5.105000019073486,5.105000019073486,1074.0
2024-09-16 14:10:00+00:00,OPEN,2.325000047683716,2.325000047683716,2.3299999237060547,2.315000057220459,2.315000057220459,209003.0
2024-09-16 14:10:00+00:00,PCH,45.36000061035156,45.36000061035156,45.36000061035156,45.36000061035156,45.36000061035156,1314.0
2024-09-16 14:10:00+00:00,PECO,38.86000061035156,38.86000061035156,38.86000061035156,38.86000061035156,38.86000061035156,374.0
2024-09-16 14:10:00+00:00,RDFN,14.279999732971191,14.279999732971191,14.279999732971191,14.244999885559082,14.265000343322754,17532.0
2024-09-16 14:10:00+00:00,REG,74.91000366210938,74.91000366210938,74.91000366210938,74.91000366210938,74.91000366210938,2097.0
2024-09-16 14:10:00+00:00,ROIC,16.19499969482422,16.19499969482422,16.19499969482422,16.190000534057617,16.19499969482422,4879.0
2024-09-16 14:10:00+00:00,SBRA,18.725000381469727,18.725000381469727,18.729999542236328,18.724700927734375,18.729999542236328,5408.0
2024-09-16 14:10:00+00:00,SVC,4.505000114440918,4.505000114440918,4.505000114440918,4.505000114440918,4.505000114440918,521.0
2024-09-16 14:10:00+00:00,UNIT,5.364999771118164,5.364999771118164,5.364999771118164,5.355000019073486,5.360000133514404,12878.0
2024-09-16 14:10:00+00:00,WHLR,7.714700222015381,7.714700222015381,7.75,7.690000057220459,7.690000057220459,34778.0
2024-09-16 14:11:00+00:00,AFCG,10.539999961853027,10.539999961853027,10.579999923706055,10.539999961853027,10.579999923706055,2542.0
2024-09-16 14:11:00+00:00,AGNC,10.5,10.5,10.5,10.494600296020508,10.494999885559082,9109.0
2024-09-16 14:11:00+00:00,CSGP,78.62999725341797,78.62999725341797,78.6500015258789,78.61499786376953,78.6500015258789,2186.0
2024-09-16 14:11:00+00:00,DUO,0.43959999084472656,0.43959999084472656,0.43959999084472656,0.43959999084472656,0.43959999084472656,0.0
2024-09-16 14:11:00+00:00,EQIX,878.47998046875,878.47998046875,878.47998046875,878.27001953125,878.27001953125,800.0
2024-09-16 14:11:00+00:00,EXPI,14.680000305175781,14.680000305175781,14.680000305175781,14.680000305175781,14.680000305175781,697.0
2024-09-16 14:11:00+00:00,GLPI,51.7400016784668,51.7400016784668,51.7400016784668,51.7400016784668,51.7400016784668,330.0
2024-09-16 14:11:00+00:00,HST,17.524999618530273,17.524999618530273,17.530000686645508,17.514999389648438,17.514999389648438,30321.0
2024-09-16 14:11:00+00:00,NMRK,15.029999732971191,15.029999732971191,15.029999732971191,15.005000114440918,15.005000114440918,18559.0
2024-09-16 14:11:00+00:00,OPEN,2.322000026702881,2.322000026702881,2.327500104904175,2.319999933242798,2.325000047683716,48488.0
2024-09-16 14:11:00+00:00,PCH,45.40999984741211,45.40999984741211,45.40999984741211,45.40999984741211,45.40999984741211,339.0
2024-09-16 14:11:00+00:00,RDFN,14.300000190734863,14.300000190734863,14.300000190734863,14.270000457763672,14.279899597167969,20925.0
2024-09-16 14:11:00+00:00,REFI,16.1299991607666,16.1299991607666,16.1299991607666,16.1299991607666,16.1299991607666,258.0
2024-09-16 14:11:00+00:00,SBAC,246.72999572753906,246.72999572753906,246.72999572753906,246.6699981689453,246.6699981689453,575.0
2024-09-16 14:11:00+00:00,SBRA,18.71500015258789,18.71500015258789,18.725000381469727,18.71500015258789,18.719999313354492,10918.0
2024-09-16 14:11:00+00:00,SVC,4.510000228881836,4.510000228881836,4.510000228881836,4.5,4.5,1374.0
2024-09-16 14:11:00+00:00,UNIT,5.364999771118164,5.364999771118164,5.364999771118164,5.364999771118164,5.364999771118164,1131.0
2024-09-16 14:11:00+00:00,WHLR,7.75,7.75,7.840000152587891,7.702199935913086,7.738800048828125,38837.0
2024-09-16 14:12:00+00:00,AGNC,10.494999885559082,10.494999885559082,10.5,10.489999771118164,10.494999885559082,3494.0
2024-09-16 14:12:00+00:00,AGNCP,24.59000015258789,24.59000015258789,24.59000015258789,24.59000015258789,24.59000015258789,300.0
2024-09-16 14:12:00+00:00,CSGP,78.63999938964844,78.63999938964844,78.66000366210938,78.62000274658203,78.63999938964844,4342.0
2024-09-16 14:12:00+00:00,EQIX,879.0599975585938,879.0599975585938,879.10498046875,879.0599975585938,879.10498046875,1970.0
2024-09-16 14:12:00+00:00,EXPI,14.670000076293945,14.670000076293945,14.680000305175781,14.670000076293945,14.680000305175781,1068.0
2024-09-16 14:12:00+00:00,GLPI,51.75,51.75,51.75,51.75,51.75,633.0
2024-09-16 14:12:00+00:00,GOOD,16.110000610351562,16.110000610351562,16.110000610351562,16.110000610351562,16.110000610351562,711.0
2024-09-16 14:12:00+00:00,HST,17.5049991607666,17.5049991607666,17.524999618530273,17.502500534057617,17.524999618530273,20539.0
2024-09-16 14:12:00+00:00,LAMR,130.36000061035156,130.36000061035156,130.36000061035156,130.36000061035156,130.36000061035156,164.0
2024-09-16 14:12:00+00:00,NMRK,15.024999618530273,15.024999618530273,15.024999618530273,15.024999618530273,15.024999618530273,656.0
2024-09-16 14:12:00+00:00,NYMTN,22.470800399780273,22.470800399780273,22.470800399780273,22.470800399780273,22.470800399780273,202.0
2024-09-16 14:12:00+00:00,OPEN,2.3201000690460205,2.3201000690460205,2.3282999992370605,2.319999933242798,2.327399969100952,19874.0
2024-09-16 14:12:00+00:00,RDFN,14.288800239562988,14.288800239562988,14.305500030517578,14.279999732971191,14.300000190734863,9075.0
2024-09-16 14:12:00+00:00,REG,74.87999725341797,74.87999725341797,74.8949966430664,74.87999725341797,74.8949966430664,1358.0
2024-09-16 14:12:00+00:00,ROIC,16.19499969482422,16.19499969482422,16.19499969482422,16.19499969482422,16.19499969482422,1303.0
2024-09-16 14:12:00+00:00,SBAC,246.74000549316406,246.74000549316406,246.74000549316406,246.74000549316406,246.74000549316406,601.0
2024-09-16 14:12:00+00:00,SBRA,18.729999542236328,18.729999542236328,18.729999542236328,18.709999084472656,18.709999084472656,2731.0
2024-09-16 14:12:00+00:00,SVC,4.514999866485596,4.514999866485596,4.514999866485596,4.509900093078613,4.510000228881836,3024.0
2024-09-16 14:12:00+00:00,UNIT,5.364999771118164,5.364999771118164,5.369999885559082,5.364999771118164,5.364999771118164,1051.0
2024-09-16 14:12:00+00:00,WHLR,7.670000076293945,7.670000076293945,7.829899787902832,7.599999904632568,7.829899787902832,26966.0
2024-09-16 14:13:00+00:00,AGNC,10.5,10.5,10.5,10.494999885559082,10.494999885559082,10059.0
2024-09-16 14:13:00+00:00,AGNCL,24.239900588989258,24.239900588989258,24.239900588989258,24.239900588989258,24.239900588989258,419.0
2024-09-16 14:13:00+00:00,AGNCO,25.18000030517578,25.18000030517578,25.18000030517578,25.18000030517578,25.18000030517578,200.0
2024-09-16 14:13:00+00:00,CSGP,78.58999633789062,78.58999633789062,78.63500213623047,78.58999633789062,78.63500213623047,1602.0
2024-09-16 14:13:00+00:00,EQIX,878.6599731445312,878.6599731445312,878.6599731445312,878.6599731445312,878.6599731445312,2402.0
2024-09-16 14:13:00+00:00,EXPI,14.680000305175781,14.680000305175781,14.680000305175781,14.680000305175781,14.680000305175781,1134.0
2024-09-16 14:13:00+00:00,GLPI,51.75,51.75,51.75,51.75,51.75,689.0
2024-09-16 14:13:00+00:00,HST,17.510000228881836,17.510000228881836,17.510000228881836,17.5049991607666,17.5049991607666,1103.0
2024-09-16 14:13:00+00:00,ILPT,5.114999771118164,5.114999771118164,5.114999771118164,5.114999771118164,5.114999771118164,302.0
2024-09-16 14:13:00+00:00,LAMR,130.3699951171875,130.3699951171875,130.3699951171875,130.3699951171875,130.3699951171875,166.0
2024-09-16 14:13:00+00:00,LAND,14.569999694824219,14.569999694824219,14.569999694824219,14.569999694824219,14.569999694824219,178.0
2024-09-16 14:13:00+00:00,NMRK,15.020000457763672,15.020000457763672,15.020000457763672,15.020000457763672,15.020000457763672,1230.0
2024-09-16 14:13:00+00:00,OPEN,2.3350000381469727,2.3350000381469727,2.339900016784668,2.3210999965667725,2.325000047683716,262036.0
2024-09-16 14:13:00+00:00,OPI,2.2200000286102295,2.2200000286102295,2.2200000286102295,2.2200000286102295,2.2200000286102295,123.0
2024-09-16 14:13:00+00:00,PCH,45.369998931884766,45.369998931884766,45.369998931884766,45.369998931884766,45.369998931884766,448.0
2024-09-16 14:13:00+00:00,RDFN,14.299200057983398,14.299200057983398,14.299200057983398,14.279999732971191,14.286499977111816,10108.0
2024-09-16 14:13:00+00:00,REG,74.86000061035156,74.86000061035156,74.86000061035156,74.8499984741211,74.8499984741211,1088.0
2024-09-16 14:13:00+00:00,SBAC,246.75,246.75,246.77000427246094,246.75,246.77000427246094,544.0
2024-09-16 14:13:00+00:00,SBRA,18.725000381469727,18.725000381469727,18.725000381469727,18.725000381469727,18.725000381469727,596.0
2024-09-16 14:13:00+00:00,SVC,4.514999866485596,4.514999866485596,4.514999866485596,4.514999866485596,4.514999866485596,198.0
2024-09-16 14:13:00+00:00,UNIT,5.364999771118164,5.364999771118164,5.364999771118164,5.36299991607666,5.36299991607666,1821.0
2024-09-16 14:13:00+00:00,WHLR,7.49560022354126,7.49560022354126,7.669899940490723,7.409999847412109,7.669899940490723,26888.0
2024-09-16 14:14:00+00:00,AFCG,10.555000305175781,10.555000305175781,10.555000305175781,10.555000305175781,10.555000305175781,102.0
2024-09-16 14:14:00+00:00,AGNC,10.494400024414062,10.494400024414062,10.5,10.49370002746582,10.494999885559082,4916.0
2024-09-16 14:14:00+00:00,AGNCM,25.31999969482422,25.31999969482422,25.31999969482422,25.31999969482422,25.31999969482422,0.0
2024-09-16 14:14:00+00:00,CSGP,78.61000061035156,78.61000061035156,78.61499786376953,78.58000183105469,78.61499786376953,984.0
2024-09-16 14:14:00+00:00,EXPI,14.670000076293945,14.670000076293945,14.670000076293945,14.670000076293945,14.670000076293945,4111.0
2024-09-16 14:14:00+00:00,GLPI,51.75,51.75,51.75,51.75,51.75,587.0
2024-09-16 14:14:00+00:00,HST,17.4950008392334,17.4950008392334,17.510000228881836,17.4950008392334,17.510000228881836,2875.0
2024-09-16 14:14:00+00:00,ILPT,5.114999771118164,5.114999771118164,5.114999771118164,5.114999771118164,5.114999771118164,112.0
2024-09-16 14:14:00+00:00,LAMR,130.3699951171875,130.3699951171875,130.3699951171875,130.3699951171875,130.3699951171875,372.0
2024-09-16 14:14:00+00:00,LSEA,12.710000038146973,12.710000038146973,12.710000038146973,12.699999809265137,12.699999809265137,709.0
2024-09-16 14:14:00+00:00,NMRK,15.02400016784668,15.02400016784668,15.024999618530273,15.02400016784668,15.024999618530273,1288.0
2024-09-16 14:14:00+00:00,NYMT,6.695000171661377,6.695000171661377,6.695000171661377,6.695000171661377,6.695000171661377,336.0
2024-09-16 14:14:00+00:00,NYMTM,24.399999618530273,24.399999618530273,24.399999618530273,24.399999618530273,24.399999618530273,3527.0
2024-09-16 14:14:00+00:00,OPEN,2.3350000381469727,2.3350000381469727,2.338200092315674,2.3299999237060547,2.3310999870300293,95200.0
2024-09-16 14:14:00+00:00,OPI,2.2249999046325684,2.2249999046325684,2.2249999046325684,2.2249999046325684,2.2249999046325684,203.0
2024-09-16 14:14:00+00:00,PCH,45.350101470947266,45.350101470947266,45.350101470947266,45.350101470947266,45.350101470947266,1791.0
2024-09-16 14:14:00+00:00,RDFN,14.329999923706055,14.329999923706055,14.329999923706055,14.300000190734863,14.302800178527832,17813.0
2024-09-16 14:14:00+00:00,REG,74.8499984741211,74.8499984741211,74.8499984741211,74.8499984741211,74.8499984741211,758.0
2024-09-16 14:14:00+00:00,SBAC,246.77499389648438,246.77499389648438,246.77499389648438,246.77499389648438,246.77499389648438,209.0
2024-09-16 14:14:00+00:00,SBRA,18.729999542236328,18.729999542236328,18.729999542236328,18.729999542236328,18.729999542236328,1197.0
2024-09-16 14:14:00+00:00,SVC,4.514999866485596,4.514999866485596,4.514999866485596,4.514999866485596,4.514999866485596,872.0
2024-09-16 14:14:00+00:00,UNIT,5.364999771118164,5.364999771118164,5.364999771118164,5.364999771118164,5.364999771118164,2752.0
2024-09-16 14:14:00+00:00,WHLR,7.570000171661377,7.570000171661377,7.585000038146973,7.46999979019165,7.46999979019165,10802.0
2024-09-16 14:15:00+00:00,AFCG,10.555000305175781,10.555000305175781,10.555000305175781,10.555000305175781,10.555000305175781,200.0
2024-09-16 14:15:00+00:00,AGNC,10.494999885559082,10.494999885559082,10.5,10.489999771118164,10.494999885559082,10810.0
2024-09-16 14:15:00+00:00,AGNCL,24.200000762939453,24.200000762939453,24.200000762939453,24.200000762939453,24.200000762939453,140.0
2024-09-16 14:15:00+00:00,BPYPO,14.130000114440918,14.130000114440918,14.130000114440918,14.130000114440918,14.130000114440918,724.0
2024-09-16 14:15:00+00:00,CIGI,147.2100067138672,147.2100067138672,147.2100067138672,147.2100067138672,147.2100067138672,22074.0
2024-09-16 14:15:00+00:00,CSGP,78.62000274658203,78.62000274658203,78.62000274658203,78.58999633789062,78.61499786376953,1399.0
2024-09-16 14:15:00+00:00,DHC,3.565000057220459,3.565000057220459,3.569999933242798,3.565000057220459,3.569999933242798,650.0
2024-09-16 14:15:00+00:00,EXPI,14.654999732971191,14.654999732971191,14.65999984741211,14.654999732971191,14.65999984741211,2469.0
2024-09-16 14:15:00+00:00,GLPI,51.75,51.75,51.75,51.75,51.75,853.0
2024-09-16 14:15:00+00:00,HST,17.4950008392334,17.4950008392334,17.4950008392334,17.4950008392334,17.4950008392334,2745.0
2024-09-16 14:15:00+00:00,ILPT,5.114999771118164,5.114999771118164,5.114999771118164,5.114999771118164,5.114999771118164,299.0
2024-09-16 14:15:00+00:00,LAMR,130.39500427246094,130.39500427246094,130.39999389648438,130.38999938964844,130.39999389648438,616.0
2024-09-16 14:15:00+00:00,LSEA,12.694999694824219,12.694999694824219,12.710000038146973,12.680000305175781,12.710000038146973,909.0
2024-09-16 14:15:00+00:00,NMRK,15.024999618530273,15.024999618530273,15.024999618530273,15.024999618530273,15.024999618530273,189.0
2024-09-16 14:15:00+00:00,NYMT,6.699999809265137,6.699999809265137,6.699999809265137,6.695000171661377,6.695000171661377,1126.0
2024-09-16 14:15:00+00:00,OPEN,2.3350000381469727,2.3350000381469727,2.3399999141693115,2.3299999237060547,2.3350000381469727,76677.0
2024-09-16 14:15:00+00:00,PECO,38.849998474121094,38.849998474121094,38.86000061035156,38.845001220703125,38.845001220703125,4214.0
2024-09-16 14:15:00+00:00,RDFN,14.289999961853027,14.289999961853027,14.335000038146973,14.289999961853027,14.335000038146973,22812.0
2024-09-16 14:15:00+00:00,REAX,5.853799819946289,5.853799819946289,5.855000019073486,5.849999904632568,5.849999904632568,7787.0
2024-09-16 14:15:00+00:00,SBAC,246.67999267578125,246.67999267578125,246.67999267578125,246.67999267578125,246.67999267578125,364.0
2024-09-16 14:15:00+00:00,SBRA,18.739999771118164,18.739999771118164,18.739999771118164,18.729999542236328,18.729999542236328,3500.0
2024-09-16 14:15:00+00:00,SVC,4.505000114440918,4.505000114440918,4.514999866485596,4.5,4.514999866485596,4148.0
2024-09-16 14:15:00+00:00,UNIT,5.369999885559082,5.369999885559082,5.369999885559082,5.369999885559082,5.369999885559082,607.0
2024-09-16 14:15:00+00:00,WHLR,7.539999961853027,7.539999961853027,7.570000171661377,7.460000038146973,7.570000171661377,18598.0
2024-09-16 14:16:00+00:00,AFCG,10.5600004196167,10.5600004196167,10.5600004196167,10.5600004196167,10.5600004196167,1901.0
2024-09-16 14:16:00+00:00,AGNC,10.494999885559082,10.494999885559082,10.5,10.494999885559082,10.499899864196777,9516.0
2024-09-16 14:16:00+00:00,ASPS,1.1749999523162842,1.1749999523162842,1.1749999523162842,1.1749999523162842,1.1749999523162842,6231.0
2024-09-16 14:16:00+00:00,CSGP,78.58499908447266,78.58499908447266,78.63089752197266,78.58000183105469,78.61499786376953,4618.0
2024-09-16 14:16:00+00:00,EXPI,14.649999618530273,14.649999618530273,14.649999618530273,14.649999618530273,14.649999618530273,918.0
2024-09-16 14:16:00+00:00,GLPI,51.75,51.75,51.755001068115234,51.75,51.755001068115234,2438.0
2024-09-16 14:16:00+00:00,HST,17.479999542236328,17.479999542236328,17.5,17.479999542236328,17.4950008392334,7040.0
2024-09-16 14:16:00+00:00,HTIA,15.850000381469727,15.850000381469727,15.850000381469727,15.850000381469727,15.850000381469727,600.0
2024-09-16 14:16:00+00:00,ILPT,5.110000133514404,5.110000133514404,5.114999771118164,5.110000133514404,5.114999771118164,1446.0
2024-09-16 14:16:00+00:00,LAMR,130.39999389648438,130.39999389648438,130.44000244140625,130.39999389648438,130.44000244140625,1243.0
2024-09-16 14:16:00+00:00,LSEA,12.694999694824219,12.694999694824219,12.694999694824219,12.694999694824219,12.694999694824219,318.0
2024-09-16 14:16:00+00:00,NMRK,15.020000457763672,15.020000457763672,15.020000457763672,15.020000457763672,15.020000457763672,1181.0
2024-09-16 14:16:00+00:00,NYMTZ,20.905000686645508,20.905000686645508,20.969999313354492,20.905000686645508,20.905000686645508,838.0
2024-09-16 14:16:00+00:00,OPEN,2.3310999870300293,2.3310999870300293,2.3399999141693115,2.3299999237060547,2.3350000381469727,55279.0
2024-09-16 14:16:00+00:00,RDFN,14.244999885559082,14.244999885559082,14.300000190734863,14.244999885559082,14.289999961853027,10333.0
2024-09-16 14:16:00+00:00,REAX,5.864999771118164,5.864999771118164,5.864999771118164,5.860000133514404,5.860000133514404,1350.0
2024-09-16 14:16:00+00:00,REG,74.84500122070312,74.84500122070312,74.84500122070312,74.84500122070312,74.84500122070312,114.0
2024-09-16 14:16:00+00:00,ROIC,16.19499969482422,16.19499969482422,16.19499969482422,16.19499969482422,16.19499969482422,1134.0
2024-09-16 14:16:00+00:00,SBAC,246.8300018310547,246.8300018310547,246.8300018310547,246.8300018310547,246.8300018310547,129.0
2024-09-16 14:16:00+00:00,SBRA,18.75,18.75,18.75,18.739999771118164,18.739999771118164,2342.0
2024-09-16 14:16:00+00:00,SELF,5.435200214385986,5.435200214385986,5.435200214385986,5.435200214385986,5.435200214385986,2951.0
2024-09-16 14:16:00+00:00,UNIT,5.360000133514404,5.360000133514404,5.364999771118164,5.360000133514404,5.364999771118164,9258.0
2024-09-16 14:16:00+00:00,WHLR,7.579999923706055,7.579999923706055,7.599999904632568,7.440000057220459,7.539999961853027,27423.0
2024-09-16 14:17:00+00:00,AEI,1.0850000381469727,1.0850000381469727,1.0850000381469727,1.0850000381469727,1.0850000381469727,316.0
2024-09-16 14:17:00+00:00,AFCG,10.550000190734863,10.550000190734863,10.550000190734863,10.550000190734863,10.550000190734863,0.0
2024-09-16 14:17:00+00:00,AGNC,10.496000289916992,10.496000289916992,10.5,10.494999885559082,10.496000289916992,3540.0
2024-09-16 14:17:00+00:00,AGNCP,24.59000015258789,24.59000015258789,24.59000015258789,24.59000015258789,24.59000015258789,706.0
2024-09-16 14:17:00+00:00,ASPS,1.179900050163269,1.179900050163269,1.1799999475479126,1.179900050163269,1.1799999475479126,0.0
2024-09-16 14:17:00+00:00,DHC,3.565000057220459,3.565000057220459,3.565000057220459,3.565000057220459,3.565000057220459,458.0
2024-09-16 14:17:00+00:00,EXPI,14.649999618530273,14.649999618530273,14.649999618530273,14.640000343322754,14.640000343322754,2774.0
2024-09-16 14:17:00+00:00,GLPI,51.75,51.75,51.75,51.75,51.75,0.0
2024-09-16 14:17:00+00:00,GOOD,16.110000610351562,16.110000610351562,16.110000610351562,16.110000610351562,16.110000610351562,199.0
2024-09-16 14:17:00+00:00,HST,17.485000610351562,17.485000610351562,17.485000610351562,17.475000381469727,17.475000381469727,5547.0
2024-09-16 14:17:00+00:00,ILPT,5.105000019073486,5.105000019073486,5.105000019073486,5.105000019073486,5.105000019073486,213.0
2024-09-16 14:17:00+00:00,LAND,14.56980037689209,14.56980037689209,14.579999923706055,14.564000129699707,14.564000129699707,501.0
2024-09-16 14:17:00+00:00,NMRK,15.015000343322754,15.015000343322754,15.015000343322754,15.015000343322754,15.015000343322754,802.0
2024-09-16 14:17:00+00:00,OPEN,2.3350000381469727,2.3350000381469727,2.339900016784668,2.3299999237060547,2.3299999237060547,60906.0
2024-09-16 14:17:00+00:00,PECO,38.82600021362305,38.82600021362305,38.834999084472656,38.82600021362305,38.834999084472656,949.0
2024-09-16 14:17:00+00:00,RDFN,14.239999771118164,14.239999771118164,14.249899864196777,14.232500076293945,14.244999885559082,17589.0
2024-09-16 14:17:00+00:00,REG,74.83000183105469,74.83000183105469,74.84500122070312,74.83000183105469,74.84500122070312,1666.0
2024-09-16 14:17:00+00:00,SBAC,246.77000427246094,246.77000427246094,246.77499389648438,246.77000427246094,246.77499389648438,952.0
2024-09-16 14:17:00+00:00,SBRA,18.75,18.75,18.75,18.7450008392334,18.7450008392334,1526.0
2024-09-16 14:17:00+00:00,SVC,4.5081000328063965,4.5081000328063965,4.5081000328063965,4.5081000328063965,4.5081000328063965,206.0
2024-09-16 14:17:00+00:00,UNIT,5.364999771118164,5.364999771118164,5.369999885559082,5.360000133514404,5.369999885559082,1506.0
2024-09-16 14:17:00+00:00,WHLR,7.51039981842041,7.51039981842041,7.559999942779541,7.51039981842041,7.541200160980225,4627.0
2024-09-16 14:18:00+00:00,AFCG,10.550000190734863,10.550000190734863,10.550000190734863,10.550000190734863,10.550000190734863,100.0
2024-09-16 14:18:00+00:00,AGNC,10.489999771118164,10.489999771118164,10.5,10.489999771118164,10.494999885559082,16271.0
2024-09-16 14:18:00+00:00,CIGI,147.36000061035156,147.36000061035156,147.36000061035156,147.32000732421875,147.32000732421875,979.0
2024-09-16 14:18:00+00:00,CSGP,78.55999755859375,78.55999755859375,78.57869720458984,78.55999755859375,78.57869720458984,1499.0
2024-09-16 14:18:00+00:00,EXPI,14.640000343322754,14.640000343322754,14.65999984741211,14.640000343322754,14.65999984741211,2002.0
2024-09-16 14:18:00+00:00,GLPI,51.7400016784668,51.7400016784668,51.75,51.7400016784668,51.75,2132.0
2024-09-16 14:18:00+00:00,HST,17.4950008392334,17.4950008392334,17.5,17.485000610351562,17.489999771118164,4693.0
2024-09-16 14:18:00+00:00,ILPT,5.099999904632568,5.099999904632568,5.099999904632568,5.099999904632568,5.099999904632568,724.0
2024-09-16 14:18:00+00:00,LAMR,130.34010314941406,130.34010314941406,130.34010314941406,130.34010314941406,130.34010314941406,397.0
2024-09-16 14:18:00+00:00,LAND,14.5600004196167,14.5600004196167,14.5600004196167,14.5600004196167,14.5600004196167,178.0
2024-09-16 14:18:00+00:00,LSEA,12.680000305175781,12.680000305175781,12.680000305175781,12.680000305175781,12.680000305175781,115.0
2024-09-16 14:18:00+00:00,NMRK,15.005000114440918,15.005000114440918,15.010000228881836,15.005000114440918,15.010000228881836,2687.0
2024-09-16 14:18:00+00:00,OPEN,2.325000047683716,2.325000047683716,2.336400032043457,2.3229000568389893,2.336400032043457,85341.0
2024-09-16 14:18:00+00:00,RDFN,14.179900169372559,14.179900169372559,14.239999771118164,14.175000190734863,14.239999771118164,13019.0
2024-09-16 14:18:00+00:00,REG,74.8499984741211,74.8499984741211,74.8499984741211,74.83499908447266,74.83999633789062,2142.0
2024-09-16 14:18:00+00:00,ROIC,16.19499969482422,16.19499969482422,16.19499969482422,16.19499969482422,16.19499969482422,532.0
2024-09-16 14:18:00+00:00,SBRA,18.75,18.75,18.75,18.75,18.75,2176.0
2024-09-16 14:18:00+00:00,SVC,4.5,4.5,4.505000114440918,4.5,4.500100135803223,3802.0
2024-09-16 14:18:00+00:00,UNIT,5.364999771118164,5.364999771118164,5.369999885559082,5.360000133514404,5.369999885559082,3327.0
2024-09-16 14:18:00+00:00,WHLR,7.650000095367432,7.650000095367432,7.650000095367432,7.520100116729736,7.5208001136779785,9938.0
2024-09-16 14:19:00+00:00,AGNC,10.4975004196167,10.4975004196167,10.5,10.489999771118164,10.494999885559082,40763.0
2024-09-16 14:19:00+00:00,AGNCL,24.18000030517578,24.18000030517578,24.18000030517578,24.170000076293945,24.170000076293945,616.0
2024-09-16 14:19:00+00:00,AGNCO,25.190000534057617,25.190000534057617,25.190000534057617,25.190000534057617,25.190000534057617,300.0
2024-09-16 14:19:00+00:00,CIGI,147.1999969482422,147.1999969482422,147.1999969482422,147.1999969482422,147.1999969482422,440.0
2024-09-16 14:19:00+00:00,CSGP,78.55500030517578,78.55500030517578,78.58000183105469,78.55500030517578,78.55999755859375,1065.0
2024-09-16 14:19:00+00:00,EXPI,14.619999885559082,14.619999885559082,14.619999885559082,14.609999656677246,14.609999656677246,1270.0
2024-09-16 14:19:00+00:00,GLPI,51.75,51.75,51.75,51.73500061035156,51.7400016784668,1071.0
2024-09-16 14:19:00+00:00,GOOD,16.100000381469727,16.100000381469727,16.100000381469727,16.100000381469727,16.100000381469727,614.0
2024-09-16 14:19:00+00:00,HST,17.489999771118164,17.489999771118164,17.489999771118164,17.485000610351562,17.489999771118164,1315.0
2024-09-16 14:19:00+00:00,LAMR,130.52000427246094,130.52000427246094,130.52000427246094,130.4199981689453,130.42250061035156,1370.0
2024-09-16 14:19:00+00:00,LOAN,5.219900131225586,5.219900131225586,5.219900131225586,5.219900131225586,5.219900131225586,1844.0
2024-09-16 14:19:00+00:00,LSEA,12.6899995803833,12.6899995803833,12.6899995803833,12.670000076293945,12.670000076293945,1757.0
2024-09-16 14:19:00+00:00,NMRK,14.992400169372559,14.992400169372559,15.0,14.984999656677246,15.0,15120.0
2024-09-16 14:19:00+00:00,NYMTZ,20.969999313354492,20.969999313354492,20.969999313354492,20.920000076293945,20.920000076293945,600.0
2024-09-16 14:19:00+00:00,OPEN,2.3343000411987305,2.3343000411987305,2.3394999504089355,2.325000047683716,2.325000047683716,367867.0
2024-09-16 14:19:00+00:00,OPI,2.2200000286102295,2.2200000286102295,2.2200000286102295,2.2200000286102295,2.2200000286102295,1415.0
2024-09-16 14:19:00+00:00,PCH,45.33000183105469,45.33000183105469,45.34000015258789,45.33000183105469,45.34000015258789,1830.0
2024-09-16 14:19:00+00:00,RDFN,14.1899995803833,14.1899995803833,14.199999809265137,14.15999984741211,14.170000076293945,21193.0
2024-09-16 14:19:00+00:00,REAX,5.860000133514404,5.860000133514404,5.860000133514404,5.860000133514404,5.860000133514404,767.0
2024-09-16 14:19:00+00:00,REG,74.8499984741211,74.8499984741211,74.8499984741211,74.83999633789062,74.83999633789062,1311.0
2024-09-16 14:19:00+00:00,SBRA,18.75,18.75,18.75,18.7450008392334,18.75,8699.0
2024-09-16 14:19:00+00:00,UNIT,5.369999885559082,5.369999885559082,5.369999885559082,5.360000133514404,5.364999771118164,2862.0
2024-09-16 14:19:00+00:00,WHLR,7.673600196838379,7.673600196838379,7.699999809265137,7.621200084686279,7.683000087738037,10758.0
2024-09-16 14:20:00+00:00,AFCG,10.550000190734863,10.550000190734863,10.550000190734863,10.550000190734863,10.550000190734863,1217.0
2024-09-16 14:20:00+00:00,AGNC,10.4975004196167,10.4975004196167,10.498000144958496,10.489999771118164,10.494999885559082,8588.0
2024-09-16 14:20:00+00:00,CSGP,78.52999877929688,78.52999877929688,78.54000091552734,78.52999877929688,78.54000091552734,1509.0
2024-09-16 14:20:00+00:00,EXPI,14.619999885559082,14.619999885559082,14.619999885559082,14.619999885559082,14.619999885559082,409.0
2024-09-16 14:20:00+00:00,GLPI,51.75,51.75,51.755001068115234,51.75,51.75,1129.0
2024-09-16 14:20:00+00:00,HST,17.485000610351562,17.485000610351562,17.489999771118164,17.485000610351562,17.485000610351562,8238.0
2024-09-16 14:20:00+00:00,HTIA,15.850000381469727,15.850000381469727,15.850000381469727,15.850000381469727,15.850000381469727,2461.0
2024-09-16 14:20:00+00:00,LAMR,130.60499572753906,130.60499572753906,130.60499572753906,130.55999755859375,130.55999755859375,510.0
2024-09-16 14:20:00+00:00,OPEN,2.3350000381469727,2.3350000381469727,2.3399999141693115,2.3301000595092773,2.3350000381469727,27018.0
2024-09-16 14:20:00+00:00,OPI,2.2249999046325684,2.2249999046325684,2.2249999046325684,2.2249999046325684,2.2249999046325684,118.0
2024-09-16 14:20:00+00:00,PECO,38.83000183105469,38.83000183105469,38.83000183105469,38.83000183105469,38.83000183105469,144.0
2024-09-16 14:20:00+00:00,RDFN,14.194999694824219,14.194999694824219,14.194999694824219,14.180000305175781,14.1850004196167,7097.0
2024-09-16 14:20:00+00:00,REG,74.87000274658203,74.87000274658203,74.87000274658203,74.8499984741211,74.8499984741211,2229.0
2024-09-16 14:20:00+00:00,ROIC,16.200000762939453,16.200000762939453,16.200000762939453,16.200000762939453,16.200000762939453,1354.0
2024-09-16 14:20:00+00:00,SBRA,18.75,18.75,18.75,18.7450008392334,18.7450008392334,1261.0
2024-09-16 14:20:00+00:00,SVC,4.505000114440918,4.505000114440918,4.505000114440918,4.505000114440918,4.505000114440918,151.0
2024-09-16 14:20:00+00:00,UNIT,5.364999771118164,5.364999771118164,5.364999771118164,5.360099792480469,5.364999771118164,3089.0
2024-09-16 14:20:00+00:00,WHLR,7.649899959564209,7.649899959564209,7.689199924468994,7.599999904632568,7.689199924468994,3602.0
2024-09-16 14:21:00+00:00,AGNC,10.5,10.5,10.5,10.489999771118164,10.49120044708252,6537.0
2024-09-16 14:21:00+00:00,AGNCO,25.18000030517578,25.18000030517578,25.18000030517578,25.18000030517578,25.18000030517578,130.0
2024-09-16 14:21:00+00:00,CSGP,78.56999969482422,78.56999969482422,78.56999969482422,78.54000091552734,78.54000091552734,2872.0
2024-09-16 14:21:00+00:00,DHC,3.565000057220459,3.565000057220459,3.565000057220459,3.565000057220459,3.565000057220459,204.0
2024-09-16 14:21:00+00:00,EXPI,14.630000114440918,14.630000114440918,14.640000343322754,14.619999885559082,14.619999885559082,1759.0
2024-09-16 14:21:00+00:00,GLPI,51.77000045776367,51.77000045776367,51.77000045776367,51.7599983215332,51.7599983215332,3942.0
2024-09-16 14:21:00+00:00,HST,17.510000228881836,17.510000228881836,17.510000228881836,17.480100631713867,17.489999771118164,12307.0
2024-09-16 14:21:00+00:00,ILPT,5.09499979019165,5.09499979019165,5.09499979019165,5.09499979019165,5.09499979019165,160.0
2024-09-16 14:21:00+00:00,LAMR,130.6199951171875,130.6199951171875,130.6199951171875,130.6199951171875,130.6199951171875,1092.0
2024-09-16 14:21:00+00:00,LAND,14.569999694824219,14.569999694824219,14.569999694824219,14.555000305175781,14.555000305175781,1646.0
2024-09-16 14:21:00+00:00,NMRK,14.994999885559082,14.994999885559082,14.994999885559082,14.994999885559082,14.994999885559082,2262.0
2024-09-16 14:21:00+00:00,OPEN,2.3359999656677246,2.3359999656677246,2.3399999141693115,2.3336000442504883,2.3350000381469727,31741.0
2024-09-16 14:21:00+00:00,OPI,2.2200000286102295,2.2200000286102295,2.2200000286102295,2.2200000286102295,2.2200000286102295,216.0
2024-09-16 14:21:00+00:00,PCH,45.349998474121094,45.349998474121094,45.349998474121094,45.334999084472656,45.334999084472656,1373.0
2024-09-16 14:21:00+00:00,PECO,38.849998474121094,38.849998474121094,38.849998474121094,38.84000015258789,38.84000015258789,1046.0
2024-09-16 14:21:00+00:00,RDFN,14.201600074768066,14.201600074768066,14.210000038146973,14.1850004196167,14.210000038146973,9224.0
2024-09-16 14:21:00+00:00,REAX,5.869999885559082,5.869999885559082,5.869999885559082,5.869999885559082,5.869999885559082,142.0
2024-09-16 14:21:00+00:00,REFI,16.1299991607666,16.1299991607666,16.139999389648438,16.1200008392334,16.1200008392334,804.0
2024-09-16 14:21:00+00:00,REG,74.9000015258789,74.9000015258789,74.9000015258789,74.88999938964844,74.88999938964844,721.0
2024-09-16 14:21:00+00:00,ROIC,16.18000030517578,16.18000030517578,16.204999923706055,16.174999237060547,16.200000762939453,8648.0
2024-09-16 14:21:00+00:00,SBRA,18.764999389648438,18.764999389648438,18.770000457763672,18.75,18.75,7230.0
2024-09-16 14:21:00+00:00,SVC,4.505000114440918,4.505000114440918,4.505000114440918,4.505000114440918,4.505000114440918,1301.0
2024-09-16 14:21:00+00:00,UNIT,5.364999771118164,5.364999771118164,5.369999885559082,5.360000133514404,5.364999771118164,2310.0
2024-09-16 14:21:00+00:00,WHLR,7.659999847412109,7.659999847412109,7.667399883270264,7.570099830627441,7.610000133514404,9941.0
2024-09-16 14:22:00+00:00,AFCG,10.550000190734863,10.550000190734863,10.555000305175781,10.550000190734863,10.555000305175781,311.0
2024-09-16 14:22:00+00:00,AGNC,10.489999771118164,10.489999771118164,10.5,10.489999771118164,10.490300178527832,6026.0
2024-09-16 14:22:00+00:00,AGNCO,25.190000534057617,25.190000534057617,25.199800491333008,25.190000534057617,25.190000534057617,899.0
2024-09-16 14:22:00+00:00,CSGP,78.55999755859375,78.55999755859375,78.5999984741211,78.55999755859375,78.58999633789062,1689.0
2024-09-16 14:22:00+00:00,DHC,3.569999933242798,3.569999933242798,3.569999933242798,3.565000057220459,3.565000057220459,354.0
2024-09-16 14:22:00+00:00,EXPI,14.630000114440918,14.630000114440918,14.640199661254883,14.630000114440918,14.640199661254883,7060.0
2024-09-16 14:22:00+00:00,GLPI,51.7599983215332,51.7599983215332,51.775001525878906,51.75,51.775001525878906,9785.0
2024-09-16 14:22:00+00:00,HST,17.510000228881836,17.510000228881836,17.510000228881836,17.5049991607666,17.510000228881836,3964.0
2024-09-16 14:22:00+00:00,ILPT,5.099999904632568,5.099999904632568,5.099999904632568,5.099999904632568,5.099999904632568,877.0
2024-09-16 14:22:00+00:00,LAMR,130.77000427246094,130.77000427246094,130.77000427246094,130.77000427246094,130.77000427246094,270.0
2024-09-16 14:22:00+00:00,NMRK,14.994999885559082,14.994999885559082,14.994999885559082,14.970000267028809,14.994999885559082,18634.0
2024-09-16 14:22:00+00:00,NYMT,6.695000171661377,6.695000171661377,6.695000171661377,6.695000171661377,6.695000171661377,489.0
2024-09-16 14:22:00+00:00,OPEN,2.33870005607605,2.33870005607605,2.3399999141693115,2.3350000381469727,2.339900016784668,39083.0
2024-09-16 14:22:00+00:00,PECO,38.869998931884766,38.869998931884766,38.869998931884766,38.85499954223633,38.85499954223633,252.0
2024-09-16 14:22:00+00:00,RDFN,14.25160026550293,14.25160026550293,14.260000228881836,14.200499534606934,14.204999923706055,11167.0
2024-09-16 14:22:00+00:00,REAX,5.860000133514404,5.860000133514404,5.860000133514404,5.860000133514404,5.860000133514404,272.0
2024-09-16 14:22:00+00:00,REFI,16.100000381469727,16.100000381469727,16.100000381469727,16.100000381469727,16.100000381469727,228.0
2024-09-16 14:22:00+00:00,ROIC,16.155000686645508,16.155000686645508,16.18000030517578,16.145000457763672,16.18000030517578,7180.0
2024-09-16 14:22:00+00:00,SBAC,246.7550048828125,246.7550048828125,246.7550048828125,246.7550048828125,246.7550048828125,310.0
2024-09-16 14:22:00+00:00,SBRA,18.780000686645508,18.780000686645508,18.780000686645508,18.765899658203125,18.770000457763672,4818.0
2024-09-16 14:22:00+00:00,SVC,4.505000114440918,4.505000114440918,4.505000114440918,4.505000114440918,4.505000114440918,156.0
2024-09-16 14:22:00+00:00,UNIT,5.364999771118164,5.364999771118164,5.364999771118164,5.360000133514404,5.364999771118164,1681.0
2024-09-16 14:22:00+00:00,WHLR,7.675000190734863,7.675000190734863,7.699999809265137,7.5970001220703125,7.599999904632568,16365.0
2024-09-16 14:23:00+00:00,AFCG,10.545000076293945,10.545000076293945,10.545000076293945,10.545000076293945,10.545000076293945,481.0
2024-09-16 14:23:00+00:00,AGNC,10.494999885559082,10.494999885559082,10.497099876403809,10.489999771118164,10.494999885559082,11213.0
2024-09-16 14:23:00+00:00,AGNCP,24.58009910583496,24.58009910583496,24.59000015258789,24.579999923706055,24.587499618530273,2501.0
2024-09-16 14:23:00+00:00,CSGP,78.56999969482422,78.56999969482422,78.56999969482422,78.56500244140625,78.56500244140625,803.0
2024-09-16 14:23:00+00:00,DHC,3.569999933242798,3.569999933242798,3.569999933242798,3.565000057220459,3.565000057220459,835.0
2024-09-16 14:23:00+00:00,EQIX,879.7899780273438,879.7899780273438,879.7899780273438,879.7899780273438,879.7899780273438,745.0
2024-09-16 14:23:00+00:00,EXPI,14.62399959564209,14.62399959564209,14.630000114440918,14.62399959564209,14.630000114440918,2525.0
2024-09-16 14:23:00+00:00,FSV,180.49229431152344,180.49229431152344,180.49229431152344,180.49229431152344,180.49229431152344,698.0
2024-09-16 14:23:00+00:00,GLPI,51.7599983215332,51.7599983215332,51.779998779296875,51.7400016784668,51.77000045776367,23626.0
2024-09-16 14:23:00+00:00,HST,17.5049991607666,17.5049991607666,17.510000228881836,17.5,17.5,5449.0
2024-09-16 14:23:00+00:00,ILPT,5.105000019073486,5.105000019073486,5.105000019073486,5.105000019073486,5.105000019073486,327.0
2024-09-16 14:23:00+00:00,NMRK,14.994999885559082,14.994999885559082,14.994999885559082,14.994999885559082,14.994999885559082,311.0
2024-09-16 14:23:00+00:00,NYMT,6.690000057220459,6.690000057220459,6.698999881744385,6.690000057220459,6.698999881744385,862.0
2024-09-16 14:23:00+00:00,OPEN,2.3338000774383545,2.3338000774383545,2.3399999141693115,2.3338000774383545,2.3378000259399414,19476.0
2024-09-16 14:23:00+00:00,PCH,45.36000061035156,45.36000061035156,45.369998931884766,45.34000015258789,45.34000015258789,1116.0
2024-09-16 14:23:00+00:00,PECO,38.849998474121094,38.849998474121094,38.869998931884766,38.849998474121094,38.869998931884766,2503.0
2024-09-16 14:23:00+00:00,RDFN,14.260000228881836,14.260000228881836,14.279999732971191,14.250100135803223,14.255000114440918,7952.0
2024-09-16 14:23:00+00:00,REAX,5.864999771118164,5.864999771118164,5.864999771118164,5.864999771118164,5.864999771118164,675.0
2024-09-16 14:23:00+00:00,REG,74.91999816894531,74.91999816894531,74.93000030517578,74.91999816894531,74.91999816894531,1435.0
2024-09-16 14:23:00+00:00,ROIC,16.155000686645508,16.155000686645508,16.155000686645508,16.155000686645508,16.155000686645508,286.0
2024-09-16 14:23:00+00:00,SBAC,246.75,246.75,246.75,246.75,246.75,192.0
2024-09-16 14:23:00+00:00,SBRA,18.774999618530273,18.774999618530273,18.780000686645508,18.774999618530273,18.774999618530273,2445.0
2024-09-16 14:23:00+00:00,SELF,5.460000038146973,5.460000038146973,5.460000038146973,5.460000038146973,5.460000038146973,1471.0
2024-09-16 14:23:00+00:00,SEVN,13.90999984741211,13.90999984741211,13.90999984741211,13.90999984741211,13.90999984741211,869.0
2024-09-16 14:23:00+00:00,SVC,4.510000228881836,4.510000228881836,4.510000228881836,4.5,4.505000114440918,2796.0
2024-09-16 14:23:00+00:00,UNIT,5.335000038146973,5.335000038146973,5.360000133514404,5.335000038146973,5.360000133514404,32950.0
2024-09-16 14:23:00+00:00,WHLR,7.644999980926514,7.644999980926514,7.679999828338623,7.610099792480469,7.670000076293945,4151.0
2024-09-16 14:24:00+00:00,AGNC,10.489999771118164,10.489999771118164,10.5,10.489999771118164,10.494999885559082,9028.0
2024-09-16 14:24:00+00:00,AGNCO,25.200000762939453,25.200000762939453,25.200000762939453,25.200000762939453,25.200000762939453,100.0
2024-09-16 14:24:00+00:00,CHCI,8.770000457763672,8.770000457763672,8.770000457763672,8.770000457763672,8.770000457763672,621.0
2024-09-16 14:24:00+00:00,CIGI,147.25999450683594,147.25999450683594,147.25999450683594,147.25999450683594,147.25999450683594,194.0
2024-09-16 14:24:00+00:00,CMCT,1.9378999471664429,1.9378999471664429,1.9378999471664429,1.9378999471664429,1.9378999471664429,2000.0
2024-09-16 14:24:00+00:00,CSGP,78.55999755859375,78.55999755859375,78.57499694824219,78.55999755859375,78.57499694824219,1849.0
2024-09-16 14:24:00+00:00,GLPI,51.790000915527344,51.790000915527344,51.790000915527344,51.779998779296875,51.779998779296875,2420.0
2024-09-16 14:24:00+00:00,GOOD,16.100000381469727,16.100000381469727,16.100000381469727,16.100000381469727,16.100000381469727,146.0
2024-09-16 14:24:00+00:00,GOODN,23.009300231933594,23.009300231933594,23.009300231933594,23.009300231933594,23.009300231933594,241.0
2024-09-16 14:24:00+00:00,HST,17.510000228881836,17.510000228881836,17.510000228881836,17.5049991607666,17.5049991607666,1848.0
2024-09-16 14:24:00+00:00,LAMR,130.7949981689453,130.7949981689453,130.8300018310547,130.77000427246094,130.77000427246094,2049.0
2024-09-16 14:24:00+00:00,NMRK,14.994999885559082,14.994999885559082,14.994999885559082,14.994999885559082,14.994999885559082,438.0
2024-09-16 14:24:00+00:00,OPEN,2.3299999237060547,2.3299999237060547,2.3399999141693115,2.3299999237060547,2.339900016784668,56139.0
2024-09-16 14:24:00+00:00,OPI,2.2249999046325684,2.2249999046325684,2.2249999046325684,2.2249999046325684,2.2249999046325684,1222.0
2024-09-16 14:24:00+00:00,RDFN,14.234800338745117,14.234800338745117,14.25,14.234800338745117,14.25,5672.0
2024-09-16 14:24:00+00:00,REFI,16.134700775146484,16.134700775146484,16.134700775146484,16.1299991607666,16.1299991607666,258.0
2024-09-16 14:24:00+00:00,RMR,25.229999542236328,25.229999542236328,25.229999542236328,25.229999542236328,25.229999542236328,495.0
2024-09-16 14:24:00+00:00,ROIC,16.15999984741211,16.15999984741211,16.15999984741211,16.155000686645508,16.155000686645508,10321.0
2024-09-16 14:24:00+00:00,SBAC,246.77000427246094,246.77000427246094,246.77000427246094,246.77000427246094,246.77000427246094,526.0
2024-09-16 14:24:00+00:00,SBRA,18.790000915527344,18.790000915527344,18.790000915527344,18.774999618530273,18.77989959716797,8901.0
2024-09-16 14:24:00+00:00,SEVN,13.899999618530273,13.899999618530273,13.899999618530273,13.899999618530273,13.899999618530273,145.0
2024-09-16 14:24:00+00:00,SVC,4.505000114440918,4.505000114440918,4.510000228881836,4.5,4.510000228881836,605.0
2024-09-16 14:24:00+00:00,UNIT,5.329999923706055,5.329999923706055,5.340000152587891,5.329999923706055,5.330100059509277,6491.0
2024-09-16 14:24:00+00:00,WHLR,7.829999923706055,7.829999923706055,7.829999923706055,7.619999885559082,7.619999885559082,48971.0
2024-09-16 14:25:00+00:00,AFCG,10.545000076293945,10.545000076293945,10.545000076293945,10.539999961853027,10.539999961853027,639.0
2024-09-16 14:25:00+00:00,AGNC,10.494999885559082,10.494999885559082,10.5,10.489999771118164,10.494999885559082,7765.0
2024-09-16 14:25:00+00:00,AGNCO,25.190000534057617,25.190000534057617,25.200000762939453,25.190000534057617,25.19179916381836,1317.0
2024-09-16 14:25:00+00:00,BPYPN,12.850000381469727,12.850000381469727,12.850000381469727,12.850000381469727,12.850000381469727,72500.0
2024-09-16 14:25:00+00:00,BPYPO,14.130000114440918,14.130000114440918,14.130000114440918,14.130000114440918,14.130000114440918,100.0
2024-09-16 14:25:00+00:00,DHC,3.569999933242798,3.569999933242798,3.569999933242798,3.565000057220459,3.565000057220459,1250.0
2024-09-16 14:25:00+00:00,DUO,0.4399999976158142,0.4399999976158142,0.4399999976158142,0.4399999976158142,0.4399999976158142,217339.0
2024-09-16 14:25:00+00:00,EXPI,14.619999885559082,14.619999885559082,14.619999885559082,14.619999885559082,14.619999885559082,1108.0
2024-09-16 14:25:00+00:00,GLPI,51.77000045776367,51.77000045776367,51.790000915527344,51.77000045776367,51.779998779296875,2062.0
2024-09-16 14:25:00+00:00,GOOD,16.104999542236328,16.104999542236328,16.104999542236328,16.104999542236328,16.104999542236328,523.0
2024-09-16 14:25:00+00:00,HST,17.510000228881836,17.510000228881836,17.510000228881836,17.5049991607666,17.510000228881836,9609.0
2024-09-16 14:25:00+00:00,ILPT,5.105000019073486,5.105000019073486,5.105000019073486,5.105000019073486,5.105000019073486,270.0
2024-09-16 14:25:00+00:00,NMRK,14.994999885559082,14.994999885559082,14.994999885559082,14.989999771118164,14.994999885559082,506.0
2024-09-16 14:25:00+00:00,NYMT,6.699999809265137,6.699999809265137,6.699999809265137,6.699999809265137,6.699999809265137,319.0
2024-09-16 14:25:00+00:00,NYMTN,22.469999313354492,22.469999313354492,22.47010040283203,22.43000030517578,22.43000030517578,1920.0
2024-09-16 14:25:00+00:00,OPEN,2.3350000381469727,2.3350000381469727,2.3399999141693115,2.3299999237060547,2.3350000381469727,62303.0
2024-09-16 14:25:00+00:00,PCH,45.369998931884766,45.369998931884766,45.369998931884766,45.349998474121094,45.36000061035156,517.0
2024-09-16 14:25:00+00:00,PECO,38.86000061035156,38.86000061035156,38.86000061035156,38.86000061035156,38.86000061035156,648.0
2024-09-16 14:25:00+00:00,RDFN,14.229999542236328,14.229999542236328,14.25,14.2298002243042,14.234999656677246,7689.0
2024-09-16 14:25:00+00:00,REG,74.93000030517578,74.93000030517578,74.93000030517578,74.91999816894531,74.91999816894531,1132.0
2024-09-16 14:25:00+00:00,ROIC,16.155000686645508,16.155000686645508,16.155000686645508,16.149999618530273,16.155000686645508,2084.0
2024-09-16 14:25:00+00:00,SBRA,18.789899826049805,18.789899826049805,18.790000915527344,18.78499984741211,18.790000915527344,3065.0
2024-09-16 14:25:00+00:00,SVC,4.505000114440918,4.505000114440918,4.505000114440918,4.505000114440918,4.505000114440918,106.0
2024-09-16 14:25:00+00:00,UNIT,5.340000152587891,5.340000152587891,5.340000152587891,5.335000038146973,5.335000038146973,876.0
2024-09-16 14:25:00+00:00,WHLR,7.699999809265137,7.699999809265137,7.840000152587891,7.699999809265137,7.815000057220459,31817.0
2024-09-16 14:26:00+00:00,AGNC,10.5,10.5,10.5,10.489999771118164,10.494999885559082,3605.0
2024-09-16 14:26:00+00:00,AGNCN,25.985000610351562,25.985000610351562,25.985000610351562,25.985000610351562,25.985000610351562,200.0
2024-09-16 14:26:00+00:00,AGNCO,25.192899703979492,25.192899703979492,25.200000762939453,25.190000534057617,25.192899703979492,800.0
2024-09-16 14:26:00+00:00,AGNCP,24.57699966430664,24.57699966430664,24.57699966430664,24.57699966430664,24.57699966430664,1852.0
2024-09-16 14:26:00+00:00,BPYPO,14.104999542236328,14.104999542236328,14.104999542236328,14.104999542236328,14.104999542236328,5990.0
2024-09-16 14:26:00+00:00,EXPI,14.62030029296875,14.62030029296875,14.630000114440918,14.619999885559082,14.630000114440918,1927.0
2024-09-16 14:26:00+00:00,GIPR,2.2000999450683594,2.2000999450683594,2.2000999450683594,2.2000999450683594,2.2000999450683594,26297.0
2024-09-16 14:26:00+00:00,GLPI,51.779998779296875,51.779998779296875,51.779998779296875,51.779998779296875,51.779998779296875,636.0
2024-09-16 14:26:00+00:00,HST,17.514999389648438,17.514999389648438,17.520000457763672,17.51099967956543,17.514999389648438,2112.0
2024-09-16 14:26:00+00:00,LAMR,130.80999755859375,130.80999755859375,130.80999755859375,130.80999755859375,130.80999755859375,299.0
2024-09-16 14:26:00+00:00,NMRK,14.994999885559082,14.994999885559082,14.994999885559082,14.994999885559082,14.994999885559082,174.0
2024-09-16 14:26:00+00:00,NYMT,6.695000171661377,6.695000171661377,6.695000171661377,6.695000171661377,6.695000171661377,205.0
2024-09-16 14:26:00+00:00,OPEN,2.3326001167297363,2.3326001167297363,2.3350000381469727,2.3299999237060547,2.3350000381469727,56551.0
2024-09-16 14:26:00+00:00,OPI,2.2249999046325684,2.2249999046325684,2.2249999046325684,2.2249999046325684,2.2249999046325684,408.0
2024-09-16 14:26:00+00:00,PCH,45.35499954223633,45.35499954223633,45.35499954223633,45.35499954223633,45.35499954223633,438.0
2024-09-16 14:26:00+00:00,PECO,38.875701904296875,38.875701904296875,38.875701904296875,38.875701904296875,38.875701904296875,264.0
2024-09-16 14:26:00+00:00,RDFN,14.222599983215332,14.222599983215332,14.229999542236328,14.220000267028809,14.228799819946289,6513.0
2024-09-16 14:26:00+00:00,REG,74.94499969482422,74.94499969482422,74.95999908447266,74.94499969482422,74.95999908447266,768.0
2024-09-16 14:26:00+00:00,SBAC,246.82000732421875,246.82000732421875,246.82000732421875,246.82000732421875,246.82000732421875,671.0
2024-09-16 14:26:00+00:00,SBRA,18.799999237060547,18.799999237060547,18.799999237060547,18.788299560546875,18.788299560546875,2704.0
2024-09-16 14:26:00+00:00,SVC,4.505000114440918,4.505000114440918,4.505000114440918,4.5,4.505000114440918,425.0
2024-09-16 14:26:00+00:00,UNIT,5.340000152587891,5.340000152587891,5.340000152587891,5.335000038146973,5.335000038146973,3775.0
2024-09-16 14:26:00+00:00,WHLR,7.650000095367432,7.650000095367432,7.739999771118164,7.590000152587891,7.739999771118164,20877.0
2024-09-16 14:27:00+00:00,AFCG,10.539999961853027,10.539999961853027,10.539999961853027,10.539999961853027,10.539999961853027,1018.0
2024-09-16 14:27:00+00:00,AGNC,10.497400283813477,10.497400283813477,10.5,10.489999771118164,10.496000289916992,5753.0
2024-09-16 14:27:00+00:00,AGNCO,25.190000534057617,25.190000534057617,25.200000762939453,25.190000534057617,25.190000534057617,2357.0
2024-09-16 14:27:00+00:00,ASPS,1.1899000406265259,1.1899000406265259,1.1899000406265259,1.1799999475479126,1.1799999475479126,11204.0
2024-09-16 14:27:00+00:00,CIGI,147.1300048828125,147.1300048828125,147.1300048828125,147.1300048828125,147.1300048828125,463.0
2024-09-16 14:27:00+00:00,CSGP,78.56500244140625,78.56500244140625,78.57499694824219,78.55000305175781,78.57499694824219,1708.0
2024-09-16 14:27:00+00:00,DHC,3.559999942779541,3.559999942779541,3.569999933242798,3.559999942779541,3.569999933242798,723.0
2024-09-16 14:27:00+00:00,EXPI,14.630000114440918,14.630000114440918,14.635499954223633,14.619999885559082,14.630000114440918,6936.0
2024-09-16 14:27:00+00:00,GLPI,51.78499984741211,51.78499984741211,51.790000915527344,51.779998779296875,51.78990173339844,3791.0
2024-09-16 14:27:00+00:00,GOOD,16.104999542236328,16.104999542236328,16.104999542236328,16.104999542236328,16.104999542236328,170.0
2024-09-16 14:27:00+00:00,HST,17.510000228881836,17.510000228881836,17.514999389648438,17.5049991607666,17.514999389648438,9230.0
2024-09-16 14:27:00+00:00,LAMR,130.85000610351562,130.85000610351562,130.85000610351562,130.85000610351562,130.85000610351562,900.0
2024-09-16 14:27:00+00:00,NMRK,14.989999771118164,14.989999771118164,14.994999885559082,14.989999771118164,14.994999885559082,770.0
2024-09-16 14:27:00+00:00,NYMT,6.699999809265137,6.699999809265137,6.699999809265137,6.699999809265137,6.699999809265137,208.0
2024-09-16 14:27:00+00:00,OPEN,2.3350000381469727,2.3350000381469727,2.339900016784668,2.3299999237060547,2.3299999237060547,39572.0
2024-09-16 14:27:00+00:00,OPI,2.2249999046325684,2.2249999046325684,2.2249999046325684,2.2249999046325684,2.2249999046325684,162.0
2024-09-16 14:27:00+00:00,PECO,38.880001068115234,38.880001068115234,38.880001068115234,38.875,38.875,597.0
2024-09-16 14:27:00+00:00,RDFN,14.244999885559082,14.244999885559082,14.255000114440918,14.225000381469727,14.229999542236328,38563.0
2024-09-16 14:27:00+00:00,REAX,5.864999771118164,5.864999771118164,5.869999885559082,5.864999771118164,5.869999885559082,682.0
2024-09-16 14:27:00+00:00,REG,74.94499969482422,74.94499969482422,74.94499969482422,74.94499969482422,74.94499969482422,459.0
2024-09-16 14:27:00+00:00,ROIC,16.149999618530273,16.149999618530273,16.155000686645508,16.149999618530273,16.155000686645508,563.0
2024-09-16 14:27:00+00:00,SBAC,246.73500061035156,246.73500061035156,246.73500061035156,246.73500061035156,246.73500061035156,235.0
2024-09-16 14:27:00+00:00,SBRA,18.809999465942383,18.809999465942383,18.809999465942383,18.799999237060547,18.799999237060547,7024.0
2024-09-16 14:27:00+00:00,SVC,4.505000114440918,4.505000114440918,4.505000114440918,4.505000114440918,4.505000114440918,703.0
2024-09-16 14:27:00+00:00,UNIT,5.335000038146973,5.335000038146973,5.335000038146973,5.335000038146973,5.335000038146973,1020.0
2024-09-16 14:27:00+00:00,WHLR,7.639400005340576,7.639400005340576,7.657599925994873,7.591899871826172,7.610099792480469,16515.0
2024-09-16 14:28:00+00:00,AGNC,10.489999771118164,10.489999771118164,10.494999885559082,10.489999771118164,10.494999885559082,6281.0
2024-09-16 14:28:00+00:00,AGNCO,25.199899673461914,25.199899673461914,25.200000762939453,25.199899673461914,25.200000762939453,1978.0
2024-09-16 14:28:00+00:00,EQIX,879.4650268554688,879.4650268554688,879.4650268554688,879.4650268554688,879.4650268554688,197.0
2024-09-16 14:28:00+00:00,GLPI,51.77000045776367,51.77000045776367,51.779998779296875,51.77000045776367,51.779998779296875,3269.0
2024-09-16 14:28:00+00:00,GOOD,16.118999481201172,16.118999481201172,16.119600296020508,16.100000381469727,16.100000381469727,1624.0
2024-09-16 14:28:00+00:00,HST,17.4950008392334,17.4950008392334,17.5049991607666,17.489999771118164,17.5049991607666,12139.0
2024-09-16 14:28:00+00:00,NMRK,14.996000289916992,14.996000289916992,14.996000289916992,14.989999771118164,14.994999885559082,848.0
2024-09-16 14:28:00+00:00,NYMT,6.699999809265137,6.699999809265137,6.699999809265137,6.69789981842041,6.69789981842041,921.0
2024-09-16 14:28:00+00:00,NYMTL,21.299999237060547,21.299999237060547,21.299999237060547,21.299999237060547,21.299999237060547,0.0
2024-09-16 14:28:00+00:00,OPEN,2.3350000381469727,2.3350000381469727,2.3394999504089355,2.3299999237060547,2.3350000381469727,20772.0
2024-09-16 14:28:00+00:00,PCH,45.349998474121094,45.349998474121094,45.349998474121094,45.34000015258789,45.34000015258789,1071.0
2024-09-16 14:28:00+00:00,PECO,38.887001037597656,38.887001037597656,38.887001037597656,38.887001037597656,38.887001037597656,351.0
2024-09-16 14:28:00+00:00,RDFN,14.250499725341797,14.250499725341797,14.274999618530273,14.244999885559082,14.25,44078.0
2024-09-16 14:28:00+00:00,REG,74.94499969482422,74.94499969482422,74.94499969482422,74.94499969482422,74.94499969482422,487.0
2024-09-16 14:28:00+00:00,SBAC,246.47999572753906,246.47999572753906,246.66000366210938,246.47999572753906,246.66000366210938,3478.0
2024-09-16 14:28:00+00:00,SBRA,18.774999618530273,18.774999618530273,18.80500030517578,18.770000457763672,18.80500030517578,21949.0
2024-09-16 14:28:00+00:00,SVC,4.505000114440918,4.505000114440918,4.505000114440918,4.5,4.505000114440918,620.0
2024-09-16 14:28:00+00:00,UK,1.3701000213623047,1.3701000213623047,1.3701000213623047,1.3701000213623047,1.3701000213623047,14494.0
2024-09-16 14:28:00+00:00,UNIT,5.335000038146973,5.335000038146973,5.340000152587891,5.335000038146973,5.335000038146973,2657.0
2024-09-16 14:28:00+00:00,WHLR,7.639999866485596,7.639999866485596,7.658100128173828,7.590000152587891,7.630000114440918,8239.0
2024-09-16 14:29:00+00:00,AGNC,10.494999885559082,10.494999885559082,10.5,10.489999771118164,10.494999885559082,5628.0
2024-09-16 14:29:00+00:00,CSGP,78.56500244140625,78.56500244140625,78.57499694824219,78.55999755859375,78.57499694824219,2652.0
2024-09-16 14:29:00+00:00,EQIX,880.1749877929688,880.1749877929688,880.1749877929688,880.1749877929688,880.1749877929688,440.0
2024-09-16 14:29:00+00:00,EXPI,14.635000228881836,14.635000228881836,14.635000228881836,14.630000114440918,14.630000114440918,308.0
2024-09-16 14:29:00+00:00,HST,17.4950008392334,17.4950008392334,17.5,17.4950008392334,17.5,8126.0
2024-09-16 14:29:00+00:00,NMRK,14.994999885559082,14.994999885559082,14.994999885559082,14.994999885559082,14.994999885559082,311.0
2024-09-16 14:29:00+00:00,NYMT,6.695000171661377,6.695000171661377,6.695000171661377,6.695000171661377,6.695000171661377,151.0
2024-09-16 14:29:00+00:00,OPEN,2.3299999237060547,2.3299999237060547,2.3385000228881836,2.3299999237060547,2.331700086593628,23782.0
2024-09-16 14:29:00+00:00,PECO,38.8849983215332,38.8849983215332,38.8849983215332,38.8849983215332,38.8849983215332,268.0
2024-09-16 14:29:00+00:00,RDFN,14.300000190734863,14.300000190734863,14.300000190734863,14.25,14.255000114440918,27321.0
2024-09-16 14:29:00+00:00,REAX,5.880000114440918,5.880000114440918,5.880000114440918,5.869999885559082,5.869999885559082,2552.0
2024-09-16 14:29:00+00:00,REG,74.94999694824219,74.94999694824219,74.95999908447266,74.94499969482422,74.95999908447266,837.0
2024-09-16 14:29:00+00:00,SBAC,246.60000610351562,246.60000610351562,246.60000610351562,246.60000610351562,246.60000610351562,267.0
2024-09-16 14:29:00+00:00,SBRA,18.774999618530273,18.774999618530273,18.77560043334961,18.774999618530273,18.774999618530273,1070.0
2024-09-16 14:29:00+00:00,SVC,4.505000114440918,4.505000114440918,4.505000114440918,4.505000114440918,4.505000114440918,829.0
2024-09-16 14:29:00+00:00,UNIT,5.34499979019165,5.34499979019165,5.34499979019165,5.335000038146973,5.335000038146973,8486.0
2024-09-16 14:29:00+00:00,WHLR,7.550000190734863,7.550000190734863,7.610000133514404,7.5100998878479,7.610000133514404,24692.0
2024-09-16 14:30:00+00:00,AGNC,10.490099906921387,10.490099906921387,10.494999885559082,10.489999771118164,10.494999885559082,8316.0
2024-09-16 14:30:00+00:00,AGNCM,25.389999389648438,25.389999389648438,25.389999389648438,25.389999389648438,25.389999389648438,0.0
2024-09-16 14:30:00+00:00,AGNCP,24.579999923706055,24.579999923706055,24.579999923706055,24.579999923706055,24.579999923706055,556.0
2024-09-16 14:30:00+00:00,CSGP,78.58000183105469,78.58000183105469,78.58000183105469,78.55999755859375,78.55999755859375,509.0
2024-09-16 14:30:00+00:00,DHC,3.569999933242798,3.569999933242798,3.569999933242798,3.559999942779541,3.565000057220459,21513.0
2024-09-16 14:30:00+00:00,EXPI,14.630200386047363,14.630200386047363,14.630200386047363,14.630200386047363,14.630200386047363,236.0
2024-09-16 14:30:00+00:00,GLPI,51.775001525878906,51.775001525878906,51.779998779296875,51.77000045776367,51.77000045776367,1253.0
2024-09-16 14:30:00+00:00,GOOD,16.1299991607666,16.1299991607666,16.1299991607666,16.1200008392334,16.1200008392334,1537.0
2024-09-16 14:30:00+00:00,HST,17.479999542236328,17.479999542236328,17.4950008392334,17.479999542236328,17.4950008392334,7451.0
2024-09-16 14:30:00+00:00,ILPT,5.105000019073486,5.105000019073486,5.105000019073486,5.105000019073486,5.105000019073486,959.0
2024-09-16 14:30:00+00:00,NMRK,14.994999885559082,14.994999885559082,14.994999885559082,14.989999771118164,14.989999771118164,3725.0
2024-09-16 14:30:00+00:00,OPEN,2.3350000381469727,2.3350000381469727,2.3399999141693115,2.3301000595092773,2.3399999141693115,15985.0
2024-09-16 14:30:00+00:00,PCH,45.349998474121094,45.349998474121094,45.36000061035156,45.349998474121094,45.349998474121094,2012.0
2024-09-16 14:30:00+00:00,PECO,38.900001525878906,38.900001525878906,38.900001525878906,38.900001525878906,38.900001525878906,271.0
2024-09-16 14:30:00+00:00,RDFN,14.244999885559082,14.244999885559082,14.289999961853027,14.234999656677246,14.289999961853027,28404.0
2024-09-16 14:30:00+00:00,REFI,16.100000381469727,16.100000381469727,16.100000381469727,16.100000381469727,16.100000381469727,117.0
2024-09-16 14:30:00+00:00,REG,74.96499633789062,74.96499633789062,74.97000122070312,74.95999908447266,74.95999908447266,1075.0
2024-09-16 14:30:00+00:00,ROIC,16.155000686645508,16.155000686645508,16.155000686645508,16.155000686645508,16.155000686645508,640.0
2024-09-16 14:30:00+00:00,SBAC,246.71499633789062,246.71499633789062,246.71499633789062,246.7100067138672,246.7100067138672,351.0
2024-09-16 14:30:00+00:00,SBRA,18.774999618530273,18.774999618530273,18.774999618530273,18.774999618530273,18.774999618530273,2914.0
2024-09-16 14:30:00+00:00,UK,1.3700000047683716,1.3700000047683716,1.3700000047683716,1.3700000047683716,1.3700000047683716,0.0
2024-09-16 14:30:00+00:00,UNIT,5.349999904632568,5.349999904632568,5.349999904632568,5.34499979019165,5.34499979019165,10295.0
2024-09-16 14:30:00+00:00,WHLR,7.619999885559082,7.619999885559082,7.619999885559082,7.619999885559082,7.619999885559082,514.0
2024-09-16 14:31:00+00:00,AGNC,10.494999885559082,10.494999885559082,10.499199867248535,10.484999656677246,10.494999885559082,346471.0
2024-09-16 14:31:00+00:00,CMCT,1.936400055885315,1.936400055885315,1.936400055885315,1.936400055885315,1.936400055885315,1521.0
2024-09-16 14:31:00+00:00,CSGP,78.56999969482422,78.56999969482422,78.58000183105469,78.56999969482422,78.58000183105469,987.0
2024-09-16 14:31:00+00:00,DHC,3.565000057220459,3.565000057220459,3.565000057220459,3.559999942779541,3.559999942779541,2732.0
2024-09-16 14:31:00+00:00,EXPI,14.609999656677246,14.609999656677246,14.640000343322754,14.609999656677246,14.640000343322754,7318.0
2024-09-16 14:31:00+00:00,GLPI,51.7599983215332,51.7599983215332,51.77000045776367,51.7599983215332,51.77000045776367,1998.0
2024-09-16 14:31:00+00:00,HST,17.485000610351562,17.485000610351562,17.485000610351562,17.485000610351562,17.485000610351562,3432.0
2024-09-16 14:31:00+00:00,ILPT,5.090000152587891,5.090000152587891,5.090000152587891,5.090000152587891,5.090000152587891,1944.0
2024-09-16 14:31:00+00:00,LAMR,130.85000610351562,130.85000610351562,130.85000610351562,130.85000610351562,130.85000610351562,272.0
2024-09-16 14:31:00+00:00,LSEA,12.6899995803833,12.6899995803833,12.6899995803833,12.6899995803833,12.6899995803833,906.0
2024-09-16 14:31:00+00:00,NYMT,6.695000171661377,6.695000171661377,6.695000171661377,6.695000171661377,6.695000171661377,1052.0
2024-09-16 14:31:00+00:00,OPEN,2.3350000381469727,2.3350000381469727,2.3399999141693115,2.3350000381469727,2.3399999141693115,834.0
2024-09-16 14:31:00+00:00,OPI,2.2200000286102295,2.2200000286102295,2.2200000286102295,2.2200000286102295,2.2200000286102295,322.0
2024-09-16 14:31:00+00:00,PECO,38.88349914550781,38.88349914550781,38.88349914550781,38.880001068115234,38.880001068115234,868.0
2024-09-16 14:31:00+00:00,RDFN,14.279999732971191,14.279999732971191,14.279999732971191,14.244999885559082,14.244999885559082,10831.0
2024-09-16 14:31:00+00:00,REFI,16.07659912109375,16.07659912109375,16.100000381469727,16.06999969482422,16.100000381469727,5714.0
2024-09-16 14:31:00+00:00,REG,74.97000122070312,74.97000122070312,74.97000122070312,74.97000122070312,74.97000122070312,568.0
2024-09-16 14:31:00+00:00,ROIC,16.145000457763672,16.145000457763672,16.149999618530273,16.1299991607666,16.149999618530273,5258.0
2024-09-16 14:31:00+00:00,SBAC,246.72500610351562,246.72500610351562,246.72500610351562,246.72500610351562,246.72500610351562,356.0
2024-09-16 14:31:00+00:00,SBRA,18.774999618530273,18.774999618530273,18.774999618530273,18.774999618530273,18.774999618530273,1302.0
2024-09-16 14:31:00+00:00,SEVN,13.890000343322754,13.890000343322754,13.890000343322754,13.890000343322754,13.890000343322754,230.0
2024-09-16 14:31:00+00:00,SVC,4.5,4.5,4.505000114440918,4.5,4.505000114440918,1322.0
2024-09-16 14:31:00+00:00,UNIT,5.34499979019165,5.34499979019165,5.349999904632568,5.34499979019165,5.34499979019165,2147.0
2024-09-16 14:31:00+00:00,WHLR,7.599999904632568,7.599999904632568,7.659999847412109,7.599999904632568,7.620200157165527,5083.0
2024-09-16 14:32:00+00:00,AGNC,10.494999885559082,10.494999885559082,10.5,10.489999771118164,10.499899864196777,349482.0
2024-09-16 14:32:00+00:00,CSGP,78.5999984741211,78.5999984741211,78.61000061035156,78.57499694824219,78.57499694824219,2759.0
2024-09-16 14:32:00+00:00,DHC,3.565000057220459,3.565000057220459,3.565000057220459,3.565000057220459,3.565000057220459,2416.0
2024-09-16 14:32:00+00:00,EQIX,879.4400024414062,879.4400024414062,879.4400024414062,879.4400024414062,879.4400024414062,539.0
2024-09-16 14:32:00+00:00,EXPI,14.630000114440918,14.630000114440918,14.640000343322754,14.619999885559082,14.619999885559082,1430.0
2024-09-16 14:32:00+00:00,GLPI,51.7599983215332,51.7599983215332,51.7599983215332,51.7599983215332,51.7599983215332,1508.0
2024-09-16 14:32:00+00:00,HST,17.485000610351562,17.485000610351562,17.485000610351562,17.479999542236328,17.479999542236328,896.0
2024-09-16 14:32:00+00:00,NMRK,14.994999885559082,14.994999885559082,14.994999885559082,14.994999885559082,14.994999885559082,712.0
2024-09-16 14:32:00+00:00,NYMT,6.699900150299072,6.699900150299072,6.699900150299072,6.690000057220459,6.690000057220459,499.0
2024-09-16 14:32:00+00:00,NYMTM,24.479900360107422,24.479900360107422,24.479900360107422,24.479900360107422,24.479900360107422,946.0
2024-09-16 14:32:00+00:00,OPEN,2.3350000381469727,2.3350000381469727,2.339900016784668,2.3299999237060547,2.3299999237060547,29157.0
2024-09-16 14:32:00+00:00,OPI,2.2249999046325684,2.2249999046325684,2.2249999046325684,2.2249999046325684,2.2249999046325684,418.0
2024-09-16 14:32:00+00:00,PCH,45.380001068115234,45.380001068115234,45.380001068115234,45.380001068115234,45.380001068115234,1619.0
2024-09-16 14:32:00+00:00,RDFN,14.3149995803833,14.3149995803833,14.319999694824219,14.279999732971191,14.279999732971191,25355.0
2024-09-16 14:32:00+00:00,REAX,5.875,5.875,5.875,5.875,5.875,559.0
2024-09-16 14:32:00+00:00,REG,74.95999908447266,74.95999908447266,74.97000122070312,74.95999908447266,74.97000122070312,3839.0
2024-09-16 14:32:00+00:00,ROIC,16.1200008392334,16.1200008392334,16.139999389648438,16.1200008392334,16.139999389648438,4718.0
2024-09-16 14:32:00+00:00,SBAC,246.74000549316406,246.74000549316406,246.74000549316406,246.74000549316406,246.74000549316406,747.0
2024-09-16 14:32:00+00:00,SBRA,18.764999389648438,18.764999389648438,18.774999618530273,18.760000228881836,18.774999618530273,26341.0
2024-09-16 14:32:00+00:00,UNIT,5.34499979019165,5.34499979019165,5.349999904632568,5.34499979019165,5.349999904632568,668.0
2024-09-16 14:32:00+00:00,WHLR,7.639999866485596,7.639999866485596,7.670000076293945,7.59499979019165,7.600100040435791,7991.0
2024-09-16 14:32:00+00:00,WHLRP,2.2799999713897705,2.2799999713897705,2.2799999713897705,2.2799999713897705,2.2799999713897705,0.0
2024-09-16 14:33:00+00:00,AFCG,10.539999961853027,10.539999961853027,10.539999961853027,10.539999961853027,10.539999961853027,267.0
2024-09-16 14:33:00+00:00,AGNC,10.505000114440918,10.505000114440918,10.50879955291748,10.497200012207031,10.497200012207031,59402.0
2024-09-16 14:33:00+00:00,AGNCL,24.170000076293945,24.170000076293945,24.170000076293945,24.170000076293945,24.170000076293945,1267.0
2024-09-16 14:33:00+00:00,CIGI,147.25,147.25,147.25,147.25,147.25,463.0
2024-09-16 14:33:00+00:00,CSGP,78.58000183105469,78.58000183105469,78.5999984741211,78.56999969482422,78.5999984741211,1960.0
2024-09-16 14:33:00+00:00,DHC,3.565000057220459,3.565000057220459,3.565000057220459,3.565000057220459,3.565000057220459,527.0
2024-09-16 14:33:00+00:00,EXPI,14.640000343322754,14.640000343322754,14.640000343322754,14.640000343322754,14.640000343322754,608.0
2024-09-16 14:33:00+00:00,GOOD,16.1200008392334,16.1200008392334,16.1200008392334,16.1200008392334,16.1200008392334,249.0
2024-09-16 14:33:00+00:00,HST,17.475000381469727,17.475000381469727,17.489999771118164,17.475000381469727,17.485000610351562,9042.0
2024-09-16 14:33:00+00:00,LAMR,130.91000366210938,130.91000366210938,130.91000366210938,130.91000366210938,130.91000366210938,352.0
2024-09-16 14:33:00+00:00,LAND,14.579999923706055,14.579999923706055,14.579999923706055,14.579999923706055,14.579999923706055,767.0
2024-09-16 14:33:00+00:00,NMRK,14.994999885559082,14.994999885559082,14.994999885559082,14.989999771118164,14.989999771118164,770.0
2024-09-16 14:33:00+00:00,NYMT,6.690000057220459,6.690000057220459,6.690000057220459,6.690000057220459,6.690000057220459,530.0
2024-09-16 14:33:00+00:00,OPEN,2.3299999237060547,2.3299999237060547,2.3399999141693115,2.3299999237060547,2.3350000381469727,114602.0
2024-09-16 14:33:00+00:00,PECO,38.88999938964844,38.88999938964844,38.88999938964844,38.8849983215332,38.8849983215332,625.0
2024-09-16 14:33:00+00:00,RDFN,14.335200309753418,14.335200309753418,14.34000015258789,14.3100004196167,14.319999694824219,9307.0
2024-09-16 14:33:00+00:00,REAX,5.875,5.875,5.875,5.875,5.875,229.0
2024-09-16 14:33:00+00:00,SBRA,18.764999389648438,18.764999389648438,18.764999389648438,18.764999389648438,18.764999389648438,1445.0
2024-09-16 14:33:00+00:00,SVC,4.505000114440918,4.505000114440918,4.505000114440918,4.505000114440918,4.505000114440918,1407.0
2024-09-16 14:33:00+00:00,UNIT,5.34499979019165,5.34499979019165,5.349999904632568,5.34499979019165,5.349999904632568,2003.0
2024-09-16 14:33:00+00:00,WHLR,7.620800018310547,7.620800018310547,7.639999866485596,7.600100040435791,7.630000114440918,7401.0
2024-09-16 14:34:00+00:00,AGNC,10.505000114440918,10.505000114440918,10.510000228881836,10.505000114440918,10.505000114440918,18907.0
2024-09-16 14:34:00+00:00,AGNCP,24.579999923706055,24.579999923706055,24.579999923706055,24.579999923706055,24.579999923706055,310.0
2024-09-16 14:34:00+00:00,CSGP,78.58000183105469,78.58000183105469,78.58000183105469,78.56999969482422,78.56999969482422,2010.0
2024-09-16 14:34:00+00:00,EXPI,14.654999732971191,14.654999732971191,14.654999732971191,14.649999618530273,14.649999618530273,7152.0
2024-09-16 14:34:00+00:00,GLPI,51.7599983215332,51.7599983215332,51.7599983215332,51.7599983215332,51.7599983215332,702.0
2024-09-16 14:34:00+00:00,GOOD,16.139999389648438,16.139999389648438,16.139999389648438,16.139999389648438,16.139999389648438,473.0
2024-09-16 14:34:00+00:00,HST,17.479999542236328,17.479999542236328,17.489999771118164,17.479999542236328,17.479999542236328,12369.0
2024-09-16 14:34:00+00:00,LAMR,130.88999938964844,130.88999938964844,130.88999938964844,130.88999938964844,130.88999938964844,598.0
2024-09-16 14:34:00+00:00,NMRK,14.994999885559082,14.994999885559082,14.994999885559082,14.989999771118164,14.989999771118164,1547.0
2024-09-16 14:34:00+00:00,NYMT,6.695000171661377,6.695000171661377,6.699999809265137,6.695000171661377,6.699999809265137,336.0
2024-09-16 14:34:00+00:00,NYMTN,22.489900588989258,22.489900588989258,22.489900588989258,22.489900588989258,22.489900588989258,922.0
2024-09-16 14:34:00+00:00,OPEN,2.3350000381469727,2.3350000381469727,2.3399999141693115,2.3350000381469727,2.3350000381469727,136.0
2024-09-16 14:34:00+00:00,PECO,38.88999938964844,38.88999938964844,38.88999938964844,38.88999938964844,38.88999938964844,291.0
2024-09-16 14:34:00+00:00,RDFN,14.333999633789062,14.333999633789062,14.34000015258789,14.333999633789062,14.335000038146973,10422.0
2024-09-16 14:34:00+00:00,REAX,5.875,5.875,5.875,5.875,5.875,147.0
2024-09-16 14:34:00+00:00,SBRA,18.764999389648438,18.764999389648438,18.764999389648438,18.764999389648438,18.764999389648438,829.0
2024-09-16 14:34:00+00:00,SVC,4.5,4.5,4.505000114440918,4.5,4.505000114440918,1142.0
2024-09-16 14:34:00+00:00,UNIT,5.349999904632568,5.349999904632568,5.349999904632568,5.34499979019165,5.34499979019165,3738.0
2024-09-16 14:34:00+00:00,WHLR,7.630000114440918,7.630000114440918,7.630000114440918,7.625,7.625,5525.0
2024-09-16 14:35:00+00:00,AGNC,10.505000114440918,10.505000114440918,10.510000228881836,10.5,10.510000228881836,13648.0
2024-09-16 14:35:00+00:00,AGNCP,24.579999923706055,24.579999923706055,24.579999923706055,24.579999923706055,24.579999923706055,400.0
2024-09-16 14:35:00+00:00,CIGI,147.21499633789062,147.21499633789062,147.21499633789062,147.21499633789062,147.21499633789062,937.0
2024-09-16 14:35:00+00:00,CSGP,78.56999969482422,78.56999969482422,78.58499908447266,78.56999969482422,78.56999969482422,1291.0
2024-09-16 14:35:00+00:00,EQIX,880.3099975585938,880.3099975585938,880.3099975585938,880.3099975585938,880.3099975585938,313.0
2024-09-16 14:35:00+00:00,EXPI,14.635000228881836,14.635000228881836,14.649999618530273,14.635000228881836,14.649999618530273,1181.0
2024-09-16 14:35:00+00:00,GLPI,51.7599983215332,51.7599983215332,51.7599983215332,51.7599983215332,51.7599983215332,1152.0
2024-09-16 14:35:00+00:00,HST,17.485000610351562,17.485000610351562,17.489999771118164,17.485000610351562,17.485000610351562,11347.0
2024-09-16 14:35:00+00:00,LAMR,130.75,130.75,130.88999938964844,130.75,130.88999938964844,5172.0
2024-09-16 14:35:00+00:00,NMRK,14.994999885559082,14.994999885559082,14.994999885559082,14.994999885559082,14.994999885559082,1993.0
2024-09-16 14:35:00+00:00,NYMT,6.695000171661377,6.695000171661377,6.695000171661377,6.695000171661377,6.695000171661377,533.0
2024-09-16 14:35:00+00:00,NYMTZ,20.959999084472656,20.959999084472656,20.959999084472656,20.959999084472656,20.959999084472656,132.0
2024-09-16 14:35:00+00:00,OPEN,2.3350000381469727,2.3350000381469727,2.3399999141693115,2.3299999237060547,2.3375000953674316,11492.0
2024-09-16 14:35:00+00:00,PECO,38.8849983215332,38.8849983215332,38.8849983215332,38.8849983215332,38.8849983215332,318.0
2024-09-16 14:35:00+00:00,RDFN,14.324999809265137,14.324999809265137,14.335000038146973,14.3149995803833,14.332200050354004,12807.0
2024-09-16 14:35:00+00:00,ROIC,16.1200008392334,16.1200008392334,16.1299991607666,16.1200008392334,16.1299991607666,607.0
2024-09-16 14:35:00+00:00,SBRA,18.774999618530273,18.774999618530273,18.78499984741211,18.770000457763672,18.770000457763672,8742.0
2024-09-16 14:35:00+00:00,SVC,4.505000114440918,4.505000114440918,4.505000114440918,4.5,4.505000114440918,960.0
2024-09-16 14:35:00+00:00,UNIT,5.349999904632568,5.349999904632568,5.349999904632568,5.34499979019165,5.349999904632568,1834.0
2024-09-16 14:36:00+00:00,AGNC,10.510000228881836,10.510000228881836,10.510000228881836,10.500100135803223,10.503999710083008,2812.0
2024-09-16 14:36:00+00:00,AGNCP,24.600000381469727,24.600000381469727,24.600000381469727,24.600000381469727,24.600000381469727,2778.0
2024-09-16 14:36:00+00:00,EQIX,879.489990234375,879.489990234375,879.489990234375,879.489990234375,879.489990234375,629.0
2024-09-16 14:36:00+00:00,EXPI,14.640000343322754,14.640000343322754,14.640000343322754,14.640000343322754,14.640000343322754,835.0
2024-09-16 14:36:00+00:00,GLPI,51.7599983215332,51.7599983215332,51.7599983215332,51.7599983215332,51.7599983215332,513.0
2024-09-16 14:36:00+00:00,LAMR,130.81500244140625,130.81500244140625,130.81500244140625,130.81500244140625,130.81500244140625,1489.0
2024-09-16 14:36:00+00:00,NYMT,6.699999809265137,6.699999809265137,6.699999809265137,6.695000171661377,6.695000171661377,578.0
2024-09-16 14:36:00+00:00,OPEN,2.3350000381469727,2.3350000381469727,2.339900016784668,2.3301000595092773,2.3350000381469727,13229.0
2024-09-16 14:36:00+00:00,PCH,45.3650016784668,45.3650016784668,45.3650016784668,45.3650016784668,45.3650016784668,313.0
2024-09-16 14:36:00+00:00,PECO,38.869998931884766,38.869998931884766,38.880001068115234,38.869998931884766,38.880001068115234,2520.0
2024-09-16 14:36:00+00:00,RDFN,14.322799682617188,14.322799682617188,14.336000442504883,14.322799682617188,14.329999923706055,6454.0
2024-09-16 14:36:00+00:00,REAX,5.869999885559082,5.869999885559082,5.875,5.869999885559082,5.875,2261.0
2024-09-16 14:36:00+00:00,REG,74.91000366210938,74.91000366210938,74.91999816894531,74.91000366210938,74.91799926757812,2215.0
2024-09-16 14:36:00+00:00,ROIC,16.125,16.125,16.125,16.125,16.125,792.0
2024-09-16 14:36:00+00:00,SBAC,246.75999450683594,246.75999450683594,246.75999450683594,246.75999450683594,246.75999450683594,531.0
2024-09-16 14:36:00+00:00,SBRA,18.780000686645508,18.780000686645508,18.780000686645508,18.780000686645508,18.780000686645508,1100.0
2024-09-16 14:36:00+00:00,SELF,5.46999979019165,5.46999979019165,5.499800205230713,5.46999979019165,5.499800205230713,4673.0
2024-09-16 14:36:00+00:00,UNIT,5.34499979019165,5.34499979019165,5.349999904632568,5.34499979019165,5.349999904632568,1128.0
2024-09-16 14:36:00+00:00,WHLR,7.519999980926514,7.519999980926514,7.630000114440918,7.510000228881836,7.599999904632568,29480.0
2024-09-16 14:37:00+00:00,CIGI,147.11500549316406,147.11500549316406,147.11500549316406,147.11500549316406,147.11500549316406,1132.0
2024-09-16 14:37:00+00:00,DHC,3.565000057220459,3.565000057220459,3.565000057220459,3.565000057220459,3.565000057220459,356.0
2024-09-16 14:37:00+00:00,GLPI,51.755001068115234,51.755001068115234,51.755001068115234,51.755001068115234,51.755001068115234,3390.0
2024-09-16 14:37:00+00:00,HST,17.475000381469727,17.475000381469727,17.475000381469727,17.475000381469727,17.475000381469727,21949.0
2024-09-16 14:37:00+00:00,LSEA,12.680000305175781,12.680000305175781,12.680000305175781,12.680000305175781,12.680000305175781,1600.0
2024-09-16 14:37:00+00:00,NMRK,14.989999771118164,14.989999771118164,14.989999771118164,14.989999771118164,14.989999771118164,3228.0
2024-09-16 14:37:00+00:00,NYMT,6.695000171661377,6.695000171661377,6.695000171661377,6.695000171661377,6.695000171661377,3545.0
2024-09-16 14:37:00+00:00,OPEN,2.331899881362915,2.331899881362915,2.337399959564209,2.3299999237060547,2.3301000595092773,15423.0
2024-09-16 14:37:00+00:00,OPI,2.2200000286102295,2.2200000286102295,2.2200000286102295,2.2200000286102295,2.2200000286102295,203.0
2024-09-16 14:37:00+00:00,PECO,38.85499954223633,38.85499954223633,38.85499954223633,38.85499954223633,38.85499954223633,362.0
2024-09-16 14:37:00+00:00,RDFN,14.331000328063965,14.331000328063965,14.331000328063965,14.331000328063965,14.331000328063965,10548.0
2024-09-16 14:37:00+00:00,REG,74.88999938964844,74.88999938964844,74.88999938964844,74.88999938964844,74.88999938964844,748.0
2024-09-16 14:37:00+00:00,ROIC,16.125,16.125,16.125,16.125,16.125,2679.0
2024-09-16 14:37:00+00:00,SBAC,246.67999267578125,246.67999267578125,246.67999267578125,246.67999267578125,246.67999267578125,1521.0
2024-09-16 14:37:00+00:00,SELF,5.450300216674805,5.450300216674805,5.450300216674805,5.450300216674805,5.450300216674805,210.0
2024-09-16 14:37:00+00:00,SVC,4.505000114440918,4.505000114440918,4.505000114440918,4.505000114440918,4.505000114440918,682.0
2024-09-16 14:38:00+00:00,AGNC,10.509900093078613,10.509900093078613,10.510000228881836,10.505000114440918,10.505000114440918,84460.0
2024-09-16 14:38:00+00:00,ASPS,1.1877000331878662,1.1877000331878662,1.1877000331878662,1.1877000331878662,1.1877000331878662,6831.0
2024-09-16 14:38:00+00:00,CIGI,147.1300048828125,147.1300048828125,147.1300048828125,147.1300048828125,147.1300048828125,183.0
2024-09-16 14:38:00+00:00,CSGP,78.44999694824219,78.44999694824219,78.46499633789062,78.43000030517578,78.46499633789062,7375.0
2024-09-16 14:38:00+00:00,DHC,3.559999942779541,3.559999942779541,3.559999942779541,3.559999942779541,3.559999942779541,975.0
2024-09-16 14:38:00+00:00,EQIX,879.6699829101562,879.6699829101562,879.6699829101562,879.6699829101562,879.6699829101562,141.0
2024-09-16 14:38:00+00:00,EXPI,14.630000114440918,14.630000114440918,14.640000343322754,14.630000114440918,14.640000343322754,1254.0
2024-09-16 14:38:00+00:00,GLPI,51.755001068115234,51.755001068115234,51.755001068115234,51.75,51.75,798.0
2024-09-16 14:38:00+00:00,HST,17.475000381469727,17.475000381469727,17.479999542236328,17.475000381469727,17.475000381469727,4738.0
2024-09-16 14:38:00+00:00,LAMR,130.81500244140625,130.81500244140625,130.81500244140625,130.81500244140625,130.81500244140625,624.0
2024-09-16 14:38:00+00:00,LAND,14.569999694824219,14.569999694824219,14.569999694824219,14.569999694824219,14.569999694824219,971.0
2024-09-16 14:38:00+00:00,LSEA,12.670000076293945,12.670000076293945,12.670000076293945,12.670000076293945,12.670000076293945,110.0
2024-09-16 14:38:00+00:00,NMRK,14.989999771118164,14.989999771118164,14.989999771118164,14.989999771118164,14.989999771118164,1817.0
2024-09-16 14:38:00+00:00,OPEN,2.3350000381469727,2.3350000381469727,2.339900016784668,2.3299999237060547,2.3350000381469727,17802.0
2024-09-16 14:38:00+00:00,OPI,2.2200000286102295,2.2200000286102295,2.2200000286102295,2.2200000286102295,2.2200000286102295,2204.0
2024-09-16 14:38:00+00:00,PCH,45.349998474121094,45.349998474121094,45.349998474121094,45.349998474121094,45.349998474121094,1677.0
2024-09-16 14:38:00+00:00,PECO,38.85499954223633,38.85499954223633,38.85499954223633,38.85499954223633,38.85499954223633,47.0
2024-09-16 14:38:00+00:00,RDFN,14.349900245666504,14.349900245666504,14.359999656677246,14.329999923706055,14.329999923706055,30542.0
2024-09-16 14:38:00+00:00,REAX,5.84499979019165,5.84499979019165,5.855000019073486,5.84499979019165,5.855000019073486,8895.0
2024-09-16 14:38:00+00:00,REFI,16.079999923706055,16.079999923706055,16.079999923706055,16.079999923706055,16.079999923706055,476.0
2024-09-16 14:38:00+00:00,REG,74.86499786376953,74.86499786376953,74.86499786376953,74.86499786376953,74.86499786376953,372.0
2024-09-16 14:38:00+00:00,ROIC,16.100000381469727,16.100000381469727,16.1200008392334,16.100000381469727,16.1200008392334,2265.0
2024-09-16 14:38:00+00:00,SBAC,246.60000610351562,246.60000610351562,246.60000610351562,246.60000610351562,246.60000610351562,350.0
2024-09-16 14:38:00+00:00,SBRA,18.764999389648438,18.764999389648438,18.764999389648438,18.760000228881836,18.764999389648438,13807.0
2024-09-16 14:38:00+00:00,SVC,4.5,4.5,4.5,4.5,4.5,5571.0
2024-09-16 14:38:00+00:00,UNIT,5.34499979019165,5.34499979019165,5.349999904632568,5.34499979019165,5.349999904632568,20862.0
2024-09-16 14:38:00+00:00,WHLR,7.610000133514404,7.610000133514404,7.610000133514404,7.559999942779541,7.560100078582764,16026.0
2024-09-16 14:39:00+00:00,AGNC,10.505000114440918,10.505000114440918,10.510000228881836,10.5,10.505000114440918,9186.0
2024-09-16 14:39:00+00:00,AGNCN,25.985000610351562,25.985000610351562,25.985000610351562,25.985000610351562,25.985000610351562,807.0
2024-09-16 14:39:00+00:00,BPYPN,12.850000381469727,12.850000381469727,12.850000381469727,12.850000381469727,12.850000381469727,200.0
2024-09-16 14:39:00+00:00,CSGP,78.38999938964844,78.38999938964844,78.44999694824219,78.37999725341797,78.44000244140625,2663.0
2024-09-16 14:39:00+00:00,EQIX,879.6699829101562,879.6699829101562,880.08251953125,879.6699829101562,880.08251953125,913.0
2024-09-16 14:39:00+00:00,EXPI,14.640000343322754,14.640000343322754,14.640000343322754,14.640000343322754,14.640000343322754,813.0
2024-09-16 14:39:00+00:00,GLPI,51.744998931884766,51.744998931884766,51.7599983215332,51.7400016784668,51.7599983215332,1859.0
2024-09-16 14:39:00+00:00,GOOD,16.125,16.125,16.125,16.125,16.125,589.0
2024-09-16 14:39:00+00:00,HST,17.4950008392334,17.4950008392334,17.4950008392334,17.475000381469727,17.475000381469727,13970.0
2024-09-16 14:39:00+00:00,ILPT,5.09499979019165,5.09499979019165,5.09499979019165,5.090000152587891,5.090000152587891,685.0
2024-09-16 14:39:00+00:00,LAMR,130.80999755859375,130.80999755859375,130.80999755859375,130.80999755859375,130.80999755859375,476.0
2024-09-16 14:39:00+00:00,LAND,14.569999694824219,14.569999694824219,14.569999694824219,14.569999694824219,14.569999694824219,233.0
2024-09-16 14:39:00+00:00,OPEN,2.339099884033203,2.339099884033203,2.3399999141693115,2.3299999237060547,2.3376998901367188,66104.0
2024-09-16 14:39:00+00:00,OPI,2.2200000286102295,2.2200000286102295,2.2249999046325684,2.2200000286102295,2.2249999046325684,603.0
2024-09-16 14:39:00+00:00,PECO,38.85499954223633,38.85499954223633,38.85499954223633,38.85499954223633,38.85499954223633,203.0
2024-09-16 14:39:00+00:00,RDFN,14.366100311279297,14.366100311279297,14.369999885559082,14.340100288391113,14.349900245666504,8862.0
2024-09-16 14:39:00+00:00,REAX,5.835000038146973,5.835000038146973,5.840000152587891,5.835000038146973,5.840000152587891,1174.0
2024-09-16 14:39:00+00:00,REG,74.86499786376953,74.86499786376953,74.86499786376953,74.86499786376953,74.86499786376953,765.0
2024-09-16 14:39:00+00:00,ROIC,16.104999542236328,16.104999542236328,16.104999542236328,16.104999542236328,16.104999542236328,627.0
2024-09-16 14:39:00+00:00,SBAC,246.77000427246094,246.77000427246094,246.77000427246094,246.77000427246094,246.77000427246094,332.0
2024-09-16 14:39:00+00:00,SBRA,18.7549991607666,18.7549991607666,18.764999389648438,18.7549991607666,18.764999389648438,4785.0
2024-09-16 14:39:00+00:00,SVC,4.494999885559082,4.494999885559082,4.494999885559082,4.489999771118164,4.489999771118164,991.0
2024-09-16 14:39:00+00:00,UNIT,5.360000133514404,5.360000133514404,5.360000133514404,5.34499979019165,5.34499979019165,21478.0
2024-09-16 14:39:00+00:00,WHLR,7.779399871826172,7.779399871826172,7.789999961853027,7.610000133514404,7.610000133514404,45468.0
2024-09-16 14:40:00+00:00,AFCG,10.539999961853027,10.539999961853027,10.539999961853027,10.539999961853027,10.539999961853027,2900.0
2024-09-16 14:40:00+00:00,AGNC,10.5,10.5,10.510000228881836,10.5,10.505000114440918,6077.0
2024-09-16 14:40:00+00:00,BPYPN,12.869999885559082,12.869999885559082,12.869999885559082,12.869999885559082,12.869999885559082,1500.0
2024-09-16 14:40:00+00:00,CMCT,1.9199999570846558,1.9199999570846558,1.9199999570846558,1.9199999570846558,1.9199999570846558,2125.0
2024-09-16 14:40:00+00:00,CSGP,78.33999633789062,78.33999633789062,78.37999725341797,78.33999633789062,78.37010192871094,1466.0
2024-09-16 14:40:00+00:00,DUO,0.4226999878883362,0.4226999878883362,0.4259999990463257,0.4226999878883362,0.4259999990463257,25795.0
2024-09-16 14:40:00+00:00,EQIX,879.6699829101562,879.6699829101562,879.6699829101562,879.6699829101562,879.6699829101562,824.0
2024-09-16 14:40:00+00:00,FSV,180.60000610351562,180.60000610351562,180.60000610351562,180.60000610351562,180.60000610351562,922.0
2024-09-16 14:40:00+00:00,GLPI,51.744998931884766,51.744998931884766,51.744998931884766,51.7400016784668,51.7400016784668,690.0
2024-09-16 14:40:00+00:00,HST,17.4950008392334,17.4950008392334,17.5,17.4950008392334,17.5,9816.0
2024-09-16 14:40:00+00:00,ILPT,5.09499979019165,5.09499979019165,5.09499979019165,5.09499979019165,5.09499979019165,200.0
2024-09-16 14:40:00+00:00,LAMR,130.85000610351562,130.85000610351562,130.91000366210938,130.85000610351562,130.91000366210938,552.0
2024-09-16 14:40:00+00:00,NMRK,14.989999771118164,14.989999771118164,14.989999771118164,14.989999771118164,14.989999771118164,2251.0
2024-09-16 14:40:00+00:00,OPEN,2.3350000381469727,2.3350000381469727,2.3399999141693115,2.3301000595092773,2.3399999141693115,25321.0
2024-09-16 14:40:00+00:00,PECO,38.849998474121094,38.849998474121094,38.849998474121094,38.849998474121094,38.849998474121094,660.0
2024-09-16 14:40:00+00:00,RDFN,14.359999656677246,14.359999656677246,14.369999885559082,14.350000381469727,14.369999885559082,17184.0
2024-09-16 14:40:00+00:00,REFI,16.06999969482422,16.06999969482422,16.06999969482422,16.06999969482422,16.06999969482422,205.0
2024-09-16 14:40:00+00:00,REG,74.83999633789062,74.83999633789062,74.8499984741211,74.83999633789062,74.8499984741211,1251.0
2024-09-16 14:40:00+00:00,ROIC,16.084999084472656,16.084999084472656,16.100000381469727,16.084999084472656,16.100000381469727,910.0
2024-09-16 14:40:00+00:00,SBAC,246.55999755859375,246.55999755859375,246.55999755859375,246.55999755859375,246.55999755859375,832.0
2024-09-16 14:40:00+00:00,SBRA,18.7549991607666,18.7549991607666,18.760000228881836,18.7549991607666,18.760000228881836,1720.0
2024-09-16 14:40:00+00:00,SVC,4.489999771118164,4.489999771118164,4.489999771118164,4.489999771118164,4.489999771118164,413.0
2024-09-16 14:40:00+00:00,UNIT,5.360000133514404,5.360000133514404,5.360000133514404,5.355000019073486,5.355000019073486,3971.0
2024-09-16 14:40:00+00:00,WHLR,7.795000076293945,7.795000076293945,7.819900035858154,7.699999809265137,7.779900074005127,20745.0
2024-09-16 14:41:00+00:00,AGNC,10.505000114440918,10.505000114440918,10.510000228881836,10.500100135803223,10.505000114440918,10049.0
2024-09-16 14:41:00+00:00,BPYPN,12.869999885559082,12.869999885559082,12.869999885559082,12.869999885559082,12.869999885559082,2600.0
2024-09-16 14:41:00+00:00,CIGI,147.17999267578125,147.17999267578125,147.17999267578125,147.17999267578125,147.17999267578125,132.0
2024-09-16 14:41:00+00:00,CSGP,78.29000091552734,78.29000091552734,78.36000061035156,78.29000091552734,78.31999969482422,2037.0
2024-09-16 14:41:00+00:00,EXPI,14.654999732971191,14.654999732971191,14.680000305175781,14.640000343322754,14.640000343322754,11493.0
2024-09-16 14:41:00+00:00,GLPI,51.7400016784668,51.7400016784668,51.744998931884766,51.73500061035156,51.744998931884766,2138.0
2024-09-16 14:41:00+00:00,GOOD,16.1200008392334,16.1200008392334,16.1200008392334,16.1200008392334,16.1200008392334,709.0
2024-09-16 14:41:00+00:00,HST,17.4950008392334,17.4950008392334,17.5,17.4950008392334,17.4950008392334,5939.0
2024-09-16 14:41:00+00:00,ILPT,5.09499979019165,5.09499979019165,5.09499979019165,5.09499979019165,5.09499979019165,282.0
2024-09-16 14:41:00+00:00,LAMR,131.02999877929688,131.02999877929688,131.1300048828125,130.88499450683594,130.89999389648438,7753.0
2024-09-16 14:41:00+00:00,LSEA,12.670000076293945,12.670000076293945,12.670000076293945,12.670000076293945,12.670000076293945,255.0
2024-09-16 14:41:00+00:00,NYMT,6.690199851989746,6.690199851989746,6.690199851989746,6.690199851989746,6.690199851989746,221.0
2024-09-16 14:41:00+00:00,OPEN,2.3436999320983887,2.3436999320983887,2.3499999046325684,2.333699941635132,2.3350000381469727,181682.0
2024-09-16 14:41:00+00:00,OPI,2.2200000286102295,2.2200000286102295,2.2200000286102295,2.2200000286102295,2.2200000286102295,801.0
2024-09-16 14:41:00+00:00,PCH,45.34000015258789,45.34000015258789,45.34000015258789,45.34000015258789,45.34000015258789,697.0
2024-09-16 14:41:00+00:00,PECO,38.849998474121094,38.849998474121094,38.849998474121094,38.84000015258789,38.84000015258789,1533.0
2024-09-16 14:41:00+00:00,RDFN,14.40999984741211,14.40999984741211,14.4399995803833,14.359999656677246,14.359999656677246,31083.0
2024-09-16 14:41:00+00:00,REAX,5.835000038146973,5.835000038146973,5.835000038146973,5.835000038146973,5.835000038146973,510.0
2024-09-16 14:41:00+00:00,REG,74.83000183105469,74.83000183105469,74.83000183105469,74.83000183105469,74.83000183105469,530.0
2024-09-16 14:41:00+00:00,SBRA,18.760000228881836,18.760000228881836,18.760000228881836,18.7549991607666,18.7549991607666,871.0
2024-09-16 14:41:00+00:00,SVC,4.505000114440918,4.505000114440918,4.505000114440918,4.494999885559082,4.494999885559082,6805.0
2024-09-16 14:41:00+00:00,UNIT,5.355000019073486,5.355000019073486,5.360000133514404,5.355000019073486,5.360000133514404,1043.0
2024-09-16 14:41:00+00:00,WHLR,7.800000190734863,7.800000190734863,7.869999885559082,7.670000076293945,7.78000020980835,38929.0
2024-09-16 14:42:00+00:00,AFCG,10.539999961853027,10.539999961853027,10.539999961853027,10.539999961853027,10.539999961853027,101.0
2024-09-16 14:42:00+00:00,AGNC,10.510000228881836,10.510000228881836,10.510000228881836,10.504899978637695,10.505000114440918,6690.0
2024-09-16 14:42:00+00:00,CSGP,78.30999755859375,78.30999755859375,78.33000183105469,78.28500366210938,78.31500244140625,1730.0
2024-09-16 14:42:00+00:00,EQIX,879.3150024414062,879.3150024414062,879.5650024414062,878.8300170898438,878.8300170898438,1775.0
2024-09-16 14:42:00+00:00,EXPI,14.649999618530273,14.649999618530273,14.649999618530273,14.649999618530273,14.649999618530273,1281.0
2024-09-16 14:42:00+00:00,GLPI,51.720001220703125,51.720001220703125,51.72999954223633,51.71500015258789,51.72999954223633,3375.0
2024-09-16 14:42:00+00:00,HST,17.4950008392334,17.4950008392334,17.5,17.485000610351562,17.4950008392334,36596.0
2024-09-16 14:42:00+00:00,LAMR,131.02000427246094,131.02000427246094,131.02000427246094,131.0,131.0,1353.0
2024-09-16 14:42:00+00:00,LAND,14.572999954223633,14.572999954223633,14.572999954223633,14.572999954223633,14.572999954223633,1552.0
2024-09-16 14:42:00+00:00,NMRK,14.975000381469727,14.975000381469727,14.989999771118164,14.960000038146973,14.989999771118164,21348.0
2024-09-16 14:42:00+00:00,NYMT,6.690000057220459,6.690000057220459,6.690000057220459,6.690000057220459,6.690000057220459,3285.0
2024-09-16 14:42:00+00:00,OPEN,2.3492000102996826,2.3492000102996826,2.3499999046325684,2.340100049972534,2.3499999046325684,149158.0
2024-09-16 14:42:00+00:00,PCH,45.31999969482422,45.31999969482422,45.33000183105469,45.31999969482422,45.33000183105469,584.0
2024-09-16 14:42:00+00:00,PECO,38.84000015258789,38.84000015258789,38.845001220703125,38.834999084472656,38.845001220703125,941.0
2024-09-16 14:42:00+00:00,RDFN,14.390000343322754,14.390000343322754,14.414999961853027,14.369999885559082,14.414999961853027,20131.0
2024-09-16 14:42:00+00:00,REAX,5.835000038146973,5.835000038146973,5.840000152587891,5.835000038146973,5.840000152587891,1425.0
2024-09-16 14:42:00+00:00,REFI,16.059999465942383,16.059999465942383,16.059999465942383,16.059999465942383,16.059999465942383,241.0
2024-09-16 14:42:00+00:00,REG,74.80000305175781,74.80000305175781,74.80999755859375,74.80000305175781,74.80999755859375,1363.0
2024-09-16 14:42:00+00:00,ROIC,16.104999542236328,16.104999542236328,16.104999542236328,16.09000015258789,16.09000015258789,2539.0
2024-09-16 14:42:00+00:00,SBAC,246.2899932861328,246.2899932861328,246.5399932861328,246.2899932861328,246.5399932861328,640.0
2024-09-16 14:42:00+00:00,SBRA,18.764999389648438,18.764999389648438,18.770000457763672,18.760000228881836,18.760000228881836,7046.0
2024-09-16 14:42:00+00:00,SVC,4.505000114440918,4.505000114440918,4.505000114440918,4.505000114440918,4.505000114440918,1096.0
2024-09-16 14:42:00+00:00,UNIT,5.355000019073486,5.355000019073486,5.359899997711182,5.355000019073486,5.359899997711182,2943.0
2024-09-16 14:42:00+00:00,WHLR,7.760000228881836,7.760000228881836,7.800000190734863,7.699999809265137,7.742199897766113,20822.0
2024-09-16 14:43:00+00:00,AGNC,10.50469970703125,10.50469970703125,10.510000228881836,10.5,10.5,3573.0
2024-09-16 14:43:00+00:00,CIGI,147.19000244140625,147.19000244140625,147.27000427246094,147.19000244140625,147.27000427246094,693.0
2024-09-16 14:43:00+00:00,CSGP,78.33000183105469,78.33000183105469,78.33000183105469,78.32499694824219,78.32499694824219,1038.0
2024-09-16 14:43:00+00:00,EQIX,878.510009765625,878.510009765625,878.6699829101562,878.510009765625,878.5599975585938,1315.0
2024-09-16 14:43:00+00:00,EXPI,14.649999618530273,14.649999618530273,14.649999618530273,14.645000457763672,14.645000457763672,3584.0
2024-09-16 14:43:00+00:00,GLPI,51.71500015258789,51.71500015258789,51.720001220703125,51.71500015258789,51.720001220703125,400.0
2024-09-16 14:43:00+00:00,HST,17.4950008392334,17.4950008392334,17.4950008392334,17.4950008392334,17.4950008392334,514.0
2024-09-16 14:43:00+00:00,LAMR,131.02499389648438,131.02499389648438,131.02499389648438,131.02499389648438,131.02499389648438,582.0
2024-09-16 14:43:00+00:00,NMRK,14.975000381469727,14.975000381469727,14.975000381469727,14.975000381469727,14.975000381469727,907.0
2024-09-16 14:43:00+00:00,NYMT,6.684999942779541,6.684999942779541,6.684999942779541,6.684999942779541,6.684999942779541,324.0
2024-09-16 14:43:00+00:00,OPEN,2.3399999141693115,2.3399999141693115,2.3450000286102295,2.3399999141693115,2.3450000286102295,6276.0
2024-09-16 14:43:00+00:00,OPI,2.2200000286102295,2.2200000286102295,2.2249999046325684,2.2200000286102295,2.2200000286102295,12244.0
2024-09-16 14:43:00+00:00,PCH,45.31999969482422,45.31999969482422,45.33000183105469,45.31999969482422,45.33000183105469,1350.0
2024-09-16 14:43:00+00:00,PECO,38.834999084472656,38.834999084472656,38.834999084472656,38.834999084472656,38.834999084472656,173.0
2024-09-16 14:43:00+00:00,RDFN,14.420000076293945,14.420000076293945,14.425000190734863,14.394800186157227,14.399999618530273,10871.0
2024-09-16 14:43:00+00:00,ROIC,16.100000381469727,16.100000381469727,16.100000381469727,16.100000381469727,16.100000381469727,1904.0
2024-09-16 14:43:00+00:00,SBAC,246.4149932861328,246.4149932861328,246.4149932861328,246.4149932861328,246.4149932861328,543.0
2024-09-16 14:43:00+00:00,SELF,5.440000057220459,5.440000057220459,5.5,5.440000057220459,5.5,3691.0
2024-09-16 14:43:00+00:00,UNIT,5.355000019073486,5.355000019073486,5.360000133514404,5.355000019073486,5.355000019073486,3560.0
2024-09-16 14:43:00+00:00,WHLR,7.718100070953369,7.718100070953369,7.860000133514404,7.559999942779541,7.789999961853027,54554.0
2024-09-16 14:44:00+00:00,AEI,1.1100000143051147,1.1100000143051147,1.1100000143051147,1.1100000143051147,1.1100000143051147,128.0
2024-09-16 14:44:00+00:00,AGNC,10.505000114440918,10.505000114440918,10.510000228881836,10.50100040435791,10.504500389099121,18880.0
2024-09-16 14:44:00+00:00,AGNCO,25.22800064086914,25.22800064086914,25.22800064086914,25.22800064086914,25.22800064086914,2209.0
2024-09-16 14:44:00+00:00,BPYPN,12.869999885559082,12.869999885559082,12.869999885559082,12.869999885559082,12.869999885559082,2000.0
2024-09-16 14:44:00+00:00,CHCI,8.674300193786621,8.674300193786621,8.674300193786621,8.674300193786621,8.674300193786621,400.0
2024-09-16 14:44:00+00:00,CSGP,78.30999755859375,78.30999755859375,78.33999633789062,78.30000305175781,78.33999633789062,2828.0
2024-09-16 14:44:00+00:00,DHC,3.565000057220459,3.565000057220459,3.565000057220459,3.565000057220459,3.565000057220459,159.0
2024-09-16 14:44:00+00:00,EXPI,14.645000457763672,14.645000457763672,14.645000457763672,14.645000457763672,14.645000457763672,358.0
2024-09-16 14:44:00+00:00,GLPI,51.69499969482422,51.69499969482422,51.709999084472656,51.69499969482422,51.709999084472656,2403.0
2024-09-16 14:44:00+00:00,GOOD,16.100000381469727,16.100000381469727,16.100000381469727,16.100000381469727,16.100000381469727,1086.0
2024-09-16 14:44:00+00:00,HST,17.4950008392334,17.4950008392334,17.5,17.4950008392334,17.5,4753.0
2024-09-16 14:44:00+00:00,ILPT,5.09499979019165,5.09499979019165,5.09499979019165,5.090000152587891,5.09499979019165,1152.0
2024-09-16 14:44:00+00:00,LSEA,12.670000076293945,12.670000076293945,12.670000076293945,12.670000076293945,12.670000076293945,353.0
2024-09-16 14:44:00+00:00,NMRK,14.975000381469727,14.975000381469727,14.979999542236328,14.975000381469727,14.975000381469727,1864.0
2024-09-16 14:44:00+00:00,NYMT,6.690000057220459,6.690000057220459,6.690000057220459,6.690000057220459,6.690000057220459,1606.0
2024-09-16 14:44:00+00:00,OPEN,2.3350000381469727,2.3350000381469727,2.3450000286102295,2.3350000381469727,2.342600107192993,42060.0
2024-09-16 14:44:00+00:00,OPI,2.2200000286102295,2.2200000286102295,2.2200000286102295,2.2200000286102295,2.2200000286102295,176.0
2024-09-16 14:44:00+00:00,PECO,38.845001220703125,38.845001220703125,38.845001220703125,38.84000015258789,38.84000015258789,1024.0
2024-09-16 14:44:00+00:00,RDFN,14.355500221252441,14.355500221252441,14.40999984741211,14.350099563598633,14.40999984741211,8162.0
2024-09-16 14:44:00+00:00,SBRA,18.774999618530273,18.774999618530273,18.780000686645508,18.764999389648438,18.764999389648438,10947.0
2024-09-16 14:44:00+00:00,SQFTP,15.279999732971191,15.279999732971191,15.279999732971191,15.279999732971191,15.279999732971191,202.0
2024-09-16 14:44:00+00:00,SVC,4.505000114440918,4.505000114440918,4.505000114440918,4.505000114440918,4.505000114440918,201.0
2024-09-16 14:44:00+00:00,UNIT,5.355000019073486,5.355000019073486,5.355000019073486,5.355000019073486,5.355000019073486,2776.0
2024-09-16 14:44:00+00:00,WHLR,7.75,7.75,7.769999980926514,7.704999923706055,7.73199987411499,10021.0
2024-09-16 14:45:00+00:00,AGNC,10.505000114440918,10.505000114440918,10.510000228881836,10.5,10.505000114440918,13194.0
2024-09-16 14:45:00+00:00,CIGI,147.08999633789062,147.08999633789062,147.08999633789062,147.08999633789062,147.08999633789062,183.0
2024-09-16 14:45:00+00:00,CSGP,78.2300033569336,78.2300033569336,78.27999877929688,78.2300033569336,78.27999877929688,2636.0
2024-09-16 14:45:00+00:00,EQIX,878.2550048828125,878.2550048828125,878.2550048828125,878.2550048828125,878.2550048828125,397.0
2024-09-16 14:45:00+00:00,EXPI,14.649999618530273,14.649999618530273,14.649999618530273,14.619999885559082,14.645000457763672,4087.0
2024-09-16 14:45:00+00:00,GLPI,51.68000030517578,51.68000030517578,51.689998626708984,51.68000030517578,51.689998626708984,1469.0
2024-09-16 14:45:00+00:00,GOOD,16.100000381469727,16.100000381469727,16.100000381469727,16.100000381469727,16.100000381469727,749.0
2024-09-16 14:45:00+00:00,HST,17.46500015258789,17.46500015258789,17.489999771118164,17.46500015258789,17.489999771118164,9721.0
2024-09-16 14:45:00+00:00,ILPT,5.090000152587891,5.090000152587891,5.09499979019165,5.090000152587891,5.09499979019165,282.0
2024-09-16 14:45:00+00:00,LAMR,130.97500610351562,130.97500610351562,131.0,130.92999267578125,130.99000549316406,5125.0
2024-09-16 14:45:00+00:00,LSEA,12.65999984741211,12.65999984741211,12.65999984741211,12.65999984741211,12.65999984741211,688.0
2024-09-16 14:45:00+00:00,NMRK,14.970000267028809,14.970000267028809,14.970000267028809,14.96500015258789,14.970000267028809,9798.0
2024-09-16 14:45:00+00:00,OPEN,2.3350000381469727,2.3350000381469727,2.3366000652313232,2.3299999237060547,2.3350000381469727,7228.0
2024-09-16 14:45:00+00:00,PCH,45.314998626708984,45.314998626708984,45.33000183105469,45.314998626708984,45.33000183105469,919.0
2024-09-16 14:45:00+00:00,PECO,38.83000183105469,38.83000183105469,38.84000015258789,38.83000183105469,38.84000015258789,1005.0
2024-09-16 14:45:00+00:00,RDFN,14.350000381469727,14.350000381469727,14.380000114440918,14.345000267028809,14.354999542236328,21775.0
2024-09-16 14:45:00+00:00,REAX,5.829999923706055,5.829999923706055,5.829999923706055,5.829999923706055,5.829999923706055,720.0
2024-09-16 14:45:00+00:00,REFI,16.059999465942383,16.059999465942383,16.059999465942383,16.059999465942383,16.059999465942383,243.0
2024-09-16 14:45:00+00:00,REG,74.80000305175781,74.80000305175781,74.80000305175781,74.77999877929688,74.79000091552734,2256.0
2024-09-16 14:45:00+00:00,RMR,25.18000030517578,25.18000030517578,25.18000030517578,25.18000030517578,25.18000030517578,332.0
2024-09-16 14:45:00+00:00,ROIC,16.09000015258789,16.09000015258789,16.09000015258789,16.09000015258789,16.09000015258789,997.0
2024-09-16 14:45:00+00:00,SBAC,246.2899932861328,246.2899932861328,246.2899932861328,246.2899932861328,246.2899932861328,595.0
2024-09-16 14:45:00+00:00,SBRA,18.75,18.75,18.770000457763672,18.75,18.770000457763672,16177.0
2024-09-16 14:45:00+00:00,SVC,4.494999885559082,4.494999885559082,4.505000114440918,4.494999885559082,4.505000114440918,5324.0
2024-09-16 14:45:00+00:00,UNIT,5.355000019073486,5.355000019073486,5.360000133514404,5.355000019073486,5.360000133514404,3124.0
2024-09-16 14:45:00+00:00,WHLR,7.7378997802734375,7.7378997802734375,7.739999771118164,7.710000038146973,7.710000038146973,2562.0
2024-09-16 14:46:00+00:00,AEI,1.1485999822616577,1.1485999822616577,1.1485999822616577,1.1460000276565552,1.1460000276565552,453.0
2024-09-16 14:46:00+00:00,AFCG,10.539999961853027,10.539999961853027,10.539999961853027,10.539999961853027,10.539999961853027,103.0
2024-09-16 14:46:00+00:00,AGNC,10.505000114440918,10.505000114440918,10.510000228881836,10.502599716186523,10.503800392150879,21062.0
2024-09-16 14:46:00+00:00,BPYPN,12.869999885559082,12.869999885559082,12.899999618530273,12.869999885559082,12.869999885559082,4000.0
2024-09-16 14:46:00+00:00,CHCI,8.75,8.75,8.75,8.75,8.75,940.0
2024-09-16 14:46:00+00:00,CIGI,147.22999572753906,147.22999572753906,147.22999572753906,147.13999938964844,147.13999938964844,814.0
2024-09-16 14:46:00+00:00,CSGP,78.2300033569336,78.2300033569336,78.24500274658203,78.2300033569336,78.23999786376953,1936.0
2024-09-16 14:46:00+00:00,DHC,3.559999942779541,3.559999942779541,3.559999942779541,3.559999942779541,3.559999942779541,103.0
2024-09-16 14:46:00+00:00,EXPI,14.640000343322754,14.640000343322754,14.645000457763672,14.619999885559082,14.645000457763672,1743.0
2024-09-16 14:46:00+00:00,GLPI,51.70000076293945,51.70000076293945,51.709999084472656,51.70000076293945,51.709999084472656,1109.0
2024-09-16 14:46:00+00:00,HST,17.475000381469727,17.475000381469727,17.485000610351562,17.469999313354492,17.469999313354492,15682.0
2024-09-16 14:46:00+00:00,ILPT,5.090000152587891,5.090000152587891,5.090000152587891,5.090000152587891,5.090000152587891,1711.0
2024-09-16 14:46:00+00:00,LAND,14.569999694824219,14.569999694824219,14.569999694824219,14.569999694824219,14.569999694824219,142.0
2024-09-16 14:46:00+00:00,NYMT,6.695000171661377,6.695000171661377,6.695000171661377,6.695000171661377,6.695000171661377,299.0
2024-09-16 14:46:00+00:00,OPEN,2.3326001167297363,2.3326001167297363,2.3376998901367188,2.3301000595092773,2.3357999324798584,25057.0
2024-09-16 14:46:00+00:00,RDFN,14.310099601745605,14.310099601745605,14.354999542236328,14.3100004196167,14.350000381469727,11883.0
2024-09-16 14:46:00+00:00,REG,74.80500030517578,74.80500030517578,74.80500030517578,74.80500030517578,74.80500030517578,2345.0
2024-09-16 14:46:00+00:00,RMR,25.200000762939453,25.200000762939453,25.200000762939453,25.200000762939453,25.200000762939453,197.0
2024-09-16 14:46:00+00:00,SBRA,18.7549991607666,18.7549991607666,18.7549991607666,18.7549991607666,18.7549991607666,1109.0
2024-09-16 14:46:00+00:00,SVC,4.5,4.5,4.5,4.5,4.5,269.0
2024-09-16 14:46:00+00:00,UNIT,5.355000019073486,5.355000019073486,5.360000133514404,5.349999904632568,5.355000019073486,3909.0
2024-09-16 14:46:00+00:00,WHLR,7.630000114440918,7.630000114440918,7.715000152587891,7.599999904632568,7.715000152587891,21308.0
2024-09-16 14:47:00+00:00,AGNC,10.505000114440918,10.505000114440918,10.510000228881836,10.5,10.508399963378906,99733.0
2024-09-16 14:47:00+00:00,BPYPN,12.869999885559082,12.869999885559082,12.869999885559082,12.869999885559082,12.869999885559082,1700.0
2024-09-16 14:47:00+00:00,CSGP,78.30000305175781,78.30000305175781,78.30000305175781,78.2300033569336,78.2300033569336,12895.0
2024-09-16 14:47:00+00:00,DHC,3.569999933242798,3.569999933242798,3.569999933242798,3.569999933242798,3.569999933242798,2520.0
2024-09-16 14:47:00+00:00,EXPI,14.654999732971191,14.654999732971191,14.654999732971191,14.649999618530273,14.649999618530273,1210.0
2024-09-16 14:47:00+00:00,GLPI,51.71500015258789,51.71500015258789,51.71500015258789,51.709999084472656,51.709999084472656,826.0
2024-09-16 14:47:00+00:00,GOOD,16.100000381469727,16.100000381469727,16.100000381469727,16.100000381469727,16.100000381469727,673.0
2024-09-16 14:47:00+00:00,HST,17.4950008392334,17.4950008392334,17.4950008392334,17.475000381469727,17.479999542236328,11936.0
2024-09-16 14:47:00+00:00,ILPT,5.090000152587891,5.090000152587891,5.090000152587891,5.090000152587891,5.090000152587891,635.0
2024-09-16 14:47:00+00:00,LAMR,130.97500610351562,130.97500610351562,131.0,130.97500610351562,131.0,2685.0
2024-09-16 14:47:00+00:00,LAND,14.5600004196167,14.5600004196167,14.5600004196167,14.5600004196167,14.5600004196167,133.0
2024-09-16 14:47:00+00:00,NMRK,14.975000381469727,14.975000381469727,14.975000381469727,14.975000381469727,14.975000381469727,1330.0
2024-09-16 14:47:00+00:00,NYMT,6.690000057220459,6.690000057220459,6.690000057220459,6.690000057220459,6.690000057220459,369.0
2024-09-16 14:47:00+00:00,OPEN,2.3301000595092773,2.3301000595092773,2.3350000381469727,2.3301000595092773,2.3350000381469727,55790.0
2024-09-16 14:47:00+00:00,OPI,2.2200000286102295,2.2200000286102295,2.2249999046325684,2.2200000286102295,2.2200000286102295,1228.0
2024-09-16 14:47:00+00:00,PCH,45.349998474121094,45.349998474121094,45.349998474121094,45.334999084472656,45.349998474121094,2284.0
2024-09-16 14:47:00+00:00,RDFN,14.359999656677246,14.359999656677246,14.359999656677246,14.317299842834473,14.317299842834473,13282.0
2024-09-16 14:47:00+00:00,REAX,5.835000038146973,5.835000038146973,5.840000152587891,5.835000038146973,5.840000152587891,2990.0
2024-09-16 14:47:00+00:00,RMR,25.20949935913086,25.20949935913086,25.20949935913086,25.20949935913086,25.20949935913086,915.0
2024-09-16 14:47:00+00:00,ROIC,16.100000381469727,16.100000381469727,16.100000381469727,16.100000381469727,16.100000381469727,522.0
2024-09-16 14:47:00+00:00,SBAC,246.3300018310547,246.3300018310547,246.3300018310547,246.3300018310547,246.3300018310547,322.0
2024-09-16 14:47:00+00:00,SBRA,18.7549991607666,18.7549991607666,18.7549991607666,18.739999771118164,18.7549991607666,13723.0
2024-09-16 14:47:00+00:00,SEVN,13.870100021362305,13.870100021362305,13.870100021362305,13.870100021362305,13.870100021362305,493.0
2024-09-16 14:47:00+00:00,SQFTP,15.380000114440918,15.380000114440918,15.380000114440918,15.380000114440918,15.380000114440918,1812.0
2024-09-16 14:47:00+00:00,SVC,4.505000114440918,4.505000114440918,4.505000114440918,4.5,4.5,3250.0
2024-09-16 14:47:00+00:00,UNIT,5.355000019073486,5.355000019073486,5.360000133514404,5.355000019073486,5.355000019073486,4373.0
2024-09-16 14:47:00+00:00,WHLR,7.686100006103516,7.686100006103516,7.749000072479248,7.5854997634887695,7.5854997634887695,6984.0
2024-09-16 14:48:00+00:00,AFCG,10.539999961853027,10.539999961853027,10.539999961853027,10.539999961853027,10.539999961853027,200.0
2024-09-16 14:48:00+00:00,AGNC,10.505000114440918,10.505000114440918,10.510000228881836,10.505000114440918,10.505000114440918,26342.0
2024-09-16 14:48:00+00:00,AGNCL,24.190000534057617,24.190000534057617,24.190000534057617,24.190000534057617,24.190000534057617,200.0
2024-09-16 14:48:00+00:00,AGNCO,25.219999313354492,25.219999313354492,25.219999313354492,25.219999313354492,25.219999313354492,0.0
2024-09-16 14:48:00+00:00,BPYPN,12.869999885559082,12.869999885559082,12.869999885559082,12.869999885559082,12.869999885559082,3000.0
2024-09-16 14:48:00+00:00,CIGI,147.2899932861328,147.2899932861328,147.2899932861328,147.2899932861328,147.2899932861328,285.0
2024-09-16 14:48:00+00:00,CSGP,78.28929901123047,78.28929901123047,78.33999633789062,78.27999877929688,78.33000183105469,6038.0
2024-09-16 14:48:00+00:00,EQIX,877.7000122070312,877.7000122070312,877.7000122070312,877.7000122070312,877.7000122070312,541.0
2024-09-16 14:48:00+00:00,EXPI,14.6899995803833,14.6899995803833,14.6899995803833,14.649999618530273,14.65999984741211,9197.0
2024-09-16 14:48:00+00:00,FTHM,2.9512999057769775,2.9512999057769775,2.9700000286102295,2.9512999057769775,2.9700000286102295,2360.0
2024-09-16 14:48:00+00:00,GLPI,51.70500183105469,51.70500183105469,51.720001220703125,51.70500183105469,51.720001220703125,1272.0
2024-09-16 14:48:00+00:00,HST,17.4950008392334,17.4950008392334,17.4950008392334,17.4950008392334,17.4950008392334,277.0
2024-09-16 14:48:00+00:00,LAMR,130.97000122070312,130.97000122070312,130.97500610351562,130.9499969482422,130.97500610351562,3070.0
2024-09-16 14:48:00+00:00,LSEA,12.640000343322754,12.640000343322754,12.640000343322754,12.640000343322754,12.640000343322754,861.0
2024-09-16 14:48:00+00:00,NMRK,14.975000381469727,14.975000381469727,14.975000381469727,14.975000381469727,14.975000381469727,1632.0
2024-09-16 14:48:00+00:00,NYMT,6.695000171661377,6.695000171661377,6.695000171661377,6.695000171661377,6.695000171661377,1229.0
2024-09-16 14:48:00+00:00,OPEN,2.3350000381469727,2.3350000381469727,2.3399999141693115,2.3350000381469727,2.3350000381469727,16603.0
2024-09-16 14:48:00+00:00,OPI,2.2200000286102295,2.2200000286102295,2.2200000286102295,2.2200000286102295,2.2200000286102295,734.0
2024-09-16 14:48:00+00:00,PCH,45.345001220703125,45.345001220703125,45.345001220703125,45.345001220703125,45.345001220703125,204.0
2024-09-16 14:48:00+00:00,PECO,38.84000015258789,38.84000015258789,38.845001220703125,38.84000015258789,38.845001220703125,1122.0
2024-09-16 14:48:00+00:00,RDFN,14.288700103759766,14.288700103759766,14.359999656677246,14.229999542236328,14.359999656677246,59446.0
2024-09-16 14:48:00+00:00,RMR,25.219999313354492,25.219999313354492,25.219999313354492,25.219999313354492,25.219999313354492,232.0
2024-09-16 14:48:00+00:00,SBAC,246.1999969482422,246.1999969482422,246.3300018310547,246.1199951171875,246.22999572753906,1450.0
2024-09-16 14:48:00+00:00,SBRA,18.739999771118164,18.739999771118164,18.7549991607666,18.739999771118164,18.7549991607666,6197.0
2024-09-16 14:48:00+00:00,UNIT,5.355000019073486,5.355000019073486,5.355000019073486,5.355000019073486,5.355000019073486,1634.0
2024-09-16 14:48:00+00:00,WHLR,7.719900131225586,7.719900131225586,7.719900131225586,7.70359992980957,7.710000038146973,4508.0
2024-09-16 14:49:00+00:00,AFCG,10.543700218200684,10.543700218200684,10.543700218200684,10.539999961853027,10.539999961853027,357.0
2024-09-16 14:49:00+00:00,AGNC,10.505000114440918,10.505000114440918,10.510000228881836,10.5,10.505000114440918,15153.0
2024-09-16 14:49:00+00:00,BPYPN,12.850000381469727,12.850000381469727,12.869999885559082,12.850000381469727,12.869999885559082,150.0
2024-09-16 14:49:00+00:00,CSGP,78.26000213623047,78.26000213623047,78.29000091552734,78.26000213623047,78.2699966430664,3581.0
2024-09-16 14:49:00+00:00,DHC,3.575000047683716,3.575000047683716,3.575000047683716,3.569999933242798,3.569999933242798,9787.0
2024-09-16 14:49:00+00:00,EQIX,877.6599731445312,877.6599731445312,877.75,877.6599731445312,877.75,1009.0
2024-09-16 14:49:00+00:00,EXPI,14.699999809265137,14.699999809265137,14.699999809265137,14.699999809265137,14.699999809265137,934.0
2024-09-16 14:49:00+00:00,GLPI,51.689998626708984,51.689998626708984,51.70000076293945,51.689998626708984,51.70000076293945,1969.0
2024-09-16 14:49:00+00:00,HST,17.4950008392334,17.4950008392334,17.5,17.4950008392334,17.4950008392334,4781.0
2024-09-16 14:49:00+00:00,LAND,14.555000305175781,14.555000305175781,14.555000305175781,14.555000305175781,14.555000305175781,123.0
2024-09-16 14:49:00+00:00,LSEA,12.654999732971191,12.654999732971191,12.654999732971191,12.654999732971191,12.654999732971191,1259.0
2024-09-16 14:49:00+00:00,OPEN,2.3299999237060547,2.3299999237060547,2.3380000591278076,2.3299999237060547,2.3350000381469727,4516.0
2024-09-16 14:49:00+00:00,PCH,45.345001220703125,45.345001220703125,45.345001220703125,45.345001220703125,45.345001220703125,323.0
2024-09-16 14:49:00+00:00,PECO,38.849998474121094,38.849998474121094,38.849998474121094,38.84000015258789,38.84000015258789,249.0
2024-09-16 14:49:00+00:00,RDFN,14.260000228881836,14.260000228881836,14.295000076293945,14.255000114440918,14.28499984741211,28679.0
2024-09-16 14:49:00+00:00,REAX,5.840000152587891,5.840000152587891,5.840000152587891,5.840000152587891,5.840000152587891,202.0
2024-09-16 14:49:00+00:00,ROIC,16.108400344848633,16.108400344848633,16.108400344848633,16.108400344848633,16.108400344848633,247.0
2024-09-16 14:49:00+00:00,SBAC,246.0399932861328,246.0399932861328,246.14500427246094,246.0399932861328,246.14500427246094,593.0
2024-09-16 14:49:00+00:00,SBRA,18.7549991607666,18.7549991607666,18.7549991607666,18.7450008392334,18.7450008392334,5358.0
2024-09-16 14:49:00+00:00,UK,1.3949999809265137,1.3949999809265137,1.3949999809265137,1.3949999809265137,1.3949999809265137,17310.0
2024-09-16 14:49:00+00:00,UNIT,5.360000133514404,5.360000133514404,5.360000133514404,5.355000019073486,5.355000019073486,20741.0
2024-09-16 14:49:00+00:00,WHLR,7.690000057220459,7.690000057220459,7.710000038146973,7.670000076293945,7.690000057220459,2435.0
2024-09-16 14:50:00+00:00,AGNC,10.515000343322754,10.515000343322754,10.520000457763672,10.5,10.510000228881836,91556.0
2024-09-16 14:50:00+00:00,AGNCO,25.225000381469727,25.225000381469727,25.225000381469727,25.225000381469727,25.225000381469727,1232.0
2024-09-16 14:50:00+00:00,BPYPN,12.850000381469727,12.850000381469727,12.850000381469727,12.850000381469727,12.850000381469727,1003.0
2024-09-16 14:50:00+00:00,BPYPO,14.100000381469727,14.100000381469727,14.100000381469727,14.100000381469727,14.100000381469727,680.0
2024-09-16 14:50:00+00:00,CSGP,78.2750015258789,78.2750015258789,78.27999877929688,78.26499938964844,78.2699966430664,1756.0
2024-09-16 14:50:00+00:00,EXPI,14.6899995803833,14.6899995803833,14.6899995803833,14.680000305175781,14.6899995803833,10615.0
2024-09-16 14:50:00+00:00,GLPI,51.689998626708984,51.689998626708984,51.689998626708984,51.689998626708984,51.689998626708984,1103.0
2024-09-16 14:50:00+00:00,HST,17.4950008392334,17.4950008392334,17.5,17.4950008392334,17.4950008392334,1620.0
2024-09-16 14:50:00+00:00,LAND,14.569999694824219,14.569999694824219,14.569999694824219,14.5600004196167,14.5600004196167,712.0
2024-09-16 14:50:00+00:00,LOAN,5.210000038146973,5.210000038146973,5.210000038146973,5.210000038146973,5.210000038146973,405.0
2024-09-16 14:50:00+00:00,NMRK,14.970000267028809,14.970000267028809,14.970000267028809,14.970000267028809,14.970000267028809,1423.0
2024-09-16 14:50:00+00:00,NYMT,6.690000057220459,6.690000057220459,6.690000057220459,6.690000057220459,6.690000057220459,473.0
2024-09-16 14:50:00+00:00,OPEN,2.3399999141693115,2.3399999141693115,2.3399999141693115,2.333199977874756,2.3350000381469727,11115.0
2024-09-16 14:50:00+00:00,PCH,45.349998474121094,45.349998474121094,45.369998931884766,45.349998474121094,45.36000061035156,1428.0
2024-09-16 14:50:00+00:00,PECO,38.845001220703125,38.845001220703125,38.845001220703125,38.845001220703125,38.845001220703125,231.0
2024-09-16 14:50:00+00:00,RDFN,14.1899995803833,14.1899995803833,14.265000343322754,14.160099983215332,14.255000114440918,53912.0
2024-09-16 14:50:00+00:00,REG,74.83999633789062,74.83999633789062,74.83999633789062,74.80999755859375,74.83999633789062,1436.0
2024-09-16 14:50:00+00:00,RMR,25.25,25.25,25.25,25.25,25.25,341.0
2024-09-16 14:50:00+00:00,SBAC,246.22000122070312,246.22000122070312,246.22999572753906,246.0399932861328,246.0399932861328,5226.0
2024-09-16 14:50:00+00:00,SBRA,18.7549991607666,18.7549991607666,18.7549991607666,18.7549991607666,18.7549991607666,1707.0
2024-09-16 14:50:00+00:00,UK,1.395900011062622,1.395900011062622,1.395900011062622,1.395900011062622,1.395900011062622,0.0
2024-09-16 14:50:00+00:00,UNIT,5.355000019073486,5.355000019073486,5.360000133514404,5.355000019073486,5.360000133514404,5399.0
2024-09-16 14:50:00+00:00,WHLR,7.584499835968018,7.584499835968018,7.690000057220459,7.579999923706055,7.690000057220459,7062.0
2024-09-16 14:51:00+00:00,AFCG,10.550000190734863,10.550000190734863,10.550000190734863,10.542900085449219,10.542900085449219,1507.0
2024-09-16 14:51:00+00:00,AGNC,10.520000457763672,10.520000457763672,10.520000457763672,10.515000343322754,10.520000457763672,23592.0
2024-09-16 14:51:00+00:00,AGNCL,24.219999313354492,24.219999313354492,24.219999313354492,24.18000030517578,24.18000030517578,1200.0
2024-09-16 14:51:00+00:00,CIGI,147.33999633789062,147.33999633789062,147.33999633789062,147.33999633789062,147.33999633789062,240.0
2024-09-16 14:51:00+00:00,CSGP,78.27999877929688,78.27999877929688,78.27999877929688,78.2699966430664,78.2699966430664,1060.0
2024-09-16 14:51:00+00:00,EQIX,877.9849853515625,877.9849853515625,878.27001953125,877.9849853515625,878.27001953125,2250.0
2024-09-16 14:51:00+00:00,EXPI,14.640000343322754,14.640000343322754,14.670000076293945,14.640000343322754,14.670000076293945,1480.0
2024-09-16 14:51:00+00:00,GLPI,51.689998626708984,51.689998626708984,51.689998626708984,51.685001373291016,51.689998626708984,731.0
2024-09-16 14:51:00+00:00,HST,17.4950008392334,17.4950008392334,17.4950008392334,17.4950008392334,17.4950008392334,2352.0
2024-09-16 14:51:00+00:00,LAMR,131.0,131.0,131.0,130.9499969482422,130.9499969482422,231.0
2024-09-16 14:51:00+00:00,NMRK,14.975000381469727,14.975000381469727,14.975000381469727,14.975000381469727,14.975000381469727,1370.0
2024-09-16 14:51:00+00:00,OPEN,2.297499895095825,2.297499895095825,2.3387999534606934,2.2899999618530273,2.3387999534606934,265165.0
2024-09-16 14:51:00+00:00,OPI,2.2200000286102295,2.2200000286102295,2.2200000286102295,2.2200000286102295,2.2200000286102295,433.0
2024-09-16 14:51:00+00:00,PECO,38.849998474121094,38.849998474121094,38.849998474121094,38.845001220703125,38.845001220703125,744.0
2024-09-16 14:51:00+00:00,RDFN,13.960000038146973,13.960000038146973,14.1899995803833,13.90999984741211,14.1899995803833,141241.0
2024-09-16 14:51:00+00:00,REAX,5.835000038146973,5.835000038146973,5.840000152587891,5.835000038146973,5.840000152587891,1245.0
2024-09-16 14:51:00+00:00,REG,74.8499984741211,74.8499984741211,74.8499984741211,74.8499984741211,74.8499984741211,1069.0
2024-09-16 14:51:00+00:00,ROIC,16.100000381469727,16.100000381469727,16.110000610351562,16.100000381469727,16.110000610351562,951.0
2024-09-16 14:51:00+00:00,SBAC,246.22999572753906,246.22999572753906,246.22999572753906,246.1999969482422,246.1999969482422,611.0
2024-09-16 14:51:00+00:00,SBRA,18.7450008392334,18.7450008392334,18.7549991607666,18.7450008392334,18.7549991607666,5013.0
2024-09-16 14:51:00+00:00,SVC,4.510000228881836,4.510000228881836,4.510000228881836,4.510000228881836,4.510000228881836,564.0
2024-09-16 14:51:00+00:00,UNIT,5.380000114440918,5.380000114440918,5.380000114440918,5.355000019073486,5.355000019073486,23224.0
2024-09-16 14:51:00+00:00,WHLR,7.669899940490723,7.669899940490723,7.669899940490723,7.559299945831299,7.584499835968018,7483.0
2024-09-16 14:52:00+00:00,AFCG,10.545000076293945,10.545000076293945,10.545000076293945,10.545000076293945,10.545000076293945,200.0
2024-09-16 14:52:00+00:00,AGNC,10.515000343322754,10.515000343322754,10.516900062561035,10.515000343322754,10.515000343322754,8799.0
2024-09-16 14:52:00+00:00,BPYPO,14.100000381469727,14.100000381469727,14.100000381469727,14.100000381469727,14.100000381469727,100.0
2024-09-16 14:52:00+00:00,CSGP,78.23500061035156,78.23500061035156,78.28500366210938,78.23500061035156,78.26000213623047,6191.0
2024-09-16 14:52:00+00:00,DHC,3.575000047683716,3.575000047683716,3.575000047683716,3.575000047683716,3.575000047683716,459.0
2024-09-16 14:52:00+00:00,EXPI,14.630000114440918,14.630000114440918,14.640000343322754,14.630000114440918,14.640000343322754,785.0
2024-09-16 14:52:00+00:00,GLPI,51.689998626708984,51.689998626708984,51.689998626708984,51.689998626708984,51.689998626708984,888.0
2024-09-16 14:52:00+00:00,HST,17.4950008392334,17.4950008392334,17.5,17.4950008392334,17.4950008392334,5491.0
2024-09-16 14:52:00+00:00,ILPT,5.09499979019165,5.09499979019165,5.09499979019165,5.09499979019165,5.09499979019165,481.0
2024-09-16 14:52:00+00:00,LAMR,130.9499969482422,130.9499969482422,130.99000549316406,130.9499969482422,130.99000549316406,564.0
2024-09-16 14:52:00+00:00,NMRK,14.975000381469727,14.975000381469727,14.975000381469727,14.970000267028809,14.970000267028809,2597.0
2024-09-16 14:52:00+00:00,NYMT,6.690000057220459,6.690000057220459,6.695000171661377,6.690000057220459,6.695000171661377,604.0
2024-09-16 14:52:00+00:00,OPEN,2.2950000762939453,2.2950000762939453,2.2990000247955322,2.2929000854492188,2.2950000762939453,20373.0
2024-09-16 14:52:00+00:00,OPI,2.2200000286102295,2.2200000286102295,2.2249999046325684,2.2200000286102295,2.2249999046325684,517.0
2024-09-16 14:52:00+00:00,PCH,45.31999969482422,45.31999969482422,45.349998474121094,45.314998626708984,45.349998474121094,2239.0
2024-09-16 14:52:00+00:00,PECO,38.85499954223633,38.85499954223633,38.85499954223633,38.85499954223633,38.85499954223633,401.0
2024-09-16 14:52:00+00:00,RDFN,13.789999961853027,13.789999961853027,13.960599899291992,13.760000228881836,13.960599899291992,147525.0
2024-09-16 14:52:00+00:00,REAX,5.840000152587891,5.840000152587891,5.840000152587891,5.840000152587891,5.840000152587891,220.0
2024-09-16 14:52:00+00:00,REG,74.86000061035156,74.86000061035156,74.87000274658203,74.8499984741211,74.87000274658203,2181.0
2024-09-16 14:52:00+00:00,SBAC,246.1999969482422,246.1999969482422,246.1999969482422,246.1999969482422,246.1999969482422,128.0
2024-09-16 14:52:00+00:00,SBRA,18.7450008392334,18.7450008392334,18.7450008392334,18.7450008392334,18.7450008392334,702.0
2024-09-16 14:52:00+00:00,UNIT,5.375,5.375,5.380000114440918,5.369999885559082,5.375,7659.0
2024-09-16 14:52:00+00:00,WHLR,7.559999942779541,7.559999942779541,7.639999866485596,7.559999942779541,7.605000019073486,11843.0
2024-09-16 14:53:00+00:00,AFCG,10.545000076293945,10.545000076293945,10.545000076293945,10.545000076293945,10.545000076293945,100.0
2024-09-16 14:53:00+00:00,AGNC,10.515000343322754,10.515000343322754,10.520000457763672,10.510000228881836,10.520000457763672,59506.0
2024-09-16 14:53:00+00:00,AGNCL,24.190000534057617,24.190000534057617,24.190000534057617,24.18000030517578,24.18000030517578,1901.0
2024-09-16 14:53:00+00:00,AGNCN,25.987499237060547,25.987499237060547,25.987499237060547,25.987499237060547,25.987499237060547,452.0
2024-09-16 14:53:00+00:00,AGNCP,24.6299991607666,24.6299991607666,24.6299991607666,24.600000381469727,24.610000610351562,4991.0
2024-09-16 14:53:00+00:00,ASPS,1.1799999475479126,1.1799999475479126,1.1799999475479126,1.1799999475479126,1.1799999475479126,500.0
2024-09-16 14:53:00+00:00,BPYPO,14.100000381469727,14.100000381469727,14.100000381469727,14.100000381469727,14.100000381469727,5.0
2024-09-16 14:53:00+00:00,CSGP,78.19999694824219,78.19999694824219,78.22000122070312,78.19999694824219,78.22000122070312,1632.0
2024-09-16 14:53:00+00:00,GLPI,51.689998626708984,51.689998626708984,51.689998626708984,51.689998626708984,51.689998626708984,232.0
2024-09-16 14:53:00+00:00,GOOD,16.100000381469727,16.100000381469727,16.100000381469727,16.100000381469727,16.100000381469727,148.0
2024-09-16 14:53:00+00:00,HST,17.4950008392334,17.4950008392334,17.5,17.489999771118164,17.4950008392334,6378.0
2024-09-16 14:53:00+00:00,HTIBP,15.75,15.75,15.75,15.75,15.75,1843.0
2024-09-16 14:53:00+00:00,ILPT,5.090000152587891,5.090000152587891,5.090000152587891,5.090000152587891,5.090000152587891,341.0
2024-09-16 14:53:00+00:00,LAMR,130.9499969482422,130.9499969482422,130.97999572753906,130.9499969482422,130.97999572753906,675.0
2024-09-16 14:53:00+00:00,NYMT,6.695000171661377,6.695000171661377,6.695000171661377,6.695000171661377,6.695000171661377,337.0
2024-09-16 14:53:00+00:00,OPEN,2.2950000762939453,2.2950000762939453,2.2999000549316406,2.2899999618530273,2.2950000762939453,32402.0
2024-09-16 14:53:00+00:00,OPI,2.2200000286102295,2.2200000286102295,2.2249999046325684,2.2200000286102295,2.2200000286102295,1344.0
2024-09-16 14:53:00+00:00,PECO,38.85499954223633,38.85499954223633,38.85499954223633,38.85499954223633,38.85499954223633,200.0
2024-09-16 14:53:00+00:00,RDFN,13.73840045928955,13.73840045928955,13.78499984741211,13.6899995803833,13.78499984741211,100493.0
2024-09-16 14:53:00+00:00,ROIC,16.104999542236328,16.104999542236328,16.104999542236328,16.104999542236328,16.104999542236328,559.0
2024-09-16 14:53:00+00:00,SBAC,246.1999969482422,246.1999969482422,246.1999969482422,246.1999969482422,246.1999969482422,158.0
2024-09-16 14:53:00+00:00,SBRA,18.774999618530273,18.774999618530273,18.774999618530273,18.7450008392334,18.75,6601.0
2024-09-16 14:53:00+00:00,SVC,4.505000114440918,4.505000114440918,4.505000114440918,4.505000114440918,4.505000114440918,239.0
2024-09-16 14:53:00+00:00,UNIT,5.375,5.375,5.375,5.375,5.375,5321.0
2024-09-16 14:53:00+00:00,WHLR,7.710999965667725,7.710999965667725,7.75,7.6031999588012695,7.622000217437744,19518.0
2024-09-16 14:54:00+00:00,AGNC,10.515000343322754,10.515000343322754,10.520000457763672,10.514399528503418,10.515000343322754,10396.0
2024-09-16 14:54:00+00:00,AGNCN,25.989999771118164,25.989999771118164,25.989999771118164,25.989999771118164,25.989999771118164,102.0
2024-09-16 14:54:00+00:00,AGNCP,24.6200008392334,24.6200008392334,24.6200008392334,24.6200008392334,24.6200008392334,356.0
2024-09-16 14:54:00+00:00,CIGI,147.32000732421875,147.32000732421875,147.32000732421875,147.32000732421875,147.32000732421875,103.0
2024-09-16 14:54:00+00:00,CSGP,78.20999908447266,78.20999908447266,78.20999908447266,78.20999908447266,78.20999908447266,1281.0
2024-09-16 14:54:00+00:00,DHC,3.575000047683716,3.575000047683716,3.5799999237060547,3.575000047683716,3.5799999237060547,496.0
2024-09-16 14:54:00+00:00,EXPI,14.630000114440918,14.630000114440918,14.630000114440918,14.614999771118164,14.625,3190.0
2024-09-16 14:54:00+00:00,GLPI,51.689998626708984,51.689998626708984,51.689998626708984,51.689998626708984,51.689998626708984,429.0
2024-09-16 14:54:00+00:00,GOOD,16.104999542236328,16.104999542236328,16.104999542236328,16.104999542236328,16.104999542236328,111.0
2024-09-16 14:54:00+00:00,HST,17.4950008392334,17.4950008392334,17.5,17.485000610351562,17.5,9416.0
2024-09-16 14:54:00+00:00,ILPT,5.085000038146973,5.085000038146973,5.085000038146973,5.085000038146973,5.085000038146973,367.0
2024-09-16 14:54:00+00:00,LAMR,130.94000244140625,130.94000244140625,130.99000549316406,130.92999267578125,130.99000549316406,5464.0
2024-09-16 14:54:00+00:00,LOAN,5.214000225067139,5.214000225067139,5.214000225067139,5.214000225067139,5.214000225067139,349.0
2024-09-16 14:54:00+00:00,NMRK,14.975000381469727,14.975000381469727,14.975000381469727,14.975000381469727,14.975000381469727,1634.0
2024-09-16 14:54:00+00:00,NYMTL,21.299999237060547,21.299999237060547,21.299999237060547,21.299999237060547,21.299999237060547,107754.0
2024-09-16 14:54:00+00:00,OPEN,2.3032000064849854,2.3032000064849854,2.305000066757202,2.2950000762939453,2.2950000762939453,75949.0
2024-09-16 14:54:00+00:00,OPI,2.2200000286102295,2.2200000286102295,2.2200000286102295,2.2200000286102295,2.2200000286102295,428.0
2024-09-16 14:54:00+00:00,PCH,45.36000061035156,45.36000061035156,45.36000061035156,45.34000015258789,45.34000015258789,2198.0
2024-09-16 14:54:00+00:00,PECO,38.85499954223633,38.85499954223633,38.85499954223633,38.85499954223633,38.85499954223633,7.0
2024-09-16 14:54:00+00:00,RDFN,13.850000381469727,13.850000381469727,13.890000343322754,13.729999542236328,13.739999771118164,70034.0
2024-09-16 14:54:00+00:00,SBAC,246.1999969482422,246.1999969482422,246.1999969482422,246.1999969482422,246.1999969482422,434.0
2024-09-16 14:54:00+00:00,SBRA,18.774999618530273,18.774999618530273,18.780000686645508,18.774999618530273,18.780000686645508,1906.0
2024-09-16 14:54:00+00:00,SVC,4.510000228881836,4.510000228881836,4.510000228881836,4.505000114440918,4.505000114440918,286.0
2024-09-16 14:54:00+00:00,UNIT,5.375,5.375,5.375,5.375,5.375,5843.0
2024-09-16 14:54:00+00:00,WHLR,7.670000076293945,7.670000076293945,7.710000038146973,7.670000076293945,7.67110013961792,8177.0
2024-09-16 14:55:00+00:00,AFCG,10.545000076293945,10.545000076293945,10.545000076293945,10.545000076293945,10.545000076293945,99.0
2024-09-16 14:55:00+00:00,AGNC,10.515000343322754,10.515000343322754,10.515000343322754,10.510000228881836,10.515000343322754,17139.0
2024-09-16 14:55:00+00:00,AGNCL,24.190000534057617,24.190000534057617,24.190000534057617,24.190000534057617,24.190000534057617,300.0
2024-09-16 14:55:00+00:00,ASPS,1.1700999736785889,1.1700999736785889,1.1700999736785889,1.1700999736785889,1.1700999736785889,8740.0
2024-09-16 14:55:00+00:00,BPYPN,12.880000114440918,12.880000114440918,12.880000114440918,12.869999885559082,12.869999885559082,3469.0
2024-09-16 14:55:00+00:00,CIGI,147.27000427246094,147.27000427246094,147.27000427246094,147.27000427246094,147.27000427246094,583.0
2024-09-16 14:55:00+00:00,CSGP,78.2249984741211,78.2249984741211,78.2300033569336,78.16999816894531,78.21499633789062,8890.0
2024-09-16 14:55:00+00:00,EXPI,14.640000343322754,14.640000343322754,14.65999984741211,14.635000228881836,14.65999984741211,3005.0
2024-09-16 14:55:00+00:00,GLPI,51.70000076293945,51.70000076293945,51.70000076293945,51.689998626708984,51.689998626708984,2475.0
2024-09-16 14:55:00+00:00,GOOD,16.104999542236328,16.104999542236328,16.104999542236328,16.104999542236328,16.104999542236328,133.0
2024-09-16 14:55:00+00:00,HST,17.5049991607666,17.5049991607666,17.5049991607666,17.4950008392334,17.4950008392334,8560.0
2024-09-16 14:55:00+00:00,ILPT,5.090000152587891,5.090000152587891,5.090000152587891,5.090000152587891,5.090000152587891,351.0
2024-09-16 14:55:00+00:00,LAMR,131.02000427246094,131.02000427246094,131.02000427246094,130.94000244140625,130.94000244140625,1542.0
2024-09-16 14:55:00+00:00,LAND,14.569999694824219,14.569999694824219,14.569999694824219,14.569999694824219,14.569999694824219,264.0
2024-09-16 14:55:00+00:00,NMRK,14.984999656677246,14.984999656677246,14.984999656677246,14.975000381469727,14.979999542236328,8033.0
2024-09-16 14:55:00+00:00,NYMTM,24.450000762939453,24.450000762939453,24.450000762939453,24.450000762939453,24.450000762939453,234.0
2024-09-16 14:55:00+00:00,OPEN,2.304500102996826,2.304500102996826,2.309999942779541,2.29010009765625,2.304500102996826,142268.0
2024-09-16 14:55:00+00:00,OPI,2.2200000286102295,2.2200000286102295,2.2249999046325684,2.2200000286102295,2.2249999046325684,898.0
2024-09-16 14:55:00+00:00,PCH,45.369998931884766,45.369998931884766,45.369998931884766,45.369998931884766,45.369998931884766,1032.0
2024-09-16 14:55:00+00:00,PECO,38.86000061035156,38.86000061035156,38.869998931884766,38.86000061035156,38.86000061035156,3331.0
2024-09-16 14:55:00+00:00,RDFN,13.86989974975586,13.86989974975586,13.890000343322754,13.819999694824219,13.84000015258789,18773.0
2024-09-16 14:55:00+00:00,REAX,5.829999923706055,5.829999923706055,5.840000152587891,5.829999923706055,5.840000152587891,508.0
2024-09-16 14:55:00+00:00,REG,74.88500213623047,74.88500213623047,74.88999938964844,74.86360168457031,74.87000274658203,4293.0
2024-09-16 14:55:00+00:00,ROIC,16.110000610351562,16.110000610351562,16.110000610351562,16.104999542236328,16.104999542236328,308.0
2024-09-16 14:55:00+00:00,SBAC,246.1699981689453,246.1699981689453,246.22500610351562,246.16000366210938,246.16000366210938,1623.0
2024-09-16 14:55:00+00:00,SBRA,18.75,18.75,18.780000686645508,18.75,18.780000686645508,13251.0
2024-09-16 14:55:00+00:00,SVC,4.505000114440918,4.505000114440918,4.505000114440918,4.505000114440918,4.505000114440918,643.0
2024-09-16 14:55:00+00:00,UK,1.3901000022888184,1.3901000022888184,1.3991999626159668,1.3899999856948853,1.3991999626159668,940.0
2024-09-16 14:55:00+00:00,UNIT,5.380000114440918,5.380000114440918,5.380000114440918,5.375,5.375,2755.0
2024-09-16 14:55:00+00:00,WHLR,7.670000076293945,7.670000076293945,7.75,7.630000114440918,7.710000038146973,6992.0
2024-09-16 14:56:00+00:00,AFCG,10.550000190734863,10.550000190734863,10.550000190734863,10.550000190734863,10.550000190734863,293.0
2024-09-16 14:56:00+00:00,AGNC,10.520000457763672,10.520000457763672,10.520000457763672,10.510000228881836,10.515000343322754,7762.0
2024-09-16 14:56:00+00:00,CSGP,78.19000244140625,78.19000244140625,78.23999786376953,78.19000244140625,78.20999908447266,6110.0
2024-09-16 14:56:00+00:00,DHC,3.5850000381469727,3.5850000381469727,3.5950000286102295,3.5799999237060547,3.5799999237060547,15336.0
2024-09-16 14:56:00+00:00,EQIX,877.8099975585938,877.8099975585938,877.8099975585938,877.8099975585938,877.8099975585938,1345.0
2024-09-16 14:56:00+00:00,EXPI,14.649999618530273,14.649999618530273,14.649999618530273,14.640000343322754,14.640000343322754,690.0
2024-09-16 14:56:00+00:00,FSV,180.46499633789062,180.46499633789062,180.46499633789062,180.46499633789062,180.46499633789062,306.0
2024-09-16 14:56:00+00:00,GLPI,51.70500183105469,51.70500183105469,51.70500183105469,51.70500183105469,51.70500183105469,366.0
2024-09-16 14:56:00+00:00,GOOD,16.104999542236328,16.104999542236328,16.104999542236328,16.104999542236328,16.104999542236328,209.0
2024-09-16 14:56:00+00:00,HST,17.520000457763672,17.520000457763672,17.520000457763672,17.5049991607666,17.510000228881836,5709.0
2024-09-16 14:56:00+00:00,ILPT,5.085000038146973,5.085000038146973,5.090000152587891,5.085000038146973,5.090000152587891,2742.0
2024-09-16 14:56:00+00:00,LAMR,130.97000122070312,130.97000122070312,130.97000122070312,130.97000122070312,130.97000122070312,573.0
2024-09-16 14:56:00+00:00,LSEA,12.649999618530273,12.649999618530273,12.649999618530273,12.649999618530273,12.649999618530273,352.0
2024-09-16 14:56:00+00:00,NMRK,14.984999656677246,14.984999656677246,14.989999771118164,14.984999656677246,14.989999771118164,968.0
2024-09-16 14:56:00+00:00,NYMT,6.695000171661377,6.695000171661377,6.699999809265137,6.695000171661377,6.695000171661377,1864.0
2024-09-16 14:56:00+00:00,NYMTM,24.450000762939453,24.450000762939453,24.450000762939453,24.450000762939453,24.450000762939453,1171.0
2024-09-16 14:56:00+00:00,OPEN,2.3099000453948975,2.3099000453948975,2.3099000453948975,2.299999952316284,2.305000066757202,30726.0
2024-09-16 14:56:00+00:00,OPI,2.2249999046325684,2.2249999046325684,2.2249999046325684,2.2249999046325684,2.2249999046325684,528.0
2024-09-16 14:56:00+00:00,PCH,45.36000061035156,45.36000061035156,45.369998931884766,45.36000061035156,45.369998931884766,1285.0
2024-09-16 14:56:00+00:00,PECO,38.880001068115234,38.880001068115234,38.880001068115234,38.869998931884766,38.869998931884766,945.0
2024-09-16 14:56:00+00:00,RDFN,13.949999809265137,13.949999809265137,13.949999809265137,13.868900299072266,13.868900299072266,32604.0
2024-09-16 14:56:00+00:00,REFI,16.100000381469727,16.100000381469727,16.100000381469727,16.100000381469727,16.100000381469727,671.0
2024-09-16 14:56:00+00:00,ROIC,16.104999542236328,16.104999542236328,16.104999542236328,16.104999542236328,16.104999542236328,483.0
2024-09-16 14:56:00+00:00,SBAC,246.1649932861328,246.1649932861328,246.214599609375,246.1649932861328,246.1999969482422,2626.0
2024-09-16 14:56:00+00:00,SBRA,18.7549991607666,18.7549991607666,18.7549991607666,18.7549991607666,18.7549991607666,1203.0
2024-09-16 14:56:00+00:00,UK,1.399999976158142,1.399999976158142,1.399999976158142,1.399999976158142,1.399999976158142,2033.0
2024-09-16 14:56:00+00:00,UNIT,5.385000228881836,5.385000228881836,5.389999866485596,5.369999885559082,5.369999885559082,24696.0
2024-09-16 14:56:00+00:00,WHLR,7.695300102233887,7.695300102233887,7.769999980926514,7.610099792480469,7.610099792480469,9251.0
2024-09-16 14:57:00+00:00,AFCG,10.550000190734863,10.550000190734863,10.550000190734863,10.550000190734863,10.550000190734863,70.0
2024-09-16 14:57:00+00:00,AGNC,10.515000343322754,10.515000343322754,10.520000457763672,10.513500213623047,10.515000343322754,26540.0
2024-09-16 14:57:00+00:00,AGNCM,25.382999420166016,25.382999420166016,25.382999420166016,25.382999420166016,25.382999420166016,23023.0
2024-09-16 14:57:00+00:00,CIGI,147.25,147.25,147.25,147.25,147.25,280.0
2024-09-16 14:57:00+00:00,CSGP,78.20999908447266,78.20999908447266,78.22000122070312,78.20999908447266,78.20999908447266,2356.0
2024-09-16 14:57:00+00:00,DHC,3.5850000381469727,3.5850000381469727,3.5850000381469727,3.5850000381469727,3.5850000381469727,416.0
2024-09-16 14:57:00+00:00,EXPI,14.649999618530273,14.649999618530273,14.649999618530273,14.649999618530273,14.649999618530273,505.0
2024-09-16 14:57:00+00:00,GLPI,51.689998626708984,51.689998626708984,51.70500183105469,51.689998626708984,51.70500183105469,2708.0
2024-09-16 14:57:00+00:00,GOOD,16.100000381469727,16.100000381469727,16.100000381469727,16.100000381469727,16.100000381469727,749.0
2024-09-16 14:57:00+00:00,HST,17.510000228881836,17.510000228881836,17.514999389648438,17.510000228881836,17.514999389648438,5034.0
2024-09-16 14:57:00+00:00,LAMR,130.99000549316406,130.99000549316406,131.07000732421875,130.99000549316406,131.07000732421875,1385.0
2024-09-16 14:57:00+00:00,NMRK,14.984999656677246,14.984999656677246,14.984999656677246,14.984999656677246,14.984999656677246,1340.0
2024-09-16 14:57:00+00:00,NYMT,6.695000171661377,6.695000171661377,6.695000171661377,6.695000171661377,6.695000171661377,860.0
2024-09-16 14:57:00+00:00,OPEN,2.305000066757202,2.305000066757202,2.3099000453948975,2.305000066757202,2.305000066757202,32317.0
2024-09-16 14:57:00+00:00,PCH,45.369998931884766,45.369998931884766,45.369998931884766,45.369998931884766,45.369998931884766,1097.0
2024-09-16 14:57:00+00:00,PECO,38.869998931884766,38.869998931884766,38.875,38.869998931884766,38.875,1116.0
2024-09-16 14:57:00+00:00,RDFN,13.94909954071045,13.94909954071045,13.960000038146973,13.918999671936035,13.944700241088867,17312.0
2024-09-16 14:57:00+00:00,REG,74.87999725341797,74.87999725341797,74.87999725341797,74.87999725341797,74.87999725341797,2568.0
2024-09-16 14:57:00+00:00,ROIC,16.110000610351562,16.110000610351562,16.110000610351562,16.110000610351562,16.110000610351562,619.0
2024-09-16 14:57:00+00:00,SBAC,246.1649932861328,246.1649932861328,246.1649932861328,246.1649932861328,246.1649932861328,258.0
2024-09-16 14:57:00+00:00,SBRA,18.7549991607666,18.7549991607666,18.7549991607666,18.7549991607666,18.7549991607666,1261.0
2024-09-16 14:57:00+00:00,SVC,4.510000228881836,4.510000228881836,4.510000228881836,4.510000228881836,4.510000228881836,291.0
2024-09-16 14:57:00+00:00,UNIT,5.385000228881836,5.385000228881836,5.385000228881836,5.385000228881836,5.385000228881836,3983.0
2024-09-16 14:57:00+00:00,WHLR,7.679999828338623,7.679999828338623,7.710000038146973,7.679999828338623,7.7093000411987305,4494.0
2024-09-16 14:58:00+00:00,AFCG,10.553999900817871,10.553999900817871,10.553999900817871,10.553999900817871,10.553999900817871,202.0
2024-09-16 14:58:00+00:00,AGNC,10.51449966430664,10.51449966430664,10.520000457763672,10.510000228881836,10.515000343322754,22675.0
2024-09-16 14:58:00+00:00,AGNCM,25.3799991607666,25.3799991607666,25.3799991607666,25.3799991607666,25.3799991607666,500.0
2024-09-16 14:58:00+00:00,AGNCP,24.629899978637695,24.629899978637695,24.629899978637695,24.629899978637695,24.629899978637695,518.0
2024-09-16 14:58:00+00:00,BPYPN,12.869999885559082,12.869999885559082,12.869999885559082,12.869999885559082,12.869999885559082,0.0
2024-09-16 14:58:00+00:00,CSGP,78.28500366210938,78.28500366210938,78.30000305175781,78.22000122070312,78.22100067138672,8105.0
2024-09-16 14:58:00+00:00,DHC,3.5850000381469727,3.5850000381469727,3.5850000381469727,3.5850000381469727,3.5850000381469727,252.0
2024-09-16 14:58:00+00:00,EXPI,14.65999984741211,14.65999984741211,14.65999984741211,14.65999984741211,14.65999984741211,545.0
2024-09-16 14:58:00+00:00,GLPI,51.70000076293945,51.70000076293945,51.70000076293945,51.689998626708984,51.689998626708984,791.0
2024-09-16 14:58:00+00:00,HST,17.5049991607666,17.5049991607666,17.5049991607666,17.5,17.5049991607666,1546.0
2024-09-16 14:58:00+00:00,ILPT,5.085000038146973,5.085000038146973,5.085000038146973,5.085000038146973,5.085000038146973,261.0
2024-09-16 14:58:00+00:00,LAMR,131.05999755859375,131.05999755859375,131.05999755859375,131.0399932861328,131.0399932861328,666.0
2024-09-16 14:58:00+00:00,MDRR,12.350000381469727,12.350000381469727,12.350000381469727,12.350000381469727,12.350000381469727,322.0
2024-09-16 14:58:00+00:00,NMRK,14.984999656677246,14.984999656677246,14.984999656677246,14.984999656677246,14.984999656677246,502.0
2024-09-16 14:58:00+00:00,NYMT,6.704999923706055,6.704999923706055,6.704999923706055,6.699999809265137,6.699999809265137,5809.0
2024-09-16 14:58:00+00:00,NYMTL,21.299999237060547,21.299999237060547,21.299999237060547,21.299999237060547,21.299999237060547,356.0
2024-09-16 14:58:00+00:00,OPEN,2.3010001182556152,2.3010001182556152,2.305000066757202,2.3010001182556152,2.305000066757202,33052.0
2024-09-16 14:58:00+00:00,OPI,2.2200000286102295,2.2200000286102295,2.2249999046325684,2.2200000286102295,2.2249999046325684,1557.0
2024-09-16 14:58:00+00:00,PCH,45.369998931884766,45.369998931884766,45.369998931884766,45.369998931884766,45.369998931884766,645.0
2024-09-16 14:58:00+00:00,PECO,38.88999938964844,38.88999938964844,38.88999938964844,38.880001068115234,38.880001068115234,973.0
2024-09-16 14:58:00+00:00,RDFN,13.925000190734863,13.925000190734863,13.960000038146973,13.914999961853027,13.949899673461914,17592.0
2024-09-16 14:58:00+00:00,REAX,5.849999904632568,5.849999904632568,5.849999904632568,5.849999904632568,5.849999904632568,852.0
2024-09-16 14:58:00+00:00,REG,74.87000274658203,74.87000274658203,74.87000274658203,74.87000274658203,74.87000274658203,820.0
2024-09-16 14:58:00+00:00,RMR,25.269899368286133,25.269899368286133,25.269899368286133,25.269899368286133,25.269899368286133,1967.0
2024-09-16 14:58:00+00:00,ROIC,16.1200008392334,16.1200008392334,16.1200008392334,16.110000610351562,16.110000610351562,1747.0
2024-09-16 14:58:00+00:00,SBAC,246.1649932861328,246.1649932861328,246.2581024169922,246.16000366210938,246.1649932861328,756.0
2024-09-16 14:58:00+00:00,SBRA,18.7549991607666,18.7549991607666,18.7549991607666,18.7549991607666,18.7549991607666,3070.0
2024-09-16 14:58:00+00:00,SEVN,13.899999618530273,13.899999618530273,13.899999618530273,13.899999618530273,13.899999618530273,1498.0
2024-09-16 14:58:00+00:00,SVC,4.510000228881836,4.510000228881836,4.510000228881836,4.5,4.502500057220459,2266.0
2024-09-16 14:58:00+00:00,UNIT,5.380000114440918,5.380000114440918,5.385000228881836,5.380000114440918,5.385000228881836,11127.0
2024-09-16 14:58:00+00:00,WHLR,7.730000019073486,7.730000019073486,7.769999980926514,7.639999866485596,7.677199840545654,11789.0
2024-09-16 14:59:00+00:00,AFCG,10.5600004196167,10.5600004196167,10.5600004196167,10.5600004196167,10.5600004196167,231.0
2024-09-16 14:59:00+00:00,AGNC,10.513799667358398,10.513799667358398,10.520000457763672,10.513799667358398,10.517900466918945,57111.0
2024-09-16 14:59:00+00:00,AGNCM,25.3799991607666,25.3799991607666,25.3799991607666,25.3799991607666,25.3799991607666,163.0
2024-09-16 14:59:00+00:00,AGNCN,25.989999771118164,25.989999771118164,25.989999771118164,25.989999771118164,25.989999771118164,1251.0
2024-09-16 14:59:00+00:00,BPYPN,12.819999694824219,12.819999694824219,12.819999694824219,12.819999694824219,12.819999694824219,80.0
2024-09-16 14:59:00+00:00,CSGP,78.29499816894531,78.29499816894531,78.29499816894531,78.27999877929688,78.28500366210938,3334.0
2024-09-16 14:59:00+00:00,EXPI,14.675000190734863,14.675000190734863,14.675000190734863,14.670000076293945,14.670000076293945,990.0
2024-09-16 14:59:00+00:00,FSV,180.6300048828125,180.6300048828125,180.6300048828125,180.6300048828125,180.6300048828125,134.0
2024-09-16 14:59:00+00:00,GLPI,51.709999084472656,51.709999084472656,51.720001220703125,51.70000076293945,51.709999084472656,2288.0
2024-09-16 14:59:00+00:00,HST,17.5049991607666,17.5049991607666,17.5049991607666,17.5,17.5049991607666,2023.0
2024-09-16 14:59:00+00:00,LAMR,131.1199951171875,131.1199951171875,131.1199951171875,131.1199951171875,131.1199951171875,136.0
2024-09-16 14:59:00+00:00,LSEA,12.649999618530273,12.649999618530273,12.649999618530273,12.649999618530273,12.649999618530273,313.0
2024-09-16 14:59:00+00:00,NMRK,14.994999885559082,14.994999885559082,14.994999885559082,14.984999656677246,14.989999771118164,6889.0
2024-09-16 14:59:00+00:00,NYMT,6.704999923706055,6.704999923706055,6.710000038146973,6.704999923706055,6.710000038146973,3874.0
2024-09-16 14:59:00+00:00,NYMTM,24.3700008392334,24.3700008392334,24.405000686645508,24.3700008392334,24.405000686645508,950.0
2024-09-16 14:59:00+00:00,OPEN,2.315999984741211,2.315999984741211,2.315999984741211,2.304500102996826,2.3087000846862793,130436.0
2024-09-16 14:59:00+00:00,PCH,45.400001525878906,45.400001525878906,45.400001525878906,45.400001525878906,45.400001525878906,1153.0
2024-09-16 14:59:00+00:00,PECO,38.88029861450195,38.88029861450195,38.8849983215332,38.880001068115234,38.880001068115234,3193.0
2024-09-16 14:59:00+00:00,RDFN,14.010000228881836,14.010000228881836,14.020000457763672,13.925000190734863,13.925000190734863,20873.0
2024-09-16 14:59:00+00:00,REAX,5.849999904632568,5.849999904632568,5.849999904632568,5.840000152587891,5.840000152587891,1663.0
2024-09-16 14:59:00+00:00,REG,74.8550033569336,74.8550033569336,74.87000274658203,74.8550033569336,74.87000274658203,1044.0
2024-09-16 14:59:00+00:00,ROIC,16.125,16.125,16.1299991607666,16.1200008392334,16.1299991607666,2703.0
2024-09-16 14:59:00+00:00,SBAC,246.22000122070312,246.22000122070312,246.22000122070312,246.1649932861328,246.1649932861328,427.0
2024-09-16 14:59:00+00:00,SBRA,18.7450008392334,18.7450008392334,18.7549991607666,18.7450008392334,18.7549991607666,6781.0
2024-09-16 14:59:00+00:00,SVC,4.5,4.5,4.510000228881836,4.5,4.510000228881836,1042.0
2024-09-16 14:59:00+00:00,UNIT,5.385000228881836,5.385000228881836,5.385000228881836,5.385000228881836,5.385000228881836,1215.0
2024-09-16 14:59:00+00:00,WHLR,7.72629976272583,7.72629976272583,7.820000171661377,7.699999809265137,7.73829984664917,18211.0
2024-09-16 15:00:00+00:00,AFCG,10.555000305175781,10.555000305175781,10.555000305175781,10.555000305175781,10.555000305175781,600.0
2024-09-16 15:00:00+00:00,AGNC,10.515000343322754,10.515000343322754,10.520000457763672,10.510000228881836,10.515000343322754,52252.0
2024-09-16 15:00:00+00:00,CIGI,147.10000610351562,147.10000610351562,147.10000610351562,147.10000610351562,147.10000610351562,567.0
2024-09-16 15:00:00+00:00,CSGP,78.30000305175781,78.30000305175781,78.30000305175781,78.29499816894531,78.29499816894531,1448.0
2024-09-16 15:00:00+00:00,FSV,180.5050048828125,180.5050048828125,180.5050048828125,180.5050048828125,180.5050048828125,457.0
2024-09-16 15:00:00+00:00,GLPI,51.70500183105469,51.70500183105469,51.709999084472656,51.70000076293945,51.709999084472656,2068.0
2024-09-16 15:00:00+00:00,HST,17.5,17.5,17.5049991607666,17.490100860595703,17.500999450683594,9526.0
2024-09-16 15:00:00+00:00,ILPT,5.085000038146973,5.085000038146973,5.085000038146973,5.079999923706055,5.079999923706055,628.0
2024-09-16 15:00:00+00:00,LAMR,131.1199951171875,131.1199951171875,131.1199951171875,131.1199951171875,131.1199951171875,314.0
2024-09-16 15:00:00+00:00,NMRK,14.989999771118164,14.989999771118164,15.0,14.989999771118164,15.0,1237.0
2024-09-16 15:00:00+00:00,NYMT,6.704999923706055,6.704999923706055,6.704999923706055,6.704999923706055,6.704999923706055,313.0
2024-09-16 15:00:00+00:00,OPEN,2.315000057220459,2.315000057220459,2.315000057220459,2.309999942779541,2.309999942779541,6029.0
2024-09-16 15:00:00+00:00,PECO,38.8849983215332,38.8849983215332,38.8849983215332,38.8849983215332,38.8849983215332,1613.0
2024-09-16 15:00:00+00:00,RDFN,13.970100402832031,13.970100402832031,14.015000343322754,13.970100402832031,14.015000343322754,19216.0
2024-09-16 15:00:00+00:00,REG,74.86000061035156,74.86000061035156,74.86000061035156,74.86000061035156,74.86000061035156,162.0
2024-09-16 15:00:00+00:00,ROIC,16.114999771118164,16.114999771118164,16.1200008392334,16.110000610351562,16.1200008392334,3096.0
2024-09-16 15:00:00+00:00,SBRA,18.7450008392334,18.7450008392334,18.7450008392334,18.735000610351562,18.7450008392334,9985.0
2024-09-16 15:00:00+00:00,SEVN,13.895000457763672,13.895000457763672,13.895000457763672,13.895000457763672,13.895000457763672,301.0
2024-09-16 15:00:00+00:00,SVC,4.505000114440918,4.505000114440918,4.505000114440918,4.505000114440918,4.505000114440918,240.0
2024-09-16 15:00:00+00:00,UNIT,5.380099773406982,5.380099773406982,5.385000228881836,5.380099773406982,5.385000228881836,7608.0
2024-09-16 15:00:00+00:00,WHLR,7.809999942779541,7.809999942779541,7.820000171661377,7.735000133514404,7.735000133514404,31153.0
2024-09-16 15:01:00+00:00,AFCG,10.555000305175781,10.555000305175781,10.555000305175781,10.555000305175781,10.555000305175781,100.0
2024-09-16 15:01:00+00:00,AGNC,10.515000343322754,10.515000343322754,10.515000343322754,10.510000228881836,10.515000343322754,24007.0
2024-09-16 15:01:00+00:00,CSGP,78.2750015258789,78.2750015258789,78.30000305175781,78.2699966430664,78.30000305175781,2360.0
2024-09-16 15:01:00+00:00,DHC,3.575000047683716,3.575000047683716,3.5799999237060547,3.575000047683716,3.5799999237060547,4496.0
2024-09-16 15:01:00+00:00,EQIX,877.4000244140625,877.4000244140625,877.4000244140625,877.4000244140625,877.4000244140625,376.0
2024-09-16 15:01:00+00:00,EXPI,14.670000076293945,14.670000076293945,14.675000190734863,14.670000076293945,14.673500061035156,2826.0
2024-09-16 15:01:00+00:00,GOOD,16.110000610351562,16.110000610351562,16.110000610351562,16.110000610351562,16.110000610351562,693.0
2024-09-16 15:01:00+00:00,HST,17.475000381469727,17.475000381469727,17.4950008392334,17.475000381469727,17.4950008392334,23935.0
2024-09-16 15:01:00+00:00,LAMR,131.00999450683594,131.00999450683594,131.11000061035156,131.00999450683594,131.11000061035156,237.0
2024-09-16 15:01:00+00:00,LSEA,12.640000343322754,12.640000343322754,12.640000343322754,12.640000343322754,12.640000343322754,1334.0
2024-09-16 15:01:00+00:00,NMRK,14.994999885559082,14.994999885559082,14.994999885559082,14.989999771118164,14.989999771118164,2553.0
2024-09-16 15:01:00+00:00,NYMT,6.704999923706055,6.704999923706055,6.704999923706055,6.704999923706055,6.704999923706055,887.0
2024-09-16 15:01:00+00:00,OPEN,2.305500030517578,2.305500030517578,2.3101000785827637,2.300600051879883,2.3101000785827637,67676.0
2024-09-16 15:01:00+00:00,OPI,2.2200000286102295,2.2200000286102295,2.2200000286102295,2.2200000286102295,2.2200000286102295,768.0
2024-09-16 15:01:00+00:00,PCH,45.38999938964844,45.38999938964844,45.38999938964844,45.38999938964844,45.38999938964844,214.0
2024-09-16 15:01:00+00:00,RDFN,13.930000305175781,13.930000305175781,13.970000267028809,13.930000305175781,13.970000267028809,16670.0
2024-09-16 15:01:00+00:00,REG,74.8499984741211,74.8499984741211,74.86000061035156,74.83999633789062,74.8550033569336,2657.0
2024-09-16 15:01:00+00:00,ROIC,16.100000381469727,16.100000381469727,16.110000610351562,16.100000381469727,16.110000610351562,1373.0
2024-09-16 15:01:00+00:00,SBAC,246.0749969482422,246.0749969482422,246.1300048828125,246.07000732421875,246.07000732421875,1116.0
2024-09-16 15:01:00+00:00,SBRA,18.7549991607666,18.7549991607666,18.7549991607666,18.7450008392334,18.7450008392334,7083.0
2024-09-16 15:01:00+00:00,SEVN,13.89009952545166,13.89009952545166,13.890999794006348,13.890000343322754,13.890999794006348,440.0
2024-09-16 15:01:00+00:00,SVC,4.505000114440918,4.505000114440918,4.505000114440918,4.5,4.505000114440918,986.0
2024-09-16 15:01:00+00:00,UNIT,5.385000228881836,5.385000228881836,5.389999866485596,5.385000228881836,5.385000228881836,6700.0
2024-09-16 15:01:00+00:00,WHLR,7.75,7.75,7.843900203704834,7.739999771118164,7.843900203704834,12286.0
2024-09-16 15:02:00+00:00,AFCG,10.555000305175781,10.555000305175781,10.555000305175781,10.555000305175781,10.555000305175781,247.0
2024-09-16 15:02:00+00:00,AGNC,10.515000343322754,10.515000343322754,10.520000457763672,10.510000228881836,10.515000343322754,24379.0
2024-09-16 15:02:00+00:00,AGNCM,25.3799991607666,25.3799991607666,25.3799991607666,25.3799991607666,25.3799991607666,125.0
2024-09-16 15:02:00+00:00,CSGP,78.19999694824219,78.19999694824219,78.26000213623047,78.19999694824219,78.26000213623047,4013.0
2024-09-16 15:02:00+00:00,DHC,3.575000047683716,3.575000047683716,3.575000047683716,3.575000047683716,3.575000047683716,307.0
2024-09-16 15:02:00+00:00,EQIX,878.3499755859375,878.3499755859375,878.3499755859375,878.3499755859375,878.3499755859375,808.0
2024-09-16 15:02:00+00:00,EXPI,14.666999816894531,14.666999816894531,14.666999816894531,14.666999816894531,14.666999816894531,413.0
2024-09-16 15:02:00+00:00,GLPI,51.689998626708984,51.689998626708984,51.70000076293945,51.689998626708984,51.70000076293945,1316.0
2024-09-16 15:02:00+00:00,GOOD,16.100000381469727,16.100000381469727,16.100000381469727,16.100000381469727,16.100000381469727,508.0
2024-09-16 15:02:00+00:00,HST,17.475000381469727,17.475000381469727,17.479999542236328,17.469999313354492,17.475000381469727,8959.0
2024-09-16 15:02:00+00:00,LAMR,131.10000610351562,131.10000610351562,131.10000610351562,131.10000610351562,131.10000610351562,206.0
2024-09-16 15:02:00+00:00,MDJH,0.73089998960495,0.73089998960495,0.73089998960495,0.73089998960495,0.73089998960495,2226.0
2024-09-16 15:02:00+00:00,NMRK,14.979999542236328,14.979999542236328,14.989999771118164,14.979999542236328,14.989999771118164,12209.0
2024-09-16 15:02:00+00:00,OPEN,2.302500009536743,2.302500009536743,2.309999942779541,2.302500009536743,2.306299924850464,5716.0
2024-09-16 15:02:00+00:00,PCH,45.36000061035156,45.36000061035156,45.38999938964844,45.36000061035156,45.38999938964844,2948.0
2024-09-16 15:02:00+00:00,PECO,38.84000015258789,38.84000015258789,38.84000015258789,38.84000015258789,38.84000015258789,229.0
2024-09-16 15:02:00+00:00,RDFN,13.949999809265137,13.949999809265137,13.960000038146973,13.920000076293945,13.920599937438965,20167.0
2024-09-16 15:02:00+00:00,REAX,5.84499979019165,5.84499979019165,5.84499979019165,5.84499979019165,5.84499979019165,272.0
2024-09-16 15:02:00+00:00,REG,74.86000061035156,74.86000061035156,74.86000061035156,74.86000061035156,74.86000061035156,1330.0
2024-09-16 15:02:00+00:00,ROIC,16.100000381469727,16.100000381469727,16.100000381469727,16.100000381469727,16.100000381469727,172.0
2024-09-16 15:02:00+00:00,SBAC,246.0800018310547,246.0800018310547,246.2100067138672,246.0800018310547,246.1699981689453,1530.0
2024-09-16 15:02:00+00:00,SBRA,18.760000228881836,18.760000228881836,18.760000228881836,18.7549991607666,18.760000228881836,12526.0
2024-09-16 15:02:00+00:00,SVC,4.505000114440918,4.505000114440918,4.505000114440918,4.5,4.505000114440918,1507.0
2024-09-16 15:02:00+00:00,UNIT,5.385000228881836,5.385000228881836,5.389999866485596,5.385000228881836,5.385000228881836,4651.0
2024-09-16 15:02:00+00:00,WHLR,7.630099773406982,7.630099773406982,7.75,7.630099773406982,7.739999771118164,23705.0
2024-09-16 15:03:00+00:00,AGNC,10.520000457763672,10.520000457763672,10.520000457763672,10.510000228881836,10.510000228881836,11114.0
2024-09-16 15:03:00+00:00,AGNCL,24.190000534057617,24.190000534057617,24.190000534057617,24.190000534057617,24.190000534057617,2396.0
2024-09-16 15:03:00+00:00,BPYPN,12.819999694824219,12.819999694824219,12.819999694824219,12.819999694824219,12.819999694824219,14.0
2024-09-16 15:03:00+00:00,CSGP,78.19999694824219,78.19999694824219,78.19999694824219,78.19999694824219,78.19999694824219,1410.0
2024-09-16 15:03:00+00:00,EXPI,14.630000114440918,14.630000114440918,14.65999984741211,14.630000114440918,14.65999984741211,1734.0
2024-09-16 15:03:00+00:00,GIPR,2.209700107574463,2.209700107574463,2.209700107574463,2.209700107574463,2.209700107574463,454.0
2024-09-16 15:03:00+00:00,HST,17.459999084472656,17.459999084472656,17.475000381469727,17.459999084472656,17.475000381469727,2857.0
2024-09-16 15:03:00+00:00,LAMR,131.07000732421875,131.07000732421875,131.10000610351562,131.07000732421875,131.10000610351562,265.0
2024-09-16 15:03:00+00:00,NMRK,14.970000267028809,14.970000267028809,14.970000267028809,14.970000267028809,14.970000267028809,3213.0
2024-09-16 15:03:00+00:00,OPEN,2.305000066757202,2.305000066757202,2.309000015258789,2.299999952316284,2.309000015258789,50189.0
2024-09-16 15:03:00+00:00,PCH,45.349998474121094,45.349998474121094,45.36000061035156,45.349998474121094,45.36000061035156,613.0
2024-09-16 15:03:00+00:00,PECO,38.83000183105469,38.83000183105469,38.83000183105469,38.83000183105469,38.83000183105469,589.0
2024-09-16 15:03:00+00:00,RDFN,13.875,13.875,13.9399995803833,13.868900299072266,13.9399995803833,11159.0
2024-09-16 15:03:00+00:00,REAX,5.840000152587891,5.840000152587891,5.840000152587891,5.840000152587891,5.840000152587891,3631.0
2024-09-16 15:03:00+00:00,REG,74.82499694824219,74.82499694824219,74.82499694824219,74.81999969482422,74.81999969482422,2395.0
2024-09-16 15:03:00+00:00,ROIC,16.094999313354492,16.094999313354492,16.100000381469727,16.094999313354492,16.100000381469727,697.0
2024-09-16 15:03:00+00:00,SBAC,246.0800018310547,246.0800018310547,246.0800018310547,246.0800018310547,246.0800018310547,391.0
2024-09-16 15:03:00+00:00,SBRA,18.760000228881836,18.760000228881836,18.760000228881836,18.7549991607666,18.760000228881836,9112.0
2024-09-16 15:03:00+00:00,SVC,4.5,4.5,4.5,4.5,4.5,6858.0
2024-09-16 15:03:00+00:00,UNIT,5.380000114440918,5.380000114440918,5.385000228881836,5.380000114440918,5.385000228881836,10683.0
2024-09-16 15:03:00+00:00,WHLR,7.609099864959717,7.609099864959717,7.679999828338623,7.600200176239014,7.639999866485596,11434.0
2024-09-16 15:04:00+00:00,AFCG,10.550000190734863,10.550000190734863,10.550000190734863,10.550000190734863,10.550000190734863,893.0
2024-09-16 15:04:00+00:00,AGNC,10.520000457763672,10.520000457763672,10.520000457763672,10.515000343322754,10.515000343322754,13530.0
2024-09-16 15:04:00+00:00,BPYPO,14.100000381469727,14.100000381469727,14.100000381469727,14.100000381469727,14.100000381469727,1100.0
2024-09-16 15:04:00+00:00,CSGP,78.16999816894531,78.16999816894531,78.19999694824219,78.16999816894531,78.19000244140625,3713.0
2024-09-16 15:04:00+00:00,DHC,3.575000047683716,3.575000047683716,3.575000047683716,3.575000047683716,3.575000047683716,317.0
2024-09-16 15:04:00+00:00,EXPI,14.619999885559082,14.619999885559082,14.630000114440918,14.619999885559082,14.630000114440918,1554.0
2024-09-16 15:04:00+00:00,GLPI,51.66999816894531,51.66999816894531,51.67499923706055,51.66999816894531,51.67499923706055,937.0
2024-09-16 15:04:00+00:00,HST,17.450000762939453,17.450000762939453,17.469999313354492,17.450000762939453,17.46500015258789,48320.0
2024-09-16 15:04:00+00:00,ILPT,5.070499897003174,5.070499897003174,5.079999923706055,5.070499897003174,5.079999923706055,589.0
2024-09-16 15:04:00+00:00,LAMR,130.99000549316406,130.99000549316406,131.0800018310547,130.99000549316406,131.0050048828125,1321.0
2024-09-16 15:04:00+00:00,LAND,14.569999694824219,14.569999694824219,14.569999694824219,14.5649995803833,14.5649995803833,1362.0
2024-09-16 15:04:00+00:00,NMRK,14.960000038146973,14.960000038146973,14.970000267028809,14.960000038146973,14.970000267028809,3224.0
2024-09-16 15:04:00+00:00,NYMT,6.695000171661377,6.695000171661377,6.710000038146973,6.695000171661377,6.710000038146973,3402.0
2024-09-16 15:04:00+00:00,OPEN,2.315000057220459,2.315000057220459,2.3299999237060547,2.2932000160217285,2.305000066757202,536738.0
2024-09-16 15:04:00+00:00,PCH,45.31999969482422,45.31999969482422,45.349998474121094,45.314998626708984,45.349998474121094,1930.0
2024-09-16 15:04:00+00:00,RDFN,13.870100021362305,13.870100021362305,13.895000457763672,13.84000015258789,13.86359977722168,25293.0
2024-09-16 15:04:00+00:00,ROIC,16.090099334716797,16.090099334716797,16.094999313354492,16.090099334716797,16.094999313354492,760.0
2024-09-16 15:04:00+00:00,SBRA,18.78499984741211,18.78499984741211,18.790000915527344,18.7549991607666,18.760000228881836,11618.0
2024-09-16 15:04:00+00:00,SVC,4.494999885559082,4.494999885559082,4.5,4.494999885559082,4.5,1496.0
2024-09-16 15:04:00+00:00,UNIT,5.385000228881836,5.385000228881836,5.385000228881836,5.380000114440918,5.385000228881836,3809.0
2024-09-16 15:04:00+00:00,WHLR,7.5802001953125,7.5802001953125,7.629899978637695,7.5,7.610000133514404,20738.0
2024-09-16 15:05:00+00:00,AFCG,10.545000076293945,10.545000076293945,10.545000076293945,10.545000076293945,10.545000076293945,149.0
2024-09-16 15:05:00+00:00,AGNC,10.510000228881836,10.510000228881836,10.520000457763672,10.510000228881836,10.515000343322754,4586.0
2024-09-16 15:05:00+00:00,AGNCL,24.190000534057617,24.190000534057617,24.190000534057617,24.190000534057617,24.190000534057617,264.0
2024-09-16 15:05:00+00:00,AGNCO,25.200000762939453,25.200000762939453,25.20800018310547,25.198999404907227,25.20800018310547,3930.0
2024-09-16 15:05:00+00:00,BPYPO,14.089500427246094,14.089500427246094,14.089500427246094,14.089500427246094,14.089500427246094,511.0
2024-09-16 15:05:00+00:00,CSGP,78.20500183105469,78.20500183105469,78.22000122070312,78.16220092773438,78.16220092773438,4879.0
2024-09-16 15:05:00+00:00,DHC,3.575000047683716,3.575000047683716,3.575000047683716,3.575000047683716,3.575000047683716,359.0
2024-09-16 15:05:00+00:00,EQIX,878.5999755859375,878.5999755859375,878.5999755859375,878.5999755859375,878.5999755859375,1369.0
2024-09-16 15:05:00+00:00,EXPI,14.645000457763672,14.645000457763672,14.645000457763672,14.619999885559082,14.619999885559082,2322.0
2024-09-16 15:05:00+00:00,GLPI,51.68000030517578,51.68000030517578,51.68000030517578,51.68000030517578,51.68000030517578,1045.0
2024-09-16 15:05:00+00:00,GOOD,16.09309959411621,16.09309959411621,16.09819984436035,16.091699600219727,16.091699600219727,6104.0
2024-09-16 15:05:00+00:00,HST,17.475000381469727,17.475000381469727,17.485000610351562,17.454999923706055,17.454999923706055,18549.0
2024-09-16 15:05:00+00:00,ILPT,5.074999809265137,5.074999809265137,5.074999809265137,5.074999809265137,5.074999809265137,457.0
2024-09-16 15:05:00+00:00,LAND,14.569999694824219,14.569999694824219,14.569999694824219,14.569999694824219,14.569999694824219,299.0
2024-09-16 15:05:00+00:00,LANDO,22.32469940185547,22.32469940185547,22.32469940185547,22.32469940185547,22.32469940185547,141.0
2024-09-16 15:05:00+00:00,NMRK,14.96500015258789,14.96500015258789,14.96500015258789,14.96399974822998,14.96399974822998,1076.0
2024-09-16 15:05:00+00:00,NYMT,6.695000171661377,6.695000171661377,6.695000171661377,6.695000171661377,6.695000171661377,106.0
2024-09-16 15:05:00+00:00,OPEN,2.338599920272827,2.338599920272827,2.3399999141693115,2.313999891281128,2.319999933242798,223684.0
2024-09-16 15:05:00+00:00,OPI,2.2200000286102295,2.2200000286102295,2.2200000286102295,2.2200000286102295,2.2200000286102295,754.0
2024-09-16 15:05:00+00:00,PCH,45.36000061035156,45.36000061035156,45.36000061035156,45.31999969482422,45.31999969482422,2763.0
2024-09-16 15:05:00+00:00,PECO,38.84000015258789,38.84000015258789,38.84000015258789,38.81999969482422,38.81999969482422,1245.0
2024-09-16 15:05:00+00:00,RDFN,13.925000190734863,13.925000190734863,13.930000305175781,13.859999656677246,13.859999656677246,15559.0
2024-09-16 15:05:00+00:00,REAX,5.835000038146973,5.835000038146973,5.835000038146973,5.829999923706055,5.829999923706055,1942.0
2024-09-16 15:05:00+00:00,REG,74.875,74.875,74.875,74.84500122070312,74.84500122070312,2522.0
2024-09-16 15:05:00+00:00,ROIC,16.09000015258789,16.09000015258789,16.09000015258789,16.09000015258789,16.09000015258789,1360.0
2024-09-16 15:05:00+00:00,SBAC,246.1300048828125,246.1300048828125,246.1300048828125,246.0399932861328,246.0399932861328,979.0
2024-09-16 15:05:00+00:00,SBRA,18.774999618530273,18.774999618530273,18.790000915527344,18.774999618530273,18.780000686645508,16183.0
2024-09-16 15:05:00+00:00,SVC,4.494999885559082,4.494999885559082,4.4953999519348145,4.489999771118164,4.4953999519348145,2405.0
2024-09-16 15:05:00+00:00,UNIT,5.380000114440918,5.380000114440918,5.385000228881836,5.380000114440918,5.385000228881836,1594.0
2024-09-16 15:05:00+00:00,VINO,4.890500068664551,4.890500068664551,4.890500068664551,4.890500068664551,4.890500068664551,10385.0
2024-09-16 15:05:00+00:00,WHLR,7.639999866485596,7.639999866485596,7.71999979019165,7.53000020980835,7.565000057220459,11770.0
2024-09-16 15:06:00+00:00,AGNC,10.515000343322754,10.515000343322754,10.520000457763672,10.515000343322754,10.520000457763672,14241.0
2024-09-16 15:06:00+00:00,AGNCN,25.989999771118164,25.989999771118164,25.989999771118164,25.989999771118164,25.989999771118164,133.0
2024-09-16 15:06:00+00:00,CIGI,147.16000366210938,147.16000366210938,147.16000366210938,147.16000366210938,147.16000366210938,272.0
2024-09-16 15:06:00+00:00,CSGP,78.25,78.25,78.25,78.25,78.25,493.0
2024-09-16 15:06:00+00:00,DHC,3.575000047683716,3.575000047683716,3.575000047683716,3.575000047683716,3.575000047683716,1884.0
2024-09-16 15:06:00+00:00,EXPI,14.670000076293945,14.670000076293945,14.670000076293945,14.649999618530273,14.649999618530273,1303.0
2024-09-16 15:06:00+00:00,FSV,180.21499633789062,180.21499633789062,180.21499633789062,180.21499633789062,180.21499633789062,229.0
2024-09-16 15:06:00+00:00,GLPI,51.69499969482422,51.69499969482422,51.70000076293945,51.69499969482422,51.70000076293945,806.0
2024-09-16 15:06:00+00:00,GOOD,16.109100341796875,16.109100341796875,16.109100341796875,16.109100341796875,16.109100341796875,425.0
2024-09-16 15:06:00+00:00,HST,17.475000381469727,17.475000381469727,17.477500915527344,17.475000381469727,17.475000381469727,4090.0
2024-09-16 15:06:00+00:00,ILPT,5.079999923706055,5.079999923706055,5.079999923706055,5.079999923706055,5.079999923706055,1034.0
2024-09-16 15:06:00+00:00,LAMR,130.99000549316406,130.99000549316406,130.99000549316406,130.99000549316406,130.99000549316406,686.0
2024-09-16 15:06:00+00:00,LAND,14.59000015258789,14.59000015258789,14.59000015258789,14.569999694824219,14.569999694824219,663.0
2024-09-16 15:06:00+00:00,NMRK,14.984999656677246,14.984999656677246,14.984999656677246,14.96500015258789,14.96500015258789,6310.0
2024-09-16 15:06:00+00:00,NYMT,6.694200038909912,6.694200038909912,6.699999809265137,6.694200038909912,6.699999809265137,828.0
2024-09-16 15:06:00+00:00,OPEN,2.3450000286102295,2.3450000286102295,2.365000009536743,2.3350000381469727,2.338599920272827,424449.0
2024-09-16 15:06:00+00:00,PECO,38.86000061035156,38.86000061035156,38.86000061035156,38.849998474121094,38.849998474121094,431.0
2024-09-16 15:06:00+00:00,RDFN,13.965299606323242,13.965299606323242,13.975000381469727,13.930000305175781,13.930000305175781,20199.0
2024-09-16 15:06:00+00:00,REAX,5.840000152587891,5.840000152587891,5.840000152587891,5.840000152587891,5.840000152587891,124.0
2024-09-16 15:06:00+00:00,REFI,16.125,16.125,16.125,16.125,16.125,1292.0
2024-09-16 15:06:00+00:00,SBAC,246.1750030517578,246.1750030517578,246.30999755859375,246.1300048828125,246.24000549316406,2308.0
2024-09-16 15:06:00+00:00,SBRA,18.780000686645508,18.780000686645508,18.780000686645508,18.774999618530273,18.780000686645508,3324.0
2024-09-16 15:06:00+00:00,SVC,4.489999771118164,4.489999771118164,4.489999771118164,4.489999771118164,4.489999771118164,669.0
2024-09-16 15:06:00+00:00,UNIT,5.389999866485596,5.389999866485596,5.389999866485596,5.385000228881836,5.385000228881836,18990.0
2024-09-16 15:06:00+00:00,WHLR,7.554999828338623,7.554999828338623,7.649899959564209,7.5,7.635000228881836,16429.0
2024-09-16 15:07:00+00:00,AGNC,10.524999618530273,10.524999618530273,10.529999732971191,10.515000343322754,10.520000457763672,101723.0
2024-09-16 15:07:00+00:00,CSGP,78.25,78.25,78.26000213623047,78.23999786376953,78.23999786376953,2293.0
2024-09-16 15:07:00+00:00,EXPI,14.6899995803833,14.6899995803833,14.699999809265137,14.6899995803833,14.6899995803833,1742.0
2024-09-16 15:07:00+00:00,GLPI,51.69499969482422,51.69499969482422,51.69499969482422,51.69499969482422,51.69499969482422,810.0
2024-09-16 15:07:00+00:00,HST,17.479999542236328,17.479999542236328,17.479999542236328,17.475000381469727,17.475000381469727,2526.0
2024-09-16 15:07:00+00:00,LAMR,131.02499389648438,131.02499389648438,131.02499389648438,131.02499389648438,131.02499389648438,217.0
2024-09-16 15:07:00+00:00,NMRK,14.989999771118164,14.989999771118164,14.989999771118164,14.984999656677246,14.984999656677246,401.0
2024-09-16 15:07:00+00:00,NYMT,6.699999809265137,6.699999809265137,6.699999809265137,6.699999809265137,6.699999809265137,301.0
2024-09-16 15:07:00+00:00,OPEN,2.3450000286102295,2.3450000286102295,2.349900007247925,2.3399999141693115,2.3450000286102295,43783.0
2024-09-16 15:07:00+00:00,OPI,2.2300000190734863,2.2300000190734863,2.2300000190734863,2.2300000190734863,2.2300000190734863,379.0
2024-09-16 15:07:00+00:00,PECO,38.845001220703125,38.845001220703125,38.845001220703125,38.845001220703125,38.845001220703125,287.0
2024-09-16 15:07:00+00:00,RDFN,13.970000267028809,13.970000267028809,14.0,13.96500015258789,13.96500015258789,23266.0
2024-09-16 15:07:00+00:00,REAX,5.840000152587891,5.840000152587891,5.840000152587891,5.840000152587891,5.840000152587891,189.0
2024-09-16 15:07:00+00:00,REFI,16.118000030517578,16.118000030517578,16.118000030517578,16.118000030517578,16.118000030517578,115.0
2024-09-16 15:07:00+00:00,REG,74.8499984741211,74.8499984741211,74.86000061035156,74.8499984741211,74.86000061035156,2788.0
2024-09-16 15:07:00+00:00,SBAC,246.0500030517578,246.0500030517578,246.0500030517578,246.02999877929688,246.0500030517578,2497.0
2024-09-16 15:07:00+00:00,SBRA,18.795000076293945,18.795000076293945,18.795000076293945,18.780000686645508,18.780000686645508,9559.0
2024-09-16 15:07:00+00:00,SVC,4.494999885559082,4.494999885559082,4.494999885559082,4.494999885559082,4.494999885559082,949.0
2024-09-16 15:07:00+00:00,UNIT,5.385000228881836,5.385000228881836,5.385000228881836,5.385000228881836,5.385000228881836,1647.0
2024-09-16 15:07:00+00:00,WHLR,7.599999904632568,7.599999904632568,7.679999828338623,7.598999977111816,7.598999977111816,10261.0
2024-09-16 15:08:00+00:00,AFCG,10.545000076293945,10.545000076293945,10.545000076293945,10.545000076293945,10.545000076293945,350.0
2024-09-16 15:08:00+00:00,AGNC,10.524999618530273,10.524999618530273,10.529899597167969,10.520000457763672,10.524999618530273,24233.0
2024-09-16 15:08:00+00:00,AGNCL,24.200000762939453,24.200000762939453,24.200000762939453,24.200000762939453,24.200000762939453,338.0
2024-09-16 15:08:00+00:00,AGNCP,24.610000610351562,24.610000610351562,24.610000610351562,24.610000610351562,24.610000610351562,0.0
2024-09-16 15:08:00+00:00,CSGP,78.26499938964844,78.26499938964844,78.26499938964844,78.26000213623047,78.26000213623047,1746.0
2024-09-16 15:08:00+00:00,DHC,3.5799999237060547,3.5799999237060547,3.5799999237060547,3.5799999237060547,3.5799999237060547,3187.0
2024-09-16 15:08:00+00:00,EXPI,14.680000305175781,14.680000305175781,14.701000213623047,14.680000305175781,14.691699981689453,2125.0
2024-09-16 15:08:00+00:00,GLPI,51.689998626708984,51.689998626708984,51.689998626708984,51.689998626708984,51.689998626708984,848.0
2024-09-16 15:08:00+00:00,GOOD,16.109899520874023,16.109899520874023,16.110000610351562,16.108999252319336,16.108999252319336,1049.0
2024-09-16 15:08:00+00:00,HST,17.485000610351562,17.485000610351562,17.485000610351562,17.475000381469727,17.475000381469727,16058.0
2024-09-16 15:08:00+00:00,NMRK,14.979999542236328,14.979999542236328,14.979999542236328,14.979999542236328,14.979999542236328,1524.0
2024-09-16 15:08:00+00:00,NYMT,6.695000171661377,6.695000171661377,6.695000171661377,6.695000171661377,6.695000171661377,547.0
2024-09-16 15:08:00+00:00,OPEN,2.3550000190734863,2.3550000190734863,2.359999895095825,2.340100049972534,2.3450000286102295,271611.0
2024-09-16 15:08:00+00:00,OPI,2.2200000286102295,2.2200000286102295,2.2200000286102295,2.2200000286102295,2.2200000286102295,1710.0
2024-09-16 15:08:00+00:00,PCH,45.34000015258789,45.34000015258789,45.36000061035156,45.34000015258789,45.349998474121094,1251.0
2024-09-16 15:08:00+00:00,RDFN,13.970100402832031,13.970100402832031,13.989999771118164,13.970000267028809,13.970000267028809,6839.0
2024-09-16 15:08:00+00:00,SBAC,245.90499877929688,245.90499877929688,245.90499877929688,245.86000061035156,245.90499877929688,344.0
2024-09-16 15:08:00+00:00,SBRA,18.78499984741211,18.78499984741211,18.795000076293945,18.78499984741211,18.795000076293945,9058.0
2024-09-16 15:08:00+00:00,SELF,5.474999904632568,5.474999904632568,5.474999904632568,5.474999904632568,5.474999904632568,265.0
2024-09-16 15:08:00+00:00,SOHO,1.239300012588501,1.239300012588501,1.239300012588501,1.239300012588501,1.239300012588501,995.0
2024-09-16 15:08:00+00:00,UNIT,5.380000114440918,5.380000114440918,5.380000114440918,5.380000114440918,5.380000114440918,1137.0
2024-09-16 15:08:00+00:00,WHLR,7.599999904632568,7.599999904632568,7.604000091552734,7.559999942779541,7.604000091552734,4285.0
2024-09-16 15:09:00+00:00,AFCG,10.5600004196167,10.5600004196167,10.5600004196167,10.550000190734863,10.550000190734863,2889.0
2024-09-16 15:09:00+00:00,AGNC,10.524999618530273,10.524999618530273,10.529999732971191,10.520000457763672,10.520099639892578,17363.0
2024-09-16 15:09:00+00:00,AGNCO,25.190000534057617,25.190000534057617,25.190000534057617,25.190000534057617,25.190000534057617,200.0
2024-09-16 15:09:00+00:00,CIGI,147.16000366210938,147.16000366210938,147.16000366210938,147.16000366210938,147.16000366210938,239.0
2024-09-16 15:09:00+00:00,CSGP,78.29499816894531,78.29499816894531,78.29499816894531,78.29000091552734,78.29000091552734,791.0
2024-09-16 15:09:00+00:00,DHC,3.584199905395508,3.584199905395508,3.584199905395508,3.584199905395508,3.584199905395508,3000.0
2024-09-16 15:09:00+00:00,EXPI,14.6899995803833,14.6899995803833,14.699999809265137,14.6899995803833,14.699999809265137,547.0
2024-09-16 15:09:00+00:00,GLPI,51.685001373291016,51.685001373291016,51.689998626708984,51.685001373291016,51.689998626708984,1301.0
2024-09-16 15:09:00+00:00,GOOD,16.1299991607666,16.1299991607666,16.139999389648438,16.1200008392334,16.1200008392334,1681.0
2024-09-16 15:09:00+00:00,HST,17.475000381469727,17.475000381469727,17.479999542236328,17.475000381469727,17.479999542236328,241338.0
2024-09-16 15:09:00+00:00,ILPT,5.090000152587891,5.090000152587891,5.090000152587891,5.090000152587891,5.090000152587891,326.0
2024-09-16 15:09:00+00:00,LAMR,131.07000732421875,131.07000732421875,131.07000732421875,130.98500061035156,130.98500061035156,666.0
2024-09-16 15:09:00+00:00,NYMT,6.699999809265137,6.699999809265137,6.699999809265137,6.699999809265137,6.699999809265137,718.0
2024-09-16 15:09:00+00:00,NYMTL,21.25,21.25,21.25,21.25,21.25,317.0
2024-09-16 15:09:00+00:00,OPEN,2.359999895095825,2.359999895095825,2.369999885559082,2.359999895095825,2.359999895095825,107740.0
2024-09-16 15:09:00+00:00,PCH,45.34000015258789,45.34000015258789,45.34000015258789,45.34000015258789,45.34000015258789,379.0
2024-09-16 15:09:00+00:00,PECO,38.849998474121094,38.849998474121094,38.849998474121094,38.849998474121094,38.849998474121094,300.0
2024-09-16 15:09:00+00:00,RDFN,13.96500015258789,13.96500015258789,13.979999542236328,13.949999809265137,13.975000381469727,14812.0
2024-09-16 15:09:00+00:00,REAX,5.84499979019165,5.84499979019165,5.84499979019165,5.840000152587891,5.840000152587891,1084.0
2024-09-16 15:09:00+00:00,SBAC,245.90499877929688,245.90499877929688,245.90499877929688,245.90499877929688,245.90499877929688,380.0
2024-09-16 15:09:00+00:00,SBRA,18.799999237060547,18.799999237060547,18.799999237060547,18.790000915527344,18.790000915527344,3615.0
2024-09-16 15:09:00+00:00,SEVN,13.859999656677246,13.859999656677246,13.859999656677246,13.859999656677246,13.859999656677246,117.0
2024-09-16 15:09:00+00:00,SVC,4.494999885559082,4.494999885559082,4.5,4.494999885559082,4.494999885559082,2012.0
2024-09-16 15:09:00+00:00,UNIT,5.385000228881836,5.385000228881836,5.389999866485596,5.385000228881836,5.389999866485596,1140.0
2024-09-16 15:09:00+00:00,WHLR,7.599999904632568,7.599999904632568,7.601600170135498,7.599999904632568,7.599999904632568,3785.0
2024-09-16 15:10:00+00:00,AGNC,10.524999618530273,10.524999618530273,10.525899887084961,10.520000457763672,10.524999618530273,4588.0
2024-09-16 15:10:00+00:00,AGNCM,25.3799991607666,25.3799991607666,25.3799991607666,25.3799991607666,25.3799991607666,200.0
2024-09-16 15:10:00+00:00,AGNCO,25.200000762939453,25.200000762939453,25.200000762939453,25.190000534057617,25.190000534057617,419.0
2024-09-16 15:10:00+00:00,BPYPN,12.869999885559082,12.869999885559082,12.869999885559082,12.869999885559082,12.869999885559082,496.0
2024-09-16 15:10:00+00:00,BPYPO,14.104999542236328,14.104999542236328,14.104999542236328,14.104999542236328,14.104999542236328,232.0
2024-09-16 15:10:00+00:00,CSGP,78.29750061035156,78.29750061035156,78.29750061035156,78.29750061035156,78.29750061035156,588.0
2024-09-16 15:10:00+00:00,DHC,3.5850000381469727,3.5850000381469727,3.5850000381469727,3.5850000381469727,3.5850000381469727,0.0
2024-09-16 15:10:00+00:00,EXPI,14.681599617004395,14.681599617004395,14.681599617004395,14.681599617004395,14.681599617004395,200.0
2024-09-16 15:10:00+00:00,GLPI,51.69499969482422,51.69499969482422,51.69499969482422,51.69499969482422,51.69499969482422,580.0
2024-09-16 15:10:00+00:00,GOOD,16.125,16.125,16.125,16.125,16.125,305.0
2024-09-16 15:10:00+00:00,HST,17.46500015258789,17.46500015258789,17.475000381469727,17.459999084472656,17.475000381469727,7865.0
2024-09-16 15:10:00+00:00,ILPT,5.09499979019165,5.09499979019165,5.099999904632568,5.09499979019165,5.099999904632568,837.0
2024-09-16 15:10:00+00:00,LAMR,130.97999572753906,130.97999572753906,130.97999572753906,130.97999572753906,130.97999572753906,453.0
2024-09-16 15:10:00+00:00,NMRK,14.979999542236328,14.979999542236328,14.979999542236328,14.979999542236328,14.979999542236328,2493.0
2024-09-16 15:10:00+00:00,NYMT,6.695000171661377,6.695000171661377,6.695000171661377,6.695000171661377,6.695000171661377,537.0
2024-09-16 15:10:00+00:00,OPEN,2.365000009536743,2.365000009536743,2.369999885559082,2.359999895095825,2.3610000610351562,172011.0
2024-09-16 15:10:00+00:00,PCH,45.31999969482422,45.31999969482422,45.31999969482422,45.31999969482422,45.31999969482422,283.0
2024-09-16 15:10:00+00:00,PECO,38.82500076293945,38.82500076293945,38.84469985961914,38.810001373291016,38.84000015258789,3060.0
2024-09-16 15:10:00+00:00,RDFN,13.9350004196167,13.9350004196167,13.96500015258789,13.9350004196167,13.96500015258789,7198.0
2024-09-16 15:10:00+00:00,REAX,5.840000152587891,5.840000152587891,5.84499979019165,5.840000152587891,5.84499979019165,2368.0
2024-09-16 15:10:00+00:00,REG,74.77999877929688,74.77999877929688,74.77999877929688,74.77999877929688,74.77999877929688,205.0
2024-09-16 15:10:00+00:00,ROIC,16.100000381469727,16.100000381469727,16.110000610351562,16.100000381469727,16.110000610351562,1835.0
2024-09-16 15:10:00+00:00,SBRA,18.795000076293945,18.795000076293945,18.795000076293945,18.790000915527344,18.795000076293945,1342.0
2024-09-16 15:10:00+00:00,SVC,4.494999885559082,4.494999885559082,4.494999885559082,4.494999885559082,4.494999885559082,1205.0
2024-09-16 15:10:00+00:00,UNIT,5.375,5.375,5.385000228881836,5.375,5.385000228881836,20780.0
2024-09-16 15:10:00+00:00,WHLR,7.559999942779541,7.559999942779541,7.599999904632568,7.559999942779541,7.598999977111816,1331.0
2024-09-16 15:11:00+00:00,AGNC,10.524999618530273,10.524999618530273,10.529999732971191,10.521599769592285,10.524999618530273,5870.0
2024-09-16 15:11:00+00:00,AGNCL,24.200000762939453,24.200000762939453,24.200000762939453,24.200000762939453,24.200000762939453,226.0
2024-09-16 15:11:00+00:00,AGNCN,25.989999771118164,25.989999771118164,25.989999771118164,25.989999771118164,25.989999771118164,353.0
2024-09-16 15:11:00+00:00,CSGP,78.30500030517578,78.30500030517578,78.30500030517578,78.30500030517578,78.30500030517578,786.0
2024-09-16 15:11:00+00:00,DHC,3.5850000381469727,3.5850000381469727,3.5850000381469727,3.5850000381469727,3.5850000381469727,1460.0
2024-09-16 15:11:00+00:00,EXPI,14.649999618530273,14.649999618530273,14.68529987335205,14.649999618530273,14.6850004196167,3895.0
2024-09-16 15:11:00+00:00,GLPI,51.685001373291016,51.685001373291016,51.689998626708984,51.685001373291016,51.689998626708984,1011.0
2024-09-16 15:11:00+00:00,GOOD,16.125,16.125,16.125,16.125,16.125,805.0
2024-09-16 15:11:00+00:00,HST,17.46500015258789,17.46500015258789,17.469999313354492,17.46500015258789,17.46500015258789,3043.0
2024-09-16 15:11:00+00:00,NMRK,14.984999656677246,14.984999656677246,14.984999656677246,14.96500015258789,14.979999542236328,8793.0
2024-09-16 15:11:00+00:00,OPEN,2.3696999549865723,2.3696999549865723,2.369999885559082,2.3557000160217285,2.360100030899048,252896.0
2024-09-16 15:11:00+00:00,OPI,2.2200000286102295,2.2200000286102295,2.2200000286102295,2.2200000286102295,2.2200000286102295,451.0
2024-09-16 15:11:00+00:00,PECO,38.82500076293945,38.82500076293945,38.82500076293945,38.82500076293945,38.82500076293945,596.0
2024-09-16 15:11:00+00:00,RDFN,13.9399995803833,13.9399995803833,13.960000038146973,13.919599533081055,13.9350004196167,17416.0
2024-09-16 15:11:00+00:00,REFI,16.09000015258789,16.09000015258789,16.09000015258789,16.09000015258789,16.09000015258789,108.0
2024-09-16 15:11:00+00:00,REG,74.75,74.75,74.76499938964844,74.75,74.75,1830.0
2024-09-16 15:11:00+00:00,ROIC,16.08009910583496,16.08009910583496,16.08009910583496,16.08009910583496,16.08009910583496,261.0
2024-09-16 15:11:00+00:00,SBAC,245.7949981689453,245.7949981689453,245.8300018310547,245.7949981689453,245.8300018310547,1231.0
2024-09-16 15:11:00+00:00,SBRA,18.78499984741211,18.78499984741211,18.795000076293945,18.780000686645508,18.795000076293945,10421.0
2024-09-16 15:11:00+00:00,SVC,4.494999885559082,4.494999885559082,4.494999885559082,4.494999885559082,4.494999885559082,503.0
2024-09-16 15:11:00+00:00,UNIT,5.375,5.375,5.380000114440918,5.375,5.375,4256.0
2024-09-16 15:11:00+00:00,WHLR,7.539999961853027,7.539999961853027,7.599899768829346,7.53000020980835,7.599899768829346,6206.0
2024-09-16 15:12:00+00:00,AGNC,10.520000457763672,10.520000457763672,10.529999732971191,10.520000457763672,10.524999618530273,18996.0
2024-09-16 15:12:00+00:00,AGNCO,25.196399688720703,25.196399688720703,25.197999954223633,25.196399688720703,25.197999954223633,1600.0
2024-09-16 15:12:00+00:00,CSGP,78.2300033569336,78.2300033569336,78.30500030517578,78.22000122070312,78.29000091552734,6116.0
2024-09-16 15:12:00+00:00,DHC,3.5799999237060547,3.5799999237060547,3.5799999237060547,3.575000047683716,3.5799999237060547,6208.0
2024-09-16 15:12:00+00:00,EQIX,878.2849731445312,878.2849731445312,878.2849731445312,878.2849731445312,878.2849731445312,754.0
2024-09-16 15:12:00+00:00,EXPI,14.654999732971191,14.654999732971191,14.654999732971191,14.649999618530273,14.649999618530273,1479.0
2024-09-16 15:12:00+00:00,GLPI,51.66999816894531,51.66999816894531,51.68000030517578,51.665000915527344,51.68000030517578,2357.0
2024-09-16 15:12:00+00:00,HST,17.454999923706055,17.454999923706055,17.46500015258789,17.454999923706055,17.46500015258789,5596.0
2024-09-16 15:12:00+00:00,ILPT,5.085000038146973,5.085000038146973,5.090000152587891,5.079999923706055,5.090000152587891,1877.0
2024-09-16 15:12:00+00:00,LAMR,130.93499755859375,130.93499755859375,130.97000122070312,130.93499755859375,130.97000122070312,759.0
2024-09-16 15:12:00+00:00,LSEA,12.619999885559082,12.619999885559082,12.619999885559082,12.609999656677246,12.609999656677246,2230.0
2024-09-16 15:12:00+00:00,NMRK,14.984000205993652,14.984000205993652,14.984999656677246,14.984000205993652,14.984999656677246,1159.0
2024-09-16 15:12:00+00:00,OPEN,2.3712000846862793,2.3712000846862793,2.3798999786376953,2.359999895095825,2.369999885559082,174546.0
2024-09-16 15:12:00+00:00,PCH,45.33000183105469,45.33000183105469,45.33000183105469,45.33000183105469,45.33000183105469,398.0
2024-09-16 15:12:00+00:00,PECO,38.78499984741211,38.78499984741211,38.810001373291016,38.78499984741211,38.810001373291016,1218.0
2024-09-16 15:12:00+00:00,RDFN,13.954999923706055,13.954999923706055,13.954999923706055,13.9399995803833,13.9399995803833,3079.0
2024-09-16 15:12:00+00:00,REAX,5.829999923706055,5.829999923706055,5.829999923706055,5.829999923706055,5.829999923706055,480.0
2024-09-16 15:12:00+00:00,ROIC,16.079999923706055,16.079999923706055,16.079999923706055,16.079999923706055,16.079999923706055,237.0
2024-09-16 15:12:00+00:00,SBAC,245.78500366210938,245.78500366210938,245.78500366210938,245.78500366210938,245.78500366210938,389.0
2024-09-16 15:12:00+00:00,SBRA,18.78499984741211,18.78499984741211,18.78499984741211,18.780000686645508,18.78499984741211,3301.0
2024-09-16 15:12:00+00:00,SEVN,13.850000381469727,13.850000381469727,13.850000381469727,13.850000381469727,13.850000381469727,533.0
2024-09-16 15:12:00+00:00,SVC,4.489999771118164,4.489999771118164,4.494999885559082,4.489999771118164,4.494999885559082,801.0
2024-09-16 15:12:00+00:00,UNIT,5.375,5.375,5.380000114440918,5.375,5.380000114440918,20045.0
2024-09-16 15:12:00+00:00,WHLR,7.600100040435791,7.600100040435791,7.616000175476074,7.550000190734863,7.559999942779541,10022.0
2024-09-16 15:13:00+00:00,AFCG,10.550000190734863,10.550000190734863,10.550100326538086,10.550000190734863,10.550100326538086,2978.0
2024-09-16 15:13:00+00:00,AGNC,10.520000457763672,10.520000457763672,10.529999732971191,10.520000457763672,10.520299911499023,21105.0
2024-09-16 15:13:00+00:00,AGNCL,24.18000030517578,24.18000030517578,24.190000534057617,24.18000030517578,24.190000534057617,1495.0
2024-09-16 15:13:00+00:00,AGNCM,25.3799991607666,25.3799991607666,25.3799991607666,25.3799991607666,25.3799991607666,918.0
2024-09-16 15:13:00+00:00,AGNCO,25.200000762939453,25.200000762939453,25.200000762939453,25.197999954223633,25.197999954223633,295.0
2024-09-16 15:13:00+00:00,BPYPP,14.800000190734863,14.800000190734863,14.800000190734863,14.800000190734863,14.800000190734863,4353.0
2024-09-16 15:13:00+00:00,CIGI,147.0850067138672,147.0850067138672,147.0850067138672,147.0850067138672,147.0850067138672,210.0
2024-09-16 15:13:00+00:00,CSGP,78.19999694824219,78.19999694824219,78.22000122070312,78.19999694824219,78.22000122070312,2266.0
2024-09-16 15:13:00+00:00,EXPI,14.65999984741211,14.65999984741211,14.65999984741211,14.65999984741211,14.65999984741211,2229.0
2024-09-16 15:13:00+00:00,GLPI,51.655399322509766,51.655399322509766,51.65999984741211,51.655399322509766,51.65999984741211,1878.0
2024-09-16 15:13:00+00:00,GOOD,16.110000610351562,16.110000610351562,16.110000610351562,16.110000610351562,16.110000610351562,740.0
2024-09-16 15:13:00+00:00,HST,17.450000762939453,17.450000762939453,17.454999923706055,17.4424991607666,17.454999923706055,4399.0
2024-09-16 15:13:00+00:00,LAMR,130.75999450683594,130.75999450683594,130.97500610351562,130.75999450683594,130.97000122070312,4370.0
2024-09-16 15:13:00+00:00,LAND,14.569999694824219,14.569999694824219,14.579999923706055,14.569999694824219,14.579999923706055,923.0
2024-09-16 15:13:00+00:00,NMRK,14.979999542236328,14.979999542236328,14.979999542236328,14.979999542236328,14.979999542236328,755.0
2024-09-16 15:13:00+00:00,NYMT,6.695000171661377,6.695000171661377,6.695000171661377,6.695000171661377,6.695000171661377,803.0
2024-09-16 15:13:00+00:00,OPEN,2.384999990463257,2.384999990463257,2.384999990463257,2.369999885559082,2.374500036239624,144055.0
2024-09-16 15:13:00+00:00,OPI,2.2249999046325684,2.2249999046325684,2.2291998863220215,2.2200000286102295,2.2291998863220215,1961.0
2024-09-16 15:13:00+00:00,PCH,45.349998474121094,45.349998474121094,45.349998474121094,45.31999969482422,45.31999969482422,4529.0
2024-09-16 15:13:00+00:00,PECO,38.77000045776367,38.77000045776367,38.78499984741211,38.77000045776367,38.78499984741211,3187.0
2024-09-16 15:13:00+00:00,RDFN,13.944999694824219,13.944999694824219,13.96500015258789,13.944999694824219,13.954999923706055,13343.0
2024-09-16 15:13:00+00:00,REAX,5.835000038146973,5.835000038146973,5.835000038146973,5.835000038146973,5.835000038146973,513.0
2024-09-16 15:13:00+00:00,REG,74.75,74.75,74.75,74.73500061035156,74.73999786376953,2505.0
2024-09-16 15:13:00+00:00,ROIC,16.084999084472656,16.084999084472656,16.084999084472656,16.084999084472656,16.084999084472656,353.0
2024-09-16 15:13:00+00:00,SBAC,245.6999969482422,245.6999969482422,245.78500366210938,245.6999969482422,245.78500366210938,1070.0
2024-09-16 15:13:00+00:00,SBRA,18.774999618530273,18.774999618530273,18.795000076293945,18.774999618530273,18.789899826049805,15537.0
2024-09-16 15:13:00+00:00,SELF,5.451600074768066,5.451600074768066,5.451600074768066,5.451600074768066,5.451600074768066,134.0
2024-09-16 15:13:00+00:00,SVC,4.489999771118164,4.489999771118164,4.494999885559082,4.489999771118164,4.494999885559082,1399.0
2024-09-16 15:13:00+00:00,UNIT,5.380000114440918,5.380000114440918,5.380000114440918,5.380000114440918,5.380000114440918,144.0
2024-09-16 15:13:00+00:00,WHLR,7.599999904632568,7.599999904632568,7.610000133514404,7.539999961853027,7.610000133514404,7505.0
2024-09-16 15:14:00+00:00,AGNC,10.524999618530273,10.524999618530273,10.529999732971191,10.520000457763672,10.524999618530273,131269.0
2024-09-16 15:14:00+00:00,AGNCO,25.209999084472656,25.209999084472656,25.211999893188477,25.209999084472656,25.211999893188477,3005.0
2024-09-16 15:14:00+00:00,CIGI,147.0850067138672,147.0850067138672,147.0850067138672,147.0850067138672,147.0850067138672,126.0
2024-09-16 15:14:00+00:00,CSGP,78.18000030517578,78.18000030517578,78.19999694824219,78.18000030517578,78.19999694824219,2042.0
2024-09-16 15:14:00+00:00,EXPI,14.680000305175781,14.680000305175781,14.680000305175781,14.670000076293945,14.670000076293945,1318.0
2024-09-16 15:14:00+00:00,GLPI,51.63999938964844,51.63999938964844,51.654998779296875,51.63999938964844,51.654998779296875,1468.0
2024-09-16 15:14:00+00:00,HST,17.454999923706055,17.454999923706055,17.459999084472656,17.44499969482422,17.44499969482422,4994.0
2024-09-16 15:14:00+00:00,ILPT,5.085000038146973,5.085000038146973,5.085000038146973,5.085000038146973,5.085000038146973,242.0
2024-09-16 15:14:00+00:00,LAMR,130.69500732421875,130.69500732421875,130.69500732421875,130.69500732421875,130.69500732421875,200.0
2024-09-16 15:14:00+00:00,LAND,14.550000190734863,14.550000190734863,14.550000190734863,14.550000190734863,14.550000190734863,424.0
2024-09-16 15:14:00+00:00,LSEA,12.614999771118164,12.614999771118164,12.614999771118164,12.614999771118164,12.614999771118164,341.0
2024-09-16 15:14:00+00:00,NMRK,14.979999542236328,14.979999542236328,14.979999542236328,14.979999542236328,14.979999542236328,700.0
2024-09-16 15:14:00+00:00,NYMT,6.699999809265137,6.699999809265137,6.699999809265137,6.699999809265137,6.699999809265137,290.0
2024-09-16 15:14:00+00:00,OPEN,2.3949999809265137,2.3949999809265137,2.4000000953674316,2.3801000118255615,2.387700080871582,330807.0
2024-09-16 15:14:00+00:00,OPI,2.2249999046325684,2.2249999046325684,2.2249999046325684,2.2249999046325684,2.2249999046325684,106.0
2024-09-16 15:14:00+00:00,RDFN,13.996999740600586,13.996999740600586,14.0,13.944999694824219,13.944999694824219,57382.0
2024-09-16 15:14:00+00:00,REG,74.73999786376953,74.73999786376953,74.73999786376953,74.73500061035156,74.73500061035156,1164.0
2024-09-16 15:14:00+00:00,ROIC,16.079999923706055,16.079999923706055,16.079999923706055,16.079999923706055,16.079999923706055,1007.0
2024-09-16 15:14:00+00:00,SBAC,245.69500732421875,245.69500732421875,245.69500732421875,245.69500732421875,245.69500732421875,202.0
2024-09-16 15:14:00+00:00,SBRA,18.774999618530273,18.774999618530273,18.774999618530273,18.770000457763672,18.770000457763672,1867.0
2024-09-16 15:14:00+00:00,UNIT,5.375,5.375,5.380000114440918,5.375,5.375,6101.0
2024-09-16 15:14:00+00:00,WHLR,7.563899993896484,7.563899993896484,7.599999904632568,7.540900230407715,7.585000038146973,6556.0
2024-09-16 15:15:00+00:00,AGNC,10.524999618530273,10.524999618530273,10.529999732971191,10.520000457763672,10.524999618530273,10010.0
2024-09-16 15:15:00+00:00,AGNCO,25.20989990234375,25.20989990234375,25.20989990234375,25.20400047302246,25.20800018310547,1900.0
2024-09-16 15:15:00+00:00,CSGP,78.16999816894531,78.16999816894531,78.19999694824219,78.16999816894531,78.19999694824219,1636.0
2024-09-16 15:15:00+00:00,EQIX,877.469970703125,877.469970703125,877.469970703125,876.4500122070312,876.4500122070312,1692.0
2024-09-16 15:15:00+00:00,EXPI,14.635000228881836,14.635000228881836,14.682900428771973,14.635000228881836,14.682900428771973,4975.0
2024-09-16 15:15:00+00:00,FSV,180.35000610351562,180.35000610351562,180.35000610351562,180.35000610351562,180.35000610351562,689.0
2024-09-16 15:15:00+00:00,GIPR,2.2100000381469727,2.2100000381469727,2.2100000381469727,2.2100000381469727,2.2100000381469727,1509.0
2024-09-16 15:15:00+00:00,GLPI,51.650001525878906,51.650001525878906,51.65999984741211,51.63999938964844,51.63999938964844,2483.0
2024-09-16 15:15:00+00:00,GOOD,16.110000610351562,16.110000610351562,16.110000610351562,16.110000610351562,16.110000610351562,3802.0
2024-09-16 15:15:00+00:00,HST,17.46500015258789,17.46500015258789,17.469999313354492,17.450000762939453,17.450000762939453,12774.0
2024-09-16 15:15:00+00:00,LAMR,130.6300048828125,130.6300048828125,130.69500732421875,130.55999755859375,130.55999755859375,1862.0
2024-09-16 15:15:00+00:00,LAND,14.539999961853027,14.539999961853027,14.539999961853027,14.539999961853027,14.539999961853027,239.0
2024-09-16 15:15:00+00:00,NMRK,14.970000267028809,14.970000267028809,14.979999542236328,14.970000267028809,14.979999542236328,7437.0
2024-09-16 15:15:00+00:00,NYMT,6.695000171661377,6.695000171661377,6.699999809265137,6.695000171661377,6.699999809265137,586.0
2024-09-16 15:15:00+00:00,OPEN,2.3817999362945557,2.3817999362945557,2.399899959564209,2.380000114440918,2.393899917602539,305104.0
2024-09-16 15:15:00+00:00,OPI,2.2249999046325684,2.2249999046325684,2.2249999046325684,2.2249999046325684,2.2249999046325684,174.0
2024-09-16 15:15:00+00:00,PCH,45.36000061035156,45.36000061035156,45.36000061035156,45.36000061035156,45.36000061035156,503.0
2024-09-16 15:15:00+00:00,PECO,38.779998779296875,38.779998779296875,38.779998779296875,38.779998779296875,38.779998779296875,801.0
2024-09-16 15:15:00+00:00,RDFN,13.935199737548828,13.935199737548828,13.994999885559082,13.930000305175781,13.994999885559082,14344.0
2024-09-16 15:15:00+00:00,REAX,5.829999923706055,5.829999923706055,5.829999923706055,5.829999923706055,5.829999923706055,1572.0
2024-09-16 15:15:00+00:00,REFI,16.11199951171875,16.11199951171875,16.11199951171875,16.11199951171875,16.11199951171875,2093.0
2024-09-16 15:15:00+00:00,REG,74.68000030517578,74.68000030517578,74.68000030517578,74.68000030517578,74.68000030517578,893.0
2024-09-16 15:15:00+00:00,SBAC,245.69500732421875,245.69500732421875,245.69500732421875,245.5399932861328,245.55999755859375,950.0
2024-09-16 15:15:00+00:00,SBRA,18.764999389648438,18.764999389648438,18.774999618530273,18.764999389648438,18.774999618530273,7305.0
2024-09-16 15:15:00+00:00,SVC,4.489999771118164,4.489999771118164,4.494999885559082,4.489999771118164,4.494999885559082,693.0
2024-09-16 15:15:00+00:00,UNIT,5.380000114440918,5.380000114440918,5.380000114440918,5.369999885559082,5.375,4175.0
2024-09-16 15:15:00+00:00,WHLR,7.533299922943115,7.533299922943115,7.59630012512207,7.533299922943115,7.59630012512207,4804.0
2024-09-16 15:16:00+00:00,AGNC,10.52750015258789,10.52750015258789,10.52750015258789,10.520000457763672,10.524999618530273,12744.0
2024-09-16 15:16:00+00:00,AGNCL,24.238500595092773,24.238500595092773,24.238500595092773,24.238500595092773,24.238500595092773,206.0
2024-09-16 15:16:00+00:00,CSGP,78.12999725341797,78.12999725341797,78.16999816894531,78.12999725341797,78.16999816894531,2968.0
2024-09-16 15:16:00+00:00,EXPI,14.640000343322754,14.640000343322754,14.640000343322754,14.635000228881836,14.635000228881836,693.0
2024-09-16 15:16:00+00:00,GLPI,51.632598876953125,51.632598876953125,51.63999938964844,51.632598876953125,51.63999938964844,1426.0
2024-09-16 15:16:00+00:00,HST,17.46500015258789,17.46500015258789,17.469999313354492,17.46500015258789,17.469999313354492,3475.0
2024-09-16 15:16:00+00:00,ILPT,5.085000038146973,5.085000038146973,5.085000038146973,5.084000110626221,5.084000110626221,540.0
2024-09-16 15:16:00+00:00,LAMR,130.59500122070312,130.59500122070312,130.60000610351562,130.59500122070312,130.60000610351562,286.0
2024-09-16 15:16:00+00:00,MDJH,0.7272999882698059,0.7272999882698059,0.7272999882698059,0.7272999882698059,0.7272999882698059,618.0
2024-09-16 15:16:00+00:00,NMRK,14.970000267028809,14.970000267028809,14.970000267028809,14.970000267028809,14.970000267028809,1422.0
2024-09-16 15:16:00+00:00,NYMT,6.699999809265137,6.699999809265137,6.699999809265137,6.695000171661377,6.695000171661377,1449.0
2024-09-16 15:16:00+00:00,OPEN,2.390000104904175,2.390000104904175,2.390000104904175,2.380000114440918,2.384999990463257,82620.0
2024-09-16 15:16:00+00:00,OPI,2.2249999046325684,2.2249999046325684,2.2249999046325684,2.2249999046325684,2.2249999046325684,355.0
2024-09-16 15:16:00+00:00,PCH,45.35219955444336,45.35219955444336,45.35219955444336,45.349998474121094,45.349998474121094,987.0
2024-09-16 15:16:00+00:00,PECO,38.779998779296875,38.779998779296875,38.779998779296875,38.77000045776367,38.77000045776367,858.0
2024-09-16 15:16:00+00:00,RDFN,13.940099716186523,13.940099716186523,13.949799537658691,13.9399995803833,13.944999694824219,10716.0
2024-09-16 15:16:00+00:00,REG,74.67500305175781,74.67500305175781,74.67500305175781,74.67500305175781,74.67500305175781,1100.0
2024-09-16 15:16:00+00:00,ROIC,16.06999969482422,16.06999969482422,16.06999969482422,16.06999969482422,16.06999969482422,1571.0
2024-09-16 15:16:00+00:00,SBAC,245.61000061035156,245.61000061035156,245.67999267578125,245.61000061035156,245.67999267578125,830.0
2024-09-16 15:16:00+00:00,SBRA,18.770000457763672,18.770000457763672,18.770000457763672,18.764999389648438,18.764999389648438,1755.0
2024-09-16 15:16:00+00:00,SELF,5.480000019073486,5.480000019073486,5.480000019073486,5.480000019073486,5.480000019073486,200.0
2024-09-16 15:16:00+00:00,SVC,4.480000019073486,4.480000019073486,4.494999885559082,4.480000019073486,4.489999771118164,14356.0
2024-09-16 15:16:00+00:00,UNIT,5.369999885559082,5.369999885559082,5.380000114440918,5.369999885559082,5.375,5461.0
2024-09-16 15:16:00+00:00,WHLR,7.480100154876709,7.480100154876709,7.590000152587891,7.400000095367432,7.530900001525879,38394.0
2024-09-16 15:17:00+00:00,AFCG,10.550000190734863,10.550000190734863,10.550000190734863,10.550000190734863,10.550000190734863,680.0
2024-09-16 15:17:00+00:00,AGNC,10.524999618530273,10.524999618530273,10.529999732971191,10.520000457763672,10.52810001373291,12492.0
2024-09-16 15:17:00+00:00,AGNCO,25.209999084472656,25.209999084472656,25.209999084472656,25.20800018310547,25.20800018310547,2016.0
2024-09-16 15:17:00+00:00,BPYPN,12.85420036315918,12.85420036315918,12.85420036315918,12.85420036315918,12.85420036315918,15114.0
2024-09-16 15:17:00+00:00,CIGI,147.17999267578125,147.17999267578125,147.17999267578125,147.17999267578125,147.17999267578125,321.0
2024-09-16 15:17:00+00:00,CSGP,78.16500091552734,78.16500091552734,78.16500091552734,78.1500015258789,78.1500015258789,1569.0
2024-09-16 15:17:00+00:00,DHC,3.5850000381469727,3.5850000381469727,3.5850000381469727,3.5850000381469727,3.5850000381469727,1360.0
2024-09-16 15:17:00+00:00,EXPI,14.649999618530273,14.649999618530273,14.649999618530273,14.640000343322754,14.640000343322754,690.0
2024-09-16 15:17:00+00:00,GLPI,51.650001525878906,51.650001525878906,51.66899871826172,51.650001525878906,51.65999984741211,1806.0
2024-09-16 15:17:00+00:00,GOOD,16.114999771118164,16.114999771118164,16.114999771118164,16.110000610351562,16.110000610351562,640.0
2024-09-16 15:17:00+00:00,HST,17.475000381469727,17.475000381469727,17.479999542236328,17.46500015258789,17.46500015258789,6813.0
2024-09-16 15:17:00+00:00,LAMR,130.67999267578125,130.67999267578125,130.6999969482422,130.61000061035156,130.61000061035156,1461.0
2024-09-16 15:17:00+00:00,LAND,14.550000190734863,14.550000190734863,14.550000190734863,14.550000190734863,14.550000190734863,2318.0
2024-09-16 15:17:00+00:00,NMRK,14.96500015258789,14.96500015258789,14.96500015258789,14.96399974822998,14.96500015258789,1638.0
2024-09-16 15:17:00+00:00,NYMT,6.695000171661377,6.695000171661377,6.695000171661377,6.695000171661377,6.695000171661377,195.0
2024-09-16 15:17:00+00:00,NYMTL,21.25,21.25,21.25,21.25,21.25,359.0
2024-09-16 15:17:00+00:00,OPEN,2.4200000762939453,2.4200000762939453,2.4200000762939453,2.384999990463257,2.390000104904175,921293.0
2024-09-16 15:17:00+00:00,PCH,45.380001068115234,45.380001068115234,45.380001068115234,45.33000183105469,45.33000183105469,2255.0
2024-09-16 15:17:00+00:00,PECO,38.790000915527344,38.790000915527344,38.790000915527344,38.779998779296875,38.78499984741211,1349.0
2024-09-16 15:17:00+00:00,RDFN,14.0,14.0,14.0,13.9399995803833,13.949999809265137,77538.0
2024-09-16 15:17:00+00:00,REAX,5.824999809265137,5.824999809265137,5.824999809265137,5.824999809265137,5.824999809265137,110.0
2024-09-16 15:17:00+00:00,REG,74.75499725341797,74.75499725341797,74.76499938964844,74.69000244140625,74.69000244140625,6720.0
2024-09-16 15:17:00+00:00,ROIC,16.079999923706055,16.079999923706055,16.079999923706055,16.079999923706055,16.079999923706055,677.0
2024-09-16 15:17:00+00:00,SBAC,245.72000122070312,245.72000122070312,245.75,245.64999389648438,245.64999389648438,2773.0
2024-09-16 15:17:00+00:00,SBRA,18.790000915527344,18.790000915527344,18.790000915527344,18.770000457763672,18.770000457763672,7467.0
2024-09-16 15:17:00+00:00,SELF,5.480000019073486,5.480000019073486,5.480000019073486,5.480000019073486,5.480000019073486,1648.0
2024-09-16 15:17:00+00:00,SVC,4.4899001121521,4.4899001121521,4.4899001121521,4.485000133514404,4.485000133514404,8416.0
2024-09-16 15:17:00+00:00,UNIT,5.375,5.375,5.380000114440918,5.375,5.375,1960.0
2024-09-16 15:17:00+00:00,WHLR,7.480100154876709,7.480100154876709,7.53000020980835,7.480100154876709,7.53000020980835,649.0
2024-09-16 15:18:00+00:00,AFCG,10.550000190734863,10.550000190734863,10.550000190734863,10.550000190734863,10.550000190734863,200.0
2024-09-16 15:18:00+00:00,AGNC,10.524999618530273,10.524999618530273,10.529899597167969,10.520000457763672,10.520000457763672,8723.0
2024-09-16 15:18:00+00:00,AGNCM,25.39150047302246,25.39150047302246,25.39150047302246,25.39150047302246,25.39150047302246,1300.0
2024-09-16 15:18:00+00:00,AGNCO,25.209999084472656,25.209999084472656,25.211999893188477,25.209999084472656,25.211999893188477,4067.0
2024-09-16 15:18:00+00:00,CSGP,78.18000030517578,78.18000030517578,78.18000030517578,78.15750122070312,78.15750122070312,2279.0
2024-09-16 15:18:00+00:00,EXPI,14.670000076293945,14.670000076293945,14.680000305175781,14.649999618530273,14.649999618530273,3117.0
2024-09-16 15:18:00+00:00,GLPI,51.630001068115234,51.630001068115234,51.650001525878906,51.630001068115234,51.650001525878906,3864.0
2024-09-16 15:18:00+00:00,GOOD,16.11989974975586,16.11989974975586,16.11989974975586,16.11989974975586,16.11989974975586,667.0
2024-09-16 15:18:00+00:00,HST,17.475000381469727,17.475000381469727,17.479999542236328,17.469999313354492,17.475000381469727,5964.0
2024-09-16 15:18:00+00:00,LAMR,130.6699981689453,130.6699981689453,130.6750030517578,130.6699981689453,130.6750030517578,626.0
2024-09-16 15:18:00+00:00,NMRK,14.96500015258789,14.96500015258789,14.96500015258789,14.960000038146973,14.960000038146973,275.0
2024-09-16 15:18:00+00:00,NYMT,6.699999809265137,6.699999809265137,6.699999809265137,6.699999809265137,6.699999809265137,1257.0
2024-09-16 15:18:00+00:00,OPEN,2.424999952316284,2.424999952316284,2.430000066757202,2.4100000858306885,2.4200000762939453,923743.0
2024-09-16 15:18:00+00:00,OPI,2.2249999046325684,2.2249999046325684,2.2249999046325684,2.2249999046325684,2.2249999046325684,712.0
2024-09-16 15:18:00+00:00,PCH,45.369998931884766,45.369998931884766,45.380001068115234,45.369998931884766,45.380001068115234,623.0
2024-09-16 15:18:00+00:00,PECO,38.78499984741211,38.78499984741211,38.78499984741211,38.78499984741211,38.78499984741211,200.0
2024-09-16 15:18:00+00:00,RDFN,14.0,14.0,14.050000190734863,14.0,14.0,28041.0
2024-09-16 15:18:00+00:00,REAX,5.824999809265137,5.824999809265137,5.824999809265137,5.820000171661377,5.824999809265137,6208.0
2024-09-16 15:18:00+00:00,REG,74.74500274658203,74.74500274658203,74.74500274658203,74.74500274658203,74.74500274658203,3782.0
2024-09-16 15:18:00+00:00,RMR,25.229999542236328,25.229999542236328,25.229999542236328,25.229999542236328,25.229999542236328,871.0
2024-09-16 15:18:00+00:00,SBAC,245.63999938964844,245.63999938964844,245.72999572753906,245.61000061035156,245.64999389648438,1328.0
2024-09-16 15:18:00+00:00,SBRA,18.790000915527344,18.790000915527344,18.790000915527344,18.78499984741211,18.790000915527344,3354.0
2024-09-16 15:18:00+00:00,SOHO,1.2400000095367432,1.2400000095367432,1.2400000095367432,1.2400000095367432,1.2400000095367432,434.0
2024-09-16 15:18:00+00:00,SVC,4.485000133514404,4.485000133514404,4.489999771118164,4.485000133514404,4.489999771118164,1412.0
2024-09-16 15:18:00+00:00,UNIT,5.375,5.375,5.380000114440918,5.375,5.375,2235.0
2024-09-16 15:18:00+00:00,WHLR,7.536399841308594,7.536399841308594,7.539299964904785,7.5,7.539299964904785,1399.0
2024-09-16 15:19:00+00:00,AFCG,10.5600004196167,10.5600004196167,10.5600004196167,10.5600004196167,10.5600004196167,261.0
2024-09-16 15:19:00+00:00,AGNC,10.520000457763672,10.520000457763672,10.529999732971191,10.520000457763672,10.524999618530273,22124.0
2024-09-16 15:19:00+00:00,AGNCM,25.399999618530273,25.399999618530273,25.399999618530273,25.399999618530273,25.399999618530273,3731.0
2024-09-16 15:19:00+00:00,AGNCO,25.209699630737305,25.209699630737305,25.209999084472656,25.209699630737305,25.209999084472656,3440.0
2024-09-16 15:19:00+00:00,CSGP,78.16500091552734,78.16500091552734,78.19000244140625,78.16000366210938,78.18000030517578,4844.0
2024-09-16 15:19:00+00:00,EQIX,878.0963745117188,878.0963745117188,878.0963745117188,878.0963745117188,878.0963745117188,387.0
2024-09-16 15:19:00+00:00,EXPI,14.670000076293945,14.670000076293945,14.670000076293945,14.670000076293945,14.670000076293945,972.0
2024-09-16 15:19:00+00:00,GLPI,51.630001068115234,51.630001068115234,51.630001068115234,51.630001068115234,51.630001068115234,286.0
2024-09-16 15:19:00+00:00,HST,17.485000610351562,17.485000610351562,17.485000610351562,17.475000381469727,17.475000381469727,7188.0
2024-09-16 15:19:00+00:00,LAMR,130.6649932861328,130.6649932861328,130.6649932861328,130.6649932861328,130.6649932861328,1026.0
2024-09-16 15:19:00+00:00,LSEA,12.630000114440918,12.630000114440918,12.630000114440918,12.630000114440918,12.630000114440918,402.0
2024-09-16 15:19:00+00:00,NMRK,14.96500015258789,14.96500015258789,14.970000267028809,14.960000038146973,14.960000038146973,4558.0
2024-09-16 15:19:00+00:00,NYMT,6.710000038146973,6.710000038146973,6.710000038146973,6.699999809265137,6.699999809265137,12368.0
2024-09-16 15:19:00+00:00,OPEN,2.430000066757202,2.430000066757202,2.430000066757202,2.4140000343322754,2.424999952316284,298884.0
2024-09-16 15:19:00+00:00,PECO,38.790000915527344,38.790000915527344,38.790000915527344,38.790000915527344,38.790000915527344,305.0
2024-09-16 15:19:00+00:00,RDFN,14.024999618530273,14.024999618530273,14.039799690246582,14.0,14.0,9636.0
2024-09-16 15:19:00+00:00,REAX,5.824999809265137,5.824999809265137,5.824999809265137,5.824999809265137,5.824999809265137,333.0
2024-09-16 15:19:00+00:00,REFI,16.09000015258789,16.09000015258789,16.09000015258789,16.09000015258789,16.09000015258789,311.0
2024-09-16 15:19:00+00:00,REG,74.75499725341797,74.75499725341797,74.75499725341797,74.75499725341797,74.75499725341797,964.0
2024-09-16 15:19:00+00:00,RMR,25.25,25.25,25.25,25.235000610351562,25.235000610351562,499.0
2024-09-16 15:19:00+00:00,SBAC,245.63999938964844,245.63999938964844,245.63999938964844,245.63999938964844,245.63999938964844,708.0
2024-09-16 15:19:00+00:00,SBRA,18.78499984741211,18.78499984741211,18.799999237060547,18.78499984741211,18.790000915527344,15448.0
2024-09-16 15:19:00+00:00,SVC,4.485000133514404,4.485000133514404,4.485000133514404,4.485000133514404,4.485000133514404,729.0
2024-09-16 15:19:00+00:00,UNIT,5.380000114440918,5.380000114440918,5.380000114440918,5.380000114440918,5.380000114440918,588.0
2024-09-16 15:19:00+00:00,WHLR,7.45989990234375,7.45989990234375,7.508999824523926,7.45989990234375,7.5,7914.0
2024-09-16 15:20:00+00:00,AGNC,10.524999618530273,10.524999618530273,10.529899597167969,10.520000457763672,10.529500007629395,91321.0
2024-09-16 15:20:00+00:00,AGNCN,25.989999771118164,25.989999771118164,25.989999771118164,25.989999771118164,25.989999771118164,1116.0
2024-09-16 15:20:00+00:00,AGNCO,25.219999313354492,25.219999313354492,25.219999313354492,25.209999084472656,25.209999084472656,0.0
2024-09-16 15:20:00+00:00,CSGP,78.16000366210938,78.16000366210938,78.16000366210938,78.1500015258789,78.16000366210938,1565.0
2024-09-16 15:20:00+00:00,EXPI,14.670000076293945,14.670000076293945,14.670000076293945,14.669099807739258,14.669099807739258,2342.0
2024-09-16 15:20:00+00:00,GLPI,51.630001068115234,51.630001068115234,51.630001068115234,51.630001068115234,51.630001068115234,976.0
2024-09-16 15:20:00+00:00,GOOD,16.1200008392334,16.1200008392334,16.1200008392334,16.1200008392334,16.1200008392334,997.0
2024-09-16 15:20:00+00:00,HST,17.46500015258789,17.46500015258789,17.489999771118164,17.46500015258789,17.485000610351562,12848.0
2024-09-16 15:20:00+00:00,ILPT,5.085000038146973,5.085000038146973,5.085000038146973,5.085000038146973,5.085000038146973,766.0
2024-09-16 15:20:00+00:00,LAMR,130.9149932861328,130.9149932861328,130.9149932861328,130.77999877929688,130.7899932861328,1977.0
2024-09-16 15:20:00+00:00,NMRK,14.96399974822998,14.96399974822998,14.96399974822998,14.96399974822998,14.96399974822998,603.0
2024-09-16 15:20:00+00:00,NYMTN,22.479999542236328,22.479999542236328,22.479999542236328,22.479999542236328,22.479999542236328,200.0
2024-09-16 15:20:00+00:00,OPEN,2.460099935531616,2.460099935531616,2.4700000286102295,2.4200000762939453,2.424999952316284,640256.0
2024-09-16 15:20:00+00:00,PCH,45.38999938964844,45.38999938964844,45.400001525878906,45.38999938964844,45.38999938964844,2509.0
2024-09-16 15:20:00+00:00,PECO,38.779998779296875,38.779998779296875,38.790000915527344,38.779998779296875,38.790000915527344,1434.0
2024-09-16 15:20:00+00:00,RDFN,14.039999961853027,14.039999961853027,14.050000190734863,14.024999618530273,14.029999732971191,6975.0
2024-09-16 15:20:00+00:00,REFI,16.110000610351562,16.110000610351562,16.110000610351562,16.110000610351562,16.110000610351562,523.0
2024-09-16 15:20:00+00:00,REG,74.76499938964844,74.76499938964844,74.7699966430664,74.76499938964844,74.7699966430664,412.0
2024-09-16 15:20:00+00:00,ROIC,16.079999923706055,16.079999923706055,16.079999923706055,16.075000762939453,16.075000762939453,1217.0
2024-09-16 15:20:00+00:00,SBAC,245.61000061035156,245.61000061035156,245.63499450683594,245.61000061035156,245.63499450683594,612.0
2024-09-16 15:20:00+00:00,SBRA,18.78499984741211,18.78499984741211,18.790000915527344,18.78499984741211,18.78499984741211,2453.0
2024-09-16 15:20:00+00:00,SVC,4.485000133514404,4.485000133514404,4.485000133514404,4.485000133514404,4.485000133514404,263.0
2024-09-16 15:20:00+00:00,UNIT,5.380000114440918,5.380000114440918,5.380000114440918,5.369999885559082,5.375,5378.0
2024-09-16 15:20:00+00:00,WHLR,7.559999942779541,7.559999942779541,7.559999942779541,7.472099781036377,7.472099781036377,3342.0
2024-09-16 15:21:00+00:00,AFCG,10.550000190734863,10.550000190734863,10.550000190734863,10.550000190734863,10.550000190734863,200.0
2024-09-16 15:21:00+00:00,AGNC,10.524999618530273,10.524999618530273,10.529999732971191,10.520000457763672,10.529999732971191,30267.0
2024-09-16 15:21:00+00:00,CSGP,78.11000061035156,78.11000061035156,78.1500015258789,78.11000061035156,78.1500015258789,3485.0
2024-09-16 15:21:00+00:00,EXPI,14.670000076293945,14.670000076293945,14.670000076293945,14.670000076293945,14.670000076293945,1487.0
2024-09-16 15:21:00+00:00,GLPI,51.630001068115234,51.630001068115234,51.630001068115234,51.630001068115234,51.630001068115234,822.0
2024-09-16 15:21:00+00:00,HST,17.46500015258789,17.46500015258789,17.46540069580078,17.459999084472656,17.459999084472656,3875.0
2024-09-16 15:21:00+00:00,LAMR,130.85499572753906,130.85499572753906,130.85499572753906,130.85499572753906,130.85499572753906,256.0
2024-09-16 15:21:00+00:00,NMRK,14.96500015258789,14.96500015258789,14.96500015258789,14.96500015258789,14.96500015258789,271.0
2024-09-16 15:21:00+00:00,NYMT,6.71999979019165,6.71999979019165,6.71999979019165,6.715000152587891,6.71999979019165,1825.0
2024-09-16 15:21:00+00:00,OPEN,2.4398000240325928,2.4398000240325928,2.4700000286102295,2.4200000762939453,2.4623000621795654,874078.0
2024-09-16 15:21:00+00:00,PCH,45.3849983215332,45.3849983215332,45.3849983215332,45.3849983215332,45.3849983215332,749.0
2024-09-16 15:21:00+00:00,PECO,38.779998779296875,38.779998779296875,38.779998779296875,38.779998779296875,38.779998779296875,616.0
2024-09-16 15:21:00+00:00,RDFN,14.000100135803223,14.000100135803223,14.079999923706055,14.0,14.045000076293945,22146.0
2024-09-16 15:21:00+00:00,REAX,5.82450008392334,5.82450008392334,5.82450008392334,5.82450008392334,5.82450008392334,611.0
2024-09-16 15:21:00+00:00,REG,74.77999877929688,74.77999877929688,74.77999877929688,74.77999877929688,74.77999877929688,1179.0
2024-09-16 15:21:00+00:00,SBAC,245.6300048828125,245.6300048828125,245.6300048828125,245.6300048828125,245.6300048828125,2680.0
2024-09-16 15:21:00+00:00,SBRA,18.788799285888672,18.788799285888672,18.788799285888672,18.78499984741211,18.78499984741211,1729.0
2024-09-16 15:21:00+00:00,SVC,4.485000133514404,4.485000133514404,4.485000133514404,4.485000133514404,4.485000133514404,799.0
2024-09-16 15:21:00+00:00,UNIT,5.375,5.375,5.380000114440918,5.375,5.380000114440918,579.0
2024-09-16 15:21:00+00:00,WHLR,7.450799942016602,7.450799942016602,7.550000190734863,7.450799942016602,7.550000190734863,9464.0
2024-09-16 15:22:00+00:00,AGNC,10.529999732971191,10.529999732971191,10.529999732971191,10.520000457763672,10.524999618530273,48486.0
2024-09-16 15:22:00+00:00,AGNCO,25.229999542236328,25.229999542236328,25.229999542236328,25.229999542236328,25.229999542236328,590.0
2024-09-16 15:22:00+00:00,CSGP,78.12000274658203,78.12000274658203,78.125,78.11000061035156,78.11499786376953,1934.0
2024-09-16 15:22:00+00:00,EQIX,878.4099731445312,878.4099731445312,878.4099731445312,878.4099731445312,878.4099731445312,670.0
2024-09-16 15:22:00+00:00,EXPI,14.651000022888184,14.651000022888184,14.65999984741211,14.651000022888184,14.65999984741211,1442.0
2024-09-16 15:22:00+00:00,GLPI,51.638999938964844,51.638999938964844,51.63999938964844,51.630001068115234,51.6349983215332,8744.0
2024-09-16 15:22:00+00:00,HST,17.46500015258789,17.46500015258789,17.46500015258789,17.46500015258789,17.46500015258789,3074.0
2024-09-16 15:22:00+00:00,ILPT,5.085000038146973,5.085000038146973,5.085000038146973,5.085000038146973,5.085000038146973,206.0
2024-09-16 15:22:00+00:00,LAMR,130.85499572753906,130.85499572753906,130.85499572753906,130.85499572753906,130.85499572753906,214.0
2024-09-16 15:22:00+00:00,LSEA,12.630000114440918,12.630000114440918,12.630000114440918,12.630000114440918,12.630000114440918,399.0
2024-09-16 15:22:00+00:00,NMRK,14.960000038146973,14.960000038146973,14.96500015258789,14.960000038146973,14.96500015258789,961.0
2024-09-16 15:22:00+00:00,OPEN,2.434999942779541,2.434999942779541,2.440000057220459,2.430000066757202,2.438800096511841,136780.0
2024-09-16 15:22:00+00:00,OPI,2.2200000286102295,2.2200000286102295,2.2200000286102295,2.2200000286102295,2.2200000286102295,172.0
2024-09-16 15:22:00+00:00,PECO,38.779998779296875,38.779998779296875,38.779998779296875,38.779998779296875,38.779998779296875,967.0
2024-09-16 15:22:00+00:00,RDFN,14.005000114440918,14.005000114440918,14.010000228881836,14.0,14.010000228881836,7177.0
2024-09-16 15:22:00+00:00,REAX,5.829999923706055,5.829999923706055,5.829999923706055,5.829899787902832,5.829899787902832,2307.0
2024-09-16 15:22:00+00:00,REG,74.77999877929688,74.77999877929688,74.77999877929688,74.7699966430664,74.77999877929688,1377.0
2024-09-16 15:22:00+00:00,ROIC,16.079999923706055,16.079999923706055,16.079999923706055,16.079999923706055,16.079999923706055,583.0
2024-09-16 15:22:00+00:00,SBAC,245.76499938964844,245.76499938964844,245.77999877929688,245.76499938964844,245.77999877929688,1802.0
2024-09-16 15:22:00+00:00,SBRA,18.790000915527344,18.790000915527344,18.799999237060547,18.790000915527344,18.790000915527344,3947.0
2024-09-16 15:22:00+00:00,SEVN,13.820099830627441,13.820099830627441,13.820099830627441,13.820099830627441,13.820099830627441,519.0
2024-09-16 15:22:00+00:00,SVC,4.485000133514404,4.485000133514404,4.485000133514404,4.485000133514404,4.485000133514404,1100.0
2024-09-16 15:22:00+00:00,UNIT,5.380000114440918,5.380000114440918,5.380000114440918,5.375,5.380000114440918,4570.0
2024-09-16 15:22:00+00:00,WHLR,7.550000190734863,7.550000190734863,7.550000190734863,7.449999809265137,7.449999809265137,5208.0
2024-09-16 15:23:00+00:00,AFCG,10.550000190734863,10.550000190734863,10.550000190734863,10.550000190734863,10.550000190734863,43.0
2024-09-16 15:23:00+00:00,AGNC,10.529999732971191,10.529999732971191,10.529999732971191,10.520000457763672,10.529999732971191,113139.0
2024-09-16 15:23:00+00:00,CIGI,147.16000366210938,147.16000366210938,147.16000366210938,147.16000366210938,147.16000366210938,241.0
2024-09-16 15:23:00+00:00,CSGP,78.08000183105469,78.08000183105469,78.11000061035156,78.06999969482422,78.11000061035156,4078.0
2024-09-16 15:23:00+00:00,DHC,3.5850000381469727,3.5850000381469727,3.5850000381469727,3.5850000381469727,3.5850000381469727,137.0
2024-09-16 15:23:00+00:00,EXPI,14.649999618530273,14.649999618530273,14.65999984741211,14.649999618530273,14.65999984741211,1012.0
2024-09-16 15:23:00+00:00,GLPI,51.63999938964844,51.63999938964844,51.650001525878906,51.6349983215332,51.650001525878906,1937.0
2024-09-16 15:23:00+00:00,GOOD,16.1299991607666,16.1299991607666,16.1299991607666,16.1299991607666,16.1299991607666,130.0
2024-09-16 15:23:00+00:00,HST,17.459999084472656,17.459999084472656,17.46500015258789,17.459999084472656,17.46500015258789,1805.0
2024-09-16 15:23:00+00:00,ILPT,5.090000152587891,5.090000152587891,5.090000152587891,5.085000038146973,5.085000038146973,1211.0
2024-09-16 15:23:00+00:00,LAMR,130.8350067138672,130.8350067138672,130.97999572753906,130.8350067138672,130.97999572753906,369.0
2024-09-16 15:23:00+00:00,LAND,14.569999694824219,14.569999694824219,14.569999694824219,14.569999694824219,14.569999694824219,1156.0
2024-09-16 15:23:00+00:00,NMRK,14.960000038146973,14.960000038146973,14.96500015258789,14.960000038146973,14.96500015258789,3874.0
2024-09-16 15:23:00+00:00,NYMT,6.71999979019165,6.71999979019165,6.71999979019165,6.71999979019165,6.71999979019165,3926.0
2024-09-16 15:23:00+00:00,OPEN,2.434999942779541,2.434999942779541,2.440000057220459,2.430000066757202,2.434999942779541,63234.0
2024-09-16 15:23:00+00:00,PCH,45.40999984741211,45.40999984741211,45.40999984741211,45.400001525878906,45.400001525878906,1990.0
2024-09-16 15:23:00+00:00,RDFN,14.020000457763672,14.020000457763672,14.020000457763672,14.010000228881836,14.010000228881836,7167.0
2024-09-16 15:23:00+00:00,REG,74.7874984741211,74.7874984741211,74.7874984741211,74.7874984741211,74.7874984741211,1771.0
2024-09-16 15:23:00+00:00,ROIC,16.079999923706055,16.079999923706055,16.084999084472656,16.079999923706055,16.084999084472656,1504.0
2024-09-16 15:23:00+00:00,SBAC,245.73500061035156,245.73500061035156,245.76499938964844,245.73500061035156,245.76499938964844,788.0
2024-09-16 15:23:00+00:00,SBRA,18.80500030517578,18.80500030517578,18.80500030517578,18.799999237060547,18.799999237060547,5992.0
2024-09-16 15:23:00+00:00,SVC,4.485000133514404,4.485000133514404,4.485000133514404,4.485000133514404,4.485000133514404,853.0
2024-09-16 15:23:00+00:00,UNIT,5.389999866485596,5.389999866485596,5.389999866485596,5.375,5.380000114440918,16790.0
2024-09-16 15:23:00+00:00,WHLR,7.599999904632568,7.599999904632568,7.599999904632568,7.449999809265137,7.450099945068359,8913.0
2024-09-16 15:24:00+00:00,AFCG,10.559900283813477,10.559900283813477,10.559900283813477,10.559900283813477,10.559900283813477,940.0
2024-09-16 15:24:00+00:00,AGNC,10.524999618530273,10.524999618530273,10.529999732971191,10.520000457763672,10.522199630737305,19396.0
2024-09-16 15:24:00+00:00,AGNCL,24.180099487304688,24.180099487304688,24.180099487304688,24.180099487304688,24.180099487304688,44.0
2024-09-16 15:24:00+00:00,AGNCM,25.459999084472656,25.459999084472656,25.459999084472656,25.459999084472656,25.459999084472656,0.0
2024-09-16 15:24:00+00:00,CSGP,78.07499694824219,78.07499694824219,78.08000183105469,78.05000305175781,78.08000183105469,5442.0
2024-09-16 15:24:00+00:00,DHC,3.5799999237060547,3.5799999237060547,3.5799999237060547,3.5799999237060547,3.5799999237060547,706.0
2024-09-16 15:24:00+00:00,EXPI,14.654999732971191,14.654999732971191,14.654999732971191,14.654999732971191,14.654999732971191,878.0
2024-09-16 15:24:00+00:00,FSV,180.46499633789062,180.46499633789062,180.46499633789062,180.46499633789062,180.46499633789062,1901.0
2024-09-16 15:24:00+00:00,GLPI,51.63999938964844,51.63999938964844,51.63999938964844,51.63999938964844,51.63999938964844,827.0
2024-09-16 15:24:00+00:00,GOOD,16.1200008392334,16.1200008392334,16.125,16.1200008392334,16.125,2752.0
2024-09-16 15:24:00+00:00,HST,17.46500015258789,17.46500015258789,17.46500015258789,17.46500015258789,17.46500015258789,2862.0
2024-09-16 15:24:00+00:00,ILPT,5.09499979019165,5.09499979019165,5.09499979019165,5.09499979019165,5.09499979019165,833.0
2024-09-16 15:24:00+00:00,LAMR,130.8300018310547,130.8300018310547,130.91000366210938,130.8300018310547,130.91000366210938,618.0
2024-09-16 15:24:00+00:00,NYMT,6.724999904632568,6.724999904632568,6.724999904632568,6.71999979019165,6.724999904632568,1372.0
2024-09-16 15:24:00+00:00,OPEN,2.434999942779541,2.434999942779541,2.440000057220459,2.430000066757202,2.434999942779541,65098.0
2024-09-16 15:24:00+00:00,OPI,2.2200000286102295,2.2200000286102295,2.2200000286102295,2.2200000286102295,2.2200000286102295,393.0
2024-09-16 15:24:00+00:00,RDFN,14.03499984741211,14.03499984741211,14.03499984741211,14.015000343322754,14.015000343322754,10445.0
2024-09-16 15:24:00+00:00,REAX,5.824999809265137,5.824999809265137,5.824999809265137,5.824999809265137,5.824999809265137,342.0
2024-09-16 15:24:00+00:00,REG,74.79000091552734,74.79000091552734,74.80999755859375,74.79000091552734,74.80999755859375,1810.0
2024-09-16 15:24:00+00:00,ROIC,16.084999084472656,16.084999084472656,16.084999084472656,16.079999923706055,16.079999923706055,525.0
2024-09-16 15:24:00+00:00,SBAC,245.78250122070312,245.78250122070312,245.7899932861328,245.78250122070312,245.7899932861328,907.0
2024-09-16 15:24:00+00:00,SBRA,18.799999237060547,18.799999237060547,18.80500030517578,18.795000076293945,18.80500030517578,11327.0
2024-09-16 15:24:00+00:00,SVC,4.485000133514404,4.485000133514404,4.485000133514404,4.485000133514404,4.485000133514404,957.0
2024-09-16 15:24:00+00:00,UNIT,5.400000095367432,5.400000095367432,5.400000095367432,5.385000228881836,5.389999866485596,15916.0
2024-09-16 15:24:00+00:00,WHLR,7.748000144958496,7.748000144958496,7.849999904632568,7.559999942779541,7.559999942779541,72645.0
2024-09-16 15:25:00+00:00,AFCG,10.551199913024902,10.551199913024902,10.551199913024902,10.550000190734863,10.550000190734863,0.0
2024-09-16 15:25:00+00:00,AGNC,10.524999618530273,10.524999618530273,10.529999732971191,10.520000457763672,10.524999618530273,8883.0
2024-09-16 15:25:00+00:00,CSGP,78.05999755859375,78.05999755859375,78.07499694824219,78.05999755859375,78.07499694824219,2039.0
2024-09-16 15:25:00+00:00,DHC,3.5850000381469727,3.5850000381469727,3.5850000381469727,3.5850000381469727,3.5850000381469727,621.0
2024-09-16 15:25:00+00:00,EXPI,14.670000076293945,14.670000076293945,14.670000076293945,14.65999984741211,14.65999984741211,1464.0
2024-09-16 15:25:00+00:00,GLPI,51.650001525878906,51.650001525878906,51.650001525878906,51.650001525878906,51.650001525878906,3319.0
2024-09-16 15:25:00+00:00,GOOD,16.110000610351562,16.110000610351562,16.110000610351562,16.110000610351562,16.110000610351562,588.0
2024-09-16 15:25:00+00:00,HST,17.479999542236328,17.479999542236328,17.479999542236328,17.46500015258789,17.46500015258789,9065.0
2024-09-16 15:25:00+00:00,ILPT,5.090000152587891,5.090000152587891,5.099999904632568,5.090000152587891,5.099999904632568,3724.0
2024-09-16 15:25:00+00:00,LAMR,130.92999267578125,130.92999267578125,130.92999267578125,130.8300018310547,130.8300018310547,758.0
2024-09-16 15:25:00+00:00,NMRK,14.960000038146973,14.960000038146973,14.960000038146973,14.960000038146973,14.960000038146973,2474.0
2024-09-16 15:25:00+00:00,NYMT,6.730000019073486,6.730000019073486,6.730000019073486,6.724999904632568,6.724999904632568,2341.0
2024-09-16 15:25:00+00:00,NYMTN,22.479999542236328,22.479999542236328,22.479999542236328,22.479999542236328,22.479999542236328,220.0
2024-09-16 15:25:00+00:00,OPEN,2.434999942779541,2.434999942779541,2.440000057220459,2.430000066757202,2.434999942779541,33936.0
2024-09-16 15:25:00+00:00,PECO,38.81999969482422,38.81999969482422,38.81999969482422,38.79999923706055,38.79999923706055,989.0
2024-09-16 15:25:00+00:00,RDFN,14.050000190734863,14.050000190734863,14.050000190734863,14.039999961853027,14.039999961853027,13359.0
2024-09-16 15:25:00+00:00,REAX,5.829999923706055,5.829999923706055,5.829999923706055,5.829999923706055,5.829999923706055,322.0
2024-09-16 15:25:00+00:00,REFI,16.110000610351562,16.110000610351562,16.110000610351562,16.110000610351562,16.110000610351562,634.0
2024-09-16 15:25:00+00:00,REG,74.77999877929688,74.77999877929688,74.80500030517578,74.77999877929688,74.80500030517578,1351.0
2024-09-16 15:25:00+00:00,RMR,25.25,25.25,25.25,25.25,25.25,497.0
2024-09-16 15:25:00+00:00,ROIC,16.084999084472656,16.084999084472656,16.084999084472656,16.084999084472656,16.084999084472656,344.0
2024-09-16 15:25:00+00:00,SBAC,245.80999755859375,245.80999755859375,245.80999755859375,245.78500366210938,245.78500366210938,642.0
2024-09-16 15:25:00+00:00,SBRA,18.807300567626953,18.807300567626953,18.809999465942383,18.799999237060547,18.799999237060547,5696.0
2024-09-16 15:25:00+00:00,SVC,4.505000114440918,4.505000114440918,4.505000114440918,4.489999771118164,4.489999771118164,15021.0
2024-09-16 15:25:00+00:00,UNIT,5.400000095367432,5.400000095367432,5.400000095367432,5.400000095367432,5.400000095367432,1007.0
2024-09-16 15:25:00+00:00,WHLR,7.869999885559082,7.869999885559082,7.889999866485596,7.739999771118164,7.772600173950195,42818.0
2024-09-16 15:26:00+00:00,AGNC,10.524999618530273,10.524999618530273,10.529999732971191,10.520000457763672,10.525899887084961,10550.0
2024-09-16 15:26:00+00:00,ASPS,1.159999966621399,1.159999966621399,1.159999966621399,1.159999966621399,1.159999966621399,202.0
2024-09-16 15:26:00+00:00,CMCT,1.9700000286102295,1.9700000286102295,1.9700000286102295,1.9700000286102295,1.9700000286102295,287.0
2024-09-16 15:26:00+00:00,CSGP,78.06500244140625,78.06500244140625,78.07499694824219,78.05999755859375,78.06500244140625,3415.0
2024-09-16 15:26:00+00:00,DHC,3.5850000381469727,3.5850000381469727,3.5850000381469727,3.5850000381469727,3.5850000381469727,495.0
2024-09-16 15:26:00+00:00,EXPI,14.6899995803833,14.6899995803833,14.6899995803833,14.680000305175781,14.680000305175781,501.0
2024-09-16 15:26:00+00:00,GLPI,51.654998779296875,51.654998779296875,51.654998779296875,51.650001525878906,51.650001525878906,1837.0
2024-09-16 15:26:00+00:00,HST,17.475000381469727,17.475000381469727,17.479999542236328,17.475000381469727,17.479999542236328,5788.0
2024-09-16 15:26:00+00:00,NMRK,14.96500015258789,14.96500015258789,14.96500015258789,14.96500015258789,14.96500015258789,944.0
2024-09-16 15:26:00+00:00,NYMT,6.739999771118164,6.739999771118164,6.739999771118164,6.725200176239014,6.730000019073486,6636.0
2024-09-16 15:26:00+00:00,OPEN,2.440000057220459,2.440000057220459,2.440000057220459,2.4300999641418457,2.434999942779541,119432.0
2024-09-16 15:26:00+00:00,PCH,45.404998779296875,45.404998779296875,45.404998779296875,45.400001525878906,45.400001525878906,1679.0
2024-09-16 15:26:00+00:00,PECO,38.814998626708984,38.814998626708984,38.81999969482422,38.810001373291016,38.81999969482422,781.0
2024-09-16 15:26:00+00:00,RDFN,14.050000190734863,14.050000190734863,14.0649995803833,14.039999961853027,14.050999641418457,28981.0
2024-09-16 15:26:00+00:00,REG,74.77999877929688,74.77999877929688,74.77999877929688,74.7750015258789,74.77999877929688,1500.0
2024-09-16 15:26:00+00:00,ROIC,16.06999969482422,16.06999969482422,16.084999084472656,16.06999969482422,16.084999084472656,2532.0
2024-09-16 15:26:00+00:00,SBAC,245.7050018310547,245.7050018310547,245.78500366210938,245.69000244140625,245.78500366210938,3935.0
2024-09-16 15:26:00+00:00,SBRA,18.795000076293945,18.795000076293945,18.80500030517578,18.795000076293945,18.80500030517578,16940.0
2024-09-16 15:26:00+00:00,SQFT,0.7299000024795532,0.7299000024795532,0.7299000024795532,0.7299000024795532,0.7299000024795532,644.0
2024-09-16 15:26:00+00:00,SVC,4.505000114440918,4.505000114440918,4.505000114440918,4.505000114440918,4.505000114440918,1108.0
2024-09-16 15:26:00+00:00,UNIT,5.394999980926514,5.394999980926514,5.400000095367432,5.394999980926514,5.400000095367432,3004.0
2024-09-16 15:26:00+00:00,WHLR,7.980000019073486,7.980000019073486,7.980000019073486,7.830100059509277,7.871600151062012,89363.0
2024-09-16 15:27:00+00:00,AFCG,10.550000190734863,10.550000190734863,10.550000190734863,10.550000190734863,10.550000190734863,400.0
2024-09-16 15:27:00+00:00,AGNC,10.524999618530273,10.524999618530273,10.529999732971191,10.520000457763672,10.529999732971191,57482.0
2024-09-16 15:27:00+00:00,ASPS,1.1746000051498413,1.1746000051498413,1.1746000051498413,1.1746000051498413,1.1746000051498413,214.0
2024-09-16 15:27:00+00:00,CSGP,78.05999755859375,78.05999755859375,78.06999969482422,78.05000305175781,78.05999755859375,4479.0
2024-09-16 15:27:00+00:00,EQIX,878.7550048828125,878.7550048828125,878.7550048828125,878.7550048828125,878.7550048828125,994.0
2024-09-16 15:27:00+00:00,EXPI,14.680000305175781,14.680000305175781,14.6850004196167,14.680000305175781,14.6850004196167,1911.0
2024-09-16 15:27:00+00:00,GLPI,51.654998779296875,51.654998779296875,51.654998779296875,51.650001525878906,51.654998779296875,836.0
2024-09-16 15:27:00+00:00,HST,17.475000381469727,17.475000381469727,17.479999542236328,17.469999313354492,17.479999542236328,22071.0
2024-09-16 15:27:00+00:00,ILPT,5.074999809265137,5.074999809265137,5.074999809265137,5.074999809265137,5.074999809265137,1286.0
2024-09-16 15:27:00+00:00,LAMR,130.92999267578125,130.92999267578125,130.92999267578125,130.7550048828125,130.7550048828125,587.0
2024-09-16 15:27:00+00:00,LSEA,12.609999656677246,12.609999656677246,12.619999885559082,12.609999656677246,12.619999885559082,1011.0
2024-09-16 15:27:00+00:00,NMRK,14.960000038146973,14.960000038146973,14.960000038146973,14.960000038146973,14.960000038146973,3182.0
2024-09-16 15:27:00+00:00,NYMT,6.739999771118164,6.739999771118164,6.739999771118164,6.735000133514404,6.739999771118164,4529.0
2024-09-16 15:27:00+00:00,OPEN,2.430000066757202,2.430000066757202,2.440000057220459,2.430000066757202,2.434000015258789,45934.0
2024-09-16 15:27:00+00:00,OPI,2.2249999046325684,2.2249999046325684,2.2249999046325684,2.2249999046325684,2.2249999046325684,376.0
2024-09-16 15:27:00+00:00,PECO,38.814998626708984,38.814998626708984,38.814998626708984,38.810298919677734,38.810298919677734,666.0
2024-09-16 15:27:00+00:00,RDFN,14.069999694824219,14.069999694824219,14.080100059509277,14.0600004196167,14.0600004196167,15565.0
2024-09-16 15:27:00+00:00,REAX,5.824999809265137,5.824999809265137,5.829999923706055,5.824999809265137,5.824999809265137,1224.0
2024-09-16 15:27:00+00:00,REG,74.78500366210938,74.78500366210938,74.79000091552734,74.78500366210938,74.79000091552734,1320.0
2024-09-16 15:27:00+00:00,ROIC,16.059999465942383,16.059999465942383,16.059999465942383,16.059999465942383,16.059999465942383,358.0
2024-09-16 15:27:00+00:00,SBAC,245.7899932861328,245.7899932861328,245.7899932861328,245.6999969482422,245.6999969482422,1353.0
2024-09-16 15:27:00+00:00,SBRA,18.78499984741211,18.78499984741211,18.795000076293945,18.78499984741211,18.790000915527344,10931.0
2024-09-16 15:27:00+00:00,SVC,4.505000114440918,4.505000114440918,4.505000114440918,4.505000114440918,4.505000114440918,605.0
2024-09-16 15:27:00+00:00,UNIT,5.394999980926514,5.394999980926514,5.400000095367432,5.394999980926514,5.400000095367432,7730.0
2024-09-16 15:27:00+00:00,WHLR,7.800000190734863,7.800000190734863,7.980000019073486,7.739999771118164,7.909999847412109,56160.0
2024-09-16 15:28:00+00:00,AFCG,10.550000190734863,10.550000190734863,10.550000190734863,10.550000190734863,10.550000190734863,100.0
2024-09-16 15:28:00+00:00,AGNC,10.524999618530273,10.524999618530273,10.529999732971191,10.520000457763672,10.524999618530273,26652.0
2024-09-16 15:28:00+00:00,CIGI,147.14999389648438,147.14999389648438,147.14999389648438,147.14999389648438,147.14999389648438,786.0
2024-09-16 15:28:00+00:00,CSGP,78.05999755859375,78.05999755859375,78.06999969482422,78.05999755859375,78.06999969482422,2848.0
2024-09-16 15:28:00+00:00,DHC,3.575000047683716,3.575000047683716,3.5799999237060547,3.575000047683716,3.5799999237060547,4795.0
2024-09-16 15:28:00+00:00,EXPI,14.6899995803833,14.6899995803833,14.690999984741211,14.680000305175781,14.680000305175781,3376.0
2024-09-16 15:28:00+00:00,GLPI,51.654998779296875,51.654998779296875,51.66999816894531,51.654998779296875,51.65999984741211,4656.0
2024-09-16 15:28:00+00:00,HST,17.475000381469727,17.475000381469727,17.479999542236328,17.469999313354492,17.475000381469727,6099.0
2024-09-16 15:28:00+00:00,LAMR,130.8300018310547,130.8300018310547,130.8300018310547,130.8300018310547,130.8300018310547,1317.0
2024-09-16 15:28:00+00:00,LSEA,12.609999656677246,12.609999656677246,12.609999656677246,12.609999656677246,12.609999656677246,967.0
2024-09-16 15:28:00+00:00,MDRR,12.449999809265137,12.449999809265137,12.449999809265137,12.449999809265137,12.449999809265137,1116.0
2024-09-16 15:28:00+00:00,NMRK,14.954999923706055,14.954999923706055,14.960000038146973,14.954999923706055,14.960000038146973,2524.0
2024-09-16 15:28:00+00:00,NYMT,6.739999771118164,6.739999771118164,6.739999771118164,6.739999771118164,6.739999771118164,519.0
2024-09-16 15:28:00+00:00,NYMTZ,20.959999084472656,20.959999084472656,20.959999084472656,20.959999084472656,20.959999084472656,519.0
2024-09-16 15:28:00+00:00,OPEN,2.4238998889923096,2.4238998889923096,2.440000057220459,2.4228999614715576,2.43149995803833,123312.0
2024-09-16 15:28:00+00:00,PCH,45.3849983215332,45.3849983215332,45.404998779296875,45.3849983215332,45.404998779296875,518.0
2024-09-16 15:28:00+00:00,PECO,38.81999969482422,38.81999969482422,38.81999969482422,38.81999969482422,38.81999969482422,241.0
2024-09-16 15:28:00+00:00,RDFN,14.0600004196167,14.0600004196167,14.069999694824219,14.0600004196167,14.069999694824219,5827.0
2024-09-16 15:28:00+00:00,REAX,5.824999809265137,5.824999809265137,5.824999809265137,5.824999809265137,5.824999809265137,376.0
2024-09-16 15:28:00+00:00,REG,74.7925033569336,74.7925033569336,74.7925033569336,74.7925033569336,74.7925033569336,407.0
2024-09-16 15:28:00+00:00,ROIC,16.05500030517578,16.05500030517578,16.065000534057617,16.05500030517578,16.065000534057617,1175.0
2024-09-16 15:28:00+00:00,SBAC,245.77999877929688,245.77999877929688,245.9199981689453,245.77999877929688,245.9199981689453,1647.0
2024-09-16 15:28:00+00:00,SBRA,18.774999618530273,18.774999618530273,18.78499984741211,18.770000457763672,18.78499984741211,8400.0
2024-09-16 15:28:00+00:00,SVC,4.505000114440918,4.505000114440918,4.505000114440918,4.505000114440918,4.505000114440918,938.0
2024-09-16 15:28:00+00:00,UNIT,5.400000095367432,5.400000095367432,5.400000095367432,5.391499996185303,5.394999980926514,3140.0
2024-09-16 15:28:00+00:00,WHLR,7.770500183105469,7.770500183105469,7.783199787139893,7.75,7.770100116729736,3016.0
2024-09-16 15:29:00+00:00,AFCG,10.550000190734863,10.550000190734863,10.550000190734863,10.550000190734863,10.550000190734863,230.0
2024-09-16 15:29:00+00:00,AGNC,10.524999618530273,10.524999618530273,10.529999732971191,10.520000457763672,10.524999618530273,74236.0
2024-09-16 15:29:00+00:00,CSGP,78.05000305175781,78.05000305175781,78.06999969482422,78.02999877929688,78.04499816894531,5716.0
2024-09-16 15:29:00+00:00,EXPI,14.664999961853027,14.664999961853027,14.670000076293945,14.664999961853027,14.670000076293945,1392.0
2024-09-16 15:29:00+00:00,FTHM,2.922300100326538,2.922300100326538,2.922300100326538,2.922300100326538,2.922300100326538,432.0
2024-09-16 15:29:00+00:00,GLPI,51.650001525878906,51.650001525878906,51.650001525878906,51.64500045776367,51.650001525878906,1953.0
2024-09-16 15:29:00+00:00,GOOD,16.110000610351562,16.110000610351562,16.110000610351562,16.110000610351562,16.110000610351562,342.0
2024-09-16 15:29:00+00:00,HST,17.475000381469727,17.475000381469727,17.479999542236328,17.469999313354492,17.479999542236328,3327.0
2024-09-16 15:29:00+00:00,LAMR,130.8300018310547,130.8300018310547,130.92999267578125,130.75999450683594,130.75999450683594,1439.0
2024-09-16 15:29:00+00:00,LAND,14.579500198364258,14.579500198364258,14.579500198364258,14.579500198364258,14.579500198364258,417.0
2024-09-16 15:29:00+00:00,NMRK,14.954999923706055,14.954999923706055,14.954999923706055,14.954999923706055,14.954999923706055,767.0
2024-09-16 15:29:00+00:00,NYMT,6.739999771118164,6.739999771118164,6.739999771118164,6.739999771118164,6.739999771118164,1572.0
2024-09-16 15:29:00+00:00,OPEN,2.434999942779541,2.434999942779541,2.440000057220459,2.4200000762939453,2.434999942779541,219677.0
2024-09-16 15:29:00+00:00,OPI,2.2200000286102295,2.2200000286102295,2.2200000286102295,2.2200000286102295,2.2200000286102295,1018.0
2024-09-16 15:29:00+00:00,PECO,38.83000183105469,38.83000183105469,38.83000183105469,38.81999969482422,38.81999969482422,500.0
2024-09-16 15:29:00+00:00,REAX,5.820000171661377,5.820000171661377,5.835000038146973,5.820000171661377,5.824999809265137,6773.0
2024-09-16 15:29:00+00:00,REG,74.80000305175781,74.80000305175781,74.80999755859375,74.77999877929688,74.80999755859375,2160.0
2024-09-16 15:29:00+00:00,ROIC,16.05500030517578,16.05500030517578,16.05500030517578,16.05500030517578,16.05500030517578,402.0
2024-09-16 15:29:00+00:00,SBAC,245.75,245.75,245.86000061035156,245.75,245.86000061035156,733.0
2024-09-16 15:29:00+00:00,SBRA,18.764999389648438,18.764999389648438,18.78499984741211,18.764999389648438,18.774999618530273,114348.0
2024-09-16 15:29:00+00:00,SVC,4.480000019073486,4.480000019073486,4.505000114440918,4.480000019073486,4.505000114440918,21197.0
2024-09-16 15:29:00+00:00,UNIT,5.400000095367432,5.400000095367432,5.400000095367432,5.394999980926514,5.394999980926514,5007.0
2024-09-16 15:29:00+00:00,WHLR,7.853799819946289,7.853799819946289,7.889599800109863,7.760799884796143,7.788300037384033,25793.0
2024-09-16 15:30:00+00:00,CSGP,78.08999633789062,78.08999633789062,78.08999633789062,78.08999633789062,78.08999633789062,14735.0
2024-09-16 15:30:00+00:00,DHC,3.569999933242798,3.569999933242798,3.569999933242798,3.569999933242798,3.569999933242798,424.0
2024-09-16 15:30:00+00:00,EXPI,14.664999961853027,14.664999961853027,14.664999961853027,14.65999984741211,14.65999984741211,717.0
2024-09-16 15:30:00+00:00,GLPI,51.66999816894531,51.66999816894531,51.66999816894531,51.66999816894531,51.66999816894531,4366.0
2024-09-16 15:30:00+00:00,HST,17.479999542236328,17.479999542236328,17.479999542236328,17.479999542236328,17.479999542236328,9997.0
2024-09-16 15:30:00+00:00,LAMR,130.77000427246094,130.77000427246094,130.77000427246094,130.77000427246094,130.77000427246094,4752.0
2024-09-16 15:30:00+00:00,OPEN,2.434999942779541,2.434999942779541,2.440000057220459,2.430000066757202,2.434999942779541,37154.0
2024-09-16 15:30:00+00:00,PCH,45.369998931884766,45.369998931884766,45.369998931884766,45.369998931884766,45.369998931884766,7472.0
2024-09-16 15:30:00+00:00,RDFN,14.069999694824219,14.069999694824219,14.069999694824219,14.069999694824219,14.069999694824219,51385.0
2024-09-16 15:30:00+00:00,REAX,5.809999942779541,5.809999942779541,5.809999942779541,5.809999942779541,5.809999942779541,724.0
2024-09-16 15:30:00+00:00,REG,74.8499984741211,74.8499984741211,74.8499984741211,74.8499984741211,74.8499984741211,2569.0
2024-09-16 15:30:00+00:00,RMR,25.229999542236328,25.229999542236328,25.229999542236328,25.229999542236328,25.229999542236328,303.0
2024-09-16 15:30:00+00:00,ROIC,16.045000076293945,16.045000076293945,16.045000076293945,16.045000076293945,16.045000076293945,2643.0
2024-09-16 15:30:00+00:00,SBRA,18.78499984741211,18.78499984741211,18.78499984741211,18.78499984741211,18.78499984741211,6825.0
2024-09-16 15:30:00+00:00,SVC,4.480000019073486,4.480000019073486,4.480000019073486,4.480000019073486,4.480000019073486,1170.0
2024-09-16 15:30:00+00:00,UNIT,5.394999980926514,5.394999980926514,5.394999980926514,5.394999980926514,5.394999980926514,45182.0
2024-09-16 15:30:00+00:00,VINO,4.909999847412109,4.909999847412109,4.909999847412109,4.909999847412109,4.909999847412109,349.0
2024-09-16 15:30:00+00:00,WHLR,7.862400054931641,7.862400054931641,7.862400054931641,7.862400054931641,7.862400054931641,18920.0
2024-09-16 15:31:00+00:00,AFCG,10.53499984741211,10.53499984741211,10.54990005493164,10.53499984741211,10.54990005493164,2712.0
2024-09-16 15:31:00+00:00,AGNC,10.520099639892578,10.520099639892578,10.529899597167969,10.520000457763672,10.524999618530273,67853.0
2024-09-16 15:31:00+00:00,AGNCL,24.200000762939453,24.200000762939453,24.200000762939453,24.200000762939453,24.200000762939453,2324.0
2024-09-16 15:31:00+00:00,CSGP,78.0199966430664,78.0199966430664,78.08999633789062,78.01499938964844,78.08999633789062,9084.0
2024-09-16 15:31:00+00:00,EQIX,878.6950073242188,878.6950073242188,878.6950073242188,878.6950073242188,878.6950073242188,853.0
2024-09-16 15:31:00+00:00,EXPI,14.630000114440918,14.630000114440918,14.660099983215332,14.619999885559082,14.660099983215332,5188.0
2024-09-16 15:31:00+00:00,GLPI,51.67499923706055,51.67499923706055,51.67499923706055,51.67499923706055,51.67499923706055,876.0
2024-09-16 15:31:00+00:00,GOOD,16.1200008392334,16.1200008392334,16.1200008392334,16.1200008392334,16.1200008392334,320.0
2024-09-16 15:31:00+00:00,HST,17.46500015258789,17.46500015258789,17.475000381469727,17.459999084472656,17.475000381469727,76722.0
2024-09-16 15:31:00+00:00,ILPT,5.079999923706055,5.079999923706055,5.079999923706055,5.079999923706055,5.079999923706055,718.0
2024-09-16 15:31:00+00:00,LAMR,130.77000427246094,130.77000427246094,130.77000427246094,130.76499938964844,130.77000427246094,1496.0
2024-09-16 15:31:00+00:00,LAND,14.569999694824219,14.569999694824219,14.569999694824219,14.569999694824219,14.569999694824219,286.0
2024-09-16 15:31:00+00:00,NMRK,14.954999923706055,14.954999923706055,14.954999923706055,14.949999809265137,14.954999923706055,3452.0
2024-09-16 15:31:00+00:00,NYMT,6.739999771118164,6.739999771118164,6.739999771118164,6.735000133514404,6.739999771118164,4921.0
2024-09-16 15:31:00+00:00,OPEN,2.430000066757202,2.430000066757202,2.440000057220459,2.430000066757202,2.4398999214172363,89121.0
2024-09-16 15:31:00+00:00,OPI,2.2200000286102295,2.2200000286102295,2.2200000286102295,2.2200000286102295,2.2200000286102295,388.0
2024-09-16 15:31:00+00:00,PCH,45.349998474121094,45.349998474121094,45.369998931884766,45.349998474121094,45.369998931884766,1552.0
2024-09-16 15:31:00+00:00,PECO,38.849998474121094,38.849998474121094,38.869998931884766,38.849998474121094,38.869998931884766,4134.0
2024-09-16 15:31:00+00:00,RDFN,14.0600004196167,14.0600004196167,14.0649995803833,14.050000190734863,14.0649995803833,19263.0
2024-09-16 15:31:00+00:00,REAX,5.815000057220459,5.815000057220459,5.815000057220459,5.809999942779541,5.815000057220459,796.0
2024-09-16 15:31:00+00:00,REG,74.83000183105469,74.83000183105469,74.83999633789062,74.83000183105469,74.83999633789062,729.0
2024-09-16 15:31:00+00:00,ROIC,16.03499984741211,16.03499984741211,16.045000076293945,16.03499984741211,16.043500900268555,1863.0
2024-09-16 15:31:00+00:00,SBAC,245.97000122070312,245.97000122070312,245.97500610351562,245.97000122070312,245.97500610351562,3223.0
2024-09-16 15:31:00+00:00,SBRA,18.774999618530273,18.774999618530273,18.78499984741211,18.770000457763672,18.78499984741211,9165.0
2024-09-16 15:31:00+00:00,SVC,4.480000019073486,4.480000019073486,4.480000019073486,4.480000019073486,4.480000019073486,973.0
2024-09-16 15:31:00+00:00,UNIT,5.394999980926514,5.394999980926514,5.394999980926514,5.394999980926514,5.394999980926514,2907.0
2024-09-16 15:31:00+00:00,WHLR,7.9994001388549805,7.9994001388549805,8.0,7.845699787139893,7.860000133514404,59797.0
2024-09-16 15:32:00+00:00,AFCG,10.529999732971191,10.529999732971191,10.529999732971191,10.529999732971191,10.529999732971191,386.0
2024-09-16 15:32:00+00:00,AGNC,10.52400016784668,10.52400016784668,10.529999732971191,10.520000457763672,10.52400016784668,17632.0
2024-09-16 15:32:00+00:00,ASPS,1.1699999570846558,1.1699999570846558,1.1699999570846558,1.159999966621399,1.159999966621399,463.0
2024-09-16 15:32:00+00:00,BPYPN,12.8100004196167,12.8100004196167,12.8100004196167,12.8100004196167,12.8100004196167,571.0
2024-09-16 15:32:00+00:00,CSGP,78.06999969482422,78.06999969482422,78.06999969482422,78.0199966430664,78.0199966430664,6111.0
2024-09-16 15:32:00+00:00,DHC,3.575000047683716,3.575000047683716,3.575000047683716,3.575000047683716,3.575000047683716,370.0
2024-09-16 15:32:00+00:00,EXPI,14.635000228881836,14.635000228881836,14.645000457763672,14.630000114440918,14.630999565124512,3911.0
2024-09-16 15:32:00+00:00,GLPI,51.67499923706055,51.67499923706055,51.68000030517578,51.665000915527344,51.66999816894531,2779.0
2024-09-16 15:32:00+00:00,GOOD,16.1299991607666,16.1299991607666,16.1299991607666,16.1299991607666,16.1299991607666,287.0
2024-09-16 15:32:00+00:00,HST,17.46500015258789,17.46500015258789,17.46500015258789,17.454999923706055,17.459999084472656,11243.0
2024-09-16 15:32:00+00:00,ILPT,5.079999923706055,5.079999923706055,5.079999923706055,5.079999923706055,5.079999923706055,502.0
2024-09-16 15:32:00+00:00,LAMR,130.77000427246094,130.77000427246094,130.83999633789062,130.67999267578125,130.72999572753906,3649.0
2024-09-16 15:32:00+00:00,LSEA,12.619000434875488,12.619000434875488,12.619000434875488,12.619000434875488,12.619000434875488,844.0
2024-09-16 15:32:00+00:00,NMRK,14.949999809265137,14.949999809265137,14.954999923706055,14.949999809265137,14.954999923706055,2189.0
2024-09-16 15:32:00+00:00,NYMT,6.739999771118164,6.739999771118164,6.739999771118164,6.735000133514404,6.735000133514404,614.0
2024-09-16 15:32:00+00:00,OPEN,2.434999942779541,2.434999942779541,2.440000057220459,2.4200000762939453,2.436300039291382,301843.0
2024-09-16 15:32:00+00:00,PCH,45.349998474121094,45.349998474121094,45.349998474121094,45.349998474121094,45.349998474121094,850.0
2024-09-16 15:32:00+00:00,RDFN,14.074999809265137,14.074999809265137,14.074999809265137,14.045999526977539,14.050000190734863,6856.0
2024-09-16 15:32:00+00:00,REAX,5.815000057220459,5.815000057220459,5.815000057220459,5.815000057220459,5.815000057220459,222.0
2024-09-16 15:32:00+00:00,REG,74.81999969482422,74.81999969482422,74.83499908447266,74.81999969482422,74.83000183105469,915.0
2024-09-16 15:32:00+00:00,ROIC,16.03499984741211,16.03499984741211,16.03499984741211,16.03499984741211,16.03499984741211,26020.0
2024-09-16 15:32:00+00:00,SBAC,245.88499450683594,245.88499450683594,245.97000122070312,245.86000061035156,245.97000122070312,4271.0
2024-09-16 15:32:00+00:00,SBRA,18.774999618530273,18.774999618530273,18.780000686645508,18.770000457763672,18.774999618530273,7767.0
2024-09-16 15:32:00+00:00,SVC,4.46999979019165,4.46999979019165,4.480000019073486,4.46999979019165,4.480000019073486,3049.0
2024-09-16 15:32:00+00:00,UNIT,5.394999980926514,5.394999980926514,5.394999980926514,5.394999980926514,5.394999980926514,4039.0
2024-09-16 15:32:00+00:00,WHLR,7.949999809265137,7.949999809265137,8.130000114440918,7.909999847412109,7.992000102996826,156202.0
2024-09-16 15:33:00+00:00,AGNC,10.524999618530273,10.524999618530273,10.529999732971191,10.524999618530273,10.524999618530273,15154.0
2024-09-16 15:33:00+00:00,CIGI,147.2899932861328,147.2899932861328,147.2899932861328,147.2899932861328,147.2899932861328,437.0
2024-09-16 15:33:00+00:00,CSGP,78.06999969482422,78.06999969482422,78.0999984741211,78.05999755859375,78.06999969482422,8741.0
2024-09-16 15:33:00+00:00,DHC,3.575000047683716,3.575000047683716,3.575000047683716,3.575000047683716,3.575000047683716,1737.0
2024-09-16 15:33:00+00:00,EXPI,14.635000228881836,14.635000228881836,14.645000457763672,14.635000228881836,14.645000457763672,2523.0
2024-09-16 15:33:00+00:00,GLPI,51.685001373291016,51.685001373291016,51.689998626708984,51.67499923706055,51.67499923706055,2807.0
2024-09-16 15:33:00+00:00,GOOD,16.1200008392334,16.1200008392334,16.1200008392334,16.1200008392334,16.1200008392334,269.0
2024-09-16 15:33:00+00:00,HST,17.469999313354492,17.469999313354492,17.469999313354492,17.46500015258789,17.469999313354492,11870.0
2024-09-16 15:33:00+00:00,ILPT,5.079999923706055,5.079999923706055,5.079999923706055,5.079999923706055,5.079999923706055,685.0
2024-09-16 15:33:00+00:00,LAMR,130.7550048828125,130.7550048828125,130.76499938964844,130.7550048828125,130.76499938964844,621.0
2024-09-16 15:33:00+00:00,LAND,14.569999694824219,14.569999694824219,14.574999809265137,14.569999694824219,14.574999809265137,802.0
2024-09-16 15:33:00+00:00,NMRK,14.954999923706055,14.954999923706055,14.960000038146973,14.954999923706055,14.954999923706055,7128.0
2024-09-16 15:33:00+00:00,NYMT,6.75,6.75,6.75,6.739999771118164,6.739999771118164,7396.0
2024-09-16 15:33:00+00:00,OPEN,2.434999942779541,2.434999942779541,2.440000057220459,2.430000066757202,2.430500030517578,114746.0
2024-09-16 15:33:00+00:00,OPI,2.2249999046325684,2.2249999046325684,2.2249999046325684,2.2200000286102295,2.2249999046325684,1430.0
2024-09-16 15:33:00+00:00,PECO,38.880001068115234,38.880001068115234,38.880001068115234,38.869998931884766,38.869998931884766,1197.0
2024-09-16 15:33:00+00:00,RDFN,14.045000076293945,14.045000076293945,14.0802001953125,14.045000076293945,14.079999923706055,62955.0
2024-09-16 15:33:00+00:00,REAX,5.820000171661377,5.820000171661377,5.824999809265137,5.820000171661377,5.820000171661377,1370.0
2024-09-16 15:33:00+00:00,REFI,16.13800048828125,16.13800048828125,16.13800048828125,16.13800048828125,16.13800048828125,308.0
2024-09-16 15:33:00+00:00,REG,74.81999969482422,74.81999969482422,74.81999969482422,74.80999755859375,74.80999755859375,1852.0
2024-09-16 15:33:00+00:00,RMR,25.260000228881836,25.260000228881836,25.260000228881836,25.260000228881836,25.260000228881836,321.0
2024-09-16 15:33:00+00:00,ROIC,16.03499984741211,16.03499984741211,16.03499984741211,16.03499984741211,16.03499984741211,917.0
2024-09-16 15:33:00+00:00,SBAC,245.8800048828125,245.8800048828125,245.88499450683594,245.8800048828125,245.88499450683594,629.0
2024-09-16 15:33:00+00:00,SBRA,18.795000076293945,18.795000076293945,18.795000076293945,18.770000457763672,18.774999618530273,13869.0
2024-09-16 15:33:00+00:00,SVC,4.476500034332275,4.476500034332275,4.476500034332275,4.474999904632568,4.474999904632568,1116.0
2024-09-16 15:33:00+00:00,UNIT,5.394999980926514,5.394999980926514,5.400000095367432,5.394999980926514,5.394999980926514,17458.0
2024-09-16 15:33:00+00:00,WHLR,7.829999923706055,7.829999923706055,7.940400123596191,7.610799789428711,7.920000076293945,114960.0
2024-09-16 15:34:00+00:00,AEI,1.1273000240325928,1.1273000240325928,1.1273000240325928,1.1273000240325928,1.1273000240325928,1931.0
2024-09-16 15:34:00+00:00,AFCG,10.547800064086914,10.547800064086914,10.547800064086914,10.539999961853027,10.539999961853027,303.0
2024-09-16 15:34:00+00:00,AGNC,10.524999618530273,10.524999618530273,10.524999618530273,10.520000457763672,10.524999618530273,11430.0
2024-09-16 15:34:00+00:00,AGNCO,25.239999771118164,25.239999771118164,25.239999771118164,25.239999771118164,25.239999771118164,1063.0
2024-09-16 15:34:00+00:00,ASPS,1.1699999570846558,1.1699999570846558,1.1799999475479126,1.1699999570846558,1.1799999475479126,800.0
2024-09-16 15:34:00+00:00,CSGP,78.06999969482422,78.06999969482422,78.08000183105469,78.05999755859375,78.07499694824219,5671.0
2024-09-16 15:34:00+00:00,DUO,0.42309999465942383,0.42309999465942383,0.43149998784065247,0.42309999465942383,0.43149998784065247,11861.0
2024-09-16 15:34:00+00:00,EQIX,878.7000122070312,878.7000122070312,878.7000122070312,878.7000122070312,878.7000122070312,402.0
2024-09-16 15:34:00+00:00,EXPI,14.60099983215332,14.60099983215332,14.630000114440918,14.600000381469727,14.630000114440918,4103.0
2024-09-16 15:34:00+00:00,FTHM,2.890000104904175,2.890000104904175,2.890199899673462,2.890000104904175,2.890199899673462,503.0
2024-09-16 15:34:00+00:00,GLPI,51.67499923706055,51.67499923706055,51.68000030517578,51.672000885009766,51.68000030517578,3056.0
2024-09-16 15:34:00+00:00,GOOD,16.1200008392334,16.1200008392334,16.1200008392334,16.110000610351562,16.110000610351562,453.0
2024-09-16 15:34:00+00:00,HST,17.475000381469727,17.475000381469727,17.479999542236328,17.469999313354492,17.469999313354492,10738.0
2024-09-16 15:34:00+00:00,ILPT,5.074999809265137,5.074999809265137,5.074999809265137,5.074999809265137,5.074999809265137,495.0
2024-09-16 15:34:00+00:00,LAMR,130.8000030517578,130.8000030517578,130.8000030517578,130.75,130.75,1355.0
2024-09-16 15:34:00+00:00,NMRK,14.954999923706055,14.954999923706055,14.960000038146973,14.954999923706055,14.954999923706055,3048.0
2024-09-16 15:34:00+00:00,NYMT,6.75,6.75,6.75,6.75,6.75,606.0
2024-09-16 15:34:00+00:00,OPEN,2.434999942779541,2.434999942779541,2.440000057220459,2.430000066757202,2.4300999641418457,289070.0
2024-09-16 15:34:00+00:00,OPI,2.2200000286102295,2.2200000286102295,2.2279999256134033,2.2200000286102295,2.2200000286102295,1736.0
2024-09-16 15:34:00+00:00,PECO,38.880001068115234,38.880001068115234,38.88999938964844,38.869998931884766,38.88999938964844,3082.0
2024-09-16 15:34:00+00:00,RDFN,14.005000114440918,14.005000114440918,14.045000076293945,13.975000381469727,14.045000076293945,68610.0
2024-09-16 15:34:00+00:00,REAX,5.820000171661377,5.820000171661377,5.820000171661377,5.820000171661377,5.820000171661377,302.0
2024-09-16 15:34:00+00:00,REFI,16.1200008392334,16.1200008392334,16.1200008392334,16.1200008392334,16.1200008392334,411.0
2024-09-16 15:34:00+00:00,REG,74.80000305175781,74.80000305175781,74.80000305175781,74.80000305175781,74.80000305175781,404.0
2024-09-16 15:34:00+00:00,ROIC,16.040000915527344,16.040000915527344,16.040000915527344,16.03499984741211,16.03499984741211,357.0
2024-09-16 15:34:00+00:00,SBAC,245.875,245.875,245.8800048828125,245.875,245.875,917.0
2024-09-16 15:34:00+00:00,SBRA,18.764999389648438,18.764999389648438,18.795000076293945,18.764999389648438,18.795000076293945,21703.0
2024-09-16 15:34:00+00:00,SELF,5.449999809265137,5.449999809265137,5.449999809265137,5.449999809265137,5.449999809265137,123.0
2024-09-16 15:34:00+00:00,SOHO,1.2391999959945679,1.2391999959945679,1.2391999959945679,1.2391999959945679,1.2391999959945679,406.0
2024-09-16 15:34:00+00:00,SVC,4.474999904632568,4.474999904632568,4.474999904632568,4.474999904632568,4.474999904632568,562.0
2024-09-16 15:34:00+00:00,UNIT,5.394999980926514,5.394999980926514,5.400000095367432,5.394000053405762,5.394999980926514,7308.0
2024-09-16 15:34:00+00:00,WHLR,7.920000076293945,7.920000076293945,7.960000038146973,7.78000020980835,7.780099868774414,46407.0
2024-09-16 15:35:00+00:00,AEI,1.1200000047683716,1.1200000047683716,1.1200000047683716,1.1200000047683716,1.1200000047683716,324.0
2024-09-16 15:35:00+00:00,AGNC,10.524999618530273,10.524999618530273,10.529999732971191,10.520000457763672,10.524999618530273,24127.0
2024-09-16 15:35:00+00:00,AGNCL,24.200000762939453,24.200000762939453,24.200000762939453,24.200000762939453,24.200000762939453,1020.0
2024-09-16 15:35:00+00:00,BPYPO,14.100000381469727,14.100000381469727,14.100000381469727,14.100000381469727,14.100000381469727,845.0
2024-09-16 15:35:00+00:00,CSGP,77.98999786376953,77.98999786376953,78.06999969482422,77.9800033569336,78.06500244140625,9620.0
2024-09-16 15:35:00+00:00,DUO,0.42309999465942383,0.42309999465942383,0.42320001125335693,0.42309999465942383,0.42320001125335693,8710.0
2024-09-16 15:35:00+00:00,EXPI,14.600000381469727,14.600000381469727,14.600000381469727,14.595000267028809,14.595000267028809,5987.0
2024-09-16 15:35:00+00:00,GLPI,51.665000915527344,51.665000915527344,51.67499923706055,51.665000915527344,51.67499923706055,1433.0
2024-09-16 15:35:00+00:00,GOOD,16.1200008392334,16.1200008392334,16.1200008392334,16.110000610351562,16.110000610351562,540.0
2024-09-16 15:35:00+00:00,HST,17.459999084472656,17.459999084472656,17.479999542236328,17.459999084472656,17.469999313354492,8834.0
2024-09-16 15:35:00+00:00,ILPT,5.070000171661377,5.070000171661377,5.070000171661377,5.070000171661377,5.070000171661377,1658.0
2024-09-16 15:35:00+00:00,LAMR,130.72999572753906,130.72999572753906,130.72999572753906,130.72999572753906,130.72999572753906,980.0
2024-09-16 15:35:00+00:00,LAND,14.579999923706055,14.579999923706055,14.579999923706055,14.579999923706055,14.579999923706055,315.0
2024-09-16 15:35:00+00:00,LSEA,12.619999885559082,12.619999885559082,12.630000114440918,12.619999885559082,12.630000114440918,989.0
2024-09-16 15:35:00+00:00,NYMT,6.739999771118164,6.739999771118164,6.744999885559082,6.739999771118164,6.744999885559082,8052.0
2024-09-16 15:35:00+00:00,NYMTN,22.524999618530273,22.524999618530273,22.524999618530273,22.468000411987305,22.468000411987305,1002.0
2024-09-16 15:35:00+00:00,OPEN,2.4040000438690186,2.4040000438690186,2.436300039291382,2.4000000953674316,2.434999942779541,439168.0
2024-09-16 15:35:00+00:00,OPI,2.2249999046325684,2.2249999046325684,2.2249999046325684,2.2200000286102295,2.2200000286102295,363.0
2024-09-16 15:35:00+00:00,PCH,45.35499954223633,45.35499954223633,45.35499954223633,45.35499954223633,45.35499954223633,373.0
2024-09-16 15:35:00+00:00,RDFN,13.918800354003906,13.918800354003906,14.020000457763672,13.90999984741211,14.005000114440918,43201.0
2024-09-16 15:35:00+00:00,REAX,5.820000171661377,5.820000171661377,5.820000171661377,5.820000171661377,5.820000171661377,2217.0
2024-09-16 15:35:00+00:00,REG,74.79499816894531,74.79499816894531,74.80000305175781,74.77999877929688,74.79000091552734,2674.0
2024-09-16 15:35:00+00:00,ROIC,16.024999618530273,16.024999618530273,16.03499984741211,16.024999618530273,16.03499984741211,2379.0
2024-09-16 15:35:00+00:00,SBAC,245.82000732421875,245.82000732421875,245.82000732421875,245.6999969482422,245.77999877929688,3694.0
2024-09-16 15:35:00+00:00,SBRA,18.760000228881836,18.760000228881836,18.764999389648438,18.760000228881836,18.764999389648438,5747.0
2024-09-16 15:35:00+00:00,SVC,4.46999979019165,4.46999979019165,4.46999979019165,4.46999979019165,4.46999979019165,2166.0
2024-09-16 15:35:00+00:00,UNIT,5.394999980926514,5.394999980926514,5.400000095367432,5.394999980926514,5.394999980926514,1826.0
2024-09-16 15:35:00+00:00,VINO,4.937300205230713,4.937300205230713,4.937300205230713,4.937300205230713,4.937300205230713,1200.0
2024-09-16 15:35:00+00:00,WHLR,7.989999771118164,7.989999771118164,8.018600463867188,7.820000171661377,7.920000076293945,31532.0
2024-09-16 15:36:00+00:00,AFCG,10.529999732971191,10.529999732971191,10.529999732971191,10.529999732971191,10.529999732971191,112.0
2024-09-16 15:36:00+00:00,AGNC,10.524999618530273,10.524999618530273,10.529899597167969,10.520000457763672,10.524999618530273,16199.0
2024-09-16 15:36:00+00:00,CIGI,147.40499877929688,147.40499877929688,147.40499877929688,147.40499877929688,147.40499877929688,482.0
2024-09-16 15:36:00+00:00,CSGP,77.9800033569336,77.9800033569336,78.0,77.9800033569336,77.98500061035156,7279.0
2024-09-16 15:36:00+00:00,DHC,3.569999933242798,3.569999933242798,3.5799999237060547,3.569999933242798,3.575000047683716,2054.0
2024-09-16 15:36:00+00:00,EXPI,14.5600004196167,14.5600004196167,14.569999694824219,14.539999961853027,14.569999694824219,14763.0
2024-09-16 15:36:00+00:00,GLPI,51.67499923706055,51.67499923706055,51.68000030517578,51.665000915527344,51.665000915527344,3548.0
2024-09-16 15:36:00+00:00,HST,17.454999923706055,17.454999923706055,17.459999084472656,17.454999923706055,17.459999084472656,4862.0
2024-09-16 15:36:00+00:00,ILPT,5.074999809265137,5.074999809265137,5.074999809265137,5.070000171661377,5.070000171661377,496.0
2024-09-16 15:36:00+00:00,LAMR,130.77000427246094,130.77000427246094,130.77999877929688,130.77000427246094,130.77999877929688,993.0
2024-09-16 15:36:00+00:00,NMRK,14.949999809265137,14.949999809265137,14.949999809265137,14.949999809265137,14.949999809265137,870.0
2024-09-16 15:36:00+00:00,NYMT,6.739999771118164,6.739999771118164,6.739999771118164,6.739999771118164,6.739999771118164,1416.0
2024-09-16 15:36:00+00:00,OPEN,2.4049999713897705,2.4049999713897705,2.4100000858306885,2.400099992752075,2.4019999504089355,56504.0
2024-09-16 15:36:00+00:00,OPI,2.2249999046325684,2.2249999046325684,2.2249999046325684,2.2249999046325684,2.2249999046325684,522.0
2024-09-16 15:36:00+00:00,PCH,45.349998474121094,45.349998474121094,45.36000061035156,45.349998474121094,45.36000061035156,1114.0
2024-09-16 15:36:00+00:00,PECO,38.869998931884766,38.869998931884766,38.875,38.869998931884766,38.869998931884766,936.0
2024-09-16 15:36:00+00:00,RDFN,13.859999656677246,13.859999656677246,13.929800033569336,13.859999656677246,13.915499687194824,48307.0
2024-09-16 15:36:00+00:00,REG,74.80500030517578,74.80500030517578,74.80500030517578,74.77999877929688,74.77999877929688,3194.0
2024-09-16 15:36:00+00:00,SBAC,246.0500030517578,246.0500030517578,246.0500030517578,245.82000732421875,245.82000732421875,4470.0
2024-09-16 15:36:00+00:00,SBRA,18.7549991607666,18.7549991607666,18.760000228881836,18.7549991607666,18.7549991607666,3179.0
2024-09-16 15:36:00+00:00,SVC,4.460000038146973,4.460000038146973,4.46999979019165,4.460000038146973,4.46999979019165,11392.0
2024-09-16 15:36:00+00:00,UNIT,5.400000095367432,5.400000095367432,5.400000095367432,5.394999980926514,5.394999980926514,5257.0
2024-09-16 15:36:00+00:00,VINO,4.980199813842773,4.980199813842773,4.9899001121521,4.980199813842773,4.9899001121521,789.0
2024-09-16 15:36:00+00:00,WHLR,8.049500465393066,8.049500465393066,8.130000114440918,7.910099983215332,8.0,75416.0
2024-09-16 15:37:00+00:00,AFCG,10.529999732971191,10.529999732971191,10.529999732971191,10.529999732971191,10.529999732971191,630.0
2024-09-16 15:37:00+00:00,AGNC,10.524999618530273,10.524999618530273,10.529999732971191,10.520000457763672,10.524999618530273,12990.0
2024-09-16 15:37:00+00:00,AGNCM,25.487300872802734,25.487300872802734,25.487300872802734,25.487300872802734,25.487300872802734,30542.0
2024-09-16 15:37:00+00:00,BPYPO,14.100000381469727,14.100000381469727,14.100000381469727,14.100000381469727,14.100000381469727,0.0
2024-09-16 15:37:00+00:00,CSGP,77.9749984741211,77.9749984741211,77.9800033569336,77.96499633789062,77.9800033569336,4187.0
2024-09-16 15:37:00+00:00,DHC,3.575000047683716,3.575000047683716,3.5799999237060547,3.575000047683716,3.575000047683716,2851.0
2024-09-16 15:37:00+00:00,EQIX,878.1099853515625,878.1099853515625,878.114990234375,878.1099853515625,878.114990234375,870.0
2024-09-16 15:37:00+00:00,EXPI,14.550000190734863,14.550000190734863,14.569999694824219,14.550000190734863,14.5600004196167,5519.0
2024-09-16 15:37:00+00:00,FTHM,2.9000000953674316,2.9000000953674316,2.9000000953674316,2.9000000953674316,2.9000000953674316,872.0
2024-09-16 15:37:00+00:00,GLPI,51.68009948730469,51.68009948730469,51.689998626708984,51.68000030517578,51.689998626708984,1663.0
2024-09-16 15:37:00+00:00,GOOD,16.125,16.125,16.125,16.125,16.125,232.0
2024-09-16 15:37:00+00:00,HST,17.454999923706055,17.454999923706055,17.459999084472656,17.450000762939453,17.450000762939453,17271.0
2024-09-16 15:37:00+00:00,ILPT,5.074999809265137,5.074999809265137,5.074999809265137,5.074999809265137,5.074999809265137,283.0
2024-09-16 15:37:00+00:00,LAMR,130.73500061035156,130.73500061035156,130.74000549316406,130.73500061035156,130.74000549316406,758.0
2024-09-16 15:37:00+00:00,LANDO,22.32349967956543,22.32349967956543,22.32349967956543,22.32349967956543,22.32349967956543,885.0
2024-09-16 15:37:00+00:00,NMRK,14.9350004196167,14.9350004196167,14.954999923706055,14.9350004196167,14.954999923706055,19802.0
2024-09-16 15:37:00+00:00,NYMTM,24.400100708007812,24.400100708007812,24.40999984741211,24.400100708007812,24.40999984741211,3562.0
2024-09-16 15:37:00+00:00,OPEN,2.3949999809265137,2.3949999809265137,2.409899950027466,2.3949999809265137,2.4058001041412354,216931.0
2024-09-16 15:37:00+00:00,PCH,45.36000061035156,45.36000061035156,45.36000061035156,45.349998474121094,45.349998474121094,4516.0
2024-09-16 15:37:00+00:00,PECO,38.86000061035156,38.86000061035156,38.869998931884766,38.86000061035156,38.8650016784668,1331.0
2024-09-16 15:37:00+00:00,RDFN,13.845000267028809,13.845000267028809,13.869999885559082,13.84000015258789,13.853699684143066,16871.0
2024-09-16 15:37:00+00:00,REAX,5.809999942779541,5.809999942779541,5.809999942779541,5.809999942779541,5.809999942779541,2592.0
2024-09-16 15:37:00+00:00,REG,74.7699966430664,74.7699966430664,74.77999877929688,74.7699966430664,74.77999877929688,1794.0
2024-09-16 15:37:00+00:00,ROIC,16.0049991607666,16.0049991607666,16.020000457763672,16.0049991607666,16.020000457763672,1638.0
2024-09-16 15:37:00+00:00,SBAC,245.9949951171875,245.9949951171875,246.10000610351562,245.9949951171875,246.0500030517578,1354.0
2024-09-16 15:37:00+00:00,SBRA,18.7549991607666,18.7549991607666,18.7549991607666,18.7450008392334,18.7549991607666,9907.0
2024-09-16 15:37:00+00:00,SVC,4.460000038146973,4.460000038146973,4.460000038146973,4.460000038146973,4.460000038146973,656.0
2024-09-16 15:37:00+00:00,UK,1.4199999570846558,1.4199999570846558,1.4199999570846558,1.4199999570846558,1.4199999570846558,606.0
2024-09-16 15:37:00+00:00,UNIT,5.400000095367432,5.400000095367432,5.400000095367432,5.394999980926514,5.400000095367432,5184.0
2024-09-16 15:37:00+00:00,WHLR,7.914000034332275,7.914000034332275,8.079999923706055,7.909999847412109,8.050000190734863,37204.0
2024-09-16 15:38:00+00:00,AEI,1.0815000534057617,1.0815000534057617,1.1200000047683716,1.0815000534057617,1.1200000047683716,1662.0
2024-09-16 15:38:00+00:00,AGNC,10.524999618530273,10.524999618530273,10.529999732971191,10.520000457763672,10.520000457763672,22222.0
2024-09-16 15:38:00+00:00,AGNCN,25.985200881958008,25.985200881958008,25.989999771118164,25.985200881958008,25.989999771118164,739.0
2024-09-16 15:38:00+00:00,AGNCP,24.600000381469727,24.600000381469727,24.600000381469727,24.600000381469727,24.600000381469727,34922.0
2024-09-16 15:38:00+00:00,BPYPO,14.100000381469727,14.100000381469727,14.100000381469727,14.100000381469727,14.100000381469727,295.0
2024-09-16 15:38:00+00:00,CSGP,77.94000244140625,77.94000244140625,77.98500061035156,77.91999816894531,77.9800033569336,16664.0
2024-09-16 15:38:00+00:00,DHC,3.559999942779541,3.559999942779541,3.569999933242798,3.559999942779541,3.569999933242798,15662.0
2024-09-16 15:38:00+00:00,EQIX,877.8400268554688,877.8400268554688,877.989990234375,877.2150268554688,877.989990234375,2307.0
2024-09-16 15:38:00+00:00,EXPI,14.5649995803833,14.5649995803833,14.5649995803833,14.5600004196167,14.5600004196167,867.0
2024-09-16 15:38:00+00:00,GLPI,51.67499923706055,51.67499923706055,51.685001373291016,51.67499923706055,51.685001373291016,3712.0
2024-09-16 15:38:00+00:00,GOOD,16.125,16.125,16.125,16.125,16.125,502.0
2024-09-16 15:38:00+00:00,HST,17.46500015258789,17.46500015258789,17.46500015258789,17.450000762939453,17.450000762939453,11473.0
2024-09-16 15:38:00+00:00,LAMR,130.72000122070312,130.72000122070312,130.72000122070312,130.72000122070312,130.72000122070312,712.0
2024-09-16 15:38:00+00:00,LAND,14.579999923706055,14.579999923706055,14.579999923706055,14.569999694824219,14.569999694824219,1060.0
2024-09-16 15:38:00+00:00,LSEA,12.630000114440918,12.630000114440918,12.630000114440918,12.630000114440918,12.630000114440918,510.0
2024-09-16 15:38:00+00:00,NMRK,14.9399995803833,14.9399995803833,14.9399995803833,14.9350004196167,14.9399995803833,3645.0
2024-09-16 15:38:00+00:00,NYMT,6.75,6.75,6.75,6.744999885559082,6.75,2222.0
2024-09-16 15:38:00+00:00,OPEN,2.3949999809265137,2.3949999809265137,2.4000000953674316,2.390000104904175,2.3963000774383545,57579.0
2024-09-16 15:38:00+00:00,OPI,2.2249999046325684,2.2249999046325684,2.2249999046325684,2.2249999046325684,2.2249999046325684,376.0
2024-09-16 15:38:00+00:00,PCH,45.38999938964844,45.38999938964844,45.38999938964844,45.380001068115234,45.380001068115234,2011.0
2024-09-16 15:38:00+00:00,PECO,38.85499954223633,38.85499954223633,38.869998931884766,38.85499954223633,38.869998931884766,879.0
2024-09-16 15:38:00+00:00,RDFN,13.819999694824219,13.819999694824219,13.845000267028809,13.8100004196167,13.84000015258789,22999.0
2024-09-16 15:38:00+00:00,REAX,5.810100078582764,5.810100078582764,5.810100078582764,5.810100078582764,5.810100078582764,287.0
2024-09-16 15:38:00+00:00,REG,74.80000305175781,74.80000305175781,74.80000305175781,74.80000305175781,74.80000305175781,1737.0
2024-09-16 15:38:00+00:00,ROIC,15.994999885559082,15.994999885559082,16.010000228881836,15.994999885559082,16.0,7104.0
2024-09-16 15:38:00+00:00,SBAC,245.9550018310547,245.9550018310547,245.9949951171875,245.91000366210938,245.9949951171875,2507.0
2024-09-16 15:38:00+00:00,SBRA,18.764999389648438,18.764999389648438,18.764999389648438,18.7549991607666,18.7549991607666,9835.0
2024-09-16 15:38:00+00:00,SVC,4.460000038146973,4.460000038146973,4.460000038146973,4.460000038146973,4.460000038146973,1705.0
2024-09-16 15:38:00+00:00,UNIT,5.394999980926514,5.394999980926514,5.400000095367432,5.394999980926514,5.400000095367432,1948.0
2024-09-16 15:38:00+00:00,WHLR,7.840000152587891,7.840000152587891,7.949900150299072,7.769999980926514,7.910999774932861,18651.0
2024-09-16 15:39:00+00:00,AFCG,10.510000228881836,10.510000228881836,10.529999732971191,10.510000228881836,10.520000457763672,8086.0
2024-09-16 15:39:00+00:00,AGNC,10.524999618530273,10.524999618530273,10.526800155639648,10.520000457763672,10.524999618530273,14111.0
2024-09-16 15:39:00+00:00,CSGP,78.05000305175781,78.05000305175781,78.07980346679688,77.94999694824219,77.94999694824219,10163.0
2024-09-16 15:39:00+00:00,DHC,3.565000057220459,3.565000057220459,3.569999933242798,3.559999942779541,3.559999942779541,3403.0
2024-09-16 15:39:00+00:00,EXPI,14.600000381469727,14.600000381469727,14.600000381469727,14.569999694824219,14.569999694824219,1440.0
2024-09-16 15:39:00+00:00,GOOD,16.139999389648438,16.139999389648438,16.139999389648438,16.1299991607666,16.1299991607666,1199.0
2024-09-16 15:39:00+00:00,HST,17.46500015258789,17.46500015258789,17.46500015258789,17.46500015258789,17.46500015258789,6765.0
2024-09-16 15:39:00+00:00,ILPT,5.074999809265137,5.074999809265137,5.074999809265137,5.074999809265137,5.074999809265137,118.0
2024-09-16 15:39:00+00:00,LAMR,130.7899932861328,130.7899932861328,130.8300018310547,130.73440551757812,130.73440551757812,2004.0
2024-09-16 15:39:00+00:00,LAND,14.59000015258789,14.59000015258789,14.59000015258789,14.59000015258789,14.59000015258789,123.0
2024-09-16 15:39:00+00:00,LSEA,12.640000343322754,12.640000343322754,12.640000343322754,12.640000343322754,12.640000343322754,227.0
2024-09-16 15:39:00+00:00,NMRK,14.96500015258789,14.96500015258789,14.96500015258789,14.949999809265137,14.949999809265137,4698.0
2024-09-16 15:39:00+00:00,NYMT,6.75,6.75,6.75,6.744999885559082,6.744999885559082,1759.0
2024-09-16 15:39:00+00:00,NYMTM,24.40049934387207,24.40049934387207,24.40049934387207,24.40049934387207,24.40049934387207,1900.0
2024-09-16 15:39:00+00:00,OPEN,2.396199941635132,2.396199941635132,2.4000000953674316,2.390000104904175,2.3949999809265137,195469.0
2024-09-16 15:39:00+00:00,OPI,2.2249999046325684,2.2249999046325684,2.2249999046325684,2.2249999046325684,2.2249999046325684,803.0
2024-09-16 15:39:00+00:00,PCH,45.38999938964844,45.38999938964844,45.38999938964844,45.38999938964844,45.38999938964844,223.0
2024-09-16 15:39:00+00:00,PECO,38.8650016784668,38.8650016784668,38.8650016784668,38.8650016784668,38.8650016784668,450.0
2024-09-16 15:39:00+00:00,RDFN,13.833800315856934,13.833800315856934,13.854999542236328,13.829999923706055,13.829999923706055,8826.0
2024-09-16 15:39:00+00:00,REAX,5.820000171661377,5.820000171661377,5.820000171661377,5.820000171661377,5.820000171661377,1604.0
2024-09-16 15:39:00+00:00,REFI,16.110000610351562,16.110000610351562,16.110000610351562,16.110000610351562,16.110000610351562,111.0
2024-09-16 15:39:00+00:00,REG,74.80000305175781,74.80000305175781,74.81500244140625,74.80000305175781,74.81500244140625,1996.0
2024-09-16 15:39:00+00:00,ROIC,15.989999771118164,15.989999771118164,15.994999885559082,15.989999771118164,15.994999885559082,1001.0
2024-09-16 15:39:00+00:00,SBAC,245.9499969482422,245.9499969482422,246.02999877929688,245.9499969482422,245.9550018310547,2581.0
2024-09-16 15:39:00+00:00,SBRA,18.790000915527344,18.790000915527344,18.790000915527344,18.770000457763672,18.770000457763672,7591.0
2024-09-16 15:39:00+00:00,SVC,4.460000038146973,4.460000038146973,4.460000038146973,4.460000038146973,4.460000038146973,818.0
2024-09-16 15:39:00+00:00,UNIT,5.394999980926514,5.394999980926514,5.400000095367432,5.394999980926514,5.394999980926514,8640.0
2024-09-16 15:39:00+00:00,WHLR,7.7596001625061035,7.7596001625061035,7.840000152587891,7.690000057220459,7.820000171661377,23983.0
2024-09-16 15:40:00+00:00,AFCG,10.5,10.5,10.510000228881836,10.5,10.510000228881836,0.0
2024-09-16 15:40:00+00:00,AGNC,10.529999732971191,10.529999732971191,10.529999732971191,10.520000457763672,10.524999618530273,285469.0
2024-09-16 15:40:00+00:00,CSGP,78.08999633789062,78.08999633789062,78.0999984741211,78.04000091552734,78.04000091552734,6363.0
2024-09-16 15:40:00+00:00,DHC,3.565000057220459,3.565000057220459,3.569999933242798,3.565000057220459,3.565000057220459,2418.0
2024-09-16 15:40:00+00:00,EQIX,877.2750244140625,877.2750244140625,877.2750244140625,877.02001953125,877.02001953125,1245.0
2024-09-16 15:40:00+00:00,EXPI,14.609999656677246,14.609999656677246,14.614999771118164,14.609999656677246,14.609999656677246,2745.0
2024-09-16 15:40:00+00:00,GLPI,51.689998626708984,51.689998626708984,51.69499969482422,51.689998626708984,51.69499969482422,2262.0
2024-09-16 15:40:00+00:00,HST,17.459999084472656,17.459999084472656,17.46500015258789,17.459999084472656,17.46500015258789,9542.0
2024-09-16 15:40:00+00:00,LAMR,130.82249450683594,130.82249450683594,130.85000610351562,130.80999755859375,130.80999755859375,1353.0
2024-09-16 15:40:00+00:00,LAND,14.59000015258789,14.59000015258789,14.59000015258789,14.59000015258789,14.59000015258789,263.0
2024-09-16 15:40:00+00:00,NYMT,6.744999885559082,6.744999885559082,6.744999885559082,6.744999885559082,6.744999885559082,658.0
2024-09-16 15:40:00+00:00,NYMTN,22.510000228881836,22.510000228881836,22.549999237060547,22.5,22.510000228881836,2131.0
2024-09-16 15:40:00+00:00,OPEN,2.3949999809265137,2.3949999809265137,2.406399965286255,2.3901000022888184,2.3949999809265137,231094.0
2024-09-16 15:40:00+00:00,OPI,2.2200000286102295,2.2200000286102295,2.2249999046325684,2.2200000286102295,2.2249999046325684,3277.0
2024-09-16 15:40:00+00:00,PCH,45.369998931884766,45.369998931884766,45.38999938964844,45.369998931884766,45.38999938964844,1127.0
2024-09-16 15:40:00+00:00,PECO,38.85499954223633,38.85499954223633,38.869998931884766,38.85499954223633,38.869998931884766,1427.0
2024-09-16 15:40:00+00:00,RDFN,13.8149995803833,13.8149995803833,13.850000381469727,13.8149995803833,13.829999923706055,13044.0
2024-09-16 15:40:00+00:00,REAX,5.824999809265137,5.824999809265137,5.824999809265137,5.824999809265137,5.824999809265137,461.0
2024-09-16 15:40:00+00:00,RMR,25.239999771118164,25.239999771118164,25.239999771118164,25.235000610351562,25.235000610351562,1240.0
2024-09-16 15:40:00+00:00,ROIC,15.989999771118164,15.989999771118164,15.994999885559082,15.989999771118164,15.994999885559082,2498.0
2024-09-16 15:40:00+00:00,SBAC,245.7899932861328,245.7899932861328,245.9499969482422,245.7899932861328,245.9499969482422,2470.0
2024-09-16 15:40:00+00:00,SBRA,18.78499984741211,18.78499984741211,18.795000076293945,18.78499984741211,18.790000915527344,15326.0
2024-09-16 15:40:00+00:00,SOHOB,18.184900283813477,18.184900283813477,18.184900283813477,18.184900283813477,18.184900283813477,294.0
2024-09-16 15:40:00+00:00,SVC,4.460000038146973,4.460000038146973,4.465000152587891,4.460000038146973,4.465000152587891,3324.0
2024-09-16 15:40:00+00:00,UNIT,5.394999980926514,5.394999980926514,5.400000095367432,5.394999980926514,5.394999980926514,3465.0
2024-09-16 15:40:00+00:00,WHLR,7.690000057220459,7.690000057220459,7.75,7.675000190734863,7.710000038146973,10885.0
2024-09-16 15:40:00+00:00,WHLRP,2.240000009536743,2.240000009536743,2.25,2.240000009536743,2.25,707.0
2024-09-16 15:41:00+00:00,AFCG,10.510000228881836,10.510000228881836,10.510000228881836,10.510000228881836,10.510000228881836,421.0
2024-09-16 15:41:00+00:00,AGNC,10.524999618530273,10.524999618530273,10.527000427246094,10.520000457763672,10.524999618530273,128095.0
2024-09-16 15:41:00+00:00,CHCI,8.649999618530273,8.649999618530273,8.649999618530273,8.649999618530273,8.649999618530273,364.0
2024-09-16 15:41:00+00:00,CIGI,147.60000610351562,147.60000610351562,147.60000610351562,147.60000610351562,147.60000610351562,357.0
2024-09-16 15:41:00+00:00,CSGP,78.08999633789062,78.08999633789062,78.11000061035156,78.08000183105469,78.08999633789062,8750.0
2024-09-16 15:41:00+00:00,DHC,3.559999942779541,3.559999942779541,3.559999942779541,3.559999942779541,3.559999942779541,1578.0
2024-09-16 15:41:00+00:00,EQIX,877.2050170898438,877.2050170898438,877.2050170898438,877.2050170898438,877.2050170898438,111.0
2024-09-16 15:41:00+00:00,EXPI,14.59000015258789,14.59000015258789,14.604999542236328,14.59000015258789,14.604999542236328,1195.0
2024-09-16 15:41:00+00:00,GLPI,51.68000030517578,51.68000030517578,51.69499969482422,51.68000030517578,51.69499969482422,3442.0
2024-09-16 15:41:00+00:00,GOOD,16.139999389648438,16.139999389648438,16.139999389648438,16.139999389648438,16.139999389648438,448.0
2024-09-16 15:41:00+00:00,HST,17.475000381469727,17.475000381469727,17.479999542236328,17.459999084472656,17.469999313354492,23029.0
2024-09-16 15:41:00+00:00,ILPT,5.074999809265137,5.074999809265137,5.074999809265137,5.074999809265137,5.074999809265137,377.0
2024-09-16 15:41:00+00:00,LAMR,130.85000610351562,130.85000610351562,130.85000610351562,130.85000610351562,130.85000610351562,676.0
2024-09-16 15:41:00+00:00,LAND,14.59000015258789,14.59000015258789,14.59000015258789,14.59000015258789,14.59000015258789,112.0
2024-09-16 15:41:00+00:00,LSEA,12.645000457763672,12.645000457763672,12.645000457763672,12.645000457763672,12.645000457763672,1084.0
2024-09-16 15:41:00+00:00,NMRK,14.960000038146973,14.960000038146973,14.960000038146973,14.960000038146973,14.960000038146973,1245.0
2024-09-16 15:41:00+00:00,NYMT,6.755000114440918,6.755000114440918,6.755000114440918,6.744999885559082,6.75,6295.0
2024-09-16 15:41:00+00:00,NYMTM,24.40999984741211,24.40999984741211,24.40999984741211,24.40999984741211,24.40999984741211,0.0
2024-09-16 15:41:00+00:00,OPEN,2.39739990234375,2.39739990234375,2.4000000953674316,2.392400026321411,2.3963000774383545,104110.0
2024-09-16 15:41:00+00:00,OPI,2.2200000286102295,2.2200000286102295,2.2200000286102295,2.2200000286102295,2.2200000286102295,309.0
2024-09-16 15:41:00+00:00,PCH,45.41999816894531,45.41999816894531,45.41999816894531,45.380001068115234,45.380001068115234,4857.0
2024-09-16 15:41:00+00:00,PECO,38.86000061035156,38.86000061035156,38.86000061035156,38.86000061035156,38.86000061035156,575.0
2024-09-16 15:41:00+00:00,RDFN,13.8100004196167,13.8100004196167,13.824999809265137,13.809700012207031,13.819999694824219,13597.0
2024-09-16 15:41:00+00:00,REAX,5.824999809265137,5.824999809265137,5.835000038146973,5.824999809265137,5.829999923706055,4818.0
2024-09-16 15:41:00+00:00,REFI,16.104999542236328,16.104999542236328,16.104999542236328,16.104999542236328,16.104999542236328,1216.0
2024-09-16 15:41:00+00:00,REG,74.78500366210938,74.78500366210938,74.79000091552734,74.76000213623047,74.76000213623047,2778.0
2024-09-16 15:41:00+00:00,ROIC,15.979999542236328,15.979999542236328,15.979999542236328,15.979999542236328,15.979999542236328,1420.0
2024-09-16 15:41:00+00:00,SBAC,246.00999450683594,246.00999450683594,246.00999450683594,245.7949981689453,245.7949981689453,2270.0
2024-09-16 15:41:00+00:00,SBRA,18.78499984741211,18.78499984741211,18.795000076293945,18.78499984741211,18.78499984741211,14123.0
2024-09-16 15:41:00+00:00,SOHOB,18.100000381469727,18.100000381469727,18.100000381469727,18.100000381469727,18.100000381469727,394.0
2024-09-16 15:41:00+00:00,SVC,4.465000152587891,4.465000152587891,4.465000152587891,4.465000152587891,4.465000152587891,2632.0
2024-09-16 15:41:00+00:00,UNIT,5.394999980926514,5.394999980926514,5.400000095367432,5.394999980926514,5.394999980926514,3081.0
2024-09-16 15:41:00+00:00,WHLR,7.750999927520752,7.750999927520752,7.772500038146973,7.690000057220459,7.690000057220459,8732.0
2024-09-16 15:42:00+00:00,AFCG,10.5,10.5,10.500800132751465,10.489999771118164,10.5,6168.0
2024-09-16 15:42:00+00:00,AGNC,10.528200149536133,10.528200149536133,10.529999732971191,10.520000457763672,10.524999618530273,14006.0
2024-09-16 15:42:00+00:00,ASPS,1.159999966621399,1.159999966621399,1.159999966621399,1.159999966621399,1.159999966621399,0.0
2024-09-16 15:42:00+00:00,BPYPN,12.75,12.75,12.75,12.75,12.75,120.0
2024-09-16 15:42:00+00:00,CIGI,147.63999938964844,147.63999938964844,147.63999938964844,147.6199951171875,147.6199951171875,550.0
2024-09-16 15:42:00+00:00,CSGP,78.05999755859375,78.05999755859375,78.1050033569336,78.05999755859375,78.08999633789062,21539.0
2024-09-16 15:42:00+00:00,DHC,3.569999933242798,3.569999933242798,3.569999933242798,3.569999933242798,3.569999933242798,1812.0
2024-09-16 15:42:00+00:00,EQIX,877.0999755859375,877.0999755859375,877.0999755859375,877.0999755859375,877.0999755859375,830.0
2024-09-16 15:42:00+00:00,EXPI,14.569999694824219,14.569999694824219,14.59000015258789,14.569999694824219,14.579999923706055,2651.0
2024-09-16 15:42:00+00:00,GOOD,16.139999389648438,16.139999389648438,16.139999389648438,16.139999389648438,16.139999389648438,387.0
2024-09-16 15:42:00+00:00,HST,17.475000381469727,17.475000381469727,17.479999542236328,17.475000381469727,17.475000381469727,7547.0
2024-09-16 15:42:00+00:00,ILPT,5.070000171661377,5.070000171661377,5.070000171661377,5.070000171661377,5.070000171661377,1397.0
2024-09-16 15:42:00+00:00,LAMR,130.8350067138672,130.8350067138672,130.8800048828125,130.8350067138672,130.8350067138672,1633.0
2024-09-16 15:42:00+00:00,LAND,14.59000015258789,14.59000015258789,14.59000015258789,14.59000015258789,14.59000015258789,131.0
2024-09-16 15:42:00+00:00,NMRK,14.960000038146973,14.960000038146973,14.960000038146973,14.960000038146973,14.960000038146973,1496.0
2024-09-16 15:42:00+00:00,NYMT,6.760000228881836,6.760000228881836,6.760000228881836,6.75,6.750999927520752,2986.0
2024-09-16 15:42:00+00:00,OPEN,2.3949999809265137,2.3949999809265137,2.4000000953674316,2.390000104904175,2.3949999809265137,45392.0
2024-09-16 15:42:00+00:00,OPI,2.2249999046325684,2.2249999046325684,2.2291998863220215,2.2249999046325684,2.2291998863220215,1378.0
2024-09-16 15:42:00+00:00,PCH,45.380001068115234,45.380001068115234,45.43000030517578,45.380001068115234,45.41999816894531,3700.0
2024-09-16 15:42:00+00:00,RDFN,13.805800437927246,13.805800437927246,13.835000038146973,13.805000305175781,13.8149995803833,19762.0
2024-09-16 15:42:00+00:00,REAX,5.809999942779541,5.809999942779541,5.822000026702881,5.809999942779541,5.822000026702881,9123.0
2024-09-16 15:42:00+00:00,REFI,16.100000381469727,16.100000381469727,16.100000381469727,16.100000381469727,16.100000381469727,226.0
2024-09-16 15:42:00+00:00,REG,74.78500366210938,74.78500366210938,74.79000091552734,74.77999877929688,74.78500366210938,4222.0
2024-09-16 15:42:00+00:00,SBAC,245.91000366210938,245.91000366210938,245.97999572753906,245.88999938964844,245.92999267578125,4459.0
2024-09-16 15:42:00+00:00,SBRA,18.790000915527344,18.790000915527344,18.790000915527344,18.780099868774414,18.78499984741211,4131.0
2024-09-16 15:42:00+00:00,SELF,5.440000057220459,5.440000057220459,5.449999809265137,5.440000057220459,5.449999809265137,2500.0
2024-09-16 15:42:00+00:00,SOHOB,18.229999542236328,18.229999542236328,18.229999542236328,18.229999542236328,18.229999542236328,229.0
2024-09-16 15:42:00+00:00,SVC,4.465000152587891,4.465000152587891,4.465000152587891,4.460000038146973,4.465000152587891,1994.0
2024-09-16 15:42:00+00:00,UNIT,5.394999980926514,5.394999980926514,5.400000095367432,5.394999980926514,5.394999980926514,9114.0
2024-09-16 15:42:00+00:00,WHLR,7.800000190734863,7.800000190734863,7.800000190734863,7.775000095367432,7.775000095367432,4438.0
2024-09-16 15:43:00+00:00,AFCG,10.5,10.5,10.5,10.5,10.5,61.0
2024-09-16 15:43:00+00:00,AGNC,10.529999732971191,10.529999732971191,10.529999732971191,10.520000457763672,10.524999618530273,47319.0
2024-09-16 15:43:00+00:00,CSGP,77.97000122070312,77.97000122070312,78.05999755859375,77.97000122070312,78.04499816894531,15886.0
2024-09-16 15:43:00+00:00,DHC,3.559999942779541,3.559999942779541,3.569999933242798,3.559999942779541,3.565000057220459,2689.0
2024-09-16 15:43:00+00:00,EXPI,14.539999961853027,14.539999961853027,14.553999900817871,14.539999961853027,14.550000190734863,1555.0
2024-09-16 15:43:00+00:00,FSV,180.52999877929688,180.52999877929688,180.52999877929688,180.52999877929688,180.52999877929688,1870.0
2024-09-16 15:43:00+00:00,GLPI,51.68000030517578,51.68000030517578,51.685001373291016,51.66999816894531,51.685001373291016,4778.0
2024-09-16 15:43:00+00:00,HST,17.475000381469727,17.475000381469727,17.479999542236328,17.469999313354492,17.479999542236328,11752.0
2024-09-16 15:43:00+00:00,ILPT,5.074999809265137,5.074999809265137,5.074999809265137,5.074999809265137,5.074999809265137,666.0
2024-09-16 15:43:00+00:00,LAMR,130.89999389648438,130.89999389648438,130.89999389648438,130.89999389648438,130.89999389648438,219.0
2024-09-16 15:43:00+00:00,NMRK,14.954999923706055,14.954999923706055,14.960000038146973,14.949999809265137,14.960000038146973,6011.0
2024-09-16 15:43:00+00:00,NYMT,6.755000114440918,6.755000114440918,6.760000228881836,6.755000114440918,6.755000114440918,2358.0
2024-09-16 15:43:00+00:00,OPEN,2.4000000953674316,2.4000000953674316,2.4000000953674316,2.390000104904175,2.390000104904175,22977.0
2024-09-16 15:43:00+00:00,OPI,2.2249999046325684,2.2249999046325684,2.2249999046325684,2.224600076675415,2.224600076675415,510.0
2024-09-16 15:43:00+00:00,PCH,45.38999938964844,45.38999938964844,45.400001525878906,45.38999938964844,45.38999938964844,1981.0
2024-09-16 15:43:00+00:00,PECO,38.849998474121094,38.849998474121094,38.86000061035156,38.849998474121094,38.85499954223633,2722.0
2024-09-16 15:43:00+00:00,RDFN,13.78499984741211,13.78499984741211,13.809700012207031,13.774999618530273,13.807499885559082,24434.0
2024-09-16 15:43:00+00:00,REAX,5.835000038146973,5.835000038146973,5.835000038146973,5.824999809265137,5.824999809265137,721.0
2024-09-16 15:43:00+00:00,REG,74.79000091552734,74.79000091552734,74.79000091552734,74.77999877929688,74.77999877929688,1254.0
2024-09-16 15:43:00+00:00,ROIC,15.975000381469727,15.975000381469727,15.984999656677246,15.975000381469727,15.984999656677246,1205.0
2024-09-16 15:43:00+00:00,SBAC,245.94000244140625,245.94000244140625,245.9499969482422,245.8800048828125,245.9149932861328,1702.0
2024-09-16 15:43:00+00:00,SBRA,18.795000076293945,18.795000076293945,18.799999237060547,18.784900665283203,18.78499984741211,6889.0
2024-09-16 15:43:00+00:00,SEVN,13.875,13.875,13.890000343322754,13.875,13.890000343322754,311.0
2024-09-16 15:43:00+00:00,SVC,4.460000038146973,4.460000038146973,4.46999979019165,4.460000038146973,4.460000038146973,7678.0
2024-09-16 15:43:00+00:00,UNIT,5.385000228881836,5.385000228881836,5.400000095367432,5.380000114440918,5.394999980926514,30578.0
2024-09-16 15:43:00+00:00,WHLR,7.600100040435791,7.600100040435791,7.800000190734863,7.599999904632568,7.800000190734863,13891.0
2024-09-16 15:44:00+00:00,AGNC,10.520000457763672,10.520000457763672,10.529999732971191,10.520000457763672,10.524999618530273,16391.0
2024-09-16 15:44:00+00:00,ASPS,1.159999966621399,1.159999966621399,1.159999966621399,1.159999966621399,1.159999966621399,381.0
2024-09-16 15:44:00+00:00,CIGI,147.6699981689453,147.6699981689453,147.6699981689453,147.6699981689453,147.6699981689453,292.0
2024-09-16 15:44:00+00:00,CSGP,78.03500366210938,78.03500366210938,78.04000091552734,77.97000122070312,77.97000122070312,7600.0
2024-09-16 15:44:00+00:00,EXPI,14.539999961853027,14.539999961853027,14.545000076293945,14.539999961853027,14.539999961853027,2317.0
2024-09-16 15:44:00+00:00,GOOD,16.1299991607666,16.1299991607666,16.139999389648438,16.1299991607666,16.139999389648438,2637.0
2024-09-16 15:44:00+00:00,HST,17.469999313354492,17.469999313354492,17.479999542236328,17.469999313354492,17.475000381469727,7376.0
2024-09-16 15:44:00+00:00,LAMR,130.89999389648438,130.89999389648438,130.89999389648438,130.85499572753906,130.85499572753906,2204.0
2024-09-16 15:44:00+00:00,LAND,14.579999923706055,14.579999923706055,14.585000038146973,14.579999923706055,14.585000038146973,907.0
2024-09-16 15:44:00+00:00,LSEA,12.649999618530273,12.649999618530273,12.649999618530273,12.649999618530273,12.649999618530273,754.0
2024-09-16 15:44:00+00:00,NMRK,14.944999694824219,14.944999694824219,14.949999809265137,14.9399995803833,14.949999809265137,6768.0
2024-09-16 15:44:00+00:00,NYMT,6.760000228881836,6.760000228881836,6.760000228881836,6.755000114440918,6.755000114440918,1843.0
2024-09-16 15:44:00+00:00,OPEN,2.390000104904175,2.390000104904175,2.4000000953674316,2.380000114440918,2.3949999809265137,265664.0
2024-09-16 15:44:00+00:00,OPI,2.2200000286102295,2.2200000286102295,2.2200000286102295,2.2200000286102295,2.2200000286102295,389.0
2024-09-16 15:44:00+00:00,PCH,45.404998779296875,45.404998779296875,45.404998779296875,45.375,45.375,3814.0
2024-09-16 15:44:00+00:00,PECO,38.845001220703125,38.845001220703125,38.845001220703125,38.845001220703125,38.845001220703125,471.0
2024-09-16 15:44:00+00:00,RDFN,13.8100004196167,13.8100004196167,13.829999923706055,13.78499984741211,13.789999961853027,41493.0
2024-09-16 15:44:00+00:00,REAX,5.840000152587891,5.840000152587891,5.840000152587891,5.835000038146973,5.835000038146973,1956.0
2024-09-16 15:44:00+00:00,REFI,16.110000610351562,16.110000610351562,16.110000610351562,16.110000610351562,16.110000610351562,152.0
2024-09-16 15:44:00+00:00,REG,74.75,74.75,74.79000091552734,74.74500274658203,74.79000091552734,4629.0
2024-09-16 15:44:00+00:00,RMR,25.21500015258789,25.21500015258789,25.225000381469727,25.21500015258789,25.225000381469727,206.0
2024-09-16 15:44:00+00:00,ROIC,15.975000381469727,15.975000381469727,15.975000381469727,15.975000381469727,15.975000381469727,435.0
2024-09-16 15:44:00+00:00,SBAC,245.9499969482422,245.9499969482422,246.02999877929688,245.92999267578125,246.02999877929688,1174.0
2024-09-16 15:44:00+00:00,SBRA,18.795000076293945,18.795000076293945,18.795000076293945,18.790000915527344,18.795000076293945,15444.0
2024-09-16 15:44:00+00:00,SOHO,1.2350000143051147,1.2350000143051147,1.2350000143051147,1.2350000143051147,1.2350000143051147,138.0
2024-09-16 15:44:00+00:00,SQFT,0.7202000021934509,0.7202000021934509,0.7202000021934509,0.7202000021934509,0.7202000021934509,270.0
2024-09-16 15:44:00+00:00,SVC,4.460000038146973,4.460000038146973,4.465000152587891,4.460000038146973,4.460000038146973,2520.0
2024-09-16 15:44:00+00:00,UNIT,5.385000228881836,5.385000228881836,5.385000228881836,5.380000114440918,5.385000228881836,4336.0
2024-09-16 15:44:00+00:00,WHLR,7.730000019073486,7.730000019073486,7.730000019073486,7.519999980926514,7.619999885559082,24067.0
2024-09-16 15:45:00+00:00,AFCG,10.489999771118164,10.489999771118164,10.489999771118164,10.489999771118164,10.489999771118164,153.0
2024-09-16 15:45:00+00:00,AGNC,10.524999618530273,10.524999618530273,10.529999732971191,10.520000457763672,10.524999618530273,58267.0
2024-09-16 15:45:00+00:00,AGNCL,24.209999084472656,24.209999084472656,24.209999084472656,24.209999084472656,24.209999084472656,528.0
2024-09-16 15:45:00+00:00,AGNCO,25.2450008392334,25.2450008392334,25.2450008392334,25.2450008392334,25.2450008392334,200.0
2024-09-16 15:45:00+00:00,AGNCP,24.600099563598633,24.600099563598633,24.610000610351562,24.600000381469727,24.610000610351562,4334.0
2024-09-16 15:45:00+00:00,CIGI,147.8000030517578,147.8000030517578,147.8000030517578,147.69000244140625,147.69000244140625,1157.0
2024-09-16 15:45:00+00:00,CSGP,78.04000091552734,78.04000091552734,78.05000305175781,78.02999877929688,78.03500366210938,5011.0
2024-09-16 15:45:00+00:00,DHC,3.565000057220459,3.565000057220459,3.569999933242798,3.565000057220459,3.565000057220459,5256.0
2024-09-16 15:45:00+00:00,EQIX,878.2849731445312,878.2849731445312,878.2849731445312,876.5,876.5,392.0
2024-09-16 15:45:00+00:00,EXPI,14.529999732971191,14.529999732971191,14.539999961853027,14.529999732971191,14.539999961853027,2877.0
2024-09-16 15:45:00+00:00,GLPI,51.724998474121094,51.724998474121094,51.724998474121094,51.70000076293945,51.70000076293945,2056.0
2024-09-16 15:45:00+00:00,HST,17.475000381469727,17.475000381469727,17.479999542236328,17.47249984741211,17.475000381469727,10424.0
2024-09-16 15:45:00+00:00,LAMR,131.0050048828125,131.0050048828125,131.02999877929688,130.86500549316406,130.86500549316406,1798.0
2024-09-16 15:45:00+00:00,LAND,14.600000381469727,14.600000381469727,14.600000381469727,14.600000381469727,14.600000381469727,2438.0
2024-09-16 15:45:00+00:00,LSEA,12.65999984741211,12.65999984741211,12.668999671936035,12.640000343322754,12.640000343322754,1500.0
2024-09-16 15:45:00+00:00,NMRK,14.960000038146973,14.960000038146973,14.960000038146973,14.944999694824219,14.944999694824219,5410.0
2024-09-16 15:45:00+00:00,NYMT,6.755000114440918,6.755000114440918,6.755000114440918,6.755000114440918,6.755000114440918,1552.0
2024-09-16 15:45:00+00:00,NYMTN,22.5,22.5,22.5,22.5,22.5,900.0
2024-09-16 15:45:00+00:00,OPEN,2.389899969100952,2.389899969100952,2.4000000953674316,2.380000114440918,2.3949999809265137,301918.0
2024-09-16 15:45:00+00:00,OPI,2.2249999046325684,2.2249999046325684,2.2249999046325684,2.2249999046325684,2.2249999046325684,739.0
2024-09-16 15:45:00+00:00,PECO,38.85499954223633,38.85499954223633,38.85499954223633,38.845001220703125,38.849998474121094,2469.0
2024-09-16 15:45:00+00:00,RDFN,13.800000190734863,13.800000190734863,13.819999694824219,13.770000457763672,13.800100326538086,31635.0
2024-09-16 15:45:00+00:00,REAX,5.839300155639648,5.839300155639648,5.839300155639648,5.839300155639648,5.839300155639648,2711.0
2024-09-16 15:45:00+00:00,REG,74.77999877929688,74.77999877929688,74.79499816894531,74.7699966430664,74.77999877929688,3922.0
2024-09-16 15:45:00+00:00,RMR,25.229999542236328,25.229999542236328,25.229999542236328,25.229999542236328,25.229999542236328,760.0
2024-09-16 15:45:00+00:00,ROIC,15.970000267028809,15.970000267028809,15.975000381469727,15.970000267028809,15.975000381469727,1665.0
2024-09-16 15:45:00+00:00,SBAC,246.14999389648438,246.14999389648438,246.1649932861328,245.94000244140625,245.94000244140625,3748.0
2024-09-16 15:45:00+00:00,SBRA,18.78499984741211,18.78499984741211,18.795000076293945,18.78499984741211,18.795000076293945,8989.0
2024-09-16 15:45:00+00:00,SVC,4.460000038146973,4.460000038146973,4.46999979019165,4.460000038146973,4.460000038146973,3993.0
2024-09-16 15:45:00+00:00,UNIT,5.385000228881836,5.385000228881836,5.389999866485596,5.383999824523926,5.385000228881836,4695.0
2024-09-16 15:45:00+00:00,WHLR,7.610799789428711,7.610799789428711,7.729899883270264,7.610000133514404,7.659999847412109,19073.0
2024-09-16 15:46:00+00:00,AFCG,10.529999732971191,10.529999732971191,10.529999732971191,10.510000228881836,10.510000228881836,613.0
2024-09-16 15:46:00+00:00,AGNC,10.529999732971191,10.529999732971191,10.529999732971191,10.520000457763672,10.524999618530273,84482.0
2024-09-16 15:46:00+00:00,AGNCO,25.25,25.25,25.25,25.2450008392334,25.2450008392334,784.0
2024-09-16 15:46:00+00:00,AGNCP,24.600000381469727,24.600000381469727,24.600000381469727,24.600000381469727,24.600000381469727,3348.0
2024-09-16 15:46:00+00:00,BPYPO,14.100000381469727,14.100000381469727,14.100000381469727,14.100000381469727,14.100000381469727,554.0
2024-09-16 15:46:00+00:00,CSGP,78.1050033569336,78.1050033569336,78.11499786376953,78.02999877929688,78.02999877929688,10425.0
2024-09-16 15:46:00+00:00,DHC,3.5799999237060547,3.5799999237060547,3.5799999237060547,3.565000057220459,3.565000057220459,6229.0
2024-09-16 15:46:00+00:00,EQIX,878.27001953125,878.27001953125,878.27001953125,877.4299926757812,877.4299926757812,796.0
2024-09-16 15:46:00+00:00,EXPI,14.5600004196167,14.5600004196167,14.5600004196167,14.529999732971191,14.529999732971191,2127.0
2024-09-16 15:46:00+00:00,GLPI,51.744998931884766,51.744998931884766,51.75,51.73500061035156,51.73500061035156,1474.0
2024-09-16 15:46:00+00:00,GOOD,16.1299991607666,16.1299991607666,16.13599967956543,16.1299991607666,16.13599967956543,673.0
2024-09-16 15:46:00+00:00,HST,17.5049991607666,17.5049991607666,17.510000228881836,17.475000381469727,17.475000381469727,41045.0
2024-09-16 15:46:00+00:00,ILPT,5.085000038146973,5.085000038146973,5.085000038146973,5.079999923706055,5.079999923706055,1802.0
2024-09-16 15:46:00+00:00,LAMR,131.0800018310547,131.0800018310547,131.0800018310547,131.0500030517578,131.0500030517578,428.0
2024-09-16 15:46:00+00:00,NMRK,14.96500015258789,14.96500015258789,14.96500015258789,14.96500015258789,14.96500015258789,1145.0
2024-09-16 15:46:00+00:00,NYMT,6.769999980926514,6.769999980926514,6.769999980926514,6.760000228881836,6.760000228881836,7795.0
2024-09-16 15:46:00+00:00,OPEN,2.400099992752075,2.400099992752075,2.4061999320983887,2.384999990463257,2.389899969100952,245165.0
2024-09-16 15:46:00+00:00,OPI,2.2249999046325684,2.2249999046325684,2.2249999046325684,2.2249999046325684,2.2249999046325684,2154.0
2024-09-16 15:46:00+00:00,PCH,45.459999084472656,45.459999084472656,45.47999954223633,45.40999984741211,45.40999984741211,4917.0
2024-09-16 15:46:00+00:00,PECO,38.8650016784668,38.8650016784668,38.8650016784668,38.85499954223633,38.85499954223633,1852.0
2024-09-16 15:46:00+00:00,RDFN,13.859999656677246,13.859999656677246,13.864999771118164,13.800000190734863,13.805000305175781,42110.0
2024-09-16 15:46:00+00:00,REAX,5.84499979019165,5.84499979019165,5.84499979019165,5.840000152587891,5.840000152587891,780.0
2024-09-16 15:46:00+00:00,REG,74.77999877929688,74.77999877929688,74.79000091552734,74.7750015258789,74.78500366210938,4206.0
2024-09-16 15:46:00+00:00,RMR,25.229999542236328,25.229999542236328,25.229999542236328,25.229999542236328,25.229999542236328,143.0
2024-09-16 15:46:00+00:00,ROIC,15.96500015258789,15.96500015258789,15.975000381469727,15.96500015258789,15.975000381469727,1968.0
2024-09-16 15:46:00+00:00,SBAC,245.94000244140625,245.94000244140625,246.14999389648438,245.91000366210938,246.14999389648438,5131.0
2024-09-16 15:46:00+00:00,SBRA,18.78499984741211,18.78499984741211,18.790000915527344,18.780000686645508,18.78499984741211,7204.0
2024-09-16 15:46:00+00:00,SVC,4.460000038146973,4.460000038146973,4.465000152587891,4.460000038146973,4.465000152587891,4144.0
2024-09-16 15:46:00+00:00,UNIT,5.385000228881836,5.385000228881836,5.389999866485596,5.385000228881836,5.385000228881836,8314.0
2024-09-16 15:46:00+00:00,WHLR,7.699999809265137,7.699999809265137,7.7108001708984375,7.607500076293945,7.619999885559082,12229.0
2024-09-16 15:47:00+00:00,AFCG,10.515000343322754,10.515000343322754,10.515000343322754,10.515000343322754,10.515000343322754,570.0
2024-09-16 15:47:00+00:00,AGNC,10.53499984741211,10.53499984741211,10.53499984741211,10.524999618530273,10.524999618530273,227719.0
2024-09-16 15:47:00+00:00,BPYPN,12.720000267028809,12.720000267028809,12.720000267028809,12.720000267028809,12.720000267028809,280.0
2024-09-16 15:47:00+00:00,CSGP,78.19999694824219,78.19999694824219,78.19999694824219,78.0999984741211,78.1050033569336,8402.0
2024-09-16 15:47:00+00:00,DHC,3.588900089263916,3.588900089263916,3.5899999141693115,3.5799999237060547,3.5799999237060547,4190.0
2024-09-16 15:47:00+00:00,EQIX,878.7750244140625,878.7750244140625,878.7750244140625,878.3599853515625,878.3599853515625,3652.0
2024-09-16 15:47:00+00:00,EXPI,14.579999923706055,14.579999923706055,14.579999923706055,14.5600004196167,14.5600004196167,4601.0
2024-09-16 15:47:00+00:00,GLPI,51.744998931884766,51.744998931884766,51.7599983215332,51.744998931884766,51.744998931884766,7006.0
2024-09-16 15:47:00+00:00,HST,17.514999389648438,17.514999389648438,17.520000457763672,17.5049991607666,17.5049991607666,17159.0
2024-09-16 15:47:00+00:00,ILPT,5.079999923706055,5.079999923706055,5.085000038146973,5.079999923706055,5.085000038146973,1002.0
2024-09-16 15:47:00+00:00,LAMR,131.0800018310547,131.0800018310547,131.0800018310547,131.0399932861328,131.0399932861328,1972.0
2024-09-16 15:47:00+00:00,LAND,14.610699653625488,14.610699653625488,14.610699653625488,14.610699653625488,14.610699653625488,1168.0
2024-09-16 15:47:00+00:00,LSEA,12.640000343322754,12.640000343322754,12.640000343322754,12.640000343322754,12.640000343322754,223.0
2024-09-16 15:47:00+00:00,NMRK,14.960000038146973,14.960000038146973,14.969400405883789,14.960000038146973,14.969400405883789,1475.0
2024-09-16 15:47:00+00:00,NYMT,6.769999980926514,6.769999980926514,6.769999980926514,6.769999980926514,6.769999980926514,3441.0
2024-09-16 15:47:00+00:00,OPEN,2.4049999713897705,2.4049999713897705,2.409899950027466,2.400099992752075,2.4049999713897705,72575.0
2024-09-16 15:47:00+00:00,OPI,2.2200000286102295,2.2200000286102295,2.2300000190734863,2.2200000286102295,2.2300000190734863,693.0
2024-09-16 15:47:00+00:00,PCH,45.45000076293945,45.45000076293945,45.45000076293945,45.45000076293945,45.45000076293945,915.0
2024-09-16 15:47:00+00:00,PECO,38.8650016784668,38.8650016784668,38.8650016784668,38.8650016784668,38.8650016784668,601.0
2024-09-16 15:47:00+00:00,RDFN,13.850000381469727,13.850000381469727,13.864999771118164,13.84000015258789,13.859999656677246,31236.0
2024-09-16 15:47:00+00:00,REAX,5.84499979019165,5.84499979019165,5.84499979019165,5.84499979019165,5.84499979019165,1467.0
2024-09-16 15:47:00+00:00,REFI,16.1200008392334,16.1200008392334,16.1200008392334,16.1200008392334,16.1200008392334,591.0
2024-09-16 15:47:00+00:00,REG,74.79000091552734,74.79000091552734,74.79499816894531,74.79000091552734,74.79499816894531,1470.0
2024-09-16 15:47:00+00:00,RMR,25.219999313354492,25.219999313354492,25.219999313354492,25.219999313354492,25.219999313354492,546.0
2024-09-16 15:47:00+00:00,ROIC,15.994999885559082,15.994999885559082,15.994999885559082,15.96500015258789,15.96500015258789,5754.0
2024-09-16 15:47:00+00:00,SBAC,245.90499877929688,245.90499877929688,245.94000244140625,245.8000030517578,245.94000244140625,2762.0
2024-09-16 15:47:00+00:00,SBRA,18.795000076293945,18.795000076293945,18.799999237060547,18.78499984741211,18.790000915527344,7162.0
2024-09-16 15:47:00+00:00,SEVN,13.880000114440918,13.880000114440918,13.880000114440918,13.880000114440918,13.880000114440918,38.0
2024-09-16 15:47:00+00:00,SVC,4.474999904632568,4.474999904632568,4.474999904632568,4.460000038146973,4.465000152587891,21345.0
2024-09-16 15:47:00+00:00,UNIT,5.385000228881836,5.385000228881836,5.389999866485596,5.380000114440918,5.385000228881836,12270.0
2024-09-16 15:47:00+00:00,WHLR,7.720399856567383,7.720399856567383,7.769999980926514,7.699999809265137,7.714000225067139,17844.0
2024-09-16 15:48:00+00:00,AFCG,10.515000343322754,10.515000343322754,10.515000343322754,10.515000343322754,10.515000343322754,0.0
2024-09-16 15:48:00+00:00,AGNC,10.53499984741211,10.53499984741211,10.537799835205078,10.529999732971191,10.53499984741211,15192.0
2024-09-16 15:48:00+00:00,BPYPO,14.0600004196167,14.0600004196167,14.069999694824219,14.0600004196167,14.069999694824219,1262.0
2024-09-16 15:48:00+00:00,CSGP,78.23999786376953,78.23999786376953,78.23999786376953,78.16999816894531,78.18499755859375,5884.0
2024-09-16 15:48:00+00:00,DHC,3.5850000381469727,3.5850000381469727,3.5899999141693115,3.5850000381469727,3.5850000381469727,2515.0
2024-09-16 15:48:00+00:00,DUO,0.42309999465942383,0.42309999465942383,0.42320001125335693,0.42309999465942383,0.42320001125335693,2111.0
2024-09-16 15:48:00+00:00,EXPI,14.579999923706055,14.579999923706055,14.595000267028809,14.579999923706055,14.58810043334961,2721.0
2024-09-16 15:48:00+00:00,GLPI,51.744998931884766,51.744998931884766,51.755001068115234,51.744998931884766,51.744998931884766,3973.0
2024-09-16 15:48:00+00:00,HST,17.524999618530273,17.524999618530273,17.524999618530273,17.514999389648438,17.514999389648438,11336.0
2024-09-16 15:48:00+00:00,LAMR,131.0800018310547,131.0800018310547,131.0800018310547,131.07000732421875,131.07000732421875,2333.0
2024-09-16 15:48:00+00:00,LSEA,12.640000343322754,12.640000343322754,12.640000343322754,12.630000114440918,12.630000114440918,647.0
2024-09-16 15:48:00+00:00,NMRK,14.96500015258789,14.96500015258789,14.970000267028809,14.960000038146973,14.96500015258789,4278.0
2024-09-16 15:48:00+00:00,NYMT,6.775000095367432,6.775000095367432,6.775000095367432,6.769999980926514,6.769999980926514,1575.0
2024-09-16 15:48:00+00:00,OPEN,2.4054999351501465,2.4054999351501465,2.409899950027466,2.4000000953674316,2.4049999713897705,41133.0
2024-09-16 15:48:00+00:00,OPI,2.2249999046325684,2.2249999046325684,2.2249999046325684,2.2249999046325684,2.2249999046325684,1015.0
2024-09-16 15:48:00+00:00,PCH,45.45000076293945,45.45000076293945,45.459999084472656,45.45000076293945,45.459999084472656,2846.0
2024-09-16 15:48:00+00:00,PECO,38.8650016784668,38.8650016784668,38.8650016784668,38.8650016784668,38.8650016784668,223.0
2024-09-16 15:48:00+00:00,RDFN,13.811400413513184,13.811400413513184,13.850000381469727,13.8100004196167,13.850000381469727,32650.0
2024-09-16 15:48:00+00:00,REAX,5.855000019073486,5.855000019073486,5.855000019073486,5.849999904632568,5.849999904632568,7220.0
2024-09-16 15:48:00+00:00,REG,74.7699966430664,74.7699966430664,74.80000305175781,74.7699966430664,74.80000305175781,3637.0
2024-09-16 15:48:00+00:00,ROIC,15.994999885559082,15.994999885559082,15.994999885559082,15.994999885559082,15.994999885559082,864.0
2024-09-16 15:48:00+00:00,SBAC,245.82000732421875,245.82000732421875,245.9600067138672,245.8000030517578,245.90499877929688,3183.0
2024-09-16 15:48:00+00:00,SBRA,18.799999237060547,18.799999237060547,18.799999237060547,18.790000915527344,18.795000076293945,11256.0
2024-09-16 15:48:00+00:00,SELF,5.45989990234375,5.45989990234375,5.45989990234375,5.45989990234375,5.45989990234375,0.0
2024-09-16 15:48:00+00:00,SVC,4.474999904632568,4.474999904632568,4.474999904632568,4.474999904632568,4.474999904632568,7860.0
2024-09-16 15:48:00+00:00,UNIT,5.385000228881836,5.385000228881836,5.385000228881836,5.385000228881836,5.385000228881836,5426.0
2024-09-16 15:48:00+00:00,WHLR,7.650899887084961,7.650899887084961,7.730000019073486,7.650100231170654,7.7204999923706055,14031.0
2024-09-16 15:49:00+00:00,AFCG,10.515000343322754,10.515000343322754,10.515000343322754,10.515000343322754,10.515000343322754,210.0
2024-09-16 15:49:00+00:00,AGNC,10.53499984741211,10.53499984741211,10.539999961853027,10.529999732971191,10.539999961853027,43342.0
2024-09-16 15:49:00+00:00,AGNCL,24.209999084472656,24.209999084472656,24.209999084472656,24.209999084472656,24.209999084472656,42.0
2024-09-16 15:49:00+00:00,AGNCN,25.98069953918457,25.98069953918457,25.989999771118164,25.979999542236328,25.982799530029297,2001.0
2024-09-16 15:49:00+00:00,BPYPN,12.760000228881836,12.760000228881836,12.760000228881836,12.760000228881836,12.760000228881836,100.0
2024-09-16 15:49:00+00:00,BPYPO,14.079999923706055,14.079999923706055,14.114999771118164,14.0600004196167,14.09000015258789,1730.0
2024-09-16 15:49:00+00:00,CHCI,8.579999923706055,8.579999923706055,8.579999923706055,8.579999923706055,8.579999923706055,213.0
2024-09-16 15:49:00+00:00,CIGI,147.7899932861328,147.7899932861328,147.7899932861328,147.7899932861328,147.7899932861328,1141.0
2024-09-16 15:49:00+00:00,CSGP,78.2300033569336,78.2300033569336,78.25,78.2300033569336,78.23999786376953,6958.0
2024-09-16 15:49:00+00:00,DHC,3.5850000381469727,3.5850000381469727,3.5850000381469727,3.5850000381469727,3.5850000381469727,2348.0
2024-09-16 15:49:00+00:00,EXPI,14.5600004196167,14.5600004196167,14.574999809265137,14.5600004196167,14.572799682617188,4512.0
2024-09-16 15:49:00+00:00,GLPI,51.72999954223633,51.72999954223633,51.744998931884766,51.727500915527344,51.744998931884766,8904.0
2024-09-16 15:49:00+00:00,GOOD,16.145000457763672,16.145000457763672,16.145000457763672,16.145000457763672,16.145000457763672,1277.0
2024-09-16 15:49:00+00:00,HST,17.524999618530273,17.524999618530273,17.530000686645508,17.524999618530273,17.524999618530273,12465.0
2024-09-16 15:49:00+00:00,ILPT,5.074999809265137,5.074999809265137,5.074999809265137,5.070000171661377,5.070000171661377,435.0
2024-09-16 15:49:00+00:00,LAMR,131.02999877929688,131.02999877929688,131.02999877929688,131.01499938964844,131.02499389648438,745.0
2024-09-16 15:49:00+00:00,LSEA,12.64900016784668,12.64900016784668,12.64900016784668,12.640000343322754,12.640000343322754,1701.0
2024-09-16 15:49:00+00:00,NMRK,14.954999923706055,14.954999923706055,14.960000038146973,14.949999809265137,14.960000038146973,5266.0
2024-09-16 15:49:00+00:00,NYMT,6.775000095367432,6.775000095367432,6.78000020980835,6.775000095367432,6.775000095367432,7318.0
2024-09-16 15:49:00+00:00,OPEN,2.4049999713897705,2.4049999713897705,2.409899950027466,2.4000000953674316,2.4049999713897705,39829.0
2024-09-16 15:49:00+00:00,OPI,2.2200000286102295,2.2200000286102295,2.2300000190734863,2.2200000286102295,2.2300000190734863,2142.0
2024-09-16 15:49:00+00:00,PCH,45.42499923706055,45.42499923706055,45.43000030517578,45.415000915527344,45.41999816894531,3620.0
2024-09-16 15:49:00+00:00,PECO,38.85499954223633,38.85499954223633,38.8650016784668,38.85499954223633,38.8650016784668,3381.0
2024-09-16 15:49:00+00:00,RDFN,13.755000114440918,13.755000114440918,13.819999694824219,13.755000114440918,13.8100004196167,55434.0
2024-09-16 15:49:00+00:00,REAX,5.864999771118164,5.864999771118164,5.864999771118164,5.855000019073486,5.855000019073486,2142.0
2024-09-16 15:49:00+00:00,REG,74.74500274658203,74.74500274658203,74.77999877929688,74.73999786376953,74.77999877929688,2554.0
2024-09-16 15:49:00+00:00,ROIC,16.00550079345703,16.00550079345703,16.010000228881836,15.994999885559082,15.994999885559082,43247.0
2024-09-16 15:49:00+00:00,SBAC,245.69000244140625,245.69000244140625,245.89999389648438,245.59500122070312,245.83999633789062,6482.0
2024-09-16 15:49:00+00:00,SBRA,18.795000076293945,18.795000076293945,18.80500030517578,18.795000076293945,18.795000076293945,11333.0
2024-09-16 15:49:00+00:00,SEVN,13.869999885559082,13.869999885559082,13.869999885559082,13.869999885559082,13.869999885559082,344.0
2024-09-16 15:49:00+00:00,SVC,4.46999979019165,4.46999979019165,4.474999904632568,4.46999979019165,4.46999979019165,4004.0
2024-09-16 15:49:00+00:00,UNIT,5.385000228881836,5.385000228881836,5.389999866485596,5.380000114440918,5.385000228881836,8977.0
2024-09-16 15:49:00+00:00,WHLR,7.599899768829346,7.599899768829346,7.639999866485596,7.489999771118164,7.639999866485596,28196.0
2024-09-16 15:50:00+00:00,AFCG,10.515000343322754,10.515000343322754,10.515000343322754,10.515000343322754,10.515000343322754,148.0
2024-09-16 15:50:00+00:00,AGNC,10.538999557495117,10.538999557495117,10.539999961853027,10.529999732971191,10.53499984741211,51882.0
2024-09-16 15:50:00+00:00,AGNCP,24.6200008392334,24.6200008392334,24.6200008392334,24.6200008392334,24.6200008392334,176.0
2024-09-16 15:50:00+00:00,CIGI,147.85000610351562,147.85000610351562,147.85000610351562,147.85000610351562,147.85000610351562,311.0
2024-09-16 15:50:00+00:00,CSGP,78.1500015258789,78.1500015258789,78.26000213623047,78.1500015258789,78.23500061035156,8796.0
2024-09-16 15:50:00+00:00,DHC,3.5899999141693115,3.5899999141693115,3.5950000286102295,3.5899999141693115,3.5899999141693115,10972.0
2024-09-16 15:50:00+00:00,EQIX,877.7750244140625,877.7750244140625,877.7750244140625,877.7750244140625,877.7750244140625,461.0
2024-09-16 15:50:00+00:00,EXPI,14.5600004196167,14.5600004196167,14.574999809265137,14.5600004196167,14.569999694824219,5022.0
2024-09-16 15:50:00+00:00,GLPI,51.720001220703125,51.720001220703125,51.72999954223633,51.709999084472656,51.720001220703125,3797.0
2024-09-16 15:50:00+00:00,HST,17.475000381469727,17.475000381469727,17.520000457763672,17.475000381469727,17.520000457763672,57784.0
2024-09-16 15:50:00+00:00,ILPT,5.070000171661377,5.070000171661377,5.074999809265137,5.070000171661377,5.074999809265137,1732.0
2024-09-16 15:50:00+00:00,LAMR,131.0800018310547,131.0800018310547,131.11000061035156,131.05999755859375,131.05999755859375,1961.0
2024-09-16 15:50:00+00:00,LAND,14.614999771118164,14.614999771118164,14.630000114440918,14.614999771118164,14.630000114440918,893.0
2024-09-16 15:50:00+00:00,LSEA,12.619999885559082,12.619999885559082,12.619999885559082,12.59000015258789,12.59000015258789,823.0
2024-09-16 15:50:00+00:00,NMRK,14.949999809265137,14.949999809265137,14.949999809265137,14.9350004196167,14.9399995803833,11368.0
2024-09-16 15:50:00+00:00,NYMT,6.775000095367432,6.775000095367432,6.78000020980835,6.775000095367432,6.775000095367432,5084.0
2024-09-16 15:50:00+00:00,OPEN,2.400099992752075,2.400099992752075,2.4100000858306885,2.4000000953674316,2.407099962234497,61027.0
2024-09-16 15:50:00+00:00,OPI,2.2200000286102295,2.2200000286102295,2.2300000190734863,2.2200000286102295,2.2300000190734863,5458.0
2024-09-16 15:50:00+00:00,PCH,45.45000076293945,45.45000076293945,45.45000076293945,45.415000915527344,45.41999816894531,6837.0
2024-09-16 15:50:00+00:00,PECO,38.88999938964844,38.88999938964844,38.900001525878906,38.86000061035156,38.86000061035156,6156.0
2024-09-16 15:50:00+00:00,RDFN,13.725000381469727,13.725000381469727,13.75,13.6899995803833,13.75,57260.0
2024-09-16 15:50:00+00:00,REAX,5.860000133514404,5.860000133514404,5.869999885559082,5.860000133514404,5.869999885559082,4456.0
2024-09-16 15:50:00+00:00,REG,74.86499786376953,74.86499786376953,74.87999725341797,74.7300033569336,74.73999786376953,14895.0
2024-09-16 15:50:00+00:00,RMR,25.219999313354492,25.219999313354492,25.219999313354492,25.219999313354492,25.219999313354492,1135.0
2024-09-16 15:50:00+00:00,ROIC,15.994999885559082,15.994999885559082,16.024999618530273,15.994999885559082,16.020000457763672,7688.0
2024-09-16 15:50:00+00:00,SBAC,245.5,245.5,245.85000610351562,245.44000244140625,245.6999969482422,10286.0
2024-09-16 15:50:00+00:00,SBRA,18.809999465942383,18.809999465942383,18.815000534057617,18.799999237060547,18.799999237060547,21369.0
2024-09-16 15:50:00+00:00,SQFT,0.7299000024795532,0.7299000024795532,0.7299000024795532,0.7299000024795532,0.7299000024795532,1407.0
2024-09-16 15:50:00+00:00,SVC,4.465000152587891,4.465000152587891,4.477200031280518,4.460000038146973,4.474999904632568,10523.0
2024-09-16 15:50:00+00:00,UNIT,5.385000228881836,5.385000228881836,5.389999866485596,5.380000114440918,5.385000228881836,11765.0
2024-09-16 15:50:00+00:00,WHLR,7.53000020980835,7.53000020980835,7.590000152587891,7.510000228881836,7.590000152587891,3711.0
2024-09-16 15:51:00+00:00,AFCG,10.515000343322754,10.515000343322754,10.520000457763672,10.515000343322754,10.520000457763672,560.0
2024-09-16 15:51:00+00:00,AGNC,10.53499984741211,10.53499984741211,10.539999961853027,10.524900436401367,10.529999732971191,515144.0
2024-09-16 15:51:00+00:00,BPYPN,12.75,12.75,12.75,12.75,12.75,100.0
2024-09-16 15:51:00+00:00,BPYPP,14.859999656677246,14.859999656677246,14.859999656677246,14.770000457763672,14.770000457763672,1590.0
2024-09-16 15:51:00+00:00,CIGI,147.7949981689453,147.7949981689453,147.7949981689453,147.7949981689453,147.7949981689453,450.0
2024-09-16 15:51:00+00:00,CSGP,78.08499908447266,78.08499908447266,78.12000274658203,78.06999969482422,78.11499786376953,9203.0
2024-09-16 15:51:00+00:00,DHC,3.5850000381469727,3.5850000381469727,3.5850000381469727,3.5850000381469727,3.5850000381469727,2053.0
2024-09-16 15:51:00+00:00,EQIX,876.3499755859375,876.3499755859375,876.6799926757812,876.3499755859375,876.6799926757812,2252.0
2024-09-16 15:51:00+00:00,EXPI,14.545000076293945,14.545000076293945,14.5600004196167,14.53339958190918,14.535799980163574,4319.0
2024-09-16 15:51:00+00:00,GLPI,51.71500015258789,51.71500015258789,51.720001220703125,51.70000076293945,51.720001220703125,7382.0
2024-09-16 15:51:00+00:00,GOOD,16.155000686645508,16.155000686645508,16.15999984741211,16.139999389648438,16.139999389648438,2126.0
2024-09-16 15:51:00+00:00,HST,17.4950008392334,17.4950008392334,17.4950008392334,17.475000381469727,17.475000381469727,41281.0
2024-09-16 15:51:00+00:00,ILPT,5.070000171661377,5.070000171661377,5.070000171661377,5.070000171661377,5.070000171661377,844.0
2024-09-16 15:51:00+00:00,LAMR,131.08999633789062,131.08999633789062,131.08999633789062,131.0449981689453,131.0449981689453,1308.0
2024-09-16 15:51:00+00:00,NMRK,14.9399995803833,14.9399995803833,14.944999694824219,14.9350004196167,14.944999694824219,9823.0
2024-09-16 15:51:00+00:00,NYMT,6.775000095367432,6.775000095367432,6.78000020980835,6.775000095367432,6.775000095367432,2440.0
2024-09-16 15:51:00+00:00,OPEN,2.3949999809265137,2.3949999809265137,2.4000000953674316,2.390000104904175,2.4000000953674316,132987.0
2024-09-16 15:51:00+00:00,PCH,45.43000030517578,45.43000030517578,45.44499969482422,45.43000030517578,45.439998626708984,1588.0
2024-09-16 15:51:00+00:00,PECO,38.88999938964844,38.88999938964844,38.900001525878906,38.8849983215332,38.89250183105469,3570.0
2024-09-16 15:51:00+00:00,RDFN,13.664999961853027,13.664999961853027,13.720000267028809,13.654999732971191,13.720000267028809,73639.0
2024-09-16 15:51:00+00:00,REAX,5.860000133514404,5.860000133514404,5.860000133514404,5.849999904632568,5.855000019073486,1915.0
2024-09-16 15:51:00+00:00,REG,74.87000274658203,74.87000274658203,74.87999725341797,74.83999633789062,74.8499984741211,5818.0
2024-09-16 15:51:00+00:00,ROIC,16.010000228881836,16.010000228881836,16.010000228881836,15.975000381469727,15.979999542236328,32142.0
2024-09-16 15:51:00+00:00,SBAC,245.33999633789062,245.33999633789062,245.55999755859375,245.27999877929688,245.5,15147.0
2024-09-16 15:51:00+00:00,SBRA,18.815000534057617,18.815000534057617,18.815000534057617,18.80500030517578,18.80500030517578,14902.0
2024-09-16 15:51:00+00:00,SVC,4.465000152587891,4.465000152587891,4.46999979019165,4.465000152587891,4.465000152587891,9418.0
2024-09-16 15:51:00+00:00,UNIT,5.385000228881836,5.385000228881836,5.389999866485596,5.380000114440918,5.389999866485596,15700.0
2024-09-16 15:51:00+00:00,WHLR,7.569900035858154,7.569900035858154,7.590000152587891,7.5100998878479,7.5100998878479,13060.0
2024-09-16 15:52:00+00:00,AFCG,10.520000457763672,10.520000457763672,10.520000457763672,10.520000457763672,10.520000457763672,809.0
2024-09-16 15:52:00+00:00,AGNC,10.532400131225586,10.532400131225586,10.539999961853027,10.530099868774414,10.53499984741211,43264.0
2024-09-16 15:52:00+00:00,AGNCM,25.5,25.5,25.5,25.5,25.5,703.0
2024-09-16 15:52:00+00:00,ASPS,1.190000057220459,1.190000057220459,1.190000057220459,1.190000057220459,1.190000057220459,754.0
2024-09-16 15:52:00+00:00,BPYPN,12.75,12.75,12.75,12.75,12.75,100.0
2024-09-16 15:52:00+00:00,CSGP,78.04000091552734,78.04000091552734,78.08999633789062,78.0,78.08999633789062,17353.0
2024-09-16 15:52:00+00:00,DHC,3.5899999141693115,3.5899999141693115,3.5899999141693115,3.5850000381469727,3.5885000228881836,2624.0
2024-09-16 15:52:00+00:00,EQIX,876.5900268554688,876.5900268554688,876.5900268554688,876.5900268554688,876.5900268554688,851.0
2024-09-16 15:52:00+00:00,EXPI,14.520000457763672,14.520000457763672,14.5649995803833,14.520000457763672,14.539999961853027,6978.0
2024-09-16 15:52:00+00:00,GLPI,51.70500183105469,51.70500183105469,51.709999084472656,51.689998626708984,51.709999084472656,7035.0
2024-09-16 15:52:00+00:00,GOOD,16.155000686645508,16.155000686645508,16.155000686645508,16.155000686645508,16.155000686645508,1005.0
2024-09-16 15:52:00+00:00,HST,17.485000610351562,17.485000610351562,17.4950008392334,17.479999542236328,17.489999771118164,23933.0
2024-09-16 15:52:00+00:00,ILPT,5.074999809265137,5.074999809265137,5.074999809265137,5.074999809265137,5.074999809265137,200.0
2024-09-16 15:52:00+00:00,LAMR,131.1300048828125,131.1300048828125,131.1300048828125,131.0399932861328,131.0850067138672,1551.0
2024-09-16 15:52:00+00:00,LSEA,12.630000114440918,12.630000114440918,12.630000114440918,12.630000114440918,12.630000114440918,356.0
2024-09-16 15:52:00+00:00,NMRK,14.944999694824219,14.944999694824219,14.944999694824219,14.9350004196167,14.9350004196167,3670.0
2024-09-16 15:52:00+00:00,NYMT,6.775000095367432,6.775000095367432,6.775000095367432,6.770999908447266,6.770999908447266,2037.0
2024-09-16 15:52:00+00:00,OPEN,2.384999990463257,2.384999990463257,2.4000000953674316,2.380000114440918,2.3949999809265137,128686.0
2024-09-16 15:52:00+00:00,OPI,2.2200000286102295,2.2200000286102295,2.2300000190734863,2.2200000286102295,2.2300000190734863,565.0
2024-09-16 15:52:00+00:00,PCH,45.38999938964844,45.38999938964844,45.43000030517578,45.38999938964844,45.40999984741211,3844.0
2024-09-16 15:52:00+00:00,PECO,38.869998931884766,38.869998931884766,38.89500045776367,38.869998931884766,38.880001068115234,2319.0
2024-09-16 15:52:00+00:00,RDFN,13.660499572753906,13.660499572753906,13.6850004196167,13.65999984741211,13.664999961853027,58324.0
2024-09-16 15:52:00+00:00,REAX,5.864999771118164,5.864999771118164,5.864999771118164,5.864999771118164,5.864999771118164,882.0
2024-09-16 15:52:00+00:00,REFI,16.114999771118164,16.114999771118164,16.114999771118164,16.114999771118164,16.114999771118164,316.0
2024-09-16 15:52:00+00:00,REG,74.8499984741211,74.8499984741211,74.87999725341797,74.8499984741211,74.86000061035156,7028.0
2024-09-16 15:52:00+00:00,ROIC,16.024999618530273,16.024999618530273,16.024999618530273,16.014999389648438,16.014999389648438,1904.0
2024-09-16 15:52:00+00:00,SBAC,245.4199981689453,245.4199981689453,245.5511932373047,245.31500244140625,245.34500122070312,12197.0
2024-09-16 15:52:00+00:00,SBRA,18.81999969482422,18.81999969482422,18.81999969482422,18.809999465942383,18.815000534057617,12272.0
2024-09-16 15:52:00+00:00,SELF,5.449999809265137,5.449999809265137,5.449999809265137,5.449999809265137,5.449999809265137,262.0
2024-09-16 15:52:00+00:00,SEVN,13.869999885559082,13.869999885559082,13.880000114440918,13.869999885559082,13.880000114440918,1070.0
2024-09-16 15:52:00+00:00,SVC,4.465000152587891,4.465000152587891,4.46999979019165,4.460000038146973,4.465000152587891,10112.0
2024-09-16 15:52:00+00:00,UNIT,5.375,5.375,5.389999866485596,5.375,5.385000228881836,34301.0
2024-09-16 15:52:00+00:00,WHLR,7.600800037384033,7.600800037384033,7.610000133514404,7.550000190734863,7.568600177764893,6587.0
2024-09-16 15:53:00+00:00,AFCG,10.520000457763672,10.520000457763672,10.520000457763672,10.520000457763672,10.520000457763672,462.0
2024-09-16 15:53:00+00:00,AGNC,10.539899826049805,10.539899826049805,10.539999961853027,10.529999732971191,10.539999961853027,27825.0
2024-09-16 15:53:00+00:00,CIGI,148.0,148.0,148.0,147.9199981689453,147.9199981689453,1182.0
2024-09-16 15:53:00+00:00,CSGP,77.97000122070312,77.97000122070312,78.02999877929688,77.94999694824219,78.02999877929688,10143.0
2024-09-16 15:53:00+00:00,DHC,3.5899999141693115,3.5899999141693115,3.5899999141693115,3.5850000381469727,3.5850000381469727,6936.0
2024-09-16 15:53:00+00:00,EQIX,877.1275024414062,877.1275024414062,877.1275024414062,876.5900268554688,876.5900268554688,6688.0
2024-09-16 15:53:00+00:00,EXPI,14.510000228881836,14.510000228881836,14.524999618530273,14.510000228881836,14.520000457763672,4190.0
2024-09-16 15:53:00+00:00,GLPI,51.7400016784668,51.7400016784668,51.7400016784668,51.709999084472656,51.720001220703125,15816.0
2024-09-16 15:53:00+00:00,HST,17.4950008392334,17.4950008392334,17.5,17.485000610351562,17.485000610351562,20961.0
2024-09-16 15:53:00+00:00,ILPT,5.074999809265137,5.074999809265137,5.079999923706055,5.074999809265137,5.079999923706055,1609.0
2024-09-16 15:53:00+00:00,LAMR,131.11749267578125,131.11749267578125,131.11749267578125,131.1125030517578,131.1125030517578,562.0
2024-09-16 15:53:00+00:00,LAND,14.59000015258789,14.59000015258789,14.609999656677246,14.59000015258789,14.609999656677246,2095.0
2024-09-16 15:53:00+00:00,LSEA,12.630000114440918,12.630000114440918,12.630000114440918,12.619999885559082,12.619999885559082,392.0
2024-09-16 15:53:00+00:00,NMRK,14.9399995803833,14.9399995803833,14.944999694824219,14.9399995803833,14.944999694824219,2429.0
2024-09-16 15:53:00+00:00,NYMT,6.769999980926514,6.769999980926514,6.78000020980835,6.769999980926514,6.775000095367432,5948.0
2024-09-16 15:53:00+00:00,OPEN,2.380000114440918,2.380000114440918,2.389899969100952,2.380000114440918,2.3861000537872314,87368.0
2024-09-16 15:53:00+00:00,OPI,2.2200000286102295,2.2200000286102295,2.2200000286102295,2.2200000286102295,2.2200000286102295,855.0
2024-09-16 15:53:00+00:00,PCH,45.375,45.375,45.40999984741211,45.3650016784668,45.40999984741211,6718.0
2024-09-16 15:53:00+00:00,PECO,38.8849983215332,38.8849983215332,38.88999938964844,38.880001068115234,38.880001068115234,2047.0
2024-09-16 15:53:00+00:00,RDFN,13.625,13.625,13.664999961853027,13.622900009155273,13.65999984741211,49763.0
2024-09-16 15:53:00+00:00,REFI,16.125,16.125,16.1299991607666,16.125,16.1299991607666,663.0
2024-09-16 15:53:00+00:00,REG,74.88999938964844,74.88999938964844,74.91000366210938,74.8499984741211,74.8499984741211,6062.0
2024-09-16 15:53:00+00:00,ROIC,16.045000076293945,16.045000076293945,16.045000076293945,16.030000686645508,16.030000686645508,4201.0
2024-09-16 15:53:00+00:00,SBAC,245.64999389648438,245.64999389648438,245.72000122070312,245.4199981689453,245.4199981689453,10691.0
2024-09-16 15:53:00+00:00,SBRA,18.825000762939453,18.825000762939453,18.829999923706055,18.81999969482422,18.81999969482422,18097.0
2024-09-16 15:53:00+00:00,SEVN,13.864999771118164,13.864999771118164,13.864999771118164,13.864999771118164,13.864999771118164,108.0
2024-09-16 15:53:00+00:00,SVC,4.465000152587891,4.465000152587891,4.465000152587891,4.465000152587891,4.465000152587891,4185.0
2024-09-16 15:53:00+00:00,UNIT,5.375,5.375,5.380000114440918,5.375,5.375,20626.0
2024-09-16 15:53:00+00:00,WHLR,7.619999885559082,7.619999885559082,7.699999809265137,7.550000190734863,7.610000133514404,20614.0
2024-09-16 15:54:00+00:00,AFCG,10.545000076293945,10.545000076293945,10.545000076293945,10.520000457763672,10.520000457763672,3675.0
2024-09-16 15:54:00+00:00,AGNC,10.538100242614746,10.538100242614746,10.539999961853027,10.53499984741211,10.53499984741211,68274.0
2024-09-16 15:54:00+00:00,AGNCL,24.200000762939453,24.200000762939453,24.200000762939453,24.200000762939453,24.200000762939453,2975.0
2024-09-16 15:54:00+00:00,AGNCO,25.229999542236328,25.229999542236328,25.238300323486328,25.229999542236328,25.238300323486328,432.0
2024-09-16 15:54:00+00:00,BPYPN,12.75,12.75,12.75,12.75,12.75,100.0
2024-09-16 15:54:00+00:00,CSGP,77.9749984741211,77.9749984741211,77.98999786376953,77.88999938964844,77.95999908447266,30001.0
2024-09-16 15:54:00+00:00,DHC,3.5799999237060547,3.5799999237060547,3.5850000381469727,3.5799999237060547,3.5850000381469727,8168.0
2024-09-16 15:54:00+00:00,EXPI,14.520000457763672,14.520000457763672,14.520000457763672,14.510000228881836,14.51099967956543,9994.0
2024-09-16 15:54:00+00:00,FSV,180.85499572753906,180.85499572753906,180.94000244140625,180.85499572753906,180.94000244140625,394.0
2024-09-16 15:54:00+00:00,FTHM,2.9600000381469727,2.9600000381469727,2.9600000381469727,2.9600000381469727,2.9600000381469727,200.0
2024-09-16 15:54:00+00:00,GLPI,51.73500061035156,51.73500061035156,51.779998779296875,51.72999954223633,51.73500061035156,26876.0
2024-09-16 15:54:00+00:00,GOOD,16.155000686645508,16.155000686645508,16.155000686645508,16.155000686645508,16.155000686645508,1014.0
2024-09-16 15:54:00+00:00,HST,17.4950008392334,17.4950008392334,17.5,17.489999771118164,17.4950008392334,29213.0
2024-09-16 15:54:00+00:00,HTIA,15.970000267028809,15.970000267028809,15.970000267028809,15.970000267028809,15.970000267028809,1276.0
2024-09-16 15:54:00+00:00,ILPT,5.074999809265137,5.074999809265137,5.079999923706055,5.074999809265137,5.079999923706055,861.0
2024-09-16 15:54:00+00:00,LAMR,131.10000610351562,131.10000610351562,131.13999938964844,131.00999450683594,131.10499572753906,3171.0
2024-09-16 15:54:00+00:00,LAND,14.609999656677246,14.609999656677246,14.609999656677246,14.600000381469727,14.600000381469727,680.0
2024-09-16 15:54:00+00:00,LANDO,22.309999465942383,22.309999465942383,22.309999465942383,22.309999465942383,22.309999465942383,501.0
2024-09-16 15:54:00+00:00,LSEA,12.640000343322754,12.640000343322754,12.640000343322754,12.640000343322754,12.640000343322754,872.0
2024-09-16 15:54:00+00:00,NMRK,14.944999694824219,14.944999694824219,14.944999694824219,14.9350004196167,14.9399995803833,10442.0
2024-09-16 15:54:00+00:00,NYMT,6.769999980926514,6.769999980926514,6.78000020980835,6.769999980926514,6.769999980926514,35114.0
2024-09-16 15:54:00+00:00,NYMTN,22.475000381469727,22.475000381469727,22.475000381469727,22.475000381469727,22.475000381469727,0.0
2024-09-16 15:54:00+00:00,OPEN,2.375,2.375,2.389899969100952,2.3745999336242676,2.384500026702881,185139.0
2024-09-16 15:54:00+00:00,OPI,2.2249999046325684,2.2249999046325684,2.2249999046325684,2.2200000286102295,2.2200000286102295,1920.0
2024-09-16 15:54:00+00:00,PCH,45.41999816894531,45.41999816894531,45.41999816894531,45.375,45.375,7999.0
2024-09-16 15:54:00+00:00,PECO,38.900001525878906,38.900001525878906,38.900001525878906,38.869998931884766,38.8849983215332,6374.0
2024-09-16 15:54:00+00:00,RDFN,13.630000114440918,13.630000114440918,13.649999618530273,13.604999542236328,13.625,68000.0
2024-09-16 15:54:00+00:00,REAX,5.855000019073486,5.855000019073486,5.860000133514404,5.855000019073486,5.860000133514404,6371.0
2024-09-16 15:54:00+00:00,REFI,16.1299991607666,16.1299991607666,16.1299991607666,16.1299991607666,16.1299991607666,1655.0
2024-09-16 15:54:00+00:00,REG,74.8499984741211,74.8499984741211,74.93499755859375,74.8499984741211,74.91000366210938,13842.0
2024-09-16 15:54:00+00:00,RMR,25.200000762939453,25.200000762939453,25.219999313354492,25.170000076293945,25.219999313354492,2588.0
2024-09-16 15:54:00+00:00,ROIC,15.96500015258789,15.96500015258789,16.030000686645508,15.96500015258789,16.030000686645508,12042.0
2024-09-16 15:54:00+00:00,SBAC,245.8300018310547,245.8300018310547,246.1199951171875,245.64999389648438,245.72000122070312,16457.0
2024-09-16 15:54:00+00:00,SBRA,18.825000762939453,18.825000762939453,18.850000381469727,18.81999969482422,18.829999923706055,91021.0
2024-09-16 15:54:00+00:00,SELF,5.449999809265137,5.449999809265137,5.449999809265137,5.449999809265137,5.449999809265137,209.0
2024-09-16 15:54:00+00:00,SEVN,13.880000114440918,13.880000114440918,13.880000114440918,13.880000114440918,13.880000114440918,337.0
2024-09-16 15:54:00+00:00,SVC,4.465000152587891,4.465000152587891,4.46999979019165,4.460000038146973,4.46999979019165,21336.0
2024-09-16 15:54:00+00:00,UNIT,5.364999771118164,5.364999771118164,5.389999866485596,5.364999771118164,5.375,104733.0
2024-09-16 15:54:00+00:00,WHLR,7.659900188446045,7.659900188446045,7.699999809265137,7.639999866485596,7.650000095367432,11523.0
2024-09-16 15:55:00+00:00,AFCG,10.539999961853027,10.539999961853027,10.539999961853027,10.539999961853027,10.539999961853027,727.0
2024-09-16 15:55:00+00:00,AGNC,10.550000190734863,10.550000190734863,10.550000190734863,10.530099868774414,10.536800384521484,214186.0
2024-09-16 15:55:00+00:00,AGNCP,24.6299991607666,24.6299991607666,24.6299991607666,24.600000381469727,24.600000381469727,6221.0
2024-09-16 15:55:00+00:00,BPYPN,12.800000190734863,12.800000190734863,12.800000190734863,12.800000190734863,12.800000190734863,100.0
2024-09-16 15:55:00+00:00,CIGI,147.83999633789062,147.83999633789062,147.9949951171875,147.83999633789062,147.85000610351562,2373.0
2024-09-16 15:55:00+00:00,CSGP,77.9800033569336,77.9800033569336,78.06999969482422,77.94999694824219,77.94999694824219,25088.0
2024-09-16 15:55:00+00:00,DHC,3.5899999141693115,3.5899999141693115,3.5899999141693115,3.5850000381469727,3.5850000381469727,2543.0
2024-09-16 15:55:00+00:00,EXPI,14.53499984741211,14.53499984741211,14.53499984741211,14.520000457763672,14.520000457763672,4592.0
2024-09-16 15:55:00+00:00,FSV,181.0,181.0,181.05999755859375,181.0,181.0,1062.0
2024-09-16 15:55:00+00:00,FTHM,2.950000047683716,2.950000047683716,2.9600000381469727,2.950000047683716,2.9600000381469727,365.0
2024-09-16 15:55:00+00:00,GLPI,51.70000076293945,51.70000076293945,51.72999954223633,51.650001525878906,51.72999954223633,19302.0
2024-09-16 15:55:00+00:00,GOOD,16.15999984741211,16.15999984741211,16.15999984741211,16.15999984741211,16.15999984741211,733.0
2024-09-16 15:55:00+00:00,HST,17.479999542236328,17.479999542236328,17.4950008392334,17.459999084472656,17.4950008392334,119754.0
2024-09-16 15:55:00+00:00,ILPT,5.079999923706055,5.079999923706055,5.079999923706055,5.074999809265137,5.074999809265137,1344.0
2024-09-16 15:55:00+00:00,LAMR,131.3000030517578,131.3000030517578,131.3000030517578,131.08999633789062,131.08999633789062,7690.0
2024-09-16 15:55:00+00:00,LAND,14.604999542236328,14.604999542236328,14.604999542236328,14.604999542236328,14.604999542236328,274.0
2024-09-16 15:55:00+00:00,LANDO,22.350000381469727,22.350000381469727,22.350000381469727,22.350000381469727,22.350000381469727,250.0
2024-09-16 15:55:00+00:00,LSEA,12.654999732971191,12.654999732971191,12.654999732971191,12.654999732971191,12.654999732971191,724.0
2024-09-16 15:55:00+00:00,NMRK,14.96500015258789,14.96500015258789,14.96500015258789,14.944999694824219,14.949999809265137,5970.0
2024-09-16 15:55:00+00:00,NYMT,6.764999866485596,6.764999866485596,6.764999866485596,6.764999866485596,6.764999866485596,3850.0
2024-09-16 15:55:00+00:00,OPEN,2.3849000930786133,2.3849000930786133,2.389899969100952,2.369999885559082,2.3798999786376953,249232.0
2024-09-16 15:55:00+00:00,OPI,2.2200000286102295,2.2200000286102295,2.2298998832702637,2.2200000286102295,2.2200000286102295,5743.0
2024-09-16 15:55:00+00:00,PCH,45.43000030517578,45.43000030517578,45.459999084472656,45.41999816894531,45.41999816894531,6856.0
2024-09-16 15:55:00+00:00,PECO,38.904998779296875,38.904998779296875,38.90999984741211,38.89500045776367,38.900001525878906,3957.0
2024-09-16 15:55:00+00:00,RDFN,13.59000015258789,13.59000015258789,13.65999984741211,13.585000038146973,13.635000228881836,70609.0
2024-09-16 15:55:00+00:00,REAX,5.849999904632568,5.849999904632568,5.860000133514404,5.849999904632568,5.860000133514404,14137.0
2024-09-16 15:55:00+00:00,REFI,16.1299991607666,16.1299991607666,16.1299991607666,16.1299991607666,16.1299991607666,321.0
2024-09-16 15:55:00+00:00,REG,74.86499786376953,74.86499786376953,74.87000274658203,74.83000183105469,74.83000183105469,13455.0
2024-09-16 15:55:00+00:00,RMR,25.209999084472656,25.209999084472656,25.209999084472656,25.200000762939453,25.209999084472656,886.0
2024-09-16 15:55:00+00:00,ROIC,15.96500015258789,15.96500015258789,15.975000381469727,15.954999923706055,15.96500015258789,8632.0
2024-09-16 15:55:00+00:00,SBAC,245.19500732421875,245.19500732421875,245.88999938964844,245.02000427246094,245.72999572753906,38146.0
2024-09-16 15:55:00+00:00,SBRA,18.795000076293945,18.795000076293945,18.825000762939453,18.790000915527344,18.81999969482422,41020.0
2024-09-16 15:55:00+00:00,SEVN,13.869999885559082,13.869999885559082,13.869999885559082,13.869999885559082,13.869999885559082,286.0
2024-09-16 15:55:00+00:00,SVC,4.465000152587891,4.465000152587891,4.465000152587891,4.460000038146973,4.465000152587891,24626.0
2024-09-16 15:55:00+00:00,UNIT,5.364999771118164,5.364999771118164,5.369999885559082,5.360000133514404,5.364999771118164,30338.0
2024-09-16 15:55:00+00:00,VINO,4.889999866485596,4.889999866485596,4.889999866485596,4.889999866485596,4.889999866485596,435.0
2024-09-16 15:55:00+00:00,WHLR,7.675000190734863,7.675000190734863,7.730000019073486,7.579999923706055,7.679999828338623,23316.0
2024-09-16 15:56:00+00:00,AFCG,10.539999961853027,10.539999961853027,10.539999961853027,10.539999961853027,10.539999961853027,139.0
2024-09-16 15:56:00+00:00,AGNC,10.545000076293945,10.545000076293945,10.550000190734863,10.544500350952148,10.550000190734863,157141.0
2024-09-16 15:56:00+00:00,AGNCL,24.200000762939453,24.200000762939453,24.200000762939453,24.200000762939453,24.200000762939453,100.0
2024-09-16 15:56:00+00:00,AGNCN,25.979999542236328,25.979999542236328,25.979999542236328,25.979999542236328,25.979999542236328,200.0
2024-09-16 15:56:00+00:00,AGNCO,25.238000869750977,25.238000869750977,25.238000869750977,25.238000869750977,25.238000869750977,1879.0
2024-09-16 15:56:00+00:00,ASPS,1.184999942779541,1.184999942779541,1.184999942779541,1.184999942779541,1.184999942779541,217.0
2024-09-16 15:56:00+00:00,BPYPN,12.800000190734863,12.800000190734863,12.800000190734863,12.800000190734863,12.800000190734863,100.0
2024-09-16 15:56:00+00:00,CIGI,147.67250061035156,147.67250061035156,147.83999633789062,147.67250061035156,147.83999633789062,875.0
2024-09-16 15:56:00+00:00,CMCT,1.9800000190734863,1.9800000190734863,1.9800000190734863,1.9700000286102295,1.9800000190734863,1450.0
2024-09-16 15:56:00+00:00,CSGP,78.02999877929688,78.02999877929688,78.05000305175781,77.99500274658203,77.99500274658203,23168.0
2024-09-16 15:56:00+00:00,DHC,3.5899999141693115,3.5899999141693115,3.5899999141693115,3.5850000381469727,3.5850000381469727,4168.0
2024-09-16 15:56:00+00:00,EQIX,876.4299926757812,876.4299926757812,876.7000122070312,876.4299926757812,876.7000122070312,1667.0
2024-09-16 15:56:00+00:00,EXPI,14.539999961853027,14.539999961853027,14.539999961853027,14.53499984741211,14.53499984741211,2843.0
2024-09-16 15:56:00+00:00,GLPI,51.67499923706055,51.67499923706055,51.69499969482422,51.67499923706055,51.69499969482422,9332.0
2024-09-16 15:56:00+00:00,GOOD,16.149999618530273,16.149999618530273,16.157499313354492,16.149999618530273,16.157499313354492,2654.0
2024-09-16 15:56:00+00:00,HST,17.469999313354492,17.469999313354492,17.479999542236328,17.459999084472656,17.469999313354492,48441.0
2024-09-16 15:56:00+00:00,ILPT,5.074999809265137,5.074999809265137,5.079999923706055,5.074999809265137,5.074999809265137,2621.0
2024-09-16 15:56:00+00:00,LAMR,131.3300018310547,131.3300018310547,131.3800048828125,131.22999572753906,131.3000030517578,9835.0
2024-09-16 15:56:00+00:00,LAND,14.600000381469727,14.600000381469727,14.600000381469727,14.600000381469727,14.600000381469727,395.0
2024-09-16 15:56:00+00:00,LSEA,12.630000114440918,12.630000114440918,12.640000343322754,12.630000114440918,12.640000343322754,1616.0
2024-09-16 15:56:00+00:00,MDRR,12.739999771118164,12.739999771118164,12.739999771118164,12.739999771118164,12.739999771118164,143.0
2024-09-16 15:56:00+00:00,NMRK,14.96500015258789,14.96500015258789,14.970000267028809,14.960000038146973,14.960000038146973,4308.0
2024-09-16 15:56:00+00:00,NYMT,6.769999980926514,6.769999980926514,6.769999980926514,6.764999866485596,6.764999866485596,12684.0
2024-09-16 15:56:00+00:00,OPEN,2.384999990463257,2.384999990463257,2.390000104904175,2.380000114440918,2.384999990463257,68214.0
2024-09-16 15:56:00+00:00,OPI,2.2249999046325684,2.2249999046325684,2.2249999046325684,2.2200000286102295,2.2249999046325684,1347.0
2024-09-16 15:56:00+00:00,PCH,45.41999816894531,45.41999816894531,45.45000076293945,45.41999816894531,45.439998626708984,6869.0
2024-09-16 15:56:00+00:00,PECO,38.8650016784668,38.8650016784668,38.904998779296875,38.8650016784668,38.904998779296875,6615.0
2024-09-16 15:56:00+00:00,RDFN,13.585000038146973,13.585000038146973,13.604999542236328,13.579999923706055,13.595000267028809,68057.0
2024-09-16 15:56:00+00:00,REAX,5.84499979019165,5.84499979019165,5.848499774932861,5.84499979019165,5.84499979019165,2230.0
2024-09-16 15:56:00+00:00,REFI,16.135000228881836,16.135000228881836,16.139999389648438,16.1299991607666,16.1299991607666,1781.0
2024-09-16 15:56:00+00:00,REG,74.8499984741211,74.8499984741211,74.87000274658203,74.83499908447266,74.8550033569336,12639.0
2024-09-16 15:56:00+00:00,RMR,25.209999084472656,25.209999084472656,25.209999084472656,25.209999084472656,25.209999084472656,555.0
2024-09-16 15:56:00+00:00,ROIC,15.96500015258789,15.96500015258789,15.96500015258789,15.960000038146973,15.96500015258789,4156.0
2024-09-16 15:56:00+00:00,SBAC,245.22000122070312,245.22000122070312,245.3000030517578,245.19000244140625,245.19000244140625,15967.0
2024-09-16 15:56:00+00:00,SBRA,18.795000076293945,18.795000076293945,18.799999237060547,18.790000915527344,18.795000076293945,13245.0
2024-09-16 15:56:00+00:00,SELF,5.449999809265137,5.449999809265137,5.449999809265137,5.449999809265137,5.449999809265137,459.0
2024-09-16 15:56:00+00:00,SEVN,13.869999885559082,13.869999885559082,13.869999885559082,13.869999885559082,13.869999885559082,230.0
2024-09-16 15:56:00+00:00,SVC,4.465000152587891,4.465000152587891,4.46999979019165,4.460000038146973,4.46999979019165,20714.0
2024-09-16 15:56:00+00:00,UK,1.4299999475479126,1.4299999475479126,1.4299999475479126,1.4299999475479126,1.4299999475479126,367.0
2024-09-16 15:56:00+00:00,UNIT,5.364999771118164,5.364999771118164,5.369999885559082,5.360099792480469,5.364999771118164,15501.0
2024-09-16 15:56:00+00:00,WHLR,7.699999809265137,7.699999809265137,7.699999809265137,7.599999904632568,7.659999847412109,5476.0
2024-09-16 15:57:00+00:00,AFCG,10.529999732971191,10.529999732971191,10.539799690246582,10.529999732971191,10.539799690246582,1344.0
2024-09-16 15:57:00+00:00,AGNC,10.555000305175781,10.555000305175781,10.5600004196167,10.539999961853027,10.545000076293945,290311.0
2024-09-16 15:57:00+00:00,AGNCL,24.190000534057617,24.190000534057617,24.190000534057617,24.190000534057617,24.190000534057617,3.0
2024-09-16 15:57:00+00:00,BPYPN,12.800000190734863,12.800000190734863,12.800000190734863,12.800000190734863,12.800000190734863,100.0
2024-09-16 15:57:00+00:00,CIGI,147.74000549316406,147.74000549316406,147.74000549316406,147.74000549316406,147.74000549316406,460.0
2024-09-16 15:57:00+00:00,CSGP,77.9800033569336,77.9800033569336,78.02999877929688,77.95999908447266,78.02999877929688,28453.0
2024-09-16 15:57:00+00:00,DHC,3.569999933242798,3.569999933242798,3.5850000381469727,3.569999933242798,3.5850000381469727,11852.0
2024-09-16 15:57:00+00:00,DUO,0.42800000309944153,0.42800000309944153,0.42800000309944153,0.42800000309944153,0.42800000309944153,1200.0
2024-09-16 15:57:00+00:00,EQIX,876.3049926757812,876.3049926757812,876.5499877929688,875.9400024414062,875.9400024414062,3979.0
2024-09-16 15:57:00+00:00,EXPI,14.529999732971191,14.529999732971191,14.555000305175781,14.524999618530273,14.53499984741211,22802.0
2024-09-16 15:57:00+00:00,FRPH,29.889999389648438,29.889999389648438,29.889999389648438,29.8799991607666,29.8799991607666,1287.0
2024-09-16 15:57:00+00:00,FSV,181.07000732421875,181.07000732421875,181.07000732421875,181.07000732421875,181.07000732421875,403.0
2024-09-16 15:57:00+00:00,GIPR,2.2249999046325684,2.2249999046325684,2.2249999046325684,2.2249999046325684,2.2249999046325684,221.0
2024-09-16 15:57:00+00:00,GLPI,51.69499969482422,51.69499969482422,51.69499969482422,51.66999816894531,51.67499923706055,12646.0
2024-09-16 15:57:00+00:00,GOOD,16.131999969482422,16.131999969482422,16.139999389648438,16.131999969482422,16.139999389648438,2097.0
2024-09-16 15:57:00+00:00,HST,17.46500015258789,17.46500015258789,17.469999313354492,17.459999084472656,17.46500015258789,63793.0
2024-09-16 15:57:00+00:00,ILPT,5.074999809265137,5.074999809265137,5.079999923706055,5.074999809265137,5.079999923706055,908.0
2024-09-16 15:57:00+00:00,LAMR,131.38499450683594,131.38499450683594,131.4199981689453,131.2899932861328,131.2899932861328,5380.0
2024-09-16 15:57:00+00:00,LAND,14.600000381469727,14.600000381469727,14.609999656677246,14.600000381469727,14.604999542236328,2800.0
2024-09-16 15:57:00+00:00,LSEA,12.65999984741211,12.65999984741211,12.65999984741211,12.640000343322754,12.640000343322754,2202.0
2024-09-16 15:57:00+00:00,NMRK,14.994999885559082,14.994999885559082,14.994999885559082,14.960000038146973,14.96500015258789,15550.0
2024-09-16 15:57:00+00:00,NYMT,6.78000020980835,6.78000020980835,6.78000020980835,6.774199962615967,6.774199962615967,3484.0
2024-09-16 15:57:00+00:00,NYMTZ,20.90999984741211,20.90999984741211,20.90999984741211,20.90999984741211,20.90999984741211,224.0
2024-09-16 15:57:00+00:00,OPEN,2.384999990463257,2.384999990463257,2.390000104904175,2.380000114440918,2.384999990463257,158065.0
2024-09-16 15:57:00+00:00,OPI,2.2249999046325684,2.2249999046325684,2.2249999046325684,2.2200000286102295,2.2249999046325684,1357.0
2024-09-16 15:57:00+00:00,PCH,45.40999984741211,45.40999984741211,45.43000030517578,45.40999984741211,45.41999816894531,7158.0
2024-09-16 15:57:00+00:00,PECO,38.875,38.875,38.880001068115234,38.86000061035156,38.8650016784668,4404.0
2024-09-16 15:57:00+00:00,RDFN,13.635000228881836,13.635000228881836,13.635000228881836,13.585000038146973,13.59000015258789,95503.0
2024-09-16 15:57:00+00:00,REAX,5.860000133514404,5.860000133514404,5.860000133514404,5.84499979019165,5.849999904632568,3868.0
2024-09-16 15:57:00+00:00,REG,74.83999633789062,74.83999633789062,74.87000274658203,74.83000183105469,74.84500122070312,19136.0
2024-09-16 15:57:00+00:00,RMR,25.239999771118164,25.239999771118164,25.239999771118164,25.209999084472656,25.209999084472656,1549.0
2024-09-16 15:57:00+00:00,ROIC,15.970000267028809,15.970000267028809,15.970000267028809,15.954999923706055,15.960000038146973,7869.0
2024-09-16 15:57:00+00:00,SBAC,245.07000732421875,245.07000732421875,245.27999877929688,245.03500366210938,245.27999877929688,25052.0
2024-09-16 15:57:00+00:00,SBRA,18.795000076293945,18.795000076293945,18.799999237060547,18.790000915527344,18.795000076293945,48280.0
2024-09-16 15:57:00+00:00,SELF,5.400000095367432,5.400000095367432,5.440100193023682,5.400000095367432,5.440000057220459,1854.0
2024-09-16 15:57:00+00:00,SEVN,13.880000114440918,13.880000114440918,13.880000114440918,13.869999885559082,13.869999885559082,853.0
2024-09-16 15:57:00+00:00,SVC,4.465000152587891,4.465000152587891,4.46999979019165,4.465000152587891,4.46999979019165,15593.0
2024-09-16 15:57:00+00:00,UNIT,5.369999885559082,5.369999885559082,5.369999885559082,5.364999771118164,5.369999885559082,23570.0
2024-09-16 15:57:00+00:00,VINO,4.894999980926514,4.894999980926514,4.894999980926514,4.894999980926514,4.894999980926514,149.0
2024-09-16 15:57:00+00:00,WHLR,7.599999904632568,7.599999904632568,7.650000095367432,7.539999961853027,7.650000095367432,27594.0
2024-09-16 15:58:00+00:00,AEI,1.1299999952316284,1.1299999952316284,1.1299999952316284,1.1299999952316284,1.1299999952316284,219.0
2024-09-16 15:58:00+00:00,AFCG,10.520000457763672,10.520000457763672,10.520000457763672,10.520000457763672,10.520000457763672,969.0
2024-09-16 15:58:00+00:00,AGNC,10.569999694824219,10.569999694824219,10.569999694824219,10.550000190734863,10.5600004196167,335528.0
2024-09-16 15:58:00+00:00,AGNCL,24.200000762939453,24.200000762939453,24.209999084472656,24.200000762939453,24.200000762939453,525.0
2024-09-16 15:58:00+00:00,AGNCN,25.979999542236328,25.979999542236328,25.979999542236328,25.969999313354492,25.969999313354492,471.0
2024-09-16 15:58:00+00:00,BPYPN,12.800000190734863,12.800000190734863,12.800000190734863,12.800000190734863,12.800000190734863,200.0
2024-09-16 15:58:00+00:00,CIGI,147.6300048828125,147.6300048828125,147.74000549316406,147.6300048828125,147.74000549316406,1081.0
2024-09-16 15:58:00+00:00,CSGP,77.9749984741211,77.9749984741211,77.98500061035156,77.94000244140625,77.98500061035156,37049.0
2024-09-16 15:58:00+00:00,DHC,3.5799999237060547,3.5799999237060547,3.5799999237060547,3.569999933242798,3.575000047683716,8296.0
2024-09-16 15:58:00+00:00,EQIX,876.47998046875,876.47998046875,876.6300048828125,876.25,876.6300048828125,5575.0
2024-09-16 15:58:00+00:00,EXPI,14.5600004196167,14.5600004196167,14.5600004196167,14.524999618530273,14.529999732971191,9632.0
2024-09-16 15:58:00+00:00,GLPI,51.685001373291016,51.685001373291016,51.70000076293945,51.68000030517578,51.70000076293945,21840.0
2024-09-16 15:58:00+00:00,GOOD,16.1299991607666,16.1299991607666,16.1299991607666,16.1299991607666,16.1299991607666,1186.0
2024-09-16 15:58:00+00:00,GOODN,23.040000915527344,23.040000915527344,23.040000915527344,23.020000457763672,23.020000457763672,712.0
2024-09-16 15:58:00+00:00,HST,17.459999084472656,17.459999084472656,17.469999313354492,17.459999084472656,17.465999603271484,84640.0
2024-09-16 15:58:00+00:00,ILPT,5.074999809265137,5.074999809265137,5.079999923706055,5.074999809265137,5.079999923706055,2352.0
2024-09-16 15:58:00+00:00,LAMR,131.47000122070312,131.47000122070312,131.5,131.3800048828125,131.38499450683594,14290.0
2024-09-16 15:58:00+00:00,LAND,14.59000015258789,14.59000015258789,14.600000381469727,14.59000015258789,14.600000381469727,677.0
2024-09-16 15:58:00+00:00,LANDO,22.325000762939453,22.325000762939453,22.329999923706055,22.325000762939453,22.329999923706055,158.0
2024-09-16 15:58:00+00:00,LSEA,12.649999618530273,12.649999618530273,12.649999618530273,12.649999618530273,12.649999618530273,379.0
2024-09-16 15:58:00+00:00,NMRK,14.989999771118164,14.989999771118164,15.0,14.989999771118164,14.994999885559082,11862.0
2024-09-16 15:58:00+00:00,NYMT,6.760000228881836,6.760000228881836,6.775000095367432,6.760000228881836,6.775000095367432,27665.0
2024-09-16 15:58:00+00:00,NYMTM,24.43000030517578,24.43000030517578,24.43000030517578,24.43000030517578,24.43000030517578,340.0
2024-09-16 15:58:00+00:00,NYMTZ,20.90999984741211,20.90999984741211,20.90999984741211,20.90999984741211,20.90999984741211,200.0
2024-09-16 15:58:00+00:00,OPEN,2.384999990463257,2.384999990463257,2.389899969100952,2.374799966812134,2.384999990463257,536122.0
2024-09-16 15:58:00+00:00,OPI,2.2200000286102295,2.2200000286102295,2.2300000190734863,2.2200000286102295,2.2200000286102295,7741.0
2024-09-16 15:58:00+00:00,PCH,45.459999084472656,45.459999084472656,45.46500015258789,45.404998779296875,45.415000915527344,11246.0
2024-09-16 15:58:00+00:00,PECO,38.875,38.875,38.875,38.845001220703125,38.869998931884766,13630.0
2024-09-16 15:58:00+00:00,RDFN,13.625,13.625,13.640000343322754,13.614999771118164,13.640000343322754,82139.0
2024-09-16 15:58:00+00:00,REAX,5.855000019073486,5.855000019073486,5.860000133514404,5.849999904632568,5.855000019073486,6565.0
2024-09-16 15:58:00+00:00,REFI,16.1200008392334,16.1200008392334,16.1200008392334,16.1200008392334,16.1200008392334,1363.0
2024-09-16 15:58:00+00:00,REG,74.80000305175781,74.80000305175781,74.84500122070312,74.80000305175781,74.83999633789062,19030.0
2024-09-16 15:58:00+00:00,ROIC,15.954999923706055,15.954999923706055,15.975000381469727,15.954999923706055,15.96500015258789,9482.0
2024-09-16 15:58:00+00:00,SBAC,244.96499633789062,244.96499633789062,245.11000061035156,244.96499633789062,245.0399932861328,21870.0
2024-09-16 15:58:00+00:00,SBRA,18.78499984741211,18.78499984741211,18.799999237060547,18.780000686645508,18.790000915527344,38151.0
2024-09-16 15:58:00+00:00,SEVN,13.880000114440918,13.880000114440918,13.880000114440918,13.875,13.880000114440918,873.0
2024-09-16 15:58:00+00:00,SVC,4.480000019073486,4.480000019073486,4.480000019073486,4.465000152587891,4.465000152587891,38965.0
2024-09-16 15:58:00+00:00,UK,1.4299999475479126,1.4299999475479126,1.4299999475479126,1.4299999475479126,1.4299999475479126,367.0
2024-09-16 15:58:00+00:00,UNIT,5.369999885559082,5.369999885559082,5.369999885559082,5.360000133514404,5.364999771118164,118249.0
2024-09-16 15:58:00+00:00,WHLR,7.545000076293945,7.545000076293945,7.679900169372559,7.489999771118164,7.5746002197265625,38842.0
2024-09-16 15:59:00+00:00,AFCG,10.529999732971191,10.529999732971191,10.529999732971191,10.524999618530273,10.524999618530273,1961.0
2024-09-16 15:59:00+00:00,AGNC,10.550000190734863,10.550000190734863,10.569999694824219,10.539999961853027,10.569999694824219,911769.0
2024-09-16 15:59:00+00:00,AGNCL,24.200000762939453,24.200000762939453,24.209999084472656,24.200000762939453,24.200000762939453,1973.0
2024-09-16 15:59:00+00:00,AGNCM,25.540000915527344,25.540000915527344,25.540000915527344,25.540000915527344,25.540000915527344,719.0
2024-09-16 15:59:00+00:00,AGNCP,24.700000762939453,24.700000762939453,24.700000762939453,24.690000534057617,24.690000534057617,773.0
2024-09-16 15:59:00+00:00,ASPS,1.190000057220459,1.190000057220459,1.190000057220459,1.190000057220459,1.190000057220459,563.0
2024-09-16 15:59:00+00:00,BPYPN,12.800000190734863,12.800000190734863,12.800000190734863,12.800000190734863,12.800000190734863,222.0
2024-09-16 15:59:00+00:00,CIGI,147.82000732421875,147.82000732421875,147.82000732421875,147.6300048828125,147.7299041748047,2187.0
2024-09-16 15:59:00+00:00,CSGP,77.87999725341797,77.87999725341797,77.98500061035156,77.83999633789062,77.9800033569336,89962.0
2024-09-16 15:59:00+00:00,DHC,3.559999942779541,3.559999942779541,3.575000047683716,3.559999942779541,3.575000047683716,23297.0
2024-09-16 15:59:00+00:00,EQIX,876.6099853515625,876.6099853515625,876.8200073242188,876.1099853515625,876.6199951171875,6558.0
2024-09-16 15:59:00+00:00,EXPI,14.539999961853027,14.539999961853027,14.569999694824219,14.524999618530273,14.5649995803833,19799.0
2024-09-16 15:59:00+00:00,FRPH,29.700000762939453,29.700000762939453,29.700000762939453,29.700000762939453,29.700000762939453,402.0
2024-09-16 15:59:00+00:00,FSV,181.02000427246094,181.02000427246094,181.05999755859375,180.91000366210938,181.05999755859375,2337.0
2024-09-16 15:59:00+00:00,GLPI,51.65999984741211,51.65999984741211,51.685001373291016,51.630001068115234,51.68000030517578,43604.0
2024-09-16 15:59:00+00:00,GOOD,16.1200008392334,16.1200008392334,16.125,16.100000381469727,16.125,7722.0
2024-09-16 15:59:00+00:00,HST,17.469999313354492,17.469999313354492,17.479999542236328,17.459999084472656,17.46500015258789,193324.0
2024-09-16 15:59:00+00:00,ILPT,5.070000171661377,5.070000171661377,5.079999923706055,5.070000171661377,5.074999809265137,4371.0
2024-09-16 15:59:00+00:00,LAMR,131.08999633789062,131.08999633789062,131.61000061035156,130.96499633789062,131.4600067138672,35431.0
2024-09-16 15:59:00+00:00,LAND,14.569999694824219,14.569999694824219,14.59000015258789,14.569999694824219,14.59000015258789,3598.0
2024-09-16 15:59:00+00:00,LANDO,22.299999237060547,22.299999237060547,22.299999237060547,22.299999237060547,22.299999237060547,404.0
2024-09-16 15:59:00+00:00,LOAN,5.210000038146973,5.210000038146973,5.210000038146973,5.210000038146973,5.210000038146973,256.0
2024-09-16 15:59:00+00:00,LSEA,12.65999984741211,12.65999984741211,12.65999984741211,12.649999618530273,12.649999618530273,1809.0
2024-09-16 15:59:00+00:00,NMRK,14.949999809265137,14.949999809265137,15.0,14.9399995803833,14.994999885559082,38254.0
2024-09-16 15:59:00+00:00,NYMT,6.75,6.75,6.760000228881836,6.739999771118164,6.760000228881836,35774.0
2024-09-16 15:59:00+00:00,NYMTM,24.31999969482422,24.31999969482422,24.31999969482422,24.31999969482422,24.31999969482422,158.0
2024-09-16 15:59:00+00:00,OPEN,2.384999990463257,2.384999990463257,2.390000104904175,2.380000114440918,2.384999990463257,196353.0
2024-09-16 15:59:00+00:00,OPI,2.2249999046325684,2.2249999046325684,2.2249999046325684,2.2200000286102295,2.2249999046325684,11507.0
2024-09-16 15:59:00+00:00,PCH,45.470001220703125,45.470001220703125,45.470001220703125,45.41999816894531,45.46500015258789,16178.0
2024-09-16 15:59:00+00:00,PECO,38.86000061035156,38.86000061035156,38.875,38.834999084472656,38.875,22940.0
2024-09-16 15:59:00+00:00,RDFN,13.640000343322754,13.640000343322754,13.649999618530273,13.619999885559082,13.625,137488.0
2024-09-16 15:59:00+00:00,REAX,5.860000133514404,5.860000133514404,5.860000133514404,5.849999904632568,5.855000019073486,12604.0
2024-09-16 15:59:00+00:00,REFI,16.1299991607666,16.1299991607666,16.1299991607666,16.1299991607666,16.1299991607666,187.0
2024-09-16 15:59:00+00:00,REG,74.76000213623047,74.76000213623047,74.80000305175781,74.7300033569336,74.79499816894531,37517.0
2024-09-16 15:59:00+00:00,RMR,25.260000228881836,25.260000228881836,25.270000457763672,25.2450008392334,25.2450008392334,2621.0
2024-09-16 15:59:00+00:00,ROIC,15.930000305175781,15.930000305175781,15.954999923706055,15.90999984741211,15.954999923706055,40807.0
2024-09-16 15:59:00+00:00,SBAC,245.08999633789062,245.08999633789062,245.14999389648438,244.9600067138672,245.0,44605.0
2024-09-16 15:59:00+00:00,SBRA,18.790000915527344,18.790000915527344,18.81999969482422,18.78499984741211,18.78499984741211,119176.0
2024-09-16 15:59:00+00:00,SEVN,13.864999771118164,13.864999771118164,13.880000114440918,13.864999771118164,13.880000114440918,414.0
2024-09-16 15:59:00+00:00,SVC,4.485000133514404,4.485000133514404,4.489999771118164,4.46999979019165,4.480000019073486,62498.0
2024-09-16 15:59:00+00:00,UNIT,5.340000152587891,5.340000152587891,5.364999771118164,5.340000152587891,5.364999771118164,128553.0
2024-09-16 15:59:00+00:00,VINO,4.800000190734863,4.800000190734863,4.800000190734863,4.800000190734863,4.800000190734863,201.0
2024-09-16 15:59:00+00:00,WHLR,7.199999809265137,7.199999809265137,7.570000171661377,7.199999809265137,7.565000057220459,53881.0
2024-09-16 15:59:00+00:00,WHLRP,2.25,2.25,2.25,2.25,2.25,400.0
