Datetime,Symbol,Adj Close,Close,High,Low,Open,Volume
2023-06-16 09:30:00,ADN,0.7667499780654907,0.7667499780654907,0.7699999809265137,0.766700029373169,0.7699999809265137,14770.0
2023-06-16 09:30:00,AEP,84.55000305175781,84.55000305175781,84.87999725341797,84.4749984741211,84.87999725341797,883320.0
2023-06-16 09:30:00,AEPPZ,49.20000076293945,49.20000076293945,49.20000076293945,49.20000076293945,49.20000076293945,0.0
2023-06-16 09:30:00,ARTNA,49.220001220703125,49.220001220703125,49.2400016784668,49.220001220703125,49.2400016784668,0.0
2023-06-16 09:30:00,AY,24.059999465942383,24.059999465942383,24.149999618530273,24.059999465942383,24.149999618530273,12040.0
2023-06-16 09:30:00,BNRG,1.0,1.0,1.0,1.0,1.0,0.0
2023-06-16 09:30:00,CDZI,4.400000095367432,4.400000095367432,4.400000095367432,4.400000095367432,4.400000095367432,17402.0
2023-06-16 09:30:00,CEG,93.41999816894531,93.41999816894531,93.63999938964844,93.31999969482422,93.58999633789062,593508.0
2023-06-16 09:30:00,CWCO,22.889999389648438,22.889999389648438,22.889999389648438,22.84000015258789,22.84000015258789,2151.0
2023-06-16 09:30:00,EXC,40.86000061035156,40.86000061035156,40.9900016784668,40.790000915527344,40.86000061035156,1757394.0
2023-06-16 09:30:00,FLNC,27.13990020751953,27.13990020751953,27.299999237060547,26.90999984741211,27.290000915527344,124453.0
2023-06-16 09:30:00,GWRS,12.649999618530273,12.649999618530273,12.649999618530273,12.649999618530273,12.649999618530273,20163.0
2023-06-16 09:30:00,HTOO,2.2899999618530273,2.2899999618530273,2.3399999141693115,2.25,2.3399999141693115,25726.0
2023-06-16 09:30:00,LNT,53.90999984741211,53.90999984741211,53.90999984741211,53.83000183105469,53.900001525878906,352383.0
2023-06-16 09:30:00,MGEE,79.94999694824219,79.94999694824219,79.94999694824219,79.94999694824219,79.94999694824219,0.0
2023-06-16 09:30:00,MNTK,7.400000095367432,7.400000095367432,7.400000095367432,7.400000095367432,7.400000095367432,0.0
2023-06-16 09:30:00,MSEX,82.76000213623047,82.76000213623047,82.80000305175781,82.73999786376953,82.73999786376953,0.0
2023-06-16 09:30:00,NFE,29.950000762939453,29.950000762939453,30.18000030517578,29.895000457763672,30.15999984741211,13351.0
2023-06-16 09:30:00,NWE,58.380001068115234,58.380001068115234,58.689998626708984,58.380001068115234,58.689998626708984,0.0
2023-06-16 09:30:00,OPAL,6.869999885559082,6.869999885559082,6.869999885559082,6.869999885559082,6.869999885559082,439.0
2023-06-16 09:30:00,OTTR,76.20999908447266,76.20999908447266,76.20999908447266,76.20999908447266,76.20999908447266,0.0
2023-06-16 09:30:00,PCYO,10.380000114440918,10.380000114440918,10.380000114440918,10.244999885559082,10.350000381469727,0.0
2023-06-16 09:30:00,RNW,6.070000171661377,6.070000171661377,6.079999923706055,5.96999979019165,5.96999979019165,0.0
2023-06-16 09:30:00,VIA,10.9399995803833,10.9399995803833,10.9399995803833,10.9399995803833,10.9399995803833,3804.0
2023-06-16 09:30:00,WAVE,2.4600000381469727,2.4600000381469727,2.4600000381469727,2.4600000381469727,2.4600000381469727,0.0
2023-06-16 09:30:00,XEL,64.08000183105469,64.08000183105469,64.43000030517578,64.0,64.43000030517578,950929.0
2023-06-16 09:30:00,YORW,43.349998474121094,43.349998474121094,43.349998474121094,43.349998474121094,43.349998474121094,0.0
2023-06-16 09:31:00,AEP,84.94000244140625,84.94000244140625,84.94000244140625,84.56999969482422,84.56999969482422,10633.0
2023-06-16 09:31:00,AY,24.15999984741211,24.15999984741211,24.209999084472656,24.15999984741211,24.200000762939453,1032.0
2023-06-16 09:31:00,CDZI,4.389999866485596,4.389999866485596,4.409999847412109,4.389999866485596,4.400000095367432,928.0
2023-06-16 09:31:00,CEG,93.94999694824219,93.94999694824219,94.0199966430664,93.5199966430664,93.56999969482422,23401.0
2023-06-16 09:31:00,CREG,2.0,2.0,2.0,2.0,2.0,1834.0
2023-06-16 09:31:00,CWCO,22.799999237060547,22.799999237060547,22.81999969482422,22.799999237060547,22.81999969482422,536.0
2023-06-16 09:31:00,EXC,40.959999084472656,40.959999084472656,40.97999954223633,40.849998474121094,40.86000061035156,22582.0
2023-06-16 09:31:00,FLNC,27.100000381469727,27.100000381469727,27.100000381469727,27.012699127197266,27.012699127197266,2436.0
2023-06-16 09:31:00,LNT,54.040000915527344,54.040000915527344,54.08000183105469,53.90999984741211,53.90999984741211,2543.0
2023-06-16 09:31:00,MGEE,79.98999786376953,79.98999786376953,79.98999786376953,79.98999786376953,79.98999786376953,725.0
2023-06-16 09:31:00,NFE,29.94499969482422,29.94499969482422,29.94499969482422,29.790000915527344,29.790000915527344,2087.0
2023-06-16 09:31:00,NWE,58.43000030517578,58.43000030517578,58.43000030517578,58.31999969482422,58.31999969482422,612.0
2023-06-16 09:31:00,PCYO,10.420000076293945,10.420000076293945,10.420000076293945,10.420000076293945,10.420000076293945,270.0
2023-06-16 09:31:00,RNW,6.105000019073486,6.105000019073486,6.130000114440918,6.079999923706055,6.079999923706055,8846.0
2023-06-16 09:31:00,VIA,10.84000015258789,10.84000015258789,10.84000015258789,10.84000015258789,10.84000015258789,571.0
2023-06-16 09:31:00,XEL,64.30249786376953,64.30249786376953,64.31999969482422,64.05999755859375,64.08999633789062,29472.0
2023-06-16 09:31:00,YORW,42.974998474121094,42.974998474121094,42.974998474121094,42.974998474121094,42.974998474121094,470.0
2023-06-16 09:32:00,ADN,0.7734000086784363,0.7734000086784363,0.7734000086784363,0.7734000086784363,0.7734000086784363,1340.0
2023-06-16 09:32:00,AEP,84.88999938964844,84.88999938964844,85.0,84.88999938964844,85.0,11631.0
2023-06-16 09:32:00,AY,24.110000610351562,24.110000610351562,24.15999984741211,24.110000610351562,24.15999984741211,1164.0
2023-06-16 09:32:00,CDZI,4.380000114440918,4.380000114440918,4.380000114440918,4.380000114440918,4.380000114440918,500.0
2023-06-16 09:32:00,CEG,93.68000030517578,93.68000030517578,94.05999755859375,93.68000030517578,93.9800033569336,14441.0
2023-06-16 09:32:00,EXC,40.939998626708984,40.939998626708984,41.0099983215332,40.93000030517578,40.959999084472656,14419.0
2023-06-16 09:32:00,FLNC,27.049999237060547,27.049999237060547,27.09000015258789,27.020000457763672,27.075000762939453,2579.0
2023-06-16 09:32:00,HTOO,2.299999952316284,2.299999952316284,2.319999933242798,2.299999952316284,2.299999952316284,6477.0
2023-06-16 09:32:00,LNT,53.97999954223633,53.97999954223633,54.099998474121094,53.959999084472656,54.099998474121094,3789.0
2023-06-16 09:32:00,MSEX,82.41999816894531,82.41999816894531,82.41999816894531,82.41999816894531,82.41999816894531,345.0
2023-06-16 09:32:00,NFE,29.78499984741211,29.78499984741211,29.899999618530273,29.78499984741211,29.899999618530273,2087.0
2023-06-16 09:32:00,OTTR,76.20500183105469,76.20500183105469,76.26000213623047,76.20500183105469,76.26000213623047,280.0
2023-06-16 09:32:00,PCYO,10.420000076293945,10.420000076293945,10.420000076293945,10.420000076293945,10.420000076293945,118.0
2023-06-16 09:32:00,RNW,6.130000114440918,6.130000114440918,6.170000076293945,6.099999904632568,6.099999904632568,24723.0
2023-06-16 09:32:00,XEL,64.27999877929688,64.27999877929688,64.43000030517578,64.27999877929688,64.30999755859375,18660.0
2023-06-16 09:32:00,YORW,42.97999954223633,42.97999954223633,42.97999954223633,42.97999954223633,42.97999954223633,476.0
2023-06-16 09:33:00,ADN,0.7613000273704529,0.7613000273704529,0.7613000273704529,0.7613000273704529,0.7613000273704529,4500.0
2023-06-16 09:33:00,AEP,84.77999877929688,84.77999877929688,84.95999908447266,84.72000122070312,84.95999908447266,2514.0
2023-06-16 09:33:00,CEG,93.83000183105469,93.83000183105469,93.93000030517578,93.62699890136719,93.62999725341797,3465.0
2023-06-16 09:33:00,EXC,40.88999938964844,40.88999938964844,40.970001220703125,40.84000015258789,40.93000030517578,11567.0
2023-06-16 09:33:00,FLNC,27.200000762939453,27.200000762939453,27.200000762939453,27.0049991607666,27.06999969482422,2659.0
2023-06-16 09:33:00,GWRS,12.649999618530273,12.649999618530273,12.649999618530273,12.649999618530273,12.649999618530273,337.0
2023-06-16 09:33:00,HTOO,2.299999952316284,2.299999952316284,2.299999952316284,2.299999952316284,2.299999952316284,4452.0
2023-06-16 09:33:00,LNT,53.90039825439453,53.90039825439453,53.96009826660156,53.90039825439453,53.939998626708984,1260.0
2023-06-16 09:33:00,MGEE,79.95500183105469,79.95500183105469,79.9800033569336,79.93499755859375,79.9800033569336,322.0
2023-06-16 09:33:00,MNTK,7.239999771118164,7.239999771118164,7.320000171661377,7.239999771118164,7.320000171661377,739.0
2023-06-16 09:33:00,NFE,29.81999969482422,29.81999969482422,29.93000030517578,29.81999969482422,29.84000015258789,3527.0
2023-06-16 09:33:00,PCYO,10.40999984741211,10.40999984741211,10.40999984741211,10.40999984741211,10.40999984741211,117.0
2023-06-16 09:33:00,RNW,6.182700157165527,6.182700157165527,6.190000057220459,6.130000114440918,6.130000114440918,6153.0
2023-06-16 09:33:00,VIA,10.720000267028809,10.720000267028809,10.720000267028809,10.720000267028809,10.720000267028809,850.0
2023-06-16 09:33:00,XEL,64.12000274658203,64.12000274658203,64.3499984741211,64.08999633789062,64.2699966430664,8686.0
2023-06-16 09:33:00,YORW,43.005001068115234,43.005001068115234,43.005001068115234,43.005001068115234,43.005001068115234,204.0
2023-06-16 09:34:00,ADN,0.7599999904632568,0.7599999904632568,0.7602009773254395,0.7599999904632568,0.7602009773254395,10063.0
2023-06-16 09:34:00,AEP,85.0,85.0,85.01000213623047,84.76000213623047,84.85710144042969,61552.0
2023-06-16 09:34:00,AY,24.1299991607666,24.1299991607666,24.1299991607666,24.059999465942383,24.100000381469727,2194.0
2023-06-16 09:34:00,BNRG,0.9599999785423279,0.9599999785423279,0.9599999785423279,0.9599999785423279,0.9599999785423279,1000.0
2023-06-16 09:34:00,CDZI,4.380000114440918,4.380000114440918,4.385000228881836,4.380000114440918,4.385000228881836,1257.0
2023-06-16 09:34:00,CEG,94.0,94.0,94.0,93.68000030517578,93.93000030517578,3739.0
2023-06-16 09:34:00,CREG,2.0,2.0,2.0,1.999899983406067,2.0,900.0
2023-06-16 09:34:00,EXC,41.04999923706055,41.04999923706055,41.04999923706055,40.86000061035156,40.869998931884766,10101.0
2023-06-16 09:34:00,FLNC,27.15999984741211,27.15999984741211,27.200000762939453,26.989999771118164,27.200000762939453,3100.0
2023-06-16 09:34:00,LNT,53.994998931884766,53.994998931884766,53.994998931884766,53.900001525878906,53.900001525878906,1094.0
2023-06-16 09:34:00,MGEE,79.91999816894531,79.91999816894531,79.91999816894531,79.91999816894531,79.91999816894531,114.0
2023-06-16 09:34:00,MNTK,7.260000228881836,7.260000228881836,7.289999961853027,7.260000228881836,7.289999961853027,692.0
2023-06-16 09:34:00,NFE,29.920000076293945,29.920000076293945,29.920000076293945,29.864999771118164,29.864999771118164,859.0
2023-06-16 09:34:00,NWE,58.650001525878906,58.650001525878906,58.650001525878906,58.650001525878906,58.650001525878906,118.0
2023-06-16 09:34:00,OTTR,75.875,75.875,75.875,75.875,75.875,201.0
2023-06-16 09:34:00,PCYO,10.420000076293945,10.420000076293945,10.420000076293945,10.420000076293945,10.420000076293945,100.0
2023-06-16 09:34:00,RNW,6.179999828338623,6.179999828338623,6.190000057220459,6.170000076293945,6.179999828338623,9021.0
2023-06-16 09:34:00,XEL,64.37999725341797,64.37999725341797,64.37999725341797,64.06999969482422,64.13500213623047,5601.0
2023-06-16 09:34:00,YORW,43.02000045776367,43.02000045776367,43.02000045776367,43.02000045776367,43.02000045776367,201.0
2023-06-16 09:35:00,ADN,0.7667999863624573,0.7667999863624573,0.7667999863624573,0.7667999863624573,0.7667999863624573,100.0
2023-06-16 09:35:00,AEP,85.0,85.0,85.15699768066406,84.9800033569336,84.98999786376953,39075.0
2023-06-16 09:35:00,AY,24.139999389648438,24.139999389648438,24.139999389648438,24.139999389648438,24.139999389648438,301.0
2023-06-16 09:35:00,CDZI,4.429999828338623,4.429999828338623,4.429999828338623,4.400000095367432,4.400000095367432,1047.0
2023-06-16 09:35:00,CEG,93.97000122070312,93.97000122070312,94.06649780273438,93.95999908447266,94.0,6622.0
2023-06-16 09:35:00,EXC,41.0099983215332,41.0099983215332,41.099998474121094,41.0,41.04999923706055,8216.0
2023-06-16 09:35:00,FLNC,27.25,27.25,27.25,27.155000686645508,27.155000686645508,1274.0
2023-06-16 09:35:00,LNT,53.98500061035156,53.98500061035156,54.11000061035156,53.98500061035156,54.040000915527344,3657.0
2023-06-16 09:35:00,MGEE,79.97000122070312,79.97000122070312,79.97000122070312,79.97000122070312,79.97000122070312,1165.0
2023-06-16 09:35:00,MNTK,7.25,7.25,7.25,7.25,7.25,285.0
2023-06-16 09:35:00,NFE,30.059999465942383,30.059999465942383,30.059999465942383,30.059999465942383,30.059999465942383,642.0
2023-06-16 09:35:00,NWE,58.77000045776367,58.77000045776367,58.77000045776367,58.630001068115234,58.650001525878906,1475.0
2023-06-16 09:35:00,OTTR,75.99500274658203,75.99500274658203,75.99500274658203,75.99500274658203,75.99500274658203,101.0
2023-06-16 09:35:00,PCYO,10.539999961853027,10.539999961853027,10.539999961853027,10.539999961853027,10.539999961853027,4661.0
2023-06-16 09:35:00,RNW,6.170000076293945,6.170000076293945,6.184999942779541,6.170000076293945,6.179999828338623,3170.0
2023-06-16 09:35:00,XEL,64.30999755859375,64.30999755859375,64.45999908447266,64.30999755859375,64.33000183105469,5944.0
2023-06-16 09:35:00,YORW,43.03499984741211,43.03499984741211,43.2400016784668,43.03499984741211,43.2400016784668,646.0
2023-06-16 09:36:00,ADN,0.7599999904632568,0.7599999904632568,0.7615200281143188,0.7599999904632568,0.760200023651123,4889.0
2023-06-16 09:36:00,AEP,85.13999938964844,85.13999938964844,85.13999938964844,84.91000366210938,84.97000122070312,6594.0
2023-06-16 09:36:00,AY,24.190000534057617,24.190000534057617,24.190000534057617,24.100099563598633,24.110000610351562,1855.0
2023-06-16 09:36:00,CDZI,4.400000095367432,4.400000095367432,4.425000190734863,4.400000095367432,4.425000190734863,1330.0
2023-06-16 09:36:00,CEG,94.0,94.0,94.01000213623047,93.9000015258789,93.94999694824219,10583.0
2023-06-16 09:36:00,CREG,2.0,2.0,2.0,2.0,2.0,381.0
2023-06-16 09:36:00,EXC,41.060001373291016,41.060001373291016,41.06999969482422,40.970001220703125,40.9900016784668,9149.0
2023-06-16 09:36:00,FLNC,27.190000534057617,27.190000534057617,27.260000228881836,27.190000534057617,27.260000228881836,696.0
2023-06-16 09:36:00,GWRS,12.601200103759766,12.601200103759766,12.619999885559082,12.601200103759766,12.619999885559082,5306.0
2023-06-16 09:36:00,LNT,54.06999969482422,54.06999969482422,54.099998474121094,53.96500015258789,53.970001220703125,7214.0
2023-06-16 09:36:00,NFE,30.139999389648438,30.139999389648438,30.139999389648438,30.014999389648438,30.040000915527344,2907.0
2023-06-16 09:36:00,OTTR,75.84500122070312,75.84500122070312,75.84500122070312,75.84500122070312,75.84500122070312,113.0
2023-06-16 09:36:00,RNW,6.159999847412109,6.159999847412109,6.199999809265137,6.159999847412109,6.190000057220459,4604.0
2023-06-16 09:36:00,XEL,64.44000244140625,64.44000244140625,64.47000122070312,64.26000213623047,64.27999877929688,8771.0
2023-06-16 09:37:00,ADN,0.7599999904632568,0.7599999904632568,0.7599999904632568,0.7599999904632568,0.7599999904632568,5216.0
2023-06-16 09:37:00,AEP,84.87000274658203,84.87000274658203,85.12999725341797,84.87000274658203,85.08999633789062,12640.0
2023-06-16 09:37:00,AY,24.200000762939453,24.200000762939453,24.229999542236328,24.200000762939453,24.229999542236328,209.0
2023-06-16 09:37:00,CEG,93.76000213623047,93.76000213623047,94.01499938964844,93.76000213623047,94.01499938964844,6695.0
2023-06-16 09:37:00,CWCO,22.270000457763672,22.270000457763672,22.690000534057617,22.270000457763672,22.680999755859375,8463.0
2023-06-16 09:37:00,EXC,40.97999954223633,40.97999954223633,41.060001373291016,40.939998626708984,41.04999923706055,12624.0
2023-06-16 09:37:00,FLNC,27.190000534057617,27.190000534057617,27.309999465942383,27.15999984741211,27.15999984741211,1989.0
2023-06-16 09:37:00,LNT,53.91999816894531,53.91999816894531,54.08000183105469,53.91999816894531,54.04999923706055,4521.0
2023-06-16 09:37:00,MNTK,7.199999809265137,7.199999809265137,7.199999809265137,7.199999809265137,7.199999809265137,524.0
2023-06-16 09:37:00,NFE,30.131799697875977,30.131799697875977,30.131799697875977,30.049999237060547,30.09000015258789,1552.0
2023-06-16 09:37:00,RNW,6.150000095367432,6.150000095367432,6.151800155639648,6.139999866485596,6.151800155639648,9413.0
2023-06-16 09:37:00,VIA,10.920000076293945,10.920000076293945,10.920000076293945,10.920000076293945,10.920000076293945,115.0
2023-06-16 09:37:00,XEL,64.31999969482422,64.31999969482422,64.45999908447266,64.31999969482422,64.44999694824219,4997.0
2023-06-16 09:38:00,ADN,0.7501000165939331,0.7501000165939331,0.7599999904632568,0.75,0.7599999904632568,15903.0
2023-06-16 09:38:00,AEP,85.05999755859375,85.05999755859375,85.08999633789062,84.95809936523438,84.97000122070312,4138.0
2023-06-16 09:38:00,ARTNA,49.65999984741211,49.65999984741211,49.65999984741211,49.65999984741211,49.65999984741211,369.0
2023-06-16 09:38:00,AY,24.19499969482422,24.19499969482422,24.19499969482422,24.19499969482422,24.19499969482422,316.0
2023-06-16 09:38:00,CEG,93.93000030517578,93.93000030517578,93.93000030517578,93.73999786376953,93.79000091552734,2879.0
2023-06-16 09:38:00,EXC,41.04499816894531,41.04499816894531,41.04499816894531,40.959999084472656,40.97999954223633,5980.0
2023-06-16 09:38:00,FLNC,27.100000381469727,27.100000381469727,27.299999237060547,27.100000381469727,27.299999237060547,2733.0
2023-06-16 09:38:00,LNT,53.9900016784668,53.9900016784668,54.0099983215332,53.93000030517578,53.95000076293945,3161.0
2023-06-16 09:38:00,NFE,30.06599998474121,30.06599998474121,30.06599998474121,30.030000686645508,30.040000915527344,1279.0
2023-06-16 09:38:00,OTTR,75.86499786376953,75.86499786376953,75.86499786376953,75.86499786376953,75.86499786376953,128.0
2023-06-16 09:38:00,RNW,6.159999847412109,6.159999847412109,6.159999847412109,6.159999847412109,6.159999847412109,253.0
2023-06-16 09:38:00,XEL,64.45999908447266,64.45999908447266,64.48999786376953,64.36000061035156,64.36000061035156,14123.0
2023-06-16 09:39:00,ADN,0.7583000063896179,0.7583000063896179,0.7597000002861023,0.7501000165939331,0.7501000165939331,1875.0
2023-06-16 09:39:00,AEP,85.18000030517578,85.18000030517578,85.18000030517578,85.05999755859375,85.08999633789062,3985.0
2023-06-16 09:39:00,AY,24.19499969482422,24.19499969482422,24.19499969482422,24.19499969482422,24.19499969482422,431.0
2023-06-16 09:39:00,CEG,93.97000122070312,93.97000122070312,94.06999969482422,93.94499969482422,93.94999694824219,3431.0
2023-06-16 09:39:00,EXC,41.09000015258789,41.09000015258789,41.09000015258789,41.01499938964844,41.060001373291016,7164.0
2023-06-16 09:39:00,FLNC,27.09749984741211,27.09749984741211,27.100000381469727,26.9950008392334,27.049999237060547,4432.0
2023-06-16 09:39:00,GWRS,12.609999656677246,12.609999656677246,12.609999656677246,12.609999656677246,12.609999656677246,200.0
2023-06-16 09:39:00,LNT,54.04999923706055,54.04999923706055,54.04999923706055,54.0099983215332,54.025001525878906,3101.0
2023-06-16 09:39:00,MNTK,7.179999828338623,7.179999828338623,7.179999828338623,7.179999828338623,7.179999828338623,533.0
2023-06-16 09:39:00,NFE,30.079999923706055,30.079999923706055,30.100000381469727,30.03499984741211,30.100000381469727,595.0
2023-06-16 09:39:00,NWE,58.810001373291016,58.810001373291016,58.810001373291016,58.810001373291016,58.810001373291016,418.0
2023-06-16 09:39:00,OTTR,75.90499877929688,75.90499877929688,75.90499877929688,75.90499877929688,75.90499877929688,109.0
2023-06-16 09:39:00,RNW,6.179999828338623,6.179999828338623,6.179999828338623,6.159999847412109,6.170000076293945,9550.0
2023-06-16 09:39:00,XEL,64.54000091552734,64.54000091552734,64.54000091552734,64.47000122070312,64.51000213623047,9993.0
2023-06-16 09:40:00,ADN,0.7501000165939331,0.7501000165939331,0.7501000165939331,0.7501000165939331,0.7501000165939331,1774.0
2023-06-16 09:40:00,AEP,85.2699966430664,85.2699966430664,85.33000183105469,85.16000366210938,85.20999908447266,7445.0
2023-06-16 09:40:00,AY,24.225000381469727,24.225000381469727,24.239999771118164,24.18000030517578,24.18000030517578,1737.0
2023-06-16 09:40:00,CEG,93.87999725341797,93.87999725341797,94.0199966430664,93.87999725341797,93.98400115966797,5148.0
2023-06-16 09:40:00,CREG,2.0,2.0,2.0,2.0,2.0,392.0
2023-06-16 09:40:00,EXC,41.125,41.125,41.16999816894531,41.060001373291016,41.09000015258789,36844.0
2023-06-16 09:40:00,FLNC,27.110000610351562,27.110000610351562,27.190000534057617,27.094999313354492,27.149999618530273,2204.0
2023-06-16 09:40:00,GWRS,12.609999656677246,12.609999656677246,12.609999656677246,12.609999656677246,12.609999656677246,819.0
2023-06-16 09:40:00,HTOO,2.299999952316284,2.299999952316284,2.299999952316284,2.299999952316284,2.299999952316284,183.0
2023-06-16 09:40:00,LNT,54.13999938964844,54.13999938964844,54.13999938964844,54.06999969482422,54.06999969482422,3732.0
2023-06-16 09:40:00,MNTK,7.21999979019165,7.21999979019165,7.239999771118164,7.199999809265137,7.199999809265137,4246.0
2023-06-16 09:40:00,NFE,30.049999237060547,30.049999237060547,30.139999389648438,30.049999237060547,30.1200008392334,6599.0
2023-06-16 09:40:00,OTTR,75.91500091552734,75.91500091552734,75.91500091552734,75.91500091552734,75.91500091552734,301.0
2023-06-16 09:40:00,RNW,6.187600135803223,6.187600135803223,6.190000057220459,6.179999828338623,6.179999828338623,1322.0
2023-06-16 09:40:00,XEL,64.5999984741211,64.5999984741211,64.62000274658203,64.52999877929688,64.55999755859375,12974.0
2023-06-16 09:41:00,ADN,0.7595999836921692,0.7595999836921692,0.7595999836921692,0.7501000165939331,0.7501000165939331,1927.0
2023-06-16 09:41:00,AEP,85.25,85.25,85.25,85.13500213623047,85.1500015258789,4652.0
2023-06-16 09:41:00,AY,24.136499404907227,24.136499404907227,24.239999771118164,24.136499404907227,24.239999771118164,2202.0
2023-06-16 09:41:00,CEG,94.0,94.0,94.00900268554688,93.8499984741211,93.87999725341797,4406.0
2023-06-16 09:41:00,CWCO,22.459999084472656,22.459999084472656,22.459999084472656,22.399999618530273,22.399999618530273,1328.0
2023-06-16 09:41:00,EXC,41.11000061035156,41.11000061035156,41.11000061035156,41.05500030517578,41.060001373291016,3467.0
2023-06-16 09:41:00,FLNC,27.178199768066406,27.178199768066406,27.190000534057617,27.040000915527344,27.040000915527344,3171.0
2023-06-16 09:41:00,HTOO,2.265000104904175,2.265000104904175,2.2806999683380127,2.265000104904175,2.2799999713897705,1338.0
2023-06-16 09:41:00,LNT,54.11000061035156,54.11000061035156,54.11000061035156,54.040000915527344,54.08000183105469,2363.0
2023-06-16 09:41:00,MNTK,7.210000038146973,7.210000038146973,7.210000038146973,7.210000038146973,7.210000038146973,559.0
2023-06-16 09:41:00,NFE,30.020000457763672,30.020000457763672,30.020000457763672,30.020000457763672,30.020000457763672,100.0
2023-06-16 09:41:00,NWE,58.880001068115234,58.880001068115234,58.880001068115234,58.880001068115234,58.880001068115234,239.0
2023-06-16 09:41:00,RNW,6.175000190734863,6.175000190734863,6.184999942779541,6.175000190734863,6.184999942779541,2957.0
2023-06-16 09:41:00,XEL,64.58999633789062,64.58999633789062,64.58999633789062,64.44999694824219,64.45999908447266,7655.0
2023-06-16 09:42:00,ADN,0.7400000095367432,0.7400000095367432,0.7501000165939331,0.7400000095367432,0.7501000165939331,11983.0
2023-06-16 09:42:00,AEP,85.125,85.125,85.23999786376953,85.07689666748047,85.23999786376953,2650.0
2023-06-16 09:42:00,CEG,93.95999908447266,93.95999908447266,94.00499725341797,93.91000366210938,94.0,2974.0
2023-06-16 09:42:00,EXC,41.08000183105469,41.08000183105469,41.1150016784668,41.040000915527344,41.1150016784668,5136.0
2023-06-16 09:42:00,FLNC,27.100000381469727,27.100000381469727,27.100000381469727,27.100000381469727,27.100000381469727,320.0
2023-06-16 09:42:00,LNT,54.02000045776367,54.02000045776367,54.04999923706055,54.005001068115234,54.04999923706055,3606.0
2023-06-16 09:42:00,MSEX,82.66999816894531,82.66999816894531,82.69000244140625,82.66999816894531,82.69000244140625,611.0
2023-06-16 09:42:00,NFE,29.979999542236328,29.979999542236328,30.045000076293945,29.975000381469727,30.045000076293945,9216.0
2023-06-16 09:42:00,NWE,58.689998626708984,58.689998626708984,58.689998626708984,58.689998626708984,58.689998626708984,207.0
2023-06-16 09:42:00,RNW,6.179999828338623,6.179999828338623,6.184999942779541,6.175000190734863,6.179999828338623,5872.0
2023-06-16 09:42:00,XEL,64.56999969482422,64.56999969482422,64.61000061035156,64.5,64.61000061035156,6622.0
2023-06-16 09:43:00,ADN,0.7570409774780273,0.7570409774780273,0.7570409774780273,0.75,0.7513999938964844,1954.0
2023-06-16 09:43:00,AEP,85.1500015258789,85.1500015258789,85.19999694824219,85.11000061035156,85.18000030517578,3071.0
2023-06-16 09:43:00,AY,24.10300064086914,24.10300064086914,24.1299991607666,24.10300064086914,24.1200008392334,951.0
2023-06-16 09:43:00,CDZI,4.40500020980835,4.40500020980835,4.40500020980835,4.40500020980835,4.40500020980835,105.0
2023-06-16 09:43:00,CEG,93.95500183105469,93.95500183105469,94.05000305175781,93.91000366210938,93.96499633789062,14813.0
2023-06-16 09:43:00,EXC,41.08000183105469,41.08000183105469,41.099998474121094,41.040000915527344,41.09000015258789,4774.0
2023-06-16 09:43:00,FLNC,26.899999618530273,26.899999618530273,27.020000457763672,26.899999618530273,27.0,4183.0
2023-06-16 09:43:00,LNT,54.02000045776367,54.02000045776367,54.06999969482422,54.0,54.029998779296875,2647.0
2023-06-16 09:43:00,NFE,29.940000534057617,29.940000534057617,29.969999313354492,29.885000228881836,29.950000762939453,9617.0
2023-06-16 09:43:00,NWE,58.71500015258789,58.71500015258789,58.71500015258789,58.630001068115234,58.630001068115234,693.0
2023-06-16 09:43:00,RNW,6.175000190734863,6.175000190734863,6.175000190734863,6.170000076293945,6.175000190734863,1045.0
2023-06-16 09:43:00,XEL,64.55999755859375,64.55999755859375,64.61000061035156,64.5199966430664,64.58000183105469,6574.0
2023-06-16 09:43:00,YORW,43.150001525878906,43.150001525878906,43.150001525878906,43.150001525878906,43.150001525878906,485.0
2023-06-16 09:44:00,ADN,0.7432000041007996,0.7432000041007996,0.7595999836921692,0.7432000041007996,0.7595999836921692,302.0
2023-06-16 09:44:00,AEP,85.22000122070312,85.22000122070312,85.29000091552734,85.1500015258789,85.1500015258789,2334.0
2023-06-16 09:44:00,AY,24.162799835205078,24.162799835205078,24.162799835205078,24.1299991607666,24.1299991607666,2272.0
2023-06-16 09:44:00,CDZI,4.380000114440918,4.380000114440918,4.380000114440918,4.380000114440918,4.380000114440918,100.0
2023-06-16 09:44:00,CEG,94.12999725341797,94.12999725341797,94.12999725341797,93.98999786376953,93.98999786376953,22494.0
2023-06-16 09:44:00,EXC,41.130001068115234,41.130001068115234,41.17499923706055,41.08000183105469,41.09000015258789,7962.0
2023-06-16 09:44:00,FLNC,26.90999984741211,26.90999984741211,26.93000030517578,26.84000015258789,26.899999618530273,2262.0
2023-06-16 09:44:00,HTOO,2.2799999713897705,2.2799999713897705,2.2799999713897705,2.2799999713897705,2.2799999713897705,137.0
2023-06-16 09:44:00,LNT,54.08000183105469,54.08000183105469,54.09000015258789,54.01499938964844,54.01499938964844,1729.0
2023-06-16 09:44:00,NFE,29.969999313354492,29.969999313354492,29.969999313354492,29.893800735473633,29.93000030517578,2235.0
2023-06-16 09:44:00,NWE,58.75,58.75,58.75,58.75,58.75,165.0
2023-06-16 09:44:00,RNW,6.175000190734863,6.175000190734863,6.175000190734863,6.175000190734863,6.175000190734863,560.0
2023-06-16 09:44:00,XEL,64.66000366210938,64.66000366210938,64.66000366210938,64.55999755859375,64.55999755859375,4223.0
2023-06-16 09:45:00,ADN,0.7433000206947327,0.7433000206947327,0.7433000206947327,0.7432000041007996,0.7432000041007996,407.0
2023-06-16 09:45:00,AEP,85.11000061035156,85.11000061035156,85.2300033569336,85.11000061035156,85.2300033569336,5899.0
2023-06-16 09:45:00,ARTNA,49.435001373291016,49.435001373291016,49.435001373291016,49.435001373291016,49.435001373291016,284.0
2023-06-16 09:45:00,AY,24.104999542236328,24.104999542236328,24.1200008392334,24.100000381469727,24.1200008392334,744.0
2023-06-16 09:45:00,CEG,94.0999984741211,94.0999984741211,94.16999816894531,94.08999633789062,94.12000274658203,6038.0
2023-06-16 09:45:00,EXC,41.125,41.125,41.13999938964844,41.099998474121094,41.13999938964844,6946.0
2023-06-16 09:45:00,FLNC,26.719999313354492,26.719999313354492,26.84000015258789,26.719999313354492,26.84000015258789,6838.0
2023-06-16 09:45:00,LNT,54.040000915527344,54.040000915527344,54.040000915527344,53.98500061035156,53.98500061035156,1449.0
2023-06-16 09:45:00,MNTK,7.150000095367432,7.150000095367432,7.164999961853027,7.150000095367432,7.164999961853027,444.0
2023-06-16 09:45:00,NFE,29.950000762939453,29.950000762939453,30.010000228881836,29.950000762939453,29.969999313354492,3157.0
2023-06-16 09:45:00,NWE,58.720001220703125,58.720001220703125,58.75,58.720001220703125,58.75,200.0
2023-06-16 09:45:00,RNW,6.190000057220459,6.190000057220459,6.199999809265137,6.150000095367432,6.175000190734863,234907.0
2023-06-16 09:45:00,XEL,64.55000305175781,64.55000305175781,64.62999725341797,64.52999877929688,64.62999725341797,3900.0
2023-06-16 09:46:00,ADN,0.7595000267028809,0.7595000267028809,0.7595000267028809,0.7595000267028809,0.7595000267028809,244.0
2023-06-16 09:46:00,AEP,84.87999725341797,84.87999725341797,85.08999633789062,84.87999725341797,85.08999633789062,3090.0
2023-06-16 09:46:00,AY,24.079999923706055,24.079999923706055,24.110000610351562,24.079999923706055,24.110000610351562,387.0
2023-06-16 09:46:00,CEG,94.01000213623047,94.01000213623047,94.11000061035156,93.95999908447266,94.11000061035156,5424.0
2023-06-16 09:46:00,CREG,2.0199999809265137,2.0199999809265137,2.0199999809265137,2.0199999809265137,2.0199999809265137,336.0
2023-06-16 09:46:00,EXC,41.029998779296875,41.029998779296875,41.119998931884766,41.029998779296875,41.119998931884766,13531.0
2023-06-16 09:46:00,FLNC,26.704999923706055,26.704999923706055,26.860000610351562,26.704999923706055,26.81999969482422,5618.0
2023-06-16 09:46:00,LNT,53.869998931884766,53.869998931884766,53.92499923706055,53.849998474121094,53.92499923706055,2276.0
2023-06-16 09:46:00,MNTK,7.099999904632568,7.099999904632568,7.150000095367432,7.099999904632568,7.139999866485596,2348.0
2023-06-16 09:46:00,MSEX,82.2699966430664,82.2699966430664,82.2699966430664,82.2699966430664,82.2699966430664,345.0
2023-06-16 09:46:00,NFE,29.850000381469727,29.850000381469727,29.950000762939453,29.850000381469727,29.950000762939453,1034.0
2023-06-16 09:46:00,NWE,58.709999084472656,58.709999084472656,58.73500061035156,58.689998626708984,58.73500061035156,980.0
2023-06-16 09:46:00,RNW,6.110000133514404,6.110000133514404,6.190000057220459,6.110000133514404,6.190000057220459,70810.0
2023-06-16 09:46:00,XEL,64.37999725341797,64.37999725341797,64.55500030517578,64.37999725341797,64.55500030517578,6482.0
2023-06-16 09:47:00,ADN,0.7595999836921692,0.7595999836921692,0.7595999836921692,0.7497990131378174,0.75,1238.0
2023-06-16 09:47:00,AEP,84.88999938964844,84.88999938964844,84.94999694824219,84.86000061035156,84.87999725341797,2211.0
2023-06-16 09:47:00,CDZI,4.380000114440918,4.380000114440918,4.380000114440918,4.380000114440918,4.380000114440918,1869.0
2023-06-16 09:47:00,CEG,93.93000030517578,93.93000030517578,93.9800033569336,93.88169860839844,93.97000122070312,5618.0
2023-06-16 09:47:00,EXC,41.040000915527344,41.040000915527344,41.08000183105469,41.025001525878906,41.037899017333984,12118.0
2023-06-16 09:47:00,FLNC,26.800500869750977,26.800500869750977,26.800500869750977,26.800500869750977,26.800500869750977,189.0
2023-06-16 09:47:00,LNT,53.91999816894531,53.91999816894531,53.970001220703125,53.869998931884766,53.869998931884766,2283.0
2023-06-16 09:47:00,MNTK,7.090000152587891,7.090000152587891,7.090000152587891,7.079999923706055,7.079999923706055,2961.0
2023-06-16 09:47:00,NFE,29.75670051574707,29.75670051574707,29.815000534057617,29.75670051574707,29.815000534057617,2103.0
2023-06-16 09:47:00,OTTR,75.92500305175781,75.92500305175781,75.92500305175781,75.92500305175781,75.92500305175781,302.0
2023-06-16 09:47:00,RNW,6.099999904632568,6.099999904632568,6.125,6.099999904632568,6.119999885559082,9606.0
2023-06-16 09:47:00,XEL,64.43000030517578,64.43000030517578,64.4800033569336,64.375,64.38500213623047,9355.0
2023-06-16 09:48:00,ADN,0.7419000267982483,0.7419000267982483,0.7419000267982483,0.7400000095367432,0.7400000095367432,3102.0
2023-06-16 09:48:00,AEP,84.91500091552734,84.91500091552734,84.9800033569336,84.88999938964844,84.94000244140625,1415.0
2023-06-16 09:48:00,AY,24.010000228881836,24.010000228881836,24.079999923706055,24.010000228881836,24.079999923706055,2276.0
2023-06-16 09:48:00,CEG,93.99559783935547,93.99559783935547,94.0,93.95500183105469,94.0,1566.0
2023-06-16 09:48:00,EXC,41.03499984741211,41.03499984741211,41.060001373291016,41.02000045776367,41.060001373291016,4717.0
2023-06-16 09:48:00,FLNC,26.700000762939453,26.700000762939453,26.87529945373535,26.700000762939453,26.87529945373535,3725.0
2023-06-16 09:48:00,HTOO,2.259999990463257,2.259999990463257,2.259999990463257,2.259999990463257,2.259999990463257,216.0
2023-06-16 09:48:00,LNT,53.97999954223633,53.97999954223633,53.97999954223633,53.91999816894531,53.91999816894531,2375.0
2023-06-16 09:48:00,MSEX,82.34500122070312,82.34500122070312,82.34500122070312,82.34500122070312,82.34500122070312,386.0
2023-06-16 09:48:00,NFE,29.829999923706055,29.829999923706055,29.829999923706055,29.75,29.75,2136.0
2023-06-16 09:48:00,OTTR,75.66000366210938,75.66000366210938,75.8949966430664,75.66000366210938,75.8949966430664,3042.0
2023-06-16 09:48:00,RNW,6.070000171661377,6.070000171661377,6.099999904632568,6.070000171661377,6.090000152587891,10066.0
2023-06-16 09:48:00,VIA,10.820099830627441,10.820099830627441,10.820099830627441,10.820099830627441,10.820099830627441,986.0
2023-06-16 09:48:00,XEL,64.4000015258789,64.4000015258789,64.44000244140625,64.37000274658203,64.44000244140625,2976.0
2023-06-16 09:49:00,ADN,0.7419000267982483,0.7419000267982483,0.7419000267982483,0.7419000267982483,0.7419000267982483,1002.0
2023-06-16 09:49:00,AEP,85.0199966430664,85.0199966430664,85.0199966430664,84.87999725341797,84.87999725341797,3053.0
2023-06-16 09:49:00,BNRG,0.9800000190734863,0.9800000190734863,0.9800000190734863,0.9800000190734863,0.9800000190734863,0.0
2023-06-16 09:49:00,CEG,93.9800033569336,93.9800033569336,94.08000183105469,93.9800033569336,94.05500030517578,5103.0
2023-06-16 09:49:00,EXC,41.099998474121094,41.099998474121094,41.099998474121094,41.0099983215332,41.029998779296875,7654.0
2023-06-16 09:49:00,FLNC,26.799999237060547,26.799999237060547,26.850000381469727,26.700000762939453,26.75,11667.0
2023-06-16 09:49:00,LNT,54.04999923706055,54.04999923706055,54.04999923706055,53.93000030517578,53.939998626708984,2671.0
2023-06-16 09:49:00,MNTK,7.119999885559082,7.119999885559082,7.119999885559082,7.099999904632568,7.099999904632568,1644.0
2023-06-16 09:49:00,MSEX,82.56999969482422,82.56999969482422,82.56999969482422,82.56999969482422,82.56999969482422,736.0
2023-06-16 09:49:00,NFE,29.84000015258789,29.84000015258789,29.84000015258789,29.84000015258789,29.84000015258789,118.0
2023-06-16 09:49:00,NWE,58.709999084472656,58.709999084472656,58.709999084472656,58.709999084472656,58.709999084472656,241.0
2023-06-16 09:49:00,OTTR,75.38999938964844,75.38999938964844,75.38999938964844,75.38999938964844,75.38999938964844,185.0
2023-06-16 09:49:00,XEL,64.46589660644531,64.46589660644531,64.46589660644531,64.3499984741211,64.3499984741211,2863.0
2023-06-16 09:50:00,AEP,85.12000274658203,85.12000274658203,85.12000274658203,85.1050033569336,85.1050033569336,2438.0
2023-06-16 09:50:00,AY,24.06999969482422,24.06999969482422,24.06999969482422,24.06999969482422,24.06999969482422,0.0
2023-06-16 09:50:00,CDZI,4.409999847412109,4.409999847412109,4.409999847412109,4.409999847412109,4.409999847412109,3052.0
2023-06-16 09:50:00,CEG,94.05999755859375,94.05999755859375,94.05999755859375,94.05999755859375,94.05999755859375,1197.0
2023-06-16 09:50:00,EXC,41.099998474121094,41.099998474121094,41.099998474121094,41.09000015258789,41.09000015258789,6299.0
2023-06-16 09:50:00,FLNC,26.843799591064453,26.843799591064453,26.843799591064453,26.843799591064453,26.843799591064453,548.0
2023-06-16 09:50:00,LNT,54.11000061035156,54.11000061035156,54.11000061035156,54.11000061035156,54.11000061035156,2116.0
2023-06-16 09:50:00,MNTK,7.139999866485596,7.139999866485596,7.139999866485596,7.139999866485596,7.139999866485596,834.0
2023-06-16 09:50:00,NFE,29.8799991607666,29.8799991607666,29.90999984741211,29.8799991607666,29.899999618530273,2729.0
2023-06-16 09:50:00,NWE,58.869998931884766,58.869998931884766,58.869998931884766,58.869998931884766,58.869998931884766,2307.0
2023-06-16 09:50:00,XEL,64.5,64.5,64.51000213623047,64.5,64.51000213623047,2126.0
2023-06-16 09:50:00,YORW,43.220001220703125,43.220001220703125,43.220001220703125,43.220001220703125,43.220001220703125,254.0
2023-06-16 09:51:00,ADN,0.75,0.75,0.7595999836921692,0.75,0.75,4809.0
2023-06-16 09:51:00,AEP,85.06999969482422,85.06999969482422,85.09960174560547,85.05000305175781,85.08000183105469,2359.0
2023-06-16 09:51:00,AY,24.104999542236328,24.104999542236328,24.133800506591797,24.100000381469727,24.100000381469727,32961.0
2023-06-16 09:51:00,CEG,94.07499694824219,94.07499694824219,94.12000274658203,94.02999877929688,94.06999969482422,4448.0
2023-06-16 09:51:00,EXC,41.09000015258789,41.09000015258789,41.10499954223633,41.060001373291016,41.10499954223633,7370.0
2023-06-16 09:51:00,FLNC,26.739999771118164,26.739999771118164,26.799999237060547,26.739999771118164,26.790000915527344,635.0
2023-06-16 09:51:00,GWRS,12.609999656677246,12.609999656677246,12.609999656677246,12.609999656677246,12.609999656677246,862.0
2023-06-16 09:51:00,LNT,54.06999969482422,54.06999969482422,54.099998474121094,54.04999923706055,54.099998474121094,2341.0
2023-06-16 09:51:00,NFE,29.8700008392334,29.8700008392334,29.90999984741211,29.850000381469727,29.90999984741211,1996.0
2023-06-16 09:51:00,RGCO,21.420000076293945,21.420000076293945,21.420000076293945,21.420000076293945,21.420000076293945,1642.0
2023-06-16 09:51:00,RNW,6.079999923706055,6.079999923706055,6.085000038146973,6.079999923706055,6.085000038146973,6812.0
2023-06-16 09:51:00,XEL,64.44000244140625,64.44000244140625,64.5,64.44000244140625,64.5,4176.0
2023-06-16 09:52:00,ADN,0.75,0.75,0.75,0.75,0.75,800.0
2023-06-16 09:52:00,AEP,85.0999984741211,85.0999984741211,85.15499877929688,85.0999984741211,85.11000061035156,2463.0
2023-06-16 09:52:00,AY,24.104999542236328,24.104999542236328,24.104999542236328,24.104999542236328,24.104999542236328,206.0
2023-06-16 09:52:00,CEG,94.12000274658203,94.12000274658203,94.16000366210938,94.07499694824219,94.07499694824219,4947.0
2023-06-16 09:52:00,CWCO,22.475000381469727,22.475000381469727,22.475000381469727,22.389999389648438,22.399999618530273,1932.0
2023-06-16 09:52:00,EXC,41.07500076293945,41.07500076293945,41.1349983215332,41.07500076293945,41.099998474121094,5948.0
2023-06-16 09:52:00,FLNC,26.780000686645508,26.780000686645508,26.780000686645508,26.729999542236328,26.729999542236328,1983.0
2023-06-16 09:52:00,HTOO,2.255000114440918,2.255000114440918,2.255000114440918,2.255000114440918,2.255000114440918,277.0
2023-06-16 09:52:00,LNT,54.08000183105469,54.08000183105469,54.08000183105469,54.08000183105469,54.08000183105469,588.0
2023-06-16 09:52:00,MGEE,79.30999755859375,79.30999755859375,79.30999755859375,79.30999755859375,79.30999755859375,327.0
2023-06-16 09:52:00,MNTK,7.119999885559082,7.119999885559082,7.119999885559082,7.119999885559082,7.119999885559082,482.0
2023-06-16 09:52:00,NFE,29.80500030517578,29.80500030517578,29.84000015258789,29.80500030517578,29.84000015258789,494.0
2023-06-16 09:52:00,NWE,58.880001068115234,58.880001068115234,59.0099983215332,58.779998779296875,58.779998779296875,916.0
2023-06-16 09:52:00,RNW,6.039999961853027,6.039999961853027,6.070000171661377,6.039999961853027,6.070000171661377,8093.0
2023-06-16 09:52:00,XEL,64.48999786376953,64.48999786376953,64.5198974609375,64.44999694824219,64.44999694824219,2064.0
2023-06-16 09:52:00,YORW,43.339900970458984,43.339900970458984,43.339900970458984,43.339900970458984,43.339900970458984,372.0
2023-06-16 09:53:00,ADN,0.75,0.75,0.75,0.75,0.75,722.0
2023-06-16 09:53:00,AEP,85.19619750976562,85.19619750976562,85.22000122070312,85.0999984741211,85.13999938964844,3230.0
2023-06-16 09:53:00,AEPPZ,49.29999923706055,49.29999923706055,49.29999923706055,49.29999923706055,49.29999923706055,294.0
2023-06-16 09:53:00,AY,24.06999969482422,24.06999969482422,24.1200008392334,24.06999969482422,24.1200008392334,1394.0
2023-06-16 09:53:00,CEG,94.20999908447266,94.20999908447266,94.20999908447266,94.08000183105469,94.12000274658203,5971.0
2023-06-16 09:53:00,EXC,41.13999938964844,41.13999938964844,41.13999938964844,41.08000183105469,41.08000183105469,7049.0
2023-06-16 09:53:00,FLNC,26.78499984741211,26.78499984741211,26.799999237060547,26.739999771118164,26.780000686645508,1916.0
2023-06-16 09:53:00,LNT,54.150001525878906,54.150001525878906,54.150001525878906,54.130001068115234,54.130001068115234,2191.0
2023-06-16 09:53:00,MNTK,7.099999904632568,7.099999904632568,7.099999904632568,7.099999904632568,7.099999904632568,172.0
2023-06-16 09:53:00,NFE,29.84000015258789,29.84000015258789,29.889299392700195,29.829999923706055,29.860000610351562,1109.0
2023-06-16 09:53:00,RNW,6.038000106811523,6.038000106811523,6.038000106811523,6.034999847412109,6.034999847412109,635.0
2023-06-16 09:53:00,XEL,64.54499816894531,64.54499816894531,64.54499816894531,64.48999786376953,64.5,2962.0
2023-06-16 09:54:00,ADN,0.75,0.75,0.75,0.75,0.75,6358.0
2023-06-16 09:54:00,AEP,85.3499984741211,85.3499984741211,85.3499984741211,85.22000122070312,85.22000122070312,5073.0
2023-06-16 09:54:00,ARTNA,49.7400016784668,49.7400016784668,49.7400016784668,49.7400016784668,49.7400016784668,124.0
2023-06-16 09:54:00,CEG,94.339599609375,94.339599609375,94.339599609375,94.29000091552734,94.29000091552734,1877.0
2023-06-16 09:54:00,CWCO,22.700000762939453,22.700000762939453,22.700000762939453,22.475000381469727,22.520000457763672,1470.0
2023-06-16 09:54:00,EXC,41.220001220703125,41.220001220703125,41.220001220703125,41.150001525878906,41.150001525878906,11175.0
2023-06-16 09:54:00,FLNC,26.601499557495117,26.601499557495117,26.709999084472656,26.601499557495117,26.709999084472656,3395.0
2023-06-16 09:54:00,HTOO,2.2588000297546387,2.2588000297546387,2.2588000297546387,2.2572999000549316,2.2572999000549316,749.0
2023-06-16 09:54:00,LNT,54.20000076293945,54.20000076293945,54.20000076293945,54.189998626708984,54.20000076293945,438.0
2023-06-16 09:54:00,MGEE,80.3499984741211,80.3499984741211,80.3550033569336,79.73999786376953,79.73999786376953,4944.0
2023-06-16 09:54:00,MNTK,7.070000171661377,7.070000171661377,7.105000019073486,7.070000171661377,7.079999923706055,1932.0
2023-06-16 09:54:00,NFE,29.780000686645508,29.780000686645508,29.84000015258789,29.780000686645508,29.84000015258789,1120.0
2023-06-16 09:54:00,NWE,58.880001068115234,58.880001068115234,58.88999938964844,58.84000015258789,58.88999938964844,1205.0
2023-06-16 09:54:00,OTTR,75.5999984741211,75.5999984741211,75.75,75.5999984741211,75.75,2245.0
2023-06-16 09:54:00,RNW,6.038000106811523,6.038000106811523,6.050000190734863,6.03000020980835,6.039999961853027,28563.0
2023-06-16 09:54:00,XEL,64.63999938964844,64.63999938964844,64.63999938964844,64.53679656982422,64.53679656982422,8157.0
2023-06-16 09:55:00,ADN,0.75,0.75,0.75,0.75,0.75,600.0
2023-06-16 09:55:00,AEP,85.3949966430664,85.3949966430664,85.4000015258789,85.30000305175781,85.37999725341797,4842.0
2023-06-16 09:55:00,AY,24.040000915527344,24.040000915527344,24.079999923706055,24.040000915527344,24.079999923706055,5829.0
2023-06-16 09:55:00,CDZI,4.420000076293945,4.420000076293945,4.420000076293945,4.420000076293945,4.420000076293945,1192.0
2023-06-16 09:55:00,CEG,94.5199966430664,94.5199966430664,94.5199966430664,94.33999633789062,94.33999633789062,4521.0
2023-06-16 09:55:00,EXC,41.2400016784668,41.2400016784668,41.25,41.20000076293945,41.220699310302734,11045.0
2023-06-16 09:55:00,FLNC,26.649999618530273,26.649999618530273,26.679899215698242,26.649999618530273,26.679899215698242,1231.0
2023-06-16 09:55:00,LNT,54.27000045776367,54.27000045776367,54.27000045776367,54.189998626708984,54.22999954223633,2729.0
2023-06-16 09:55:00,MGEE,80.29000091552734,80.29000091552734,80.44000244140625,80.29000091552734,80.44000244140625,554.0
2023-06-16 09:55:00,NFE,29.770000457763672,29.770000457763672,29.78499984741211,29.760000228881836,29.760000228881836,648.0
2023-06-16 09:55:00,RNW,6.0,6.0,6.025000095367432,6.0,6.025000095367432,3072.0
2023-06-16 09:55:00,XEL,64.66999816894531,64.66999816894531,64.69000244140625,64.61000061035156,64.6500015258789,5164.0
2023-06-16 09:56:00,ADN,0.75,0.75,0.7591999769210815,0.75,0.75,1228.0
2023-06-16 09:56:00,AEP,85.44999694824219,85.44999694824219,85.44999694824219,85.33000183105469,85.36000061035156,4293.0
2023-06-16 09:56:00,AY,24.020000457763672,24.020000457763672,24.020000457763672,24.020000457763672,24.020000457763672,153.0
2023-06-16 09:56:00,CDZI,4.440000057220459,4.440000057220459,4.449999809265137,4.429999828338623,4.429999828338623,2658.0
2023-06-16 09:56:00,CEG,94.27999877929688,94.27999877929688,94.5,94.23999786376953,94.47000122070312,5896.0
2023-06-16 09:56:00,EXC,41.26499938964844,41.26499938964844,41.27000045776367,41.21500015258789,41.22999954223633,8804.0
2023-06-16 09:56:00,FLNC,26.649999618530273,26.649999618530273,26.649999618530273,26.649999618530273,26.649999618530273,140.0
2023-06-16 09:56:00,LNT,54.2400016784668,54.2400016784668,54.2400016784668,54.220001220703125,54.22999954223633,822.0
2023-06-16 09:56:00,MGEE,80.5,80.5,80.5,80.5,80.5,136.0
2023-06-16 09:56:00,NFE,29.670000076293945,29.670000076293945,29.75,29.670000076293945,29.75,2066.0
2023-06-16 09:56:00,NWE,58.88999938964844,58.88999938964844,58.88999938964844,58.88999938964844,58.88999938964844,377.0
2023-06-16 09:56:00,OTTR,75.55999755859375,75.55999755859375,75.55999755859375,75.55999755859375,75.55999755859375,101.0
2023-06-16 09:56:00,PCYO,10.539999961853027,10.539999961853027,10.539999961853027,10.510000228881836,10.529999732971191,671.0
2023-06-16 09:56:00,RNW,5.989999771118164,5.989999771118164,5.989999771118164,5.96999979019165,5.989999771118164,3098.0
2023-06-16 09:56:00,WAVE,2.4467999935150146,2.4467999935150146,2.4467999935150146,2.4467999935150146,2.4467999935150146,714.0
2023-06-16 09:56:00,XEL,64.70999908447266,64.70999908447266,64.72000122070312,64.63999938964844,64.66000366210938,3756.0
2023-06-16 09:57:00,ADN,0.7235000133514404,0.7235000133514404,0.7401000261306763,0.7210999727249146,0.7400000095367432,19963.0
2023-06-16 09:57:00,AEP,85.54000091552734,85.54000091552734,85.54000091552734,85.44000244140625,85.44999694824219,12570.0
2023-06-16 09:57:00,AY,24.024999618530273,24.024999618530273,24.024999618530273,24.024999618530273,24.024999618530273,129.0
2023-06-16 09:57:00,CEG,94.26000213623047,94.26000213623047,94.30249786376953,94.26000213623047,94.27999877929688,12042.0
2023-06-16 09:57:00,CWCO,22.71500015258789,22.71500015258789,22.799999237060547,22.71500015258789,22.78230094909668,2482.0
2023-06-16 09:57:00,EXC,41.220001220703125,41.220001220703125,41.275001525878906,41.209999084472656,41.275001525878906,8768.0
2023-06-16 09:57:00,FLNC,26.609899520874023,26.609899520874023,26.6299991607666,26.559999465942383,26.600000381469727,3979.0
2023-06-16 09:57:00,GWRS,12.609999656677246,12.609999656677246,12.609999656677246,12.609999656677246,12.609999656677246,846.0
2023-06-16 09:57:00,HTOO,2.25,2.25,2.25,2.25,2.25,168.0
2023-06-16 09:57:00,LNT,54.27000045776367,54.27000045776367,54.290000915527344,54.25,54.279998779296875,3761.0
2023-06-16 09:57:00,MGEE,80.48999786376953,80.48999786376953,80.48999786376953,80.125,80.2300033569336,1179.0
2023-06-16 09:57:00,MNTK,7.050000190734863,7.050000190734863,7.050000190734863,7.050000190734863,7.050000190734863,922.0
2023-06-16 09:57:00,MSEX,82.58999633789062,82.58999633789062,82.62999725341797,82.58999633789062,82.62999725341797,1597.0
2023-06-16 09:57:00,NFE,29.59000015258789,29.59000015258789,29.6299991607666,29.549999237060547,29.6299991607666,1807.0
2023-06-16 09:57:00,NWE,58.95000076293945,58.95000076293945,58.95000076293945,58.849998474121094,58.86000061035156,2752.0
2023-06-16 09:57:00,OTTR,75.47000122070312,75.47000122070312,75.55999755859375,75.47000122070312,75.52999877929688,1857.0
2023-06-16 09:57:00,RNW,5.980000019073486,5.980000019073486,5.980000019073486,5.980000019073486,5.980000019073486,1613.0
2023-06-16 09:57:00,WAVE,2.450000047683716,2.450000047683716,2.450000047683716,2.450000047683716,2.450000047683716,104.0
2023-06-16 09:57:00,XEL,64.70999908447266,64.70999908447266,64.73999786376953,64.68499755859375,64.72000122070312,5622.0
2023-06-16 09:58:00,ADN,0.7233999967575073,0.7233999967575073,0.7235000133514404,0.7233999967575073,0.7233999967575073,1025.0
2023-06-16 09:58:00,AEP,85.43000030517578,85.43000030517578,85.53500366210938,85.41000366210938,85.51000213623047,9201.0
2023-06-16 09:58:00,ARTNA,49.27000045776367,49.27000045776367,49.599998474121094,49.27000045776367,49.599998474121094,266.0
2023-06-16 09:58:00,AY,23.989999771118164,23.989999771118164,24.0,23.989999771118164,24.0,1778.0
2023-06-16 09:58:00,CDZI,4.454999923706055,4.454999923706055,4.454999923706055,4.454999923706055,4.454999923706055,272.0
2023-06-16 09:58:00,CEG,94.12000274658203,94.12000274658203,94.25,94.12000274658203,94.25,1974.0
2023-06-16 09:58:00,CWCO,22.760000228881836,22.760000228881836,22.834999084472656,22.719999313354492,22.829999923706055,853.0
2023-06-16 09:58:00,EXC,41.18000030517578,41.18000030517578,41.220001220703125,41.16999816894531,41.220001220703125,7010.0
2023-06-16 09:58:00,FLNC,26.475000381469727,26.475000381469727,26.610000610351562,26.40999984741211,26.549999237060547,21502.0
2023-06-16 09:58:00,LNT,54.220001220703125,54.220001220703125,54.27000045776367,54.220001220703125,54.27000045776367,750.0
2023-06-16 09:58:00,MGEE,80.06999969482422,80.06999969482422,80.12999725341797,80.06999969482422,80.12999725341797,443.0
2023-06-16 09:58:00,MNTK,7.03000020980835,7.03000020980835,7.039999961853027,7.03000020980835,7.039999961853027,784.0
2023-06-16 09:58:00,MSEX,82.66999816894531,82.66999816894531,82.66999816894531,82.66999816894531,82.66999816894531,164.0
2023-06-16 09:58:00,NFE,29.579999923706055,29.579999923706055,29.63800048828125,29.56999969482422,29.6299991607666,2663.0
2023-06-16 09:58:00,NWE,58.86000061035156,58.86000061035156,58.86000061035156,58.86000061035156,58.86000061035156,596.0
2023-06-16 09:58:00,OTTR,75.49749755859375,75.49749755859375,75.49749755859375,75.44000244140625,75.45999908447266,1317.0
2023-06-16 09:58:00,RNW,5.978000164031982,5.978000164031982,5.980000019073486,5.96999979019165,5.96999979019165,2190.0
2023-06-16 09:58:00,XEL,64.66000366210938,64.66000366210938,64.72000122070312,64.66000366210938,64.72000122070312,1794.0
2023-06-16 09:59:00,ADN,0.7234010100364685,0.7234010100364685,0.7234010100364685,0.7233999967575073,0.7233999967575073,2600.0
2023-06-16 09:59:00,AEP,85.38999938964844,85.38999938964844,85.44000244140625,85.37000274658203,85.44000244140625,4813.0
2023-06-16 09:59:00,AY,24.00480079650879,24.00480079650879,24.00480079650879,24.00480079650879,24.00480079650879,647.0
2023-06-16 09:59:00,CDZI,4.454999923706055,4.454999923706055,4.454999923706055,4.454999923706055,4.454999923706055,909.0
2023-06-16 09:59:00,CEG,94.12100219726562,94.12100219726562,94.12100219726562,94.0999984741211,94.10140228271484,806.0
2023-06-16 09:59:00,CWCO,22.709999084472656,22.709999084472656,22.7450008392334,22.709999084472656,22.7450008392334,846.0
2023-06-16 09:59:00,EXC,41.16999816894531,41.16999816894531,41.20000076293945,41.15999984741211,41.18000030517578,3329.0
2023-06-16 09:59:00,FLNC,26.639999389648438,26.639999389648438,26.68000030517578,26.510000228881836,26.510000228881836,1652.0
2023-06-16 09:59:00,GWRS,12.600000381469727,12.600000381469727,12.609999656677246,12.600000381469727,12.609999656677246,1055.0
2023-06-16 09:59:00,LNT,54.19499969482422,54.19499969482422,54.27000045776367,54.189998626708984,54.209999084472656,5784.0
2023-06-16 09:59:00,MNTK,7.034999847412109,7.034999847412109,7.034999847412109,7.03000020980835,7.03000020980835,649.0
2023-06-16 09:59:00,NFE,29.600000381469727,29.600000381469727,29.600000381469727,29.600000381469727,29.600000381469727,310.0
2023-06-16 09:59:00,NWE,58.845001220703125,58.845001220703125,58.845001220703125,58.7599983215332,58.7599983215332,434.0
2023-06-16 09:59:00,OPAL,6.799900054931641,6.799900054931641,6.799900054931641,6.799900054931641,6.799900054931641,118.0
2023-06-16 09:59:00,RNW,5.989999771118164,5.989999771118164,5.989999771118164,5.980000019073486,5.980000019073486,820.0
2023-06-16 09:59:00,XEL,64.62000274658203,64.62000274658203,64.66000366210938,64.59429931640625,64.66000366210938,2343.0
2023-06-16 10:00:00,ADN,0.7415000200271606,0.7415000200271606,0.7415000200271606,0.7243000268936157,0.7243000268936157,200.0
2023-06-16 10:00:00,AEP,85.375,85.375,85.43000030517578,85.3499984741211,85.4000015258789,3316.0
2023-06-16 10:00:00,AY,24.079999923706055,24.079999923706055,24.1200008392334,24.0,24.0,2679.0
2023-06-16 10:00:00,CEG,94.2300033569336,94.2300033569336,94.2300033569336,94.125,94.125,3994.0
2023-06-16 10:00:00,CWCO,22.68000030517578,22.68000030517578,22.709999084472656,22.649999618530273,22.709999084472656,364.0
2023-06-16 10:00:00,EXC,41.18000030517578,41.18000030517578,41.20000076293945,41.16999816894531,41.18000030517578,13087.0
2023-06-16 10:00:00,FLNC,26.8799991607666,26.8799991607666,26.8799991607666,26.709999084472656,26.739999771118164,4211.0
2023-06-16 10:00:00,HTOO,2.2235000133514404,2.2235000133514404,2.25,2.2235000133514404,2.240000009536743,2752.0
2023-06-16 10:00:00,LNT,54.16999816894531,54.16999816894531,54.220001220703125,54.16999816894531,54.209999084472656,2467.0
2023-06-16 10:00:00,MGEE,80.5199966430664,80.5199966430664,80.5199966430664,80.09500122070312,80.09500122070312,1588.0
2023-06-16 10:00:00,MNTK,7.070000171661377,7.070000171661377,7.070000171661377,7.050000190734863,7.050000190734863,3811.0
2023-06-16 10:00:00,NFE,29.735000610351562,29.735000610351562,29.735000610351562,29.6299991607666,29.6299991607666,3366.0
2023-06-16 10:00:00,NWE,58.91999816894531,58.91999816894531,58.91999816894531,58.91999816894531,58.91999816894531,380.0
2023-06-16 10:00:00,OPAL,6.75,6.75,6.75,6.75,6.75,187.0
2023-06-16 10:00:00,OTTR,75.51499938964844,75.51499938964844,75.51499938964844,75.51499938964844,75.51499938964844,108.0
2023-06-16 10:00:00,PCYO,10.510000228881836,10.510000228881836,10.510000228881836,10.510000228881836,10.510000228881836,343.0
2023-06-16 10:00:00,RNW,6.019999980926514,6.019999980926514,6.019999980926514,6.0,6.0,700.0
2023-06-16 10:00:00,XEL,64.6500015258789,64.6500015258789,64.68000030517578,64.61000061035156,64.63999938964844,4994.0
2023-06-16 10:01:00,ADN,0.7233999967575073,0.7233999967575073,0.7233999967575073,0.7233999967575073,0.7233999967575073,100.0
2023-06-16 10:01:00,AEP,85.23999786376953,85.23999786376953,85.3499984741211,85.23999786376953,85.3499984741211,6432.0
2023-06-16 10:01:00,ARTNA,49.279998779296875,49.279998779296875,49.689998626708984,49.279998779296875,49.689998626708984,1724.0
2023-06-16 10:01:00,AY,24.049999237060547,24.049999237060547,24.049999237060547,24.049999237060547,24.049999237060547,317.0
2023-06-16 10:01:00,CEG,94.13999938964844,94.13999938964844,94.18000030517578,94.08499908447266,94.18000030517578,5267.0
2023-06-16 10:01:00,EXC,41.130001068115234,41.130001068115234,41.189998626708984,41.130001068115234,41.15999984741211,6612.0
2023-06-16 10:01:00,FLNC,26.56999969482422,26.56999969482422,26.8799991607666,26.56999969482422,26.8799991607666,1604.0
2023-06-16 10:01:00,HTOO,2.2235000133514404,2.2235000133514404,2.259999990463257,2.2235000133514404,2.259999990463257,1550.0
2023-06-16 10:01:00,LNT,54.160099029541016,54.160099029541016,54.20000076293945,54.160099029541016,54.20000076293945,747.0
2023-06-16 10:01:00,MNTK,7.110000133514404,7.110000133514404,7.110000133514404,7.079999923706055,7.079999923706055,2461.0
2023-06-16 10:01:00,MSEX,82.62000274658203,82.62000274658203,82.62000274658203,82.62000274658203,82.62000274658203,284.0
2023-06-16 10:01:00,NFE,29.697500228881836,29.697500228881836,29.729999542236328,29.65999984741211,29.719999313354492,2336.0
2023-06-16 10:01:00,NWE,58.88999938964844,58.88999938964844,58.88999938964844,58.88999938964844,58.88999938964844,449.0
2023-06-16 10:01:00,OTTR,75.6500015258789,75.6500015258789,75.6500015258789,75.45999908447266,75.56999969482422,1373.0
2023-06-16 10:01:00,RNW,6.005000114440918,6.005000114440918,6.014999866485596,6.005000114440918,6.014999866485596,513.0
2023-06-16 10:01:00,XEL,64.52999877929688,64.52999877929688,64.63999938964844,64.52999877929688,64.63999938964844,8350.0
2023-06-16 10:02:00,ADN,0.7233999967575073,0.7233999967575073,0.7233999967575073,0.7233999967575073,0.7233999967575073,138.0
2023-06-16 10:02:00,AEP,85.30000305175781,85.30000305175781,85.30000305175781,85.25499725341797,85.25499725341797,2216.0
2023-06-16 10:02:00,AY,24.059999465942383,24.059999465942383,24.059999465942383,24.049999237060547,24.049999237060547,1183.0
2023-06-16 10:02:00,CEG,94.0999984741211,94.0999984741211,94.13999938964844,94.0999984741211,94.13999938964844,1155.0
2023-06-16 10:02:00,EXC,41.185001373291016,41.185001373291016,41.185001373291016,41.130001068115234,41.130001068115234,9298.0
2023-06-16 10:02:00,FLNC,26.75040054321289,26.75040054321289,26.760000228881836,26.635000228881836,26.635000228881836,3233.0
2023-06-16 10:02:00,LNT,54.209999084472656,54.209999084472656,54.209999084472656,54.13999938964844,54.13999938964844,1764.0
2023-06-16 10:02:00,NFE,29.760000228881836,29.760000228881836,29.829999923706055,29.760000228881836,29.760000228881836,4444.0
2023-06-16 10:02:00,RNW,6.039999961853027,6.039999961853027,6.054999828338623,6.005000114440918,6.005000114440918,13877.0
2023-06-16 10:02:00,XEL,64.625,64.625,64.625,64.55999755859375,64.56999969482422,3509.0
2023-06-16 10:03:00,ADN,0.7233999967575073,0.7233999967575073,0.7233999967575073,0.7233999967575073,0.7233999967575073,100.0
2023-06-16 10:03:00,AEP,85.37999725341797,85.37999725341797,85.41000366210938,85.30999755859375,85.30999755859375,3882.0
2023-06-16 10:03:00,AY,24.079999923706055,24.079999923706055,24.079999923706055,24.079999923706055,24.079999923706055,378.0
2023-06-16 10:03:00,CEG,94.23500061035156,94.23500061035156,94.29900360107422,94.1050033569336,94.11000061035156,5131.0
2023-06-16 10:03:00,CWCO,22.684999465942383,22.684999465942383,22.684999465942383,22.684999465942383,22.684999465942383,114.0
2023-06-16 10:03:00,EXC,41.209999084472656,41.209999084472656,41.23500061035156,41.185001373291016,41.185001373291016,9966.0
2023-06-16 10:03:00,FLNC,26.639999389648438,26.639999389648438,26.770000457763672,26.639999389648438,26.760000228881836,4674.0
2023-06-16 10:03:00,LNT,54.2599983215332,54.2599983215332,54.27399826049805,54.2599983215332,54.27000045776367,1103.0
2023-06-16 10:03:00,MNTK,7.070000171661377,7.070000171661377,7.100399971008301,7.070000171661377,7.100399971008301,775.0
2023-06-16 10:03:00,NFE,29.829999923706055,29.829999923706055,29.860000610351562,29.760000228881836,29.770000457763672,5556.0
2023-06-16 10:03:00,NWE,58.974998474121094,58.974998474121094,59.0099983215332,58.93000030517578,58.93000030517578,921.0
2023-06-16 10:03:00,OPAL,6.71999979019165,6.71999979019165,6.784999847412109,6.71999979019165,6.784999847412109,2672.0
2023-06-16 10:03:00,OTTR,75.83000183105469,75.83000183105469,75.83000183105469,75.69999694824219,75.69999694824219,347.0
2023-06-16 10:03:00,RNW,6.110000133514404,6.110000133514404,6.114999771118164,6.059999942779541,6.059999942779541,16732.0
2023-06-16 10:03:00,XEL,64.68000030517578,64.68000030517578,64.70999908447266,64.62000274658203,64.625,5511.0
2023-06-16 10:04:00,ADN,0.7233999967575073,0.7233999967575073,0.7233999967575073,0.7233999967575073,0.7233999967575073,100.0
2023-06-16 10:04:00,AEP,85.34500122070312,85.34500122070312,85.3949966430664,85.33000183105469,85.3949966430664,2550.0
2023-06-16 10:04:00,AY,24.059999465942383,24.059999465942383,24.079999923706055,24.059999465942383,24.079999923706055,1438.0
2023-06-16 10:04:00,CEG,94.33999633789062,94.33999633789062,94.33999633789062,94.2699966430664,94.27999877929688,2795.0
2023-06-16 10:04:00,CWCO,22.69499969482422,22.69499969482422,22.69499969482422,22.69499969482422,22.69499969482422,115.0
2023-06-16 10:04:00,EXC,41.21500015258789,41.21500015258789,41.23500061035156,41.209999084472656,41.21500015258789,9392.0
2023-06-16 10:04:00,FLNC,26.670000076293945,26.670000076293945,26.690000534057617,26.590099334716797,26.590099334716797,1216.0
2023-06-16 10:04:00,LNT,54.2599983215332,54.2599983215332,54.290000915527344,54.2400016784668,54.290000915527344,1240.0
2023-06-16 10:04:00,NFE,29.837200164794922,29.837200164794922,29.837200164794922,29.780000686645508,29.829999923706055,3682.0
2023-06-16 10:04:00,RNW,6.099999904632568,6.099999904632568,6.105000019073486,6.099999904632568,6.105000019073486,2493.0
2023-06-16 10:04:00,VIASP,16.440000534057617,16.440000534057617,16.440000534057617,16.440000534057617,16.440000534057617,0.0
2023-06-16 10:04:00,XEL,64.66999816894531,64.66999816894531,64.70999908447266,64.65499877929688,64.68499755859375,3673.0
2023-06-16 10:04:00,YORW,43.2599983215332,43.2599983215332,43.34000015258789,43.2599983215332,43.34000015258789,565.0
2023-06-16 10:05:00,AEP,85.33999633789062,85.33999633789062,85.36000061035156,85.30999755859375,85.35099792480469,5955.0
2023-06-16 10:05:00,ARTNA,49.63249969482422,49.63249969482422,49.75,49.63249969482422,49.689998626708984,1333.0
2023-06-16 10:05:00,AY,24.064699172973633,24.064699172973633,24.064699172973633,24.064699172973633,24.064699172973633,157.0
2023-06-16 10:05:00,CEG,94.28500366210938,94.28500366210938,94.36499786376953,94.28500366210938,94.3499984741211,8111.0
2023-06-16 10:05:00,EXC,41.220001220703125,41.220001220703125,41.23500061035156,41.209999084472656,41.220001220703125,16393.0
2023-06-16 10:05:00,FLNC,26.65730094909668,26.65730094909668,26.780000686645508,26.649999618530273,26.719999313354492,3070.0
2023-06-16 10:05:00,GWRS,12.609999656677246,12.609999656677246,12.609999656677246,12.609999656677246,12.609999656677246,930.0
2023-06-16 10:05:00,HTOO,2.223400115966797,2.223400115966797,2.223400115966797,2.223400115966797,2.223400115966797,2000.0
2023-06-16 10:05:00,LNT,54.28499984741211,54.28499984741211,54.29999923706055,54.279998779296875,54.279998779296875,1710.0
2023-06-16 10:05:00,MNTK,7.070000171661377,7.070000171661377,7.079999923706055,7.070000171661377,7.070000171661377,1010.0
2023-06-16 10:05:00,NFE,29.829999923706055,29.829999923706055,29.84000015258789,29.829999923706055,29.84000015258789,428.0
2023-06-16 10:05:00,OTTR,75.98999786376953,75.98999786376953,75.98999786376953,75.98999786376953,75.98999786376953,200.0
2023-06-16 10:05:00,RNW,6.085000038146973,6.085000038146973,6.0991997718811035,6.085000038146973,6.090000152587891,3222.0
2023-06-16 10:05:00,XEL,64.63999938964844,64.63999938964844,64.66999816894531,64.62000274658203,64.66999816894531,5478.0
2023-06-16 10:06:00,ADN,0.724399983882904,0.724399983882904,0.724399983882904,0.724399983882904,0.724399983882904,101.0
2023-06-16 10:06:00,AEP,85.33999633789062,85.33999633789062,85.37000274658203,85.28720092773438,85.3550033569336,2703.0
2023-06-16 10:06:00,AY,24.0049991607666,24.0049991607666,24.030000686645508,24.0049991607666,24.030000686645508,697.0
2023-06-16 10:06:00,CDZI,4.46999979019165,4.46999979019165,4.46999979019165,4.46999979019165,4.46999979019165,301.0
2023-06-16 10:06:00,CEG,94.31500244140625,94.31500244140625,94.31500244140625,94.30999755859375,94.30999755859375,971.0
2023-06-16 10:06:00,CWCO,22.610000610351562,22.610000610351562,22.610000610351562,22.610000610351562,22.610000610351562,1000.0
2023-06-16 10:06:00,EXC,41.22999954223633,41.22999954223633,41.25,41.209999084472656,41.22999954223633,15814.0
2023-06-16 10:06:00,FLNC,26.469999313354492,26.469999313354492,26.600000381469727,26.459999084472656,26.600000381469727,2643.0
2023-06-16 10:06:00,HTOO,2.2360000610351562,2.2360000610351562,2.2360000610351562,2.2100000381469727,2.2200000286102295,2011.0
2023-06-16 10:06:00,LNT,54.25,54.25,54.27000045776367,54.24259948730469,54.27000045776367,1289.0
2023-06-16 10:06:00,MNTK,7.079999923706055,7.079999923706055,7.079999923706055,7.079999923706055,7.079999923706055,1071.0
2023-06-16 10:06:00,NFE,29.7549991607666,29.7549991607666,29.799999237060547,29.709999084472656,29.799999237060547,1944.0
2023-06-16 10:06:00,RNW,6.110000133514404,6.110000133514404,6.110000133514404,6.090000152587891,6.090000152587891,1364.0
2023-06-16 10:06:00,XEL,64.61000061035156,64.61000061035156,64.66000366210938,64.58999633789062,64.6500015258789,3931.0
2023-06-16 10:06:00,YORW,43.36000061035156,43.36000061035156,43.36000061035156,43.36000061035156,43.36000061035156,301.0
2023-06-16 10:07:00,ADN,0.7233999967575073,0.7233999967575073,0.7233999967575073,0.7233999967575073,0.7233999967575073,222.0
2023-06-16 10:07:00,AEP,85.4000015258789,85.4000015258789,85.43000030517578,85.30999755859375,85.30999755859375,3513.0
2023-06-16 10:07:00,AY,24.020000457763672,24.020000457763672,24.030000686645508,24.010000228881836,24.010000228881836,3134.0
2023-06-16 10:07:00,CEG,94.29000091552734,94.29000091552734,94.30999755859375,94.26000213623047,94.30999755859375,4804.0
2023-06-16 10:07:00,CWCO,22.639999389648438,22.639999389648438,22.75,22.639999389648438,22.690000534057617,335.0
2023-06-16 10:07:00,EXC,41.27000045776367,41.27000045776367,41.279998779296875,41.220001220703125,41.220001220703125,11284.0
2023-06-16 10:07:00,FLNC,26.6200008392334,26.6200008392334,26.6200008392334,26.530000686645508,26.530000686645508,4342.0
2023-06-16 10:07:00,LNT,54.2599983215332,54.2599983215332,54.2599983215332,54.2599983215332,54.2599983215332,359.0
2023-06-16 10:07:00,MGEE,80.4000015258789,80.4000015258789,80.4000015258789,80.16999816894531,80.18000030517578,1400.0
2023-06-16 10:07:00,MNTK,7.079999923706055,7.079999923706055,7.079999923706055,7.079999923706055,7.079999923706055,107.0
2023-06-16 10:07:00,MSEX,82.83999633789062,82.83999633789062,82.83999633789062,82.83999633789062,82.83999633789062,224.0
2023-06-16 10:07:00,NFE,29.780000686645508,29.780000686645508,29.780000686645508,29.747800827026367,29.747800827026367,1795.0
2023-06-16 10:07:00,NWE,59.02000045776367,59.02000045776367,59.02000045776367,59.02000045776367,59.02000045776367,170.0
2023-06-16 10:07:00,RNW,6.110000133514404,6.110000133514404,6.110000133514404,6.105000019073486,6.105000019073486,300.0
2023-06-16 10:07:00,VIASP,16.440000534057617,16.440000534057617,16.440000534057617,16.440000534057617,16.440000534057617,464.0
2023-06-16 10:07:00,XEL,64.68000030517578,64.68000030517578,64.69999694824219,64.5999984741211,64.5999984741211,5668.0
2023-06-16 10:08:00,ADN,0.7348999977111816,0.7348999977111816,0.7348999977111816,0.7348999977111816,0.7348999977111816,260.0
2023-06-16 10:08:00,AEP,85.33000183105469,85.33000183105469,85.44000244140625,85.33000183105469,85.42769622802734,2914.0
2023-06-16 10:08:00,AY,24.030000686645508,24.030000686645508,24.030000686645508,24.030000686645508,24.030000686645508,629.0
2023-06-16 10:08:00,CEG,94.2699966430664,94.2699966430664,94.33999633789062,94.2699966430664,94.33999633789062,3736.0
2023-06-16 10:08:00,CWCO,22.799999237060547,22.799999237060547,22.799999237060547,22.66830062866211,22.66830062866211,1176.0
2023-06-16 10:08:00,EXC,41.25,41.25,41.28010177612305,41.2400016784668,41.279998779296875,12632.0
2023-06-16 10:08:00,FLNC,26.639999389648438,26.639999389648438,26.64109992980957,26.549999237060547,26.6200008392334,3511.0
2023-06-16 10:08:00,LNT,54.27000045776367,54.27000045776367,54.31990051269531,54.27000045776367,54.29999923706055,1001.0
2023-06-16 10:08:00,MNTK,7.059999942779541,7.059999942779541,7.079999923706055,7.059999942779541,7.079999923706055,313.0
2023-06-16 10:08:00,MSEX,82.86000061035156,82.86000061035156,82.86000061035156,82.86000061035156,82.86000061035156,330.0
2023-06-16 10:08:00,NFE,29.799999237060547,29.799999237060547,29.809999465942383,29.74250030517578,29.74250030517578,1471.0
2023-06-16 10:08:00,RNW,6.150000095367432,6.150000095367432,6.150000095367432,6.119999885559082,6.119999885559082,1977.0
2023-06-16 10:08:00,VIA,11.189900398254395,11.189900398254395,11.189900398254395,11.050000190734863,11.050000190734863,2297.0
2023-06-16 10:08:00,XEL,64.66000366210938,64.66000366210938,64.71499633789062,64.62000274658203,64.68499755859375,10866.0
2023-06-16 10:09:00,ADN,0.7233999967575073,0.7233999967575073,0.7233999967575073,0.7233999967575073,0.7233999967575073,100.0
2023-06-16 10:09:00,AEP,85.37000274658203,85.37000274658203,85.41000366210938,85.36000061035156,85.37999725341797,5666.0
2023-06-16 10:09:00,AY,24.0049991607666,24.0049991607666,24.020000457763672,24.0049991607666,24.020000457763672,1012.0
2023-06-16 10:09:00,CDZI,4.46999979019165,4.46999979019165,4.46999979019165,4.46999979019165,4.46999979019165,291.0
2023-06-16 10:09:00,CEG,94.2750015258789,94.2750015258789,94.30999755859375,94.24500274658203,94.29000091552734,2002.0
2023-06-16 10:09:00,CWCO,22.850000381469727,22.850000381469727,22.850000381469727,22.764999389648438,22.764999389648438,1000.0
2023-06-16 10:09:00,EXC,41.2599983215332,41.2599983215332,41.290000915527344,41.255001068115234,41.255001068115234,4802.0
2023-06-16 10:09:00,FLNC,26.645000457763672,26.645000457763672,26.65999984741211,26.6299991607666,26.6299991607666,939.0
2023-06-16 10:09:00,LNT,54.2400016784668,54.2400016784668,54.27000045776367,54.2400016784668,54.27000045776367,762.0
2023-06-16 10:09:00,MNTK,7.079999923706055,7.079999923706055,7.079999923706055,7.070000171661377,7.070000171661377,468.0
2023-06-16 10:09:00,MSEX,82.8759994506836,82.8759994506836,82.8759994506836,82.8759994506836,82.8759994506836,369.0
2023-06-16 10:09:00,NFE,29.84000015258789,29.84000015258789,29.84000015258789,29.815000534057617,29.815000534057617,922.0
2023-06-16 10:09:00,NWE,58.994998931884766,58.994998931884766,58.994998931884766,58.994998931884766,58.994998931884766,148.0
2023-06-16 10:09:00,OTTR,75.98490142822266,75.98490142822266,75.98490142822266,75.98490142822266,75.98490142822266,555.0
2023-06-16 10:09:00,RNW,6.139999866485596,6.139999866485596,6.149899959564209,6.130000114440918,6.149899959564209,11159.0
2023-06-16 10:09:00,VIASP,16.610000610351562,16.610000610351562,16.610000610351562,16.610000610351562,16.610000610351562,160.0
2023-06-16 10:09:00,XEL,64.66500091552734,64.66500091552734,64.69000244140625,64.66500091552734,64.68000030517578,3914.0
2023-06-16 10:09:00,YORW,43.279998779296875,43.279998779296875,43.279998779296875,43.279998779296875,43.279998779296875,259.0
2023-06-16 10:10:00,ADN,0.7200000286102295,0.7200000286102295,0.7366499900817871,0.7200000286102295,0.7366499900817871,8608.0
2023-06-16 10:10:00,AEP,85.37000274658203,85.37000274658203,85.37000274658203,85.31999969482422,85.31999969482422,2381.0
2023-06-16 10:10:00,ARTNA,49.69499969482422,49.69499969482422,49.69499969482422,49.69499969482422,49.69499969482422,582.0
2023-06-16 10:10:00,AY,24.010000228881836,24.010000228881836,24.010000228881836,23.989999771118164,23.989999771118164,1997.0
2023-06-16 10:10:00,CDZI,4.460000038146973,4.460000038146973,4.46999979019165,4.449999809265137,4.46999979019165,2024.0
2023-06-16 10:10:00,CEG,94.26000213623047,94.26000213623047,94.30000305175781,94.2300033569336,94.27999877929688,3420.0
2023-06-16 10:10:00,CWCO,22.850000381469727,22.850000381469727,22.850000381469727,22.850000381469727,22.850000381469727,111.0
2023-06-16 10:10:00,EXC,41.2400016784668,41.2400016784668,41.25,41.220001220703125,41.25,5853.0
2023-06-16 10:10:00,FLNC,26.670000076293945,26.670000076293945,26.700000762939453,26.639999389648438,26.645000457763672,1396.0
2023-06-16 10:10:00,LNT,54.22829818725586,54.22829818725586,54.2400016784668,54.220001220703125,54.2400016784668,1070.0
2023-06-16 10:10:00,MGEE,80.27999877929688,80.27999877929688,80.27999877929688,80.23999786376953,80.25,441.0
2023-06-16 10:10:00,MNTK,7.119999885559082,7.119999885559082,7.119999885559082,7.079999923706055,7.079999923706055,1909.0
2023-06-16 10:10:00,NFE,29.864999771118164,29.864999771118164,29.8700008392334,29.860000610351562,29.860000610351562,1241.0
2023-06-16 10:10:00,NWE,58.994998931884766,58.994998931884766,58.994998931884766,58.994998931884766,58.994998931884766,320.0
2023-06-16 10:10:00,RNW,6.139999866485596,6.139999866485596,6.139999866485596,6.110000133514404,6.135000228881836,5413.0
2023-06-16 10:10:00,XEL,64.66999816894531,64.66999816894531,64.69000244140625,64.625,64.66999816894531,7935.0
2023-06-16 10:10:00,YORW,43.33000183105469,43.33000183105469,43.33000183105469,43.33000183105469,43.33000183105469,481.0
2023-06-16 10:11:00,ADN,0.718999981880188,0.718999981880188,0.718999981880188,0.718999981880188,0.718999981880188,117.0
2023-06-16 10:11:00,AEP,85.33000183105469,85.33000183105469,85.37999725341797,85.33000183105469,85.37999725341797,1921.0
2023-06-16 10:11:00,AY,24.020000457763672,24.020000457763672,24.020000457763672,24.019899368286133,24.019899368286133,872.0
2023-06-16 10:11:00,CEG,94.31999969482422,94.31999969482422,94.33999633789062,94.24500274658203,94.24500274658203,6170.0
2023-06-16 10:11:00,EXC,41.22019958496094,41.22019958496094,41.22999954223633,41.209999084472656,41.22999954223633,6252.0
2023-06-16 10:11:00,FLNC,26.735000610351562,26.735000610351562,26.780000686645508,26.649999618530273,26.649999618530273,1633.0
2023-06-16 10:11:00,LNT,54.2400016784668,54.2400016784668,54.2400016784668,54.23569869995117,54.23569869995117,984.0
2023-06-16 10:11:00,MGEE,80.08000183105469,80.08000183105469,80.08000183105469,80.08000183105469,80.08000183105469,143.0
2023-06-16 10:11:00,MNTK,7.130000114440918,7.130000114440918,7.139999866485596,7.130000114440918,7.139999866485596,200.0
2023-06-16 10:11:00,NFE,29.934999465942383,29.934999465942383,29.934999465942383,29.864999771118164,29.864999771118164,1575.0
2023-06-16 10:11:00,NWE,59.05149841308594,59.05149841308594,59.05149841308594,59.05149841308594,59.05149841308594,331.0
2023-06-16 10:11:00,RNW,6.131700038909912,6.131700038909912,6.150000095367432,6.131700038909912,6.150000095367432,8487.0
2023-06-16 10:11:00,XEL,64.6500015258789,64.6500015258789,64.69999694824219,64.63500213623047,64.66999816894531,3083.0
2023-06-16 10:12:00,ADN,0.7200000286102295,0.7200000286102295,0.7200999855995178,0.7196000218391418,0.7196000218391418,1514.0
2023-06-16 10:12:00,AEP,85.3499984741211,85.3499984741211,85.37999725341797,85.32499694824219,85.36000061035156,2732.0
2023-06-16 10:12:00,AY,24.040000915527344,24.040000915527344,24.040000915527344,24.010000228881836,24.010000228881836,704.0
2023-06-16 10:12:00,CEG,94.30000305175781,94.30000305175781,94.36000061035156,94.29000091552734,94.33499908447266,8816.0
2023-06-16 10:12:00,CWCO,22.940000534057617,22.940000534057617,22.940000534057617,22.850000381469727,22.850000381469727,300.0
2023-06-16 10:12:00,EXC,41.2400016784668,41.2400016784668,41.244998931884766,41.21500015258789,41.220001220703125,6457.0
2023-06-16 10:12:00,FLNC,26.790000915527344,26.790000915527344,26.790000915527344,26.690000534057617,26.737499237060547,1690.0
2023-06-16 10:12:00,LNT,54.22999954223633,54.22999954223633,54.244998931884766,54.22999954223633,54.244998931884766,1136.0
2023-06-16 10:12:00,MNTK,7.139999866485596,7.139999866485596,7.150000095367432,7.139999866485596,7.139999866485596,1081.0
2023-06-16 10:12:00,NFE,29.915000915527344,29.915000915527344,29.950000762939453,29.915000915527344,29.934999465942383,950.0
2023-06-16 10:12:00,OTTR,76.02999877929688,76.02999877929688,76.02999877929688,76.02999877929688,76.02999877929688,347.0
2023-06-16 10:12:00,RNW,6.110000133514404,6.110000133514404,6.150000095367432,6.110000133514404,6.139999866485596,19742.0
2023-06-16 10:12:00,XEL,64.63999938964844,64.63999938964844,64.66000366210938,64.62000274658203,64.65370178222656,4851.0
2023-06-16 10:13:00,ADN,0.7200000286102295,0.7200000286102295,0.7365909814834595,0.7200000286102295,0.7365909814834595,7661.0
2023-06-16 10:13:00,AEP,85.31999969482422,85.31999969482422,85.33999633789062,85.30999755859375,85.33999633789062,2558.0
2023-06-16 10:13:00,AEPPZ,49.369998931884766,49.369998931884766,49.369998931884766,49.369998931884766,49.369998931884766,280.0
2023-06-16 10:13:00,AY,24.010000228881836,24.010000228881836,24.010000228881836,24.0,24.0,976.0
2023-06-16 10:13:00,CEG,94.25,94.25,94.27999877929688,94.2300033569336,94.27999877929688,1488.0
2023-06-16 10:13:00,CWCO,22.850000381469727,22.850000381469727,22.93000030517578,22.850000381469727,22.889999389648438,523.0
2023-06-16 10:13:00,EXC,41.2400016784668,41.2400016784668,41.244998931884766,41.19499969482422,41.2400016784668,9262.0
2023-06-16 10:13:00,FLNC,26.648000717163086,26.648000717163086,26.760000228881836,26.645000457763672,26.760000228881836,3453.0
2023-06-16 10:13:00,LNT,54.20000076293945,54.20000076293945,54.20000076293945,54.189998626708984,54.20000076293945,1870.0
2023-06-16 10:13:00,MGEE,80.2699966430664,80.2699966430664,80.2699966430664,80.06999969482422,80.08000183105469,853.0
2023-06-16 10:13:00,MNTK,7.130000114440918,7.130000114440918,7.139999866485596,7.130000114440918,7.139999866485596,827.0
2023-06-16 10:13:00,NFE,29.81999969482422,29.81999969482422,29.90399932861328,29.81999969482422,29.899999618530273,2038.0
2023-06-16 10:13:00,NWE,58.96500015258789,58.96500015258789,58.970001220703125,58.93000030517578,58.93000030517578,761.0
2023-06-16 10:13:00,OTTR,75.79499816894531,75.79499816894531,75.9800033569336,75.79499816894531,75.9800033569336,674.0
2023-06-16 10:13:00,RNW,6.110000133514404,6.110000133514404,6.114999771118164,6.09499979019165,6.114999771118164,6131.0
2023-06-16 10:13:00,WAVE,2.424999952316284,2.424999952316284,2.424999952316284,2.424999952316284,2.424999952316284,204.0
2023-06-16 10:13:00,XEL,64.62999725341797,64.62999725341797,64.62999725341797,64.58999633789062,64.62999725341797,3266.0
2023-06-16 10:14:00,ADN,0.718999981880188,0.718999981880188,0.7300000190734863,0.718999981880188,0.7200000286102295,4171.0
2023-06-16 10:14:00,AEP,85.31999969482422,85.31999969482422,85.33000183105469,85.31999969482422,85.33000183105469,764.0
2023-06-16 10:14:00,AY,23.96980094909668,23.96980094909668,23.96980094909668,23.96980094909668,23.96980094909668,282.0
2023-06-16 10:14:00,CEG,94.23999786376953,94.23999786376953,94.23999786376953,94.23999786376953,94.23999786376953,256.0
2023-06-16 10:14:00,CWCO,22.829999923706055,22.829999923706055,22.889999389648438,22.829999923706055,22.844999313354492,407.0
2023-06-16 10:14:00,EXC,41.220001220703125,41.220001220703125,41.22999954223633,41.209999084472656,41.22999954223633,3336.0
2023-06-16 10:14:00,FLNC,26.584999084472656,26.584999084472656,26.6299991607666,26.584999084472656,26.6299991607666,771.0
2023-06-16 10:14:00,LNT,54.22999954223633,54.22999954223633,54.22999954223633,54.22999954223633,54.22999954223633,1206.0
2023-06-16 10:14:00,MGEE,80.38999938964844,80.38999938964844,80.3949966430664,80.08000183105469,80.08999633789062,2594.0
2023-06-16 10:14:00,MNTK,7.119999885559082,7.119999885559082,7.130000114440918,7.119999885559082,7.130000114440918,344.0
2023-06-16 10:14:00,NFE,29.75,29.75,29.799999237060547,29.75,29.799999237060547,1108.0
2023-06-16 10:14:00,NWE,58.939998626708984,58.939998626708984,58.939998626708984,58.939998626708984,58.939998626708984,405.0
2023-06-16 10:14:00,OTTR,75.80999755859375,75.80999755859375,75.80999755859375,75.80999755859375,75.80999755859375,170.0
2023-06-16 10:14:00,RNW,6.090000152587891,6.090000152587891,6.105000019073486,6.090000152587891,6.105000019073486,4851.0
2023-06-16 10:14:00,XEL,64.6500015258789,64.6500015258789,64.6500015258789,64.61499786376953,64.62000274658203,2085.0
2023-06-16 10:15:00,ADN,0.7149490118026733,0.7149490118026733,0.7195000052452087,0.710099995136261,0.718999981880188,10934.0
2023-06-16 10:15:00,AEP,85.3949966430664,85.3949966430664,85.41000366210938,85.30999755859375,85.30999755859375,3261.0
2023-06-16 10:15:00,AY,23.981000900268555,23.981000900268555,23.998300552368164,23.981000900268555,23.998300552368164,2849.0
2023-06-16 10:15:00,CDZI,4.409999847412109,4.409999847412109,4.429999828338623,4.409999847412109,4.429999828338623,2323.0
2023-06-16 10:15:00,CEG,94.2300033569336,94.2300033569336,94.23999786376953,94.22000122070312,94.23999786376953,1957.0
2023-06-16 10:15:00,EXC,41.275001525878906,41.275001525878906,41.279998779296875,41.224998474121094,41.224998474121094,5427.0
2023-06-16 10:15:00,FLNC,26.540000915527344,26.540000915527344,26.559999465942383,26.5,26.559999465942383,4824.0
2023-06-16 10:15:00,HTOO,2.240000009536743,2.240000009536743,2.240000009536743,2.240000009536743,2.240000009536743,140.0
2023-06-16 10:15:00,LNT,54.27000045776367,54.27000045776367,54.27000045776367,54.27000045776367,54.27000045776367,1398.0
2023-06-16 10:15:00,MGEE,80.30999755859375,80.30999755859375,80.30999755859375,80.30000305175781,80.30000305175781,216.0
2023-06-16 10:15:00,NFE,29.770000457763672,29.770000457763672,29.770000457763672,29.719999313354492,29.753299713134766,1327.0
2023-06-16 10:15:00,NWE,58.94499969482422,58.94499969482422,58.94499969482422,58.94499969482422,58.94499969482422,200.0
2023-06-16 10:15:00,RNW,6.110000133514404,6.110000133514404,6.114999771118164,6.085000038146973,6.085000038146973,5698.0
2023-06-16 10:15:00,XEL,64.68000030517578,64.68000030517578,64.69999694824219,64.6500015258789,64.6500015258789,2767.0
2023-06-16 10:16:00,ADN,0.7023580074310303,0.7023580074310303,0.7146000266075134,0.699999988079071,0.711899995803833,29845.0
2023-06-16 10:16:00,AEP,85.37999725341797,85.37999725341797,85.43000030517578,85.37999725341797,85.43000030517578,3468.0
2023-06-16 10:16:00,AY,23.989999771118164,23.989999771118164,23.989999771118164,23.989999771118164,23.989999771118164,160.0
2023-06-16 10:16:00,CEG,94.22000122070312,94.22000122070312,94.23999786376953,94.18000030517578,94.20999908447266,3717.0
2023-06-16 10:16:00,CWCO,22.850000381469727,22.850000381469727,22.8799991607666,22.850000381469727,22.8799991607666,2023.0
2023-06-16 10:16:00,EXC,41.25,41.25,41.279998779296875,41.25,41.279998779296875,8291.0
2023-06-16 10:16:00,FLNC,26.53499984741211,26.53499984741211,26.53499984741211,26.53499984741211,26.53499984741211,605.0
2023-06-16 10:16:00,LNT,54.2599983215332,54.2599983215332,54.27000045776367,54.2599983215332,54.27000045776367,667.0
2023-06-16 10:16:00,MNTK,7.119999885559082,7.119999885559082,7.119999885559082,7.110000133514404,7.110000133514404,328.0
2023-06-16 10:16:00,NFE,29.809999465942383,29.809999465942383,29.809999465942383,29.739999771118164,29.75,1368.0
2023-06-16 10:16:00,NWE,58.90999984741211,58.90999984741211,58.90999984741211,58.90999984741211,58.90999984741211,346.0
2023-06-16 10:16:00,RNW,6.105000019073486,6.105000019073486,6.105000019073486,6.099999904632568,6.099999904632568,1333.0
2023-06-16 10:16:00,XEL,64.68000030517578,64.68000030517578,64.68499755859375,64.65750122070312,64.68499755859375,3371.0
2023-06-16 10:17:00,ADN,0.7129999995231628,0.7129999995231628,0.7129999995231628,0.7026000022888184,0.7041000127792358,4660.0
2023-06-16 10:17:00,AEP,85.43000030517578,85.43000030517578,85.47000122070312,85.37999725341797,85.37999725341797,2197.0
2023-06-16 10:17:00,AY,24.0049991607666,24.0049991607666,24.0049991607666,24.0,24.0,1292.0
2023-06-16 10:17:00,CEG,94.30500030517578,94.30500030517578,94.30500030517578,94.23999786376953,94.23999786376953,2641.0
2023-06-16 10:17:00,EXC,41.26900100708008,41.26900100708008,41.290000915527344,41.2599983215332,41.2599983215332,8483.0
2023-06-16 10:17:00,FLNC,26.674999237060547,26.674999237060547,26.68000030517578,26.559999465942383,26.559999465942383,2438.0
2023-06-16 10:17:00,LNT,54.28200149536133,54.28200149536133,54.29999923706055,54.2599983215332,54.2599983215332,1807.0
2023-06-16 10:17:00,MNTK,7.110000133514404,7.110000133514404,7.110000133514404,7.110000133514404,7.110000133514404,384.0
2023-06-16 10:17:00,NFE,29.78820037841797,29.78820037841797,29.78820037841797,29.78820037841797,29.78820037841797,1040.0
2023-06-16 10:17:00,RNW,6.110000133514404,6.110000133514404,6.114999771118164,6.105000019073486,6.105000019073486,7323.0
2023-06-16 10:17:00,XEL,64.69999694824219,64.69999694824219,64.70999908447266,64.66000366210938,64.66999816894531,1784.0
2023-06-16 10:18:00,ADN,0.7026000022888184,0.7026000022888184,0.7026000022888184,0.7026000022888184,0.7026000022888184,106.0
2023-06-16 10:18:00,AEP,85.41000366210938,85.41000366210938,85.43499755859375,85.36000061035156,85.43499755859375,2421.0
2023-06-16 10:18:00,ARTNA,49.400001525878906,49.400001525878906,49.56999969482422,49.400001525878906,49.56999969482422,1377.0
2023-06-16 10:18:00,AY,24.040000915527344,24.040000915527344,24.040000915527344,24.0049991607666,24.0049991607666,1863.0
2023-06-16 10:18:00,CEG,94.20999908447266,94.20999908447266,94.30500030517578,94.16999816894531,94.30500030517578,4648.0
2023-06-16 10:18:00,EXC,41.2599983215332,41.2599983215332,41.279998779296875,41.24089813232422,41.2599983215332,13779.0
2023-06-16 10:18:00,FLNC,26.674999237060547,26.674999237060547,26.71489906311035,26.674999237060547,26.71489906311035,1738.0
2023-06-16 10:18:00,LNT,54.2599983215332,54.2599983215332,54.29499816894531,54.2400016784668,54.29499816894531,4977.0
2023-06-16 10:18:00,MGEE,80.8499984741211,80.8499984741211,80.8499984741211,80.29499816894531,80.29499816894531,2737.0
2023-06-16 10:18:00,MNTK,7.099999904632568,7.099999904632568,7.099999904632568,7.099999904632568,7.099999904632568,171.0
2023-06-16 10:18:00,NFE,29.790000915527344,29.790000915527344,29.834999084472656,29.790000915527344,29.81999969482422,2229.0
2023-06-16 10:18:00,NWE,58.89500045776367,58.89500045776367,58.92499923706055,58.89500045776367,58.92499923706055,552.0
2023-06-16 10:18:00,RNW,6.119999885559082,6.119999885559082,6.119999885559082,6.110000133514404,6.110000133514404,7266.0
2023-06-16 10:18:00,WAVE,2.390000104904175,2.390000104904175,2.4000000953674316,2.390000104904175,2.4000000953674316,483.0
2023-06-16 10:18:00,XEL,64.63999938964844,64.63999938964844,64.70999908447266,64.61000061035156,64.69999694824219,5917.0
2023-06-16 10:18:00,YORW,43.31999969482422,43.31999969482422,43.349998474121094,43.31999969482422,43.349998474121094,954.0
2023-06-16 10:19:00,ADN,0.7099999785423279,0.7099999785423279,0.7099999785423279,0.7099999785423279,0.7099999785423279,407.0
2023-06-16 10:19:00,AEP,85.3949966430664,85.3949966430664,85.41000366210938,85.37000274658203,85.38999938964844,1833.0
2023-06-16 10:19:00,ARTNA,49.58209991455078,49.58209991455078,49.58209991455078,49.58209991455078,49.58209991455078,273.0
2023-06-16 10:19:00,AY,24.041400909423828,24.041400909423828,24.041400909423828,24.041400909423828,24.041400909423828,201.0
2023-06-16 10:19:00,CDZI,4.380000114440918,4.380000114440918,4.400000095367432,4.380000114440918,4.400000095367432,1143.0
2023-06-16 10:19:00,CEG,94.19999694824219,94.19999694824219,94.22000122070312,94.19000244140625,94.22000122070312,1545.0
2023-06-16 10:19:00,EXC,41.27000045776367,41.27000045776367,41.279998779296875,41.25,41.27000045776367,4947.0
2023-06-16 10:19:00,FLNC,26.649999618530273,26.649999618530273,26.666000366210938,26.649999618530273,26.65999984741211,506.0
2023-06-16 10:19:00,LNT,54.279998779296875,54.279998779296875,54.279998779296875,54.27000045776367,54.27000045776367,1154.0
2023-06-16 10:19:00,MNTK,7.099999904632568,7.099999904632568,7.099999904632568,7.090000152587891,7.099999904632568,848.0
2023-06-16 10:19:00,MSEX,82.58999633789062,82.58999633789062,82.58999633789062,82.58999633789062,82.58999633789062,801.0
2023-06-16 10:19:00,NFE,29.809999465942383,29.809999465942383,29.809999465942383,29.80500030517578,29.80500030517578,410.0
2023-06-16 10:19:00,RNW,6.127699851989746,6.127699851989746,6.135000228881836,6.110000133514404,6.110000133514404,12701.0
2023-06-16 10:19:00,XEL,64.6500015258789,64.6500015258789,64.66000366210938,64.62000274658203,64.66000366210938,4640.0
2023-06-16 10:20:00,ADN,0.7110000252723694,0.7110000252723694,0.7110000252723694,0.7110000252723694,0.7110000252723694,1038.0
2023-06-16 10:20:00,AEP,85.375,85.375,85.44000244140625,85.375,85.41000366210938,2099.0
2023-06-16 10:20:00,AY,24.014999389648438,24.014999389648438,24.049999237060547,23.9950008392334,24.049999237060547,2145.0
2023-06-16 10:20:00,CEG,94.05000305175781,94.05000305175781,94.19999694824219,94.05000305175781,94.19999694824219,3170.0
2023-06-16 10:20:00,CWCO,22.88990020751953,22.88990020751953,22.88990020751953,22.88990020751953,22.88990020751953,511.0
2023-06-16 10:20:00,EXC,41.26499938964844,41.26499938964844,41.29499816894531,41.26499938964844,41.279998779296875,8500.0
2023-06-16 10:20:00,FLNC,26.530000686645508,26.530000686645508,26.6200008392334,26.530000686645508,26.6200008392334,1662.0
2023-06-16 10:20:00,LNT,54.279998779296875,54.279998779296875,54.30500030517578,54.279998779296875,54.29999923706055,2222.0
2023-06-16 10:20:00,MGEE,80.42500305175781,80.42500305175781,80.5199966430664,80.36000061035156,80.5199966430664,895.0
2023-06-16 10:20:00,MNTK,7.090000152587891,7.090000152587891,7.090000152587891,7.090000152587891,7.090000152587891,222.0
2023-06-16 10:20:00,NFE,29.764999389648438,29.764999389648438,29.770000457763672,29.764999389648438,29.770000457763672,502.0
2023-06-16 10:20:00,NWE,58.900001525878906,58.900001525878906,58.900001525878906,58.900001525878906,58.900001525878906,127.0
2023-06-16 10:20:00,RGCO,21.399999618530273,21.399999618530273,21.399999618530273,21.399999618530273,21.399999618530273,2026.0
2023-06-16 10:20:00,RNW,6.130000114440918,6.130000114440918,6.130000114440918,6.125,6.125,347.0
2023-06-16 10:20:00,XEL,64.61289978027344,64.61289978027344,64.66999816894531,64.61000061035156,64.66999816894531,6020.0
2023-06-16 10:21:00,ADN,0.7026000022888184,0.7026000022888184,0.7110000252723694,0.7026000022888184,0.7109000086784363,2582.0
2023-06-16 10:21:00,AEP,85.38999938964844,85.38999938964844,85.38999938964844,85.33999633789062,85.3499984741211,2233.0
2023-06-16 10:21:00,ARTNA,49.525001525878906,49.525001525878906,49.525001525878906,49.525001525878906,49.525001525878906,219.0
2023-06-16 10:21:00,AY,24.040000915527344,24.040000915527344,24.040000915527344,24.010000228881836,24.010000228881836,675.0
2023-06-16 10:21:00,CDZI,4.380000114440918,4.380000114440918,4.380000114440918,4.380000114440918,4.380000114440918,100.0
2023-06-16 10:21:00,CEG,94.19999694824219,94.19999694824219,94.19999694824219,94.05000305175781,94.05000305175781,3428.0
2023-06-16 10:21:00,CWCO,22.809999465942383,22.809999465942383,22.809999465942383,22.809999465942383,22.809999465942383,437.0
2023-06-16 10:21:00,EXC,41.279998779296875,41.279998779296875,41.28919982910156,41.25,41.26499938964844,8016.0
2023-06-16 10:21:00,FLNC,26.579999923706055,26.579999923706055,26.59000015258789,26.510000228881836,26.545000076293945,3650.0
2023-06-16 10:21:00,GWRS,12.621000289916992,12.621000289916992,12.621000289916992,12.621000289916992,12.621000289916992,231.0
2023-06-16 10:21:00,HTOO,2.224600076675415,2.224600076675415,2.224600076675415,2.224600076675415,2.224600076675415,100.0
2023-06-16 10:21:00,LNT,54.29999923706055,54.29999923706055,54.310001373291016,54.279998779296875,54.290000915527344,3328.0
2023-06-16 10:21:00,MGEE,80.19000244140625,80.19000244140625,80.33000183105469,80.19000244140625,80.33000183105469,912.0
2023-06-16 10:21:00,MNTK,7.119999885559082,7.119999885559082,7.119999885559082,7.110000133514404,7.110000133514404,1593.0
2023-06-16 10:21:00,NFE,29.844999313354492,29.844999313354492,29.844999313354492,29.780000686645508,29.780000686645508,589.0
2023-06-16 10:21:00,NWE,58.8849983215332,58.8849983215332,58.8849983215332,58.8849983215332,58.8849983215332,336.0
2023-06-16 10:21:00,OTTR,75.80000305175781,75.80000305175781,75.80000305175781,75.80000305175781,75.80000305175781,348.0
2023-06-16 10:21:00,RNW,6.120100021362305,6.120100021362305,6.135000228881836,6.120100021362305,6.125,2964.0
2023-06-16 10:21:00,XEL,64.62999725341797,64.62999725341797,64.62999725341797,64.61499786376953,64.62000274658203,2797.0
2023-06-16 10:22:00,ADN,0.7026000022888184,0.7026000022888184,0.7097989916801453,0.7026000022888184,0.7097989916801453,1100.0
2023-06-16 10:22:00,AEP,85.472900390625,85.472900390625,85.48999786376953,85.38999938964844,85.38999938964844,1499.0
2023-06-16 10:22:00,CDZI,4.385000228881836,4.385000228881836,4.385000228881836,4.385000228881836,4.385000228881836,126.0
2023-06-16 10:22:00,CEG,94.19999694824219,94.19999694824219,94.2300033569336,94.18000030517578,94.19999694824219,7065.0
2023-06-16 10:22:00,CWCO,22.84000015258789,22.84000015258789,22.8794002532959,22.84000015258789,22.84000015258789,993.0
2023-06-16 10:22:00,EXC,41.334999084472656,41.334999084472656,41.34000015258789,41.279998779296875,41.279998779296875,7741.0
2023-06-16 10:22:00,FLNC,26.6200008392334,26.6200008392334,26.670000076293945,26.549999237060547,26.59000015258789,3463.0
2023-06-16 10:22:00,LNT,54.349998474121094,54.349998474121094,54.349998474121094,54.349998474121094,54.349998474121094,342.0
2023-06-16 10:22:00,MGEE,80.0999984741211,80.0999984741211,80.0999984741211,80.0999984741211,80.0999984741211,205.0
2023-06-16 10:22:00,MNTK,7.130000114440918,7.130000114440918,7.130000114440918,7.130000114440918,7.130000114440918,110.0
2023-06-16 10:22:00,NFE,29.829999923706055,29.829999923706055,29.844999313354492,29.829999923706055,29.844999313354492,1121.0
2023-06-16 10:22:00,NWE,58.959999084472656,58.959999084472656,58.959999084472656,58.959999084472656,58.959999084472656,764.0
2023-06-16 10:22:00,OTTR,75.88999938964844,75.88999938964844,75.88999938964844,75.88999938964844,75.88999938964844,236.0
2023-06-16 10:22:00,PCYO,10.510000228881836,10.510000228881836,10.510000228881836,10.510000228881836,10.510000228881836,124.0
2023-06-16 10:22:00,RNW,6.125,6.125,6.130000114440918,6.125,6.130000114440918,6841.0
2023-06-16 10:22:00,XEL,64.69000244140625,64.69000244140625,64.69000244140625,64.62999725341797,64.62999725341797,6579.0
2023-06-16 10:23:00,ADN,0.7027000188827515,0.7027000188827515,0.7062000036239624,0.7027000188827515,0.7061499953269958,792.0
2023-06-16 10:23:00,AEP,85.44999694824219,85.44999694824219,85.51000213623047,85.44999694824219,85.48999786376953,3072.0
2023-06-16 10:23:00,AY,24.045000076293945,24.045000076293945,24.045000076293945,24.045000076293945,24.045000076293945,192.0
2023-06-16 10:23:00,CEG,94.2699966430664,94.2699966430664,94.36000061035156,94.19999694824219,94.2300033569336,40347.0
2023-06-16 10:23:00,EXC,41.310001373291016,41.310001373291016,41.35499954223633,41.310001373291016,41.34000015258789,5730.0
2023-06-16 10:23:00,FLNC,26.649999618530273,26.649999618530273,26.649999618530273,26.6299991607666,26.639999389648438,931.0
2023-06-16 10:23:00,LNT,54.31999969482422,54.31999969482422,54.369998931884766,54.31999969482422,54.3650016784668,1785.0
2023-06-16 10:23:00,MSEX,82.75,82.75,82.7699966430664,82.75,82.7699966430664,635.0
2023-06-16 10:23:00,NFE,29.80500030517578,29.80500030517578,29.84000015258789,29.799999237060547,29.84000015258789,1613.0
2023-06-16 10:23:00,RNW,6.130000114440918,6.130000114440918,6.139999866485596,6.130000114440918,6.130000114440918,5259.0
2023-06-16 10:23:00,VIA,11.180000305175781,11.180000305175781,11.1899995803833,11.180000305175781,11.1899995803833,1084.0
2023-06-16 10:23:00,VIASP,16.299999237060547,16.299999237060547,16.3700008392334,16.299999237060547,16.3700008392334,702.0
2023-06-16 10:23:00,XEL,64.66000366210938,64.66000366210938,64.70999908447266,64.66000366210938,64.69999694824219,2652.0
2023-06-16 10:24:00,ADN,0.7027000188827515,0.7027000188827515,0.7027000188827515,0.7027000188827515,0.7027000188827515,412.0
2023-06-16 10:24:00,AEP,85.41000366210938,85.41000366210938,85.4800033569336,85.41000366210938,85.45999908447266,2017.0
2023-06-16 10:24:00,ARTNA,49.400001525878906,49.400001525878906,49.43000030517578,49.400001525878906,49.43000030517578,374.0
2023-06-16 10:24:00,AY,24.01110076904297,24.01110076904297,24.040000915527344,24.01110076904297,24.040000915527344,464.0
2023-06-16 10:24:00,CEG,94.30999755859375,94.30999755859375,94.37000274658203,94.30999755859375,94.33999633789062,2707.0
2023-06-16 10:24:00,CWCO,22.84000015258789,22.84000015258789,22.84000015258789,22.799999237060547,22.799999237060547,399.0
2023-06-16 10:24:00,EXC,41.290000915527344,41.290000915527344,41.31999969482422,41.28990173339844,41.31999969482422,6452.0
2023-06-16 10:24:00,FLNC,26.610000610351562,26.610000610351562,26.649999618530273,26.610000610351562,26.649999618530273,2048.0
2023-06-16 10:24:00,GWRS,12.640000343322754,12.640000343322754,12.640000343322754,12.640000343322754,12.640000343322754,227.0
2023-06-16 10:24:00,LNT,54.279998779296875,54.279998779296875,54.31999969482422,54.279998779296875,54.31999969482422,1613.0
2023-06-16 10:24:00,MNTK,7.130000114440918,7.130000114440918,7.130000114440918,7.122399806976318,7.122399806976318,1196.0
2023-06-16 10:24:00,NFE,29.790000915527344,29.790000915527344,29.799999237060547,29.770000457763672,29.799999237060547,1274.0
2023-06-16 10:24:00,OTTR,75.87000274658203,75.87000274658203,75.87000274658203,75.87000274658203,75.87000274658203,757.0
2023-06-16 10:24:00,PCYO,10.630000114440918,10.630000114440918,10.630000114440918,10.630000114440918,10.630000114440918,228.0
2023-06-16 10:24:00,RNW,6.119999885559082,6.119999885559082,6.139999866485596,6.119999885559082,6.135000228881836,19396.0
2023-06-16 10:24:00,XEL,64.66000366210938,64.66000366210938,64.68000030517578,64.65260314941406,64.68000030517578,3951.0
2023-06-16 10:25:00,ADN,0.703499972820282,0.703499972820282,0.703499972820282,0.7027999758720398,0.7028999924659729,1600.0
2023-06-16 10:25:00,AEP,85.37000274658203,85.37000274658203,85.41000366210938,85.33999633789062,85.41000366210938,3093.0
2023-06-16 10:25:00,AY,23.9950008392334,23.9950008392334,24.010000228881836,23.9950008392334,24.010000228881836,371.0
2023-06-16 10:25:00,CDZI,4.369999885559082,4.369999885559082,4.380000114440918,4.369999885559082,4.380000114440918,1354.0
2023-06-16 10:25:00,CEG,94.19499969482422,94.19499969482422,94.30999755859375,94.18000030517578,94.30999755859375,4642.0
2023-06-16 10:25:00,EXC,41.255001068115234,41.255001068115234,41.290000915527344,41.2400016784668,41.290000915527344,11494.0
2023-06-16 10:25:00,FLNC,26.639999389648438,26.639999389648438,26.670000076293945,26.59000015258789,26.639999389648438,1287.0
2023-06-16 10:25:00,HTOO,2.25,2.25,2.25,2.25,2.25,1010.0
2023-06-16 10:25:00,LNT,54.224998474121094,54.224998474121094,54.27199935913086,54.224998474121094,54.27199935913086,1747.0
2023-06-16 10:25:00,MNTK,7.110000133514404,7.110000133514404,7.119999885559082,7.110000133514404,7.119999885559082,599.0
2023-06-16 10:25:00,NFE,29.78499984741211,29.78499984741211,29.799999237060547,29.780000686645508,29.790000915527344,2218.0
2023-06-16 10:25:00,NWE,58.880001068115234,58.880001068115234,58.880001068115234,58.880001068115234,58.880001068115234,751.0
2023-06-16 10:25:00,OTTR,75.76000213623047,75.76000213623047,75.79000091552734,75.76000213623047,75.79000091552734,878.0
2023-06-16 10:25:00,PCYO,10.577699661254883,10.577699661254883,10.577699661254883,10.577699661254883,10.577699661254883,291.0
2023-06-16 10:25:00,RNW,6.105000019073486,6.105000019073486,6.130000114440918,6.099999904632568,6.1290998458862305,12271.0
2023-06-16 10:25:00,XEL,64.5999984741211,64.5999984741211,64.65499877929688,64.57499694824219,64.65499877929688,7656.0
2023-06-16 10:26:00,ADN,0.7039999961853027,0.7039999961853027,0.7039999961853027,0.703499972820282,0.703499972820282,1104.0
2023-06-16 10:26:00,AEP,85.36499786376953,85.36499786376953,85.4000015258789,85.34500122070312,85.4000015258789,2483.0
2023-06-16 10:26:00,AY,23.9950008392334,23.9950008392334,23.9950008392334,23.9950008392334,23.9950008392334,384.0
2023-06-16 10:26:00,CEG,94.2300033569336,94.2300033569336,94.2300033569336,94.2300033569336,94.2300033569336,524.0
2023-06-16 10:26:00,EXC,41.25,41.25,41.275001525878906,41.25,41.26499938964844,5176.0
2023-06-16 10:26:00,FLNC,26.690000534057617,26.690000534057617,26.690000534057617,26.6299991607666,26.6299991607666,2100.0
2023-06-16 10:26:00,GWRS,12.640000343322754,12.640000343322754,12.640000343322754,12.640000343322754,12.640000343322754,281.0
2023-06-16 10:26:00,LNT,54.2599983215332,54.2599983215332,54.2599983215332,54.25,54.25,577.0
2023-06-16 10:26:00,NFE,29.829999923706055,29.829999923706055,29.860000610351562,29.809999465942383,29.809999465942383,2804.0
2023-06-16 10:26:00,PCYO,10.550000190734863,10.550000190734863,10.579999923706055,10.550000190734863,10.579999923706055,878.0
2023-06-16 10:26:00,RNW,6.105000019073486,6.105000019073486,6.110000133514404,6.105000019073486,6.110000133514404,1493.0
2023-06-16 10:26:00,XEL,64.57499694824219,64.57499694824219,64.5999984741211,64.57499694824219,64.5999984741211,1575.0
2023-06-16 10:27:00,ADN,0.7038999795913696,0.7038999795913696,0.7039999961853027,0.7038999795913696,0.7039999961853027,800.0
2023-06-16 10:27:00,AEP,85.31999969482422,85.31999969482422,85.37000274658203,85.27999877929688,85.37000274658203,3921.0
2023-06-16 10:27:00,AY,23.959999084472656,23.959999084472656,23.989999771118164,23.959999084472656,23.989999771118164,1261.0
2023-06-16 10:27:00,CDZI,4.340000152587891,4.340000152587891,4.340000152587891,4.340000152587891,4.340000152587891,121.0
2023-06-16 10:27:00,CEG,94.17500305175781,94.17500305175781,94.2300033569336,94.1449966430664,94.21499633789062,4527.0
2023-06-16 10:27:00,EXC,41.23500061035156,41.23500061035156,41.25,41.20000076293945,41.2400016784668,5973.0
2023-06-16 10:27:00,FLNC,26.579999923706055,26.579999923706055,26.65999984741211,26.579999923706055,26.65999984741211,822.0
2023-06-16 10:27:00,LNT,54.22999954223633,54.22999954223633,54.27000045776367,54.22999954223633,54.269901275634766,1619.0
2023-06-16 10:27:00,MNTK,7.090000152587891,7.090000152587891,7.090000152587891,7.090000152587891,7.090000152587891,100.0
2023-06-16 10:27:00,NFE,29.825000762939453,29.825000762939453,29.825000762939453,29.799999237060547,29.81999969482422,1539.0
2023-06-16 10:27:00,NWE,58.83000183105469,58.83000183105469,58.83000183105469,58.83000183105469,58.83000183105469,440.0
2023-06-16 10:27:00,RNW,6.099999904632568,6.099999904632568,6.105000019073486,6.099999904632568,6.105000019073486,710.0
2023-06-16 10:27:00,XEL,64.54979705810547,64.54979705810547,64.5999984741211,64.53500366210938,64.58000183105469,4832.0
2023-06-16 10:28:00,ADN,0.7059000134468079,0.7059000134468079,0.7059000134468079,0.7039999961853027,0.7039999961853027,583.0
2023-06-16 10:28:00,AEP,85.375,85.375,85.375,85.28500366210938,85.29000091552734,4083.0
2023-06-16 10:28:00,CEG,94.12249755859375,94.12249755859375,94.18000030517578,94.12000274658203,94.16999816894531,2679.0
2023-06-16 10:28:00,EXC,41.26499938964844,41.26499938964844,41.26499938964844,41.220001220703125,41.224998474121094,4407.0
2023-06-16 10:28:00,FLNC,26.579999923706055,26.579999923706055,26.579999923706055,26.579999923706055,26.579999923706055,205.0
2023-06-16 10:28:00,LNT,54.27000045776367,54.27000045776367,54.27000045776367,54.220001220703125,54.224998474121094,1991.0
2023-06-16 10:28:00,MGEE,79.9000015258789,79.9000015258789,79.9000015258789,79.9000015258789,79.9000015258789,131.0
2023-06-16 10:28:00,MNTK,7.090000152587891,7.090000152587891,7.090000152587891,7.090000152587891,7.090000152587891,453.0
2023-06-16 10:28:00,NFE,29.850000381469727,29.850000381469727,29.850000381469727,29.829999923706055,29.829999923706055,653.0
2023-06-16 10:28:00,NWE,58.869998931884766,58.869998931884766,58.869998931884766,58.869998931884766,58.869998931884766,706.0
2023-06-16 10:28:00,PCYO,10.505000114440918,10.505000114440918,10.505000114440918,10.505000114440918,10.505000114440918,173.0
2023-06-16 10:28:00,RNW,6.100200176239014,6.100200176239014,6.110000133514404,6.100200176239014,6.103799819946289,2893.0
2023-06-16 10:28:00,XEL,64.56999969482422,64.56999969482422,64.58999633789062,64.51499938964844,64.52999877929688,4160.0
2023-06-16 10:29:00,ADN,0.7059999704360962,0.7059999704360962,0.7059999704360962,0.7031000256538391,0.7039999961853027,2118.0
2023-06-16 10:29:00,AEP,85.37000274658203,85.37000274658203,85.4000015258789,85.33999633789062,85.33999633789062,2921.0
2023-06-16 10:29:00,AY,23.954999923706055,23.954999923706055,23.954999923706055,23.954999923706055,23.954999923706055,1694.0
2023-06-16 10:29:00,CDZI,4.347499847412109,4.347499847412109,4.347499847412109,4.347499847412109,4.347499847412109,195.0
2023-06-16 10:29:00,CEG,94.20999908447266,94.20999908447266,94.22000122070312,94.1449966430664,94.1500015258789,7040.0
2023-06-16 10:29:00,EXC,41.27000045776367,41.27000045776367,41.28499984741211,41.25,41.25,2479.0
2023-06-16 10:29:00,FLNC,26.6299991607666,26.6299991607666,26.6299991607666,26.59000015258789,26.59000015258789,1202.0
2023-06-16 10:29:00,GWRS,12.649999618530273,12.649999618530273,12.649999618530273,12.649999618530273,12.649999618530273,188.0
2023-06-16 10:29:00,HTOO,2.2300000190734863,2.2300000190734863,2.238800048828125,2.2300000190734863,2.238800048828125,214.0
2023-06-16 10:29:00,LNT,54.279998779296875,54.279998779296875,54.279998779296875,54.26499938964844,54.275001525878906,1045.0
2023-06-16 10:29:00,MNTK,7.099999904632568,7.099999904632568,7.099999904632568,7.099999904632568,7.099999904632568,1139.0
2023-06-16 10:29:00,NFE,29.920000076293945,29.920000076293945,29.920000076293945,29.854999542236328,29.854999542236328,2056.0
2023-06-16 10:29:00,PCYO,10.520000457763672,10.520000457763672,10.520000457763672,10.520000457763672,10.520000457763672,103.0
2023-06-16 10:29:00,RNW,6.110000133514404,6.110000133514404,6.110000133514404,6.109000205993652,6.110000133514404,2815.0
2023-06-16 10:29:00,XEL,64.56999969482422,64.56999969482422,64.58999633789062,64.55999755859375,64.56999969482422,3546.0
2023-06-16 10:30:00,ADN,0.7031000256538391,0.7031000256538391,0.703499972820282,0.7031000256538391,0.703499972820282,611.0
2023-06-16 10:30:00,AEP,85.4000015258789,85.4000015258789,85.41000366210938,85.3499984741211,85.38999938964844,2896.0
2023-06-16 10:30:00,AY,23.979999542236328,23.979999542236328,23.979999542236328,23.959999084472656,23.969999313354492,3305.0
2023-06-16 10:30:00,CEG,94.26000213623047,94.26000213623047,94.27999877929688,94.19499969482422,94.19999694824219,5449.0
2023-06-16 10:30:00,CWCO,22.84000015258789,22.84000015258789,22.84000015258789,22.81999969482422,22.81999969482422,274.0
2023-06-16 10:30:00,EXC,41.279998779296875,41.279998779296875,41.279998779296875,41.244998931884766,41.26499938964844,6091.0
2023-06-16 10:30:00,FLNC,26.65999984741211,26.65999984741211,26.65999984741211,26.649999618530273,26.65999984741211,1509.0
2023-06-16 10:30:00,HTOO,2.220099925994873,2.220099925994873,2.220099925994873,2.220099925994873,2.220099925994873,342.0
2023-06-16 10:30:00,LNT,54.33000183105469,54.33000183105469,54.33000183105469,54.275001525878906,54.279998779296875,2562.0
2023-06-16 10:30:00,MGEE,79.94499969482422,79.94499969482422,79.94499969482422,79.94499969482422,79.94499969482422,242.0
2023-06-16 10:30:00,MNTK,7.099999904632568,7.099999904632568,7.099999904632568,7.099999904632568,7.099999904632568,650.0
2023-06-16 10:30:00,NFE,29.979999542236328,29.979999542236328,29.979999542236328,29.950000762939453,29.950000762939453,929.0
2023-06-16 10:30:00,PCYO,10.539999961853027,10.539999961853027,10.539999961853027,10.539999961853027,10.539999961853027,223.0
2023-06-16 10:30:00,RNW,6.110000133514404,6.110000133514404,6.110000133514404,6.110000133514404,6.110000133514404,1846.0
2023-06-16 10:30:00,XEL,64.5999984741211,64.5999984741211,64.61000061035156,64.55999755859375,64.58000183105469,4420.0
2023-06-16 10:31:00,ADN,0.7035999894142151,0.7035999894142151,0.7056499719619751,0.703499972820282,0.7056499719619751,5505.0
2023-06-16 10:31:00,AEP,85.4000015258789,85.4000015258789,85.4000015258789,85.36080169677734,85.4000015258789,5384.0
2023-06-16 10:31:00,AY,23.977100372314453,23.977100372314453,23.999799728393555,23.977100372314453,23.985000610351562,405.0
2023-06-16 10:31:00,CDZI,4.357699871063232,4.357699871063232,4.357699871063232,4.357699871063232,4.357699871063232,121.0
2023-06-16 10:31:00,CEG,94.32499694824219,94.32499694824219,94.32499694824219,94.22000122070312,94.23999786376953,6249.0
2023-06-16 10:31:00,CWCO,22.799999237060547,22.799999237060547,22.799999237060547,22.799999237060547,22.799999237060547,315.0
2023-06-16 10:31:00,EXC,41.25,41.25,41.2599983215332,41.244998931884766,41.2599983215332,5247.0
2023-06-16 10:31:00,LNT,54.32500076293945,54.32500076293945,54.32500076293945,54.310001373291016,54.310001373291016,2151.0
2023-06-16 10:31:00,NFE,29.979999542236328,29.979999542236328,29.979999542236328,29.950000762939453,29.950000762939453,910.0
2023-06-16 10:31:00,PCYO,10.569999694824219,10.569999694824219,10.569999694824219,10.569999694824219,10.569999694824219,236.0
2023-06-16 10:31:00,RNW,6.110000133514404,6.110000133514404,6.114999771118164,6.110000133514404,6.110000133514404,1760.0
2023-06-16 10:31:00,XEL,64.55999755859375,64.55999755859375,64.5999984741211,64.55999755859375,64.58999633789062,4791.0
2023-06-16 10:32:00,ADN,0.703499972820282,0.703499972820282,0.703499972820282,0.703499972820282,0.703499972820282,1000.0
2023-06-16 10:32:00,AEP,85.33999633789062,85.33999633789062,85.37999725341797,85.33000183105469,85.37999725341797,2174.0
2023-06-16 10:32:00,ARTNA,49.380001068115234,49.380001068115234,49.41360092163086,49.22999954223633,49.41360092163086,1930.0
2023-06-16 10:32:00,AY,23.9689998626709,23.9689998626709,23.985000610351562,23.959999084472656,23.985000610351562,1298.0
2023-06-16 10:32:00,CDZI,4.369999885559082,4.369999885559082,4.369999885559082,4.369999885559082,4.369999885559082,1318.0
2023-06-16 10:32:00,CEG,94.32499694824219,94.32499694824219,94.32499694824219,94.31500244140625,94.31500244140625,625.0
2023-06-16 10:32:00,EXC,41.220001220703125,41.220001220703125,41.22999954223633,41.20500183105469,41.22999954223633,4314.0
2023-06-16 10:32:00,FLNC,26.65999984741211,26.65999984741211,26.65999984741211,26.65999984741211,26.65999984741211,292.0
2023-06-16 10:32:00,LNT,54.29999923706055,54.29999923706055,54.31999969482422,54.29999923706055,54.319000244140625,2582.0
2023-06-16 10:32:00,MGEE,79.98500061035156,79.98500061035156,80.01000213623047,79.93000030517578,79.94000244140625,869.0
2023-06-16 10:32:00,MNTK,7.099999904632568,7.099999904632568,7.099999904632568,7.099999904632568,7.099999904632568,216.0
2023-06-16 10:32:00,NFE,29.93000030517578,29.93000030517578,29.979999542236328,29.93000030517578,29.979999542236328,1132.0
2023-06-16 10:32:00,RNW,6.110000133514404,6.110000133514404,6.114999771118164,6.110000133514404,6.110000133514404,2853.0
2023-06-16 10:32:00,XEL,64.5199966430664,64.5199966430664,64.55999755859375,64.51499938964844,64.55500030517578,3612.0
2023-06-16 10:33:00,ADN,0.7401000261306763,0.7401000261306763,0.7749000191688538,0.703499972820282,0.703499972820282,29303.0
2023-06-16 10:33:00,AEP,85.3363037109375,85.3363037109375,85.36499786376953,85.31999969482422,85.33000183105469,4324.0
2023-06-16 10:33:00,AY,23.969999313354492,23.969999313354492,23.969999313354492,23.969999313354492,23.969999313354492,623.0
2023-06-16 10:33:00,CDZI,4.380000114440918,4.380000114440918,4.380000114440918,4.380000114440918,4.380000114440918,235.0
2023-06-16 10:33:00,CEG,94.33499908447266,94.33499908447266,94.3499984741211,94.29000091552734,94.30000305175781,3626.0
2023-06-16 10:33:00,EXC,41.220001220703125,41.220001220703125,41.22999954223633,41.220001220703125,41.220001220703125,3572.0
2023-06-16 10:33:00,FLNC,26.71500015258789,26.71500015258789,26.71500015258789,26.700000762939453,26.700000762939453,828.0
2023-06-16 10:33:00,LNT,54.290000915527344,54.290000915527344,54.310001373291016,54.290000915527344,54.290000915527344,1924.0
2023-06-16 10:33:00,MGEE,79.83999633789062,79.83999633789062,80.06999969482422,79.83999633789062,79.8499984741211,953.0
2023-06-16 10:33:00,MNTK,7.090000152587891,7.090000152587891,7.090000152587891,7.090000152587891,7.090000152587891,120.0
2023-06-16 10:33:00,NFE,29.969999313354492,29.969999313354492,29.969999313354492,29.94499969482422,29.94499969482422,637.0
2023-06-16 10:33:00,NWE,58.869998931884766,58.869998931884766,58.869998931884766,58.869998931884766,58.869998931884766,720.0
2023-06-16 10:33:00,RNW,6.090000152587891,6.090000152587891,6.105000019073486,6.090000152587891,6.105000019073486,1216.0
2023-06-16 10:33:00,VIASP,16.479999542236328,16.479999542236328,16.479999542236328,16.479999542236328,16.479999542236328,114.0
2023-06-16 10:33:00,XEL,64.52999877929688,64.52999877929688,64.55000305175781,64.5199966430664,64.5199966430664,3691.0
2023-06-16 10:34:00,AEP,85.30999755859375,85.30999755859375,85.3499984741211,85.30999755859375,85.33999633789062,6575.0
2023-06-16 10:34:00,AY,23.972900390625,23.972900390625,23.985000610351562,23.972900390625,23.985000610351562,885.0
2023-06-16 10:34:00,CEG,94.41000366210938,94.41000366210938,94.41000366210938,94.33499908447266,94.33499908447266,3014.0
2023-06-16 10:34:00,CWCO,22.809999465942383,22.809999465942383,22.809999465942383,22.809999465942383,22.809999465942383,553.0
2023-06-16 10:34:00,EXC,41.17499923706055,41.17499923706055,41.20500183105469,41.165000915527344,41.20500183105469,5218.0
2023-06-16 10:34:00,FLNC,26.790000915527344,26.790000915527344,26.809900283813477,26.729999542236328,26.739999771118164,4725.0
2023-06-16 10:34:00,GWRS,12.670000076293945,12.670000076293945,12.670000076293945,12.65999984741211,12.65999984741211,3977.0
2023-06-16 10:34:00,LNT,54.209999084472656,54.209999084472656,54.27000045776367,54.209999084472656,54.27000045776367,4796.0
2023-06-16 10:34:00,MNTK,7.105000019073486,7.105000019073486,7.105000019073486,7.105000019073486,7.105000019073486,100.0
2023-06-16 10:34:00,NFE,30.0049991607666,30.0049991607666,30.0049991607666,29.989999771118164,29.989999771118164,1021.0
2023-06-16 10:34:00,PCYO,10.59000015258789,10.59000015258789,10.59000015258789,10.59000015258789,10.59000015258789,100.0
2023-06-16 10:34:00,RNW,6.105000019073486,6.105000019073486,6.110000133514404,6.090000152587891,6.090000152587891,3786.0
2023-06-16 10:34:00,XEL,64.44999694824219,64.44999694824219,64.52999877929688,64.44999694824219,64.52999877929688,3830.0
2023-06-16 10:35:00,ADN,0.703000009059906,0.703000009059906,0.7127000093460083,0.7027000188827515,0.7125999927520752,12101.0
2023-06-16 10:35:00,AEP,85.29499816894531,85.29499816894531,85.31999969482422,85.2750015258789,85.30000305175781,3836.0
2023-06-16 10:35:00,AY,23.969999313354492,23.969999313354492,23.979999542236328,23.969999313354492,23.972700119018555,865.0
2023-06-16 10:35:00,CEG,94.3499984741211,94.3499984741211,94.44000244140625,94.3499984741211,94.43830108642578,3879.0
2023-06-16 10:35:00,EXC,41.17499923706055,41.17499923706055,41.18000030517578,41.15950012207031,41.16999816894531,8229.0
2023-06-16 10:35:00,FLNC,26.649999618530273,26.649999618530273,26.78499984741211,26.649999618530273,26.78499984741211,2800.0
2023-06-16 10:35:00,HTOO,2.240000009536743,2.240000009536743,2.240000009536743,2.240000009536743,2.240000009536743,1010.0
2023-06-16 10:35:00,LNT,54.189998626708984,54.189998626708984,54.22999954223633,54.189998626708984,54.220001220703125,2398.0
2023-06-16 10:35:00,MNTK,7.090000152587891,7.090000152587891,7.099999904632568,7.090000152587891,7.099999904632568,1281.0
2023-06-16 10:35:00,NFE,29.989999771118164,29.989999771118164,30.020000457763672,29.979999542236328,30.020000457763672,1636.0
2023-06-16 10:35:00,NWE,58.79499816894531,58.79499816894531,58.810001373291016,58.790000915527344,58.810001373291016,740.0
2023-06-16 10:35:00,OTTR,75.66000366210938,75.66000366210938,75.72000122070312,75.66000366210938,75.72000122070312,891.0
2023-06-16 10:35:00,PCYO,10.63070011138916,10.63070011138916,10.63070011138916,10.63070011138916,10.63070011138916,395.0
2023-06-16 10:35:00,RNW,6.110000133514404,6.110000133514404,6.110000133514404,6.110000133514404,6.110000133514404,6122.0
2023-06-16 10:35:00,XEL,64.44000244140625,64.44000244140625,64.4800033569336,64.44000244140625,64.45999908447266,4276.0
2023-06-16 10:36:00,ADN,0.699999988079071,0.699999988079071,0.7099000215530396,0.699999988079071,0.7099000215530396,20753.0
2023-06-16 10:36:00,AEP,85.27999877929688,85.27999877929688,85.29000091552734,85.26000213623047,85.26000213623047,2056.0
2023-06-16 10:36:00,CDZI,4.369999885559082,4.369999885559082,4.380000114440918,4.369999885559082,4.380000114440918,1244.0
2023-06-16 10:36:00,CEG,94.33000183105469,94.33000183105469,94.375,94.33000183105469,94.33999633789062,3857.0
2023-06-16 10:36:00,EXC,41.189998626708984,41.189998626708984,41.20000076293945,41.17499923706055,41.17499923706055,5555.0
2023-06-16 10:36:00,FLNC,26.665000915527344,26.665000915527344,26.665000915527344,26.665000915527344,26.665000915527344,595.0
2023-06-16 10:36:00,LNT,54.18000030517578,54.18000030517578,54.20000076293945,54.18000030517578,54.189998626708984,3333.0
2023-06-16 10:36:00,MNTK,7.090000152587891,7.090000152587891,7.090000152587891,7.090000152587891,7.090000152587891,600.0
2023-06-16 10:36:00,NFE,29.969999313354492,29.969999313354492,29.989999771118164,29.969999313354492,29.98150062561035,998.0
2023-06-16 10:36:00,RNW,6.119999885559082,6.119999885559082,6.130000114440918,6.110000133514404,6.110000133514404,2557.0
2023-06-16 10:36:00,XEL,64.44000244140625,64.44000244140625,64.44499969482422,64.41999816894531,64.43000030517578,4167.0
2023-06-16 10:37:00,ADN,0.699999988079071,0.699999988079071,0.7069000005722046,0.699999988079071,0.7069000005722046,219.0
2023-06-16 10:37:00,AEP,85.1500015258789,85.1500015258789,85.26000213623047,85.13999938964844,85.26000213623047,2385.0
2023-06-16 10:37:00,AY,23.940000534057617,23.940000534057617,23.95840072631836,23.940000534057617,23.95840072631836,1098.0
2023-06-16 10:37:00,CDZI,4.360000133514404,4.360000133514404,4.360000133514404,4.360000133514404,4.360000133514404,326.0
2023-06-16 10:37:00,CEG,94.2300033569336,94.2300033569336,94.31999969482422,94.2300033569336,94.31999969482422,2561.0
2023-06-16 10:37:00,EXC,41.1088981628418,41.1088981628418,41.18000030517578,41.1088981628418,41.18000030517578,5850.0
2023-06-16 10:37:00,FLNC,26.579999923706055,26.579999923706055,26.600000381469727,26.559999465942383,26.600000381469727,1225.0
2023-06-16 10:37:00,LNT,54.1150016784668,54.1150016784668,54.17499923706055,54.1150016784668,54.17499923706055,3342.0
2023-06-16 10:37:00,MGEE,79.66999816894531,79.66999816894531,79.66999816894531,79.66999816894531,79.66999816894531,255.0
2023-06-16 10:37:00,MNTK,7.079999923706055,7.079999923706055,7.079999923706055,7.079999923706055,7.079999923706055,869.0
2023-06-16 10:37:00,MSEX,82.69000244140625,82.69000244140625,82.69000244140625,82.58999633789062,82.58999633789062,1280.0
2023-06-16 10:37:00,NFE,29.93000030517578,29.93000030517578,29.957500457763672,29.920000076293945,29.957500457763672,1361.0
2023-06-16 10:37:00,NWE,58.7400016784668,58.7400016784668,58.744998931884766,58.70000076293945,58.70000076293945,763.0
2023-06-16 10:37:00,PCYO,10.520000457763672,10.520000457763672,10.550000190734863,10.520000457763672,10.550000190734863,2315.0
2023-06-16 10:37:00,RNW,6.114999771118164,6.114999771118164,6.119999885559082,6.114999771118164,6.119999885559082,3774.0
2023-06-16 10:37:00,XEL,64.33999633789062,64.33999633789062,64.43499755859375,64.33999633789062,64.43499755859375,5217.0
2023-06-16 10:38:00,ADN,0.7049999833106995,0.7049999833106995,0.7049999833106995,0.7049999833106995,0.7049999833106995,328.0
2023-06-16 10:38:00,AEP,85.25,85.25,85.25,85.16999816894531,85.16999816894531,1990.0
2023-06-16 10:38:00,CEG,94.23999786376953,94.23999786376953,94.26000213623047,94.19000244140625,94.22000122070312,3269.0
2023-06-16 10:38:00,EXC,41.1150016784668,41.1150016784668,41.130001068115234,41.09000015258789,41.099998474121094,6672.0
2023-06-16 10:38:00,FLNC,26.59000015258789,26.59000015258789,26.59000015258789,26.59000015258789,26.59000015258789,609.0
2023-06-16 10:38:00,LNT,54.150001525878906,54.150001525878906,54.15999984741211,54.119998931884766,54.119998931884766,2808.0
2023-06-16 10:38:00,NFE,29.899999618530273,29.899999618530273,29.93000030517578,29.899999618530273,29.920000076293945,1261.0
2023-06-16 10:38:00,NWE,58.7599983215332,58.7599983215332,58.7599983215332,58.7599983215332,58.7599983215332,524.0
2023-06-16 10:38:00,PCYO,10.510000228881836,10.510000228881836,10.545000076293945,10.5,10.5,4927.0
2023-06-16 10:38:00,RNW,6.105000019073486,6.105000019073486,6.114999771118164,6.105000019073486,6.114999771118164,4539.0
2023-06-16 10:38:00,XEL,64.4000015258789,64.4000015258789,64.41999816894531,64.33000183105469,64.33000183105469,4270.0
2023-06-16 10:39:00,AEP,85.26000213623047,85.26000213623047,85.26000213623047,85.18900299072266,85.19000244140625,2080.0
2023-06-16 10:39:00,AY,23.93000030517578,23.93000030517578,23.93000030517578,23.920000076293945,23.920000076293945,2027.0
2023-06-16 10:39:00,CEG,94.19000244140625,94.19000244140625,94.23500061035156,94.12999725341797,94.22000122070312,3136.0
2023-06-16 10:39:00,CWCO,22.8799991607666,22.8799991607666,22.8799991607666,22.69499969482422,22.799999237060547,5021.0
2023-06-16 10:39:00,EXC,41.125,41.125,41.125,41.099998474121094,41.11009979248047,3834.0
2023-06-16 10:39:00,FLNC,26.5,26.5,26.559999465942383,26.5,26.559999465942383,2734.0
2023-06-16 10:39:00,LNT,54.120601654052734,54.120601654052734,54.120601654052734,54.11000061035156,54.119998931884766,1248.0
2023-06-16 10:39:00,MGEE,79.36000061035156,79.36000061035156,79.36000061035156,79.36000061035156,79.36000061035156,283.0
2023-06-16 10:39:00,MNTK,7.085000038146973,7.085000038146973,7.085000038146973,7.070000171661377,7.070000171661377,3292.0
2023-06-16 10:39:00,NFE,29.8700008392334,29.8700008392334,29.8700008392334,29.84000015258789,29.850000381469727,1116.0
2023-06-16 10:39:00,OTTR,75.5199966430664,75.5199966430664,75.5199966430664,75.5199966430664,75.5199966430664,204.0
2023-06-16 10:39:00,RNW,6.110000133514404,6.110000133514404,6.110000133514404,6.105000019073486,6.105000019073486,724.0
2023-06-16 10:39:00,XEL,64.41999816894531,64.41999816894531,64.41999816894531,64.38130187988281,64.38999938964844,4305.0
2023-06-16 10:40:00,AEP,85.2249984741211,85.2249984741211,85.25,85.21499633789062,85.25,2520.0
2023-06-16 10:40:00,AY,23.93000030517578,23.93000030517578,23.93000030517578,23.93000030517578,23.93000030517578,525.0
2023-06-16 10:40:00,CEG,94.16000366210938,94.16000366210938,94.19999694824219,94.16000366210938,94.19999694824219,1697.0
2023-06-16 10:40:00,CWCO,22.8799991607666,22.8799991607666,22.8799991607666,22.834999084472656,22.834999084472656,2094.0
2023-06-16 10:40:00,EXC,41.1150016784668,41.1150016784668,41.125,41.1150016784668,41.125,1798.0
2023-06-16 10:40:00,FLNC,26.479999542236328,26.479999542236328,26.524999618530273,26.469999313354492,26.524999618530273,2646.0
2023-06-16 10:40:00,HTOO,2.25,2.25,2.25,2.25,2.25,150.0
2023-06-16 10:40:00,LNT,54.13999938964844,54.13999938964844,54.14500045776367,54.1349983215332,54.1349983215332,1467.0
2023-06-16 10:40:00,MNTK,7.070000171661377,7.070000171661377,7.079999923706055,7.059999942779541,7.079999923706055,603.0
2023-06-16 10:40:00,NFE,29.829999923706055,29.829999923706055,29.860000610351562,29.809999465942383,29.860000610351562,1091.0
2023-06-16 10:40:00,NWE,58.7400016784668,58.7400016784668,58.75,58.7400016784668,58.75,1369.0
2023-06-16 10:40:00,OTTR,75.41999816894531,75.41999816894531,75.41999816894531,75.38999938964844,75.38999938964844,677.0
2023-06-16 10:40:00,PCYO,10.510000228881836,10.510000228881836,10.539999961853027,10.5,10.5,4229.0
2023-06-16 10:40:00,RNW,6.104300022125244,6.104300022125244,6.110000133514404,6.104300022125244,6.110000133514404,2963.0
2023-06-16 10:40:00,XEL,64.41999816894531,64.41999816894531,64.43000030517578,64.41000366210938,64.42500305175781,3173.0
2023-06-16 10:41:00,ADN,0.699999988079071,0.699999988079071,0.7067999839782715,0.699999988079071,0.7064999938011169,13710.0
2023-06-16 10:41:00,AEP,85.16999816894531,85.16999816894531,85.19999694824219,85.16500091552734,85.16999816894531,1861.0
2023-06-16 10:41:00,AY,23.890100479125977,23.890100479125977,23.90999984741211,23.890100479125977,23.90999984741211,1208.0
2023-06-16 10:41:00,CEG,94.0425033569336,94.0425033569336,94.13999938964844,94.04000091552734,94.12999725341797,1539.0
2023-06-16 10:41:00,EXC,41.09000015258789,41.09000015258789,41.11000061035156,41.084999084472656,41.11000061035156,8109.0
2023-06-16 10:41:00,FLNC,26.454999923706055,26.454999923706055,26.472299575805664,26.440000534057617,26.469999313354492,2090.0
2023-06-16 10:41:00,LNT,54.125,54.125,54.125,54.11000061035156,54.119998931884766,828.0
2023-06-16 10:41:00,MGEE,79.37000274658203,79.37000274658203,79.37000274658203,79.37000274658203,79.37000274658203,323.0
2023-06-16 10:41:00,MSEX,82.55500030517578,82.55500030517578,82.55500030517578,82.55500030517578,82.55500030517578,143.0
2023-06-16 10:41:00,NFE,29.809999465942383,29.809999465942383,29.81999969482422,29.799999237060547,29.799999237060547,2766.0
2023-06-16 10:41:00,NWE,58.689998626708984,58.689998626708984,58.689998626708984,58.689998626708984,58.689998626708984,750.0
2023-06-16 10:41:00,RNW,6.105000019073486,6.105000019073486,6.105000019073486,6.105000019073486,6.105000019073486,362.0
2023-06-16 10:41:00,XEL,64.4000015258789,64.4000015258789,64.41000366210938,64.37000274658203,64.41000366210938,5866.0
2023-06-16 10:41:00,YORW,43.13999938964844,43.13999938964844,43.13999938964844,43.13999938964844,43.13999938964844,335.0
2023-06-16 10:42:00,ADN,0.7069000005722046,0.7069000005722046,0.7069000005722046,0.7069000005722046,0.7069000005722046,554.0
2023-06-16 10:42:00,AEP,85.18000030517578,85.18000030517578,85.19670104980469,85.16000366210938,85.16000366210938,3056.0
2023-06-16 10:42:00,AY,23.889999389648438,23.889999389648438,23.899999618530273,23.889999389648438,23.899999618530273,871.0
2023-06-16 10:42:00,BNRG,0.9800000190734863,0.9800000190734863,0.9800000190734863,0.9800000190734863,0.9800000190734863,3456.0
2023-06-16 10:42:00,CEG,94.12999725341797,94.12999725341797,94.19999694824219,94.05000305175781,94.05999755859375,4367.0
2023-06-16 10:42:00,CWCO,22.875,22.875,22.875,22.875,22.875,140.0
2023-06-16 10:42:00,EXC,41.10499954223633,41.10499954223633,41.10499954223633,41.06999969482422,41.08000183105469,6141.0
2023-06-16 10:42:00,FLNC,26.5,26.5,26.5,26.40999984741211,26.450000762939453,6910.0
2023-06-16 10:42:00,LNT,54.11000061035156,54.11000061035156,54.130001068115234,54.099998474121094,54.11000061035156,1760.0
2023-06-16 10:42:00,NFE,29.799999237060547,29.799999237060547,29.799999237060547,29.799999237060547,29.799999237060547,378.0
2023-06-16 10:42:00,RNW,6.110000133514404,6.110000133514404,6.110000133514404,6.105000019073486,6.105000019073486,5559.0
2023-06-16 10:42:00,VIASP,16.479999542236328,16.479999542236328,16.479999542236328,16.479999542236328,16.479999542236328,1085.0
2023-06-16 10:42:00,XEL,64.40499877929688,64.40499877929688,64.43000030517578,64.4000015258789,64.4000015258789,2379.0
2023-06-16 10:43:00,ADN,0.7121000289916992,0.7121000289916992,0.7121999859809875,0.7095999717712402,0.7095999717712402,668.0
2023-06-16 10:43:00,AEP,85.22000122070312,85.22000122070312,85.22889709472656,85.16999816894531,85.19000244140625,2184.0
2023-06-16 10:43:00,CEG,94.19999694824219,94.19999694824219,94.20999908447266,94.16000366210938,94.18000030517578,2695.0
2023-06-16 10:43:00,EXC,41.130001068115234,41.130001068115234,41.130001068115234,41.10499954223633,41.10499954223633,2804.0
2023-06-16 10:43:00,FLNC,26.450000762939453,26.450000762939453,26.530000686645508,26.450000762939453,26.520000457763672,8349.0
2023-06-16 10:43:00,HTOO,2.25,2.25,2.25,2.249500036239624,2.249500036239624,500.0
2023-06-16 10:43:00,LNT,54.130001068115234,54.130001068115234,54.130001068115234,54.11000061035156,54.11000061035156,1135.0
2023-06-16 10:43:00,MNTK,7.050000190734863,7.050000190734863,7.059999942779541,7.050000190734863,7.059999942779541,667.0
2023-06-16 10:43:00,NFE,29.829999923706055,29.829999923706055,29.829999923706055,29.790000915527344,29.799999237060547,2040.0
2023-06-16 10:43:00,RNW,6.090000152587891,6.090000152587891,6.110000133514404,6.090000152587891,6.110000133514404,10166.0
2023-06-16 10:43:00,XEL,64.43000030517578,64.43000030517578,64.43000030517578,64.38999938964844,64.40499877929688,3095.0
2023-06-16 10:44:00,ADN,0.7001000046730042,0.7001000046730042,0.7039999961853027,0.6998999714851379,0.699999988079071,15164.0
2023-06-16 10:44:00,AEP,85.19999694824219,85.19999694824219,85.23500061035156,85.19000244140625,85.20999908447266,4461.0
2023-06-16 10:44:00,ARTNA,49.2400016784668,49.2400016784668,49.40999984741211,49.2400016784668,49.40999984741211,657.0
2023-06-16 10:44:00,CDZI,4.369999885559082,4.369999885559082,4.369999885559082,4.369999885559082,4.369999885559082,889.0
2023-06-16 10:44:00,CEG,94.19999694824219,94.19999694824219,94.19999694824219,94.1500015258789,94.19999694824219,7995.0
2023-06-16 10:44:00,CWCO,22.850000381469727,22.850000381469727,22.850000381469727,22.850000381469727,22.850000381469727,372.0
2023-06-16 10:44:00,EXC,41.13999938964844,41.13999938964844,41.1599006652832,41.119998931884766,41.130001068115234,9989.0
2023-06-16 10:44:00,FLNC,26.43600082397461,26.43600082397461,26.48069953918457,26.430099487304688,26.43600082397461,2070.0
2023-06-16 10:44:00,LNT,54.13999938964844,54.13999938964844,54.15999984741211,54.13999938964844,54.150001525878906,3603.0
2023-06-16 10:44:00,NFE,29.81999969482422,29.81999969482422,29.81999969482422,29.81999969482422,29.81999969482422,535.0
2023-06-16 10:44:00,RNW,6.090000152587891,6.090000152587891,6.092899799346924,6.090000152587891,6.090000152587891,2664.0
2023-06-16 10:44:00,XEL,64.41000366210938,64.41000366210938,64.44000244140625,64.41000366210938,64.42500305175781,4432.0
2023-06-16 10:45:00,ADN,0.6995999813079834,0.6995999813079834,0.7001000046730042,0.6995999813079834,0.699999988079071,5001.0
2023-06-16 10:45:00,AEP,85.22000122070312,85.22000122070312,85.2300033569336,85.18000030517578,85.18000030517578,4945.0
2023-06-16 10:45:00,ARTNA,49.31999969482422,49.31999969482422,49.31999969482422,49.31999969482422,49.31999969482422,127.0
2023-06-16 10:45:00,AY,23.889999389648438,23.889999389648438,23.889999389648438,23.889999389648438,23.889999389648438,485.0
2023-06-16 10:45:00,CEG,94.18000030517578,94.18000030517578,94.20999908447266,94.18000030517578,94.19999694824219,4509.0
2023-06-16 10:45:00,EXC,41.14500045776367,41.14500045776367,41.14500045776367,41.119998931884766,41.130001068115234,3900.0
2023-06-16 10:45:00,FLNC,26.450000762939453,26.450000762939453,26.451799392700195,26.40999984741211,26.451799392700195,8101.0
2023-06-16 10:45:00,HTOO,2.240000009536743,2.240000009536743,2.240000009536743,2.240000009536743,2.240000009536743,395.0
2023-06-16 10:45:00,LNT,54.18000030517578,54.18000030517578,54.18000030517578,54.13999938964844,54.13999938964844,1890.0
2023-06-16 10:45:00,MGEE,79.06999969482422,79.06999969482422,79.06999969482422,79.06999969482422,79.06999969482422,213.0
2023-06-16 10:45:00,MNTK,7.039999961853027,7.039999961853027,7.039999961853027,7.039999961853027,7.039999961853027,693.0
2023-06-16 10:45:00,NFE,29.790000915527344,29.790000915527344,29.809999465942383,29.790000915527344,29.809999465942383,687.0
2023-06-16 10:45:00,NWE,58.88999938964844,58.88999938964844,58.88999938964844,58.77000045776367,58.77000045776367,1221.0
2023-06-16 10:45:00,PCYO,10.529999732971191,10.529999732971191,10.529999732971191,10.510000228881836,10.510000228881836,323.0
2023-06-16 10:45:00,RNW,6.079999923706055,6.079999923706055,6.079999923706055,6.079999923706055,6.079999923706055,200.0
2023-06-16 10:45:00,XEL,64.43000030517578,64.43000030517578,64.43000030517578,64.4000015258789,64.40499877929688,2004.0
2023-06-16 10:46:00,ADN,0.699999988079071,0.699999988079071,0.699999988079071,0.6976500153541565,0.6976500153541565,12663.0
2023-06-16 10:46:00,AEP,85.2300033569336,85.2300033569336,85.2300033569336,85.18000030517578,85.20999908447266,6902.0
2023-06-16 10:46:00,AY,23.890300750732422,23.890300750732422,23.890300750732422,23.890300750732422,23.890300750732422,322.0
2023-06-16 10:46:00,CEG,94.16999816894531,94.16999816894531,94.18499755859375,94.16000366210938,94.18499755859375,2151.0
2023-06-16 10:46:00,EXC,41.165000915527344,41.165000915527344,41.165000915527344,41.13999938964844,41.13999938964844,14935.0
2023-06-16 10:46:00,FLNC,26.33009910583496,26.33009910583496,26.450000762939453,26.31999969482422,26.450000762939453,42139.0
2023-06-16 10:46:00,HTOO,2.240000009536743,2.240000009536743,2.240000009536743,2.240000009536743,2.240000009536743,155.0
2023-06-16 10:46:00,LNT,54.16999816894531,54.16999816894531,54.16999816894531,54.16999816894531,54.16999816894531,728.0
2023-06-16 10:46:00,MNTK,7.039999961853027,7.039999961853027,7.039999961853027,7.039999961853027,7.039999961853027,1745.0
2023-06-16 10:46:00,NFE,29.809999465942383,29.809999465942383,29.809999465942383,29.790000915527344,29.799999237060547,2064.0
2023-06-16 10:46:00,NWE,58.900001525878906,58.900001525878906,58.900001525878906,58.880001068115234,58.880001068115234,238.0
2023-06-16 10:46:00,OTTR,75.45999908447266,75.45999908447266,75.45999908447266,75.45999908447266,75.45999908447266,366.0
2023-06-16 10:46:00,PCYO,10.539999961853027,10.539999961853027,10.539999961853027,10.539999961853027,10.539999961853027,135.0
2023-06-16 10:46:00,RNW,6.065000057220459,6.065000057220459,6.079999923706055,6.065000057220459,6.079999923706055,3658.0
2023-06-16 10:46:00,XEL,64.43000030517578,64.43000030517578,64.44499969482422,64.4000015258789,64.44000244140625,8251.0
2023-06-16 10:46:00,YORW,43.189998626708984,43.189998626708984,43.189998626708984,43.189998626708984,43.189998626708984,439.0
2023-06-16 10:47:00,ADN,0.6976000070571899,0.6976000070571899,0.699999988079071,0.6952999830245972,0.699999988079071,513.0
2023-06-16 10:47:00,AEP,85.27999877929688,85.27999877929688,85.27999877929688,85.22000122070312,85.23999786376953,3108.0
2023-06-16 10:47:00,AY,23.8799991607666,23.8799991607666,23.8799991607666,23.864999771118164,23.8799991607666,2647.0
2023-06-16 10:47:00,CEG,94.16500091552734,94.16500091552734,94.17500305175781,94.13999938964844,94.17500305175781,1342.0
2023-06-16 10:47:00,EXC,41.19499969482422,41.19499969482422,41.19499969482422,41.15999984741211,41.15999984741211,7341.0
2023-06-16 10:47:00,FLNC,26.329999923706055,26.329999923706055,26.3799991607666,26.329999923706055,26.350000381469727,6076.0
2023-06-16 10:47:00,LNT,54.189998626708984,54.189998626708984,54.20000076293945,54.17499923706055,54.17499923706055,1929.0
2023-06-16 10:47:00,MSEX,82.62999725341797,82.62999725341797,82.62999725341797,82.62999725341797,82.62999725341797,352.0
2023-06-16 10:47:00,NFE,29.815000534057617,29.815000534057617,29.825000762939453,29.799999237060547,29.825000762939453,2130.0
2023-06-16 10:47:00,NWE,58.939998626708984,58.939998626708984,58.939998626708984,58.939998626708984,58.939998626708984,251.0
2023-06-16 10:47:00,PCYO,10.569999694824219,10.569999694824219,10.59000015258789,10.569999694824219,10.574999809265137,710.0
2023-06-16 10:47:00,RNW,6.065000057220459,6.065000057220459,6.065000057220459,6.059999942779541,6.059999942779541,1467.0
2023-06-16 10:47:00,XEL,64.44999694824219,64.44999694824219,64.45500183105469,64.41999816894531,64.43000030517578,7814.0
2023-06-16 10:48:00,ADN,0.6955000162124634,0.6955000162124634,0.6958000063896179,0.6952999830245972,0.6958000063896179,702.0
2023-06-16 10:48:00,AEP,85.30999755859375,85.30999755859375,85.33000183105469,85.30999755859375,85.31999969482422,2776.0
2023-06-16 10:48:00,CEG,94.18000030517578,94.18000030517578,94.19000244140625,94.16500091552734,94.16500091552734,3638.0
2023-06-16 10:48:00,EXC,41.189998626708984,41.189998626708984,41.20500183105469,41.189998626708984,41.20000076293945,5500.0
2023-06-16 10:48:00,FLNC,26.43000030517578,26.43000030517578,26.44230079650879,26.31999969482422,26.329999923706055,6024.0
2023-06-16 10:48:00,LNT,54.209999084472656,54.209999084472656,54.220001220703125,54.209999084472656,54.220001220703125,1089.0
2023-06-16 10:48:00,MNTK,7.050000190734863,7.050000190734863,7.050000190734863,7.050000190734863,7.050000190734863,233.0
2023-06-16 10:48:00,MSEX,82.80000305175781,82.80000305175781,82.80000305175781,82.80000305175781,82.80000305175781,837.0
2023-06-16 10:48:00,NFE,29.799999237060547,29.799999237060547,29.799999237060547,29.795000076293945,29.795000076293945,1443.0
2023-06-16 10:48:00,NWE,58.939998626708984,58.939998626708984,58.959999084472656,58.939998626708984,58.959999084472656,243.0
2023-06-16 10:48:00,PCYO,10.5600004196167,10.5600004196167,10.59000015258789,10.5600004196167,10.59000015258789,736.0
2023-06-16 10:48:00,RNW,6.065000057220459,6.065000057220459,6.065000057220459,6.059999942779541,6.059999942779541,700.0
2023-06-16 10:48:00,XEL,64.47000122070312,64.47000122070312,64.5,64.44999694824219,64.48999786376953,6136.0
2023-06-16 10:49:00,ADN,0.6952999830245972,0.6952999830245972,0.699999988079071,0.6952999830245972,0.699999988079071,850.0
2023-06-16 10:49:00,AEP,85.24909973144531,85.24909973144531,85.32499694824219,85.24909973144531,85.32499694824219,4468.0
2023-06-16 10:49:00,AY,23.875,23.875,23.875,23.875,23.875,524.0
2023-06-16 10:49:00,CDZI,4.369999885559082,4.369999885559082,4.369999885559082,4.369999885559082,4.369999885559082,1621.0
2023-06-16 10:49:00,CEG,94.1500015258789,94.1500015258789,94.19999694824219,94.12999725341797,94.19999694824219,4612.0
2023-06-16 10:49:00,CWCO,22.81999969482422,22.81999969482422,22.81999969482422,22.81999969482422,22.81999969482422,1615.0
2023-06-16 10:49:00,EXC,41.189998626708984,41.189998626708984,41.20000076293945,41.18000030517578,41.20000076293945,6423.0
2023-06-16 10:49:00,FLNC,26.40999984741211,26.40999984741211,26.450000762939453,26.399999618530273,26.424999237060547,2851.0
2023-06-16 10:49:00,LNT,54.16999816894531,54.16999816894531,54.21500015258789,54.150001525878906,54.21500015258789,2889.0
2023-06-16 10:49:00,NFE,29.809999465942383,29.809999465942383,29.809999465942383,29.80500030517578,29.809999465942383,2876.0
2023-06-16 10:49:00,NWE,58.91999816894531,58.91999816894531,58.959999084472656,58.91999816894531,58.939998626708984,594.0
2023-06-16 10:49:00,RNW,6.070000171661377,6.070000171661377,6.074999809265137,6.070000171661377,6.070000171661377,1551.0
2023-06-16 10:49:00,XEL,64.47000122070312,64.47000122070312,64.4800033569336,64.45999908447266,64.4800033569336,4399.0
2023-06-16 10:50:00,AEP,85.25,85.25,85.2699966430664,85.25,85.2699966430664,715.0
2023-06-16 10:50:00,ARTNA,49.5099983215332,49.5099983215332,49.5099983215332,49.5099983215332,49.5099983215332,132.0
2023-06-16 10:50:00,CEG,94.16500091552734,94.16500091552734,94.19999694824219,94.16500091552734,94.16999816894531,1707.0
2023-06-16 10:50:00,EXC,41.18000030517578,41.18000030517578,41.189998626708984,41.18000030517578,41.189998626708984,1304.0
2023-06-16 10:50:00,FLNC,26.399999618530273,26.399999618530273,26.43000030517578,26.3799991607666,26.399999618530273,1202.0
2023-06-16 10:50:00,LNT,54.150001525878906,54.150001525878906,54.16999816894531,54.150001525878906,54.16999816894531,4521.0
2023-06-16 10:50:00,MGEE,79.1500015258789,79.1500015258789,79.1500015258789,79.1500015258789,79.1500015258789,290.0
2023-06-16 10:50:00,MNTK,7.039999961853027,7.039999961853027,7.039999961853027,7.039999961853027,7.039999961853027,100.0
2023-06-16 10:50:00,NFE,29.81999969482422,29.81999969482422,29.81999969482422,29.795000076293945,29.815000534057617,2269.0
2023-06-16 10:50:00,NWE,58.935001373291016,58.935001373291016,58.935001373291016,58.935001373291016,58.935001373291016,339.0
2023-06-16 10:50:00,PCYO,10.59000015258789,10.59000015258789,10.59000015258789,10.59000015258789,10.59000015258789,100.0
2023-06-16 10:50:00,RNW,6.070000171661377,6.070000171661377,6.070000171661377,6.070000171661377,6.070000171661377,200.0
2023-06-16 10:50:00,XEL,64.45999908447266,64.45999908447266,64.48500061035156,64.45999908447266,64.4800033569336,1640.0
2023-06-16 10:51:00,ADN,0.699999988079071,0.699999988079071,0.699999988079071,0.699999988079071,0.699999988079071,0.0
2023-06-16 10:51:00,AEP,85.20999908447266,85.20999908447266,85.22000122070312,85.19999694824219,85.22000122070312,9206.0
2023-06-16 10:51:00,AY,23.854999542236328,23.854999542236328,23.854999542236328,23.854999542236328,23.854999542236328,172.0
2023-06-16 10:51:00,CDZI,4.362500190734863,4.362500190734863,4.362500190734863,4.360000133514404,4.360000133514404,1327.0
2023-06-16 10:51:00,CEG,94.12999725341797,94.12999725341797,94.16000366210938,94.08999633789062,94.13999938964844,8738.0
2023-06-16 10:51:00,EXC,41.165000915527344,41.165000915527344,41.165000915527344,41.150001525878906,41.150001525878906,6972.0
2023-06-16 10:51:00,FLNC,26.389999389648438,26.389999389648438,26.389999389648438,26.3700008392334,26.3700008392334,3012.0
2023-06-16 10:51:00,HTOO,2.240000009536743,2.240000009536743,2.240000009536743,2.240000009536743,2.240000009536743,400.0
2023-06-16 10:51:00,LNT,54.14400100708008,54.14400100708008,54.150001525878906,54.13999938964844,54.150001525878906,6274.0
2023-06-16 10:51:00,MGEE,79.80999755859375,79.80999755859375,79.80999755859375,79.1500015258789,79.16000366210938,3053.0
2023-06-16 10:51:00,MNTK,7.025000095367432,7.025000095367432,7.03000020980835,7.025000095367432,7.03000020980835,893.0
2023-06-16 10:51:00,NFE,29.799999237060547,29.799999237060547,29.799999237060547,29.790000915527344,29.790000915527344,1889.0
2023-06-16 10:51:00,NWE,58.86000061035156,58.86000061035156,58.904998779296875,58.86000061035156,58.904998779296875,1920.0
2023-06-16 10:51:00,PCYO,10.575200080871582,10.575200080871582,10.59000015258789,10.575200080871582,10.59000015258789,472.0
2023-06-16 10:51:00,RNW,6.074999809265137,6.074999809265137,6.074999809265137,6.074999809265137,6.074999809265137,520.0
2023-06-16 10:51:00,XEL,64.47000122070312,64.47000122070312,64.47000122070312,64.45500183105469,64.45500183105469,2612.0
2023-06-16 10:52:00,ADN,0.704200029373169,0.704200029373169,0.704200029373169,0.7001000046730042,0.7001000046730042,326247.0
2023-06-16 10:52:00,AEP,85.15499877929688,85.15499877929688,85.20500183105469,85.12000274658203,85.20500183105469,28405.0
2023-06-16 10:52:00,ARTNA,49.540000915527344,49.540000915527344,49.540000915527344,49.540000915527344,49.540000915527344,314.0
2023-06-16 10:52:00,AY,23.84000015258789,23.84000015258789,23.856399536132812,23.84000015258789,23.856399536132812,984.0
2023-06-16 10:52:00,CEG,94.16999816894531,94.16999816894531,94.19999694824219,94.125,94.13999938964844,4761.0
2023-06-16 10:52:00,EXC,41.16999816894531,41.16999816894531,41.17499923706055,41.13999938964844,41.154998779296875,5311.0
2023-06-16 10:52:00,FLNC,26.299999237060547,26.299999237060547,26.350000381469727,26.25,26.350000381469727,5801.0
2023-06-16 10:52:00,LNT,54.099998474121094,54.099998474121094,54.130001068115234,54.09000015258789,54.130001068115234,9710.0
2023-06-16 10:52:00,MNTK,7.019999980926514,7.019999980926514,7.025000095367432,7.019999980926514,7.019999980926514,1861.0
2023-06-16 10:52:00,NFE,29.770000457763672,29.770000457763672,29.799999237060547,29.770000457763672,29.799999237060547,3249.0
2023-06-16 10:52:00,OTTR,75.38999938964844,75.38999938964844,75.38999938964844,75.38999938964844,75.38999938964844,855.0
2023-06-16 10:52:00,PCYO,10.555000305175781,10.555000305175781,10.572400093078613,10.5,10.569999694824219,4871.0
2023-06-16 10:52:00,RNW,6.070000171661377,6.070000171661377,6.07919979095459,6.070000171661377,6.07919979095459,929.0
2023-06-16 10:52:00,XEL,64.44499969482422,64.44499969482422,64.46499633789062,64.41000366210938,64.46499633789062,6366.0
2023-06-16 10:53:00,ADN,0.6980999708175659,0.6980999708175659,0.7071999907493591,0.6909999847412109,0.704200029373169,6252.0
2023-06-16 10:53:00,AEP,85.12000274658203,85.12000274658203,85.1449966430664,85.11000061035156,85.13999938964844,2171.0
2023-06-16 10:53:00,CEG,94.12000274658203,94.12000274658203,94.17500305175781,94.0999984741211,94.17500305175781,2495.0
2023-06-16 10:53:00,CWCO,22.719999313354492,22.719999313354492,22.7549991607666,22.719999313354492,22.7549991607666,411.0
2023-06-16 10:53:00,EXC,41.150001525878906,41.150001525878906,41.17499923706055,41.150001525878906,41.165000915527344,2820.0
2023-06-16 10:53:00,FLNC,26.30940055847168,26.30940055847168,26.329999923706055,26.30940055847168,26.309999465942383,1379.0
2023-06-16 10:53:00,LNT,54.060001373291016,54.060001373291016,54.11000061035156,54.060001373291016,54.099998474121094,2957.0
2023-06-16 10:53:00,MNTK,7.03000020980835,7.03000020980835,7.03000020980835,7.019999980926514,7.019999980926514,1193.0
2023-06-16 10:53:00,NFE,29.752199172973633,29.752199172973633,29.760000228881836,29.75,29.75,568.0
2023-06-16 10:53:00,NWE,58.790000915527344,58.790000915527344,58.790000915527344,58.790000915527344,58.790000915527344,234.0
2023-06-16 10:53:00,PCYO,10.555000305175781,10.555000305175781,10.569999694824219,10.555000305175781,10.555000305175781,400.0
2023-06-16 10:53:00,RNW,6.074999809265137,6.074999809265137,6.074999809265137,6.074999809265137,6.074999809265137,532.0
2023-06-16 10:53:00,XEL,64.41000366210938,64.41000366210938,64.44000244140625,64.41000366210938,64.44000244140625,2387.0
2023-06-16 10:54:00,ADN,0.6901010274887085,0.6901010274887085,0.6985999941825867,0.6901000142097473,0.6909999847412109,23067.0
2023-06-16 10:54:00,AEP,85.20989990234375,85.20989990234375,85.20989990234375,85.11000061035156,85.12000274658203,2422.0
2023-06-16 10:54:00,CEG,94.0999984741211,94.0999984741211,94.13999938964844,94.08999633789062,94.11000061035156,2116.0
2023-06-16 10:54:00,EXC,41.185001373291016,41.185001373291016,41.185001373291016,41.150001525878906,41.150001525878906,4684.0
2023-06-16 10:54:00,FLNC,26.350000381469727,26.350000381469727,26.350000381469727,26.31999969482422,26.329999923706055,2448.0
2023-06-16 10:54:00,HTOO,2.240000009536743,2.240000009536743,2.240000009536743,2.240000009536743,2.240000009536743,100.0
2023-06-16 10:54:00,LNT,54.099998474121094,54.099998474121094,54.11000061035156,54.04999923706055,54.04999923706055,4916.0
2023-06-16 10:54:00,MGEE,79.94000244140625,79.94000244140625,79.94000244140625,79.94000244140625,79.94000244140625,111.0
2023-06-16 10:54:00,MNTK,7.059999942779541,7.059999942779541,7.059999942779541,7.03000020980835,7.03000020980835,3418.0
2023-06-16 10:54:00,NFE,29.760000228881836,29.760000228881836,29.770000457763672,29.75,29.75,2045.0
2023-06-16 10:54:00,NWE,58.79999923706055,58.79999923706055,58.79999923706055,58.79999923706055,58.79999923706055,817.0
2023-06-16 10:54:00,PCYO,10.5600004196167,10.5600004196167,10.569999694824219,10.5600004196167,10.569999694824219,336.0
2023-06-16 10:54:00,RNW,6.105000019073486,6.105000019073486,6.110000133514404,6.079999923706055,6.079999923706055,7556.0
2023-06-16 10:54:00,XEL,64.45999908447266,64.45999908447266,64.4677963256836,64.41000366210938,64.41000366210938,1828.0
2023-06-16 10:55:00,ADN,0.705299973487854,0.705299973487854,0.7070000171661377,0.6800000071525574,0.6901000142097473,25539.0
2023-06-16 10:55:00,AEP,85.19000244140625,85.19000244140625,85.20500183105469,85.16999816894531,85.20500183105469,2721.0
2023-06-16 10:55:00,AY,23.860000610351562,23.860000610351562,23.860000610351562,23.850000381469727,23.850000381469727,741.0
2023-06-16 10:55:00,CDZI,4.369999885559082,4.369999885559082,4.369999885559082,4.369999885559082,4.369999885559082,860.0
2023-06-16 10:55:00,CEG,94.0199966430664,94.0199966430664,94.08000183105469,93.98999786376953,94.08000183105469,3446.0
2023-06-16 10:55:00,EXC,41.20500183105469,41.20500183105469,41.220001220703125,41.18000030517578,41.185001373291016,9683.0
2023-06-16 10:55:00,FLNC,26.280000686645508,26.280000686645508,26.3218994140625,26.280000686645508,26.31999969482422,2224.0
2023-06-16 10:55:00,HTOO,2.240000009536743,2.240000009536743,2.240000009536743,2.2397000789642334,2.2399001121520996,5097.0
2023-06-16 10:55:00,LNT,54.099998474121094,54.099998474121094,54.11000061035156,54.099998474121094,54.11000061035156,1519.0
2023-06-16 10:55:00,MGEE,79.5,79.5,79.5,79.5,79.5,324.0
2023-06-16 10:55:00,MSEX,82.7699966430664,82.7699966430664,82.7699966430664,82.7699966430664,82.7699966430664,898.0
2023-06-16 10:55:00,NFE,29.729999542236328,29.729999542236328,29.760000228881836,29.729999542236328,29.75,1839.0
2023-06-16 10:55:00,RNW,6.099999904632568,6.099999904632568,6.105000019073486,6.09499979019165,6.09499979019165,1982.0
2023-06-16 10:55:00,XEL,64.5199966430664,64.5199966430664,64.5199966430664,64.46600341796875,64.47000122070312,3969.0
2023-06-16 10:56:00,ADN,0.682699978351593,0.682699978351593,0.682699978351593,0.682699978351593,0.682699978351593,100.0
2023-06-16 10:56:00,AEP,85.20999908447266,85.20999908447266,85.2249984741211,85.19999694824219,85.19999694824219,2581.0
2023-06-16 10:56:00,ARTNA,49.54999923706055,49.54999923706055,49.54999923706055,49.54999923706055,49.54999923706055,605.0
2023-06-16 10:56:00,AY,23.850000381469727,23.850000381469727,23.864999771118164,23.850000381469727,23.864999771118164,452.0
2023-06-16 10:56:00,CDZI,4.375,4.375,4.375,4.375,4.375,152.0
2023-06-16 10:56:00,CEG,93.9800033569336,93.9800033569336,94.04000091552734,93.9800033569336,94.0199966430664,5506.0
2023-06-16 10:56:00,CWCO,22.690000534057617,22.690000534057617,22.690000534057617,22.690000534057617,22.690000534057617,112.0
2023-06-16 10:56:00,EXC,41.209999084472656,41.209999084472656,41.220001220703125,41.20000076293945,41.20000076293945,2885.0
2023-06-16 10:56:00,FLNC,26.270000457763672,26.270000457763672,26.270000457763672,26.1919002532959,26.25,6141.0
2023-06-16 10:56:00,HTOO,2.240000009536743,2.240000009536743,2.240000009536743,2.240000009536743,2.240000009536743,250.0
2023-06-16 10:56:00,LNT,54.119998931884766,54.119998931884766,54.119998931884766,54.1150016784668,54.1150016784668,694.0
2023-06-16 10:56:00,MNTK,7.059999942779541,7.059999942779541,7.059999942779541,7.059999942779541,7.059999942779541,1218.0
2023-06-16 10:56:00,NFE,29.68000030517578,29.68000030517578,29.719999313354492,29.68000030517578,29.719999313354492,1141.0
2023-06-16 10:56:00,PCYO,10.5600004196167,10.5600004196167,10.579999923706055,10.5600004196167,10.579999923706055,295.0
2023-06-16 10:56:00,RNW,6.099999904632568,6.099999904632568,6.099999904632568,6.099999904632568,6.099999904632568,531.0
2023-06-16 10:56:00,XEL,64.50499725341797,64.50499725341797,64.5199966430664,64.50499725341797,64.51000213623047,2402.0
2023-06-16 10:57:00,ADN,0.6822999715805054,0.6822999715805054,0.6998999714851379,0.6822999715805054,0.6995000243186951,850.0
2023-06-16 10:57:00,AEP,85.2300033569336,85.2300033569336,85.25,85.22000122070312,85.22000122070312,3033.0
2023-06-16 10:57:00,AY,23.84670066833496,23.84670066833496,23.84670066833496,23.84670066833496,23.84670066833496,352.0
2023-06-16 10:57:00,CEG,94.02999877929688,94.02999877929688,94.04000091552734,93.94999694824219,93.94999694824219,1850.0
2023-06-16 10:57:00,EXC,41.21500015258789,41.21500015258789,41.22999954223633,41.21500015258789,41.220001220703125,2831.0
2023-06-16 10:57:00,FLNC,26.350000381469727,26.350000381469727,26.350000381469727,26.299999237060547,26.299999237060547,2082.0
2023-06-16 10:57:00,LNT,54.130001068115234,54.130001068115234,54.130001068115234,54.119998931884766,54.119998931884766,1682.0
2023-06-16 10:57:00,MGEE,79.87999725341797,79.87999725341797,79.87999725341797,79.87999725341797,79.87999725341797,382.0
2023-06-16 10:57:00,MNTK,7.059999942779541,7.059999942779541,7.059999942779541,7.050000190734863,7.050000190734863,412.0
2023-06-16 10:57:00,NFE,29.709999084472656,29.709999084472656,29.719999313354492,29.690000534057617,29.690000534057617,6010.0
2023-06-16 10:57:00,RNW,6.099999904632568,6.099999904632568,6.099999904632568,6.099999904632568,6.099999904632568,4084.0
2023-06-16 10:57:00,XEL,64.5199966430664,64.5199966430664,64.52999877929688,64.50499725341797,64.50499725341797,4456.0
2023-06-16 10:57:00,YORW,43.17499923706055,43.17499923706055,43.17499923706055,43.17499923706055,43.17499923706055,157.0
2023-06-16 10:58:00,ADN,0.6823999881744385,0.6823999881744385,0.6823999881744385,0.6823999881744385,0.6823999881744385,115.0
2023-06-16 10:58:00,AEP,85.31999969482422,85.31999969482422,85.33000183105469,85.24120330810547,85.24120330810547,2477.0
2023-06-16 10:58:00,AY,23.875,23.875,23.875,23.84000015258789,23.84000015258789,1927.0
2023-06-16 10:58:00,CDZI,4.380000114440918,4.380000114440918,4.380000114440918,4.380000114440918,4.380000114440918,1082.0
2023-06-16 10:58:00,CEG,94.0999984741211,94.0999984741211,94.1500015258789,94.02999877929688,94.02999877929688,6123.0
2023-06-16 10:58:00,EXC,41.2599983215332,41.2599983215332,41.2599983215332,41.220001220703125,41.220001220703125,5484.0
2023-06-16 10:58:00,FLNC,26.350000381469727,26.350000381469727,26.3799991607666,26.350000381469727,26.3799991607666,1050.0
2023-06-16 10:58:00,LNT,54.1682014465332,54.1682014465332,54.16999816894531,54.13999938964844,54.13999938964844,1187.0
2023-06-16 10:58:00,NFE,29.719999313354492,29.719999313354492,29.729999542236328,29.719999313354492,29.719999313354492,1028.0
2023-06-16 10:58:00,RNW,6.099999904632568,6.099999904632568,6.110000133514404,6.099999904632568,6.099999904632568,14948.0
2023-06-16 10:58:00,XEL,64.55999755859375,64.55999755859375,64.55999755859375,64.5199966430664,64.5199966430664,5179.0
2023-06-16 10:58:00,YORW,43.17499923706055,43.17499923706055,43.17499923706055,43.17499923706055,43.17499923706055,100.0
2023-06-16 10:59:00,ADN,0.6898999810218811,0.6898999810218811,0.6998999714851379,0.6819999814033508,0.6998999714851379,14273.0
2023-06-16 10:59:00,AEP,85.25,85.25,85.30000305175781,85.22000122070312,85.30000305175781,2216.0
2023-06-16 10:59:00,CEG,94.08999633789062,94.08999633789062,94.08999633789062,94.0199966430664,94.08999633789062,3723.0
2023-06-16 10:59:00,CWCO,22.753400802612305,22.753400802612305,22.753400802612305,22.753400802612305,22.753400802612305,344.0
2023-06-16 10:59:00,EXC,41.26499938964844,41.26499938964844,41.26499938964844,41.23500061035156,41.25,7467.0
2023-06-16 10:59:00,FLNC,26.34000015258789,26.34000015258789,26.34000015258789,26.290000915527344,26.290000915527344,1894.0
2023-06-16 10:59:00,LNT,54.15999984741211,54.15999984741211,54.15999984741211,54.150001525878906,54.15999984741211,1995.0
2023-06-16 10:59:00,MNTK,7.065000057220459,7.065000057220459,7.065000057220459,7.050000190734863,7.050000190734863,332.0
2023-06-16 10:59:00,NFE,29.690000534057617,29.690000534057617,29.709999084472656,29.690000534057617,29.709999084472656,1540.0
2023-06-16 10:59:00,PCYO,10.529999732971191,10.529999732971191,10.529999732971191,10.529999732971191,10.529999732971191,600.0
2023-06-16 10:59:00,RNW,6.099999904632568,6.099999904632568,6.099999904632568,6.099999904632568,6.099999904632568,3020.0
2023-06-16 10:59:00,XEL,64.52999877929688,64.52999877929688,64.54000091552734,64.5,64.54000091552734,4553.0
2023-06-16 10:59:00,YORW,43.099998474121094,43.099998474121094,43.099998474121094,43.099998474121094,43.099998474121094,371.0
2023-06-16 11:00:00,ADN,0.6942999958992004,0.6942999958992004,0.6942999958992004,0.6819999814033508,0.6898999810218811,3345.0
2023-06-16 11:00:00,AEP,85.30380249023438,85.30380249023438,85.31999969482422,85.26499938964844,85.26499938964844,4079.0
2023-06-16 11:00:00,AY,23.8700008392334,23.8700008392334,23.8700008392334,23.865400314331055,23.865400314331055,847.0
2023-06-16 11:00:00,CEG,94.08999633789062,94.08999633789062,94.12999725341797,94.08999633789062,94.1050033569336,3786.0
2023-06-16 11:00:00,CWCO,22.594999313354492,22.594999313354492,22.610000610351562,22.594999313354492,22.610000610351562,378.0
2023-06-16 11:00:00,EXC,41.279998779296875,41.279998779296875,41.279998779296875,41.262001037597656,41.27000045776367,7002.0
2023-06-16 11:00:00,FLNC,26.309999465942383,26.309999465942383,26.360000610351562,26.309999465942383,26.360000610351562,628.0
2023-06-16 11:00:00,HTOO,2.221100091934204,2.221100091934204,2.221100091934204,2.2200000286102295,2.2200000286102295,3039.0
2023-06-16 11:00:00,LNT,54.20000076293945,54.20000076293945,54.20000076293945,54.18000030517578,54.18000030517578,2107.0
2023-06-16 11:00:00,MNTK,7.059999942779541,7.059999942779541,7.059999942779541,7.050000190734863,7.059999942779541,524.0
2023-06-16 11:00:00,NFE,29.65999984741211,29.65999984741211,29.65999984741211,29.65999984741211,29.65999984741211,241.0
2023-06-16 11:00:00,NWE,58.880001068115234,58.880001068115234,58.880001068115234,58.869998931884766,58.869998931884766,988.0
2023-06-16 11:00:00,RNW,6.099999904632568,6.099999904632568,6.099999904632568,6.099999904632568,6.099999904632568,1074.0
2023-06-16 11:00:00,XEL,64.55000305175781,64.55000305175781,64.56999969482422,64.54000091552734,64.54000091552734,2731.0
2023-06-16 11:01:00,ADN,0.6956999897956848,0.6956999897956848,0.6956999897956848,0.6940500140190125,0.6940500140190125,655.0
2023-06-16 11:01:00,AEP,85.23999786376953,85.23999786376953,85.29000091552734,85.23999786376953,85.29000091552734,4057.0
2023-06-16 11:01:00,AY,23.860000610351562,23.860000610351562,23.8700008392334,23.860000610351562,23.8700008392334,1116.0
2023-06-16 11:01:00,CEG,94.0199966430664,94.0199966430664,94.1050033569336,94.0,94.1050033569336,4864.0
2023-06-16 11:01:00,CWCO,22.639999389648438,22.639999389648438,22.639999389648438,22.639999389648438,22.639999389648438,200.0
2023-06-16 11:01:00,EXC,41.22999954223633,41.22999954223633,41.275001525878906,41.220001220703125,41.27000045776367,10777.0
2023-06-16 11:01:00,FLNC,26.339500427246094,26.339500427246094,26.339500427246094,26.315000534057617,26.329999923706055,1305.0
2023-06-16 11:01:00,HTOO,2.221400022506714,2.221400022506714,2.25,2.221400022506714,2.240000009536743,2620.0
2023-06-16 11:01:00,LNT,54.130001068115234,54.130001068115234,54.20000076293945,54.130001068115234,54.20000076293945,2553.0
2023-06-16 11:01:00,MNTK,7.050000190734863,7.050000190734863,7.070000171661377,7.050000190734863,7.070000171661377,533.0
2023-06-16 11:01:00,NFE,29.639999389648438,29.639999389648438,29.65999984741211,29.639999389648438,29.65999984741211,2290.0
2023-06-16 11:01:00,XEL,64.52999877929688,64.52999877929688,64.55999755859375,64.51000213623047,64.55999755859375,5774.0
2023-06-16 11:02:00,AEP,85.20999908447266,85.20999908447266,85.23999786376953,85.20999908447266,85.2300033569336,2225.0
2023-06-16 11:02:00,ARTNA,49.54999923706055,49.54999923706055,49.56999969482422,49.54999923706055,49.56999969482422,965.0
2023-06-16 11:02:00,CEG,93.9800033569336,93.9800033569336,94.0,93.97000122070312,94.0,2752.0
2023-06-16 11:02:00,CWCO,22.549999237060547,22.549999237060547,22.549999237060547,22.540000915527344,22.540000915527344,713.0
2023-06-16 11:02:00,EXC,41.209999084472656,41.209999084472656,41.23500061035156,41.209999084472656,41.220001220703125,2602.0
2023-06-16 11:02:00,FLNC,26.34000015258789,26.34000015258789,26.34000015258789,26.290000915527344,26.290000915527344,1148.0
2023-06-16 11:02:00,HTOO,2.221400022506714,2.221400022506714,2.221400022506714,2.221400022506714,2.221400022506714,2705.0
2023-06-16 11:02:00,LNT,54.099998474121094,54.099998474121094,54.130001068115234,54.099998474121094,54.130001068115234,859.0
2023-06-16 11:02:00,MNTK,7.070000171661377,7.070000171661377,7.070000171661377,7.050000190734863,7.050000190734863,2898.0
2023-06-16 11:02:00,MSEX,82.5199966430664,82.5199966430664,82.58999633789062,82.5199966430664,82.58999633789062,2228.0
2023-06-16 11:02:00,NFE,29.610000610351562,29.610000610351562,29.6299991607666,29.610000610351562,29.6299991607666,818.0
2023-06-16 11:02:00,RNW,6.099999904632568,6.099999904632568,6.099999904632568,6.099999904632568,6.099999904632568,300.0
2023-06-16 11:02:00,VIA,11.119999885559082,11.119999885559082,11.119999885559082,11.119999885559082,11.119999885559082,160.0
2023-06-16 11:02:00,XEL,64.49500274658203,64.49500274658203,64.5199966430664,64.49099731445312,64.5199966430664,3261.0
2023-06-16 11:03:00,ADN,0.6999899744987488,0.6999899744987488,0.6999899744987488,0.6998990178108215,0.6998990178108215,1207.0
2023-06-16 11:03:00,AEP,85.25,85.25,85.25,85.19000244140625,85.19000244140625,1746.0
2023-06-16 11:03:00,ARTNA,49.630001068115234,49.630001068115234,49.630001068115234,49.630001068115234,49.630001068115234,413.0
2023-06-16 11:03:00,AY,23.864999771118164,23.864999771118164,23.8700008392334,23.850000381469727,23.860000610351562,1064.0
2023-06-16 11:03:00,CEG,93.98999786376953,93.98999786376953,93.98999786376953,93.97000122070312,93.9800033569336,1524.0
2023-06-16 11:03:00,CREG,2.0,2.0,2.0,2.0,2.0,0.0
2023-06-16 11:03:00,EXC,41.220001220703125,41.220001220703125,41.220001220703125,41.20500183105469,41.209999084472656,1610.0
2023-06-16 11:03:00,FLNC,26.350000381469727,26.350000381469727,26.350000381469727,26.347200393676758,26.347200393676758,548.0
2023-06-16 11:03:00,HTOO,2.2200000286102295,2.2200000286102295,2.2300000190734863,2.2200000286102295,2.2300000190734863,3263.0
2023-06-16 11:03:00,LNT,54.11000061035156,54.11000061035156,54.11000061035156,54.099998474121094,54.099998474121094,362.0
2023-06-16 11:03:00,NFE,29.575000762939453,29.575000762939453,29.600000381469727,29.575000762939453,29.600000381469727,2585.0
2023-06-16 11:03:00,RNW,6.099999904632568,6.099999904632568,6.099999904632568,6.099999904632568,6.099999904632568,1261.0
2023-06-16 11:03:00,XEL,64.5199966430664,64.5199966430664,64.5199966430664,64.5,64.5,2928.0
2023-06-16 11:04:00,ADN,0.699999988079071,0.699999988079071,0.699999988079071,0.6976000070571899,0.6976000070571899,1568.0
2023-06-16 11:04:00,AEP,85.29000091552734,85.29000091552734,85.29000091552734,85.26200103759766,85.26200103759766,5096.0
2023-06-16 11:04:00,AY,23.8700008392334,23.8700008392334,23.8799991607666,23.860000610351562,23.860000610351562,6743.0
2023-06-16 11:04:00,CEG,93.94999694824219,93.94999694824219,93.94999694824219,93.93000030517578,93.93000030517578,7876.0
2023-06-16 11:04:00,CWCO,22.59000015258789,22.59000015258789,22.59000015258789,22.59000015258789,22.59000015258789,330.0
2023-06-16 11:04:00,EXC,41.2400016784668,41.2400016784668,41.24610137939453,41.23500061035156,41.23500061035156,5484.0
2023-06-16 11:04:00,FLNC,26.299999237060547,26.299999237060547,26.299999237060547,26.25,26.29990005493164,4337.0
2023-06-16 11:04:00,LNT,54.11000061035156,54.11000061035156,54.119998931884766,54.09749984741211,54.099998474121094,2329.0
2023-06-16 11:04:00,MNTK,7.079999923706055,7.079999923706055,7.079999923706055,7.070000171661377,7.070000171661377,287.0
2023-06-16 11:04:00,NFE,29.559999465942383,29.559999465942383,29.575000762939453,29.559999465942383,29.575000762939453,1993.0
2023-06-16 11:04:00,RNW,6.09499979019165,6.09499979019165,6.099999904632568,6.09499979019165,6.099999904632568,504.0
2023-06-16 11:04:00,VIA,11.049200057983398,11.049200057983398,11.049200057983398,11.049200057983398,11.049200057983398,388.0
2023-06-16 11:04:00,XEL,64.52999877929688,64.52999877929688,64.54000091552734,64.5199966430664,64.5199966430664,3071.0
2023-06-16 11:05:00,ADN,0.6976000070571899,0.6976000070571899,0.699999988079071,0.6976000070571899,0.699999988079071,519.0
2023-06-16 11:05:00,AEP,85.23999786376953,85.23999786376953,85.28269958496094,85.23999786376953,85.27999877929688,1881.0
2023-06-16 11:05:00,ARTNA,49.47999954223633,49.47999954223633,49.529998779296875,49.47999954223633,49.529998779296875,1002.0
2023-06-16 11:05:00,AY,23.84000015258789,23.84000015258789,23.8700008392334,23.84000015258789,23.8700008392334,1863.0
2023-06-16 11:05:00,CEG,93.90489959716797,93.90489959716797,93.97000122070312,93.88999938964844,93.97000122070312,2662.0
2023-06-16 11:05:00,EXC,41.20000076293945,41.20000076293945,41.25,41.20000076293945,41.2400016784668,10980.0
2023-06-16 11:05:00,FLNC,26.211000442504883,26.211000442504883,26.270000457763672,26.211000442504883,26.270000457763672,2728.0
2023-06-16 11:05:00,HTOO,2.240000009536743,2.240000009536743,2.240000009536743,2.240000009536743,2.240000009536743,220.0
2023-06-16 11:05:00,LNT,54.08000183105469,54.08000183105469,54.10499954223633,54.08000183105469,54.10499954223633,750.0
2023-06-16 11:05:00,MGEE,79.55000305175781,79.55000305175781,79.61000061035156,79.5199966430664,79.5199966430664,1100.0
2023-06-16 11:05:00,NFE,29.549999237060547,29.549999237060547,29.56170082092285,29.549999237060547,29.56170082092285,359.0
2023-06-16 11:05:00,RNW,6.085000038146973,6.085000038146973,6.09499979019165,6.085000038146973,6.090000152587891,4514.0
2023-06-16 11:05:00,XEL,64.49099731445312,64.49099731445312,64.5199966430664,64.49099731445312,64.5199966430664,1674.0
2023-06-16 11:06:00,ADN,0.6976000070571899,0.6976000070571899,0.6976000070571899,0.6976000070571899,0.6976000070571899,100.0
2023-06-16 11:06:00,AEP,85.14240264892578,85.14240264892578,85.22000122070312,85.14240264892578,85.22000122070312,1574.0
2023-06-16 11:06:00,ARTNA,49.47999954223633,49.47999954223633,49.47999954223633,49.47999954223633,49.47999954223633,360.0
2023-06-16 11:06:00,AY,23.809999465942383,23.809999465942383,23.809999465942383,23.809999465942383,23.809999465942383,282.0
2023-06-16 11:06:00,CEG,93.83999633789062,93.83999633789062,93.87999725341797,93.83999633789062,93.86000061035156,1453.0
2023-06-16 11:06:00,CWCO,22.540000915527344,22.540000915527344,22.639999389648438,22.540000915527344,22.639999389648438,547.0
2023-06-16 11:06:00,EXC,41.13999938964844,41.13999938964844,41.189998626708984,41.13999938964844,41.189998626708984,3138.0
2023-06-16 11:06:00,FLNC,26.235000610351562,26.235000610351562,26.280000686645508,26.190000534057617,26.21030044555664,7571.0
2023-06-16 11:06:00,LNT,54.029998779296875,54.029998779296875,54.06999969482422,54.029998779296875,54.06999969482422,2741.0
2023-06-16 11:06:00,MGEE,79.61000061035156,79.61000061035156,79.61000061035156,79.54000091552734,79.54000091552734,867.0
2023-06-16 11:06:00,MNTK,7.059999942779541,7.059999942779541,7.059999942779541,7.059999942779541,7.059999942779541,941.0
2023-06-16 11:06:00,MSEX,82.38999938964844,82.38999938964844,82.38999938964844,82.38999938964844,82.38999938964844,430.0
2023-06-16 11:06:00,NFE,29.520000457763672,29.520000457763672,29.549999237060547,29.520000457763672,29.549999237060547,3041.0
2023-06-16 11:06:00,NWE,58.709999084472656,58.709999084472656,58.72999954223633,58.689998626708984,58.72999954223633,1080.0
2023-06-16 11:06:00,OTTR,75.26000213623047,75.26000213623047,75.29000091552734,75.26000213623047,75.29000091552734,1155.0
2023-06-16 11:06:00,XEL,64.44000244140625,64.44000244140625,64.49500274658203,64.44000244140625,64.49500274658203,4116.0
2023-06-16 11:07:00,ADN,0.6899999976158142,0.6899999976158142,0.6976000070571899,0.6876000165939331,0.6976000070571899,6207.0
2023-06-16 11:07:00,AEP,85.2300033569336,85.2300033569336,85.2300033569336,85.1500015258789,85.1500015258789,2542.0
2023-06-16 11:07:00,CEG,93.93000030517578,93.93000030517578,93.93000030517578,93.87000274658203,93.87000274658203,3917.0
2023-06-16 11:07:00,EXC,41.15999984741211,41.15999984741211,41.165000915527344,41.14500045776367,41.150001525878906,6185.0
2023-06-16 11:07:00,FLNC,26.34000015258789,26.34000015258789,26.34000015258789,26.25,26.25,1761.0
2023-06-16 11:07:00,LNT,54.03499984741211,54.03499984741211,54.0620002746582,54.029998779296875,54.029998779296875,4856.0
2023-06-16 11:07:00,MNTK,7.059999942779541,7.059999942779541,7.059999942779541,7.050000190734863,7.050000190734863,636.0
2023-06-16 11:07:00,NFE,29.559999465942383,29.559999465942383,29.56999969482422,29.530000686645508,29.530000686645508,3896.0
2023-06-16 11:07:00,OTTR,75.29000091552734,75.29000091552734,75.29000091552734,75.29000091552734,75.29000091552734,492.0
2023-06-16 11:07:00,RNW,6.070000171661377,6.070000171661377,6.085000038146973,6.070000171661377,6.079999923706055,5843.0
2023-06-16 11:07:00,XEL,64.4800033569336,64.4800033569336,64.4800033569336,64.43000030517578,64.44000244140625,4443.0
2023-06-16 11:08:00,ADN,0.6998999714851379,0.6998999714851379,0.699999988079071,0.6998990178108215,0.6998990178108215,3160.0
2023-06-16 11:08:00,AEP,85.2699966430664,85.2699966430664,85.2699966430664,85.2300033569336,85.2300033569336,1025.0
2023-06-16 11:08:00,AY,23.850000381469727,23.850000381469727,23.850000381469727,23.84000015258789,23.84000015258789,972.0
2023-06-16 11:08:00,BNRG,0.9800000190734863,0.9800000190734863,0.9800000190734863,0.9799000024795532,0.9799000024795532,494.0
2023-06-16 11:08:00,CEG,93.95999908447266,93.95999908447266,93.9800033569336,93.93499755859375,93.93499755859375,4356.0
2023-06-16 11:08:00,EXC,41.176998138427734,41.176998138427734,41.176998138427734,41.15999984741211,41.15999984741211,3793.0
2023-06-16 11:08:00,FLNC,26.399999618530273,26.399999618530273,26.399999618530273,26.34000015258789,26.34000015258789,1900.0
2023-06-16 11:08:00,LNT,54.04499816894531,54.04499816894531,54.04999923706055,54.03499984741211,54.03499984741211,856.0
2023-06-16 11:08:00,MNTK,7.059999942779541,7.059999942779541,7.059999942779541,7.050000190734863,7.059999942779541,416.0
2023-06-16 11:08:00,NFE,29.579999923706055,29.579999923706055,29.579999923706055,29.56999969482422,29.56999969482422,786.0
2023-06-16 11:08:00,XEL,64.49500274658203,64.49500274658203,64.49500274658203,64.47000122070312,64.4800033569336,2226.0
2023-06-16 11:09:00,ADN,0.6949999928474426,0.6949999928474426,0.699999988079071,0.6949999928474426,0.6949999928474426,11776.0
2023-06-16 11:09:00,AEP,85.33000183105469,85.33000183105469,85.33000183105469,85.2699966430664,85.2699966430664,3631.0
2023-06-16 11:09:00,AY,23.8799991607666,23.8799991607666,23.889999389648438,23.8799991607666,23.8799991607666,951.0
2023-06-16 11:09:00,CDZI,4.400000095367432,4.400000095367432,4.409999847412109,4.389999866485596,4.389999866485596,6915.0
2023-06-16 11:09:00,CEG,94.02999877929688,94.02999877929688,94.04000091552734,93.94999694824219,93.94999694824219,5560.0
2023-06-16 11:09:00,EXC,41.19499969482422,41.19499969482422,41.1974983215332,41.15999984741211,41.16999816894531,11043.0
2023-06-16 11:09:00,FLNC,26.43000030517578,26.43000030517578,26.43000030517578,26.43000030517578,26.43000030517578,273.0
2023-06-16 11:09:00,GWRS,12.661399841308594,12.661399841308594,12.661399841308594,12.661399841308594,12.661399841308594,504.0
2023-06-16 11:09:00,LNT,54.09000015258789,54.09000015258789,54.09000015258789,54.060001373291016,54.06999969482422,1649.0
2023-06-16 11:09:00,MNTK,7.090000152587891,7.090000152587891,7.090000152587891,7.059999942779541,7.059999942779541,3020.0
2023-06-16 11:09:00,NFE,29.56999969482422,29.56999969482422,29.56999969482422,29.56999969482422,29.56999969482422,508.0
2023-06-16 11:09:00,NWE,58.790000915527344,58.790000915527344,58.790000915527344,58.790000915527344,58.790000915527344,515.0
2023-06-16 11:09:00,PCYO,10.524999618530273,10.524999618530273,10.524999618530273,10.524999618530273,10.524999618530273,1032.0
2023-06-16 11:09:00,RNW,6.079999923706055,6.079999923706055,6.079999923706055,6.070000171661377,6.070000171661377,1603.0
2023-06-16 11:09:00,XEL,64.5199966430664,64.5199966430664,64.5199966430664,64.48999786376953,64.48999786376953,5776.0
2023-06-16 11:09:00,YORW,43.060001373291016,43.060001373291016,43.060001373291016,43.060001373291016,43.060001373291016,360.0
2023-06-16 11:10:00,ADN,0.6949999928474426,0.6949999928474426,0.699999988079071,0.6949999928474426,0.699999988079071,200.0
2023-06-16 11:10:00,AEP,85.3499984741211,85.3499984741211,85.3499984741211,85.30000305175781,85.31999969482422,3835.0
2023-06-16 11:10:00,AY,23.889999389648438,23.889999389648438,23.889999389648438,23.889999389648438,23.889999389648438,287.0
2023-06-16 11:10:00,CDZI,4.400000095367432,4.400000095367432,4.400000095367432,4.400000095367432,4.400000095367432,995.0
2023-06-16 11:10:00,CEG,94.04000091552734,94.04000091552734,94.04499816894531,94.0250015258789,94.0250015258789,1277.0
2023-06-16 11:10:00,EXC,41.21500015258789,41.21500015258789,41.21500015258789,41.189998626708984,41.19499969482422,2954.0
2023-06-16 11:10:00,FLNC,26.45840072631836,26.45840072631836,26.45840072631836,26.387800216674805,26.450000762939453,615.0
2023-06-16 11:10:00,LNT,54.099998474121094,54.099998474121094,54.099998474121094,54.08000183105469,54.08000183105469,1075.0
2023-06-16 11:10:00,MGEE,79.55500030517578,79.55500030517578,79.55500030517578,79.55500030517578,79.55500030517578,112.0
2023-06-16 11:10:00,MNTK,7.105000019073486,7.105000019073486,7.105000019073486,7.090000152587891,7.090000152587891,1052.0
2023-06-16 11:10:00,NFE,29.56999969482422,29.56999969482422,29.579999923706055,29.56999969482422,29.56999969482422,3434.0
2023-06-16 11:10:00,XEL,64.5199966430664,64.5199966430664,64.55000305175781,64.5199966430664,64.5199966430664,4450.0
2023-06-16 11:11:00,ADN,0.699999988079071,0.699999988079071,0.699999988079071,0.699999988079071,0.699999988079071,2594.0
2023-06-16 11:11:00,AEP,85.30999755859375,85.30999755859375,85.37000274658203,85.30999755859375,85.36000061035156,2300.0
2023-06-16 11:11:00,AY,23.8799991607666,23.8799991607666,23.8799991607666,23.8799991607666,23.8799991607666,867.0
2023-06-16 11:11:00,CDZI,4.380000114440918,4.380000114440918,4.389999866485596,4.380000114440918,4.389999866485596,622.0
2023-06-16 11:11:00,CEG,93.97000122070312,93.97000122070312,94.06999969482422,93.97000122070312,94.05000305175781,7411.0
2023-06-16 11:11:00,EXC,41.20500183105469,41.20500183105469,41.21500015258789,41.20000076293945,41.21500015258789,3071.0
2023-06-16 11:11:00,FLNC,26.389299392700195,26.389299392700195,26.389299392700195,26.3799991607666,26.3799991607666,1571.0
2023-06-16 11:11:00,LNT,54.119998931884766,54.119998931884766,54.130001068115234,54.11000061035156,54.11000061035156,2648.0
2023-06-16 11:11:00,MGEE,79.41999816894531,79.41999816894531,79.41999816894531,79.41999816894531,79.41999816894531,268.0
2023-06-16 11:11:00,MNTK,7.119999885559082,7.119999885559082,7.119999885559082,7.119999885559082,7.119999885559082,100.0
2023-06-16 11:11:00,MSEX,82.4800033569336,82.4800033569336,82.4800033569336,82.4800033569336,82.4800033569336,129.0
2023-06-16 11:11:00,NFE,29.559999465942383,29.559999465942383,29.594999313354492,29.559999465942383,29.579999923706055,3222.0
2023-06-16 11:11:00,RNW,6.085000038146973,6.085000038146973,6.085000038146973,6.085000038146973,6.085000038146973,734.0
2023-06-16 11:11:00,XEL,64.51499938964844,64.51499938964844,64.54499816894531,64.51499938964844,64.52999877929688,4824.0
2023-06-16 11:12:00,AEP,85.29000091552734,85.29000091552734,85.30000305175781,85.2750015258789,85.30000305175781,2414.0
2023-06-16 11:12:00,CEG,93.9800033569336,93.9800033569336,93.98999786376953,93.9800033569336,93.98999786376953,1254.0
2023-06-16 11:12:00,EXC,41.185001373291016,41.185001373291016,41.20500183105469,41.18000030517578,41.20000076293945,4468.0
2023-06-16 11:12:00,FLNC,26.383100509643555,26.383100509643555,26.389999389648438,26.3700008392334,26.3799991607666,910.0
2023-06-16 11:12:00,LNT,54.11000061035156,54.11000061035156,54.11000061035156,54.10499954223633,54.11000061035156,605.0
2023-06-16 11:12:00,MSEX,82.48999786376953,82.48999786376953,82.48999786376953,82.48999786376953,82.48999786376953,175.0
2023-06-16 11:12:00,NFE,29.56999969482422,29.56999969482422,29.56999969482422,29.565000534057617,29.565000534057617,210.0
2023-06-16 11:12:00,XEL,64.5,64.5,64.51499938964844,64.5,64.51000213623047,2205.0
2023-06-16 11:13:00,AEP,85.31999969482422,85.31999969482422,85.33999633789062,85.30000305175781,85.30000305175781,4311.0
2023-06-16 11:13:00,AY,23.899999618530273,23.899999618530273,23.899999618530273,23.8700008392334,23.8799991607666,2161.0
2023-06-16 11:13:00,CEG,93.98999786376953,93.98999786376953,94.02999877929688,93.98999786376953,94.01000213623047,1738.0
2023-06-16 11:13:00,CWCO,22.459999084472656,22.459999084472656,22.540000915527344,22.459999084472656,22.540000915527344,1292.0
2023-06-16 11:13:00,EXC,41.20500183105469,41.20500183105469,41.21500015258789,41.189998626708984,41.189998626708984,8259.0
2023-06-16 11:13:00,FLNC,26.399999618530273,26.399999618530273,26.399999618530273,26.3799991607666,26.389999389648438,1462.0
2023-06-16 11:13:00,HTOO,2.2300000190734863,2.2300000190734863,2.2300000190734863,2.2300000190734863,2.2300000190734863,634.0
2023-06-16 11:13:00,LNT,54.130001068115234,54.130001068115234,54.13999938964844,54.119998931884766,54.119998931884766,2303.0
2023-06-16 11:13:00,MNTK,7.139999866485596,7.139999866485596,7.139999866485596,7.119999885559082,7.119999885559082,673.0
2023-06-16 11:13:00,NFE,29.584999084472656,29.584999084472656,29.59000015258789,29.579999923706055,29.579999923706055,4706.0
2023-06-16 11:13:00,OTTR,75.38999938964844,75.38999938964844,75.38999938964844,75.38999938964844,75.38999938964844,272.0
2023-06-16 11:13:00,RNW,6.099100112915039,6.099100112915039,6.099999904632568,6.090000152587891,6.090000152587891,1947.0
2023-06-16 11:13:00,XEL,64.5,64.5,64.54000091552734,64.5,64.51000213623047,5910.0
2023-06-16 11:14:00,ADN,0.6963499784469604,0.6963499784469604,0.699999988079071,0.692799985408783,0.6995999813079834,6320.0
2023-06-16 11:14:00,AEP,85.3499984741211,85.3499984741211,85.36499786376953,85.33999633789062,85.33999633789062,2805.0
2023-06-16 11:14:00,AY,23.885000228881836,23.885000228881836,23.885000228881836,23.885000228881836,23.885000228881836,428.0
2023-06-16 11:14:00,CDZI,4.360000133514404,4.360000133514404,4.360000133514404,4.360000133514404,4.360000133514404,100.0
2023-06-16 11:14:00,CEG,93.93000030517578,93.93000030517578,94.02999877929688,93.93000030517578,94.01000213623047,5951.0
2023-06-16 11:14:00,CWCO,22.40999984741211,22.40999984741211,22.420000076293945,22.40999984741211,22.420000076293945,753.0
2023-06-16 11:14:00,EXC,41.23500061035156,41.23500061035156,41.23500061035156,41.209999084472656,41.209999084472656,4303.0
2023-06-16 11:14:00,FLNC,26.399999618530273,26.399999618530273,26.415000915527344,26.399999618530273,26.415000915527344,707.0
2023-06-16 11:14:00,LNT,54.150001525878906,54.150001525878906,54.150001525878906,54.13999938964844,54.13999938964844,455.0
2023-06-16 11:14:00,MGEE,79.83000183105469,79.83000183105469,79.83000183105469,79.5199966430664,79.5199966430664,1084.0
2023-06-16 11:14:00,MSEX,82.6500015258789,82.6500015258789,82.6500015258789,82.5999984741211,82.5999984741211,657.0
2023-06-16 11:14:00,NFE,29.579999923706055,29.579999923706055,29.600000381469727,29.579999923706055,29.600000381469727,535.0
2023-06-16 11:14:00,RNW,6.099999904632568,6.099999904632568,6.099999904632568,6.099999904632568,6.099999904632568,326.0
2023-06-16 11:14:00,XEL,64.51000213623047,64.51000213623047,64.5199966430664,64.51000213623047,64.51000213623047,2990.0
2023-06-16 11:15:00,ADN,0.6998999714851379,0.6998999714851379,0.6998999714851379,0.6948999762535095,0.6948999762535095,5318.0
2023-06-16 11:15:00,AEP,85.3499984741211,85.3499984741211,85.3499984741211,85.30999755859375,85.33999633789062,4158.0
2023-06-16 11:15:00,CDZI,4.360000133514404,4.360000133514404,4.36269998550415,4.360000133514404,4.361199855804443,482.0
2023-06-16 11:15:00,CEG,93.87999725341797,93.87999725341797,93.9000015258789,93.87999725341797,93.9000015258789,308.0
2023-06-16 11:15:00,EXC,41.220001220703125,41.220001220703125,41.22999954223633,41.220001220703125,41.22999954223633,3423.0
2023-06-16 11:15:00,FLNC,26.43000030517578,26.43000030517578,26.43000030517578,26.43000030517578,26.43000030517578,928.0
2023-06-16 11:15:00,LNT,54.165000915527344,54.165000915527344,54.165000915527344,54.13999938964844,54.150001525878906,2656.0
2023-06-16 11:15:00,MNTK,7.159999847412109,7.159999847412109,7.159999847412109,7.159999847412109,7.159999847412109,109.0
2023-06-16 11:15:00,NFE,29.5,29.5,29.579999923706055,29.489999771118164,29.579999923706055,7985.0
2023-06-16 11:15:00,RNW,6.099999904632568,6.099999904632568,6.099999904632568,6.099999904632568,6.099999904632568,936.0
2023-06-16 11:15:00,VIA,10.928299903869629,10.928299903869629,10.928299903869629,10.928299903869629,10.928299903869629,451.0
2023-06-16 11:15:00,XEL,64.5,64.5,64.51000213623047,64.48999786376953,64.5,2361.0
2023-06-16 11:16:00,ADN,0.6985999941825867,0.6985999941825867,0.6998999714851379,0.6948999762535095,0.6949499845504761,2020.0
2023-06-16 11:16:00,AEP,85.3499984741211,85.3499984741211,85.3499984741211,85.32499694824219,85.33999633789062,1070.0
2023-06-16 11:16:00,CDZI,4.349999904632568,4.349999904632568,4.349999904632568,4.349999904632568,4.349999904632568,450.0
2023-06-16 11:16:00,CEG,93.87999725341797,93.87999725341797,93.8949966430664,93.87999725341797,93.8949966430664,523.0
2023-06-16 11:16:00,EXC,41.224998474121094,41.224998474121094,41.224998474121094,41.209999084472656,41.220001220703125,2593.0
2023-06-16 11:16:00,FLNC,26.5,26.5,26.5,26.405000686645508,26.405000686645508,1986.0
2023-06-16 11:16:00,LNT,54.18000030517578,54.18000030517578,54.18000030517578,54.165000915527344,54.165000915527344,1640.0
2023-06-16 11:16:00,MNTK,7.150000095367432,7.150000095367432,7.150000095367432,7.139999866485596,7.139999866485596,223.0
2023-06-16 11:16:00,NFE,29.40999984741211,29.40999984741211,29.5,29.40999984741211,29.5,4294.0
2023-06-16 11:16:00,XEL,64.51000213623047,64.51000213623047,64.51000213623047,64.48999786376953,64.5,3918.0
2023-06-16 11:17:00,ADN,0.699999988079071,0.699999988079071,0.699999988079071,0.699999988079071,0.699999988079071,300.0
2023-06-16 11:17:00,AEP,85.3499984741211,85.3499984741211,85.36000061035156,85.32499694824219,85.32499694824219,2804.0
2023-06-16 11:17:00,CDZI,4.360000133514404,4.360000133514404,4.360000133514404,4.360000133514404,4.360000133514404,1222.0
2023-06-16 11:17:00,CEG,93.9000015258789,93.9000015258789,93.9000015258789,93.87999725341797,93.9000015258789,848.0
2023-06-16 11:17:00,EXC,41.22999954223633,41.22999954223633,41.22999954223633,41.220001220703125,41.224998474121094,3275.0
2023-06-16 11:17:00,FLNC,26.469999313354492,26.469999313354492,26.469999313354492,26.469999313354492,26.469999313354492,836.0
2023-06-16 11:17:00,LNT,54.189998626708984,54.189998626708984,54.189998626708984,54.189998626708984,54.189998626708984,168.0
2023-06-16 11:17:00,MNTK,7.159999847412109,7.159999847412109,7.159999847412109,7.159999847412109,7.159999847412109,100.0
2023-06-16 11:17:00,NFE,29.397300720214844,29.397300720214844,29.43400001525879,29.389999389648438,29.405000686645508,3202.0
2023-06-16 11:17:00,NWE,58.82500076293945,58.82500076293945,58.82500076293945,58.814998626708984,58.814998626708984,536.0
2023-06-16 11:17:00,OTTR,75.44000244140625,75.44000244140625,75.44000244140625,75.44000244140625,75.44000244140625,151.0
2023-06-16 11:17:00,RNW,6.09499979019165,6.09499979019165,6.09499979019165,6.09499979019165,6.09499979019165,125.0
2023-06-16 11:17:00,XEL,64.51000213623047,64.51000213623047,64.51000213623047,64.48999786376953,64.51000213623047,4652.0
2023-06-16 11:18:00,ADN,0.7099000215530396,0.7099000215530396,0.7099000215530396,0.7099000215530396,0.7099000215530396,224.0
2023-06-16 11:18:00,AEP,85.30999755859375,85.30999755859375,85.36000061035156,85.30999755859375,85.3550033569336,3306.0
2023-06-16 11:18:00,ARTNA,49.56999969482422,49.56999969482422,49.56999969482422,49.56999969482422,49.56999969482422,334.0
2023-06-16 11:18:00,AY,23.8700008392334,23.8700008392334,23.8700008392334,23.8700008392334,23.8700008392334,368.0
2023-06-16 11:18:00,CEG,93.83000183105469,93.83000183105469,93.87999725341797,93.83000183105469,93.87999725341797,2625.0
2023-06-16 11:18:00,EXC,41.20000076293945,41.20000076293945,41.239898681640625,41.20000076293945,41.23500061035156,4079.0
2023-06-16 11:18:00,FLNC,26.395000457763672,26.395000457763672,26.459999084472656,26.389999389648438,26.459999084472656,2405.0
2023-06-16 11:18:00,LNT,54.165000915527344,54.165000915527344,54.189998626708984,54.165000915527344,54.189998626708984,1850.0
2023-06-16 11:18:00,MNTK,7.170000076293945,7.170000076293945,7.170000076293945,7.150000095367432,7.150000095367432,1457.0
2023-06-16 11:18:00,NFE,29.3799991607666,29.3799991607666,29.389999389648438,29.3799991607666,29.3799991607666,2227.0
2023-06-16 11:18:00,RNW,6.09119987487793,6.09119987487793,6.09499979019165,6.09119987487793,6.09499979019165,282.0
2023-06-16 11:18:00,XEL,64.50499725341797,64.50499725341797,64.52999877929688,64.5,64.5199966430664,5867.0
2023-06-16 11:19:00,AEP,85.34500122070312,85.34500122070312,85.34500122070312,85.30000305175781,85.30000305175781,2492.0
2023-06-16 11:19:00,AY,23.8700008392334,23.8700008392334,23.8799991607666,23.860000610351562,23.8799991607666,3972.0
2023-06-16 11:19:00,CEG,93.78500366210938,93.78500366210938,93.80500030517578,93.73999786376953,93.80000305175781,3376.0
2023-06-16 11:19:00,CWCO,22.40999984741211,22.40999984741211,22.43000030517578,22.3799991607666,22.3799991607666,2918.0
2023-06-16 11:19:00,EXC,41.209999084472656,41.209999084472656,41.209999084472656,41.189998626708984,41.189998626708984,4801.0
2023-06-16 11:19:00,FLNC,26.389999389648438,26.389999389648438,26.389999389648438,26.375,26.375,683.0
2023-06-16 11:19:00,LNT,54.16999816894531,54.16999816894531,54.16999816894531,54.130001068115234,54.150001525878906,2504.0
2023-06-16 11:19:00,MNTK,7.15500020980835,7.15500020980835,7.170000076293945,7.15500020980835,7.170000076293945,675.0
2023-06-16 11:19:00,MSEX,82.4800033569336,82.4800033569336,82.4800033569336,82.4800033569336,82.4800033569336,100.0
2023-06-16 11:19:00,NFE,29.360000610351562,29.360000610351562,29.3799991607666,29.360000610351562,29.3799991607666,1104.0
2023-06-16 11:19:00,NWE,58.78689956665039,58.78689956665039,58.78689956665039,58.78689956665039,58.78689956665039,1268.0
2023-06-16 11:19:00,OTTR,75.37999725341797,75.37999725341797,75.43499755859375,75.37999725341797,75.43499755859375,843.0
2023-06-16 11:19:00,RNW,6.09499979019165,6.09499979019165,6.09499979019165,6.090000152587891,6.090000152587891,388.0
2023-06-16 11:19:00,XEL,64.5,64.5,64.5,64.48999786376953,64.49500274658203,3171.0
2023-06-16 11:20:00,ADN,0.7001000046730042,0.7001000046730042,0.7001000046730042,0.7001000046730042,0.7001000046730042,276.0
2023-06-16 11:20:00,AEP,85.33999633789062,85.33999633789062,85.36000061035156,85.33999633789062,85.3499984741211,1639.0
2023-06-16 11:20:00,AY,23.889999389648438,23.889999389648438,23.889999389648438,23.860000610351562,23.860000610351562,2173.0
2023-06-16 11:20:00,CDZI,4.369999885559082,4.369999885559082,4.369999885559082,4.369999885559082,4.369999885559082,309.0
2023-06-16 11:20:00,CEG,93.72000122070312,93.72000122070312,93.76000213623047,93.72000122070312,93.76000213623047,3417.0
2023-06-16 11:20:00,CWCO,22.440000534057617,22.440000534057617,22.440000534057617,22.440000534057617,22.440000534057617,393.0
2023-06-16 11:20:00,EXC,41.20500183105469,41.20500183105469,41.20500183105469,41.20500183105469,41.20500183105469,1831.0
2023-06-16 11:20:00,FLNC,26.420000076293945,26.420000076293945,26.420000076293945,26.399999618530273,26.420000076293945,2669.0
2023-06-16 11:20:00,LNT,54.165000915527344,54.165000915527344,54.16999816894531,54.15999984741211,54.165000915527344,886.0
2023-06-16 11:20:00,MGEE,79.66000366210938,79.66000366210938,79.66000366210938,79.55999755859375,79.55999755859375,299.0
2023-06-16 11:20:00,MNTK,7.159999847412109,7.159999847412109,7.159999847412109,7.159999847412109,7.159999847412109,114.0
2023-06-16 11:20:00,MSEX,82.55719757080078,82.55719757080078,82.55719757080078,82.55719757080078,82.55719757080078,420.0
2023-06-16 11:20:00,NFE,29.3799991607666,29.3799991607666,29.3799991607666,29.350000381469727,29.360000610351562,3264.0
2023-06-16 11:20:00,NWE,58.83000183105469,58.83000183105469,58.83000183105469,58.83000183105469,58.83000183105469,336.0
2023-06-16 11:20:00,OTTR,75.47000122070312,75.47000122070312,75.47000122070312,75.44000244140625,75.44000244140625,799.0
2023-06-16 11:20:00,RNW,6.099999904632568,6.099999904632568,6.099999904632568,6.090000152587891,6.09499979019165,2215.0
2023-06-16 11:20:00,VIASP,16.510000228881836,16.510000228881836,16.510000228881836,16.479999542236328,16.479999542236328,1011.0
2023-06-16 11:20:00,XEL,64.51000213623047,64.51000213623047,64.5199966430664,64.5,64.51589965820312,3089.0
2023-06-16 11:21:00,ADN,0.7049999833106995,0.7049999833106995,0.7098000049591064,0.7001000046730042,0.7098000049591064,5387.0
2023-06-16 11:21:00,AEP,85.36000061035156,85.36000061035156,85.36000061035156,85.33000183105469,85.33000183105469,2185.0
2023-06-16 11:21:00,AY,23.889999389648438,23.889999389648438,23.895000457763672,23.889999389648438,23.895000457763672,313.0
2023-06-16 11:21:00,CEG,93.69000244140625,93.69000244140625,93.72000122070312,93.69000244140625,93.72000122070312,1411.0
2023-06-16 11:21:00,CREG,2.0,2.0,2.0,2.0,2.0,4569.0
2023-06-16 11:21:00,CWCO,22.43000030517578,22.43000030517578,22.43000030517578,22.43000030517578,22.43000030517578,638.0
2023-06-16 11:21:00,EXC,41.209999084472656,41.209999084472656,41.209999084472656,41.20000076293945,41.20500183105469,2474.0
2023-06-16 11:21:00,FLNC,26.385000228881836,26.385000228881836,26.42329978942871,26.3799991607666,26.42329978942871,1746.0
2023-06-16 11:21:00,LNT,54.165000915527344,54.165000915527344,54.165000915527344,54.15999984741211,54.15999984741211,614.0
2023-06-16 11:21:00,MGEE,79.58000183105469,79.58000183105469,79.58000183105469,79.54000091552734,79.54000091552734,336.0
2023-06-16 11:21:00,MNTK,7.170000076293945,7.170000076293945,7.190000057220459,7.170000076293945,7.170000076293945,3051.0
2023-06-16 11:21:00,NFE,29.3700008392334,29.3700008392334,29.3700008392334,29.34000015258789,29.3700008392334,1767.0
2023-06-16 11:21:00,NWE,58.77000045776367,58.77000045776367,58.77000045776367,58.77000045776367,58.77000045776367,195.0
2023-06-16 11:21:00,OTTR,75.41000366210938,75.41000366210938,75.48780059814453,75.4000015258789,75.4000015258789,1434.0
2023-06-16 11:21:00,PCYO,10.529999732971191,10.529999732971191,10.539999961853027,10.529999732971191,10.539999961853027,688.0
2023-06-16 11:21:00,RNW,6.09499979019165,6.09499979019165,6.099999904632568,6.09499979019165,6.09499979019165,509.0
2023-06-16 11:21:00,XEL,64.5,64.5,64.52999877929688,64.5,64.5199966430664,7792.0
2023-06-16 11:21:00,YORW,43.1150016784668,43.1150016784668,43.1150016784668,43.1150016784668,43.1150016784668,211.0
2023-06-16 11:22:00,ADN,0.7001000046730042,0.7001000046730042,0.7001000046730042,0.7001000046730042,0.7001000046730042,1000.0
2023-06-16 11:22:00,AEP,85.38999938964844,85.38999938964844,85.4000015258789,85.34500122070312,85.3499984741211,5655.0
2023-06-16 11:22:00,AY,23.920000076293945,23.920000076293945,23.920000076293945,23.89900016784668,23.89900016784668,1608.0
2023-06-16 11:22:00,CEG,93.66500091552734,93.66500091552734,93.68000030517578,93.66500091552734,93.68000030517578,1100.0
2023-06-16 11:22:00,CREG,2.0,2.0,2.0,2.0,2.0,452.0
2023-06-16 11:22:00,EXC,41.20500183105469,41.20500183105469,41.21500015258789,41.20000076293945,41.20000076293945,5798.0
2023-06-16 11:22:00,FLNC,26.3882999420166,26.3882999420166,26.3882999420166,26.360000610351562,26.3799991607666,2979.0
2023-06-16 11:22:00,LNT,54.18000030517578,54.18000030517578,54.18000030517578,54.165000915527344,54.165000915527344,1572.0
2023-06-16 11:22:00,MNTK,7.199999809265137,7.199999809265137,7.210000038146973,7.199999809265137,7.210000038146973,658.0
2023-06-16 11:22:00,NFE,29.360000610351562,29.360000610351562,29.360000610351562,29.350000381469727,29.360000610351562,1070.0
2023-06-16 11:22:00,NWE,58.79999923706055,58.79999923706055,58.79999923706055,58.79499816894531,58.79499816894531,265.0
2023-06-16 11:22:00,RNW,6.09499979019165,6.09499979019165,6.099999904632568,6.09499979019165,6.099999904632568,218.0
2023-06-16 11:22:00,XEL,64.51000213623047,64.51000213623047,64.51000213623047,64.48999786376953,64.50150299072266,3141.0
2023-06-16 11:23:00,ADN,0.7001000046730042,0.7001000046730042,0.7049999833106995,0.7001000046730042,0.7049999833106995,260.0
2023-06-16 11:23:00,AEP,85.37000274658203,85.37000274658203,85.41999816894531,85.37000274658203,85.3949966430664,3461.0
2023-06-16 11:23:00,ARTNA,49.400001525878906,49.400001525878906,49.40999984741211,49.400001525878906,49.40999984741211,532.0
2023-06-16 11:23:00,AY,23.90999984741211,23.90999984741211,23.90999984741211,23.90999984741211,23.90999984741211,438.0
2023-06-16 11:23:00,CDZI,4.369999885559082,4.369999885559082,4.369999885559082,4.369999885559082,4.369999885559082,416.0
2023-06-16 11:23:00,CEG,93.58000183105469,93.58000183105469,93.63999938964844,93.58000183105469,93.63999938964844,1822.0
2023-06-16 11:23:00,EXC,41.20000076293945,41.20000076293945,41.20500183105469,41.20000076293945,41.20500183105469,7604.0
2023-06-16 11:23:00,FLNC,26.28499984741211,26.28499984741211,26.350000381469727,26.28499984741211,26.350000381469727,2456.0
2023-06-16 11:23:00,LNT,54.18000030517578,54.18000030517578,54.18000030517578,54.15999984741211,54.18000030517578,2690.0
2023-06-16 11:23:00,MGEE,79.62999725341797,79.62999725341797,79.62999725341797,79.55000305175781,79.55000305175781,767.0
2023-06-16 11:23:00,MNTK,7.199999809265137,7.199999809265137,7.230000019073486,7.190000057220459,7.195000171661377,1654.0
2023-06-16 11:23:00,NFE,29.31999969482422,29.31999969482422,29.34000015258789,29.31999969482422,29.34000015258789,2143.0
2023-06-16 11:23:00,OTTR,75.44999694824219,75.44999694824219,75.44999694824219,75.44999694824219,75.44999694824219,1416.0
2023-06-16 11:23:00,RNW,6.099999904632568,6.099999904632568,6.099999904632568,6.09499979019165,6.09499979019165,603.0
2023-06-16 11:23:00,XEL,64.51000213623047,64.51000213623047,64.5250015258789,64.5,64.51499938964844,8691.0
2023-06-16 11:23:00,YORW,43.189998626708984,43.189998626708984,43.189998626708984,43.189998626708984,43.189998626708984,877.0
2023-06-16 11:24:00,ADN,0.7020000219345093,0.7020000219345093,0.7091000080108643,0.7001000046730042,0.7001000046730042,3506.0
2023-06-16 11:24:00,AEP,85.37000274658203,85.37000274658203,85.37999725341797,85.3499984741211,85.37000274658203,3102.0
2023-06-16 11:24:00,ARTNA,49.5099983215332,49.5099983215332,49.599998474121094,49.5099983215332,49.599998474121094,271.0
2023-06-16 11:24:00,AY,23.90999984741211,23.90999984741211,23.90999984741211,23.90999984741211,23.90999984741211,220.0
2023-06-16 11:24:00,CEG,93.48999786376953,93.48999786376953,93.56999969482422,93.47000122070312,93.56999969482422,8252.0
2023-06-16 11:24:00,CWCO,22.3799991607666,22.3799991607666,22.3799991607666,22.3700008392334,22.3700008392334,282.0
2023-06-16 11:24:00,EXC,41.20500183105469,41.20500183105469,41.209999084472656,41.19499969482422,41.20000076293945,2350.0
2023-06-16 11:24:00,FLNC,26.299999237060547,26.299999237060547,26.325899124145508,26.290000915527344,26.290000915527344,2035.0
2023-06-16 11:24:00,LNT,54.15999984741211,54.15999984741211,54.179901123046875,54.154998779296875,54.154998779296875,2311.0
2023-06-16 11:24:00,MNTK,7.230000019073486,7.230000019073486,7.230000019073486,7.230000019073486,7.230000019073486,389.0
2023-06-16 11:24:00,NFE,29.325000762939453,29.325000762939453,29.325000762939453,29.309999465942383,29.309999465942383,2000.0
2023-06-16 11:24:00,RNW,6.099999904632568,6.099999904632568,6.099999904632568,6.090000152587891,6.09499979019165,823.0
2023-06-16 11:24:00,XEL,64.50499725341797,64.50499725341797,64.51519775390625,64.49500274658203,64.49500274658203,2889.0
2023-06-16 11:25:00,ADN,0.7014999985694885,0.7014999985694885,0.7020000219345093,0.7014999985694885,0.7020000219345093,820.0
2023-06-16 11:25:00,AEP,85.33000183105469,85.33000183105469,85.3770980834961,85.31999969482422,85.37000274658203,2677.0
2023-06-16 11:25:00,AY,23.920000076293945,23.920000076293945,23.920000076293945,23.905000686645508,23.905000686645508,1100.0
2023-06-16 11:25:00,CEG,93.45999908447266,93.45999908447266,93.52999877929688,93.45999908447266,93.51000213623047,7610.0
2023-06-16 11:25:00,CWCO,22.405000686645508,22.405000686645508,22.405000686645508,22.405000686645508,22.405000686645508,1430.0
2023-06-16 11:25:00,EXC,41.185001373291016,41.185001373291016,41.20500183105469,41.18000030517578,41.20500183105469,2934.0
2023-06-16 11:25:00,FLNC,26.3700008392334,26.3700008392334,26.3700008392334,26.329999923706055,26.329999923706055,1136.0
2023-06-16 11:25:00,LNT,54.13999938964844,54.13999938964844,54.150001525878906,54.13999938964844,54.150001525878906,1516.0
2023-06-16 11:25:00,MGEE,79.70999908447266,79.70999908447266,79.70999908447266,79.54620361328125,79.66999816894531,1094.0
2023-06-16 11:25:00,MNTK,7.230000019073486,7.230000019073486,7.230000019073486,7.230000019073486,7.230000019073486,909.0
2023-06-16 11:25:00,NFE,29.344999313354492,29.344999313354492,29.350000381469727,29.325000762939453,29.325000762939453,3572.0
2023-06-16 11:25:00,NWE,58.83000183105469,58.83000183105469,58.83000183105469,58.83000183105469,58.83000183105469,635.0
2023-06-16 11:25:00,RNW,6.109899997711182,6.109899997711182,6.114999771118164,6.099999904632568,6.099999904632568,12301.0
2023-06-16 11:25:00,XEL,64.4800033569336,64.4800033569336,64.51000213623047,64.4800033569336,64.5,4843.0
2023-06-16 11:26:00,ADN,0.692300021648407,0.692300021648407,0.7001000046730042,0.692300021648407,0.7001000046730042,1688.0
2023-06-16 11:26:00,AEP,85.26000213623047,85.26000213623047,85.33000183105469,85.23999786376953,85.31999969482422,3256.0
2023-06-16 11:26:00,AY,23.899999618530273,23.899999618530273,23.90999984741211,23.899999618530273,23.90999984741211,764.0
2023-06-16 11:26:00,CDZI,4.360000133514404,4.360000133514404,4.360000133514404,4.360000133514404,4.360000133514404,448.0
2023-06-16 11:26:00,CEG,93.38999938964844,93.38999938964844,93.4800033569336,93.37999725341797,93.4800033569336,2643.0
2023-06-16 11:26:00,EXC,41.17499923706055,41.17499923706055,41.17499923706055,41.15999984741211,41.16999816894531,5414.0
2023-06-16 11:26:00,FLNC,26.290000915527344,26.290000915527344,26.34000015258789,26.280000686645508,26.34000015258789,2219.0
2023-06-16 11:26:00,LNT,54.09000015258789,54.09000015258789,54.130001068115234,54.09000015258789,54.130001068115234,1570.0
2023-06-16 11:26:00,MNTK,7.239999771118164,7.239999771118164,7.239999771118164,7.239999771118164,7.239999771118164,111.0
2023-06-16 11:26:00,NFE,29.34000015258789,29.34000015258789,29.34000015258789,29.31999969482422,29.34000015258789,1149.0
2023-06-16 11:26:00,NWE,58.70500183105469,58.70500183105469,58.810001373291016,58.70500183105469,58.810001373291016,2095.0
2023-06-16 11:26:00,RNW,6.114999771118164,6.114999771118164,6.119800090789795,6.099999904632568,6.105000019073486,4204.0
2023-06-16 11:26:00,XEL,64.44999694824219,64.44999694824219,64.4800033569336,64.43000030517578,64.4800033569336,7546.0
2023-06-16 11:26:00,YORW,43.11000061035156,43.11000061035156,43.11000061035156,43.11000061035156,43.11000061035156,454.0
2023-06-16 11:27:00,ADN,0.6990000009536743,0.6990000009536743,0.699999988079071,0.6919999718666077,0.6919999718666077,7191.0
2023-06-16 11:27:00,AEP,85.21499633789062,85.21499633789062,85.24500274658203,85.20999908447266,85.24500274658203,3181.0
2023-06-16 11:27:00,AY,23.895000457763672,23.895000457763672,23.895000457763672,23.889999389648438,23.889999389648438,1641.0
2023-06-16 11:27:00,CEG,93.29000091552734,93.29000091552734,93.44999694824219,93.29000091552734,93.41999816894531,4282.0
2023-06-16 11:27:00,CREG,2.0,2.0,2.0,2.0,2.0,100.0
2023-06-16 11:27:00,EXC,41.15999984741211,41.15999984741211,41.16999816894531,41.150001525878906,41.16999816894531,8951.0
2023-06-16 11:27:00,FLNC,26.264999389648438,26.264999389648438,26.270000457763672,26.260000228881836,26.270000457763672,1155.0
2023-06-16 11:27:00,HTOO,2.2200000286102295,2.2200000286102295,2.2200000286102295,2.2200000286102295,2.2200000286102295,567.0
2023-06-16 11:27:00,LNT,54.06999969482422,54.06999969482422,54.10499954223633,54.060001373291016,54.099998474121094,3525.0
2023-06-16 11:27:00,MGEE,79.5,79.5,79.54000091552734,79.5,79.54000091552734,897.0
2023-06-16 11:27:00,MNTK,7.239999771118164,7.239999771118164,7.239999771118164,7.239999771118164,7.239999771118164,2030.0
2023-06-16 11:27:00,MSEX,82.36000061035156,82.36000061035156,82.36000061035156,82.36000061035156,82.36000061035156,553.0
2023-06-16 11:27:00,NFE,29.334999084472656,29.334999084472656,29.35099983215332,29.325199127197266,29.35099983215332,3276.0
2023-06-16 11:27:00,NWE,58.70000076293945,58.70000076293945,58.73500061035156,58.70000076293945,58.73500061035156,1253.0
2023-06-16 11:27:00,XEL,64.38999938964844,64.38999938964844,64.44000244140625,64.38999938964844,64.44000244140625,5227.0
2023-06-16 11:28:00,ADN,0.6989489793777466,0.6989489793777466,0.6989489793777466,0.6989489793777466,0.6989489793777466,345.0
2023-06-16 11:28:00,AEP,85.26499938964844,85.26499938964844,85.2699966430664,85.2300033569336,85.2300033569336,2525.0
2023-06-16 11:28:00,AY,23.899999618530273,23.899999618530273,23.899999618530273,23.899999618530273,23.899999618530273,705.0
2023-06-16 11:28:00,CEG,93.37999725341797,93.37999725341797,93.38999938964844,93.29000091552734,93.30999755859375,8295.0
2023-06-16 11:28:00,EXC,41.15999984741211,41.15999984741211,41.165000915527344,41.150001525878906,41.150001525878906,4796.0
2023-06-16 11:28:00,FLNC,26.15999984741211,26.15999984741211,26.280000686645508,26.15999984741211,26.2549991607666,6194.0
2023-06-16 11:28:00,LNT,54.06999969482422,54.06999969482422,54.06999969482422,54.06999969482422,54.06999969482422,904.0
2023-06-16 11:28:00,MNTK,7.260000228881836,7.260000228881836,7.260000228881836,7.235000133514404,7.239999771118164,2623.0
2023-06-16 11:28:00,NFE,29.31999969482422,29.31999969482422,29.34000015258789,29.31999969482422,29.329999923706055,1907.0
2023-06-16 11:28:00,RNW,6.114999771118164,6.114999771118164,6.125,6.114999771118164,6.119999885559082,7395.0
2023-06-16 11:28:00,XEL,64.41500091552734,64.41500091552734,64.41999816894531,64.38999938964844,64.38999938964844,2262.0
2023-06-16 11:29:00,AEP,85.30999755859375,85.30999755859375,85.30999755859375,85.23999786376953,85.25,3918.0
2023-06-16 11:29:00,ARTNA,49.5,49.5,49.5,49.5,49.5,152.0
2023-06-16 11:29:00,CEG,93.47000122070312,93.47000122070312,93.47000122070312,93.33499908447266,93.37000274658203,7525.0
2023-06-16 11:29:00,EXC,41.20000076293945,41.20000076293945,41.20000076293945,41.150001525878906,41.150001525878906,8417.0
2023-06-16 11:29:00,FLNC,26.219999313354492,26.219999313354492,26.219999313354492,26.150999069213867,26.150999069213867,2160.0
2023-06-16 11:29:00,HTOO,2.2298998832702637,2.2298998832702637,2.2298998832702637,2.2298998832702637,2.2298998832702637,1169.0
2023-06-16 11:29:00,LNT,54.09000015258789,54.09000015258789,54.09000015258789,54.06999969482422,54.06999969482422,919.0
2023-06-16 11:29:00,MNTK,7.284999847412109,7.284999847412109,7.284999847412109,7.269999980926514,7.269999980926514,406.0
2023-06-16 11:29:00,NFE,29.350000381469727,29.350000381469727,29.350000381469727,29.31999969482422,29.31999969482422,1305.0
2023-06-16 11:29:00,NWE,58.72999954223633,58.72999954223633,58.7400016784668,58.72999954223633,58.7400016784668,830.0
2023-06-16 11:29:00,RNW,6.118000030517578,6.118000030517578,6.119999885559082,6.114999771118164,6.114999771118164,1119.0
2023-06-16 11:29:00,XEL,64.41999816894531,64.41999816894531,64.41999816894531,64.3949966430664,64.4000015258789,3697.0
2023-06-16 11:30:00,ADN,0.6980000138282776,0.6980000138282776,0.6980000138282776,0.6980000138282776,0.6980000138282776,100.0
2023-06-16 11:30:00,AEP,85.3499984741211,85.3499984741211,85.36000061035156,85.30999755859375,85.31999969482422,3961.0
2023-06-16 11:30:00,AY,23.924999237060547,23.924999237060547,23.93000030517578,23.899999618530273,23.90999984741211,1918.0
2023-06-16 11:30:00,CEG,93.54000091552734,93.54000091552734,93.55999755859375,93.47000122070312,93.4749984741211,14457.0
2023-06-16 11:30:00,EXC,41.22999954223633,41.22999954223633,41.22999954223633,41.20500183105469,41.20500183105469,5107.0
2023-06-16 11:30:00,FLNC,26.239999771118164,26.239999771118164,26.25,26.229999542236328,26.25,1778.0
2023-06-16 11:30:00,LNT,54.13999938964844,54.13999938964844,54.150001525878906,54.13999938964844,54.14400100708008,677.0
2023-06-16 11:30:00,MNTK,7.295000076293945,7.295000076293945,7.295000076293945,7.28000020980835,7.289999961853027,2784.0
2023-06-16 11:30:00,MSEX,82.44000244140625,82.44000244140625,82.44000244140625,82.44000244140625,82.44000244140625,250.0
2023-06-16 11:30:00,NFE,29.40999984741211,29.40999984741211,29.40999984741211,29.3700008392334,29.3700008392334,3153.0
2023-06-16 11:30:00,NWE,58.81999969482422,58.81999969482422,58.81999969482422,58.7400016784668,58.75,784.0
2023-06-16 11:30:00,OTTR,75.31999969482422,75.31999969482422,75.31999969482422,75.31999969482422,75.31999969482422,297.0
2023-06-16 11:30:00,RNW,6.119999885559082,6.119999885559082,6.125,6.118500232696533,6.118500232696533,5252.0
2023-06-16 11:30:00,XEL,64.48999786376953,64.48999786376953,64.49500274658203,64.42500305175781,64.42500305175781,5751.0
2023-06-16 11:31:00,ADN,0.6980000138282776,0.6980000138282776,0.6980000138282776,0.6980000138282776,0.6980000138282776,919.0
2023-06-16 11:31:00,AEP,85.27999877929688,85.27999877929688,85.33999633789062,85.27999877929688,85.33999633789062,1775.0
2023-06-16 11:31:00,AY,23.920000076293945,23.920000076293945,23.920000076293945,23.920000076293945,23.920000076293945,208.0
2023-06-16 11:31:00,CEG,93.5199966430664,93.5199966430664,93.62000274658203,93.4800033569336,93.54000091552734,14044.0
2023-06-16 11:31:00,EXC,41.185001373291016,41.185001373291016,41.23500061035156,41.185001373291016,41.22999954223633,4380.0
2023-06-16 11:31:00,FLNC,26.25,26.25,26.25,26.239999771118164,26.239999771118164,757.0
2023-06-16 11:31:00,LNT,54.09000015258789,54.09000015258789,54.150001525878906,54.09000015258789,54.13999938964844,1333.0
2023-06-16 11:31:00,MNTK,7.242300033569336,7.242300033569336,7.289999961853027,7.239999771118164,7.289999961853027,7533.0
2023-06-16 11:31:00,NFE,29.40999984741211,29.40999984741211,29.40999984741211,29.40999984741211,29.40999984741211,482.0
2023-06-16 11:31:00,NWE,58.810001373291016,58.810001373291016,58.810001373291016,58.79999923706055,58.810001373291016,857.0
2023-06-16 11:31:00,OTTR,75.29000091552734,75.29000091552734,75.29000091552734,75.29000091552734,75.29000091552734,334.0
2023-06-16 11:31:00,RNW,6.119999885559082,6.119999885559082,6.125,6.119999885559082,6.125,872.0
2023-06-16 11:31:00,XEL,64.41000366210938,64.41000366210938,64.5,64.41000366210938,64.5,5997.0
2023-06-16 11:32:00,ADN,0.7006999850273132,0.7006999850273132,0.7006999850273132,0.6980000138282776,0.6980000138282776,1275.0
2023-06-16 11:32:00,AEP,85.26000213623047,85.26000213623047,85.2699966430664,85.23999786376953,85.2699966430664,2221.0
2023-06-16 11:32:00,AY,23.909400939941406,23.909400939941406,23.909400939941406,23.89900016784668,23.89900016784668,1368.0
2023-06-16 11:32:00,CEG,93.48999786376953,93.48999786376953,93.5199966430664,93.48999786376953,93.5199966430664,1524.0
2023-06-16 11:32:00,EXC,41.17499923706055,41.17499923706055,41.18000030517578,41.16999816894531,41.18000030517578,4441.0
2023-06-16 11:32:00,FLNC,26.25,26.25,26.290000915527344,26.20009994506836,26.20009994506836,19661.0
2023-06-16 11:32:00,HTOO,2.2200000286102295,2.2200000286102295,2.2200000286102295,2.2200000286102295,2.2200000286102295,3109.0
2023-06-16 11:32:00,LNT,54.084999084472656,54.084999084472656,54.084999084472656,54.084999084472656,54.084999084472656,117.0
2023-06-16 11:32:00,MNTK,7.28000020980835,7.28000020980835,7.28000020980835,7.230000019073486,7.239999771118164,3447.0
2023-06-16 11:32:00,NFE,29.40999984741211,29.40999984741211,29.420000076293945,29.399999618530273,29.399999618530273,1677.0
2023-06-16 11:32:00,NWE,58.810001373291016,58.810001373291016,58.810001373291016,58.7599983215332,58.7599983215332,313.0
2023-06-16 11:32:00,RNW,6.114999771118164,6.114999771118164,6.125,6.114999771118164,6.125,1789.0
2023-06-16 11:32:00,XEL,64.37000274658203,64.37000274658203,64.37999725341797,64.37000274658203,64.37999725341797,1015.0
2023-06-16 11:33:00,ADN,0.6924999952316284,0.6924999952316284,0.699999988079071,0.6899999976158142,0.699999988079071,9187.0
2023-06-16 11:33:00,AEP,85.26000213623047,85.26000213623047,85.2699966430664,85.25,85.25,3857.0
2023-06-16 11:33:00,CEG,93.51499938964844,93.51499938964844,93.54000091552734,93.51000213623047,93.51499938964844,6033.0
2023-06-16 11:33:00,EXC,41.16999816894531,41.16999816894531,41.16999816894531,41.15999984741211,41.16999816894531,5470.0
2023-06-16 11:33:00,FLNC,26.239999771118164,26.239999771118164,26.272499084472656,26.239999771118164,26.272499084472656,4402.0
2023-06-16 11:33:00,LNT,54.08000183105469,54.08000183105469,54.08000183105469,54.060001373291016,54.06999969482422,3911.0
2023-06-16 11:33:00,MGEE,79.33000183105469,79.33000183105469,79.33000183105469,79.33000183105469,79.33000183105469,262.0
2023-06-16 11:33:00,MNTK,7.289999961853027,7.289999961853027,7.329999923706055,7.289999961853027,7.300000190734863,2652.0
2023-06-16 11:33:00,NFE,29.44499969482422,29.44499969482422,29.44499969482422,29.44499969482422,29.44499969482422,145.0
2023-06-16 11:33:00,NWE,58.85499954223633,58.85499954223633,58.85499954223633,58.810001373291016,58.810001373291016,294.0
2023-06-16 11:33:00,XEL,64.36000061035156,64.36000061035156,64.37000274658203,64.3499984741211,64.36000061035156,8783.0
2023-06-16 11:34:00,ADN,0.6901000142097473,0.6901000142097473,0.6901000142097473,0.6901000142097473,0.6901000142097473,100.0
2023-06-16 11:34:00,AEP,85.25,85.25,85.2699966430664,85.25,85.2699966430664,1156.0
2023-06-16 11:34:00,AY,23.889999389648438,23.889999389648438,23.899999618530273,23.889999389648438,23.899999618530273,583.0
2023-06-16 11:34:00,CEG,93.54000091552734,93.54000091552734,93.55999755859375,93.5199966430664,93.5199966430664,5009.0
2023-06-16 11:34:00,EXC,41.18000030517578,41.18000030517578,41.185001373291016,41.17499923706055,41.18000030517578,2350.0
2023-06-16 11:34:00,FLNC,26.19099998474121,26.19099998474121,26.270000457763672,26.140199661254883,26.2450008392334,20736.0
2023-06-16 11:34:00,LNT,54.060001373291016,54.060001373291016,54.08000183105469,54.060001373291016,54.08000183105469,630.0
2023-06-16 11:34:00,MNTK,7.260000228881836,7.260000228881836,7.300000190734863,7.260000228881836,7.300000190734863,815.0
2023-06-16 11:34:00,NFE,29.469999313354492,29.469999313354492,29.469999313354492,29.459999084472656,29.46500015258789,750.0
2023-06-16 11:34:00,XEL,64.3499984741211,64.3499984741211,64.37000274658203,64.3499984741211,64.37000274658203,2040.0
2023-06-16 11:35:00,AEP,85.23989868164062,85.23989868164062,85.25,85.20999908447266,85.25,6541.0
2023-06-16 11:35:00,AY,23.899999618530273,23.899999618530273,23.899999618530273,23.889999389648438,23.889999389648438,1104.0
2023-06-16 11:35:00,CDZI,4.349999904632568,4.349999904632568,4.349999904632568,4.349999904632568,4.349999904632568,1816.0
2023-06-16 11:35:00,CEG,93.44000244140625,93.44000244140625,93.54000091552734,93.42500305175781,93.54000091552734,3125.0
2023-06-16 11:35:00,EXC,41.15999984741211,41.15999984741211,41.16999816894531,41.150001525878906,41.16999816894531,5984.0
2023-06-16 11:35:00,FLNC,26.219999313354492,26.219999313354492,26.219999313354492,26.190000534057617,26.194400787353516,3615.0
2023-06-16 11:35:00,LNT,54.04999923706055,54.04999923706055,54.04999923706055,54.029998779296875,54.04999923706055,1747.0
2023-06-16 11:35:00,MNTK,7.25,7.25,7.25,7.25,7.25,494.0
2023-06-16 11:35:00,NFE,29.46500015258789,29.46500015258789,29.46500015258789,29.450000762939453,29.459999084472656,1833.0
2023-06-16 11:35:00,NWE,58.7599983215332,58.7599983215332,58.790000915527344,58.7599983215332,58.790000915527344,943.0
2023-06-16 11:35:00,OTTR,75.2699966430664,75.2699966430664,75.2699966430664,75.2699966430664,75.2699966430664,526.0
2023-06-16 11:35:00,RNW,6.114999771118164,6.114999771118164,6.114999771118164,6.110000133514404,6.114999771118164,4296.0
2023-06-16 11:35:00,XEL,64.33499908447266,64.33499908447266,64.3499984741211,64.32559967041016,64.33999633789062,8035.0
2023-06-16 11:36:00,ADN,0.710099995136261,0.710099995136261,0.710099995136261,0.6901000142097473,0.6901000142097473,10146.0
2023-06-16 11:36:00,AEP,85.20999908447266,85.20999908447266,85.22000122070312,85.18000030517578,85.22000122070312,24793.0
2023-06-16 11:36:00,AY,23.885000228881836,23.885000228881836,23.889999389648438,23.885000228881836,23.889999389648438,1181.0
2023-06-16 11:36:00,CEG,93.44000244140625,93.44000244140625,93.48999786376953,93.40499877929688,93.45999908447266,5566.0
2023-06-16 11:36:00,EXC,41.14500045776367,41.14500045776367,41.154998779296875,41.130001068115234,41.154998779296875,7169.0
2023-06-16 11:36:00,FLNC,26.209999084472656,26.209999084472656,26.229999542236328,26.209999084472656,26.219999313354492,1854.0
2023-06-16 11:36:00,HTOOW,0.33000001311302185,0.33000001311302185,0.33000001311302185,0.25,0.25,0.0
2023-06-16 11:36:00,LNT,54.029998779296875,54.029998779296875,54.040000915527344,54.0099983215332,54.040000915527344,2373.0
2023-06-16 11:36:00,MNTK,7.210000038146973,7.210000038146973,7.230000019073486,7.210000038146973,7.230000019073486,1419.0
2023-06-16 11:36:00,NFE,29.450000762939453,29.450000762939453,29.450000762939453,29.450000762939453,29.450000762939453,336.0
2023-06-16 11:36:00,RGCO,21.43000030517578,21.43000030517578,21.450000762939453,21.43000030517578,21.450000762939453,1940.0
2023-06-16 11:36:00,RNW,6.114999771118164,6.114999771118164,6.114999771118164,6.114999771118164,6.114999771118164,218.0
2023-06-16 11:36:00,XEL,64.33000183105469,64.33000183105469,64.33999633789062,64.30000305175781,64.33999633789062,6658.0
2023-06-16 11:37:00,ADN,0.7001000046730042,0.7001000046730042,0.7001000046730042,0.7001000046730042,0.7001000046730042,128.0
2023-06-16 11:37:00,AEP,85.2249984741211,85.2249984741211,85.23999786376953,85.22000122070312,85.22000122070312,1660.0
2023-06-16 11:37:00,AY,23.8700008392334,23.8700008392334,23.889999389648438,23.8700008392334,23.889999389648438,3735.0
2023-06-16 11:37:00,CEG,93.37000274658203,93.37000274658203,93.45500183105469,93.37000274658203,93.45500183105469,2029.0
2023-06-16 11:37:00,EXC,41.135101318359375,41.135101318359375,41.154998779296875,41.135101318359375,41.14500045776367,2201.0
2023-06-16 11:37:00,FLNC,26.204999923706055,26.204999923706055,26.229999542236328,26.200000762939453,26.200000762939453,2418.0
2023-06-16 11:37:00,GWRS,12.600000381469727,12.600000381469727,12.609999656677246,12.600000381469727,12.609999656677246,2780.0
2023-06-16 11:37:00,LNT,54.02000045776367,54.02000045776367,54.02000045776367,54.0099983215332,54.01499938964844,1590.0
2023-06-16 11:37:00,MGEE,79.16999816894531,79.16999816894531,79.16999816894531,79.16999816894531,79.16999816894531,139.0
2023-06-16 11:37:00,NFE,29.420000076293945,29.420000076293945,29.440000534057617,29.420000076293945,29.440000534057617,675.0
2023-06-16 11:37:00,NWE,58.71500015258789,58.71500015258789,58.72999954223633,58.71500015258789,58.72999954223633,427.0
2023-06-16 11:37:00,RNW,6.110000133514404,6.110000133514404,6.110000133514404,6.110000133514404,6.110000133514404,187.0
2023-06-16 11:37:00,XEL,64.33499908447266,64.33499908447266,64.33999633789062,64.33000183105469,64.33999633789062,2981.0
2023-06-16 11:37:00,YORW,43.06999969482422,43.06999969482422,43.06999969482422,43.06999969482422,43.06999969482422,296.0
2023-06-16 11:38:00,ADN,0.7002000212669373,0.7002000212669373,0.7002000212669373,0.7002000212669373,0.7002000212669373,100.0
2023-06-16 11:38:00,AEP,85.16999816894531,85.16999816894531,85.22000122070312,85.16999816894531,85.22000122070312,3231.0
2023-06-16 11:38:00,ARTNA,49.5099983215332,49.5099983215332,49.5099983215332,49.5099983215332,49.5099983215332,155.0
2023-06-16 11:38:00,AY,23.860000610351562,23.860000610351562,23.860000610351562,23.860000610351562,23.860000610351562,478.0
2023-06-16 11:38:00,CEG,93.36000061035156,93.36000061035156,93.37000274658203,93.36000061035156,93.36000061035156,711.0
2023-06-16 11:38:00,EXC,41.099998474121094,41.099998474121094,41.1349983215332,41.099998474121094,41.1349983215332,3276.0
2023-06-16 11:38:00,FLNC,26.200000762939453,26.200000762939453,26.200000762939453,26.200000762939453,26.200000762939453,527.0
2023-06-16 11:38:00,GWRS,12.579999923706055,12.579999923706055,12.579999923706055,12.579999923706055,12.579999923706055,4991.0
2023-06-16 11:38:00,LNT,53.97999954223633,53.97999954223633,53.9900016784668,53.97999954223633,53.9900016784668,589.0
2023-06-16 11:38:00,MGEE,79.13500213623047,79.13500213623047,79.13500213623047,79.13500213623047,79.13500213623047,247.0
2023-06-16 11:38:00,MSEX,82.1500015258789,82.1500015258789,82.1500015258789,82.1500015258789,82.1500015258789,174.0
2023-06-16 11:38:00,NFE,29.399999618530273,29.399999618530273,29.405000686645508,29.399999618530273,29.405000686645508,499.0
2023-06-16 11:38:00,NWE,58.68000030517578,58.68000030517578,58.77000045776367,58.68000030517578,58.77000045776367,720.0
2023-06-16 11:38:00,OTTR,75.16000366210938,75.16000366210938,75.16000366210938,75.16000366210938,75.16000366210938,234.0
2023-06-16 11:38:00,RNW,6.114999771118164,6.114999771118164,6.114999771118164,6.114999771118164,6.114999771118164,194.0
2023-06-16 11:38:00,XEL,64.30370330810547,64.30370330810547,64.33499908447266,64.30370330810547,64.31999969482422,4876.0
2023-06-16 11:39:00,ADN,0.7002000212669373,0.7002000212669373,0.7002000212669373,0.7002000212669373,0.7002000212669373,211.0
2023-06-16 11:39:00,AEP,85.19999694824219,85.19999694824219,85.19999694824219,85.16899871826172,85.16899871826172,3493.0
2023-06-16 11:39:00,AY,23.840099334716797,23.840099334716797,23.850000381469727,23.840099334716797,23.850000381469727,423.0
2023-06-16 11:39:00,CEG,93.37000274658203,93.37000274658203,93.37000274658203,93.33000183105469,93.36000061035156,1971.0
2023-06-16 11:39:00,CWCO,22.322900772094727,22.322900772094727,22.322900772094727,22.322900772094727,22.322900772094727,347.0
2023-06-16 11:39:00,EXC,41.1150016784668,41.1150016784668,41.1150016784668,41.09000015258789,41.09000015258789,3944.0
2023-06-16 11:39:00,FLNC,26.140600204467773,26.140600204467773,26.209999084472656,26.140600204467773,26.209999084472656,1597.0
2023-06-16 11:39:00,LNT,53.970001220703125,53.970001220703125,53.970001220703125,53.959999084472656,53.959999084472656,935.0
2023-06-16 11:39:00,NFE,29.3700008392334,29.3700008392334,29.399999618530273,29.3700008392334,29.399999618530273,1614.0
2023-06-16 11:39:00,NWE,58.68000030517578,58.68000030517578,58.68000030517578,58.63999938964844,58.68000030517578,2621.0
2023-06-16 11:39:00,OTTR,75.11000061035156,75.11000061035156,75.1500015258789,75.11000061035156,75.1500015258789,383.0
2023-06-16 11:39:00,RNW,6.114999771118164,6.114999771118164,6.114999771118164,6.114999771118164,6.114999771118164,1118.0
2023-06-16 11:39:00,XEL,64.33999633789062,64.33999633789062,64.33999633789062,64.29000091552734,64.30000305175781,3308.0
2023-06-16 11:40:00,ADN,0.7006000280380249,0.7006000280380249,0.7006000280380249,0.7006000280380249,0.7006000280380249,105.0
2023-06-16 11:40:00,AEP,85.22699737548828,85.22699737548828,85.22989654541016,85.19999694824219,85.19999694824219,3458.0
2023-06-16 11:40:00,AY,23.860000610351562,23.860000610351562,23.860000610351562,23.860000610351562,23.860000610351562,278.0
2023-06-16 11:40:00,CEG,93.34190368652344,93.34190368652344,93.38999938964844,93.33000183105469,93.37000274658203,10532.0
2023-06-16 11:40:00,EXC,41.1349983215332,41.1349983215332,41.1349983215332,41.1150016784668,41.119998931884766,3346.0
2023-06-16 11:40:00,FLNC,26.131200790405273,26.131200790405273,26.170000076293945,26.131200790405273,26.170000076293945,2908.0
2023-06-16 11:40:00,LNT,54.005001068115234,54.005001068115234,54.0099983215332,53.9900016784668,53.9900016784668,1013.0
2023-06-16 11:40:00,NFE,29.3799991607666,29.3799991607666,29.3799991607666,29.360000610351562,29.3700008392334,2086.0
2023-06-16 11:40:00,NWE,58.75,58.75,58.779998779296875,58.709999084472656,58.709999084472656,1410.0
2023-06-16 11:40:00,RNW,6.11870002746582,6.11870002746582,6.11870002746582,6.11870002746582,6.11870002746582,4088.0
2023-06-16 11:40:00,XEL,64.36499786376953,64.36499786376953,64.38500213623047,64.3499984741211,64.3499984741211,4678.0
2023-06-16 11:41:00,ADN,0.7006000280380249,0.7006000280380249,0.7006000280380249,0.7006000280380249,0.7006000280380249,700.0
2023-06-16 11:41:00,AEP,85.21990203857422,85.21990203857422,85.21990203857422,85.19999694824219,85.21499633789062,2060.0
2023-06-16 11:41:00,AY,23.864999771118164,23.864999771118164,23.864999771118164,23.864999771118164,23.864999771118164,376.0
2023-06-16 11:41:00,CDZI,4.34499979019165,4.34499979019165,4.34499979019165,4.34499979019165,4.34499979019165,225.0
2023-06-16 11:41:00,CEG,93.38999938964844,93.38999938964844,93.3949966430664,93.32720184326172,93.33999633789062,6830.0
2023-06-16 11:41:00,CWCO,22.278799057006836,22.278799057006836,22.278799057006836,22.278799057006836,22.278799057006836,365.0
2023-06-16 11:41:00,EXC,41.1349983215332,41.1349983215332,41.14500045776367,41.130001068115234,41.13999938964844,3635.0
2023-06-16 11:41:00,FLNC,26.100000381469727,26.100000381469727,26.139999389648438,26.010000228881836,26.139999389648438,18722.0
2023-06-16 11:41:00,HTOO,2.215100049972534,2.215100049972534,2.215100049972534,2.215100049972534,2.215100049972534,100.0
2023-06-16 11:41:00,LNT,54.02000045776367,54.02000045776367,54.02000045776367,54.005001068115234,54.01499938964844,2482.0
2023-06-16 11:41:00,MNTK,7.230000019073486,7.230000019073486,7.230000019073486,7.21999979019165,7.21999979019165,1238.0
2023-06-16 11:41:00,NFE,29.3799991607666,29.3799991607666,29.38050079345703,29.3799991607666,29.38050079345703,500.0
2023-06-16 11:41:00,OTTR,75.19999694824219,75.19999694824219,75.19999694824219,75.19999694824219,75.19999694824219,241.0
2023-06-16 11:41:00,RNW,6.119999885559082,6.119999885559082,6.125,6.11959981918335,6.11959981918335,9535.0
2023-06-16 11:41:00,XEL,64.36000061035156,64.36000061035156,64.36499786376953,64.34290313720703,64.36000061035156,3543.0
2023-06-16 11:42:00,ADN,0.6901999711990356,0.6901999711990356,0.7009999752044678,0.6901999711990356,0.7001000046730042,6502.0
2023-06-16 11:42:00,AEP,85.2300033569336,85.2300033569336,85.2300033569336,85.20709991455078,85.20709991455078,1585.0
2023-06-16 11:42:00,CDZI,4.329999923706055,4.329999923706055,4.329999923706055,4.329999923706055,4.329999923706055,381.0
2023-06-16 11:42:00,CEG,93.37000274658203,93.37000274658203,93.37000274658203,93.37000274658203,93.37000274658203,775.0
2023-06-16 11:42:00,EXC,41.150001525878906,41.150001525878906,41.150001525878906,41.1349983215332,41.1349983215332,2780.0
2023-06-16 11:42:00,FLNC,26.111400604248047,26.111400604248047,26.13520050048828,26.06999969482422,26.09000015258789,4163.0
2023-06-16 11:42:00,HTOO,2.21589994430542,2.21589994430542,2.21589994430542,2.21589994430542,2.21589994430542,540.0
2023-06-16 11:42:00,LNT,54.00579833984375,54.00579833984375,54.0099983215332,54.00579833984375,54.0099983215332,949.0
2023-06-16 11:42:00,NFE,29.424999237060547,29.424999237060547,29.424999237060547,29.389999389648438,29.389999389648438,1433.0
2023-06-16 11:42:00,NWE,58.724998474121094,58.724998474121094,58.724998474121094,58.685001373291016,58.685001373291016,826.0
2023-06-16 11:42:00,RNW,6.15500020980835,6.15500020980835,6.15500020980835,6.119999885559082,6.119999885559082,7790.0
2023-06-16 11:42:00,XEL,64.37999725341797,64.37999725341797,64.37999725341797,64.37000274658203,64.37000274658203,1214.0
2023-06-16 11:43:00,ADN,0.6901999711990356,0.6901999711990356,0.6944000124931335,0.6901999711990356,0.6944000124931335,1568.0
2023-06-16 11:43:00,AEP,85.25,85.25,85.2699966430664,85.25,85.25,2213.0
2023-06-16 11:43:00,ARTNA,49.45000076293945,49.45000076293945,49.5,49.45000076293945,49.4900016784668,464.0
2023-06-16 11:43:00,AY,23.8799991607666,23.8799991607666,23.889999389648438,23.8799991607666,23.8799991607666,1932.0
2023-06-16 11:43:00,CDZI,4.340000152587891,4.340000152587891,4.340000152587891,4.340000152587891,4.340000152587891,144.0
2023-06-16 11:43:00,CEG,93.41000366210938,93.41000366210938,93.41999816894531,93.38999938964844,93.38999938964844,5398.0
2023-06-16 11:43:00,EXC,41.165000915527344,41.165000915527344,41.165000915527344,41.150001525878906,41.150001525878906,5250.0
2023-06-16 11:43:00,FLNC,26.100000381469727,26.100000381469727,26.179899215698242,26.100000381469727,26.110000610351562,932.0
2023-06-16 11:43:00,LNT,54.02000045776367,54.02000045776367,54.029998779296875,54.02000045776367,54.02000045776367,1331.0
2023-06-16 11:43:00,MNTK,7.230000019073486,7.230000019073486,7.230000019073486,7.230000019073486,7.230000019073486,244.0
2023-06-16 11:43:00,NFE,29.450000762939453,29.450000762939453,29.450000762939453,29.440000534057617,29.440000534057617,304.0
2023-06-16 11:43:00,OTTR,75.11000061035156,75.11000061035156,75.11000061035156,75.11000061035156,75.11000061035156,816.0
2023-06-16 11:43:00,RNW,6.159999847412109,6.159999847412109,6.164999961853027,6.15500020980835,6.159999847412109,7661.0
2023-06-16 11:43:00,XEL,64.38999938964844,64.38999938964844,64.3949966430664,64.37999725341797,64.37999725341797,3992.0
2023-06-16 11:44:00,AEP,85.23999786376953,85.23999786376953,85.23999786376953,85.21790313720703,85.23999786376953,1861.0
2023-06-16 11:44:00,AY,23.88800048828125,23.88800048828125,23.88800048828125,23.88800048828125,23.88800048828125,240.0
2023-06-16 11:44:00,CEG,93.41999816894531,93.41999816894531,93.41999816894531,93.41999816894531,93.41999816894531,1047.0
2023-06-16 11:44:00,EXC,41.15999984741211,41.15999984741211,41.16999816894531,41.15999984741211,41.16999816894531,388.0
2023-06-16 11:44:00,FLNC,26.155000686645508,26.155000686645508,26.155000686645508,26.139999389648438,26.139999389648438,676.0
2023-06-16 11:44:00,HTOO,2.2100000381469727,2.2100000381469727,2.2155001163482666,2.2100000381469727,2.2155001163482666,1334.0
2023-06-16 11:44:00,LNT,53.9900016784668,53.9900016784668,54.0099983215332,53.9900016784668,54.0099983215332,2145.0
2023-06-16 11:44:00,MNTK,7.230000019073486,7.230000019073486,7.230000019073486,7.230000019073486,7.230000019073486,488.0
2023-06-16 11:44:00,NFE,29.43000030517578,29.43000030517578,29.440000534057617,29.43000030517578,29.440000534057617,1091.0
2023-06-16 11:44:00,NWE,58.779998779296875,58.779998779296875,58.78499984741211,58.724998474121094,58.724998474121094,380.0
2023-06-16 11:44:00,RNW,6.139999866485596,6.139999866485596,6.159999847412109,6.139999866485596,6.150000095367432,10300.0
2023-06-16 11:44:00,XEL,64.37999725341797,64.37999725341797,64.38500213623047,64.37000274658203,64.38500213623047,3545.0
2023-06-16 11:45:00,ADN,0.6998990178108215,0.6998990178108215,0.6998990178108215,0.6901999711990356,0.6901999711990356,5100.0
2023-06-16 11:45:00,AEP,85.2750015258789,85.2750015258789,85.2938003540039,85.25,85.25,3565.0
2023-06-16 11:45:00,ARTNA,49.35499954223633,49.35499954223633,49.38999938964844,49.35499954223633,49.38999938964844,625.0
2023-06-16 11:45:00,AY,23.885000228881836,23.885000228881836,23.885000228881836,23.885000228881836,23.885000228881836,370.0
2023-06-16 11:45:00,CDZI,4.320000171661377,4.320000171661377,4.340000152587891,4.320000171661377,4.340000152587891,2806.0
2023-06-16 11:45:00,CEG,93.54000091552734,93.54000091552734,93.57499694824219,93.42500305175781,93.42500305175781,7036.0
2023-06-16 11:45:00,CWCO,22.270000457763672,22.270000457763672,22.270000457763672,22.270000457763672,22.270000457763672,196.0
2023-06-16 11:45:00,EXC,41.165000915527344,41.165000915527344,41.18000030517578,41.165000915527344,41.165000915527344,3616.0
2023-06-16 11:45:00,FLNC,26.207500457763672,26.207500457763672,26.219999313354492,26.170000076293945,26.170000076293945,1738.0
2023-06-16 11:45:00,HTOO,2.2188000679016113,2.2188000679016113,2.2200000286102295,2.2188000679016113,2.2200000286102295,400.0
2023-06-16 11:45:00,LNT,54.02000045776367,54.02000045776367,54.02000045776367,53.994998931884766,53.994998931884766,2037.0
2023-06-16 11:45:00,MNTK,7.239999771118164,7.239999771118164,7.239999771118164,7.239999771118164,7.239999771118164,101.0
2023-06-16 11:45:00,NFE,29.440000534057617,29.440000534057617,29.440000534057617,29.440000534057617,29.440000534057617,470.0
2023-06-16 11:45:00,RNW,6.139500141143799,6.139500141143799,6.139500141143799,6.139500141143799,6.139500141143799,832.0
2023-06-16 11:45:00,VIA,11.03499984741211,11.03499984741211,11.03499984741211,11.03499984741211,11.03499984741211,310.0
2023-06-16 11:45:00,XEL,64.4000015258789,64.4000015258789,64.40499877929688,64.38999938964844,64.38999938964844,1778.0
2023-06-16 11:46:00,ADN,0.6980000138282776,0.6980000138282776,0.6998990178108215,0.6949999928474426,0.6949999928474426,1067.0
2023-06-16 11:46:00,AEP,85.26499938964844,85.26499938964844,85.26499938964844,85.23999786376953,85.26000213623047,1038.0
2023-06-16 11:46:00,AY,23.8799991607666,23.8799991607666,23.889999389648438,23.8799991607666,23.889999389648438,685.0
2023-06-16 11:46:00,CDZI,4.300000190734863,4.300000190734863,4.309999942779541,4.289999961853027,4.309999942779541,3956.0
2023-06-16 11:46:00,CEG,93.51000213623047,93.51000213623047,93.5199966430664,93.4800033569336,93.5,3159.0
2023-06-16 11:46:00,CWCO,22.299999237060547,22.299999237060547,22.31999969482422,22.299999237060547,22.31999969482422,330.0
2023-06-16 11:46:00,EXC,41.15999984741211,41.15999984741211,41.165000915527344,41.15999984741211,41.165000915527344,3241.0
2023-06-16 11:46:00,FLNC,26.100000381469727,26.100000381469727,26.204999923706055,26.079999923706055,26.204999923706055,3284.0
2023-06-16 11:46:00,HTOO,2.219899892807007,2.219899892807007,2.219899892807007,2.219899892807007,2.219899892807007,1001.0
2023-06-16 11:46:00,LNT,54.0,54.0,54.0,53.9900016784668,54.0,1221.0
2023-06-16 11:46:00,MNTK,7.210000038146973,7.210000038146973,7.21999979019165,7.210000038146973,7.21999979019165,1383.0
2023-06-16 11:46:00,NFE,29.40999984741211,29.40999984741211,29.43000030517578,29.40999984741211,29.43000030517578,1088.0
2023-06-16 11:46:00,NWE,58.790000915527344,58.790000915527344,58.790000915527344,58.790000915527344,58.790000915527344,1595.0
2023-06-16 11:46:00,RNW,6.150000095367432,6.150000095367432,6.150000095367432,6.139999866485596,6.139999866485596,4053.0
2023-06-16 11:46:00,XEL,64.37999725341797,64.37999725341797,64.4000015258789,64.375,64.38999938964844,3089.0
2023-06-16 11:47:00,ADN,0.6949999928474426,0.6949999928474426,0.6998999714851379,0.6949999928474426,0.6980000138282776,5320.0
2023-06-16 11:47:00,AEP,85.25990295410156,85.25990295410156,85.2698974609375,85.23500061035156,85.23500061035156,3582.0
2023-06-16 11:47:00,ARTNA,49.5,49.5,49.5,49.5,49.5,110.0
2023-06-16 11:47:00,AY,23.8799991607666,23.8799991607666,23.8799991607666,23.8799991607666,23.8799991607666,246.0
2023-06-16 11:47:00,CEG,93.4800033569336,93.4800033569336,93.5,93.44000244140625,93.5,1803.0
2023-06-16 11:47:00,CWCO,22.290000915527344,22.290000915527344,22.290000915527344,22.290000915527344,22.290000915527344,480.0
2023-06-16 11:47:00,EXC,41.165000915527344,41.165000915527344,41.165000915527344,41.150001525878906,41.150001525878906,3198.0
2023-06-16 11:47:00,FLNC,26.1200008392334,26.1200008392334,26.149999618530273,26.079999923706055,26.079999923706055,2358.0
2023-06-16 11:47:00,LNT,54.0,54.0,54.0,53.97999954223633,53.97999954223633,1610.0
2023-06-16 11:47:00,MNTK,7.199999809265137,7.199999809265137,7.199999809265137,7.199999809265137,7.199999809265137,818.0
2023-06-16 11:47:00,RNW,6.144999980926514,6.144999980926514,6.144999980926514,6.144999980926514,6.144999980926514,605.0
2023-06-16 11:47:00,XEL,64.38999938964844,64.38999938964844,64.38999938964844,64.36000061035156,64.37000274658203,1464.0
2023-06-16 11:48:00,ADN,0.6901000142097473,0.6901000142097473,0.6901000142097473,0.6901000142097473,0.6901000142097473,2195.0
2023-06-16 11:48:00,AEP,85.2699966430664,85.2699966430664,85.2699966430664,85.25,85.2593994140625,6437.0
2023-06-16 11:48:00,AEPPZ,49.33000183105469,49.33000183105469,49.33000183105469,49.33000183105469,49.33000183105469,136.0
2023-06-16 11:48:00,ARTNA,49.418399810791016,49.418399810791016,49.418399810791016,49.418399810791016,49.418399810791016,179.0
2023-06-16 11:48:00,CDZI,4.289999961853027,4.289999961853027,4.289999961853027,4.289999961853027,4.289999961853027,283.0
2023-06-16 11:48:00,CEG,93.5250015258789,93.5250015258789,93.5250015258789,93.4749984741211,93.4749984741211,2794.0
2023-06-16 11:48:00,EXC,41.165000915527344,41.165000915527344,41.165000915527344,41.16230010986328,41.165000915527344,2467.0
2023-06-16 11:48:00,FLNC,26.070100784301758,26.070100784301758,26.114999771118164,26.070100784301758,26.114999771118164,1865.0
2023-06-16 11:48:00,HTOO,2.2067999839782715,2.2067999839782715,2.2067999839782715,2.2067999839782715,2.2067999839782715,1031.0
2023-06-16 11:48:00,LNT,53.9900016784668,53.9900016784668,54.0,53.9900016784668,53.9900016784668,1036.0
2023-06-16 11:48:00,NFE,29.389999389648438,29.389999389648438,29.40999984741211,29.389999389648438,29.40999984741211,919.0
2023-06-16 11:48:00,PCYO,10.539999961853027,10.539999961853027,10.539999961853027,10.539999961853027,10.539999961853027,438.0
2023-06-16 11:48:00,XEL,64.4000015258789,64.4000015258789,64.4000015258789,64.38999938964844,64.38999938964844,2620.0
2023-06-16 11:49:00,ADN,0.6919999718666077,0.6919999718666077,0.6920999884605408,0.6901000142097473,0.6901000142097473,2481.0
2023-06-16 11:49:00,AEP,85.30999755859375,85.30999755859375,85.30999755859375,85.27999877929688,85.27999877929688,2494.0
2023-06-16 11:49:00,AY,23.892099380493164,23.892099380493164,23.892099380493164,23.889999389648438,23.889999389648438,993.0
2023-06-16 11:49:00,CEG,93.54499816894531,93.54499816894531,93.55999755859375,93.48999786376953,93.48999786376953,2623.0
2023-06-16 11:49:00,CWCO,22.334999084472656,22.334999084472656,22.34000015258789,22.31999969482422,22.34000015258789,1160.0
2023-06-16 11:49:00,EXC,41.20000076293945,41.20000076293945,41.20000076293945,41.16999816894531,41.16999816894531,4887.0
2023-06-16 11:49:00,FLNC,26.024999618530273,26.024999618530273,26.084999084472656,26.020000457763672,26.084999084472656,3702.0
2023-06-16 11:49:00,GWRS,12.5,12.5,12.5,12.5,12.5,291.0
2023-06-16 11:49:00,LNT,54.029998779296875,54.029998779296875,54.029998779296875,54.0,54.0,2145.0
2023-06-16 11:49:00,MNTK,7.199999809265137,7.199999809265137,7.199999809265137,7.199999809265137,7.199999809265137,167.0
2023-06-16 11:49:00,NFE,29.40999984741211,29.40999984741211,29.40999984741211,29.399999618530273,29.399999618530273,514.0
2023-06-16 11:49:00,RNW,6.144999980926514,6.144999980926514,6.144999980926514,6.144999980926514,6.144999980926514,100.0
2023-06-16 11:49:00,XEL,64.44000244140625,64.44000244140625,64.44000244140625,64.41000366210938,64.41000366210938,4344.0
2023-06-16 11:50:00,ADN,0.6959999799728394,0.6959999799728394,0.6959999799728394,0.6959999799728394,0.6959999799728394,134.0
2023-06-16 11:50:00,AEP,85.33000183105469,85.33000183105469,85.33999633789062,85.33000183105469,85.33999633789062,1517.0
2023-06-16 11:50:00,ARTNA,49.40999984741211,49.40999984741211,49.40999984741211,49.40999984741211,49.40999984741211,703.0
2023-06-16 11:50:00,AY,23.889999389648438,23.889999389648438,23.895000457763672,23.889999389648438,23.895000457763672,2236.0
2023-06-16 11:50:00,CDZI,4.295000076293945,4.295000076293945,4.295000076293945,4.295000076293945,4.295000076293945,123.0
2023-06-16 11:50:00,CEG,93.5,93.5,93.54499816894531,93.5,93.54499816894531,2815.0
2023-06-16 11:50:00,CREG,1.9900000095367432,1.9900000095367432,1.9900000095367432,1.9900000095367432,1.9900000095367432,150.0
2023-06-16 11:50:00,CWCO,22.344999313354492,22.344999313354492,22.3700008392334,22.344999313354492,22.3700008392334,887.0
2023-06-16 11:50:00,EXC,41.2047004699707,41.2047004699707,41.209999084472656,41.19499969482422,41.20500183105469,5535.0
2023-06-16 11:50:00,FLNC,25.985200881958008,25.985200881958008,26.06999969482422,25.959999084472656,26.024999618530273,18719.0
2023-06-16 11:50:00,LNT,54.02000045776367,54.02000045776367,54.040000915527344,54.01499938964844,54.040000915527344,1889.0
2023-06-16 11:50:00,MGEE,79.2699966430664,79.2699966430664,79.2699966430664,79.2699966430664,79.2699966430664,916.0
2023-06-16 11:50:00,MNTK,7.210000038146973,7.210000038146973,7.210000038146973,7.210000038146973,7.210000038146973,382.0
2023-06-16 11:50:00,MSEX,81.95999908447266,81.95999908447266,81.95999908447266,81.95999908447266,81.95999908447266,213.0
2023-06-16 11:50:00,NFE,29.3700008392334,29.3700008392334,29.399999618530273,29.3700008392334,29.399999618530273,1510.0
2023-06-16 11:50:00,NWE,58.779998779296875,58.779998779296875,58.779998779296875,58.779998779296875,58.779998779296875,298.0
2023-06-16 11:50:00,RNW,6.190000057220459,6.190000057220459,6.199999809265137,6.140900135040283,6.150000095367432,14404.0
2023-06-16 11:50:00,XEL,64.43000030517578,64.43000030517578,64.44499969482422,64.41000366210938,64.43499755859375,4570.0
2023-06-16 11:51:00,AEP,85.33999633789062,85.33999633789062,85.33999633789062,85.33000183105469,85.33000183105469,810.0
2023-06-16 11:51:00,AY,23.88990020751953,23.88990020751953,23.88990020751953,23.88990020751953,23.88990020751953,401.0
2023-06-16 11:51:00,CEG,93.50499725341797,93.50499725341797,93.51000213623047,93.5,93.51000213623047,2394.0
2023-06-16 11:51:00,EXC,41.20000076293945,41.20000076293945,41.20500183105469,41.20000076293945,41.20000076293945,2712.0
2023-06-16 11:51:00,FLNC,26.020000457763672,26.020000457763672,26.020000457763672,25.959999084472656,25.969999313354492,4560.0
2023-06-16 11:51:00,LNT,54.040000915527344,54.040000915527344,54.040000915527344,54.025001525878906,54.029998779296875,1744.0
2023-06-16 11:51:00,MNTK,7.210000038146973,7.210000038146973,7.210000038146973,7.210000038146973,7.210000038146973,307.0
2023-06-16 11:51:00,NFE,29.350000381469727,29.350000381469727,29.350000381469727,29.350000381469727,29.350000381469727,276.0
2023-06-16 11:51:00,NWE,58.790000915527344,58.790000915527344,58.790000915527344,58.779998779296875,58.779998779296875,986.0
2023-06-16 11:51:00,RNW,6.199999809265137,6.199999809265137,6.199999809265137,6.189899921417236,6.199999809265137,17981.0
2023-06-16 11:51:00,XEL,64.46499633789062,64.46499633789062,64.46499633789062,64.42500305175781,64.43000030517578,4723.0
2023-06-16 11:52:00,ADN,0.6919999718666077,0.6919999718666077,0.6959999799728394,0.6919999718666077,0.6959999799728394,200.0
2023-06-16 11:52:00,AEP,85.37010192871094,85.37010192871094,85.37899780273438,85.36000061035156,85.37000274658203,2505.0
2023-06-16 11:52:00,AEPPZ,49.369998931884766,49.369998931884766,49.369998931884766,49.369998931884766,49.369998931884766,286.0
2023-06-16 11:52:00,AY,23.889999389648438,23.889999389648438,23.889999389648438,23.889999389648438,23.889999389648438,203.0
2023-06-16 11:52:00,CEG,93.51000213623047,93.51000213623047,93.5199966430664,93.48999786376953,93.51000213623047,1333.0
2023-06-16 11:52:00,CREG,1.9950000047683716,1.9950000047683716,2.0,1.9950000047683716,1.9950000047683716,414.0
2023-06-16 11:52:00,EXC,41.224998474121094,41.224998474121094,41.224998474121094,41.209999084472656,41.209999084472656,3734.0
2023-06-16 11:52:00,FLNC,26.040000915527344,26.040000915527344,26.049999237060547,26.0,26.030000686645508,5626.0
2023-06-16 11:52:00,LNT,54.06999969482422,54.06999969482422,54.06999969482422,54.04999923706055,54.04999923706055,1299.0
2023-06-16 11:52:00,NFE,29.360000610351562,29.360000610351562,29.360000610351562,29.34000015258789,29.34000015258789,1806.0
2023-06-16 11:52:00,PCYO,10.550000190734863,10.550000190734863,10.550000190734863,10.550000190734863,10.550000190734863,100.0
2023-06-16 11:52:00,RNW,6.199999809265137,6.199999809265137,6.199999809265137,6.195000171661377,6.199999809265137,2924.0
2023-06-16 11:52:00,XEL,64.5,64.5,64.5,64.4800033569336,64.4800033569336,2502.0
2023-06-16 11:53:00,ADN,0.690500020980835,0.690500020980835,0.6949999928474426,0.6899999976158142,0.6949999928474426,3641.0
2023-06-16 11:53:00,AEP,85.41999816894531,85.41999816894531,85.41999816894531,85.38999938964844,85.38999938964844,1462.0
2023-06-16 11:53:00,AY,23.90999984741211,23.90999984741211,23.90999984741211,23.90999984741211,23.90999984741211,601.0
2023-06-16 11:53:00,CDZI,4.300000190734863,4.300000190734863,4.300000190734863,4.289999961853027,4.289999961853027,1246.0
2023-06-16 11:53:00,CEG,93.51000213623047,93.51000213623047,93.52999877929688,93.51000213623047,93.51499938964844,2431.0
2023-06-16 11:53:00,EXC,41.2400016784668,41.2400016784668,41.2400016784668,41.22999954223633,41.22999954223633,2927.0
2023-06-16 11:53:00,FLNC,26.065000534057617,26.065000534057617,26.079999923706055,26.030000686645508,26.045000076293945,7587.0
2023-06-16 11:53:00,LNT,54.08000183105469,54.08000183105469,54.08000183105469,54.06999969482422,54.06999969482422,858.0
2023-06-16 11:53:00,MNTK,7.190000057220459,7.190000057220459,7.199999809265137,7.190000057220459,7.199999809265137,323.0
2023-06-16 11:53:00,NFE,29.3700008392334,29.3700008392334,29.3700008392334,29.360000610351562,29.360000610351562,524.0
2023-06-16 11:53:00,NWE,58.83000183105469,58.83000183105469,58.83000183105469,58.83000183105469,58.83000183105469,793.0
2023-06-16 11:53:00,RNW,6.199999809265137,6.199999809265137,6.199999809265137,6.199999809265137,6.199999809265137,612.0
2023-06-16 11:53:00,XEL,64.53500366210938,64.53500366210938,64.54000091552734,64.5,64.5,3919.0
2023-06-16 11:54:00,ADN,0.6901000142097473,0.6901000142097473,0.6901000142097473,0.6901000142097473,0.6901000142097473,695.0
2023-06-16 11:54:00,AEP,85.41999816894531,85.41999816894531,85.4365005493164,85.41000366210938,85.43000030517578,2609.0
2023-06-16 11:54:00,AY,23.90999984741211,23.90999984741211,23.92329978942871,23.90999984741211,23.92329978942871,649.0
2023-06-16 11:54:00,CDZI,4.309999942779541,4.309999942779541,4.309999942779541,4.300000190734863,4.300000190734863,1188.0
2023-06-16 11:54:00,CEG,93.52999877929688,93.52999877929688,93.52999877929688,93.48999786376953,93.51000213623047,4434.0
2023-06-16 11:54:00,CWCO,22.34000015258789,22.34000015258789,22.34000015258789,22.34000015258789,22.34000015258789,340.0
2023-06-16 11:54:00,EXC,41.2400016784668,41.2400016784668,41.25,41.220001220703125,41.23500061035156,7261.0
2023-06-16 11:54:00,FLNC,26.264999389648438,26.264999389648438,26.264999389648438,26.059999465942383,26.059999465942383,14272.0
2023-06-16 11:54:00,LNT,54.06999969482422,54.06999969482422,54.09000015258789,54.06999969482422,54.09000015258789,2625.0
2023-06-16 11:54:00,NFE,29.390199661254883,29.390199661254883,29.395000457763672,29.36949920654297,29.3700008392334,2642.0
2023-06-16 11:54:00,NWE,58.86000061035156,58.86000061035156,58.86000061035156,58.86000061035156,58.86000061035156,238.0
2023-06-16 11:54:00,PCYO,10.539999961853027,10.539999961853027,10.539999961853027,10.539999961853027,10.539999961853027,663.0
2023-06-16 11:54:00,RNW,6.199999809265137,6.199999809265137,6.199999809265137,6.190000057220459,6.197999954223633,2491.0
2023-06-16 11:54:00,XEL,64.5199966430664,64.5199966430664,64.54499816894531,64.51000213623047,64.54000091552734,4056.0
2023-06-16 11:55:00,ADN,0.6999989748001099,0.6999989748001099,0.6999989748001099,0.6915000081062317,0.6915000081062317,400.0
2023-06-16 11:55:00,AEP,85.37999725341797,85.37999725341797,85.43000030517578,85.37999725341797,85.43000030517578,3157.0
2023-06-16 11:55:00,AY,23.920000076293945,23.920000076293945,23.920000076293945,23.90999984741211,23.90999984741211,1175.0
2023-06-16 11:55:00,CDZI,4.319799900054932,4.319799900054932,4.319799900054932,4.319799900054932,4.319799900054932,353.0
2023-06-16 11:55:00,CEG,93.55000305175781,93.55000305175781,93.55000305175781,93.5199966430664,93.52999877929688,6536.0
2023-06-16 11:55:00,EXC,41.22999954223633,41.22999954223633,41.244998931884766,41.22999954223633,41.2400016784668,7378.0
2023-06-16 11:55:00,FLNC,26.25,26.25,26.270000457763672,26.229999542236328,26.270000457763672,3152.0
2023-06-16 11:55:00,LNT,54.06999969482422,54.06999969482422,54.08000183105469,54.06999969482422,54.08000183105469,1297.0
2023-06-16 11:55:00,NFE,29.3799991607666,29.3799991607666,29.399999618530273,29.3799991607666,29.391199111938477,1497.0
2023-06-16 11:55:00,NWE,58.869998931884766,58.869998931884766,58.869998931884766,58.869998931884766,58.869998931884766,564.0
2023-06-16 11:55:00,OTTR,75.15499877929688,75.15499877929688,75.19999694824219,75.15499877929688,75.18000030517578,1664.0
2023-06-16 11:55:00,RNW,6.190000057220459,6.190000057220459,6.199999809265137,6.190000057220459,6.197999954223633,867.0
2023-06-16 11:55:00,XEL,64.5,64.5,64.5199966430664,64.48999786376953,64.51499938964844,4999.0
2023-06-16 11:55:00,YORW,42.97999954223633,42.97999954223633,42.97999954223633,42.97999954223633,42.97999954223633,762.0
2023-06-16 11:56:00,ADN,0.6957499980926514,0.6957499980926514,0.6957499980926514,0.6915000081062317,0.6915000081062317,4200.0
2023-06-16 11:56:00,AEP,85.43000030517578,85.43000030517578,85.44000244140625,85.43000030517578,85.44000244140625,1077.0
2023-06-16 11:56:00,AY,23.93000030517578,23.93000030517578,23.93000030517578,23.90999984741211,23.90999984741211,1866.0
2023-06-16 11:56:00,CDZI,4.324999809265137,4.324999809265137,4.324999809265137,4.324999809265137,4.324999809265137,101.0
2023-06-16 11:56:00,CEG,93.56999969482422,93.56999969482422,93.5999984741211,93.55999755859375,93.58000183105469,4897.0
2023-06-16 11:56:00,CWCO,22.3700008392334,22.3700008392334,22.3700008392334,22.34000015258789,22.34000015258789,993.0
2023-06-16 11:56:00,EXC,41.255001068115234,41.255001068115234,41.255001068115234,41.22999954223633,41.22999954223633,4054.0
2023-06-16 11:56:00,FLNC,26.2450008392334,26.2450008392334,26.270000457763672,26.230100631713867,26.239999771118164,4237.0
2023-06-16 11:56:00,LNT,54.10499954223633,54.10499954223633,54.10499954223633,54.08000183105469,54.08000183105469,1551.0
2023-06-16 11:56:00,MNTK,7.199999809265137,7.199999809265137,7.210000038146973,7.199999809265137,7.210000038146973,200.0
2023-06-16 11:56:00,NFE,29.389999389648438,29.389999389648438,29.395000457763672,29.389999389648438,29.389999389648438,938.0
2023-06-16 11:56:00,NWE,58.900001525878906,58.900001525878906,58.900001525878906,58.869998931884766,58.869998931884766,685.0
2023-06-16 11:56:00,RNW,6.199999809265137,6.199999809265137,6.199999809265137,6.199999809265137,6.199999809265137,213.0
2023-06-16 11:56:00,VIA,11.033100128173828,11.033100128173828,11.033100128173828,11.033100128173828,11.033100128173828,602.0
2023-06-16 11:56:00,XEL,64.5250015258789,64.5250015258789,64.52999877929688,64.51000213623047,64.5199966430664,1566.0
2023-06-16 11:57:00,ADN,0.6915000081062317,0.6915000081062317,0.6915000081062317,0.6915000081062317,0.6915000081062317,102.0
2023-06-16 11:57:00,AEP,85.42829895019531,85.42829895019531,85.42829895019531,85.41999816894531,85.41999816894531,1438.0
2023-06-16 11:57:00,AY,23.93000030517578,23.93000030517578,23.93000030517578,23.920000076293945,23.920000076293945,1375.0
2023-06-16 11:57:00,CEG,93.52999877929688,93.52999877929688,93.56999969482422,93.52999877929688,93.56999969482422,1827.0
2023-06-16 11:57:00,CREG,1.9701000452041626,1.9701000452041626,1.9701000452041626,1.9701000452041626,1.9701000452041626,888.0
2023-06-16 11:57:00,EXC,41.25,41.25,41.2599983215332,41.23500061035156,41.25,5790.0
2023-06-16 11:57:00,FLNC,26.24489974975586,26.24489974975586,26.2450008392334,26.24489974975586,26.2450008392334,1353.0
2023-06-16 11:57:00,LNT,54.095001220703125,54.095001220703125,54.099998474121094,54.095001220703125,54.099998474121094,506.0
2023-06-16 11:57:00,MNTK,7.199999809265137,7.199999809265137,7.199999809265137,7.199999809265137,7.199999809265137,465.0
2023-06-16 11:57:00,NFE,29.3799991607666,29.3799991607666,29.3799991607666,29.3799991607666,29.3799991607666,378.0
2023-06-16 11:57:00,RNW,6.199999809265137,6.199999809265137,6.204999923706055,6.199999809265137,6.199999809265137,3068.0
2023-06-16 11:57:00,XEL,64.51499938964844,64.51499938964844,64.5199966430664,64.50499725341797,64.5199966430664,4390.0
2023-06-16 11:58:00,ADN,0.6915000081062317,0.6915000081062317,0.6915000081062317,0.6915000081062317,0.6915000081062317,100.0
2023-06-16 11:58:00,AEP,85.37999725341797,85.37999725341797,85.41500091552734,85.37999725341797,85.41500091552734,2273.0
2023-06-16 11:58:00,CDZIP,15.750100135803223,15.750100135803223,15.750100135803223,15.75,15.75,0.0
2023-06-16 11:58:00,CEG,93.5199966430664,93.5199966430664,93.55500030517578,93.5199966430664,93.55000305175781,1484.0
2023-06-16 11:58:00,EXC,41.244998931884766,41.244998931884766,41.2599983215332,41.2400016784668,41.25,14215.0
2023-06-16 11:58:00,FLNC,26.250900268554688,26.250900268554688,26.250900268554688,26.2450008392334,26.25,2298.0
2023-06-16 11:58:00,LNT,54.060001373291016,54.060001373291016,54.099998474121094,54.05500030517578,54.099998474121094,1318.0
2023-06-16 11:58:00,MNTK,7.199999809265137,7.199999809265137,7.210000038146973,7.199999809265137,7.210000038146973,2181.0
2023-06-16 11:58:00,NFE,29.375,29.375,29.3799991607666,29.360000610351562,29.3799991607666,1925.0
2023-06-16 11:58:00,NWE,58.869998931884766,58.869998931884766,58.91999816894531,58.849998474121094,58.90999984741211,1119.0
2023-06-16 11:58:00,OTTR,75.19000244140625,75.19000244140625,75.19000244140625,75.19000244140625,75.19000244140625,463.0
2023-06-16 11:58:00,RNW,6.204999923706055,6.204999923706055,6.204999923706055,6.204999923706055,6.204999923706055,112.0
2023-06-16 11:58:00,XEL,64.47000122070312,64.47000122070312,64.51000213623047,64.45999908447266,64.5,6057.0
2023-06-16 11:59:00,ADN,0.6915000081062317,0.6915000081062317,0.6955000162124634,0.6915000081062317,0.6955000162124634,340.0
2023-06-16 11:59:00,AEP,85.4000015258789,85.4000015258789,85.4000015258789,85.38999938964844,85.4000015258789,2427.0
2023-06-16 11:59:00,AY,23.93000030517578,23.93000030517578,23.93000030517578,23.93000030517578,23.93000030517578,133.0
2023-06-16 11:59:00,CEG,93.58999633789062,93.58999633789062,93.5999984741211,93.52999877929688,93.54000091552734,6167.0
2023-06-16 11:59:00,EXC,41.2599983215332,41.2599983215332,41.2599983215332,41.25,41.25,9406.0
2023-06-16 11:59:00,FLNC,26.239999771118164,26.239999771118164,26.260000228881836,26.229999542236328,26.260000228881836,4962.0
2023-06-16 11:59:00,LNT,54.06999969482422,54.06999969482422,54.06999969482422,54.064998626708984,54.064998626708984,455.0
2023-06-16 11:59:00,MGEE,79.20999908447266,79.20999908447266,79.20999908447266,79.20999908447266,79.20999908447266,268.0
2023-06-16 11:59:00,MNTK,7.210000038146973,7.210000038146973,7.210000038146973,7.199999809265137,7.199999809265137,557.0
2023-06-16 11:59:00,MSEX,82.16999816894531,82.16999816894531,82.16999816894531,82.16999816894531,82.16999816894531,808.0
2023-06-16 11:59:00,NFE,29.399999618530273,29.399999618530273,29.399999618530273,29.3799991607666,29.3799991607666,1693.0
2023-06-16 11:59:00,NWE,58.869998931884766,58.869998931884766,58.869998931884766,58.869998931884766,58.869998931884766,364.0
2023-06-16 11:59:00,RNW,6.199999809265137,6.199999809265137,6.204999923706055,6.199999809265137,6.204999923706055,2595.0
2023-06-16 11:59:00,VIA,11.010000228881836,11.010000228881836,11.010000228881836,11.010000228881836,11.010000228881836,264.0
2023-06-16 11:59:00,XEL,64.4800033569336,64.4800033569336,64.48999786376953,64.46499633789062,64.4800033569336,5209.0
2023-06-16 12:00:00,ADN,0.6915000081062317,0.6915000081062317,0.6915000081062317,0.6915000081062317,0.6915000081062317,100.0
2023-06-16 12:00:00,AEP,85.41999816894531,85.41999816894531,85.42500305175781,85.41000366210938,85.41000366210938,1500.0
2023-06-16 12:00:00,AY,23.94499969482422,23.94499969482422,23.950000762939453,23.924999237060547,23.924999237060547,1222.0
2023-06-16 12:00:00,CEG,93.70349884033203,93.70349884033203,93.72000122070312,93.5999984741211,93.5999984741211,5943.0
2023-06-16 12:00:00,EXC,41.279998779296875,41.279998779296875,41.290000915527344,41.27000045776367,41.27000045776367,6731.0
2023-06-16 12:00:00,FLNC,26.244400024414062,26.244400024414062,26.25,26.219999313354492,26.25,3406.0
2023-06-16 12:00:00,GWRS,12.510000228881836,12.510000228881836,12.510000228881836,12.5,12.5,613.0
2023-06-16 12:00:00,LNT,54.08000183105469,54.08000183105469,54.08000183105469,54.06999969482422,54.06999969482422,1189.0
2023-06-16 12:00:00,MGEE,79.30000305175781,79.30000305175781,79.30000305175781,79.30000305175781,79.30000305175781,317.0
2023-06-16 12:00:00,NFE,29.399999618530273,29.399999618530273,29.399999618530273,29.399999618530273,29.399999618530273,597.0
2023-06-16 12:00:00,OTTR,75.2699966430664,75.2699966430664,75.2699966430664,75.2699966430664,75.2699966430664,350.0
2023-06-16 12:00:00,RNW,6.195000171661377,6.195000171661377,6.204999923706055,6.190000057220459,6.199999809265137,6767.0
2023-06-16 12:00:00,XEL,64.45500183105469,64.45500183105469,64.5,64.45500183105469,64.48999786376953,5632.0
2023-06-16 12:01:00,ADN,0.6915000081062317,0.6915000081062317,0.6915000081062317,0.6915000081062317,0.6915000081062317,100.0
2023-06-16 12:01:00,AEP,85.37000274658203,85.37000274658203,85.4000015258789,85.37000274658203,85.4000015258789,1533.0
2023-06-16 12:01:00,AY,23.915000915527344,23.915000915527344,23.93000030517578,23.915000915527344,23.93000030517578,1180.0
2023-06-16 12:01:00,CEG,93.70999908447266,93.70999908447266,93.73999786376953,93.70999908447266,93.72000122070312,1381.0
2023-06-16 12:01:00,EXC,41.25,41.25,41.27000045776367,41.244998931884766,41.27000045776367,8712.0
2023-06-16 12:01:00,FLNC,26.209999084472656,26.209999084472656,26.25,26.209999084472656,26.239999771118164,1594.0
2023-06-16 12:01:00,LNT,54.029998779296875,54.029998779296875,54.08000183105469,54.029998779296875,54.08000183105469,2405.0
2023-06-16 12:01:00,MNTK,7.210000038146973,7.210000038146973,7.210000038146973,7.210000038146973,7.210000038146973,1030.0
2023-06-16 12:01:00,NFE,29.389999389648438,29.389999389648438,29.399999618530273,29.385000228881836,29.399999618530273,1225.0
2023-06-16 12:01:00,NWE,58.900001525878906,58.900001525878906,58.900001525878906,58.900001525878906,58.900001525878906,253.0
2023-06-16 12:01:00,OTTR,75.30999755859375,75.30999755859375,75.30999755859375,75.30999755859375,75.30999755859375,365.0
2023-06-16 12:01:00,XEL,64.41999816894531,64.41999816894531,64.46499633789062,64.41999816894531,64.45500183105469,4170.0
2023-06-16 12:02:00,ADN,0.6915000081062317,0.6915000081062317,0.6941999793052673,0.6915000081062317,0.6941999793052673,200.0
2023-06-16 12:02:00,AEP,85.33999633789062,85.33999633789062,85.33999633789062,85.33999633789062,85.33999633789062,1695.0
2023-06-16 12:02:00,CEG,93.72000122070312,93.72000122070312,93.72000122070312,93.72000122070312,93.72000122070312,472.0
2023-06-16 12:02:00,EXC,41.255001068115234,41.255001068115234,41.2599983215332,41.244998931884766,41.255001068115234,5348.0
2023-06-16 12:02:00,FLNC,26.229999542236328,26.229999542236328,26.229999542236328,26.209999084472656,26.219999313354492,1484.0
2023-06-16 12:02:00,LNT,54.029998779296875,54.029998779296875,54.029998779296875,54.029998779296875,54.029998779296875,796.0
2023-06-16 12:02:00,MGEE,79.20999908447266,79.20999908447266,79.29000091552734,79.20999908447266,79.23999786376953,889.0
2023-06-16 12:02:00,NFE,29.3799991607666,29.3799991607666,29.389999389648438,29.375,29.389999389648438,842.0
2023-06-16 12:02:00,NWE,58.900001525878906,58.900001525878906,58.900001525878906,58.900001525878906,58.900001525878906,311.0
2023-06-16 12:02:00,RNW,6.199999809265137,6.199999809265137,6.199999809265137,6.190800189971924,6.190800189971924,3388.0
2023-06-16 12:02:00,VIA,11.002099990844727,11.002099990844727,11.002099990844727,11.002099990844727,11.002099990844727,170.0
2023-06-16 12:02:00,XEL,64.40499877929688,64.40499877929688,64.43000030517578,64.40499877929688,64.43000030517578,8473.0
2023-06-16 12:03:00,ADN,0.6958000063896179,0.6958000063896179,0.6958000063896179,0.6915000081062317,0.6957499980926514,453.0
2023-06-16 12:03:00,AEP,85.29609680175781,85.29609680175781,85.30999755859375,85.29000091552734,85.30000305175781,1607.0
2023-06-16 12:03:00,AY,23.90999984741211,23.90999984741211,23.90999984741211,23.90999984741211,23.90999984741211,367.0
2023-06-16 12:03:00,CEG,93.66000366210938,93.66000366210938,93.75,93.66000366210938,93.72000122070312,4708.0
2023-06-16 12:03:00,EXC,41.244998931884766,41.244998931884766,41.255001068115234,41.2400016784668,41.255001068115234,3453.0
2023-06-16 12:03:00,FLNC,26.280000686645508,26.280000686645508,26.290000915527344,26.239999771118164,26.239999771118164,3429.0
2023-06-16 12:03:00,MNTK,7.204999923706055,7.204999923706055,7.204999923706055,7.204999923706055,7.204999923706055,113.0
2023-06-16 12:03:00,NFE,29.420000076293945,29.420000076293945,29.420000076293945,29.385000228881836,29.385000228881836,1855.0
2023-06-16 12:03:00,NWE,58.849998474121094,58.849998474121094,58.869998931884766,58.849998474121094,58.869998931884766,1092.0
2023-06-16 12:03:00,XEL,64.36000061035156,64.36000061035156,64.40499877929688,64.3499984741211,64.40499877929688,4258.0
2023-06-16 12:04:00,ADN,0.6915000081062317,0.6915000081062317,0.6916999816894531,0.6915000081062317,0.6915000081062317,4104.0
2023-06-16 12:04:00,AEP,85.33000183105469,85.33000183105469,85.33000183105469,85.30999755859375,85.30999755859375,3122.0
2023-06-16 12:04:00,AY,23.899999618530273,23.899999618530273,23.90999984741211,23.899999618530273,23.90999984741211,220.0
2023-06-16 12:04:00,CEG,93.68000030517578,93.68000030517578,93.68000030517578,93.63999938964844,93.63999938964844,1436.0
2023-06-16 12:04:00,EXC,41.2599983215332,41.2599983215332,41.2599983215332,41.25,41.25,10671.0
2023-06-16 12:04:00,FLNC,26.2549991607666,26.2549991607666,26.2549991607666,26.2549991607666,26.2549991607666,187.0
2023-06-16 12:04:00,LNT,54.005001068115234,54.005001068115234,54.005001068115234,53.9900016784668,53.9900016784668,2956.0
2023-06-16 12:04:00,NFE,29.40999984741211,29.40999984741211,29.40999984741211,29.40999984741211,29.40999984741211,800.0
2023-06-16 12:04:00,OPAL,6.800000190734863,6.800000190734863,6.800000190734863,6.800000190734863,6.800000190734863,149.0
2023-06-16 12:04:00,VIA,11.010000228881836,11.010000228881836,11.010000228881836,11.010000228881836,11.010000228881836,267.0
2023-06-16 12:04:00,VIASP,16.450000762939453,16.450000762939453,16.520000457763672,16.450000762939453,16.520000457763672,689.0
2023-06-16 12:04:00,XEL,64.4000015258789,64.4000015258789,64.4000015258789,64.36000061035156,64.37000274658203,6101.0
2023-06-16 12:05:00,ADN,0.6912000179290771,0.6912000179290771,0.6915000081062317,0.6912000179290771,0.6915000081062317,5150.0
2023-06-16 12:05:00,AEP,85.31999969482422,85.31999969482422,85.33999633789062,85.30000305175781,85.33999633789062,4485.0
2023-06-16 12:05:00,AY,23.899999618530273,23.899999618530273,23.920000076293945,23.899999618530273,23.920000076293945,1380.0
2023-06-16 12:05:00,CEG,93.69000244140625,93.69000244140625,93.7300033569336,93.69000244140625,93.7300033569336,1481.0
2023-06-16 12:05:00,EXC,41.255001068115234,41.255001068115234,41.27000045776367,41.22999954223633,41.26499938964844,11510.0
2023-06-16 12:05:00,LNT,53.9900016784668,53.9900016784668,54.0,53.97999954223633,54.0,1955.0
2023-06-16 12:05:00,MNTK,7.210000038146973,7.210000038146973,7.210000038146973,7.210000038146973,7.210000038146973,210.0
2023-06-16 12:05:00,NFE,29.420000076293945,29.420000076293945,29.420000076293945,29.420000076293945,29.420000076293945,400.0
2023-06-16 12:05:00,OPAL,6.75,6.75,6.760000228881836,6.75,6.760000228881836,432.0
2023-06-16 12:05:00,VIA,11.010000228881836,11.010000228881836,11.010000228881836,11.010000228881836,11.010000228881836,746.0
2023-06-16 12:05:00,XEL,64.37000274658203,64.37000274658203,64.3949966430664,64.33000183105469,64.38999938964844,6355.0
2023-06-16 12:06:00,ADN,0.6912000179290771,0.6912000179290771,0.6912000179290771,0.6912000179290771,0.6912000179290771,101.0
2023-06-16 12:06:00,AEP,85.33999633789062,85.33999633789062,85.3499984741211,85.30999755859375,85.31999969482422,2487.0
2023-06-16 12:06:00,CDZI,4.310100078582764,4.310100078582764,4.310100078582764,4.310100078582764,4.310100078582764,100.0
2023-06-16 12:06:00,CEG,93.6500015258789,93.6500015258789,93.68000030517578,93.6500015258789,93.68000030517578,1164.0
2023-06-16 12:06:00,EXC,41.255001068115234,41.255001068115234,41.275001525878906,41.255001068115234,41.2599983215332,4447.0
2023-06-16 12:06:00,FLNC,26.2549991607666,26.2549991607666,26.2549991607666,26.239999771118164,26.239999771118164,961.0
2023-06-16 12:06:00,HTOO,2.2193000316619873,2.2193000316619873,2.2193000316619873,2.2193000316619873,2.2193000316619873,158.0
2023-06-16 12:06:00,LNT,54.01499938964844,54.01499938964844,54.01499938964844,54.01499938964844,54.01499938964844,525.0
2023-06-16 12:06:00,NFE,29.420000076293945,29.420000076293945,29.420000076293945,29.40999984741211,29.40999984741211,507.0
2023-06-16 12:06:00,RNW,6.195000171661377,6.195000171661377,6.195000171661377,6.195000171661377,6.195000171661377,307.0
2023-06-16 12:06:00,XEL,64.3499984741211,64.3499984741211,64.38719940185547,64.3499984741211,64.37999725341797,4161.0
2023-06-16 12:07:00,ADN,0.6912000179290771,0.6912000179290771,0.6912000179290771,0.6912000179290771,0.6912000179290771,100.0
2023-06-16 12:07:00,AEP,85.32939910888672,85.32939910888672,85.32939910888672,85.30999755859375,85.31999969482422,927.0
2023-06-16 12:07:00,AY,23.8799991607666,23.8799991607666,23.8799991607666,23.8799991607666,23.8799991607666,655.0
2023-06-16 12:07:00,CEG,93.5999984741211,93.5999984741211,93.62000274658203,93.5999984741211,93.62000274658203,665.0
2023-06-16 12:07:00,EXC,41.244998931884766,41.244998931884766,41.25,41.2400016784668,41.25,5729.0
2023-06-16 12:07:00,FLNC,26.170000076293945,26.170000076293945,26.2549991607666,26.170000076293945,26.2549991607666,4454.0
2023-06-16 12:07:00,LNT,53.970001220703125,53.970001220703125,53.970001220703125,53.970001220703125,53.970001220703125,117.0
2023-06-16 12:07:00,MNTK,7.210000038146973,7.210000038146973,7.210000038146973,7.210000038146973,7.210000038146973,201.0
2023-06-16 12:07:00,NFE,29.40999984741211,29.40999984741211,29.40999984741211,29.40999984741211,29.40999984741211,1854.0
2023-06-16 12:07:00,OPAL,6.760000228881836,6.760000228881836,6.760000228881836,6.760000228881836,6.760000228881836,267.0
2023-06-16 12:07:00,RNW,6.195000171661377,6.195000171661377,6.215000152587891,6.190000057220459,6.195000171661377,16769.0
2023-06-16 12:07:00,XEL,64.33999633789062,64.33999633789062,64.36000061035156,64.32499694824219,64.33999633789062,6295.0
2023-06-16 12:07:00,YORW,43.119998931884766,43.119998931884766,43.119998931884766,43.119998931884766,43.119998931884766,1185.0
2023-06-16 12:08:00,ADN,0.6912000179290771,0.6912000179290771,0.6955500245094299,0.6912000179290771,0.6955500245094299,1456.0
2023-06-16 12:08:00,AEP,85.30500030517578,85.30500030517578,85.31050109863281,85.27999877929688,85.31050109863281,2922.0
2023-06-16 12:08:00,AY,23.889999389648438,23.889999389648438,23.889999389648438,23.885000228881836,23.885000228881836,1926.0
2023-06-16 12:08:00,CDZI,4.329999923706055,4.329999923706055,4.329999923706055,4.329999923706055,4.329999923706055,1040.0
2023-06-16 12:08:00,CEG,93.6500015258789,93.6500015258789,93.6500015258789,93.58480072021484,93.59500122070312,1420.0
2023-06-16 12:08:00,CWCO,22.399999618530273,22.399999618530273,22.399999618530273,22.399999618530273,22.399999618530273,223.0
2023-06-16 12:08:00,EXC,41.2400016784668,41.2400016784668,41.24140167236328,41.22999954223633,41.24140167236328,5051.0
2023-06-16 12:08:00,FLNC,26.200000762939453,26.200000762939453,26.200000762939453,26.170000076293945,26.170000076293945,1840.0
2023-06-16 12:08:00,LNT,53.96139907836914,53.96139907836914,53.970001220703125,53.939998626708984,53.970001220703125,2211.0
2023-06-16 12:08:00,MNTK,7.204999923706055,7.204999923706055,7.204999923706055,7.204999923706055,7.204999923706055,103.0
2023-06-16 12:08:00,NFE,29.420000076293945,29.420000076293945,29.420000076293945,29.399999618530273,29.40999984741211,804.0
2023-06-16 12:08:00,NWE,58.790000915527344,58.790000915527344,58.82500076293945,58.779998779296875,58.82500076293945,1629.0
2023-06-16 12:08:00,OTTR,75.13999938964844,75.13999938964844,75.13999938964844,75.13999938964844,75.13999938964844,652.0
2023-06-16 12:08:00,RNW,6.190000057220459,6.190000057220459,6.192800045013428,6.190000057220459,6.192800045013428,2462.0
2023-06-16 12:08:00,XEL,64.33000183105469,64.33000183105469,64.33000183105469,64.30000305175781,64.33000183105469,5527.0
2023-06-16 12:09:00,AEP,85.27999877929688,85.27999877929688,85.30000305175781,85.27999877929688,85.30000305175781,1967.0
2023-06-16 12:09:00,AY,23.864999771118164,23.864999771118164,23.885000228881836,23.864999771118164,23.885000228881836,1643.0
2023-06-16 12:09:00,CDZI,4.340000152587891,4.340000152587891,4.340000152587891,4.329999923706055,4.329999923706055,1818.0
2023-06-16 12:09:00,CEG,93.61000061035156,93.61000061035156,93.6500015258789,93.61000061035156,93.63999938964844,2691.0
2023-06-16 12:09:00,EXC,41.20000076293945,41.20000076293945,41.2400016784668,41.19499969482422,41.2400016784668,7936.0
2023-06-16 12:09:00,FLNC,26.200000762939453,26.200000762939453,26.200000762939453,26.190000534057617,26.200000762939453,910.0
2023-06-16 12:09:00,LNT,53.95500183105469,53.95500183105469,53.96500015258789,53.95500183105469,53.9630012512207,1247.0
2023-06-16 12:09:00,MNTK,7.204999923706055,7.204999923706055,7.210000038146973,7.204999923706055,7.204999923706055,319.0
2023-06-16 12:09:00,MSEX,82.05999755859375,82.05999755859375,82.05999755859375,82.05999755859375,82.05999755859375,376.0
2023-06-16 12:09:00,NFE,29.44499969482422,29.44499969482422,29.450000762939453,29.43000030517578,29.43000030517578,925.0
2023-06-16 12:09:00,NWE,58.7400016784668,58.7400016784668,58.7400016784668,58.7400016784668,58.7400016784668,231.0
2023-06-16 12:09:00,RNW,6.181000232696533,6.181000232696533,6.190000057220459,6.181000232696533,6.190000057220459,1535.0
2023-06-16 12:09:00,XEL,64.30000305175781,64.30000305175781,64.31999969482422,64.29000091552734,64.30999755859375,3492.0
2023-06-16 12:10:00,ADN,0.6901000142097473,0.6901000142097473,0.691100001335144,0.6901000142097473,0.691100001335144,6402.0
2023-06-16 12:10:00,AEP,85.26000213623047,85.26000213623047,85.26000213623047,85.25,85.26000213623047,2851.0
2023-06-16 12:10:00,ARTNA,49.27000045776367,49.27000045776367,49.349998474121094,49.27000045776367,49.349998474121094,490.0
2023-06-16 12:10:00,AY,23.8700008392334,23.8700008392334,23.8700008392334,23.8700008392334,23.8700008392334,257.0
2023-06-16 12:10:00,CEG,93.62000274658203,93.62000274658203,93.62000274658203,93.61000061035156,93.61000061035156,469.0
2023-06-16 12:10:00,CWCO,22.360000610351562,22.360000610351562,22.399999618530273,22.360000610351562,22.399999618530273,2306.0
2023-06-16 12:10:00,EXC,41.20800018310547,41.20800018310547,41.209999084472656,41.20000076293945,41.20000076293945,3124.0
2023-06-16 12:10:00,FLNC,26.209999084472656,26.209999084472656,26.209999084472656,26.209999084472656,26.209999084472656,1031.0
2023-06-16 12:10:00,LNT,53.95000076293945,53.95000076293945,53.95000076293945,53.939998626708984,53.939998626708984,1609.0
2023-06-16 12:10:00,MNTK,7.204999923706055,7.204999923706055,7.210000038146973,7.204999923706055,7.210000038146973,208.0
2023-06-16 12:10:00,NFE,29.44499969482422,29.44499969482422,29.469999313354492,29.44499969482422,29.450000762939453,2712.0
2023-06-16 12:10:00,NWE,58.72999954223633,58.72999954223633,58.7400016784668,58.72999954223633,58.7400016784668,547.0
2023-06-16 12:10:00,RNW,6.179999828338623,6.179999828338623,6.182700157165527,6.179999828338623,6.182700157165527,200.0
2023-06-16 12:10:00,XEL,64.31999969482422,64.31999969482422,64.31999969482422,64.2699966430664,64.29000091552734,5636.0
2023-06-16 12:11:00,AEP,85.26000213623047,85.26000213623047,85.26000213623047,85.25,85.25499725341797,1771.0
2023-06-16 12:11:00,AY,23.867700576782227,23.867700576782227,23.8700008392334,23.867700576782227,23.8700008392334,460.0
2023-06-16 12:11:00,CEG,93.56999969482422,93.56999969482422,93.61499786376953,93.56999969482422,93.61499786376953,2415.0
2023-06-16 12:11:00,EXC,41.220001220703125,41.220001220703125,41.224998474121094,41.19499969482422,41.20000076293945,7562.0
2023-06-16 12:11:00,FLNC,26.239999771118164,26.239999771118164,26.239999771118164,26.180099487304688,26.180099487304688,1544.0
2023-06-16 12:11:00,LNT,53.939998626708984,53.939998626708984,53.939998626708984,53.939998626708984,53.939998626708984,200.0
2023-06-16 12:11:00,NFE,29.459999084472656,29.459999084472656,29.459999084472656,29.453100204467773,29.459999084472656,650.0
2023-06-16 12:11:00,NWE,58.790000915527344,58.790000915527344,58.790000915527344,58.720001220703125,58.720001220703125,3075.0
2023-06-16 12:11:00,RNW,6.182700157165527,6.182700157165527,6.184999942779541,6.182000160217285,6.182000160217285,1442.0
2023-06-16 12:11:00,XEL,64.30000305175781,64.30000305175781,64.31999969482422,64.30000305175781,64.30000305175781,1990.0
2023-06-16 12:12:00,ADN,0.6901000142097473,0.6901000142097473,0.6901000142097473,0.6901000142097473,0.6901000142097473,100.0
2023-06-16 12:12:00,AEP,85.26000213623047,85.26000213623047,85.26000213623047,85.2300033569336,85.25,3284.0
2023-06-16 12:12:00,AY,23.895000457763672,23.895000457763672,23.895000457763672,23.878999710083008,23.878999710083008,1382.0
2023-06-16 12:12:00,CEG,93.61000061035156,93.61000061035156,93.61000061035156,93.54499816894531,93.55999755859375,3975.0
2023-06-16 12:12:00,EXC,41.224998474121094,41.224998474121094,41.22999954223633,41.209999084472656,41.224998474121094,7199.0
2023-06-16 12:12:00,FLNC,26.350000381469727,26.350000381469727,26.350000381469727,26.2549991607666,26.260000228881836,2080.0
2023-06-16 12:12:00,LNT,53.939998626708984,53.939998626708984,53.939998626708984,53.91999816894531,53.93000030517578,1549.0
2023-06-16 12:12:00,MGEE,78.98999786376953,78.98999786376953,78.98999786376953,78.9800033569336,78.9800033569336,433.0
2023-06-16 12:12:00,MNTK,7.210000038146973,7.210000038146973,7.210000038146973,7.199999809265137,7.199999809265137,586.0
2023-06-16 12:12:00,NFE,29.459999084472656,29.459999084472656,29.459999084472656,29.459999084472656,29.459999084472656,668.0
2023-06-16 12:12:00,NWE,58.775001525878906,58.775001525878906,58.790000915527344,58.77000045776367,58.790000915527344,1579.0
2023-06-16 12:12:00,OTTR,75.12999725341797,75.12999725341797,75.12999725341797,75.12999725341797,75.12999725341797,426.0
2023-06-16 12:12:00,RNW,6.182700157165527,6.182700157165527,6.184999942779541,6.179999828338623,6.181000232696533,1717.0
2023-06-16 12:12:00,XEL,64.31999969482422,64.31999969482422,64.31999969482422,64.27999877929688,64.30000305175781,4510.0
2023-06-16 12:13:00,ADN,0.6949999928474426,0.6949999928474426,0.6949999928474426,0.6901000142097473,0.6901000142097473,200.0
2023-06-16 12:13:00,AEP,85.27999877929688,85.27999877929688,85.27999877929688,85.27999877929688,85.27999877929688,1069.0
2023-06-16 12:13:00,AY,23.899999618530273,23.899999618530273,23.899999618530273,23.899999618530273,23.899999618530273,406.0
2023-06-16 12:13:00,CEG,93.66000366210938,93.66000366210938,93.66000366210938,93.62000274658203,93.62000274658203,1374.0
2023-06-16 12:13:00,EXC,41.23500061035156,41.23500061035156,41.2400016784668,41.22999954223633,41.22999954223633,1484.0
2023-06-16 12:13:00,LNT,53.939998626708984,53.939998626708984,53.939998626708984,53.93000030517578,53.939998626708984,1380.0
2023-06-16 12:13:00,MGEE,79.05500030517578,79.05500030517578,79.05500030517578,79.05500030517578,79.05500030517578,322.0
2023-06-16 12:13:00,MNTK,7.199999809265137,7.199999809265137,7.199999809265137,7.199999809265137,7.199999809265137,100.0
2023-06-16 12:13:00,NFE,29.475000381469727,29.475000381469727,29.475000381469727,29.469999313354492,29.469999313354492,701.0
2023-06-16 12:13:00,RNW,6.150000095367432,6.150000095367432,6.179999828338623,6.150000095367432,6.179999828338623,8061.0
2023-06-16 12:13:00,XEL,64.31099700927734,64.31099700927734,64.31999969482422,64.30500030517578,64.30999755859375,3688.0
2023-06-16 12:14:00,ADN,0.6901000142097473,0.6901000142097473,0.6998999714851379,0.6901000142097473,0.6998999714851379,7343.0
2023-06-16 12:14:00,AEP,85.2699966430664,85.2699966430664,85.30000305175781,85.26000213623047,85.29000091552734,3265.0
2023-06-16 12:14:00,AEPPZ,49.31999969482422,49.31999969482422,49.31999969482422,49.31999969482422,49.31999969482422,13326.0
2023-06-16 12:14:00,AY,23.889999389648438,23.889999389648438,23.899999618530273,23.889999389648438,23.889999389648438,1353.0
2023-06-16 12:14:00,CEG,93.65499877929688,93.65499877929688,93.66999816894531,93.6500015258789,93.66000366210938,2617.0
2023-06-16 12:14:00,EXC,41.2599983215332,41.2599983215332,41.27000045776367,41.2400016784668,41.2400016784668,13639.0
2023-06-16 12:14:00,FLNC,26.290000915527344,26.290000915527344,26.354999542236328,26.290000915527344,26.354999542236328,2865.0
2023-06-16 12:14:00,HTOO,2.240000009536743,2.240000009536743,2.240000009536743,2.2172999382019043,2.2200000286102295,2120.0
2023-06-16 12:14:00,LNT,53.974998474121094,53.974998474121094,53.97999954223633,53.95000076293945,53.95000076293945,5332.0
2023-06-16 12:14:00,MNTK,7.179999828338623,7.179999828338623,7.199999809265137,7.179999828338623,7.199999809265137,1792.0
2023-06-16 12:14:00,NFE,29.44499969482422,29.44499969482422,29.5,29.44499969482422,29.479999542236328,5023.0
2023-06-16 12:14:00,NWE,58.80500030517578,58.80500030517578,58.810001373291016,58.790000915527344,58.810001373291016,807.0
2023-06-16 12:14:00,XEL,64.30000305175781,64.30000305175781,64.32499694824219,64.30000305175781,64.31999969482422,8893.0
2023-06-16 12:15:00,ADN,0.6901000142097473,0.6901000142097473,0.6901000142097473,0.6901000142097473,0.6901000142097473,100.0
2023-06-16 12:15:00,AEP,85.2699966430664,85.2699966430664,85.27999877929688,85.26000213623047,85.2699966430664,1798.0
2023-06-16 12:15:00,AY,23.899999618530273,23.899999618530273,23.899999618530273,23.889999389648438,23.892000198364258,485.0
2023-06-16 12:15:00,CDZI,4.329999923706055,4.329999923706055,4.329999923706055,4.329999923706055,4.329999923706055,448.0
2023-06-16 12:15:00,CEG,93.68000030517578,93.68000030517578,93.68000030517578,93.66000366210938,93.66000366210938,1601.0
2023-06-16 12:15:00,CWCO,22.337299346923828,22.337299346923828,22.337299346923828,22.337299346923828,22.337299346923828,380.0
2023-06-16 12:15:00,EXC,41.27000045776367,41.27000045776367,41.275001525878906,41.2599983215332,41.2599983215332,4596.0
2023-06-16 12:15:00,FLNC,26.219999313354492,26.219999313354492,26.229999542236328,26.209999084472656,26.229999542236328,527.0
2023-06-16 12:15:00,LNT,53.970001220703125,53.970001220703125,53.970001220703125,53.970001220703125,53.970001220703125,339.0
2023-06-16 12:15:00,MNTK,7.170000076293945,7.170000076293945,7.170000076293945,7.170000076293945,7.170000076293945,102.0
2023-06-16 12:15:00,NFE,29.469999313354492,29.469999313354492,29.469999313354492,29.450000762939453,29.450000762939453,1720.0
2023-06-16 12:15:00,OTTR,75.13999938964844,75.13999938964844,75.13999938964844,75.13999938964844,75.13999938964844,849.0
2023-06-16 12:15:00,RNW,6.130000114440918,6.130000114440918,6.144999980926514,6.130000114440918,6.144999980926514,1219.0
2023-06-16 12:15:00,XEL,64.30999755859375,64.30999755859375,64.31999969482422,64.29499816894531,64.30000305175781,3603.0
2023-06-16 12:16:00,ADN,0.6915000081062317,0.6915000081062317,0.6949999928474426,0.6915000081062317,0.6949999928474426,700.0
2023-06-16 12:16:00,AEP,85.2699966430664,85.2699966430664,85.27999877929688,85.2699966430664,85.27999877929688,929.0
2023-06-16 12:16:00,AY,23.905000686645508,23.905000686645508,23.90999984741211,23.90250015258789,23.90250015258789,836.0
2023-06-16 12:16:00,CDZI,4.335000038146973,4.335000038146973,4.335000038146973,4.329999923706055,4.329999923706055,1804.0
2023-06-16 12:16:00,CEG,93.66999816894531,93.66999816894531,93.68000030517578,93.63999938964844,93.68000030517578,2300.0
2023-06-16 12:16:00,EXC,41.275001525878906,41.275001525878906,41.279998779296875,41.26499938964844,41.26499938964844,2147.0
2023-06-16 12:16:00,FLNC,26.260000228881836,26.260000228881836,26.260000228881836,26.219999313354492,26.219999313354492,1606.0
2023-06-16 12:16:00,LNT,53.970001220703125,53.970001220703125,53.97999954223633,53.96500015258789,53.96500015258789,1451.0
2023-06-16 12:16:00,MNTK,7.179999828338623,7.179999828338623,7.179999828338623,7.170000076293945,7.170000076293945,1823.0
2023-06-16 12:16:00,NFE,29.489999771118164,29.489999771118164,29.489999771118164,29.489999771118164,29.489999771118164,666.0
2023-06-16 12:16:00,RNW,6.130000114440918,6.130000114440918,6.130000114440918,6.130000114440918,6.130000114440918,100.0
2023-06-16 12:16:00,XEL,64.30000305175781,64.30000305175781,64.30999755859375,64.30000305175781,64.30999755859375,1252.0
2023-06-16 12:17:00,ADN,0.6919999718666077,0.6919999718666077,0.6920499801635742,0.6919999718666077,0.6920499801635742,1832.0
2023-06-16 12:17:00,AEP,85.30000305175781,85.30000305175781,85.30000305175781,85.26000213623047,85.26000213623047,2899.0
2023-06-16 12:17:00,ARTNA,49.27000045776367,49.27000045776367,49.290000915527344,49.185001373291016,49.290000915527344,1072.0
2023-06-16 12:17:00,AY,23.93000030517578,23.93000030517578,23.947099685668945,23.90999984741211,23.90999984741211,3860.0
2023-06-16 12:17:00,CEG,93.69000244140625,93.69000244140625,93.69000244140625,93.68000030517578,93.68499755859375,2161.0
2023-06-16 12:17:00,EXC,41.279998779296875,41.279998779296875,41.290000915527344,41.27000045776367,41.275001525878906,5649.0
2023-06-16 12:17:00,FLNC,26.280000686645508,26.280000686645508,26.280000686645508,26.2450008392334,26.2450008392334,1189.0
2023-06-16 12:17:00,LNT,53.9900016784668,53.9900016784668,53.9900016784668,53.974998474121094,53.974998474121094,1358.0
2023-06-16 12:17:00,MGEE,79.48999786376953,79.48999786376953,79.48999786376953,79.05500030517578,79.05500030517578,1501.0
2023-06-16 12:17:00,MNTK,7.184999942779541,7.184999942779541,7.184999942779541,7.184999942779541,7.184999942779541,100.0
2023-06-16 12:17:00,MSEX,82.08999633789062,82.08999633789062,82.08999633789062,82.08999633789062,82.08999633789062,695.0
2023-06-16 12:17:00,NFE,29.520000457763672,29.520000457763672,29.520000457763672,29.510000228881836,29.510000228881836,540.0
2023-06-16 12:17:00,OTTR,75.2699966430664,75.2699966430664,75.2699966430664,75.2699966430664,75.2699966430664,201.0
2023-06-16 12:17:00,RNW,6.130799770355225,6.130799770355225,6.135000228881836,6.130799770355225,6.135000228881836,605.0
2023-06-16 12:17:00,XEL,64.31999969482422,64.31999969482422,64.31999969482422,64.30000305175781,64.30999755859375,6171.0
2023-06-16 12:18:00,AEP,85.30000305175781,85.30000305175781,85.30000305175781,85.2699966430664,85.30000305175781,1987.0
2023-06-16 12:18:00,AY,23.94499969482422,23.94499969482422,23.94499969482422,23.94499969482422,23.94499969482422,491.0
2023-06-16 12:18:00,CEG,93.70999908447266,93.70999908447266,93.72000122070312,93.66999816894531,93.66999816894531,2507.0
2023-06-16 12:18:00,EXC,41.29999923706055,41.29999923706055,41.29999923706055,41.27000045776367,41.28499984741211,8256.0
2023-06-16 12:18:00,FLNC,26.280000686645508,26.280000686645508,26.290000915527344,26.280000686645508,26.286300659179688,537.0
2023-06-16 12:18:00,GWRS,12.460000038146973,12.460000038146973,12.460000038146973,12.460000038146973,12.460000038146973,460.0
2023-06-16 12:18:00,LNT,54.0099983215332,54.0099983215332,54.0099983215332,53.994998931884766,53.994998931884766,1734.0
2023-06-16 12:18:00,NFE,29.520000457763672,29.520000457763672,29.520000457763672,29.4950008392334,29.510000228881836,1132.0
2023-06-16 12:18:00,NWE,58.814998626708984,58.814998626708984,58.814998626708984,58.814998626708984,58.814998626708984,243.0
2023-06-16 12:18:00,RNW,6.125,6.125,6.130000114440918,6.125,6.130000114440918,2425.0
2023-06-16 12:18:00,XEL,64.33999633789062,64.33999633789062,64.33999633789062,64.31999969482422,64.32499694824219,3362.0
2023-06-16 12:19:00,ADN,0.6919999718666077,0.6919999718666077,0.6919999718666077,0.6919999718666077,0.6919999718666077,2117.0
2023-06-16 12:19:00,AEP,85.30000305175781,85.30000305175781,85.30999755859375,85.293701171875,85.30500030517578,1187.0
2023-06-16 12:19:00,CDZI,4.340000152587891,4.340000152587891,4.340000152587891,4.338900089263916,4.338900089263916,200.0
2023-06-16 12:19:00,CEG,93.70999908447266,93.70999908447266,93.73999786376953,93.69999694824219,93.7249984741211,2257.0
2023-06-16 12:19:00,EXC,41.29999923706055,41.29999923706055,41.30500030517578,41.290000915527344,41.29999923706055,7803.0
2023-06-16 12:19:00,FLNC,26.31999969482422,26.31999969482422,26.31999969482422,26.299999237060547,26.299999237060547,382.0
2023-06-16 12:19:00,LNT,54.02000045776367,54.02000045776367,54.02000045776367,54.005001068115234,54.0099983215332,1423.0
2023-06-16 12:19:00,MNTK,7.179999828338623,7.179999828338623,7.184999942779541,7.179999828338623,7.184999942779541,460.0
2023-06-16 12:19:00,NFE,29.530000686645508,29.530000686645508,29.540000915527344,29.530000686645508,29.530000686645508,2258.0
2023-06-16 12:19:00,OTTR,75.37999725341797,75.37999725341797,75.37999725341797,75.37999725341797,75.37999725341797,129.0
2023-06-16 12:19:00,RNW,6.144999980926514,6.144999980926514,6.144999980926514,6.130000114440918,6.130000114440918,3038.0
2023-06-16 12:19:00,XEL,64.33000183105469,64.33000183105469,64.33999633789062,64.3218002319336,64.33999633789062,5567.0
2023-06-16 12:20:00,AEP,85.31400299072266,85.31400299072266,85.31400299072266,85.30000305175781,85.30000305175781,2347.0
2023-06-16 12:20:00,AY,23.940000534057617,23.940000534057617,23.940000534057617,23.940000534057617,23.940000534057617,137.0
2023-06-16 12:20:00,CDZI,4.369999885559082,4.369999885559082,4.369999885559082,4.340000152587891,4.340000152587891,3639.0
2023-06-16 12:20:00,CEG,93.70999908447266,93.70999908447266,93.73999786376953,93.70999908447266,93.72000122070312,2829.0
2023-06-16 12:20:00,EXC,41.290000915527344,41.290000915527344,41.29999923706055,41.290000915527344,41.29999923706055,1886.0
2023-06-16 12:20:00,FLNC,26.28339958190918,26.28339958190918,26.290000915527344,26.239999771118164,26.290000915527344,1484.0
2023-06-16 12:20:00,LNT,54.02000045776367,54.02000045776367,54.029998779296875,54.02000045776367,54.029998779296875,1125.0
2023-06-16 12:20:00,MNTK,7.179999828338623,7.179999828338623,7.179999828338623,7.179999828338623,7.179999828338623,201.0
2023-06-16 12:20:00,NFE,29.520000457763672,29.520000457763672,29.520000457763672,29.510000228881836,29.520000457763672,935.0
2023-06-16 12:20:00,RNW,6.144999980926514,6.144999980926514,6.144999980926514,6.144999980926514,6.144999980926514,110.0
2023-06-16 12:20:00,XEL,64.3499984741211,64.3499984741211,64.3499984741211,64.33000183105469,64.33999633789062,2877.0
2023-06-16 12:21:00,ADN,0.6916000247001648,0.6916000247001648,0.6919999718666077,0.6916000247001648,0.6919999718666077,1552.0
2023-06-16 12:21:00,AEP,85.27999877929688,85.27999877929688,85.30500030517578,85.2750015258789,85.30500030517578,2268.0
2023-06-16 12:21:00,AY,23.960500717163086,23.960500717163086,24.0,23.940000534057617,23.950000762939453,7322.0
2023-06-16 12:21:00,CEG,93.68319702148438,93.68319702148438,93.69999694824219,93.68000030517578,93.69999694824219,988.0
2023-06-16 12:21:00,EXC,41.275001525878906,41.275001525878906,41.29999923706055,41.275001525878906,41.29499816894531,4115.0
2023-06-16 12:21:00,FLNC,26.270000457763672,26.270000457763672,26.270000457763672,26.270000457763672,26.270000457763672,365.0
2023-06-16 12:21:00,LNT,54.02000045776367,54.02000045776367,54.03499984741211,54.02000045776367,54.029998779296875,1812.0
2023-06-16 12:21:00,NFE,29.540000915527344,29.540000915527344,29.549999237060547,29.53499984741211,29.540000915527344,1710.0
2023-06-16 12:21:00,NWE,58.880001068115234,58.880001068115234,58.880001068115234,58.86000061035156,58.86000061035156,900.0
2023-06-16 12:21:00,OTTR,75.31500244140625,75.31500244140625,75.31500244140625,75.31500244140625,75.31500244140625,702.0
2023-06-16 12:21:00,RNW,6.135000228881836,6.135000228881836,6.139999866485596,6.135000228881836,6.139999866485596,3614.0
2023-06-16 12:21:00,XEL,64.33000183105469,64.33000183105469,64.3499984741211,64.31999969482422,64.34500122070312,4202.0
2023-06-16 12:22:00,ADN,0.699999988079071,0.699999988079071,0.699999988079071,0.6915000081062317,0.6916000247001648,10857.0
2023-06-16 12:22:00,AEP,85.30400085449219,85.30400085449219,85.30400085449219,85.29000091552734,85.29000091552734,1905.0
2023-06-16 12:22:00,ARTNA,49.16999816894531,49.16999816894531,49.16999816894531,49.16999816894531,49.16999816894531,106.0
2023-06-16 12:22:00,AY,23.989999771118164,23.989999771118164,24.0,23.989999771118164,23.989999771118164,894.0
2023-06-16 12:22:00,CDZI,4.369999885559082,4.369999885559082,4.369999885559082,4.369999885559082,4.369999885559082,155.0
2023-06-16 12:22:00,CEG,93.66000366210938,93.66000366210938,93.68499755859375,93.6500015258789,93.68499755859375,2949.0
2023-06-16 12:22:00,CWCO,22.295000076293945,22.295000076293945,22.295000076293945,22.295000076293945,22.295000076293945,100.0
2023-06-16 12:22:00,EXC,41.290000915527344,41.290000915527344,41.290000915527344,41.27000045776367,41.27000045776367,4200.0
2023-06-16 12:22:00,FLNC,26.25,26.25,26.25,26.239999771118164,26.239999771118164,1665.0
2023-06-16 12:22:00,LNT,54.060001373291016,54.060001373291016,54.060001373291016,54.040000915527344,54.040000915527344,488.0
2023-06-16 12:22:00,NFE,29.540000915527344,29.540000915527344,29.540000915527344,29.540000915527344,29.540000915527344,332.0
2023-06-16 12:22:00,RNW,6.144999980926514,6.144999980926514,6.144999980926514,6.139999866485596,6.139999866485596,593.0
2023-06-16 12:22:00,XEL,64.33999633789062,64.33999633789062,64.33999633789062,64.33000183105469,64.33499908447266,1735.0
2023-06-16 12:23:00,AEP,85.25,85.25,85.30000305175781,85.25,85.29000091552734,2043.0
2023-06-16 12:23:00,CDZI,4.369999885559082,4.369999885559082,4.369999885559082,4.369999885559082,4.369999885559082,433.0
2023-06-16 12:23:00,CEG,93.6500015258789,93.6500015258789,93.69000244140625,93.6500015258789,93.66999816894531,2742.0
2023-06-16 12:23:00,CWCO,22.295000076293945,22.295000076293945,22.295000076293945,22.295000076293945,22.295000076293945,263.0
2023-06-16 12:23:00,EXC,41.29499816894531,41.29499816894531,41.30500030517578,41.290000915527344,41.290000915527344,7176.0
2023-06-16 12:23:00,FLNC,26.219999313354492,26.219999313354492,26.2450008392334,26.219999313354492,26.2450008392334,1745.0
2023-06-16 12:23:00,LNT,54.040000915527344,54.040000915527344,54.060001373291016,54.03499984741211,54.04999923706055,2197.0
2023-06-16 12:23:00,MNTK,7.179999828338623,7.179999828338623,7.179999828338623,7.179999828338623,7.179999828338623,406.0
2023-06-16 12:23:00,NFE,29.549999237060547,29.549999237060547,29.549999237060547,29.549999237060547,29.549999237060547,831.0
2023-06-16 12:23:00,NWE,58.91999816894531,58.91999816894531,58.91999816894531,58.900001525878906,58.900001525878906,2058.0
2023-06-16 12:23:00,XEL,64.31500244140625,64.31500244140625,64.3499984741211,64.30999755859375,64.34500122070312,6351.0
2023-06-16 12:24:00,ADN,0.7001000046730042,0.7001000046730042,0.7045000195503235,0.7001000046730042,0.7045000195503235,453.0
2023-06-16 12:24:00,AEP,85.2699966430664,85.2699966430664,85.2699966430664,85.23999786376953,85.23999786376953,2180.0
2023-06-16 12:24:00,CEG,93.66999816894531,93.66999816894531,93.66999816894531,93.62999725341797,93.63999938964844,2005.0
2023-06-16 12:24:00,EXC,41.310001373291016,41.310001373291016,41.310001373291016,41.290000915527344,41.29499816894531,9306.0
2023-06-16 12:24:00,FLNC,26.25,26.25,26.270000457763672,26.219999313354492,26.225000381469727,1763.0
2023-06-16 12:24:00,LNT,54.029998779296875,54.029998779296875,54.029998779296875,54.01499938964844,54.025001525878906,1853.0
2023-06-16 12:24:00,NFE,29.575000762939453,29.575000762939453,29.575000762939453,29.559999465942383,29.559999465942383,1301.0
2023-06-16 12:24:00,NWE,58.900001525878906,58.900001525878906,58.900001525878906,58.900001525878906,58.900001525878906,1738.0
2023-06-16 12:24:00,RNW,6.150000095367432,6.150000095367432,6.150000095367432,6.150000095367432,6.150000095367432,100.0
2023-06-16 12:24:00,XEL,64.33499908447266,64.33499908447266,64.33499908447266,64.30500030517578,64.31500244140625,5237.0
2023-06-16 12:25:00,ADN,0.699999988079071,0.699999988079071,0.7080000042915344,0.699999988079071,0.7042499780654907,5130.0
2023-06-16 12:25:00,AEP,85.27999877929688,85.27999877929688,85.27999877929688,85.27999877929688,85.27999877929688,1185.0
2023-06-16 12:25:00,ARTNA,49.16999816894531,49.16999816894531,49.18000030517578,49.16999816894531,49.18000030517578,878.0
2023-06-16 12:25:00,AY,24.001800537109375,24.001800537109375,24.0049991607666,24.0,24.0,563.0
2023-06-16 12:25:00,CDZI,4.380000114440918,4.380000114440918,4.380000114440918,4.380000114440918,4.380000114440918,964.0
2023-06-16 12:25:00,CEG,93.69999694824219,93.69999694824219,93.70999908447266,93.66999816894531,93.66999816894531,1491.0
2023-06-16 12:25:00,EXC,41.310001373291016,41.310001373291016,41.33000183105469,41.310001373291016,41.310001373291016,38123.0
2023-06-16 12:25:00,FLNC,26.229999542236328,26.229999542236328,26.229999542236328,26.229999542236328,26.229999542236328,154.0
2023-06-16 12:25:00,LNT,54.040000915527344,54.040000915527344,54.040000915527344,54.03499984741211,54.03499984741211,860.0
2023-06-16 12:25:00,MNTK,7.179999828338623,7.179999828338623,7.179999828338623,7.179999828338623,7.179999828338623,319.0
2023-06-16 12:25:00,NFE,29.56999969482422,29.56999969482422,29.57670021057129,29.56999969482422,29.57670021057129,904.0
2023-06-16 12:25:00,RNW,6.119999885559082,6.119999885559082,6.139999866485596,6.119999885559082,6.139999866485596,7833.0
2023-06-16 12:25:00,XEL,64.33999633789062,64.33999633789062,64.33999633789062,64.33000183105469,64.33499908447266,4461.0
2023-06-16 12:26:00,ADN,0.7045000195503235,0.7045000195503235,0.7049999833106995,0.7045000195503235,0.7049999833106995,5400.0
2023-06-16 12:26:00,AEP,85.27999877929688,85.27999877929688,85.27999877929688,85.26000213623047,85.2699966430664,1644.0
2023-06-16 12:26:00,AY,24.040000915527344,24.040000915527344,24.040000915527344,24.0,24.010000228881836,10609.0
2023-06-16 12:26:00,CEG,93.72000122070312,93.72000122070312,93.7249984741211,93.69000244140625,93.69999694824219,1651.0
2023-06-16 12:26:00,CREG,1.9800000190734863,1.9800000190734863,1.9800000190734863,1.9800000190734863,1.9800000190734863,100.0
2023-06-16 12:26:00,CWCO,22.329999923706055,22.329999923706055,22.329999923706055,22.325000762939453,22.329999923706055,1183.0
2023-06-16 12:26:00,EXC,41.310001373291016,41.310001373291016,41.33000183105469,41.290000915527344,41.31010055541992,36156.0
2023-06-16 12:26:00,FLNC,26.235000610351562,26.235000610351562,26.235000610351562,26.235000610351562,26.235000610351562,318.0
2023-06-16 12:26:00,LNT,54.04999923706055,54.04999923706055,54.04999923706055,54.029998779296875,54.040000915527344,1119.0
2023-06-16 12:26:00,MNTK,7.179999828338623,7.179999828338623,7.179999828338623,7.179999828338623,7.179999828338623,112.0
2023-06-16 12:26:00,NFE,29.537500381469727,29.537500381469727,29.56999969482422,29.537500381469727,29.559999465942383,2835.0
2023-06-16 12:26:00,RNW,6.119999885559082,6.119999885559082,6.119999885559082,6.119999885559082,6.119999885559082,335.0
2023-06-16 12:26:00,VIASP,16.200000762939453,16.200000762939453,16.450000762939453,16.200000762939453,16.450000762939453,1353.0
2023-06-16 12:26:00,XEL,64.33499908447266,64.33499908447266,64.33999633789062,64.30999755859375,64.33000183105469,5381.0
2023-06-16 12:27:00,ADN,0.699999988079071,0.699999988079071,0.7079989910125732,0.699999988079071,0.7079989910125732,491.0
2023-06-16 12:27:00,AEP,85.27999877929688,85.27999877929688,85.29000091552734,85.27999877929688,85.27999877929688,1708.0
2023-06-16 12:27:00,CEG,93.7300033569336,93.7300033569336,93.7300033569336,93.69000244140625,93.70999908447266,2832.0
2023-06-16 12:27:00,CREG,1.9800000190734863,1.9800000190734863,1.9800000190734863,1.9800000190734863,1.9800000190734863,175.0
2023-06-16 12:27:00,CWCO,22.209999084472656,22.209999084472656,22.329999923706055,22.209999084472656,22.329999923706055,6179.0
2023-06-16 12:27:00,EXC,41.290000915527344,41.290000915527344,41.310001373291016,41.290000915527344,41.310001373291016,13148.0
2023-06-16 12:27:00,FLNC,26.309999465942383,26.309999465942383,26.309999465942383,26.239999771118164,26.239999771118164,2608.0
2023-06-16 12:27:00,LNT,54.04999923706055,54.04999923706055,54.05500030517578,54.029998779296875,54.05500030517578,3126.0
2023-06-16 12:27:00,MGEE,79.29000091552734,79.29000091552734,79.29000091552734,79.29000091552734,79.29000091552734,277.0
2023-06-16 12:27:00,MNTK,7.179999828338623,7.179999828338623,7.179999828338623,7.179999828338623,7.179999828338623,102.0
2023-06-16 12:27:00,MSEX,82.12000274658203,82.12000274658203,82.125,82.12000274658203,82.125,476.0
2023-06-16 12:27:00,NFE,29.575000762939453,29.575000762939453,29.575000762939453,29.56999969482422,29.56999969482422,751.0
2023-06-16 12:27:00,PCYO,10.550000190734863,10.550000190734863,10.550000190734863,10.550000190734863,10.550000190734863,405.0
2023-06-16 12:27:00,RNW,6.119999885559082,6.119999885559082,6.119999885559082,6.119999885559082,6.119999885559082,332.0
2023-06-16 12:27:00,XEL,64.33000183105469,64.33000183105469,64.33499908447266,64.31500244140625,64.33499908447266,4116.0
2023-06-16 12:28:00,ADN,0.7020000219345093,0.7020000219345093,0.7020000219345093,0.7020000219345093,0.7020000219345093,103.0
2023-06-16 12:28:00,AEP,85.30000305175781,85.30000305175781,85.31999969482422,85.27999877929688,85.27999877929688,3243.0
2023-06-16 12:28:00,CEG,93.70999908447266,93.70999908447266,93.71499633789062,93.70999908447266,93.71499633789062,1374.0
2023-06-16 12:28:00,CWCO,22.239999771118164,22.239999771118164,22.260000228881836,22.219999313354492,22.219999313354492,1613.0
2023-06-16 12:28:00,EXC,41.33000183105469,41.33000183105469,41.334999084472656,41.29999923706055,41.29999923706055,11160.0
2023-06-16 12:28:00,FLNC,26.31999969482422,26.31999969482422,26.329999923706055,26.31999969482422,26.329999923706055,1471.0
2023-06-16 12:28:00,LNT,54.084999084472656,54.084999084472656,54.084999084472656,54.060001373291016,54.060001373291016,692.0
2023-06-16 12:28:00,MNTK,7.170000076293945,7.170000076293945,7.170000076293945,7.170000076293945,7.170000076293945,313.0
2023-06-16 12:28:00,NFE,29.559999465942383,29.559999465942383,29.579999923706055,29.559999465942383,29.56999969482422,1190.0
2023-06-16 12:28:00,OPAL,6.650000095367432,6.650000095367432,6.739999771118164,6.650000095367432,6.739999771118164,1371.0
2023-06-16 12:28:00,RNW,6.119999885559082,6.119999885559082,6.119999885559082,6.110000133514404,6.110000133514404,884.0
2023-06-16 12:28:00,XEL,64.375,64.375,64.37999725341797,64.33999633789062,64.33999633789062,27365.0
2023-06-16 12:29:00,ADN,0.7020000219345093,0.7020000219345093,0.7020000219345093,0.7020000219345093,0.7020000219345093,1197.0
2023-06-16 12:29:00,AEP,85.30999755859375,85.30999755859375,85.30999755859375,85.29499816894531,85.30000305175781,1563.0
2023-06-16 12:29:00,AY,24.030000686645508,24.030000686645508,24.030000686645508,24.030000686645508,24.030000686645508,884.0
2023-06-16 12:29:00,CDZI,4.389999866485596,4.389999866485596,4.389999866485596,4.389999866485596,4.389999866485596,549.0
2023-06-16 12:29:00,CEG,93.69499969482422,93.69499969482422,93.69999694824219,93.69499969482422,93.69999694824219,905.0
2023-06-16 12:29:00,EXC,41.31999969482422,41.31999969482422,41.33000183105469,41.31999969482422,41.31999969482422,4398.0
2023-06-16 12:29:00,FLNC,26.315000534057617,26.315000534057617,26.315000534057617,26.315000534057617,26.315000534057617,115.0
2023-06-16 12:29:00,GWRS,12.462400436401367,12.462400436401367,12.462400436401367,12.462400436401367,12.462400436401367,812.0
2023-06-16 12:29:00,LNT,54.06999969482422,54.06999969482422,54.06999969482422,54.064998626708984,54.06999969482422,704.0
2023-06-16 12:29:00,MNTK,7.170000076293945,7.170000076293945,7.170000076293945,7.170000076293945,7.170000076293945,101.0
2023-06-16 12:29:00,NFE,29.559999465942383,29.559999465942383,29.559999465942383,29.55500030517578,29.55500030517578,592.0
2023-06-16 12:29:00,XEL,64.34500122070312,64.34500122070312,64.375,64.34500122070312,64.375,5540.0
2023-06-16 12:30:00,ADN,0.7020000219345093,0.7020000219345093,0.7020000219345093,0.7020000219345093,0.7020000219345093,3079.0
2023-06-16 12:30:00,AEP,85.30000305175781,85.30000305175781,85.30999755859375,85.29000091552734,85.30000305175781,2402.0
2023-06-16 12:30:00,AY,24.03499984741211,24.03499984741211,24.03499984741211,24.03499984741211,24.03499984741211,527.0
2023-06-16 12:30:00,CEG,93.7300033569336,93.7300033569336,93.7300033569336,93.72000122070312,93.72000122070312,2536.0
2023-06-16 12:30:00,EXC,41.33000183105469,41.33000183105469,41.34000015258789,41.33000183105469,41.33000183105469,2685.0
2023-06-16 12:30:00,FLNC,26.329999923706055,26.329999923706055,26.329999923706055,26.329999923706055,26.329999923706055,121.0
2023-06-16 12:30:00,LNT,54.09000015258789,54.09000015258789,54.09000015258789,54.08000183105469,54.08000183105469,970.0
2023-06-16 12:30:00,MNTK,7.159999847412109,7.159999847412109,7.170000076293945,7.159999847412109,7.170000076293945,1886.0
2023-06-16 12:30:00,NFE,29.56999969482422,29.56999969482422,29.56999969482422,29.56999969482422,29.56999969482422,1497.0
2023-06-16 12:30:00,OTTR,75.375,75.375,75.375,75.375,75.375,679.0
2023-06-16 12:30:00,XEL,64.36000061035156,64.36000061035156,64.36499786376953,64.33999633789062,64.34500122070312,6071.0
2023-06-16 12:31:00,ADN,0.7020000219345093,0.7020000219345093,0.7020000219345093,0.7020000219345093,0.7020000219345093,100.0
2023-06-16 12:31:00,AEP,85.27999877929688,85.27999877929688,85.30999755859375,85.27999877929688,85.30500030517578,1495.0
2023-06-16 12:31:00,CDZI,4.400000095367432,4.400000095367432,4.400000095367432,4.400000095367432,4.400000095367432,319.0
2023-06-16 12:31:00,CEG,93.7300033569336,93.7300033569336,93.75,93.7300033569336,93.7300033569336,4791.0
2023-06-16 12:31:00,EXC,41.334999084472656,41.334999084472656,41.345001220703125,41.33000183105469,41.34000015258789,8139.0
2023-06-16 12:31:00,FLNC,26.299999237060547,26.299999237060547,26.34000015258789,26.299999237060547,26.34000015258789,1626.0
2023-06-16 12:31:00,LNT,54.06999969482422,54.06999969482422,54.099998474121094,54.06999969482422,54.09000015258789,2182.0
2023-06-16 12:31:00,NFE,29.56999969482422,29.56999969482422,29.56999969482422,29.559999465942383,29.559999465942383,2058.0
2023-06-16 12:31:00,RNW,6.135000228881836,6.135000228881836,6.135000228881836,6.125,6.125,1211.0
2023-06-16 12:31:00,XEL,64.3499984741211,64.3499984741211,64.38999938964844,64.3499984741211,64.36000061035156,5070.0
2023-06-16 12:32:00,ADN,0.7020000219345093,0.7020000219345093,0.7060999870300293,0.7020000219345093,0.7020000219345093,1231.0
2023-06-16 12:32:00,AEP,85.2699966430664,85.2699966430664,85.2750015258789,85.2300033569336,85.26000213623047,3100.0
2023-06-16 12:32:00,AY,23.979999542236328,23.979999542236328,24.020000457763672,23.979999542236328,24.020000457763672,1128.0
2023-06-16 12:32:00,CDZI,4.409999847412109,4.409999847412109,4.409999847412109,4.400000095367432,4.400000095367432,200.0
2023-06-16 12:32:00,CEG,93.75,93.75,93.75,93.70999908447266,93.72000122070312,2079.0
2023-06-16 12:32:00,EXC,41.334999084472656,41.334999084472656,41.334999084472656,41.314998626708984,41.334999084472656,9415.0
2023-06-16 12:32:00,FLNC,26.30500030517578,26.30500030517578,26.309999465942383,26.299999237060547,26.299999237060547,1136.0
2023-06-16 12:32:00,LNT,54.055999755859375,54.055999755859375,54.060001373291016,54.04999923706055,54.060001373291016,1446.0
2023-06-16 12:32:00,NFE,29.579999923706055,29.579999923706055,29.579999923706055,29.579999923706055,29.579999923706055,1152.0
2023-06-16 12:32:00,NWE,59.040000915527344,59.040000915527344,59.040000915527344,59.0,59.0,1018.0
2023-06-16 12:32:00,RNW,6.119999885559082,6.119999885559082,6.130000114440918,6.119999885559082,6.130000114440918,2309.0
2023-06-16 12:32:00,XEL,64.33999633789062,64.33999633789062,64.36000061035156,64.31999969482422,64.36000061035156,6486.0
2023-06-16 12:33:00,ADN,0.7014999985694885,0.7014999985694885,0.7014999985694885,0.7014999985694885,0.7014999985694885,201.0
2023-06-16 12:33:00,AEP,85.24500274658203,85.24500274658203,85.25,85.20999908447266,85.23999786376953,3071.0
2023-06-16 12:33:00,AY,23.959999084472656,23.959999084472656,23.959999084472656,23.959999084472656,23.959999084472656,149.0
2023-06-16 12:33:00,CDZI,4.400000095367432,4.400000095367432,4.400000095367432,4.400000095367432,4.400000095367432,100.0
2023-06-16 12:33:00,CEG,93.69000244140625,93.69000244140625,93.7300033569336,93.69000244140625,93.72000122070312,1902.0
2023-06-16 12:33:00,CWCO,22.25,22.25,22.25,22.25,22.25,123.0
2023-06-16 12:33:00,EXC,41.33000183105469,41.33000183105469,41.334999084472656,41.33000183105469,41.334999084472656,3314.0
2023-06-16 12:33:00,FLNC,26.360000610351562,26.360000610351562,26.360000610351562,26.30500030517578,26.30500030517578,2192.0
2023-06-16 12:33:00,LNT,54.04999923706055,54.04999923706055,54.04999923706055,54.04999923706055,54.04999923706055,688.0
2023-06-16 12:33:00,MGEE,79.37999725341797,79.37999725341797,79.37999725341797,79.31500244140625,79.31500244140625,990.0
2023-06-16 12:33:00,MNTK,7.159999847412109,7.159999847412109,7.159999847412109,7.159999847412109,7.159999847412109,314.0
2023-06-16 12:33:00,NFE,29.575000762939453,29.575000762939453,29.575000762939453,29.56999969482422,29.56999969482422,522.0
2023-06-16 12:33:00,RNW,6.114999771118164,6.114999771118164,6.119999885559082,6.114999771118164,6.119999885559082,1188.0
2023-06-16 12:33:00,XEL,64.33000183105469,64.33000183105469,64.33000183105469,64.30500030517578,64.33000183105469,5101.0
2023-06-16 12:34:00,ADN,0.7014999985694885,0.7014999985694885,0.7014999985694885,0.7014999985694885,0.7014999985694885,102.0
2023-06-16 12:34:00,AEP,85.21260070800781,85.21260070800781,85.2300033569336,85.19999694824219,85.2300033569336,2201.0
2023-06-16 12:34:00,AY,23.969999313354492,23.969999313354492,23.969999313354492,23.969999313354492,23.969999313354492,180.0
2023-06-16 12:34:00,CDZI,4.400000095367432,4.400000095367432,4.400000095367432,4.389999866485596,4.400000095367432,320.0
2023-06-16 12:34:00,CWCO,22.25,22.25,22.25,22.25,22.25,101.0
2023-06-16 12:34:00,EXC,41.334999084472656,41.334999084472656,41.34000015258789,41.32500076293945,41.33000183105469,5935.0
2023-06-16 12:34:00,FLNC,26.389999389648438,26.389999389648438,26.40999984741211,26.37579917907715,26.389999389648438,1534.0
2023-06-16 12:34:00,LNT,54.04999923706055,54.04999923706055,54.060001373291016,54.032501220703125,54.060001373291016,1962.0
2023-06-16 12:34:00,NFE,29.59000015258789,29.59000015258789,29.59000015258789,29.575000762939453,29.575000762939453,1328.0
2023-06-16 12:34:00,NWE,58.9900016784668,58.9900016784668,59.0,58.9900016784668,59.0,433.0
2023-06-16 12:34:00,OTTR,75.31999969482422,75.31999969482422,75.31999969482422,75.31999969482422,75.31999969482422,1191.0
2023-06-16 12:34:00,PCYO,10.53499984741211,10.53499984741211,10.539999961853027,10.53499984741211,10.539999961853027,721.0
2023-06-16 12:34:00,RNW,6.119999885559082,6.119999885559082,6.119999885559082,6.119999885559082,6.119999885559082,160.0
2023-06-16 12:34:00,XEL,64.30999755859375,64.30999755859375,64.31999969482422,64.30000305175781,64.31999969482422,4432.0
2023-06-16 12:35:00,ADN,0.7060999870300293,0.7060999870300293,0.7060999870300293,0.699999988079071,0.699999988079071,2815.0
2023-06-16 12:35:00,AEP,85.26000213623047,85.26000213623047,85.27999877929688,85.2300033569336,85.2300033569336,1858.0
2023-06-16 12:35:00,AY,23.979999542236328,23.979999542236328,23.979999542236328,23.979999542236328,23.979999542236328,876.0
2023-06-16 12:35:00,CEG,93.73999786376953,93.73999786376953,93.73999786376953,93.70999908447266,93.70999908447266,1397.0
2023-06-16 12:35:00,CWCO,22.290000915527344,22.290000915527344,22.290000915527344,22.280000686645508,22.280000686645508,501.0
2023-06-16 12:35:00,EXC,41.345001220703125,41.345001220703125,41.3484992980957,41.334999084472656,41.334999084472656,3044.0
2023-06-16 12:35:00,FLNC,26.360000610351562,26.360000610351562,26.389999389648438,26.360000610351562,26.389999389648438,834.0
2023-06-16 12:35:00,LNT,54.07500076293945,54.07500076293945,54.07749938964844,54.060001373291016,54.060001373291016,891.0
2023-06-16 12:35:00,MGEE,79.52999877929688,79.52999877929688,79.52999877929688,79.42009735107422,79.42009735107422,661.0
2023-06-16 12:35:00,MSEX,82.1875,82.1875,82.1875,82.16999816894531,82.16999816894531,364.0
2023-06-16 12:35:00,NFE,29.559999465942383,29.559999465942383,29.56999969482422,29.559999465942383,29.56999969482422,1068.0
2023-06-16 12:35:00,NWE,59.08679962158203,59.08679962158203,59.08679962158203,58.994998931884766,58.994998931884766,1098.0
2023-06-16 12:35:00,RGCO,21.4950008392334,21.4950008392334,21.4950008392334,21.4950008392334,21.4950008392334,440.0
2023-06-16 12:35:00,RNW,6.125,6.125,6.125,6.114999771118164,6.114999771118164,691.0
2023-06-16 12:35:00,XEL,64.33999633789062,64.33999633789062,64.34500122070312,64.31500244140625,64.31999969482422,3538.0
2023-06-16 12:36:00,ADN,0.7030500173568726,0.7030500173568726,0.7060999870300293,0.7030500173568726,0.7060999870300293,488.0
2023-06-16 12:36:00,AEP,85.29000091552734,85.29000091552734,85.29000091552734,85.2699966430664,85.2699966430664,783.0
2023-06-16 12:36:00,AY,24.0,24.0,24.0,23.989999771118164,23.989999771118164,1431.0
2023-06-16 12:36:00,CEG,93.73999786376953,93.73999786376953,93.73999786376953,93.72000122070312,93.72000122070312,1207.0
2023-06-16 12:36:00,CWCO,22.28499984741211,22.28499984741211,22.28499984741211,22.28499984741211,22.28499984741211,1434.0
2023-06-16 12:36:00,EXC,41.345001220703125,41.345001220703125,41.345001220703125,41.334999084472656,41.345001220703125,4125.0
2023-06-16 12:36:00,HTOO,2.2300000190734863,2.2300000190734863,2.2300000190734863,2.2300000190734863,2.2300000190734863,280.0
2023-06-16 12:36:00,LNT,54.095001220703125,54.095001220703125,54.095001220703125,54.06610107421875,54.06999969482422,1923.0
2023-06-16 12:36:00,MNTK,7.150000095367432,7.150000095367432,7.159999847412109,7.150000095367432,7.159999847412109,455.0
2023-06-16 12:36:00,NWE,59.04999923706055,59.04999923706055,59.04999923706055,59.040000915527344,59.04999923706055,1044.0
2023-06-16 12:36:00,RNW,6.125,6.125,6.125,6.125,6.125,101.0
2023-06-16 12:36:00,WAVE,2.319999933242798,2.319999933242798,2.390000104904175,2.319999933242798,2.390000104904175,1133.0
2023-06-16 12:36:00,XEL,64.33000183105469,64.33000183105469,64.33000183105469,64.31999969482422,64.33000183105469,2568.0
2023-06-16 12:37:00,AEP,85.28610229492188,85.28610229492188,85.29879760742188,85.27999877929688,85.29000091552734,2533.0
2023-06-16 12:37:00,AY,24.0,24.0,24.0049991607666,24.0,24.0049991607666,1477.0
2023-06-16 12:37:00,CDZI,4.389999866485596,4.389999866485596,4.409999847412109,4.389999866485596,4.409999847412109,1635.0
2023-06-16 12:37:00,EXC,41.345001220703125,41.345001220703125,41.349998474121094,41.34000015258789,41.345001220703125,1691.0
2023-06-16 12:37:00,FLNC,26.389999389648438,26.389999389648438,26.389999389648438,26.364999771118164,26.364999771118164,346.0
2023-06-16 12:37:00,LNT,54.099998474121094,54.099998474121094,54.099998474121094,54.099998474121094,54.099998474121094,642.0
2023-06-16 12:37:00,NFE,29.53499984741211,29.53499984741211,29.540000915527344,29.53499984741211,29.540000915527344,684.0
2023-06-16 12:37:00,PCYO,10.5600004196167,10.5600004196167,10.5600004196167,10.5600004196167,10.5600004196167,257.0
2023-06-16 12:37:00,RNW,6.125,6.125,6.125,6.125,6.125,200.0
2023-06-16 12:37:00,XEL,64.33999633789062,64.33999633789062,64.34500122070312,64.32499694824219,64.33999633789062,2393.0
2023-06-16 12:38:00,AEP,85.25,85.25,85.2699966430664,85.23999786376953,85.2699966430664,2029.0
2023-06-16 12:38:00,AY,23.985599517822266,23.985599517822266,23.989999771118164,23.985599517822266,23.989999771118164,966.0
2023-06-16 12:38:00,CEG,93.69499969482422,93.69499969482422,93.70999908447266,93.69000244140625,93.70999908447266,2221.0
2023-06-16 12:38:00,EXC,41.34000015258789,41.34000015258789,41.345001220703125,41.334999084472656,41.345001220703125,8558.0
2023-06-16 12:38:00,FLNC,26.368200302124023,26.368200302124023,26.368200302124023,26.368200302124023,26.368200302124023,290.0
2023-06-16 12:38:00,LNT,54.08000183105469,54.08000183105469,54.099998474121094,54.08000183105469,54.099998474121094,527.0
2023-06-16 12:38:00,MNTK,7.150000095367432,7.150000095367432,7.150000095367432,7.150000095367432,7.150000095367432,310.0
2023-06-16 12:38:00,NFE,29.54990005493164,29.54990005493164,29.54990005493164,29.530000686645508,29.530000686645508,559.0
2023-06-16 12:38:00,RNW,6.125,6.125,6.125,6.125,6.125,200.0
2023-06-16 12:38:00,XEL,64.31999969482422,64.31999969482422,64.33999633789062,64.30999755859375,64.33999633789062,3861.0
2023-06-16 12:39:00,ADN,0.7031000256538391,0.7031000256538391,0.7031000256538391,0.699999988079071,0.699999988079071,4500.0
2023-06-16 12:39:00,AEP,85.27999877929688,85.27999877929688,85.30000305175781,85.26000213623047,85.26000213623047,2337.0
2023-06-16 12:39:00,AY,23.989999771118164,23.989999771118164,23.989999771118164,23.989999771118164,23.989999771118164,522.0
2023-06-16 12:39:00,CEG,93.69999694824219,93.69999694824219,93.70999908447266,93.69999694824219,93.70999908447266,1315.0
2023-06-16 12:39:00,EXC,41.345001220703125,41.345001220703125,41.3489990234375,41.34000015258789,41.34000015258789,2310.0
2023-06-16 12:39:00,FLNC,26.3700008392334,26.3700008392334,26.3700008392334,26.366600036621094,26.366600036621094,432.0
2023-06-16 12:39:00,LNT,54.09000015258789,54.09000015258789,54.09000015258789,54.09000015258789,54.09000015258789,720.0
2023-06-16 12:39:00,MNTK,7.150000095367432,7.150000095367432,7.150000095367432,7.150000095367432,7.150000095367432,200.0
2023-06-16 12:39:00,NFE,29.530000686645508,29.530000686645508,29.530000686645508,29.530000686645508,29.530000686645508,249.0
2023-06-16 12:39:00,NWE,59.04999923706055,59.04999923706055,59.04999923706055,59.04999923706055,59.04999923706055,495.0
2023-06-16 12:39:00,PCYO,10.5600004196167,10.5600004196167,10.5600004196167,10.5600004196167,10.5600004196167,300.0
2023-06-16 12:39:00,RNW,6.139999866485596,6.139999866485596,6.139999866485596,6.130000114440918,6.130000114440918,537.0
2023-06-16 12:39:00,XEL,64.37000274658203,64.37000274658203,64.37000274658203,64.31999969482422,64.31999969482422,7820.0
2023-06-16 12:40:00,ADN,0.7000499963760376,0.7000499963760376,0.7031000256538391,0.699999988079071,0.7031000256538391,3959.0
2023-06-16 12:40:00,AEP,85.37000274658203,85.37000274658203,85.37000274658203,85.30500030517578,85.30500030517578,2110.0
2023-06-16 12:40:00,ARTNA,49.25,49.25,49.2599983215332,49.17499923706055,49.220001220703125,1252.0
2023-06-16 12:40:00,AY,24.0,24.0,24.0,23.990100860595703,23.990100860595703,942.0
2023-06-16 12:40:00,CDZI,4.394999980926514,4.394999980926514,4.394999980926514,4.394999980926514,4.394999980926514,1166.0
2023-06-16 12:40:00,CEG,93.70999908447266,93.70999908447266,93.7249984741211,93.70999908447266,93.72000122070312,1708.0
2023-06-16 12:40:00,EXC,41.369998931884766,41.369998931884766,41.369998931884766,41.349998474121094,41.349998474121094,8943.0
2023-06-16 12:40:00,FLNC,26.3799991607666,26.3799991607666,26.3799991607666,26.3799991607666,26.3799991607666,289.0
2023-06-16 12:40:00,LNT,54.119998931884766,54.119998931884766,54.125,54.099998474121094,54.099998474121094,1697.0
2023-06-16 12:40:00,MNTK,7.150000095367432,7.150000095367432,7.150000095367432,7.150000095367432,7.150000095367432,100.0
2023-06-16 12:40:00,NFE,29.549999237060547,29.549999237060547,29.549999237060547,29.540000915527344,29.540000915527344,1864.0
2023-06-16 12:40:00,RNW,6.144999980926514,6.144999980926514,6.144999980926514,6.144999980926514,6.144999980926514,225.0
2023-06-16 12:40:00,XEL,64.40499877929688,64.40499877929688,64.41000366210938,64.37000274658203,64.37000274658203,4144.0
2023-06-16 12:41:00,AEP,85.41000366210938,85.41000366210938,85.41000366210938,85.37999725341797,85.37999725341797,1013.0
2023-06-16 12:41:00,AY,24.0,24.0,24.0,24.0,24.0,775.0
2023-06-16 12:41:00,CDZI,4.420000076293945,4.420000076293945,4.420000076293945,4.420000076293945,4.420000076293945,320.0
2023-06-16 12:41:00,CEG,93.73999786376953,93.73999786376953,93.75,93.72000122070312,93.72000122070312,3248.0
2023-06-16 12:41:00,EXC,41.37770080566406,41.37770080566406,41.37770080566406,41.369998931884766,41.369998931884766,3276.0
2023-06-16 12:41:00,FLNC,26.389999389648438,26.389999389648438,26.389999389648438,26.3700008392334,26.38949966430664,1222.0
2023-06-16 12:41:00,LNT,54.119998931884766,54.119998931884766,54.130001068115234,54.119998931884766,54.125,407.0
2023-06-16 12:41:00,MNTK,7.159999847412109,7.159999847412109,7.159999847412109,7.150000095367432,7.150000095367432,439.0
2023-06-16 12:41:00,MSEX,82.3324966430664,82.3324966430664,82.33999633789062,82.30999755859375,82.30999755859375,748.0
2023-06-16 12:41:00,NFE,29.579999923706055,29.579999923706055,29.579999923706055,29.559999465942383,29.559999465942383,957.0
2023-06-16 12:41:00,NWE,59.029998779296875,59.029998779296875,59.029998779296875,59.029998779296875,59.029998779296875,556.0
2023-06-16 12:41:00,OTTR,75.45999908447266,75.45999908447266,75.45999908447266,75.45999908447266,75.45999908447266,417.0
2023-06-16 12:41:00,RNW,6.150000095367432,6.150000095367432,6.150000095367432,6.144999980926514,6.144999980926514,384.0
2023-06-16 12:41:00,XEL,64.44000244140625,64.44000244140625,64.44000244140625,64.4000015258789,64.41000366210938,4475.0
2023-06-16 12:42:00,ADN,0.7000499963760376,0.7000499963760376,0.7000499963760376,0.699999988079071,0.699999988079071,940.0
2023-06-16 12:42:00,AEP,85.43000030517578,85.43000030517578,85.43000030517578,85.41000366210938,85.41999816894531,3323.0
2023-06-16 12:42:00,CEG,93.7300033569336,93.7300033569336,93.75,93.7300033569336,93.73999786376953,1233.0
2023-06-16 12:42:00,EXC,41.38999938964844,41.38999938964844,41.38999938964844,41.375,41.380001068115234,5775.0
2023-06-16 12:42:00,FLNC,26.420000076293945,26.420000076293945,26.420000076293945,26.40999984741211,26.40999984741211,1177.0
2023-06-16 12:42:00,LNT,54.130001068115234,54.130001068115234,54.13999938964844,54.125,54.125,1951.0
2023-06-16 12:42:00,MNTK,7.190000057220459,7.190000057220459,7.190000057220459,7.159999847412109,7.159999847412109,3630.0
2023-06-16 12:42:00,NFE,29.584999084472656,29.584999084472656,29.59000015258789,29.579999923706055,29.584999084472656,1801.0
2023-06-16 12:42:00,NWE,59.08000183105469,59.08000183105469,59.08000183105469,59.08000183105469,59.08000183105469,369.0
2023-06-16 12:42:00,RNW,6.144999980926514,6.144999980926514,6.144999980926514,6.139999866485596,6.139999866485596,1977.0
2023-06-16 12:42:00,XEL,64.45500183105469,64.45500183105469,64.45999908447266,64.41999816894531,64.44000244140625,4293.0
2023-06-16 12:43:00,AEP,85.41999816894531,85.41999816894531,85.44000244140625,85.41999816894531,85.43499755859375,2781.0
2023-06-16 12:43:00,AY,24.0,24.0,24.010000228881836,24.0,24.000600814819336,3242.0
2023-06-16 12:43:00,CEG,93.75,93.75,93.7699966430664,93.75,93.75,4883.0
2023-06-16 12:43:00,EXC,41.380001068115234,41.380001068115234,41.38999938964844,41.375,41.3849983215332,5704.0
2023-06-16 12:43:00,FLNC,26.440000534057617,26.440000534057617,26.440000534057617,26.43000030517578,26.43000030517578,1287.0
2023-06-16 12:43:00,LNT,54.13999938964844,54.13999938964844,54.13999938964844,54.13999938964844,54.13999938964844,894.0
2023-06-16 12:43:00,MNTK,7.190000057220459,7.190000057220459,7.190000057220459,7.190000057220459,7.190000057220459,110.0
2023-06-16 12:43:00,NFE,29.612499237060547,29.612499237060547,29.6200008392334,29.59000015258789,29.59000015258789,1983.0
2023-06-16 12:43:00,NWE,59.130001068115234,59.130001068115234,59.130001068115234,59.095001220703125,59.095001220703125,756.0
2023-06-16 12:43:00,OTTR,75.48500061035156,75.48500061035156,75.48500061035156,75.48500061035156,75.48500061035156,101.0
2023-06-16 12:43:00,RNW,6.144999980926514,6.144999980926514,6.144999980926514,6.144999980926514,6.144999980926514,160.0
2023-06-16 12:43:00,XEL,64.44499969482422,64.44499969482422,64.47000122070312,64.44000244140625,64.45500183105469,3310.0
2023-06-16 12:44:00,AEP,85.37000274658203,85.37000274658203,85.41000366210938,85.37000274658203,85.41000366210938,3529.0
2023-06-16 12:44:00,AY,24.0,24.0,24.0,24.0,24.0,626.0
2023-06-16 12:44:00,CEG,93.70999908447266,93.70999908447266,93.73999786376953,93.70999908447266,93.73999786376953,2170.0
2023-06-16 12:44:00,EXC,41.349998474121094,41.349998474121094,41.380001068115234,41.349998474121094,41.369998931884766,7779.0
2023-06-16 12:44:00,FLNC,26.459999084472656,26.459999084472656,26.479999542236328,26.459999084472656,26.479999542236328,2000.0
2023-06-16 12:44:00,HTOO,2.2300000190734863,2.2300000190734863,2.2300000190734863,2.2300000190734863,2.2300000190734863,400.0
2023-06-16 12:44:00,LNT,54.119998931884766,54.119998931884766,54.130001068115234,54.119998931884766,54.130001068115234,1125.0
2023-06-16 12:44:00,MNTK,7.190000057220459,7.190000057220459,7.190000057220459,7.190000057220459,7.190000057220459,1298.0
2023-06-16 12:44:00,NFE,29.6200008392334,29.6200008392334,29.6299991607666,29.6200008392334,29.6299991607666,874.0
2023-06-16 12:44:00,NWE,59.06999969482422,59.06999969482422,59.06999969482422,59.06999969482422,59.06999969482422,456.0
2023-06-16 12:44:00,OTTR,75.45999908447266,75.45999908447266,75.45999908447266,75.45999908447266,75.45999908447266,413.0
2023-06-16 12:44:00,XEL,64.41999816894531,64.41999816894531,64.45500183105469,64.41999816894531,64.44000244140625,6935.0
2023-06-16 12:45:00,ADN,0.699999988079071,0.699999988079071,0.699999988079071,0.699999988079071,0.699999988079071,1432.0
2023-06-16 12:45:00,AEP,85.36000061035156,85.36000061035156,85.37000274658203,85.3499984741211,85.36540222167969,2462.0
2023-06-16 12:45:00,CEG,93.69000244140625,93.69000244140625,93.72000122070312,93.69000244140625,93.72000122070312,1311.0
2023-06-16 12:45:00,EXC,41.349998474121094,41.349998474121094,41.36000061035156,41.349998474121094,41.36000061035156,3146.0
2023-06-16 12:45:00,FLNC,26.459999084472656,26.459999084472656,26.459999084472656,26.440000534057617,26.440000534057617,570.0
2023-06-16 12:45:00,HTOO,2.2300000190734863,2.2300000190734863,2.2300000190734863,2.2300000190734863,2.2300000190734863,247.0
2023-06-16 12:45:00,LNT,54.11000061035156,54.11000061035156,54.1150016784668,54.11000061035156,54.1150016784668,576.0
2023-06-16 12:45:00,MSEX,82.37999725341797,82.37999725341797,82.37999725341797,82.37999725341797,82.37999725341797,282.0
2023-06-16 12:45:00,NFE,29.6200008392334,29.6200008392334,29.6200008392334,29.610000610351562,29.610000610351562,1485.0
2023-06-16 12:45:00,NWE,59.03499984741211,59.03499984741211,59.09000015258789,59.03499984741211,59.09000015258789,924.0
2023-06-16 12:45:00,RNW,6.131999969482422,6.131999969482422,6.144999980926514,6.130000114440918,6.144999980926514,7756.0
2023-06-16 12:45:00,XEL,64.41000366210938,64.41000366210938,64.43000030517578,64.41000366210938,64.42500305175781,4309.0
2023-06-16 12:46:00,ADN,0.699999988079071,0.699999988079071,0.699999988079071,0.699999988079071,0.699999988079071,112.0
2023-06-16 12:46:00,AEP,85.41000366210938,85.41000366210938,85.41000366210938,85.37999725341797,85.37999725341797,1186.0
2023-06-16 12:46:00,AY,24.0049991607666,24.0049991607666,24.0049991607666,24.0049991607666,24.0049991607666,258.0
2023-06-16 12:46:00,CDZI,4.425000190734863,4.425000190734863,4.425000190734863,4.425000190734863,4.425000190734863,111.0
2023-06-16 12:46:00,CEG,93.72000122070312,93.72000122070312,93.7300033569336,93.69999694824219,93.70999908447266,1763.0
2023-06-16 12:46:00,EXC,41.375,41.375,41.375,41.349998474121094,41.35499954223633,5670.0
2023-06-16 12:46:00,FLNC,26.479999542236328,26.479999542236328,26.479999542236328,26.469999313354492,26.469999313354492,735.0
2023-06-16 12:46:00,LNT,54.119998931884766,54.119998931884766,54.119998931884766,54.11000061035156,54.11000061035156,1318.0
2023-06-16 12:46:00,NFE,29.639999389648438,29.639999389648438,29.639999389648438,29.639999389648438,29.639999389648438,114.0
2023-06-16 12:46:00,PCYO,10.5600004196167,10.5600004196167,10.5600004196167,10.5600004196167,10.5600004196167,448.0
2023-06-16 12:46:00,RNW,6.139999866485596,6.139999866485596,6.139999866485596,6.139999866485596,6.139999866485596,100.0
2023-06-16 12:46:00,XEL,64.43000030517578,64.43000030517578,64.44000244140625,64.41000366210938,64.41000366210938,2883.0
2023-06-16 12:47:00,AEP,85.4198989868164,85.4198989868164,85.4198989868164,85.37999725341797,85.3949966430664,2776.0
2023-06-16 12:47:00,AY,24.009199142456055,24.009199142456055,24.009199142456055,24.009199142456055,24.009199142456055,271.0
2023-06-16 12:47:00,CEG,93.7300033569336,93.7300033569336,93.7300033569336,93.72000122070312,93.72000122070312,670.0
2023-06-16 12:47:00,EXC,41.380001068115234,41.380001068115234,41.380001068115234,41.369998931884766,41.375,1848.0
2023-06-16 12:47:00,LNT,54.13999938964844,54.13999938964844,54.150001525878906,54.13999938964844,54.13999938964844,606.0
2023-06-16 12:47:00,NFE,29.649999618530273,29.649999618530273,29.649999618530273,29.649999618530273,29.649999618530273,138.0
2023-06-16 12:47:00,RNW,6.144999980926514,6.144999980926514,6.144999980926514,6.135000228881836,6.135000228881836,766.0
2023-06-16 12:47:00,XEL,64.43499755859375,64.43499755859375,64.44000244140625,64.41999816894531,64.43000030517578,2423.0
2023-06-16 12:48:00,ADN,0.7020000219345093,0.7020000219345093,0.7020000219345093,0.7020000219345093,0.7020000219345093,100.0
2023-06-16 12:48:00,AEP,85.40640258789062,85.40640258789062,85.41000366210938,85.4000015258789,85.4000015258789,901.0
2023-06-16 12:48:00,AY,24.020000457763672,24.020000457763672,24.020000457763672,24.0049991607666,24.0049991607666,1442.0
2023-06-16 12:48:00,CEG,93.72000122070312,93.72000122070312,93.72139739990234,93.72000122070312,93.72139739990234,1447.0
2023-06-16 12:48:00,EXC,41.380001068115234,41.380001068115234,41.3849983215332,41.375,41.375,6276.0
2023-06-16 12:48:00,FLNC,26.506200790405273,26.506200790405273,26.506200790405273,26.479999542236328,26.479999542236328,1187.0
2023-06-16 12:48:00,LNT,54.13999938964844,54.13999938964844,54.15999984741211,54.13999938964844,54.14500045776367,1042.0
2023-06-16 12:48:00,NFE,29.65999984741211,29.65999984741211,29.670000076293945,29.65999984741211,29.65999984741211,1357.0
2023-06-16 12:48:00,RNW,6.144999980926514,6.144999980926514,6.144999980926514,6.144999980926514,6.144999980926514,100.0
2023-06-16 12:48:00,XEL,64.43000030517578,64.43000030517578,64.43499755859375,64.43000030517578,64.43000030517578,1614.0
2023-06-16 12:49:00,ADN,0.7020000219345093,0.7020000219345093,0.7020000219345093,0.7020000219345093,0.7020000219345093,100.0
2023-06-16 12:49:00,AEP,85.43000030517578,85.43000030517578,85.43000030517578,85.4000015258789,85.41000366210938,2810.0
2023-06-16 12:49:00,AY,24.011999130249023,24.011999130249023,24.014999389648438,24.010000228881836,24.014999389648438,1006.0
2023-06-16 12:49:00,CDZI,4.510000228881836,4.510000228881836,4.570000171661377,4.429999828338623,4.429999828338623,63597.0
2023-06-16 12:49:00,CEG,93.75,93.75,93.76000213623047,93.7300033569336,93.7300033569336,4664.0
2023-06-16 12:49:00,EXC,41.400001525878906,41.400001525878906,41.400001525878906,41.380001068115234,41.380001068115234,9438.0
2023-06-16 12:49:00,FLNC,26.510000228881836,26.510000228881836,26.510000228881836,26.5,26.5,468.0
2023-06-16 12:49:00,LNT,54.150001525878906,54.150001525878906,54.150001525878906,54.14910125732422,54.14910125732422,746.0
2023-06-16 12:49:00,MNTK,7.199999809265137,7.199999809265137,7.199999809265137,7.190000057220459,7.190000057220459,1298.0
2023-06-16 12:49:00,NFE,29.670000076293945,29.670000076293945,29.670000076293945,29.65999984741211,29.65999984741211,853.0
2023-06-16 12:49:00,NWE,59.040000915527344,59.040000915527344,59.040000915527344,59.040000915527344,59.040000915527344,437.0
2023-06-16 12:49:00,OTTR,75.5199966430664,75.5199966430664,75.5199966430664,75.5199966430664,75.5199966430664,101.0
2023-06-16 12:49:00,XEL,64.43499755859375,64.43499755859375,64.43499755859375,64.41500091552734,64.43499755859375,5697.0
2023-06-16 12:50:00,ADN,0.7020000219345093,0.7020000219345093,0.7020000219345093,0.7020000219345093,0.7020000219345093,100.0
2023-06-16 12:50:00,AEP,85.41999816894531,85.41999816894531,85.41999816894531,85.41000366210938,85.41999816894531,1188.0
2023-06-16 12:50:00,AY,24.010000228881836,24.010000228881836,24.010000228881836,24.010000228881836,24.010000228881836,371.0
2023-06-16 12:50:00,CDZI,4.497700214385986,4.497700214385986,4.497700214385986,4.497700214385986,4.497700214385986,456.0
2023-06-16 12:50:00,CEG,93.75,93.75,93.75,93.7300033569336,93.7300033569336,2038.0
2023-06-16 12:50:00,EXC,41.380001068115234,41.380001068115234,41.39500045776367,41.375,41.39500045776367,7526.0
2023-06-16 12:50:00,FLNC,26.4950008392334,26.4950008392334,26.4950008392334,26.4950008392334,26.4950008392334,597.0
2023-06-16 12:50:00,HTOO,2.2300000190734863,2.2300000190734863,2.2300000190734863,2.2300000190734863,2.2300000190734863,311.0
2023-06-16 12:50:00,LNT,54.1349983215332,54.1349983215332,54.14500045776367,54.1349983215332,54.14500045776367,680.0
2023-06-16 12:50:00,NFE,29.67729949951172,29.67729949951172,29.690000534057617,29.65999984741211,29.68000030517578,2015.0
2023-06-16 12:50:00,NWE,59.040000915527344,59.040000915527344,59.060001373291016,59.040000915527344,59.060001373291016,235.0
2023-06-16 12:50:00,OTTR,75.5199966430664,75.5199966430664,75.5199966430664,75.5199966430664,75.5199966430664,249.0
2023-06-16 12:50:00,PCYO,10.59000015258789,10.59000015258789,10.59000015258789,10.579999923706055,10.579999923706055,1644.0
2023-06-16 12:50:00,RNW,6.144999980926514,6.144999980926514,6.144999980926514,6.142000198364258,6.142000198364258,502.0
2023-06-16 12:50:00,XEL,64.41999816894531,64.41999816894531,64.43000030517578,64.41500091552734,64.43000030517578,3792.0
2023-06-16 12:51:00,ADN,0.7001000046730042,0.7001000046730042,0.7049999833106995,0.699999988079071,0.7020000219345093,10756.0
2023-06-16 12:51:00,AEP,85.44000244140625,85.44000244140625,85.44999694824219,85.41999816894531,85.41999816894531,3856.0
2023-06-16 12:51:00,AY,24.020000457763672,24.020000457763672,24.020000457763672,24.020000457763672,24.020000457763672,791.0
2023-06-16 12:51:00,CEG,93.75,93.75,93.76000213623047,93.75,93.75,1342.0
2023-06-16 12:51:00,EXC,41.37929916381836,41.37929916381836,41.38999938964844,41.375,41.375,2568.0
2023-06-16 12:51:00,FLNC,26.459999084472656,26.459999084472656,26.479999542236328,26.459999084472656,26.479999542236328,1068.0
2023-06-16 12:51:00,LNT,54.150001525878906,54.150001525878906,54.150001525878906,54.1349983215332,54.1349983215332,1356.0
2023-06-16 12:51:00,MNTK,7.230000019073486,7.230000019073486,7.230000019073486,7.21999979019165,7.21999979019165,491.0
2023-06-16 12:51:00,OTTR,75.48999786376953,75.48999786376953,75.48999786376953,75.48999786376953,75.48999786376953,570.0
2023-06-16 12:51:00,VIA,10.984999656677246,10.984999656677246,10.984999656677246,10.984999656677246,10.984999656677246,320.0
2023-06-16 12:51:00,XEL,64.44999694824219,64.44999694824219,64.44999694824219,64.42500305175781,64.42500305175781,2740.0
2023-06-16 12:52:00,ADN,0.699999988079071,0.699999988079071,0.699999988079071,0.699999988079071,0.699999988079071,224.0
2023-06-16 12:52:00,AEP,85.48560333251953,85.48560333251953,85.48560333251953,85.44000244140625,85.44850158691406,2334.0
2023-06-16 12:52:00,AY,24.0,24.0,24.014999389648438,24.0,24.014999389648438,933.0
2023-06-16 12:52:00,CDZI,4.465000152587891,4.465000152587891,4.48360013961792,4.465000152587891,4.48360013961792,1645.0
2023-06-16 12:52:00,CEG,93.75,93.75,93.7699966430664,93.73999786376953,93.73999786376953,5303.0
2023-06-16 12:52:00,CWCO,22.31999969482422,22.31999969482422,22.31999969482422,22.31999969482422,22.31999969482422,221.0
2023-06-16 12:52:00,EXC,41.38999938964844,41.38999938964844,41.38999938964844,41.369998931884766,41.380001068115234,3314.0
2023-06-16 12:52:00,FLNC,26.479999542236328,26.479999542236328,26.479999542236328,26.450000762939453,26.450000762939453,1477.0
2023-06-16 12:52:00,LNT,54.15999984741211,54.15999984741211,54.15999984741211,54.13999938964844,54.150001525878906,1643.0
2023-06-16 12:52:00,MGEE,79.8499984741211,79.8499984741211,79.8499984741211,79.62000274658203,79.62000274658203,471.0
2023-06-16 12:52:00,MNTK,7.21999979019165,7.21999979019165,7.224999904632568,7.21999979019165,7.21999979019165,330.0
2023-06-16 12:52:00,NFE,29.68000030517578,29.68000030517578,29.68000030517578,29.674999237060547,29.674999237060547,621.0
2023-06-16 12:52:00,OTTR,75.56999969482422,75.56999969482422,75.56999969482422,75.52999877929688,75.52999877929688,1087.0
2023-06-16 12:52:00,RGCO,21.4950008392334,21.4950008392334,21.4950008392334,21.4950008392334,21.4950008392334,625.0
2023-06-16 12:52:00,RNW,6.150000095367432,6.150000095367432,6.150000095367432,6.150000095367432,6.150000095367432,1587.0
2023-06-16 12:52:00,XEL,64.46499633789062,64.46499633789062,64.46499633789062,64.42500305175781,64.44000244140625,6549.0
2023-06-16 12:53:00,ADN,0.7009999752044678,0.7009999752044678,0.7009999752044678,0.7009999752044678,0.7009999752044678,120.0
2023-06-16 12:53:00,AEP,85.44999694824219,85.44999694824219,85.48999786376953,85.44999694824219,85.48999786376953,2004.0
2023-06-16 12:53:00,AY,24.0,24.0,24.0,24.0,24.0,205.0
2023-06-16 12:53:00,CEG,93.73999786376953,93.73999786376953,93.7699966430664,93.73999786376953,93.7699966430664,3882.0
2023-06-16 12:53:00,CWCO,22.309999465942383,22.309999465942383,22.309999465942383,22.309999465942383,22.309999465942383,333.0
2023-06-16 12:53:00,EXC,41.369998931884766,41.369998931884766,41.38999938964844,41.369998931884766,41.38999938964844,4782.0
2023-06-16 12:53:00,FLNC,26.5,26.5,26.5,26.499900817871094,26.499900817871094,566.0
2023-06-16 12:53:00,HTOO,2.210200071334839,2.210200071334839,2.2200000286102295,2.210099935531616,2.2200000286102295,994.0
2023-06-16 12:53:00,LNT,54.13999938964844,54.13999938964844,54.16999816894531,54.13999938964844,54.15999984741211,1517.0
2023-06-16 12:53:00,NFE,29.690000534057617,29.690000534057617,29.690000534057617,29.684999465942383,29.684999465942383,313.0
2023-06-16 12:53:00,RNW,6.159999847412109,6.159999847412109,6.159999847412109,6.159999847412109,6.159999847412109,395.0
2023-06-16 12:53:00,XEL,64.44000244140625,64.44000244140625,64.45999908447266,64.44000244140625,64.44999694824219,2094.0
2023-06-16 12:54:00,ADN,0.7009999752044678,0.7009999752044678,0.7009999752044678,0.7009999752044678,0.7009999752044678,100.0
2023-06-16 12:54:00,AEP,85.4397964477539,85.4397964477539,85.44000244140625,85.43000030517578,85.43000030517578,1073.0
2023-06-16 12:54:00,AY,24.0,24.0,24.0,23.989999771118164,24.0,6861.0
2023-06-16 12:54:00,CDZI,4.449999809265137,4.449999809265137,4.454899787902832,4.449999809265137,4.454899787902832,1408.0
2023-06-16 12:54:00,CEG,93.75,93.75,93.75,93.73500061035156,93.73500061035156,414.0
2023-06-16 12:54:00,CWCO,22.31999969482422,22.31999969482422,22.31999969482422,22.31999969482422,22.31999969482422,556.0
2023-06-16 12:54:00,EXC,41.36000061035156,41.36000061035156,41.36000061035156,41.349998474121094,41.36000061035156,5839.0
2023-06-16 12:54:00,FLNC,26.489999771118164,26.489999771118164,26.489999771118164,26.489999771118164,26.489999771118164,218.0
2023-06-16 12:54:00,MSEX,82.3499984741211,82.3499984741211,82.3499984741211,82.3499984741211,82.3499984741211,153.0
2023-06-16 12:54:00,NFE,29.700000762939453,29.700000762939453,29.700000762939453,29.699899673461914,29.699899673461914,522.0
2023-06-16 12:54:00,NWE,59.040000915527344,59.040000915527344,59.040000915527344,59.040000915527344,59.040000915527344,440.0
2023-06-16 12:54:00,XEL,64.41000366210938,64.41000366210938,64.44499969482422,64.41000366210938,64.44499969482422,2548.0
2023-06-16 12:55:00,AEP,85.4800033569336,85.4800033569336,85.48999786376953,85.44000244140625,85.44000244140625,6355.0
2023-06-16 12:55:00,AY,24.030000686645508,24.030000686645508,24.040000915527344,24.010000228881836,24.010000228881836,1547.0
2023-06-16 12:55:00,CDZI,4.449999809265137,4.449999809265137,4.449999809265137,4.449999809265137,4.449999809265137,660.0
2023-06-16 12:55:00,CEG,93.73999786376953,93.73999786376953,93.75,93.73999786376953,93.73999786376953,1889.0
2023-06-16 12:55:00,CWCO,22.290000915527344,22.290000915527344,22.290000915527344,22.290000915527344,22.290000915527344,677.0
2023-06-16 12:55:00,EXC,41.389198303222656,41.389198303222656,41.389198303222656,41.369998931884766,41.369998931884766,3903.0
2023-06-16 12:55:00,FLNC,26.520000457763672,26.520000457763672,26.520000457763672,26.504499435424805,26.510000228881836,1746.0
2023-06-16 12:55:00,LNT,54.16999816894531,54.16999816894531,54.16999816894531,54.15999984741211,54.15999984741211,1006.0
2023-06-16 12:55:00,MNTK,7.230000019073486,7.230000019073486,7.230000019073486,7.230000019073486,7.230000019073486,126.0
2023-06-16 12:55:00,NFE,29.729999542236328,29.729999542236328,29.729999542236328,29.700000762939453,29.709999084472656,2783.0
2023-06-16 12:55:00,PCYO,10.579999923706055,10.579999923706055,10.609999656677246,10.579999923706055,10.609999656677246,481.0
2023-06-16 12:55:00,RNW,6.15500020980835,6.15500020980835,6.15500020980835,6.15500020980835,6.15500020980835,200.0
2023-06-16 12:55:00,XEL,64.44000244140625,64.44000244140625,64.44999694824219,64.41999816894531,64.41999816894531,3870.0
2023-06-16 12:56:00,ADN,0.7009999752044678,0.7009999752044678,0.7009999752044678,0.7009999752044678,0.7009999752044678,100.0
2023-06-16 12:56:00,AEP,85.45999908447266,85.45999908447266,85.47000122070312,85.45999908447266,85.47000122070312,931.0
2023-06-16 12:56:00,ARTNA,49.38999938964844,49.38999938964844,49.40999984741211,49.349998474121094,49.349998474121094,1349.0
2023-06-16 12:56:00,AY,24.030000686645508,24.030000686645508,24.030000686645508,24.030000686645508,24.030000686645508,691.0
2023-06-16 12:56:00,CDZI,4.449999809265137,4.449999809265137,4.449999809265137,4.449999809265137,4.449999809265137,100.0
2023-06-16 12:56:00,CEG,93.75,93.75,93.76000213623047,93.74500274658203,93.74500274658203,2440.0
2023-06-16 12:56:00,EXC,41.38999938964844,41.38999938964844,41.38999938964844,41.380001068115234,41.380001068115234,1770.0
2023-06-16 12:56:00,HTOO,2.210200071334839,2.210200071334839,2.2200000286102295,2.210099935531616,2.2200000286102295,2000.0
2023-06-16 12:56:00,LNT,54.16999816894531,54.16999816894531,54.16999816894531,54.16999816894531,54.16999816894531,353.0
2023-06-16 12:56:00,NFE,29.729999542236328,29.729999542236328,29.729999542236328,29.729999542236328,29.729999542236328,1176.0
2023-06-16 12:56:00,RNW,6.158699989318848,6.158699989318848,6.158699989318848,6.15500020980835,6.15500020980835,234.0
2023-06-16 12:56:00,XEL,64.43000030517578,64.43000030517578,64.44999694824219,64.43000030517578,64.44999694824219,3103.0
2023-06-16 12:57:00,ADN,0.7009999752044678,0.7009999752044678,0.7009999752044678,0.7009999752044678,0.7009999752044678,100.0
2023-06-16 12:57:00,AEP,85.4800033569336,85.4800033569336,85.4800033569336,85.44999694824219,85.45999908447266,2480.0
2023-06-16 12:57:00,ARTNA,49.34000015258789,49.34000015258789,49.41999816894531,49.34000015258789,49.41999816894531,480.0
2023-06-16 12:57:00,CDZI,4.449999809265137,4.449999809265137,4.449999809265137,4.449999809265137,4.449999809265137,100.0
2023-06-16 12:57:00,CEG,93.72000122070312,93.72000122070312,93.75,93.72000122070312,93.75,2552.0
2023-06-16 12:57:00,EXC,41.3849983215332,41.3849983215332,41.38999938964844,41.380001068115234,41.38999938964844,888.0
2023-06-16 12:57:00,FLNC,26.5,26.5,26.5,26.5,26.5,175.0
2023-06-16 12:57:00,LNT,54.189998626708984,54.189998626708984,54.189998626708984,54.16999816894531,54.16999816894531,1734.0
2023-06-16 12:57:00,MSEX,82.58000183105469,82.58000183105469,82.58000183105469,82.41000366210938,82.41000366210938,1663.0
2023-06-16 12:57:00,RNW,6.159999847412109,6.159999847412109,6.159999847412109,6.15500020980835,6.15500020980835,304.0
2023-06-16 12:57:00,VIA,10.920000076293945,10.920000076293945,10.949999809265137,10.920000076293945,10.949999809265137,511.0
2023-06-16 12:57:00,XEL,64.43000030517578,64.43000030517578,64.44999694824219,64.43000030517578,64.43000030517578,3193.0
2023-06-16 12:58:00,ADN,0.7009999752044678,0.7009999752044678,0.7009999752044678,0.7009999752044678,0.7009999752044678,100.0
2023-06-16 12:58:00,AEP,85.43000030517578,85.43000030517578,85.5,85.43000030517578,85.48999786376953,8691.0
2023-06-16 12:58:00,AY,24.030000686645508,24.030000686645508,24.030000686645508,24.030000686645508,24.030000686645508,302.0
2023-06-16 12:58:00,CDZI,4.449999809265137,4.449999809265137,4.449999809265137,4.449999809265137,4.449999809265137,200.0
2023-06-16 12:58:00,CEG,93.73999786376953,93.73999786376953,93.76000213623047,93.72000122070312,93.72000122070312,3493.0
2023-06-16 12:58:00,EXC,41.38999938964844,41.38999938964844,41.400001525878906,41.3849983215332,41.38999938964844,8950.0
2023-06-16 12:58:00,FLNC,26.529300689697266,26.529300689697266,26.529300689697266,26.529300689697266,26.529300689697266,524.0
2023-06-16 12:58:00,LNT,54.189998626708984,54.189998626708984,54.20000076293945,54.189998626708984,54.189998626708984,1393.0
2023-06-16 12:58:00,MNTK,7.21999979019165,7.21999979019165,7.21999979019165,7.21999979019165,7.21999979019165,227.0
2023-06-16 12:58:00,RNW,6.159999847412109,6.159999847412109,6.159999847412109,6.159999847412109,6.159999847412109,337.0
2023-06-16 12:58:00,XEL,64.41500091552734,64.41500091552734,64.44999694824219,64.41500091552734,64.44000244140625,3989.0
2023-06-16 12:59:00,ADN,0.6969000101089478,0.6969000101089478,0.704200029373169,0.6969000101089478,0.7009999752044678,9734.0
2023-06-16 12:59:00,AEP,85.44000244140625,85.44000244140625,85.44000244140625,85.43000030517578,85.43000030517578,443.0
2023-06-16 12:59:00,CDZI,4.46999979019165,4.46999979019165,4.485000133514404,4.440000057220459,4.449999809265137,5455.0
2023-06-16 12:59:00,CEG,93.7300033569336,93.7300033569336,93.75,93.7300033569336,93.73999786376953,1665.0
2023-06-16 12:59:00,CWCO,22.270000457763672,22.270000457763672,22.270000457763672,22.270000457763672,22.270000457763672,381.0
2023-06-16 12:59:00,EXC,41.39500045776367,41.39500045776367,41.39500045776367,41.380001068115234,41.3849983215332,20766.0
2023-06-16 12:59:00,FLNC,26.43000030517578,26.43000030517578,26.489999771118164,26.43000030517578,26.489999771118164,3071.0
2023-06-16 12:59:00,HTOO,2.2100000381469727,2.2100000381469727,2.2100000381469727,2.2100000381469727,2.2100000381469727,405.0
2023-06-16 12:59:00,LNT,54.15999984741211,54.15999984741211,54.15999984741211,54.15999984741211,54.15999984741211,1249.0
2023-06-16 12:59:00,NFE,29.719999313354492,29.719999313354492,29.729999542236328,29.719999313354492,29.729999542236328,3081.0
2023-06-16 12:59:00,RNW,6.144999980926514,6.144999980926514,6.159999847412109,6.139999866485596,6.159999847412109,10706.0
2023-06-16 12:59:00,XEL,64.41999816894531,64.41999816894531,64.42659759521484,64.4000015258789,64.41000366210938,3451.0
2023-06-16 13:00:00,ADN,0.6969000101089478,0.6969000101089478,0.6992999911308289,0.6969000101089478,0.6969000101089478,2222.0
2023-06-16 13:00:00,AEP,85.44000244140625,85.44000244140625,85.44000244140625,85.4354019165039,85.44000244140625,1966.0
2023-06-16 13:00:00,AY,24.030000686645508,24.030000686645508,24.030000686645508,24.030000686645508,24.030000686645508,252.0
2023-06-16 13:00:00,EXC,41.3849983215332,41.3849983215332,41.39500045776367,41.3849983215332,41.38999938964844,6984.0
2023-06-16 13:00:00,FLNC,26.450000762939453,26.450000762939453,26.450000762939453,26.420000076293945,26.440000534057617,809.0
2023-06-16 13:00:00,LNT,54.15999984741211,54.15999984741211,54.16999816894531,54.15999984741211,54.165000915527344,2205.0
2023-06-16 13:00:00,NFE,29.739999771118164,29.739999771118164,29.739999771118164,29.719999313354492,29.719999313354492,2921.0
2023-06-16 13:00:00,RNW,6.150000095367432,6.150000095367432,6.150000095367432,6.150000095367432,6.150000095367432,2969.0
2023-06-16 13:00:00,XEL,64.4000015258789,64.4000015258789,64.42500305175781,64.4000015258789,64.42500305175781,2056.0
2023-06-16 13:01:00,ADN,0.7021999955177307,0.7021999955177307,0.7042999863624573,0.6969000101089478,0.699999988079071,7312.0
2023-06-16 13:01:00,AEP,85.41300201416016,85.41300201416016,85.43000030517578,85.41000366210938,85.43000030517578,1430.0
2023-06-16 13:01:00,AY,24.020000457763672,24.020000457763672,24.038999557495117,24.020000457763672,24.038999557495117,360.0
2023-06-16 13:01:00,CEG,93.73999786376953,93.73999786376953,93.74500274658203,93.7300033569336,93.73500061035156,1878.0
2023-06-16 13:01:00,EXC,41.369998931884766,41.369998931884766,41.380001068115234,41.369998931884766,41.380001068115234,2345.0
2023-06-16 13:01:00,LNT,54.13999938964844,54.13999938964844,54.150001525878906,54.130001068115234,54.150001525878906,1351.0
2023-06-16 13:01:00,MNTK,7.210000038146973,7.210000038146973,7.210000038146973,7.210000038146973,7.210000038146973,379.0
2023-06-16 13:01:00,NFE,29.729999542236328,29.729999542236328,29.739999771118164,29.729999542236328,29.739999771118164,1733.0
2023-06-16 13:01:00,NWE,59.025001525878906,59.025001525878906,59.025001525878906,59.025001525878906,59.025001525878906,655.0
2023-06-16 13:01:00,RNW,6.139999866485596,6.139999866485596,6.140100002288818,6.139999866485596,6.140100002288818,200.0
2023-06-16 13:01:00,VIA,10.975000381469727,10.975000381469727,10.975000381469727,10.975000381469727,10.975000381469727,335.0
2023-06-16 13:01:00,XEL,64.37999725341797,64.37999725341797,64.38999938964844,64.37000274658203,64.38999938964844,3046.0
2023-06-16 13:02:00,ADN,0.7037500143051147,0.7037500143051147,0.7037500143051147,0.7013130187988281,0.7013130187988281,378.0
2023-06-16 13:02:00,AEP,85.38999938964844,85.38999938964844,85.41500091552734,85.38999938964844,85.41500091552734,3038.0
2023-06-16 13:02:00,AY,24.020000457763672,24.020000457763672,24.020000457763672,24.020000457763672,24.020000457763672,796.0
2023-06-16 13:02:00,CDZI,4.489999771118164,4.489999771118164,4.489999771118164,4.489999771118164,4.489999771118164,118.0
2023-06-16 13:02:00,EXC,41.3650016784668,41.3650016784668,41.375,41.36000061035156,41.375,12416.0
2023-06-16 13:02:00,LNT,54.1150016784668,54.1150016784668,54.14500045776367,54.1150016784668,54.14500045776367,793.0
2023-06-16 13:02:00,MNTK,7.215000152587891,7.215000152587891,7.21999979019165,7.215000152587891,7.21999979019165,211.0
2023-06-16 13:02:00,NFE,29.729999542236328,29.729999542236328,29.729999542236328,29.729999542236328,29.729999542236328,320.0
2023-06-16 13:02:00,XEL,64.33499908447266,64.33499908447266,64.37999725341797,64.33499908447266,64.37999725341797,2398.0
2023-06-16 13:03:00,AEP,85.37000274658203,85.37000274658203,85.37000274658203,85.37000274658203,85.37000274658203,1099.0
2023-06-16 13:03:00,AY,24.010000228881836,24.010000228881836,24.010000228881836,24.010000228881836,24.010000228881836,1238.0
2023-06-16 13:03:00,CEG,93.70999908447266,93.70999908447266,93.72000122070312,93.6500015258789,93.72000122070312,3805.0
2023-06-16 13:03:00,CWCO,22.079999923706055,22.079999923706055,22.190000534057617,22.079999923706055,22.190000534057617,2323.0
2023-06-16 13:03:00,EXC,41.369998931884766,41.369998931884766,41.375,41.345001220703125,41.36000061035156,18142.0
2023-06-16 13:03:00,LNT,54.09000015258789,54.09000015258789,54.11000061035156,54.09000015258789,54.11000061035156,1305.0
2023-06-16 13:03:00,NFE,29.729999542236328,29.729999542236328,29.729999542236328,29.719999313354492,29.729999542236328,2044.0
2023-06-16 13:03:00,NWE,59.01499938964844,59.01499938964844,59.01499938964844,59.01499938964844,59.01499938964844,573.0
2023-06-16 13:03:00,OTTR,75.55000305175781,75.55000305175781,75.57749938964844,75.52999877929688,75.52999877929688,594.0
2023-06-16 13:03:00,RNW,6.150000095367432,6.150000095367432,6.150000095367432,6.150000095367432,6.150000095367432,100.0
2023-06-16 13:03:00,XEL,64.33000183105469,64.33000183105469,64.33000183105469,64.30000305175781,64.33000183105469,4425.0
2023-06-16 13:03:00,YORW,43.22999954223633,43.22999954223633,43.22999954223633,43.22999954223633,43.22999954223633,1129.0
2023-06-16 13:04:00,AEP,85.37999725341797,85.37999725341797,85.4000015258789,85.37999725341797,85.37999725341797,4492.0
2023-06-16 13:04:00,AY,24.0049991607666,24.0049991607666,24.0049991607666,24.0049991607666,24.0049991607666,573.0
2023-06-16 13:04:00,CDZI,4.489999771118164,4.489999771118164,4.489999771118164,4.489999771118164,4.489999771118164,500.0
2023-06-16 13:04:00,EXC,41.380001068115234,41.380001068115234,41.38859939575195,41.3650016784668,41.3650016784668,20816.0
2023-06-16 13:04:00,FLNC,26.420000076293945,26.420000076293945,26.420000076293945,26.420000076293945,26.420000076293945,329.0
2023-06-16 13:04:00,LNT,54.1150016784668,54.1150016784668,54.119998931884766,54.099998474121094,54.099998474121094,2649.0
2023-06-16 13:04:00,NFE,29.729999542236328,29.729999542236328,29.729999542236328,29.729999542236328,29.729999542236328,124.0
2023-06-16 13:04:00,NWE,58.994998931884766,58.994998931884766,58.994998931884766,58.9900016784668,58.9900016784668,448.0
2023-06-16 13:04:00,RNW,6.150000095367432,6.150000095367432,6.150000095367432,6.150000095367432,6.150000095367432,100.0
2023-06-16 13:04:00,XEL,64.3499984741211,64.3499984741211,64.3550033569336,64.33000183105469,64.33000183105469,9011.0
2023-06-16 13:05:00,ADN,0.704800009727478,0.704800009727478,0.7049999833106995,0.704800009727478,0.704800009727478,1673.0
2023-06-16 13:05:00,AEP,85.4000015258789,85.4000015258789,85.4000015258789,85.37999725341797,85.38999938964844,8266.0
2023-06-16 13:05:00,ARTNA,49.40999984741211,49.40999984741211,49.40999984741211,49.40999984741211,49.40999984741211,113.0
2023-06-16 13:05:00,CDZI,4.480000019073486,4.480000019073486,4.480000019073486,4.480000019073486,4.480000019073486,300.0
2023-06-16 13:05:00,CEG,93.69999694824219,93.69999694824219,93.72000122070312,93.69999694824219,93.70999908447266,2310.0
2023-06-16 13:05:00,EXC,41.3849983215332,41.3849983215332,41.3849983215332,41.369998931884766,41.375,5060.0
2023-06-16 13:05:00,FLNC,26.440000534057617,26.440000534057617,26.440000534057617,26.440000534057617,26.440000534057617,483.0
2023-06-16 13:05:00,LNT,54.11000061035156,54.11000061035156,54.119998931884766,54.11000061035156,54.11000061035156,881.0
2023-06-16 13:05:00,MNTK,7.199999809265137,7.199999809265137,7.210000038146973,7.199999809265137,7.210000038146973,1660.0
2023-06-16 13:05:00,NFE,29.711700439453125,29.711700439453125,29.723600387573242,29.709999084472656,29.719999313354492,2016.0
2023-06-16 13:05:00,OTTR,75.51000213623047,75.51000213623047,75.51000213623047,75.51000213623047,75.51000213623047,476.0
2023-06-16 13:05:00,XEL,64.36399841308594,64.36399841308594,64.36399841308594,64.34500122070312,64.3499984741211,5540.0
2023-06-16 13:06:00,AEP,85.38999938964844,85.38999938964844,85.38999938964844,85.38999938964844,85.38999938964844,1211.0
2023-06-16 13:06:00,AY,24.0,24.0,24.0,24.0,24.0,402.0
2023-06-16 13:06:00,CDZI,4.489999771118164,4.489999771118164,4.489999771118164,4.489999771118164,4.489999771118164,648.0
2023-06-16 13:06:00,CEG,93.66999816894531,93.66999816894531,93.69999694824219,93.66000366210938,93.69999694824219,1452.0
2023-06-16 13:06:00,EXC,41.3849983215332,41.3849983215332,41.38999938964844,41.3849983215332,41.3849983215332,663.0
2023-06-16 13:06:00,FLNC,26.3799991607666,26.3799991607666,26.420000076293945,26.3799991607666,26.420000076293945,2341.0
2023-06-16 13:06:00,LNT,54.119998931884766,54.119998931884766,54.119998931884766,54.119998931884766,54.119998931884766,382.0
2023-06-16 13:06:00,MNTK,7.179999828338623,7.179999828338623,7.190000057220459,7.179999828338623,7.190000057220459,300.0
2023-06-16 13:06:00,NFE,29.700000762939453,29.700000762939453,29.709999084472656,29.700000762939453,29.709999084472656,563.0
2023-06-16 13:06:00,PCYO,10.619999885559082,10.619999885559082,10.619999885559082,10.619999885559082,10.619999885559082,125.0
2023-06-16 13:06:00,RNW,6.144999980926514,6.144999980926514,6.144999980926514,6.144999980926514,6.144999980926514,222.0
2023-06-16 13:06:00,XEL,64.36000061035156,64.36000061035156,64.375,64.36000061035156,64.37000274658203,4489.0
2023-06-16 13:07:00,ADN,0.699999988079071,0.699999988079071,0.699999988079071,0.699999988079071,0.699999988079071,100.0
2023-06-16 13:07:00,AEP,85.36000061035156,85.36000061035156,85.37999725341797,85.36000061035156,85.37999725341797,3810.0
2023-06-16 13:07:00,CDZI,4.5,4.5,4.5,4.5,4.5,207.0
2023-06-16 13:07:00,CEG,93.5999984741211,93.5999984741211,93.66000366210938,93.5999984741211,93.66000366210938,2801.0
2023-06-16 13:07:00,CWCO,22.135000228881836,22.135000228881836,22.135000228881836,22.135000228881836,22.135000228881836,202.0
2023-06-16 13:07:00,EXC,41.36000061035156,41.36000061035156,41.3849983215332,41.36000061035156,41.380001068115234,11944.0
2023-06-16 13:07:00,FLNC,26.389999389648438,26.389999389648438,26.40220069885254,26.389999389648438,26.40220069885254,264.0
2023-06-16 13:07:00,LNT,54.08000183105469,54.08000183105469,54.11000061035156,54.08000183105469,54.11000061035156,1496.0
2023-06-16 13:07:00,MNTK,7.170000076293945,7.170000076293945,7.170000076293945,7.170000076293945,7.170000076293945,422.0
2023-06-16 13:07:00,NFE,29.729999542236328,29.729999542236328,29.729999542236328,29.709999084472656,29.709999084472656,2255.0
2023-06-16 13:07:00,NWE,58.9900016784668,58.9900016784668,58.9900016784668,58.9900016784668,58.9900016784668,1112.0
2023-06-16 13:07:00,RNW,6.135000228881836,6.135000228881836,6.144999980926514,6.130000114440918,6.144999980926514,4998.0
2023-06-16 13:07:00,XEL,64.30500030517578,64.30500030517578,64.3499984741211,64.30500030517578,64.3499984741211,5729.0
2023-06-16 13:08:00,ADN,0.699999988079071,0.699999988079071,0.699999988079071,0.699999988079071,0.699999988079071,100.0
2023-06-16 13:08:00,AEP,85.33000183105469,85.33000183105469,85.33999633789062,85.33000183105469,85.33999633789062,1076.0
2023-06-16 13:08:00,ARTNA,49.380001068115234,49.380001068115234,49.380001068115234,49.380001068115234,49.380001068115234,322.0
2023-06-16 13:08:00,AY,23.979999542236328,23.979999542236328,23.979999542236328,23.969999313354492,23.979999542236328,1039.0
2023-06-16 13:08:00,CEG,93.54000091552734,93.54000091552734,93.55999755859375,93.54000091552734,93.55999755859375,780.0
2023-06-16 13:08:00,CREG,1.9800000190734863,1.9800000190734863,1.9800000190734863,1.9800000190734863,1.9800000190734863,175.0
2023-06-16 13:08:00,EXC,41.34000015258789,41.34000015258789,41.349998474121094,41.34000015258789,41.349998474121094,2106.0
2023-06-16 13:08:00,FLNC,26.360000610351562,26.360000610351562,26.3700008392334,26.360000610351562,26.3700008392334,2597.0
2023-06-16 13:08:00,LNT,54.060001373291016,54.060001373291016,54.064998626708984,54.060001373291016,54.064998626708984,860.0
2023-06-16 13:08:00,MGEE,79.80000305175781,79.80000305175781,79.80000305175781,79.69999694824219,79.69999694824219,253.0
2023-06-16 13:08:00,MNTK,7.159999847412109,7.159999847412109,7.170000076293945,7.159999847412109,7.170000076293945,552.0
2023-06-16 13:08:00,NFE,29.719999313354492,29.719999313354492,29.729999542236328,29.709999084472656,29.729999542236328,3735.0
2023-06-16 13:08:00,RNW,6.130099773406982,6.130099773406982,6.130099773406982,6.130099773406982,6.130099773406982,600.0
2023-06-16 13:08:00,XEL,64.27999877929688,64.27999877929688,64.30000305175781,64.2750015258789,64.30000305175781,2004.0
2023-06-16 13:09:00,ADN,0.7037000060081482,0.7037000060081482,0.7049999833106995,0.699999988079071,0.699999988079071,1200.0
2023-06-16 13:09:00,AEP,85.31999969482422,85.31999969482422,85.33499908447266,85.31999969482422,85.33000183105469,3020.0
2023-06-16 13:09:00,AY,23.989999771118164,23.989999771118164,23.989999771118164,23.979999542236328,23.979999542236328,403.0
2023-06-16 13:09:00,CEG,93.51499938964844,93.51499938964844,93.52999877929688,93.5,93.52999877929688,4552.0
2023-06-16 13:09:00,EXC,41.33000183105469,41.33000183105469,41.34000015258789,41.314998626708984,41.34000015258789,6720.0
2023-06-16 13:09:00,FLNC,26.3700008392334,26.3700008392334,26.3700008392334,26.350000381469727,26.350000381469727,1274.0
2023-06-16 13:09:00,LNT,54.040000915527344,54.040000915527344,54.05500030517578,54.040000915527344,54.05500030517578,765.0
2023-06-16 13:09:00,MNTK,7.164999961853027,7.164999961853027,7.170000076293945,7.164999961853027,7.164999961853027,520.0
2023-06-16 13:09:00,NFE,29.729999542236328,29.729999542236328,29.729999542236328,29.72279930114746,29.72279930114746,716.0
2023-06-16 13:09:00,NWE,58.959999084472656,58.959999084472656,58.96500015258789,58.95000076293945,58.96500015258789,1398.0
2023-06-16 13:09:00,PCYO,10.619999885559082,10.619999885559082,10.619999885559082,10.619999885559082,10.619999885559082,101.0
2023-06-16 13:09:00,XEL,64.26000213623047,64.26000213623047,64.27999877929688,64.26000213623047,64.27999877929688,2084.0
2023-06-16 13:10:00,ADN,0.7049999833106995,0.7049999833106995,0.7049999833106995,0.699999988079071,0.699999988079071,1110.0
2023-06-16 13:10:00,AEP,85.30999755859375,85.30999755859375,85.30999755859375,85.29000091552734,85.30999755859375,2724.0
2023-06-16 13:10:00,AY,23.985000610351562,23.985000610351562,23.985000610351562,23.979999542236328,23.979999542236328,206.0
2023-06-16 13:10:00,CEG,93.5,93.5,93.5,93.47000122070312,93.48999786376953,4868.0
2023-06-16 13:10:00,EXC,41.33000183105469,41.33000183105469,41.334999084472656,41.31999969482422,41.32500076293945,10976.0
2023-06-16 13:10:00,FLNC,26.360000610351562,26.360000610351562,26.3700008392334,26.34000015258789,26.34000015258789,4128.0
2023-06-16 13:10:00,LNT,54.029998779296875,54.029998779296875,54.040000915527344,54.025001525878906,54.029998779296875,3741.0
2023-06-16 13:10:00,MGEE,79.77999877929688,79.77999877929688,79.77999877929688,79.67500305175781,79.67500305175781,529.0
2023-06-16 13:10:00,MNTK,7.159999847412109,7.159999847412109,7.164999961853027,7.159999847412109,7.164999961853027,203.0
2023-06-16 13:10:00,NFE,29.700000762939453,29.700000762939453,29.719999313354492,29.700000762939453,29.719999313354492,766.0
2023-06-16 13:10:00,OTTR,75.47000122070312,75.47000122070312,75.47000122070312,75.47000122070312,75.47000122070312,426.0
2023-06-16 13:10:00,RGCO,21.46500015258789,21.46500015258789,21.46500015258789,21.43000030517578,21.43000030517578,1247.0
2023-06-16 13:10:00,RNW,6.139999866485596,6.139999866485596,6.139999866485596,6.139999866485596,6.139999866485596,483.0
2023-06-16 13:10:00,XEL,64.30000305175781,64.30000305175781,64.30000305175781,64.2300033569336,64.25,10189.0
2023-06-16 13:11:00,ADN,0.699999988079071,0.699999988079071,0.699999988079071,0.699999988079071,0.699999988079071,100.0
2023-06-16 13:11:00,AEP,85.33999633789062,85.33999633789062,85.3499984741211,85.33499908447266,85.33999633789062,2420.0
2023-06-16 13:11:00,AY,23.989999771118164,23.989999771118164,23.999099731445312,23.979999542236328,23.985000610351562,2429.0
2023-06-16 13:11:00,CEG,93.51000213623047,93.51000213623047,93.5199966430664,93.5,93.5,2912.0
2023-06-16 13:11:00,CWCO,22.139999389648438,22.139999389648438,22.139999389648438,22.139999389648438,22.139999389648438,267.0
2023-06-16 13:11:00,EXC,41.33000183105469,41.33000183105469,41.33000183105469,41.33000183105469,41.33000183105469,1695.0
2023-06-16 13:11:00,FLNC,26.399999618530273,26.399999618530273,26.399999618530273,26.3799991607666,26.3799991607666,1887.0
2023-06-16 13:11:00,LNT,54.04029846191406,54.04029846191406,54.04499816894531,54.03499984741211,54.040000915527344,1286.0
2023-06-16 13:11:00,NFE,29.709999084472656,29.709999084472656,29.709999084472656,29.700000762939453,29.700000762939453,626.0
2023-06-16 13:11:00,RNW,6.150000095367432,6.150000095367432,6.150000095367432,6.150000095367432,6.150000095367432,110.0
2023-06-16 13:11:00,XEL,64.30000305175781,64.30000305175781,64.30000305175781,64.29499816894531,64.30000305175781,1931.0
2023-06-16 13:12:00,ADN,0.699999988079071,0.699999988079071,0.7049999833106995,0.699999988079071,0.7037000060081482,4100.0
2023-06-16 13:12:00,AEP,85.36750030517578,85.36750030517578,85.36750030517578,85.33000183105469,85.33999633789062,3777.0
2023-06-16 13:12:00,AY,23.985000610351562,23.985000610351562,23.985000610351562,23.985000610351562,23.985000610351562,205.0
2023-06-16 13:12:00,CDZI,4.510000228881836,4.510000228881836,4.510000228881836,4.510000228881836,4.510000228881836,276.0
2023-06-16 13:12:00,CEG,93.55000305175781,93.55000305175781,93.55999755859375,93.5199966430664,93.52999877929688,7152.0
2023-06-16 13:12:00,EXC,41.34000015258789,41.34000015258789,41.34000015258789,41.31999969482422,41.32500076293945,5084.0
2023-06-16 13:12:00,FLNC,26.389999389648438,26.389999389648438,26.389999389648438,26.389999389648438,26.389999389648438,600.0
2023-06-16 13:12:00,LNT,54.03219985961914,54.03219985961914,54.040000915527344,54.025001525878906,54.040000915527344,2264.0
2023-06-16 13:12:00,NFE,29.71500015258789,29.71500015258789,29.719999313354492,29.71500015258789,29.719999313354492,1378.0
2023-06-16 13:12:00,PCYO,10.59000015258789,10.59000015258789,10.59000015258789,10.59000015258789,10.59000015258789,100.0
2023-06-16 13:12:00,RGCO,21.427799224853516,21.427799224853516,21.427799224853516,21.427799224853516,21.427799224853516,670.0
2023-06-16 13:12:00,RNW,6.150000095367432,6.150000095367432,6.150000095367432,6.150000095367432,6.150000095367432,120.0
2023-06-16 13:12:00,XEL,64.30999755859375,64.30999755859375,64.30999755859375,64.2699966430664,64.30000305175781,6340.0
2023-06-16 13:13:00,AEP,85.3499984741211,85.3499984741211,85.36000061035156,85.34500122070312,85.36000061035156,3509.0
2023-06-16 13:13:00,AY,23.969999313354492,23.969999313354492,23.985000610351562,23.969999313354492,23.985000610351562,966.0
2023-06-16 13:13:00,CEG,93.55999755859375,93.55999755859375,93.55999755859375,93.52999877929688,93.54499816894531,898.0
2023-06-16 13:13:00,CWCO,22.110000610351562,22.110000610351562,22.110000610351562,22.110000610351562,22.110000610351562,317.0
2023-06-16 13:13:00,EXC,41.334999084472656,41.334999084472656,41.34000015258789,41.33000183105469,41.34000015258789,1242.0
2023-06-16 13:13:00,FLNC,26.3700008392334,26.3700008392334,26.3799991607666,26.3700008392334,26.3799991607666,824.0
2023-06-16 13:13:00,LNT,54.04999923706055,54.04999923706055,54.04999923706055,54.03499984741211,54.03499984741211,2496.0
2023-06-16 13:13:00,MNTK,7.159999847412109,7.159999847412109,7.159999847412109,7.159999847412109,7.159999847412109,312.0
2023-06-16 13:13:00,NFE,29.72760009765625,29.72760009765625,29.72760009765625,29.72760009765625,29.72760009765625,200.0
2023-06-16 13:13:00,PCYO,10.619999885559082,10.619999885559082,10.619999885559082,10.619999885559082,10.619999885559082,195.0
2023-06-16 13:13:00,RNW,6.135000228881836,6.135000228881836,6.144999980926514,6.135000228881836,6.144999980926514,4012.0
2023-06-16 13:13:00,XEL,64.30999755859375,64.30999755859375,64.31500244140625,64.30000305175781,64.30999755859375,1782.0
2023-06-16 13:14:00,ADN,0.7037500143051147,0.7037500143051147,0.7037500143051147,0.699999988079071,0.699999988079071,200.0
2023-06-16 13:14:00,AEP,85.36009979248047,85.36009979248047,85.36990356445312,85.3499984741211,85.3499984741211,2675.0
2023-06-16 13:14:00,AY,23.989999771118164,23.989999771118164,23.989999771118164,23.969999313354492,23.969999313354492,1535.0
2023-06-16 13:14:00,CDZI,4.519999980926514,4.519999980926514,4.519999980926514,4.519999980926514,4.519999980926514,332.0
2023-06-16 13:14:00,CEG,93.62220001220703,93.62220001220703,93.62220001220703,93.56999969482422,93.56999969482422,5888.0
2023-06-16 13:14:00,CWCO,22.209999084472656,22.209999084472656,22.209999084472656,22.155000686645508,22.155000686645508,1102.0
2023-06-16 13:14:00,EXC,41.34000015258789,41.34000015258789,41.34000015258789,41.33000183105469,41.334999084472656,4916.0
2023-06-16 13:14:00,FLNC,26.360000610351562,26.360000610351562,26.3700008392334,26.360000610351562,26.3700008392334,320.0
2023-06-16 13:14:00,LNT,54.05500030517578,54.05500030517578,54.05500030517578,54.04999923706055,54.04999923706055,213.0
2023-06-16 13:14:00,MNTK,7.159999847412109,7.159999847412109,7.159999847412109,7.159999847412109,7.159999847412109,300.0
2023-06-16 13:14:00,NFE,29.709999084472656,29.709999084472656,29.709999084472656,29.709999084472656,29.709999084472656,109.0
2023-06-16 13:14:00,RNW,6.139999866485596,6.139999866485596,6.139999866485596,6.139999866485596,6.139999866485596,111.0
2023-06-16 13:14:00,WAVE,2.341599941253662,2.341599941253662,2.341599941253662,2.341599941253662,2.341599941253662,105.0
2023-06-16 13:14:00,XEL,64.3218002319336,64.3218002319336,64.32499694824219,64.31999969482422,64.31999969482422,2509.0
2023-06-16 13:15:00,ADN,0.699999988079071,0.699999988079071,0.699999988079071,0.699999988079071,0.699999988079071,100.0
2023-06-16 13:15:00,AEP,85.37000274658203,85.37000274658203,85.37999725341797,85.36499786376953,85.36799621582031,3010.0
2023-06-16 13:15:00,AY,24.0049991607666,24.0049991607666,24.005399703979492,23.98900032043457,23.98900032043457,1550.0
2023-06-16 13:15:00,CEG,93.5999984741211,93.5999984741211,93.62000274658203,93.58999633789062,93.62000274658203,2030.0
2023-06-16 13:15:00,CWCO,22.190000534057617,22.190000534057617,22.190000534057617,22.190000534057617,22.190000534057617,420.0
2023-06-16 13:15:00,EXC,41.345001220703125,41.345001220703125,41.345001220703125,41.334999084472656,41.334999084472656,4830.0
2023-06-16 13:15:00,FLNC,26.350000381469727,26.350000381469727,26.361400604248047,26.350000381469727,26.361400604248047,1083.0
2023-06-16 13:15:00,LNT,54.06159973144531,54.06159973144531,54.06999969482422,54.05500030517578,54.05500030517578,2303.0
2023-06-16 13:15:00,MNTK,7.139999866485596,7.139999866485596,7.159999847412109,7.139999866485596,7.159999847412109,716.0
2023-06-16 13:15:00,NFE,29.709999084472656,29.709999084472656,29.719999313354492,29.709999084472656,29.719999313354492,206.0
2023-06-16 13:15:00,RNW,6.147500038146973,6.147500038146973,6.147500038146973,6.139999866485596,6.139999866485596,354.0
2023-06-16 13:15:00,XEL,64.33499908447266,64.33499908447266,64.33499908447266,64.32499694824219,64.32499694824219,1881.0
2023-06-16 13:16:00,ADN,0.699999988079071,0.699999988079071,0.699999988079071,0.699999988079071,0.699999988079071,159.0
2023-06-16 13:16:00,AEP,85.3499984741211,85.3499984741211,85.36000061035156,85.33999633789062,85.36000061035156,3642.0
2023-06-16 13:16:00,AY,23.979999542236328,23.979999542236328,24.0,23.979999542236328,24.0,901.0
2023-06-16 13:16:00,CEG,93.56999969482422,93.56999969482422,93.61499786376953,93.55000305175781,93.61499786376953,2474.0
2023-06-16 13:16:00,EXC,41.334999084472656,41.334999084472656,41.345001220703125,41.31999969482422,41.345001220703125,6794.0
2023-06-16 13:16:00,FLNC,26.334999084472656,26.334999084472656,26.334999084472656,26.334999084472656,26.334999084472656,624.0
2023-06-16 13:16:00,LNT,54.060001373291016,54.060001373291016,54.08000183105469,54.04999923706055,54.064998626708984,3152.0
2023-06-16 13:16:00,NFE,29.719999313354492,29.719999313354492,29.719999313354492,29.719999313354492,29.719999313354492,1159.0
2023-06-16 13:16:00,NWE,58.90999984741211,58.90999984741211,58.90999984741211,58.90999984741211,58.90999984741211,145.0
2023-06-16 13:16:00,OTTR,75.44999694824219,75.44999694824219,75.45999908447266,75.44999694824219,75.45999908447266,718.0
2023-06-16 13:16:00,PCYO,10.59000015258789,10.59000015258789,10.59000015258789,10.59000015258789,10.59000015258789,600.0
2023-06-16 13:16:00,RNW,6.150000095367432,6.150000095367432,6.150000095367432,6.150000095367432,6.150000095367432,169.0
2023-06-16 13:16:00,XEL,64.33000183105469,64.33000183105469,64.33499908447266,64.31500244140625,64.33000183105469,5637.0
2023-06-16 13:17:00,ADN,0.699999988079071,0.699999988079071,0.699999988079071,0.699999988079071,0.699999988079071,102.0
2023-06-16 13:17:00,AEP,85.3499984741211,85.3499984741211,85.3499984741211,85.33999633789062,85.33999633789062,2605.0
2023-06-16 13:17:00,CEG,93.55000305175781,93.55000305175781,93.57499694824219,93.55000305175781,93.55999755859375,1009.0
2023-06-16 13:17:00,EXC,41.33919906616211,41.33919906616211,41.339900970458984,41.334999084472656,41.334999084472656,7194.0
2023-06-16 13:17:00,MNTK,7.119999885559082,7.119999885559082,7.135000228881836,7.119999885559082,7.135000228881836,452.0
2023-06-16 13:17:00,NFE,29.670000076293945,29.670000076293945,29.709999084472656,29.670000076293945,29.709999084472656,1950.0
2023-06-16 13:17:00,PCYO,10.600000381469727,10.600000381469727,10.600000381469727,10.600000381469727,10.600000381469727,100.0
2023-06-16 13:17:00,RNW,6.150000095367432,6.150000095367432,6.150000095367432,6.150000095367432,6.150000095367432,144.0
2023-06-16 13:17:00,VIASP,16.09000015258789,16.09000015258789,16.09000015258789,16.09000015258789,16.09000015258789,296.0
2023-06-16 13:17:00,XEL,64.30999755859375,64.30999755859375,64.33000183105469,64.29100036621094,64.33000183105469,8522.0
2023-06-16 13:18:00,ADN,0.7001000046730042,0.7001000046730042,0.7038000226020813,0.7001000046730042,0.7038000226020813,200.0
2023-06-16 13:18:00,AEP,85.38999938964844,85.38999938964844,85.38999938964844,85.36000061035156,85.36000061035156,2250.0
2023-06-16 13:18:00,AY,23.989999771118164,23.989999771118164,23.989999771118164,23.989999771118164,23.989999771118164,523.0
2023-06-16 13:18:00,CEG,93.55999755859375,93.55999755859375,93.57499694824219,93.55999755859375,93.56999969482422,1824.0
2023-06-16 13:18:00,EXC,41.35499954223633,41.35499954223633,41.35499954223633,41.334999084472656,41.334999084472656,7012.0
2023-06-16 13:18:00,FLNC,26.281299591064453,26.281299591064453,26.31999969482422,26.281299591064453,26.31999969482422,1975.0
2023-06-16 13:18:00,LNT,54.09000015258789,54.09000015258789,54.09000015258789,54.06999969482422,54.06999969482422,1858.0
2023-06-16 13:18:00,MNTK,7.119999885559082,7.119999885559082,7.119999885559082,7.119999885559082,7.119999885559082,211.0
2023-06-16 13:18:00,NFE,29.670000076293945,29.670000076293945,29.68000030517578,29.670000076293945,29.68000030517578,1571.0
2023-06-16 13:18:00,NWE,58.939998626708984,58.939998626708984,58.939998626708984,58.90999984741211,58.90999984741211,598.0
2023-06-16 13:18:00,PCYO,10.619999885559082,10.619999885559082,10.619999885559082,10.609999656677246,10.609999656677246,503.0
2023-06-16 13:18:00,RNW,6.139999866485596,6.139999866485596,6.150000095367432,6.139999866485596,6.150000095367432,3082.0
2023-06-16 13:18:00,VIA,10.944100379943848,10.944100379943848,10.944100379943848,10.944100379943848,10.944100379943848,1500.0
2023-06-16 13:18:00,XEL,64.31999969482422,64.31999969482422,64.31999969482422,64.30999755859375,64.30999755859375,1477.0
2023-06-16 13:19:00,ADN,0.7001000046730042,0.7001000046730042,0.7002000212669373,0.7001000046730042,0.7001000046730042,2100.0
2023-06-16 13:19:00,AEP,85.37999725341797,85.37999725341797,85.4000015258789,85.37999725341797,85.38999938964844,2583.0
2023-06-16 13:19:00,AY,23.989999771118164,23.989999771118164,23.989999771118164,23.989999771118164,23.989999771118164,393.0
2023-06-16 13:19:00,CDZI,4.510000228881836,4.510000228881836,4.510000228881836,4.510000228881836,4.510000228881836,100.0
2023-06-16 13:19:00,CEG,93.56999969482422,93.56999969482422,93.57499694824219,93.56999969482422,93.57499694824219,691.0
2023-06-16 13:19:00,EXC,41.35499954223633,41.35499954223633,41.3650016784668,41.349998474121094,41.35499954223633,7585.0
2023-06-16 13:19:00,HTOO,2.228600025177002,2.228600025177002,2.228600025177002,2.228600025177002,2.228600025177002,138.0
2023-06-16 13:19:00,LNT,54.08000183105469,54.08000183105469,54.08000183105469,54.08000183105469,54.08000183105469,427.0
2023-06-16 13:19:00,MNTK,7.119999885559082,7.119999885559082,7.119999885559082,7.119999885559082,7.119999885559082,200.0
2023-06-16 13:19:00,NFE,29.649999618530273,29.649999618530273,29.65999984741211,29.649999618530273,29.65999984741211,457.0
2023-06-16 13:19:00,NWE,58.939998626708984,58.939998626708984,58.939998626708984,58.939998626708984,58.939998626708984,898.0
2023-06-16 13:19:00,RNW,6.139999866485596,6.139999866485596,6.139999866485596,6.139999866485596,6.139999866485596,100.0
2023-06-16 13:19:00,WAVE,2.5199999809265137,2.5199999809265137,2.5199999809265137,2.5199999809265137,2.5199999809265137,114.0
2023-06-16 13:19:00,XEL,64.31500244140625,64.31500244140625,64.31999969482422,64.31500244140625,64.31500244140625,710.0
2023-06-16 13:20:00,ADN,0.7001000046730042,0.7001000046730042,0.7001000046730042,0.7001000046730042,0.7001000046730042,100.0
2023-06-16 13:20:00,AEP,85.36900329589844,85.36900329589844,85.37999725341797,85.36000061035156,85.37999725341797,1561.0
2023-06-16 13:20:00,ARTNA,49.40999984741211,49.40999984741211,49.41999816894531,49.400001525878906,49.41999816894531,550.0
2023-06-16 13:20:00,AY,23.969999313354492,23.969999313354492,23.979999542236328,23.969999313354492,23.979999542236328,492.0
2023-06-16 13:20:00,CDZI,4.480000019073486,4.480000019073486,4.510000228881836,4.480000019073486,4.510000228881836,3017.0
2023-06-16 13:20:00,CEG,93.58000183105469,93.58000183105469,93.58000183105469,93.54000091552734,93.55999755859375,3623.0
2023-06-16 13:20:00,CWCO,22.15999984741211,22.15999984741211,22.190000534057617,22.15999984741211,22.190000534057617,487.0
2023-06-16 13:20:00,EXC,41.35499954223633,41.35499954223633,41.36000061035156,41.35499954223633,41.35499954223633,1101.0
2023-06-16 13:20:00,FLNC,26.25,26.25,26.289100646972656,26.25,26.289100646972656,1616.0
2023-06-16 13:20:00,LNT,54.06999969482422,54.06999969482422,54.09000015258789,54.06999969482422,54.08000183105469,1905.0
2023-06-16 13:20:00,MNTK,7.110000133514404,7.110000133514404,7.119999885559082,7.110000133514404,7.119999885559082,539.0
2023-06-16 13:20:00,NFE,29.649999618530273,29.649999618530273,29.65999984741211,29.649999618530273,29.65999984741211,614.0
2023-06-16 13:20:00,NWE,59.0,59.0,59.0,59.0,59.0,100.0
2023-06-16 13:20:00,OTTR,75.44499969482422,75.44499969482422,75.44499969482422,75.41000366210938,75.41000366210938,396.0
2023-06-16 13:20:00,RNW,6.119999885559082,6.119999885559082,6.139999866485596,6.114999771118164,6.139999866485596,6900.0
2023-06-16 13:20:00,VIA,10.989999771118164,10.989999771118164,10.989999771118164,10.989999771118164,10.989999771118164,252.0
2023-06-16 13:20:00,XEL,64.29499816894531,64.29499816894531,64.31500244140625,64.29000091552734,64.31500244140625,4882.0
2023-06-16 13:21:00,ADN,0.7001000046730042,0.7001000046730042,0.7001000046730042,0.7001000046730042,0.7001000046730042,100.0
2023-06-16 13:21:00,AEP,85.33000183105469,85.33000183105469,85.37000274658203,85.33000183105469,85.37000274658203,4043.0
2023-06-16 13:21:00,AY,23.950000762939453,23.950000762939453,23.954999923706055,23.950000762939453,23.954999923706055,343.0
2023-06-16 13:21:00,CEG,93.54000091552734,93.54000091552734,93.55999755859375,93.54000091552734,93.55999755859375,906.0
2023-06-16 13:21:00,CWCO,22.219999313354492,22.219999313354492,22.219999313354492,22.200000762939453,22.219999313354492,1265.0
2023-06-16 13:21:00,EXC,41.375,41.375,41.375,41.33000183105469,41.35499954223633,27329.0
2023-06-16 13:21:00,FLNC,26.25,26.25,26.250099182128906,26.25,26.250099182128906,566.0
2023-06-16 13:21:00,LNT,54.04999923706055,54.04999923706055,54.060001373291016,54.04499816894531,54.060001373291016,2231.0
2023-06-16 13:21:00,MNTK,7.110000133514404,7.110000133514404,7.110000133514404,7.110000133514404,7.110000133514404,100.0
2023-06-16 13:21:00,MSEX,82.58000183105469,82.58000183105469,82.58000183105469,82.58000183105469,82.58000183105469,230.0
2023-06-16 13:21:00,NFE,29.65999984741211,29.65999984741211,29.670000076293945,29.65999984741211,29.670000076293945,1326.0
2023-06-16 13:21:00,NWE,58.97999954223633,58.97999954223633,59.0,58.97999954223633,59.0,1550.0
2023-06-16 13:21:00,PCYO,10.59000015258789,10.59000015258789,10.59000015258789,10.59000015258789,10.59000015258789,237.0
2023-06-16 13:21:00,RNW,6.119999885559082,6.119999885559082,6.119999885559082,6.119999885559082,6.119999885559082,229.0
2023-06-16 13:21:00,XEL,64.29000091552734,64.29000091552734,64.30500030517578,64.2750015258789,64.29499816894531,9120.0
2023-06-16 13:22:00,AEP,85.37000274658203,85.37000274658203,85.37000274658203,85.33000183105469,85.33999633789062,2841.0
2023-06-16 13:22:00,AY,23.950000762939453,23.950000762939453,23.950000762939453,23.950000762939453,23.950000762939453,100.0
2023-06-16 13:22:00,CEG,93.54000091552734,93.54000091552734,93.55000305175781,93.51000213623047,93.54000091552734,6913.0
2023-06-16 13:22:00,EXC,41.38999938964844,41.38999938964844,41.38999938964844,41.369998931884766,41.375,9262.0
2023-06-16 13:22:00,FLNC,26.270000457763672,26.270000457763672,26.270000457763672,26.239999771118164,26.25,8274.0
2023-06-16 13:22:00,LNT,54.06999969482422,54.06999969482422,54.07500076293945,54.04999923706055,54.04999923706055,2756.0
2023-06-16 13:22:00,MNTK,7.110000133514404,7.110000133514404,7.110000133514404,7.110000133514404,7.110000133514404,200.0
2023-06-16 13:22:00,RNW,6.119999885559082,6.119999885559082,6.119999885559082,6.114999771118164,6.114999771118164,262.0
2023-06-16 13:22:00,XEL,64.28500366210938,64.28500366210938,64.30000305175781,64.2699966430664,64.27999877929688,5729.0
2023-06-16 13:23:00,ADN,0.7001000046730042,0.7001000046730042,0.7001000046730042,0.7001000046730042,0.7001000046730042,100.0
2023-06-16 13:23:00,AEP,85.38999938964844,85.38999938964844,85.38999938964844,85.36000061035156,85.36000061035156,1928.0
2023-06-16 13:23:00,AY,23.950000762939453,23.950000762939453,23.950000762939453,23.940000534057617,23.940000534057617,2020.0
2023-06-16 13:23:00,CEG,93.55999755859375,93.55999755859375,93.55999755859375,93.54000091552734,93.54000091552734,2161.0
2023-06-16 13:23:00,EXC,41.404998779296875,41.404998779296875,41.40999984741211,41.39500045776367,41.400001525878906,14128.0
2023-06-16 13:23:00,FLNC,26.309999465942383,26.309999465942383,26.309999465942383,26.260000228881836,26.270000457763672,4109.0
2023-06-16 13:23:00,LNT,54.07500076293945,54.07500076293945,54.08000183105469,54.07500076293945,54.08000183105469,1240.0
2023-06-16 13:23:00,MNTK,7.114999771118164,7.114999771118164,7.114999771118164,7.110000133514404,7.110000133514404,498.0
2023-06-16 13:23:00,NFE,29.655000686645508,29.655000686645508,29.655000686645508,29.649999618530273,29.649999618530273,1066.0
2023-06-16 13:23:00,PCYO,10.600000381469727,10.600000381469727,10.600000381469727,10.59000015258789,10.600000381469727,425.0
2023-06-16 13:23:00,RNW,6.125,6.125,6.125,6.119999885559082,6.119999885559082,777.0
2023-06-16 13:23:00,VIA,10.960000038146973,10.960000038146973,10.960000038146973,10.960000038146973,10.960000038146973,297.0
2023-06-16 13:23:00,XEL,64.31999969482422,64.31999969482422,64.33999633789062,64.28500366210938,64.28500366210938,10713.0
2023-06-16 13:24:00,ADN,0.7001000046730042,0.7001000046730042,0.7001000046730042,0.7001000046730042,0.7001000046730042,100.0
2023-06-16 13:24:00,AEP,85.38500213623047,85.38500213623047,85.39990234375,85.37999725341797,85.38999938964844,3389.0
2023-06-16 13:24:00,ARTNA,49.44499969482422,49.44499969482422,49.44499969482422,49.44499969482422,49.44499969482422,204.0
2023-06-16 13:24:00,AY,23.950000762939453,23.950000762939453,23.950000762939453,23.950000762939453,23.950000762939453,114.0
2023-06-16 13:24:00,BNRG,0.9800000190734863,0.9800000190734863,0.9800000190734863,0.9800000190734863,0.9800000190734863,208.0
2023-06-16 13:24:00,CDZI,4.480000019073486,4.480000019073486,4.480100154876709,4.480000019073486,4.480100154876709,5582.0
2023-06-16 13:24:00,CEG,93.57499694824219,93.57499694824219,93.61000061035156,93.55999755859375,93.58000183105469,3896.0
2023-06-16 13:24:00,EXC,41.40999984741211,41.40999984741211,41.42499923706055,41.404998779296875,41.40999984741211,11846.0
2023-06-16 13:24:00,FLNC,26.290000915527344,26.290000915527344,26.290000915527344,26.270000457763672,26.290000915527344,2109.0
2023-06-16 13:24:00,LNT,54.06999969482422,54.06999969482422,54.07500076293945,54.06999969482422,54.07500076293945,509.0
2023-06-16 13:24:00,MNTK,7.099999904632568,7.099999904632568,7.099999904632568,7.099999904632568,7.099999904632568,313.0
2023-06-16 13:24:00,NFE,29.65999984741211,29.65999984741211,29.65999984741211,29.65999984741211,29.65999984741211,957.0
2023-06-16 13:24:00,RNW,6.120800018310547,6.120800018310547,6.120800018310547,6.120800018310547,6.120800018310547,305.0
2023-06-16 13:24:00,XEL,64.32499694824219,64.32499694824219,64.32499694824219,64.31500244140625,64.31500244140625,1266.0
2023-06-16 13:25:00,ADN,0.7038000226020813,0.7038000226020813,0.7038000226020813,0.7001000046730042,0.7001000046730042,220.0
2023-06-16 13:25:00,AEP,85.36000061035156,85.36000061035156,85.38999938964844,85.36000061035156,85.37999725341797,2354.0
2023-06-16 13:25:00,AY,23.950000762939453,23.950000762939453,23.950000762939453,23.950000762939453,23.950000762939453,508.0
2023-06-16 13:25:00,CDZI,4.460000038146973,4.460000038146973,4.480000019073486,4.460000038146973,4.470099925994873,10865.0
2023-06-16 13:25:00,CEG,93.56999969482422,93.56999969482422,93.5999984741211,93.56999969482422,93.5999984741211,2622.0
2023-06-16 13:25:00,CWCO,22.184999465942383,22.184999465942383,22.184999465942383,22.184999465942383,22.184999465942383,754.0
2023-06-16 13:25:00,EXC,41.38999938964844,41.38999938964844,41.41910171508789,41.38999938964844,41.40999984741211,8082.0
2023-06-16 13:25:00,FLNC,26.229999542236328,26.229999542236328,26.260000228881836,26.200000762939453,26.260000228881836,4593.0
2023-06-16 13:25:00,LNT,54.06999969482422,54.06999969482422,54.06999969482422,54.06999969482422,54.06999969482422,890.0
2023-06-16 13:25:00,MNTK,7.099999904632568,7.099999904632568,7.099999904632568,7.099999904632568,7.099999904632568,295.0
2023-06-16 13:25:00,RGCO,21.434999465942383,21.434999465942383,21.434999465942383,21.434999465942383,21.434999465942383,384.0
2023-06-16 13:25:00,RNW,6.130000114440918,6.130000114440918,6.130000114440918,6.119999885559082,6.119999885559082,200.0
2023-06-16 13:25:00,XEL,64.29000091552734,64.29000091552734,64.32499694824219,64.29000091552734,64.31999969482422,4570.0
2023-06-16 13:26:00,ADN,0.7001000046730042,0.7001000046730042,0.7001000046730042,0.7001000046730042,0.7001000046730042,100.0
2023-06-16 13:26:00,AEP,85.3499984741211,85.3499984741211,85.36000061035156,85.3499984741211,85.36000061035156,1049.0
2023-06-16 13:26:00,AY,23.940000534057617,23.940000534057617,23.950000762939453,23.940000534057617,23.950000762939453,675.0
2023-06-16 13:26:00,CDZI,4.460000038146973,4.460000038146973,4.460100173950195,4.460000038146973,4.460100173950195,5683.0
2023-06-16 13:26:00,CEG,93.5999984741211,93.5999984741211,93.61000061035156,93.56999969482422,93.56999969482422,1183.0
2023-06-16 13:26:00,EXC,41.38999938964844,41.38999938964844,41.404998779296875,41.38999938964844,41.39500045776367,4223.0
2023-06-16 13:26:00,FLNC,26.235000610351562,26.235000610351562,26.25,26.229999542236328,26.229999542236328,1280.0
2023-06-16 13:26:00,LNT,54.04999923706055,54.04999923706055,54.04999923706055,54.04999923706055,54.04999923706055,200.0
2023-06-16 13:26:00,NFE,29.670000076293945,29.670000076293945,29.670000076293945,29.645000457763672,29.649999618530273,2053.0
2023-06-16 13:26:00,PCYO,10.607999801635742,10.607999801635742,10.607999801635742,10.607999801635742,10.607999801635742,1711.0
2023-06-16 13:26:00,RNW,6.114999771118164,6.114999771118164,6.119999885559082,6.114999771118164,6.119999885559082,972.0
2023-06-16 13:26:00,XEL,64.29000091552734,64.29000091552734,64.30000305175781,64.27999877929688,64.29000091552734,6018.0
2023-06-16 13:27:00,ADN,0.7074990272521973,0.7074990272521973,0.7074990272521973,0.7001000046730042,0.7001000046730042,1133.0
2023-06-16 13:27:00,AEP,85.36309814453125,85.36309814453125,85.37000274658203,85.33999633789062,85.36000061035156,3932.0
2023-06-16 13:27:00,AY,23.950000762939453,23.950000762939453,23.950000762939453,23.950000762939453,23.950000762939453,205.0
2023-06-16 13:27:00,CDZI,4.440000057220459,4.440000057220459,4.450500011444092,4.429999828338623,4.449999809265137,6318.0
2023-06-16 13:27:00,CEG,93.52999877929688,93.52999877929688,93.58999633789062,93.5199966430664,93.58999633789062,3224.0
2023-06-16 13:27:00,EXC,41.38999938964844,41.38999938964844,41.400001525878906,41.38999938964844,41.400001525878906,5802.0
2023-06-16 13:27:00,FLNC,26.190000534057617,26.190000534057617,26.232500076293945,26.190000534057617,26.229999542236328,1392.0
2023-06-16 13:27:00,LNT,54.05459976196289,54.05459976196289,54.060001373291016,54.040000915527344,54.04499816894531,1589.0
2023-06-16 13:27:00,MGEE,79.7699966430664,79.7699966430664,79.7699966430664,79.7699966430664,79.7699966430664,198.0
2023-06-16 13:27:00,MNTK,7.079999923706055,7.079999923706055,7.099999904632568,7.079999923706055,7.099999904632568,1058.0
2023-06-16 13:27:00,NFE,29.674999237060547,29.674999237060547,29.674999237060547,29.670000076293945,29.670000076293945,1360.0
2023-06-16 13:27:00,OTTR,75.4000015258789,75.4000015258789,75.4000015258789,75.4000015258789,75.4000015258789,230.0
2023-06-16 13:27:00,RNW,6.117499828338623,6.117499828338623,6.117499828338623,6.114999771118164,6.114999771118164,300.0
2023-06-16 13:27:00,XEL,64.33000183105469,64.33000183105469,64.3499984741211,64.30500030517578,64.30500030517578,10321.0
2023-06-16 13:28:00,ADN,0.7038000226020813,0.7038000226020813,0.7038000226020813,0.7038000226020813,0.7038000226020813,294.0
2023-06-16 13:28:00,AEP,85.3499984741211,85.3499984741211,85.36000061035156,85.34870147705078,85.36000061035156,2142.0
2023-06-16 13:28:00,AY,23.950000762939453,23.950000762939453,23.950000762939453,23.950000762939453,23.950000762939453,383.0
2023-06-16 13:28:00,CDZI,4.429999828338623,4.429999828338623,4.429999828338623,4.429999828338623,4.429999828338623,366.0
2023-06-16 13:28:00,CEG,93.5,93.5,93.51000213623047,93.5,93.51000213623047,2159.0
2023-06-16 13:28:00,EXC,41.380001068115234,41.380001068115234,41.38999938964844,41.375,41.38999938964844,9175.0
2023-06-16 13:28:00,FLNC,26.204999923706055,26.204999923706055,26.209999084472656,26.170000076293945,26.170000076293945,4057.0
2023-06-16 13:28:00,LNT,54.025001525878906,54.025001525878906,54.04999923706055,54.025001525878906,54.04999923706055,1463.0
2023-06-16 13:28:00,MNTK,7.079999923706055,7.079999923706055,7.079999923706055,7.079999923706055,7.079999923706055,100.0
2023-06-16 13:28:00,MSEX,82.56999969482422,82.56999969482422,82.56999969482422,82.56999969482422,82.56999969482422,383.0
2023-06-16 13:28:00,NFE,29.68000030517578,29.68000030517578,29.690000534057617,29.68000030517578,29.68000030517578,1939.0
2023-06-16 13:28:00,OTTR,75.4000015258789,75.4000015258789,75.4000015258789,75.4000015258789,75.4000015258789,1128.0
2023-06-16 13:28:00,RNW,6.119999885559082,6.119999885559082,6.119999885559082,6.114999771118164,6.114999771118164,482.0
2023-06-16 13:28:00,XEL,64.30999755859375,64.30999755859375,64.32499694824219,64.29499816894531,64.32499694824219,4758.0
2023-06-16 13:29:00,AEP,85.31999969482422,85.31999969482422,85.3499984741211,85.31999969482422,85.3499984741211,2686.0
2023-06-16 13:29:00,AY,23.950000762939453,23.950000762939453,23.950000762939453,23.950000762939453,23.950000762939453,135.0
2023-06-16 13:29:00,CDZI,4.429999828338623,4.429999828338623,4.429999828338623,4.429999828338623,4.429999828338623,265.0
2023-06-16 13:29:00,CEG,93.48999786376953,93.48999786376953,93.48999786376953,93.47000122070312,93.48999786376953,1976.0
2023-06-16 13:29:00,EXC,41.3849983215332,41.3849983215332,41.3849983215332,41.380001068115234,41.380001068115234,1356.0
2023-06-16 13:29:00,FLNC,26.19499969482422,26.19499969482422,26.19499969482422,26.19499969482422,26.19499969482422,2380.0
2023-06-16 13:29:00,GWRS,12.520000457763672,12.520000457763672,12.539999961853027,12.479999542236328,12.479999542236328,1084.0
2023-06-16 13:29:00,LNT,54.020999908447266,54.020999908447266,54.020999908447266,54.020999908447266,54.020999908447266,331.0
2023-06-16 13:29:00,MGEE,79.62999725341797,79.62999725341797,79.62999725341797,79.62999725341797,79.62999725341797,386.0
2023-06-16 13:29:00,MNTK,7.079999923706055,7.079999923706055,7.079999923706055,7.079999923706055,7.079999923706055,100.0
2023-06-16 13:29:00,RNW,6.119999885559082,6.119999885559082,6.119999885559082,6.119999885559082,6.119999885559082,419.0
2023-06-16 13:29:00,XEL,64.31999969482422,64.31999969482422,64.31999969482422,64.30999755859375,64.31500244140625,5730.0
2023-06-16 13:30:00,ADN,0.699999988079071,0.699999988079071,0.7002999782562256,0.699999988079071,0.7002999782562256,6439.0
2023-06-16 13:30:00,AEP,85.30000305175781,85.30000305175781,85.32499694824219,85.30000305175781,85.32499694824219,3101.0
2023-06-16 13:30:00,AY,23.93000030517578,23.93000030517578,23.954999923706055,23.93000030517578,23.940000534057617,2633.0
2023-06-16 13:30:00,CDZI,4.429999828338623,4.429999828338623,4.429999828338623,4.429999828338623,4.429999828338623,449.0
2023-06-16 13:30:00,CEG,93.5,93.5,93.5199966430664,93.48999786376953,93.48999786376953,6306.0
2023-06-16 13:30:00,CWCO,22.219999313354492,22.219999313354492,22.219999313354492,22.18000030517578,22.18000030517578,1707.0
2023-06-16 13:30:00,EXC,41.3650016784668,41.3650016784668,41.3849983215332,41.36000061035156,41.3849983215332,17283.0
2023-06-16 13:30:00,FLNC,26.2549991607666,26.2549991607666,26.270000457763672,26.209999084472656,26.209999084472656,3410.0
2023-06-16 13:30:00,LNT,54.0099983215332,54.0099983215332,54.02000045776367,54.0099983215332,54.02000045776367,3723.0
2023-06-16 13:30:00,MGEE,79.61000061035156,79.61000061035156,79.70999908447266,79.61000061035156,79.62000274658203,1143.0
2023-06-16 13:30:00,MNTK,7.079999923706055,7.079999923706055,7.079999923706055,7.079999923706055,7.079999923706055,547.0
2023-06-16 13:30:00,NFE,29.639999389648438,29.639999389648438,29.68000030517578,29.639999389648438,29.68000030517578,1359.0
2023-06-16 13:30:00,NWE,58.95000076293945,58.95000076293945,58.959999084472656,58.95000076293945,58.959999084472656,212.0
2023-06-16 13:30:00,RNW,6.119999885559082,6.119999885559082,6.119999885559082,6.119999885559082,6.119999885559082,101.0
2023-06-16 13:30:00,XEL,64.30500030517578,64.30500030517578,64.32499694824219,64.30000305175781,64.31500244140625,8414.0
2023-06-16 13:31:00,AEP,85.27999877929688,85.27999877929688,85.30500030517578,85.27999877929688,85.29070281982422,2744.0
2023-06-16 13:31:00,ARTNA,49.45000076293945,49.45000076293945,49.45000076293945,49.45000076293945,49.45000076293945,100.0
2023-06-16 13:31:00,AY,23.920000076293945,23.920000076293945,23.920000076293945,23.920000076293945,23.920000076293945,1042.0
2023-06-16 13:31:00,CDZI,4.420000076293945,4.420000076293945,4.421000003814697,4.420000076293945,4.421000003814697,1100.0
2023-06-16 13:31:00,CEG,93.52999877929688,93.52999877929688,93.52999877929688,93.51499938964844,93.51499938964844,372.0
2023-06-16 13:31:00,CWCO,22.21500015258789,22.21500015258789,22.21500015258789,22.21500015258789,22.21500015258789,121.0
2023-06-16 13:31:00,EXC,41.3650016784668,41.3650016784668,41.3650016784668,41.35499954223633,41.36000061035156,9718.0
2023-06-16 13:31:00,FLNC,26.260000228881836,26.260000228881836,26.260000228881836,26.260000228881836,26.260000228881836,186.0
2023-06-16 13:31:00,LNT,53.994998931884766,53.994998931884766,54.02000045776367,53.994998931884766,54.0099983215332,1384.0
2023-06-16 13:31:00,NFE,29.639999389648438,29.639999389648438,29.649999618530273,29.6299991607666,29.6299991607666,1847.0
2023-06-16 13:31:00,NWE,58.939998626708984,58.939998626708984,58.939998626708984,58.939998626708984,58.939998626708984,387.0
2023-06-16 13:31:00,RGCO,21.434999465942383,21.434999465942383,21.475000381469727,21.434999465942383,21.475000381469727,482.0
2023-06-16 13:31:00,RNW,6.119999885559082,6.119999885559082,6.119999885559082,6.119999885559082,6.119999885559082,221.0
2023-06-16 13:31:00,XEL,64.2750015258789,64.2750015258789,64.31500244140625,64.2699966430664,64.30999755859375,4001.0
2023-06-16 13:32:00,ADN,0.7074999809265137,0.7074999809265137,0.7074999809265137,0.699999988079071,0.699999988079071,2900.0
2023-06-16 13:32:00,AEP,85.25060272216797,85.25060272216797,85.28900146484375,85.25060272216797,85.2699966430664,4027.0
2023-06-16 13:32:00,ARTNA,49.47999954223633,49.47999954223633,49.47999954223633,49.47999954223633,49.47999954223633,107.0
2023-06-16 13:32:00,AY,23.899999618530273,23.899999618530273,23.920000076293945,23.8799991607666,23.91010093688965,5058.0
2023-06-16 13:32:00,CDZI,4.409999847412109,4.409999847412109,4.409999847412109,4.409999847412109,4.409999847412109,529.0
2023-06-16 13:32:00,CEG,93.44000244140625,93.44000244140625,93.52999877929688,93.44000244140625,93.5250015258789,3334.0
2023-06-16 13:32:00,CWCO,22.200000762939453,22.200000762939453,22.200000762939453,22.200000762939453,22.200000762939453,718.0
2023-06-16 13:32:00,EXC,41.34000015258789,41.34000015258789,41.3650016784668,41.34000015258789,41.3650016784668,8126.0
2023-06-16 13:32:00,FLNC,26.290000915527344,26.290000915527344,26.290000915527344,26.264999389648438,26.264999389648438,317.0
2023-06-16 13:32:00,HTOO,2.210099935531616,2.210099935531616,2.210099935531616,2.2100000381469727,2.2100000381469727,659.0
2023-06-16 13:32:00,LNT,53.9900016784668,53.9900016784668,54.0,53.97999954223633,54.0,1315.0
2023-06-16 13:32:00,MGEE,79.55999755859375,79.55999755859375,79.55999755859375,79.55999755859375,79.55999755859375,219.0
2023-06-16 13:32:00,MNTK,7.070000171661377,7.070000171661377,7.070000171661377,7.070000171661377,7.070000171661377,222.0
2023-06-16 13:32:00,NFE,29.635000228881836,29.635000228881836,29.635000228881836,29.635000228881836,29.635000228881836,100.0
2023-06-16 13:32:00,RNW,6.119999885559082,6.119999885559082,6.119999885559082,6.119999885559082,6.119999885559082,352.0
2023-06-16 13:32:00,XEL,64.23500061035156,64.23500061035156,64.28500366210938,64.2300033569336,64.2750015258789,3981.0
2023-06-16 13:33:00,ADN,0.7037000060081482,0.7037000060081482,0.7037000060081482,0.7037000060081482,0.7037000060081482,103.0
2023-06-16 13:33:00,AEP,85.23999786376953,85.23999786376953,85.23999786376953,85.20999908447266,85.23500061035156,2799.0
2023-06-16 13:33:00,ARTNA,49.41999816894531,49.41999816894531,49.41999816894531,49.41999816894531,49.41999816894531,332.0
2023-06-16 13:33:00,AY,23.895000457763672,23.895000457763672,23.898000717163086,23.889999389648438,23.898000717163086,612.0
2023-06-16 13:33:00,CDZI,4.409999847412109,4.409999847412109,4.409999847412109,4.409999847412109,4.409999847412109,394.0
2023-06-16 13:33:00,CEG,93.45999908447266,93.45999908447266,93.4800033569336,93.44999694824219,93.45500183105469,2352.0
2023-06-16 13:33:00,EXC,41.334999084472656,41.334999084472656,41.34000015258789,41.31999969482422,41.34000015258789,10787.0
2023-06-16 13:33:00,FLNC,26.270000457763672,26.270000457763672,26.270000457763672,26.270000457763672,26.270000457763672,659.0
2023-06-16 13:33:00,HTOO,2.2200000286102295,2.2200000286102295,2.2200000286102295,2.2200000286102295,2.2200000286102295,212.0
2023-06-16 13:33:00,LNT,53.970001220703125,53.970001220703125,53.98500061035156,53.95000076293945,53.98500061035156,9837.0
2023-06-16 13:33:00,MGEE,79.54000091552734,79.54000091552734,79.55999755859375,79.54000091552734,79.55999755859375,654.0
2023-06-16 13:33:00,MNTK,7.070000171661377,7.070000171661377,7.070000171661377,7.070000171661377,7.070000171661377,591.0
2023-06-16 13:33:00,NFE,29.59000015258789,29.59000015258789,29.635000228881836,29.59000015258789,29.635000228881836,1694.0
2023-06-16 13:33:00,OTTR,75.30000305175781,75.30000305175781,75.30000305175781,75.29000091552734,75.29000091552734,734.0
2023-06-16 13:33:00,RNW,6.119999885559082,6.119999885559082,6.119999885559082,6.119999885559082,6.119999885559082,1311.0
2023-06-16 13:33:00,XEL,64.24500274658203,64.24500274658203,64.25,64.21499633789062,64.2300033569336,4635.0
2023-06-16 13:34:00,ADN,0.7037000060081482,0.7037000060081482,0.7037000060081482,0.7037000060081482,0.7037000060081482,100.0
2023-06-16 13:34:00,AEP,85.2300033569336,85.2300033569336,85.2300033569336,85.20999908447266,85.22000122070312,2472.0
2023-06-16 13:34:00,AY,23.899999618530273,23.899999618530273,23.899999618530273,23.899999618530273,23.899999618530273,1692.0
2023-06-16 13:34:00,CDZI,4.400000095367432,4.400000095367432,4.409999847412109,4.389999866485596,4.400000095367432,1523.0
2023-06-16 13:34:00,CEG,93.47000122070312,93.47000122070312,93.47000122070312,93.44999694824219,93.45500183105469,662.0
2023-06-16 13:34:00,CWCO,22.200000762939453,22.200000762939453,22.21500015258789,22.200000762939453,22.21500015258789,317.0
2023-06-16 13:34:00,EXC,41.334999084472656,41.334999084472656,41.334999084472656,41.32500076293945,41.33000183105469,4859.0
2023-06-16 13:34:00,FLNC,26.25,26.25,26.309999465942383,26.25,26.290000915527344,3941.0
2023-06-16 13:34:00,LNT,53.959999084472656,53.959999084472656,53.970001220703125,53.959999084472656,53.959999084472656,1552.0
2023-06-16 13:34:00,MNTK,7.050000190734863,7.050000190734863,7.079999923706055,7.050000190734863,7.079999923706055,3316.0
2023-06-16 13:34:00,MSEX,82.51000213623047,82.51000213623047,82.51000213623047,82.51000213623047,82.51000213623047,424.0
2023-06-16 13:34:00,NFE,29.579999923706055,29.579999923706055,29.59000015258789,29.579999923706055,29.579999923706055,408.0
2023-06-16 13:34:00,OPAL,6.664999961853027,6.664999961853027,6.664999961853027,6.664999961853027,6.664999961853027,525.0
2023-06-16 13:34:00,RNW,6.119999885559082,6.119999885559082,6.130000114440918,6.119999885559082,6.125,30247.0
2023-06-16 13:34:00,XEL,64.23999786376953,64.23999786376953,64.25,64.23500061035156,64.23999786376953,2149.0
2023-06-16 13:35:00,ADN,0.7037500143051147,0.7037500143051147,0.7037500143051147,0.699999988079071,0.699999988079071,200.0
2023-06-16 13:35:00,AEP,85.2300033569336,85.2300033569336,85.2300033569336,85.22000122070312,85.2300033569336,783.0
2023-06-16 13:35:00,AY,23.905000686645508,23.905000686645508,23.905000686645508,23.905000686645508,23.905000686645508,141.0
2023-06-16 13:35:00,CEG,93.51000213623047,93.51000213623047,93.51499938964844,93.46499633789062,93.47000122070312,2667.0
2023-06-16 13:35:00,EXC,41.34000015258789,41.34000015258789,41.34000015258789,41.33000183105469,41.334999084472656,3325.0
2023-06-16 13:35:00,FLNC,26.239999771118164,26.239999771118164,26.239999771118164,26.231000900268555,26.239999771118164,871.0
2023-06-16 13:35:00,HTOO,2.2130000591278076,2.2130000591278076,2.2130000591278076,2.200000047683716,2.2100000381469727,2681.0
2023-06-16 13:35:00,LNT,53.96500015258789,53.96500015258789,53.96500015258789,53.959999084472656,53.959999084472656,1509.0
2023-06-16 13:35:00,NFE,29.59000015258789,29.59000015258789,29.59000015258789,29.59000015258789,29.59000015258789,131.0
2023-06-16 13:35:00,RNW,6.110000133514404,6.110000133514404,6.119999885559082,6.110000133514404,6.119999885559082,3758.0
2023-06-16 13:35:00,VIASP,16.25079917907715,16.25079917907715,16.280000686645508,16.25079917907715,16.280000686645508,404.0
2023-06-16 13:35:00,XEL,64.25499725341797,64.25499725341797,64.25499725341797,64.22000122070312,64.2300033569336,3046.0
2023-06-16 13:36:00,ADN,0.699999988079071,0.699999988079071,0.699999988079071,0.699999988079071,0.699999988079071,103.0
2023-06-16 13:36:00,AEP,85.19999694824219,85.19999694824219,85.22000122070312,85.19999694824219,85.22000122070312,2978.0
2023-06-16 13:36:00,AY,23.90999984741211,23.90999984741211,23.90999984741211,23.90999984741211,23.90999984741211,610.0
2023-06-16 13:36:00,CDZI,4.400000095367432,4.400000095367432,4.400000095367432,4.389999866485596,4.389999866485596,210.0
2023-06-16 13:36:00,CEG,93.58999633789062,93.58999633789062,93.58999633789062,93.51000213623047,93.5199966430664,2459.0
2023-06-16 13:36:00,CWCO,22.204999923706055,22.204999923706055,22.204999923706055,22.204999923706055,22.204999923706055,266.0
2023-06-16 13:36:00,EXC,41.345001220703125,41.345001220703125,41.349998474121094,41.334999084472656,41.334999084472656,6933.0
2023-06-16 13:36:00,FLNC,26.272499084472656,26.272499084472656,26.272499084472656,26.2450008392334,26.2450008392334,1421.0
2023-06-16 13:36:00,LNT,53.939998626708984,53.939998626708984,53.959999084472656,53.939998626708984,53.959999084472656,586.0
2023-06-16 13:36:00,NFE,29.579999923706055,29.579999923706055,29.579999923706055,29.579999923706055,29.579999923706055,233.0
2023-06-16 13:36:00,NWE,58.86000061035156,58.86000061035156,58.86000061035156,58.814998626708984,58.814998626708984,314.0
2023-06-16 13:36:00,OTTR,75.23999786376953,75.23999786376953,75.30500030517578,75.23999786376953,75.30000305175781,1246.0
2023-06-16 13:36:00,RNW,6.099999904632568,6.099999904632568,6.110000133514404,6.099999904632568,6.110000133514404,1273.0
2023-06-16 13:36:00,XEL,64.22000122070312,64.22000122070312,64.25,64.20999908447266,64.25,2608.0
2023-06-16 13:37:00,ADN,0.699999988079071,0.699999988079071,0.699999988079071,0.699999988079071,0.699999988079071,100.0
2023-06-16 13:37:00,AEP,85.19999694824219,85.19999694824219,85.20999908447266,85.19000244140625,85.19000244140625,2667.0
2023-06-16 13:37:00,CEG,93.54000091552734,93.54000091552734,93.58999633789062,93.54000091552734,93.58999633789062,2882.0
2023-06-16 13:37:00,EXC,41.349998474121094,41.349998474121094,41.35499954223633,41.34000015258789,41.345001220703125,9994.0
2023-06-16 13:37:00,FLNC,26.264999389648438,26.264999389648438,26.264999389648438,26.264999389648438,26.264999389648438,470.0
2023-06-16 13:37:00,HTOO,2.2200000286102295,2.2200000286102295,2.2286999225616455,2.2149999141693115,2.2149999141693115,312.0
2023-06-16 13:37:00,LNT,53.939998626708984,53.939998626708984,53.95500183105469,53.939998626708984,53.95000076293945,1865.0
2023-06-16 13:37:00,NFE,29.579999923706055,29.579999923706055,29.59000015258789,29.56999969482422,29.579999923706055,3688.0
2023-06-16 13:37:00,NWE,58.80500030517578,58.80500030517578,58.810001373291016,58.80500030517578,58.810001373291016,508.0
2023-06-16 13:37:00,RNW,6.110000133514404,6.110000133514404,6.110000133514404,6.110000133514404,6.110000133514404,1706.0
2023-06-16 13:37:00,VIA,10.928400039672852,10.928400039672852,10.928400039672852,10.928400039672852,10.928400039672852,240.0
2023-06-16 13:37:00,XEL,64.19999694824219,64.19999694824219,64.21499633789062,64.19499969482422,64.20999908447266,2406.0
2023-06-16 13:38:00,ADN,0.7009999752044678,0.7009999752044678,0.7037500143051147,0.7009999752044678,0.7037500143051147,236.0
2023-06-16 13:38:00,AEP,85.1500015258789,85.1500015258789,85.19000244140625,85.12999725341797,85.19000244140625,3446.0
2023-06-16 13:38:00,ARTNA,49.43000030517578,49.43000030517578,49.43000030517578,49.43000030517578,49.43000030517578,458.0
2023-06-16 13:38:00,AY,23.8799991607666,23.8799991607666,23.889999389648438,23.8799991607666,23.889999389648438,880.0
2023-06-16 13:38:00,CDZI,4.400000095367432,4.400000095367432,4.400000095367432,4.389999866485596,4.389999866485596,1013.0
2023-06-16 13:38:00,CEG,93.52999877929688,93.52999877929688,93.52999877929688,93.51000213623047,93.5199966430664,1018.0
2023-06-16 13:38:00,CWCO,22.290000915527344,22.290000915527344,22.290000915527344,22.229999542236328,22.229999542236328,479.0
2023-06-16 13:38:00,EXC,41.34000015258789,41.34000015258789,41.345001220703125,41.33000183105469,41.345001220703125,9915.0
2023-06-16 13:38:00,FLNC,26.264999389648438,26.264999389648438,26.280000686645508,26.264999389648438,26.264999389648438,1572.0
2023-06-16 13:38:00,LNT,53.90999984741211,53.90999984741211,53.915000915527344,53.90999984741211,53.915000915527344,718.0
2023-06-16 13:38:00,MNTK,7.050000190734863,7.050000190734863,7.050000190734863,7.050000190734863,7.050000190734863,410.0
2023-06-16 13:38:00,NFE,29.579999923706055,29.579999923706055,29.579999923706055,29.579999923706055,29.579999923706055,200.0
2023-06-16 13:38:00,NWE,58.775001525878906,58.775001525878906,58.80500030517578,58.775001525878906,58.80500030517578,605.0
2023-06-16 13:38:00,OTTR,75.18499755859375,75.18499755859375,75.18499755859375,75.18499755859375,75.18499755859375,103.0
2023-06-16 13:38:00,RNW,6.090000152587891,6.090000152587891,6.110000133514404,6.090000152587891,6.110000133514404,8711.0
2023-06-16 13:38:00,VIASP,16.25,16.25,16.25,16.25,16.25,300.0
2023-06-16 13:38:00,XEL,64.16000366210938,64.16000366210938,64.19000244140625,64.13999938964844,64.19000244140625,6054.0
2023-06-16 13:38:00,YORW,43.060001373291016,43.060001373291016,43.060001373291016,43.060001373291016,43.060001373291016,1588.0
2023-06-16 13:39:00,ADN,0.7005000114440918,0.7005000114440918,0.7009999752044678,0.7005000114440918,0.7009999752044678,738.0
2023-06-16 13:39:00,AEP,85.15499877929688,85.15499877929688,85.16000366210938,85.13999938964844,85.15499877929688,2808.0
2023-06-16 13:39:00,AY,23.8799991607666,23.8799991607666,23.889999389648438,23.8799991607666,23.8799991607666,651.0
2023-06-16 13:39:00,CEG,93.55500030517578,93.55500030517578,93.55500030517578,93.55000305175781,93.55000305175781,311.0
2023-06-16 13:39:00,EXC,41.32500076293945,41.32500076293945,41.345001220703125,41.314998626708984,41.34000015258789,12546.0
2023-06-16 13:39:00,FLNC,26.270000457763672,26.270000457763672,26.270000457763672,26.264999389648438,26.264999389648438,774.0
2023-06-16 13:39:00,MNTK,7.050000190734863,7.050000190734863,7.050000190734863,7.050000190734863,7.050000190734863,183.0
2023-06-16 13:39:00,NFE,29.56999969482422,29.56999969482422,29.56999969482422,29.56999969482422,29.56999969482422,648.0
2023-06-16 13:39:00,OTTR,75.16999816894531,75.16999816894531,75.16999816894531,75.16999816894531,75.16999816894531,481.0
2023-06-16 13:39:00,RNW,6.090000152587891,6.090000152587891,6.090000152587891,6.090000152587891,6.090000152587891,1947.0
2023-06-16 13:39:00,XEL,64.16000366210938,64.16000366210938,64.16500091552734,64.1500015258789,64.1500015258789,2105.0
2023-06-16 13:40:00,ADN,0.7009999752044678,0.7009999752044678,0.7009999752044678,0.7009999752044678,0.7009999752044678,103.0
2023-06-16 13:40:00,AEP,85.16000366210938,85.16000366210938,85.16000366210938,85.1500015258789,85.16000366210938,1365.0
2023-06-16 13:40:00,AY,23.8799991607666,23.8799991607666,23.8799991607666,23.8799991607666,23.8799991607666,464.0
2023-06-16 13:40:00,CDZI,4.400000095367432,4.400000095367432,4.400000095367432,4.400000095367432,4.400000095367432,310.0
2023-06-16 13:40:00,CEG,93.59500122070312,93.59500122070312,93.59500122070312,93.56999969482422,93.56999969482422,1501.0
2023-06-16 13:40:00,CWCO,22.289499282836914,22.289499282836914,22.289499282836914,22.289499282836914,22.289499282836914,875.0
2023-06-16 13:40:00,EXC,41.33000183105469,41.33000183105469,41.334999084472656,41.33000183105469,41.33000183105469,6358.0
2023-06-16 13:40:00,FLNC,26.290000915527344,26.290000915527344,26.290000915527344,26.290000915527344,26.290000915527344,153.0
2023-06-16 13:40:00,HTOO,2.207900047302246,2.207900047302246,2.2298998832702637,2.207900047302246,2.2298998832702637,325.0
2023-06-16 13:40:00,LNT,53.900001525878906,53.900001525878906,53.900001525878906,53.880001068115234,53.88999938964844,4525.0
2023-06-16 13:40:00,MNTK,7.050000190734863,7.050000190734863,7.059999942779541,7.050000190734863,7.059999942779541,210.0
2023-06-16 13:40:00,NFE,29.579999923706055,29.579999923706055,29.579999923706055,29.56999969482422,29.579999923706055,856.0
2023-06-16 13:40:00,RNW,6.090000152587891,6.090000152587891,6.090000152587891,6.085000038146973,6.085000038146973,2897.0
2023-06-16 13:40:00,XEL,64.16999816894531,64.16999816894531,64.17500305175781,64.15499877929688,64.15499877929688,4737.0
2023-06-16 13:41:00,ADN,0.7040500044822693,0.7040500044822693,0.7040500044822693,0.7006000280380249,0.7006000280380249,3189.0
2023-06-16 13:41:00,AEP,85.12999725341797,85.12999725341797,85.16000366210938,85.12999725341797,85.16000366210938,2854.0
2023-06-16 13:41:00,AY,23.8799991607666,23.8799991607666,23.889999389648438,23.8799991607666,23.889999389648438,1226.0
2023-06-16 13:41:00,CEG,93.57499694824219,93.57499694824219,93.5999984741211,93.56999969482422,93.58999633789062,2140.0
2023-06-16 13:41:00,EXC,41.310001373291016,41.310001373291016,41.34000015258789,41.310001373291016,41.34000015258789,6664.0
2023-06-16 13:41:00,FLNC,26.350000381469727,26.350000381469727,26.350000381469727,26.290000915527344,26.290000915527344,2231.0
2023-06-16 13:41:00,HTOO,2.2298998832702637,2.2298998832702637,2.2298998832702637,2.2298998832702637,2.2298998832702637,413.0
2023-06-16 13:41:00,LNT,53.869998931884766,53.869998931884766,53.900001525878906,53.869998931884766,53.900001525878906,1029.0
2023-06-16 13:41:00,MGEE,79.38999938964844,79.38999938964844,79.41000366210938,79.38999938964844,79.4000015258789,765.0
2023-06-16 13:41:00,NFE,29.579999923706055,29.579999923706055,29.579999923706055,29.56999969482422,29.56999969482422,204.0
2023-06-16 13:41:00,NWE,58.790000915527344,58.790000915527344,58.790000915527344,58.790000915527344,58.790000915527344,100.0
2023-06-16 13:41:00,RGCO,21.44499969482422,21.44499969482422,21.44499969482422,21.44499969482422,21.44499969482422,590.0
2023-06-16 13:41:00,RNW,6.090000152587891,6.090000152587891,6.099999904632568,6.090000152587891,6.097499847412109,3505.0
2023-06-16 13:41:00,XEL,64.12999725341797,64.12999725341797,64.17500305175781,64.125,64.16999816894531,7840.0
2023-06-16 13:42:00,AEP,85.1050033569336,85.1050033569336,85.11000061035156,85.1050033569336,85.1050033569336,1707.0
2023-06-16 13:42:00,AY,23.860000610351562,23.860000610351562,23.8700008392334,23.860000610351562,23.8700008392334,818.0
2023-06-16 13:42:00,CDZI,4.40500020980835,4.40500020980835,4.40500020980835,4.400000095367432,4.400000095367432,400.0
2023-06-16 13:42:00,CEG,93.55999755859375,93.55999755859375,93.58999633789062,93.55999755859375,93.57499694824219,2518.0
2023-06-16 13:42:00,EXC,41.29499816894531,41.29499816894531,41.310001373291016,41.290000915527344,41.30500030517578,3230.0
2023-06-16 13:42:00,FLNC,26.299999237060547,26.299999237060547,26.34000015258789,26.2893009185791,26.34000015258789,2936.0
2023-06-16 13:42:00,LNT,53.849998474121094,53.849998474121094,53.86000061035156,53.849998474121094,53.86000061035156,541.0
2023-06-16 13:42:00,MNTK,7.059999942779541,7.059999942779541,7.070000171661377,7.059999942779541,7.070000171661377,749.0
2023-06-16 13:42:00,NWE,58.7599983215332,58.7599983215332,58.7599983215332,58.7599983215332,58.7599983215332,747.0
2023-06-16 13:42:00,OTTR,75.12999725341797,75.12999725341797,75.12999725341797,75.12999725341797,75.12999725341797,240.0
2023-06-16 13:42:00,RNW,6.079999923706055,6.079999923706055,6.090000152587891,6.074999809265137,6.090000152587891,7103.0
2023-06-16 13:42:00,XEL,64.12999725341797,64.12999725341797,64.12999725341797,64.12000274658203,64.12000274658203,3006.0
2023-06-16 13:43:00,AEP,85.12999725341797,85.12999725341797,85.12999725341797,85.0999984741211,85.0999984741211,2032.0
2023-06-16 13:43:00,AY,23.850000381469727,23.850000381469727,23.850000381469727,23.850000381469727,23.850000381469727,130.0
2023-06-16 13:43:00,CDZI,4.40500020980835,4.40500020980835,4.40500020980835,4.40500020980835,4.40500020980835,343.0
2023-06-16 13:43:00,CEG,93.61000061035156,93.61000061035156,93.61039733886719,93.55999755859375,93.55999755859375,2681.0
2023-06-16 13:43:00,CWCO,22.31999969482422,22.31999969482422,22.31999969482422,22.309999465942383,22.31999969482422,892.0
2023-06-16 13:43:00,EXC,41.31999969482422,41.31999969482422,41.31999969482422,41.29499816894531,41.29499816894531,7729.0
2023-06-16 13:43:00,FLNC,26.25,26.25,26.290000915527344,26.25,26.290000915527344,1123.0
2023-06-16 13:43:00,LNT,53.869998931884766,53.869998931884766,53.880001068115234,53.849998474121094,53.86000061035156,2043.0
2023-06-16 13:43:00,NFE,29.604999542236328,29.604999542236328,29.604999542236328,29.56999969482422,29.56999969482422,2498.0
2023-06-16 13:43:00,RNW,6.079999923706055,6.079999923706055,6.079999923706055,6.079999923706055,6.079999923706055,1690.0
2023-06-16 13:43:00,XEL,64.16000366210938,64.16000366210938,64.16000366210938,64.12000274658203,64.12999725341797,5589.0
2023-06-16 13:44:00,ADN,0.699999988079071,0.699999988079071,0.7009999752044678,0.699999988079071,0.7009999752044678,924.0
2023-06-16 13:44:00,AEP,85.15499877929688,85.15499877929688,85.15499877929688,85.13999938964844,85.13999938964844,1343.0
2023-06-16 13:44:00,AY,23.850000381469727,23.850000381469727,23.860000610351562,23.850000381469727,23.860000610351562,980.0
2023-06-16 13:44:00,CEG,93.62999725341797,93.62999725341797,93.62999725341797,93.61499786376953,93.61499786376953,1020.0
2023-06-16 13:44:00,EXC,41.32500076293945,41.32500076293945,41.33000183105469,41.31999969482422,41.31999969482422,2147.0
2023-06-16 13:44:00,FLNC,26.260000228881836,26.260000228881836,26.260000228881836,26.250099182128906,26.250099182128906,387.0
2023-06-16 13:44:00,LNT,53.88999938964844,53.88999938964844,53.900001525878906,53.880001068115234,53.880001068115234,1715.0
2023-06-16 13:44:00,MNTK,7.065000057220459,7.065000057220459,7.070000171661377,7.059999942779541,7.070000171661377,1611.0
2023-06-16 13:44:00,NFE,29.614999771118164,29.614999771118164,29.63520050048828,29.614999771118164,29.63520050048828,6953.0
2023-06-16 13:44:00,OTTR,75.18000030517578,75.18000030517578,75.18000030517578,75.16000366210938,75.16000366210938,953.0
2023-06-16 13:44:00,VIA,10.949999809265137,10.949999809265137,10.949999809265137,10.949999809265137,10.949999809265137,163.0
2023-06-16 13:44:00,XEL,64.16000366210938,64.16000366210938,64.16500091552734,64.16000366210938,64.16000366210938,869.0
2023-06-16 13:45:00,ADN,0.699999988079071,0.699999988079071,0.699999988079071,0.699999988079071,0.699999988079071,1218.0
2023-06-16 13:45:00,AEP,85.19000244140625,85.19000244140625,85.19000244140625,85.16000366210938,85.16000366210938,2179.0
2023-06-16 13:45:00,AY,23.860000610351562,23.860000610351562,23.868999481201172,23.860000610351562,23.868999481201172,725.0
2023-06-16 13:45:00,CDZI,4.40500020980835,4.40500020980835,4.40500020980835,4.40500020980835,4.40500020980835,100.0
2023-06-16 13:45:00,CEG,93.62999725341797,93.62999725341797,93.63999938964844,93.62000274658203,93.63999938964844,3259.0
2023-06-16 13:45:00,EXC,41.334999084472656,41.334999084472656,41.34000015258789,41.32500076293945,41.33000183105469,5359.0
2023-06-16 13:45:00,FLNC,26.2362003326416,26.2362003326416,26.25,26.2362003326416,26.25,970.0
2023-06-16 13:45:00,LNT,53.93000030517578,53.93000030517578,53.93000030517578,53.91999816894531,53.91999816894531,896.0
2023-06-16 13:45:00,MGEE,79.33499908447266,79.33499908447266,79.33499908447266,79.33499908447266,79.33499908447266,170.0
2023-06-16 13:45:00,MNTK,7.039999961853027,7.039999961853027,7.065000057220459,7.039999961853027,7.065000057220459,3356.0
2023-06-16 13:45:00,NFE,29.625,29.625,29.6299991607666,29.614999771118164,29.614999771118164,9492.0
2023-06-16 13:45:00,OTTR,75.2750015258789,75.2750015258789,75.27999877929688,75.2750015258789,75.27999877929688,348.0
2023-06-16 13:45:00,RNW,6.079999923706055,6.079999923706055,6.079999923706055,6.079999923706055,6.079999923706055,2133.0
2023-06-16 13:45:00,XEL,64.18499755859375,64.18499755859375,64.18499755859375,64.15869903564453,64.16500091552734,8645.0
2023-06-16 13:46:00,ADN,0.7043989896774292,0.7043989896774292,0.7043989896774292,0.699999988079071,0.699999988079071,3100.0
2023-06-16 13:46:00,AEP,85.22000122070312,85.22000122070312,85.22000122070312,85.1802978515625,85.19000244140625,2921.0
2023-06-16 13:46:00,AY,23.8700008392334,23.8700008392334,23.8700008392334,23.855899810791016,23.855899810791016,2303.0
2023-06-16 13:46:00,CDZI,4.400000095367432,4.400000095367432,4.400000095367432,4.400000095367432,4.400000095367432,156.0
2023-06-16 13:46:00,CEG,93.5999984741211,93.5999984741211,93.62000274658203,93.58999633789062,93.62000274658203,4118.0
2023-06-16 13:46:00,EXC,41.334999084472656,41.334999084472656,41.334999084472656,41.32500076293945,41.33000183105469,5179.0
2023-06-16 13:46:00,FLNC,26.260000228881836,26.260000228881836,26.260000228881836,26.25,26.25,348.0
2023-06-16 13:46:00,LNT,53.915000915527344,53.915000915527344,53.92499923706055,53.915000915527344,53.92499923706055,1326.0
2023-06-16 13:46:00,MGEE,79.37999725341797,79.37999725341797,79.37999725341797,79.37999725341797,79.37999725341797,239.0
2023-06-16 13:46:00,NFE,29.635000228881836,29.635000228881836,29.639999389648438,29.625,29.625,4896.0
2023-06-16 13:46:00,OTTR,75.2249984741211,75.2249984741211,75.2249984741211,75.2249984741211,75.2249984741211,308.0
2023-06-16 13:46:00,RNW,6.074999809265137,6.074999809265137,6.074999809265137,6.074999809265137,6.074999809265137,369.0
2023-06-16 13:46:00,XEL,64.19499969482422,64.19499969482422,64.19999694824219,64.15499877929688,64.16999816894531,11344.0
2023-06-16 13:47:00,ADN,0.699999988079071,0.699999988079071,0.699999988079071,0.699999988079071,0.699999988079071,100.0
2023-06-16 13:47:00,AEP,85.26000213623047,85.26000213623047,85.26000213623047,85.2300033569336,85.2300033569336,2476.0
2023-06-16 13:47:00,ARTNA,49.45000076293945,49.45000076293945,49.45000076293945,49.45000076293945,49.45000076293945,395.0
2023-06-16 13:47:00,CEG,93.61499786376953,93.61499786376953,93.62999725341797,93.5999984741211,93.61499786376953,1111.0
2023-06-16 13:47:00,CWCO,22.329999923706055,22.329999923706055,22.329999923706055,22.329999923706055,22.329999923706055,117.0
2023-06-16 13:47:00,EXC,41.345001220703125,41.345001220703125,41.349998474121094,41.33000183105469,41.334999084472656,6731.0
2023-06-16 13:47:00,FLNC,26.260000228881836,26.260000228881836,26.264999389648438,26.25,26.264999389648438,2391.0
2023-06-16 13:47:00,LNT,53.974998474121094,53.974998474121094,53.974998474121094,53.91999816894531,53.91999816894531,1381.0
2023-06-16 13:47:00,MGEE,79.38999938964844,79.38999938964844,79.47000122070312,79.38999938964844,79.43000030517578,597.0
2023-06-16 13:47:00,MSEX,82.48999786376953,82.48999786376953,82.48999786376953,82.48999786376953,82.48999786376953,806.0
2023-06-16 13:47:00,NFE,29.625,29.625,29.639999389648438,29.6200008392334,29.635000228881836,3996.0
2023-06-16 13:47:00,NWE,58.79999923706055,58.79999923706055,58.79999923706055,58.790000915527344,58.790000915527344,1101.0
2023-06-16 13:47:00,OTTR,75.22000122070312,75.22000122070312,75.27999877929688,75.22000122070312,75.27999877929688,2299.0
2023-06-16 13:47:00,RNW,6.070000171661377,6.070000171661377,6.075399875640869,6.070000171661377,6.074999809265137,668.0
2023-06-16 13:47:00,XEL,64.22000122070312,64.22000122070312,64.22000122070312,64.19499969482422,64.19499969482422,2919.0
2023-06-16 13:48:00,ADN,0.699999988079071,0.699999988079071,0.699999988079071,0.699999988079071,0.699999988079071,1276.0
2023-06-16 13:48:00,AEP,85.23999786376953,85.23999786376953,85.25,85.23999786376953,85.25,1415.0
2023-06-16 13:48:00,AY,23.889999389648438,23.889999389648438,23.889999389648438,23.8799991607666,23.8799991607666,1339.0
2023-06-16 13:48:00,CEG,93.69000244140625,93.69000244140625,93.69999694824219,93.5999984741211,93.61499786376953,4559.0
2023-06-16 13:48:00,CWCO,22.359899520874023,22.359899520874023,22.359899520874023,22.359899520874023,22.359899520874023,359.0
2023-06-16 13:48:00,EXC,41.345001220703125,41.345001220703125,41.345001220703125,41.34000015258789,41.345001220703125,1529.0
2023-06-16 13:48:00,FLNC,26.260000228881836,26.260000228881836,26.270000457763672,26.260000228881836,26.270000457763672,815.0
2023-06-16 13:48:00,LNT,53.959999084472656,53.959999084472656,53.959999084472656,53.939998626708984,53.959999084472656,1012.0
2023-06-16 13:48:00,NFE,29.6299991607666,29.6299991607666,29.6299991607666,29.6299991607666,29.6299991607666,510.0
2023-06-16 13:48:00,NWE,58.814998626708984,58.814998626708984,58.814998626708984,58.814998626708984,58.814998626708984,510.0
2023-06-16 13:48:00,RNW,6.079999923706055,6.079999923706055,6.079999923706055,6.079999923706055,6.079999923706055,100.0
2023-06-16 13:48:00,XEL,64.23999786376953,64.23999786376953,64.23999786376953,64.22000122070312,64.2249984741211,4399.0
2023-06-16 13:49:00,ADN,0.699999988079071,0.699999988079071,0.699999988079071,0.699999988079071,0.699999988079071,708.0
2023-06-16 13:49:00,AEP,85.20999908447266,85.20999908447266,85.23999786376953,85.20999908447266,85.23999786376953,3372.0
2023-06-16 13:49:00,AY,23.889999389648438,23.889999389648438,23.889999389648438,23.883399963378906,23.883399963378906,1144.0
2023-06-16 13:49:00,CEG,93.66500091552734,93.66500091552734,93.69999694824219,93.66000366210938,93.69999694824219,1770.0
2023-06-16 13:49:00,EXC,41.34000015258789,41.34000015258789,41.345001220703125,41.34000015258789,41.345001220703125,6666.0
2023-06-16 13:49:00,FLNC,26.264999389648438,26.264999389648438,26.264999389648438,26.264999389648438,26.264999389648438,396.0
2023-06-16 13:49:00,GWRS,12.500100135803223,12.500100135803223,12.500100135803223,12.5,12.5,1594.0
2023-06-16 13:49:00,LNT,53.95500183105469,53.95500183105469,53.959999084472656,53.95500183105469,53.959999084472656,996.0
2023-06-16 13:49:00,NFE,29.6200008392334,29.6200008392334,29.6299991607666,29.614999771118164,29.6299991607666,1353.0
2023-06-16 13:49:00,OPAL,6.664999961853027,6.664999961853027,6.664999961853027,6.664999961853027,6.664999961853027,472.0
2023-06-16 13:49:00,XEL,64.2300033569336,64.2300033569336,64.24500274658203,64.2300033569336,64.23500061035156,3086.0
2023-06-16 13:50:00,ADN,0.699999988079071,0.699999988079071,0.699999988079071,0.699999988079071,0.699999988079071,3100.0
2023-06-16 13:50:00,AEP,85.2300033569336,85.2300033569336,85.23249816894531,85.21199798583984,85.22000122070312,1771.0
2023-06-16 13:50:00,AY,23.905000686645508,23.905000686645508,23.905000686645508,23.905000686645508,23.905000686645508,280.0
2023-06-16 13:50:00,CDZI,4.40500020980835,4.40500020980835,4.40500020980835,4.40500020980835,4.40500020980835,100.0
2023-06-16 13:50:00,CEG,93.67500305175781,93.67500305175781,93.67500305175781,93.66500091552734,93.66500091552734,1041.0
2023-06-16 13:50:00,CWCO,22.344999313354492,22.344999313354492,22.344999313354492,22.344999313354492,22.344999313354492,139.0
2023-06-16 13:50:00,EXC,41.35499954223633,41.35499954223633,41.36000061035156,41.345001220703125,41.345001220703125,8825.0
2023-06-16 13:50:00,FLNC,26.250499725341797,26.250499725341797,26.290000915527344,26.250499725341797,26.264999389648438,4650.0
2023-06-16 13:50:00,LNT,53.97999954223633,53.97999954223633,53.97999954223633,53.970001220703125,53.970001220703125,1187.0
2023-06-16 13:50:00,MNTK,7.059999942779541,7.059999942779541,7.079999923706055,7.05049991607666,7.059999942779541,4758.0
2023-06-16 13:50:00,NFE,29.639999389648438,29.639999389648438,29.639999389648438,29.635000228881836,29.635000228881836,2888.0
2023-06-16 13:50:00,XEL,64.23999786376953,64.23999786376953,64.25990295410156,64.2228012084961,64.2300033569336,3669.0
2023-06-16 13:51:00,ADN,0.699999988079071,0.699999988079071,0.699999988079071,0.699999988079071,0.699999988079071,3100.0
2023-06-16 13:51:00,AEP,85.2300033569336,85.2300033569336,85.2300033569336,85.22129821777344,85.2300033569336,1523.0
2023-06-16 13:51:00,AY,23.895000457763672,23.895000457763672,23.899999618530273,23.889999389648438,23.899999618530273,2457.0
2023-06-16 13:51:00,CDZI,4.400100231170654,4.400100231170654,4.400100231170654,4.400100231170654,4.400100231170654,300.0
2023-06-16 13:51:00,CEG,93.70999908447266,93.70999908447266,93.70999908447266,93.68000030517578,93.69000244140625,2847.0
2023-06-16 13:51:00,EXC,41.375,41.375,41.375,41.35499954223633,41.35499954223633,8707.0
2023-06-16 13:51:00,FLNC,26.270000457763672,26.270000457763672,26.28380012512207,26.270000457763672,26.270000457763672,1143.0
2023-06-16 13:51:00,LNT,53.959999084472656,53.959999084472656,53.970001220703125,53.95000076293945,53.970001220703125,1938.0
2023-06-16 13:51:00,MNTK,7.070000171661377,7.070000171661377,7.070000171661377,7.059999942779541,7.070000171661377,1121.0
2023-06-16 13:51:00,MSEX,82.4800033569336,82.4800033569336,82.4800033569336,82.4800033569336,82.4800033569336,486.0
2023-06-16 13:51:00,NFE,29.640100479125977,29.640100479125977,29.640100479125977,29.640100479125977,29.640100479125977,261.0
2023-06-16 13:51:00,RNW,6.065000057220459,6.065000057220459,6.079999923706055,6.065000057220459,6.079999923706055,9096.0
2023-06-16 13:51:00,VIA,10.949999809265137,10.949999809265137,10.949999809265137,10.949999809265137,10.949999809265137,266.0
2023-06-16 13:51:00,XEL,64.25499725341797,64.25499725341797,64.26000213623047,64.23999786376953,64.25,3894.0
2023-06-16 13:52:00,ADN,0.7021999955177307,0.7021999955177307,0.7021999955177307,0.7021999955177307,0.7021999955177307,101.0
2023-06-16 13:52:00,AEP,85.22000122070312,85.22000122070312,85.2300033569336,85.20999908447266,85.22370147705078,1273.0
2023-06-16 13:52:00,AY,23.895000457763672,23.895000457763672,23.89539909362793,23.885000228881836,23.89539909362793,2111.0
2023-06-16 13:52:00,CDZI,4.400000095367432,4.400000095367432,4.400000095367432,4.400000095367432,4.400000095367432,1380.0
2023-06-16 13:52:00,CEG,93.7300033569336,93.7300033569336,93.73999786376953,93.72000122070312,93.72000122070312,1127.0
2023-06-16 13:52:00,CWCO,22.352500915527344,22.352500915527344,22.352500915527344,22.352500915527344,22.352500915527344,931.0
2023-06-16 13:52:00,EXC,41.375,41.375,41.375,41.369998931884766,41.375,10771.0
2023-06-16 13:52:00,FLNC,26.280000686645508,26.280000686645508,26.290000915527344,26.270000457763672,26.270000457763672,2458.0
2023-06-16 13:52:00,LNT,53.95000076293945,53.95000076293945,53.95000076293945,53.95000076293945,53.95000076293945,117.0
2023-06-16 13:52:00,MNTK,7.079100131988525,7.079100131988525,7.079999923706055,7.079100131988525,7.079999923706055,504.0
2023-06-16 13:52:00,NFE,29.670000076293945,29.670000076293945,29.670000076293945,29.639999389648438,29.639999389648438,3562.0
2023-06-16 13:52:00,NWE,58.869998931884766,58.869998931884766,58.869998931884766,58.869998931884766,58.869998931884766,222.0
2023-06-16 13:52:00,RNW,6.065000057220459,6.065000057220459,6.065000057220459,6.065000057220459,6.065000057220459,161.0
2023-06-16 13:52:00,XEL,64.22000122070312,64.22000122070312,64.25499725341797,64.21499633789062,64.25,6203.0
2023-06-16 13:53:00,ADN,0.699999988079071,0.699999988079071,0.699999988079071,0.699999988079071,0.699999988079071,700.0
2023-06-16 13:53:00,AEP,85.20999908447266,85.20999908447266,85.2249984741211,85.20999908447266,85.2249984741211,2015.0
2023-06-16 13:53:00,AY,23.895000457763672,23.895000457763672,23.895000457763672,23.895000457763672,23.895000457763672,110.0
2023-06-16 13:53:00,CEG,93.78500366210938,93.78500366210938,93.78500366210938,93.73999786376953,93.73999786376953,1777.0
2023-06-16 13:53:00,EXC,41.3849983215332,41.3849983215332,41.38999938964844,41.370399475097656,41.375,4515.0
2023-06-16 13:53:00,FLNC,26.274999618530273,26.274999618530273,26.280000686645508,26.274999618530273,26.274999618530273,838.0
2023-06-16 13:53:00,LNT,53.939998626708984,53.939998626708984,53.95500183105469,53.93000030517578,53.95500183105469,2065.0
2023-06-16 13:53:00,NWE,58.869998931884766,58.869998931884766,58.869998931884766,58.869998931884766,58.869998931884766,446.0
2023-06-16 13:53:00,RGCO,21.459999084472656,21.459999084472656,21.459999084472656,21.44499969482422,21.44499969482422,1074.0
2023-06-16 13:53:00,RNW,6.059999942779541,6.059999942779541,6.065000057220459,6.054999828338623,6.059999942779541,4897.0
2023-06-16 13:53:00,XEL,64.23999786376953,64.23999786376953,64.25,64.22000122070312,64.22000122070312,3594.0
2023-06-16 13:54:00,ADN,0.6998999714851379,0.6998999714851379,0.699999988079071,0.6998999714851379,0.699999988079071,1609.0
2023-06-16 13:54:00,AEP,85.30000305175781,85.30000305175781,85.30000305175781,85.22000122070312,85.2300033569336,7920.0
2023-06-16 13:54:00,AY,23.889999389648438,23.889999389648438,23.899999618530273,23.889999389648438,23.895000457763672,1257.0
2023-06-16 13:54:00,CDZI,4.409999847412109,4.409999847412109,4.409999847412109,4.409999847412109,4.409999847412109,2942.0
2023-06-16 13:54:00,CEG,93.86000061035156,93.86000061035156,93.86000061035156,93.82499694824219,93.82499694824219,423.0
2023-06-16 13:54:00,EXC,41.41999816894531,41.41999816894531,41.41999816894531,41.380001068115234,41.3849983215332,10324.0
2023-06-16 13:54:00,FLNC,26.28459930419922,26.28459930419922,26.290000915527344,26.280000686645508,26.280000686645508,2166.0
2023-06-16 13:54:00,LNT,53.939998626708984,53.939998626708984,53.95000076293945,53.939998626708984,53.939998626708984,3016.0
2023-06-16 13:54:00,MNTK,7.079999923706055,7.079999923706055,7.079999923706055,7.079999923706055,7.079999923706055,984.0
2023-06-16 13:54:00,NFE,29.69499969482422,29.69499969482422,29.700000762939453,29.690000534057617,29.690000534057617,1322.0
2023-06-16 13:54:00,OTTR,75.20500183105469,75.20500183105469,75.22000122070312,75.20500183105469,75.20500183105469,1061.0
2023-06-16 13:54:00,RNW,6.059999942779541,6.059999942779541,6.059999942779541,6.054999828338623,6.054999828338623,2021.0
2023-06-16 13:54:00,XEL,64.26000213623047,64.26000213623047,64.26499938964844,64.2249984741211,64.23999786376953,4535.0
2023-06-16 13:55:00,ADN,0.6998999714851379,0.6998999714851379,0.6998999714851379,0.6998999714851379,0.6998999714851379,2100.0
2023-06-16 13:55:00,AEP,85.2699966430664,85.2699966430664,85.30000305175781,85.26000213623047,85.30000305175781,2532.0
2023-06-16 13:55:00,AY,23.889999389648438,23.889999389648438,23.889999389648438,23.889999389648438,23.889999389648438,415.0
2023-06-16 13:55:00,CDZI,4.380000114440918,4.380000114440918,4.409999847412109,4.380000114440918,4.409999847412109,1497.0
2023-06-16 13:55:00,CEG,93.8499984741211,93.8499984741211,93.86000061035156,93.83999633789062,93.83999633789062,1116.0
2023-06-16 13:55:00,EXC,41.400001525878906,41.400001525878906,41.43000030517578,41.39500045776367,41.41999816894531,15316.0
2023-06-16 13:55:00,FLNC,26.309999465942383,26.309999465942383,26.309999465942383,26.295000076293945,26.295000076293945,795.0
2023-06-16 13:55:00,LNT,53.95000076293945,53.95000076293945,53.959999084472656,53.95000076293945,53.95500183105469,1654.0
2023-06-16 13:55:00,MNTK,7.074999809265137,7.074999809265137,7.079999923706055,7.070000171661377,7.079999923706055,416.0
2023-06-16 13:55:00,NFE,29.739999771118164,29.739999771118164,29.739999771118164,29.709999084472656,29.709999084472656,1124.0
2023-06-16 13:55:00,RNW,6.054999828338623,6.054999828338623,6.059999942779541,6.054999828338623,6.059999942779541,1211.0
2023-06-16 13:55:00,XEL,64.25,64.25,64.2699966430664,64.23500061035156,64.26000213623047,3891.0
2023-06-16 13:56:00,ADN,0.6969000101089478,0.6969000101089478,0.6998999714851379,0.6969000101089478,0.6998999714851379,3302.0
2023-06-16 13:56:00,AEP,85.29000091552734,85.29000091552734,85.30000305175781,85.29000091552734,85.29000091552734,1596.0
2023-06-16 13:56:00,AY,23.895000457763672,23.895000457763672,23.895000457763672,23.895000457763672,23.895000457763672,191.0
2023-06-16 13:56:00,CEG,93.79000091552734,93.79000091552734,93.86000061035156,93.7699966430664,93.8550033569336,4658.0
2023-06-16 13:56:00,EXC,41.415000915527344,41.415000915527344,41.415000915527344,41.40999984741211,41.40999984741211,2473.0
2023-06-16 13:56:00,FLNC,26.31999969482422,26.31999969482422,26.31999969482422,26.31999969482422,26.31999969482422,338.0
2023-06-16 13:56:00,LNT,53.95000076293945,53.95000076293945,53.970001220703125,53.95000076293945,53.95500183105469,3538.0
2023-06-16 13:56:00,NFE,29.729999542236328,29.729999542236328,29.75,29.729999542236328,29.75,3028.0
2023-06-16 13:56:00,RNW,6.045000076293945,6.045000076293945,6.054999828338623,6.045000076293945,6.054999828338623,2068.0
2023-06-16 13:56:00,VIA,10.970000267028809,10.970000267028809,10.970000267028809,10.930000305175781,10.949999809265137,802.0
2023-06-16 13:56:00,XEL,64.26499938964844,64.26499938964844,64.26499938964844,64.25499725341797,64.26399993896484,3804.0
2023-06-16 13:57:00,ADN,0.6970000267028809,0.6970000267028809,0.6970000267028809,0.6970000267028809,0.6970000267028809,200.0
2023-06-16 13:57:00,AEP,85.28160095214844,85.28160095214844,85.29000091552734,85.28130340576172,85.28130340576172,1620.0
2023-06-16 13:57:00,EXC,41.40999984741211,41.40999984741211,41.415000915527344,41.404998779296875,41.40999984741211,3567.0
2023-06-16 13:57:00,FLNC,26.344999313354492,26.344999313354492,26.360000610351562,26.34000015258789,26.34000015258789,1546.0
2023-06-16 13:57:00,LNT,53.95500183105469,53.95500183105469,53.95500183105469,53.939998626708984,53.95500183105469,2397.0
2023-06-16 13:57:00,MNTK,7.074999809265137,7.074999809265137,7.074999809265137,7.074999809265137,7.074999809265137,237.0
2023-06-16 13:57:00,NFE,29.725000381469727,29.725000381469727,29.725000381469727,29.719999313354492,29.725000381469727,1126.0
2023-06-16 13:57:00,NWE,58.900001525878906,58.900001525878906,58.900001525878906,58.830101013183594,58.830101013183594,2509.0
2023-06-16 13:57:00,VIA,10.890000343322754,10.890000343322754,10.920000076293945,10.890000343322754,10.920000076293945,532.0
2023-06-16 13:57:00,XEL,64.25499725341797,64.25499725341797,64.26499938964844,64.25499725341797,64.26000213623047,1740.0
2023-06-16 13:58:00,AEP,85.23999786376953,85.23999786376953,85.29000091552734,85.23999786376953,85.29000091552734,12793.0
2023-06-16 13:58:00,AY,23.895000457763672,23.895000457763672,23.895000457763672,23.889999389648438,23.895000457763672,664.0
2023-06-16 13:58:00,CDZI,4.369999885559082,4.369999885559082,4.369999885559082,4.369999885559082,4.369999885559082,100.0
2023-06-16 13:58:00,CEG,93.76000213623047,93.76000213623047,93.79550170898438,93.76000213623047,93.79550170898438,4667.0
2023-06-16 13:58:00,EXC,41.42499923706055,41.42499923706055,41.42499923706055,41.404998779296875,41.40999984741211,21494.0
2023-06-16 13:58:00,FLNC,26.329999923706055,26.329999923706055,26.329999923706055,26.329999923706055,26.329999923706055,520.0
2023-06-16 13:58:00,LNT,53.939998626708984,53.939998626708984,53.95500183105469,53.939998626708984,53.95000076293945,1347.0
2023-06-16 13:58:00,MNTK,7.079999923706055,7.079999923706055,7.079999923706055,7.079999923706055,7.079999923706055,222.0
2023-06-16 13:58:00,NFE,29.729999542236328,29.729999542236328,29.729999542236328,29.725000381469727,29.725000381469727,643.0
2023-06-16 13:58:00,RNW,6.039999961853027,6.039999961853027,6.039999961853027,6.039999961853027,6.039999961853027,379.0
2023-06-16 13:58:00,XEL,64.23999786376953,64.23999786376953,64.26499938964844,64.23500061035156,64.26000213623047,6719.0
2023-06-16 13:59:00,ADN,0.6969000101089478,0.6969000101089478,0.6969000101089478,0.6969000101089478,0.6969000101089478,100.0
2023-06-16 13:59:00,AEP,85.23999786376953,85.23999786376953,85.23999786376953,85.22000122070312,85.23999786376953,3342.0
2023-06-16 13:59:00,AY,23.895000457763672,23.895000457763672,23.895000457763672,23.895000457763672,23.895000457763672,329.0
2023-06-16 13:59:00,CDZI,4.369999885559082,4.369999885559082,4.369999885559082,4.369999885559082,4.369999885559082,100.0
2023-06-16 13:59:00,CEG,93.75,93.75,93.75,93.72000122070312,93.7300033569336,3536.0
2023-06-16 13:59:00,EXC,41.42499923706055,41.42499923706055,41.42499923706055,41.40999984741211,41.41999816894531,9104.0
2023-06-16 13:59:00,FLNC,26.34000015258789,26.34000015258789,26.34000015258789,26.31999969482422,26.31999969482422,2903.0
2023-06-16 13:59:00,LNT,53.939998626708984,53.939998626708984,53.939998626708984,53.93000030517578,53.939998626708984,1995.0
2023-06-16 13:59:00,MNTK,7.079999923706055,7.079999923706055,7.079999923706055,7.079999923706055,7.079999923706055,127.0
2023-06-16 13:59:00,MSEX,82.47000122070312,82.47000122070312,82.51000213623047,82.47000122070312,82.51000213623047,997.0
2023-06-16 13:59:00,NFE,29.774999618530273,29.774999618530273,29.774999618530273,29.75,29.75,1206.0
2023-06-16 13:59:00,NWE,58.869998931884766,58.869998931884766,58.869998931884766,58.869998931884766,58.869998931884766,734.0
2023-06-16 13:59:00,RNW,6.039999961853027,6.039999961853027,6.04580020904541,6.039999961853027,6.039999961853027,1547.0
2023-06-16 13:59:00,XEL,64.23999786376953,64.23999786376953,64.25,64.22000122070312,64.25,4940.0
2023-06-16 14:00:00,ADN,0.6969000101089478,0.6969000101089478,0.6969000101089478,0.6969000101089478,0.6969000101089478,352.0
2023-06-16 14:00:00,AEP,85.2300033569336,85.2300033569336,85.24500274658203,85.22000122070312,85.24500274658203,2048.0
2023-06-16 14:00:00,AY,23.889999389648438,23.889999389648438,23.909000396728516,23.889999389648438,23.899999618530273,2420.0
2023-06-16 14:00:00,CDZI,4.369999885559082,4.369999885559082,4.369999885559082,4.369999885559082,4.369999885559082,1042.0
2023-06-16 14:00:00,CEG,93.77999877929688,93.77999877929688,93.77999877929688,93.75,93.75,1155.0
2023-06-16 14:00:00,EXC,41.415000915527344,41.415000915527344,41.42499923706055,41.415000915527344,41.41999816894531,4375.0
2023-06-16 14:00:00,FLNC,26.34000015258789,26.34000015258789,26.34000015258789,26.34000015258789,26.34000015258789,808.0
2023-06-16 14:00:00,LNT,53.959999084472656,53.959999084472656,53.959999084472656,53.95000076293945,53.95000076293945,1434.0
2023-06-16 14:00:00,MNTK,7.070000171661377,7.070000171661377,7.085000038146973,7.070000171661377,7.085000038146973,2200.0
2023-06-16 14:00:00,RNW,6.048999786376953,6.048999786376953,6.048999786376953,6.045000076293945,6.045000076293945,460.0
2023-06-16 14:00:00,XEL,64.25,64.25,64.25,64.23500061035156,64.25,2902.0
2023-06-16 14:01:00,ADN,0.699999988079071,0.699999988079071,0.699999988079071,0.6969000101089478,0.6969000101089478,1145.0
2023-06-16 14:01:00,AEP,85.2300033569336,85.2300033569336,85.23999786376953,85.22000122070312,85.2300033569336,2014.0
2023-06-16 14:01:00,AY,23.895000457763672,23.895000457763672,23.895000457763672,23.895000457763672,23.895000457763672,215.0
2023-06-16 14:01:00,CDZI,4.380000114440918,4.380000114440918,4.380000114440918,4.369999885559082,4.369999885559082,2470.0
2023-06-16 14:01:00,CEG,93.76000213623047,93.76000213623047,93.80500030517578,93.76000213623047,93.7750015258789,5407.0
2023-06-16 14:01:00,EXC,41.41999816894531,41.41999816894531,41.43000030517578,41.40999984741211,41.40999984741211,12989.0
2023-06-16 14:01:00,FLNC,26.34000015258789,26.34000015258789,26.360000610351562,26.3346004486084,26.344999313354492,3857.0
2023-06-16 14:01:00,LNT,53.967498779296875,53.967498779296875,53.974998474121094,53.959999084472656,53.96500015258789,2896.0
2023-06-16 14:01:00,NFE,29.75,29.75,29.790000915527344,29.75,29.770000457763672,3222.0
2023-06-16 14:01:00,OTTR,75.16999816894531,75.16999816894531,75.16999816894531,75.16999816894531,75.16999816894531,436.0
2023-06-16 14:01:00,RNW,6.03000020980835,6.03000020980835,6.050000190734863,6.03000020980835,6.050000190734863,19297.0
2023-06-16 14:01:00,XEL,64.25499725341797,64.25499725341797,64.26000213623047,64.23999786376953,64.23999786376953,2785.0
2023-06-16 14:02:00,ADN,0.6969000101089478,0.6969000101089478,0.6969000101089478,0.6969000101089478,0.6969000101089478,100.0
2023-06-16 14:02:00,AEP,85.2300033569336,85.2300033569336,85.23999786376953,85.2249984741211,85.23999786376953,2255.0
2023-06-16 14:02:00,ARTNA,49.5,49.5,49.5,49.4900016784668,49.4900016784668,547.0
2023-06-16 14:02:00,AY,23.899999618530273,23.899999618530273,23.90690040588379,23.864999771118164,23.89080047607422,7117.0
2023-06-16 14:02:00,BNRG,0.97079998254776,0.97079998254776,0.97079998254776,0.9700000286102295,0.9700999855995178,4810.0
2023-06-16 14:02:00,CDZI,4.379899978637695,4.379899978637695,4.380000114440918,4.375,4.375,2282.0
2023-06-16 14:02:00,CEG,93.79000091552734,93.79000091552734,93.79000091552734,93.75,93.76499938964844,2110.0
2023-06-16 14:02:00,CWCO,22.34000015258789,22.34000015258789,22.34000015258789,22.34000015258789,22.34000015258789,349.0
2023-06-16 14:02:00,EXC,41.39500045776367,41.39500045776367,41.415000915527344,41.39500045776367,41.415000915527344,6611.0
2023-06-16 14:02:00,FLNC,26.356000900268555,26.356000900268555,26.356000900268555,26.356000900268555,26.356000900268555,487.0
2023-06-16 14:02:00,LNT,53.95000076293945,53.95000076293945,53.96500015258789,53.94499969482422,53.96500015258789,2585.0
2023-06-16 14:02:00,MNTK,7.067500114440918,7.067500114440918,7.067500114440918,7.067500114440918,7.067500114440918,100.0
2023-06-16 14:02:00,MSEX,82.5,82.5,82.5,82.45999908447266,82.5,491.0
2023-06-16 14:02:00,NFE,29.770000457763672,29.770000457763672,29.770000457763672,29.75,29.75,562.0
2023-06-16 14:02:00,NWE,58.869998931884766,58.869998931884766,58.869998931884766,58.869998931884766,58.869998931884766,138.0
2023-06-16 14:02:00,RNW,6.0,6.0,6.025000095367432,5.994999885559082,6.025000095367432,25440.0
2023-06-16 14:02:00,XEL,64.25,64.25,64.26000213623047,64.2300033569336,64.25499725341797,2248.0
2023-06-16 14:03:00,ADN,0.6969000101089478,0.6969000101089478,0.6969000101089478,0.6969000101089478,0.6969000101089478,168.0
2023-06-16 14:03:00,AEP,85.25499725341797,85.25499725341797,85.25499725341797,85.2300033569336,85.2300033569336,1073.0
2023-06-16 14:03:00,BNRG,0.9700000286102295,0.9700000286102295,0.9700000286102295,0.9700000286102295,0.9700000286102295,130.0
2023-06-16 14:03:00,CDZI,4.380000114440918,4.380000114440918,4.380000114440918,4.369999885559082,4.369999885559082,3661.0
2023-06-16 14:03:00,CEG,93.77999877929688,93.77999877929688,93.77999877929688,93.77999877929688,93.77999877929688,280.0
2023-06-16 14:03:00,CWCO,22.31999969482422,22.31999969482422,22.31999969482422,22.31999969482422,22.31999969482422,233.0
2023-06-16 14:03:00,EXC,41.380001068115234,41.380001068115234,41.39500045776367,41.380001068115234,41.39500045776367,4310.0
2023-06-16 14:03:00,FLNC,26.395000457763672,26.395000457763672,26.395000457763672,26.3799991607666,26.3799991607666,655.0
2023-06-16 14:03:00,LNT,53.939998626708984,53.939998626708984,53.95500183105469,53.939998626708984,53.95000076293945,1160.0
2023-06-16 14:03:00,MNTK,7.065000057220459,7.065000057220459,7.065000057220459,7.065000057220459,7.065000057220459,100.0
2023-06-16 14:03:00,NFE,29.829999923706055,29.829999923706055,29.829999923706055,29.790000915527344,29.790000915527344,927.0
2023-06-16 14:03:00,RNW,6.005000114440918,6.005000114440918,6.005000114440918,5.994999885559082,6.0,3462.0
2023-06-16 14:03:00,XEL,64.25,64.25,64.25,64.25,64.25,1268.0
2023-06-16 14:04:00,ADN,0.6969000101089478,0.6969000101089478,0.6969000101089478,0.6969000101089478,0.6969000101089478,1632.0
2023-06-16 14:04:00,AEP,85.24970245361328,85.24970245361328,85.26000213623047,85.22879791259766,85.25,3479.0
2023-06-16 14:04:00,AY,23.90999984741211,23.90999984741211,23.90999984741211,23.90999984741211,23.90999984741211,471.0
2023-06-16 14:04:00,CDZI,4.369999885559082,4.369999885559082,4.369999885559082,4.369999885559082,4.369999885559082,599.0
2023-06-16 14:04:00,CEG,93.73999786376953,93.73999786376953,93.79499816894531,93.73999786376953,93.77999877929688,2520.0
2023-06-16 14:04:00,EXC,41.3849983215332,41.3849983215332,41.38999938964844,41.35499954223633,41.380001068115234,18771.0
2023-06-16 14:04:00,FLNC,26.423799514770508,26.423799514770508,26.423799514770508,26.40999984741211,26.40999984741211,1174.0
2023-06-16 14:04:00,HTOO,2.200000047683716,2.200000047683716,2.200000047683716,2.200000047683716,2.200000047683716,114.0
2023-06-16 14:04:00,LNT,53.939998626708984,53.939998626708984,53.939998626708984,53.939998626708984,53.939998626708984,2397.0
2023-06-16 14:04:00,MGEE,79.37999725341797,79.37999725341797,79.41000366210938,79.37999725341797,79.41000366210938,670.0
2023-06-16 14:04:00,MNTK,7.059999942779541,7.059999942779541,7.059999942779541,7.059999942779541,7.059999942779541,119.0
2023-06-16 14:04:00,MSEX,82.5,82.5,82.5,82.5,82.5,491.0
2023-06-16 14:04:00,NFE,29.829999923706055,29.829999923706055,29.829999923706055,29.81999969482422,29.829999923706055,3180.0
2023-06-16 14:04:00,NWE,58.79999923706055,58.79999923706055,58.79999923706055,58.79999923706055,58.79999923706055,189.0
2023-06-16 14:04:00,OTTR,75.1500015258789,75.1500015258789,75.1500015258789,75.1500015258789,75.1500015258789,147.0
2023-06-16 14:04:00,RNW,6.0,6.0,6.005000114440918,6.0,6.005000114440918,667.0
2023-06-16 14:04:00,XEL,64.23500061035156,64.23500061035156,64.25499725341797,64.22000122070312,64.25499725341797,4437.0
2023-06-16 14:05:00,ADN,0.6969000101089478,0.6969000101089478,0.699999988079071,0.6969000101089478,0.699999988079071,9668.0
2023-06-16 14:05:00,AEP,85.25,85.25,85.25,85.23999786376953,85.24700164794922,1038.0
2023-06-16 14:05:00,ARTNA,49.4900016784668,49.4900016784668,49.4900016784668,49.4900016784668,49.4900016784668,145.0
2023-06-16 14:05:00,AY,23.899999618530273,23.899999618530273,23.899999618530273,23.899999618530273,23.899999618530273,608.0
2023-06-16 14:05:00,CDZI,4.360000133514404,4.360000133514404,4.360000133514404,4.360000133514404,4.360000133514404,100.0
2023-06-16 14:05:00,CEG,93.78500366210938,93.78500366210938,93.78820037841797,93.7699966430664,93.7699966430664,1584.0
2023-06-16 14:05:00,EXC,41.3849983215332,41.3849983215332,41.3849983215332,41.380001068115234,41.380001068115234,1706.0
2023-06-16 14:05:00,LNT,53.95000076293945,53.95000076293945,53.95000076293945,53.94499969482422,53.94499969482422,1682.0
2023-06-16 14:05:00,MNTK,7.065000057220459,7.065000057220459,7.065000057220459,7.065000057220459,7.065000057220459,219.0
2023-06-16 14:05:00,NFE,29.844999313354492,29.844999313354492,29.850000381469727,29.84000015258789,29.84000015258789,1650.0
2023-06-16 14:05:00,NWE,58.83000183105469,58.83000183105469,58.83000183105469,58.83000183105469,58.83000183105469,112.0
2023-06-16 14:05:00,RNW,6.005000114440918,6.005000114440918,6.005000114440918,6.005000114440918,6.005000114440918,144.0
2023-06-16 14:05:00,XEL,64.2249984741211,64.2249984741211,64.23999786376953,64.2249984741211,64.23500061035156,1803.0
2023-06-16 14:06:00,ADN,0.6969000101089478,0.6969000101089478,0.6969000101089478,0.6969000101089478,0.6969000101089478,1044.0
2023-06-16 14:06:00,AEP,85.20899963378906,85.20899963378906,85.23999786376953,85.19999694824219,85.23999786376953,5656.0
2023-06-16 14:06:00,CEG,93.73999786376953,93.73999786376953,93.77999877929688,93.73999786376953,93.77999877929688,2532.0
2023-06-16 14:06:00,CWCO,22.34000015258789,22.34000015258789,22.34000015258789,22.34000015258789,22.34000015258789,254.0
2023-06-16 14:06:00,EXC,41.3650016784668,41.3650016784668,41.380001068115234,41.36000061035156,41.380001068115234,16227.0
2023-06-16 14:06:00,FLNC,26.420000076293945,26.420000076293945,26.43000030517578,26.40999984741211,26.40999984741211,1330.0
2023-06-16 14:06:00,LNT,53.92499923706055,53.92499923706055,53.93000030517578,53.92499923706055,53.93000030517578,1113.0
2023-06-16 14:06:00,MNTK,7.070000171661377,7.070000171661377,7.070000171661377,7.070000171661377,7.070000171661377,341.0
2023-06-16 14:06:00,NFE,29.850000381469727,29.850000381469727,29.850000381469727,29.84000015258789,29.844999313354492,1955.0
2023-06-16 14:06:00,NWE,58.82500076293945,58.82500076293945,58.82500076293945,58.82500076293945,58.82500076293945,708.0
2023-06-16 14:06:00,PCYO,10.649999618530273,10.649999618530273,10.649999618530273,10.649999618530273,10.649999618530273,231.0
2023-06-16 14:06:00,RNW,5.989999771118164,5.989999771118164,6.0,5.989999771118164,6.0,2206.0
2023-06-16 14:06:00,XEL,64.18000030517578,64.18000030517578,64.22000122070312,64.17500305175781,64.22000122070312,7612.0
2023-06-16 14:07:00,AEP,85.2300033569336,85.2300033569336,85.2300033569336,85.21499633789062,85.22000122070312,2535.0
2023-06-16 14:07:00,AY,23.899999618530273,23.899999618530273,23.899999618530273,23.899999618530273,23.899999618530273,150.0
2023-06-16 14:07:00,CEG,93.72000122070312,93.72000122070312,93.75,93.72000122070312,93.75,1926.0
2023-06-16 14:07:00,EXC,41.380001068115234,41.380001068115234,41.380001068115234,41.369998931884766,41.369998931884766,5944.0
2023-06-16 14:07:00,FLNC,26.426799774169922,26.426799774169922,26.442699432373047,26.426799774169922,26.43000030517578,1539.0
2023-06-16 14:07:00,LNT,53.93000030517578,53.93000030517578,53.935001373291016,53.92499923706055,53.93000030517578,1537.0
2023-06-16 14:07:00,NFE,29.84000015258789,29.84000015258789,29.84000015258789,29.84000015258789,29.84000015258789,439.0
2023-06-16 14:07:00,OTTR,75.15499877929688,75.15499877929688,75.15499877929688,75.15499877929688,75.15499877929688,228.0
2023-06-16 14:07:00,RNW,5.990900039672852,5.990900039672852,5.990900039672852,5.990900039672852,5.990900039672852,301.0
2023-06-16 14:07:00,XEL,64.19999694824219,64.19999694824219,64.19999694824219,64.18499755859375,64.19000244140625,5157.0
2023-06-16 14:08:00,AEP,85.25499725341797,85.25499725341797,85.25499725341797,85.2300033569336,85.2300033569336,4458.0
2023-06-16 14:08:00,AY,23.899999618530273,23.899999618530273,23.899999618530273,23.899999618530273,23.899999618530273,126.0
2023-06-16 14:08:00,CDZI,4.360000133514404,4.360000133514404,4.361000061035156,4.360000133514404,4.360000133514404,989.0
2023-06-16 14:08:00,CEG,93.7300033569336,93.7300033569336,93.73999786376953,93.71089935302734,93.7300033569336,2479.0
2023-06-16 14:08:00,CWCO,22.309999465942383,22.309999465942383,22.31999969482422,22.309999465942383,22.31999969482422,537.0
2023-06-16 14:08:00,EXC,41.3849983215332,41.3849983215332,41.39500045776367,41.369998931884766,41.369998931884766,13727.0
2023-06-16 14:08:00,FLNC,26.449899673461914,26.449899673461914,26.449899673461914,26.449899673461914,26.449899673461914,167.0
2023-06-16 14:08:00,LNT,53.94499969482422,53.94499969482422,53.94499969482422,53.93000030517578,53.935001373291016,1419.0
2023-06-16 14:08:00,NFE,29.850000381469727,29.850000381469727,29.850000381469727,29.84000015258789,29.84000015258789,222.0
2023-06-16 14:08:00,RNW,6.0,6.0,6.005000114440918,6.0,6.0,818.0
2023-06-16 14:08:00,XEL,64.20999908447266,64.20999908447266,64.21499633789062,64.19499969482422,64.20999908447266,5333.0
2023-06-16 14:09:00,ADN,0.6969000101089478,0.6969000101089478,0.698199987411499,0.6969000101089478,0.6969000101089478,1719.0
2023-06-16 14:09:00,AEP,85.25,85.25,85.2699966430664,85.23999786376953,85.25,7188.0
2023-06-16 14:09:00,AY,23.899999618530273,23.899999618530273,23.899999618530273,23.899999618530273,23.899999618530273,455.0
2023-06-16 14:09:00,CEG,93.73750305175781,93.73750305175781,93.73999786376953,93.72000122070312,93.72000122070312,4463.0
2023-06-16 14:09:00,CWCO,22.339599609375,22.339599609375,22.339599609375,22.31999969482422,22.31999969482422,1414.0
2023-06-16 14:09:00,EXC,41.375,41.375,41.3849983215332,41.375,41.3849983215332,5411.0
2023-06-16 14:09:00,FLNC,26.43000030517578,26.43000030517578,26.43000030517578,26.43000030517578,26.43000030517578,424.0
2023-06-16 14:09:00,HTOO,2.2207000255584717,2.2207000255584717,2.2207000255584717,2.2207000255584717,2.2207000255584717,299.0
2023-06-16 14:09:00,LNT,53.93000030517578,53.93000030517578,53.94499969482422,53.93000030517578,53.94499969482422,1493.0
2023-06-16 14:09:00,MSEX,82.55999755859375,82.55999755859375,82.55999755859375,82.47000122070312,82.5199966430664,1162.0
2023-06-16 14:09:00,NFE,29.8700008392334,29.8700008392334,29.8700008392334,29.847900390625,29.847900390625,1214.0
2023-06-16 14:09:00,NWE,58.83000183105469,58.83000183105469,58.83000183105469,58.83000183105469,58.83000183105469,206.0
2023-06-16 14:09:00,OTTR,75.19000244140625,75.19000244140625,75.19000244140625,75.18000030517578,75.18000030517578,549.0
2023-06-16 14:09:00,PCYO,10.619999885559082,10.619999885559082,10.65999984741211,10.619999885559082,10.630000114440918,1312.0
2023-06-16 14:09:00,RNW,6.0,6.0,6.005000114440918,6.0,6.0,851.0
2023-06-16 14:09:00,XEL,64.17500305175781,64.17500305175781,64.20279693603516,64.17500305175781,64.19999694824219,4407.0
2023-06-16 14:10:00,ADN,0.6984500288963318,0.6984500288963318,0.6984500288963318,0.6969000101089478,0.6969000101089478,201.0
2023-06-16 14:10:00,AEP,85.25,85.25,85.25,85.23999786376953,85.25,1976.0
2023-06-16 14:10:00,ARTNA,49.5,49.5,49.5,49.5,49.5,328.0
2023-06-16 14:10:00,AY,23.895000457763672,23.895000457763672,23.895000457763672,23.889999389648438,23.889999389648438,963.0
2023-06-16 14:10:00,CDZI,4.360000133514404,4.360000133514404,4.360000133514404,4.360000133514404,4.360000133514404,276.0
2023-06-16 14:10:00,CEG,93.75,93.75,93.75,93.73999786376953,93.73999786376953,1774.0
2023-06-16 14:10:00,EXC,41.375,41.375,41.380001068115234,41.375,41.380001068115234,4227.0
2023-06-16 14:10:00,FLNC,26.43000030517578,26.43000030517578,26.450000762939453,26.420000076293945,26.434999465942383,5284.0
2023-06-16 14:10:00,LNT,53.939998626708984,53.939998626708984,53.939998626708984,53.939998626708984,53.939998626708984,391.0
2023-06-16 14:10:00,NFE,29.889999389648438,29.889999389648438,29.899999618530273,29.8799991607666,29.8799991607666,2843.0
2023-06-16 14:10:00,OTTR,75.16999816894531,75.16999816894531,75.20999908447266,75.16999816894531,75.19000244140625,2213.0
2023-06-16 14:10:00,PCYO,10.649999618530273,10.649999618530273,10.649999618530273,10.649999618530273,10.649999618530273,202.0
2023-06-16 14:10:00,RNW,6.0,6.0,6.005000114440918,6.0,6.005000114440918,960.0
2023-06-16 14:10:00,XEL,64.18000030517578,64.18000030517578,64.19000244140625,64.16999816894531,64.17500305175781,3992.0
2023-06-16 14:11:00,ADN,0.6969000101089478,0.6969000101089478,0.6969000101089478,0.6969000101089478,0.6969000101089478,999.0
2023-06-16 14:11:00,AEP,85.22699737548828,85.22699737548828,85.23999786376953,85.20999908447266,85.23999786376953,1927.0
2023-06-16 14:11:00,AY,23.8799991607666,23.8799991607666,23.8799991607666,23.8799991607666,23.8799991607666,421.0
2023-06-16 14:11:00,CDZI,4.364999771118164,4.364999771118164,4.364999771118164,4.364999771118164,4.364999771118164,201.0
2023-06-16 14:11:00,CEG,93.75,93.75,93.75749969482422,93.75,93.75749969482422,1779.0
2023-06-16 14:11:00,EXC,41.3650016784668,41.3650016784668,41.380001068115234,41.36000061035156,41.380001068115234,8083.0
2023-06-16 14:11:00,FLNC,26.399999618530273,26.399999618530273,26.43000030517578,26.399999618530273,26.43000030517578,2195.0
2023-06-16 14:11:00,LNT,53.900001525878906,53.900001525878906,53.93000030517578,53.869998931884766,53.93000030517578,9591.0
2023-06-16 14:11:00,MGEE,79.23999786376953,79.23999786376953,79.31999969482422,79.0199966430664,79.31999969482422,5641.0
2023-06-16 14:11:00,MNTK,7.065000057220459,7.065000057220459,7.070000171661377,7.065000057220459,7.070000171661377,321.0
2023-06-16 14:11:00,NFE,29.84000015258789,29.84000015258789,29.8700008392334,29.84000015258789,29.8700008392334,1934.0
2023-06-16 14:11:00,NWE,58.834999084472656,58.834999084472656,58.834999084472656,58.834999084472656,58.834999084472656,304.0
2023-06-16 14:11:00,PCYO,10.649999618530273,10.649999618530273,10.649999618530273,10.640000343322754,10.640000343322754,234.0
2023-06-16 14:11:00,RNW,6.0,6.0,6.0,6.0,6.0,1571.0
2023-06-16 14:11:00,XEL,64.16999816894531,64.16999816894531,64.18000030517578,64.16000366210938,64.16999816894531,4587.0
2023-06-16 14:12:00,ADN,0.6984999775886536,0.6984999775886536,0.6984999775886536,0.6984500288963318,0.6984500288963318,202.0
2023-06-16 14:12:00,AEP,85.19999694824219,85.19999694824219,85.20999908447266,85.16999816894531,85.20999908447266,2964.0
2023-06-16 14:12:00,AEPPZ,49.369998931884766,49.369998931884766,49.369998931884766,49.36000061035156,49.36000061035156,200.0
2023-06-16 14:12:00,CDZI,4.360000133514404,4.360000133514404,4.360000133514404,4.360000133514404,4.360000133514404,234.0
2023-06-16 14:12:00,CEG,93.71499633789062,93.71499633789062,93.73999786376953,93.66000366210938,93.73999786376953,6553.0
2023-06-16 14:12:00,EXC,41.345001220703125,41.345001220703125,41.3650016784668,41.345001220703125,41.3650016784668,9529.0
2023-06-16 14:12:00,FLNC,26.399999618530273,26.399999618530273,26.399999618530273,26.399999618530273,26.399999618530273,458.0
2023-06-16 14:12:00,LNT,53.88999938964844,53.88999938964844,53.900001525878906,53.880001068115234,53.89500045776367,2276.0
2023-06-16 14:12:00,MNTK,7.060100078582764,7.060100078582764,7.060100078582764,7.059999942779541,7.059999942779541,211.0
2023-06-16 14:12:00,NFE,29.84000015258789,29.84000015258789,29.84000015258789,29.84000015258789,29.84000015258789,347.0
2023-06-16 14:12:00,NWE,58.810001373291016,58.810001373291016,58.81999969482422,58.79999923706055,58.79999923706055,1038.0
2023-06-16 14:12:00,RNW,6.0,6.0,6.0,6.0,6.0,1022.0
2023-06-16 14:12:00,XEL,64.16000366210938,64.16000366210938,64.16500091552734,64.13999938964844,64.16000366210938,5723.0
2023-06-16 14:13:00,ADN,0.696399986743927,0.696399986743927,0.6969000101089478,0.696399986743927,0.6969000101089478,406.0
2023-06-16 14:13:00,AEP,85.22000122070312,85.22000122070312,85.22000122070312,85.19000244140625,85.20500183105469,2837.0
2023-06-16 14:13:00,AY,23.875,23.875,23.875,23.860000610351562,23.8700008392334,745.0
2023-06-16 14:13:00,CDZI,4.360000133514404,4.360000133514404,4.360000133514404,4.360000133514404,4.360000133514404,368.0
2023-06-16 14:13:00,CEG,93.7300033569336,93.7300033569336,93.73999786376953,93.70999908447266,93.73999786376953,2043.0
2023-06-16 14:13:00,EXC,41.36000061035156,41.36000061035156,41.3650016784668,41.349998474121094,41.349998474121094,12999.0
2023-06-16 14:13:00,LNT,53.90999984741211,53.90999984741211,53.90999984741211,53.90999984741211,53.90999984741211,696.0
2023-06-16 14:13:00,MNTK,7.065000057220459,7.065000057220459,7.070000171661377,7.065000057220459,7.070000171661377,307.0
2023-06-16 14:13:00,NFE,29.889999389648438,29.889999389648438,29.889999389648438,29.850000381469727,29.850000381469727,1459.0
2023-06-16 14:13:00,NWE,58.810001373291016,58.810001373291016,58.810001373291016,58.810001373291016,58.810001373291016,717.0
2023-06-16 14:13:00,RNW,6.0,6.0,6.0,6.0,6.0,271.0
2023-06-16 14:13:00,XEL,64.1500015258789,64.1500015258789,64.16000366210938,64.1449966430664,64.16000366210938,8616.0
2023-06-16 14:14:00,ADN,0.6991000175476074,0.6991000175476074,0.6991000175476074,0.6969000101089478,0.6969000101089478,2098.0
2023-06-16 14:14:00,AEP,85.25,85.25,85.25,85.20999908447266,85.22000122070312,7451.0
2023-06-16 14:14:00,ARTNA,49.4900016784668,49.4900016784668,49.4900016784668,49.4900016784668,49.4900016784668,340.0
2023-06-16 14:14:00,AY,23.885000228881836,23.885000228881836,23.885000228881836,23.8799991607666,23.8799991607666,2019.0
2023-06-16 14:14:00,CDZI,4.340000152587891,4.340000152587891,4.360000133514404,4.329999923706055,4.360000133514404,2452.0
2023-06-16 14:14:00,CEG,93.76000213623047,93.76000213623047,93.76000213623047,93.70999908447266,93.72000122070312,3106.0
2023-06-16 14:14:00,EXC,41.375,41.375,41.375,41.3650016784668,41.3650016784668,5085.0
2023-06-16 14:14:00,FLNC,26.399999618530273,26.399999618530273,26.40999984741211,26.389999389648438,26.399999618530273,1914.0
2023-06-16 14:14:00,LNT,53.939998626708984,53.939998626708984,53.939998626708984,53.92499923706055,53.92499923706055,1568.0
2023-06-16 14:14:00,MNTK,7.059999942779541,7.059999942779541,7.059999942779541,7.059999942779541,7.059999942779541,147.0
2023-06-16 14:14:00,MSEX,82.48999786376953,82.48999786376953,82.48999786376953,82.48999786376953,82.48999786376953,158.0
2023-06-16 14:14:00,NFE,29.899999618530273,29.899999618530273,29.899999618530273,29.889999389648438,29.889999389648438,1248.0
2023-06-16 14:14:00,OPAL,6.717299938201904,6.717299938201904,6.717299938201904,6.717299938201904,6.717299938201904,502.0
2023-06-16 14:14:00,OTTR,75.12000274658203,75.12000274658203,75.12000274658203,75.0999984741211,75.0999984741211,959.0
2023-06-16 14:14:00,RNW,6.0,6.0,6.0,6.0,6.0,228.0
2023-06-16 14:14:00,VIASP,16.599700927734375,16.599700927734375,16.599700927734375,16.475000381469727,16.475000381469727,491.0
2023-06-16 14:14:00,XEL,64.16999816894531,64.16999816894531,64.16999816894531,64.1449966430664,64.1500015258789,12154.0
2023-06-16 14:15:00,ADN,0.6969000101089478,0.6969000101089478,0.698199987411499,0.6969000101089478,0.698199987411499,600.0
2023-06-16 14:15:00,AEP,85.30899810791016,85.30899810791016,85.30899810791016,85.2699966430664,85.27149963378906,3312.0
2023-06-16 14:15:00,AY,23.8799991607666,23.8799991607666,23.881999969482422,23.8799991607666,23.881999969482422,224.0
2023-06-16 14:15:00,CDZI,4.329999923706055,4.329999923706055,4.329999923706055,4.329999923706055,4.329999923706055,608.0
2023-06-16 14:15:00,CEG,93.75,93.75,93.7699966430664,93.75,93.7699966430664,2122.0
2023-06-16 14:15:00,CWCO,22.34000015258789,22.34000015258789,22.34000015258789,22.34000015258789,22.34000015258789,467.0
2023-06-16 14:15:00,EXC,41.375,41.375,41.3849983215332,41.369998931884766,41.37699890136719,7810.0
2023-06-16 14:15:00,FLNC,26.399999618530273,26.399999618530273,26.40999984741211,26.399999618530273,26.399999618530273,1893.0
2023-06-16 14:15:00,LNT,53.95000076293945,53.95000076293945,53.95000076293945,53.95000076293945,53.95000076293945,587.0
2023-06-16 14:15:00,MGEE,79.25,79.25,79.25,79.18000030517578,79.18000030517578,680.0
2023-06-16 14:15:00,MNTK,7.059999942779541,7.059999942779541,7.070000171661377,7.059999942779541,7.070000171661377,200.0
2023-06-16 14:15:00,MSEX,82.45999908447266,82.45999908447266,82.45999908447266,82.45999908447266,82.45999908447266,202.0
2023-06-16 14:15:00,NFE,29.920000076293945,29.920000076293945,29.920000076293945,29.905000686645508,29.90999984741211,2120.0
2023-06-16 14:15:00,NWE,58.849998474121094,58.849998474121094,58.849998474121094,58.83000183105469,58.83000183105469,991.0
2023-06-16 14:15:00,RNW,6.0,6.0,6.009099960327148,6.0,6.009099960327148,503.0
2023-06-16 14:15:00,VIA,10.859999656677246,10.859999656677246,10.859999656677246,10.859999656677246,10.859999656677246,408.0
2023-06-16 14:15:00,XEL,64.18000030517578,64.18000030517578,64.1803970336914,64.16500091552734,64.17500305175781,9125.0
2023-06-16 14:16:00,ADN,0.6969000101089478,0.6969000101089478,0.6969000101089478,0.6969000101089478,0.6969000101089478,1500.0
2023-06-16 14:16:00,AEP,85.2699966430664,85.2699966430664,85.30999755859375,85.26000213623047,85.30999755859375,1923.0
2023-06-16 14:16:00,AY,23.885000228881836,23.885000228881836,23.886600494384766,23.885000228881836,23.886600494384766,677.0
2023-06-16 14:16:00,CEG,93.75,93.75,93.77999877929688,93.73999786376953,93.7699966430664,1171.0
2023-06-16 14:16:00,EXC,41.35499954223633,41.35499954223633,41.38999938964844,41.349998474121094,41.380001068115234,7297.0
2023-06-16 14:16:00,GWRS,12.460000038146973,12.460000038146973,12.460000038146973,12.460000038146973,12.460000038146973,135.0
2023-06-16 14:16:00,LNT,53.95500183105469,53.95500183105469,53.96039962768555,53.95500183105469,53.959999084472656,3172.0
2023-06-16 14:16:00,MGEE,79.25,79.25,79.25,79.25,79.25,201.0
2023-06-16 14:16:00,MNTK,7.059999942779541,7.059999942779541,7.065000057220459,7.059999942779541,7.065000057220459,1482.0
2023-06-16 14:16:00,MSEX,82.4800033569336,82.4800033569336,82.4800033569336,82.4800033569336,82.4800033569336,622.0
2023-06-16 14:16:00,NFE,29.93000030517578,29.93000030517578,29.93000030517578,29.920000076293945,29.920000076293945,666.0
2023-06-16 14:16:00,NWE,58.849998474121094,58.849998474121094,58.849998474121094,58.849998474121094,58.849998474121094,135.0
2023-06-16 14:16:00,OTTR,75.11000061035156,75.11000061035156,75.1500015258789,75.11000061035156,75.13999938964844,1111.0
2023-06-16 14:16:00,RNW,6.005000114440918,6.005000114440918,6.005000114440918,6.005000114440918,6.005000114440918,602.0
2023-06-16 14:16:00,XEL,64.16500091552734,64.16500091552734,64.19000244140625,64.16500091552734,64.18000030517578,8520.0
2023-06-16 14:17:00,ADN,0.6969000101089478,0.6969000101089478,0.6969000101089478,0.6969000101089478,0.6969000101089478,100.0
2023-06-16 14:17:00,AEP,85.2699966430664,85.2699966430664,85.2699966430664,85.25,85.2699966430664,1256.0
2023-06-16 14:17:00,CEG,93.74500274658203,93.74500274658203,93.74500274658203,93.74500274658203,93.74500274658203,482.0
2023-06-16 14:17:00,EXC,41.334999084472656,41.334999084472656,41.349998474121094,41.33000183105469,41.349998474121094,3409.0
2023-06-16 14:17:00,FLNC,26.3799991607666,26.3799991607666,26.420000076293945,26.3799991607666,26.420000076293945,2887.0
2023-06-16 14:17:00,LNT,53.970001220703125,53.970001220703125,53.970001220703125,53.95000076293945,53.95000076293945,2135.0
2023-06-16 14:17:00,MGEE,79.23999786376953,79.23999786376953,79.24500274658203,79.23999786376953,79.24500274658203,7933.0
2023-06-16 14:17:00,NFE,29.93000030517578,29.93000030517578,29.93000030517578,29.90999984741211,29.90999984741211,633.0
2023-06-16 14:17:00,NWE,58.83000183105469,58.83000183105469,58.83000183105469,58.83000183105469,58.83000183105469,257.0
2023-06-16 14:17:00,PCYO,10.680000305175781,10.680000305175781,10.680000305175781,10.680000305175781,10.680000305175781,158.0
2023-06-16 14:17:00,RGCO,21.420000076293945,21.420000076293945,21.420000076293945,21.420000076293945,21.420000076293945,661.0
2023-06-16 14:17:00,RNW,5.989999771118164,5.989999771118164,6.005000114440918,5.989999771118164,6.005000114440918,4132.0
2023-06-16 14:17:00,XEL,64.19000244140625,64.19000244140625,64.19000244140625,64.1500015258789,64.16000366210938,10245.0
2023-06-16 14:18:00,ADN,0.6970000267028809,0.6970000267028809,0.698199987411499,0.6969000101089478,0.6969000101089478,941.0
2023-06-16 14:18:00,AEP,85.25,85.25,85.2699966430664,85.25,85.2699966430664,2953.0
2023-06-16 14:18:00,AY,23.88010025024414,23.88010025024414,23.889999389648438,23.8799991607666,23.889999389648438,1190.0
2023-06-16 14:18:00,CDZI,4.329999923706055,4.329999923706055,4.340000152587891,4.320000171661377,4.329999923706055,1410.0
2023-06-16 14:18:00,CEG,93.72000122070312,93.72000122070312,93.73999786376953,93.72000122070312,93.7300033569336,2507.0
2023-06-16 14:18:00,CWCO,22.315000534057617,22.315000534057617,22.315000534057617,22.315000534057617,22.315000534057617,663.0
2023-06-16 14:18:00,EXC,41.32500076293945,41.32500076293945,41.334999084472656,41.31999969482422,41.33000183105469,2544.0
2023-06-16 14:18:00,GWRS,12.460000038146973,12.460000038146973,12.460000038146973,12.460000038146973,12.460000038146973,287.0
2023-06-16 14:18:00,LNT,53.959999084472656,53.959999084472656,53.970001220703125,53.959999084472656,53.970001220703125,1920.0
2023-06-16 14:18:00,NFE,29.90999984741211,29.90999984741211,29.93000030517578,29.90999984741211,29.90999984741211,1619.0
2023-06-16 14:18:00,NWE,58.86000061035156,58.86000061035156,58.86000061035156,58.84199905395508,58.84199905395508,281.0
2023-06-16 14:18:00,OPAL,6.654900074005127,6.654900074005127,6.654900074005127,6.654900074005127,6.654900074005127,164.0
2023-06-16 14:18:00,PCYO,10.649999618530273,10.649999618530273,10.649999618530273,10.649999618530273,10.649999618530273,200.0
2023-06-16 14:18:00,XEL,64.16500091552734,64.16500091552734,64.19000244140625,64.16500091552734,64.19000244140625,3404.0
2023-06-16 14:19:00,ADN,0.6969000101089478,0.6969000101089478,0.6969010233879089,0.6969000101089478,0.6969010233879089,512.0
2023-06-16 14:19:00,AEP,85.2750015258789,85.2750015258789,85.27999877929688,85.26000213623047,85.26000213623047,1675.0
2023-06-16 14:19:00,AY,23.8799991607666,23.8799991607666,23.8799991607666,23.8799991607666,23.8799991607666,275.0
2023-06-16 14:19:00,CDZI,4.329999923706055,4.329999923706055,4.340000152587891,4.329999923706055,4.340000152587891,6672.0
2023-06-16 14:19:00,CEG,93.70999908447266,93.70999908447266,93.7249984741211,93.70999908447266,93.72000122070312,447.0
2023-06-16 14:19:00,EXC,41.345001220703125,41.345001220703125,41.349998474121094,41.32500076293945,41.32500076293945,10651.0
2023-06-16 14:19:00,FLNC,26.389999389648438,26.389999389648438,26.389999389648438,26.389999389648438,26.389999389648438,507.0
2023-06-16 14:19:00,LNT,53.970001220703125,53.970001220703125,53.970001220703125,53.970001220703125,53.970001220703125,841.0
2023-06-16 14:19:00,MGEE,79.30000305175781,79.30000305175781,79.30000305175781,79.24500274658203,79.24500274658203,356.0
2023-06-16 14:19:00,NFE,29.920000076293945,29.920000076293945,29.920000076293945,29.899999618530273,29.90999984741211,2901.0
2023-06-16 14:19:00,NWE,58.86000061035156,58.86000061035156,58.86000061035156,58.86000061035156,58.86000061035156,326.0
2023-06-16 14:19:00,XEL,64.19000244140625,64.19000244140625,64.19999694824219,64.16999816894531,64.16999816894531,6556.0
2023-06-16 14:20:00,ADN,0.6969000101089478,0.6969000101089478,0.6969000101089478,0.6969000101089478,0.6969000101089478,110.0
2023-06-16 14:20:00,AEP,85.28500366210938,85.28500366210938,85.30000305175781,85.28500366210938,85.29000091552734,2270.0
2023-06-16 14:20:00,AY,23.920000076293945,23.920000076293945,23.920000076293945,23.889999389648438,23.889999389648438,2030.0
2023-06-16 14:20:00,CDZI,4.320000171661377,4.320000171661377,4.338799953460693,4.320000171661377,4.338799953460693,1882.0
2023-06-16 14:20:00,CEG,93.68000030517578,93.68000030517578,93.75,93.66999816894531,93.73999786376953,3389.0
2023-06-16 14:20:00,EXC,41.375,41.375,41.375,41.349998474121094,41.349998474121094,16489.0
2023-06-16 14:20:00,FLNC,26.3799991607666,26.3799991607666,26.3799991607666,26.3799991607666,26.3799991607666,167.0
2023-06-16 14:20:00,HTOO,2.2200000286102295,2.2200000286102295,2.2200000286102295,2.2100000381469727,2.2100000381469727,502.0
2023-06-16 14:20:00,LNT,53.970001220703125,53.970001220703125,53.97999954223633,53.970001220703125,53.970001220703125,1673.0
2023-06-16 14:20:00,MGEE,79.23999786376953,79.23999786376953,79.23999786376953,79.23999786376953,79.23999786376953,202.0
2023-06-16 14:20:00,MNTK,7.050000190734863,7.050000190734863,7.054999828338623,7.045000076293945,7.050000190734863,1301.0
2023-06-16 14:20:00,NFE,29.934999465942383,29.934999465942383,29.950000762939453,29.920000076293945,29.920000076293945,1613.0
2023-06-16 14:20:00,NWE,58.91999816894531,58.91999816894531,58.91999816894531,58.86000061035156,58.86000061035156,899.0
2023-06-16 14:20:00,OPAL,6.599999904632568,6.599999904632568,6.599999904632568,6.599999904632568,6.599999904632568,663.0
2023-06-16 14:20:00,OTTR,75.16999816894531,75.16999816894531,75.19000244140625,75.16999816894531,75.18000030517578,1145.0
2023-06-16 14:20:00,RNW,6.0,6.0,6.0,6.0,6.0,1499.0
2023-06-16 14:20:00,XEL,64.18499755859375,64.18499755859375,64.22000122070312,64.18499755859375,64.19999694824219,11042.0
2023-06-16 14:20:00,YORW,42.97359848022461,42.97359848022461,42.97359848022461,42.97359848022461,42.97359848022461,363.0
2023-06-16 14:21:00,ADN,0.6970000267028809,0.6970000267028809,0.6970000267028809,0.6969000101089478,0.6969000101089478,655.0
2023-06-16 14:21:00,AEP,85.27999877929688,85.27999877929688,85.30000305175781,85.27999877929688,85.29000091552734,3121.0
2023-06-16 14:21:00,AY,23.90999984741211,23.90999984741211,23.90999984741211,23.90999984741211,23.90999984741211,296.0
2023-06-16 14:21:00,CDZI,4.300000190734863,4.300000190734863,4.309999942779541,4.300000190734863,4.304100036621094,6029.0
2023-06-16 14:21:00,CEG,93.7300033569336,93.7300033569336,93.7300033569336,93.69000244140625,93.69000244140625,1330.0
2023-06-16 14:21:00,EXC,41.37699890136719,41.37699890136719,41.37699890136719,41.369998931884766,41.375,1508.0
2023-06-16 14:21:00,FLNC,26.389999389648438,26.389999389648438,26.389999389648438,26.3799991607666,26.3799991607666,742.0
2023-06-16 14:21:00,MGEE,79.36000061035156,79.36000061035156,79.36000061035156,79.36000061035156,79.36000061035156,136.0
2023-06-16 14:21:00,MNTK,7.050000190734863,7.050000190734863,7.050000190734863,7.050000190734863,7.050000190734863,200.0
2023-06-16 14:21:00,NFE,29.889999389648438,29.889999389648438,29.93000030517578,29.889999389648438,29.920000076293945,3400.0
2023-06-16 14:21:00,NWE,58.91999816894531,58.91999816894531,58.91999816894531,58.91999816894531,58.91999816894531,405.0
2023-06-16 14:21:00,RNW,6.0,6.0,6.0,6.0,6.0,1322.0
2023-06-16 14:21:00,XEL,64.18499755859375,64.18499755859375,64.19999694824219,64.18499755859375,64.18499755859375,2065.0
2023-06-16 14:22:00,ADN,0.6969000101089478,0.6969000101089478,0.6969000101089478,0.6969000101089478,0.6969000101089478,100.0
2023-06-16 14:22:00,AEP,85.26000213623047,85.26000213623047,85.27999877929688,85.26000213623047,85.27999877929688,4154.0
2023-06-16 14:22:00,AEPPZ,49.380001068115234,49.380001068115234,49.380001068115234,49.369998931884766,49.369998931884766,460.0
2023-06-16 14:22:00,AY,23.899999618530273,23.899999618530273,23.899999618530273,23.899999618530273,23.899999618530273,509.0
2023-06-16 14:22:00,CDZI,4.300000190734863,4.300000190734863,4.300000190734863,4.300000190734863,4.300000190734863,618.0
2023-06-16 14:22:00,CEG,93.75,93.75,93.76000213623047,93.75,93.75,1059.0
2023-06-16 14:22:00,CWCO,22.30500030517578,22.30500030517578,22.30500030517578,22.30500030517578,22.30500030517578,711.0
2023-06-16 14:22:00,EXC,41.359100341796875,41.359100341796875,41.375,41.359100341796875,41.369998931884766,7385.0
2023-06-16 14:22:00,FLNC,26.385000228881836,26.385000228881836,26.385000228881836,26.385000228881836,26.385000228881836,440.0
2023-06-16 14:22:00,LNT,53.939998626708984,53.939998626708984,53.96500015258789,53.939998626708984,53.96500015258789,1541.0
2023-06-16 14:22:00,MGEE,79.36000061035156,79.36000061035156,79.36000061035156,79.36000061035156,79.36000061035156,101.0
2023-06-16 14:22:00,MNTK,7.050000190734863,7.050000190734863,7.050000190734863,7.050000190734863,7.050000190734863,200.0
2023-06-16 14:22:00,NWE,58.91999816894531,58.91999816894531,58.91999816894531,58.91999816894531,58.91999816894531,1095.0
2023-06-16 14:22:00,OTTR,75.16999816894531,75.16999816894531,75.16999816894531,75.16999816894531,75.16999816894531,2076.0
2023-06-16 14:22:00,PCYO,10.65999984741211,10.65999984741211,10.65999984741211,10.65999984741211,10.65999984741211,245.0
2023-06-16 14:22:00,XEL,64.19000244140625,64.19000244140625,64.22000122070312,64.17500305175781,64.18499755859375,12430.0
2023-06-16 14:23:00,ADN,0.6969000101089478,0.6969000101089478,0.7006490230560303,0.6969000101089478,0.7006490230560303,1120.0
2023-06-16 14:23:00,AEP,85.20999908447266,85.20999908447266,85.25,85.20999908447266,85.25,1618.0
2023-06-16 14:23:00,AEPPZ,49.380001068115234,49.380001068115234,49.380001068115234,49.380001068115234,49.380001068115234,274.0
2023-06-16 14:23:00,AY,23.889999389648438,23.889999389648438,23.889999389648438,23.889999389648438,23.889999389648438,1002.0
2023-06-16 14:23:00,CDZI,4.300000190734863,4.300000190734863,4.300000190734863,4.300000190734863,4.300000190734863,282.0
2023-06-16 14:23:00,CEG,93.69999694824219,93.69999694824219,93.7300033569336,93.69000244140625,93.7300033569336,2434.0
2023-06-16 14:23:00,EXC,41.345001220703125,41.345001220703125,41.349998474121094,41.34000015258789,41.349998474121094,6214.0
2023-06-16 14:23:00,LNT,53.91999816894531,53.91999816894531,53.93000030517578,53.91999816894531,53.93000030517578,671.0
2023-06-16 14:23:00,MGEE,79.36499786376953,79.36499786376953,79.36499786376953,79.36499786376953,79.36499786376953,340.0
2023-06-16 14:23:00,MNTK,7.050000190734863,7.050000190734863,7.050000190734863,7.050000190734863,7.050000190734863,100.0
2023-06-16 14:23:00,RNW,6.005000114440918,6.005000114440918,6.005000114440918,6.005000114440918,6.005000114440918,101.0
2023-06-16 14:23:00,XEL,64.18000030517578,64.18000030517578,64.18499755859375,64.15499877929688,64.18000030517578,7838.0
2023-06-16 14:24:00,ADN,0.6969000101089478,0.6969000101089478,0.6969000101089478,0.6969000101089478,0.6969000101089478,100.0
2023-06-16 14:24:00,AEP,85.2300033569336,85.2300033569336,85.2300033569336,85.20999908447266,85.22000122070312,1529.0
2023-06-16 14:24:00,AY,23.895000457763672,23.895000457763672,23.895000457763672,23.895000457763672,23.895000457763672,424.0
2023-06-16 14:24:00,CEG,93.69000244140625,93.69000244140625,93.70999908447266,93.69000244140625,93.70999908447266,1416.0
2023-06-16 14:24:00,EXC,41.36000061035156,41.36000061035156,41.36000061035156,41.34000015258789,41.34000015258789,8213.0
2023-06-16 14:24:00,FLNC,26.3799991607666,26.3799991607666,26.3799991607666,26.3799991607666,26.3799991607666,441.0
2023-06-16 14:24:00,GWRS,12.494999885559082,12.494999885559082,12.494999885559082,12.494999885559082,12.494999885559082,339.0
2023-06-16 14:24:00,LNT,53.939998626708984,53.939998626708984,53.939998626708984,53.92499923706055,53.92499923706055,1747.0
2023-06-16 14:24:00,MNTK,7.050000190734863,7.050000190734863,7.050000190734863,7.050000190734863,7.050000190734863,309.0
2023-06-16 14:24:00,RNW,6.005000114440918,6.005000114440918,6.005000114440918,6.005000114440918,6.005000114440918,312.0
2023-06-16 14:24:00,XEL,64.18000030517578,64.18000030517578,64.19999694824219,64.18000030517578,64.18000030517578,4320.0
2023-06-16 14:25:00,AEP,85.2699966430664,85.2699966430664,85.2699966430664,85.23410034179688,85.23999786376953,2876.0
2023-06-16 14:25:00,AY,23.8799991607666,23.8799991607666,23.889999389648438,23.8799991607666,23.889999389648438,605.0
2023-06-16 14:25:00,CDZI,4.289999961853027,4.289999961853027,4.289999961853027,4.289999961853027,4.289999961853027,229.0
2023-06-16 14:25:00,CEG,93.68000030517578,93.68000030517578,93.70999908447266,93.68000030517578,93.69999694824219,2782.0
2023-06-16 14:25:00,EXC,41.375,41.375,41.3849983215332,41.36000061035156,41.36000061035156,13330.0
2023-06-16 14:25:00,FLNC,26.389999389648438,26.389999389648438,26.389999389648438,26.389999389648438,26.389999389648438,166.0
2023-06-16 14:25:00,LNT,53.935001373291016,53.935001373291016,53.95000076293945,53.93000030517578,53.93000030517578,3135.0
2023-06-16 14:25:00,NFE,29.895000457763672,29.895000457763672,29.905000686645508,29.895000457763672,29.905000686645508,1785.0
2023-06-16 14:25:00,RNW,6.0,6.0,6.0,6.0,6.0,117.0
2023-06-16 14:25:00,XEL,64.19999694824219,64.19999694824219,64.22000122070312,64.19000244140625,64.19999694824219,9085.0
2023-06-16 14:26:00,ADN,0.6969000101089478,0.6969000101089478,0.6969000101089478,0.6969000101089478,0.6969000101089478,200.0
2023-06-16 14:26:00,AEP,85.26000213623047,85.26000213623047,85.27999877929688,85.25,85.2699966430664,3348.0
2023-06-16 14:26:00,ARTNA,49.5099983215332,49.5099983215332,49.5099983215332,49.5,49.5,810.0
2023-06-16 14:26:00,CDZI,4.289999961853027,4.289999961853027,4.289999961853027,4.289999961853027,4.289999961853027,437.0
2023-06-16 14:26:00,CEG,93.66999816894531,93.66999816894531,93.66999816894531,93.6500015258789,93.66999816894531,1109.0
2023-06-16 14:26:00,EXC,41.380001068115234,41.380001068115234,41.3849983215332,41.380001068115234,41.380001068115234,7711.0
2023-06-16 14:26:00,FLNC,26.360000610351562,26.360000610351562,26.3799991607666,26.360000610351562,26.3799991607666,1697.0
2023-06-16 14:26:00,LNT,53.939998626708984,53.939998626708984,53.94499969482422,53.939998626708984,53.94499969482422,920.0
2023-06-16 14:26:00,MNTK,7.050000190734863,7.050000190734863,7.050000190734863,7.050000190734863,7.050000190734863,205.0
2023-06-16 14:26:00,MSEX,82.56999969482422,82.56999969482422,82.56999969482422,82.55999755859375,82.55999755859375,796.0
2023-06-16 14:26:00,NFE,29.920000076293945,29.920000076293945,29.920000076293945,29.889999389648438,29.889999389648438,1203.0
2023-06-16 14:26:00,NWE,58.880001068115234,58.880001068115234,58.880001068115234,58.880001068115234,58.880001068115234,252.0
2023-06-16 14:26:00,RNW,6.0,6.0,6.0,6.0,6.0,219.0
2023-06-16 14:26:00,XEL,64.16999816894531,64.16999816894531,64.19999694824219,64.16000366210938,64.19999694824219,5820.0
2023-06-16 14:26:00,YORW,42.959999084472656,42.959999084472656,42.959999084472656,42.959999084472656,42.959999084472656,510.0
2023-06-16 14:27:00,ADN,0.6969000101089478,0.6969000101089478,0.7000010013580322,0.6969000101089478,0.699999988079071,20100.0
2023-06-16 14:27:00,AEP,85.2300033569336,85.2300033569336,85.26499938964844,85.2300033569336,85.26499938964844,2133.0
2023-06-16 14:27:00,AY,23.889999389648438,23.889999389648438,23.889999389648438,23.889999389648438,23.889999389648438,384.0
2023-06-16 14:27:00,CDZI,4.289999961853027,4.289999961853027,4.300000190734863,4.289999961853027,4.300000190734863,3119.0
2023-06-16 14:27:00,CEG,93.66999816894531,93.66999816894531,93.68499755859375,93.66999816894531,93.66999816894531,2714.0
2023-06-16 14:27:00,EXC,41.375,41.375,41.3849983215332,41.369998931884766,41.3849983215332,4430.0
2023-06-16 14:27:00,FLNC,26.325000762939453,26.325000762939453,26.350000381469727,26.325000762939453,26.350000381469727,2264.0
2023-06-16 14:27:00,LNT,53.94499969482422,53.94499969482422,53.94499969482422,53.94499969482422,53.94499969482422,1460.0
2023-06-16 14:27:00,MNTK,7.050000190734863,7.050000190734863,7.050000190734863,7.050000190734863,7.050000190734863,420.0
2023-06-16 14:27:00,NFE,29.90999984741211,29.90999984741211,29.920000076293945,29.90999984741211,29.920000076293945,1420.0
2023-06-16 14:27:00,PCYO,10.670000076293945,10.670000076293945,10.670000076293945,10.670000076293945,10.670000076293945,162.0
2023-06-16 14:27:00,RNW,6.0,6.0,6.007500171661377,6.0,6.007500171661377,376.0
2023-06-16 14:27:00,XEL,64.18000030517578,64.18000030517578,64.18000030517578,64.16000366210938,64.16999816894531,2706.0
2023-06-16 14:28:00,ADN,0.6949999928474426,0.6949999928474426,0.699999988079071,0.6949999928474426,0.699999988079071,3400.0
2023-06-16 14:28:00,AEP,85.25,85.25,85.25,85.22000122070312,85.2300033569336,2179.0
2023-06-16 14:28:00,AY,23.8799991607666,23.8799991607666,23.8799991607666,23.8799991607666,23.8799991607666,242.0
2023-06-16 14:28:00,CEG,93.63999938964844,93.63999938964844,93.6624984741211,93.62999725341797,93.66000366210938,6753.0
2023-06-16 14:28:00,EXC,41.375,41.375,41.375,41.36000061035156,41.375,10728.0
2023-06-16 14:28:00,FLNC,26.329999923706055,26.329999923706055,26.329999923706055,26.309999465942383,26.309999465942383,1763.0
2023-06-16 14:28:00,LNT,53.95000076293945,53.95000076293945,53.95000076293945,53.95000076293945,53.95000076293945,147.0
2023-06-16 14:28:00,MNTK,7.045000076293945,7.045000076293945,7.045000076293945,7.045000076293945,7.045000076293945,143.0
2023-06-16 14:28:00,MSEX,82.66999816894531,82.66999816894531,82.66999816894531,82.6500015258789,82.6500015258789,505.0
2023-06-16 14:28:00,NFE,29.920000076293945,29.920000076293945,29.920000076293945,29.90999984741211,29.920000076293945,1747.0
2023-06-16 14:28:00,OTTR,75.16999816894531,75.16999816894531,75.19999694824219,75.16999816894531,75.19999694824219,414.0
2023-06-16 14:28:00,RNW,6.005000114440918,6.005000114440918,6.009399890899658,6.0,6.009399890899658,1955.0
2023-06-16 14:28:00,XEL,64.19000244140625,64.19000244140625,64.19499969482422,64.16000366210938,64.17500305175781,4617.0
2023-06-16 14:29:00,ADN,0.6949999928474426,0.6949999928474426,0.6949999928474426,0.6949999928474426,0.6949999928474426,110.0
2023-06-16 14:29:00,AEP,85.27999877929688,85.27999877929688,85.27999877929688,85.25,85.25,1771.0
2023-06-16 14:29:00,AY,23.889999389648438,23.889999389648438,23.889999389648438,23.8799991607666,23.8799991607666,334.0
2023-06-16 14:29:00,CEG,93.66999816894531,93.66999816894531,93.66999816894531,93.63999938964844,93.66000366210938,1627.0
2023-06-16 14:29:00,CWCO,22.239999771118164,22.239999771118164,22.280000686645508,22.239999771118164,22.280000686645508,486.0
2023-06-16 14:29:00,EXC,41.3849983215332,41.3849983215332,41.38999938964844,41.369998931884766,41.37310028076172,3791.0
2023-06-16 14:29:00,FLNC,26.34000015258789,26.34000015258789,26.350000381469727,26.31999969482422,26.34000015258789,1757.0
2023-06-16 14:29:00,LNT,53.95000076293945,53.95000076293945,53.959999084472656,53.95000076293945,53.959999084472656,1187.0
2023-06-16 14:29:00,MNTK,7.045000076293945,7.045000076293945,7.045000076293945,7.045000076293945,7.045000076293945,298.0
2023-06-16 14:29:00,NFE,29.920000076293945,29.920000076293945,29.93000030517578,29.920000076293945,29.93000030517578,2051.0
2023-06-16 14:29:00,NWE,58.880001068115234,58.880001068115234,58.880001068115234,58.880001068115234,58.880001068115234,429.0
2023-06-16 14:29:00,RNW,6.014999866485596,6.014999866485596,6.014999866485596,6.010000228881836,6.010000228881836,6289.0
2023-06-16 14:29:00,XEL,64.19000244140625,64.19000244140625,64.19499969482422,64.19000244140625,64.19000244140625,5941.0
2023-06-16 14:30:00,ADN,0.6951000094413757,0.6951000094413757,0.6951000094413757,0.6949999928474426,0.6949999928474426,1143.0
2023-06-16 14:30:00,AEP,85.29000091552734,85.29000091552734,85.30999755859375,85.2699966430664,85.27999877929688,5045.0
2023-06-16 14:30:00,ARTNA,49.540000915527344,49.540000915527344,49.540000915527344,49.540000915527344,49.540000915527344,1509.0
2023-06-16 14:30:00,AY,23.90999984741211,23.90999984741211,23.920000076293945,23.889999389648438,23.889999389648438,3539.0
2023-06-16 14:30:00,CDZI,4.28000020980835,4.28000020980835,4.28000020980835,4.28000020980835,4.28000020980835,568.0
2023-06-16 14:30:00,CEG,93.6500015258789,93.6500015258789,93.69000244140625,93.6500015258789,93.66500091552734,3411.0
2023-06-16 14:30:00,EXC,41.404998779296875,41.404998779296875,41.404998779296875,41.38999938964844,41.38999938964844,11328.0
2023-06-16 14:30:00,LNT,53.97999954223633,53.97999954223633,53.97999954223633,53.970001220703125,53.970001220703125,713.0
2023-06-16 14:30:00,MNTK,7.050000190734863,7.050000190734863,7.050000190734863,7.045000076293945,7.045000076293945,1220.0
2023-06-16 14:30:00,NFE,29.915000915527344,29.915000915527344,29.920000076293945,29.915000915527344,29.920000076293945,456.0
2023-06-16 14:30:00,NWE,58.900001525878906,58.900001525878906,58.900001525878906,58.900001525878906,58.900001525878906,796.0
2023-06-16 14:30:00,OPAL,6.599999904632568,6.599999904632568,6.599999904632568,6.599999904632568,6.599999904632568,285.0
2023-06-16 14:30:00,OTTR,75.18000030517578,75.18000030517578,75.18000030517578,75.18000030517578,75.18000030517578,118.0
2023-06-16 14:30:00,RGCO,21.440000534057617,21.440000534057617,21.440000534057617,21.440000534057617,21.440000534057617,133.0
2023-06-16 14:30:00,RNW,6.014999866485596,6.014999866485596,6.014999866485596,6.010000228881836,6.010000228881836,300.0
2023-06-16 14:30:00,VIA,10.800000190734863,10.800000190734863,10.800000190734863,10.800000190734863,10.800000190734863,1783.0
2023-06-16 14:30:00,WAVE,2.5,2.5,2.5,2.5,2.5,1104.0
2023-06-16 14:30:00,XEL,64.19999694824219,64.19999694824219,64.22000122070312,64.19000244140625,64.19000244140625,8686.0
2023-06-16 14:31:00,ADN,0.701200008392334,0.701200008392334,0.701200008392334,0.6949999928474426,0.6949999928474426,4384.0
2023-06-16 14:31:00,AEP,85.2300033569336,85.2300033569336,85.29000091552734,85.2300033569336,85.29000091552734,1753.0
2023-06-16 14:31:00,AY,23.90999984741211,23.90999984741211,23.920000076293945,23.899999618530273,23.920000076293945,1334.0
2023-06-16 14:31:00,CDZI,4.28000020980835,4.28000020980835,4.28000020980835,4.28000020980835,4.28000020980835,390.0
2023-06-16 14:31:00,CEG,93.58999633789062,93.58999633789062,93.63999938964844,93.58499908447266,93.63999938964844,4234.0
2023-06-16 14:31:00,EXC,41.380001068115234,41.380001068115234,41.404998779296875,41.380001068115234,41.404998779296875,8388.0
2023-06-16 14:31:00,FLNC,26.34000015258789,26.34000015258789,26.350000381469727,26.309999465942383,26.31999969482422,4195.0
2023-06-16 14:31:00,LNT,53.97999954223633,53.97999954223633,54.0,53.97999954223633,53.98500061035156,4453.0
2023-06-16 14:31:00,MGEE,79.37000274658203,79.37000274658203,79.37000274658203,79.37000274658203,79.37000274658203,238.0
2023-06-16 14:31:00,MNTK,7.054999828338623,7.054999828338623,7.059999942779541,7.054999828338623,7.059999942779541,342.0
2023-06-16 14:31:00,MSEX,82.6500015258789,82.6500015258789,82.6500015258789,82.6500015258789,82.6500015258789,477.0
2023-06-16 14:31:00,NFE,29.969999313354492,29.969999313354492,29.969999313354492,29.915000915527344,29.915000915527344,5373.0
2023-06-16 14:31:00,OTTR,75.1500015258789,75.1500015258789,75.16000366210938,75.1500015258789,75.16000366210938,535.0
2023-06-16 14:31:00,PCYO,10.680000305175781,10.680000305175781,10.680000305175781,10.680000305175781,10.680000305175781,100.0
2023-06-16 14:31:00,RNW,6.014999866485596,6.014999866485596,6.014999866485596,6.010000228881836,6.010000228881836,365.0
2023-06-16 14:31:00,XEL,64.18499755859375,64.18499755859375,64.20999908447266,64.18499755859375,64.20999908447266,5401.0
2023-06-16 14:31:00,YORW,43.04999923706055,43.04999923706055,43.04999923706055,43.04999923706055,43.04999923706055,226.0
2023-06-16 14:32:00,ADN,0.6949999928474426,0.6949999928474426,0.6949999928474426,0.6949999928474426,0.6949999928474426,180.0
2023-06-16 14:32:00,AEP,85.18000030517578,85.18000030517578,85.2300033569336,85.18000030517578,85.2300033569336,2600.0
2023-06-16 14:32:00,AY,23.899999618530273,23.899999618530273,23.905000686645508,23.889999389648438,23.905000686645508,2635.0
2023-06-16 14:32:00,CDZI,4.28000020980835,4.28000020980835,4.28000020980835,4.28000020980835,4.28000020980835,2166.0
2023-06-16 14:32:00,CEG,93.55000305175781,93.55000305175781,93.5999984741211,93.55000305175781,93.5999984741211,1247.0
2023-06-16 14:32:00,CWCO,22.280000686645508,22.280000686645508,22.280000686645508,22.280000686645508,22.280000686645508,261.0
2023-06-16 14:32:00,EXC,41.3650016784668,41.3650016784668,41.3849983215332,41.36000061035156,41.380001068115234,8082.0
2023-06-16 14:32:00,FLNC,26.309999465942383,26.309999465942383,26.329999923706055,26.309999465942383,26.329999923706055,1864.0
2023-06-16 14:32:00,LNT,53.939998626708984,53.939998626708984,53.970001220703125,53.939998626708984,53.970001220703125,1038.0
2023-06-16 14:32:00,MGEE,79.16000366210938,79.16000366210938,79.27999877929688,79.16000366210938,79.27999877929688,1342.0
2023-06-16 14:32:00,MNTK,7.050000190734863,7.050000190734863,7.050000190734863,7.050000190734863,7.050000190734863,771.0
2023-06-16 14:32:00,NFE,29.950000762939453,29.950000762939453,29.969999313354492,29.950000762939453,29.96500015258789,2733.0
2023-06-16 14:32:00,NWE,58.8650016784668,58.8650016784668,58.8650016784668,58.849998474121094,58.8650016784668,560.0
2023-06-16 14:32:00,PCYO,10.680000305175781,10.680000305175781,10.680000305175781,10.670000076293945,10.680000305175781,300.0
2023-06-16 14:32:00,RGCO,21.440000534057617,21.440000534057617,21.440000534057617,21.440000534057617,21.440000534057617,345.0
2023-06-16 14:32:00,RNW,6.014999866485596,6.014999866485596,6.019999980926514,6.014999866485596,6.014999866485596,430.0
2023-06-16 14:32:00,XEL,64.1500015258789,64.1500015258789,64.19499969482422,64.13999938964844,64.18000030517578,5094.0
2023-06-16 14:33:00,ADN,0.6949999928474426,0.6949999928474426,0.6949999928474426,0.6949999928474426,0.6949999928474426,100.0
2023-06-16 14:33:00,AEP,85.2300033569336,85.2300033569336,85.2300033569336,85.19999694824219,85.19999694824219,4286.0
2023-06-16 14:33:00,AY,23.915000915527344,23.915000915527344,23.915000915527344,23.899999618530273,23.899999618530273,1609.0
2023-06-16 14:33:00,CDZI,4.295000076293945,4.295000076293945,4.295000076293945,4.295000076293945,4.295000076293945,149.0
2023-06-16 14:33:00,CEG,93.59500122070312,93.59500122070312,93.59500122070312,93.55000305175781,93.55000305175781,2336.0
2023-06-16 14:33:00,CWCO,22.260000228881836,22.260000228881836,22.290000915527344,22.260000228881836,22.280000686645508,1703.0
2023-06-16 14:33:00,EXC,41.3849983215332,41.3849983215332,41.38999938964844,41.369998931884766,41.369998931884766,9333.0
2023-06-16 14:33:00,FLNC,26.31999969482422,26.31999969482422,26.337499618530273,26.31999969482422,26.329999923706055,574.0
2023-06-16 14:33:00,LNT,53.970001220703125,53.970001220703125,53.970001220703125,53.95000076293945,53.95000076293945,2126.0
2023-06-16 14:33:00,MGEE,79.15499877929688,79.15499877929688,79.15499877929688,79.15499877929688,79.15499877929688,191.0
2023-06-16 14:33:00,MNTK,7.054999828338623,7.054999828338623,7.054999828338623,7.049900054931641,7.049900054931641,1297.0
2023-06-16 14:33:00,NFE,29.959999084472656,29.959999084472656,29.959999084472656,29.950000762939453,29.954999923706055,1658.0
2023-06-16 14:33:00,NWE,58.880001068115234,58.880001068115234,58.880001068115234,58.880001068115234,58.880001068115234,807.0
2023-06-16 14:33:00,PCYO,10.680000305175781,10.680000305175781,10.680000305175781,10.680000305175781,10.680000305175781,302.0
2023-06-16 14:33:00,RNW,6.014999866485596,6.014999866485596,6.014999866485596,6.014999866485596,6.014999866485596,291.0
2023-06-16 14:33:00,XEL,64.16999816894531,64.16999816894531,64.17500305175781,64.16000366210938,64.16000366210938,3585.0
2023-06-16 14:34:00,ADN,0.6978999972343445,0.6978999972343445,0.6979510188102722,0.6945000290870667,0.6949999928474426,6635.0
2023-06-16 14:34:00,AEP,85.20999908447266,85.20999908447266,85.22000122070312,85.19000244140625,85.22000122070312,4133.0
2023-06-16 14:34:00,AY,23.90999984741211,23.90999984741211,23.90999984741211,23.90999984741211,23.90999984741211,115.0
2023-06-16 14:34:00,CDZI,4.335000038146973,4.335000038146973,4.349999904632568,4.309999942779541,4.309999942779541,2570.0
2023-06-16 14:34:00,CEG,93.55500030517578,93.55500030517578,93.5999984741211,93.52999877929688,93.5999984741211,2077.0
2023-06-16 14:34:00,CWCO,22.290000915527344,22.290000915527344,22.309999465942383,22.290000915527344,22.309999465942383,1032.0
2023-06-16 14:34:00,EXC,41.38999938964844,41.38999938964844,41.38999938964844,41.380001068115234,41.3849983215332,14775.0
2023-06-16 14:34:00,LNT,53.97999954223633,53.97999954223633,53.97999954223633,53.97999954223633,53.97999954223633,1350.0
2023-06-16 14:34:00,MNTK,7.039999961853027,7.039999961853027,7.050000190734863,7.039999961853027,7.050000190734863,849.0
2023-06-16 14:34:00,NFE,29.934999465942383,29.934999465942383,29.96500015258789,29.934999465942383,29.96500015258789,3203.0
2023-06-16 14:34:00,RNW,6.019999980926514,6.019999980926514,6.019999980926514,6.010000228881836,6.014999866485596,617.0
2023-06-16 14:34:00,XEL,64.17500305175781,64.17500305175781,64.18000030517578,64.16500091552734,64.16999816894531,3745.0
2023-06-16 14:35:00,ADN,0.699999988079071,0.699999988079071,0.699999988079071,0.6915000081062317,0.6915000081062317,1210.0
2023-06-16 14:35:00,AEP,85.19999694824219,85.19999694824219,85.20500183105469,85.19999694824219,85.20500183105469,2049.0
2023-06-16 14:35:00,AY,23.899999618530273,23.899999618530273,23.899999618530273,23.899999618530273,23.899999618530273,386.0
2023-06-16 14:35:00,CDZI,4.340000152587891,4.340000152587891,4.340000152587891,4.340000152587891,4.340000152587891,145.0
2023-06-16 14:35:00,CEG,93.54499816894531,93.54499816894531,93.55999755859375,93.54000091552734,93.55500030517578,2013.0
2023-06-16 14:35:00,EXC,41.3849983215332,41.3849983215332,41.38999938964844,41.380001068115234,41.380001068115234,4567.0
2023-06-16 14:35:00,FLNC,26.34000015258789,26.34000015258789,26.34000015258789,26.34000015258789,26.34000015258789,749.0
2023-06-16 14:35:00,LNT,53.95000076293945,53.95000076293945,53.96500015258789,53.95000076293945,53.96500015258789,791.0
2023-06-16 14:35:00,MNTK,7.050000190734863,7.050000190734863,7.050000190734863,7.050000190734863,7.050000190734863,658.0
2023-06-16 14:35:00,NFE,29.959999084472656,29.959999084472656,29.959999084472656,29.940000534057617,29.940000534057617,1444.0
2023-06-16 14:35:00,OTTR,75.1500015258789,75.1500015258789,75.1500015258789,75.08000183105469,75.08000183105469,625.0
2023-06-16 14:35:00,RNW,6.005000114440918,6.005000114440918,6.010000228881836,6.005000114440918,6.010000228881836,3753.0
2023-06-16 14:35:00,XEL,64.17500305175781,64.17500305175781,64.18499755859375,64.16500091552734,64.17500305175781,4215.0
2023-06-16 14:35:00,YORW,43.0099983215332,43.0099983215332,43.04999923706055,43.0099983215332,43.04999923706055,1480.0
2023-06-16 14:36:00,ADN,0.6915000081062317,0.6915000081062317,0.699999988079071,0.6915000081062317,0.699999988079071,14787.0
2023-06-16 14:36:00,AEP,85.19000244140625,85.19000244140625,85.19999694824219,85.19000244140625,85.19999694824219,2789.0
2023-06-16 14:36:00,AY,23.89900016784668,23.89900016784668,23.89900016784668,23.89900016784668,23.89900016784668,174.0
2023-06-16 14:36:00,CDZI,4.340000152587891,4.340000152587891,4.340000152587891,4.340000152587891,4.340000152587891,133.0
2023-06-16 14:36:00,CEG,93.57499694824219,93.57499694824219,93.57499694824219,93.54000091552734,93.54499816894531,2155.0
2023-06-16 14:36:00,EXC,41.3849983215332,41.3849983215332,41.3849983215332,41.380001068115234,41.3849983215332,4141.0
2023-06-16 14:36:00,FLNC,26.344999313354492,26.344999313354492,26.344999313354492,26.344999313354492,26.344999313354492,109.0
2023-06-16 14:36:00,HTOOW,0.20909999310970306,0.20909999310970306,0.2199999988079071,0.20909999310970306,0.20909999310970306,129.0
2023-06-16 14:36:00,LNT,53.959999084472656,53.959999084472656,53.959999084472656,53.95000076293945,53.959999084472656,1410.0
2023-06-16 14:36:00,MGEE,79.16000366210938,79.16000366210938,79.16000366210938,79.16000366210938,79.16000366210938,100.0
2023-06-16 14:36:00,MNTK,7.050000190734863,7.050000190734863,7.050000190734863,7.050000190734863,7.050000190734863,200.0
2023-06-16 14:36:00,MSEX,82.58999633789062,82.58999633789062,82.58999633789062,82.58999633789062,82.58999633789062,616.0
2023-06-16 14:36:00,NFE,29.969999313354492,29.969999313354492,29.969999313354492,29.959999084472656,29.959999084472656,2247.0
2023-06-16 14:36:00,NWE,58.849998474121094,58.849998474121094,58.849998474121094,58.849998474121094,58.849998474121094,253.0
2023-06-16 14:36:00,OTTR,75.08999633789062,75.08999633789062,75.08999633789062,75.08999633789062,75.08999633789062,747.0
2023-06-16 14:36:00,RNW,6.0,6.0,6.0,6.0,6.0,1691.0
2023-06-16 14:36:00,XEL,64.19999694824219,64.19999694824219,64.20999908447266,64.16999816894531,64.16999816894531,12167.0
2023-06-16 14:37:00,ADN,0.6948999762535095,0.6948999762535095,0.6948999762535095,0.6901000142097473,0.6901000142097473,1100.0
2023-06-16 14:37:00,AEP,85.20999908447266,85.20999908447266,85.20999908447266,85.18000030517578,85.19499969482422,8351.0
2023-06-16 14:37:00,AY,23.889999389648438,23.889999389648438,23.895000457763672,23.889999389648438,23.895000457763672,421.0
2023-06-16 14:37:00,CEG,93.5999984741211,93.5999984741211,93.5999984741211,93.56999969482422,93.58000183105469,1372.0
2023-06-16 14:37:00,CWCO,22.274999618530273,22.274999618530273,22.274999618530273,22.274999618530273,22.274999618530273,356.0
2023-06-16 14:37:00,EXC,41.39500045776367,41.39500045776367,41.39500045776367,41.380001068115234,41.3849983215332,7424.0
2023-06-16 14:37:00,FLNC,26.375,26.375,26.3799991607666,26.360000610351562,26.360000610351562,3048.0
2023-06-16 14:37:00,HTOO,2.2228000164031982,2.2228000164031982,2.2228000164031982,2.2228000164031982,2.2228000164031982,1500.0
2023-06-16 14:37:00,LNT,53.959999084472656,53.959999084472656,53.959999084472656,53.95000076293945,53.959999084472656,2053.0
2023-06-16 14:37:00,MGEE,79.04000091552734,79.04000091552734,79.1500015258789,79.04000091552734,79.08999633789062,1202.0
2023-06-16 14:37:00,MNTK,7.039999961853027,7.039999961853027,7.039999961853027,7.039999961853027,7.039999961853027,558.0
2023-06-16 14:37:00,NFE,29.979999542236328,29.979999542236328,29.985000610351562,29.96500015258789,29.979999542236328,2140.0
2023-06-16 14:37:00,RNW,6.005000114440918,6.005000114440918,6.010000228881836,6.005000114440918,6.005000114440918,2148.0
2023-06-16 14:37:00,XEL,64.2300033569336,64.2300033569336,64.2300033569336,64.21499633789062,64.22000122070312,2791.0
2023-06-16 14:38:00,ADN,0.6948999762535095,0.6948999762535095,0.6948999762535095,0.6901000142097473,0.6901000142097473,250.0
2023-06-16 14:38:00,AEP,85.19999694824219,85.19999694824219,85.19999694824219,85.19999694824219,85.19999694824219,814.0
2023-06-16 14:38:00,AEPPZ,49.36000061035156,49.36000061035156,49.36000061035156,49.36000061035156,49.36000061035156,185.0
2023-06-16 14:38:00,AY,23.899999618530273,23.899999618530273,23.899999618530273,23.899999618530273,23.899999618530273,2881.0
2023-06-16 14:38:00,CDZI,4.340000152587891,4.340000152587891,4.340000152587891,4.340000152587891,4.340000152587891,168.0
2023-06-16 14:38:00,CEG,93.56999969482422,93.56999969482422,93.6050033569336,93.56999969482422,93.58999633789062,3059.0
2023-06-16 14:38:00,EXC,41.3849983215332,41.3849983215332,41.39500045776367,41.3849983215332,41.39500045776367,6255.0
2023-06-16 14:38:00,FLNC,26.405000686645508,26.405000686645508,26.420000076293945,26.389999389648438,26.389999389648438,1545.0
2023-06-16 14:38:00,LNT,53.970001220703125,53.970001220703125,53.970001220703125,53.959999084472656,53.96500015258789,843.0
2023-06-16 14:38:00,MNTK,7.039999961853027,7.039999961853027,7.039999961853027,7.039999961853027,7.039999961853027,212.0
2023-06-16 14:38:00,NFE,29.989999771118164,29.989999771118164,29.989999771118164,29.979999542236328,29.989999771118164,1491.0
2023-06-16 14:38:00,RNW,6.014999866485596,6.014999866485596,6.014999866485596,6.014999866485596,6.014999866485596,200.0
2023-06-16 14:38:00,XEL,64.22000122070312,64.22000122070312,64.23999786376953,64.22000122070312,64.22599792480469,3641.0
2023-06-16 14:39:00,ADN,0.6901000142097473,0.6901000142097473,0.6901000142097473,0.6901000142097473,0.6901000142097473,100.0
2023-06-16 14:39:00,AEP,85.26000213623047,85.26000213623047,85.26000213623047,85.19999694824219,85.19999694824219,6191.0
2023-06-16 14:39:00,AY,23.895000457763672,23.895000457763672,23.895000457763672,23.895000457763672,23.895000457763672,288.0
2023-06-16 14:39:00,CDZI,4.340000152587891,4.340000152587891,4.340000152587891,4.340000152587891,4.340000152587891,310.0
2023-06-16 14:39:00,CEG,93.55999755859375,93.55999755859375,93.58499908447266,93.55000305175781,93.58499908447266,1985.0
2023-06-16 14:39:00,CREG,1.9900000095367432,1.9900000095367432,1.9900000095367432,1.9900000095367432,1.9900000095367432,405.0
2023-06-16 14:39:00,EXC,41.38999938964844,41.38999938964844,41.38999938964844,41.380001068115234,41.3849983215332,2188.0
2023-06-16 14:39:00,FLNC,26.415000915527344,26.415000915527344,26.43000030517578,26.415000915527344,26.43000030517578,750.0
2023-06-16 14:39:00,HTOO,2.224299907684326,2.224299907684326,2.224299907684326,2.224299907684326,2.224299907684326,1005.0
2023-06-16 14:39:00,LNT,53.970001220703125,53.970001220703125,53.970001220703125,53.96500015258789,53.96500015258789,772.0
2023-06-16 14:39:00,NFE,29.979999542236328,29.979999542236328,30.0,29.979999542236328,29.989999771118164,3090.0
2023-06-16 14:39:00,NWE,58.88999938964844,58.88999938964844,58.88999938964844,58.8849983215332,58.8849983215332,378.0
2023-06-16 14:39:00,RNW,6.014999866485596,6.014999866485596,6.019999980926514,6.014999866485596,6.019999980926514,1147.0
2023-06-16 14:39:00,XEL,64.2300033569336,64.2300033569336,64.23999786376953,64.21499633789062,64.21499633789062,4872.0
2023-06-16 14:40:00,ADN,0.6901000142097473,0.6901000142097473,0.6901000142097473,0.6901000142097473,0.6901000142097473,100.0
2023-06-16 14:40:00,AEP,85.2300033569336,85.2300033569336,85.2500991821289,85.2300033569336,85.2500991821289,3285.0
2023-06-16 14:40:00,AY,23.889999389648438,23.889999389648438,23.889999389648438,23.889999389648438,23.889999389648438,784.0
2023-06-16 14:40:00,BNRG,0.9700000286102295,0.9700000286102295,0.9700000286102295,0.9700000286102295,0.9700000286102295,509.0
2023-06-16 14:40:00,CDZI,4.340000152587891,4.340000152587891,4.340000152587891,4.340000152587891,4.340000152587891,210.0
2023-06-16 14:40:00,CEG,93.52999877929688,93.52999877929688,93.55000305175781,93.52999877929688,93.55000305175781,3271.0
2023-06-16 14:40:00,CWCO,22.219999313354492,22.219999313354492,22.25,22.219999313354492,22.25,219.0
2023-06-16 14:40:00,EXC,41.39500045776367,41.39500045776367,41.39500045776367,41.380001068115234,41.3849983215332,17495.0
2023-06-16 14:40:00,GWRS,12.460000038146973,12.460000038146973,12.460000038146973,12.460000038146973,12.460000038146973,591.0
2023-06-16 14:40:00,LNT,53.96500015258789,53.96500015258789,53.974998474121094,53.96500015258789,53.974998474121094,1017.0
2023-06-16 14:40:00,MNTK,7.039999961853027,7.039999961853027,7.039999961853027,7.039999961853027,7.039999961853027,622.0
2023-06-16 14:40:00,NFE,29.979999542236328,29.979999542236328,29.989999771118164,29.975000381469727,29.975000381469727,1237.0
2023-06-16 14:40:00,XEL,64.20999908447266,64.20999908447266,64.23500061035156,64.20500183105469,64.23500061035156,4361.0
2023-06-16 14:41:00,ADN,0.6901000142097473,0.6901000142097473,0.6901000142097473,0.6901000142097473,0.6901000142097473,100.0
2023-06-16 14:41:00,AEP,85.19999694824219,85.19999694824219,85.20999908447266,85.1980972290039,85.20999908447266,1832.0
2023-06-16 14:41:00,CEG,93.4800033569336,93.4800033569336,93.52999877929688,93.4800033569336,93.5250015258789,3627.0
2023-06-16 14:41:00,CWCO,22.2549991607666,22.2549991607666,22.260000228881836,22.25,22.25,884.0
2023-06-16 14:41:00,EXC,41.38010025024414,41.38010025024414,41.39500045776367,41.380001068115234,41.38999938964844,5926.0
2023-06-16 14:41:00,FLNC,26.40999984741211,26.40999984741211,26.420000076293945,26.40999984741211,26.420000076293945,489.0
2023-06-16 14:41:00,LNT,53.94889831542969,53.94889831542969,53.95000076293945,53.939998626708984,53.95000076293945,1162.0
2023-06-16 14:41:00,MNTK,7.039999961853027,7.039999961853027,7.039999961853027,7.039999961853027,7.039999961853027,317.0
2023-06-16 14:41:00,NFE,30.014999389648438,30.014999389648438,30.014999389648438,29.989999771118164,29.989999771118164,2966.0
2023-06-16 14:41:00,NWE,58.88999938964844,58.88999938964844,58.88999938964844,58.88999938964844,58.88999938964844,210.0
2023-06-16 14:41:00,OTTR,75.13999938964844,75.13999938964844,75.13999938964844,75.13999938964844,75.13999938964844,466.0
2023-06-16 14:41:00,PCYO,10.6899995803833,10.6899995803833,10.6899995803833,10.6899995803833,10.6899995803833,634.0
2023-06-16 14:41:00,RNW,6.014999866485596,6.014999866485596,6.014999866485596,6.014999866485596,6.014999866485596,230.0
2023-06-16 14:41:00,XEL,64.20999908447266,64.20999908447266,64.20999908447266,64.19999694824219,64.20500183105469,4595.0
2023-06-16 14:42:00,ADN,0.6901000142097473,0.6901000142097473,0.6901000142097473,0.6901000142097473,0.6901000142097473,100.0
2023-06-16 14:42:00,AEP,85.23999786376953,85.23999786376953,85.23999786376953,85.19999694824219,85.19999694824219,2856.0
2023-06-16 14:42:00,AY,23.905000686645508,23.905000686645508,23.90999984741211,23.885000228881836,23.885000228881836,9696.0
2023-06-16 14:42:00,CDZI,4.340000152587891,4.340000152587891,4.340000152587891,4.320000171661377,4.320000171661377,795.0
2023-06-16 14:42:00,CEG,93.4800033569336,93.4800033569336,93.5,93.44999694824219,93.44999694824219,2925.0
2023-06-16 14:42:00,EXC,41.39500045776367,41.39500045776367,41.400001525878906,41.3849983215332,41.38999938964844,6219.0
2023-06-16 14:42:00,FLNC,26.420000076293945,26.420000076293945,26.420000076293945,26.420000076293945,26.420000076293945,210.0
2023-06-16 14:42:00,LNT,53.98500061035156,53.98500061035156,53.9900016784668,53.95000076293945,53.95000076293945,2936.0
2023-06-16 14:42:00,MNTK,7.039999961853027,7.039999961853027,7.039999961853027,7.039999961853027,7.039999961853027,965.0
2023-06-16 14:42:00,MSEX,82.6500015258789,82.6500015258789,82.73999786376953,82.56999969482422,82.56999969482422,1360.0
2023-06-16 14:42:00,NFE,30.030000686645508,30.030000686645508,30.030000686645508,30.020000457763672,30.020000457763672,2738.0
2023-06-16 14:42:00,NWE,58.97999954223633,58.97999954223633,58.97999954223633,58.90999984741211,58.90999984741211,1390.0
2023-06-16 14:42:00,OTTR,75.11000061035156,75.11000061035156,75.11000061035156,75.11000061035156,75.11000061035156,431.0
2023-06-16 14:42:00,RNW,6.014999866485596,6.014999866485596,6.014999866485596,6.010000228881836,6.014999866485596,2934.0
2023-06-16 14:42:00,XEL,64.2300033569336,64.2300033569336,64.23999786376953,64.20999908447266,64.20999908447266,4534.0
2023-06-16 14:43:00,ADN,0.692550003528595,0.692550003528595,0.692550003528595,0.692550003528595,0.692550003528595,105.0
2023-06-16 14:43:00,AEP,85.2699966430664,85.2699966430664,85.2699966430664,85.25,85.25,2008.0
2023-06-16 14:43:00,AEPPZ,49.380001068115234,49.380001068115234,49.380001068115234,49.380001068115234,49.380001068115234,172.0
2023-06-16 14:43:00,AY,23.940000534057617,23.940000534057617,23.94499969482422,23.90999984741211,23.90999984741211,3315.0
2023-06-16 14:43:00,CEG,93.4800033569336,93.4800033569336,93.48500061035156,93.47000122070312,93.48500061035156,1888.0
2023-06-16 14:43:00,EXC,41.404998779296875,41.404998779296875,41.404998779296875,41.3849983215332,41.38999938964844,11071.0
2023-06-16 14:43:00,FLNC,26.44499969482422,26.44499969482422,26.44499969482422,26.420000076293945,26.420000076293945,963.0
2023-06-16 14:43:00,LNT,53.994998931884766,53.994998931884766,54.0,53.97999954223633,53.9900016784668,2119.0
2023-06-16 14:43:00,MGEE,79.1500015258789,79.1500015258789,79.1500015258789,79.12000274658203,79.12000274658203,344.0
2023-06-16 14:43:00,MSEX,82.72000122070312,82.72000122070312,82.72000122070312,82.72000122070312,82.72000122070312,426.0
2023-06-16 14:43:00,NFE,30.030000686645508,30.030000686645508,30.040000915527344,30.030000686645508,30.030000686645508,1444.0
2023-06-16 14:43:00,NWE,58.970001220703125,58.970001220703125,58.97999954223633,58.970001220703125,58.97999954223633,312.0
2023-06-16 14:43:00,OTTR,75.12999725341797,75.12999725341797,75.12999725341797,75.12999725341797,75.12999725341797,1178.0
2023-06-16 14:43:00,RNW,6.014999866485596,6.014999866485596,6.014999866485596,6.010000228881836,6.014999866485596,1062.0
2023-06-16 14:43:00,XEL,64.26499938964844,64.26499938964844,64.26499938964844,64.23500061035156,64.23500061035156,3770.0
2023-06-16 14:44:00,ADN,0.6905999779701233,0.6905999779701233,0.6905999779701233,0.6905999779701233,0.6905999779701233,2000.0
2023-06-16 14:44:00,AEP,85.2301025390625,85.2301025390625,85.27999877929688,85.2300033569336,85.27999877929688,3546.0
2023-06-16 14:44:00,AEPPZ,49.369998931884766,49.369998931884766,49.369998931884766,49.369998931884766,49.369998931884766,265.0
2023-06-16 14:44:00,AY,23.920000076293945,23.920000076293945,23.93000030517578,23.920000076293945,23.93000030517578,726.0
2023-06-16 14:44:00,CDZI,4.300000190734863,4.300000190734863,4.320000171661377,4.300000190734863,4.320000171661377,2407.0
2023-06-16 14:44:00,CEG,93.48500061035156,93.48500061035156,93.48999786376953,93.48500061035156,93.48999786376953,1410.0
2023-06-16 14:44:00,CWCO,22.149999618530273,22.149999618530273,22.239999771118164,22.079999923706055,22.239999771118164,17488.0
2023-06-16 14:44:00,EXC,41.39500045776367,41.39500045776367,41.404998779296875,41.38999938964844,41.404998779296875,19520.0
2023-06-16 14:44:00,FLNC,26.3700008392334,26.3700008392334,26.44499969482422,26.360000610351562,26.44499969482422,3380.0
2023-06-16 14:44:00,LNT,53.959999084472656,53.959999084472656,53.994998931884766,53.959999084472656,53.994998931884766,3448.0
2023-06-16 14:44:00,MNTK,7.039999961853027,7.039999961853027,7.039999961853027,7.03000020980835,7.039999961853027,1823.0
2023-06-16 14:44:00,NFE,30.030000686645508,30.030000686645508,30.040000915527344,30.030000686645508,30.03499984741211,7669.0
2023-06-16 14:44:00,NWE,58.939998626708984,58.939998626708984,58.970001220703125,58.939998626708984,58.970001220703125,1162.0
2023-06-16 14:44:00,RNW,6.010000228881836,6.010000228881836,6.010000228881836,6.010000228881836,6.010000228881836,4651.0
2023-06-16 14:44:00,XEL,64.25,64.25,64.26499938964844,64.25,64.26000213623047,5623.0
2023-06-16 14:45:00,ADN,0.6901000142097473,0.6901000142097473,0.6901000142097473,0.6901000142097473,0.6901000142097473,100.0
2023-06-16 14:45:00,AEP,85.20999908447266,85.20999908447266,85.23999786376953,85.19000244140625,85.23999786376953,4577.0
2023-06-16 14:45:00,AY,23.915000915527344,23.915000915527344,23.920000076293945,23.915000915527344,23.920000076293945,1074.0
2023-06-16 14:45:00,CDZI,4.329999923706055,4.329999923706055,4.329999923706055,4.304999828338623,4.304999828338623,2974.0
2023-06-16 14:45:00,CEG,93.43499755859375,93.43499755859375,93.47000122070312,93.43000030517578,93.47000122070312,2679.0
2023-06-16 14:45:00,CWCO,22.15999984741211,22.15999984741211,22.15999984741211,22.139999389648438,22.149999618530273,1287.0
2023-06-16 14:45:00,EXC,41.3650016784668,41.3650016784668,41.39939880371094,41.35499954223633,41.39939880371094,12275.0
2023-06-16 14:45:00,LNT,53.94499969482422,53.94499969482422,53.959999084472656,53.939998626708984,53.959999084472656,2035.0
2023-06-16 14:45:00,MSEX,82.69000244140625,82.69000244140625,82.69000244140625,82.69000244140625,82.69000244140625,972.0
2023-06-16 14:45:00,NFE,30.040000915527344,30.040000915527344,30.040000915527344,30.030000686645508,30.030000686645508,791.0
2023-06-16 14:45:00,NWE,58.959999084472656,58.959999084472656,58.959999084472656,58.93000030517578,58.93000030517578,582.0
2023-06-16 14:45:00,RGCO,21.415000915527344,21.415000915527344,21.415000915527344,21.415000915527344,21.415000915527344,217.0
2023-06-16 14:45:00,XEL,64.2249984741211,64.2249984741211,64.25499725341797,64.20999908447266,64.24500274658203,8599.0
2023-06-16 14:46:00,ADN,0.6901000142097473,0.6901000142097473,0.692799985408783,0.6899999976158142,0.692799985408783,2416.0
2023-06-16 14:46:00,AEP,85.19000244140625,85.19000244140625,85.20999908447266,85.19000244140625,85.20999908447266,1707.0
2023-06-16 14:46:00,AY,23.915000915527344,23.915000915527344,23.915000915527344,23.915000915527344,23.915000915527344,124.0
2023-06-16 14:46:00,CDZI,4.320000171661377,4.320000171661377,4.320000171661377,4.320000171661377,4.320000171661377,198.0
2023-06-16 14:46:00,CEG,93.43499755859375,93.43499755859375,93.43499755859375,93.43499755859375,93.43499755859375,705.0
2023-06-16 14:46:00,CREG,1.9900000095367432,1.9900000095367432,1.9900000095367432,1.9900000095367432,1.9900000095367432,337.0
2023-06-16 14:46:00,CWCO,22.184999465942383,22.184999465942383,22.184999465942383,22.184999465942383,22.184999465942383,135.0
2023-06-16 14:46:00,EXC,41.36000061035156,41.36000061035156,41.375,41.36000061035156,41.360599517822266,7342.0
2023-06-16 14:46:00,FLNC,26.350000381469727,26.350000381469727,26.350000381469727,26.350000381469727,26.350000381469727,631.0
2023-06-16 14:46:00,LNT,53.94499969482422,53.94499969482422,53.95000076293945,53.94499969482422,53.95000076293945,1096.0
2023-06-16 14:46:00,MGEE,79.05500030517578,79.05500030517578,79.05500030517578,79.05500030517578,79.05500030517578,244.0
2023-06-16 14:46:00,MNTK,7.045000076293945,7.045000076293945,7.045000076293945,7.045000076293945,7.045000076293945,324.0
2023-06-16 14:46:00,NFE,30.049999237060547,30.049999237060547,30.065000534057617,30.030000686645508,30.040000915527344,13178.0
2023-06-16 14:46:00,NWE,58.970001220703125,58.970001220703125,58.970001220703125,58.95000076293945,58.959999084472656,752.0
2023-06-16 14:46:00,RNW,6.010000228881836,6.010000228881836,6.010000228881836,6.0,6.010000228881836,8496.0
2023-06-16 14:46:00,XEL,64.20999908447266,64.20999908447266,64.2249984741211,64.20999908447266,64.2249984741211,3966.0
2023-06-16 14:47:00,ADN,0.6901000142097473,0.6901000142097473,0.6901000142097473,0.6901000142097473,0.6901000142097473,100.0
2023-06-16 14:47:00,AEP,85.15499877929688,85.15499877929688,85.19000244140625,85.15450286865234,85.19000244140625,5138.0
2023-06-16 14:47:00,AY,23.895000457763672,23.895000457763672,23.915000915527344,23.895000457763672,23.915000915527344,1570.0
2023-06-16 14:47:00,CEG,93.38999938964844,93.38999938964844,93.41999816894531,93.38999938964844,93.41999816894531,1092.0
2023-06-16 14:47:00,CWCO,22.190000534057617,22.190000534057617,22.190000534057617,22.190000534057617,22.190000534057617,237.0
2023-06-16 14:47:00,EXC,41.334999084472656,41.334999084472656,41.35499954223633,41.33000183105469,41.349998474121094,7209.0
2023-06-16 14:47:00,FLNC,26.3882999420166,26.3882999420166,26.3882999420166,26.3882999420166,26.3882999420166,1802.0
2023-06-16 14:47:00,LNT,53.91999816894531,53.91999816894531,53.935001373291016,53.91999816894531,53.935001373291016,1637.0
2023-06-16 14:47:00,MNTK,7.059999942779541,7.059999942779541,7.059999942779541,7.045000076293945,7.045000076293945,3568.0
2023-06-16 14:47:00,NFE,30.030000686645508,30.030000686645508,30.059999465942383,30.030000686645508,30.049999237060547,2898.0
2023-06-16 14:47:00,NWE,58.90999984741211,58.90999984741211,58.91999816894531,58.90999984741211,58.91999816894531,840.0
2023-06-16 14:47:00,RNW,6.019999980926514,6.019999980926514,6.019999980926514,6.014999866485596,6.014999866485596,3496.0
2023-06-16 14:47:00,XEL,64.20999908447266,64.20999908447266,64.2249984741211,64.20500183105469,64.22000122070312,6902.0
2023-06-16 14:48:00,ADN,0.6901000142097473,0.6901000142097473,0.6901000142097473,0.6901000142097473,0.6901000142097473,100.0
2023-06-16 14:48:00,AEP,85.15599822998047,85.15599822998047,85.1698989868164,85.1500015258789,85.16000366210938,5496.0
2023-06-16 14:48:00,AY,23.90999984741211,23.90999984741211,23.90999984741211,23.895000457763672,23.899999618530273,3699.0
2023-06-16 14:48:00,CDZI,4.349999904632568,4.349999904632568,4.349999904632568,4.349999904632568,4.349999904632568,694.0
2023-06-16 14:48:00,CEG,93.41000366210938,93.41000366210938,93.41999816894531,93.38999938964844,93.3949966430664,4450.0
2023-06-16 14:48:00,CWCO,22.15999984741211,22.15999984741211,22.219999313354492,22.15999984741211,22.184999465942383,744.0
2023-06-16 14:48:00,EXC,41.33000183105469,41.33000183105469,41.34000015258789,41.33000183105469,41.33000183105469,3427.0
2023-06-16 14:48:00,LNT,53.93000030517578,53.93000030517578,53.939998626708984,53.91999816894531,53.91999816894531,1645.0
2023-06-16 14:48:00,MNTK,7.070000171661377,7.070000171661377,7.070000171661377,7.059999942779541,7.059999942779541,942.0
2023-06-16 14:48:00,NFE,30.040000915527344,30.040000915527344,30.040000915527344,30.030000686645508,30.030000686645508,1546.0
2023-06-16 14:48:00,NWE,58.92499923706055,58.92499923706055,58.95000076293945,58.92499923706055,58.95000076293945,350.0
2023-06-16 14:48:00,RNW,6.034999847412109,6.034999847412109,6.034999847412109,6.025000095367432,6.025000095367432,4500.0
2023-06-16 14:48:00,XEL,64.23999786376953,64.23999786376953,64.24500274658203,64.20999908447266,64.20999908447266,8921.0
2023-06-16 14:49:00,ADN,0.6949999928474426,0.6949999928474426,0.6949999928474426,0.6930999755859375,0.6930999755859375,7664.0
2023-06-16 14:49:00,AEP,85.15499877929688,85.15499877929688,85.16999816894531,85.1500015258789,85.16000366210938,2558.0
2023-06-16 14:49:00,AY,23.94499969482422,23.94499969482422,23.94499969482422,23.920000076293945,23.920000076293945,2002.0
2023-06-16 14:49:00,CEG,93.41500091552734,93.41500091552734,93.43499755859375,93.41000366210938,93.41000366210938,2245.0
2023-06-16 14:49:00,CWCO,22.18000030517578,22.18000030517578,22.18000030517578,22.15999984741211,22.15999984741211,200.0
2023-06-16 14:49:00,EXC,41.34000015258789,41.34000015258789,41.35499954223633,41.334999084472656,41.34000015258789,9797.0
2023-06-16 14:49:00,LNT,53.939998626708984,53.939998626708984,53.94499969482422,53.939998626708984,53.939998626708984,903.0
2023-06-16 14:49:00,MNTK,7.070000171661377,7.070000171661377,7.070000171661377,7.070000171661377,7.070000171661377,332.0
2023-06-16 14:49:00,NFE,30.049999237060547,30.049999237060547,30.059999465942383,30.045000076293945,30.049999237060547,2809.0
2023-06-16 14:49:00,NWE,58.93000030517578,58.93000030517578,58.93000030517578,58.93000030517578,58.93000030517578,447.0
2023-06-16 14:49:00,RNW,6.03000020980835,6.03000020980835,6.034999847412109,6.03000020980835,6.034999847412109,1316.0
2023-06-16 14:49:00,XEL,64.2699966430664,64.2699966430664,64.2750015258789,64.25,64.25,8497.0
2023-06-16 14:50:00,ADN,0.6988000273704529,0.6988000273704529,0.699400007724762,0.6988000273704529,0.699400007724762,1000.0
2023-06-16 14:50:00,AEP,85.16000366210938,85.16000366210938,85.16999816894531,85.1500015258789,85.16000366210938,3194.0
2023-06-16 14:50:00,AY,23.979999542236328,23.979999542236328,23.979999542236328,23.940000534057617,23.940000534057617,2591.0
2023-06-16 14:50:00,CDZI,4.345399856567383,4.345399856567383,4.345399856567383,4.342700004577637,4.342700004577637,264.0
2023-06-16 14:50:00,CEG,93.43000030517578,93.43000030517578,93.43000030517578,93.41000366210938,93.41500091552734,1610.0
2023-06-16 14:50:00,EXC,41.36000061035156,41.36000061035156,41.36000061035156,41.34000015258789,41.349998474121094,4218.0
2023-06-16 14:50:00,LNT,53.935001373291016,53.935001373291016,53.939998626708984,53.92499923706055,53.93000030517578,2043.0
2023-06-16 14:50:00,MGEE,78.98999786376953,78.98999786376953,78.98999786376953,78.98999786376953,78.98999786376953,152.0
2023-06-16 14:50:00,MNTK,7.074999809265137,7.074999809265137,7.074999809265137,7.074999809265137,7.074999809265137,553.0
2023-06-16 14:50:00,NFE,30.084999084472656,30.084999084472656,30.084999084472656,30.049999237060547,30.049999237060547,2024.0
2023-06-16 14:50:00,NWE,58.9005012512207,58.9005012512207,58.93000030517578,58.9005012512207,58.93000030517578,771.0
2023-06-16 14:50:00,OTTR,75.05000305175781,75.05000305175781,75.05000305175781,75.05000305175781,75.05000305175781,433.0
2023-06-16 14:50:00,RNW,6.034999847412109,6.034999847412109,6.034999847412109,6.03000020980835,6.03000020980835,214.0
2023-06-16 14:50:00,XEL,64.29000091552734,64.29000091552734,64.30000305175781,64.26000213623047,64.26499938964844,20060.0
2023-06-16 14:51:00,ADN,0.6974999904632568,0.6974999904632568,0.699400007724762,0.6950010061264038,0.6950010061264038,5020.0
2023-06-16 14:51:00,AEP,85.1500015258789,85.1500015258789,85.16000366210938,85.1500015258789,85.15499877929688,1255.0
2023-06-16 14:51:00,AY,23.979999542236328,23.979999542236328,23.989999771118164,23.979999542236328,23.989999771118164,1083.0
2023-06-16 14:51:00,CDZI,4.340000152587891,4.340000152587891,4.340000152587891,4.340000152587891,4.340000152587891,888.0
2023-06-16 14:51:00,CEG,93.41999816894531,93.41999816894531,93.41999816894531,93.41500091552734,93.41999816894531,1636.0
2023-06-16 14:51:00,CWCO,22.18000030517578,22.18000030517578,22.18000030517578,22.15999984741211,22.15999984741211,439.0
2023-06-16 14:51:00,EXC,41.36000061035156,41.36000061035156,41.369998931884766,41.36000061035156,41.36000061035156,5903.0
2023-06-16 14:51:00,FLNC,26.31999969482422,26.31999969482422,26.364999771118164,26.31999969482422,26.364999771118164,2030.0
2023-06-16 14:51:00,LNT,53.939998626708984,53.939998626708984,53.94499969482422,53.939998626708984,53.939998626708984,1188.0
2023-06-16 14:51:00,NFE,30.09000015258789,30.09000015258789,30.09000015258789,30.075000762939453,30.09000015258789,3580.0
2023-06-16 14:51:00,NWE,58.915000915527344,58.915000915527344,58.93000030517578,58.915000915527344,58.93000030517578,432.0
2023-06-16 14:51:00,RNW,6.03000020980835,6.03000020980835,6.03000020980835,6.03000020980835,6.03000020980835,1109.0
2023-06-16 14:51:00,XEL,64.27999877929688,64.27999877929688,64.30000305175781,64.2750015258789,64.29000091552734,4811.0
2023-06-16 14:52:00,ADN,0.6949999928474426,0.6949999928474426,0.6955000162124634,0.6949999928474426,0.6955000162124634,6000.0
2023-06-16 14:52:00,AEP,85.12310028076172,85.12310028076172,85.13999938964844,85.12000274658203,85.13999938964844,4428.0
2023-06-16 14:52:00,AEPPZ,49.369998931884766,49.369998931884766,49.369998931884766,49.369998931884766,49.369998931884766,120.0
2023-06-16 14:52:00,AY,23.979000091552734,23.979000091552734,23.979000091552734,23.979000091552734,23.979000091552734,296.0
2023-06-16 14:52:00,CEG,93.43000030517578,93.43000030517578,93.43000030517578,93.41999816894531,93.43000030517578,2797.0
2023-06-16 14:52:00,EXC,41.34880065917969,41.34880065917969,41.369998931884766,41.34000015258789,41.369998931884766,8792.0
2023-06-16 14:52:00,FLNC,26.31999969482422,26.31999969482422,26.31999969482422,26.309999465942383,26.309999465942383,847.0
2023-06-16 14:52:00,HTOO,2.228600025177002,2.228600025177002,2.2300000190734863,2.2200000286102295,2.2300000190734863,390.0
2023-06-16 14:52:00,LNT,53.91999816894531,53.91999816894531,53.92499923706055,53.91999816894531,53.92499923706055,1574.0
2023-06-16 14:52:00,MGEE,78.95999908447266,78.95999908447266,78.95999908447266,78.95999908447266,78.95999908447266,102.0
2023-06-16 14:52:00,MNTK,7.074999809265137,7.074999809265137,7.074999809265137,7.074999809265137,7.074999809265137,823.0
2023-06-16 14:52:00,NFE,30.094999313354492,30.094999313354492,30.100000381469727,30.09000015258789,30.094999313354492,2274.0
2023-06-16 14:52:00,RNW,6.034999847412109,6.034999847412109,6.034999847412109,6.03000020980835,6.03000020980835,364.0
2023-06-16 14:52:00,XEL,64.26309967041016,64.26309967041016,64.2750015258789,64.26000213623047,64.2750015258789,7851.0
2023-06-16 14:53:00,ADN,0.6949999928474426,0.6949999928474426,0.6949999928474426,0.6949999928474426,0.6949999928474426,1378.0
2023-06-16 14:53:00,AEP,85.0999984741211,85.0999984741211,85.11000061035156,85.08999633789062,85.11000061035156,1016.0
2023-06-16 14:53:00,CDZI,4.349999904632568,4.349999904632568,4.360000133514404,4.349999904632568,4.349999904632568,712.0
2023-06-16 14:53:00,CEG,93.4000015258789,93.4000015258789,93.43000030517578,93.4000015258789,93.42500305175781,2038.0
2023-06-16 14:53:00,CREG,1.9900000095367432,1.9900000095367432,1.9900000095367432,1.9900000095367432,1.9900000095367432,537.0
2023-06-16 14:53:00,CWCO,22.260000228881836,22.260000228881836,22.260000228881836,22.2450008392334,22.2450008392334,236.0
2023-06-16 14:53:00,EXC,41.334999084472656,41.334999084472656,41.349998474121094,41.31999969482422,41.349998474121094,14649.0
2023-06-16 14:53:00,FLNC,26.329999923706055,26.329999923706055,26.329999923706055,26.329999923706055,26.329999923706055,612.0
2023-06-16 14:53:00,LNT,53.900001525878906,53.900001525878906,53.93000030517578,53.900001525878906,53.93000030517578,7790.0
2023-06-16 14:53:00,MGEE,78.93000030517578,78.93000030517578,78.95999908447266,78.93000030517578,78.95999908447266,434.0
2023-06-16 14:53:00,MNTK,7.079999923706055,7.079999923706055,7.079999923706055,7.079999923706055,7.079999923706055,112.0
2023-06-16 14:53:00,NFE,30.09000015258789,30.09000015258789,30.100000381469727,30.079999923706055,30.094999313354492,3241.0
2023-06-16 14:53:00,OTTR,75.02999877929688,75.02999877929688,75.05500030517578,75.02999877929688,75.05500030517578,736.0
2023-06-16 14:53:00,RGCO,21.415000915527344,21.415000915527344,21.415000915527344,21.415000915527344,21.415000915527344,337.0
2023-06-16 14:53:00,RNW,6.034999847412109,6.034999847412109,6.034999847412109,6.03000020980835,6.03000020980835,302.0
2023-06-16 14:53:00,XEL,64.25499725341797,64.25499725341797,64.26499938964844,64.25,64.26499938964844,7522.0
2023-06-16 14:54:00,ADN,0.6995000243186951,0.6995000243186951,0.6995000243186951,0.6949999928474426,0.6949999928474426,260.0
2023-06-16 14:54:00,AEP,85.06500244140625,85.06500244140625,85.0999984741211,85.06099700927734,85.0999984741211,4316.0
2023-06-16 14:54:00,AY,23.959999084472656,23.959999084472656,23.969999313354492,23.959999084472656,23.969999313354492,1566.0
2023-06-16 14:54:00,CEG,93.3499984741211,93.3499984741211,93.4000015258789,93.3499984741211,93.4000015258789,1847.0
2023-06-16 14:54:00,CWCO,22.270000457763672,22.270000457763672,22.270000457763672,22.270000457763672,22.270000457763672,471.0
2023-06-16 14:54:00,EXC,41.31999969482422,41.31999969482422,41.334999084472656,41.310001373291016,41.334999084472656,11062.0
2023-06-16 14:54:00,FLNC,26.350000381469727,26.350000381469727,26.360000610351562,26.342300415039062,26.342300415039062,3083.0
2023-06-16 14:54:00,LNT,53.880001068115234,53.880001068115234,53.88999938964844,53.880001068115234,53.88999938964844,724.0
2023-06-16 14:54:00,MNTK,7.074999809265137,7.074999809265137,7.074999809265137,7.074999809265137,7.074999809265137,602.0
2023-06-16 14:54:00,NFE,30.09000015258789,30.09000015258789,30.09000015258789,30.070999145507812,30.079999923706055,3977.0
2023-06-16 14:54:00,NWE,58.8849983215332,58.8849983215332,58.90999984741211,58.8849983215332,58.900001525878906,1252.0
2023-06-16 14:54:00,PCYO,10.710000038146973,10.710000038146973,10.710000038146973,10.710000038146973,10.710000038146973,395.0
2023-06-16 14:54:00,RNW,6.03000020980835,6.03000020980835,6.034999847412109,6.03000020980835,6.03000020980835,312.0
2023-06-16 14:54:00,XEL,64.25,64.25,64.25990295410156,64.23999786376953,64.25990295410156,6158.0
2023-06-16 14:55:00,ADN,0.6949999928474426,0.6949999928474426,0.6949999928474426,0.6949999928474426,0.6949999928474426,108.0
2023-06-16 14:55:00,AEP,85.08000183105469,85.08000183105469,85.0999984741211,85.06999969482422,85.06999969482422,5160.0
2023-06-16 14:55:00,AY,23.940000534057617,23.940000534057617,23.950000762939453,23.940000534057617,23.950000762939453,1391.0
2023-06-16 14:55:00,CDZI,4.340000152587891,4.340000152587891,4.340000152587891,4.340000152587891,4.340000152587891,100.0
2023-06-16 14:55:00,CEG,93.36499786376953,93.36499786376953,93.38999938964844,93.33000183105469,93.33000183105469,5604.0
2023-06-16 14:55:00,EXC,41.314998626708984,41.314998626708984,41.31999969482422,41.310001373291016,41.314998626708984,3740.0
2023-06-16 14:55:00,FLNC,26.329999923706055,26.329999923706055,26.34000015258789,26.329999923706055,26.34000015258789,826.0
2023-06-16 14:55:00,LNT,53.880001068115234,53.880001068115234,53.88999938964844,53.880001068115234,53.88999938964844,1959.0
2023-06-16 14:55:00,MGEE,78.91000366210938,78.91000366210938,78.91000366210938,78.91000366210938,78.91000366210938,622.0
2023-06-16 14:55:00,NFE,30.020000457763672,30.020000457763672,30.09000015258789,30.020000457763672,30.09000015258789,4765.0
2023-06-16 14:55:00,NWE,58.8849983215332,58.8849983215332,58.8849983215332,58.8849983215332,58.8849983215332,334.0
2023-06-16 14:55:00,RNW,6.034999847412109,6.034999847412109,6.034999847412109,6.03000020980835,6.034999847412109,601.0
2023-06-16 14:55:00,XEL,64.25,64.25,64.2699966430664,64.24500274658203,64.26000213623047,12732.0
2023-06-16 14:56:00,ADN,0.6949999928474426,0.6949999928474426,0.6949999928474426,0.6949999928474426,0.6949999928474426,1830.0
2023-06-16 14:56:00,AEP,85.05999755859375,85.05999755859375,85.05999755859375,85.02999877929688,85.05000305175781,2224.0
2023-06-16 14:56:00,AY,23.954999923706055,23.954999923706055,23.954999923706055,23.940000534057617,23.940000534057617,1262.0
2023-06-16 14:56:00,CDZI,4.340000152587891,4.340000152587891,4.349999904632568,4.340000152587891,4.349999904632568,353.0
2023-06-16 14:56:00,EXC,41.29999923706055,41.29999923706055,41.314998626708984,41.29999923706055,41.314998626708984,10751.0
2023-06-16 14:56:00,FLNC,26.360000610351562,26.360000610351562,26.360000610351562,26.344999313354492,26.344999313354492,1573.0
2023-06-16 14:56:00,LNT,53.880001068115234,53.880001068115234,53.880001068115234,53.869998931884766,53.880001068115234,1659.0
2023-06-16 14:56:00,MNTK,7.074999809265137,7.074999809265137,7.074999809265137,7.070000171661377,7.070000171661377,228.0
2023-06-16 14:56:00,NFE,30.010000228881836,30.010000228881836,30.010000228881836,29.969999313354492,30.0,3621.0
2023-06-16 14:56:00,NWE,58.880001068115234,58.880001068115234,58.8849983215332,58.849998474121094,58.869998931884766,2868.0
2023-06-16 14:56:00,OTTR,75.02999877929688,75.02999877929688,75.02999877929688,75.02999877929688,75.02999877929688,1073.0
2023-06-16 14:56:00,RNW,6.034999847412109,6.034999847412109,6.034999847412109,6.03000020980835,6.034999847412109,1656.0
2023-06-16 14:56:00,XEL,64.25,64.25,64.25,64.2300033569336,64.25,7390.0
2023-06-16 14:57:00,ADN,0.6949999928474426,0.6949999928474426,0.6949999928474426,0.6949999928474426,0.6949999928474426,107.0
2023-06-16 14:57:00,AEP,85.04000091552734,85.04000091552734,85.05000305175781,85.02999877929688,85.04000091552734,7139.0
2023-06-16 14:57:00,AY,23.959999084472656,23.959999084472656,23.959999084472656,23.950000762939453,23.950000762939453,597.0
2023-06-16 14:57:00,CDZI,4.340000152587891,4.340000152587891,4.349999904632568,4.340000152587891,4.349999904632568,1723.0
2023-06-16 14:57:00,CEG,93.37000274658203,93.37000274658203,93.37000274658203,93.33999633789062,93.3499984741211,2293.0
2023-06-16 14:57:00,EXC,41.290000915527344,41.290000915527344,41.310001373291016,41.290000915527344,41.30229949951172,11114.0
2023-06-16 14:57:00,FLNC,26.309999465942383,26.309999465942383,26.329999923706055,26.309999465942383,26.329999923706055,961.0
2023-06-16 14:57:00,LNT,53.869998931884766,53.869998931884766,53.869998931884766,53.86000061035156,53.869998931884766,1467.0
2023-06-16 14:57:00,MNTK,7.070000171661377,7.070000171661377,7.070000171661377,7.070000171661377,7.070000171661377,434.0
2023-06-16 14:57:00,MSEX,82.65499877929688,82.65499877929688,82.65499877929688,82.65499877929688,82.65499877929688,488.0
2023-06-16 14:57:00,NFE,30.020000457763672,30.020000457763672,30.020000457763672,30.0049991607666,30.010000228881836,2181.0
2023-06-16 14:57:00,RNW,6.034999847412109,6.034999847412109,6.034999847412109,6.03000020980835,6.03000020980835,201.0
2023-06-16 14:57:00,XEL,64.23999786376953,64.23999786376953,64.25,64.22000122070312,64.25,5883.0
2023-06-16 14:57:00,YORW,42.95009994506836,42.95009994506836,42.95009994506836,42.95009994506836,42.95009994506836,995.0
2023-06-16 14:58:00,ADN,0.6949999928474426,0.6949999928474426,0.6972000002861023,0.6949999928474426,0.6949999928474426,2402.0
2023-06-16 14:58:00,AEP,85.04000091552734,85.04000091552734,85.05000305175781,85.04000091552734,85.04499816894531,3334.0
2023-06-16 14:58:00,AY,23.979999542236328,23.979999542236328,23.979999542236328,23.959999084472656,23.959999084472656,1129.0
2023-06-16 14:58:00,CEG,93.41000366210938,93.41000366210938,93.41000366210938,93.37999725341797,93.37999725341797,1729.0
2023-06-16 14:58:00,CWCO,22.299999237060547,22.299999237060547,22.299999237060547,22.299999237060547,22.299999237060547,423.0
2023-06-16 14:58:00,EXC,41.279998779296875,41.279998779296875,41.29999923706055,41.279998779296875,41.29499816894531,5090.0
2023-06-16 14:58:00,FLNC,26.325000762939453,26.325000762939453,26.329999923706055,26.309999465942383,26.309999465942383,1159.0
2023-06-16 14:58:00,LNT,53.880001068115234,53.880001068115234,53.88999938964844,53.875,53.875,3519.0
2023-06-16 14:58:00,MGEE,78.95999908447266,78.95999908447266,78.95999908447266,78.95999908447266,78.95999908447266,471.0
2023-06-16 14:58:00,MNTK,7.070000171661377,7.070000171661377,7.070000171661377,7.070000171661377,7.070000171661377,288.0
2023-06-16 14:58:00,NFE,30.040000915527344,30.040000915527344,30.05500030517578,30.020000457763672,30.020000457763672,3629.0
2023-06-16 14:58:00,NWE,58.90999984741211,58.90999984741211,58.90999984741211,58.88999938964844,58.88999938964844,1472.0
2023-06-16 14:58:00,OPAL,6.590000152587891,6.590000152587891,6.590000152587891,6.590000152587891,6.590000152587891,305.0
2023-06-16 14:58:00,OTTR,75.12000274658203,75.12000274658203,75.12000274658203,75.0999984741211,75.0999984741211,575.0
2023-06-16 14:58:00,RNW,6.03000020980835,6.03000020980835,6.034999847412109,6.03000020980835,6.034999847412109,1571.0
2023-06-16 14:58:00,XEL,64.19000244140625,64.19000244140625,64.23999786376953,64.19000244140625,64.23999786376953,9627.0
2023-06-16 14:59:00,ADN,0.6949999928474426,0.6949999928474426,0.6949999928474426,0.6949999928474426,0.6949999928474426,901.0
2023-06-16 14:59:00,AEP,85.02999877929688,85.02999877929688,85.03739929199219,85.00740051269531,85.03739929199219,3065.0
2023-06-16 14:59:00,AY,23.959999084472656,23.959999084472656,23.959999084472656,23.959999084472656,23.959999084472656,339.0
2023-06-16 14:59:00,CDZI,4.338600158691406,4.338600158691406,4.340000152587891,4.338600158691406,4.340000152587891,934.0
2023-06-16 14:59:00,CEG,93.3499984741211,93.3499984741211,93.3949966430664,93.3499984741211,93.3949966430664,4506.0
2023-06-16 14:59:00,EXC,41.28499984741211,41.28499984741211,41.28879928588867,41.27000045776367,41.28499984741211,11052.0
2023-06-16 14:59:00,FLNC,26.299999237060547,26.299999237060547,26.31999969482422,26.299999237060547,26.31999969482422,435.0
2023-06-16 14:59:00,GWRS,12.460000038146973,12.460000038146973,12.460000038146973,12.460000038146973,12.460000038146973,203.0
2023-06-16 14:59:00,HTOO,2.2200000286102295,2.2200000286102295,2.2200000286102295,2.2200000286102295,2.2200000286102295,100.0
2023-06-16 14:59:00,LNT,53.875,53.875,53.875,53.86000061035156,53.875,1785.0
2023-06-16 14:59:00,MNTK,7.065000057220459,7.065000057220459,7.070000171661377,7.065000057220459,7.070000171661377,1429.0
2023-06-16 14:59:00,MSEX,82.72000122070312,82.72000122070312,82.72000122070312,82.72000122070312,82.72000122070312,635.0
2023-06-16 14:59:00,NFE,30.0049991607666,30.0049991607666,30.040000915527344,30.0,30.040000915527344,2188.0
2023-06-16 14:59:00,OTTR,75.18000030517578,75.18000030517578,75.18000030517578,75.18000030517578,75.18000030517578,612.0
2023-06-16 14:59:00,RNW,6.034999847412109,6.034999847412109,6.034999847412109,6.03000020980835,6.034999847412109,898.0
2023-06-16 14:59:00,XEL,64.17500305175781,64.17500305175781,64.18219757080078,64.15499877929688,64.18000030517578,4647.0
2023-06-16 15:00:00,ADN,0.6949999928474426,0.6949999928474426,0.6949999928474426,0.6949999928474426,0.6949999928474426,1601.0
2023-06-16 15:00:00,AEP,85.04000091552734,85.04000091552734,85.05000305175781,85.02999877929688,85.02999877929688,2984.0
2023-06-16 15:00:00,AY,23.959999084472656,23.959999084472656,23.979999542236328,23.954999923706055,23.96500015258789,2435.0
2023-06-16 15:00:00,CDZI,4.329999923706055,4.329999923706055,4.329999923706055,4.329999923706055,4.329999923706055,785.0
2023-06-16 15:00:00,CEG,93.36000061035156,93.36000061035156,93.37999725341797,93.3499984741211,93.3499984741211,3800.0
2023-06-16 15:00:00,EXC,41.29999923706055,41.29999923706055,41.310001373291016,41.28499984741211,41.28499984741211,20401.0
2023-06-16 15:00:00,FLNC,26.280000686645508,26.280000686645508,26.309999465942383,26.280000686645508,26.309999465942383,2139.0
2023-06-16 15:00:00,LNT,53.900001525878906,53.900001525878906,53.900001525878906,53.880001068115234,53.880001068115234,1990.0
2023-06-16 15:00:00,MNTK,7.059999942779541,7.059999942779541,7.059999942779541,7.059999942779541,7.059999942779541,209.0
2023-06-16 15:00:00,MSEX,82.77999877929688,82.77999877929688,82.77999877929688,82.7300033569336,82.7300033569336,657.0
2023-06-16 15:00:00,NFE,29.989999771118164,29.989999771118164,30.010000228881836,29.989999771118164,30.010000228881836,2745.0
2023-06-16 15:00:00,NWE,58.900001525878906,58.900001525878906,58.900001525878906,58.900001525878906,58.900001525878906,263.0
2023-06-16 15:00:00,OTTR,75.13999938964844,75.13999938964844,75.13999938964844,75.13999938964844,75.13999938964844,207.0
2023-06-16 15:00:00,RGCO,21.415000915527344,21.415000915527344,21.415000915527344,21.415000915527344,21.415000915527344,366.0
2023-06-16 15:00:00,RNW,6.034999847412109,6.034999847412109,6.034999847412109,6.03000020980835,6.03000020980835,1191.0
2023-06-16 15:00:00,XEL,64.16999816894531,64.16999816894531,64.19499969482422,64.15499877929688,64.18000030517578,6133.0
2023-06-16 15:01:00,ADN,0.6949999928474426,0.6949999928474426,0.6949999928474426,0.6949999928474426,0.6949999928474426,1790.0
2023-06-16 15:01:00,AEP,84.97899627685547,84.97899627685547,85.0199966430664,84.97000122070312,85.0199966430664,3043.0
2023-06-16 15:01:00,AY,23.950000762939453,23.950000762939453,23.950000762939453,23.950000762939453,23.950000762939453,729.0
2023-06-16 15:01:00,CEG,93.26000213623047,93.26000213623047,93.3499984741211,93.26000213623047,93.3499984741211,2181.0
2023-06-16 15:01:00,CWCO,22.309999465942383,22.309999465942383,22.309999465942383,22.309999465942383,22.309999465942383,668.0
2023-06-16 15:01:00,EXC,41.26499938964844,41.26499938964844,41.29999923706055,41.2599983215332,41.29999923706055,9026.0
2023-06-16 15:01:00,FLNC,26.270000457763672,26.270000457763672,26.280000686645508,26.270000457763672,26.280000686645508,1245.0
2023-06-16 15:01:00,GWRS,12.449999809265137,12.449999809265137,12.449999809265137,12.449999809265137,12.449999809265137,275.0
2023-06-16 15:01:00,HTOO,2.2197999954223633,2.2197999954223633,2.2197999954223633,2.2197999954223633,2.2197999954223633,155.0
2023-06-16 15:01:00,LNT,53.880001068115234,53.880001068115234,53.900001525878906,53.880001068115234,53.900001525878906,1326.0
2023-06-16 15:01:00,MNTK,7.059999942779541,7.059999942779541,7.059999942779541,7.054999828338623,7.059999942779541,1742.0
2023-06-16 15:01:00,MSEX,82.66999816894531,82.66999816894531,82.66999816894531,82.66999816894531,82.66999816894531,400.0
2023-06-16 15:01:00,NFE,29.950000762939453,29.950000762939453,29.979999542236328,29.950000762939453,29.979999542236328,5155.0
2023-06-16 15:01:00,NWE,58.849998474121094,58.849998474121094,58.849998474121094,58.849998474121094,58.849998474121094,177.0
2023-06-16 15:01:00,OPAL,6.614999771118164,6.614999771118164,6.614999771118164,6.614999771118164,6.614999771118164,375.0
2023-06-16 15:01:00,OTTR,75.13999938964844,75.13999938964844,75.13999938964844,75.13999938964844,75.13999938964844,1217.0
2023-06-16 15:01:00,RNW,6.034999847412109,6.034999847412109,6.034999847412109,6.03000020980835,6.034999847412109,586.0
2023-06-16 15:01:00,XEL,64.09500122070312,64.09500122070312,64.16999816894531,64.09500122070312,64.16999816894531,4946.0
2023-06-16 15:02:00,ADN,0.6949999928474426,0.6949999928474426,0.6972000002861023,0.6949999928474426,0.6949999928474426,1294.0
2023-06-16 15:02:00,AEP,84.97000122070312,84.97000122070312,84.97000122070312,84.94999694824219,84.97000122070312,8197.0
2023-06-16 15:02:00,AY,23.950000762939453,23.950000762939453,23.950000762939453,23.950000762939453,23.950000762939453,394.0
2023-06-16 15:02:00,CDZI,4.340000152587891,4.340000152587891,4.340000152587891,4.340000152587891,4.340000152587891,939.0
2023-06-16 15:02:00,CEG,93.2699966430664,93.2699966430664,93.29000091552734,93.23999786376953,93.2699966430664,5151.0
2023-06-16 15:02:00,EXC,41.279998779296875,41.279998779296875,41.279998779296875,41.25,41.26499938964844,20720.0
2023-06-16 15:02:00,FLNC,26.270000457763672,26.270000457763672,26.270000457763672,26.260000228881836,26.260000228881836,611.0
2023-06-16 15:02:00,GWRS,12.449999809265137,12.449999809265137,12.449999809265137,12.449999809265137,12.449999809265137,425.0
2023-06-16 15:02:00,LNT,53.869998931884766,53.869998931884766,53.869998931884766,53.84000015258789,53.85499954223633,5811.0
2023-06-16 15:02:00,MNTK,7.039999961853027,7.039999961853027,7.059999942779541,7.039999961853027,7.059999942779541,1077.0
2023-06-16 15:02:00,MSEX,82.7061996459961,82.7061996459961,82.7061996459961,82.7061996459961,82.7061996459961,224.0
2023-06-16 15:02:00,NFE,29.954999923706055,29.954999923706055,29.959999084472656,29.940000534057617,29.940000534057617,1328.0
2023-06-16 15:02:00,PCYO,10.654999732971191,10.654999732971191,10.654999732971191,10.619999885559082,10.640000343322754,1504.0
2023-06-16 15:02:00,RNW,6.034999847412109,6.034999847412109,6.034999847412109,6.03000020980835,6.034999847412109,2150.0
2023-06-16 15:02:00,XEL,64.12999725341797,64.12999725341797,64.12999725341797,64.08000183105469,64.08000183105469,8455.0
2023-06-16 15:03:00,ADN,0.6949999928474426,0.6949999928474426,0.6949999928474426,0.6949999928474426,0.6949999928474426,108.0
2023-06-16 15:03:00,AEP,84.9800033569336,84.9800033569336,85.01000213623047,84.9800033569336,84.98999786376953,2887.0
2023-06-16 15:03:00,AEPPZ,49.33000183105469,49.33000183105469,49.33000183105469,49.33000183105469,49.33000183105469,200.0
2023-06-16 15:03:00,CDZI,4.329999923706055,4.329999923706055,4.340000152587891,4.329999923706055,4.340000152587891,1597.0
2023-06-16 15:03:00,CEG,93.26499938964844,93.26499938964844,93.2699966430664,93.25,93.26000213623047,2647.0
2023-06-16 15:03:00,EXC,41.26499938964844,41.26499938964844,41.279998779296875,41.2599983215332,41.275001525878906,8155.0
2023-06-16 15:03:00,FLNC,26.270000457763672,26.270000457763672,26.270000457763672,26.270000457763672,26.270000457763672,1441.0
2023-06-16 15:03:00,GWRS,12.449999809265137,12.449999809265137,12.449999809265137,12.449999809265137,12.449999809265137,1080.0
2023-06-16 15:03:00,HTOO,2.240000009536743,2.240000009536743,2.240000009536743,2.219899892807007,2.219899892807007,2470.0
2023-06-16 15:03:00,LNT,53.88999938964844,53.88999938964844,53.88999938964844,53.880001068115234,53.880001068115234,882.0
2023-06-16 15:03:00,MNTK,7.019999980926514,7.019999980926514,7.039999961853027,7.019999980926514,7.039999961853027,3719.0
2023-06-16 15:03:00,MSEX,82.63999938964844,82.63999938964844,82.63999938964844,82.63999938964844,82.63999938964844,243.0
2023-06-16 15:03:00,NFE,29.959999084472656,29.959999084472656,29.979900360107422,29.959999084472656,29.959999084472656,7735.0
2023-06-16 15:03:00,NWE,58.869998931884766,58.869998931884766,58.869998931884766,58.869998931884766,58.869998931884766,317.0
2023-06-16 15:03:00,PCYO,10.640000343322754,10.640000343322754,10.640000343322754,10.619999885559082,10.630000114440918,800.0
2023-06-16 15:03:00,RNW,6.034999847412109,6.034999847412109,6.034999847412109,6.03000020980835,6.034999847412109,1221.0
2023-06-16 15:03:00,XEL,64.12999725341797,64.12999725341797,64.1449966430664,64.125,64.125,2594.0
2023-06-16 15:04:00,ADN,0.6949999928474426,0.6949999928474426,0.6949999928474426,0.6949999928474426,0.6949999928474426,1972.0
2023-06-16 15:04:00,AEP,85.04000091552734,85.04000091552734,85.06999969482422,84.98999786376953,84.98999786376953,28216.0
2023-06-16 15:04:00,ARTNA,49.599998474121094,49.599998474121094,49.599998474121094,49.58000183105469,49.58000183105469,773.0
2023-06-16 15:04:00,AY,23.950000762939453,23.950000762939453,23.950000762939453,23.940000534057617,23.94499969482422,1249.0
2023-06-16 15:04:00,CDZI,4.340000152587891,4.340000152587891,4.340000152587891,4.320099830627441,4.320099830627441,2746.0
2023-06-16 15:04:00,CEG,93.2699966430664,93.2699966430664,93.31999969482422,93.2699966430664,93.2699966430664,9086.0
2023-06-16 15:04:00,EXC,41.30500030517578,41.30500030517578,41.310001373291016,41.27000045776367,41.27000045776367,19744.0
2023-06-16 15:04:00,FLNC,26.280000686645508,26.280000686645508,26.290000915527344,26.280000686645508,26.290000915527344,1555.0
2023-06-16 15:04:00,LNT,53.90999984741211,53.90999984741211,53.91999816894531,53.900001525878906,53.900001525878906,1313.0
2023-06-16 15:04:00,MNTK,7.0,7.0,7.019999980926514,7.0,7.010000228881836,3419.0
2023-06-16 15:04:00,NFE,29.975000381469727,29.975000381469727,29.989999771118164,29.950000762939453,29.959999084472656,2956.0
2023-06-16 15:04:00,NWE,58.880001068115234,58.880001068115234,58.880001068115234,58.880001068115234,58.880001068115234,200.0
2023-06-16 15:04:00,PCYO,10.640000343322754,10.640000343322754,10.640000343322754,10.640000343322754,10.640000343322754,104.0
2023-06-16 15:04:00,RNW,6.045000076293945,6.045000076293945,6.045000076293945,6.031000137329102,6.034999847412109,4787.0
2023-06-16 15:04:00,XEL,64.16000366210938,64.16000366210938,64.16999816894531,64.13500213623047,64.13500213623047,4571.0
2023-06-16 15:05:00,ADN,0.6949999928474426,0.6949999928474426,0.6949999928474426,0.6949999928474426,0.6949999928474426,109.0
2023-06-16 15:05:00,AEP,84.98999786376953,84.98999786376953,85.02999877929688,84.9800033569336,84.99099731445312,25809.0
2023-06-16 15:05:00,AY,23.950000762939453,23.950000762939453,23.950000762939453,23.950000762939453,23.950000762939453,528.0
2023-06-16 15:05:00,CDZI,4.340000152587891,4.340000152587891,4.340000152587891,4.340000152587891,4.340000152587891,813.0
2023-06-16 15:05:00,CEG,93.25,93.25,93.26000213623047,93.25,93.26000213623047,839.0
2023-06-16 15:05:00,EXC,41.290000915527344,41.290000915527344,41.30500030517578,41.28499984741211,41.30500030517578,9424.0
2023-06-16 15:05:00,FLNC,26.270000457763672,26.270000457763672,26.280000686645508,26.270000457763672,26.280000686645508,1040.0
2023-06-16 15:05:00,LNT,53.900001525878906,53.900001525878906,53.915000915527344,53.900001525878906,53.915000915527344,1347.0
2023-06-16 15:05:00,MNTK,7.010000228881836,7.010000228881836,7.010000228881836,7.010000228881836,7.010000228881836,787.0
2023-06-16 15:05:00,NFE,29.969999313354492,29.969999313354492,29.969999313354492,29.959999084472656,29.969999313354492,1287.0
2023-06-16 15:05:00,NWE,58.8849983215332,58.8849983215332,58.88999938964844,58.880001068115234,58.880001068115234,507.0
2023-06-16 15:05:00,RNW,6.065000057220459,6.065000057220459,6.070000171661377,6.039999961853027,6.045000076293945,4441.0
2023-06-16 15:05:00,XEL,64.1500015258789,64.1500015258789,64.16999816894531,64.1500015258789,64.16000366210938,3347.0
2023-06-16 15:06:00,ADN,0.6949999928474426,0.6949999928474426,0.6970999836921692,0.6949999928474426,0.6970999836921692,1691.0
2023-06-16 15:06:00,AEP,84.97000122070312,84.97000122070312,84.9749984741211,84.94000244140625,84.97000122070312,6227.0
2023-06-16 15:06:00,AY,23.950000762939453,23.950000762939453,23.950000762939453,23.950000762939453,23.950000762939453,240.0
2023-06-16 15:06:00,CEG,93.2249984741211,93.2249984741211,93.25,93.19999694824219,93.25,3962.0
2023-06-16 15:06:00,EXC,41.244998931884766,41.244998931884766,41.29999923706055,41.244998931884766,41.290000915527344,80316.0
2023-06-16 15:06:00,FLNC,26.280000686645508,26.280000686645508,26.280000686645508,26.274999618530273,26.274999618530273,1065.0
2023-06-16 15:06:00,HTOO,2.2300000190734863,2.2300000190734863,2.2300000190734863,2.2300000190734863,2.2300000190734863,220.0
2023-06-16 15:06:00,LNT,53.8849983215332,53.8849983215332,53.904998779296875,53.8849983215332,53.904998779296875,1717.0
2023-06-16 15:06:00,MNTK,7.005000114440918,7.005000114440918,7.010000228881836,7.0,7.0,3486.0
2023-06-16 15:06:00,MSEX,82.69000244140625,82.69000244140625,82.69000244140625,82.69000244140625,82.69000244140625,160.0
2023-06-16 15:06:00,NFE,29.959999084472656,29.959999084472656,29.969999313354492,29.950000762939453,29.959999084472656,7826.0
2023-06-16 15:06:00,RNW,6.065000057220459,6.065000057220459,6.070000171661377,6.065000057220459,6.070000171661377,667.0
2023-06-16 15:06:00,XEL,64.12000274658203,64.12000274658203,64.1449966430664,64.0999984741211,64.1449966430664,6499.0
2023-06-16 15:07:00,ADN,0.6949999928474426,0.6949999928474426,0.6949999928474426,0.6949999928474426,0.6949999928474426,108.0
2023-06-16 15:07:00,AEP,84.93000030517578,84.93000030517578,84.97000122070312,84.91999816894531,84.97000122070312,2183.0
2023-06-16 15:07:00,AY,23.930099487304688,23.930099487304688,23.940000534057617,23.930099487304688,23.940000534057617,2851.0
2023-06-16 15:07:00,CEG,93.16000366210938,93.16000366210938,93.19999694824219,93.15499877929688,93.19999694824219,2485.0
2023-06-16 15:07:00,CWCO,22.280000686645508,22.280000686645508,22.309999465942383,22.280000686645508,22.309999465942383,1020.0
2023-06-16 15:07:00,EXC,41.209999084472656,41.209999084472656,41.244998931884766,41.20500183105469,41.244998931884766,8717.0
2023-06-16 15:07:00,FLNC,26.239999771118164,26.239999771118164,26.270000457763672,26.239999771118164,26.270000457763672,1580.0
2023-06-16 15:07:00,HTOO,2.22979998588562,2.22979998588562,2.22979998588562,2.22979998588562,2.22979998588562,1000.0
2023-06-16 15:07:00,LNT,53.8650016784668,53.8650016784668,53.8849983215332,53.8650016784668,53.8849983215332,2776.0
2023-06-16 15:07:00,MNTK,6.989999771118164,6.989999771118164,7.0,6.974999904632568,7.0,15580.0
2023-06-16 15:07:00,MSEX,82.69000244140625,82.69000244140625,82.69000244140625,82.6500015258789,82.6500015258789,1032.0
2023-06-16 15:07:00,NFE,29.954999923706055,29.954999923706055,29.959999084472656,29.950000762939453,29.950000762939453,4319.0
2023-06-16 15:07:00,NWE,58.869998931884766,58.869998931884766,58.869998931884766,58.86000061035156,58.869998931884766,669.0
2023-06-16 15:07:00,RGCO,21.415000915527344,21.415000915527344,21.415000915527344,21.415000915527344,21.415000915527344,525.0
2023-06-16 15:07:00,RNW,6.065000057220459,6.065000057220459,6.070000171661377,6.065000057220459,6.065000057220459,1182.0
2023-06-16 15:07:00,XEL,64.0999984741211,64.0999984741211,64.12000274658203,64.09500122070312,64.12000274658203,3961.0
2023-06-16 15:08:00,ADN,0.6949999928474426,0.6949999928474426,0.6991990208625793,0.6949999928474426,0.6949999928474426,2085.0
2023-06-16 15:08:00,AEP,84.9000015258789,84.9000015258789,84.93000030517578,84.88999938964844,84.91999816894531,2020.0
2023-06-16 15:08:00,AEPPZ,49.310001373291016,49.310001373291016,49.310001373291016,49.310001373291016,49.310001373291016,100.0
2023-06-16 15:08:00,ARTNA,49.58000183105469,49.58000183105469,49.584999084472656,49.58000183105469,49.584999084472656,259.0
2023-06-16 15:08:00,AY,23.940000534057617,23.940000534057617,23.940000534057617,23.940000534057617,23.940000534057617,447.0
2023-06-16 15:08:00,CDZI,4.335000038146973,4.335000038146973,4.335000038146973,4.335000038146973,4.335000038146973,101.0
2023-06-16 15:08:00,CEG,93.16000366210938,93.16000366210938,93.16000366210938,93.16000366210938,93.16000366210938,592.0
2023-06-16 15:08:00,EXC,41.20000076293945,41.20000076293945,41.220001220703125,41.20000076293945,41.209999084472656,6252.0
2023-06-16 15:08:00,FLNC,26.229999542236328,26.229999542236328,26.2549991607666,26.229999542236328,26.2549991607666,2466.0
2023-06-16 15:08:00,LNT,53.8650016784668,53.8650016784668,53.880001068115234,53.8650016784668,53.869998931884766,1277.0
2023-06-16 15:08:00,MNTK,7.005000114440918,7.005000114440918,7.005000114440918,6.989999771118164,7.0,9279.0
2023-06-16 15:08:00,NFE,29.954999923706055,29.954999923706055,30.0,29.954999923706055,29.954999923706055,4459.0
2023-06-16 15:08:00,RNW,6.065000057220459,6.065000057220459,6.065000057220459,6.065000057220459,6.065000057220459,395.0
2023-06-16 15:08:00,XEL,64.06999969482422,64.06999969482422,64.0999984741211,64.06999969482422,64.08999633789062,6946.0
2023-06-16 15:09:00,ADN,0.6949999928474426,0.6949999928474426,0.6949999928474426,0.6949999928474426,0.6949999928474426,100.0
2023-06-16 15:09:00,AEP,84.94999694824219,84.94999694824219,84.95500183105469,84.9000015258789,84.9000015258789,3611.0
2023-06-16 15:09:00,AEPPZ,49.310001373291016,49.310001373291016,49.310001373291016,49.310001373291016,49.310001373291016,314.0
2023-06-16 15:09:00,AY,23.93000030517578,23.93000030517578,23.940000534057617,23.93000030517578,23.940000534057617,345.0
2023-06-16 15:09:00,CDZI,4.335000038146973,4.335000038146973,4.335000038146973,4.335000038146973,4.335000038146973,206.0
2023-06-16 15:09:00,CEG,93.16000366210938,93.16000366210938,93.16000366210938,93.16000366210938,93.16000366210938,1295.0
2023-06-16 15:09:00,CWCO,22.270000457763672,22.270000457763672,22.270000457763672,22.270000457763672,22.270000457763672,147.0
2023-06-16 15:09:00,EXC,41.2400016784668,41.2400016784668,41.2400016784668,41.20000076293945,41.20500183105469,16837.0
2023-06-16 15:09:00,FLNC,26.229999542236328,26.229999542236328,26.239999771118164,26.229999542236328,26.239999771118164,796.0
2023-06-16 15:09:00,LNT,53.88999938964844,53.88999938964844,53.88999938964844,53.8650016784668,53.8650016784668,1491.0
2023-06-16 15:09:00,MNTK,7.005000114440918,7.005000114440918,7.005000114440918,7.005000114440918,7.005000114440918,133.0
2023-06-16 15:09:00,NFE,29.959999084472656,29.959999084472656,29.9685001373291,29.959999084472656,29.9685001373291,1555.0
2023-06-16 15:09:00,NWE,58.8650016784668,58.8650016784668,58.8650016784668,58.8650016784668,58.8650016784668,557.0
2023-06-16 15:09:00,RNW,6.065000057220459,6.065000057220459,6.065000057220459,6.065000057220459,6.065000057220459,1311.0
2023-06-16 15:09:00,VIA,10.8100004196167,10.8100004196167,10.8100004196167,10.8100004196167,10.8100004196167,696.0
2023-06-16 15:09:00,XEL,64.0999984741211,64.0999984741211,64.0999984741211,64.08000183105469,64.08000183105469,5050.0
2023-06-16 15:10:00,ADN,0.6949999928474426,0.6949999928474426,0.6970999836921692,0.6949999928474426,0.6970999836921692,4466.0
2023-06-16 15:10:00,AEP,84.95500183105469,84.95500183105469,84.95500183105469,84.93000030517578,84.94999694824219,3329.0
2023-06-16 15:10:00,ARTNA,49.584999084472656,49.584999084472656,49.584999084472656,49.584999084472656,49.584999084472656,362.0
2023-06-16 15:10:00,AY,23.940000534057617,23.940000534057617,23.940000534057617,23.940000534057617,23.940000534057617,100.0
2023-06-16 15:10:00,CEG,93.13999938964844,93.13999938964844,93.16000366210938,93.13999938964844,93.16000366210938,1903.0
2023-06-16 15:10:00,CWCO,22.270000457763672,22.270000457763672,22.270000457763672,22.270000457763672,22.270000457763672,313.0
2023-06-16 15:10:00,EXC,41.255001068115234,41.255001068115234,41.255001068115234,41.25,41.25,11922.0
2023-06-16 15:10:00,FLNC,26.260000228881836,26.260000228881836,26.260000228881836,26.230899810791016,26.230899810791016,3276.0
2023-06-16 15:10:00,HTOO,2.2300000190734863,2.2300000190734863,2.2300000190734863,2.2300000190734863,2.2300000190734863,252.0
2023-06-16 15:10:00,LNT,53.900001525878906,53.900001525878906,53.904998779296875,53.900001525878906,53.904998779296875,464.0
2023-06-16 15:10:00,MGEE,78.95999908447266,78.95999908447266,78.95999908447266,78.95999908447266,78.95999908447266,883.0
2023-06-16 15:10:00,MNTK,7.005000114440918,7.005000114440918,7.005000114440918,7.005000114440918,7.005000114440918,164.0
2023-06-16 15:10:00,NFE,29.979999542236328,29.979999542236328,29.989999771118164,29.959999084472656,29.959999084472656,1574.0
2023-06-16 15:10:00,NWE,58.875,58.875,58.875,58.875,58.875,102.0
2023-06-16 15:10:00,RNW,6.065000057220459,6.065000057220459,6.068999767303467,6.065000057220459,6.065000057220459,3767.0
2023-06-16 15:10:00,XEL,64.0999984741211,64.0999984741211,64.0999984741211,64.09500122070312,64.0999984741211,1158.0
2023-06-16 15:11:00,ADN,0.6949999928474426,0.6949999928474426,0.6949999928474426,0.6949999928474426,0.6949999928474426,112.0
2023-06-16 15:11:00,AEP,84.93699645996094,84.93699645996094,84.97000122070312,84.91999816894531,84.95999908447266,4588.0
2023-06-16 15:11:00,AY,23.93000030517578,23.93000030517578,23.940000534057617,23.93000030517578,23.940000534057617,769.0
2023-06-16 15:11:00,CDZI,4.329999923706055,4.329999923706055,4.329999923706055,4.329999923706055,4.329999923706055,633.0
2023-06-16 15:11:00,CEG,93.13999938964844,93.13999938964844,93.15499877929688,93.13999938964844,93.13999938964844,2519.0
2023-06-16 15:11:00,EXC,41.244998931884766,41.244998931884766,41.2599983215332,41.2400016784668,41.2599983215332,11047.0
2023-06-16 15:11:00,FLNC,26.2549991607666,26.2549991607666,26.2549991607666,26.2549991607666,26.2549991607666,511.0
2023-06-16 15:11:00,LNT,53.869998931884766,53.869998931884766,53.89500045776367,53.8650016784668,53.89500045776367,5211.0
2023-06-16 15:11:00,MNTK,7.0,7.0,7.0,7.0,7.0,1877.0
2023-06-16 15:11:00,NFE,30.0,30.0,30.0,29.989999771118164,29.989999771118164,3250.0
2023-06-16 15:11:00,NWE,58.88930130004883,58.88930130004883,58.88930130004883,58.88930130004883,58.88930130004883,627.0
2023-06-16 15:11:00,RNW,6.065000057220459,6.065000057220459,6.065000057220459,6.065000057220459,6.065000057220459,485.0
2023-06-16 15:11:00,VIA,10.880000114440918,10.880000114440918,10.880000114440918,10.869999885559082,10.879899978637695,778.0
2023-06-16 15:11:00,XEL,64.05999755859375,64.05999755859375,64.1050033569336,64.05500030517578,64.0999984741211,9801.0
2023-06-16 15:12:00,ADN,0.6949999928474426,0.6949999928474426,0.6949999928474426,0.6949999928474426,0.6949999928474426,120.0
2023-06-16 15:12:00,AEP,84.94000244140625,84.94000244140625,84.95500183105469,84.91999816894531,84.93000030517578,4393.0
2023-06-16 15:12:00,AY,23.93000030517578,23.93000030517578,23.950000762939453,23.93000030517578,23.93000030517578,933.0
2023-06-16 15:12:00,BNRG,0.9700000286102295,0.9700000286102295,0.9700000286102295,0.9700000286102295,0.9700000286102295,767.0
2023-06-16 15:12:00,CDZI,4.340000152587891,4.340000152587891,4.342700004577637,4.320000171661377,4.329999923706055,5885.0
2023-06-16 15:12:00,CEG,93.12000274658203,93.12000274658203,93.13500213623047,93.12000274658203,93.12999725341797,4414.0
2023-06-16 15:12:00,EXC,41.244998931884766,41.244998931884766,41.255001068115234,41.2400016784668,41.244998931884766,16348.0
2023-06-16 15:12:00,FLNC,26.219999313354492,26.219999313354492,26.2549991607666,26.219999313354492,26.25,1181.0
2023-06-16 15:12:00,LNT,53.88999938964844,53.88999938964844,53.88999938964844,53.8650016784668,53.8650016784668,1707.0
2023-06-16 15:12:00,MNTK,7.0,7.0,7.0,7.0,7.0,180.0
2023-06-16 15:12:00,NFE,30.0,30.0,30.010000228881836,29.979999542236328,30.010000228881836,2170.0
2023-06-16 15:12:00,RNW,6.074999809265137,6.074999809265137,6.074999809265137,6.065000057220459,6.065000057220459,4942.0
2023-06-16 15:12:00,XEL,64.06999969482422,64.06999969482422,64.07499694824219,64.05999755859375,64.05999755859375,6812.0
2023-06-16 15:13:00,ADN,0.6949999928474426,0.6949999928474426,0.6949999928474426,0.6949999928474426,0.6949999928474426,416.0
2023-06-16 15:13:00,AEP,84.9000015258789,84.9000015258789,84.94000244140625,84.9000015258789,84.94000244140625,3884.0
2023-06-16 15:13:00,AY,23.94179916381836,23.94179916381836,23.94179916381836,23.94179916381836,23.94179916381836,1080.0
2023-06-16 15:13:00,CDZI,4.335000038146973,4.335000038146973,4.335000038146973,4.335000038146973,4.335000038146973,100.0
2023-06-16 15:13:00,CEG,93.06999969482422,93.06999969482422,93.11000061035156,93.06999969482422,93.11000061035156,3379.0
2023-06-16 15:13:00,CREG,2.0,2.0,2.0,2.0,2.0,412.0
2023-06-16 15:13:00,EXC,41.209999084472656,41.209999084472656,41.244998931884766,41.20500183105469,41.2400016784668,7470.0
2023-06-16 15:13:00,LNT,53.85499954223633,53.85499954223633,53.8849983215332,53.85499954223633,53.8849983215332,1539.0
2023-06-16 15:13:00,MNTK,7.010000228881836,7.010000228881836,7.014999866485596,6.989999771118164,7.0,9013.0
2023-06-16 15:13:00,NFE,29.989999771118164,29.989999771118164,30.0,29.989999771118164,30.0,3595.0
2023-06-16 15:13:00,NWE,58.869998931884766,58.869998931884766,58.875,58.869998931884766,58.869998931884766,578.0
2023-06-16 15:13:00,OTTR,75.16000366210938,75.16000366210938,75.16000366210938,75.16000366210938,75.16000366210938,704.0
2023-06-16 15:13:00,RNW,6.059999942779541,6.059999942779541,6.070000171661377,6.039999961853027,6.070000171661377,21762.0
2023-06-16 15:13:00,XEL,64.04000091552734,64.04000091552734,64.07499694824219,64.03500366210938,64.06999969482422,3242.0
2023-06-16 15:13:00,YORW,42.939998626708984,42.939998626708984,42.939998626708984,42.939998626708984,42.939998626708984,702.0
2023-06-16 15:14:00,AEP,84.87999725341797,84.87999725341797,84.91000366210938,84.87999725341797,84.8949966430664,3804.0
2023-06-16 15:14:00,AEPPZ,49.310001373291016,49.310001373291016,49.310001373291016,49.310001373291016,49.310001373291016,100.0
2023-06-16 15:14:00,AY,23.93000030517578,23.93000030517578,23.93000030517578,23.93000030517578,23.93000030517578,1706.0
2023-06-16 15:14:00,CDZI,4.320000171661377,4.320000171661377,4.329999923706055,4.320000171661377,4.329999923706055,935.0
2023-06-16 15:14:00,CEG,93.01000213623047,93.01000213623047,93.06999969482422,93.01000213623047,93.05999755859375,3971.0
2023-06-16 15:14:00,CWCO,22.280000686645508,22.280000686645508,22.290000915527344,22.280000686645508,22.290000915527344,536.0
2023-06-16 15:14:00,EXC,41.21500015258789,41.21500015258789,41.21500015258789,41.20500183105469,41.20500183105469,8709.0
2023-06-16 15:14:00,FLNC,26.200000762939453,26.200000762939453,26.229999542236328,26.200000762939453,26.211999893188477,2472.0
2023-06-16 15:14:00,LNT,53.849998474121094,53.849998474121094,53.849998474121094,53.83000183105469,53.849998474121094,1498.0
2023-06-16 15:14:00,MNTK,7.010000228881836,7.010000228881836,7.010000228881836,7.010000228881836,7.010000228881836,415.0
2023-06-16 15:14:00,MSEX,82.6500015258789,82.6500015258789,82.6500015258789,82.6500015258789,82.6500015258789,240.0
2023-06-16 15:14:00,NFE,30.010000228881836,30.010000228881836,30.010000228881836,30.0,30.0,979.0
2023-06-16 15:14:00,NWE,58.845001220703125,58.845001220703125,58.86000061035156,58.845001220703125,58.86000061035156,1029.0
2023-06-16 15:14:00,PCYO,10.640000343322754,10.640000343322754,10.640000343322754,10.640000343322754,10.640000343322754,248.0
2023-06-16 15:14:00,RNW,6.050000190734863,6.050000190734863,6.065000057220459,6.050000190734863,6.059999942779541,3989.0
2023-06-16 15:14:00,XEL,63.9900016784668,63.9900016784668,64.04499816894531,63.9900016784668,64.04000091552734,7358.0
2023-06-16 15:15:00,ADN,0.6949999928474426,0.6949999928474426,0.6949999928474426,0.6949999928474426,0.6949999928474426,300.0
2023-06-16 15:15:00,AEP,84.87999725341797,84.87999725341797,84.88999938964844,84.86000061035156,84.875,5015.0
2023-06-16 15:15:00,AY,23.915000915527344,23.915000915527344,23.920000076293945,23.915000915527344,23.920000076293945,565.0
2023-06-16 15:15:00,CEG,93.02999877929688,93.02999877929688,93.04000091552734,93.0199966430664,93.0199966430664,4921.0
2023-06-16 15:15:00,CWCO,22.299999237060547,22.299999237060547,22.299999237060547,22.299999237060547,22.299999237060547,892.0
2023-06-16 15:15:00,EXC,41.220001220703125,41.220001220703125,41.224998474121094,41.20000076293945,41.21500015258789,18248.0
2023-06-16 15:15:00,FLNC,26.20989990234375,26.20989990234375,26.20989990234375,26.190000534057617,26.190000534057617,1094.0
2023-06-16 15:15:00,LNT,53.83000183105469,53.83000183105469,53.834999084472656,53.810001373291016,53.83000183105469,3248.0
2023-06-16 15:15:00,MNTK,7.0,7.0,7.0,7.0,7.0,1221.0
2023-06-16 15:15:00,MSEX,82.73999786376953,82.73999786376953,82.73999786376953,82.69999694824219,82.69999694824219,1140.0
2023-06-16 15:15:00,NFE,30.0,30.0,30.0,29.9950008392334,30.0,2021.0
2023-06-16 15:15:00,NWE,58.834999084472656,58.834999084472656,58.834999084472656,58.834999084472656,58.834999084472656,787.0
2023-06-16 15:15:00,RNW,6.034999847412109,6.034999847412109,6.039999961853027,6.034999847412109,6.039999961853027,1449.0
2023-06-16 15:15:00,XEL,64.00700378417969,64.00700378417969,64.01000213623047,63.9900016784668,63.9900016784668,8749.0
2023-06-16 15:16:00,ADN,0.6949999928474426,0.6949999928474426,0.6972000002861023,0.6949999928474426,0.6970999836921692,2500.0
2023-06-16 15:16:00,AEP,84.83000183105469,84.83000183105469,84.87000274658203,84.81999969482422,84.87000274658203,4830.0
2023-06-16 15:16:00,AEPPZ,49.29999923706055,49.29999923706055,49.29999923706055,49.29999923706055,49.29999923706055,161.0
2023-06-16 15:16:00,ARTNA,49.5,49.5,49.564998626708984,49.5,49.564998626708984,575.0
2023-06-16 15:16:00,AY,23.90999984741211,23.90999984741211,23.915000915527344,23.90999984741211,23.915000915527344,760.0
2023-06-16 15:16:00,CDZI,4.329999923706055,4.329999923706055,4.329999923706055,4.329999923706055,4.329999923706055,293.0
2023-06-16 15:16:00,CEG,92.9749984741211,92.9749984741211,93.0199966430664,92.94999694824219,93.0199966430664,5373.0
2023-06-16 15:16:00,EXC,41.17499923706055,41.17499923706055,41.21500015258789,41.16999816894531,41.21500015258789,13877.0
2023-06-16 15:16:00,FLNC,26.18000030517578,26.18000030517578,26.205799102783203,26.18000030517578,26.205799102783203,982.0
2023-06-16 15:16:00,LNT,53.810001373291016,53.810001373291016,53.814998626708984,53.790000915527344,53.814998626708984,3366.0
2023-06-16 15:16:00,MNTK,7.0,7.0,7.0,6.989999771118164,6.989999771118164,7757.0
2023-06-16 15:16:00,MSEX,82.63749694824219,82.63749694824219,82.6500015258789,82.63749694824219,82.6500015258789,642.0
2023-06-16 15:16:00,NFE,29.989999771118164,29.989999771118164,29.989999771118164,29.979999542236328,29.989999771118164,1271.0
2023-06-16 15:16:00,NWE,58.78499984741211,58.78499984741211,58.81999969482422,58.78499984741211,58.81999969482422,386.0
2023-06-16 15:16:00,OTTR,75.13999938964844,75.13999938964844,75.13999938964844,75.08999633789062,75.08999633789062,930.0
2023-06-16 15:16:00,RNW,6.045000076293945,6.045000076293945,6.045000076293945,6.039999961853027,6.039999961853027,25865.0
2023-06-16 15:16:00,VIA,10.821800231933594,10.821800231933594,10.850000381469727,10.821800231933594,10.850000381469727,232.0
2023-06-16 15:16:00,XEL,63.970001220703125,63.970001220703125,63.9900016784668,63.94499969482422,63.9900016784668,10389.0
2023-06-16 15:16:00,YORW,42.91999816894531,42.91999816894531,42.91999816894531,42.91999816894531,42.91999816894531,1069.0
2023-06-16 15:17:00,ADN,0.6906999945640564,0.6906999945640564,0.6949999928474426,0.6905999779701233,0.6949999928474426,3496.0
2023-06-16 15:17:00,AEP,84.82369995117188,84.82369995117188,84.82369995117188,84.80000305175781,84.81999969482422,3413.0
2023-06-16 15:17:00,ARTNA,49.39500045776367,49.39500045776367,49.5,49.39500045776367,49.5,625.0
2023-06-16 15:17:00,AY,23.90999984741211,23.90999984741211,23.90999984741211,23.899999618530273,23.899999618530273,1881.0
2023-06-16 15:17:00,CEG,92.98999786376953,92.98999786376953,92.98999786376953,92.9749984741211,92.9749984741211,2654.0
2023-06-16 15:17:00,CREG,2.0,2.0,2.0,2.0,2.0,144.0
2023-06-16 15:17:00,EXC,41.17499923706055,41.17499923706055,41.18000030517578,41.16999816894531,41.18000030517578,10580.0
2023-06-16 15:17:00,FLNC,26.19499969482422,26.19499969482422,26.206199645996094,26.170000076293945,26.18000030517578,1973.0
2023-06-16 15:17:00,LNT,53.80500030517578,53.80500030517578,53.80500030517578,53.790000915527344,53.79999923706055,2592.0
2023-06-16 15:17:00,MNTK,7.045000076293945,7.045000076293945,7.045000076293945,7.0,7.0,6609.0
2023-06-16 15:17:00,NFE,30.014999389648438,30.014999389648438,30.014999389648438,29.989999771118164,29.9950008392334,2295.0
2023-06-16 15:17:00,NWE,58.779998779296875,58.779998779296875,58.779998779296875,58.7599983215332,58.77000045776367,655.0
2023-06-16 15:17:00,RNW,6.025000095367432,6.025000095367432,6.039999961853027,6.014999866485596,6.039999961853027,13826.0
2023-06-16 15:17:00,VIA,10.729999542236328,10.729999542236328,10.819999694824219,10.725000381469727,10.819999694824219,4277.0
2023-06-16 15:17:00,XEL,63.94499969482422,63.94499969482422,63.96500015258789,63.935001373291016,63.959999084472656,5706.0
2023-06-16 15:18:00,ADN,0.6905999779701233,0.6905999779701233,0.6905999779701233,0.6905999779701233,0.6905999779701233,101.0
2023-06-16 15:18:00,AEP,84.81999969482422,84.81999969482422,84.81999969482422,84.79499816894531,84.81999969482422,4707.0
2023-06-16 15:18:00,AY,23.905000686645508,23.905000686645508,23.905000686645508,23.905000686645508,23.905000686645508,306.0
2023-06-16 15:18:00,CDZI,4.320000171661377,4.320000171661377,4.320000171661377,4.320000171661377,4.320000171661377,1176.0
2023-06-16 15:18:00,CEG,93.0199966430664,93.0199966430664,93.02999877929688,92.96499633789062,92.98999786376953,37309.0
2023-06-16 15:18:00,EXC,41.16999816894531,41.16999816894531,41.16999816894531,41.15999984741211,41.16999816894531,9963.0
2023-06-16 15:18:00,FLNC,26.19499969482422,26.19499969482422,26.19499969482422,26.18000030517578,26.18000030517578,959.0
2023-06-16 15:18:00,LNT,53.810001373291016,53.810001373291016,53.810001373291016,53.790000915527344,53.80500030517578,2904.0
2023-06-16 15:18:00,MNTK,7.039999961853027,7.039999961853027,7.039999961853027,7.039999961853027,7.039999961853027,300.0
2023-06-16 15:18:00,NFE,30.0049991607666,30.0049991607666,30.010000228881836,30.0049991607666,30.010000228881836,1188.0
2023-06-16 15:18:00,NWE,58.75,58.75,58.779998779296875,58.7400016784668,58.779998779296875,1807.0
2023-06-16 15:18:00,RNW,6.034999847412109,6.034999847412109,6.034999847412109,6.025000095367432,6.025000095367432,3489.0
2023-06-16 15:18:00,VIA,10.819899559020996,10.819899559020996,10.819899559020996,10.819899559020996,10.819899559020996,300.0
2023-06-16 15:18:00,XEL,63.95000076293945,63.95000076293945,63.95000076293945,63.93000030517578,63.939998626708984,3862.0
2023-06-16 15:19:00,AEP,84.87000274658203,84.87000274658203,84.87000274658203,84.83000183105469,84.83000183105469,3489.0
2023-06-16 15:19:00,AY,23.915000915527344,23.915000915527344,23.915000915527344,23.905000686645508,23.905000686645508,1684.0
2023-06-16 15:19:00,CEG,93.13970184326172,93.13970184326172,93.1500015258789,93.02200317382812,93.02999877929688,8694.0
2023-06-16 15:19:00,CWCO,22.309799194335938,22.309799194335938,22.309900283813477,22.299999237060547,22.299999237060547,771.0
2023-06-16 15:19:00,EXC,41.19499969482422,41.19499969482422,41.1963005065918,41.165000915527344,41.16999816894531,12148.0
2023-06-16 15:19:00,FLNC,26.229999542236328,26.229999542236328,26.229999542236328,26.204999923706055,26.209999084472656,6267.0
2023-06-16 15:19:00,GWRS,12.399999618530273,12.399999618530273,12.399999618530273,12.399999618530273,12.399999618530273,3212.0
2023-06-16 15:19:00,LNT,53.8650016784668,53.8650016784668,53.8650016784668,53.81999969482422,53.81999969482422,2768.0
2023-06-16 15:19:00,MGEE,78.87000274658203,78.87000274658203,78.87000274658203,78.87000274658203,78.87000274658203,184.0
2023-06-16 15:19:00,MNTK,7.039999961853027,7.039999961853027,7.039999961853027,7.03000020980835,7.03000020980835,2296.0
2023-06-16 15:19:00,NFE,30.0,30.0,30.010000228881836,29.989999771118164,30.010000228881836,2973.0
2023-06-16 15:19:00,NWE,58.84000015258789,58.84000015258789,58.84000015258789,58.77000045776367,58.77000045776367,2271.0
2023-06-16 15:19:00,RNW,6.010000228881836,6.010000228881836,6.03000020980835,6.0,6.03000020980835,13575.0
2023-06-16 15:19:00,XEL,64.0,64.0,64.0,63.95000076293945,63.95000076293945,10848.0
2023-06-16 15:20:00,ADN,0.6906999945640564,0.6906999945640564,0.6906999945640564,0.6905999779701233,0.6905999779701233,301.0
2023-06-16 15:20:00,AEP,84.91000366210938,84.91000366210938,84.91000366210938,84.87000274658203,84.87000274658203,4078.0
2023-06-16 15:20:00,AEPPZ,49.310001373291016,49.310001373291016,49.310001373291016,49.310001373291016,49.310001373291016,315.0
2023-06-16 15:20:00,ARTNA,49.27000045776367,49.27000045776367,49.42499923706055,49.27000045776367,49.42499923706055,766.0
2023-06-16 15:20:00,AY,23.934999465942383,23.934999465942383,23.940000534057617,23.915000915527344,23.915000915527344,2165.0
2023-06-16 15:20:00,CEG,93.28500366210938,93.28500366210938,93.28500366210938,93.1500015258789,93.1500015258789,1322.0
2023-06-16 15:20:00,CWCO,22.309999465942383,22.309999465942383,22.309999465942383,22.309999465942383,22.309999465942383,164.0
2023-06-16 15:20:00,EXC,41.21500015258789,41.21500015258789,41.220001220703125,41.20000076293945,41.20000076293945,10594.0
2023-06-16 15:20:00,FLNC,26.219999313354492,26.219999313354492,26.237499237060547,26.219999313354492,26.235000610351562,1301.0
2023-06-16 15:20:00,GWRS,12.40999984741211,12.40999984741211,12.40999984741211,12.40999984741211,12.40999984741211,209.0
2023-06-16 15:20:00,LNT,53.8849983215332,53.8849983215332,53.88999938964844,53.8650016784668,53.8650016784668,3463.0
2023-06-16 15:20:00,MNTK,7.039999961853027,7.039999961853027,7.039999961853027,7.03000020980835,7.03000020980835,1235.0
2023-06-16 15:20:00,MSEX,82.69999694824219,82.69999694824219,82.69999694824219,82.69999694824219,82.69999694824219,419.0
2023-06-16 15:20:00,NFE,30.049999237060547,30.049999237060547,30.049999237060547,30.010000228881836,30.010000228881836,2792.0
2023-06-16 15:20:00,NWE,58.88999938964844,58.88999938964844,58.88999938964844,58.86000061035156,58.86000061035156,519.0
2023-06-16 15:20:00,OPAL,6.611000061035156,6.611000061035156,6.679900169372559,6.611000061035156,6.659999847412109,2490.0
2023-06-16 15:20:00,OTTR,75.12000274658203,75.12000274658203,75.12000274658203,75.12000274658203,75.12000274658203,304.0
2023-06-16 15:20:00,RNW,6.025000095367432,6.025000095367432,6.025000095367432,6.014999866485596,6.014999866485596,1246.0
2023-06-16 15:20:00,XEL,64.01000213623047,64.01000213623047,64.0199966430664,64.00499725341797,64.00499725341797,6539.0
2023-06-16 15:21:00,ADN,0.6909999847412109,0.6909999847412109,0.6909999847412109,0.6909999847412109,0.6909999847412109,100.0
2023-06-16 15:21:00,AEP,84.91999816894531,84.91999816894531,84.93000030517578,84.89900207519531,84.89900207519531,4915.0
2023-06-16 15:21:00,AY,23.924999237060547,23.924999237060547,23.93000030517578,23.924999237060547,23.93000030517578,306.0
2023-06-16 15:21:00,CDZI,4.309999942779541,4.309999942779541,4.309999942779541,4.309999942779541,4.309999942779541,200.0
2023-06-16 15:21:00,CEG,93.26499938964844,93.26499938964844,93.33000183105469,93.26000213623047,93.27999877929688,6760.0
2023-06-16 15:21:00,CWCO,22.309999465942383,22.309999465942383,22.309999465942383,22.309999465942383,22.309999465942383,585.0
2023-06-16 15:21:00,EXC,41.224998474121094,41.224998474121094,41.23500061035156,41.21500015258789,41.21500015258789,20039.0
2023-06-16 15:21:00,FLNC,26.229999542236328,26.229999542236328,26.229999542236328,26.229999542236328,26.229999542236328,590.0
2023-06-16 15:21:00,LNT,53.880001068115234,53.880001068115234,53.88999938964844,53.869998931884766,53.88999938964844,3059.0
2023-06-16 15:21:00,MNTK,7.034999847412109,7.034999847412109,7.039999961853027,7.03000020980835,7.034999847412109,7056.0
2023-06-16 15:21:00,NFE,30.030000686645508,30.030000686645508,30.049999237060547,30.020000457763672,30.049999237060547,2208.0
2023-06-16 15:21:00,NWE,58.900001525878906,58.900001525878906,58.900001525878906,58.88999938964844,58.88999938964844,898.0
2023-06-16 15:21:00,OPAL,6.619999885559082,6.619999885559082,6.619999885559082,6.619999885559082,6.619999885559082,368.0
2023-06-16 15:21:00,OTTR,75.13999938964844,75.13999938964844,75.13999938964844,75.12999725341797,75.12999725341797,718.0
2023-06-16 15:21:00,RNW,6.010000228881836,6.010000228881836,6.019999980926514,6.010000228881836,6.019999980926514,3092.0
2023-06-16 15:21:00,XEL,64.01000213623047,64.01000213623047,64.04000091552734,64.01000213623047,64.01000213623047,5188.0
2023-06-16 15:22:00,ADN,0.6909999847412109,0.6909999847412109,0.6993989944458008,0.6909999847412109,0.6993989944458008,4000.0
2023-06-16 15:22:00,AEP,84.90499877929688,84.90499877929688,84.91999816894531,84.90499877929688,84.91999816894531,2636.0
2023-06-16 15:22:00,AY,23.90999984741211,23.90999984741211,23.920000076293945,23.90999984741211,23.920000076293945,1060.0
2023-06-16 15:22:00,CDZI,4.320000171661377,4.320000171661377,4.320000171661377,4.320000171661377,4.320000171661377,134.0
2023-06-16 15:22:00,CEG,93.30000305175781,93.30000305175781,93.30999755859375,93.26499938964844,93.26499938964844,3008.0
2023-06-16 15:22:00,EXC,41.224998474121094,41.224998474121094,41.22999954223633,41.220001220703125,41.22999954223633,5897.0
2023-06-16 15:22:00,FLNC,26.190000534057617,26.190000534057617,26.229999542236328,26.190000534057617,26.209999084472656,1673.0
2023-06-16 15:22:00,GWRS,12.399999618530273,12.399999618530273,12.399999618530273,12.399999618530273,12.399999618530273,116.0
2023-06-16 15:22:00,LNT,53.869998931884766,53.869998931884766,53.880001068115234,53.869998931884766,53.880001068115234,926.0
2023-06-16 15:22:00,MGEE,78.88500213623047,78.88500213623047,78.88500213623047,78.88500213623047,78.88500213623047,191.0
2023-06-16 15:22:00,MNTK,7.034999847412109,7.034999847412109,7.034999847412109,7.034999847412109,7.034999847412109,207.0
2023-06-16 15:22:00,MSEX,82.66000366210938,82.66000366210938,82.66000366210938,82.66000366210938,82.66000366210938,346.0
2023-06-16 15:22:00,NFE,30.010000228881836,30.010000228881836,30.040000915527344,30.010000228881836,30.040000915527344,1555.0
2023-06-16 15:22:00,NWE,58.86000061035156,58.86000061035156,58.86000061035156,58.86000061035156,58.86000061035156,971.0
2023-06-16 15:22:00,OTTR,75.1500015258789,75.1500015258789,75.1500015258789,75.1500015258789,75.1500015258789,266.0
2023-06-16 15:22:00,RNW,5.989999771118164,5.989999771118164,6.010000228881836,5.989999771118164,6.010000228881836,3733.0
2023-06-16 15:22:00,VIA,10.720000267028809,10.720000267028809,10.720000267028809,10.720000267028809,10.720000267028809,100.0
2023-06-16 15:22:00,XEL,63.97999954223633,63.97999954223633,64.01000213623047,63.97999954223633,64.01000213623047,4476.0
2023-06-16 15:23:00,ADN,0.6919999718666077,0.6919999718666077,0.6919999718666077,0.6919999718666077,0.6919999718666077,900.0
2023-06-16 15:23:00,AEP,84.91999816894531,84.91999816894531,84.91999816894531,84.8949966430664,84.9000015258789,4501.0
2023-06-16 15:23:00,AY,23.920000076293945,23.920000076293945,23.920000076293945,23.90999984741211,23.90999984741211,1140.0
2023-06-16 15:23:00,CDZI,4.309999942779541,4.309999942779541,4.309999942779541,4.309999942779541,4.309999942779541,714.0
2023-06-16 15:23:00,CEG,93.38999938964844,93.38999938964844,93.38999938964844,93.30500030517578,93.31990051269531,6105.0
2023-06-16 15:23:00,EXC,41.244998931884766,41.244998931884766,41.25,41.21500015258789,41.224998474121094,15567.0
2023-06-16 15:23:00,FLNC,26.190000534057617,26.190000534057617,26.190000534057617,26.190000534057617,26.190000534057617,225.0
2023-06-16 15:23:00,HTOO,2.2195000648498535,2.2195000648498535,2.2195000648498535,2.2195000648498535,2.2195000648498535,1138.0
2023-06-16 15:23:00,LNT,53.900001525878906,53.900001525878906,53.900001525878906,53.8650016784668,53.869998931884766,3560.0
2023-06-16 15:23:00,MNTK,7.005000114440918,7.005000114440918,7.03000020980835,7.0,7.03000020980835,3715.0
2023-06-16 15:23:00,NFE,30.014999389648438,30.014999389648438,30.014999389648438,30.010000228881836,30.010000228881836,726.0
2023-06-16 15:23:00,NWE,58.91999816894531,58.91999816894531,58.91999816894531,58.86000061035156,58.86000061035156,404.0
2023-06-16 15:23:00,RNW,5.994999885559082,5.994999885559082,5.994999885559082,5.985000133514404,5.985000133514404,2299.0
2023-06-16 15:23:00,VIA,10.770000457763672,10.770000457763672,10.770000457763672,10.770000457763672,10.770000457763672,150.0
2023-06-16 15:23:00,XEL,64.02999877929688,64.02999877929688,64.02999877929688,63.97999954223633,63.97999954223633,8388.0
2023-06-16 15:24:00,ADN,0.6919999718666077,0.6919999718666077,0.6919999718666077,0.6919999718666077,0.6919999718666077,100.0
2023-06-16 15:24:00,AEP,84.88999938964844,84.88999938964844,84.94080352783203,84.88999938964844,84.93900299072266,5546.0
2023-06-16 15:24:00,ARTNA,49.22999954223633,49.22999954223633,49.33000183105469,49.22999954223633,49.33000183105469,261.0
2023-06-16 15:24:00,AY,23.920000076293945,23.920000076293945,23.929899215698242,23.915000915527344,23.918699264526367,2390.0
2023-06-16 15:24:00,CDZI,4.309999942779541,4.309999942779541,4.309999942779541,4.309999942779541,4.309999942779541,511.0
2023-06-16 15:24:00,CEG,93.36499786376953,93.36499786376953,93.4000015258789,93.36499786376953,93.4000015258789,2371.0
2023-06-16 15:24:00,CWCO,22.270000457763672,22.270000457763672,22.280000686645508,22.270000457763672,22.280000686645508,933.0
2023-06-16 15:24:00,EXC,41.224998474121094,41.224998474121094,41.25,41.220001220703125,41.25,10415.0
2023-06-16 15:24:00,FLNC,26.200000762939453,26.200000762939453,26.209999084472656,26.17970085144043,26.190000534057617,6445.0
2023-06-16 15:24:00,LNT,53.89500045776367,53.89500045776367,53.89500045776367,53.880001068115234,53.89500045776367,2489.0
2023-06-16 15:24:00,MNTK,7.014999866485596,7.014999866485596,7.019999980926514,7.005000114440918,7.005000114440918,4522.0
2023-06-16 15:24:00,NFE,30.020000457763672,30.020000457763672,30.024999618530273,30.014999389648438,30.014999389648438,2442.0
2023-06-16 15:24:00,NWE,58.939998626708984,58.939998626708984,58.939998626708984,58.91999816894531,58.91999816894531,538.0
2023-06-16 15:24:00,PCYO,10.590100288391113,10.590100288391113,10.609999656677246,10.590100288391113,10.609999656677246,664.0
2023-06-16 15:24:00,RNW,5.994999885559082,5.994999885559082,5.994999885559082,5.994999885559082,5.994999885559082,490.0
2023-06-16 15:24:00,VIA,10.729999542236328,10.729999542236328,10.729999542236328,10.729999542236328,10.729999542236328,563.0
2023-06-16 15:24:00,XEL,64.0199966430664,64.0199966430664,64.03500366210938,63.994998931884766,64.02999877929688,6530.0
2023-06-16 15:25:00,ADN,0.6909999847412109,0.6909999847412109,0.6919999718666077,0.6909999847412109,0.6919999718666077,230.0
2023-06-16 15:25:00,AEP,84.84500122070312,84.84500122070312,84.87999725341797,84.83999633789062,84.87999725341797,2749.0
2023-06-16 15:25:00,AEPPZ,49.310001373291016,49.310001373291016,49.310001373291016,49.310001373291016,49.310001373291016,116.0
2023-06-16 15:25:00,ARTNA,49.18000030517578,49.18000030517578,49.25,49.18000030517578,49.25,323.0
2023-06-16 15:25:00,AY,23.93000030517578,23.93000030517578,23.93000030517578,23.928699493408203,23.93000030517578,1616.0
2023-06-16 15:25:00,CDZI,4.309999942779541,4.309999942779541,4.309999942779541,4.304999828338623,4.304999828338623,1141.0
2023-06-16 15:25:00,CEG,93.3550033569336,93.3550033569336,93.3550033569336,93.33000183105469,93.3499984741211,2651.0
2023-06-16 15:25:00,EXC,41.20000076293945,41.20000076293945,41.224998474121094,41.20000076293945,41.224998474121094,11181.0
2023-06-16 15:25:00,FLNC,26.21500015258789,26.21500015258789,26.235000610351562,26.209999084472656,26.219999313354492,1862.0
2023-06-16 15:25:00,GWRS,12.399999618530273,12.399999618530273,12.399999618530273,12.399999618530273,12.399999618530273,167.0
2023-06-16 15:25:00,LNT,53.880001068115234,53.880001068115234,53.89500045776367,53.880001068115234,53.89500045776367,6058.0
2023-06-16 15:25:00,MNTK,7.005000114440918,7.005000114440918,7.010000228881836,7.005000114440918,7.010000228881836,1675.0
2023-06-16 15:25:00,MSEX,82.63999938964844,82.63999938964844,82.63999938964844,82.63999938964844,82.63999938964844,372.0
2023-06-16 15:25:00,NFE,30.020000457763672,30.020000457763672,30.020000457763672,30.020000457763672,30.020000457763672,1100.0
2023-06-16 15:25:00,NWE,58.880001068115234,58.880001068115234,58.91999816894531,58.880001068115234,58.91999816894531,1476.0
2023-06-16 15:25:00,OTTR,75.125,75.125,75.13999938964844,75.11000061035156,75.13999938964844,1529.0
2023-06-16 15:25:00,PCYO,10.609999656677246,10.609999656677246,10.609999656677246,10.609999656677246,10.609999656677246,245.0
2023-06-16 15:25:00,RGCO,21.424999237060547,21.424999237060547,21.424999237060547,21.424999237060547,21.424999237060547,615.0
2023-06-16 15:25:00,RNW,5.994999885559082,5.994999885559082,6.010000228881836,5.989999771118164,5.994999885559082,11415.0
2023-06-16 15:25:00,XEL,63.970001220703125,63.970001220703125,64.01000213623047,63.96500015258789,64.01000213623047,7993.0
2023-06-16 15:26:00,ADN,0.6909999847412109,0.6909999847412109,0.6909999847412109,0.6909999847412109,0.6909999847412109,100.0
2023-06-16 15:26:00,AEP,84.83999633789062,84.83999633789062,84.86000061035156,84.83000183105469,84.83000183105469,7435.0
2023-06-16 15:26:00,AY,23.93000030517578,23.93000030517578,23.93000030517578,23.93000030517578,23.93000030517578,455.0
2023-06-16 15:26:00,CDZI,4.320000171661377,4.320000171661377,4.320000171661377,4.315000057220459,4.320000171661377,2303.0
2023-06-16 15:26:00,CEG,93.36000061035156,93.36000061035156,93.4000015258789,93.3550033569336,93.3550033569336,3719.0
2023-06-16 15:26:00,CWCO,22.229999542236328,22.229999542236328,22.229999542236328,22.229999542236328,22.229999542236328,336.0
2023-06-16 15:26:00,EXC,41.19499969482422,41.19499969482422,41.20500183105469,41.19499969482422,41.20000076293945,8939.0
2023-06-16 15:26:00,FLNC,26.239999771118164,26.239999771118164,26.239999771118164,26.225000381469727,26.225000381469727,650.0
2023-06-16 15:26:00,LNT,53.86000061035156,53.86000061035156,53.88999938964844,53.86000061035156,53.869998931884766,6947.0
2023-06-16 15:26:00,MGEE,78.95999908447266,78.95999908447266,78.95999908447266,78.95999908447266,78.95999908447266,133.0
2023-06-16 15:26:00,MNTK,7.005000114440918,7.005000114440918,7.010000228881836,7.005000114440918,7.010000228881836,553.0
2023-06-16 15:26:00,NFE,30.010000228881836,30.010000228881836,30.024999618530273,30.0,30.024999618530273,3398.0
2023-06-16 15:26:00,NWE,58.86000061035156,58.86000061035156,58.90999984741211,58.86000061035156,58.880001068115234,3634.0
2023-06-16 15:26:00,OTTR,75.16999816894531,75.16999816894531,75.16999816894531,75.16999816894531,75.16999816894531,266.0
2023-06-16 15:26:00,RNW,5.985000133514404,5.985000133514404,5.989999771118164,5.985000133514404,5.989999771118164,1836.0
2023-06-16 15:26:00,XEL,63.959999084472656,63.959999084472656,63.970001220703125,63.95000076293945,63.959999084472656,12850.0
2023-06-16 15:27:00,ADN,0.6909999847412109,0.6909999847412109,0.6966999769210815,0.6909999847412109,0.6966999769210815,260.0
2023-06-16 15:27:00,AEP,84.80000305175781,84.80000305175781,84.8499984741211,84.79000091552734,84.83999633789062,5516.0
2023-06-16 15:27:00,AY,23.918899536132812,23.918899536132812,23.93000030517578,23.918899536132812,23.93000030517578,1932.0
2023-06-16 15:27:00,CEG,93.3479995727539,93.3479995727539,93.3499984741211,93.33999633789062,93.33999633789062,851.0
2023-06-16 15:27:00,EXC,41.185001373291016,41.185001373291016,41.20000076293945,41.16999816894531,41.20000076293945,8482.0
2023-06-16 15:27:00,FLNC,26.237300872802734,26.237300872802734,26.237300872802734,26.225000381469727,26.225000381469727,948.0
2023-06-16 15:27:00,LNT,53.849998474121094,53.849998474121094,53.875,53.84000015258789,53.869998931884766,3985.0
2023-06-16 15:27:00,MGEE,78.8949966430664,78.8949966430664,78.8949966430664,78.8949966430664,78.8949966430664,125.0
2023-06-16 15:27:00,MNTK,7.005000114440918,7.005000114440918,7.005000114440918,7.005000114440918,7.005000114440918,473.0
2023-06-16 15:27:00,NFE,30.014999389648438,30.014999389648438,30.014999389648438,30.014999389648438,30.014999389648438,369.0
2023-06-16 15:27:00,NWE,58.84000015258789,58.84000015258789,58.84000015258789,58.84000015258789,58.84000015258789,138.0
2023-06-16 15:27:00,OTTR,75.16999816894531,75.16999816894531,75.18000030517578,75.16999816894531,75.18000030517578,739.0
2023-06-16 15:27:00,RNW,5.985000133514404,5.985000133514404,5.985000133514404,5.985000133514404,5.985000133514404,2202.0
2023-06-16 15:27:00,XEL,63.91999816894531,63.91999816894531,63.96500015258789,63.91999816894531,63.95000076293945,7081.0
2023-06-16 15:28:00,AEP,84.7699966430664,84.7699966430664,84.80999755859375,84.7699966430664,84.80999755859375,3990.0
2023-06-16 15:28:00,AY,23.899999618530273,23.899999618530273,23.90999984741211,23.899999618530273,23.90999984741211,1158.0
2023-06-16 15:28:00,CEG,93.30000305175781,93.30000305175781,93.3550033569336,93.30000305175781,93.3550033569336,4268.0
2023-06-16 15:28:00,CREG,2.0,2.0,2.0,2.0,2.0,100.0
2023-06-16 15:28:00,CWCO,22.219999313354492,22.219999313354492,22.219999313354492,22.219999313354492,22.219999313354492,736.0
2023-06-16 15:28:00,EXC,41.18000030517578,41.18000030517578,41.18119812011719,41.15999984741211,41.18000030517578,10916.0
2023-06-16 15:28:00,FLNC,26.235000610351562,26.235000610351562,26.239999771118164,26.209999084472656,26.225000381469727,1828.0
2023-06-16 15:28:00,LNT,53.83000183105469,53.83000183105469,53.86000061035156,53.83000183105469,53.85499954223633,4049.0
2023-06-16 15:28:00,MNTK,7.0,7.0,7.0,7.0,7.0,3929.0
2023-06-16 15:28:00,MSEX,82.55999755859375,82.55999755859375,82.55999755859375,82.55999755859375,82.55999755859375,239.0
2023-06-16 15:28:00,NFE,30.020000457763672,30.020000457763672,30.020000457763672,30.010000228881836,30.014999389648438,2220.0
2023-06-16 15:28:00,NWE,58.80500030517578,58.80500030517578,58.84000015258789,58.80500030517578,58.834999084472656,5634.0
2023-06-16 15:28:00,OTTR,75.12000274658203,75.12000274658203,75.12000274658203,75.12000274658203,75.12000274658203,717.0
2023-06-16 15:28:00,PCYO,10.619999885559082,10.619999885559082,10.619999885559082,10.619999885559082,10.619999885559082,120.0
2023-06-16 15:28:00,RNW,5.985000133514404,5.985000133514404,5.985000133514404,5.985000133514404,5.985000133514404,193.0
2023-06-16 15:28:00,XEL,63.904998779296875,63.904998779296875,63.93000030517578,63.904998779296875,63.92499923706055,6617.0
2023-06-16 15:29:00,ADN,0.6909999847412109,0.6909999847412109,0.6909999847412109,0.6909999847412109,0.6909999847412109,100.0
2023-06-16 15:29:00,AEP,84.7699966430664,84.7699966430664,84.77999877929688,84.76000213623047,84.7699966430664,56129.0
2023-06-16 15:29:00,AY,23.88159942626953,23.88159942626953,23.889999389648438,23.8799991607666,23.8799991607666,1482.0
2023-06-16 15:29:00,CEG,93.36000061035156,93.36000061035156,93.36000061035156,93.30000305175781,93.30000305175781,3717.0
2023-06-16 15:29:00,CWCO,22.219999313354492,22.219999313354492,22.219999313354492,22.219999313354492,22.219999313354492,328.0
2023-06-16 15:29:00,EXC,41.185001373291016,41.185001373291016,41.185001373291016,41.165000915527344,41.16999816894531,10671.0
2023-06-16 15:29:00,FLNC,26.19499969482422,26.19499969482422,26.209999084472656,26.190000534057617,26.209999084472656,2923.0
2023-06-16 15:29:00,LNT,53.849998474121094,53.849998474121094,53.849998474121094,53.83000183105469,53.83000183105469,2346.0
2023-06-16 15:29:00,MGEE,78.83999633789062,78.83999633789062,78.875,78.83000183105469,78.83000183105469,875.0
2023-06-16 15:29:00,MNTK,7.0,7.0,7.010000228881836,7.0,7.0,7705.0
2023-06-16 15:29:00,MSEX,82.69499969482422,82.69499969482422,82.69499969482422,82.68000030517578,82.68000030517578,1892.0
2023-06-16 15:29:00,NFE,30.010000228881836,30.010000228881836,30.024999618530273,30.010000228881836,30.014999389648438,2668.0
2023-06-16 15:29:00,NWE,58.810001373291016,58.810001373291016,58.82500076293945,58.80500030517578,58.80500030517578,641.0
2023-06-16 15:29:00,OTTR,75.11000061035156,75.11000061035156,75.11000061035156,75.05999755859375,75.05999755859375,1028.0
2023-06-16 15:29:00,PCYO,10.630000114440918,10.630000114440918,10.630000114440918,10.609999656677246,10.609999656677246,220.0
2023-06-16 15:29:00,RGCO,21.389999389648438,21.389999389648438,21.389999389648438,21.389999389648438,21.389999389648438,370.0
2023-06-16 15:29:00,RNW,5.985000133514404,5.985000133514404,5.985000133514404,5.985000133514404,5.985000133514404,486.0
2023-06-16 15:29:00,XEL,63.90999984741211,63.90999984741211,63.91999816894531,63.900001525878906,63.90999984741211,7629.0
2023-06-16 15:30:00,ADN,0.6905999779701233,0.6905999779701233,0.6909999847412109,0.6905999779701233,0.6909999847412109,5138.0
2023-06-16 15:30:00,AEP,84.76000213623047,84.76000213623047,84.77999877929688,84.75,84.77999877929688,3749.0
2023-06-16 15:30:00,ARTNA,49.209999084472656,49.209999084472656,49.209999084472656,49.209999084472656,49.209999084472656,102.0
2023-06-16 15:30:00,AY,23.8799991607666,23.8799991607666,23.8799991607666,23.8799991607666,23.8799991607666,1178.0
2023-06-16 15:30:00,CEG,93.37000274658203,93.37000274658203,93.41999816894531,93.3499984741211,93.3499984741211,6042.0
2023-06-16 15:30:00,CWCO,22.219999313354492,22.219999313354492,22.225000381469727,22.219999313354492,22.225000381469727,405.0
2023-06-16 15:30:00,EXC,41.209999084472656,41.209999084472656,41.209999084472656,41.18619918823242,41.18989944458008,20962.0
2023-06-16 15:30:00,FLNC,26.229999542236328,26.229999542236328,26.239999771118164,26.18000030517578,26.18000030517578,5381.0
2023-06-16 15:30:00,GWRS,12.399999618530273,12.399999618530273,12.399999618530273,12.399999618530273,12.399999618530273,534.0
2023-06-16 15:30:00,LNT,53.8650016784668,53.8650016784668,53.8650016784668,53.84000015258789,53.849998474121094,10765.0
2023-06-16 15:30:00,MNTK,7.0,7.0,7.005000114440918,7.0,7.0,2384.0
2023-06-16 15:30:00,NFE,30.0,30.0,30.010000228881836,30.0,30.010000228881836,1370.0
2023-06-16 15:30:00,NWE,58.79999923706055,58.79999923706055,58.80500030517578,58.790000915527344,58.80500030517578,1202.0
2023-06-16 15:30:00,RGCO,21.405000686645508,21.405000686645508,21.405000686645508,21.405000686645508,21.405000686645508,574.0
2023-06-16 15:30:00,RNW,5.994999885559082,5.994999885559082,5.994999885559082,5.985000133514404,5.985000133514404,4049.0
2023-06-16 15:30:00,XEL,63.90999984741211,63.90999984741211,63.91999816894531,63.904998779296875,63.91999816894531,6644.0
2023-06-16 15:31:00,ADN,0.6905999779701233,0.6905999779701233,0.6919000148773193,0.6905999779701233,0.6919000148773193,4199.0
2023-06-16 15:31:00,AEP,84.83000183105469,84.83000183105469,84.83000183105469,84.76000213623047,84.76000213623047,4097.0
2023-06-16 15:31:00,AEPPZ,49.290000915527344,49.290000915527344,49.290000915527344,49.290000915527344,49.290000915527344,266.0
2023-06-16 15:31:00,AY,23.888399124145508,23.888399124145508,23.899999618530273,23.8799991607666,23.889999389648438,1865.0
2023-06-16 15:31:00,CDZI,4.315000057220459,4.315000057220459,4.320000171661377,4.315000057220459,4.315000057220459,999.0
2023-06-16 15:31:00,CEG,93.40499877929688,93.40499877929688,93.40499877929688,93.37999725341797,93.37999725341797,2990.0
2023-06-16 15:31:00,CWCO,22.25,22.25,22.260000228881836,22.239999771118164,22.239999771118164,1483.0
2023-06-16 15:31:00,EXC,41.22999954223633,41.22999954223633,41.22999954223633,41.20500183105469,41.20500183105469,13150.0
2023-06-16 15:31:00,FLNC,26.2450008392334,26.2450008392334,26.25,26.229999542236328,26.229999542236328,4799.0
2023-06-16 15:31:00,LNT,53.915000915527344,53.915000915527344,53.915000915527344,53.869998931884766,53.869998931884766,4012.0
2023-06-16 15:31:00,MNTK,7.0,7.0,7.0,7.0,7.0,1155.0
2023-06-16 15:31:00,NFE,30.010000228881836,30.010000228881836,30.030000686645508,30.0,30.0,3941.0
2023-06-16 15:31:00,NWE,58.81999969482422,58.81999969482422,58.83000183105469,58.810001373291016,58.810001373291016,1728.0
2023-06-16 15:31:00,OTTR,75.1500015258789,75.1500015258789,75.1500015258789,75.13999938964844,75.13999938964844,630.0
2023-06-16 15:31:00,RNW,5.994999885559082,5.994999885559082,5.994999885559082,5.994999885559082,5.994999885559082,1634.0
2023-06-16 15:31:00,XEL,63.95000076293945,63.95000076293945,63.96500015258789,63.91999816894531,63.91999816894531,6853.0
2023-06-16 15:32:00,ADN,0.690500020980835,0.690500020980835,0.6905999779701233,0.690500020980835,0.6905999779701233,1103.0
2023-06-16 15:32:00,AEP,84.83000183105469,84.83000183105469,84.83000183105469,84.79000091552734,84.80999755859375,5673.0
2023-06-16 15:32:00,ARTNA,49.18000030517578,49.18000030517578,49.209999084472656,49.095001220703125,49.209999084472656,446.0
2023-06-16 15:32:00,AY,23.905000686645508,23.905000686645508,23.90999984741211,23.899999618530273,23.899999618530273,3263.0
2023-06-16 15:32:00,CDZI,4.315000057220459,4.315000057220459,4.315000057220459,4.309999942779541,4.315000057220459,1380.0
2023-06-16 15:32:00,CEG,93.45500183105469,93.45500183105469,93.45500183105469,93.40499877929688,93.40499877929688,5218.0
2023-06-16 15:32:00,CWCO,22.280000686645508,22.280000686645508,22.280000686645508,22.270000457763672,22.270000457763672,420.0
2023-06-16 15:32:00,EXC,41.2400016784668,41.2400016784668,41.2400016784668,41.209999084472656,41.220001220703125,17569.0
2023-06-16 15:32:00,FLNC,26.270000457763672,26.270000457763672,26.270000457763672,26.239999771118164,26.239999771118164,6487.0
2023-06-16 15:32:00,LNT,53.900001525878906,53.900001525878906,53.91999816894531,53.88999938964844,53.915000915527344,9249.0
2023-06-16 15:32:00,MGEE,78.91000366210938,78.91000366210938,78.92500305175781,78.91000366210938,78.92500305175781,674.0
2023-06-16 15:32:00,MNTK,7.0,7.0,7.0,7.0,7.0,4135.0
2023-06-16 15:32:00,NFE,29.989999771118164,29.989999771118164,30.0,29.989999771118164,30.0,1355.0
2023-06-16 15:32:00,OTTR,75.12000274658203,75.12000274658203,75.13999938964844,75.11000061035156,75.125,1425.0
2023-06-16 15:32:00,PCYO,10.630000114440918,10.630000114440918,10.630000114440918,10.619999885559082,10.619999885559082,1955.0
2023-06-16 15:32:00,RNW,5.989999771118164,5.989999771118164,5.994999885559082,5.989999771118164,5.994999885559082,1444.0
2023-06-16 15:32:00,VIA,10.699999809265137,10.699999809265137,10.699999809265137,10.699999809265137,10.699999809265137,210.0
2023-06-16 15:32:00,XEL,63.95500183105469,63.95500183105469,63.959999084472656,63.93000030517578,63.939998626708984,8431.0
2023-06-16 15:33:00,ADN,0.690500020980835,0.690500020980835,0.690500020980835,0.690500020980835,0.690500020980835,100.0
2023-06-16 15:33:00,AEP,84.88500213623047,84.88500213623047,84.88500213623047,84.80999755859375,84.81999969482422,6084.0
2023-06-16 15:33:00,ARTNA,49.16999816894531,49.16999816894531,49.255001068115234,49.16999816894531,49.255001068115234,438.0
2023-06-16 15:33:00,AY,23.91080093383789,23.91080093383789,23.91080093383789,23.899999618530273,23.899999618530273,2342.0
2023-06-16 15:33:00,CDZI,4.315000057220459,4.315000057220459,4.320000171661377,4.315000057220459,4.320000171661377,1310.0
2023-06-16 15:33:00,CEG,93.52999877929688,93.52999877929688,93.52999877929688,93.44999694824219,93.45999908447266,3976.0
2023-06-16 15:33:00,EXC,41.2599983215332,41.2599983215332,41.2599983215332,41.22999954223633,41.22999954223633,12861.0
2023-06-16 15:33:00,FLNC,26.235000610351562,26.235000610351562,26.270000457763672,26.235000610351562,26.260000228881836,5613.0
2023-06-16 15:33:00,HTOO,2.2200000286102295,2.2200000286102295,2.2200000286102295,2.2200000286102295,2.2200000286102295,180.0
2023-06-16 15:33:00,LNT,53.935001373291016,53.935001373291016,53.935001373291016,53.900001525878906,53.900001525878906,2745.0
2023-06-16 15:33:00,MNTK,7.005000114440918,7.005000114440918,7.005000114440918,7.0,7.005000114440918,2131.0
2023-06-16 15:33:00,NFE,30.0,30.0,30.0,29.979999542236328,29.979999542236328,4004.0
2023-06-16 15:33:00,NWE,58.85499954223633,58.85499954223633,58.86000061035156,58.814998626708984,58.81999969482422,2700.0
2023-06-16 15:33:00,PCYO,10.649999618530273,10.649999618530273,10.649999618530273,10.640000343322754,10.640000343322754,1044.0
2023-06-16 15:33:00,RNW,5.994999885559082,5.994999885559082,5.994999885559082,5.994999885559082,5.994999885559082,219.0
2023-06-16 15:33:00,XEL,63.970001220703125,63.970001220703125,63.970001220703125,63.94499969482422,63.94499969482422,8875.0
2023-06-16 15:34:00,ADN,0.6866000294685364,0.6866000294685364,0.6931999921798706,0.6866000294685364,0.6931999921798706,8670.0
2023-06-16 15:34:00,AEP,84.87000274658203,84.87000274658203,84.88999938964844,84.8499984741211,84.87999725341797,5180.0
2023-06-16 15:34:00,AY,23.899999618530273,23.899999618530273,23.915000915527344,23.899999618530273,23.915000915527344,1433.0
2023-06-16 15:34:00,CDZI,4.309999942779541,4.309999942779541,4.315000057220459,4.309999942779541,4.315000057220459,471.0
2023-06-16 15:34:00,CEG,93.5,93.5,93.57499694824219,93.5,93.55000305175781,8705.0
2023-06-16 15:34:00,EXC,41.220001220703125,41.220001220703125,41.2599983215332,41.220001220703125,41.255001068115234,32713.0
2023-06-16 15:34:00,FLNC,26.260000228881836,26.260000228881836,26.260000228881836,26.239999771118164,26.239999771118164,1849.0
2023-06-16 15:34:00,LNT,53.93000030517578,53.93000030517578,53.94499969482422,53.93000030517578,53.939998626708984,5362.0
2023-06-16 15:34:00,MNTK,7.0,7.0,7.005000114440918,7.0,7.0,4442.0
2023-06-16 15:34:00,NFE,29.989999771118164,29.989999771118164,30.0049991607666,29.989999771118164,30.0049991607666,2064.0
2023-06-16 15:34:00,NWE,58.8650016784668,58.8650016784668,58.880001068115234,58.85499954223633,58.85499954223633,1406.0
2023-06-16 15:34:00,OTTR,75.16500091552734,75.16500091552734,75.16999816894531,75.16500091552734,75.16999816894531,1039.0
2023-06-16 15:34:00,RNW,5.994999885559082,5.994999885559082,6.0,5.994999885559082,5.994999885559082,1204.0
2023-06-16 15:34:00,VIA,10.710000038146973,10.710000038146973,10.754899978637695,10.710000038146973,10.754899978637695,846.0
2023-06-16 15:34:00,XEL,63.95000076293945,63.95000076293945,63.98500061035156,63.95000076293945,63.970001220703125,9514.0
2023-06-16 15:35:00,ADN,0.6850000023841858,0.6850000023841858,0.6886990070343018,0.6850000023841858,0.6850000023841858,6070.0
2023-06-16 15:35:00,AEP,84.88999938964844,84.88999938964844,84.91000366210938,84.8499984741211,84.8499984741211,5062.0
2023-06-16 15:35:00,AY,23.90999984741211,23.90999984741211,23.90999984741211,23.90999984741211,23.90999984741211,664.0
2023-06-16 15:35:00,CEG,93.54000091552734,93.54000091552734,93.55999755859375,93.49500274658203,93.49500274658203,5283.0
2023-06-16 15:35:00,EXC,41.2400016784668,41.2400016784668,41.2400016784668,41.220001220703125,41.224998474121094,5900.0
2023-06-16 15:35:00,FLNC,26.3218994140625,26.3218994140625,26.3218994140625,26.270000457763672,26.270000457763672,5602.0
2023-06-16 15:35:00,GWRS,12.40999984741211,12.40999984741211,12.40999984741211,12.404999732971191,12.404999732971191,2081.0
2023-06-16 15:35:00,LNT,53.95000076293945,53.95000076293945,53.95000076293945,53.939998626708984,53.939998626708984,2027.0
2023-06-16 15:35:00,MNTK,7.0,7.0,7.005000114440918,7.0,7.0,1645.0
2023-06-16 15:35:00,NFE,29.9950008392334,29.9950008392334,30.0,29.985000610351562,29.989999771118164,1751.0
2023-06-16 15:35:00,NWE,58.86000061035156,58.86000061035156,58.8849983215332,58.85749816894531,58.8849983215332,1195.0
2023-06-16 15:35:00,RNW,6.0,6.0,6.0,5.994999885559082,5.994999885559082,739.0
2023-06-16 15:35:00,XEL,63.96500015258789,63.96500015258789,63.97999954223633,63.94499969482422,63.95000076293945,9130.0
2023-06-16 15:36:00,ADN,0.6877999901771545,0.6877999901771545,0.6877999901771545,0.6877999901771545,0.6877999901771545,200.0
2023-06-16 15:36:00,AEP,84.88999938964844,84.88999938964844,84.91999816894531,84.87999725341797,84.9000015258789,7589.0
2023-06-16 15:36:00,ARTNA,49.189998626708984,49.189998626708984,49.189998626708984,49.189998626708984,49.189998626708984,152.0
2023-06-16 15:36:00,AY,23.895000457763672,23.895000457763672,23.90999984741211,23.895000457763672,23.90559959411621,2260.0
2023-06-16 15:36:00,CDZI,4.309999942779541,4.309999942779541,4.309999942779541,4.309999942779541,4.309999942779541,2270.0
2023-06-16 15:36:00,CEG,93.51499938964844,93.51499938964844,93.56999969482422,93.5,93.56999969482422,3519.0
2023-06-16 15:36:00,CWCO,22.329999923706055,22.329999923706055,22.329999923706055,22.329999923706055,22.329999923706055,1263.0
2023-06-16 15:36:00,EXC,41.224998474121094,41.224998474121094,41.25,41.220001220703125,41.2400016784668,16682.0
2023-06-16 15:36:00,FLNC,26.315000534057617,26.315000534057617,26.34000015258789,26.315000534057617,26.34000015258789,589.0
2023-06-16 15:36:00,HTOO,2.2200000286102295,2.2200000286102295,2.2200000286102295,2.2200000286102295,2.2200000286102295,698.0
2023-06-16 15:36:00,LNT,53.95000076293945,53.95000076293945,53.970001220703125,53.94499969482422,53.94499969482422,5594.0
2023-06-16 15:36:00,MNTK,7.0,7.0,7.005000114440918,7.0,7.005000114440918,4024.0
2023-06-16 15:36:00,MSEX,82.70999908447266,82.70999908447266,82.70999908447266,82.70999908447266,82.70999908447266,569.0
2023-06-16 15:36:00,NFE,29.989999771118164,29.989999771118164,30.0,29.985000610351562,29.989999771118164,3473.0
2023-06-16 15:36:00,NWE,58.83000183105469,58.83000183105469,58.83000183105469,58.83000183105469,58.83000183105469,591.0
2023-06-16 15:36:00,OTTR,75.12999725341797,75.12999725341797,75.12999725341797,75.12999725341797,75.12999725341797,608.0
2023-06-16 15:36:00,RNW,6.0,6.0,6.0,5.994999885559082,6.0,999.0
2023-06-16 15:36:00,XEL,63.95500183105469,63.95500183105469,64.00499725341797,63.95500183105469,63.970001220703125,10765.0
2023-06-16 15:37:00,ADN,0.6887999773025513,0.6887999773025513,0.6887999773025513,0.6876000165939331,0.6877999901771545,5476.0
2023-06-16 15:37:00,AEP,84.88999938964844,84.88999938964844,84.88999938964844,84.8499984741211,84.87999725341797,4894.0
2023-06-16 15:37:00,ARTNA,49.16999816894531,49.16999816894531,49.189998626708984,49.16999816894531,49.189998626708984,348.0
2023-06-16 15:37:00,AY,23.895000457763672,23.895000457763672,23.895000457763672,23.895000457763672,23.895000457763672,2680.0
2023-06-16 15:37:00,BNRG,0.9700000286102295,0.9700000286102295,0.9700000286102295,0.9700000286102295,0.9700000286102295,435.0
2023-06-16 15:37:00,CDZI,4.300000190734863,4.300000190734863,4.300000190734863,4.300000190734863,4.300000190734863,131.0
2023-06-16 15:37:00,CEG,93.47000122070312,93.47000122070312,93.51499938964844,93.46499633789062,93.51499938964844,4785.0
2023-06-16 15:37:00,EXC,41.2400016784668,41.2400016784668,41.2400016784668,41.20000076293945,41.220001220703125,20106.0
2023-06-16 15:37:00,FLNC,26.34000015258789,26.34000015258789,26.34000015258789,26.29010009765625,26.309999465942383,1367.0
2023-06-16 15:37:00,HTOO,2.2100000381469727,2.2100000381469727,2.2100000381469727,2.2100000381469727,2.2100000381469727,150.0
2023-06-16 15:37:00,LNT,53.93000030517578,53.93000030517578,53.93000030517578,53.929100036621094,53.929100036621094,993.0
2023-06-16 15:37:00,MNTK,7.0,7.0,7.010000228881836,7.0,7.005000114440918,3442.0
2023-06-16 15:37:00,MSEX,82.67500305175781,82.67500305175781,82.68000030517578,82.67500305175781,82.68000030517578,459.0
2023-06-16 15:37:00,NFE,29.989999771118164,29.989999771118164,29.989999771118164,29.979999542236328,29.985000610351562,2658.0
2023-06-16 15:37:00,NWE,58.79999923706055,58.79999923706055,58.83000183105469,58.79999923706055,58.79999923706055,1082.0
2023-06-16 15:37:00,OTTR,75.12999725341797,75.12999725341797,75.12999725341797,75.12999725341797,75.12999725341797,916.0
2023-06-16 15:37:00,PCYO,10.649999618530273,10.649999618530273,10.65999984741211,10.649999618530273,10.65999984741211,234.0
2023-06-16 15:37:00,RNW,6.005000114440918,6.005000114440918,6.010000228881836,5.994999885559082,5.994999885559082,11649.0
2023-06-16 15:37:00,VIA,10.710000038146973,10.710000038146973,10.710000038146973,10.710000038146973,10.710000038146973,314.0
2023-06-16 15:37:00,XEL,63.95000076293945,63.95000076293945,63.95500183105469,63.935001373291016,63.95000076293945,5052.0
2023-06-16 15:37:00,YORW,42.88999938964844,42.88999938964844,42.88999938964844,42.88999938964844,42.88999938964844,506.0
2023-06-16 15:38:00,ADN,0.6899999976158142,0.6899999976158142,0.6899999976158142,0.6899999976158142,0.6899999976158142,519.0
2023-06-16 15:38:00,AEP,84.88999938964844,84.88999938964844,84.91000366210938,84.88999938964844,84.88999938964844,5222.0
2023-06-16 15:38:00,AY,23.90999984741211,23.90999984741211,23.90999984741211,23.895000457763672,23.895000457763672,2599.0
2023-06-16 15:38:00,CDZI,4.300000190734863,4.300000190734863,4.300000190734863,4.300000190734863,4.300000190734863,505.0
2023-06-16 15:38:00,CEG,93.54499816894531,93.54499816894531,93.54499816894531,93.47000122070312,93.47000122070312,4588.0
2023-06-16 15:38:00,EXC,41.244998931884766,41.244998931884766,41.2599983215332,41.2400016784668,41.2400016784668,19606.0
2023-06-16 15:38:00,FLNC,26.24250030517578,26.24250030517578,26.34000015258789,26.09000015258789,26.34000015258789,72952.0
2023-06-16 15:38:00,LNT,53.935001373291016,53.935001373291016,53.95000076293945,53.930301666259766,53.939998626708984,6478.0
2023-06-16 15:38:00,MGEE,78.87999725341797,78.87999725341797,78.87999725341797,78.87999725341797,78.87999725341797,480.0
2023-06-16 15:38:00,MNTK,7.0,7.0,7.005000114440918,7.0,7.005000114440918,2497.0
2023-06-16 15:38:00,MSEX,82.68000030517578,82.68000030517578,82.68000030517578,82.68000030517578,82.68000030517578,929.0
2023-06-16 15:38:00,NFE,29.979999542236328,29.979999542236328,29.979999542236328,29.969999313354492,29.979999542236328,3099.0
2023-06-16 15:38:00,PCYO,10.65999984741211,10.65999984741211,10.65999984741211,10.649999618530273,10.65999984741211,1502.0
2023-06-16 15:38:00,RNW,5.994999885559082,5.994999885559082,6.005000114440918,5.989999771118164,6.005000114440918,8437.0
2023-06-16 15:38:00,XEL,63.959999084472656,63.959999084472656,63.9900016784668,63.95000076293945,63.95500183105469,10437.0
2023-06-16 15:39:00,AEP,84.88999938964844,84.88999938964844,84.91500091552734,84.88999938964844,84.88999938964844,3072.0
2023-06-16 15:39:00,AY,23.905000686645508,23.905000686645508,23.915000915527344,23.905000686645508,23.915000915527344,1432.0
2023-06-16 15:39:00,BNRG,0.9695000052452087,0.9695000052452087,0.9700000286102295,0.9695000052452087,0.9700000286102295,3119.0
2023-06-16 15:39:00,CDZI,4.300000190734863,4.300000190734863,4.300000190734863,4.300000190734863,4.300000190734863,303.0
2023-06-16 15:39:00,CEG,93.55500030517578,93.55500030517578,93.56999969482422,93.55500030517578,93.55999755859375,2150.0
2023-06-16 15:39:00,CWCO,22.270000457763672,22.270000457763672,22.270000457763672,22.270000457763672,22.270000457763672,463.0
2023-06-16 15:39:00,EXC,41.255001068115234,41.255001068115234,41.255001068115234,41.244998931884766,41.244998931884766,18576.0
2023-06-16 15:39:00,FLNC,26.18000030517578,26.18000030517578,26.25,26.18000030517578,26.25,13281.0
2023-06-16 15:39:00,LNT,53.93000030517578,53.93000030517578,53.939998626708984,53.93000030517578,53.939998626708984,1201.0
2023-06-16 15:39:00,MNTK,7.03000020980835,7.03000020980835,7.039999961853027,7.0,7.0,14600.0
2023-06-16 15:39:00,NFE,29.954999923706055,29.954999923706055,29.985000610351562,29.950000762939453,29.979999542236328,4901.0
2023-06-16 15:39:00,PCYO,10.699999809265137,10.699999809265137,10.699999809265137,10.670000076293945,10.670000076293945,1313.0
2023-06-16 15:39:00,RNW,5.994999885559082,5.994999885559082,5.994999885559082,5.989999771118164,5.989999771118164,1821.0
2023-06-16 15:39:00,WAVE,2.5399999618530273,2.5399999618530273,2.5399999618530273,2.5399999618530273,2.5399999618530273,100.0
2023-06-16 15:39:00,XEL,63.97999954223633,63.97999954223633,63.98500061035156,63.96500015258789,63.96500015258789,7102.0
2023-06-16 15:40:00,ADN,0.6948999762535095,0.6948999762535095,0.6948999762535095,0.6919000148773193,0.6919000148773193,1005.0
2023-06-16 15:40:00,AEP,84.9000015258789,84.9000015258789,84.9000015258789,84.86499786376953,84.88999938964844,4978.0
2023-06-16 15:40:00,AY,23.90999984741211,23.90999984741211,23.90999984741211,23.895000457763672,23.899999618530273,4878.0
2023-06-16 15:40:00,CDZI,4.300000190734863,4.300000190734863,4.300000190734863,4.300000190734863,4.300000190734863,101.0
2023-06-16 15:40:00,CEG,93.45500183105469,93.45500183105469,93.54000091552734,93.44000244140625,93.54000091552734,6028.0
2023-06-16 15:40:00,CREG,2.0,2.0,2.0,2.0,2.0,171.0
2023-06-16 15:40:00,CWCO,22.274999618530273,22.274999618530273,22.274999618530273,22.274999618530273,22.274999618530273,322.0
2023-06-16 15:40:00,EXC,41.25,41.25,41.2599983215332,41.244998931884766,41.25,16208.0
2023-06-16 15:40:00,FLNC,26.219600677490234,26.219600677490234,26.219999313354492,26.18000030517578,26.18000030517578,3998.0
2023-06-16 15:40:00,LNT,53.93000030517578,53.93000030517578,53.935001373291016,53.91999816894531,53.92499923706055,5019.0
2023-06-16 15:40:00,MNTK,7.010000228881836,7.010000228881836,7.019999980926514,7.010000228881836,7.019999980926514,2437.0
2023-06-16 15:40:00,NFE,29.93000030517578,29.93000030517578,29.94499969482422,29.924999237060547,29.94499969482422,1677.0
2023-06-16 15:40:00,NWE,58.81999969482422,58.81999969482422,58.81999969482422,58.790000915527344,58.79999923706055,2917.0
2023-06-16 15:40:00,OTTR,75.06999969482422,75.06999969482422,75.12000274658203,75.06999969482422,75.11000061035156,1259.0
2023-06-16 15:40:00,PCYO,10.699999809265137,10.699999809265137,10.699999809265137,10.699999809265137,10.699999809265137,214.0
2023-06-16 15:40:00,RNW,5.994999885559082,5.994999885559082,5.994999885559082,5.991099834442139,5.991099834442139,1436.0
2023-06-16 15:40:00,XEL,63.9900016784668,63.9900016784668,63.9900016784668,63.970001220703125,63.970001220703125,8476.0
2023-06-16 15:41:00,ADN,0.6951000094413757,0.6951000094413757,0.6951000094413757,0.6951000094413757,0.6951000094413757,1034.0
2023-06-16 15:41:00,AEP,84.87000274658203,84.87000274658203,84.9000015258789,84.87000274658203,84.8949966430664,5088.0
2023-06-16 15:41:00,ARTNA,49.1348991394043,49.1348991394043,49.1348991394043,49.1348991394043,49.1348991394043,561.0
2023-06-16 15:41:00,AY,23.90999984741211,23.90999984741211,23.91900062561035,23.90999984741211,23.91900062561035,1213.0
2023-06-16 15:41:00,CDZI,4.304999828338623,4.304999828338623,4.304999828338623,4.304999828338623,4.304999828338623,100.0
2023-06-16 15:41:00,CEG,93.375,93.375,93.47000122070312,93.37000274658203,93.46910095214844,6398.0
2023-06-16 15:41:00,EXC,41.23500061035156,41.23500061035156,41.2599983215332,41.23500061035156,41.25,22553.0
2023-06-16 15:41:00,FLNC,26.204999923706055,26.204999923706055,26.209999084472656,26.190000534057617,26.200000762939453,5939.0
2023-06-16 15:41:00,LNT,53.939998626708984,53.939998626708984,53.95500183105469,53.939998626708984,53.939998626708984,2914.0
2023-06-16 15:41:00,MNTK,7.010000228881836,7.010000228881836,7.025000095367432,7.010000228881836,7.019999980926514,2680.0
2023-06-16 15:41:00,NFE,29.934999465942383,29.934999465942383,29.934999465942383,29.920000076293945,29.93000030517578,2715.0
2023-06-16 15:41:00,NWE,58.84000015258789,58.84000015258789,58.84000015258789,58.79999923706055,58.79999923706055,1611.0
2023-06-16 15:41:00,PCYO,10.699999809265137,10.699999809265137,10.699999809265137,10.699999809265137,10.699999809265137,619.0
2023-06-16 15:41:00,RNW,5.994999885559082,5.994999885559082,5.994999885559082,5.994999885559082,5.994999885559082,1222.0
2023-06-16 15:41:00,XEL,63.959999084472656,63.959999084472656,64.00499725341797,63.959999084472656,63.9900016784668,11886.0
2023-06-16 15:41:00,YORW,42.90999984741211,42.90999984741211,42.90999984741211,42.90999984741211,42.90999984741211,275.0
2023-06-16 15:42:00,ADN,0.6899999976158142,0.6899999976158142,0.6899999976158142,0.6899999976158142,0.6899999976158142,116.0
2023-06-16 15:42:00,AEP,84.83999633789062,84.83999633789062,84.86000061035156,84.83000183105469,84.86000061035156,5308.0
2023-06-16 15:42:00,AEPPZ,49.310001373291016,49.310001373291016,49.31999969482422,49.310001373291016,49.31999969482422,229.0
2023-06-16 15:42:00,AY,23.90999984741211,23.90999984741211,23.90999984741211,23.889999389648438,23.889999389648438,6397.0
2023-06-16 15:42:00,CDZI,4.300000190734863,4.300000190734863,4.300000190734863,4.300000190734863,4.300000190734863,101.0
2023-06-16 15:42:00,CEG,93.27999877929688,93.27999877929688,93.3499984741211,93.27999877929688,93.3499984741211,3915.0
2023-06-16 15:42:00,EXC,41.20000076293945,41.20000076293945,41.23500061035156,41.20000076293945,41.22999954223633,11274.0
2023-06-16 15:42:00,FLNC,26.190000534057617,26.190000534057617,26.219999313354492,26.190000534057617,26.19499969482422,2277.0
2023-06-16 15:42:00,HTOO,2.225600004196167,2.225600004196167,2.225600004196167,2.2200000286102295,2.2200000286102295,1028.0
2023-06-16 15:42:00,LNT,53.939998626708984,53.939998626708984,53.939998626708984,53.935001373291016,53.939998626708984,1960.0
2023-06-16 15:42:00,MNTK,7.010000228881836,7.010000228881836,7.010000228881836,7.010000228881836,7.010000228881836,1186.0
2023-06-16 15:42:00,NFE,29.934999465942383,29.934999465942383,29.940000534057617,29.93000030517578,29.93869972229004,3305.0
2023-06-16 15:42:00,NWE,58.849998474121094,58.849998474121094,58.849998474121094,58.849998474121094,58.849998474121094,301.0
2023-06-16 15:42:00,PCYO,10.720000267028809,10.720000267028809,10.720000267028809,10.699999809265137,10.699999809265137,641.0
2023-06-16 15:42:00,RGCO,21.420000076293945,21.420000076293945,21.420000076293945,21.420000076293945,21.420000076293945,581.0
2023-06-16 15:42:00,RNW,5.994999885559082,5.994999885559082,5.994999885559082,5.994999885559082,5.994999885559082,3520.0
2023-06-16 15:42:00,VIA,10.609999656677246,10.609999656677246,10.699999809265137,10.609999656677246,10.699999809265137,1429.0
2023-06-16 15:42:00,XEL,63.939998626708984,63.939998626708984,63.96500015258789,63.935001373291016,63.96500015258789,8586.0
2023-06-16 15:43:00,ADN,0.6887999773025513,0.6887999773025513,0.6899999976158142,0.6887999773025513,0.6899999976158142,1031.0
2023-06-16 15:43:00,AEP,84.8499984741211,84.8499984741211,84.875,84.83000183105469,84.83000183105469,6918.0
2023-06-16 15:43:00,ARTNA,49.119998931884766,49.119998931884766,49.119998931884766,49.119998931884766,49.119998931884766,121.0
2023-06-16 15:43:00,AY,23.920000076293945,23.920000076293945,23.920000076293945,23.920000076293945,23.920000076293945,480.0
2023-06-16 15:43:00,CDZI,4.304999828338623,4.304999828338623,4.309999942779541,4.304999828338623,4.304999828338623,1713.0
2023-06-16 15:43:00,CEG,93.30000305175781,93.30000305175781,93.33999633789062,93.27999877929688,93.27999877929688,6105.0
2023-06-16 15:43:00,CWCO,22.264999389648438,22.264999389648438,22.264999389648438,22.264999389648438,22.264999389648438,840.0
2023-06-16 15:43:00,EXC,41.20500183105469,41.20500183105469,41.22999954223633,41.20000076293945,41.20000076293945,26106.0
2023-06-16 15:43:00,FLNC,26.219999313354492,26.219999313354492,26.219999313354492,26.200000762939453,26.200000762939453,2899.0
2023-06-16 15:43:00,LNT,53.95000076293945,53.95000076293945,53.959999084472656,53.935001373291016,53.935001373291016,5152.0
2023-06-16 15:43:00,MNTK,7.019999980926514,7.019999980926514,7.03000020980835,7.010000228881836,7.010000228881836,10048.0
2023-06-16 15:43:00,MSEX,82.72000122070312,82.72000122070312,82.73999786376953,82.72000122070312,82.72000122070312,1927.0
2023-06-16 15:43:00,NFE,29.94499969482422,29.94499969482422,29.950000762939453,29.93000030517578,29.93000030517578,3156.0
2023-06-16 15:43:00,NWE,58.849998474121094,58.849998474121094,58.875999450683594,58.849998474121094,58.86000061035156,867.0
2023-06-16 15:43:00,OTTR,75.04000091552734,75.04000091552734,75.05000305175781,75.04000091552734,75.05000305175781,375.0
2023-06-16 15:43:00,RNW,5.994999885559082,5.994999885559082,5.994999885559082,5.974999904632568,5.994999885559082,17644.0
2023-06-16 15:43:00,XEL,63.939998626708984,63.939998626708984,63.959999084472656,63.935001373291016,63.939998626708984,12223.0
2023-06-16 15:44:00,ADN,0.6887999773025513,0.6887999773025513,0.6938999891281128,0.6887999773025513,0.6938999891281128,2351.0
2023-06-16 15:44:00,AEP,84.81999969482422,84.81999969482422,84.83999633789062,84.81999969482422,84.83999633789062,4400.0
2023-06-16 15:44:00,AY,23.899999618530273,23.899999618530273,23.90999984741211,23.899999618530273,23.90999984741211,1010.0
2023-06-16 15:44:00,CEG,93.20999908447266,93.20999908447266,93.29499816894531,93.16999816894531,93.27999877929688,11898.0
2023-06-16 15:44:00,CWCO,22.260000228881836,22.260000228881836,22.260000228881836,22.260000228881836,22.260000228881836,341.0
2023-06-16 15:44:00,EXC,41.20000076293945,41.20000076293945,41.209999084472656,41.20000076293945,41.20500183105469,8654.0
2023-06-16 15:44:00,FLNC,26.209999084472656,26.209999084472656,26.219999313354492,26.209999084472656,26.209999084472656,3032.0
2023-06-16 15:44:00,GWRS,12.40999984741211,12.40999984741211,12.40999984741211,12.40999984741211,12.40999984741211,252.0
2023-06-16 15:44:00,LNT,53.91999816894531,53.91999816894531,53.939998626708984,53.915000915527344,53.939998626708984,4038.0
2023-06-16 15:44:00,MGEE,78.87999725341797,78.87999725341797,78.87999725341797,78.80999755859375,78.80999755859375,656.0
2023-06-16 15:44:00,MNTK,7.010000228881836,7.010000228881836,7.019999980926514,7.010000228881836,7.019999980926514,2240.0
2023-06-16 15:44:00,NFE,29.954999923706055,29.954999923706055,29.969999313354492,29.940000534057617,29.94499969482422,4664.0
2023-06-16 15:44:00,NWE,58.84000015258789,58.84000015258789,58.84000015258789,58.84000015258789,58.84000015258789,978.0
2023-06-16 15:44:00,OTTR,75.03500366210938,75.03500366210938,75.04000091552734,75.03500366210938,75.04000091552734,649.0
2023-06-16 15:44:00,PCYO,10.739999771118164,10.739999771118164,10.739999771118164,10.720000267028809,10.720000267028809,1710.0
2023-06-16 15:44:00,RGCO,21.350000381469727,21.350000381469727,21.350000381469727,21.350000381469727,21.350000381469727,118.0
2023-06-16 15:44:00,RNW,6.010000228881836,6.010000228881836,6.010000228881836,5.994999885559082,5.994999885559082,5218.0
2023-06-16 15:44:00,XEL,63.93000030517578,63.93000030517578,63.95000076293945,63.92499923706055,63.939998626708984,9079.0
2023-06-16 15:45:00,ADN,0.6850000023841858,0.6850000023841858,0.6899999976158142,0.6848999857902527,0.6899999976158142,17994.0
2023-06-16 15:45:00,AEP,84.77999877929688,84.77999877929688,84.83000183105469,84.77999877929688,84.83000183105469,7515.0
2023-06-16 15:45:00,ARTNA,49.07500076293945,49.07500076293945,49.07500076293945,49.01499938964844,49.01499938964844,999.0
2023-06-16 15:45:00,AY,23.8799991607666,23.8799991607666,23.899999618530273,23.875,23.899999618530273,1959.0
2023-06-16 15:45:00,CDZI,4.304999828338623,4.304999828338623,4.309999942779541,4.300000190734863,4.304999828338623,1994.0
2023-06-16 15:45:00,CEG,93.21499633789062,93.21499633789062,93.21499633789062,93.18000030517578,93.20999908447266,3144.0
2023-06-16 15:45:00,EXC,41.17499923706055,41.17499923706055,41.209999084472656,41.17499923706055,41.209999084472656,18631.0
2023-06-16 15:45:00,FLNC,26.200000762939453,26.200000762939453,26.219999313354492,26.170000076293945,26.200000762939453,7187.0
2023-06-16 15:45:00,GWRS,12.399999618530273,12.399999618530273,12.399999618530273,12.399999618530273,12.399999618530273,214.0
2023-06-16 15:45:00,LNT,53.88999938964844,53.88999938964844,53.915000915527344,53.880001068115234,53.915000915527344,6565.0
2023-06-16 15:45:00,MGEE,78.80000305175781,78.80000305175781,78.81999969482422,78.80000305175781,78.81999969482422,425.0
2023-06-16 15:45:00,MNTK,7.010000228881836,7.010000228881836,7.010000228881836,7.010000228881836,7.010000228881836,2016.0
2023-06-16 15:45:00,MSEX,82.61000061035156,82.61000061035156,82.61000061035156,82.61000061035156,82.61000061035156,794.0
2023-06-16 15:45:00,NFE,29.94499969482422,29.94499969482422,29.954999923706055,29.940000534057617,29.954999923706055,5028.0
2023-06-16 15:45:00,NWE,58.84000015258789,58.84000015258789,58.84000015258789,58.84000015258789,58.84000015258789,121.0
2023-06-16 15:45:00,OTTR,74.98999786376953,74.98999786376953,74.98999786376953,74.98999786376953,74.98999786376953,242.0
2023-06-16 15:45:00,PCYO,10.739999771118164,10.739999771118164,10.739999771118164,10.704999923706055,10.720000267028809,3453.0
2023-06-16 15:45:00,RGCO,21.350000381469727,21.350000381469727,21.350000381469727,21.350000381469727,21.350000381469727,100.0
2023-06-16 15:45:00,RNW,5.994999885559082,5.994999885559082,6.005000114440918,5.994999885559082,6.005000114440918,7377.0
2023-06-16 15:45:00,VIA,10.5600004196167,10.5600004196167,10.5600004196167,10.5600004196167,10.5600004196167,100.0
2023-06-16 15:45:00,XEL,63.90999984741211,63.90999984741211,63.95000076293945,63.900001525878906,63.939998626708984,16572.0
2023-06-16 15:46:00,ADN,0.6830999851226807,0.6830999851226807,0.6850000023841858,0.6830000281333923,0.6850000023841858,2320.0
2023-06-16 15:46:00,AEP,84.77999877929688,84.77999877929688,84.80999755859375,84.76000213623047,84.80000305175781,7695.0
2023-06-16 15:46:00,AY,23.8700008392334,23.8700008392334,23.885000228881836,23.8700008392334,23.8799991607666,6650.0
2023-06-16 15:46:00,CDZI,4.295000076293945,4.295000076293945,4.300000190734863,4.289999961853027,4.300000190734863,943.0
2023-06-16 15:46:00,CEG,93.22000122070312,93.22000122070312,93.25,93.19999694824219,93.2300033569336,9007.0
2023-06-16 15:46:00,EXC,41.189998626708984,41.189998626708984,41.20000076293945,41.16999816894531,41.17499923706055,26853.0
2023-06-16 15:46:00,FLNC,26.209999084472656,26.209999084472656,26.225000381469727,26.190000534057617,26.204999923706055,5714.0
2023-06-16 15:46:00,LNT,53.880001068115234,53.880001068115234,53.91999816894531,53.869998931884766,53.88999938964844,6517.0
2023-06-16 15:46:00,MGEE,78.87000274658203,78.87000274658203,78.87000274658203,78.87000274658203,78.87000274658203,175.0
2023-06-16 15:46:00,MNTK,7.010000228881836,7.010000228881836,7.010000228881836,7.010000228881836,7.010000228881836,3341.0
2023-06-16 15:46:00,NFE,29.9950008392334,29.9950008392334,29.9950008392334,29.94499969482422,29.94499969482422,5088.0
2023-06-16 15:46:00,NWE,58.84000015258789,58.84000015258789,58.849998474121094,58.81999969482422,58.849998474121094,5151.0
2023-06-16 15:46:00,OTTR,74.9800033569336,74.9800033569336,74.9800033569336,74.93000030517578,74.93000030517578,1062.0
2023-06-16 15:46:00,PCYO,10.75,10.75,10.75,10.739999771118164,10.739999771118164,2573.0
2023-06-16 15:46:00,RGCO,21.375,21.375,21.375,21.350000381469727,21.350000381469727,319.0
2023-06-16 15:46:00,RNW,5.985000133514404,5.985000133514404,5.994999885559082,5.980000019073486,5.994999885559082,6111.0
2023-06-16 15:46:00,XEL,63.915000915527344,63.915000915527344,63.939998626708984,63.88999938964844,63.90999984741211,14400.0
2023-06-16 15:47:00,ADN,0.6887999773025513,0.6887999773025513,0.6887999773025513,0.6830999851226807,0.6830999851226807,1337.0
2023-06-16 15:47:00,AEP,84.80999755859375,84.80999755859375,84.80999755859375,84.73999786376953,84.7699966430664,8681.0
2023-06-16 15:47:00,ARTNA,49.11000061035156,49.11000061035156,49.13999938964844,49.11000061035156,49.13999938964844,640.0
2023-06-16 15:47:00,AY,23.860000610351562,23.860000610351562,23.86989974975586,23.854999542236328,23.854999542236328,2924.0
2023-06-16 15:47:00,CDZI,4.295000076293945,4.295000076293945,4.295000076293945,4.295000076293945,4.295000076293945,991.0
2023-06-16 15:47:00,CEG,93.2699966430664,93.2699966430664,93.2699966430664,93.18000030517578,93.2300033569336,5867.0
2023-06-16 15:47:00,CREG,2.0,2.0,2.0,2.0,2.0,812.0
2023-06-16 15:47:00,EXC,41.220001220703125,41.220001220703125,41.220001220703125,41.16999816894531,41.185001373291016,36448.0
2023-06-16 15:47:00,FLNC,26.235000610351562,26.235000610351562,26.239999771118164,26.204999923706055,26.219999313354492,4703.0
2023-06-16 15:47:00,GWRS,12.444999694824219,12.444999694824219,12.444999694824219,12.444999694824219,12.444999694824219,358.0
2023-06-16 15:47:00,LNT,53.900001525878906,53.900001525878906,53.904998779296875,53.86249923706055,53.880001068115234,5078.0
2023-06-16 15:47:00,MGEE,78.91000366210938,78.91000366210938,78.91000366210938,78.875,78.875,338.0
2023-06-16 15:47:00,MNTK,7.014999866485596,7.014999866485596,7.019999980926514,7.005000114440918,7.005000114440918,9015.0
2023-06-16 15:47:00,MSEX,82.37000274658203,82.37000274658203,82.58000183105469,82.25,82.58000183105469,3000.0
2023-06-16 15:47:00,NFE,29.989999771118164,29.989999771118164,29.989999771118164,29.969999313354492,29.989999771118164,5914.0
2023-06-16 15:47:00,NWE,58.817501068115234,58.817501068115234,58.845001220703125,58.814998626708984,58.84000015258789,3291.0
2023-06-16 15:47:00,OPAL,6.710000038146973,6.710000038146973,6.730000019073486,6.690000057220459,6.690000057220459,789.0
2023-06-16 15:47:00,OTTR,74.9800033569336,74.9800033569336,75.0,74.9800033569336,75.0,954.0
2023-06-16 15:47:00,RNW,5.980000019073486,5.980000019073486,5.985000133514404,5.980000019073486,5.980000019073486,6115.0
2023-06-16 15:47:00,XEL,63.93000030517578,63.93000030517578,63.93000030517578,63.875,63.90999984741211,12896.0
2023-06-16 15:47:00,YORW,42.83000183105469,42.83000183105469,42.83000183105469,42.81999969482422,42.81999969482422,962.0
2023-06-16 15:48:00,ADN,0.6886990070343018,0.6886990070343018,0.6886990070343018,0.6886990070343018,0.6886990070343018,1000.0
2023-06-16 15:48:00,AEP,84.75,84.75,84.80000305175781,84.75,84.79000091552734,4814.0
2023-06-16 15:48:00,AEPPZ,49.290000915527344,49.290000915527344,49.290000915527344,49.290000915527344,49.290000915527344,188.0
2023-06-16 15:48:00,AY,23.860000610351562,23.860000610351562,23.860000610351562,23.850000381469727,23.850000381469727,5258.0
2023-06-16 15:48:00,CDZI,4.304999828338623,4.304999828338623,4.304999828338623,4.295000076293945,4.295000076293945,1776.0
2023-06-16 15:48:00,CEG,93.20999908447266,93.20999908447266,93.26000213623047,93.17500305175781,93.26000213623047,4368.0
2023-06-16 15:48:00,CWCO,22.295000076293945,22.295000076293945,22.295000076293945,22.295000076293945,22.295000076293945,614.0
2023-06-16 15:48:00,EXC,41.19499969482422,41.19499969482422,41.220001220703125,41.189998626708984,41.209999084472656,23936.0
2023-06-16 15:48:00,FLNC,26.200000762939453,26.200000762939453,26.229999542236328,26.19499969482422,26.229999542236328,4187.0
2023-06-16 15:48:00,LNT,53.8650016784668,53.8650016784668,53.900001525878906,53.8650016784668,53.900001525878906,4846.0
2023-06-16 15:48:00,MGEE,78.81999969482422,78.81999969482422,78.81999969482422,78.77999877929688,78.77999877929688,376.0
2023-06-16 15:48:00,MNTK,7.019999980926514,7.019999980926514,7.019999980926514,7.014999866485596,7.014999866485596,3728.0
2023-06-16 15:48:00,MSEX,82.30500030517578,82.30500030517578,82.30500030517578,82.30500030517578,82.30500030517578,210.0
2023-06-16 15:48:00,NFE,30.0049991607666,30.0049991607666,30.020000457763672,29.990999221801758,29.990999221801758,4105.0
2023-06-16 15:48:00,NWE,58.755001068115234,58.755001068115234,58.790000915527344,58.75,58.78499984741211,4328.0
2023-06-16 15:48:00,OPAL,6.718699932098389,6.718699932098389,6.718699932098389,6.718699932098389,6.718699932098389,110.0
2023-06-16 15:48:00,OTTR,74.94999694824219,74.94999694824219,74.95999908447266,74.94999694824219,74.95999908447266,754.0
2023-06-16 15:48:00,RGCO,21.399999618530273,21.399999618530273,21.399999618530273,21.389999389648438,21.389999389648438,581.0
2023-06-16 15:48:00,RNW,5.974999904632568,5.974999904632568,5.985000133514404,5.96999979019165,5.980000019073486,16560.0
2023-06-16 15:48:00,XEL,63.900001525878906,63.900001525878906,63.93000030517578,63.88999938964844,63.91999816894531,10940.0
2023-06-16 15:49:00,ADN,0.6832000017166138,0.6832000017166138,0.6832000017166138,0.6832000017166138,0.6832000017166138,196.0
2023-06-16 15:49:00,AEP,84.73999786376953,84.73999786376953,84.76000213623047,84.69999694824219,84.76000213623047,8609.0
2023-06-16 15:49:00,AEPPZ,49.27000045776367,49.27000045776367,49.27000045776367,49.27000045776367,49.27000045776367,100.0
2023-06-16 15:49:00,AY,23.864999771118164,23.864999771118164,23.87179946899414,23.860000610351562,23.8700008392334,3519.0
2023-06-16 15:49:00,CDZI,4.304999828338623,4.304999828338623,4.304999828338623,4.300000190734863,4.304999828338623,1025.0
2023-06-16 15:49:00,CEG,93.19999694824219,93.19999694824219,93.22000122070312,93.19999694824219,93.20999908447266,7356.0
2023-06-16 15:49:00,CWCO,22.270000457763672,22.270000457763672,22.290000915527344,22.270000457763672,22.290000915527344,1039.0
2023-06-16 15:49:00,EXC,41.220001220703125,41.220001220703125,41.220001220703125,41.20000076293945,41.20000076293945,32470.0
2023-06-16 15:49:00,FLNC,26.200000762939453,26.200000762939453,26.209999084472656,26.19499969482422,26.209999084472656,1248.0
2023-06-16 15:49:00,LNT,53.845001220703125,53.845001220703125,53.869998931884766,53.81999969482422,53.869998931884766,8206.0
2023-06-16 15:49:00,MNTK,7.010000228881836,7.010000228881836,7.014999866485596,7.010000228881836,7.010000228881836,3525.0
2023-06-16 15:49:00,MSEX,82.33999633789062,82.33999633789062,82.36000061035156,82.2300033569336,82.2300033569336,1904.0
2023-06-16 15:49:00,NFE,30.0049991607666,30.0049991607666,30.010000228881836,30.0,30.0,4980.0
2023-06-16 15:49:00,NWE,58.77000045776367,58.77000045776367,58.77000045776367,58.77000045776367,58.77000045776367,1238.0
2023-06-16 15:49:00,OTTR,74.87999725341797,74.87999725341797,74.94999694824219,74.87999725341797,74.94000244140625,2328.0
2023-06-16 15:49:00,PCYO,10.739999771118164,10.739999771118164,10.739999771118164,10.739999771118164,10.739999771118164,304.0
2023-06-16 15:49:00,RGCO,21.295000076293945,21.295000076293945,21.350000381469727,21.295000076293945,21.350000381469727,561.0
2023-06-16 15:49:00,RNW,5.960000038146973,5.960000038146973,5.974999904632568,5.960000038146973,5.96999979019165,13517.0
2023-06-16 15:49:00,VIA,10.614999771118164,10.614999771118164,10.614999771118164,10.614999771118164,10.614999771118164,142.0
2023-06-16 15:49:00,XEL,63.8849983215332,63.8849983215332,63.90999984741211,63.8650016784668,63.900001525878906,12440.0
2023-06-16 15:50:00,ADN,0.6840000152587891,0.6840000152587891,0.6850000023841858,0.6825000047683716,0.6832000017166138,8011.0
2023-06-16 15:50:00,AEP,84.69999694824219,84.69999694824219,84.73999786376953,84.67500305175781,84.73999786376953,17599.0
2023-06-16 15:50:00,ARTNA,49.26499938964844,49.26499938964844,49.26499938964844,49.15999984741211,49.22999954223633,1281.0
2023-06-16 15:50:00,AY,23.760000228881836,23.760000228881836,23.8700008392334,23.700000762939453,23.8700008392334,39325.0
2023-06-16 15:50:00,CDZI,4.304999828338623,4.304999828338623,4.309999942779541,4.300000190734863,4.304999828338623,2035.0
2023-06-16 15:50:00,CEG,92.94000244140625,92.94000244140625,93.19999694824219,92.83000183105469,93.19999694824219,64432.0
2023-06-16 15:50:00,CREG,2.0199999809265137,2.0199999809265137,2.0199999809265137,2.0,2.0,471.0
2023-06-16 15:50:00,CWCO,22.329999923706055,22.329999923706055,22.34000015258789,22.280000686645508,22.290000915527344,2547.0
2023-06-16 15:50:00,EXC,41.189998626708984,41.189998626708984,41.279998779296875,41.189998626708984,41.220001220703125,76846.0
2023-06-16 15:50:00,FLNC,26.19499969482422,26.19499969482422,26.239999771118164,26.18000030517578,26.209999084472656,10350.0
2023-06-16 15:50:00,GWRS,12.449999809265137,12.449999809265137,12.449999809265137,12.449999809265137,12.449999809265137,403.0
2023-06-16 15:50:00,LNT,53.775001525878906,53.775001525878906,53.84000015258789,53.76499938964844,53.84000015258789,12280.0
2023-06-16 15:50:00,MGEE,78.86000061035156,78.86000061035156,78.94000244140625,78.86000061035156,78.91999816894531,872.0
2023-06-16 15:50:00,MNTK,7.019999980926514,7.019999980926514,7.050000190734863,6.989999771118164,7.014999866485596,20535.0
2023-06-16 15:50:00,MSEX,82.29000091552734,82.29000091552734,82.33999633789062,82.16999816894531,82.16999816894531,682.0
2023-06-16 15:50:00,NFE,30.065000534057617,30.065000534057617,30.079999923706055,30.010000228881836,30.010000228881836,11746.0
2023-06-16 15:50:00,NWE,58.73249816894531,58.73249816894531,58.875,58.72999954223633,58.779998779296875,6359.0
2023-06-16 15:50:00,OPAL,6.739999771118164,6.739999771118164,6.849999904632568,6.715000152587891,6.730000019073486,19951.0
2023-06-16 15:50:00,OTTR,75.16999816894531,75.16999816894531,75.29000091552734,74.88999938964844,74.91000366210938,7721.0
2023-06-16 15:50:00,PCYO,10.84000015258789,10.84000015258789,11.0,10.739999771118164,10.739999771118164,14878.0
2023-06-16 15:50:00,RGCO,21.3799991607666,21.3799991607666,21.3799991607666,21.3799991607666,21.3799991607666,100.0
2023-06-16 15:50:00,RNW,5.920000076293945,5.920000076293945,5.954999923706055,5.889999866485596,5.954999923706055,24040.0
2023-06-16 15:50:00,XEL,63.83000183105469,63.83000183105469,63.91999816894531,63.79999923706055,63.880001068115234,33988.0
2023-06-16 15:50:00,YORW,43.47999954223633,43.47999954223633,43.7400016784668,42.869998931884766,42.90999984741211,23409.0
2023-06-16 15:51:00,ADN,0.6804999709129333,0.6804999709129333,0.6830000281333923,0.6804999709129333,0.6830000281333923,7176.0
2023-06-16 15:51:00,AEP,84.75,84.75,84.7699966430664,84.70999908447266,84.70999908447266,12763.0
2023-06-16 15:51:00,ARTNA,49.220001220703125,49.220001220703125,49.220001220703125,49.220001220703125,49.220001220703125,241.0
2023-06-16 15:51:00,AY,23.770000457763672,23.770000457763672,23.780000686645508,23.75,23.760000228881836,9479.0
2023-06-16 15:51:00,CDZI,4.304999828338623,4.304999828338623,4.304999828338623,4.300000190734863,4.304999828338623,741.0
2023-06-16 15:51:00,CEG,93.13999938964844,93.13999938964844,93.1500015258789,92.92500305175781,92.93000030517578,16362.0
2023-06-16 15:51:00,CREG,2.0388998985290527,2.0388998985290527,2.0388998985290527,2.0388998985290527,2.0388998985290527,306.0
2023-06-16 15:51:00,CWCO,22.290000915527344,22.290000915527344,22.399999618530273,22.290000915527344,22.399999618530273,2118.0
2023-06-16 15:51:00,EXC,41.20500183105469,41.20500183105469,41.220001220703125,41.19499969482422,41.19499969482422,40684.0
2023-06-16 15:51:00,FLNC,26.18000030517578,26.18000030517578,26.209999084472656,26.18000030517578,26.200000762939453,7208.0
2023-06-16 15:51:00,LNT,53.779998779296875,53.779998779296875,53.810001373291016,53.77000045776367,53.77000045776367,17284.0
2023-06-16 15:51:00,MGEE,78.88500213623047,78.88500213623047,78.88500213623047,78.88500213623047,78.88500213623047,677.0
2023-06-16 15:51:00,MNTK,7.010000228881836,7.010000228881836,7.019999980926514,7.010000228881836,7.019999980926514,5383.0
2023-06-16 15:51:00,NFE,30.03499984741211,30.03499984741211,30.06999969482422,30.030000686645508,30.06999969482422,5484.0
2023-06-16 15:51:00,NWE,58.75,58.75,58.77000045776367,58.724998474121094,58.724998474121094,2003.0
2023-06-16 15:51:00,OPAL,6.789999961853027,6.789999961853027,6.929999828338623,6.769999980926514,6.840000152587891,11084.0
2023-06-16 15:51:00,OTTR,75.18499755859375,75.18499755859375,75.22000122070312,75.16000366210938,75.20999908447266,1939.0
2023-06-16 15:51:00,PCYO,10.755000114440918,10.755000114440918,10.859999656677246,10.755000114440918,10.84000015258789,5919.0
2023-06-16 15:51:00,RGCO,21.350000381469727,21.350000381469727,21.350000381469727,21.350000381469727,21.350000381469727,491.0
2023-06-16 15:51:00,RNW,5.929999828338623,5.929999828338623,5.929999828338623,5.920000076293945,5.920000076293945,7121.0
2023-06-16 15:51:00,XEL,63.86000061035156,63.86000061035156,63.869998931884766,63.810001373291016,63.83000183105469,26197.0
2023-06-16 15:51:00,YORW,43.61000061035156,43.61000061035156,43.75,43.58000183105469,43.709999084472656,5617.0
2023-06-16 15:52:00,ADN,0.682699978351593,0.682699978351593,0.682699978351593,0.6800000071525574,0.6814000010490417,27993.0
2023-06-16 15:52:00,AEP,84.7300033569336,84.7300033569336,84.75,84.70500183105469,84.75,10938.0
2023-06-16 15:52:00,ARTNA,49.20500183105469,49.20500183105469,49.27000045776367,49.20500183105469,49.27000045776367,484.0
2023-06-16 15:52:00,AY,23.780000686645508,23.780000686645508,23.780000686645508,23.75,23.760000228881836,10520.0
2023-06-16 15:52:00,BNRG,0.9700000286102295,0.9700000286102295,0.9700000286102295,0.9700000286102295,0.9700000286102295,292.0
2023-06-16 15:52:00,CDZI,4.304999828338623,4.304999828338623,4.304999828338623,4.300000190734863,4.304999828338623,1184.0
2023-06-16 15:52:00,CEG,92.98999786376953,92.98999786376953,93.12999725341797,92.95999908447266,93.12999725341797,16328.0
2023-06-16 15:52:00,EXC,41.14500045776367,41.14500045776367,41.20500183105469,41.1349983215332,41.20500183105469,65775.0
2023-06-16 15:52:00,FLNC,26.139999389648438,26.139999389648438,26.18000030517578,26.139999389648438,26.18000030517578,13097.0
2023-06-16 15:52:00,LNT,53.77000045776367,53.77000045776367,53.790000915527344,53.7400016784668,53.78499984741211,9357.0
2023-06-16 15:52:00,MGEE,78.81999969482422,78.81999969482422,78.81999969482422,78.80999755859375,78.81999969482422,640.0
2023-06-16 15:52:00,MNTK,7.0,7.0,7.010000228881836,6.994999885559082,7.010000228881836,7910.0
2023-06-16 15:52:00,MSEX,82.44999694824219,82.44999694824219,82.44999694824219,82.2699966430664,82.27999877929688,3060.0
2023-06-16 15:52:00,NFE,30.010000228881836,30.010000228881836,30.03499984741211,30.010000228881836,30.03499984741211,6718.0
2023-06-16 15:52:00,NWE,58.69499969482422,58.69499969482422,58.72999954223633,58.68000030517578,58.72999954223633,2524.0
2023-06-16 15:52:00,OPAL,6.929999828338623,6.929999828338623,6.929999828338623,6.789999961853027,6.789999961853027,335.0
2023-06-16 15:52:00,OTTR,75.29000091552734,75.29000091552734,75.33999633789062,75.16000366210938,75.16000366210938,3223.0
2023-06-16 15:52:00,PCYO,11.15999984741211,11.15999984741211,11.220000267028809,10.755000114440918,10.779999732971191,12887.0
2023-06-16 15:52:00,RNW,5.934999942779541,5.934999942779541,5.940000057220459,5.929999828338623,5.929999828338623,9361.0
2023-06-16 15:52:00,VIASP,16.600000381469727,16.600000381469727,16.600000381469727,16.600000381469727,16.600000381469727,120.0
2023-06-16 15:52:00,XEL,63.845001220703125,63.845001220703125,63.849998474121094,63.810001373291016,63.849998474121094,23409.0
2023-06-16 15:52:00,YORW,43.689998626708984,43.689998626708984,43.70000076293945,43.57500076293945,43.689998626708984,1830.0
2023-06-16 15:53:00,ADN,0.6800000071525574,0.6800000071525574,0.6833999752998352,0.6800000071525574,0.6800000071525574,14314.0
2023-06-16 15:53:00,AEP,84.76000213623047,84.76000213623047,84.77999877929688,84.68000030517578,84.70999908447266,18671.0
2023-06-16 15:53:00,ARTNA,49.27000045776367,49.27000045776367,49.27000045776367,49.27000045776367,49.27000045776367,319.0
2023-06-16 15:53:00,AY,23.760000228881836,23.760000228881836,23.770000457763672,23.729999542236328,23.760000228881836,8424.0
2023-06-16 15:53:00,CDZI,4.309999942779541,4.309999942779541,4.309999942779541,4.304999828338623,4.304999828338623,2036.0
2023-06-16 15:53:00,CEG,92.98500061035156,92.98500061035156,93.04000091552734,92.94499969482422,92.98999786376953,18974.0
2023-06-16 15:53:00,CWCO,22.31999969482422,22.31999969482422,22.31999969482422,22.309999465942383,22.309999465942383,2364.0
2023-06-16 15:53:00,EXC,41.18000030517578,41.18000030517578,41.18000030517578,41.13999938964844,41.14500045776367,65181.0
2023-06-16 15:53:00,FLNC,26.139999389648438,26.139999389648438,26.149999618530273,26.1299991607666,26.135000228881836,6735.0
2023-06-16 15:53:00,GWRS,12.425000190734863,12.425000190734863,12.425000190734863,12.425000190734863,12.425000190734863,858.0
2023-06-16 15:53:00,LNT,53.709999084472656,53.709999084472656,53.77000045776367,53.68000030517578,53.77000045776367,26651.0
2023-06-16 15:53:00,MNTK,7.034999847412109,7.034999847412109,7.034999847412109,7.0,7.0,11290.0
2023-06-16 15:53:00,NFE,30.0049991607666,30.0049991607666,30.014999389648438,29.979999542236328,30.014999389648438,8931.0
2023-06-16 15:53:00,NWE,58.70000076293945,58.70000076293945,58.70000076293945,58.689998626708984,58.689998626708984,910.0
2023-06-16 15:53:00,OPAL,6.809999942779541,6.809999942779541,6.929999828338623,6.804999828338623,6.909999847412109,1559.0
2023-06-16 15:53:00,OTTR,75.33499908447266,75.33499908447266,75.3499984741211,75.29000091552734,75.33000183105469,2270.0
2023-06-16 15:53:00,PCYO,11.289999961853027,11.289999961853027,11.369999885559082,11.210000038146973,11.279999732971191,19806.0
2023-06-16 15:53:00,RNW,5.920000076293945,5.920000076293945,5.929999828338623,5.920000076293945,5.929999828338623,9649.0
2023-06-16 15:53:00,XEL,63.869998931884766,63.869998931884766,63.900001525878906,63.80500030517578,63.849998474121094,35947.0
2023-06-16 15:53:00,YORW,43.689998626708984,43.689998626708984,43.689998626708984,43.58000183105469,43.68000030517578,2208.0
2023-06-16 15:54:00,ADN,0.684499979019165,0.684499979019165,0.684499979019165,0.6844990253448486,0.6844990253448486,695.0
2023-06-16 15:54:00,AEP,84.72000122070312,84.72000122070312,84.7699966430664,84.72000122070312,84.7699966430664,17518.0
2023-06-16 15:54:00,ARTNA,49.2599983215332,49.2599983215332,49.34000015258789,49.2599983215332,49.34000015258789,1590.0
2023-06-16 15:54:00,AY,23.850000381469727,23.850000381469727,23.850000381469727,23.764999389648438,23.764999389648438,10298.0
2023-06-16 15:54:00,CDZI,4.304999828338623,4.304999828338623,4.315000057220459,4.304999828338623,4.304999828338623,3470.0
2023-06-16 15:54:00,CEG,93.0199966430664,93.0199966430664,93.05000305175781,92.91000366210938,93.0199966430664,23796.0
2023-06-16 15:54:00,CWCO,22.309999465942383,22.309999465942383,22.344999313354492,22.309999465942383,22.344999313354492,1627.0
2023-06-16 15:54:00,EXC,41.21500015258789,41.21500015258789,41.220001220703125,41.18000030517578,41.18000030517578,45178.0
2023-06-16 15:54:00,FLNC,26.06999969482422,26.06999969482422,26.145000457763672,26.049999237060547,26.145000457763672,11932.0
2023-06-16 15:54:00,GWRS,12.4399995803833,12.4399995803833,12.4399995803833,12.430000305175781,12.430000305175781,1217.0
2023-06-16 15:54:00,LNT,53.70000076293945,53.70000076293945,53.779998779296875,53.689998626708984,53.709999084472656,26177.0
2023-06-16 15:54:00,MGEE,78.80000305175781,78.80000305175781,78.875,78.80000305175781,78.875,719.0
2023-06-16 15:54:00,MNTK,7.03000020980835,7.03000020980835,7.070000171661377,6.989999771118164,7.034999847412109,20189.0
2023-06-16 15:54:00,MSEX,82.29000091552734,82.29000091552734,82.37999725341797,82.29000091552734,82.37999725341797,3481.0
2023-06-16 15:54:00,NFE,29.959999084472656,29.959999084472656,30.010000228881836,29.959999084472656,30.0049991607666,12630.0
2023-06-16 15:54:00,NWE,58.7400016784668,58.7400016784668,58.7599983215332,58.67499923706055,58.68000030517578,5981.0
2023-06-16 15:54:00,OPAL,6.849999904632568,6.849999904632568,6.849999904632568,6.849999904632568,6.849999904632568,692.0
2023-06-16 15:54:00,OTTR,75.33999633789062,75.33999633789062,75.4000015258789,75.30000305175781,75.30500030517578,5959.0
2023-06-16 15:54:00,PCYO,11.350000381469727,11.350000381469727,11.350000381469727,11.210000038146973,11.220000267028809,19739.0
2023-06-16 15:54:00,RNW,5.90500020980835,5.90500020980835,5.925000190734863,5.889999866485596,5.920000076293945,45573.0
2023-06-16 15:54:00,VIA,10.729999542236328,10.729999542236328,10.729999542236328,10.729999542236328,10.729999542236328,472.0
2023-06-16 15:54:00,XEL,63.88999938964844,63.88999938964844,63.93000030517578,63.834999084472656,63.869998931884766,53086.0
2023-06-16 15:54:00,YORW,43.61000061035156,43.61000061035156,43.75,43.57500076293945,43.57500076293945,3456.0
2023-06-16 15:55:00,ADN,0.6844000220298767,0.6844000220298767,0.6844000220298767,0.6826000213623047,0.6826000213623047,1100.0
2023-06-16 15:55:00,AEP,84.87000274658203,84.87000274658203,84.9000015258789,84.73999786376953,84.73999786376953,33165.0
2023-06-16 15:55:00,ARTNA,49.32500076293945,49.32500076293945,49.32500076293945,49.32500076293945,49.32500076293945,195.0
2023-06-16 15:55:00,AY,23.93000030517578,23.93000030517578,23.93000030517578,23.8799991607666,23.899999618530273,12399.0
2023-06-16 15:55:00,CDZI,4.304999828338623,4.304999828338623,4.304999828338623,4.30049991607666,4.30049991607666,1425.0
2023-06-16 15:55:00,CEG,92.77999877929688,92.77999877929688,92.98999786376953,92.7699966430664,92.95999908447266,125994.0
2023-06-16 15:55:00,CWCO,22.34000015258789,22.34000015258789,22.34000015258789,22.34000015258789,22.34000015258789,736.0
2023-06-16 15:55:00,EXC,41.189998626708984,41.189998626708984,41.22999954223633,41.18000030517578,41.21500015258789,108370.0
2023-06-16 15:55:00,FLNC,26.010000228881836,26.010000228881836,26.049999237060547,25.98110008239746,26.049999237060547,17488.0
2023-06-16 15:55:00,LNT,53.75,53.75,53.77000045776367,53.70000076293945,53.709999084472656,15833.0
2023-06-16 15:55:00,MGEE,78.875,78.875,78.875,78.875,78.875,129.0
2023-06-16 15:55:00,MNTK,7.03000020980835,7.03000020980835,7.045000076293945,7.03000020980835,7.045000076293945,4754.0
2023-06-16 15:55:00,MSEX,82.54000091552734,82.54000091552734,82.55000305175781,82.36000061035156,82.36000061035156,2556.0
2023-06-16 15:55:00,NFE,29.96500015258789,29.96500015258789,29.979999542236328,29.950000762939453,29.979999542236328,9670.0
2023-06-16 15:55:00,NWE,58.72999954223633,58.72999954223633,58.81999969482422,58.72999954223633,58.7599983215332,875.0
2023-06-16 15:55:00,OPAL,6.960000038146973,6.960000038146973,6.960000038146973,6.84499979019165,6.960000038146973,1630.0
2023-06-16 15:55:00,OTTR,75.62000274658203,75.62000274658203,75.73999786376953,75.44999694824219,75.44999694824219,9652.0
2023-06-16 15:55:00,PCYO,11.300000190734863,11.300000190734863,11.350000381469727,11.21500015258789,11.319999694824219,2866.0
2023-06-16 15:55:00,RGCO,21.3799991607666,21.3799991607666,21.399999618530273,21.364999771118164,21.364999771118164,2519.0
2023-06-16 15:55:00,RNW,5.90500020980835,5.90500020980835,5.909999847412109,5.860000133514404,5.90500020980835,49770.0
2023-06-16 15:55:00,XEL,63.869998931884766,63.869998931884766,63.91999816894531,63.86000061035156,63.900001525878906,44061.0
2023-06-16 15:55:00,YORW,43.72999954223633,43.72999954223633,43.84000015258789,43.720001220703125,43.720001220703125,2818.0
2023-06-16 15:56:00,ADN,0.6822999715805054,0.6822999715805054,0.6822999715805054,0.6822999715805054,0.6822999715805054,465.0
2023-06-16 15:56:00,AEP,84.87000274658203,84.87000274658203,84.87999725341797,84.84300231933594,84.87000274658203,24137.0
2023-06-16 15:56:00,ARTNA,49.314998626708984,49.314998626708984,49.314998626708984,49.255001068115234,49.2599983215332,815.0
2023-06-16 15:56:00,AY,23.920000076293945,23.920000076293945,23.93000030517578,23.895000457763672,23.91790008544922,12484.0
2023-06-16 15:56:00,CDZI,4.315000057220459,4.315000057220459,4.320000171661377,4.300000190734863,4.304999828338623,4547.0
2023-06-16 15:56:00,CEG,92.91000366210938,92.91000366210938,92.91999816894531,92.73999786376953,92.77999877929688,37762.0
2023-06-16 15:56:00,CWCO,22.31999969482422,22.31999969482422,22.34000015258789,22.31999969482422,22.34000015258789,877.0
2023-06-16 15:56:00,EXC,41.22999954223633,41.22999954223633,41.22999954223633,41.18000030517578,41.185001373291016,72721.0
2023-06-16 15:56:00,FLNC,25.988300323486328,25.988300323486328,26.0,25.979999542236328,26.0,11660.0
2023-06-16 15:56:00,GWRS,12.489999771118164,12.489999771118164,12.489999771118164,12.460000038146973,12.470000267028809,1206.0
2023-06-16 15:56:00,HTOO,2.240000009536743,2.240000009536743,2.240000009536743,2.240000009536743,2.240000009536743,723.0
2023-06-16 15:56:00,LNT,53.755001068115234,53.755001068115234,53.755001068115234,53.72999954223633,53.755001068115234,21257.0
2023-06-16 15:56:00,MGEE,78.80999755859375,78.80999755859375,78.81999969482422,78.80999755859375,78.80999755859375,651.0
2023-06-16 15:56:00,MNTK,7.059999942779541,7.059999942779541,7.059999942779541,7.039999961853027,7.039999961853027,4549.0
2023-06-16 15:56:00,MSEX,82.55000305175781,82.55000305175781,82.55999755859375,82.5199966430664,82.5199966430664,1932.0
2023-06-16 15:56:00,NFE,29.940000534057617,29.940000534057617,29.96500015258789,29.93000030517578,29.959999084472656,11839.0
2023-06-16 15:56:00,NWE,58.79999923706055,58.79999923706055,58.79999923706055,58.755001068115234,58.755001068115234,2207.0
2023-06-16 15:56:00,OTTR,75.59500122070312,75.59500122070312,75.5999984741211,75.54000091552734,75.58000183105469,2218.0
2023-06-16 15:56:00,PCYO,11.210000038146973,11.210000038146973,11.21500015258789,11.210000038146973,11.21500015258789,2367.0
2023-06-16 15:56:00,RGCO,21.375,21.375,21.375,21.375,21.375,485.0
2023-06-16 15:56:00,RNW,5.90500020980835,5.90500020980835,5.90500020980835,5.900000095367432,5.900000095367432,7113.0
2023-06-16 15:56:00,VIA,10.630000114440918,10.630000114440918,10.65999984741211,10.630000114440918,10.65999984741211,1280.0
2023-06-16 15:56:00,XEL,63.86000061035156,63.86000061035156,63.880001068115234,63.83000183105469,63.86000061035156,45886.0
2023-06-16 15:56:00,YORW,43.689998626708984,43.689998626708984,43.689998626708984,43.689998626708984,43.689998626708984,239.0
2023-06-16 15:57:00,ADN,0.6804999709129333,0.6804999709129333,0.6809999942779541,0.6800000071525574,0.6800000071525574,20368.0
2023-06-16 15:57:00,AEP,84.87999725341797,84.87999725341797,84.91000366210938,84.86000061035156,84.87999725341797,26300.0
2023-06-16 15:57:00,AEPPZ,49.310001373291016,49.310001373291016,49.310001373291016,49.310001373291016,49.310001373291016,503.0
2023-06-16 15:57:00,ARTNA,49.36000061035156,49.36000061035156,49.36000061035156,49.314998626708984,49.36000061035156,905.0
2023-06-16 15:57:00,AY,23.93000030517578,23.93000030517578,23.950000762939453,23.920000076293945,23.920000076293945,9212.0
2023-06-16 15:57:00,BNRG,0.9700000286102295,0.9700000286102295,0.9700000286102295,0.9700000286102295,0.9700000286102295,1042.0
2023-06-16 15:57:00,CDZI,4.309999942779541,4.309999942779541,4.320000171661377,4.309999942779541,4.315000057220459,4217.0
2023-06-16 15:57:00,CEG,92.91999816894531,92.91999816894531,92.95999908447266,92.87000274658203,92.91999816894531,64298.0
2023-06-16 15:57:00,CREG,2.0299999713897705,2.0299999713897705,2.0299999713897705,2.0299999713897705,2.0299999713897705,466.0
2023-06-16 15:57:00,CWCO,22.31999969482422,22.31999969482422,22.34000015258789,22.315000534057617,22.34000015258789,5248.0
2023-06-16 15:57:00,EXC,41.220001220703125,41.220001220703125,41.2400016784668,41.209999084472656,41.224998474121094,77411.0
2023-06-16 15:57:00,FLNC,26.010000228881836,26.010000228881836,26.01129913330078,25.979999542236328,25.989999771118164,11701.0
2023-06-16 15:57:00,GWRS,12.444999694824219,12.444999694824219,12.444999694824219,12.444999694824219,12.444999694824219,295.0
2023-06-16 15:57:00,HTOO,2.2200000286102295,2.2200000286102295,2.2200000286102295,2.2200000286102295,2.2200000286102295,203.0
2023-06-16 15:57:00,LNT,53.775001525878906,53.775001525878906,53.78499984741211,53.75,53.755001068115234,24888.0
2023-06-16 15:57:00,MGEE,78.95999908447266,78.95999908447266,78.95999908447266,78.83999633789062,78.83999633789062,1353.0
2023-06-16 15:57:00,MNTK,7.065000057220459,7.065000057220459,7.070000171661377,7.059999942779541,7.065000057220459,8368.0
2023-06-16 15:57:00,MSEX,82.61000061035156,82.61000061035156,82.62999725341797,82.55999755859375,82.58999633789062,3084.0
2023-06-16 15:57:00,NFE,29.934999465942383,29.934999465942383,29.94499969482422,29.93000030517578,29.940000534057617,10769.0
2023-06-16 15:57:00,NWE,58.7599983215332,58.7599983215332,58.83000183105469,58.7599983215332,58.83000183105469,3964.0
2023-06-16 15:57:00,OPAL,6.860000133514404,6.860000133514404,6.90500020980835,6.815000057220459,6.849999904632568,1265.0
2023-06-16 15:57:00,OTTR,75.8499984741211,75.8499984741211,75.8499984741211,75.69999694824219,75.69999694824219,8896.0
2023-06-16 15:57:00,PCYO,11.255000114440918,11.255000114440918,11.369999885559082,11.25,11.25,9580.0
2023-06-16 15:57:00,RGCO,21.3700008392334,21.3700008392334,21.3700008392334,21.3700008392334,21.3700008392334,514.0
2023-06-16 15:57:00,RNW,5.90500020980835,5.90500020980835,5.914999961853027,5.880000114440918,5.90500020980835,51655.0
2023-06-16 15:57:00,VIA,10.53499984741211,10.53499984741211,10.579999923706055,10.53499984741211,10.579999923706055,1512.0
2023-06-16 15:57:00,XEL,63.869998931884766,63.869998931884766,63.880001068115234,63.845001220703125,63.86000061035156,37834.0
2023-06-16 15:57:00,YORW,43.810001373291016,43.810001373291016,43.84000015258789,43.630001068115234,43.630001068115234,6110.0
2023-06-16 15:58:00,ADN,0.6809999942779541,0.6809999942779541,0.684499979019165,0.6802999973297119,0.6802999973297119,3525.0
2023-06-16 15:58:00,AEP,84.88500213623047,84.88500213623047,84.91999816894531,84.87000274658203,84.87999725341797,49951.0
2023-06-16 15:58:00,ARTNA,49.26499938964844,49.26499938964844,49.369998931884766,49.2599983215332,49.279998779296875,1279.0
2023-06-16 15:58:00,AY,23.940000534057617,23.940000534057617,23.940000534057617,23.934999465942383,23.940000534057617,3751.0
2023-06-16 15:58:00,BNRG,0.9653000235557556,0.9653000235557556,0.9675999879837036,0.9652000069618225,0.9675999879837036,2505.0
2023-06-16 15:58:00,CDZI,4.309999942779541,4.309999942779541,4.320000171661377,4.309999942779541,4.309999942779541,2850.0
2023-06-16 15:58:00,CEG,92.91999816894531,92.91999816894531,92.95999908447266,92.9000015258789,92.91999816894531,45994.0
2023-06-16 15:58:00,CWCO,22.34000015258789,22.34000015258789,22.350000381469727,22.334999084472656,22.350000381469727,3402.0
2023-06-16 15:58:00,EXC,41.22999954223633,41.22999954223633,41.2400016784668,41.220001220703125,41.220001220703125,107508.0
2023-06-16 15:58:00,FLNC,26.040000915527344,26.040000915527344,26.040000915527344,26.0,26.010000228881836,9948.0
2023-06-16 15:58:00,GWRS,12.444999694824219,12.444999694824219,12.444999694824219,12.444999694824219,12.444999694824219,325.0
2023-06-16 15:58:00,HTOO,2.234999895095825,2.234999895095825,2.240000009536743,2.2300000190734863,2.2300000190734863,427.0
2023-06-16 15:58:00,LNT,53.77000045776367,53.77000045776367,53.779998779296875,53.77000045776367,53.775001525878906,12913.0
2023-06-16 15:58:00,MNTK,7.03000020980835,7.03000020980835,7.079999923706055,7.025000095367432,7.065000057220459,23566.0
2023-06-16 15:58:00,MSEX,82.51499938964844,82.51499938964844,82.58999633789062,82.51499938964844,82.54000091552734,7806.0
2023-06-16 15:58:00,NFE,29.934999465942383,29.934999465942383,29.950000762939453,29.93000030517578,29.9325008392334,15087.0
2023-06-16 15:58:00,NWE,58.75,58.75,58.779998779296875,58.720001220703125,58.7599983215332,3599.0
2023-06-16 15:58:00,OTTR,75.76000213623047,75.76000213623047,75.79000091552734,75.73999786376953,75.79000091552734,3718.0
2023-06-16 15:58:00,PCYO,11.329999923706055,11.329999923706055,11.34000015258789,11.229999542236328,11.260000228881836,16027.0
2023-06-16 15:58:00,RGCO,21.389999389648438,21.389999389648438,21.389999389648438,21.389999389648438,21.389999389648438,516.0
2023-06-16 15:58:00,RNW,5.914999961853027,5.914999961853027,5.925000190734863,5.90500020980835,5.90500020980835,38040.0
2023-06-16 15:58:00,XEL,63.869998931884766,63.869998931884766,63.900001525878906,63.86000061035156,63.875,83710.0
2023-06-16 15:58:00,YORW,43.83000183105469,43.83000183105469,43.86000061035156,43.75,43.7599983215332,3500.0
2023-06-16 15:59:00,ADN,0.6949999928474426,0.6949999928474426,0.6949999928474426,0.6809999942779541,0.6819999814033508,11901.0
2023-06-16 15:59:00,AEP,84.91999816894531,84.91999816894531,84.93000030517578,84.8550033569336,84.87999725341797,106835.0
2023-06-16 15:59:00,ARTNA,49.244998931884766,49.244998931884766,49.36000061035156,49.22999954223633,49.36000061035156,1587.0
2023-06-16 15:59:00,AY,23.950000762939453,23.950000762939453,23.950000762939453,23.920000076293945,23.940000534057617,13169.0
2023-06-16 15:59:00,BNRG,0.9769999980926514,0.9769999980926514,0.9769999980926514,0.9769999980926514,0.9769999980926514,400.0
2023-06-16 15:59:00,CDZI,4.304999828338623,4.304999828338623,4.315000057220459,4.300000190734863,4.309999942779541,5663.0
2023-06-16 15:59:00,CEG,92.9000015258789,92.9000015258789,92.91999816894531,92.83000183105469,92.91999816894531,133253.0
2023-06-16 15:59:00,CWCO,22.389999389648438,22.389999389648438,22.389999389648438,22.329999923706055,22.34000015258789,5257.0
2023-06-16 15:59:00,EXC,41.220001220703125,41.220001220703125,41.22999954223633,41.189998626708984,41.224998474121094,190733.0
2023-06-16 15:59:00,FLNC,26.010000228881836,26.010000228881836,26.040000915527344,25.969999313354492,26.030000686645508,38836.0
2023-06-16 15:59:00,GWRS,12.399999618530273,12.399999618530273,12.40999984741211,12.399999618530273,12.40999984741211,764.0
2023-06-16 15:59:00,HTOO,2.240000009536743,2.240000009536743,2.240000009536743,2.240000009536743,2.240000009536743,337.0
2023-06-16 15:59:00,LNT,53.7400016784668,53.7400016784668,53.779998779296875,53.689998626708984,53.77000045776367,69242.0
2023-06-16 15:59:00,MGEE,78.94999694824219,78.94999694824219,79.04000091552734,78.94000244140625,78.99500274658203,1512.0
2023-06-16 15:59:00,MNTK,7.019999980926514,7.019999980926514,7.039999961853027,7.010000228881836,7.03000020980835,50451.0
2023-06-16 15:59:00,MSEX,82.69000244140625,82.69000244140625,82.69000244140625,82.44999694824219,82.54000091552734,9300.0
2023-06-16 15:59:00,NFE,29.940000534057617,29.940000534057617,29.950000762939453,29.93000030517578,29.934999465942383,21051.0
2023-06-16 15:59:00,NWE,58.720001220703125,58.720001220703125,58.779998779296875,58.709999084472656,58.7400016784668,10531.0
2023-06-16 15:59:00,OPAL,6.849999904632568,6.849999904632568,6.940000057220459,6.849999904632568,6.900000095367432,971.0
2023-06-16 15:59:00,OTTR,75.7300033569336,75.7300033569336,75.81999969482422,75.72000122070312,75.7699966430664,14938.0
2023-06-16 15:59:00,PCYO,11.359999656677246,11.359999656677246,11.369999885559082,11.329999923706055,11.34000015258789,24389.0
2023-06-16 15:59:00,RGCO,21.290000915527344,21.290000915527344,21.375,21.290000915527344,21.329999923706055,1378.0
2023-06-16 15:59:00,RNW,5.909999847412109,5.909999847412109,5.920000076293945,5.909999847412109,5.914999961853027,33270.0
2023-06-16 15:59:00,VIA,10.539999961853027,10.539999961853027,10.739999771118164,10.539999961853027,10.739999771118164,1849.0
2023-06-16 15:59:00,XEL,63.88999938964844,63.88999938964844,63.88999938964844,63.83000183105469,63.8650016784668,130163.0
2023-06-16 15:59:00,YORW,43.84000015258789,43.84000015258789,43.84000015258789,43.77000045776367,43.779998779296875,6018.0
