Datetime,Symbol,Adj Close,Close,High,Low,Open,Volume
2023-06-29 09:30:00,WSBCP,23.329999923706055,23.329999923706055,23.329999923706055,22.950000762939453,22.950000762939453,0.0
2023-06-29 09:30:00,WSBF,14.579999923706055,14.579999923706055,14.579999923706055,14.579999923706055,14.579999923706055,0.0
2023-06-29 09:30:00,WSFS,37.4900016784668,37.4900016784668,38.13999938964844,37.4900016784668,38.13999938964844,0.0
2023-06-29 09:30:00,WTFC,72.2699966430664,72.2699966430664,72.2699966430664,72.22000122070312,72.22000122070312,0.0
2023-06-29 09:30:00,WTFCM,22.770000457763672,22.770000457763672,22.770000457763672,22.770000457763672,22.770000457763672,452.0
2023-06-29 09:30:00,WTFCP,23.68000030517578,23.68000030517578,23.68000030517578,23.600000381469727,23.649999618530273,4899.0
2023-06-29 09:30:00,WTW,233.0500030517578,233.0500030517578,233.0500030517578,233.0500030517578,233.0500030517578,0.0
2023-06-29 09:30:00,WULF,1.7400000095367432,1.7400000095367432,1.7799999713897705,1.7400000095367432,1.7799999713897705,88266.0
2023-06-29 09:30:00,WWACW,0.04470000043511391,0.04470000043511391,0.04470000043511391,0.04470000043511391,0.04470000043511391,0.0
2023-06-29 09:30:00,XP,23.0,23.0,23.049999237060547,22.975000381469727,22.979999542236328,33879.0
2023-06-29 09:30:00,XPDB,10.420000076293945,10.420000076293945,10.420000076293945,10.420000076293945,10.420000076293945,0.0
2023-06-29 09:30:00,ZION,27.389999389648438,27.389999389648438,27.579999923706055,27.360000610351562,27.43000030517578,92865.0
2023-06-29 09:30:00,ZIONO,24.790000915527344,24.790000915527344,24.790000915527344,24.540000915527344,24.540000915527344,0.0
2023-06-29 09:30:00,ZIONP,17.75,17.75,17.75,17.75,17.75,0.0
2023-06-29 09:31:00,WSFS,38.23500061035156,38.23500061035156,38.23500061035156,38.224998474121094,38.224998474121094,688.0
2023-06-29 09:31:00,WTFC,72.71289825439453,72.71289825439453,72.71289825439453,72.33999633789062,72.33999633789062,909.0
2023-06-29 09:31:00,WTFCP,23.850000381469727,23.850000381469727,23.850000381469727,23.81999969482422,23.81999969482422,412.0
2023-06-29 09:31:00,WULF,1.7319999933242798,1.7319999933242798,1.745300054550171,1.7300000190734863,1.745300054550171,12559.0
2023-06-29 09:31:00,XP,23.045000076293945,23.045000076293945,23.049999237060547,22.9950008392334,22.9950008392334,4305.0
2023-06-29 09:31:00,ZION,27.670000076293945,27.670000076293945,27.700000762939453,27.405000686645508,27.405000686645508,12384.0
2023-06-29 09:32:00,WSBF,14.510000228881836,14.510000228881836,14.510000228881836,14.510000228881836,14.510000228881836,217.0
2023-06-29 09:32:00,WSFS,38.29499816894531,38.29499816894531,38.29499816894531,38.29499816894531,38.29499816894531,872.0
2023-06-29 09:32:00,WTFC,72.45999908447266,72.45999908447266,72.70999908447266,72.45999908447266,72.54000091552734,1044.0
2023-06-29 09:32:00,WULF,1.769700050354004,1.769700050354004,1.7699999809265137,1.7300000190734863,1.7325999736785889,57075.0
2023-06-29 09:32:00,XP,23.079999923706055,23.079999923706055,23.079999923706055,23.05500030517578,23.05500030517578,1073.0
2023-06-29 09:32:00,ZION,27.56999969482422,27.56999969482422,27.700000762939453,27.559999465942383,27.67569923400879,9301.0
2023-06-29 09:33:00,WSBF,14.539999961853027,14.539999961853027,14.539999961853027,14.539999961853027,14.539999961853027,465.0
2023-06-29 09:33:00,WTW,232.55499267578125,232.55499267578125,232.55499267578125,232.55499267578125,232.55499267578125,405.0
2023-06-29 09:33:00,WULF,1.7793999910354614,1.7793999910354614,1.7798999547958374,1.7649999856948853,1.7649999856948853,9846.0
2023-06-29 09:33:00,XP,23.170000076293945,23.170000076293945,23.200000762939453,23.114999771118164,23.1299991607666,5135.0
2023-06-29 09:33:00,ZION,27.56999969482422,27.56999969482422,27.600000381469727,27.5,27.540300369262695,22185.0
2023-06-29 09:34:00,WULF,1.7949999570846558,1.7949999570846558,1.7999999523162842,1.7799999713897705,1.7799999713897705,28443.0
2023-06-29 09:34:00,XP,23.204999923706055,23.204999923706055,23.229999542236328,23.149999618530273,23.20599937438965,31307.0
2023-06-29 09:34:00,ZION,27.594999313354492,27.594999313354492,27.61989974975586,27.514999389648438,27.56999969482422,16794.0
2023-06-29 09:35:00,WSFS,38.439998626708984,38.439998626708984,38.439998626708984,38.439998626708984,38.439998626708984,103.0
2023-06-29 09:35:00,WTFC,72.45999908447266,72.45999908447266,72.45999908447266,72.45999908447266,72.45999908447266,135.0
2023-06-29 09:35:00,WTFCP,23.74799919128418,23.74799919128418,23.74799919128418,23.74799919128418,23.74799919128418,197.0
2023-06-29 09:35:00,WTW,232.4499969482422,232.4499969482422,232.4499969482422,232.4499969482422,232.4499969482422,260.0
2023-06-29 09:35:00,WULF,1.820099949836731,1.820099949836731,1.820099949836731,1.7999999523162842,1.7999999523162842,37225.0
2023-06-29 09:35:00,XP,23.219999313354492,23.219999313354492,23.260000228881836,23.204999923706055,23.209999084472656,18877.0
2023-06-29 09:35:00,ZION,27.514999389648438,27.514999389648438,27.609100341796875,27.489999771118164,27.600000381469727,11498.0
2023-06-29 09:36:00,WSFS,38.38999938964844,38.38999938964844,38.38999938964844,38.310001373291016,38.310001373291016,914.0
2023-06-29 09:36:00,WTFC,72.69000244140625,72.69000244140625,72.69000244140625,72.69000244140625,72.69000244140625,737.0
2023-06-29 09:36:00,WTW,232.47500610351562,232.47500610351562,232.47500610351562,232.4499969482422,232.4499969482422,456.0
2023-06-29 09:36:00,WULF,1.8106000423431396,1.8106000423431396,1.8200000524520874,1.8102999925613403,1.8200000524520874,18123.0
2023-06-29 09:36:00,WWACW,0.03999999910593033,0.03999999910593033,0.0471000000834465,0.03999999910593033,0.0471000000834465,54318.0
2023-06-29 09:36:00,XP,23.360000610351562,23.360000610351562,23.389999389648438,23.219999313354492,23.219999313354492,13319.0
2023-06-29 09:36:00,ZION,27.479999542236328,27.479999542236328,27.59000015258789,27.479999542236328,27.504199981689453,22309.0
2023-06-29 09:37:00,WSFS,38.38999938964844,38.38999938964844,38.38999938964844,38.38999938964844,38.38999938964844,111.0
2023-06-29 09:37:00,WTFC,73.0,73.0,73.13999938964844,72.98999786376953,72.98999786376953,1575.0
2023-06-29 09:37:00,WTFCP,23.829999923706055,23.829999923706055,23.829999923706055,23.829999923706055,23.829999923706055,1050.0
2023-06-29 09:37:00,WTW,232.44000244140625,232.44000244140625,232.44000244140625,232.44000244140625,232.44000244140625,511.0
2023-06-29 09:37:00,WULF,1.809999942779541,1.809999942779541,1.8199000358581543,1.7899999618530273,1.815000057220459,96584.0
2023-06-29 09:37:00,XP,23.325000762939453,23.325000762939453,23.399999618530273,23.325000762939453,23.360000610351562,31855.0
2023-06-29 09:37:00,ZION,27.600000381469727,27.600000381469727,27.600000381469727,27.469999313354492,27.510000228881836,28647.0
2023-06-29 09:38:00,WTW,232.79750061035156,232.79750061035156,232.80999755859375,232.79750061035156,232.80999755859375,478.0
2023-06-29 09:38:00,WULF,1.809999942779541,1.809999942779541,1.815000057220459,1.8049999475479126,1.809999942779541,20843.0
2023-06-29 09:38:00,XP,23.34000015258789,23.34000015258789,23.385000228881836,23.315000534057617,23.329999923706055,8565.0
2023-06-29 09:38:00,ZION,27.469999313354492,27.469999313354492,27.594999313354492,27.469999313354492,27.579999923706055,15171.0
2023-06-29 09:39:00,WSBF,14.640000343322754,14.640000343322754,14.640000343322754,14.640000343322754,14.640000343322754,277.0
2023-06-29 09:39:00,WSFS,38.36000061035156,38.36000061035156,38.560001373291016,38.09000015258789,38.40999984741211,2335.0
2023-06-29 09:39:00,WULF,1.8200000524520874,1.8200000524520874,1.8291000127792358,1.8111000061035156,1.815000057220459,18816.0
2023-06-29 09:39:00,XP,23.34000015258789,23.34000015258789,23.344999313354492,23.31999969482422,23.325000762939453,5951.0
2023-06-29 09:39:00,ZION,27.649999618530273,27.649999618530273,27.649999618530273,27.434999465942383,27.469999313354492,16335.0
2023-06-29 09:40:00,WSFS,38.439998626708984,38.439998626708984,38.439998626708984,38.439998626708984,38.439998626708984,259.0
2023-06-29 09:40:00,WTW,233.16000366210938,233.16000366210938,233.16000366210938,233.16000366210938,233.16000366210938,761.0
2023-06-29 09:40:00,WULF,1.8200000524520874,1.8200000524520874,1.8300000429153442,1.809999942779541,1.8200000524520874,84268.0
2023-06-29 09:40:00,XP,23.34000015258789,23.34000015258789,23.350000381469727,23.334999084472656,23.33930015563965,4640.0
2023-06-29 09:40:00,ZION,27.670000076293945,27.670000076293945,27.690000534057617,27.639999389648438,27.65999984741211,10184.0
2023-06-29 09:41:00,WSFS,38.459999084472656,38.459999084472656,38.459999084472656,38.459999084472656,38.459999084472656,898.0
2023-06-29 09:41:00,WTFC,72.98999786376953,72.98999786376953,72.98999786376953,72.98999786376953,72.98999786376953,340.0
2023-06-29 09:41:00,WULF,1.809999942779541,1.809999942779541,1.8200000524520874,1.809999942779541,1.8200000524520874,20904.0
2023-06-29 09:41:00,XP,23.209999084472656,23.209999084472656,23.350000381469727,23.209999084472656,23.350000381469727,14774.0
2023-06-29 09:41:00,ZION,27.59000015258789,27.59000015258789,27.690000534057617,27.559999465942383,27.670000076293945,21954.0
2023-06-29 09:42:00,WTW,233.1300048828125,233.1300048828125,233.1300048828125,233.1300048828125,233.1300048828125,627.0
2023-06-29 09:42:00,WULF,1.8000999689102173,1.8000999689102173,1.815000057220459,1.8000999689102173,1.815000057220459,6642.0
2023-06-29 09:42:00,XP,23.190000534057617,23.190000534057617,23.200000762939453,23.165000915527344,23.200000762939453,6641.0
2023-06-29 09:42:00,XPDBW,0.07479999959468842,0.07479999959468842,0.07490000128746033,0.07240000367164612,0.07240000367164612,0.0
2023-06-29 09:42:00,ZION,27.649900436401367,27.649900436401367,27.649900436401367,27.540000915527344,27.600000381469727,9549.0
2023-06-29 09:43:00,WULF,1.8049999475479126,1.8049999475479126,1.815000057220459,1.7999999523162842,1.809999942779541,25347.0
2023-06-29 09:43:00,XP,23.1200008392334,23.1200008392334,23.190000534057617,23.110000610351562,23.184999465942383,9307.0
2023-06-29 09:43:00,ZION,27.549999237060547,27.549999237060547,27.6200008392334,27.520000457763672,27.600000381469727,18404.0
2023-06-29 09:44:00,WULF,1.7967000007629395,1.7967000007629395,1.809999942779541,1.7899999618530273,1.8049999475479126,29195.0
2023-06-29 09:44:00,XP,23.139999389648438,23.139999389648438,23.139999389648438,23.100000381469727,23.1299991607666,3136.0
2023-06-29 09:44:00,ZION,27.639999389648438,27.639999389648438,27.639999389648438,27.530000686645508,27.530000686645508,8398.0
2023-06-29 09:45:00,WSBF,14.675000190734863,14.675000190734863,14.675000190734863,14.675000190734863,14.675000190734863,219.0
2023-06-29 09:45:00,WTFC,72.9749984741211,72.9749984741211,72.9749984741211,72.9749984741211,72.9749984741211,137.0
2023-06-29 09:45:00,WTW,233.1199951171875,233.1199951171875,233.1199951171875,233.1199951171875,233.1199951171875,327.0
2023-06-29 09:45:00,WULF,1.7900999784469604,1.7900999784469604,1.7949999570846558,1.7899999618530273,1.7899999618530273,21478.0
2023-06-29 09:45:00,XP,23.110000610351562,23.110000610351562,23.190000534057617,23.110000610351562,23.145000457763672,5112.0
2023-06-29 09:45:00,ZION,27.770000457763672,27.770000457763672,27.780000686645508,27.649999618530273,27.649999618530273,39901.0
2023-06-29 09:46:00,WTFC,72.98999786376953,72.98999786376953,72.98999786376953,72.9800033569336,72.98999786376953,845.0
2023-06-29 09:46:00,WULF,1.809999942779541,1.809999942779541,1.809999942779541,1.7900999784469604,1.7949999570846558,7527.0
2023-06-29 09:46:00,XP,23.1200008392334,23.1200008392334,23.1299991607666,23.09000015258789,23.110000610351562,4221.0
2023-06-29 09:46:00,ZION,27.790000915527344,27.790000915527344,27.790000915527344,27.700000762939453,27.731800079345703,20157.0
2023-06-29 09:47:00,WTW,232.82000732421875,232.82000732421875,233.07000732421875,232.82000732421875,233.07000732421875,426.0
2023-06-29 09:47:00,WULF,1.8200000524520874,1.8200000524520874,1.8300000429153442,1.8188999891281128,1.8188999891281128,42673.0
2023-06-29 09:47:00,XP,23.079999923706055,23.079999923706055,23.1200008392334,23.06999969482422,23.1200008392334,9305.0
2023-06-29 09:47:00,ZION,27.850000381469727,27.850000381469727,27.889999389648438,27.760000228881836,27.770000457763672,35362.0
2023-06-29 09:48:00,WSFS,38.48500061035156,38.48500061035156,38.48500061035156,38.48500061035156,38.48500061035156,818.0
2023-06-29 09:48:00,WTFC,72.80999755859375,72.80999755859375,73.05999755859375,72.80999755859375,73.05999755859375,1810.0
2023-06-29 09:48:00,WULF,1.815000057220459,1.815000057220459,1.8200000524520874,1.809999942779541,1.8199000358581543,7749.0
2023-06-29 09:48:00,XP,23.059999465942383,23.059999465942383,23.110000610351562,23.059999465942383,23.079999923706055,20582.0
2023-06-29 09:48:00,ZION,27.690000534057617,27.690000534057617,27.889999389648438,27.690000534057617,27.8799991607666,7849.0
2023-06-29 09:49:00,WTW,232.97999572753906,232.97999572753906,232.97999572753906,232.97999572753906,232.97999572753906,319.0
2023-06-29 09:49:00,WULF,1.8199000358581543,1.8199000358581543,1.8200000524520874,1.815000057220459,1.8178000450134277,2823.0
2023-06-29 09:49:00,XP,23.075000762939453,23.075000762939453,23.079999923706055,23.065000534057617,23.065000534057617,2400.0
2023-06-29 09:49:00,ZION,27.75,27.75,27.75,27.670000076293945,27.670000076293945,8081.0
2023-06-29 09:50:00,WTFCM,22.93090057373047,22.93090057373047,22.93090057373047,22.93090057373047,22.93090057373047,1196.0
2023-06-29 09:50:00,WULF,1.840000033378601,1.840000033378601,1.840000033378601,1.815000057220459,1.8200000524520874,55564.0
2023-06-29 09:50:00,XP,23.05500030517578,23.05500030517578,23.110000610351562,23.049999237060547,23.075000762939453,7090.0
2023-06-29 09:50:00,ZION,27.81920051574707,27.81920051574707,27.81920051574707,27.690000534057617,27.770000457763672,28735.0
2023-06-29 09:51:00,WTFCP,23.692800521850586,23.692800521850586,23.692800521850586,23.692800521850586,23.692800521850586,300.0
2023-06-29 09:51:00,WTW,233.27000427246094,233.27000427246094,233.27000427246094,233.14999389648438,233.27000427246094,556.0
2023-06-29 09:51:00,WULF,1.8550000190734863,1.8550000190734863,1.8550000190734863,1.8350000381469727,1.840000033378601,92219.0
2023-06-29 09:51:00,XP,23.110000610351562,23.110000610351562,23.114999771118164,23.05500030517578,23.05500030517578,4652.0
2023-06-29 09:51:00,ZION,27.709999084472656,27.709999084472656,27.850000381469727,27.709999084472656,27.829999923706055,6782.0
2023-06-29 09:52:00,WSFS,38.459999084472656,38.459999084472656,38.459999084472656,38.459999084472656,38.459999084472656,102.0
2023-06-29 09:52:00,WTFC,72.76000213623047,72.76000213623047,72.9000015258789,72.76000213623047,72.9000015258789,408.0
2023-06-29 09:52:00,WTFCP,23.68000030517578,23.68000030517578,23.7549991607666,23.68000030517578,23.7549991607666,670.0
2023-06-29 09:52:00,WTW,233.30999755859375,233.30999755859375,233.32000732421875,233.30999755859375,233.32000732421875,558.0
2023-06-29 09:52:00,WULF,1.8615000247955322,1.8615000247955322,1.8700000047683716,1.8550000190734863,1.8598999977111816,12727.0
2023-06-29 09:52:00,XP,23.15999984741211,23.15999984741211,23.19499969482422,23.110000610351562,23.110000610351562,12215.0
2023-06-29 09:52:00,ZION,27.639999389648438,27.639999389648438,27.709999084472656,27.639999389648438,27.700000762939453,10324.0
2023-06-29 09:53:00,WSBF,14.729999542236328,14.729999542236328,14.729999542236328,14.729999542236328,14.729999542236328,100.0
2023-06-29 09:53:00,WSFS,38.45000076293945,38.45000076293945,38.45000076293945,38.439998626708984,38.439998626708984,495.0
2023-06-29 09:53:00,WULF,1.878100037574768,1.878100037574768,1.878100037574768,1.8674999475479126,1.8674999475479126,25062.0
2023-06-29 09:53:00,XP,23.149999618530273,23.149999618530273,23.170000076293945,23.1299991607666,23.165000915527344,2611.0
2023-06-29 09:53:00,ZION,27.520000457763672,27.520000457763672,27.649999618530273,27.5,27.635000228881836,12034.0
2023-06-29 09:54:00,WSBF,14.729999542236328,14.729999542236328,14.729999542236328,14.729999542236328,14.729999542236328,149.0
2023-06-29 09:54:00,WULF,1.8600000143051147,1.8600000143051147,1.8700000047683716,1.8550000190734863,1.8700000047683716,40091.0
2023-06-29 09:54:00,XFIN,10.420000076293945,10.420000076293945,10.420000076293945,10.420000076293945,10.420000076293945,0.0
2023-06-29 09:54:00,XP,23.174999237060547,23.174999237060547,23.18000030517578,23.139999389648438,23.149999618530273,3189.0
2023-06-29 09:54:00,ZION,27.700000762939453,27.700000762939453,27.700000762939453,27.540000915527344,27.540000915527344,9641.0
2023-06-29 09:55:00,WTFC,72.87999725341797,72.87999725341797,72.87999725341797,72.87999725341797,72.87999725341797,405.0
2023-06-29 09:55:00,WULF,1.8650000095367432,1.8650000095367432,1.8700000047683716,1.850000023841858,1.8550000190734863,22235.0
2023-06-29 09:55:00,XP,23.110000610351562,23.110000610351562,23.170000076293945,23.110000610351562,23.170000076293945,4228.0
2023-06-29 09:55:00,ZION,27.639999389648438,27.639999389648438,27.760000228881836,27.6299991607666,27.709999084472656,35345.0
2023-06-29 09:56:00,WTFCP,23.7549991607666,23.7549991607666,23.7549991607666,23.7549991607666,23.7549991607666,374.0
2023-06-29 09:56:00,WULF,1.8600000143051147,1.8600000143051147,1.8700000047683716,1.8600000143051147,1.8700000047683716,23075.0
2023-06-29 09:56:00,XP,23.110000610351562,23.110000610351562,23.139999389648438,23.06999969482422,23.079999923706055,9470.0
2023-06-29 09:56:00,ZION,27.6200008392334,27.6200008392334,27.670000076293945,27.59000015258789,27.649999618530273,8408.0
2023-06-29 09:57:00,WSFS,38.56999969482422,38.56999969482422,38.59000015258789,38.52000045776367,38.52000045776367,1099.0
2023-06-29 09:57:00,WTFC,73.01000213623047,73.01000213623047,73.01000213623047,73.0,73.0,1070.0
2023-06-29 09:57:00,WULF,1.8600000143051147,1.8600000143051147,1.8609999418258667,1.8600000143051147,1.8600000143051147,12539.0
2023-06-29 09:57:00,XP,23.09000015258789,23.09000015258789,23.110000610351562,23.09000015258789,23.100000381469727,1573.0
2023-06-29 09:57:00,ZION,27.68000030517578,27.68000030517578,27.690000534057617,27.6299991607666,27.649999618530273,7752.0
2023-06-29 09:58:00,WTW,233.85000610351562,233.85000610351562,233.85000610351562,233.85000610351562,233.85000610351562,522.0
2023-06-29 09:58:00,WULF,1.8342000246047974,1.8342000246047974,1.8598999977111816,1.8301000595092773,1.850000023841858,18697.0
2023-06-29 09:58:00,XP,23.059999465942383,23.059999465942383,23.110000610351562,23.049999237060547,23.09000015258789,9357.0
2023-06-29 09:58:00,XPDBW,0.07000000029802322,0.07000000029802322,0.07000000029802322,0.07000000029802322,0.07000000029802322,100.0
2023-06-29 09:58:00,ZION,27.540000915527344,27.540000915527344,27.670000076293945,27.540000915527344,27.670000076293945,8962.0
2023-06-29 09:59:00,WSBF,14.75,14.75,14.75,14.75,14.75,179.0
2023-06-29 09:59:00,WULF,1.8300000429153442,1.8300000429153442,1.840000033378601,1.8300000429153442,1.836300015449524,29276.0
2023-06-29 09:59:00,XP,23.05500030517578,23.05500030517578,23.059999465942383,22.989999771118164,23.059999465942383,20188.0
2023-06-29 09:59:00,ZION,27.520000457763672,27.520000457763672,27.59000015258789,27.520000457763672,27.549999237060547,9560.0
2023-06-29 10:00:00,WULF,1.8350000381469727,1.8350000381469727,1.8350000381469727,1.8300000429153442,1.8300000429153442,3732.0
2023-06-29 10:00:00,XP,23.06999969482422,23.06999969482422,23.06999969482422,23.049999237060547,23.049999237060547,5741.0
2023-06-29 10:00:00,ZION,27.540000915527344,27.540000915527344,27.587600708007812,27.520000457763672,27.53499984741211,14266.0
2023-06-29 10:01:00,WSFS,38.630001068115234,38.630001068115234,38.630001068115234,38.58000183105469,38.58000183105469,343.0
2023-06-29 10:01:00,WTFC,73.20999908447266,73.20999908447266,73.20999908447266,73.02999877929688,73.02999877929688,1600.0
2023-06-29 10:01:00,WTW,233.6699981689453,233.6699981689453,233.6699981689453,233.6699981689453,233.6699981689453,202.0
2023-06-29 10:01:00,WULF,1.8300000429153442,1.8300000429153442,1.8300000429153442,1.8300000429153442,1.8300000429153442,3394.0
2023-06-29 10:01:00,XP,23.079999923706055,23.079999923706055,23.079999923706055,23.05500030517578,23.059999465942383,2272.0
2023-06-29 10:01:00,XPDBW,0.07000000029802322,0.07000000029802322,0.07090000063180923,0.07000000029802322,0.07090000063180923,1200.0
2023-06-29 10:01:00,ZION,27.639999389648438,27.639999389648438,27.670000076293945,27.540000915527344,27.540000915527344,13814.0
2023-06-29 10:02:00,WULF,1.8300000429153442,1.8300000429153442,1.8300000429153442,1.8300000429153442,1.8300000429153442,1363.0
2023-06-29 10:02:00,XP,23.084999084472656,23.084999084472656,23.094999313354492,23.065000534057617,23.06999969482422,3602.0
2023-06-29 10:02:00,XPDBW,0.07000000029802322,0.07000000029802322,0.07000000029802322,0.07000000029802322,0.07000000029802322,768.0
2023-06-29 10:02:00,ZION,27.610000610351562,27.610000610351562,27.670000076293945,27.56999969482422,27.610000610351562,12043.0
2023-06-29 10:02:00,ZIONO,24.440000534057617,24.440000534057617,24.440000534057617,24.440000534057617,24.440000534057617,425.0
2023-06-29 10:03:00,WSFS,38.68000030517578,38.68000030517578,38.68000030517578,38.63999938964844,38.63999938964844,280.0
2023-06-29 10:03:00,WTW,233.75999450683594,233.75999450683594,233.75999450683594,233.60000610351562,233.60000610351562,526.0
2023-06-29 10:03:00,WULF,1.8300000429153442,1.8300000429153442,1.8350000381469727,1.8300000429153442,1.8350000381469727,3446.0
2023-06-29 10:03:00,XP,23.045000076293945,23.045000076293945,23.079999923706055,23.045000076293945,23.079999923706055,2026.0
2023-06-29 10:03:00,XPDBW,0.07000000029802322,0.07000000029802322,0.07249999791383743,0.07000000029802322,0.07000000029802322,500.0
2023-06-29 10:03:00,ZION,27.700000762939453,27.700000762939453,27.709999084472656,27.6200008392334,27.6200008392334,8737.0
2023-06-29 10:04:00,WSBF,14.699999809265137,14.699999809265137,14.734999656677246,14.699999809265137,14.734999656677246,850.0
2023-06-29 10:04:00,WSFS,38.6150016784668,38.6150016784668,38.6150016784668,38.6150016784668,38.6150016784668,416.0
2023-06-29 10:04:00,WTFC,73.18000030517578,73.18000030517578,73.21499633789062,73.14969635009766,73.18000030517578,1292.0
2023-06-29 10:04:00,WTW,233.83999633789062,233.83999633789062,233.83999633789062,233.83999633789062,233.83999633789062,532.0
2023-06-29 10:04:00,WULF,1.8300000429153442,1.8300000429153442,1.839900016784668,1.8300000429153442,1.8300000429153442,6159.0
2023-06-29 10:04:00,XP,23.06999969482422,23.06999969482422,23.06999969482422,23.049999237060547,23.059999465942383,3467.0
2023-06-29 10:04:00,XPDBW,0.07000000029802322,0.07000000029802322,0.07000000029802322,0.07000000029802322,0.07000000029802322,400.0
2023-06-29 10:04:00,ZION,27.68000030517578,27.68000030517578,27.709999084472656,27.65999984741211,27.709999084472656,12284.0
2023-06-29 10:05:00,WSBCP,23.3799991607666,23.3799991607666,23.3799991607666,23.3799991607666,23.3799991607666,100.0
2023-06-29 10:05:00,WSFS,38.724998474121094,38.724998474121094,38.724998474121094,38.689998626708984,38.689998626708984,584.0
2023-06-29 10:05:00,WTFC,73.13999938964844,73.13999938964844,73.2699966430664,73.13999938964844,73.16999816894531,2010.0
2023-06-29 10:05:00,WTW,233.75,233.75,233.97360229492188,233.7100067138672,233.97360229492188,1937.0
2023-06-29 10:05:00,WULF,1.8339999914169312,1.8339999914169312,1.839900016784668,1.8300000429153442,1.8300000429153442,10167.0
2023-06-29 10:05:00,XP,23.084999084472656,23.084999084472656,23.09000015258789,23.06999969482422,23.06999969482422,3491.0
2023-06-29 10:05:00,XPDBW,0.07000000029802322,0.07000000029802322,0.07249999791383743,0.07000000029802322,0.07000000029802322,2832.0
2023-06-29 10:05:00,ZION,27.739999771118164,27.739999771118164,27.760000228881836,27.65999984741211,27.65999984741211,9451.0
2023-06-29 10:06:00,WTFC,73.22000122070312,73.22000122070312,73.22000122070312,73.05999755859375,73.05999755859375,875.0
2023-06-29 10:06:00,WTW,233.82000732421875,233.82000732421875,233.82000732421875,233.82000732421875,233.82000732421875,402.0
2023-06-29 10:06:00,WULF,1.8300000429153442,1.8300000429153442,1.8350000381469727,1.8300000429153442,1.8350000381469727,2684.0
2023-06-29 10:06:00,XP,23.100000381469727,23.100000381469727,23.110000610351562,23.06999969482422,23.079999923706055,10368.0
2023-06-29 10:06:00,ZION,27.709999084472656,27.709999084472656,27.770000457763672,27.690000534057617,27.719999313354492,5802.0
2023-06-29 10:07:00,WTFC,73.13500213623047,73.13500213623047,73.19999694824219,73.08000183105469,73.08000183105469,1339.0
2023-06-29 10:07:00,WTW,233.69000244140625,233.69000244140625,233.69000244140625,233.69000244140625,233.69000244140625,142.0
2023-06-29 10:07:00,WULF,1.7999999523162842,1.7999999523162842,1.8385000228881836,1.7999999523162842,1.8350000381469727,57810.0
2023-06-29 10:07:00,XP,23.0,23.0,23.100000381469727,23.0,23.100000381469727,8484.0
2023-06-29 10:07:00,ZION,27.68000030517578,27.68000030517578,27.75,27.670000076293945,27.709999084472656,10151.0
2023-06-29 10:08:00,WSBCP,23.299999237060547,23.299999237060547,23.31999969482422,23.299999237060547,23.31999969482422,463.0
2023-06-29 10:08:00,WSFS,38.66999816894531,38.66999816894531,38.720001220703125,38.66999816894531,38.66999816894531,1137.0
2023-06-29 10:08:00,WTFC,73.01499938964844,73.01499938964844,73.06999969482422,72.98999786376953,73.06999969482422,715.0
2023-06-29 10:08:00,WTW,233.50999450683594,233.50999450683594,233.55999755859375,233.50999450683594,233.55999755859375,214.0
2023-06-29 10:08:00,WULF,1.7999999523162842,1.7999999523162842,1.8036999702453613,1.7999999523162842,1.8036999702453613,785.0
2023-06-29 10:08:00,XFIN,10.380000114440918,10.380000114440918,10.40999984741211,10.380000114440918,10.40999984741211,12553.0
2023-06-29 10:08:00,XP,22.90999984741211,22.90999984741211,23.0,22.900100708007812,23.0,11598.0
2023-06-29 10:08:00,ZION,27.649999618530273,27.649999618530273,27.690000534057617,27.600000381469727,27.690000534057617,4839.0
2023-06-29 10:08:00,ZIONO,24.454999923706055,24.454999923706055,24.454999923706055,24.454999923706055,24.454999923706055,500.0
2023-06-29 10:09:00,WSFS,38.724998474121094,38.724998474121094,38.7599983215332,38.724998474121094,38.7599983215332,402.0
2023-06-29 10:09:00,WTFC,73.11499786376953,73.11499786376953,73.12000274658203,73.01000213623047,73.01000213623047,1564.0
2023-06-29 10:09:00,WTW,233.52000427246094,233.52000427246094,233.52000427246094,233.52000427246094,233.52000427246094,311.0
2023-06-29 10:09:00,WULF,1.8026000261306763,1.8026000261306763,1.809999942779541,1.7999999523162842,1.8080999851226807,22009.0
2023-06-29 10:09:00,XFIN,10.399399757385254,10.399399757385254,10.399399757385254,10.399399757385254,10.399399757385254,1000.0
2023-06-29 10:09:00,XP,22.924999237060547,22.924999237060547,22.927499771118164,22.90999984741211,22.90999984741211,8332.0
2023-06-29 10:09:00,ZION,27.674999237060547,27.674999237060547,27.719999313354492,27.668699264526367,27.668699264526367,9738.0
2023-06-29 10:10:00,WTW,233.55999755859375,233.55999755859375,233.55999755859375,233.55999755859375,233.55999755859375,220.0
2023-06-29 10:10:00,WULF,1.7799999713897705,1.7799999713897705,1.809999942779541,1.7799999713897705,1.809999942779541,21626.0
2023-06-29 10:10:00,XP,22.905000686645508,22.905000686645508,22.93000030517578,22.905000686645508,22.92449951171875,5263.0
2023-06-29 10:10:00,ZION,27.670000076293945,27.670000076293945,27.670000076293945,27.6200008392334,27.639999389648438,3737.0
2023-06-29 10:11:00,WSFS,38.7599983215332,38.7599983215332,38.7599983215332,38.7599983215332,38.7599983215332,876.0
2023-06-29 10:11:00,WTFC,72.98999786376953,72.98999786376953,72.98999786376953,72.98999786376953,72.98999786376953,383.0
2023-06-29 10:11:00,WTFCP,23.696199417114258,23.696199417114258,23.696199417114258,23.696199417114258,23.696199417114258,179.0
2023-06-29 10:11:00,WTW,233.36000061035156,233.36000061035156,233.44000244140625,233.36000061035156,233.44000244140625,449.0
2023-06-29 10:11:00,WULF,1.7799999713897705,1.7799999713897705,1.7799999713897705,1.7799999713897705,1.7799999713897705,4879.0
2023-06-29 10:11:00,XP,22.8799991607666,22.8799991607666,22.90999984741211,22.8799991607666,22.90999984741211,2169.0
2023-06-29 10:11:00,ZION,27.549999237060547,27.549999237060547,27.667999267578125,27.549999237060547,27.649999618530273,4792.0
2023-06-29 10:12:00,WTFC,72.97000122070312,72.97000122070312,72.97000122070312,72.97000122070312,72.97000122070312,134.0
2023-06-29 10:12:00,WTW,233.46499633789062,233.46499633789062,233.5,233.46499633789062,233.5,999.0
2023-06-29 10:12:00,WULF,1.7899999618530273,1.7899999618530273,1.7899999618530273,1.784999966621399,1.7899999618530273,2880.0
2023-06-29 10:12:00,XP,22.875,22.875,22.899999618530273,22.860000610351562,22.8799991607666,10733.0
2023-06-29 10:12:00,ZION,27.527999877929688,27.527999877929688,27.579999923706055,27.527999877929688,27.56999969482422,4388.0
2023-06-29 10:13:00,WTFCP,23.700000762939453,23.700000762939453,23.700000762939453,23.700000762939453,23.700000762939453,277.0
2023-06-29 10:13:00,WULF,1.7900999784469604,1.7900999784469604,1.7900999784469604,1.7899999618530273,1.7899999618530273,12885.0
2023-06-29 10:13:00,XP,22.899999618530273,22.899999618530273,22.899999618530273,22.875,22.8799991607666,7071.0
2023-06-29 10:13:00,ZION,27.559999465942383,27.559999465942383,27.559999465942383,27.530000686645508,27.530000686645508,2665.0
2023-06-29 10:14:00,WTFC,73.05000305175781,73.05000305175781,73.08000183105469,73.05000305175781,73.05999755859375,779.0
2023-06-29 10:14:00,WTW,233.57000732421875,233.57000732421875,233.67999267578125,233.5399932861328,233.60000610351562,2044.0
2023-06-29 10:14:00,WULF,1.8095999956130981,1.8095999956130981,1.8095999956130981,1.7999999523162842,1.7999999523162842,8148.0
2023-06-29 10:14:00,XP,22.915000915527344,22.915000915527344,22.924999237060547,22.899999618530273,22.899999618530273,8435.0
2023-06-29 10:14:00,ZION,27.6299991607666,27.6299991607666,27.65999984741211,27.559999465942383,27.559999465942383,7151.0
2023-06-29 10:15:00,WTW,233.57000732421875,233.57000732421875,233.6699981689453,233.57000732421875,233.57000732421875,1698.0
2023-06-29 10:15:00,WULF,1.7999999523162842,1.7999999523162842,1.809999942779541,1.7999999523162842,1.809999942779541,10133.0
2023-06-29 10:15:00,XP,22.959999084472656,22.959999084472656,22.959999084472656,22.915000915527344,22.915000915527344,6610.0
2023-06-29 10:15:00,ZION,27.6299991607666,27.6299991607666,27.649999618530273,27.6200008392334,27.639999389648438,3320.0
2023-06-29 10:16:00,WTFC,73.0199966430664,73.0199966430664,73.0199966430664,73.01499938964844,73.01499938964844,218.0
2023-06-29 10:16:00,WULF,1.8106000423431396,1.8106000423431396,1.8106000423431396,1.809999942779541,1.809999942779541,4890.0
2023-06-29 10:16:00,XP,22.915000915527344,22.915000915527344,22.959999084472656,22.915000915527344,22.959999084472656,3077.0
2023-06-29 10:16:00,ZION,27.579999923706055,27.579999923706055,27.649999618530273,27.579999923706055,27.6200008392334,4842.0
2023-06-29 10:17:00,WTFC,73.01499938964844,73.01499938964844,73.01499938964844,73.01499938964844,73.01499938964844,120.0
2023-06-29 10:17:00,WTFCP,23.75,23.75,23.75,23.75,23.75,100.0
2023-06-29 10:17:00,WTW,233.5050048828125,233.5050048828125,233.5050048828125,233.5050048828125,233.5050048828125,465.0
2023-06-29 10:17:00,WULF,1.8049999475479126,1.8049999475479126,1.815000057220459,1.7949999570846558,1.815000057220459,18126.0
2023-06-29 10:17:00,XP,22.93000030517578,22.93000030517578,22.934999465942383,22.90999984741211,22.90999984741211,4169.0
2023-06-29 10:17:00,ZION,27.59000015258789,27.59000015258789,27.600000381469727,27.559999465942383,27.59000015258789,3382.0
2023-06-29 10:18:00,WTFC,72.91999816894531,72.91999816894531,72.91999816894531,72.91999816894531,72.91999816894531,622.0
2023-06-29 10:18:00,WULF,1.8149000406265259,1.8149000406265259,1.8149000406265259,1.8049999475479126,1.8049999475479126,4986.0
2023-06-29 10:18:00,XP,22.94499969482422,22.94499969482422,22.950000762939453,22.93000030517578,22.93000030517578,2419.0
2023-06-29 10:18:00,ZION,27.56999969482422,27.56999969482422,27.579999923706055,27.545000076293945,27.579999923706055,4696.0
2023-06-29 10:19:00,WTFCP,23.75,23.75,23.75,23.75,23.75,200.0
2023-06-29 10:19:00,WTW,233.38999938964844,233.38999938964844,233.38999938964844,233.38999938964844,233.38999938964844,142.0
2023-06-29 10:19:00,WULF,1.8200000524520874,1.8200000524520874,1.8200000524520874,1.815000057220459,1.815000057220459,6985.0
2023-06-29 10:19:00,XP,22.920000076293945,22.920000076293945,22.94499969482422,22.920000076293945,22.940000534057617,6696.0
2023-06-29 10:19:00,ZION,27.6299991607666,27.6299991607666,27.6299991607666,27.579999923706055,27.579999923706055,3892.0
2023-06-29 10:19:00,ZIONO,24.49799919128418,24.49799919128418,24.49799919128418,24.49799919128418,24.49799919128418,700.0
2023-06-29 10:20:00,WTFCP,23.690000534057617,23.690000534057617,23.690000534057617,23.690000534057617,23.690000534057617,942.0
2023-06-29 10:20:00,WTW,233.4949951171875,233.4949951171875,233.4949951171875,233.4949951171875,233.4949951171875,307.0
2023-06-29 10:20:00,WULF,1.8200000524520874,1.8200000524520874,1.8280999660491943,1.815000057220459,1.8199000358581543,6566.0
2023-06-29 10:20:00,XP,22.94499969482422,22.94499969482422,22.9512996673584,22.924999237060547,22.924999237060547,6150.0
2023-06-29 10:20:00,ZION,27.610000610351562,27.610000610351562,27.639999389648438,27.610000610351562,27.639999389648438,2244.0
2023-06-29 10:20:00,ZIONO,24.43000030517578,24.43000030517578,24.43000030517578,24.43000030517578,24.43000030517578,115.0
2023-06-29 10:21:00,WTFC,72.8949966430664,72.8949966430664,72.8949966430664,72.87000274658203,72.87000274658203,375.0
2023-06-29 10:21:00,WTW,233.4499969482422,233.4499969482422,233.49000549316406,233.3300018310547,233.3300018310547,1670.0
2023-06-29 10:21:00,WULF,1.8173999786376953,1.8173999786376953,1.8200000524520874,1.8107999563217163,1.815000057220459,20511.0
2023-06-29 10:21:00,XP,22.93000030517578,22.93000030517578,22.947500228881836,22.93000030517578,22.94499969482422,2655.0
2023-06-29 10:21:00,ZION,27.520000457763672,27.520000457763672,27.6200008392334,27.520000457763672,27.610000610351562,2655.0
2023-06-29 10:22:00,WSBF,14.770000457763672,14.770000457763672,14.770000457763672,14.770000457763672,14.770000457763672,309.0
2023-06-29 10:22:00,WSFS,38.47999954223633,38.47999954223633,38.599998474121094,38.47999954223633,38.56999969482422,1036.0
2023-06-29 10:22:00,WTFC,72.80999755859375,72.80999755859375,72.80999755859375,72.7699966430664,72.7699966430664,336.0
2023-06-29 10:22:00,WTW,233.4499969482422,233.4499969482422,233.4600067138672,233.43499755859375,233.43499755859375,542.0
2023-06-29 10:22:00,WULF,1.8200000524520874,1.8200000524520874,1.8200000524520874,1.815000057220459,1.815000057220459,3537.0
2023-06-29 10:22:00,XP,22.950000762939453,22.950000762939453,22.950000762939453,22.924999237060547,22.93000030517578,4285.0
2023-06-29 10:22:00,ZION,27.540000915527344,27.540000915527344,27.540000915527344,27.510000228881836,27.510000228881836,5825.0
2023-06-29 10:22:00,ZIONO,24.440000534057617,24.440000534057617,24.440000534057617,24.440000534057617,24.440000534057617,238.0
2023-06-29 10:23:00,WSFS,38.56999969482422,38.56999969482422,38.56999969482422,38.56999969482422,38.56999969482422,505.0
2023-06-29 10:23:00,WTFC,72.77999877929688,72.77999877929688,72.77999877929688,72.77999877929688,72.77999877929688,719.0
2023-06-29 10:23:00,WTW,233.42999267578125,233.42999267578125,233.50999450683594,233.41000366210938,233.4149932861328,922.0
2023-06-29 10:23:00,WULF,1.8199000358581543,1.8199000358581543,1.8200000524520874,1.809999942779541,1.815000057220459,5011.0
2023-06-29 10:23:00,XP,22.920000076293945,22.920000076293945,22.94499969482422,22.920000076293945,22.940000534057617,2877.0
2023-06-29 10:23:00,ZION,27.549999237060547,27.549999237060547,27.56999969482422,27.530000686645508,27.530000686645508,1590.0
2023-06-29 10:24:00,WTW,233.42999267578125,233.42999267578125,233.42999267578125,233.40499877929688,233.40499877929688,477.0
2023-06-29 10:24:00,WULF,1.815000057220459,1.815000057220459,1.8200000524520874,1.815000057220459,1.8200000524520874,1599.0
2023-06-29 10:24:00,XP,22.8799991607666,22.8799991607666,22.90999984741211,22.8799991607666,22.90999984741211,1215.0
2023-06-29 10:24:00,ZION,27.389999389648438,27.389999389648438,27.540000915527344,27.389999389648438,27.540000915527344,18498.0
2023-06-29 10:25:00,WTW,233.3699951171875,233.3699951171875,233.4499969482422,233.34500122070312,233.42999267578125,1248.0
2023-06-29 10:25:00,WULF,1.809999942779541,1.809999942779541,1.815000057220459,1.809999942779541,1.815000057220459,16350.0
2023-06-29 10:25:00,XP,22.915000915527344,22.915000915527344,22.915000915527344,22.875,22.8799991607666,3200.0
2023-06-29 10:25:00,ZION,27.469999313354492,27.469999313354492,27.489999771118164,27.399999618530273,27.399999618530273,8032.0
2023-06-29 10:26:00,WSFS,38.5099983215332,38.5099983215332,38.5099983215332,38.5099983215332,38.5099983215332,699.0
2023-06-29 10:26:00,WULF,1.8082000017166138,1.8082000017166138,1.809999942779541,1.7999999523162842,1.7999999523162842,11781.0
2023-06-29 10:26:00,XP,22.940000534057617,22.940000534057617,22.940000534057617,22.920000076293945,22.920000076293945,3064.0
2023-06-29 10:26:00,ZION,27.479999542236328,27.479999542236328,27.479999542236328,27.469999313354492,27.469999313354492,1225.0
2023-06-29 10:27:00,WTW,233.22000122070312,233.22000122070312,233.22000122070312,233.22000122070312,233.22000122070312,266.0
2023-06-29 10:27:00,WULF,1.7999999523162842,1.7999999523162842,1.809999942779541,1.7999999523162842,1.809999942779541,17349.0
2023-06-29 10:27:00,XP,22.899999618530273,22.899999618530273,22.93000030517578,22.899999618530273,22.93000030517578,4607.0
2023-06-29 10:27:00,ZION,27.489999771118164,27.489999771118164,27.500099182128906,27.479999542236328,27.489999771118164,4539.0
2023-06-29 10:28:00,WSFS,38.56999969482422,38.56999969482422,38.56999969482422,38.56999969482422,38.56999969482422,524.0
2023-06-29 10:28:00,WTW,233.2100067138672,233.2100067138672,233.2100067138672,233.2100067138672,233.2100067138672,225.0
2023-06-29 10:28:00,WULF,1.7999999523162842,1.7999999523162842,1.809999942779541,1.7949999570846558,1.7999999523162842,10605.0
2023-06-29 10:28:00,XP,22.899999618530273,22.899999618530273,22.905000686645508,22.895000457763672,22.895000457763672,1370.0
2023-06-29 10:28:00,ZION,27.489999771118164,27.489999771118164,27.520000457763672,27.489999771118164,27.5,1539.0
2023-06-29 10:29:00,WSBF,14.720000267028809,14.720000267028809,14.755000114440918,14.720000267028809,14.755000114440918,915.0
2023-06-29 10:29:00,WSFS,38.630001068115234,38.630001068115234,38.630001068115234,38.630001068115234,38.630001068115234,250.0
2023-06-29 10:29:00,WTFC,72.81999969482422,72.81999969482422,72.83999633789062,72.75,72.75,2290.0
2023-06-29 10:29:00,WTW,233.11000061035156,233.11000061035156,233.16200256347656,233.11000061035156,233.11000061035156,614.0
2023-06-29 10:29:00,WULF,1.7999999523162842,1.7999999523162842,1.80649995803833,1.7949999570846558,1.7999999523162842,10193.0
2023-06-29 10:29:00,XP,22.90999984741211,22.90999984741211,22.920000076293945,22.899999618530273,22.899999618530273,8399.0
2023-06-29 10:29:00,ZION,27.540000915527344,27.540000915527344,27.549999237060547,27.510000228881836,27.510000228881836,3204.0
2023-06-29 10:30:00,WTW,233.03500366210938,233.03500366210938,233.1649932861328,233.00999450683594,233.1649932861328,1387.0
2023-06-29 10:30:00,WULF,1.7899999618530273,1.7899999618530273,1.7999999523162842,1.7894999980926514,1.7999999523162842,12716.0
2023-06-29 10:30:00,XP,22.899999618530273,22.899999618530273,22.920000076293945,22.889999389648438,22.920000076293945,2719.0
2023-06-29 10:30:00,ZION,27.56999969482422,27.56999969482422,27.600000381469727,27.559999465942383,27.600000381469727,2653.0
2023-06-29 10:31:00,WSFS,38.66339874267578,38.66339874267578,38.66339874267578,38.66339874267578,38.66339874267578,290.0
2023-06-29 10:31:00,WTW,233.02000427246094,233.02000427246094,233.05999755859375,233.0,233.05499267578125,1039.0
2023-06-29 10:31:00,WULF,1.7899999618530273,1.7899999618530273,1.7910000085830688,1.7899999618530273,1.7910000085830688,920.0
2023-06-29 10:31:00,XP,22.8700008392334,22.8700008392334,22.889999389648438,22.860000610351562,22.889999389648438,4690.0
2023-06-29 10:31:00,ZION,27.530000686645508,27.530000686645508,27.59000015258789,27.530000686645508,27.59000015258789,6396.0
2023-06-29 10:32:00,WTW,233.02000427246094,233.02000427246094,233.02999877929688,233.02000427246094,233.02999877929688,209.0
2023-06-29 10:32:00,WULF,1.7949999570846558,1.7949999570846558,1.7949999570846558,1.7949999570846558,1.7949999570846558,626.0
2023-06-29 10:32:00,XP,22.8799991607666,22.8799991607666,22.8799991607666,22.8700008392334,22.875,970.0
2023-06-29 10:32:00,ZION,27.5,27.5,27.520000457763672,27.5,27.520000457763672,1739.0
2023-06-29 10:33:00,WSBF,14.680000305175781,14.680000305175781,14.680000305175781,14.680000305175781,14.680000305175781,1074.0
2023-06-29 10:33:00,WSFS,38.77000045776367,38.77000045776367,38.77000045776367,38.77000045776367,38.77000045776367,531.0
2023-06-29 10:33:00,WTW,233.1300048828125,233.1300048828125,233.1300048828125,233.02000427246094,233.02000427246094,314.0
2023-06-29 10:33:00,WULF,1.7949999570846558,1.7949999570846558,1.7949999570846558,1.7949999570846558,1.7949999570846558,4126.0
2023-06-29 10:33:00,XP,22.889999389648438,22.889999389648438,22.899999618530273,22.8799991607666,22.8799991607666,3036.0
2023-06-29 10:33:00,ZION,27.540000915527344,27.540000915527344,27.559999465942383,27.510000228881836,27.510000228881836,3703.0
2023-06-29 10:34:00,WTFC,72.95999908447266,72.95999908447266,72.97000122070312,72.95999908447266,72.97000122070312,328.0
2023-06-29 10:34:00,WTW,233.2100067138672,233.2100067138672,233.22999572753906,233.1300048828125,233.1750030517578,1462.0
2023-06-29 10:34:00,WULF,1.7899999618530273,1.7899999618530273,1.7949999570846558,1.7899999618530273,1.7949999570846558,12007.0
2023-06-29 10:34:00,XP,22.889999389648438,22.889999389648438,22.889999389648438,22.88249969482422,22.885000228881836,1946.0
2023-06-29 10:34:00,ZION,27.530000686645508,27.530000686645508,27.540000915527344,27.530000686645508,27.540000915527344,4136.0
2023-06-29 10:35:00,WTFC,72.87000274658203,72.87000274658203,72.93000030517578,72.87000274658203,72.93000030517578,852.0
2023-06-29 10:35:00,WTW,233.1199951171875,233.1199951171875,233.16000366210938,233.1199951171875,233.16000366210938,1374.0
2023-06-29 10:35:00,WULF,1.7899999618530273,1.7899999618530273,1.7899999618530273,1.784999966621399,1.784999966621399,7594.0
2023-06-29 10:35:00,XP,22.889999389648438,22.889999389648438,22.895000457763672,22.889999389648438,22.889999389648438,3619.0
2023-06-29 10:35:00,ZION,27.469999313354492,27.469999313354492,27.520000457763672,27.469999313354492,27.510000228881836,2551.0
2023-06-29 10:36:00,WULF,1.7910000085830688,1.7910000085830688,1.7949999570846558,1.7910000085830688,1.7949999570846558,821.0
2023-06-29 10:36:00,XP,22.899999618530273,22.899999618530273,22.899999618530273,22.8799991607666,22.880800247192383,3924.0
2023-06-29 10:36:00,ZION,27.479999542236328,27.479999542236328,27.479999542236328,27.450000762939453,27.459999084472656,14727.0
2023-06-29 10:37:00,WSBCP,23.190000534057617,23.190000534057617,23.190000534057617,23.190000534057617,23.190000534057617,100.0
2023-06-29 10:37:00,WSFS,38.630001068115234,38.630001068115234,38.630001068115234,38.630001068115234,38.630001068115234,275.0
2023-06-29 10:37:00,WTFC,72.83999633789062,72.83999633789062,72.83999633789062,72.83999633789062,72.83999633789062,695.0
2023-06-29 10:37:00,WULF,1.7899999618530273,1.7899999618530273,1.7899999618530273,1.7899999618530273,1.7899999618530273,2167.0
2023-06-29 10:37:00,XP,22.8799991607666,22.8799991607666,22.892499923706055,22.8799991607666,22.892499923706055,5382.0
2023-06-29 10:37:00,ZION,27.40999984741211,27.40999984741211,27.479999542236328,27.389999389648438,27.479999542236328,40113.0
2023-06-29 10:38:00,WSFS,38.619998931884766,38.619998931884766,38.619998931884766,38.560001373291016,38.560001373291016,535.0
2023-06-29 10:38:00,WTFC,72.69000244140625,72.69000244140625,72.69000244140625,72.69000244140625,72.69000244140625,116.0
2023-06-29 10:38:00,WTW,233.05499267578125,233.05499267578125,233.05499267578125,233.0,233.0,295.0
2023-06-29 10:38:00,WULF,1.7811000347137451,1.7811000347137451,1.7828999757766724,1.7811000347137451,1.7828999757766724,923.0
2023-06-29 10:38:00,XP,22.864999771118164,22.864999771118164,22.875,22.864999771118164,22.875,1395.0
2023-06-29 10:38:00,ZION,27.354999542236328,27.354999542236328,27.40999984741211,27.34000015258789,27.40999984741211,34807.0
2023-06-29 10:39:00,WSFS,38.644100189208984,38.644100189208984,38.644100189208984,38.644100189208984,38.644100189208984,147.0
2023-06-29 10:39:00,WTFC,72.62000274658203,72.62000274658203,72.62000274658203,72.62000274658203,72.62000274658203,432.0
2023-06-29 10:39:00,WTW,232.97000122070312,232.97000122070312,232.97000122070312,232.97000122070312,232.97000122070312,633.0
2023-06-29 10:39:00,WULF,1.784999966621399,1.784999966621399,1.7899999618530273,1.784999966621399,1.7898999452590942,893.0
2023-06-29 10:39:00,XP,22.864999771118164,22.864999771118164,22.8700008392334,22.854999542236328,22.864999771118164,6155.0
2023-06-29 10:39:00,ZION,27.40999984741211,27.40999984741211,27.40999984741211,27.360000610351562,27.360000610351562,6167.0
2023-06-29 10:40:00,WULF,1.7884999513626099,1.7884999513626099,1.7949999570846558,1.7799999713897705,1.7899999618530273,15814.0
2023-06-29 10:40:00,XP,22.875,22.875,22.875,22.864999771118164,22.8700008392334,1345.0
2023-06-29 10:40:00,ZION,27.360000610351562,27.360000610351562,27.38800048828125,27.360000610351562,27.38800048828125,685.0
2023-06-29 10:41:00,WSFS,38.59000015258789,38.59000015258789,38.66999816894531,38.59000015258789,38.66999816894531,716.0
2023-06-29 10:41:00,WTW,232.9600067138672,232.9600067138672,232.9600067138672,232.9600067138672,232.9600067138672,227.0
2023-06-29 10:41:00,XP,22.875,22.875,22.8799991607666,22.875,22.875,6833.0
2023-06-29 10:41:00,ZION,27.350000381469727,27.350000381469727,27.365100860595703,27.31999969482422,27.365100860595703,20380.0
2023-06-29 10:42:00,WSFS,38.720001220703125,38.720001220703125,38.720001220703125,38.61000061035156,38.61000061035156,1980.0
2023-06-29 10:42:00,WTFC,72.77999877929688,72.77999877929688,72.77999877929688,72.72000122070312,72.72000122070312,712.0
2023-06-29 10:42:00,WTW,232.97999572753906,232.97999572753906,233.02000427246094,232.93499755859375,232.94000244140625,1151.0
2023-06-29 10:42:00,WULF,1.789199948310852,1.789199948310852,1.7894999980926514,1.784999966621399,1.7878999710083008,5512.0
2023-06-29 10:42:00,XP,22.889999389648438,22.889999389648438,22.889999389648438,22.860000610351562,22.875,8468.0
2023-06-29 10:42:00,ZION,27.420000076293945,27.420000076293945,27.420000076293945,27.350000381469727,27.350000381469727,8376.0
2023-06-29 10:43:00,WTW,232.9550018310547,232.9550018310547,233.02000427246094,232.94500732421875,233.00999450683594,560.0
2023-06-29 10:43:00,WULF,1.7949999570846558,1.7949999570846558,1.7999999523162842,1.7899999618530273,1.7899999618530273,12423.0
2023-06-29 10:43:00,XP,22.885000228881836,22.885000228881836,22.895000457763672,22.885000228881836,22.889999389648438,5132.0
2023-06-29 10:43:00,ZION,27.40999984741211,27.40999984741211,27.420000076293945,27.372699737548828,27.420000076293945,5476.0
2023-06-29 10:44:00,WSFS,38.84000015258789,38.84000015258789,38.84000015258789,38.81999969482422,38.81999969482422,590.0
2023-06-29 10:44:00,WTFC,72.8499984741211,72.8499984741211,72.8499984741211,72.76000213623047,72.76000213623047,859.0
2023-06-29 10:44:00,WTW,232.83999633789062,232.83999633789062,232.8800048828125,232.83999633789062,232.8800048828125,669.0
2023-06-29 10:44:00,WULF,1.784999966621399,1.784999966621399,1.794700026512146,1.7806999683380127,1.7899999618530273,7749.0
2023-06-29 10:44:00,XP,22.84000015258789,22.84000015258789,22.885000228881836,22.84000015258789,22.8799991607666,3598.0
2023-06-29 10:44:00,ZION,27.450000762939453,27.450000762939453,27.450000762939453,27.399999618530273,27.415000915527344,1617.0
2023-06-29 10:45:00,WSFS,38.88999938964844,38.88999938964844,38.88999938964844,38.88999938964844,38.88999938964844,283.0
2023-06-29 10:45:00,WTFC,72.91000366210938,72.91000366210938,72.91000366210938,72.87999725341797,72.87999725341797,808.0
2023-06-29 10:45:00,WULF,1.784999966621399,1.784999966621399,1.7898999452590942,1.781599998474121,1.7898999452590942,3768.0
2023-06-29 10:45:00,XP,22.850000381469727,22.850000381469727,22.860000610351562,22.844999313354492,22.844999313354492,6558.0
2023-06-29 10:45:00,XPAX,10.329999923706055,10.329999923706055,10.329999923706055,10.329999923706055,10.329999923706055,200400.0
2023-06-29 10:45:00,ZION,27.399999618530273,27.399999618530273,27.459999084472656,27.399999618530273,27.459999084472656,1677.0
2023-06-29 10:46:00,WSFS,38.810001373291016,38.810001373291016,38.810001373291016,38.79999923706055,38.79999923706055,618.0
2023-06-29 10:46:00,WTW,232.64999389648438,232.64999389648438,232.77999877929688,232.64999389648438,232.64999389648438,828.0
2023-06-29 10:46:00,WULF,1.7899999618530273,1.7899999618530273,1.7899999618530273,1.7799999713897705,1.784999966621399,4635.0
2023-06-29 10:46:00,XP,22.854999542236328,22.854999542236328,22.860000610351562,22.84000015258789,22.850000381469727,3791.0
2023-06-29 10:46:00,ZION,27.360000610351562,27.360000610351562,27.399999618530273,27.360000610351562,27.399999618530273,3445.0
2023-06-29 10:47:00,WTFC,72.5999984741211,72.5999984741211,72.5999984741211,72.5999984741211,72.5999984741211,407.0
2023-06-29 10:47:00,WTW,232.61000061035156,232.61000061035156,232.61000061035156,232.61000061035156,232.61000061035156,270.0
2023-06-29 10:47:00,WULF,1.7781000137329102,1.7781000137329102,1.7799999713897705,1.7699999809265137,1.7799999713897705,5473.0
2023-06-29 10:47:00,XP,22.844999313354492,22.844999313354492,22.857500076293945,22.844999313354492,22.857500076293945,1299.0
2023-06-29 10:47:00,ZION,27.315000534057617,27.315000534057617,27.34000015258789,27.299999237060547,27.34000015258789,14082.0
2023-06-29 10:48:00,WSFS,38.66999816894531,38.66999816894531,38.66999816894531,38.66999816894531,38.66999816894531,345.0
2023-06-29 10:48:00,WULF,1.7599999904632568,1.7599999904632568,1.774999976158142,1.7599999904632568,1.774999976158142,16806.0
2023-06-29 10:48:00,XP,22.815000534057617,22.815000534057617,22.84000015258789,22.790000915527344,22.84000015258789,8060.0
2023-06-29 10:48:00,ZION,27.25,27.25,27.31999969482422,27.239999771118164,27.309999465942383,14755.0
2023-06-29 10:49:00,WTW,232.81500244140625,232.81500244140625,232.83999633789062,232.77999877929688,232.7899932861328,1189.0
2023-06-29 10:49:00,WULF,1.7799999713897705,1.7799999713897705,1.7799999713897705,1.7699999809265137,1.7699999809265137,11938.0
2023-06-29 10:49:00,XP,22.829999923706055,22.829999923706055,22.829999923706055,22.799999237060547,22.809999465942383,3287.0
2023-06-29 10:49:00,ZION,27.290000915527344,27.290000915527344,27.290000915527344,27.260000228881836,27.260000228881836,4954.0
2023-06-29 10:50:00,WSFS,38.627601623535156,38.627601623535156,38.627601623535156,38.627601623535156,38.627601623535156,443.0
2023-06-29 10:50:00,WTW,232.7899932861328,232.7899932861328,232.82000732421875,232.7899932861328,232.82000732421875,466.0
2023-06-29 10:50:00,WULF,1.788100004196167,1.788100004196167,1.7899999618530273,1.7800999879837036,1.7899999618530273,7515.0
2023-06-29 10:50:00,XP,22.860000610351562,22.860000610351562,22.864999771118164,22.829999923706055,22.84000015258789,143625.0
2023-06-29 10:50:00,ZION,27.299999237060547,27.299999237060547,27.299999237060547,27.260000228881836,27.299999237060547,3011.0
2023-06-29 10:51:00,WTW,232.85000610351562,232.85000610351562,232.8800048828125,232.85000610351562,232.8800048828125,552.0
2023-06-29 10:51:00,WULF,1.7879999876022339,1.7879999876022339,1.7879999876022339,1.784999966621399,1.784999966621399,943.0
2023-06-29 10:51:00,XP,22.854999542236328,22.854999542236328,22.864999771118164,22.854999542236328,22.860000610351562,2495.0
2023-06-29 10:51:00,ZION,27.299999237060547,27.299999237060547,27.299999237060547,27.260000228881836,27.299999237060547,4267.0
2023-06-29 10:52:00,WTW,232.9499969482422,232.9499969482422,232.9499969482422,232.9499969482422,232.9499969482422,240.0
2023-06-29 10:52:00,XP,22.860000610351562,22.860000610351562,22.8700008392334,22.854999542236328,22.860000610351562,6325.0
2023-06-29 10:52:00,ZION,27.280000686645508,27.280000686645508,27.309900283813477,27.280000686645508,27.299999237060547,1853.0
2023-06-29 10:53:00,WTFC,72.43250274658203,72.43250274658203,72.4800033569336,72.43250274658203,72.4800033569336,546.0
2023-06-29 10:53:00,WTFCM,22.649999618530273,22.649999618530273,22.649999618530273,22.649999618530273,22.649999618530273,100.0
2023-06-29 10:53:00,WTW,232.8300018310547,232.8300018310547,232.99000549316406,232.8300018310547,232.9600067138672,762.0
2023-06-29 10:53:00,WULF,1.789199948310852,1.789199948310852,1.789199948310852,1.7800999879837036,1.7800999879837036,15131.0
2023-06-29 10:53:00,XP,22.834999084472656,22.834999084472656,22.850000381469727,22.834999084472656,22.850000381469727,2974.0
2023-06-29 10:53:00,ZION,27.18000030517578,27.18000030517578,27.270000457763672,27.18000030517578,27.260000228881836,24820.0
2023-06-29 10:54:00,WSFS,38.505001068115234,38.505001068115234,38.505001068115234,38.505001068115234,38.505001068115234,234.0
2023-06-29 10:54:00,WTW,232.90499877929688,232.90499877929688,232.90499877929688,232.90499877929688,232.90499877929688,561.0
2023-06-29 10:54:00,WULF,1.7800999879837036,1.7800999879837036,1.784999966621399,1.7799999713897705,1.784999966621399,10450.0
2023-06-29 10:54:00,XP,22.84000015258789,22.84000015258789,22.850000381469727,22.829999923706055,22.834999084472656,11130.0
2023-06-29 10:54:00,ZION,27.1299991607666,27.1299991607666,27.143800735473633,27.122499465942383,27.139999389648438,5252.0
2023-06-29 10:54:00,ZIONO,24.44499969482422,24.44499969482422,24.44499969482422,24.44499969482422,24.44499969482422,182.0
2023-06-29 10:55:00,WTFC,72.31999969482422,72.31999969482422,72.31999969482422,72.2699966430664,72.31999969482422,518.0
2023-06-29 10:55:00,WTW,232.72000122070312,232.72000122070312,232.85000610351562,232.72000122070312,232.85000610351562,667.0
2023-06-29 10:55:00,WULF,1.7793999910354614,1.7793999910354614,1.7793999910354614,1.774999976158142,1.7788000106811523,3170.0
2023-06-29 10:55:00,XP,22.850000381469727,22.850000381469727,22.8700008392334,22.834999084472656,22.84000015258789,43491.0
2023-06-29 10:55:00,ZION,27.18000030517578,27.18000030517578,27.200000762939453,27.139999389648438,27.139999389648438,3389.0
2023-06-29 10:56:00,WTFC,72.37000274658203,72.37000274658203,72.41000366210938,72.3499984741211,72.3499984741211,1063.0
2023-06-29 10:56:00,XP,22.844999313354492,22.844999313354492,22.850000381469727,22.84000015258789,22.850000381469727,7775.0
2023-06-29 10:56:00,XPAX,10.350000381469727,10.350000381469727,10.350000381469727,10.350000381469727,10.350000381469727,2700.0
2023-06-29 10:56:00,ZION,27.200000762939453,27.200000762939453,27.219999313354492,27.200000762939453,27.200000762939453,2718.0
2023-06-29 10:57:00,WTFC,72.3219985961914,72.3219985961914,72.3219985961914,72.3219985961914,72.3219985961914,259.0
2023-06-29 10:57:00,WULF,1.7799999713897705,1.7799999713897705,1.7799999713897705,1.774999976158142,1.774999976158142,506.0
2023-06-29 10:57:00,XP,22.850000381469727,22.850000381469727,22.860000610351562,22.84000015258789,22.850000381469727,16129.0
2023-06-29 10:57:00,ZION,27.209999084472656,27.209999084472656,27.220800399780273,27.174999237060547,27.201200485229492,14831.0
2023-06-29 10:58:00,WTFC,72.48999786376953,72.48999786376953,72.48999786376953,72.48999786376953,72.48999786376953,230.0
2023-06-29 10:58:00,WTW,232.82000732421875,232.82000732421875,232.8800048828125,232.72000122070312,232.7949981689453,4490.0
2023-06-29 10:58:00,WULF,1.7799999713897705,1.7799999713897705,1.7799999713897705,1.7798999547958374,1.7799999713897705,3278.0
2023-06-29 10:58:00,XP,22.854999542236328,22.854999542236328,22.854999542236328,22.84000015258789,22.850000381469727,2656.0
2023-06-29 10:58:00,ZION,27.219999313354492,27.219999313354492,27.270000457763672,27.209999084472656,27.209999084472656,9013.0
2023-06-29 10:59:00,WSFS,38.59000015258789,38.59000015258789,38.59000015258789,38.54999923706055,38.54999923706055,806.0
2023-06-29 10:59:00,WTFC,72.52999877929688,72.52999877929688,72.52999877929688,72.52999877929688,72.52999877929688,187.0
2023-06-29 10:59:00,WTW,232.82000732421875,232.82000732421875,232.82000732421875,232.82000732421875,232.82000732421875,508.0
2023-06-29 10:59:00,WULF,1.784999966621399,1.784999966621399,1.784999966621399,1.784999966621399,1.784999966621399,400.0
2023-06-29 10:59:00,XP,22.850000381469727,22.850000381469727,22.860000610351562,22.850000381469727,22.854999542236328,5137.0
2023-06-29 10:59:00,ZION,27.25,27.25,27.280000686645508,27.239999771118164,27.239999771118164,5452.0
2023-06-29 11:00:00,WSBF,14.614299774169922,14.614299774169922,14.614299774169922,14.614299774169922,14.614299774169922,505.0
2023-06-29 11:00:00,WSFS,38.4900016784668,38.4900016784668,38.4900016784668,38.4900016784668,38.4900016784668,319.0
2023-06-29 11:00:00,WTFC,72.44499969482422,72.44499969482422,72.44499969482422,72.44499969482422,72.44499969482422,203.0
2023-06-29 11:00:00,XP,22.860000610351562,22.860000610351562,22.860000610351562,22.850000381469727,22.850000381469727,2046.0
2023-06-29 11:00:00,ZION,27.170000076293945,27.170000076293945,27.25,27.15999984741211,27.25,5161.0
2023-06-29 11:01:00,WSBF,14.600000381469727,14.600000381469727,14.600000381469727,14.600000381469727,14.600000381469727,765.0
2023-06-29 11:01:00,WSFS,38.43000030517578,38.43000030517578,38.43000030517578,38.43000030517578,38.43000030517578,159.0
2023-06-29 11:01:00,WTFC,72.44000244140625,72.44000244140625,72.44000244140625,72.3499984741211,72.3499984741211,462.0
2023-06-29 11:01:00,WTW,232.91000366210938,232.91000366210938,232.91000366210938,232.77999877929688,232.77999877929688,238.0
2023-06-29 11:01:00,WULF,1.784999966621399,1.784999966621399,1.7899999618530273,1.7799999713897705,1.7899999618530273,10560.0
2023-06-29 11:01:00,XP,22.860000610351562,22.860000610351562,22.860000610351562,22.809999465942383,22.850000381469727,19103.0
2023-06-29 11:01:00,ZION,27.139999389648438,27.139999389648438,27.15999984741211,27.1299991607666,27.15999984741211,20264.0
2023-06-29 11:02:00,WTW,232.92750549316406,232.92750549316406,232.92750549316406,232.9199981689453,232.9199981689453,458.0
2023-06-29 11:02:00,WULF,1.7863999605178833,1.7863999605178833,1.7863999605178833,1.7863999605178833,1.7863999605178833,1604.0
2023-06-29 11:02:00,XP,22.860000610351562,22.860000610351562,22.8700008392334,22.850000381469727,22.864999771118164,3126.0
2023-06-29 11:02:00,ZION,27.100000381469727,27.100000381469727,27.149999618530273,27.100000381469727,27.149999618530273,18090.0
2023-06-29 11:03:00,WTW,232.85000610351562,232.85000610351562,233.0500030517578,232.83999633789062,232.9199981689453,3051.0
2023-06-29 11:03:00,WULF,1.7899999618530273,1.7899999618530273,1.7899999618530273,1.7899999618530273,1.7899999618530273,4782.0
2023-06-29 11:03:00,XP,22.959999084472656,22.959999084472656,22.959999084472656,22.860000610351562,22.860000610351562,10176.0
2023-06-29 11:03:00,ZION,27.1200008392334,27.1200008392334,27.1200008392334,27.0762996673584,27.100000381469727,7241.0
2023-06-29 11:04:00,WSFS,38.529998779296875,38.529998779296875,38.529998779296875,38.529998779296875,38.529998779296875,388.0
2023-06-29 11:04:00,WTFC,72.3499984741211,72.3499984741211,72.38999938964844,72.33000183105469,72.38999938964844,774.0
2023-06-29 11:04:00,WULF,1.7799999713897705,1.7799999713897705,1.7899999618530273,1.7799999713897705,1.7899999618530273,3640.0
2023-06-29 11:04:00,XP,22.975000381469727,22.975000381469727,22.979999542236328,22.959999084472656,22.959999084472656,3114.0
2023-06-29 11:04:00,ZION,27.1299991607666,27.1299991607666,27.139999389648438,27.125,27.1299991607666,3895.0
2023-06-29 11:05:00,WSFS,38.560001373291016,38.560001373291016,38.560001373291016,38.560001373291016,38.560001373291016,324.0
2023-06-29 11:05:00,WTFC,72.43000030517578,72.43000030517578,72.43000030517578,72.36000061035156,72.36000061035156,1577.0
2023-06-29 11:05:00,WULF,1.7826999425888062,1.7826999425888062,1.784999966621399,1.7826999425888062,1.784999966621399,3240.0
2023-06-29 11:05:00,XP,23.020000457763672,23.020000457763672,23.030000686645508,22.979999542236328,22.979999542236328,20651.0
2023-06-29 11:05:00,ZION,27.1299991607666,27.1299991607666,27.15999984741211,27.110000610351562,27.139999389648438,6491.0
2023-06-29 11:06:00,WSFS,38.47999954223633,38.47999954223633,38.505001068115234,38.47999954223633,38.505001068115234,460.0
2023-06-29 11:06:00,WTW,232.94569396972656,232.94569396972656,232.94569396972656,232.8000030517578,232.8000030517578,570.0
2023-06-29 11:06:00,WULF,1.774999976158142,1.774999976158142,1.784999966621399,1.774999976158142,1.784999966621399,3225.0
2023-06-29 11:06:00,XP,23.040000915527344,23.040000915527344,23.040000915527344,23.020000457763672,23.020000457763672,1292.0
2023-06-29 11:06:00,ZION,27.129899978637695,27.129899978637695,27.130199432373047,27.100000381469727,27.130199432373047,11735.0
2023-06-29 11:07:00,WTFC,72.41999816894531,72.41999816894531,72.41999816894531,72.4000015258789,72.41500091552734,532.0
2023-06-29 11:07:00,WTW,232.8300018310547,232.8300018310547,232.9250030517578,232.8300018310547,232.9250030517578,687.0
2023-06-29 11:07:00,WULF,1.774999976158142,1.774999976158142,1.774999976158142,1.774999976158142,1.774999976158142,1007.0
2023-06-29 11:07:00,XP,23.1200008392334,23.1200008392334,23.139999389648438,23.049999237060547,23.049999237060547,31166.0
2023-06-29 11:07:00,ZION,27.109399795532227,27.109399795532227,27.1299991607666,27.100000381469727,27.1299991607666,3645.0
2023-06-29 11:08:00,WSFS,38.439998626708984,38.439998626708984,38.439998626708984,38.439998626708984,38.439998626708984,375.0
2023-06-29 11:08:00,WTW,232.93499755859375,232.93499755859375,232.94500732421875,232.93499755859375,232.94000244140625,593.0
2023-06-29 11:08:00,WULF,1.7599999904632568,1.7599999904632568,1.774999976158142,1.7599999904632568,1.774999976158142,4865.0
2023-06-29 11:08:00,XP,23.110000610351562,23.110000610351562,23.1200008392334,23.100000381469727,23.1200008392334,10477.0
2023-06-29 11:08:00,XPAX,10.350000381469727,10.350000381469727,10.350000381469727,10.350000381469727,10.350000381469727,1500.0
2023-06-29 11:08:00,ZION,27.100000381469727,27.100000381469727,27.1200008392334,27.100000381469727,27.104999542236328,11973.0
2023-06-29 11:09:00,WTFC,72.25879669189453,72.25879669189453,72.36000061035156,72.25879669189453,72.36000061035156,985.0
2023-06-29 11:09:00,WTW,232.6999969482422,232.6999969482422,233.0,232.66000366210938,232.97999572753906,7307.0
2023-06-29 11:09:00,WULF,1.7599999904632568,1.7599999904632568,1.7699999809265137,1.7599999904632568,1.7699999809265137,6430.0
2023-06-29 11:09:00,XP,23.200000762939453,23.200000762939453,23.209999084472656,23.104999542236328,23.104999542236328,43380.0
2023-06-29 11:09:00,ZION,27.09000015258789,27.09000015258789,27.100000381469727,27.075000762939453,27.100000381469727,19371.0
2023-06-29 11:10:00,WTFC,72.37999725341797,72.37999725341797,72.37999725341797,72.37999725341797,72.37999725341797,573.0
2023-06-29 11:10:00,WTW,232.61000061035156,232.61000061035156,232.7899932861328,232.58999633789062,232.72999572753906,1411.0
2023-06-29 11:10:00,WULF,1.760599970817566,1.760599970817566,1.760599970817566,1.760599970817566,1.760599970817566,1012.0
2023-06-29 11:10:00,XP,23.139999389648438,23.139999389648438,23.229999542236328,23.139999389648438,23.200000762939453,9690.0
2023-06-29 11:10:00,ZION,27.1200008392334,27.1200008392334,27.1299991607666,27.100000381469727,27.110000610351562,3995.0
2023-06-29 11:11:00,WSFS,38.59000015258789,38.59000015258789,38.59000015258789,38.56999969482422,38.56999969482422,1110.0
2023-06-29 11:11:00,WTFC,72.43000030517578,72.43000030517578,72.43000030517578,72.43000030517578,72.43000030517578,1256.0
2023-06-29 11:11:00,WTW,232.60000610351562,232.60000610351562,232.63999938964844,232.60000610351562,232.63999938964844,220.0
2023-06-29 11:11:00,WULF,1.7684999704360962,1.7684999704360962,1.7684999704360962,1.7649999856948853,1.7649999856948853,1801.0
2023-06-29 11:11:00,XP,23.155000686645508,23.155000686645508,23.18000030517578,23.1200008392334,23.149999618530273,6612.0
2023-06-29 11:11:00,ZION,27.139999389648438,27.139999389648438,27.139999389648438,27.1200008392334,27.1200008392334,3230.0
2023-06-29 11:12:00,WTW,232.7899932861328,232.7899932861328,232.7899932861328,232.63999938964844,232.63999938964844,873.0
2023-06-29 11:12:00,WULF,1.7649999856948853,1.7649999856948853,1.7699999809265137,1.7599999904632568,1.7699999809265137,2923.0
2023-06-29 11:12:00,XP,23.167499542236328,23.167499542236328,23.170000076293945,23.139999389648438,23.149999618530273,24561.0
2023-06-29 11:12:00,ZION,27.139999389648438,27.139999389648438,27.15999984741211,27.114999771118164,27.135000228881836,13454.0
2023-06-29 11:13:00,WSBF,14.5600004196167,14.5600004196167,14.5600004196167,14.5600004196167,14.5600004196167,316.0
2023-06-29 11:13:00,WTW,232.8000030517578,232.8000030517578,232.81500244140625,232.72999572753906,232.81500244140625,734.0
2023-06-29 11:13:00,WULF,1.7599999904632568,1.7599999904632568,1.7599999904632568,1.7599999904632568,1.7599999904632568,700.0
2023-06-29 11:13:00,XP,23.165000915527344,23.165000915527344,23.165000915527344,23.155000686645508,23.165000915527344,7417.0
2023-06-29 11:13:00,ZION,27.1299991607666,27.1299991607666,27.1299991607666,27.110000610351562,27.122600555419922,3029.0
2023-06-29 11:14:00,WSBF,14.59000015258789,14.59000015258789,14.600000381469727,14.59000015258789,14.59000015258789,1037.0
2023-06-29 11:14:00,WSFS,38.619998931884766,38.619998931884766,38.619998931884766,38.61000061035156,38.61000061035156,716.0
2023-06-29 11:14:00,WTFC,72.61000061035156,72.61000061035156,72.61000061035156,72.55000305175781,72.55999755859375,301.0
2023-06-29 11:14:00,XP,23.15999984741211,23.15999984741211,23.18000030517578,23.155000686645508,23.170000076293945,17651.0
2023-06-29 11:14:00,XPAX,10.350000381469727,10.350000381469727,10.350000381469727,10.350000381469727,10.350000381469727,1300.0
2023-06-29 11:14:00,ZION,27.18000030517578,27.18000030517578,27.190000534057617,27.139999389648438,27.149999618530273,12619.0
2023-06-29 11:15:00,WSFS,38.65999984741211,38.65999984741211,38.65999984741211,38.65999984741211,38.65999984741211,298.0
2023-06-29 11:15:00,WTFC,72.5999984741211,72.5999984741211,72.5999984741211,72.56999969482422,72.56999969482422,569.0
2023-06-29 11:15:00,WTW,232.84500122070312,232.84500122070312,232.86000061035156,232.6699981689453,232.67999267578125,1404.0
2023-06-29 11:15:00,WULF,1.7699999809265137,1.7699999809265137,1.7699999809265137,1.7649999856948853,1.7649999856948853,845.0
2023-06-29 11:15:00,XP,23.190000534057617,23.190000534057617,23.209999084472656,23.165000915527344,23.170000076293945,46353.0
2023-06-29 11:15:00,ZION,27.149999618530273,27.149999618530273,27.15999984741211,27.139999389648438,27.15999984741211,15075.0
2023-06-29 11:16:00,WSFS,38.66999816894531,38.66999816894531,38.66999816894531,38.66999816894531,38.66999816894531,929.0
2023-06-29 11:16:00,WULF,1.7698999643325806,1.7698999643325806,1.7699999809265137,1.7649999856948853,1.7699999809265137,1132.0
2023-06-29 11:16:00,XP,23.155000686645508,23.155000686645508,23.18000030517578,23.149999618530273,23.18000030517578,4723.0
2023-06-29 11:16:00,ZION,27.149999618530273,27.149999618530273,27.15999984741211,27.149999618530273,27.149999618530273,3619.0
2023-06-29 11:17:00,WSFS,38.619998931884766,38.619998931884766,38.709999084472656,38.619998931884766,38.709999084472656,967.0
2023-06-29 11:17:00,WTFC,72.62999725341797,72.62999725341797,72.66999816894531,72.625,72.6500015258789,975.0
2023-06-29 11:17:00,WTFCM,22.649999618530273,22.649999618530273,22.649999618530273,22.631099700927734,22.649999618530273,1801.0
2023-06-29 11:17:00,WTFCP,23.690000534057617,23.690000534057617,23.690000534057617,23.68000030517578,23.690000534057617,2360.0
2023-06-29 11:17:00,WTW,232.85000610351562,232.85000610351562,232.85000610351562,232.85000610351562,232.85000610351562,109.0
2023-06-29 11:17:00,WULF,1.770900011062622,1.770900011062622,1.7799999713897705,1.7699999809265137,1.7699999809265137,15081.0
2023-06-29 11:17:00,XP,23.06999969482422,23.06999969482422,23.155000686645508,23.06999969482422,23.155000686645508,34952.0
2023-06-29 11:17:00,ZION,27.139999389648438,27.139999389648438,27.15999984741211,27.139999389648438,27.145000457763672,3961.0
2023-06-29 11:18:00,WTFC,72.625,72.625,72.625,72.625,72.625,276.0
2023-06-29 11:18:00,WTW,232.6999969482422,232.6999969482422,232.7100067138672,232.6999969482422,232.7100067138672,559.0
2023-06-29 11:18:00,WULF,1.7649999856948853,1.7649999856948853,1.7699999809265137,1.7649999856948853,1.7699999809265137,16780.0
2023-06-29 11:18:00,XP,23.065000534057617,23.065000534057617,23.06999969482422,23.059999465942383,23.065000534057617,3151.0
2023-06-29 11:18:00,ZION,27.139999389648438,27.139999389648438,27.155000686645508,27.135000228881836,27.139999389648438,2879.0
2023-06-29 11:19:00,WTFC,72.4800033569336,72.4800033569336,72.62000274658203,72.4800033569336,72.55999755859375,1291.0
2023-06-29 11:19:00,WTW,232.5399932861328,232.5399932861328,232.77999877929688,232.5399932861328,232.77999877929688,1272.0
2023-06-29 11:19:00,WULF,1.7661000490188599,1.7661000490188599,1.7661000490188599,1.7661000490188599,1.7661000490188599,944.0
2023-06-29 11:19:00,XP,23.09000015258789,23.09000015258789,23.100000381469727,23.06999969482422,23.06999969482422,5595.0
2023-06-29 11:19:00,ZION,27.125,27.125,27.139999389648438,27.100000381469727,27.1299991607666,6557.0
2023-06-29 11:20:00,WSFS,38.4900016784668,38.4900016784668,38.4900016784668,38.4900016784668,38.4900016784668,174.0
2023-06-29 11:20:00,WTFC,72.44000244140625,72.44000244140625,72.51000213623047,72.44000244140625,72.45999908447266,2269.0
2023-06-29 11:20:00,WTW,232.6999969482422,232.6999969482422,232.6999969482422,232.6999969482422,232.6999969482422,248.0
2023-06-29 11:20:00,XP,23.084999084472656,23.084999084472656,23.09000015258789,23.079999923706055,23.079999923706055,1476.0
2023-06-29 11:20:00,ZION,27.100000381469727,27.100000381469727,27.110000610351562,27.084999084472656,27.110000610351562,18189.0
2023-06-29 11:21:00,WSFS,38.470001220703125,38.470001220703125,38.470001220703125,38.470001220703125,38.470001220703125,155.0
2023-06-29 11:21:00,WTFC,72.30000305175781,72.30000305175781,72.32250213623047,72.27999877929688,72.31999969482422,3279.0
2023-06-29 11:21:00,WTW,232.69500732421875,232.69500732421875,232.69500732421875,232.69500732421875,232.69500732421875,250.0
2023-06-29 11:21:00,WULF,1.7599999904632568,1.7599999904632568,1.7599999904632568,1.7599999904632568,1.7599999904632568,4702.0
2023-06-29 11:21:00,WWACU,10.470000267028809,10.470000267028809,10.470000267028809,10.470000267028809,10.470000267028809,0.0
2023-06-29 11:21:00,XP,23.079999923706055,23.079999923706055,23.079999923706055,23.065000534057617,23.079999923706055,2902.0
2023-06-29 11:21:00,ZION,27.100000381469727,27.100000381469727,27.104999542236328,27.059999465942383,27.09000015258789,4280.0
2023-06-29 11:22:00,WTFC,72.2750015258789,72.2750015258789,72.2750015258789,72.2750015258789,72.2750015258789,140.0
2023-06-29 11:22:00,WULF,1.7549999952316284,1.7549999952316284,1.7584999799728394,1.7549999952316284,1.7584999799728394,1536.0
2023-06-29 11:22:00,XP,23.079999923706055,23.079999923706055,23.084999084472656,23.079999923706055,23.084999084472656,427.0
2023-06-29 11:22:00,ZION,27.06999969482422,27.06999969482422,27.09000015258789,27.06999969482422,27.09000015258789,1475.0
2023-06-29 11:23:00,WSFS,38.41999816894531,38.41999816894531,38.43000030517578,38.41999816894531,38.43000030517578,548.0
2023-06-29 11:23:00,WTFC,72.22000122070312,72.22000122070312,72.2750015258789,72.22000122070312,72.2750015258789,629.0
2023-06-29 11:23:00,WTW,232.61000061035156,232.61000061035156,232.61000061035156,232.61000061035156,232.61000061035156,202.0
2023-06-29 11:23:00,XP,23.075000762939453,23.075000762939453,23.084999084472656,23.075000762939453,23.084999084472656,1391.0
2023-06-29 11:23:00,ZION,27.09000015258789,27.09000015258789,27.1200008392334,27.059999465942383,27.079999923706055,2137.0
2023-06-29 11:24:00,WTFC,72.22000122070312,72.22000122070312,72.22000122070312,72.22000122070312,72.22000122070312,799.0
2023-06-29 11:24:00,WTW,232.80499267578125,232.80499267578125,232.83999633789062,232.6999969482422,232.72500610351562,1650.0
2023-06-29 11:24:00,WULF,1.7599999904632568,1.7599999904632568,1.7599999904632568,1.7599999904632568,1.7599999904632568,107.0
2023-06-29 11:24:00,XP,23.079999923706055,23.079999923706055,23.084999084472656,23.065000534057617,23.079999923706055,4500.0
2023-06-29 11:24:00,ZION,27.079999923706055,27.079999923706055,27.100000381469727,27.075000762939453,27.100000381469727,3115.0
2023-06-29 11:25:00,WSFS,38.33000183105469,38.33000183105469,38.33000183105469,38.33000183105469,38.33000183105469,120.0
2023-06-29 11:25:00,WTFC,72.26000213623047,72.26000213623047,72.30000305175781,72.25,72.25499725341797,3342.0
2023-06-29 11:25:00,WTW,232.7899932861328,232.7899932861328,232.7899932861328,232.7899932861328,232.7899932861328,520.0
2023-06-29 11:25:00,WULF,1.7582999467849731,1.7582999467849731,1.7582999467849731,1.7582999467849731,1.7582999467849731,1190.0
2023-06-29 11:25:00,XP,23.06999969482422,23.06999969482422,23.075000762939453,23.065000534057617,23.075000762939453,3738.0
2023-06-29 11:25:00,ZION,27.1200008392334,27.1200008392334,27.1200008392334,27.06999969482422,27.079999923706055,4600.0
2023-06-29 11:26:00,WSFS,38.34000015258789,38.34000015258789,38.34000015258789,38.34000015258789,38.34000015258789,540.0
2023-06-29 11:26:00,WTFC,72.30000305175781,72.30000305175781,72.30500030517578,72.23999786376953,72.23999786376953,2909.0
2023-06-29 11:26:00,XP,23.079999923706055,23.079999923706055,23.079999923706055,23.075000762939453,23.075000762939453,2246.0
2023-06-29 11:26:00,ZION,27.149999618530273,27.149999618530273,27.149999618530273,27.110000610351562,27.110000610351562,7347.0
2023-06-29 11:27:00,WTFC,72.33000183105469,72.33000183105469,72.33000183105469,72.33000183105469,72.33000183105469,146.0
2023-06-29 11:27:00,WTW,232.6999969482422,232.6999969482422,232.82000732421875,232.69000244140625,232.75,3186.0
2023-06-29 11:27:00,WULF,1.75,1.75,1.75,1.75,1.75,130.0
2023-06-29 11:27:00,XP,23.084999084472656,23.084999084472656,23.094999313354492,23.084999084472656,23.084999084472656,1659.0
2023-06-29 11:27:00,ZION,27.145000457763672,27.145000457763672,27.149999618530273,27.1299991607666,27.139999389648438,3472.0
2023-06-29 11:28:00,WSBF,14.584799766540527,14.584799766540527,14.584799766540527,14.584799766540527,14.584799766540527,929.0
2023-06-29 11:28:00,WTFC,72.20999908447266,72.20999908447266,72.30999755859375,72.20999908447266,72.30999755859375,680.0
2023-06-29 11:28:00,WTW,232.82000732421875,232.82000732421875,232.86000061035156,232.7550048828125,232.82000732421875,1326.0
2023-06-29 11:28:00,WULF,1.7599999904632568,1.7599999904632568,1.7649999856948853,1.7549999952316284,1.7599999904632568,13527.0
2023-06-29 11:28:00,XP,23.059999465942383,23.059999465942383,23.09000015258789,23.059999465942383,23.084999084472656,9181.0
2023-06-29 11:28:00,ZION,27.135000228881836,27.135000228881836,27.149999618530273,27.1299991607666,27.149999618530273,10973.0
2023-06-29 11:29:00,WSFS,38.290000915527344,38.290000915527344,38.290000915527344,38.290000915527344,38.290000915527344,107.0
2023-06-29 11:29:00,WTFCP,23.715999603271484,23.715999603271484,23.715999603271484,23.715999603271484,23.715999603271484,320.0
2023-06-29 11:29:00,WTW,232.7899932861328,232.7899932861328,232.8800048828125,232.77999877929688,232.82000732421875,2216.0
2023-06-29 11:29:00,WULF,1.7578999996185303,1.7578999996185303,1.7578999996185303,1.75,1.7549999952316284,10400.0
2023-06-29 11:29:00,XP,23.09000015258789,23.09000015258789,23.09000015258789,23.05500030517578,23.059999465942383,17711.0
2023-06-29 11:29:00,ZION,27.1200008392334,27.1200008392334,27.139999389648438,27.110000610351562,27.1299991607666,6132.0
2023-06-29 11:29:00,ZIONP,17.75,17.75,17.75,17.75,17.75,166.0
2023-06-29 11:30:00,WTFC,72.22000122070312,72.22000122070312,72.22000122070312,72.22000122070312,72.22000122070312,705.0
2023-06-29 11:30:00,WTW,232.91000366210938,232.91000366210938,232.91000366210938,232.85000610351562,232.85000610351562,1466.0
2023-06-29 11:30:00,WULF,1.7599999904632568,1.7599999904632568,1.7599999904632568,1.7599999904632568,1.7599999904632568,300.0
2023-06-29 11:30:00,XP,23.065000534057617,23.065000534057617,23.09000015258789,23.059999465942383,23.084999084472656,27228.0
2023-06-29 11:30:00,ZION,27.1299991607666,27.1299991607666,27.149999618530273,27.1200008392334,27.1200008392334,3797.0
2023-06-29 11:31:00,WTW,232.88499450683594,232.88499450683594,232.90499877929688,232.88499450683594,232.90499877929688,908.0
2023-06-29 11:31:00,WULF,1.75,1.75,1.75,1.75,1.75,264.0
2023-06-29 11:31:00,XP,23.065000534057617,23.065000534057617,23.065000534057617,23.065000534057617,23.065000534057617,820.0
2023-06-29 11:31:00,ZION,27.139999389648438,27.139999389648438,27.139999389648438,27.110000610351562,27.1200008392334,1112.0
2023-06-29 11:31:00,ZIONO,24.38680076599121,24.38680076599121,24.38680076599121,24.38680076599121,24.38680076599121,350.0
2023-06-29 11:32:00,WTW,233.02999877929688,233.02999877929688,233.08999633789062,233.00250244140625,233.0050048828125,1702.0
2023-06-29 11:32:00,WULF,1.7599999904632568,1.7599999904632568,1.7599999904632568,1.7599999904632568,1.7599999904632568,201.0
2023-06-29 11:32:00,XP,23.075000762939453,23.075000762939453,23.079999923706055,23.065000534057617,23.065000534057617,3109.0
2023-06-29 11:32:00,ZION,27.149999618530273,27.149999618530273,27.15999984741211,27.1299991607666,27.1299991607666,2251.0
2023-06-29 11:33:00,WSFS,38.47999954223633,38.47999954223633,38.47999954223633,38.47999954223633,38.47999954223633,717.0
2023-06-29 11:33:00,WTFC,72.37550354003906,72.37550354003906,72.37550354003906,72.30000305175781,72.30500030517578,2365.0
2023-06-29 11:33:00,WTW,232.91000366210938,232.91000366210938,233.0500030517578,232.89999389648438,233.02999877929688,1974.0
2023-06-29 11:33:00,WULF,1.7598999738693237,1.7598999738693237,1.7598999738693237,1.7598999738693237,1.7598999738693237,266.0
2023-06-29 11:33:00,XP,23.045000076293945,23.045000076293945,23.075000762939453,23.045000076293945,23.075000762939453,4529.0
2023-06-29 11:33:00,XPAX,10.359999656677246,10.359999656677246,10.359999656677246,10.359999656677246,10.359999656677246,100000.0
2023-06-29 11:33:00,ZION,27.1200008392334,27.1200008392334,27.170000076293945,27.1200008392334,27.170000076293945,3216.0
2023-06-29 11:33:00,ZIONO,24.450000762939453,24.450000762939453,24.450000762939453,24.450000762939453,24.450000762939453,164.0
2023-06-29 11:34:00,WTFC,72.30500030517578,72.30500030517578,72.30500030517578,72.30500030517578,72.30500030517578,198.0
2023-06-29 11:34:00,WTFCM,22.690000534057617,22.690000534057617,22.709999084472656,22.690000534057617,22.709999084472656,200.0
2023-06-29 11:34:00,WTFCP,23.700000762939453,23.700000762939453,23.700000762939453,23.700000762939453,23.700000762939453,408.0
2023-06-29 11:34:00,WULF,1.7599999904632568,1.7599999904632568,1.7599999904632568,1.7599999904632568,1.7599999904632568,100.0
2023-06-29 11:34:00,XP,23.024999618530273,23.024999618530273,23.040000915527344,23.024999618530273,23.040000915527344,962.0
2023-06-29 11:34:00,XPAX,10.359999656677246,10.359999656677246,10.359999656677246,10.354999542236328,10.354999542236328,2700.0
2023-06-29 11:34:00,ZION,27.1200008392334,27.1200008392334,27.1299991607666,27.1200008392334,27.1200008392334,1936.0
2023-06-29 11:34:00,ZIONO,24.44499969482422,24.44499969482422,24.44499969482422,24.44499969482422,24.44499969482422,128.0
2023-06-29 11:35:00,WSFS,38.439998626708984,38.439998626708984,38.439998626708984,38.439998626708984,38.439998626708984,209.0
2023-06-29 11:35:00,WTFC,72.41999816894531,72.41999816894531,72.41999816894531,72.41999816894531,72.41999816894531,493.0
2023-06-29 11:35:00,WTFCM,22.618600845336914,22.618600845336914,22.618600845336914,22.618600845336914,22.618600845336914,448.0
2023-06-29 11:35:00,WTW,232.8000030517578,232.8000030517578,232.89999389648438,232.8000030517578,232.89999389648438,770.0
2023-06-29 11:35:00,WULF,1.7598999738693237,1.7598999738693237,1.7598999738693237,1.7549999952316284,1.7598999738693237,5167.0
2023-06-29 11:35:00,XP,23.020000457763672,23.020000457763672,23.03499984741211,23.010000228881836,23.024999618530273,9852.0
2023-06-29 11:35:00,ZION,27.1299991607666,27.1299991607666,27.145000457763672,27.1200008392334,27.1299991607666,4054.0
2023-06-29 11:36:00,WTFC,72.43000030517578,72.43000030517578,72.43000030517578,72.43000030517578,72.43000030517578,355.0
2023-06-29 11:36:00,WTW,232.9149932861328,232.9149932861328,232.9149932861328,232.9149932861328,232.9149932861328,267.0
2023-06-29 11:36:00,WULF,1.75,1.75,1.75,1.75,1.75,122.0
2023-06-29 11:36:00,XP,23.0049991607666,23.0049991607666,23.024999618530273,23.0049991607666,23.024999618530273,2044.0
2023-06-29 11:36:00,ZION,27.135000228881836,27.135000228881836,27.139999389648438,27.125,27.1299991607666,2119.0
2023-06-29 11:36:00,ZIONP,17.75,17.75,17.75,17.75,17.75,100.0
2023-06-29 11:37:00,WTW,232.82000732421875,232.82000732421875,232.8347930908203,232.82000732421875,232.8347930908203,666.0
2023-06-29 11:37:00,WULF,1.75,1.75,1.7599999904632568,1.75,1.750100016593933,1008.0
2023-06-29 11:37:00,XP,23.0049991607666,23.0049991607666,23.020000457763672,23.0,23.0,10319.0
2023-06-29 11:37:00,ZION,27.104999542236328,27.104999542236328,27.1299991607666,27.104999542236328,27.1299991607666,3321.0
2023-06-29 11:38:00,WTFC,72.38999938964844,72.38999938964844,72.38999938964844,72.38999938964844,72.38999938964844,219.0
2023-06-29 11:38:00,WTW,232.98500061035156,232.98500061035156,233.05999755859375,232.94000244140625,233.00999450683594,1282.0
2023-06-29 11:38:00,XP,22.9950008392334,22.9950008392334,23.010000228881836,22.989999771118164,23.010000228881836,2726.0
2023-06-29 11:38:00,ZION,27.1299991607666,27.1299991607666,27.139999389648438,27.100000381469727,27.104999542236328,3620.0
2023-06-29 11:39:00,WSFS,38.47999954223633,38.47999954223633,38.540000915527344,38.47999954223633,38.47999954223633,1846.0
2023-06-29 11:39:00,WTFC,72.48999786376953,72.48999786376953,72.48999786376953,72.45999908447266,72.4800033569336,1262.0
2023-06-29 11:39:00,WULF,1.7549999952316284,1.7549999952316284,1.7549999952316284,1.7549999952316284,1.7549999952316284,278.0
2023-06-29 11:39:00,XP,23.010000228881836,23.010000228881836,23.010000228881836,22.99250030517578,23.0,5086.0
2023-06-29 11:39:00,ZION,27.139999389648438,27.139999389648438,27.15999984741211,27.139999389648438,27.145000457763672,5454.0
2023-06-29 11:40:00,WTW,232.8800048828125,232.8800048828125,233.0399932861328,232.85000610351562,232.97999572753906,1570.0
2023-06-29 11:40:00,WULF,1.7578999996185303,1.7578999996185303,1.7578999996185303,1.7529000043869019,1.7549999952316284,7361.0
2023-06-29 11:40:00,XP,23.010000228881836,23.010000228881836,23.020000457763672,23.010000228881836,23.010000228881836,5298.0
2023-06-29 11:40:00,ZION,27.145000457763672,27.145000457763672,27.149999618530273,27.1299991607666,27.139999389648438,4751.0
2023-06-29 11:41:00,WTW,232.8249969482422,232.8249969482422,232.94000244140625,232.8249969482422,232.94000244140625,828.0
2023-06-29 11:41:00,XP,23.020000457763672,23.020000457763672,23.020000457763672,23.010000228881836,23.010000228881836,4919.0
2023-06-29 11:41:00,ZION,27.139999389648438,27.139999389648438,27.149999618530273,27.1299991607666,27.149999618530273,7625.0
2023-06-29 11:42:00,WTW,232.85000610351562,232.85000610351562,232.85000610351562,232.82000732421875,232.8249969482422,498.0
2023-06-29 11:42:00,WULF,1.7549999952316284,1.7549999952316284,1.7549999952316284,1.7549999952316284,1.7549999952316284,103.0
2023-06-29 11:42:00,XP,23.0,23.0,23.024999618530273,23.0,23.020000457763672,4001.0
2023-06-29 11:42:00,ZION,27.139999389648438,27.139999389648438,27.15999984741211,27.139999389648438,27.139999389648438,5442.0
2023-06-29 11:43:00,WSBF,14.585000038146973,14.585000038146973,14.585000038146973,14.585000038146973,14.585000038146973,541.0
2023-06-29 11:43:00,WSFS,38.459999084472656,38.459999084472656,38.459999084472656,38.459999084472656,38.459999084472656,206.0
2023-06-29 11:43:00,WTFC,72.5199966430664,72.5199966430664,72.5199966430664,72.5199966430664,72.5199966430664,1187.0
2023-06-29 11:43:00,WTW,232.875,232.875,232.875,232.875,232.875,209.0
2023-06-29 11:43:00,WULF,1.75,1.75,1.7549999952316284,1.75,1.7549999952316284,529.0
2023-06-29 11:43:00,XP,22.9950008392334,22.9950008392334,22.9950008392334,22.989999771118164,22.9950008392334,833.0
2023-06-29 11:43:00,ZION,27.110000610351562,27.110000610351562,27.1299991607666,27.100000381469727,27.1299991607666,4629.0
2023-06-29 11:44:00,WTFC,72.44000244140625,72.44000244140625,72.44000244140625,72.44000244140625,72.44000244140625,830.0
2023-06-29 11:44:00,WTW,232.84500122070312,232.84500122070312,232.84500122070312,232.84500122070312,232.84500122070312,449.0
2023-06-29 11:44:00,WULF,1.75,1.75,1.7549999952316284,1.7450000047683716,1.7549999952316284,22166.0
2023-06-29 11:44:00,XP,22.987499237060547,22.987499237060547,22.989999771118164,22.987499237060547,22.989999771118164,1065.0
2023-06-29 11:44:00,ZION,27.106800079345703,27.106800079345703,27.106800079345703,27.079999923706055,27.09000015258789,3421.0
2023-06-29 11:44:00,ZIONO,24.420000076293945,24.420000076293945,24.420000076293945,24.420000076293945,24.420000076293945,412.0
2023-06-29 11:45:00,WTW,232.6300048828125,232.6300048828125,232.77999877929688,232.6300048828125,232.77999877929688,753.0
2023-06-29 11:45:00,WULF,1.7488000392913818,1.7488000392913818,1.7490999698638916,1.7400000095367432,1.7400000095367432,17449.0
2023-06-29 11:45:00,XP,22.989999771118164,22.989999771118164,23.0,22.982500076293945,22.985000610351562,3133.0
2023-06-29 11:45:00,ZION,27.1200008392334,27.1200008392334,27.1200008392334,27.110000610351562,27.110000610351562,2298.0
2023-06-29 11:46:00,WSBCP,23.200000762939453,23.200000762939453,23.200000762939453,23.200000762939453,23.200000762939453,335.0
2023-06-29 11:46:00,WULF,1.7450000047683716,1.7450000047683716,1.7450000047683716,1.7450000047683716,1.7450000047683716,349.0
2023-06-29 11:46:00,XP,23.03499984741211,23.03499984741211,23.03499984741211,23.0,23.0,16144.0
2023-06-29 11:46:00,ZION,27.125,27.125,27.1299991607666,27.100000381469727,27.125,4872.0
2023-06-29 11:47:00,WTW,232.61000061035156,232.61000061035156,232.85000610351562,232.61000061035156,232.75999450683594,2118.0
2023-06-29 11:47:00,WULF,1.7496000528335571,1.7496000528335571,1.7496000528335571,1.7412999868392944,1.7412999868392944,1162.0
2023-06-29 11:47:00,XP,23.03499984741211,23.03499984741211,23.03499984741211,23.030000686645508,23.03499984741211,4524.0
2023-06-29 11:47:00,ZINGW,0.01549999974668026,0.01549999974668026,0.01549999974668026,0.01549999974668026,0.01549999974668026,0.0
2023-06-29 11:47:00,ZION,27.1200008392334,27.1200008392334,27.1299991607666,27.104799270629883,27.1200008392334,3781.0
2023-06-29 11:48:00,WSFS,38.40999984741211,38.40999984741211,38.4901008605957,38.400001525878906,38.460899353027344,3031.0
2023-06-29 11:48:00,WULF,1.7350000143051147,1.7350000143051147,1.7400000095367432,1.7300000190734863,1.7400000095367432,11362.0
2023-06-29 11:48:00,XP,23.024999618530273,23.024999618530273,23.03499984741211,23.020000457763672,23.03499984741211,1114.0
2023-06-29 11:48:00,ZION,27.1299991607666,27.1299991607666,27.139999389648438,27.110000610351562,27.110000610351562,1872.0
2023-06-29 11:49:00,WTW,232.60000610351562,232.60000610351562,232.6300048828125,232.60000610351562,232.6300048828125,1057.0
2023-06-29 11:49:00,WULF,1.73989999294281,1.73989999294281,1.73989999294281,1.738700032234192,1.7395000457763672,2501.0
2023-06-29 11:49:00,XFIN,10.399999618530273,10.399999618530273,10.399999618530273,10.399999618530273,10.399999618530273,5135.0
2023-06-29 11:49:00,XP,23.014999389648438,23.014999389648438,23.020000457763672,23.0049991607666,23.020000457763672,2856.0
2023-06-29 11:49:00,ZION,27.110000610351562,27.110000610351562,27.114999771118164,27.110000610351562,27.110000610351562,2497.0
2023-06-29 11:50:00,WTFC,72.44000244140625,72.44000244140625,72.44000244140625,72.38999938964844,72.38999938964844,441.0
2023-06-29 11:50:00,WTW,232.56500244140625,232.56500244140625,232.56500244140625,232.56500244140625,232.56500244140625,296.0
2023-06-29 11:50:00,WULF,1.736299991607666,1.736299991607666,1.736299991607666,1.736299991607666,1.736299991607666,1017.0
2023-06-29 11:50:00,XP,23.010000228881836,23.010000228881836,23.020000457763672,23.0,23.014999389648438,8016.0
2023-06-29 11:50:00,ZION,27.110000610351562,27.110000610351562,27.1200008392334,27.100000381469727,27.1200008392334,1996.0
2023-06-29 11:51:00,WTFC,72.37000274658203,72.37000274658203,72.37000274658203,72.37000274658203,72.37000274658203,271.0
2023-06-29 11:51:00,WTFCM,22.40999984741211,22.40999984741211,22.709999084472656,22.40999984741211,22.709999084472656,1900.0
2023-06-29 11:51:00,WTFCP,23.700000762939453,23.700000762939453,23.700000762939453,23.700000762939453,23.700000762939453,1454.0
2023-06-29 11:51:00,WULF,1.7400000095367432,1.7400000095367432,1.7400000095367432,1.7400000095367432,1.7400000095367432,316.0
2023-06-29 11:51:00,XP,22.9950008392334,22.9950008392334,23.010000228881836,22.9950008392334,23.0049991607666,4523.0
2023-06-29 11:51:00,ZION,27.1200008392334,27.1200008392334,27.1299991607666,27.110000610351562,27.1200008392334,4176.0
2023-06-29 11:52:00,WTFCM,22.540000915527344,22.540000915527344,22.559999465942383,22.540000915527344,22.559999465942383,661.0
2023-06-29 11:52:00,WTFCP,23.68000030517578,23.68000030517578,23.68000030517578,23.68000030517578,23.68000030517578,764.0
2023-06-29 11:52:00,WTW,232.5399932861328,232.5399932861328,232.5399932861328,232.5399932861328,232.5399932861328,108.0
2023-06-29 11:52:00,WULF,1.732200026512146,1.732200026512146,1.7373000383377075,1.732200026512146,1.7373000383377075,350.0
2023-06-29 11:52:00,XP,23.0,23.0,23.010000228881836,22.9950008392334,23.0,9833.0
2023-06-29 11:52:00,ZION,27.110000610351562,27.110000610351562,27.1200008392334,27.100000381469727,27.114999771118164,8524.0
2023-06-29 11:53:00,WTW,232.7100067138672,232.7100067138672,232.7100067138672,232.60000610351562,232.60000610351562,1191.0
2023-06-29 11:53:00,WULF,1.7400000095367432,1.7400000095367432,1.7400000095367432,1.7400000095367432,1.7400000095367432,100.0
2023-06-29 11:53:00,XP,23.010000228881836,23.010000228881836,23.010000228881836,23.0,23.0,2903.0
2023-06-29 11:53:00,ZION,27.125,27.125,27.149999618530273,27.114999771118164,27.114999771118164,5594.0
2023-06-29 11:54:00,WTW,232.7949981689453,232.7949981689453,232.7949981689453,232.7949981689453,232.7949981689453,1126.0
2023-06-29 11:54:00,WULF,1.73989999294281,1.73989999294281,1.7400000095367432,1.739300012588501,1.739300012588501,1183.0
2023-06-29 11:54:00,XP,23.010000228881836,23.010000228881836,23.010000228881836,23.0,23.010000228881836,2690.0
2023-06-29 11:54:00,ZION,27.145000457763672,27.145000457763672,27.149999618530273,27.1299991607666,27.1299991607666,985.0
2023-06-29 11:55:00,WTFC,72.4000015258789,72.4000015258789,72.41500091552734,72.4000015258789,72.41500091552734,502.0
2023-06-29 11:55:00,XP,23.0,23.0,23.010000228881836,23.0,23.010000228881836,1549.0
2023-06-29 11:55:00,ZION,27.110000610351562,27.110000610351562,27.145000457763672,27.110000610351562,27.145000457763672,1943.0
2023-06-29 11:56:00,WTFC,72.37999725341797,72.37999725341797,72.37999725341797,72.37999725341797,72.37999725341797,413.0
2023-06-29 11:56:00,WTW,232.77999877929688,232.77999877929688,232.77999877929688,232.77999877929688,232.77999877929688,100.0
2023-06-29 11:56:00,WULF,1.7379000186920166,1.7379000186920166,1.7379000186920166,1.7379000186920166,1.7379000186920166,200.0
2023-06-29 11:56:00,XP,23.0,23.0,23.0049991607666,23.0,23.0049991607666,4514.0
2023-06-29 11:56:00,ZION,27.104999542236328,27.104999542236328,27.109899520874023,27.09000015258789,27.100000381469727,3274.0
2023-06-29 11:57:00,WSFS,38.27000045776367,38.27000045776367,38.27000045776367,38.27000045776367,38.27000045776367,437.0
2023-06-29 11:57:00,WTFC,72.36499786376953,72.36499786376953,72.37000274658203,72.36499786376953,72.37000274658203,647.0
2023-06-29 11:57:00,WTW,232.64999389648438,232.64999389648438,232.72000122070312,232.64999389648438,232.72000122070312,266.0
2023-06-29 11:57:00,WULF,1.7200000286102295,1.7200000286102295,1.7350000143051147,1.7200000286102295,1.7350000143051147,78281.0
2023-06-29 11:57:00,XP,22.975000381469727,22.975000381469727,22.9950008392334,22.975000381469727,22.9950008392334,4228.0
2023-06-29 11:57:00,ZION,27.079999923706055,27.079999923706055,27.100000381469727,27.079999923706055,27.100000381469727,1488.0
2023-06-29 11:58:00,WSBF,14.5600004196167,14.5600004196167,14.5600004196167,14.539999961853027,14.539999961853027,339.0
2023-06-29 11:58:00,WSFS,38.189998626708984,38.189998626708984,38.189998626708984,38.189998626708984,38.189998626708984,145.0
2023-06-29 11:58:00,WTFC,72.37999725341797,72.37999725341797,72.37999725341797,72.30999755859375,72.33999633789062,2434.0
2023-06-29 11:58:00,WTW,232.71499633789062,232.71499633789062,232.77000427246094,232.71499633789062,232.77000427246094,512.0
2023-06-29 11:58:00,XP,22.9950008392334,22.9950008392334,23.0,22.969999313354492,22.975000381469727,2726.0
2023-06-29 11:58:00,XPAX,10.369999885559082,10.369999885559082,10.369999885559082,10.369999885559082,10.369999885559082,126.0
2023-06-29 11:58:00,ZION,27.09000015258789,27.09000015258789,27.09000015258789,27.06999969482422,27.079999923706055,5380.0
2023-06-29 11:59:00,WSBF,14.59000015258789,14.59000015258789,14.59000015258789,14.59000015258789,14.59000015258789,339.0
2023-06-29 11:59:00,WSFS,38.290000915527344,38.290000915527344,38.290000915527344,38.279998779296875,38.279998779296875,437.0
2023-06-29 11:59:00,WTFC,72.41999816894531,72.41999816894531,72.44000244140625,72.41000366210938,72.41000366210938,1006.0
2023-06-29 11:59:00,WTW,232.71499633789062,232.71499633789062,232.71499633789062,232.71499633789062,232.71499633789062,501.0
2023-06-29 11:59:00,WULF,1.7200000286102295,1.7200000286102295,1.728700041770935,1.7200000286102295,1.728700041770935,6157.0
2023-06-29 11:59:00,XP,23.0049991607666,23.0049991607666,23.010000228881836,22.989999771118164,22.989999771118164,4949.0
2023-06-29 11:59:00,ZION,27.079999923706055,27.079999923706055,27.100000381469727,27.06999969482422,27.09000015258789,4124.0
2023-06-29 12:00:00,WSFS,38.277000427246094,38.277000427246094,38.277000427246094,38.2599983215332,38.2599983215332,374.0
2023-06-29 12:00:00,WTFCP,23.68000030517578,23.68000030517578,23.68000030517578,23.68000030517578,23.68000030517578,229.0
2023-06-29 12:00:00,WTW,232.63999938964844,232.63999938964844,232.75,232.61000061035156,232.69000244140625,2930.0
2023-06-29 12:00:00,WULF,1.7350000143051147,1.7350000143051147,1.739799976348877,1.7200000286102295,1.7200000286102295,17405.0
2023-06-29 12:00:00,XP,23.020000457763672,23.020000457763672,23.020000457763672,23.0049991607666,23.010000228881836,2835.0
2023-06-29 12:00:00,ZION,27.079999923706055,27.079999923706055,27.100000381469727,27.06999969482422,27.09000015258789,9546.0
2023-06-29 12:01:00,WTW,232.5850067138672,232.5850067138672,232.63999938964844,232.4499969482422,232.6300048828125,1496.0
2023-06-29 12:01:00,WULF,1.7395000457763672,1.7395000457763672,1.7395000457763672,1.7311999797821045,1.7311999797821045,3141.0
2023-06-29 12:01:00,XP,23.024999618530273,23.024999618530273,23.030000686645508,23.0,23.010000228881836,5353.0
2023-06-29 12:01:00,ZION,27.110000610351562,27.110000610351562,27.110000610351562,27.06999969482422,27.08989906311035,4660.0
2023-06-29 12:02:00,WSFS,38.33380126953125,38.33380126953125,38.349998474121094,38.33000183105469,38.33000183105469,1565.0
2023-06-29 12:02:00,WTFC,72.4749984741211,72.4749984741211,72.4749984741211,72.45999908447266,72.45999908447266,675.0
2023-06-29 12:02:00,WTW,232.52999877929688,232.52999877929688,232.5850067138672,232.52999877929688,232.5850067138672,471.0
2023-06-29 12:02:00,WULF,1.73989999294281,1.73989999294281,1.73989999294281,1.7374000549316406,1.7374000549316406,2007.0
2023-06-29 12:02:00,XP,23.049999237060547,23.049999237060547,23.049999237060547,23.030000686645508,23.030000686645508,1274.0
2023-06-29 12:02:00,ZION,27.1299991607666,27.1299991607666,27.139999389648438,27.100799560546875,27.100799560546875,1967.0
2023-06-29 12:03:00,WULF,1.7300000190734863,1.7300000190734863,1.73989999294281,1.7300000190734863,1.7300000190734863,1329.0
2023-06-29 12:03:00,XP,23.059999465942383,23.059999465942383,23.059999465942383,23.045000076293945,23.05500030517578,4573.0
2023-06-29 12:03:00,ZION,27.110000610351562,27.110000610351562,27.139999389648438,27.110000610351562,27.139999389648438,2304.0
2023-06-29 12:04:00,WTW,232.5749969482422,232.5749969482422,232.5749969482422,232.5749969482422,232.5749969482422,260.0
2023-06-29 12:04:00,WULF,1.7400000095367432,1.7400000095367432,1.7400000095367432,1.7300000190734863,1.7350000143051147,2316.0
2023-06-29 12:04:00,XP,23.045000076293945,23.045000076293945,23.049999237060547,23.040000915527344,23.049999237060547,4088.0
2023-06-29 12:04:00,ZION,27.110000610351562,27.110000610351562,27.125,27.110000610351562,27.110000610351562,5291.0
2023-06-29 12:05:00,WTFC,72.54000091552734,72.54000091552734,72.54000091552734,72.4800033569336,72.4800033569336,554.0
2023-06-29 12:05:00,WTW,232.5449981689453,232.5449981689453,232.5449981689453,232.5449981689453,232.5449981689453,179.0
2023-06-29 12:05:00,WULF,1.7400000095367432,1.7400000095367432,1.7400000095367432,1.7400000095367432,1.7400000095367432,1457.0
2023-06-29 12:05:00,XP,23.049999237060547,23.049999237060547,23.049999237060547,23.049999237060547,23.049999237060547,345.0
2023-06-29 12:05:00,ZION,27.1299991607666,27.1299991607666,27.1299991607666,27.114999771118164,27.114999771118164,1632.0
2023-06-29 12:06:00,WTFC,72.5,72.5,72.5,72.5,72.5,113.0
2023-06-29 12:06:00,WTW,232.55250549316406,232.55250549316406,232.55250549316406,232.55250549316406,232.55250549316406,426.0
2023-06-29 12:06:00,WULF,1.7400000095367432,1.7400000095367432,1.7450000047683716,1.7300000190734863,1.7447999715805054,22701.0
2023-06-29 12:06:00,XP,23.040000915527344,23.040000915527344,23.049999237060547,23.040000915527344,23.045000076293945,985.0
2023-06-29 12:06:00,ZION,27.1299991607666,27.1299991607666,27.135000228881836,27.1200008392334,27.1299991607666,1345.0
2023-06-29 12:07:00,WSBF,14.5649995803833,14.5649995803833,14.5649995803833,14.5649995803833,14.5649995803833,268.0
2023-06-29 12:07:00,WTFC,72.48999786376953,72.48999786376953,72.48999786376953,72.48999786376953,72.48999786376953,538.0
2023-06-29 12:07:00,WTW,232.52000427246094,232.52000427246094,232.52000427246094,232.52000427246094,232.52000427246094,226.0
2023-06-29 12:07:00,WULF,1.7300000190734863,1.7300000190734863,1.7400000095367432,1.7300000190734863,1.7400000095367432,502.0
2023-06-29 12:07:00,XP,23.045000076293945,23.045000076293945,23.045000076293945,23.040000915527344,23.045000076293945,970.0
2023-06-29 12:07:00,ZION,27.149999618530273,27.149999618530273,27.155000686645508,27.139999389648438,27.139999389648438,1673.0
2023-06-29 12:08:00,WSFS,38.43000030517578,38.43000030517578,38.439998626708984,38.41999816894531,38.43000030517578,1688.0
2023-06-29 12:08:00,WTFC,72.51000213623047,72.51000213623047,72.51000213623047,72.51000213623047,72.51000213623047,434.0
2023-06-29 12:08:00,WULF,1.7400000095367432,1.7400000095367432,1.7400000095367432,1.7400000095367432,1.7400000095367432,5208.0
2023-06-29 12:08:00,XP,23.05500030517578,23.05500030517578,23.059999465942383,23.03499984741211,23.040000915527344,7255.0
2023-06-29 12:08:00,ZION,27.145000457763672,27.145000457763672,27.170000076293945,27.13159942626953,27.139999389648438,10954.0
2023-06-29 12:09:00,WTW,232.52499389648438,232.52499389648438,232.5800018310547,232.52000427246094,232.52000427246094,759.0
2023-06-29 12:09:00,WULF,1.7450000047683716,1.7450000047683716,1.7450000047683716,1.7324999570846558,1.7324999570846558,5614.0
2023-06-29 12:09:00,WWACU,10.420000076293945,10.420000076293945,10.420000076293945,10.420000076293945,10.420000076293945,880.0
2023-06-29 12:09:00,XP,23.050100326538086,23.050100326538086,23.059999465942383,23.050100326538086,23.059999465942383,1255.0
2023-06-29 12:09:00,ZION,27.1387996673584,27.1387996673584,27.149999618530273,27.1299991607666,27.149999618530273,6764.0
2023-06-29 12:10:00,WTW,232.5050048828125,232.5050048828125,232.5500030517578,232.4600067138672,232.4600067138672,1221.0
2023-06-29 12:10:00,WULF,1.7400000095367432,1.7400000095367432,1.7404999732971191,1.7400000095367432,1.7404999732971191,3171.0
2023-06-29 12:10:00,XP,23.030000686645508,23.030000686645508,23.059999465942383,23.030000686645508,23.059999465942383,6398.0
2023-06-29 12:10:00,ZION,27.12070083618164,27.12070083618164,27.135000228881836,27.1200008392334,27.1299991607666,5302.0
2023-06-29 12:10:00,ZIONO,24.440000534057617,24.440000534057617,24.440000534057617,24.420000076293945,24.420000076293945,500.0
2023-06-29 12:11:00,WTFC,72.4800033569336,72.4800033569336,72.4800033569336,72.4800033569336,72.4800033569336,597.0
2023-06-29 12:11:00,WTW,232.5500030517578,232.5500030517578,232.5500030517578,232.5500030517578,232.5500030517578,501.0
2023-06-29 12:11:00,WULF,1.7381000518798828,1.7381000518798828,1.738700032234192,1.7300000190734863,1.7300000190734863,2572.0
2023-06-29 12:11:00,XP,23.014999389648438,23.014999389648438,23.020000457763672,23.0049991607666,23.020000457763672,1871.0
2023-06-29 12:11:00,ZION,27.09000015258789,27.09000015258789,27.110000610351562,27.09000015258789,27.110000610351562,1397.0
2023-06-29 12:11:00,ZIONO,24.420000076293945,24.420000076293945,24.420000076293945,24.420000076293945,24.420000076293945,500.0
2023-06-29 12:12:00,WTW,232.5800018310547,232.5800018310547,232.5800018310547,232.5800018310547,232.5800018310547,110.0
2023-06-29 12:12:00,WULF,1.7300000190734863,1.7300000190734863,1.7400000095367432,1.7300000190734863,1.7400000095367432,6873.0
2023-06-29 12:12:00,XP,23.020000457763672,23.020000457763672,23.020000457763672,23.014999389648438,23.014999389648438,2854.0
2023-06-29 12:12:00,ZION,27.125,27.125,27.125,27.100000381469727,27.100000381469727,3927.0
2023-06-29 12:13:00,WTFC,72.61000061035156,72.61000061035156,72.61000061035156,72.5199966430664,72.5199966430664,892.0
2023-06-29 12:13:00,WTW,232.58999633789062,232.58999633789062,232.58999633789062,232.5800018310547,232.5800018310547,403.0
2023-06-29 12:13:00,XP,23.010000228881836,23.010000228881836,23.020000457763672,23.010000228881836,23.014999389648438,2659.0
2023-06-29 12:13:00,ZION,27.139999389648438,27.139999389648438,27.18000030517578,27.131200790405273,27.135000228881836,7757.0
2023-06-29 12:13:00,ZIONO,24.420000076293945,24.420000076293945,24.450000762939453,24.420000076293945,24.420000076293945,1936.0
2023-06-29 12:14:00,WTW,232.52999877929688,232.52999877929688,232.52999877929688,232.52999877929688,232.52999877929688,814.0
2023-06-29 12:14:00,WULF,1.7400000095367432,1.7400000095367432,1.7400000095367432,1.7300000190734863,1.732100009918213,3941.0
2023-06-29 12:14:00,XP,23.020000457763672,23.020000457763672,23.020000457763672,23.014999389648438,23.014999389648438,1766.0
2023-06-29 12:14:00,ZION,27.1299991607666,27.1299991607666,27.15999984741211,27.1299991607666,27.149999618530273,4053.0
2023-06-29 12:15:00,WULF,1.7400000095367432,1.7400000095367432,1.7400000095367432,1.7300000190734863,1.7300000190734863,608.0
2023-06-29 12:15:00,XP,22.9950008392334,22.9950008392334,23.010000228881836,22.9950008392334,23.010000228881836,2828.0
2023-06-29 12:15:00,ZION,27.155000686645508,27.155000686645508,27.155000686645508,27.139999389648438,27.139999389648438,3326.0
2023-06-29 12:16:00,WULF,1.7400000095367432,1.7400000095367432,1.7400000095367432,1.73989999294281,1.73989999294281,1400.0
2023-06-29 12:16:00,XP,23.0049991607666,23.0049991607666,23.0049991607666,23.0,23.0,1037.0
2023-06-29 12:16:00,ZION,27.139999389648438,27.139999389648438,27.149999618530273,27.135000228881836,27.140100479125977,1931.0
2023-06-29 12:16:00,ZIONO,24.420000076293945,24.420000076293945,24.420000076293945,24.420000076293945,24.420000076293945,500.0
2023-06-29 12:17:00,WSFS,38.400001525878906,38.400001525878906,38.400001525878906,38.400001525878906,38.400001525878906,119.0
2023-06-29 12:17:00,WTFC,72.62999725341797,72.62999725341797,72.62999725341797,72.62999725341797,72.62999725341797,376.0
2023-06-29 12:17:00,WTW,232.55999755859375,232.55999755859375,232.60000610351562,232.53500366210938,232.55999755859375,1965.0
2023-06-29 12:17:00,WULF,1.7300000190734863,1.7300000190734863,1.7400000095367432,1.7300000190734863,1.7380000352859497,3693.0
2023-06-29 12:17:00,XP,23.010000228881836,23.010000228881836,23.010000228881836,23.0049991607666,23.0049991607666,1995.0
2023-06-29 12:17:00,ZION,27.165000915527344,27.165000915527344,27.170000076293945,27.149999618530273,27.149999618530273,3309.0
2023-06-29 12:18:00,WSBF,14.59000015258789,14.59000015258789,14.59000015258789,14.59000015258789,14.59000015258789,126.0
2023-06-29 12:18:00,WSFS,38.470001220703125,38.470001220703125,38.470001220703125,38.439701080322266,38.439701080322266,561.0
2023-06-29 12:18:00,WTFC,72.63999938964844,72.63999938964844,72.63999938964844,72.63999938964844,72.63999938964844,845.0
2023-06-29 12:18:00,WTW,232.58999633789062,232.58999633789062,232.6199951171875,232.58999633789062,232.60000610351562,1426.0
2023-06-29 12:18:00,WULF,1.7450000047683716,1.7450000047683716,1.7450000047683716,1.7324999570846558,1.7400000095367432,3737.0
2023-06-29 12:18:00,XP,23.020000457763672,23.020000457763672,23.030000686645508,23.010000228881836,23.010000228881836,2486.0
2023-06-29 12:18:00,ZION,27.165000915527344,27.165000915527344,27.179899215698242,27.155000686645508,27.170000076293945,6541.0
2023-06-29 12:19:00,WTW,232.59500122070312,232.59500122070312,232.64999389648438,232.5800018310547,232.64999389648438,757.0
2023-06-29 12:19:00,WULF,1.75,1.75,1.75,1.7400000095367432,1.7484999895095825,1700.0
2023-06-29 12:19:00,XP,23.030000686645508,23.030000686645508,23.030000686645508,23.030000686645508,23.030000686645508,1607.0
2023-06-29 12:19:00,ZION,27.170000076293945,27.170000076293945,27.18000030517578,27.170000076293945,27.170000076293945,2212.0
2023-06-29 12:20:00,WSBF,14.595000267028809,14.595000267028809,14.609999656677246,14.595000267028809,14.609999656677246,407.0
2023-06-29 12:20:00,WSFS,38.4900016784668,38.4900016784668,38.4900016784668,38.47999954223633,38.47999954223633,553.0
2023-06-29 12:20:00,WTFC,72.76000213623047,72.76000213623047,72.76000213623047,72.76000213623047,72.76000213623047,248.0
2023-06-29 12:20:00,WTW,232.61000061035156,232.61000061035156,232.75999450683594,232.61000061035156,232.75999450683594,445.0
2023-06-29 12:20:00,WULF,1.75,1.75,1.75,1.75,1.75,500.0
2023-06-29 12:20:00,XP,23.030000686645508,23.030000686645508,23.030000686645508,23.020000457763672,23.030000686645508,2387.0
2023-06-29 12:20:00,ZION,27.229999542236328,27.229999542236328,27.229999542236328,27.170000076293945,27.170000076293945,25122.0
2023-06-29 12:21:00,WSFS,38.560001373291016,38.560001373291016,38.560001373291016,38.560001373291016,38.560001373291016,101.0
2023-06-29 12:21:00,WTFC,72.76000213623047,72.76000213623047,72.76000213623047,72.76000213623047,72.76000213623047,205.0
2023-06-29 12:21:00,WTW,232.7899932861328,232.7899932861328,232.7899932861328,232.7899932861328,232.7899932861328,161.0
2023-06-29 12:21:00,WULF,1.7422000169754028,1.7422000169754028,1.7450000047683716,1.7400000095367432,1.7400000095367432,762.0
2023-06-29 12:21:00,XP,23.020000457763672,23.020000457763672,23.040000915527344,23.014999389648438,23.030000686645508,5243.0
2023-06-29 12:21:00,ZION,27.209999084472656,27.209999084472656,27.239999771118164,27.200000762939453,27.225000381469727,3802.0
2023-06-29 12:22:00,WSFS,38.59000015258789,38.59000015258789,38.59000015258789,38.56999969482422,38.56999969482422,944.0
2023-06-29 12:22:00,WTFC,72.7699966430664,72.7699966430664,72.80000305175781,72.72000122070312,72.75499725341797,920.0
2023-06-29 12:22:00,WTW,233.0500030517578,233.0500030517578,233.05999755859375,232.9499969482422,232.9499969482422,553.0
2023-06-29 12:22:00,XP,23.020000457763672,23.020000457763672,23.020000457763672,23.020000457763672,23.020000457763672,797.0
2023-06-29 12:22:00,ZION,27.264999389648438,27.264999389648438,27.264999389648438,27.209999084472656,27.209999084472656,2716.0
2023-06-29 12:23:00,WSFS,38.65999984741211,38.65999984741211,38.65999984741211,38.65999984741211,38.65999984741211,124.0
2023-06-29 12:23:00,WTW,233.07000732421875,233.07000732421875,233.0800018310547,233.07000732421875,233.0800018310547,698.0
2023-06-29 12:23:00,XP,23.010000228881836,23.010000228881836,23.020000457763672,23.0049991607666,23.020000457763672,3449.0
2023-06-29 12:23:00,ZION,27.270000457763672,27.270000457763672,27.280000686645508,27.260000228881836,27.270000457763672,5803.0
2023-06-29 12:24:00,WTFC,72.81999969482422,72.81999969482422,72.81999969482422,72.80500030517578,72.80500030517578,491.0
2023-06-29 12:24:00,WTW,233.02000427246094,233.02000427246094,233.02000427246094,232.89999389648438,233.00999450683594,1745.0
2023-06-29 12:24:00,WULF,1.7300000190734863,1.7300000190734863,1.75,1.7300000190734863,1.75,29437.0
2023-06-29 12:24:00,XP,23.010000228881836,23.010000228881836,23.010000228881836,23.0,23.0,361.0
2023-06-29 12:24:00,ZION,27.270000457763672,27.270000457763672,27.270000457763672,27.260000228881836,27.260000228881836,328.0
2023-06-29 12:25:00,WTFC,72.83000183105469,72.83000183105469,72.83000183105469,72.83000183105469,72.83000183105469,191.0
2023-06-29 12:25:00,WULF,1.7350000143051147,1.7350000143051147,1.7350000143051147,1.7300000190734863,1.7336000204086304,2900.0
2023-06-29 12:25:00,XP,23.0,23.0,23.0049991607666,22.989999771118164,23.0,2490.0
2023-06-29 12:25:00,ZION,27.260000228881836,27.260000228881836,27.280000686645508,27.25,27.270000457763672,1953.0
2023-06-29 12:26:00,WSBF,14.65999984741211,14.65999984741211,14.65999984741211,14.65999984741211,14.65999984741211,353.0
2023-06-29 12:26:00,WTFC,72.83999633789062,72.83999633789062,72.83999633789062,72.83999633789062,72.83999633789062,120.0
2023-06-29 12:26:00,WULF,1.7400000095367432,1.7400000095367432,1.75,1.7350000143051147,1.7350000143051147,269844.0
2023-06-29 12:26:00,XP,23.010000228881836,23.010000228881836,23.010000228881836,23.0,23.010000228881836,2247.0
2023-06-29 12:26:00,ZION,27.270000457763672,27.270000457763672,27.28499984741211,27.260000228881836,27.270000457763672,3384.0
2023-06-29 12:27:00,WSFS,38.59000015258789,38.59000015258789,38.59000015258789,38.59000015258789,38.59000015258789,111.0
2023-06-29 12:27:00,WTW,233.00999450683594,233.00999450683594,233.00999450683594,233.00999450683594,233.00999450683594,251.0
2023-06-29 12:27:00,WULF,1.7400000095367432,1.7400000095367432,1.7400000095367432,1.7400000095367432,1.7400000095367432,5852.0
2023-06-29 12:27:00,XP,23.010000228881836,23.010000228881836,23.014999389648438,23.010000228881836,23.010000228881836,1230.0
2023-06-29 12:27:00,ZION,27.270000457763672,27.270000457763672,27.275299072265625,27.270000457763672,27.270000457763672,2489.0
2023-06-29 12:28:00,WTW,233.02499389648438,233.02499389648438,233.07000732421875,233.02000427246094,233.02000427246094,1349.0
2023-06-29 12:28:00,XP,23.020000457763672,23.020000457763672,23.030000686645508,23.014999389648438,23.020000457763672,4919.0
2023-06-29 12:28:00,ZION,27.260000228881836,27.260000228881836,27.280000686645508,27.260000228881836,27.264999389648438,3081.0
2023-06-29 12:29:00,WSFS,38.540000915527344,38.540000915527344,38.58000183105469,38.540000915527344,38.58000183105469,845.0
2023-06-29 12:29:00,WTFC,72.77999877929688,72.77999877929688,72.79000091552734,72.77999877929688,72.79000091552734,629.0
2023-06-29 12:29:00,WULF,1.75,1.75,1.75,1.7418999671936035,1.7418999671936035,647.0
2023-06-29 12:29:00,WWAC,10.399999618530273,10.399999618530273,10.399999618530273,10.399999618530273,10.399999618530273,0.0
2023-06-29 12:29:00,XP,23.014999389648438,23.014999389648438,23.024999618530273,23.014999389648438,23.024999618530273,3469.0
2023-06-29 12:29:00,ZION,27.260000228881836,27.260000228881836,27.260000228881836,27.239999771118164,27.239999771118164,5012.0
2023-06-29 12:30:00,WTW,233.05999755859375,233.05999755859375,233.11000061035156,233.05999755859375,233.08999633789062,1015.0
2023-06-29 12:30:00,XP,22.989999771118164,22.989999771118164,23.020000457763672,22.989999771118164,23.010000228881836,7089.0
2023-06-29 12:30:00,ZION,27.280000686645508,27.280000686645508,27.290000915527344,27.264999389648438,27.264999389648438,2785.0
2023-06-29 12:31:00,WTW,233.02999877929688,233.02999877929688,233.02999877929688,233.02999877929688,233.02999877929688,217.0
2023-06-29 12:31:00,XP,22.9950008392334,22.9950008392334,22.9950008392334,22.985000610351562,22.9950008392334,961.0
2023-06-29 12:31:00,ZION,27.239999771118164,27.239999771118164,27.270000457763672,27.239999771118164,27.270000457763672,1547.0
2023-06-29 12:32:00,WSBF,14.619999885559082,14.619999885559082,14.619999885559082,14.619999885559082,14.619999885559082,395.0
2023-06-29 12:32:00,WTW,233.0449981689453,233.0449981689453,233.0500030517578,233.0,233.0500030517578,1110.0
2023-06-29 12:32:00,XP,23.0049991607666,23.0049991607666,23.00749969482422,23.0,23.0,3543.0
2023-06-29 12:32:00,ZION,27.260000228881836,27.260000228881836,27.260000228881836,27.229999542236328,27.229999542236328,1628.0
2023-06-29 12:33:00,WTW,233.08999633789062,233.08999633789062,233.1199951171875,233.02999877929688,233.1199951171875,1187.0
2023-06-29 12:33:00,WULF,1.7490999698638916,1.7490999698638916,1.7490999698638916,1.7490999698638916,1.7490999698638916,205.0
2023-06-29 12:33:00,XP,23.0049991607666,23.0049991607666,23.0049991607666,23.0049991607666,23.0049991607666,1143.0
2023-06-29 12:33:00,ZION,27.280000686645508,27.280000686645508,27.295000076293945,27.260000228881836,27.260000228881836,5124.0
2023-06-29 12:34:00,WTW,233.07000732421875,233.07000732421875,233.07000732421875,233.07000732421875,233.07000732421875,340.0
2023-06-29 12:34:00,WULF,1.7493000030517578,1.7493000030517578,1.7493000030517578,1.7493000030517578,1.7493000030517578,503.0
2023-06-29 12:34:00,XP,23.0,23.0,23.010000228881836,23.0,23.010000228881836,4816.0
2023-06-29 12:34:00,ZION,27.280000686645508,27.280000686645508,27.299999237060547,27.270000457763672,27.299999237060547,2715.0
2023-06-29 12:35:00,WSFS,38.59000015258789,38.59000015258789,38.59000015258789,38.59000015258789,38.59000015258789,433.0
2023-06-29 12:35:00,WTFC,72.79740142822266,72.79740142822266,72.79740142822266,72.79740142822266,72.79740142822266,1507.0
2023-06-29 12:35:00,WTW,233.10000610351562,233.10000610351562,233.1699981689453,233.10000610351562,233.1699981689453,378.0
2023-06-29 12:35:00,WULF,1.7450000047683716,1.7450000047683716,1.749899983406067,1.7450000047683716,1.7493000030517578,2030.0
2023-06-29 12:35:00,XP,23.0049991607666,23.0049991607666,23.010000228881836,23.0049991607666,23.0049991607666,1172.0
2023-06-29 12:35:00,ZION,27.309999465942383,27.309999465942383,27.309999465942383,27.295000076293945,27.299999237060547,2765.0
2023-06-29 12:36:00,WTW,233.2050018310547,233.2050018310547,233.2050018310547,233.2050018310547,233.2050018310547,350.0
2023-06-29 12:36:00,WULF,1.7424999475479126,1.7424999475479126,1.7424999475479126,1.7424999475479126,1.7424999475479126,100.0
2023-06-29 12:36:00,XP,23.0,23.0,23.00749969482422,22.9950008392334,23.0049991607666,4277.0
2023-06-29 12:36:00,ZION,27.30500030517578,27.30500030517578,27.309999465942383,27.299999237060547,27.309999465942383,3077.0
2023-06-29 12:37:00,WSFS,38.689998626708984,38.689998626708984,38.689998626708984,38.689998626708984,38.689998626708984,115.0
2023-06-29 12:37:00,WTW,233.1999969482422,233.1999969482422,233.27000427246094,233.14999389648438,233.27000427246094,1987.0
2023-06-29 12:37:00,WULF,1.7450000047683716,1.7450000047683716,1.7466000318527222,1.7400000095367432,1.7466000318527222,1212.0
2023-06-29 12:37:00,XFINU,10.460000038146973,10.460000038146973,10.470000267028809,10.460000038146973,10.470000267028809,0.0
2023-06-29 12:37:00,XP,23.0,23.0,23.0,23.0,23.0,2520.0
2023-06-29 12:37:00,ZION,27.299999237060547,27.299999237060547,27.31999969482422,27.299999237060547,27.31999969482422,3347.0
2023-06-29 12:38:00,WSFS,38.720001220703125,38.720001220703125,38.720001220703125,38.650001525878906,38.650001525878906,335.0
2023-06-29 12:38:00,WTFC,72.91999816894531,72.91999816894531,72.91999816894531,72.91999816894531,72.91999816894531,435.0
2023-06-29 12:38:00,WTW,233.21499633789062,233.21499633789062,233.25,233.21499633789062,233.25,995.0
2023-06-29 12:38:00,WULF,1.75,1.75,1.75,1.75,1.75,2200.0
2023-06-29 12:38:00,XP,23.0,23.0,23.0,23.0,23.0,2625.0
2023-06-29 12:38:00,ZION,27.31999969482422,27.31999969482422,27.31999969482422,27.290000915527344,27.309999465942383,2545.0
2023-06-29 12:39:00,WSFS,38.68000030517578,38.68000030517578,38.689998626708984,38.650001525878906,38.689998626708984,1028.0
2023-06-29 12:39:00,WTW,233.40499877929688,233.40499877929688,233.40499877929688,233.40499877929688,233.40499877929688,110.0
2023-06-29 12:39:00,WULF,1.7577999830245972,1.7577999830245972,1.7577999830245972,1.7549999952316284,1.7549999952316284,1100.0
2023-06-29 12:39:00,XP,23.0,23.0,23.0,23.0,23.0,1060.0
2023-06-29 12:39:00,ZION,27.290000915527344,27.290000915527344,27.30150032043457,27.290000915527344,27.299999237060547,760.0
2023-06-29 12:40:00,WTW,233.3800048828125,233.3800048828125,233.3800048828125,233.3800048828125,233.3800048828125,716.0
2023-06-29 12:40:00,WULF,1.75,1.75,1.7599999904632568,1.75,1.7599999904632568,2997.0
2023-06-29 12:40:00,XP,22.985000610351562,22.985000610351562,23.0,22.979999542236328,23.0,3678.0
2023-06-29 12:40:00,ZION,27.280000686645508,27.280000686645508,27.306499481201172,27.280000686645508,27.306499481201172,1255.0
2023-06-29 12:41:00,WSFS,38.650001525878906,38.650001525878906,38.650001525878906,38.650001525878906,38.650001525878906,449.0
2023-06-29 12:41:00,WTFC,72.83999633789062,72.83999633789062,72.9000015258789,72.83999633789062,72.9000015258789,833.0
2023-06-29 12:41:00,WTW,233.3000030517578,233.3000030517578,233.3000030517578,233.3000030517578,233.3000030517578,517.0
2023-06-29 12:41:00,WULF,1.7549999952316284,1.7549999952316284,1.7549999952316284,1.7549999952316284,1.7549999952316284,223.0
2023-06-29 12:41:00,XP,22.985000610351562,22.985000610351562,22.985000610351562,22.985000610351562,22.985000610351562,491.0
2023-06-29 12:41:00,ZION,27.260000228881836,27.260000228881836,27.28499984741211,27.252199172973633,27.280000686645508,1525.0
2023-06-29 12:42:00,WTFC,72.87000274658203,72.87000274658203,72.87000274658203,72.8499984741211,72.8550033569336,587.0
2023-06-29 12:42:00,XP,22.969999313354492,22.969999313354492,22.987499237060547,22.969999313354492,22.987499237060547,2333.0
2023-06-29 12:42:00,ZION,27.260000228881836,27.260000228881836,27.270000457763672,27.260000228881836,27.270000457763672,4874.0
2023-06-29 12:43:00,XP,22.96500015258789,22.96500015258789,22.975000381469727,22.96500015258789,22.969999313354492,3041.0
2023-06-29 12:43:00,ZION,27.270000457763672,27.270000457763672,27.270000457763672,27.260000228881836,27.270000457763672,1688.0
2023-06-29 12:44:00,WTW,233.28500366210938,233.28500366210938,233.28500366210938,233.28500366210938,233.28500366210938,356.0
2023-06-29 12:44:00,XP,22.96500015258789,22.96500015258789,22.969999313354492,22.96500015258789,22.96500015258789,1105.0
2023-06-29 12:44:00,ZION,27.269899368286133,27.269899368286133,27.270000457763672,27.269899368286133,27.270000457763672,1229.0
2023-06-29 12:45:00,WULF,1.7502000331878662,1.7502000331878662,1.7549999952316284,1.75,1.7549999952316284,4195.0
2023-06-29 12:45:00,XFINU,10.682499885559082,10.682499885559082,10.682499885559082,10.420100212097168,10.420100212097168,400.0
2023-06-29 12:45:00,XP,22.959999084472656,22.959999084472656,22.969999313354492,22.954999923706055,22.96500015258789,3942.0
2023-06-29 12:45:00,ZION,27.260000228881836,27.260000228881836,27.260000228881836,27.260000228881836,27.260000228881836,313.0
2023-06-29 12:46:00,WTFC,72.87000274658203,72.87000274658203,72.87000274658203,72.87000274658203,72.87000274658203,735.0
2023-06-29 12:46:00,WTW,233.30999755859375,233.30999755859375,233.30999755859375,233.30999755859375,233.30999755859375,132.0
2023-06-29 12:46:00,WULF,1.7400000095367432,1.7400000095367432,1.7549999952316284,1.7400000095367432,1.7549999952316284,13547.0
2023-06-29 12:46:00,XP,22.959999084472656,22.959999084472656,22.96500015258789,22.959999084472656,22.959999084472656,1352.0
2023-06-29 12:46:00,ZION,27.290000915527344,27.290000915527344,27.295000076293945,27.290000915527344,27.290000915527344,845.0
2023-06-29 12:47:00,WSBF,14.619999885559082,14.619999885559082,14.619999885559082,14.619999885559082,14.619999885559082,149.0
2023-06-29 12:47:00,WTFC,72.93000030517578,72.93000030517578,72.93000030517578,72.93000030517578,72.93000030517578,469.0
2023-06-29 12:47:00,WTFCP,23.719999313354492,23.719999313354492,23.719999313354492,23.719999313354492,23.719999313354492,310.0
2023-06-29 12:47:00,WTW,233.27000427246094,233.27000427246094,233.27000427246094,233.27000427246094,233.27000427246094,164.0
2023-06-29 12:47:00,WULF,1.7400000095367432,1.7400000095367432,1.7400000095367432,1.7400000095367432,1.7400000095367432,618.0
2023-06-29 12:47:00,XP,22.950000762939453,22.950000762939453,22.967500686645508,22.950000762939453,22.959999084472656,3664.0
2023-06-29 12:47:00,ZION,27.260000228881836,27.260000228881836,27.290000915527344,27.260000228881836,27.280000686645508,1439.0
2023-06-29 12:48:00,WTFC,72.95999908447266,72.95999908447266,72.95999908447266,72.91000366210938,72.91000366210938,367.0
2023-06-29 12:48:00,WTW,233.25999450683594,233.25999450683594,233.25999450683594,233.17999267578125,233.17999267578125,379.0
2023-06-29 12:48:00,XP,22.934999465942383,22.934999465942383,22.954999923706055,22.934999465942383,22.954999923706055,5577.0
2023-06-29 12:48:00,ZION,27.270000457763672,27.270000457763672,27.280000686645508,27.25,27.25,2486.0
2023-06-29 12:49:00,WTBA,18.374399185180664,18.374399185180664,18.374399185180664,18.374399185180664,18.374399185180664,76.0
2023-06-29 12:49:00,XP,22.950000762939453,22.950000762939453,22.959999084472656,22.934999465942383,22.934999465942383,6547.0
2023-06-29 12:49:00,ZION,27.274999618530273,27.274999618530273,27.280000686645508,27.274999618530273,27.274999618530273,1169.0
2023-06-29 12:50:00,WTW,233.2949981689453,233.2949981689453,233.2949981689453,233.2949981689453,233.2949981689453,554.0
2023-06-29 12:50:00,WULF,1.7400000095367432,1.7400000095367432,1.7400000095367432,1.7400000095367432,1.7400000095367432,150.0
2023-06-29 12:50:00,XP,22.924999237060547,22.924999237060547,22.94499969482422,22.920000076293945,22.940000534057617,3516.0
2023-06-29 12:50:00,ZION,27.290000915527344,27.290000915527344,27.290000915527344,27.271099090576172,27.280000686645508,2372.0
2023-06-29 12:51:00,WULF,1.7450000047683716,1.7450000047683716,1.7450000047683716,1.7450000047683716,1.7450000047683716,200.0
2023-06-29 12:51:00,XP,22.93000030517578,22.93000030517578,22.93000030517578,22.920000076293945,22.920000076293945,3598.0
2023-06-29 12:51:00,ZINGW,0.019999999552965164,0.019999999552965164,0.019999999552965164,0.019999999552965164,0.019999999552965164,2728.0
2023-06-29 12:51:00,ZION,27.270000457763672,27.270000457763672,27.28510093688965,27.270000457763672,27.270000457763672,8707.0
2023-06-29 12:52:00,WTFC,72.97000122070312,72.97000122070312,72.97000122070312,72.97000122070312,72.97000122070312,666.0
2023-06-29 12:52:00,WTW,233.22000122070312,233.22000122070312,233.22000122070312,233.22000122070312,233.22000122070312,870.0
2023-06-29 12:52:00,WULF,1.7400000095367432,1.7400000095367432,1.7482999563217163,1.7400000095367432,1.7482999563217163,479.0
2023-06-29 12:52:00,XP,22.920000076293945,22.920000076293945,22.93000030517578,22.920000076293945,22.924999237060547,1910.0
2023-06-29 12:52:00,ZION,27.280000686645508,27.280000686645508,27.280000686645508,27.280000686645508,27.280000686645508,1276.0
2023-06-29 12:53:00,WTW,233.11000061035156,233.11000061035156,233.1699981689453,233.11000061035156,233.1699981689453,966.0
2023-06-29 12:53:00,XP,22.908000946044922,22.908000946044922,22.920000076293945,22.908000946044922,22.920000076293945,3263.0
2023-06-29 12:53:00,ZION,27.280000686645508,27.280000686645508,27.2893009185791,27.270000457763672,27.286100387573242,9049.0
2023-06-29 12:54:00,WTW,233.10000610351562,233.10000610351562,233.17999267578125,233.10000610351562,233.17999267578125,892.0
2023-06-29 12:54:00,XP,22.895000457763672,22.895000457763672,22.915000915527344,22.8799991607666,22.915000915527344,8967.0
2023-06-29 12:54:00,ZION,27.274999618530273,27.274999618530273,27.280000686645508,27.270000457763672,27.270000457763672,918.0
2023-06-29 12:55:00,WSFS,38.54999923706055,38.54999923706055,38.560001373291016,38.54999923706055,38.560001373291016,828.0
2023-06-29 12:55:00,WTW,233.02999877929688,233.02999877929688,233.02999877929688,233.02999877929688,233.02999877929688,687.0
2023-06-29 12:55:00,XP,22.90999984741211,22.90999984741211,22.90999984741211,22.889999389648438,22.889999389648438,4036.0
2023-06-29 12:55:00,ZION,27.295000076293945,27.295000076293945,27.295000076293945,27.260099411010742,27.260099411010742,19716.0
2023-06-29 12:56:00,XP,22.905000686645508,22.905000686645508,22.915000915527344,22.905000686645508,22.915000915527344,3018.0
2023-06-29 12:56:00,XPAX,10.359999656677246,10.359999656677246,10.360199928283691,10.359999656677246,10.360199928283691,300.0
2023-06-29 12:56:00,ZINGW,0.019999999552965164,0.019999999552965164,0.019999999552965164,0.019999999552965164,0.019999999552965164,1439.0
2023-06-29 12:56:00,ZION,27.309999465942383,27.309999465942383,27.315000534057617,27.290000915527344,27.290000915527344,5567.0
2023-06-29 12:57:00,WSBF,14.619999885559082,14.619999885559082,14.619999885559082,14.619999885559082,14.619999885559082,128.0
2023-06-29 12:57:00,WTW,233.0500030517578,233.0500030517578,233.11000061035156,233.02999877929688,233.02999877929688,923.0
2023-06-29 12:57:00,XP,22.895000457763672,22.895000457763672,22.905000686645508,22.889999389648438,22.899999618530273,2891.0
2023-06-29 12:57:00,ZION,27.280000686645508,27.280000686645508,27.290000915527344,27.280000686645508,27.290000915527344,1389.0
2023-06-29 12:58:00,WSBF,14.640000343322754,14.640000343322754,14.640000343322754,14.640000343322754,14.640000343322754,239.0
2023-06-29 12:58:00,WTFC,72.80000305175781,72.80000305175781,72.83000183105469,72.80000305175781,72.83000183105469,1004.0
2023-06-29 12:58:00,WTW,233.0500030517578,233.0500030517578,233.0500030517578,233.0500030517578,233.0500030517578,217.0
2023-06-29 12:58:00,WULF,1.748900055885315,1.748900055885315,1.748900055885315,1.7350000143051147,1.7450000047683716,18714.0
2023-06-29 12:58:00,WWACW,0.033799998462200165,0.033799998462200165,0.033799998462200165,0.033799998462200165,0.033799998462200165,200.0
2023-06-29 12:58:00,XP,22.8700008392334,22.8700008392334,22.899999618530273,22.8700008392334,22.899999618530273,2747.0
2023-06-29 12:58:00,XPAX,10.360099792480469,10.360099792480469,10.360099792480469,10.360099792480469,10.360099792480469,200.0
2023-06-29 12:58:00,ZION,27.25,27.25,27.28499984741211,27.25,27.28499984741211,2505.0
2023-06-29 12:59:00,WTFC,72.80999755859375,72.80999755859375,72.80999755859375,72.80999755859375,72.80999755859375,270.0
2023-06-29 12:59:00,WTW,233.16000366210938,233.16000366210938,233.16000366210938,233.0800018310547,233.14999389648438,1577.0
2023-06-29 12:59:00,WULF,1.7400000095367432,1.7400000095367432,1.7450000047683716,1.7400000095367432,1.7400000095367432,600.0
2023-06-29 12:59:00,XP,22.860000610351562,22.860000610351562,22.864999771118164,22.860000610351562,22.864999771118164,966.0
2023-06-29 12:59:00,ZION,27.270000457763672,27.270000457763672,27.274999618530273,27.260000228881836,27.260000228881836,1983.0
2023-06-29 13:00:00,WSFS,38.630001068115234,38.630001068115234,38.630001068115234,38.630001068115234,38.630001068115234,338.0
2023-06-29 13:00:00,WTFC,72.91000366210938,72.91000366210938,72.93000030517578,72.91000366210938,72.93000030517578,248.0
2023-06-29 13:00:00,WULF,1.7400000095367432,1.7400000095367432,1.7409000396728516,1.7400000095367432,1.7401000261306763,2271.0
2023-06-29 13:00:00,XP,22.8700008392334,22.8700008392334,22.8700008392334,22.854999542236328,22.860000610351562,3576.0
2023-06-29 13:00:00,ZION,27.299999237060547,27.299999237060547,27.299999237060547,27.270000457763672,27.270000457763672,1670.0
2023-06-29 13:00:00,ZIONO,24.434999465942383,24.434999465942383,24.434999465942383,24.434999465942383,24.434999465942383,100.0
2023-06-29 13:01:00,WSBF,14.609999656677246,14.609999656677246,14.609999656677246,14.609999656677246,14.609999656677246,138.0
2023-06-29 13:01:00,WTFC,72.91999816894531,72.91999816894531,72.94999694824219,72.91999816894531,72.94000244140625,1122.0
2023-06-29 13:01:00,WTW,233.22000122070312,233.22000122070312,233.22000122070312,233.22000122070312,233.22000122070312,483.0
2023-06-29 13:01:00,XP,22.860000610351562,22.860000610351562,22.875,22.860000610351562,22.8700008392334,4505.0
2023-06-29 13:01:00,ZION,27.299999237060547,27.299999237060547,27.301000595092773,27.28499984741211,27.299999237060547,3251.0
2023-06-29 13:02:00,WTW,233.1199951171875,233.1199951171875,233.2100067138672,233.11500549316406,233.2100067138672,509.0
2023-06-29 13:02:00,WULF,1.7300000190734863,1.7300000190734863,1.7400000095367432,1.7300000190734863,1.7400000095367432,137920.0
2023-06-29 13:02:00,XP,22.864999771118164,22.864999771118164,22.864999771118164,22.860000610351562,22.864999771118164,2025.0
2023-06-29 13:02:00,ZION,27.270000457763672,27.270000457763672,27.290000915527344,27.262800216674805,27.290000915527344,3863.0
2023-06-29 13:03:00,WWACU,10.479999542236328,10.479999542236328,10.479999542236328,10.479999542236328,10.479999542236328,451.0
2023-06-29 13:03:00,XP,22.854999542236328,22.854999542236328,22.860000610351562,22.850000381469727,22.860000610351562,1350.0
2023-06-29 13:03:00,ZION,27.229999542236328,27.229999542236328,27.260000228881836,27.219999313354492,27.260000228881836,3400.0
2023-06-29 13:04:00,WSFS,38.59000015258789,38.59000015258789,38.59000015258789,38.59000015258789,38.59000015258789,132.0
2023-06-29 13:04:00,WTW,233.08999633789062,233.08999633789062,233.08999633789062,233.08999633789062,233.08999633789062,458.0
2023-06-29 13:04:00,WULF,1.7200000286102295,1.7200000286102295,1.7200000286102295,1.7200000286102295,1.7200000286102295,127.0
2023-06-29 13:04:00,WWACW,0.03799999877810478,0.03799999877810478,0.03799999877810478,0.03799999877810478,0.03799999877810478,4200.0
2023-06-29 13:04:00,XP,22.860000610351562,22.860000610351562,22.8700008392334,22.850000381469727,22.850000381469727,2056.0
2023-06-29 13:04:00,ZINGU,10.5,10.5,10.5,10.5,10.5,400.0
2023-06-29 13:04:00,ZINGW,0.019999999552965164,0.019999999552965164,0.019999999552965164,0.019999999552965164,0.019999999552965164,0.0
2023-06-29 13:04:00,ZION,27.235000610351562,27.235000610351562,27.235000610351562,27.219999313354492,27.219999313354492,1768.0
2023-06-29 13:05:00,WSBF,14.609999656677246,14.609999656677246,14.609999656677246,14.609999656677246,14.609999656677246,785.0
2023-06-29 13:05:00,WSFS,38.47999954223633,38.47999954223633,38.47999954223633,38.47999954223633,38.47999954223633,514.0
2023-06-29 13:05:00,WTFC,72.6050033569336,72.6050033569336,72.6050033569336,72.6050033569336,72.6050033569336,730.0
2023-06-29 13:05:00,WTW,233.06500244140625,233.06500244140625,233.06500244140625,233.06500244140625,233.06500244140625,123.0
2023-06-29 13:05:00,WULF,1.719099998474121,1.719099998474121,1.7200000286102295,1.7100000381469727,1.7200000286102295,16883.0
2023-06-29 13:05:00,XP,22.84000015258789,22.84000015258789,22.860000610351562,22.834999084472656,22.860000610351562,5501.0
2023-06-29 13:05:00,ZION,27.170000076293945,27.170000076293945,27.229999542236328,27.170000076293945,27.229999542236328,6511.0
2023-06-29 13:06:00,WTFCP,23.760000228881836,23.760000228881836,23.760000228881836,23.760000228881836,23.760000228881836,120.0
2023-06-29 13:06:00,WULF,1.7100000381469727,1.7100000381469727,1.715000033378601,1.7100000381469727,1.715000033378601,1566.0
2023-06-29 13:06:00,WWACW,0.029999999329447746,0.029999999329447746,0.03280000016093254,0.029999999329447746,0.03280000016093254,10500.0
2023-06-29 13:06:00,XP,22.829999923706055,22.829999923706055,22.84000015258789,22.825000762939453,22.84000015258789,11197.0
2023-06-29 13:06:00,ZION,27.209999084472656,27.209999084472656,27.209999084472656,27.18000030517578,27.18000030517578,2654.0
2023-06-29 13:07:00,WSFS,38.560001373291016,38.560001373291016,38.560001373291016,38.540000915527344,38.560001373291016,508.0
2023-06-29 13:07:00,WTW,233.0,233.0,233.0,233.0,233.0,118.0
2023-06-29 13:07:00,WULF,1.7200000286102295,1.7200000286102295,1.7289999723434448,1.7200000286102295,1.7200000286102295,15176.0
2023-06-29 13:07:00,XP,22.825000762939453,22.825000762939453,22.834999084472656,22.825000762939453,22.834999084472656,1579.0
2023-06-29 13:07:00,ZION,27.202499389648438,27.202499389648438,27.219999313354492,27.200000762939453,27.219999313354492,1532.0
2023-06-29 13:08:00,WULF,1.7300000190734863,1.7300000190734863,1.7300000190734863,1.725000023841858,1.725000023841858,28488.0
2023-06-29 13:08:00,XP,22.84000015258789,22.84000015258789,22.844999313354492,22.825000762939453,22.825000762939453,2788.0
2023-06-29 13:08:00,ZION,27.184999465942383,27.184999465942383,27.186500549316406,27.18000030517578,27.18000030517578,2066.0
2023-06-29 13:09:00,WTW,233.0399932861328,233.0399932861328,233.0399932861328,233.0399932861328,233.0399932861328,171.0
2023-06-29 13:09:00,WULF,1.7200000286102295,1.7200000286102295,1.7350000143051147,1.7200000286102295,1.7300000190734863,32077.0
2023-06-29 13:09:00,XP,22.844999313354492,22.844999313354492,22.850000381469727,22.844999313354492,22.844999313354492,5962.0
2023-06-29 13:09:00,ZION,27.229999542236328,27.229999542236328,27.229999542236328,27.184999465942383,27.184999465942383,2700.0
2023-06-29 13:10:00,WTW,233.02960205078125,233.02960205078125,233.02960205078125,233.02960205078125,233.02960205078125,1059.0
2023-06-29 13:10:00,WULF,1.715000033378601,1.715000033378601,1.725000023841858,1.715000033378601,1.7200000286102295,18973.0
2023-06-29 13:10:00,XP,22.84000015258789,22.84000015258789,22.844999313354492,22.84000015258789,22.84000015258789,2506.0
2023-06-29 13:10:00,ZION,27.219999313354492,27.219999313354492,27.229999542236328,27.219999313354492,27.225000381469727,1517.0
2023-06-29 13:11:00,WTW,232.97000122070312,232.97000122070312,233.02000427246094,232.97000122070312,233.02000427246094,424.0
2023-06-29 13:11:00,WULF,1.7194000482559204,1.7194000482559204,1.7200000286102295,1.7100000381469727,1.7199000120162964,28910.0
2023-06-29 13:11:00,XP,22.84000015258789,22.84000015258789,22.844999313354492,22.829999923706055,22.84000015258789,8298.0
2023-06-29 13:11:00,ZION,27.18000030517578,27.18000030517578,27.225000381469727,27.18000030517578,27.219999313354492,3999.0
2023-06-29 13:12:00,WSBF,14.595000267028809,14.595000267028809,14.609999656677246,14.579999923706055,14.579999923706055,552.0
2023-06-29 13:12:00,WTW,233.02999877929688,233.02999877929688,233.02999877929688,233.02999877929688,233.02999877929688,563.0
2023-06-29 13:12:00,WWACW,0.029999999329447746,0.029999999329447746,0.03590000048279762,0.029999999329447746,0.03590000048279762,8900.0
2023-06-29 13:12:00,XP,22.825000762939453,22.825000762939453,22.844999313354492,22.81999969482422,22.844999313354492,6674.0
2023-06-29 13:12:00,ZION,27.18000030517578,27.18000030517578,27.18000030517578,27.15999984741211,27.18000030517578,3607.0
2023-06-29 13:13:00,WTFC,72.70999908447266,72.70999908447266,72.7300033569336,72.70999908447266,72.72000122070312,607.0
2023-06-29 13:13:00,XP,22.850000381469727,22.850000381469727,22.857500076293945,22.81999969482422,22.81999969482422,4983.0
2023-06-29 13:13:00,ZION,27.19499969482422,27.19499969482422,27.200000762939453,27.184999465942383,27.190000534057617,2894.0
2023-06-29 13:14:00,WSBCP,23.290599822998047,23.290599822998047,23.290599822998047,23.290599822998047,23.290599822998047,820.0
2023-06-29 13:14:00,XP,22.854999542236328,22.854999542236328,22.854999542236328,22.850000381469727,22.850000381469727,1560.0
2023-06-29 13:14:00,ZION,27.190000534057617,27.190000534057617,27.200000762939453,27.18000030517578,27.200000762939453,2644.0
2023-06-29 13:15:00,WSFS,38.52000045776367,38.52000045776367,38.52000045776367,38.52000045776367,38.52000045776367,469.0
2023-06-29 13:15:00,WTFC,72.75,72.75,72.75,72.75,72.75,860.0
2023-06-29 13:15:00,WTW,233.2449951171875,233.2449951171875,233.2449951171875,233.19000244140625,233.19000244140625,614.0
2023-06-29 13:15:00,WULF,1.7200000286102295,1.7200000286102295,1.7200000286102295,1.7194000482559204,1.7194000482559204,1239.0
2023-06-29 13:15:00,XP,22.860000610351562,22.860000610351562,22.8700008392334,22.850000381469727,22.854999542236328,5602.0
2023-06-29 13:15:00,ZION,27.229999542236328,27.229999542236328,27.229999542236328,27.18160057067871,27.198699951171875,3672.0
2023-06-29 13:16:00,WSFS,38.470001220703125,38.470001220703125,38.470001220703125,38.470001220703125,38.470001220703125,3745.0
2023-06-29 13:16:00,WTFCM,22.649999618530273,22.649999618530273,22.649999618530273,22.649999618530273,22.649999618530273,108.0
2023-06-29 13:16:00,WTW,233.17999267578125,233.17999267578125,233.17999267578125,233.17999267578125,233.17999267578125,431.0
2023-06-29 13:16:00,WULF,1.7200000286102295,1.7200000286102295,1.7200000286102295,1.7200000286102295,1.7200000286102295,6920.0
2023-06-29 13:16:00,XFINU,10.460000038146973,10.460000038146973,10.460000038146973,10.460000038146973,10.460000038146973,400.0
2023-06-29 13:16:00,XP,22.860000610351562,22.860000610351562,22.86750030517578,22.860000610351562,22.86750030517578,1353.0
2023-06-29 13:16:00,ZION,27.209999084472656,27.209999084472656,27.229999542236328,27.209999084472656,27.229999542236328,1338.0
2023-06-29 13:17:00,WSBCP,23.389999389648438,23.389999389648438,23.389999389648438,23.299999237060547,23.299999237060547,529.0
2023-06-29 13:17:00,WULF,1.7213000059127808,1.7213000059127808,1.7213000059127808,1.7213000059127808,1.7213000059127808,1009.0
2023-06-29 13:17:00,WWACW,0.03590000048279762,0.03590000048279762,0.03750000149011612,0.029999999329447746,0.029999999329447746,9400.0
2023-06-29 13:17:00,XP,22.8700008392334,22.8700008392334,22.875,22.860000610351562,22.86750030517578,6917.0
2023-06-29 13:17:00,ZION,27.219999313354492,27.219999313354492,27.219999313354492,27.21500015258789,27.219999313354492,4031.0
2023-06-29 13:18:00,WSFS,38.529998779296875,38.529998779296875,38.529998779296875,38.529998779296875,38.529998779296875,433.0
2023-06-29 13:18:00,WTMA,10.640000343322754,10.640000343322754,10.640000343322754,10.609999656677246,10.609999656677246,0.0
2023-06-29 13:18:00,WTW,233.11000061035156,233.11000061035156,233.1199951171875,233.11000061035156,233.1199951171875,270.0
2023-06-29 13:18:00,WULF,1.73989999294281,1.73989999294281,1.73989999294281,1.7252000570297241,1.7295000553131104,8106.0
2023-06-29 13:18:00,XP,22.875,22.875,22.8799991607666,22.8700008392334,22.8799991607666,6009.0
2023-06-29 13:18:00,XPDBW,0.06589999794960022,0.06589999794960022,0.06589999794960022,0.06589999794960022,0.06589999794960022,200.0
2023-06-29 13:18:00,ZION,27.190000534057617,27.190000534057617,27.219999313354492,27.190000534057617,27.219999313354492,2480.0
2023-06-29 13:19:00,WULF,1.7300000190734863,1.7300000190734863,1.7396999597549438,1.7300000190734863,1.7396999597549438,7536.0
2023-06-29 13:19:00,XP,22.8700008392334,22.8700008392334,22.8799991607666,22.8700008392334,22.8799991607666,1542.0
2023-06-29 13:19:00,ZION,27.209999084472656,27.209999084472656,27.209999084472656,27.200000762939453,27.200000762939453,1417.0
2023-06-29 13:20:00,WSFS,38.54999923706055,38.54999923706055,38.54999923706055,38.54999923706055,38.54999923706055,372.0
2023-06-29 13:20:00,WULF,1.7300000190734863,1.7300000190734863,1.7308000326156616,1.7300000190734863,1.7308000326156616,2141.0
2023-06-29 13:20:00,XFINU,10.4399995803833,10.4399995803833,10.4399995803833,10.420000076293945,10.4399995803833,400.0
2023-06-29 13:20:00,XP,22.875,22.875,22.8799991607666,22.8700008392334,22.8799991607666,1217.0
2023-06-29 13:20:00,ZION,27.200000762939453,27.200000762939453,27.219999313354492,27.200000762939453,27.219999313354492,4131.0
2023-06-29 13:21:00,WTW,233.14999389648438,233.14999389648438,233.19000244140625,233.14999389648438,233.19000244140625,1503.0
2023-06-29 13:21:00,WULF,1.7300000190734863,1.7300000190734863,1.7350000143051147,1.7300000190734863,1.7350000143051147,447.0
2023-06-29 13:21:00,XP,22.875,22.875,22.8799991607666,22.8700008392334,22.8700008392334,8095.0
2023-06-29 13:21:00,ZION,27.200000762939453,27.200000762939453,27.21500015258789,27.200000762939453,27.204999923706055,1881.0
2023-06-29 13:22:00,WWACW,0.029999999329447746,0.029999999329447746,0.030300000682473183,0.029999999329447746,0.030300000682473183,6300.0
2023-06-29 13:22:00,XP,22.905000686645508,22.905000686645508,22.905000686645508,22.8700008392334,22.8799991607666,14641.0
2023-06-29 13:22:00,ZION,27.190000534057617,27.190000534057617,27.190000534057617,27.18000030517578,27.190000534057617,5747.0
2023-06-29 13:23:00,WTFC,72.71499633789062,72.71499633789062,72.71499633789062,72.70999908447266,72.70999908447266,496.0
2023-06-29 13:23:00,WTMA,10.620200157165527,10.620200157165527,10.621000289916992,10.620200157165527,10.621000289916992,1500.0
2023-06-29 13:23:00,XP,22.905000686645508,22.905000686645508,22.90999984741211,22.90250015258789,22.90999984741211,4713.0
2023-06-29 13:23:00,ZION,27.189899444580078,27.189899444580078,27.200000762939453,27.18000030517578,27.190000534057617,5835.0
2023-06-29 13:24:00,WTW,233.1199951171875,233.1199951171875,233.13499450683594,233.1199951171875,233.13499450683594,380.0
2023-06-29 13:24:00,XP,22.905000686645508,22.905000686645508,22.90999984741211,22.899999618530273,22.899999618530273,3500.0
2023-06-29 13:24:00,ZION,27.184999465942383,27.184999465942383,27.184999465942383,27.170000076293945,27.18000030517578,2221.0
2023-06-29 13:25:00,WTW,233.11000061035156,233.11000061035156,233.11000061035156,233.11000061035156,233.11000061035156,350.0
2023-06-29 13:25:00,XP,22.950000762939453,22.950000762939453,22.954999923706055,22.899999618530273,22.905000686645508,20285.0
2023-06-29 13:25:00,ZION,27.190000534057617,27.190000534057617,27.190000534057617,27.18000030517578,27.18000030517578,1564.0
2023-06-29 13:26:00,WSBF,14.619999885559082,14.619999885559082,14.630000114440918,14.609999656677246,14.630000114440918,557.0
2023-06-29 13:26:00,WTW,233.1199951171875,233.1199951171875,233.1199951171875,233.1199951171875,233.1199951171875,100.0
2023-06-29 13:26:00,WULF,1.7400000095367432,1.7400000095367432,1.7400000095367432,1.739400029182434,1.739400029182434,10643.0
2023-06-29 13:26:00,XP,22.94499969482422,22.94499969482422,22.959999084472656,22.940000534057617,22.954999923706055,4762.0
2023-06-29 13:26:00,ZION,27.200000762939453,27.200000762939453,27.200000762939453,27.190000534057617,27.190000534057617,327.0
2023-06-29 13:27:00,WSFS,38.560001373291016,38.560001373291016,38.560001373291016,38.560001373291016,38.560001373291016,608.0
2023-06-29 13:27:00,WTW,233.1199951171875,233.1199951171875,233.1199951171875,233.1199951171875,233.1199951171875,112.0
2023-06-29 13:27:00,WULF,1.7400000095367432,1.7400000095367432,1.75,1.7400000095367432,1.75,2453.0
2023-06-29 13:27:00,XP,22.94499969482422,22.94499969482422,22.94499969482422,22.940000534057617,22.940000534057617,2654.0
2023-06-29 13:27:00,ZION,27.209999084472656,27.209999084472656,27.219999313354492,27.204999923706055,27.204999923706055,2449.0
2023-06-29 13:28:00,WTW,233.11000061035156,233.11000061035156,233.11000061035156,233.11000061035156,233.11000061035156,189.0
2023-06-29 13:28:00,XP,22.93000030517578,22.93000030517578,22.940000534057617,22.93000030517578,22.940000534057617,3428.0
2023-06-29 13:28:00,ZION,27.235000610351562,27.235000610351562,27.235000610351562,27.219999313354492,27.219999313354492,1365.0
2023-06-29 13:29:00,WSFS,38.61000061035156,38.61000061035156,38.61000061035156,38.560001373291016,38.58000183105469,1789.0
2023-06-29 13:29:00,WTFC,72.80000305175781,72.80000305175781,72.80000305175781,72.79000091552734,72.79000091552734,1019.0
2023-06-29 13:29:00,WTW,233.05999755859375,233.05999755859375,233.1999969482422,233.05999755859375,233.1999969482422,2099.0
2023-06-29 13:29:00,WULF,1.7450000047683716,1.7450000047683716,1.7450000047683716,1.7450000047683716,1.7450000047683716,1000.0
2023-06-29 13:29:00,XP,22.93000030517578,22.93000030517578,22.93000030517578,22.93000030517578,22.93000030517578,596.0
2023-06-29 13:29:00,ZION,27.239999771118164,27.239999771118164,27.270000457763672,27.239999771118164,27.25,11576.0
2023-06-29 13:30:00,WTFC,72.83999633789062,72.83999633789062,72.83999633789062,72.83999633789062,72.83999633789062,282.0
2023-06-29 13:30:00,WTW,233.14500427246094,233.14500427246094,233.14500427246094,233.14500427246094,233.14500427246094,340.0
2023-06-29 13:30:00,WULF,1.7400000095367432,1.7400000095367432,1.75,1.7400000095367432,1.7400000095367432,2403.0
2023-06-29 13:30:00,XP,22.93000030517578,22.93000030517578,22.940000534057617,22.93000030517578,22.93000030517578,5473.0
2023-06-29 13:30:00,ZION,27.239999771118164,27.239999771118164,27.2549991607666,27.239999771118164,27.239999771118164,2728.0
2023-06-29 13:31:00,WTW,233.0500030517578,233.0500030517578,233.05999755859375,233.0500030517578,233.0500030517578,534.0
2023-06-29 13:31:00,WULF,1.7400000095367432,1.7400000095367432,1.7450000047683716,1.7400000095367432,1.7450000047683716,1050.0
2023-06-29 13:31:00,XP,22.934999465942383,22.934999465942383,22.940000534057617,22.93000030517578,22.934999465942383,5792.0
2023-06-29 13:31:00,ZION,27.229999542236328,27.229999542236328,27.239999771118164,27.229999542236328,27.239999771118164,7069.0
2023-06-29 13:32:00,WTFC,72.81999969482422,72.81999969482422,72.81999969482422,72.81999969482422,72.81999969482422,501.0
2023-06-29 13:32:00,WULF,1.7400000095367432,1.7400000095367432,1.7419999837875366,1.7400000095367432,1.7419999837875366,1351.0
2023-06-29 13:32:00,XP,22.905000686645508,22.905000686645508,22.934999465942383,22.905000686645508,22.93000030517578,8394.0
2023-06-29 13:32:00,ZION,27.231800079345703,27.231800079345703,27.231800079345703,27.219999313354492,27.229999542236328,2355.0
2023-06-29 13:33:00,WSFS,38.619998931884766,38.619998931884766,38.650001525878906,38.619998931884766,38.650001525878906,308.0
2023-06-29 13:33:00,WTW,233.02000427246094,233.02000427246094,233.0800018310547,233.02000427246094,233.0800018310547,602.0
2023-06-29 13:33:00,XP,22.920000076293945,22.920000076293945,22.924999237060547,22.90999984741211,22.90999984741211,4211.0
2023-06-29 13:33:00,ZION,27.239999771118164,27.239999771118164,27.2450008392334,27.23900032043457,27.239999771118164,1690.0
2023-06-29 13:34:00,WTFC,72.8550033569336,72.8550033569336,72.8550033569336,72.8550033569336,72.8550033569336,202.0
2023-06-29 13:34:00,WTFCP,23.770000457763672,23.770000457763672,23.770000457763672,23.770000457763672,23.770000457763672,147.0
2023-06-29 13:34:00,WTW,233.07000732421875,233.07000732421875,233.07000732421875,233.0449981689453,233.0449981689453,461.0
2023-06-29 13:34:00,WULF,1.7400000095367432,1.7400000095367432,1.7484999895095825,1.7400000095367432,1.7484999895095825,3354.0
2023-06-29 13:34:00,XP,22.905000686645508,22.905000686645508,22.920000076293945,22.899999618530273,22.920000076293945,2585.0
2023-06-29 13:34:00,ZION,27.21500015258789,27.21500015258789,27.229999542236328,27.21500015258789,27.229999542236328,1629.0
2023-06-29 13:35:00,WSBF,14.670000076293945,14.670000076293945,14.670000076293945,14.630000114440918,14.65999984741211,729.0
2023-06-29 13:35:00,WSFS,38.65999984741211,38.65999984741211,38.65999984741211,38.65999984741211,38.65999984741211,677.0
2023-06-29 13:35:00,WTW,233.0800018310547,233.0800018310547,233.0800018310547,233.0749969482422,233.0800018310547,314.0
2023-06-29 13:35:00,WULF,1.7450000047683716,1.7450000047683716,1.7450000047683716,1.7400000095367432,1.7400000095367432,300.0
2023-06-29 13:35:00,XP,22.93000030517578,22.93000030517578,22.940000534057617,22.905000686645508,22.905000686645508,3961.0
2023-06-29 13:35:00,ZION,27.229999542236328,27.229999542236328,27.239999771118164,27.219999313354492,27.219999313354492,2748.0
2023-06-29 13:36:00,WTW,233.14999389648438,233.14999389648438,233.14999389648438,233.0399932861328,233.0800018310547,2350.0
2023-06-29 13:36:00,WULF,1.7400000095367432,1.7400000095367432,1.7400000095367432,1.7400000095367432,1.7400000095367432,278.0
2023-06-29 13:36:00,XP,22.93000030517578,22.93000030517578,22.934999465942383,22.924999237060547,22.93000030517578,3998.0
2023-06-29 13:36:00,ZION,27.225000381469727,27.225000381469727,27.23419952392578,27.225000381469727,27.229999542236328,1967.0
2023-06-29 13:37:00,WSFS,38.630001068115234,38.630001068115234,38.630001068115234,38.630001068115234,38.630001068115234,742.0
2023-06-29 13:37:00,WTFC,72.86000061035156,72.86000061035156,72.86000061035156,72.80000305175781,72.80000305175781,1380.0
2023-06-29 13:37:00,WTW,233.1999969482422,233.1999969482422,233.1999969482422,233.05999755859375,233.05999755859375,598.0
2023-06-29 13:37:00,XP,22.905000686645508,22.905000686645508,22.924999237060547,22.899999618530273,22.924999237060547,3438.0
2023-06-29 13:37:00,ZION,27.209999084472656,27.209999084472656,27.219999313354492,27.209999084472656,27.219999313354492,3697.0
2023-06-29 13:38:00,WSBF,14.6899995803833,14.6899995803833,14.6899995803833,14.680000305175781,14.680000305175781,499.0
2023-06-29 13:38:00,WTFC,72.88999938964844,72.88999938964844,72.88999938964844,72.77999877929688,72.77999877929688,1217.0
2023-06-29 13:38:00,WTW,233.17999267578125,233.17999267578125,233.17999267578125,233.17999267578125,233.17999267578125,650.0
2023-06-29 13:38:00,WULF,1.749400019645691,1.749400019645691,1.749400019645691,1.7450000047683716,1.7450000047683716,303.0
2023-06-29 13:38:00,XP,22.90999984741211,22.90999984741211,22.90999984741211,22.895000457763672,22.899999618530273,3003.0
2023-06-29 13:38:00,ZION,27.25,27.25,27.25,27.200000762939453,27.200000762939453,4786.0
2023-06-29 13:39:00,WSFS,38.630001068115234,38.630001068115234,38.66999816894531,38.630001068115234,38.66999816894531,828.0
2023-06-29 13:39:00,WTW,233.07000732421875,233.07000732421875,233.1300048828125,233.07000732421875,233.1300048828125,979.0
2023-06-29 13:39:00,XP,22.920000076293945,22.920000076293945,22.924999237060547,22.915000915527344,22.920000076293945,2574.0
2023-06-29 13:39:00,ZION,27.25,27.25,27.260000228881836,27.2450008392334,27.25,7000.0
2023-06-29 13:40:00,WSFS,38.665000915527344,38.665000915527344,38.665000915527344,38.665000915527344,38.665000915527344,365.0
2023-06-29 13:40:00,WTFC,72.93000030517578,72.93000030517578,72.94999694824219,72.91000366210938,72.94000244140625,1938.0
2023-06-29 13:40:00,WTMA,10.619999885559082,10.619999885559082,10.619999885559082,10.619999885559082,10.619999885559082,1300.0
2023-06-29 13:40:00,XP,22.915000915527344,22.915000915527344,22.920000076293945,22.90999984741211,22.920000076293945,2821.0
2023-06-29 13:40:00,ZION,27.239999771118164,27.239999771118164,27.260000228881836,27.239999771118164,27.25,5368.0
2023-06-29 13:41:00,WSBF,14.670000076293945,14.670000076293945,14.670000076293945,14.670000076293945,14.670000076293945,100.0
2023-06-29 13:41:00,WTFC,72.95999908447266,72.95999908447266,72.95999908447266,72.94000244140625,72.94999694824219,798.0
2023-06-29 13:41:00,WULF,1.7450000047683716,1.7450000047683716,1.7450000047683716,1.7450000047683716,1.7450000047683716,100.0
2023-06-29 13:41:00,XP,22.899999618530273,22.899999618530273,22.920000076293945,22.899999618530273,22.915000915527344,5327.0
2023-06-29 13:41:00,ZION,27.239999771118164,27.239999771118164,27.25,27.229999542236328,27.229999542236328,5635.0
2023-06-29 13:42:00,WTW,233.11500549316406,233.11500549316406,233.11500549316406,233.08999633789062,233.08999633789062,573.0
2023-06-29 13:42:00,WULF,1.7300000190734863,1.7300000190734863,1.7400000095367432,1.7300000190734863,1.7400000095367432,7833.0
2023-06-29 13:42:00,XP,22.889999389648438,22.889999389648438,22.895000457763672,22.8799991607666,22.895000457763672,2025.0
2023-06-29 13:42:00,ZION,27.239700317382812,27.239700317382812,27.239900588989258,27.229999542236328,27.229999542236328,4227.0
2023-06-29 13:43:00,WSFS,38.63999938964844,38.63999938964844,38.63999938964844,38.619998931884766,38.619998931884766,590.0
2023-06-29 13:43:00,WTFC,72.94999694824219,72.94999694824219,72.97000122070312,72.94999694824219,72.97000122070312,524.0
2023-06-29 13:43:00,WTW,233.13999938964844,233.13999938964844,233.13999938964844,232.97999572753906,232.97999572753906,2272.0
2023-06-29 13:43:00,WULF,1.7300000190734863,1.7300000190734863,1.73989999294281,1.7300000190734863,1.7350000143051147,3339.0
2023-06-29 13:43:00,XP,22.895000457763672,22.895000457763672,22.899999618530273,22.885000228881836,22.885000228881836,2921.0
2023-06-29 13:43:00,ZION,27.229999542236328,27.229999542236328,27.2450008392334,27.229999542236328,27.229999542236328,2293.0
2023-06-29 13:44:00,WTW,233.13999938964844,233.13999938964844,233.13999938964844,233.13999938964844,233.13999938964844,281.0
2023-06-29 13:44:00,WULF,1.7300000190734863,1.7300000190734863,1.7300000190734863,1.7300000190734863,1.7300000190734863,306.0
2023-06-29 13:44:00,XP,22.8799991607666,22.8799991607666,22.889999389648438,22.8799991607666,22.889999389648438,2151.0
2023-06-29 13:44:00,ZION,27.229999542236328,27.229999542236328,27.239999771118164,27.225000381469727,27.225000381469727,1549.0
2023-06-29 13:45:00,WSBF,14.6850004196167,14.6850004196167,14.692500114440918,14.6850004196167,14.692500114440918,457.0
2023-06-29 13:45:00,XP,22.8799991607666,22.8799991607666,22.885000228881836,22.8799991607666,22.8799991607666,1395.0
2023-06-29 13:45:00,ZION,27.229999542236328,27.229999542236328,27.239999771118164,27.229999542236328,27.235000610351562,1611.0
2023-06-29 13:46:00,WSBF,14.630000114440918,14.630000114440918,14.664999961853027,14.630000114440918,14.664999961853027,421.0
2023-06-29 13:46:00,WTW,233.18499755859375,233.18499755859375,233.18499755859375,233.0850067138672,233.1300048828125,3242.0
2023-06-29 13:46:00,XP,22.8799991607666,22.8799991607666,22.889999389648438,22.8799991607666,22.889999389648438,1561.0
2023-06-29 13:46:00,ZION,27.25,27.25,27.25,27.229999542236328,27.229999542236328,2398.0
2023-06-29 13:47:00,WTFCP,23.71500015258789,23.71500015258789,23.71500015258789,23.68899917602539,23.68899917602539,445.0
2023-06-29 13:47:00,WULF,1.7300000190734863,1.7300000190734863,1.739300012588501,1.7300000190734863,1.739300012588501,1100.0
2023-06-29 13:47:00,XP,22.8799991607666,22.8799991607666,22.889999389648438,22.8700008392334,22.889999389648438,5383.0
2023-06-29 13:47:00,ZION,27.229999542236328,27.229999542236328,27.239999771118164,27.225000381469727,27.239999771118164,2941.0
2023-06-29 13:48:00,WSFS,38.637298583984375,38.637298583984375,38.637298583984375,38.637298583984375,38.637298583984375,203.0
2023-06-29 13:48:00,WTW,233.10000610351562,233.10000610351562,233.10000610351562,233.10000610351562,233.10000610351562,318.0
2023-06-29 13:48:00,XP,22.8700008392334,22.8700008392334,22.885000228881836,22.8700008392334,22.885000228881836,2488.0
2023-06-29 13:48:00,ZION,27.235000610351562,27.235000610351562,27.239999771118164,27.229999542236328,27.235000610351562,1095.0
2023-06-29 13:48:00,ZIONO,24.450000762939453,24.450000762939453,24.450000762939453,24.450000762939453,24.450000762939453,165.0
2023-06-29 13:49:00,WTFC,72.91000366210938,72.91000366210938,72.91000366210938,72.91000366210938,72.91000366210938,210.0
2023-06-29 13:49:00,WTW,233.19000244140625,233.19000244140625,233.19000244140625,233.19000244140625,233.19000244140625,208.0
2023-06-29 13:49:00,XP,22.875,22.875,22.875,22.8700008392334,22.8700008392334,1051.0
2023-06-29 13:49:00,ZION,27.239999771118164,27.239999771118164,27.239999771118164,27.219999313354492,27.219999313354492,3293.0
2023-06-29 13:50:00,WSFS,38.654998779296875,38.654998779296875,38.654998779296875,38.654998779296875,38.654998779296875,817.0
2023-06-29 13:50:00,WTW,233.25999450683594,233.25999450683594,233.27999877929688,233.17999267578125,233.1999969482422,1963.0
2023-06-29 13:50:00,WULF,1.7300000190734863,1.7300000190734863,1.7350000143051147,1.7300000190734863,1.7350000143051147,1111.0
2023-06-29 13:50:00,XP,22.875,22.875,22.8799991607666,22.8700008392334,22.8799991607666,1077.0
2023-06-29 13:50:00,ZION,27.209999084472656,27.209999084472656,27.235000610351562,27.200000762939453,27.235000610351562,1861.0
2023-06-29 13:51:00,WTFC,72.91999816894531,72.91999816894531,72.91999816894531,72.91999816894531,72.91999816894531,257.0
2023-06-29 13:51:00,WTW,233.3300018310547,233.3300018310547,233.33999633789062,233.19500732421875,233.2550048828125,1381.0
2023-06-29 13:51:00,XP,22.8700008392334,22.8700008392334,22.877500534057617,22.8700008392334,22.877500534057617,2259.0
2023-06-29 13:51:00,ZION,27.219999313354492,27.219999313354492,27.225000381469727,27.209999084472656,27.209999084472656,2757.0
2023-06-29 13:52:00,WTW,233.52000427246094,233.52000427246094,233.53500366210938,233.35000610351562,233.35000610351562,943.0
2023-06-29 13:52:00,WULF,1.7300000190734863,1.7300000190734863,1.7386000156402588,1.7300000190734863,1.7350000143051147,4059.0
2023-06-29 13:52:00,XP,22.889999389648438,22.889999389648438,22.895000457763672,22.864999771118164,22.875,3561.0
2023-06-29 13:52:00,ZION,27.209999084472656,27.209999084472656,27.219999313354492,27.209999084472656,27.219999313354492,600.0
2023-06-29 13:53:00,WTFC,72.8499984741211,72.8499984741211,72.86000061035156,72.8499984741211,72.86000061035156,652.0
2023-06-29 13:53:00,WTW,233.4600067138672,233.4600067138672,233.5,233.4600067138672,233.5,714.0
2023-06-29 13:53:00,XP,22.864999771118164,22.864999771118164,22.889999389648438,22.864999771118164,22.889999389648438,3770.0
2023-06-29 13:53:00,ZION,27.174999237060547,27.174999237060547,27.209999084472656,27.170000076293945,27.209999084472656,1926.0
2023-06-29 13:54:00,WTW,233.5,233.5,233.5,233.5,233.5,232.0
2023-06-29 13:54:00,XP,22.860000610351562,22.860000610351562,22.864999771118164,22.860000610351562,22.864999771118164,1241.0
2023-06-29 13:54:00,ZION,27.18000030517578,27.18000030517578,27.18000030517578,27.174999237060547,27.174999237060547,1206.0
2023-06-29 13:55:00,WTW,233.41000366210938,233.41000366210938,233.42999267578125,233.41000366210938,233.42999267578125,656.0
2023-06-29 13:55:00,XP,22.864999771118164,22.864999771118164,22.864999771118164,22.860000610351562,22.860000610351562,1413.0
2023-06-29 13:55:00,ZION,27.18000030517578,27.18000030517578,27.184999465942383,27.170000076293945,27.184999465942383,1163.0
2023-06-29 13:56:00,WTW,233.38999938964844,233.38999938964844,233.39999389648438,233.38999938964844,233.39999389648438,235.0
2023-06-29 13:56:00,XP,22.864999771118164,22.864999771118164,22.86750030517578,22.860000610351562,22.864999771118164,1057.0
2023-06-29 13:56:00,ZION,27.19499969482422,27.19499969482422,27.19499969482422,27.18000030517578,27.18000030517578,1000.0
2023-06-29 13:57:00,WTFC,72.77999877929688,72.77999877929688,72.80000305175781,72.77999877929688,72.80000305175781,1219.0
2023-06-29 13:57:00,WTW,233.27000427246094,233.27000427246094,233.32000732421875,233.2100067138672,233.32000732421875,402.0
2023-06-29 13:57:00,WULF,1.7396999597549438,1.7396999597549438,1.7396999597549438,1.7396999597549438,1.7396999597549438,273.0
2023-06-29 13:57:00,XP,22.864999771118164,22.864999771118164,22.8700008392334,22.854999542236328,22.8700008392334,2591.0
2023-06-29 13:57:00,ZION,27.170000076293945,27.170000076293945,27.184999465942383,27.15999984741211,27.184999465942383,2157.0
2023-06-29 13:58:00,WTFC,72.75,72.75,72.79000091552734,72.73999786376953,72.79000091552734,1530.0
2023-06-29 13:58:00,WTW,233.24000549316406,233.24000549316406,233.24000549316406,233.22000122070312,233.23500061035156,629.0
2023-06-29 13:58:00,WULF,1.7300000190734863,1.7300000190734863,1.7350000143051147,1.7300000190734863,1.7350000143051147,333.0
2023-06-29 13:58:00,XP,22.84000015258789,22.84000015258789,22.860000610351562,22.84000015258789,22.860000610351562,3436.0
2023-06-29 13:58:00,ZION,27.135000228881836,27.135000228881836,27.15999984741211,27.1200008392334,27.15999984741211,4205.0
2023-06-29 13:59:00,WTFCM,22.969999313354492,22.969999313354492,22.969999313354492,22.690000534057617,22.690000534057617,1112.0
2023-06-29 13:59:00,WTW,233.22999572753906,233.22999572753906,233.3000030517578,233.22999572753906,233.2949981689453,976.0
2023-06-29 13:59:00,WULF,1.7350000143051147,1.7350000143051147,1.7350000143051147,1.7300000190734863,1.7300000190734863,1040.0
2023-06-29 13:59:00,XP,22.854999542236328,22.854999542236328,22.854999542236328,22.84000015258789,22.844999313354492,2211.0
2023-06-29 13:59:00,ZION,27.159900665283203,27.159900665283203,27.159900665283203,27.1299991607666,27.1299991607666,6583.0
2023-06-29 14:00:00,WSBF,14.645000457763672,14.645000457763672,14.670000076293945,14.645000457763672,14.670000076293945,343.0
2023-06-29 14:00:00,WTFC,72.76000213623047,72.76000213623047,72.7699966430664,72.76000213623047,72.7699966430664,584.0
2023-06-29 14:00:00,WTW,233.14999389648438,233.14999389648438,233.30499267578125,233.14999389648438,233.30499267578125,2541.0
2023-06-29 14:00:00,WULF,1.7300000190734863,1.7300000190734863,1.7350000143051147,1.7300000190734863,1.7307000160217285,4573.0
2023-06-29 14:00:00,XP,22.854999542236328,22.854999542236328,22.860000610351562,22.850000381469727,22.854999542236328,1623.0
2023-06-29 14:00:00,ZION,27.14430046081543,27.14430046081543,27.149999618530273,27.139999389648438,27.139999389648438,4643.0
2023-06-29 14:01:00,WSBF,14.630000114440918,14.630000114440918,14.630000114440918,14.630000114440918,14.630000114440918,797.0
2023-06-29 14:01:00,WTFC,72.73999786376953,72.73999786376953,72.73999786376953,72.73999786376953,72.73999786376953,101.0
2023-06-29 14:01:00,WTFCP,23.71500015258789,23.71500015258789,23.71500015258789,23.71500015258789,23.71500015258789,126.0
2023-06-29 14:01:00,WULF,1.7350000143051147,1.7350000143051147,1.7350000143051147,1.7350000143051147,1.7350000143051147,157.0
2023-06-29 14:01:00,XP,22.860000610351562,22.860000610351562,22.8799991607666,22.850000381469727,22.854999542236328,5405.0
2023-06-29 14:01:00,ZION,27.155000686645508,27.155000686645508,27.155000686645508,27.139999389648438,27.139999389648438,4341.0
2023-06-29 14:02:00,WSFS,38.4900016784668,38.4900016784668,38.4900016784668,38.47999954223633,38.47999954223633,400.0
2023-06-29 14:02:00,WTFC,72.69000244140625,72.69000244140625,72.7750015258789,72.69000244140625,72.7750015258789,270.0
2023-06-29 14:02:00,WTW,233.19500732421875,233.19500732421875,233.19500732421875,233.19000244140625,233.19000244140625,421.0
2023-06-29 14:02:00,WULF,1.7350000143051147,1.7350000143051147,1.7350000143051147,1.7350000143051147,1.7350000143051147,211.0
2023-06-29 14:02:00,XP,22.84000015258789,22.84000015258789,22.860000610351562,22.84000015258789,22.860000610351562,3831.0
2023-06-29 14:02:00,ZION,27.1299991607666,27.1299991607666,27.149999618530273,27.1299991607666,27.149999618530273,2184.0
2023-06-29 14:03:00,WTFC,72.70999908447266,72.70999908447266,72.72000122070312,72.66999816894531,72.70999908447266,1345.0
2023-06-29 14:03:00,WTW,233.0449981689453,233.0449981689453,233.16000366210938,233.0449981689453,233.13999938964844,3606.0
2023-06-29 14:03:00,WULF,1.7350000143051147,1.7350000143051147,1.7350000143051147,1.7350000143051147,1.7350000143051147,322.0
2023-06-29 14:03:00,WWACW,0.02889999933540821,0.02889999933540821,0.028999999165534973,0.02889999933540821,0.028999999165534973,450.0
2023-06-29 14:03:00,XP,22.84000015258789,22.84000015258789,22.850000381469727,22.829999923706055,22.84000015258789,6017.0
2023-06-29 14:03:00,ZION,27.1200008392334,27.1200008392334,27.135000228881836,27.100000381469727,27.1299991607666,6332.0
2023-06-29 14:04:00,WSFS,38.41999816894531,38.41999816894531,38.41999816894531,38.41999816894531,38.41999816894531,192.0
2023-06-29 14:04:00,WTFC,72.62000274658203,72.62000274658203,72.62000274658203,72.62000274658203,72.62000274658203,266.0
2023-06-29 14:04:00,XP,22.844999313354492,22.844999313354492,22.850000381469727,22.84000015258789,22.844999313354492,1359.0
2023-06-29 14:04:00,XPDBW,0.06780099868774414,0.06780099868774414,0.06780099868774414,0.06599999964237213,0.06599999964237213,11174.0
2023-06-29 14:04:00,ZION,27.114999771118164,27.114999771118164,27.114999771118164,27.094999313354492,27.100000381469727,3873.0
2023-06-29 14:05:00,WSFS,38.41999816894531,38.41999816894531,38.41999816894531,38.41999816894531,38.41999816894531,199.0
2023-06-29 14:05:00,WTFC,72.63999938964844,72.63999938964844,72.63999938964844,72.62999725341797,72.62999725341797,230.0
2023-06-29 14:05:00,WTW,233.08999633789062,233.08999633789062,233.08999633789062,233.08999633789062,233.08999633789062,412.0
2023-06-29 14:05:00,XP,22.84000015258789,22.84000015258789,22.844999313354492,22.84000015258789,22.844999313354492,1285.0
2023-06-29 14:05:00,ZION,27.110000610351562,27.110000610351562,27.114999771118164,27.100000381469727,27.110000610351562,2920.0
2023-06-29 14:06:00,WSFS,38.435001373291016,38.435001373291016,38.435001373291016,38.435001373291016,38.435001373291016,212.0
2023-06-29 14:06:00,WTBA,18.43000030517578,18.43000030517578,18.5,18.43000030517578,18.5,376.0
2023-06-29 14:06:00,WTW,233.05499267578125,233.05499267578125,233.08999633789062,233.05499267578125,233.08999633789062,994.0
2023-06-29 14:06:00,WULF,1.7300000190734863,1.7300000190734863,1.7350000143051147,1.7300000190734863,1.7350000143051147,308.0
2023-06-29 14:06:00,XP,22.850000381469727,22.850000381469727,22.850000381469727,22.84000015258789,22.844999313354492,1332.0
2023-06-29 14:06:00,ZION,27.1200008392334,27.1200008392334,27.1200008392334,27.100000381469727,27.104999542236328,2157.0
2023-06-29 14:07:00,WTFC,72.59500122070312,72.59500122070312,72.66500091552734,72.59500122070312,72.66500091552734,506.0
2023-06-29 14:07:00,WULF,1.7391999959945679,1.7391999959945679,1.7391999959945679,1.7391999959945679,1.7391999959945679,940.0
2023-06-29 14:07:00,XP,22.854999542236328,22.854999542236328,22.854999542236328,22.84000015258789,22.844999313354492,3415.0
2023-06-29 14:07:00,ZION,27.120500564575195,27.120500564575195,27.1299991607666,27.120500564575195,27.1299991607666,437.0
2023-06-29 14:08:00,WSFS,38.40999984741211,38.40999984741211,38.40999984741211,38.400001525878906,38.400001525878906,1102.0
2023-06-29 14:08:00,WTBA,18.399999618530273,18.399999618530273,18.5,18.399999618530273,18.43000030517578,1197.0
2023-06-29 14:08:00,WTFC,72.61000061035156,72.61000061035156,72.61000061035156,72.61000061035156,72.61000061035156,233.0
2023-06-29 14:08:00,WTW,232.97000122070312,232.97000122070312,233.0399932861328,232.97000122070312,233.0399932861328,580.0
2023-06-29 14:08:00,WULF,1.7300000190734863,1.7300000190734863,1.7350000143051147,1.7300000190734863,1.7350000143051147,713.0
2023-06-29 14:08:00,XP,22.84000015258789,22.84000015258789,22.850000381469727,22.829999923706055,22.850000381469727,13462.0
2023-06-29 14:08:00,ZION,27.110000610351562,27.110000610351562,27.1299991607666,27.100000381469727,27.1200008392334,5306.0
2023-06-29 14:09:00,WSFS,38.45000076293945,38.45000076293945,38.45000076293945,38.41999816894531,38.43000030517578,1121.0
2023-06-29 14:09:00,WTFC,72.62000274658203,72.62000274658203,72.62000274658203,72.62000274658203,72.62000274658203,988.0
2023-06-29 14:09:00,WTW,233.0,233.0,233.0399932861328,233.0,233.02000427246094,1036.0
2023-06-29 14:09:00,XP,22.84000015258789,22.84000015258789,22.844999313354492,22.84000015258789,22.844999313354492,1830.0
2023-06-29 14:09:00,ZION,27.1299991607666,27.1299991607666,27.138999938964844,27.110000610351562,27.110000610351562,2105.0
2023-06-29 14:10:00,WSFS,38.41999816894531,38.41999816894531,38.41999816894531,38.41999816894531,38.41999816894531,267.0
2023-06-29 14:10:00,WULF,1.7400000095367432,1.7400000095367432,1.7400000095367432,1.7400000095367432,1.7400000095367432,6800.0
2023-06-29 14:10:00,XP,22.84000015258789,22.84000015258789,22.844999313354492,22.84000015258789,22.844999313354492,3394.0
2023-06-29 14:10:00,ZION,27.110000610351562,27.110000610351562,27.1299991607666,27.110000610351562,27.1299991607666,1929.0
2023-06-29 14:11:00,WTW,233.02000427246094,233.02000427246094,233.0399932861328,233.0,233.02999877929688,3274.0
2023-06-29 14:11:00,WULF,1.7350000143051147,1.7350000143051147,1.7400000095367432,1.7300000190734863,1.7324999570846558,835.0
2023-06-29 14:11:00,XP,22.84749984741211,22.84749984741211,22.84749984741211,22.84000015258789,22.84000015258789,841.0
2023-06-29 14:11:00,ZION,27.110000610351562,27.110000610351562,27.11009979248047,27.09000015258789,27.110000610351562,6610.0
2023-06-29 14:12:00,WSBF,14.630000114440918,14.630000114440918,14.630000114440918,14.630000114440918,14.630000114440918,251.0
2023-06-29 14:12:00,WSFS,38.45000076293945,38.45000076293945,38.45000076293945,38.45000076293945,38.45000076293945,508.0
2023-06-29 14:12:00,WULF,1.7300000190734863,1.7300000190734863,1.7350000143051147,1.7300000190734863,1.7350000143051147,2406.0
2023-06-29 14:12:00,XP,22.829999923706055,22.829999923706055,22.844999313354492,22.829999923706055,22.844999313354492,3284.0
2023-06-29 14:12:00,ZION,27.099899291992188,27.099899291992188,27.106399536132812,27.094999313354492,27.100000381469727,1644.0
2023-06-29 14:13:00,WTFCP,23.680599212646484,23.680599212646484,23.700000762939453,23.680599212646484,23.700000762939453,701.0
2023-06-29 14:13:00,WTW,233.10000610351562,233.10000610351562,233.13999938964844,233.0449981689453,233.11000061035156,1804.0
2023-06-29 14:13:00,WULF,1.7400000095367432,1.7400000095367432,1.7400000095367432,1.7300000190734863,1.7300000190734863,2158.0
2023-06-29 14:13:00,XP,22.834999084472656,22.834999084472656,22.834999084472656,22.829999923706055,22.829999923706055,2217.0
2023-06-29 14:13:00,ZION,27.110000610351562,27.110000610351562,27.110000610351562,27.09000015258789,27.100000381469727,2754.0
2023-06-29 14:14:00,WTW,233.1199951171875,233.1199951171875,233.14999389648438,233.10000610351562,233.10000610351562,413.0
2023-06-29 14:14:00,WULF,1.7324999570846558,1.7324999570846558,1.7324999570846558,1.7324999570846558,1.7324999570846558,100.0
2023-06-29 14:14:00,XP,22.844999313354492,22.844999313354492,22.850000381469727,22.834999084472656,22.834999084472656,4558.0
2023-06-29 14:14:00,ZION,27.1200008392334,27.1200008392334,27.1200008392334,27.110000610351562,27.110000610351562,862.0
2023-06-29 14:15:00,WSBF,14.640000343322754,14.640000343322754,14.640000343322754,14.640000343322754,14.640000343322754,116.0
2023-06-29 14:15:00,WTW,233.15499877929688,233.15499877929688,233.1699981689453,233.13499450683594,233.13499450683594,1362.0
2023-06-29 14:15:00,WULF,1.7300000190734863,1.7300000190734863,1.7350000143051147,1.7200000286102295,1.7350000143051147,50298.0
2023-06-29 14:15:00,XP,22.844999313354492,22.844999313354492,22.850000381469727,22.84000015258789,22.844999313354492,1884.0
2023-06-29 14:15:00,ZION,27.11910057067871,27.11910057067871,27.1200008392334,27.110000610351562,27.1200008392334,2218.0
2023-06-29 14:16:00,WSFS,38.41999816894531,38.41999816894531,38.41999816894531,38.41999816894531,38.41999816894531,472.0
2023-06-29 14:16:00,WTW,233.0850067138672,233.0850067138672,233.1199951171875,233.0449981689453,233.1199951171875,942.0
2023-06-29 14:16:00,WULF,1.7350000143051147,1.7350000143051147,1.7350000143051147,1.7300000190734863,1.7300000190734863,1520.0
2023-06-29 14:16:00,XP,22.834999084472656,22.834999084472656,22.860000610351562,22.829999923706055,22.844999313354492,9885.0
2023-06-29 14:16:00,ZION,27.094999313354492,27.094999313354492,27.110000610351562,27.09000015258789,27.110000610351562,3505.0
2023-06-29 14:17:00,WTW,233.11000061035156,233.11000061035156,233.1699981689453,233.0800018310547,233.0800018310547,1227.0
2023-06-29 14:17:00,WULF,1.725000023841858,1.725000023841858,1.7350000143051147,1.7200000286102295,1.7350000143051147,11131.0
2023-06-29 14:17:00,XP,22.844999313354492,22.844999313354492,22.850000381469727,22.834999084472656,22.834999084472656,6884.0
2023-06-29 14:17:00,ZION,27.100000381469727,27.100000381469727,27.107099533081055,27.100000381469727,27.100000381469727,1184.0
2023-06-29 14:18:00,WTW,233.13499450683594,233.13499450683594,233.13999938964844,233.13499450683594,233.13999938964844,327.0
2023-06-29 14:18:00,WULF,1.7300000190734863,1.7300000190734863,1.7350000143051147,1.7300000190734863,1.7300000190734863,5730.0
2023-06-29 14:18:00,XP,22.854999542236328,22.854999542236328,22.854999542236328,22.844999313354492,22.850000381469727,3448.0
2023-06-29 14:18:00,ZION,27.1200008392334,27.1200008392334,27.1200008392334,27.103500366210938,27.103500366210938,2141.0
2023-06-29 14:19:00,WSBF,14.640000343322754,14.640000343322754,14.640000343322754,14.630000114440918,14.630000114440918,392.0
2023-06-29 14:19:00,WSFS,38.47999954223633,38.47999954223633,38.47999954223633,38.43000030517578,38.43000030517578,2306.0
2023-06-29 14:19:00,WTFC,72.86000061035156,72.86000061035156,72.86000061035156,72.75499725341797,72.75499725341797,1651.0
2023-06-29 14:19:00,WULF,1.7350000143051147,1.7350000143051147,1.7400000095367432,1.7350000143051147,1.7350000143051147,951.0
2023-06-29 14:19:00,XP,22.875,22.875,22.8799991607666,22.850000381469727,22.860000610351562,6636.0
2023-06-29 14:19:00,ZION,27.19499969482422,27.19499969482422,27.200000762939453,27.1200008392334,27.1200008392334,5792.0
2023-06-29 14:20:00,WTFC,72.83999633789062,72.83999633789062,72.83999633789062,72.83999633789062,72.83999633789062,201.0
2023-06-29 14:20:00,WTW,233.1999969482422,233.1999969482422,233.1999969482422,233.1999969482422,233.1999969482422,126.0
2023-06-29 14:20:00,XP,22.875,22.875,22.8799991607666,22.8700008392334,22.8799991607666,7213.0
2023-06-29 14:20:00,ZION,27.19499969482422,27.19499969482422,27.19499969482422,27.18000030517578,27.183500289916992,7396.0
2023-06-29 14:21:00,WTW,233.13499450683594,233.13499450683594,233.13499450683594,233.07000732421875,233.07000732421875,221.0
2023-06-29 14:21:00,XP,22.8700008392334,22.8700008392334,22.8799991607666,22.864999771118164,22.875,10297.0
2023-06-29 14:21:00,ZION,27.200000762939453,27.200000762939453,27.200000762939453,27.200000762939453,27.200000762939453,253.0
2023-06-29 14:22:00,WTFC,72.8949966430664,72.8949966430664,72.8949966430664,72.8949966430664,72.8949966430664,148.0
2023-06-29 14:22:00,WTW,233.07000732421875,233.07000732421875,233.1300048828125,233.07000732421875,233.1300048828125,375.0
2023-06-29 14:22:00,WULF,1.7252000570297241,1.7252000570297241,1.7400000095367432,1.725000023841858,1.7350000143051147,29195.0
2023-06-29 14:22:00,XP,22.8700008392334,22.8700008392334,22.8799991607666,22.8700008392334,22.8799991607666,3692.0
2023-06-29 14:22:00,ZION,27.19499969482422,27.19499969482422,27.204999923706055,27.19499969482422,27.200000762939453,922.0
2023-06-29 14:23:00,WTFC,72.8949966430664,72.8949966430664,72.8949966430664,72.8949966430664,72.8949966430664,347.0
2023-06-29 14:23:00,WTFCP,23.690000534057617,23.690000534057617,23.690000534057617,23.690000534057617,23.690000534057617,105.0
2023-06-29 14:23:00,WTW,232.9499969482422,232.9499969482422,233.0800018310547,232.9499969482422,233.07000732421875,1003.0
2023-06-29 14:23:00,WULF,1.7278000116348267,1.7278000116348267,1.7278000116348267,1.7278000116348267,1.7278000116348267,500.0
2023-06-29 14:23:00,XP,22.8799991607666,22.8799991607666,22.8799991607666,22.8700008392334,22.875,3039.0
2023-06-29 14:23:00,ZION,27.200000762939453,27.200000762939453,27.200000762939453,27.200000762939453,27.200000762939453,1162.0
2023-06-29 14:24:00,WTW,233.0,233.0,233.0,233.0,233.0,758.0
2023-06-29 14:24:00,WULF,1.7200000286102295,1.7200000286102295,1.7300000190734863,1.7200000286102295,1.729200005531311,3064.0
2023-06-29 14:24:00,XP,22.875,22.875,22.8799991607666,22.8700008392334,22.875,2548.0
2023-06-29 14:24:00,ZION,27.200000762939453,27.200000762939453,27.209999084472656,27.200000762939453,27.200000762939453,983.0
2023-06-29 14:25:00,WTFC,72.87999725341797,72.87999725341797,72.87999725341797,72.87999725341797,72.87999725341797,498.0
2023-06-29 14:25:00,XP,22.875,22.875,22.8799991607666,22.864999771118164,22.875,5852.0
2023-06-29 14:25:00,ZION,27.209999084472656,27.209999084472656,27.221599578857422,27.209999084472656,27.209999084472656,3342.0
2023-06-29 14:26:00,WSBF,14.635000228881836,14.635000228881836,14.649999618530273,14.635000228881836,14.649999618530273,500.0
2023-06-29 14:26:00,WTW,232.9600067138672,232.9600067138672,232.99000549316406,232.9600067138672,232.97999572753906,523.0
2023-06-29 14:26:00,WULF,1.7300000190734863,1.7300000190734863,1.7300000190734863,1.7300000190734863,1.7300000190734863,1060.0
2023-06-29 14:26:00,XP,22.8700008392334,22.8700008392334,22.8799991607666,22.8700008392334,22.8700008392334,953.0
2023-06-29 14:26:00,ZION,27.190000534057617,27.190000534057617,27.219999313354492,27.190000534057617,27.21500015258789,2829.0
2023-06-29 14:27:00,WSFS,38.494998931884766,38.494998931884766,38.494998931884766,38.494998931884766,38.494998931884766,404.0
2023-06-29 14:27:00,WTW,232.94000244140625,232.94000244140625,232.94000244140625,232.94000244140625,232.94000244140625,319.0
2023-06-29 14:27:00,XP,22.875,22.875,22.875,22.864999771118164,22.8700008392334,4762.0
2023-06-29 14:27:00,ZION,27.209999084472656,27.209999084472656,27.219999313354492,27.200000762939453,27.200000762939453,1601.0
2023-06-29 14:28:00,WSFS,38.4900016784668,38.4900016784668,38.52000045776367,38.4900016784668,38.52000045776367,943.0
2023-06-29 14:28:00,WTFCP,23.700000762939453,23.700000762939453,23.700000762939453,23.700000762939453,23.700000762939453,101.0
2023-06-29 14:28:00,XP,22.875,22.875,22.8799991607666,22.8700008392334,22.8700008392334,10964.0
2023-06-29 14:28:00,ZION,27.18000030517578,27.18000030517578,27.200000762939453,27.18000030517578,27.200000762939453,2513.0
2023-06-29 14:29:00,WTFC,72.93000030517578,72.93000030517578,72.94999694824219,72.93000030517578,72.94999694824219,531.0
2023-06-29 14:29:00,WTW,233.13999938964844,233.13999938964844,233.13999938964844,233.0,233.0,2496.0
2023-06-29 14:29:00,WULF,1.7300000190734863,1.7300000190734863,1.7300000190734863,1.7300000190734863,1.7300000190734863,1405.0
2023-06-29 14:29:00,XP,22.8700008392334,22.8700008392334,22.8799991607666,22.8700008392334,22.875,3008.0
2023-06-29 14:29:00,ZION,27.199600219726562,27.199600219726562,27.199600219726562,27.18000030517578,27.180099487304688,1919.0
2023-06-29 14:30:00,WSBF,14.640000343322754,14.640000343322754,14.649999618530273,14.640000343322754,14.649999618530273,675.0
2023-06-29 14:30:00,WTFC,72.91000366210938,72.91000366210938,72.91000366210938,72.91000366210938,72.91000366210938,672.0
2023-06-29 14:30:00,WTW,233.14500427246094,233.14500427246094,233.14500427246094,233.13999938964844,233.13999938964844,558.0
2023-06-29 14:30:00,WULF,1.7300000190734863,1.7300000190734863,1.7300000190734863,1.725000023841858,1.725000023841858,1334.0
2023-06-29 14:30:00,XP,22.875,22.875,22.8799991607666,22.8700008392334,22.875,1549.0
2023-06-29 14:30:00,ZION,27.200000762939453,27.200000762939453,27.200000762939453,27.184999465942383,27.190000534057617,4225.0
2023-06-29 14:31:00,WTBA,18.375,18.375,18.375,18.375,18.375,158.0
2023-06-29 14:31:00,WULF,1.7300000190734863,1.7300000190734863,1.7400000095367432,1.7273000478744507,1.7300000190734863,8488.0
2023-06-29 14:31:00,XP,22.860000610351562,22.860000610351562,22.8799991607666,22.860000610351562,22.8700008392334,12161.0
2023-06-29 14:31:00,ZION,27.190000534057617,27.190000534057617,27.200000762939453,27.190000534057617,27.190000534057617,904.0
2023-06-29 14:32:00,WTFC,72.87999725341797,72.87999725341797,72.87999725341797,72.87999725341797,72.87999725341797,386.0
2023-06-29 14:32:00,WTW,233.11000061035156,233.11000061035156,233.11000061035156,233.11000061035156,233.11000061035156,294.0
2023-06-29 14:32:00,WULF,1.7308000326156616,1.7308000326156616,1.7350000143051147,1.7300000190734863,1.7300000190734863,26928.0
2023-06-29 14:32:00,XP,22.875,22.875,22.8799991607666,22.860000610351562,22.860000610351562,4076.0
2023-06-29 14:32:00,ZION,27.18000030517578,27.18000030517578,27.190000534057617,27.18000030517578,27.190000534057617,1888.0
2023-06-29 14:32:00,ZIONO,24.44499969482422,24.44499969482422,24.44499969482422,24.44499969482422,24.44499969482422,165.0
2023-06-29 14:32:00,ZIONP,17.950000762939453,17.950000762939453,17.950000762939453,17.950000762939453,17.950000762939453,215.0
2023-06-29 14:33:00,WSFS,38.439998626708984,38.439998626708984,38.439998626708984,38.439998626708984,38.439998626708984,643.0
2023-06-29 14:33:00,WTBA,18.450000762939453,18.450000762939453,18.450000762939453,18.450000762939453,18.450000762939453,106.0
2023-06-29 14:33:00,WTFC,72.93000030517578,72.93000030517578,72.93000030517578,72.93000030517578,72.93000030517578,260.0
2023-06-29 14:33:00,WTW,232.99000549316406,232.99000549316406,233.10000610351562,232.94500732421875,233.10000610351562,1484.0
2023-06-29 14:33:00,WULF,1.7300000190734863,1.7300000190734863,1.7350000143051147,1.7300000190734863,1.7350000143051147,1303.0
2023-06-29 14:33:00,XP,22.877500534057617,22.877500534057617,22.8799991607666,22.8700008392334,22.8799991607666,2176.0
2023-06-29 14:33:00,ZION,27.19499969482422,27.19499969482422,27.19499969482422,27.189899444580078,27.190000534057617,6033.0
2023-06-29 14:34:00,WTFC,72.88780212402344,72.88780212402344,72.88780212402344,72.88780212402344,72.88780212402344,781.0
2023-06-29 14:34:00,WTW,232.92999267578125,232.92999267578125,233.0399932861328,232.92999267578125,232.99000549316406,3670.0
2023-06-29 14:34:00,WULF,1.7300000190734863,1.7300000190734863,1.7347999811172485,1.7300000190734863,1.7347999811172485,608.0
2023-06-29 14:34:00,XP,22.860000610351562,22.860000610351562,22.875,22.860000610351562,22.8700008392334,7492.0
2023-06-29 14:34:00,ZION,27.190000534057617,27.190000534057617,27.190099716186523,27.190000534057617,27.190000534057617,2839.0
2023-06-29 14:35:00,WSFS,38.459999084472656,38.459999084472656,38.459999084472656,38.459999084472656,38.459999084472656,284.0
2023-06-29 14:35:00,WTBA,18.510000228881836,18.510000228881836,18.520000457763672,18.5,18.5,1107.0
2023-06-29 14:35:00,WTFC,72.9000015258789,72.9000015258789,72.9000015258789,72.87999725341797,72.9000015258789,952.0
2023-06-29 14:35:00,WTW,232.93499755859375,232.93499755859375,232.93499755859375,232.93499755859375,232.93499755859375,312.0
2023-06-29 14:35:00,WULF,1.7300000190734863,1.7300000190734863,1.7400000095367432,1.7300000190734863,1.7400000095367432,7870.0
2023-06-29 14:35:00,XP,22.864999771118164,22.864999771118164,22.875,22.860000610351562,22.864999771118164,4070.0
2023-06-29 14:35:00,ZION,27.229999542236328,27.229999542236328,27.229999542236328,27.200000762939453,27.200000762939453,4655.0
2023-06-29 14:36:00,WSFS,38.44499969482422,38.44499969482422,38.44499969482422,38.44499969482422,38.44499969482422,160.0
2023-06-29 14:36:00,WTW,232.96499633789062,232.96499633789062,232.96499633789062,232.96499633789062,232.96499633789062,1274.0
2023-06-29 14:36:00,WULF,1.7400000095367432,1.7400000095367432,1.7400000095367432,1.7300000190734863,1.7350000143051147,6220.0
2023-06-29 14:36:00,XP,22.864999771118164,22.864999771118164,22.8700008392334,22.850000381469727,22.864999771118164,6730.0
2023-06-29 14:36:00,ZION,27.229999542236328,27.229999542236328,27.229999542236328,27.204999923706055,27.229999542236328,9666.0
2023-06-29 14:37:00,WSFS,38.47999954223633,38.47999954223633,38.47999954223633,38.47999954223633,38.47999954223633,388.0
2023-06-29 14:37:00,WTBA,18.579999923706055,18.579999923706055,18.579999923706055,18.579999923706055,18.579999923706055,100.0
2023-06-29 14:37:00,WTW,233.0749969482422,233.0749969482422,233.0749969482422,232.99000549316406,233.0399932861328,1233.0
2023-06-29 14:37:00,WULF,1.7300000190734863,1.7300000190734863,1.7350000143051147,1.7300000190734863,1.7350000143051147,17337.0
2023-06-29 14:37:00,XP,22.860000610351562,22.860000610351562,22.8700008392334,22.860000610351562,22.8700008392334,2375.0
2023-06-29 14:37:00,ZION,27.229999542236328,27.229999542236328,27.239999771118164,27.209999084472656,27.239999771118164,3850.0
2023-06-29 14:38:00,WSFS,38.47639846801758,38.47639846801758,38.47639846801758,38.47639846801758,38.47639846801758,413.0
2023-06-29 14:38:00,WULF,1.7300000190734863,1.7300000190734863,1.7350000143051147,1.7300000190734863,1.7300000190734863,2411.0
2023-06-29 14:38:00,XP,22.864999771118164,22.864999771118164,22.8700008392334,22.860000610351562,22.8700008392334,1467.0
2023-06-29 14:38:00,ZION,27.21500015258789,27.21500015258789,27.21500015258789,27.21500015258789,27.21500015258789,306.0
2023-06-29 14:39:00,WTFC,72.86499786376953,72.86499786376953,72.93499755859375,72.86499786376953,72.93499755859375,770.0
2023-06-29 14:39:00,WULF,1.7350000143051147,1.7350000143051147,1.7350000143051147,1.7350000143051147,1.7350000143051147,100.0
2023-06-29 14:39:00,XP,22.875,22.875,22.875,22.864999771118164,22.864999771118164,8308.0
2023-06-29 14:39:00,ZION,27.21500015258789,27.21500015258789,27.225000381469727,27.209999084472656,27.21500015258789,2273.0
2023-06-29 14:40:00,WTFCP,23.700000762939453,23.700000762939453,23.700000762939453,23.700000762939453,23.700000762939453,170.0
2023-06-29 14:40:00,WTW,233.0,233.0,233.07000732421875,233.0,233.07000732421875,602.0
2023-06-29 14:40:00,XP,22.844999313354492,22.844999313354492,22.875,22.844999313354492,22.875,11092.0
2023-06-29 14:40:00,ZION,27.170000076293945,27.170000076293945,27.200000762939453,27.170000076293945,27.200000762939453,2557.0
2023-06-29 14:41:00,WSBF,14.635000228881836,14.635000228881836,14.649999618530273,14.635000228881836,14.649999618530273,696.0
2023-06-29 14:41:00,WTW,232.97999572753906,232.97999572753906,232.97999572753906,232.97999572753906,232.97999572753906,258.0
2023-06-29 14:41:00,WULF,1.7300000190734863,1.7300000190734863,1.7300000190734863,1.7300000190734863,1.7300000190734863,202.0
2023-06-29 14:41:00,XP,22.844999313354492,22.844999313354492,22.850000381469727,22.84000015258789,22.844999313354492,6121.0
2023-06-29 14:41:00,ZION,27.165000915527344,27.165000915527344,27.174999237060547,27.155000686645508,27.165000915527344,3444.0
2023-06-29 14:42:00,WSFS,38.400001525878906,38.400001525878906,38.439998626708984,38.400001525878906,38.439998626708984,441.0
2023-06-29 14:42:00,WTBA,18.520000457763672,18.520000457763672,18.527700424194336,18.520000457763672,18.527700424194336,552.0
2023-06-29 14:42:00,WTFC,72.87999725341797,72.87999725341797,72.87999725341797,72.83000183105469,72.83000183105469,918.0
2023-06-29 14:42:00,WTW,232.9550018310547,232.9550018310547,232.9550018310547,232.9550018310547,232.9550018310547,187.0
2023-06-29 14:42:00,WULF,1.7300000190734863,1.7300000190734863,1.7350000143051147,1.725000023841858,1.7350000143051147,63772.0
2023-06-29 14:42:00,XP,22.84000015258789,22.84000015258789,22.844999313354492,22.829999923706055,22.84000015258789,3719.0
2023-06-29 14:42:00,ZION,27.19499969482422,27.19499969482422,27.200000762939453,27.15999984741211,27.15999984741211,4204.0
2023-06-29 14:43:00,WTW,233.01499938964844,233.01499938964844,233.01499938964844,232.97000122070312,233.01499938964844,643.0
2023-06-29 14:43:00,WULF,1.7300000190734863,1.7300000190734863,1.7300000190734863,1.7300000190734863,1.7300000190734863,2400.0
2023-06-29 14:43:00,XP,22.844999313354492,22.844999313354492,22.850000381469727,22.84000015258789,22.84000015258789,3945.0
2023-06-29 14:43:00,ZION,27.170000076293945,27.170000076293945,27.200000762939453,27.170000076293945,27.200000762939453,1123.0
2023-06-29 14:44:00,WSFS,38.439998626708984,38.439998626708984,38.45000076293945,38.439998626708984,38.45000076293945,463.0
2023-06-29 14:44:00,WTFC,72.91999816894531,72.91999816894531,72.91999816894531,72.88999938964844,72.88999938964844,389.0
2023-06-29 14:44:00,WTW,233.02499389648438,233.02499389648438,233.0449981689453,232.97000122070312,233.02000427246094,811.0
2023-06-29 14:44:00,WULF,1.7300000190734863,1.7300000190734863,1.7350000143051147,1.7300000190734863,1.7300000190734863,14471.0
2023-06-29 14:44:00,XP,22.864999771118164,22.864999771118164,22.864999771118164,22.84000015258789,22.844999313354492,3726.0
2023-06-29 14:44:00,ZION,27.180099487304688,27.180099487304688,27.180099487304688,27.18000030517578,27.18000030517578,761.0
2023-06-29 14:45:00,WSBF,14.640000343322754,14.640000343322754,14.640000343322754,14.640000343322754,14.640000343322754,200.0
2023-06-29 14:45:00,WTW,233.02000427246094,233.02000427246094,233.0749969482422,233.02000427246094,233.02499389648438,1884.0
2023-06-29 14:45:00,WULF,1.7300000190734863,1.7300000190734863,1.73989999294281,1.7300000190734863,1.73989999294281,5400.0
2023-06-29 14:45:00,XP,22.860000610351562,22.860000610351562,22.86750030517578,22.860000610351562,22.864999771118164,4075.0
2023-06-29 14:45:00,ZION,27.204999923706055,27.204999923706055,27.204999923706055,27.184999465942383,27.184999465942383,1561.0
2023-06-29 14:46:00,WSBF,14.649999618530273,14.649999618530273,14.649999618530273,14.640000343322754,14.640000343322754,307.0
2023-06-29 14:46:00,WTW,233.0800018310547,233.0800018310547,233.1199951171875,233.0749969482422,233.0800018310547,1435.0
2023-06-29 14:46:00,WULF,1.7300000190734863,1.7300000190734863,1.7350000143051147,1.7300000190734863,1.7300000190734863,1400.0
2023-06-29 14:46:00,XP,22.864999771118164,22.864999771118164,22.864999771118164,22.854999542236328,22.860000610351562,4594.0
2023-06-29 14:46:00,ZION,27.190000534057617,27.190000534057617,27.200000762939453,27.190000534057617,27.200000762939453,1420.0
2023-06-29 14:47:00,WSBF,14.640000343322754,14.640000343322754,14.649999618530273,14.640000343322754,14.649999618530273,1074.0
2023-06-29 14:47:00,WSFS,38.45000076293945,38.45000076293945,38.45000076293945,38.45000076293945,38.45000076293945,284.0
2023-06-29 14:47:00,WTFC,72.90499877929688,72.90499877929688,72.90499877929688,72.9000015258789,72.9000015258789,892.0
2023-06-29 14:47:00,WTW,233.0449981689453,233.0449981689453,233.1199951171875,233.0449981689453,233.1199951171875,602.0
2023-06-29 14:47:00,WULF,1.7300000190734863,1.7300000190734863,1.7350000143051147,1.7300000190734863,1.7350000143051147,517.0
2023-06-29 14:47:00,XP,22.8700008392334,22.8700008392334,22.8700008392334,22.860000610351562,22.864999771118164,3956.0
2023-06-29 14:47:00,ZION,27.190000534057617,27.190000534057617,27.190099716186523,27.18000030517578,27.190000534057617,2048.0
2023-06-29 14:48:00,WTW,233.0449981689453,233.0449981689453,233.0500030517578,233.0449981689453,233.0500030517578,558.0
2023-06-29 14:48:00,WULF,1.7350000143051147,1.7350000143051147,1.7350000143051147,1.7350000143051147,1.7350000143051147,800.0
2023-06-29 14:48:00,XP,22.8799991607666,22.8799991607666,22.8799991607666,22.8700008392334,22.875,1698.0
2023-06-29 14:48:00,ZION,27.200000762939453,27.200000762939453,27.200000762939453,27.184999465942383,27.184999465942383,2025.0
2023-06-29 14:49:00,WTW,232.97999572753906,232.97999572753906,232.97999572753906,232.97999572753906,232.97999572753906,500.0
2023-06-29 14:49:00,WULF,1.7300000190734863,1.7300000190734863,1.7350000143051147,1.7300000190734863,1.7350000143051147,200.0
2023-06-29 14:49:00,XP,22.875,22.875,22.8799991607666,22.8700008392334,22.875,7051.0
2023-06-29 14:49:00,ZION,27.18000030517578,27.18000030517578,27.18000030517578,27.174999237060547,27.18000030517578,1333.0
2023-06-29 14:50:00,WSBF,14.65999984741211,14.65999984741211,14.65999984741211,14.65999984741211,14.65999984741211,443.0
2023-06-29 14:50:00,WTW,232.8699951171875,232.8699951171875,232.8699951171875,232.8699951171875,232.8699951171875,269.0
2023-06-29 14:50:00,XP,22.875,22.875,22.875,22.8700008392334,22.875,1896.0
2023-06-29 14:50:00,ZION,27.170000076293945,27.170000076293945,27.190000534057617,27.170000076293945,27.18000030517578,1588.0
2023-06-29 14:51:00,WTW,232.90499877929688,232.90499877929688,232.97999572753906,232.8699951171875,232.97000122070312,2662.0
2023-06-29 14:51:00,WULF,1.7350000143051147,1.7350000143051147,1.7350000143051147,1.7350000143051147,1.7350000143051147,150.0
2023-06-29 14:51:00,XP,22.875,22.875,22.8799991607666,22.875,22.875,1969.0
2023-06-29 14:51:00,ZION,27.170000076293945,27.170000076293945,27.18000030517578,27.170000076293945,27.170000076293945,1698.0
2023-06-29 14:52:00,WTW,232.77000427246094,232.77000427246094,232.80999755859375,232.77000427246094,232.80999755859375,357.0
2023-06-29 14:52:00,WULF,1.73989999294281,1.73989999294281,1.73989999294281,1.7300000190734863,1.7301000356674194,5931.0
2023-06-29 14:52:00,XP,22.875,22.875,22.875,22.8700008392334,22.8700008392334,2166.0
2023-06-29 14:52:00,ZION,27.1825008392334,27.1825008392334,27.1825008392334,27.170000076293945,27.170000076293945,1323.0
2023-06-29 14:53:00,WSFS,38.41999816894531,38.41999816894531,38.41999816894531,38.41999816894531,38.41999816894531,343.0
2023-06-29 14:53:00,WTW,232.875,232.875,232.88999938964844,232.8300018310547,232.88999938964844,2124.0
2023-06-29 14:53:00,WULF,1.7300000190734863,1.7300000190734863,1.7350000143051147,1.7300000190734863,1.7350000143051147,2100.0
2023-06-29 14:53:00,XP,22.860000610351562,22.860000610351562,22.875,22.860000610351562,22.875,10479.0
2023-06-29 14:53:00,ZION,27.200000762939453,27.200000762939453,27.200000762939453,27.190000534057617,27.190000534057617,1394.0
2023-06-29 14:54:00,WTFC,72.9000015258789,72.9000015258789,72.9000015258789,72.9000015258789,72.9000015258789,786.0
2023-06-29 14:54:00,WTW,232.67999267578125,232.67999267578125,232.86000061035156,232.63999938964844,232.85000610351562,2555.0
2023-06-29 14:54:00,XP,22.864999771118164,22.864999771118164,22.864999771118164,22.860000610351562,22.864999771118164,1889.0
2023-06-29 14:54:00,ZION,27.204999923706055,27.204999923706055,27.204999923706055,27.190000534057617,27.19499969482422,990.0
2023-06-29 14:55:00,WTW,232.67999267578125,232.67999267578125,232.67999267578125,232.67999267578125,232.67999267578125,728.0
2023-06-29 14:55:00,WULF,1.7324999570846558,1.7324999570846558,1.7400000095367432,1.7324999570846558,1.7350000143051147,5600.0
2023-06-29 14:55:00,XP,22.860000610351562,22.860000610351562,22.864999771118164,22.860000610351562,22.864999771118164,1539.0
2023-06-29 14:55:00,ZION,27.200000762939453,27.200000762939453,27.209999084472656,27.19499969482422,27.200300216674805,3866.0
2023-06-29 14:56:00,WTW,232.6750030517578,232.6750030517578,232.72000122070312,232.6699981689453,232.67999267578125,2031.0
2023-06-29 14:56:00,WULF,1.7450000047683716,1.7450000047683716,1.7450000047683716,1.7300000190734863,1.7324999570846558,18215.0
2023-06-29 14:56:00,XP,22.864999771118164,22.864999771118164,22.864999771118164,22.860000610351562,22.860000610351562,2455.0
2023-06-29 14:56:00,ZION,27.21500015258789,27.21500015258789,27.225000381469727,27.209999084472656,27.209999084472656,2522.0
2023-06-29 14:57:00,WSBF,14.65999984741211,14.65999984741211,14.65999984741211,14.65999984741211,14.65999984741211,155.0
2023-06-29 14:57:00,WSFS,38.45000076293945,38.45000076293945,38.45000076293945,38.45000076293945,38.45000076293945,677.0
2023-06-29 14:57:00,WTFC,72.93000030517578,72.93000030517578,72.93000030517578,72.93000030517578,72.93000030517578,133.0
2023-06-29 14:57:00,WTFCP,23.649999618530273,23.649999618530273,23.68000030517578,23.649999618530273,23.68000030517578,435.0
2023-06-29 14:57:00,WTW,232.7949981689453,232.7949981689453,232.80999755859375,232.75,232.75,1216.0
2023-06-29 14:57:00,WULF,1.7450000047683716,1.7450000047683716,1.7450000047683716,1.7400000095367432,1.7400000095367432,500.0
2023-06-29 14:57:00,XP,22.875,22.875,22.875,22.860000610351562,22.860000610351562,4249.0
2023-06-29 14:57:00,ZION,27.21500015258789,27.21500015258789,27.21500015258789,27.209999084472656,27.209999084472656,617.0
2023-06-29 14:58:00,WSBF,14.65999984741211,14.65999984741211,14.670000076293945,14.65999984741211,14.670000076293945,223.0
2023-06-29 14:58:00,WTFC,72.91999816894531,72.91999816894531,72.91999816894531,72.91999816894531,72.91999816894531,419.0
2023-06-29 14:58:00,WTW,232.82000732421875,232.82000732421875,232.82000732421875,232.8000030517578,232.8000030517578,672.0
2023-06-29 14:58:00,WULF,1.7400000095367432,1.7400000095367432,1.7400000095367432,1.7400000095367432,1.7400000095367432,156.0
2023-06-29 14:58:00,XP,22.8700008392334,22.8700008392334,22.8799991607666,22.8700008392334,22.875,2414.0
2023-06-29 14:58:00,ZION,27.239999771118164,27.239999771118164,27.239999771118164,27.209999084472656,27.209999084472656,2596.0
2023-06-29 14:59:00,WSBF,14.649999618530273,14.649999618530273,14.649999618530273,14.649999618530273,14.649999618530273,584.0
2023-06-29 14:59:00,WTFCP,23.649999618530273,23.649999618530273,23.649999618530273,23.649999618530273,23.649999618530273,1068.0
2023-06-29 14:59:00,WTW,232.75,232.75,232.77999877929688,232.75,232.77999877929688,863.0
2023-06-29 14:59:00,XP,22.8799991607666,22.8799991607666,22.8799991607666,22.8700008392334,22.8799991607666,3495.0
2023-06-29 14:59:00,ZION,27.229999542236328,27.229999542236328,27.25,27.229999542236328,27.240100860595703,7017.0
2023-06-29 15:00:00,WSBF,14.640000343322754,14.640000343322754,14.649999618530273,14.640000343322754,14.649999618530273,580.0
2023-06-29 15:00:00,WSFS,38.47999954223633,38.47999954223633,38.47999954223633,38.470001220703125,38.47999954223633,1190.0
2023-06-29 15:00:00,WTBA,18.454999923706055,18.454999923706055,18.454999923706055,18.454999923706055,18.454999923706055,380.0
2023-06-29 15:00:00,WTFC,72.94999694824219,72.94999694824219,72.97000122070312,72.94999694824219,72.94999694824219,1083.0
2023-06-29 15:00:00,WTW,232.81500244140625,232.81500244140625,232.82000732421875,232.77499389648438,232.80999755859375,617.0
2023-06-29 15:00:00,WULF,1.7450000047683716,1.7450000047683716,1.7450000047683716,1.7400000095367432,1.7446000576019287,1258.0
2023-06-29 15:00:00,XP,22.875,22.875,22.8799991607666,22.875,22.8799991607666,5200.0
2023-06-29 15:00:00,ZION,27.235000610351562,27.235000610351562,27.239999771118164,27.229999542236328,27.235000610351562,1359.0
2023-06-29 15:01:00,WTFC,72.94999694824219,72.94999694824219,72.95999908447266,72.94999694824219,72.95500183105469,543.0
2023-06-29 15:01:00,WTW,232.7899932861328,232.7899932861328,232.86000061035156,232.7899932861328,232.82000732421875,3207.0
2023-06-29 15:01:00,XP,22.875,22.875,22.8799991607666,22.875,22.875,3172.0
2023-06-29 15:01:00,ZION,27.225000381469727,27.225000381469727,27.229999542236328,27.219999313354492,27.225000381469727,1010.0
2023-06-29 15:01:00,ZIONP,17.90999984741211,17.90999984741211,17.90999984741211,17.90999984741211,17.90999984741211,0.0
2023-06-29 15:02:00,WTFC,72.91999816894531,72.91999816894531,72.94000244140625,72.9000015258789,72.94000244140625,1241.0
2023-06-29 15:02:00,XP,22.875,22.875,22.877500534057617,22.8700008392334,22.875,3354.0
2023-06-29 15:02:00,ZION,27.21500015258789,27.21500015258789,27.225000381469727,27.209999084472656,27.225000381469727,2972.0
2023-06-29 15:03:00,WSFS,38.45000076293945,38.45000076293945,38.45000076293945,38.45000076293945,38.45000076293945,775.0
2023-06-29 15:03:00,WTFC,72.97000122070312,72.97000122070312,72.97000122070312,72.97000122070312,72.97000122070312,363.0
2023-06-29 15:03:00,WTW,232.76499938964844,232.76499938964844,232.76499938964844,232.7100067138672,232.73500061035156,1679.0
2023-06-29 15:03:00,XP,22.8799991607666,22.8799991607666,22.8799991607666,22.8700008392334,22.877500534057617,6800.0
2023-06-29 15:03:00,ZION,27.225000381469727,27.225000381469727,27.225000381469727,27.209999084472656,27.209999084472656,2050.0
2023-06-29 15:04:00,WTFC,72.9800033569336,72.9800033569336,72.9800033569336,72.95999908447266,72.95999908447266,716.0
2023-06-29 15:04:00,WTW,232.81500244140625,232.81500244140625,232.81500244140625,232.81500244140625,232.81500244140625,186.0
2023-06-29 15:04:00,WULF,1.7450000047683716,1.7450000047683716,1.75,1.7450000047683716,1.75,420.0
2023-06-29 15:04:00,XP,22.875,22.875,22.8799991607666,22.875,22.875,1775.0
2023-06-29 15:04:00,XPDBW,0.06599999964237213,0.06599999964237213,0.06599999964237213,0.0658000037074089,0.06599999964237213,17153.0
2023-06-29 15:04:00,ZION,27.229999542236328,27.229999542236328,27.235000610351562,27.225000381469727,27.225000381469727,1489.0
2023-06-29 15:05:00,WTFC,72.9800033569336,72.9800033569336,72.9800033569336,72.9800033569336,72.9800033569336,422.0
2023-06-29 15:05:00,WTFCM,22.940000534057617,22.940000534057617,22.940000534057617,22.940000534057617,22.940000534057617,202.0
2023-06-29 15:05:00,WTW,232.83999633789062,232.83999633789062,232.86749267578125,232.83999633789062,232.85000610351562,654.0
2023-06-29 15:05:00,WULF,1.7450000047683716,1.7450000047683716,1.7450000047683716,1.7450000047683716,1.7450000047683716,300.0
2023-06-29 15:05:00,XP,22.885000228881836,22.885000228881836,22.885000228881836,22.875,22.875,10769.0
2023-06-29 15:05:00,ZION,27.239999771118164,27.239999771118164,27.239999771118164,27.225000381469727,27.235000610351562,1998.0
2023-06-29 15:06:00,WTW,232.82000732421875,232.82000732421875,232.8800048828125,232.82000732421875,232.86749267578125,2524.0
2023-06-29 15:06:00,XP,22.875,22.875,22.885000228881836,22.8700008392334,22.8799991607666,8686.0
2023-06-29 15:06:00,ZION,27.25,27.25,27.25,27.219999313354492,27.235000610351562,6165.0
2023-06-29 15:07:00,WTW,232.8000030517578,232.8000030517578,232.83999633789062,232.8000030517578,232.83999633789062,611.0
2023-06-29 15:07:00,XP,22.875,22.875,22.875,22.875,22.875,2484.0
2023-06-29 15:07:00,ZION,27.239999771118164,27.239999771118164,27.2549991607666,27.239999771118164,27.25,4394.0
2023-06-29 15:08:00,WTFC,72.96880340576172,72.96880340576172,72.96880340576172,72.96880340576172,72.96880340576172,286.0
2023-06-29 15:08:00,WTW,232.8300018310547,232.8300018310547,232.83999633789062,232.82000732421875,232.82000732421875,1342.0
2023-06-29 15:08:00,WULF,1.7450000047683716,1.7450000047683716,1.75,1.7400000095367432,1.75,9206.0
2023-06-29 15:08:00,XP,22.877500534057617,22.877500534057617,22.877500534057617,22.8700008392334,22.875,1019.0
2023-06-29 15:08:00,ZION,27.219999313354492,27.219999313354492,27.229999542236328,27.219999313354492,27.229999542236328,1622.0
2023-06-29 15:08:00,ZIONO,24.40999984741211,24.40999984741211,24.40999984741211,24.40999984741211,24.40999984741211,166.0
2023-06-29 15:09:00,WSFS,38.470001220703125,38.470001220703125,38.470001220703125,38.470001220703125,38.470001220703125,261.0
2023-06-29 15:09:00,WULF,1.7450000047683716,1.7450000047683716,1.7450000047683716,1.7400000095367432,1.7400000095367432,304.0
2023-06-29 15:09:00,XP,22.875,22.875,22.8799991607666,22.8700008392334,22.8700008392334,3028.0
2023-06-29 15:09:00,ZION,27.239999771118164,27.239999771118164,27.239999771118164,27.219999313354492,27.219999313354492,3625.0
2023-06-29 15:10:00,WTFC,72.95500183105469,72.95500183105469,72.95500183105469,72.95500183105469,72.95500183105469,524.0
2023-06-29 15:10:00,WTW,232.75,232.75,232.77000427246094,232.72000122070312,232.77000427246094,1247.0
2023-06-29 15:10:00,XP,22.8799991607666,22.8799991607666,22.885000228881836,22.864999771118164,22.875,17291.0
2023-06-29 15:10:00,XPDBW,0.06750000268220901,0.06750000268220901,0.06750000268220901,0.06750000268220901,0.06750000268220901,100.0
2023-06-29 15:10:00,ZION,27.239999771118164,27.239999771118164,27.239999771118164,27.225000381469727,27.225000381469727,1986.0
2023-06-29 15:11:00,WSBF,14.649999618530273,14.649999618530273,14.649999618530273,14.649999618530273,14.649999618530273,157.0
2023-06-29 15:11:00,WTFC,72.91999816894531,72.91999816894531,72.91999816894531,72.91999816894531,72.91999816894531,477.0
2023-06-29 15:11:00,WTW,232.7100067138672,232.7100067138672,232.7100067138672,232.6649932861328,232.6649932861328,1700.0
2023-06-29 15:11:00,WULF,1.7450000047683716,1.7450000047683716,1.7450000047683716,1.7450000047683716,1.7450000047683716,321.0
2023-06-29 15:11:00,XP,22.8799991607666,22.8799991607666,22.885000228881836,22.8799991607666,22.88249969482422,3851.0
2023-06-29 15:11:00,XPDBW,0.06750000268220901,0.06750000268220901,0.06750000268220901,0.06750000268220901,0.06750000268220901,100.0
2023-06-29 15:11:00,ZION,27.209999084472656,27.209999084472656,27.229999542236328,27.209999084472656,27.229999542236328,1559.0
2023-06-29 15:12:00,WSFS,38.46500015258789,38.46500015258789,38.46500015258789,38.46500015258789,38.46500015258789,101.0
2023-06-29 15:12:00,WTFC,72.94999694824219,72.94999694824219,72.95999908447266,72.94999694824219,72.94999694824219,933.0
2023-06-29 15:12:00,WTW,232.82000732421875,232.82000732421875,232.82000732421875,232.72999572753906,232.72999572753906,1568.0
2023-06-29 15:12:00,WULF,1.7450000047683716,1.7450000047683716,1.7450000047683716,1.7450000047683716,1.7450000047683716,241.0
2023-06-29 15:12:00,XP,22.860000610351562,22.860000610351562,22.88249969482422,22.860000610351562,22.8799991607666,8606.0
2023-06-29 15:12:00,XPDBW,0.06750000268220901,0.06750000268220901,0.06750000268220901,0.06750000268220901,0.06750000268220901,100.0
2023-06-29 15:12:00,ZION,27.229999542236328,27.229999542236328,27.25,27.209999084472656,27.219999313354492,4516.0
2023-06-29 15:13:00,WSFS,38.5,38.5,38.5,38.5,38.5,301.0
2023-06-29 15:13:00,WTFC,72.9800033569336,72.9800033569336,72.9800033569336,72.9800033569336,72.9800033569336,552.0
2023-06-29 15:13:00,WTW,232.8300018310547,232.8300018310547,232.8300018310547,232.82000732421875,232.82000732421875,462.0
2023-06-29 15:13:00,WULF,1.7450000047683716,1.7450000047683716,1.7450000047683716,1.7450000047683716,1.7450000047683716,205.0
2023-06-29 15:13:00,XP,22.850000381469727,22.850000381469727,22.864999771118164,22.850000381469727,22.860000610351562,5817.0
2023-06-29 15:13:00,XPDBW,0.0681999996304512,0.0681999996304512,0.0681999996304512,0.0681999996304512,0.0681999996304512,100.0
2023-06-29 15:13:00,ZION,27.229999542236328,27.229999542236328,27.229999542236328,27.229999542236328,27.229999542236328,440.0
2023-06-29 15:14:00,WTFC,72.94999694824219,72.94999694824219,72.94999694824219,72.94999694824219,72.94999694824219,564.0
2023-06-29 15:14:00,WTW,232.75,232.75,232.88999938964844,232.74000549316406,232.8300018310547,5643.0
2023-06-29 15:14:00,WULF,1.7450000047683716,1.7450000047683716,1.7450000047683716,1.7400000095367432,1.7417000532150269,407.0
2023-06-29 15:14:00,XP,22.850000381469727,22.850000381469727,22.854999542236328,22.850000381469727,22.850000381469727,1641.0
2023-06-29 15:14:00,XPDBW,0.06599999964237213,0.06599999964237213,0.06599999964237213,0.06599999964237213,0.06599999964237213,3021.0
2023-06-29 15:14:00,ZION,27.229999542236328,27.229999542236328,27.235000610351562,27.229999542236328,27.229999542236328,3085.0
2023-06-29 15:15:00,WSBF,14.649999618530273,14.649999618530273,14.649999618530273,14.649999618530273,14.649999618530273,159.0
2023-06-29 15:15:00,WTFC,73.01000213623047,73.01000213623047,73.01000213623047,72.9800033569336,72.9800033569336,2176.0
2023-06-29 15:15:00,WTW,232.77000427246094,232.77000427246094,232.86500549316406,232.77000427246094,232.83999633789062,1086.0
2023-06-29 15:15:00,WULF,1.7450000047683716,1.7450000047683716,1.7450000047683716,1.7436000108718872,1.7436000108718872,222.0
2023-06-29 15:15:00,XP,22.864999771118164,22.864999771118164,22.864999771118164,22.850000381469727,22.854999542236328,5989.0
2023-06-29 15:15:00,ZION,27.25,27.25,27.260000228881836,27.239999771118164,27.239999771118164,9114.0
2023-06-29 15:16:00,WTW,232.8000030517578,232.8000030517578,232.81500244140625,232.75,232.81500244140625,1101.0
2023-06-29 15:16:00,WULF,1.7450000047683716,1.7450000047683716,1.7450000047683716,1.7450000047683716,1.7450000047683716,106.0
2023-06-29 15:16:00,XP,22.864999771118164,22.864999771118164,22.8700008392334,22.860000610351562,22.864999771118164,9656.0
2023-06-29 15:16:00,ZION,27.239999771118164,27.239999771118164,27.25,27.239999771118164,27.25,1717.0
2023-06-29 15:17:00,WSBF,14.640000343322754,14.640000343322754,14.649999618530273,14.640000343322754,14.649999618530273,603.0
2023-06-29 15:17:00,WSFS,38.470001220703125,38.470001220703125,38.470001220703125,38.470001220703125,38.470001220703125,615.0
2023-06-29 15:17:00,WTFC,72.94000244140625,72.94000244140625,72.9800033569336,72.94000244140625,72.97000122070312,1308.0
2023-06-29 15:17:00,WULF,1.7450000047683716,1.7450000047683716,1.7450000047683716,1.7450000047683716,1.7450000047683716,214.0
2023-06-29 15:17:00,XP,22.875,22.875,22.885000228881836,22.864999771118164,22.864999771118164,34120.0
2023-06-29 15:17:00,ZION,27.219999313354492,27.219999313354492,27.235000610351562,27.219999313354492,27.229999542236328,4428.0
2023-06-29 15:18:00,WSBF,14.619999885559082,14.619999885559082,14.619999885559082,14.619999885559082,14.619999885559082,148.0
2023-06-29 15:18:00,WTMA,10.609999656677246,10.609999656677246,10.614999771118164,10.609999656677246,10.614999771118164,12473.0
2023-06-29 15:18:00,WTW,232.77499389648438,232.77499389648438,232.7899932861328,232.77499389648438,232.77999877929688,744.0
2023-06-29 15:18:00,WULF,1.7450000047683716,1.7450000047683716,1.7450000047683716,1.7450000047683716,1.7450000047683716,100.0
2023-06-29 15:18:00,XP,22.864999771118164,22.864999771118164,22.8799991607666,22.860000610351562,22.8799991607666,16872.0
2023-06-29 15:18:00,ZION,27.219999313354492,27.219999313354492,27.219999313354492,27.219999313354492,27.219999313354492,3077.0
2023-06-29 15:19:00,WSBF,14.609999656677246,14.609999656677246,14.609999656677246,14.609999656677246,14.609999656677246,142.0
2023-06-29 15:19:00,WTW,232.83999633789062,232.83999633789062,232.89999389648438,232.77499389648438,232.77499389648438,2864.0
2023-06-29 15:19:00,WULF,1.7400000095367432,1.7400000095367432,1.7450000047683716,1.7400000095367432,1.7400000095367432,2497.0
2023-06-29 15:19:00,XP,22.844999313354492,22.844999313354492,22.860000610351562,22.84000015258789,22.860000610351562,8563.0
2023-06-29 15:19:00,ZION,27.225000381469727,27.225000381469727,27.225000381469727,27.219999313354492,27.219999313354492,1074.0
2023-06-29 15:20:00,WSBF,14.619999885559082,14.619999885559082,14.619999885559082,14.619999885559082,14.619999885559082,337.0
2023-06-29 15:20:00,WSFS,38.47999954223633,38.47999954223633,38.47999954223633,38.47999954223633,38.47999954223633,1193.0
2023-06-29 15:20:00,WTFC,73.01000213623047,73.01000213623047,73.01000213623047,72.93000030517578,72.93000030517578,1376.0
2023-06-29 15:20:00,WULF,1.7450000047683716,1.7450000047683716,1.7450000047683716,1.7450000047683716,1.7450000047683716,307.0
2023-06-29 15:20:00,XP,22.844999313354492,22.844999313354492,22.844999313354492,22.829999923706055,22.844999313354492,8726.0
2023-06-29 15:20:00,ZION,27.264999389648438,27.264999389648438,27.270000457763672,27.229999542236328,27.229999542236328,3478.0
2023-06-29 15:21:00,WTFC,73.05000305175781,73.05000305175781,73.05000305175781,73.0199966430664,73.0199966430664,778.0
2023-06-29 15:21:00,WTW,232.86000061035156,232.86000061035156,232.88499450683594,232.86000061035156,232.88499450683594,728.0
2023-06-29 15:21:00,WWACW,0.03539999946951866,0.03539999946951866,0.03700000047683716,0.03539999946951866,0.03700000047683716,2775.0
2023-06-29 15:21:00,XP,22.850000381469727,22.850000381469727,22.850000381469727,22.834999084472656,22.844999313354492,5041.0
2023-06-29 15:21:00,ZION,27.2450008392334,27.2450008392334,27.264999389648438,27.229999542236328,27.264999389648438,3341.0
2023-06-29 15:22:00,WSBF,14.639900207519531,14.639900207519531,14.639900207519531,14.619999885559082,14.619999885559082,727.0
2023-06-29 15:22:00,WTW,232.86000061035156,232.86000061035156,232.8699951171875,232.86000061035156,232.8699951171875,682.0
2023-06-29 15:22:00,WULF,1.7450000047683716,1.7450000047683716,1.75,1.7400000095367432,1.75,773.0
2023-06-29 15:22:00,XP,22.84000015258789,22.84000015258789,22.844999313354492,22.834999084472656,22.844999313354492,6765.0
2023-06-29 15:22:00,ZION,27.229999542236328,27.229999542236328,27.25,27.229999542236328,27.2450008392334,2424.0
2023-06-29 15:23:00,WSFS,38.5099983215332,38.5099983215332,38.5099983215332,38.5099983215332,38.5099983215332,929.0
2023-06-29 15:23:00,WTFC,73.08000183105469,73.08000183105469,73.08000183105469,73.02249908447266,73.02249908447266,766.0
2023-06-29 15:23:00,WTW,232.89999389648438,232.89999389648438,232.9149932861328,232.89999389648438,232.9149932861328,235.0
2023-06-29 15:23:00,XP,22.860000610351562,22.860000610351562,22.860000610351562,22.84000015258789,22.850000381469727,6636.0
2023-06-29 15:23:00,ZION,27.25,27.25,27.260000228881836,27.229999542236328,27.239999771118164,8493.0
2023-06-29 15:24:00,WSBF,14.609999656677246,14.609999656677246,14.619999885559082,14.609999656677246,14.619999885559082,642.0
2023-06-29 15:24:00,WTFC,73.06500244140625,73.06500244140625,73.06500244140625,73.06500244140625,73.06500244140625,362.0
2023-06-29 15:24:00,WTW,232.96499633789062,232.96499633789062,232.97000122070312,232.94000244140625,232.94000244140625,1121.0
2023-06-29 15:24:00,WULF,1.7450000047683716,1.7450000047683716,1.75,1.7450000047683716,1.75,308.0
2023-06-29 15:24:00,XP,22.850000381469727,22.850000381469727,22.860000610351562,22.844999313354492,22.860000610351562,13812.0
2023-06-29 15:24:00,ZION,27.229999542236328,27.229999542236328,27.25,27.229999542236328,27.25,6317.0
2023-06-29 15:25:00,WTFC,73.08000183105469,73.08000183105469,73.0999984741211,73.08000183105469,73.0999984741211,1003.0
2023-06-29 15:25:00,WTW,232.89999389648438,232.89999389648438,232.9499969482422,232.89999389648438,232.94000244140625,2364.0
2023-06-29 15:25:00,XP,22.864999771118164,22.864999771118164,22.8700008392334,22.854999542236328,22.854999542236328,6252.0
2023-06-29 15:25:00,ZION,27.244699478149414,27.244699478149414,27.260000228881836,27.239999771118164,27.239999771118164,5809.0
2023-06-29 15:26:00,WSBF,14.619999885559082,14.619999885559082,14.619999885559082,14.619999885559082,14.619999885559082,225.0
2023-06-29 15:26:00,WTFC,73.06999969482422,73.06999969482422,73.06999969482422,73.06999969482422,73.06999969482422,356.0
2023-06-29 15:26:00,WTW,232.9550018310547,232.9550018310547,232.9550018310547,232.9550018310547,232.9550018310547,233.0
2023-06-29 15:26:00,WULF,1.7400000095367432,1.7400000095367432,1.7410000562667847,1.7400000095367432,1.7410000562667847,8718.0
2023-06-29 15:26:00,XP,22.895000457763672,22.895000457763672,22.899999618530273,22.864999771118164,22.864999771118164,18562.0
2023-06-29 15:26:00,ZION,27.239999771118164,27.239999771118164,27.2450008392334,27.225000381469727,27.2450008392334,3004.0
2023-06-29 15:27:00,WTFC,73.06999969482422,73.06999969482422,73.0999984741211,73.06999969482422,73.0999984741211,378.0
2023-06-29 15:27:00,WTW,232.85000610351562,232.85000610351562,232.94000244140625,232.85000610351562,232.93499755859375,1207.0
2023-06-29 15:27:00,WULF,1.7450000047683716,1.7450000047683716,1.7450000047683716,1.7450000047683716,1.7450000047683716,207.0
2023-06-29 15:27:00,WWACW,0.04479999840259552,0.04479999840259552,0.04500000178813934,0.04479999840259552,0.04500000178813934,2300.0
2023-06-29 15:27:00,XP,22.895000457763672,22.895000457763672,22.899999618530273,22.889999389648438,22.89900016784668,4517.0
2023-06-29 15:27:00,ZION,27.260000228881836,27.260000228881836,27.260000228881836,27.239999771118164,27.25,10053.0
2023-06-29 15:28:00,WTFC,73.07949829101562,73.07949829101562,73.07949829101562,73.07949829101562,73.07949829101562,348.0
2023-06-29 15:28:00,WTW,232.8699951171875,232.8699951171875,232.89999389648438,232.83999633789062,232.86500549316406,2300.0
2023-06-29 15:28:00,WULF,1.7400000095367432,1.7400000095367432,1.7400000095367432,1.7400000095367432,1.7400000095367432,400.0
2023-06-29 15:28:00,WWACW,0.030400000512599945,0.030400000512599945,0.04479999840259552,0.030400000512599945,0.03500000014901161,12600.0
2023-06-29 15:28:00,XP,22.895000457763672,22.895000457763672,22.899999618530273,22.889999389648438,22.895000457763672,5131.0
2023-06-29 15:28:00,ZION,27.235000610351562,27.235000610351562,27.2549991607666,27.229999542236328,27.25,9187.0
2023-06-29 15:29:00,WTFC,73.05899810791016,73.05899810791016,73.11000061035156,73.05899810791016,73.11000061035156,935.0
2023-06-29 15:29:00,WTW,232.88999938964844,232.88999938964844,232.88999938964844,232.88999938964844,232.88999938964844,421.0
2023-06-29 15:29:00,WULF,1.7481000423431396,1.7481000423431396,1.749899983406067,1.7400000095367432,1.7400000095367432,1641.0
2023-06-29 15:29:00,WWACW,0.04479999840259552,0.04479999840259552,0.04479999840259552,0.04479999840259552,0.04479999840259552,700.0
2023-06-29 15:29:00,XP,22.90999984741211,22.90999984741211,22.90999984741211,22.889999389648438,22.899999618530273,16313.0
2023-06-29 15:29:00,ZION,27.229999542236328,27.229999542236328,27.235000610351562,27.229999542236328,27.229999542236328,752.0
2023-06-29 15:30:00,WSFS,38.5099983215332,38.5099983215332,38.5099983215332,38.5099983215332,38.5099983215332,1083.0
2023-06-29 15:30:00,WTFC,73.05999755859375,73.05999755859375,73.05999755859375,73.05000305175781,73.05000305175781,321.0
2023-06-29 15:30:00,WTW,232.86000061035156,232.86000061035156,232.875,232.86000061035156,232.875,448.0
2023-06-29 15:30:00,WULF,1.7450000047683716,1.7450000047683716,1.75,1.7450000047683716,1.75,203.0
2023-06-29 15:30:00,XP,22.905000686645508,22.905000686645508,22.920000076293945,22.899999618530273,22.905000686645508,24209.0
2023-06-29 15:30:00,YOTA,10.430000305175781,10.430000305175781,10.430000305175781,10.430000305175781,10.430000305175781,0.0
2023-06-29 15:30:00,ZION,27.249000549316406,27.249000549316406,27.249000549316406,27.225000381469727,27.229999542236328,5367.0
2023-06-29 15:31:00,WSBF,14.625,14.625,14.625,14.625,14.625,216.0
2023-06-29 15:31:00,WTFC,73.08999633789062,73.08999633789062,73.08999633789062,73.05000305175781,73.05000305175781,519.0
2023-06-29 15:31:00,WTW,232.89999389648438,232.89999389648438,232.97999572753906,232.83999633789062,232.8800048828125,8008.0
2023-06-29 15:31:00,WULF,1.75,1.75,1.75,1.7424999475479126,1.7450000047683716,2954.0
2023-06-29 15:31:00,XP,22.924999237060547,22.924999237060547,22.94499969482422,22.905000686645508,22.905000686645508,49443.0
2023-06-29 15:31:00,ZION,27.239999771118164,27.239999771118164,27.25,27.229999542236328,27.25,4831.0
2023-06-29 15:32:00,WSFS,38.459999084472656,38.459999084472656,38.459999084472656,38.459999084472656,38.459999084472656,343.0
2023-06-29 15:32:00,WTFC,73.02999877929688,73.02999877929688,73.02999877929688,73.02999877929688,73.02999877929688,810.0
2023-06-29 15:32:00,WTW,232.9149932861328,232.9149932861328,232.97999572753906,232.91099548339844,232.91099548339844,2817.0
2023-06-29 15:32:00,WULF,1.7424999475479126,1.7424999475479126,1.7424999475479126,1.7424999475479126,1.7424999475479126,250.0
2023-06-29 15:32:00,XP,22.950000762939453,22.950000762939453,22.959999084472656,22.920000076293945,22.93000030517578,21132.0
2023-06-29 15:32:00,ZION,27.239999771118164,27.239999771118164,27.25,27.229999542236328,27.239999771118164,3634.0
2023-06-29 15:33:00,WSFS,38.470001220703125,38.470001220703125,38.52000045776367,38.470001220703125,38.52000045776367,607.0
2023-06-29 15:33:00,WTFC,73.02999877929688,73.02999877929688,73.08999633789062,73.02999877929688,73.08999633789062,574.0
2023-06-29 15:33:00,WTW,232.88999938964844,232.88999938964844,232.89999389648438,232.88999938964844,232.89999389648438,560.0
2023-06-29 15:33:00,WULF,1.7400000095367432,1.7400000095367432,1.75,1.7400000095367432,1.7450000047683716,21506.0
2023-06-29 15:33:00,XP,22.950000762939453,22.950000762939453,22.950000762939453,22.940000534057617,22.950000762939453,8191.0
2023-06-29 15:33:00,ZION,27.225000381469727,27.225000381469727,27.260000228881836,27.219999313354492,27.2450008392334,4169.0
2023-06-29 15:34:00,WSFS,38.45500183105469,38.45500183105469,38.470001220703125,38.45000076293945,38.470001220703125,948.0
2023-06-29 15:34:00,WTFC,73.0199966430664,73.0199966430664,73.0199966430664,73.0199966430664,73.0199966430664,307.0
2023-06-29 15:34:00,WTW,232.89999389648438,232.89999389648438,232.9600067138672,232.89999389648438,232.9600067138672,925.0
2023-06-29 15:34:00,WULF,1.7400000095367432,1.7400000095367432,1.75,1.7400000095367432,1.7450000047683716,8300.0
2023-06-29 15:34:00,XP,22.950000762939453,22.950000762939453,22.950000762939453,22.940000534057617,22.94499969482422,9548.0
2023-06-29 15:34:00,ZION,27.19499969482422,27.19499969482422,27.225000381469727,27.18000030517578,27.225000381469727,5396.0
2023-06-29 15:35:00,WSBF,14.625,14.625,14.625,14.625,14.625,223.0
2023-06-29 15:35:00,WTFC,73.0199966430664,73.0199966430664,73.0199966430664,73.0,73.0,418.0
2023-06-29 15:35:00,WTW,232.90499877929688,232.90499877929688,232.97999572753906,232.8800048828125,232.97999572753906,3440.0
2023-06-29 15:35:00,WULF,1.7450000047683716,1.7450000047683716,1.7450000047683716,1.7400000095367432,1.7450000047683716,700.0
2023-06-29 15:35:00,XP,22.989999771118164,22.989999771118164,22.989999771118164,22.94499969482422,22.950000762939453,20176.0
2023-06-29 15:35:00,ZION,27.183000564575195,27.183000564575195,27.209999084472656,27.18000030517578,27.19499969482422,4377.0
2023-06-29 15:36:00,WSBF,14.630000114440918,14.630000114440918,14.630000114440918,14.630000114440918,14.630000114440918,683.0
2023-06-29 15:36:00,WTFC,72.94000244140625,72.94000244140625,73.0,72.94000244140625,72.97000122070312,2432.0
2023-06-29 15:36:00,WTW,232.82000732421875,232.82000732421875,232.86000061035156,232.82000732421875,232.86000061035156,781.0
2023-06-29 15:36:00,WULF,1.7450000047683716,1.7450000047683716,1.7450000047683716,1.7424999475479126,1.7450000047683716,1718.0
2023-06-29 15:36:00,XP,22.985000610351562,22.985000610351562,22.989999771118164,22.979999542236328,22.985000610351562,15926.0
2023-06-29 15:36:00,ZION,27.19499969482422,27.19499969482422,27.200000762939453,27.18000030517578,27.189899444580078,3678.0
2023-06-29 15:37:00,WSFS,38.470001220703125,38.470001220703125,38.470001220703125,38.470001220703125,38.470001220703125,665.0
2023-06-29 15:37:00,WTFC,73.03500366210938,73.03500366210938,73.03500366210938,72.94999694824219,72.94999694824219,3015.0
2023-06-29 15:37:00,WTW,232.7949981689453,232.7949981689453,232.82000732421875,232.77999877929688,232.80999755859375,4117.0
2023-06-29 15:37:00,WULF,1.7424999475479126,1.7424999475479126,1.7450000047683716,1.7400000095367432,1.7400000095367432,4049.0
2023-06-29 15:37:00,XP,22.9950008392334,22.9950008392334,23.0,22.985000610351562,22.985000610351562,16394.0
2023-06-29 15:37:00,ZION,27.209999084472656,27.209999084472656,27.219999313354492,27.190000534057617,27.200000762939453,5004.0
2023-06-29 15:38:00,WSBF,14.630000114440918,14.630000114440918,14.640000343322754,14.630000114440918,14.640000343322754,517.0
2023-06-29 15:38:00,WSFS,38.47100067138672,38.47100067138672,38.5099983215332,38.47100067138672,38.5099983215332,668.0
2023-06-29 15:38:00,WTFC,72.95999908447266,72.95999908447266,72.97000122070312,72.95999908447266,72.97000122070312,502.0
2023-06-29 15:38:00,WTW,232.72999572753906,232.72999572753906,232.77999877929688,232.7100067138672,232.77999877929688,3781.0
2023-06-29 15:38:00,XP,23.010000228881836,23.010000228881836,23.020000457763672,22.9950008392334,22.9950008392334,43013.0
2023-06-29 15:38:00,ZION,27.190000534057617,27.190000534057617,27.209999084472656,27.190000534057617,27.209999084472656,3525.0
2023-06-29 15:39:00,WTFC,72.9800033569336,72.9800033569336,72.9800033569336,72.9800033569336,72.9800033569336,307.0
2023-06-29 15:39:00,WTW,232.71499633789062,232.71499633789062,232.73500061035156,232.64999389648438,232.72999572753906,2861.0
2023-06-29 15:39:00,WULF,1.7450000047683716,1.7450000047683716,1.7450000047683716,1.7450000047683716,1.7450000047683716,1000.0
2023-06-29 15:39:00,XP,23.014999389648438,23.014999389648438,23.020000457763672,23.010000228881836,23.014999389648438,2791.0
2023-06-29 15:39:00,ZION,27.21500015258789,27.21500015258789,27.21500015258789,27.190000534057617,27.190000534057617,1848.0
2023-06-29 15:39:00,ZIONO,24.420000076293945,24.420000076293945,24.420000076293945,24.420000076293945,24.420000076293945,100.0
2023-06-29 15:40:00,WSBF,14.635000228881836,14.635000228881836,14.635000228881836,14.630000114440918,14.630000114440918,637.0
2023-06-29 15:40:00,WSFS,38.4900016784668,38.4900016784668,38.49250030517578,38.470001220703125,38.470001220703125,974.0
2023-06-29 15:40:00,WTFC,72.94000244140625,72.94000244140625,73.0,72.94000244140625,73.0,434.0
2023-06-29 15:40:00,WTW,232.72000122070312,232.72000122070312,232.72000122070312,232.72000122070312,232.72000122070312,253.0
2023-06-29 15:40:00,WULF,1.7424999475479126,1.7424999475479126,1.7450000047683716,1.7414000034332275,1.7414000034332275,3810.0
2023-06-29 15:40:00,XP,22.9950008392334,22.9950008392334,23.014999389648438,22.989999771118164,23.010000228881836,23351.0
2023-06-29 15:40:00,ZION,27.200000762939453,27.200000762939453,27.209999084472656,27.200000762939453,27.209999084472656,3517.0
2023-06-29 15:41:00,WSBF,14.640000343322754,14.640000343322754,14.640000343322754,14.640000343322754,14.640000343322754,370.0
2023-06-29 15:41:00,WSFS,38.459999084472656,38.459999084472656,38.47999954223633,38.459999084472656,38.470001220703125,492.0
2023-06-29 15:41:00,WTFC,73.01499938964844,73.01499938964844,73.01499938964844,72.91999816894531,72.98999786376953,590.0
2023-06-29 15:41:00,WTW,232.6199951171875,232.6199951171875,232.7100067138672,232.6199951171875,232.69000244140625,6226.0
2023-06-29 15:41:00,WULF,1.7424999475479126,1.7424999475479126,1.75,1.7400000095367432,1.7400000095367432,9568.0
2023-06-29 15:41:00,XP,23.010000228881836,23.010000228881836,23.010000228881836,22.969999313354492,22.9950008392334,15549.0
2023-06-29 15:41:00,ZION,27.204999923706055,27.204999923706055,27.209999084472656,27.200000762939453,27.200000762939453,7196.0
2023-06-29 15:42:00,WSFS,38.470001220703125,38.470001220703125,38.5099983215332,38.470001220703125,38.5099983215332,690.0
2023-06-29 15:42:00,WTFC,73.0,73.0,73.0,73.0,73.0,627.0
2023-06-29 15:42:00,WTW,232.60000610351562,232.60000610351562,232.6300048828125,232.5399932861328,232.61500549316406,2731.0
2023-06-29 15:42:00,WULF,1.7324999570846558,1.7324999570846558,1.7450000047683716,1.7300000190734863,1.7424999475479126,39634.0
2023-06-29 15:42:00,XP,23.0049991607666,23.0049991607666,23.009000778198242,22.989999771118164,23.0049991607666,13733.0
2023-06-29 15:42:00,XPDB,10.470000267028809,10.470000267028809,10.470000267028809,10.470000267028809,10.470000267028809,200.0
2023-06-29 15:42:00,ZION,27.190000534057617,27.190000534057617,27.219999313354492,27.190000534057617,27.200000762939453,8532.0
2023-06-29 15:43:00,WSFS,38.52000045776367,38.52000045776367,38.52000045776367,38.5,38.5099983215332,1607.0
2023-06-29 15:43:00,WTW,232.60000610351562,232.60000610351562,232.6199951171875,232.60000610351562,232.6199951171875,1271.0
2023-06-29 15:43:00,WULF,1.7350000143051147,1.7350000143051147,1.7350000143051147,1.7300000190734863,1.7300000190734863,737.0
2023-06-29 15:43:00,XP,23.020000457763672,23.020000457763672,23.024999618530273,22.9950008392334,23.0049991607666,116778.0
2023-06-29 15:43:00,ZION,27.229999542236328,27.229999542236328,27.229999542236328,27.190000534057617,27.190000534057617,6146.0
2023-06-29 15:44:00,WSBF,14.65999984741211,14.65999984741211,14.65999984741211,14.65999984741211,14.65999984741211,113.0
2023-06-29 15:44:00,WSFS,38.52000045776367,38.52000045776367,38.52000045776367,38.52000045776367,38.52000045776367,222.0
2023-06-29 15:44:00,WTFC,73.0,73.0,73.02999877929688,72.96499633789062,72.96499633789062,1797.0
2023-06-29 15:44:00,WTW,232.5800018310547,232.5800018310547,232.5800018310547,232.5449981689453,232.5800018310547,1202.0
2023-06-29 15:44:00,XP,23.020000457763672,23.020000457763672,23.020000457763672,23.010000228881836,23.014999389648438,6147.0
2023-06-29 15:44:00,XPAX,10.359999656677246,10.359999656677246,10.359999656677246,10.359999656677246,10.359999656677246,250000.0
2023-06-29 15:44:00,ZION,27.209999084472656,27.209999084472656,27.229999542236328,27.209999084472656,27.229999542236328,7923.0
2023-06-29 15:45:00,WSBF,14.65999984741211,14.65999984741211,14.65999984741211,14.65999984741211,14.65999984741211,127.0
2023-06-29 15:45:00,WTBA,18.600000381469727,18.600000381469727,18.600000381469727,18.600000381469727,18.600000381469727,100.0
2023-06-29 15:45:00,WTFC,73.05500030517578,73.05500030517578,73.05500030517578,72.9800033569336,73.0,2608.0
2023-06-29 15:45:00,WTW,232.5449981689453,232.5449981689453,232.57000732421875,232.5449981689453,232.5449981689453,1697.0
2023-06-29 15:45:00,XP,23.030000686645508,23.030000686645508,23.030000686645508,23.010000228881836,23.020000457763672,22422.0
2023-06-29 15:45:00,ZION,27.235000610351562,27.235000610351562,27.239999771118164,27.190000534057617,27.21500015258789,10337.0
2023-06-29 15:46:00,WSBF,14.6899995803833,14.6899995803833,14.6899995803833,14.6899995803833,14.6899995803833,857.0
2023-06-29 15:46:00,WSFS,38.540000915527344,38.540000915527344,38.540000915527344,38.52000045776367,38.52000045776367,972.0
2023-06-29 15:46:00,WTFC,73.0999984741211,73.0999984741211,73.11000061035156,73.05000305175781,73.05999755859375,3114.0
2023-06-29 15:46:00,WTW,232.60000610351562,232.60000610351562,232.60000610351562,232.5500030517578,232.57000732421875,2342.0
2023-06-29 15:46:00,WULF,1.7350000143051147,1.7350000143051147,1.7400000095367432,1.7300000190734863,1.7380000352859497,19351.0
2023-06-29 15:46:00,XP,23.06999969482422,23.06999969482422,23.06999969482422,23.014999389648438,23.030000686645508,227196.0
2023-06-29 15:46:00,XPAX,10.369999885559082,10.369999885559082,10.369999885559082,10.369999885559082,10.369999885559082,150000.0
2023-06-29 15:46:00,ZION,27.2450008392334,27.2450008392334,27.25,27.21500015258789,27.239999771118164,5861.0
2023-06-29 15:47:00,WSBF,14.680000305175781,14.680000305175781,14.680000305175781,14.680000305175781,14.680000305175781,360.0
2023-06-29 15:47:00,WTFC,73.08000183105469,73.08000183105469,73.08000183105469,73.06999969482422,73.06999969482422,571.0
2023-06-29 15:47:00,WTW,232.60000610351562,232.60000610351562,232.60000610351562,232.49000549316406,232.60000610351562,2056.0
2023-06-29 15:47:00,XP,23.06999969482422,23.06999969482422,23.079999923706055,23.065000534057617,23.06999969482422,15961.0
2023-06-29 15:47:00,ZION,27.239999771118164,27.239999771118164,27.260000228881836,27.235000610351562,27.2450008392334,7447.0
2023-06-29 15:48:00,WSBF,14.680000305175781,14.680000305175781,14.680000305175781,14.680000305175781,14.680000305175781,624.0
2023-06-29 15:48:00,WSFS,38.540000915527344,38.540000915527344,38.540000915527344,38.540000915527344,38.540000915527344,417.0
2023-06-29 15:48:00,WTFC,73.16999816894531,73.16999816894531,73.16999816894531,73.10099792480469,73.12999725341797,1918.0
2023-06-29 15:48:00,WULF,1.7302000522613525,1.7302000522613525,1.7350000143051147,1.7300000190734863,1.7300000190734863,2481.0
2023-06-29 15:48:00,XP,23.040000915527344,23.040000915527344,23.06999969482422,23.040000915527344,23.06999969482422,20369.0
2023-06-29 15:48:00,ZION,27.2549991607666,27.2549991607666,27.260000228881836,27.25,27.25,8520.0
2023-06-29 15:49:00,WSBCP,23.040000915527344,23.040000915527344,23.110000610351562,23.040000915527344,23.110000610351562,547.0
2023-06-29 15:49:00,WSBF,14.675000190734863,14.675000190734863,14.675000190734863,14.675000190734863,14.675000190734863,219.0
2023-06-29 15:49:00,WSFS,38.54999923706055,38.54999923706055,38.54999923706055,38.54999923706055,38.54999923706055,643.0
2023-06-29 15:49:00,WTFC,73.16999816894531,73.16999816894531,73.16999816894531,73.1500015258789,73.1500015258789,654.0
2023-06-29 15:49:00,WTW,232.64500427246094,232.64500427246094,232.64999389648438,232.60000610351562,232.60000610351562,3557.0
2023-06-29 15:49:00,WULF,1.7301000356674194,1.7301000356674194,1.7350000143051147,1.7300000190734863,1.7301000356674194,3001.0
2023-06-29 15:49:00,XP,23.030000686645508,23.030000686645508,23.040000915527344,23.020000457763672,23.040000915527344,13470.0
2023-06-29 15:49:00,ZION,27.25,27.25,27.270000457763672,27.239999771118164,27.260000228881836,11363.0
2023-06-29 15:50:00,WSBCP,23.030000686645508,23.030000686645508,23.100000381469727,23.030000686645508,23.100000381469727,425.0
2023-06-29 15:50:00,WSBF,14.680000305175781,14.680000305175781,14.680000305175781,14.680000305175781,14.680000305175781,124.0
2023-06-29 15:50:00,WSFS,38.54999923706055,38.54999923706055,38.54999923706055,38.54999923706055,38.54999923706055,145.0
2023-06-29 15:50:00,WTFC,73.13009643554688,73.13009643554688,73.18000030517578,73.13009643554688,73.13999938964844,2679.0
2023-06-29 15:50:00,WTW,232.77999877929688,232.77999877929688,232.8350067138672,232.61000061035156,232.61000061035156,4411.0
2023-06-29 15:50:00,WULF,1.7450000047683716,1.7450000047683716,1.7450000047683716,1.7350000143051147,1.7350000143051147,15663.0
2023-06-29 15:50:00,XP,23.045000076293945,23.045000076293945,23.05500030517578,23.030000686645508,23.030000686645508,129824.0
2023-06-29 15:50:00,ZION,27.290000915527344,27.290000915527344,27.299999237060547,27.25979995727539,27.260000228881836,36269.0
2023-06-29 15:51:00,WSBCP,23.030000686645508,23.030000686645508,23.049999237060547,23.030000686645508,23.049999237060547,524.0
2023-06-29 15:51:00,WSFS,38.59000015258789,38.59000015258789,38.630001068115234,38.59000015258789,38.59000015258789,2260.0
2023-06-29 15:51:00,WTBA,18.56999969482422,18.56999969482422,18.56999969482422,18.56999969482422,18.56999969482422,235.0
2023-06-29 15:51:00,WTFC,73.16500091552734,73.16500091552734,73.19999694824219,73.13009643554688,73.13009643554688,1901.0
2023-06-29 15:51:00,WTW,232.74000549316406,232.74000549316406,232.86000061035156,232.74000549316406,232.8350067138672,5830.0
2023-06-29 15:51:00,WULF,1.7450000047683716,1.7450000047683716,1.7450000047683716,1.7450000047683716,1.7450000047683716,1985.0
2023-06-29 15:51:00,XP,23.046199798583984,23.046199798583984,23.059999465942383,23.040000915527344,23.040000915527344,34864.0
2023-06-29 15:51:00,ZION,27.295000076293945,27.295000076293945,27.31999969482422,27.290000915527344,27.299999237060547,30349.0
2023-06-29 15:52:00,WSFS,38.59000015258789,38.59000015258789,38.630001068115234,38.59000015258789,38.60499954223633,867.0
2023-06-29 15:52:00,WTFC,73.0999984741211,73.0999984741211,73.18000030517578,73.0999984741211,73.1500015258789,1909.0
2023-06-29 15:52:00,WTW,232.66000366210938,232.66000366210938,232.77999877929688,232.5800018310547,232.77000427246094,5855.0
2023-06-29 15:52:00,WULF,1.7450000047683716,1.7450000047683716,1.75,1.7446999549865723,1.7450000047683716,24272.0
2023-06-29 15:52:00,XP,23.030000686645508,23.030000686645508,23.05500030517578,23.020000457763672,23.049999237060547,24464.0
2023-06-29 15:52:00,ZION,27.280000686645508,27.280000686645508,27.315000534057617,27.274999618530273,27.299999237060547,30073.0
2023-06-29 15:53:00,WSBF,14.6899995803833,14.6899995803833,14.6899995803833,14.6899995803833,14.6899995803833,142.0
2023-06-29 15:53:00,WSFS,38.57500076293945,38.57500076293945,38.61000061035156,38.57500076293945,38.61000061035156,652.0
2023-06-29 15:53:00,WTFC,73.0999984741211,73.0999984741211,73.0999984741211,73.04869842529297,73.0999984741211,1033.0
2023-06-29 15:53:00,WTW,232.66000366210938,232.66000366210938,232.74000549316406,232.6199951171875,232.67999267578125,6411.0
2023-06-29 15:53:00,WULF,1.7450000047683716,1.7450000047683716,1.7450000047683716,1.7400000095367432,1.7400000095367432,3907.0
2023-06-29 15:53:00,XP,23.040000915527344,23.040000915527344,23.049999237060547,23.030000686645508,23.030000686645508,12279.0
2023-06-29 15:53:00,ZION,27.280000686645508,27.280000686645508,27.309999465942383,27.274999618530273,27.280000686645508,27885.0
2023-06-29 15:54:00,WSBF,14.694999694824219,14.694999694824219,14.694999694824219,14.6899995803833,14.6899995803833,478.0
2023-06-29 15:54:00,WSFS,38.540000915527344,38.540000915527344,38.56999969482422,38.529998779296875,38.56999969482422,829.0
2023-06-29 15:54:00,WTBA,18.450000762939453,18.450000762939453,18.450000762939453,18.450000762939453,18.450000762939453,621.0
2023-06-29 15:54:00,WTFC,73.01000213623047,73.01000213623047,73.1449966430664,72.94000244140625,73.1449966430664,2754.0
2023-06-29 15:54:00,WTW,232.47000122070312,232.47000122070312,232.64999389648438,232.3800048828125,232.64999389648438,10553.0
2023-06-29 15:54:00,WULF,1.7350000143051147,1.7350000143051147,1.7450000047683716,1.7300000190734863,1.7450000047683716,19736.0
2023-06-29 15:54:00,XP,23.045000076293945,23.045000076293945,23.049999237060547,23.040000915527344,23.040000915527344,26950.0
2023-06-29 15:54:00,ZION,27.239999771118164,27.239999771118164,27.290000915527344,27.239999771118164,27.280000686645508,15009.0
2023-06-29 15:55:00,WSBF,14.6899995803833,14.6899995803833,14.6899995803833,14.6899995803833,14.6899995803833,565.0
2023-06-29 15:55:00,WSFS,38.470001220703125,38.470001220703125,38.505001068115234,38.41999816894531,38.505001068115234,3183.0
2023-06-29 15:55:00,WTFC,72.95999908447266,72.95999908447266,73.00499725341797,72.8499984741211,72.94000244140625,2251.0
2023-06-29 15:55:00,WTW,232.5,232.5,232.5800018310547,232.3699951171875,232.3699951171875,10234.0
2023-06-29 15:55:00,WULF,1.7350000143051147,1.7350000143051147,1.7400000095367432,1.7300000190734863,1.7350000143051147,43410.0
2023-06-29 15:55:00,XP,23.040000915527344,23.040000915527344,23.045000076293945,23.014999389648438,23.040000915527344,36530.0
2023-06-29 15:55:00,XPDBW,0.05999999865889549,0.05999999865889549,0.06449999660253525,0.05999999865889549,0.06449999660253525,1100.0
2023-06-29 15:55:00,ZION,27.25,27.25,27.260000228881836,27.225000381469727,27.2450008392334,32161.0
2023-06-29 15:56:00,WSBCP,23.385000228881836,23.385000228881836,23.479999542236328,23.385000228881836,23.469999313354492,1009.0
2023-06-29 15:56:00,WSFS,38.439998626708984,38.439998626708984,38.4900016784668,38.40999984741211,38.4900016784668,1326.0
2023-06-29 15:56:00,WTBA,18.530000686645508,18.530000686645508,18.530000686645508,18.530000686645508,18.530000686645508,482.0
2023-06-29 15:56:00,WTFC,72.95999908447266,72.95999908447266,73.0,72.91999816894531,72.98999786376953,5958.0
2023-06-29 15:56:00,WTW,232.5500030517578,232.5500030517578,232.58999633789062,232.47000122070312,232.50999450683594,5959.0
2023-06-29 15:56:00,WULF,1.7350000143051147,1.7350000143051147,1.7350000143051147,1.7300000190734863,1.7350000143051147,24720.0
2023-06-29 15:56:00,XP,23.030000686645508,23.030000686645508,23.040000915527344,23.030000686645508,23.040000915527344,27442.0
2023-06-29 15:56:00,XPDBW,0.05999999865889549,0.05999999865889549,0.06300000101327896,0.05999999865889549,0.05999999865889549,1700.0
2023-06-29 15:56:00,ZION,27.235000610351562,27.235000610351562,27.260000228881836,27.229999542236328,27.25,30997.0
2023-06-29 15:56:00,ZIONO,24.420000076293945,24.420000076293945,24.420000076293945,24.420000076293945,24.420000076293945,330.0
2023-06-29 15:57:00,WSBF,14.6899995803833,14.6899995803833,14.6899995803833,14.6899995803833,14.6899995803833,225.0
2023-06-29 15:57:00,WSFS,38.45000076293945,38.45000076293945,38.45000076293945,38.45000076293945,38.45000076293945,638.0
2023-06-29 15:57:00,WTBA,18.549999237060547,18.549999237060547,18.559999465942383,18.415000915527344,18.440000534057617,1084.0
2023-06-29 15:57:00,WTFC,72.95500183105469,72.95500183105469,72.9800033569336,72.94000244140625,72.94999694824219,5677.0
2023-06-29 15:57:00,WTW,232.60000610351562,232.60000610351562,232.7899932861328,232.5500030517578,232.58999633789062,12138.0
2023-06-29 15:57:00,WULF,1.7300000190734863,1.7300000190734863,1.7350000143051147,1.7300000190734863,1.7350000143051147,26446.0
2023-06-29 15:57:00,XP,23.010000228881836,23.010000228881836,23.03499984741211,23.010000228881836,23.03499984741211,72149.0
2023-06-29 15:57:00,XPDBW,0.05999999865889549,0.05999999865889549,0.05999999865889549,0.05999999865889549,0.05999999865889549,1800.0
2023-06-29 15:57:00,ZION,27.270000457763672,27.270000457763672,27.280000686645508,27.229999542236328,27.235000610351562,45674.0
2023-06-29 15:58:00,WSBCP,23.097400665283203,23.097400665283203,23.097400665283203,23.097400665283203,23.097400665283203,125.0
2023-06-29 15:58:00,WSBF,14.6899995803833,14.6899995803833,14.6899995803833,14.6850004196167,14.6850004196167,976.0
2023-06-29 15:58:00,WSFS,38.45000076293945,38.45000076293945,38.45000076293945,38.43000030517578,38.43000030517578,1381.0
2023-06-29 15:58:00,WTBA,18.5,18.5,18.56999969482422,18.5,18.559999465942383,624.0
2023-06-29 15:58:00,WTFC,72.91999816894531,72.91999816894531,72.97000122070312,72.91999816894531,72.95500183105469,8480.0
2023-06-29 15:58:00,WTFCP,23.698999404907227,23.698999404907227,23.698999404907227,23.698999404907227,23.698999404907227,0.0
2023-06-29 15:58:00,WTW,232.32000732421875,232.32000732421875,232.61000061035156,232.32000732421875,232.55999755859375,29960.0
2023-06-29 15:58:00,WULF,1.7300000190734863,1.7300000190734863,1.7350000143051147,1.7300000190734863,1.7350000143051147,61525.0
2023-06-29 15:58:00,WWAC,10.40999984741211,10.40999984741211,10.40999984741211,10.40999984741211,10.40999984741211,134.0
2023-06-29 15:58:00,XFIN,10.399999618530273,10.399999618530273,10.399999618530273,10.399999618530273,10.399999618530273,342.0
2023-06-29 15:58:00,XP,23.03499984741211,23.03499984741211,23.040000915527344,22.9950008392334,23.010499954223633,76449.0
2023-06-29 15:58:00,XPDB,10.390000343322754,10.390000343322754,10.399999618530273,10.390000343322754,10.399999618530273,419.0
2023-06-29 15:58:00,XPDBW,0.05999999865889549,0.05999999865889549,0.06300000101327896,0.05999999865889549,0.05999999865889549,2571.0
2023-06-29 15:58:00,ZION,27.264999389648438,27.264999389648438,27.280000686645508,27.260000228881836,27.274999618530273,33331.0
2023-06-29 15:59:00,WSBF,14.710000038146973,14.710000038146973,14.710000038146973,14.680000305175781,14.6850004196167,2671.0
2023-06-29 15:59:00,WSFS,38.43000030517578,38.43000030517578,38.470001220703125,38.40999984741211,38.43000030517578,5529.0
2023-06-29 15:59:00,WTBA,18.559999465942383,18.559999465942383,18.625,18.530000686645508,18.559999465942383,2339.0
2023-06-29 15:59:00,WTFC,72.93000030517578,72.93000030517578,73.0199966430664,72.9000015258789,72.94999694824219,18942.0
2023-06-29 15:59:00,WTW,232.5800018310547,232.5800018310547,232.5800018310547,232.22000122070312,232.3800048828125,47676.0
2023-06-29 15:59:00,WULF,1.7200000286102295,1.7200000286102295,1.7350000143051147,1.7200000286102295,1.7300000190734863,70545.0
2023-06-29 15:59:00,XP,23.030000686645508,23.030000686645508,23.049999237060547,23.010000228881836,23.030000686645508,86312.0
2023-06-29 15:59:00,XPDB,10.399999618530273,10.399999618530273,10.399999618530273,10.399999618530273,10.399999618530273,100.0
2023-06-29 15:59:00,XPDBW,0.05999999865889549,0.05999999865889549,0.06300000101327896,0.05999999865889549,0.05999999865889549,2700.0
2023-06-29 15:59:00,ZION,27.280000686645508,27.280000686645508,27.280000686645508,27.239999771118164,27.270000457763672,110343.0
